'sample #','MLII','V1'
0,967,1034
1,967,1034
2,967,1034
3,967,1034
4,967,1034
5,967,1034
6,967,1034
7,967,1034
8,966,1034
9,968,1034
10,964,1035
11,963,1031
12,960,1027
13,959,1031
14,961,1035
15,967,1039
16,967,1037
17,962,1034
18,960,1031
19,956,1034
20,959,1039
21,962,1040
22,961,1040
23,959,1038
24,957,1037
25,957,1037
26,963,1041
27,963,1043
28,963,1041
29,962,1040
30,959,1038
31,959,1039
32,960,1041
33,962,1042
34,965,1041
35,963,1040
36,961,1036
37,958,1038
38,957,1040
39,965,1044
40,964,1041
41,960,1037
42,958,1035
43,955,1036
44,956,1040
45,957,1042
46,959,1038
47,957,1035
48,956,1032
49,953,1033
50,958,1034
51,961,1034
52,963,1034
53,963,1032
54,958,1029
55,959,1028
56,962,1030
57,964,1033
58,966,1031
59,962,1029
60,960,1023
61,959,1026
62,960,1028
63,966,1030
64,966,1028
65,965,1025
66,958,1022
67,961,1022
68,966,1024
69,970,1025
70,970,1020
71,968,1018
72,966,1014
73,965,1013
74,969,1012
75,971,1015
76,973,1014
77,972,1011
78,970,1007
79,969,1004
80,969,1004
81,977,1009
82,977,1007
83,977,1005
84,974,1003
85,976,1003
86,979,1003
87,982,1001
88,984,1002
89,984,999
90,985,997
91,984,995
92,989,995
93,992,999
94,993,999
95,989,997
96,994,998
97,992,998
98,996,1002
99,1000,1003
100,1002,1001
101,1000,1001
102,996,1002
103,996,1004
104,999,1013
105,1002,1017
106,1000,1020
107,996,1019
108,994,1023
109,993,1026
110,995,1032
111,996,1038
112,996,1040
113,987,1040
114,987,1040
115,984,1043
116,987,1043
117,990,1046
118,989,1044
119,982,1040
120,980,1037
121,978,1039
122,981,1041
123,984,1044
124,982,1041
125,979,1038
126,975,1037
127,979,1038
128,978,1042
129,980,1046
130,981,1043
131,979,1040
132,975,1037
133,975,1040
134,981,1039
135,982,1043
136,982,1041
137,982,1042
138,979,1041
139,980,1042
140,981,1045
141,982,1046
142,982,1041
143,981,1042
144,978,1039
145,979,1040
146,980,1042
147,983,1044
148,984,1044
149,982,1041
150,982,1039
151,981,1040
152,982,1042
153,989,1045
154,990,1040
155,989,1036
156,983,1039
157,981,1039
158,982,1039
159,988,1038
160,989,1035
161,988,1034
162,985,1033
163,986,1035
164,983,1035
165,986,1034
166,983,1030
167,985,1027
168,985,1025
169,984,1025
170,985,1026
171,987,1030
172,987,1029
173,986,1030
174,983,1027
175,983,1030
176,983,1032
177,986,1034
178,984,1033
179,981,1031
180,979,1028
181,977,1033
182,979,1037
183,981,1040
184,983,1038
185,984,1033
186,982,1031
187,982,1033
188,983,1038
189,982,1042
190,984,1041
191,981,1040
192,980,1036
193,979,1037
194,981,1038
195,979,1042
196,983,1041
197,980,1038
198,980,1038
199,978,1040
200,980,1046
201,982,1048
202,984,1048
203,981,1046
204,981,1045
205,982,1048
206,986,1049
207,987,1051
208,990,1047
209,994,1042
210,1002,1035
211,1015,1030
212,1031,1028
213,1054,1030
214,1083,1029
215,1113,1023
216,1152,1013
217,1195,1007
218,1240,1003
219,1280,1005
220,1307,1014
221,1313,1029
222,1295,1041
223,1250,1042
224,1187,1046
225,1120,1054
226,1050,1066
227,986,1076
228,945,1076
229,941,1073
230,952,1067
231,967,1059
232,973,1047
233,971,1039
234,967,1033
235,966,1036
236,971,1038
237,974,1042
238,966,1043
239,967,1041
240,962,1041
241,961,1044
242,963,1047
243,965,1046
244,959,1040
245,960,1041
246,957,1039
247,957,1041
248,959,1043
249,961,1045
250,959,1042
251,957,1043
252,952,1042
253,949,1046
254,950,1046
255,959,1050
256,961,1048
257,960,1043
258,960,1039
259,957,1039
260,955,1041
261,962,1044
262,961,1043
263,960,1040
264,960,1037
265,955,1039
266,958,1044
267,960,1045
268,962,1044
269,960,1038
270,957,1038
271,959,1037
272,961,1037
273,965,1041
274,964,1039
275,964,1038
276,963,1033
277,968,1032
278,970,1036
279,971,1039
280,970,1036
281,970,1034
282,968,1028
283,969,1029
284,974,1030
285,976,1031
286,979,1028
287,976,1025
288,976,1024
289,975,1023
290,976,1026
291,980,1026
292,981,1023
293,978,1022
294,977,1015
295,976,1018
296,981,1016
297,982,1018
298,986,1017
299,986,1012
300,984,1007
301,987,1009
302,987,1010
303,992,1012
304,992,1011
305,994,1006
306,989,1005
307,993,1005
308,996,1006
309,1001,1009
310,1002,1009
311,1000,1005
312,1001,1004
313,1003,1003
314,1006,1007
315,1009,1008
316,1009,1009
317,1005,1004
318,1000,1006
319,1000,1007
320,1003,1015
321,1003,1014
322,1001,1015
323,1000,1012
324,995,1012
325,995,1019
326,995,1024
327,995,1029
328,990,1030
329,987,1027
330,981,1030
331,981,1032
332,981,1039
333,985,1041
334,986,1043
335,978,1044
336,976,1043
337,980,1046
338,979,1050
339,978,1050
340,981,1049
341,978,1046
342,975,1046
343,973,1048
344,972,1052
345,975,1054
346,979,1053
347,976,1051
348,974,1048
349,972,1049
350,975,1051
351,981,1051
352,981,1049
353,982,1046
354,979,1044
355,979,1048
356,981,1052
357,983,1054
358,984,1048
359,980,1046
360,979,1043
361,980,1046
362,979,1049
363,980,1051
364,984,1047
365,983,1044
366,981,1044
367,979,1045
368,981,1045
369,984,1048
370,981,1046
371,978,1040
372,972,1037
373,972,1039
374,979,1041
375,979,1043
376,980,1041
377,978,1039
378,978,1036
379,978,1039
380,980,1042
381,982,1044
382,982,1044
383,978,1040
384,978,1037
385,977,1039
386,980,1041
387,985,1045
388,987,1043
389,984,1043
390,979,1044
391,982,1042
392,981,1042
393,987,1042
394,992,1043
395,989,1040
396,984,1042
397,985,1046
398,987,1046
399,991,1047
400,988,1045
401,989,1041
402,989,1040
403,987,1045
404,989,1047
405,989,1047
406,989,1045
407,987,1042
408,983,1039
409,984,1041
410,984,1045
411,984,1048
412,987,1045
413,986,1042
414,982,1039
415,982,1042
416,985,1044
417,987,1047
418,989,1043
419,985,1040
420,980,1041
421,984,1040
422,981,1044
423,988,1043
424,988,1041
425,983,1042
426,983,1041
427,982,1040
428,987,1043
429,991,1046
430,995,1042
431,999,1036
432,1004,1033
433,1016,1034
434,1034,1034
435,1057,1036
436,1082,1033
437,1112,1028
438,1146,1020
439,1186,1010
440,1230,1004
441,1271,1008
442,1299,1010
443,1311,1025
444,1300,1038
445,1261,1046
446,1207,1050
447,1147,1057
448,1084,1065
449,1021,1069
450,977,1072
451,959,1072
452,963,1073
453,977,1065
454,984,1054
455,986,1046
456,987,1043
457,986,1044
458,986,1045
459,984,1045
460,983,1046
461,979,1046
462,968,1042
463,974,1041
464,973,1044
465,975,1045
466,972,1047
467,968,1042
468,965,1038
469,965,1040
470,967,1044
471,968,1044
472,972,1045
473,967,1039
474,964,1040
475,963,1043
476,966,1045
477,970,1043
478,970,1041
479,968,1040
480,964,1039
481,962,1039
482,964,1038
483,970,1040
484,970,1039
485,967,1038
486,965,1038
487,965,1038
488,968,1040
489,972,1040
490,972,1039
491,972,1037
492,970,1036
493,969,1039
494,971,1041
495,975,1043
496,977,1040
497,973,1040
498,973,1038
499,973,1042
500,979,1041
501,984,1045
502,984,1044
503,983,1041
504,980,1041
505,980,1040
506,982,1043
507,981,1042
508,982,1043
509,988,1039
510,984,1035
511,983,1033
512,985,1035
513,989,1038
514,991,1034
515,988,1031
516,991,1029
517,992,1028
518,995,1030
519,993,1029
520,995,1026
521,995,1020
522,992,1018
523,994,1017
524,994,1016
525,996,1016
526,998,1016
527,993,1013
528,993,1010
529,998,1009
530,1000,1010
531,1005,1012
532,1004,1012
533,1003,1004
534,1002,1002
535,1000,1003
536,1004,1002
537,1012,1006
538,1013,1003
539,1013,1004
540,1012,1003
541,1013,1005
542,1016,1011
543,1020,1014
544,1021,1013
545,1019,1014
546,1016,1016
547,1013,1017
548,1016,1024
549,1020,1025
550,1016,1026
551,1016,1024
552,1014,1026
553,1010,1033
554,1012,1038
555,1011,1039
556,1010,1039
557,1007,1037
558,1003,1037
559,1000,1041
560,999,1048
561,1001,1052
562,997,1053
563,991,1051
564,986,1050
565,986,1051
566,990,1052
567,991,1052
568,988,1052
569,984,1046
570,982,1047
571,979,1046
572,982,1048
573,989,1053
574,988,1051
575,984,1047
576,983,1047
577,988,1051
578,998,1052
579,1003,1052
580,1008,1053
581,1011,1052
582,1012,1052
583,1018,1058
584,1025,1061
585,1033,1062
586,1041,1062
587,1052,1057
588,1065,1051
589,1078,1039
590,1092,1023
591,1107,1012
592,1124,999
593,1139,982
594,1152,967
595,1166,949
596,1182,934
597,1201,914
598,1219,889
599,1236,866
600,1250,849
601,1260,836
602,1268,828
603,1267,825
604,1263,821
605,1254,816
606,1245,810
607,1230,807
608,1218,809
609,1200,811
610,1175,812
611,1146,814
612,1118,825
613,1098,838
614,1079,854
615,1068,872
616,1058,884
617,1051,900
618,1048,911
619,1045,928
620,1042,941
621,1047,954
622,1053,967
623,1062,977
624,1074,985
625,1092,995
626,1098,1003
627,1091,1011
628,1061,1017
629,1020,1027
630,980,1034
631,960,1053
632,950,1069
633,946,1081
634,939,1089
635,935,1091
636,924,1091
637,921,1095
638,923,1099
639,923,1104
640,917,1104
641,909,1104
642,903,1104
643,903,1111
644,906,1114
645,907,1118
646,901,1113
647,898,1110
648,893,1114
649,891,1115
650,894,1120
651,898,1121
652,895,1120
653,891,1118
654,890,1118
655,884,1123
656,890,1129
657,889,1132
658,888,1134
659,887,1132
660,884,1132
661,886,1137
662,882,1141
663,883,1149
664,883,1149
665,881,1150
666,881,1149
667,880,1154
668,881,1156
669,883,1161
670,886,1162
671,882,1163
672,879,1164
673,879,1171
674,881,1178
675,884,1183
676,885,1182
677,878,1183
678,876,1183
679,881,1186
680,887,1190
681,892,1192
682,894,1190
683,894,1187
684,890,1186
685,895,1191
686,898,1193
687,903,1193
688,905,1191
689,904,1187
690,898,1180
691,903,1182
692,910,1182
693,917,1181
694,920,1174
695,921,1166
696,919,1160
697,923,1160
698,929,1157
699,936,1154
700,938,1148
701,940,1141
702,938,1135
703,942,1131
704,947,1131
705,953,1126
706,956,1117
707,956,1109
708,953,1107
709,956,1102
710,960,1101
711,962,1098
712,965,1092
713,967,1086
714,961,1083
715,963,1082
716,963,1083
717,969,1082
718,967,1079
719,968,1071
720,966,1065
721,967,1058
722,969,1058
723,977,1056
724,975,1055
725,973,1055
726,968,1052
727,968,1051
728,967,1055
729,972,1055
730,972,1050
731,972,1049
732,973,1050
733,974,1049
734,977,1051
735,979,1053
736,980,1051
737,979,1050
738,977,1048
739,977,1049
740,982,1051
741,984,1053
742,981,1052
743,981,1050
744,974,1050
745,976,1049
746,978,1050
747,979,1052
748,979,1051
749,977,1050
750,971,1049
751,972,1051
752,978,1054
753,979,1057
754,980,1052
755,980,1052
756,976,1050
757,979,1052
758,979,1057
759,985,1056
760,984,1053
761,981,1049
762,977,1048
763,976,1050
764,977,1050
765,983,1056
766,985,1053
767,984,1048
768,982,1046
769,982,1048
770,981,1051
771,980,1055
772,983,1054
773,983,1048
774,981,1048
775,981,1051
776,982,1050
777,982,1053
778,981,1051
779,982,1050
780,981,1049
781,982,1051
782,983,1053
783,987,1053
784,987,1050
785,984,1048
786,979,1048
787,978,1050
788,983,1050
789,987,1051
790,988,1050
791,987,1049
792,983,1048
793,983,1048
794,982,1051
795,985,1052
796,983,1051
797,985,1048
798,980,1048
799,978,1050
800,979,1053
801,981,1052
802,982,1051
803,982,1050
804,981,1052
805,979,1053
806,982,1054
807,984,1053
808,985,1052
809,982,1046
810,978,1041
811,980,1045
812,983,1046
813,986,1053
814,985,1051
815,984,1049
816,979,1047
817,981,1048
818,982,1048
819,987,1051
820,986,1049
821,984,1048
822,983,1049
823,983,1048
824,983,1052
825,985,1053
826,984,1053
827,981,1050
828,983,1051
829,981,1051
830,984,1053
831,987,1055
832,989,1053
833,985,1051
834,982,1050
835,978,1052
836,984,1052
837,985,1053
838,987,1050
839,986,1048
840,981,1048
841,981,1049
842,983,1053
843,985,1053
844,983,1053
845,977,1050
846,977,1048
847,976,1050
848,980,1052
849,984,1053
850,982,1053
851,978,1052
852,976,1049
853,977,1049
854,978,1048
855,984,1050
856,985,1047
857,981,1047
858,980,1043
859,978,1046
860,982,1048
861,986,1051
862,985,1049
863,981,1047
864,979,1047
865,979,1048
866,987,1051
867,986,1052
868,988,1051
869,987,1048
870,982,1047
871,984,1049
872,986,1051
873,991,1055
874,988,1051
875,986,1048
876,983,1046
877,982,1050
878,988,1050
879,990,1053
880,988,1052
881,987,1051
882,985,1050
883,983,1051
884,982,1054
885,987,1055
886,988,1052
887,984,1051
888,981,1050
889,981,1051
890,987,1055
891,992,1055
892,991,1052
893,990,1051
894,991,1051
895,988,1051
896,992,1055
897,995,1055
898,997,1056
899,995,1048
900,993,1050
901,992,1051
902,995,1051
903,1000,1054
904,999,1054
905,998,1050
906,998,1045
907,997,1049
908,998,1051
909,1001,1051
910,1005,1051
911,1006,1045
912,1010,1041
913,1020,1042
914,1033,1043
915,1051,1042
916,1068,1038
917,1091,1034
918,1116,1027
919,1147,1024
920,1180,1017
921,1218,1011
922,1253,1006
923,1279,1008
924,1299,1019
925,1303,1039
926,1284,1055
927,1250,1057
928,1195,1056
929,1137,1055
930,1076,1064
931,1023,1076
932,985,1085
933,968,1092
934,968,1088
935,976,1079
936,981,1069
937,982,1065
938,990,1061
939,990,1059
940,989,1057
941,983,1053
942,981,1053
943,983,1054
944,981,1056
945,983,1054
946,979,1048
947,976,1043
948,973,1041
949,970,1040
950,970,1044
951,975,1046
952,974,1043
953,972,1039
954,968,1042
955,968,1045
956,970,1046
957,970,1047
958,971,1046
959,966,1041
960,963,1041
961,965,1042
962,968,1041
963,973,1042
964,971,1041
965,969,1040
966,965,1041
967,966,1045
968,967,1046
969,970,1046
970,971,1045
971,970,1043
972,968,1039
973,968,1043
974,970,1045
975,973,1051
976,973,1048
977,971,1045
978,967,1047
979,970,1047
980,974,1049
981,977,1049
982,977,1049
983,977,1047
984,974,1044
985,975,1049
986,980,1051
987,983,1054
988,983,1046
989,983,1047
990,984,1045
991,981,1048
992,983,1053
993,986,1053
994,987,1052
995,984,1048
996,984,1046
997,980,1047
998,988,1049
999,991,1044
1000,989,1039
1001,989,1035
1002,988,1036
1003,990,1035
1004,995,1035
1005,992,1030
1006,994,1025
1007,989,1022
1008,992,1023
1009,995,1026
1010,998,1024
1011,997,1022
1012,994,1018
1013,992,1017
1014,991,1018
1015,994,1018
1016,996,1020
1017,999,1019
1018,998,1014
1019,996,1015
1020,1001,1020
1021,1005,1020
1022,1008,1020
1023,1013,1018
1024,1014,1013
1025,1012,1011
1026,1018,1014
1027,1023,1016
1028,1026,1015
1029,1028,1012
1030,1029,1007
1031,1027,1008
1032,1029,1011
1033,1031,1017
1034,1036,1024
1035,1038,1021
1036,1035,1020
1037,1031,1020
1038,1029,1020
1039,1032,1023
1040,1035,1026
1041,1029,1028
1042,1025,1027
1043,1023,1026
1044,1023,1031
1045,1024,1034
1046,1025,1037
1047,1024,1038
1048,1020,1035
1049,1014,1035
1050,1011,1038
1051,1013,1040
1052,1011,1045
1053,1008,1043
1054,1005,1042
1055,1002,1042
1056,1002,1045
1057,1003,1046
1058,1005,1049
1059,1003,1048
1060,1000,1045
1061,999,1044
1062,997,1044
1063,999,1049
1064,1001,1049
1065,999,1049
1066,995,1046
1067,995,1048
1068,994,1051
1069,994,1053
1070,998,1055
1071,997,1052
1072,995,1051
1073,995,1050
1074,995,1052
1075,999,1056
1076,1003,1057
1077,1001,1054
1078,1000,1053
1079,999,1051
1080,997,1054
1081,1002,1056
1082,1006,1057
1083,1006,1054
1084,1003,1049
1085,998,1049
1086,998,1051
1087,1005,1054
1088,1007,1053
1089,1005,1050
1090,1001,1048
1091,1002,1049
1092,1002,1048
1093,1004,1050
1094,1005,1051
1095,1001,1049
1096,1003,1044
1097,1000,1043
1098,999,1046
1099,1002,1052
1100,1003,1049
1101,1001,1047
1102,1000,1040
1103,998,1038
1104,1000,1040
1105,997,1043
1106,1004,1042
1107,999,1041
1108,996,1039
1109,996,1040
1110,995,1043
1111,1001,1044
1112,1001,1045
1113,1000,1040
1114,996,1037
1115,989,1036
1116,988,1042
1117,989,1043
1118,994,1045
1119,994,1045
1120,995,1044
1121,995,1047
1122,994,1048
1123,995,1047
1124,996,1046
1125,996,1044
1126,992,1042
1127,987,1043
1128,989,1045
1129,994,1049
1130,997,1050
1131,996,1046
1132,990,1045
1133,990,1045
1134,991,1049
1135,993,1051
1136,995,1052
1137,995,1048
1138,992,1050
1139,991,1048
1140,992,1049
1141,994,1053
1142,999,1054
1143,998,1049
1144,992,1049
1145,994,1048
1146,993,1051
1147,993,1053
1148,993,1053
1149,992,1051
1150,994,1050
1151,993,1049
1152,994,1054
1153,994,1057
1154,997,1058
1155,995,1054
1156,991,1050
1157,988,1047
1158,986,1051
1159,987,1053
1160,993,1052
1161,991,1051
1162,991,1047
1163,984,1047
1164,983,1048
1165,989,1049
1166,991,1049
1167,993,1044
1168,990,1043
1169,989,1043
1170,985,1045
1171,991,1046
1172,991,1048
1173,993,1047
1174,991,1045
1175,982,1042
1176,985,1043
1177,992,1045
1178,994,1050
1179,991,1048
1180,991,1047
1181,989,1044
1182,991,1049
1183,995,1048
1184,999,1050
1185,999,1048
1186,994,1046
1187,992,1044
1188,989,1049
1189,995,1051
1190,997,1052
1191,998,1052
1192,996,1049
1193,991,1046
1194,990,1047
1195,990,1049
1196,993,1054
1197,995,1053
1198,994,1048
1199,992,1045
1200,993,1051
1201,999,1051
1202,1001,1055
1203,999,1054
1204,997,1052
1205,993,1052
1206,993,1056
1207,997,1058
1208,998,1058
1209,997,1054
1210,993,1051
1211,993,1051
1212,992,1053
1213,996,1055
1214,997,1056
1215,998,1055
1216,997,1051
1217,998,1048
1218,997,1050
1219,995,1052
1220,1002,1053
1221,999,1050
1222,998,1048
1223,995,1045
1224,998,1050
1225,1006,1051
1226,1014,1048
1227,1011,1045
1228,1011,1039
1229,1014,1036
1230,1023,1039
1231,1038,1040
1232,1057,1038
1233,1075,1034
1234,1096,1028
1235,1121,1024
1236,1150,1019
1237,1182,1015
1238,1217,1013
1239,1251,1012
1240,1279,1016
1241,1301,1026
1242,1309,1044
1243,1301,1058
1244,1276,1065
1245,1229,1064
1246,1173,1060
1247,1123,1067
1248,1073,1079
1249,1025,1087
1250,990,1094
1251,971,1095
1252,969,1091
1253,974,1082
1254,984,1074
1255,990,1073
1256,994,1068
1257,994,1063
1258,993,1054
1259,991,1048
1260,992,1047
1261,988,1047
1262,990,1043
1263,986,1040
1264,981,1038
1265,979,1036
1266,979,1043
1267,981,1045
1268,985,1046
1269,984,1044
1270,981,1041
1271,983,1043
1272,983,1043
1273,984,1047
1274,987,1045
1275,987,1047
1276,983,1044
1277,982,1046
1278,980,1050
1279,982,1052
1280,982,1051
1281,982,1046
1282,977,1042
1283,975,1044
1284,977,1047
1285,980,1049
1286,986,1050
1287,986,1048
1288,985,1048
1289,981,1046
1290,978,1048
1291,981,1050
1292,982,1052
1293,982,1051
1294,980,1043
1295,978,1045
1296,978,1045
1297,981,1049
1298,985,1052
1299,984,1050
1300,984,1050
1301,981,1049
1302,984,1049
1303,987,1048
1304,986,1047
1305,984,1047
1306,983,1045
1307,979,1045
1308,980,1047
1309,983,1047
1310,984,1049
1311,984,1046
1312,980,1043
1313,980,1036
1314,984,1036
1315,990,1037
1316,994,1038
1317,995,1036
1318,993,1032
1319,990,1033
1320,992,1033
1321,997,1037
1322,999,1036
1323,1001,1032
1324,999,1032
1325,995,1031
1326,998,1030
1327,998,1032
1328,1001,1033
1329,1003,1029
1330,1004,1027
1331,1001,1026
1332,1002,1028
1333,1004,1027
1334,1006,1025
1335,1008,1021
1336,1006,1021
1337,1008,1022
1338,1008,1025
1339,1011,1026
1340,1012,1026
1341,1011,1022
1342,1009,1021
1343,1008,1015
1344,1011,1019
1345,1011,1023
1346,1015,1024
1347,1016,1020
1348,1015,1017
1349,1013,1013
1350,1013,1016
1351,1016,1019
1352,1017,1017
1353,1016,1016
1354,1014,1017
1355,1016,1016
1356,1017,1017
1357,1021,1017
1358,1024,1021
1359,1023,1017
1360,1017,1015
1361,1014,1016
1362,1015,1016
1363,1018,1020
1364,1019,1021
1365,1017,1018
1366,1017,1017
1367,1011,1019
1368,1011,1026
1369,1011,1029
1370,1013,1031
1371,1008,1035
1372,1005,1031
1373,1001,1033
1374,1004,1035
1375,1006,1043
1376,1007,1046
1377,1007,1046
1378,1002,1049
1379,998,1049
1380,996,1052
1381,999,1057
1382,1002,1061
1383,1001,1056
1384,999,1051
1385,995,1053
1386,994,1059
1387,996,1063
1388,999,1063
1389,1000,1064
1390,996,1062
1391,994,1064
1392,991,1067
1393,996,1067
1394,999,1068
1395,998,1066
1396,998,1066
1397,999,1064
1398,1003,1068
1399,1009,1066
1400,1012,1066
1401,1008,1065
1402,1008,1065
1403,1008,1063
1404,1013,1063
1405,1020,1067
1406,1027,1069
1407,1031,1064
1408,1035,1065
1409,1032,1066
1410,1032,1070
1411,1040,1070
1412,1051,1070
1413,1059,1066
1414,1069,1058
1415,1077,1046
1416,1091,1028
1417,1108,1015
1418,1123,1002
1419,1136,986
1420,1148,970
1421,1158,954
1422,1171,942
1423,1189,926
1424,1206,906
1425,1220,886
1426,1230,868
1427,1237,853
1428,1248,846
1429,1249,841
1430,1247,841
1431,1244,841
1432,1241,842
1433,1237,843
1434,1227,843
1435,1218,846
1436,1206,849
1437,1186,850
1438,1162,854
1439,1136,863
1440,1113,876
1441,1093,891
1442,1080,901
1443,1069,913
1444,1059,923
1445,1051,933
1446,1051,943
1447,1050,953
1448,1053,966
1449,1054,976
1450,1053,982
1451,1060,990
1452,1071,1001
1453,1085,1007
1454,1097,1011
1455,1087,1012
1456,1064,1012
1457,1032,1018
1458,1000,1029
1459,974,1042
1460,963,1053
1461,952,1064
1462,947,1072
1463,941,1081
1464,935,1084
1465,930,1088
1466,931,1093
1467,927,1095
1468,922,1096
1469,916,1098
1470,910,1100
1471,912,1106
1472,912,1108
1473,909,1106
1474,907,1105
1475,905,1103
1476,901,1108
1477,903,1116
1478,904,1120
1479,903,1120
1480,901,1118
1481,900,1118
1482,900,1123
1483,896,1128
1484,896,1133
1485,897,1135
1486,895,1130
1487,889,1132
1488,892,1134
1489,895,1138
1490,899,1139
1491,897,1139
1492,893,1140
1493,892,1141
1494,887,1149
1495,889,1151
1496,891,1151
1497,889,1151
1498,885,1151
1499,883,1153
1500,880,1159
1501,880,1162
1502,882,1166
1503,883,1163
1504,876,1165
1505,874,1164
1506,875,1168
1507,875,1173
1508,879,1173
1509,879,1175
1510,878,1175
1511,878,1177
1512,877,1182
1513,881,1184
1514,883,1182
1515,878,1184
1516,877,1183
1517,879,1183
1518,878,1186
1519,881,1186
1520,890,1187
1521,889,1187
1522,890,1184
1523,891,1182
1524,894,1184
1525,899,1178
1526,901,1180
1527,902,1176
1528,902,1170
1529,905,1166
1530,910,1164
1531,916,1162
1532,920,1156
1533,922,1153
1534,925,1143
1535,928,1140
1536,928,1136
1537,935,1135
1538,943,1130
1539,944,1122
1540,941,1110
1541,943,1110
1542,951,1107
1543,954,1103
1544,959,1101
1545,962,1096
1546,961,1091
1547,957,1085
1548,958,1084
1549,962,1085
1550,970,1083
1551,973,1076
1552,971,1072
1553,966,1069
1554,967,1070
1555,973,1070
1556,976,1069
1557,974,1068
1558,974,1063
1559,973,1058
1560,973,1060
1561,973,1062
1562,974,1064
1563,977,1061
1564,974,1055
1565,973,1055
1566,974,1057
1567,976,1060
1568,979,1061
1569,978,1059
1570,972,1057
1571,974,1057
1572,975,1059
1573,975,1062
1574,980,1062
1575,980,1058
1576,976,1057
1577,973,1055
1578,978,1056
1579,981,1060
1580,985,1057
1581,982,1052
1582,983,1049
1583,983,1046
1584,982,1049
1585,983,1055
1586,985,1056
1587,984,1055
1588,981,1050
1589,977,1049
1590,977,1050
1591,979,1052
1592,982,1056
1593,983,1054
1594,984,1052
1595,979,1050
1596,976,1055
1597,980,1057
1598,983,1059
1599,984,1056
1600,982,1051
1601,978,1052
1602,981,1053
1603,982,1056
1604,988,1059
1605,985,1058
1606,978,1054
1607,976,1056
1608,979,1058
1609,982,1060
1610,984,1062
1611,980,1060
1612,976,1057
1613,977,1057
1614,978,1063
1615,979,1061
1616,981,1060
1617,978,1060
1618,977,1058
1619,976,1056
1620,976,1055
1621,977,1054
1622,977,1053
1623,974,1048
1624,973,1047
1625,972,1043
1626,975,1046
1627,979,1051
1628,984,1050
1629,981,1047
1630,979,1043
1631,977,1041
1632,979,1046
1633,982,1048
1634,983,1046
1635,981,1046
1636,979,1045
1637,977,1044
1638,978,1046
1639,976,1048
1640,981,1049
1641,980,1044
1642,979,1038
1643,978,1043
1644,980,1045
1645,981,1049
1646,986,1050
1647,985,1050
1648,979,1046
1649,975,1047
1650,972,1051
1651,975,1055
1652,981,1052
1653,981,1051
1654,976,1048
1655,968,1051
1656,972,1052
1657,974,1056
1658,976,1055
1659,976,1053
1660,977,1053
1661,976,1053
1662,977,1054
1663,978,1055
1664,981,1055
1665,981,1056
1666,979,1053
1667,977,1052
1668,978,1052
1669,980,1054
1670,977,1054
1671,976,1052
1672,974,1051
1673,975,1051
1674,978,1052
1675,979,1056
1676,982,1056
1677,980,1057
1678,977,1052
1679,975,1051
1680,975,1054
1681,978,1054
1682,980,1051
1683,978,1051
1684,974,1048
1685,976,1048
1686,975,1049
1687,979,1049
1688,986,1052
1689,985,1051
1690,983,1047
1691,978,1047
1692,979,1049
1693,979,1051
1694,986,1050
1695,984,1052
1696,979,1046
1697,977,1048
1698,977,1048
1699,980,1049
1700,976,1050
1701,974,1050
1702,971,1047
1703,971,1052
1704,975,1053
1705,978,1055
1706,981,1054
1707,979,1049
1708,976,1044
1709,976,1046
1710,974,1046
1711,978,1049
1712,981,1048
1713,981,1049
1714,978,1045
1715,976,1048
1716,975,1049
1717,978,1049
1718,978,1046
1719,982,1048
1720,980,1047
1721,977,1048
1722,977,1051
1723,980,1057
1724,983,1052
1725,979,1051
1726,977,1046
1727,974,1047
1728,972,1047
1729,979,1051
1730,981,1051
1731,977,1048
1732,976,1046
1733,973,1045
1734,975,1046
1735,979,1047
1736,983,1047
1737,982,1045
1738,979,1043
1739,976,1045
1740,979,1047
1741,983,1049
1742,977,1049
1743,973,1049
1744,968,1047
1745,969,1046
1746,977,1049
1747,982,1052
1748,982,1054
1749,981,1051
1750,982,1049
1751,982,1049
1752,982,1052
1753,984,1053
1754,988,1053
1755,986,1047
1756,984,1043
1757,980,1042
1758,978,1047
1759,983,1049
1760,986,1047
1761,982,1047
1762,984,1043
1763,979,1046
1764,980,1049
1765,984,1053
1766,985,1054
1767,985,1053
1768,981,1048
1769,981,1049
1770,981,1053
1771,984,1055
1772,982,1052
1773,983,1050
1774,986,1046
1775,982,1049
1776,983,1051
1777,983,1055
1778,988,1054
1779,986,1051
1780,983,1047
1781,984,1050
1782,984,1049
1783,987,1053
1784,992,1053
1785,991,1049
1786,990,1045
1787,986,1043
1788,986,1044
1789,990,1045
1790,993,1043
1791,994,1041
1792,999,1036
1793,1005,1033
1794,1019,1035
1795,1033,1034
1796,1051,1034
1797,1073,1032
1798,1092,1029
1799,1120,1027
1800,1158,1018
1801,1195,1014
1802,1230,1011
1803,1262,1008
1804,1281,1011
1805,1291,1023
1806,1279,1040
1807,1250,1048
1808,1205,1045
1809,1151,1046
1810,1098,1052
1811,1042,1059
1812,997,1067
1813,970,1069
1814,966,1071
1815,972,1064
1816,978,1055
1817,979,1048
1818,985,1046
1819,984,1046
1820,982,1047
1821,984,1046
1822,979,1043
1823,978,1041
1824,980,1043
1825,980,1048
1826,978,1050
1827,974,1049
1828,967,1048
1829,969,1047
1830,969,1047
1831,972,1051
1832,972,1050
1833,969,1048
1834,966,1043
1835,965,1046
1836,966,1048
1837,969,1052
1838,971,1052
1839,971,1050
1840,967,1047
1841,964,1048
1842,966,1055
1843,968,1056
1844,970,1055
1845,971,1050
1846,969,1047
1847,961,1048
1848,958,1051
1849,963,1057
1850,966,1057
1851,964,1054
1852,962,1054
1853,958,1053
1854,957,1055
1855,965,1056
1856,968,1055
1857,965,1052
1858,964,1047
1859,962,1047
1860,964,1048
1861,967,1047
1862,972,1045
1863,972,1041
1864,967,1042
1865,969,1043
1866,970,1048
1867,973,1048
1868,975,1049
1869,975,1044
1870,972,1043
1871,969,1041
1872,970,1040
1873,972,1045
1874,975,1046
1875,978,1043
1876,977,1038
1877,975,1039
1878,978,1042
1879,976,1043
1880,985,1042
1881,983,1039
1882,983,1038
1883,982,1039
1884,985,1038
1885,991,1039
1886,996,1040
1887,995,1037
1888,994,1035
1889,992,1030
1890,991,1032
1891,995,1031
1892,998,1033
1893,998,1028
1894,995,1025
1895,997,1025
1896,1000,1026
1897,1002,1026
1898,1006,1024
1899,1005,1020
1900,1002,1016
1901,1004,1016
1902,1007,1016
1903,1009,1016
1904,1009,1016
1905,1011,1014
1906,1010,1012
1907,1010,1013
1908,1011,1012
1909,1017,1013
1910,1021,1014
1911,1020,1008
1912,1019,1007
1913,1019,1006
1914,1018,1012
1915,1021,1016
1916,1027,1017
1917,1028,1014
1918,1023,1014
1919,1022,1020
1920,1019,1025
1921,1019,1030
1922,1018,1031
1923,1016,1030
1924,1014,1028
1925,1010,1034
1926,1008,1040
1927,1009,1043
1928,1012,1042
1929,1009,1042
1930,1004,1039
1931,1000,1044
1932,998,1049
1933,999,1053
1934,1001,1052
1935,997,1051
1936,993,1048
1937,989,1049
1938,989,1052
1939,993,1056
1940,994,1055
1941,993,1054
1942,992,1051
1943,990,1050
1944,989,1054
1945,990,1058
1946,993,1060
1947,989,1057
1948,988,1055
1949,986,1050
1950,985,1048
1951,987,1048
1952,991,1049
1953,991,1046
1954,985,1043
1955,985,1044
1956,986,1045
1957,990,1047
1958,993,1044
1959,989,1043
1960,987,1041
1961,989,1039
1962,990,1042
1963,993,1043
1964,996,1042
1965,997,1041
1966,993,1039
1967,992,1041
1968,996,1041
1969,996,1042
1970,995,1044
1971,995,1043
1972,991,1040
1973,991,1042
1974,989,1045
1975,992,1046
1976,997,1045
1977,1000,1042
1978,995,1041
1979,994,1043
1980,998,1042
1981,998,1047
1982,1004,1047
1983,1002,1047
1984,999,1042
1985,996,1043
1986,994,1043
1987,998,1047
1988,994,1044
1989,992,1044
1990,988,1041
1991,988,1042
1992,988,1044
1993,992,1046
1994,994,1045
1995,992,1043
1996,993,1041
1997,991,1043
1998,992,1043
1999,991,1046
2000,994,1047
2001,992,1048
2002,991,1043
2003,987,1041
2004,990,1041
2005,992,1047
2006,994,1045
2007,992,1046
2008,987,1041
2009,986,1043
2010,982,1043
2011,986,1045
2012,988,1047
2013,990,1045
2014,987,1043
2015,984,1044
2016,987,1044
2017,990,1047
2018,990,1046
2019,989,1042
2020,988,1043
2021,984,1044
2022,989,1045
2023,991,1049
2024,994,1046
2025,993,1042
2026,992,1040
2027,987,1043
2028,987,1046
2029,991,1050
2030,992,1048
2031,993,1045
2032,992,1040
2033,988,1042
2034,991,1046
2035,990,1047
2036,993,1045
2037,990,1045
2038,986,1045
2039,985,1047
2040,986,1051
2041,990,1049
2042,994,1050
2043,996,1046
2044,992,1043
2045,986,1044
2046,984,1045
2047,987,1048
2048,993,1050
2049,994,1046
2050,993,1042
2051,989,1041
2052,993,1042
2053,1003,1043
2054,1018,1041
2055,1030,1036
2056,1045,1034
2057,1064,1031
2058,1084,1033
2059,1116,1031
2060,1153,1023
2061,1191,1013
2062,1224,1004
2063,1257,1007
2064,1283,1014
2065,1291,1033
2066,1274,1052
2067,1226,1059
2068,1164,1053
2069,1095,1058
2070,1035,1073
2071,984,1088
2072,956,1097
2073,949,1095
2074,959,1088
2075,966,1076
2076,974,1065
2077,984,1057
2078,990,1052
2079,988,1041
2080,983,1040
2081,979,1041
2082,980,1040
2083,982,1044
2084,980,1044
2085,977,1044
2086,974,1042
2087,971,1044
2088,971,1048
2089,972,1050
2090,975,1050
2091,976,1046
2092,974,1044
2093,971,1044
2094,971,1046
2095,970,1050
2096,972,1047
2097,967,1049
2098,966,1047
2099,967,1045
2100,968,1046
2101,971,1047
2102,972,1044
2103,973,1042
2104,967,1040
2105,966,1042
2106,963,1046
2107,964,1051
2108,968,1048
2109,968,1046
2110,965,1044
2111,967,1043
2112,970,1048
2113,972,1049
2114,974,1046
2115,973,1043
2116,972,1042
2117,974,1041
2118,975,1037
2119,976,1043
2120,981,1041
2121,980,1038
2122,974,1035
2123,978,1037
2124,978,1038
2125,981,1038
2126,983,1039
2127,981,1036
2128,980,1034
2129,977,1031
2130,977,1030
2131,981,1032
2132,986,1029
2133,990,1028
2134,990,1025
2135,987,1025
2136,983,1027
2137,983,1030
2138,989,1032
2139,991,1028
2140,992,1023
2141,992,1016
2142,992,1018
2143,997,1023
2144,999,1022
2145,999,1020
2146,1000,1014
2147,1002,1012
2148,1001,1013
2149,1005,1015
2150,1009,1012
2151,1009,1011
2152,1002,1006
2153,1000,1006
2154,1003,1008
2155,1011,1009
2156,1012,1006
2157,1010,1006
2158,1011,1005
2159,1006,1004
2160,1007,1005
2161,1012,1004
2162,1016,1006
2163,1016,1005
2164,1011,1003
2165,1010,1003
2166,1013,1006
2167,1011,1009
2168,1014,1011
2169,1015,1014
2170,1012,1014
2171,1006,1016
2172,1005,1021
2173,1005,1028
2174,1004,1027
2175,1001,1031
2176,998,1029
2177,993,1030
2178,993,1035
2179,996,1040
2180,995,1041
2181,996,1039
2182,992,1041
2183,988,1044
2184,986,1045
2185,987,1049
2186,987,1053
2187,986,1052
2188,982,1050
2189,981,1052
2190,984,1056
2191,984,1063
2192,984,1064
2193,983,1065
2194,978,1063
2195,978,1062
2196,981,1061
2197,982,1062
2198,985,1064
2199,987,1063
2200,984,1061
2201,983,1061
2202,978,1065
2203,981,1067
2204,984,1065
2205,986,1062
2206,987,1057
2207,986,1058
2208,990,1061
2209,990,1061
2210,992,1059
2211,989,1057
2212,987,1054
2213,987,1056
2214,989,1058
2215,989,1059
2216,995,1060
2217,989,1052
2218,987,1050
2219,984,1050
2220,981,1050
2221,989,1056
2222,990,1052
2223,989,1049
2224,988,1044
2225,986,1041
2226,985,1046
2227,986,1047
2228,986,1048
2229,984,1046
2230,985,1045
2231,983,1047
2232,985,1048
2233,989,1048
2234,992,1045
2235,990,1044
2236,983,1041
2237,985,1044
2238,982,1048
2239,987,1052
2240,990,1050
2241,987,1049
2242,983,1044
2243,981,1045
2244,986,1049
2245,989,1054
2246,991,1054
2247,989,1055
2248,987,1050
2249,987,1054
2250,987,1056
2251,986,1059
2252,991,1053
2253,988,1048
2254,984,1048
2255,979,1049
2256,983,1052
2257,986,1057
2258,988,1053
2259,988,1055
2260,987,1051
2261,986,1052
2262,983,1054
2263,988,1053
2264,986,1053
2265,986,1049
2266,981,1048
2267,977,1051
2268,981,1051
2269,985,1053
2270,990,1052
2271,988,1050
2272,986,1047
2273,983,1048
2274,982,1050
2275,986,1054
2276,987,1053
2277,982,1050
2278,980,1049
2279,978,1050
2280,977,1053
2281,981,1056
2282,986,1058
2283,981,1054
2284,977,1049
2285,980,1048
2286,982,1051
2287,983,1055
2288,984,1054
2289,987,1048
2290,984,1042
2291,982,1045
2292,980,1051
2293,982,1055
2294,984,1056
2295,984,1055
2296,987,1050
2297,982,1052
2298,982,1053
2299,983,1055
2300,987,1055
2301,985,1055
2302,986,1054
2303,984,1054
2304,983,1055
2305,983,1054
2306,984,1055
2307,986,1052
2308,984,1048
2309,985,1048
2310,984,1048
2311,985,1053
2312,985,1052
2313,984,1054
2314,980,1053
2315,984,1051
2316,988,1052
2317,989,1056
2318,992,1056
2319,988,1055
2320,985,1051
2321,983,1053
2322,984,1055
2323,989,1057
2324,995,1053
2325,992,1052
2326,990,1050
2327,986,1050
2328,987,1052
2329,992,1052
2330,991,1052
2331,990,1048
2332,988,1050
2333,987,1051
2334,991,1052
2335,995,1056
2336,997,1053
2337,995,1047
2338,991,1047
2339,994,1047
2340,990,1051
2341,993,1052
2342,991,1051
2343,995,1045
2344,995,1040
2345,1001,1039
2346,1015,1039
2347,1032,1042
2348,1050,1038
2349,1067,1036
2350,1088,1028
2351,1115,1026
2352,1149,1022
2353,1188,1017
2354,1231,1013
2355,1267,1012
2356,1292,1017
2357,1304,1034
2358,1294,1054
2359,1263,1063
2360,1211,1061
2361,1152,1058
2362,1089,1063
2363,1026,1076
2364,975,1089
2365,953,1097
2366,954,1095
2367,969,1086
2368,971,1070
2369,975,1063
2370,979,1058
2371,984,1057
2372,987,1053
2373,980,1050
2374,978,1050
2375,976,1050
2376,974,1052
2377,978,1053
2378,978,1053
2379,972,1047
2380,971,1047
2381,965,1050
2382,970,1050
2383,972,1054
2384,974,1053
2385,971,1049
2386,968,1044
2387,968,1045
2388,966,1044
2389,972,1045
2390,975,1046
2391,970,1046
2392,969,1045
2393,966,1044
2394,970,1042
2395,972,1046
2396,975,1044
2397,974,1044
2398,972,1044
2399,971,1046
2400,970,1049
2401,973,1051
2402,972,1050
2403,971,1050
2404,969,1049
2405,967,1046
2406,965,1047
2407,968,1050
2408,974,1049
2409,976,1046
2410,976,1042
2411,971,1040
2412,972,1044
2413,975,1049
2414,978,1047
2415,977,1047
2416,976,1045
2417,977,1045
2418,978,1047
2419,977,1048
2420,980,1044
2421,984,1043
2422,981,1039
2423,977,1043
2424,980,1044
2425,981,1045
2426,985,1040
2427,984,1036
2428,981,1033
2429,979,1034
2430,986,1034
2431,994,1033
2432,1000,1031
2433,999,1024
2434,996,1019
2435,996,1019
2436,997,1021
2437,1002,1022
2438,1008,1020
2439,1005,1016
2440,1004,1010
2441,1004,1010
2442,1005,1010
2443,1010,1012
2444,1015,1010
2445,1014,1007
2446,1006,1004
2447,1011,1007
2448,1012,1008
2449,1014,1009
2450,1016,1005
2451,1018,1005
2452,1016,1007
2453,1013,1004
2454,1017,1009
2455,1016,1012
2456,1021,1009
2457,1018,1009
2458,1015,1006
2459,1014,1010
2460,1016,1015
2461,1016,1019
2462,1015,1019
2463,1015,1020
2464,1013,1019
2465,1010,1020
2466,1008,1024
2467,1008,1028
2468,1006,1032
2469,1004,1031
2470,999,1029
2471,997,1031
2472,998,1037
2473,1003,1042
2474,1006,1043
2475,998,1040
2476,991,1039
2477,987,1043
2478,988,1048
2479,990,1054
2480,990,1052
2481,990,1050
2482,988,1048
2483,986,1050
2484,987,1053
2485,985,1053
2486,988,1051
2487,987,1049
2488,985,1047
2489,986,1051
2490,987,1052
2491,991,1057
2492,997,1055
2493,995,1055
2494,995,1050
2495,995,1050
2496,1003,1052
2497,1013,1055
2498,1023,1058
2499,1025,1057
2500,1025,1058
2501,1030,1063
2502,1037,1065
2503,1052,1065
2504,1067,1058
2505,1079,1043
2506,1093,1023
2507,1103,1008
2508,1118,997
2509,1138,983
2510,1153,971
2511,1165,953
2512,1174,938
2513,1188,917
2514,1207,899
2515,1231,882
2516,1248,861
2517,1256,843
2518,1258,831
2519,1253,831
2520,1249,836
2521,1248,840
2522,1245,834
2523,1235,827
2524,1220,822
2525,1202,822
2526,1181,826
2527,1158,836
2528,1135,840
2529,1109,846
2530,1082,853
2531,1058,866
2532,1039,880
2533,1027,900
2534,1022,912
2535,1019,923
2536,1013,937
2537,1009,948
2538,1007,962
2539,1015,974
2540,1029,984
2541,1044,994
2542,1057,1000
2543,1067,1005
2544,1068,1011
2545,1054,1018
2546,1029,1026
2547,996,1033
2548,967,1041
2549,954,1054
2550,943,1069
2551,942,1081
2552,939,1087
2553,938,1093
2554,930,1093
2555,923,1098
2556,921,1103
2557,922,1107
2558,924,1107
2559,920,1104
2560,912,1103
2561,908,1104
2562,909,1108
2563,912,1112
2564,912,1113
2565,907,1112
2566,903,1109
2567,901,1112
2568,902,1116
2569,902,1122
2570,903,1119
2571,899,1120
2572,898,1120
2573,892,1120
2574,895,1126
2575,894,1128
2576,896,1129
2577,890,1125
2578,890,1125
2579,885,1129
2580,885,1133
2581,888,1136
2582,891,1139
2583,890,1135
2584,886,1133
2585,882,1139
2586,886,1143
2587,885,1150
2588,886,1151
2589,884,1151
2590,880,1152
2591,879,1154
2592,880,1161
2593,884,1166
2594,886,1164
2595,887,1165
2596,883,1167
2597,883,1169
2598,885,1171
2599,889,1178
2600,890,1180
2601,892,1179
2602,889,1179
2603,894,1181
2604,897,1185
2605,903,1189
2606,904,1189
2607,902,1184
2608,904,1182
2609,904,1181
2610,910,1182
2611,913,1184
2612,919,1181
2613,921,1175
2614,920,1172
2615,921,1170
2616,924,1169
2617,930,1167
2618,937,1165
2619,938,1155
2620,942,1152
2621,944,1148
2622,949,1144
2623,952,1142
2624,954,1136
2625,959,1131
2626,958,1122
2627,957,1120
2628,963,1116
2629,966,1114
2630,968,1105
2631,963,1101
2632,961,1095
2633,961,1093
2634,963,1092
2635,963,1091
2636,966,1085
2637,966,1082
2638,963,1076
2639,961,1075
2640,962,1073
2641,963,1075
2642,965,1073
2643,965,1070
2644,963,1066
2645,957,1064
2646,957,1067
2647,962,1066
2648,960,1066
2649,958,1060
2650,959,1061
2651,960,1061
2652,964,1063
2653,968,1065
2654,968,1060
2655,970,1057
2656,965,1054
2657,966,1057
2658,966,1060
2659,971,1066
2660,973,1063
2661,975,1058
2662,971,1052
2663,970,1052
2664,968,1055
2665,969,1057
2666,973,1056
2667,972,1054
2668,974,1050
2669,972,1052
2670,971,1056
2671,976,1057
2672,977,1054
2673,977,1052
2674,969,1051
2675,967,1051
2676,967,1050
2677,973,1055
2678,978,1055
2679,978,1055
2680,974,1051
2681,971,1053
2682,972,1054
2683,972,1055
2684,973,1054
2685,972,1055
2686,971,1052
2687,971,1055
2688,972,1057
2689,973,1062
2690,977,1062
2691,976,1059
2692,973,1057
2693,972,1058
2694,969,1061
2695,974,1062
2696,975,1058
2697,975,1050
2698,972,1048
2699,971,1047
2700,974,1047
2701,976,1049
2702,975,1050
2703,975,1049
2704,974,1047
2705,969,1048
2706,971,1050
2707,972,1055
2708,973,1054
2709,973,1052
2710,971,1053
2711,969,1051
2712,972,1052
2713,973,1055
2714,976,1054
2715,973,1053
2716,973,1053
2717,973,1055
2718,972,1056
2719,975,1058
2720,976,1057
2721,973,1053
2722,970,1053
2723,968,1050
2724,971,1055
2725,974,1058
2726,976,1055
2727,975,1053
2728,970,1052
2729,971,1052
2730,973,1055
2731,975,1055
2732,977,1051
2733,975,1048
2734,974,1051
2735,970,1054
2736,971,1055
2737,976,1060
2738,977,1062
2739,975,1059
2740,968,1056
2741,971,1056
2742,970,1061
2743,972,1064
2744,975,1059
2745,976,1055
2746,972,1051
2747,971,1052
2748,969,1051
2749,974,1051
2750,974,1053
2751,975,1053
2752,973,1051
2753,973,1048
2754,972,1050
2755,973,1054
2756,974,1053
2757,971,1049
2758,967,1045
2759,964,1049
2760,972,1053
2761,974,1057
2762,976,1056
2763,977,1053
2764,976,1053
2765,974,1052
2766,974,1057
2767,973,1059
2768,975,1059
2769,975,1056
2770,974,1055
2771,973,1057
2772,974,1059
2773,976,1061
2774,978,1062
2775,976,1059
2776,974,1058
2777,973,1059
2778,970,1060
2779,972,1062
2780,975,1061
2781,974,1059
2782,971,1058
2783,969,1055
2784,972,1058
2785,976,1062
2786,978,1062
2787,976,1056
2788,975,1051
2789,971,1048
2790,971,1051
2791,976,1053
2792,978,1052
2793,981,1050
2794,976,1047
2795,975,1046
2796,975,1047
2797,977,1052
2798,981,1051
2799,979,1049
2800,976,1044
2801,973,1046
2802,976,1049
2803,976,1053
2804,981,1051
2805,982,1050
2806,978,1045
2807,977,1050
2808,983,1053
2809,988,1052
2810,988,1049
2811,986,1047
2812,984,1044
2813,986,1043
2814,994,1043
2815,1002,1045
2816,1018,1041
2817,1031,1037
2818,1044,1034
2819,1069,1035
2820,1102,1034
2821,1138,1028
2822,1179,1019
2823,1218,1009
2824,1245,1004
2825,1271,1012
2826,1288,1036
2827,1283,1055
2828,1253,1065
2829,1196,1065
2830,1129,1066
2831,1061,1073
2832,1003,1082
2833,963,1090
2834,947,1088
2835,950,1083
2836,958,1074
2837,966,1064
2838,972,1055
2839,977,1053
2840,978,1048
2841,969,1047
2842,966,1047
2843,961,1046
2844,967,1050
2845,963,1052
2846,969,1051
2847,964,1048
2848,963,1047
2849,962,1050
2850,961,1050
2851,964,1054
2852,963,1053
2853,962,1050
2854,960,1048
2855,959,1049
2856,963,1051
2857,960,1051
2858,963,1053
2859,959,1052
2860,960,1053
2861,962,1054
2862,964,1056
2863,964,1057
2864,965,1056
2865,961,1053
2866,961,1048
2867,960,1045
2868,960,1046
2869,960,1051
2870,964,1050
2871,962,1048
2872,959,1047
2873,959,1046
2874,960,1050
2875,960,1054
2876,960,1052
2877,961,1050
2878,958,1048
2879,956,1049
2880,960,1051
2881,962,1052
2882,964,1054
2883,964,1051
2884,959,1048
2885,960,1046
2886,964,1048
2887,968,1052
2888,971,1050
2889,969,1049
2890,968,1046
2891,968,1048
2892,969,1048
2893,974,1050
2894,977,1045
2895,976,1038
2896,973,1038
2897,973,1039
2898,972,1039
2899,975,1040
2900,979,1037
2901,982,1032
2902,982,1030
2903,984,1031
2904,989,1031
2905,995,1032
2906,994,1028
2907,995,1022
2908,994,1017
2909,990,1019
2910,989,1021
2911,993,1023
2912,994,1021
2913,990,1017
2914,994,1012
2915,992,1015
2916,993,1015
2917,996,1015
2918,999,1014
2919,1002,1012
2920,1002,1008
2921,1002,1009
2922,1005,1009
2923,1006,1010
2924,1009,1008
2925,1006,1009
2926,1007,1007
2927,1003,1011
2928,1003,1012
2929,1010,1013
2930,1013,1008
2931,1012,1010
2932,1009,1008
2933,1007,1013
2934,1007,1017
2935,1009,1023
2936,1014,1024
2937,1013,1023
2938,1008,1025
2939,1005,1027
2940,1003,1031
2941,1002,1036
2942,1006,1037
2943,1001,1039
2944,999,1042
2945,994,1043
2946,995,1049
2947,995,1052
2948,993,1052
2949,988,1054
2950,984,1054
2951,980,1051
2952,981,1054
2953,985,1057
2954,985,1057
2955,982,1052
2956,975,1049
2957,974,1052
2958,975,1053
2959,976,1053
2960,976,1051
2961,974,1048
2962,974,1049
2963,972,1051
2964,974,1052
2965,978,1055
2966,977,1056
2967,978,1052
2968,973,1049
2969,974,1049
2970,974,1055
2971,979,1058
2972,978,1058
2973,980,1054
2974,975,1049
2975,973,1051
2976,974,1051
2977,979,1058
2978,983,1055
2979,982,1052
2980,979,1048
2981,977,1049
2982,980,1053
2983,980,1055
2984,984,1054
2985,981,1051
2986,984,1049
2987,981,1051
2988,984,1053
2989,988,1057
2990,990,1059
2991,990,1058
2992,985,1055
2993,982,1054
2994,981,1056
2995,986,1055
2996,985,1050
2997,983,1050
2998,981,1049
2999,982,1050
3000,985,1055
3001,989,1057
3002,993,1054
3003,991,1048
3004,983,1045
3005,984,1045
3006,985,1045
3007,985,1051
3008,984,1048
3009,984,1045
3010,982,1042
3011,982,1042
3012,982,1045
3013,984,1051
3014,984,1049
3015,980,1046
3016,979,1043
3017,980,1047
3018,981,1047
3019,986,1048
3020,983,1048
3021,981,1048
3022,975,1047
3023,975,1046
3024,978,1050
3025,981,1051
3026,986,1050
3027,986,1051
3028,982,1047
3029,980,1049
3030,978,1050
3031,978,1054
3032,984,1055
3033,985,1051
3034,982,1049
3035,981,1047
3036,983,1050
3037,983,1053
3038,983,1052
3039,983,1052
3040,979,1047
3041,978,1050
3042,979,1048
3043,983,1051
3044,987,1051
3045,985,1049
3046,985,1047
3047,985,1045
3048,987,1048
3049,985,1051
3050,988,1045
3051,988,1040
3052,993,1036
3053,1000,1035
3054,1016,1040
3055,1031,1040
3056,1050,1036
3057,1071,1030
3058,1102,1028
3059,1133,1026
3060,1176,1019
3061,1222,1017
3062,1257,1016
3063,1288,1018
3064,1302,1026
3065,1297,1047
3066,1275,1060
3067,1237,1066
3068,1185,1062
3069,1124,1059
3070,1063,1065
3071,1002,1079
3072,956,1090
3073,932,1097
3074,931,1101
3075,941,1095
3076,951,1086
3077,957,1076
3078,963,1069
3079,971,1068
3080,971,1058
3081,972,1052
3082,966,1048
3083,967,1042
3084,966,1045
3085,968,1048
3086,968,1049
3087,967,1047
3088,963,1047
3089,962,1047
3090,962,1050
3091,963,1052
3092,965,1049
3093,963,1046
3094,958,1048
3095,955,1047
3096,961,1050
3097,963,1050
3098,962,1051
3099,961,1046
3100,958,1043
3101,956,1044
3102,959,1048
3103,959,1049
3104,964,1048
3105,960,1047
3106,958,1044
3107,956,1045
3108,959,1051
3109,962,1053
3110,961,1052
3111,960,1046
3112,961,1042
3113,957,1042
3114,957,1046
3115,959,1046
3116,962,1046
3117,959,1042
3118,957,1040
3119,959,1040
3120,964,1045
3121,967,1048
3122,965,1046
3123,962,1045
3124,958,1041
3125,961,1039
3126,959,1039
3127,962,1041
3128,967,1041
3129,964,1038
3130,959,1036
3131,959,1037
3132,960,1039
3133,962,1038
3134,965,1040
3135,963,1034
3136,961,1032
3137,965,1031
3138,968,1032
3139,970,1034
3140,975,1033
3141,976,1029
3142,975,1023
3143,975,1026
3144,979,1019
3145,979,1018
3146,980,1015
3147,978,1013
3148,979,1011
3149,981,1010
3150,983,1011
3151,988,1016
3152,989,1012
3153,986,1008
3154,985,1004
3155,987,1005
3156,990,1008
3157,994,1006
3158,996,1004
3159,996,1000
3160,994,1001
3161,994,1002
3162,994,999
3163,998,1003
3164,999,1001
3165,1000,1000
3166,993,999
3167,997,1003
3168,1001,1005
3169,1003,1013
3170,1002,1011
3171,999,1011
3172,996,1009
3173,994,1013
3174,994,1019
3175,991,1024
3176,992,1025
3177,990,1026
3178,986,1026
3179,982,1031
3180,984,1036
3181,984,1041
3182,982,1042
3183,977,1040
3184,971,1038
3185,969,1042
3186,975,1048
3187,976,1050
3188,972,1051
3189,971,1049
3190,967,1052
3191,962,1056
3192,963,1063
3193,969,1063
3194,972,1063
3195,970,1059
3196,967,1057
3197,963,1059
3198,962,1061
3199,964,1062
3200,966,1062
3201,964,1061
3202,964,1057
3203,963,1059
3204,965,1059
3205,968,1061
3206,971,1060
3207,966,1061
3208,966,1055
3209,967,1057
3210,968,1057
3211,969,1059
3212,972,1058
3213,970,1058
3214,965,1053
3215,967,1055
3216,969,1059
3217,973,1058
3218,974,1059
3219,972,1058
3220,969,1055
3221,976,1055
3222,975,1057
3223,977,1058
3224,977,1056
3225,976,1051
3226,973,1050
3227,970,1052
3228,973,1054
3229,975,1055
3230,977,1054
3231,976,1052
3232,971,1047
3233,971,1049
3234,973,1051
3235,975,1054
3236,978,1053
3237,975,1049
3238,971,1048
3239,973,1048
3240,975,1051
3241,975,1055
3242,977,1055
3243,973,1050
3244,969,1046
3245,971,1050
3246,971,1052
3247,975,1054
3248,976,1051
3249,974,1051
3250,971,1050
3251,972,1053
3252,971,1054
3253,973,1056
3254,976,1054
3255,972,1053
3256,967,1052
3257,966,1053
3258,967,1055
3259,969,1059
3260,968,1057
3261,970,1055
3262,967,1053
3263,966,1054
3264,971,1058
3265,973,1063
3266,973,1060
3267,971,1056
3268,968,1052
3269,966,1055
3270,965,1057
3271,969,1059
3272,969,1059
3273,965,1055
3274,964,1054
3275,963,1053
3276,966,1054
3277,972,1057
3278,972,1052
3279,967,1050
3280,963,1047
3281,961,1049
3282,965,1052
3283,971,1054
3284,973,1052
3285,970,1049
3286,967,1048
3287,966,1049
3288,965,1050
3289,967,1050
3290,968,1049
3291,966,1047
3292,964,1048
3293,966,1051
3294,967,1054
3295,972,1054
3296,973,1052
3297,969,1049
3298,968,1048
3299,963,1051
3300,968,1054
3301,968,1056
3302,974,1056
3303,972,1053
3304,968,1054
3305,969,1055
3306,966,1054
3307,971,1059
3308,972,1058
3309,970,1055
3310,966,1050
3311,965,1054
3312,969,1058
3313,972,1059
3314,973,1060
3315,972,1056
3316,968,1054
3317,966,1053
3318,968,1057
3319,970,1059
3320,973,1060
3321,969,1058
3322,963,1056
3323,966,1055
3324,968,1058
3325,969,1060
3326,972,1058
3327,966,1055
3328,963,1052
3329,963,1053
3330,967,1058
3331,971,1056
3332,972,1057
3333,969,1051
3334,966,1050
3335,967,1052
3336,966,1055
3337,967,1057
3338,968,1054
3339,967,1049
3340,964,1048
3341,961,1049
3342,966,1052
3343,969,1055
3344,971,1052
3345,970,1050
3346,969,1049
3347,970,1051
3348,970,1053
3349,970,1053
3350,970,1053
3351,971,1052
3352,971,1050
3353,972,1052
3354,971,1055
3355,973,1054
3356,973,1057
3357,973,1053
3358,970,1055
3359,970,1056
3360,972,1058
3361,972,1059
3362,973,1056
3363,971,1052
3364,970,1051
3365,970,1054
3366,973,1061
3367,974,1062
3368,974,1057
3369,975,1056
3370,972,1052
3371,971,1053
3372,971,1054
3373,974,1057
3374,974,1057
3375,974,1053
3376,972,1053
3377,972,1053
3378,974,1055
3379,973,1060
3380,975,1058
3381,974,1057
3382,972,1053
3383,975,1049
3384,976,1052
3385,975,1053
3386,974,1054
3387,974,1053
3388,972,1052
3389,972,1052
3390,975,1055
3391,979,1056
3392,980,1055
3393,979,1053
3394,975,1050
3395,974,1054
3396,976,1056
3397,978,1057
3398,978,1057
3399,975,1054
3400,974,1053
3401,976,1054
3402,979,1056
3403,982,1058
3404,984,1054
3405,980,1053
3406,977,1050
3407,978,1055
3408,977,1059
3409,980,1062
3410,978,1059
3411,979,1056
3412,978,1055
3413,978,1056
3414,977,1058
3415,979,1058
3416,980,1056
3417,980,1053
3418,977,1049
3419,978,1052
3420,985,1055
3421,988,1056
3422,985,1054
3423,980,1051
3424,977,1050
3425,978,1049
3426,981,1051
3427,984,1051
3428,985,1051
3429,987,1049
3430,986,1046
3431,985,1047
3432,984,1052
3433,986,1053
3434,985,1049
3435,984,1044
3436,982,1044
3437,982,1049
3438,983,1052
3439,987,1051
3440,986,1050
3441,987,1048
3442,985,1047
3443,984,1045
3444,985,1048
3445,985,1048
3446,988,1049
3447,984,1048
3448,984,1044
3449,982,1046
3450,984,1048
3451,987,1051
3452,989,1051
3453,989,1047
3454,986,1046
3455,986,1046
3456,988,1049
3457,990,1052
3458,988,1052
3459,982,1049
3460,982,1047
3461,983,1047
3462,985,1050
3463,992,1052
3464,994,1051
3465,990,1048
3466,989,1045
3467,987,1047
3468,987,1049
3469,988,1053
3470,988,1052
3471,986,1052
3472,986,1049
3473,985,1051
3474,988,1053
3475,989,1057
3476,989,1053
3477,990,1050
3478,987,1048
3479,988,1050
3480,988,1054
3481,993,1053
3482,991,1051
3483,990,1049
3484,987,1044
3485,984,1046
3486,989,1051
3487,993,1056
3488,994,1057
3489,997,1053
3490,991,1048
3491,994,1049
3492,993,1049
3493,995,1052
3494,997,1051
3495,994,1049
3496,992,1049
3497,992,1052
3498,993,1055
3499,997,1056
3500,996,1054
3501,996,1050
3502,993,1048
3503,992,1048
3504,997,1046
3505,1001,1047
3506,1003,1048
3507,998,1044
3508,998,1043
3509,1001,1044
3510,1002,1045
3511,1003,1043
3512,1003,1041
3513,1006,1035
3514,1010,1032
3515,1021,1031
3516,1041,1029
3517,1061,1030
3518,1086,1027
3519,1110,1023
3520,1135,1017
3521,1165,1010
3522,1201,1007
3523,1233,1004
3524,1261,1001
3525,1288,1001
3526,1298,1010
3527,1292,1025
3528,1262,1038
3529,1214,1045
3530,1155,1044
3531,1096,1049
3532,1040,1055
3533,997,1064
3534,972,1070
3535,972,1066
3536,977,1060
3537,988,1053
3538,990,1046
3539,992,1046
3540,989,1048
3541,986,1049
3542,990,1047
3543,989,1044
3544,985,1041
3545,983,1042
3546,984,1046
3547,985,1049
3548,983,1049
3549,980,1046
3550,976,1045
3551,976,1049
3552,979,1052
3553,982,1053
3554,982,1050
3555,976,1044
3556,974,1043
3557,975,1047
3558,977,1052
3559,982,1055
3560,983,1050
3561,977,1047
3562,974,1046
3563,973,1046
3564,977,1049
3565,979,1049
3566,978,1049
3567,976,1047
3568,972,1044
3569,974,1046
3570,973,1047
3571,977,1052
3572,979,1050
3573,976,1042
3574,972,1042
3575,972,1047
3576,974,1048
3577,974,1055
3578,977,1052
3579,971,1048
3580,971,1045
3581,975,1049
3582,974,1051
3583,981,1052
3584,979,1048
3585,975,1045
3586,975,1048
3587,977,1051
3588,983,1054
3589,987,1053
3590,990,1048
3591,984,1043
3592,985,1040
3593,984,1038
3594,988,1039
3595,991,1042
3596,992,1041
3597,993,1036
3598,995,1035
3599,995,1035
3600,996,1036
3601,999,1036
3602,999,1033
3603,1000,1033
3604,999,1029
3605,1001,1029
3606,1004,1030
3607,1007,1034
3608,1011,1031
3609,1008,1024
3610,1009,1023
3611,1012,1024
3612,1016,1025
3613,1020,1026
3614,1020,1024
3615,1022,1023
3616,1018,1019
3617,1017,1021
3618,1023,1022
3619,1026,1021
3620,1025,1019
3621,1023,1016
3622,1022,1016
3623,1024,1017
3624,1025,1019
3625,1030,1018
3626,1029,1016
3627,1028,1015
3628,1026,1014
3629,1024,1019
3630,1025,1018
3631,1029,1020
3632,1032,1017
3633,1029,1016
3634,1025,1015
3635,1024,1018
3636,1026,1021
3637,1027,1024
3638,1029,1022
3639,1024,1020
3640,1020,1020
3641,1020,1019
3642,1019,1024
3643,1023,1027
3644,1017,1027
3645,1014,1026
3646,1010,1025
3647,1010,1032
3648,1012,1034
3649,1011,1037
3650,1007,1038
3651,1006,1033
3652,1001,1033
3653,999,1035
3654,1000,1039
3655,1002,1042
3656,999,1041
3657,997,1040
3658,992,1039
3659,993,1041
3660,997,1045
3661,997,1048
3662,996,1049
3663,994,1047
3664,989,1050
3665,988,1050
3666,991,1054
3667,992,1054
3668,993,1055
3669,992,1051
3670,986,1051
3671,990,1053
3672,992,1055
3673,994,1058
3674,995,1056
3675,991,1052
3676,987,1051
3677,985,1053
3678,986,1055
3679,993,1057
3680,992,1052
3681,986,1048
3682,982,1048
3683,983,1052
3684,985,1055
3685,988,1055
3686,987,1053
3687,988,1050
3688,987,1048
3689,986,1047
3690,989,1050
3691,990,1051
3692,992,1049
3693,992,1046
3694,991,1045
3695,991,1046
3696,992,1049
3697,996,1050
3698,997,1048
3699,996,1044
3700,992,1041
3701,991,1046
3702,992,1047
3703,995,1048
3704,997,1048
3705,996,1046
3706,994,1043
3707,995,1044
3708,999,1043
3709,1001,1046
3710,1000,1045
3711,997,1040
3712,991,1041
3713,994,1044
3714,994,1046
3715,996,1048
3716,996,1047
3717,994,1044
3718,993,1047
3719,992,1048
3720,995,1048
3721,993,1051
3722,994,1048
3723,992,1049
3724,994,1045
3725,993,1045
3726,994,1048
3727,994,1048
3728,994,1045
3729,993,1041
3730,990,1039
3731,989,1040
3732,992,1046
3733,994,1047
3734,995,1048
3735,993,1045
3736,992,1043
3737,990,1042
3738,991,1044
3739,996,1045
3740,991,1044
3741,989,1039
3742,982,1038
3743,987,1038
3744,986,1042
3745,988,1045
3746,989,1044
3747,988,1044
3748,982,1042
3749,983,1042
3750,983,1046
3751,986,1045
3752,983,1044
3753,981,1042
3754,978,1040
3755,981,1043
3756,983,1044
3757,986,1046
3758,984,1044
3759,983,1042
3760,977,1041
3761,977,1040
3762,979,1042
3763,984,1043
3764,983,1044
3765,984,1040
3766,982,1043
3767,983,1043
3768,981,1049
3769,985,1051
3770,984,1049
3771,987,1046
3772,986,1046
3773,982,1046
3774,985,1050
3775,987,1054
3776,989,1054
3777,988,1050
3778,987,1050
3779,991,1051
3780,994,1049
3781,998,1055
3782,995,1054
3783,995,1050
3784,995,1048
3785,997,1047
3786,1009,1046
3787,1016,1043
3788,1027,1039
3789,1040,1036
3790,1052,1036
3791,1076,1037
3792,1109,1036
3793,1142,1028
3794,1175,1018
3795,1208,1008
3796,1237,1001
3797,1269,1005
3798,1293,1017
3799,1301,1031
3800,1285,1045
3801,1248,1047
3802,1197,1048
3803,1137,1052
3804,1077,1063
3805,1018,1075
3806,969,1082
3807,939,1082
3808,931,1081
3809,945,1078
3810,959,1070
3811,969,1064
3812,971,1056
3813,972,1047
3814,970,1041
3815,966,1041
3816,969,1042
3817,972,1047
3818,972,1046
3819,969,1043
3820,966,1041
3821,967,1044
3822,968,1049
3823,969,1049
3824,966,1050
3825,966,1050
3826,963,1045
3827,963,1049
3828,967,1051
3829,970,1054
3830,972,1052
3831,970,1049
3832,967,1047
3833,968,1047
3834,967,1048
3835,969,1049
3836,964,1050
3837,961,1046
3838,961,1044
3839,961,1048
3840,965,1053
3841,970,1053
3842,970,1051
3843,968,1048
3844,967,1049
3845,967,1051
3846,971,1051
3847,975,1051
3848,973,1045
3849,969,1040
3850,966,1039
3851,967,1042
3852,970,1043
3853,974,1046
3854,973,1040
3855,968,1037
3856,965,1035
3857,965,1039
3858,969,1039
3859,971,1041
3860,971,1038
3861,967,1034
3862,963,1031
3863,965,1037
3864,968,1038
3865,971,1038
3866,973,1035
3867,973,1033
3868,970,1028
3869,972,1032
3870,974,1034
3871,978,1036
3872,979,1034
3873,977,1030
3874,977,1031
3875,980,1030
3876,985,1032
3877,988,1031
3878,986,1027
3879,984,1024
3880,984,1022
3881,990,1023
3882,993,1026
3883,998,1026
3884,998,1023
3885,998,1019
3886,995,1018
3887,996,1017
3888,1001,1017
3889,1003,1017
3890,1007,1012
3891,1009,1009
3892,1009,1002
3893,1009,1004
3894,1009,1006
3895,1015,1007
3896,1018,1005
3897,1019,1002
3898,1017,999
3899,1015,998
3900,1016,999
3901,1016,998
3902,1018,995
3903,1013,995
3904,1008,995
3905,1010,999
3906,1011,1002
3907,1013,1007
3908,1011,1006
3909,1005,1007
3910,1003,1009
3911,1000,1013
3912,1002,1017
3913,1001,1020
3914,999,1018
3915,996,1020
3916,992,1023
3917,991,1027
3918,994,1032
3919,990,1038
3920,991,1037
3921,983,1041
3922,978,1040
3923,975,1042
3924,976,1046
3925,979,1049
3926,979,1048
3927,972,1048
3928,968,1047
3929,967,1048
3930,968,1050
3931,969,1054
3932,972,1056
3933,968,1053
3934,963,1053
3935,961,1054
3936,963,1057
3937,967,1060
3938,966,1059
3939,964,1057
3940,961,1057
3941,962,1057
3942,966,1058
3943,967,1060
3944,963,1060
3945,965,1057
3946,965,1054
3947,965,1057
3948,966,1061
3949,968,1061
3950,968,1061
3951,967,1056
3952,965,1057
3953,967,1059
3954,971,1059
3955,971,1061
3956,970,1057
3957,967,1053
3958,966,1050
3959,967,1056
3960,971,1055
3961,975,1058
3962,975,1056
3963,972,1053
3964,971,1051
3965,969,1052
3966,975,1055
3967,978,1057
3968,975,1054
3969,973,1050
3970,970,1046
3971,970,1046
3972,973,1048
3973,975,1051
3974,976,1049
3975,975,1046
3976,974,1043
3977,976,1049
3978,977,1048
3979,979,1048
3980,975,1046
3981,973,1045
3982,970,1043
3983,971,1045
3984,976,1048
3985,975,1047
3986,973,1046
3987,969,1044
3988,968,1045
3989,969,1045
3990,975,1051
3991,974,1055
3992,976,1051
3993,973,1050
3994,970,1050
3995,969,1051
3996,971,1056
3997,974,1058
3998,976,1059
3999,971,1054
4000,970,1054
4001,969,1054
4002,969,1058
4003,973,1058
4004,973,1057
4005,971,1052
4006,969,1051
4007,967,1053
4008,966,1057
4009,970,1061
4010,969,1054
4011,967,1050
4012,965,1046
4013,965,1050
4014,965,1049
4015,968,1049
4016,968,1047
4017,967,1041
4018,963,1041
4019,969,1041
4020,969,1043
4021,971,1046
4022,968,1045
4023,966,1043
4024,967,1041
4025,969,1043
4026,971,1047
4027,973,1047
4028,971,1046
4029,970,1042
4030,966,1042
4031,965,1046
4032,968,1047
4033,969,1046
4034,965,1044
4035,964,1044
4036,964,1044
4037,965,1049
4038,965,1051
4039,968,1053
4040,969,1049
4041,966,1047
4042,967,1048
4043,966,1049
4044,966,1054
4045,971,1055
4046,970,1056
4047,968,1051
4048,970,1050
4049,969,1051
4050,970,1056
4051,972,1059
4052,973,1056
4053,971,1052
4054,967,1049
4055,968,1053
4056,970,1055
4057,971,1054
4058,971,1052
4059,970,1051
4060,967,1048
4061,969,1053
4062,971,1054
4063,972,1054
4064,969,1051
4065,967,1049
4066,966,1047
4067,965,1048
4068,967,1054
4069,974,1052
4070,973,1048
4071,970,1048
4072,968,1046
4073,967,1047
4074,969,1049
4075,970,1049
4076,969,1046
4077,970,1048
4078,970,1047
4079,973,1046
4080,974,1050
4081,976,1052
4082,974,1051
4083,973,1047
4084,968,1052
4085,968,1051
4086,969,1054
4087,973,1054
4088,976,1050
4089,972,1050
4090,972,1049
4091,972,1049
4092,973,1053
4093,977,1056
4094,977,1049
4095,974,1047
4096,970,1046
4097,971,1052
4098,974,1055
4099,978,1055
4100,979,1055
4101,976,1049
4102,975,1048
4103,977,1051
4104,981,1054
4105,983,1056
4106,986,1054
4107,982,1048
4108,979,1044
4109,978,1046
4110,980,1049
4111,986,1046
4112,988,1044
4113,985,1040
4114,982,1039
4115,983,1039
4116,990,1037
4117,1001,1035
4118,1018,1032
4119,1026,1030
4120,1045,1027
4121,1069,1029
4122,1096,1028
4123,1130,1021
4124,1167,1016
4125,1201,1003
4126,1230,997
4127,1266,1003
4128,1295,1011
4129,1309,1030
4130,1296,1039
4131,1261,1046
4132,1205,1047
4133,1147,1050
4134,1094,1058
4135,1042,1068
4136,993,1072
4137,961,1071
4138,947,1070
4139,954,1069
4140,967,1063
4141,981,1055
4142,979,1047
4143,976,1044
4144,969,1044
4145,970,1044
4146,968,1044
4147,972,1047
4148,969,1047
4149,965,1044
4150,963,1047
4151,963,1050
4152,963,1052
4153,963,1052
4154,963,1049
4155,961,1047
4156,959,1046
4157,956,1049
4158,960,1051
4159,959,1051
4160,961,1045
4161,958,1044
4162,957,1042
4163,956,1048
4164,955,1051
4165,960,1052
4166,962,1048
4167,959,1045
4168,957,1046
4169,954,1045
4170,956,1049
4171,959,1049
4172,961,1049
4173,961,1046
4174,956,1046
4175,955,1050
4176,960,1052
4177,962,1052
4178,959,1050
4179,956,1045
4180,949,1045
4181,954,1050
4182,958,1049
4183,965,1051
4184,961,1048
4185,957,1044
4186,955,1043
4187,955,1045
4188,957,1047
4189,963,1047
4190,962,1045
4191,962,1042
4192,959,1043
4193,961,1048
4194,962,1049
4195,967,1050
4196,967,1047
4197,969,1042
4198,967,1040
4199,967,1041
4200,973,1042
4201,977,1043
4202,979,1042
4203,981,1038
4204,982,1037
4205,982,1037
4206,986,1038
4207,991,1035
4208,992,1033
4209,987,1027
4210,989,1027
4211,988,1028
4212,994,1029
4213,1000,1028
4214,1002,1026
4215,1000,1019
4216,997,1016
4217,997,1019
4218,1001,1021
4219,1005,1019
4220,1003,1015
4221,1001,1011
4222,1002,1010
4223,997,1009
4224,1005,1014
4225,1006,1013
4226,1007,1011
4227,1003,1007
4228,1004,1006
4229,1001,1008
4230,1003,1008
4231,1006,1007
4232,1006,1004
4233,1004,1004
4234,1002,1002
4235,1002,1002
4236,1004,1005
4237,1003,1008
4238,1000,1008
4239,998,1007
4240,993,1008
4241,992,1016
4242,993,1023
4243,998,1025
4244,996,1027
4245,992,1028
4246,988,1031
4247,984,1034
4248,988,1039
4249,991,1043
4250,985,1039
4251,984,1040
4252,977,1040
4253,976,1044
4254,976,1049
4255,979,1049
4256,977,1048
4257,973,1043
4258,969,1044
4259,969,1050
4260,971,1053
4261,972,1051
4262,969,1049
4263,967,1045
4264,964,1045
4265,963,1049
4266,960,1054
4267,965,1054
4268,962,1053
4269,959,1050
4270,957,1050
4271,953,1050
4272,956,1050
4273,958,1055
4274,962,1055
4275,962,1053
4276,957,1051
4277,952,1050
4278,953,1055
4279,958,1055
4280,960,1052
4281,960,1051
4282,952,1053
4283,952,1052
4284,959,1058
4285,963,1058
4286,962,1055
4287,960,1052
4288,956,1050
4289,959,1054
4290,960,1057
4291,962,1059
4292,962,1058
4293,959,1055
4294,959,1053
4295,962,1056
4296,962,1059
4297,969,1061
4298,970,1057
4299,970,1054
4300,969,1053
4301,971,1056
4302,972,1059
4303,974,1061
4304,975,1058
4305,971,1053
4306,967,1050
4307,971,1054
4308,974,1056
4309,975,1057
4310,970,1054
4311,963,1051
4312,965,1051
4313,968,1053
4314,971,1054
4315,974,1052
4316,966,1049
4317,963,1048
4318,964,1048
4319,967,1051
4320,969,1054
4321,971,1053
4322,971,1050
4323,968,1046
4324,965,1047
4325,965,1048
4326,967,1053
4327,964,1051
4328,962,1049
4329,960,1050
4330,961,1048
4331,962,1050
4332,964,1054
4333,969,1055
4334,968,1055
4335,966,1050
4336,959,1050
4337,958,1051
4338,961,1056
4339,964,1056
4340,960,1054
4341,958,1052
4342,956,1053
4343,958,1054
4344,965,1059
4345,968,1058
4346,967,1057
4347,967,1051
4348,965,1052
4349,964,1054
4350,968,1059
4351,969,1057
4352,967,1058
4353,965,1054
4354,964,1053
4355,964,1058
4356,965,1058
4357,966,1054
4358,966,1052
4359,961,1049
4360,961,1051
4361,962,1054
4362,963,1052
4363,965,1051
4364,963,1050
4365,960,1048
4366,958,1050
4367,960,1052
4368,963,1052
4369,965,1051
4370,967,1048
4371,962,1051
4372,957,1051
4373,956,1051
4374,959,1052
4375,960,1054
4376,963,1052
4377,962,1054
4378,959,1055
4379,956,1055
4380,956,1055
4381,960,1053
4382,962,1050
4383,960,1050
4384,960,1052
4385,960,1052
4386,963,1059
4387,966,1058
4388,967,1055
4389,965,1056
4390,960,1054
4391,959,1056
4392,961,1059
4393,964,1060
4394,965,1055
4395,965,1055
4396,962,1055
4397,962,1055
4398,965,1060
4399,970,1061
4400,964,1057
4401,964,1053
4402,964,1054
4403,964,1053
4404,966,1055
4405,972,1057
4406,971,1055
4407,967,1055
4408,963,1054
4409,963,1057
4410,966,1057
4411,967,1056
4412,966,1055
4413,962,1053
4414,961,1055
4415,963,1056
4416,965,1056
4417,969,1058
4418,968,1059
4419,964,1056
4420,961,1055
4421,960,1056
4422,960,1057
4423,963,1058
4424,964,1057
4425,959,1052
4426,955,1051
4427,958,1055
4428,964,1057
4429,968,1056
4430,966,1056
4431,962,1053
4432,962,1053
4433,959,1055
4434,966,1057
4435,968,1057
4436,968,1055
4437,964,1054
4438,958,1053
4439,956,1056
4440,961,1059
4441,968,1060
4442,966,1056
4443,963,1052
4444,960,1053
4445,963,1058
4446,963,1062
4447,969,1059
4448,965,1058
4449,964,1053
4450,964,1053
4451,965,1054
4452,968,1059
4453,970,1055
4454,971,1054
4455,969,1051
4456,966,1052
4457,970,1053
4458,973,1056
4459,978,1053
4460,976,1055
4461,973,1051
4462,968,1052
4463,967,1053
4464,969,1056
4465,975,1055
4466,973,1053
4467,968,1050
4468,971,1053
4469,974,1053
4470,976,1054
4471,979,1055
4472,978,1055
4473,979,1051
4474,974,1050
4475,975,1051
4476,978,1055
4477,984,1051
4478,985,1048
4479,993,1041
4480,1009,1039
4481,1023,1040
4482,1054,1043
4483,1084,1041
4484,1121,1030
4485,1160,1018
4486,1199,1006
4487,1237,1008
4488,1272,1013
4489,1295,1025
4490,1294,1038
4491,1266,1053
4492,1212,1056
4493,1148,1058
4494,1090,1068
4495,1029,1079
4496,973,1086
4497,936,1085
4498,928,1088
4499,943,1089
4500,953,1082
4501,968,1077
4502,969,1070
4503,964,1065
4504,960,1064
4505,960,1069
4506,963,1075
4507,969,1078
4508,968,1071
4509,966,1060
4510,957,1053
4511,960,1045
4512,963,1044
4513,965,1044
4514,966,1045
4515,958,1043
4516,955,1042
4517,955,1047
4518,957,1047
4519,960,1046
4520,955,1043
4521,952,1042
4522,947,1044
4523,951,1045
4524,955,1048
4525,956,1048
4526,950,1046
4527,948,1044
4528,943,1041
4529,948,1045
4530,947,1048
4531,954,1050
4532,952,1049
4533,951,1045
4534,948,1044
4535,948,1047
4536,949,1049
4537,952,1050
4538,956,1045
4539,951,1046
4540,950,1048
4541,953,1051
4542,956,1057
4543,962,1057
4544,960,1055
4545,958,1052
4546,958,1054
4547,961,1056
4548,964,1056
4549,966,1058
4550,963,1056
4551,957,1051
4552,954,1051
4553,962,1051
4554,965,1054
4555,973,1054
4556,973,1052
4557,973,1048
4558,970,1043
4559,972,1043
4560,973,1045
4561,981,1043
4562,981,1041
4563,979,1037
4564,979,1034
4565,982,1037
4566,985,1034
4567,984,1031
4568,983,1026
4569,983,1024
4570,985,1018
4571,987,1020
4572,989,1022
4573,990,1018
4574,993,1015
4575,991,1011
4576,992,1008
4577,989,1006
4578,993,1006
4579,997,1005
4580,998,1003
4581,997,997
4582,996,998
4583,999,1000
4584,1002,1004
4585,1002,1002
4586,1004,1003
4587,1002,1000
4588,999,1001
4589,999,1004
4590,1001,1005
4591,1001,1008
4592,1002,1009
4593,1002,1007
4594,1000,1009
4595,999,1013
4596,1003,1018
4597,1005,1022
4598,1005,1022
4599,998,1022
4600,994,1024
4601,990,1028
4602,995,1032
4603,996,1033
4604,993,1036
4605,986,1036
4606,979,1038
4607,980,1043
4608,981,1048
4609,982,1046
4610,981,1045
4611,975,1044
4612,970,1044
4613,969,1050
4614,967,1055
4615,969,1056
4616,966,1052
4617,962,1049
4618,959,1048
4619,963,1050
4620,963,1053
4621,967,1054
4622,964,1049
4623,960,1046
4624,955,1052
4625,957,1051
4626,962,1053
4627,965,1053
4628,966,1051
4629,963,1051
4630,962,1051
4631,963,1056
4632,964,1057
4633,965,1056
4634,965,1053
4635,966,1052
4636,960,1051
4637,960,1056
4638,963,1059
4639,969,1061
4640,966,1059
4641,963,1058
4642,966,1059
4643,966,1060
4644,972,1061
4645,972,1062
4646,972,1063
4647,970,1059
4648,967,1061
4649,971,1062
4650,975,1064
4651,978,1064
4652,977,1058
4653,972,1055
4654,972,1053
4655,971,1056
4656,970,1059
4657,976,1060
4658,972,1055
4659,972,1054
4660,969,1053
4661,970,1052
4662,978,1054
4663,980,1049
4664,979,1050
4665,977,1045
4666,973,1046
4667,973,1049
4668,974,1053
4669,978,1055
4670,977,1053
4671,975,1052
4672,971,1048
4673,971,1053
4674,976,1052
4675,980,1056
4676,981,1053
4677,978,1048
4678,974,1051
4679,973,1054
4680,977,1057
4681,980,1056
4682,980,1048
4683,975,1046
4684,969,1047
4685,971,1048
4686,973,1052
4687,976,1054
4688,977,1049
4689,975,1046
4690,971,1043
4691,973,1047
4692,976,1051
4693,978,1051
4694,975,1047
4695,970,1043
4696,971,1047
4697,970,1051
4698,974,1055
4699,977,1054
4700,977,1049
4701,972,1046
4702,968,1047
4703,970,1050
4704,971,1053
4705,971,1053
4706,972,1050
4707,971,1049
4708,971,1050
4709,972,1053
4710,973,1057
4711,978,1057
4712,977,1055
4713,974,1053
4714,970,1049
4715,971,1055
4716,978,1056
4717,976,1055
4718,974,1056
4719,972,1054
4720,970,1056
4721,972,1057
4722,975,1056
4723,981,1056
4724,978,1056
4725,975,1051
4726,973,1050
4727,974,1056
4728,977,1058
4729,979,1057
4730,978,1056
4731,977,1054
4732,975,1052
4733,977,1053
4734,976,1055
4735,973,1053
4736,973,1051
4737,971,1045
4738,972,1045
4739,974,1047
4740,976,1049
4741,978,1051
4742,973,1048
4743,974,1046
4744,971,1044
4745,975,1046
4746,975,1048
4747,975,1046
4748,977,1044
4749,972,1040
4750,971,1040
4751,971,1044
4752,971,1047
4753,972,1048
4754,974,1050
4755,972,1048
4756,975,1048
4757,973,1052
4758,976,1051
4759,978,1051
4760,974,1047
4761,971,1045
4762,970,1046
4763,969,1052
4764,973,1058
4765,979,1059
4766,978,1055
4767,972,1051
4768,970,1051
4769,972,1054
4770,976,1057
4771,980,1055
4772,978,1053
4773,977,1050
4774,974,1056
4775,977,1058
4776,979,1063
4777,982,1061
4778,982,1061
4779,977,1054
4780,973,1051
4781,974,1049
4782,980,1049
4783,987,1047
4784,987,1045
4785,984,1045
4786,980,1044
4787,981,1047
4788,980,1051
4789,984,1050
4790,984,1049
4791,978,1043
4792,974,1043
4793,976,1045
4794,982,1047
4795,985,1045
4796,985,1049
4797,982,1048
4798,979,1048
4799,978,1051
4800,977,1053
4801,979,1055
4802,980,1053
4803,979,1048
4804,977,1049
4805,978,1051
4806,983,1055
4807,985,1057
4808,982,1055
4809,980,1049
4810,978,1052
4811,978,1053
4812,984,1058
4813,986,1055
4814,982,1050
4815,979,1047
4816,973,1049
4817,978,1050
4818,987,1053
4819,990,1055
4820,984,1055
4821,983,1053
4822,981,1050
4823,982,1051
4824,984,1049
4825,988,1047
4826,990,1038
4827,992,1029
4828,996,1027
4829,1012,1024
4830,1032,1026
4831,1050,1022
4832,1071,1019
4833,1103,1014
4834,1139,1011
4835,1181,1002
4836,1222,1002
4837,1257,1001
4838,1281,1006
4839,1290,1018
4840,1279,1033
4841,1243,1049
4842,1191,1052
4843,1131,1052
4844,1063,1059
4845,994,1067
4846,951,1078
4847,942,1086
4848,960,1085
4849,975,1073
4850,982,1059
4851,983,1052
4852,980,1052
4853,976,1052
4854,973,1054
4855,974,1054
4856,971,1052
4857,971,1048
4858,966,1047
4859,968,1049
4860,968,1053
4861,966,1050
4862,965,1049
4863,962,1044
4864,964,1045
4865,964,1051
4866,966,1055
4867,968,1052
4868,964,1050
4869,964,1047
4870,964,1045
4871,962,1045
4872,966,1047
4873,970,1045
4874,971,1047
4875,968,1046
4876,964,1046
4877,967,1046
4878,965,1050
4879,967,1052
4880,964,1050
4881,962,1045
4882,961,1043
4883,962,1044
4884,964,1047
4885,970,1051
4886,970,1048
4887,970,1046
4888,966,1044
4889,966,1048
4890,969,1052
4891,971,1054
4892,967,1054
4893,963,1050
4894,963,1044
4895,963,1043
4896,969,1045
4897,972,1043
4898,972,1039
4899,970,1036
4900,971,1035
4901,971,1035
4902,973,1039
4903,976,1038
4904,977,1035
4905,976,1031
4906,979,1034
4907,981,1034
4908,989,1036
4909,987,1031
4910,987,1027
4911,989,1024
4912,988,1026
4913,988,1029
4914,993,1028
4915,999,1026
4916,1001,1021
4917,1001,1017
4918,999,1017
4919,1007,1017
4920,1012,1021
4921,1015,1017
4922,1016,1014
4923,1018,1010
4924,1019,1010
4925,1019,1010
4926,1023,1008
4927,1028,1006
4928,1026,1003
4929,1023,1000
4930,1023,1002
4931,1022,1005
4932,1026,1006
4933,1027,1006
4934,1025,1005
4935,1026,1004
4936,1023,1004
4937,1019,1010
4938,1020,1015
4939,1019,1016
4940,1016,1017
4941,1012,1013
4942,1006,1013
4943,1007,1019
4944,1006,1022
4945,1008,1023
4946,1002,1030
4947,1000,1030
4948,1001,1035
4949,997,1033
4950,997,1037
4951,994,1038
4952,990,1041
4953,983,1044
4954,980,1044
4955,977,1049
4956,984,1054
4957,984,1053
4958,987,1048
4959,984,1046
4960,978,1049
4961,978,1053
4962,980,1060
4963,982,1057
4964,977,1052
4965,976,1048
4966,974,1050
4967,975,1051
4968,980,1055
4969,979,1057
4970,977,1055
4971,973,1052
4972,969,1053
4973,968,1057
4974,972,1061
4975,976,1059
4976,973,1056
4977,972,1052
4978,970,1053
4979,969,1054
4980,968,1060
4981,969,1061
4982,972,1062
4983,972,1061
4984,975,1061
4985,976,1061
4986,975,1060
4987,975,1059
4988,973,1054
4989,973,1051
4990,969,1047
4991,967,1054
4992,974,1060
4993,982,1062
4994,980,1058
4995,976,1054
4996,970,1056
4997,970,1057
4998,974,1061
4999,976,1058
5000,978,1057
5001,973,1054
5002,976,1053
5003,978,1057
5004,982,1059
5005,984,1058
5006,982,1059
5007,981,1059
5008,979,1054
5009,979,1052
5010,981,1053
5011,985,1055
5012,984,1052
5013,982,1050
5014,980,1055
5015,984,1055
5016,984,1060
5017,988,1058
5018,987,1057
5019,984,1055
5020,979,1052
5021,982,1054
5022,982,1052
5023,985,1055
5024,983,1055
5025,980,1051
5026,977,1052
5027,975,1052
5028,977,1054
5029,983,1050
5030,979,1050
5031,980,1045
5032,975,1051
5033,978,1053
5034,979,1056
5035,982,1057
5036,977,1052
5037,976,1048
5038,976,1043
5039,974,1041
5040,973,1047
5041,972,1049
5042,974,1051
5043,973,1047
5044,974,1045
5045,973,1047
5046,975,1052
5047,975,1051
5048,976,1049
5049,977,1046
5050,974,1046
5051,975,1049
5052,977,1051
5053,979,1053
5054,981,1052
5055,979,1051
5056,977,1051
5057,978,1057
5058,980,1059
5059,982,1055
5060,981,1055
5061,980,1053
5062,977,1051
5063,979,1057
5064,982,1059
5065,985,1057
5066,987,1053
5067,980,1049
5068,980,1049
5069,983,1055
5070,986,1059
5071,987,1057
5072,987,1056
5073,981,1054
5074,982,1053
5075,982,1055
5076,983,1059
5077,982,1054
5078,981,1046
5079,979,1043
5080,984,1042
5081,998,1044
5082,1012,1044
5083,1033,1041
5084,1053,1041
5085,1074,1036
5086,1097,1029
5087,1128,1027
5088,1166,1023
5089,1206,1015
5090,1245,1012
5091,1271,1015
5092,1295,1028
5093,1297,1048
5094,1279,1063
5095,1236,1064
5096,1177,1059
5097,1116,1058
5098,1053,1067
5099,988,1088
5100,945,1101
5101,925,1105
5102,932,1101
5103,944,1091
5104,954,1078
5105,961,1064
5106,968,1064
5107,977,1054
5108,974,1048
5109,968,1045
5110,965,1044
5111,967,1044
5112,968,1046
5113,968,1046
5114,964,1045
5115,959,1047
5116,958,1047
5117,959,1050
5118,961,1050
5119,963,1051
5120,964,1050
5121,959,1046
5122,959,1048
5123,961,1049
5124,960,1050
5125,964,1053
5126,964,1051
5127,961,1053
5128,958,1050
5129,959,1049
5130,962,1052
5131,965,1049
5132,961,1049
5133,958,1049
5134,957,1050
5135,960,1051
5136,962,1053
5137,962,1050
5138,960,1048
5139,955,1046
5140,954,1045
5141,956,1049
5142,962,1048
5143,964,1042
5144,964,1038
5145,960,1032
5146,960,1031
5147,959,1033
5148,967,1035
5149,970,1038
5150,971,1038
5151,966,1035
5152,966,1034
5153,965,1037
5154,972,1039
5155,974,1039
5156,973,1037
5157,973,1034
5158,968,1034
5159,968,1037
5160,975,1039
5161,978,1036
5162,981,1033
5163,981,1030
5164,981,1029
5165,983,1031
5166,986,1032
5167,989,1030
5168,986,1030
5169,983,1027
5170,984,1021
5171,992,1020
5172,996,1022
5173,1002,1021
5174,1002,1015
5175,1003,1011
5176,1004,1008
5177,1008,1009
5178,1014,1009
5179,1016,1006
5180,1015,1002
5181,1012,1000
5182,1012,1000
5183,1016,1001
5184,1015,1001
5185,1017,994
5186,1018,992
5187,1013,986
5188,1010,989
5189,1010,989
5190,1020,994
5191,1017,996
5192,1016,997
5193,1018,995
5194,1015,995
5195,1013,999
5196,1015,1002
5197,1015,1003
5198,1007,1006
5199,1004,1005
5200,1002,1011
5201,1000,1015
5202,999,1022
5203,998,1027
5204,991,1028
5205,986,1027
5206,983,1030
5207,984,1032
5208,982,1037
5209,981,1038
5210,975,1040
5211,970,1041
5212,971,1045
5213,973,1047
5214,974,1050
5215,969,1051
5216,965,1051
5217,960,1052
5218,963,1051
5219,966,1054
5220,968,1055
5221,969,1056
5222,970,1055
5223,970,1054
5224,969,1057
5225,969,1062
5226,970,1066
5227,971,1064
5228,970,1058
5229,967,1056
5230,962,1053
5231,963,1055
5232,965,1060
5233,971,1058
5234,970,1052
5235,967,1047
5236,967,1046
5237,969,1051
5238,970,1053
5239,969,1053
5240,969,1048
5241,969,1046
5242,969,1046
5243,971,1047
5244,974,1053
5245,976,1052
5246,973,1048
5247,972,1045
5248,969,1048
5249,970,1053
5250,972,1056
5251,976,1056
5252,976,1051
5253,975,1048
5254,972,1051
5255,972,1054
5256,972,1058
5257,979,1054
5258,977,1052
5259,978,1049
5260,976,1047
5261,975,1051
5262,975,1052
5263,980,1054
5264,976,1052
5265,974,1051
5266,973,1054
5267,973,1056
5268,977,1055
5269,978,1053
5270,978,1047
5271,974,1044
5272,971,1044
5273,976,1049
5274,976,1054
5275,979,1051
5276,979,1048
5277,974,1047
5278,972,1047
5279,973,1052
5280,972,1053
5281,973,1051
5282,973,1052
5283,973,1050
5284,968,1055
5285,970,1056
5286,975,1052
5287,980,1049
5288,980,1038
5289,973,1034
5290,970,1036
5291,971,1042
5292,975,1049
5293,982,1050
5294,978,1045
5295,976,1044
5296,974,1045
5297,975,1047
5298,978,1051
5299,981,1052
5300,980,1050
5301,974,1047
5302,971,1049
5303,974,1050
5304,975,1054
5305,978,1053
5306,979,1054
5307,974,1052
5308,975,1054
5309,974,1058
5310,976,1061
5311,977,1062
5312,975,1062
5313,974,1061
5314,973,1060
5315,975,1061
5316,975,1057
5317,976,1048
5318,977,1041
5319,974,1035
5320,969,1037
5321,968,1039
5322,971,1044
5323,974,1044
5324,973,1044
5325,970,1040
5326,966,1040
5327,969,1043
5328,971,1046
5329,976,1045
5330,978,1044
5331,978,1043
5332,974,1043
5333,975,1047
5334,977,1050
5335,981,1051
5336,979,1047
5337,975,1043
5338,971,1039
5339,972,1043
5340,977,1047
5341,984,1047
5342,987,1041
5343,991,1036
5344,999,1033
5345,1009,1034
5346,1028,1036
5347,1044,1034
5348,1066,1032
5349,1093,1029
5350,1124,1025
5351,1163,1019
5352,1207,1015
5353,1247,1014
5354,1282,1016
5355,1304,1027
5356,1301,1043
5357,1278,1056
5358,1233,1063
5359,1170,1057
5360,1111,1061
5361,1045,1067
5362,988,1075
5363,950,1082
5364,943,1085
5365,953,1082
5366,963,1069
5367,967,1058
5368,969,1053
5369,969,1052
5370,969,1052
5371,968,1049
5372,964,1051
5373,962,1046
5374,960,1043
5375,964,1040
5376,965,1044
5377,966,1047
5378,958,1043
5379,956,1041
5380,958,1041
5381,958,1046
5382,963,1049
5383,960,1048
5384,961,1048
5385,959,1045
5386,958,1047
5387,958,1051
5388,959,1052
5389,961,1053
5390,959,1052
5391,959,1050
5392,956,1049
5393,961,1049
5394,959,1051
5395,962,1049
5396,955,1048
5397,953,1043
5398,951,1045
5399,953,1047
5400,958,1051
5401,961,1051
5402,960,1046
5403,956,1045
5404,957,1045
5405,957,1045
5406,958,1044
5407,960,1046
5408,960,1045
5409,955,1038
5410,959,1036
5411,962,1033
5412,963,1039
5413,966,1039
5414,962,1040
5415,962,1039
5416,959,1040
5417,957,1043
5418,960,1047
5419,965,1044
5420,962,1037
5421,961,1036
5422,962,1034
5423,963,1036
5424,973,1036
5425,973,1037
5426,972,1034
5427,969,1034
5428,972,1036
5429,975,1036
5430,979,1039
5431,980,1034
5432,983,1034
5433,980,1029
5434,979,1029
5435,983,1030
5436,988,1033
5437,990,1029
5438,993,1026
5439,991,1023
5440,992,1022
5441,992,1025
5442,998,1026
5443,1001,1028
5444,1003,1022
5445,1005,1015
5446,1000,1014
5447,1002,1015
5448,1005,1015
5449,1009,1015
5450,1006,1012
5451,1008,1008
5452,1008,1010
5453,1013,1010
5454,1014,1013
5455,1018,1014
5456,1017,1010
5457,1017,1004
5458,1015,1001
5459,1014,999
5460,1017,1000
5461,1014,1003
5462,1011,1004
5463,1008,1004
5464,1003,1006
5465,1005,1008
5466,1007,1013
5467,1008,1011
5468,1006,1013
5469,1001,1012
5470,993,1018
5471,990,1022
5472,991,1028
5473,989,1028
5474,987,1027
5475,982,1026
5476,979,1031
5477,977,1035
5478,982,1039
5479,984,1041
5480,983,1038
5481,979,1037
5482,973,1041
5483,974,1045
5484,977,1048
5485,979,1046
5486,975,1047
5487,972,1046
5488,970,1047
5489,974,1049
5490,974,1053
5491,979,1051
5492,973,1048
5493,971,1047
5494,967,1053
5495,968,1059
5496,975,1062
5497,978,1063
5498,977,1057
5499,973,1054
5500,970,1054
5501,971,1054
5502,974,1057
5503,977,1057
5504,974,1055
5505,974,1052
5506,975,1051
5507,979,1051
5508,983,1051
5509,990,1050
5510,990,1050
5511,990,1048
5512,989,1051
5513,999,1057
5514,1000,1060
5515,1005,1059
5516,1005,1058
5517,1008,1056
5518,1013,1055
5519,1025,1055
5520,1042,1052
5521,1055,1039
5522,1066,1028
5523,1074,1010
5524,1083,1000
5525,1094,991
5526,1109,982
5527,1122,972
5528,1134,959
5529,1144,943
5530,1156,928
5531,1175,908
5532,1194,893
5533,1212,881
5534,1226,868
5535,1233,855
5536,1235,845
5537,1229,845
5538,1231,847
5539,1228,850
5540,1227,849
5541,1221,845
5542,1210,849
5543,1195,857
5544,1180,864
5545,1159,868
5546,1131,876
5547,1107,884
5548,1088,895
5549,1071,907
5550,1057,918
5551,1047,930
5552,1037,941
5553,1025,949
5554,1023,951
5555,1023,954
5556,1020,962
5557,1021,972
5558,1024,979
5559,1031,988
5560,1043,995
5561,1059,1005
5562,1072,1010
5563,1070,1012
5564,1056,1012
5565,1026,1011
5566,992,1017
5567,965,1028
5568,951,1037
5569,941,1044
5570,934,1054
5571,925,1062
5572,924,1068
5573,919,1072
5574,917,1077
5575,917,1077
5576,912,1077
5577,905,1078
5578,905,1078
5579,903,1083
5580,901,1090
5581,897,1092
5582,896,1091
5583,891,1092
5584,889,1090
5585,891,1099
5586,891,1103
5587,891,1105
5588,883,1103
5589,880,1101
5590,879,1103
5591,881,1105
5592,885,1109
5593,889,1108
5594,886,1106
5595,882,1106
5596,877,1106
5597,877,1112
5598,879,1115
5599,877,1115
5600,875,1113
5601,870,1110
5602,870,1116
5603,871,1118
5604,869,1121
5605,869,1121
5606,864,1122
5607,863,1120
5608,861,1122
5609,868,1126
5610,870,1128
5611,870,1128
5612,866,1127
5613,866,1128
5614,866,1132
5615,868,1136
5616,871,1138
5617,868,1139
5618,864,1139
5619,865,1138
5620,864,1137
5621,869,1142
5622,871,1147
5623,873,1145
5624,868,1144
5625,864,1144
5626,865,1149
5627,865,1154
5628,870,1155
5629,871,1151
5630,874,1149
5631,869,1146
5632,867,1152
5633,873,1156
5634,880,1158
5635,879,1155
5636,881,1150
5637,876,1145
5638,880,1143
5639,890,1145
5640,896,1145
5641,902,1141
5642,906,1136
5643,905,1132
5644,906,1130
5645,909,1133
5646,918,1132
5647,923,1129
5648,925,1121
5649,924,1118
5650,929,1113
5651,934,1113
5652,943,1113
5653,946,1108
5654,947,1103
5655,945,1096
5656,947,1096
5657,954,1096
5658,955,1092
5659,958,1085
5660,960,1081
5661,955,1074
5662,957,1071
5663,958,1070
5664,961,1070
5665,957,1068
5666,960,1064
5667,961,1058
5668,961,1059
5669,962,1061
5670,965,1064
5671,966,1060
5672,967,1059
5673,964,1055
5674,964,1055
5675,963,1056
5676,966,1054
5677,964,1048
5678,962,1046
5679,964,1043
5680,962,1046
5681,962,1050
5682,964,1055
5683,964,1056
5684,964,1055
5685,963,1050
5686,963,1048
5687,964,1049
5688,967,1052
5689,968,1049
5690,962,1045
5691,959,1043
5692,958,1045
5693,964,1050
5694,967,1051
5695,970,1049
5696,968,1046
5697,965,1042
5698,966,1041
5699,967,1043
5700,969,1045
5701,969,1044
5702,967,1040
5703,967,1041
5704,968,1040
5705,972,1041
5706,972,1043
5707,977,1042
5708,974,1039
5709,973,1038
5710,974,1039
5711,974,1041
5712,979,1046
5713,979,1044
5714,976,1039
5715,969,1039
5716,969,1039
5717,973,1039
5718,976,1042
5719,977,1044
5720,973,1041
5721,966,1044
5722,969,1041
5723,976,1046
5724,978,1045
5725,979,1040
5726,976,1034
5727,968,1031
5728,968,1036
5729,976,1039
5730,978,1042
5731,978,1042
5732,977,1041
5733,972,1042
5734,972,1041
5735,976,1039
5736,976,1036
5737,976,1033
5738,974,1033
5739,973,1030
5740,971,1032
5741,974,1037
5742,977,1041
5743,976,1041
5744,975,1040
5745,972,1041
5746,969,1044
5747,969,1045
5748,970,1048
5749,971,1045
5750,971,1041
5751,968,1034
5752,968,1034
5753,967,1038
5754,970,1041
5755,973,1042
5756,970,1039
5757,967,1038
5758,966,1041
5759,968,1047
5760,968,1050
5761,970,1043
5762,967,1038
5763,964,1033
5764,964,1035
5765,967,1039
5766,971,1045
5767,973,1045
5768,976,1043
5769,974,1042
5770,967,1040
5771,969,1040
5772,971,1045
5773,975,1048
5774,971,1050
5775,968,1050
5776,968,1048
5777,972,1048
5778,973,1048
5779,974,1045
5780,968,1042
5781,965,1040
5782,962,1041
5783,967,1044
5784,970,1042
5785,972,1041
5786,970,1037
5787,969,1035
5788,968,1036
5789,973,1038
5790,973,1042
5791,969,1038
5792,971,1037
5793,967,1035
5794,966,1037
5795,965,1039
5796,971,1042
5797,974,1039
5798,975,1038
5799,972,1036
5800,971,1038
5801,972,1039
5802,970,1041
5803,971,1041
5804,975,1037
5805,970,1036
5806,969,1037
5807,971,1041
5808,974,1047
5809,975,1046
5810,977,1046
5811,974,1043
5812,975,1043
5813,973,1047
5814,977,1048
5815,979,1046
5816,975,1040
5817,974,1038
5818,972,1039
5819,973,1042
5820,977,1045
5821,979,1043
5822,978,1042
5823,974,1040
5824,974,1044
5825,979,1046
5826,982,1048
5827,985,1049
5828,979,1048
5829,977,1051
5830,976,1048
5831,979,1048
5832,979,1049
5833,986,1045
5834,988,1039
5835,990,1035
5836,993,1033
5837,1001,1029
5838,1015,1031
5839,1031,1027
5840,1051,1021
5841,1072,1020
5842,1096,1014
5843,1127,1013
5844,1161,1009
5845,1197,1003
5846,1229,1000
5847,1257,1002
5848,1279,1014
5849,1295,1026
5850,1292,1038
5851,1266,1044
5852,1222,1041
5853,1167,1035
5854,1115,1038
5855,1059,1047
5856,1011,1052
5857,968,1056
5858,946,1060
5859,936,1061
5860,949,1059
5861,960,1058
5862,970,1051
5863,973,1044
5864,971,1038
5865,966,1034
5866,965,1034
5867,963,1038
5868,966,1039
5869,966,1034
5870,966,1032
5871,961,1031
5872,958,1036
5873,961,1039
5874,961,1040
5875,962,1041
5876,959,1038
5877,961,1034
5878,959,1038
5879,963,1040
5880,965,1047
5881,966,1049
5882,962,1048
5883,963,1041
5884,959,1040
5885,964,1039
5886,967,1039
5887,967,1042
5888,960,1039
5889,958,1038
5890,961,1040
5891,963,1045
5892,962,1046
5893,965,1044
5894,966,1038
5895,958,1034
5896,955,1039
5897,958,1043
5898,962,1045
5899,966,1041
5900,964,1036
5901,960,1033
5902,959,1035
5903,959,1038
5904,961,1042
5905,962,1042
5906,962,1041
5907,962,1036
5908,961,1036
5909,960,1040
5910,964,1041
5911,965,1039
5912,962,1038
5913,960,1035
5914,961,1037
5915,963,1040
5916,966,1039
5917,968,1034
5918,968,1032
5919,964,1029
5920,963,1028
5921,968,1031
5922,971,1035
5923,971,1037
5924,970,1034
5925,968,1034
5926,971,1036
5927,972,1037
5928,979,1038
5929,980,1032
5930,979,1029
5931,979,1026
5932,977,1023
5933,981,1024
5934,986,1023
5935,989,1021
5936,988,1016
5937,989,1013
5938,989,1012
5939,994,1014
5940,999,1013
5941,1004,1012
5942,999,1008
5943,995,1004
5944,998,1001
5945,999,1000
5946,1003,1001
5947,1009,995
5948,1007,995
5949,1006,992
5950,1004,993
5951,1006,998
5952,1009,997
5953,1011,998
5954,1011,997
5955,1011,994
5956,1012,992
5957,1013,991
5958,1014,995
5959,1013,994
5960,1011,995
5961,1011,994
5962,1012,995
5963,1011,997
5964,1014,1002
5965,1014,1005
5966,1009,1007
5967,1003,1011
5968,1001,1017
5969,998,1021
5970,1001,1027
5971,999,1027
5972,994,1021
5973,992,1022
5974,989,1026
5975,991,1033
5976,988,1040
5977,990,1042
5978,983,1039
5979,978,1037
5980,973,1037
5981,977,1042
5982,978,1044
5983,981,1042
5984,973,1042
5985,965,1043
5986,968,1047
5987,971,1050
5988,973,1052
5989,974,1050
5990,973,1047
5991,970,1047
5992,967,1048
5993,970,1053
5994,975,1054
5995,976,1053
5996,974,1049
5997,973,1048
5998,971,1049
5999,975,1051
6000,978,1056
6001,977,1054
6002,978,1053
6003,971,1048
6004,974,1045
6005,972,1047
6006,976,1048
6007,972,1046
6008,974,1051
6009,973,1049
6010,973,1050
6011,976,1051
6012,975,1050
6013,978,1049
6014,977,1044
6015,977,1044
6016,977,1050
6017,979,1054
6018,981,1053
6019,983,1051
6020,983,1048
6021,978,1046
6022,978,1045
6023,979,1049
6024,983,1051
6025,983,1049
6026,979,1048
6027,976,1042
6028,975,1041
6029,977,1041
6030,981,1042
6031,982,1040
6032,980,1035
6033,978,1035
6034,978,1034
6035,979,1037
6036,982,1041
6037,983,1043
6038,980,1040
6039,974,1037
6040,974,1035
6041,973,1036
6042,979,1038
6043,984,1037
6044,982,1037
6045,980,1036
6046,977,1037
6047,978,1040
6048,981,1044
6049,981,1039
6050,982,1038
6051,980,1035
6052,977,1037
6053,979,1042
6054,980,1047
6055,979,1046
6056,977,1046
6057,974,1039
6058,975,1039
6059,980,1039
6060,982,1041
6061,983,1041
6062,981,1041
6063,978,1042
6064,977,1050
6065,979,1052
6066,979,1052
6067,979,1049
6068,981,1045
6069,977,1040
6070,977,1039
6071,977,1038
6072,979,1039
6073,976,1038
6074,974,1037
6075,976,1034
6076,975,1037
6077,978,1040
6078,977,1040
6079,980,1043
6080,982,1041
6081,979,1040
6082,976,1043
6083,976,1042
6084,976,1042
6085,979,1037
6086,980,1033
6087,982,1029
6088,991,1028
6089,1002,1026
6090,1022,1030
6091,1040,1024
6092,1058,1027
6093,1085,1025
6094,1121,1024
6095,1166,1019
6096,1211,1017
6097,1258,1012
6098,1293,1015
6099,1308,1022
6100,1302,1036
6101,1271,1047
6102,1222,1049
6103,1161,1048
6104,1093,1049
6105,1029,1060
6106,973,1072
6107,939,1084
6108,935,1084
6109,944,1077
6110,953,1063
6111,960,1053
6112,964,1043
6113,967,1042
6114,970,1042
6115,971,1039
6116,971,1034
6117,967,1034
6118,967,1034
6119,962,1036
6120,963,1042
6121,963,1042
6122,961,1040
6123,958,1036
6124,956,1032
6125,951,1035
6126,956,1039
6127,957,1038
6128,956,1036
6129,956,1032
6130,957,1033
6131,957,1037
6132,959,1041
6133,958,1042
6134,955,1041
6135,952,1040
6136,950,1038
6137,955,1036
6138,954,1035
6139,956,1031
6140,953,1031
6141,950,1029
6142,951,1033
6143,952,1037
6144,955,1039
6145,956,1040
6146,952,1036
6147,952,1038
6148,948,1040
6149,949,1043
6150,951,1044
6151,951,1042
6152,950,1036
6153,949,1032
6154,948,1035
6155,952,1040
6156,952,1045
6157,953,1045
6158,951,1040
6159,953,1038
6160,950,1036
6161,952,1035
6162,958,1039
6163,961,1035
6164,959,1033
6165,957,1033
6166,959,1032
6167,962,1032
6168,969,1031
6169,968,1029
6170,966,1028
6171,962,1024
6172,967,1024
6173,973,1022
6174,977,1022
6175,978,1019
6176,977,1016
6177,976,1016
6178,981,1015
6179,985,1018
6180,990,1020
6181,988,1013
6182,987,1008
6183,982,1003
6184,981,1001
6185,982,1000
6186,988,1002
6187,991,1004
6188,990,1000
6189,989,1000
6190,989,1001
6191,991,1002
6192,994,1001
6193,993,1000
6194,989,998
6195,986,999
6196,988,1000
6197,992,1003
6198,996,1007
6199,995,1002
6200,992,1001
6201,987,1005
6202,989,1005
6203,990,1010
6204,992,1010
6205,993,1008
6206,990,1008
6207,986,1010
6208,986,1016
6209,985,1020
6210,987,1027
6211,984,1028
6212,977,1024
6213,974,1022
6214,975,1020
6215,973,1025
6216,977,1033
6217,978,1034
6218,976,1031
6219,968,1028
6220,965,1033
6221,964,1040
6222,966,1044
6223,964,1041
6224,965,1039
6225,961,1039
6226,960,1038
6227,961,1042
6228,963,1041
6229,964,1040
6230,962,1043
6231,960,1041
6232,957,1045
6233,961,1046
6234,959,1049
6235,958,1044
6236,958,1040
6237,948,1043
6238,951,1045
6239,954,1048
6240,956,1047
6241,954,1045
6242,955,1047
6243,954,1045
6244,953,1044
6245,957,1046
6246,960,1046
6247,962,1045
6248,958,1043
6249,955,1048
6250,953,1047
6251,957,1051
6252,962,1055
6253,960,1049
6254,957,1043
6255,955,1038
6256,957,1043
6257,959,1046
6258,965,1050
6259,965,1052
6260,963,1050
6261,960,1050
6262,958,1048
6263,960,1041
6264,964,1043
6265,966,1040
6266,963,1041
6267,961,1043
6268,962,1041
6269,963,1041
6270,969,1045
6271,970,1042
6272,967,1038
6273,965,1039
6274,966,1039
6275,967,1041
6276,969,1042
6277,968,1037
6278,963,1038
6279,958,1035
6280,957,1037
6281,961,1036
6282,963,1037
6283,962,1034
6284,957,1032
6285,953,1033
6286,953,1035
6287,960,1038
6288,962,1041
6289,961,1036
6290,960,1031
6291,954,1033
6292,956,1039
6293,955,1042
6294,959,1045
6295,959,1044
6296,957,1037
6297,954,1030
6298,956,1032
6299,959,1034
6300,965,1038
6301,966,1041
6302,959,1039
6303,958,1038
6304,958,1036
6305,959,1040
6306,963,1039
6307,963,1040
6308,963,1040
6309,958,1038
6310,959,1040
6311,963,1040
6312,967,1044
6313,967,1046
6314,966,1043
6315,963,1041
6316,960,1043
6317,963,1043
6318,962,1044
6319,965,1041
6320,960,1040
6321,958,1037
6322,957,1038
6323,964,1044
6324,967,1044
6325,967,1041
6326,967,1039
6327,963,1037
6328,966,1039
6329,970,1040
6330,976,1041
6331,975,1040
6332,973,1035
6333,974,1033
6334,971,1031
6335,972,1034
6336,973,1033
6337,973,1034
6338,976,1029
6339,981,1026
6340,988,1025
6341,1001,1025
6342,1020,1025
6343,1038,1026
6344,1059,1020
6345,1087,1018
6346,1122,1013
6347,1163,1009
6348,1204,1003
6349,1247,998
6350,1277,1000
6351,1300,1009
6352,1302,1028
6353,1284,1045
6354,1241,1053
6355,1182,1048
6356,1113,1046
6357,1051,1049
6358,990,1062
6359,948,1069
6360,933,1073
6361,933,1069
6362,945,1060
6363,951,1052
6364,957,1048
6365,962,1049
6366,962,1048
6367,963,1044
6368,960,1033
6369,955,1030
6370,953,1032
6371,956,1034
6372,957,1039
6373,958,1035
6374,954,1033
6375,950,1032
6376,952,1031
6377,954,1035
6378,955,1041
6379,953,1038
6380,950,1036
6381,947,1036
6382,949,1036
6383,950,1036
6384,955,1037
6385,955,1038
6386,954,1037
6387,951,1036
6388,952,1042
6389,953,1038
6390,955,1040
6391,953,1036
6392,952,1031
6393,948,1034
6394,947,1033
6395,949,1036
6396,954,1037
6397,953,1031
6398,949,1028
6399,946,1027
6400,947,1031
6401,951,1033
6402,956,1038
6403,957,1032
6404,954,1030
6405,952,1030
6406,952,1029
6407,955,1034
6408,960,1039
6409,959,1038
6410,956,1037
6411,952,1030
6412,955,1034
6413,960,1034
6414,962,1036
6415,964,1032
6416,963,1027
6417,961,1023
6418,963,1025
6419,967,1027
6420,972,1029
6421,973,1030
6422,971,1023
6423,969,1022
6424,969,1025
6425,973,1027
6426,978,1025
6427,980,1021
6428,979,1019
6429,980,1020
6430,983,1018
6431,986,1020
6432,990,1020
6433,994,1014
6434,989,1013
6435,992,1014
6436,993,1017
6437,997,1015
6438,1001,1012
6439,1002,1007
6440,1002,1002
6441,1000,1001
6442,1002,1002
6443,1004,1004
6444,1007,1004
6445,1009,1001
6446,1010,996
6447,1006,994
6448,1005,995
6449,1006,998
6450,1012,997
6451,1010,996
6452,1007,995
6453,1003,994
6454,1005,996
6455,1006,1001
6456,1006,1005
6457,1005,1006
6458,1002,1007
6459,997,1008
6460,994,1012
6461,992,1016
6462,993,1019
6463,992,1017
6464,987,1014
6465,985,1018
6466,981,1024
6467,981,1028
6468,982,1030
6469,976,1031
6470,974,1031
6471,972,1033
6472,974,1035
6473,977,1038
6474,979,1041
6475,974,1045
6476,973,1041
6477,968,1039
6478,970,1039
6479,973,1042
6480,972,1045
6481,974,1044
6482,975,1042
6483,973,1043
6484,972,1046
6485,974,1048
6486,980,1048
6487,981,1048
6488,983,1046
6489,986,1044
6490,992,1049
6491,996,1054
6492,1001,1056
6493,1009,1058
6494,1013,1055
6495,1019,1054
6496,1036,1051
6497,1054,1041
6498,1068,1027
6499,1077,1009
6500,1089,994
6501,1102,983
6502,1121,972
6503,1142,958
6504,1160,942
6505,1179,922
6506,1199,901
6507,1219,877
6508,1238,859
6509,1258,843
6510,1266,832
6511,1267,824
6512,1260,822
6513,1253,825
6514,1250,825
6515,1245,826
6516,1240,825
6517,1223,826
6518,1195,824
6519,1168,828
6520,1140,835
6521,1118,847
6522,1097,861
6523,1072,871
6524,1050,881
6525,1033,893
6526,1029,907
6527,1031,925
6528,1033,938
6529,1027,948
6530,1025,957
6531,1028,968
6532,1047,981
6533,1071,994
6534,1093,1002
6535,1089,1005
6536,1064,1009
6537,1027,1014
6538,984,1025
6539,952,1039
6540,937,1049
6541,927,1059
6542,922,1066
6543,916,1069
6544,913,1072
6545,911,1075
6546,908,1077
6547,903,1080
6548,897,1081
6549,887,1085
6550,886,1085
6551,884,1090
6552,886,1086
6553,881,1086
6554,879,1086
6555,874,1088
6556,871,1090
6557,873,1093
6558,874,1093
6559,873,1092
6560,869,1092
6561,867,1093
6562,866,1093
6563,869,1097
6564,871,1099
6565,870,1098
6566,868,1101
6567,866,1101
6568,867,1105
6569,867,1107
6570,870,1111
6571,871,1114
6572,865,1114
6573,865,1115
6574,865,1120
6575,865,1121
6576,866,1124
6577,869,1127
6578,865,1126
6579,865,1129
6580,866,1134
6581,869,1141
6582,870,1144
6583,872,1149
6584,870,1143
6585,868,1143
6586,871,1146
6587,874,1149
6588,876,1146
6589,875,1143
6590,874,1138
6591,873,1139
6592,873,1141
6593,879,1146
6594,883,1151
6595,887,1151
6596,882,1145
6597,883,1141
6598,883,1142
6599,891,1141
6600,895,1141
6601,899,1138
6602,900,1136
6603,903,1132
6604,907,1131
6605,915,1129
6606,922,1128
6607,926,1122
6608,928,1115
6609,928,1109
6610,930,1107
6611,937,1103
6612,941,1097
6613,944,1090
6614,945,1086
6615,943,1082
6616,943,1082
6617,947,1082
6618,955,1078
6619,956,1072
6620,956,1064
6621,954,1059
6622,954,1060
6623,958,1060
6624,958,1059
6625,957,1056
6626,955,1053
6627,953,1053
6628,953,1055
6629,955,1058
6630,959,1058
6631,957,1056
6632,953,1047
6633,951,1044
6634,949,1045
6635,953,1047
6636,955,1048
6637,958,1046
6638,956,1043
6639,952,1039
6640,955,1039
6641,959,1039
6642,958,1039
6643,958,1038
6644,954,1035
6645,949,1035
6646,950,1038
6647,953,1042
6648,957,1039
6649,956,1034
6650,955,1030
6651,956,1029
6652,955,1030
6653,958,1032
6654,961,1031
6655,960,1030
6656,959,1027
6657,960,1026
6658,961,1028
6659,963,1031
6660,966,1034
6661,961,1033
6662,960,1031
6663,959,1031
6664,961,1031
6665,965,1035
6666,969,1035
6667,967,1032
6668,965,1029
6669,963,1030
6670,963,1032
6671,964,1035
6672,970,1036
6673,970,1034
6674,967,1033
6675,964,1033
6676,962,1035
6677,964,1035
6678,967,1037
6679,965,1034
6680,965,1029
6681,962,1029
6682,963,1035
6683,965,1036
6684,967,1039
6685,967,1038
6686,967,1037
6687,965,1038
6688,965,1035
6689,968,1035
6690,968,1034
6691,966,1028
6692,967,1023
6693,961,1022
6694,961,1024
6695,959,1029
6696,962,1030
6697,962,1028
6698,963,1025
6699,960,1023
6700,962,1024
6701,962,1028
6702,968,1026
6703,967,1026
6704,961,1025
6705,962,1024
6706,963,1025
6707,966,1028
6708,967,1028
6709,965,1027
6710,960,1025
6711,959,1024
6712,961,1025
6713,963,1030
6714,965,1031
6715,963,1031
6716,961,1031
6717,958,1029
6718,959,1032
6719,960,1033
6720,964,1038
6721,964,1039
6722,961,1034
6723,959,1027
6724,958,1023
6725,960,1022
6726,964,1022
6727,963,1022
6728,961,1019
6729,958,1020
6730,956,1022
6731,959,1026
6732,960,1030
6733,960,1029
6734,958,1027
6735,958,1029
6736,958,1030
6737,958,1036
6738,961,1035
6739,961,1035
6740,957,1030
6741,956,1031
6742,957,1031
6743,963,1032
6744,966,1029
6745,964,1028
6746,960,1026
6747,959,1026
6748,957,1026
6749,959,1028
6750,963,1029
6751,960,1027
6752,959,1025
6753,960,1028
6754,960,1027
6755,964,1029
6756,964,1030
6757,966,1025
6758,963,1022
6759,958,1022
6760,957,1027
6761,961,1031
6762,966,1030
6763,966,1031
6764,966,1028
6765,961,1026
6766,957,1027
6767,956,1029
6768,964,1029
6769,959,1029
6770,960,1025
6771,959,1025
6772,959,1027
6773,961,1029
6774,963,1031
6775,961,1027
6776,958,1024
6777,957,1025
6778,957,1025
6779,959,1028
6780,961,1031
6781,961,1029
6782,962,1026
6783,960,1026
6784,958,1023
6785,960,1028
6786,958,1028
6787,958,1029
6788,955,1029
6789,958,1029
6790,957,1028
6791,959,1033
6792,961,1033
6793,964,1033
6794,962,1027
6795,961,1024
6796,962,1025
6797,964,1026
6798,966,1029
6799,965,1027
6800,963,1022
6801,958,1022
6802,959,1022
6803,961,1025
6804,966,1030
6805,967,1027
6806,966,1025
6807,963,1023
6808,961,1024
6809,967,1024
6810,969,1029
6811,968,1028
6812,967,1025
6813,967,1021
6814,968,1022
6815,968,1025
6816,971,1023
6817,962,1021
6818,964,1020
6819,965,1020
6820,962,1024
6821,965,1026
6822,969,1027
6823,968,1025
6824,967,1021
6825,963,1022
6826,965,1024
6827,966,1027
6828,970,1026
6829,965,1025
6830,965,1022
6831,963,1023
6832,964,1023
6833,966,1026
6834,969,1026
6835,966,1024
6836,962,1024
6837,960,1022
6838,957,1027
6839,960,1030
6840,965,1030
6841,965,1029
6842,961,1027
6843,960,1029
6844,963,1026
6845,967,1030
6846,970,1029
6847,971,1025
6848,967,1024
6849,963,1022
6850,963,1020
6851,962,1021
6852,967,1020
6853,971,1017
6854,970,1013
6855,965,1014
6856,964,1014
6857,969,1024
6858,972,1027
6859,972,1025
6860,969,1022
6861,968,1021
6862,969,1022
6863,970,1023
6864,973,1023
6865,975,1023
6866,975,1020
6867,970,1020
6868,974,1020
6869,983,1017
6870,997,1018
6871,1014,1016
6872,1034,1013
6873,1056,1010
6874,1088,1009
6875,1125,1000
6876,1161,989
6877,1203,980
6878,1240,977
6879,1275,981
6880,1299,996
6881,1298,1016
6882,1270,1026
6883,1213,1028
6884,1146,1024
6885,1083,1026
6886,1024,1034
6887,975,1038
6888,949,1044
6889,944,1039
6890,955,1034
6891,966,1029
6892,971,1027
6893,970,1028
6894,966,1027
6895,968,1023
6896,963,1020
6897,959,1017
6898,960,1018
6899,959,1022
6900,960,1022
6901,961,1021
6902,957,1015
6903,954,1015
6904,953,1020
6905,954,1023
6906,956,1025
6907,953,1023
6908,949,1024
6909,948,1023
6910,946,1028
6911,950,1027
6912,949,1028
6913,950,1027
6914,949,1025
6915,945,1025
6916,947,1024
6917,947,1025
6918,951,1023
6919,950,1025
6920,949,1025
6921,949,1024
6922,943,1026
6923,950,1029
6924,955,1027
6925,953,1025
6926,950,1023
6927,948,1021
6928,950,1026
6929,953,1027
6930,956,1027
6931,956,1024
6932,954,1021
6933,953,1023
6934,953,1023
6935,955,1026
6936,960,1027
6937,961,1026
6938,959,1024
6939,956,1027
6940,953,1030
6941,956,1032
6942,962,1034
6943,962,1029
6944,957,1025
6945,960,1023
6946,962,1025
6947,966,1023
6948,967,1023
6949,967,1018
6950,964,1012
6951,965,1013
6952,965,1016
6953,967,1016
6954,973,1019
6955,970,1014
6956,972,1014
6957,971,1011
6958,973,1012
6959,975,1015
6960,978,1014
6961,977,1013
6962,976,1011
6963,975,1008
6964,980,1009
6965,982,1008
6966,984,1006
6967,987,1006
6968,987,1004
6969,988,1005
6970,992,1005
6971,993,1008
6972,997,1007
6973,1000,1004
6974,999,1000
6975,999,1001
6976,1001,1000
6977,1005,1005
6978,1009,1006
6979,1011,1002
6980,1007,997
6981,1006,996
6982,1008,999
6983,1009,1004
6984,1012,1006
6985,1012,1004
6986,1006,1002
6987,1005,1003
6988,1004,1004
6989,1006,1010
6990,1005,1014
6991,1007,1015
6992,1001,1014
6993,999,1013
6994,995,1017
6995,994,1022
6996,995,1024
6997,991,1024
6998,985,1019
6999,983,1020
7000,978,1023
7001,980,1026
7002,980,1027
7003,980,1025
7004,975,1024
7005,970,1027
7006,968,1032
7007,971,1036
7008,973,1038
7009,970,1039
7010,968,1035
7011,963,1033
7012,961,1035
7013,961,1039
7014,965,1039
7015,962,1035
7016,962,1035
7017,958,1031
7018,957,1038
7019,964,1039
7020,967,1039
7021,968,1038
7022,963,1036
7023,960,1032
7024,962,1030
7025,968,1033
7026,971,1033
7027,967,1026
7028,965,1026
7029,963,1027
7030,965,1027
7031,969,1032
7032,970,1034
7033,970,1032
7034,968,1028
7035,968,1028
7036,968,1029
7037,969,1032
7038,973,1035
7039,974,1034
7040,969,1032
7041,970,1034
7042,962,1034
7043,970,1035
7044,975,1032
7045,973,1032
7046,970,1025
7047,965,1024
7048,965,1024
7049,971,1028
7050,973,1033
7051,975,1030
7052,972,1029
7053,969,1028
7054,967,1032
7055,971,1032
7056,975,1033
7057,971,1030
7058,969,1027
7059,965,1028
7060,965,1031
7061,967,1032
7062,971,1032
7063,970,1033
7064,968,1033
7065,963,1029
7066,964,1032
7067,964,1033
7068,968,1032
7069,968,1031
7070,968,1027
7071,963,1025
7072,961,1025
7073,961,1027
7074,966,1030
7075,967,1029
7076,963,1025
7077,959,1023
7078,961,1026
7079,963,1030
7080,967,1031
7081,966,1029
7082,964,1026
7083,961,1028
7084,963,1033
7085,961,1035
7086,968,1036
7087,965,1032
7088,960,1030
7089,957,1032
7090,960,1035
7091,962,1039
7092,967,1037
7093,965,1036
7094,965,1035
7095,963,1033
7096,961,1035
7097,965,1035
7098,966,1038
7099,966,1035
7100,962,1033
7101,959,1030
7102,959,1034
7103,958,1035
7104,961,1037
7105,965,1034
7106,960,1031
7107,959,1033
7108,958,1036
7109,961,1037
7110,966,1038
7111,963,1036
7112,960,1032
7113,956,1031
7114,954,1034
7115,958,1036
7116,960,1037
7117,959,1036
7118,957,1033
7119,957,1031
7120,958,1037
7121,960,1041
7122,963,1037
7123,966,1036
7124,963,1032
7125,959,1032
7126,959,1035
7127,960,1039
7128,965,1038
7129,964,1033
7130,958,1032
7131,955,1032
7132,956,1033
7133,957,1038
7134,962,1035
7135,962,1035
7136,957,1032
7137,956,1031
7138,958,1035
7139,956,1037
7140,960,1037
7141,962,1037
7142,959,1035
7143,955,1035
7144,958,1033
7145,961,1035
7146,963,1037
7147,961,1036
7148,958,1033
7149,955,1035
7150,958,1034
7151,960,1035
7152,962,1036
7153,962,1033
7154,958,1029
7155,954,1026
7156,954,1029
7157,955,1035
7158,958,1039
7159,958,1037
7160,958,1033
7161,954,1036
7162,956,1038
7163,959,1038
7164,964,1037
7165,962,1037
7166,958,1031
7167,954,1034
7168,957,1037
7169,959,1038
7170,959,1036
7171,960,1035
7172,956,1032
7173,956,1032
7174,957,1038
7175,958,1043
7176,959,1043
7177,959,1039
7178,957,1036
7179,959,1038
7180,959,1041
7181,963,1042
7182,969,1039
7183,967,1039
7184,966,1037
7185,965,1036
7186,967,1041
7187,968,1045
7188,973,1042
7189,972,1040
7190,974,1036
7191,968,1038
7192,963,1039
7193,964,1040
7194,973,1041
7195,972,1040
7196,969,1035
7197,968,1035
7198,967,1035
7199,971,1038
7200,974,1036
7201,973,1034
7202,973,1029
7203,972,1028
7204,977,1026
7205,991,1027
7206,1008,1027
7207,1027,1023
7208,1046,1020
7209,1069,1015
7210,1110,1012
7211,1154,1005
7212,1192,995
7213,1234,991
7214,1268,987
7215,1293,996
7216,1302,1012
7217,1283,1031
7218,1233,1035
7219,1161,1031
7220,1091,1035
7221,1027,1043
7222,972,1055
7223,937,1058
7224,930,1057
7225,942,1051
7226,959,1040
7227,968,1032
7228,970,1032
7229,970,1032
7230,967,1032
7231,965,1031
7232,962,1029
7233,959,1030
7234,957,1035
7235,955,1038
7236,961,1036
7237,960,1033
7238,956,1031
7239,955,1034
7240,952,1031
7241,950,1034
7242,949,1037
7243,952,1034
7244,949,1034
7245,950,1034
7246,950,1038
7247,952,1039
7248,955,1039
7249,956,1035
7250,950,1031
7251,948,1032
7252,948,1032
7253,951,1037
7254,955,1039
7255,950,1039
7256,949,1037
7257,946,1037
7258,947,1037
7259,947,1044
7260,952,1040
7261,950,1039
7262,951,1034
7263,949,1032
7264,951,1034
7265,953,1036
7266,956,1036
7267,954,1037
7268,952,1035
7269,952,1039
7270,955,1037
7271,955,1040
7272,957,1039
7273,958,1036
7274,957,1033
7275,958,1033
7276,963,1036
7277,963,1039
7278,966,1037
7279,963,1034
7280,962,1031
7281,965,1034
7282,970,1036
7283,973,1038
7284,977,1036
7285,977,1033
7286,975,1026
7287,976,1022
7288,977,1022
7289,983,1023
7290,987,1021
7291,987,1017
7292,987,1015
7293,986,1012
7294,988,1011
7295,991,1011
7296,993,1013
7297,994,1007
7298,994,1001
7299,993,1002
7300,995,1001
7301,996,1003
7302,1000,1005
7303,998,1002
7304,998,999
7305,995,1000
7306,996,1003
7307,998,1004
7308,996,1003
7309,999,1001
7310,995,997
7311,993,998
7312,993,1003
7313,997,1006
7314,1001,1008
7315,995,1008
7316,994,1006
7317,993,1009
7318,994,1011
7319,992,1015
7320,996,1018
7321,996,1017
7322,993,1019
7323,991,1021
7324,989,1026
7325,988,1030
7326,991,1035
7327,986,1037
7328,983,1036
7329,980,1038
7330,980,1040
7331,978,1043
7332,983,1046
7333,980,1044
7334,974,1044
7335,970,1045
7336,971,1046
7337,973,1047
7338,975,1046
7339,975,1045
7340,973,1039
7341,972,1042
7342,973,1043
7343,974,1045
7344,969,1042
7345,970,1036
7346,966,1032
7347,963,1033
7348,965,1036
7349,966,1039
7350,966,1039
7351,967,1040
7352,965,1038
7353,964,1041
7354,963,1042
7355,964,1045
7356,967,1046
7357,965,1044
7358,964,1043
7359,961,1042
7360,960,1044
7361,966,1047
7362,970,1049
7363,971,1049
7364,966,1048
7365,965,1047
7366,963,1050
7367,967,1053
7368,969,1053
7369,969,1051
7370,970,1048
7371,965,1046
7372,965,1050
7373,970,1052
7374,974,1052
7375,973,1049
7376,974,1047
7377,971,1047
7378,972,1048
7379,975,1051
7380,979,1050
7381,980,1047
7382,974,1044
7383,974,1046
7384,976,1046
7385,980,1048
7386,982,1047
7387,983,1046
7388,979,1043
7389,976,1038
7390,974,1040
7391,975,1038
7392,977,1039
7393,976,1036
7394,972,1032
7395,966,1030
7396,968,1035
7397,971,1039
7398,974,1036
7399,972,1033
7400,964,1031
7401,963,1033
7402,966,1039
7403,969,1042
7404,972,1041
7405,968,1040
7406,966,1041
7407,968,1038
7408,970,1042
7409,969,1042
7410,973,1046
7411,972,1047
7412,970,1041
7413,967,1043
7414,968,1043
7415,967,1049
7416,969,1051
7417,969,1047
7418,970,1046
7419,964,1048
7420,967,1048
7421,968,1050
7422,974,1051
7423,973,1050
7424,971,1047
7425,967,1047
7426,972,1046
7427,975,1049
7428,978,1051
7429,978,1048
7430,976,1044
7431,972,1043
7432,974,1044
7433,976,1046
7434,981,1048
7435,982,1043
7436,976,1042
7437,969,1042
7438,973,1047
7439,976,1048
7440,978,1044
7441,973,1038
7442,970,1037
7443,968,1039
7444,971,1044
7445,974,1048
7446,974,1046
7447,975,1042
7448,974,1036
7449,971,1037
7450,968,1038
7451,971,1041
7452,975,1041
7453,976,1041
7454,973,1038
7455,972,1035
7456,972,1041
7457,973,1044
7458,978,1044
7459,978,1043
7460,975,1038
7461,974,1040
7462,975,1045
7463,976,1046
7464,975,1045
7465,974,1045
7466,973,1043
7467,971,1044
7468,972,1046
7469,976,1049
7470,980,1048
7471,980,1047
7472,975,1044
7473,973,1043
7474,975,1045
7475,981,1048
7476,987,1043
7477,983,1041
7478,977,1041
7479,976,1042
7480,980,1046
7481,983,1050
7482,984,1050
7483,983,1046
7484,982,1042
7485,979,1042
7486,983,1040
7487,984,1041
7488,983,1039
7489,981,1035
7490,979,1037
7491,978,1039
7492,982,1042
7493,985,1044
7494,988,1045
7495,986,1047
7496,981,1042
7497,983,1044
7498,987,1044
7499,992,1044
7500,999,1037
7501,1009,1035
7502,1019,1033
7503,1032,1033
7504,1047,1036
7505,1078,1038
7506,1115,1036
7507,1155,1022
7508,1187,1006
7509,1219,1003
7510,1259,1004
7511,1290,1011
7512,1318,1023
7513,1319,1037
7514,1295,1047
7515,1254,1049
7516,1200,1048
7517,1148,1045
7518,1093,1048
7519,1031,1053
7520,967,1062
7521,928,1072
7522,920,1076
7523,941,1082
7524,959,1071
7525,970,1058
7526,969,1049
7527,970,1043
7528,973,1045
7529,974,1046
7530,972,1043
7531,968,1039
7532,969,1036
7533,964,1035
7534,966,1037
7535,962,1041
7536,968,1041
7537,966,1043
7538,961,1040
7539,962,1037
7540,962,1037
7541,969,1038
7542,970,1038
7543,968,1035
7544,965,1035
7545,962,1034
7546,963,1038
7547,963,1041
7548,966,1040
7549,966,1042
7550,962,1039
7551,957,1039
7552,960,1041
7553,962,1045
7554,964,1044
7555,967,1045
7556,964,1044
7557,962,1041
7558,959,1044
7559,962,1047
7560,964,1048
7561,964,1048
7562,966,1046
7563,963,1043
7564,967,1044
7565,971,1044
7566,975,1045
7567,971,1046
7568,971,1048
7569,969,1051
7570,969,1049
7571,970,1049
7572,975,1042
7573,974,1037
7574,972,1031
7575,969,1033
7576,970,1039
7577,971,1040
7578,975,1039
7579,972,1035
7580,969,1029
7581,971,1029
7582,974,1032
7583,973,1035
7584,974,1034
7585,975,1030
7586,977,1027
7587,976,1027
7588,978,1029
7589,983,1029
7590,984,1028
7591,988,1028
7592,987,1024
7593,989,1023
7594,989,1026
7595,994,1024
7596,997,1023
7597,999,1021
7598,999,1019
7599,998,1020
7600,1001,1020
7601,1010,1019
7602,1011,1020
7603,1012,1017
7604,1012,1013
7605,1009,1015
7606,1012,1016
7607,1017,1014
7608,1026,1010
7609,1024,1005
7610,1021,1006
7611,1017,1002
7612,1017,1008
7613,1021,1008
7614,1027,1006
7615,1026,1000
7616,1023,998
7617,1020,998
7618,1020,999
7619,1023,1001
7620,1026,1001
7621,1026,996
7622,1024,996
7623,1020,996
7624,1019,1002
7625,1021,1008
7626,1024,1014
7627,1023,1012
7628,1015,1007
7629,1007,1006
7630,1009,1008
7631,1012,1014
7632,1013,1016
7633,1011,1018
7634,1007,1015
7635,1001,1016
7636,1000,1022
7637,1002,1026
7638,1001,1028
7639,998,1028
7640,995,1029
7641,992,1032
7642,990,1033
7643,987,1037
7644,987,1037
7645,986,1037
7646,986,1033
7647,985,1040
7648,982,1041
7649,985,1047
7650,987,1046
7651,988,1045
7652,981,1041
7653,980,1048
7654,982,1049
7655,985,1054
7656,986,1058
7657,985,1058
7658,981,1054
7659,977,1055
7660,979,1057
7661,980,1059
7662,987,1061
7663,985,1057
7664,987,1057
7665,995,1063
7666,1002,1064
7667,1007,1065
7668,1014,1065
7669,1013,1064
7670,1018,1065
7671,1027,1067
7672,1046,1064
7673,1061,1053
7674,1076,1034
7675,1089,1016
7676,1097,997
7677,1112,986
7678,1131,978
7679,1149,970
7680,1159,957
7681,1173,942
7682,1185,925
7683,1204,904
7684,1228,894
7685,1248,880
7686,1260,867
7687,1265,854
7688,1260,851
7689,1252,855
7690,1251,859
7691,1251,864
7692,1251,864
7693,1238,860
7694,1222,859
7695,1198,861
7696,1175,867
7697,1153,876
7698,1128,883
7699,1099,891
7700,1073,899
7701,1052,914
7702,1038,927
7703,1030,940
7704,1027,951
7705,1023,963
7706,1016,972
7707,1011,980
7708,1011,991
7709,1019,1001
7710,1032,1005
7711,1050,1009
7712,1065,1009
7713,1067,1014
7714,1053,1022
7715,1027,1031
7716,996,1032
7717,968,1038
7718,950,1039
7719,938,1051
7720,938,1064
7721,938,1074
7722,936,1080
7723,929,1081
7724,923,1081
7725,919,1083
7726,917,1087
7727,917,1090
7728,915,1089
7729,909,1087
7730,906,1086
7731,902,1091
7732,901,1098
7733,904,1099
7734,905,1098
7735,902,1094
7736,897,1088
7737,893,1091
7738,893,1093
7739,897,1095
7740,900,1099
7741,898,1096
7742,894,1096
7743,895,1097
7744,895,1099
7745,893,1103
7746,893,1102
7747,892,1100
7748,886,1100
7749,883,1102
7750,883,1106
7751,884,1112
7752,884,1111
7753,881,1107
7754,876,1105
7755,869,1106
7756,871,1113
7757,873,1118
7758,875,1119
7759,874,1117
7760,868,1117
7761,864,1119
7762,869,1124
7763,870,1128
7764,872,1128
7765,869,1126
7766,864,1124
7767,866,1128
7768,868,1135
7769,871,1141
7770,872,1142
7771,869,1140
7772,867,1141
7773,868,1145
7774,870,1147
7775,876,1151
7776,878,1154
7777,877,1152
7778,874,1149
7779,876,1151
7780,875,1154
7781,881,1155
7782,884,1157
7783,885,1154
7784,884,1148
7785,882,1150
7786,886,1149
7787,892,1147
7788,900,1143
7789,903,1140
7790,902,1135
7791,904,1138
7792,908,1135
7793,913,1135
7794,919,1129
7795,921,1123
7796,922,1118
7797,923,1117
7798,929,1118
7799,937,1117
7800,945,1116
7801,949,1108
7802,951,1098
7803,950,1093
7804,951,1087
7805,956,1088
7806,961,1085
7807,964,1079
7808,963,1075
7809,963,1072
7810,964,1070
7811,965,1073
7812,968,1070
7813,968,1067
7814,967,1064
7815,965,1065
7816,972,1064
7817,974,1066
7818,977,1061
7819,972,1055
7820,972,1053
7821,969,1051
7822,968,1054
7823,971,1055
7824,975,1055
7825,974,1049
7826,973,1049
7827,971,1049
7828,972,1054
7829,975,1055
7830,976,1055
7831,977,1051
7832,974,1050
7833,973,1050
7834,971,1052
7835,973,1052
7836,974,1052
7837,976,1048
7838,973,1047
7839,971,1049
7840,973,1049
7841,976,1051
7842,980,1051
7843,981,1046
7844,977,1041
7845,974,1043
7846,975,1046
7847,976,1048
7848,981,1044
7849,976,1045
7850,978,1041
7851,973,1043
7852,975,1044
7853,979,1045
7854,980,1043
7855,982,1042
7856,981,1040
7857,981,1041
7858,983,1039
7859,985,1041
7860,987,1040
7861,985,1041
7862,982,1039
7863,982,1039
7864,981,1042
7865,982,1043
7866,984,1042
7867,978,1039
7868,973,1037
7869,970,1038
7870,976,1043
7871,981,1047
7872,984,1046
7873,980,1042
7874,978,1044
7875,974,1041
7876,976,1045
7877,977,1046
7878,979,1045
7879,975,1042
7880,974,1041
7881,972,1043
7882,975,1046
7883,974,1049
7884,978,1048
7885,978,1047
7886,973,1043
7887,969,1041
7888,969,1044
7889,977,1046
7890,978,1047
7891,977,1047
7892,974,1041
7893,972,1043
7894,973,1045
7895,977,1048
7896,980,1047
7897,980,1043
7898,978,1038
7899,972,1039
7900,973,1041
7901,978,1043
7902,981,1045
7903,979,1041
7904,977,1039
7905,975,1041
7906,977,1043
7907,982,1048
7908,983,1048
7909,984,1045
7910,980,1042
7911,978,1040
7912,981,1042
7913,983,1043
7914,985,1043
7915,983,1043
7916,979,1042
7917,980,1042
7918,986,1046
7919,988,1049
7920,986,1048
7921,981,1044
7922,974,1043
7923,973,1046
7924,978,1047
7925,981,1049
7926,984,1046
7927,979,1046
7928,975,1045
7929,972,1048
7930,974,1051
7931,975,1053
7932,975,1051
7933,974,1048
7934,972,1050
7935,974,1051
7936,980,1050
7937,982,1051
7938,982,1048
7939,982,1047
7940,979,1047
7941,978,1045
7942,981,1048
7943,982,1050
7944,982,1047
7945,983,1040
7946,981,1039
7947,976,1039
7948,976,1043
7949,979,1046
7950,981,1041
7951,977,1039
7952,972,1035
7953,972,1038
7954,972,1042
7955,980,1046
7956,979,1043
7957,974,1042
7958,973,1037
7959,976,1037
7960,980,1037
7961,979,1040
7962,982,1036
7963,983,1036
7964,979,1034
7965,979,1039
7966,978,1042
7967,979,1045
7968,983,1044
7969,982,1045
7970,979,1044
7971,978,1044
7972,981,1051
7973,983,1052
7974,984,1050
7975,981,1048
7976,977,1047
7977,976,1046
7978,977,1048
7979,981,1047
7980,982,1045
7981,981,1042
7982,975,1040
7983,974,1039
7984,978,1043
7985,982,1047
7986,984,1046
7987,981,1044
7988,980,1041
7989,980,1043
7990,979,1044
7991,976,1047
7992,978,1044
7993,980,1043
7994,977,1042
7995,978,1045
7996,978,1048
7997,979,1052
7998,978,1048
7999,978,1048
8000,974,1048
8001,977,1047
8002,980,1050
8003,984,1053
8004,985,1051
8005,982,1051
8006,979,1049
8007,981,1049
8008,982,1054
8009,982,1050
8010,984,1046
8011,983,1043
8012,980,1039
8013,980,1042
8014,983,1043
8015,984,1044
8016,988,1044
8017,985,1043
8018,980,1040
8019,977,1039
8020,985,1041
8021,987,1043
8022,989,1041
8023,988,1043
8024,985,1044
8025,987,1047
8026,985,1047
8027,988,1048
8028,988,1047
8029,986,1043
8030,984,1041
8031,982,1044
8032,980,1048
8033,983,1051
8034,984,1048
8035,984,1045
8036,985,1043
8037,985,1046
8038,985,1047
8039,991,1048
8040,992,1048
8041,991,1044
8042,988,1042
8043,987,1043
8044,988,1048
8045,989,1048
8046,990,1050
8047,985,1047
8048,983,1044
8049,981,1048
8050,984,1048
8051,985,1052
8052,989,1052
8053,988,1051
8054,985,1050
8055,985,1050
8056,989,1050
8057,994,1054
8058,996,1049
8059,997,1046
8060,997,1043
8061,1007,1037
8062,1022,1036
8063,1042,1033
8064,1063,1032
8065,1088,1027
8066,1119,1022
8067,1157,1015
8068,1200,1012
8069,1240,1008
8070,1278,1000
8071,1312,999
8072,1331,1007
8073,1328,1021
8074,1304,1035
8075,1252,1042
8076,1190,1042
8077,1119,1046
8078,1050,1051
8079,988,1062
8080,951,1073
8081,948,1076
8082,960,1074
8083,976,1065
8084,983,1058
8085,988,1051
8086,989,1049
8087,988,1051
8088,985,1051
8089,982,1050
8090,977,1047
8091,976,1046
8092,976,1048
8093,978,1049
8094,979,1047
8095,977,1046
8096,975,1047
8097,970,1049
8098,970,1051
8099,970,1055
8100,972,1054
8101,974,1052
8102,970,1048
8103,967,1049
8104,970,1049
8105,973,1049
8106,974,1048
8107,973,1047
8108,969,1042
8109,966,1046
8110,972,1049
8111,974,1053
8112,977,1050
8113,976,1048
8114,973,1044
8115,971,1041
8116,971,1043
8117,973,1050
8118,973,1049
8119,972,1047
8120,970,1046
8121,971,1045
8122,971,1047
8123,977,1049
8124,979,1046
8125,975,1046
8126,971,1049
8127,969,1051
8128,973,1051
8129,977,1051
8130,977,1048
8131,976,1042
8132,972,1041
8133,975,1043
8134,977,1046
8135,981,1047
8136,984,1047
8137,982,1046
8138,981,1042
8139,982,1041
8140,983,1045
8141,988,1047
8142,990,1041
8143,988,1040
8144,986,1038
8145,988,1040
8146,993,1042
8147,996,1042
8148,996,1039
8149,993,1034
8150,991,1028
8151,995,1027
8152,1000,1030
8153,1006,1030
8154,1008,1029
8155,1009,1028
8156,1010,1024
8157,1010,1020
8158,1012,1021
8159,1018,1023
8160,1021,1021
8161,1021,1017
8162,1021,1012
8163,1022,1015
8164,1023,1017
8165,1029,1018
8166,1030,1019
8167,1028,1016
8168,1026,1013
8169,1028,1011
8170,1030,1012
8171,1034,1014
8172,1031,1012
8173,1032,1007
8174,1029,1005
8175,1033,1008
8176,1032,1014
8177,1029,1016
8178,1033,1015
8179,1028,1015
8180,1025,1012
8181,1024,1015
8182,1026,1019
8183,1030,1022
8184,1031,1023
8185,1029,1028
8186,1023,1026
8187,1020,1028
8188,1015,1032
8189,1016,1039
8190,1018,1038
8191,1013,1039
8192,1008,1037
8193,1006,1038
8194,1007,1043
8195,1007,1050
8196,1004,1049
8197,1001,1048
8198,997,1041
8199,997,1039
8200,996,1042
8201,998,1047
8202,999,1046
8203,997,1043
8204,995,1040
8205,993,1042
8206,993,1049
8207,997,1050
8208,997,1047
8209,994,1047
8210,991,1047
8211,988,1049
8212,992,1052
8213,993,1055
8214,992,1054
8215,993,1052
8216,992,1050
8217,989,1052
8218,991,1053
8219,995,1055
8220,994,1055
8221,992,1052
8222,992,1050
8223,992,1051
8224,991,1056
8225,997,1058
8226,998,1057
8227,994,1051
8228,993,1047
8229,987,1047
8230,990,1052
8231,994,1058
8232,999,1061
8233,998,1055
8234,995,1051
8235,994,1048
8236,995,1050
8237,997,1051
8238,1001,1052
8239,998,1047
8240,996,1042
8241,995,1045
8242,997,1045
8243,1002,1050
8244,1005,1046
8245,1003,1045
8246,999,1040
8247,1000,1040
8248,1001,1042
8249,1004,1043
8250,1002,1039
8251,1002,1039
8252,999,1037
8253,999,1039
8254,1002,1039
8255,1006,1040
8256,1007,1041
8257,1004,1038
8258,1002,1039
8259,1001,1042
8260,1002,1042
8261,1005,1043
8262,1007,1040
8263,1004,1038
8264,996,1037
8265,1000,1041
8266,1000,1042
8267,1001,1046
8268,1003,1046
8269,1001,1046
8270,999,1046
8271,997,1047
8272,997,1048
8273,1001,1051
8274,999,1046
8275,1000,1044
8276,995,1041
8277,994,1044
8278,994,1048
8279,999,1050
8280,998,1047
8281,997,1042
8282,992,1038
8283,990,1037
8284,990,1041
8285,995,1043
8286,996,1046
8287,997,1041
8288,996,1035
8289,998,1036
8290,1004,1037
8291,1022,1037
8292,1039,1037
8293,1053,1033
8294,1072,1031
8295,1102,1032
8296,1148,1030
8297,1196,1021
8298,1248,1014
8299,1293,1007
8300,1327,1007
8301,1346,1018
8302,1356,1034
8303,1348,1048
8304,1309,1052
8305,1248,1049
8306,1172,1048
8307,1097,1055
8308,1018,1069
8309,960,1080
8310,930,1084
8311,936,1083
8312,952,1077
8313,965,1068
8314,977,1061
8315,984,1057
8316,987,1051
8317,984,1048
8318,981,1048
8319,978,1047
8320,981,1050
8321,980,1049
8322,978,1047
8323,972,1044
8324,968,1045
8325,966,1043
8326,974,1050
8327,973,1052
8328,976,1048
8329,973,1042
8330,973,1040
8331,969,1040
8332,972,1043
8333,973,1044
8334,974,1041
8335,970,1039
8336,969,1036
8337,970,1038
8338,975,1037
8339,977,1041
8340,978,1040
8341,975,1037
8342,970,1034
8343,972,1035
8344,976,1039
8345,976,1043
8346,976,1040
8347,975,1036
8348,977,1034
8349,974,1036
8350,980,1039
8351,980,1041
8352,979,1040
8353,977,1036
8354,971,1036
8355,969,1037
8356,971,1037
8357,972,1040
8358,975,1039
8359,978,1037
8360,975,1038
8361,974,1039
8362,977,1043
8363,983,1043
8364,984,1042
8365,983,1041
8366,978,1035
8367,978,1034
8368,985,1039
8369,988,1044
8370,990,1044
8371,989,1041
8372,986,1039
8373,986,1039
8374,988,1041
8375,993,1043
8376,992,1042
8377,988,1037
8378,990,1033
8379,992,1034
8380,1000,1032
8381,1004,1031
8382,1005,1028
8383,1004,1019
8384,1004,1020
8385,1006,1014
8386,1010,1015
8387,1011,1016
8388,1013,1015
8389,1018,1011
8390,1018,1009
8391,1018,1010
8392,1024,1011
8393,1026,1011
8394,1027,1009
8395,1025,1007
8396,1021,1003
8397,1019,1005
8398,1027,1005
8399,1032,1007
8400,1034,1008
8401,1036,1003
8402,1027,1003
8403,1029,1006
8404,1031,1011
8405,1031,1010
8406,1030,1011
8407,1025,1010
8408,1023,1009
8409,1024,1012
8410,1025,1015
8411,1023,1022
8412,1020,1026
8413,1016,1028
8414,1009,1026
8415,1007,1027
8416,1009,1029
8417,1010,1032
8418,1009,1032
8419,1002,1034
8420,997,1034
8421,994,1039
8422,991,1044
8423,994,1051
8424,993,1051
8425,990,1049
8426,984,1050
8427,982,1052
8428,981,1056
8429,981,1057
8430,981,1056
8431,980,1055
8432,977,1053
8433,971,1057
8434,975,1055
8435,976,1054
8436,978,1054
8437,973,1054
8438,968,1051
8439,969,1053
8440,971,1054
8441,974,1054
8442,975,1053
8443,974,1053
8444,972,1050
8445,974,1052
8446,975,1051
8447,980,1054
8448,981,1053
8449,981,1050
8450,979,1047
8451,978,1048
8452,980,1050
8453,981,1052
8454,979,1047
8455,981,1046
8456,977,1045
8457,980,1043
8458,982,1048
8459,985,1051
8460,986,1048
8461,984,1048
8462,983,1046
8463,983,1049
8464,987,1051
8465,990,1052
8466,989,1049
8467,987,1049
8468,983,1046
8469,985,1048
8470,989,1046
8471,990,1049
8472,991,1048
8473,990,1046
8474,986,1047
8475,986,1047
8476,987,1053
8477,987,1055
8478,989,1051
8479,986,1049
8480,984,1049
8481,984,1052
8482,983,1055
8483,988,1054
8484,983,1054
8485,981,1047
8486,979,1044
8487,981,1044
8488,982,1046
8489,987,1047
8490,986,1047
8491,987,1043
8492,981,1043
8493,980,1044
8494,982,1046
8495,984,1047
8496,982,1047
8497,981,1042
8498,977,1042
8499,981,1044
8500,982,1044
8501,983,1047
8502,984,1047
8503,978,1043
8504,977,1041
8505,979,1041
8506,981,1042
8507,983,1046
8508,984,1045
8509,983,1044
8510,981,1043
8511,979,1041
8512,983,1044
8513,984,1046
8514,986,1045
8515,982,1044
8516,979,1043
8517,978,1046
8518,979,1047
8519,983,1052
8520,981,1051
8521,981,1047
8522,980,1043
8523,978,1044
8524,979,1048
8525,983,1052
8526,982,1053
8527,983,1051
8528,981,1051
8529,980,1055
8530,980,1055
8531,984,1053
8532,987,1051
8533,988,1047
8534,989,1044
8535,996,1040
8536,1010,1042
8537,1030,1042
8538,1049,1041
8539,1071,1037
8540,1104,1034
8541,1147,1025
8542,1195,1017
8543,1240,1012
8544,1283,1008
8545,1319,1005
8546,1335,1012
8547,1336,1025
8548,1313,1040
8549,1269,1045
8550,1203,1045
8551,1131,1049
8552,1055,1060
8553,982,1071
8554,935,1075
8555,930,1079
8556,940,1074
8557,959,1062
8558,967,1051
8559,968,1047
8560,974,1043
8561,973,1045
8562,972,1043
8563,966,1043
8564,963,1042
8565,966,1045
8566,969,1049
8567,970,1054
8568,970,1053
8569,967,1048
8570,962,1045
8571,961,1044
8572,961,1046
8573,965,1052
8574,965,1053
8575,963,1056
8576,962,1058
8577,961,1057
8578,962,1052
8579,963,1051
8580,967,1050
8581,965,1048
8582,962,1046
8583,964,1046
8584,963,1050
8585,965,1052
8586,964,1048
8587,964,1047
8588,963,1046
8589,963,1050
8590,963,1053
8591,970,1052
8592,963,1052
8593,962,1049
8594,958,1046
8595,962,1045
8596,961,1048
8597,963,1048
8598,964,1048
8599,962,1043
8600,963,1042
8601,964,1045
8602,965,1047
8603,971,1049
8604,972,1045
8605,970,1042
8606,969,1038
8607,970,1040
8608,972,1044
8609,978,1048
8610,977,1044
8611,979,1043
8612,977,1039
8613,975,1040
8614,983,1044
8615,987,1047
8616,988,1043
8617,988,1038
8618,989,1035
8619,988,1033
8620,989,1036
8621,997,1037
8622,999,1031
8623,999,1026
8624,995,1025
8625,996,1025
8626,999,1030
8627,1006,1031
8628,1008,1028
8629,1005,1023
8630,1004,1022
8631,1006,1021
8632,1010,1023
8633,1012,1024
8634,1011,1020
8635,1013,1018
8636,1011,1016
8637,1012,1017
8638,1016,1021
8639,1021,1019
8640,1022,1018
8641,1020,1014
8642,1016,1014
8643,1015,1016
8644,1020,1021
8645,1023,1023
8646,1023,1025
8647,1021,1023
8648,1017,1021
8649,1015,1027
8650,1014,1027
8651,1016,1028
8652,1014,1026
8653,1010,1028
8654,1005,1029
8655,1005,1034
8656,1003,1042
8657,1007,1044
8658,1002,1043
8659,996,1040
8660,995,1040
8661,992,1044
8662,989,1046
8663,991,1048
8664,988,1048
8665,985,1048
8666,980,1050
8667,980,1055
8668,978,1059
8669,981,1061
8670,980,1056
8671,977,1054
8672,975,1052
8673,974,1056
8674,979,1061
8675,981,1064
8676,984,1062
8677,980,1062
8678,976,1059
8679,975,1061
8680,978,1066
8681,982,1066
8682,982,1064
8683,981,1063
8684,977,1065
8685,982,1066
8686,986,1069
8687,989,1068
8688,989,1068
8689,985,1062
8690,984,1059
8691,984,1053
8692,985,1055
8693,987,1053
8694,988,1051
8695,986,1050
8696,985,1055
8697,983,1059
8698,986,1060
8699,990,1057
8700,990,1052
8701,988,1048
8702,986,1046
8703,984,1048
8704,985,1049
8705,988,1048
8706,991,1049
8707,988,1047
8708,989,1047
8709,987,1050
8710,987,1054
8711,992,1056
8712,990,1053
8713,991,1051
8714,988,1047
8715,987,1048
8716,989,1052
8717,990,1053
8718,990,1057
8719,986,1056
8720,985,1054
8721,985,1055
8722,987,1055
8723,990,1058
8724,988,1055
8725,982,1054
8726,982,1056
8727,982,1059
8728,987,1065
8729,991,1064
8730,989,1061
8731,985,1057
8732,982,1053
8733,982,1057
8734,984,1062
8735,986,1061
8736,987,1061
8737,982,1054
8738,981,1050
8739,982,1052
8740,982,1057
8741,984,1058
8742,987,1055
8743,983,1053
8744,978,1050
8745,978,1054
8746,981,1057
8747,983,1057
8748,982,1052
8749,980,1050
8750,979,1048
8751,976,1052
8752,979,1054
8753,975,1054
8754,979,1050
8755,979,1046
8756,975,1046
8757,976,1050
8758,977,1051
8759,980,1053
8760,981,1053
8761,977,1051
8762,976,1052
8763,974,1055
8764,978,1059
8765,984,1059
8766,984,1051
8767,982,1046
8768,981,1045
8769,984,1048
8770,986,1056
8771,988,1058
8772,987,1056
8773,985,1050
8774,982,1052
8775,980,1056
8776,982,1057
8777,980,1058
8778,982,1057
8779,980,1054
8780,977,1053
8781,977,1055
8782,979,1059
8783,982,1061
8784,985,1059
8785,984,1057
8786,981,1057
8787,983,1056
8788,983,1061
8789,986,1060
8790,985,1058
8791,983,1054
8792,979,1054
8793,979,1054
8794,981,1057
8795,982,1057
8796,982,1056
8797,981,1053
8798,980,1050
8799,978,1054
8800,980,1058
8801,984,1059
8802,985,1054
8803,984,1049
8804,983,1045
8805,986,1045
8806,997,1046
8807,1014,1045
8808,1032,1042
8809,1052,1039
8810,1079,1032
8811,1116,1030
8812,1163,1025
8813,1208,1016
8814,1247,1013
8815,1283,1011
8816,1308,1020
8817,1323,1033
8818,1320,1051
8819,1290,1058
8820,1234,1056
8821,1165,1056
8822,1097,1061
8823,1027,1072
8824,971,1081
8825,944,1083
8826,938,1082
8827,956,1074
8828,969,1068
8829,978,1063
8830,983,1061
8831,982,1061
8832,976,1055
8833,974,1048
8834,973,1041
8835,969,1045
8836,969,1049
8837,969,1052
8838,966,1052
8839,965,1052
8840,960,1052
8841,960,1054
8842,961,1053
8843,966,1052
8844,968,1048
8845,964,1045
8846,961,1047
8847,960,1047
8848,960,1049
8849,961,1050
8850,960,1051
8851,957,1051
8852,956,1052
8853,956,1050
8854,958,1052
8855,965,1054
8856,963,1052
8857,959,1052
8858,954,1050
8859,957,1050
8860,958,1050
8861,963,1051
8862,963,1048
8863,962,1045
8864,960,1048
8865,957,1053
8866,959,1054
8867,961,1056
8868,963,1053
8869,960,1054
8870,960,1051
8871,958,1052
8872,959,1055
8873,965,1052
8874,965,1052
8875,965,1048
8876,961,1044
8877,964,1044
8878,967,1050
8879,972,1051
8880,973,1050
8881,970,1046
8882,965,1043
8883,969,1041
8884,974,1041
8885,981,1043
8886,982,1038
8887,982,1042
8888,978,1041
8889,982,1043
8890,988,1045
8891,994,1045
8892,997,1041
8893,994,1035
8894,993,1032
8895,994,1032
8896,995,1037
8897,1000,1039
8898,1000,1038
8899,1002,1032
8900,1000,1027
8901,1000,1027
8902,1004,1030
8903,1008,1030
8904,1006,1029
8905,1001,1025
8906,1002,1023
8907,1001,1019
8908,1007,1022
8909,1008,1022
8910,1012,1019
8911,1013,1018
8912,1011,1015
8913,1011,1014
8914,1011,1018
8915,1013,1018
8916,1014,1019
8917,1012,1020
8918,1013,1023
8919,1010,1028
8920,1013,1029
8921,1016,1027
8922,1013,1021
8923,1006,1023
8924,998,1023
8925,998,1029
8926,1000,1035
8927,1001,1038
8928,999,1038
8929,994,1037
8930,990,1037
8931,989,1042
8932,991,1047
8933,992,1050
8934,988,1050
8935,985,1051
8936,981,1053
8937,980,1054
8938,978,1053
8939,978,1056
8940,978,1055
8941,977,1054
8942,971,1055
8943,970,1057
8944,972,1059
8945,974,1063
8946,977,1061
8947,972,1064
8948,969,1062
8949,968,1058
8950,969,1059
8951,970,1062
8952,971,1056
8953,968,1057
8954,963,1058
8955,964,1059
8956,970,1062
8957,974,1060
8958,973,1058
8959,974,1055
8960,967,1051
8961,969,1056
8962,967,1061
8963,973,1059
8964,974,1056
8965,972,1055
8966,972,1055
8967,971,1057
8968,973,1060
8969,975,1063
8970,974,1064
8971,971,1063
8972,972,1062
8973,971,1060
8974,973,1058
8975,978,1057
8976,978,1054
8977,973,1054
8978,973,1054
8979,976,1055
8980,979,1060
8981,982,1058
8982,984,1054
8983,979,1050
8984,975,1050
8985,973,1052
8986,978,1056
8987,982,1057
8988,984,1056
8989,981,1051
8990,975,1049
8991,969,1048
8992,973,1049
8993,976,1049
8994,972,1049
8995,968,1048
8996,969,1045
8997,971,1047
8998,976,1045
8999,979,1043
9000,976,1043
9001,973,1044
9002,970,1043
9003,971,1046
9004,973,1049
9005,978,1052
9006,981,1051
9007,979,1049
9008,975,1047
9009,974,1045
9010,973,1049
9011,978,1052
9012,973,1053
9013,969,1050
9014,972,1048
9015,966,1050
9016,969,1050
9017,970,1053
9018,970,1051
9019,967,1049
9020,962,1051
9021,963,1054
9022,968,1058
9023,971,1059
9024,970,1057
9025,965,1053
9026,965,1055
9027,964,1059
9028,968,1059
9029,973,1056
9030,969,1052
9031,966,1049
9032,967,1046
9033,966,1048
9034,971,1053
9035,972,1051
9036,970,1049
9037,969,1045
9038,969,1045
9039,970,1046
9040,972,1047
9041,971,1048
9042,970,1047
9043,964,1045
9044,965,1044
9045,969,1047
9046,969,1049
9047,972,1050
9048,970,1049
9049,970,1047
9050,964,1047
9051,964,1049
9052,967,1048
9053,972,1051
9054,972,1048
9055,967,1048
9056,967,1046
9057,969,1050
9058,971,1049
9059,974,1049
9060,973,1048
9061,973,1048
9062,970,1046
9063,969,1047
9064,969,1050
9065,972,1050
9066,969,1047
9067,968,1044
9068,965,1043
9069,965,1045
9070,967,1049
9071,970,1047
9072,969,1044
9073,971,1043
9074,967,1042
9075,968,1043
9076,970,1047
9077,973,1050
9078,970,1049
9079,973,1045
9080,972,1043
9081,973,1038
9082,974,1039
9083,979,1041
9084,973,1038
9085,971,1039
9086,968,1037
9087,969,1042
9088,970,1042
9089,976,1046
9090,973,1042
9091,970,1043
9092,968,1042
9093,966,1043
9094,970,1047
9095,972,1046
9096,971,1047
9097,970,1043
9098,967,1041
9099,967,1043
9100,966,1047
9101,969,1050
9102,969,1051
9103,969,1049
9104,966,1045
9105,969,1046
9106,972,1051
9107,975,1050
9108,973,1046
9109,971,1045
9110,968,1047
9111,967,1051
9112,968,1051
9113,971,1049
9114,970,1048
9115,969,1045
9116,970,1044
9117,971,1048
9118,973,1048
9119,975,1047
9120,973,1045
9121,973,1040
9122,975,1039
9123,974,1040
9124,975,1042
9125,980,1041
9126,977,1037
9127,976,1039
9128,974,1037
9129,972,1039
9130,975,1040
9131,979,1041
9132,975,1040
9133,976,1039
9134,975,1037
9135,975,1040
9136,975,1042
9137,981,1045
9138,975,1040
9139,973,1034
9140,974,1036
9141,972,1039
9142,975,1042
9143,973,1044
9144,977,1041
9145,972,1040
9146,971,1038
9147,973,1037
9148,973,1040
9149,977,1042
9150,975,1040
9151,972,1041
9152,970,1042
9153,969,1042
9154,973,1047
9155,977,1047
9156,974,1046
9157,972,1041
9158,973,1042
9159,970,1043
9160,973,1045
9161,977,1047
9162,979,1043
9163,977,1043
9164,975,1038
9165,974,1043
9166,974,1042
9167,977,1043
9168,974,1038
9169,970,1037
9170,970,1037
9171,970,1039
9172,973,1043
9173,978,1041
9174,978,1041
9175,978,1036
9176,973,1034
9177,972,1038
9178,977,1042
9179,980,1043
9180,980,1040
9181,976,1037
9182,974,1034
9183,976,1040
9184,975,1044
9185,983,1042
9186,982,1043
9187,979,1039
9188,977,1041
9189,977,1040
9190,978,1042
9191,980,1042
9192,978,1042
9193,977,1039
9194,974,1040
9195,974,1045
9196,979,1046
9197,980,1046
9198,979,1044
9199,974,1041
9200,972,1040
9201,975,1042
9202,978,1043
9203,981,1045
9204,982,1041
9205,976,1038
9206,975,1040
9207,977,1040
9208,978,1043
9209,984,1044
9210,981,1041
9211,980,1039
9212,979,1040
9213,978,1044
9214,979,1046
9215,982,1044
9216,980,1042
9217,980,1040
9218,979,1037
9219,980,1041
9220,983,1044
9221,985,1046
9222,981,1045
9223,980,1041
9224,980,1038
9225,979,1037
9226,981,1037
9227,985,1038
9228,986,1037
9229,985,1036
9230,985,1037
9231,984,1036
9232,990,1040
9233,993,1041
9234,996,1038
9235,1001,1033
9236,1011,1029
9237,1028,1031
9238,1052,1031
9239,1080,1030
9240,1116,1025
9241,1151,1019
9242,1183,1012
9243,1218,1006
9244,1255,1006
9245,1294,1005
9246,1323,1006
9247,1333,1011
9248,1319,1019
9249,1280,1031
9250,1232,1036
9251,1175,1039
9252,1117,1041
9253,1054,1042
9254,997,1045
9255,959,1049
9256,954,1052
9257,963,1049
9258,976,1042
9259,982,1035
9260,976,1031
9261,974,1033
9262,977,1038
9263,979,1039
9264,978,1037
9265,972,1033
9266,971,1033
9267,970,1034
9268,972,1037
9269,973,1037
9270,970,1038
9271,967,1038
9272,962,1037
9273,964,1039
9274,966,1041
9275,969,1045
9276,968,1043
9277,961,1041
9278,957,1041
9279,957,1042
9280,958,1049
9281,965,1047
9282,963,1046
9283,962,1045
9284,961,1044
9285,958,1047
9286,959,1049
9287,963,1052
9288,962,1050
9289,961,1046
9290,956,1047
9291,959,1048
9292,960,1053
9293,964,1052
9294,963,1050
9295,964,1048
9296,963,1044
9297,964,1049
9298,964,1051
9299,969,1051
9300,969,1045
9301,966,1041
9302,964,1039
9303,963,1041
9304,969,1044
9305,969,1043
9306,970,1041
9307,967,1039
9308,965,1037
9309,966,1039
9310,972,1042
9311,974,1041
9312,975,1040
9313,973,1037
9314,975,1035
9315,975,1038
9316,983,1039
9317,983,1038
9318,985,1037
9319,983,1035
9320,982,1034
9321,982,1035
9322,988,1037
9323,991,1036
9324,994,1032
9325,992,1032
9326,993,1030
9327,991,1032
9328,997,1034
9329,1001,1033
9330,1003,1031
9331,1000,1028
9332,998,1026
9333,1000,1030
9334,1003,1033
9335,1007,1031
9336,1010,1025
9337,1010,1022
9338,1006,1017
9339,1009,1018
9340,1012,1020
9341,1016,1022
9342,1017,1022
9343,1016,1019
9344,1014,1015
9345,1016,1013
9346,1019,1013
9347,1024,1016
9348,1024,1015
9349,1021,1014
9350,1020,1013
9351,1018,1013
9352,1020,1017
9353,1025,1016
9354,1025,1015
9355,1021,1012
9356,1019,1015
9357,1018,1016
9358,1018,1020
9359,1019,1021
9360,1015,1018
9361,1013,1021
9362,1008,1022
9363,1006,1025
9364,1007,1031
9365,1009,1033
9366,1007,1032
9367,1002,1032
9368,999,1033
9369,996,1035
9370,997,1039
9371,997,1040
9372,994,1041
9373,991,1040
9374,985,1040
9375,986,1042
9376,986,1049
9377,988,1046
9378,987,1044
9379,981,1044
9380,979,1042
9381,975,1047
9382,978,1051
9383,979,1050
9384,978,1049
9385,973,1045
9386,971,1046
9387,971,1047
9388,973,1050
9389,974,1050
9390,974,1047
9391,973,1046
9392,968,1044
9393,967,1048
9394,970,1049
9395,974,1049
9396,973,1047
9397,971,1043
9398,969,1045
9399,972,1047
9400,977,1051
9401,978,1049
9402,977,1048
9403,974,1044
9404,972,1043
9405,975,1045
9406,978,1046
9407,979,1046
9408,979,1042
9409,975,1037
9410,974,1037
9411,975,1039
9412,974,1039
9413,979,1042
9414,980,1039
9415,979,1035
9416,976,1034
9417,978,1034
9418,984,1036
9419,986,1041
9420,984,1039
9421,983,1037
9422,980,1033
9423,981,1037
9424,982,1040
9425,987,1041
9426,989,1039
9427,987,1036
9428,982,1035
9429,981,1038
9430,985,1043
9431,982,1044
9432,983,1043
9433,982,1038
9434,978,1036
9435,980,1036
9436,980,1040
9437,980,1040
9438,977,1039
9439,976,1036
9440,973,1036
9441,972,1041
9442,977,1043
9443,980,1042
9444,979,1042
9445,977,1037
9446,976,1039
9447,974,1040
9448,976,1041
9449,980,1044
9450,979,1043
9451,972,1040
9452,971,1041
9453,976,1042
9454,976,1045
9455,978,1045
9456,978,1045
9457,976,1042
9458,974,1043
9459,975,1045
9460,973,1045
9461,978,1046
9462,978,1041
9463,975,1040
9464,971,1039
9465,971,1040
9466,976,1040
9467,977,1039
9468,974,1036
9469,974,1033
9470,971,1034
9471,972,1038
9472,973,1040
9473,977,1040
9474,978,1039
9475,975,1036
9476,971,1035
9477,974,1038
9478,975,1037
9479,977,1038
9480,977,1038
9481,968,1037
9482,971,1036
9483,972,1039
9484,975,1039
9485,978,1040
9486,977,1038
9487,972,1031
9488,967,1032
9489,969,1035
9490,969,1038
9491,970,1040
9492,971,1037
9493,971,1034
9494,969,1035
9495,971,1036
9496,973,1039
9497,977,1038
9498,981,1035
9499,977,1034
9500,977,1034
9501,978,1036
9502,982,1038
9503,991,1039
9504,1003,1035
9505,1013,1031
9506,1026,1032
9507,1044,1031
9508,1072,1032
9509,1111,1030
9510,1148,1026
9511,1188,1013
9512,1229,1006
9513,1271,1003
9514,1308,1009
9515,1327,1020
9516,1324,1034
9517,1292,1038
9518,1238,1042
9519,1174,1044
9520,1110,1049
9521,1039,1057
9522,968,1067
9523,927,1070
9524,922,1072
9525,935,1068
9526,951,1062
9527,964,1051
9528,971,1040
9529,970,1036
9530,967,1037
9531,966,1041
9532,969,1042
9533,968,1039
9534,966,1034
9535,962,1032
9536,958,1030
9537,958,1030
9538,960,1035
9539,961,1035
9540,959,1031
9541,956,1030
9542,953,1033
9543,956,1034
9544,956,1038
9545,960,1036
9546,960,1034
9547,954,1033
9548,953,1034
9549,952,1037
9550,954,1036
9551,954,1037
9552,954,1038
9553,954,1037
9554,952,1038
9555,955,1039
9556,961,1042
9557,961,1042
9558,963,1040
9559,959,1042
9560,953,1041
9561,955,1043
9562,958,1044
9563,961,1044
9564,960,1043
9565,960,1040
9566,957,1042
9567,957,1041
9568,960,1042
9569,961,1036
9570,962,1033
9571,957,1031
9572,954,1031
9573,960,1034
9574,962,1035
9575,965,1034
9576,963,1033
9577,961,1030
9578,960,1028
9579,959,1031
9580,965,1034
9581,970,1034
9582,970,1032
9583,967,1030
9584,965,1031
9585,968,1034
9586,972,1036
9587,974,1037
9588,976,1030
9589,976,1026
9590,971,1022
9591,973,1019
9592,979,1018
9593,982,1016
9594,982,1013
9595,981,1008
9596,978,1009
9597,980,1014
9598,987,1014
9599,991,1013
9600,989,1011
9601,988,1006
9602,987,1005
9603,991,1005
9604,993,1010
9605,997,1008
9606,1001,1006
9607,1000,1005
9608,1000,1002
9609,1005,1003
9610,1007,1005
9611,1011,1006
9612,1012,1005
9613,1012,1003
9614,1009,1000
9615,1010,1003
9616,1011,1004
9617,1013,1005
9618,1012,1002
9619,1011,1000
9620,1009,1000
9621,1008,1001
9622,1011,1004
9623,1011,1003
9624,1009,999
9625,1003,998
9626,1001,1002
9627,999,1008
9628,1003,1009
9629,1006,1010
9630,1002,1011
9631,996,1013
9632,992,1015
9633,987,1019
9634,990,1023
9635,990,1026
9636,986,1026
9637,980,1024
9638,979,1025
9639,976,1029
9640,977,1033
9641,977,1036
9642,972,1036
9643,967,1034
9644,966,1037
9645,968,1040
9646,967,1045
9647,967,1046
9648,966,1047
9649,965,1047
9650,962,1047
9651,961,1048
9652,964,1051
9653,966,1050
9654,964,1045
9655,961,1043
9656,957,1043
9657,960,1046
9658,961,1049
9659,964,1051
9660,960,1052
9661,959,1049
9662,961,1047
9663,961,1049
9664,964,1053
9665,967,1053
9666,967,1051
9667,965,1050
9668,964,1049
9669,967,1051
9670,968,1053
9671,971,1053
9672,966,1052
9673,967,1050
9674,963,1050
9675,966,1050
9676,970,1053
9677,973,1051
9678,975,1050
9679,971,1048
9680,969,1046
9681,968,1050
9682,971,1051
9683,976,1051
9684,977,1050
9685,976,1048
9686,971,1049
9687,973,1050
9688,973,1048
9689,976,1045
9690,975,1042
9691,970,1037
9692,971,1034
9693,973,1037
9694,971,1043
9695,975,1043
9696,972,1041
9697,968,1038
9698,967,1038
9699,967,1043
9700,970,1047
9701,971,1047
9702,971,1045
9703,971,1038
9704,970,1042
9705,970,1047
9706,970,1048
9707,971,1046
9708,970,1043
9709,967,1038
9710,962,1040
9711,967,1042
9712,972,1043
9713,975,1040
9714,971,1039
9715,968,1038
9716,968,1038
9717,965,1041
9718,966,1044
9719,966,1041
9720,967,1038
9721,966,1036
9722,962,1035
9723,961,1038
9724,966,1040
9725,969,1042
9726,969,1041
9727,964,1040
9728,963,1038
9729,964,1045
9730,968,1047
9731,973,1048
9732,971,1045
9733,966,1043
9734,966,1045
9735,968,1046
9736,968,1050
9737,972,1046
9738,970,1045
9739,967,1041
9740,963,1042
9741,966,1046
9742,969,1046
9743,972,1047
9744,973,1045
9745,967,1040
9746,965,1041
9747,966,1043
9748,969,1042
9749,970,1043
9750,967,1041
9751,964,1037
9752,962,1039
9753,963,1039
9754,964,1043
9755,965,1042
9756,962,1042
9757,962,1039
9758,960,1038
9759,961,1039
9760,962,1043
9761,966,1041
9762,967,1042
9763,966,1039
9764,962,1039
9765,964,1042
9766,967,1045
9767,971,1047
9768,973,1044
9769,971,1042
9770,970,1041
9771,972,1046
9772,976,1045
9773,981,1040
9774,988,1037
9775,998,1033
9776,1010,1032
9777,1030,1031
9778,1058,1031
9779,1090,1027
9780,1126,1019
9781,1164,1013
9782,1200,1005
9783,1233,1002
9784,1267,1004
9785,1299,1004
9786,1310,1013
9787,1303,1019
9788,1271,1031
9789,1222,1032
9790,1168,1035
9791,1110,1039
9792,1042,1046
9793,977,1054
9794,933,1062
9795,920,1067
9796,927,1069
9797,943,1064
9798,958,1056
9799,961,1046
9800,960,1039
9801,956,1038
9802,957,1040
9803,961,1040
9804,957,1037
9805,953,1038
9806,951,1041
9807,949,1044
9808,949,1049
9809,951,1047
9810,950,1041
9811,948,1038
9812,942,1039
9813,942,1042
9814,947,1047
9815,948,1048
9816,951,1045
9817,949,1041
9818,947,1040
9819,949,1041
9820,951,1043
9821,952,1044
9822,950,1041
9823,949,1038
9824,947,1037
9825,948,1041
9826,948,1044
9827,952,1042
9828,949,1042
9829,944,1038
9830,942,1039
9831,946,1044
9832,952,1043
9833,952,1040
9834,951,1037
9835,949,1035
9836,945,1036
9837,948,1038
9838,950,1039
9839,951,1039
9840,950,1036
9841,952,1032
9842,952,1034
9843,954,1038
9844,952,1040
9845,953,1040
9846,952,1036
9847,952,1035
9848,952,1036
9849,952,1037
9850,955,1039
9851,959,1040
9852,959,1040
9853,957,1035
9854,952,1036
9855,956,1034
9856,958,1039
9857,964,1040
9858,961,1035
9859,961,1032
9860,960,1032
9861,962,1033
9862,965,1033
9863,973,1031
9864,974,1029
9865,973,1026
9866,971,1023
9867,973,1025
9868,979,1024
9869,983,1023
9870,987,1023
9871,986,1021
9872,986,1020
9873,988,1019
9874,990,1018
9875,992,1017
9876,993,1016
9877,991,1013
9878,992,1011
9879,992,1012
9880,998,1014
9881,1002,1012
9882,1004,1007
9883,1002,1006
9884,1003,1004
9885,1002,1009
9886,1005,1011
9887,1006,1008
9888,1003,1007
9889,1001,1007
9890,997,1007
9891,1000,1010
9892,1004,1013
9893,1006,1014
9894,997,1012
9895,995,1009
9896,987,1009
9897,988,1016
9898,992,1023
9899,992,1025
9900,985,1028
9901,979,1027
9902,976,1031
9903,975,1033
9904,979,1038
9905,976,1037
9906,972,1036
9907,966,1036
9908,963,1036
9909,963,1040
9910,965,1045
9911,968,1046
9912,964,1045
9913,957,1041
9914,956,1047
9915,957,1052
9916,958,1053
9917,961,1053
9918,960,1051
9919,959,1046
9920,956,1046
9921,956,1047
9922,957,1051
9923,957,1054
9924,956,1050
9925,956,1049
9926,956,1052
9927,960,1050
9928,961,1054
9929,962,1051
9930,959,1051
9931,959,1048
9932,957,1051
9933,955,1053
9934,962,1056
9935,965,1053
9936,965,1051
9937,961,1047
9938,958,1047
9939,959,1046
9940,960,1048
9941,964,1045
9942,962,1040
9943,958,1039
9944,959,1041
9945,963,1045
9946,968,1047
9947,970,1045
9948,966,1044
9949,964,1040
9950,965,1040
9951,967,1044
9952,969,1046
9953,970,1045
9954,969,1044
9955,964,1043
9956,964,1045
9957,963,1048
9958,964,1052
9959,969,1052
9960,969,1054
9961,967,1051
9962,967,1047
9963,964,1045
9964,961,1043
9965,963,1044
9966,965,1039
9967,959,1039
9968,962,1038
9969,967,1043
9970,969,1044
9971,969,1044
9972,964,1044
9973,962,1040
9974,962,1041
9975,961,1045
9976,965,1048
9977,970,1048
9978,968,1043
9979,964,1041
9980,962,1042
9981,961,1046
9982,963,1050
9983,964,1049
9984,965,1048
9985,961,1042
9986,959,1043
9987,959,1044
9988,962,1045
9989,965,1047
9990,963,1045
9991,964,1040
9992,962,1040
9993,963,1043
9994,962,1046
9995,963,1046
9996,965,1044
9997,963,1038
9998,962,1040
9999,961,1038
10000,965,1043
10001,963,1041
10002,964,1039
10003,958,1037
10004,956,1037
10005,957,1040
10006,959,1040
10007,962,1040
10008,958,1039
10009,958,1037
10010,953,1037
10011,954,1039
10012,957,1041
10013,960,1041
10014,959,1038
10015,958,1038
10016,956,1040
10017,954,1042
10018,956,1043
10019,961,1040
10020,958,1039
10021,954,1037
10022,951,1039
10023,953,1042
10024,959,1048
10025,961,1048
10026,961,1046
10027,955,1043
10028,952,1041
10029,956,1044
10030,958,1040
10031,960,1041
10032,961,1038
10033,959,1036
10034,957,1036
10035,959,1040
10036,961,1043
10037,961,1046
10038,961,1042
10039,961,1039
10040,958,1040
10041,955,1043
10042,958,1049
10043,965,1047
10044,961,1044
10045,962,1044
10046,960,1043
10047,959,1042
10048,964,1045
10049,964,1044
10050,965,1047
10051,964,1046
10052,961,1047
10053,959,1048
10054,959,1045
10055,959,1042
10056,961,1037
10057,957,1035
10058,958,1037
10059,959,1037
10060,959,1039
10061,963,1034
10062,962,1031
10063,961,1030
10064,961,1033
10065,960,1036
10066,963,1040
10067,966,1036
10068,964,1035
10069,962,1032
10070,964,1033
10071,964,1035
10072,966,1038
10073,968,1041
10074,965,1036
10075,962,1034
10076,964,1036
10077,968,1039
10078,970,1043
10079,974,1041
10080,970,1039
10081,969,1037
10082,966,1039
10083,969,1042
10084,973,1043
10085,973,1040
10086,975,1035
10087,972,1032
10088,967,1031
10089,972,1034
10090,980,1036
10091,993,1031
10092,1004,1027
10093,1009,1025
10094,1025,1024
10095,1045,1025
10096,1079,1023
10097,1110,1020
10098,1140,1010
10099,1174,1002
10100,1208,995
10101,1246,997
10102,1285,1000
10103,1311,1005
10104,1318,1017
10105,1299,1021
10106,1250,1030
10107,1186,1033
10108,1123,1037
10109,1062,1039
10110,999,1042
10111,949,1045
10112,926,1047
10113,926,1049
10114,945,1045
10115,963,1039
10116,970,1031
10117,966,1026
10118,960,1026
10119,961,1030
10120,964,1032
10121,959,1030
10122,958,1031
10123,953,1032
10124,951,1032
10125,948,1037
10126,956,1039
10127,960,1040
10128,960,1041
10129,959,1038
10130,957,1040
10131,954,1040
10132,955,1043
10133,957,1043
10134,960,1039
10135,957,1036
10136,951,1037
10137,950,1037
10138,951,1038
10139,954,1040
10140,954,1037
10141,952,1035
10142,951,1033
10143,952,1034
10144,948,1038
10145,950,1033
10146,951,1033
10147,950,1029
10148,949,1030
10149,949,1033
10150,956,1036
10151,957,1035
10152,957,1031
10153,954,1026
10154,948,1029
10155,952,1032
10156,955,1033
10157,957,1033
10158,958,1032
10159,956,1027
10160,954,1029
10161,953,1027
10162,956,1030
10163,958,1029
10164,957,1029
10165,953,1024
10166,948,1025
10167,953,1028
10168,957,1033
10169,961,1032
10170,960,1032
10171,959,1029
10172,958,1029
10173,959,1030
10174,962,1032
10175,968,1033
10176,966,1027
10177,965,1028
10178,966,1026
10179,972,1028
10180,975,1029
10181,976,1027
10182,977,1025
10183,977,1024
10184,974,1025
10185,976,1027
10186,983,1026
10187,989,1025
10188,992,1017
10189,987,1014
10190,980,1017
10191,982,1017
10192,989,1019
10193,995,1016
10194,999,1009
10195,993,1006
10196,992,1003
10197,991,1006
10198,996,1009
10199,1003,1007
10200,1004,1007
10201,1001,1004
10202,995,1002
10203,998,1005
10204,1005,1009
10205,1011,1008
10206,1008,1004
10207,1004,1001
10208,1005,1003
10209,1007,1005
10210,1008,1008
10211,1009,1008
10212,1008,1004
10213,1002,1003
10214,1000,1009
10215,1002,1010
10216,1003,1012
10217,1003,1011
10218,1002,1008
10219,995,1007
10220,994,1007
10221,992,1012
10222,991,1015
10223,991,1014
10224,989,1016
10225,987,1015
10226,982,1015
10227,981,1023
10228,981,1028
10229,983,1028
10230,980,1027
10231,977,1027
10232,975,1028
10233,971,1032
10234,971,1035
10235,974,1035
10236,968,1035
10237,969,1034
10238,971,1035
10239,971,1041
10240,973,1044
10241,973,1044
10242,973,1042
10243,971,1042
10244,968,1041
10245,971,1039
10246,970,1043
10247,974,1042
10248,972,1040
10249,969,1037
10250,970,1038
10251,973,1042
10252,975,1045
10253,977,1044
10254,976,1045
10255,974,1040
10256,971,1042
10257,974,1044
10258,976,1048
10259,978,1046
10260,975,1040
10261,975,1037
10262,970,1034
10263,971,1039
10264,972,1044
10265,973,1043
10266,974,1039
10267,971,1034
10268,969,1032
10269,971,1037
10270,974,1038
10271,976,1039
10272,976,1038
10273,974,1036
10274,972,1034
10275,976,1037
10276,980,1042
10277,981,1039
10278,978,1037
10279,975,1035
10280,972,1037
10281,973,1040
10282,971,1041
10283,976,1039
10284,975,1036
10285,973,1033
10286,970,1034
10287,972,1036
10288,976,1037
10289,978,1035
10290,976,1031
10291,973,1031
10292,973,1034
10293,977,1040
10294,980,1044
10295,982,1046
10296,978,1044
10297,977,1041
10298,975,1041
10299,973,1043
10300,974,1040
10301,974,1038
10302,973,1034
10303,973,1031
10304,970,1034
10305,971,1034
10306,973,1037
10307,975,1033
10308,972,1030
10309,969,1027
10310,967,1027
10311,969,1027
10312,972,1034
10313,974,1031
10314,973,1031
10315,967,1027
10316,964,1028
10317,969,1031
10318,967,1031
10319,972,1032
10320,969,1032
10321,970,1029
10322,967,1030
10323,970,1033
10324,977,1034
10325,976,1035
10326,975,1034
10327,968,1033
10328,967,1032
10329,970,1038
10330,977,1041
10331,976,1042
10332,974,1043
10333,969,1038
10334,969,1036
10335,970,1038
10336,969,1038
10337,969,1038
10338,969,1037
10339,969,1035
10340,966,1033
10341,967,1035
10342,972,1039
10343,972,1041
10344,975,1038
10345,972,1037
10346,970,1039
10347,971,1037
10348,972,1037
10349,975,1037
10350,976,1035
10351,975,1033
10352,975,1033
10353,973,1036
10354,978,1040
10355,979,1042
10356,979,1042
10357,979,1037
10358,976,1041
10359,980,1043
10360,981,1045
10361,987,1039
10362,991,1032
10363,996,1024
10364,1006,1025
10365,1022,1026
10366,1042,1028
10367,1064,1022
10368,1092,1020
10369,1123,1013
10370,1164,1008
10371,1204,1005
10372,1246,1002
10373,1285,999
10374,1313,1004
10375,1325,1008
10376,1316,1021
10377,1285,1030
10378,1235,1034
10379,1173,1033
10380,1105,1037
10381,1034,1045
10382,967,1054
10383,930,1062
10384,925,1067
10385,937,1066
10386,949,1055
10387,955,1047
10388,960,1042
10389,965,1041
10390,970,1040
10391,968,1036
10392,968,1036
10393,963,1035
10394,960,1034
10395,960,1036
10396,961,1037
10397,961,1032
10398,962,1033
10399,958,1030
10400,955,1034
10401,953,1038
10402,959,1040
10403,960,1040
10404,959,1035
10405,959,1032
10406,957,1032
10407,957,1035
10408,959,1041
10409,961,1042
10410,959,1039
10411,957,1037
10412,957,1035
10413,957,1037
10414,963,1037
10415,963,1038
10416,962,1034
10417,958,1032
10418,958,1033
10419,962,1036
10420,960,1038
10421,962,1037
10422,961,1036
10423,958,1034
10424,956,1036
10425,960,1039
10426,961,1042
10427,963,1039
10428,958,1037
10429,956,1037
10430,956,1036
10431,958,1040
10432,960,1040
10433,961,1037
10434,958,1034
10435,955,1030
10436,953,1029
10437,953,1032
10438,955,1035
10439,959,1036
10440,957,1033
10441,957,1030
10442,955,1029
10443,958,1031
10444,964,1031
10445,965,1030
10446,963,1029
10447,963,1026
10448,963,1027
10449,964,1028
10450,969,1030
10451,973,1028
10452,973,1025
10453,973,1022
10454,975,1021
10455,978,1026
10456,983,1028
10457,985,1025
10458,986,1024
10459,985,1021
10460,985,1022
10461,988,1022
10462,994,1024
10463,996,1020
10464,995,1016
10465,995,1013
10466,994,1014
10467,997,1015
10468,1000,1016
10469,1001,1015
10470,999,1012
10471,1000,1007
10472,998,1006
10473,1001,1007
10474,1004,1010
10475,1005,1008
10476,1002,1008
10477,1001,1005
10478,1000,1005
10479,1002,1008
10480,1005,1008
10481,1007,1007
10482,1003,1004
10483,1001,999
10484,999,1003
10485,999,1002
10486,1005,1011
10487,1004,1011
10488,1000,1010
10489,996,1013
10490,992,1015
10491,993,1020
10492,993,1022
10493,994,1023
10494,989,1021
10495,984,1022
10496,979,1025
10497,977,1031
10498,979,1039
10499,980,1037
10500,977,1037
10501,974,1036
10502,972,1039
10503,971,1042
10504,974,1042
10505,972,1041
10506,970,1039
10507,967,1041
10508,966,1041
10509,965,1044
10510,968,1049
10511,969,1048
10512,969,1047
10513,964,1045
10514,961,1046
10515,963,1050
10516,966,1050
10517,969,1053
10518,964,1047
10519,964,1046
10520,960,1047
10521,965,1050
10522,967,1056
10523,969,1052
10524,968,1048
10525,968,1048
10526,968,1046
10527,969,1046
10528,968,1049
10529,972,1048
10530,972,1043
10531,968,1042
10532,967,1040
10533,969,1039
10534,974,1044
10535,974,1043
10536,971,1039
10537,968,1038
10538,968,1035
10539,968,1042
10540,970,1043
10541,970,1039
10542,971,1040
10543,969,1035
10544,970,1035
10545,973,1041
10546,972,1044
10547,973,1041
10548,971,1038
10549,969,1034
10550,967,1036
10551,971,1037
10552,972,1039
10553,973,1039
10554,972,1037
10555,969,1033
10556,967,1033
10557,970,1039
10558,972,1042
10559,972,1044
10560,974,1040
10561,967,1038
10562,965,1037
10563,968,1041
10564,972,1045
10565,972,1043
10566,972,1041
10567,971,1039
10568,968,1039
10569,967,1043
10570,967,1043
10571,973,1041
10572,970,1039
10573,968,1037
10574,966,1038
10575,970,1040
10576,972,1047
10577,972,1045
10578,971,1043
10579,968,1037
10580,964,1038
10581,965,1036
10582,968,1041
10583,970,1039
10584,969,1040
10585,965,1040
10586,963,1042
10587,965,1042
10588,967,1045
10589,971,1038
10590,969,1034
10591,969,1032
10592,967,1034
10593,966,1036
10594,970,1039
10595,971,1039
10596,970,1037
10597,964,1034
10598,960,1038
10599,964,1041
10600,966,1042
10601,965,1041
10602,962,1037
10603,960,1035
10604,960,1041
10605,962,1044
10606,966,1044
10607,969,1044
10608,967,1041
10609,962,1039
10610,961,1039
10611,963,1042
10612,964,1042
10613,966,1043
10614,963,1044
10615,963,1039
10616,963,1040
10617,964,1039
10618,966,1040
10619,970,1039
10620,969,1036
10621,966,1033
10622,968,1033
10623,969,1035
10624,972,1039
10625,972,1041
10626,974,1036
10627,971,1033
10628,973,1036
10629,979,1036
10630,988,1037
10631,994,1033
10632,1008,1027
10633,1020,1023
10634,1042,1026
10635,1072,1025
10636,1107,1026
10637,1145,1017
10638,1188,1004
10639,1222,999
10640,1255,999
10641,1282,1005
10642,1288,1017
10643,1273,1028
10644,1230,1031
10645,1170,1031
10646,1106,1038
10647,1043,1049
10648,990,1057
10649,952,1060
10650,934,1060
10651,937,1054
10652,950,1051
10653,964,1045
10654,970,1040
10655,969,1039
10656,964,1035
10657,957,1035
10658,957,1039
10659,956,1044
10660,957,1049
10661,960,1048
10662,957,1043
10663,952,1039
10664,952,1035
10665,953,1036
10666,957,1038
10667,957,1037
10668,952,1037
10669,946,1036
10670,947,1036
10671,950,1039
10672,953,1039
10673,955,1039
10674,953,1035
10675,949,1033
10676,948,1032
10677,948,1038
10678,953,1041
10679,953,1042
10680,954,1037
10681,951,1037
10682,949,1041
10683,950,1041
10684,952,1046
10685,953,1044
10686,951,1041
10687,946,1038
10688,951,1037
10689,950,1043
10690,956,1044
10691,955,1045
10692,955,1040
10693,952,1041
10694,949,1039
10695,950,1038
10696,954,1037
10697,959,1036
10698,957,1035
10699,957,1034
10700,956,1034
10701,957,1036
10702,963,1041
10703,967,1038
10704,966,1039
10705,960,1031
10706,962,1033
10707,962,1034
10708,967,1038
10709,968,1035
10710,968,1034
10711,964,1028
10712,966,1029
10713,969,1029
10714,973,1027
10715,973,1027
10716,975,1023
10717,972,1020
10718,969,1019
10719,975,1024
10720,979,1024
10721,982,1022
10722,982,1018
10723,982,1015
10724,981,1013
10725,982,1018
10726,986,1019
10727,988,1019
10728,990,1014
10729,985,1013
10730,985,1012
10731,989,1016
10732,994,1018
10733,997,1016
10734,991,1014
10735,990,1008
10736,992,1006
10737,993,1009
10738,998,1011
10739,1003,1007
10740,1003,1002
10741,1000,1000
10742,998,1001
10743,996,1007
10744,998,1013
10745,1003,1012
10746,998,1014
10747,996,1008
10748,996,1011
10749,997,1013
10750,997,1018
10751,995,1017
10752,988,1015
10753,985,1014
10754,982,1018
10755,982,1023
10756,984,1027
10757,982,1030
10758,979,1029
10759,974,1027
10760,970,1030
10761,971,1035
10762,970,1038
10763,972,1039
10764,970,1040
10765,966,1040
10766,964,1042
10767,963,1046
10768,965,1046
10769,969,1047
10770,966,1045
10771,962,1041
10772,960,1043
10773,961,1044
10774,966,1044
10775,967,1042
10776,967,1043
10777,964,1041
10778,963,1044
10779,958,1047
10780,965,1051
10781,967,1053
10782,968,1051
10783,967,1046
10784,965,1043
10785,971,1046
10786,972,1045
10787,974,1042
10788,974,1044
10789,974,1041
10790,974,1041
10791,983,1044
10792,990,1045
10793,996,1043
10794,997,1040
10795,997,1041
10796,1001,1045
10797,1005,1047
10798,1017,1050
10799,1024,1052
10800,1033,1046
10801,1040,1041
10802,1052,1027
10803,1065,1014
10804,1080,1000
10805,1094,986
10806,1109,971
10807,1123,954
10808,1139,942
10809,1157,926
10810,1176,908
10811,1194,884
10812,1208,860
10813,1219,844
10814,1226,833
10815,1236,826
10816,1236,824
10817,1233,821
10818,1227,816
10819,1216,816
10820,1210,812
10821,1199,811
10822,1188,816
10823,1171,816
10824,1149,817
10825,1129,817
10826,1106,827
10827,1081,840
10828,1063,852
10829,1047,862
10830,1034,873
10831,1026,887
10832,1019,900
10833,1022,917
10834,1021,931
10835,1025,940
10836,1019,948
10837,1020,954
10838,1030,967
10839,1047,976
10840,1070,984
10841,1086,988
10842,1086,989
10843,1066,990
10844,1032,1000
10845,993,1012
10846,961,1024
10847,941,1037
10848,928,1049
10849,920,1060
10850,915,1069
10851,913,1076
10852,914,1082
10853,908,1082
10854,904,1082
10855,900,1084
10856,895,1087
10857,898,1094
10858,899,1098
10859,900,1097
10860,896,1094
10861,892,1090
10862,888,1095
10863,890,1098
10864,891,1103
10865,892,1104
10866,887,1102
10867,884,1102
10868,881,1099
10869,883,1105
10870,886,1108
10871,886,1110
10872,882,1109
10873,879,1112
10874,879,1112
10875,879,1118
10876,881,1123
10877,882,1124
10878,879,1123
10879,876,1124
10880,872,1127
10881,870,1133
10882,874,1136
10883,876,1138
10884,869,1135
10885,862,1134
10886,862,1138
10887,862,1142
10888,867,1149
10889,868,1153
10890,867,1151
10891,865,1152
10892,862,1158
10893,863,1165
10894,865,1168
10895,865,1170
10896,867,1168
10897,860,1165
10898,862,1165
10899,861,1168
10900,868,1172
10901,867,1170
10902,866,1170
10903,863,1169
10904,862,1174
10905,868,1176
10906,874,1179
10907,876,1179
10908,874,1177
10909,874,1173
10910,876,1175
10911,883,1176
10912,886,1175
10913,890,1172
10914,892,1167
10915,896,1162
10916,899,1157
10917,902,1158
10918,911,1156
10919,916,1148
10920,918,1143
10921,916,1136
10922,919,1134
10923,925,1131
10924,932,1130
10925,936,1127
10926,937,1116
10927,938,1111
10928,937,1107
10929,939,1106
10930,944,1103
10931,945,1102
10932,946,1096
10933,946,1087
10934,943,1081
10935,948,1079
10936,948,1076
10937,948,1074
10938,951,1067
10939,950,1061
10940,948,1057
10941,948,1058
10942,951,1056
10943,953,1053
10944,951,1054
10945,948,1051
10946,945,1050
10947,948,1048
10948,951,1046
10949,957,1044
10950,953,1037
10951,947,1036
10952,946,1039
10953,950,1040
10954,951,1043
10955,952,1038
10956,948,1035
10957,949,1033
10958,946,1038
10959,947,1042
10960,950,1043
10961,950,1043
10962,952,1040
10963,952,1042
10964,954,1039
10965,953,1043
10966,957,1046
10967,955,1046
10968,954,1040
10969,952,1037
10970,956,1038
10971,960,1039
10972,964,1042
10973,963,1041
10974,959,1040
10975,955,1038
10976,956,1042
10977,960,1044
10978,966,1050
10979,968,1050
10980,963,1050
10981,962,1046
10982,960,1044
10983,962,1042
10984,966,1044
10985,966,1043
10986,963,1039
10987,957,1037
10988,955,1039
10989,956,1043
10990,961,1041
10991,960,1040
10992,960,1037
10993,958,1039
10994,957,1039
10995,955,1042
10996,959,1048
10997,960,1041
10998,960,1036
10999,957,1031
11000,957,1030
11001,957,1031
11002,963,1033
11003,963,1035
11004,960,1034
11005,952,1033
11006,952,1038
11007,954,1042
11008,956,1043
11009,958,1043
11010,958,1037
11011,954,1034
11012,954,1036
11013,958,1034
11014,958,1036
11015,961,1041
11016,961,1037
11017,958,1035
11018,953,1033
11019,958,1036
11020,960,1035
11021,958,1039
11022,958,1035
11023,959,1036
11024,960,1039
11025,962,1039
11026,966,1043
11027,966,1040
11028,968,1043
11029,963,1042
11030,963,1043
11031,964,1043
11032,967,1040
11033,968,1039
11034,969,1033
11035,965,1029
11036,963,1030
11037,963,1030
11038,965,1033
11039,963,1032
11040,960,1032
11041,960,1029
11042,959,1026
11043,962,1029
11044,966,1029
11045,966,1029
11046,965,1029
11047,958,1027
11048,958,1030
11049,964,1035
11050,962,1035
11051,963,1038
11052,960,1033
11053,957,1034
11054,959,1033
11055,960,1035
11056,964,1036
11057,964,1034
11058,961,1034
11059,959,1032
11060,960,1031
11061,956,1034
11062,962,1036
11063,963,1034
11064,962,1028
11065,962,1026
11066,961,1028
11067,961,1032
11068,960,1037
11069,963,1036
11070,962,1036
11071,962,1031
11072,962,1037
11073,963,1038
11074,968,1042
11075,969,1043
11076,966,1039
11077,960,1039
11078,961,1040
11079,967,1043
11080,970,1045
11081,969,1043
11082,968,1040
11083,966,1039
11084,965,1039
11085,968,1040
11086,970,1042
11087,971,1038
11088,970,1032
11089,968,1031
11090,967,1035
11091,971,1036
11092,971,1041
11093,972,1038
11094,967,1037
11095,965,1040
11096,963,1039
11097,967,1038
11098,967,1039
11099,969,1034
11100,969,1031
11101,967,1027
11102,965,1031
11103,966,1039
11104,968,1043
11105,969,1041
11106,969,1032
11107,968,1025
11108,968,1024
11109,971,1027
11110,976,1030
11111,976,1030
11112,976,1031
11113,978,1028
11114,983,1032
11115,992,1026
11116,1004,1028
11117,1018,1025
11118,1034,1020
11119,1058,1019
11120,1090,1017
11121,1130,1012
11122,1169,1006
11123,1210,996
11124,1243,993
11125,1271,997
11126,1288,1007
11127,1295,1025
11128,1274,1038
11129,1223,1038
11130,1155,1038
11131,1085,1042
11132,1019,1054
11133,966,1061
11134,940,1067
11135,939,1064
11136,952,1056
11137,959,1045
11138,966,1037
11139,969,1036
11140,972,1033
11141,968,1031
11142,962,1032
11143,958,1027
11144,959,1032
11145,960,1031
11146,960,1033
11147,960,1031
11148,956,1029
11149,951,1028
11150,950,1030
11151,952,1036
11152,955,1040
11153,956,1041
11154,954,1036
11155,951,1031
11156,949,1033
11157,951,1033
11158,956,1031
11159,958,1029
11160,957,1026
11161,957,1026
11162,954,1030
11163,953,1033
11164,953,1036
11165,956,1033
11166,953,1032
11167,953,1032
11168,951,1038
11169,948,1042
11170,953,1044
11171,955,1041
11172,954,1039
11173,951,1037
11174,950,1038
11175,956,1040
11176,957,1043
11177,954,1042
11178,958,1040
11179,959,1037
11180,961,1041
11181,962,1043
11182,964,1046
11183,963,1048
11184,963,1045
11185,960,1039
11186,962,1039
11187,964,1039
11188,967,1037
11189,969,1036
11190,968,1030
11191,965,1027
11192,963,1028
11193,968,1031
11194,970,1031
11195,971,1029
11196,971,1024
11197,969,1022
11198,970,1023
11199,973,1027
11200,975,1026
11201,976,1024
11202,975,1020
11203,974,1016
11204,975,1018
11205,975,1019
11206,979,1019
11207,982,1016
11208,981,1012
11209,981,1011
11210,981,1013
11211,987,1011
11212,991,1014
11213,989,1008
11214,987,1002
11215,986,998
11216,987,997
11217,987,998
11218,989,1003
11219,993,999
11220,992,998
11221,991,996
11222,989,999
11223,995,1001
11224,1002,1004
11225,1005,1003
11226,1004,996
11227,1002,995
11228,1001,998
11229,1008,1000
11230,1008,1005
11231,1010,1005
11232,1008,1006
11233,1006,1011
11234,1008,1012
11235,1007,1017
11236,1009,1019
11237,1012,1019
11238,1008,1020
11239,1004,1018
11240,1003,1023
11241,1004,1025
11242,1004,1027
11243,1002,1026
11244,1001,1027
11245,996,1027
11246,992,1029
11247,990,1037
11248,993,1041
11249,992,1039
11250,988,1035
11251,987,1031
11252,983,1034
11253,982,1034
11254,983,1038
11255,985,1037
11256,980,1035
11257,976,1036
11258,973,1038
11259,974,1044
11260,977,1041
11261,977,1040
11262,974,1038
11263,970,1035
11264,968,1037
11265,972,1041
11266,976,1042
11267,978,1039
11268,975,1040
11269,976,1039
11270,975,1044
11271,979,1043
11272,983,1045
11273,982,1037
11274,979,1035
11275,980,1032
11276,981,1035
11277,982,1038
11278,985,1040
11279,984,1036
11280,982,1031
11281,981,1030
11282,980,1030
11283,983,1032
11284,984,1039
11285,986,1036
11286,985,1036
11287,981,1032
11288,981,1035
11289,981,1037
11290,982,1037
11291,984,1035
11292,982,1033
11293,980,1033
11294,980,1034
11295,979,1035
11296,982,1034
11297,982,1032
11298,978,1029
11299,978,1028
11300,977,1031
11301,975,1030
11302,980,1033
11303,976,1030
11304,972,1031
11305,972,1026
11306,972,1027
11307,972,1031
11308,976,1033
11309,976,1031
11310,974,1027
11311,970,1023
11312,968,1026
11313,971,1028
11314,975,1030
11315,973,1029
11316,971,1024
11317,968,1026
11318,969,1031
11319,972,1036
11320,975,1036
11321,976,1033
11322,973,1028
11323,970,1026
11324,971,1028
11325,974,1032
11326,975,1037
11327,973,1037
11328,973,1034
11329,969,1031
11330,971,1033
11331,974,1036
11332,977,1039
11333,975,1040
11334,974,1036
11335,971,1031
11336,973,1033
11337,976,1036
11338,977,1040
11339,976,1038
11340,975,1036
11341,969,1034
11342,971,1040
11343,972,1043
11344,974,1041
11345,976,1039
11346,973,1034
11347,968,1033
11348,968,1033
11349,970,1035
11350,969,1038
11351,973,1037
11352,970,1037
11353,966,1034
11354,967,1036
11355,969,1036
11356,968,1038
11357,967,1036
11358,966,1033
11359,965,1029
11360,969,1033
11361,969,1032
11362,974,1035
11363,973,1031
11364,974,1029
11365,971,1028
11366,973,1027
11367,972,1028
11368,979,1028
11369,981,1025
11370,982,1025
11371,980,1022
11372,985,1024
11373,992,1026
11374,1008,1026
11375,1020,1022
11376,1031,1016
11377,1052,1014
11378,1078,1017
11379,1106,1013
11380,1139,1006
11381,1174,996
11382,1200,987
11383,1219,987
11384,1231,1000
11385,1229,1017
11386,1209,1028
11387,1167,1029
11388,1116,1032
11389,1061,1040
11390,1015,1054
11391,979,1064
11392,964,1069
11393,960,1065
11394,958,1055
11395,962,1043
11396,966,1037
11397,967,1034
11398,968,1034
11399,967,1032
11400,965,1030
11401,959,1027
11402,955,1028
11403,959,1033
11404,958,1034
11405,958,1037
11406,952,1034
11407,947,1028
11408,947,1029
11409,948,1030
11410,952,1029
11411,953,1029
11412,949,1031
11413,945,1032
11414,946,1032
11415,948,1033
11416,951,1032
11417,950,1032
11418,951,1032
11419,945,1031
11420,947,1036
11421,948,1037
11422,953,1037
11423,954,1032
11424,953,1028
11425,951,1025
11426,949,1028
11427,954,1031
11428,960,1032
11429,956,1033
11430,957,1033
11431,956,1032
11432,956,1034
11433,957,1032
11434,963,1032
11435,963,1029
11436,959,1024
11437,959,1025
11438,959,1025
11439,962,1026
11440,966,1024
11441,965,1020
11442,962,1016
11443,961,1015
11444,962,1015
11445,968,1015
11446,968,1016
11447,967,1014
11448,964,1009
11449,960,1009
11450,961,1011
11451,964,1012
11452,967,1015
11453,967,1014
11454,966,1011
11455,964,1010
11456,966,1011
11457,969,1013
11458,974,1014
11459,972,1013
11460,970,1009
11461,970,1009
11462,971,1012
11463,973,1011
11464,975,1010
11465,976,1006
11466,971,1002
11467,975,1000
11468,974,1001
11469,979,1001
11470,981,1001
11471,983,1001
11472,982,996
11473,982,993
11474,983,993
11475,986,991
11476,991,992
11477,992,991
11478,990,989
11479,987,990
11480,990,990
11481,994,995
11482,997,996
11483,998,996
11484,996,994
11485,990,995
11486,988,998
11487,991,1003
11488,992,1005
11489,988,1006
11490,988,1005
11491,984,1005
11492,982,1009
11493,988,1015
11494,986,1020
11495,984,1022
11496,982,1019
11497,977,1021
11498,974,1025
11499,975,1026
11500,978,1027
11501,975,1025
11502,973,1023
11503,971,1025
11504,969,1029
11505,969,1033
11506,969,1035
11507,969,1036
11508,967,1032
11509,964,1032
11510,963,1034
11511,967,1039
11512,970,1040
11513,967,1039
11514,967,1033
11515,963,1033
11516,962,1034
11517,965,1036
11518,971,1035
11519,966,1032
11520,969,1027
11521,968,1027
11522,967,1025
11523,970,1028
11524,972,1030
11525,971,1028
11526,968,1022
11527,969,1026
11528,968,1024
11529,969,1026
11530,971,1030
11531,977,1025
11532,978,1022
11533,976,1019
11534,972,1020
11535,974,1024
11536,977,1024
11537,977,1024
11538,973,1020
11539,970,1022
11540,972,1024
11541,975,1024
11542,976,1024
11543,974,1025
11544,970,1025
11545,970,1023
11546,970,1022
11547,972,1024
11548,972,1024
11549,975,1023
11550,972,1022
11551,970,1024
11552,970,1023
11553,971,1025
11554,973,1024
11555,974,1024
11556,971,1023
11557,969,1022
11558,969,1022
11559,972,1020
11560,975,1023
11561,971,1023
11562,972,1023
11563,971,1023
11564,970,1025
11565,975,1027
11566,979,1025
11567,979,1021
11568,976,1015
11569,975,1014
11570,974,1017
11571,976,1018
11572,982,1020
11573,981,1020
11574,977,1016
11575,976,1017
11576,975,1024
11577,977,1028
11578,979,1031
11579,980,1029
11580,975,1022
11581,972,1020
11582,973,1025
11583,976,1028
11584,979,1030
11585,974,1030
11586,972,1027
11587,968,1025
11588,969,1025
11589,973,1028
11590,975,1030
11591,971,1029
11592,970,1030
11593,968,1022
11594,965,1023
11595,967,1021
11596,971,1021
11597,973,1020
11598,972,1020
11599,969,1017
11600,969,1018
11601,968,1020
11602,972,1025
11603,969,1023
11604,966,1023
11605,962,1025
11606,962,1025
11607,964,1026
11608,969,1027
11609,969,1025
11610,967,1020
11611,968,1019
11612,968,1022
11613,970,1025
11614,974,1026
11615,973,1025
11616,970,1022
11617,969,1022
11618,967,1022
11619,970,1025
11620,972,1027
11621,973,1022
11622,975,1023
11623,969,1020
11624,969,1025
11625,973,1028
11626,976,1032
11627,976,1032
11628,976,1029
11629,972,1024
11630,971,1022
11631,976,1022
11632,979,1021
11633,982,1022
11634,979,1019
11635,977,1020
11636,972,1023
11637,975,1023
11638,981,1023
11639,979,1023
11640,976,1021
11641,974,1021
11642,972,1023
11643,973,1025
11644,975,1023
11645,976,1022
11646,972,1021
11647,970,1021
11648,971,1024
11649,976,1026
11650,977,1023
11651,978,1021
11652,975,1018
11653,974,1015
11654,972,1018
11655,974,1022
11656,976,1023
11657,975,1025
11658,974,1022
11659,972,1023
11660,976,1021
11661,981,1020
11662,984,1018
11663,983,1015
11664,981,1013
11665,982,1013
11666,984,1016
11667,994,1018
11668,1005,1014
11669,1013,1014
11670,1030,1010
11671,1049,1008
11672,1071,1009
11673,1102,1007
11674,1142,1003
11675,1172,990
11676,1207,981
11677,1239,977
11678,1270,980
11679,1293,991
11680,1298,1006
11681,1276,1019
11682,1230,1025
11683,1174,1026
11684,1111,1030
11685,1055,1039
11686,1008,1042
11687,973,1040
11688,958,1036
11689,964,1029
11690,973,1025
11691,982,1023
11692,982,1021
11693,979,1020
11694,973,1016
11695,966,1014
11696,967,1016
11697,969,1018
11698,971,1019
11699,969,1020
11700,966,1016
11701,963,1018
11702,960,1021
11703,961,1023
11704,963,1024
11705,964,1021
11706,963,1018
11707,964,1020
11708,963,1024
11709,963,1028
11710,968,1026
11711,965,1022
11712,963,1019
11713,958,1016
11714,960,1017
11715,962,1017
11716,963,1020
11717,958,1016
11718,957,1013
11719,958,1018
11720,958,1020
11721,961,1025
11722,962,1026
11723,959,1025
11724,960,1021
11725,956,1020
11726,954,1022
11727,959,1024
11728,962,1023
11729,962,1024
11730,958,1019
11731,958,1022
11732,960,1027
11733,962,1029
11734,965,1027
11735,963,1022
11736,963,1016
11737,959,1016
11738,957,1018
11739,960,1020
11740,965,1020
11741,963,1017
11742,963,1016
11743,960,1012
11744,962,1012
11745,966,1013
11746,969,1016
11747,970,1014
11748,970,1011
11749,969,1012
11750,967,1014
11751,973,1017
11752,978,1018
11753,980,1015
11754,980,1010
11755,980,1008
11756,979,1010
11757,982,1012
11758,987,1011
11759,984,1011
11760,984,1009
11761,983,1008
11762,985,1008
11763,990,1009
11764,997,1007
11765,997,1003
11766,996,1001
11767,995,998
11768,998,1000
11769,999,1003
11770,1003,1008
11771,1000,1005
11772,1002,1001
11773,1000,995
11774,1000,994
11775,999,993
11776,1002,993
11777,1001,992
11778,1002,990
11779,1005,992
11780,1002,994
11781,1006,998
11782,1011,998
11783,1009,994
11784,1008,990
11785,1006,988
11786,1007,989
11787,1010,996
11788,1012,999
11789,1013,996
11790,1007,995
11791,1005,996
11792,1003,1000
11793,1006,1001
11794,1007,1002
11795,1009,1004
11796,1004,1004
11797,1000,1008
11798,996,1014
11799,997,1019
11800,997,1022
11801,994,1018
11802,991,1015
11803,988,1012
11804,987,1014
11805,988,1018
11806,992,1020
11807,984,1021
11808,983,1019
11809,978,1017
11810,980,1019
11811,983,1019
11812,982,1021
11813,981,1019
11814,979,1016
11815,975,1015
11816,974,1018
11817,978,1024
11818,981,1025
11819,979,1022
11820,978,1022
11821,976,1023
11822,977,1022
11823,982,1025
11824,982,1028
11825,985,1024
11826,988,1022
11827,990,1021
11828,996,1023
11829,1001,1028
11830,1009,1032
11831,1013,1031
11832,1015,1029
11833,1018,1028
11834,1027,1029
11835,1040,1025
11836,1055,1020
11837,1072,1008
11838,1082,993
11839,1092,980
11840,1108,968
11841,1124,956
11842,1143,942
11843,1158,923
11844,1168,905
11845,1184,887
11846,1203,870
11847,1224,854
11848,1250,841
11849,1264,827
11850,1263,811
11851,1260,804
11852,1254,803
11853,1252,808
11854,1247,808
11855,1240,806
11856,1227,807
11857,1210,807
11858,1192,806
11859,1172,804
11860,1150,804
11861,1126,805
11862,1097,811
11863,1069,820
11864,1046,833
11865,1035,852
11866,1029,868
11867,1025,885
11868,1020,898
11869,1016,912
11870,1011,925
11871,1015,935
11872,1026,946
11873,1046,954
11874,1063,959
11875,1066,965
11876,1063,971
11877,1044,981
11878,1014,993
11879,977,1003
11880,945,1013
11881,929,1024
11882,925,1036
11883,925,1049
11884,926,1057
11885,922,1059
11886,919,1056
11887,913,1057
11888,908,1060
11889,908,1066
11890,907,1071
11891,904,1068
11892,901,1066
11893,896,1067
11894,893,1075
11895,896,1083
11896,895,1078
11897,893,1077
11898,890,1074
11899,886,1077
11900,886,1083
11901,888,1088
11902,890,1094
11903,889,1093
11904,885,1090
11905,881,1089
11906,883,1089
11907,881,1095
11908,880,1101
11909,881,1097
11910,880,1099
11911,878,1098
11912,876,1105
11913,878,1107
11914,878,1109
11915,877,1107
11916,874,1102
11917,873,1101
11918,872,1105
11919,872,1110
11920,875,1110
11921,873,1112
11922,868,1115
11923,865,1117
11924,871,1122
11925,870,1124
11926,875,1125
11927,874,1125
11928,870,1122
11929,869,1126
11930,871,1130
11931,874,1136
11932,876,1139
11933,878,1135
11934,878,1138
11935,882,1139
11936,883,1143
11937,886,1146
11938,890,1147
11939,890,1149
11940,890,1146
11941,890,1149
11942,893,1152
11943,897,1158
11944,903,1160
11945,904,1158
11946,908,1155
11947,908,1148
11948,912,1142
11949,919,1138
11950,924,1133
11951,928,1130
11952,924,1125
11953,927,1123
11954,931,1120
11955,934,1118
11956,938,1116
11957,941,1113
11958,941,1103
11959,940,1099
11960,944,1099
11961,950,1097
11962,954,1094
11963,954,1092
11964,952,1087
11965,950,1079
11966,951,1075
11967,953,1068
11968,957,1063
11969,957,1059
11970,953,1057
11971,952,1054
11972,952,1055
11973,953,1052
11974,956,1046
11975,956,1040
11976,956,1033
11977,953,1030
11978,954,1029
11979,954,1031
11980,957,1033
11981,957,1031
11982,957,1027
11983,953,1029
11984,954,1031
11985,959,1035
11986,959,1038
11987,962,1038
11988,960,1035
11989,961,1037
11990,961,1038
11991,965,1037
11992,965,1036
11993,963,1031
11994,962,1027
11995,961,1026
11996,961,1027
11997,962,1031
11998,968,1035
11999,967,1033
12000,966,1029
12001,959,1030
12002,963,1031
12003,965,1032
12004,968,1028
12005,967,1026
12006,964,1018
12007,963,1023
12008,960,1027
12009,963,1028
12010,964,1030
12011,962,1021
12012,960,1020
12013,955,1019
12014,957,1020
12015,961,1024
12016,967,1022
12017,968,1020
12018,964,1013
12019,959,1016
12020,957,1021
12021,956,1024
12022,959,1024
12023,962,1023
12024,960,1021
12025,958,1022
12026,955,1024
12027,963,1024
12028,964,1025
12029,962,1023
12030,960,1024
12031,956,1023
12032,958,1025
12033,961,1024
12034,964,1025
12035,962,1024
12036,962,1020
12037,960,1019
12038,959,1021
12039,963,1024
12040,963,1026
12041,962,1026
12042,962,1025
12043,957,1024
12044,958,1025
12045,962,1027
12046,964,1029
12047,963,1028
12048,959,1027
12049,957,1030
12050,956,1030
12051,961,1031
12052,963,1026
12053,962,1024
12054,960,1019
12055,957,1019
12056,957,1022
12057,958,1024
12058,964,1025
12059,960,1025
12060,956,1024
12061,954,1025
12062,954,1028
12063,958,1028
12064,963,1028
12065,963,1027
12066,958,1023
12067,954,1024
12068,955,1026
12069,956,1027
12070,959,1026
12071,961,1025
12072,957,1021
12073,954,1024
12074,957,1024
12075,960,1028
12076,962,1024
12077,960,1020
12078,957,1018
12079,952,1018
12080,957,1020
12081,957,1024
12082,961,1023
12083,959,1023
12084,958,1023
12085,951,1023
12086,952,1026
12087,954,1028
12088,958,1027
12089,958,1022
12090,957,1019
12091,957,1014
12092,958,1018
12093,959,1020
12094,963,1019
12095,958,1019
12096,959,1019
12097,955,1018
12098,955,1024
12099,958,1029
12100,961,1029
12101,965,1027
12102,964,1023
12103,961,1020
12104,962,1023
12105,965,1024
12106,967,1023
12107,966,1025
12108,961,1024
12109,956,1023
12110,960,1024
12111,961,1026
12112,964,1027
12113,961,1023
12114,958,1022
12115,958,1018
12116,957,1022
12117,958,1022
12118,963,1025
12119,962,1025
12120,958,1023
12121,956,1021
12122,959,1024
12123,963,1026
12124,964,1027
12125,966,1028
12126,964,1024
12127,964,1027
12128,966,1025
12129,962,1025
12130,966,1028
12131,966,1026
12132,964,1023
12133,965,1020
12134,967,1022
12135,974,1021
12136,979,1020
12137,987,1017
12138,996,1017
12139,1006,1015
12140,1027,1017
12141,1055,1014
12142,1085,1010
12143,1122,1001
12144,1152,991
12145,1182,984
12146,1213,986
12147,1240,993
12148,1253,1004
12149,1253,1015
12150,1232,1024
12151,1191,1029
12152,1138,1034
12153,1084,1038
12154,1031,1045
12155,980,1049
12156,938,1047
12157,918,1051
12158,926,1048
12159,944,1048
12160,952,1047
12161,957,1038
12162,961,1031
12163,955,1024
12164,952,1022
12165,955,1023
12166,958,1023
12167,958,1021
12168,952,1019
12169,949,1019
12170,948,1019
12171,949,1023
12172,949,1021
12173,951,1017
12174,949,1013
12175,945,1012
12176,945,1015
12177,946,1021
12178,945,1018
12179,943,1021
12180,937,1019
12181,937,1020
12182,937,1021
12183,941,1028
12184,942,1026
12185,942,1028
12186,938,1028
12187,935,1028
12188,935,1027
12189,936,1029
12190,941,1025
12191,938,1024
12192,935,1021
12193,933,1019
12194,934,1022
12195,934,1024
12196,943,1023
12197,944,1021
12198,939,1022
12199,936,1025
12200,937,1029
12201,938,1031
12202,942,1033
12203,944,1030
12204,941,1024
12205,939,1023
12206,942,1025
12207,944,1028
12208,944,1030
12209,946,1029
12210,942,1025
12211,939,1020
12212,942,1019
12213,946,1017
12214,949,1017
12215,948,1016
12216,943,1017
12217,946,1017
12218,947,1019
12219,950,1022
12220,955,1021
12221,955,1019
12222,955,1016
12223,951,1016
12224,957,1017
12225,961,1019
12226,963,1019
12227,964,1016
12228,962,1008
12229,961,1005
12230,961,1007
12231,965,1007
12232,967,1010
12233,967,1010
12234,963,1009
12235,962,1012
12236,966,1017
12237,971,1017
12238,973,1009
12239,972,1002
12240,968,999
12241,966,997
12242,968,1001
12243,970,1000
12244,977,999
12245,977,995
12246,973,991
12247,969,997
12248,975,1000
12249,979,1002
12250,983,999
12251,981,992
12252,980,985
12253,979,981
12254,982,984
12255,984,989
12256,986,992
12257,987,994
12258,987,990
12259,986,992
12260,991,994
12261,992,1001
12262,994,1001
12263,996,1004
12264,994,1002
12265,991,1004
12266,993,1008
12267,995,1013
12268,996,1015
12269,996,1016
12270,992,1015
12271,988,1018
12272,990,1026
12273,990,1033
12274,994,1036
12275,991,1038
12276,987,1034
12277,983,1034
12278,984,1030
12279,986,1030
12280,987,1030
12281,986,1035
12282,983,1040
12283,981,1043
12284,979,1040
12285,978,1036
12286,980,1029
12287,981,1025
12288,977,1026
12289,969,1025
12290,969,1027
12291,971,1029
12292,972,1028
12293,972,1027
12294,969,1025
12295,968,1024
12296,968,1031
12297,971,1032
12298,973,1031
12299,969,1030
12300,966,1028
12301,965,1030
12302,964,1034
12303,974,1037
12304,977,1036
12305,972,1034
12306,970,1024
12307,967,1024
12308,966,1024
12309,969,1029
12310,972,1029
12311,972,1032
12312,969,1027
12313,964,1028
12314,970,1032
12315,973,1033
12316,977,1032
12317,976,1026
12318,972,1027
12319,969,1031
12320,970,1035
12321,972,1041
12322,978,1041
12323,979,1034
12324,976,1025
12325,974,1021
12326,973,1023
12327,977,1026
12328,976,1028
12329,980,1031
12330,978,1027
12331,975,1028
12332,981,1024
12333,983,1028
12334,984,1024
12335,978,1024
12336,975,1019
12337,972,1021
12338,974,1024
12339,977,1028
12340,978,1029
12341,977,1027
12342,970,1023
12343,967,1025
12344,967,1029
12345,969,1032
12346,971,1027
12347,973,1027
12348,970,1023
12349,969,1024
12350,972,1026
12351,973,1030
12352,971,1032
12353,969,1034
12354,966,1035
12355,965,1036
12356,964,1035
12357,967,1036
12358,969,1037
12359,969,1034
12360,968,1029
12361,968,1032
12362,966,1034
12363,967,1032
12364,969,1032
12365,966,1027
12366,964,1026
12367,960,1028
12368,962,1031
12369,968,1035
12370,969,1035
12371,966,1031
12372,968,1030
12373,967,1030
12374,972,1031
12375,974,1031
12376,974,1029
12377,977,1025
12378,979,1022
12379,984,1022
12380,995,1021
12381,1009,1023
12382,1024,1022
12383,1042,1018
12384,1067,1012
12385,1094,1009
12386,1138,1005
12387,1180,1003
12388,1226,1002
12389,1257,1004
12390,1283,1012
12391,1290,1030
12392,1281,1046
12393,1250,1052
12394,1194,1049
12395,1131,1044
12396,1064,1044
12397,997,1053
12398,942,1065
12399,914,1073
12400,915,1072
12401,930,1066
12402,943,1056
12403,948,1047
12404,956,1041
12405,965,1037
12406,966,1030
12407,963,1024
12408,958,1022
12409,952,1024
12410,953,1028
12411,957,1032
12412,957,1032
12413,957,1031
12414,953,1028
12415,948,1029
12416,950,1030
12417,949,1033
12418,953,1033
12419,952,1030
12420,951,1027
12421,950,1032
12422,947,1035
12423,950,1038
12424,954,1036
12425,953,1035
12426,952,1032
12427,948,1027
12428,951,1029
12429,955,1031
12430,959,1032
12431,956,1031
12432,953,1031
12433,950,1037
12434,956,1042
12435,957,1044
12436,960,1039
12437,961,1030
12438,960,1021
12439,956,1021
12440,953,1024
12441,951,1028
12442,954,1027
12443,957,1031
12444,958,1027
12445,955,1026
12446,951,1021
12447,954,1023
12448,955,1025
12449,953,1027
12450,948,1024
12451,946,1018
12452,953,1018
12453,954,1019
12454,960,1020
12455,957,1021
12456,957,1018
12457,954,1021
12458,953,1016
12459,956,1022
12460,958,1020
12461,957,1020
12462,958,1017
12463,957,1015
12464,957,1018
12465,963,1016
12466,970,1014
12467,970,1014
12468,967,1011
12469,967,1011
12470,966,1013
12471,969,1015
12472,974,1008
12473,976,1002
12474,972,995
12475,970,996
12476,971,999
12477,973,1003
12478,980,1004
12479,982,1001
12480,982,996
12481,975,991
12482,975,990
12483,976,993
12484,978,992
12485,978,992
12486,976,992
12487,976,989
12488,977,992
12489,983,992
12490,986,990
12491,987,992
12492,983,989
12493,980,990
12494,984,994
12495,986,998
12496,990,1004
12497,989,1002
12498,987,1001
12499,986,1000
12500,984,1002
12501,990,1007
12502,991,1011
12503,988,1013
12504,985,1014
12505,980,1019
12506,984,1022
12507,984,1022
12508,987,1021
12509,983,1018
12510,977,1019
12511,972,1021
12512,970,1028
12513,972,1033
12514,975,1034
12515,975,1031
12516,969,1028
12517,966,1030
12518,963,1032
12519,969,1038
12520,971,1035
12521,969,1034
12522,962,1036
12523,956,1039
12524,959,1043
12525,964,1046
12526,965,1047
12527,963,1042
12528,960,1038
12529,960,1036
12530,961,1039
12531,965,1045
12532,965,1045
12533,961,1042
12534,958,1042
12535,954,1044
12536,958,1046
12537,962,1047
12538,969,1043
12539,967,1037
12540,965,1034
12541,964,1036
12542,967,1035
12543,968,1037
12544,968,1037
12545,967,1035
12546,965,1034
12547,962,1037
12548,965,1038
12549,968,1039
12550,972,1036
12551,970,1036
12552,966,1030
12553,964,1034
12554,965,1037
12555,968,1041
12556,971,1041
12557,970,1038
12558,963,1036
12559,962,1037
12560,964,1037
12561,970,1039
12562,972,1039
12563,969,1038
12564,969,1036
12565,969,1036
12566,969,1037
12567,970,1042
12568,973,1044
12569,975,1042
12570,971,1039
12571,970,1036
12572,968,1036
12573,969,1039
12574,972,1040
12575,971,1036
12576,971,1035
12577,968,1033
12578,969,1034
12579,971,1037
12580,969,1037
12581,967,1034
12582,964,1032
12583,965,1032
12584,963,1034
12585,968,1040
12586,969,1037
12587,967,1035
12588,964,1032
12589,962,1033
12590,961,1036
12591,964,1038
12592,968,1039
12593,969,1036
12594,964,1033
12595,968,1036
12596,967,1040
12597,966,1043
12598,966,1043
12599,963,1043
12600,962,1041
12601,961,1042
12602,963,1043
12603,963,1044
12604,962,1042
12605,964,1042
12606,962,1038
12607,959,1042
12608,960,1048
12609,962,1046
12610,966,1043
12611,966,1041
12612,962,1035
12613,958,1039
12614,959,1044
12615,961,1050
12616,960,1048
12617,961,1047
12618,957,1042
12619,955,1040
12620,954,1041
12621,958,1044
12622,964,1044
12623,964,1040
12624,963,1037
12625,963,1040
12626,965,1040
12627,967,1041
12628,969,1042
12629,968,1040
12630,966,1041
12631,963,1043
12632,964,1045
12633,967,1045
12634,970,1042
12635,966,1036
12636,964,1030
12637,961,1030
12638,962,1029
12639,967,1031
12640,968,1032
12641,967,1031
12642,960,1030
12643,956,1032
12644,958,1036
12645,962,1039
12646,964,1037
12647,967,1035
12648,961,1033
12649,962,1035
12650,963,1035
12651,962,1039
12652,967,1038
12653,962,1035
12654,957,1032
12655,954,1033
12656,960,1037
12657,963,1040
12658,964,1042
12659,963,1038
12660,962,1039
12661,958,1040
12662,961,1041
12663,965,1043
12664,964,1046
12665,961,1042
12666,961,1041
12667,961,1040
12668,963,1044
12669,967,1050
12670,968,1052
12671,966,1050
12672,966,1050
12673,962,1050
12674,962,1048
12675,965,1048
12676,966,1044
12677,966,1044
12678,965,1042
12679,961,1042
12680,969,1047
12681,973,1050
12682,975,1051
12683,972,1049
12684,966,1040
12685,969,1037
12686,974,1034
12687,976,1037
12688,978,1037
12689,975,1035
12690,972,1033
12691,971,1032
12692,973,1036
12693,974,1038
12694,974,1037
12695,974,1035
12696,972,1034
12697,970,1035
12698,969,1038
12699,968,1039
12700,974,1043
12701,972,1041
12702,968,1040
12703,967,1039
12704,963,1039
12705,966,1040
12706,972,1041
12707,973,1040
12708,968,1038
12709,964,1041
12710,963,1041
12711,965,1045
12712,969,1043
12713,967,1040
12714,964,1038
12715,962,1039
12716,962,1044
12717,967,1045
12718,971,1045
12719,968,1044
12720,968,1042
12721,964,1040
12722,968,1040
12723,970,1042
12724,975,1042
12725,976,1039
12726,974,1032
12727,971,1033
12728,976,1034
12729,982,1034
12730,990,1034
12731,995,1029
12732,999,1025
12733,1008,1025
12734,1022,1028
12735,1041,1028
12736,1071,1023
12737,1104,1019
12738,1138,1012
12739,1176,1007
12740,1217,1008
12741,1258,1013
12742,1287,1018
12743,1299,1028
12744,1285,1035
12745,1249,1038
12746,1193,1042
12747,1134,1045
12748,1066,1051
12749,996,1056
12750,946,1064
12751,926,1068
12752,934,1069
12753,953,1067
12754,966,1058
12755,968,1052
12756,969,1046
12757,967,1047
12758,965,1047
12759,965,1047
12760,968,1043
12761,964,1038
12762,959,1035
12763,956,1034
12764,958,1036
12765,958,1039
12766,960,1039
12767,957,1038
12768,959,1038
12769,955,1038
12770,957,1039
12771,959,1043
12772,958,1042
12773,957,1042
12774,955,1039
12775,956,1038
12776,959,1040
12777,958,1042
12778,963,1040
12779,964,1039
12780,962,1037
12781,960,1038
12782,960,1040
12783,962,1044
12784,965,1046
12785,966,1043
12786,964,1040
12787,963,1039
12788,966,1041
12789,963,1046
12790,964,1047
12791,968,1046
12792,967,1042
12793,965,1042
12794,966,1041
12795,968,1042
12796,965,1043
12797,963,1038
12798,963,1038
12799,962,1041
12800,960,1044
12801,962,1045
12802,969,1044
12803,965,1039
12804,963,1036
12805,957,1033
12806,958,1037
12807,962,1036
12808,966,1037
12809,964,1033
12810,961,1030
12811,959,1031
12812,965,1034
12813,970,1035
12814,975,1034
12815,974,1032
12816,973,1030
12817,974,1028
12818,976,1030
12819,979,1033
12820,979,1034
12821,983,1028
12822,982,1026
12823,979,1024
12824,979,1026
12825,988,1027
12826,991,1025
12827,986,1023
12828,985,1019
12829,987,1021
12830,992,1021
12831,996,1022
12832,992,1023
12833,989,1020
12834,986,1019
12835,989,1017
12836,993,1014
12837,996,1013
12838,1002,1012
12839,1004,1010
12840,1002,1009
12841,1000,1011
12842,1002,1014
12843,1004,1016
12844,1004,1012
12845,1000,1011
12846,1002,1009
12847,999,1008
12848,1005,1011
12849,1005,1014
12850,1010,1013
12851,1007,1010
12852,1005,1009
12853,1004,1011
12854,1003,1013
12855,1007,1020
12856,1007,1022
12857,1007,1021
12858,1002,1018
12859,1000,1021
12860,999,1024
12861,997,1031
12862,999,1033
12863,995,1032
12864,994,1031
12865,987,1037
12866,990,1040
12867,994,1044
12868,992,1045
12869,993,1044
12870,989,1044
12871,984,1046
12872,982,1052
12873,986,1053
12874,987,1051
12875,987,1049
12876,982,1048
12877,979,1047
12878,978,1048
12879,980,1052
12880,980,1051
12881,978,1051
12882,978,1048
12883,974,1054
12884,977,1055
12885,985,1057
12886,984,1053
12887,982,1051
12888,977,1048
12889,977,1051
12890,977,1054
12891,983,1058
12892,983,1058
12893,979,1053
12894,980,1052
12895,978,1050
12896,980,1048
12897,983,1048
12898,985,1044
12899,984,1039
12900,982,1038
12901,980,1036
12902,977,1039
12903,985,1041
12904,983,1041
12905,982,1040
12906,983,1036
12907,982,1035
12908,984,1036
12909,987,1038
12910,989,1038
12911,987,1036
12912,985,1036
12913,983,1034
12914,984,1037
12915,986,1038
12916,988,1037
12917,987,1035
12918,986,1034
12919,985,1035
12920,985,1036
12921,988,1039
12922,991,1040
12923,986,1038
12924,984,1037
12925,982,1038
12926,986,1042
12927,986,1046
12928,987,1044
12929,985,1042
12930,983,1040
12931,982,1041
12932,982,1045
12933,984,1047
12934,985,1048
12935,981,1045
12936,980,1043
12937,974,1046
12938,977,1049
12939,980,1050
12940,980,1048
12941,978,1049
12942,976,1045
12943,974,1045
12944,978,1046
12945,979,1050
12946,979,1046
12947,977,1046
12948,974,1038
12949,976,1041
12950,975,1044
12951,979,1047
12952,980,1046
12953,978,1043
12954,975,1041
12955,973,1041
12956,970,1044
12957,976,1045
12958,980,1047
12959,979,1043
12960,975,1040
12961,970,1041
12962,970,1042
12963,978,1046
12964,977,1044
12965,979,1041
12966,974,1042
12967,972,1044
12968,974,1043
12969,978,1046
12970,979,1046
12971,978,1044
12972,975,1039
12973,971,1042
12974,973,1043
12975,977,1045
12976,980,1045
12977,976,1042
12978,973,1043
12979,972,1045
12980,973,1047
12981,978,1047
12982,977,1047
12983,977,1043
12984,974,1041
12985,972,1043
12986,974,1046
12987,977,1047
12988,978,1050
12989,976,1046
12990,975,1044
12991,972,1044
12992,974,1047
12993,976,1053
12994,975,1052
12995,977,1050
12996,975,1048
12997,974,1046
12998,976,1047
12999,982,1048
13000,982,1045
13001,982,1042
13002,980,1039
13003,979,1039
13004,980,1042
13005,980,1043
13006,986,1041
13007,985,1041
13008,978,1035
13009,979,1036
13010,983,1038
13011,983,1040
13012,986,1039
13013,986,1036
13014,993,1033
13015,998,1032
13016,1012,1033
13017,1029,1034
13018,1050,1030
13019,1073,1027
13020,1106,1022
13021,1143,1020
13022,1187,1018
13023,1227,1016
13024,1265,1018
13025,1296,1018
13026,1308,1024
13027,1307,1033
13028,1287,1043
13029,1247,1046
13030,1188,1047
13031,1121,1047
13032,1048,1052
13033,984,1061
13034,939,1068
13035,932,1068
13036,944,1065
13037,962,1057
13038,967,1051
13039,972,1048
13040,972,1048
13041,972,1050
13042,973,1048
13043,972,1044
13044,967,1040
13045,966,1045
13046,968,1048
13047,971,1049
13048,970,1045
13049,970,1045
13050,968,1040
13051,964,1043
13052,964,1045
13053,968,1047
13054,971,1046
13055,970,1042
13056,967,1040
13057,965,1040
13058,964,1045
13059,964,1047
13060,965,1044
13061,965,1042
13062,962,1039
13063,959,1039
13064,964,1042
13065,965,1043
13066,965,1044
13067,964,1042
13068,962,1040
13069,962,1043
13070,964,1046
13071,965,1046
13072,964,1046
13073,965,1043
13074,962,1043
13075,961,1043
13076,960,1045
13077,963,1048
13078,965,1047
13079,963,1044
13080,963,1042
13081,962,1040
13082,966,1043
13083,967,1048
13084,964,1042
13085,965,1043
13086,963,1040
13087,963,1039
13088,969,1041
13089,971,1043
13090,976,1044
13091,977,1041
13092,976,1039
13093,976,1040
13094,979,1040
13095,983,1044
13096,984,1039
13097,985,1035
13098,983,1032
13099,983,1033
13100,988,1031
13101,991,1032
13102,992,1028
13103,995,1027
13104,993,1026
13105,993,1025
13106,996,1026
13107,998,1028
13108,1002,1026
13109,999,1022
13110,998,1018
13111,998,1018
13112,1001,1020
13113,1002,1022
13114,1005,1018
13115,1006,1017
13116,1000,1013
13117,1003,1013
13118,1002,1017
13119,1007,1017
13120,1009,1016
13121,1009,1011
13122,1005,1008
13123,1007,1012
13124,1007,1012
13125,1005,1017
13126,1009,1014
13127,1008,1013
13128,1003,1013
13129,1008,1012
13130,1010,1016
13131,1012,1020
13132,1012,1020
13133,1009,1021
13134,1007,1019
13135,1003,1022
13136,1004,1025
13137,1003,1032
13138,1004,1033
13139,1001,1030
13140,1000,1031
13141,994,1035
13142,993,1039
13143,994,1041
13144,995,1042
13145,991,1043
13146,987,1044
13147,984,1046
13148,985,1049
13149,985,1050
13150,986,1049
13151,984,1050
13152,979,1049
13153,974,1047
13154,979,1052
13155,980,1057
13156,983,1054
13157,978,1054
13158,976,1051
13159,976,1053
13160,977,1055
13161,979,1058
13162,980,1056
13163,979,1053
13164,978,1049
13165,976,1049
13166,977,1050
13167,980,1056
13168,979,1055
13169,977,1052
13170,975,1051
13171,974,1052
13172,978,1053
13173,981,1053
13174,985,1052
13175,984,1047
13176,983,1049
13177,982,1047
13178,985,1049
13179,987,1051
13180,990,1050
13181,990,1049
13182,990,1046
13183,992,1044
13184,999,1045
13185,1007,1047
13186,1012,1046
13187,1014,1043
13188,1019,1042
13189,1026,1042
13190,1041,1037
13191,1057,1032
13192,1070,1019
13193,1083,1004
13194,1095,992
13195,1110,983
13196,1129,974
13197,1145,961
13198,1163,946
13199,1180,927
13200,1194,908
13201,1208,890
13202,1224,882
13203,1239,874
13204,1244,864
13205,1238,858
13206,1231,856
13207,1226,855
13208,1221,854
13209,1216,856
13210,1207,856
13211,1187,852
13212,1165,850
13213,1143,859
13214,1123,866
13215,1100,874
13216,1076,884
13217,1054,894
13218,1040,904
13219,1030,914
13220,1029,928
13221,1031,940
13222,1029,947
13223,1022,957
13224,1022,963
13225,1031,974
13226,1047,987
13227,1072,996
13228,1096,1000
13229,1104,1002
13230,1086,1005
13231,1049,1014
13232,1003,1025
13233,971,1035
13234,949,1045
13235,941,1055
13236,934,1064
13237,931,1070
13238,928,1075
13239,925,1081
13240,925,1083
13241,919,1085
13242,910,1084
13243,906,1089
13244,904,1092
13245,906,1099
13246,905,1100
13247,903,1102
13248,903,1099
13249,902,1104
13250,902,1107
13251,903,1110
13252,904,1108
13253,900,1110
13254,897,1108
13255,897,1109
13256,893,1114
13257,897,1117
13258,896,1120
13259,895,1119
13260,892,1119
13261,890,1119
13262,889,1122
13263,887,1127
13264,886,1128
13265,886,1128
13266,884,1125
13267,883,1130
13268,881,1135
13269,884,1142
13270,884,1143
13271,882,1145
13272,879,1144
13273,876,1148
13274,877,1151
13275,879,1156
13276,883,1156
13277,882,1153
13278,878,1154
13279,876,1160
13280,877,1165
13281,881,1169
13282,882,1171
13283,881,1169
13284,881,1172
13285,883,1173
13286,886,1176
13287,891,1181
13288,896,1182
13289,896,1179
13290,897,1176
13291,899,1175
13292,899,1176
13293,905,1178
13294,914,1174
13295,914,1170
13296,916,1167
13297,918,1161
13298,926,1163
13299,933,1162
13300,939,1158
13301,941,1152
13302,944,1147
13303,948,1144
13304,953,1143
13305,958,1141
13306,965,1134
13307,967,1125
13308,966,1117
13309,963,1113
13310,966,1112
13311,971,1110
13312,976,1103
13313,975,1098
13314,973,1091
13315,972,1088
13316,974,1088
13317,978,1085
13318,978,1080
13319,971,1076
13320,970,1072
13321,971,1069
13322,972,1068
13323,975,1069
13324,976,1068
13325,972,1067
13326,967,1061
13327,969,1060
13328,971,1060
13329,971,1063
13330,972,1061
13331,971,1057
13332,968,1055
13333,967,1054
13334,968,1058
13335,970,1059
13336,971,1058
13337,968,1053
13338,967,1051
13339,965,1050
13340,972,1055
13341,977,1057
13342,973,1057
13343,973,1052
13344,968,1051
13345,968,1052
13346,967,1053
13347,973,1056
13348,975,1054
13349,970,1052
13350,967,1048
13351,968,1051
13352,971,1054
13353,971,1056
13354,976,1055
13355,972,1053
13356,971,1048
13357,974,1050
13358,977,1052
13359,981,1053
13360,984,1050
13361,977,1049
13362,976,1047
13363,978,1048
13364,980,1050
13365,979,1052
13366,980,1049
13367,979,1046
13368,976,1042
13369,977,1045
13370,979,1048
13371,981,1053
13372,979,1051
13373,977,1049
13374,974,1045
13375,974,1047
13376,974,1048
13377,977,1052
13378,978,1052
13379,978,1047
13380,975,1042
13381,973,1041
13382,979,1045
13383,982,1047
13384,983,1048
13385,979,1046
13386,975,1042
13387,974,1044
13388,973,1048
13389,975,1048
13390,975,1047
13391,974,1042
13392,973,1038
13393,973,1041
13394,979,1045
13395,980,1050
13396,981,1046
13397,975,1042
13398,972,1041
13399,973,1041
13400,975,1047
13401,978,1046
13402,978,1045
13403,977,1045
13404,975,1043
13405,973,1046
13406,973,1048
13407,977,1048
13408,977,1048
13409,977,1044
13410,977,1042
13411,975,1043
13412,974,1046
13413,978,1050
13414,979,1049
13415,976,1046
13416,976,1044
13417,975,1045
13418,976,1048
13419,974,1047
13420,980,1046
13421,979,1041
13422,975,1040
13423,975,1041
13424,977,1043
13425,979,1044
13426,977,1047
13427,979,1044
13428,975,1041
13429,975,1041
13430,976,1047
13431,977,1048
13432,982,1049
13433,982,1043
13434,979,1038
13435,976,1039
13436,975,1040
13437,974,1044
13438,978,1042
13439,976,1040
13440,976,1040
13441,978,1042
13442,978,1044
13443,983,1048
13444,984,1046
13445,985,1046
13446,982,1046
13447,980,1046
13448,981,1048
13449,984,1052
13450,984,1048
13451,982,1044
13452,979,1043
13453,976,1043
13454,979,1042
13455,981,1045
13456,984,1045
13457,981,1042
13458,974,1042
13459,978,1044
13460,982,1046
13461,986,1048
13462,988,1046
13463,983,1042
13464,978,1042
13465,975,1044
13466,975,1045
13467,976,1045
13468,979,1048
13469,982,1044
13470,979,1040
13471,980,1042
13472,981,1045
13473,982,1043
13474,982,1044
13475,980,1040
13476,981,1035
13477,980,1038
13478,982,1040
13479,987,1042
13480,986,1040
13481,982,1038
13482,980,1037
13483,984,1035
13484,986,1037
13485,994,1037
13486,1006,1031
13487,1021,1030
13488,1036,1024
13489,1058,1026
13490,1094,1026
13491,1136,1027
13492,1178,1013
13493,1216,1003
13494,1251,997
13495,1287,1002
13496,1316,1012
13497,1328,1027
13498,1321,1039
13499,1277,1042
13500,1212,1041
13501,1137,1048
13502,1063,1058
13503,993,1071
13504,941,1072
13505,928,1070
13506,938,1067
13507,956,1058
13508,973,1054
13509,980,1050
13510,981,1046
13511,975,1042
13512,970,1035
13513,966,1037
13514,970,1037
13515,970,1039
13516,970,1038
13517,968,1036
13518,964,1031
13519,963,1034
13520,965,1037
13521,968,1041
13522,969,1037
13523,967,1035
13524,964,1030
13525,962,1035
13526,963,1042
13527,963,1041
13528,966,1042
13529,966,1040
13530,964,1037
13531,965,1045
13532,967,1044
13533,972,1047
13534,973,1042
13535,971,1043
13536,965,1042
13537,966,1044
13538,966,1045
13539,969,1049
13540,972,1049
13541,971,1043
13542,969,1043
13543,971,1044
13544,968,1046
13545,973,1048
13546,977,1044
13547,975,1042
13548,972,1038
13549,970,1039
13550,971,1042
13551,975,1045
13552,975,1046
13553,975,1043
13554,971,1039
13555,967,1039
13556,969,1041
13557,972,1040
13558,970,1035
13559,970,1031
13560,970,1026
13561,971,1026
13562,974,1027
13563,977,1029
13564,978,1027
13565,976,1024
13566,973,1019
13567,976,1019
13568,979,1021
13569,986,1024
13570,988,1024
13571,983,1021
13572,982,1014
13573,989,1015
13574,993,1013
13575,999,1018
13576,999,1015
13577,996,1015
13578,994,1013
13579,994,1012
13580,999,1014
13581,1006,1018
13582,1009,1015
13583,1010,1011
13584,1011,1005
13585,1005,1006
13586,1009,1007
13587,1016,1011
13588,1019,1012
13589,1018,1007
13590,1019,1002
13591,1019,1005
13592,1023,1011
13593,1025,1011
13594,1029,1010
13595,1028,1008
13596,1023,1006
13597,1026,1008
13598,1028,1011
13599,1027,1013
13600,1026,1018
13601,1025,1016
13602,1022,1019
13603,1016,1017
13604,1017,1019
13605,1016,1025
13606,1010,1024
13607,1010,1025
13608,1003,1028
13609,1001,1031
13610,1001,1036
13611,999,1038
13612,999,1038
13613,995,1036
13614,989,1036
13615,987,1038
13616,986,1042
13617,988,1046
13618,987,1045
13619,989,1043
13620,985,1043
13621,980,1042
13622,978,1047
13623,981,1050
13624,980,1048
13625,981,1046
13626,981,1043
13627,978,1047
13628,980,1046
13629,979,1050
13630,981,1049
13631,979,1047
13632,980,1046
13633,981,1047
13634,981,1049
13635,988,1054
13636,989,1048
13637,986,1047
13638,987,1044
13639,984,1046
13640,986,1045
13641,991,1046
13642,992,1044
13643,992,1044
13644,992,1040
13645,990,1042
13646,991,1043
13647,994,1044
13648,995,1041
13649,991,1038
13650,985,1038
13651,985,1038
13652,987,1038
13653,989,1037
13654,989,1037
13655,986,1033
13656,984,1033
13657,983,1033
13658,984,1035
13659,988,1037
13660,989,1038
13661,988,1038
13662,988,1034
13663,986,1033
13664,987,1037
13665,990,1038
13666,990,1038
13667,990,1036
13668,983,1034
13669,980,1034
13670,979,1037
13671,982,1039
13672,982,1042
13673,981,1037
13674,979,1039
13675,976,1037
13676,979,1041
13677,987,1043
13678,988,1043
13679,987,1042
13680,983,1041
13681,980,1041
13682,981,1043
13683,985,1049
13684,985,1047
13685,985,1043
13686,985,1041
13687,981,1045
13688,979,1049
13689,985,1051
13690,988,1050
13691,983,1045
13692,981,1043
13693,979,1044
13694,980,1042
13695,979,1044
13696,984,1043
13697,980,1037
13698,976,1035
13699,978,1038
13700,982,1042
13701,984,1045
13702,988,1044
13703,985,1045
13704,981,1045
13705,984,1043
13706,982,1046
13707,986,1044
13708,985,1039
13709,985,1039
13710,984,1039
13711,979,1039
13712,981,1043
13713,983,1045
13714,984,1044
13715,982,1038
13716,980,1038
13717,980,1039
13718,982,1042
13719,988,1043
13720,989,1040
13721,985,1036
13722,982,1036
13723,983,1035
13724,987,1039
13725,995,1041
13726,1000,1042
13727,1008,1040
13728,1021,1032
13729,1037,1029
13730,1066,1029
13731,1100,1031
13732,1140,1022
13733,1183,1011
13734,1225,1004
13735,1266,999
13736,1306,1005
13737,1329,1015
13738,1331,1030
13739,1308,1035
13740,1259,1036
13741,1194,1039
13742,1126,1048
13743,1061,1058
13744,986,1070
13745,932,1074
13746,909,1076
13747,926,1078
13748,944,1072
13749,962,1065
13750,971,1057
13751,972,1049
13752,968,1046
13753,968,1047
13754,972,1048
13755,975,1050
13756,976,1044
13757,972,1043
13758,969,1044
13759,973,1046
13760,974,1049
13761,973,1050
13762,974,1050
13763,969,1047
13764,963,1044
13765,960,1044
13766,961,1046
13767,964,1050
13768,964,1049
13769,965,1047
13770,961,1040
13771,960,1043
13772,962,1046
13773,965,1051
13774,965,1049
13775,964,1045
13776,962,1045
13777,963,1047
13778,967,1047
13779,971,1048
13780,971,1047
13781,968,1043
13782,966,1041
13783,966,1044
13784,969,1047
13785,972,1053
13786,970,1052
13787,969,1045
13788,969,1042
13789,968,1040
13790,970,1042
13791,973,1045
13792,973,1043
13793,971,1044
13794,968,1041
13795,968,1043
13796,970,1046
13797,971,1046
13798,976,1045
13799,977,1042
13800,974,1039
13801,973,1039
13802,978,1038
13803,980,1043
13804,978,1040
13805,978,1040
13806,977,1035
13807,974,1035
13808,977,1036
13809,980,1034
13810,984,1037
13811,982,1035
13812,980,1032
13813,983,1032
13814,985,1034
13815,991,1034
13816,992,1033
13817,991,1031
13818,989,1030
13819,987,1032
13820,991,1030
13821,996,1030
13822,1000,1027
13823,998,1023
13824,997,1020
13825,1001,1019
13826,1003,1020
13827,1006,1021
13828,1004,1021
13829,1003,1015
13830,1001,1015
13831,1003,1015
13832,1003,1016
13833,1008,1018
13834,1011,1013
13835,1012,1009
13836,1010,1007
13837,1011,1011
13838,1013,1011
13839,1017,1013
13840,1018,1012
13841,1018,1011
13842,1015,1011
13843,1014,1014
13844,1015,1018
13845,1019,1021
13846,1018,1019
13847,1013,1017
13848,1011,1019
13849,1008,1027
13850,1008,1031
13851,1012,1033
13852,1009,1033
13853,1007,1030
13854,1002,1031
13855,999,1035
13856,999,1037
13857,1000,1041
13858,996,1038
13859,990,1039
13860,986,1036
13861,987,1041
13862,986,1044
13863,988,1048
13864,986,1045
13865,984,1045
13866,978,1046
13867,978,1051
13868,981,1053
13869,984,1058
13870,982,1054
13871,979,1053
13872,978,1048
13873,977,1052
13874,980,1056
13875,982,1058
13876,983,1055
13877,979,1053
13878,975,1050
13879,974,1053
13880,978,1058
13881,982,1056
13882,980,1051
13883,976,1052
13884,975,1050
13885,974,1052
13886,973,1051
13887,981,1053
13888,983,1049
13889,980,1047
13890,980,1044
13891,980,1049
13892,980,1052
13893,985,1053
13894,985,1051
13895,984,1050
13896,978,1048
13897,978,1050
13898,982,1053
13899,986,1057
13900,987,1055
13901,986,1051
13902,984,1045
13903,985,1048
13904,986,1051
13905,986,1054
13906,986,1051
13907,984,1049
13908,979,1047
13909,982,1048
13910,985,1050
13911,989,1049
13912,989,1048
13913,985,1044
13914,985,1041
13915,983,1046
13916,983,1045
13917,987,1050
13918,988,1049
13919,985,1049
13920,983,1049
13921,982,1049
13922,986,1051
13923,988,1053
13924,986,1048
13925,982,1047
13926,980,1049
13927,980,1051
13928,982,1049
13929,984,1052
13930,987,1050
13931,986,1047
13932,986,1044
13933,983,1046
13934,984,1049
13935,986,1052
13936,984,1049
13937,981,1043
13938,976,1042
13939,974,1041
13940,976,1048
13941,983,1050
13942,982,1046
13943,981,1044
13944,980,1041
13945,977,1046
13946,978,1049
13947,981,1049
13948,981,1049
13949,980,1045
13950,977,1043
13951,979,1046
13952,982,1048
13953,987,1051
13954,986,1048
13955,983,1046
13956,981,1042
13957,982,1047
13958,985,1048
13959,987,1050
13960,986,1047
13961,985,1046
13962,980,1046
13963,980,1046
13964,982,1048
13965,982,1051
13966,983,1049
13967,981,1045
13968,978,1043
13969,977,1047
13970,981,1049
13971,982,1050
13972,987,1049
13973,984,1044
13974,978,1038
13975,976,1043
13976,979,1046
13977,986,1050
13978,987,1048
13979,985,1046
13980,982,1045
13981,981,1049
13982,985,1048
13983,987,1048
13984,987,1046
13985,989,1042
13986,989,1040
13987,993,1039
13988,1007,1041
13989,1022,1043
13990,1035,1038
13991,1058,1036
13992,1085,1033
13993,1121,1028
13994,1166,1021
13995,1214,1016
13996,1252,1008
13997,1286,1008
13998,1307,1017
13999,1318,1034
14000,1304,1046
14001,1270,1050
14002,1206,1049
14003,1141,1052
14004,1073,1057
14005,1004,1070
14006,951,1078
14007,935,1085
14008,938,1078
14009,953,1070
14010,964,1061
14011,970,1054
14012,976,1051
14013,979,1048
14014,977,1043
14015,977,1039
14016,970,1037
14017,972,1038
14018,977,1039
14019,978,1044
14020,972,1041
14021,973,1038
14022,968,1035
14023,967,1039
14024,965,1041
14025,967,1044
14026,965,1044
14027,966,1039
14028,960,1037
14029,961,1038
14030,965,1045
14031,967,1047
14032,965,1045
14033,962,1042
14034,958,1041
14035,958,1045
14036,962,1046
14037,964,1047
14038,962,1047
14039,959,1047
14040,954,1047
14041,960,1050
14042,963,1051
14043,962,1055
14044,965,1052
14045,963,1047
14046,961,1047
14047,959,1047
14048,966,1048
14049,970,1049
14050,970,1049
14051,967,1045
14052,965,1043
14053,963,1043
14054,970,1045
14055,973,1047
14056,974,1043
14057,973,1043
14058,972,1041
14059,970,1044
14060,972,1043
14061,975,1043
14062,974,1041
14063,974,1037
14064,973,1034
14065,976,1036
14066,974,1041
14067,979,1042
14068,982,1037
14069,982,1033
14070,980,1027
14071,982,1028
14072,986,1030
14073,988,1030
14074,988,1028
14075,988,1024
14076,985,1024
14077,990,1024
14078,994,1024
14079,997,1025
14080,1000,1023
14081,999,1018
14082,997,1017
14083,999,1018
14084,1001,1022
14085,1004,1022
14086,1004,1022
14087,1000,1017
14088,1001,1016
14089,1002,1013
14090,1007,1016
14091,1010,1015
14092,1010,1015
14093,1009,1012
14094,1006,1009
14095,1011,1011
14096,1011,1013
14097,1013,1014
14098,1015,1013
14099,1016,1011
14100,1013,1010
14101,1012,1011
14102,1013,1012
14103,1017,1014
14104,1015,1014
14105,1013,1012
14106,1010,1013
14107,1009,1016
14108,1009,1017
14109,1014,1020
14110,1014,1019
14111,1010,1022
14112,1004,1022
14113,1007,1027
14114,1005,1030
14115,1004,1033
14116,1000,1031
14117,998,1029
14118,995,1033
14119,992,1036
14120,995,1041
14121,995,1042
14122,994,1044
14123,991,1040
14124,984,1039
14125,979,1043
14126,983,1047
14127,986,1050
14128,981,1051
14129,978,1049
14130,975,1047
14131,975,1047
14132,977,1051
14133,980,1051
14134,981,1050
14135,978,1046
14136,974,1047
14137,971,1047
14138,975,1049
14139,979,1048
14140,979,1043
14141,977,1041
14142,976,1040
14143,975,1043
14144,972,1047
14145,977,1049
14146,977,1046
14147,978,1044
14148,976,1041
14149,977,1043
14150,978,1046
14151,981,1051
14152,984,1049
14153,982,1046
14154,978,1045
14155,979,1048
14156,984,1046
14157,988,1049
14158,987,1047
14159,987,1044
14160,986,1042
14161,986,1043
14162,989,1046
14163,992,1047
14164,992,1040
14165,989,1039
14166,986,1041
14167,984,1043
14168,986,1047
14169,990,1046
14170,991,1046
14171,988,1044
14172,986,1042
14173,985,1043
14174,986,1046
14175,988,1049
14176,986,1045
14177,986,1042
14178,981,1043
14179,982,1045
14180,982,1046
14181,986,1048
14182,985,1043
14183,983,1038
14184,980,1038
14185,978,1041
14186,983,1042
14187,985,1044
14188,984,1041
14189,983,1037
14190,977,1036
14191,976,1039
14192,979,1041
14193,983,1043
14194,982,1043
14195,978,1038
14196,978,1038
14197,976,1040
14198,980,1040
14199,983,1043
14200,983,1041
14201,982,1037
14202,982,1036
14203,981,1036
14204,982,1037
14205,987,1041
14206,985,1038
14207,981,1036
14208,979,1033
14209,979,1035
14210,983,1039
14211,986,1041
14212,988,1039
14213,983,1039
14214,984,1038
14215,984,1040
14216,988,1043
14217,988,1043
14218,988,1041
14219,985,1039
14220,983,1040
14221,982,1041
14222,982,1041
14223,977,1041
14224,979,1043
14225,979,1041
14226,975,1037
14227,978,1041
14228,983,1041
14229,987,1043
14230,990,1035
14231,991,1033
14232,992,1031
14233,1000,1028
14234,1017,1035
14235,1034,1033
14236,1058,1029
14237,1084,1026
14238,1118,1021
14239,1156,1014
14240,1196,1010
14241,1242,1006
14242,1276,1004
14243,1307,1003
14244,1322,1014
14245,1324,1027
14246,1307,1039
14247,1273,1044
14248,1213,1042
14249,1148,1043
14250,1080,1048
14251,1008,1062
14252,950,1068
14253,923,1074
14254,921,1072
14255,928,1066
14256,940,1059
14257,951,1050
14258,961,1048
14259,969,1045
14260,968,1040
14261,964,1035
14262,962,1038
14263,961,1039
14264,966,1040
14265,966,1041
14266,966,1039
14267,964,1037
14268,962,1037
14269,962,1038
14270,960,1042
14271,965,1044
14272,967,1042
14273,964,1036
14274,961,1036
14275,960,1037
14276,961,1041
14277,961,1041
14278,963,1041
14279,960,1038
14280,959,1036
14281,958,1041
14282,962,1040
14283,965,1043
14284,962,1041
14285,960,1037
14286,954,1038
14287,951,1042
14288,953,1043
14289,957,1044
14290,958,1043
14291,954,1041
14292,953,1039
14293,953,1039
14294,960,1039
14295,960,1042
14296,959,1039
14297,955,1037
14298,953,1037
14299,955,1037
14300,954,1042
14301,960,1041
14302,960,1040
14303,958,1033
14304,957,1034
14305,956,1034
14306,961,1036
14307,963,1037
14308,960,1033
14309,961,1032
14310,959,1028
14311,959,1033
14312,964,1034
14313,965,1035
14314,965,1033
14315,966,1030
14316,960,1030
14317,964,1029
14318,966,1030
14319,971,1032
14320,972,1028
14321,972,1024
14322,971,1021
14323,972,1019
14324,975,1021
14325,980,1020
14326,979,1017
14327,976,1014
14328,978,1010
14329,980,1013
14330,988,1012
14331,987,1014
14332,985,1009
14333,980,1005
14334,981,1004
14335,984,1004
14336,988,1008
14337,994,1009
14338,995,1006
14339,991,1002
14340,992,1000
14341,992,1004
14342,994,1008
14343,998,1007
14344,1000,1007
14345,998,1005
14346,997,1005
14347,996,1009
14348,1000,1011
14349,1003,1011
14350,1003,1011
14351,1001,1006
14352,1000,1004
14353,1001,1009
14354,1002,1015
14355,1002,1015
14356,998,1016
14357,996,1013
14358,993,1018
14359,992,1019
14360,995,1024
14361,994,1028
14362,994,1027
14363,988,1029
14364,983,1028
14365,981,1032
14366,982,1036
14367,986,1037
14368,983,1036
14369,974,1034
14370,971,1035
14371,971,1038
14372,973,1040
14373,975,1042
14374,972,1042
14375,966,1040
14376,963,1039
14377,963,1038
14378,963,1043
14379,964,1044
14380,961,1043
14381,958,1042
14382,956,1040
14383,960,1040
14384,963,1045
14385,966,1046
14386,966,1043
14387,964,1042
14388,960,1041
14389,961,1044
14390,965,1046
14391,970,1048
14392,970,1048
14393,967,1046
14394,964,1047
14395,967,1049
14396,969,1048
14397,972,1049
14398,973,1045
14399,970,1043
14400,967,1039
14401,966,1039
14402,968,1040
14403,973,1040
14404,972,1038
14405,968,1033
14406,965,1036
14407,966,1035
14408,971,1036
14409,977,1037
14410,976,1036
14411,972,1032
14412,972,1033
14413,969,1032
14414,973,1035
14415,977,1035
14416,973,1032
14417,973,1028
14418,973,1027
14419,971,1031
14420,976,1035
14421,980,1032
14422,977,1033
14423,971,1030
14424,970,1027
14425,970,1028
14426,972,1030
14427,975,1032
14428,973,1029
14429,970,1028
14430,963,1029
14431,964,1031
14432,964,1032
14433,968,1035
14434,964,1034
14435,965,1030
14436,960,1032
14437,963,1034
14438,968,1036
14439,971,1038
14440,966,1038
14441,968,1036
14442,966,1037
14443,968,1039
14444,968,1044
14445,969,1044
14446,970,1044
14447,970,1042
14448,967,1039
14449,966,1043
14450,971,1046
14451,972,1046
14452,973,1040
14453,974,1037
14454,972,1033
14455,965,1037
14456,962,1038
14457,964,1041
14458,967,1038
14459,962,1033
14460,962,1034
14461,966,1034
14462,967,1034
14463,970,1037
14464,967,1033
14465,963,1032
14466,959,1031
14467,961,1035
14468,963,1037
14469,965,1035
14470,965,1035
14471,963,1032
14472,959,1031
14473,957,1032
14474,962,1036
14475,964,1036
14476,963,1033
14477,962,1031
14478,959,1031
14479,957,1033
14480,960,1036
14481,960,1035
14482,963,1034
14483,963,1031
14484,960,1029
14485,963,1033
14486,964,1038
14487,963,1037
14488,963,1037
14489,962,1033
14490,962,1032
14491,957,1037
14492,961,1036
14493,965,1035
14494,962,1035
14495,964,1033
14496,966,1034
14497,964,1037
14498,968,1038
14499,967,1037
14500,968,1030
14501,964,1026
14502,962,1026
14503,964,1030
14504,970,1031
14505,975,1030
14506,972,1031
14507,965,1030
14508,962,1029
14509,964,1031
14510,967,1032
14511,971,1033
14512,972,1031
14513,968,1026
14514,966,1027
14515,969,1029
14516,972,1030
14517,975,1032
14518,974,1030
14519,971,1029
14520,968,1027
14521,966,1028
14522,965,1031
14523,970,1032
14524,971,1032
14525,969,1028
14526,968,1027
14527,970,1029
14528,969,1032
14529,975,1032
14530,980,1026
14531,985,1020
14532,995,1021
14533,1005,1020
14534,1026,1019
14535,1048,1016
14536,1077,1013
14537,1107,1002
14538,1140,995
14539,1174,991
14540,1215,988
14541,1256,991
14542,1285,997
14543,1301,1007
14544,1296,1019
14545,1269,1028
14546,1217,1032
14547,1166,1034
14548,1107,1040
14549,1045,1043
14550,983,1048
14551,935,1054
14552,916,1057
14553,924,1054
14554,942,1047
14555,953,1036
14556,961,1027
14557,964,1029
14558,962,1028
14559,964,1030
14560,959,1028
14561,957,1027
14562,955,1027
14563,954,1028
14564,953,1030
14565,955,1034
14566,955,1031
14567,952,1029
14568,949,1029
14569,946,1033
14570,948,1033
14571,949,1033
14572,950,1031
14573,945,1030
14574,945,1031
14575,944,1034
14576,949,1034
14577,954,1033
14578,955,1030
14579,955,1028
14580,953,1028
14581,953,1029
14582,950,1032
14583,952,1033
14584,955,1034
14585,950,1031
14586,951,1029
14587,951,1031
14588,948,1032
14589,954,1034
14590,951,1032
14591,952,1029
14592,949,1029
14593,950,1027
14594,949,1032
14595,954,1032
14596,952,1029
14597,949,1028
14598,946,1027
14599,948,1028
14600,950,1030
14601,954,1032
14602,952,1033
14603,950,1032
14604,949,1030
14605,950,1033
14606,955,1032
14607,958,1031
14608,957,1030
14609,953,1028
14610,952,1029
14611,955,1029
14612,959,1031
14613,964,1028
14614,961,1026
14615,960,1024
14616,958,1020
14617,957,1021
14618,960,1025
14619,963,1023
14620,964,1022
14621,963,1016
14622,962,1015
14623,965,1018
14624,970,1018
14625,974,1018
14626,977,1017
14627,975,1016
14628,970,1011
14629,971,1011
14630,974,1011
14631,981,1008
14632,982,1005
14633,983,1003
14634,976,1000
14635,979,1001
14636,982,1002
14637,988,1000
14638,989,997
14639,990,994
14640,990,992
14641,990,994
14642,993,995
14643,995,996
14644,1000,994
14645,998,993
14646,997,990
14647,997,994
14648,1002,996
14649,1005,997
14650,1001,994
14651,999,994
14652,997,994
14653,998,998
14654,997,1002
14655,1002,1004
14656,1001,1004
14657,998,1003
14658,995,1002
14659,995,1009
14660,996,1014
14661,999,1015
14662,999,1016
14663,995,1016
14664,991,1019
14665,989,1022
14666,988,1025
14667,993,1025
14668,988,1025
14669,983,1023
14670,978,1024
14671,975,1024
14672,976,1028
14673,976,1029
14674,973,1027
14675,968,1025
14676,964,1023
14677,967,1027
14678,968,1028
14679,970,1028
14680,967,1028
14681,966,1028
14682,962,1027
14683,962,1031
14684,967,1036
14685,969,1034
14686,970,1034
14687,968,1031
14688,964,1030
14689,962,1034
14690,964,1039
14691,967,1039
14692,965,1034
14693,966,1033
14694,962,1034
14695,966,1035
14696,963,1037
14697,971,1040
14698,972,1039
14699,967,1035
14700,966,1036
14701,965,1036
14702,966,1040
14703,971,1042
14704,966,1042
14705,965,1040
14706,967,1038
14707,968,1042
14708,970,1045
14709,973,1043
14710,971,1043
14711,970,1037
14712,968,1038
14713,968,1036
14714,971,1039
14715,974,1039
14716,974,1036
14717,975,1033
14718,973,1031
14719,973,1033
14720,976,1038
14721,978,1037
14722,978,1036
14723,975,1031
14724,972,1029
14725,971,1031
14726,970,1033
14727,976,1034
14728,975,1030
14729,972,1026
14730,973,1024
14731,972,1026
14732,970,1028
14733,972,1030
14734,969,1027
14735,965,1023
14736,961,1023
14737,963,1026
14738,971,1026
14739,974,1029
14740,973,1025
14741,968,1022
14742,964,1023
14743,964,1024
14744,967,1025
14745,974,1027
14746,973,1026
14747,971,1024
14748,967,1026
14749,968,1026
14750,971,1029
14751,974,1029
14752,974,1025
14753,972,1024
14754,967,1025
14755,965,1028
14756,965,1029
14757,970,1032
14758,970,1035
14759,968,1030
14760,970,1031
14761,971,1034
14762,971,1036
14763,971,1039
14764,972,1036
14765,972,1034
14766,964,1034
14767,969,1038
14768,972,1039
14769,977,1039
14770,978,1039
14771,976,1037
14772,972,1034
14773,971,1038
14774,977,1041
14775,974,1039
14776,978,1037
14777,975,1035
14778,975,1037
14779,974,1037
14780,978,1040
14781,976,1039
14782,978,1040
14783,973,1036
14784,971,1035
14785,972,1037
14786,975,1039
14787,977,1038
14788,977,1035
14789,975,1030
14790,975,1025
14791,983,1027
14792,997,1025
14793,1012,1023
14794,1027,1017
14795,1045,1013
14796,1074,1011
14797,1118,1006
14798,1165,997
14799,1215,989
14800,1253,982
14801,1287,984
14802,1307,993
14803,1310,1010
14804,1291,1022
14805,1250,1022
14806,1190,1019
14807,1126,1023
14808,1055,1037
14809,989,1048
14810,945,1057
14811,923,1063
14812,928,1061
14813,940,1053
14814,951,1045
14815,959,1040
14816,964,1040
14817,967,1035
14818,965,1035
14819,962,1033
14820,961,1033
14821,958,1035
14822,961,1040
14823,963,1040
14824,961,1037
14825,957,1036
14826,955,1034
14827,956,1036
14828,959,1040
14829,959,1040
14830,958,1036
14831,955,1036
14832,954,1036
14833,953,1039
14834,953,1041
14835,955,1041
14836,953,1038
14837,949,1037
14838,948,1035
14839,947,1038
14840,948,1037
14841,952,1035
14842,951,1031
14843,951,1032
14844,950,1029
14845,950,1035
14846,954,1036
14847,957,1035
14848,959,1033
14849,958,1027
14850,954,1030
14851,957,1030
14852,959,1032
14853,965,1034
14854,963,1028
14855,960,1027
14856,957,1023
14857,957,1023
14858,961,1027
14859,963,1031
14860,961,1028
14861,960,1027
14862,961,1026
14863,964,1028
14864,965,1030
14865,969,1033
14866,967,1028
14867,966,1027
14868,968,1028
14869,967,1029
14870,969,1030
14871,975,1029
14872,973,1027
14873,972,1023
14874,970,1021
14875,971,1024
14876,973,1027
14877,974,1025
14878,978,1023
14879,978,1016
14880,975,1015
14881,978,1017
14882,982,1016
14883,987,1014
14884,987,1011
14885,982,1009
14886,981,1008
14887,982,1008
14888,988,1010
14889,993,1007
14890,991,1004
14891,991,1001
14892,990,1000
14893,991,1001
14894,991,1000
14895,996,1000
14896,997,998
14897,998,994
14898,998,992
14899,998,989
14900,1002,993
14901,1006,995
14902,1008,993
14903,1005,995
14904,1003,995
14905,1002,998
14906,1005,999
14907,1010,1006
14908,1008,1002
14909,1006,1002
14910,1001,1007
14911,999,1012
14912,1001,1016
14913,1000,1020
14914,996,1021
14915,992,1021
14916,988,1024
14917,985,1029
14918,987,1030
14919,986,1031
14920,982,1032
14921,979,1032
14922,974,1030
14923,975,1035
14924,975,1039
14925,976,1039
14926,975,1037
14927,970,1036
14928,967,1033
14929,970,1038
14930,972,1043
14931,975,1041
14932,972,1040
14933,968,1037
14934,967,1037
14935,965,1040
14936,966,1043
14937,970,1044
14938,972,1041
14939,971,1039
14940,972,1039
14941,976,1044
14942,986,1043
14943,995,1042
14944,997,1040
14945,998,1042
14946,999,1041
14947,1000,1046
14948,1010,1048
14949,1021,1050
14950,1033,1042
14951,1044,1034
14952,1056,1019
14953,1066,1010
14954,1079,999
14955,1094,990
14956,1109,978
14957,1123,962
14958,1130,951
14959,1144,941
14960,1162,926
14961,1182,911
14962,1196,889
14963,1213,870
14964,1228,858
14965,1239,848
14966,1240,843
14967,1235,845
14968,1228,845
14969,1224,841
14970,1216,839
14971,1211,837
14972,1199,840
14973,1181,838
14974,1158,839
14975,1129,839
14976,1106,844
14977,1082,854
14978,1061,866
14979,1041,879
14980,1023,886
14981,1009,897
14982,1003,907
14983,1004,921
14984,1006,935
14985,1007,945
14986,1001,951
14987,1003,958
14988,1017,963
14989,1033,975
14990,1058,985
14991,1081,987
14992,1087,988
14993,1074,992
14994,1043,999
14995,1007,1008
14996,976,1019
14997,953,1030
14998,943,1042
14999,934,1048
15000,932,1056
15001,933,1066
15002,930,1071
15003,929,1074
15004,923,1074
15005,917,1075
15006,913,1076
15007,909,1083
15008,909,1086
15009,909,1086
15010,905,1089
15011,901,1087
15012,898,1090
15013,899,1094
15014,900,1098
15015,901,1101
15016,899,1099
15017,897,1100
15018,891,1102
15019,890,1107
15020,893,1110
15021,891,1112
15022,891,1112
15023,886,1110
15024,883,1109
15025,882,1114
15026,883,1119
15027,886,1121
15028,881,1119
15029,880,1119
15030,882,1121
15031,882,1124
15032,884,1129
15033,886,1131
15034,886,1130
15035,885,1130
15036,879,1131
15037,879,1135
15038,880,1140
15039,887,1144
15040,887,1142
15041,886,1142
15042,884,1144
15043,885,1148
15044,889,1151
15045,890,1153
15046,890,1154
15047,888,1151
15048,887,1153
15049,891,1157
15050,894,1161
15051,899,1165
15052,898,1165
15053,894,1163
15054,894,1162
15055,897,1166
15056,903,1170
15057,908,1169
15058,911,1165
15059,913,1163
15060,912,1160
15061,921,1162
15062,927,1159
15063,928,1157
15064,932,1152
15065,933,1146
15066,935,1143
15067,939,1141
15068,945,1139
15069,949,1138
15070,951,1131
15071,952,1123
15072,952,1120
15073,953,1117
15074,956,1115
15075,960,1111
15076,960,1102
15077,957,1096
15078,959,1090
15079,958,1088
15080,963,1085
15081,966,1081
15082,965,1078
15083,967,1072
15084,962,1066
15085,963,1064
15086,967,1064
15087,969,1062
15088,967,1055
15089,967,1049
15090,967,1047
15091,969,1047
15092,970,1049
15093,971,1045
15094,970,1043
15095,968,1039
15096,965,1038
15097,965,1041
15098,968,1041
15099,971,1045
15100,973,1039
15101,971,1037
15102,968,1040
15103,968,1041
15104,969,1042
15105,973,1042
15106,972,1041
15107,967,1036
15108,965,1038
15109,965,1037
15110,968,1042
15111,970,1041
15112,972,1037
15113,969,1036
15114,966,1038
15115,967,1038
15116,969,1041
15117,973,1040
15118,973,1038
15119,973,1034
15120,971,1035
15121,973,1036
15122,975,1039
15123,978,1037
15124,976,1033
15125,974,1031
15126,974,1034
15127,974,1034
15128,975,1037
15129,979,1035
15130,980,1032
15131,976,1032
15132,974,1032
15133,974,1034
15134,976,1036
15135,979,1033
15136,976,1032
15137,975,1029
15138,973,1026
15139,971,1030
15140,976,1032
15141,978,1030
15142,979,1030
15143,976,1029
15144,976,1030
15145,973,1029
15146,974,1033
15147,978,1031
15148,979,1032
15149,976,1028
15150,974,1030
15151,975,1032
15152,976,1038
15153,981,1036
15154,975,1033
15155,973,1034
15156,969,1033
15157,968,1037
15158,971,1036
15159,978,1038
15160,977,1037
15161,975,1035
15162,973,1035
15163,973,1038
15164,976,1041
15165,979,1037
15166,977,1034
15167,976,1033
15168,977,1031
15169,978,1033
15170,980,1035
15171,982,1034
15172,979,1034
15173,976,1028
15174,976,1029
15175,977,1031
15176,979,1031
15177,978,1032
15178,979,1028
15179,974,1028
15180,976,1026
15181,974,1027
15182,977,1031
15183,978,1029
15184,977,1025
15185,975,1025
15186,973,1024
15187,974,1026
15188,975,1029
15189,976,1025
15190,977,1028
15191,975,1026
15192,973,1025
15193,975,1024
15194,978,1030
15195,979,1030
15196,981,1031
15197,976,1027
15198,975,1026
15199,978,1031
15200,978,1033
15201,978,1033
15202,979,1031
15203,977,1026
15204,974,1029
15205,974,1031
15206,976,1036
15207,983,1035
15208,981,1032
15209,976,1034
15210,976,1033
15211,976,1034
15212,981,1038
15213,984,1036
15214,978,1033
15215,979,1031
15216,978,1033
15217,981,1033
15218,984,1036
15219,985,1037
15220,985,1035
15221,983,1034
15222,982,1034
15223,978,1035
15224,983,1039
15225,984,1038
15226,982,1036
15227,975,1035
15228,975,1033
15229,974,1035
15230,975,1036
15231,978,1036
15232,979,1036
15233,977,1031
15234,976,1032
15235,978,1032
15236,977,1038
15237,983,1037
15238,980,1033
15239,977,1030
15240,975,1030
15241,978,1031
15242,978,1034
15243,981,1034
15244,979,1032
15245,978,1028
15246,979,1029
15247,980,1031
15248,983,1033
15249,983,1032
15250,980,1030
15251,977,1028
15252,977,1029
15253,978,1031
15254,981,1034
15255,984,1033
15256,982,1033
15257,976,1028
15258,975,1030
15259,975,1033
15260,978,1038
15261,981,1036
15262,983,1034
15263,980,1032
15264,978,1033
15265,981,1034
15266,984,1038
15267,986,1035
15268,984,1030
15269,983,1027
15270,980,1031
15271,983,1034
15272,985,1035
15273,989,1035
15274,987,1031
15275,986,1028
15276,983,1030
15277,983,1033
15278,983,1037
15279,985,1034
15280,983,1033
15281,985,1029
15282,985,1032
15283,986,1032
15284,988,1035
15285,990,1036
15286,986,1032
15287,984,1030
15288,984,1032
15289,981,1035
15290,989,1034
15291,990,1036
15292,989,1033
15293,987,1031
15294,983,1030
15295,985,1034
15296,987,1036
15297,990,1034
15298,990,1031
15299,987,1030
15300,984,1031
15301,982,1032
15302,984,1035
15303,989,1033
15304,987,1032
15305,985,1028
15306,982,1030
15307,982,1031
15308,985,1034
15309,990,1033
15310,988,1031
15311,988,1029
15312,985,1031
15313,983,1031
15314,984,1035
15315,989,1034
15316,988,1034
15317,987,1032
15318,985,1030
15319,991,1034
15320,994,1037
15321,999,1035
15322,1000,1031
15323,1000,1026
15324,1002,1023
15325,1014,1024
15326,1033,1025
15327,1057,1023
15328,1088,1016
15329,1120,1009
15330,1159,1001
15331,1200,993
15332,1240,990
15333,1280,989
15334,1305,997
15335,1311,1009
15336,1287,1023
15337,1236,1031
15338,1171,1033
15339,1107,1039
15340,1035,1043
15341,974,1044
15342,939,1047
15343,939,1048
15344,955,1047
15345,978,1037
15346,986,1028
15347,982,1024
15348,977,1026
15349,975,1028
15350,974,1030
15351,976,1028
15352,975,1029
15353,971,1027
15354,964,1031
15355,967,1031
15356,971,1035
15357,973,1036
15358,972,1035
15359,967,1034
15360,966,1034
15361,967,1034
15362,970,1036
15363,970,1036
15364,971,1035
15365,968,1030
15366,970,1033
15367,971,1033
15368,973,1035
15369,974,1035
15370,972,1036
15371,970,1032
15372,968,1032
15373,971,1033
15374,971,1033
15375,974,1035
15376,972,1033
15377,973,1029
15378,971,1030
15379,969,1031
15380,973,1033
15381,977,1031
15382,974,1030
15383,973,1028
15384,972,1028
15385,974,1029
15386,976,1031
15387,978,1028
15388,975,1028
15389,974,1027
15390,972,1027
15391,973,1030
15392,976,1032
15393,981,1032
15394,977,1032
15395,978,1028
15396,974,1029
15397,976,1032
15398,979,1034
15399,981,1033
15400,983,1031
15401,986,1028
15402,986,1028
15403,986,1029
15404,991,1036
15405,995,1031
15406,995,1030
15407,991,1025
15408,993,1024
15409,994,1025
15410,998,1026
15411,1000,1025
15412,1002,1019
15413,1000,1015
15414,1001,1016
15415,1000,1016
15416,1007,1016
15417,1009,1014
15418,1012,1011
15419,1010,1007
15420,1010,1005
15421,1010,1006
15422,1014,1005
15423,1017,1005
15424,1018,1003
15425,1018,1000
15426,1013,1001
15427,1016,1002
15428,1021,1009
15429,1023,1006
15430,1023,1005
15431,1024,1001
15432,1022,1001
15433,1024,1004
15434,1026,1008
15435,1028,1009
15436,1028,1008
15437,1025,1007
15438,1024,1010
15439,1026,1013
15440,1029,1018
15441,1032,1017
15442,1031,1018
15443,1028,1015
15444,1026,1017
15445,1026,1023
15446,1027,1022
15447,1026,1026
15448,1021,1027
15449,1016,1026
15450,1012,1025
15451,1010,1025
15452,1013,1031
15453,1016,1031
15454,1013,1027
15455,1010,1027
15456,1005,1026
15457,1000,1031
15458,999,1034
15459,1001,1033
15460,1002,1032
15461,1000,1027
15462,998,1027
15463,999,1030
15464,1001,1034
15465,1002,1033
15466,997,1031
15467,994,1026
15468,992,1027
15469,993,1028
15470,994,1031
15471,999,1033
15472,1000,1030
15473,998,1027
15474,992,1028
15475,992,1030
15476,993,1036
15477,996,1033
15478,996,1033
15479,992,1031
15480,986,1035
15481,993,1036
15482,997,1038
15483,998,1040
15484,998,1037
15485,992,1034
15486,989,1035
15487,993,1038
15488,996,1041
15489,998,1042
15490,996,1038
15491,995,1037
15492,994,1034
15493,996,1035
15494,997,1034
15495,997,1034
15496,997,1031
15497,995,1029
15498,995,1027
15499,999,1028
15500,1000,1029
15501,1004,1029
15502,1003,1026
15503,1002,1024
15504,1000,1023
15505,1001,1025
15506,1002,1027
15507,1006,1024
15508,1006,1023
15509,1002,1021
15510,997,1021
15511,998,1022
15512,1004,1027
15513,1004,1025
15514,1006,1021
15515,998,1020
15516,994,1022
15517,996,1023
15518,996,1026
15519,998,1026
15520,996,1026
15521,993,1025
15522,990,1026
15523,993,1025
15524,996,1029
15525,995,1030
15526,994,1027
15527,987,1025
15528,988,1026
15529,989,1032
15530,991,1035
15531,989,1036
15532,991,1035
15533,988,1031
15534,986,1035
15535,985,1036
15536,989,1037
15537,992,1036
15538,991,1035
15539,984,1031
15540,982,1032
15541,987,1034
15542,992,1037
15543,994,1037
15544,991,1034
15545,989,1030
15546,986,1032
15547,987,1032
15548,990,1036
15549,996,1034
15550,994,1031
15551,993,1029
15552,994,1028
15553,993,1029
15554,994,1028
15555,1001,1027
15556,1004,1023
15557,1015,1018
15558,1027,1016
15559,1044,1019
15560,1068,1018
15561,1101,1015
15562,1142,1005
15563,1184,995
15564,1226,990
15565,1272,992
15566,1303,1006
15567,1312,1021
15568,1295,1031
15569,1248,1030
15570,1180,1028
15571,1108,1037
15572,1040,1052
15573,977,1064
15574,933,1069
15575,922,1072
15576,935,1066
15577,954,1056
15578,970,1049
15579,982,1042
15580,986,1035
15581,980,1030
15582,976,1030
15583,978,1029
15584,979,1031
15585,979,1033
15586,977,1029
15587,978,1024
15588,977,1025
15589,975,1027
15590,975,1030
15591,976,1028
15592,974,1025
15593,971,1023
15594,966,1027
15595,968,1027
15596,971,1032
15597,974,1029
15598,976,1028
15599,973,1024
15600,971,1026
15601,969,1029
15602,968,1031
15603,972,1031
15604,970,1027
15605,968,1025
15606,969,1025
15607,969,1029
15608,975,1031
15609,978,1029
15610,973,1030
15611,971,1028
15612,969,1027
15613,969,1033
15614,970,1034
15615,973,1034
15616,971,1030
15617,971,1029
15618,970,1031
15619,969,1035
15620,971,1040
15621,977,1037
15622,976,1036
15623,971,1031
15624,970,1035
15625,975,1031
15626,976,1033
15627,976,1031
15628,975,1029
15629,974,1023
15630,972,1024
15631,977,1023
15632,980,1022
15633,982,1020
15634,982,1016
15635,980,1012
15636,978,1011
15637,979,1013
15638,982,1015
15639,983,1009
15640,986,1005
15641,986,1003
15642,983,1002
15643,983,1003
15644,986,1004
15645,992,1001
15646,989,999
15647,989,995
15648,987,995
15649,986,993
15650,990,996
15651,992,993
15652,992,991
15653,993,988
15654,994,988
15655,996,989
15656,1000,990
15657,1003,991
15658,1003,989
15659,1000,987
15660,1002,989
15661,1003,990
15662,1005,996
15663,1004,997
15664,1003,998
15665,1001,1000
15666,1005,1000
15667,1005,1005
15668,1009,1011
15669,1008,1010
15670,1005,1009
15671,1004,1007
15672,1001,1012
15673,1000,1013
15674,1003,1016
15675,1004,1018
15676,1002,1019
15677,997,1020
15678,993,1022
15679,992,1029
15680,994,1033
15681,991,1034
15682,991,1031
15683,989,1030
15684,985,1034
15685,986,1037
15686,988,1039
15687,990,1037
15688,986,1038
15689,980,1036
15690,978,1037
15691,974,1040
15692,981,1043
15693,984,1043
15694,982,1040
15695,980,1036
15696,976,1037
15697,977,1039
15698,982,1040
15699,983,1038
15700,982,1039
15701,978,1034
15702,976,1035
15703,980,1037
15704,981,1041
15705,982,1042
15706,982,1038
15707,984,1036
15708,982,1037
15709,984,1039
15710,986,1043
15711,990,1042
15712,987,1037
15713,983,1036
15714,984,1037
15715,986,1039
15716,989,1045
15717,992,1043
15718,991,1040
15719,989,1039
15720,989,1037
15721,987,1037
15722,992,1039
15723,992,1035
15724,990,1035
15725,987,1032
15726,988,1032
15727,989,1036
15728,991,1036
15729,990,1036
15730,988,1031
15731,983,1030
15732,981,1032
15733,982,1033
15734,988,1036
15735,990,1034
15736,989,1031
15737,985,1030
15738,981,1030
15739,983,1031
15740,984,1038
15741,989,1035
15742,988,1033
15743,982,1032
15744,982,1031
15745,983,1034
15746,986,1038
15747,986,1038
15748,983,1032
15749,981,1033
15750,981,1032
15751,980,1035
15752,986,1038
15753,986,1038
15754,988,1035
15755,986,1032
15756,982,1032
15757,979,1035
15758,981,1040
15759,984,1038
15760,984,1037
15761,980,1039
15762,975,1036
15763,981,1039
15764,982,1045
15765,985,1045
15766,983,1040
15767,981,1038
15768,980,1040
15769,986,1042
15770,985,1043
15771,985,1041
15772,984,1041
15773,982,1036
15774,982,1038
15775,984,1039
15776,982,1041
15777,984,1042
15778,982,1038
15779,983,1034
15780,981,1034
15781,980,1038
15782,982,1039
15783,985,1037
15784,985,1037
15785,983,1032
15786,982,1033
15787,982,1036
15788,981,1038
15789,985,1038
15790,985,1035
15791,983,1034
15792,981,1035
15793,980,1039
15794,985,1041
15795,984,1040
15796,983,1037
15797,981,1036
15798,977,1036
15799,981,1040
15800,981,1042
15801,983,1043
15802,983,1039
15803,983,1036
15804,984,1039
15805,982,1040
15806,985,1042
15807,985,1042
15808,984,1041
15809,982,1036
15810,983,1036
15811,984,1039
15812,989,1042
15813,989,1039
15814,986,1039
15815,983,1035
15816,982,1037
15817,983,1038
15818,984,1041
15819,986,1038
15820,987,1036
15821,988,1029
15822,990,1028
15823,998,1026
15824,1016,1027
15825,1035,1024
15826,1051,1020
15827,1072,1016
15828,1101,1011
15829,1136,1003
15830,1177,999
15831,1217,990
15832,1252,990
15833,1290,995
15834,1313,1008
15835,1321,1027
15836,1300,1036
15837,1255,1037
15838,1192,1038
15839,1123,1041
15840,1053,1048
15841,992,1058
15842,952,1065
15843,941,1063
15844,949,1057
15845,960,1050
15846,973,1044
15847,980,1039
15848,982,1040
15849,982,1039
15850,979,1035
15851,975,1031
15852,971,1036
15853,973,1037
15854,974,1036
15855,975,1037
15856,974,1031
15857,969,1029
15858,965,1028
15859,968,1032
15860,971,1037
15861,971,1034
15862,970,1032
15863,967,1029
15864,963,1033
15865,968,1035
15866,969,1036
15867,969,1036
15868,968,1035
15869,965,1033
15870,963,1032
15871,963,1035
15872,964,1040
15873,968,1038
15874,965,1036
15875,964,1033
15876,964,1032
15877,965,1036
15878,968,1041
15879,968,1037
15880,967,1035
15881,964,1033
15882,963,1033
15883,965,1040
15884,965,1043
15885,970,1041
15886,968,1037
15887,969,1034
15888,969,1034
15889,971,1038
15890,973,1039
15891,973,1037
15892,973,1035
15893,972,1031
15894,969,1031
15895,972,1036
15896,977,1039
15897,978,1035
15898,979,1035
15899,975,1031
15900,971,1033
15901,974,1035
15902,978,1035
15903,974,1035
15904,976,1030
15905,972,1028
15906,976,1027
15907,980,1029
15908,983,1028
15909,988,1026
15910,986,1023
15911,982,1020
15912,980,1016
15913,983,1019
15914,987,1021
15915,988,1017
15916,991,1014
15917,986,1013
15918,989,1012
15919,990,1012
15920,992,1016
15921,996,1011
15922,994,1010
15923,994,1007
15924,993,1005
15925,996,1008
15926,997,1009
15927,1000,1008
15928,998,1005
15929,997,1002
15930,997,1002
15931,996,1006
15932,1002,1006
15933,1004,1005
15934,1003,1002
15935,1004,1000
15936,1005,1001
15937,1006,1002
15938,1011,1006
15939,1016,1005
15940,1016,1002
15941,1013,1000
15942,1015,1003
15943,1015,1005
15944,1017,1007
15945,1017,1008
15946,1013,1008
15947,1011,1007
15948,1004,1009
15949,1009,1011
15950,1012,1018
15951,1013,1017
15952,1011,1019
15953,1006,1016
15954,1002,1021
15955,1000,1024
15956,1001,1027
15957,1002,1028
15958,998,1024
15959,994,1025
15960,992,1024
15961,991,1027
15962,993,1031
15963,992,1030
15964,990,1027
15965,986,1027
15966,982,1027
15967,984,1028
15968,986,1030
15969,988,1031
15970,985,1030
15971,983,1028
15972,983,1027
15973,981,1031
15974,983,1033
15975,984,1034
15976,981,1033
15977,977,1030
15978,977,1033
15979,975,1035
15980,975,1038
15981,981,1038
15982,979,1035
15983,977,1032
15984,977,1032
15985,979,1036
15986,983,1040
15987,985,1038
15988,983,1034
15989,980,1034
15990,981,1034
15991,984,1036
15992,988,1038
15993,990,1037
15994,988,1033
15995,984,1030
15996,982,1032
15997,985,1036
15998,988,1036
15999,990,1035
16000,986,1033
16001,981,1029
16002,985,1027
16003,988,1031
16004,989,1034
16005,989,1034
16006,988,1030
16007,984,1030
16008,984,1028
16009,985,1027
16010,987,1029
16011,991,1027
16012,988,1026
16013,987,1023
16014,986,1022
16015,985,1024
16016,987,1025
16017,988,1024
16018,988,1022
16019,989,1019
16020,984,1021
16021,987,1024
16022,989,1027
16023,990,1026
16024,987,1025
16025,983,1021
16026,982,1021
16027,984,1025
16028,982,1027
16029,981,1028
16030,978,1026
16031,974,1023
16032,978,1025
16033,976,1027
16034,980,1031
16035,980,1029
16036,981,1031
16037,977,1027
16038,976,1028
16039,978,1033
16040,980,1036
16041,983,1034
16042,985,1034
16043,979,1031
16044,980,1033
16045,980,1034
16046,983,1036
16047,989,1034
16048,984,1034
16049,980,1031
16050,980,1033
16051,982,1035
16052,985,1036
16053,987,1034
16054,986,1031
16055,982,1031
16056,982,1028
16057,981,1034
16058,982,1035
16059,983,1032
16060,982,1029
16061,981,1026
16062,980,1022
16063,982,1024
16064,986,1027
16065,981,1025
16066,982,1023
16067,979,1021
16068,982,1023
16069,985,1024
16070,988,1026
16071,990,1023
16072,990,1018
16073,990,1014
16074,994,1014
16075,1003,1016
16076,1018,1016
16077,1039,1014
16078,1059,1013
16079,1087,1006
16080,1116,1001
16081,1157,996
16082,1201,990
16083,1246,988
16084,1286,985
16085,1308,993
16086,1313,1008
16087,1290,1022
16088,1238,1025
16089,1174,1029
16090,1097,1031
16091,1023,1044
16092,961,1053
16093,927,1059
16094,926,1059
16095,941,1050
16096,953,1041
16097,961,1032
16098,967,1028
16099,969,1027
16100,971,1027
16101,973,1026
16102,971,1025
16103,967,1022
16104,966,1027
16105,968,1028
16106,969,1030
16107,970,1029
16108,968,1029
16109,964,1025
16110,959,1026
16111,962,1031
16112,967,1031
16113,968,1031
16114,964,1027
16115,962,1022
16116,960,1021
16117,963,1024
16118,965,1026
16119,967,1027
16120,966,1024
16121,963,1021
16122,961,1023
16123,963,1025
16124,967,1027
16125,966,1027
16126,961,1024
16127,961,1025
16128,959,1027
16129,961,1026
16130,965,1029
16131,964,1029
16132,966,1028
16133,964,1026
16134,961,1026
16135,964,1028
16136,966,1031
16137,969,1031
16138,968,1028
16139,966,1024
16140,966,1025
16141,967,1026
16142,968,1030
16143,968,1027
16144,968,1027
16145,966,1025
16146,964,1025
16147,967,1024
16148,971,1029
16149,972,1028
16150,970,1025
16151,967,1022
16152,970,1021
16153,972,1025
16154,976,1025
16155,979,1021
16156,979,1017
16157,977,1015
16158,979,1015
16159,980,1017
16160,982,1018
16161,981,1011
16162,982,1007
16163,981,1000
16164,981,1000
16165,984,1002
16166,987,1002
16167,990,1002
16168,990,997
16169,989,993
16170,990,993
16171,990,994
16172,992,996
16173,995,991
16174,996,989
16175,997,988
16176,992,990
16177,997,989
16178,1002,992
16179,1003,990
16180,1000,987
16181,997,986
16182,1000,987
16183,1001,989
16184,1003,996
16185,1006,995
16186,1005,994
16187,1002,993
16188,1000,995
16189,1000,998
16190,1002,1003
16191,1006,1000
16192,1002,1000
16193,1000,1002
16194,996,1004
16195,995,1008
16196,1001,1016
16197,999,1016
16198,996,1014
16199,991,1015
16200,987,1019
16201,989,1022
16202,988,1028
16203,987,1026
16204,984,1027
16205,979,1027
16206,974,1027
16207,977,1030
16208,977,1031
16209,978,1029
16210,974,1031
16211,971,1029
16212,971,1028
16213,970,1029
16214,973,1032
16215,977,1033
16216,975,1029
16217,973,1030
16218,972,1029
16219,973,1031
16220,974,1038
16221,976,1034
16222,976,1029
16223,974,1028
16224,968,1031
16225,973,1031
16226,978,1035
16227,979,1033
16228,979,1032
16229,977,1029
16230,977,1028
16231,973,1030
16232,974,1032
16233,971,1035
16234,974,1034
16235,973,1032
16236,975,1031
16237,979,1032
16238,984,1035
16239,982,1033
16240,983,1031
16241,976,1028
16242,972,1027
16243,974,1031
16244,976,1033
16245,979,1031
16246,978,1028
16247,976,1025
16248,971,1028
16249,973,1031
16250,977,1033
16251,977,1036
16252,977,1032
16253,972,1027
16254,971,1026
16255,972,1030
16256,973,1029
16257,974,1031
16258,974,1030
16259,971,1029
16260,970,1028
16261,970,1031
16262,971,1030
16263,971,1028
16264,970,1025
16265,966,1022
16266,965,1023
16267,965,1023
16268,968,1027
16269,970,1023
16270,967,1023
16271,966,1019
16272,966,1021
16273,962,1026
16274,967,1029
16275,971,1026
16276,970,1024
16277,966,1025
16278,968,1025
16279,970,1029
16280,972,1031
16281,973,1031
16282,967,1027
16283,965,1027
16284,966,1026
16285,968,1029
16286,973,1029
16287,977,1031
16288,977,1029
16289,972,1024
16290,973,1028
16291,968,1031
16292,975,1035
16293,974,1033
16294,976,1030
16295,972,1027
16296,970,1027
16297,972,1030
16298,978,1034
16299,975,1029
16300,973,1028
16301,971,1025
16302,970,1028
16303,971,1032
16304,971,1033
16305,971,1031
16306,970,1028
16307,970,1027
16308,970,1028
16309,973,1028
16310,971,1029
16311,970,1028
16312,968,1025
16313,963,1024
16314,965,1024
16315,964,1026
16316,970,1028
16317,972,1029
16318,971,1026
16319,968,1023
16320,967,1025
16321,965,1029
16322,967,1032
16323,969,1031
16324,967,1029
16325,965,1024
16326,966,1027
16327,965,1032
16328,965,1035
16329,969,1033
16330,969,1031
16331,966,1029
16332,964,1032
16333,968,1035
16334,976,1038
16335,975,1035
16336,975,1033
16337,968,1029
16338,965,1031
16339,968,1034
16340,973,1038
16341,974,1036
16342,971,1034
16343,967,1032
16344,968,1034
16345,974,1035
16346,976,1037
16347,977,1032
16348,976,1033
16349,972,1029
16350,970,1033
16351,970,1034
16352,975,1035
16353,974,1033
16354,971,1029
16355,972,1029
16356,973,1031
16357,975,1031
16358,975,1034
16359,980,1031
16360,979,1030
16361,975,1026
16362,973,1025
16363,972,1029
16364,975,1030
16365,975,1029
16366,971,1025
16367,966,1024
16368,967,1025
16369,969,1027
16370,971,1028
16371,974,1026
16372,971,1024
16373,966,1022
16374,963,1023
16375,961,1023
16376,967,1027
16377,968,1026
16378,969,1023
16379,967,1021
16380,968,1021
16381,971,1024
16382,971,1028
16383,970,1029
16384,967,1025
16385,966,1023
16386,967,1025
16387,972,1028
16388,976,1031
16389,972,1028
16390,969,1028
16391,970,1025
16392,970,1026
16393,973,1029
16394,976,1030
16395,975,1029
16396,973,1028
16397,969,1027
16398,971,1027
16399,973,1027
16400,979,1030
16401,979,1032
16402,978,1025
16403,973,1024
16404,971,1027
16405,974,1030
16406,978,1030
16407,980,1028
16408,979,1026
16409,974,1023
16410,975,1026
16411,978,1028
16412,979,1030
16413,982,1030
16414,980,1029
16415,977,1026
16416,979,1027
16417,982,1029
16418,982,1033
16419,983,1034
16420,981,1030
16421,974,1027
16422,974,1029
16423,978,1030
16424,978,1036
16425,980,1035
16426,978,1032
16427,972,1029
16428,970,1031
16429,976,1032
16430,979,1032
16431,983,1028
16432,980,1024
16433,980,1019
16434,978,1019
16435,979,1022
16436,985,1023
16437,984,1024
16438,983,1021
16439,978,1020
16440,977,1021
16441,978,1022
16442,981,1027
16443,982,1027
16444,980,1023
16445,977,1023
16446,977,1023
16447,978,1025
16448,980,1027
16449,981,1023
16450,981,1024
16451,979,1020
16452,979,1022
16453,984,1025
16454,987,1026
16455,988,1024
16456,984,1021
16457,983,1019
16458,980,1021
16459,985,1024
16460,988,1027
16461,988,1024
16462,989,1022
16463,984,1020
16464,983,1023
16465,986,1024
16466,988,1026
16467,991,1025
16468,989,1024
16469,987,1022
16470,987,1024
16471,988,1029
16472,987,1029
16473,990,1029
16474,990,1030
16475,988,1023
16476,985,1025
16477,988,1025
16478,986,1028
16479,986,1027
16480,982,1027
16481,980,1028
16482,978,1030
16483,978,1034
16484,979,1035
16485,981,1035
16486,979,1032
16487,978,1028
16488,977,1025
16489,982,1027
16490,982,1027
16491,982,1022
16492,985,1018
16493,979,1017
16494,978,1016
16495,982,1021
16496,988,1025
16497,989,1023
16498,989,1020
16499,985,1015
16500,983,1015
16501,983,1020
16502,984,1023
16503,986,1022
16504,985,1020
16505,986,1017
16506,985,1020
16507,984,1019
16508,988,1023
16509,987,1023
16510,985,1019
16511,985,1017
16512,979,1021
16513,983,1022
16514,991,1024
16515,992,1023
16516,990,1023
16517,987,1019
16518,988,1020
16519,991,1024
16520,996,1026
16521,999,1025
16522,997,1022
16523,993,1021
16524,989,1021
16525,993,1019
16526,999,1020
16527,1008,1018
16528,1020,1015
16529,1032,1012
16530,1052,1011
16531,1077,1014
16532,1103,1015
16533,1137,1007
16534,1168,996
16535,1199,989
16536,1234,987
16537,1270,989
16538,1302,996
16539,1324,1004
16540,1324,1016
16541,1297,1023
16542,1243,1027
16543,1180,1030
16544,1124,1035
16545,1064,1038
16546,1005,1038
16547,966,1036
16548,954,1034
16549,964,1031
16550,981,1028
16551,994,1021
16552,993,1017
16553,986,1014
16554,980,1017
16555,981,1018
16556,985,1021
16557,984,1018
16558,982,1017
16559,980,1013
16560,979,1016
16561,978,1019
16562,981,1021
16563,982,1021
16564,976,1018
16565,971,1019
16566,969,1019
16567,973,1021
16568,977,1022
16569,975,1023
16570,976,1020
16571,969,1018
16572,968,1019
16573,968,1023
16574,968,1024
16575,970,1024
16576,970,1022
16577,967,1021
16578,967,1022
16579,968,1024
16580,967,1028
16581,972,1027
16582,969,1023
16583,966,1023
16584,965,1025
16585,967,1031
16586,972,1034
16587,973,1035
16588,970,1035
16589,967,1033
16590,966,1035
16591,972,1037
16592,978,1037
16593,979,1036
16594,977,1034
16595,973,1030
16596,975,1031
16597,979,1031
16598,980,1030
16599,981,1026
16600,981,1022
16601,981,1020
16602,979,1022
16603,980,1024
16604,985,1026
16605,986,1024
16606,985,1023
16607,982,1020
16608,978,1019
16609,982,1020
16610,986,1024
16611,988,1024
16612,990,1019
16613,989,1015
16614,989,1017
16615,990,1019
16616,995,1021
16617,994,1018
16618,994,1015
16619,993,1013
16620,994,1011
16621,999,1012
16622,1002,1015
16623,1004,1013
16624,1005,1008
16625,1003,1007
16626,1002,1006
16627,1005,1008
16628,1010,1009
16629,1009,1007
16630,1010,1004
16631,1007,1005
16632,1009,1006
16633,1012,1004
16634,1014,1009
16635,1018,1007
16636,1014,1005
16637,1011,1002
16638,1011,1004
16639,1016,1004
16640,1020,1008
16641,1022,1006
16642,1022,1004
16643,1019,1004
16644,1021,1003
16645,1025,1005
16646,1025,1006
16647,1024,1004
16648,1023,1001
16649,1023,1003
16650,1026,1005
16651,1029,1007
16652,1030,1012
16653,1027,1011
16654,1024,1010
16655,1022,1008
16656,1018,1010
16657,1016,1016
16658,1017,1018
16659,1018,1021
16660,1015,1017
16661,1008,1017
16662,1007,1022
16663,1008,1025
16664,1007,1029
16665,1004,1025
16666,1001,1027
16667,999,1026
16668,995,1025
16669,997,1029
16670,997,1031
16671,996,1030
16672,993,1030
16673,989,1028
16674,987,1030
16675,989,1032
16676,988,1038
16677,989,1033
16678,986,1030
16679,984,1029
16680,983,1030
16681,986,1034
16682,989,1036
16683,986,1036
16684,985,1034
16685,983,1031
16686,983,1034
16687,983,1036
16688,987,1039
16689,988,1036
16690,983,1035
16691,984,1034
16692,983,1036
16693,987,1038
16694,989,1039
16695,990,1037
16696,990,1035
16697,987,1030
16698,988,1030
16699,989,1031
16700,991,1033
16701,996,1028
16702,991,1027
16703,991,1027
16704,993,1026
16705,993,1029
16706,994,1033
16707,997,1030
16708,995,1024
16709,993,1026
16710,993,1024
16711,993,1029
16712,995,1031
16713,998,1028
16714,994,1026
16715,989,1022
16716,988,1021
16717,991,1025
16718,993,1029
16719,992,1027
16720,991,1025
16721,989,1022
16722,988,1025
16723,988,1026
16724,989,1032
16725,988,1028
16726,984,1026
16727,987,1023
16728,985,1026
16729,987,1028
16730,988,1031
16731,991,1028
16732,991,1027
16733,984,1028
16734,985,1029
16735,985,1034
16736,986,1034
16737,986,1035
16738,984,1031
16739,981,1029
16740,983,1031
16741,984,1031
16742,987,1037
16743,987,1037
16744,984,1035
16745,982,1037
16746,981,1036
16747,979,1037
16748,984,1040
16749,984,1035
16750,982,1033
16751,981,1032
16752,981,1033
16753,986,1035
16754,987,1038
16755,986,1037
16756,982,1034
16757,981,1030
16758,982,1031
16759,986,1034
16760,986,1036
16761,987,1034
16762,983,1034
16763,981,1029
16764,982,1030
16765,982,1032
16766,980,1034
16767,982,1033
16768,981,1028
16769,977,1027
16770,978,1027
16771,980,1032
16772,985,1033
16773,985,1029
16774,981,1028
16775,979,1029
16776,976,1031
16777,975,1032
16778,977,1035
16779,978,1034
16780,977,1030
16781,976,1027
16782,977,1029
16783,979,1031
16784,980,1034
16785,978,1032
16786,976,1032
16787,972,1029
16788,972,1032
16789,976,1032
16790,980,1035
16791,978,1034
16792,977,1029
16793,973,1032
16794,973,1033
16795,977,1037
16796,978,1040
16797,976,1038
16798,977,1033
16799,973,1032
16800,972,1033
16801,976,1031
16802,979,1032
16803,981,1032
16804,979,1029
16805,975,1026
16806,977,1029
16807,979,1031
16808,982,1035
16809,982,1033
16810,981,1030
16811,973,1027
16812,977,1032
16813,979,1034
16814,983,1033
16815,984,1032
16816,981,1030
16817,979,1029
16818,977,1031
16819,980,1033
16820,978,1034
16821,978,1030
16822,976,1029
16823,976,1028
16824,974,1031
16825,976,1033
16826,979,1033
16827,978,1030
16828,973,1029
16829,972,1031
16830,971,1032
16831,975,1032
16832,978,1035
16833,977,1033
16834,975,1031
16835,973,1029
16836,975,1031
16837,975,1032
16838,981,1034
16839,980,1031
16840,976,1030
16841,975,1026
16842,975,1029
16843,977,1031
16844,978,1033
16845,980,1032
16846,976,1024
16847,974,1024
16848,970,1028
16849,974,1029
16850,975,1028
16851,975,1028
16852,972,1026
16853,969,1025
16854,972,1030
16855,976,1030
16856,980,1036
16857,981,1035
16858,980,1033
16859,973,1032
16860,975,1033
16861,978,1038
16862,979,1039
16863,981,1038
16864,979,1034
16865,975,1034
16866,978,1036
16867,981,1037
16868,979,1039
16869,979,1038
16870,976,1039
16871,975,1035
16872,974,1036
16873,978,1040
16874,979,1041
16875,980,1039
16876,978,1037
16877,975,1035
16878,975,1038
16879,979,1042
16880,981,1045
16881,983,1042
16882,979,1040
16883,976,1038
16884,976,1038
16885,978,1041
16886,981,1044
16887,982,1042
16888,980,1039
16889,976,1037
16890,977,1039
16891,976,1039
16892,979,1040
16893,979,1038
16894,979,1035
16895,978,1030
16896,980,1032
16897,982,1035
16898,982,1036
16899,983,1033
16900,983,1030
16901,975,1030
16902,979,1029
16903,981,1030
16904,982,1032
16905,979,1030
16906,981,1024
16907,977,1022
16908,977,1023
16909,977,1024
16910,981,1026
16911,980,1023
16912,980,1018
16913,982,1017
16914,982,1014
16915,991,1018
16916,1001,1016
16917,1015,1013
16918,1029,1011
16919,1048,1008
16920,1075,1008
16921,1109,1008
16922,1149,1001
16923,1184,994
16924,1216,987
16925,1244,984
16926,1272,992
16927,1292,1007
16928,1289,1020
16929,1259,1027
16930,1208,1029
16931,1149,1031
16932,1093,1040
16933,1041,1046
16934,999,1055
16935,969,1055
16936,958,1055
16937,962,1050
16938,970,1046
16939,981,1040
16940,987,1040
16941,988,1037
16942,983,1036
16943,977,1036
16944,977,1037
16945,978,1039
16946,982,1039
16947,974,1039
16948,973,1034
16949,973,1034
16950,967,1036
16951,969,1038
16952,975,1038
16953,973,1036
16954,968,1032
16955,966,1032
16956,966,1035
16957,968,1036
16958,969,1036
16959,967,1038
16960,962,1032
16961,961,1031
16962,961,1034
16963,963,1036
16964,967,1038
16965,965,1033
16966,961,1031
16967,959,1028
16968,960,1030
16969,958,1032
16970,962,1034
16971,966,1031
16972,962,1028
16973,962,1028
16974,960,1030
16975,966,1034
16976,967,1037
16977,967,1037
16978,967,1034
16979,966,1036
16980,969,1035
16981,972,1041
16982,976,1041
16983,977,1041
16984,976,1038
16985,974,1037
16986,973,1040
16987,977,1040
16988,979,1044
16989,982,1042
16990,982,1040
16991,981,1036
16992,983,1038
16993,985,1042
16994,988,1042
16995,989,1037
16996,987,1031
16997,987,1032
16998,985,1033
16999,987,1035
17000,992,1036
17001,995,1032
17002,991,1026
17003,990,1025
17004,992,1028
17005,991,1027
17006,996,1027
17007,996,1024
17008,997,1020
17009,993,1016
17010,993,1016
17011,995,1019
17012,1000,1019
17013,1001,1015
17014,1004,1009
17015,1002,1009
17016,1004,1008
17017,1007,1012
17018,1012,1014
17019,1008,1009
17020,1005,1006
17021,1003,1003
17022,1003,1002
17023,1007,1001
17024,1010,1005
17025,1006,1003
17026,1009,1001
17027,1005,1001
17028,1007,1002
17029,1010,1004
17030,1010,1008
17031,1011,1007
17032,1010,1006
17033,1011,1005
17034,1015,1010
17035,1017,1012
17036,1024,1016
17037,1021,1016
17038,1017,1017
17039,1015,1018
17040,1013,1019
17041,1016,1025
17042,1017,1027
17043,1016,1026
17044,1011,1027
17045,1007,1028
17046,1003,1030
17047,1004,1035
17048,1007,1039
17049,1004,1037
17050,999,1035
17051,995,1034
17052,991,1039
17053,990,1040
17054,993,1041
17055,990,1040
17056,987,1039
17057,984,1037
17058,982,1041
17059,982,1042
17060,983,1044
17061,981,1043
17062,975,1039
17063,973,1040
17064,973,1042
17065,975,1044
17066,979,1045
17067,974,1043
17068,969,1040
17069,970,1039
17070,968,1041
17071,971,1043
17072,969,1045
17073,974,1042
17074,971,1038
17075,971,1035
17076,972,1035
17077,975,1038
17078,977,1036
17079,977,1035
17080,970,1034
17081,968,1032
17082,971,1033
17083,975,1039
17084,978,1040
17085,978,1039
17086,975,1036
17087,975,1034
17088,978,1039
17089,980,1040
17090,986,1044
17091,982,1040
17092,983,1039
17093,980,1037
17094,982,1040
17095,987,1042
17096,987,1041
17097,985,1041
17098,984,1038
17099,984,1035
17100,982,1038
17101,983,1041
17102,984,1039
17103,989,1040
17104,986,1035
17105,983,1035
17106,984,1034
17107,986,1038
17108,987,1039
17109,987,1037
17110,983,1035
17111,981,1033
17112,982,1035
17113,982,1036
17114,982,1037
17115,981,1034
17116,980,1033
17117,976,1033
17118,976,1034
17119,974,1037
17120,977,1038
17121,981,1037
17122,974,1033
17123,975,1033
17124,971,1032
17125,973,1036
17126,974,1039
17127,974,1033
17128,973,1030
17129,972,1028
17130,968,1027
17131,969,1028
17132,970,1031
17133,968,1028
17134,968,1025
17135,968,1029
17136,968,1030
17137,970,1033
17138,968,1035
17139,972,1035
17140,970,1031
17141,968,1031
17142,970,1034
17143,973,1039
17144,974,1043
17145,978,1041
17146,979,1038
17147,977,1038
17148,973,1040
17149,976,1043
17150,980,1047
17151,981,1044
17152,980,1041
17153,974,1041
17154,974,1041
17155,976,1040
17156,980,1042
17157,979,1041
17158,976,1036
17159,975,1038
17160,972,1039
17161,979,1040
17162,978,1040
17163,979,1037
17164,979,1036
17165,979,1032
17166,977,1035
17167,978,1035
17168,979,1040
17169,979,1036
17170,978,1035
17171,971,1032
17172,972,1033
17173,973,1034
17174,975,1036
17175,973,1035
17176,969,1030
17177,968,1031
17178,971,1032
17179,974,1035
17180,977,1035
17181,977,1036
17182,975,1031
17183,973,1029
17184,971,1029
17185,974,1029
17186,983,1027
17187,988,1023
17188,996,1019
17189,1006,1017
17190,1025,1021
17191,1051,1022
17192,1080,1020
17193,1112,1008
17194,1145,997
17195,1181,989
17196,1219,987
17197,1256,996
17198,1286,1014
17199,1290,1029
17200,1262,1039
17201,1206,1036
17202,1134,1040
17203,1067,1053
17204,1007,1068
17205,953,1080
17206,914,1081
17207,909,1082
17208,929,1076
17209,951,1068
17210,965,1058
17211,975,1048
17212,971,1039
17213,969,1037
17214,968,1037
17215,966,1037
17216,967,1039
17217,964,1036
17218,963,1033
17219,957,1032
17220,961,1034
17221,962,1036
17222,958,1034
17223,957,1034
17224,951,1030
17225,950,1027
17226,953,1031
17227,955,1031
17228,955,1029
17229,957,1029
17230,955,1024
17231,953,1024
17232,953,1024
17233,956,1028
17234,961,1030
17235,961,1031
17236,955,1030
17237,953,1028
17238,952,1028
17239,956,1032
17240,962,1034
17241,960,1033
17242,962,1030
17243,959,1027
17244,957,1032
17245,956,1035
17246,960,1035
17247,963,1034
17248,961,1033
17249,960,1029
17250,959,1032
17251,961,1033
17252,965,1036
17253,965,1034
17254,961,1029
17255,958,1029
17256,960,1031
17257,964,1033
17258,968,1035
17259,974,1031
17260,974,1028
17261,971,1026
17262,970,1026
17263,973,1026
17264,975,1028
17265,973,1021
17266,972,1020
17267,972,1016
17268,971,1018
17269,977,1023
17270,981,1022
17271,984,1018
17272,981,1011
17273,979,1009
17274,979,1010
17275,984,1012
17276,985,1011
17277,987,1006
17278,986,1003
17279,984,1002
17280,986,1002
17281,993,1003
17282,996,1002
17283,998,998
17284,996,996
17285,996,994
17286,997,992
17287,1000,993
17288,1007,994
17289,1008,991
17290,1004,987
17291,1000,987
17292,1002,989
17293,1009,991
17294,1013,992
17295,1013,989
17296,1010,987
17297,1003,988
17298,1003,990
17299,1011,996
17300,1016,996
17301,1015,999
17302,1010,997
17303,1006,996
17304,1002,1000
17305,1003,1008
17306,1005,1009
17307,1001,1007
17308,995,1008
17309,990,1008
17310,993,1012
17311,991,1018
17312,992,1023
17313,986,1024
17314,981,1025
17315,978,1023
17316,976,1028
17317,974,1035
17318,975,1035
17319,975,1034
17320,970,1034
17321,965,1033
17322,963,1036
17323,964,1040
17324,968,1042
17325,970,1041
17326,966,1037
17327,964,1039
17328,965,1042
17329,971,1044
17330,974,1044
17331,972,1041
17332,973,1041
17333,970,1038
17334,971,1040
17335,972,1043
17336,977,1043
17337,975,1040
17338,976,1035
17339,973,1038
17340,975,1037
17341,978,1040
17342,982,1044
17343,980,1039
17344,977,1037
17345,977,1038
17346,981,1039
17347,984,1042
17348,988,1042
17349,991,1044
17350,988,1041
17351,986,1040
17352,985,1041
17353,982,1043
17354,985,1044
17355,982,1039
17356,979,1039
17357,979,1034
17358,977,1040
17359,978,1042
17360,982,1042
17361,983,1041
17362,976,1037
17363,975,1040
17364,976,1042
17365,978,1041
17366,980,1042
17367,979,1036
17368,980,1035
17369,975,1034
17370,975,1038
17371,977,1040
17372,982,1038
17373,981,1037
17374,978,1036
17375,975,1033
17376,975,1035
17377,976,1038
17378,979,1040
17379,978,1039
17380,976,1035
17381,974,1033
17382,973,1035
17383,977,1039
17384,981,1038
17385,978,1038
17386,975,1032
17387,975,1031
17388,978,1035
17389,978,1035
17390,981,1036
17391,978,1034
17392,972,1033
17393,972,1035
17394,972,1036
17395,977,1039
17396,980,1039
17397,981,1039
17398,979,1038
17399,976,1037
17400,975,1037
17401,978,1042
17402,979,1042
17403,979,1039
17404,975,1037
17405,975,1036
17406,977,1041
17407,979,1042
17408,983,1041
17409,983,1041
17410,978,1037
17411,976,1036
17412,980,1037
17413,982,1037
17414,987,1037
17415,986,1034
17416,982,1028
17417,983,1027
17418,993,1027
17419,1008,1028
17420,1025,1028
17421,1045,1022
17422,1069,1020
17423,1104,1012
17424,1148,1006
17425,1196,999
17426,1245,1000
17427,1281,1004
17428,1304,1021
17429,1303,1029
17430,1271,1034
17431,1219,1035
17432,1154,1037
17433,1079,1051
17434,1002,1060
17435,943,1067
17436,916,1072
17437,932,1071
17438,950,1060
17439,967,1048
17440,969,1040
17441,968,1034
17442,967,1035
17443,969,1039
17444,972,1040
17445,969,1042
17446,968,1037
17447,965,1037
17448,965,1039
17449,966,1040
17450,970,1044
17451,968,1042
17452,963,1040
17453,965,1038
17454,962,1040
17455,967,1043
17456,970,1044
17457,966,1043
17458,964,1039
17459,965,1038
17460,964,1041
17461,963,1041
17462,966,1042
17463,969,1041
17464,966,1038
17465,962,1038
17466,963,1036
17467,963,1040
17468,966,1042
17469,962,1040
17470,957,1038
17471,956,1036
17472,957,1038
17473,962,1038
17474,960,1038
17475,959,1036
17476,959,1036
17477,957,1035
17478,958,1035
17479,957,1034
17480,963,1037
17481,962,1032
17482,960,1032
17483,961,1030
17484,963,1032
17485,961,1032
17486,967,1032
17487,964,1030
17488,963,1028
17489,960,1029
17490,965,1030
17491,963,1031
17492,974,1031
17493,974,1027
17494,973,1024
17495,972,1019
17496,976,1021
17497,978,1021
17498,982,1024
17499,983,1021
17500,984,1015
17501,983,1015
17502,987,1014
17503,990,1017
17504,994,1014
17505,995,1010
17506,994,1007
17507,996,1004
17508,997,1008
17509,998,1007
17510,1004,1009
17511,1003,1005
17512,1002,1003
17513,999,1002
17514,998,1003
17515,1000,1007
17516,1006,1008
17517,1003,1005
17518,1001,1002
17519,999,999
17520,1000,1002
17521,1005,1002
17522,1008,1004
17523,1006,1001
17524,1006,999
17525,1003,1000
17526,1004,1005
17527,1003,1009
17528,1004,1011
17529,1003,1009
17530,1002,1010
17531,998,1013
17532,999,1016
17533,996,1022
17534,998,1022
17535,995,1023
17536,991,1023
17537,990,1025
17538,985,1029
17539,986,1033
17540,987,1037
17541,988,1035
17542,983,1036
17543,980,1038
17544,978,1039
17545,981,1045
17546,979,1044
17547,977,1045
17548,978,1042
17549,973,1041
17550,971,1041
17551,977,1049
17552,975,1049
17553,976,1044
17554,973,1044
17555,970,1045
17556,970,1048
17557,969,1051
17558,973,1048
17559,968,1045
17560,968,1043
17561,968,1042
17562,968,1044
17563,971,1045
17564,972,1046
17565,970,1043
17566,970,1041
17567,965,1043
17568,970,1043
17569,974,1046
17570,977,1048
17571,973,1045
17572,972,1043
17573,971,1043
17574,973,1044
17575,976,1048
17576,979,1046
17577,977,1042
17578,974,1039
17579,973,1040
17580,973,1041
17581,976,1043
17582,974,1044
17583,976,1040
17584,979,1039
17585,975,1038
17586,972,1038
17587,974,1042
17588,979,1041
17589,978,1039
17590,976,1035
17591,975,1036
17592,974,1037
17593,975,1044
17594,978,1045
17595,979,1044
17596,973,1045
17597,972,1041
17598,970,1045
17599,972,1046
17600,974,1048
17601,972,1049
17602,971,1046
17603,968,1044
17604,971,1047
17605,972,1049
17606,977,1050
17607,975,1046
17608,973,1043
17609,969,1042
17610,969,1042
17611,974,1045
17612,975,1046
17613,973,1044
17614,971,1041
17615,969,1041
17616,968,1043
17617,969,1045
17618,969,1043
17619,969,1045
17620,969,1041
17621,968,1040
17622,966,1042
17623,969,1044
17624,972,1044
17625,970,1045
17626,967,1040
17627,968,1039
17628,966,1040
17629,968,1043
17630,970,1041
17631,971,1038
17632,969,1035
17633,966,1032
17634,967,1037
17635,967,1040
17636,967,1041
17637,969,1039
17638,966,1036
17639,963,1035
17640,965,1039
17641,968,1041
17642,975,1043
17643,975,1037
17644,970,1037
17645,967,1038
17646,967,1040
17647,969,1043
17648,972,1043
17649,969,1043
17650,967,1042
17651,964,1044
17652,966,1044
17653,965,1045
17654,965,1045
17655,970,1045
17656,966,1042
17657,962,1042
17658,965,1041
17659,968,1047
17660,973,1046
17661,971,1045
17662,969,1041
17663,970,1039
17664,972,1041
17665,973,1043
17666,975,1042
17667,974,1043
17668,973,1043
17669,972,1042
17670,974,1041
17671,978,1041
17672,989,1038
17673,997,1035
17674,1008,1030
17675,1026,1028
17676,1051,1027
17677,1087,1024
17678,1131,1015
17679,1172,1003
17680,1213,992
17681,1250,994
17682,1284,1006
17683,1304,1026
17684,1298,1037
17685,1250,1039
17686,1179,1038
17687,1106,1048
17688,1034,1062
17689,972,1072
17690,936,1074
17691,928,1070
17692,937,1060
17693,950,1051
17694,964,1049
17695,970,1049
17696,971,1046
17697,966,1043
17698,963,1039
17699,956,1037
17700,957,1042
17701,958,1048
17702,958,1046
17703,956,1043
17704,952,1042
17705,950,1041
17706,950,1043
17707,949,1043
17708,953,1047
17709,956,1041
17710,951,1038
17711,947,1038
17712,949,1039
17713,950,1042
17714,955,1043
17715,953,1043
17716,953,1042
17717,951,1041
17718,951,1043
17719,950,1043
17720,956,1043
17721,956,1039
17722,954,1038
17723,952,1037
17724,955,1040
17725,958,1042
17726,958,1042
17727,960,1038
17728,957,1035
17729,954,1035
17730,955,1037
17731,960,1040
17732,963,1043
17733,962,1043
17734,960,1038
17735,958,1038
17736,958,1041
17737,958,1045
17738,962,1042
17739,962,1042
17740,961,1039
17741,962,1037
17742,963,1039
17743,967,1041
17744,970,1041
17745,971,1036
17746,968,1033
17747,966,1029
17748,966,1029
17749,972,1031
17750,977,1030
17751,977,1026
17752,974,1023
17753,973,1017
17754,973,1019
17755,975,1021
17756,979,1021
17757,981,1020
17758,981,1017
17759,977,1015
17760,978,1014
17761,983,1016
17762,986,1017
17763,988,1013
17764,988,1010
17765,989,1008
17766,990,1008
17767,994,1013
17768,998,1009
17769,999,1005
17770,997,1002
17771,998,1001
17772,999,1003
17773,1005,1006
17774,1008,1006
17775,1008,1006
17776,1006,1003
17777,1007,1003
17778,1003,1008
17779,1005,1012
17780,1009,1012
17781,1010,1011
17782,1006,1010
17783,1002,1012
17784,1001,1016
17785,1003,1021
17786,1006,1024
17787,1003,1025
17788,997,1021
17789,994,1025
17790,989,1029
17791,991,1032
17792,992,1034
17793,989,1032
17794,985,1032
17795,980,1033
17796,973,1037
17797,974,1039
17798,976,1039
17799,973,1038
17800,968,1039
17801,967,1040
17802,970,1041
17803,971,1046
17804,975,1047
17805,970,1046
17806,965,1041
17807,964,1043
17808,963,1043
17809,965,1045
17810,969,1045
17811,971,1045
17812,968,1041
17813,965,1041
17814,967,1043
17815,969,1044
17816,971,1048
17817,970,1043
17818,969,1039
17819,966,1039
17820,968,1040
17821,971,1043
17822,975,1042
17823,977,1040
17824,974,1038
17825,970,1037
17826,971,1040
17827,974,1044
17828,975,1043
17829,976,1041
17830,973,1038
17831,973,1037
17832,973,1039
17833,980,1043
17834,981,1042
17835,979,1040
17836,977,1035
17837,974,1035
17838,975,1038
17839,977,1037
17840,979,1039
17841,979,1035
17842,976,1034
17843,973,1033
17844,968,1035
17845,974,1038
17846,976,1039
17847,973,1038
17848,972,1036
17849,968,1035
17850,970,1036
17851,971,1042
17852,976,1042
17853,974,1041
17854,973,1038
17855,969,1038
17856,971,1042
17857,971,1042
17858,972,1044
17859,972,1041
17860,970,1037
17861,967,1036
17862,971,1039
17863,973,1042
17864,976,1041
17865,974,1037
17866,968,1038
17867,967,1035
17868,966,1036
17869,969,1041
17870,973,1039
17871,973,1039
17872,970,1038
17873,970,1038
17874,972,1037
17875,972,1042
17876,973,1041
17877,974,1039
17878,971,1038
17879,969,1038
17880,968,1038
17881,971,1041
17882,972,1039
17883,973,1040
17884,967,1036
17885,968,1036
17886,969,1038
17887,970,1041
17888,970,1038
17889,970,1037
17890,971,1037
17891,968,1036
17892,968,1037
17893,973,1041
17894,974,1043
17895,976,1039
17896,971,1037
17897,970,1036
17898,973,1035
17899,980,1037
17900,992,1033
17901,1005,1029
17902,1017,1025
17903,1036,1025
17904,1063,1023
17905,1101,1019
17906,1141,1010
17907,1185,1004
17908,1223,996
17909,1262,999
17910,1290,1011
17911,1305,1026
17912,1290,1037
17913,1244,1037
17914,1179,1031
17915,1104,1038
17916,1033,1051
17917,975,1058
17918,936,1062
17919,927,1057
17920,932,1048
17921,948,1039
17922,960,1034
17923,969,1031
17924,968,1031
17925,969,1028
17926,966,1027
17927,964,1029
17928,963,1035
17929,965,1038
17930,967,1037
17931,966,1039
17932,961,1037
17933,954,1036
17934,954,1041
17935,956,1044
17936,958,1043
17937,957,1042
17938,956,1040
17939,952,1041
17940,953,1043
17941,956,1047
17942,958,1045
17943,954,1045
17944,953,1042
17945,951,1041
17946,952,1048
17947,954,1047
17948,956,1046
17949,953,1044
17950,950,1042
17951,946,1040
17952,949,1040
17953,951,1045
17954,955,1045
17955,951,1042
17956,947,1039
17957,946,1039
17958,949,1041
17959,952,1043
17960,954,1041
17961,951,1035
17962,952,1035
17963,949,1034
17964,949,1036
17965,953,1039
17966,954,1036
17967,955,1033
17968,958,1030
17969,956,1028
17970,958,1028
17971,959,1031
17972,965,1033
17973,962,1034
17974,962,1031
17975,960,1031
17976,962,1035
17977,963,1034
17978,970,1036
17979,970,1035
17980,970,1031
17981,969,1030
17982,970,1031
17983,974,1033
17984,979,1031
17985,979,1028
17986,975,1025
17987,972,1023
17988,974,1025
17989,979,1022
17990,984,1021
17991,982,1018
17992,982,1012
17993,981,1011
17994,980,1011
17995,983,1014
17996,984,1013
17997,985,1010
17998,981,1006
17999,981,1006
18000,983,1009
18001,987,1008
18002,990,1007
18003,990,1006
18004,990,1002
18005,985,1000
18006,988,1003
18007,989,1005
18008,992,1007
18009,994,1004
18010,991,1003
18011,994,1004
18012,992,1009
18013,999,1012
18014,1002,1013
18015,997,1013
18016,993,1013
18017,989,1016
18018,991,1018
18019,991,1023
18020,996,1027
18021,993,1025
18022,991,1027
18023,984,1028
18024,982,1033
18025,983,1039
18026,985,1038
18027,983,1041
18028,981,1035
18029,975,1040
18030,976,1044
18031,981,1046
18032,980,1047
18033,977,1046
18034,974,1043
18035,966,1044
18036,968,1045
18037,965,1046
18038,965,1048
18039,965,1046
18040,964,1043
18041,961,1043
18042,962,1044
18043,967,1049
18044,965,1047
18045,965,1046
18046,962,1045
18047,960,1043
18048,959,1046
18049,960,1046
18050,962,1046
18051,964,1045
18052,960,1044
18053,961,1044
18054,960,1046
18055,959,1048
18056,962,1050
18057,963,1046
18058,957,1043
18059,957,1044
18060,958,1044
18061,962,1049
18062,964,1049
18063,962,1048
18064,959,1047
18065,959,1047
18066,959,1050
18067,964,1051
18068,967,1049
18069,968,1049
18070,968,1046
18071,968,1046
18072,967,1046
18073,968,1051
18074,970,1050
18075,971,1049
18076,966,1047
18077,966,1043
18078,967,1046
18079,969,1049
18080,969,1046
18081,970,1045
18082,970,1043
18083,970,1040
18084,969,1042
18085,968,1045
18086,971,1047
18087,969,1043
18088,970,1042
18089,965,1038
18090,967,1042
18091,972,1046
18092,972,1047
18093,969,1044
18094,966,1043
18095,964,1043
18096,964,1045
18097,968,1047
18098,971,1044
18099,967,1043
18100,961,1040
18101,961,1041
18102,962,1044
18103,968,1045
18104,972,1044
18105,968,1041
18106,964,1039
18107,960,1038
18108,962,1041
18109,963,1045
18110,967,1045
18111,965,1044
18112,964,1043
18113,961,1043
18114,964,1046
18115,965,1049
18116,966,1051
18117,963,1048
18118,963,1046
18119,958,1047
18120,959,1049
18121,962,1052
18122,963,1050
18123,960,1048
18124,960,1045
18125,955,1045
18126,956,1046
18127,957,1048
18128,963,1046
18129,961,1045
18130,962,1042
18131,958,1042
18132,962,1044
18133,963,1048
18134,962,1045
18135,963,1046
18136,957,1044
18137,954,1044
18138,957,1044
18139,961,1048
18140,963,1047
18141,964,1045
18142,962,1045
18143,960,1043
18144,960,1045
18145,961,1048
18146,963,1051
18147,959,1046
18148,960,1044
18149,957,1047
18150,960,1047
18151,963,1050
18152,967,1051
18153,967,1048
18154,963,1042
18155,959,1043
18156,956,1047
18157,959,1050
18158,963,1047
18159,964,1048
18160,963,1045
18161,961,1046
18162,961,1048
18163,962,1049
18164,965,1050
18165,965,1049
18166,962,1047
18167,958,1046
18168,959,1048
18169,963,1051
18170,968,1051
18171,969,1050
18172,966,1044
18173,963,1043
18174,966,1046
18175,969,1047
18176,969,1051
18177,967,1045
18178,963,1044
18179,963,1041
18180,966,1046
18181,968,1047
18182,970,1043
18183,967,1041
18184,964,1039
18185,960,1041
18186,966,1043
18187,969,1047
18188,969,1045
18189,970,1045
18190,970,1041
18191,968,1043
18192,967,1041
18193,973,1041
18194,980,1039
18195,985,1037
18196,996,1034
18197,1010,1032
18198,1029,1029
18199,1056,1031
18200,1088,1021
18201,1118,1009
18202,1149,1000
18203,1184,998
18204,1223,1002
18205,1255,1016
18206,1276,1029
18207,1272,1040
18208,1238,1040
18209,1183,1042
18210,1115,1049
18211,1054,1064
18212,1002,1071
18213,956,1072
18214,931,1069
18215,927,1066
18216,947,1061
18217,962,1058
18218,973,1050
18219,974,1048
18220,968,1042
18221,963,1042
18222,960,1041
18223,959,1047
18224,960,1042
18225,959,1044
18226,956,1039
18227,950,1042
18228,953,1045
18229,955,1047
18230,957,1047
18231,956,1044
18232,953,1043
18233,949,1042
18234,951,1044
18235,952,1045
18236,957,1046
18237,953,1042
18238,950,1039
18239,947,1039
18240,947,1042
18241,949,1044
18242,947,1044
18243,944,1042
18244,944,1040
18245,942,1040
18246,942,1044
18247,944,1046
18248,948,1048
18249,949,1045
18250,949,1042
18251,944,1044
18252,945,1046
18253,948,1048
18254,948,1049
18255,946,1047
18256,943,1046
18257,943,1045
18258,944,1049
18259,946,1052
18260,950,1049
18261,949,1047
18262,946,1044
18263,946,1046
18264,946,1047
18265,949,1051
18266,955,1050
18267,953,1047
18268,956,1045
18269,952,1045
18270,951,1046
18271,956,1049
18272,960,1047
18273,961,1045
18274,961,1039
18275,961,1040
18276,964,1042
18277,965,1042
18278,971,1038
18279,973,1037
18280,970,1032
18281,969,1029
18282,970,1031
18283,971,1034
18284,972,1031
18285,972,1027
18286,971,1022
18287,973,1020
18288,976,1023
18289,980,1023
18290,985,1023
18291,984,1018
18292,978,1015
18293,976,1015
18294,977,1016
18295,979,1018
18296,984,1020
18297,986,1014
18298,983,1014
18299,982,1011
18300,986,1014
18301,991,1016
18302,997,1015
18303,996,1010
18304,992,1008
18305,987,1010
18306,993,1013
18307,994,1015
18308,999,1017
18309,1000,1015
18310,997,1012
18311,996,1015
18312,998,1017
18313,999,1020
18314,999,1021
18315,998,1022
18316,994,1020
18317,990,1024
18318,989,1028
18319,993,1033
18320,993,1033
18321,991,1036
18322,987,1034
18323,978,1037
18324,979,1040
18325,979,1044
18326,981,1045
18327,981,1043
18328,977,1039
18329,974,1040
18330,974,1043
18331,975,1045
18332,973,1046
18333,972,1043
18334,970,1041
18335,966,1043
18336,965,1046
18337,968,1049
18338,966,1047
18339,965,1048
18340,962,1046
18341,961,1047
18342,962,1049
18343,963,1051
18344,965,1050
18345,965,1047
18346,963,1044
18347,959,1046
18348,961,1047
18349,959,1052
18350,961,1051
18351,965,1052
18352,962,1050
18353,961,1050
18354,961,1052
18355,966,1055
18356,969,1054
18357,968,1052
18358,966,1050
18359,964,1051
18360,965,1052
18361,968,1054
18362,972,1052
18363,972,1050
18364,966,1047
18365,970,1049
18366,970,1052
18367,969,1052
18368,971,1052
18369,972,1048
18370,970,1048
18371,969,1046
18372,970,1047
18373,976,1049
18374,978,1047
18375,977,1047
18376,974,1045
18377,974,1043
18378,973,1047
18379,975,1048
18380,979,1046
18381,977,1047
18382,974,1041
18383,975,1040
18384,972,1042
18385,974,1046
18386,976,1043
18387,976,1039
18388,973,1040
18389,973,1040
18390,970,1040
18391,973,1042
18392,974,1044
18393,969,1040
18394,967,1038
18395,965,1039
18396,967,1042
18397,969,1045
18398,972,1046
18399,970,1042
18400,964,1042
18401,961,1042
18402,961,1046
18403,964,1047
18404,965,1046
18405,965,1044
18406,962,1041
18407,960,1040
18408,962,1043
18409,962,1047
18410,967,1047
18411,967,1045
18412,966,1041
18413,967,1042
18414,966,1046
18415,970,1050
18416,972,1050
18417,971,1050
18418,967,1047
18419,964,1049
18420,963,1051
18421,967,1050
18422,973,1052
18423,970,1052
18424,965,1046
18425,962,1047
18426,961,1048
18427,967,1052
18428,970,1050
18429,968,1048
18430,966,1044
18431,963,1045
18432,963,1048
18433,968,1048
18434,971,1046
18435,969,1044
18436,966,1041
18437,963,1045
18438,964,1046
18439,968,1047
18440,971,1046
18441,968,1046
18442,965,1044
18443,959,1042
18444,963,1044
18445,968,1047
18446,969,1043
18447,971,1041
18448,968,1040
18449,968,1041
18450,968,1041
18451,969,1042
18452,978,1036
18453,981,1032
18454,990,1032
18455,1001,1032
18456,1023,1032
18457,1051,1031
18458,1083,1030
18459,1118,1015
18460,1154,1004
18461,1188,997
18462,1227,999
18463,1258,1006
18464,1279,1017
18465,1284,1027
18466,1265,1033
18467,1226,1037
18468,1179,1042
18469,1127,1050
18470,1073,1063
18471,1007,1069
18472,950,1076
18473,919,1081
18474,918,1079
18475,936,1075
18476,952,1065
18477,959,1052
18478,961,1048
18479,961,1044
18480,957,1048
18481,958,1049
18482,962,1047
18483,956,1043
18484,956,1043
18485,952,1042
18486,953,1046
18487,955,1045
18488,957,1047
18489,956,1044
18490,953,1042
18491,945,1043
18492,950,1042
18493,948,1045
18494,951,1047
18495,950,1046
18496,948,1041
18497,946,1043
18498,948,1044
18499,949,1047
18500,951,1047
18501,950,1045
18502,950,1042
18503,946,1043
18504,947,1046
18505,950,1048
18506,953,1048
18507,953,1045
18508,947,1045
18509,946,1045
18510,950,1047
18511,951,1053
18512,954,1049
18513,950,1047
18514,950,1046
18515,948,1045
18516,951,1047
18517,951,1050
18518,959,1048
18519,959,1047
18520,957,1042
18521,954,1042
18522,955,1042
18523,960,1046
18524,960,1044
18525,964,1042
18526,962,1037
18527,960,1038
18528,962,1041
18529,965,1040
18530,967,1040
18531,967,1037
18532,966,1032
18533,959,1036
18534,964,1035
18535,968,1038
18536,973,1036
18537,970,1034
18538,970,1028
18539,970,1029
18540,972,1029
18541,976,1031
18542,978,1027
18543,977,1025
18544,976,1021
18545,976,1021
18546,975,1023
18547,982,1024
18548,986,1022
18549,985,1018
18550,984,1015
18551,983,1015
18552,985,1016
18553,989,1017
18554,990,1012
18555,990,1011
18556,989,1007
18557,989,1010
18558,992,1014
18559,995,1016
18560,999,1013
18561,999,1013
18562,994,1009
18563,992,1007
18564,995,1012
18565,997,1016
18566,1002,1013
18567,1000,1011
18568,998,1009
18569,997,1011
18570,998,1015
18571,999,1016
18572,1002,1018
18573,998,1019
18574,998,1019
18575,993,1020
18576,993,1026
18577,994,1030
18578,991,1030
18579,989,1031
18580,985,1030
18581,982,1034
18582,981,1036
18583,982,1041
18584,983,1041
18585,978,1040
18586,974,1036
18587,971,1039
18588,971,1045
18589,972,1048
18590,974,1044
18591,972,1043
18592,968,1042
18593,967,1046
18594,968,1047
18595,967,1052
18596,970,1052
18597,969,1051
18598,964,1051
18599,966,1053
18600,967,1056
18601,971,1058
18602,971,1057
18603,971,1054
18604,971,1051
18605,968,1053
18606,970,1054
18607,971,1056
18608,975,1056
18609,975,1052
18610,972,1051
18611,971,1051
18612,969,1053
18613,972,1057
18614,973,1054
18615,969,1051
18616,972,1048
18617,968,1048
18618,971,1050
18619,977,1051
18620,977,1052
18621,975,1047
18622,974,1046
18623,971,1044
18624,975,1043
18625,977,1048
18626,978,1045
18627,977,1043
18628,975,1042
18629,973,1040
18630,974,1045
18631,976,1046
18632,979,1045
18633,977,1044
18634,973,1042
18635,975,1041
18636,976,1044
18637,975,1044
18638,979,1043
18639,976,1043
18640,972,1040
18641,970,1041
18642,974,1042
18643,975,1043
18644,976,1045
18645,975,1043
18646,974,1040
18647,973,1042
18648,975,1046
18649,975,1048
18650,976,1046
18651,976,1042
18652,970,1041
18653,970,1042
18654,972,1045
18655,975,1045
18656,977,1045
18657,976,1044
18658,974,1043
18659,972,1042
18660,974,1046
18661,974,1047
18662,977,1047
18663,980,1046
18664,978,1042
18665,973,1044
18666,972,1046
18667,979,1047
18668,978,1049
18669,975,1049
18670,972,1044
18671,969,1045
18672,970,1044
18673,975,1049
18674,974,1046
18675,973,1046
18676,966,1043
18677,968,1041
18678,969,1044
18679,970,1046
18680,974,1048
18681,974,1043
18682,972,1041
18683,970,1043
18684,967,1045
18685,972,1048
18686,976,1049
18687,974,1046
18688,970,1043
18689,970,1044
18690,972,1046
18691,972,1048
18692,975,1050
18693,973,1048
18694,972,1046
18695,968,1046
18696,972,1047
18697,974,1051
18698,976,1050
18699,974,1048
18700,973,1047
18701,970,1050
18702,973,1052
18703,974,1053
18704,979,1050
18705,975,1050
18706,972,1046
18707,968,1045
18708,975,1046
18709,977,1050
18710,980,1048
18711,979,1046
18712,979,1044
18713,975,1044
18714,976,1041
18715,975,1045
18716,975,1046
18717,976,1046
18718,972,1044
18719,970,1044
18720,972,1045
18721,973,1047
18722,976,1047
18723,977,1044
18724,971,1043
18725,967,1041
18726,970,1047
18727,972,1048
18728,972,1046
18729,973,1043
18730,970,1042
18731,970,1040
18732,973,1043
18733,974,1046
18734,974,1045
18735,973,1044
18736,971,1041
18737,968,1045
18738,972,1044
18739,977,1050
18740,979,1049
18741,982,1048
18742,979,1045
18743,977,1043
18744,981,1048
18745,983,1045
18746,990,1043
18747,998,1037
18748,1006,1035
18749,1020,1034
18750,1042,1032
18751,1072,1034
18752,1105,1026
18753,1142,1013
18754,1175,1004
18755,1210,999
18756,1244,1003
18757,1274,1012
18758,1292,1025
18759,1290,1035
18760,1263,1042
18761,1214,1045
18762,1157,1052
18763,1099,1061
18764,1045,1069
18765,988,1071
18766,953,1066
18767,941,1065
18768,950,1064
18769,967,1057
18770,980,1051
18771,981,1044
18772,978,1040
18773,971,1044
18774,969,1044
18775,973,1047
18776,971,1046
18777,968,1047
18778,964,1045
18779,964,1044
18780,960,1048
18781,964,1050
18782,967,1047
18783,963,1046
18784,961,1044
18785,958,1045
18786,959,1045
18787,961,1050
18788,963,1046
18789,961,1047
18790,956,1044
18791,955,1048
18792,955,1048
18793,961,1050
18794,964,1049
18795,962,1048
18796,959,1047
18797,958,1047
18798,958,1047
18799,963,1053
18800,965,1051
18801,965,1051
18802,964,1047
18803,964,1044
18804,961,1046
18805,965,1048
18806,969,1050
18807,966,1046
18808,964,1042
18809,963,1044
18810,962,1049
18811,967,1049
18812,968,1050
18813,967,1045
18814,963,1044
18815,965,1047
18816,965,1049
18817,967,1050
18818,968,1048
18819,964,1046
18820,963,1044
18821,963,1043
18822,965,1047
18823,966,1048
18824,971,1047
18825,970,1046
18826,970,1042
18827,969,1042
18828,971,1042
18829,970,1046
18830,975,1046
18831,972,1042
18832,974,1040
18833,972,1040
18834,976,1042
18835,982,1042
18836,983,1040
18837,983,1036
18838,983,1030
18839,984,1031
18840,986,1032
18841,988,1034
18842,989,1030
18843,988,1029
18844,988,1025
18845,990,1024
18846,992,1024
18847,997,1026
18848,999,1025
18849,997,1022
18850,998,1020
18851,996,1021
18852,999,1022
18853,1004,1023
18854,1009,1021
18855,1006,1019
18856,1007,1016
18857,1008,1014
18858,1008,1015
18859,1013,1020
18860,1013,1019
18861,1017,1018
18862,1013,1013
18863,1014,1015
18864,1016,1017
18865,1016,1021
18866,1018,1021
18867,1017,1019
18868,1010,1020
18869,1012,1022
18870,1010,1025
18871,1010,1029
18872,1014,1032
18873,1009,1032
18874,1003,1030
18875,1002,1035
18876,1003,1037
18877,1001,1041
18878,1002,1039
18879,996,1038
18880,993,1039
18881,989,1040
18882,988,1044
18883,986,1046
18884,989,1042
18885,985,1042
18886,982,1042
18887,980,1044
18888,979,1047
18889,980,1048
18890,982,1049
18891,979,1047
18892,975,1046
18893,972,1048
18894,974,1049
18895,974,1050
18896,979,1052
18897,976,1048
18898,974,1047
18899,973,1047
18900,974,1051
18901,973,1057
18902,975,1054
18903,973,1051
18904,970,1049
18905,972,1052
18906,973,1053
18907,977,1054
18908,980,1056
18909,979,1054
18910,975,1054
18911,975,1053
18912,973,1055
18913,972,1057
18914,977,1056
18915,979,1055
18916,976,1051
18917,974,1052
18918,976,1055
18919,979,1060
18920,980,1057
18921,979,1054
18922,976,1051
18923,972,1049
18924,972,1050
18925,973,1055
18926,976,1053
18927,975,1049
18928,976,1044
18929,975,1046
18930,976,1051
18931,975,1049
18932,978,1049
18933,975,1047
18934,971,1044
18935,972,1042
18936,974,1045
18937,975,1046
18938,977,1047
18939,976,1045
18940,975,1041
18941,972,1043
18942,975,1045
18943,978,1048
18944,980,1048
18945,979,1048
18946,975,1042
18947,975,1046
18948,975,1050
18949,976,1050
18950,977,1051
18951,974,1046
18952,975,1043
18953,972,1048
18954,973,1049
18955,975,1054
18956,978,1054
18957,978,1049
18958,976,1048
18959,973,1050
18960,973,1054
18961,979,1055
18962,981,1051
18963,979,1050
18964,976,1048
18965,972,1048
18966,973,1048
18967,977,1051
18968,977,1051
18969,977,1047
18970,973,1045
18971,969,1046
18972,973,1047
18973,975,1051
18974,977,1046
18975,976,1047
18976,972,1045
18977,970,1044
18978,968,1048
18979,968,1051
18980,972,1046
18981,972,1045
18982,969,1042
18983,968,1042
18984,969,1042
18985,971,1047
18986,973,1047
18987,971,1044
18988,967,1043
18989,965,1044
18990,969,1047
18991,970,1048
18992,971,1047
18993,969,1047
18994,968,1042
18995,964,1044
18996,966,1048
18997,966,1051
18998,973,1052
18999,970,1050
19000,971,1049
19001,970,1052
19002,973,1054
19003,978,1057
19004,980,1054
19005,972,1053
19006,967,1052
19007,966,1050
19008,974,1053
19009,975,1053
19010,974,1052
19011,973,1050
19012,971,1049
19013,968,1049
19014,969,1051
19015,969,1052
19016,970,1052
19017,966,1048
19018,965,1047
19019,969,1045
19020,969,1046
19021,972,1048
19022,973,1047
19023,973,1043
19024,971,1042
19025,968,1042
19026,971,1045
19027,971,1046
19028,974,1044
19029,971,1042
19030,970,1039
19031,966,1042
19032,966,1045
19033,973,1046
19034,974,1045
19035,973,1042
19036,967,1041
19037,963,1041
19038,964,1041
19039,966,1046
19040,971,1046
19041,973,1047
19042,971,1044
19043,968,1044
19044,971,1048
19045,973,1051
19046,976,1049
19047,973,1047
19048,973,1045
19049,973,1046
19050,973,1049
19051,973,1051
19052,978,1048
19053,979,1048
19054,978,1045
19055,976,1047
19056,978,1049
19057,982,1048
19058,984,1046
19059,989,1040
19060,996,1037
19061,1007,1035
19062,1019,1035
19063,1041,1034
19064,1066,1029
19065,1100,1024
19066,1132,1010
19067,1166,1001
19068,1202,999
19069,1236,1002
19070,1266,1007
19071,1288,1021
19072,1288,1030
19073,1262,1040
19074,1224,1042
19075,1172,1048
19076,1116,1058
19077,1059,1060
19078,1003,1067
19079,960,1070
19080,938,1072
19081,939,1073
19082,952,1067
19083,965,1056
19084,969,1048
19085,971,1043
19086,970,1046
19087,970,1049
19088,970,1047
19089,965,1046
19090,961,1044
19091,959,1043
19092,959,1044
19093,963,1046
19094,964,1046
19095,962,1043
19096,956,1044
19097,952,1043
19098,957,1046
19099,960,1051
19100,962,1049
19101,958,1044
19102,955,1044
19103,954,1043
19104,955,1044
19105,959,1049
19106,959,1048
19107,959,1045
19108,956,1045
19109,954,1045
19110,955,1044
19111,957,1050
19112,961,1047
19113,962,1044
19114,959,1042
19115,959,1043
19116,962,1048
19117,966,1049
19118,969,1046
19119,967,1044
19120,963,1043
19121,960,1043
19122,962,1047
19123,964,1048
19124,966,1048
19125,964,1044
19126,961,1042
19127,963,1042
19128,960,1046
19129,965,1048
19130,966,1045
19131,966,1042
19132,960,1042
19133,960,1041
19134,963,1043
19135,965,1048
19136,965,1045
19137,966,1045
19138,964,1041
19139,964,1041
19140,965,1041
19141,968,1044
19142,970,1042
19143,968,1038
19144,964,1035
19145,965,1035
19146,968,1039
19147,973,1040
19148,975,1038
19149,976,1036
19150,974,1031
19151,974,1031
19152,976,1029
19153,984,1030
19154,985,1028
19155,985,1025
19156,981,1021
19157,983,1020
19158,988,1021
19159,993,1020
19160,995,1019
19161,995,1016
19162,995,1013
19163,993,1016
19164,994,1013
19165,999,1017
19166,1002,1015
19167,1001,1012
19168,998,1008
19169,1000,1009
19170,1002,1011
19171,1004,1012
19172,1005,1010
19173,1003,1008
19174,1003,1007
19175,1003,1007
19176,1005,1014
19177,1008,1018
19178,1005,1017
19179,1004,1015
19180,1003,1017
19181,1001,1017
19182,1001,1022
19183,1000,1025
19184,1002,1026
19185,997,1026
19186,993,1025
19187,990,1029
19188,992,1030
19189,992,1036
19190,992,1038
19191,988,1035
19192,987,1035
19193,980,1037
19194,984,1042
19195,985,1045
19196,983,1044
19197,978,1044
19198,973,1043
19199,971,1045
19200,975,1047
19201,974,1052
19202,975,1050
19203,974,1049
19204,968,1047
19205,969,1048
19206,971,1051
19207,976,1052
19208,978,1051
19209,975,1052
19210,970,1050
19211,972,1051
19212,971,1050
19213,971,1053
19214,975,1052
19215,973,1050
19216,969,1047
19217,968,1048
19218,971,1051
19219,973,1053
19220,974,1053
19221,976,1052
19222,970,1050
19223,973,1048
19224,974,1052
19225,976,1054
19226,979,1053
19227,978,1050
19228,974,1050
19229,974,1050
19230,976,1052
19231,978,1055
19232,980,1052
19233,979,1051
19234,977,1046
19235,976,1049
19236,976,1052
19237,977,1054
19238,979,1053
19239,981,1051
19240,979,1048
19241,985,1050
19242,994,1053
19243,1000,1056
19244,1001,1057
19245,1004,1056
19246,1004,1057
19247,1005,1059
19248,1015,1061
19249,1026,1063
19250,1041,1053
19251,1054,1036
19252,1061,1019
19253,1074,1006
19254,1086,998
19255,1103,987
19256,1118,969
19257,1133,953
19258,1140,936
19259,1153,916
19260,1170,902
19261,1184,887
19262,1200,875
19263,1212,864
19264,1222,850
19265,1228,848
19266,1225,847
19267,1224,850
19268,1216,850
19269,1211,849
19270,1206,846
19271,1199,847
19272,1192,851
19273,1181,855
19274,1167,858
19275,1144,862
19276,1122,867
19277,1100,880
19278,1082,888
19279,1071,901
19280,1062,912
19281,1052,921
19282,1041,929
19283,1036,938
19284,1038,954
19285,1036,962
19286,1035,971
19287,1029,974
19288,1031,979
19289,1042,986
19290,1060,993
19291,1080,999
19292,1092,999
19293,1088,1003
19294,1057,1011
19295,1015,1018
19296,979,1031
19297,959,1045
19298,949,1054
19299,943,1064
19300,938,1071
19301,935,1077
19302,933,1082
19303,931,1084
19304,930,1086
19305,926,1088
19306,918,1088
19307,919,1090
19308,915,1091
19309,916,1096
19310,916,1095
19311,913,1096
19312,911,1095
19313,910,1099
19314,912,1102
19315,914,1106
19316,915,1106
19317,908,1105
19318,904,1103
19319,903,1104
19320,903,1111
19321,906,1113
19322,904,1114
19323,904,1113
19324,901,1114
19325,897,1114
19326,897,1118
19327,901,1125
19328,902,1124
19329,899,1127
19330,895,1124
19331,890,1128
19332,890,1132
19333,895,1135
19334,894,1136
19335,888,1136
19336,883,1138
19337,880,1141
19338,880,1143
19339,879,1151
19340,881,1152
19341,879,1153
19342,876,1153
19343,876,1154
19344,879,1157
19345,881,1162
19346,882,1165
19347,877,1167
19348,871,1166
19349,872,1166
19350,875,1172
19351,881,1174
19352,881,1175
19353,881,1176
19354,882,1173
19355,881,1176
19356,885,1181
19357,889,1180
19358,891,1178
19359,892,1178
19360,893,1173
19361,897,1171
19362,903,1173
19363,909,1173
19364,913,1170
19365,914,1164
19366,915,1161
19367,920,1156
19368,926,1154
19369,931,1154
19370,937,1149
19371,941,1142
19372,943,1137
19373,946,1134
19374,951,1131
19375,957,1129
19376,962,1119
19377,962,1115
19378,960,1109
19379,962,1105
19380,962,1103
19381,968,1103
19382,969,1097
19383,970,1090
19384,969,1081
19385,967,1079
19386,970,1077
19387,969,1078
19388,974,1073
19389,971,1069
19390,969,1063
19391,965,1060
19392,970,1063
19393,971,1063
19394,972,1058
19395,968,1056
19396,966,1051
19397,966,1055
19398,967,1059
19399,970,1058
19400,971,1056
19401,972,1053
19402,968,1049
19403,968,1050
19404,969,1052
19405,971,1054
19406,970,1052
19407,969,1050
19408,967,1047
19409,962,1048
19410,964,1053
19411,966,1057
19412,971,1055
19413,973,1053
19414,971,1048
19415,968,1049
19416,968,1050
19417,971,1050
19418,970,1052
19419,971,1049
19420,971,1049
19421,973,1049
19422,978,1051
19423,980,1051
19424,977,1051
19425,976,1047
19426,974,1046
19427,971,1045
19428,972,1049
19429,978,1047
19430,978,1046
19431,975,1043
19432,974,1044
19433,975,1040
19434,975,1042
19435,976,1045
19436,974,1045
19437,975,1044
19438,975,1043
19439,974,1042
19440,975,1043
19441,978,1044
19442,976,1042
19443,976,1039
19444,977,1037
19445,975,1039
19446,975,1042
19447,980,1046
19448,979,1042
19449,977,1041
19450,976,1040
19451,972,1041
19452,975,1044
19453,978,1048
19454,977,1046
19455,976,1044
19456,974,1041
19457,975,1043
19458,977,1043
19459,982,1049
19460,983,1046
19461,984,1045
19462,980,1042
19463,976,1042
19464,975,1047
19465,976,1051
19466,979,1050
19467,979,1043
19468,977,1036
19469,975,1039
19470,979,1042
19471,981,1045
19472,981,1044
19473,978,1040
19474,978,1039
19475,978,1042
19476,978,1044
19477,982,1048
19478,984,1047
19479,982,1045
19480,978,1040
19481,977,1043
19482,977,1045
19483,982,1047
19484,979,1046
19485,973,1044
19486,976,1042
19487,977,1043
19488,976,1043
19489,979,1044
19490,975,1045
19491,978,1040
19492,975,1042
19493,972,1043
19494,974,1045
19495,979,1051
19496,979,1044
19497,978,1046
19498,974,1044
19499,976,1044
19500,976,1050
19501,977,1050
19502,975,1050
19503,972,1047
19504,973,1045
19505,974,1043
19506,979,1046
19507,977,1046
19508,977,1043
19509,980,1044
19510,981,1042
19511,979,1040
19512,980,1043
19513,981,1043
19514,979,1042
19515,975,1041
19516,976,1039
19517,973,1041
19518,980,1044
19519,980,1045
19520,983,1042
19521,979,1042
19522,973,1042
19523,971,1042
19524,974,1046
19525,976,1052
19526,982,1048
19527,981,1047
19528,977,1045
19529,978,1048
19530,986,1049
19531,988,1051
19532,988,1050
19533,982,1049
19534,980,1045
19535,980,1047
19536,981,1046
19537,980,1048
19538,980,1048
19539,977,1043
19540,977,1041
19541,978,1045
19542,980,1046
19543,981,1048
19544,979,1050
19545,977,1047
19546,977,1042
19547,976,1042
19548,979,1044
19549,985,1045
19550,987,1043
19551,978,1043
19552,972,1039
19553,972,1042
19554,979,1043
19555,982,1045
19556,984,1044
19557,980,1041
19558,976,1040
19559,978,1040
19560,979,1043
19561,980,1045
19562,979,1041
19563,978,1041
19564,975,1039
19565,976,1043
19566,981,1043
19567,984,1046
19568,978,1042
19569,979,1040
19570,975,1040
19571,973,1043
19572,978,1045
19573,984,1047
19574,984,1045
19575,982,1045
19576,978,1044
19577,977,1044
19578,983,1047
19579,989,1050
19580,986,1049
19581,985,1043
19582,978,1040
19583,977,1040
19584,982,1044
19585,990,1046
19586,992,1044
19587,988,1041
19588,982,1036
19589,983,1039
19590,987,1043
19591,989,1045
19592,988,1041
19593,990,1039
19594,984,1035
19595,982,1037
19596,985,1038
19597,988,1041
19598,989,1039
19599,986,1036
19600,982,1035
19601,981,1037
19602,985,1039
19603,986,1040
19604,986,1039
19605,981,1038
19606,980,1037
19607,982,1037
19608,986,1040
19609,987,1041
19610,992,1040
19611,986,1039
19612,983,1038
19613,983,1042
19614,985,1042
19615,990,1044
19616,992,1043
19617,989,1042
19618,985,1041
19619,984,1041
19620,987,1043
19621,994,1045
19622,997,1041
19623,998,1036
19624,997,1033
19625,993,1032
19626,997,1032
19627,1007,1031
19628,1018,1029
19629,1031,1024
19630,1045,1023
19631,1068,1020
19632,1100,1019
19633,1136,1011
19634,1172,1002
19635,1212,995
19636,1244,992
19637,1283,999
19638,1308,1016
19639,1315,1028
19640,1292,1034
19641,1236,1031
19642,1164,1034
19643,1098,1043
19644,1039,1053
19645,988,1060
19646,956,1066
19647,948,1060
19648,959,1052
19649,975,1043
19650,987,1040
19651,993,1039
19652,991,1037
19653,986,1035
19654,980,1028
19655,978,1031
19656,977,1036
19657,978,1038
19658,978,1039
19659,977,1038
19660,971,1036
19661,969,1037
19662,973,1038
19663,976,1042
19664,976,1040
19665,974,1037
19666,970,1034
19667,971,1037
19668,974,1037
19669,975,1041
19670,974,1037
19671,974,1033
19672,969,1034
19673,970,1035
19674,974,1038
19675,978,1039
19676,976,1037
19677,974,1037
19678,974,1035
19679,972,1038
19680,975,1040
19681,977,1041
19682,977,1039
19683,977,1035
19684,974,1035
19685,971,1034
19686,973,1039
19687,973,1042
19688,973,1039
19689,971,1037
19690,966,1036
19691,967,1034
19692,967,1037
19693,971,1039
19694,974,1035
19695,971,1033
19696,970,1031
19697,968,1030
19698,969,1034
19699,976,1035
19700,981,1031
19701,979,1028
19702,978,1026
19703,981,1026
19704,986,1027
19705,989,1030
19706,990,1028
19707,988,1025
19708,989,1024
19709,988,1023
19710,995,1025
19711,999,1027
19712,1003,1026
19713,1000,1023
19714,994,1019
19715,1001,1020
19716,1002,1019
19717,1006,1022
19718,1010,1021
19719,1010,1018
19720,1009,1015
19721,1008,1016
19722,1011,1017
19723,1015,1018
19724,1015,1016
19725,1016,1014
19726,1010,1010
19727,1011,1011
19728,1015,1011
19729,1017,1013
19730,1021,1011
19731,1018,1009
19732,1020,1009
19733,1021,1010
19734,1022,1008
19735,1027,1010
19736,1028,1010
19737,1026,1007
19738,1024,1005
19739,1028,1008
19740,1031,1011
19741,1033,1014
19742,1032,1013
19743,1032,1010
19744,1030,1011
19745,1027,1010
19746,1024,1013
19747,1024,1016
19748,1023,1014
19749,1021,1013
19750,1019,1013
19751,1018,1013
19752,1015,1018
19753,1017,1024
19754,1014,1024
19755,1009,1021
19756,1005,1022
19757,1004,1024
19758,1007,1030
19759,1010,1034
19760,1008,1033
19761,1006,1031
19762,1002,1030
19763,1000,1036
19764,1000,1038
19765,1000,1043
19766,999,1043
19767,998,1039
19768,994,1036
19769,992,1037
19770,993,1039
19771,996,1043
19772,995,1043
19773,993,1042
19774,987,1040
19775,985,1042
19776,988,1045
19777,992,1047
19778,994,1045
19779,992,1041
19780,992,1039
19781,992,1045
19782,993,1043
19783,996,1045
19784,999,1043
19785,996,1040
19786,991,1039
19787,989,1040
19788,996,1042
19789,998,1042
19790,999,1042
19791,997,1036
19792,993,1037
19793,989,1037
19794,993,1041
19795,996,1041
19796,999,1039
19797,998,1037
19798,995,1032
19799,993,1035
19800,995,1037
19801,999,1039
19802,998,1037
19803,998,1035
19804,995,1033
19805,998,1036
19806,996,1035
19807,1001,1039
19808,1004,1038
19809,1002,1034
19810,999,1033
19811,999,1036
19812,1000,1038
19813,1000,1040
19814,1003,1040
19815,999,1036
19816,999,1035
19817,998,1037
19818,999,1039
19819,999,1041
19820,1003,1040
19821,1001,1036
19822,998,1034
19823,995,1037
19824,995,1039
19825,1000,1042
19826,1000,1039
19827,1000,1037
19828,997,1033
19829,995,1032
19830,997,1036
19831,999,1036
19832,999,1036
19833,996,1035
19834,993,1032
19835,992,1033
19836,996,1035
19837,999,1038
19838,999,1036
19839,997,1034
19840,997,1030
19841,996,1033
19842,996,1035
19843,1002,1039
19844,1003,1038
19845,1002,1034
19846,998,1034
19847,999,1034
19848,1000,1037
19849,1003,1039
19850,1003,1038
19851,1000,1037
19852,997,1035
19853,997,1037
19854,999,1040
19855,1002,1041
19856,1003,1039
19857,1002,1033
19858,1004,1029
19859,1011,1027
19860,1022,1030
19861,1038,1030
19862,1064,1028
19863,1097,1019
19864,1134,1011
19865,1181,1003
19866,1235,999
19867,1284,1003
19868,1324,1014
19869,1341,1027
19870,1330,1033
19871,1289,1035
19872,1227,1039
19873,1157,1048
19874,1079,1060
19875,1003,1068
19876,944,1069
19877,927,1072
19878,941,1066
19879,961,1058
19880,976,1045
19881,983,1039
19882,982,1033
19883,981,1034
19884,984,1035
19885,985,1039
19886,987,1039
19887,979,1033
19888,978,1030
19889,974,1032
19890,977,1035
19891,976,1038
19892,978,1035
19893,976,1034
19894,973,1032
19895,975,1033
19896,976,1033
19897,977,1039
19898,978,1035
19899,977,1035
19900,972,1031
19901,971,1034
19902,976,1036
19903,977,1036
19904,978,1035
19905,977,1032
19906,973,1034
19907,973,1035
19908,972,1036
19909,975,1037
19910,974,1036
19911,973,1034
19912,972,1034
19913,972,1034
19914,975,1039
19915,978,1040
19916,978,1037
19917,976,1033
19918,975,1032
19919,976,1033
19920,982,1037
19921,984,1037
19922,986,1037
19923,985,1036
19924,980,1034
19925,978,1034
19926,981,1034
19927,984,1037
19928,987,1034
19929,987,1031
19930,986,1027
19931,986,1028
19932,990,1030
19933,991,1030
19934,993,1028
19935,993,1024
19936,991,1020
19937,992,1022
19938,995,1022
19939,999,1023
19940,1002,1020
19941,1000,1016
19942,1000,1011
19943,1002,1009
19944,1004,1011
19945,1007,1011
19946,1009,1010
19947,1009,1005
19948,1008,999
19949,1008,998
19950,1014,1000
19951,1017,1003
19952,1016,1000
19953,1016,997
19954,1010,994
19955,1013,996
19956,1015,997
19957,1019,997
19958,1016,994
19959,1014,995
19960,1014,995
19961,1016,996
19962,1020,1000
19963,1021,1004
19964,1022,1004
19965,1018,1003
19966,1018,1005
19967,1014,1008
19968,1015,1013
19969,1016,1019
19970,1014,1019
19971,1013,1019
19972,1010,1020
19973,1007,1026
19974,1005,1028
19975,1005,1034
19976,1003,1034
19977,1001,1035
19978,997,1035
19979,994,1038
19980,992,1044
19981,991,1048
19982,989,1045
19983,988,1045
19984,985,1045
19985,984,1046
19986,987,1051
19987,987,1051
19988,988,1049
19989,984,1047
19990,978,1046
19991,980,1045
19992,982,1051
19993,986,1050
19994,985,1048
19995,984,1045
19996,979,1041
19997,981,1045
19998,986,1046
19999,988,1046
20000,988,1044
20001,987,1041
20002,985,1040
20003,986,1042
20004,989,1043
20005,994,1046
20006,993,1043
20007,991,1039
20008,986,1039
20009,987,1041
20010,990,1043
20011,993,1042
20012,994,1041
20013,993,1039
20014,990,1038
20015,989,1039
20016,991,1042
20017,992,1046
20018,994,1045
20019,989,1043
20020,986,1040
20021,986,1039
20022,990,1043
20023,995,1045
20024,994,1044
20025,993,1043
20026,990,1043
20027,991,1043
20028,992,1045
20029,996,1045
20030,995,1044
20031,991,1042
20032,988,1041
20033,990,1042
20034,991,1043
20035,996,1045
20036,995,1041
20037,993,1040
20038,988,1041
20039,986,1040
20040,986,1043
20041,987,1041
20042,994,1039
20043,991,1035
20044,990,1034
20045,988,1035
20046,990,1040
20047,994,1043
20048,993,1039
20049,993,1037
20050,990,1035
20051,991,1038
20052,990,1041
20053,994,1044
20054,993,1042
20055,990,1039
20056,987,1039
20057,986,1040
20058,987,1044
20059,991,1046
20060,990,1045
20061,988,1044
20062,986,1042
20063,985,1042
20064,987,1044
20065,989,1047
20066,986,1045
20067,984,1042
20068,981,1042
20069,982,1044
20070,982,1047
20071,983,1050
20072,984,1047
20073,980,1047
20074,980,1046
20075,978,1047
20076,978,1049
20077,983,1051
20078,986,1051
20079,984,1047
20080,982,1046
20081,983,1042
20082,985,1048
20083,989,1048
20084,988,1043
20085,983,1041
20086,981,1041
20087,979,1041
20088,978,1043
20089,988,1044
20090,987,1042
20091,986,1037
20092,985,1034
20093,983,1036
20094,988,1039
20095,990,1040
20096,990,1037
20097,989,1036
20098,984,1036
20099,984,1037
20100,986,1040
20101,991,1043
20102,992,1043
20103,990,1041
20104,987,1039
20105,986,1041
20106,987,1041
20107,991,1046
20108,988,1043
20109,989,1040
20110,989,1039
20111,987,1044
20112,990,1045
20113,988,1047
20114,990,1045
20115,988,1039
20116,985,1039
20117,983,1043
20118,984,1045
20119,988,1048
20120,988,1049
20121,987,1045
20122,987,1043
20123,985,1043
20124,990,1045
20125,988,1045
20126,988,1046
20127,983,1041
20128,985,1040
20129,984,1041
20130,986,1042
20131,991,1047
20132,990,1045
20133,992,1043
20134,992,1039
20135,992,1039
20136,996,1037
20137,1006,1037
20138,1018,1033
20139,1034,1027
20140,1052,1026
20141,1080,1023
20142,1120,1019
20143,1163,1010
20144,1210,1001
20145,1249,998
20146,1282,1002
20147,1312,1016
20148,1328,1033
20149,1319,1047
20150,1275,1048
20151,1205,1048
20152,1129,1056
20153,1053,1066
20154,992,1071
20155,956,1073
20156,956,1067
20157,968,1055
20158,982,1046
20159,987,1040
20160,988,1040
20161,987,1040
20162,985,1041
20163,983,1036
20164,978,1034
20165,978,1037
20166,979,1039
20167,981,1043
20168,981,1038
20169,980,1038
20170,973,1039
20171,974,1039
20172,977,1041
20173,978,1042
20174,978,1041
20175,976,1039
20176,973,1041
20177,972,1040
20178,974,1046
20179,975,1047
20180,977,1047
20181,974,1044
20182,973,1041
20183,971,1045
20184,973,1047
20185,977,1050
20186,977,1048
20187,972,1044
20188,972,1043
20189,974,1046
20190,975,1048
20191,977,1050
20192,981,1048
20193,976,1045
20194,973,1040
20195,973,1042
20196,979,1044
20197,979,1046
20198,982,1045
20199,982,1043
20200,976,1041
20201,976,1043
20202,977,1043
20203,983,1047
20204,982,1043
20205,979,1039
20206,976,1040
20207,976,1035
20208,979,1041
20209,983,1041
20210,981,1038
20211,982,1035
20212,979,1033
20213,982,1034
20214,987,1034
20215,989,1037
20216,990,1036
20217,991,1031
20218,991,1027
20219,990,1027
20220,993,1027
20221,998,1027
20222,1000,1023
20223,999,1021
20224,999,1022
20225,999,1020
20226,1001,1020
20227,1004,1023
20228,1006,1022
20229,1007,1019
20230,1006,1016
20231,1009,1018
20232,1008,1018
20233,1013,1018
20234,1015,1017
20235,1014,1017
20236,1016,1015
20237,1015,1016
20238,1018,1017
20239,1023,1019
20240,1025,1017
20241,1022,1012
20242,1021,1013
20243,1024,1014
20244,1026,1020
20245,1029,1021
20246,1030,1020
20247,1026,1023
20248,1025,1021
20249,1023,1024
20250,1023,1029
20251,1025,1029
20252,1027,1030
20253,1023,1029
20254,1016,1031
20255,1017,1031
20256,1015,1035
20257,1017,1040
20258,1010,1037
20259,1008,1038
20260,1004,1037
20261,1002,1038
20262,1002,1041
20263,1003,1044
20264,1003,1044
20265,1000,1040
20266,996,1041
20267,989,1042
20268,994,1045
20269,989,1050
20270,993,1047
20271,992,1044
20272,992,1046
20273,996,1047
20274,1001,1048
20275,1002,1052
20276,1006,1048
20277,1011,1044
20278,1014,1040
20279,1020,1038
20280,1035,1036
20281,1056,1032
20282,1071,1023
20283,1088,1014
20284,1103,1003
20285,1122,995
20286,1148,985
20287,1178,974
20288,1204,953
20289,1228,929
20290,1252,911
20291,1275,898
20292,1297,881
20293,1312,867
20294,1317,855
20295,1307,841
20296,1290,827
20297,1269,819
20298,1261,822
20299,1260,826
20300,1256,824
20301,1237,822
20302,1212,823
20303,1189,825
20304,1172,834
20305,1160,846
20306,1146,855
20307,1130,864
20308,1117,871
20309,1116,883
20310,1115,898
20311,1100,916
20312,1075,930
20313,1032,950
20314,990,976
20315,963,1004
20316,954,1031
20317,958,1050
20318,955,1061
20319,950,1061
20320,938,1063
20321,935,1066
20322,933,1072
20323,934,1077
20324,930,1080
20325,927,1078
20326,921,1076
20327,916,1080
20328,917,1083
20329,919,1087
20330,915,1086
20331,911,1087
20332,905,1088
20333,905,1090
20334,903,1095
20335,906,1097
20336,906,1096
20337,904,1094
20338,898,1097
20339,894,1099
20340,896,1103
20341,898,1103
20342,899,1105
20343,895,1104
20344,891,1104
20345,889,1105
20346,890,1111
20347,891,1113
20348,890,1108
20349,887,1108
20350,880,1107
20351,879,1111
20352,884,1114
20353,885,1116
20354,884,1115
20355,878,1112
20356,876,1115
20357,873,1119
20358,874,1124
20359,880,1126
20360,879,1126
20361,875,1125
20362,871,1124
20363,871,1126
20364,873,1131
20365,875,1134
20366,873,1135
20367,872,1135
20368,867,1136
20369,866,1136
20370,868,1141
20371,871,1144
20372,872,1144
20373,873,1140
20374,868,1141
20375,868,1141
20376,871,1148
20377,875,1149
20378,876,1148
20379,876,1145
20380,876,1147
20381,875,1150
20382,880,1151
20383,884,1155
20384,885,1153
20385,887,1148
20386,885,1150
20387,887,1149
20388,893,1152
20389,900,1152
20390,903,1148
20391,905,1140
20392,906,1135
20393,909,1136
20394,920,1136
20395,926,1131
20396,929,1129
20397,930,1122
20398,930,1116
20399,933,1113
20400,940,1113
20401,948,1109
20402,949,1102
20403,952,1095
20404,952,1092
20405,955,1085
20406,963,1084
20407,967,1083
20408,971,1078
20409,971,1068
20410,966,1064
20411,971,1064
20412,973,1065
20413,972,1064
20414,975,1059
20415,977,1054
20416,977,1053
20417,974,1053
20418,974,1054
20419,978,1053
20420,978,1050
20421,975,1048
20422,971,1046
20423,970,1047
20424,973,1050
20425,978,1051
20426,981,1049
20427,976,1047
20428,973,1045
20429,970,1047
20430,974,1049
20431,977,1050
20432,980,1047
20433,975,1045
20434,968,1046
20435,967,1050
20436,970,1049
20437,973,1053
20438,975,1051
20439,974,1051
20440,971,1048
20441,969,1048
20442,970,1054
20443,976,1053
20444,977,1049
20445,976,1048
20446,974,1046
20447,974,1048
20448,977,1048
20449,978,1051
20450,978,1047
20451,971,1046
20452,970,1044
20453,970,1045
20454,975,1048
20455,977,1049
20456,977,1045
20457,974,1043
20458,970,1043
20459,971,1044
20460,971,1048
20461,976,1049
20462,976,1047
20463,976,1045
20464,973,1042
20465,974,1045
20466,978,1049
20467,977,1048
20468,978,1048
20469,978,1044
20470,972,1044
20471,972,1045
20472,974,1047
20473,982,1050
20474,978,1048
20475,977,1046
20476,972,1044
20477,973,1045
20478,976,1050
20479,978,1051
20480,973,1051
20481,972,1048
20482,968,1047
20483,972,1048
20484,972,1052
20485,974,1055
20486,973,1052
20487,974,1051
20488,972,1049
20489,968,1049
20490,970,1048
20491,970,1050
20492,969,1050
20493,966,1047
20494,962,1045
20495,964,1046
20496,968,1046
20497,971,1048
20498,974,1044
20499,972,1041
20500,970,1043
20501,967,1043
20502,967,1044
20503,972,1050
20504,971,1046
20505,966,1043
20506,962,1043
20507,963,1043
20508,967,1046
20509,972,1046
20510,973,1044
20511,970,1042
20512,968,1039
20513,965,1040
20514,967,1043
20515,974,1045
20516,970,1043
20517,969,1042
20518,964,1040
20519,962,1041
20520,966,1042
20521,973,1042
20522,972,1042
20523,967,1040
20524,963,1037
20525,966,1040
20526,969,1041
20527,974,1044
20528,972,1044
20529,970,1042
20530,969,1039
20531,969,1043
20532,970,1044
20533,972,1048
20534,969,1046
20535,968,1042
20536,966,1042
20537,966,1044
20538,966,1047
20539,974,1048
20540,972,1047
20541,970,1046
20542,969,1046
20543,970,1050
20544,974,1053
20545,976,1054
20546,975,1056
20547,973,1054
20548,974,1049
20549,973,1049
20550,975,1050
20551,977,1049
20552,976,1044
20553,975,1040
20554,971,1037
20555,972,1041
20556,975,1041
20557,977,1043
20558,976,1038
20559,970,1037
20560,969,1036
20561,969,1037
20562,970,1042
20563,973,1043
20564,975,1041
20565,973,1035
20566,969,1034
20567,971,1036
20568,973,1037
20569,978,1041
20570,976,1042
20571,974,1036
20572,968,1038
20573,969,1039
20574,971,1042
20575,976,1041
20576,976,1041
20577,973,1038
20578,970,1039
20579,967,1039
20580,970,1045
20581,971,1044
20582,973,1043
20583,971,1040
20584,969,1036
20585,968,1040
20586,970,1041
20587,972,1042
20588,971,1039
20589,970,1037
20590,967,1035
20591,968,1039
20592,968,1044
20593,971,1044
20594,973,1044
20595,972,1042
20596,968,1041
20597,967,1045
20598,970,1047
20599,972,1046
20600,971,1048
20601,968,1047
20602,966,1044
20603,967,1046
20604,970,1049
20605,975,1049
20606,975,1043
20607,974,1040
20608,972,1040
20609,977,1041
20610,979,1045
20611,981,1044
20612,980,1043
20613,974,1040
20614,972,1041
20615,972,1040
20616,978,1042
20617,980,1045
20618,980,1043
20619,979,1044
20620,978,1039
20621,978,1040
20622,979,1044
20623,982,1043
20624,983,1042
20625,983,1040
20626,980,1040
20627,980,1041
20628,978,1044
20629,982,1043
20630,983,1041
20631,983,1041
20632,980,1037
20633,982,1041
20634,982,1045
20635,986,1044
20636,986,1043
20637,981,1041
20638,979,1039
20639,983,1038
20640,988,1037
20641,996,1035
20642,1003,1031
20643,1015,1028
20644,1028,1026
20645,1049,1024
20646,1078,1025
20647,1119,1020
20648,1156,1009
20649,1194,998
20650,1230,999
20651,1267,1004
20652,1302,1018
20653,1316,1033
20654,1303,1039
20655,1261,1041
20656,1202,1043
20657,1139,1049
20658,1081,1060
20659,1024,1065
20660,969,1066
20661,944,1063
20662,943,1060
20663,958,1056
20664,974,1052
20665,983,1048
20666,983,1043
20667,976,1044
20668,972,1041
20669,971,1042
20670,974,1045
20671,975,1047
20672,973,1047
20673,973,1044
20674,968,1040
20675,966,1042
20676,969,1045
20677,970,1045
20678,966,1043
20679,964,1042
20680,962,1040
20681,960,1041
20682,962,1042
20683,962,1043
20684,965,1039
20685,964,1037
20686,961,1035
20687,960,1039
20688,963,1042
20689,963,1040
20690,964,1041
20691,963,1037
20692,963,1036
20693,963,1039
20694,963,1042
20695,968,1046
20696,966,1043
20697,964,1042
20698,961,1040
20699,959,1041
20700,962,1043
20701,963,1044
20702,964,1043
20703,963,1040
20704,963,1041
20705,965,1041
20706,966,1043
20707,971,1045
20708,972,1044
20709,969,1042
20710,965,1042
20711,966,1042
20712,970,1046
20713,973,1046
20714,974,1045
20715,970,1043
20716,968,1041
20717,964,1042
20718,970,1046
20719,976,1046
20720,977,1042
20721,975,1039
20722,977,1036
20723,974,1039
20724,976,1037
20725,978,1039
20726,978,1036
20727,975,1032
20728,975,1029
20729,974,1031
20730,978,1033
20731,980,1033
20732,983,1030
20733,979,1026
20734,980,1024
20735,982,1024
20736,984,1026
20737,987,1027
20738,991,1026
20739,986,1022
20740,981,1021
20741,981,1022
20742,985,1023
20743,990,1025
20744,992,1022
20745,991,1022
20746,992,1021
20747,993,1022
20748,998,1024
20749,998,1025
20750,1000,1024
20751,1002,1023
20752,998,1020
20753,1002,1019
20754,1008,1023
20755,1013,1023
20756,1016,1021
20757,1014,1020
20758,1014,1016
20759,1013,1019
20760,1016,1023
20761,1022,1022
20762,1021,1018
20763,1023,1017
20764,1020,1017
20765,1019,1020
20766,1020,1023
20767,1023,1023
20768,1025,1024
20769,1021,1024
20770,1018,1022
20771,1016,1026
20772,1015,1028
20773,1016,1030
20774,1014,1030
20775,1009,1028
20776,1005,1034
20777,1004,1034
20778,1004,1040
20779,1006,1040
20780,1003,1036
20781,1000,1036
20782,993,1037
20783,994,1036
20784,992,1041
20785,996,1041
20786,991,1040
20787,987,1037
20788,982,1039
20789,983,1043
20790,988,1046
20791,991,1045
20792,989,1045
20793,986,1045
20794,984,1046
20795,984,1047
20796,986,1048
20797,991,1046
20798,988,1046
20799,986,1043
20800,983,1042
20801,986,1046
20802,988,1048
20803,991,1045
20804,989,1045
20805,985,1043
20806,982,1041
20807,982,1043
20808,987,1046
20809,989,1049
20810,988,1047
20811,989,1046
20812,985,1044
20813,989,1044
20814,992,1046
20815,994,1046
20816,995,1042
20817,992,1041
20818,989,1038
20819,988,1043
20820,990,1046
20821,992,1044
20822,992,1044
20823,992,1041
20824,987,1039
20825,985,1041
20826,990,1045
20827,993,1043
20828,994,1039
20829,990,1038
20830,987,1036
20831,987,1039
20832,989,1042
20833,991,1042
20834,989,1039
20835,986,1038
20836,985,1036
20837,983,1039
20838,985,1040
20839,987,1041
20840,989,1040
20841,988,1036
20842,986,1037
20843,985,1037
20844,987,1043
20845,989,1041
20846,986,1040
20847,989,1038
20848,986,1037
20849,986,1041
20850,988,1043
20851,990,1043
20852,987,1041
20853,984,1040
20854,986,1039
20855,985,1039
20856,987,1043
20857,990,1043
20858,987,1039
20859,985,1037
20860,984,1035
20861,985,1036
20862,986,1039
20863,989,1039
20864,988,1040
20865,983,1038
20866,982,1034
20867,980,1037
20868,982,1040
20869,983,1041
20870,983,1039
20871,979,1039
20872,979,1039
20873,979,1041
20874,983,1042
20875,985,1043
20876,982,1042
20877,980,1041
20878,976,1038
20879,976,1040
20880,980,1041
20881,983,1043
20882,984,1041
20883,984,1037
20884,980,1037
20885,980,1038
20886,984,1040
20887,987,1043
20888,985,1041
20889,980,1039
20890,982,1038
20891,980,1043
20892,980,1044
20893,986,1044
20894,987,1044
20895,987,1042
20896,984,1039
20897,986,1039
20898,988,1039
20899,1002,1036
20900,1006,1031
20901,1015,1028
20902,1023,1026
20903,1039,1027
20904,1065,1028
20905,1096,1026
20906,1133,1017
20907,1176,1005
20908,1218,1001
20909,1256,1001
20910,1294,1011
20911,1320,1023
20912,1323,1034
20913,1303,1038
20914,1260,1038
20915,1199,1040
20916,1136,1050
20917,1072,1060
20918,999,1069
20919,947,1071
20920,923,1073
20921,926,1073
20922,939,1068
20923,957,1057
20924,962,1046
20925,968,1041
20926,966,1037
20927,963,1036
20928,971,1038
20929,973,1039
20930,969,1036
20931,969,1036
20932,963,1035
20933,963,1037
20934,964,1042
20935,968,1041
20936,968,1039
20937,964,1040
20938,961,1038
20939,961,1041
20940,963,1044
20941,963,1045
20942,964,1043
20943,962,1038
20944,959,1038
20945,962,1040
20946,964,1042
20947,968,1044
20948,966,1044
20949,965,1040
20950,963,1042
20951,963,1042
20952,965,1047
20953,967,1049
20954,968,1046
20955,966,1041
20956,962,1043
20957,964,1044
20958,968,1044
20959,970,1046
20960,971,1042
20961,969,1041
20962,968,1041
20963,964,1042
20964,963,1045
20965,963,1045
20966,966,1045
20967,966,1042
20968,961,1038
20969,962,1038
20970,966,1040
20971,967,1041
20972,968,1038
20973,967,1034
20974,966,1034
20975,966,1032
20976,969,1034
20977,973,1032
20978,976,1030
20979,972,1027
20980,969,1026
20981,970,1027
20982,974,1028
20983,979,1029
20984,981,1025
20985,976,1023
20986,976,1023
20987,976,1024
20988,979,1022
20989,986,1022
20990,986,1019
20991,988,1016
20992,984,1012
20993,985,1016
20994,988,1018
20995,994,1017
20996,990,1016
20997,987,1012
20998,987,1010
20999,987,1011
21000,995,1011
21001,999,1010
21002,998,1007
21003,996,1002
21004,992,1001
21005,997,1003
21006,999,1003
21007,1004,1005
21008,1004,1003
21009,1000,1000
21010,996,1000
21011,997,1002
21012,999,1004
21013,1007,1005
21014,1007,1003
21015,1003,1000
21016,1000,1000
21017,998,1003
21018,999,1009
21019,1003,1010
21020,1003,1008
21021,1000,1009
21022,995,1013
21023,995,1015
21024,995,1021
21025,996,1024
21026,993,1024
21027,988,1024
21028,983,1026
21029,984,1032
21030,985,1034
21031,984,1035
21032,983,1038
21033,981,1036
21034,976,1037
21035,978,1046
21036,974,1047
21037,979,1049
21038,977,1048
21039,975,1050
21040,973,1049
21041,972,1053
21042,974,1055
21043,975,1055
21044,973,1056
21045,973,1052
21046,971,1052
21047,971,1054
21048,971,1058
21049,977,1056
21050,976,1054
21051,975,1052
21052,972,1049
21053,974,1051
21054,974,1053
21055,979,1054
21056,975,1050
21057,972,1045
21058,973,1045
21059,973,1048
21060,974,1048
21061,973,1049
21062,977,1046
21063,976,1041
21064,971,1041
21065,971,1041
21066,976,1041
21067,978,1041
21068,976,1041
21069,974,1038
21070,971,1037
21071,970,1041
21072,974,1043
21073,977,1038
21074,976,1039
21075,973,1033
21076,970,1037
21077,973,1038
21078,975,1039
21079,977,1039
21080,976,1039
21081,973,1037
21082,968,1036
21083,969,1039
21084,973,1039
21085,976,1041
21086,976,1039
21087,972,1038
21088,970,1037
21089,970,1042
21090,975,1043
21091,977,1044
21092,981,1042
21093,978,1039
21094,976,1038
21095,975,1039
21096,974,1043
21097,974,1043
21098,976,1043
21099,973,1040
21100,970,1040
21101,972,1043
21102,977,1045
21103,982,1044
21104,978,1041
21105,970,1038
21106,968,1038
21107,970,1040
21108,972,1042
21109,972,1045
21110,973,1042
21111,967,1038
21112,967,1038
21113,969,1041
21114,973,1043
21115,976,1043
21116,976,1039
21117,971,1036
21118,970,1037
21119,971,1039
21120,973,1040
21121,976,1039
21122,973,1038
21123,971,1034
21124,966,1034
21125,967,1037
21126,969,1040
21127,971,1040
21128,970,1037
21129,966,1037
21130,963,1035
21131,964,1038
21132,969,1041
21133,973,1040
21134,972,1042
21135,970,1036
21136,970,1036
21137,972,1039
21138,974,1041
21139,975,1044
21140,975,1044
21141,975,1040
21142,969,1042
21143,967,1043
21144,973,1044
21145,978,1044
21146,979,1042
21147,970,1040
21148,967,1041
21149,968,1045
21150,971,1046
21151,974,1046
21152,974,1045
21153,972,1043
21154,970,1042
21155,970,1047
21156,973,1047
21157,976,1047
21158,972,1046
21159,969,1045
21160,968,1045
21161,969,1047
21162,970,1046
21163,971,1047
21164,966,1045
21165,966,1042
21166,964,1040
21167,972,1041
21168,975,1043
21169,976,1041
21170,974,1038
21171,971,1035
21172,969,1032
21173,970,1036
21174,972,1038
21175,975,1037
21176,976,1034
21177,973,1032
21178,970,1029
21179,968,1031
21180,970,1035
21181,971,1037
21182,973,1033
21183,972,1032
21184,971,1031
21185,970,1033
21186,970,1037
21187,971,1036
21188,967,1037
21189,964,1034
21190,963,1033
21191,967,1035
21192,973,1039
21193,974,1040
21194,975,1033
21195,973,1033
21196,973,1034
21197,972,1036
21198,977,1040
21199,976,1040
21200,978,1038
21201,977,1035
21202,974,1034
21203,971,1038
21204,974,1040
21205,979,1043
21206,979,1039
21207,977,1037
21208,976,1036
21209,977,1041
21210,982,1044
21211,981,1045
21212,982,1043
21213,976,1038
21214,973,1039
21215,972,1041
21216,977,1044
21217,981,1046
21218,978,1044
21219,976,1040
21220,974,1036
21221,978,1034
21222,978,1039
21223,980,1039
21224,981,1035
21225,979,1038
21226,979,1039
21227,978,1038
21228,982,1039
21229,986,1038
21230,993,1033
21231,995,1029
21232,999,1025
21233,1015,1027
21234,1030,1027
21235,1055,1024
21236,1084,1020
21237,1114,1010
21238,1149,1000
21239,1187,999
21240,1224,1002
21241,1266,1006
21242,1296,1016
21243,1314,1026
21244,1307,1035
21245,1278,1041
21246,1225,1043
21247,1174,1047
21248,1109,1054
21249,1047,1060
21250,985,1067
21251,947,1071
21252,938,1074
21253,944,1069
21254,960,1059
21255,970,1048
21256,972,1041
21257,972,1043
21258,973,1043
21259,972,1044
21260,972,1043
21261,968,1039
21262,963,1038
21263,962,1040
21264,966,1040
21265,968,1038
21266,967,1035
21267,962,1031
21268,960,1033
21269,957,1034
21270,962,1036
21271,966,1035
21272,965,1036
21273,963,1033
21274,960,1034
21275,958,1036
21276,961,1036
21277,962,1036
21278,959,1035
21279,959,1035
21280,955,1035
21281,958,1036
21282,961,1042
21283,964,1040
21284,964,1039
21285,961,1033
21286,961,1036
21287,958,1036
21288,961,1040
21289,965,1042
21290,962,1039
21291,961,1035
21292,960,1038
21293,959,1040
21294,965,1042
21295,967,1044
21296,968,1040
21297,964,1041
21298,964,1039
21299,962,1043
21300,965,1045
21301,967,1046
21302,966,1042
21303,962,1042
21304,959,1042
21305,964,1043
21306,966,1045
21307,971,1046
21308,969,1045
21309,969,1042
21310,964,1041
21311,967,1043
21312,969,1044
21313,973,1043
21314,970,1038
21315,966,1036
21316,968,1038
21317,969,1040
21318,972,1042
21319,978,1040
21320,979,1037
21321,982,1034
21322,980,1030
21323,981,1033
21324,985,1035
21325,987,1033
21326,986,1031
21327,985,1028
21328,987,1024
21329,989,1026
21330,989,1027
21331,997,1027
21332,1000,1025
21333,997,1020
21334,996,1018
21335,996,1021
21336,997,1019
21337,1002,1017
21338,1002,1016
21339,1001,1014
21340,998,1014
21341,1002,1014
21342,1007,1016
21343,1009,1016
21344,1011,1015
21345,1005,1011
21346,1003,1012
21347,1010,1015
21348,1012,1018
21349,1015,1017
21350,1014,1017
21351,1013,1015
21352,1011,1017
21353,1009,1021
21354,1011,1022
21355,1013,1023
21356,1013,1021
21357,1011,1019
21358,1008,1019
21359,1005,1025
21360,1005,1027
21361,1008,1029
21362,1004,1030
21363,1002,1028
21364,997,1033
21365,995,1032
21366,997,1039
21367,997,1039
21368,995,1039
21369,989,1037
21370,986,1035
21371,985,1038
21372,989,1042
21373,989,1043
21374,988,1043
21375,982,1044
21376,981,1043
21377,979,1047
21378,980,1046
21379,984,1049
21380,984,1046
21381,980,1044
21382,977,1048
21383,979,1045
21384,981,1050
21385,982,1050
21386,979,1048
21387,976,1045
21388,976,1046
21389,978,1046
21390,982,1049
21391,982,1049
21392,982,1048
21393,982,1045
21394,979,1044
21395,976,1050
21396,976,1049
21397,983,1051
21398,982,1046
21399,980,1048
21400,975,1052
21401,978,1057
21402,983,1060
21403,987,1060
21404,988,1058
21405,987,1055
21406,984,1054
21407,984,1057
21408,988,1057
21409,993,1056
21410,986,1055
21411,984,1053
21412,981,1050
21413,982,1054
21414,986,1055
21415,990,1054
21416,990,1052
21417,985,1050
21418,981,1050
21419,983,1051
21420,987,1054
21421,991,1051
21422,989,1051
21423,988,1046
21424,982,1047
21425,984,1048
21426,985,1050
21427,986,1052
21428,985,1050
21429,984,1049
21430,981,1047
21431,983,1051
21432,986,1053
21433,984,1051
21434,984,1050
21435,983,1045
21436,980,1046
21437,982,1049
21438,982,1051
21439,986,1050
21440,985,1049
21441,983,1045
21442,977,1044
21443,979,1046
21444,981,1047
21445,985,1047
21446,984,1044
21447,982,1043
21448,981,1042
21449,982,1043
21450,984,1050
21451,988,1047
21452,987,1045
21453,981,1042
21454,980,1041
21455,980,1043
21456,984,1044
21457,984,1044
21458,985,1042
21459,979,1041
21460,978,1041
21461,979,1043
21462,983,1047
21463,986,1047
21464,985,1046
21465,982,1043
21466,979,1042
21467,982,1043
21468,984,1044
21469,985,1046
21470,983,1044
21471,981,1040
21472,978,1041
21473,978,1041
21474,981,1044
21475,985,1046
21476,985,1043
21477,983,1038
21478,985,1036
21479,992,1035
21480,1008,1039
21481,1022,1038
21482,1042,1037
21483,1063,1031
21484,1093,1029
21485,1137,1021
21486,1186,1017
21487,1229,1012
21488,1272,1009
21489,1303,1017
21490,1320,1034
21491,1312,1043
21492,1285,1051
21493,1229,1048
21494,1157,1054
21495,1083,1064
21496,1011,1071
21497,954,1082
21498,926,1088
21499,931,1082
21500,947,1071
21501,958,1058
21502,966,1051
21503,966,1051
21504,972,1052
21505,972,1051
21506,969,1046
21507,966,1046
21508,965,1045
21509,962,1047
21510,965,1048
21511,964,1047
21512,962,1048
21513,961,1046
21514,960,1045
21515,960,1046
21516,962,1053
21517,965,1049
21518,964,1049
21519,959,1047
21520,955,1047
21521,956,1049
21522,962,1052
21523,967,1052
21524,965,1051
21525,963,1048
21526,960,1049
21527,960,1052
21528,963,1053
21529,963,1052
21530,961,1049
21531,959,1044
21532,957,1045
21533,957,1044
21534,956,1045
21535,962,1046
21536,960,1042
21537,961,1042
21538,959,1043
21539,959,1044
21540,958,1044
21541,963,1044
21542,961,1040
21543,961,1037
21544,957,1038
21545,961,1040
21546,960,1040
21547,965,1041
21548,967,1041
21549,965,1038
21550,961,1037
21551,962,1039
21552,965,1044
21553,971,1042
21554,971,1038
21555,972,1037
21556,971,1035
21557,974,1037
21558,974,1037
21559,976,1036
21560,977,1031
21561,975,1028
21562,973,1027
21563,977,1027
21564,980,1030
21565,984,1027
21566,987,1024
21567,985,1022
21568,985,1018
21569,985,1024
21570,986,1021
21571,992,1019
21572,992,1019
21573,989,1016
21574,989,1014
21575,989,1016
21576,994,1017
21577,997,1019
21578,998,1014
21579,997,1010
21580,995,1009
21581,995,1009
21582,999,1010
21583,1004,1010
21584,1006,1007
21585,1004,1005
21586,1003,1006
21587,1003,1008
21588,1004,1011
21589,1007,1011
21590,1005,1013
21591,1002,1013
21592,997,1016
21593,999,1020
21594,999,1024
21595,999,1025
21596,999,1026
21597,994,1029
21598,987,1031
21599,986,1035
21600,986,1039
21601,990,1039
21602,987,1038
21603,982,1040
21604,980,1044
21605,979,1048
21606,982,1050
21607,978,1051
21608,976,1051
21609,973,1048
21610,968,1050
21611,968,1056
21612,972,1057
21613,975,1056
21614,971,1056
21615,968,1055
21616,964,1054
21617,963,1055
21618,964,1056
21619,966,1055
21620,964,1056
21621,964,1052
21622,962,1050
21623,960,1049
21624,961,1051
21625,966,1049
21626,966,1049
21627,967,1046
21628,963,1046
21629,963,1044
21630,968,1048
21631,971,1048
21632,972,1045
21633,969,1042
21634,968,1043
21635,969,1045
21636,971,1049
21637,973,1049
21638,971,1049
21639,969,1045
21640,967,1046
21641,968,1048
21642,969,1051
21643,976,1048
21644,975,1047
21645,974,1042
21646,972,1045
21647,974,1045
21648,975,1048
21649,974,1052
21650,972,1048
21651,972,1046
21652,970,1049
21653,968,1049
21654,972,1050
21655,977,1049
21656,974,1049
21657,970,1047
21658,969,1050
21659,970,1053
21660,972,1055
21661,974,1054
21662,974,1050
21663,968,1048
21664,967,1048
21665,966,1052
21666,969,1059
21667,969,1056
21668,969,1052
21669,968,1051
21670,961,1047
21671,966,1048
21672,970,1051
21673,969,1051
21674,968,1045
21675,968,1045
21676,967,1043
21677,969,1046
21678,973,1046
21679,973,1048
21680,973,1044
21681,970,1042
21682,969,1043
21683,968,1044
21684,974,1046
21685,974,1048
21686,970,1045
21687,968,1040
21688,965,1043
21689,966,1046
21690,971,1047
21691,970,1047
21692,968,1046
21693,966,1047
21694,964,1045
21695,968,1047
21696,970,1049
21697,972,1051
21698,971,1048
21699,969,1045
21700,967,1047
21701,967,1050
21702,967,1054
21703,972,1055
21704,972,1056
21705,968,1052
21706,965,1050
21707,967,1055
21708,967,1057
21709,969,1057
21710,969,1057
21711,968,1053
21712,969,1052
21713,967,1057
21714,968,1057
21715,971,1058
21716,968,1059
21717,969,1053
21718,966,1051
21719,967,1050
21720,971,1051
21721,973,1048
21722,971,1047
21723,966,1043
21724,962,1043
21725,968,1045
21726,969,1045
21727,970,1045
21728,970,1043
21729,969,1039
21730,967,1038
21731,967,1040
21732,968,1043
21733,972,1043
21734,973,1041
21735,972,1038
21736,970,1040
21737,970,1041
21738,972,1042
21739,975,1044
21740,973,1042
21741,972,1038
21742,972,1038
21743,978,1038
21744,983,1038
21745,990,1038
21746,997,1031
21747,1006,1030
21748,1024,1029
21749,1052,1028
21750,1082,1028
21751,1115,1021
21752,1153,1007
21753,1191,1000
21754,1228,999
21755,1265,1006
21756,1294,1026
21757,1305,1041
21758,1280,1046
21759,1228,1048
21760,1163,1053
21761,1094,1065
21762,1030,1080
21763,975,1084
21764,939,1082
21765,932,1077
21766,946,1072
21767,963,1064
21768,974,1058
21769,975,1054
21770,972,1048
21771,964,1043
21772,966,1042
21773,968,1042
21774,970,1048
21775,970,1045
21776,968,1044
21777,962,1041
21778,961,1040
21779,962,1040
21780,964,1045
21781,964,1044
21782,966,1043
21783,961,1041
21784,955,1042
21785,955,1044
21786,956,1048
21787,957,1047
21788,955,1046
21789,953,1042
21790,952,1044
21791,950,1045
21792,953,1051
21793,958,1051
21794,961,1050
21795,957,1046
21796,957,1047
21797,953,1050
21798,957,1050
21799,960,1055
21800,958,1051
21801,957,1048
21802,956,1051
21803,959,1054
21804,959,1052
21805,960,1051
21806,958,1051
21807,956,1050
21808,959,1050
21809,957,1050
21810,961,1054
21811,963,1052
21812,960,1050
21813,958,1048
21814,957,1046
21815,957,1047
21816,963,1047
21817,969,1046
21818,968,1046
21819,963,1039
21820,964,1036
21821,969,1038
21822,971,1039
21823,973,1037
21824,974,1032
21825,975,1029
21826,971,1028
21827,975,1028
21828,976,1027
21829,980,1027
21830,981,1025
21831,982,1022
21832,982,1022
21833,983,1021
21834,985,1023
21835,984,1023
21836,987,1020
21837,989,1013
21838,988,1016
21839,992,1015
21840,995,1019
21841,996,1018
21842,998,1017
21843,995,1010
21844,993,1009
21845,997,1012
21846,1002,1014
21847,1006,1013
21848,1005,1013
21849,1002,1013
21850,1002,1015
21851,1006,1017
21852,1009,1019
21853,1011,1020
21854,1005,1020
21855,1005,1020
21856,1003,1022
21857,1006,1025
21858,1004,1029
21859,1002,1030
21860,1001,1030
21861,1001,1028
21862,996,1030
21863,996,1035
21864,994,1038
21865,988,1039
21866,992,1038
21867,987,1038
21868,987,1041
21869,985,1043
21870,981,1047
21871,981,1050
21872,979,1046
21873,974,1047
21874,975,1046
21875,977,1046
21876,979,1047
21877,977,1053
21878,973,1053
21879,971,1049
21880,963,1050
21881,962,1052
21882,966,1056
21883,970,1053
21884,970,1053
21885,966,1048
21886,962,1049
21887,964,1053
21888,967,1056
21889,973,1056
21890,970,1052
21891,968,1051
21892,967,1052
21893,970,1056
21894,972,1057
21895,974,1055
21896,974,1051
21897,972,1050
21898,970,1047
21899,974,1052
21900,977,1054
21901,980,1051
21902,975,1049
21903,969,1045
21904,969,1048
21905,971,1047
21906,975,1051
21907,977,1049
21908,977,1047
21909,969,1043
21910,968,1043
21911,971,1044
21912,974,1046
21913,978,1044
21914,977,1044
21915,974,1040
21916,973,1043
21917,972,1043
21918,976,1045
21919,976,1044
21920,977,1042
21921,971,1042
21922,971,1041
21923,970,1044
21924,972,1048
21925,973,1048
21926,974,1046
21927,970,1043
21928,969,1048
21929,970,1049
21930,969,1052
21931,972,1053
21932,977,1056
21933,972,1053
21934,967,1054
21935,969,1059
21936,969,1063
21937,970,1061
21938,972,1059
21939,971,1052
21940,968,1052
21941,970,1053
21942,969,1055
21943,979,1055
21944,980,1047
21945,976,1045
21946,974,1046
21947,969,1049
21948,971,1050
21949,977,1051
21950,979,1048
21951,977,1046
21952,975,1045
21953,975,1048
21954,975,1053
21955,979,1049
21956,978,1048
21957,976,1045
21958,974,1046
21959,975,1050
21960,980,1050
21961,974,1048
21962,977,1047
21963,976,1043
21964,977,1047
21965,977,1047
21966,978,1050
21967,979,1046
21968,980,1042
21969,985,1037
21970,997,1037
21971,1006,1036
21972,1023,1037
21973,1044,1033
21974,1073,1030
21975,1108,1019
21976,1147,1011
21977,1193,1005
21978,1239,1012
21979,1276,1022
21980,1293,1039
21981,1286,1047
21982,1246,1051
21983,1182,1051
21984,1112,1065
21985,1038,1079
21986,975,1087
21987,929,1090
21988,919,1088
21989,936,1082
21990,955,1070
21991,970,1059
21992,971,1050
21993,970,1042
21994,963,1042
21995,964,1044
21996,964,1046
21997,966,1047
21998,963,1043
21999,960,1042
22000,958,1043
22001,960,1045
22002,961,1049
22003,962,1048
22004,959,1045
22005,958,1043
22006,955,1044
22007,958,1047
22008,960,1048
22009,956,1049
22010,955,1045
22011,954,1042
22012,954,1044
22013,954,1048
22014,954,1051
22015,957,1050
22016,953,1047
22017,946,1046
22018,950,1046
22019,949,1051
22020,952,1053
22021,951,1051
22022,948,1052
22023,949,1049
22024,947,1050
22025,949,1054
22026,952,1057
22027,954,1051
22028,953,1050
22029,953,1047
22030,952,1048
22031,955,1050
22032,954,1053
22033,960,1052
22034,960,1047
22035,960,1043
22036,957,1044
22037,959,1045
22038,964,1046
22039,966,1045
22040,964,1040
22041,965,1035
22042,961,1031
22043,967,1033
22044,968,1035
22045,972,1034
22046,972,1031
22047,971,1027
22048,972,1022
22049,976,1024
22050,980,1026
22051,982,1022
22052,983,1019
22053,979,1016
22054,982,1014
22055,986,1017
22056,987,1019
22057,988,1015
22058,988,1011
22059,988,1012
22060,989,1011
22061,992,1012
22062,997,1015
22063,998,1014
22064,996,1009
22065,995,1006
22066,991,1005
22067,992,1008
22068,993,1010
22069,996,1009
22070,994,1009
22071,994,1005
22072,992,1007
22073,996,1012
22074,998,1016
22075,999,1016
22076,998,1015
22077,994,1018
22078,992,1021
22079,991,1024
22080,990,1026
22081,991,1027
22082,989,1028
22083,986,1028
22084,983,1033
22085,982,1037
22086,980,1042
22087,980,1042
22088,977,1041
22089,974,1040
22090,971,1041
22091,973,1049
22092,974,1050
22093,976,1050
22094,973,1050
22095,967,1048
22096,965,1051
22097,967,1051
22098,972,1058
22099,971,1056
22100,970,1056
22101,966,1055
22102,958,1056
22103,961,1058
22104,965,1062
22105,970,1061
22106,968,1059
22107,963,1059
22108,961,1061
22109,963,1062
22110,969,1068
22111,970,1065
22112,970,1060
22113,967,1058
22114,965,1057
22115,965,1059
22116,966,1066
22117,971,1067
22118,974,1064
22119,971,1060
22120,971,1058
22121,970,1059
22122,974,1061
22123,975,1059
22124,974,1055
22125,972,1051
22126,970,1051
22127,971,1052
22128,974,1053
22129,973,1052
22130,975,1048
22131,971,1045
22132,969,1047
22133,971,1050
22134,976,1052
22135,978,1050
22136,973,1049
22137,972,1046
22138,972,1046
22139,971,1049
22140,975,1053
22141,977,1051
22142,975,1052
22143,971,1051
22144,971,1049
22145,972,1051
22146,976,1053
22147,979,1053
22148,976,1054
22149,971,1051
22150,973,1053
22151,973,1053
22152,976,1054
22153,977,1054
22154,975,1052
22155,972,1052
22156,974,1053
22157,976,1057
22158,977,1059
22159,978,1057
22160,973,1057
22161,969,1052
22162,971,1053
22163,969,1055
22164,972,1058
22165,972,1057
22166,969,1055
22167,968,1056
22168,966,1055
22169,971,1056
22170,972,1059
22171,974,1057
22172,971,1051
22173,972,1051
22174,969,1047
22175,970,1051
22176,974,1053
22177,975,1049
22178,971,1045
22179,971,1046
22180,970,1050
22181,973,1050
22182,975,1055
22183,976,1050
22184,971,1050
22185,969,1048
22186,969,1048
22187,968,1050
22188,971,1052
22189,974,1053
22190,973,1053
22191,971,1051
22192,968,1050
22193,967,1051
22194,967,1055
22195,971,1056
22196,971,1052
22197,970,1051
22198,966,1052
22199,968,1054
22200,969,1058
22201,974,1053
22202,973,1055
22203,971,1052
22204,967,1054
22205,968,1056
22206,974,1060
22207,974,1059
22208,971,1058
22209,968,1055
22210,966,1053
22211,969,1056
22212,970,1059
22213,973,1058
22214,970,1055
22215,968,1053
22216,967,1052
22217,969,1055
22218,972,1058
22219,975,1059
22220,975,1054
22221,975,1049
22222,972,1048
22223,971,1047
22224,978,1050
22225,984,1042
22226,991,1035
22227,1001,1032
22228,1021,1031
22229,1042,1033
22230,1071,1032
22231,1105,1025
22232,1146,1012
22233,1182,999
22234,1220,999
22235,1260,1007
22236,1288,1024
22237,1302,1039
22238,1291,1044
22239,1250,1047
22240,1189,1052
22241,1125,1064
22242,1061,1078
22243,994,1080
22244,948,1082
22245,930,1074
22246,938,1070
22247,955,1065
22248,970,1059
22249,975,1052
22250,972,1048
22251,965,1046
22252,962,1047
22253,962,1047
22254,961,1054
22255,962,1052
22256,962,1048
22257,956,1046
22258,953,1047
22259,954,1053
22260,958,1056
22261,956,1055
22262,953,1049
22263,951,1047
22264,950,1042
22265,950,1046
22266,954,1054
22267,957,1048
22268,954,1045
22269,951,1044
22270,949,1043
22271,948,1047
22272,953,1048
22273,956,1046
22274,956,1045
22275,956,1045
22276,954,1047
22277,953,1053
22278,958,1055
22279,963,1054
22280,961,1052
22281,961,1050
22282,958,1052
22283,957,1052
22284,958,1054
22285,956,1051
22286,961,1049
22287,955,1047
22288,954,1045
22289,960,1050
22290,962,1052
22291,964,1050
22292,963,1048
22293,960,1048
22294,958,1046
22295,961,1047
22296,966,1050
22297,966,1047
22298,966,1045
22299,965,1043
22300,963,1042
22301,965,1043
22302,969,1047
22303,972,1041
22304,971,1039
22305,971,1038
22306,968,1037
22307,972,1040
22308,976,1039
22309,982,1039
22310,981,1032
22311,978,1029
22312,978,1028
22313,979,1030
22314,985,1030
22315,989,1028
22316,990,1023
22317,986,1019
22318,986,1017
22319,988,1018
22320,989,1019
22321,992,1017
22322,991,1015
22323,992,1012
22324,992,1013
22325,992,1012
22326,996,1015
22327,999,1013
22328,1003,1016
22329,1002,1012
22330,999,1014
22331,1004,1017
22332,1005,1018
22333,1008,1017
22334,1010,1016
22335,1007,1013
22336,1007,1016
22337,1009,1019
22338,1011,1024
22339,1012,1026
22340,1012,1023
22341,1006,1022
22342,1005,1025
22343,1004,1033
22344,1005,1037
22345,1004,1035
22346,998,1034
22347,996,1034
22348,996,1035
22349,996,1041
22350,992,1042
22351,993,1043
22352,987,1040
22353,984,1040
22354,982,1042
22355,983,1046
22356,985,1048
22357,981,1047
22358,976,1046
22359,971,1042
22360,970,1045
22361,969,1046
22362,971,1048
22363,972,1050
22364,971,1048
22365,968,1045
22366,967,1047
22367,967,1050
22368,971,1053
22369,972,1049
22370,972,1050
22371,972,1049
22372,972,1051
22373,977,1050
22374,982,1055
22375,990,1053
22376,993,1053
22377,996,1055
22378,995,1056
22379,1003,1062
22380,1015,1066
22381,1025,1064
22382,1034,1057
22383,1042,1047
22384,1053,1037
22385,1063,1027
22386,1075,1019
22387,1089,1007
22388,1103,994
22389,1115,978
22390,1123,965
22391,1143,950
22392,1162,934
22393,1182,912
22394,1197,894
22395,1215,877
22396,1229,866
22397,1242,857
22398,1244,856
22399,1240,853
22400,1233,850
22401,1226,846
22402,1222,845
22403,1211,847
22404,1201,847
22405,1179,843
22406,1152,844
22407,1124,846
22408,1099,855
22409,1074,867
22410,1052,879
22411,1035,892
22412,1022,903
22413,1012,911
22414,1007,925
22415,1005,940
22416,1004,950
22417,1000,959
22418,999,968
22419,1002,975
22420,1016,984
22421,1031,996
22422,1047,1004
22423,1056,1008
22424,1050,1015
22425,1025,1023
22426,999,1033
22427,968,1045
22428,952,1055
22429,939,1062
22430,931,1070
22431,926,1077
22432,923,1083
22433,922,1086
22434,919,1090
22435,916,1090
22436,914,1090
22437,907,1091
22438,900,1094
22439,900,1097
22440,902,1096
22441,902,1099
22442,897,1098
22443,893,1094
22444,890,1100
22445,890,1105
22446,891,1107
22447,893,1106
22448,888,1107
22449,886,1105
22450,881,1105
22451,883,1110
22452,884,1116
22453,884,1116
22454,883,1114
22455,880,1113
22456,880,1112
22457,878,1117
22458,880,1121
22459,881,1122
22460,881,1122
22461,874,1120
22462,872,1123
22463,877,1126
22464,879,1129
22465,881,1129
22466,880,1130
22467,877,1128
22468,875,1133
22469,879,1138
22470,883,1144
22471,884,1142
22472,882,1139
22473,882,1143
22474,881,1146
22475,881,1152
22476,885,1154
22477,886,1156
22478,888,1156
22479,888,1155
22480,889,1156
22481,888,1162
22482,894,1165
22483,898,1162
22484,897,1163
22485,893,1161
22486,892,1161
22487,898,1163
22488,901,1163
22489,906,1164
22490,904,1160
22491,901,1156
22492,904,1156
22493,908,1160
22494,912,1161
22495,911,1160
22496,915,1155
22497,916,1149
22498,916,1148
22499,920,1145
22500,928,1147
22501,930,1144
22502,932,1139
22503,932,1133
22504,932,1129
22505,936,1130
22506,939,1129
22507,944,1124
22508,944,1117
22509,942,1111
22510,945,1107
22511,951,1105
22512,955,1106
22513,959,1101
22514,958,1095
22515,955,1087
22516,954,1084
22517,955,1084
22518,959,1083
22519,960,1080
22520,959,1074
22521,958,1070
22522,958,1064
22523,958,1066
22524,960,1066
22525,963,1060
22526,962,1056
22527,960,1054
22528,958,1055
22529,961,1055
22530,963,1054
22531,964,1052
22532,961,1051
22533,958,1046
22534,956,1047
22535,958,1049
22536,961,1048
22537,963,1047
22538,962,1044
22539,958,1044
22540,957,1044
22541,958,1047
22542,958,1049
22543,961,1047
22544,958,1044
22545,957,1042
22546,956,1043
22547,958,1047
22548,959,1048
22549,964,1048
22550,960,1044
22551,957,1043
22552,956,1042
22553,959,1044
22554,961,1048
22555,962,1047
22556,963,1047
22557,964,1042
22558,963,1043
22559,965,1047
22560,967,1047
22561,967,1045
22562,964,1046
22563,964,1044
22564,965,1044
22565,966,1048
22566,969,1052
22567,968,1049
22568,971,1046
22569,969,1046
22570,971,1046
22571,971,1048
22572,972,1050
22573,970,1048
22574,968,1047
22575,963,1045
22576,964,1042
22577,967,1045
22578,968,1049
22579,968,1049
22580,967,1043
22581,963,1041
22582,965,1040
22583,968,1044
22584,968,1044
22585,966,1041
22586,965,1040
22587,961,1036
22588,959,1038
22589,962,1039
22590,963,1041
22591,966,1038
22592,962,1034
22593,962,1035
22594,959,1035
22595,964,1038
22596,965,1041
22597,965,1039
22598,961,1035
22599,959,1034
22600,956,1035
22601,961,1038
22602,961,1039
22603,965,1039
22604,962,1038
22605,961,1035
22606,961,1036
22607,961,1038
22608,966,1041
22609,967,1041
22610,967,1041
22611,967,1036
22612,966,1038
22613,963,1040
22614,965,1042
22615,963,1041
22616,965,1040
22617,962,1040
22618,961,1044
22619,969,1044
22620,970,1046
22621,971,1043
22622,967,1043
22623,965,1039
22624,964,1038
22625,964,1040
22626,967,1043
22627,968,1043
22628,968,1040
22629,967,1038
22630,962,1041
22631,967,1043
22632,969,1045
22633,971,1045
22634,970,1042
22635,967,1039
22636,969,1041
22637,970,1041
22638,968,1044
22639,971,1041
22640,967,1038
22641,968,1038
22642,966,1039
22643,969,1041
22644,975,1044
22645,977,1042
22646,974,1042
22647,967,1039
22648,968,1039
22649,967,1043
22650,971,1046
22651,970,1043
22652,968,1043
22653,965,1041
22654,966,1041
22655,968,1043
22656,973,1047
22657,969,1045
22658,968,1042
22659,967,1040
22660,964,1043
22661,966,1048
22662,969,1051
22663,970,1047
22664,969,1044
22665,965,1041
22666,965,1040
22667,966,1045
22668,970,1047
22669,967,1048
22670,966,1042
22671,964,1040
22672,964,1043
22673,965,1043
22674,967,1044
22675,969,1045
22676,968,1040
22677,966,1038
22678,964,1039
22679,965,1041
22680,967,1044
22681,969,1039
22682,969,1037
22683,969,1035
22684,972,1036
22685,973,1038
22686,976,1038
22687,976,1035
22688,974,1035
22689,974,1034
22690,972,1033
22691,974,1035
22692,975,1037
22693,976,1036
22694,976,1035
22695,972,1032
22696,972,1035
22697,975,1038
22698,974,1042
22699,977,1042
22700,978,1044
22701,975,1038
22702,975,1040
22703,974,1040
22704,975,1042
22705,981,1044
22706,979,1043
22707,974,1040
22708,972,1040
22709,975,1043
22710,975,1041
22711,977,1040
22712,974,1039
22713,972,1039
22714,974,1039
22715,975,1041
22716,980,1042
22717,982,1039
22718,982,1031
22719,983,1029
22720,993,1030
22721,1005,1031
22722,1025,1030
22723,1044,1026
22724,1071,1022
22725,1103,1010
22726,1141,1002
22727,1181,997
22728,1221,995
22729,1257,995
22730,1285,1003
22731,1302,1016
22732,1301,1032
22733,1271,1041
22734,1221,1044
22735,1159,1050
22736,1095,1052
22737,1031,1056
22738,975,1060
22739,945,1064
22740,942,1064
22741,953,1055
22742,964,1044
22743,968,1034
22744,968,1035
22745,968,1037
22746,971,1040
22747,971,1039
22748,968,1034
22749,964,1032
22750,961,1037
22751,959,1039
22752,961,1041
22753,961,1042
22754,957,1040
22755,952,1037
22756,954,1040
22757,955,1044
22758,960,1048
22759,960,1047
22760,958,1043
22761,955,1038
22762,951,1042
22763,954,1044
22764,955,1049
22765,960,1048
22766,957,1042
22767,954,1038
22768,955,1041
22769,958,1041
22770,955,1044
22771,959,1046
22772,956,1043
22773,956,1040
22774,957,1042
22775,959,1042
22776,962,1046
22777,962,1042
22778,959,1037
22779,960,1036
22780,961,1039
22781,962,1042
22782,961,1042
22783,962,1039
22784,962,1034
22785,962,1034
22786,963,1037
22787,963,1038
22788,963,1040
22789,964,1038
22790,963,1035
22791,961,1035
22792,959,1033
22793,963,1035
22794,966,1040
22795,965,1037
22796,967,1037
22797,963,1036
22798,964,1033
22799,967,1036
22800,970,1036
22801,970,1034
22802,968,1031
22803,965,1028
22804,965,1030
22805,969,1034
22806,972,1038
22807,975,1037
22808,973,1032
22809,971,1027
22810,975,1028
22811,977,1032
22812,980,1032
22813,981,1029
22814,981,1026
22815,977,1023
22816,980,1024
22817,984,1028
22818,991,1029
22819,993,1026
22820,994,1024
22821,991,1020
22822,990,1019
22823,995,1022
22824,999,1022
22825,999,1020
22826,1000,1014
22827,997,1008
22828,998,1008
22829,1003,1010
22830,1007,1014
22831,1010,1011
22832,1008,1008
22833,1005,1005
22834,1004,1007
22835,1007,1009
22836,1010,1012
22837,1011,1008
22838,1014,1006
22839,1015,1006
22840,1010,1008
22841,1011,1009
22842,1013,1014
22843,1014,1011
22844,1012,1013
22845,1010,1015
22846,1006,1018
22847,1008,1019
22848,1009,1023
22849,1009,1023
22850,1005,1020
22851,1002,1020
22852,1002,1023
22853,999,1028
22854,1003,1033
22855,1000,1033
22856,997,1031
22857,991,1031
22858,989,1036
22859,989,1038
22860,990,1041
22861,991,1040
22862,987,1036
22863,985,1037
22864,984,1037
22865,982,1045
22866,979,1044
22867,981,1045
22868,979,1041
22869,976,1042
22870,977,1044
22871,978,1049
22872,980,1051
22873,981,1051
22874,976,1051
22875,975,1048
22876,976,1050
22877,976,1053
22878,976,1053
22879,975,1052
22880,976,1046
22881,974,1047
22882,973,1049
22883,977,1048
22884,982,1052
22885,982,1049
22886,983,1045
22887,979,1043
22888,979,1045
22889,977,1048
22890,980,1049
22891,985,1046
22892,984,1045
22893,981,1042
22894,976,1042
22895,978,1047
22896,979,1045
22897,982,1045
22898,978,1042
22899,973,1040
22900,975,1041
22901,978,1046
22902,983,1048
22903,985,1048
22904,982,1043
22905,978,1041
22906,976,1043
22907,979,1046
22908,982,1046
22909,982,1043
22910,977,1042
22911,979,1040
22912,980,1041
22913,982,1042
22914,980,1044
22915,985,1043
22916,986,1039
22917,979,1038
22918,979,1039
22919,980,1040
22920,981,1043
22921,982,1040
22922,981,1036
22923,977,1034
22924,975,1036
22925,979,1039
22926,981,1040
22927,982,1037
22928,980,1036
22929,975,1032
22930,976,1034
22931,977,1036
22932,980,1042
22933,979,1042
22934,978,1038
22935,974,1035
22936,974,1036
22937,975,1042
22938,977,1043
22939,980,1042
22940,975,1037
22941,968,1038
22942,971,1040
22943,973,1044
22944,976,1043
22945,978,1042
22946,976,1042
22947,975,1041
22948,974,1047
22949,976,1044
22950,980,1046
22951,979,1047
22952,976,1043
22953,971,1042
22954,972,1042
22955,974,1044
22956,979,1045
22957,979,1043
22958,973,1041
22959,970,1038
22960,970,1040
22961,972,1043
22962,976,1044
22963,978,1047
22964,975,1045
22965,970,1043
22966,974,1044
22967,972,1046
22968,974,1048
22969,979,1046
22970,978,1046
22971,977,1042
22972,973,1042
22973,977,1045
22974,980,1048
22975,982,1044
22976,979,1039
22977,975,1039
22978,975,1040
22979,984,1041
22980,989,1041
22981,997,1035
22982,1006,1028
22983,1015,1027
22984,1032,1026
22985,1055,1026
22986,1091,1023
22987,1129,1016
22988,1166,1003
22989,1208,995
22990,1245,994
22991,1281,1002
22992,1306,1018
22993,1311,1031
22994,1297,1040
22995,1254,1038
22996,1199,1041
22997,1139,1048
22998,1089,1062
22999,1027,1069
23000,963,1073
23001,925,1076
23002,914,1075
23003,928,1070
23004,945,1064
23005,955,1054
23006,961,1048
23007,963,1041
23008,963,1040
23009,963,1044
23010,964,1045
23011,967,1044
23012,962,1041
23013,960,1042
23014,958,1043
23015,959,1047
23016,959,1049
23017,957,1048
23018,955,1043
23019,950,1043
23020,949,1043
23021,950,1045
23022,954,1047
23023,956,1047
23024,956,1044
23025,956,1041
23026,954,1039
23027,955,1044
23028,958,1045
23029,959,1042
23030,958,1042
23031,954,1037
23032,954,1038
23033,956,1043
23034,961,1042
23035,960,1043
23036,955,1039
23037,955,1038
23038,947,1041
23039,955,1044
23040,956,1048
23041,954,1047
23042,952,1043
23043,952,1040
23044,953,1039
23045,956,1041
23046,959,1044
23047,959,1042
23048,958,1039
23049,954,1040
23050,956,1041
23051,958,1041
23052,962,1046
23053,961,1040
23054,960,1039
23055,956,1037
23056,962,1039
23057,963,1040
23058,966,1043
23059,968,1044
23060,969,1038
23061,964,1034
23062,962,1034
23063,965,1034
23064,969,1036
23065,972,1037
23066,970,1034
23067,967,1034
23068,966,1032
23069,966,1033
23070,971,1035
23071,974,1031
23072,971,1030
23073,970,1029
23074,968,1026
23075,976,1030
23076,977,1030
23077,976,1023
23078,975,1022
23079,974,1018
23080,974,1018
23081,977,1018
23082,980,1019
23083,982,1017
23084,979,1012
23085,980,1010
23086,979,1011
23087,984,1014
23088,987,1014
23089,987,1009
23090,984,1005
23091,983,1005
23092,985,1006
23093,987,1007
23094,988,1010
23095,990,1009
23096,992,1009
23097,990,1009
23098,993,1010
23099,996,1013
23100,997,1017
23101,1000,1015
23102,998,1015
23103,994,1013
23104,996,1014
23105,995,1019
23106,997,1023
23107,995,1024
23108,995,1023
23109,991,1026
23110,988,1031
23111,986,1035
23112,989,1039
23113,987,1038
23114,980,1038
23115,974,1036
23116,974,1040
23117,974,1043
23118,976,1046
23119,980,1046
23120,974,1045
23121,970,1044
23122,966,1046
23123,965,1047
23124,969,1051
23125,965,1048
23126,966,1049
23127,965,1047
23128,965,1048
23129,964,1050
23130,968,1053
23131,966,1052
23132,966,1049
23133,960,1044
23134,961,1046
23135,961,1049
23136,965,1051
23137,965,1050
23138,964,1048
23139,961,1045
23140,963,1047
23141,963,1049
23142,965,1051
23143,968,1053
23144,967,1048
23145,967,1050
23146,961,1052
23147,964,1053
23148,970,1055
23149,971,1053
23150,971,1049
23151,967,1049
23152,964,1048
23153,967,1053
23154,972,1055
23155,970,1053
23156,969,1051
23157,966,1048
23158,966,1052
23159,969,1055
23160,974,1055
23161,974,1051
23162,969,1049
23163,968,1045
23164,965,1048
23165,968,1050
23166,973,1052
23167,974,1048
23168,971,1045
23169,972,1042
23170,973,1045
23171,975,1049
23172,978,1050
23173,977,1047
23174,973,1045
23175,972,1044
23176,973,1045
23177,972,1049
23178,975,1050
23179,974,1046
23180,976,1047
23181,970,1041
23182,972,1044
23183,973,1043
23184,973,1044
23185,970,1044
23186,969,1040
23187,968,1040
23188,968,1042
23189,970,1043
23190,969,1044
23191,971,1044
23192,969,1043
23193,966,1042
23194,962,1044
23195,966,1045
23196,970,1051
23197,969,1048
23198,968,1045
23199,963,1043
23200,966,1043
23201,969,1048
23202,971,1050
23203,974,1049
23204,969,1050
23205,965,1046
23206,965,1046
23207,966,1050
23208,969,1052
23209,972,1050
23210,970,1045
23211,966,1044
23212,965,1047
23213,965,1049
23214,971,1051
23215,970,1050
23216,972,1047
23217,967,1045
23218,967,1046
23219,966,1046
23220,972,1049
23221,973,1050
23222,970,1047
23223,968,1044
23224,970,1045
23225,972,1049
23226,972,1049
23227,973,1047
23228,970,1044
23229,969,1044
23230,966,1044
23231,967,1046
23232,968,1048
23233,969,1046
23234,967,1043
23235,963,1044
23236,964,1045
23237,966,1048
23238,970,1053
23239,969,1050
23240,969,1047
23241,966,1048
23242,965,1049
23243,965,1048
23244,967,1050
23245,967,1051
23246,966,1051
23247,963,1050
23248,963,1052
23249,965,1053
23250,964,1054
23251,965,1050
23252,962,1047
23253,956,1045
23254,955,1049
23255,957,1051
23256,962,1049
23257,965,1049
23258,965,1047
23259,962,1046
23260,961,1047
23261,967,1050
23262,967,1053
23263,968,1050
23264,965,1047
23265,963,1046
23266,963,1048
23267,964,1049
23268,970,1052
23269,972,1050
23270,970,1047
23271,967,1045
23272,966,1048
23273,969,1050
23274,973,1052
23275,973,1051
23276,971,1049
23277,966,1045
23278,968,1046
23279,972,1052
23280,975,1054
23281,973,1050
23282,971,1047
23283,969,1047
23284,967,1046
23285,969,1051
23286,971,1054
23287,968,1051
23288,968,1044
23289,967,1045
23290,968,1049
23291,969,1049
23292,972,1051
23293,970,1046
23294,966,1047
23295,965,1047
23296,966,1050
23297,969,1051
23298,973,1054
23299,971,1052
23300,969,1048
23301,966,1046
23302,966,1046
23303,968,1046
23304,971,1048
23305,972,1045
23306,971,1045
23307,969,1045
23308,971,1047
23309,976,1048
23310,980,1049
23311,981,1048
23312,979,1043
23313,978,1042
23314,977,1041
23315,982,1043
23316,989,1043
23317,1001,1039
23318,1013,1037
23319,1030,1033
23320,1055,1031
23321,1085,1028
23322,1123,1025
23323,1162,1013
23324,1199,1004
23325,1233,1000
23326,1273,1007
23327,1307,1020
23328,1326,1035
23329,1310,1044
23330,1265,1044
23331,1195,1048
23332,1124,1055
23333,1058,1062
23334,1004,1069
23335,962,1068
23336,940,1061
23337,938,1058
23338,956,1052
23339,969,1050
23340,977,1049
23341,977,1047
23342,968,1043
23343,963,1040
23344,964,1043
23345,960,1048
23346,965,1048
23347,963,1047
23348,960,1045
23349,954,1042
23350,955,1043
23351,958,1046
23352,961,1047
23353,958,1046
23354,954,1041
23355,952,1040
23356,955,1042
23357,959,1045
23358,960,1047
23359,960,1046
23360,957,1047
23361,953,1044
23362,954,1046
23363,957,1048
23364,959,1049
23365,959,1051
23366,957,1047
23367,953,1047
23368,955,1049
23369,959,1052
23370,962,1052
23371,962,1051
23372,960,1047
23373,956,1048
23374,957,1047
23375,959,1050
23376,961,1051
23377,961,1051
23378,960,1046
23379,958,1047
23380,958,1046
23381,959,1048
23382,962,1051
23383,964,1049
23384,963,1046
23385,960,1044
23386,961,1046
23387,962,1051
23388,965,1050
23389,966,1048
23390,964,1047
23391,962,1044
23392,959,1048
23393,964,1050
23394,969,1049
23395,970,1048
23396,970,1047
23397,967,1042
23398,968,1041
23399,970,1043
23400,973,1044
23401,977,1045
23402,975,1037
23403,975,1034
23404,973,1033
23405,977,1034
23406,980,1033
23407,981,1031
23408,976,1027
23409,980,1024
23410,980,1025
23411,983,1027
23412,988,1029
23413,988,1027
23414,986,1024
23415,987,1022
23416,990,1026
23417,991,1027
23418,996,1027
23419,997,1023
23420,997,1019
23421,998,1022
23422,999,1021
23423,1005,1020
23424,1008,1024
23425,1010,1020
23426,1009,1018
23427,1006,1017
23428,1008,1017
23429,1009,1019
23430,1012,1020
23431,1012,1019
23432,1014,1020
23433,1013,1017
23434,1014,1018
23435,1016,1018
23436,1018,1023
23437,1018,1026
23438,1013,1024
23439,1008,1024
23440,1010,1028
23441,1011,1031
23442,1013,1034
23443,1012,1034
23444,1007,1033
23445,1004,1032
23446,1003,1036
23447,1001,1043
23448,1003,1041
23449,999,1043
23450,995,1040
23451,990,1040
23452,987,1041
23453,990,1042
23454,993,1044
23455,989,1042
23456,985,1041
23457,978,1041
23458,974,1046
23459,973,1049
23460,977,1053
23461,977,1052
23462,975,1049
23463,967,1047
23464,971,1048
23465,972,1051
23466,974,1052
23467,973,1051
23468,968,1048
23469,965,1046
23470,966,1046
23471,970,1051
23472,972,1052
23473,971,1051
23474,969,1049
23475,971,1047
23476,971,1052
23477,975,1054
23478,977,1054
23479,977,1052
23480,973,1050
23481,973,1047
23482,974,1048
23483,978,1051
23484,982,1055
23485,977,1054
23486,979,1052
23487,976,1050
23488,976,1047
23489,976,1050
23490,977,1050
23491,978,1046
23492,975,1043
23493,973,1040
23494,974,1043
23495,977,1048
23496,980,1049
23497,980,1047
23498,976,1041
23499,974,1040
23500,978,1042
23501,975,1046
23502,979,1047
23503,979,1046
23504,979,1043
23505,980,1040
23506,977,1042
23507,978,1046
23508,980,1050
23509,978,1049
23510,977,1044
23511,973,1044
23512,974,1047
23513,976,1047
23514,977,1049
23515,976,1045
23516,971,1043
23517,969,1043
23518,967,1043
23519,970,1047
23520,973,1049
23521,975,1049
23522,975,1044
23523,974,1041
23524,974,1043
23525,975,1044
23526,976,1044
23527,976,1042
23528,976,1040
23529,973,1040
23530,974,1041
23531,976,1044
23532,980,1047
23533,979,1046
23534,974,1044
23535,972,1040
23536,973,1044
23537,977,1047
23538,979,1048
23539,977,1046
23540,975,1041
23541,972,1040
23542,970,1043
23543,975,1044
23544,974,1046
23545,973,1046
23546,971,1044
23547,965,1043
23548,967,1046
23549,968,1048
23550,971,1048
23551,967,1048
23552,968,1043
23553,968,1042
23554,964,1046
23555,967,1050
23556,972,1054
23557,970,1052
23558,963,1048
23559,961,1045
23560,962,1050
23561,962,1056
23562,965,1053
23563,966,1052
23564,960,1046
23565,962,1045
23566,963,1044
23567,964,1047
23568,967,1049
23569,966,1046
23570,965,1047
23571,960,1045
23572,962,1046
23573,964,1049
23574,971,1049
23575,972,1048
23576,969,1045
23577,965,1042
23578,967,1046
23579,971,1047
23580,973,1050
23581,972,1048
23582,971,1047
23583,969,1043
23584,968,1045
23585,975,1046
23586,977,1052
23587,975,1050
23588,969,1043
23589,967,1043
23590,970,1045
23591,971,1050
23592,971,1052
23593,971,1049
23594,973,1047
23595,968,1044
23596,965,1045
23597,968,1048
23598,970,1048
23599,969,1048
23600,964,1046
23601,963,1046
23602,965,1050
23603,968,1054
23604,968,1055
23605,966,1054
23606,964,1050
23607,963,1048
23608,962,1049
23609,964,1053
23610,966,1054
23611,966,1049
23612,967,1047
23613,966,1046
23614,967,1050
23615,970,1050
23616,972,1049
23617,972,1046
23618,970,1044
23619,966,1045
23620,964,1046
23621,969,1047
23622,972,1049
23623,970,1046
23624,970,1046
23625,969,1046
23626,971,1048
23627,973,1048
23628,975,1048
23629,971,1048
23630,973,1049
23631,972,1047
23632,971,1047
23633,976,1052
23634,981,1050
23635,981,1050
23636,975,1044
23637,972,1046
23638,970,1047
23639,972,1049
23640,975,1052
23641,977,1046
23642,969,1046
23643,971,1044
23644,971,1047
23645,974,1051
23646,978,1051
23647,978,1050
23648,971,1044
23649,967,1043
23650,968,1048
23651,970,1054
23652,972,1049
23653,973,1050
23654,973,1048
23655,969,1047
23656,968,1050
23657,970,1049
23658,972,1052
23659,974,1048
23660,971,1046
23661,969,1043
23662,966,1043
23663,965,1046
23664,974,1048
23665,976,1044
23666,974,1044
23667,973,1042
23668,971,1046
23669,970,1046
23670,974,1045
23671,974,1044
23672,972,1041
23673,973,1040
23674,972,1043
23675,975,1046
23676,979,1049
23677,975,1047
23678,972,1044
23679,967,1042
23680,967,1044
23681,968,1049
23682,974,1051
23683,976,1051
23684,974,1050
23685,971,1046
23686,970,1049
23687,971,1051
23688,974,1052
23689,968,1049
23690,972,1046
23691,970,1045
23692,972,1051
23693,973,1053
23694,978,1055
23695,981,1049
23696,977,1048
23697,969,1047
23698,969,1051
23699,970,1051
23700,974,1053
23701,976,1049
23702,973,1051
23703,969,1049
23704,972,1052
23705,975,1053
23706,974,1052
23707,977,1051
23708,974,1048
23709,973,1046
23710,974,1049
23711,977,1048
23712,978,1051
23713,978,1049
23714,976,1044
23715,974,1043
23716,975,1043
23717,978,1048
23718,978,1051
23719,980,1045
23720,978,1043
23721,973,1046
23722,973,1044
23723,972,1048
23724,975,1050
23725,976,1049
23726,968,1048
23727,965,1047
23728,969,1045
23729,971,1048
23730,976,1052
23731,974,1049
23732,971,1048
23733,969,1046
23734,970,1050
23735,972,1053
23736,977,1052
23737,977,1049
23738,976,1047
23739,973,1049
23740,970,1052
23741,973,1053
23742,975,1055
23743,975,1051
23744,977,1052
23745,974,1052
23746,973,1051
23747,979,1054
23748,985,1052
23749,984,1050
23750,980,1048
23751,980,1047
23752,982,1047
23753,993,1046
23754,1001,1044
23755,1011,1043
23756,1024,1038
23757,1042,1034
23758,1067,1030
23759,1100,1025
23760,1140,1015
23761,1177,1005
23762,1210,998
23763,1240,997
23764,1277,1005
23765,1305,1019
23766,1310,1038
23767,1280,1045
23768,1224,1046
23769,1159,1047
23770,1098,1055
23771,1043,1064
23772,992,1069
23773,956,1071
23774,940,1070
23775,944,1063
23776,954,1058
23777,967,1052
23778,975,1049
23779,978,1043
23780,975,1044
23781,967,1041
23782,964,1043
23783,961,1047
23784,964,1047
23785,963,1050
23786,961,1047
23787,959,1050
23788,960,1051
23789,961,1053
23790,965,1053
23791,965,1052
23792,964,1051
23793,960,1050
23794,959,1051
23795,961,1052
23796,963,1052
23797,964,1049
23798,964,1048
23799,962,1047
23800,961,1049
23801,959,1054
23802,963,1054
23803,961,1051
23804,956,1049
23805,951,1047
23806,951,1050
23807,958,1051
23808,958,1051
23809,960,1050
23810,956,1049
23811,956,1049
23812,954,1051
23813,955,1052
23814,957,1052
23815,956,1051
23816,954,1048
23817,951,1048
23818,953,1046
23819,961,1050
23820,964,1052
23821,962,1049
23822,963,1047
23823,959,1046
23824,960,1046
23825,962,1049
23826,963,1050
23827,963,1046
23828,965,1045
23829,964,1046
23830,965,1047
23831,969,1051
23832,974,1051
23833,976,1048
23834,972,1042
23835,972,1045
23836,972,1042
23837,975,1045
23838,977,1043
23839,975,1043
23840,979,1039
23841,977,1040
23842,983,1041
23843,990,1041
23844,994,1039
23845,994,1037
23846,994,1035
23847,991,1030
23848,990,1031
23849,993,1030
23850,996,1032
23851,994,1033
23852,996,1027
23853,992,1025
23854,996,1026
23855,998,1025
23856,1002,1025
23857,1000,1023
23858,995,1021
23859,1002,1022
23860,1006,1023
23861,1008,1022
23862,1006,1024
23863,1005,1023
23864,1006,1020
23865,1008,1017
23866,1008,1016
23867,1004,1018
23868,1008,1020
23869,1012,1020
23870,1012,1021
23871,1009,1021
23872,1008,1022
23873,1007,1023
23874,1005,1027
23875,1004,1026
23876,1000,1028
23877,1000,1030
23878,1001,1034
23879,999,1037
23880,1002,1041
23881,998,1040
23882,993,1039
23883,985,1041
23884,985,1046
23885,986,1046
23886,986,1047
23887,988,1047
23888,985,1045
23889,983,1044
23890,979,1046
23891,977,1050
23892,981,1049
23893,982,1050
23894,978,1049
23895,974,1047
23896,975,1048
23897,980,1054
23898,983,1056
23899,982,1053
23900,977,1054
23901,973,1051
23902,972,1054
23903,973,1056
23904,974,1059
23905,975,1057
23906,971,1055
23907,973,1054
23908,974,1057
23909,973,1059
23910,977,1061
23911,977,1058
23912,976,1055
23913,975,1054
23914,974,1055
23915,975,1059
23916,978,1062
23917,980,1060
23918,981,1058
23919,977,1057
23920,972,1056
23921,974,1061
23922,977,1059
23923,980,1057
23924,981,1054
23925,979,1054
23926,977,1060
23927,978,1059
23928,981,1060
23929,980,1058
23930,980,1054
23931,977,1056
23932,979,1057
23933,981,1058
23934,978,1056
23935,978,1053
23936,979,1049
23937,977,1049
23938,980,1046
23939,982,1046
23940,984,1044
23941,979,1043
23942,978,1039
23943,972,1037
23944,971,1038
23945,976,1041
23946,982,1043
23947,983,1043
23948,978,1041
23949,978,1038
23950,976,1040
23951,980,1046
23952,981,1046
23953,978,1045
23954,978,1042
23955,977,1042
23956,973,1040
23957,970,1042
23958,972,1044
23959,973,1045
23960,975,1041
23961,975,1042
23962,971,1045
23963,970,1051
23964,973,1050
23965,973,1047
23966,972,1045
23967,968,1045
23968,969,1047
23969,974,1051
23970,977,1053
23971,977,1050
23972,971,1050
23973,969,1047
23974,969,1052
23975,970,1054
23976,974,1054
23977,970,1052
23978,968,1052
23979,967,1050
23980,967,1050
23981,973,1055
23982,972,1057
23983,972,1057
23984,969,1054
23985,968,1051
23986,972,1053
23987,974,1057
23988,975,1055
23989,975,1050
23990,965,1048
23991,965,1046
23992,967,1049
23993,968,1051
23994,973,1052
23995,972,1050
23996,970,1048
23997,966,1048
23998,966,1053
23999,965,1051
24000,968,1054
24001,967,1048
24002,967,1047
24003,963,1047
24004,961,1050
24005,962,1052
24006,965,1055
24007,970,1052
24008,969,1052
24009,967,1050
24010,967,1051
24011,971,1052
24012,971,1054
24013,971,1053
24014,967,1051
24015,966,1048
24016,968,1050
24017,969,1050
24018,972,1052
24019,965,1048
24020,966,1046
24021,968,1049
24022,970,1051
24023,975,1051
24024,976,1052
24025,975,1051
24026,973,1046
24027,970,1047
24028,969,1050
24029,970,1053
24030,975,1053
24031,977,1049
24032,973,1043
24033,971,1042
24034,971,1039
24035,975,1041
24036,976,1042
24037,976,1041
24038,973,1042
24039,971,1041
24040,972,1041
24041,974,1044
24042,977,1045
24043,973,1046
24044,972,1042
24045,972,1040
24046,972,1044
24047,973,1048
24048,974,1050
24049,973,1048
24050,974,1045
24051,971,1046
24052,971,1047
24053,972,1053
24054,977,1053
24055,976,1051
24056,976,1049
24057,973,1046
24058,973,1048
24059,977,1051
24060,980,1051
24061,980,1048
24062,977,1047
24063,976,1047
24064,975,1046
24065,976,1048
24066,981,1047
24067,981,1045
24068,977,1043
24069,972,1043
24070,975,1046
24071,980,1047
24072,983,1048
24073,982,1049
24074,980,1045
24075,975,1046
24076,977,1050
24077,979,1053
24078,980,1054
24079,979,1053
24080,977,1051
24081,973,1048
24082,972,1048
24083,978,1050
24084,984,1048
24085,984,1047
24086,981,1045
24087,980,1046
24088,982,1049
24089,982,1049
24090,984,1048
24091,985,1045
24092,984,1041
24093,985,1038
24094,997,1036
24095,1012,1038
24096,1029,1036
24097,1044,1034
24098,1068,1029
24099,1100,1023
24100,1141,1014
24101,1184,1010
24102,1231,1008
24103,1276,1012
24104,1305,1022
24105,1321,1037
24106,1310,1051
24107,1278,1053
24108,1223,1052
24109,1161,1055
24110,1098,1065
24111,1029,1072
24112,969,1084
24113,935,1086
24114,938,1086
24115,954,1076
24116,968,1065
24117,979,1054
24118,981,1055
24119,983,1051
24120,984,1050
24121,980,1048
24122,975,1044
24123,972,1045
24124,972,1050
24125,970,1052
24126,970,1051
24127,973,1049
24128,968,1044
24129,964,1043
24130,965,1041
24131,965,1042
24132,969,1039
24133,968,1040
24134,965,1035
24135,961,1038
24136,962,1040
24137,966,1042
24138,967,1043
24139,964,1042
24140,960,1038
24141,961,1040
24142,959,1040
24143,962,1044
24144,963,1044
24145,962,1046
24146,961,1039
24147,961,1041
24148,961,1042
24149,963,1046
24150,967,1047
24151,968,1045
24152,966,1044
24153,959,1044
24154,961,1051
24155,965,1052
24156,970,1048
24157,972,1048
24158,969,1046
24159,967,1044
24160,969,1045
24161,971,1048
24162,974,1046
24163,970,1047
24164,970,1044
24165,968,1044
24166,971,1047
24167,975,1050
24168,980,1051
24169,981,1046
24170,979,1042
24171,979,1041
24172,978,1042
24173,981,1043
24174,983,1042
24175,985,1040
24176,983,1034
24177,980,1035
24178,981,1032
24179,987,1034
24180,993,1035
24181,991,1032
24182,992,1027
24183,989,1025
24184,993,1026
24185,997,1025
24186,1003,1026
24187,1004,1024
24188,1007,1023
24189,1002,1020
24190,1002,1021
24191,1010,1022
24192,1012,1021
24193,1012,1016
24194,1011,1015
24195,1011,1015
24196,1012,1015
24197,1011,1016
24198,1018,1018
24199,1021,1014
24200,1018,1013
24201,1014,1012
24202,1014,1013
24203,1016,1016
24204,1019,1017
24205,1019,1016
24206,1016,1014
24207,1014,1016
24208,1013,1022
24209,1016,1026
24210,1019,1027
24211,1020,1025
24212,1015,1025
24213,1014,1024
24214,1010,1026
24215,1007,1028
24216,1007,1030
24217,1008,1029
24218,1001,1025
24219,997,1027
24220,992,1031
24221,995,1035
24222,991,1038
24223,987,1037
24224,983,1034
24225,980,1037
24226,980,1041
24227,980,1047
24228,981,1046
24229,979,1044
24230,975,1043
24231,973,1045
24232,972,1047
24233,973,1048
24234,974,1050
24235,973,1047
24236,972,1046
24237,971,1048
24238,972,1049
24239,972,1051
24240,974,1052
24241,973,1052
24242,968,1050
24243,967,1049
24244,971,1053
24245,973,1055
24246,974,1057
24247,974,1056
24248,974,1055
24249,973,1055
24250,973,1057
24251,972,1059
24252,974,1060
24253,977,1055
24254,976,1053
24255,974,1053
24256,975,1054
24257,978,1057
24258,980,1058
24259,979,1057
24260,977,1055
24261,973,1052
24262,977,1054
24263,981,1054
24264,987,1055
24265,984,1052
24266,981,1046
24267,977,1046
24268,981,1048
24269,984,1052
24270,987,1049
24271,984,1047
24272,984,1045
24273,984,1044
24274,985,1048
24275,988,1049
24276,990,1049
24277,990,1048
24278,987,1045
24279,985,1043
24280,980,1047
24281,983,1049
24282,986,1049
24283,986,1048
24284,982,1045
24285,981,1042
24286,980,1048
24287,983,1047
24288,984,1049
24289,982,1046
24290,980,1046
24291,976,1046
24292,976,1050
24293,975,1054
24294,981,1053
24295,981,1053
24296,974,1051
24297,973,1051
24298,974,1051
24299,979,1054
24300,982,1053
24301,980,1049
24302,976,1045
24303,975,1045
24304,974,1046
24305,980,1047
24306,981,1049
24307,984,1045
24308,981,1041
24309,979,1040
24310,976,1043
24311,978,1046
24312,986,1046
24313,982,1042
24314,975,1040
24315,978,1039
24316,978,1040
24317,982,1041
24318,983,1045
24319,981,1044
24320,979,1039
24321,977,1043
24322,975,1043
24323,980,1046
24324,982,1045
24325,982,1045
24326,979,1041
24327,978,1043
24328,981,1047
24329,977,1049
24330,981,1047
24331,981,1048
24332,980,1047
24333,975,1047
24334,978,1050
24335,980,1052
24336,984,1053
24337,981,1053
24338,978,1051
24339,975,1053
24340,977,1051
24341,980,1052
24342,982,1051
24343,980,1053
24344,978,1048
24345,976,1046
24346,979,1049
24347,982,1051
24348,987,1049
24349,990,1047
24350,995,1040
24351,1005,1040
24352,1020,1041
24353,1043,1041
24354,1071,1038
24355,1102,1032
24356,1139,1017
24357,1181,1010
24358,1223,1006
24359,1270,1008
24360,1307,1018
24361,1326,1032
24362,1317,1039
24363,1274,1045
24364,1209,1052
24365,1136,1060
24366,1061,1073
24367,989,1078
24368,937,1080
24369,924,1078
24370,941,1071
24371,959,1061
24372,973,1053
24373,977,1046
24374,974,1040
24375,973,1039
24376,971,1043
24377,971,1045
24378,974,1049
24379,971,1045
24380,968,1040
24381,964,1039
24382,965,1044
24383,963,1045
24384,964,1045
24385,963,1044
24386,960,1040
24387,961,1040
24388,961,1042
24389,961,1046
24390,964,1047
24391,964,1044
24392,961,1043
24393,959,1041
24394,960,1047
24395,962,1048
24396,964,1051
24397,961,1048
24398,962,1047
24399,958,1047
24400,962,1047
24401,965,1050
24402,965,1051
24403,965,1048
24404,966,1045
24405,960,1043
24406,967,1045
24407,967,1048
24408,969,1051
24409,971,1045
24410,970,1045
24411,966,1043
24412,967,1048
24413,970,1049
24414,973,1051
24415,972,1047
24416,968,1043
24417,967,1040
24418,968,1041
24419,974,1041
24420,978,1044
24421,978,1040
24422,977,1040
24423,974,1036
24424,974,1035
24425,979,1041
24426,982,1041
24427,985,1039
24428,987,1034
24429,986,1033
24430,989,1036
24431,992,1038
24432,997,1036
24433,996,1035
24434,995,1029
24435,993,1028
24436,992,1031
24437,998,1033
24438,1006,1030
24439,1006,1027
24440,1004,1022
24441,1007,1019
24442,1009,1020
24443,1009,1021
24444,1013,1019
24445,1015,1015
24446,1014,1010
24447,1014,1010
24448,1016,1010
24449,1019,1010
24450,1021,1009
24451,1024,1006
24452,1020,1004
24453,1020,1000
24454,1020,1003
24455,1018,1006
24456,1024,1005
24457,1023,1006
24458,1018,1005
24459,1015,1008
24460,1016,1009
24461,1016,1013
24462,1017,1014
24463,1016,1014
24464,1008,1014
24465,1004,1014
24466,1002,1019
24467,1000,1023
24468,1002,1023
24469,998,1026
24470,992,1026
24471,986,1026
24472,985,1030
24473,982,1037
24474,985,1043
24475,984,1041
24476,977,1043
24477,976,1041
24478,978,1044
24479,977,1048
24480,974,1050
24481,975,1049
24482,971,1048
24483,971,1049
24484,970,1054
24485,969,1055
24486,971,1055
24487,971,1052
24488,969,1051
24489,966,1051
24490,966,1055
24491,970,1059
24492,974,1055
24493,972,1052
24494,970,1049
24495,965,1051
24496,966,1053
24497,970,1055
24498,974,1052
24499,973,1050
24500,973,1047
24501,971,1051
24502,973,1052
24503,976,1051
24504,977,1054
24505,974,1051
24506,973,1047
24507,969,1050
24508,971,1049
24509,974,1050
24510,978,1047
24511,978,1045
24512,974,1042
24513,970,1044
24514,971,1045
24515,976,1048
24516,979,1046
24517,977,1040
24518,974,1037
24519,971,1040
24520,972,1044
24521,975,1048
24522,981,1048
24523,979,1047
24524,977,1043
24525,970,1044
24526,975,1047
24527,977,1049
24528,980,1050
24529,977,1049
24530,977,1046
24531,972,1047
24532,973,1047
24533,975,1051
24534,978,1050
24535,976,1047
24536,975,1046
24537,970,1047
24538,973,1049
24539,974,1050
24540,976,1051
24541,980,1048
24542,980,1046
24543,975,1046
24544,979,1046
24545,981,1049
24546,981,1046
24547,980,1042
24548,979,1040
24549,974,1040
24550,977,1040
24551,980,1044
24552,982,1042
24553,979,1039
24554,975,1039
24555,974,1037
24556,973,1039
24557,976,1040
24558,978,1038
24559,973,1037
24560,968,1033
24561,967,1033
24562,967,1033
24563,970,1038
24564,972,1038
24565,970,1034
24566,968,1032
24567,970,1033
24568,973,1036
24569,975,1043
24570,975,1041
24571,972,1040
24572,970,1039
24573,969,1036
24574,971,1040
24575,969,1040
24576,975,1043
24577,972,1042
24578,969,1039
24579,966,1040
24580,972,1041
24581,976,1044
24582,976,1044
24583,977,1045
24584,977,1040
24585,975,1040
24586,974,1042
24587,974,1044
24588,979,1042
24589,985,1037
24590,991,1034
24591,996,1030
24592,1015,1031
24593,1033,1033
24594,1065,1031
24595,1100,1025
24596,1137,1014
24597,1178,1003
24598,1219,1003
24599,1259,1005
24600,1293,1013
24601,1313,1023
24602,1311,1029
24603,1285,1035
24604,1243,1039
24605,1192,1042
24606,1134,1051
24607,1063,1055
24608,999,1058
24609,945,1063
24610,919,1065
24611,925,1064
24612,942,1056
24613,958,1049
24614,966,1039
24615,965,1034
24616,963,1034
24617,962,1033
24618,963,1034
24619,964,1035
24620,961,1033
24621,957,1036
24622,955,1038
24623,958,1042
24624,962,1043
24625,959,1040
24626,956,1038
24627,952,1038
24628,953,1039
24629,955,1043
24630,958,1043
24631,955,1039
24632,954,1037
24633,947,1037
24634,946,1041
24635,947,1043
24636,952,1044
24637,950,1041
24638,950,1037
24639,947,1037
24640,946,1039
24641,949,1041
24642,950,1037
24643,952,1038
24644,951,1034
24645,948,1034
24646,949,1037
24647,952,1039
24648,954,1040
24649,954,1036
24650,951,1033
24651,950,1032
24652,952,1033
24653,958,1038
24654,962,1036
24655,962,1034
24656,960,1030
24657,960,1029
24658,960,1032
24659,961,1034
24660,966,1033
24661,966,1032
24662,961,1028
24663,962,1028
24664,967,1030
24665,969,1032
24666,970,1029
24667,970,1030
24668,969,1026
24669,967,1025
24670,970,1026
24671,973,1030
24672,975,1029
24673,975,1027
24674,973,1024
24675,968,1022
24676,971,1023
24677,978,1025
24678,982,1022
24679,980,1018
24680,981,1016
24681,980,1012
24682,982,1018
24683,987,1017
24684,990,1017
24685,989,1012
24686,989,1010
24687,990,1005
24688,991,1008
24689,993,1005
24690,994,1006
24691,995,1003
24692,992,1002
24693,991,1001
24694,991,1002
24695,1000,1008
24696,1004,1004
24697,1005,1005
24698,1005,998
24699,1003,1000
24700,1006,999
24701,1009,1000
24702,1011,1001
24703,1012,1001
24704,1011,1000
24705,1008,1001
24706,1006,1006
24707,1013,1007
24708,1011,1010
24709,1015,1010
24710,1012,1014
24711,1007,1014
24712,1002,1017
24713,1002,1021
24714,1004,1024
24715,1000,1025
24716,996,1023
24717,991,1023
24718,989,1028
24719,985,1032
24720,985,1035
24721,981,1032
24722,977,1031
24723,974,1032
24724,972,1033
24725,974,1036
24726,973,1039
24727,971,1035
24728,968,1034
24729,965,1036
24730,963,1038
24731,964,1042
24732,965,1041
24733,963,1037
24734,960,1036
24735,955,1037
24736,957,1040
24737,961,1041
24738,962,1042
24739,962,1041
24740,959,1037
24741,958,1038
24742,958,1040
24743,961,1043
24744,965,1044
24745,964,1043
24746,962,1040
24747,962,1041
24748,965,1041
24749,966,1044
24750,971,1045
24751,968,1042
24752,969,1042
24753,971,1043
24754,971,1044
24755,975,1046
24756,975,1045
24757,976,1043
24758,974,1043
24759,974,1042
24760,976,1043
24761,977,1045
24762,981,1046
24763,979,1042
24764,978,1037
24765,973,1039
24766,979,1041
24767,977,1040
24768,981,1039
24769,978,1039
24770,974,1037
24771,970,1037
24772,973,1041
24773,973,1041
24774,976,1042
24775,977,1041
24776,972,1038
24777,970,1037
24778,970,1037
24779,974,1041
24780,975,1039
24781,971,1037
24782,970,1034
24783,965,1037
24784,969,1035
24785,969,1037
24786,973,1040
24787,970,1037
24788,964,1036
24789,962,1035
24790,963,1036
24791,965,1040
24792,965,1039
24793,966,1037
24794,962,1039
24795,964,1038
24796,961,1042
24797,967,1042
24798,971,1042
24799,969,1044
24800,965,1039
24801,963,1038
24802,964,1040
24803,968,1046
24804,971,1042
24805,971,1040
24806,967,1036
24807,967,1036
24808,968,1039
24809,969,1042
24810,969,1041
24811,965,1039
24812,964,1036
24813,963,1037
24814,965,1038
24815,966,1040
24816,972,1041
24817,972,1039
24818,970,1036
24819,966,1035
24820,968,1035
24821,968,1039
24822,968,1038
24823,967,1037
24824,963,1035
24825,965,1037
24826,962,1039
24827,968,1042
24828,971,1041
24829,969,1039
24830,966,1037
24831,965,1039
24832,967,1039
24833,968,1042
24834,970,1041
24835,969,1038
24836,963,1037
24837,964,1038
24838,963,1043
24839,966,1045
24840,968,1043
24841,966,1041
24842,962,1040
24843,961,1039
24844,963,1043
24845,963,1045
24846,965,1043
24847,964,1039
24848,960,1037
24849,960,1038
24850,961,1040
24851,965,1040
24852,966,1038
24853,969,1036
24854,964,1033
24855,963,1034
24856,963,1035
24857,966,1036
24858,971,1036
24859,968,1033
24860,962,1032
24861,967,1034
24862,970,1038
24863,973,1039
24864,974,1036
24865,973,1033
24866,975,1028
24867,976,1028
24868,987,1028
24869,1002,1028
24870,1020,1029
24871,1029,1023
24872,1047,1018
24873,1070,1016
24874,1102,1012
24875,1139,1009
24876,1180,1000
24877,1220,995
24878,1256,994
24879,1287,1001
24880,1308,1022
24881,1310,1035
24882,1280,1039
24883,1220,1039
24884,1149,1045
24885,1074,1056
24886,1001,1064
24887,950,1069
24888,933,1067
24889,933,1061
24890,947,1052
24891,956,1046
24892,962,1040
24893,965,1040
24894,964,1038
24895,960,1036
24896,954,1031
24897,956,1031
24898,957,1032
24899,959,1036
24900,959,1035
24901,954,1033
24902,956,1029
24903,952,1033
24904,952,1035
24905,953,1037
24906,954,1038
24907,953,1035
24908,949,1035
24909,943,1035
24910,947,1036
24911,954,1039
24912,956,1042
24913,957,1038
24914,951,1035
24915,948,1034
24916,949,1037
24917,950,1040
24918,953,1041
24919,952,1037
24920,950,1036
24921,946,1038
24922,950,1040
24923,952,1043
24924,954,1042
24925,954,1039
24926,947,1038
24927,950,1039
24928,950,1041
24929,950,1044
24930,955,1042
24931,955,1039
24932,951,1037
24933,952,1039
24934,954,1039
24935,956,1039
24936,957,1037
24937,954,1037
24938,951,1033
24939,950,1036
24940,951,1035
24941,956,1034
24942,957,1033
24943,959,1031
24944,956,1028
24945,957,1027
24946,958,1030
24947,961,1032
24948,962,1031
24949,962,1024
24950,963,1022
24951,958,1027
24952,961,1028
24953,966,1029
24954,969,1030
24955,971,1026
24956,970,1024
24957,969,1024
24958,970,1023
24959,973,1025
24960,976,1023
24961,979,1022
24962,978,1019
24963,975,1018
24964,979,1021
24965,985,1021
24966,989,1020
24967,990,1015
24968,989,1012
24969,985,1010
24970,987,1012
24971,986,1014
24972,994,1014
24973,994,1012
24974,993,1010
24975,991,1007
24976,991,1007
24977,994,1007
24978,1000,1008
24979,996,1007
24980,994,1005
24981,992,1005
24982,995,1005
24983,1000,1009
24984,1003,1009
24985,1003,1005
24986,1000,1002
24987,999,1002
24988,1000,1003
24989,1003,1006
24990,1006,1009
24991,1003,1004
24992,998,1005
24993,997,1006
24994,995,1011
24995,998,1013
24996,1000,1016
24997,995,1013
24998,994,1014
24999,988,1015
25000,989,1018
25001,988,1023
25002,990,1024
25003,988,1024
25004,982,1024
25005,980,1026
25006,976,1029
25007,976,1035
25008,975,1038
25009,972,1035
25010,971,1032
25011,969,1035
25012,968,1038
25013,969,1041
25014,971,1044
25015,967,1041
25016,961,1039
25017,958,1038
25018,960,1042
25019,962,1045
25020,963,1046
25021,962,1040
25022,959,1041
25023,955,1039
25024,957,1043
25025,958,1048
25026,960,1045
25027,962,1043
25028,959,1037
25029,956,1041
25030,963,1042
25031,963,1048
25032,964,1046
25033,964,1042
25034,963,1042
25035,958,1040
25036,958,1043
25037,961,1046
25038,964,1045
25039,966,1041
25040,966,1040
25041,963,1039
25042,961,1040
25043,966,1043
25044,965,1039
25045,969,1038
25046,967,1033
25047,965,1032
25048,966,1034
25049,968,1040
25050,971,1038
25051,969,1036
25052,969,1032
25053,968,1033
25054,972,1035
25055,972,1040
25056,976,1035
25057,975,1034
25058,973,1033
25059,973,1031
25060,973,1032
25061,977,1035
25062,981,1034
25063,977,1034
25064,971,1030
25065,971,1033
25066,975,1034
25067,978,1036
25068,978,1036
25069,977,1034
25070,972,1030
25071,971,1028
25072,971,1031
25073,973,1037
25074,973,1035
25075,972,1033
25076,967,1031
25077,970,1031
25078,972,1035
25079,969,1039
25080,969,1038
25081,965,1035
25082,964,1031
25083,963,1032
25084,964,1034
25085,967,1041
25086,967,1040
25087,971,1038
25088,968,1035
25089,961,1033
25090,963,1038
25091,964,1039
25092,967,1039
25093,967,1035
25094,967,1033
25095,963,1029
25096,966,1032
25097,971,1033
25098,974,1034
25099,975,1033
25100,971,1029
25101,966,1027
25102,964,1031
25103,965,1032
25104,967,1035
25105,969,1031
25106,964,1031
25107,965,1030
25108,967,1032
25109,971,1038
25110,972,1035
25111,972,1032
25112,967,1030
25113,963,1031
25114,963,1032
25115,965,1036
25116,971,1036
25117,968,1033
25118,968,1029
25119,963,1029
25120,970,1031
25121,971,1035
25122,972,1033
25123,969,1031
25124,964,1030
25125,963,1031
25126,965,1033
25127,965,1035
25128,967,1031
25129,965,1029
25130,964,1027
25131,964,1027
25132,963,1029
25133,963,1032
25134,968,1031
25135,964,1029
25136,964,1026
25137,962,1027
25138,963,1028
25139,967,1031
25140,969,1030
25141,967,1027
25142,964,1027
25143,960,1027
25144,962,1035
25145,965,1037
25146,969,1035
25147,966,1033
25148,961,1031
25149,961,1033
25150,962,1033
25151,967,1035
25152,971,1035
25153,967,1032
25154,965,1030
25155,962,1031
25156,966,1033
25157,969,1037
25158,971,1035
25159,976,1034
25160,970,1030
25161,966,1030
25162,965,1033
25163,967,1039
25164,972,1039
25165,970,1036
25166,967,1031
25167,966,1032
25168,965,1035
25169,968,1036
25170,970,1036
25171,970,1031
25172,970,1028
25173,969,1029
25174,968,1030
25175,972,1033
25176,977,1033
25177,975,1033
25178,973,1030
25179,971,1029
25180,978,1030
25181,977,1032
25182,982,1031
25183,981,1028
25184,981,1023
25185,984,1019
25186,993,1020
25187,1010,1023
25188,1026,1018
25189,1048,1012
25190,1071,1008
25191,1096,1003
25192,1128,997
25193,1165,990
25194,1203,984
25195,1237,986
25196,1264,990
25197,1285,1003
25198,1294,1019
25199,1277,1032
25200,1232,1031
25201,1173,1035
25202,1110,1042
25203,1047,1050
25204,992,1054
25205,960,1057
25206,948,1054
25207,954,1045
25208,962,1032
25209,971,1027
25210,973,1026
25211,973,1025
25212,971,1023
25213,968,1022
25214,962,1021
25215,960,1022
25216,960,1025
25217,962,1028
25218,964,1028
25219,962,1024
25220,957,1022
25221,955,1025
25222,954,1029
25223,959,1032
25224,959,1030
25225,957,1028
25226,951,1024
25227,947,1027
25228,950,1029
25229,955,1031
25230,961,1029
25231,960,1029
25232,955,1026
25233,952,1030
25234,952,1033
25235,953,1034
25236,958,1036
25237,957,1033
25238,955,1031
25239,954,1032
25240,956,1034
25241,959,1036
25242,962,1033
25243,962,1034
25244,955,1030
25245,953,1029
25246,956,1031
25247,961,1031
25248,965,1034
25249,963,1032
25250,963,1027
25251,962,1028
25252,961,1028
25253,965,1031
25254,966,1028
25255,966,1024
25256,960,1022
25257,961,1023
25258,963,1025
25259,966,1027
25260,969,1027
25261,966,1024
25262,964,1021
25263,965,1022
25264,964,1022
25265,968,1024
25266,970,1024
25267,970,1019
25268,970,1017
25269,969,1017
25270,970,1017
25271,973,1020
25272,977,1018
25273,976,1014
25274,973,1007
25275,976,1009
25276,981,1015
25277,986,1017
25278,992,1015
25279,994,1011
25280,992,1009
25281,990,1007
25282,989,1011
25283,993,1017
25284,1001,1015
25285,1002,1014
25286,1000,1007
25287,999,1004
25288,1002,1005
25289,1005,1007
25290,1008,1007
25291,1007,1001
25292,1006,1000
25293,1004,998
25294,1010,1000
25295,1012,1003
25296,1015,999
25297,1016,997
25298,1014,996
25299,1013,995
25300,1013,999
25301,1014,1000
25302,1015,999
25303,1012,997
25304,1008,994
25305,1006,1000
25306,1006,1004
25307,1007,1009
25308,1009,1007
25309,1006,1009
25310,1002,1007
25311,999,1010
25312,996,1014
25313,997,1018
25314,997,1018
25315,993,1019
25316,986,1019
25317,984,1022
25318,982,1024
25319,979,1028
25320,981,1028
25321,977,1030
25322,974,1026
25323,970,1026
25324,970,1030
25325,973,1037
25326,976,1037
25327,974,1031
25328,972,1032
25329,969,1033
25330,972,1040
25331,976,1044
25332,975,1043
25333,976,1043
25334,969,1041
25335,968,1038
25336,970,1041
25337,971,1042
25338,976,1040
25339,975,1039
25340,974,1035
25341,972,1032
25342,974,1035
25343,980,1035
25344,981,1035
25345,981,1033
25346,979,1029
25347,977,1032
25348,979,1033
25349,983,1033
25350,985,1034
25351,984,1030
25352,980,1026
25353,981,1028
25354,985,1029
25355,991,1031
25356,998,1031
25357,999,1029
25358,1003,1027
25359,1005,1031
25360,1007,1035
25361,1016,1040
25362,1026,1041
25363,1033,1036
25364,1041,1026
25365,1053,1016
25366,1063,1003
25367,1077,989
25368,1091,974
25369,1106,962
25370,1118,952
25371,1129,939
25372,1148,931
25373,1165,917
25374,1185,896
25375,1197,877
25376,1211,860
25377,1219,852
25378,1231,843
25379,1241,842
25380,1244,838
25381,1242,833
25382,1237,831
25383,1234,831
25384,1229,833
25385,1225,835
25386,1216,833
25387,1199,832
25388,1178,830
25389,1157,836
25390,1137,846
25391,1118,859
25392,1098,867
25393,1075,874
25394,1056,883
25395,1044,895
25396,1037,909
25397,1034,923
25398,1032,933
25399,1027,941
25400,1024,946
25401,1021,957
25402,1030,968
25403,1042,978
25404,1056,981
25405,1073,980
25406,1074,982
25407,1065,989
25408,1046,1000
25409,1021,1010
25410,994,1017
25411,967,1027
25412,950,1035
25413,934,1049
25414,932,1061
25415,930,1070
25416,923,1071
25417,921,1070
25418,917,1071
25419,912,1075
25420,911,1080
25421,909,1083
25422,910,1082
25423,906,1082
25424,902,1082
25425,899,1081
25426,897,1082
25427,898,1090
25428,896,1090
25429,894,1087
25430,892,1088
25431,889,1087
25432,890,1088
25433,890,1093
25434,894,1092
25435,892,1091
25436,888,1092
25437,888,1094
25438,888,1100
25439,885,1102
25440,889,1102
25441,888,1102
25442,882,1103
25443,876,1105
25444,879,1108
25445,881,1111
25446,884,1113
25447,882,1112
25448,879,1113
25449,874,1116
25450,878,1119
25451,880,1123
25452,879,1128
25453,879,1130
25454,876,1127
25455,876,1130
25456,879,1133
25457,879,1140
25458,879,1141
25459,879,1139
25460,873,1144
25461,870,1145
25462,877,1151
25463,880,1156
25464,880,1155
25465,879,1152
25466,878,1152
25467,876,1154
25468,878,1157
25469,881,1160
25470,884,1159
25471,886,1156
25472,886,1154
25473,890,1153
25474,893,1153
25475,898,1154
25476,904,1152
25477,904,1149
25478,906,1145
25479,908,1145
25480,913,1145
25481,921,1143
25482,924,1142
25483,925,1138
25484,929,1131
25485,932,1128
25486,937,1124
25487,943,1124
25488,947,1118
25489,949,1110
25490,952,1103
25491,953,1101
25492,952,1098
25493,959,1096
25494,959,1091
25495,962,1085
25496,960,1075
25497,960,1073
25498,963,1071
25499,964,1069
25500,962,1065
25501,965,1060
25502,962,1055
25503,960,1051
25504,962,1052
25505,965,1053
25506,963,1047
25507,960,1044
25508,957,1038
25509,957,1039
25510,955,1041
25511,955,1041
25512,958,1042
25513,960,1040
25514,956,1036
25515,957,1039
25516,958,1035
25517,960,1037
25518,958,1033
25519,957,1030
25520,954,1028
25521,954,1027
25522,955,1032
25523,961,1033
25524,960,1033
25525,960,1028
25526,960,1026
25527,955,1027
25528,956,1028
25529,962,1033
25530,963,1032
25531,959,1033
25532,958,1033
25533,960,1031
25534,961,1031
25535,964,1037
25536,968,1036
25537,966,1034
25538,967,1029
25539,964,1031
25540,968,1034
25541,967,1038
25542,970,1036
25543,969,1034
25544,971,1030
25545,969,1029
25546,971,1031
25547,973,1034
25548,975,1033
25549,973,1030
25550,970,1029
25551,968,1027
25552,970,1028
25553,977,1030
25554,975,1030
25555,974,1029
25556,970,1028
25557,968,1023
25558,971,1026
25559,973,1027
25560,972,1027
25561,969,1024
25562,967,1020
25563,965,1020
25564,966,1022
25565,969,1027
25566,971,1028
25567,969,1026
25568,968,1022
25569,966,1024
25570,966,1025
25571,967,1027
25572,972,1026
25573,971,1022
25574,968,1019
25575,966,1022
25576,967,1024
25577,971,1029
25578,975,1027
25579,973,1024
25580,970,1019
25581,971,1021
25582,972,1025
25583,973,1027
25584,974,1030
25585,973,1027
25586,970,1022
25587,971,1022
25588,973,1025
25589,973,1032
25590,975,1029
25591,974,1028
25592,972,1021
25593,969,1025
25594,969,1028
25595,974,1033
25596,974,1032
25597,973,1031
25598,971,1027
25599,968,1029
25600,971,1031
25601,973,1032
25602,978,1029
25603,974,1026
25604,970,1026
25605,968,1026
25606,971,1030
25607,975,1030
25608,977,1030
25609,976,1027
25610,976,1025
25611,971,1026
25612,970,1027
25613,968,1031
25614,971,1031
25615,965,1030
25616,962,1028
25617,961,1026
25618,963,1025
25619,964,1026
25620,966,1024
25621,964,1019
25622,963,1020
25623,960,1022
25624,963,1024
25625,966,1027
25626,968,1024
25627,968,1023
25628,964,1021
25629,964,1022
25630,967,1023
25631,969,1030
25632,970,1025
25633,966,1024
25634,963,1023
25635,965,1021
25636,964,1024
25637,969,1026
25638,971,1027
25639,969,1022
25640,967,1019
25641,967,1023
25642,966,1025
25643,972,1029
25644,974,1023
25645,971,1022
25646,968,1019
25647,967,1024
25648,970,1027
25649,975,1028
25650,977,1026
25651,977,1023
25652,972,1021
25653,970,1022
25654,971,1026
25655,973,1028
25656,972,1028
25657,977,1024
25658,975,1024
25659,972,1027
25660,977,1029
25661,978,1033
25662,979,1031
25663,978,1027
25664,976,1025
25665,973,1026
25666,973,1031
25667,976,1033
25668,978,1033
25669,976,1031
25670,974,1028
25671,973,1030
25672,974,1033
25673,983,1033
25674,983,1027
25675,980,1024
25676,976,1022
25677,977,1021
25678,977,1025
25679,978,1032
25680,980,1028
25681,978,1026
25682,980,1025
25683,983,1026
25684,984,1029
25685,989,1030
25686,992,1031
25687,992,1025
25688,992,1019
25689,998,1020
25690,1011,1018
25691,1028,1018
25692,1047,1016
25693,1068,1012
25694,1095,1006
25695,1126,1001
25696,1164,995
25697,1202,990
25698,1237,987
25699,1269,988
25700,1293,994
25701,1305,1011
25702,1305,1025
25703,1280,1032
25704,1237,1032
25705,1171,1031
25706,1113,1036
25707,1052,1044
25708,994,1052
25709,962,1056
25710,950,1052
25711,955,1047
25712,962,1037
25713,972,1029
25714,977,1027
25715,980,1029
25716,977,1029
25717,972,1026
25718,965,1026
25719,960,1026
25720,964,1025
25721,964,1027
25722,967,1024
25723,966,1019
25724,962,1019
25725,960,1021
25726,958,1024
25727,961,1025
25728,962,1025
25729,961,1020
25730,957,1021
25731,955,1024
25732,957,1026
25733,960,1029
25734,961,1028
25735,964,1022
25736,960,1023
25737,960,1024
25738,962,1027
25739,966,1033
25740,968,1027
25741,970,1026
25742,965,1024
25743,964,1026
25744,964,1026
25745,967,1031
25746,967,1029
25747,968,1027
25748,964,1024
25749,961,1023
25750,963,1025
25751,966,1027
25752,969,1026
25753,963,1022
25754,965,1020
25755,962,1021
25756,963,1020
25757,969,1024
25758,970,1021
25759,966,1020
25760,962,1017
25761,961,1015
25762,962,1020
25763,966,1024
25764,967,1022
25765,967,1019
25766,968,1019
25767,965,1021
25768,968,1024
25769,971,1027
25770,975,1025
25771,975,1022
25772,970,1017
25773,971,1017
25774,974,1016
25775,978,1018
25776,981,1015
25777,984,1013
25778,980,1012
25779,981,1011
25780,982,1013
25781,986,1015
25782,987,1014
25783,988,1012
25784,987,1008
25785,989,1005
25786,996,1009
25787,1000,1011
25788,1000,1008
25789,1001,1003
25790,1000,999
25791,996,997
25792,1001,999
25793,1007,1002
25794,1007,1001
25795,1007,996
25796,1007,993
25797,1005,991
25798,1008,996
25799,1011,996
25800,1013,993
25801,1011,990
25802,1008,986
25803,1010,989
25804,1012,989
25805,1016,991
25806,1019,990
25807,1018,986
25808,1011,984
25809,1009,985
25810,1010,987
25811,1011,989
25812,1013,994
25813,1014,989
25814,1010,989
25815,1007,993
25816,1010,1002
25817,1012,1005
25818,1012,1008
25819,1008,1006
25820,1004,1005
25821,1003,1009
25822,999,1015
25823,1002,1018
25824,1002,1019
25825,999,1020
25826,995,1018
25827,992,1021
25828,995,1027
25829,994,1029
25830,993,1031
25831,988,1028
25832,986,1030
25833,981,1029
25834,981,1030
25835,985,1031
25836,986,1031
25837,987,1026
25838,983,1028
25839,984,1029
25840,989,1031
25841,988,1032
25842,987,1030
25843,986,1028
25844,984,1026
25845,981,1026
25846,986,1027
25847,987,1030
25848,987,1028
25849,987,1026
25850,988,1021
25851,987,1022
25852,983,1024
25853,987,1024
25854,988,1024
25855,986,1023
25856,981,1022
25857,979,1020
25858,983,1024
25859,983,1028
25860,988,1029
25861,984,1023
25862,979,1018
25863,979,1020
25864,981,1022
25865,985,1026
25866,984,1023
25867,982,1023
25868,983,1021
25869,980,1023
25870,983,1027
25871,987,1031
25872,990,1029
25873,987,1027
25874,988,1024
25875,984,1024
25876,984,1026
25877,989,1029
25878,990,1027
25879,986,1024
25880,983,1024
25881,983,1024
25882,986,1026
25883,988,1027
25884,990,1028
25885,990,1024
25886,985,1021
25887,982,1023
25888,985,1027
25889,988,1026
25890,990,1026
25891,988,1024
25892,981,1020
25893,983,1018
25894,984,1020
25895,987,1023
25896,987,1022
25897,984,1021
25898,978,1019
25899,978,1021
25900,983,1021
25901,989,1022
25902,989,1018
25903,986,1018
25904,982,1017
25905,979,1015
25906,976,1015
25907,978,1022
25908,986,1021
25909,987,1020
25910,985,1016
25911,984,1017
25912,984,1023
25913,989,1025
25914,986,1023
25915,985,1019
25916,982,1019
25917,983,1023
25918,983,1025
25919,981,1025
25920,983,1027
25921,984,1024
25922,983,1025
25923,982,1025
25924,983,1028
25925,983,1031
25926,984,1028
25927,984,1026
25928,980,1024
25929,977,1025
25930,981,1027
25931,986,1029
25932,986,1028
25933,985,1024
25934,983,1021
25935,982,1022
25936,983,1019
25937,993,1020
25938,1000,1018
25939,1010,1013
25940,1024,1012
25941,1045,1013
25942,1074,1011
25943,1106,1007
25944,1144,999
25945,1187,989
25946,1223,984
25947,1260,987
25948,1296,996
25949,1319,1010
25950,1316,1022
25951,1286,1024
25952,1238,1021
25953,1171,1027
25954,1107,1036
25955,1040,1051
25956,979,1059
25957,933,1061
25958,925,1059
25959,936,1051
25960,953,1045
25961,967,1039
25962,975,1033
25963,978,1025
25964,973,1023
25965,968,1023
25966,966,1027
25967,970,1029
25968,970,1027
25969,969,1024
25970,962,1023
25971,960,1024
25972,962,1027
25973,964,1027
25974,966,1029
25975,963,1026
25976,958,1024
25977,959,1024
25978,958,1025
25979,961,1025
25980,962,1027
25981,960,1025
25982,955,1022
25983,954,1018
25984,958,1021
25985,960,1026
25986,958,1023
25987,957,1020
25988,953,1018
25989,952,1019
25990,956,1022
25991,961,1025
25992,965,1024
25993,960,1023
25994,956,1019
25995,954,1020
25996,957,1023
25997,961,1028
25998,958,1026
25999,961,1021
26000,958,1020
26001,960,1018
26002,961,1023
26003,964,1027
26004,966,1024
26005,962,1023
26006,963,1017
26007,963,1018
26008,965,1022
26009,966,1024
26010,967,1023
26011,969,1019
26012,967,1017
26013,968,1019
26014,967,1019
26015,972,1020
26016,973,1019
26017,975,1014
26018,972,1012
26019,974,1014
26020,977,1014
26021,980,1012
26022,980,1012
26023,981,1006
26024,979,1002
26025,979,1002
26026,980,1004
26027,988,1007
26028,987,1004
26029,986,1000
26030,986,996
26031,984,998
26032,987,998
26033,990,1001
26034,994,1000
26035,994,997
26036,988,996
26037,987,994
26038,992,996
26039,996,999
26040,999,995
26041,997,991
26042,995,990
26043,996,992
26044,995,995
26045,996,996
26046,1000,996
26047,997,994
26048,995,993
26049,997,995
26050,998,998
26051,1001,1001
26052,1001,1002
26053,1001,998
26054,996,998
26055,993,1001
26056,996,1006
26057,998,1011
26058,997,1012
26059,993,1012
26060,985,1014
26061,982,1017
26062,983,1019
26063,983,1023
26064,983,1018
26065,981,1022
26066,975,1019
26067,971,1021
26068,969,1024
26069,975,1027
26070,974,1026
26071,970,1026
26072,967,1023
26073,964,1026
26074,965,1033
26075,968,1035
26076,968,1034
26077,966,1031
26078,964,1027
26079,963,1031
26080,967,1034
26081,973,1036
26082,970,1034
26083,965,1031
26084,964,1030
26085,961,1033
26086,962,1033
26087,969,1036
26088,971,1033
26089,969,1031
26090,969,1027
26091,968,1029
26092,968,1032
26093,972,1035
26094,973,1035
26095,970,1030
26096,971,1028
26097,967,1028
26098,972,1031
26099,974,1030
26100,971,1029
26101,973,1028
26102,970,1028
26103,971,1031
26104,974,1032
26105,975,1035
26106,974,1033
26107,978,1030
26108,974,1027
26109,976,1026
26110,976,1028
26111,977,1033
26112,979,1033
26113,977,1029
26114,973,1024
26115,971,1027
26116,974,1031
26117,979,1035
26118,978,1033
26119,977,1033
26120,972,1029
26121,972,1032
26122,973,1033
26123,974,1038
26124,976,1038
26125,975,1033
26126,973,1031
26127,971,1034
26128,973,1035
26129,974,1038
26130,975,1037
26131,972,1035
26132,969,1033
26133,969,1033
26134,973,1036
26135,975,1040
26136,976,1037
26137,976,1034
26138,973,1033
26139,974,1035
26140,975,1033
26141,973,1035
26142,975,1035
26143,974,1033
26144,975,1031
26145,975,1031
26146,975,1031
26147,976,1031
26148,977,1028
26149,973,1026
26150,970,1026
26151,966,1027
26152,970,1026
26153,972,1031
26154,974,1030
26155,974,1026
26156,973,1023
26157,971,1025
26158,976,1028
26159,979,1031
26160,977,1030
26161,972,1029
26162,972,1026
26163,971,1028
26164,977,1032
26165,979,1033
26166,982,1030
26167,980,1027
26168,976,1024
26169,978,1026
26170,981,1027
26171,989,1024
26172,1003,1023
26173,1019,1015
26174,1033,1012
26175,1062,1013
26176,1098,1012
26177,1145,1007
26178,1194,995
26179,1238,988
26180,1274,986
26181,1310,994
26182,1328,1014
26183,1314,1029
26184,1273,1029
26185,1204,1028
26186,1132,1035
26187,1053,1046
26188,980,1056
26189,941,1062
26190,931,1058
26191,942,1048
26192,956,1037
26193,969,1030
26194,975,1028
26195,977,1029
26196,974,1029
26197,969,1027
26198,966,1024
26199,960,1028
26200,962,1030
26201,966,1032
26202,964,1035
26203,961,1033
26204,959,1029
26205,954,1031
26206,954,1033
26207,956,1038
26208,958,1032
26209,955,1030
26210,951,1029
26211,951,1029
26212,955,1029
26213,956,1034
26214,954,1035
26215,952,1031
26216,949,1031
26217,948,1033
26218,950,1035
26219,952,1039
26220,953,1037
26221,951,1031
26222,952,1032
26223,952,1035
26224,954,1034
26225,957,1038
26226,959,1037
26227,957,1033
26228,957,1032
26229,957,1031
26230,958,1033
26231,962,1037
26232,966,1036
26233,966,1034
26234,964,1029
26235,963,1028
26236,963,1030
26237,969,1030
26238,970,1029
26239,970,1024
26240,969,1022
26241,966,1023
26242,972,1026
26243,976,1027
26244,973,1026
26245,974,1021
26246,971,1016
26247,975,1017
26248,978,1019
26249,980,1021
26250,983,1017
26251,984,1013
26252,985,1009
26253,983,1009
26254,985,1012
26255,987,1012
26256,987,1007
26257,985,1005
26258,983,1003
26259,985,1004
26260,988,1004
26261,992,1005
26262,992,1005
26263,993,1000
26264,991,998
26265,989,999
26266,991,1002
26267,994,1003
26268,997,1001
26269,999,996
26270,996,993
26271,1003,994
26272,1006,996
26273,1010,997
26274,1012,998
26275,1010,998
26276,1010,996
26277,1009,997
26278,1012,999
26279,1012,1000
26280,1014,1000
26281,1009,1000
26282,1004,997
26283,1004,1003
26284,1003,1007
26285,1002,1012
26286,1002,1012
26287,1000,1013
26288,994,1014
26289,993,1016
26290,993,1019
26291,996,1020
26292,996,1025
26293,988,1024
26294,985,1024
26295,983,1027
26296,983,1029
26297,984,1034
26298,985,1036
26299,982,1031
26300,978,1034
26301,977,1033
26302,981,1039
26303,982,1038
26304,982,1039
26305,981,1037
26306,978,1034
26307,980,1035
26308,977,1037
26309,981,1039
26310,981,1039
26311,979,1040
26312,975,1038
26313,976,1038
26314,979,1040
26315,985,1046
26316,990,1040
26317,992,1033
26318,994,1033
26319,998,1035
26320,1007,1041
26321,1012,1039
26322,1015,1042
26323,1018,1042
26324,1023,1040
26325,1032,1038
26326,1048,1032
26327,1066,1021
26328,1079,1004
26329,1089,988
26330,1103,974
26331,1120,963
26332,1137,952
26333,1152,944
26334,1164,930
26335,1174,910
26336,1187,886
26337,1209,867
26338,1232,853
26339,1255,844
26340,1267,833
26341,1267,823
26342,1256,822
26343,1248,823
26344,1247,825
26345,1245,824
26346,1234,822
26347,1214,816
26348,1195,813
26349,1169,819
26350,1142,828
26351,1120,835
26352,1096,844
26353,1069,853
26354,1043,864
26355,1031,882
26356,1025,898
26357,1023,914
26358,1019,923
26359,1016,931
26360,1008,940
26361,1008,953
26362,1019,965
26363,1037,976
26364,1062,986
26365,1082,988
26366,1088,990
26367,1079,999
26368,1052,1013
26369,1017,1020
26370,978,1030
26371,951,1036
26372,935,1047
26373,930,1060
26374,933,1070
26375,932,1076
26376,928,1074
26377,921,1075
26378,914,1077
26379,908,1078
26380,906,1082
26381,908,1089
26382,904,1089
26383,902,1089
26384,899,1091
26385,895,1091
26386,898,1092
26387,898,1095
26388,895,1095
26389,891,1094
26390,883,1094
26391,883,1095
26392,881,1100
26393,888,1106
26394,886,1103
26395,884,1103
26396,879,1104
26397,880,1106
26398,882,1110
26399,883,1115
26400,883,1114
26401,882,1116
26402,881,1115
26403,877,1117
26404,881,1121
26405,884,1126
26406,888,1127
26407,887,1127
26408,880,1128
26409,880,1131
26410,883,1134
26411,885,1136
26412,884,1135
26413,883,1133
26414,878,1136
26415,879,1138
26416,882,1144
26417,886,1147
26418,886,1150
26419,888,1146
26420,887,1148
26421,890,1152
26422,892,1155
26423,897,1158
26424,898,1157
26425,904,1156
26426,903,1154
26427,902,1157
26428,905,1159
26429,906,1162
26430,911,1159
26431,912,1154
26432,911,1150
26433,915,1149
26434,919,1150
26435,927,1146
26436,926,1142
26437,933,1136
26438,932,1130
26439,938,1126
26440,942,1127
26441,951,1123
26442,954,1116
26443,951,1108
26444,955,1101
26445,958,1099
26446,960,1096
26447,959,1092
26448,960,1088
26449,960,1078
26450,957,1072
26451,962,1069
26452,964,1066
26453,970,1066
26454,967,1060
26455,968,1056
26456,962,1049
26457,966,1049
26458,968,1050
26459,971,1049
26460,970,1045
26461,966,1041
26462,964,1039
26463,963,1038
26464,964,1041
26465,964,1043
26466,963,1040
26467,960,1037
26468,958,1033
26469,959,1034
26470,962,1034
26471,965,1035
26472,967,1031
26473,964,1030
26474,953,1029
26475,956,1031
26476,958,1035
26477,964,1035
26478,968,1036
26479,963,1031
26480,962,1028
26481,963,1030
26482,968,1030
26483,970,1033
26484,971,1029
26485,970,1030
26486,969,1027
26487,969,1028
26488,972,1029
26489,975,1033
26490,975,1031
26491,972,1029
26492,970,1027
26493,971,1028
26494,972,1029
26495,976,1032
26496,976,1029
26497,975,1024
26498,973,1024
26499,971,1028
26500,978,1031
26501,976,1033
26502,976,1031
26503,970,1026
26504,970,1024
26505,971,1028
26506,971,1029
26507,972,1031
26508,973,1027
26509,974,1025
26510,974,1023
26511,974,1027
26512,973,1029
26513,973,1032
26514,974,1029
26515,972,1025
26516,970,1027
26517,962,1027
26518,968,1030
26519,968,1031
26520,971,1029
26521,969,1027
26522,965,1026
26523,966,1027
26524,969,1031
26525,967,1030
26526,969,1027
26527,968,1026
26528,966,1024
26529,967,1024
26530,971,1026
26531,975,1027
26532,976,1026
26533,973,1022
26534,969,1022
26535,974,1023
26536,977,1023
26537,982,1025
26538,980,1023
26539,976,1021
26540,973,1018
26541,973,1019
26542,972,1019
26543,974,1022
26544,974,1024
26545,974,1022
26546,972,1021
26547,971,1022
26548,968,1024
26549,971,1028
26550,970,1026
26551,967,1023
26552,968,1020
26553,969,1025
26554,973,1027
26555,975,1031
26556,976,1029
26557,973,1028
26558,972,1022
26559,972,1025
26560,973,1028
26561,973,1029
26562,972,1029
26563,970,1026
26564,968,1023
26565,970,1026
26566,974,1029
26567,975,1030
26568,971,1026
26569,970,1025
26570,971,1021
26571,970,1021
26572,972,1022
26573,972,1024
26574,975,1022
26575,977,1019
26576,974,1019
26577,973,1017
26578,975,1020
26579,976,1021
26580,975,1023
26581,975,1019
26582,973,1018
26583,976,1019
26584,979,1026
26585,981,1024
26586,979,1023
26587,975,1021
26588,970,1020
26589,968,1021
26590,971,1023
26591,976,1025
26592,980,1022
26593,979,1022
26594,976,1021
26595,974,1023
26596,975,1023
26597,981,1029
26598,980,1026
26599,977,1025
26600,973,1023
26601,978,1023
26602,983,1027
26603,986,1029
26604,986,1027
26605,980,1023
26606,978,1023
26607,980,1022
26608,981,1021
26609,990,1016
26610,1000,1012
26611,1008,1008
26612,1019,1007
26613,1036,1004
26614,1068,1000
26615,1109,997
26616,1154,986
26617,1198,975
26618,1238,975
26619,1278,988
26620,1303,1007
26621,1301,1023
26622,1264,1026
26623,1206,1025
26624,1136,1024
26625,1075,1035
26626,1010,1050
26627,959,1058
26628,925,1061
26629,924,1056
26630,939,1043
26631,958,1036
26632,969,1029
26633,973,1025
26634,973,1019
26635,968,1017
26636,963,1014
26637,964,1019
26638,970,1019
26639,968,1024
26640,963,1022
26641,959,1019
26642,959,1017
26643,959,1019
26644,956,1020
26645,958,1020
26646,962,1017
26647,960,1014
26648,957,1016
26649,958,1020
26650,956,1019
26651,957,1021
26652,957,1019
26653,953,1017
26654,952,1015
26655,953,1016
26656,955,1018
26657,958,1021
26658,956,1017
26659,958,1017
26660,956,1015
26661,956,1018
26662,956,1018
26663,962,1019
26664,960,1018
26665,960,1017
26666,956,1016
26667,956,1018
26668,959,1018
26669,960,1019
26670,960,1018
26671,960,1017
26672,956,1019
26673,956,1016
26674,958,1021
26675,962,1020
26676,961,1018
26677,960,1016
26678,960,1017
26679,957,1020
26680,964,1020
26681,966,1021
26682,964,1020
26683,960,1016
26684,959,1013
26685,963,1015
26686,967,1018
26687,968,1016
26688,969,1016
26689,967,1010
26690,965,1007
26691,964,1006
26692,967,1006
26693,974,1007
26694,974,1005
26695,972,1000
26696,969,999
26697,969,997
26698,970,998
26699,976,1000
26700,975,998
26701,976,993
26702,974,995
26703,977,994
26704,979,993
26705,981,996
26706,979,993
26707,978,987
26708,975,986
26709,975,985
26710,977,987
26711,983,991
26712,983,987
26713,979,984
26714,975,982
26715,981,983
26716,987,987
26717,995,987
26718,997,985
26719,996,982
26720,993,982
26721,996,983
26722,999,987
26723,1004,989
26724,1007,989
26725,1004,989
26726,1003,988
26727,1003,991
26728,1008,993
26729,1010,998
26730,1011,998
26731,1009,998
26732,1006,997
26733,1008,999
26734,1007,1002
26735,1008,1007
26736,1006,1008
26737,1004,1008
26738,1001,1010
26739,996,1011
26740,999,1016
26741,999,1017
26742,999,1017
26743,995,1019
26744,991,1017
26745,990,1020
26746,988,1023
26747,989,1024
26748,986,1022
26749,985,1023
26750,981,1021
26751,979,1023
26752,981,1024
26753,982,1027
26754,979,1025
26755,979,1025
26756,978,1022
26757,978,1024
26758,977,1028
26759,978,1031
26760,980,1029
26761,979,1022
26762,979,1024
26763,973,1028
26764,974,1030
26765,978,1031
26766,980,1030
26767,980,1029
26768,977,1031
26769,977,1032
26770,979,1031
26771,981,1029
26772,983,1027
26773,981,1026
26774,977,1025
26775,979,1027
26776,983,1029
26777,986,1031
26778,987,1028
26779,983,1028
26780,981,1023
26781,982,1026
26782,986,1027
26783,988,1028
26784,989,1027
26785,988,1024
26786,983,1022
26787,980,1022
26788,981,1029
26789,983,1027
26790,985,1027
26791,984,1024
26792,985,1020
26793,985,1023
26794,986,1024
26795,990,1026
26796,987,1022
26797,987,1019
26798,985,1017
26799,982,1020
26800,981,1022
26801,987,1024
26802,989,1023
26803,985,1021
26804,978,1020
26805,979,1019
26806,983,1023
26807,984,1026
26808,981,1024
26809,977,1019
26810,975,1015
26811,976,1019
26812,980,1022
26813,981,1023
26814,983,1023
26815,981,1022
26816,978,1021
26817,978,1024
26818,980,1027
26819,982,1029
26820,982,1026
26821,980,1027
26822,978,1026
26823,975,1032
26824,980,1029
26825,981,1031
26826,980,1027
26827,976,1026
26828,975,1027
26829,973,1028
26830,977,1033
26831,979,1030
26832,981,1034
26833,977,1030
26834,976,1030
26835,976,1031
26836,976,1032
26837,977,1034
26838,977,1034
26839,970,1031
26840,970,1030
26841,969,1031
26842,970,1033
26843,972,1033
26844,974,1031
26845,975,1029
26846,970,1030
26847,969,1030
26848,971,1032
26849,972,1031
26850,974,1030
26851,975,1029
26852,977,1027
26853,980,1029
26854,982,1031
26855,983,1030
26856,985,1027
26857,990,1021
26858,997,1017
26859,1008,1013
26860,1029,1013
26861,1053,1012
26862,1084,1008
26863,1119,998
26864,1157,989
26865,1207,982
26866,1250,982
26867,1291,993
26868,1314,1006
26869,1310,1016
26870,1276,1020
26871,1222,1022
26872,1161,1024
26873,1096,1037
26874,1023,1051
26875,961,1060
26876,923,1062
26877,924,1063
26878,941,1058
26879,959,1049
26880,966,1039
26881,968,1029
26882,967,1024
26883,968,1025
26884,968,1028
26885,965,1028
26886,965,1025
26887,959,1023
26888,958,1022
26889,953,1024
26890,956,1030
26891,960,1034
26892,958,1031
26893,954,1030
26894,953,1027
26895,950,1028
26896,952,1032
26897,957,1039
26898,961,1032
26899,958,1030
26900,955,1028
26901,955,1029
26902,958,1034
26903,960,1034
26904,960,1030
26905,957,1027
26906,950,1025
26907,949,1029
26908,952,1031
26909,959,1033
26910,957,1032
26911,956,1027
26912,955,1027
26913,951,1029
26914,953,1032
26915,953,1035
26916,951,1033
26917,952,1028
26918,948,1024
26919,949,1027
26920,952,1032
26921,955,1033
26922,957,1033
26923,957,1029
26924,954,1028
26925,954,1029
26926,956,1029
26927,957,1030
26928,959,1026
26929,958,1024
26930,955,1024
26931,957,1024
26932,957,1026
26933,965,1028
26934,967,1026
26935,965,1025
26936,961,1022
26937,962,1021
26938,965,1026
26939,967,1027
26940,967,1023
26941,966,1022
26942,969,1018
26943,969,1016
26944,970,1013
26945,974,1014
26946,978,1012
26947,975,1008
26948,974,1003
26949,973,1003
26950,975,1006
26951,978,1004
26952,981,1002
26953,980,999
26954,978,998
26955,981,998
26956,982,1000
26957,987,1002
26958,986,998
26959,982,995
26960,981,994
26961,984,998
26962,986,997
26963,991,999
26964,991,999
26965,990,994
26966,989,993
26967,990,994
26968,991,995
26969,994,998
26970,992,995
26971,991,994
26972,987,991
26973,991,995
26974,993,1000
26975,997,1003
26976,992,1002
26977,992,1001
26978,987,1004
26979,988,1008
26980,986,1011
26981,989,1012
26982,989,1013
26983,988,1011
26984,986,1013
26985,982,1017
26986,981,1021
26987,983,1022
26988,978,1023
26989,977,1024
26990,969,1029
26991,968,1031
26992,969,1034
26993,971,1035
26994,969,1036
26995,966,1034
26996,966,1036
26997,967,1039
26998,969,1041
26999,971,1042
27000,967,1042
27001,964,1042
27002,962,1041
27003,965,1041
27004,968,1046
27005,973,1046
27006,972,1045
27007,967,1040
27008,965,1041
27009,964,1044
27010,968,1045
27011,972,1048
27012,972,1047
27013,973,1043
27014,969,1041
27015,967,1040
27016,970,1043
27017,974,1041
27018,977,1038
27019,973,1035
27020,970,1035
27021,972,1036
27022,974,1034
27023,977,1037
27024,975,1035
27025,972,1032
27026,970,1030
27027,971,1033
27028,974,1034
27029,975,1036
27030,975,1032
27031,973,1028
27032,971,1027
27033,970,1027
27034,971,1030
27035,971,1031
27036,973,1027
27037,972,1024
27038,968,1026
27039,969,1026
27040,972,1028
27041,972,1028
27042,975,1030
27043,971,1026
27044,967,1026
27045,970,1029
27046,970,1028
27047,974,1029
27048,973,1029
27049,970,1025
27050,967,1028
27051,967,1028
27052,970,1031
27053,970,1032
27054,973,1031
27055,968,1031
27056,967,1030
27057,968,1031
27058,969,1036
27059,973,1038
27060,971,1036
27061,971,1034
27062,973,1035
27063,970,1037
27064,969,1040
27065,972,1040
27066,974,1036
27067,974,1036
27068,970,1038
27069,970,1039
27070,974,1043
27071,978,1040
27072,980,1038
27073,977,1034
27074,972,1033
27075,969,1034
27076,973,1037
27077,974,1037
27078,975,1038
27079,976,1036
27080,970,1032
27081,970,1033
27082,972,1036
27083,973,1041
27084,974,1042
27085,971,1038
27086,968,1037
27087,968,1038
27088,970,1040
27089,974,1041
27090,975,1040
27091,975,1037
27092,970,1036
27093,972,1037
27094,973,1039
27095,976,1039
27096,977,1039
27097,977,1035
27098,971,1035
27099,971,1038
27100,972,1039
27101,977,1041
27102,976,1040
27103,973,1038
27104,969,1038
27105,972,1039
27106,971,1036
27107,973,1038
27108,971,1035
27109,970,1032
27110,967,1032
27111,967,1034
27112,970,1035
27113,975,1034
27114,975,1033
27115,973,1032
27116,970,1031
27117,969,1032
27118,971,1036
27119,973,1036
27120,972,1036
27121,969,1034
27122,966,1034
27123,968,1036
27124,972,1041
27125,977,1041
27126,978,1038
27127,975,1033
27128,974,1036
27129,973,1036
27130,977,1038
27131,980,1037
27132,982,1033
27133,982,1030
27134,988,1028
27135,999,1028
27136,1014,1028
27137,1034,1030
27138,1054,1023
27139,1076,1021
27140,1100,1016
27141,1138,1008
27142,1180,1002
27143,1221,999
27144,1262,995
27145,1295,996
27146,1316,1005
27147,1316,1018
27148,1292,1030
27149,1243,1034
27150,1178,1036
27151,1100,1045
27152,1022,1054
27153,963,1061
27154,940,1067
27155,941,1065
27156,956,1054
27157,970,1043
27158,973,1037
27159,971,1032
27160,968,1031
27161,970,1031
27162,966,1029
27163,963,1026
27164,959,1027
27165,958,1028
27166,960,1029
27167,964,1030
27168,962,1029
27169,962,1028
27170,959,1028
27171,956,1029
27172,960,1030
27173,958,1032
27174,956,1032
27175,954,1029
27176,956,1027
27177,957,1031
27178,957,1033
27179,959,1038
27180,958,1034
27181,957,1031
27182,953,1030
27183,954,1029
27184,956,1034
27185,961,1034
27186,962,1036
27187,960,1032
27188,957,1031
27189,956,1032
27190,960,1036
27191,961,1035
27192,963,1034
27193,963,1030
27194,959,1031
27195,960,1033
27196,964,1034
27197,968,1037
27198,969,1036
27199,964,1032
27200,960,1030
27201,960,1031
27202,961,1031
27203,966,1033
27204,968,1029
27205,964,1029
27206,964,1026
27207,965,1031
27208,963,1030
27209,967,1033
27210,970,1028
27211,967,1026
27212,964,1023
27213,964,1024
27214,968,1027
27215,972,1027
27216,971,1024
27217,971,1020
27218,968,1020
27219,971,1018
27220,975,1019
27221,980,1019
27222,982,1019
27223,981,1015
27224,979,1011
27225,979,1015
27226,984,1015
27227,984,1015
27228,989,1010
27229,988,1007
27230,984,1004
27231,987,1009
27232,991,1010
27233,998,1012
27234,996,1009
27235,995,1004
27236,994,1001
27237,998,1001
27238,1001,1005
27239,1000,1007
27240,1006,1005
27241,1002,1005
27242,999,1000
27243,999,1002
27244,1004,1005
27245,1009,1005
27246,1011,1003
27247,1010,998
27248,1009,998
27249,1009,1002
27250,1012,1005
27251,1011,1009
27252,1012,1009
27253,1010,1006
27254,1008,1007
27255,1006,1010
27256,1006,1015
27257,1009,1017
27258,1007,1017
27259,1003,1021
27260,995,1020
27261,996,1024
27262,993,1027
27263,995,1028
27264,990,1026
27265,988,1027
27266,980,1025
27267,978,1033
27268,981,1037
27269,982,1038
27270,983,1035
27271,982,1030
27272,978,1033
27273,976,1031
27274,975,1033
27275,978,1034
27276,977,1033
27277,972,1033
27278,974,1033
27279,975,1034
27280,977,1038
27281,978,1037
27282,977,1034
27283,975,1030
27284,973,1030
27285,976,1034
27286,981,1038
27287,988,1040
27288,995,1035
27289,1000,1037
27290,1004,1039
27291,1007,1045
27292,1015,1049
27293,1023,1051
27294,1035,1046
27295,1043,1039
27296,1060,1027
27297,1074,1015
27298,1090,1005
27299,1108,991
27300,1125,979
27301,1138,967
27302,1152,953
27303,1167,936
27304,1185,920
27305,1204,902
27306,1224,880
27307,1242,864
27308,1250,852
27309,1260,842
27310,1260,837
27311,1261,840
27312,1255,835
27313,1246,832
27314,1235,828
27315,1229,828
27316,1217,830
27317,1201,829
27318,1178,829
27319,1153,830
27320,1125,834
27321,1099,843
27322,1076,856
27323,1057,867
27324,1039,879
27325,1032,887
27326,1028,901
27327,1025,917
27328,1024,928
27329,1022,938
27330,1020,945
27331,1023,954
27332,1028,965
27333,1047,975
27334,1067,986
27335,1081,993
27336,1073,997
27337,1054,1002
27338,1024,1009
27339,989,1019
27340,960,1031
27341,947,1041
27342,934,1052
27343,926,1058
27344,919,1063
27345,917,1065
27346,919,1071
27347,916,1073
27348,911,1075
27349,906,1074
27350,899,1077
27351,898,1079
27352,899,1085
27353,901,1089
27354,897,1088
27355,890,1084
27356,890,1084
27357,885,1088
27358,887,1092
27359,890,1096
27360,888,1094
27361,884,1093
27362,882,1092
27363,877,1095
27364,878,1100
27365,878,1100
27366,877,1100
27367,874,1098
27368,873,1100
27369,873,1104
27370,874,1110
27371,876,1108
27372,873,1108
27373,872,1108
27374,870,1108
27375,870,1111
27376,869,1113
27377,873,1119
27378,872,1117
27379,871,1115
27380,868,1114
27381,869,1121
27382,874,1122
27383,876,1125
27384,872,1126
27385,868,1125
27386,861,1130
27387,865,1135
27388,867,1135
27389,876,1139
27390,876,1140
27391,874,1136
27392,870,1136
27393,873,1139
27394,877,1143
27395,881,1144
27396,882,1145
27397,883,1144
27398,880,1146
27399,882,1146
27400,886,1150
27401,893,1151
27402,894,1151
27403,895,1149
27404,894,1147
27405,896,1150
27406,898,1149
27407,904,1147
27408,905,1144
27409,906,1141
27410,905,1139
27411,910,1137
27412,919,1136
27413,924,1133
27414,927,1130
27415,927,1120
27416,927,1117
27417,928,1115
27418,932,1115
27419,941,1111
27420,941,1108
27421,943,1103
27422,942,1096
27423,944,1095
27424,950,1092
27425,951,1091
27426,950,1082
27427,952,1078
27428,950,1074
27429,950,1071
27430,955,1071
27431,959,1070
27432,958,1065
27433,957,1059
27434,954,1056
27435,956,1055
27436,958,1056
27437,962,1052
27438,960,1050
27439,956,1044
27440,954,1042
27441,958,1048
27442,959,1045
27443,961,1046
27444,959,1042
27445,959,1038
27446,957,1036
27447,957,1036
27448,956,1039
27449,958,1040
27450,958,1037
27451,955,1035
27452,955,1035
27453,957,1037
27454,962,1038
27455,965,1036
27456,963,1033
27457,958,1031
27458,957,1030
27459,958,1031
27460,962,1034
27461,963,1033
27462,960,1034
27463,958,1031
27464,956,1031
27465,959,1036
27466,965,1037
27467,970,1038
27468,965,1037
27469,964,1032
27470,962,1032
27471,957,1035
27472,962,1038
27473,966,1038
27474,966,1035
27475,966,1032
27476,963,1032
27477,964,1034
27478,965,1039
27479,964,1037
27480,963,1036
27481,964,1033
27482,960,1032
27483,963,1032
27484,964,1034
27485,964,1034
27486,966,1032
27487,964,1028
27488,960,1025
27489,963,1031
27490,965,1033
27491,967,1034
27492,967,1033
27493,961,1030
27494,963,1025
27495,964,1027
27496,969,1029
27497,968,1031
27498,967,1027
27499,966,1025
27500,962,1026
27501,962,1027
27502,965,1027
27503,969,1028
27504,968,1028
27505,964,1024
27506,960,1025
27507,957,1025
27508,964,1029
27509,969,1032
27510,968,1030
27511,966,1027
27512,964,1027
27513,963,1028
27514,963,1032
27515,967,1035
27516,969,1032
27517,969,1032
27518,969,1029
27519,968,1030
27520,968,1033
27521,971,1035
27522,973,1035
27523,968,1029
27524,963,1027
27525,962,1033
27526,964,1036
27527,968,1036
27528,970,1034
27529,966,1031
27530,960,1030
27531,965,1032
27532,968,1032
27533,973,1031
27534,971,1031
27535,965,1026
27536,960,1025
27537,960,1026
27538,962,1028
27539,969,1027
27540,967,1025
27541,966,1021
27542,962,1022
27543,962,1024
27544,964,1026
27545,965,1026
27546,964,1026
27547,962,1024
27548,959,1024
27549,957,1027
27550,961,1030
27551,964,1028
27552,967,1027
27553,961,1023
27554,959,1023
27555,961,1029
27556,965,1030
27557,965,1033
27558,964,1029
27559,964,1027
27560,963,1024
27561,965,1028
27562,967,1031
27563,970,1032
27564,968,1030
27565,966,1026
27566,965,1025
27567,964,1028
27568,967,1033
27569,968,1035
27570,971,1031
27571,968,1030
27572,963,1028
27573,965,1030
27574,968,1032
27575,969,1033
27576,969,1031
27577,966,1027
27578,966,1026
27579,966,1030
27580,969,1031
27581,971,1033
27582,970,1030
27583,967,1027
27584,962,1025
27585,963,1025
27586,964,1027
27587,972,1029
27588,967,1026
27589,962,1024
27590,962,1025
27591,961,1026
27592,962,1028
27593,969,1026
27594,970,1024
27595,967,1021
27596,965,1023
27597,963,1027
27598,963,1028
27599,965,1029
27600,965,1026
27601,963,1027
27602,963,1029
27603,967,1031
27604,970,1030
27605,972,1031
27606,971,1028
27607,969,1025
27608,968,1025
27609,970,1028
27610,971,1031
27611,973,1033
27612,972,1033
27613,969,1032
27614,969,1030
27615,967,1031
27616,972,1032
27617,975,1031
27618,975,1031
27619,973,1031
27620,970,1027
27621,971,1031
27622,969,1031
27623,975,1033
27624,975,1029
27625,970,1027
27626,970,1023
27627,968,1024
27628,972,1027
27629,975,1022
27630,975,1022
27631,974,1019
27632,969,1017
27633,969,1021
27634,971,1023
27635,973,1027
27636,974,1022
27637,975,1022
27638,972,1020
27639,973,1023
27640,975,1025
27641,975,1026
27642,972,1021
27643,973,1021
27644,973,1025
27645,972,1026
27646,974,1028
27647,975,1027
27648,976,1026
27649,972,1024
27650,972,1023
27651,971,1026
27652,973,1029
27653,978,1028
27654,977,1028
27655,975,1023
27656,972,1026
27657,972,1028
27658,975,1030
27659,979,1030
27660,977,1028
27661,975,1026
27662,973,1025
27663,976,1028
27664,977,1032
27665,976,1033
27666,976,1029
27667,977,1025
27668,975,1022
27669,979,1026
27670,979,1029
27671,983,1031
27672,984,1025
27673,979,1022
27674,976,1023
27675,983,1025
27676,986,1024
27677,992,1023
27678,994,1020
27679,998,1014
27680,1003,1011
27681,1013,1012
27682,1025,1012
27683,1048,1011
27684,1075,1007
27685,1105,1001
27686,1135,993
27687,1174,986
27688,1215,984
27689,1255,984
27690,1284,988
27691,1304,996
27692,1306,1011
27693,1279,1020
27694,1233,1025
27695,1175,1026
27696,1115,1033
27697,1051,1037
27698,991,1045
27699,953,1049
27700,940,1054
27701,954,1049
27702,964,1040
27703,973,1030
27704,974,1025
27705,973,1026
27706,972,1030
27707,969,1029
27708,970,1026
27709,970,1025
27710,965,1021
27711,965,1026
27712,963,1029
27713,965,1028
27714,962,1029
27715,961,1025
27716,961,1026
27717,960,1028
27718,959,1029
27719,964,1030
27720,961,1027
27721,961,1026
27722,958,1027
27723,956,1030
27724,958,1031
27725,959,1031
27726,956,1029
27727,956,1025
27728,955,1023
27729,957,1026
27730,958,1028
27731,962,1028
27732,963,1026
27733,961,1025
27734,957,1025
27735,958,1025
27736,961,1027
27737,960,1028
27738,960,1026
27739,957,1025
27740,954,1024
27741,952,1024
27742,956,1026
27743,962,1029
27744,962,1026
27745,959,1026
27746,955,1022
27747,953,1024
27748,961,1026
27749,960,1024
27750,963,1022
27751,963,1021
27752,960,1023
27753,963,1023
27754,963,1024
27755,968,1022
27756,968,1021
27757,968,1016
27758,966,1015
27759,967,1019
27760,971,1021
27761,971,1022
27762,970,1022
27763,971,1017
27764,968,1020
27765,970,1022
27766,975,1024
27767,978,1024
27768,980,1025
27769,978,1021
27770,974,1020
27771,976,1022
27772,980,1019
27773,984,1025
27774,986,1020
27775,984,1015
27776,983,1014
27777,985,1014
27778,988,1016
27779,990,1017
27780,992,1011
27781,990,1007
27782,987,1003
27783,988,1008
27784,991,1009
27785,997,1008
27786,997,1005
27787,996,1002
27788,994,1001
27789,998,1003
27790,1000,1003
27791,1007,1003
27792,1006,1002
27793,1008,999
27794,1005,1000
27795,1007,999
27796,1010,1002
27797,1014,1000
27798,1017,999
27799,1013,997
27800,1014,994
27801,1017,996
27802,1017,1001
27803,1020,1002
27804,1017,1001
27805,1010,1001
27806,1009,1001
27807,1008,1007
27808,1011,1011
27809,1013,1013
27810,1010,1013
27811,1010,1014
27812,1004,1013
27813,1006,1017
27814,1004,1021
27815,1006,1025
27816,1001,1026
27817,996,1025
27818,994,1025
27819,993,1028
27820,996,1033
27821,997,1031
27822,994,1032
27823,991,1027
27824,984,1029
27825,982,1032
27826,983,1036
27827,987,1036
27828,986,1031
27829,985,1030
27830,979,1027
27831,980,1031
27832,985,1032
27833,987,1033
27834,984,1032
27835,981,1031
27836,975,1031
27837,978,1031
27838,980,1032
27839,982,1031
27840,980,1031
27841,977,1026
27842,974,1028
27843,977,1028
27844,978,1029
27845,981,1029
27846,980,1026
27847,979,1024
27848,975,1024
27849,975,1026
27850,979,1025
27851,984,1029
27852,987,1027
27853,983,1024
27854,983,1023
27855,981,1023
27856,985,1027
27857,990,1025
27858,988,1026
27859,987,1024
27860,986,1025
27861,986,1028
27862,989,1029
27863,992,1029
27864,993,1029
27865,989,1027
27866,988,1027
27867,987,1030
27868,988,1032
27869,990,1035
27870,990,1032
27871,987,1028
27872,985,1029
27873,984,1029
27874,992,1031
27875,993,1032
27876,995,1032
27877,993,1026
27878,985,1028
27879,986,1029
27880,991,1031
27881,992,1031
27882,990,1026
27883,989,1026
27884,986,1025
27885,983,1026
27886,984,1029
27887,985,1029
27888,984,1026
27889,978,1026
27890,977,1022
27891,979,1024
27892,983,1026
27893,982,1025
27894,982,1023
27895,978,1019
27896,978,1019
27897,978,1020
27898,982,1024
27899,983,1027
27900,980,1023
27901,975,1022
27902,975,1020
27903,978,1021
27904,977,1025
27905,981,1026
27906,982,1023
27907,979,1023
27908,972,1023
27909,975,1026
27910,979,1027
27911,983,1027
27912,980,1027
27913,978,1023
27914,974,1024
27915,976,1027
27916,981,1031
27917,984,1032
27918,982,1032
27919,977,1030
27920,975,1029
27921,975,1032
27922,976,1036
27923,979,1038
27924,980,1034
27925,980,1033
27926,980,1031
27927,983,1031
27928,983,1034
27929,984,1034
27930,985,1032
27931,981,1028
27932,980,1028
27933,982,1032
27934,985,1034
27935,985,1033
27936,986,1030
27937,985,1026
27938,984,1027
27939,986,1030
27940,988,1032
27941,991,1030
27942,992,1027
27943,989,1019
27944,985,1018
27945,989,1021
27946,1000,1022
27947,1012,1022
27948,1025,1017
27949,1040,1012
27950,1061,1010
27951,1092,1009
27952,1132,1004
27953,1178,994
27954,1221,985
27955,1261,982
27956,1290,985
27957,1312,1001
27958,1310,1016
27959,1286,1024
27960,1230,1025
27961,1163,1026
27962,1092,1033
27963,1023,1048
27964,966,1060
27965,935,1063
27966,926,1065
27967,935,1057
27968,947,1050
27969,958,1044
27970,967,1043
27971,975,1036
27972,974,1031
27973,969,1027
27974,968,1026
27975,963,1029
27976,966,1031
27977,972,1031
27978,969,1032
27979,965,1027
27980,962,1025
27981,960,1029
27982,961,1033
27983,964,1033
27984,963,1031
27985,962,1029
27986,960,1027
27987,958,1028
27988,963,1033
27989,967,1031
27990,965,1028
27991,964,1026
27992,962,1024
27993,960,1027
27994,961,1031
27995,964,1033
27996,964,1029
27997,964,1027
27998,962,1031
27999,961,1031
28000,965,1032
28001,966,1032
28002,965,1033
28003,959,1031
28004,956,1028
28005,958,1029
28006,958,1033
28007,962,1029
28008,963,1029
28009,963,1027
28010,962,1029
28011,959,1031
28012,961,1034
28013,964,1035
28014,963,1031
28015,963,1024
28016,962,1023
28017,962,1019
28018,965,1024
28019,969,1024
28020,972,1024
28021,971,1023
28022,969,1020
28023,969,1023
28024,972,1025
28025,977,1024
28026,979,1020
28027,983,1016
28028,980,1017
28029,984,1019
28030,986,1018
28031,988,1019
28032,990,1013
28033,992,1008
28034,990,1011
28035,990,1011
28036,994,1012
28037,996,1011
28038,996,1006
28039,995,1004
28040,993,1004
28041,994,1005
28042,995,1007
28043,1002,1004
28044,1002,1003
28045,999,1000
28046,999,996
28047,1001,998
28048,1003,1003
28049,1007,1000
28050,1005,1001
28051,1004,995
28052,998,994
28053,999,995
28054,1003,997
28055,1007,1000
28056,1005,999
28057,1003,996
28058,996,998
28059,997,1004
28060,999,1007
28061,996,1008
28062,995,1008
28063,992,1005
28064,988,1004
28065,989,1009
28066,986,1013
28067,989,1017
28068,986,1017
28069,981,1017
28070,975,1021
28071,978,1025
28072,979,1032
28073,980,1036
28074,978,1034
28075,976,1031
28076,974,1033
28077,978,1036
28078,976,1042
28079,975,1042
28080,976,1039
28081,973,1036
28082,973,1038
28083,969,1042
28084,973,1048
28085,975,1046
28086,973,1043
28087,971,1041
28088,972,1039
28089,972,1041
28090,976,1045
28091,981,1046
28092,979,1041
28093,973,1041
28094,974,1040
28095,974,1042
28096,976,1041
28097,980,1041
28098,976,1039
28099,975,1035
28100,971,1037
28101,976,1036
28102,978,1040
28103,981,1038
28104,979,1035
28105,979,1033
28106,974,1033
28107,973,1034
28108,975,1034
28109,979,1031
28110,978,1029
28111,976,1027
28112,973,1027
28113,976,1029
28114,979,1031
28115,983,1031
28116,980,1031
28117,978,1028
28118,975,1028
28119,976,1030
28120,979,1034
28121,982,1036
28122,980,1031
28123,979,1030
28124,975,1030
28125,976,1033
28126,979,1036
28127,979,1036
28128,982,1033
28129,979,1031
28130,977,1032
28131,981,1033
28132,982,1038
28133,986,1038
28134,984,1036
28135,982,1035
28136,980,1034
28137,978,1034
28138,981,1037
28139,983,1035
28140,979,1035
28141,976,1035
28142,976,1032
28143,977,1035
28144,981,1036
28145,982,1035
28146,978,1032
28147,976,1031
28148,974,1027
28149,975,1031
28150,977,1034
28151,977,1033
28152,983,1031
28153,980,1028
28154,974,1029
28155,976,1032
28156,978,1036
28157,985,1035
28158,978,1033
28159,978,1026
28160,971,1027
28161,973,1028
28162,979,1030
28163,981,1030
28164,979,1027
28165,975,1025
28166,975,1023
28167,978,1029
28168,978,1028
28169,982,1030
28170,984,1027
28171,985,1027
28172,982,1027
28173,979,1027
28174,985,1027
28175,997,1025
28176,1009,1020
28177,1028,1014
28178,1043,1016
28179,1079,1016
28180,1123,1010
28181,1170,999
28182,1215,990
28183,1256,987
28184,1288,992
28185,1308,1008
28186,1308,1024
28187,1282,1028
28188,1226,1029
28189,1154,1029
28190,1077,1037
28191,1011,1054
28192,957,1063
28193,930,1069
28194,928,1065
28195,943,1055
28196,958,1042
28197,970,1036
28198,972,1032
28199,974,1029
28200,970,1029
28201,966,1022
28202,961,1025
28203,960,1026
28204,962,1029
28205,962,1029
28206,963,1026
28207,962,1025
28208,959,1025
28209,957,1025
28210,959,1029
28211,963,1029
28212,961,1028
28213,962,1024
28214,958,1025
28215,957,1027
28216,960,1031
28217,965,1026
28218,963,1029
28219,964,1026
28220,961,1026
28221,959,1029
28222,963,1032
28223,962,1033
28224,960,1033
28225,959,1032
28226,958,1030
28227,960,1030
28228,963,1035
28229,964,1035
28230,961,1034
28231,959,1034
28232,955,1034
28233,955,1035
28234,956,1039
28235,959,1038
28236,961,1034
28237,959,1031
28238,960,1034
28239,961,1037
28240,963,1035
28241,965,1036
28242,964,1034
28243,962,1030
28244,962,1028
28245,965,1025
28246,967,1027
28247,973,1022
28248,971,1019
28249,971,1013
28250,968,1009
28251,967,1011
28252,970,1012
28253,973,1013
28254,976,1009
28255,976,1004
28256,977,1000
28257,978,1001
28258,984,1000
28259,982,998
28260,983,996
28261,979,994
28262,979,992
28263,982,994
28264,986,994
28265,991,994
28266,993,992
28267,991,988
28268,989,988
28269,990,986
28270,992,989
28271,994,989
28272,993,987
28273,993,985
28274,997,986
28275,993,988
28276,998,991
28277,1006,991
28278,1008,989
28279,1006,989
28280,1005,989
28281,1000,992
28282,1004,996
28283,1006,1001
28284,1006,1000
28285,1002,1001
28286,1003,1003
28287,1007,1008
28288,1005,1016
28289,1007,1019
28290,1003,1022
28291,1000,1020
28292,995,1017
28293,993,1019
28294,993,1022
28295,990,1028
28296,990,1025
28297,986,1024
28298,984,1027
28299,982,1030
28300,979,1033
28301,980,1033
28302,979,1030
28303,977,1028
28304,979,1029
28305,976,1032
28306,979,1037
28307,981,1037
28308,980,1035
28309,979,1032
28310,975,1031
28311,973,1036
28312,973,1038
28313,977,1038
28314,975,1037
28315,974,1033
28316,969,1034
28317,968,1035
28318,973,1040
28319,974,1038
28320,974,1037
28321,972,1033
28322,966,1035
28323,969,1036
28324,974,1042
28325,973,1042
28326,972,1040
28327,971,1034
28328,969,1034
28329,969,1040
28330,973,1040
28331,974,1039
28332,974,1038
28333,973,1038
28334,974,1035
28335,978,1038
28336,981,1036
28337,979,1031
28338,974,1030
28339,972,1029
28340,968,1028
28341,972,1026
28342,978,1027
28343,976,1027
28344,974,1026
28345,971,1023
28346,970,1020
28347,968,1024
28348,973,1028
28349,975,1030
28350,973,1028
28351,967,1024
28352,966,1022
28353,971,1026
28354,974,1029
28355,976,1027
28356,975,1028
28357,971,1024
28358,968,1023
28359,973,1028
28360,979,1030
28361,982,1028
28362,978,1029
28363,975,1026
28364,973,1027
28365,972,1030
28366,977,1034
28367,979,1032
28368,977,1028
28369,976,1028
28370,969,1030
28371,969,1032
28372,974,1037
28373,978,1036
28374,976,1036
28375,972,1033
28376,970,1035
28377,972,1038
28378,975,1040
28379,976,1037
28380,978,1036
28381,977,1035
28382,973,1034
28383,976,1033
28384,980,1036
28385,981,1032
28386,980,1033
28387,975,1032
28388,972,1028
28389,976,1034
28390,981,1036
28391,979,1034
28392,978,1030
28393,977,1029
28394,975,1031
28395,976,1032
28396,977,1034
28397,980,1035
28398,980,1033
28399,980,1030
28400,980,1027
28401,983,1027
28402,991,1028
28403,1005,1027
28404,1018,1022
28405,1031,1017
28406,1048,1018
28407,1078,1017
28408,1119,1017
28409,1162,1004
28410,1205,996
28411,1245,993
28412,1280,998
28413,1308,1010
28414,1313,1027
28415,1287,1034
28416,1228,1030
28417,1156,1033
28418,1082,1045
28419,1010,1066
28420,953,1076
28421,931,1079
28422,938,1076
28423,952,1064
28424,962,1047
28425,970,1039
28426,972,1032
28427,971,1029
28428,968,1024
28429,963,1021
28430,963,1020
28431,963,1022
28432,966,1027
28433,967,1025
28434,965,1025
28435,962,1024
28436,961,1020
28437,962,1023
28438,962,1026
28439,964,1024
28440,961,1025
28441,960,1024
28442,956,1025
28443,958,1027
28444,959,1031
28445,962,1031
28446,963,1028
28447,959,1024
28448,956,1027
28449,955,1028
28450,960,1032
28451,966,1033
28452,963,1030
28453,961,1029
28454,959,1027
28455,960,1031
28456,963,1035
28457,964,1033
28458,967,1031
28459,963,1028
28460,960,1029
28461,966,1031
28462,971,1034
28463,972,1031
28464,970,1034
28465,970,1031
28466,968,1033
28467,970,1033
28468,974,1033
28469,979,1028
28470,976,1024
28471,972,1020
28472,968,1020
28473,974,1023
28474,975,1026
28475,979,1023
28476,979,1018
28477,977,1016
28478,978,1013
28479,980,1016
28480,981,1017
28481,984,1014
28482,985,1011
28483,982,1012
28484,981,1007
28485,984,1009
28486,989,1012
28487,991,1010
28488,991,1005
28489,991,1002
28490,988,1002
28491,987,1005
28492,992,1005
28493,998,1007
28494,995,1003
28495,992,1003
28496,994,1001
28497,997,1006
28498,998,1006
28499,1004,1004
28500,1002,1002
28501,1002,997
28502,1003,999
28503,1004,1000
28504,1012,1004
28505,1014,1002
28506,1013,1001
28507,1013,999
28508,1009,998
28509,1009,1002
28510,1011,1005
28511,1011,1005
28512,1012,1004
28513,1007,1003
28514,1005,1005
28515,1004,1009
28516,1003,1014
28517,1004,1015
28518,999,1015
28519,995,1016
28520,992,1016
28521,991,1023
28522,992,1027
28523,996,1027
28524,992,1024
28525,987,1022
28526,984,1027
28527,980,1028
28528,982,1031
28529,981,1032
28530,981,1033
28531,978,1033
28532,977,1033
28533,978,1034
28534,980,1040
28535,979,1040
28536,975,1041
28537,970,1038
28538,972,1038
28539,973,1042
28540,978,1042
28541,982,1042
28542,986,1039
28543,986,1037
28544,988,1037
28545,995,1045
28546,1003,1050
28547,1010,1049
28548,1013,1052
28549,1018,1051
28550,1022,1050
28551,1034,1048
28552,1051,1043
28553,1069,1031
28554,1080,1016
28555,1091,996
28556,1098,983
28557,1115,976
28558,1131,963
28559,1148,950
28560,1165,932
28561,1180,912
28562,1196,891
28563,1219,873
28564,1240,863
28565,1258,850
28566,1265,843
28567,1261,836
28568,1256,837
28569,1253,838
28570,1250,840
28571,1245,837
28572,1227,832
28573,1206,832
28574,1179,833
28575,1153,839
28576,1129,847
28577,1099,858
28578,1075,865
28579,1048,877
28580,1031,893
28581,1026,906
28582,1026,923
28583,1023,935
28584,1018,944
28585,1012,952
28586,1015,961
28587,1024,973
28588,1043,985
28589,1067,995
28590,1082,1002
28591,1081,1005
28592,1059,1010
28593,1025,1018
28594,990,1029
28595,965,1038
28596,945,1043
28597,933,1051
28598,928,1061
28599,927,1068
28600,925,1074
28601,920,1072
28602,914,1073
28603,905,1073
28604,902,1073
28605,900,1078
28606,899,1083
28607,901,1085
28608,898,1083
28609,893,1081
28610,887,1085
28611,888,1092
28612,889,1092
28613,887,1094
28614,889,1094
28615,884,1092
28616,882,1097
28617,883,1099
28618,884,1104
28619,885,1103
28620,884,1104
28621,878,1103
28622,875,1106
28623,877,1113
28624,878,1117
28625,879,1118
28626,878,1115
28627,875,1117
28628,876,1118
28629,876,1123
28630,876,1128
28631,877,1130
28632,877,1134
28633,876,1136
28634,875,1136
28635,874,1143
28636,879,1148
28637,885,1149
28638,888,1147
28639,887,1145
28640,883,1147
28641,881,1154
28642,884,1159
28643,888,1159
28644,889,1160
28645,889,1159
28646,890,1158
28647,893,1163
28648,895,1161
28649,898,1163
28650,899,1158
28651,900,1158
28652,903,1159
28653,905,1162
28654,910,1165
28655,914,1162
28656,917,1155
28657,918,1150
28658,921,1147
28659,926,1149
28660,927,1147
28661,938,1141
28662,937,1135
28663,939,1130
28664,942,1126
28665,948,1122
28666,952,1121
28667,956,1116
28668,957,1109
28669,953,1101
28670,953,1096
28671,958,1093
28672,961,1096
28673,964,1089
28674,964,1082
28675,960,1076
28676,960,1072
28677,962,1069
28678,964,1066
28679,965,1064
28680,964,1059
28681,961,1052
28682,958,1051
28683,962,1053
28684,964,1049
28685,967,1048
28686,966,1045
28687,962,1042
28688,956,1040
28689,955,1038
28690,959,1040
28691,961,1040
28692,961,1039
28693,957,1037
28694,959,1039
28695,960,1039
28696,963,1044
28697,965,1041
28698,963,1041
28699,960,1036
28700,958,1036
28701,959,1039
28702,963,1040
28703,963,1041
28704,962,1041
28705,960,1038
28706,959,1038
28707,960,1042
28708,964,1043
28709,965,1040
28710,967,1037
28711,962,1035
28712,962,1036
28713,965,1039
28714,965,1041
28715,966,1041
28716,965,1039
28717,963,1036
28718,961,1036
28719,961,1041
28720,966,1043
28721,971,1043
28722,966,1043
28723,966,1041
28724,969,1043
28725,968,1046
28726,973,1047
28727,978,1045
28728,978,1041
28729,974,1037
28730,972,1033
28731,977,1033
28732,980,1036
28733,981,1035
28734,977,1031
28735,976,1030
28736,975,1032
28737,978,1033
28738,976,1033
28739,979,1031
28740,977,1030
28741,976,1030
28742,974,1029
28743,975,1031
28744,975,1032
28745,977,1034
28746,976,1031
28747,971,1026
28748,971,1029
28749,969,1030
28750,974,1035
28751,976,1036
28752,976,1032
28753,976,1030
28754,973,1030
28755,970,1031
28756,973,1035
28757,979,1033
28758,977,1033
28759,975,1032
28760,973,1033
28761,974,1035
28762,975,1040
28763,976,1040
28764,975,1035
28765,973,1033
28766,968,1034
28767,970,1038
28768,972,1038
28769,976,1038
28770,977,1039
28771,969,1038
28772,970,1034
28773,971,1037
28774,973,1039
28775,973,1040
28776,970,1038
28777,966,1034
28778,969,1035
28779,970,1037
28780,972,1038
28781,973,1037
28782,973,1033
28783,971,1028
28784,967,1030
28785,969,1031
28786,971,1035
28787,973,1032
28788,972,1027
28789,969,1026
28790,966,1027
28791,973,1027
28792,973,1030
28793,972,1027
28794,970,1027
28795,969,1026
28796,968,1026
28797,969,1028
28798,973,1031
28799,978,1031
28800,975,1028
28801,973,1028
28802,970,1027
28803,968,1028
28804,969,1033
28805,972,1034
28806,971,1034
28807,969,1031
28808,967,1030
28809,969,1032
28810,968,1036
28811,971,1036
28812,972,1035
28813,972,1032
28814,970,1031
28815,968,1034
28816,970,1033
28817,973,1036
28818,971,1032
28819,971,1031
28820,967,1033
28821,966,1034
28822,972,1036
28823,973,1035
28824,974,1035
28825,969,1032
28826,967,1029
28827,971,1030
28828,976,1032
28829,976,1033
28830,972,1032
28831,970,1029
28832,972,1028
28833,970,1029
28834,973,1031
28835,975,1029
28836,971,1029
28837,967,1026
28838,969,1028
28839,971,1029
28840,973,1032
28841,973,1029
28842,972,1026
28843,969,1024
28844,969,1025
28845,967,1027
28846,971,1029
28847,972,1027
28848,972,1025
28849,971,1021
28850,968,1025
28851,970,1028
28852,971,1029
28853,973,1031
28854,972,1027
28855,970,1025
28856,968,1025
28857,966,1030
28858,970,1033
28859,971,1032
28860,972,1027
28861,972,1024
28862,971,1027
28863,973,1031
28864,976,1035
28865,973,1032
28866,971,1030
28867,969,1030
28868,968,1029
28869,968,1031
28870,970,1034
28871,971,1034
28872,970,1029
28873,969,1025
28874,966,1026
28875,968,1027
28876,973,1028
28877,974,1027
28878,972,1024
28879,968,1023
28880,966,1023
28881,970,1023
28882,972,1025
28883,977,1028
28884,976,1024
28885,969,1020
28886,967,1022
28887,970,1026
28888,972,1026
28889,977,1023
28890,974,1022
28891,972,1021
28892,971,1022
28893,974,1024
28894,980,1027
28895,980,1024
28896,975,1023
28897,972,1023
28898,970,1021
28899,969,1023
28900,969,1026
28901,975,1024
28902,975,1022
28903,973,1018
28904,972,1019
28905,974,1023
28906,975,1026
28907,974,1023
28908,974,1023
28909,972,1021
28910,972,1021
28911,974,1026
28912,976,1028
28913,975,1026
28914,974,1025
28915,975,1020
28916,973,1023
28917,975,1029
28918,977,1030
28919,978,1029
28920,978,1021
28921,977,1024
28922,978,1026
28923,976,1029
28924,981,1033
28925,980,1031
28926,982,1026
28927,976,1021
28928,972,1023
28929,976,1027
28930,980,1031
28931,983,1031
28932,985,1027
28933,979,1026
28934,982,1028
28935,981,1028
28936,982,1031
28937,981,1031
28938,977,1026
28939,977,1025
28940,976,1028
28941,980,1028
28942,982,1031
28943,981,1029
28944,977,1030
28945,974,1025
28946,976,1028
28947,973,1028
28948,977,1033
28949,982,1031
28950,981,1027
28951,981,1024
28952,978,1026
28953,977,1027
28954,978,1030
28955,981,1028
28956,980,1024
28957,978,1022
28958,975,1024
28959,978,1025
28960,980,1028
28961,984,1023
28962,981,1021
28963,978,1016
28964,974,1018
28965,973,1019
28966,978,1021
28967,985,1019
28968,981,1018
28969,979,1019
28970,976,1020
28971,980,1020
28972,981,1025
28973,983,1023
28974,982,1023
28975,980,1021
28976,981,1021
28977,980,1024
28978,979,1027
28979,985,1026
28980,982,1020
28981,978,1019
28982,979,1022
28983,979,1027
28984,981,1027
28985,985,1025
28986,981,1025
28987,981,1021
28988,978,1023
28989,979,1024
28990,980,1026
28991,983,1026
28992,982,1022
28993,980,1022
28994,978,1022
28995,982,1022
28996,983,1025
28997,987,1025
28998,986,1023
28999,984,1020
29000,980,1020
29001,981,1025
29002,983,1028
29003,984,1027
29004,982,1023
29005,979,1018
29006,978,1019
29007,975,1023
29008,983,1022
29009,985,1022
29010,982,1021
29011,980,1019
29012,978,1019
29013,981,1025
29014,978,1025
29015,983,1023
29016,981,1022
29017,985,1022
29018,980,1024
29019,984,1024
29020,986,1025
29021,988,1027
29022,987,1026
29023,984,1025
29024,982,1024
29025,984,1027
29026,982,1031
29027,988,1028
29028,985,1027
29029,985,1024
29030,984,1027
29031,987,1026
29032,990,1031
29033,992,1028
29034,990,1031
29035,985,1025
29036,985,1026
29037,988,1031
29038,989,1029
29039,992,1026
29040,991,1023
29041,991,1023
29042,989,1026
29043,990,1029
29044,992,1030
29045,996,1027
29046,999,1020
29047,1008,1014
29048,1017,1011
29049,1032,1011
29050,1050,1013
29051,1075,1008
29052,1097,1003
29053,1127,995
29054,1161,990
29055,1197,982
29056,1232,980
29057,1265,980
29058,1292,982
29059,1304,989
29060,1297,1002
29061,1269,1011
29062,1229,1018
29063,1174,1018
29064,1120,1019
29065,1062,1024
29066,1006,1029
29067,970,1037
29068,956,1041
29069,961,1036
29070,974,1031
29071,985,1021
29072,986,1017
29073,987,1014
29074,987,1019
29075,988,1018
29076,981,1017
29077,976,1016
29078,973,1013
29079,971,1014
29080,974,1020
29081,976,1018
29082,971,1019
29083,968,1016
29084,967,1017
29085,968,1019
29086,971,1021
29087,973,1021
29088,967,1020
29089,964,1018
29090,964,1018
29091,965,1022
29092,965,1025
29093,965,1025
29094,966,1024
29095,964,1021
29096,962,1020
29097,960,1024
29098,965,1026
29099,965,1024
29100,962,1022
29101,961,1021
29102,959,1021
29103,962,1026
29104,964,1028
29105,966,1028
29106,966,1025
29107,964,1021
29108,964,1025
29109,963,1024
29110,967,1030
29111,968,1031
29112,965,1026
29113,965,1025
29114,964,1026
29115,964,1028
29116,966,1033
29117,970,1033
29118,970,1029
29119,966,1027
29120,965,1028
29121,969,1031
29122,971,1032
29123,973,1031
29124,969,1027
29125,968,1025
29126,967,1025
29127,972,1026
29128,977,1030
29129,979,1027
29130,978,1023
29131,978,1021
29132,977,1019
29133,977,1023
29134,983,1024
29135,981,1021
29136,980,1015
29137,979,1013
29138,980,1013
29139,979,1016
29140,984,1019
29141,983,1016
29142,986,1014
29143,985,1011
29144,979,1011
29145,982,1014
29146,986,1016
29147,989,1014
29148,988,1012
29149,985,1008
29150,986,1008
29151,988,1009
29152,994,1012
29153,995,1009
29154,995,1010
29155,992,1007
29156,994,1006
29157,995,1008
29158,998,1009
29159,1001,1007
29160,1001,1004
29161,1001,1000
29162,1002,1002
29163,1002,1002
29164,1004,1008
29165,1008,1004
29166,1008,1002
29167,1007,1001
29168,1008,999
29169,1011,1002
29170,1014,1004
29171,1017,1002
29172,1014,999
29173,1013,996
29174,1015,996
29175,1019,998
29176,1021,999
29177,1028,997
29178,1024,996
29179,1025,992
29180,1023,993
29181,1028,998
29182,1031,1001
29183,1034,999
29184,1031,996
29185,1028,995
29186,1024,995
29187,1027,999
29188,1029,1003
29189,1029,1005
29190,1029,1000
29191,1025,997
29192,1022,1000
29193,1022,1006
29194,1024,1010
29195,1025,1009
29196,1023,1010
29197,1018,1009
29198,1013,1011
29199,1011,1018
29200,1014,1022
29201,1012,1020
29202,1010,1020
29203,1004,1019
29204,1001,1022
29205,1000,1024
29206,1002,1028
29207,998,1027
29208,999,1027
29209,997,1026
29210,991,1026
29211,993,1027
29212,996,1030
29213,997,1027
29214,993,1029
29215,992,1026
29216,990,1027
29217,990,1029
29218,993,1032
29219,993,1027
29220,992,1027
29221,990,1026
29222,989,1024
29223,988,1029
29224,992,1031
29225,992,1030
29226,987,1025
29227,986,1023
29228,985,1026
29229,988,1028
29230,987,1029
29231,989,1029
29232,988,1027
29233,987,1022
29234,988,1021
29235,989,1024
29236,989,1025
29237,991,1023
29238,989,1021
29239,991,1018
29240,989,1017
29241,992,1020
29242,994,1022
29243,995,1021
29244,993,1019
29245,992,1017
29246,989,1015
29247,987,1018
29248,990,1019
29249,988,1019
29250,989,1017
29251,985,1014
29252,989,1017
29253,989,1018
29254,992,1021
29255,993,1020
29256,992,1017
29257,991,1014
29258,990,1015
29259,994,1017
29260,993,1022
29261,994,1020
29262,995,1017
29263,991,1017
29264,989,1015
29265,990,1018
29266,992,1023
29267,996,1021
29268,994,1022
29269,991,1016
29270,989,1018
29271,990,1024
29272,993,1026
29273,995,1023
29274,993,1023
29275,989,1019
29276,987,1020
29277,987,1024
29278,987,1026
29279,988,1024
29280,987,1024
29281,986,1021
29282,985,1019
29283,986,1020
29284,989,1024
29285,990,1021
29286,990,1021
29287,986,1018
29288,982,1019
29289,985,1022
29290,987,1024
29291,991,1021
29292,988,1019
29293,984,1019
29294,983,1020
29295,984,1023
29296,988,1023
29297,991,1023
29298,991,1020
29299,990,1019
29300,990,1020
29301,989,1023
29302,989,1024
29303,989,1021
29304,988,1018
29305,985,1020
29306,984,1021
29307,989,1020
29308,991,1022
29309,993,1021
29310,995,1016
29311,998,1012
29312,1002,1013
29313,1016,1015
29314,1029,1018
29315,1044,1015
29316,1061,1011
29317,1086,1006
29318,1117,1001
29319,1155,996
29320,1198,998
29321,1237,995
29322,1271,994
29323,1292,1003
29324,1301,1017
29325,1287,1029
29326,1254,1035
29327,1204,1032
29328,1150,1031
29329,1088,1035
29330,1028,1047
29331,976,1055
29332,949,1063
29333,938,1065
29334,942,1060
29335,950,1051
29336,953,1042
29337,963,1035
29338,972,1033
29339,975,1024
29340,971,1022
29341,966,1018
29342,964,1021
29343,964,1024
29344,969,1025
29345,968,1026
29346,968,1022
29347,964,1022
29348,961,1021
29349,962,1024
29350,965,1024
29351,967,1026
29352,965,1022
29353,961,1020
29354,957,1019
29355,961,1021
29356,964,1027
29357,964,1023
29358,962,1022
29359,961,1020
29360,959,1021
29361,960,1026
29362,962,1026
29363,960,1026
29364,957,1022
29365,960,1022
29366,957,1023
29367,959,1025
29368,957,1025
29369,961,1023
29370,961,1021
29371,959,1019
29372,955,1018
29373,958,1021
29374,961,1022
29375,962,1023
29376,961,1021
29377,958,1016
29378,955,1015
29379,956,1019
29380,958,1020
29381,958,1017
29382,958,1015
29383,956,1014
29384,957,1017
29385,957,1017
29386,963,1019
29387,964,1016
29388,965,1016
29389,963,1013
29390,963,1011
29391,962,1013
29392,967,1015
29393,970,1010
29394,968,1010
29395,963,1008
29396,968,1006
29397,971,1009
29398,977,1013
29399,978,1012
29400,980,1009
29401,974,1005
29402,974,1008
29403,971,1010
29404,976,1010
29405,983,1007
29406,983,1003
29407,981,997
29408,976,996
29409,981,996
29410,985,996
29411,986,997
29412,986,988
29413,984,988
29414,986,989
29415,990,988
29416,991,986
29417,995,988
29418,991,981
29419,990,978
29420,990,979
29421,994,979
29422,997,982
29423,996,977
29424,994,972
29425,994,971
29426,995,972
29427,995,976
29428,995,978
29429,997,978
29430,999,975
29431,997,975
29432,994,978
29433,995,984
29434,997,988
29435,999,987
29436,998,989
29437,993,988
29438,989,994
29439,991,1000
29440,996,1006
29441,998,1007
29442,995,1008
29443,988,1007
29444,986,1009
29445,982,1013
29446,982,1020
29447,981,1017
29448,979,1018
29449,977,1017
29450,974,1022
29451,977,1025
29452,980,1027
29453,981,1028
29454,979,1025
29455,977,1023
29456,975,1024
29457,978,1025
29458,977,1032
29459,975,1032
29460,972,1030
29461,968,1028
29462,968,1029
29463,971,1033
29464,976,1037
29465,977,1036
29466,974,1032
29467,971,1028
29468,971,1028
29469,971,1033
29470,975,1035
29471,976,1030
29472,972,1029
29473,969,1028
29474,965,1030
29475,969,1032
29476,974,1033
29477,975,1031
29478,974,1030
29479,971,1029
29480,969,1030
29481,970,1032
29482,975,1034
29483,975,1031
29484,975,1027
29485,968,1028
29486,966,1028
29487,969,1033
29488,972,1035
29489,974,1031
29490,973,1030
29491,971,1028
29492,971,1029
29493,972,1030
29494,978,1035
29495,978,1034
29496,974,1032
29497,968,1030
29498,971,1034
29499,972,1034
29500,978,1038
29501,979,1035
29502,982,1030
29503,978,1026
29504,977,1024
29505,976,1025
29506,982,1027
29507,983,1026
29508,980,1025
29509,975,1025
29510,973,1024
29511,973,1030
29512,977,1030
29513,980,1030
29514,979,1028
29515,976,1028
29516,974,1027
29517,974,1026
29518,976,1032
29519,977,1030
29520,974,1026
29521,973,1026
29522,972,1026
29523,975,1027
29524,978,1030
29525,980,1028
29526,973,1023
29527,971,1024
29528,968,1025
29529,971,1027
29530,975,1029
29531,975,1029
29532,974,1028
29533,970,1025
29534,970,1024
29535,972,1028
29536,977,1032
29537,977,1028
29538,972,1027
29539,966,1026
29540,967,1023
29541,971,1026
29542,969,1030
29543,973,1030
29544,974,1027
29545,968,1027
29546,968,1028
29547,971,1027
29548,976,1031
29549,973,1028
29550,974,1030
29551,971,1029
29552,970,1031
29553,970,1032
29554,974,1038
29555,976,1034
29556,973,1032
29557,973,1029
29558,970,1029
29559,974,1032
29560,975,1037
29561,979,1034
29562,976,1030
29563,976,1029
29564,972,1032
29565,974,1034
29566,979,1036
29567,978,1038
29568,978,1034
29569,976,1031
29570,977,1032
29571,976,1034
29572,978,1037
29573,980,1034
29574,980,1033
29575,977,1031
29576,975,1034
29577,979,1034
29578,980,1036
29579,978,1035
29580,978,1032
29581,977,1030
29582,975,1030
29583,976,1033
29584,977,1037
29585,979,1034
29586,977,1032
29587,972,1029
29588,973,1034
29589,975,1034
29590,979,1036
29591,980,1035
29592,978,1033
29593,977,1032
29594,977,1035
29595,974,1035
29596,979,1037
29597,978,1038
29598,981,1036
29599,979,1035
29600,977,1036
29601,979,1036
29602,983,1041
29603,984,1039
29604,983,1038
29605,978,1035
29606,980,1037
29607,978,1041
29608,981,1044
29609,984,1041
29610,981,1037
29611,979,1035
29612,983,1035
29613,984,1038
29614,987,1039
29615,987,1040
29616,988,1036
29617,987,1030
29618,992,1029
29619,1003,1028
29620,1018,1029
29621,1037,1026
29622,1052,1023
29623,1072,1019
29624,1101,1017
29625,1133,1015
29626,1172,1007
29627,1210,1000
29628,1248,997
29629,1282,1000
29630,1303,1011
29631,1306,1028
29632,1293,1039
29633,1252,1041
29634,1196,1036
29635,1134,1038
29636,1073,1051
29637,1008,1061
29638,963,1068
29639,944,1070
29640,948,1067
29641,958,1055
29642,965,1046
29643,976,1043
29644,978,1040
29645,979,1037
29646,975,1033
29647,971,1030
29648,971,1030
29649,970,1036
29650,971,1037
29651,970,1035
29652,966,1032
29653,964,1028
29654,963,1031
29655,963,1034
29656,962,1038
29657,962,1039
29658,962,1037
29659,959,1036
29660,960,1039
29661,963,1041
29662,967,1046
29663,966,1044
29664,962,1042
29665,962,1041
29666,959,1041
29667,961,1044
29668,966,1047
29669,968,1047
29670,968,1045
29671,965,1043
29672,963,1045
29673,962,1046
29674,968,1050
29675,968,1047
29676,968,1047
29677,965,1044
29678,963,1044
29679,965,1048
29680,968,1048
29681,970,1047
29682,968,1044
29683,967,1043
29684,966,1043
29685,968,1043
29686,972,1047
29687,972,1042
29688,973,1038
29689,969,1037
29690,969,1035
29691,972,1037
29692,973,1038
29693,975,1038
29694,975,1033
29695,971,1031
29696,971,1032
29697,968,1035
29698,969,1033
29699,974,1034
29700,971,1032
29701,969,1030
29702,970,1032
29703,970,1033
29704,976,1033
29705,981,1037
29706,983,1031
29707,982,1029
29708,981,1027
29709,982,1031
29710,985,1033
29711,987,1029
29712,987,1023
29713,986,1023
29714,986,1024
29715,991,1026
29716,993,1025
29717,998,1025
29718,998,1023
29719,998,1019
29720,997,1022
29721,997,1022
29722,1005,1024
29723,1007,1023
29724,1006,1019
29725,1008,1016
29726,1006,1014
29727,1010,1018
29728,1014,1017
29729,1016,1016
29730,1015,1012
29731,1014,1011
29732,1014,1013
29733,1017,1012
29734,1023,1016
29735,1022,1011
29736,1020,1009
29737,1013,1007
29738,1012,1010
29739,1011,1016
29740,1013,1021
29741,1013,1018
29742,1011,1018
29743,1004,1016
29744,1003,1020
29745,1005,1025
29746,1008,1030
29747,1006,1031
29748,1004,1029
29749,998,1028
29750,995,1035
29751,994,1040
29752,994,1044
29753,997,1044
29754,994,1046
29755,990,1042
29756,989,1045
29757,990,1048
29758,989,1052
29759,987,1051
29760,983,1051
29761,983,1049
29762,983,1051
29763,983,1055
29764,986,1058
29765,985,1057
29766,984,1054
29767,983,1054
29768,985,1054
29769,984,1054
29770,987,1059
29771,987,1056
29772,987,1054
29773,985,1051
29774,986,1052
29775,988,1057
29776,990,1060
29777,993,1055
29778,989,1052
29779,988,1051
29780,987,1051
29781,987,1052
29782,987,1053
29783,991,1053
29784,990,1050
29785,988,1046
29786,984,1045
29787,989,1047
29788,992,1051
29789,992,1052
29790,990,1047
29791,991,1042
29792,989,1041
29793,992,1045
29794,996,1047
29795,996,1047
29796,993,1043
29797,993,1042
29798,992,1043
29799,993,1045
29800,995,1046
29801,998,1046
29802,997,1042
29803,993,1041
29804,997,1041
29805,999,1041
29806,1004,1044
29807,1002,1041
29808,1002,1040
29809,1000,1039
29810,999,1038
29811,1000,1041
29812,1004,1042
29813,1003,1042
29814,1002,1042
29815,999,1038
29816,998,1038
29817,999,1043
29818,1000,1045
29819,1000,1042
29820,1000,1041
29821,998,1039
29822,995,1041
29823,997,1043
29824,999,1046
29825,997,1048
29826,993,1048
29827,990,1045
29828,985,1049
29829,988,1053
29830,992,1051
29831,994,1054
29832,994,1050
29833,993,1047
29834,990,1048
29835,993,1052
29836,997,1052
29837,993,1052
29838,990,1050
29839,986,1048
29840,986,1050
29841,989,1051
29842,993,1052
29843,993,1051
29844,992,1047
29845,989,1045
29846,988,1046
29847,987,1051
29848,989,1054
29849,990,1052
29850,988,1049
29851,985,1047
29852,984,1051
29853,989,1052
29854,994,1056
29855,993,1051
29856,989,1048
29857,988,1046
29858,986,1047
29859,987,1050
29860,988,1049
29861,988,1047
29862,986,1044
29863,986,1042
29864,985,1041
29865,986,1044
29866,989,1047
29867,991,1045
29868,989,1044
29869,986,1041
29870,984,1043
29871,988,1044
29872,989,1048
29873,990,1047
29874,989,1047
29875,987,1045
29876,989,1049
29877,988,1051
29878,989,1052
29879,991,1050
29880,993,1046
29881,989,1044
29882,989,1043
29883,989,1047
29884,993,1049
29885,994,1048
29886,992,1044
29887,991,1043
29888,988,1044
29889,988,1048
29890,991,1047
29891,992,1047
29892,995,1047
29893,990,1043
29894,992,1042
29895,991,1044
29896,995,1046
29897,995,1046
29898,992,1043
29899,992,1043
29900,991,1045
29901,992,1048
29902,996,1050
29903,993,1050
29904,989,1047
29905,989,1043
29906,990,1043
29907,990,1044
29908,992,1046
29909,992,1044
29910,988,1041
29911,986,1039
29912,988,1040
29913,994,1041
29914,993,1041
29915,992,1041
29916,989,1039
29917,988,1038
29918,989,1037
29919,990,1040
29920,992,1045
29921,994,1045
29922,991,1042
29923,990,1039
29924,992,1041
29925,996,1044
29926,999,1047
29927,996,1045
29928,994,1043
29929,989,1044
29930,992,1046
29931,994,1047
29932,996,1049
29933,996,1045
29934,999,1039
29935,999,1035
29936,1005,1033
29937,1012,1033
29938,1030,1033
29939,1046,1028
29940,1065,1027
29941,1086,1022
29942,1119,1021
29943,1156,1017
29944,1195,1007
29945,1231,1000
29946,1267,995
29947,1293,999
29948,1317,1011
29949,1325,1029
29950,1308,1040
29951,1259,1042
29952,1193,1040
29953,1127,1047
29954,1061,1062
29955,1005,1077
29956,971,1082
29957,961,1071
29958,968,1060
29959,977,1048
29960,986,1041
29961,992,1044
29962,991,1048
29963,988,1047
29964,983,1048
29965,979,1044
29966,981,1038
29967,983,1034
29968,983,1030
29969,982,1026
29970,980,1022
29971,976,1021
29972,972,1024
29973,976,1025
29974,979,1031
29975,976,1029
29976,974,1028
29977,970,1029
29978,967,1028
29979,967,1032
29980,971,1036
29981,974,1035
29982,974,1035
29983,969,1030
29984,967,1033
29985,972,1035
29986,976,1037
29987,975,1038
29988,970,1038
29989,965,1037
29990,963,1039
29991,965,1043
29992,970,1040
29993,974,1043
29994,973,1038
29995,971,1038
29996,974,1039
29997,975,1045
29998,975,1052
29999,972,1055
30000,967,1063
30001,966,1074
30002,969,1089
30003,973,1095
30004,975,1088
30005,977,1068
30006,977,1040
30007,978,1016
30008,978,1008
30009,980,1016
30010,979,1028
30011,981,1034
30012,978,1038
30013,976,1035
30014,976,1038
30015,979,1041
30016,983,1040
30017,986,1029
30018,988,1014
30019,990,1008
30020,990,1008
30021,992,1011
30022,991,1014
30023,991,1014
30024,990,1010
30025,991,1011
30026,989,1013
30027,992,1016
30028,995,1019
30029,995,1022
30030,993,1023
30031,996,1024
30032,996,1024
30033,998,1016
30034,1003,1009
30035,1006,1007
30036,1005,1011
30037,1002,1021
30038,1005,1028
30039,1009,1032
30040,1010,1034
30041,1012,1032
30042,1010,1033
30043,1004,1029
30044,1006,1030
30045,1011,1031
30046,1017,1028
30047,1020,1019
30048,1021,1006
30049,1014,994
30050,1018,997
30051,1019,1006
30052,1019,1010
30053,1018,994
30054,1018,972
30055,1020,965
30056,1019,965
30057,1019,973
30058,1021,976
30059,1020,979
30060,1016,981
30061,1011,983
30062,1008,987
30063,1008,994
30064,1011,1003
30065,1009,1006
30066,1002,1010
30067,995,1009
30068,991,1014
30069,997,1021
30070,1000,1027
30071,997,1027
30072,993,1030
30073,988,1026
30074,987,1027
30075,987,1033
30076,990,1039
30077,988,1038
30078,989,1035
30079,987,1036
30080,988,1046
30081,993,1052
30082,990,1048
30083,987,1048
30084,983,1043
30085,984,1035
30086,986,1028
30087,989,1019
30088,989,1018
30089,990,1021
30090,986,1025
30091,986,1024
30092,982,1026
30093,982,1035
30094,989,1044
30095,992,1053
30096,993,1061
30097,995,1062
30098,1001,1066
30099,1010,1066
30100,1018,1055
30101,1023,1036
30102,1027,1019
30103,1033,1010
30104,1044,1008
30105,1060,1006
30106,1074,1001
30107,1087,991
30108,1095,979
30109,1108,968
30110,1125,958
30111,1140,946
30112,1154,937
30113,1159,923
30114,1171,913
30115,1185,907
30116,1204,913
30117,1224,914
30118,1242,902
30119,1252,877
30120,1251,862
30121,1244,854
30122,1245,845
30123,1249,835
30124,1244,821
30125,1234,815
30126,1218,815
30127,1196,823
30128,1174,836
30129,1154,849
30130,1132,855
30131,1110,856
30132,1087,861
30133,1065,870
30134,1050,887
30135,1039,904
30136,1035,918
30137,1026,929
30138,1019,940
30139,1012,953
30140,1010,971
30141,1017,982
30142,1028,982
30143,1045,978
30144,1054,976
30145,1055,976
30146,1043,985
30147,1023,994
30148,996,1005
30149,970,1014
30150,953,1020
30151,941,1029
30152,934,1043
30153,932,1052
30154,931,1056
30155,925,1059
30156,920,1059
30157,911,1062
30158,907,1067
30159,908,1065
30160,913,1063
30161,908,1063
30162,903,1061
30163,897,1058
30164,898,1064
30165,897,1067
30166,902,1074
30167,896,1076
30168,889,1085
30169,883,1102
30170,881,1125
30171,884,1135
30172,890,1112
30173,895,1074
30174,891,1057
30175,884,1070
30176,881,1082
30177,883,1074
30178,888,1059
30179,891,1054
30180,889,1057
30181,885,1068
30182,882,1073
30183,882,1078
30184,883,1086
30185,882,1086
30186,878,1092
30187,875,1092
30188,878,1094
30189,881,1099
30190,885,1103
30191,880,1107
30192,875,1105
30193,873,1102
30194,875,1105
30195,876,1111
30196,878,1113
30197,878,1113
30198,875,1111
30199,870,1110
30200,875,1114
30201,878,1117
30202,882,1118
30203,880,1119
30204,878,1117
30205,878,1116
30206,881,1117
30207,886,1120
30208,893,1121
30209,897,1119
30210,897,1117
30211,896,1112
30212,899,1112
30213,902,1112
30214,906,1116
30215,907,1118
30216,910,1114
30217,915,1104
30218,921,1092
30219,927,1089
30220,926,1094
30221,930,1097
30222,931,1094
30223,930,1085
30224,940,1077
30225,944,1074
30226,955,1072
30227,958,1059
30228,956,1050
30229,955,1045
30230,951,1045
30231,953,1044
30232,958,1042
30233,963,1035
30234,963,1032
30235,959,1029
30236,960,1031
30237,962,1032
30238,965,1034
30239,967,1035
30240,965,1032
30241,962,1028
30242,967,1028
30243,969,1030
30244,971,1033
30245,972,1033
30246,974,1025
30247,972,1024
30248,972,1024
30249,972,1027
30250,975,1027
30251,972,1031
30252,970,1031
30253,970,1027
30254,970,1029
30255,973,1035
30256,971,1038
30257,975,1038
30258,975,1037
30259,970,1038
30260,968,1037
30261,970,1032
30262,975,1032
30263,976,1027
30264,973,1028
30265,970,1028
30266,970,1028
30267,972,1024
30268,975,1025
30269,973,1030
30270,973,1032
30271,975,1028
30272,975,1019
30273,977,1015
30274,980,1016
30275,977,1016
30276,975,1018
30277,970,1021
30278,975,1023
30279,980,1022
30280,980,1015
30281,978,1010
30282,973,1011
30283,973,1009
30284,971,1011
30285,973,1019
30286,977,1022
30287,980,1020
30288,978,1017
30289,977,1018
30290,974,1018
30291,976,1024
30292,980,1027
30293,982,1023
30294,978,1020
30295,975,1020
30296,975,1023
30297,981,1025
30298,983,1029
30299,983,1026
30300,979,1026
30301,974,1025
30302,975,1024
30303,977,1025
30304,979,1024
30305,981,1022
30306,980,1022
30307,977,1018
30308,976,1021
30309,975,1025
30310,979,1027
30311,976,1028
30312,973,1026
30313,970,1026
30314,970,1029
30315,972,1031
30316,975,1033
30317,974,1032
30318,976,1025
30319,975,1023
30320,976,1022
30321,976,1024
30322,973,1027
30323,974,1025
30324,973,1023
30325,972,1020
30326,972,1023
30327,976,1024
30328,979,1027
30329,978,1026
30330,977,1024
30331,974,1023
30332,975,1022
30333,977,1022
30334,977,1024
30335,978,1025
30336,978,1023
30337,977,1026
30338,979,1027
30339,981,1031
30340,982,1032
30341,981,1033
30342,982,1029
30343,978,1027
30344,980,1030
30345,979,1034
30346,985,1033
30347,984,1030
30348,987,1028
30349,985,1024
30350,980,1024
30351,980,1027
30352,980,1031
30353,982,1031
30354,981,1028
30355,980,1023
30356,980,1021
30357,975,1029
30358,978,1035
30359,979,1032
30360,980,1021
30361,977,1013
30362,977,1013
30363,977,1015
30364,979,1019
30365,980,1015
30366,980,1016
30367,979,1016
30368,979,1018
30369,979,1023
30370,979,1026
30371,981,1023
30372,979,1019
30373,977,1018
30374,979,1020
30375,979,1022
30376,983,1025
30377,986,1025
30378,984,1023
30379,980,1023
30380,979,1024
30381,982,1026
30382,984,1028
30383,983,1029
30384,983,1027
30385,980,1028
30386,985,1030
30387,987,1031
30388,990,1031
30389,989,1029
30390,986,1028
30391,984,1029
30392,983,1030
30393,984,1034
30394,987,1035
30395,989,1032
30396,988,1032
30397,987,1031
30398,988,1029
30399,993,1029
30400,995,1035
30401,992,1031
30402,988,1031
30403,986,1029
30404,987,1030
30405,991,1028
30406,995,1029
30407,997,1024
30408,995,1025
30409,993,1024
30410,994,1027
30411,996,1028
30412,998,1032
30413,998,1032
30414,999,1027
30415,999,1023
30416,1004,1019
30417,1017,1022
30418,1033,1021
30419,1050,1013
30420,1068,1012
30421,1097,1010
30422,1134,1004
30423,1180,998
30424,1218,994
30425,1256,988
30426,1283,990
30427,1300,998
30428,1301,1014
30429,1289,1028
30430,1254,1030
30431,1199,1028
30432,1134,1029
30433,1062,1037
30434,993,1050
30435,944,1058
30436,937,1065
30437,953,1061
30438,965,1051
30439,972,1043
30440,977,1034
30441,985,1034
30442,984,1031
30443,982,1029
30444,980,1031
30445,978,1030
30446,980,1030
30447,984,1029
30448,987,1028
30449,984,1026
30450,979,1028
30451,973,1027
30452,974,1030
30453,977,1031
30454,978,1035
30455,984,1033
30456,981,1028
30457,978,1023
30458,975,1025
30459,972,1028
30460,975,1029
30461,973,1024
30462,970,1021
30463,969,1019
30464,972,1023
30465,975,1028
30466,978,1029
30467,976,1025
30468,972,1023
30469,971,1023
30470,968,1025
30471,971,1025
30472,976,1028
30473,976,1026
30474,974,1025
30475,973,1023
30476,975,1026
30477,977,1026
30478,978,1030
30479,977,1028
30480,976,1023
30481,974,1022
30482,975,1026
30483,978,1030
30484,983,1031
30485,987,1028
30486,989,1027
30487,985,1023
30488,986,1025
30489,989,1030
30490,992,1033
30491,990,1029
30492,988,1024
30493,990,1021
30494,989,1022
30495,993,1026
30496,997,1030
30497,1000,1024
30498,1000,1022
30499,995,1016
30500,994,1017
30501,999,1019
30502,1003,1022
30503,1001,1021
30504,1003,1014
30505,1002,1011
30506,1004,1003
30507,1006,1003
30508,1008,1005
30509,1010,1003
30510,1008,1003
30511,1006,999
30512,1009,1002
30513,1012,1004
30514,1015,1003
30515,1015,1002
30516,1017,1002
30517,1017,998
30518,1017,998
30519,1022,999
30520,1026,1001
30521,1022,1000
30522,1022,998
30523,1020,995
30524,1022,1000
30525,1023,1003
30526,1024,1007
30527,1024,1009
30528,1021,1010
30529,1015,1007
30530,1015,1012
30531,1017,1014
30532,1016,1020
30533,1011,1020
30534,1008,1020
30535,1004,1022
30536,1004,1022
30537,1005,1027
30538,1006,1029
30539,1004,1028
30540,1000,1030
30541,996,1031
30542,996,1032
30543,999,1036
30544,998,1038
30545,994,1036
30546,992,1036
30547,992,1034
30548,990,1036
30549,991,1041
30550,993,1042
30551,990,1039
30552,988,1035
30553,986,1035
30554,987,1037
30555,989,1042
30556,992,1042
30557,990,1042
30558,986,1037
30559,985,1035
30560,985,1035
30561,989,1040
30562,989,1039
30563,989,1039
30564,984,1036
30565,986,1035
30566,984,1038
30567,984,1039
30568,988,1043
30569,992,1039
30570,990,1038
30571,987,1036
30572,987,1036
30573,988,1038
30574,994,1039
30575,993,1040
30576,992,1035
30577,992,1034
30578,994,1034
30579,995,1036
30580,999,1037
30581,999,1036
30582,997,1035
30583,991,1032
30584,993,1035
30585,994,1037
30586,998,1036
30587,999,1038
30588,996,1033
30589,991,1032
30590,993,1032
30591,992,1036
30592,996,1035
30593,997,1035
30594,990,1032
30595,989,1030
30596,987,1032
30597,992,1035
30598,995,1034
30599,995,1034
30600,990,1029
30601,986,1030
30602,984,1031
30603,986,1034
30604,991,1035
30605,991,1033
30606,987,1032
30607,984,1030
30608,978,1034
30609,980,1035
30610,982,1039
30611,987,1037
30612,984,1034
30613,978,1033
30614,980,1035
30615,984,1040
30616,988,1039
30617,987,1037
30618,987,1034
30619,981,1033
30620,983,1034
30621,983,1039
30622,988,1040
30623,989,1037
30624,986,1035
30625,983,1034
30626,981,1039
30627,979,1041
30628,985,1041
30629,989,1039
30630,984,1037
30631,982,1033
30632,983,1038
30633,983,1039
30634,985,1042
30635,984,1038
30636,986,1034
30637,985,1033
30638,983,1037
30639,983,1040
30640,985,1041
30641,986,1036
30642,986,1034
30643,983,1033
30644,982,1036
30645,986,1038
30646,988,1040
30647,988,1038
30648,990,1035
30649,989,1032
30650,993,1032
30651,1002,1030
30652,1018,1030
30653,1032,1026
30654,1046,1022
30655,1067,1016
30656,1099,1013
30657,1141,1005
30658,1187,999
30659,1229,992
30660,1264,990
30661,1287,1000
30662,1287,1019
30663,1260,1030
30664,1213,1033
30665,1148,1034
30666,1077,1039
30667,1005,1049
30668,940,1068
30669,908,1081
30670,915,1088
30671,932,1080
30672,947,1066
30673,953,1057
30674,960,1051
30675,969,1048
30676,975,1047
30677,972,1041
30678,968,1039
30679,964,1036
30680,965,1036
30681,967,1040
30682,971,1041
30683,970,1038
30684,969,1035
30685,966,1034
30686,962,1035
30687,964,1038
30688,967,1039
30689,965,1041
30690,964,1038
30691,961,1035
30692,961,1038
30693,963,1038
30694,963,1041
30695,965,1038
30696,962,1035
30697,963,1036
30698,964,1037
30699,970,1039
30700,969,1038
30701,968,1035
30702,963,1035
30703,958,1034
30704,956,1034
30705,958,1035
30706,963,1036
30707,961,1036
30708,961,1033
30709,958,1032
30710,961,1033
30711,962,1035
30712,964,1036
30713,963,1034
30714,964,1031
30715,961,1028
30716,960,1029
30717,963,1032
30718,965,1032
30719,966,1028
30720,966,1025
30721,962,1024
30722,965,1027
30723,966,1027
30724,970,1028
30725,973,1024
30726,969,1021
30727,965,1020
30728,967,1021
30729,972,1024
30730,979,1026
30731,981,1022
30732,982,1020
30733,981,1017
30734,983,1020
30735,985,1022
30736,988,1022
30737,990,1021
30738,991,1013
30739,991,1012
30740,991,1011
30741,996,1010
30742,999,1013
30743,1000,1007
30744,1002,1002
30745,996,1001
30746,995,1003
30747,997,1003
30748,1001,1005
30749,999,1001
30750,997,998
30751,997,996
30752,999,999
30753,1001,1001
30754,1004,1003
30755,1008,1001
30756,1006,999
30757,1001,998
30758,998,1002
30759,1003,1003
30760,1007,1009
30761,1008,1010
30762,1001,1006
30763,1001,1010
30764,999,1014
30765,999,1015
30766,999,1020
30767,999,1021
30768,994,1018
30769,991,1020
30770,988,1026
30771,990,1029
30772,993,1033
30773,991,1036
30774,982,1033
30775,974,1032
30776,971,1036
30777,974,1040
30778,977,1043
30779,977,1043
30780,975,1041
30781,973,1039
30782,971,1043
30783,973,1047
30784,974,1047
30785,973,1044
30786,967,1046
30787,966,1044
30788,968,1046
30789,967,1048
30790,969,1050
30791,967,1049
30792,964,1047
30793,963,1045
30794,965,1048
30795,965,1049
30796,969,1052
30797,970,1051
30798,967,1048
30799,969,1047
30800,966,1049
30801,967,1051
30802,971,1052
30803,974,1049
30804,973,1048
30805,971,1047
30806,971,1049
30807,973,1052
30808,974,1050
30809,978,1048
30810,979,1046
30811,978,1046
30812,976,1046
30813,979,1049
30814,983,1051
30815,979,1047
30816,978,1044
30817,978,1044
30818,979,1043
30819,982,1049
30820,985,1050
30821,988,1049
30822,985,1044
30823,981,1040
30824,983,1042
30825,984,1046
30826,986,1045
30827,985,1045
30828,983,1042
30829,981,1039
30830,983,1042
30831,982,1045
30832,985,1045
30833,979,1043
30834,977,1041
30835,974,1038
30836,976,1041
30837,977,1043
30838,980,1046
30839,979,1042
30840,978,1040
30841,975,1041
30842,974,1044
30843,976,1046
30844,978,1045
30845,978,1044
30846,973,1040
30847,971,1039
30848,971,1041
30849,975,1045
30850,978,1045
30851,978,1045
30852,978,1042
30853,974,1042
30854,973,1041
30855,978,1045
30856,980,1049
30857,982,1047
30858,982,1043
30859,977,1046
30860,980,1044
30861,983,1047
30862,987,1048
30863,988,1048
30864,989,1048
30865,988,1045
30866,986,1044
30867,988,1044
30868,997,1043
30869,1005,1039
30870,1015,1036
30871,1029,1034
30872,1047,1034
30873,1074,1034
30874,1114,1031
30875,1157,1023
30876,1205,1011
30877,1248,1008
30878,1283,1016
30879,1310,1026
30880,1309,1039
30881,1280,1047
30882,1218,1042
30883,1139,1046
30884,1055,1056
30885,978,1069
30886,928,1081
30887,916,1085
30888,932,1078
30889,950,1069
30890,959,1058
30891,964,1056
30892,970,1053
30893,970,1048
30894,967,1042
30895,965,1041
30896,966,1045
30897,970,1048
30898,970,1050
30899,966,1048
30900,964,1047
30901,963,1041
30902,962,1046
30903,965,1047
30904,966,1049
30905,962,1046
30906,964,1044
30907,961,1041
30908,962,1042
30909,963,1048
30910,961,1047
30911,963,1045
30912,960,1044
30913,960,1039
30914,961,1043
30915,961,1047
30916,967,1048
30917,967,1046
30918,965,1045
30919,961,1045
30920,961,1045
30921,963,1048
30922,964,1047
30923,961,1047
30924,964,1048
30925,961,1046
30926,962,1047
30927,967,1050
30928,972,1051
30929,972,1046
30930,967,1044
30931,961,1042
30932,967,1046
30933,969,1047
30934,974,1048
30935,975,1044
30936,973,1042
30937,971,1040
30938,974,1042
30939,976,1045
30940,979,1044
30941,978,1041
30942,978,1036
30943,977,1034
30944,975,1036
30945,980,1036
30946,983,1038
30947,985,1035
30948,985,1032
30949,983,1029
30950,983,1029
30951,988,1032
30952,993,1031
30953,993,1026
30954,992,1025
30955,993,1020
30956,995,1022
30957,994,1024
30958,1000,1022
30959,1001,1020
30960,999,1016
30961,999,1015
30962,1000,1016
30963,1003,1019
30964,1008,1018
30965,1005,1017
30966,1002,1012
30967,1004,1009
30968,1006,1012
30969,1008,1013
30970,1011,1015
30971,1012,1015
30972,1010,1011
30973,1008,1012
30974,1011,1013
30975,1012,1018
30976,1016,1017
30977,1015,1017
30978,1013,1018
30979,1009,1017
30980,1008,1020
30981,1009,1027
30982,1008,1031
30983,1004,1030
30984,1000,1030
30985,995,1029
30986,995,1037
30987,994,1040
30988,996,1042
30989,994,1042
30990,988,1041
30991,983,1043
30992,978,1044
30993,978,1048
30994,980,1055
30995,979,1052
30996,974,1053
30997,974,1050
30998,972,1055
30999,971,1056
31000,974,1058
31001,972,1055
31002,969,1053
31003,966,1053
31004,965,1055
31005,968,1057
31006,970,1059
31007,968,1057
31008,967,1056
31009,966,1055
31010,968,1057
31011,969,1059
31012,971,1059
31013,971,1059
31014,967,1055
31015,967,1053
31016,969,1055
31017,967,1060
31018,973,1059
31019,971,1057
31020,970,1052
31021,969,1055
31022,969,1055
31023,970,1057
31024,971,1057
31025,973,1055
31026,978,1055
31027,974,1054
31028,974,1052
31029,976,1054
31030,980,1056
31031,980,1055
31032,978,1053
31033,972,1051
31034,974,1054
31035,976,1054
31036,978,1055
31037,979,1054
31038,980,1051
31039,976,1050
31040,976,1054
31041,976,1054
31042,980,1053
31043,977,1050
31044,975,1047
31045,973,1047
31046,972,1048
31047,974,1052
31048,978,1053
31049,977,1051
31050,975,1049
31051,974,1047
31052,975,1047
31053,976,1052
31054,978,1053
31055,981,1051
31056,977,1049
31057,975,1047
31058,975,1050
31059,980,1051
31060,986,1052
31061,984,1053
31062,980,1048
31063,979,1048
31064,978,1050
31065,979,1053
31066,978,1053
31067,978,1053
31068,977,1047
31069,974,1048
31070,979,1050
31071,979,1053
31072,981,1053
31073,979,1049
31074,978,1051
31075,975,1047
31076,975,1050
31077,977,1054
31078,981,1057
31079,981,1054
31080,978,1050
31081,974,1049
31082,975,1051
31083,978,1053
31084,983,1055
31085,980,1053
31086,976,1049
31087,975,1046
31088,978,1051
31089,981,1051
31090,982,1052
31091,982,1050
31092,978,1048
31093,977,1047
31094,975,1048
31095,977,1049
31096,978,1052
31097,979,1048
31098,978,1049
31099,974,1050
31100,975,1049
31101,977,1050
31102,980,1053
31103,983,1050
31104,979,1048
31105,978,1047
31106,980,1047
31107,982,1052
31108,982,1052
31109,985,1050
31110,987,1043
31111,991,1042
31112,998,1043
31113,1011,1043
31114,1025,1043
31115,1038,1040
31116,1057,1035
31117,1080,1033
31118,1111,1030
31119,1153,1027
31120,1196,1019
31121,1235,1013
31122,1268,1009
31123,1294,1012
31124,1308,1022
31125,1307,1036
31126,1284,1043
31127,1233,1043
31128,1173,1040
31129,1104,1045
31130,1037,1057
31131,977,1067
31132,938,1073
31133,932,1071
31134,940,1068
31135,953,1060
31136,963,1055
31137,971,1052
31138,973,1048
31139,975,1047
31140,972,1042
31141,967,1041
31142,968,1042
31143,973,1044
31144,973,1045
31145,973,1043
31146,970,1039
31147,966,1041
31148,965,1043
31149,967,1043
31150,970,1046
31151,968,1043
31152,965,1042
31153,963,1042
31154,963,1044
31155,965,1045
31156,969,1050
31157,968,1048
31158,965,1043
31159,958,1043
31160,959,1043
31161,961,1049
31162,964,1048
31163,964,1047
31164,961,1043
31165,959,1044
31166,958,1045
31167,960,1049
31168,963,1050
31169,963,1047
31170,960,1045
31171,955,1042
31172,954,1043
31173,959,1047
31174,961,1049
31175,960,1044
31176,960,1040
31177,959,1040
31178,958,1043
31179,962,1047
31180,962,1048
31181,963,1042
31182,961,1041
31183,960,1040
31184,959,1040
31185,961,1044
31186,965,1045
31187,967,1039
31188,968,1038
31189,966,1037
31190,968,1039
31191,973,1041
31192,977,1041
31193,975,1039
31194,975,1036
31195,973,1035
31196,972,1036
31197,977,1037
31198,983,1038
31199,984,1035
31200,982,1033
31201,983,1029
31202,982,1029
31203,986,1033
31204,991,1031
31205,991,1029
31206,988,1025
31207,992,1023
31208,992,1025
31209,995,1024
31210,997,1025
31211,1001,1023
31212,1003,1017
31213,1004,1018
31214,1008,1017
31215,1013,1018
31216,1017,1016
31217,1013,1012
31218,1010,1008
31219,1003,1010
31220,1003,1012
31221,1005,1015
31222,1012,1015
31223,1014,1012
31224,1014,1010
31225,1010,1006
31226,1009,1007
31227,1008,1011
31228,1009,1016
31229,1003,1016
31230,1006,1014
31231,1004,1017
31232,1002,1018
31233,1003,1022
31234,1010,1027
31235,1005,1024
31236,1000,1026
31237,1001,1027
31238,999,1029
31239,999,1033
31240,999,1035
31241,992,1033
31242,993,1031
31243,991,1030
31244,985,1034
31245,986,1037
31246,991,1040
31247,987,1039
31248,982,1039
31249,979,1040
31250,977,1043
31251,978,1048
31252,980,1050
31253,977,1047
31254,972,1046
31255,971,1044
31256,970,1046
31257,970,1047
31258,970,1048
31259,969,1046
31260,969,1045
31261,970,1045
31262,970,1047
31263,973,1050
31264,978,1048
31265,975,1047
31266,970,1045
31267,969,1046
31268,971,1047
31269,975,1049
31270,978,1050
31271,973,1049
31272,970,1045
31273,969,1045
31274,973,1046
31275,978,1050
31276,978,1051
31277,972,1047
31278,969,1046
31279,971,1044
31280,975,1048
31281,978,1051
31282,980,1051
31283,981,1049
31284,977,1046
31285,977,1047
31286,976,1045
31287,980,1050
31288,982,1051
31289,983,1047
31290,981,1048
31291,979,1044
31292,978,1043
31293,982,1047
31294,987,1049
31295,987,1046
31296,985,1043
31297,981,1041
31298,979,1043
31299,977,1046
31300,978,1044
31301,978,1042
31302,974,1041
31303,974,1040
31304,971,1040
31305,970,1044
31306,977,1044
31307,975,1042
31308,977,1041
31309,977,1039
31310,978,1043
31311,973,1047
31312,975,1048
31313,973,1045
31314,969,1042
31315,969,1041
31316,970,1042
31317,972,1045
31318,974,1044
31319,971,1043
31320,969,1042
31321,966,1043
31322,968,1042
31323,972,1045
31324,975,1048
31325,975,1045
31326,971,1042
31327,968,1042
31328,966,1045
31329,970,1047
31330,973,1049
31331,974,1045
31332,974,1042
31333,972,1042
31334,974,1042
31335,975,1047
31336,979,1047
31337,977,1043
31338,975,1039
31339,967,1038
31340,968,1039
31341,972,1044
31342,976,1044
31343,975,1043
31344,971,1041
31345,968,1038
31346,970,1042
31347,970,1045
31348,972,1047
31349,972,1041
31350,970,1039
31351,965,1038
31352,964,1040
31353,965,1039
31354,969,1040
31355,968,1039
31356,966,1038
31357,964,1033
31358,963,1037
31359,964,1040
31360,967,1042
31361,968,1039
31362,964,1036
31363,961,1035
31364,963,1037
31365,969,1043
31366,970,1043
31367,965,1039
31368,964,1040
31369,964,1037
31370,963,1040
31371,961,1040
31372,963,1043
31373,964,1042
31374,963,1039
31375,964,1039
31376,963,1043
31377,965,1044
31378,967,1043
31379,968,1041
31380,965,1039
31381,964,1038
31382,964,1041
31383,968,1043
31384,969,1045
31385,966,1042
31386,970,1038
31387,966,1036
31388,967,1040
31389,973,1044
31390,974,1043
31391,969,1042
31392,965,1040
31393,962,1040
31394,962,1043
31395,965,1046
31396,972,1049
31397,970,1047
31398,971,1044
31399,968,1045
31400,967,1046
31401,970,1048
31402,976,1051
31403,971,1049
31404,967,1043
31405,965,1042
31406,963,1044
31407,967,1047
31408,969,1048
31409,970,1048
31410,964,1043
31411,961,1045
31412,960,1045
31413,961,1047
31414,966,1047
31415,970,1043
31416,968,1042
31417,966,1040
31418,965,1042
31419,961,1045
31420,961,1045
31421,962,1046
31422,964,1043
31423,963,1041
31424,964,1043
31425,968,1046
31426,971,1045
31427,968,1042
31428,969,1041
31429,969,1040
31430,971,1043
31431,972,1046
31432,975,1046
31433,970,1044
31434,971,1041
31435,969,1041
31436,966,1038
31437,972,1045
31438,973,1043
31439,972,1043
31440,969,1040
31441,965,1039
31442,965,1041
31443,969,1043
31444,976,1044
31445,977,1041
31446,977,1041
31447,973,1039
31448,969,1044
31449,973,1046
31450,977,1045
31451,977,1045
31452,975,1041
31453,969,1041
31454,967,1043
31455,973,1048
31456,974,1048
31457,972,1047
31458,968,1047
31459,965,1048
31460,964,1047
31461,964,1045
31462,967,1051
31463,969,1047
31464,971,1045
31465,967,1044
31466,964,1042
31467,967,1049
31468,967,1048
31469,967,1047
31470,966,1044
31471,966,1042
31472,961,1044
31473,960,1045
31474,967,1043
31475,964,1042
31476,964,1040
31477,962,1040
31478,963,1042
31479,966,1042
31480,968,1043
31481,968,1041
31482,967,1039
31483,967,1040
31484,964,1040
31485,966,1041
31486,970,1041
31487,968,1043
31488,969,1042
31489,972,1042
31490,973,1042
31491,976,1045
31492,975,1045
31493,971,1041
31494,966,1041
31495,961,1044
31496,958,1047
31497,961,1052
31498,969,1051
31499,972,1053
31500,970,1048
31501,970,1047
31502,971,1048
31503,971,1049
31504,976,1052
31505,977,1049
31506,976,1049
31507,974,1049
31508,973,1051
31509,976,1050
31510,979,1051
31511,978,1050
31512,981,1051
31513,976,1048
31514,975,1050
31515,975,1053
31516,974,1053
31517,974,1049
31518,977,1048
31519,976,1047
31520,975,1049
31521,979,1051
31522,976,1050
31523,982,1048
31524,979,1045
31525,978,1045
31526,974,1048
31527,974,1054
31528,978,1054
31529,979,1050
31530,975,1046
31531,977,1044
31532,974,1044
31533,976,1047
31534,982,1047
31535,987,1041
31536,994,1038
31537,1003,1034
31538,1022,1033
31539,1041,1037
31540,1063,1033
31541,1092,1026
31542,1123,1016
31543,1156,1009
31544,1189,1005
31545,1226,1007
31546,1253,1009
31547,1277,1017
31548,1275,1023
31549,1257,1030
31550,1222,1036
31551,1175,1039
31552,1122,1047
31553,1065,1050
31554,1009,1056
31555,960,1063
31556,939,1067
31557,941,1068
31558,952,1062
31559,963,1057
31560,967,1049
31561,965,1042
31562,970,1044
31563,970,1046
31564,971,1047
31565,967,1044
31566,965,1041
31567,960,1041
31568,963,1044
31569,962,1047
31570,969,1049
31571,969,1048
31572,968,1047
31573,963,1044
31574,961,1048
31575,967,1051
31576,966,1053
31577,966,1052
31578,964,1048
31579,959,1048
31580,961,1053
31581,962,1055
31582,964,1058
31583,961,1054
31584,962,1053
31585,959,1053
31586,962,1055
31587,964,1060
31588,969,1056
31589,967,1057
31590,964,1051
31591,959,1051
31592,960,1053
31593,960,1055
31594,967,1055
31595,966,1052
31596,964,1051
31597,960,1052
31598,962,1055
31599,966,1055
31600,969,1055
31601,970,1053
31602,964,1048
31603,960,1048
31604,961,1046
31605,962,1052
31606,969,1052
31607,970,1050
31608,970,1048
31609,967,1047
31610,967,1050
31611,971,1051
31612,973,1054
31613,973,1050
31614,971,1044
31615,972,1045
31616,976,1048
31617,977,1050
31618,979,1050
31619,978,1049
31620,977,1043
31621,978,1042
31622,980,1043
31623,982,1045
31624,984,1042
31625,985,1042
31626,985,1041
31627,984,1040
31628,984,1043
31629,989,1044
31630,993,1044
31631,996,1041
31632,994,1038
31633,994,1039
31634,996,1038
31635,997,1038
31636,1002,1032
31637,1005,1031
31638,1004,1027
31639,1004,1027
31640,1004,1029
31641,1001,1028
31642,1007,1028
31643,1009,1024
31644,1009,1022
31645,1007,1020
31646,1008,1023
31647,1011,1023
31648,1017,1026
31649,1019,1021
31650,1020,1016
31651,1013,1017
31652,1013,1016
31653,1018,1021
31654,1019,1020
31655,1019,1018
31656,1014,1020
31657,1017,1021
31658,1019,1023
31659,1021,1025
31660,1021,1027
31661,1018,1027
31662,1016,1027
31663,1014,1029
31664,1014,1030
31665,1017,1036
31666,1015,1037
31667,1010,1038
31668,1005,1035
31669,1002,1037
31670,999,1040
31671,998,1046
31672,995,1047
31673,992,1048
31674,993,1048
31675,989,1048
31676,985,1050
31677,986,1052
31678,984,1052
31679,981,1052
31680,978,1051
31681,977,1051
31682,978,1054
31683,978,1056
31684,978,1055
31685,976,1055
31686,977,1054
31687,974,1052
31688,975,1051
31689,977,1052
31690,979,1054
31691,977,1053
31692,976,1054
31693,973,1051
31694,974,1054
31695,976,1058
31696,979,1061
31697,978,1056
31698,977,1052
31699,977,1053
31700,979,1055
31701,979,1055
31702,979,1054
31703,980,1056
31704,973,1052
31705,971,1054
31706,971,1055
31707,977,1059
31708,982,1060
31709,983,1059
31710,981,1056
31711,979,1055
31712,980,1054
31713,983,1058
31714,985,1057
31715,982,1056
31716,980,1053
31717,980,1054
31718,982,1059
31719,984,1060
31720,987,1057
31721,987,1056
31722,986,1056
31723,985,1054
31724,984,1055
31725,985,1054
31726,985,1054
31727,985,1050
31728,985,1050
31729,979,1050
31730,978,1051
31731,980,1051
31732,983,1051
31733,983,1046
31734,983,1045
31735,981,1046
31736,984,1043
31737,983,1047
31738,989,1047
31739,987,1046
31740,983,1042
31741,982,1041
31742,981,1045
31743,983,1046
31744,984,1048
31745,984,1044
31746,984,1043
31747,983,1043
31748,981,1042
31749,983,1045
31750,986,1046
31751,985,1045
31752,983,1043
31753,981,1046
31754,980,1048
31755,982,1053
31756,987,1050
31757,986,1048
31758,985,1043
31759,981,1044
31760,980,1047
31761,984,1052
31762,989,1049
31763,987,1048
31764,983,1047
31765,981,1046
31766,982,1047
31767,983,1053
31768,986,1051
31769,988,1050
31770,983,1046
31771,983,1045
31772,982,1049
31773,989,1049
31774,994,1051
31775,992,1052
31776,988,1048
31777,983,1046
31778,982,1050
31779,987,1051
31780,992,1049
31781,995,1045
31782,999,1041
31783,1006,1039
31784,1018,1038
31785,1039,1043
31786,1061,1040
31787,1089,1035
31788,1120,1028
31789,1153,1016
31790,1194,1010
31791,1229,1011
31792,1264,1014
31793,1282,1023
31794,1278,1036
31795,1256,1046
31796,1215,1055
31797,1165,1056
31798,1105,1060
31799,1040,1063
31800,975,1072
31801,928,1081
31802,911,1093
31803,920,1098
31804,939,1092
31805,950,1080
31806,956,1068
31807,960,1062
31808,966,1060
31809,970,1060
31810,971,1058
31811,970,1053
31812,973,1052
31813,967,1051
31814,968,1051
31815,967,1054
31816,967,1052
31817,966,1050
31818,964,1048
31819,963,1049
31820,963,1050
31821,963,1051
31822,969,1050
31823,967,1049
31824,962,1046
31825,955,1045
31826,955,1047
31827,957,1049
31828,963,1049
31829,968,1045
31830,960,1044
31831,957,1044
31832,959,1043
31833,962,1048
31834,966,1047
31835,961,1046
31836,962,1043
31837,957,1044
31838,957,1047
31839,959,1050
31840,963,1048
31841,963,1046
31842,963,1044
31843,963,1044
31844,961,1042
31845,962,1047
31846,965,1049
31847,967,1048
31848,964,1041
31849,964,1039
31850,965,1044
31851,967,1041
31852,971,1044
31853,970,1039
31854,970,1035
31855,968,1034
31856,968,1036
31857,968,1041
31858,970,1040
31859,975,1033
31860,977,1032
31861,976,1030
31862,979,1031
31863,981,1035
31864,981,1031
31865,987,1028
31866,988,1026
31867,986,1025
31868,988,1027
31869,992,1028
31870,993,1028
31871,995,1024
31872,995,1020
31873,994,1020
31874,999,1021
31875,1004,1021
31876,1006,1018
31877,1009,1012
31878,1007,1010
31879,1006,1009
31880,1008,1010
31881,1009,1014
31882,1009,1014
31883,1009,1010
31884,1009,1009
31885,1006,1005
31886,1013,1008
31887,1012,1008
31888,1017,1007
31889,1018,1005
31890,1015,999
31891,1018,998
31892,1019,1000
31893,1021,1006
31894,1020,1004
31895,1017,1003
31896,1015,1000
31897,1012,1001
31898,1010,1006
31899,1009,1010
31900,1009,1011
31901,1009,1011
31902,1008,1011
31903,1005,1013
31904,1004,1017
31905,1000,1019
31906,1002,1024
31907,1002,1025
31908,995,1025
31909,991,1026
31910,989,1031
31911,991,1034
31912,994,1033
31913,990,1034
31914,984,1034
31915,980,1039
31916,980,1041
31917,983,1045
31918,984,1045
31919,981,1045
31920,974,1044
31921,974,1047
31922,971,1049
31923,972,1053
31924,976,1053
31925,976,1055
31926,973,1052
31927,971,1051
31928,967,1052
31929,970,1056
31930,970,1058
31931,971,1053
31932,967,1051
31933,964,1054
31934,967,1056
31935,970,1059
31936,972,1060
31937,967,1056
31938,967,1054
31939,965,1054
31940,971,1055
31941,974,1057
31942,974,1057
31943,974,1054
31944,973,1052
31945,972,1050
31946,973,1051
31947,975,1053
31948,976,1054
31949,972,1049
31950,971,1047
31951,973,1048
31952,974,1048
31953,977,1048
31954,982,1049
31955,983,1046
31956,980,1045
31957,978,1045
31958,977,1047
31959,977,1049
31960,982,1051
31961,980,1047
31962,980,1047
31963,979,1042
31964,980,1048
31965,984,1049
31966,988,1050
31967,987,1048
31968,983,1045
31969,977,1045
31970,977,1050
31971,982,1051
31972,985,1051
31973,984,1048
31974,980,1046
31975,976,1046
31976,977,1050
31977,977,1051
31978,979,1050
31979,978,1049
31980,977,1046
31981,975,1047
31982,974,1047
31983,981,1049
31984,983,1048
31985,983,1046
31986,983,1042
31987,980,1042
31988,979,1044
31989,976,1048
31990,979,1048
31991,977,1048
31992,978,1044
31993,976,1044
31994,971,1047
31995,976,1048
31996,981,1050
31997,981,1046
31998,981,1044
31999,978,1044
32000,976,1047
32001,978,1049
32002,980,1047
32003,983,1044
32004,982,1044
32005,979,1042
32006,982,1045
32007,981,1049
32008,983,1051
32009,984,1046
32010,982,1046
32011,980,1046
32012,980,1047
32013,984,1048
32014,986,1051
32015,984,1051
32016,980,1045
32017,975,1048
32018,977,1051
32019,978,1053
32020,980,1055
32021,979,1052
32022,976,1052
32023,974,1052
32024,975,1054
32025,977,1056
32026,981,1053
32027,979,1049
32028,976,1047
32029,972,1048
32030,975,1049
32031,975,1050
32032,979,1051
32033,977,1047
32034,975,1043
32035,970,1043
32036,974,1049
32037,980,1051
32038,981,1049
32039,982,1047
32040,979,1044
32041,972,1044
32042,972,1046
32043,976,1048
32044,980,1050
32045,981,1049
32046,980,1047
32047,979,1045
32048,979,1047
32049,978,1051
32050,981,1051
32051,980,1049
32052,977,1044
32053,974,1047
32054,973,1048
32055,978,1051
32056,982,1049
32057,982,1050
32058,981,1048
32059,977,1046
32060,979,1050
32061,979,1053
32062,979,1050
32063,976,1049
32064,975,1045
32065,974,1045
32066,975,1050
32067,976,1050
32068,979,1053
32069,977,1052
32070,972,1049
32071,968,1051
32072,971,1053
32073,975,1054
32074,982,1055
32075,983,1052
32076,980,1046
32077,978,1048
32078,978,1046
32079,981,1047
32080,983,1049
32081,980,1049
32082,980,1049
32083,978,1049
32084,980,1050
32085,981,1051
32086,983,1051
32087,983,1049
32088,979,1047
32089,979,1044
32090,979,1046
32091,982,1048
32092,986,1047
32093,986,1046
32094,983,1043
32095,982,1041
32096,983,1045
32097,982,1046
32098,984,1046
32099,983,1046
32100,984,1044
32101,982,1046
32102,986,1048
32103,985,1049
32104,985,1048
32105,982,1049
32106,982,1044
32107,980,1045
32108,981,1047
32109,984,1050
32110,988,1048
32111,988,1048
32112,983,1048
32113,980,1046
32114,978,1049
32115,983,1051
32116,985,1052
32117,984,1050
32118,982,1045
32119,980,1046
32120,983,1048
32121,984,1052
32122,983,1053
32123,980,1052
32124,980,1050
32125,979,1048
32126,982,1050
32127,987,1052
32128,988,1051
32129,987,1048
32130,981,1045
32131,978,1046
32132,982,1045
32133,987,1050
32134,991,1050
32135,990,1046
32136,988,1044
32137,987,1044
32138,985,1048
32139,990,1051
32140,990,1048
32141,994,1048
32142,994,1044
32143,989,1046
32144,990,1048
32145,992,1050
32146,996,1051
32147,999,1047
32148,1001,1045
32149,1005,1042
32150,1015,1040
32151,1027,1039
32152,1043,1041
32153,1060,1034
32154,1080,1030
32155,1110,1022
32156,1144,1018
32157,1180,1013
32158,1215,1011
32159,1241,1008
32160,1264,1009
32161,1273,1020
32162,1271,1034
32163,1246,1047
32164,1207,1047
32165,1157,1050
32166,1106,1052
32167,1047,1060
32168,992,1071
32169,960,1076
32170,952,1076
32171,961,1073
32172,972,1066
32173,978,1061
32174,983,1057
32175,982,1057
32176,986,1050
32177,985,1049
32178,983,1046
32179,979,1046
32180,981,1048
32181,981,1050
32182,984,1049
32183,982,1050
32184,978,1046
32185,974,1043
32186,978,1047
32187,981,1050
32188,982,1051
32189,979,1049
32190,974,1047
32191,972,1047
32192,977,1048
32193,977,1051
32194,978,1052
32195,976,1050
32196,972,1049
32197,968,1046
32198,969,1049
32199,971,1051
32200,977,1053
32201,977,1050
32202,974,1049
32203,971,1048
32204,971,1049
32205,974,1053
32206,976,1053
32207,971,1052
32208,969,1050
32209,967,1047
32210,968,1048
32211,975,1050
32212,979,1050
32213,979,1049
32214,975,1047
32215,969,1046
32216,970,1049
32217,976,1053
32218,980,1052
32219,981,1050
32220,979,1046
32221,978,1045
32222,977,1045
32223,983,1049
32224,987,1050
32225,988,1044
32226,985,1044
32227,983,1041
32228,986,1043
32229,989,1043
32230,991,1042
32231,994,1037
32232,994,1039
32233,995,1039
32234,993,1040
32235,997,1040
32236,1002,1039
32237,1002,1038
32238,1003,1036
32239,1004,1032
32240,1010,1035
32241,1010,1035
32242,1016,1036
32243,1012,1030
32244,1007,1026
32245,1011,1026
32246,1015,1029
32247,1020,1030
32248,1022,1028
32249,1022,1023
32250,1023,1023
32251,1021,1023
32252,1024,1024
32253,1029,1024
32254,1031,1024
32255,1028,1025
32256,1026,1020
32257,1023,1018
32258,1025,1021
32259,1027,1024
32260,1033,1023
32261,1034,1022
32262,1033,1017
32263,1030,1018
32264,1033,1021
32265,1036,1024
32266,1033,1022
32267,1030,1023
32268,1027,1021
32269,1025,1023
32270,1021,1026
32271,1021,1029
32272,1028,1032
32273,1025,1032
32274,1022,1029
32275,1016,1030
32276,1015,1033
32277,1013,1037
32278,1015,1039
32279,1012,1039
32280,1008,1039
32281,1002,1037
32282,1004,1042
32283,1007,1046
32284,1008,1047
32285,1006,1047
32286,1004,1043
32287,999,1046
32288,995,1051
32289,994,1054
32290,993,1054
32291,990,1054
32292,986,1050
32293,987,1052
32294,982,1052
32295,987,1059
32296,987,1055
32297,985,1056
32298,983,1052
32299,982,1054
32300,983,1055
32301,984,1060
32302,989,1059
32303,989,1059
32304,985,1055
32305,983,1058
32306,985,1060
32307,990,1061
32308,992,1060
32309,989,1058
32310,988,1055
32311,983,1056
32312,985,1060
32313,989,1061
32314,993,1059
32315,993,1059
32316,990,1056
32317,987,1055
32318,987,1056
32319,993,1060
32320,995,1059
32321,994,1056
32322,992,1053
32323,992,1054
32324,989,1053
32325,993,1055
32326,995,1056
32327,995,1054
32328,993,1050
32329,991,1053
32330,989,1051
32331,994,1056
32332,995,1056
32333,993,1053
32334,991,1051
32335,989,1051
32336,991,1053
32337,993,1055
32338,994,1056
32339,990,1053
32340,989,1050
32341,990,1051
32342,992,1055
32343,994,1056
32344,1000,1055
32345,996,1053
32346,993,1050
32347,989,1048
32348,985,1052
32349,990,1058
32350,992,1055
32351,995,1053
32352,995,1051
32353,991,1049
32354,992,1055
32355,993,1056
32356,995,1057
32357,989,1055
32358,989,1052
32359,989,1048
32360,989,1052
32361,994,1055
32362,999,1052
32363,997,1054
32364,993,1053
32365,989,1051
32366,991,1051
32367,994,1053
32368,997,1056
32369,993,1052
32370,991,1047
32371,992,1050
32372,992,1053
32373,994,1054
32374,995,1055
32375,997,1051
32376,994,1049
32377,989,1051
32378,990,1052
32379,992,1055
32380,994,1055
32381,993,1053
32382,992,1050
32383,991,1052
32384,994,1054
32385,995,1056
32386,996,1057
32387,993,1054
32388,994,1051
32389,993,1051
32390,988,1052
32391,991,1055
32392,995,1057
32393,994,1054
32394,989,1051
32395,988,1052
32396,985,1054
32397,984,1057
32398,986,1056
32399,984,1055
32400,986,1053
32401,984,1051
32402,984,1057
32403,986,1057
32404,990,1056
32405,988,1054
32406,983,1051
32407,984,1050
32408,986,1052
32409,987,1053
32410,992,1053
32411,993,1051
32412,990,1048
32413,990,1048
32414,991,1051
32415,995,1052
32416,996,1053
32417,994,1051
32418,990,1049
32419,990,1046
32420,993,1049
32421,999,1052
32422,1005,1049
32423,1007,1048
32424,1008,1043
32425,1014,1042
32426,1026,1045
32427,1043,1042
32428,1059,1043
32429,1078,1039
32430,1100,1033
32431,1133,1025
32432,1165,1020
32433,1198,1017
32434,1230,1014
32435,1255,1014
32436,1268,1022
32437,1267,1040
32438,1247,1053
32439,1208,1062
32440,1161,1064
32441,1103,1069
32442,1041,1075
32443,989,1085
32444,959,1092
32445,950,1097
32446,960,1093
32447,969,1085
32448,974,1074
32449,976,1067
32450,979,1065
32451,985,1062
32452,985,1060
32453,986,1060
32454,981,1055
32455,978,1053
32456,979,1052
32457,979,1055
32458,980,1055
32459,978,1052
32460,978,1050
32461,977,1049
32462,976,1053
32463,979,1054
32464,979,1054
32465,980,1050
32466,976,1049
32467,972,1049
32468,974,1052
32469,976,1053
32470,979,1050
32471,980,1051
32472,977,1050
32473,975,1050
32474,975,1051
32475,978,1050
32476,980,1050
32477,979,1049
32478,977,1045
32479,976,1045
32480,977,1050
32481,981,1055
32482,984,1053
32483,981,1054
32484,980,1052
32485,979,1051
32486,978,1052
32487,977,1055
32488,981,1054
32489,979,1051
32490,978,1048
32491,974,1049
32492,975,1052
32493,977,1053
32494,983,1052
32495,983,1053
32496,980,1048
32497,978,1047
32498,982,1051
32499,984,1052
32500,989,1048
32501,988,1044
32502,986,1043
32503,987,1043
32504,988,1049
32505,991,1049
32506,994,1044
32507,995,1041
32508,992,1039
32509,994,1040
32510,996,1039
32511,1004,1040
32512,1008,1037
32513,1010,1032
32514,1010,1029
32515,1008,1025
32516,1011,1028
32517,1016,1029
32518,1019,1025
32519,1021,1025
32520,1019,1020
32521,1020,1020
32522,1022,1020
32523,1027,1022
32524,1031,1020
32525,1033,1020
32526,1032,1012
32527,1029,1014
32528,1033,1015
32529,1035,1018
32530,1039,1016
32531,1041,1014
32532,1038,1011
32533,1035,1011
32534,1035,1016
32535,1037,1019
32536,1038,1019
32537,1037,1019
32538,1033,1018
32539,1031,1021
32540,1029,1026
32541,1029,1027
32542,1028,1029
32543,1023,1028
32544,1020,1027
32545,1014,1030
32546,1012,1031
32547,1012,1039
32548,1013,1039
32549,1009,1039
32550,1002,1040
32551,996,1041
32552,996,1044
32553,995,1049
32554,995,1049
32555,992,1049
32556,988,1045
32557,985,1046
32558,984,1047
32559,987,1054
32560,988,1054
32561,987,1051
32562,984,1048
32563,981,1050
32564,981,1052
32565,984,1054
32566,985,1055
32567,983,1057
32568,983,1053
32569,982,1055
32570,984,1058
32571,986,1062
32572,988,1060
32573,986,1059
32574,983,1056
32575,981,1060
32576,984,1062
32577,987,1063
32578,988,1065
32579,988,1064
32580,985,1062
32581,984,1062
32582,986,1062
32583,990,1066
32584,991,1064
32585,995,1060
32586,994,1058
32587,996,1056
32588,999,1059
32589,1006,1063
32590,1014,1062
32591,1017,1060
32592,1018,1060
32593,1017,1060
32594,1021,1064
32595,1030,1064
32596,1041,1064
32597,1051,1060
32598,1058,1048
32599,1067,1038
32600,1079,1027
32601,1091,1019
32602,1105,1007
32603,1116,994
32604,1126,982
32605,1136,969
32606,1150,956
32607,1166,945
32608,1180,929
32609,1196,918
32610,1205,905
32611,1213,898
32612,1213,894
32613,1210,900
32614,1207,899
32615,1202,900
32616,1193,898
32617,1187,897
32618,1176,901
32619,1165,903
32620,1152,903
32621,1134,902
32622,1117,905
32623,1095,911
32624,1078,924
32625,1061,934
32626,1050,948
32627,1041,959
32628,1036,965
32629,1030,975
32630,1030,986
32631,1031,998
32632,1038,1004
32633,1048,1011
32634,1056,1014
32635,1067,1018
32636,1078,1023
32637,1077,1027
32638,1066,1030
32639,1035,1034
32640,1005,1034
32641,979,1044
32642,966,1054
32643,958,1063
32644,954,1071
32645,949,1075
32646,943,1074
32647,936,1078
32648,934,1082
32649,934,1085
32650,930,1086
32651,926,1086
32652,920,1087
32653,915,1089
32654,915,1093
32655,913,1095
32656,913,1096
32657,906,1098
32658,903,1097
32659,905,1097
32660,903,1101
32661,904,1105
32662,905,1107
32663,903,1109
32664,903,1107
32665,902,1107
32666,900,1110
32667,901,1114
32668,902,1115
32669,900,1113
32670,894,1110
32671,892,1113
32672,896,1117
32673,895,1120
32674,900,1124
32675,899,1122
32676,895,1121
32677,893,1124
32678,892,1127
32679,895,1133
32680,897,1133
32681,896,1133
32682,891,1133
32683,887,1134
32684,890,1138
32685,892,1141
32686,895,1143
32687,893,1141
32688,892,1142
32689,891,1143
32690,892,1148
32691,894,1153
32692,899,1152
32693,897,1149
32694,897,1151
32695,897,1153
32696,900,1157
32697,904,1159
32698,907,1156
32699,909,1158
32700,908,1154
32701,907,1154
32702,913,1155
32703,919,1157
32704,924,1155
32705,927,1148
32706,930,1144
32707,932,1143
32708,937,1142
32709,945,1141
32710,951,1139
32711,955,1131
32712,957,1125
32713,958,1122
32714,962,1122
32715,970,1118
32716,977,1116
32717,979,1111
32718,978,1101
32719,978,1100
32720,978,1098
32721,981,1095
32722,984,1095
32723,980,1087
32724,981,1082
32725,979,1078
32726,979,1079
32727,981,1079
32728,983,1075
32729,980,1069
32730,976,1066
32731,974,1067
32732,976,1066
32733,978,1068
32734,981,1065
32735,980,1063
32736,976,1060
32737,973,1058
32738,973,1062
32739,972,1065
32740,974,1063
32741,975,1058
32742,972,1058
32743,969,1055
32744,968,1057
32745,972,1060
32746,971,1060
32747,968,1056
32748,967,1054
32749,964,1056
32750,968,1059
32751,972,1061
32752,973,1061
32753,972,1059
32754,969,1056
32755,966,1057
32756,969,1057
32757,970,1061
32758,976,1060
32759,974,1055
32760,972,1053
32761,968,1054
32762,970,1056
32763,975,1059
32764,975,1060
32765,978,1058
32766,973,1053
32767,975,1054
32768,973,1055
32769,979,1058
32770,981,1055
32771,978,1056
32772,977,1051
32773,974,1053
32774,974,1053
32775,974,1052
32776,978,1053
32777,980,1051
32778,976,1048
32779,974,1046
32780,976,1050
32781,977,1051
32782,979,1054
32783,978,1049
32784,975,1050
32785,968,1052
32786,973,1055
32787,975,1054
32788,977,1054
32789,978,1052
32790,976,1051
32791,974,1051
32792,975,1052
32793,979,1054
32794,982,1052
32795,981,1053
32796,980,1049
32797,975,1051
32798,975,1053
32799,978,1055
32800,980,1054
32801,976,1051
32802,978,1048
32803,975,1049
32804,974,1052
32805,976,1054
32806,979,1052
32807,977,1048
32808,975,1048
32809,974,1048
32810,974,1049
32811,976,1051
32812,978,1048
32813,975,1047
32814,974,1045
32815,971,1045
32816,973,1047
32817,974,1050
32818,977,1051
32819,976,1047
32820,971,1043
32821,968,1043
32822,972,1048
32823,974,1052
32824,979,1052
32825,976,1051
32826,973,1047
32827,971,1049
32828,970,1049
32829,973,1054
32830,976,1053
32831,974,1052
32832,973,1047
32833,971,1048
32834,974,1050
32835,975,1057
32836,976,1054
32837,974,1055
32838,976,1054
32839,972,1052
32840,974,1053
32841,975,1054
32842,979,1058
32843,978,1054
32844,976,1050
32845,975,1052
32846,976,1054
32847,977,1057
32848,980,1057
32849,981,1053
32850,978,1049
32851,976,1049
32852,979,1053
32853,983,1057
32854,984,1053
32855,981,1052
32856,979,1049
32857,978,1050
32858,975,1053
32859,977,1057
32860,978,1055
32861,978,1050
32862,974,1050
32863,974,1048
32864,978,1051
32865,980,1052
32866,982,1053
32867,979,1051
32868,977,1048
32869,976,1048
32870,978,1051
32871,981,1054
32872,982,1052
32873,979,1052
32874,976,1049
32875,974,1049
32876,976,1049
32877,979,1054
32878,982,1052
32879,979,1049
32880,976,1047
32881,974,1048
32882,979,1052
32883,979,1056
32884,983,1053
32885,982,1053
32886,980,1050
32887,976,1052
32888,978,1054
32889,981,1055
32890,983,1051
32891,982,1050
32892,979,1047
32893,977,1048
32894,979,1051
32895,982,1051
32896,983,1050
32897,981,1047
32898,981,1043
32899,980,1044
32900,978,1045
32901,981,1048
32902,983,1046
32903,983,1045
32904,979,1043
32905,976,1046
32906,978,1049
32907,980,1050
32908,984,1049
32909,981,1048
32910,976,1047
32911,975,1048
32912,977,1051
32913,981,1052
32914,982,1054
32915,980,1054
32916,978,1050
32917,975,1050
32918,976,1052
32919,979,1057
32920,981,1056
32921,980,1052
32922,976,1051
32923,976,1050
32924,978,1053
32925,980,1055
32926,982,1054
32927,983,1052
32928,981,1052
32929,981,1051
32930,985,1054
32931,985,1056
32932,987,1054
32933,984,1051
32934,981,1047
32935,978,1046
32936,980,1048
32937,983,1050
32938,985,1049
32939,984,1046
32940,982,1043
32941,980,1043
32942,981,1046
32943,986,1049
32944,985,1047
32945,985,1043
32946,982,1041
32947,982,1045
32948,984,1048
32949,985,1047
32950,987,1049
32951,987,1046
32952,985,1043
32953,983,1040
32954,985,1043
32955,987,1049
32956,989,1046
32957,985,1047
32958,982,1042
32959,981,1043
32960,983,1048
32961,986,1050
32962,987,1051
32963,987,1048
32964,984,1046
32965,986,1046
32966,986,1050
32967,989,1052
32968,992,1053
32969,992,1049
32970,989,1048
32971,991,1050
32972,993,1052
32973,997,1052
32974,998,1050
32975,996,1049
32976,994,1045
32977,995,1044
32978,997,1046
32979,1003,1045
32980,1007,1042
32981,1016,1038
32982,1027,1033
32983,1041,1032
32984,1059,1029
32985,1084,1030
32986,1111,1024
32987,1142,1017
32988,1169,1007
32989,1196,1001
32990,1227,1003
32991,1252,1012
32992,1262,1022
32993,1244,1031
32994,1211,1036
32995,1164,1039
32996,1116,1046
32997,1069,1054
32998,1020,1057
32999,986,1060
33000,971,1060
33001,969,1058
33002,977,1055
33003,985,1051
33004,987,1047
33005,984,1043
33006,978,1040
33007,976,1042
33008,977,1043
33009,978,1045
33010,980,1047
33011,977,1047
33012,973,1043
33013,974,1045
33014,975,1049
33015,973,1051
33016,973,1051
33017,971,1048
33018,968,1046
33019,967,1043
33020,968,1046
33021,971,1050
33022,972,1047
33023,970,1046
33024,968,1043
33025,969,1044
33026,972,1046
33027,973,1047
33028,972,1046
33029,970,1044
33030,969,1039
33031,966,1040
33032,967,1043
33033,971,1044
33034,973,1043
33035,974,1041
33036,973,1038
33037,971,1041
33038,972,1044
33039,973,1043
33040,975,1042
33041,975,1039
33042,973,1035
33043,971,1040
33044,970,1041
33045,976,1046
33046,978,1043
33047,975,1042
33048,973,1039
33049,972,1038
33050,975,1041
33051,978,1044
33052,981,1043
33053,979,1042
33054,978,1039
33055,978,1039
33056,980,1041
33057,981,1043
33058,985,1042
33059,984,1040
33060,985,1037
33061,987,1035
33062,990,1036
33063,992,1036
33064,995,1036
33065,997,1031
33066,995,1027
33067,995,1025
33068,996,1025
33069,1003,1027
33070,1006,1024
33071,1005,1021
33072,1008,1017
33073,1006,1015
33074,1008,1018
33075,1014,1018
33076,1016,1015
33077,1016,1014
33078,1016,1012
33079,1015,1011
33080,1016,1010
33081,1022,1012
33082,1021,1013
33083,1019,1011
33084,1020,1006
33085,1020,1008
33086,1022,1010
33087,1023,1013
33088,1024,1014
33089,1026,1012
33090,1023,1012
33091,1020,1012
33092,1020,1016
33093,1021,1018
33094,1022,1021
33095,1018,1020
33096,1014,1021
33097,1012,1023
33098,1013,1026
33099,1012,1031
33100,1014,1031
33101,1011,1031
33102,1008,1031
33103,1003,1029
33104,1000,1033
33105,997,1039
33106,997,1038
33107,994,1040
33108,994,1039
33109,991,1039
33110,988,1042
33111,990,1044
33112,991,1046
33113,987,1042
33114,983,1039
33115,982,1042
33116,984,1043
33117,985,1048
33118,987,1047
33119,989,1045
33120,986,1045
33121,982,1045
33122,984,1047
33123,985,1051
33124,988,1050
33125,984,1048
33126,983,1048
33127,982,1045
33128,985,1048
33129,988,1050
33130,987,1049
33131,987,1046
33132,983,1045
33133,981,1044
33134,982,1045
33135,988,1049
33136,989,1047
33137,984,1044
33138,985,1039
33139,984,1040
33140,982,1041
33141,985,1045
33142,986,1043
33143,985,1040
33144,982,1039
33145,983,1038
33146,985,1038
33147,990,1040
33148,991,1039
33149,988,1039
33150,987,1032
33151,983,1034
33152,985,1036
33153,986,1039
33154,988,1037
33155,987,1034
33156,988,1030
33157,984,1033
33158,988,1035
33159,988,1037
33160,990,1039
33161,987,1033
33162,984,1032
33163,982,1035
33164,984,1037
33165,987,1039
33166,990,1039
33167,989,1038
33168,986,1035
33169,985,1035
33170,985,1039
33171,986,1039
33172,990,1039
33173,988,1038
33174,988,1035
33175,984,1034
33176,985,1037
33177,988,1040
33178,991,1039
33179,992,1037
33180,987,1035
33181,982,1034
33182,986,1038
33183,986,1040
33184,990,1040
33185,988,1037
33186,982,1033
33187,977,1034
33188,980,1036
33189,982,1037
33190,986,1037
33191,980,1035
33192,979,1034
33193,976,1033
33194,979,1035
33195,979,1036
33196,984,1036
33197,981,1034
33198,978,1033
33199,978,1032
33200,979,1033
33201,979,1036
33202,981,1037
33203,981,1033
33204,980,1033
33205,976,1033
33206,977,1033
33207,979,1037
33208,981,1038
33209,979,1035
33210,977,1032
33211,974,1035
33212,975,1037
33213,978,1041
33214,980,1039
33215,978,1039
33216,975,1037
33217,974,1037
33218,976,1040
33219,980,1043
33220,981,1040
33221,982,1039
33222,979,1036
33223,976,1038
33224,979,1039
33225,982,1043
33226,983,1040
33227,982,1038
33228,981,1036
33229,980,1039
33230,978,1038
33231,982,1041
33232,983,1040
33233,980,1036
33234,981,1034
33235,982,1035
33236,984,1039
33237,986,1040
33238,988,1039
33239,990,1039
33240,988,1036
33241,985,1037
33242,989,1039
33243,992,1041
33244,997,1039
33245,993,1036
33246,996,1032
33247,996,1029
33248,1004,1032
33249,1016,1030
33250,1027,1028
33251,1041,1023
33252,1056,1021
33253,1075,1019
33254,1104,1016
33255,1136,1016
33256,1167,1006
33257,1196,1001
33258,1220,996
33259,1242,1001
33260,1256,1014
33261,1265,1027
33262,1251,1038
33263,1222,1040
33264,1178,1038
33265,1130,1042
33266,1076,1050
33267,1031,1063
33268,993,1070
33269,965,1071
33270,956,1070
33271,958,1064
33272,966,1059
33273,974,1056
33274,979,1046
33275,979,1039
33276,977,1037
33277,973,1037
33278,972,1034
33279,974,1038
33280,977,1037
33281,975,1035
33282,972,1034
33283,967,1034
33284,967,1038
33285,970,1040
33286,968,1038
33287,965,1035
33288,963,1034
33289,962,1031
33290,965,1037
33291,967,1041
33292,968,1037
33293,965,1036
33294,964,1033
33295,963,1034
33296,964,1037
33297,966,1041
33298,968,1041
33299,970,1037
33300,967,1036
33301,964,1035
33302,968,1038
33303,968,1041
33304,973,1037
33305,971,1037
33306,969,1035
33307,966,1035
33308,969,1035
33309,972,1039
33310,975,1035
33311,973,1032
33312,972,1030
33313,970,1030
33314,973,1033
33315,979,1035
33316,978,1034
33317,982,1032
33318,978,1031
33319,978,1031
33320,980,1034
33321,983,1035
33322,984,1030
33323,984,1028
33324,983,1025
33325,984,1027
33326,988,1031
33327,989,1031
33328,997,1031
33329,998,1026
33330,996,1025
33331,996,1023
33332,998,1024
33333,1001,1025
33334,1004,1022
33335,1003,1020
33336,1003,1018
33337,1001,1018
33338,1003,1017
33339,1009,1020
33340,1017,1018
33341,1013,1016
33342,1012,1010
33343,1011,1009
33344,1015,1012
33345,1019,1013
33346,1023,1012
33347,1023,1009
33348,1021,1006
33349,1021,1004
33350,1024,1007
33351,1029,1008
33352,1030,1005
33353,1028,1003
33354,1028,998
33355,1027,999
33356,1029,1000
33357,1031,1002
33358,1036,999
33359,1033,996
33360,1030,994
33361,1027,997
33362,1027,1001
33363,1028,1005
33364,1029,1005
33365,1030,1004
33366,1025,1003
33367,1024,1005
33368,1022,1010
33369,1023,1016
33370,1024,1015
33371,1022,1015
33372,1016,1014
33373,1011,1017
33374,1008,1021
33375,1009,1023
33376,1012,1027
33377,1010,1026
33378,1007,1025
33379,1002,1028
33380,1002,1031
33381,1002,1034
33382,1004,1034
33383,999,1033
33384,996,1029
33385,994,1033
33386,993,1034
33387,996,1038
33388,999,1039
33389,997,1037
33390,997,1035
33391,993,1037
33392,995,1038
33393,998,1044
33394,1000,1044
33395,996,1044
33396,998,1039
33397,995,1039
33398,998,1041
33399,1001,1044
33400,1002,1044
33401,1002,1043
33402,999,1041
33403,994,1042
33404,999,1042
33405,1007,1046
33406,1010,1044
33407,1016,1042
33408,1017,1040
33409,1019,1040
33410,1026,1045
33411,1031,1047
33412,1037,1049
33413,1039,1044
33414,1044,1041
33415,1054,1040
33416,1066,1035
33417,1080,1031
33418,1091,1015
33419,1098,1005
33420,1105,988
33421,1120,980
33422,1135,971
33423,1152,962
33424,1166,950
33425,1179,934
33426,1190,914
33427,1208,901
33428,1222,893
33429,1234,885
33430,1239,877
33431,1238,871
33432,1230,865
33433,1223,869
33434,1220,874
33435,1219,876
33436,1210,872
33437,1193,870
33438,1172,869
33439,1149,873
33440,1129,880
33441,1113,887
33442,1093,892
33443,1074,898
33444,1055,907
33445,1043,918
33446,1037,934
33447,1038,944
33448,1040,953
33449,1036,961
33450,1031,965
33451,1036,977
33452,1048,984
33453,1063,993
33454,1081,998
33455,1086,996
33456,1077,999
33457,1056,1006
33458,1033,1013
33459,1013,1023
33460,994,1034
33461,978,1041
33462,969,1046
33463,963,1055
33464,961,1062
33465,957,1071
33466,954,1072
33467,948,1070
33468,942,1071
33469,940,1074
33470,937,1074
33471,936,1079
33472,936,1079
33473,931,1079
33474,928,1077
33475,923,1078
33476,921,1081
33477,922,1084
33478,925,1082
33479,922,1082
33480,917,1081
33481,913,1085
33482,913,1086
33483,913,1089
33484,919,1091
33485,914,1090
33486,909,1087
33487,911,1092
33488,909,1097
33489,909,1100
33490,910,1099
33491,906,1098
33492,902,1097
33493,900,1101
33494,903,1103
33495,906,1107
33496,906,1108
33497,905,1109
33498,902,1106
33499,900,1109
33500,900,1112
33501,902,1117
33502,903,1118
33503,901,1116
33504,899,1115
33505,898,1121
33506,900,1125
33507,904,1129
33508,907,1131
33509,906,1133
33510,901,1134
33511,899,1136
33512,901,1137
33513,907,1143
33514,909,1141
33515,908,1140
33516,909,1137
33517,909,1140
33518,909,1142
33519,915,1146
33520,919,1145
33521,919,1143
33522,920,1139
33523,923,1139
33524,924,1141
33525,930,1144
33526,935,1140
33527,940,1136
33528,937,1134
33529,944,1132
33530,947,1129
33531,950,1132
33532,955,1128
33533,960,1123
33534,962,1119
33535,962,1115
33536,967,1112
33537,975,1111
33538,981,1107
33539,982,1101
33540,983,1097
33541,982,1090
33542,988,1089
33543,992,1090
33544,992,1086
33545,993,1079
33546,993,1071
33547,991,1071
33548,992,1067
33549,992,1069
33550,996,1064
33551,991,1059
33552,989,1057
33553,987,1056
33554,988,1055
33555,991,1057
33556,990,1053
33557,987,1049
33558,983,1045
33559,984,1042
33560,985,1042
33561,987,1048
33562,989,1044
33563,990,1043
33564,985,1038
33565,984,1040
33566,984,1039
33567,986,1042
33568,988,1039
33569,987,1038
33570,983,1036
33571,980,1036
33572,984,1038
33573,987,1041
33574,992,1038
33575,991,1036
33576,987,1035
33577,988,1035
33578,986,1037
33579,990,1038
33580,991,1036
33581,989,1034
33582,989,1030
33583,990,1031
33584,992,1033
33585,993,1036
33586,994,1035
33587,994,1032
33588,991,1029
33589,991,1028
33590,992,1030
33591,996,1033
33592,996,1032
33593,995,1028
33594,993,1026
33595,990,1026
33596,993,1029
33597,997,1032
33598,995,1031
33599,995,1030
33600,993,1029
33601,992,1028
33602,990,1029
33603,992,1033
33604,997,1030
33605,994,1026
33606,996,1023
33607,994,1023
33608,996,1025
33609,1000,1026
33610,998,1025
33611,995,1024
33612,990,1023
33613,989,1023
33614,992,1026
33615,993,1028
33616,995,1027
33617,992,1026
33618,991,1023
33619,987,1025
33620,987,1027
33621,987,1030
33622,988,1031
33623,987,1029
33624,986,1023
33625,989,1025
33626,992,1028
33627,998,1031
33628,997,1031
33629,994,1029
33630,994,1025
33631,990,1027
33632,993,1030
33633,995,1031
33634,997,1029
33635,994,1026
33636,993,1025
33637,993,1025
33638,994,1031
33639,997,1034
33640,1000,1031
33641,997,1028
33642,995,1027
33643,994,1028
33644,994,1030
33645,995,1034
33646,997,1034
33647,997,1032
33648,993,1028
33649,992,1029
33650,995,1029
33651,999,1029
33652,999,1026
33653,1000,1022
33654,997,1016
33655,994,1018
33656,994,1019
33657,994,1020
33658,993,1020
33659,993,1017
33660,990,1017
33661,989,1016
33662,990,1019
33663,992,1023
33664,993,1022
33665,992,1019
33666,990,1016
33667,986,1017
33668,988,1020
33669,989,1023
33670,991,1024
33671,988,1021
33672,985,1018
33673,985,1021
33674,983,1022
33675,984,1024
33676,988,1023
33677,987,1023
33678,985,1022
33679,986,1021
33680,987,1024
33681,988,1027
33682,990,1027
33683,987,1024
33684,984,1022
33685,985,1023
33686,990,1027
33687,993,1029
33688,994,1027
33689,990,1025
33690,988,1022
33691,989,1024
33692,994,1027
33693,995,1032
33694,999,1030
33695,999,1030
33696,995,1028
33697,994,1028
33698,998,1033
33699,1000,1036
33700,1001,1034
33701,1001,1034
33702,997,1028
33703,996,1025
33704,999,1028
33705,1005,1030
33706,1005,1029
33707,1005,1025
33708,1000,1023
33709,999,1023
33710,997,1024
33711,1000,1028
33712,1000,1027
33713,1000,1026
33714,995,1021
33715,995,1021
33716,997,1025
33717,1002,1027
33718,1001,1023
33719,998,1023
33720,994,1022
33721,992,1022
33722,994,1025
33723,998,1025
33724,999,1025
33725,997,1022
33726,995,1021
33727,995,1022
33728,998,1026
33729,998,1028
33730,1000,1024
33731,998,1022
33732,999,1023
33733,999,1021
33734,1001,1024
33735,1005,1026
33736,1010,1023
33737,1014,1016
33738,1020,1011
33739,1031,1011
33740,1049,1010
33741,1069,1014
33742,1096,1009
33743,1126,1005
33744,1158,993
33745,1193,987
33746,1230,984
33747,1263,987
33748,1289,992
33749,1305,1001
33750,1300,1013
33751,1277,1024
33752,1236,1032
33753,1180,1033
33754,1119,1038
33755,1050,1041
33756,996,1045
33757,967,1050
33758,963,1052
33759,976,1052
33760,990,1039
33761,993,1030
33762,993,1025
33763,991,1024
33764,989,1022
33765,991,1025
33766,993,1022
33767,990,1021
33768,985,1019
33769,981,1022
33770,985,1022
33771,985,1026
33772,984,1024
33773,978,1021
33774,976,1018
33775,975,1020
33776,979,1022
33777,981,1025
33778,985,1023
33779,978,1018
33780,978,1018
33781,974,1017
33782,976,1020
33783,979,1022
33784,978,1022
33785,977,1023
33786,972,1018
33787,968,1020
33788,973,1024
33789,975,1024
33790,976,1024
33791,974,1023
33792,971,1022
33793,971,1022
33794,972,1026
33795,978,1027
33796,981,1027
33797,977,1023
33798,975,1022
33799,973,1021
33800,977,1026
33801,985,1030
33802,986,1026
33803,987,1022
33804,984,1018
33805,983,1019
33806,985,1023
33807,990,1025
33808,989,1023
33809,992,1021
33810,991,1021
33811,991,1020
33812,991,1022
33813,993,1026
33814,992,1020
33815,991,1018
33816,994,1015
33817,996,1016
33818,995,1019
33819,996,1019
33820,1002,1016
33821,1001,1014
33822,1000,1013
33823,999,1011
33824,1003,1011
33825,1003,1014
33826,1005,1009
33827,1004,1008
33828,1003,1006
33829,1003,1006
33830,1005,1008
33831,1008,1011
33832,1010,1009
33833,1009,1003
33834,1009,1000
33835,1008,999
33836,1013,1000
33837,1015,1004
33838,1020,1001
33839,1018,998
33840,1017,995
33841,1016,993
33842,1019,995
33843,1023,995
33844,1025,994
33845,1026,993
33846,1024,990
33847,1026,990
33848,1029,989
33849,1032,991
33850,1034,989
33851,1031,987
33852,1028,990
33853,1030,989
33854,1032,992
33855,1034,994
33856,1034,997
33857,1033,997
33858,1025,996
33859,1024,1000
33860,1022,1004
33861,1024,1008
33862,1026,1008
33863,1020,1010
33864,1016,1010
33865,1014,1013
33866,1015,1019
33867,1014,1022
33868,1013,1024
33869,1011,1023
33870,1006,1022
33871,1003,1024
33872,1000,1030
33873,1005,1032
33874,1005,1034
33875,1004,1034
33876,997,1032
33877,998,1035
33878,995,1037
33879,998,1041
33880,996,1041
33881,993,1039
33882,989,1038
33883,987,1038
33884,991,1041
33885,994,1042
33886,996,1040
33887,994,1037
33888,993,1034
33889,991,1034
33890,990,1039
33891,992,1037
33892,993,1038
33893,991,1034
33894,991,1031
33895,991,1031
33896,991,1032
33897,994,1033
33898,995,1033
33899,996,1028
33900,991,1028
33901,992,1025
33902,996,1025
33903,998,1027
33904,997,1025
33905,995,1025
33906,994,1027
33907,993,1028
33908,996,1029
33909,1002,1029
33910,1000,1027
33911,998,1022
33912,997,1023
33913,997,1024
33914,997,1030
33915,1001,1034
33916,1002,1029
33917,1002,1026
33918,997,1026
33919,998,1029
33920,1000,1033
33921,1002,1033
33922,1001,1033
33923,998,1031
33924,995,1029
33925,996,1030
33926,999,1030
33927,1001,1034
33928,1001,1035
33929,999,1029
33930,996,1028
33931,998,1028
33932,998,1032
33933,1000,1033
33934,1000,1032
33935,997,1031
33936,996,1028
33937,997,1028
33938,1001,1029
33939,1000,1034
33940,997,1031
33941,996,1026
33942,992,1027
33943,991,1024
33944,992,1028
33945,990,1029
33946,993,1028
33947,992,1027
33948,988,1025
33949,986,1024
33950,992,1030
33951,994,1027
33952,996,1027
33953,993,1025
33954,988,1023
33955,989,1025
33956,989,1027
33957,990,1029
33958,988,1027
33959,990,1026
33960,988,1026
33961,989,1028
33962,988,1031
33963,989,1033
33964,989,1034
33965,990,1031
33966,987,1030
33967,987,1032
33968,989,1035
33969,989,1037
33970,988,1038
33971,985,1035
33972,982,1033
33973,985,1037
33974,986,1039
33975,990,1043
33976,988,1043
33977,985,1039
33978,983,1037
33979,986,1034
33980,988,1034
33981,991,1037
33982,990,1033
33983,989,1030
33984,987,1028
33985,986,1030
33986,986,1034
33987,987,1034
33988,988,1031
33989,988,1029
33990,990,1027
33991,990,1029
33992,991,1030
33993,994,1031
33994,995,1029
33995,993,1028
33996,988,1023
33997,990,1024
33998,994,1024
33999,1003,1027
34000,1013,1024
34001,1021,1020
34002,1033,1017
34003,1046,1015
34004,1068,1015
34005,1098,1015
34006,1130,1009
34007,1168,1002
34008,1200,990
34009,1233,983
34010,1266,984
34011,1292,992
34012,1303,1003
34013,1288,1012
34014,1255,1021
34015,1204,1022
34016,1153,1027
34017,1094,1035
34018,1034,1046
34019,978,1053
34020,943,1060
34021,934,1069
34022,946,1069
34023,960,1068
34024,972,1059
34025,975,1047
34026,974,1040
34027,974,1035
34028,976,1040
34029,980,1040
34030,978,1039
34031,975,1035
34032,974,1034
34033,973,1034
34034,975,1033
34035,975,1035
34036,977,1036
34037,975,1035
34038,971,1032
34039,968,1031
34040,969,1034
34041,971,1036
34042,973,1037
34043,971,1034
34044,970,1030
34045,969,1032
34046,966,1036
34047,969,1036
34048,968,1038
34049,969,1033
34050,967,1032
34051,968,1030
34052,970,1035
34053,970,1036
34054,973,1036
34055,970,1036
34056,965,1030
34057,966,1036
34058,967,1036
34059,970,1036
34060,970,1035
34061,967,1030
34062,964,1027
34063,966,1030
34064,969,1032
34065,970,1033
34066,973,1030
34067,969,1027
34068,967,1023
34069,968,1025
34070,969,1029
34071,973,1029
34072,975,1031
34073,975,1028
34074,972,1024
34075,969,1026
34076,974,1026
34077,975,1026
34078,976,1023
34079,977,1019
34080,976,1017
34081,976,1014
34082,976,1019
34083,980,1021
34084,983,1019
34085,983,1017
34086,982,1017
34087,982,1017
34088,981,1016
34089,987,1018
34090,991,1013
34091,989,1009
34092,988,1007
34093,988,1008
34094,989,1009
34095,994,1010
34096,999,1007
34097,996,1005
34098,994,1000
34099,993,1000
34100,997,1001
34101,998,1003
34102,1000,999
34103,1001,999
34104,999,993
34105,1000,993
34106,1001,996
34107,1010,998
34108,1013,996
34109,1013,993
34110,1008,990
34111,1006,991
34112,1010,994
34113,1013,995
34114,1014,994
34115,1013,992
34116,1015,988
34117,1014,991
34118,1014,994
34119,1013,996
34120,1015,997
34121,1012,997
34122,1007,997
34123,1006,997
34124,1007,999
34125,1006,1005
34126,1005,1005
34127,1003,1007
34128,998,1007
34129,995,1012
34130,995,1014
34131,998,1021
34132,997,1022
34133,997,1019
34134,989,1019
34135,985,1020
34136,985,1029
34137,988,1033
34138,988,1034
34139,986,1033
34140,986,1031
34141,983,1034
34142,983,1038
34143,984,1041
34144,985,1041
34145,983,1039
34146,979,1039
34147,977,1040
34148,980,1041
34149,980,1043
34150,979,1046
34151,977,1047
34152,976,1041
34153,975,1043
34154,977,1046
34155,980,1049
34156,982,1050
34157,978,1048
34158,976,1044
34159,976,1044
34160,981,1045
34161,982,1048
34162,987,1046
34163,985,1042
34164,982,1039
34165,983,1041
34166,985,1042
34167,984,1046
34168,986,1041
34169,985,1040
34170,982,1034
34171,979,1036
34172,980,1036
34173,985,1036
34174,983,1035
34175,983,1033
34176,980,1030
34177,981,1031
34178,984,1033
34179,987,1034
34180,987,1033
34181,982,1025
34182,982,1025
34183,982,1026
34184,986,1028
34185,986,1032
34186,990,1030
34187,990,1026
34188,985,1023
34189,984,1026
34190,987,1028
34191,989,1030
34192,987,1029
34193,988,1027
34194,987,1023
34195,985,1027
34196,985,1028
34197,988,1030
34198,986,1029
34199,986,1027
34200,985,1026
34201,986,1026
34202,988,1027
34203,991,1032
34204,989,1032
34205,986,1028
34206,983,1027
34207,981,1027
34208,984,1031
34209,987,1032
34210,986,1032
34211,986,1030
34212,984,1027
34213,985,1029
34214,983,1030
34215,987,1032
34216,986,1033
34217,984,1027
34218,979,1028
34219,981,1029
34220,982,1034
34221,984,1037
34222,984,1033
34223,982,1029
34224,980,1028
34225,978,1033
34226,979,1036
34227,982,1040
34228,980,1039
34229,978,1033
34230,977,1034
34231,978,1033
34232,980,1037
34233,984,1041
34234,985,1039
34235,984,1039
34236,981,1038
34237,979,1038
34238,981,1041
34239,981,1042
34240,980,1039
34241,979,1041
34242,981,1037
34243,981,1035
34244,983,1037
34245,985,1043
34246,985,1043
34247,983,1038
34248,977,1036
34249,978,1037
34250,982,1039
34251,984,1040
34252,986,1040
34253,984,1036
34254,983,1034
34255,982,1034
34256,984,1037
34257,988,1039
34258,988,1037
34259,987,1032
34260,986,1029
34261,985,1032
34262,992,1035
34263,994,1035
34264,999,1031
34265,1000,1026
34266,1001,1021
34267,1012,1019
34268,1030,1022
34269,1051,1021
34270,1074,1019
34271,1105,1014
34272,1140,1011
34273,1179,1002
34274,1220,998
34275,1258,995
34276,1292,995
34277,1312,1001
34278,1317,1010
34279,1300,1023
34280,1263,1031
34281,1213,1037
34282,1152,1038
34283,1081,1041
34284,1010,1049
34285,959,1057
34286,937,1066
34287,945,1067
34288,957,1062
34289,965,1051
34290,969,1043
34291,972,1038
34292,974,1036
34293,978,1036
34294,977,1031
34295,973,1030
34296,971,1030
34297,969,1027
34298,970,1032
34299,970,1033
34300,971,1030
34301,967,1029
34302,968,1028
34303,967,1027
34304,969,1030
34305,970,1031
34306,973,1030
34307,968,1027
34308,963,1028
34309,962,1029
34310,964,1030
34311,967,1033
34312,969,1031
34313,969,1028
34314,967,1025
34315,969,1027
34316,968,1031
34317,967,1032
34318,969,1030
34319,970,1026
34320,966,1028
34321,965,1027
34322,973,1029
34323,976,1030
34324,977,1031
34325,973,1031
34326,971,1028
34327,969,1034
34328,971,1034
34329,975,1036
34330,977,1036
34331,974,1034
34332,972,1030
34333,972,1032
34334,973,1037
34335,979,1037
34336,978,1035
34337,977,1031
34338,973,1032
34339,973,1034
34340,974,1033
34341,979,1036
34342,979,1035
34343,982,1031
34344,978,1025
34345,977,1027
34346,980,1031
34347,984,1031
34348,986,1030
34349,985,1025
34350,985,1021
34351,986,1021
34352,990,1021
34353,993,1022
34354,995,1019
34355,995,1016
34356,994,1014
34357,995,1012
34358,996,1012
34359,999,1012
34360,998,1008
34361,1001,1005
34362,1001,1002
34363,1002,1003
34364,1007,1007
34365,1010,1008
34366,1014,1006
34367,1011,1003
34368,1009,1000
34369,1011,1000
34370,1012,1004
34371,1018,1004
34372,1020,1001
34373,1020,998
34374,1019,995
34375,1021,997
34376,1026,998
34377,1028,1002
34378,1029,1000
34379,1029,999
34380,1027,996
34381,1026,996
34382,1027,998
34383,1029,1001
34384,1027,1003
34385,1026,1002
34386,1024,1003
34387,1023,1006
34388,1022,1010
34389,1022,1015
34390,1021,1014
34391,1020,1013
34392,1016,1016
34393,1009,1014
34394,1009,1021
34395,1011,1022
34396,1007,1020
34397,1004,1022
34398,1000,1020
34399,997,1025
34400,997,1027
34401,996,1030
34402,991,1030
34403,992,1029
34404,987,1028
34405,987,1029
34406,987,1033
34407,987,1037
34408,985,1035
34409,981,1033
34410,977,1033
34411,976,1035
34412,975,1040
34413,977,1043
34414,981,1041
34415,980,1041
34416,979,1044
34417,978,1045
34418,978,1048
34419,980,1048
34420,984,1045
34421,982,1045
34422,978,1042
34423,979,1043
34424,978,1044
34425,981,1049
34426,982,1048
34427,985,1041
34428,984,1040
34429,988,1044
34430,987,1045
34431,991,1048
34432,993,1046
34433,992,1043
34434,990,1042
34435,990,1043
34436,991,1041
34437,995,1043
34438,994,1041
34439,991,1037
34440,990,1036
34441,991,1040
34442,993,1040
34443,997,1045
34444,998,1039
34445,995,1035
34446,991,1033
34447,991,1035
34448,995,1038
34449,998,1038
34450,997,1036
34451,1000,1033
34452,995,1030
34453,994,1030
34454,994,1031
34455,993,1035
34456,993,1031
34457,990,1029
34458,990,1025
34459,987,1028
34460,992,1029
34461,994,1032
34462,994,1031
34463,990,1028
34464,989,1025
34465,987,1031
34466,988,1031
34467,990,1032
34468,991,1029
34469,990,1028
34470,986,1025
34471,987,1030
34472,990,1033
34473,991,1035
34474,992,1031
34475,988,1030
34476,984,1031
34477,984,1031
34478,988,1034
34479,988,1036
34480,989,1034
34481,986,1031
34482,986,1027
34483,983,1030
34484,985,1031
34485,989,1035
34486,989,1031
34487,988,1030
34488,987,1028
34489,988,1028
34490,993,1031
34491,994,1035
34492,993,1033
34493,992,1029
34494,990,1028
34495,986,1029
34496,990,1035
34497,993,1037
34498,997,1038
34499,995,1036
34500,994,1034
34501,995,1035
34502,995,1036
34503,996,1039
34504,995,1036
34505,998,1035
34506,995,1032
34507,999,1033
34508,1005,1033
34509,1017,1030
34510,1029,1027
34511,1047,1022
34512,1064,1023
34513,1094,1022
34514,1137,1019
34515,1181,1017
34516,1225,1008
34517,1263,1003
34518,1299,1000
34519,1323,1005
34520,1331,1018
34521,1324,1031
34522,1291,1038
34523,1234,1040
34524,1162,1039
34525,1088,1047
34526,1014,1058
34527,963,1064
34528,943,1069
34529,950,1062
34530,963,1052
34531,975,1042
34532,985,1040
34533,985,1036
34534,983,1030
34535,978,1026
34536,976,1023
34537,976,1026
34538,977,1028
34539,978,1029
34540,977,1028
34541,975,1024
34542,971,1023
34543,972,1024
34544,971,1027
34545,974,1029
34546,974,1029
34547,973,1026
34548,967,1027
34549,969,1028
34550,972,1033
34551,975,1034
34552,977,1032
34553,973,1029
34554,971,1025
34555,970,1030
34556,970,1030
34557,975,1034
34558,975,1035
34559,976,1031
34560,974,1032
34561,973,1034
34562,975,1033
34563,978,1036
34564,978,1036
34565,976,1032
34566,972,1032
34567,971,1033
34568,974,1039
34569,977,1039
34570,977,1036
34571,980,1034
34572,975,1032
34573,976,1031
34574,976,1034
34575,977,1035
34576,978,1032
34577,978,1026
34578,979,1024
34579,980,1025
34580,984,1026
34581,986,1030
34582,984,1026
34583,983,1025
34584,980,1020
34585,983,1022
34586,985,1022
34587,987,1024
34588,989,1023
34589,987,1020
34590,992,1016
34591,994,1015
34592,995,1018
34593,998,1019
34594,1001,1016
34595,1000,1014
34596,1001,1010
34597,1004,1010
34598,1007,1012
34599,1010,1012
34600,1012,1009
34601,1012,1005
34602,1011,1003
34603,1011,1000
34604,1016,1004
34605,1017,1007
34606,1019,1001
34607,1016,1000
34608,1017,999
34609,1020,998
34610,1019,1001
34611,1025,1002
34612,1025,1000
34613,1023,996
34614,1024,999
34615,1022,1001
34616,1024,1004
34617,1024,1007
34618,1023,1006
34619,1021,1002
34620,1020,1004
34621,1019,1006
34622,1017,1009
34623,1017,1015
34624,1016,1015
34625,1011,1016
34626,1005,1015
34627,1001,1018
34628,1003,1023
34629,1005,1025
34630,1001,1027
34631,1000,1026
34632,993,1026
34633,990,1027
34634,991,1030
34635,992,1036
34636,992,1033
34637,986,1034
34638,982,1031
34639,981,1033
34640,984,1035
34641,990,1040
34642,990,1037
34643,988,1034
34644,982,1031
34645,985,1035
34646,987,1038
34647,992,1041
34648,989,1039
34649,989,1037
34650,989,1035
34651,989,1038
34652,996,1040
34653,999,1042
34654,1003,1040
34655,1004,1037
34656,1009,1038
34657,1014,1041
34658,1019,1043
34659,1028,1047
34660,1033,1048
34661,1043,1045
34662,1051,1040
34663,1065,1033
34664,1079,1026
34665,1094,1013
34666,1104,999
34667,1116,985
34668,1127,975
34669,1143,963
34670,1159,955
34671,1177,942
34672,1194,930
34673,1213,913
34674,1223,896
34675,1240,885
34676,1251,876
34677,1254,870
34678,1248,868
34679,1238,866
34680,1232,865
34681,1227,869
34682,1216,866
34683,1200,870
34684,1177,868
34685,1150,866
34686,1124,871
34687,1100,878
34688,1078,889
34689,1057,900
34690,1039,911
34691,1029,919
34692,1022,931
34693,1019,943
34694,1018,956
34695,1020,966
34696,1023,973
34697,1030,977
34698,1042,982
34699,1064,993
34700,1086,1001
34701,1093,1006
34702,1080,1011
34703,1050,1015
34704,1011,1020
34705,976,1030
34706,953,1039
34707,944,1048
34708,941,1055
34709,939,1062
34710,934,1065
34711,926,1069
34712,925,1076
34713,925,1078
34714,920,1077
34715,915,1079
34716,908,1077
34717,906,1080
34718,907,1085
34719,907,1085
34720,906,1087
34721,903,1085
34722,897,1088
34723,896,1092
34724,898,1094
34725,900,1096
34726,898,1098
34727,895,1095
34728,890,1097
34729,889,1100
34730,892,1102
34731,892,1104
34732,891,1106
34733,889,1104
34734,889,1104
34735,887,1106
34736,888,1112
34737,889,1117
34738,888,1116
34739,886,1115
34740,884,1114
34741,888,1117
34742,889,1120
34743,892,1124
34744,891,1126
34745,889,1125
34746,885,1125
34747,884,1130
34748,885,1134
34749,889,1138
34750,890,1136
34751,890,1135
34752,888,1135
34753,888,1140
34754,892,1146
34755,898,1149
34756,899,1149
34757,898,1143
34758,897,1145
34759,901,1149
34760,905,1151
34761,911,1150
34762,914,1149
34763,918,1146
34764,918,1144
34765,921,1144
34766,925,1146
34767,930,1149
34768,933,1144
34769,933,1139
34770,935,1134
34771,940,1132
34772,949,1130
34773,955,1130
34774,958,1124
34775,962,1115
34776,961,1107
34777,964,1105
34778,968,1104
34779,973,1103
34780,977,1097
34781,972,1090
34782,971,1086
34783,972,1084
34784,973,1082
34785,980,1079
34786,978,1076
34787,976,1071
34788,972,1065
34789,972,1065
34790,973,1061
34791,979,1062
34792,976,1061
34793,975,1053
34794,970,1050
34795,969,1050
34796,972,1052
34797,974,1050
34798,975,1048
34799,973,1043
34800,975,1042
34801,976,1043
34802,978,1044
34803,978,1046
34804,979,1044
34805,976,1038
34806,977,1036
34807,976,1038
34808,978,1041
34809,978,1042
34810,980,1041
34811,981,1040
34812,977,1037
34813,975,1040
34814,978,1043
34815,981,1045
34816,981,1042
34817,978,1041
34818,976,1039
34819,975,1040
34820,980,1040
34821,982,1043
34822,983,1040
34823,981,1039
34824,976,1037
34825,975,1037
34826,978,1043
34827,982,1043
34828,984,1041
34829,982,1036
34830,982,1037
34831,980,1037
34832,983,1039
34833,987,1044
34834,987,1040
34835,983,1036
34836,981,1034
34837,984,1037
34838,985,1040
34839,989,1042
34840,990,1041
34841,986,1036
34842,984,1036
34843,985,1037
34844,985,1040
34845,989,1042
34846,988,1039
34847,988,1037
34848,984,1035
34849,986,1036
34850,987,1039
34851,989,1042
34852,988,1037
34853,987,1037
34854,980,1033
34855,981,1034
34856,985,1036
34857,987,1038
34858,988,1036
34859,984,1031
34860,982,1031
34861,982,1032
34862,986,1035
34863,988,1038
34864,985,1036
34865,984,1033
34866,982,1030
34867,982,1033
34868,984,1034
34869,989,1034
34870,987,1034
34871,984,1031
34872,981,1030
34873,980,1032
34874,981,1032
34875,984,1035
34876,986,1032
34877,981,1033
34878,980,1030
34879,977,1032
34880,980,1038
34881,986,1038
34882,984,1035
34883,980,1032
34884,977,1033
34885,979,1035
34886,981,1037
34887,984,1040
34888,987,1037
34889,983,1035
34890,980,1037
34891,982,1035
34892,984,1038
34893,986,1037
34894,985,1035
34895,985,1032
34896,981,1032
34897,983,1033
34898,986,1034
34899,988,1035
34900,988,1033
34901,983,1030
34902,980,1028
34903,980,1029
34904,983,1031
34905,984,1034
34906,984,1033
34907,983,1033
34908,978,1031
34909,979,1032
34910,980,1035
34911,982,1035
34912,982,1033
34913,980,1031
34914,976,1030
34915,977,1032
34916,979,1035
34917,985,1035
34918,982,1033
34919,981,1031
34920,979,1031
34921,977,1032
34922,979,1036
34923,984,1038
34924,982,1038
34925,980,1035
34926,981,1033
34927,985,1034
34928,985,1038
34929,987,1042
34930,988,1036
34931,988,1034
34932,986,1033
34933,986,1035
34934,988,1038
34935,994,1038
34936,992,1040
34937,990,1033
34938,986,1035
34939,986,1035
34940,990,1038
34941,996,1039
34942,997,1035
34943,996,1033
34944,992,1032
34945,993,1032
34946,994,1034
34947,998,1036
34948,996,1033
34949,994,1031
34950,991,1030
34951,993,1030
34952,995,1031
34953,997,1032
34954,1000,1030
34955,999,1024
34956,1000,1022
34957,1005,1020
34958,1017,1020
34959,1031,1022
34960,1049,1017
34961,1068,1013
34962,1089,1012
34963,1120,1009
34964,1159,1005
34965,1201,998
34966,1234,991
34967,1263,989
34968,1281,998
34969,1281,1016
34970,1264,1029
34971,1224,1035
34972,1165,1040
34973,1102,1039
34974,1039,1049
34975,993,1056
34976,975,1059
34977,976,1057
34978,985,1050
34979,987,1036
34980,985,1030
34981,982,1030
34982,981,1033
34983,982,1032
34984,985,1029
34985,981,1028
34986,976,1026
34987,975,1028
34988,977,1032
34989,980,1033
34990,979,1031
34991,975,1029
34992,974,1029
34993,975,1031
34994,976,1032
34995,976,1035
34996,974,1034
34997,971,1033
34998,971,1033
34999,970,1033
35000,974,1035
35001,973,1037
35002,974,1033
35003,973,1028
35004,970,1030
35005,970,1031
35006,972,1033
35007,974,1032
35008,974,1034
35009,972,1030
35010,972,1031
35011,972,1031
35012,975,1036
35013,977,1038
35014,976,1034
35015,974,1031
35016,973,1031
35017,974,1034
35018,975,1035
35019,979,1034
35020,979,1033
35021,977,1028
35022,975,1028
35023,975,1029
35024,977,1031
35025,982,1033
35026,983,1033
35027,984,1031
35028,981,1027
35029,984,1029
35030,987,1031
35031,990,1034
35032,991,1029
35033,987,1024
35034,986,1023
35035,987,1022
35036,991,1023
35037,995,1023
35038,996,1021
35039,996,1018
35040,996,1016
35041,999,1016
35042,1003,1018
35043,1006,1016
35044,1004,1013
35045,1003,1009
35046,1002,1007
35047,1004,1010
35048,1009,1011
35049,1011,1012
35050,1014,1009
35051,1013,1005
35052,1010,1004
35053,1012,1004
35054,1015,1005
35055,1021,1009
35056,1020,1006
35057,1021,1002
35058,1019,999
35059,1022,1000
35060,1023,1002
35061,1024,1004
35062,1025,1001
35063,1025,996
35064,1023,997
35065,1023,1002
35066,1026,1003
35067,1030,1005
35068,1028,1004
35069,1027,1002
35070,1024,1002
35071,1023,1008
35072,1023,1011
35073,1024,1013
35074,1019,1016
35075,1018,1015
35076,1012,1018
35077,1009,1022
35078,1011,1026
35079,1013,1030
35080,1012,1028
35081,1007,1029
35082,1004,1029
35083,1004,1031
35084,1005,1036
35085,1004,1041
35086,1004,1038
35087,1001,1034
35088,998,1035
35089,995,1037
35090,996,1040
35091,997,1041
35092,998,1042
35093,996,1040
35094,994,1039
35095,992,1043
35096,994,1047
35097,999,1047
35098,998,1047
35099,995,1041
35100,991,1043
35101,991,1044
35102,995,1047
35103,997,1042
35104,998,1040
35105,994,1039
35106,992,1036
35107,993,1037
35108,993,1040
35109,995,1040
35110,995,1039
35111,991,1032
35112,991,1030
35113,993,1032
35114,995,1036
35115,996,1036
35116,996,1036
35117,994,1031
35118,990,1030
35119,992,1033
35120,994,1034
35121,997,1034
35122,994,1031
35123,991,1029
35124,989,1030
35125,992,1031
35126,994,1034
35127,999,1034
35128,1000,1032
35129,997,1027
35130,995,1029
35131,996,1028
35132,1000,1030
35133,1001,1032
35134,1001,1032
35135,997,1028
35136,994,1031
35137,993,1033
35138,998,1035
35139,1002,1035
35140,1003,1033
35141,1000,1032
35142,994,1031
35143,994,1033
35144,996,1034
35145,999,1038
35146,998,1035
35147,997,1031
35148,992,1031
35149,993,1033
35150,994,1036
35151,997,1036
35152,997,1034
35153,995,1031
35154,988,1029
35155,989,1030
35156,990,1034
35157,992,1033
35158,989,1032
35159,989,1032
35160,986,1028
35161,988,1032
35162,989,1036
35163,995,1039
35164,995,1034
35165,989,1035
35166,985,1034
35167,987,1032
35168,990,1036
35169,991,1037
35170,991,1035
35171,988,1032
35172,989,1031
35173,986,1035
35174,990,1038
35175,994,1039
35176,992,1037
35177,990,1037
35178,989,1035
35179,988,1036
35180,990,1039
35181,993,1040
35182,990,1037
35183,987,1034
35184,984,1032
35185,984,1034
35186,986,1037
35187,990,1038
35188,988,1034
35189,986,1031
35190,984,1030
35191,986,1032
35192,990,1036
35193,993,1034
35194,991,1035
35195,985,1031
35196,985,1033
35197,983,1033
35198,985,1037
35199,989,1035
35200,987,1032
35201,988,1029
35202,988,1031
35203,990,1031
35204,993,1033
35205,996,1034
35206,995,1033
35207,992,1030
35208,992,1030
35209,992,1031
35210,992,1035
35211,998,1034
35212,999,1032
35213,999,1030
35214,998,1030
35215,1001,1028
35216,1007,1027
35217,1014,1029
35218,1023,1025
35219,1039,1019
35220,1055,1018
35221,1078,1018
35222,1106,1016
35223,1139,1013
35224,1174,996
35225,1202,985
35226,1229,983
35227,1250,994
35228,1262,1010
35229,1249,1024
35230,1215,1034
35231,1162,1032
35232,1104,1034
35233,1048,1046
35234,1000,1059
35235,969,1066
35236,962,1068
35237,964,1062
35238,972,1051
35239,978,1043
35240,984,1040
35241,987,1038
35242,982,1032
35243,976,1028
35244,975,1025
35245,974,1031
35246,977,1034
35247,980,1034
35248,979,1031
35249,978,1033
35250,974,1031
35251,971,1034
35252,973,1038
35253,975,1036
35254,975,1033
35255,970,1030
35256,966,1030
35257,970,1033
35258,975,1034
35259,978,1035
35260,976,1033
35261,970,1031
35262,967,1030
35263,965,1033
35264,968,1035
35265,972,1037
35266,973,1036
35267,972,1034
35268,971,1031
35269,972,1030
35270,975,1033
35271,976,1035
35272,974,1030
35273,972,1026
35274,971,1024
35275,971,1027
35276,971,1029
35277,976,1031
35278,975,1027
35279,972,1027
35280,968,1026
35281,968,1027
35282,972,1029
35283,974,1029
35284,973,1026
35285,976,1027
35286,974,1025
35287,974,1026
35288,977,1028
35289,983,1028
35290,984,1026
35291,981,1022
35292,981,1021
35293,983,1025
35294,983,1025
35295,986,1022
35296,986,1023
35297,990,1017
35298,988,1018
35299,990,1016
35300,994,1019
35301,998,1019
35302,999,1015
35303,999,1010
35304,997,1010
35305,999,1008
35306,1003,1009
35307,1004,1010
35308,1008,1006
35309,1005,1002
35310,1004,1001
35311,1002,1002
35312,1006,1001
35313,1009,998
35314,1007,998
35315,1005,995
35316,1005,996
35317,1008,995
35318,1011,998
35319,1013,999
35320,1013,996
35321,1009,991
35322,1011,992
35323,1011,993
35324,1015,997
35325,1017,997
35326,1017,997
35327,1013,995
35328,1010,997
35329,1009,1001
35330,1011,1006
35331,1012,1008
35332,1009,1010
35333,1007,1009
35334,1003,1011
35335,1003,1016
35336,1006,1020
35337,1005,1023
35338,1003,1025
35339,999,1025
35340,996,1026
35341,992,1028
35342,994,1033
35343,997,1035
35344,996,1036
35345,992,1033
35346,989,1034
35347,986,1038
35348,984,1039
35349,987,1042
35350,981,1040
35351,978,1038
35352,979,1038
35353,974,1038
35354,979,1041
35355,979,1040
35356,976,1039
35357,977,1038
35358,973,1038
35359,972,1038
35360,977,1039
35361,980,1041
35362,978,1040
35363,978,1039
35364,978,1037
35365,978,1039
35366,981,1041
35367,983,1040
35368,980,1038
35369,979,1036
35370,978,1034
35371,978,1036
35372,981,1038
35373,986,1039
35374,984,1038
35375,983,1035
35376,979,1037
35377,981,1038
35378,983,1038
35379,987,1039
35380,986,1037
35381,988,1035
35382,986,1036
35383,987,1040
35384,988,1042
35385,990,1043
35386,994,1043
35387,994,1041
35388,991,1039
35389,993,1039
35390,992,1043
35391,997,1043
35392,994,1043
35393,990,1038
35394,989,1041
35395,990,1039
35396,992,1041
35397,993,1045
35398,993,1040
35399,989,1038
35400,986,1037
35401,985,1039
35402,989,1040
35403,990,1041
35404,989,1038
35405,987,1036
35406,983,1034
35407,985,1038
35408,987,1041
35409,990,1039
35410,990,1040
35411,986,1037
35412,983,1037
35413,982,1038
35414,985,1039
35415,988,1039
35416,987,1039
35417,984,1035
35418,985,1037
35419,987,1040
35420,990,1041
35421,991,1041
35422,989,1037
35423,986,1034
35424,982,1035
35425,984,1036
35426,989,1039
35427,991,1038
35428,990,1033
35429,987,1034
35430,984,1033
35431,983,1036
35432,985,1039
35433,986,1039
35434,985,1038
35435,982,1035
35436,981,1034
35437,983,1037
35438,985,1041
35439,986,1040
35440,986,1038
35441,983,1037
35442,980,1036
35443,979,1038
35444,986,1041
35445,987,1041
35446,983,1040
35447,981,1038
35448,982,1038
35449,982,1039
35450,983,1042
35451,985,1039
35452,982,1039
35453,979,1035
35454,978,1035
35455,981,1040
35456,984,1041
35457,985,1043
35458,983,1041
35459,981,1039
35460,980,1040
35461,981,1043
35462,985,1045
35463,987,1046
35464,988,1042
35465,984,1041
35466,982,1039
35467,981,1041
35468,982,1043
35469,985,1043
35470,984,1040
35471,984,1039
35472,982,1037
35473,983,1038
35474,987,1043
35475,989,1042
35476,987,1041
35477,983,1039
35478,982,1040
35479,983,1042
35480,988,1046
35481,991,1043
35482,988,1042
35483,988,1041
35484,985,1041
35485,985,1045
35486,986,1048
35487,987,1046
35488,988,1045
35489,986,1042
35490,986,1042
35491,985,1041
35492,986,1046
35493,988,1046
35494,987,1044
35495,984,1042
35496,984,1042
35497,986,1045
35498,986,1046
35499,990,1046
35500,990,1046
35501,986,1042
35502,985,1038
35503,984,1041
35504,989,1043
35505,988,1045
35506,984,1044
35507,984,1040
35508,983,1040
35509,982,1042
35510,983,1044
35511,987,1045
35512,988,1043
35513,985,1039
35514,983,1041
35515,981,1043
35516,983,1044
35517,985,1045
35518,987,1044
35519,987,1039
35520,984,1040
35521,982,1043
35522,987,1045
35523,991,1045
35524,989,1045
35525,987,1043
35526,981,1040
35527,981,1042
35528,984,1043
35529,990,1045
35530,990,1043
35531,986,1039
35532,989,1041
35533,988,1043
35534,992,1046
35535,992,1048
35536,993,1042
35537,991,1040
35538,985,1041
35539,987,1042
35540,991,1044
35541,992,1045
35542,992,1041
35543,987,1041
35544,986,1042
35545,989,1043
35546,991,1044
35547,993,1042
35548,992,1042
35549,989,1039
35550,986,1039
35551,987,1041
35552,986,1046
35553,989,1045
35554,990,1041
35555,991,1039
35556,985,1039
35557,988,1043
35558,988,1046
35559,990,1049
35560,988,1043
35561,989,1041
35562,984,1041
35563,986,1046
35564,989,1047
35565,993,1048
35566,991,1048
35567,989,1046
35568,984,1044
35569,985,1048
35570,991,1050
35571,994,1050
35572,994,1048
35573,991,1043
35574,988,1043
35575,990,1043
35576,993,1045
35577,992,1046
35578,993,1048
35579,990,1044
35580,986,1045
35581,989,1046
35582,989,1046
35583,994,1044
35584,993,1042
35585,991,1040
35586,986,1042
35587,990,1043
35588,994,1041
35589,995,1042
35590,995,1039
35591,990,1038
35592,991,1037
35593,990,1039
35594,994,1041
35595,997,1043
35596,998,1040
35597,997,1037
35598,995,1037
35599,996,1039
35600,996,1042
35601,994,1040
35602,995,1041
35603,994,1039
35604,992,1042
35605,993,1041
35606,996,1043
35607,1001,1044
35608,1002,1041
35609,998,1040
35610,997,1040
35611,996,1044
35612,996,1048
35613,1000,1048
35614,1001,1043
35615,998,1044
35616,997,1044
35617,998,1047
35618,1002,1051
35619,1006,1049
35620,1005,1048
35621,1003,1044
35622,1001,1046
35623,1002,1049
35624,1003,1051
35625,1001,1053
35626,1002,1051
35627,1000,1048
35628,999,1044
35629,1000,1048
35630,1006,1052
35631,1006,1051
35632,1005,1046
35633,1001,1042
35634,997,1043
35635,998,1046
35636,1001,1047
35637,1005,1047
35638,1004,1045
35639,1002,1043
35640,1001,1046
35641,1002,1045
35642,1003,1044
35643,1007,1045
35644,1007,1045
35645,1001,1042
35646,998,1043
35647,999,1045
35648,1002,1045
35649,1006,1047
35650,1009,1047
35651,1005,1041
35652,1004,1041
35653,1003,1040
35654,1007,1044
35655,1011,1044
35656,1012,1043
35657,1013,1043
35658,1015,1036
35659,1024,1037
35660,1036,1039
35661,1053,1039
35662,1073,1035
35663,1094,1031
35664,1120,1026
35665,1154,1025
35666,1189,1020
35667,1224,1012
35668,1255,1005
35669,1286,998
35670,1310,1002
35671,1326,1013
35672,1323,1026
35673,1300,1038
35674,1256,1040
35675,1204,1042
35676,1151,1046
35677,1097,1051
35678,1049,1058
35679,1015,1060
35680,995,1063
35681,991,1058
35682,993,1056
35683,1003,1053
35684,1009,1051
35685,1009,1048
35686,1007,1042
35687,1002,1041
35688,999,1042
35689,996,1043
35690,999,1047
35691,1002,1045
35692,998,1045
35693,995,1043
35694,994,1045
35695,992,1047
35696,991,1045
35697,991,1046
35698,992,1046
35699,990,1044
35700,985,1042
35701,986,1047
35702,990,1048
35703,992,1050
35704,991,1046
35705,989,1041
35706,986,1041
35707,986,1045
35708,990,1046
35709,993,1046
35710,991,1043
35711,991,1042
35712,987,1041
35713,988,1045
35714,992,1046
35715,991,1047
35716,994,1045
35717,989,1043
35718,989,1046
35719,989,1048
35720,990,1049
35721,993,1049
35722,989,1047
35723,989,1045
35724,986,1042
35725,988,1045
35726,990,1049
35727,992,1050
35728,991,1048
35729,987,1046
35730,985,1044
35731,986,1048
35732,988,1047
35733,991,1045
35734,991,1044
35735,992,1039
35736,990,1039
35737,992,1043
35738,996,1045
35739,999,1047
35740,1000,1042
35741,996,1041
35742,996,1040
35743,996,1041
35744,999,1044
35745,1001,1043
35746,1003,1043
35747,1003,1040
35748,1002,1039
35749,1004,1041
35750,1006,1044
35751,1010,1042
35752,1011,1039
35753,1009,1037
35754,1009,1036
35755,1008,1036
35756,1012,1039
35757,1018,1039
35758,1019,1036
35759,1020,1033
35760,1017,1031
35761,1021,1028
35762,1026,1030
35763,1034,1029
35764,1034,1025
35765,1031,1019
35766,1030,1018
35767,1031,1019
35768,1036,1019
35769,1042,1019
35770,1043,1018
35771,1041,1013
35772,1040,1011
35773,1040,1013
35774,1042,1014
35775,1046,1012
35776,1047,1011
35777,1045,1009
35778,1043,1010
35779,1043,1014
35780,1048,1016
35781,1051,1020
35782,1051,1017
35783,1049,1015
35784,1048,1016
35785,1048,1020
35786,1049,1023
35787,1050,1025
35788,1050,1023
35789,1046,1021
35790,1044,1024
35791,1043,1025
35792,1046,1029
35793,1046,1030
35794,1045,1030
35795,1040,1028
35796,1037,1027
35797,1034,1031
35798,1035,1031
35799,1035,1035
35800,1030,1036
35801,1027,1034
35802,1021,1036
35803,1018,1039
35804,1020,1042
35805,1023,1041
35806,1021,1042
35807,1016,1040
35808,1013,1040
35809,1008,1044
35810,1013,1046
35811,1014,1045
35812,1012,1043
35813,1008,1043
35814,1004,1041
35815,1002,1045
35816,1006,1044
35817,1007,1042
35818,1006,1039
35819,1003,1038
35820,1001,1038
35821,1002,1044
35822,1004,1047
35823,1007,1047
35824,1003,1045
35825,1001,1044
35826,997,1044
35827,995,1045
35828,1000,1047
35829,998,1049
35830,1000,1047
35831,998,1043
35832,997,1045
35833,998,1046
35834,1004,1049
35835,1007,1047
35836,1008,1045
35837,1005,1044
35838,1002,1045
35839,1004,1047
35840,1008,1052
35841,1009,1049
35842,1010,1049
35843,1004,1047
35844,1003,1046
35845,1005,1048
35846,1009,1051
35847,1009,1052
35848,1010,1048
35849,1007,1045
35850,1005,1046
35851,1004,1046
35852,1007,1047
35853,1011,1047
35854,1011,1046
35855,1009,1044
35856,1006,1045
35857,1007,1045
35858,1012,1048
35859,1015,1045
35860,1016,1045
35861,1013,1042
35862,1012,1039
35863,1011,1039
35864,1011,1043
35865,1011,1042
35866,1013,1038
35867,1012,1037
35868,1008,1036
35869,1008,1036
35870,1015,1041
35871,1015,1043
35872,1014,1039
35873,1012,1039
35874,1009,1037
35875,1010,1037
35876,1012,1041
35877,1013,1041
35878,1012,1037
35879,1006,1037
35880,1008,1036
35881,1008,1040
35882,1011,1046
35883,1013,1043
35884,1009,1042
35885,1006,1038
35886,1004,1041
35887,1005,1043
35888,1007,1046
35889,1011,1045
35890,1009,1043
35891,1008,1039
35892,1005,1042
35893,1002,1044
35894,1007,1045
35895,1008,1044
35896,1010,1041
35897,1005,1039
35898,1005,1039
35899,1007,1041
35900,1010,1044
35901,1014,1042
35902,1013,1039
35903,1010,1040
35904,1010,1041
35905,1010,1041
35906,1013,1046
35907,1013,1046
35908,1013,1042
35909,1010,1040
35910,1008,1039
35911,1010,1041
35912,1013,1046
35913,1016,1042
35914,1016,1039
35915,1013,1038
35916,1013,1038
35917,1019,1038
35918,1027,1040
35919,1042,1035
35920,1056,1035
35921,1072,1033
35922,1086,1030
35923,1119,1034
35924,1156,1029
35925,1200,1020
35926,1238,1014
35927,1274,1008
35928,1302,1008
35929,1327,1016
35930,1335,1030
35931,1319,1039
35932,1280,1047
35933,1223,1047
35934,1165,1050
35935,1103,1059
35936,1043,1070
35937,992,1078
35938,968,1081
35939,964,1080
35940,973,1076
35941,987,1070
35942,995,1060
35943,1001,1053
35944,1002,1049
35945,1001,1043
35946,997,1040
35947,997,1042
35948,1000,1041
35949,998,1042
35950,998,1040
35951,995,1036
35952,996,1037
35953,994,1040
35954,993,1040
35955,996,1041
35956,992,1035
35957,988,1032
35958,986,1035
35959,984,1036
35960,987,1039
35961,986,1038
35962,988,1035
35963,987,1033
35964,984,1035
35965,985,1036
35966,985,1039
35967,987,1040
35968,986,1037
35969,987,1035
35970,986,1038
35971,990,1040
35972,991,1042
35973,992,1041
35974,994,1041
35975,992,1040
35976,988,1040
35977,988,1043
35978,991,1045
35979,994,1045
35980,994,1042
35981,992,1042
35982,990,1045
35983,988,1044
35984,992,1045
35985,998,1042
35986,997,1039
35987,995,1036
35988,991,1038
35989,993,1039
35990,997,1044
35991,997,1042
35992,995,1040
35993,995,1035
35994,992,1036
35995,995,1034
35996,1001,1036
35997,1006,1032
35998,1006,1029
35999,1004,1029
36000,1003,1027
36001,1008,1027
36002,1012,1028
36003,1015,1024
36004,1016,1022
36005,1013,1018
36006,1013,1017
36007,1018,1019
36008,1022,1019
36009,1024,1016
36010,1025,1014
36011,1024,1009
36012,1026,1008
36013,1030,1009
36014,1033,1009
36015,1039,1009
36016,1039,1006
36017,1034,1002
36018,1035,1002
36019,1037,1004
36020,1042,1004
36021,1046,1003
36022,1041,998
36023,1038,997
36024,1036,995
36025,1039,1003
36026,1042,1003
36027,1047,1002
36028,1046,1000
36029,1042,1000
36030,1038,1003
36031,1039,1002
36032,1042,1008
36033,1043,1007
36034,1042,1004
36035,1040,1006
36036,1036,1008
36037,1037,1009
36038,1035,1013
36039,1036,1014
36040,1032,1015
36041,1026,1012
36042,1023,1017
36043,1021,1021
36044,1021,1024
36045,1020,1024
36046,1021,1026
36047,1016,1025
36048,1010,1027
36049,1009,1031
36050,1009,1036
36051,1011,1038
36052,1011,1036
36053,1007,1033
36054,1002,1037
36055,1001,1041
36056,1002,1043
36057,1005,1045
36058,1002,1045
36059,998,1041
36060,995,1043
36061,994,1048
36062,996,1049
36063,998,1049
36064,995,1050
36065,993,1048
36066,990,1048
36067,994,1051
36068,996,1053
36069,997,1052
36070,995,1053
36071,994,1049
36072,992,1049
36073,996,1053
36074,998,1057
36075,1001,1053
36076,998,1051
36077,994,1051
36078,994,1049
36079,996,1051
36080,999,1054
36081,998,1054
36082,996,1048
36083,994,1048
36084,994,1045
36085,995,1048
36086,999,1051
36087,1001,1051
36088,1000,1048
36089,997,1047
36090,997,1046
36091,996,1049
36092,1001,1048
36093,1001,1047
36094,1000,1044
36095,999,1044
36096,999,1043
36097,998,1045
36098,1001,1048
36099,1001,1047
36100,999,1043
36101,999,1042
36102,999,1044
36103,1002,1047
36104,1005,1050
36105,1008,1047
36106,1007,1046
36107,1004,1045
36108,1003,1045
36109,1003,1048
36110,1005,1050
36111,1005,1048
36112,1003,1048
36113,1003,1045
36114,1002,1046
36115,1006,1048
36116,1008,1051
36117,1009,1050
36118,1007,1048
36119,1006,1046
36120,1003,1045
36121,1003,1048
36122,1005,1051
36123,1002,1051
36124,999,1049
36125,997,1048
36126,996,1047
36127,998,1051
36128,1000,1053
36129,1003,1055
36130,1002,1056
36131,1001,1055
36132,995,1057
36133,995,1058
36134,1001,1060
36135,1006,1058
36136,1002,1058
36137,1003,1055
36138,998,1051
36139,1001,1049
36140,1002,1050
36141,1004,1047
36142,1002,1045
36143,1000,1042
36144,996,1043
36145,997,1046
36146,1001,1047
36147,1004,1046
36148,1002,1046
36149,998,1043
36150,996,1042
36151,998,1044
36152,1002,1046
36153,1006,1043
36154,1003,1044
36155,1001,1040
36156,1001,1042
36157,1002,1045
36158,1004,1045
36159,1005,1047
36160,1004,1045
36161,1000,1043
36162,998,1042
36163,997,1044
36164,999,1048
36165,1000,1047
36166,999,1048
36167,1000,1043
36168,1001,1044
36169,1002,1045
36170,1003,1048
36171,1004,1049
36172,1003,1046
36173,1001,1046
36174,999,1044
36175,1000,1048
36176,1002,1049
36177,1007,1049
36178,1005,1044
36179,1003,1041
36180,1001,1043
36181,1001,1047
36182,1005,1050
36183,1009,1051
36184,1009,1050
36185,1005,1047
36186,1005,1046
36187,1009,1048
36188,1017,1048
36189,1026,1047
36190,1035,1044
36191,1046,1044
36192,1060,1040
36193,1082,1041
36194,1112,1043
36195,1144,1033
36196,1183,1023
36197,1218,1012
36198,1252,1006
36199,1283,1007
36200,1312,1013
36201,1327,1022
36202,1318,1033
36203,1289,1040
36204,1242,1043
36205,1186,1046
36206,1127,1052
36207,1067,1063
36208,1009,1072
36209,972,1073
36210,963,1077
36211,972,1075
36212,986,1070
36213,994,1061
36214,996,1052
36215,997,1046
36216,997,1043
36217,996,1046
36218,997,1049
36219,994,1046
36220,992,1044
36221,987,1042
36222,986,1045
36223,986,1049
36224,990,1050
36225,990,1048
36226,990,1047
36227,987,1045
36228,985,1047
36229,989,1052
36230,992,1053
36231,993,1050
36232,991,1049
36233,989,1045
36234,987,1046
36235,989,1045
36236,990,1048
36237,992,1046
36238,990,1044
36239,983,1043
36240,984,1044
36241,983,1046
36242,988,1053
36243,991,1051
36244,990,1050
36245,986,1048
36246,984,1047
36247,987,1048
36248,990,1051
36249,990,1049
36250,987,1049
36251,983,1047
36252,985,1046
36253,985,1049
36254,989,1051
36255,991,1052
36256,991,1047
36257,987,1045
36258,987,1042
36259,988,1047
36260,990,1048
36261,994,1048
36262,995,1046
36263,990,1042
36264,989,1042
36265,991,1044
36266,994,1046
36267,995,1044
36268,995,1043
36269,994,1038
36270,994,1039
36271,999,1038
36272,1005,1040
36273,1007,1039
36274,1005,1035
36275,1006,1031
36276,1008,1033
36277,1008,1036
36278,1010,1036
36279,1014,1033
36280,1014,1030
36281,1016,1029
36282,1013,1026
36283,1013,1027
36284,1017,1027
36285,1020,1026
36286,1021,1024
36287,1021,1021
36288,1020,1023
36289,1023,1020
36290,1027,1019
36291,1031,1016
36292,1031,1011
36293,1027,1008
36294,1027,1008
36295,1031,1009
36296,1038,1012
36297,1041,1011
36298,1039,1011
36299,1036,1008
36300,1033,1007
36301,1035,1010
36302,1038,1014
36303,1040,1012
36304,1039,1013
36305,1038,1011
36306,1032,1014
36307,1032,1016
36308,1036,1019
36309,1038,1022
36310,1036,1020
36311,1033,1022
36312,1029,1023
36313,1029,1028
36314,1029,1033
36315,1027,1032
36316,1021,1036
36317,1015,1034
36318,1011,1036
36319,1011,1042
36320,1011,1045
36321,1011,1044
36322,1007,1043
36323,1002,1044
36324,1001,1045
36325,998,1048
36326,1001,1051
36327,1004,1048
36328,1002,1051
36329,998,1049
36330,995,1052
36331,996,1051
36332,997,1054
36333,1002,1054
36334,1000,1052
36335,996,1052
36336,995,1053
36337,994,1055
36338,998,1062
36339,1001,1060
36340,1002,1059
36341,997,1058
36342,995,1056
36343,994,1056
36344,997,1059
36345,1000,1057
36346,1001,1055
36347,998,1050
36348,998,1050
36349,1002,1053
36350,1005,1055
36351,1008,1055
36352,1007,1051
36353,1006,1049
36354,1005,1047
36355,1008,1051
36356,1009,1054
36357,1011,1054
36358,1009,1051
36359,1006,1048
36360,1006,1046
36361,1008,1051
36362,1014,1051
36363,1019,1050
36364,1019,1048
36365,1015,1044
36366,1018,1043
36367,1027,1048
36368,1034,1054
36369,1035,1054
36370,1035,1052
36371,1035,1053
36372,1035,1054
36373,1043,1058
36374,1056,1062
36375,1067,1060
36376,1077,1047
36377,1083,1029
36378,1094,1016
36379,1110,1005
36380,1129,999
36381,1143,985
36382,1155,969
36383,1168,952
36384,1180,940
36385,1195,924
36386,1209,908
36387,1224,893
36388,1237,885
36389,1245,873
36390,1244,865
36391,1244,865
36392,1244,869
36393,1244,873
36394,1237,870
36395,1225,871
36396,1210,873
36397,1197,880
36398,1184,887
36399,1171,887
36400,1152,893
36401,1131,898
36402,1114,910
36403,1101,922
36404,1095,931
36405,1088,942
36406,1079,948
36407,1073,956
36408,1069,966
36409,1068,977
36410,1070,986
36411,1074,993
36412,1079,999
36413,1088,1002
36414,1098,1006
36415,1109,1008
36416,1100,1012
36417,1068,1015
36418,1028,1021
36419,996,1026
36420,975,1036
36421,969,1048
36422,966,1061
36423,964,1070
36424,962,1074
36425,954,1071
36426,951,1075
36427,946,1077
36428,944,1081
36429,944,1085
36430,938,1084
36431,933,1085
36432,932,1086
36433,928,1091
36434,928,1094
36435,929,1094
36436,926,1092
36437,925,1090
36438,921,1093
36439,920,1097
36440,922,1100
36441,920,1099
36442,913,1099
36443,909,1100
36444,911,1102
36445,911,1104
36446,912,1110
36447,913,1111
36448,911,1113
36449,906,1112
36450,902,1114
36451,900,1119
36452,899,1122
36453,901,1123
36454,901,1121
36455,895,1120
36456,891,1125
36457,893,1127
36458,892,1135
36459,893,1136
36460,890,1136
36461,886,1133
36462,885,1137
36463,883,1142
36464,886,1146
36465,887,1147
36466,885,1148
36467,883,1147
36468,884,1149
36469,886,1151
36470,887,1155
36471,890,1154
36472,888,1152
36473,888,1156
36474,887,1154
36475,891,1157
36476,891,1160
36477,895,1159
36478,899,1156
36479,897,1154
36480,899,1156
36481,905,1158
36482,910,1160
36483,918,1152
36484,917,1152
36485,917,1147
36486,920,1144
36487,926,1143
36488,933,1141
36489,938,1134
36490,940,1126
36491,942,1123
36492,944,1118
36493,953,1119
36494,959,1119
36495,966,1113
36496,969,1108
36497,968,1101
36498,969,1099
36499,976,1098
36500,979,1095
36501,982,1093
36502,983,1085
36503,984,1079
36504,984,1080
36505,988,1078
36506,991,1079
36507,990,1075
36508,987,1071
36509,985,1065
36510,985,1063
36511,985,1063
36512,990,1063
36513,987,1063
36514,986,1057
36515,981,1055
36516,982,1055
36517,979,1056
36518,982,1059
36519,986,1058
36520,986,1056
36521,983,1055
36522,984,1056
36523,987,1057
36524,987,1058
36525,987,1057
36526,986,1056
36527,984,1054
36528,982,1054
36529,986,1056
36530,990,1060
36531,991,1058
36532,990,1056
36533,986,1054
36534,983,1052
36535,985,1055
36536,989,1058
36537,992,1055
36538,992,1051
36539,990,1050
36540,986,1049
36541,986,1053
36542,990,1055
36543,990,1054
36544,990,1052
36545,984,1050
36546,983,1048
36547,987,1048
36548,990,1050
36549,991,1048
36550,991,1046
36551,988,1044
36552,989,1044
36553,989,1049
36554,993,1050
36555,996,1051
36556,993,1048
36557,990,1046
36558,990,1044
36559,988,1046
36560,992,1047
36561,991,1047
36562,989,1044
36563,986,1043
36564,989,1043
36565,995,1045
36566,1000,1048
36567,1001,1046
36568,1001,1044
36569,998,1041
36570,998,1041
36571,996,1045
36572,1001,1050
36573,1003,1048
36574,1001,1045
36575,998,1042
36576,997,1044
36577,999,1048
36578,1001,1050
36579,1002,1048
36580,999,1047
36581,995,1045
36582,994,1048
36583,996,1048
36584,1000,1050
36585,1000,1051
36586,998,1049
36587,997,1048
36588,996,1048
36589,997,1049
36590,1000,1051
36591,999,1050
36592,998,1050
36593,997,1049
36594,994,1054
36595,994,1060
36596,996,1062
36597,996,1063
36598,996,1061
36599,996,1058
36600,999,1058
36601,1001,1055
36602,1003,1054
36603,1002,1046
36604,1000,1039
36605,997,1030
36606,998,1028
36607,996,1029
36608,1000,1033
36609,1002,1034
36610,1000,1033
36611,996,1032
36612,995,1032
36613,994,1036
36614,1000,1039
36615,1000,1038
36616,998,1039
36617,994,1036
36618,995,1038
36619,997,1040
36620,999,1043
36621,1002,1040
36622,997,1040
36623,994,1040
36624,994,1042
36625,996,1045
36626,999,1050
36627,1001,1045
36628,999,1046
36629,996,1043
36630,993,1043
36631,997,1044
36632,1001,1049
36633,998,1046
36634,997,1041
36635,994,1039
36636,993,1039
36637,993,1044
36638,1000,1046
36639,1002,1042
36640,997,1037
36641,993,1037
36642,992,1036
36643,993,1040
36644,995,1048
36645,997,1051
36646,997,1050
36647,995,1047
36648,995,1041
36649,996,1040
36650,999,1036
36651,1002,1036
36652,1000,1032
36653,996,1032
36654,996,1033
36655,998,1037
36656,1002,1040
36657,1003,1040
36658,1000,1038
36659,998,1039
36660,996,1040
36661,996,1043
36662,999,1046
36663,998,1044
36664,998,1040
36665,998,1039
36666,995,1040
36667,999,1045
36668,1000,1046
36669,1004,1044
36670,1002,1042
36671,1000,1042
36672,997,1043
36673,1002,1047
36674,1003,1052
36675,1003,1046
36676,1004,1043
36677,999,1041
36678,996,1042
36679,998,1044
36680,1000,1051
36681,1002,1051
36682,999,1045
36683,995,1039
36684,996,1035
36685,999,1035
36686,1003,1039
36687,1003,1039
36688,1001,1036
36689,995,1034
36690,993,1031
36691,993,1032
36692,997,1036
36693,999,1035
36694,997,1032
36695,995,1032
36696,995,1035
36697,993,1038
36698,998,1040
36699,998,1041
36700,997,1039
36701,995,1037
36702,997,1038
36703,997,1041
36704,999,1044
36705,1002,1041
36706,1001,1039
36707,999,1040
36708,1000,1042
36709,1002,1044
36710,1005,1048
36711,1006,1046
36712,1005,1045
36713,1001,1044
36714,1001,1047
36715,1001,1051
36716,1005,1054
36717,1007,1054
36718,1005,1049
36719,1003,1045
36720,1001,1044
36721,1002,1044
36722,1006,1043
36723,1006,1041
36724,1005,1037
36725,1000,1034
36726,1000,1037
36727,1000,1038
36728,1003,1041
36729,1002,1039
36730,1001,1038
36731,1000,1035
36732,998,1037
36733,1003,1037
36734,1005,1041
36735,1008,1039
36736,1007,1038
36737,1004,1038
36738,1001,1039
36739,1003,1042
36740,1003,1043
36741,1005,1041
36742,1005,1038
36743,1003,1041
36744,1004,1040
36745,1006,1040
36746,1009,1042
36747,1008,1043
36748,1007,1042
36749,1006,1040
36750,1006,1042
36751,1010,1043
36752,1017,1045
36753,1019,1043
36754,1015,1038
36755,1014,1035
36756,1016,1036
36757,1022,1037
36758,1037,1037
36759,1052,1034
36760,1064,1029
36761,1085,1025
36762,1108,1026
36763,1143,1022
36764,1180,1020
36765,1214,1011
36766,1249,1006
36767,1274,1006
36768,1296,1012
36769,1302,1026
36770,1291,1039
36771,1251,1045
36772,1195,1047
36773,1137,1044
36774,1087,1048
36775,1037,1054
36776,1002,1061
36777,989,1058
36778,989,1055
36779,998,1047
36780,1007,1043
36781,1007,1041
36782,1007,1041
36783,1003,1040
36784,1000,1039
36785,998,1036
36786,998,1035
36787,995,1042
36788,996,1040
36789,996,1042
36790,994,1041
36791,994,1040
36792,991,1041
36793,991,1043
36794,993,1047
36795,994,1046
36796,991,1042
36797,991,1039
36798,990,1043
36799,993,1046
36800,995,1047
36801,993,1045
36802,991,1041
36803,989,1040
36804,988,1041
36805,990,1041
36806,993,1044
36807,992,1045
36808,988,1042
36809,984,1039
36810,986,1045
36811,987,1046
36812,991,1048
36813,994,1047
36814,989,1046
36815,986,1043
36816,985,1046
36817,987,1047
36818,990,1051
36819,995,1048
36820,994,1046
36821,991,1042
36822,991,1045
36823,992,1045
36824,997,1047
36825,999,1044
36826,1001,1040
36827,997,1037
36828,996,1039
36829,997,1042
36830,1003,1042
36831,1004,1041
36832,1005,1039
36833,1000,1038
36834,999,1039
36835,998,1044
36836,1003,1044
36837,1004,1042
36838,1006,1039
36839,1005,1032
36840,1007,1035
36841,1011,1036
36842,1015,1040
36843,1018,1041
36844,1021,1039
36845,1019,1036
36846,1018,1035
36847,1018,1030
36848,1020,1026
36849,1021,1022
36850,1023,1021
36851,1023,1019
36852,1025,1021
36853,1029,1020
36854,1036,1019
36855,1037,1017
36856,1035,1011
36857,1033,1008
36858,1035,1014
36859,1036,1014
36860,1040,1016
36861,1041,1017
36862,1042,1013
36863,1042,1011
36864,1041,1012
36865,1044,1015
36866,1047,1014
36867,1050,1014
36868,1050,1011
36869,1048,1010
36870,1048,1011
36871,1047,1014
36872,1052,1016
36873,1053,1015
36874,1053,1015
36875,1051,1016
36876,1051,1018
36877,1050,1019
36878,1048,1023
36879,1045,1023
36880,1044,1025
36881,1037,1023
36882,1033,1023
36883,1029,1030
36884,1032,1032
36885,1031,1029
36886,1023,1027
36887,1021,1028
36888,1019,1031
36889,1022,1033
36890,1024,1039
36891,1021,1042
36892,1014,1040
36893,1011,1040
36894,1009,1043
36895,1007,1047
36896,1008,1048
36897,1008,1046
36898,1004,1048
36899,999,1049
36900,995,1052
36901,1001,1053
36902,1007,1052
36903,1010,1051
36904,1008,1045
36905,1005,1046
36906,1001,1049
36907,1002,1050
36908,1005,1058
36909,1006,1054
36910,1007,1053
36911,1005,1050
36912,1003,1052
36913,1006,1053
36914,1007,1057
36915,1009,1054
36916,1008,1050
36917,1007,1048
36918,1010,1049
36919,1009,1052
36920,1010,1054
36921,1009,1052
36922,1011,1049
36923,1006,1047
36924,1007,1047
36925,1008,1049
36926,1010,1050
36927,1010,1049
36928,1011,1046
36929,1009,1047
36930,1010,1045
36931,1010,1049
36932,1010,1052
36933,1012,1051
36934,1012,1046
36935,1008,1043
36936,1009,1046
36937,1013,1047
36938,1018,1049
36939,1018,1046
36940,1018,1043
36941,1011,1042
36942,1005,1043
36943,1003,1046
36944,1008,1048
36945,1011,1047
36946,1013,1044
36947,1012,1040
36948,1009,1042
36949,1009,1046
36950,1010,1050
36951,1012,1048
36952,1012,1045
36953,1008,1044
36954,1008,1043
36955,1009,1046
36956,1013,1049
36957,1013,1046
36958,1009,1045
36959,1001,1045
36960,1002,1046
36961,1007,1048
36962,1009,1049
36963,1006,1048
36964,1004,1043
36965,1004,1041
36966,1004,1039
36967,1003,1042
36968,1002,1043
36969,1002,1045
36970,1005,1041
36971,1001,1039
36972,998,1043
36973,1002,1045
36974,1004,1053
36975,1008,1049
36976,1006,1045
36977,1002,1042
36978,1000,1040
36979,1004,1044
36980,1004,1046
36981,1005,1044
36982,1002,1041
36983,998,1039
36984,1000,1041
36985,1000,1046
36986,1005,1045
36987,1010,1043
36988,1007,1039
36989,1006,1038
36990,1009,1037
36991,1021,1037
36992,1035,1037
36993,1052,1036
36994,1073,1034
36995,1101,1030
36996,1133,1025
36997,1175,1021
36998,1219,1018
36999,1263,1014
37000,1295,1016
37001,1311,1027
37002,1306,1041
37003,1274,1054
37004,1227,1058
37005,1165,1056
37006,1103,1057
37007,1039,1063
37008,984,1079
37009,951,1092
37010,954,1100
37011,968,1096
37012,978,1083
37013,982,1072
37014,982,1063
37015,989,1058
37016,993,1055
37017,996,1049
37018,993,1046
37019,986,1042
37020,985,1041
37021,990,1043
37022,987,1045
37023,987,1045
37024,984,1044
37025,979,1041
37026,978,1043
37027,981,1046
37028,985,1048
37029,984,1046
37030,983,1045
37031,980,1046
37032,981,1045
37033,981,1048
37034,983,1049
37035,982,1048
37036,981,1043
37037,979,1042
37038,980,1047
37039,978,1046
37040,978,1048
37041,980,1047
37042,982,1044
37043,982,1043
37044,976,1042
37045,977,1043
37046,979,1046
37047,981,1043
37048,977,1039
37049,975,1036
37050,974,1035
37051,975,1036
37052,981,1039
37053,985,1034
37054,983,1032
37055,981,1031
37056,980,1029
37057,980,1031
37058,984,1034
37059,988,1032
37060,988,1030
37061,984,1025
37062,983,1026
37063,989,1031
37064,993,1031
37065,996,1030
37066,994,1023
37067,991,1021
37068,991,1022
37069,996,1025
37070,998,1024
37071,999,1022
37072,996,1015
37073,994,1011
37074,991,1009
37075,998,1008
37076,1000,1014
37077,1003,1011
37078,1005,1011
37079,1003,1006
37080,1004,1004
37081,1006,1007
37082,1010,1008
37083,1013,1002
37084,1016,996
37085,1015,996
37086,1015,995
37087,1015,995
37088,1016,998
37089,1016,999
37090,1018,995
37091,1019,993
37092,1016,993
37093,1019,996
37094,1021,997
37095,1025,997
37096,1023,997
37097,1022,997
37098,1020,1002
37099,1020,1008
37100,1023,1012
37101,1023,1017
37102,1018,1014
37103,1013,1015
37104,1010,1021
37105,1009,1025
37106,1010,1034
37107,1011,1036
37108,1008,1035
37109,1002,1032
37110,1000,1034
37111,999,1038
37112,1001,1041
37113,1002,1043
37114,992,1041
37115,989,1041
37116,987,1043
37117,988,1047
37118,992,1051
37119,993,1050
37120,989,1047
37121,984,1046
37122,984,1044
37123,985,1047
37124,985,1050
37125,988,1048
37126,984,1046
37127,981,1045
37128,977,1046
37129,979,1049
37130,980,1051
37131,980,1050
37132,979,1046
37133,974,1048
37134,978,1051
37135,982,1053
37136,989,1055
37137,991,1052
37138,990,1049
37139,988,1048
37140,988,1047
37141,991,1051
37142,992,1052
37143,994,1051
37144,995,1048
37145,992,1043
37146,993,1043
37147,995,1047
37148,998,1048
37149,999,1046
37150,996,1043
37151,992,1040
37152,992,1042
37153,993,1045
37154,1001,1047
37155,1000,1045
37156,997,1040
37157,995,1041
37158,993,1042
37159,997,1043
37160,996,1048
37161,996,1042
37162,996,1039
37163,994,1040
37164,994,1043
37165,998,1045
37166,1000,1046
37167,999,1046
37168,996,1042
37169,991,1039
37170,992,1042
37171,995,1046
37172,995,1046
37173,995,1044
37174,993,1043
37175,991,1041
37176,991,1042
37177,995,1044
37178,996,1045
37179,996,1043
37180,993,1043
37181,993,1043
37182,995,1045
37183,997,1045
37184,998,1051
37185,997,1051
37186,994,1049
37187,992,1048
37188,992,1046
37189,994,1047
37190,993,1050
37191,993,1049
37192,993,1043
37193,991,1042
37194,993,1042
37195,995,1047
37196,997,1050
37197,998,1050
37198,995,1047
37199,989,1047
37200,989,1050
37201,994,1052
37202,996,1052
37203,995,1051
37204,996,1046
37205,991,1047
37206,995,1047
37207,996,1047
37208,999,1048
37209,997,1045
37210,994,1042
37211,989,1042
37212,990,1041
37213,995,1046
37214,999,1047
37215,995,1046
37216,994,1043
37217,993,1043
37218,991,1044
37219,992,1044
37220,996,1046
37221,995,1045
37222,994,1043
37223,993,1041
37224,994,1041
37225,999,1045
37226,1005,1047
37227,1006,1048
37228,1003,1044
37229,1001,1040
37230,1003,1041
37231,1011,1043
37232,1023,1044
37233,1035,1039
37234,1049,1036
37235,1064,1030
37236,1091,1030
37237,1127,1028
37238,1168,1024
37239,1208,1010
37240,1245,1007
37241,1275,1008
37242,1298,1020
37243,1305,1037
37244,1290,1051
37245,1249,1056
37246,1193,1049
37247,1125,1051
37248,1059,1064
37249,1002,1078
37250,967,1090
37251,961,1090
37252,970,1086
37253,978,1075
37254,985,1067
37255,992,1059
37256,994,1053
37257,993,1050
37258,990,1045
37259,984,1044
37260,982,1041
37261,985,1044
37262,988,1048
37263,988,1044
37264,985,1039
37265,983,1037
37266,981,1037
37267,981,1039
37268,985,1040
37269,988,1042
37270,983,1041
37271,982,1040
37272,979,1040
37273,985,1043
37274,985,1045
37275,987,1042
37276,984,1041
37277,980,1041
37278,982,1040
37279,984,1045
37280,988,1047
37281,990,1045
37282,985,1043
37283,983,1042
37284,985,1042
37285,990,1044
37286,992,1046
37287,990,1045
37288,987,1041
37289,982,1040
37290,982,1043
37291,985,1045
37292,987,1048
37293,989,1045
37294,986,1042
37295,983,1039
37296,984,1040
37297,987,1039
37298,991,1040
37299,993,1037
37300,991,1036
37301,988,1032
37302,986,1035
37303,990,1034
37304,992,1037
37305,993,1037
37306,990,1034
37307,989,1032
37308,989,1032
37309,989,1034
37310,993,1036
37311,995,1033
37312,995,1031
37313,996,1028
37314,998,1031
37315,1004,1031
37316,1006,1030
37317,1004,1025
37318,1004,1018
37319,1004,1014
37320,1007,1012
37321,1009,1014
37322,1013,1019
37323,1014,1019
37324,1013,1016
37325,1012,1011
37326,1015,1011
37327,1018,1011
37328,1022,1008
37329,1021,1005
37330,1021,1000
37331,1017,995
37332,1020,998
37333,1024,1000
37334,1027,1004
37335,1027,1003
37336,1027,999
37337,1022,997
37338,1026,1000
37339,1029,1001
37340,1030,1006
37341,1030,1003
37342,1030,1002
37343,1026,1002
37344,1025,1002
37345,1028,1008
37346,1029,1012
37347,1027,1009
37348,1024,1013
37349,1018,1013
37350,1018,1019
37351,1018,1028
37352,1023,1033
37353,1020,1035
37354,1013,1031
37355,1010,1030
37356,1008,1034
37357,1006,1039
37358,1011,1044
37359,1009,1044
37360,1009,1041
37361,1005,1041
37362,1004,1047
37363,1003,1051
37364,1007,1054
37365,1006,1054
37366,1003,1051
37367,1001,1050
37368,1002,1049
37369,1004,1051
37370,1008,1054
37371,1009,1054
37372,1008,1053
37373,1004,1050
37374,1004,1054
37375,1007,1056
37376,1010,1058
37377,1011,1055
37378,1013,1051
37379,1011,1046
37380,1012,1046
37381,1018,1052
37382,1026,1051
37383,1031,1055
37384,1035,1055
37385,1036,1058
37386,1044,1061
37387,1062,1061
37388,1077,1052
37389,1089,1036
37390,1099,1019
37391,1108,1002
37392,1126,990
37393,1144,979
37394,1161,966
37395,1178,951
37396,1189,933
37397,1204,916
37398,1222,897
37399,1241,888
37400,1256,876
37401,1267,863
37402,1264,854
37403,1261,850
37404,1257,852
37405,1257,854
37406,1254,853
37407,1246,852
37408,1228,850
37409,1209,847
37410,1185,855
37411,1166,863
37412,1142,871
37413,1119,880
37414,1095,888
37415,1073,897
37416,1061,910
37417,1059,922
37418,1057,938
37419,1055,948
37420,1045,955
37421,1041,965
37422,1045,974
37423,1057,987
37424,1076,996
37425,1093,1002
37426,1101,1002
37427,1092,1004
37428,1069,1007
37429,1035,1018
37430,1005,1029
37431,980,1038
37432,964,1048
37433,956,1057
37434,952,1069
37435,951,1075
37436,949,1081
37437,944,1079
37438,937,1079
37439,932,1083
37440,930,1086
37441,930,1092
37442,929,1095
37443,926,1093
37444,921,1093
37445,917,1093
37446,914,1099
37447,914,1101
37448,916,1106
37449,917,1106
37450,911,1106
37451,909,1106
37452,908,1106
37453,911,1110
37454,915,1112
37455,913,1110
37456,910,1110
37457,907,1110
37458,905,1110
37459,904,1112
37460,907,1115
37461,906,1116
37462,902,1113
37463,898,1114
37464,898,1120
37465,898,1123
37466,902,1125
37467,901,1123
37468,899,1125
37469,897,1123
37470,896,1127
37471,898,1134
37472,900,1134
37473,898,1137
37474,896,1135
37475,895,1137
37476,896,1141
37477,898,1145
37478,901,1148
37479,904,1149
37480,900,1148
37481,899,1150
37482,900,1153
37483,902,1156
37484,906,1158
37485,908,1161
37486,912,1161
37487,908,1162
37488,910,1162
37489,916,1162
37490,919,1163
37491,923,1162
37492,923,1160
37493,926,1157
37494,929,1158
37495,935,1159
37496,943,1157
37497,945,1157
37498,948,1152
37499,949,1147
37500,954,1142
37501,957,1143
37502,964,1139
37503,966,1131
37504,967,1124
37505,969,1116
37506,970,1115
37507,972,1112
37508,975,1108
37509,975,1100
37510,976,1095
37511,976,1089
37512,977,1091
37513,981,1090
37514,983,1088
37515,986,1081
37516,984,1076
37517,979,1072
37518,978,1067
37519,980,1069
37520,985,1065
37521,984,1063
37522,987,1060
37523,983,1057
37524,983,1056
37525,983,1056
37526,986,1060
37527,986,1060
37528,985,1053
37529,985,1050
37530,987,1051
37531,990,1056
37532,993,1058
37533,993,1054
37534,989,1050
37535,986,1047
37536,988,1048
37537,991,1049
37538,995,1050
37539,997,1050
37540,997,1045
37541,991,1044
37542,992,1046
37543,995,1047
37544,998,1047
37545,996,1044
37546,992,1041
37547,990,1042
37548,989,1042
37549,992,1045
37550,997,1045
37551,996,1042
37552,995,1041
37553,992,1040
37554,991,1042
37555,993,1043
37556,997,1045
37557,997,1044
37558,996,1040
37559,994,1039
37560,993,1037
37561,996,1038
37562,999,1040
37563,998,1040
37564,996,1038
37565,995,1036
37566,997,1041
37567,1000,1043
37568,1003,1045
37569,1005,1042
37570,1000,1039
37571,999,1035
37572,998,1038
37573,1000,1040
37574,1002,1043
37575,1004,1040
37576,1001,1040
37577,1000,1040
37578,998,1041
37579,1000,1045
37580,1003,1045
37581,1001,1045
37582,995,1039
37583,992,1040
37584,994,1040
37585,996,1042
37586,998,1043
37587,1001,1042
37588,1000,1037
37589,997,1038
37590,997,1039
37591,999,1040
37592,1000,1040
37593,999,1037
37594,996,1035
37595,997,1034
37596,1000,1036
37597,1000,1039
37598,999,1040
37599,996,1042
37600,996,1037
37601,991,1036
37602,990,1041
37603,992,1045
37604,996,1044
37605,996,1041
37606,992,1036
37607,993,1035
37608,992,1037
37609,994,1042
37610,997,1041
37611,999,1040
37612,994,1041
37613,990,1040
37614,994,1042
37615,996,1046
37616,1000,1048
37617,1000,1043
37618,996,1041
37619,991,1039
37620,992,1041
37621,991,1039
37622,995,1043
37623,995,1042
37624,993,1039
37625,990,1037
37626,991,1039
37627,991,1039
37628,997,1042
37629,995,1039
37630,994,1040
37631,992,1040
37632,993,1042
37633,992,1043
37634,994,1042
37635,995,1040
37636,994,1035
37637,989,1034
37638,988,1034
37639,990,1038
37640,994,1039
37641,996,1037
37642,993,1038
37643,992,1037
37644,993,1039
37645,992,1039
37646,994,1038
37647,992,1039
37648,990,1033
37649,990,1034
37650,990,1036
37651,992,1035
37652,995,1040
37653,995,1040
37654,993,1036
37655,988,1035
37656,989,1040
37657,991,1041
37658,997,1042
37659,994,1040
37660,992,1036
37661,987,1035
37662,984,1039
37663,989,1042
37664,993,1043
37665,993,1042
37666,991,1040
37667,987,1040
37668,987,1044
37669,991,1048
37670,993,1047
37671,994,1047
37672,993,1041
37673,989,1042
37674,991,1047
37675,994,1050
37676,997,1048
37677,999,1047
37678,996,1036
37679,995,1035
37680,995,1037
37681,996,1038
37682,999,1039
37683,996,1039
37684,997,1036
37685,992,1036
37686,990,1038
37687,990,1041
37688,990,1041
37689,991,1040
37690,994,1038
37691,991,1038
37692,989,1040
37693,994,1041
37694,994,1042
37695,993,1040
37696,994,1038
37697,990,1038
37698,992,1039
37699,993,1040
37700,993,1043
37701,992,1040
37702,990,1039
37703,990,1037
37704,989,1040
37705,993,1046
37706,992,1045
37707,991,1041
37708,990,1040
37709,988,1041
37710,989,1042
37711,991,1045
37712,992,1045
37713,990,1042
37714,985,1038
37715,982,1040
37716,984,1044
37717,986,1045
37718,988,1044
37719,990,1043
37720,984,1038
37721,980,1040
37722,982,1040
37723,984,1044
37724,989,1045
37725,986,1044
37726,987,1042
37727,983,1039
37728,986,1039
37729,989,1038
37730,991,1038
37731,991,1035
37732,990,1031
37733,988,1033
37734,989,1035
37735,992,1036
37736,994,1039
37737,995,1038
37738,995,1034
37739,992,1033
37740,993,1037
37741,996,1039
37742,997,1039
37743,997,1038
37744,992,1037
37745,990,1035
37746,991,1038
37747,993,1041
37748,994,1041
37749,993,1040
37750,992,1039
37751,990,1040
37752,986,1040
37753,987,1041
37754,988,1040
37755,985,1042
37756,987,1039
37757,983,1039
37758,985,1041
37759,987,1045
37760,989,1044
37761,993,1041
37762,990,1038
37763,986,1039
37764,986,1041
37765,990,1043
37766,993,1042
37767,991,1041
37768,986,1037
37769,984,1038
37770,986,1038
37771,984,1039
37772,991,1043
37773,989,1040
37774,989,1041
37775,984,1037
37776,984,1039
37777,986,1044
37778,992,1044
37779,993,1041
37780,993,1040
37781,990,1042
37782,989,1047
37783,991,1048
37784,993,1045
37785,995,1039
37786,995,1032
37787,993,1028
37788,991,1027
37789,997,1029
37790,1000,1029
37791,1001,1030
37792,997,1029
37793,995,1029
37794,994,1030
37795,994,1034
37796,994,1035
37797,994,1033
37798,992,1030
37799,989,1030
37800,990,1031
37801,994,1035
37802,997,1037
37803,996,1036
37804,993,1034
37805,991,1032
37806,990,1036
37807,991,1040
37808,995,1039
37809,993,1035
37810,990,1034
37811,988,1033
37812,990,1036
37813,994,1039
37814,994,1041
37815,992,1039
37816,992,1037
37817,991,1033
37818,990,1036
37819,992,1037
37820,995,1038
37821,993,1037
37822,990,1035
37823,988,1034
37824,989,1035
37825,992,1037
37826,997,1039
37827,998,1039
37828,996,1038
37829,997,1037
37830,998,1038
37831,999,1042
37832,1002,1041
37833,1001,1039
37834,1001,1034
37835,1000,1031
37836,1001,1031
37837,1005,1032
37838,1013,1029
37839,1022,1024
37840,1031,1019
37841,1041,1018
37842,1060,1016
37843,1087,1019
37844,1122,1015
37845,1156,1008
37846,1190,997
37847,1222,992
37848,1257,992
37849,1288,999
37850,1307,1012
37851,1300,1025
37852,1271,1031
37853,1224,1033
37854,1169,1035
37855,1118,1042
37856,1066,1050
37857,1018,1054
37858,981,1055
37859,967,1061
37860,968,1062
37861,981,1061
37862,992,1055
37863,994,1048
37864,994,1040
37865,988,1038
37866,984,1038
37867,987,1039
37868,990,1038
37869,987,1034
37870,981,1031
37871,984,1029
37872,982,1033
37873,983,1038
37874,985,1035
37875,983,1035
37876,980,1031
37877,977,1030
37878,977,1033
37879,979,1034
37880,981,1038
37881,979,1034
37882,976,1030
37883,974,1028
37884,974,1027
37885,977,1030
37886,979,1028
37887,977,1029
37888,977,1025
37889,975,1029
37890,975,1031
37891,976,1033
37892,978,1035
37893,977,1031
37894,976,1029
37895,972,1030
37896,973,1034
37897,974,1037
37898,979,1036
37899,977,1035
37900,977,1034
37901,973,1032
37902,974,1034
37903,978,1038
37904,980,1039
37905,979,1037
37906,977,1034
37907,976,1032
37908,976,1037
37909,978,1039
37910,981,1038
37911,981,1037
37912,982,1033
37913,979,1031
37914,980,1036
37915,980,1037
37916,985,1038
37917,983,1039
37918,981,1037
37919,981,1034
37920,980,1037
37921,983,1038
37922,988,1034
37923,989,1033
37924,986,1031
37925,985,1030
37926,985,1032
37927,989,1033
37928,995,1033
37929,998,1026
37930,999,1023
37931,1000,1020
37932,996,1022
37933,1002,1024
37934,1005,1023
37935,1005,1020
37936,1003,1018
37937,1000,1015
37938,1000,1017
37939,1004,1021
37940,1006,1020
37941,1008,1014
37942,1006,1013
37943,1004,1012
37944,1004,1014
37945,1010,1015
37946,1014,1016
37947,1012,1013
37948,1014,1009
37949,1012,1009
37950,1014,1012
37951,1017,1012
37952,1023,1013
37953,1023,1011
37954,1022,1010
37955,1020,1010
37956,1023,1010
37957,1027,1012
37958,1030,1012
37959,1031,1013
37960,1029,1008
37961,1026,1008
37962,1026,1011
37963,1029,1014
37964,1032,1015
37965,1029,1016
37966,1029,1016
37967,1023,1018
37968,1025,1020
37969,1023,1023
37970,1028,1027
37971,1027,1026
37972,1021,1022
37973,1017,1025
37974,1013,1032
37975,1011,1035
37976,1016,1035
37977,1011,1033
37978,1008,1035
37979,1004,1034
37980,1003,1035
37981,1004,1038
37982,1003,1042
37983,1000,1042
37984,998,1039
37985,997,1038
37986,998,1042
37987,1000,1044
37988,1000,1046
37989,997,1041
37990,995,1039
37991,991,1041
37992,989,1045
37993,992,1049
37994,997,1048
37995,992,1049
37996,988,1047
37997,985,1045
37998,985,1045
37999,987,1050
38000,992,1047
38001,991,1045
38002,990,1042
38003,988,1041
38004,989,1042
38005,991,1045
38006,995,1045
38007,996,1042
38008,994,1039
38009,994,1037
38010,993,1038
38011,995,1040
38012,997,1040
38013,997,1038
38014,995,1033
38015,992,1031
38016,990,1033
38017,993,1038
38018,996,1038
38019,995,1037
38020,995,1034
38021,992,1033
38022,995,1036
38023,998,1040
38024,1001,1039
38025,999,1041
38026,998,1037
38027,995,1035
38028,996,1040
38029,1002,1041
38030,1001,1041
38031,1000,1037
38032,997,1037
38033,994,1036
38034,995,1037
38035,999,1039
38036,1002,1040
38037,1003,1041
38038,999,1035
38039,997,1030
38040,998,1033
38041,999,1035
38042,1003,1035
38043,1001,1034
38044,999,1033
38045,996,1032
38046,998,1034
38047,998,1037
38048,999,1036
38049,999,1034
38050,997,1030
38051,994,1030
38052,996,1032
38053,1000,1036
38054,1001,1035
38055,1000,1036
38056,999,1033
38057,996,1031
38058,996,1031
38059,999,1034
38060,999,1035
38061,1001,1033
38062,997,1031
38063,992,1030
38064,997,1032
38065,998,1033
38066,1002,1035
38067,999,1036
38068,997,1031
38069,993,1033
38070,993,1038
38071,998,1041
38072,999,1041
38073,996,1039
38074,994,1037
38075,989,1038
38076,992,1040
38077,996,1043
38078,997,1044
38079,998,1039
38080,996,1036
38081,992,1037
38082,996,1040
38083,997,1039
38084,1004,1039
38085,1004,1034
38086,1005,1029
38087,1007,1027
38088,1016,1024
38089,1027,1026
38090,1041,1027
38091,1060,1026
38092,1081,1020
38093,1107,1018
38094,1144,1015
38095,1186,1011
38096,1230,1003
38097,1267,999
38098,1298,997
38099,1318,1003
38100,1320,1019
38101,1305,1035
38102,1270,1040
38103,1217,1038
38104,1160,1038
38105,1099,1043
38106,1039,1055
38107,987,1064
38108,957,1073
38109,952,1071
38110,959,1067
38111,970,1061
38112,979,1051
38113,983,1045
38114,988,1042
38115,987,1037
38116,984,1032
38117,979,1034
38118,979,1033
38119,980,1034
38120,979,1035
38121,978,1033
38122,973,1032
38123,971,1030
38124,972,1034
38125,972,1035
38126,974,1036
38127,972,1033
38128,968,1031
38129,968,1034
38130,969,1033
38131,969,1039
38132,975,1037
38133,973,1038
38134,968,1034
38135,970,1034
38136,973,1034
38137,973,1039
38138,975,1040
38139,976,1036
38140,972,1034
38141,971,1034
38142,969,1036
38143,971,1039
38144,974,1039
38145,974,1034
38146,973,1032
38147,966,1030
38148,969,1034
38149,972,1037
38150,979,1038
38151,979,1033
38152,976,1030
38153,974,1031
38154,975,1033
38155,978,1034
38156,978,1035
38157,980,1032
38158,979,1031
38159,978,1030
38160,976,1032
38161,981,1033
38162,987,1034
38163,985,1036
38164,981,1031
38165,981,1031
38166,981,1031
38167,984,1030
38168,987,1030
38169,987,1024
38170,987,1019
38171,985,1018
38172,986,1020
38173,988,1021
38174,991,1019
38175,991,1018
38176,990,1012
38177,990,1014
38178,992,1017
38179,996,1015
38180,1000,1014
38181,1000,1012
38182,996,1008
38183,995,1007
38184,999,1009
38185,1002,1009
38186,1006,1006
38187,1009,1004
38188,1009,1003
38189,1007,1002
38190,1010,1002
38191,1012,1005
38192,1019,1002
38193,1019,999
38194,1017,994
38195,1016,995
38196,1015,996
38197,1016,998
38198,1019,998
38199,1020,996
38200,1020,993
38201,1017,994
38202,1018,997
38203,1020,998
38204,1021,1000
38205,1018,998
38206,1015,998
38207,1012,999
38208,1009,1005
38209,1014,1008
38210,1015,1014
38211,1016,1010
38212,1013,1008
38213,1006,1014
38214,1006,1016
38215,1007,1020
38216,1011,1022
38217,1002,1022
38218,1001,1019
38219,998,1020
38220,995,1023
38221,997,1026
38222,998,1029
38223,995,1029
38224,990,1027
38225,989,1032
38226,989,1034
38227,988,1036
38228,988,1038
38229,985,1038
38230,982,1036
38231,979,1036
38232,981,1038
38233,981,1043
38234,985,1042
38235,983,1042
38236,981,1038
38237,979,1041
38238,981,1043
38239,985,1046
38240,987,1046
38241,987,1045
38242,983,1042
38243,981,1040
38244,983,1045
38245,985,1046
38246,986,1046
38247,986,1043
38248,983,1042
38249,981,1043
38250,982,1044
38251,987,1044
38252,990,1046
38253,987,1045
38254,984,1042
38255,982,1039
38256,983,1043
38257,987,1046
38258,989,1048
38259,990,1044
38260,988,1040
38261,987,1039
38262,987,1040
38263,987,1040
38264,989,1039
38265,992,1038
38266,991,1035
38267,987,1032
38268,988,1039
38269,992,1041
38270,993,1044
38271,993,1039
38272,990,1038
38273,992,1034
38274,991,1038
38275,993,1040
38276,994,1041
38277,994,1039
38278,989,1039
38279,989,1038
38280,990,1037
38281,990,1039
38282,991,1040
38283,992,1040
38284,990,1037
38285,989,1037
38286,989,1039
38287,990,1041
38288,993,1043
38289,994,1042
38290,992,1038
38291,989,1039
38292,988,1040
38293,991,1043
38294,995,1044
38295,993,1041
38296,990,1041
38297,990,1040
38298,988,1042
38299,993,1044
38300,994,1042
38301,993,1042
38302,991,1037
38303,989,1037
38304,989,1040
38305,993,1041
38306,991,1042
38307,993,1041
38308,992,1036
38309,988,1035
38310,987,1037
38311,986,1041
38312,991,1040
38313,990,1036
38314,986,1035
38315,981,1037
38316,984,1039
38317,984,1043
38318,987,1043
38319,990,1041
38320,987,1039
38321,985,1037
38322,986,1040
38323,987,1042
38324,988,1042
38325,987,1043
38326,985,1038
38327,984,1040
38328,986,1042
38329,986,1044
38330,990,1045
38331,991,1042
38332,989,1040
38333,984,1038
38334,985,1042
38335,986,1043
38336,989,1043
38337,986,1045
38338,985,1039
38339,983,1042
38340,987,1046
38341,990,1049
38342,994,1047
38343,990,1045
38344,987,1042
38345,988,1046
38346,987,1048
38347,989,1053
38348,992,1052
38349,995,1048
38350,993,1043
38351,989,1043
38352,991,1047
38353,992,1048
38354,993,1048
38355,993,1042
38356,990,1042
38357,987,1039
38358,987,1043
38359,988,1044
38360,991,1042
38361,990,1040
38362,989,1035
38363,984,1038
38364,986,1039
38365,987,1040
38366,989,1041
38367,989,1040
38368,986,1039
38369,985,1037
38370,986,1039
38371,988,1043
38372,989,1043
38373,988,1041
38374,988,1038
38375,986,1038
38376,985,1040
38377,987,1041
38378,991,1043
38379,991,1041
38380,988,1039
38381,986,1038
38382,988,1038
38383,989,1041
38384,991,1040
38385,989,1039
38386,987,1036
38387,982,1038
38388,984,1039
38389,985,1044
38390,986,1041
38391,987,1039
38392,984,1037
38393,984,1034
38394,983,1038
38395,986,1041
38396,990,1043
38397,993,1043
38398,994,1042
38399,991,1042
38400,991,1046
38401,995,1045
38402,999,1046
38403,1000,1046
38404,999,1042
38405,998,1044
38406,1001,1045
38407,1002,1045
38408,1008,1047
38409,1008,1043
38410,1013,1040
38411,1017,1036
38412,1027,1036
38413,1046,1039
38414,1067,1036
38415,1089,1033
38416,1115,1026
38417,1149,1023
38418,1188,1018
38419,1226,1013
38420,1260,1008
38421,1291,1008
38422,1314,1010
38423,1319,1023
38424,1309,1038
38425,1277,1046
38426,1227,1048
38427,1172,1049
38428,1110,1049
38429,1052,1054
38430,1004,1061
38431,981,1062
38432,976,1060
38433,987,1053
38434,993,1045
38435,994,1037
38436,993,1037
38437,992,1038
38438,993,1039
38439,989,1036
38440,986,1033
38441,981,1034
38442,981,1036
38443,981,1039
38444,979,1038
38445,976,1035
38446,971,1029
38447,970,1032
38448,969,1036
38449,972,1040
38450,975,1038
38451,974,1041
38452,971,1034
38453,970,1035
38454,970,1039
38455,971,1043
38456,974,1043
38457,976,1041
38458,974,1039
38459,972,1039
38460,972,1043
38461,976,1042
38462,975,1043
38463,975,1039
38464,977,1040
38465,975,1038
38466,975,1040
38467,977,1042
38468,979,1045
38469,978,1045
38470,977,1042
38471,974,1041
38472,974,1044
38473,978,1044
38474,980,1047
38475,981,1043
38476,979,1043
38477,973,1040
38478,977,1045
38479,978,1043
38480,984,1042
38481,985,1040
38482,981,1037
38483,980,1037
38484,982,1040
38485,985,1042
38486,988,1042
38487,989,1039
38488,988,1033
38489,985,1035
38490,988,1039
38491,990,1038
38492,995,1038
38493,993,1036
38494,992,1032
38495,989,1033
38496,995,1033
38497,996,1035
38498,1000,1034
38499,999,1032
38500,997,1029
38501,998,1030
38502,1001,1031
38503,1004,1032
38504,1005,1032
38505,1009,1028
38506,1007,1026
38507,1012,1026
38508,1014,1027
38509,1016,1029
38510,1020,1028
38511,1020,1024
38512,1019,1020
38513,1019,1021
38514,1022,1022
38515,1024,1024
38516,1029,1020
38517,1029,1017
38518,1026,1017
38519,1026,1014
38520,1027,1017
38521,1033,1017
38522,1035,1017
38523,1034,1015
38524,1032,1010
38525,1030,1009
38526,1029,1011
38527,1032,1016
38528,1033,1014
38529,1031,1013
38530,1029,1008
38531,1024,1011
38532,1024,1013
38533,1023,1017
38534,1024,1016
38535,1022,1015
38536,1017,1013
38537,1014,1018
38538,1011,1021
38539,1010,1027
38540,1012,1028
38541,1009,1029
38542,1005,1029
38543,1002,1028
38544,1000,1033
38545,1001,1039
38546,1004,1040
38547,1002,1039
38548,997,1036
38549,994,1037
38550,992,1041
38551,994,1045
38552,996,1046
38553,994,1047
38554,992,1044
38555,986,1042
38556,987,1047
38557,990,1050
38558,991,1048
38559,989,1047
38560,988,1045
38561,984,1046
38562,984,1048
38563,986,1050
38564,988,1051
38565,987,1050
38566,985,1049
38567,982,1047
38568,980,1049
38569,984,1053
38570,991,1052
38571,988,1051
38572,986,1047
38573,984,1047
38574,986,1050
38575,990,1051
38576,992,1051
38577,990,1048
38578,987,1045
38579,985,1044
38580,985,1046
38581,991,1051
38582,992,1049
38583,990,1048
38584,987,1046
38585,984,1044
38586,986,1044
38587,988,1046
38588,992,1046
38589,990,1043
38590,989,1041
38591,991,1044
38592,991,1044
38593,991,1046
38594,997,1044
38595,997,1043
38596,994,1043
38597,992,1041
38598,994,1043
38599,997,1045
38600,1001,1048
38601,1000,1042
38602,995,1041
38603,994,1042
38604,995,1042
38605,995,1043
38606,1000,1043
38607,998,1042
38608,994,1039
38609,993,1039
38610,993,1042
38611,997,1047
38612,1001,1043
38613,998,1039
38614,995,1037
38615,992,1037
38616,991,1041
38617,993,1042
38618,996,1043
38619,991,1042
38620,989,1038
38621,987,1038
38622,986,1041
38623,988,1046
38624,987,1043
38625,986,1044
38626,982,1040
38627,979,1042
38628,981,1042
38629,981,1046
38630,984,1044
38631,981,1044
38632,979,1040
38633,978,1038
38634,979,1041
38635,983,1045
38636,986,1043
38637,987,1042
38638,985,1040
38639,984,1040
38640,986,1041
38641,987,1046
38642,991,1044
38643,990,1044
38644,988,1043
38645,987,1044
38646,989,1045
38647,991,1048
38648,993,1048
38649,993,1046
38650,990,1042
38651,989,1044
38652,990,1046
38653,993,1047
38654,993,1046
38655,993,1047
38656,993,1041
38657,991,1042
38658,994,1043
38659,994,1045
38660,996,1045
38661,996,1043
38662,991,1041
38663,991,1040
38664,994,1043
38665,996,1045
38666,1000,1044
38667,999,1043
38668,996,1042
38669,996,1043
38670,995,1042
38671,999,1043
38672,1001,1042
38673,1002,1046
38674,998,1041
38675,995,1042
38676,997,1043
38677,997,1046
38678,1006,1043
38679,1009,1040
38680,1011,1036
38681,1023,1035
38682,1035,1036
38683,1054,1038
38684,1075,1035
38685,1103,1032
38686,1135,1027
38687,1164,1020
38688,1201,1011
38689,1236,1008
38690,1265,1005
38691,1289,1007
38692,1302,1017
38693,1290,1032
38694,1263,1042
38695,1214,1046
38696,1158,1048
38697,1093,1054
38698,1031,1063
38699,982,1069
38700,958,1074
38701,958,1075
38702,971,1068
38703,980,1057
38704,983,1048
38705,984,1045
38706,984,1045
38707,987,1048
38708,988,1048
38709,984,1044
38710,981,1042
38711,980,1045
38712,977,1046
38713,981,1048
38714,979,1047
38715,978,1043
38716,976,1042
38717,975,1046
38718,976,1047
38719,979,1046
38720,979,1048
38721,977,1044
38722,975,1043
38723,975,1043
38724,976,1045
38725,979,1049
38726,982,1048
38727,980,1048
38728,977,1044
38729,974,1046
38730,974,1047
38731,975,1050
38732,978,1049
38733,976,1046
38734,973,1043
38735,969,1044
38736,972,1047
38737,973,1050
38738,973,1048
38739,973,1046
38740,972,1043
38741,967,1041
38742,967,1044
38743,970,1046
38744,969,1042
38745,971,1042
38746,968,1040
38747,967,1040
38748,968,1043
38749,970,1045
38750,976,1045
38751,973,1042
38752,971,1040
38753,969,1041
38754,972,1043
38755,975,1045
38756,978,1043
38757,978,1039
38758,977,1037
38759,980,1036
38760,980,1037
38761,985,1040
38762,991,1039
38763,993,1036
38764,989,1034
38765,987,1035
38766,993,1037
38767,997,1036
38768,1004,1036
38769,1003,1032
38770,999,1027
38771,1003,1025
38772,1008,1029
38773,1010,1027
38774,1013,1027
38775,1012,1025
38776,1010,1017
38777,1010,1019
38778,1011,1022
38779,1014,1025
38780,1017,1024
38781,1018,1019
38782,1017,1015
38783,1014,1014
38784,1016,1016
38785,1015,1016
38786,1022,1015
38787,1021,1012
38788,1020,1011
38789,1020,1011
38790,1020,1012
38791,1020,1015
38792,1023,1014
38793,1021,1012
38794,1019,1011
38795,1015,1011
38796,1017,1015
38797,1018,1017
38798,1019,1019
38799,1017,1018
38800,1012,1018
38801,1008,1021
38802,1007,1026
38803,1006,1031
38804,1007,1031
38805,1003,1031
38806,998,1032
38807,994,1035
38808,995,1040
38809,996,1046
38810,994,1046
38811,992,1043
38812,991,1044
38813,989,1043
38814,988,1046
38815,990,1049
38816,991,1049
38817,990,1046
38818,983,1045
38819,983,1047
38820,985,1051
38821,984,1053
38822,991,1054
38823,990,1052
38824,985,1048
38825,983,1048
38826,983,1051
38827,986,1057
38828,987,1054
38829,985,1054
38830,982,1050
38831,979,1051
38832,979,1055
38833,982,1055
38834,984,1054
38835,982,1055
38836,981,1053
38837,979,1054
38838,981,1056
38839,986,1060
38840,986,1056
38841,986,1054
38842,982,1054
38843,983,1052
38844,983,1055
38845,987,1057
38846,989,1054
38847,988,1055
38848,986,1049
38849,984,1051
38850,985,1054
38851,987,1052
38852,990,1052
38853,987,1051
38854,985,1046
38855,981,1045
38856,983,1049
38857,986,1051
38858,985,1050
38859,986,1049
38860,983,1045
38861,985,1045
38862,983,1048
38863,985,1051
38864,990,1051
38865,986,1048
38866,983,1047
38867,983,1046
38868,980,1048
38869,983,1050
38870,985,1051
38871,985,1051
38872,986,1048
38873,985,1048
38874,987,1050
38875,985,1050
38876,989,1051
38877,987,1049
38878,987,1045
38879,985,1047
38880,987,1047
38881,990,1051
38882,990,1049
38883,986,1046
38884,982,1044
38885,982,1046
38886,980,1049
38887,985,1053
38888,988,1049
38889,986,1048
38890,986,1047
38891,986,1046
38892,985,1048
38893,985,1049
38894,983,1048
38895,983,1047
38896,984,1042
38897,980,1044
38898,982,1046
38899,985,1049
38900,987,1047
38901,987,1044
38902,984,1046
38903,982,1047
38904,984,1048
38905,983,1049
38906,985,1051
38907,986,1047
38908,981,1046
38909,982,1048
38910,984,1048
38911,987,1053
38912,986,1052
38913,983,1050
38914,983,1046
38915,982,1050
38916,983,1049
38917,981,1053
38918,985,1052
38919,982,1052
38920,985,1048
38921,982,1052
38922,985,1054
38923,988,1055
38924,989,1055
38925,987,1053
38926,982,1049
38927,984,1048
38928,986,1047
38929,997,1049
38930,1010,1044
38931,1018,1038
38932,1027,1032
38933,1040,1033
38934,1064,1032
38935,1092,1032
38936,1126,1026
38937,1162,1015
38938,1195,1007
38939,1228,1002
38940,1263,1005
38941,1287,1016
38942,1294,1028
38943,1273,1038
38944,1229,1038
38945,1169,1042
38946,1105,1047
38947,1043,1060
38948,990,1070
38949,958,1076
38950,950,1076
38951,958,1071
38952,971,1065
38953,983,1057
38954,988,1053
38955,985,1045
38956,978,1041
38957,972,1039
38958,975,1044
38959,975,1044
38960,974,1044
38961,971,1042
38962,966,1041
38963,963,1039
38964,961,1042
38965,960,1048
38966,960,1047
38967,961,1045
38968,956,1042
38969,955,1045
38970,957,1043
38971,958,1048
38972,961,1047
38973,958,1045
38974,958,1041
38975,957,1043
38976,959,1045
38977,959,1045
38978,963,1046
38979,960,1043
38980,954,1041
38981,950,1041
38982,956,1044
38983,961,1047
38984,965,1044
38985,963,1044
38986,958,1038
38987,955,1040
38988,955,1041
38989,957,1047
38990,960,1046
38991,959,1045
38992,956,1043
38993,957,1043
38994,958,1043
38995,962,1044
38996,964,1046
38997,963,1040
38998,963,1036
38999,960,1039
39000,962,1041
39001,965,1043
39002,965,1045
39003,967,1040
39004,972,1039
39005,969,1037
39006,967,1041
39007,972,1044
39008,974,1041
39009,974,1037
39010,971,1034
39011,972,1032
39012,976,1030
39013,982,1032
39014,985,1028
39015,985,1025
39016,986,1021
39017,986,1021
39018,985,1021
39019,987,1023
39020,990,1017
39021,993,1015
39022,991,1009
39023,989,1010
39024,994,1010
39025,999,1011
39026,1002,1008
39027,1003,1006
39028,999,1002
39029,997,1003
39030,1000,1004
39031,1005,1005
39032,1007,1005
39033,1006,1003
39034,1003,1000
39035,1003,1001
39036,1005,1003
39037,1011,1005
39038,1012,1006
39039,1009,1004
39040,1007,1005
39041,1005,1006
39042,1004,1011
39043,1007,1014
39044,1009,1016
39045,1006,1013
39046,1000,1013
39047,998,1016
39048,1001,1024
39049,998,1028
39050,999,1028
39051,993,1028
39052,991,1029
39053,987,1031
39054,987,1035
39055,988,1041
39056,987,1042
39057,984,1042
39058,977,1042
39059,975,1045
39060,978,1049
39061,979,1051
39062,978,1050
39063,976,1048
39064,975,1043
39065,969,1044
39066,970,1045
39067,970,1048
39068,969,1046
39069,971,1044
39070,969,1040
39071,969,1042
39072,968,1043
39073,970,1045
39074,971,1045
39075,971,1043
39076,970,1042
39077,967,1042
39078,972,1046
39079,974,1049
39080,974,1046
39081,973,1044
39082,971,1043
39083,973,1043
39084,975,1046
39085,978,1048
39086,974,1047
39087,972,1044
39088,971,1044
39089,973,1047
39090,975,1049
39091,980,1050
39092,982,1048
39093,980,1048
39094,981,1047
39095,975,1049
39096,974,1051
39097,974,1053
39098,981,1050
39099,981,1046
39100,979,1046
39101,974,1046
39102,975,1050
39103,975,1053
39104,983,1051
39105,980,1050
39106,977,1048
39107,975,1048
39108,974,1050
39109,976,1052
39110,980,1050
39111,980,1045
39112,976,1042
39113,973,1040
39114,975,1046
39115,976,1049
39116,977,1047
39117,978,1043
39118,976,1042
39119,974,1040
39120,979,1042
39121,983,1046
39122,981,1048
39123,976,1047
39124,974,1041
39125,973,1045
39126,974,1046
39127,978,1048
39128,978,1047
39129,976,1043
39130,975,1042
39131,974,1046
39132,976,1049
39133,978,1050
39134,980,1047
39135,970,1048
39136,970,1043
39137,971,1047
39138,973,1048
39139,975,1054
39140,978,1053
39141,977,1053
39142,975,1048
39143,971,1047
39144,973,1050
39145,975,1051
39146,974,1050
39147,972,1050
39148,970,1046
39149,973,1047
39150,975,1050
39151,975,1053
39152,977,1049
39153,976,1047
39154,972,1044
39155,970,1047
39156,971,1047
39157,971,1050
39158,975,1048
39159,975,1047
39160,972,1042
39161,971,1044
39162,971,1048
39163,974,1049
39164,976,1045
39165,975,1045
39166,974,1041
39167,970,1043
39168,969,1048
39169,972,1048
39170,974,1051
39171,973,1049
39172,972,1048
39173,971,1050
39174,972,1052
39175,974,1055
39176,977,1056
39177,975,1051
39178,974,1046
39179,972,1049
39180,974,1050
39181,977,1054
39182,978,1051
39183,978,1049
39184,976,1045
39185,975,1046
39186,976,1048
39187,977,1051
39188,979,1050
39189,977,1048
39190,974,1045
39191,972,1045
39192,972,1045
39193,973,1048
39194,973,1048
39195,976,1049
39196,970,1044
39197,969,1045
39198,970,1048
39199,975,1051
39200,979,1050
39201,977,1043
39202,974,1043
39203,971,1046
39204,974,1049
39205,976,1049
39206,979,1051
39207,978,1048
39208,973,1048
39209,974,1048
39210,974,1050
39211,977,1053
39212,979,1053
39213,980,1050
39214,976,1047
39215,975,1047
39216,975,1051
39217,978,1053
39218,982,1052
39219,984,1051
39220,979,1052
39221,978,1052
39222,982,1054
39223,986,1054
39224,991,1051
39225,986,1048
39226,985,1044
39227,983,1047
39228,986,1048
39229,991,1050
39230,993,1048
39231,992,1045
39232,993,1043
39233,996,1040
39234,1005,1040
39235,1018,1043
39236,1035,1037
39237,1054,1033
39238,1078,1032
39239,1108,1029
39240,1147,1023
39241,1187,1018
39242,1228,1010
39243,1261,1012
39244,1286,1015
39245,1293,1031
39246,1284,1046
39247,1251,1050
39248,1198,1050
39249,1134,1051
39250,1067,1058
39251,1005,1068
39252,962,1078
39253,951,1081
39254,958,1079
39255,969,1068
39256,975,1056
39257,975,1051
39258,974,1050
39259,974,1051
39260,971,1054
39261,972,1047
39262,967,1047
39263,965,1047
39264,965,1053
39265,966,1055
39266,969,1052
39267,968,1051
39268,965,1046
39269,963,1046
39270,965,1045
39271,967,1049
39272,969,1046
39273,967,1042
39274,962,1044
39275,963,1043
39276,964,1044
39277,965,1047
39278,967,1048
39279,965,1046
39280,962,1046
39281,962,1049
39282,961,1048
39283,969,1049
39284,969,1049
39285,969,1047
39286,965,1047
39287,965,1048
39288,965,1049
39289,965,1054
39290,966,1052
39291,963,1052
39292,961,1047
39293,965,1048
39294,963,1052
39295,966,1052
39296,965,1051
39297,964,1049
39298,965,1050
39299,964,1050
39300,968,1050
39301,970,1052
39302,972,1052
39303,972,1050
39304,969,1046
39305,970,1048
39306,972,1050
39307,976,1050
39308,979,1048
39309,979,1042
39310,980,1038
39311,983,1035
39312,985,1037
39313,986,1037
39314,992,1033
39315,990,1030
39316,992,1025
39317,991,1024
39318,992,1025
39319,998,1027
39320,999,1026
39321,1000,1024
39322,1000,1021
39323,999,1020
39324,999,1021
39325,1002,1022
39326,1006,1023
39327,1005,1022
39328,1003,1017
39329,1003,1017
39330,1005,1017
39331,1010,1016
39332,1010,1014
39333,1012,1014
39334,1009,1012
39335,1009,1010
39336,1010,1012
39337,1012,1018
39338,1014,1018
39339,1012,1018
39340,1012,1016
39341,1009,1017
39342,1011,1020
39343,1015,1024
39344,1014,1023
39345,1013,1023
39346,1009,1022
39347,1008,1026
39348,1010,1032
39349,1011,1036
39350,1008,1033
39351,1006,1033
39352,1000,1031
39353,998,1034
39354,996,1037
39355,998,1042
39356,1000,1043
39357,997,1043
39358,990,1040
39359,988,1042
39360,986,1045
39361,987,1047
39362,989,1048
39363,984,1044
39364,981,1043
39365,980,1047
39366,982,1051
39367,986,1053
39368,986,1054
39369,983,1054
39370,980,1050
39371,978,1053
39372,977,1055
39373,980,1059
39374,979,1057
39375,978,1056
39376,977,1058
39377,975,1055
39378,974,1059
39379,975,1062
39380,978,1064
39381,976,1059
39382,974,1058
39383,969,1056
39384,973,1061
39385,976,1061
39386,978,1060
39387,978,1056
39388,975,1055
39389,975,1053
39390,976,1055
39391,977,1055
39392,982,1057
39393,980,1055
39394,978,1053
39395,978,1053
39396,980,1056
39397,986,1057
39398,986,1054
39399,985,1051
39400,982,1047
39401,985,1048
39402,988,1051
39403,992,1053
39404,992,1051
39405,993,1047
39406,990,1047
39407,991,1046
39408,992,1046
39409,995,1050
39410,995,1050
39411,991,1048
39412,988,1045
39413,987,1045
39414,989,1048
39415,994,1051
39416,991,1049
39417,988,1044
39418,986,1045
39419,983,1046
39420,986,1049
39421,987,1051
39422,987,1052
39423,986,1052
39424,981,1048
39425,979,1047
39426,983,1050
39427,986,1053
39428,986,1050
39429,984,1050
39430,981,1047
39431,981,1046
39432,981,1050
39433,987,1052
39434,987,1052
39435,985,1051
39436,982,1050
39437,981,1047
39438,982,1053
39439,983,1053
39440,985,1051
39441,984,1050
39442,981,1048
39443,979,1048
39444,981,1052
39445,983,1056
39446,983,1053
39447,982,1050
39448,981,1048
39449,980,1047
39450,983,1050
39451,986,1053
39452,985,1054
39453,984,1052
39454,979,1049
39455,981,1048
39456,981,1049
39457,985,1055
39458,988,1055
39459,987,1050
39460,986,1045
39461,984,1046
39462,985,1048
39463,989,1049
39464,989,1050
39465,990,1046
39466,987,1044
39467,984,1045
39468,984,1045
39469,985,1049
39470,985,1045
39471,986,1044
39472,986,1045
39473,984,1044
39474,981,1046
39475,984,1048
39476,985,1048
39477,984,1047
39478,980,1047
39479,980,1047
39480,982,1052
39481,985,1053
39482,984,1053
39483,984,1048
39484,978,1047
39485,978,1047
39486,979,1050
39487,980,1053
39488,984,1052
39489,982,1049
39490,981,1046
39491,979,1049
39492,980,1050
39493,981,1053
39494,981,1054
39495,981,1052
39496,979,1050
39497,980,1050
39498,983,1054
39499,984,1057
39500,985,1053
39501,985,1052
39502,983,1050
39503,981,1049
39504,984,1052
39505,986,1055
39506,988,1052
39507,987,1051
39508,984,1047
39509,985,1050
39510,987,1052
39511,990,1056
39512,992,1055
39513,989,1052
39514,990,1048
39515,988,1051
39516,989,1052
39517,994,1054
39518,997,1054
39519,995,1051
39520,990,1048
39521,987,1049
39522,988,1052
39523,991,1054
39524,991,1051
39525,987,1049
39526,988,1048
39527,987,1050
39528,990,1053
39529,992,1055
39530,993,1052
39531,991,1054
39532,986,1052
39533,987,1051
39534,989,1055
39535,994,1058
39536,995,1055
39537,996,1052
39538,991,1050
39539,991,1051
39540,992,1053
39541,994,1057
39542,999,1056
39543,997,1050
39544,996,1046
39545,994,1048
39546,999,1049
39547,1005,1051
39548,1013,1045
39549,1022,1040
39550,1033,1038
39551,1052,1038
39552,1080,1039
39553,1116,1039
39554,1150,1032
39555,1187,1022
39556,1222,1012
39557,1258,1010
39558,1295,1012
39559,1321,1024
39560,1326,1035
39561,1301,1049
39562,1249,1050
39563,1186,1051
39564,1127,1059
39565,1067,1068
39566,1016,1072
39567,983,1068
39568,973,1064
39569,979,1059
39570,992,1054
39571,998,1051
39572,1000,1046
39573,993,1044
39574,990,1043
39575,985,1043
39576,986,1045
39577,987,1049
39578,987,1049
39579,985,1046
39580,979,1046
39581,978,1049
39582,978,1053
39583,981,1052
39584,980,1053
39585,982,1050
39586,979,1050
39587,981,1051
39588,979,1057
39589,982,1058
39590,985,1055
39591,983,1053
39592,978,1051
39593,981,1052
39594,979,1054
39595,982,1058
39596,984,1056
39597,982,1053
39598,978,1051
39599,978,1051
39600,979,1053
39601,983,1055
39602,984,1055
39603,981,1055
39604,982,1053
39605,977,1052
39606,982,1056
39607,982,1057
39608,980,1054
39609,978,1051
39610,977,1049
39611,976,1048
39612,976,1049
39613,979,1052
39614,982,1050
39615,982,1047
39616,978,1047
39617,977,1049
39618,978,1050
39619,983,1052
39620,984,1050
39621,984,1045
39622,983,1043
39623,982,1047
39624,985,1048
39625,989,1048
39626,992,1048
39627,994,1044
39628,991,1043
39629,992,1043
39630,995,1042
39631,998,1045
39632,1002,1041
39633,1005,1038
39634,1005,1035
39635,1002,1037
39636,1007,1036
39637,1011,1041
39638,1015,1040
39639,1017,1033
39640,1019,1028
39641,1016,1024
39642,1017,1029
39643,1023,1034
39644,1026,1030
39645,1029,1028
39646,1026,1021
39647,1024,1023
39648,1028,1022
39649,1032,1028
39650,1035,1026
39651,1034,1022
39652,1034,1018
39653,1031,1019
39654,1034,1021
39655,1035,1021
39656,1036,1018
39657,1034,1019
39658,1031,1017
39659,1028,1018
39660,1029,1018
39661,1031,1023
39662,1030,1025
39663,1027,1026
39664,1025,1027
39665,1022,1028
39666,1021,1032
39667,1018,1038
39668,1018,1039
39669,1016,1037
39670,1012,1039
39671,1008,1043
39672,1008,1049
39673,1009,1052
39674,1008,1052
39675,1004,1050
39676,998,1049
39677,996,1053
39678,998,1057
39679,999,1060
39680,998,1060
39681,997,1056
39682,994,1054
39683,992,1054
39684,993,1056
39685,994,1059
39686,995,1057
39687,994,1057
39688,992,1054
39689,993,1052
39690,995,1054
39691,1000,1057
39692,1004,1056
39693,1008,1055
39694,1008,1055
39695,1011,1057
39696,1018,1061
39697,1025,1064
39698,1031,1063
39699,1035,1062
39700,1038,1063
39701,1047,1062
39702,1063,1056
39703,1079,1045
39704,1089,1031
39705,1100,1016
39706,1110,1003
39707,1123,991
39708,1140,981
39709,1158,971
39710,1174,952
39711,1187,934
39712,1202,913
39713,1217,896
39714,1237,885
39715,1252,874
39716,1259,864
39717,1258,855
39718,1254,855
39719,1252,851
39720,1249,849
39721,1245,850
39722,1237,849
39723,1222,846
39724,1198,847
39725,1177,851
39726,1158,855
39727,1137,865
39728,1116,871
39729,1093,879
39730,1073,886
39731,1057,903
39732,1051,918
39733,1050,930
39734,1047,941
39735,1042,946
39736,1035,952
39737,1036,965
39738,1048,981
39739,1061,992
39740,1074,997
39741,1080,1000
39742,1076,1005
39743,1060,1013
39744,1035,1027
39745,1011,1036
39746,987,1044
39747,966,1051
39748,954,1061
39749,948,1071
39750,942,1079
39751,940,1088
39752,941,1090
39753,933,1087
39754,926,1088
39755,923,1094
39756,922,1097
39757,924,1101
39758,921,1102
39759,918,1098
39760,910,1099
39761,904,1103
39762,906,1108
39763,905,1111
39764,904,1112
39765,903,1114
39766,899,1110
39767,897,1113
39768,899,1118
39769,899,1122
39770,900,1122
39771,899,1124
39772,896,1120
39773,894,1123
39774,897,1128
39775,901,1132
39776,901,1133
39777,898,1130
39778,896,1128
39779,893,1134
39780,895,1137
39781,898,1142
39782,899,1143
39783,896,1138
39784,896,1138
39785,894,1139
39786,895,1142
39787,894,1148
39788,899,1147
39789,898,1147
39790,893,1149
39791,891,1153
39792,894,1155
39793,898,1158
39794,899,1159
39795,896,1156
39796,894,1156
39797,893,1160
39798,898,1167
39799,900,1168
39800,901,1168
39801,901,1166
39802,902,1168
39803,901,1166
39804,902,1172
39805,907,1177
39806,909,1174
39807,909,1172
39808,909,1168
39809,910,1168
39810,914,1171
39811,919,1173
39812,923,1171
39813,926,1167
39814,925,1162
39815,929,1160
39816,932,1158
39817,937,1158
39818,943,1155
39819,944,1147
39820,941,1143
39821,944,1140
39822,951,1139
39823,956,1137
39824,959,1130
39825,959,1119
39826,961,1109
39827,963,1106
39828,966,1103
39829,970,1100
39830,972,1096
39831,971,1091
39832,973,1087
39833,973,1079
39834,975,1083
39835,975,1081
39836,976,1076
39837,976,1069
39838,973,1067
39839,972,1065
39840,975,1066
39841,979,1064
39842,981,1064
39843,979,1060
39844,976,1055
39845,976,1057
39846,976,1058
39847,979,1058
39848,981,1055
39849,976,1053
39850,974,1051
39851,970,1053
39852,972,1052
39853,979,1057
39854,978,1057
39855,975,1055
39856,974,1053
39857,974,1051
39858,975,1054
39859,977,1058
39860,975,1056
39861,975,1052
39862,975,1048
39863,969,1051
39864,974,1053
39865,975,1057
39866,974,1056
39867,974,1053
39868,972,1052
39869,972,1056
39870,974,1058
39871,977,1060
39872,979,1060
39873,977,1057
39874,978,1055
39875,977,1056
39876,980,1056
39877,982,1059
39878,981,1055
39879,978,1055
39880,978,1054
39881,978,1056
39882,978,1054
39883,982,1054
39884,982,1055
39885,982,1050
39886,979,1049
39887,977,1048
39888,979,1052
39889,981,1054
39890,982,1054
39891,979,1053
39892,978,1051
39893,979,1051
39894,980,1051
39895,981,1052
39896,982,1053
39897,978,1050
39898,976,1047
39899,975,1050
39900,975,1053
39901,980,1054
39902,978,1053
39903,975,1051
39904,972,1047
39905,972,1047
39906,974,1048
39907,978,1050
39908,978,1048
39909,976,1047
39910,974,1047
39911,972,1045
39912,972,1048
39913,975,1049
39914,973,1048
39915,971,1045
39916,968,1043
39917,965,1045
39918,969,1051
39919,971,1056
39920,973,1052
39921,970,1051
39922,970,1053
39923,968,1052
39924,970,1055
39925,975,1060
39926,975,1057
39927,973,1053
39928,970,1051
39929,972,1052
39930,976,1054
39931,978,1057
39932,978,1054
39933,977,1053
39934,975,1051
39935,974,1049
39936,976,1053
39937,980,1056
39938,978,1056
39939,978,1053
39940,977,1051
39941,976,1053
39942,976,1054
39943,979,1056
39944,978,1055
39945,977,1049
39946,975,1046
39947,975,1051
39948,973,1052
39949,979,1055
39950,978,1054
39951,973,1051
39952,972,1050
39953,972,1049
39954,973,1053
39955,976,1053
39956,978,1051
39957,973,1052
39958,971,1050
39959,970,1053
39960,975,1056
39961,978,1055
39962,978,1052
39963,974,1051
39964,970,1051
39965,969,1052
39966,970,1056
39967,974,1058
39968,974,1054
39969,971,1050
39970,970,1049
39971,966,1050
39972,968,1052
39973,970,1057
39974,971,1054
39975,968,1051
39976,968,1051
39977,967,1053
39978,970,1058
39979,970,1060
39980,973,1059
39981,972,1056
39982,970,1054
39983,969,1053
39984,972,1055
39985,974,1057
39986,978,1056
39987,977,1054
39988,976,1051
39989,974,1051
39990,977,1050
39991,978,1054
39992,982,1053
39993,979,1051
39994,978,1048
39995,976,1046
39996,979,1047
39997,983,1053
39998,983,1050
39999,981,1048
40000,981,1044
40001,980,1046
40002,986,1047
40003,991,1048
40004,998,1046
40005,1000,1040
40006,1004,1037
40007,1014,1035
40008,1029,1037
40009,1048,1036
40010,1073,1034
40011,1100,1026
40012,1129,1020
40013,1161,1009
40014,1195,1006
40015,1228,1005
40016,1255,1010
40017,1271,1021
40018,1264,1037
40019,1242,1049
40020,1199,1053
40021,1150,1058
40022,1101,1063
40023,1045,1071
40024,997,1073
40025,966,1078
40026,958,1074
40027,968,1072
40028,975,1062
40029,979,1053
40030,978,1045
40031,975,1043
40032,973,1047
40033,972,1048
40034,971,1047
40035,970,1047
40036,967,1044
40037,964,1047
40038,964,1051
40039,965,1052
40040,967,1050
40041,963,1048
40042,960,1047
40043,958,1046
40044,962,1051
40045,963,1055
40046,963,1053
40047,962,1051
40048,956,1048
40049,957,1051
40050,959,1054
40051,958,1055
40052,959,1055
40053,958,1051
40054,957,1050
40055,956,1049
40056,956,1053
40057,960,1053
40058,960,1052
40059,959,1048
40060,956,1046
40061,955,1048
40062,955,1048
40063,959,1048
40064,958,1044
40065,955,1044
40066,953,1041
40067,953,1043
40068,957,1045
40069,960,1046
40070,960,1048
40071,959,1045
40072,957,1042
40073,957,1046
40074,963,1045
40075,966,1048
40076,967,1046
40077,964,1044
40078,964,1042
40079,961,1043
40080,965,1046
40081,964,1048
40082,967,1047
40083,968,1045
40084,965,1042
40085,964,1041
40086,964,1045
40087,968,1045
40088,973,1044
40089,974,1040
40090,969,1038
40091,970,1037
40092,972,1038
40093,978,1042
40094,982,1041
40095,979,1038
40096,978,1035
40097,978,1035
40098,983,1036
40099,988,1040
40100,988,1037
40101,987,1033
40102,987,1030
40103,988,1033
40104,991,1032
40105,994,1032
40106,994,1030
40107,995,1024
40108,992,1023
40109,991,1022
40110,994,1024
40111,996,1024
40112,996,1023
40113,995,1018
40114,992,1016
40115,995,1016
40116,997,1017
40117,1001,1020
40118,1001,1017
40119,1001,1013
40120,998,1013
40121,999,1014
40122,1004,1016
40123,1005,1022
40124,1007,1019
40125,1007,1015
40126,1007,1015
40127,1006,1018
40128,1008,1023
40129,1010,1025
40130,1008,1026
40131,1007,1027
40132,1002,1025
40133,1003,1026
40134,1003,1031
40135,1005,1034
40136,1004,1035
40137,1000,1034
40138,996,1033
40139,993,1037
40140,992,1042
40141,993,1047
40142,994,1046
40143,992,1044
40144,987,1045
40145,984,1045
40146,981,1049
40147,987,1051
40148,986,1051
40149,983,1052
40150,982,1049
40151,980,1052
40152,981,1056
40153,981,1055
40154,980,1055
40155,978,1055
40156,973,1053
40157,974,1055
40158,975,1057
40159,977,1060
40160,977,1059
40161,975,1055
40162,972,1053
40163,971,1056
40164,971,1056
40165,973,1057
40166,974,1057
40167,973,1056
40168,968,1054
40169,968,1055
40170,971,1055
40171,974,1058
40172,977,1060
40173,974,1054
40174,972,1057
40175,971,1057
40176,974,1059
40177,976,1062
40178,977,1059
40179,974,1058
40180,972,1052
40181,970,1053
40182,973,1056
40183,976,1058
40184,979,1056
40185,978,1055
40186,975,1049
40187,972,1050
40188,974,1054
40189,976,1055
40190,980,1053
40191,978,1050
40192,977,1047
40193,976,1046
40194,979,1048
40195,982,1050
40196,982,1049
40197,983,1043
40198,979,1043
40199,978,1043
40200,980,1045
40201,982,1048
40202,983,1047
40203,981,1046
40204,980,1044
40205,980,1045
40206,981,1047
40207,983,1050
40208,986,1050
40209,983,1045
40210,979,1043
40211,978,1045
40212,979,1046
40213,982,1047
40214,984,1046
40215,981,1047
40216,977,1045
40217,975,1046
40218,977,1050
40219,980,1051
40220,980,1053
40221,978,1050
40222,977,1048
40223,976,1050
40224,976,1051
40225,980,1054
40226,981,1053
40227,978,1049
40228,977,1048
40229,974,1050
40230,977,1053
40231,981,1053
40232,980,1053
40233,978,1048
40234,976,1046
40235,974,1048
40236,976,1051
40237,978,1051
40238,979,1051
40239,978,1049
40240,975,1046
40241,975,1048
40242,979,1049
40243,979,1051
40244,984,1048
40245,979,1048
40246,980,1045
40247,979,1049
40248,984,1053
40249,987,1053
40250,987,1046
40251,992,1042
40252,997,1040
40253,1004,1039
40254,1017,1040
40255,1034,1043
40256,1052,1037
40257,1072,1039
40258,1101,1031
40259,1133,1026
40260,1171,1023
40261,1210,1019
40262,1239,1017
40263,1262,1020
40264,1269,1034
40265,1260,1048
40266,1232,1055
40267,1187,1057
40268,1130,1057
40269,1073,1064
40270,1017,1069
40271,974,1075
40272,953,1080
40273,949,1080
40274,959,1070
40275,964,1056
40276,970,1047
40277,971,1042
40278,973,1041
40279,974,1045
40280,974,1041
40281,971,1039
40282,963,1041
40283,961,1043
40284,961,1046
40285,967,1047
40286,965,1044
40287,964,1043
40288,958,1039
40289,956,1044
40290,958,1048
40291,960,1050
40292,959,1052
40293,955,1049
40294,953,1046
40295,955,1049
40296,956,1048
40297,960,1054
40298,959,1052
40299,957,1050
40300,952,1045
40301,950,1047
40302,954,1049
40303,956,1051
40304,957,1051
40305,955,1045
40306,955,1046
40307,952,1047
40308,955,1049
40309,956,1051
40310,957,1049
40311,953,1048
40312,951,1045
40313,953,1047
40314,957,1051
40315,960,1052
40316,960,1048
40317,957,1046
40318,955,1044
40319,954,1042
40320,955,1043
40321,958,1046
40322,958,1042
40323,956,1039
40324,953,1036
40325,955,1036
40326,956,1040
40327,962,1039
40328,963,1039
40329,962,1032
40330,963,1033
40331,962,1033
40332,967,1034
40333,969,1033
40334,971,1032
40335,970,1029
40336,967,1027
40337,967,1028
40338,973,1029
40339,976,1031
40340,978,1028
40341,978,1024
40342,976,1020
40343,976,1021
40344,982,1022
40345,986,1025
40346,989,1019
40347,988,1016
40348,986,1015
40349,986,1015
40350,989,1016
40351,991,1018
40352,993,1016
40353,992,1014
40354,991,1011
40355,993,1009
40356,994,1011
40357,1000,1013
40358,999,1011
40359,998,1008
40360,997,1005
40361,997,1008
40362,998,1010
40363,1001,1009
40364,1000,1011
40365,999,1008
40366,997,1008
40367,998,1009
40368,997,1013
40369,997,1018
40370,997,1021
40371,992,1022
40372,989,1020
40373,985,1024
40374,986,1027
40375,985,1033
40376,985,1029
40377,983,1032
40378,977,1031
40379,974,1033
40380,979,1039
40381,980,1042
40382,978,1042
40383,978,1041
40384,970,1039
40385,968,1041
40386,970,1048
40387,971,1050
40388,969,1051
40389,967,1050
40390,963,1051
40391,963,1052
40392,965,1055
40393,969,1059
40394,967,1058
40395,963,1056
40396,959,1056
40397,961,1056
40398,965,1060
40399,967,1059
40400,967,1059
40401,966,1058
40402,963,1055
40403,963,1055
40404,964,1055
40405,969,1059
40406,967,1056
40407,968,1053
40408,965,1050
40409,964,1053
40410,968,1052
40411,969,1057
40412,969,1053
40413,968,1052
40414,967,1053
40415,966,1048
40416,968,1052
40417,970,1054
40418,967,1052
40419,968,1049
40420,965,1047
40421,966,1047
40422,968,1048
40423,970,1050
40424,972,1047
40425,969,1047
40426,968,1045
40427,968,1045
40428,971,1052
40429,974,1051
40430,977,1050
40431,974,1047
40432,970,1046
40433,971,1049
40434,972,1052
40435,976,1052
40436,975,1050
40437,972,1050
40438,970,1050
40439,968,1049
40440,968,1054
40441,971,1057
40442,973,1052
40443,970,1049
40444,969,1047
40445,967,1050
40446,966,1052
40447,966,1057
40448,971,1055
40449,970,1052
40450,966,1049
40451,966,1052
40452,969,1053
40453,970,1054
40454,973,1053
40455,969,1050
40456,964,1052
40457,966,1054
40458,970,1056
40459,969,1055
40460,969,1058
40461,967,1055
40462,964,1052
40463,962,1055
40464,962,1056
40465,967,1056
40466,968,1053
40467,965,1050
40468,963,1049
40469,964,1050
40470,966,1053
40471,970,1055
40472,972,1050
40473,969,1046
40474,968,1046
40475,969,1043
40476,971,1047
40477,973,1049
40478,973,1050
40479,972,1048
40480,970,1048
40481,970,1048
40482,972,1049
40483,975,1049
40484,976,1051
40485,977,1045
40486,972,1046
40487,973,1047
40488,976,1048
40489,979,1051
40490,981,1050
40491,979,1046
40492,980,1044
40493,982,1044
40494,990,1044
40495,999,1044
40496,1008,1041
40497,1022,1039
40498,1035,1036
40499,1056,1036
40500,1083,1036
40501,1112,1032
40502,1144,1022
40503,1176,1014
40504,1204,1010
40505,1229,1017
40506,1249,1030
40507,1252,1045
40508,1229,1052
40509,1187,1052
40510,1134,1050
40511,1079,1060
40512,1027,1073
40513,980,1087
40514,950,1090
40515,938,1090
40516,941,1084
40517,948,1074
40518,957,1068
40519,964,1058
40520,966,1051
40521,964,1047
40522,962,1046
40523,960,1044
40524,959,1046
40525,961,1049
40526,963,1049
40527,961,1046
40528,959,1042
40529,957,1046
40530,956,1049
40531,960,1051
40532,962,1050
40533,959,1045
40534,955,1043
40535,956,1045
40536,957,1049
40537,959,1052
40538,955,1050
40539,954,1046
40540,954,1046
40541,954,1047
40542,952,1051
40543,956,1052
40544,957,1050
40545,954,1050
40546,950,1048
40547,950,1051
40548,951,1050
40549,954,1051
40550,953,1052
40551,952,1047
40552,949,1048
40553,949,1048
40554,952,1052
40555,953,1055
40556,952,1055
40557,951,1052
40558,949,1051
40559,949,1053
40560,952,1053
40561,954,1058
40562,955,1056
40563,950,1053
40564,949,1055
40565,951,1056
40566,955,1059
40567,957,1057
40568,959,1054
40569,956,1051
40570,954,1044
40571,955,1047
40572,960,1046
40573,965,1046
40574,965,1040
40575,964,1036
40576,963,1032
40577,963,1035
40578,964,1035
40579,969,1036
40580,971,1030
40581,970,1026
40582,968,1026
40583,970,1025
40584,973,1027
40585,975,1027
40586,976,1024
40587,977,1021
40588,974,1020
40589,976,1021
40590,978,1023
40591,982,1021
40592,982,1021
40593,982,1017
40594,980,1015
40595,980,1017
40596,983,1017
40597,983,1020
40598,985,1016
40599,984,1014
40600,985,1013
40601,985,1014
40602,988,1013
40603,989,1015
40604,990,1013
40605,987,1009
40606,987,1008
40607,987,1009
40608,994,1013
40609,995,1014
40610,997,1014
40611,997,1013
40612,993,1011
40613,993,1014
40614,993,1020
40615,994,1023
40616,994,1022
40617,994,1021
40618,991,1024
40619,992,1024
40620,991,1028
40621,994,1031
40622,993,1033
40623,990,1030
40624,986,1031
40625,984,1035
40626,983,1038
40627,985,1040
40628,982,1043
40629,979,1043
40630,976,1042
40631,977,1045
40632,979,1048
40633,980,1051
40634,976,1051
40635,976,1049
40636,972,1047
40637,973,1048
40638,971,1053
40639,974,1055
40640,975,1053
40641,970,1051
40642,967,1052
40643,967,1053
40644,970,1055
40645,972,1059
40646,972,1058
40647,970,1055
40648,969,1054
40649,969,1057
40650,972,1059
40651,976,1062
40652,978,1060
40653,978,1059
40654,978,1057
40655,978,1060
40656,980,1061
40657,984,1064
40658,991,1063
40659,994,1059
40660,996,1057
40661,999,1059
40662,1007,1062
40663,1013,1063
40664,1018,1063
40665,1025,1058
40666,1033,1051
40667,1048,1042
40668,1060,1031
40669,1074,1017
40670,1087,1002
40671,1099,987
40672,1110,973
40673,1124,961
40674,1140,951
40675,1159,934
40676,1175,912
40677,1191,892
40678,1203,875
40679,1218,861
40680,1229,855
40681,1235,850
40682,1236,846
40683,1231,845
40684,1224,840
40685,1221,839
40686,1217,840
40687,1212,841
40688,1199,838
40689,1179,837
40690,1156,833
40691,1138,841
40692,1122,848
40693,1104,859
40694,1083,868
40695,1061,877
40696,1042,889
40697,1033,904
40698,1030,922
40699,1030,940
40700,1030,952
40701,1024,960
40702,1019,964
40703,1022,977
40704,1034,986
40705,1055,998
40706,1069,1002
40707,1078,1002
40708,1072,1007
40709,1057,1015
40710,1031,1023
40711,1001,1036
40712,970,1043
40713,951,1053
40714,939,1061
40715,933,1074
40716,930,1084
40717,927,1090
40718,923,1090
40719,916,1091
40720,909,1092
40721,905,1094
40722,902,1099
40723,902,1103
40724,898,1104
40725,897,1105
40726,889,1106
40727,888,1111
40728,888,1116
40729,886,1118
40730,886,1119
40731,881,1119
40732,878,1118
40733,877,1121
40734,879,1128
40735,880,1128
40736,879,1130
40737,876,1129
40738,871,1130
40739,869,1133
40740,872,1135
40741,873,1141
40742,871,1140
40743,871,1141
40744,870,1141
40745,866,1146
40746,869,1149
40747,872,1155
40748,869,1153
40749,866,1153
40750,864,1154
40751,864,1160
40752,866,1164
40753,870,1168
40754,873,1165
40755,868,1162
40756,867,1164
40757,869,1166
40758,872,1167
40759,878,1171
40760,876,1170
40761,875,1168
40762,875,1169
40763,877,1174
40764,880,1178
40765,882,1179
40766,883,1179
40767,881,1179
40768,880,1177
40769,880,1180
40770,885,1185
40771,888,1184
40772,891,1184
40773,891,1184
40774,893,1182
40775,895,1180
40776,903,1180
40777,909,1182
40778,912,1177
40779,909,1172
40780,911,1168
40781,913,1166
40782,920,1165
40783,927,1164
40784,929,1163
40785,932,1153
40786,935,1148
40787,937,1146
40788,940,1143
40789,945,1142
40790,946,1135
40791,946,1128
40792,944,1122
40793,946,1122
40794,948,1118
40795,951,1114
40796,953,1109
40797,950,1105
40798,948,1098
40799,948,1097
40800,951,1098
40801,955,1095
40802,956,1090
40803,954,1087
40804,951,1081
40805,952,1079
40806,956,1078
40807,956,1075
40808,958,1072
40809,957,1065
40810,956,1065
40811,954,1065
40812,956,1066
40813,960,1067
40814,959,1064
40815,958,1062
40816,956,1060
40817,955,1058
40818,956,1061
40819,959,1060
40820,960,1058
40821,957,1055
40822,956,1053
40823,957,1053
40824,957,1056
40825,959,1057
40826,959,1056
40827,957,1056
40828,954,1054
40829,954,1056
40830,957,1057
40831,958,1058
40832,957,1057
40833,955,1055
40834,953,1052
40835,953,1056
40836,953,1058
40837,954,1061
40838,958,1059
40839,955,1057
40840,951,1054
40841,952,1057
40842,955,1060
40843,957,1062
40844,958,1058
40845,954,1058
40846,952,1055
40847,952,1058
40848,954,1061
40849,956,1064
40850,956,1062
40851,954,1061
40852,951,1058
40853,955,1060
40854,955,1063
40855,958,1062
40856,959,1058
40857,959,1055
40858,955,1049
40859,956,1049
40860,962,1050
40861,963,1052
40862,962,1051
40863,959,1046
40864,959,1046
40865,961,1048
40866,961,1049
40867,965,1050
40868,964,1048
40869,960,1043
40870,961,1043
40871,959,1046
40872,962,1048
40873,965,1047
40874,965,1046
40875,964,1044
40876,961,1044
40877,962,1045
40878,966,1045
40879,969,1047
40880,967,1045
40881,963,1044
40882,960,1045
40883,960,1046
40884,961,1049
40885,963,1052
40886,962,1049
40887,960,1047
40888,962,1047
40889,959,1050
40890,959,1051
40891,963,1054
40892,961,1050
40893,958,1049
40894,954,1049
40895,952,1051
40896,955,1056
40897,955,1059
40898,955,1059
40899,953,1054
40900,950,1057
40901,950,1059
40902,953,1064
40903,955,1065
40904,955,1062
40905,955,1058
40906,953,1056
40907,951,1055
40908,953,1059
40909,957,1062
40910,958,1058
40911,958,1056
40912,956,1054
40913,955,1053
40914,955,1057
40915,960,1058
40916,961,1058
40917,956,1052
40918,956,1051
40919,956,1053
40920,958,1054
40921,962,1056
40922,962,1055
40923,958,1052
40924,957,1049
40925,958,1050
40926,961,1051
40927,964,1055
40928,964,1053
40929,964,1052
40930,957,1050
40931,958,1049
40932,961,1052
40933,963,1053
40934,962,1052
40935,960,1050
40936,957,1048
40937,955,1051
40938,960,1053
40939,961,1056
40940,964,1053
40941,961,1052
40942,960,1054
40943,959,1055
40944,958,1058
40945,962,1058
40946,961,1057
40947,957,1055
40948,957,1054
40949,954,1054
40950,957,1056
40951,961,1056
40952,960,1051
40953,956,1050
40954,954,1049
40955,954,1050
40956,959,1052
40957,961,1053
40958,962,1054
40959,958,1051
40960,958,1052
40961,958,1051
40962,958,1052
40963,958,1054
40964,964,1053
40965,961,1050
40966,955,1051
40967,954,1053
40968,960,1053
40969,964,1053
40970,966,1054
40971,964,1048
40972,960,1046
40973,962,1050
40974,963,1049
40975,965,1050
40976,968,1048
40977,965,1046
40978,963,1045
40979,963,1049
40980,966,1049
40981,968,1052
40982,968,1050
40983,967,1046
40984,960,1046
40985,965,1050
40986,967,1054
40987,968,1055
40988,971,1056
40989,968,1054
40990,964,1052
40991,963,1054
40992,969,1057
40993,972,1057
40994,973,1055
40995,971,1052
40996,969,1050
40997,971,1050
40998,974,1053
40999,975,1055
41000,978,1052
41001,975,1051
41002,977,1045
41003,976,1049
41004,982,1051
41005,986,1050
41006,991,1046
41007,997,1041
41008,1010,1037
41009,1025,1039
41010,1045,1038
41011,1068,1039
41012,1096,1031
41013,1129,1023
41014,1157,1013
41015,1191,1007
41016,1225,1010
41017,1254,1016
41018,1272,1028
41019,1266,1041
41020,1241,1048
41021,1200,1049
41022,1149,1055
41023,1100,1065
41024,1045,1068
41025,995,1068
41026,967,1068
41027,960,1068
41028,965,1064
41029,976,1056
41030,977,1046
41031,974,1040
41032,969,1040
41033,966,1040
41034,963,1046
41035,967,1047
41036,961,1046
41037,962,1046
41038,960,1047
41039,953,1048
41040,957,1051
41041,958,1052
41042,958,1051
41043,956,1047
41044,954,1047
41045,952,1047
41046,957,1051
41047,958,1054
41048,957,1054
41049,955,1050
41050,952,1050
41051,951,1049
41052,955,1054
41053,956,1056
41054,955,1052
41055,954,1051
41056,951,1051
41057,951,1050
41058,954,1054
41059,958,1055
41060,955,1052
41061,953,1050
41062,950,1048
41063,953,1050
41064,953,1051
41065,959,1051
41066,957,1052
41067,954,1046
41068,951,1048
41069,953,1049
41070,957,1052
41071,958,1053
41072,959,1048
41073,956,1045
41074,953,1046
41075,954,1048
41076,958,1048
41077,961,1050
41078,963,1047
41079,962,1043
41080,959,1041
41081,957,1043
41082,960,1043
41083,963,1045
41084,964,1045
41085,959,1042
41086,958,1043
41087,959,1044
41088,964,1046
41089,971,1048
41090,973,1045
41091,970,1043
41092,969,1042
41093,969,1043
41094,975,1043
41095,978,1045
41096,977,1043
41097,976,1038
41098,978,1036
41099,978,1036
41100,981,1039
41101,984,1038
41102,986,1036
41103,986,1031
41104,986,1030
41105,986,1032
41106,991,1032
41107,996,1032
41108,995,1028
41109,995,1026
41110,993,1024
41111,997,1025
41112,997,1024
41113,1004,1023
41114,1004,1016
41115,1003,1014
41116,1002,1010
41117,1003,1011
41118,1007,1013
41119,1009,1014
41120,1009,1015
41121,1007,1011
41122,1008,1011
41123,1007,1016
41124,1012,1021
41125,1011,1023
41126,1012,1024
41127,1010,1023
41128,1005,1024
41129,1000,1027
41130,1004,1031
41131,1005,1037
41132,1001,1033
41133,997,1034
41134,993,1036
41135,989,1039
41136,990,1044
41137,993,1047
41138,994,1047
41139,987,1047
41140,985,1048
41141,983,1050
41142,984,1052
41143,986,1055
41144,984,1057
41145,982,1056
41146,978,1054
41147,981,1060
41148,981,1061
41149,983,1060
41150,981,1061
41151,979,1058
41152,975,1055
41153,977,1059
41154,977,1061
41155,981,1062
41156,981,1055
41157,978,1053
41158,976,1052
41159,977,1055
41160,977,1056
41161,980,1057
41162,982,1055
41163,976,1053
41164,976,1053
41165,975,1056
41166,976,1057
41167,979,1059
41168,979,1056
41169,979,1055
41170,976,1052
41171,978,1054
41172,978,1056
41173,983,1057
41174,982,1056
41175,980,1052
41176,976,1054
41177,977,1053
41178,979,1054
41179,979,1054
41180,981,1052
41181,978,1047
41182,975,1046
41183,979,1048
41184,980,1052
41185,981,1050
41186,982,1048
41187,981,1045
41188,978,1045
41189,973,1047
41190,977,1048
41191,979,1052
41192,977,1051
41193,976,1049
41194,976,1047
41195,976,1049
41196,977,1050
41197,981,1050
41198,980,1049
41199,978,1045
41200,978,1044
41201,976,1047
41202,978,1051
41203,982,1051
41204,979,1048
41205,976,1047
41206,975,1048
41207,972,1049
41208,976,1051
41209,976,1052
41210,977,1051
41211,974,1050
41212,972,1050
41213,971,1052
41214,976,1056
41215,977,1055
41216,975,1055
41217,972,1055
41218,969,1052
41219,966,1054
41220,970,1057
41221,970,1056
41222,971,1056
41223,969,1055
41224,966,1055
41225,967,1056
41226,970,1059
41227,975,1060
41228,973,1056
41229,970,1051
41230,967,1051
41231,967,1053
41232,970,1058
41233,972,1054
41234,971,1052
41235,969,1050
41236,966,1048
41237,966,1049
41238,971,1055
41239,970,1055
41240,969,1051
41241,968,1050
41242,966,1048
41243,962,1052
41244,963,1049
41245,968,1053
41246,969,1051
41247,966,1051
41248,964,1051
41249,962,1053
41250,967,1054
41251,971,1055
41252,972,1055
41253,967,1049
41254,966,1050
41255,966,1053
41256,970,1054
41257,969,1056
41258,969,1053
41259,966,1051
41260,963,1053
41261,964,1056
41262,966,1058
41263,966,1058
41264,968,1060
41265,968,1057
41266,966,1057
41267,964,1058
41268,968,1060
41269,972,1060
41270,972,1056
41271,970,1050
41272,963,1052
41273,964,1051
41274,965,1056
41275,968,1055
41276,970,1053
41277,966,1049
41278,964,1052
41279,965,1052
41280,969,1055
41281,971,1051
41282,972,1053
41283,968,1049
41284,964,1049
41285,962,1052
41286,963,1055
41287,969,1056
41288,968,1051
41289,966,1049
41290,964,1048
41291,962,1052
41292,967,1051
41293,970,1055
41294,969,1052
41295,968,1050
41296,966,1047
41297,966,1051
41298,967,1054
41299,968,1052
41300,969,1052
41301,967,1051
41302,964,1051
41303,963,1054
41304,967,1056
41305,974,1057
41306,973,1052
41307,967,1051
41308,961,1048
41309,963,1051
41310,964,1054
41311,967,1053
41312,970,1053
41313,965,1051
41314,966,1050
41315,964,1055
41316,967,1058
41317,973,1055
41318,973,1054
41319,970,1049
41320,971,1050
41321,969,1049
41322,973,1052
41323,977,1053
41324,979,1053
41325,977,1048
41326,974,1049
41327,975,1054
41328,980,1053
41329,984,1054
41330,986,1049
41331,991,1043
41332,999,1039
41333,1011,1042
41334,1030,1044
41335,1051,1043
41336,1076,1035
41337,1101,1029
41338,1135,1017
41339,1169,1015
41340,1206,1016
41341,1241,1017
41342,1263,1028
41343,1268,1038
41344,1250,1052
41345,1215,1055
41346,1169,1057
41347,1119,1062
41348,1062,1070
41349,1009,1073
41350,970,1075
41351,951,1075
41352,953,1073
41353,965,1063
41354,973,1052
41355,972,1042
41356,970,1042
41357,965,1045
41358,967,1046
41359,970,1047
41360,966,1045
41361,961,1047
41362,958,1047
41363,958,1050
41364,954,1052
41365,958,1052
41366,956,1051
41367,954,1046
41368,952,1047
41369,953,1048
41370,956,1054
41371,959,1054
41372,960,1050
41373,959,1049
41374,955,1052
41375,954,1055
41376,954,1058
41377,956,1060
41378,957,1058
41379,952,1056
41380,951,1057
41381,949,1057
41382,955,1059
41383,956,1060
41384,953,1058
41385,953,1054
41386,950,1054
41387,951,1056
41388,955,1056
41389,957,1058
41390,952,1055
41391,956,1051
41392,952,1047
41393,952,1049
41394,950,1051
41395,954,1053
41396,955,1052
41397,954,1049
41398,949,1045
41399,951,1051
41400,952,1051
41401,955,1051
41402,954,1050
41403,951,1045
41404,953,1045
41405,950,1046
41406,955,1046
41407,961,1045
41408,961,1043
41409,960,1042
41410,958,1039
41411,961,1042
41412,963,1045
41413,970,1042
41414,969,1042
41415,968,1041
41416,965,1037
41417,967,1039
41418,968,1040
41419,974,1039
41420,977,1036
41421,976,1032
41422,977,1032
41423,974,1031
41424,980,1032
41425,982,1032
41426,983,1029
41427,981,1026
41428,978,1025
41429,979,1025
41430,980,1030
41431,985,1029
41432,985,1026
41433,982,1023
41434,980,1019
41435,984,1023
41436,988,1022
41437,987,1023
41438,987,1024
41439,986,1018
41440,985,1018
41441,985,1019
41442,989,1022
41443,992,1024
41444,989,1022
41445,985,1020
41446,983,1019
41447,982,1023
41448,984,1029
41449,983,1029
41450,982,1031
41451,981,1029
41452,979,1030
41453,978,1036
41454,977,1039
41455,979,1041
41456,974,1042
41457,973,1041
41458,970,1042
41459,969,1047
41460,971,1049
41461,975,1051
41462,972,1051
41463,967,1052
41464,965,1052
41465,964,1054
41466,967,1059
41467,968,1060
41468,967,1057
41469,966,1057
41470,964,1057
41471,963,1060
41472,963,1064
41473,966,1063
41474,964,1062
41475,963,1058
41476,960,1061
41477,959,1062
41478,962,1064
41479,965,1065
41480,963,1063
41481,963,1060
41482,960,1058
41483,958,1061
41484,960,1065
41485,962,1063
41486,961,1061
41487,957,1055
41488,957,1055
41489,958,1058
41490,959,1058
41491,964,1061
41492,963,1058
41493,960,1052
41494,955,1050
41495,955,1053
41496,959,1054
41497,962,1053
41498,964,1055
41499,961,1050
41500,957,1048
41501,958,1050
41502,960,1053
41503,963,1054
41504,963,1050
41505,963,1047
41506,961,1048
41507,961,1051
41508,965,1054
41509,970,1054
41510,972,1050
41511,968,1050
41512,966,1049
41513,962,1052
41514,966,1055
41515,971,1055
41516,972,1053
41517,970,1051
41518,966,1050
41519,965,1055
41520,968,1056
41521,972,1060
41522,969,1053
41523,965,1050
41524,966,1050
41525,966,1050
41526,970,1050
41527,972,1047
41528,972,1047
41529,971,1042
41530,968,1043
41531,967,1046
41532,969,1050
41533,973,1052
41534,970,1050
41535,968,1046
41536,963,1045
41537,963,1047
41538,965,1049
41539,967,1051
41540,963,1050
41541,963,1048
41542,959,1047
41543,960,1050
41544,963,1051
41545,967,1054
41546,967,1054
41547,963,1048
41548,962,1052
41549,960,1051
41550,965,1055
41551,970,1054
41552,972,1054
41553,971,1050
41554,972,1048
41555,977,1046
41556,986,1047
41557,1001,1046
41558,1013,1043
41559,1029,1036
41560,1053,1036
41561,1086,1034
41562,1122,1029
41563,1162,1019
41564,1198,1017
41565,1229,1017
41566,1252,1027
41567,1259,1046
41568,1250,1061
41569,1218,1060
41570,1165,1056
41571,1109,1057
41572,1050,1067
41573,993,1083
41574,954,1093
41575,945,1095
41576,950,1087
41577,955,1070
41578,959,1060
41579,961,1055
41580,966,1053
41581,967,1051
41582,963,1050
41583,959,1047
41584,957,1048
41585,953,1049
41586,953,1050
41587,955,1050
41588,954,1049
41589,952,1047
41590,948,1046
41591,944,1047
41592,945,1051
41593,949,1050
41594,949,1045
41595,946,1045
41596,943,1045
41597,942,1046
41598,945,1049
41599,946,1053
41600,945,1051
41601,945,1048
41602,942,1049
41603,944,1046
41604,945,1048
41605,949,1051
41606,949,1048
41607,946,1048
41608,944,1048
41609,947,1049
41610,948,1052
41611,954,1054
41612,952,1051
41613,951,1050
41614,949,1048
41615,946,1050
41616,953,1051
41617,955,1052
41618,955,1049
41619,953,1050
41620,950,1046
41621,951,1049
41622,956,1051
41623,958,1051
41624,957,1047
41625,955,1042
41626,955,1040
41627,955,1042
41628,959,1047
41629,962,1045
41630,961,1041
41631,960,1037
41632,957,1034
41633,957,1033
41634,962,1035
41635,966,1033
41636,969,1029
41637,967,1026
41638,968,1023
41639,969,1023
41640,972,1025
41641,976,1025
41642,977,1021
41643,974,1015
41644,975,1012
41645,976,1013
41646,982,1011
41647,987,1012
41648,987,1009
41649,986,1005
41650,985,1006
41651,987,1003
41652,991,1009
41653,993,1005
41654,992,1003
41655,989,1002
41656,988,1000
41657,989,1004
41658,994,1008
41659,997,1010
41660,995,1011
41661,990,1013
41662,990,1012
41663,988,1015
41664,991,1018
41665,994,1024
41666,991,1023
41667,987,1022
41668,987,1025
41669,983,1029
41670,983,1033
41671,982,1035
41672,982,1037
41673,976,1037
41674,972,1039
41675,971,1044
41676,972,1048
41677,971,1048
41678,968,1049
41679,964,1047
41680,958,1050
41681,957,1051
41682,957,1056
41683,957,1054
41684,958,1057
41685,955,1051
41686,955,1053
41687,954,1056
41688,956,1061
41689,958,1058
41690,957,1058
41691,953,1053
41692,951,1054
41693,954,1057
41694,953,1062
41695,955,1060
41696,953,1057
41697,955,1053
41698,950,1055
41699,951,1057
41700,952,1062
41701,960,1064
41702,958,1061
41703,957,1057
41704,954,1056
41705,956,1059
41706,957,1060
41707,960,1062
41708,958,1060
41709,957,1058
41710,956,1059
41711,959,1061
41712,960,1062
41713,964,1063
41714,965,1061
41715,962,1059
41716,960,1060
41717,962,1058
41718,964,1060
41719,966,1060
41720,963,1057
41721,963,1054
41722,961,1053
41723,961,1055
41724,963,1057
41725,966,1056
41726,963,1057
41727,961,1051
41728,959,1048
41729,960,1049
41730,964,1053
41731,965,1051
41732,965,1049
41733,962,1043
41734,961,1045
41735,961,1045
41736,964,1048
41737,965,1049
41738,965,1045
41739,963,1042
41740,960,1044
41741,961,1045
41742,962,1049
41743,967,1051
41744,966,1050
41745,963,1047
41746,962,1047
41747,961,1051
41748,966,1052
41749,968,1052
41750,968,1052
41751,966,1050
41752,964,1049
41753,963,1053
41754,965,1055
41755,970,1058
41756,972,1057
41757,970,1055
41758,967,1055
41759,966,1057
41760,970,1061
41761,974,1061
41762,975,1058
41763,971,1054
41764,970,1052
41765,973,1056
41766,978,1059
41767,980,1061
41768,984,1058
41769,984,1050
41770,990,1046
41771,1003,1045
41772,1019,1048
41773,1039,1048
41774,1061,1044
41775,1090,1036
41776,1124,1027
41777,1163,1018
41778,1201,1011
41779,1234,1014
41780,1258,1022
41781,1260,1032
41782,1242,1040
41783,1200,1044
41784,1150,1047
41785,1098,1053
41786,1038,1063
41787,989,1064
41788,958,1065
41789,949,1064
41790,955,1060
41791,967,1051
41792,968,1044
41793,966,1037
41794,961,1038
41795,960,1042
41796,960,1042
41797,961,1045
41798,957,1044
41799,956,1045
41800,952,1045
41801,951,1049
41802,954,1054
41803,954,1052
41804,952,1052
41805,950,1052
41806,948,1051
41807,946,1052
41808,949,1058
41809,951,1055
41810,952,1054
41811,950,1053
41812,947,1052
41813,949,1054
41814,952,1058
41815,953,1057
41816,954,1055
41817,950,1052
41818,947,1052
41819,948,1053
41820,952,1058
41821,951,1057
41822,950,1055
41823,947,1053
41824,944,1050
41825,944,1054
41826,947,1055
41827,946,1053
41828,948,1051
41829,946,1047
41830,943,1047
41831,943,1047
41832,946,1050
41833,951,1050
41834,950,1047
41835,950,1044
41836,945,1045
41837,949,1044
41838,951,1046
41839,955,1047
41840,955,1044
41841,953,1042
41842,951,1044
41843,952,1046
41844,953,1046
41845,960,1045
41846,961,1045
41847,960,1042
41848,958,1041
41849,959,1042
41850,964,1043
41851,967,1042
41852,969,1043
41853,967,1037
41854,966,1037
41855,969,1038
41856,970,1037
41857,975,1037
41858,976,1033
41859,977,1029
41860,978,1029
41861,977,1029
41862,981,1031
41863,985,1028
41864,984,1026
41865,982,1023
41866,982,1021
41867,982,1018
41868,987,1018
41869,987,1018
41870,989,1016
41871,988,1012
41872,986,1010
41873,990,1012
41874,991,1013
41875,994,1012
41876,995,1011
41877,993,1011
41878,988,1014
41879,990,1013
41880,991,1016
41881,994,1017
41882,995,1018
41883,989,1015
41884,986,1019
41885,984,1025
41886,984,1028
41887,984,1028
41888,986,1030
41889,980,1027
41890,976,1029
41891,975,1034
41892,975,1038
41893,974,1040
41894,975,1042
41895,971,1040
41896,967,1042
41897,966,1046
41898,965,1048
41899,972,1051
41900,967,1052
41901,965,1049
41902,962,1050
41903,963,1054
41904,963,1058
41905,965,1060
41906,966,1061
41907,962,1059
41908,962,1059
41909,962,1062
41910,966,1066
41911,967,1066
41912,966,1063
41913,964,1058
41914,963,1059
41915,962,1059
41916,964,1063
41917,964,1061
41918,968,1062
41919,965,1058
41920,965,1059
41921,965,1060
41922,970,1063
41923,973,1061
41924,977,1059
41925,978,1055
41926,977,1056
41927,981,1056
41928,990,1062
41929,997,1061
41930,999,1059
41931,997,1056
41932,998,1058
41933,1005,1063
41934,1016,1065
41935,1027,1061
41936,1041,1047
41937,1049,1031
41938,1059,1017
41939,1070,1003
41940,1085,991
41941,1104,979
41942,1117,961
41943,1126,948
41944,1134,930
41945,1151,911
41946,1168,895
41947,1185,878
41948,1193,860
41949,1201,849
41950,1206,840
41951,1207,839
41952,1208,839
41953,1207,838
41954,1202,836
41955,1192,835
41956,1180,835
41957,1168,838
41958,1156,839
41959,1143,844
41960,1125,847
41961,1104,853
41962,1086,865
41963,1065,875
41964,1054,891
41965,1045,906
41966,1035,916
41967,1028,928
41968,1023,940
41969,1023,949
41970,1023,960
41971,1023,967
41972,1027,975
41973,1034,981
41974,1041,989
41975,1050,999
41976,1060,1002
41977,1061,1008
41978,1051,1012
41979,1028,1015
41980,997,1022
41981,969,1035
41982,950,1047
41983,938,1058
41984,930,1068
41985,922,1075
41986,916,1082
41987,910,1088
41988,910,1093
41989,910,1092
41990,903,1096
41991,900,1095
41992,893,1096
41993,893,1101
41994,891,1107
41995,894,1109
41996,889,1108
41997,883,1105
41998,883,1108
41999,881,1111
42000,882,1115
42001,881,1118
42002,881,1115
42003,877,1116
42004,873,1118
42005,876,1123
42006,877,1128
42007,878,1129
42008,878,1129
42009,874,1130
42010,869,1129
42011,868,1134
42012,870,1137
42013,873,1140
42014,869,1141
42015,866,1137
42016,865,1139
42017,864,1147
42018,865,1148
42019,868,1148
42020,864,1149
42021,862,1148
42022,858,1150
42023,860,1154
42024,862,1157
42025,864,1161
42026,862,1161
42027,858,1157
42028,854,1158
42029,854,1162
42030,855,1167
42031,860,1170
42032,861,1169
42033,859,1167
42034,856,1170
42035,857,1174
42036,860,1178
42037,863,1181
42038,862,1179
42039,860,1182
42040,860,1177
42041,862,1181
42042,865,1184
42043,868,1183
42044,873,1182
42045,874,1181
42046,875,1181
42047,879,1182
42048,884,1183
42049,890,1179
42050,892,1176
42051,890,1175
42052,892,1173
42053,897,1170
42054,902,1170
42055,910,1167
42056,913,1160
42057,914,1156
42058,917,1153
42059,922,1149
42060,930,1148
42061,934,1141
42062,936,1136
42063,938,1126
42064,936,1121
42065,940,1119
42066,942,1116
42067,948,1114
42068,948,1106
42069,945,1101
42070,943,1096
42071,945,1093
42072,947,1094
42073,950,1090
42074,947,1086
42075,947,1079
42076,939,1077
42077,943,1074
42078,944,1076
42079,946,1072
42080,945,1068
42081,944,1064
42082,940,1064
42083,943,1064
42084,944,1066
42085,947,1061
42086,945,1059
42087,942,1056
42088,942,1056
42089,942,1058
42090,943,1058
42091,944,1058
42092,944,1055
42093,941,1052
42094,940,1052
42095,941,1057
42096,940,1060
42097,947,1059
42098,945,1055
42099,940,1051
42100,939,1051
42101,944,1053
42102,946,1055
42103,949,1053
42104,948,1051
42105,948,1049
42106,946,1047
42107,947,1049
42108,952,1052
42109,956,1054
42110,956,1052
42111,953,1047
42112,951,1048
42113,952,1050
42114,955,1050
42115,957,1047
42116,958,1046
42117,958,1044
42118,958,1041
42119,958,1045
42120,961,1048
42121,962,1046
42122,965,1046
42123,961,1046
42124,958,1044
42125,961,1046
42126,960,1047
42127,962,1044
42128,960,1044
42129,956,1043
42130,953,1042
42131,955,1041
42132,957,1043
42133,962,1044
42134,963,1040
42135,959,1039
42136,957,1040
42137,955,1043
42138,955,1044
42139,959,1043
42140,959,1039
42141,955,1038
42142,950,1036
42143,952,1039
42144,951,1044
42145,956,1043
42146,954,1041
42147,950,1039
42148,951,1039
42149,950,1041
42150,954,1043
42151,956,1042
42152,954,1039
42153,952,1036
42154,951,1037
42155,953,1042
42156,956,1044
42157,960,1045
42158,958,1043
42159,956,1040
42160,957,1038
42161,954,1042
42162,956,1044
42163,958,1045
42164,959,1043
42165,958,1042
42166,957,1043
42167,957,1045
42168,961,1047
42169,965,1047
42170,964,1042
42171,960,1043
42172,958,1039
42173,958,1043
42174,962,1043
42175,965,1043
42176,963,1043
42177,962,1043
42178,960,1043
42179,958,1044
42180,963,1046
42181,965,1046
42182,964,1042
42183,960,1041
42184,958,1042
42185,957,1043
42186,961,1045
42187,961,1045
42188,962,1042
42189,960,1035
42190,957,1037
42191,955,1042
42192,957,1043
42193,962,1045
42194,960,1040
42195,958,1038
42196,953,1039
42197,955,1040
42198,958,1043
42199,960,1042
42200,959,1040
42201,956,1038
42202,956,1036
42203,955,1040
42204,958,1043
42205,961,1041
42206,961,1040
42207,959,1037
42208,956,1034
42209,952,1037
42210,959,1042
42211,961,1042
42212,958,1041
42213,956,1038
42214,955,1037
42215,952,1041
42216,955,1045
42217,959,1046
42218,960,1043
42219,955,1038
42220,954,1039
42221,956,1044
42222,957,1045
42223,962,1044
42224,961,1042
42225,956,1041
42226,956,1041
42227,958,1043
42228,960,1043
42229,963,1042
42230,962,1042
42231,957,1039
42232,957,1039
42233,958,1042
42234,959,1044
42235,963,1042
42236,964,1041
42237,960,1038
42238,956,1040
42239,959,1042
42240,962,1043
42241,963,1043
42242,961,1042
42243,959,1037
42244,957,1037
42245,961,1037
42246,962,1037
42247,964,1036
42248,961,1037
42249,959,1034
42250,957,1035
42251,959,1037
42252,961,1041
42253,965,1040
42254,965,1038
42255,958,1035
42256,958,1036
42257,960,1035
42258,960,1037
42259,963,1038
42260,963,1036
42261,962,1034
42262,958,1035
42263,959,1041
42264,962,1041
42265,964,1042
42266,964,1040
42267,964,1038
42268,958,1037
42269,959,1040
42270,966,1043
42271,968,1042
42272,965,1042
42273,960,1039
42274,961,1039
42275,959,1042
42276,960,1043
42277,963,1045
42278,961,1044
42279,961,1041
42280,959,1038
42281,962,1043
42282,964,1044
42283,967,1043
42284,966,1042
42285,963,1040
42286,962,1042
42287,963,1042
42288,964,1043
42289,969,1044
42290,968,1041
42291,965,1037
42292,964,1036
42293,965,1038
42294,968,1040
42295,969,1038
42296,970,1040
42297,966,1037
42298,963,1035
42299,962,1040
42300,967,1040
42301,969,1041
42302,969,1038
42303,966,1034
42304,964,1034
42305,967,1037
42306,970,1039
42307,974,1039
42308,972,1035
42309,968,1035
42310,971,1035
42311,973,1035
42312,975,1040
42313,980,1038
42314,980,1037
42315,977,1034
42316,976,1035
42317,980,1035
42318,982,1037
42319,988,1035
42320,990,1031
42321,997,1026
42322,1002,1022
42323,1017,1023
42324,1033,1024
42325,1053,1023
42326,1071,1018
42327,1090,1011
42328,1116,1005
42329,1145,997
42330,1172,994
42331,1198,990
42332,1217,990
42333,1233,994
42334,1234,1009
42335,1227,1024
42336,1209,1035
42337,1178,1039
42338,1136,1039
42339,1091,1043
42340,1050,1050
42341,1014,1056
42342,988,1061
42343,975,1061
42344,969,1062
42345,963,1054
42346,965,1049
42347,970,1044
42348,975,1039
42349,977,1036
42350,974,1033
42351,969,1031
42352,966,1030
42353,963,1032
42354,964,1035
42355,965,1036
42356,963,1037
42357,958,1033
42358,955,1035
42359,957,1035
42360,955,1037
42361,957,1041
42362,956,1035
42363,951,1033
42364,946,1033
42365,950,1036
42366,951,1037
42367,953,1040
42368,952,1039
42369,949,1036
42370,949,1039
42371,948,1040
42372,951,1042
42373,953,1041
42374,951,1042
42375,950,1038
42376,947,1039
42377,948,1042
42378,951,1043
42379,953,1045
42380,951,1040
42381,948,1038
42382,946,1037
42383,949,1042
42384,949,1043
42385,950,1044
42386,951,1041
42387,950,1039
42388,947,1039
42389,950,1041
42390,952,1041
42391,954,1039
42392,952,1035
42393,950,1032
42394,947,1035
42395,949,1039
42396,951,1038
42397,955,1038
42398,955,1035
42399,951,1033
42400,951,1031
42401,949,1035
42402,953,1035
42403,957,1034
42404,956,1034
42405,955,1029
42406,954,1029
42407,955,1031
42408,958,1033
42409,960,1032
42410,962,1029
42411,961,1024
42412,959,1024
42413,963,1025
42414,965,1027
42415,968,1024
42416,965,1020
42417,966,1019
42418,966,1017
42419,965,1019
42420,969,1021
42421,974,1021
42422,973,1018
42423,970,1015
42424,973,1014
42425,974,1016
42426,978,1016
42427,982,1017
42428,978,1014
42429,978,1008
42430,979,1010
42431,979,1012
42432,983,1012
42433,987,1011
42434,985,1008
42435,986,1004
42436,983,1007
42437,986,1005
42438,988,1007
42439,992,1007
42440,990,1005
42441,988,1004
42442,988,1005
42443,992,1005
42444,993,1006
42445,998,1008
42446,996,1006
42447,996,1005
42448,994,1006
42449,996,1011
42450,997,1013
42451,997,1014
42452,996,1012
42453,994,1010
42454,991,1014
42455,987,1016
42456,988,1021
42457,990,1024
42458,990,1025
42459,983,1026
42460,979,1026
42461,977,1031
42462,980,1036
42463,980,1036
42464,979,1034
42465,977,1035
42466,972,1036
42467,972,1038
42468,972,1042
42469,972,1045
42470,972,1041
42471,967,1040
42472,965,1042
42473,964,1041
42474,965,1044
42475,970,1043
42476,967,1041
42477,963,1039
42478,960,1039
42479,960,1041
42480,960,1044
42481,963,1041
42482,962,1041
42483,961,1037
42484,962,1035
42485,960,1038
42486,961,1041
42487,961,1042
42488,962,1040
42489,958,1036
42490,957,1037
42491,958,1039
42492,961,1041
42493,963,1039
42494,963,1037
42495,962,1032
42496,961,1034
42497,960,1034
42498,962,1038
42499,966,1039
42500,963,1037
42501,959,1035
42502,957,1035
42503,961,1036
42504,962,1038
42505,963,1042
42506,963,1036
42507,963,1032
42508,961,1033
42509,964,1034
42510,965,1038
42511,966,1035
42512,966,1036
42513,963,1035
42514,962,1033
42515,966,1033
42516,969,1036
42517,971,1035
42518,968,1033
42519,967,1033
42520,963,1031
42521,965,1035
42522,964,1035
42523,969,1037
42524,967,1029
42525,961,1027
42526,960,1028
42527,961,1030
42528,963,1032
42529,966,1034
42530,962,1030
42531,962,1031
42532,959,1026
42533,960,1033
42534,963,1035
42535,964,1033
42536,962,1033
42537,960,1028
42538,955,1029
42539,954,1032
42540,954,1033
42541,956,1036
42542,957,1031
42543,956,1027
42544,951,1031
42545,954,1033
42546,951,1035
42547,956,1035
42548,954,1032
42549,951,1030
42550,949,1031
42551,950,1034
42552,951,1037
42553,955,1038
42554,951,1036
42555,949,1032
42556,950,1034
42557,952,1034
42558,951,1039
42559,954,1038
42560,955,1038
42561,950,1035
42562,948,1035
42563,951,1039
42564,956,1041
42565,954,1038
42566,955,1038
42567,953,1034
42568,950,1035
42569,950,1034
42570,951,1037
42571,952,1036
42572,952,1036
42573,949,1032
42574,946,1036
42575,948,1037
42576,951,1038
42577,953,1036
42578,952,1036
42579,949,1034
42580,947,1034
42581,946,1036
42582,948,1039
42583,952,1038
42584,952,1035
42585,949,1032
42586,948,1031
42587,950,1033
42588,952,1035
42589,953,1037
42590,951,1035
42591,949,1032
42592,944,1032
42593,946,1035
42594,946,1036
42595,948,1038
42596,946,1036
42597,946,1034
42598,946,1036
42599,946,1036
42600,948,1039
42601,949,1041
42602,948,1040
42603,945,1039
42604,942,1040
42605,947,1042
42606,947,1043
42607,951,1042
42608,951,1040
42609,948,1035
42610,948,1037
42611,947,1037
42612,948,1041
42613,952,1043
42614,952,1039
42615,951,1036
42616,950,1038
42617,949,1040
42618,953,1042
42619,955,1042
42620,953,1039
42621,951,1035
42622,949,1037
42623,950,1039
42624,953,1039
42625,959,1040
42626,957,1034
42627,957,1031
42628,954,1030
42629,955,1033
42630,960,1036
42631,962,1036
42632,965,1033
42633,961,1032
42634,958,1033
42635,959,1033
42636,961,1040
42637,966,1038
42638,964,1036
42639,964,1033
42640,962,1031
42641,970,1033
42642,976,1031
42643,984,1029
42644,991,1023
42645,1003,1020
42646,1015,1020
42647,1037,1022
42648,1065,1017
42649,1098,1008
42650,1125,996
42651,1155,989
42652,1180,995
42653,1201,1008
42654,1214,1029
42655,1209,1041
42656,1184,1048
42657,1144,1043
42658,1098,1045
42659,1052,1054
42660,1014,1067
42661,978,1074
42662,951,1078
42663,940,1079
42664,942,1077
42665,948,1068
42666,956,1058
42667,959,1049
42668,958,1043
42669,955,1036
42670,951,1033
42671,950,1035
42672,952,1037
42673,955,1033
42674,954,1031
42675,949,1028
42676,944,1030
42677,946,1029
42678,946,1032
42679,947,1034
42680,946,1032
42681,943,1030
42682,942,1031
42683,944,1032
42684,945,1034
42685,945,1035
42686,943,1033
42687,939,1029
42688,937,1031
42689,938,1032
42690,939,1031
42691,942,1032
42692,941,1030
42693,936,1031
42694,935,1031
42695,938,1034
42696,940,1036
42697,943,1037
42698,942,1032
42699,939,1031
42700,938,1032
42701,939,1036
42702,941,1038
42703,942,1034
42704,940,1031
42705,938,1029
42706,938,1030
42707,939,1031
42708,944,1030
42709,948,1032
42710,946,1027
42711,943,1026
42712,944,1025
42713,943,1027
42714,947,1029
42715,949,1028
42716,950,1025
42717,947,1023
42718,945,1024
42719,948,1024
42720,948,1027
42721,952,1023
42722,953,1022
42723,954,1020
42724,951,1019
42725,954,1023
42726,958,1022
42727,957,1023
42728,961,1019
42729,958,1016
42730,958,1016
42731,959,1017
42732,960,1018
42733,963,1014
42734,965,1014
42735,961,1011
42736,962,1012
42737,963,1012
42738,968,1015
42739,971,1012
42740,970,1007
42741,969,1004
42742,968,1004
42743,967,1003
42744,970,1006
42745,975,1007
42746,975,1007
42747,972,1001
42748,973,1000
42749,973,1002
42750,975,1002
42751,977,1000
42752,977,999
42753,976,995
42754,976,998
42755,979,1000
42756,984,1002
42757,987,1001
42758,983,999
42759,981,995
42760,978,997
42761,979,1000
42762,981,1006
42763,985,1005
42764,984,1001
42765,981,1002
42766,978,1003
42767,979,1007
42768,979,1012
42769,982,1012
42770,980,1014
42771,975,1013
42772,971,1017
42773,971,1020
42774,972,1025
42775,975,1026
42776,971,1027
42777,965,1026
42778,962,1029
42779,962,1032
42780,963,1036
42781,966,1037
42782,964,1034
42783,963,1037
42784,958,1037
42785,960,1037
42786,965,1040
42787,964,1040
42788,963,1036
42789,961,1038
42790,959,1039
42791,960,1042
42792,962,1044
42793,967,1046
42794,964,1042
42795,962,1040
42796,961,1044
42797,965,1042
42798,970,1046
42799,972,1046
42800,970,1043
42801,974,1042
42802,976,1044
42803,981,1044
42804,989,1050
42805,996,1048
42806,1000,1047
42807,1002,1051
42808,1005,1052
42809,1010,1053
42810,1024,1052
42811,1037,1048
42812,1047,1034
42813,1057,1015
42814,1067,1001
42815,1082,988
42816,1095,976
42817,1114,961
42818,1127,944
42819,1140,924
42820,1151,905
42821,1169,887
42822,1186,869
42823,1201,852
42824,1209,836
42825,1212,826
42826,1216,822
42827,1216,824
42828,1219,823
42829,1218,822
42830,1207,815
42831,1196,815
42832,1181,813
42833,1165,820
42834,1145,827
42835,1128,830
42836,1106,840
42837,1083,844
42838,1064,854
42839,1051,869
42840,1042,886
42841,1039,896
42842,1031,909
42843,1023,919
42844,1015,931
42845,1013,944
42846,1014,956
42847,1023,963
42848,1030,971
42849,1040,975
42850,1043,982
42851,1044,987
42852,1037,996
42853,1022,1004
42854,996,1014
42855,967,1021
42856,947,1030
42857,933,1045
42858,931,1059
42859,927,1068
42860,925,1069
42861,920,1069
42862,911,1074
42863,908,1079
42864,908,1083
42865,905,1087
42866,901,1087
42867,897,1088
42868,895,1089
42869,893,1096
42870,891,1096
42871,890,1098
42872,890,1098
42873,884,1097
42874,881,1098
42875,881,1103
42876,882,1105
42877,883,1106
42878,882,1104
42879,881,1100
42880,875,1101
42881,872,1102
42882,874,1106
42883,876,1107
42884,872,1106
42885,868,1107
42886,867,1111
42887,870,1113
42888,871,1119
42889,871,1119
42890,871,1120
42891,862,1118
42892,862,1124
42893,867,1128
42894,866,1133
42895,869,1138
42896,867,1139
42897,864,1138
42898,862,1138
42899,864,1140
42900,867,1149
42901,870,1147
42902,869,1149
42903,866,1147
42904,868,1149
42905,869,1155
42906,872,1159
42907,877,1159
42908,876,1161
42909,874,1160
42910,876,1161
42911,878,1165
42912,882,1168
42913,887,1167
42914,887,1167
42915,886,1163
42916,887,1160
42917,893,1165
42918,897,1163
42919,903,1159
42920,904,1155
42921,903,1150
42922,905,1148
42923,909,1146
42924,914,1146
42925,917,1140
42926,919,1135
42927,921,1127
42928,923,1125
42929,928,1122
42930,930,1119
42931,935,1113
42932,938,1104
42933,935,1097
42934,935,1092
42935,939,1092
42936,942,1088
42937,946,1085
42938,947,1074
42939,944,1067
42940,941,1061
42941,945,1062
42942,949,1062
42943,950,1056
42944,951,1052
42945,946,1047
42946,948,1045
42947,948,1046
42948,949,1047
42949,950,1044
42950,950,1040
42951,946,1039
42952,946,1039
42953,948,1042
42954,950,1044
42955,954,1042
42956,953,1042
42957,950,1041
42958,949,1039
42959,951,1039
42960,952,1044
42961,955,1043
42962,954,1042
42963,952,1041
42964,952,1041
42965,952,1043
42966,953,1044
42967,954,1043
42968,956,1040
42969,953,1037
42970,953,1035
42971,955,1038
42972,955,1040
42973,957,1039
42974,958,1039
42975,955,1034
42976,958,1036
42977,958,1038
42978,960,1038
42979,965,1038
42980,962,1035
42981,959,1031
42982,956,1032
42983,957,1035
42984,958,1037
42985,960,1038
42986,958,1033
42987,955,1033
42988,953,1031
42989,954,1033
42990,954,1037
42991,959,1037
42992,958,1035
42993,958,1033
42994,958,1033
42995,959,1033
42996,962,1037
42997,964,1037
42998,963,1036
42999,961,1034
43000,959,1034
43001,960,1036
43002,964,1039
43003,963,1038
43004,961,1038
43005,960,1033
43006,957,1033
43007,962,1035
43008,962,1037
43009,963,1037
43010,961,1034
43011,958,1032
43012,957,1032
43013,959,1033
43014,959,1034
43015,961,1032
43016,960,1032
43017,958,1028
43018,957,1029
43019,959,1030
43020,960,1031
43021,961,1031
43022,957,1029
43023,956,1029
43024,955,1029
43025,955,1031
43026,959,1032
43027,963,1029
43028,959,1028
43029,955,1028
43030,953,1028
43031,957,1030
43032,958,1032
43033,959,1034
43034,958,1029
43035,957,1025
43036,954,1026
43037,956,1030
43038,959,1032
43039,961,1031
43040,958,1031
43041,955,1029
43042,954,1029
43043,958,1030
43044,960,1031
43045,961,1030
43046,960,1030
43047,959,1029
43048,956,1029
43049,958,1034
43050,962,1036
43051,964,1035
43052,961,1033
43053,959,1031
43054,957,1032
43055,960,1034
43056,963,1039
43057,966,1038
43058,962,1036
43059,960,1033
43060,961,1033
43061,963,1037
43062,965,1037
43063,964,1036
43064,964,1034
43065,960,1032
43066,958,1035
43067,962,1031
43068,964,1037
43069,966,1036
43070,964,1035
43071,961,1033
43072,960,1036
43073,959,1039
43074,963,1040
43075,965,1040
43076,966,1033
43077,960,1033
43078,961,1032
43079,962,1033
43080,964,1037
43081,966,1035
43082,962,1032
43083,960,1031
43084,960,1031
43085,960,1033
43086,961,1036
43087,964,1035
43088,963,1032
43089,961,1027
43090,959,1027
43091,962,1029
43092,964,1030
43093,968,1031
43094,967,1026
43095,962,1024
43096,962,1027
43097,961,1028
43098,963,1028
43099,965,1028
43100,965,1025
43101,962,1023
43102,961,1023
43103,963,1025
43104,970,1029
43105,973,1030
43106,970,1028
43107,967,1025
43108,969,1029
43109,969,1031
43110,974,1034
43111,979,1033
43112,979,1030
43113,978,1027
43114,977,1027
43115,983,1028
43116,990,1028
43117,1002,1024
43118,1008,1020
43119,1020,1017
43120,1034,1014
43121,1055,1018
43122,1083,1014
43123,1115,1005
43124,1145,993
43125,1171,984
43126,1195,988
43127,1218,995
43128,1231,1014
43129,1225,1028
43130,1201,1033
43131,1161,1032
43132,1117,1036
43133,1072,1049
43134,1032,1060
43135,996,1063
43136,968,1063
43137,956,1058
43138,958,1051
43139,967,1044
43140,974,1041
43141,976,1033
43142,973,1030
43143,969,1028
43144,966,1028
43145,966,1027
43146,966,1030
43147,965,1027
43148,961,1029
43149,956,1024
43150,955,1024
43151,956,1027
43152,959,1031
43153,961,1030
43154,957,1027
43155,956,1025
43156,952,1027
43157,950,1028
43158,953,1032
43159,955,1034
43160,955,1032
43161,954,1031
43162,951,1032
43163,954,1034
43164,956,1035
43165,957,1036
43166,954,1035
43167,953,1031
43168,953,1033
43169,952,1036
43170,955,1040
43171,956,1036
43172,955,1035
43173,953,1034
43174,954,1038
43175,954,1039
43176,957,1042
43177,956,1039
43178,958,1037
43179,955,1035
43180,953,1033
43181,954,1033
43182,959,1036
43183,959,1032
43184,957,1028
43185,954,1023
43186,953,1023
43187,956,1025
43188,956,1027
43189,959,1025
43190,959,1022
43191,956,1019
43192,957,1018
43193,956,1019
43194,959,1020
43195,963,1022
43196,965,1016
43197,963,1013
43198,962,1013
43199,964,1015
43200,970,1016
43201,972,1013
43202,971,1012
43203,968,1010
43204,968,1010
43205,971,1009
43206,975,1013
43207,976,1012
43208,977,1004
43209,974,1002
43210,972,1005
43211,976,1004
43212,979,1006
43213,982,1005
43214,982,1001
43215,981,996
43216,981,999
43217,983,1000
43218,986,1003
43219,988,1002
43220,988,1000
43221,984,999
43222,985,1000
43223,989,1003
43224,992,1006
43225,996,1005
43226,996,1001
43227,992,997
43228,990,1002
43229,992,1005
43230,994,1008
43231,998,1004
43232,999,1005
43233,999,1004
43234,998,1007
43235,998,1011
43236,999,1014
43237,996,1017
43238,992,1015
43239,988,1017
43240,985,1019
43241,984,1022
43242,987,1026
43243,987,1028
43244,983,1027
43245,980,1029
43246,975,1034
43247,975,1034
43248,978,1038
43249,977,1035
43250,978,1033
43251,976,1031
43252,972,1033
43253,973,1035
43254,975,1040
43255,976,1037
43256,972,1037
43257,970,1035
43258,969,1036
43259,969,1040
43260,973,1040
43261,973,1037
43262,969,1039
43263,966,1036
43264,969,1038
43265,970,1041
43266,973,1045
43267,974,1046
43268,972,1042
43269,969,1038
43270,966,1036
43271,968,1035
43272,971,1039
43273,973,1035
43274,972,1032
43275,970,1028
43276,965,1026
43277,966,1028
43278,969,1030
43279,975,1030
43280,973,1028
43281,972,1025
43282,967,1025
43283,968,1027
43284,972,1033
43285,974,1030
43286,971,1028
43287,967,1023
43288,965,1024
43289,969,1024
43290,971,1026
43291,972,1026
43292,973,1026
43293,970,1025
43294,970,1025
43295,969,1025
43296,972,1026
43297,974,1027
43298,972,1027
43299,971,1024
43300,969,1024
43301,972,1027
43302,976,1032
43303,976,1028
43304,975,1025
43305,973,1024
43306,969,1026
43307,973,1029
43308,976,1033
43309,974,1030
43310,974,1028
43311,970,1029
43312,971,1030
43313,969,1033
43314,973,1037
43315,976,1037
43316,970,1038
43317,969,1035
43318,967,1037
43319,970,1042
43320,972,1042
43321,971,1043
43322,970,1038
43323,968,1033
43324,965,1033
43325,970,1034
43326,968,1034
43327,971,1031
43328,971,1027
43329,967,1026
43330,966,1026
43331,966,1030
43332,969,1032
43333,967,1027
43334,967,1028
43335,964,1023
43336,960,1024
43337,965,1026
43338,966,1030
43339,967,1029
43340,968,1026
43341,965,1024
43342,964,1029
43343,967,1030
43344,969,1033
43345,972,1033
43346,971,1030
43347,969,1029
43348,975,1030
43349,976,1029
43350,981,1029
43351,986,1026
43352,991,1022
43353,997,1016
43354,1003,1017
43355,1020,1018
43356,1038,1019
43357,1059,1015
43358,1082,1009
43359,1111,996
43360,1138,992
43361,1170,992
43362,1195,1001
43363,1212,1015
43364,1212,1031
43365,1191,1039
43366,1158,1043
43367,1116,1048
43368,1074,1056
43369,1032,1067
43370,984,1079
43371,951,1084
43372,939,1085
43373,946,1077
43374,954,1065
43375,958,1049
43376,957,1038
43377,957,1032
43378,956,1027
43379,956,1026
43380,958,1028
43381,959,1024
43382,955,1025
43383,952,1022
43384,948,1022
43385,947,1024
43386,949,1024
43387,950,1025
43388,949,1023
43389,947,1019
43390,944,1021
43391,946,1026
43392,950,1025
43393,951,1027
43394,949,1024
43395,947,1024
43396,949,1023
43397,949,1024
43398,954,1027
43399,953,1027
43400,952,1027
43401,948,1025
43402,950,1027
43403,947,1030
43404,950,1031
43405,953,1031
43406,953,1029
43407,949,1027
43408,949,1027
43409,951,1031
43410,952,1030
43411,954,1030
43412,952,1028
43413,947,1022
43414,947,1024
43415,949,1025
43416,952,1028
43417,954,1028
43418,953,1024
43419,952,1021
43420,951,1020
43421,953,1025
43422,955,1025
43423,956,1023
43424,957,1018
43425,954,1016
43426,954,1015
43427,957,1018
43428,959,1018
43429,961,1015
43430,961,1013
43431,958,1012
43432,958,1009
43433,959,1012
43434,965,1013
43435,966,1009
43436,963,1004
43437,964,998
43438,963,1001
43439,966,1000
43440,971,1004
43441,972,1002
43442,974,1000
43443,972,998
43444,974,996
43445,975,998
43446,981,1001
43447,983,1000
43448,980,998
43449,979,995
43450,977,995
43451,982,998
43452,986,997
43453,988,992
43454,988,991
43455,985,989
43456,981,989
43457,984,991
43458,986,994
43459,988,992
43460,988,992
43461,983,989
43462,981,992
43463,983,996
43464,988,1000
43465,989,999
43466,985,1000
43467,983,1001
43468,978,1006
43469,978,1011
43470,980,1014
43471,980,1018
43472,977,1016
43473,972,1017
43474,970,1019
43475,970,1022
43476,972,1025
43477,972,1027
43478,971,1025
43479,967,1027
43480,965,1028
43481,964,1032
43482,966,1035
43483,965,1037
43484,963,1039
43485,960,1040
43486,960,1039
43487,960,1041
43488,963,1046
43489,963,1045
43490,960,1038
43491,957,1037
43492,956,1037
43493,960,1041
43494,964,1042
43495,966,1043
43496,965,1044
43497,963,1043
43498,962,1043
43499,966,1046
43500,971,1050
43501,972,1046
43502,972,1045
43503,969,1042
43504,967,1043
43505,970,1043
43506,974,1042
43507,974,1042
43508,972,1039
43509,969,1036
43510,968,1038
43511,971,1038
43512,972,1040
43513,976,1037
43514,972,1036
43515,968,1035
43516,970,1034
43517,971,1035
43518,974,1036
43519,974,1034
43520,972,1033
43521,970,1029
43522,970,1032
43523,972,1033
43524,973,1035
43525,974,1031
43526,971,1028
43527,969,1028
43528,967,1029
43529,970,1028
43530,972,1033
43531,973,1034
43532,971,1030
43533,967,1027
43534,969,1028
43535,970,1030
43536,972,1031
43537,974,1033
43538,974,1026
43539,973,1026
43540,973,1028
43541,974,1031
43542,976,1034
43543,976,1034
43544,973,1033
43545,973,1031
43546,972,1033
43547,972,1035
43548,977,1039
43549,979,1037
43550,976,1037
43551,973,1033
43552,974,1034
43553,972,1040
43554,973,1037
43555,976,1037
43556,973,1037
43557,973,1035
43558,973,1038
43559,976,1040
43560,979,1043
43561,978,1042
43562,978,1039
43563,974,1037
43564,972,1037
43565,973,1038
43566,976,1043
43567,978,1041
43568,981,1039
43569,977,1038
43570,980,1039
43571,980,1042
43572,988,1042
43573,989,1042
43574,988,1038
43575,988,1036
43576,988,1035
43577,994,1036
43578,1001,1037
43579,1009,1033
43580,1021,1030
43581,1030,1028
43582,1046,1026
43583,1068,1026
43584,1094,1023
43585,1124,1010
43586,1152,1000
43587,1181,997
43588,1206,1002
43589,1226,1016
43590,1232,1035
43591,1215,1042
43592,1179,1037
43593,1128,1039
43594,1076,1051
43595,1028,1066
43596,992,1076
43597,973,1077
43598,969,1069
43599,974,1054
43600,977,1043
43601,980,1041
43602,981,1038
43603,982,1034
43604,976,1033
43605,972,1030
43606,969,1031
43607,970,1034
43608,971,1038
43609,973,1035
43610,971,1033
43611,966,1033
43612,962,1034
43613,961,1038
43614,964,1042
43615,964,1042
43616,964,1040
43617,963,1037
43618,962,1036
43619,961,1040
43620,963,1044
43621,965,1042
43622,964,1040
43623,961,1039
43624,963,1038
43625,964,1039
43626,965,1042
43627,964,1040
43628,963,1039
43629,958,1036
43630,957,1036
43631,959,1039
43632,961,1041
43633,962,1039
43634,960,1036
43635,958,1033
43636,955,1033
43637,958,1035
43638,961,1037
43639,962,1038
43640,958,1036
43641,957,1034
43642,956,1035
43643,958,1039
43644,962,1043
43645,964,1043
43646,964,1039
43647,963,1035
43648,964,1033
43649,966,1034
43650,970,1033
43651,973,1030
43652,971,1023
43653,972,1019
43654,974,1019
43655,976,1023
43656,981,1026
43657,982,1022
43658,983,1019
43659,984,1015
43660,982,1015
43661,987,1018
43662,988,1021
43663,992,1018
43664,989,1015
43665,986,1009
43666,986,1010
43667,992,1011
43668,996,1013
43669,999,1010
43670,996,1005
43671,993,1001
43672,993,1002
43673,997,1004
43674,999,1004
43675,998,1004
43676,997,1003
43677,995,999
43678,994,1004
43679,997,1005
43680,999,1007
43681,1001,1011
43682,1000,1013
43683,997,1011
43684,996,1012
43685,995,1018
43686,998,1017
43687,997,1015
43688,995,1013
43689,990,1013
43690,989,1018
43691,989,1022
43692,990,1029
43693,990,1031
43694,989,1032
43695,983,1032
43696,981,1031
43697,984,1031
43698,984,1033
43699,985,1040
43700,984,1039
43701,982,1041
43702,980,1042
43703,982,1042
43704,982,1042
43705,980,1045
43706,977,1044
43707,973,1042
43708,972,1045
43709,974,1047
43710,975,1046
43711,977,1046
43712,975,1042
43713,972,1039
43714,970,1038
43715,970,1042
43716,972,1046
43717,973,1047
43718,972,1041
43719,968,1043
43720,969,1044
43721,971,1046
43722,975,1050
43723,974,1049
43724,975,1047
43725,970,1046
43726,971,1046
43727,975,1046
43728,977,1046
43729,979,1047
43730,978,1046
43731,973,1042
43732,974,1044
43733,977,1046
43734,980,1050
43735,981,1049
43736,980,1045
43737,978,1045
43738,976,1041
43739,978,1045
43740,979,1050
43741,983,1049
43742,981,1049
43743,978,1050
43744,975,1053
43745,979,1054
43746,981,1053
43747,983,1043
43748,982,1035
43749,979,1032
43750,978,1034
43751,979,1036
43752,980,1037
43753,983,1035
43754,980,1033
43755,979,1031
43756,976,1032
43757,975,1033
43758,980,1031
43759,978,1031
43760,978,1031
43761,975,1030
43762,975,1033
43763,975,1036
43764,974,1037
43765,978,1033
43766,979,1032
43767,975,1029
43768,973,1031
43769,975,1033
43770,978,1039
43771,978,1040
43772,977,1040
43773,973,1037
43774,973,1034
43775,976,1032
43776,977,1034
43777,980,1033
43778,978,1033
43779,977,1032
43780,976,1036
43781,975,1039
43782,981,1039
43783,985,1037
43784,984,1032
43785,980,1029
43786,978,1033
43787,983,1034
43788,987,1039
43789,988,1037
43790,989,1034
43791,987,1035
43792,986,1038
43793,991,1037
43794,996,1039
43795,1003,1033
43796,1010,1031
43797,1018,1029
43798,1032,1027
43799,1048,1026
43800,1069,1029
43801,1093,1023
43802,1117,1013
43803,1140,1008
43804,1166,1002
43805,1191,1004
43806,1212,1011
43807,1221,1025
43808,1220,1037
43809,1196,1039
43810,1159,1037
43811,1115,1041
43812,1070,1055
43813,1026,1066
43814,990,1069
43815,971,1066
43816,967,1064
43817,974,1057
43818,979,1049
43819,982,1043
43820,977,1037
43821,977,1031
43822,974,1031
43823,972,1035
43824,971,1037
43825,970,1037
43826,967,1034
43827,962,1034
43828,962,1036
43829,962,1035
43830,961,1037
43831,962,1039
43832,958,1036
43833,956,1031
43834,955,1033
43835,956,1039
43836,955,1040
43837,955,1041
43838,955,1037
43839,954,1034
43840,949,1036
43841,953,1040
43842,955,1042
43843,956,1042
43844,955,1039
43845,952,1037
43846,951,1038
43847,953,1043
43848,958,1047
43849,960,1045
43850,957,1042
43851,955,1038
43852,952,1041
43853,955,1042
43854,957,1043
43855,958,1043
43856,956,1039
43857,953,1037
43858,954,1038
43859,956,1036
43860,959,1039
43861,959,1037
43862,957,1035
43863,956,1034
43864,954,1035
43865,957,1031
43866,958,1034
43867,961,1031
43868,957,1030
43869,956,1026
43870,957,1027
43871,961,1026
43872,965,1029
43873,965,1027
43874,965,1023
43875,965,1020
43876,965,1020
43877,966,1022
43878,971,1022
43879,969,1022
43880,966,1019
43881,965,1015
43882,966,1015
43883,970,1017
43884,973,1018
43885,975,1015
43886,975,1011
43887,975,1007
43888,974,1005
43889,976,1011
43890,977,1012
43891,981,1010
43892,981,1010
43893,980,1003
43894,980,1005
43895,983,1007
43896,986,1009
43897,987,1007
43898,987,1006
43899,983,1003
43900,987,1002
43901,988,1005
43902,989,1009
43903,992,1008
43904,990,1007
43905,988,1006
43906,987,1007
43907,990,1010
43908,989,1011
43909,992,1011
43910,989,1011
43911,987,1011
43912,986,1013
43913,986,1018
43914,986,1022
43915,987,1020
43916,984,1020
43917,979,1017
43918,977,1022
43919,976,1027
43920,977,1032
43921,979,1029
43922,973,1029
43923,969,1030
43924,967,1032
43925,965,1036
43926,967,1040
43927,967,1038
43928,966,1038
43929,962,1036
43930,962,1040
43931,961,1046
43932,962,1048
43933,963,1046
43934,961,1046
43935,958,1043
43936,957,1046
43937,958,1050
43938,962,1050
43939,962,1048
43940,960,1049
43941,957,1047
43942,955,1048
43943,957,1050
43944,961,1051
43945,964,1052
43946,963,1048
43947,961,1045
43948,959,1046
43949,961,1051
43950,966,1052
43951,963,1052
43952,965,1048
43953,963,1047
43954,964,1046
43955,967,1050
43956,967,1048
43957,969,1047
43958,967,1044
43959,964,1038
43960,963,1042
43961,966,1044
43962,970,1046
43963,968,1045
43964,966,1044
43965,961,1039
43966,962,1042
43967,960,1042
43968,965,1046
43969,965,1047
43970,961,1045
43971,960,1041
43972,959,1040
43973,962,1044
43974,966,1048
43975,967,1047
43976,963,1043
43977,963,1043
43978,960,1043
43979,963,1045
43980,966,1047
43981,966,1045
43982,964,1041
43983,963,1042
43984,962,1043
43985,961,1045
43986,962,1047
43987,967,1043
43988,968,1038
43989,964,1035
43990,962,1036
43991,964,1041
43992,969,1039
43993,971,1041
43994,969,1037
43995,965,1036
43996,964,1038
43997,966,1041
43998,969,1043
43999,968,1039
44000,967,1039
44001,966,1035
44002,965,1036
44003,970,1040
44004,973,1041
44005,974,1038
44006,973,1038
44007,970,1033
44008,971,1036
44009,972,1039
44010,974,1042
44011,974,1040
44012,970,1038
44013,969,1037
44014,969,1037
44015,969,1041
44016,971,1044
44017,973,1043
44018,973,1040
44019,972,1038
44020,971,1040
44021,973,1043
44022,977,1047
44023,979,1045
44024,978,1042
44025,975,1040
44026,979,1040
44027,981,1043
44028,985,1045
44029,988,1043
44030,990,1040
44031,991,1033
44032,996,1033
44033,1011,1035
44034,1029,1034
44035,1046,1031
44036,1067,1024
44037,1088,1018
44038,1114,1007
44039,1144,1005
44040,1173,1004
44041,1196,1008
44042,1207,1021
44043,1207,1031
44044,1194,1038
44045,1161,1039
44046,1125,1039
44047,1079,1051
44048,1035,1058
44049,993,1066
44050,970,1072
44051,962,1077
44052,968,1068
44053,973,1060
44054,974,1050
44055,970,1045
44056,969,1039
44057,972,1037
44058,970,1040
44059,964,1040
44060,963,1037
44061,959,1035
44062,960,1038
44063,962,1040
44064,964,1043
44065,963,1043
44066,960,1042
44067,956,1040
44068,957,1041
44069,957,1045
44070,961,1045
44071,962,1044
44072,959,1040
44073,954,1037
44074,954,1038
44075,955,1040
44076,956,1040
44077,957,1040
44078,954,1037
44079,950,1036
44080,950,1036
44081,952,1041
44082,956,1043
44083,955,1042
44084,953,1038
44085,950,1036
44086,950,1036
44087,953,1041
44088,957,1042
44089,958,1040
44090,956,1037
44091,953,1032
44092,951,1035
44093,955,1036
44094,958,1040
44095,957,1036
44096,956,1034
44097,956,1031
44098,955,1030
44099,958,1034
44100,962,1037
44101,961,1038
44102,959,1036
44103,957,1032
44104,955,1034
44105,957,1035
44106,961,1036
44107,963,1032
44108,961,1032
44109,959,1027
44110,960,1030
44111,964,1031
44112,968,1030
44113,966,1029
44114,969,1025
44115,968,1022
44116,967,1022
44117,967,1024
44118,973,1023
44119,975,1022
44120,971,1018
44121,971,1017
44122,972,1015
44123,976,1015
44124,977,1019
44125,982,1017
44126,981,1015
44127,978,1013
44128,978,1014
44129,978,1013
44130,983,1014
44131,983,1015
44132,986,1010
44133,983,1005
44134,985,1007
44135,987,1009
44136,991,1010
44137,990,1008
44138,989,1007
44139,987,1006
44140,988,1008
44141,989,1011
44142,994,1015
44143,994,1012
44144,991,1013
44145,989,1010
44146,988,1011
44147,992,1014
44148,994,1018
44149,993,1019
44150,990,1017
44151,987,1019
44152,986,1019
44153,985,1026
44154,985,1027
44155,985,1027
44156,983,1028
44157,976,1027
44158,976,1031
44159,977,1034
44160,980,1039
44161,979,1039
44162,977,1038
44163,972,1037
44164,970,1041
44165,971,1045
44166,972,1048
44167,972,1047
44168,969,1047
44169,966,1043
44170,967,1046
44171,969,1051
44172,970,1051
44173,973,1053
44174,970,1051
44175,964,1048
44176,964,1049
44177,966,1051
44178,971,1052
44179,970,1052
44180,969,1051
44181,966,1049
44182,961,1053
44183,964,1053
44184,967,1057
44185,971,1056
44186,969,1056
44187,964,1052
44188,963,1053
44189,968,1054
44190,970,1061
44191,970,1056
44192,967,1053
44193,965,1050
44194,963,1052
44195,967,1053
44196,970,1054
44197,973,1050
44198,970,1049
44199,968,1045
44200,969,1045
44201,970,1047
44202,972,1048
44203,973,1048
44204,974,1045
44205,968,1043
44206,969,1043
44207,972,1046
44208,977,1045
44209,975,1043
44210,972,1043
44211,972,1040
44212,971,1042
44213,973,1045
44214,974,1047
44215,975,1044
44216,974,1042
44217,971,1039
44218,972,1043
44219,972,1044
44220,977,1044
44221,978,1043
44222,977,1041
44223,971,1040
44224,972,1039
44225,972,1044
44226,977,1045
44227,978,1044
44228,978,1040
44229,974,1037
44230,975,1041
44231,973,1043
44232,976,1047
44233,976,1047
44234,972,1043
44235,970,1043
44236,969,1045
44237,971,1048
44238,976,1048
44239,977,1049
44240,975,1046
44241,973,1043
44242,973,1045
44243,973,1047
44244,976,1052
44245,975,1049
44246,973,1049
44247,970,1043
44248,970,1046
44249,972,1048
44250,973,1047
44251,975,1048
44252,974,1045
44253,969,1045
44254,967,1046
44255,969,1048
44256,972,1050
44257,974,1045
44258,972,1044
44259,967,1042
44260,967,1048
44261,970,1047
44262,972,1052
44263,974,1048
44264,973,1048
44265,969,1043
44266,966,1048
44267,970,1049
44268,970,1051
44269,973,1053
44270,972,1049
44271,968,1046
44272,969,1046
44273,974,1049
44274,977,1050
44275,977,1049
44276,975,1049
44277,971,1045
44278,973,1049
44279,975,1049
44280,977,1052
44281,980,1051
44282,978,1049
44283,974,1046
44284,974,1047
44285,974,1050
44286,978,1054
44287,979,1053
44288,978,1051
44289,975,1050
44290,976,1049
44291,978,1056
44292,981,1056
44293,981,1054
44294,981,1052
44295,979,1051
44296,978,1052
44297,978,1055
44298,985,1058
44299,985,1053
44300,985,1051
44301,981,1050
44302,981,1052
44303,981,1055
44304,984,1056
44305,984,1055
44306,985,1051
44307,982,1049
44308,980,1048
44309,982,1049
44310,985,1053
44311,985,1054
44312,983,1050
44313,982,1049
44314,983,1050
44315,987,1052
44316,992,1051
44317,993,1049
44318,994,1045
44319,991,1044
44320,993,1044
44321,997,1043
44322,1005,1044
44323,1010,1041
44324,1014,1037
44325,1022,1034
44326,1035,1033
44327,1050,1035
44328,1069,1037
44329,1089,1033
44330,1108,1023
44331,1126,1012
44332,1150,1009
44333,1178,1007
44334,1202,1009
44335,1222,1015
44336,1233,1027
44337,1227,1037
44338,1209,1045
44339,1181,1049
44340,1146,1057
44341,1110,1062
44342,1075,1067
44343,1039,1069
44344,1012,1070
44345,998,1073
44346,995,1072
44347,998,1065
44348,998,1057
44349,996,1050
44350,994,1048
44351,994,1050
44352,989,1053
44353,991,1051
44354,987,1049
44355,982,1047
44356,980,1047
44357,982,1051
44358,981,1052
44359,982,1050
44360,980,1047
44361,975,1042
44362,974,1045
44363,975,1047
44364,976,1051
44365,976,1051
44366,973,1047
44367,969,1044
44368,967,1044
44369,968,1047
44370,970,1050
44371,970,1050
44372,968,1049
44373,964,1047
44374,964,1048
44375,964,1049
44376,968,1053
44377,968,1050
44378,968,1047
44379,964,1047
44380,964,1051
44381,966,1054
44382,968,1056
44383,967,1055
44384,967,1051
44385,965,1051
44386,966,1052
44387,969,1055
44388,972,1058
44389,970,1058
44390,968,1054
44391,970,1052
44392,970,1053
44393,973,1056
44394,974,1059
44395,975,1057
44396,972,1054
44397,970,1053
44398,972,1052
44399,973,1054
44400,979,1058
44401,979,1056
44402,978,1053
44403,977,1049
44404,977,1051
44405,982,1050
44406,984,1054
44407,985,1047
44408,985,1045
44409,985,1044
44410,983,1042
44411,990,1046
44412,992,1048
44413,995,1044
44414,996,1039
44415,992,1036
44416,994,1037
44417,994,1036
44418,1001,1037
44419,1003,1034
44420,1002,1030
44421,1000,1025
44422,1002,1027
44423,1002,1029
44424,1006,1031
44425,1008,1028
44426,1008,1022
44427,1006,1019
44428,1006,1020
44429,1006,1023
44430,1010,1025
44431,1009,1024
44432,1013,1023
44433,1011,1018
44434,1010,1017
44435,1013,1021
44436,1018,1023
44437,1019,1022
44438,1015,1020
44439,1013,1018
44440,1013,1017
44441,1014,1022
44442,1016,1024
44443,1016,1025
44444,1016,1025
44445,1010,1023
44446,1011,1026
44447,1010,1030
44448,1014,1035
44449,1013,1035
44450,1010,1037
44451,1005,1037
44452,1003,1039
44453,1005,1042
44454,1007,1048
44455,1005,1047
44456,1002,1047
44457,996,1047
44458,992,1050
44459,993,1051
44460,996,1054
44461,999,1053
44462,997,1052
44463,992,1050
44464,991,1054
44465,992,1054
44466,994,1057
44467,997,1058
44468,996,1053
44469,991,1052
44470,987,1056
44471,987,1058
44472,992,1062
44473,995,1060
44474,993,1056
44475,991,1055
44476,992,1056
44477,992,1057
44478,996,1059
44479,999,1060
44480,1000,1056
44481,999,1051
44482,1003,1055
44483,1009,1058
44484,1014,1060
44485,1018,1059
44486,1022,1059
44487,1021,1058
44488,1024,1059
44489,1030,1069
44490,1036,1070
44491,1044,1063
44492,1052,1052
44493,1059,1043
44494,1069,1031
44495,1081,1017
44496,1094,1008
44497,1105,996
44498,1117,982
44499,1124,969
44500,1137,956
44501,1151,939
44502,1168,924
44503,1184,905
44504,1197,886
44505,1206,872
44506,1211,862
44507,1216,860
44508,1221,858
44509,1219,857
44510,1214,853
44511,1210,850
44512,1204,850
44513,1201,854
44514,1193,857
44515,1181,858
44516,1165,858
44517,1152,861
44518,1134,868
44519,1120,880
44520,1108,891
44521,1095,903
44522,1083,912
44523,1070,919
44524,1063,934
44525,1065,947
44526,1060,960
44527,1053,967
44528,1048,974
44529,1048,982
44530,1057,995
44531,1064,1006
44532,1072,1012
44533,1068,1015
44534,1057,1019
44535,1037,1026
44536,1010,1034
44537,995,1044
44538,983,1052
44539,970,1062
44540,963,1066
44541,954,1074
44542,947,1082
44543,943,1089
44544,939,1092
44545,932,1091
44546,927,1092
44547,920,1097
44548,914,1096
44549,914,1101
44550,912,1106
44551,907,1106
44552,901,1106
44553,898,1107
44554,890,1111
44555,891,1111
44556,893,1117
44557,891,1116
44558,888,1116
44559,883,1118
44560,880,1119
44561,880,1125
44562,883,1128
44563,880,1130
44564,879,1124
44565,877,1125
44566,875,1127
44567,875,1131
44568,881,1137
44569,881,1135
44570,879,1132
44571,877,1132
44572,877,1135
44573,877,1139
44574,879,1142
44575,879,1142
44576,876,1141
44577,877,1141
44578,872,1142
44579,876,1146
44580,878,1149
44581,877,1150
44582,874,1150
44583,870,1147
44584,870,1149
44585,873,1152
44586,876,1158
44587,874,1156
44588,875,1154
44589,875,1156
44590,873,1159
44591,875,1163
44592,881,1167
44593,881,1165
44594,880,1164
44595,877,1163
44596,879,1163
44597,882,1169
44598,886,1167
44599,888,1166
44600,888,1163
44601,884,1158
44602,884,1157
44603,889,1157
44604,894,1158
44605,897,1152
44606,900,1148
44607,897,1141
44608,900,1139
44609,905,1137
44610,910,1139
44611,913,1132
44612,917,1125
44613,917,1122
44614,919,1121
44615,924,1118
44616,927,1115
44617,928,1109
44618,930,1104
44619,931,1098
44620,933,1096
44621,935,1096
44622,940,1095
44623,941,1089
44624,942,1084
44625,941,1082
44626,942,1081
44627,948,1083
44628,949,1081
44629,951,1081
44630,950,1078
44631,949,1072
44632,949,1070
44633,951,1073
44634,953,1074
44635,954,1073
44636,954,1070
44637,952,1065
44638,956,1062
44639,958,1066
44640,963,1066
44641,961,1066
44642,962,1061
44643,959,1061
44644,961,1061
44645,961,1065
44646,965,1066
44647,965,1063
44648,964,1061
44649,960,1060
44650,959,1060
44651,963,1064
44652,965,1066
44653,965,1064
44654,964,1057
44655,962,1057
44656,961,1058
44657,962,1060
44658,967,1064
44659,969,1063
44660,967,1056
44661,963,1052
44662,964,1056
44663,964,1057
44664,970,1060
44665,971,1058
44666,969,1055
44667,965,1051
44668,962,1054
44669,962,1059
44670,966,1062
44671,963,1061
44672,961,1056
44673,958,1054
44674,956,1054
44675,963,1060
44676,964,1059
44677,966,1058
44678,962,1055
44679,959,1052
44680,956,1053
44681,962,1055
44682,964,1058
44683,966,1052
44684,966,1050
44685,960,1047
44686,960,1050
44687,963,1055
44688,962,1058
44689,967,1056
44690,965,1054
44691,961,1054
44692,960,1053
44693,960,1055
44694,963,1058
44695,967,1057
44696,965,1054
44697,963,1050
44698,960,1052
44699,963,1053
44700,964,1054
44701,966,1056
44702,964,1050
44703,963,1052
44704,963,1053
44705,965,1057
44706,966,1057
44707,969,1053
44708,970,1046
44709,966,1048
44710,963,1050
44711,967,1051
44712,967,1054
44713,968,1050
44714,964,1050
44715,962,1047
44716,962,1050
44717,964,1051
44718,964,1056
44719,966,1054
44720,963,1052
44721,960,1049
44722,960,1051
44723,960,1055
44724,964,1056
44725,962,1052
44726,961,1051
44727,955,1054
44728,957,1054
44729,957,1056
44730,961,1057
44731,960,1055
44732,960,1054
44733,957,1051
44734,958,1054
44735,960,1057
44736,965,1055
44737,967,1054
44738,962,1054
44739,960,1051
44740,957,1053
44741,959,1057
44742,966,1057
44743,966,1055
44744,964,1054
44745,960,1052
44746,961,1052
44747,964,1056
44748,966,1055
44749,968,1052
44750,965,1049
44751,962,1047
44752,960,1052
44753,961,1053
44754,963,1056
44755,960,1051
44756,962,1051
44757,959,1046
44758,961,1049
44759,962,1049
44760,964,1051
44761,967,1049
44762,963,1046
44763,961,1047
44764,964,1048
44765,963,1050
44766,968,1053
44767,969,1052
44768,968,1048
44769,962,1050
44770,961,1052
44771,963,1052
44772,968,1056
44773,969,1052
44774,965,1053
44775,962,1050
44776,960,1052
44777,962,1052
44778,966,1055
44779,967,1055
44780,965,1053
44781,964,1051
44782,964,1052
44783,967,1053
44784,970,1056
44785,972,1053
44786,965,1050
44787,964,1048
44788,967,1048
44789,968,1052
44790,969,1054
44791,968,1050
44792,967,1050
44793,965,1049
44794,965,1049
44795,969,1050
44796,969,1050
44797,967,1049
44798,964,1049
44799,963,1046
44800,963,1047
44801,968,1050
44802,971,1051
44803,972,1050
44804,968,1047
44805,966,1046
44806,963,1048
44807,967,1050
44808,968,1054
44809,970,1050
44810,968,1048
44811,965,1046
44812,964,1049
44813,966,1051
44814,970,1051
44815,974,1050
44816,972,1049
44817,973,1047
44818,971,1047
44819,976,1052
44820,980,1049
44821,980,1050
44822,977,1050
44823,979,1046
44824,981,1050
44825,985,1048
44826,988,1048
44827,990,1044
44828,994,1041
44829,997,1035
44830,1005,1034
44831,1016,1034
44832,1033,1034
44833,1052,1030
44834,1073,1023
44835,1094,1013
44836,1121,1005
44837,1150,1000
44838,1177,1004
44839,1197,1015
44840,1205,1030
44841,1199,1046
44842,1180,1053
44843,1155,1055
44844,1122,1058
44845,1081,1059
44846,1036,1069
44847,992,1078
44848,964,1088
44849,960,1093
44850,967,1090
44851,971,1077
44852,969,1066
44853,968,1055
44854,970,1053
44855,970,1051
44856,970,1051
44857,970,1050
44858,968,1046
44859,964,1043
44860,961,1042
44861,962,1045
44862,962,1048
44863,959,1045
44864,957,1042
44865,955,1037
44866,954,1041
44867,958,1043
44868,959,1044
44869,957,1044
44870,955,1043
44871,949,1041
44872,949,1043
44873,954,1046
44874,957,1048
44875,955,1048
44876,953,1043
44877,950,1043
44878,950,1047
44879,952,1049
44880,956,1049
44881,956,1047
44882,954,1043
44883,953,1039
44884,951,1042
44885,951,1044
44886,950,1048
44887,954,1043
44888,953,1037
44889,952,1034
44890,951,1036
44891,951,1039
44892,953,1039
44893,955,1037
44894,955,1033
44895,953,1030
44896,955,1033
44897,958,1033
44898,962,1033
44899,959,1033
44900,955,1029
44901,955,1028
44902,956,1028
44903,960,1030
44904,963,1030
44905,964,1028
44906,963,1024
44907,962,1022
44908,962,1026
44909,965,1027
44910,971,1028
44911,969,1025
44912,968,1021
44913,966,1021
44914,968,1018
44915,971,1021
44916,974,1025
44917,972,1023
44918,974,1020
44919,973,1018
44920,974,1017
44921,977,1015
44922,982,1017
44923,979,1015
44924,977,1013
44925,978,1010
44926,976,1013
44927,980,1012
44928,982,1015
44929,983,1013
44930,984,1010
44931,982,1006
44932,981,1005
44933,987,1007
44934,989,1009
44935,989,1010
44936,989,1004
44937,989,1002
44938,989,999
44939,994,1002
44940,997,1005
44941,999,1005
44942,997,1003
44943,993,1002
44944,992,1004
44945,995,1009
44946,999,1014
44947,1002,1013
44948,999,1011
44949,997,1010
44950,995,1013
44951,996,1017
44952,997,1024
44953,997,1024
44954,993,1025
44955,990,1026
44956,989,1028
44957,991,1032
44958,991,1037
44959,989,1039
44960,987,1036
44961,984,1037
44962,982,1042
44963,982,1046
44964,983,1047
44965,980,1048
44966,978,1048
44967,976,1043
44968,976,1044
44969,975,1047
44970,979,1049
44971,975,1050
44972,972,1046
44973,970,1045
44974,971,1048
44975,974,1052
44976,979,1053
44977,975,1052
44978,972,1048
44979,970,1049
44980,974,1051
44981,976,1054
44982,976,1053
44983,979,1053
44984,976,1049
44985,973,1046
44986,973,1048
44987,978,1048
44988,984,1051
44989,983,1047
44990,982,1045
44991,978,1044
44992,979,1045
44993,981,1046
44994,985,1046
44995,984,1044
44996,982,1044
44997,982,1042
44998,982,1042
44999,984,1045
45000,986,1049
45001,987,1044
45002,986,1042
45003,983,1039
45004,985,1041
45005,988,1045
45006,990,1046
45007,989,1042
45008,986,1043
45009,985,1040
45010,986,1040
45011,988,1044
45012,987,1046
45013,987,1045
45014,988,1043
45015,985,1039
45016,987,1041
45017,987,1042
45018,987,1046
45019,984,1041
45020,986,1039
45021,985,1036
45022,985,1037
45023,986,1041
45024,985,1043
45025,987,1041
45026,984,1039
45027,982,1036
45028,984,1039
45029,986,1044
45030,988,1045
45031,988,1043
45032,985,1038
45033,983,1037
45034,982,1036
45035,984,1040
45036,987,1041
45037,988,1042
45038,987,1038
45039,979,1038
45040,980,1042
45041,981,1041
45042,985,1043
45043,985,1041
45044,984,1036
45045,978,1038
45046,978,1037
45047,980,1043
45048,984,1047
45049,981,1044
45050,981,1045
45051,978,1043
45052,978,1047
45053,977,1048
45054,982,1051
45055,984,1049
45056,982,1047
45057,978,1046
45058,977,1044
45059,978,1048
45060,980,1049
45061,983,1045
45062,981,1046
45063,979,1042
45064,978,1046
45065,981,1049
45066,982,1048
45067,982,1043
45068,980,1040
45069,976,1039
45070,977,1041
45071,980,1044
45072,984,1042
45073,984,1040
45074,984,1037
45075,983,1038
45076,981,1040
45077,984,1041
45078,984,1041
45079,986,1039
45080,982,1035
45081,980,1034
45082,982,1040
45083,988,1039
45084,988,1041
45085,989,1041
45086,983,1039
45087,984,1039
45088,985,1041
45089,983,1042
45090,990,1044
45091,991,1042
45092,989,1041
45093,987,1038
45094,988,1040
45095,989,1045
45096,996,1047
45097,999,1042
45098,998,1042
45099,997,1042
45100,1001,1041
45101,1006,1041
45102,1015,1039
45103,1026,1037
45104,1033,1035
45105,1047,1029
45106,1067,1030
45107,1092,1025
45108,1117,1023
45109,1146,1014
45110,1170,1009
45111,1193,1011
45112,1211,1027
45113,1221,1045
45114,1220,1057
45115,1200,1062
45116,1170,1057
45117,1128,1059
45118,1086,1065
45119,1045,1076
45120,1012,1086
45121,989,1089
45122,979,1088
45123,978,1078
45124,981,1071
45125,985,1064
45126,989,1057
45127,991,1052
45128,988,1048
45129,985,1045
45130,982,1043
45131,981,1043
45132,983,1045
45133,981,1045
45134,978,1040
45135,973,1040
45136,974,1042
45137,974,1046
45138,977,1047
45139,975,1046
45140,976,1042
45141,972,1040
45142,969,1041
45143,972,1043
45144,979,1044
45145,978,1043
45146,974,1042
45147,971,1041
45148,973,1043
45149,972,1043
45150,975,1044
45151,972,1041
45152,968,1041
45153,967,1039
45154,967,1041
45155,969,1043
45156,973,1043
45157,973,1045
45158,972,1040
45159,969,1038
45160,967,1039
45161,968,1039
45162,969,1041
45163,972,1042
45164,967,1037
45165,964,1035
45166,963,1038
45167,967,1036
45168,970,1038
45169,973,1036
45170,970,1032
45171,966,1026
45172,968,1030
45173,969,1033
45174,971,1035
45175,972,1032
45176,972,1030
45177,969,1027
45178,972,1032
45179,971,1031
45180,976,1033
45181,977,1030
45182,976,1027
45183,975,1023
45184,978,1026
45185,980,1027
45186,986,1030
45187,987,1025
45188,984,1022
45189,984,1018
45190,986,1019
45191,990,1021
45192,995,1020
45193,995,1016
45194,997,1012
45195,993,1011
45196,995,1013
45197,999,1014
45198,1004,1012
45199,1005,1011
45200,1005,1006
45201,1005,1004
45202,1007,1003
45203,1008,1006
45204,1013,1008
45205,1011,1006
45206,1009,1000
45207,1007,1000
45208,1009,1002
45209,1010,1005
45210,1012,1007
45211,1014,1006
45212,1013,1003
45213,1008,1001
45214,1008,1005
45215,1008,1008
45216,1010,1008
45217,1011,1010
45218,1005,1007
45219,1003,1007
45220,1001,1010
45221,1002,1013
45222,1002,1017
45223,1002,1018
45224,997,1018
45225,994,1020
45226,991,1024
45227,991,1030
45228,990,1034
45229,991,1031
45230,989,1034
45231,984,1037
45232,984,1039
45233,986,1041
45234,988,1046
45235,990,1045
45236,988,1042
45237,981,1044
45238,982,1047
45239,979,1049
45240,983,1053
45241,981,1052
45242,979,1049
45243,979,1046
45244,978,1050
45245,980,1052
45246,983,1055
45247,981,1052
45248,979,1049
45249,978,1049
45250,979,1048
45251,979,1052
45252,981,1052
45253,984,1049
45254,984,1049
45255,980,1048
45256,980,1049
45257,984,1051
45258,988,1054
45259,987,1049
45260,986,1045
45261,984,1042
45262,986,1046
45263,987,1044
45264,990,1049
45265,993,1047
45266,991,1043
45267,989,1045
45268,994,1044
45269,997,1046
45270,1003,1045
45271,1009,1043
45272,1008,1041
45273,1010,1042
45274,1013,1044
45275,1018,1053
45276,1026,1053
45277,1030,1055
45278,1036,1053
45279,1043,1046
45280,1055,1036
45281,1066,1025
45282,1076,1013
45283,1086,1002
45284,1095,991
45285,1105,976
45286,1116,966
45287,1130,953
45288,1142,940
45289,1156,920
45290,1164,900
45291,1173,884
45292,1181,877
45293,1191,869
45294,1196,861
45295,1193,858
45296,1187,857
45297,1183,856
45298,1182,859
45299,1180,860
45300,1177,859
45301,1172,857
45302,1158,856
45303,1146,861
45304,1135,867
45305,1122,878
45306,1115,886
45307,1101,893
45308,1090,900
45309,1079,907
45310,1072,921
45311,1070,934
45312,1068,945
45313,1067,951
45314,1062,957
45315,1057,965
45316,1057,975
45317,1063,986
45318,1073,993
45319,1078,996
45320,1082,996
45321,1077,999
45322,1062,1006
45323,1042,1016
45324,1020,1024
45325,996,1029
45326,978,1038
45327,965,1046
45328,960,1059
45329,953,1069
45330,952,1074
45331,945,1076
45332,939,1076
45333,932,1077
45334,927,1081
45335,925,1085
45336,926,1089
45337,924,1089
45338,919,1089
45339,915,1087
45340,911,1090
45341,911,1093
45342,911,1096
45343,910,1094
45344,909,1093
45345,902,1095
45346,902,1095
45347,902,1100
45348,901,1102
45349,899,1102
45350,894,1100
45351,889,1100
45352,890,1104
45353,890,1105
45354,893,1110
45355,889,1108
45356,887,1107
45357,883,1107
45358,882,1114
45359,883,1114
45360,884,1118
45361,885,1121
45362,880,1119
45363,878,1120
45364,876,1127
45365,877,1129
45366,877,1131
45367,878,1133
45368,875,1134
45369,872,1132
45370,873,1138
45371,875,1146
45372,875,1149
45373,875,1150
45374,871,1153
45375,871,1154
45376,873,1157
45377,875,1159
45378,877,1164
45379,879,1164
45380,878,1164
45381,877,1163
45382,878,1164
45383,884,1166
45384,888,1166
45385,891,1163
45386,890,1161
45387,889,1160
45388,893,1158
45389,899,1159
45390,904,1157
45391,908,1153
45392,908,1146
45393,909,1142
45394,916,1143
45395,920,1139
45396,927,1138
45397,930,1133
45398,932,1124
45399,933,1117
45400,936,1112
45401,943,1112
45402,947,1108
45403,950,1102
45404,952,1095
45405,952,1089
45406,954,1084
45407,959,1084
45408,962,1080
45409,961,1075
45410,962,1071
45411,958,1065
45412,961,1067
45413,966,1066
45414,966,1065
45415,967,1061
45416,964,1058
45417,961,1054
45418,963,1056
45419,965,1056
45420,967,1058
45421,970,1051
45422,965,1050
45423,961,1046
45424,960,1050
45425,963,1051
45426,967,1053
45427,965,1050
45428,963,1045
45429,960,1045
45430,959,1045
45431,960,1046
45432,962,1049
45433,961,1046
45434,960,1044
45435,957,1042
45436,959,1043
45437,960,1048
45438,962,1047
45439,962,1046
45440,959,1042
45441,958,1041
45442,955,1041
45443,959,1044
45444,965,1047
45445,964,1045
45446,962,1041
45447,959,1038
45448,962,1039
45449,962,1042
45450,965,1043
45451,967,1039
45452,965,1036
45453,963,1035
45454,967,1034
45455,968,1035
45456,969,1038
45457,971,1037
45458,969,1034
45459,965,1037
45460,966,1036
45461,967,1038
45462,971,1038
45463,970,1036
45464,970,1035
45465,968,1034
45466,968,1034
45467,973,1036
45468,977,1036
45469,977,1036
45470,973,1036
45471,972,1033
45472,972,1035
45473,974,1035
45474,976,1039
45475,976,1037
45476,974,1032
45477,972,1028
45478,971,1031
45479,975,1033
45480,977,1034
45481,974,1034
45482,970,1032
45483,966,1032
45484,968,1032
45485,969,1034
45486,970,1035
45487,969,1037
45488,968,1031
45489,966,1031
45490,964,1032
45491,965,1032
45492,969,1033
45493,966,1033
45494,966,1032
45495,963,1030
45496,963,1028
45497,966,1031
45498,970,1032
45499,968,1033
45500,966,1028
45501,966,1027
45502,964,1030
45503,966,1033
45504,968,1033
45505,968,1030
45506,967,1028
45507,965,1026
45508,964,1030
45509,968,1032
45510,970,1035
45511,970,1033
45512,967,1029
45513,965,1029
45514,967,1031
45515,968,1034
45516,972,1033
45517,972,1032
45518,970,1029
45519,967,1028
45520,968,1032
45521,970,1036
45522,972,1033
45523,971,1032
45524,970,1028
45525,966,1026
45526,969,1031
45527,971,1031
45528,974,1034
45529,972,1033
45530,971,1030
45531,970,1028
45532,970,1031
45533,972,1032
45534,973,1036
45535,973,1035
45536,971,1031
45537,968,1031
45538,969,1034
45539,971,1036
45540,974,1034
45541,972,1034
45542,970,1030
45543,966,1031
45544,968,1033
45545,971,1035
45546,975,1038
45547,973,1034
45548,970,1031
45549,971,1031
45550,970,1036
45551,974,1038
45552,974,1036
45553,974,1036
45554,971,1033
45555,969,1032
45556,971,1031
45557,973,1035
45558,975,1035
45559,976,1035
45560,973,1033
45561,971,1031
45562,970,1030
45563,973,1034
45564,972,1035
45565,977,1034
45566,972,1031
45567,972,1029
45568,975,1032
45569,974,1035
45570,976,1033
45571,976,1033
45572,971,1032
45573,970,1029
45574,973,1031
45575,975,1034
45576,977,1031
45577,976,1030
45578,974,1029
45579,973,1028
45580,972,1029
45581,974,1029
45582,979,1028
45583,981,1026
45584,979,1023
45585,975,1021
45586,977,1022
45587,983,1025
45588,986,1027
45589,985,1025
45590,985,1023
45591,981,1025
45592,984,1027
45593,988,1028
45594,992,1027
45595,991,1030
45596,988,1027
45597,985,1024
45598,986,1029
45599,994,1032
45600,999,1029
45601,1000,1031
45602,999,1024
45603,997,1025
45604,1000,1027
45605,1004,1025
45606,1016,1022
45607,1024,1019
45608,1033,1014
45609,1045,1013
45610,1062,1014
45611,1085,1014
45612,1111,1008
45613,1136,996
45614,1160,987
45615,1180,984
45616,1201,986
45617,1223,999
45618,1232,1018
45619,1224,1023
45620,1195,1024
45621,1154,1027
45622,1112,1034
45623,1073,1045
45624,1041,1050
45625,1008,1049
45626,991,1043
45627,985,1039
45628,988,1034
45629,994,1032
45630,993,1028
45631,989,1026
45632,984,1025
45633,982,1025
45634,980,1023
45635,979,1025
45636,981,1028
45637,983,1026
45638,978,1024
45639,973,1024
45640,972,1026
45641,974,1030
45642,977,1032
45643,971,1032
45644,971,1029
45645,967,1026
45646,968,1031
45647,968,1034
45648,971,1034
45649,971,1032
45650,967,1029
45651,964,1029
45652,963,1032
45653,966,1032
45654,970,1035
45655,967,1031
45656,967,1027
45657,965,1028
45658,962,1029
45659,966,1032
45660,967,1030
45661,966,1031
45662,965,1025
45663,964,1028
45664,964,1027
45665,965,1030
45666,969,1028
45667,970,1027
45668,969,1024
45669,968,1023
45670,967,1022
45671,971,1026
45672,975,1024
45673,975,1021
45674,970,1017
45675,968,1016
45676,965,1019
45677,967,1020
45678,973,1021
45679,975,1018
45680,972,1014
45681,971,1014
45682,974,1014
45683,975,1018
45684,982,1019
45685,983,1016
45686,984,1015
45687,983,1014
45688,989,1015
45689,992,1016
45690,998,1017
45691,997,1016
45692,995,1009
45693,995,1010
45694,996,1015
45695,1000,1013
45696,1004,1014
45697,1003,1011
45698,1003,1005
45699,1002,1004
45700,1005,1009
45701,1008,1007
45702,1011,1006
45703,1011,1001
45704,1007,999
45705,1005,997
45706,1011,996
45707,1014,997
45708,1019,999
45709,1018,996
45710,1013,991
45711,1014,989
45712,1017,992
45713,1018,995
45714,1020,997
45715,1020,992
45716,1017,994
45717,1017,992
45718,1014,997
45719,1014,1001
45720,1016,1004
45721,1015,1005
45722,1011,1003
45723,1008,1001
45724,1007,1003
45725,1006,1006
45726,1006,1011
45727,1005,1012
45728,1001,1011
45729,999,1010
45730,998,1014
45731,998,1019
45732,998,1018
45733,994,1017
45734,991,1019
45735,988,1018
45736,989,1023
45737,991,1025
45738,992,1027
45739,989,1028
45740,987,1025
45741,980,1027
45742,979,1030
45743,983,1032
45744,988,1034
45745,982,1033
45746,979,1034
45747,978,1035
45748,976,1033
45749,980,1036
45750,980,1035
45751,979,1036
45752,976,1033
45753,977,1032
45754,975,1036
45755,976,1036
45756,978,1036
45757,982,1034
45758,975,1032
45759,976,1033
45760,976,1034
45761,977,1034
45762,981,1034
45763,978,1032
45764,977,1032
45765,976,1031
45766,975,1031
45767,978,1034
45768,982,1037
45769,980,1033
45770,977,1032
45771,977,1030
45772,979,1031
45773,982,1032
45774,984,1029
45775,982,1028
45776,981,1024
45777,980,1023
45778,979,1021
45779,984,1021
45780,987,1022
45781,986,1020
45782,985,1015
45783,985,1017
45784,985,1016
45785,988,1020
45786,990,1021
45787,988,1021
45788,985,1019
45789,984,1019
45790,984,1022
45791,984,1023
45792,987,1026
45793,987,1026
45794,985,1020
45795,981,1021
45796,982,1025
45797,984,1029
45798,986,1027
45799,984,1026
45800,981,1023
45801,979,1022
45802,981,1027
45803,982,1029
45804,986,1030
45805,982,1027
45806,979,1026
45807,977,1024
45808,976,1028
45809,978,1030
45810,980,1028
45811,980,1029
45812,978,1028
45813,975,1028
45814,976,1030
45815,977,1032
45816,978,1034
45817,977,1033
45818,974,1031
45819,973,1028
45820,975,1031
45821,979,1030
45822,983,1029
45823,980,1028
45824,977,1024
45825,975,1022
45826,978,1024
45827,979,1026
45828,983,1025
45829,982,1023
45830,982,1021
45831,978,1020
45832,977,1022
45833,982,1026
45834,982,1026
45835,982,1026
45836,980,1026
45837,979,1026
45838,978,1027
45839,981,1029
45840,986,1032
45841,985,1029
45842,985,1028
45843,983,1025
45844,984,1028
45845,987,1032
45846,992,1032
45847,994,1029
45848,992,1026
45849,992,1025
45850,996,1027
45851,997,1028
45852,1006,1027
45853,1015,1023
45854,1022,1021
45855,1031,1019
45856,1047,1018
45857,1069,1017
45858,1096,1013
45859,1123,999
45860,1149,987
45861,1173,983
45862,1197,991
45863,1215,1007
45864,1221,1023
45865,1204,1032
45866,1176,1029
45867,1134,1032
45868,1090,1040
45869,1049,1053
45870,1012,1065
45871,980,1066
45872,970,1062
45873,971,1055
45874,976,1049
45875,981,1039
45876,985,1035
45877,983,1029
45878,982,1023
45879,976,1023
45880,977,1024
45881,977,1025
45882,980,1026
45883,976,1024
45884,972,1022
45885,969,1022
45886,966,1023
45887,968,1028
45888,970,1027
45889,972,1027
45890,970,1025
45891,966,1025
45892,967,1023
45893,968,1026
45894,970,1027
45895,968,1026
45896,964,1026
45897,966,1025
45898,965,1029
45899,964,1030
45900,967,1035
45901,966,1033
45902,965,1030
45903,964,1027
45904,965,1031
45905,965,1033
45906,968,1034
45907,967,1032
45908,965,1029
45909,964,1027
45910,966,1031
45911,969,1030
45912,974,1030
45913,974,1028
45914,972,1024
45915,970,1024
45916,970,1028
45917,972,1031
45918,975,1033
45919,975,1031
45920,975,1029
45921,972,1025
45922,975,1027
45923,975,1032
45924,980,1030
45925,980,1027
45926,980,1025
45927,979,1025
45928,979,1024
45929,983,1027
45930,985,1026
45931,986,1023
45932,983,1018
45933,981,1014
45934,984,1019
45935,986,1017
45936,992,1019
45937,990,1014
45938,989,1011
45939,988,1011
45940,990,1011
45941,991,1011
45942,998,1010
45943,996,1007
45944,995,1002
45945,992,1003
45946,993,1003
45947,999,1005
45948,1002,1005
45949,1002,1004
45950,1001,997
45951,999,997
45952,1002,1000
45953,1006,1002
45954,1007,1002
45955,1007,998
45956,1005,994
45957,1005,990
45958,1004,992
45959,1010,995
45960,1010,993
45961,1010,994
45962,1008,992
45963,1002,992
45964,1003,995
45965,1006,999
45966,1009,1003
45967,1005,1004
45968,1002,1002
45969,996,1004
45970,996,1005
45971,998,1011
45972,1001,1012
45973,996,1016
45974,993,1015
45975,988,1021
45976,987,1023
45977,987,1028
45978,986,1029
45979,983,1029
45980,981,1027
45981,978,1028
45982,978,1032
45983,978,1037
45984,979,1037
45985,978,1036
45986,977,1034
45987,972,1035
45988,973,1037
45989,975,1042
45990,976,1041
45991,973,1041
45992,971,1040
45993,969,1037
45994,972,1042
45995,972,1046
45996,976,1047
45997,974,1043
45998,972,1044
45999,971,1044
46000,970,1045
46001,975,1045
46002,979,1047
46003,979,1044
46004,975,1041
46005,974,1040
46006,975,1040
46007,976,1045
46008,979,1040
46009,979,1037
46010,978,1035
46011,975,1035
46012,976,1036
46013,978,1039
46014,983,1036
46015,980,1033
46016,977,1029
46017,976,1028
46018,979,1031
46019,981,1034
46020,985,1034
46021,985,1033
46022,981,1030
46023,979,1032
46024,982,1035
46025,985,1036
46026,987,1036
46027,984,1035
46028,984,1032
46029,982,1032
46030,981,1034
46031,984,1035
46032,987,1037
46033,982,1036
46034,979,1034
46035,978,1034
46036,976,1034
46037,980,1040
46038,980,1038
46039,980,1036
46040,980,1034
46041,976,1036
46042,978,1038
46043,979,1041
46044,979,1044
46045,978,1042
46046,975,1035
46047,974,1034
46048,975,1034
46049,978,1036
46050,981,1033
46051,979,1034
46052,976,1030
46053,974,1031
46054,976,1032
46055,979,1034
46056,981,1034
46057,981,1033
46058,979,1029
46059,974,1028
46060,975,1029
46061,979,1031
46062,980,1034
46063,978,1030
46064,978,1026
46065,974,1026
46066,975,1029
46067,979,1032
46068,981,1033
46069,982,1031
46070,979,1026
46071,977,1028
46072,978,1032
46073,976,1031
46074,979,1031
46075,977,1030
46076,975,1030
46077,975,1031
46078,977,1036
46079,980,1039
46080,981,1036
46081,982,1036
46082,980,1034
46083,977,1034
46084,977,1036
46085,978,1040
46086,979,1041
46087,976,1038
46088,973,1039
46089,971,1038
46090,972,1039
46091,977,1043
46092,980,1043
46093,979,1042
46094,978,1038
46095,975,1037
46096,976,1039
46097,977,1040
46098,980,1037
46099,979,1034
46100,975,1033
46101,973,1031
46102,973,1033
46103,975,1034
46104,980,1034
46105,977,1031
46106,976,1028
46107,975,1029
46108,973,1032
46109,974,1034
46110,974,1035
46111,973,1030
46112,970,1027
46113,970,1027
46114,969,1031
46115,972,1033
46116,974,1034
46117,977,1032
46118,974,1030
46119,972,1031
46120,972,1035
46121,975,1034
46122,979,1035
46123,979,1032
46124,977,1031
46125,974,1032
46126,978,1034
46127,984,1036
46128,984,1037
46129,987,1037
46130,984,1033
46131,981,1034
46132,986,1038
46133,990,1041
46134,994,1042
46135,994,1042
46136,992,1039
46137,991,1038
46138,992,1041
46139,998,1042
46140,1005,1039
46141,1011,1031
46142,1014,1024
46143,1022,1022
46144,1036,1021
46145,1057,1022
46146,1078,1018
46147,1101,1008
46148,1123,996
46149,1144,990
46150,1174,987
46151,1199,990
46152,1218,1005
46153,1222,1023
46154,1210,1029
46155,1178,1031
46156,1133,1038
46157,1091,1046
46158,1054,1052
46159,1014,1055
46160,986,1052
46161,977,1048
46162,981,1042
46163,988,1035
46164,992,1030
46165,987,1024
46166,978,1021
46167,973,1020
46168,974,1023
46169,975,1028
46170,974,1028
46171,977,1027
46172,973,1026
46173,970,1027
46174,970,1028
46175,968,1033
46176,971,1034
46177,972,1034
46178,970,1030
46179,967,1033
46180,966,1034
46181,971,1036
46182,975,1035
46183,971,1035
46184,969,1034
46185,966,1034
46186,970,1035
46187,971,1037
46188,974,1036
46189,973,1032
46190,969,1032
46191,966,1031
46192,967,1033
46193,966,1036
46194,970,1036
46195,968,1033
46196,965,1030
46197,962,1030
46198,963,1033
46199,966,1031
46200,968,1032
46201,966,1028
46202,965,1026
46203,962,1024
46204,962,1025
46205,963,1027
46206,966,1026
46207,965,1024
46208,964,1019
46209,962,1018
46210,963,1022
46211,965,1023
46212,968,1023
46213,969,1021
46214,965,1021
46215,967,1017
46216,969,1021
46217,973,1023
46218,976,1021
46219,976,1016
46220,973,1013
46221,974,1013
46222,976,1014
46223,979,1015
46224,985,1015
46225,985,1011
46226,985,1009
46227,983,1008
46228,987,1009
46229,992,1010
46230,998,1009
46231,1001,1004
46232,1001,1003
46233,998,1002
46234,1002,1004
46235,1007,1000
46236,1010,1002
46237,1012,1000
46238,1008,996
46239,1007,995
46240,1007,995
46241,1010,995
46242,1013,997
46243,1013,994
46244,1009,993
46245,1007,990
46246,1007,992
46247,1008,996
46248,1007,997
46249,1008,994
46250,1002,991
46251,1003,995
46252,1003,1000
46253,1004,1004
46254,1002,1006
46255,999,1005
46256,995,1005
46257,991,1004
46258,994,1010
46259,993,1016
46260,994,1019
46261,989,1019
46262,987,1017
46263,984,1020
46264,981,1021
46265,982,1029
46266,984,1029
46267,980,1024
46268,979,1022
46269,974,1026
46270,978,1027
46271,978,1033
46272,981,1033
46273,979,1033
46274,978,1029
46275,973,1034
46276,974,1034
46277,977,1033
46278,981,1034
46279,981,1035
46280,979,1033
46281,979,1033
46282,977,1036
46283,981,1039
46284,983,1039
46285,985,1034
46286,983,1031
46287,982,1033
46288,983,1035
46289,987,1040
46290,992,1037
46291,996,1035
46292,998,1032
46293,1000,1033
46294,1005,1037
46295,1010,1038
46296,1015,1040
46297,1017,1036
46298,1022,1032
46299,1026,1027
46300,1038,1022
46301,1051,1013
46302,1064,1000
46303,1074,984
46304,1081,969
46305,1090,958
46306,1104,946
46307,1118,934
46308,1131,917
46309,1141,898
46310,1152,881
46311,1162,867
46312,1175,856
46313,1184,851
46314,1191,847
46315,1188,847
46316,1183,848
46317,1177,849
46318,1174,855
46319,1170,860
46320,1164,861
46321,1155,863
46322,1142,863
46323,1126,866
46324,1111,876
46325,1099,888
46326,1088,896
46327,1072,900
46328,1059,907
46329,1048,917
46330,1041,928
46331,1037,940
46332,1032,950
46333,1027,956
46334,1022,964
46335,1017,970
46336,1016,983
46337,1020,994
46338,1025,998
46339,1031,1003
46340,1036,1004
46341,1038,1002
46342,1038,1003
46343,1027,1011
46344,1013,1014
46345,993,1017
46346,974,1022
46347,957,1029
46348,947,1039
46349,942,1050
46350,942,1053
46351,938,1053
46352,928,1053
46353,923,1053
46354,919,1059
46355,920,1064
46356,919,1068
46357,915,1063
46358,910,1063
46359,906,1065
46360,903,1068
46361,905,1072
46362,904,1073
46363,903,1072
46364,897,1072
46365,891,1070
46366,891,1074
46367,895,1075
46368,894,1075
46369,893,1076
46370,891,1074
46371,885,1076
46372,886,1079
46373,887,1084
46374,889,1083
46375,889,1082
46376,888,1082
46377,886,1083
46378,884,1089
46379,884,1093
46380,888,1096
46381,886,1096
46382,884,1098
46383,880,1100
46384,881,1104
46385,883,1105
46386,885,1108
46387,884,1106
46388,880,1108
46389,880,1109
46390,881,1112
46391,880,1116
46392,881,1114
46393,881,1113
46394,880,1112
46395,876,1115
46396,875,1119
46397,878,1121
46398,882,1123
46399,881,1122
46400,877,1119
46401,875,1117
46402,878,1121
46403,882,1126
46404,884,1126
46405,886,1126
46406,884,1122
46407,883,1122
46408,886,1122
46409,888,1127
46410,891,1126
46411,895,1122
46412,893,1118
46413,893,1114
46414,895,1118
46415,900,1118
46416,907,1114
46417,908,1112
46418,907,1106
46419,909,1104
46420,909,1103
46421,918,1102
46422,922,1100
46423,924,1094
46424,926,1086
46425,923,1083
46426,928,1083
46427,933,1084
46428,941,1080
46429,941,1076
46430,941,1067
46431,940,1066
46432,941,1066
46433,944,1066
46434,949,1061
46435,950,1059
46436,949,1054
46437,949,1050
46438,951,1051
46439,955,1049
46440,957,1048
46441,955,1043
46442,954,1040
46443,951,1041
46444,951,1044
46445,954,1044
46446,956,1044
46447,961,1037
46448,958,1033
46449,956,1031
46450,957,1032
46451,961,1033
46452,962,1031
46453,962,1030
46454,955,1026
46455,954,1029
46456,957,1031
46457,962,1032
46458,964,1031
46459,964,1029
46460,961,1027
46461,958,1024
46462,959,1030
46463,962,1032
46464,966,1030
46465,963,1028
46466,960,1025
46467,956,1024
46468,956,1025
46469,960,1028
46470,962,1029
46471,962,1025
46472,961,1024
46473,959,1027
46474,959,1026
46475,963,1029
46476,967,1028
46477,965,1029
46478,963,1025
46479,959,1026
46480,960,1027
46481,962,1030
46482,962,1029
46483,963,1029
46484,963,1027
46485,960,1028
46486,959,1030
46487,962,1034
46488,964,1028
46489,964,1028
46490,963,1026
46491,961,1026
46492,962,1029
46493,964,1032
46494,967,1034
46495,966,1028
46496,963,1026
46497,962,1024
46498,962,1028
46499,963,1031
46500,966,1029
46501,966,1027
46502,966,1026
46503,962,1027
46504,964,1028
46505,966,1033
46506,970,1030
46507,969,1027
46508,966,1024
46509,963,1026
46510,966,1028
46511,968,1031
46512,970,1030
46513,967,1028
46514,965,1026
46515,961,1025
46516,962,1024
46517,966,1028
46518,967,1030
46519,965,1028
46520,964,1023
46521,962,1023
46522,963,1031
46523,964,1032
46524,964,1030
46525,966,1028
46526,962,1025
46527,958,1024
46528,959,1027
46529,962,1029
46530,962,1027
46531,960,1028
46532,956,1022
46533,957,1022
46534,958,1025
46535,960,1027
46536,960,1028
46537,959,1024
46538,956,1021
46539,954,1023
46540,956,1026
46541,956,1027
46542,962,1028
46543,959,1024
46544,957,1023
46545,957,1024
46546,958,1024
46547,959,1028
46548,961,1028
46549,960,1026
46550,956,1024
46551,956,1022
46552,957,1024
46553,959,1028
46554,964,1028
46555,962,1026
46556,958,1022
46557,955,1022
46558,957,1026
46559,962,1030
46560,965,1027
46561,964,1028
46562,961,1023
46563,959,1023
46564,959,1025
46565,962,1026
46566,966,1026
46567,965,1024
46568,961,1025
46569,961,1025
46570,962,1029
46571,966,1030
46572,968,1029
46573,964,1028
46574,965,1027
46575,961,1024
46576,962,1030
46577,965,1034
46578,968,1030
46579,967,1030
46580,964,1028
46581,962,1027
46582,964,1029
46583,967,1033
46584,967,1032
46585,967,1029
46586,965,1027
46587,962,1029
46588,962,1032
46589,966,1031
46590,969,1031
46591,971,1028
46592,967,1025
46593,967,1024
46594,967,1028
46595,971,1032
46596,971,1031
46597,970,1027
46598,967,1027
46599,967,1027
46600,969,1030
46601,971,1030
46602,974,1027
46603,970,1026
46604,971,1025
46605,969,1028
46606,970,1029
46607,974,1033
46608,976,1032
46609,975,1031
46610,972,1027
46611,971,1025
46612,973,1029
46613,977,1031
46614,980,1029
46615,979,1028
46616,981,1023
46617,976,1023
46618,981,1028
46619,986,1028
46620,991,1024
46621,996,1019
46622,1004,1015
46623,1011,1013
46624,1024,1014
46625,1041,1012
46626,1061,1010
46627,1078,1004
46628,1096,994
46629,1116,987
46630,1139,985
46631,1165,986
46632,1186,986
46633,1201,989
46634,1209,1001
46635,1209,1015
46636,1201,1025
46637,1186,1031
46638,1159,1030
46639,1122,1034
46640,1084,1038
46641,1045,1046
46642,1009,1051
46643,987,1055
46644,978,1054
46645,974,1046
46646,973,1036
46647,975,1030
46648,977,1027
46649,979,1030
46650,978,1028
46651,974,1025
46652,968,1024
46653,969,1022
46654,969,1023
46655,970,1028
46656,973,1028
46657,967,1027
46658,966,1023
46659,964,1026
46660,960,1027
46661,964,1029
46662,966,1027
46663,963,1027
46664,960,1024
46665,957,1023
46666,955,1028
46667,959,1029
46668,962,1030
46669,962,1024
46670,960,1022
46671,958,1025
46672,956,1025
46673,959,1025
46674,961,1027
46675,957,1027
46676,956,1024
46677,953,1027
46678,955,1029
46679,957,1031
46680,960,1031
46681,956,1027
46682,954,1024
46683,954,1023
46684,954,1028
46685,958,1029
46686,960,1029
46687,961,1026
46688,958,1023
46689,956,1024
46690,957,1028
46691,961,1029
46692,964,1026
46693,964,1024
46694,958,1024
46695,957,1023
46696,959,1025
46697,960,1026
46698,965,1025
46699,964,1021
46700,964,1018
46701,963,1017
46702,965,1020
46703,970,1022
46704,975,1024
46705,975,1019
46706,972,1016
46707,972,1016
46708,973,1017
46709,977,1017
46710,978,1015
46711,977,1013
46712,974,1010
46713,975,1010
46714,977,1009
46715,979,1009
46716,983,1008
46717,983,1005
46718,980,1001
46719,977,1001
46720,981,1002
46721,983,1006
46722,986,1004
46723,989,1001
46724,986,999
46725,985,999
46726,988,1002
46727,987,1002
46728,994,1000
46729,993,998
46730,991,995
46731,991,997
46732,992,997
46733,991,997
46734,993,994
46735,994,992
46736,992,991
46737,995,991
46738,997,995
46739,1002,995
46740,1004,997
46741,1001,996
46742,1000,995
46743,999,997
46744,1001,1001
46745,1001,1004
46746,1003,1005
46747,1003,1004
46748,998,1003
46749,993,1006
46750,994,1010
46751,995,1016
46752,995,1016
46753,992,1016
46754,991,1014
46755,987,1015
46756,990,1017
46757,993,1021
46758,994,1020
46759,990,1019
46760,984,1020
46761,983,1021
46762,979,1025
46763,982,1030
46764,981,1030
46765,979,1029
46766,976,1023
46767,973,1026
46768,973,1027
46769,971,1031
46770,976,1031
46771,975,1027
46772,972,1027
46773,968,1030
46774,970,1030
46775,971,1032
46776,974,1031
46777,972,1027
46778,967,1028
46779,965,1026
46780,966,1033
46781,968,1034
46782,972,1031
46783,971,1031
46784,965,1026
46785,966,1028
46786,962,1030
46787,967,1033
46788,971,1032
46789,971,1030
46790,967,1026
46791,967,1026
46792,967,1029
46793,972,1030
46794,974,1030
46795,971,1026
46796,967,1025
46797,967,1025
46798,971,1025
46799,971,1025
46800,974,1025
46801,973,1021
46802,971,1022
46803,969,1023
46804,969,1025
46805,970,1026
46806,973,1027
46807,973,1025
46808,971,1021
46809,968,1019
46810,969,1021
46811,972,1025
46812,975,1022
46813,972,1021
46814,971,1021
46815,971,1020
46816,970,1021
46817,971,1023
46818,975,1022
46819,973,1019
46820,974,1019
46821,972,1019
46822,971,1022
46823,973,1025
46824,974,1024
46825,975,1024
46826,971,1017
46827,969,1019
46828,970,1021
46829,973,1025
46830,975,1025
46831,975,1020
46832,971,1020
46833,967,1019
46834,969,1022
46835,968,1026
46836,971,1024
46837,972,1023
46838,971,1021
46839,969,1019
46840,968,1022
46841,971,1026
46842,971,1027
46843,970,1022
46844,967,1021
46845,968,1021
46846,968,1024
46847,969,1028
46848,970,1027
46849,969,1029
46850,966,1025
46851,963,1025
46852,961,1025
46853,966,1023
46854,968,1024
46855,964,1025
46856,962,1022
46857,959,1023
46858,962,1025
46859,964,1028
46860,964,1027
46861,966,1025
46862,964,1024
46863,961,1025
46864,963,1028
46865,967,1031
46866,970,1031
46867,968,1028
46868,966,1025
46869,964,1026
46870,966,1026
46871,968,1028
46872,969,1028
46873,969,1027
46874,967,1025
46875,963,1026
46876,963,1030
46877,969,1032
46878,970,1031
46879,971,1030
46880,969,1026
46881,966,1027
46882,968,1030
46883,971,1031
46884,974,1031
46885,974,1027
46886,970,1024
46887,970,1025
46888,973,1025
46889,977,1027
46890,980,1027
46891,980,1024
46892,979,1019
46893,977,1019
46894,981,1017
46895,988,1018
46896,997,1016
46897,1005,1014
46898,1015,1007
46899,1030,1006
46900,1059,999
46901,1091,996
46902,1122,983
46903,1149,981
46904,1177,983
46905,1197,998
46906,1200,1012
46907,1191,1029
46908,1165,1031
46909,1125,1031
46910,1086,1033
46911,1051,1043
46912,1010,1055
46913,979,1065
46914,962,1066
46915,951,1064
46916,953,1051
46917,960,1041
46918,964,1037
46919,972,1036
46920,971,1030
46921,966,1026
46922,963,1021
46923,959,1022
46924,960,1024
46925,960,1026
46926,959,1027
46927,959,1025
46928,956,1023
46929,952,1023
46930,949,1024
46931,949,1028
46932,953,1029
46933,950,1027
46934,952,1023
46935,951,1020
46936,950,1023
46937,953,1024
46938,953,1023
46939,951,1023
46940,948,1020
46941,949,1020
46942,948,1021
46943,948,1025
46944,953,1024
46945,952,1019
46946,945,1021
46947,942,1020
46948,947,1021
46949,949,1023
46950,952,1020
46951,950,1021
46952,945,1018
46953,944,1020
46954,947,1022
46955,952,1026
46956,952,1023
46957,956,1020
46958,952,1019
46959,950,1020
46960,952,1020
46961,955,1022
46962,956,1022
46963,953,1019
46964,954,1015
46965,951,1017
46966,956,1019
46967,960,1019
46968,964,1020
46969,965,1018
46970,962,1015
46971,963,1012
46972,964,1015
46973,967,1014
46974,970,1010
46975,969,1009
46976,970,1005
46977,972,1006
46978,973,1007
46979,976,1008
46980,978,1006
46981,976,999
46982,976,995
46983,977,995
46984,982,995
46985,985,999
46986,987,996
46987,986,994
46988,986,992
46989,985,994
46990,985,989
46991,989,991
46992,990,992
46993,989,989
46994,988,985
46995,987,985
46996,987,988
46997,991,988
46998,994,987
46999,993,986
47000,988,984
47001,987,987
47002,986,989
47003,988,992
47004,991,992
47005,988,991
47006,986,989
47007,983,990
47008,985,996
47009,988,1001
47010,985,1003
47011,985,1003
47012,981,1002
47013,976,1005
47014,975,1012
47015,979,1015
47016,979,1016
47017,977,1016
47018,975,1016
47019,970,1019
47020,971,1024
47021,973,1028
47022,974,1025
47023,971,1023
47024,968,1023
47025,964,1025
47026,967,1027
47027,970,1032
47028,970,1032
47029,966,1029
47030,963,1029
47031,961,1029
47032,960,1032
47033,962,1035
47034,963,1037
47035,959,1035
47036,954,1034
47037,951,1034
47038,955,1037
47039,959,1040
47040,959,1038
47041,959,1036
47042,958,1034
47043,956,1035
47044,957,1037
47045,959,1039
47046,963,1036
47047,960,1034
47048,957,1029
47049,954,1032
47050,957,1033
47051,960,1035
47052,962,1034
47053,961,1033
47054,961,1031
47055,962,1033
47056,964,1036
47057,965,1037
47058,965,1034
47059,963,1031
47060,963,1029
47061,959,1030
47062,961,1033
47063,966,1036
47064,969,1032
47065,965,1033
47066,964,1031
47067,961,1031
47068,964,1036
47069,965,1035
47070,971,1034
47071,968,1032
47072,964,1032
47073,964,1028
47074,968,1035
47075,969,1037
47076,969,1035
47077,967,1036
47078,965,1034
47079,963,1035
47080,965,1040
47081,967,1039
47082,970,1038
47083,968,1032
47084,967,1030
47085,965,1029
47086,966,1032
47087,967,1031
47088,970,1029
47089,967,1027
47090,962,1024
47091,960,1024
47092,961,1025
47093,963,1028
47094,965,1026
47095,962,1022
47096,960,1020
47097,961,1023
47098,965,1024
47099,966,1028
47100,970,1025
47101,966,1023
47102,962,1022
47103,961,1019
47104,964,1024
47105,966,1026
47106,966,1023
47107,965,1021
47108,964,1019
47109,963,1021
47110,967,1025
47111,968,1026
47112,967,1026
47113,967,1023
47114,963,1022
47115,967,1024
47116,968,1028
47117,969,1029
47118,971,1027
47119,970,1027
47120,969,1026
47121,967,1026
47122,966,1029
47123,971,1032
47124,976,1032
47125,975,1029
47126,971,1029
47127,969,1030
47128,972,1035
47129,977,1036
47130,980,1036
47131,982,1034
47132,982,1030
47133,987,1030
47134,987,1026
47135,997,1029
47136,1008,1025
47137,1018,1023
47138,1033,1020
47139,1048,1019
47140,1073,1016
47141,1102,1014
47142,1130,1002
47143,1155,989
47144,1178,987
47145,1198,993
47146,1211,1010
47147,1217,1026
47148,1210,1032
47149,1183,1032
47150,1145,1031
47151,1109,1038
47152,1065,1050
47153,1020,1062
47154,979,1070
47155,953,1069
47156,945,1063
47157,950,1060
47158,957,1051
47159,960,1048
47160,964,1040
47161,962,1035
47162,960,1030
47163,958,1029
47164,957,1034
47165,962,1036
47166,961,1035
47167,958,1032
47168,954,1030
47169,954,1030
47170,955,1034
47171,956,1040
47172,957,1037
47173,955,1036
47174,952,1031
47175,952,1032
47176,954,1035
47177,958,1039
47178,961,1035
47179,957,1035
47180,952,1033
47181,952,1034
47182,953,1034
47183,958,1035
47184,958,1035
47185,958,1029
47186,954,1028
47187,955,1027
47188,958,1028
47189,959,1029
47190,959,1026
47191,957,1024
47192,955,1023
47193,953,1020
47194,953,1023
47195,956,1028
47196,959,1024
47197,957,1023
47198,953,1021
47199,952,1020
47200,955,1023
47201,957,1026
47202,958,1027
47203,957,1026
47204,954,1021
47205,952,1020
47206,955,1020
47207,957,1023
47208,961,1019
47209,958,1018
47210,957,1016
47211,955,1019
47212,957,1019
47213,960,1019
47214,962,1019
47215,964,1016
47216,962,1013
47217,961,1015
47218,963,1017
47219,966,1019
47220,969,1021
47221,968,1018
47222,968,1015
47223,967,1013
47224,970,1015
47225,973,1015
47226,976,1014
47227,976,1010
47228,978,1009
47229,977,1010
47230,978,1007
47231,981,1012
47232,985,1008
47233,984,1008
47234,982,1001
47235,983,1002
47236,989,1001
47237,991,1005
47238,995,1002
47239,996,998
47240,993,997
47241,993,996
47242,995,998
47243,998,1001
47244,1001,999
47245,998,994
47246,996,992
47247,995,992
47248,996,996
47249,999,999
47250,999,998
47251,999,997
47252,993,998
47253,991,999
47254,992,1005
47255,994,1012
47256,994,1012
47257,988,1010
47258,984,1012
47259,982,1010
47260,981,1017
47261,982,1023
47262,981,1021
47263,978,1021
47264,976,1020
47265,972,1022
47266,973,1027
47267,975,1032
47268,973,1029
47269,971,1027
47270,968,1024
47271,966,1025
47272,966,1031
47273,968,1034
47274,970,1034
47275,971,1030
47276,967,1030
47277,964,1031
47278,962,1035
47279,965,1038
47280,968,1037
47281,966,1035
47282,964,1032
47283,961,1034
47284,966,1034
47285,969,1038
47286,971,1037
47287,968,1034
47288,965,1030
47289,966,1035
47290,967,1038
47291,971,1041
47292,970,1038
47293,970,1035
47294,968,1032
47295,968,1030
47296,969,1034
47297,971,1035
47298,972,1033
47299,971,1033
47300,968,1029
47301,967,1028
47302,966,1033
47303,968,1034
47304,969,1031
47305,970,1030
47306,967,1028
47307,969,1029
47308,969,1031
47309,971,1033
47310,973,1032
47311,970,1028
47312,967,1027
47313,964,1029
47314,968,1032
47315,969,1036
47316,971,1034
47317,970,1032
47318,966,1026
47319,964,1028
47320,968,1027
47321,968,1031
47322,969,1030
47323,967,1028
47324,964,1024
47325,964,1026
47326,967,1030
47327,968,1034
47328,968,1030
47329,968,1029
47330,967,1028
47331,967,1030
47332,970,1031
47333,974,1035
47334,974,1035
47335,974,1031
47336,972,1031
47337,970,1031
47338,971,1034
47339,974,1037
47340,972,1036
47341,975,1036
47342,970,1032
47343,970,1031
47344,971,1035
47345,976,1037
47346,977,1035
47347,977,1033
47348,973,1032
47349,974,1031
47350,977,1033
47351,978,1037
47352,979,1035
47353,980,1033
47354,974,1031
47355,974,1034
47356,975,1034
47357,979,1035
47358,977,1036
47359,977,1034
47360,973,1031
47361,973,1033
47362,974,1034
47363,976,1036
47364,980,1036
47365,976,1034
47366,975,1031
47367,972,1033
47368,975,1035
47369,974,1036
47370,978,1034
47371,980,1033
47372,975,1030
47373,972,1031
47374,974,1031
47375,976,1034
47376,979,1032
47377,981,1033
47378,977,1034
47379,976,1032
47380,981,1035
47381,985,1037
47382,988,1034
47383,989,1029
47384,992,1030
47385,997,1025
47386,1006,1027
47387,1020,1030
47388,1034,1026
47389,1055,1022
47390,1074,1019
47391,1096,1012
47392,1120,1008
47393,1145,1003
47394,1174,998
47395,1194,995
47396,1212,1000
47397,1223,1016
47398,1222,1029
47399,1205,1036
47400,1175,1040
47401,1131,1042
47402,1083,1047
47403,1031,1054
47404,988,1062
47405,967,1066
47406,961,1064
47407,964,1057
47408,967,1045
47409,971,1039
47410,973,1036
47411,975,1038
47412,974,1036
47413,973,1032
47414,967,1030
47415,966,1031
47416,966,1031
47417,967,1035
47418,968,1034
47419,966,1032
47420,961,1031
47421,958,1030
47422,961,1032
47423,962,1035
47424,964,1035
47425,959,1033
47426,957,1032
47427,955,1032
47428,956,1034
47429,962,1036
47430,960,1035
47431,961,1033
47432,956,1032
47433,955,1033
47434,957,1036
47435,957,1039
47436,959,1035
47437,957,1034
47438,954,1032
47439,952,1035
47440,953,1039
47441,954,1041
47442,957,1039
47443,954,1034
47444,951,1034
47445,954,1033
47446,957,1036
47447,956,1038
47448,957,1038
47449,956,1035
47450,955,1032
47451,953,1034
47452,958,1036
47453,962,1038
47454,961,1035
47455,960,1031
47456,955,1028
47457,956,1030
47458,960,1032
47459,966,1034
47460,968,1033
47461,967,1028
47462,964,1027
47463,966,1028
47464,969,1027
47465,971,1030
47466,974,1026
47467,976,1025
47468,973,1021
47469,975,1022
47470,978,1023
47471,982,1025
47472,983,1021
47473,983,1020
47474,984,1017
47475,984,1018
47476,986,1017
47477,989,1018
47478,993,1018
47479,991,1014
47480,987,1010
47481,986,1011
47482,991,1011
47483,992,1012
47484,993,1012
47485,990,1009
47486,989,1007
47487,989,1007
47488,989,1008
47489,992,1008
47490,994,1008
47491,994,1007
47492,992,1003
47493,993,1001
47494,995,1007
47495,998,1009
47496,999,1010
47497,999,1009
47498,997,1009
47499,997,1008
47500,997,1012
47501,999,1018
47502,999,1015
47503,996,1014
47504,992,1015
47505,990,1019
47506,990,1023
47507,990,1025
47508,993,1025
47509,987,1023
47510,984,1023
47511,982,1027
47512,980,1031
47513,982,1036
47514,981,1036
47515,979,1035
47516,975,1035
47517,973,1035
47518,976,1040
47519,977,1041
47520,978,1042
47521,977,1041
47522,973,1042
47523,972,1041
47524,973,1044
47525,976,1049
47526,977,1048
47527,976,1046
47528,970,1045
47529,972,1048
47530,974,1050
47531,977,1052
47532,978,1052
47533,977,1050
47534,979,1046
47535,981,1049
47536,982,1049
47537,985,1048
47538,990,1049
47539,993,1049
47540,998,1048
47541,995,1049
47542,1004,1051
47543,1013,1051
47544,1023,1045
47545,1033,1036
47546,1044,1021
47547,1051,1011
47548,1063,1002
47549,1077,995
47550,1088,980
47551,1100,968
47552,1110,953
47553,1121,936
47554,1138,922
47555,1153,910
47556,1172,896
47557,1182,881
47558,1189,869
47559,1191,866
47560,1191,868
47561,1188,870
47562,1187,868
47563,1179,866
47564,1173,864
47565,1163,865
47566,1152,869
47567,1142,874
47568,1125,874
47569,1104,874
47570,1088,881
47571,1067,891
47572,1049,904
47573,1039,918
47574,1026,928
47575,1018,939
47576,1011,946
47577,1004,957
47578,1004,969
47579,1002,975
47580,1004,981
47581,1007,987
47582,1011,994
47583,1024,1001
47584,1036,1009
47585,1044,1017
47586,1038,1019
47587,1021,1022
47588,997,1027
47589,975,1035
47590,960,1047
47591,948,1055
47592,944,1060
47593,938,1066
47594,931,1069
47595,924,1070
47596,923,1075
47597,921,1078
47598,920,1080
47599,916,1078
47600,911,1081
47601,906,1083
47602,906,1088
47603,907,1092
47604,905,1089
47605,903,1088
47606,898,1087
47607,895,1090
47608,895,1094
47609,899,1098
47610,897,1098
47611,893,1099
47612,888,1097
47613,886,1099
47614,888,1104
47615,889,1108
47616,891,1109
47617,884,1109
47618,879,1107
47619,878,1110
47620,877,1116
47621,879,1119
47622,878,1120
47623,879,1117
47624,874,1119
47625,873,1123
47626,878,1125
47627,879,1130
47628,882,1132
47629,879,1129
47630,877,1130
47631,878,1133
47632,879,1136
47633,880,1140
47634,881,1139
47635,879,1140
47636,879,1138
47637,877,1140
47638,877,1142
47639,884,1147
47640,888,1146
47641,885,1145
47642,887,1142
47643,886,1143
47644,891,1147
47645,895,1148
47646,897,1148
47647,896,1147
47648,898,1143
47649,901,1143
47650,903,1147
47651,909,1147
47652,914,1144
47653,916,1141
47654,918,1136
47655,916,1135
47656,922,1132
47657,926,1131
47658,929,1127
47659,929,1121
47660,930,1117
47661,933,1117
47662,934,1117
47663,940,1114
47664,944,1106
47665,943,1104
47666,942,1095
47667,941,1093
47668,946,1091
47669,947,1089
47670,949,1084
47671,947,1080
47672,944,1074
47673,945,1075
47674,948,1073
47675,950,1072
47676,951,1070
47677,948,1065
47678,950,1059
47679,950,1058
47680,949,1058
47681,949,1057
47682,951,1054
47683,951,1051
47684,947,1049
47685,949,1048
47686,949,1052
47687,954,1053
47688,955,1054
47689,954,1050
47690,951,1044
47691,948,1044
47692,950,1048
47693,954,1048
47694,953,1044
47695,953,1045
47696,951,1041
47697,949,1042
47698,950,1045
47699,954,1047
47700,953,1046
47701,952,1044
47702,948,1042
47703,947,1043
47704,951,1046
47705,954,1048
47706,958,1047
47707,956,1045
47708,957,1043
47709,953,1045
47710,956,1048
47711,958,1047
47712,960,1046
47713,960,1042
47714,954,1040
47715,956,1042
47716,959,1046
47717,962,1045
47718,962,1043
47719,957,1038
47720,954,1035
47721,955,1034
47722,957,1039
47723,960,1044
47724,960,1043
47725,957,1037
47726,955,1035
47727,950,1037
47728,951,1040
47729,956,1044
47730,960,1041
47731,959,1040
47732,956,1037
47733,955,1039
47734,957,1044
47735,960,1047
47736,960,1045
47737,955,1042
47738,953,1042
47739,952,1042
47740,952,1042
47741,956,1045
47742,957,1047
47743,954,1045
47744,952,1041
47745,949,1042
47746,954,1046
47747,955,1049
47748,954,1048
47749,955,1043
47750,951,1044
47751,952,1046
47752,955,1046
47753,956,1049
47754,957,1047
47755,956,1042
47756,954,1042
47757,952,1045
47758,957,1046
47759,958,1045
47760,959,1044
47761,957,1043
47762,955,1040
47763,956,1040
47764,956,1041
47765,960,1043
47766,960,1041
47767,957,1039
47768,956,1037
47769,953,1037
47770,958,1038
47771,960,1038
47772,961,1035
47773,962,1034
47774,956,1031
47775,959,1032
47776,961,1033
47777,963,1036
47778,962,1037
47779,958,1035
47780,960,1032
47781,959,1031
47782,960,1037
47783,959,1039
47784,960,1039
47785,957,1034
47786,954,1035
47787,955,1036
47788,956,1040
47789,960,1043
47790,961,1041
47791,961,1038
47792,955,1037
47793,956,1038
47794,958,1040
47795,961,1043
47796,960,1045
47797,958,1040
47798,954,1040
47799,955,1042
47800,955,1045
47801,958,1048
47802,958,1044
47803,955,1041
47804,957,1037
47805,956,1038
47806,953,1041
47807,960,1043
47808,959,1040
47809,960,1038
47810,957,1035
47811,956,1039
47812,960,1037
47813,961,1038
47814,959,1039
47815,958,1037
47816,954,1037
47817,955,1033
47818,958,1036
47819,962,1035
47820,960,1037
47821,959,1035
47822,957,1033
47823,959,1033
47824,960,1038
47825,963,1039
47826,964,1037
47827,959,1034
47828,959,1032
47829,959,1036
47830,959,1039
47831,964,1041
47832,966,1042
47833,964,1039
47834,961,1036
47835,960,1039
47836,963,1042
47837,968,1043
47838,966,1039
47839,969,1037
47840,967,1037
47841,968,1038
47842,967,1042
47843,970,1046
47844,969,1042
47845,968,1039
47846,968,1040
47847,966,1039
47848,969,1040
47849,974,1040
47850,974,1038
47851,972,1037
47852,971,1030
47853,973,1029
47854,981,1028
47855,988,1029
47856,998,1024
47857,1008,1022
47858,1020,1018
47859,1034,1015
47860,1057,1015
47861,1082,1006
47862,1109,995
47863,1140,987
47864,1164,988
47865,1185,997
47866,1205,1015
47867,1212,1032
47868,1199,1040
47869,1166,1037
47870,1116,1039
47871,1072,1052
47872,1024,1062
47873,983,1074
47874,954,1077
47875,941,1075
47876,944,1067
47877,950,1057
47878,958,1052
47879,963,1049
47880,963,1044
47881,962,1038
47882,961,1037
47883,957,1038
47884,957,1039
47885,960,1041
47886,960,1039
47887,958,1037
47888,954,1038
47889,951,1037
47890,952,1039
47891,954,1040
47892,956,1039
47893,954,1035
47894,953,1032
47895,949,1031
47896,952,1033
47897,955,1036
47898,953,1036
47899,953,1033
47900,948,1032
47901,950,1034
47902,951,1037
47903,955,1039
47904,953,1035
47905,951,1033
47906,947,1030
47907,945,1035
47908,946,1038
47909,950,1039
47910,949,1043
47911,948,1039
47912,946,1036
47913,944,1036
47914,948,1042
47915,949,1042
47916,952,1041
47917,952,1038
47918,948,1035
47919,948,1035
47920,949,1039
47921,950,1040
47922,952,1038
47923,951,1037
47924,948,1034
47925,951,1034
47926,954,1035
47927,958,1037
47928,960,1035
47929,956,1035
47930,955,1030
47931,952,1032
47932,955,1031
47933,962,1030
47934,966,1030
47935,964,1026
47936,963,1022
47937,961,1023
47938,962,1024
47939,969,1024
47940,970,1020
47941,971,1014
47942,968,1013
47943,971,1011
47944,972,1013
47945,975,1012
47946,976,1009
47947,974,1008
47948,972,1006
47949,975,1004
47950,976,1007
47951,981,1011
47952,985,1008
47953,986,1006
47954,980,1004
47955,979,1003
47956,983,1006
47957,989,1009
47958,992,1007
47959,992,1005
47960,991,1005
47961,990,1008
47962,994,1012
47963,996,1014
47964,997,1011
47965,997,1009
47966,997,1008
47967,995,1015
47968,997,1017
47969,1000,1021
47970,999,1019
47971,995,1020
47972,992,1019
47973,993,1022
47974,992,1026
47975,995,1029
47976,993,1031
47977,991,1027
47978,987,1025
47979,987,1031
47980,987,1036
47981,987,1038
47982,984,1036
47983,978,1032
47984,973,1030
47985,971,1032
47986,973,1035
47987,975,1039
47988,974,1036
47989,971,1036
47990,966,1036
47991,960,1038
47992,964,1039
47993,968,1041
47994,971,1038
47995,970,1037
47996,967,1036
47997,964,1038
47998,967,1043
47999,971,1048
48000,972,1045
48001,972,1042
48002,969,1040
48003,970,1039
48004,973,1042
48005,975,1046
48006,974,1044
48007,973,1041
48008,970,1038
48009,970,1038
48010,974,1043
48011,976,1045
48012,976,1043
48013,977,1041
48014,971,1038
48015,971,1039
48016,975,1041
48017,980,1043
48018,981,1043
48019,980,1038
48020,976,1037
48021,976,1036
48022,979,1039
48023,983,1039
48024,983,1039
48025,979,1037
48026,975,1034
48027,975,1031
48028,980,1037
48029,982,1038
48030,982,1037
48031,981,1032
48032,977,1029
48033,973,1029
48034,977,1032
48035,979,1034
48036,979,1033
48037,979,1034
48038,976,1031
48039,975,1034
48040,978,1035
48041,979,1040
48042,978,1035
48043,976,1032
48044,972,1033
48045,973,1033
48046,974,1039
48047,975,1038
48048,975,1040
48049,969,1038
48050,969,1036
48051,968,1037
48052,971,1041
48053,973,1043
48054,973,1041
48055,968,1038
48056,967,1037
48057,967,1037
48058,968,1040
48059,968,1040
48060,969,1039
48061,967,1038
48062,965,1036
48063,966,1038
48064,968,1042
48065,970,1041
48066,971,1041
48067,968,1037
48068,964,1037
48069,963,1039
48070,965,1040
48071,970,1045
48072,973,1041
48073,971,1038
48074,969,1035
48075,968,1036
48076,972,1039
48077,974,1041
48078,973,1041
48079,976,1038
48080,971,1035
48081,970,1039
48082,971,1043
48083,976,1043
48084,976,1041
48085,971,1037
48086,971,1036
48087,968,1034
48088,973,1042
48089,975,1043
48090,976,1042
48091,975,1041
48092,973,1037
48093,972,1038
48094,973,1042
48095,976,1043
48096,976,1046
48097,974,1039
48098,972,1037
48099,970,1037
48100,971,1038
48101,973,1039
48102,970,1039
48103,968,1036
48104,967,1033
48105,969,1037
48106,972,1040
48107,975,1042
48108,975,1040
48109,972,1038
48110,967,1035
48111,969,1037
48112,970,1041
48113,972,1043
48114,976,1040
48115,975,1040
48116,977,1038
48117,977,1039
48118,979,1039
48119,986,1040
48120,987,1037
48121,988,1032
48122,994,1027
48123,1004,1029
48124,1019,1028
48125,1038,1027
48126,1062,1025
48127,1085,1015
48128,1114,998
48129,1151,991
48130,1188,993
48131,1220,1001
48132,1243,1014
48133,1247,1030
48134,1234,1038
48135,1199,1042
48136,1154,1044
48137,1105,1057
48138,1050,1066
48139,998,1068
48140,964,1068
48141,955,1066
48142,960,1058
48143,971,1048
48144,974,1041
48145,972,1035
48146,971,1033
48147,968,1034
48148,969,1035
48149,969,1033
48150,969,1034
48151,969,1035
48152,965,1033
48153,962,1034
48154,961,1035
48155,959,1039
48156,961,1039
48157,959,1036
48158,955,1034
48159,955,1035
48160,957,1039
48161,956,1041
48162,956,1039
48163,956,1037
48164,955,1034
48165,954,1036
48166,955,1040
48167,960,1044
48168,961,1042
48169,956,1038
48170,950,1037
48171,949,1037
48172,952,1039
48173,957,1038
48174,958,1040
48175,958,1034
48176,953,1034
48177,954,1037
48178,955,1040
48179,960,1041
48180,960,1039
48181,956,1033
48182,954,1032
48183,954,1031
48184,958,1032
48185,959,1033
48186,959,1030
48187,958,1028
48188,957,1025
48189,958,1028
48190,960,1028
48191,961,1031
48192,963,1026
48193,964,1023
48194,961,1020
48195,962,1021
48196,966,1024
48197,971,1025
48198,973,1021
48199,973,1016
48200,971,1012
48201,973,1014
48202,973,1017
48203,973,1016
48204,975,1014
48205,975,1011
48206,973,1009
48207,972,1009
48208,975,1013
48209,977,1016
48210,977,1013
48211,977,1012
48212,977,1008
48213,981,1007
48214,980,1009
48215,984,1013
48216,985,1011
48217,986,1009
48218,986,1005
48219,988,1007
48220,992,1008
48221,996,1010
48222,998,1009
48223,996,1005
48224,995,1003
48225,997,1003
48226,997,1007
48227,998,1009
48228,999,1010
48229,995,1010
48230,992,1007
48231,993,1009
48232,997,1010
48233,999,1016
48234,999,1014
48235,993,1013
48236,987,1017
48237,983,1021
48238,984,1023
48239,987,1024
48240,986,1024
48241,982,1025
48242,982,1024
48243,977,1027
48244,978,1028
48245,978,1029
48246,978,1030
48247,975,1030
48248,973,1029
48249,972,1031
48250,973,1035
48251,976,1037
48252,975,1038
48253,972,1036
48254,967,1035
48255,964,1038
48256,967,1041
48257,970,1043
48258,967,1043
48259,964,1040
48260,964,1038
48261,962,1042
48262,959,1046
48263,963,1045
48264,967,1043
48265,965,1040
48266,965,1039
48267,966,1039
48268,968,1043
48269,969,1045
48270,971,1043
48271,971,1041
48272,969,1037
48273,973,1041
48274,975,1040
48275,980,1042
48276,980,1037
48277,982,1038
48278,982,1038
48279,987,1036
48280,993,1038
48281,1000,1039
48282,1006,1036
48283,1006,1037
48284,1003,1035
48285,1009,1039
48286,1015,1042
48287,1028,1041
48288,1038,1030
48289,1045,1018
48290,1052,1002
48291,1065,990
48292,1082,981
48293,1099,971
48294,1112,958
48295,1121,944
48296,1128,931
48297,1142,914
48298,1158,899
48299,1176,888
48300,1190,874
48301,1196,864
48302,1202,850
48303,1205,845
48304,1207,849
48305,1206,853
48306,1200,857
48307,1195,855
48308,1186,857
48309,1177,859
48310,1167,865
48311,1157,869
48312,1139,879
48313,1122,884
48314,1103,891
48315,1085,904
48316,1069,916
48317,1061,926
48318,1051,934
48319,1040,942
48320,1035,952
48321,1033,967
48322,1035,973
48323,1033,983
48324,1034,987
48325,1039,991
48326,1043,996
48327,1057,1002
48328,1066,1006
48329,1066,1007
48330,1049,1013
48331,1019,1017
48332,985,1021
48333,963,1032
48334,948,1043
48335,944,1053
48336,942,1062
48337,936,1062
48338,930,1066
48339,923,1068
48340,922,1071
48341,918,1075
48342,916,1076
48343,912,1076
48344,906,1075
48345,904,1077
48346,905,1082
48347,907,1085
48348,905,1084
48349,902,1082
48350,898,1080
48351,894,1081
48352,893,1084
48353,892,1088
48354,890,1087
48355,884,1085
48356,884,1088
48357,879,1091
48358,880,1094
48359,882,1098
48360,881,1096
48361,877,1098
48362,874,1102
48363,874,1104
48364,877,1111
48365,880,1114
48366,878,1117
48367,874,1117
48368,869,1118
48369,871,1120
48370,871,1125
48371,875,1128
48372,874,1131
48373,871,1130
48374,864,1129
48375,863,1135
48376,866,1139
48377,868,1142
48378,868,1141
48379,865,1141
48380,865,1138
48381,864,1142
48382,867,1144
48383,870,1147
48384,870,1148
48385,872,1146
48386,871,1144
48387,874,1145
48388,876,1148
48389,879,1147
48390,886,1142
48391,889,1134
48392,887,1131
48393,890,1131
48394,896,1132
48395,899,1130
48396,903,1122
48397,903,1116
48398,903,1110
48399,907,1104
48400,915,1106
48401,919,1104
48402,926,1096
48403,925,1090
48404,927,1085
48405,933,1083
48406,938,1084
48407,944,1080
48408,945,1077
48409,947,1074
48410,945,1067
48411,947,1068
48412,951,1067
48413,956,1065
48414,955,1063
48415,956,1060
48416,951,1055
48417,953,1054
48418,957,1059
48419,960,1057
48420,960,1053
48421,960,1051
48422,958,1049
48423,958,1048
48424,959,1049
48425,961,1049
48426,962,1049
48427,962,1045
48428,961,1045
48429,959,1043
48430,961,1044
48431,963,1044
48432,962,1040
48433,961,1040
48434,957,1037
48435,956,1041
48436,960,1042
48437,963,1042
48438,963,1042
48439,962,1037
48440,956,1033
48441,953,1035
48442,958,1038
48443,962,1038
48444,960,1040
48445,959,1036
48446,957,1033
48447,956,1035
48448,959,1036
48449,961,1035
48450,960,1034
48451,961,1033
48452,959,1031
48453,960,1034
48454,961,1038
48455,965,1038
48456,964,1039
48457,964,1033
48458,964,1035
48459,963,1037
48460,965,1037
48461,966,1038
48462,970,1036
48463,969,1034
48464,967,1035
48465,968,1039
48466,968,1042
48467,974,1041
48468,973,1040
48469,971,1039
48470,970,1038
48471,970,1041
48472,973,1039
48473,977,1041
48474,977,1039
48475,974,1033
48476,969,1036
48477,970,1035
48478,972,1039
48479,975,1040
48480,974,1038
48481,972,1033
48482,969,1033
48483,970,1033
48484,972,1036
48485,975,1036
48486,972,1035
48487,972,1033
48488,967,1031
48489,965,1031
48490,969,1031
48491,972,1035
48492,973,1034
48493,971,1028
48494,965,1026
48495,962,1029
48496,967,1033
48497,969,1034
48498,969,1033
48499,968,1029
48500,968,1031
48501,967,1033
48502,969,1035
48503,972,1035
48504,970,1035
48505,969,1033
48506,965,1032
48507,963,1033
48508,967,1035
48509,971,1039
48510,970,1038
48511,970,1034
48512,966,1032
48513,964,1033
48514,968,1034
48515,973,1037
48516,972,1035
48517,970,1032
48518,968,1031
48519,967,1035
48520,970,1037
48521,970,1036
48522,971,1036
48523,970,1033
48524,967,1032
48525,967,1033
48526,969,1036
48527,975,1035
48528,975,1033
48529,974,1031
48530,969,1030
48531,970,1031
48532,971,1028
48533,973,1031
48534,974,1029
48535,971,1028
48536,970,1027
48537,971,1029
48538,971,1029
48539,976,1031
48540,977,1032
48541,975,1029
48542,975,1028
48543,975,1031
48544,976,1030
48545,977,1034
48546,981,1033
48547,979,1029
48548,978,1029
48549,980,1026
48550,984,1033
48551,988,1035
48552,985,1032
48553,987,1027
48554,989,1024
48555,991,1027
48556,998,1024
48557,1007,1025
48558,1018,1023
48559,1027,1018
48560,1041,1016
48561,1060,1017
48562,1084,1015
48563,1112,1007
48564,1140,1001
48565,1167,993
48566,1193,992
48567,1218,998
48568,1242,1010
48569,1253,1029
48570,1247,1039
48571,1222,1039
48572,1179,1038
48573,1129,1044
48574,1079,1054
48575,1026,1063
48576,983,1067
48577,957,1067
48578,952,1060
48579,962,1053
48580,967,1047
48581,973,1040
48582,974,1034
48583,972,1028
48584,968,1028
48585,966,1030
48586,968,1029
48587,969,1029
48588,968,1029
48589,965,1027
48590,960,1028
48591,961,1028
48592,960,1032
48593,962,1035
48594,965,1033
48595,963,1028
48596,961,1027
48597,963,1029
48598,963,1030
48599,966,1032
48600,964,1030
48601,962,1026
48602,959,1026
48603,959,1030
48604,960,1031
48605,964,1037
48606,963,1032
48607,959,1029
48608,958,1027
48609,957,1030
48610,958,1032
48611,961,1035
48612,963,1033
48613,959,1032
48614,954,1027
48615,960,1030
48616,960,1032
48617,964,1034
48618,967,1032
48619,962,1031
48620,960,1030
48621,961,1032
48622,964,1033
48623,967,1032
48624,967,1032
48625,964,1030
48626,961,1030
48627,961,1031
48628,967,1032
48629,971,1033
48630,972,1032
48631,969,1030
48632,964,1026
48633,964,1027
48634,970,1029
48635,972,1031
48636,973,1027
48637,968,1025
48638,967,1023
48639,967,1024
48640,971,1025
48641,975,1025
48642,976,1023
48643,973,1019
48644,970,1013
48645,971,1016
48646,977,1016
48647,980,1014
48648,982,1013
48649,977,1008
48650,975,1004
48651,978,1007
48652,982,1007
48653,985,1009
48654,985,1005
48655,985,1002
48656,984,1001
48657,985,1002
48658,986,1004
48659,989,1002
48660,991,1000
48661,989,999
48662,988,998
48663,992,998
48664,996,1000
48665,1002,1002
48666,1002,998
48667,1002,996
48668,997,996
48669,997,997
48670,1000,998
48671,1008,1002
48672,1009,1000
48673,1005,999
48674,1005,996
48675,1004,1000
48676,1007,1004
48677,1007,1005
48678,1008,1006
48679,1007,1006
48680,1004,1007
48681,1002,1008
48682,1002,1010
48683,1005,1015
48684,1001,1014
48685,997,1013
48686,993,1012
48687,991,1019
48688,989,1021
48689,990,1021
48690,989,1022
48691,985,1020
48692,980,1021
48693,981,1025
48694,978,1026
48695,977,1027
48696,979,1026
48697,973,1027
48698,971,1026
48699,970,1030
48700,975,1031
48701,977,1035
48702,977,1032
48703,974,1030
48704,971,1031
48705,970,1030
48706,972,1033
48707,974,1035
48708,971,1033
48709,969,1032
48710,965,1030
48711,966,1030
48712,968,1033
48713,973,1036
48714,970,1035
48715,969,1033
48716,965,1034
48717,962,1037
48718,967,1042
48719,970,1045
48720,971,1041
48721,970,1038
48722,967,1037
48723,969,1040
48724,974,1041
48725,975,1043
48726,976,1037
48727,973,1037
48728,972,1035
48729,971,1034
48730,976,1041
48731,979,1042
48732,978,1037
48733,975,1036
48734,972,1033
48735,971,1032
48736,974,1039
48737,976,1037
48738,975,1032
48739,972,1032
48740,973,1030
48741,972,1031
48742,975,1030
48743,976,1032
48744,981,1028
48745,979,1025
48746,979,1025
48747,974,1030
48748,976,1030
48749,981,1030
48750,982,1027
48751,979,1022
48752,975,1027
48753,974,1027
48754,979,1029
48755,981,1030
48756,982,1027
48757,982,1026
48758,979,1026
48759,978,1027
48760,980,1027
48761,981,1033
48762,982,1030
48763,979,1025
48764,976,1026
48765,975,1026
48766,979,1030
48767,981,1032
48768,982,1032
48769,978,1031
48770,976,1030
48771,973,1034
48772,971,1037
48773,976,1038
48774,976,1039
48775,975,1035
48776,973,1034
48777,973,1038
48778,974,1041
48779,973,1041
48780,976,1039
48781,973,1036
48782,973,1035
48783,972,1037
48784,973,1041
48785,975,1041
48786,975,1036
48787,975,1035
48788,969,1032
48789,972,1035
48790,974,1036
48791,976,1034
48792,975,1034
48793,975,1029
48794,973,1029
48795,970,1028
48796,973,1031
48797,975,1031
48798,975,1030
48799,970,1030
48800,970,1027
48801,971,1027
48802,972,1031
48803,975,1031
48804,974,1032
48805,972,1029
48806,969,1027
48807,970,1026
48808,974,1030
48809,976,1030
48810,973,1028
48811,970,1025
48812,967,1026
48813,971,1025
48814,972,1032
48815,974,1030
48816,972,1030
48817,970,1026
48818,966,1027
48819,968,1028
48820,970,1031
48821,972,1033
48822,973,1032
48823,970,1030
48824,969,1030
48825,969,1034
48826,975,1036
48827,975,1037
48828,975,1035
48829,975,1034
48830,974,1033
48831,977,1036
48832,981,1037
48833,987,1034
48834,992,1031
48835,995,1027
48836,1002,1024
48837,1016,1026
48838,1033,1027
48839,1056,1025
48840,1077,1021
48841,1101,1014
48842,1127,1003
48843,1158,997
48844,1187,997
48845,1214,997
48846,1233,1002
48847,1245,1011
48848,1247,1023
48849,1231,1032
48850,1205,1038
48851,1170,1041
48852,1125,1043
48853,1078,1050
48854,1026,1054
48855,985,1063
48856,959,1068
48857,954,1066
48858,954,1057
48859,956,1045
48860,957,1036
48861,963,1030
48862,963,1032
48863,966,1032
48864,960,1031
48865,960,1025
48866,956,1024
48867,955,1026
48868,960,1030
48869,959,1031
48870,958,1030
48871,955,1029
48872,952,1027
48873,954,1031
48874,955,1032
48875,957,1034
48876,956,1034
48877,950,1031
48878,946,1030
48879,947,1034
48880,948,1038
48881,952,1037
48882,950,1037
48883,949,1036
48884,947,1035
48885,948,1036
48886,950,1041
48887,953,1043
48888,956,1042
48889,951,1037
48890,951,1038
48891,948,1041
48892,951,1042
48893,955,1041
48894,955,1038
48895,956,1035
48896,955,1036
48897,954,1039
48898,956,1039
48899,958,1041
48900,957,1041
48901,955,1035
48902,952,1033
48903,950,1033
48904,954,1036
48905,957,1034
48906,955,1034
48907,952,1031
48908,951,1031
48909,953,1032
48910,954,1033
48911,959,1033
48912,959,1027
48913,956,1024
48914,951,1024
48915,952,1026
48916,956,1030
48917,959,1028
48918,956,1023
48919,956,1021
48920,954,1019
48921,953,1020
48922,957,1021
48923,961,1022
48924,961,1019
48925,960,1017
48926,958,1016
48927,961,1018
48928,961,1020
48929,966,1020
48930,968,1016
48931,970,1012
48932,970,1013
48933,969,1015
48934,971,1016
48935,977,1019
48936,981,1014
48937,981,1011
48938,981,1007
48939,981,1008
48940,985,1010
48941,987,1013
48942,989,1013
48943,989,1011
48944,987,1010
48945,988,1011
48946,993,1013
48947,997,1016
48948,997,1012
48949,995,1008
48950,998,1007
48951,1000,1009
48952,1002,1012
48953,1007,1011
48954,1006,1009
48955,1003,1005
48956,999,1006
48957,1001,1008
48958,1004,1012
48959,1008,1012
48960,1007,1010
48961,1001,1010
48962,999,1011
48963,998,1015
48964,1003,1020
48965,1004,1020
48966,1000,1019
48967,992,1017
48968,989,1018
48969,988,1021
48970,988,1025
48971,988,1028
48972,987,1029
48973,981,1024
48974,978,1025
48975,977,1029
48976,977,1033
48977,977,1036
48978,975,1037
48979,972,1034
48980,968,1034
48981,968,1036
48982,972,1043
48983,973,1040
48984,975,1041
48985,970,1038
48986,966,1040
48987,968,1041
48988,969,1043
48989,970,1046
48990,970,1044
48991,969,1039
48992,964,1039
48993,966,1043
48994,968,1043
48995,969,1045
48996,970,1044
48997,970,1043
48998,967,1041
48999,967,1042
49000,971,1048
49001,974,1051
49002,972,1047
49003,970,1045
49004,969,1043
49005,970,1045
49006,975,1047
49007,978,1047
49008,977,1047
49009,973,1043
49010,973,1043
49011,973,1044
49012,977,1047
49013,980,1047
49014,980,1046
49015,977,1040
49016,976,1039
49017,975,1042
49018,977,1047
49019,979,1045
49020,979,1041
49021,977,1036
49022,975,1038
49023,974,1038
49024,977,1040
49025,979,1042
49026,978,1039
49027,978,1039
49028,974,1038
49029,972,1038
49030,978,1042
49031,979,1042
49032,979,1039
49033,977,1034
49034,975,1035
49035,974,1035
49036,976,1038
49037,976,1040
49038,978,1038
49039,976,1036
49040,971,1034
49041,974,1035
49042,975,1039
49043,978,1038
49044,979,1037
49045,976,1033
49046,974,1033
49047,971,1034
49048,976,1039
49049,978,1040
49050,979,1040
49051,974,1034
49052,973,1036
49053,971,1038
49054,975,1041
49055,978,1042
49056,981,1040
49057,980,1037
49058,977,1039
49059,977,1041
49060,977,1043
49061,980,1044
49062,982,1042
49063,977,1039
49064,979,1039
49065,980,1040
49066,981,1044
49067,983,1045
49068,983,1042
49069,978,1038
49070,977,1038
49071,975,1038
49072,977,1041
49073,981,1044
49074,979,1040
49075,977,1037
49076,974,1040
49077,976,1038
49078,975,1041
49079,977,1042
49080,979,1041
49081,978,1039
49082,975,1035
49083,972,1035
49084,976,1035
49085,979,1036
49086,978,1035
49087,978,1035
49088,975,1034
49089,977,1036
49090,979,1037
49091,979,1039
49092,976,1037
49093,975,1032
49094,974,1033
49095,970,1034
49096,974,1039
49097,978,1038
49098,978,1036
49099,973,1035
49100,972,1035
49101,973,1037
49102,976,1040
49103,980,1043
49104,977,1041
49105,974,1036
49106,973,1036
49107,975,1039
49108,975,1041
49109,978,1041
49110,978,1040
49111,978,1041
49112,977,1039
49113,976,1042
49114,980,1042
49115,981,1044
49116,982,1043
49117,979,1040
49118,976,1039
49119,976,1037
49120,978,1043
49121,980,1042
49122,980,1040
49123,977,1040
49124,977,1040
49125,979,1044
49126,980,1043
49127,984,1043
49128,983,1040
49129,979,1037
49130,978,1035
49131,979,1039
49132,981,1040
49133,985,1043
49134,985,1037
49135,983,1035
49136,980,1035
49137,984,1037
49138,986,1038
49139,995,1039
49140,996,1036
49141,997,1031
49142,997,1030
49143,1001,1030
49144,1010,1031
49145,1021,1028
49146,1033,1027
49147,1047,1024
49148,1064,1021
49149,1090,1020
49150,1123,1013
49151,1156,1003
49152,1186,997
49153,1212,997
49154,1237,1003
49155,1254,1020
49156,1262,1037
49157,1250,1046
49158,1212,1045
49159,1160,1049
49160,1105,1055
49161,1053,1065
49162,1010,1069
49163,985,1068
49164,974,1061
49165,976,1051
49166,983,1045
49167,989,1042
49168,992,1043
49169,989,1041
49170,986,1039
49171,981,1035
49172,978,1034
49173,976,1036
49174,976,1039
49175,979,1036
49176,977,1035
49177,974,1033
49178,972,1033
49179,971,1035
49180,974,1039
49181,976,1039
49182,974,1035
49183,971,1033
49184,971,1032
49185,972,1037
49186,973,1038
49187,974,1037
49188,974,1038
49189,974,1035
49190,971,1040
49191,972,1040
49192,974,1042
49193,976,1043
49194,976,1040
49195,973,1040
49196,973,1038
49197,970,1043
49198,973,1046
49199,978,1046
49200,978,1043
49201,975,1041
49202,971,1042
49203,974,1045
49204,974,1046
49205,976,1046
49206,977,1043
49207,974,1040
49208,971,1040
49209,971,1040
49210,975,1041
49211,976,1043
49212,975,1036
49213,972,1036
49214,968,1038
49215,968,1039
49216,976,1038
49217,980,1037
49218,978,1037
49219,979,1032
49220,974,1031
49221,975,1033
49222,980,1036
49223,982,1036
49224,982,1034
49225,981,1032
49226,979,1031
49227,980,1034
49228,987,1033
49229,987,1034
49230,989,1030
49231,992,1025
49232,990,1022
49233,994,1025
49234,997,1027
49235,1001,1026
49236,1001,1021
49237,1001,1019
49238,1001,1016
49239,1002,1019
49240,1007,1020
49241,1011,1020
49242,1010,1017
49243,1009,1013
49244,1006,1013
49245,1009,1015
49246,1012,1016
49247,1019,1014
49248,1016,1015
49249,1015,1012
49250,1013,1013
49251,1014,1013
49252,1016,1014
49253,1020,1013
49254,1020,1010
49255,1018,1006
49256,1015,1009
49257,1015,1012
49258,1018,1014
49259,1023,1016
49260,1021,1014
49261,1017,1014
49262,1013,1014
49263,1011,1014
49264,1014,1018
49265,1014,1019
49266,1011,1022
49267,1010,1018
49268,1006,1017
49269,1009,1024
49270,1012,1029
49271,1013,1030
49272,1006,1031
49273,1007,1030
49274,1003,1031
49275,1000,1033
49276,999,1040
49277,1004,1039
49278,1002,1039
49279,999,1035
49280,992,1035
49281,992,1035
49282,994,1039
49283,996,1040
49284,993,1039
49285,991,1037
49286,988,1037
49287,991,1039
49288,992,1042
49289,994,1041
49290,991,1041
49291,989,1039
49292,987,1039
49293,986,1040
49294,987,1042
49295,990,1043
49296,989,1042
49297,987,1037
49298,984,1040
49299,984,1040
49300,985,1043
49301,986,1045
49302,984,1044
49303,985,1043
49304,984,1040
49305,984,1043
49306,990,1048
49307,996,1050
49308,999,1050
49309,999,1045
49310,1002,1045
49311,1005,1046
49312,1011,1053
49313,1017,1052
49314,1020,1053
49315,1023,1050
49316,1028,1046
49317,1038,1046
49318,1050,1043
49319,1066,1030
49320,1076,1017
49321,1085,1002
49322,1091,990
49323,1105,983
49324,1122,973
49325,1135,963
49326,1146,948
49327,1158,930
49328,1166,915
49329,1183,901
49330,1197,889
49331,1215,878
49332,1224,868
49333,1227,859
49334,1223,858
49335,1221,860
49336,1222,865
49337,1216,867
49338,1209,863
49339,1200,859
49340,1189,860
49341,1170,863
49342,1154,866
49343,1140,867
49344,1118,875
49345,1094,879
49346,1069,886
49347,1051,900
49348,1039,913
49349,1031,925
49350,1023,932
49351,1015,942
49352,1008,952
49353,1005,962
49354,1007,971
49355,1013,981
49356,1025,985
49357,1037,988
49358,1050,993
49359,1062,999
49360,1064,1003
49361,1055,1009
49362,1035,1017
49363,1006,1023
49364,982,1028
49365,966,1037
49366,959,1049
49367,956,1060
49368,951,1064
49369,947,1067
49370,937,1068
49371,936,1069
49372,933,1075
49373,935,1079
49374,929,1080
49375,925,1078
49376,922,1079
49377,919,1084
49378,920,1089
49379,921,1090
49380,917,1093
49381,915,1090
49382,911,1091
49383,909,1093
49384,913,1098
49385,914,1100
49386,910,1101
49387,908,1099
49388,905,1101
49389,903,1102
49390,907,1104
49391,907,1106
49392,909,1107
49393,903,1105
49394,901,1104
49395,900,1110
49396,903,1115
49397,902,1117
49398,900,1116
49399,899,1115
49400,897,1117
49401,898,1119
49402,899,1125
49403,902,1127
49404,900,1126
49405,897,1123
49406,895,1126
49407,896,1129
49408,898,1133
49409,901,1135
49410,902,1132
49411,898,1130
49412,899,1134
49413,900,1135
49414,902,1141
49415,905,1142
49416,905,1144
49417,904,1141
49418,901,1141
49419,905,1145
49420,911,1151
49421,913,1148
49422,914,1147
49423,913,1145
49424,913,1145
49425,917,1150
49426,922,1150
49427,927,1147
49428,930,1144
49429,929,1140
49430,929,1141
49431,932,1140
49432,935,1140
49433,942,1138
49434,943,1136
49435,946,1130
49436,946,1124
49437,950,1127
49438,955,1125
49439,959,1120
49440,961,1113
49441,962,1106
49442,964,1105
49443,966,1101
49444,970,1101
49445,972,1092
49446,973,1088
49447,972,1083
49448,973,1079
49449,974,1078
49450,977,1079
49451,979,1073
49452,977,1069
49453,973,1062
49454,972,1060
49455,970,1060
49456,973,1062
49457,975,1061
49458,976,1055
49459,975,1052
49460,971,1050
49461,971,1050
49462,973,1052
49463,977,1050
49464,975,1049
49465,973,1043
49466,970,1042
49467,972,1042
49468,974,1044
49469,976,1042
49470,977,1039
49471,974,1035
49472,970,1035
49473,972,1040
49474,974,1043
49475,975,1043
49476,975,1037
49477,973,1035
49478,968,1035
49479,969,1036
49480,971,1038
49481,975,1039
49482,974,1039
49483,970,1035
49484,970,1037
49485,970,1039
49486,971,1044
49487,975,1046
49488,974,1042
49489,972,1038
49490,971,1040
49491,971,1042
49492,973,1042
49493,974,1044
49494,975,1039
49495,972,1040
49496,972,1041
49497,972,1044
49498,975,1045
49499,980,1042
49500,979,1043
49501,975,1039
49502,972,1042
49503,971,1042
49504,973,1046
49505,979,1044
49506,979,1044
49507,978,1041
49508,974,1043
49509,974,1042
49510,976,1044
49511,979,1044
49512,978,1041
49513,975,1038
49514,976,1036
49515,976,1038
49516,976,1039
49517,979,1039
49518,974,1035
49519,973,1032
49520,970,1032
49521,969,1035
49522,973,1036
49523,976,1034
49524,976,1030
49525,973,1028
49526,973,1027
49527,971,1031
49528,972,1034
49529,977,1032
49530,976,1030
49531,973,1028
49532,971,1028
49533,973,1035
49534,973,1035
49535,978,1036
49536,979,1035
49537,978,1032
49538,975,1033
49539,974,1035
49540,977,1039
49541,981,1038
49542,978,1038
49543,976,1036
49544,974,1035
49545,974,1040
49546,977,1042
49547,979,1042
49548,977,1041
49549,972,1039
49550,971,1037
49551,970,1039
49552,974,1045
49553,978,1046
49554,975,1040
49555,971,1037
49556,970,1037
49557,972,1039
49558,974,1041
49559,978,1041
49560,979,1040
49561,974,1037
49562,971,1036
49563,971,1037
49564,976,1038
49565,980,1040
49566,978,1036
49567,976,1033
49568,975,1030
49569,975,1032
49570,976,1035
49571,978,1035
49572,978,1035
49573,976,1032
49574,973,1031
49575,975,1034
49576,976,1036
49577,977,1036
49578,975,1035
49579,975,1034
49580,971,1035
49581,971,1038
49582,974,1039
49583,977,1038
49584,976,1040
49585,973,1036
49586,971,1036
49587,971,1038
49588,971,1042
49589,975,1038
49590,974,1036
49591,974,1033
49592,971,1033
49593,970,1034
49594,975,1038
49595,977,1039
49596,977,1035
49597,974,1030
49598,973,1029
49599,974,1033
49600,979,1034
49601,984,1036
49602,984,1035
49603,980,1030
49604,978,1029
49605,980,1032
49606,982,1035
49607,984,1032
49608,988,1031
49609,987,1031
49610,986,1029
49611,985,1031
49612,987,1031
49613,990,1031
49614,994,1026
49615,997,1020
49616,1003,1018
49617,1019,1019
49618,1037,1018
49619,1060,1016
49620,1085,1012
49621,1112,1003
49622,1142,994
49623,1175,992
49624,1203,997
49625,1225,1008
49626,1240,1023
49627,1236,1034
49628,1212,1039
49629,1174,1044
49630,1124,1051
49631,1071,1058
49632,1014,1064
49633,972,1067
49634,951,1066
49635,952,1063
49636,963,1057
49637,973,1051
49638,975,1043
49639,976,1037
49640,973,1036
49641,971,1038
49642,972,1037
49643,975,1038
49644,973,1034
49645,969,1031
49646,966,1029
49647,965,1035
49648,968,1037
49649,969,1038
49650,969,1034
49651,966,1029
49652,965,1029
49653,967,1033
49654,967,1036
49655,969,1035
49656,968,1032
49657,961,1028
49658,960,1030
49659,962,1030
49660,963,1033
49661,966,1032
49662,964,1032
49663,961,1031
49664,960,1032
49665,957,1034
49666,957,1036
49667,960,1036
49668,961,1036
49669,958,1034
49670,956,1033
49671,954,1036
49672,959,1037
49673,960,1037
49674,959,1034
49675,958,1033
49676,953,1035
49677,956,1036
49678,959,1041
49679,963,1040
49680,964,1037
49681,963,1033
49682,963,1029
49683,963,1030
49684,968,1031
49685,969,1031
49686,970,1029
49687,969,1026
49688,970,1025
49689,971,1027
49690,976,1026
49691,980,1026
49692,980,1021
49693,979,1019
49694,977,1019
49695,980,1021
49696,981,1020
49697,985,1016
49698,984,1013
49699,982,1009
49700,980,1010
49701,980,1012
49702,983,1015
49703,987,1011
49704,988,1009
49705,990,1005
49706,991,1004
49707,990,1005
49708,996,1006
49709,997,1006
49710,996,1004
49711,993,1002
49712,993,998
49713,993,1003
49714,998,1003
49715,1000,1002
49716,1001,1003
49717,997,999
49718,996,999
49719,999,1003
49720,1003,1003
49721,1006,1005
49722,1003,999
49723,1004,1001
49724,999,999
49725,1003,1001
49726,1007,1006
49727,1012,1008
49728,1012,1007
49729,1011,1006
49730,1008,1009
49731,1007,1013
49732,1009,1017
49733,1010,1018
49734,1008,1020
49735,1007,1020
49736,1004,1020
49737,1001,1023
49738,1002,1027
49739,1004,1027
49740,1001,1024
49741,997,1026
49742,997,1027
49743,993,1031
49744,994,1036
49745,994,1037
49746,993,1035
49747,988,1032
49748,987,1032
49749,985,1035
49750,987,1037
49751,987,1035
49752,987,1036
49753,984,1031
49754,981,1032
49755,980,1035
49756,984,1037
49757,985,1039
49758,986,1038
49759,980,1036
49760,979,1036
49761,979,1041
49762,981,1041
49763,985,1041
49764,981,1042
49765,978,1040
49766,975,1036
49767,980,1038
49768,980,1039
49769,985,1041
49770,983,1039
49771,981,1035
49772,978,1034
49773,978,1036
49774,979,1038
49775,981,1037
49776,980,1033
49777,981,1031
49778,979,1031
49779,981,1032
49780,983,1033
49781,987,1034
49782,987,1034
49783,984,1035
49784,984,1034
49785,987,1036
49786,991,1039
49787,996,1039
49788,994,1039
49789,991,1035
49790,987,1035
49791,988,1039
49792,989,1044
49793,994,1047
49794,993,1041
49795,989,1030
49796,988,1026
49797,989,1024
49798,992,1025
49799,992,1028
49800,990,1025
49801,989,1023
49802,986,1023
49803,988,1027
49804,988,1031
49805,993,1031
49806,988,1029
49807,986,1027
49808,985,1029
49809,985,1032
49810,988,1037
49811,991,1036
49812,987,1034
49813,986,1033
49814,984,1032
49815,987,1033
49816,991,1036
49817,989,1034
49818,989,1031
49819,985,1028
49820,985,1029
49821,986,1030
49822,988,1032
49823,990,1031
49824,986,1031
49825,984,1027
49826,982,1028
49827,981,1031
49828,987,1033
49829,989,1033
49830,989,1033
49831,992,1029
49832,991,1031
49833,991,1034
49834,995,1036
49835,999,1031
49836,1002,1027
49837,1005,1023
49838,1016,1019
49839,1032,1022
49840,1053,1022
49841,1075,1022
49842,1102,1015
49843,1133,1009
49844,1169,1003
49845,1205,1005
49846,1240,1017
49847,1261,1031
49848,1260,1044
49849,1240,1043
49850,1198,1042
49851,1149,1047
49852,1095,1058
49853,1039,1066
49854,984,1075
49855,955,1077
49856,953,1070
49857,964,1065
49858,973,1056
49859,980,1049
49860,983,1039
49861,980,1035
49862,978,1033
49863,979,1032
49864,977,1034
49865,979,1034
49866,978,1031
49867,972,1028
49868,969,1030
49869,969,1031
49870,969,1031
49871,971,1027
49872,968,1026
49873,966,1023
49874,961,1022
49875,963,1026
49876,966,1029
49877,968,1027
49878,964,1027
49879,963,1025
49880,962,1026
49881,962,1028
49882,963,1032
49883,966,1030
49884,964,1031
49885,964,1028
49886,962,1028
49887,961,1033
49888,966,1035
49889,968,1037
49890,967,1035
49891,965,1034
49892,965,1038
49893,965,1041
49894,969,1039
49895,973,1038
49896,972,1034
49897,970,1027
49898,967,1027
49899,969,1027
49900,972,1028
49901,977,1029
49902,977,1027
49903,974,1024
49904,972,1022
49905,973,1024
49906,978,1028
49907,982,1025
49908,981,1022
49909,980,1017
49910,979,1015
49911,980,1018
49912,983,1018
49913,984,1018
49914,983,1014
49915,980,1010
49916,981,1008
49917,982,1009
49918,985,1011
49919,989,1008
49920,986,1005
49921,986,1002
49922,985,1002
49923,988,1001
49924,991,1003
49925,996,1000
49926,993,996
49927,992,993
49928,992,993
49929,992,993
49930,996,997
49931,997,995
49932,995,993
49933,996,991
49934,993,994
49935,996,996
49936,1002,997
49937,1002,997
49938,1002,994
49939,1001,990
49940,1000,993
49941,1001,995
49942,1002,1000
49943,1006,999
49944,1003,1001
49945,998,1002
49946,999,1005
49947,999,1009
49948,1001,1016
49949,1005,1014
49950,1003,1015
49951,999,1016
49952,992,1017
49953,992,1023
49954,994,1027
49955,995,1029
49956,993,1031
49957,989,1033
49958,986,1035
49959,985,1037
49960,987,1040
49961,990,1041
49962,985,1035
49963,981,1034
49964,980,1034
49965,981,1037
49966,984,1040
49967,985,1040
49968,982,1042
49969,982,1040
49970,977,1041
49971,976,1044
49972,978,1047
49973,980,1045
49974,980,1043
49975,980,1040
49976,976,1040
49977,977,1041
49978,981,1047
49979,983,1046
49980,983,1043
49981,978,1040
49982,978,1040
49983,980,1040
49984,982,1043
49985,986,1043
49986,985,1039
49987,984,1037
49988,984,1037
49989,985,1040
49990,988,1043
49991,990,1042
49992,989,1037
49993,986,1038
49994,985,1036
49995,983,1040
49996,986,1040
49997,988,1042
49998,989,1041
49999,988,1040
50000,985,1039
50001,986,1038
50002,987,1043
50003,993,1041
50004,993,1039
50005,992,1036
50006,989,1035
50007,991,1038
50008,992,1038
50009,993,1039
50010,991,1036
50011,986,1035
50012,981,1036
50013,983,1040
50014,988,1042
50015,990,1042
50016,988,1042
50017,986,1040
50018,984,1042
50019,985,1044
50020,986,1045
50021,989,1044
50022,988,1041
50023,985,1040
50024,983,1039
50025,985,1041
50026,987,1043
50027,988,1043
50028,988,1041
50029,987,1037
50030,985,1039
50031,986,1038
50032,988,1044
50033,989,1042
50034,986,1040
50035,985,1038
50036,984,1039
50037,985,1042
50038,986,1043
50039,989,1041
50040,988,1038
50041,986,1038
50042,988,1038
50043,990,1040
50044,993,1044
50045,994,1044
50046,996,1038
50047,994,1036
50048,993,1037
50049,993,1042
50050,997,1039
50051,1000,1039
50052,1000,1037
50053,998,1035
50054,999,1031
50055,1005,1033
50056,1014,1033
50057,1026,1029
50058,1040,1026
50059,1056,1022
50060,1077,1021
50061,1105,1019
50062,1141,1016
50063,1179,1009
50064,1212,1002
50065,1243,1001
50066,1268,1008
50067,1282,1024
50068,1283,1039
50069,1264,1043
50070,1222,1045
50071,1165,1044
50072,1107,1053
50073,1052,1062
50074,1008,1067
50075,981,1067
50076,975,1061
50077,977,1052
50078,983,1044
50079,989,1041
50080,992,1042
50081,993,1041
50082,993,1039
50083,988,1035
50084,984,1036
50085,983,1040
50086,986,1044
50087,985,1038
50088,983,1037
50089,977,1035
50090,975,1036
50091,975,1037
50092,977,1042
50093,979,1042
50094,978,1039
50095,976,1036
50096,972,1038
50097,975,1039
50098,977,1044
50099,980,1042
50100,978,1042
50101,973,1039
50102,976,1040
50103,978,1043
50104,981,1045
50105,981,1042
50106,980,1039
50107,977,1037
50108,971,1037
50109,972,1036
50110,975,1040
50111,981,1037
50112,977,1036
50113,976,1032
50114,975,1032
50115,975,1034
50116,976,1037
50117,980,1036
50118,980,1036
50119,978,1036
50120,975,1035
50121,976,1036
50122,979,1038
50123,983,1038
50124,981,1035
50125,978,1033
50126,976,1035
50127,980,1036
50128,982,1039
50129,982,1035
50130,986,1034
50131,982,1031
50132,980,1031
50133,984,1033
50134,989,1033
50135,992,1032
50136,992,1029
50137,993,1026
50138,993,1022
50139,992,1024
50140,995,1025
50141,998,1021
50142,998,1020
50143,998,1014
50144,997,1014
50145,999,1013
50146,1002,1017
50147,1006,1017
50148,1005,1012
50149,1004,1008
50150,1003,1010
50151,1006,1009
50152,1011,1012
50153,1013,1008
50154,1014,1007
50155,1013,1007
50156,1012,1005
50157,1013,1008
50158,1017,1009
50159,1016,1008
50160,1018,1008
50161,1014,1005
50162,1012,1005
50163,1013,1009
50164,1017,1015
50165,1020,1015
50166,1021,1016
50167,1021,1015
50168,1018,1018
50169,1018,1022
50170,1017,1027
50171,1019,1028
50172,1017,1027
50173,1013,1027
50174,1012,1029
50175,1011,1032
50176,1010,1039
50177,1011,1039
50178,1008,1038
50179,1005,1039
50180,1002,1040
50181,1002,1042
50182,1001,1046
50183,1003,1047
50184,999,1045
50185,999,1043
50186,995,1043
50187,995,1045
50188,997,1049
50189,1000,1048
50190,1000,1045
50191,997,1044
50192,994,1045
50193,995,1048
50194,998,1049
50195,1001,1048
50196,1000,1044
50197,1000,1041
50198,997,1042
50199,1001,1043
50200,1005,1042
50201,1010,1042
50202,1008,1041
50203,1008,1038
50204,1008,1037
50205,1016,1040
50206,1022,1043
50207,1026,1043
50208,1029,1043
50209,1028,1042
50210,1036,1044
50211,1044,1047
50212,1057,1043
50213,1069,1038
50214,1081,1023
50215,1086,1009
50216,1100,998
50217,1116,985
50218,1130,976
50219,1147,960
50220,1160,944
50221,1172,924
50222,1182,907
50223,1198,890
50224,1218,876
50225,1232,862
50226,1242,850
50227,1246,843
50228,1240,841
50229,1236,843
50230,1235,844
50231,1227,841
50232,1220,840
50233,1204,838
50234,1185,841
50235,1164,848
50236,1149,858
50237,1130,866
50238,1109,873
50239,1086,883
50240,1070,898
50241,1060,911
50242,1057,924
50243,1060,939
50244,1056,946
50245,1046,953
50246,1044,967
50247,1051,978
50248,1068,986
50249,1080,992
50250,1090,994
50251,1082,995
50252,1063,1002
50253,1034,1012
50254,1005,1025
50255,981,1036
50256,971,1046
50257,961,1057
50258,957,1066
50259,956,1075
50260,951,1082
50261,950,1083
50262,943,1087
50263,939,1085
50264,936,1089
50265,935,1094
50266,936,1100
50267,934,1103
50268,928,1098
50269,924,1099
50270,921,1102
50271,922,1105
50272,920,1112
50273,923,1110
50274,921,1110
50275,917,1108
50276,914,1110
50277,914,1113
50278,917,1119
50279,917,1121
50280,915,1119
50281,908,1119
50282,906,1120
50283,908,1123
50284,908,1129
50285,910,1129
50286,907,1128
50287,902,1127
50288,899,1132
50289,902,1134
50290,901,1138
50291,903,1139
50292,902,1142
50293,898,1139
50294,897,1141
50295,894,1145
50296,898,1149
50297,900,1150
50298,900,1147
50299,899,1147
50300,898,1147
50301,900,1153
50302,902,1155
50303,904,1157
50304,904,1155
50305,905,1152
50306,904,1152
50307,904,1155
50308,910,1158
50309,916,1159
50310,922,1156
50311,920,1151
50312,920,1151
50313,922,1151
50314,927,1152
50315,936,1146
50316,939,1141
50317,940,1138
50318,943,1133
50319,947,1133
50320,950,1132
50321,957,1127
50322,960,1118
50323,961,1111
50324,961,1109
50325,965,1104
50326,968,1103
50327,970,1097
50328,970,1091
50329,969,1084
50330,969,1078
50331,970,1079
50332,975,1079
50333,976,1072
50334,978,1069
50335,974,1063
50336,971,1058
50337,973,1060
50338,974,1061
50339,976,1057
50340,975,1055
50341,972,1049
50342,970,1049
50343,971,1050
50344,974,1054
50345,977,1049
50346,977,1045
50347,972,1041
50348,970,1043
50349,971,1043
50350,975,1045
50351,976,1042
50352,976,1039
50353,975,1035
50354,974,1033
50355,975,1036
50356,978,1039
50357,981,1037
50358,980,1038
50359,978,1036
50360,977,1038
50361,977,1044
50362,984,1042
50363,987,1043
50364,985,1040
50365,980,1039
50366,980,1041
50367,984,1043
50368,987,1048
50369,990,1044
50370,989,1042
50371,986,1042
50372,987,1040
50373,989,1044
50374,992,1046
50375,995,1043
50376,992,1041
50377,988,1039
50378,990,1039
50379,992,1040
50380,996,1042
50381,998,1042
50382,996,1039
50383,992,1037
50384,989,1038
50385,990,1039
50386,995,1041
50387,995,1040
50388,992,1037
50389,987,1035
50390,986,1035
50391,988,1037
50392,988,1038
50393,990,1036
50394,988,1035
50395,986,1033
50396,982,1034
50397,987,1035
50398,989,1038
50399,990,1035
50400,988,1031
50401,984,1029
50402,983,1028
50403,982,1030
50404,986,1030
50405,986,1030
50406,989,1029
50407,985,1027
50408,985,1027
50409,983,1030
50410,988,1034
50411,990,1034
50412,990,1033
50413,987,1031
50414,984,1034
50415,987,1035
50416,991,1039
50417,990,1039
50418,991,1036
50419,989,1036
50420,989,1036
50421,990,1039
50422,992,1043
50423,993,1042
50424,994,1041
50425,992,1041
50426,990,1040
50427,992,1042
50428,993,1047
50429,998,1044
50430,995,1041
50431,990,1040
50432,991,1042
50433,991,1042
50434,991,1047
50435,996,1047
50436,995,1043
50437,992,1040
50438,990,1038
50439,990,1041
50440,990,1046
50441,991,1043
50442,989,1038
50443,988,1036
50444,985,1035
50445,988,1041
50446,990,1044
50447,992,1042
50448,989,1038
50449,985,1037
50450,982,1040
50451,985,1042
50452,986,1041
50453,986,1043
50454,986,1040
50455,982,1038
50456,979,1038
50457,981,1040
50458,982,1040
50459,987,1040
50460,983,1036
50461,981,1034
50462,977,1032
50463,980,1034
50464,983,1036
50465,984,1034
50466,981,1031
50467,981,1032
50468,980,1033
50469,979,1036
50470,986,1037
50471,991,1038
50472,988,1035
50473,986,1032
50474,989,1035
50475,990,1038
50476,994,1041
50477,996,1039
50478,995,1037
50479,989,1037
50480,989,1038
50481,993,1041
50482,999,1045
50483,999,1042
50484,998,1039
50485,995,1039
50486,995,1038
50487,997,1041
50488,1001,1045
50489,1000,1041
50490,999,1041
50491,993,1037
50492,991,1037
50493,994,1043
50494,997,1042
50495,1000,1040
50496,999,1040
50497,996,1037
50498,992,1038
50499,992,1039
50500,995,1044
50501,997,1042
50502,995,1040
50503,994,1038
50504,993,1037
50505,992,1038
50506,995,1041
50507,1000,1038
50508,999,1035
50509,993,1033
50510,992,1034
50511,995,1036
50512,994,1040
50513,997,1037
50514,996,1037
50515,994,1034
50516,990,1035
50517,993,1038
50518,995,1040
50519,993,1038
50520,992,1034
50521,991,1029
50522,990,1029
50523,991,1032
50524,994,1035
50525,998,1035
50526,999,1031
50527,995,1030
50528,995,1031
50529,998,1034
50530,999,1038
50531,1002,1037
50532,1000,1036
50533,999,1034
50534,998,1036
50535,1000,1038
50536,1004,1039
50537,1005,1038
50538,1003,1037
50539,1001,1038
50540,1000,1038
50541,1002,1041
50542,1005,1044
50543,1010,1043
50544,1010,1040
50545,1007,1039
50546,1008,1038
50547,1007,1042
50548,1010,1043
50549,1012,1041
50550,1012,1038
50551,1011,1036
50552,1011,1033
50553,1014,1035
50554,1018,1035
50555,1027,1030
50556,1034,1028
50557,1042,1023
50558,1056,1021
50559,1078,1023
50560,1101,1021
50561,1128,1012
50562,1159,1002
50563,1184,993
50564,1211,991
50565,1233,999
50566,1256,1008
50567,1269,1018
50568,1270,1025
50569,1250,1025
50570,1212,1030
50571,1171,1032
50572,1126,1044
50573,1083,1047
50574,1039,1045
50575,1006,1047
50576,991,1046
50577,994,1047
50578,998,1045
50579,1009,1035
50580,1008,1030
50581,1007,1029
50582,1003,1028
50583,1004,1032
50584,1003,1035
50585,1004,1034
50586,1006,1034
50587,1001,1031
50588,997,1034
50589,999,1038
50590,1001,1040
50591,1000,1037
50592,999,1036
50593,998,1036
50594,996,1037
50595,997,1038
50596,998,1043
50597,999,1041
50598,995,1038
50599,996,1036
50600,991,1038
50601,996,1039
50602,997,1041
50603,999,1039
50604,995,1037
50605,994,1035
50606,990,1037
50607,991,1039
50608,995,1042
50609,994,1039
50610,990,1039
50611,987,1038
50612,986,1039
50613,986,1040
50614,990,1043
50615,993,1040
50616,991,1039
50617,987,1036
50618,981,1036
50619,983,1038
50620,986,1041
50621,989,1037
50622,987,1035
50623,987,1033
50624,985,1033
50625,988,1035
50626,992,1036
50627,992,1034
50628,993,1033
50629,988,1030
50630,989,1032
50631,996,1036
50632,999,1038
50633,1001,1037
50634,1003,1036
50635,1001,1036
50636,1000,1035
50637,1004,1035
50638,1007,1039
50639,1012,1038
50640,1012,1032
50641,1009,1030
50642,1006,1029
50643,1012,1033
50644,1015,1036
50645,1016,1033
50646,1018,1031
50647,1015,1028
50648,1017,1028
50649,1021,1027
50650,1023,1030
50651,1027,1026
50652,1026,1024
50653,1024,1020
50654,1023,1020
50655,1026,1021
50656,1028,1020
50657,1030,1017
50658,1030,1016
50659,1025,1013
50660,1026,1011
50661,1028,1014
50662,1032,1014
50663,1033,1012
50664,1032,1011
50665,1031,1005
50666,1032,1007
50667,1037,1007
50668,1043,1010
50669,1043,1007
50670,1039,1004
50671,1036,1003
50672,1034,1006
50673,1035,1009
50674,1038,1011
50675,1040,1010
50676,1039,1009
50677,1035,1007
50678,1035,1010
50679,1038,1011
50680,1040,1014
50681,1041,1015
50682,1039,1015
50683,1034,1015
50684,1034,1019
50685,1036,1025
50686,1039,1027
50687,1039,1030
50688,1038,1030
50689,1034,1028
50690,1029,1034
50691,1029,1038
50692,1030,1043
50693,1033,1044
50694,1029,1041
50695,1026,1040
50696,1023,1043
50697,1023,1046
50698,1027,1047
50699,1026,1046
50700,1023,1047
50701,1019,1042
50702,1017,1046
50703,1018,1046
50704,1019,1048
50705,1019,1050
50706,1017,1044
50707,1014,1045
50708,1012,1044
50709,1015,1045
50710,1019,1048
50711,1018,1045
50712,1020,1043
50713,1016,1041
50714,1013,1041
50715,1013,1042
50716,1013,1044
50717,1016,1042
50718,1015,1040
50719,1013,1036
50720,1013,1036
50721,1013,1039
50722,1017,1038
50723,1017,1039
50724,1015,1038
50725,1013,1033
50726,1011,1033
50727,1012,1035
50728,1015,1032
50729,1014,1034
50730,1010,1029
50731,1005,1028
50732,1008,1030
50733,1009,1031
50734,1012,1035
50735,1014,1035
50736,1013,1030
50737,1010,1027
50738,1009,1028
50739,1013,1033
50740,1016,1037
50741,1016,1036
50742,1011,1031
50743,1013,1031
50744,1012,1032
50745,1014,1036
50746,1017,1038
50747,1020,1040
50748,1020,1036
50749,1017,1034
50750,1017,1033
50751,1017,1037
50752,1021,1040
50753,1022,1039
50754,1019,1039
50755,1018,1035
50756,1016,1035
50757,1017,1040
50758,1021,1042
50759,1022,1041
50760,1020,1042
50761,1014,1038
50762,1014,1039
50763,1013,1041
50764,1016,1043
50765,1016,1043
50766,1015,1040
50767,1011,1035
50768,1015,1035
50769,1015,1038
50770,1015,1039
50771,1017,1038
50772,1014,1037
50773,1015,1034
50774,1011,1035
50775,1013,1036
50776,1015,1041
50777,1016,1040
50778,1011,1035
50779,1007,1034
50780,1006,1033
50781,1006,1035
50782,1006,1037
50783,1008,1035
50784,1006,1030
50785,1004,1029
50786,1003,1028
50787,1003,1030
50788,1008,1035
50789,1008,1030
50790,1005,1030
50791,1002,1025
50792,1003,1030
50793,1007,1031
50794,1008,1034
50795,1012,1032
50796,1009,1033
50797,1006,1029
50798,1006,1032
50799,1008,1036
50800,1013,1039
50801,1014,1038
50802,1011,1036
50803,1008,1035
50804,1006,1037
50805,1009,1040
50806,1009,1045
50807,1012,1045
50808,1011,1040
50809,1006,1037
50810,1008,1039
50811,1010,1042
50812,1013,1044
50813,1014,1043
50814,1010,1041
50815,1008,1041
50816,1005,1042
50817,1005,1042
50818,1006,1046
50819,1009,1046
50820,1009,1045
50821,1007,1041
50822,1005,1042
50823,1007,1043
50824,1005,1046
50825,1006,1046
50826,1004,1040
50827,1003,1039
50828,1000,1039
50829,1001,1040
50830,1005,1044
50831,1005,1044
50832,1000,1041
50833,999,1039
50834,1000,1041
50835,1000,1041
50836,1002,1045
50837,1003,1044
50838,1002,1041
50839,996,1037
50840,996,1040
50841,995,1039
50842,996,1039
50843,998,1039
50844,996,1034
50845,993,1034
50846,995,1035
50847,996,1034
50848,1000,1035
50849,999,1035
50850,996,1036
50851,993,1033
50852,996,1035
50853,999,1038
50854,1004,1042
50855,1003,1040
50856,1002,1035
50857,1002,1036
50858,1003,1039
50859,1007,1039
50860,1004,1042
50861,1005,1045
50862,1003,1041
50863,1001,1040
50864,1002,1040
50865,1003,1043
50866,1007,1046
50867,1007,1045
50868,1003,1044
50869,1001,1043
50870,999,1043
50871,1002,1047
50872,1005,1046
50873,1006,1046
50874,1004,1041
50875,1001,1039
50876,1000,1042
50877,1004,1045
50878,1006,1047
50879,1007,1046
50880,1004,1042
50881,1004,1039
50882,1001,1042
50883,1003,1041
50884,1005,1045
50885,1005,1043
50886,1004,1040
50887,1004,1039
50888,1001,1039
50889,1003,1041
50890,1004,1043
50891,1004,1045
50892,1004,1041
50893,1001,1040
50894,1000,1038
50895,1001,1041
50896,1003,1041
50897,1002,1040
50898,999,1038
50899,996,1034
50900,997,1034
50901,997,1037
50902,1002,1041
50903,1004,1038
50904,1003,1037
50905,1000,1036
50906,1000,1039
50907,1001,1042
50908,1003,1045
50909,1010,1045
50910,1008,1043
50911,1005,1041
50912,1003,1040
50913,1007,1044
50914,1010,1046
50915,1010,1047
50916,1009,1046
50917,1007,1043
50918,1006,1045
50919,1005,1047
50920,1008,1048
50921,1008,1048
50922,1009,1044
50923,1007,1044
50924,1006,1044
50925,1007,1047
50926,1009,1048
50927,1009,1047
50928,1007,1046
50929,1004,1043
50930,1002,1045
50931,1006,1046
50932,1008,1048
50933,1007,1046
50934,1005,1045
50935,1004,1042
50936,1002,1045
50937,1007,1045
50938,1009,1046
50939,1011,1046
50940,1010,1042
50941,1009,1043
50942,1007,1044
50943,1006,1044
50944,1008,1045
50945,1006,1044
50946,1005,1043
50947,1003,1041
50948,1001,1042
50949,1003,1043
50950,1005,1045
50951,1007,1042
50952,1006,1037
50953,1002,1036
50954,1002,1037
50955,1003,1039
50956,1006,1040
50957,1008,1037
50958,1006,1036
50959,1002,1033
50960,1000,1034
50961,1001,1037
50962,1005,1042
50963,1009,1041
50964,1007,1040
50965,1004,1036
50966,999,1041
50967,1001,1042
50968,1002,1045
50969,1006,1043
50970,1005,1042
50971,1004,1039
50972,1002,1041
50973,1006,1046
50974,1007,1046
50975,1008,1046
50976,1007,1042
50977,1003,1039
50978,1006,1043
50979,1007,1045
50980,1012,1049
50981,1013,1048
50982,1011,1046
50983,1009,1046
50984,1006,1044
50985,1009,1049
50986,1011,1051
50987,1013,1050
50988,1010,1049
50989,1006,1045
50990,1009,1045
50991,1011,1050
50992,1013,1049
50993,1016,1050
50994,1015,1046
50995,1014,1044
50996,1011,1044
50997,1013,1046
50998,1018,1049
50999,1016,1049
51000,1013,1046
51001,1013,1042
51002,1013,1046
51003,1012,1046
51004,1016,1046
51005,1016,1047
51006,1013,1044
51007,1011,1040
51008,1009,1041
51009,1010,1044
51010,1012,1046
51011,1009,1042
51012,1009,1037
51013,1003,1036
51014,1004,1037
51015,1004,1038
51016,1008,1039
51017,1009,1039
51018,1008,1039
51019,1004,1035
51020,1004,1036
51021,1008,1041
51022,1014,1045
51023,1016,1043
51024,1014,1042
51025,1011,1041
51026,1011,1041
51027,1011,1043
51028,1015,1048
51029,1016,1043
51030,1015,1042
51031,1015,1040
51032,1015,1042
51033,1015,1043
51034,1019,1048
51035,1022,1045
51036,1021,1042
51037,1019,1038
51038,1020,1044
51039,1023,1046
51040,1027,1049
51041,1030,1046
51042,1030,1040
51043,1028,1036
51044,1031,1035
51045,1037,1035
51046,1052,1037
51047,1066,1034
51048,1079,1030
51049,1090,1026
51050,1114,1023
51051,1142,1019
51052,1176,1013
51053,1206,1004
51054,1235,999
51055,1259,998
51056,1286,1005
51057,1301,1021
51058,1298,1037
51059,1270,1041
51060,1222,1042
51061,1170,1044
51062,1119,1051
51063,1069,1056
51064,1029,1062
51065,1008,1058
51066,998,1055
51067,1002,1048
51068,1007,1042
51069,1011,1041
51070,1015,1044
51071,1014,1041
51072,1006,1036
51073,1001,1035
51074,1001,1041
51075,1002,1042
51076,1002,1044
51077,1001,1043
51078,1000,1041
51079,999,1040
51080,1000,1042
51081,1000,1046
51082,1002,1048
51083,1002,1048
51084,998,1045
51085,997,1041
51086,996,1044
51087,998,1048
51088,999,1053
51089,1001,1052
51090,999,1049
51091,995,1043
51092,996,1044
51093,997,1047
51094,1002,1049
51095,1004,1047
51096,1002,1045
51097,1000,1045
51098,998,1045
51099,999,1044
51100,1003,1048
51101,1001,1046
51102,998,1042
51103,999,1039
51104,999,1041
51105,1003,1047
51106,1006,1047
51107,1008,1044
51108,1005,1042
51109,1006,1037
51110,1004,1039
51111,1006,1041
51112,1009,1044
51113,1010,1043
51114,1007,1039
51115,1002,1038
51116,1003,1036
51117,1005,1039
51118,1007,1042
51119,1006,1038
51120,1009,1039
51121,1007,1036
51122,1007,1039
51123,1010,1039
51124,1015,1043
51125,1013,1042
51126,1014,1038
51127,1012,1039
51128,1012,1038
51129,1014,1042
51130,1018,1044
51131,1020,1042
51132,1020,1037
51133,1020,1036
51134,1020,1038
51135,1024,1039
51136,1027,1042
51137,1030,1039
51138,1027,1036
51139,1024,1034
51140,1025,1034
51141,1027,1038
51142,1030,1037
51143,1033,1035
51144,1030,1031
51145,1030,1029
51146,1031,1030
51147,1031,1030
51148,1036,1029
51149,1036,1029
51150,1036,1025
51151,1033,1024
51152,1033,1023
51153,1037,1025
51154,1043,1028
51155,1045,1026
51156,1044,1025
51157,1041,1020
51158,1041,1023
51159,1043,1023
51160,1046,1023
51161,1045,1022
51162,1045,1020
51163,1043,1018
51164,1043,1019
51165,1045,1024
51166,1045,1026
51167,1045,1026
51168,1042,1024
51169,1038,1024
51170,1035,1024
51171,1035,1030
51172,1038,1031
51173,1035,1030
51174,1031,1030
51175,1029,1030
51176,1026,1034
51177,1027,1036
51178,1026,1044
51179,1027,1043
51180,1024,1042
51181,1022,1041
51182,1020,1043
51183,1018,1047
51184,1021,1050
51185,1021,1051
51186,1018,1047
51187,1014,1047
51188,1012,1050
51189,1011,1054
51190,1014,1058
51191,1016,1055
51192,1013,1053
51193,1010,1052
51194,1008,1055
51195,1010,1054
51196,1012,1058
51197,1010,1057
51198,1008,1054
51199,1009,1052
51200,1008,1051
51201,1010,1053
51202,1012,1054
51203,1011,1053
51204,1011,1050
51205,1009,1048
51206,1009,1049
51207,1009,1049
51208,1012,1051
51209,1011,1049
51210,1009,1046
51211,1004,1047
51212,1008,1048
51213,1010,1049
51214,1011,1051
51215,1011,1048
51216,1008,1044
51217,1005,1042
51218,1006,1043
51219,1009,1043
51220,1012,1042
51221,1011,1040
51222,1010,1039
51223,1010,1036
51224,1005,1038
51225,1009,1040
51226,1010,1041
51227,1010,1039
51228,1008,1038
51229,1006,1036
51230,1009,1041
51231,1012,1043
51232,1017,1046
51233,1019,1045
51234,1016,1042
51235,1017,1041
51236,1015,1043
51237,1019,1048
51238,1022,1050
51239,1018,1048
51240,1015,1046
51241,1012,1043
51242,1011,1046
51243,1013,1045
51244,1016,1046
51245,1016,1047
51246,1015,1043
51247,1012,1044
51248,1010,1046
51249,1012,1048
51250,1018,1049
51251,1018,1045
51252,1014,1046
51253,1010,1043
51254,1008,1044
51255,1011,1047
51256,1013,1048
51257,1014,1047
51258,1013,1044
51259,1009,1040
51260,1009,1043
51261,1009,1046
51262,1012,1047
51263,1013,1044
51264,1007,1043
51265,1000,1039
51266,1001,1038
51267,1003,1043
51268,1005,1045
51269,1005,1044
51270,1003,1042
51271,997,1039
51272,1000,1039
51273,1002,1040
51274,1005,1043
51275,1002,1039
51276,1000,1036
51277,997,1035
51278,998,1035
51279,999,1038
51280,1002,1042
51281,1002,1041
51282,998,1037
51283,996,1038
51284,995,1042
51285,998,1043
51286,1004,1042
51287,1006,1043
51288,1002,1044
51289,1004,1039
51290,1000,1043
51291,1002,1044
51292,1003,1046
51293,1002,1044
51294,1001,1043
51295,997,1039
51296,998,1041
51297,998,1045
51298,1002,1047
51299,1003,1048
51300,1002,1046
51301,995,1045
51302,995,1047
51303,996,1051
51304,1001,1053
51305,1001,1052
51306,996,1049
51307,994,1048
51308,995,1049
51309,998,1052
51310,1004,1053
51311,1003,1051
51312,1004,1046
51313,1004,1048
51314,1003,1048
51315,1003,1052
51316,1005,1052
51317,1002,1049
51318,1001,1048
51319,999,1043
51320,1000,1047
51321,1000,1047
51322,1005,1049
51323,1006,1048
51324,1003,1044
51325,1001,1040
51326,999,1040
51327,1001,1043
51328,1000,1046
51329,1003,1045
51330,999,1044
51331,993,1039
51332,992,1040
51333,994,1042
51334,992,1045
51335,997,1043
51336,996,1040
51337,991,1037
51338,991,1039
51339,996,1042
51340,1000,1046
51341,1000,1047
51342,999,1042
51343,996,1044
51344,996,1044
51345,999,1045
51346,1004,1047
51347,1004,1045
51348,1003,1044
51349,1001,1044
51350,1003,1046
51351,1005,1048
51352,1007,1050
51353,1004,1048
51354,1003,1049
51355,1001,1047
51356,1004,1049
51357,1007,1051
51358,1008,1052
51359,1010,1050
51360,1006,1050
51361,1007,1046
51362,1008,1049
51363,1009,1051
51364,1010,1050
51365,1015,1046
51366,1019,1041
51367,1028,1039
51368,1037,1041
51369,1050,1039
51370,1070,1036
51371,1100,1032
51372,1130,1021
51373,1160,1008
51374,1196,1004
51375,1232,1006
51376,1266,1013
51377,1286,1029
51378,1295,1040
51379,1281,1046
51380,1249,1051
51381,1206,1052
51382,1155,1058
51383,1104,1063
51384,1046,1067
51385,994,1069
51386,964,1076
51387,959,1075
51388,973,1070
51389,983,1057
51390,989,1045
51391,992,1040
51392,994,1040
51393,994,1039
51394,995,1039
51395,995,1040
51396,993,1040
51397,989,1037
51398,990,1041
51399,988,1046
51400,990,1049
51401,988,1047
51402,985,1044
51403,983,1042
51404,983,1046
51405,985,1049
51406,987,1051
51407,986,1049
51408,982,1048
51409,982,1048
51410,982,1050
51411,983,1054
51412,986,1053
51413,985,1052
51414,983,1050
51415,983,1048
51416,983,1050
51417,986,1054
51418,988,1055
51419,985,1054
51420,987,1050
51421,983,1048
51422,981,1049
51423,985,1049
51424,987,1051
51425,991,1047
51426,986,1046
51427,983,1043
51428,983,1046
51429,986,1048
51430,988,1049
51431,988,1047
51432,984,1042
51433,981,1042
51434,981,1040
51435,983,1040
51436,986,1043
51437,985,1040
51438,984,1039
51439,982,1033
51440,983,1032
51441,986,1033
51442,988,1032
51443,990,1032
51444,991,1029
51445,991,1024
51446,993,1023
51447,994,1026
51448,997,1029
51449,997,1027
51450,996,1025
51451,995,1026
51452,1001,1027
51453,1003,1029
51454,1009,1031
51455,1009,1026
51456,1008,1022
51457,1004,1020
51458,1006,1022
51459,1009,1024
51460,1014,1024
51461,1017,1022
51462,1014,1019
51463,1013,1017
51464,1012,1019
51465,1018,1023
51466,1019,1023
51467,1023,1022
51468,1023,1019
51469,1022,1014
51470,1022,1013
51471,1024,1016
51472,1030,1016
51473,1029,1012
51474,1026,1011
51475,1020,1012
51476,1022,1010
51477,1025,1012
51478,1027,1015
51479,1029,1013
51480,1028,1011
51481,1027,1009
51482,1024,1011
51483,1027,1013
51484,1029,1017
51485,1026,1016
51486,1022,1013
51487,1022,1013
51488,1017,1017
51489,1020,1022
51490,1022,1027
51491,1021,1027
51492,1017,1022
51493,1011,1021
51494,1006,1024
51495,1003,1027
51496,1008,1031
51497,1004,1031
51498,1005,1030
51499,1000,1029
51500,995,1032
51501,995,1039
51502,999,1040
51503,998,1041
51504,998,1041
51505,995,1041
51506,997,1045
51507,1000,1049
51508,999,1052
51509,1000,1051
51510,999,1048
51511,995,1048
51512,995,1050
51513,996,1056
51514,999,1059
51515,1001,1056
51516,998,1055
51517,997,1053
51518,999,1056
51519,1004,1056
51520,1009,1058
51521,1015,1060
51522,1019,1059
51523,1020,1060
51524,1023,1060
51525,1029,1061
51526,1035,1065
51527,1044,1065
51528,1050,1058
51529,1061,1049
51530,1074,1037
51531,1087,1025
51532,1101,1012
51533,1117,998
51534,1133,985
51535,1146,971
51536,1161,956
51537,1176,947
51538,1189,934
51539,1202,914
51540,1221,895
51541,1236,877
51542,1251,867
51543,1263,859
51544,1268,861
51545,1268,857
51546,1260,853
51547,1256,851
51548,1250,854
51549,1243,856
51550,1232,860
51551,1213,862
51552,1189,865
51553,1163,870
51554,1141,881
51555,1122,892
51556,1105,906
51557,1087,915
51558,1072,925
51559,1064,940
51560,1057,952
51561,1055,967
51562,1052,976
51563,1051,986
51564,1050,995
51565,1056,998
51566,1071,1007
51567,1084,1010
51568,1090,1017
51569,1083,1021
51570,1061,1025
51571,1033,1032
51572,1003,1042
51573,986,1055
51574,977,1066
51575,972,1071
51576,963,1076
51577,954,1080
51578,951,1083
51579,945,1089
51580,944,1091
51581,943,1091
51582,942,1091
51583,935,1091
51584,930,1093
51585,929,1097
51586,931,1099
51587,928,1100
51588,923,1100
51589,920,1097
51590,918,1099
51591,919,1102
51592,921,1107
51593,919,1102
51594,917,1102
51595,912,1101
51596,910,1103
51597,912,1109
51598,913,1110
51599,912,1109
51600,910,1108
51601,905,1109
51602,904,1114
51603,907,1117
51604,912,1122
51605,913,1122
51606,910,1122
51607,906,1123
51608,906,1125
51609,906,1132
51610,908,1135
51611,909,1137
51612,905,1137
51613,903,1138
51614,901,1141
51615,905,1146
51616,907,1151
51617,908,1153
51618,904,1149
51619,903,1150
51620,901,1156
51621,903,1158
51622,907,1162
51623,910,1163
51624,909,1164
51625,908,1159
51626,910,1164
51627,911,1169
51628,916,1168
51629,919,1169
51630,917,1168
51631,917,1165
51632,918,1166
51633,923,1166
51634,927,1169
51635,931,1165
51636,930,1162
51637,929,1159
51638,931,1155
51639,937,1156
51640,943,1155
51641,947,1147
51642,948,1144
51643,949,1138
51644,956,1134
51645,960,1130
51646,966,1126
51647,969,1122
51648,969,1111
51649,969,1106
51650,972,1102
51651,975,1101
51652,980,1097
51653,987,1092
51654,981,1086
51655,981,1081
51656,983,1078
51657,990,1077
51658,994,1080
51659,997,1077
51660,997,1072
51661,997,1067
51662,999,1065
51663,1001,1066
51664,1004,1066
51665,1006,1065
51666,1003,1060
51667,999,1060
51668,1000,1057
51669,1002,1062
51670,1004,1063
51671,1004,1057
51672,1001,1055
51673,999,1053
51674,1001,1055
51675,1001,1054
51676,1000,1059
51677,1002,1058
51678,1001,1054
51679,997,1054
51680,998,1057
51681,1000,1057
51682,1004,1058
51683,1002,1058
51684,1001,1055
51685,997,1053
51686,998,1055
51687,1003,1055
51688,1006,1058
51689,1005,1055
51690,999,1053
51691,996,1050
51692,997,1052
51693,999,1054
51694,1001,1055
51695,1004,1051
51696,1003,1049
51697,1001,1046
51698,1000,1049
51699,1001,1050
51700,1008,1051
51701,1006,1048
51702,1006,1043
51703,1002,1038
51704,1000,1038
51705,1002,1040
51706,1006,1042
51707,1004,1040
51708,1004,1037
51709,1001,1039
51710,1003,1039
51711,1006,1043
51712,1006,1047
51713,1006,1044
51714,1004,1041
51715,1003,1042
51716,1004,1044
51717,1006,1047
51718,1009,1051
51719,1009,1049
51720,1008,1044
51721,1005,1042
51722,1005,1046
51723,1008,1045
51724,1013,1050
51725,1013,1048
51726,1011,1047
51727,1010,1045
51728,1011,1045
51729,1011,1048
51730,1011,1050
51731,1010,1049
51732,1009,1047
51733,1008,1046
51734,1007,1047
51735,1012,1050
51736,1014,1050
51737,1015,1050
51738,1010,1050
51739,1010,1046
51740,1010,1050
51741,1013,1050
51742,1012,1053
51743,1012,1052
51744,1008,1047
51745,1009,1048
51746,1004,1047
51747,1007,1050
51748,1008,1053
51749,1010,1050
51750,1008,1049
51751,1002,1046
51752,1002,1047
51753,1005,1050
51754,1007,1049
51755,1005,1048
51756,1001,1042
51757,998,1042
51758,1001,1044
51759,1003,1046
51760,1008,1045
51761,1005,1040
51762,1003,1035
51763,999,1038
51764,999,1040
51765,1002,1042
51766,1005,1044
51767,1009,1044
51768,1006,1043
51769,1004,1042
51770,1006,1042
51771,1010,1047
51772,1014,1048
51773,1014,1047
51774,1011,1046
51775,1010,1043
51776,1008,1047
51777,1013,1048
51778,1013,1051
51779,1014,1049
51780,1012,1044
51781,1008,1047
51782,1008,1048
51783,1011,1050
51784,1016,1052
51785,1016,1052
51786,1012,1049
51787,1012,1047
51788,1011,1051
51789,1014,1050
51790,1018,1053
51791,1016,1054
51792,1014,1049
51793,1012,1047
51794,1011,1048
51795,1011,1050
51796,1012,1052
51797,1012,1049
51798,1011,1045
51799,1009,1046
51800,1009,1047
51801,1008,1052
51802,1012,1051
51803,1012,1049
51804,1012,1047
51805,1008,1045
51806,1007,1045
51807,1009,1049
51808,1013,1050
51809,1011,1048
51810,1011,1043
51811,1005,1042
51812,1006,1044
51813,1005,1048
51814,1008,1047
51815,1008,1045
51816,1006,1044
51817,1004,1043
51818,1007,1046
51819,1009,1050
51820,1014,1049
51821,1014,1049
51822,1014,1048
51823,1014,1046
51824,1020,1047
51825,1023,1050
51826,1025,1051
51827,1025,1050
51828,1021,1047
51829,1021,1046
51830,1025,1044
51831,1031,1043
51832,1043,1041
51833,1054,1041
51834,1068,1036
51835,1084,1032
51836,1111,1031
51837,1146,1025
51838,1182,1019
51839,1220,1010
51840,1253,1006
51841,1283,1011
51842,1310,1025
51843,1324,1041
51844,1318,1054
51845,1283,1056
51846,1228,1058
51847,1167,1062
51848,1109,1070
51849,1050,1076
51850,1005,1080
51851,983,1076
51852,985,1069
51853,997,1060
51854,1008,1054
51855,1014,1050
51856,1014,1045
51857,1009,1045
51858,1006,1043
51859,1000,1041
51860,1000,1043
51861,1001,1045
51862,1005,1050
51863,1002,1046
51864,1001,1043
51865,995,1041
51866,993,1042
51867,994,1042
51868,997,1047
51869,998,1043
51870,996,1042
51871,996,1041
51872,995,1046
51873,999,1048
51874,1002,1048
51875,1003,1049
51876,1000,1047
51877,996,1045
51878,996,1048
51879,999,1051
51880,1001,1055
51881,1003,1051
51882,1001,1051
51883,999,1047
51884,996,1050
51885,998,1050
51886,1001,1053
51887,1000,1051
51888,1000,1048
51889,997,1046
51890,1000,1048
51891,1002,1050
51892,1003,1053
51893,1004,1052
51894,1003,1047
51895,999,1046
51896,999,1049
51897,1005,1054
51898,1005,1051
51899,1007,1050
51900,1003,1046
51901,1003,1046
51902,1003,1046
51903,1010,1047
51904,1012,1044
51905,1012,1043
51906,1012,1042
51907,1007,1041
51908,1007,1040
51909,1011,1044
51910,1013,1045
51911,1011,1040
51912,1013,1036
51913,1012,1035
51914,1009,1035
51915,1012,1036
51916,1014,1036
51917,1016,1033
51918,1017,1029
51919,1014,1029
51920,1014,1028
51921,1016,1032
51922,1021,1032
51923,1022,1031
51924,1023,1025
51925,1021,1024
51926,1024,1023
51927,1024,1023
51928,1025,1024
51929,1026,1023
51930,1024,1019
51931,1024,1019
51932,1025,1017
51933,1029,1019
51934,1032,1020
51935,1034,1018
51936,1031,1013
51937,1029,1012
51938,1033,1013
51939,1037,1016
51940,1040,1017
51941,1038,1014
51942,1040,1013
51943,1040,1012
51944,1039,1014
51945,1041,1016
51946,1043,1021
51947,1043,1021
51948,1043,1020
51949,1037,1020
51950,1036,1021
51951,1038,1026
51952,1039,1030
51953,1037,1029
51954,1035,1028
51955,1030,1032
51956,1029,1035
51957,1030,1039
51958,1032,1043
51959,1029,1042
51960,1024,1042
51961,1021,1042
51962,1020,1046
51963,1022,1051
51964,1025,1053
51965,1022,1053
51966,1019,1051
51967,1014,1051
51968,1016,1050
51969,1017,1055
51970,1021,1058
51971,1018,1057
51972,1018,1056
51973,1009,1052
51974,1009,1055
51975,1011,1058
51976,1015,1061
51977,1012,1056
51978,1010,1055
51979,1006,1051
51980,1008,1053
51981,1012,1055
51982,1014,1058
51983,1014,1058
51984,1011,1053
51985,1009,1051
51986,1009,1052
51987,1011,1051
51988,1016,1053
51989,1016,1052
51990,1015,1049
51991,1011,1046
51992,1013,1049
51993,1015,1051
51994,1018,1050
51995,1017,1048
51996,1018,1045
51997,1016,1045
51998,1016,1045
51999,1017,1048
52000,1020,1047
52001,1019,1046
52002,1020,1042
52003,1016,1045
52004,1012,1046
52005,1011,1050
52006,1016,1050
52007,1018,1050
52008,1016,1048
52009,1014,1049
52010,1016,1050
52011,1017,1053
52012,1019,1054
52013,1018,1051
52014,1012,1049
52015,1010,1048
52016,1010,1047
52017,1012,1050
52018,1014,1049
52019,1013,1044
52020,1010,1039
52021,1009,1039
52022,1008,1041
52023,1011,1042
52024,1014,1042
52025,1013,1042
52026,1013,1039
52027,1008,1036
52028,1006,1038
52029,1008,1041
52030,1009,1044
52031,1009,1043
52032,1008,1038
52033,1008,1038
52034,1007,1039
52035,1007,1044
52036,1008,1043
52037,1011,1043
52038,1010,1040
52039,1009,1037
52040,1007,1040
52041,1008,1043
52042,1011,1043
52043,1007,1041
52044,1003,1038
52045,1002,1037
52046,1003,1037
52047,1002,1042
52048,1007,1044
52049,1006,1041
52050,1008,1040
52051,1002,1041
52052,1001,1042
52053,1004,1044
52054,1008,1045
52055,1007,1046
52056,1006,1044
52057,1000,1046
52058,999,1048
52059,1000,1053
52060,1006,1054
52061,1007,1055
52062,1009,1053
52063,1006,1055
52064,1005,1056
52065,1005,1061
52066,1007,1057
52067,1009,1056
52068,1005,1053
52069,1001,1050
52070,997,1051
52071,1002,1055
52072,1006,1050
52073,1006,1050
52074,1004,1046
52075,1001,1044
52076,1004,1043
52077,1004,1048
52078,1006,1050
52079,1001,1047
52080,1003,1046
52081,1001,1043
52082,1002,1045
52083,1003,1045
52084,1005,1049
52085,1007,1048
52086,1005,1047
52087,1002,1044
52088,1005,1045
52089,1007,1048
52090,1010,1051
52091,1007,1048
52092,1004,1044
52093,1002,1044
52094,1003,1045
52095,1007,1049
52096,1011,1049
52097,1013,1047
52098,1009,1043
52099,1001,1044
52100,999,1045
52101,1002,1045
52102,1006,1049
52103,1007,1047
52104,1006,1044
52105,1001,1040
52106,1002,1044
52107,1002,1048
52108,1004,1051
52109,1003,1048
52110,1002,1048
52111,1002,1048
52112,1003,1052
52113,1006,1054
52114,1006,1057
52115,1007,1052
52116,1008,1049
52117,1007,1045
52118,1007,1045
52119,1009,1048
52120,1015,1048
52121,1015,1042
52122,1021,1035
52123,1027,1030
52124,1041,1030
52125,1057,1029
52126,1078,1027
52127,1101,1022
52128,1132,1013
52129,1161,1006
52130,1199,1003
52131,1236,1006
52132,1273,1016
52133,1299,1025
52134,1306,1034
52135,1288,1043
52136,1255,1046
52137,1205,1050
52138,1152,1058
52139,1098,1061
52140,1040,1068
52141,992,1071
52142,964,1075
52143,964,1074
52144,977,1069
52145,992,1060
52146,1002,1052
52147,1002,1046
52148,999,1042
52149,997,1044
52150,999,1044
52151,996,1044
52152,993,1040
52153,989,1040
52154,986,1042
52155,988,1042
52156,990,1046
52157,991,1046
52158,989,1044
52159,985,1043
52160,984,1043
52161,985,1048
52162,986,1050
52163,991,1051
52164,988,1050
52165,985,1048
52166,986,1052
52167,988,1053
52168,992,1052
52169,992,1050
52170,990,1047
52171,984,1043
52172,985,1045
52173,989,1045
52174,990,1048
52175,988,1046
52176,985,1043
52177,981,1041
52178,983,1042
52179,984,1045
52180,987,1045
52181,986,1043
52182,983,1039
52183,981,1040
52184,979,1040
52185,982,1043
52186,985,1042
52187,985,1040
52188,982,1040
52189,977,1037
52190,980,1040
52191,982,1040
52192,987,1042
52193,988,1039
52194,987,1037
52195,988,1035
52196,988,1036
52197,992,1037
52198,996,1038
52199,993,1035
52200,991,1032
52201,991,1030
52202,990,1032
52203,995,1032
52204,999,1032
52205,999,1028
52206,997,1028
52207,997,1025
52208,997,1028
52209,999,1028
52210,1003,1029
52211,1002,1028
52212,1003,1023
52213,1001,1020
52214,1003,1021
52215,1005,1022
52216,1006,1022
52217,1008,1020
52218,1010,1021
52219,1008,1019
52220,1013,1021
52221,1017,1024
52222,1022,1027
52223,1020,1026
52224,1016,1022
52225,1017,1021
52226,1018,1024
52227,1020,1023
52228,1019,1024
52229,1020,1019
52230,1021,1014
52231,1018,1011
52232,1018,1014
52233,1021,1017
52234,1026,1020
52235,1028,1019
52236,1025,1017
52237,1022,1016
52238,1019,1020
52239,1020,1024
52240,1019,1026
52241,1018,1028
52242,1014,1026
52243,1011,1025
52244,1008,1031
52245,1010,1035
52246,1012,1038
52247,1010,1038
52248,1006,1035
52249,1001,1037
52250,999,1041
52251,998,1045
52252,1002,1046
52253,1000,1044
52254,998,1044
52255,994,1046
52256,994,1049
52257,994,1049
52258,997,1053
52259,993,1050
52260,992,1047
52261,989,1049
52262,988,1051
52263,991,1053
52264,995,1058
52265,995,1055
52266,993,1053
52267,995,1052
52268,996,1055
52269,999,1057
52270,1002,1060
52271,1005,1058
52272,1004,1055
52273,1001,1055
52274,1000,1056
52275,1002,1060
52276,1007,1062
52277,1009,1062
52278,1009,1059
52279,1009,1057
52280,1013,1061
52281,1022,1063
52282,1030,1064
52283,1034,1063
52284,1036,1058
52285,1037,1058
52286,1045,1054
52287,1058,1050
52288,1075,1038
52289,1084,1027
52290,1094,1011
52291,1104,996
52292,1116,987
52293,1132,977
52294,1150,967
52295,1165,950
52296,1179,930
52297,1195,910
52298,1211,895
52299,1230,881
52300,1249,874
52301,1256,866
52302,1251,863
52303,1245,864
52304,1239,866
52305,1238,867
52306,1238,867
52307,1221,866
52308,1202,866
52309,1180,868
52310,1158,876
52311,1139,885
52312,1122,894
52313,1101,900
52314,1079,907
52315,1062,916
52316,1053,928
52317,1050,943
52318,1049,953
52319,1048,962
52320,1045,965
52321,1041,974
52322,1041,988
52323,1046,996
52324,1058,1007
52325,1071,1011
52326,1086,1011
52327,1090,1014
52328,1081,1021
52329,1055,1034
52330,1024,1040
52331,991,1050
52332,967,1058
52333,953,1069
52334,946,1083
52335,948,1091
52336,949,1095
52337,945,1096
52338,941,1094
52339,937,1095
52340,933,1098
52341,932,1104
52342,929,1106
52343,927,1109
52344,925,1106
52345,918,1105
52346,917,1109
52347,921,1115
52348,921,1116
52349,917,1116
52350,913,1116
52351,913,1115
52352,909,1119
52353,909,1121
52354,912,1127
52355,908,1125
52356,903,1125
52357,902,1122
52358,900,1125
52359,901,1132
52360,901,1133
52361,902,1134
52362,895,1134
52363,895,1134
52364,892,1137
52365,892,1140
52366,897,1146
52367,898,1148
52368,898,1145
52369,897,1144
52370,893,1150
52371,895,1156
52372,898,1160
52373,898,1156
52374,896,1158
52375,892,1158
52376,895,1161
52377,895,1166
52378,898,1168
52379,896,1169
52380,895,1168
52381,893,1169
52382,892,1172
52383,897,1175
52384,903,1182
52385,901,1178
52386,903,1176
52387,904,1177
52388,908,1179
52389,911,1180
52390,915,1182
52391,918,1176
52392,918,1172
52393,916,1170
52394,921,1168
52395,927,1166
52396,933,1164
52397,939,1158
52398,941,1152
52399,940,1146
52400,944,1144
52401,951,1140
52402,956,1137
52403,959,1131
52404,958,1123
52405,959,1117
52406,961,1118
52407,966,1114
52408,971,1111
52409,971,1104
52410,969,1099
52411,968,1094
52412,971,1093
52413,974,1093
52414,978,1092
52415,976,1087
52416,977,1079
52417,977,1077
52418,975,1076
52419,978,1074
52420,980,1073
52421,980,1069
52422,977,1067
52423,974,1064
52424,975,1062
52425,978,1063
52426,983,1064
52427,985,1063
52428,980,1060
52429,978,1060
52430,976,1059
52431,978,1060
52432,979,1062
52433,981,1060
52434,981,1057
52435,980,1055
52436,980,1058
52437,982,1062
52438,985,1064
52439,986,1062
52440,982,1060
52441,980,1058
52442,980,1060
52443,982,1064
52444,987,1063
52445,988,1061
52446,986,1059
52447,984,1058
52448,983,1060
52449,987,1063
52450,988,1063
52451,991,1063
52452,988,1058
52453,983,1058
52454,984,1059
52455,986,1063
52456,990,1061
52457,991,1061
52458,989,1055
52459,989,1055
52460,987,1059
52461,989,1057
52462,994,1059
52463,991,1058
52464,989,1055
52465,989,1052
52466,987,1056
52467,989,1059
52468,992,1058
52469,992,1055
52470,988,1055
52471,984,1053
52472,984,1052
52473,990,1055
52474,996,1054
52475,993,1051
52476,988,1049
52477,985,1048
52478,984,1052
52479,986,1052
52480,990,1053
52481,990,1051
52482,987,1046
52483,985,1049
52484,988,1051
52485,988,1054
52486,992,1055
52487,994,1054
52488,991,1056
52489,990,1051
52490,990,1055
52491,991,1059
52492,994,1060
52493,993,1058
52494,991,1054
52495,987,1053
52496,986,1055
52497,988,1058
52498,993,1061
52499,991,1058
52500,987,1055
52501,984,1054
52502,983,1056
52503,986,1059
52504,990,1061
52505,992,1059
52506,989,1054
52507,987,1052
52508,986,1053
52509,988,1056
52510,989,1059
52511,990,1057
52512,989,1054
52513,986,1052
52514,985,1055
52515,988,1057
52516,992,1056
52517,988,1056
52518,987,1051
52519,986,1051
52520,986,1054
52521,989,1055
52522,992,1057
52523,991,1054
52524,989,1052
52525,984,1049
52526,984,1052
52527,986,1053
52528,991,1056
52529,989,1052
52530,985,1048
52531,983,1047
52532,982,1047
52533,986,1051
52534,993,1052
52535,989,1052
52536,987,1049
52537,985,1048
52538,987,1051
52539,989,1055
52540,988,1058
52541,990,1060
52542,987,1054
52543,986,1056
52544,986,1055
52545,986,1062
52546,988,1061
52547,990,1058
52548,986,1055
52549,984,1055
52550,984,1058
52551,986,1061
52552,989,1061
52553,986,1062
52554,985,1060
52555,983,1059
52556,983,1061
52557,987,1063
52558,991,1063
52559,990,1063
52560,989,1059
52561,987,1058
52562,989,1061
52563,991,1060
52564,994,1061
52565,994,1060
52566,991,1058
52567,989,1054
52568,991,1058
52569,992,1059
52570,996,1058
52571,998,1055
52572,997,1053
52573,995,1052
52574,995,1051
52575,998,1053
52576,1001,1055
52577,1001,1054
52578,1000,1050
52579,998,1048
52580,997,1051
52581,1001,1053
52582,1002,1053
52583,1000,1051
52584,1000,1045
52585,997,1043
52586,1003,1040
52587,1009,1042
52588,1025,1044
52589,1038,1040
52590,1051,1037
52591,1067,1036
52592,1097,1033
52593,1132,1031
52594,1170,1024
52595,1201,1020
52596,1234,1017
52597,1263,1020
52598,1287,1028
52599,1306,1043
52600,1303,1053
52601,1275,1054
52602,1223,1057
52603,1165,1059
52604,1107,1071
52605,1049,1078
52606,1002,1081
52607,968,1079
52608,956,1075
52609,964,1072
52610,973,1065
52611,985,1064
52612,989,1058
52613,990,1055
52614,985,1054
52615,978,1051
52616,976,1053
52617,980,1055
52618,982,1057
52619,982,1055
52620,980,1052
52621,976,1051
52622,976,1053
52623,977,1056
52624,979,1057
52625,977,1053
52626,974,1048
52627,972,1048
52628,971,1051
52629,973,1054
52630,973,1054
52631,972,1051
52632,971,1048
52633,969,1046
52634,966,1049
52635,970,1052
52636,973,1052
52637,974,1052
52638,975,1047
52639,973,1048
52640,971,1050
52641,974,1053
52642,978,1055
52643,979,1056
52644,978,1053
52645,975,1053
52646,976,1055
52647,977,1059
52648,979,1058
52649,979,1056
52650,975,1054
52651,973,1052
52652,974,1054
52653,976,1057
52654,977,1055
52655,980,1055
52656,977,1050
52657,977,1051
52658,974,1051
52659,978,1053
52660,983,1053
52661,984,1052
52662,981,1047
52663,977,1047
52664,980,1048
52665,982,1050
52666,990,1050
52667,992,1048
52668,991,1044
52669,989,1038
52670,992,1040
52671,995,1039
52672,999,1040
52673,999,1037
52674,997,1033
52675,992,1031
52676,994,1034
52677,996,1037
52678,996,1035
52679,997,1038
52680,994,1032
52681,990,1030
52682,995,1033
52683,997,1035
52684,1001,1037
52685,1002,1034
52686,1002,1028
52687,1000,1027
52688,1000,1029
52689,1005,1032
52690,1008,1031
52691,1012,1030
52692,1009,1027
52693,1011,1027
52694,1010,1028
52695,1014,1032
52696,1020,1030
52697,1018,1031
52698,1016,1027
52699,1014,1025
52700,1014,1028
52701,1021,1030
52702,1027,1029
52703,1024,1028
52704,1023,1026
52705,1018,1024
52706,1018,1029
52707,1019,1033
52708,1023,1033
52709,1023,1035
52710,1021,1031
52711,1018,1035
52712,1016,1034
52713,1016,1038
52714,1018,1042
52715,1016,1041
52716,1015,1041
52717,1010,1041
52718,1008,1043
52719,1003,1046
52720,1003,1049
52721,1001,1047
52722,999,1048
52723,997,1044
52724,993,1047
52725,994,1050
52726,992,1052
52727,989,1051
52728,987,1049
52729,982,1046
52730,982,1052
52731,984,1054
52732,987,1057
52733,986,1057
52734,983,1055
52735,977,1055
52736,980,1058
52737,983,1060
52738,984,1062
52739,984,1061
52740,983,1059
52741,981,1058
52742,981,1062
52743,983,1066
52744,986,1068
52745,988,1065
52746,988,1063
52747,985,1062
52748,984,1063
52749,988,1065
52750,991,1066
52751,992,1065
52752,989,1060
52753,987,1058
52754,987,1061
52755,989,1061
52756,990,1061
52757,992,1058
52758,989,1056
52759,990,1054
52760,994,1055
52761,995,1058
52762,997,1059
52763,996,1055
52764,995,1052
52765,991,1049
52766,989,1049
52767,990,1049
52768,998,1052
52769,999,1046
52770,997,1046
52771,996,1042
52772,994,1046
52773,997,1051
52774,1001,1050
52775,995,1047
52776,992,1045
52777,990,1042
52778,988,1047
52779,990,1050
52780,991,1052
52781,989,1050
52782,985,1048
52783,981,1047
52784,983,1051
52785,984,1052
52786,988,1055
52787,983,1053
52788,981,1052
52789,980,1053
52790,979,1056
52791,983,1058
52792,987,1059
52793,984,1059
52794,982,1059
52795,981,1057
52796,981,1060
52797,984,1062
52798,987,1063
52799,988,1060
52800,985,1057
52801,979,1056
52802,980,1059
52803,983,1062
52804,987,1061
52805,987,1059
52806,983,1055
52807,981,1054
52808,978,1057
52809,980,1057
52810,985,1060
52811,983,1055
52812,983,1054
52813,982,1052
52814,982,1054
52815,984,1058
52816,984,1057
52817,985,1057
52818,982,1052
52819,982,1050
52820,979,1052
52821,982,1054
52822,984,1055
52823,983,1054
52824,976,1053
52825,977,1050
52826,975,1048
52827,978,1051
52828,982,1052
52829,981,1051
52830,978,1049
52831,975,1048
52832,975,1051
52833,981,1054
52834,983,1054
52835,984,1054
52836,982,1052
52837,978,1055
52838,980,1053
52839,985,1058
52840,985,1058
52841,985,1058
52842,984,1054
52843,981,1057
52844,981,1057
52845,984,1060
52846,987,1060
52847,986,1059
52848,983,1054
52849,982,1054
52850,982,1056
52851,986,1056
52852,988,1058
52853,987,1057
52854,986,1054
52855,987,1051
52856,987,1053
52857,989,1054
52858,996,1051
52859,1002,1046
52860,1012,1041
52861,1024,1039
52862,1042,1037
52863,1067,1040
52864,1100,1034
52865,1135,1024
52866,1172,1014
52867,1209,1009
52868,1245,1012
52869,1277,1023
52870,1300,1034
52871,1296,1043
52872,1271,1048
52873,1226,1049
52874,1171,1055
52875,1114,1066
52876,1050,1074
52877,984,1078
52878,942,1079
52879,931,1078
52880,942,1073
52881,961,1064
52882,973,1058
52883,974,1050
52884,973,1048
52885,969,1047
52886,970,1050
52887,974,1053
52888,976,1053
52889,975,1052
52890,972,1052
52891,970,1049
52892,970,1051
52893,971,1054
52894,974,1057
52895,972,1054
52896,970,1052
52897,970,1052
52898,970,1054
52899,972,1055
52900,975,1058
52901,973,1057
52902,968,1051
52903,967,1050
52904,964,1052
52905,969,1055
52906,971,1057
52907,969,1053
52908,967,1052
52909,967,1052
52910,963,1053
52911,967,1057
52912,967,1055
52913,969,1052
52914,966,1049
52915,966,1048
52916,965,1051
52917,969,1051
52918,974,1049
52919,970,1048
52920,969,1044
52921,967,1042
52922,967,1042
52923,970,1047
52924,973,1045
52925,973,1043
52926,967,1042
52927,964,1041
52928,964,1043
52929,966,1042
52930,970,1041
52931,969,1040
52932,968,1039
52933,964,1038
52934,967,1038
52935,970,1039
52936,977,1041
52937,977,1041
52938,976,1038
52939,977,1036
52940,979,1039
52941,985,1041
52942,986,1040
52943,990,1040
52944,986,1038
52945,989,1034
52946,988,1037
52947,993,1039
52948,997,1038
52949,997,1035
52950,995,1031
52951,993,1029
52952,996,1031
52953,999,1031
52954,1004,1031
52955,1006,1028
52956,1002,1023
52957,1002,1021
52958,1002,1024
52959,1005,1025
52960,1010,1026
52961,1010,1023
52962,1008,1021
52963,1006,1018
52964,1007,1020
52965,1010,1023
52966,1012,1024
52967,1013,1019
52968,1011,1018
52969,1009,1018
52970,1007,1019
52971,1012,1023
52972,1013,1023
52973,1011,1023
52974,1009,1022
52975,1005,1024
52976,1003,1026
52977,1002,1030
52978,1002,1032
52979,1001,1033
52980,999,1032
52981,994,1031
52982,993,1035
52983,994,1039
52984,997,1044
52985,993,1043
52986,990,1041
52987,986,1043
52988,989,1048
52989,990,1052
52990,991,1054
52991,989,1054
52992,987,1053
52993,983,1053
52994,981,1057
52995,984,1060
52996,985,1063
52997,984,1062
52998,982,1059
52999,979,1059
53000,976,1062
53001,976,1065
53002,981,1064
53003,983,1061
53004,981,1060
53005,977,1060
53006,976,1059
53007,980,1063
53008,985,1065
53009,986,1061
53010,985,1058
53011,986,1058
53012,984,1056
53013,987,1056
53014,989,1057
53015,988,1055
53016,984,1053
53017,983,1050
53018,984,1055
53019,985,1057
53020,989,1057
53021,988,1055
53022,986,1047
53023,981,1046
53024,984,1052
53025,986,1054
53026,988,1055
53027,986,1049
53028,982,1048
53029,977,1049
53030,980,1052
53031,983,1053
53032,988,1055
53033,984,1053
53034,983,1050
53035,978,1047
53036,977,1049
53037,980,1055
53038,987,1054
53039,987,1051
53040,986,1048
53041,983,1051
53042,985,1053
53043,988,1056
53044,991,1056
53045,989,1054
53046,985,1051
53047,983,1052
53048,983,1053
53049,985,1054
53050,988,1055
53051,988,1053
53052,984,1051
53053,982,1052
53054,983,1053
53055,985,1056
53056,986,1054
53057,984,1053
53058,986,1050
53059,984,1050
53060,985,1053
53061,987,1054
53062,990,1057
53063,988,1053
53064,983,1049
53065,981,1051
53066,981,1053
53067,983,1055
53068,986,1054
53069,984,1053
53070,982,1051
53071,978,1053
53072,978,1054
53073,981,1056
53074,986,1056
53075,984,1054
53076,978,1051
53077,979,1050
53078,980,1051
53079,980,1052
53080,981,1052
53081,980,1048
53082,980,1047
53083,978,1046
53084,979,1048
53085,975,1052
53086,983,1049
53087,982,1049
53088,980,1044
53089,980,1043
53090,977,1047
53091,979,1052
53092,983,1051
53093,982,1050
53094,983,1044
53095,981,1047
53096,981,1049
53097,986,1049
53098,990,1049
53099,990,1049
53100,991,1042
53101,993,1041
53102,1006,1042
53103,1025,1045
53104,1043,1044
53105,1066,1044
53106,1093,1039
53107,1124,1033
53108,1164,1026
53109,1207,1024
53110,1250,1023
53111,1284,1027
53112,1304,1035
53113,1303,1047
53114,1281,1057
53115,1240,1060
53116,1184,1059
53117,1121,1062
53118,1056,1068
53119,995,1077
53120,952,1084
53121,935,1087
53122,944,1084
53123,958,1074
53124,964,1063
53125,969,1059
53126,971,1055
53127,978,1054
53128,975,1056
53129,971,1051
53130,969,1050
53131,966,1051
53132,964,1057
53133,965,1057
53134,968,1059
53135,968,1057
53136,966,1056
53137,963,1054
53138,961,1057
53139,963,1059
53140,966,1055
53141,964,1053
53142,963,1050
53143,957,1049
53144,958,1049
53145,960,1050
53146,961,1049
53147,963,1048
53148,962,1046
53149,958,1048
53150,958,1050
53151,961,1054
53152,965,1055
53153,969,1054
53154,966,1048
53155,964,1049
53156,960,1052
53157,961,1053
53158,964,1055
53159,965,1054
53160,964,1054
53161,963,1053
53162,965,1054
53163,968,1057
53164,969,1057
53165,967,1054
53166,964,1052
53167,961,1049
53168,960,1054
53169,963,1058
53170,966,1054
53171,964,1051
53172,963,1048
53173,961,1044
53174,960,1046
53175,963,1047
53176,967,1046
53177,967,1043
53178,965,1036
53179,966,1039
53180,968,1038
53181,972,1041
53182,977,1040
53183,977,1036
53184,977,1032
53185,976,1033
53186,979,1033
53187,982,1035
53188,985,1032
53189,983,1029
53190,984,1025
53191,985,1023
53192,985,1026
53193,988,1024
53194,993,1023
53195,991,1019
53196,991,1014
53197,990,1015
53198,992,1017
53199,996,1020
53200,999,1019
53201,999,1016
53202,1001,1014
53203,1000,1015
53204,1001,1016
53205,1002,1019
53206,1005,1021
53207,1006,1019
53208,1005,1015
53209,1002,1016
53210,1004,1017
53211,1008,1021
53212,1009,1026
53213,1008,1024
53214,1006,1021
53215,1004,1024
53216,1006,1029
53217,1007,1033
53218,1011,1035
53219,1009,1035
53220,1006,1033
53221,1003,1036
53222,1001,1037
53223,1001,1040
53224,1000,1044
53225,998,1044
53226,993,1044
53227,987,1042
53228,985,1047
53229,984,1052
53230,987,1051
53231,984,1053
53232,979,1052
53233,972,1053
53234,973,1056
53235,976,1057
53236,980,1056
53237,978,1057
53238,971,1053
53239,969,1052
53240,968,1057
53241,971,1062
53242,971,1061
53243,971,1062
53244,967,1058
53245,962,1057
53246,966,1061
53247,970,1061
53248,972,1062
53249,973,1062
53250,973,1058
53251,972,1055
53252,972,1059
53253,974,1063
53254,978,1062
53255,978,1061
53256,975,1057
53257,974,1056
53258,974,1059
53259,978,1061
53260,979,1061
53261,978,1059
53262,978,1060
53263,976,1058
53264,976,1056
53265,979,1061
53266,984,1063
53267,982,1061
53268,980,1059
53269,975,1058
53270,976,1060
53271,978,1063
53272,982,1061
53273,983,1060
53274,980,1057
53275,978,1058
53276,978,1059
53277,981,1060
53278,983,1058
53279,985,1055
53280,983,1054
53281,981,1052
53282,978,1053
53283,980,1054
53284,979,1055
53285,980,1053
53286,978,1052
53287,975,1049
53288,973,1050
53289,975,1053
53290,980,1051
53291,979,1048
53292,974,1045
53293,974,1045
53294,975,1050
53295,975,1051
53296,974,1052
53297,974,1051
53298,973,1048
53299,974,1049
53300,979,1051
53301,984,1055
53302,984,1055
53303,982,1053
53304,978,1052
53305,977,1051
53306,982,1051
53307,983,1057
53308,984,1059
53309,983,1056
53310,981,1053
53311,978,1054
53312,978,1054
53313,978,1059
53314,978,1058
53315,980,1057
53316,981,1057
53317,978,1055
53318,978,1057
53319,982,1060
53320,983,1058
53321,980,1058
53322,979,1056
53323,978,1053
53324,978,1057
53325,980,1059
53326,980,1062
53327,982,1059
53328,980,1057
53329,975,1056
53330,978,1057
53331,978,1060
53332,980,1062
53333,982,1059
53334,979,1055
53335,978,1054
53336,977,1056
53337,982,1059
53338,983,1058
53339,981,1054
53340,978,1051
53341,974,1052
53342,974,1057
53343,976,1057
53344,979,1058
53345,976,1055
53346,976,1053
53347,972,1050
53348,973,1053
53349,973,1055
53350,973,1056
53351,975,1053
53352,972,1052
53353,971,1052
53354,971,1055
53355,974,1055
53356,976,1054
53357,976,1050
53358,974,1048
53359,974,1051
53360,974,1055
53361,977,1056
53362,978,1057
53363,980,1053
53364,978,1051
53365,975,1052
53366,977,1054
53367,979,1059
53368,981,1060
53369,977,1057
53370,977,1054
53371,975,1056
53372,976,1059
53373,975,1060
53374,981,1061
53375,979,1059
53376,975,1057
53377,976,1057
53378,975,1057
53379,977,1061
53380,978,1062
53381,978,1058
53382,974,1057
53383,971,1055
53384,972,1055
53385,977,1058
53386,979,1057
53387,976,1058
53388,974,1053
53389,972,1055
53390,972,1056
53391,974,1058
53392,981,1060
53393,979,1057
53394,976,1052
53395,973,1053
53396,974,1058
53397,974,1060
53398,977,1059
53399,977,1057
53400,975,1055
53401,973,1054
53402,973,1057
53403,975,1058
53404,978,1058
53405,976,1057
53406,976,1054
53407,978,1055
53408,978,1056
53409,980,1062
53410,983,1061
53411,984,1060
53412,981,1057
53413,979,1057
53414,981,1059
53415,982,1062
53416,987,1063
53417,985,1061
53418,982,1060
53419,984,1061
53420,983,1060
53421,989,1065
53422,990,1064
53423,989,1059
53424,986,1055
53425,981,1058
53426,983,1061
53427,985,1059
53428,987,1059
53429,986,1060
53430,985,1057
53431,984,1055
53432,989,1058
53433,988,1061
53434,991,1055
53435,990,1054
53436,985,1052
53437,986,1052
53438,986,1054
53439,988,1056
53440,991,1055
53441,993,1056
53442,992,1051
53443,992,1051
53444,992,1050
53445,998,1050
53446,1007,1049
53447,1017,1043
53448,1025,1041
53449,1039,1038
53450,1055,1039
53451,1082,1039
53452,1112,1035
53453,1143,1027
53454,1173,1019
53455,1202,1015
53456,1233,1014
53457,1262,1018
53458,1287,1023
53459,1296,1031
53460,1294,1040
53461,1266,1045
53462,1218,1048
53463,1168,1054
53464,1120,1061
53465,1059,1067
53466,1007,1069
53467,969,1071
53468,957,1073
53469,961,1073
53470,974,1066
53471,982,1059
53472,986,1054
53473,982,1051
53474,981,1054
53475,983,1055
53476,983,1057
53477,981,1054
53478,978,1052
53479,977,1053
53480,975,1055
53481,975,1059
53482,978,1058
53483,975,1058
53484,972,1052
53485,971,1053
53486,973,1055
53487,975,1058
53488,975,1057
53489,975,1058
53490,971,1053
53491,969,1052
53492,971,1055
53493,973,1057
53494,975,1057
53495,973,1054
53496,971,1050
53497,968,1051
53498,967,1051
53499,971,1055
53500,972,1055
53501,971,1053
53502,970,1054
53503,966,1056
53504,967,1056
53505,968,1060
53506,973,1061
53507,972,1058
53508,970,1055
53509,968,1056
53510,968,1057
53511,971,1060
53512,972,1062
53513,973,1060
53514,970,1058
53515,968,1056
53516,969,1059
53517,973,1062
53518,978,1060
53519,978,1057
53520,975,1050
53521,972,1052
53522,972,1054
53523,976,1057
53524,979,1056
53525,980,1052
53526,975,1051
53527,973,1050
53528,975,1051
53529,982,1054
53530,982,1052
53531,983,1052
53532,981,1048
53533,978,1049
53534,983,1048
53535,988,1048
53536,991,1048
53537,991,1049
53538,989,1045
53539,990,1043
53540,993,1043
53541,998,1042
53542,1002,1042
53543,1002,1037
53544,1001,1032
53545,998,1029
53546,1003,1031
53547,1004,1034
53548,1008,1035
53549,1010,1033
53550,1005,1026
53551,1004,1028
53552,1007,1028
53553,1008,1031
53554,1014,1028
53555,1013,1028
53556,1011,1026
53557,1008,1026
53558,1011,1027
53559,1012,1029
53560,1015,1032
53561,1016,1032
53562,1013,1028
53563,1008,1031
53564,1008,1035
53565,1008,1041
53566,1014,1042
53567,1016,1039
53568,1013,1038
53569,1009,1036
53570,1006,1042
53571,1008,1045
53572,1011,1047
53573,1004,1044
53574,999,1046
53575,995,1047
53576,997,1053
53577,1000,1056
53578,1003,1055
53579,1001,1055
53580,997,1053
53581,990,1054
53582,990,1057
53583,990,1059
53584,993,1060
53585,995,1056
53586,990,1054
53587,989,1056
53588,988,1058
53589,992,1059
53590,993,1060
53591,989,1058
53592,986,1055
53593,985,1057
53594,988,1060
53595,992,1060
53596,990,1059
53597,986,1056
53598,983,1058
53599,977,1056
53600,968,1060
53601,967,1063
53602,967,1064
53603,971,1064
53604,971,1062
53605,969,1060
53606,972,1063
53607,973,1068
53608,975,1068
53609,971,1066
53610,973,1065
53611,971,1067
53612,973,1068
53613,974,1070
53614,977,1071
53615,982,1069
53616,980,1063
53617,981,1061
53618,981,1064
53619,985,1066
53620,987,1064
53621,982,1063
53622,979,1061
53623,975,1063
53624,976,1064
53625,980,1066
53626,984,1065
53627,986,1061
53628,982,1059
53629,982,1057
53630,982,1059
53631,986,1064
53632,988,1063
53633,991,1060
53634,990,1056
53635,986,1057
53636,988,1059
53637,994,1062
53638,996,1060
53639,994,1055
53640,985,1052
53641,981,1054
53642,985,1056
53643,990,1059
53644,994,1058
53645,993,1057
53646,992,1054
53647,990,1055
53648,991,1057
53649,990,1059
53650,988,1060
53651,985,1058
53652,981,1057
53653,978,1054
53654,978,1056
53655,981,1058
53656,983,1057
53657,983,1053
53658,979,1050
53659,978,1048
53660,977,1052
53661,979,1056
53662,980,1058
53663,976,1056
53664,976,1056
53665,975,1056
53666,982,1057
53667,983,1059
53668,986,1058
53669,983,1054
53670,982,1055
53671,983,1052
53672,986,1056
53673,990,1057
53674,992,1057
53675,992,1056
53676,987,1052
53677,981,1054
53678,981,1057
53679,986,1060
53680,989,1060
53681,987,1059
53682,980,1056
53683,979,1057
53684,979,1057
53685,981,1063
53686,982,1063
53687,977,1062
53688,978,1056
53689,977,1059
53690,977,1060
53691,978,1063
53692,981,1063
53693,982,1061
53694,980,1061
53695,977,1057
53696,979,1060
53697,984,1062
53698,983,1060
53699,979,1058
53700,979,1054
53701,977,1054
53702,979,1056
53703,982,1059
53704,987,1058
53705,986,1052
53706,983,1053
53707,982,1051
53708,985,1054
53709,987,1054
53710,992,1051
53711,994,1050
53712,990,1047
53713,981,1048
53714,981,1053
53715,988,1056
53716,991,1055
53717,993,1052
53718,997,1047
53719,1003,1047
53720,1015,1046
53721,1029,1049
53722,1049,1045
53723,1079,1039
53724,1109,1030
53725,1142,1019
53726,1180,1015
53727,1216,1015
53728,1249,1021
53729,1271,1032
53730,1271,1043
53731,1249,1053
53732,1207,1052
53733,1153,1058
53734,1099,1068
53735,1039,1075
53736,986,1084
53737,949,1088
53738,941,1091
53739,952,1089
53740,964,1083
53741,973,1071
53742,977,1061
53743,978,1057
53744,980,1054
53745,980,1055
53746,981,1056
53747,977,1055
53748,971,1049
53749,968,1051
53750,966,1055
53751,969,1053
53752,970,1051
53753,971,1050
53754,968,1048
53755,966,1049
53756,965,1049
53757,969,1054
53758,971,1054
53759,967,1051
53760,965,1050
53761,960,1049
53762,961,1053
53763,965,1054
53764,967,1056
53765,965,1056
53766,966,1055
53767,960,1055
53768,960,1056
53769,962,1060
53770,965,1058
53771,966,1054
53772,968,1053
53773,968,1053
53774,971,1055
53775,976,1057
53776,982,1054
53777,981,1052
53778,974,1050
53779,967,1051
53780,969,1052
53781,968,1053
53782,970,1054
53783,971,1051
53784,967,1048
53785,967,1048
53786,976,1051
53787,982,1049
53788,988,1046
53789,981,1045
53790,974,1043
53791,965,1044
53792,969,1044
53793,970,1048
53794,977,1046
53795,979,1044
53796,977,1041
53797,975,1039
53798,971,1042
53799,973,1045
53800,978,1044
53801,982,1044
53802,981,1040
53803,980,1038
53804,985,1039
53805,988,1041
53806,993,1039
53807,994,1034
53808,992,1031
53809,992,1027
53810,991,1027
53811,995,1030
53812,1000,1030
53813,1001,1027
53814,1001,1022
53815,997,1021
53816,1000,1020
53817,1003,1020
53818,1006,1021
53819,1007,1018
53820,1005,1012
53821,1005,1013
53822,1006,1013
53823,1008,1015
53824,1012,1014
53825,1006,1014
53826,1002,1010
53827,1001,1013
53828,1006,1019
53829,1011,1020
53830,1018,1020
53831,1020,1018
53832,1019,1016
53833,1019,1016
53834,1023,1018
53835,1035,1019
53836,1042,1018
53837,1031,1016
53838,1007,1016
53839,984,1018
53840,971,1027
53841,973,1038
53842,981,1042
53843,985,1042
53844,984,1041
53845,980,1042
53846,975,1046
53847,976,1051
53848,980,1052
53849,980,1055
53850,976,1052
53851,976,1056
53852,974,1060
53853,976,1065
53854,979,1064
53855,978,1065
53856,977,1061
53857,975,1061
53858,979,1062
53859,979,1065
53860,979,1065
53861,975,1063
53862,978,1061
53863,975,1062
53864,976,1062
53865,976,1065
53866,981,1064
53867,976,1062
53868,973,1058
53869,975,1058
53870,975,1064
53871,976,1062
53872,978,1061
53873,977,1060
53874,976,1060
53875,974,1057
53876,975,1062
53877,976,1065
53878,982,1064
53879,982,1064
53880,981,1062
53881,977,1062
53882,981,1063
53883,983,1065
53884,984,1065
53885,982,1062
53886,979,1060
53887,977,1057
53888,980,1059
53889,984,1061
53890,986,1059
53891,985,1056
53892,982,1053
53893,981,1053
53894,984,1054
53895,987,1056
53896,991,1056
53897,992,1053
53898,987,1048
53899,983,1047
53900,982,1052
53901,987,1054
53902,990,1052
53903,989,1054
53904,987,1051
53905,982,1053
53906,981,1055
53907,984,1058
53908,981,1057
53909,980,1060
53910,979,1057
53911,977,1057
53912,979,1058
53913,984,1057
53914,984,1056
53915,984,1053
53916,982,1050
53917,981,1051
53918,980,1054
53919,984,1056
53920,984,1053
53921,982,1050
53922,977,1049
53923,974,1049
53924,977,1055
53925,979,1056
53926,979,1053
53927,980,1051
53928,975,1048
53929,972,1050
53930,975,1052
53931,977,1055
53932,981,1056
53933,980,1053
53934,980,1051
53935,978,1049
53936,986,1050
53937,988,1053
53938,991,1051
53939,986,1049
53940,976,1048
53941,965,1050
53942,964,1053
53943,967,1059
53944,972,1058
53945,968,1054
53946,968,1048
53947,969,1050
53948,972,1052
53949,977,1056
53950,979,1056
53951,978,1054
53952,971,1054
53953,968,1056
53954,970,1063
53955,973,1064
53956,979,1065
53957,980,1059
53958,978,1056
53959,978,1056
53960,978,1058
53961,982,1060
53962,983,1061
53963,984,1058
53964,982,1055
53965,981,1051
53966,985,1058
53967,986,1058
53968,990,1058
53969,990,1054
53970,989,1048
53971,994,1046
53972,1005,1047
53973,1019,1049
53974,1041,1044
53975,1061,1040
53976,1088,1034
53977,1120,1023
53978,1161,1018
53979,1204,1013
53980,1246,1014
53981,1278,1024
53982,1288,1034
53983,1271,1045
53984,1236,1049
53985,1181,1055
53986,1123,1058
53987,1060,1069
53988,995,1077
53989,948,1084
53990,935,1089
53991,947,1087
53992,965,1076
53993,977,1063
53994,982,1054
53995,990,1050
53996,992,1050
53997,985,1050
53998,971,1051
53999,959,1050
54000,954,1050
54001,957,1050
54002,963,1052
54003,969,1051
54004,976,1050
54005,974,1050
54006,964,1047
54007,954,1049
54008,954,1054
54009,961,1056
54010,966,1058
54011,966,1055
54012,963,1052
54013,961,1052
54014,962,1051
54015,962,1055
54016,966,1053
54017,965,1051
54018,964,1049
54019,963,1049
54020,963,1052
54021,966,1052
54022,966,1053
54023,965,1053
54024,963,1049
54025,963,1049
54026,962,1053
54027,963,1055
54028,965,1054
54029,968,1051
54030,967,1049
54031,964,1050
54032,964,1051
54033,967,1052
54034,970,1050
54035,972,1047
54036,968,1047
54037,968,1047
54038,969,1048
54039,975,1050
54040,976,1047
54041,977,1045
54042,980,1041
54043,976,1043
54044,977,1042
54045,972,1047
54046,973,1047
54047,981,1045
54048,990,1043
54049,994,1038
54050,993,1038
54051,984,1039
54052,980,1037
54053,984,1036
54054,989,1035
54055,990,1032
54056,991,1031
54057,995,1033
54058,1001,1033
54059,1001,1030
54060,996,1023
54061,990,1023
54062,993,1023
54063,997,1025
54064,1000,1024
54065,999,1018
54066,996,1015
54067,995,1015
54068,996,1014
54069,1002,1015
54070,1005,1011
54071,1006,1008
54072,1006,1003
54073,1003,1002
54074,1006,1004
54075,1011,1006
54076,1015,1007
54077,1012,1006
54078,999,1003
54079,994,1005
54080,996,1013
54081,1003,1016
54082,1007,1018
54083,1016,1016
54084,1020,1015
54085,1015,1020
54086,1003,1020
54087,991,1028
54088,989,1032
54089,990,1033
54090,992,1030
54091,992,1034
54092,989,1040
54093,991,1045
54094,992,1047
54095,990,1047
54096,989,1048
54097,985,1050
54098,989,1051
54099,991,1057
54100,990,1057
54101,986,1057
54102,983,1057
54103,978,1057
54104,982,1060
54105,983,1063
54106,987,1063
54107,986,1062
54108,981,1061
54109,980,1060
54110,981,1064
54111,981,1068
54112,984,1065
54113,982,1062
54114,978,1058
54115,976,1058
54116,977,1060
54117,979,1063
54118,980,1062
54119,977,1060
54120,976,1056
54121,976,1055
54122,976,1057
54123,980,1059
54124,982,1059
54125,981,1057
54126,979,1054
54127,976,1053
54128,976,1053
54129,979,1055
54130,978,1054
54131,978,1054
54132,974,1052
54133,974,1053
54134,978,1056
54135,979,1059
54136,981,1057
54137,984,1054
54138,984,1050
54139,982,1052
54140,985,1054
54141,987,1056
54142,989,1055
54143,988,1051
54144,987,1048
54145,986,1046
54146,984,1048
54147,986,1052
54148,992,1055
54149,988,1052
54150,987,1050
54151,984,1051
54152,986,1053
54153,990,1054
54154,992,1052
54155,991,1048
54156,985,1046
54157,983,1046
54158,986,1050
54159,989,1052
54160,994,1051
54161,991,1049
54162,989,1045
54163,986,1047
54164,987,1050
54165,986,1052
54166,989,1054
54167,990,1050
54168,990,1046
54169,986,1044
54170,986,1048
54171,989,1048
54172,992,1049
54173,987,1049
54174,986,1044
54175,985,1048
54176,985,1050
54177,984,1054
54178,984,1054
54179,983,1052
54180,983,1048
54181,982,1051
54182,988,1050
54183,990,1053
54184,989,1050
54185,982,1050
54186,979,1047
54187,976,1048
54188,979,1052
54189,983,1055
54190,988,1054
54191,987,1052
54192,983,1049
54193,978,1053
54194,978,1052
54195,983,1054
54196,987,1054
54197,984,1054
54198,981,1052
54199,979,1055
54200,980,1060
54201,985,1063
54202,985,1059
54203,989,1055
54204,990,1049
54205,987,1050
54206,985,1051
54207,987,1054
54208,987,1054
54209,986,1050
54210,987,1049
54211,991,1048
54212,993,1051
54213,992,1053
54214,988,1051
54215,984,1052
54216,982,1051
54217,987,1051
54218,992,1053
54219,999,1056
54220,998,1054
54221,996,1050
54222,989,1047
54223,984,1049
54224,979,1052
54225,980,1056
54226,986,1056
54227,990,1055
54228,988,1052
54229,989,1049
54230,990,1050
54231,988,1055
54232,991,1056
54233,991,1053
54234,988,1049
54235,989,1050
54236,990,1053
54237,992,1056
54238,992,1055
54239,993,1053
54240,992,1051
54241,990,1047
54242,997,1049
54243,1007,1049
54244,1019,1047
54245,1031,1046
54246,1048,1042
54247,1068,1038
54248,1095,1034
54249,1133,1028
54250,1173,1019
54251,1205,1012
54252,1237,1009
54253,1263,1015
54254,1282,1031
54255,1286,1046
54256,1264,1056
54257,1215,1055
54258,1151,1058
54259,1088,1063
54260,1031,1072
54261,986,1079
54262,970,1079
54263,964,1076
54264,971,1067
54265,981,1059
54266,986,1055
54267,989,1055
54268,984,1052
54269,986,1048
54270,987,1045
54271,983,1045
54272,981,1051
54273,981,1053
54274,981,1055
54275,982,1055
54276,979,1051
54277,978,1053
54278,979,1055
54279,982,1057
54280,977,1057
54281,970,1055
54282,961,1054
54283,957,1055
54284,964,1060
54285,968,1061
54286,973,1059
54287,970,1056
54288,967,1054
54289,966,1056
54290,967,1058
54291,970,1062
54292,973,1060
54293,975,1056
54294,969,1055
54295,967,1053
54296,968,1055
54297,970,1058
54298,973,1059
54299,967,1059
54300,969,1054
54301,968,1055
54302,971,1053
54303,974,1055
54304,973,1053
54305,968,1053
54306,969,1050
54307,969,1050
54308,975,1051
54309,979,1055
54310,979,1055
54311,981,1050
54312,978,1045
54313,979,1046
54314,985,1049
54315,990,1050
54316,996,1049
54317,990,1043
54318,983,1044
54319,975,1045
54320,975,1050
54321,978,1051
54322,985,1051
54323,987,1046
54324,992,1040
54325,990,1039
54326,990,1041
54327,994,1042
54328,999,1042
54329,1002,1038
54330,1002,1035
54331,1003,1034
54332,1002,1031
54333,1004,1032
54334,1005,1034
54335,1007,1031
54336,1005,1028
54337,1005,1025
54338,1007,1026
54339,1012,1027
54340,1014,1025
54341,1016,1022
54342,1015,1020
54343,1014,1021
54344,1019,1022
54345,1022,1024
54346,1023,1023
54347,1020,1024
54348,1016,1021
54349,1017,1025
54350,1018,1027
54351,1021,1030
54352,1019,1030
54353,1018,1031
54354,1020,1027
54355,1018,1028
54356,1019,1031
54357,1022,1035
54358,1026,1037
54359,1024,1037
54360,1015,1035
54361,999,1040
54362,995,1044
54363,996,1050
54364,1000,1050
54365,998,1051
54366,993,1050
54367,991,1055
54368,988,1057
54369,991,1057
54370,988,1059
54371,985,1058
54372,984,1055
54373,978,1057
54374,980,1058
54375,980,1065
54376,980,1065
54377,979,1062
54378,983,1060
54379,982,1062
54380,980,1062
54381,984,1063
54382,983,1062
54383,984,1061
54384,982,1059
54385,979,1060
54386,980,1062
54387,980,1066
54388,980,1064
54389,980,1061
54390,976,1062
54391,974,1061
54392,981,1066
54393,985,1066
54394,984,1065
54395,981,1063
54396,975,1063
54397,976,1063
54398,980,1064
54399,986,1064
54400,986,1065
54401,985,1061
54402,980,1059
54403,978,1062
54404,983,1064
54405,987,1066
54406,986,1064
54407,982,1060
54408,979,1060
54409,976,1061
54410,980,1062
54411,985,1063
54412,991,1064
54413,990,1060
54414,986,1060
54415,982,1060
54416,985,1060
54417,988,1064
54418,992,1062
54419,985,1059
54420,985,1057
54421,986,1058
54422,985,1062
54423,988,1063
54424,988,1062
54425,986,1061
54426,984,1057
54427,982,1057
54428,984,1061
54429,987,1064
54430,988,1064
54431,988,1063
54432,985,1060
54433,982,1058
54434,981,1060
54435,982,1061
54436,983,1061
54437,982,1058
54438,982,1055
54439,980,1059
54440,984,1059
54441,983,1062
54442,984,1059
54443,982,1059
54444,981,1056
54445,980,1059
54446,978,1059
54447,981,1063
54448,985,1060
54449,982,1059
54450,978,1060
54451,974,1059
54452,979,1062
54453,984,1062
54454,984,1058
54455,983,1055
54456,978,1054
54457,977,1057
54458,980,1059
54459,981,1063
54460,983,1062
54461,983,1063
54462,982,1059
54463,981,1059
54464,984,1057
54465,987,1060
54466,988,1059
54467,988,1056
54468,985,1055
54469,981,1052
54470,977,1053
54471,981,1056
54472,983,1056
54473,982,1055
54474,981,1055
54475,979,1054
54476,981,1056
54477,981,1056
54478,984,1058
54479,981,1056
54480,978,1053
54481,975,1054
54482,975,1058
54483,978,1059
54484,981,1060
54485,979,1058
54486,974,1054
54487,972,1057
54488,972,1058
54489,978,1061
54490,981,1057
54491,981,1055
54492,980,1052
54493,977,1054
54494,976,1056
54495,976,1058
54496,979,1057
54497,979,1054
54498,978,1050
54499,977,1052
54500,978,1055
54501,982,1058
54502,985,1057
54503,983,1058
54504,980,1054
54505,976,1058
54506,981,1061
54507,984,1065
54508,985,1064
54509,986,1065
54510,981,1061
54511,980,1063
54512,985,1063
54513,990,1067
54514,989,1064
54515,991,1064
54516,987,1060
54517,987,1060
54518,987,1059
54519,991,1062
54520,991,1061
54521,986,1058
54522,987,1058
54523,984,1060
54524,986,1062
54525,989,1063
54526,989,1064
54527,987,1059
54528,981,1058
54529,979,1057
54530,981,1061
54531,984,1065
54532,986,1062
54533,985,1059
54534,983,1057
54535,982,1055
54536,983,1057
54537,985,1060
54538,989,1060
54539,985,1058
54540,984,1052
54541,981,1054
54542,983,1058
54543,985,1059
54544,988,1057
54545,984,1056
54546,983,1055
54547,983,1057
54548,982,1059
54549,986,1062
54550,987,1061
54551,986,1061
54552,983,1055
54553,982,1058
54554,981,1059
54555,986,1063
54556,989,1062
54557,990,1061
54558,990,1061
54559,987,1062
54560,989,1063
54561,989,1066
54562,992,1065
54563,988,1062
54564,987,1058
54565,987,1056
54566,987,1058
54567,986,1062
54568,986,1060
54569,986,1058
54570,983,1058
54571,983,1058
54572,983,1060
54573,986,1062
54574,990,1062
54575,989,1059
54576,988,1061
54577,985,1062
54578,986,1065
54579,990,1068
54580,992,1066
54581,991,1068
54582,988,1067
54583,989,1069
54584,991,1071
54585,993,1070
54586,996,1067
54587,995,1063
54588,994,1060
54589,990,1060
54590,993,1063
54591,994,1064
54592,995,1062
54593,995,1059
54594,992,1053
54595,993,1055
54596,992,1059
54597,995,1061
54598,997,1059
54599,999,1057
54600,997,1057
54601,995,1057
54602,996,1057
54603,998,1061
54604,1003,1058
54605,1004,1055
54606,1004,1052
54607,1002,1052
54608,1009,1051
54609,1016,1048
54610,1032,1047
54611,1045,1042
54612,1063,1037
54613,1086,1035
54614,1120,1034
54615,1161,1029
54616,1198,1022
54617,1231,1012
54618,1266,1008
54619,1295,1019
54620,1314,1035
54621,1307,1048
54622,1271,1054
54623,1208,1057
54624,1146,1056
54625,1085,1064
54626,1031,1071
54627,987,1079
54628,971,1080
54629,974,1075
54630,982,1069
54631,990,1063
54632,999,1064
54633,999,1063
54634,998,1060
54635,994,1061
54636,990,1059
54637,988,1058
54638,987,1060
54639,988,1062
54640,986,1062
54641,984,1061
54642,982,1062
54643,978,1061
54644,978,1065
54645,980,1065
54646,982,1062
54647,981,1057
54648,975,1058
54649,974,1061
54650,977,1066
54651,979,1065
54652,982,1064
54653,981,1061
54654,975,1059
54655,975,1059
54656,980,1063
54657,981,1067
54658,983,1068
54659,981,1064
54660,978,1062
54661,975,1062
54662,976,1063
54663,980,1066
54664,979,1061
54665,983,1059
54666,981,1058
54667,980,1055
54668,981,1060
54669,981,1063
54670,985,1059
54671,981,1059
54672,982,1056
54673,982,1057
54674,981,1059
54675,984,1060
54676,987,1063
54677,987,1059
54678,985,1056
54679,983,1054
54680,987,1058
54681,990,1060
54682,992,1059
54683,994,1055
54684,992,1051
54685,994,1052
54686,998,1057
54687,1004,1054
54688,1007,1053
54689,1008,1049
54690,1004,1045
54691,1004,1047
54692,1005,1047
54693,1008,1048
54694,1013,1046
54695,1014,1043
54696,1012,1039
54697,1011,1040
54698,1017,1043
54699,1021,1041
54700,1024,1041
54701,1026,1038
54702,1024,1036
54703,1022,1038
54704,1023,1038
54705,1026,1041
54706,1029,1039
54707,1027,1039
54708,1025,1035
54709,1025,1033
54710,1025,1038
54711,1028,1039
54712,1029,1037
54713,1029,1032
54714,1025,1027
54715,1030,1027
54716,1028,1032
54717,1031,1038
54718,1032,1037
54719,1031,1035
54720,1026,1033
54721,1023,1034
54722,1024,1034
54723,1025,1042
54724,1025,1039
54725,1021,1039
54726,1016,1042
54727,1015,1044
54728,1016,1046
54729,1018,1050
54730,1019,1051
54731,1017,1053
54732,1010,1048
54733,1007,1052
54734,1008,1054
54735,1008,1060
54736,1006,1062
54737,1002,1064
54738,998,1060
54739,995,1060
54740,994,1061
54741,996,1063
54742,1000,1059
54743,999,1057
54744,994,1055
54745,992,1056
54746,993,1061
54747,994,1065
54748,992,1066
54749,993,1062
54750,989,1059
54751,989,1058
54752,991,1061
54753,992,1067
54754,998,1064
54755,992,1061
54756,992,1060
54757,990,1061
54758,989,1063
54759,989,1066
54760,991,1064
54761,987,1061
54762,985,1060
54763,986,1059
54764,988,1063
54765,990,1066
54766,992,1066
54767,989,1062
54768,988,1059
54769,990,1061
54770,991,1063
54771,993,1062
54772,993,1062
54773,992,1060
54774,990,1057
54775,989,1059
54776,990,1059
54777,994,1060
54778,997,1062
54779,997,1063
54780,991,1060
54781,989,1060
54782,992,1060
54783,999,1064
54784,1000,1062
54785,1001,1062
54786,1000,1060
54787,999,1060
54788,1003,1066
54789,1004,1070
54790,1003,1067
54791,1003,1065
54792,1002,1059
54793,1002,1060
54794,1003,1058
54795,1006,1058
54796,1008,1056
54797,1002,1053
54798,992,1050
54799,988,1052
54800,990,1059
54801,996,1058
54802,998,1056
54803,997,1056
54804,993,1053
54805,994,1053
54806,993,1058
54807,996,1061
54808,999,1057
54809,996,1055
54810,993,1054
54811,991,1053
54812,991,1057
54813,992,1061
54814,993,1059
54815,992,1056
54816,990,1055
54817,988,1055
54818,989,1059
54819,991,1059
54820,991,1059
54821,989,1057
54822,985,1053
54823,983,1052
54824,985,1055
54825,986,1056
54826,989,1058
54827,990,1056
54828,984,1054
54829,985,1056
54830,986,1059
54831,990,1061
54832,990,1062
54833,988,1061
54834,984,1058
54835,984,1058
54836,987,1059
54837,994,1060
54838,995,1057
54839,993,1055
54840,987,1054
54841,986,1056
54842,987,1059
54843,995,1060
54844,998,1060
54845,995,1056
54846,989,1053
54847,987,1056
54848,989,1059
54849,994,1060
54850,998,1059
54851,997,1053
54852,995,1053
54853,995,1052
54854,995,1051
54855,1000,1049
54856,1006,1049
54857,1016,1045
54858,1027,1041
54859,1037,1041
54860,1064,1044
54861,1099,1039
54862,1137,1033
54863,1175,1023
54864,1212,1014
54865,1252,1016
54866,1289,1023
54867,1311,1037
54868,1307,1050
54869,1271,1054
54870,1210,1051
54871,1140,1054
54872,1068,1064
54873,1006,1077
54874,955,1086
54875,926,1089
54876,928,1089
54877,942,1083
54878,955,1076
54879,967,1069
54880,976,1061
54881,979,1053
54882,975,1052
54883,973,1050
54884,971,1052
54885,971,1053
54886,972,1055
54887,971,1055
54888,969,1051
54889,968,1052
54890,969,1056
54891,971,1058
54892,972,1057
54893,971,1054
54894,965,1054
54895,965,1054
54896,967,1055
54897,972,1059
54898,971,1059
54899,969,1055
54900,968,1055
54901,967,1054
54902,970,1055
54903,975,1058
54904,976,1055
54905,970,1055
54906,968,1051
54907,967,1053
54908,969,1055
54909,969,1057
54910,970,1058
54911,969,1053
54912,968,1050
54913,967,1051
54914,970,1053
54915,970,1056
54916,972,1053
54917,969,1049
54918,967,1048
54919,967,1049
54920,966,1051
54921,966,1053
54922,969,1053
54923,967,1050
54924,962,1050
54925,963,1045
54926,965,1049
54927,975,1049
54928,982,1045
54929,980,1044
54930,976,1040
54931,977,1041
54932,980,1044
54933,983,1047
54934,987,1046
54935,986,1041
54936,981,1036
54937,985,1036
54938,986,1035
54939,996,1037
54940,1002,1035
54941,999,1035
54942,1000,1030
54943,997,1030
54944,1004,1031
54945,1010,1029
54946,1010,1028
54947,1013,1023
54948,1008,1019
54949,1013,1019
54950,1014,1020
54951,1020,1019
54952,1023,1018
54953,1023,1011
54954,1019,1010
54955,1016,1011
54956,1017,1015
54957,1019,1013
54958,1021,1011
54959,1021,1009
54960,1020,1004
54961,1016,1007
54962,1016,1010
54963,1019,1013
54964,1018,1013
54965,1012,1014
54966,1009,1018
54967,1006,1024
54968,1012,1029
54969,1014,1031
54970,1009,1025
54971,999,1023
54972,993,1022
54973,986,1023
54974,989,1034
54975,992,1039
54976,995,1039
54977,988,1037
54978,983,1037
54979,979,1044
54980,979,1044
54981,980,1050
54982,980,1049
54983,979,1048
54984,977,1048
54985,982,1052
54986,982,1056
54987,984,1061
54988,982,1062
54989,979,1061
54990,975,1059
54991,974,1062
54992,975,1064
54993,980,1068
54994,984,1066
54995,982,1063
54996,980,1064
54997,977,1062
54998,976,1064
54999,980,1066
55000,981,1066
55001,980,1062
55002,975,1059
55003,972,1059
55004,972,1063
55005,975,1062
55006,975,1063
55007,976,1061
55008,970,1059
55009,968,1059
55010,970,1059
55011,973,1062
55012,973,1060
55013,974,1056
55014,972,1055
55015,971,1055
55016,971,1058
55017,974,1060
55018,975,1061
55019,977,1059
55020,974,1056
55021,974,1057
55022,976,1060
55023,981,1061
55024,982,1057
55025,981,1056
55026,978,1052
55027,977,1053
55028,976,1054
55029,978,1057
55030,978,1059
55031,979,1053
55032,978,1052
55033,972,1053
55034,981,1054
55035,983,1055
55036,986,1055
55037,987,1053
55038,985,1051
55039,986,1052
55040,990,1058
55041,995,1060
55042,999,1055
55043,994,1052
55044,992,1047
55045,990,1047
55046,985,1050
55047,979,1055
55048,977,1058
55049,973,1057
55050,973,1059
55051,974,1059
55052,977,1061
55053,983,1062
55054,985,1058
55055,984,1053
55056,980,1052
55057,976,1055
55058,975,1055
55059,977,1058
55060,978,1056
55061,977,1052
55062,976,1048
55063,974,1048
55064,975,1049
55065,977,1053
55066,978,1053
55067,979,1050
55068,977,1051
55069,976,1051
55070,981,1052
55071,983,1055
55072,984,1055
55073,980,1051
55074,975,1053
55075,972,1053
55076,974,1054
55077,977,1060
55078,979,1057
55079,982,1056
55080,980,1053
55081,979,1055
55082,983,1057
55083,984,1060
55084,985,1056
55085,981,1055
55086,978,1055
55087,979,1058
55088,983,1057
55089,989,1057
55090,992,1052
55091,995,1045
55092,1000,1041
55093,1010,1041
55094,1025,1044
55095,1047,1044
55096,1072,1043
55097,1101,1037
55098,1134,1030
55099,1173,1024
55100,1218,1022
55101,1259,1024
55102,1296,1027
55103,1315,1032
55104,1319,1044
55105,1300,1051
55106,1257,1054
55107,1201,1053
55108,1139,1054
55109,1074,1059
55110,1007,1063
55111,953,1070
55112,936,1076
55113,943,1083
55114,954,1075
55115,964,1066
55116,967,1056
55117,967,1051
55118,968,1053
55119,971,1053
55120,973,1052
55121,971,1048
55122,968,1050
55123,966,1050
55124,967,1051
55125,968,1053
55126,971,1050
55127,969,1049
55128,965,1044
55129,963,1048
55130,965,1051
55131,967,1053
55132,968,1054
55133,967,1050
55134,962,1045
55135,962,1049
55136,964,1051
55137,968,1056
55138,970,1054
55139,969,1051
55140,968,1047
55141,966,1051
55142,964,1052
55143,966,1055
55144,968,1051
55145,967,1051
55146,965,1051
55147,963,1051
55148,966,1053
55149,967,1057
55150,972,1057
55151,970,1056
55152,969,1054
55153,967,1055
55154,968,1054
55155,971,1056
55156,971,1056
55157,973,1055
55158,970,1050
55159,968,1051
55160,967,1055
55161,968,1056
55162,969,1056
55163,967,1055
55164,965,1052
55165,965,1053
55166,966,1053
55167,972,1056
55168,974,1051
55169,974,1049
55170,975,1046
55171,977,1042
55172,982,1046
55173,984,1048
55174,986,1043
55175,984,1036
55176,983,1033
55177,977,1036
55178,982,1034
55179,985,1036
55180,988,1034
55181,991,1032
55182,990,1030
55183,990,1030
55184,994,1033
55185,997,1032
55186,1001,1029
55187,1004,1025
55188,1006,1023
55189,1007,1021
55190,1006,1022
55191,1007,1023
55192,1007,1022
55193,1011,1021
55194,1007,1019
55195,1006,1020
55196,1011,1024
55197,1017,1026
55198,1022,1025
55199,1023,1024
55200,1025,1021
55201,1022,1019
55202,1022,1019
55203,1019,1022
55204,1019,1019
55205,1017,1022
55206,1014,1022
55207,1018,1030
55208,1017,1038
55209,1017,1042
55210,1016,1040
55211,1015,1038
55212,1009,1036
55213,1006,1039
55214,1004,1045
55215,1001,1049
55216,1001,1047
55217,1000,1040
55218,998,1032
55219,993,1032
55220,993,1033
55221,993,1036
55222,993,1038
55223,989,1039
55224,985,1041
55225,979,1041
55226,979,1046
55227,981,1051
55228,983,1052
55229,980,1049
55230,979,1051
55231,978,1052
55232,979,1055
55233,978,1060
55234,980,1061
55235,980,1059
55236,975,1057
55237,974,1059
55238,979,1061
55239,978,1066
55240,981,1065
55241,981,1063
55242,977,1060
55243,976,1062
55244,977,1063
55245,980,1065
55246,984,1062
55247,985,1059
55248,986,1057
55249,985,1061
55250,989,1063
55251,995,1066
55252,1002,1066
55253,1003,1063
55254,1005,1063
55255,1008,1063
55256,1011,1067
55257,1020,1071
55258,1028,1068
55259,1035,1067
55260,1048,1060
55261,1057,1051
55262,1071,1043
55263,1084,1030
55264,1098,1017
55265,1112,1003
55266,1125,992
55267,1137,979
55268,1153,971
55269,1167,957
55270,1185,941
55271,1196,920
55272,1212,906
55273,1227,892
55274,1242,885
55275,1251,877
55276,1250,873
55277,1242,869
55278,1238,864
55279,1234,866
55280,1232,867
55281,1226,869
55282,1218,866
55283,1203,863
55284,1181,862
55285,1157,864
55286,1138,870
55287,1117,878
55288,1093,887
55289,1069,893
55290,1049,904
55291,1040,916
55292,1036,930
55293,1038,947
55294,1038,959
55295,1026,969
55296,1018,977
55297,1017,985
55298,1029,996
55299,1048,1001
55300,1070,1001
55301,1090,1001
55302,1101,1003
55303,1095,1008
55304,1077,1016
55305,1052,1027
55306,1015,1033
55307,979,1039
55308,954,1049
55309,944,1060
55310,943,1073
55311,944,1086
55312,942,1088
55313,935,1089
55314,928,1090
55315,924,1094
55316,923,1099
55317,922,1104
55318,921,1102
55319,919,1106
55320,915,1104
55321,912,1106
55322,912,1111
55323,913,1114
55324,914,1116
55325,908,1114
55326,909,1115
55327,906,1115
55328,905,1119
55329,905,1122
55330,904,1123
55331,900,1120
55332,895,1121
55333,896,1122
55334,898,1127
55335,902,1129
55336,903,1129
55337,897,1129
55338,892,1128
55339,886,1131
55340,885,1137
55341,888,1142
55342,890,1144
55343,892,1143
55344,890,1142
55345,889,1145
55346,887,1150
55347,886,1154
55348,885,1154
55349,883,1154
55350,878,1156
55351,880,1161
55352,881,1163
55353,886,1168
55354,890,1168
55355,892,1166
55356,891,1165
55357,891,1169
55358,892,1172
55359,895,1176
55360,895,1176
55361,894,1175
55362,893,1178
55363,894,1181
55364,897,1185
55365,901,1190
55366,907,1187
55367,908,1186
55368,907,1180
55369,908,1184
55370,911,1186
55371,917,1188
55372,921,1187
55373,921,1185
55374,920,1180
55375,920,1177
55376,928,1181
55377,934,1178
55378,937,1177
55379,939,1172
55380,940,1162
55381,942,1159
55382,946,1158
55383,954,1157
55384,959,1156
55385,961,1153
55386,964,1145
55387,968,1139
55388,968,1134
55389,969,1131
55390,969,1124
55391,970,1118
55392,969,1111
55393,969,1109
55394,972,1108
55395,976,1105
55396,977,1099
55397,974,1093
55398,971,1087
55399,969,1085
55400,970,1085
55401,973,1084
55402,976,1080
55403,977,1074
55404,976,1071
55405,972,1069
55406,971,1071
55407,973,1073
55408,975,1072
55409,975,1069
55410,977,1067
55411,975,1066
55412,980,1069
55413,981,1069
55414,981,1068
55415,980,1064
55416,979,1060
55417,977,1063
55418,979,1066
55419,983,1068
55420,983,1067
55421,981,1065
55422,978,1061
55423,977,1061
55424,980,1062
55425,982,1062
55426,982,1062
55427,981,1060
55428,979,1058
55429,976,1056
55430,976,1058
55431,979,1062
55432,983,1060
55433,982,1057
55434,980,1057
55435,978,1053
55436,981,1057
55437,985,1057
55438,984,1061
55439,985,1061
55440,985,1058
55441,987,1061
55442,989,1061
55443,988,1064
55444,983,1062
55445,977,1059
55446,975,1058
55447,979,1054
55448,980,1051
55449,985,1052
55450,987,1053
55451,986,1052
55452,980,1051
55453,981,1055
55454,981,1056
55455,983,1057
55456,989,1054
55457,985,1050
55458,982,1046
55459,981,1049
55460,982,1050
55461,985,1051
55462,985,1051
55463,985,1049
55464,982,1045
55465,982,1047
55466,984,1052
55467,984,1055
55468,986,1052
55469,983,1050
55470,985,1047
55471,984,1050
55472,987,1052
55473,990,1055
55474,992,1054
55475,990,1052
55476,985,1050
55477,985,1050
55478,984,1054
55479,987,1055
55480,987,1057
55481,986,1055
55482,987,1053
55483,985,1056
55484,987,1058
55485,990,1059
55486,993,1056
55487,991,1051
55488,989,1050
55489,989,1051
55490,984,1055
55491,988,1056
55492,988,1058
55493,985,1053
55494,982,1055
55495,983,1054
55496,987,1053
55497,990,1057
55498,990,1055
55499,987,1054
55500,987,1051
55501,986,1051
55502,987,1053
55503,988,1056
55504,987,1054
55505,986,1053
55506,982,1052
55507,980,1052
55508,980,1055
55509,984,1059
55510,988,1054
55511,984,1053
55512,981,1051
55513,983,1053
55514,981,1055
55515,981,1055
55516,982,1052
55517,984,1052
55518,983,1049
55519,982,1049
55520,984,1051
55521,986,1054
55522,986,1054
55523,983,1055
55524,979,1053
55525,985,1052
55526,986,1055
55527,992,1056
55528,993,1053
55529,991,1050
55530,990,1045
55531,988,1045
55532,986,1050
55533,986,1052
55534,989,1053
55535,988,1050
55536,986,1049
55537,984,1050
55538,989,1056
55539,992,1057
55540,993,1058
55541,991,1053
55542,987,1049
55543,979,1052
55544,981,1061
55545,985,1065
55546,987,1067
55547,988,1067
55548,986,1062
55549,985,1057
55550,988,1055
55551,992,1055
55552,996,1051
55553,996,1045
55554,993,1039
55555,988,1040
55556,988,1042
55557,985,1045
55558,985,1043
55559,984,1043
55560,981,1042
55561,983,1044
55562,986,1044
55563,987,1046
55564,987,1046
55565,983,1046
55566,980,1046
55567,980,1048
55568,981,1049
55569,984,1054
55570,985,1055
55571,982,1049
55572,981,1048
55573,979,1049
55574,983,1050
55575,987,1052
55576,987,1051
55577,985,1049
55578,981,1046
55579,979,1049
55580,980,1053
55581,986,1054
55582,988,1052
55583,991,1052
55584,984,1049
55585,985,1051
55586,988,1051
55587,991,1055
55588,994,1054
55589,992,1051
55590,990,1047
55591,989,1052
55592,990,1054
55593,992,1058
55594,992,1055
55595,992,1052
55596,987,1052
55597,991,1050
55598,991,1054
55599,993,1058
55600,993,1058
55601,992,1055
55602,990,1050
55603,992,1051
55604,995,1050
55605,1000,1050
55606,1004,1045
55607,1007,1043
55608,1006,1039
55609,1009,1038
55610,1025,1041
55611,1038,1043
55612,1048,1041
55613,1061,1039
55614,1084,1039
55615,1112,1039
55616,1155,1032
55617,1198,1020
55618,1237,1009
55619,1270,999
55620,1294,1002
55621,1309,1011
55622,1318,1029
55623,1305,1035
55624,1270,1040
55625,1211,1038
55626,1152,1040
55627,1090,1050
55628,1028,1059
55629,983,1063
55630,962,1063
55631,962,1058
55632,972,1054
55633,978,1045
55634,986,1043
55635,990,1041
55636,991,1043
55637,987,1037
55638,984,1037
55639,979,1039
55640,978,1041
55641,980,1047
55642,980,1047
55643,981,1044
55644,978,1044
55645,979,1046
55646,975,1048
55647,976,1052
55648,978,1050
55649,978,1048
55650,972,1044
55651,973,1044
55652,974,1046
55653,976,1051
55654,977,1050
55655,976,1047
55656,973,1045
55657,972,1044
55658,975,1050
55659,980,1051
55660,984,1051
55661,987,1049
55662,982,1047
55663,980,1047
55664,974,1051
55665,972,1057
55666,971,1056
55667,973,1056
55668,974,1053
55669,977,1057
55670,983,1063
55671,982,1067
55672,975,1072
55673,965,1069
55674,961,1065
55675,963,1060
55676,968,1058
55677,973,1055
55678,972,1050
55679,970,1046
55680,967,1047
55681,968,1052
55682,971,1055
55683,976,1057
55684,981,1050
55685,981,1043
55686,979,1038
55687,980,1038
55688,980,1041
55689,985,1042
55690,985,1040
55691,985,1038
55692,981,1039
55693,984,1039
55694,985,1040
55695,990,1043
55696,990,1042
55697,990,1039
55698,987,1036
55699,986,1036
55700,993,1039
55701,996,1041
55702,999,1039
55703,1000,1034
55704,1000,1032
55705,998,1033
55706,1001,1034
55707,1005,1035
55708,1008,1031
55709,1005,1030
55710,1006,1025
55711,1003,1026
55712,1007,1030
55713,1010,1032
55714,1014,1029
55715,1014,1027
55716,1012,1024
55717,1015,1024
55718,1015,1025
55719,1020,1027
55720,1024,1022
55721,1024,1017
55722,1021,1015
55723,1022,1015
55724,1025,1016
55725,1026,1019
55726,1029,1020
55727,1027,1016
55728,1027,1016
55729,1028,1016
55730,1027,1022
55731,1029,1026
55732,1027,1024
55733,1022,1024
55734,1017,1025
55735,1015,1030
55736,1013,1034
55737,1014,1038
55738,1013,1040
55739,1009,1037
55740,1006,1040
55741,1000,1043
55742,998,1045
55743,998,1049
55744,996,1049
55745,996,1047
55746,995,1046
55747,993,1047
55748,992,1048
55749,996,1050
55750,993,1052
55751,989,1049
55752,984,1049
55753,982,1050
55754,982,1052
55755,982,1057
55756,985,1057
55757,984,1056
55758,983,1053
55759,980,1053
55760,984,1057
55761,990,1059
55762,992,1059
55763,991,1058
55764,991,1053
55765,991,1055
55766,991,1058
55767,994,1061
55768,993,1055
55769,992,1052
55770,989,1052
55771,987,1051
55772,991,1059
55773,993,1064
55774,994,1064
55775,992,1059
55776,988,1057
55777,990,1062
55778,993,1062
55779,998,1064
55780,997,1061
55781,996,1058
55782,993,1061
55783,989,1070
55784,989,1082
55785,992,1084
55786,993,1073
55787,991,1058
55788,993,1047
55789,996,1040
55790,999,1040
55791,1002,1039
55792,1003,1039
55793,1002,1039
55794,1000,1038
55795,997,1039
55796,997,1043
55797,998,1045
55798,999,1047
55799,997,1044
55800,994,1042
55801,993,1045
55802,989,1045
55803,994,1050
55804,994,1049
55805,991,1049
55806,986,1048
55807,988,1049
55808,989,1052
55809,991,1055
55810,993,1054
55811,992,1049
55812,991,1048
55813,991,1046
55814,992,1047
55815,996,1049
55816,995,1046
55817,992,1043
55818,991,1041
55819,991,1044
55820,995,1044
55821,996,1045
55822,994,1045
55823,988,1044
55824,985,1039
55825,985,1041
55826,985,1044
55827,988,1047
55828,990,1048
55829,988,1045
55830,988,1047
55831,985,1047
55832,986,1051
55833,989,1053
55834,990,1053
55835,987,1048
55836,980,1048
55837,984,1051
55838,989,1053
55839,995,1054
55840,995,1054
55841,994,1049
55842,988,1047
55843,985,1048
55844,986,1053
55845,988,1056
55846,991,1057
55847,987,1055
55848,985,1051
55849,988,1052
55850,992,1054
55851,997,1056
55852,997,1055
55853,995,1049
55854,992,1048
55855,993,1050
55856,994,1050
55857,1004,1050
55858,1015,1047
55859,1030,1043
55860,1042,1038
55861,1059,1038
55862,1085,1036
55863,1120,1034
55864,1158,1026
55865,1200,1016
55866,1239,1011
55867,1275,1012
55868,1299,1024
55869,1308,1040
55870,1294,1048
55871,1254,1050
55872,1198,1046
55873,1137,1050
55874,1076,1062
55875,1014,1072
55876,964,1081
55877,935,1085
55878,934,1087
55879,949,1080
55880,963,1075
55881,976,1066
55882,982,1060
55883,982,1056
55884,975,1051
55885,971,1050
55886,972,1054
55887,970,1058
55888,968,1060
55889,968,1056
55890,968,1056
55891,965,1059
55892,966,1061
55893,967,1062
55894,969,1064
55895,970,1058
55896,970,1055
55897,972,1053
55898,971,1055
55899,972,1057
55900,970,1056
55901,967,1055
55902,965,1055
55903,968,1055
55904,973,1055
55905,974,1055
55906,972,1052
55907,969,1044
55908,963,1041
55909,963,1042
55910,963,1043
55911,968,1044
55912,970,1043
55913,967,1040
55914,962,1037
55915,961,1036
55916,963,1040
55917,969,1041
55918,971,1044
55919,971,1037
55920,969,1033
55921,969,1036
55922,970,1037
55923,971,1038
55924,973,1038
55925,971,1034
55926,969,1033
55927,971,1034
55928,972,1036
55929,976,1039
55930,979,1038
55931,976,1034
55932,972,1033
55933,970,1032
55934,974,1034
55935,976,1037
55936,975,1035
55937,973,1034
55938,975,1030
55939,975,1031
55940,978,1035
55941,984,1036
55942,984,1035
55943,983,1032
55944,982,1031
55945,983,1029
55946,988,1033
55947,989,1036
55948,989,1032
55949,989,1030
55950,989,1026
55951,989,1026
55952,994,1025
55953,997,1026
55954,1001,1023
55955,1003,1020
55956,1001,1017
55957,1001,1016
55958,1001,1017
55959,1003,1019
55960,1006,1016
55961,1005,1013
55962,1001,1010
55963,1002,1011
55964,1006,1010
55965,1005,1012
55966,1004,1009
55967,1002,1005
55968,1002,1003
55969,1001,1004
55970,1000,1007
55971,1002,1008
55972,1005,1008
55973,1005,1006
55974,1002,1007
55975,1001,1011
55976,1002,1014
55977,1006,1021
55978,1004,1021
55979,1000,1019
55980,990,1020
55981,987,1022
55982,989,1030
55983,993,1033
55984,993,1035
55985,988,1037
55986,982,1035
55987,979,1039
55988,976,1045
55989,980,1050
55990,979,1048
55991,979,1047
55992,973,1046
55993,974,1050
55994,979,1053
55995,981,1057
55996,975,1055
55997,971,1056
55998,966,1055
55999,965,1057
56000,966,1061
56001,970,1062
56002,972,1060
56003,969,1060
56004,966,1057
56005,968,1060
56006,971,1065
56007,977,1067
56008,977,1066
56009,974,1064
56010,971,1061
56011,970,1066
56012,976,1069
56013,981,1070
56014,984,1068
56015,984,1068
56016,982,1066
56017,982,1067
56018,984,1069
56019,989,1070
56020,986,1070
56021,985,1066
56022,984,1060
56023,983,1060
56024,986,1059
56025,988,1059
56026,990,1054
56027,991,1051
56028,987,1048
56029,981,1050
56030,983,1050
56031,985,1050
56032,989,1049
56033,991,1044
56034,987,1041
56035,984,1041
56036,985,1043
56037,982,1042
56038,983,1041
56039,981,1041
56040,984,1039
56041,986,1037
56042,987,1042
56043,990,1042
56044,989,1039
56045,982,1038
56046,974,1035
56047,970,1038
56048,973,1043
56049,978,1047
56050,985,1043
56051,984,1042
56052,978,1039
56053,974,1041
56054,976,1043
56055,977,1045
56056,979,1047
56057,980,1046
56058,976,1042
56059,976,1047
56060,979,1048
56061,984,1052
56062,983,1054
56063,981,1052
56064,976,1054
56065,975,1063
56066,974,1064
56067,980,1065
56068,982,1059
56069,980,1055
56070,977,1056
56071,974,1057
56072,976,1061
56073,980,1057
56074,981,1050
56075,979,1046
56076,977,1047
56077,977,1048
56078,980,1053
56079,979,1054
56080,982,1054
56081,980,1052
56082,980,1047
56083,985,1047
56084,988,1050
56085,989,1049
56086,985,1048
56087,979,1047
56088,975,1043
56089,974,1046
56090,979,1049
56091,984,1054
56092,984,1050
56093,978,1045
56094,973,1045
56095,968,1047
56096,969,1050
56097,970,1052
56098,969,1051
56099,975,1050
56100,972,1046
56101,972,1046
56102,973,1048
56103,976,1053
56104,975,1048
56105,974,1046
56106,974,1045
56107,975,1048
56108,980,1050
56109,982,1054
56110,979,1052
56111,977,1049
56112,976,1046
56113,976,1048
56114,979,1052
56115,984,1050
56116,985,1050
56117,982,1048
56118,978,1045
56119,983,1045
56120,980,1051
56121,983,1054
56122,984,1055
56123,986,1051
56124,984,1052
56125,986,1055
56126,990,1058
56127,994,1058
56128,994,1056
56129,989,1051
56130,983,1047
56131,987,1044
56132,998,1045
56133,1011,1045
56134,1025,1040
56135,1036,1036
56136,1054,1033
56137,1080,1032
56138,1115,1026
56139,1160,1022
56140,1200,1013
56141,1241,1006
56142,1273,1007
56143,1298,1021
56144,1313,1039
56145,1300,1053
56146,1254,1056
56147,1184,1052
56148,1119,1055
56149,1051,1066
56150,993,1076
56151,957,1081
56152,949,1081
56153,955,1077
56154,961,1067
56155,967,1057
56156,975,1055
56157,980,1058
56158,982,1056
56159,979,1054
56160,979,1050
56161,979,1047
56162,977,1049
56163,981,1051
56164,980,1047
56165,977,1045
56166,972,1040
56167,973,1043
56168,974,1046
56169,976,1051
56170,975,1047
56171,970,1045
56172,969,1046
56173,967,1047
56174,969,1052
56175,974,1052
56176,973,1053
56177,972,1050
56178,971,1046
56179,972,1050
56180,977,1051
56181,977,1052
56182,978,1052
56183,975,1049
56184,970,1046
56185,968,1050
56186,969,1051
56187,970,1052
56188,968,1053
56189,969,1050
56190,967,1047
56191,966,1048
56192,969,1048
56193,972,1049
56194,973,1050
56195,974,1047
56196,972,1045
56197,973,1045
56198,976,1047
56199,979,1048
56200,983,1045
56201,984,1039
56202,984,1036
56203,979,1036
56204,974,1038
56205,977,1043
56206,982,1043
56207,983,1040
56208,984,1038
56209,985,1041
56210,987,1044
56211,994,1041
56212,994,1037
56213,991,1030
56214,989,1028
56215,992,1031
56216,1000,1034
56217,1005,1034
56218,1007,1031
56219,1010,1025
56220,1012,1023
56221,1008,1024
56222,1009,1023
56223,1012,1024
56224,1013,1021
56225,1012,1020
56226,1013,1016
56227,1014,1017
56228,1016,1018
56229,1019,1021
56230,1023,1015
56231,1022,1014
56232,1017,1011
56233,1019,1013
56234,1021,1016
56235,1026,1020
56236,1029,1017
56237,1027,1015
56238,1025,1013
56239,1023,1014
56240,1024,1017
56241,1027,1023
56242,1023,1022
56243,1021,1023
56244,1016,1022
56245,1016,1027
56246,1016,1031
56247,1016,1036
56248,1014,1035
56249,1015,1034
56250,1006,1033
56251,1004,1037
56252,1002,1038
56253,1004,1044
56254,1001,1047
56255,998,1044
56256,999,1045
56257,996,1048
56258,997,1049
56259,997,1055
56260,996,1055
56261,994,1056
56262,991,1055
56263,989,1059
56264,992,1059
56265,993,1064
56266,996,1063
56267,995,1060
56268,990,1058
56269,991,1059
56270,989,1059
56271,990,1064
56272,991,1060
56273,992,1061
56274,990,1056
56275,992,1058
56276,992,1058
56277,994,1062
56278,990,1067
56279,987,1064
56280,987,1061
56281,989,1057
56282,993,1054
56283,998,1052
56284,1000,1053
56285,999,1050
56286,996,1047
56287,999,1049
56288,1000,1052
56289,999,1055
56290,999,1057
56291,998,1057
56292,996,1051
56293,992,1049
56294,997,1048
56295,1001,1047
56296,1001,1046
56297,1004,1043
56298,1002,1043
56299,1003,1045
56300,1004,1047
56301,1006,1052
56302,1005,1050
56303,1006,1047
56304,1003,1047
56305,1002,1050
56306,1003,1054
56307,1004,1056
56308,1004,1056
56309,1003,1052
56310,1004,1051
56311,1002,1052
56312,1003,1055
56313,1008,1058
56314,1007,1054
56315,1006,1050
56316,1006,1048
56317,1002,1049
56318,1007,1052
56319,1011,1052
56320,1010,1052
56321,1010,1046
56322,1007,1046
56323,1007,1045
56324,1006,1049
56325,1007,1049
56326,1007,1049
56327,1004,1048
56328,1001,1048
56329,999,1048
56330,1002,1051
56331,1006,1053
56332,1009,1050
56333,1011,1049
56334,1007,1046
56335,1004,1046
56336,999,1051
56337,1003,1057
56338,1007,1057
56339,1005,1057
56340,1003,1052
56341,1004,1052
56342,1003,1049
56343,1005,1048
56344,1008,1044
56345,1012,1040
56346,1016,1039
56347,1026,1041
56348,1043,1043
56349,1067,1047
56350,1096,1044
56351,1127,1040
56352,1163,1033
56353,1205,1027
56354,1257,1026
56355,1301,1026
56356,1340,1033
56357,1357,1041
56358,1348,1046
56359,1308,1054
56360,1248,1056
56361,1178,1058
56362,1103,1064
56363,1029,1071
56364,975,1071
56365,955,1073
56366,964,1071
56367,981,1067
56368,991,1058
56369,994,1053
56370,993,1045
56371,995,1044
56372,998,1045
56373,1000,1046
56374,1000,1045
56375,997,1046
56376,991,1050
56377,986,1053
56378,987,1057
56379,987,1059
56380,987,1054
56381,983,1051
56382,979,1045
56383,979,1043
56384,981,1046
56385,983,1047
56386,984,1045
56387,983,1045
56388,979,1043
56389,980,1046
56390,984,1048
56391,987,1047
56392,988,1044
56393,983,1039
56394,981,1036
56395,980,1039
56396,982,1043
56397,987,1046
56398,989,1048
56399,986,1044
56400,984,1042
56401,983,1046
56402,985,1045
56403,989,1050
56404,989,1048
56405,987,1047
56406,985,1045
56407,986,1045
56408,991,1047
56409,996,1047
56410,997,1048
56411,995,1045
56412,993,1042
56413,993,1041
56414,997,1043
56415,1002,1043
56416,1005,1041
56417,1002,1039
56418,1000,1035
56419,1000,1037
56420,1004,1039
56421,1012,1038
56422,1017,1035
56423,1015,1031
56424,1015,1026
56425,1011,1026
56426,1012,1028
56427,1011,1031
56428,1012,1028
56429,1010,1025
56430,1006,1022
56431,1011,1020
56432,1013,1020
56433,1017,1020
56434,1016,1021
56435,1019,1017
56436,1021,1018
56437,1019,1022
56438,1018,1024
56439,1025,1025
56440,1027,1018
56441,1025,1009
56442,1021,1005
56443,1021,1005
56444,1024,1010
56445,1029,1014
56446,1032,1016
56447,1033,1015
56448,1035,1009
56449,1034,1007
56450,1036,1005
56451,1037,1006
56452,1036,1007
56453,1033,1007
56454,1028,1008
56455,1029,1012
56456,1029,1017
56457,1027,1021
56458,1027,1024
56459,1026,1025
56460,1020,1027
56461,1017,1028
56462,1012,1034
56463,1016,1040
56464,1017,1040
56465,1013,1041
56466,1007,1039
56467,1003,1043
56468,1004,1048
56469,1005,1053
56470,1004,1049
56471,1004,1048
56472,998,1047
56473,997,1051
56474,997,1055
56475,999,1059
56476,1001,1053
56477,996,1053
56478,991,1053
56479,992,1057
56480,993,1058
56481,995,1057
56482,995,1059
56483,998,1058
56484,998,1056
56485,999,1057
56486,999,1061
56487,996,1065
56488,996,1065
56489,997,1064
56490,993,1062
56491,987,1059
56492,986,1060
56493,989,1059
56494,991,1056
56495,991,1051
56496,990,1048
56497,992,1044
56498,994,1046
56499,999,1049
56500,997,1047
56501,996,1048
56502,992,1050
56503,993,1049
56504,998,1049
56505,1003,1046
56506,1004,1045
56507,1001,1039
56508,999,1038
56509,997,1041
56510,999,1043
56511,1002,1046
56512,1000,1045
56513,1000,1044
56514,996,1045
56515,1000,1047
56516,1002,1048
56517,1006,1053
56518,1006,1049
56519,1002,1048
56520,998,1048
56521,999,1048
56522,999,1051
56523,1002,1053
56524,1002,1052
56525,999,1049
56526,996,1050
56527,995,1045
56528,997,1052
56529,999,1053
56530,1003,1054
56531,1002,1051
56532,999,1047
56533,998,1049
56534,999,1050
56535,999,1053
56536,1000,1051
56537,999,1048
56538,997,1049
56539,992,1050
56540,993,1052
56541,993,1052
56542,992,1053
56543,993,1050
56544,992,1050
56545,990,1049
56546,994,1052
56547,996,1055
56548,996,1054
56549,997,1052
56550,994,1047
56551,996,1050
56552,998,1050
56553,1000,1053
56554,1003,1052
56555,999,1050
56556,997,1050
56557,996,1048
56558,996,1050
56559,997,1054
56560,995,1054
56561,998,1051
56562,993,1050
56563,991,1050
56564,994,1053
56565,996,1057
56566,995,1054
56567,993,1053
56568,991,1048
56569,989,1054
56570,990,1054
56571,994,1055
56572,995,1057
56573,994,1054
56574,992,1049
56575,991,1049
56576,991,1052
56577,990,1054
56578,993,1053
56579,991,1053
56580,990,1050
56581,986,1050
56582,988,1054
56583,993,1056
56584,994,1053
56585,990,1052
56586,988,1049
56587,987,1051
56588,991,1054
56589,994,1057
56590,991,1058
56591,987,1062
56592,985,1060
56593,986,1060
56594,989,1057
56595,992,1055
56596,994,1054
56597,996,1051
56598,992,1052
56599,988,1057
56600,984,1066
56601,985,1075
56602,987,1081
56603,993,1072
56604,995,1059
56605,993,1047
56606,994,1044
56607,995,1046
56608,996,1048
56609,992,1046
56610,989,1046
56611,990,1047
56612,994,1051
56613,996,1052
56614,996,1051
56615,995,1050
56616,988,1049
56617,989,1049
56618,988,1051
56619,991,1056
56620,991,1056
56621,991,1052
56622,994,1047
56623,995,1049
56624,1001,1049
56625,1005,1048
56626,1003,1047
56627,1001,1043
56628,992,1044
56629,992,1047
56630,994,1050
56631,995,1051
56632,999,1049
56633,1002,1050
56634,999,1048
56635,996,1048
56636,999,1048
56637,1001,1051
56638,1008,1046
56639,1019,1041
56640,1035,1039
56641,1059,1043
56642,1086,1043
56643,1125,1046
56644,1165,1039
56645,1204,1024
56646,1240,1019
56647,1276,1015
56648,1311,1020
56649,1328,1033
56650,1316,1044
56651,1274,1050
56652,1210,1048
56653,1137,1054
56654,1070,1060
56655,1012,1065
56656,971,1065
56657,959,1067
56658,963,1062
56659,978,1056
56660,990,1054
56661,994,1053
56662,989,1050
56663,984,1045
56664,978,1046
56665,975,1047
56666,977,1047
56667,977,1052
56668,976,1051
56669,973,1050
56670,971,1050
56671,971,1048
56672,975,1052
56673,976,1054
56674,975,1055
56675,975,1056
56676,969,1051
56677,967,1045
56678,965,1046
56679,964,1049
56680,965,1054
56681,965,1054
56682,963,1056
56683,966,1055
56684,970,1048
56685,973,1046
56686,968,1039
56687,964,1039
56688,961,1040
56689,961,1045
56690,964,1048
56691,970,1049
56692,974,1048
56693,974,1042
56694,976,1043
56695,977,1044
56696,978,1042
56697,975,1048
56698,973,1046
56699,976,1048
56700,980,1046
56701,983,1046
56702,982,1049
56703,973,1049
56704,966,1048
56705,962,1045
56706,966,1047
56707,973,1052
56708,985,1054
56709,994,1051
56710,990,1048
56711,975,1041
56712,963,1039
56713,955,1042
56714,963,1053
56715,970,1063
56716,977,1065
56717,974,1062
56718,972,1062
56719,972,1055
56720,977,1042
56721,981,1036
56722,982,1032
56723,984,1031
56724,982,1030
56725,982,1030
56726,990,1027
56727,996,1024
56728,1001,1017
56729,999,1012
56730,998,1009
56731,999,1011
56732,1005,1011
56733,1010,1016
56734,1012,1013
56735,1014,1010
56736,1013,1008
56737,1010,1009
56738,1013,1011
56739,1014,1015
56740,1018,1012
56741,1018,1010
56742,1016,1008
56743,1017,1010
56744,1019,1014
56745,1021,1015
56746,1021,1012
56747,1019,1011
56748,1020,1009
56749,1019,1011
56750,1019,1017
56751,1020,1020
56752,1017,1020
56753,1014,1021
56754,1005,1021
56755,1008,1024
56756,1006,1029
56757,1007,1031
56758,1005,1031
56759,1001,1030
56760,998,1033
56761,996,1038
56762,997,1040
56763,1002,1045
56764,1003,1045
56765,998,1043
56766,997,1041
56767,996,1043
56768,992,1044
56769,989,1047
56770,980,1048
56771,982,1047
56772,980,1048
56773,980,1052
56774,974,1053
56775,973,1054
56776,972,1052
56777,974,1052
56778,974,1053
56779,974,1054
56780,978,1056
56781,978,1056
56782,979,1056
56783,977,1050
56784,975,1050
56785,975,1050
56786,976,1052
56787,976,1053
56788,974,1053
56789,974,1050
56790,974,1049
56791,974,1050
56792,976,1054
56793,980,1056
56794,980,1056
56795,979,1052
56796,975,1052
56797,977,1057
56798,974,1062
56799,981,1059
56800,983,1059
56801,980,1049
56802,977,1045
56803,978,1044
56804,979,1049
56805,980,1052
56806,983,1050
56807,983,1049
56808,979,1047
56809,978,1048
56810,980,1051
56811,976,1055
56812,981,1055
56813,979,1051
56814,979,1049
56815,981,1048
56816,982,1048
56817,977,1048
56818,975,1047
56819,967,1044
56820,969,1044
56821,973,1044
56822,978,1047
56823,980,1049
56824,980,1045
56825,981,1043
56826,980,1041
56827,981,1044
56828,981,1045
56829,985,1045
56830,982,1044
56831,982,1041
56832,976,1041
56833,978,1040
56834,978,1046
56835,982,1044
56836,982,1044
56837,982,1043
56838,977,1043
56839,976,1041
56840,979,1043
56841,979,1046
56842,979,1044
56843,979,1041
56844,978,1038
56845,977,1040
56846,979,1044
56847,978,1046
56848,973,1047
56849,972,1042
56850,969,1043
56851,971,1044
56852,970,1047
56853,974,1050
56854,970,1047
56855,972,1044
56856,967,1044
56857,964,1042
56858,969,1047
56859,970,1048
56860,972,1047
56861,971,1045
56862,965,1045
56863,966,1048
56864,968,1051
56865,970,1053
56866,971,1052
56867,971,1050
56868,969,1048
56869,969,1047
56870,970,1051
56871,974,1053
56872,976,1054
56873,974,1052
56874,975,1048
56875,977,1051
56876,978,1051
56877,979,1053
56878,980,1049
56879,979,1049
56880,980,1048
56881,985,1047
56882,988,1045
56883,997,1043
56884,1007,1040
56885,1019,1034
56886,1032,1029
56887,1051,1027
56888,1080,1028
56889,1117,1026
56890,1158,1013
56891,1201,1004
56892,1235,1000
56893,1264,1006
56894,1282,1024
56895,1275,1041
56896,1241,1045
56897,1186,1044
56898,1119,1047
56899,1052,1057
56900,989,1075
56901,946,1085
56902,932,1089
56903,938,1083
56904,949,1075
56905,958,1063
56906,965,1055
56907,971,1052
56908,968,1044
56909,966,1044
56910,962,1039
56911,959,1041
56912,956,1043
56913,960,1045
56914,955,1041
56915,954,1039
56916,953,1042
56917,953,1042
56918,954,1045
56919,955,1048
56920,953,1045
56921,951,1042
56922,946,1041
56923,948,1045
56924,951,1044
56925,952,1048
56926,951,1045
56927,952,1044
56928,952,1040
56929,951,1040
56930,952,1046
56931,954,1045
56932,953,1046
56933,949,1043
56934,950,1040
56935,949,1041
56936,956,1044
56937,958,1045
56938,956,1042
56939,952,1039
56940,949,1036
56941,950,1040
56942,952,1041
56943,956,1042
56944,954,1040
56945,953,1036
56946,950,1037
56947,954,1035
56948,961,1038
56949,962,1040
56950,961,1035
56951,958,1032
56952,955,1032
56953,954,1031
56954,957,1034
56955,962,1034
56956,964,1033
56957,963,1026
56958,958,1023
56959,958,1028
56960,963,1028
56961,966,1028
56962,969,1023
56963,967,1019
56964,968,1017
56965,972,1015
56966,976,1017
56967,983,1017
56968,978,1012
56969,976,1011
56970,976,1008
56971,979,1006
56972,981,1008
56973,980,1009
56974,983,1005
56975,983,1003
56976,982,1000
56977,987,998
56978,988,999
56979,992,1000
56980,993,997
56981,992,996
56982,988,995
56983,989,996
56984,994,1000
56985,996,1004
56986,995,1002
56987,995,1003
56988,994,1003
56989,993,1005
56990,993,1009
56991,993,1010
56992,990,1014
56993,988,1012
56994,984,1010
56995,983,1013
56996,984,1017
56997,983,1021
56998,980,1024
56999,976,1025
57000,973,1027
57001,969,1029
57002,968,1034
57003,971,1039
57004,970,1036
57005,969,1034
57006,964,1034
57007,963,1038
57008,961,1045
57009,963,1046
57010,959,1048
57011,959,1049
57012,957,1048
57013,956,1050
57014,955,1052
57015,958,1056
57016,958,1053
57017,956,1051
57018,954,1051
57019,954,1050
57020,953,1052
57021,957,1055
57022,956,1057
57023,954,1052
57024,955,1049
57025,957,1049
57026,958,1051
57027,960,1049
57028,959,1051
57029,958,1050
57030,958,1048
57031,957,1049
57032,958,1051
57033,963,1053
57034,963,1051
57035,959,1047
57036,958,1044
57037,958,1049
57038,957,1049
57039,957,1054
57040,961,1051
57041,962,1048
57042,962,1045
57043,963,1046
57044,966,1049
57045,967,1050
57046,963,1051
57047,963,1046
57048,959,1044
57049,962,1046
57050,965,1049
57051,967,1048
57052,963,1048
57053,961,1042
57054,959,1042
57055,958,1042
57056,959,1046
57057,960,1047
57058,960,1049
57059,958,1046
57060,956,1043
57061,957,1044
57062,959,1048
57063,962,1053
57064,963,1049
57065,961,1046
57066,954,1045
57067,953,1045
57068,956,1048
57069,958,1051
57070,960,1049
57071,960,1045
57072,954,1039
57073,956,1043
57074,959,1046
57075,961,1047
57076,960,1046
57077,958,1043
57078,956,1040
57079,955,1040
57080,959,1041
57081,961,1046
57082,961,1043
57083,959,1042
57084,960,1039
57085,959,1042
57086,961,1047
57087,962,1051
57088,962,1049
57089,959,1047
57090,957,1045
57091,957,1045
57092,956,1048
57093,960,1052
57094,962,1052
57095,962,1049
57096,958,1047
57097,956,1050
57098,961,1051
57099,962,1052
57100,962,1051
57101,960,1049
57102,958,1050
57103,959,1051
57104,958,1052
57105,960,1052
57106,960,1050
57107,959,1050
57108,958,1046
57109,960,1048
57110,959,1049
57111,960,1052
57112,959,1050
57113,958,1047
57114,956,1047
57115,957,1045
57116,957,1049
57117,961,1051
57118,960,1045
57119,959,1044
57120,956,1041
57121,958,1044
57122,961,1047
57123,962,1048
57124,963,1046
57125,961,1045
57126,956,1041
57127,958,1043
57128,961,1046
57129,967,1046
57130,966,1045
57131,965,1042
57132,962,1039
57133,959,1043
57134,967,1045
57135,969,1046
57136,968,1044
57137,963,1043
57138,960,1043
57139,960,1045
57140,964,1048
57141,968,1049
57142,966,1049
57143,963,1047
57144,959,1044
57145,957,1047
57146,960,1050
57147,964,1053
57148,964,1051
57149,962,1047
57150,954,1048
57151,955,1051
57152,957,1053
57153,964,1055
57154,966,1054
57155,964,1048
57156,963,1049
57157,962,1051
57158,964,1051
57159,967,1053
57160,967,1053
57161,964,1051
57162,962,1050
57163,963,1053
57164,967,1053
57165,969,1055
57166,969,1051
57167,969,1050
57168,965,1047
57169,963,1049
57170,965,1052
57171,968,1055
57172,967,1054
57173,967,1049
57174,965,1046
57175,967,1049
57176,969,1049
57177,972,1050
57178,970,1048
57179,967,1046
57180,965,1044
57181,966,1049
57182,969,1051
57183,971,1051
57184,969,1049
57185,966,1046
57186,965,1047
57187,964,1046
57188,968,1049
57189,969,1050
57190,970,1052
57191,971,1048
57192,969,1050
57193,970,1051
57194,973,1055
57195,974,1056
57196,972,1057
57197,970,1052
57198,967,1052
57199,968,1053
57200,971,1055
57201,972,1056
57202,972,1054
57203,969,1051
57204,965,1049
57205,966,1052
57206,968,1055
57207,973,1055
57208,972,1052
57209,968,1051
57210,969,1050
57211,968,1051
57212,970,1055
57213,972,1055
57214,975,1051
57215,973,1048
57216,969,1048
57217,972,1050
57218,976,1053
57219,977,1054
57220,977,1051
57221,976,1049
57222,973,1049
57223,970,1050
57224,973,1053
57225,978,1052
57226,977,1048
57227,976,1043
57228,971,1046
57229,975,1044
57230,975,1048
57231,976,1046
57232,976,1046
57233,974,1043
57234,970,1044
57235,973,1045
57236,975,1049
57237,975,1048
57238,975,1050
57239,973,1047
57240,970,1046
57241,971,1051
57242,973,1054
57243,977,1056
57244,977,1055
57245,977,1053
57246,974,1052
57247,972,1055
57248,977,1058
57249,981,1057
57250,981,1054
57251,977,1052
57252,974,1050
57253,976,1050
57254,982,1050
57255,981,1052
57256,980,1050
57257,978,1046
57258,976,1044
57259,975,1046
57260,978,1049
57261,982,1049
57262,980,1049
57263,980,1047
57264,978,1048
57265,977,1049
57266,981,1053
57267,984,1053
57268,981,1051
57269,979,1051
57270,977,1047
57271,980,1049
57272,981,1049
57273,983,1052
57274,982,1050
57275,979,1050
57276,978,1046
57277,978,1049
57278,979,1053
57279,980,1050
57280,982,1047
57281,983,1044
57282,980,1046
57283,978,1045
57284,980,1047
57285,983,1046
57286,982,1046
57287,981,1045
57288,980,1045
57289,979,1047
57290,980,1046
57291,981,1045
57292,981,1047
57293,980,1043
57294,978,1039
57295,980,1042
57296,984,1046
57297,987,1048
57298,988,1046
57299,984,1045
57300,980,1044
57301,979,1044
57302,982,1050
57303,986,1050
57304,985,1050
57305,982,1045
57306,982,1045
57307,979,1046
57308,986,1050
57309,988,1054
57310,986,1052
57311,985,1049
57312,982,1046
57313,983,1048
57314,988,1051
57315,992,1053
57316,993,1051
57317,994,1047
57318,989,1047
57319,990,1048
57320,993,1051
57321,995,1052
57322,997,1051
57323,997,1048
57324,996,1046
57325,995,1047
57326,997,1049
57327,1001,1054
57328,1001,1052
57329,1000,1048
57330,996,1049
57331,997,1049
57332,1005,1053
57333,1008,1050
57334,1008,1049
57335,1008,1045
57336,1008,1041
57337,1009,1041
57338,1014,1042
57339,1024,1038
57340,1032,1033
57341,1046,1027
57342,1058,1025
57343,1078,1023
57344,1104,1023
57345,1134,1022
57346,1161,1014
57347,1184,1002
57348,1208,997
57349,1233,999
57350,1254,1005
57351,1268,1015
57352,1262,1028
57353,1242,1033
57354,1209,1038
57355,1165,1043
57356,1123,1050
57357,1082,1059
57358,1040,1063
57359,1009,1065
57360,991,1068
57361,988,1065
57362,993,1059
57363,997,1055
57364,996,1046
57365,995,1043
57366,989,1041
57367,987,1042
57368,985,1045
57369,986,1047
57370,985,1042
57371,980,1038
57372,978,1038
57373,974,1041
57374,974,1044
57375,981,1048
57376,979,1045
57377,978,1043
57378,976,1042
57379,975,1044
57380,978,1048
57381,979,1049
57382,975,1049
57383,975,1042
57384,971,1039
57385,968,1041
57386,972,1043
57387,975,1047
57388,975,1044
57389,973,1042
57390,973,1039
57391,975,1039
57392,978,1043
57393,979,1040
57394,979,1039
57395,980,1039
57396,978,1040
57397,976,1040
57398,978,1044
57399,983,1047
57400,980,1045
57401,978,1042
57402,976,1040
57403,976,1043
57404,978,1047
57405,981,1047
57406,979,1045
57407,975,1046
57408,975,1046
57409,973,1047
57410,978,1049
57411,978,1050
57412,978,1047
57413,976,1044
57414,977,1043
57415,978,1047
57416,979,1048
57417,983,1051
57418,986,1049
57419,983,1044
57420,983,1044
57421,983,1043
57422,988,1045
57423,994,1045
57424,992,1044
57425,990,1042
57426,987,1038
57427,988,1037
57428,994,1035
57429,998,1037
57430,999,1037
57431,998,1030
57432,995,1028
57433,1000,1029
57434,1003,1031
57435,1008,1030
57436,1008,1027
57437,1005,1024
57438,1005,1020
57439,1007,1023
57440,1010,1021
57441,1016,1020
57442,1015,1018
57443,1014,1015
57444,1014,1016
57445,1016,1019
57446,1020,1019
57447,1022,1016
57448,1023,1013
57449,1023,1011
57450,1021,1012
57451,1023,1010
57452,1027,1010
57453,1031,1011
57454,1031,1011
57455,1029,1009
57456,1026,1010
57457,1028,1011
57458,1028,1012
57459,1029,1014
57460,1028,1016
57461,1027,1013
57462,1026,1009
57463,1026,1007
57464,1026,1010
57465,1029,1015
57466,1030,1016
57467,1028,1017
57468,1023,1016
57469,1023,1018
57470,1026,1023
57471,1027,1024
57472,1022,1023
57473,1022,1021
57474,1017,1024
57475,1018,1029
57476,1019,1033
57477,1020,1033
57478,1018,1032
57479,1013,1030
57480,1008,1031
57481,1008,1033
57482,1006,1036
57483,1008,1041
57484,1004,1042
57485,1004,1037
57486,999,1037
57487,998,1038
57488,1000,1042
57489,1002,1045
57490,1001,1044
57491,995,1038
57492,992,1040
57493,993,1043
57494,992,1046
57495,994,1046
57496,994,1046
57497,991,1044
57498,990,1042
57499,988,1045
57500,989,1049
57501,995,1051
57502,994,1048
57503,992,1048
57504,987,1046
57505,985,1051
57506,989,1053
57507,994,1054
57508,992,1052
57509,993,1049
57510,990,1048
57511,991,1050
57512,994,1054
57513,994,1056
57514,994,1052
57515,989,1047
57516,988,1046
57517,986,1047
57518,989,1049
57519,991,1051
57520,994,1047
57521,995,1046
57522,991,1044
57523,993,1047
57524,996,1049
57525,998,1051
57526,1002,1048
57527,1001,1042
57528,998,1039
57529,996,1044
57530,997,1046
57531,1003,1048
57532,1002,1042
57533,1002,1039
57534,998,1037
57535,996,1038
57536,999,1041
57537,1005,1043
57538,1001,1043
57539,999,1036
57540,995,1037
57541,994,1040
57542,996,1039
57543,998,1042
57544,999,1038
57545,997,1036
57546,994,1036
57547,992,1039
57548,996,1040
57549,998,1043
57550,995,1042
57551,994,1043
57552,992,1040
57553,994,1046
57554,996,1045
57555,996,1043
57556,993,1042
57557,992,1039
57558,990,1040
57559,993,1042
57560,996,1041
57561,995,1041
57562,996,1040
57563,994,1040
57564,993,1039
57565,993,1043
57566,993,1046
57567,994,1045
57568,994,1042
57569,993,1040
57570,992,1037
57571,993,1040
57572,993,1041
57573,996,1043
57574,996,1045
57575,992,1039
57576,989,1037
57577,990,1039
57578,995,1040
57579,998,1042
57580,1002,1043
57581,998,1036
57582,992,1034
57583,994,1034
57584,996,1038
57585,999,1042
57586,1000,1043
57587,998,1039
57588,995,1035
57589,995,1038
57590,998,1041
57591,1000,1042
57592,1003,1045
57593,1002,1042
57594,999,1041
57595,1004,1036
57596,1009,1036
57597,1014,1035
57598,1020,1032
57599,1028,1028
57600,1037,1029
57601,1050,1031
57602,1071,1033
57603,1097,1034
57604,1125,1032
57605,1154,1025
57606,1185,1015
57607,1217,1012
57608,1252,1012
57609,1278,1016
57610,1291,1025
57611,1289,1040
57612,1267,1053
57613,1234,1055
57614,1191,1059
57615,1146,1059
57616,1093,1065
57617,1039,1071
57618,995,1076
57619,971,1082
57620,966,1089
57621,972,1091
57622,978,1076
57623,978,1062
57624,979,1052
57625,978,1048
57626,983,1047
57627,984,1045
57628,986,1044
57629,982,1038
57630,978,1039
57631,980,1042
57632,979,1043
57633,980,1043
57634,980,1044
57635,975,1042
57636,971,1043
57637,974,1046
57638,977,1044
57639,979,1047
57640,979,1045
57641,979,1045
57642,974,1044
57643,972,1046
57644,972,1046
57645,974,1048
57646,975,1044
57647,973,1039
57648,969,1036
57649,966,1033
57650,971,1034
57651,972,1035
57652,974,1032
57653,973,1031
57654,971,1030
57655,970,1033
57656,973,1037
57657,973,1035
57658,974,1032
57659,971,1030
57660,970,1026
57661,969,1030
57662,968,1031
57663,973,1033
57664,973,1030
57665,971,1029
57666,969,1028
57667,969,1031
57668,973,1032
57669,973,1030
57670,972,1027
57671,972,1028
57672,970,1027
57673,971,1027
57674,974,1027
57675,978,1028
57676,977,1026
57677,981,1024
57678,979,1021
57679,983,1025
57680,984,1029
57681,990,1029
57682,991,1026
57683,992,1024
57684,990,1025
57685,992,1027
57686,996,1028
57687,999,1030
57688,1002,1025
57689,1002,1021
57690,1001,1020
57691,1003,1020
57692,1008,1019
57693,1016,1018
57694,1015,1013
57695,1014,1011
57696,1012,1010
57697,1013,1008
57698,1018,1012
57699,1022,1012
57700,1022,1007
57701,1022,1001
57702,1021,999
57703,1022,997
57704,1024,1001
57705,1030,1001
57706,1029,997
57707,1024,996
57708,1019,994
57709,1022,996
57710,1023,1000
57711,1027,1000
57712,1027,999
57713,1024,997
57714,1020,998
57715,1018,999
57716,1018,1001
57717,1018,1006
57718,1017,1005
57719,1013,1004
57720,1008,1005
57721,1005,1008
57722,1007,1012
57723,1007,1017
57724,1005,1015
57725,1002,1018
57726,996,1019
57727,996,1021
57728,993,1025
57729,995,1031
57730,992,1032
57731,989,1029
57732,985,1033
57733,985,1035
57734,985,1038
57735,985,1041
57736,987,1040
57737,983,1040
57738,979,1042
57739,983,1043
57740,982,1043
57741,984,1045
57742,981,1045
57743,980,1045
57744,976,1042
57745,976,1042
57746,979,1046
57747,982,1047
57748,983,1046
57749,981,1047
57750,973,1044
57751,972,1046
57752,971,1049
57753,978,1050
57754,979,1054
57755,977,1053
57756,976,1051
57757,974,1051
57758,975,1051
57759,976,1050
57760,975,1047
57761,974,1046
57762,970,1046
57763,972,1047
57764,975,1049
57765,978,1054
57766,978,1048
57767,978,1049
57768,973,1047
57769,971,1048
57770,976,1050
57771,979,1051
57772,981,1049
57773,980,1047
57774,976,1044
57775,973,1045
57776,978,1046
57777,984,1045
57778,984,1043
57779,981,1041
57780,979,1036
57781,975,1039
57782,979,1043
57783,978,1045
57784,983,1042
57785,981,1040
57786,980,1041
57787,983,1042
57788,987,1046
57789,990,1048
57790,991,1046
57791,989,1043
57792,986,1044
57793,985,1044
57794,988,1044
57795,992,1047
57796,991,1045
57797,989,1041
57798,987,1045
57799,983,1045
57800,983,1049
57801,985,1050
57802,986,1048
57803,984,1047
57804,981,1047
57805,981,1045
57806,981,1050
57807,990,1050
57808,990,1050
57809,985,1043
57810,983,1046
57811,977,1045
57812,986,1048
57813,988,1053
57814,989,1049
57815,990,1042
57816,984,1041
57817,981,1049
57818,981,1047
57819,984,1048
57820,985,1044
57821,986,1042
57822,986,1044
57823,985,1047
57824,988,1048
57825,993,1047
57826,995,1045
57827,996,1037
57828,997,1035
57829,1002,1037
57830,1010,1039
57831,1022,1037
57832,1038,1032
57833,1055,1028
57834,1073,1028
57835,1100,1028
57836,1134,1027
57837,1173,1019
57838,1209,1014
57839,1239,1012
57840,1264,1014
57841,1278,1031
57842,1277,1046
57843,1262,1055
57844,1227,1059
57845,1182,1055
57846,1130,1055
57847,1075,1063
57848,1020,1073
57849,980,1082
57850,959,1085
57851,958,1080
57852,965,1072
57853,969,1065
57854,974,1065
57855,981,1060
57856,978,1050
57857,975,1043
57858,971,1042
57859,968,1042
57860,974,1045
57861,977,1047
57862,975,1048
57863,970,1043
57864,969,1040
57865,969,1040
57866,970,1045
57867,972,1044
57868,970,1041
57869,969,1043
57870,964,1040
57871,963,1042
57872,964,1044
57873,965,1046
57874,963,1044
57875,964,1042
57876,962,1041
57877,961,1044
57878,964,1045
57879,964,1047
57880,964,1047
57881,961,1043
57882,958,1038
57883,959,1037
57884,962,1039
57885,965,1042
57886,963,1044
57887,960,1039
57888,957,1040
57889,957,1041
57890,960,1044
57891,963,1044
57892,963,1042
57893,962,1036
57894,963,1034
57895,962,1036
57896,964,1040
57897,966,1043
57898,966,1039
57899,965,1038
57900,963,1037
57901,966,1038
57902,968,1039
57903,973,1036
57904,972,1036
57905,971,1034
57906,971,1033
57907,972,1032
57908,977,1032
57909,982,1033
57910,982,1031
57911,982,1027
57912,980,1022
57913,982,1020
57914,985,1023
57915,988,1024
57916,988,1022
57917,988,1018
57918,988,1013
57919,990,1012
57920,998,1015
57921,1001,1013
57922,1001,1010
57923,998,1005
57924,997,1003
57925,999,1005
57926,1002,1005
57927,1006,1003
57928,1007,1000
57929,1007,999
57930,1003,996
57931,1004,998
57932,1005,998
57933,1007,1000
57934,1007,996
57935,1007,994
57936,1008,993
57937,1006,996
57938,1011,997
57939,1013,996
57940,1012,993
57941,1011,994
57942,1008,995
57943,1008,1002
57944,1009,1003
57945,1008,1004
57946,1006,1005
57947,1000,1006
57948,999,1008
57949,999,1011
57950,1003,1018
57951,1005,1018
57952,1002,1023
57953,995,1027
57954,990,1026
57955,987,1029
57956,988,1035
57957,988,1036
57958,985,1037
57959,984,1037
57960,980,1041
57961,978,1043
57962,981,1045
57963,985,1045
57964,984,1044
57965,983,1042
57966,977,1043
57967,976,1045
57968,976,1048
57969,980,1048
57970,977,1050
57971,975,1049
57972,973,1046
57973,970,1050
57974,975,1054
57975,976,1055
57976,975,1053
57977,972,1049
57978,969,1049
57979,971,1051
57980,976,1053
57981,979,1052
57982,979,1053
57983,974,1050
57984,973,1050
57985,974,1051
57986,978,1053
57987,982,1051
57988,981,1050
57989,980,1046
57990,980,1044
57991,980,1042
57992,985,1043
57993,991,1046
57994,999,1046
57995,1001,1045
57996,1003,1044
57997,1006,1047
57998,1013,1052
57999,1022,1057
58000,1028,1053
58001,1036,1048
58002,1048,1041
58003,1062,1034
58004,1073,1023
58005,1087,1013
58006,1101,996
58007,1112,985
58008,1127,969
58009,1141,959
58010,1155,947
58011,1171,935
58012,1187,916
58013,1198,896
58014,1211,880
58015,1223,872
58016,1233,865
58017,1237,857
58018,1235,852
58019,1232,847
58020,1225,850
58021,1222,852
58022,1220,855
58023,1216,856
58024,1204,852
58025,1189,854
58026,1171,858
58027,1151,866
58028,1136,880
58029,1117,892
58030,1095,900
58031,1081,906
58032,1065,912
58033,1055,927
58034,1052,940
58035,1050,952
58036,1048,962
58037,1043,968
58038,1035,976
58039,1042,987
58040,1051,996
58041,1066,1003
58042,1079,1008
58043,1086,1008
58044,1084,1008
58045,1068,1009
58046,1045,1020
58047,1013,1023
58048,981,1031
58049,956,1033
58050,942,1040
58051,931,1055
58052,930,1067
58053,928,1077
58054,924,1079
58055,920,1079
58056,912,1080
58057,912,1086
58058,911,1090
58059,914,1093
58060,911,1092
58061,909,1094
58062,907,1096
58063,903,1099
58064,905,1101
58065,907,1104
58066,902,1105
58067,898,1107
58068,895,1107
58069,893,1111
58070,896,1111
58071,896,1113
58072,895,1117
58073,892,1118
58074,890,1117
58075,889,1120
58076,889,1124
58077,886,1126
58078,884,1129
58079,880,1125
58080,879,1127
58081,876,1129
58082,876,1131
58083,879,1138
58084,878,1137
58085,875,1136
58086,871,1139
58087,869,1141
58088,872,1146
58089,872,1150
58090,871,1146
58091,869,1147
58092,866,1146
58093,866,1150
58094,869,1149
58095,872,1149
58096,870,1153
58097,868,1152
58098,866,1153
58099,866,1157
58100,869,1162
58101,871,1165
58102,874,1163
58103,872,1162
58104,871,1162
58105,874,1164
58106,878,1169
58107,885,1173
58108,887,1167
58109,890,1166
58110,891,1164
58111,893,1161
58112,899,1160
58113,908,1157
58114,912,1155
58115,916,1152
58116,914,1151
58117,919,1150
58118,923,1146
58119,931,1143
58120,933,1137
58121,937,1132
58122,939,1130
58123,944,1124
58124,950,1124
58125,952,1118
58126,953,1114
58127,954,1105
58128,958,1102
58129,963,1098
58130,966,1098
58131,971,1097
58132,970,1088
58133,968,1080
58134,967,1074
58135,971,1075
58136,971,1074
58137,975,1075
58138,977,1072
58139,974,1070
58140,971,1068
58141,970,1066
58142,970,1067
58143,972,1065
58144,969,1062
58145,968,1058
58146,967,1056
58147,967,1057
58148,971,1055
58149,973,1057
58150,973,1050
58151,973,1048
58152,969,1046
58153,970,1049
58154,972,1052
58155,978,1052
58156,977,1051
58157,973,1047
58158,973,1048
58159,973,1049
58160,975,1053
58161,983,1053
58162,985,1053
58163,981,1053
58164,977,1051
58165,975,1052
58166,978,1056
58167,982,1057
58168,981,1054
58169,979,1053
58170,979,1052
58171,983,1052
58172,986,1054
58173,988,1051
58174,988,1046
58175,986,1045
58176,982,1044
58177,983,1048
58178,986,1048
58179,991,1049
58180,990,1044
58181,988,1041
58182,983,1044
58183,985,1048
58184,988,1054
58185,990,1052
58186,991,1048
58187,988,1045
58188,986,1042
58189,984,1044
58190,989,1048
58191,988,1047
58192,990,1047
58193,987,1043
58194,986,1041
58195,986,1044
58196,987,1050
58197,993,1048
58198,993,1049
58199,992,1045
58200,986,1044
58201,988,1042
58202,990,1045
58203,994,1045
58204,994,1042
58205,990,1042
58206,987,1040
58207,987,1045
58208,990,1047
58209,992,1047
58210,988,1043
58211,987,1041
58212,984,1043
58213,988,1045
58214,993,1049
58215,1001,1051
58216,1001,1046
58217,998,1044
58218,993,1045
58219,995,1047
58220,995,1049
58221,996,1052
58222,994,1053
58223,992,1049
58224,989,1048
58225,990,1047
58226,993,1046
58227,996,1047
58228,994,1043
58229,993,1039
58230,989,1044
58231,987,1047
58232,989,1050
58233,993,1049
58234,995,1047
58235,990,1041
58236,988,1042
58237,985,1044
58238,991,1044
58239,995,1045
58240,994,1039
58241,995,1039
58242,993,1035
58243,991,1039
58244,994,1041
58245,995,1046
58246,996,1047
58247,993,1043
58248,991,1041
58249,988,1042
58250,992,1042
58251,997,1044
58252,999,1041
58253,998,1039
58254,995,1038
58255,996,1043
58256,992,1047
58257,995,1046
58258,995,1043
58259,994,1040
58260,991,1040
58261,992,1040
58262,996,1045
58263,1000,1044
58264,1000,1042
58265,1000,1041
58266,998,1043
58267,996,1043
58268,997,1045
58269,1001,1044
58270,998,1042
58271,993,1041
58272,989,1043
58273,989,1046
58274,993,1051
58275,997,1049
58276,996,1047
58277,994,1043
58278,995,1043
58279,994,1044
58280,998,1047
58281,1001,1047
58282,999,1048
58283,997,1042
58284,993,1042
58285,997,1046
58286,996,1047
58287,998,1048
58288,997,1044
58289,999,1039
58290,998,1040
58291,998,1041
58292,1002,1045
58293,1008,1045
58294,1006,1044
58295,1004,1042
58296,1004,1043
58297,1006,1047
58298,1009,1051
58299,1011,1050
58300,1008,1048
58301,1006,1046
58302,1005,1046
58303,1007,1046
58304,1007,1053
58305,1012,1051
58306,1010,1050
58307,1006,1046
58308,1001,1043
58309,999,1046
58310,1003,1048
58311,1005,1046
58312,1005,1041
58313,1003,1040
58314,1001,1039
58315,1001,1041
58316,1003,1044
58317,1006,1041
58318,1005,1036
58319,1006,1033
58320,1006,1035
58321,1006,1037
58322,1009,1039
58323,1012,1044
58324,1011,1043
58325,1008,1039
58326,1008,1038
58327,1008,1037
58328,1010,1039
58329,1018,1040
58330,1019,1039
58331,1023,1032
58332,1028,1029
58333,1043,1030
58334,1064,1032
58335,1090,1027
58336,1118,1026
58337,1150,1022
58338,1184,1018
58339,1225,1013
58340,1267,1010
58341,1305,1011
58342,1334,1014
58343,1350,1027
58344,1344,1040
58345,1314,1049
58346,1264,1055
58347,1204,1060
58348,1138,1064
58349,1073,1065
58350,1020,1066
58351,997,1070
58352,995,1070
58353,1007,1063
58354,1017,1052
58355,1017,1045
58356,1011,1041
58357,1008,1041
58358,1009,1041
58359,1011,1043
58360,1007,1041
58361,1005,1038
58362,1002,1038
58363,1004,1041
58364,1006,1044
58365,1004,1044
58366,1002,1042
58367,1000,1038
58368,999,1036
58369,998,1038
58370,998,1041
58371,1002,1041
58372,1001,1042
58373,999,1039
58374,996,1038
58375,992,1043
58376,995,1048
58377,999,1046
58378,998,1042
58379,993,1040
58380,990,1040
58381,992,1045
58382,994,1048
58383,992,1045
58384,993,1045
58385,990,1043
58386,990,1044
58387,992,1047
58388,996,1047
58389,998,1047
58390,997,1044
58391,997,1043
58392,991,1042
58393,994,1045
58394,998,1046
58395,1002,1046
58396,1005,1044
58397,1006,1041
58398,1003,1038
58399,1006,1039
58400,1009,1042
58401,1012,1042
58402,1014,1039
58403,1013,1035
58404,1009,1035
58405,1014,1036
58406,1015,1036
58407,1020,1037
58408,1017,1031
58409,1017,1031
58410,1013,1029
58411,1016,1033
58412,1021,1038
58413,1023,1033
58414,1024,1028
58415,1023,1023
58416,1020,1026
58417,1021,1027
58418,1023,1026
58419,1030,1025
58420,1030,1019
58421,1031,1017
58422,1028,1018
58423,1032,1019
58424,1036,1020
58425,1043,1018
58426,1042,1016
58427,1040,1012
58428,1043,1011
58429,1044,1012
58430,1049,1014
58431,1055,1016
58432,1054,1011
58433,1052,1008
58434,1049,1007
58435,1048,1007
58436,1053,1009
58437,1058,1009
58438,1059,1007
58439,1059,1005
58440,1061,1004
58441,1063,1008
58442,1065,1011
58443,1068,1012
58444,1069,1010
58445,1065,1008
58446,1066,1011
58447,1064,1014
58448,1065,1019
58449,1065,1023
58450,1063,1023
58451,1058,1022
58452,1055,1022
58453,1055,1024
58454,1055,1028
58455,1056,1030
58456,1048,1029
58457,1046,1031
58458,1040,1035
58459,1040,1037
58460,1041,1043
58461,1041,1047
58462,1035,1046
58463,1028,1042
58464,1023,1043
58465,1019,1043
58466,1021,1046
58467,1022,1049
58468,1023,1045
58469,1021,1043
58470,1019,1043
58471,1016,1044
58472,1016,1048
58473,1021,1048
58474,1018,1044
58475,1016,1044
58476,1017,1043
58477,1018,1044
58478,1024,1045
58479,1027,1045
58480,1024,1046
58481,1023,1043
58482,1019,1041
58483,1021,1041
58484,1023,1046
58485,1024,1047
58486,1023,1043
58487,1021,1039
58488,1019,1042
58489,1019,1044
58490,1022,1048
58491,1024,1050
58492,1025,1048
58493,1022,1048
58494,1015,1049
58495,1020,1047
58496,1023,1051
58497,1025,1050
58498,1029,1047
58499,1028,1044
58500,1026,1043
58501,1027,1044
58502,1028,1050
58503,1031,1050
58504,1030,1048
58505,1027,1042
58506,1028,1041
58507,1028,1042
58508,1029,1044
58509,1028,1044
58510,1029,1042
58511,1026,1039
58512,1024,1039
58513,1025,1042
58514,1027,1044
58515,1031,1043
58516,1028,1041
58517,1026,1037
58518,1023,1037
58519,1026,1038
58520,1028,1039
58521,1031,1038
58522,1030,1038
58523,1029,1034
58524,1028,1034
58525,1031,1036
58526,1032,1042
58527,1033,1044
58528,1033,1041
58529,1030,1041
58530,1025,1038
58531,1025,1039
58532,1030,1041
58533,1034,1044
58534,1032,1043
58535,1029,1039
58536,1026,1040
58537,1025,1043
58538,1029,1044
58539,1029,1046
58540,1029,1044
58541,1025,1043
58542,1021,1041
58543,1023,1042
58544,1020,1045
58545,1024,1047
58546,1025,1048
58547,1027,1045
58548,1025,1045
58549,1026,1046
58550,1031,1050
58551,1035,1048
58552,1035,1044
58553,1031,1043
58554,1028,1040
58555,1026,1044
58556,1033,1044
58557,1039,1046
58558,1041,1042
58559,1041,1037
58560,1041,1033
58561,1048,1033
58562,1062,1032
58563,1077,1031
58564,1097,1030
58565,1114,1026
58566,1136,1028
58567,1174,1028
58568,1215,1023
58569,1258,1021
58570,1293,1012
58571,1317,1014
58572,1330,1026
58573,1327,1044
58574,1303,1056
58575,1261,1057
58576,1205,1055
58577,1145,1058
58578,1078,1064
58579,1024,1075
58580,993,1080
58581,989,1078
58582,994,1073
58583,1001,1061
58584,1004,1051
58585,1004,1049
58586,1010,1044
58587,1012,1045
58588,1010,1041
58589,1006,1037
58590,1003,1040
58591,1001,1041
58592,1002,1044
58593,1005,1044
58594,1007,1043
58595,1004,1043
58596,1001,1042
58597,998,1045
58598,997,1046
58599,1003,1046
58600,1001,1046
58601,1001,1044
58602,1000,1044
58603,999,1044
58604,999,1046
58605,1003,1047
58606,1004,1043
58607,1002,1040
58608,999,1039
58609,998,1045
58610,1002,1044
58611,1000,1047
58612,1003,1042
58613,997,1040
58614,999,1041
58615,999,1042
58616,1002,1046
58617,1003,1046
58618,1000,1039
58619,997,1035
58620,996,1035
58621,998,1038
58622,1000,1038
58623,1004,1036
58624,1003,1034
58625,999,1033
58626,996,1036
58627,998,1037
58628,1001,1042
58629,1001,1038
58630,1002,1038
58631,1004,1033
58632,1002,1033
58633,1005,1034
58634,1008,1038
58635,1014,1035
58636,1014,1034
58637,1008,1029
58638,1005,1026
58639,1006,1025
58640,1011,1028
58641,1013,1030
58642,1014,1022
58643,1013,1017
58644,1012,1014
58645,1017,1014
58646,1017,1017
58647,1023,1015
58648,1024,1012
58649,1022,1009
58650,1019,1010
58651,1019,1014
58652,1025,1013
58653,1029,1012
58654,1035,1010
58655,1035,1003
58656,1032,1000
58657,1033,1001
58658,1037,1001
58659,1041,1000
58660,1040,999
58661,1038,996
58662,1036,994
58663,1037,995
58664,1041,996
58665,1042,995
58666,1042,995
58667,1038,996
58668,1038,995
58669,1036,1000
58670,1037,1002
58671,1038,1000
58672,1039,999
58673,1033,999
58674,1030,1002
58675,1032,1008
58676,1030,1014
58677,1031,1016
58678,1024,1018
58679,1023,1021
58680,1018,1024
58681,1019,1026
58682,1019,1030
58683,1023,1032
58684,1020,1034
58685,1016,1036
58686,1010,1039
58687,1007,1042
58688,1009,1042
58689,1010,1043
58690,1009,1043
58691,1007,1042
58692,1004,1045
58693,1004,1048
58694,1006,1050
58695,1007,1054
58696,1006,1054
58697,1002,1049
58698,999,1050
58699,999,1054
58700,1000,1056
58701,1003,1054
58702,1003,1054
58703,997,1050
58704,995,1050
58705,1000,1054
58706,999,1056
58707,1001,1056
58708,1002,1053
58709,1000,1050
58710,998,1051
58711,1000,1052
58712,1003,1059
58713,1005,1055
58714,1005,1054
58715,1002,1047
58716,999,1047
58717,1000,1051
58718,1002,1052
58719,1005,1052
58720,1004,1049
58721,1002,1045
58722,1000,1046
58723,1002,1046
58724,1005,1048
58725,1008,1048
58726,1008,1046
58727,1003,1045
58728,1004,1046
58729,1008,1048
58730,1011,1048
58731,1013,1049
58732,1012,1045
58733,1010,1043
58734,1009,1045
58735,1009,1047
58736,1013,1050
58737,1013,1049
58738,1010,1045
58739,1009,1041
58740,1004,1042
58741,1006,1047
58742,1007,1048
58743,1010,1050
58744,1007,1049
58745,1004,1044
58746,1004,1044
58747,1003,1045
58748,1005,1049
58749,1008,1050
58750,1005,1046
58751,1003,1042
58752,1003,1041
58753,1003,1044
58754,1005,1048
58755,1007,1046
58756,1004,1047
58757,1001,1043
58758,996,1043
58759,997,1044
58760,1000,1047
58761,1002,1048
58762,1005,1045
58763,1002,1042
58764,999,1042
58765,1000,1047
58766,1004,1048
58767,1004,1049
58768,1004,1044
58769,1003,1046
58770,998,1045
58771,1000,1046
58772,1005,1049
58773,1009,1053
58774,1008,1049
58775,1005,1047
58776,1001,1048
58777,1003,1047
58778,1006,1051
58779,1008,1050
58780,1007,1047
58781,1003,1046
58782,1003,1044
58783,1005,1046
58784,1010,1049
58785,1013,1048
58786,1012,1048
58787,1012,1044
58788,1009,1047
58789,1009,1049
58790,1016,1052
58791,1020,1050
58792,1022,1047
58793,1017,1046
58794,1018,1046
58795,1022,1046
58796,1024,1047
58797,1031,1046
58798,1033,1043
58799,1038,1038
58800,1046,1037
58801,1060,1038
58802,1079,1039
58803,1098,1036
58804,1122,1034
58805,1146,1025
58806,1172,1016
58807,1202,1011
58808,1232,1013
58809,1257,1017
58810,1266,1033
58811,1259,1044
58812,1235,1052
58813,1200,1056
58814,1157,1059
58815,1115,1070
58816,1067,1078
58817,1026,1081
58818,1002,1085
58819,996,1085
58820,1002,1079
58821,1007,1069
58822,1009,1060
58823,1005,1049
58824,1002,1045
58825,1000,1044
58826,1000,1045
58827,1002,1046
58828,1001,1046
58829,998,1042
58830,996,1041
58831,996,1046
58832,998,1047
58833,1000,1046
58834,997,1046
58835,992,1042
58836,989,1044
58837,990,1047
58838,992,1047
58839,992,1047
58840,994,1046
58841,991,1042
58842,988,1044
58843,989,1046
58844,992,1047
58845,994,1048
58846,992,1045
58847,991,1041
58848,986,1042
58849,987,1044
58850,987,1046
58851,994,1046
58852,992,1044
58853,990,1042
58854,989,1041
58855,988,1046
58856,989,1048
58857,989,1050
58858,983,1043
58859,984,1041
58860,983,1042
58861,987,1044
58862,992,1045
58863,995,1043
58864,995,1040
58865,993,1039
58866,991,1037
58867,992,1038
58868,996,1038
58869,998,1039
58870,999,1038
58871,995,1035
58872,996,1034
58873,996,1034
58874,999,1037
58875,1002,1033
58876,1003,1033
58877,1003,1030
58878,1004,1031
58879,1005,1030
58880,1010,1033
58881,1013,1030
58882,1014,1029
58883,1014,1025
58884,1014,1024
58885,1017,1025
58886,1019,1026
58887,1022,1025
58888,1022,1020
58889,1020,1019
58890,1019,1019
58891,1022,1017
58892,1024,1018
58893,1026,1015
58894,1026,1014
58895,1027,1011
58896,1025,1010
58897,1025,1013
58898,1030,1011
58899,1031,1009
58900,1033,1008
58901,1032,1003
58902,1030,1003
58903,1034,1006
58904,1036,1008
58905,1039,1004
58906,1042,1000
58907,1038,1001
58908,1037,1000
58909,1039,1004
58910,1040,1011
58911,1045,1010
58912,1044,1013
58913,1042,1007
58914,1036,1011
58915,1038,1017
58916,1040,1020
58917,1038,1023
58918,1034,1023
58919,1029,1022
58920,1021,1027
58921,1021,1032
58922,1020,1037
58923,1022,1039
58924,1020,1038
58925,1013,1037
58926,1008,1040
58927,1007,1043
58928,1006,1048
58929,1009,1047
58930,1008,1048
58931,1001,1049
58932,999,1048
58933,997,1054
58934,1000,1057
58935,1001,1058
58936,1000,1059
58937,998,1058
58938,993,1060
58939,996,1064
58940,997,1064
58941,1005,1063
58942,1003,1062
58943,1002,1059
58944,999,1058
58945,1005,1063
58946,1011,1063
58947,1016,1061
58948,1020,1057
58949,1020,1055
58950,1024,1057
58951,1033,1062
58952,1043,1064
58953,1054,1062
58954,1063,1055
58955,1072,1044
58956,1086,1028
58957,1098,1015
58958,1116,1006
58959,1135,989
58960,1151,975
58961,1167,956
58962,1180,940
58963,1201,921
58964,1222,904
58965,1241,887
58966,1256,870
58967,1266,852
58968,1271,845
58969,1272,844
58970,1271,848
58971,1270,846
58972,1262,846
58973,1250,838
58974,1237,842
58975,1223,844
58976,1206,849
58977,1185,855
58978,1159,861
58979,1131,868
58980,1109,880
58981,1089,896
58982,1079,913
58983,1075,927
58984,1069,936
58985,1067,947
58986,1059,959
58987,1057,973
58988,1063,984
58989,1071,991
58990,1086,1002
58991,1103,1002
58992,1109,1009
58993,1105,1013
58994,1086,1023
58995,1057,1032
58996,1019,1039
58997,987,1046
58998,968,1054
58999,956,1067
59000,953,1077
59001,950,1083
59002,942,1084
59003,937,1083
59004,936,1087
59005,931,1091
59006,930,1094
59007,925,1095
59008,921,1098
59009,915,1101
59010,910,1103
59011,910,1106
59012,909,1111
59013,910,1110
59014,908,1110
59015,906,1109
59016,905,1111
59017,904,1114
59018,905,1118
59019,906,1121
59020,903,1119
59021,899,1120
59022,894,1120
59023,893,1124
59024,895,1130
59025,897,1129
59026,893,1129
59027,895,1127
59028,891,1128
59029,891,1136
59030,893,1140
59031,895,1143
59032,890,1143
59033,886,1142
59034,885,1141
59035,886,1144
59036,888,1147
59037,891,1146
59038,894,1146
59039,893,1143
59040,892,1144
59041,890,1149
59042,892,1154
59043,894,1157
59044,895,1155
59045,890,1154
59046,891,1157
59047,895,1159
59048,897,1162
59049,902,1163
59050,901,1160
59051,900,1158
59052,898,1159
59053,903,1162
59054,909,1165
59055,912,1163
59056,914,1161
59057,915,1159
59058,916,1160
59059,922,1159
59060,927,1159
59061,932,1155
59062,936,1151
59063,933,1147
59064,935,1142
59065,941,1143
59066,948,1140
59067,956,1140
59068,960,1132
59069,959,1126
59070,961,1120
59071,965,1118
59072,968,1116
59073,974,1112
59074,974,1107
59075,975,1097
59076,973,1093
59077,975,1093
59078,980,1092
59079,984,1090
59080,981,1089
59081,981,1085
59082,973,1082
59083,974,1077
59084,978,1077
59085,983,1074
59086,978,1070
59087,978,1064
59088,973,1062
59089,976,1059
59090,977,1061
59091,979,1058
59092,975,1058
59093,974,1054
59094,973,1054
59095,980,1057
59096,979,1056
59097,984,1056
59098,980,1055
59099,982,1053
59100,980,1054
59101,981,1054
59102,983,1056
59103,986,1055
59104,986,1055
59105,984,1054
59106,984,1055
59107,984,1055
59108,990,1059
59109,993,1059
59110,990,1059
59111,987,1057
59112,984,1058
59113,984,1057
59114,989,1060
59115,992,1057
59116,990,1057
59117,989,1057
59118,986,1057
59119,988,1059
59120,993,1059
59121,999,1061
59122,995,1058
59123,993,1055
59124,992,1054
59125,994,1056
59126,998,1057
59127,998,1059
59128,996,1057
59129,993,1052
59130,993,1051
59131,994,1053
59132,996,1053
59133,993,1051
59134,991,1049
59135,989,1045
59136,988,1044
59137,992,1043
59138,997,1049
59139,996,1047
59140,995,1044
59141,989,1042
59142,987,1043
59143,989,1045
59144,997,1048
59145,999,1045
59146,997,1043
59147,994,1038
59148,994,1041
59149,991,1042
59150,993,1046
59151,996,1047
59152,993,1045
59153,988,1042
59154,989,1045
59155,987,1044
59156,992,1047
59157,998,1050
59158,1001,1046
59159,1002,1043
59160,997,1046
59161,997,1046
59162,1000,1054
59163,1002,1051
59164,1002,1050
59165,1001,1051
59166,997,1050
59167,994,1055
59168,997,1055
59169,1001,1054
59170,1001,1052
59171,998,1051
59172,992,1052
59173,990,1054
59174,991,1055
59175,993,1055
59176,995,1055
59177,993,1054
59178,994,1052
59179,993,1054
59180,995,1054
59181,999,1055
59182,998,1051
59183,996,1050
59184,995,1052
59185,997,1055
59186,1001,1057
59187,1006,1057
59188,1005,1052
59189,1003,1049
59190,1002,1047
59191,1004,1050
59192,1006,1051
59193,1009,1047
59194,1006,1042
59195,1002,1042
59196,1000,1045
59197,1000,1046
59198,1002,1049
59199,1007,1048
59200,1006,1046
59201,1002,1045
59202,1003,1046
59203,1002,1049
59204,1002,1051
59205,1004,1050
59206,1001,1048
59207,1000,1045
59208,997,1045
59209,1000,1050
59210,998,1051
59211,1002,1048
59212,999,1047
59213,997,1041
59214,993,1043
59215,990,1044
59216,994,1049
59217,999,1050
59218,998,1045
59219,996,1041
59220,995,1044
59221,997,1046
59222,998,1052
59223,1001,1050
59224,999,1045
59225,998,1041
59226,996,1044
59227,997,1047
59228,1002,1047
59229,1006,1051
59230,1007,1048
59231,1005,1048
59232,1001,1047
59233,1003,1048
59234,1006,1050
59235,1009,1050
59236,1007,1048
59237,1005,1045
59238,1004,1044
59239,1006,1048
59240,1009,1048
59241,1011,1050
59242,1013,1047
59243,1013,1042
59244,1012,1045
59245,1012,1044
59246,1017,1048
59247,1018,1044
59248,1016,1042
59249,1018,1038
59250,1020,1035
59251,1032,1036
59252,1049,1035
59253,1068,1036
59254,1087,1031
59255,1111,1028
59256,1140,1027
59257,1173,1021
59258,1215,1017
59259,1254,1015
59260,1289,1016
59261,1316,1024
59262,1332,1039
59263,1327,1053
59264,1304,1061
59265,1260,1063
59266,1200,1061
59267,1137,1068
59268,1073,1073
59269,1015,1082
59270,981,1087
59271,972,1090
59272,978,1084
59273,990,1075
59274,1001,1067
59275,1007,1063
59276,1010,1060
59277,1010,1054
59278,1006,1052
59279,1001,1050
59280,1000,1049
59281,999,1049
59282,1000,1052
59283,1000,1051
59284,1001,1048
59285,998,1045
59286,997,1049
59287,995,1050
59288,997,1052
59289,1000,1052
59290,999,1046
59291,996,1047
59292,991,1046
59293,996,1048
59294,997,1048
59295,1000,1047
59296,998,1044
59297,993,1040
59298,989,1043
59299,987,1043
59300,990,1044
59301,994,1045
59302,992,1046
59303,987,1042
59304,983,1041
59305,986,1043
59306,988,1047
59307,990,1042
59308,992,1044
59309,986,1038
59310,981,1039
59311,980,1044
59312,981,1049
59313,986,1047
59314,989,1046
59315,989,1045
59316,986,1047
59317,987,1050
59318,990,1052
59319,994,1053
59320,993,1049
59321,991,1044
59322,990,1045
59323,992,1049
59324,992,1053
59325,995,1054
59326,994,1049
59327,993,1044
59328,994,1045
59329,994,1046
59330,995,1048
59331,995,1045
59332,995,1043
59333,996,1038
59334,996,1038
59335,996,1039
59336,1000,1041
59337,1004,1038
59338,1003,1035
59339,1000,1033
59340,1001,1031
59341,1004,1035
59342,1008,1032
59343,1010,1030
59344,1011,1028
59345,1010,1023
59346,1011,1023
59347,1017,1024
59348,1020,1026
59349,1027,1024
59350,1025,1022
59351,1020,1015
59352,1019,1014
59353,1021,1015
59354,1028,1016
59355,1032,1016
59356,1031,1012
59357,1029,1009
59358,1031,1009
59359,1034,1012
59360,1036,1015
59361,1039,1016
59362,1039,1014
59363,1035,1010
59364,1034,1011
59365,1035,1017
59366,1039,1019
59367,1044,1019
59368,1042,1020
59369,1043,1018
59370,1039,1022
59371,1039,1023
59372,1043,1027
59373,1043,1027
59374,1043,1029
59375,1040,1027
59376,1036,1030
59377,1034,1036
59378,1034,1038
59379,1035,1037
59380,1034,1038
59381,1029,1039
59382,1024,1041
59383,1022,1042
59384,1022,1047
59385,1019,1048
59386,1017,1048
59387,1015,1045
59388,1014,1045
59389,1012,1051
59390,1015,1051
59391,1017,1050
59392,1015,1049
59393,1012,1050
59394,1009,1053
59395,1010,1055
59396,1014,1057
59397,1011,1056
59398,1006,1052
59399,1005,1051
59400,1003,1051
59401,1006,1053
59402,1010,1054
59403,1011,1054
59404,1006,1051
59405,1003,1049
59406,999,1051
59407,1002,1051
59408,1006,1053
59409,1011,1053
59410,1010,1052
59411,1006,1050
59412,1003,1053
59413,1003,1056
59414,1008,1058
59415,1010,1057
59416,1006,1055
59417,1004,1052
59418,1001,1055
59419,1004,1057
59420,1007,1060
59421,1008,1058
59422,1008,1052
59423,1007,1050
59424,1006,1050
59425,1008,1053
59426,1007,1055
59427,1011,1054
59428,1013,1052
59429,1010,1048
59430,1007,1051
59431,1006,1053
59432,1008,1054
59433,1010,1054
59434,1006,1053
59435,1004,1047
59436,999,1048
59437,1003,1050
59438,1009,1054
59439,1016,1052
59440,1016,1051
59441,1013,1046
59442,1011,1048
59443,1012,1050
59444,1013,1053
59445,1013,1056
59446,1012,1049
59447,1010,1047
59448,1011,1046
59449,1013,1051
59450,1016,1051
59451,1020,1053
59452,1018,1049
59453,1015,1045
59454,1014,1049
59455,1011,1051
59456,1014,1056
59457,1016,1053
59458,1015,1051
59459,1014,1048
59460,1011,1046
59461,1014,1050
59462,1016,1056
59463,1016,1051
59464,1017,1050
59465,1012,1048
59466,1007,1052
59467,1008,1053
59468,1012,1054
59469,1014,1054
59470,1014,1052
59471,1007,1049
59472,1006,1050
59473,1008,1052
59474,1014,1053
59475,1015,1052
59476,1011,1048
59477,1009,1047
59478,1010,1048
59479,1009,1048
59480,1015,1050
59481,1018,1047
59482,1018,1046
59483,1015,1039
59484,1020,1039
59485,1027,1042
59486,1039,1041
59487,1057,1038
59488,1082,1036
59489,1110,1034
59490,1148,1032
59491,1193,1030
59492,1236,1027
59493,1282,1026
59494,1319,1027
59495,1338,1034
59496,1340,1047
59497,1319,1060
59498,1279,1066
59499,1216,1063
59500,1145,1068
59501,1076,1074
59502,1019,1077
59503,984,1075
59504,979,1077
59505,989,1069
59506,999,1059
59507,1003,1051
59508,999,1050
59509,996,1050
59510,998,1053
59511,999,1052
59512,993,1048
59513,990,1047
59514,986,1047
59515,988,1051
59516,987,1054
59517,991,1052
59518,986,1047
59519,986,1044
59520,984,1047
59521,981,1049
59522,983,1052
59523,985,1048
59524,982,1047
59525,977,1046
59526,976,1046
59527,975,1050
59528,981,1049
59529,981,1050
59530,979,1047
59531,979,1045
59532,976,1045
59533,976,1050
59534,980,1055
59535,983,1052
59536,981,1052
59537,980,1048
59538,975,1048
59539,976,1050
59540,980,1053
59541,982,1051
59542,981,1051
59543,978,1049
59544,974,1051
59545,977,1052
59546,984,1058
59547,987,1056
59548,985,1056
59549,983,1051
59550,982,1051
59551,982,1053
59552,982,1056
59553,983,1054
59554,983,1053
59555,980,1049
59556,981,1049
59557,980,1051
59558,986,1051
59559,988,1048
59560,986,1043
59561,989,1040
59562,988,1040
59563,991,1037
59564,993,1040
59565,998,1037
59566,998,1032
59567,999,1031
59568,995,1030
59569,1000,1030
59570,1003,1031
59571,1006,1026
59572,1004,1023
59573,1002,1018
59574,1007,1020
59575,1008,1019
59576,1013,1019
59577,1016,1016
59578,1011,1016
59579,1011,1013
59580,1010,1011
59581,1012,1009
59582,1015,1014
59583,1020,1012
59584,1017,1009
59585,1015,1009
59586,1016,1010
59587,1017,1011
59588,1021,1012
59589,1024,1011
59590,1022,1009
59591,1020,1007
59592,1021,1013
59593,1020,1015
59594,1023,1021
59595,1024,1021
59596,1018,1021
59597,1016,1023
59598,1012,1028
59599,1010,1030
59600,1011,1035
59601,1011,1037
59602,1009,1039
59603,1003,1039
59604,1001,1039
59605,1000,1044
59606,999,1050
59607,998,1050
59608,994,1048
59609,993,1047
59610,987,1050
59611,986,1055
59612,983,1056
59613,990,1055
59614,989,1052
59615,985,1054
59616,982,1055
59617,981,1057
59618,984,1060
59619,985,1059
59620,980,1058
59621,974,1053
59622,974,1058
59623,978,1058
59624,983,1062
59625,983,1060
59626,979,1059
59627,975,1055
59628,975,1057
59629,976,1060
59630,980,1064
59631,982,1063
59632,982,1058
59633,981,1056
59634,980,1059
59635,980,1061
59636,983,1063
59637,984,1061
59638,985,1058
59639,982,1057
59640,982,1058
59641,984,1061
59642,988,1065
59643,988,1065
59644,987,1061
59645,988,1058
59646,983,1059
59647,982,1059
59648,985,1062
59649,989,1058
59650,988,1056
59651,984,1054
59652,983,1053
59653,987,1054
59654,990,1056
59655,993,1053
59656,989,1052
59657,986,1050
59658,983,1048
59659,983,1051
59660,985,1052
59661,988,1048
59662,985,1045
59663,982,1042
59664,981,1045
59665,984,1048
59666,987,1052
59667,985,1052
59668,986,1050
59669,981,1052
59670,981,1052
59671,981,1054
59672,985,1054
59673,988,1054
59674,990,1051
59675,987,1049
59676,983,1052
59677,985,1053
59678,985,1055
59679,985,1054
59680,983,1052
59681,982,1049
59682,978,1051
59683,977,1053
59684,978,1057
59685,979,1055
59686,981,1052
59687,979,1050
59688,977,1052
59689,976,1057
59690,978,1058
59691,979,1060
59692,977,1058
59693,976,1055
59694,975,1057
59695,977,1058
59696,981,1061
59697,979,1058
59698,979,1055
59699,975,1054
59700,974,1051
59701,975,1056
59702,980,1059
59703,982,1058
59704,983,1056
59705,984,1052
59706,982,1055
59707,983,1058
59708,982,1060
59709,986,1060
59710,984,1057
59711,982,1055
59712,979,1054
59713,983,1057
59714,984,1060
59715,986,1059
59716,987,1058
59717,983,1053
59718,982,1056
59719,986,1055
59720,986,1060
59721,986,1059
59722,982,1052
59723,979,1050
59724,979,1051
59725,979,1053
59726,981,1055
59727,985,1057
59728,982,1054
59729,979,1051
59730,974,1053
59731,977,1057
59732,979,1060
59733,984,1058
59734,983,1055
59735,981,1051
59736,979,1054
59737,979,1057
59738,983,1061
59739,985,1059
59740,983,1060
59741,980,1057
59742,976,1058
59743,979,1059
59744,981,1060
59745,984,1060
59746,984,1055
59747,980,1053
59748,980,1050
59749,984,1051
59750,986,1054
59751,992,1052
59752,990,1050
59753,987,1047
59754,985,1050
59755,985,1051
59756,986,1055
59757,992,1053
59758,989,1051
59759,990,1047
59760,985,1048
59761,992,1049
59762,995,1049
59763,1005,1044
59764,1011,1039
59765,1018,1038
59766,1034,1037
59767,1054,1039
59768,1082,1038
59769,1115,1034
59770,1149,1025
59771,1184,1015
59772,1218,1012
59773,1254,1013
59774,1289,1023
59775,1313,1037
59776,1319,1050
59777,1300,1055
59778,1258,1057
59779,1203,1060
59780,1148,1067
59781,1089,1073
59782,1025,1077
59783,977,1079
59784,954,1078
59785,958,1082
59786,972,1076
59787,983,1068
59788,986,1061
59789,981,1056
59790,977,1056
59791,974,1059
59792,971,1059
59793,972,1057
59794,970,1057
59795,966,1054
59796,964,1056
59797,963,1060
59798,966,1064
59799,969,1058
59800,965,1057
59801,959,1052
59802,958,1054
59803,960,1055
59804,967,1057
59805,969,1055
59806,969,1051
59807,965,1050
59808,963,1051
59809,965,1053
59810,965,1055
59811,965,1053
59812,961,1051
59813,959,1048
59814,958,1049
59815,958,1050
59816,960,1053
59817,964,1051
59818,962,1047
59819,959,1044
59820,961,1046
59821,961,1051
59822,961,1051
59823,961,1051
59824,962,1050
59825,961,1046
59826,961,1044
59827,962,1047
59828,964,1047
59829,967,1044
59830,967,1042
59831,966,1041
59832,964,1045
59833,965,1046
59834,964,1050
59835,968,1049
59836,970,1048
59837,970,1046
59838,975,1045
59839,977,1046
59840,982,1050
59841,982,1048
59842,982,1048
59843,982,1045
59844,981,1045
59845,986,1047
59846,990,1048
59847,990,1047
59848,991,1041
59849,987,1036
59850,990,1034
59851,991,1034
59852,992,1034
59853,996,1029
59854,997,1025
59855,998,1018
59856,995,1018
59857,996,1022
59858,998,1023
59859,1000,1018
59860,1002,1015
59861,998,1012
59862,1001,1011
59863,1002,1014
59864,1004,1015
59865,1006,1012
59866,1005,1008
59867,1005,1009
59868,1008,1009
59869,1013,1009
59870,1014,1010
59871,1017,1011
59872,1015,1009
59873,1012,1009
59874,1010,1009
59875,1013,1011
59876,1018,1016
59877,1019,1015
59878,1019,1014
59879,1014,1015
59880,1012,1018
59881,1010,1023
59882,1011,1028
59883,1012,1028
59884,1008,1029
59885,1007,1030
59886,1004,1036
59887,1005,1039
59888,1005,1044
59889,1007,1046
59890,1004,1044
59891,996,1044
59892,994,1043
59893,990,1050
59894,991,1055
59895,992,1054
59896,989,1052
59897,981,1051
59898,979,1053
59899,982,1054
59900,985,1059
59901,987,1056
59902,983,1054
59903,978,1051
59904,973,1054
59905,976,1055
59906,978,1057
59907,979,1057
59908,976,1053
59909,973,1051
59910,973,1051
59911,974,1054
59912,976,1056
59913,980,1054
59914,977,1052
59915,973,1051
59916,971,1050
59917,973,1056
59918,975,1055
59919,978,1054
59920,980,1051
59921,974,1050
59922,972,1050
59923,975,1052
59924,979,1056
59925,980,1054
59926,980,1052
59927,977,1049
59928,977,1048
59929,977,1051
59930,984,1051
59931,986,1052
59932,985,1053
59933,981,1050
59934,977,1049
59935,981,1054
59936,982,1058
59937,984,1055
59938,982,1052
59939,980,1049
59940,978,1051
59941,979,1051
59942,984,1051
59943,984,1047
59944,983,1046
59945,982,1044
59946,980,1043
59947,982,1046
59948,983,1052
59949,981,1049
59950,983,1046
59951,982,1041
59952,979,1041
59953,980,1045
59954,982,1047
59955,986,1046
59956,984,1042
59957,979,1042
59958,978,1042
59959,981,1045
59960,986,1048
59961,988,1046
59962,985,1044
59963,984,1042
59964,981,1041
59965,984,1045
59966,984,1047
59967,983,1047
59968,982,1046
59969,981,1043
59970,979,1043
59971,982,1045
59972,984,1049
59973,983,1048
59974,981,1046
59975,981,1043
59976,981,1042
59977,981,1049
59978,983,1049
59979,985,1048
59980,982,1047
59981,981,1046
59982,979,1049
59983,979,1052
59984,981,1054
59985,980,1052
59986,978,1047
59987,976,1046
59988,977,1046
59989,977,1048
59990,981,1050
59991,982,1049
59992,981,1047
59993,976,1045
59994,975,1048
59995,978,1050
59996,978,1054
59997,981,1050
59998,982,1049
59999,980,1045
60000,980,1048
60001,983,1048
60002,986,1051
60003,986,1048
60004,985,1048
60005,980,1043
60006,979,1044
60007,981,1046
60008,983,1050
60009,988,1048
60010,984,1046
60011,980,1042
60012,977,1046
60013,981,1049
60014,983,1050
60015,985,1050
60016,983,1046
60017,986,1045
60018,987,1045
60019,990,1048
60020,993,1050
60021,995,1049
60022,992,1045
60023,995,1041
60024,998,1042
60025,1008,1042
60026,1020,1043
60027,1031,1044
60028,1046,1038
60029,1066,1038
60030,1092,1036
60031,1125,1033
60032,1166,1029
60033,1203,1023
60034,1237,1019
60035,1266,1015
60036,1290,1021
60037,1311,1029
60038,1312,1042
60039,1297,1046
60040,1257,1045
60041,1201,1045
60042,1141,1052
60043,1074,1060
60044,1019,1067
60045,980,1066
60046,961,1064
60047,958,1058
60048,965,1055
60049,973,1052
60050,979,1049
60051,979,1045
60052,977,1041
60053,972,1038
60054,970,1040
60055,970,1043
60056,971,1046
60057,967,1043
60058,968,1043
60059,962,1041
60060,960,1040
60061,962,1044
60062,961,1045
60063,961,1046
60064,959,1043
60065,957,1043
60066,959,1043
60067,958,1043
60068,959,1048
60069,961,1047
60070,958,1047
60071,954,1046
60072,951,1046
60073,954,1048
60074,957,1049
60075,958,1048
60076,959,1045
60077,958,1044
60078,956,1044
60079,957,1050
60080,961,1051
60081,959,1048
60082,959,1046
60083,958,1043
60084,956,1043
60085,959,1043
60086,961,1046
60087,962,1046
60088,962,1041
60089,959,1038
60090,961,1039
60091,962,1039
60092,965,1042
60093,968,1039
60094,969,1034
60095,968,1033
60096,968,1034
60097,970,1036
60098,970,1040
60099,970,1039
60100,969,1038
60101,971,1034
60102,968,1037
60103,971,1036
60104,975,1039
60105,976,1038
60106,975,1034
60107,974,1033
60108,975,1036
60109,976,1036
60110,980,1038
60111,980,1037
60112,980,1034
60113,978,1032
60114,979,1032
60115,981,1035
60116,987,1037
60117,989,1032
60118,989,1030
60119,987,1027
60120,986,1025
60121,990,1028
60122,995,1026
60123,997,1024
60124,998,1018
60125,998,1015
60126,1000,1014
60127,1002,1014
60128,1005,1017
60129,1007,1015
60130,1008,1009
60131,1007,1007
60132,1006,1006
60133,1007,1008
60134,1011,1009
60135,1013,1009
60136,1012,1006
60137,1013,1004
60138,1011,1002
60139,1012,1004
60140,1013,1008
60141,1015,1006
60142,1014,1004
60143,1012,1003
60144,1010,1007
60145,1013,1009
60146,1013,1010
60147,1015,1015
60148,1011,1013
60149,1006,1013
60150,1004,1017
60151,1004,1022
60152,1003,1027
60153,1002,1029
60154,998,1032
60155,991,1033
60156,986,1035
60157,988,1040
60158,989,1042
60159,988,1045
60160,984,1044
60161,984,1044
60162,980,1050
60163,978,1052
60164,980,1055
60165,980,1055
60166,977,1053
60167,972,1052
60168,966,1052
60169,966,1057
60170,973,1055
60171,973,1055
60172,971,1054
60173,965,1053
60174,965,1052
60175,968,1053
60176,969,1057
60177,970,1059
60178,968,1052
60179,967,1052
60180,966,1053
60181,969,1053
60182,973,1055
60183,972,1053
60184,970,1052
60185,966,1049
60186,968,1050
60187,972,1051
60188,974,1056
60189,977,1053
60190,972,1051
60191,976,1046
60192,977,1048
60193,980,1049
60194,981,1050
60195,976,1048
60196,976,1048
60197,977,1046
60198,975,1047
60199,980,1049
60200,984,1051
60201,986,1051
60202,985,1050
60203,982,1046
60204,977,1047
60205,976,1053
60206,978,1056
60207,981,1057
60208,979,1056
60209,976,1052
60210,975,1053
60211,977,1055
60212,977,1058
60213,981,1058
60214,976,1053
60215,972,1050
60216,970,1050
60217,973,1052
60218,977,1052
60219,979,1048
60220,979,1046
60221,975,1043
60222,972,1040
60223,976,1044
60224,977,1045
60225,974,1044
60226,972,1041
60227,972,1037
60228,967,1038
60229,973,1040
60230,975,1042
60231,978,1041
60232,976,1039
60233,975,1035
60234,976,1039
60235,975,1040
60236,978,1041
60237,979,1041
60238,976,1038
60239,972,1036
60240,972,1040
60241,977,1041
60242,977,1044
60243,980,1043
60244,977,1040
60245,976,1040
60246,974,1040
60247,977,1043
60248,981,1046
60249,979,1047
60250,979,1044
60251,978,1043
60252,977,1046
60253,978,1050
60254,978,1052
60255,980,1050
60256,978,1047
60257,974,1044
60258,973,1046
60259,974,1047
60260,978,1050
60261,980,1050
60262,976,1049
60263,972,1047
60264,972,1050
60265,973,1050
60266,973,1052
60267,969,1050
60268,968,1046
60269,968,1045
60270,966,1047
60271,967,1048
60272,970,1049
60273,970,1046
60274,967,1045
60275,968,1045
60276,967,1042
60277,969,1046
60278,972,1047
60279,973,1048
60280,972,1044
60281,964,1042
60282,962,1044
60283,963,1045
60284,970,1045
60285,968,1044
60286,965,1042
60287,965,1042
60288,963,1046
60289,967,1046
60290,969,1048
60291,977,1048
60292,979,1045
60293,974,1039
60294,969,1041
60295,970,1044
60296,972,1046
60297,973,1048
60298,972,1044
60299,970,1040
60300,970,1041
60301,972,1043
60302,971,1047
60303,971,1046
60304,973,1043
60305,973,1041
60306,971,1045
60307,974,1049
60308,976,1051
60309,978,1049
60310,976,1046
60311,972,1041
60312,974,1044
60313,975,1044
60314,975,1047
60315,977,1046
60316,981,1045
60317,975,1042
60318,974,1042
60319,976,1044
60320,978,1047
60321,975,1047
60322,972,1047
60323,964,1042
60324,967,1045
60325,969,1047
60326,971,1051
60327,971,1047
60328,969,1044
60329,964,1043
60330,963,1045
60331,965,1043
60332,967,1049
60333,966,1046
60334,968,1044
60335,970,1042
60336,970,1042
60337,972,1043
60338,976,1046
60339,975,1045
60340,977,1042
60341,974,1039
60342,973,1040
60343,974,1045
60344,975,1046
60345,975,1044
60346,973,1043
60347,970,1040
60348,970,1043
60349,973,1042
60350,976,1045
60351,972,1044
60352,970,1042
60353,969,1040
60354,969,1041
60355,972,1045
60356,973,1045
60357,974,1043
60358,973,1043
60359,968,1040
60360,968,1044
60361,972,1044
60362,974,1047
60363,975,1043
60364,972,1041
60365,970,1041
60366,971,1042
60367,974,1044
60368,974,1049
60369,973,1048
60370,973,1045
60371,968,1043
60372,968,1044
60373,970,1048
60374,974,1050
60375,975,1048
60376,972,1049
60377,967,1043
60378,969,1045
60379,971,1046
60380,975,1050
60381,978,1048
60382,972,1045
60383,969,1041
60384,969,1042
60385,972,1043
60386,974,1047
60387,977,1043
60388,975,1041
60389,969,1042
60390,971,1040
60391,973,1042
60392,977,1043
60393,981,1044
60394,974,1040
60395,972,1038
60396,972,1039
60397,974,1041
60398,978,1044
60399,977,1042
60400,975,1043
60401,973,1038
60402,971,1042
60403,974,1041
60404,976,1045
60405,977,1044
60406,976,1040
60407,972,1040
60408,974,1039
60409,973,1041
60410,980,1048
60411,977,1044
60412,977,1040
60413,973,1038
60414,973,1043
60415,974,1047
60416,976,1049
60417,980,1046
60418,982,1044
60419,978,1041
60420,979,1041
60421,983,1044
60422,984,1045
60423,983,1046
60424,981,1044
60425,978,1043
60426,978,1046
60427,984,1047
60428,986,1050
60429,987,1049
60430,987,1047
60431,984,1043
60432,985,1044
60433,984,1046
60434,987,1048
60435,988,1047
60436,987,1043
60437,984,1043
60438,985,1044
60439,987,1048
60440,992,1047
60441,992,1045
60442,994,1042
60443,994,1040
60444,994,1038
60445,1003,1037
60446,1016,1039
60447,1028,1035
60448,1040,1029
60449,1055,1026
60450,1080,1025
60451,1113,1022
60452,1147,1022
60453,1176,1013
60454,1210,1006
60455,1235,1002
60456,1264,1009
60457,1280,1017
60458,1283,1028
60459,1260,1031
60460,1217,1033
60461,1163,1036
60462,1112,1040
60463,1059,1047
60464,1017,1053
60465,988,1053
60466,975,1051
60467,978,1048
60468,982,1041
60469,991,1040
60470,994,1039
60471,989,1035
60472,985,1036
60473,979,1032
60474,977,1035
60475,977,1039
60476,976,1044
60477,976,1042
60478,975,1038
60479,973,1038
60480,969,1039
60481,967,1042
60482,972,1045
60483,973,1045
60484,973,1041
60485,972,1038
60486,969,1039
60487,970,1043
60488,974,1048
60489,975,1047
60490,972,1046
60491,970,1044
60492,966,1047
60493,969,1051
60494,968,1050
60495,969,1045
60496,966,1041
60497,965,1044
60498,960,1041
60499,963,1044
60500,964,1047
60501,967,1046
60502,964,1042
60503,963,1039
60504,961,1040
60505,963,1042
60506,966,1045
60507,970,1042
60508,969,1040
60509,966,1039
60510,966,1039
60511,967,1040
60512,970,1042
60513,972,1042
60514,970,1039
60515,968,1037
60516,969,1037
60517,969,1040
60518,972,1042
60519,973,1041
60520,975,1039
60521,973,1035
60522,977,1035
60523,979,1040
60524,984,1041
60525,988,1039
60526,987,1035
60527,988,1032
60528,990,1032
60529,993,1035
60530,998,1036
60531,1000,1031
60532,998,1030
60533,998,1028
60534,997,1029
60535,1004,1028
60536,1008,1031
60537,1009,1028
60538,1010,1024
60539,1007,1021
60540,1006,1022
60541,1011,1023
60542,1016,1021
60543,1016,1019
60544,1015,1014
60545,1011,1012
60546,1015,1016
60547,1019,1016
60548,1021,1018
60549,1020,1016
60550,1021,1012
60551,1019,1010
60552,1017,1013
60553,1019,1013
60554,1022,1017
60555,1019,1012
60556,1022,1012
60557,1021,1010
60558,1021,1011
60559,1023,1012
60560,1025,1016
60561,1023,1017
60562,1022,1017
60563,1018,1014
60564,1019,1018
60565,1018,1023
60566,1021,1027
60567,1018,1029
60568,1016,1028
60569,1010,1029
60570,1012,1030
60571,1013,1031
60572,1013,1036
60573,1009,1036
60574,1005,1034
60575,1000,1033
60576,999,1037
60577,994,1040
60578,994,1041
60579,996,1042
60580,993,1039
60581,990,1036
60582,987,1039
60583,986,1042
60584,986,1044
60585,986,1046
60586,985,1043
60587,982,1040
60588,980,1041
60589,984,1047
60590,985,1049
60591,986,1048
60592,982,1045
60593,977,1044
60594,978,1045
60595,979,1045
60596,982,1049
60597,982,1047
60598,981,1047
60599,979,1045
60600,979,1045
60601,977,1048
60602,980,1053
60603,980,1049
60604,977,1047
60605,975,1044
60606,973,1046
60607,976,1049
60608,982,1052
60609,984,1050
60610,981,1046
60611,980,1045
60612,980,1045
60613,979,1048
60614,981,1051
60615,981,1046
60616,981,1044
60617,980,1040
60618,979,1043
60619,982,1045
60620,988,1045
60621,989,1044
60622,987,1041
60623,986,1039
60624,987,1037
60625,991,1041
60626,993,1043
60627,994,1042
60628,991,1037
60629,989,1038
60630,989,1039
60631,991,1038
60632,993,1043
60633,995,1042
60634,995,1038
60635,991,1037
60636,987,1040
60637,992,1040
60638,993,1044
60639,996,1042
60640,993,1040
60641,990,1039
60642,992,1042
60643,992,1044
60644,995,1046
60645,994,1048
60646,990,1044
60647,985,1045
60648,983,1045
60649,984,1048
60650,986,1047
60651,984,1046
60652,983,1042
60653,978,1038
60654,978,1039
60655,982,1041
60656,984,1044
60657,984,1043
60658,982,1041
60659,980,1040
60660,978,1042
60661,978,1042
60662,984,1043
60663,985,1043
60664,986,1040
60665,986,1040
60666,982,1039
60667,988,1043
60668,991,1045
60669,994,1043
60670,995,1042
60671,988,1039
60672,988,1041
60673,988,1043
60674,992,1047
60675,994,1043
60676,996,1041
60677,994,1039
60678,995,1040
60679,998,1041
60680,1006,1042
60681,1015,1039
60682,1024,1032
60683,1035,1030
60684,1053,1030
60685,1079,1032
60686,1112,1031
60687,1149,1024
60688,1189,1015
60689,1228,1011
60690,1262,1014
60691,1288,1024
60692,1297,1036
60693,1284,1045
60694,1244,1046
60695,1194,1045
60696,1132,1051
60697,1074,1063
60698,1017,1071
60699,968,1073
60700,949,1071
60701,949,1066
60702,958,1059
60703,970,1052
60704,978,1048
60705,978,1044
60706,975,1041
60707,970,1037
60708,969,1038
60709,971,1040
60710,971,1043
60711,971,1046
60712,967,1041
60713,964,1040
60714,962,1039
60715,965,1045
60716,967,1045
60717,966,1044
60718,962,1042
60719,959,1042
60720,959,1043
60721,963,1047
60722,965,1047
60723,964,1046
60724,963,1044
60725,961,1042
60726,962,1043
60727,962,1048
60728,968,1052
60729,971,1049
60730,973,1046
60731,970,1042
60732,968,1047
60733,968,1046
60734,972,1046
60735,973,1043
60736,970,1043
60737,971,1040
60738,970,1042
60739,970,1041
60740,975,1044
60741,975,1039
60742,967,1035
60743,963,1034
60744,965,1037
60745,969,1034
60746,973,1038
60747,977,1036
60748,973,1035
60749,967,1031
60750,969,1033
60751,976,1033
60752,978,1034
60753,979,1033
60754,979,1028
60755,978,1026
60756,976,1025
60757,979,1027
60758,981,1028
60759,981,1023
60760,983,1022
60761,981,1018
60762,982,1019
60763,989,1022
60764,993,1022
60765,996,1019
60766,995,1013
60767,992,1014
60768,996,1011
60769,1000,1012
60770,1004,1012
60771,1005,1009
60772,1005,1006
60773,1003,1002
60774,1003,1001
60775,1009,1003
60776,1011,1004
60777,1012,1003
60778,1012,1000
60779,1007,997
60780,1012,998
60781,1014,1001
60782,1016,999
60783,1015,998
60784,1016,996
60785,1014,995
60786,1012,997
60787,1016,1000
60788,1016,1000
60789,1012,1001
60790,1011,1003
60791,1006,1004
60792,1007,1010
60793,1007,1016
60794,1010,1018
60795,1008,1019
60796,1005,1018
60797,1001,1019
60798,996,1020
60799,996,1029
60800,995,1033
60801,992,1035
60802,990,1033
60803,984,1034
60804,980,1038
60805,979,1042
60806,980,1046
60807,977,1048
60808,975,1047
60809,972,1046
60810,971,1046
60811,974,1050
60812,971,1053
60813,972,1051
60814,968,1047
60815,963,1048
60816,963,1051
60817,964,1052
60818,969,1056
60819,969,1055
60820,964,1050
60821,960,1049
60822,963,1052
60823,963,1054
60824,966,1056
60825,969,1056
60826,967,1053
60827,962,1051
60828,962,1052
60829,963,1055
60830,969,1055
60831,970,1051
60832,966,1048
60833,963,1048
60834,963,1050
60835,967,1050
60836,972,1050
60837,972,1048
60838,969,1044
60839,966,1043
60840,966,1043
60841,970,1048
60842,974,1050
60843,976,1049
60844,974,1045
60845,969,1043
60846,969,1045
60847,976,1045
60848,976,1047
60849,976,1044
60850,974,1042
60851,973,1041
60852,975,1042
60853,973,1046
60854,974,1043
60855,974,1043
60856,971,1041
60857,969,1041
60858,972,1041
60859,972,1045
60860,974,1046
60861,971,1045
60862,970,1042
60863,965,1040
60864,966,1040
60865,968,1044
60866,971,1046
60867,971,1045
60868,968,1043
60869,965,1042
60870,967,1044
60871,969,1047
60872,972,1050
60873,969,1046
60874,965,1046
60875,965,1045
60876,965,1045
60877,968,1049
60878,973,1052
60879,971,1050
60880,970,1049
60881,967,1044
60882,967,1048
60883,969,1051
60884,969,1051
60885,971,1049
60886,967,1049
60887,966,1044
60888,964,1047
60889,967,1050
60890,968,1050
60891,972,1050
60892,969,1049
60893,971,1047
60894,970,1047
60895,973,1047
60896,975,1049
60897,974,1049
60898,969,1046
60899,967,1046
60900,969,1046
60901,970,1047
60902,971,1049
60903,971,1046
60904,972,1043
60905,970,1042
60906,969,1042
60907,971,1047
60908,972,1048
60909,972,1045
60910,970,1044
60911,970,1041
60912,968,1043
60913,974,1047
60914,975,1046
60915,973,1044
60916,972,1038
60917,967,1039
60918,966,1040
60919,969,1044
60920,972,1045
60921,973,1044
60922,972,1041
60923,970,1038
60924,975,1037
60925,975,1040
60926,981,1039
60927,989,1035
60928,997,1029
60929,1006,1028
60930,1023,1027
60931,1045,1029
60932,1073,1029
60933,1105,1021
60934,1138,1007
60935,1173,1001
60936,1207,1001
60937,1237,1010
60938,1261,1023
60939,1264,1038
60940,1244,1044
60941,1204,1045
60942,1152,1048
60943,1098,1058
60944,1045,1069
60945,993,1077
60946,954,1078
60947,937,1078
60948,940,1074
60949,953,1067
60950,961,1061
60951,967,1051
60952,967,1045
60953,967,1041
60954,966,1040
60955,965,1040
60956,965,1044
60957,967,1044
60958,964,1041
60959,960,1038
60960,958,1042
60961,958,1044
60962,960,1046
60963,959,1044
60964,958,1043
60965,955,1038
60966,955,1042
60967,953,1047
60968,956,1047
60969,956,1043
60970,953,1041
60971,950,1038
60972,949,1039
60973,951,1040
60974,950,1042
60975,952,1039
60976,950,1037
60977,949,1034
60978,950,1037
60979,953,1039
60980,952,1041
60981,952,1039
60982,952,1038
60983,950,1039
60984,953,1038
60985,954,1041
60986,955,1041
60987,954,1042
60988,951,1039
60989,951,1037
60990,949,1041
60991,956,1045
60992,959,1042
60993,955,1041
60994,952,1038
60995,949,1037
60996,952,1038
60997,956,1040
60998,961,1041
60999,964,1036
61000,963,1037
61001,958,1031
61002,962,1033
61003,964,1035
61004,971,1034
61005,970,1033
61006,969,1031
61007,969,1030
61008,972,1027
61009,978,1027
61010,981,1027
61011,985,1023
61012,983,1021
61013,982,1017
61014,982,1015
61015,985,1016
61016,987,1015
61017,987,1010
61018,986,1004
61019,983,1001
61020,983,1003
61021,988,1006
61022,991,1006
61023,992,1001
61024,991,998
61025,988,997
61026,987,998
61027,993,1000
61028,994,998
61029,999,997
61030,997,998
61031,996,994
61032,995,998
61033,999,997
61034,1003,1000
61035,1002,999
61036,1002,1000
61037,998,1000
61038,998,1003
61039,999,1008
61040,1001,1013
61041,1001,1013
61042,1002,1013
61043,999,1015
61044,997,1018
61045,997,1025
61046,997,1026
61047,993,1025
61048,988,1026
61049,982,1024
61050,984,1027
61051,983,1033
61052,986,1034
61053,984,1033
61054,980,1033
61055,974,1030
61056,968,1035
61057,970,1040
61058,973,1041
61059,971,1043
61060,972,1044
61061,969,1038
61062,965,1041
61063,964,1044
61064,966,1046
61065,965,1045
61066,966,1042
61067,965,1039
61068,964,1041
61069,967,1045
61070,973,1048
61071,975,1045
61072,974,1046
61073,976,1041
61074,982,1046
61075,988,1050
61076,997,1052
61077,998,1053
61078,1002,1053
61079,1008,1053
61080,1022,1053
61081,1038,1047
61082,1052,1037
61083,1064,1019
61084,1074,1002
61085,1086,989
61086,1104,976
61087,1123,965
61088,1138,952
61089,1154,939
61090,1168,919
61091,1183,896
61092,1201,878
61093,1218,865
61094,1233,853
61095,1238,844
61096,1234,839
61097,1227,838
61098,1224,839
61099,1220,841
61100,1214,840
61101,1201,838
61102,1180,838
61103,1157,839
61104,1132,847
61105,1111,856
61106,1089,869
61107,1068,875
61108,1048,886
61109,1033,898
61110,1023,914
61111,1021,933
61112,1017,948
61113,1013,956
61114,1008,965
61115,1011,975
61116,1022,986
61117,1040,995
61118,1058,997
61119,1058,1002
61120,1044,1007
61121,1017,1010
61122,984,1022
61123,954,1033
61124,938,1044
61125,929,1054
61126,924,1061
61127,916,1067
61128,912,1073
61129,910,1077
61130,911,1084
61131,909,1084
61132,905,1084
61133,899,1085
61134,894,1085
61135,891,1092
61136,896,1095
61137,896,1095
61138,893,1093
61139,884,1092
61140,881,1093
61141,880,1098
61142,878,1098
61143,878,1099
61144,875,1098
61145,870,1101
61146,870,1106
61147,871,1114
61148,872,1113
61149,872,1113
61150,870,1112
61151,865,1113
61152,865,1116
61153,866,1124
61154,869,1126
61155,867,1125
61156,860,1123
61157,859,1125
61158,858,1130
61159,862,1133
61160,864,1138
61161,861,1139
61162,856,1137
61163,854,1137
61164,856,1139
61165,858,1147
61166,861,1147
61167,861,1147
61168,857,1145
61169,856,1146
61170,858,1150
61171,861,1153
61172,866,1158
61173,868,1157
61174,869,1158
61175,870,1155
61176,866,1160
61177,872,1163
61178,877,1164
61179,880,1161
61180,885,1155
61181,882,1152
61182,884,1154
61183,889,1151
61184,895,1148
61185,899,1144
61186,900,1138
61187,903,1134
61188,906,1131
61189,911,1130
61190,917,1130
61191,918,1129
61192,920,1121
61193,921,1117
61194,924,1118
61195,928,1112
61196,935,1110
61197,939,1103
61198,934,1097
61199,935,1093
61200,935,1091
61201,939,1090
61202,941,1087
61203,942,1081
61204,942,1075
61205,940,1070
61206,945,1071
61207,948,1068
61208,948,1067
61209,950,1063
61210,947,1058
61211,946,1055
61212,946,1056
61213,949,1057
61214,954,1059
61215,955,1052
61216,950,1050
61217,950,1048
61218,948,1048
61219,954,1052
61220,957,1054
61221,955,1051
61222,954,1046
61223,953,1046
61224,955,1047
61225,958,1050
61226,961,1051
61227,959,1047
61228,959,1046
61229,956,1042
61230,955,1042
61231,958,1043
61232,964,1045
61233,964,1043
61234,962,1038
61235,960,1036
61236,961,1042
61237,964,1043
61238,969,1044
61239,966,1040
61240,962,1038
61241,960,1038
61242,961,1044
61243,962,1046
61244,965,1045
61245,966,1042
61246,964,1039
61247,962,1038
61248,962,1041
61249,965,1043
61250,966,1043
61251,965,1040
61252,961,1040
61253,961,1037
61254,959,1038
61255,962,1041
61256,964,1041
61257,963,1040
61258,962,1036
61259,961,1034
61260,963,1038
61261,967,1042
61262,964,1043
61263,965,1039
61264,962,1035
61265,960,1037
61266,961,1036
61267,964,1042
61268,969,1044
61269,970,1040
61270,965,1037
61271,962,1038
61272,964,1040
61273,965,1041
61274,968,1044
61275,967,1043
61276,965,1038
61277,965,1038
61278,965,1041
61279,967,1043
61280,968,1043
61281,968,1040
61282,965,1039
61283,964,1038
61284,963,1036
61285,964,1039
61286,966,1039
61287,967,1041
61288,967,1036
61289,964,1033
61290,963,1032
61291,964,1037
61292,965,1035
61293,966,1033
61294,962,1029
61295,963,1030
61296,962,1030
61297,965,1033
61298,966,1034
61299,966,1032
61300,966,1032
61301,962,1033
61302,960,1029
61303,965,1035
61304,966,1033
61305,969,1033
61306,966,1028
61307,963,1029
61308,966,1030
61309,965,1032
61310,970,1033
61311,968,1032
61312,965,1031
61313,963,1031
61314,961,1031
61315,962,1032
61316,962,1034
61317,963,1033
61318,961,1030
61319,959,1031
61320,960,1034
61321,960,1035
61322,960,1036
61323,961,1038
61324,961,1037
61325,957,1035
61326,957,1039
61327,959,1040
61328,963,1043
61329,963,1039
61330,959,1036
61331,958,1039
61332,957,1043
61333,959,1043
61334,962,1046
61335,960,1046
61336,960,1040
61337,958,1038
61338,957,1039
61339,958,1039
61340,962,1041
61341,960,1039
61342,959,1037
61343,956,1036
61344,956,1037
61345,961,1036
61346,962,1042
61347,964,1037
61348,962,1034
61349,961,1034
61350,963,1037
61351,961,1038
61352,966,1039
61353,964,1036
61354,961,1035
61355,961,1034
61356,960,1037
61357,965,1038
61358,971,1039
61359,975,1036
61360,970,1029
61361,965,1031
61362,968,1031
61363,968,1036
61364,974,1038
61365,978,1037
61366,975,1033
61367,973,1031
61368,971,1034
61369,976,1037
61370,980,1036
61371,979,1034
61372,977,1031
61373,973,1029
61374,975,1031
61375,980,1034
61376,986,1034
61377,989,1030
61378,991,1027
61379,995,1024
61380,1000,1023
61381,1010,1024
61382,1021,1023
61383,1030,1023
61384,1035,1019
61385,1039,1016
61386,1045,1014
61387,1054,1019
61388,1059,1020
61389,1062,1020
61390,1064,1018
61391,1067,1020
61392,1076,1028
61393,1091,1036
61394,1099,1042
61395,1112,1046
61396,1122,1055
61397,1129,1067
61398,1142,1077
61399,1155,1089
61400,1170,1098
61401,1183,1103
61402,1192,1111
61403,1206,1118
61404,1218,1129
61405,1236,1139
61406,1254,1148
61407,1271,1154
61408,1291,1158
61409,1311,1161
61410,1339,1163
61411,1365,1159
61412,1387,1157
61413,1402,1157
61414,1411,1160
61415,1411,1162
61416,1408,1164
61417,1404,1168
61418,1397,1166
61419,1376,1170
61420,1343,1169
61421,1300,1164
61422,1246,1160
61423,1194,1150
61424,1151,1137
61425,1103,1119
61426,1066,1104
61427,1030,1090
61428,996,1078
61429,974,1069
61430,962,1061
61431,950,1051
61432,939,1042
61433,926,1039
61434,918,1036
61435,913,1034
61436,911,1030
61437,903,1027
61438,899,1022
61439,892,1021
61440,890,1022
61441,888,1024
61442,888,1024
61443,883,1021
61444,877,1015
61445,873,1014
61446,868,1015
61447,866,1018
61448,869,1021
61449,865,1015
61450,861,1013
61451,852,1014
61452,853,1016
61453,853,1018
61454,854,1015
61455,850,1014
61456,845,1012
61457,840,1008
61458,838,1014
61459,837,1012
61460,838,1013
61461,834,1012
61462,831,1010
61463,824,1006
61464,819,1007
61465,820,1008
61466,821,1008
61467,820,1003
61468,813,998
61469,809,992
61470,804,991
61471,802,992
61472,803,989
61473,799,983
61474,794,976
61475,789,975
61476,784,975
61477,782,976
61478,781,972
61479,776,969
61480,774,966
61481,768,960
61482,764,960
61483,764,961
61484,765,959
61485,763,956
61486,759,951
61487,756,946
61488,756,944
61489,759,945
61490,760,943
61491,762,939
61492,760,936
61493,756,936
61494,760,933
61495,762,936
61496,767,937
61497,768,935
61498,769,931
61499,770,930
61500,775,932
61501,781,937
61502,787,941
61503,792,943
61504,793,941
61505,795,943
61506,800,943
61507,808,953
61508,816,954
61509,822,954
61510,827,954
61511,831,955
61512,838,962
61513,849,965
61514,858,969
61515,861,970
61516,865,971
61517,872,972
61518,878,980
61519,887,987
61520,894,991
61521,898,988
61522,899,989
61523,900,994
61524,904,1000
61525,910,1003
61526,917,1006
61527,916,1010
61528,920,1008
61529,922,1010
61530,923,1013
61531,927,1018
61532,932,1019
61533,931,1021
61534,935,1020
61535,932,1023
61536,936,1023
61537,940,1025
61538,944,1029
61539,947,1028
61540,946,1024
61541,946,1025
61542,949,1028
61543,950,1030
61544,949,1031
61545,951,1032
61546,948,1028
61547,947,1029
61548,947,1031
61549,952,1033
61550,960,1032
61551,960,1031
61552,957,1029
61553,953,1027
61554,956,1030
61555,960,1030
61556,963,1032
61557,960,1028
61558,957,1026
61559,959,1025
61560,960,1027
61561,962,1028
61562,964,1030
61563,961,1026
61564,960,1025
61565,962,1023
61566,961,1023
61567,963,1027
61568,965,1028
61569,966,1026
61570,963,1025
61571,963,1023
61572,960,1025
61573,959,1028
61574,963,1027
61575,963,1027
61576,961,1023
61577,960,1023
61578,956,1023
61579,957,1025
61580,962,1026
61581,964,1026
61582,966,1025
61583,960,1026
61584,959,1029
61585,963,1032
61586,963,1033
61587,964,1034
61588,961,1032
61589,960,1033
61590,964,1035
61591,967,1034
61592,971,1034
61593,970,1031
61594,966,1031
61595,966,1028
61596,966,1032
61597,970,1036
61598,972,1035
61599,971,1034
61600,971,1031
61601,973,1029
61602,971,1032
61603,975,1036
61604,978,1036
61605,976,1032
61606,973,1031
61607,972,1028
61608,973,1033
61609,972,1032
61610,976,1034
61611,975,1032
61612,974,1029
61613,969,1028
61614,968,1027
61615,973,1032
61616,975,1033
61617,975,1030
61618,971,1027
61619,971,1028
61620,970,1030
61621,972,1030
61622,973,1030
61623,971,1029
61624,970,1027
61625,966,1027
61626,964,1032
61627,965,1031
61628,968,1034
61629,967,1031
61630,963,1032
61631,963,1029
61632,960,1029
61633,963,1030
61634,965,1032
61635,963,1030
61636,962,1028
61637,959,1027
61638,963,1029
61639,967,1034
61640,970,1035
61641,971,1033
61642,970,1031
61643,968,1032
61644,967,1034
61645,971,1036
61646,976,1037
61647,976,1033
61648,972,1032
61649,971,1032
61650,970,1034
61651,973,1038
61652,980,1039
61653,978,1036
61654,975,1034
61655,971,1031
61656,968,1031
61657,972,1035
61658,975,1033
61659,975,1034
61660,971,1031
61661,972,1030
61662,972,1035
61663,975,1034
61664,979,1034
61665,975,1031
61666,973,1030
61667,970,1030
61668,974,1031
61669,978,1032
61670,981,1032
61671,979,1030
61672,977,1027
61673,975,1025
61674,972,1026
61675,972,1030
61676,976,1032
61677,975,1033
61678,975,1028
61679,973,1027
61680,973,1030
61681,976,1033
61682,978,1033
61683,980,1032
61684,974,1027
61685,973,1029
61686,969,1030
61687,970,1033
61688,972,1031
61689,970,1033
61690,968,1030
61691,969,1031
61692,970,1030
61693,976,1033
61694,972,1031
61695,974,1032
61696,972,1031
61697,969,1031
61698,971,1031
61699,976,1032
61700,982,1035
61701,981,1035
61702,981,1032
61703,977,1030
61704,977,1032
61705,984,1036
61706,982,1035
61707,983,1033
61708,982,1029
61709,984,1027
61710,988,1024
61711,998,1025
61712,1010,1024
61713,1023,1019
61714,1040,1016
61715,1054,1013
61716,1080,1013
61717,1111,1011
61718,1147,1006
61719,1184,998
61720,1217,989
61721,1249,986
61722,1287,990
61723,1313,1009
61724,1321,1020
61725,1303,1030
61726,1265,1030
61727,1211,1031
61728,1150,1038
61729,1096,1050
61730,1041,1054
61731,993,1054
61732,960,1051
61733,953,1051
61734,959,1047
61735,973,1044
61736,983,1038
61737,987,1034
61738,984,1029
61739,979,1029
61740,978,1028
61741,979,1031
61742,979,1029
61743,977,1031
61744,973,1028
61745,969,1028
61746,969,1029
61747,972,1031
61748,975,1032
61749,974,1030
61750,969,1027
61751,966,1026
61752,968,1026
61753,968,1027
61754,970,1031
61755,967,1029
61756,965,1027
61757,966,1029
61758,963,1032
61759,966,1034
61760,966,1034
61761,966,1031
61762,963,1030
61763,963,1028
61764,962,1029
61765,966,1034
61766,968,1033
61767,969,1031
61768,966,1027
61769,964,1025
61770,964,1029
61771,967,1032
61772,967,1032
61773,964,1030
61774,963,1028
61775,959,1023
61776,959,1026
61777,961,1027
61778,966,1029
61779,963,1029
61780,962,1025
61781,958,1023
61782,959,1024
61783,960,1027
61784,963,1027
61785,965,1026
61786,963,1026
61787,965,1024
61788,965,1024
61789,971,1026
61790,974,1026
61791,972,1025
61792,971,1021
61793,968,1020
61794,972,1024
61795,974,1026
61796,980,1024
61797,983,1021
61798,983,1017
61799,984,1013
61800,987,1015
61801,992,1020
61802,995,1018
61803,994,1015
61804,993,1011
61805,992,1008
61806,992,1009
61807,998,1009
61808,1001,1009
61809,1004,1005
61810,1005,1002
61811,1001,1001
61812,1005,1005
61813,1004,1006
61814,1010,1005
61815,1010,998
61816,1008,995
61817,1008,996
61818,1009,995
61819,1014,996
61820,1014,996
61821,1019,995
61822,1016,992
61823,1012,993
61824,1012,995
61825,1016,997
61826,1018,997
61827,1022,996
61828,1017,992
61829,1018,994
61830,1014,995
61831,1016,998
61832,1018,1001
61833,1017,1001
61834,1014,999
61835,1009,999
61836,1007,1004
61837,1009,1004
61838,1007,1009
61839,1005,1012
61840,1001,1012
61841,996,1011
61842,997,1016
61843,998,1018
61844,995,1021
61845,992,1023
61846,988,1021
61847,982,1021
61848,981,1025
61849,982,1029
61850,987,1030
61851,985,1030
61852,981,1026
61853,976,1027
61854,973,1033
61855,977,1036
61856,979,1038
61857,979,1036
61858,975,1033
61859,972,1030
61860,973,1032
61861,973,1033
61862,979,1035
61863,979,1034
61864,976,1033
61865,974,1031
61866,974,1035
61867,981,1039
61868,986,1041
61869,989,1037
61870,988,1032
61871,990,1032
61872,996,1031
61873,1000,1037
61874,1009,1039
61875,1012,1044
61876,1012,1040
61877,1017,1041
61878,1025,1042
61879,1037,1039
61880,1051,1032
61881,1066,1017
61882,1077,999
61883,1086,985
61884,1101,975
61885,1117,965
61886,1138,952
61887,1152,934
61888,1167,914
61889,1178,898
61890,1195,880
61891,1217,865
61892,1237,848
61893,1250,833
61894,1254,817
61895,1249,816
61896,1245,817
61897,1243,818
61898,1243,816
61899,1236,814
61900,1226,813
61901,1213,813
61902,1198,813
61903,1178,816
61904,1155,822
61905,1136,826
61906,1113,834
61907,1089,844
61908,1070,857
61909,1055,874
61910,1046,886
61911,1040,894
61912,1034,902
61913,1031,914
61914,1031,926
61915,1031,940
61916,1035,949
61917,1041,958
61918,1048,967
61919,1059,976
61920,1070,985
61921,1081,993
61922,1076,999
61923,1055,1007
61924,1028,1012
61925,996,1018
61926,971,1026
61927,955,1037
61928,946,1045
61929,939,1055
61930,931,1058
61931,924,1062
61932,921,1064
61933,923,1069
61934,920,1072
61935,914,1070
61936,909,1066
61937,902,1069
61938,901,1074
61939,898,1079
61940,901,1083
61941,898,1084
61942,893,1082
61943,888,1087
61944,886,1091
61945,886,1095
61946,889,1094
61947,886,1094
61948,884,1093
61949,879,1092
61950,880,1098
61951,880,1102
61952,880,1103
61953,876,1102
61954,872,1103
61955,871,1103
61956,873,1109
61957,875,1111
61958,878,1113
61959,878,1114
61960,875,1112
61961,873,1114
61962,870,1118
61963,870,1120
61964,872,1124
61965,871,1125
61966,871,1124
61967,868,1127
61968,869,1128
61969,872,1134
61970,876,1135
61971,876,1135
61972,876,1135
61973,872,1135
61974,874,1139
61975,879,1141
61976,884,1144
61977,885,1143
61978,882,1140
61979,880,1145
61980,881,1148
61981,886,1152
61982,891,1153
61983,892,1152
61984,891,1148
61985,891,1148
61986,892,1151
61987,896,1153
61988,902,1154
61989,902,1149
61990,903,1144
61991,903,1143
61992,901,1145
61993,903,1147
61994,906,1144
61995,909,1141
61996,911,1136
61997,913,1133
61998,919,1130
61999,925,1132
62000,933,1127
62001,934,1119
62002,935,1116
62003,933,1111
62004,934,1111
62005,941,1109
62006,943,1104
62007,945,1098
62008,944,1091
62009,941,1088
62010,945,1088
62011,947,1085
62012,954,1081
62013,954,1078
62014,952,1070
62015,951,1067
62016,950,1065
62017,952,1064
62018,952,1058
62019,954,1053
62020,954,1048
62021,952,1047
62022,957,1047
62023,958,1047
62024,958,1046
62025,957,1041
62026,954,1040
62027,950,1036
62028,954,1041
62029,957,1040
62030,958,1038
62031,962,1035
62032,958,1030
62033,955,1031
62034,956,1033
62035,958,1035
62036,962,1033
62037,964,1031
62038,959,1028
62039,955,1030
62040,957,1030
62041,959,1032
62042,959,1032
62043,958,1031
62044,959,1028
62045,959,1028
62046,958,1031
62047,960,1035
62048,961,1035
62049,962,1034
62050,961,1029
62051,955,1030
62052,956,1033
62053,957,1035
62054,963,1035
62055,963,1031
62056,964,1028
62057,960,1028
62058,958,1029
62059,961,1032
62060,962,1034
62061,962,1033
62062,961,1029
62063,959,1029
62064,959,1033
62065,961,1032
62066,966,1033
62067,967,1027
62068,963,1028
62069,961,1027
62070,963,1028
62071,965,1030
62072,968,1030
62073,968,1030
62074,967,1027
62075,964,1026
62076,968,1026
62077,968,1028
62078,966,1029
62079,968,1029
62080,964,1027
62081,964,1026
62082,963,1026
62083,965,1034
62084,964,1033
62085,964,1028
62086,960,1026
62087,959,1023
62088,962,1023
62089,960,1024
62090,964,1027
62091,960,1026
62092,958,1021
62093,955,1023
62094,958,1023
62095,959,1026
62096,963,1027
62097,964,1026
62098,961,1024
62099,958,1026
62100,958,1029
62101,961,1030
62102,964,1031
62103,961,1029
62104,959,1027
62105,958,1028
62106,959,1032
62107,963,1033
62108,961,1029
62109,962,1027
62110,961,1024
62111,956,1024
62112,957,1030
62113,956,1032
62114,959,1031
62115,959,1029
62116,955,1027
62117,954,1028
62118,958,1030
62119,961,1029
62120,965,1028
62121,966,1029
62122,961,1026
62123,961,1026
62124,959,1031
62125,958,1030
62126,961,1030
62127,960,1028
62128,960,1026
62129,954,1024
62130,954,1029
62131,960,1031
62132,965,1029
62133,960,1027
62134,958,1023
62135,957,1026
62136,957,1028
62137,958,1031
62138,958,1033
62139,957,1030
62140,957,1026
62141,956,1024
62142,953,1025
62143,954,1028
62144,960,1028
62145,958,1026
62146,954,1023
62147,952,1026
62148,955,1029
62149,956,1033
62150,961,1031
62151,959,1033
62152,957,1031
62153,957,1030
62154,954,1031
62155,959,1034
62156,962,1031
62157,959,1027
62158,953,1027
62159,951,1025
62160,949,1028
62161,958,1029
62162,960,1028
62163,958,1029
62164,954,1023
62165,953,1024
62166,952,1024
62167,958,1029
62168,963,1029
62169,955,1026
62170,952,1023
62171,952,1021
62172,956,1024
62173,956,1029
62174,957,1030
62175,956,1028
62176,954,1024
62177,950,1025
62178,949,1025
62179,953,1030
62180,954,1030
62181,954,1025
62182,949,1024
62183,949,1025
62184,950,1026
62185,958,1029
62186,965,1028
62187,961,1026
62188,957,1021
62189,953,1022
62190,955,1026
62191,958,1031
62192,962,1028
62193,958,1027
62194,957,1025
62195,953,1023
62196,954,1028
62197,957,1031
62198,959,1031
62199,958,1032
62200,951,1030
62201,951,1029
62202,954,1033
62203,958,1032
62204,962,1033
62205,958,1031
62206,954,1027
62207,953,1027
62208,955,1029
62209,958,1030
62210,960,1029
62211,957,1025
62212,954,1026
62213,950,1023
62214,951,1028
62215,953,1029
62216,956,1029
62217,956,1025
62218,954,1025
62219,950,1025
62220,949,1026
62221,953,1028
62222,953,1030
62223,955,1025
62224,953,1022
62225,953,1024
62226,952,1027
62227,954,1030
62228,956,1030
62229,953,1028
62230,954,1026
62231,953,1029
62232,952,1031
62233,954,1034
62234,958,1030
62235,956,1027
62236,951,1025
62237,950,1024
62238,953,1027
62239,956,1030
62240,958,1028
62241,958,1025
62242,954,1026
62243,952,1025
62244,956,1030
62245,959,1034
62246,960,1032
62247,960,1029
62248,957,1024
62249,952,1026
62250,954,1029
62251,956,1032
62252,962,1031
62253,960,1030
62254,959,1025
62255,959,1022
62256,961,1024
62257,965,1025
62258,966,1025
62259,965,1026
62260,961,1024
62261,959,1024
62262,958,1025
62263,964,1025
62264,966,1022
62265,965,1021
62266,962,1020
62267,961,1020
62268,960,1022
62269,964,1024
62270,963,1023
62271,963,1022
62272,957,1019
62273,954,1020
62274,952,1023
62275,956,1025
62276,960,1026
62277,961,1022
62278,959,1019
62279,958,1020
62280,955,1021
62281,959,1025
62282,958,1025
62283,958,1023
62284,952,1022
62285,949,1022
62286,951,1025
62287,950,1027
62288,956,1026
62289,955,1024
62290,951,1022
62291,947,1022
62292,947,1024
62293,952,1029
62294,956,1029
62295,953,1026
62296,951,1024
62297,952,1025
62298,954,1027
62299,961,1031
62300,966,1029
62301,962,1029
62302,958,1025
62303,958,1025
62304,960,1024
62305,963,1027
62306,966,1027
62307,961,1025
62308,959,1023
62309,958,1023
62310,959,1026
62311,962,1026
62312,965,1027
62313,960,1024
62314,958,1022
62315,958,1023
62316,962,1023
62317,965,1028
62318,969,1027
62319,968,1028
62320,964,1025
62321,964,1025
62322,966,1027
62323,966,1032
62324,969,1030
62325,969,1028
62326,966,1024
62327,961,1029
62328,965,1030
62329,966,1031
62330,970,1032
62331,968,1031
62332,965,1028
62333,962,1026
62334,962,1030
62335,967,1031
62336,971,1031
62337,971,1027
62338,968,1024
62339,969,1022
62340,975,1019
62341,986,1020
62342,1002,1018
62343,1017,1013
62344,1036,1008
62345,1062,1004
62346,1095,999
62347,1136,996
62348,1178,986
62349,1219,980
62350,1253,981
62351,1277,990
62352,1286,1010
62353,1271,1020
62354,1234,1024
62355,1171,1021
62356,1106,1025
62357,1039,1032
62358,976,1045
62359,930,1053
62360,917,1056
62361,925,1052
62362,937,1041
62363,947,1030
62364,956,1027
62365,960,1024
62366,964,1024
62367,958,1021
62368,958,1017
62369,956,1017
62370,956,1019
62371,958,1022
62372,961,1022
62373,957,1021
62374,956,1017
62375,951,1017
62376,949,1021
62377,951,1023
62378,955,1024
62379,952,1022
62380,950,1020
62381,948,1018
62382,946,1021
62383,949,1024
62384,950,1024
62385,952,1022
62386,950,1021
62387,950,1023
62388,949,1025
62389,951,1027
62390,955,1026
62391,953,1023
62392,949,1020
62393,947,1020
62394,947,1023
62395,951,1025
62396,953,1024
62397,951,1022
62398,948,1020
62399,945,1018
62400,949,1023
62401,952,1024
62402,953,1024
62403,952,1022
62404,949,1019
62405,949,1022
62406,952,1023
62407,957,1025
62408,959,1022
62409,959,1023
62410,955,1022
62411,952,1020
62412,955,1023
62413,956,1026
62414,960,1024
62415,961,1022
62416,958,1016
62417,955,1017
62418,956,1018
62419,959,1021
62420,961,1018
62421,962,1015
62422,961,1010
62423,961,1012
62424,965,1010
62425,968,1012
62426,973,1014
62427,975,1009
62428,975,1008
62429,973,1004
62430,974,1006
62431,976,1008
62432,977,1007
62433,976,1004
62434,976,1000
62435,976,995
62436,975,998
62437,974,998
62438,977,996
62439,977,992
62440,978,988
62441,975,988
62442,974,990
62443,979,991
62444,980,992
62445,979,990
62446,978,989
62447,977,986
62448,981,988
62449,984,991
62450,986,992
62451,986,990
62452,985,988
62453,982,986
62454,986,990
62455,990,993
62456,993,994
62457,995,990
62458,992,989
62459,994,992
62460,996,996
62461,999,999
62462,1000,1001
62463,998,998
62464,993,997
62465,990,1000
62466,994,1004
62467,999,1008
62468,998,1010
62469,995,1009
62470,992,1010
62471,987,1009
62472,988,1015
62473,988,1018
62474,990,1018
62475,988,1017
62476,986,1016
62477,983,1017
62478,983,1019
62479,983,1022
62480,984,1021
62481,982,1023
62482,980,1018
62483,975,1020
62484,973,1024
62485,974,1024
62486,977,1024
62487,976,1024
62488,972,1023
62489,969,1025
62490,972,1027
62491,971,1032
62492,974,1031
62493,970,1029
62494,969,1028
62495,966,1027
62496,969,1028
62497,971,1031
62498,972,1032
62499,973,1030
62500,971,1027
62501,965,1025
62502,967,1027
62503,969,1031
62504,972,1030
62505,967,1030
62506,968,1028
62507,969,1025
62508,971,1028
62509,976,1029
62510,979,1028
62511,977,1024
62512,976,1021
62513,974,1020
62514,971,1021
62515,976,1024
62516,979,1022
62517,980,1018
62518,978,1016
62519,977,1015
62520,980,1019
62521,983,1018
62522,987,1018
62523,985,1016
62524,982,1012
62525,978,1012
62526,979,1014
62527,978,1015
62528,980,1015
62529,978,1012
62530,978,1010
62531,977,1008
62532,977,1012
62533,981,1016
62534,979,1016
62535,979,1017
62536,976,1010
62537,978,1015
62538,978,1014
62539,979,1020
62540,983,1021
62541,980,1022
62542,977,1019
62543,975,1020
62544,972,1023
62545,975,1025
62546,977,1023
62547,976,1021
62548,972,1020
62549,970,1023
62550,969,1022
62551,973,1027
62552,976,1024
62553,974,1022
62554,968,1021
62555,969,1022
62556,971,1025
62557,973,1028
62558,979,1026
62559,975,1023
62560,972,1019
62561,968,1021
62562,974,1023
62563,977,1028
62564,980,1027
62565,980,1026
62566,977,1023
62567,975,1023
62568,974,1025
62569,977,1029
62570,980,1028
62571,979,1025
62572,977,1018
62573,975,1018
62574,971,1021
62575,978,1023
62576,980,1023
62577,977,1021
62578,973,1020
62579,972,1018
62580,974,1020
62581,978,1024
62582,979,1023
62583,976,1023
62584,971,1019
62585,969,1018
62586,968,1020
62587,972,1025
62588,974,1026
62589,972,1024
62590,968,1024
62591,969,1027
62592,969,1027
62593,971,1032
62594,972,1031
62595,973,1029
62596,969,1027
62597,969,1027
62598,967,1028
62599,970,1033
62600,974,1032
62601,976,1031
62602,973,1027
62603,968,1029
62604,968,1031
62605,968,1033
62606,970,1030
62607,973,1030
62608,971,1023
62609,970,1026
62610,970,1028
62611,971,1028
62612,974,1027
62613,970,1024
62614,968,1020
62615,970,1022
62616,970,1023
62617,973,1028
62618,977,1026
62619,976,1021
62620,975,1019
62621,974,1018
62622,976,1018
62623,978,1020
62624,981,1017
62625,984,1011
62626,989,1009
62627,998,1009
62628,1013,1009
62629,1031,1009
62630,1058,1008
62631,1083,1005
62632,1116,994
62633,1155,987
62634,1197,983
62635,1241,982
62636,1278,987
62637,1308,997
62638,1315,1011
62639,1301,1023
62640,1263,1030
62641,1211,1036
62642,1150,1040
62643,1080,1047
62644,1009,1052
62645,948,1056
62646,922,1064
62647,929,1064
62648,946,1055
62649,957,1044
62650,962,1036
62651,964,1032
62652,966,1031
62653,970,1034
62654,968,1030
62655,963,1026
62656,961,1022
62657,958,1024
62658,958,1026
62659,957,1029
62660,960,1028
62661,957,1026
62662,955,1024
62663,953,1025
62664,954,1025
62665,959,1025
62666,962,1027
62667,966,1024
62668,962,1023
62669,960,1021
62670,960,1023
62671,963,1027
62672,966,1026
62673,968,1023
62674,963,1018
62675,960,1020
62676,956,1022
62677,960,1023
62678,963,1023
62679,962,1021
62680,961,1018
62681,962,1016
62682,960,1018
62683,958,1022
62684,961,1025
62685,962,1020
62686,960,1020
62687,958,1021
62688,961,1023
62689,964,1027
62690,965,1026
62691,967,1025
62692,966,1023
62693,965,1022
62694,966,1025
62695,967,1028
62696,973,1030
62697,970,1027
62698,967,1024
62699,967,1023
62700,969,1023
62701,971,1027
62702,974,1025
62703,973,1024
62704,969,1019
62705,965,1018
62706,967,1021
62707,972,1024
62708,977,1021
62709,980,1016
62710,978,1010
62711,977,1009
62712,979,1008
62713,983,1008
62714,984,1006
62715,983,1001
62716,986,997
62717,987,997
62718,989,997
62719,993,996
62720,996,996
62721,998,992
62722,997,987
62723,994,988
62724,995,990
62725,999,989
62726,1002,988
62727,1001,984
62728,999,982
62729,1000,982
62730,1005,987
62731,1005,986
62732,1009,986
62733,1006,984
62734,1003,981
62735,1004,985
62736,1003,988
62737,1002,991
62738,1003,992
62739,1003,989
62740,1000,988
62741,999,991
62742,1002,996
62743,1002,1001
62744,1002,1003
62745,996,1003
62746,997,1002
62747,993,1007
62748,991,1012
62749,988,1018
62750,987,1021
62751,985,1024
62752,978,1022
62753,977,1026
62754,974,1030
62755,974,1032
62756,975,1032
62757,972,1030
62758,964,1026
62759,967,1027
62760,966,1029
62761,968,1034
62762,967,1032
62763,964,1034
62764,961,1029
62765,959,1029
62766,963,1030
62767,964,1036
62768,965,1037
62769,965,1034
62770,963,1031
62771,961,1032
62772,960,1032
62773,965,1036
62774,968,1035
62775,969,1034
62776,968,1031
62777,971,1029
62778,977,1033
62779,985,1036
62780,992,1037
62781,997,1033
62782,998,1036
62783,1000,1035
62784,1008,1038
62785,1023,1035
62786,1037,1025
62787,1051,1008
62788,1061,991
62789,1072,977
62790,1087,968
62791,1104,957
62792,1121,943
62793,1136,929
62794,1149,911
62795,1162,891
62796,1184,873
62797,1207,858
62798,1227,841
62799,1236,825
62800,1236,818
62801,1229,819
62802,1225,822
62803,1221,821
62804,1214,819
62805,1204,817
62806,1187,815
62807,1165,817
62808,1140,825
62809,1118,832
62810,1094,840
62811,1068,845
62812,1044,856
62813,1021,872
62814,1013,887
62815,1012,905
62816,1013,915
62817,1010,926
62818,1006,934
62819,1006,945
62820,1012,959
62821,1028,969
62822,1049,975
62823,1069,979
62824,1077,981
62825,1062,990
62826,1031,998
62827,988,1012
62828,956,1023
62829,934,1033
62830,924,1042
62831,915,1052
62832,912,1060
62833,909,1068
62834,906,1070
62835,902,1072
62836,899,1075
62837,895,1078
62838,892,1081
62839,892,1087
62840,890,1088
62841,888,1089
62842,885,1088
62843,883,1091
62844,881,1095
62845,881,1099
62846,879,1098
62847,878,1097
62848,874,1095
62849,869,1098
62850,870,1102
62851,873,1104
62852,874,1103
62853,870,1102
62854,865,1100
62855,860,1104
62856,863,1108
62857,865,1113
62858,865,1115
62859,862,1114
62860,857,1111
62861,860,1115
62862,859,1117
62863,863,1119
62864,864,1119
62865,862,1121
62866,860,1120
62867,856,1123
62868,857,1128
62869,857,1133
62870,863,1136
62871,861,1137
62872,860,1135
62873,857,1141
62874,860,1143
62875,863,1147
62876,869,1148
62877,868,1146
62878,864,1144
62879,864,1149
62880,863,1154
62881,872,1156
62882,880,1153
62883,882,1149
62884,882,1147
62885,885,1144
62886,886,1144
62887,892,1143
62888,896,1139
62889,896,1135
62890,898,1129
62891,901,1126
62892,907,1125
62893,915,1122
62894,920,1115
62895,925,1109
62896,923,1103
62897,923,1100
62898,928,1098
62899,934,1096
62900,939,1086
62901,936,1082
62902,936,1072
62903,939,1068
62904,940,1066
62905,946,1064
62906,946,1058
62907,945,1051
62908,941,1043
62909,939,1041
62910,943,1042
62911,946,1040
62912,945,1036
62913,944,1032
62914,942,1030
62915,939,1031
62916,942,1035
62917,948,1036
62918,951,1033
62919,947,1032
62920,945,1030
62921,945,1032
62922,950,1035
62923,953,1036
62924,952,1036
62925,948,1034
62926,946,1032
62927,947,1034
62928,951,1034
62929,959,1037
62930,955,1036
62931,953,1034
62932,949,1032
62933,945,1031
62934,949,1035
62935,954,1035
62936,956,1033
62937,956,1032
62938,956,1030
62939,952,1029
62940,953,1029
62941,958,1031
62942,958,1028
62943,955,1025
62944,952,1021
62945,954,1023
62946,956,1027
62947,958,1026
62948,959,1023
62949,960,1022
62950,955,1019
62951,951,1018
62952,949,1019
62953,952,1020
62954,954,1019
62955,954,1019
62956,953,1016
62957,950,1016
62958,953,1019
62959,957,1021
62960,960,1019
62961,956,1018
62962,954,1014
62963,950,1015
62964,949,1019
62965,953,1021
62966,956,1019
62967,956,1016
62968,954,1014
62969,953,1014
62970,954,1019
62971,957,1021
62972,960,1020
62973,958,1018
62974,957,1016
62975,955,1018
62976,962,1018
62977,964,1021
62978,963,1021
62979,961,1019
62980,957,1019
62981,956,1018
62982,955,1021
62983,961,1023
62984,964,1022
62985,966,1019
62986,964,1018
62987,966,1020
62988,964,1023
62989,965,1023
62990,968,1022
62991,964,1018
62992,960,1017
62993,957,1019
62994,958,1023
62995,961,1024
62996,965,1025
62997,962,1023
62998,961,1022
62999,957,1019
63000,957,1023
63001,957,1025
63002,959,1025
63003,956,1022
63004,954,1021
63005,954,1021
63006,956,1025
63007,962,1025
63008,958,1026
63009,957,1024
63010,953,1022
63011,953,1023
63012,957,1027
63013,956,1029
63014,960,1028
63015,959,1025
63016,959,1024
63017,959,1026
63018,960,1027
63019,964,1030
63020,963,1028
63021,960,1026
63022,961,1024
63023,957,1024
63024,958,1023
63025,963,1026
63026,962,1023
63027,957,1022
63028,958,1019
63029,959,1019
63030,962,1022
63031,968,1023
63032,969,1022
63033,966,1019
63034,963,1017
63035,958,1019
63036,965,1021
63037,966,1025
63038,966,1024
63039,964,1021
63040,957,1019
63041,954,1017
63042,960,1022
63043,965,1025
63044,966,1024
63045,962,1020
63046,961,1016
63047,954,1019
63048,958,1021
63049,960,1023
63050,962,1024
63051,961,1023
63052,960,1019
63053,958,1021
63054,959,1020
63055,962,1025
63056,963,1023
63057,961,1021
63058,958,1021
63059,955,1025
63060,957,1026
63061,959,1031
63062,964,1031
63063,963,1025
63064,960,1025
63065,963,1026
63066,962,1023
63067,965,1029
63068,971,1026
63069,969,1025
63070,965,1024
63071,966,1027
63072,964,1029
63073,968,1033
63074,970,1030
63075,971,1026
63076,970,1025
63077,969,1024
63078,971,1026
63079,975,1028
63080,977,1029
63081,976,1028
63082,976,1025
63083,974,1026
63084,979,1027
63085,977,1030
63086,978,1028
63087,974,1024
63088,972,1025
63089,971,1025
63090,971,1031
63091,975,1030
63092,976,1030
63093,975,1030
63094,972,1024
63095,970,1026
63096,970,1025
63097,973,1029
63098,975,1027
63099,975,1025
63100,971,1021
63101,970,1024
63102,974,1027
63103,979,1028
63104,978,1024
63105,975,1021
63106,970,1020
63107,970,1019
63108,972,1024
63109,977,1025
63110,981,1023
63111,979,1021
63112,976,1018
63113,974,1017
63114,981,1019
63115,989,1020
63116,1001,1019
63117,1015,1018
63118,1035,1017
63119,1066,1017
63120,1104,1013
63121,1149,1007
63122,1194,996
63123,1237,988
63124,1277,989
63125,1308,1000
63126,1322,1017
63127,1309,1028
63128,1268,1032
63129,1202,1029
63130,1131,1031
63131,1054,1041
63132,985,1046
63133,944,1051
63134,938,1049
63135,949,1044
63136,963,1033
63137,973,1027
63138,977,1027
63139,980,1029
63140,978,1024
63141,973,1021
63142,971,1019
63143,968,1018
63144,967,1022
63145,969,1025
63146,969,1025
63147,968,1022
63148,966,1020
63149,965,1020
63150,964,1020
63151,964,1026
63152,966,1027
63153,967,1023
63154,966,1022
63155,963,1023
63156,960,1027
63157,963,1029
63158,962,1029
63159,963,1027
63160,958,1026
63161,955,1029
63162,956,1033
63163,959,1038
63164,959,1035
63165,960,1034
63166,958,1032
63167,954,1031
63168,954,1034
63169,956,1036
63170,960,1032
63171,960,1028
63172,957,1031
63173,958,1034
63174,959,1035
63175,962,1036
63176,962,1035
63177,965,1030
63178,964,1028
63179,962,1026
63180,964,1029
63181,965,1031
63182,969,1030
63183,969,1028
63184,967,1020
63185,968,1022
63186,973,1023
63187,978,1023
63188,981,1021
63189,978,1018
63190,975,1015
63191,977,1015
63192,979,1018
63193,982,1015
63194,989,1016
63195,987,1011
63196,987,1010
63197,984,1008
63198,985,1008
63199,986,1013
63200,990,1011
63201,989,1009
63202,988,1007
63203,990,1007
63204,991,1009
63205,993,1013
63206,996,1009
63207,995,1008
63208,993,1003
63209,994,1002
63210,999,1002
63211,1002,1003
63212,1007,999
63213,1004,996
63214,1004,993
63215,1003,989
63216,1002,993
63217,1004,994
63218,1008,993
63219,1006,994
63220,1004,990
63221,1001,992
63222,1005,995
63223,1013,1000
63224,1017,999
63225,1016,997
63226,1014,993
63227,1009,996
63228,1007,1001
63229,1010,1004
63230,1009,1007
63231,1010,1003
63232,1005,1003
63233,1003,1009
63234,1004,1011
63235,1004,1017
63236,1002,1017
63237,999,1019
63238,996,1018
63239,996,1022
63240,995,1025
63241,996,1028
63242,996,1030
63243,993,1028
63244,985,1028
63245,985,1030
63246,983,1032
63247,985,1035
63248,987,1036
63249,984,1033
63250,983,1031
63251,980,1033
63252,982,1035
63253,981,1039
63254,982,1037
63255,978,1035
63256,978,1033
63257,976,1033
63258,976,1035
63259,980,1037
63260,983,1036
63261,981,1033
63262,977,1028
63263,979,1029
63264,980,1030
63265,983,1030
63266,985,1026
63267,982,1025
63268,979,1024
63269,981,1026
63270,988,1027
63271,990,1026
63272,991,1026
63273,987,1023
63274,983,1020
63275,982,1021
63276,985,1023
63277,986,1023
63278,988,1023
63279,988,1021
63280,986,1018
63281,985,1019
63282,988,1020
63283,986,1025
63284,987,1025
63285,986,1022
63286,985,1019
63287,985,1018
63288,986,1023
63289,990,1024
63290,994,1024
63291,989,1024
63292,986,1021
63293,985,1021
63294,986,1026
63295,991,1029
63296,991,1028
63297,989,1026
63298,988,1023
63299,986,1023
63300,985,1026
63301,987,1029
63302,989,1030
63303,985,1026
63304,984,1025
63305,982,1026
63306,981,1028
63307,981,1028
63308,983,1029
63309,982,1024
63310,980,1025
63311,976,1023
63312,978,1027
63313,979,1030
63314,981,1030
63315,980,1029
63316,977,1027
63317,977,1027
63318,980,1028
63319,982,1030
63320,982,1030
63321,978,1027
63322,974,1028
63323,976,1028
63324,982,1030
63325,981,1032
63326,985,1032
63327,985,1030
63328,982,1026
63329,980,1029
63330,979,1030
63331,980,1035
63332,982,1031
63333,979,1031
63334,979,1027
63335,974,1027
63336,975,1029
63337,978,1032
63338,981,1033
63339,980,1032
63340,977,1029
63341,975,1030
63342,977,1033
63343,979,1031
63344,980,1032
63345,981,1031
63346,982,1027
63347,982,1029
63348,982,1032
63349,985,1031
63350,988,1032
63351,992,1024
63352,997,1018
63353,1008,1019
63354,1023,1020
63355,1043,1021
63356,1071,1020
63357,1101,1013
63358,1137,1005
63359,1179,998
63360,1224,992
63361,1264,999
63362,1301,1000
63363,1320,1011
63364,1320,1020
63365,1293,1028
63366,1247,1030
63367,1196,1033
63368,1141,1038
63369,1078,1044
63370,1010,1051
63371,952,1056
63372,926,1062
63373,930,1062
63374,945,1054
63375,957,1042
63376,961,1034
63377,968,1032
63378,970,1029
63379,973,1029
63380,973,1028
63381,967,1027
63382,962,1026
63383,959,1028
63384,960,1031
63385,963,1035
63386,966,1032
63387,963,1033
63388,962,1029
63389,960,1032
63390,960,1032
63391,962,1035
63392,962,1033
63393,959,1032
63394,956,1028
63395,952,1030
63396,954,1032
63397,959,1035
63398,957,1032
63399,958,1031
63400,959,1030
63401,958,1030
63402,961,1035
63403,963,1036
63404,962,1036
63405,961,1032
63406,959,1030
63407,960,1030
63408,964,1034
63409,965,1034
63410,968,1032
63411,966,1030
63412,964,1027
63413,963,1026
63414,961,1031
63415,964,1035
63416,965,1035
63417,965,1031
63418,962,1030
63419,962,1031
63420,964,1031
63421,969,1034
63422,973,1035
63423,972,1031
63424,971,1029
63425,967,1028
63426,966,1029
63427,973,1031
63428,974,1031
63429,974,1030
63430,974,1027
63431,970,1027
63432,974,1027
63433,978,1030
63434,980,1027
63435,980,1024
63436,979,1022
63437,978,1020
63438,982,1020
63439,985,1021
63440,988,1016
63441,990,1015
63442,986,1010
63443,984,1008
63444,985,1011
63445,990,1010
63446,993,1009
63447,992,1003
63448,992,1000
63449,991,1000
63450,992,1000
63451,995,1002
63452,1000,1001
63453,1000,997
63454,995,993
63455,994,991
63456,993,993
63457,998,995
63458,1001,993
63459,1002,991
63460,1002,987
63461,999,986
63462,1004,989
63463,1006,995
63464,1005,995
63465,1005,993
63466,1005,992
63467,1002,993
63468,1005,1000
63469,1007,1003
63470,1006,1003
63471,1005,1004
63472,999,1003
63473,1000,1006
63474,1003,1011
63475,1003,1016
63476,1004,1017
63477,998,1016
63478,997,1018
63479,996,1021
63480,995,1025
63481,994,1029
63482,991,1030
63483,990,1032
63484,985,1033
63485,982,1033
63486,981,1038
63487,980,1042
63488,983,1041
63489,980,1041
63490,976,1039
63491,974,1042
63492,972,1044
63493,974,1044
63494,972,1042
63495,971,1039
63496,968,1038
63497,964,1039
63498,967,1041
63499,969,1046
63500,972,1042
63501,972,1038
63502,968,1036
63503,967,1038
63504,968,1039
63505,972,1041
63506,972,1039
63507,969,1037
63508,966,1033
63509,966,1035
63510,966,1039
63511,973,1042
63512,976,1040
63513,976,1036
63514,975,1033
63515,971,1036
63516,973,1038
63517,976,1040
63518,978,1039
63519,978,1036
63520,976,1033
63521,974,1035
63522,978,1036
63523,978,1038
63524,981,1037
63525,979,1034
63526,978,1031
63527,977,1035
63528,981,1036
63529,982,1040
63530,982,1039
63531,981,1037
63532,981,1037
63533,982,1033
63534,982,1039
63535,984,1038
63536,984,1036
63537,980,1036
63538,977,1029
63539,981,1028
63540,982,1030
63541,984,1034
63542,986,1035
63543,986,1032
63544,984,1028
63545,980,1031
63546,979,1035
63547,977,1038
63548,981,1034
63549,979,1033
63550,978,1031
63551,977,1031
63552,980,1034
63553,983,1037
63554,980,1035
63555,979,1034
63556,977,1030
63557,975,1032
63558,975,1032
63559,981,1038
63560,982,1038
63561,983,1038
63562,978,1035
63563,976,1036
63564,976,1037
63565,978,1043
63566,983,1039
63567,984,1039
63568,978,1035
63569,979,1038
63570,982,1040
63571,984,1043
63572,984,1039
63573,985,1038
63574,982,1032
63575,983,1038
63576,983,1040
63577,987,1039
63578,988,1040
63579,988,1034
63580,989,1032
63581,993,1031
63582,998,1031
63583,1012,1032
63584,1026,1031
63585,1044,1028
63586,1069,1025
63587,1104,1020
63588,1147,1017
63589,1195,1013
63590,1237,1010
63591,1278,1004
63592,1307,1010
63593,1327,1024
63594,1321,1038
63595,1293,1045
63596,1237,1047
63597,1165,1046
63598,1089,1051
63599,1017,1059
63600,965,1060
63601,943,1062
63602,944,1055
63603,954,1049
63604,966,1038
63605,970,1034
63606,974,1032
63607,976,1033
63608,975,1035
63609,977,1031
63610,974,1031
63611,972,1034
63612,967,1036
63613,972,1037
63614,969,1036
63615,968,1035
63616,966,1035
63617,962,1033
63618,964,1036
63619,969,1040
63620,969,1040
63621,971,1038
63622,965,1035
63623,960,1034
63624,961,1040
63625,965,1046
63626,972,1042
63627,973,1039
63628,970,1036
63629,967,1038
63630,969,1040
63631,973,1040
63632,977,1039
63633,976,1036
63634,973,1036
63635,968,1035
63636,969,1040
63637,973,1046
63638,975,1045
63639,976,1040
63640,971,1039
63641,972,1040
63642,970,1042
63643,973,1046
63644,975,1045
63645,974,1042
63646,970,1038
63647,968,1037
63648,970,1037
63649,976,1039
63650,976,1037
63651,976,1034
63652,972,1033
63653,970,1032
63654,971,1035
63655,974,1035
63656,977,1032
63657,979,1031
63658,977,1028
63659,979,1027
63660,982,1027
63661,987,1030
63662,988,1030
63663,985,1027
63664,985,1024
63665,987,1023
63666,991,1026
63667,997,1026
63668,997,1022
63669,998,1020
63670,996,1017
63671,997,1016
63672,999,1017
63673,1002,1018
63674,1004,1015
63675,1005,1014
63676,1004,1011
63677,1005,1010
63678,1007,1012
63679,1012,1015
63680,1017,1014
63681,1014,1010
63682,1010,1007
63683,1012,1010
63684,1015,1011
63685,1015,1014
63686,1019,1011
63687,1021,1011
63688,1018,1008
63689,1015,1010
63690,1017,1010
63691,1019,1014
63692,1021,1013
63693,1018,1011
63694,1014,1007
63695,1011,1010
63696,1012,1014
63697,1014,1016
63698,1013,1017
63699,1011,1017
63700,1009,1016
63701,1004,1020
63702,1003,1025
63703,1002,1029
63704,1003,1031
63705,1000,1032
63706,997,1029
63707,997,1031
63708,995,1035
63709,997,1040
63710,994,1039
63711,991,1039
63712,986,1040
63713,982,1040
63714,985,1043
63715,988,1047
63716,987,1046
63717,985,1042
63718,982,1040
63719,979,1045
63720,978,1044
63721,982,1051
63722,982,1048
63723,982,1046
63724,979,1045
63725,981,1043
63726,981,1048
63727,982,1052
63728,981,1051
63729,980,1048
63730,979,1045
63731,980,1047
63732,980,1049
63733,985,1048
63734,984,1048
63735,982,1044
63736,980,1043
63737,980,1042
63738,982,1045
63739,985,1046
63740,987,1045
63741,986,1044
63742,984,1038
63743,981,1042
63744,985,1042
63745,986,1043
63746,986,1045
63747,983,1041
63748,981,1040
63749,980,1039
63750,979,1041
63751,984,1044
63752,988,1042
63753,988,1041
63754,989,1036
63755,986,1038
63756,987,1042
63757,991,1045
63758,990,1043
63759,990,1044
63760,989,1042
63761,989,1042
63762,989,1043
63763,990,1050
63764,994,1048
63765,995,1044
63766,989,1041
63767,989,1043
63768,987,1043
63769,988,1046
63770,989,1046
63771,988,1041
63772,988,1041
63773,985,1041
63774,987,1045
63775,986,1045
63776,988,1045
63777,989,1042
63778,983,1039
63779,984,1041
63780,986,1042
63781,987,1044
63782,987,1042
63783,988,1040
63784,985,1036
63785,986,1039
63786,987,1042
63787,989,1044
63788,987,1043
63789,988,1039
63790,982,1035
63791,983,1038
63792,986,1040
63793,989,1042
63794,986,1041
63795,988,1039
63796,986,1037
63797,983,1037
63798,986,1040
63799,986,1044
63800,988,1043
63801,983,1040
63802,977,1036
63803,977,1037
63804,981,1041
63805,986,1044
63806,986,1044
63807,985,1042
63808,980,1041
63809,982,1043
63810,983,1046
63811,988,1049
63812,986,1047
63813,989,1043
63814,986,1041
63815,983,1041
63816,985,1044
63817,990,1047
63818,989,1045
63819,989,1043
63820,988,1043
63821,987,1040
63822,986,1044
63823,988,1047
63824,991,1043
63825,994,1040
63826,991,1037
63827,992,1036
63828,999,1036
63829,1008,1034
63830,1019,1030
63831,1028,1026
63832,1045,1025
63833,1061,1024
63834,1088,1027
63835,1120,1023
63836,1151,1017
63837,1183,1011
63838,1214,1005
63839,1244,1001
63840,1277,1008
63841,1303,1017
63842,1318,1027
63843,1315,1036
63844,1295,1040
63845,1251,1042
63846,1195,1046
63847,1137,1051
63848,1078,1060
63849,1016,1062
63850,968,1064
63851,943,1066
63852,943,1067
63853,955,1060
63854,966,1055
63855,975,1046
63856,975,1040
63857,974,1038
63858,974,1038
63859,973,1039
63860,975,1035
63861,969,1033
63862,968,1033
63863,964,1036
63864,966,1036
63865,969,1037
63866,969,1037
63867,968,1038
63868,965,1038
63869,960,1037
63870,965,1040
63871,967,1044
63872,970,1044
63873,970,1042
63874,967,1037
63875,966,1039
63876,966,1041
63877,966,1043
63878,966,1041
63879,963,1037
63880,961,1034
63881,962,1035
63882,961,1037
63883,967,1039
63884,966,1039
63885,963,1038
63886,957,1035
63887,959,1034
63888,962,1037
63889,963,1038
63890,964,1035
63891,962,1032
63892,958,1030
63893,957,1034
63894,957,1035
63895,962,1036
63896,963,1036
63897,962,1032
63898,959,1031
63899,956,1031
63900,958,1032
63901,961,1036
63902,964,1035
63903,962,1034
63904,963,1031
63905,964,1033
63906,963,1033
63907,969,1036
63908,971,1034
63909,969,1034
63910,968,1030
63911,969,1031
63912,974,1033
63913,974,1035
63914,975,1034
63915,973,1032
63916,976,1029
63917,979,1029
63918,981,1031
63919,986,1032
63920,985,1032
63921,984,1028
63922,983,1024
63923,984,1024
63924,985,1025
63925,988,1028
63926,989,1023
63927,991,1018
63928,990,1016
63929,988,1014
63930,992,1014
63931,996,1015
63932,996,1013
63933,999,1007
63934,995,1005
63935,995,1007
63936,997,1008
63937,1000,1010
63938,1002,1007
63939,1003,1000
63940,998,997
63941,997,997
63942,999,1001
63943,1001,1006
63944,1004,1005
63945,1005,1002
63946,1003,1000
63947,1001,996
63948,1003,1002
63949,1006,1006
63950,1003,1006
63951,1005,1006
63952,1000,1005
63953,1000,1010
63954,1002,1013
63955,1001,1016
63956,1002,1015
63957,1000,1013
63958,996,1013
63959,994,1015
63960,994,1019
63961,993,1026
63962,994,1028
63963,991,1025
63964,987,1025
63965,983,1029
63966,984,1037
63967,984,1039
63968,983,1040
63969,981,1038
63970,975,1038
63971,973,1040
63972,973,1043
63973,976,1044
63974,977,1043
63975,977,1042
63976,973,1041
63977,973,1041
63978,975,1043
63979,977,1047
63980,982,1049
63981,986,1045
63982,980,1043
63983,982,1049
63984,984,1051
63985,989,1050
63986,994,1049
63987,995,1044
63988,996,1042
63989,999,1042
63990,1005,1046
63991,1012,1054
63992,1017,1054
63993,1021,1052
63994,1028,1046
63995,1036,1042
63996,1053,1037
63997,1071,1025
63998,1084,1010
63999,1094,991
64000,1108,978
64001,1122,965
64002,1140,956
64003,1158,944
64004,1173,925
64005,1187,900
64006,1202,879
64007,1218,865
64008,1238,849
64009,1254,840
64010,1265,830
64011,1265,824
64012,1262,820
64013,1256,821
64014,1252,822
64015,1251,823
64016,1244,820
64017,1233,818
64018,1220,818
64019,1196,821
64020,1177,828
64021,1159,838
64022,1135,843
64023,1111,852
64024,1084,864
64025,1063,877
64026,1049,893
64027,1043,908
64028,1040,920
64029,1036,931
64030,1032,941
64031,1023,955
64032,1024,966
64033,1028,979
64034,1041,989
64035,1053,993
64036,1065,996
64037,1073,1002
64038,1072,1010
64039,1062,1019
64040,1038,1027
64041,1005,1034
64042,970,1036
64043,949,1044
64044,940,1052
64045,934,1061
64046,932,1070
64047,927,1073
64048,918,1075
64049,914,1079
64050,912,1084
64051,910,1089
64052,908,1092
64053,902,1089
64054,895,1091
64055,889,1095
64056,889,1101
64057,890,1105
64058,890,1105
64059,887,1104
64060,885,1106
64061,884,1107
64062,885,1110
64063,885,1117
64064,883,1118
64065,883,1118
64066,880,1113
64067,873,1116
64068,877,1116
64069,879,1119
64070,879,1120
64071,877,1118
64072,873,1116
64073,871,1122
64074,871,1127
64075,874,1133
64076,872,1132
64077,871,1131
64078,869,1131
64079,871,1136
64080,872,1139
64081,874,1146
64082,875,1146
64083,873,1145
64084,871,1146
64085,868,1148
64086,871,1150
64087,872,1157
64088,871,1157
64089,868,1157
64090,868,1155
64091,866,1160
64092,869,1165
64093,869,1172
64094,873,1170
64095,869,1166
64096,867,1163
64097,867,1167
64098,871,1168
64099,878,1173
64100,879,1173
64101,880,1171
64102,880,1168
64103,882,1170
64104,888,1170
64105,890,1173
64106,893,1173
64107,894,1168
64108,895,1164
64109,899,1162
64110,906,1159
64111,913,1157
64112,917,1151
64113,917,1144
64114,917,1136
64115,921,1133
64116,926,1130
64117,932,1126
64118,936,1125
64119,938,1119
64120,938,1114
64121,940,1108
64122,945,1108
64123,952,1109
64124,955,1103
64125,957,1097
64126,954,1092
64127,953,1091
64128,955,1090
64129,957,1088
64130,959,1083
64131,959,1079
64132,957,1074
64133,956,1070
64134,958,1069
64135,963,1073
64136,963,1070
64137,961,1065
64138,955,1058
64139,953,1060
64140,954,1062
64141,959,1063
64142,961,1062
64143,960,1058
64144,959,1054
64145,958,1052
64146,961,1053
64147,965,1054
64148,965,1053
64149,963,1051
64150,960,1046
64151,956,1042
64152,961,1043
64153,966,1042
64154,968,1043
64155,968,1042
64156,964,1038
64157,964,1039
64158,966,1043
64159,969,1042
64160,971,1040
64161,968,1036
64162,965,1031
64163,964,1034
64164,967,1038
64165,971,1039
64166,972,1038
64167,971,1038
64168,968,1036
64169,969,1039
64170,972,1040
64171,975,1043
64172,974,1043
64173,974,1040
64174,972,1038
64175,974,1040
64176,977,1042
64177,979,1046
64178,980,1045
64179,978,1046
64180,976,1044
64181,975,1046
64182,976,1050
64183,979,1051
64184,979,1049
64185,978,1049
64186,974,1047
64187,975,1045
64188,978,1045
64189,980,1051
64190,980,1043
64191,977,1042
64192,975,1037
64193,975,1039
64194,980,1039
64195,981,1039
64196,981,1036
64197,979,1037
64198,976,1034
64199,975,1035
64200,977,1036
64201,979,1038
64202,980,1036
64203,978,1033
64204,971,1031
64205,973,1037
64206,973,1039
64207,981,1039
64208,982,1037
64209,979,1037
64210,980,1034
64211,976,1037
64212,976,1041
64213,978,1045
64214,980,1041
64215,981,1040
64216,976,1036
64217,970,1036
64218,973,1041
64219,980,1046
64220,981,1048
64221,981,1045
64222,977,1041
64223,975,1041
64224,975,1045
64225,977,1049
64226,980,1045
64227,977,1041
64228,974,1038
64229,970,1037
64230,973,1044
64231,977,1047
64232,979,1047
64233,974,1048
64234,968,1046
64235,967,1048
64236,972,1050
64237,976,1050
64238,976,1045
64239,975,1045
64240,977,1041
64241,974,1045
64242,975,1042
64243,977,1046
64244,979,1044
64245,979,1038
64246,975,1038
64247,976,1036
64248,978,1039
64249,981,1038
64250,984,1039
64251,980,1036
64252,976,1031
64253,974,1034
64254,973,1034
64255,976,1038
64256,976,1036
64257,976,1030
64258,973,1029
64259,974,1030
64260,975,1033
64261,977,1036
64262,975,1034
64263,975,1036
64264,973,1031
64265,974,1035
64266,976,1038
64267,978,1040
64268,979,1038
64269,978,1034
64270,976,1032
64271,977,1037
64272,982,1043
64273,983,1045
64274,984,1046
64275,981,1041
64276,977,1039
64277,977,1036
64278,980,1038
64279,980,1041
64280,981,1039
64281,980,1036
64282,981,1036
64283,984,1043
64284,986,1049
64285,988,1056
64286,989,1049
64287,991,1042
64288,993,1036
64289,1001,1033
64290,1015,1033
64291,1033,1033
64292,1054,1030
64293,1077,1026
64294,1101,1022
64295,1130,1017
64296,1166,1012
64297,1201,1009
64298,1237,1012
64299,1266,1014
64300,1283,1027
64301,1288,1044
64302,1277,1054
64303,1249,1060
64304,1203,1059
64305,1150,1060
64306,1098,1063
64307,1045,1068
64308,995,1071
64309,965,1077
64310,953,1074
64311,955,1065
64312,961,1050
64313,969,1043
64314,975,1038
64315,980,1039
64316,979,1037
64317,978,1034
64318,974,1032
64319,974,1038
64320,973,1042
64321,974,1047
64322,971,1049
64323,967,1042
64324,962,1038
64325,960,1036
64326,960,1034
64327,960,1037
64328,960,1035
64329,956,1035
64330,953,1035
64331,953,1037
64332,961,1038
64333,965,1040
64334,966,1040
64335,959,1035
64336,953,1038
64337,950,1042
64338,955,1043
64339,956,1046
64340,958,1042
64341,955,1040
64342,956,1039
64343,956,1041
64344,958,1045
64345,963,1047
64346,964,1046
64347,963,1042
64348,960,1042
64349,961,1046
64350,962,1046
64351,964,1049
64352,966,1048
64353,964,1043
64354,962,1040
64355,959,1041
64356,962,1043
64357,964,1043
64358,967,1042
64359,965,1038
64360,960,1036
64361,958,1036
64362,961,1039
64363,968,1039
64364,970,1035
64365,966,1032
64366,965,1030
64367,968,1029
64368,967,1034
64369,972,1036
64370,975,1032
64371,970,1030
64372,972,1025
64373,972,1023
64374,976,1026
64375,981,1027
64376,982,1027
64377,983,1023
64378,983,1019
64379,983,1020
64380,984,1026
64381,986,1029
64382,985,1032
64383,984,1034
64384,986,1030
64385,985,1025
64386,989,1020
64387,990,1014
64388,992,1009
64389,992,1007
64390,991,1005
64391,989,1006
64392,991,1012
64393,996,1014
64394,995,1012
64395,997,1011
64396,997,1008
64397,999,1006
64398,1005,1011
64399,1013,1012
64400,1010,1013
64401,1006,1009
64402,999,1008
64403,1002,1007
64404,1007,1011
64405,1011,1009
64406,1010,1010
64407,1009,1004
64408,1007,1004
64409,1006,1009
64410,1004,1015
64411,1006,1019
64412,1006,1020
64413,1006,1022
64414,1006,1021
64415,1004,1025
64416,1004,1030
64417,1006,1034
64418,1003,1037
64419,1001,1037
64420,998,1033
64421,994,1037
64422,995,1041
64423,995,1046
64424,995,1050
64425,995,1051
64426,990,1054
64427,990,1057
64428,993,1056
64429,1000,1048
64430,996,1038
64431,991,1033
64432,979,1033
64433,974,1039
64434,979,1045
64435,983,1049
64436,986,1046
64437,983,1044
64438,981,1043
64439,979,1047
64440,982,1049
64441,983,1051
64442,981,1051
64443,980,1046
64444,978,1045
64445,975,1047
64446,976,1049
64447,979,1053
64448,981,1052
64449,980,1047
64450,977,1046
64451,976,1044
64452,978,1047
64453,980,1048
64454,981,1047
64455,979,1046
64456,978,1045
64457,978,1047
64458,981,1050
64459,984,1054
64460,985,1049
64461,982,1045
64462,979,1037
64463,975,1036
64464,979,1038
64465,979,1039
64466,983,1035
64467,985,1037
64468,979,1038
64469,980,1045
64470,982,1045
64471,983,1043
64472,984,1035
64473,983,1030
64474,978,1025
64475,979,1030
64476,983,1032
64477,988,1036
64478,986,1034
64479,986,1034
64480,983,1035
64481,980,1037
64482,980,1041
64483,980,1043
64484,984,1045
64485,982,1042
64486,979,1039
64487,982,1039
64488,986,1038
64489,987,1039
64490,988,1037
64491,986,1033
64492,982,1031
64493,983,1036
64494,984,1042
64495,985,1045
64496,987,1042
64497,987,1039
64498,984,1036
64499,982,1037
64500,986,1041
64501,986,1044
64502,985,1044
64503,986,1041
64504,981,1042
64505,980,1044
64506,981,1046
64507,982,1048
64508,984,1042
64509,983,1041
64510,978,1041
64511,979,1041
64512,978,1045
64513,980,1050
64514,977,1052
64515,978,1049
64516,976,1048
64517,972,1045
64518,973,1046
64519,978,1043
64520,978,1040
64521,975,1040
64522,977,1038
64523,978,1041
64524,980,1042
64525,983,1043
64526,984,1038
64527,989,1034
64528,994,1024
64529,1006,1025
64530,1025,1026
64531,1045,1026
64532,1070,1025
64533,1106,1022
64534,1140,1015
64535,1178,1010
64536,1226,1012
64537,1263,1017
64538,1289,1025
64539,1299,1038
64540,1284,1043
64541,1246,1047
64542,1191,1049
64543,1133,1055
64544,1067,1062
64545,1005,1067
64546,963,1071
64547,944,1077
64548,952,1075
64549,965,1072
64550,973,1059
64551,978,1049
64552,973,1043
64553,972,1043
64554,969,1045
64555,970,1044
64556,968,1039
64557,968,1035
64558,968,1034
64559,965,1036
64560,960,1043
64561,962,1045
64562,962,1044
64563,960,1040
64564,955,1034
64565,958,1034
64566,957,1034
64567,961,1036
64568,958,1037
64569,957,1031
64570,953,1027
64571,952,1030
64572,955,1035
64573,954,1039
64574,955,1037
64575,952,1038
64576,948,1039
64577,950,1047
64578,950,1050
64579,955,1052
64580,956,1046
64581,952,1036
64582,951,1032
64583,951,1033
64584,953,1037
64585,957,1043
64586,959,1044
64587,960,1038
64588,957,1038
64589,959,1042
64590,962,1044
64591,965,1045
64592,967,1042
64593,967,1040
64594,963,1040
64595,963,1040
64596,963,1042
64597,968,1044
64598,969,1043
64599,972,1042
64600,968,1038
64601,970,1037
64602,971,1033
64603,976,1035
64604,974,1033
64605,970,1031
64606,969,1028
64607,970,1030
64608,972,1031
64609,980,1035
64610,980,1032
64611,979,1028
64612,977,1024
64613,974,1023
64614,978,1027
64615,983,1025
64616,985,1022
64617,982,1020
64618,980,1015
64619,980,1017
64620,982,1018
64621,986,1019
64622,987,1020
64623,981,1018
64624,981,1019
64625,981,1020
64626,981,1021
64627,987,1020
64628,987,1015
64629,988,1009
64630,985,1003
64631,986,1006
64632,986,1006
64633,988,1012
64634,987,1010
64635,989,1007
64636,990,1007
64637,992,1008
64638,996,1013
64639,1003,1016
64640,1003,1017
64641,1003,1017
64642,996,1015
64643,998,1019
64644,1000,1021
64645,1002,1027
64646,1002,1027
64647,1000,1025
64648,999,1021
64649,995,1023
64650,996,1027
64651,997,1030
64652,997,1026
64653,991,1026
64654,985,1026
64655,983,1031
64656,986,1038
64657,982,1042
64658,984,1045
64659,979,1042
64660,974,1043
64661,976,1048
64662,977,1051
64663,979,1054
64664,977,1053
64665,976,1051
64666,972,1051
64667,971,1052
64668,973,1053
64669,976,1058
64670,974,1057
64671,974,1051
64672,973,1050
64673,970,1050
64674,970,1050
64675,971,1051
64676,974,1051
64677,972,1047
64678,967,1044
64679,970,1047
64680,971,1049
64681,976,1051
64682,977,1048
64683,977,1044
64684,972,1044
64685,972,1043
64686,973,1047
64687,976,1052
64688,977,1052
64689,977,1050
64690,975,1045
64691,974,1045
64692,979,1049
64693,985,1048
64694,984,1047
64695,982,1044
64696,979,1042
64697,976,1044
64698,980,1047
64699,981,1049
64700,980,1046
64701,979,1042
64702,980,1042
64703,978,1043
64704,982,1046
64705,983,1050
64706,982,1049
64707,980,1046
64708,978,1045
64709,978,1046
64710,982,1045
64711,984,1050
64712,984,1048
64713,983,1046
64714,981,1045
64715,982,1045
64716,983,1048
64717,987,1050
64718,985,1050
64719,985,1046
64720,984,1043
64721,983,1046
64722,983,1048
64723,983,1050
64724,983,1049
64725,978,1047
64726,979,1046
64727,978,1046
64728,981,1048
64729,981,1049
64730,985,1045
64731,982,1044
64732,981,1044
64733,980,1042
64734,981,1044
64735,984,1044
64736,983,1043
64737,981,1041
64738,978,1040
64739,977,1039
64740,979,1043
64741,980,1046
64742,979,1046
64743,977,1044
64744,976,1038
64745,975,1039
64746,977,1040
64747,980,1042
64748,983,1041
64749,978,1039
64750,978,1038
64751,979,1038
64752,984,1043
64753,986,1045
64754,983,1045
64755,982,1041
64756,981,1041
64757,983,1038
64758,993,1036
64759,1006,1035
64760,1022,1033
64761,1038,1030
64762,1058,1031
64763,1086,1028
64764,1123,1026
64765,1164,1024
64766,1207,1017
64767,1242,1012
64768,1275,1013
64769,1294,1028
64770,1293,1042
64771,1269,1049
64772,1216,1048
64773,1144,1047
64774,1074,1055
64775,1012,1066
64776,967,1071
64777,949,1073
64778,951,1067
64779,962,1057
64780,969,1047
64781,971,1042
64782,977,1043
64783,974,1043
64784,974,1041
64785,970,1038
64786,967,1039
64787,964,1040
64788,965,1044
64789,967,1046
64790,968,1043
64791,965,1039
64792,960,1036
64793,960,1039
64794,959,1042
64795,962,1042
64796,964,1041
64797,960,1037
64798,956,1037
64799,954,1038
64800,959,1040
64801,961,1045
64802,962,1042
64803,960,1041
64804,956,1038
64805,957,1042
64806,960,1044
64807,963,1046
64808,961,1045
64809,960,1042
64810,957,1041
64811,955,1042
64812,957,1043
64813,962,1043
64814,962,1043
64815,957,1041
64816,956,1039
64817,957,1038
64818,961,1044
64819,964,1045
64820,966,1043
64821,964,1039
64822,960,1037
64823,958,1036
64824,960,1038
64825,964,1037
64826,966,1035
64827,962,1030
64828,962,1029
64829,963,1031
64830,967,1031
64831,971,1033
64832,969,1031
64833,971,1027
64834,970,1027
64835,974,1025
64836,975,1026
64837,976,1027
64838,979,1025
64839,978,1019
64840,976,1018
64841,976,1017
64842,980,1019
64843,985,1021
64844,985,1019
64845,983,1016
64846,984,1016
64847,985,1012
64848,989,1013
64849,992,1019
64850,994,1014
64851,992,1014
64852,993,1009
64853,992,1010
64854,995,1010
64855,997,1015
64856,1000,1012
64857,1000,1010
64858,999,1008
64859,998,1009
64860,1000,1010
64861,1004,1012
64862,1004,1011
64863,1004,1010
64864,1000,1008
64865,999,1011
64866,1003,1014
64867,1006,1018
64868,1006,1018
64869,1002,1018
64870,996,1017
64871,995,1022
64872,995,1026
64873,996,1030
64874,994,1034
64875,993,1031
64876,988,1031
64877,981,1032
64878,983,1037
64879,982,1040
64880,978,1040
64881,973,1038
64882,972,1035
64883,971,1037
64884,973,1040
64885,976,1046
64886,974,1043
64887,972,1043
64888,968,1040
64889,968,1041
64890,970,1045
64891,972,1045
64892,972,1045
64893,967,1042
64894,967,1041
64895,969,1043
64896,974,1046
64897,979,1045
64898,982,1047
64899,981,1044
64900,983,1042
64901,983,1042
64902,989,1048
64903,996,1047
64904,1004,1047
64905,1007,1047
64906,1007,1047
64907,1011,1048
64908,1016,1051
64909,1027,1053
64910,1039,1045
64911,1051,1031
64912,1059,1017
64913,1073,1003
64914,1090,994
64915,1109,981
64916,1126,964
64917,1139,946
64918,1152,931
64919,1165,912
64920,1186,893
64921,1208,872
64922,1224,856
64923,1240,841
64924,1245,829
64925,1247,827
64926,1245,824
64927,1239,827
64928,1235,822
64929,1221,818
64930,1206,814
64931,1190,816
64932,1171,820
64933,1151,830
64934,1130,832
64935,1101,841
64936,1079,849
64937,1057,864
64938,1040,881
64939,1034,901
64940,1032,914
64941,1029,927
64942,1021,938
64943,1019,953
64944,1026,966
64945,1036,980
64946,1053,987
64947,1070,992
64948,1075,997
64949,1066,1005
64950,1045,1014
64951,1010,1025
64952,969,1036
64953,940,1048
64954,927,1057
64955,919,1070
64956,919,1082
64957,916,1085
64958,915,1087
64959,908,1085
64960,901,1089
64961,894,1091
64962,895,1094
64963,892,1099
64964,889,1103
64965,887,1101
64966,885,1098
64967,885,1103
64968,882,1108
64969,881,1112
64970,879,1113
64971,876,1117
64972,871,1117
64973,870,1122
64974,870,1122
64975,871,1128
64976,868,1129
64977,867,1128
64978,863,1125
64979,860,1131
64980,860,1136
64981,863,1140
64982,861,1139
64983,858,1137
64984,854,1138
64985,851,1140
64986,852,1144
64987,854,1149
64988,855,1151
64989,855,1150
64990,853,1150
64991,852,1153
64992,856,1156
64993,858,1159
64994,861,1162
64995,861,1163
64996,855,1164
64997,854,1167
64998,860,1172
64999,865,1175
65000,869,1177
65001,866,1176
65002,866,1174
65003,868,1178
65004,870,1181
65005,874,1184
65006,877,1181
65007,875,1181
65008,878,1180
65009,880,1179
65010,883,1181
65011,884,1178
65012,888,1174
65013,892,1168
65014,894,1163
65015,897,1162
65016,901,1159
65017,908,1158
65018,914,1150
65019,914,1143
65020,914,1138
65021,917,1130
65022,917,1130
65023,925,1126
65024,925,1119
65025,925,1114
65026,924,1105
65027,924,1101
65028,926,1098
65029,926,1097
65030,928,1092
65031,928,1085
65032,926,1077
65033,927,1076
65034,927,1075
65035,936,1072
65036,934,1070
65037,936,1065
65038,934,1060
65039,933,1063
65040,937,1061
65041,939,1065
65042,939,1062
65043,937,1059
65044,936,1058
65045,939,1057
65046,944,1062
65047,948,1061
65048,947,1057
65049,946,1053
65050,944,1051
65051,944,1054
65052,945,1055
65053,951,1056
65054,948,1056
65055,944,1051
65056,942,1050
65057,944,1051
65058,951,1054
65059,955,1054
65060,954,1049
65061,949,1049
65062,944,1047
65063,946,1049
65064,950,1051
65065,954,1053
65066,956,1050
65067,957,1044
65068,953,1041
65069,951,1044
65070,953,1047
65071,956,1046
65072,956,1045
65073,951,1043
65074,950,1042
65075,953,1042
65076,959,1042
65077,960,1044
65078,958,1043
65079,954,1039
65080,947,1037
65081,946,1041
65082,951,1045
65083,955,1047
65084,955,1046
65085,954,1043
65086,950,1040
65087,951,1045
65088,954,1049
65089,958,1052
65090,957,1051
65091,954,1048
65092,949,1046
65093,950,1049
65094,952,1050
65095,955,1051
65096,954,1050
65097,956,1047
65098,952,1046
65099,952,1046
65100,951,1049
65101,958,1049
65102,956,1047
65103,953,1043
65104,949,1041
65105,946,1041
65106,952,1047
65107,958,1048
65108,958,1045
65109,950,1042
65110,946,1037
65111,946,1039
65112,955,1046
65113,960,1044
65114,961,1043
65115,957,1042
65116,955,1038
65117,953,1040
65118,955,1046
65119,958,1043
65120,956,1043
65121,952,1040
65122,950,1041
65123,947,1044
65124,950,1045
65125,951,1044
65126,951,1042
65127,952,1039
65128,948,1036
65129,948,1040
65130,951,1040
65131,955,1045
65132,954,1042
65133,951,1041
65134,949,1037
65135,949,1039
65136,952,1039
65137,954,1041
65138,955,1043
65139,952,1039
65140,944,1039
65141,943,1039
65142,943,1042
65143,944,1042
65144,946,1042
65145,947,1037
65146,944,1034
65147,946,1036
65148,946,1037
65149,949,1038
65150,950,1038
65151,948,1036
65152,948,1037
65153,948,1040
65154,949,1042
65155,952,1045
65156,956,1043
65157,953,1040
65158,951,1039
65159,946,1041
65160,949,1045
65161,953,1044
65162,955,1043
65163,951,1039
65164,949,1038
65165,951,1039
65166,952,1041
65167,953,1045
65168,952,1040
65169,949,1040
65170,946,1040
65171,945,1039
65172,952,1042
65173,957,1043
65174,957,1043
65175,952,1038
65176,947,1037
65177,948,1037
65178,951,1042
65179,954,1044
65180,958,1045
65181,960,1041
65182,959,1035
65183,954,1036
65184,962,1041
65185,962,1042
65186,960,1038
65187,956,1038
65188,956,1036
65189,954,1039
65190,957,1040
65191,959,1040
65192,962,1038
65193,961,1033
65194,954,1032
65195,954,1034
65196,952,1033
65197,954,1038
65198,954,1036
65199,952,1034
65200,949,1032
65201,949,1034
65202,949,1034
65203,952,1037
65204,954,1037
65205,954,1032
65206,951,1034
65207,949,1032
65208,953,1037
65209,957,1038
65210,958,1037
65211,958,1037
65212,955,1033
65213,954,1032
65214,957,1038
65215,960,1040
65216,960,1037
65217,961,1035
65218,958,1033
65219,955,1034
65220,957,1038
65221,957,1042
65222,960,1040
65223,958,1038
65224,958,1037
65225,957,1037
65226,961,1040
65227,963,1043
65228,966,1041
65229,965,1037
65230,964,1035
65231,969,1031
65232,978,1029
65233,991,1026
65234,1003,1021
65235,1016,1018
65236,1035,1011
65237,1064,1011
65238,1102,1006
65239,1141,1001
65240,1180,996
65241,1219,995
65242,1250,1005
65243,1271,1023
65244,1269,1039
65245,1243,1042
65246,1187,1040
65247,1123,1040
65248,1055,1049
65249,990,1059
65250,944,1067
65251,926,1073
65252,925,1067
65253,937,1056
65254,945,1046
65255,951,1041
65256,955,1041
65257,956,1039
65258,957,1036
65259,952,1034
65260,949,1030
65261,945,1027
65262,947,1029
65263,947,1033
65264,944,1034
65265,940,1030
65266,936,1030
65267,939,1030
65268,940,1032
65269,940,1033
65270,943,1035
65271,941,1029
65272,936,1032
65273,939,1033
65274,940,1036
65275,943,1038
65276,941,1038
65277,939,1037
65278,936,1033
65279,938,1038
65280,940,1040
65281,946,1042
65282,944,1038
65283,943,1034
65284,938,1031
65285,938,1033
65286,940,1031
65287,941,1034
65288,943,1033
65289,943,1029
65290,942,1029
65291,939,1030
65292,944,1031
65293,945,1034
65294,944,1031
65295,940,1028
65296,940,1026
65297,941,1026
65298,944,1029
65299,946,1031
65300,946,1030
65301,947,1030
65302,944,1026
65303,943,1027
65304,944,1028
65305,946,1029
65306,947,1027
65307,945,1025
65308,945,1020
65309,945,1019
65310,950,1024
65311,954,1026
65312,954,1024
65313,954,1019
65314,951,1016
65315,951,1017
65316,954,1019
65317,957,1021
65318,959,1019
65319,959,1017
65320,958,1010
65321,962,1013
65322,962,1014
65323,967,1018
65324,968,1015
65325,967,1010
65326,966,1009
65327,966,1011
65328,967,1012
65329,971,1014
65330,974,1009
65331,974,1003
65332,973,1000
65333,974,1001
65334,976,1002
65335,980,1005
65336,982,1002
65337,980,998
65338,978,996
65339,981,995
65340,984,1000
65341,992,1001
65342,993,1001
65343,993,999
65344,990,997
65345,986,999
65346,992,1002
65347,994,1005
65348,995,1009
65349,996,1010
65350,993,1006
65351,992,1009
65352,996,1011
65353,995,1015
65354,992,1017
65355,989,1018
65356,983,1018
65357,982,1023
65358,985,1026
65359,984,1027
65360,984,1027
65361,981,1027
65362,978,1031
65363,975,1031
65364,975,1036
65365,975,1042
65366,973,1038
65367,971,1039
65368,967,1038
65369,966,1041
65370,968,1044
65371,970,1047
65372,966,1045
65373,966,1043
65374,961,1042
65375,961,1045
65376,963,1051
65377,965,1052
65378,965,1050
65379,964,1048
65380,964,1043
65381,964,1041
65382,966,1042
65383,970,1045
65384,971,1041
65385,968,1038
65386,965,1039
65387,966,1039
65388,964,1042
65389,968,1044
65390,968,1046
65391,969,1042
65392,967,1040
65393,966,1044
65394,969,1046
65395,968,1046
65396,968,1044
65397,966,1037
65398,965,1038
65399,966,1037
65400,968,1040
65401,971,1039
65402,971,1039
65403,971,1037
65404,967,1037
65405,967,1037
65406,967,1040
65407,970,1040
65408,969,1036
65409,966,1035
65410,965,1031
65411,969,1033
65412,970,1034
65413,974,1038
65414,971,1039
65415,968,1035
65416,964,1034
65417,964,1037
65418,969,1038
65419,969,1040
65420,971,1038
65421,967,1034
65422,962,1033
65423,963,1037
65424,966,1041
65425,968,1042
65426,972,1041
65427,972,1036
65428,969,1033
65429,970,1036
65430,972,1040
65431,972,1043
65432,974,1043
65433,970,1040
65434,966,1036
65435,966,1038
65436,966,1041
65437,970,1042
65438,969,1042
65439,968,1043
65440,968,1042
65441,967,1042
65442,968,1045
65443,970,1046
65444,969,1043
65445,966,1039
65446,961,1037
65447,963,1039
65448,966,1044
65449,968,1048
65450,970,1042
65451,967,1040
65452,966,1036
65453,965,1039
65454,967,1039
65455,970,1040
65456,973,1039
65457,974,1033
65458,980,1031
65459,995,1029
65460,1018,1033
65461,1041,1034
65462,1071,1030
65463,1102,1023
65464,1137,1015
65465,1180,1015
65466,1226,1017
65467,1267,1024
65468,1295,1035
65469,1303,1049
65470,1281,1054
65471,1240,1057
65472,1185,1057
65473,1124,1065
65474,1058,1070
65475,996,1074
65476,947,1075
65477,925,1075
65478,929,1075
65479,944,1069
65480,955,1059
65481,961,1050
65482,962,1043
65483,961,1041
65484,961,1041
65485,959,1044
65486,956,1044
65487,954,1044
65488,949,1040
65489,943,1044
65490,946,1045
65491,946,1048
65492,948,1046
65493,944,1042
65494,941,1041
65495,939,1040
65496,943,1044
65497,944,1047
65498,944,1045
65499,940,1043
65500,939,1043
65501,939,1043
65502,940,1045
65503,946,1046
65504,944,1045
65505,940,1046
65506,937,1044
65507,936,1047
65508,938,1047
65509,942,1048
65510,944,1046
65511,941,1044
65512,942,1045
65513,942,1044
65514,942,1051
65515,947,1048
65516,946,1051
65517,945,1045
65518,942,1044
65519,942,1046
65520,946,1047
65521,950,1050
65522,948,1046
65523,944,1044
65524,942,1044
65525,943,1048
65526,947,1051
65527,952,1051
65528,952,1047
65529,951,1043
65530,948,1041
65531,950,1040
65532,954,1044
65533,959,1043
65534,957,1043
65535,959,1041
65536,956,1037
65537,956,1040
65538,961,1041
65539,963,1040
65540,962,1038
65541,959,1035
65542,957,1034
65543,958,1032
65544,962,1032
65545,966,1030
65546,970,1028
65547,968,1025
65548,965,1023
65549,967,1023
65550,968,1023
65551,969,1026
65552,969,1021
65553,969,1015
65554,967,1014
65555,967,1012
65556,972,1015
65557,975,1018
65558,978,1015
65559,975,1011
65560,970,1010
65561,970,1013
65562,977,1019
65563,980,1019
65564,981,1016
65565,982,1012
65566,978,1008
65567,979,1011
65568,981,1014
65569,984,1018
65570,986,1013
65571,984,1009
65572,979,1010
65573,979,1014
65574,983,1021
65575,983,1026
65576,980,1028
65577,977,1027
65578,976,1025
65579,975,1028
65580,975,1033
65581,976,1034
65582,979,1033
65583,975,1031
65584,970,1034
65585,968,1040
65586,969,1044
65587,969,1050
65588,967,1044
65589,963,1044
65590,956,1042
65591,954,1047
65592,954,1048
65593,957,1052
65594,954,1053
65595,953,1050
65596,950,1046
65597,952,1053
65598,951,1054
65599,956,1059
65600,954,1055
65601,950,1054
65602,950,1053
65603,949,1057
65604,950,1060
65605,953,1061
65606,956,1058
65607,955,1056
65608,953,1054
65609,950,1053
65610,955,1058
65611,957,1062
65612,959,1063
65613,957,1061
65614,954,1063
65615,955,1059
65616,958,1056
65617,963,1056
65618,964,1052
65619,961,1047
65620,956,1048
65621,955,1047
65622,958,1051
65623,960,1052
65624,959,1054
65625,955,1050
65626,954,1049
65627,957,1053
65628,961,1054
65629,965,1057
65630,962,1054
65631,961,1056
65632,958,1055
65633,960,1057
65634,964,1057
65635,961,1056
65636,965,1055
65637,964,1053
65638,958,1052
65639,957,1052
65640,959,1054
65641,961,1055
65642,960,1054
65643,955,1049
65644,953,1048
65645,952,1048
65646,952,1051
65647,955,1055
65648,955,1057
65649,956,1053
65650,950,1051
65651,950,1050
65652,951,1055
65653,955,1058
65654,957,1055
65655,955,1054
65656,951,1055
65657,951,1054
65658,953,1058
65659,955,1058
65660,955,1057
65661,958,1053
65662,957,1052
65663,958,1055
65664,959,1061
65665,962,1057
65666,961,1053
65667,957,1052
65668,956,1053
65669,957,1054
65670,958,1057
65671,960,1056
65672,958,1054
65673,954,1053
65674,951,1056
65675,952,1056
65676,955,1056
65677,959,1059
65678,962,1054
65679,959,1050
65680,955,1047
65681,956,1048
65682,959,1050
65683,960,1053
65684,959,1053
65685,957,1048
65686,955,1047
65687,954,1052
65688,960,1056
65689,960,1057
65690,957,1056
65691,953,1053
65692,952,1055
65693,952,1055
65694,955,1058
65695,961,1061
65696,961,1057
65697,960,1054
65698,955,1053
65699,957,1055
65700,956,1055
65701,956,1059
65702,954,1057
65703,952,1057
65704,952,1054
65705,956,1054
65706,962,1058
65707,967,1059
65708,969,1058
65709,972,1057
65710,976,1054
65711,981,1055
65712,994,1048
65713,1016,1048
65714,1039,1042
65715,1072,1035
65716,1103,1021
65717,1145,1014
65718,1185,1011
65719,1228,1015
65720,1262,1023
65721,1281,1038
65722,1273,1047
65723,1235,1054
65724,1181,1056
65725,1115,1061
65726,1042,1072
65727,976,1080
65728,926,1080
65729,910,1085
65730,920,1085
65731,936,1076
65732,951,1065
65733,957,1057
65734,954,1052
65735,953,1055
65736,951,1058
65737,955,1058
65738,952,1058
65739,950,1058
65740,946,1055
65741,945,1054
65742,947,1057
65743,951,1055
65744,951,1051
65745,947,1045
65746,944,1041
65747,940,1040
65748,940,1044
65749,942,1047
65750,945,1045
65751,945,1045
65752,943,1043
65753,944,1047
65754,946,1051
65755,948,1051
65756,946,1049
65757,943,1046
65758,940,1042
65759,939,1045
65760,939,1050
65761,941,1054
65762,939,1051
65763,940,1051
65764,935,1047
65765,936,1053
65766,939,1053
65767,943,1053
65768,945,1050
65769,944,1047
65770,939,1045
65771,940,1047
65772,943,1048
65773,946,1049
65774,946,1048
65775,945,1045
65776,944,1043
65777,944,1043
65778,947,1043
65779,950,1046
65780,952,1045
65781,948,1040
65782,943,1039
65783,943,1043
65784,945,1045
65785,952,1049
65786,953,1045
65787,953,1043
65788,952,1039
65789,955,1037
65790,959,1037
65791,961,1035
65792,961,1033
65793,960,1031
65794,963,1030
65795,965,1029
65796,963,1029
65797,967,1028
65798,970,1024
65799,969,1018
65800,963,1014
65801,961,1016
65802,967,1016
65803,974,1016
65804,976,1014
65805,973,1012
65806,970,1008
65807,972,1008
65808,978,1010
65809,980,1013
65810,979,1013
65811,976,1009
65812,975,1011
65813,976,1012
65814,979,1014
65815,983,1017
65816,982,1014
65817,981,1011
65818,980,1012
65819,985,1014
65820,986,1016
65821,987,1020
65822,989,1018
65823,988,1018
65824,985,1018
65825,986,1021
65826,987,1026
65827,992,1028
65828,988,1026
65829,986,1026
65830,983,1029
65831,982,1030
65832,980,1036
65833,981,1039
65834,980,1039
65835,976,1037
65836,973,1037
65837,973,1042
65838,970,1042
65839,973,1043
65840,970,1045
65841,965,1046
65842,960,1045
65843,958,1047
65844,960,1050
65845,964,1052
65846,963,1051
65847,963,1051
65848,960,1050
65849,963,1050
65850,965,1054
65851,967,1055
65852,963,1056
65853,960,1055
65854,956,1055
65855,955,1055
65856,959,1059
65857,962,1059
65858,962,1059
65859,962,1056
65860,964,1057
65861,964,1060
65862,970,1070
65863,978,1071
65864,982,1066
65865,986,1063
65866,987,1062
65867,987,1064
65868,994,1068
65869,1005,1068
65870,1014,1066
65871,1022,1057
65872,1032,1046
65873,1046,1038
65874,1057,1023
65875,1073,1013
65876,1088,1002
65877,1099,989
65878,1112,975
65879,1127,963
65880,1143,953
65881,1159,942
65882,1174,922
65883,1192,903
65884,1207,888
65885,1224,875
65886,1239,868
65887,1252,861
65888,1255,854
65889,1250,849
65890,1249,849
65891,1247,853
65892,1239,853
65893,1236,855
65894,1228,853
65895,1215,851
65896,1196,855
65897,1173,858
65898,1153,867
65899,1130,877
65900,1105,886
65901,1079,895
65902,1054,899
65903,1037,914
65904,1030,926
65905,1026,939
65906,1021,949
65907,1015,955
65908,1007,963
65909,1002,975
65910,1001,988
65911,1010,997
65912,1022,1005
65913,1031,1011
65914,1044,1012
65915,1058,1020
65916,1064,1022
65917,1055,1027
65918,1032,1031
65919,996,1034
65920,963,1041
65921,938,1051
65922,926,1062
65923,920,1071
65924,915,1078
65925,910,1082
65926,904,1084
65927,897,1088
65928,896,1091
65929,895,1095
65930,889,1095
65931,889,1096
65932,884,1096
65933,884,1099
65934,883,1104
65935,884,1105
65936,883,1105
65937,879,1105
65938,875,1106
65939,872,1108
65940,872,1112
65941,872,1116
65942,871,1117
65943,867,1117
65944,862,1117
65945,865,1120
65946,866,1125
65947,870,1129
65948,869,1131
65949,862,1126
65950,858,1127
65951,857,1129
65952,857,1134
65953,859,1138
65954,860,1137
65955,857,1134
65956,853,1138
65957,856,1142
65958,857,1150
65959,859,1159
65960,859,1162
65961,857,1159
65962,851,1160
65963,848,1156
65964,848,1155
65965,854,1155
65966,854,1157
65967,853,1159
65968,851,1157
65969,850,1162
65970,851,1168
65971,853,1172
65972,856,1176
65973,856,1178
65974,856,1173
65975,857,1176
65976,861,1176
65977,865,1174
65978,866,1172
65979,865,1169
65980,864,1167
65981,868,1169
65982,871,1172
65983,879,1173
65984,881,1172
65985,880,1166
65986,883,1163
65987,884,1162
65988,891,1163
65989,893,1166
65990,897,1163
65991,899,1159
65992,899,1155
65993,904,1152
65994,908,1150
65995,913,1149
65996,917,1144
65997,916,1138
65998,918,1134
65999,921,1130
66000,926,1128
66001,932,1126
66002,933,1121
66003,933,1115
66004,929,1110
66005,931,1110
66006,936,1108
66007,942,1107
66008,946,1104
66009,944,1099
66010,943,1096
66011,944,1091
66012,946,1090
66013,949,1086
66014,952,1083
66015,949,1077
66016,947,1075
66017,946,1075
66018,952,1076
66019,952,1078
66020,952,1072
66021,952,1070
66022,949,1067
66023,947,1067
66024,949,1070
66025,955,1068
66026,955,1064
66027,956,1064
66028,953,1062
66029,951,1062
66030,957,1064
66031,961,1066
66032,961,1061
66033,959,1059
66034,959,1058
66035,960,1059
66036,964,1061
66037,966,1062
66038,964,1060
66039,960,1061
66040,957,1061
66041,958,1061
66042,961,1062
66043,963,1060
66044,965,1059
66045,962,1056
66046,961,1054
66047,962,1058
66048,966,1061
66049,967,1063
66050,966,1061
66051,962,1063
66052,959,1062
66053,957,1061
66054,959,1068
66055,965,1071
66056,966,1068
66057,966,1065
66058,960,1063
66059,962,1063
66060,964,1065
66061,964,1065
66062,964,1063
66063,963,1056
66064,962,1052
66065,962,1054
66066,966,1055
66067,968,1058
66068,970,1056
66069,968,1053
66070,965,1052
66071,964,1052
66072,966,1057
66073,968,1058
66074,967,1058
66075,966,1054
66076,963,1055
66077,964,1053
66078,967,1059
66079,973,1060
66080,972,1057
66081,969,1054
66082,965,1054
66083,965,1054
66084,968,1058
66085,970,1058
66086,971,1055
66087,967,1055
66088,964,1053
66089,964,1056
66090,968,1060
66091,970,1061
66092,973,1062
66093,968,1060
66094,964,1057
66095,964,1057
66096,966,1057
66097,967,1059
66098,971,1055
66099,969,1053
66100,966,1053
66101,968,1055
66102,970,1059
66103,969,1060
66104,967,1059
66105,964,1052
66106,964,1050
66107,964,1053
66108,967,1054
66109,969,1056
66110,968,1054
66111,964,1056
66112,963,1056
66113,966,1059
66114,972,1060
66115,974,1059
66116,973,1056
66117,970,1050
66118,965,1053
66119,967,1057
66120,969,1057
66121,973,1061
66122,974,1059
66123,968,1053
66124,966,1052
66125,971,1054
66126,971,1054
66127,974,1055
66128,972,1056
66129,972,1052
66130,969,1056
66131,970,1061
66132,972,1065
66133,978,1066
66134,976,1063
66135,973,1062
66136,968,1057
66137,970,1057
66138,969,1058
66139,973,1057
66140,973,1054
66141,971,1050
66142,969,1051
66143,967,1053
66144,969,1059
66145,973,1058
66146,970,1056
66147,969,1056
66148,966,1055
66149,967,1057
66150,967,1057
66151,971,1060
66152,972,1058
66153,975,1054
66154,971,1051
66155,970,1054
66156,968,1056
66157,972,1057
66158,975,1055
66159,972,1052
66160,970,1053
66161,970,1053
66162,974,1056
66163,978,1059
66164,978,1056
66165,975,1055
66166,973,1056
66167,971,1057
66168,973,1059
66169,975,1058
66170,975,1057
66171,977,1055
66172,975,1053
66173,975,1057
66174,976,1061
66175,979,1061
66176,979,1060
66177,977,1053
66178,974,1050
66179,971,1052
66180,973,1054
66181,975,1058
66182,975,1058
66183,971,1055
66184,970,1052
66185,972,1055
66186,974,1055
66187,976,1058
66188,975,1056
66189,973,1054
66190,969,1051
66191,968,1055
66192,971,1061
66193,973,1064
66194,973,1057
66195,972,1056
66196,969,1050
66197,969,1053
66198,974,1057
66199,976,1058
66200,971,1059
66201,975,1058
66202,974,1056
66203,974,1060
66204,975,1062
66205,979,1066
66206,979,1066
66207,975,1068
66208,973,1068
66209,975,1066
66210,977,1063
66211,979,1058
66212,982,1056
66213,979,1051
66214,977,1049
66215,975,1052
66216,977,1058
66217,981,1059
66218,979,1056
66219,975,1054
66220,973,1053
66221,976,1059
66222,976,1058
66223,979,1058
66224,978,1058
66225,977,1056
66226,975,1055
66227,972,1053
66228,975,1053
66229,974,1055
66230,975,1055
66231,973,1054
66232,971,1054
66233,971,1056
66234,976,1060
66235,978,1061
66236,979,1060
66237,976,1055
66238,975,1055
66239,974,1055
66240,975,1057
66241,976,1061
66242,974,1060
66243,974,1055
66244,973,1054
66245,976,1054
66246,977,1054
66247,976,1058
66248,976,1056
66249,973,1056
66250,972,1055
66251,973,1058
66252,978,1062
66253,982,1064
66254,981,1064
66255,980,1064
66256,978,1064
66257,977,1065
66258,978,1068
66259,981,1070
66260,979,1065
66261,979,1060
66262,981,1054
66263,981,1053
66264,984,1053
66265,988,1056
66266,991,1054
66267,991,1050
66268,985,1052
66269,986,1052
66270,989,1057
66271,996,1060
66272,993,1054
66273,995,1051
66274,993,1049
66275,997,1049
66276,1005,1049
66277,1018,1047
66278,1031,1046
66279,1050,1042
66280,1071,1042
66281,1102,1041
66282,1138,1036
66283,1176,1031
66284,1211,1020
66285,1245,1015
66286,1275,1014
66287,1304,1024
66288,1320,1042
66289,1309,1055
66290,1273,1064
66291,1213,1063
66292,1149,1064
66293,1089,1067
66294,1035,1067
66295,994,1070
66296,966,1067
66297,958,1066
66298,959,1061
66299,969,1059
66300,978,1056
66301,982,1055
66302,979,1053
66303,976,1052
66304,971,1053
66305,972,1053
66306,975,1058
66307,977,1060
66308,975,1061
66309,972,1055
66310,968,1056
66311,965,1057
66312,964,1059
66313,967,1063
66314,964,1063
66315,963,1060
66316,963,1057
66317,964,1058
66318,964,1060
66319,964,1060
66320,963,1059
66321,963,1057
66322,961,1056
66323,962,1057
66324,964,1061
66325,967,1064
66326,965,1066
66327,963,1063
66328,958,1061
66329,958,1063
66330,960,1066
66331,963,1072
66332,961,1069
66333,960,1069
66334,957,1069
66335,959,1067
66336,965,1067
66337,966,1067
66338,965,1060
66339,962,1057
66340,958,1058
66341,958,1059
66342,965,1060
66343,967,1062
66344,972,1059
66345,972,1052
66346,972,1051
66347,972,1052
66348,976,1057
66349,978,1058
66350,978,1055
66351,976,1053
66352,974,1050
66353,975,1055
66354,976,1057
66355,981,1060
66356,982,1056
66357,978,1055
66358,974,1052
66359,975,1054
66360,979,1055
66361,984,1055
66362,980,1054
66363,981,1049
66364,981,1046
66365,979,1052
66366,983,1051
66367,987,1050
66368,988,1050
66369,988,1046
66370,988,1045
66371,990,1048
66372,992,1049
66373,992,1048
66374,992,1051
66375,992,1049
66376,994,1051
66377,991,1055
66378,995,1059
66379,1001,1057
66380,1001,1051
66381,1000,1042
66382,998,1035
66383,999,1036
66384,1003,1036
66385,1008,1040
66386,1007,1038
66387,1007,1032
66388,1005,1034
66389,1006,1036
66390,1013,1037
66391,1018,1041
66392,1021,1038
66393,1019,1038
66394,1016,1035
66395,1018,1039
66396,1020,1039
66397,1022,1042
66398,1023,1040
66399,1022,1038
66400,1020,1036
66401,1019,1039
66402,1023,1042
66403,1024,1045
66404,1024,1045
66405,1022,1042
66406,1017,1040
66407,1017,1045
66408,1016,1048
66409,1016,1050
66410,1010,1052
66411,1008,1050
66412,1005,1053
66413,1002,1058
66414,999,1064
66415,1000,1064
66416,998,1067
66417,994,1065
66418,991,1059
66419,986,1057
66420,989,1060
66421,988,1059
66422,986,1058
66423,985,1055
66424,984,1054
66425,985,1056
66426,983,1060
66427,986,1060
66428,987,1061
66429,982,1058
66430,979,1061
66431,978,1063
66432,983,1066
66433,981,1071
66434,979,1069
66435,977,1065
66436,972,1058
66437,975,1054
66438,976,1057
66439,976,1058
66440,977,1062
66441,975,1061
66442,974,1058
66443,972,1059
66444,977,1061
66445,981,1059
66446,979,1061
66447,982,1056
66448,980,1057
66449,982,1059
66450,985,1062
66451,988,1066
66452,988,1066
66453,985,1062
66454,983,1060
66455,981,1061
66456,983,1061
66457,989,1059
66458,991,1056
66459,990,1053
66460,985,1049
66461,988,1057
66462,991,1059
66463,995,1059
66464,994,1058
66465,988,1054
66466,985,1054
66467,982,1057
66468,988,1061
66469,990,1063
66470,988,1060
66471,982,1055
66472,981,1055
66473,982,1056
66474,984,1057
66475,984,1061
66476,985,1058
66477,983,1056
66478,980,1054
66479,982,1055
66480,984,1057
66481,985,1059
66482,985,1058
66483,981,1053
66484,979,1053
66485,980,1057
66486,982,1061
66487,984,1061
66488,981,1057
66489,979,1057
66490,976,1051
66491,978,1054
66492,979,1055
66493,983,1058
66494,980,1058
66495,977,1059
66496,972,1058
66497,974,1063
66498,978,1062
66499,980,1059
66500,979,1054
66501,979,1051
66502,975,1055
66503,975,1055
66504,979,1059
66505,980,1060
66506,979,1061
66507,977,1059
66508,975,1055
66509,975,1055
66510,976,1060
66511,976,1061
66512,977,1063
66513,977,1061
66514,973,1057
66515,972,1060
66516,974,1062
66517,975,1064
66518,976,1062
66519,973,1058
66520,970,1057
66521,970,1060
66522,973,1064
66523,975,1059
66524,976,1060
66525,973,1054
66526,966,1057
66527,967,1059
66528,969,1063
66529,970,1063
66530,974,1066
66531,969,1064
66532,966,1066
66533,965,1067
66534,971,1067
66535,973,1061
66536,971,1060
66537,968,1056
66538,968,1058
66539,971,1057
66540,972,1060
66541,978,1060
66542,980,1061
66543,977,1059
66544,972,1058
66545,971,1059
66546,975,1062
66547,974,1066
66548,975,1063
66549,973,1061
66550,971,1060
66551,972,1058
66552,975,1061
66553,979,1060
66554,976,1057
66555,972,1055
66556,971,1054
66557,968,1057
66558,970,1057
66559,973,1060
66560,971,1059
66561,971,1056
66562,969,1056
66563,969,1060
66564,970,1065
66565,973,1064
66566,973,1067
66567,969,1065
66568,965,1061
66569,965,1061
66570,967,1060
66571,970,1060
66572,971,1057
66573,969,1055
66574,965,1052
66575,967,1053
66576,967,1059
66577,972,1060
66578,970,1055
66579,970,1055
66580,967,1056
66581,969,1060
66582,972,1063
66583,977,1064
66584,973,1062
66585,969,1062
66586,964,1062
66587,967,1065
66588,971,1068
66589,972,1068
66590,973,1066
66591,972,1061
66592,969,1060
66593,970,1059
66594,972,1059
66595,971,1056
66596,974,1055
66597,970,1053
66598,972,1051
66599,971,1054
66600,975,1058
66601,979,1059
66602,981,1056
66603,980,1053
66604,977,1051
66605,972,1048
66606,976,1052
66607,977,1053
66608,977,1051
66609,972,1051
66610,971,1051
66611,967,1051
66612,972,1054
66613,973,1054
66614,974,1054
66615,971,1051
66616,974,1051
66617,970,1055
66618,971,1055
66619,974,1059
66620,973,1057
66621,970,1055
66622,970,1056
66623,968,1059
66624,975,1061
66625,974,1062
66626,974,1058
66627,970,1061
66628,966,1060
66629,967,1063
66630,969,1065
66631,972,1066
66632,972,1062
66633,971,1060
66634,970,1059
66635,972,1060
66636,970,1061
66637,973,1062
66638,975,1063
66639,975,1063
66640,971,1061
66641,972,1065
66642,973,1067
66643,976,1067
66644,976,1065
66645,974,1061
66646,972,1055
66647,972,1052
66648,973,1057
66649,975,1056
66650,974,1055
66651,970,1053
66652,971,1052
66653,972,1051
66654,972,1058
66655,974,1059
66656,973,1055
66657,972,1052
66658,970,1052
66659,971,1056
66660,973,1057
66661,973,1056
66662,973,1056
66663,971,1053
66664,970,1050
66665,972,1053
66666,974,1054
66667,975,1057
66668,972,1052
66669,973,1055
66670,970,1055
66671,967,1056
66672,973,1061
66673,977,1060
66674,977,1057
66675,977,1056
66676,975,1053
66677,974,1058
66678,974,1060
66679,976,1061
66680,975,1059
66681,974,1055
66682,972,1054
66683,973,1056
66684,979,1061
66685,981,1059
66686,980,1057
66687,979,1054
66688,974,1054
66689,975,1054
66690,976,1057
66691,981,1059
66692,978,1055
66693,974,1053
66694,973,1055
66695,974,1056
66696,977,1058
66697,980,1061
66698,983,1057
66699,978,1057
66700,973,1054
66701,975,1056
66702,977,1057
66703,981,1062
66704,981,1056
66705,980,1051
66706,977,1052
66707,976,1053
66708,975,1057
66709,977,1056
66710,975,1053
66711,973,1051
66712,972,1048
66713,973,1049
66714,973,1052
66715,976,1052
66716,981,1050
66717,979,1045
66718,975,1046
66719,976,1048
66720,979,1054
66721,984,1056
66722,983,1053
66723,982,1050
66724,979,1049
66725,981,1050
66726,984,1053
66727,989,1054
66728,990,1050
66729,990,1047
66730,988,1043
66731,994,1042
66732,1008,1041
66733,1021,1041
66734,1038,1037
66735,1054,1030
66736,1076,1028
66737,1108,1023
66738,1146,1019
66739,1182,1013
66740,1214,1009
66741,1249,1005
66742,1280,1009
66743,1302,1023
66744,1302,1042
66745,1280,1052
66746,1229,1054
66747,1165,1057
66748,1108,1061
66749,1052,1064
66750,1001,1071
66751,969,1076
66752,955,1077
66753,961,1073
66754,973,1063
66755,982,1058
66756,988,1057
66757,988,1054
66758,982,1051
66759,980,1050
66760,973,1050
66761,970,1049
66762,970,1052
66763,972,1054
66764,972,1050
66765,966,1047
66766,963,1047
66767,966,1049
66768,966,1053
66769,970,1054
66770,967,1053
66771,964,1049
66772,958,1048
66773,958,1049
66774,963,1054
66775,966,1056
66776,965,1057
66777,962,1052
66778,960,1051
66779,958,1054
66780,963,1055
66781,964,1056
66782,963,1054
66783,960,1052
66784,959,1050
66785,958,1053
66786,961,1054
66787,963,1056
66788,962,1052
66789,961,1049
66790,958,1048
66791,960,1053
66792,962,1054
66793,965,1053
66794,961,1054
66795,957,1051
66796,955,1049
66797,958,1052
66798,961,1054
66799,966,1057
66800,966,1053
66801,965,1049
66802,959,1052
66803,962,1053
66804,965,1057
66805,970,1056
66806,969,1054
66807,968,1050
66808,965,1050
66809,968,1050
66810,970,1050
66811,974,1052
66812,973,1048
66813,968,1045
66814,966,1042
66815,965,1045
66816,971,1042
66817,973,1044
66818,976,1040
66819,975,1036
66820,976,1035
66821,978,1035
66822,977,1036
66823,981,1035
66824,984,1034
66825,986,1031
66826,982,1029
66827,983,1031
66828,987,1030
66829,990,1028
66830,992,1027
66831,988,1023
66832,988,1025
66833,987,1024
66834,991,1027
66835,997,1027
66836,995,1025
66837,993,1020
66838,994,1019
66839,993,1020
66840,996,1026
66841,999,1025
66842,1000,1022
66843,997,1018
66844,997,1020
66845,996,1020
66846,1001,1023
66847,1002,1024
66848,1006,1024
66849,1005,1023
66850,1005,1023
66851,1003,1025
66852,1005,1028
66853,1007,1030
66854,1005,1028
66855,1002,1026
66856,997,1026
66857,998,1031
66858,1002,1036
66859,1003,1038
66860,998,1040
66861,995,1037
66862,992,1040
66863,987,1042
66864,986,1044
66865,985,1048
66866,983,1047
66867,981,1047
66868,976,1047
66869,975,1051
66870,979,1055
66871,981,1054
66872,978,1054
66873,972,1052
66874,969,1052
66875,973,1056
66876,974,1058
66877,977,1059
66878,977,1057
66879,975,1055
66880,973,1055
66881,971,1056
66882,972,1059
66883,974,1060
66884,972,1056
66885,974,1055
66886,970,1055
66887,973,1056
66888,975,1057
66889,978,1062
66890,979,1057
66891,980,1058
66892,977,1054
66893,975,1055
66894,977,1059
66895,983,1056
66896,981,1057
66897,979,1050
66898,976,1049
66899,978,1050
66900,979,1051
66901,983,1054
66902,980,1049
66903,979,1048
66904,977,1045
66905,977,1047
66906,980,1047
66907,985,1047
66908,984,1046
66909,979,1043
66910,979,1040
66911,977,1044
66912,980,1048
66913,985,1048
66914,983,1046
66915,982,1040
66916,979,1041
66917,980,1042
66918,983,1044
66919,985,1047
66920,985,1046
66921,984,1045
66922,981,1045
66923,982,1045
66924,983,1048
66925,985,1049
66926,983,1046
66927,980,1046
66928,977,1045
66929,980,1045
66930,981,1049
66931,988,1050
66932,983,1048
66933,979,1045
66934,973,1045
66935,974,1049
66936,978,1052
66937,981,1052
66938,978,1048
66939,975,1046
66940,976,1045
66941,974,1045
66942,974,1047
66943,977,1047
66944,978,1043
66945,976,1044
66946,975,1044
66947,976,1046
66948,977,1046
66949,977,1048
66950,975,1047
66951,974,1042
66952,972,1042
66953,972,1045
66954,973,1048
66955,975,1046
66956,975,1045
66957,976,1042
66958,973,1040
66959,973,1044
66960,972,1047
66961,977,1048
66962,976,1046
66963,973,1044
66964,972,1043
66965,971,1046
66966,973,1048
66967,977,1049
66968,977,1047
66969,975,1046
66970,972,1045
66971,972,1046
66972,974,1048
66973,977,1050
66974,977,1050
66975,975,1050
66976,973,1048
66977,972,1051
66978,974,1052
66979,976,1054
66980,974,1050
66981,970,1050
66982,969,1049
66983,969,1050
66984,973,1050
66985,977,1048
66986,978,1046
66987,975,1043
66988,976,1043
66989,975,1044
66990,977,1044
66991,979,1048
66992,977,1046
66993,978,1044
66994,976,1042
66995,974,1044
66996,979,1049
66997,984,1049
66998,979,1046
66999,978,1045
67000,975,1045
67001,976,1048
67002,977,1052
67003,980,1054
67004,981,1049
67005,979,1045
67006,978,1042
67007,976,1045
67008,976,1050
67009,977,1054
67010,976,1051
67011,976,1052
67012,974,1051
67013,976,1054
67014,978,1057
67015,980,1053
67016,978,1049
67017,978,1046
67018,976,1043
67019,975,1045
67020,979,1048
67021,981,1046
67022,981,1045
67023,979,1044
67024,979,1043
67025,978,1042
67026,981,1046
67027,984,1048
67028,986,1042
67029,984,1041
67030,986,1039
67031,984,1039
67032,991,1041
67033,1000,1040
67034,1008,1036
67035,1022,1031
67036,1036,1026
67037,1057,1031
67038,1089,1023
67039,1127,1016
67040,1161,1004
67041,1204,998
67042,1245,998
67043,1280,1011
67044,1304,1029
67045,1304,1045
67046,1276,1051
67047,1224,1048
67048,1156,1048
67049,1086,1062
67050,1022,1079
67051,969,1088
67052,937,1089
67053,938,1086
67054,952,1076
67055,966,1068
67056,973,1061
67057,975,1057
67058,977,1051
67059,974,1044
67060,969,1041
67061,969,1043
67062,971,1046
67063,972,1047
67064,972,1047
67065,972,1045
67066,965,1047
67067,963,1047
67068,965,1051
67069,967,1049
67070,969,1047
67071,969,1044
67072,964,1043
67073,966,1044
67074,967,1052
67075,969,1051
67076,970,1048
67077,966,1047
67078,961,1045
67079,963,1047
67080,964,1049
67081,967,1048
67082,969,1045
67083,966,1045
67084,964,1045
67085,963,1046
67086,966,1048
67087,965,1048
67088,965,1045
67089,962,1044
67090,960,1046
67091,960,1050
67092,960,1051
67093,963,1051
67094,962,1050
67095,957,1046
67096,956,1044
67097,960,1046
67098,965,1047
67099,966,1050
67100,967,1048
67101,965,1044
67102,964,1043
67103,966,1044
67104,970,1044
67105,975,1043
67106,973,1035
67107,972,1033
67108,971,1031
67109,974,1035
67110,979,1034
67111,984,1034
67112,984,1027
67113,984,1026
67114,985,1024
67115,984,1025
67116,988,1026
67117,992,1024
67118,990,1022
67119,990,1020
67120,989,1017
67121,991,1017
67122,997,1019
67123,1003,1017
67124,1002,1014
67125,1002,1011
67126,1000,1007
67127,1001,1009
67128,1005,1011
67129,1009,1012
67130,1009,1009
67131,1006,1008
67132,1004,1007
67133,1006,1008
67134,1009,1012
67135,1013,1010
67136,1011,1010
67137,1011,1008
67138,1009,1007
67139,1009,1009
67140,1010,1010
67141,1012,1014
67142,1015,1012
67143,1012,1011
67144,1009,1016
67145,1007,1019
67146,1011,1024
67147,1011,1028
67148,1011,1029
67149,1008,1032
67150,1004,1034
67151,1004,1036
67152,1004,1040
67153,1007,1044
67154,1003,1041
67155,1000,1040
67156,992,1043
67157,991,1046
67158,991,1049
67159,993,1046
67160,991,1050
67161,986,1048
67162,982,1049
67163,981,1052
67164,982,1055
67165,984,1057
67166,980,1056
67167,978,1056
67168,975,1057
67169,974,1060
67170,977,1063
67171,979,1065
67172,980,1066
67173,978,1062
67174,975,1063
67175,978,1065
67176,976,1065
67177,977,1067
67178,977,1064
67179,978,1063
67180,980,1064
67181,986,1065
67182,991,1068
67183,1001,1070
67184,1007,1068
67185,1009,1067
67186,1008,1065
67187,1012,1073
67188,1019,1075
67189,1033,1075
67190,1044,1068
67191,1058,1055
67192,1069,1039
67193,1079,1024
67194,1098,1013
67195,1112,997
67196,1133,984
67197,1145,968
67198,1156,952
67199,1171,938
67200,1190,923
67201,1214,907
67202,1231,886
67203,1249,867
67204,1262,854
67205,1273,846
67206,1277,845
67207,1275,843
67208,1273,838
67209,1267,834
67210,1257,832
67211,1244,833
67212,1231,836
67213,1210,838
67214,1184,842
67215,1157,846
67216,1125,856
67217,1096,871
67218,1076,886
67219,1058,899
67220,1040,912
67221,1028,923
67222,1024,939
67223,1017,952
67224,1016,969
67225,1016,977
67226,1018,986
67227,1027,993
67228,1041,1005
67229,1060,1013
67230,1073,1020
67231,1074,1024
67232,1055,1029
67233,1024,1036
67234,987,1046
67235,963,1058
67236,951,1069
67237,949,1082
67238,941,1091
67239,939,1093
67240,931,1098
67241,927,1101
67242,925,1107
67243,927,1110
67244,924,1112
67245,915,1110
67246,911,1111
67247,906,1116
67248,907,1121
67249,907,1121
67250,906,1120
67251,904,1119
67252,902,1119
67253,900,1122
67254,899,1127
67255,901,1128
67256,897,1128
67257,890,1132
67258,886,1131
67259,885,1136
67260,887,1138
67261,886,1140
67262,884,1143
67263,880,1143
67264,876,1144
67265,876,1145
67266,878,1149
67267,880,1156
67268,878,1156
67269,874,1158
67270,871,1161
67271,870,1165
67272,875,1174
67273,876,1174
67274,877,1176
67275,874,1177
67276,873,1180
67277,875,1183
67278,878,1187
67279,878,1191
67280,881,1190
67281,882,1191
67282,881,1190
67283,884,1197
67284,888,1198
67285,894,1202
67286,892,1200
67287,893,1200
67288,894,1196
67289,898,1200
67290,902,1204
67291,907,1203
67292,911,1201
67293,911,1197
67294,912,1195
67295,917,1192
67296,924,1194
67297,933,1191
67298,933,1184
67299,934,1178
67300,939,1173
67301,943,1171
67302,947,1170
67303,952,1165
67304,952,1156
67305,953,1147
67306,953,1143
67307,955,1143
67308,962,1136
67309,965,1131
67310,967,1124
67311,964,1112
67312,963,1107
67313,964,1103
67314,964,1098
67315,966,1096
67316,966,1092
67317,967,1086
67318,966,1084
67319,968,1082
67320,970,1084
67321,974,1082
67322,972,1078
67323,970,1074
67324,968,1073
67325,969,1072
67326,973,1072
67327,975,1074
67328,973,1071
67329,975,1068
67330,973,1069
67331,974,1071
67332,975,1072
67333,976,1073
67334,975,1072
67335,972,1067
67336,970,1067
67337,971,1070
67338,973,1073
67339,977,1072
67340,976,1071
67341,974,1068
67342,969,1067
67343,971,1070
67344,972,1071
67345,975,1070
67346,977,1067
67347,972,1063
67348,970,1063
67349,972,1065
67350,977,1070
67351,975,1068
67352,975,1066
67353,972,1064
67354,970,1063
67355,969,1065
67356,973,1068
67357,975,1066
67358,976,1063
67359,974,1059
67360,969,1058
67361,974,1061
67362,976,1063
67363,976,1066
67364,977,1064
67365,974,1060
67366,974,1061
67367,977,1062
67368,979,1066
67369,982,1065
67370,980,1065
67371,977,1064
67372,977,1062
67373,976,1067
67374,978,1069
67375,980,1068
67376,980,1070
67377,979,1067
67378,978,1067
67379,980,1068
67380,981,1067
67381,984,1070
67382,985,1066
67383,980,1063
67384,978,1061
67385,979,1064
67386,979,1066
67387,983,1070
67388,984,1068
67389,981,1062
67390,970,1062
67391,970,1064
67392,972,1064
67393,979,1062
67394,982,1060
67395,977,1055
67396,973,1056
67397,974,1055
67398,974,1057
67399,978,1058
67400,976,1056
67401,974,1056
67402,972,1056
67403,974,1054
67404,975,1057
67405,978,1056
67406,976,1058
67407,975,1055
67408,972,1053
67409,974,1056
67410,975,1061
67411,978,1060
67412,977,1060
67413,974,1056
67414,974,1057
67415,975,1060
67416,976,1064
67417,980,1061
67418,980,1062
67419,974,1061
67420,975,1061
67421,974,1062
67422,978,1064
67423,981,1063
67424,981,1063
67425,979,1063
67426,974,1060
67427,976,1063
67428,980,1062
67429,981,1066
67430,981,1064
67431,979,1062
67432,977,1061
67433,976,1062
67434,982,1066
67435,983,1066
67436,984,1064
67437,984,1061
67438,981,1060
67439,978,1060
67440,981,1063
67441,985,1062
67442,984,1060
67443,981,1056
67444,978,1057
67445,978,1058
67446,981,1062
67447,984,1062
67448,980,1060
67449,978,1058
67450,975,1058
67451,973,1060
67452,977,1062
67453,978,1062
67454,979,1062
67455,976,1059
67456,978,1060
67457,978,1059
67458,980,1062
67459,981,1062
67460,977,1060
67461,977,1059
67462,975,1057
67463,976,1058
67464,981,1062
67465,983,1064
67466,983,1062
67467,978,1061
67468,977,1060
67469,980,1061
67470,981,1064
67471,983,1067
67472,984,1063
67473,982,1060
67474,982,1062
67475,983,1063
67476,988,1066
67477,989,1066
67478,989,1060
67479,986,1059
67480,985,1059
67481,984,1060
67482,988,1065
67483,992,1062
67484,993,1061
67485,990,1059
67486,989,1057
67487,990,1060
67488,994,1064
67489,997,1061
67490,994,1058
67491,991,1054
67492,988,1054
67493,989,1058
67494,995,1061
67495,999,1060
67496,998,1060
67497,996,1055
67498,993,1055
67499,996,1053
67500,998,1053
67501,1001,1051
67502,1009,1046
67503,1015,1042
67504,1025,1041
67505,1043,1040
67506,1069,1042
67507,1104,1035
67508,1143,1022
67509,1178,1006
67510,1214,1001
67511,1252,1004
67512,1285,1017
67513,1303,1037
67514,1297,1051
67515,1260,1057
67516,1199,1059
67517,1131,1068
67518,1069,1080
67519,1012,1088
67520,974,1091
67521,957,1087
67522,961,1082
67523,973,1073
67524,984,1068
67525,991,1063
67526,990,1058
67527,984,1053
67528,980,1051
67529,978,1052
67530,980,1055
67531,982,1055
67532,981,1057
67533,976,1053
67534,974,1051
67535,971,1052
67536,972,1055
67537,975,1055
67538,973,1055
67539,970,1053
67540,970,1052
67541,969,1052
67542,970,1058
67543,972,1057
67544,971,1055
67545,973,1052
67546,970,1054
67547,968,1057
67548,971,1058
67549,974,1058
67550,974,1056
67551,971,1054
67552,969,1054
67553,967,1056
67554,971,1058
67555,973,1057
67556,973,1054
67557,969,1053
67558,969,1050
67559,970,1051
67560,972,1056
67561,974,1056
67562,974,1055
67563,972,1051
67564,970,1050
67565,971,1052
67566,972,1058
67567,974,1057
67568,975,1055
67569,972,1053
67570,970,1054
67571,970,1054
67572,974,1053
67573,977,1054
67574,978,1051
67575,974,1049
67576,973,1049
67577,976,1051
67578,978,1052
67579,980,1052
67580,982,1045
67581,982,1045
67582,982,1042
67583,986,1042
67584,988,1042
67585,991,1043
67586,992,1040
67587,991,1036
67588,989,1038
67589,993,1040
67590,997,1037
67591,999,1037
67592,1001,1033
67593,998,1028
67594,997,1032
67595,997,1031
67596,1000,1032
67597,1004,1031
67598,1002,1027
67599,1000,1024
67600,999,1023
67601,1003,1024
67602,1005,1026
67603,1010,1026
67604,1010,1023
67605,1008,1021
67606,1003,1022
67607,1006,1021
67608,1011,1027
67609,1015,1024
67610,1018,1025
67611,1015,1020
67612,1016,1018
67613,1016,1023
67614,1021,1025
67615,1023,1024
67616,1020,1022
67617,1019,1022
67618,1014,1022
67619,1015,1026
67620,1020,1029
67621,1022,1028
67622,1019,1030
67623,1018,1028
67624,1016,1029
67625,1017,1034
67626,1016,1039
67627,1017,1040
67628,1014,1039
67629,1009,1040
67630,1005,1043
67631,1004,1045
67632,1006,1049
67633,1006,1051
67634,1006,1054
67635,1002,1050
67636,1001,1052
67637,1000,1053
67638,998,1061
67639,1002,1061
67640,998,1061
67641,996,1059
67642,991,1059
67643,986,1061
67644,990,1064
67645,992,1064
67646,991,1063
67647,992,1060
67648,987,1058
67649,987,1061
67650,987,1065
67651,992,1062
67652,990,1061
67653,985,1058
67654,983,1057
67655,984,1059
67656,986,1058
67657,989,1056
67658,987,1061
67659,985,1056
67660,982,1053
67661,984,1055
67662,986,1055
67663,987,1055
67664,987,1052
67665,983,1048
67666,983,1050
67667,981,1049
67668,986,1053
67669,990,1053
67670,991,1050
67671,988,1047
67672,983,1049
67673,984,1049
67674,989,1050
67675,993,1051
67676,995,1048
67677,992,1047
67678,991,1046
67679,993,1050
67680,992,1052
67681,993,1050
67682,993,1048
67683,991,1044
67684,991,1044
67685,992,1046
67686,995,1048
67687,999,1048
67688,1000,1049
67689,999,1045
67690,994,1045
67691,992,1051
67692,992,1055
67693,996,1056
67694,994,1054
67695,994,1048
67696,993,1049
67697,995,1051
67698,995,1052
67699,998,1052
67700,996,1051
67701,993,1048
67702,989,1048
67703,992,1052
67704,993,1054
67705,995,1054
67706,994,1053
67707,990,1049
67708,989,1051
67709,990,1052
67710,993,1056
67711,995,1054
67712,992,1053
67713,988,1050
67714,987,1049
67715,989,1054
67716,991,1056
67717,993,1056
67718,993,1052
67719,990,1050
67720,986,1049
67721,985,1051
67722,988,1053
67723,991,1054
67724,990,1051
67725,988,1049
67726,987,1048
67727,984,1050
67728,988,1055
67729,991,1055
67730,990,1051
67731,988,1051
67732,986,1048
67733,989,1049
67734,989,1050
67735,995,1053
67736,993,1051
67737,996,1047
67738,991,1048
67739,994,1051
67740,994,1054
67741,997,1054
67742,998,1051
67743,995,1046
67744,995,1047
67745,996,1049
67746,1000,1050
67747,1004,1049
67748,1004,1046
67749,1007,1039
67750,1010,1040
67751,1024,1040
67752,1042,1039
67753,1062,1042
67754,1086,1036
67755,1116,1031
67756,1153,1019
67757,1198,1012
67758,1243,1008
67759,1280,1013
67760,1307,1022
67761,1317,1036
67762,1293,1050
67763,1246,1054
67764,1187,1056
67765,1124,1066
67766,1057,1077
67767,995,1082
67768,952,1086
67769,943,1088
67770,958,1082
67771,974,1068
67772,980,1058
67773,980,1051
67774,979,1049
67775,979,1048
67776,982,1050
67777,984,1049
67778,980,1048
67779,974,1050
67780,972,1046
67781,968,1048
67782,973,1050
67783,972,1047
67784,972,1046
67785,970,1043
67786,970,1044
67787,970,1045
67788,974,1050
67789,974,1047
67790,972,1048
67791,969,1044
67792,968,1044
67793,966,1048
67794,970,1048
67795,973,1049
67796,973,1048
67797,968,1045
67798,966,1047
67799,968,1050
67800,971,1055
67801,975,1053
67802,975,1052
67803,972,1050
67804,972,1050
67805,973,1052
67806,980,1057
67807,983,1057
67808,982,1054
67809,978,1052
67810,976,1050
67811,977,1051
67812,981,1053
67813,983,1053
67814,985,1050
67815,983,1049
67816,978,1048
67817,979,1047
67818,982,1049
67819,984,1049
67820,983,1048
67821,981,1043
67822,980,1043
67823,983,1042
67824,985,1044
67825,986,1042
67826,986,1039
67827,984,1035
67828,981,1034
67829,980,1034
67830,986,1034
67831,990,1031
67832,991,1031
67833,989,1026
67834,989,1026
67835,996,1024
67836,1000,1028
67837,1004,1023
67838,1003,1022
67839,1001,1019
67840,1001,1019
67841,1003,1021
67842,1003,1023
67843,1008,1021
67844,1006,1018
67845,1004,1016
67846,1006,1013
67847,1006,1016
67848,1011,1018
67849,1015,1017
67850,1014,1014
67851,1011,1011
67852,1011,1011
67853,1014,1014
67854,1017,1017
67855,1019,1017
67856,1018,1016
67857,1015,1014
67858,1017,1016
67859,1018,1019
67860,1019,1023
67861,1022,1021
67862,1018,1022
67863,1017,1022
67864,1015,1024
67865,1015,1028
67866,1014,1033
67867,1015,1035
67868,1010,1034
67869,1007,1030
67870,1000,1032
67871,998,1035
67872,1001,1039
67873,1003,1037
67874,1001,1037
67875,1000,1035
67876,995,1038
67877,995,1044
67878,994,1048
67879,997,1047
67880,994,1048
67881,992,1047
67882,990,1044
67883,988,1049
67884,989,1051
67885,993,1053
67886,988,1053
67887,988,1052
67888,982,1052
67889,985,1055
67890,988,1057
67891,990,1059
67892,986,1057
67893,984,1054
67894,982,1054
67895,982,1055
67896,986,1059
67897,986,1059
67898,989,1058
67899,985,1054
67900,985,1055
67901,986,1055
67902,991,1057
67903,990,1056
67904,992,1052
67905,989,1051
67906,989,1050
67907,990,1055
67908,993,1057
67909,995,1056
67910,996,1052
67911,991,1050
67912,989,1050
67913,991,1053
67914,992,1054
67915,995,1055
67916,993,1054
67917,991,1053
67918,989,1052
67919,991,1054
67920,993,1056
67921,996,1055
67922,993,1052
67923,990,1046
67924,988,1048
67925,991,1049
67926,993,1049
67927,996,1048
67928,996,1048
67929,993,1046
67930,990,1044
67931,991,1045
67932,992,1047
67933,993,1047
67934,992,1045
67935,989,1042
67936,986,1043
67937,986,1045
67938,989,1050
67939,993,1051
67940,993,1049
67941,989,1048
67942,986,1046
67943,987,1049
67944,989,1052
67945,989,1050
67946,989,1049
67947,985,1049
67948,985,1048
67949,987,1051
67950,987,1052
67951,988,1054
67952,987,1052
67953,984,1048
67954,980,1049
67955,985,1050
67956,986,1054
67957,988,1053
67958,989,1052
67959,986,1051
67960,984,1051
67961,986,1051
67962,988,1054
67963,990,1052
67964,990,1052
67965,990,1048
67966,986,1047
67967,987,1050
67968,990,1049
67969,996,1050
67970,993,1048
67971,989,1046
67972,988,1045
67973,990,1047
67974,990,1051
67975,991,1050
67976,990,1048
67977,990,1048
67978,986,1048
67979,987,1048
67980,992,1052
67981,996,1050
67982,991,1049
67983,990,1046
67984,987,1049
67985,987,1048
67986,988,1052
67987,986,1052
67988,984,1051
67989,984,1049
67990,980,1048
67991,981,1050
67992,985,1053
67993,989,1052
67994,985,1051
67995,982,1047
67996,979,1049
67997,978,1052
67998,985,1053
67999,987,1053
68000,984,1050
68001,984,1048
68002,981,1049
68003,984,1049
68004,984,1054
68005,988,1053
68006,987,1053
68007,982,1050
68008,976,1049
68009,978,1054
68010,982,1054
68011,986,1055
68012,987,1053
68013,985,1049
68014,985,1049
68015,988,1052
68016,989,1053
68017,991,1056
68018,990,1054
68019,990,1053
68020,990,1053
68021,992,1051
68022,994,1054
68023,999,1051
68024,1004,1045
68025,1008,1041
68026,1017,1040
68027,1032,1038
68028,1055,1037
68029,1081,1031
68030,1110,1024
68031,1142,1010
68032,1177,1002
68033,1213,1001
68034,1248,1002
68035,1281,1006
68036,1299,1013
68037,1307,1021
68038,1296,1033
68039,1272,1041
68040,1230,1048
68041,1183,1051
68042,1128,1058
68043,1070,1068
68044,1014,1072
68045,974,1077
68046,960,1081
68047,961,1074
68048,972,1062
68049,976,1053
68050,978,1046
68051,980,1044
68052,982,1045
68053,984,1045
68054,982,1043
68055,979,1042
68056,977,1040
68057,973,1044
68058,972,1046
68059,974,1049
68060,972,1048
68061,968,1047
68062,964,1047
68063,966,1051
68064,965,1052
68065,967,1052
68066,968,1049
68067,967,1046
68068,966,1046
68069,968,1049
68070,968,1052
68071,970,1052
68072,967,1050
68073,965,1049
68074,963,1048
68075,965,1053
68076,965,1055
68077,969,1056
68078,967,1055
68079,966,1053
68080,962,1051
68081,963,1057
68082,966,1059
68083,972,1059
68084,972,1056
68085,970,1053
68086,965,1050
68087,962,1049
68088,965,1053
68089,973,1054
68090,972,1051
68091,971,1046
68092,966,1046
68093,969,1047
68094,971,1050
68095,975,1051
68096,976,1045
68097,969,1044
68098,970,1042
68099,975,1041
68100,977,1043
68101,979,1040
68102,977,1040
68103,976,1036
68104,973,1037
68105,976,1038
68106,979,1043
68107,980,1040
68108,981,1036
68109,983,1030
68110,980,1030
68111,979,1030
68112,984,1031
68113,986,1031
68114,985,1028
68115,985,1025
68116,983,1023
68117,985,1023
68118,988,1025
68119,993,1022
68120,991,1020
68121,985,1015
68122,985,1018
68123,990,1020
68124,992,1022
68125,997,1020
68126,998,1020
68127,994,1016
68128,994,1017
68129,995,1017
68130,996,1018
68131,1001,1016
68132,1002,1015
68133,1001,1014
68134,1002,1013
68135,1002,1014
68136,1004,1015
68137,1006,1016
68138,1007,1013
68139,1006,1012
68140,1006,1014
68141,1007,1018
68142,1009,1023
68143,1011,1024
68144,1008,1023
68145,1004,1023
68146,1000,1025
68147,1002,1029
68148,1003,1031
68149,1003,1032
68150,1001,1034
68151,996,1033
68152,990,1034
68153,988,1040
68154,992,1044
68155,996,1042
68156,994,1040
68157,988,1042
68158,981,1043
68159,980,1045
68160,982,1046
68161,983,1049
68162,982,1045
68163,980,1046
68164,979,1046
68165,976,1050
68166,973,1051
68167,972,1052
68168,969,1050
68169,967,1051
68170,967,1052
68171,969,1054
68172,967,1056
68173,971,1058
68174,972,1056
68175,972,1054
68176,969,1054
68177,971,1054
68178,969,1058
68179,972,1059
68180,974,1058
68181,974,1054
68182,975,1052
68183,977,1053
68184,982,1054
68185,985,1053
68186,988,1051
68187,987,1050
68188,988,1051
68189,994,1054
68190,1002,1059
68191,1009,1059
68192,1013,1058
68193,1011,1058
68194,1015,1056
68195,1027,1057
68196,1041,1055
68197,1056,1042
68198,1064,1027
68199,1073,1013
68200,1083,1000
68201,1101,992
68202,1121,981
68203,1140,965
68204,1156,948
68205,1166,927
68206,1180,906
68207,1196,890
68208,1217,878
68209,1234,865
68210,1244,853
68211,1243,845
68212,1242,845
68213,1239,848
68214,1239,849
68215,1237,846
68216,1226,842
68217,1213,840
68218,1198,844
68219,1183,850
68220,1169,853
68221,1153,859
68222,1133,865
68223,1108,868
68224,1087,876
68225,1070,886
68226,1056,897
68227,1047,909
68228,1038,915
68229,1031,924
68230,1029,933
68231,1027,944
68232,1027,955
68233,1027,965
68234,1026,973
68235,1029,981
68236,1035,990
68237,1050,997
68238,1063,1003
68239,1069,1007
68240,1058,1012
68241,1032,1020
68242,992,1026
68243,958,1035
68244,937,1048
68245,928,1061
68246,920,1071
68247,913,1076
68248,906,1083
68249,906,1087
68250,906,1091
68251,905,1094
68252,896,1095
68253,894,1095
68254,890,1100
68255,882,1101
68256,890,1105
68257,891,1108
68258,886,1107
68259,883,1107
68260,880,1110
68261,877,1116
68262,879,1120
68263,879,1120
68264,874,1119
68265,865,1118
68266,864,1121
68267,863,1126
68268,862,1129
68269,864,1131
68270,865,1130
68271,858,1127
68272,856,1129
68273,856,1134
68274,858,1140
68275,858,1141
68276,857,1137
68277,853,1139
68278,851,1139
68279,847,1144
68280,850,1148
68281,854,1150
68282,850,1149
68283,847,1149
68284,847,1151
68285,848,1155
68286,849,1158
68287,848,1162
68288,844,1160
68289,846,1162
68290,845,1163
68291,845,1167
68292,846,1172
68293,851,1173
68294,850,1174
68295,850,1172
68296,848,1173
68297,850,1176
68298,852,1180
68299,854,1178
68300,856,1177
68301,853,1174
68302,853,1175
68303,856,1175
68304,860,1178
68305,869,1179
68306,872,1172
68307,870,1166
68308,873,1162
68309,878,1161
68310,882,1161
68311,890,1160
68312,891,1154
68313,892,1149
68314,891,1143
68315,897,1141
68316,899,1140
68317,901,1131
68318,909,1124
68319,913,1118
68320,916,1113
68321,920,1109
68322,927,1107
68323,933,1102
68324,935,1097
68325,931,1093
68326,931,1089
68327,934,1086
68328,935,1083
68329,937,1081
68330,936,1081
68331,935,1074
68332,936,1073
68333,938,1073
68334,942,1076
68335,947,1072
68336,946,1067
68337,941,1064
68338,939,1065
68339,941,1064
68340,946,1065
68341,949,1063
68342,949,1061
68343,946,1060
68344,942,1062
68345,948,1063
68346,951,1066
68347,953,1064
68348,954,1059
68349,949,1055
68350,942,1057
68351,941,1059
68352,940,1061
68353,944,1060
68354,946,1059
68355,945,1057
68356,945,1054
68357,944,1059
68358,947,1058
68359,952,1058
68360,952,1056
68361,945,1053
68362,940,1053
68363,943,1055
68364,947,1060
68365,951,1056
68366,950,1054
68367,949,1052
68368,947,1051
68369,948,1052
68370,950,1053
68371,953,1056
68372,955,1053
68373,950,1047
68374,948,1048
68375,949,1051
68376,951,1053
68377,953,1051
68378,952,1049
68379,951,1047
68380,950,1045
68381,951,1048
68382,954,1052
68383,957,1049
68384,957,1048
68385,953,1046
68386,954,1048
68387,957,1049
68388,958,1053
68389,959,1052
68390,960,1050
68391,957,1049
68392,956,1048
68393,955,1049
68394,956,1053
68395,961,1050
68396,960,1046
68397,955,1046
68398,952,1045
68399,955,1047
68400,956,1049
68401,957,1049
68402,954,1046
68403,952,1045
68404,950,1045
68405,949,1048
68406,954,1051
68407,956,1052
68408,953,1049
68409,950,1046
68410,949,1046
68411,949,1048
68412,948,1050
68413,950,1049
68414,947,1050
68415,948,1046
68416,945,1048
68417,948,1050
68418,947,1052
68419,950,1052
68420,949,1053
68421,947,1051
68422,946,1051
68423,949,1055
68424,952,1055
68425,952,1052
68426,953,1050
68427,948,1047
68428,949,1048
68429,950,1052
68430,952,1054
68431,956,1052
68432,956,1053
68433,952,1050
68434,954,1050
68435,955,1052
68436,955,1052
68437,956,1049
68438,956,1046
68439,955,1044
68440,950,1044
68441,952,1043
68442,955,1045
68443,959,1044
68444,956,1043
68445,954,1039
68446,951,1041
68447,953,1043
68448,955,1045
68449,956,1046
68450,957,1043
68451,954,1039
68452,951,1040
68453,947,1042
68454,952,1046
68455,953,1044
68456,955,1042
68457,951,1043
68458,949,1042
68459,952,1047
68460,957,1049
68461,959,1049
68462,954,1045
68463,951,1042
68464,949,1044
68465,951,1047
68466,955,1049
68467,957,1048
68468,958,1044
68469,957,1042
68470,956,1044
68471,956,1046
68472,961,1048
68473,964,1049
68474,961,1046
68475,961,1046
68476,953,1048
68477,959,1050
68478,963,1051
68479,968,1052
68480,965,1047
68481,962,1045
68482,959,1047
68483,962,1051
68484,965,1050
68485,970,1050
68486,970,1048
68487,970,1044
68488,967,1043
68489,968,1045
68490,974,1043
68491,982,1040
68492,989,1035
68493,996,1031
68494,1004,1033
68495,1019,1032
68496,1038,1036
68497,1062,1031
68498,1093,1024
68499,1120,1015
68500,1153,1008
68501,1190,1009
68502,1227,1014
68503,1259,1021
68504,1279,1035
68505,1279,1043
68506,1260,1049
68507,1221,1050
68508,1172,1054
68509,1118,1056
68510,1059,1065
68511,1000,1070
68512,952,1078
68513,930,1083
68514,931,1082
68515,939,1073
68516,948,1063
68517,946,1056
68518,950,1052
68519,955,1051
68520,957,1052
68521,960,1051
68522,956,1046
68523,951,1045
68524,944,1043
68525,942,1047
68526,944,1051
68527,947,1050
68528,946,1048
68529,943,1045
68530,940,1044
68531,940,1046
68532,943,1046
68533,944,1045
68534,944,1039
68535,943,1038
68536,938,1039
68537,941,1042
68538,941,1044
68539,947,1042
68540,943,1038
68541,941,1036
68542,941,1038
68543,942,1041
68544,945,1044
68545,946,1044
68546,941,1043
68547,940,1039
68548,939,1041
68549,944,1041
68550,948,1042
68551,948,1040
68552,948,1039
68553,945,1036
68554,943,1035
68555,946,1041
68556,948,1044
68557,950,1041
68558,948,1040
68559,947,1034
68560,946,1036
68561,949,1036
68562,953,1037
68563,957,1038
68564,953,1034
68565,952,1034
68566,950,1033
68567,953,1031
68568,958,1034
68569,960,1036
68570,958,1032
68571,954,1029
68572,954,1028
68573,955,1028
68574,956,1031
68575,960,1030
68576,959,1028
68577,960,1024
68578,956,1025
68579,958,1025
68580,958,1027
68581,961,1027
68582,964,1023
68583,962,1018
68584,961,1018
68585,962,1019
68586,962,1020
68587,965,1018
68588,967,1017
68589,967,1013
68590,967,1011
68591,971,1013
68592,976,1015
68593,978,1015
68594,979,1009
68595,978,1007
68596,979,1008
68597,983,1011
68598,985,1015
68599,988,1012
68600,989,1010
68601,988,1007
68602,988,1009
68603,990,1010
68604,990,1009
68605,997,1012
68606,997,1008
68607,991,1006
68608,994,1008
68609,993,1012
68610,998,1013
68611,1002,1014
68612,1002,1017
68613,1000,1013
68614,1000,1016
68615,1000,1019
68616,1002,1024
68617,1001,1024
68618,999,1026
68619,997,1023
68620,995,1026
68621,995,1030
68622,993,1034
68623,994,1036
68624,991,1032
68625,990,1033
68626,986,1034
68627,985,1035
68628,986,1039
68629,987,1037
68630,978,1037
68631,975,1037
68632,969,1034
68633,968,1039
68634,969,1040
68635,972,1041
68636,966,1039
68637,963,1038
68638,961,1038
68639,962,1042
68640,963,1045
68641,965,1045
68642,965,1042
68643,961,1041
68644,962,1043
68645,962,1045
68646,966,1049
68647,970,1048
68648,970,1048
68649,966,1046
68650,963,1048
68651,965,1049
68652,967,1055
68653,970,1053
68654,970,1050
68655,968,1045
68656,962,1045
68657,966,1049
68658,969,1051
68659,972,1052
68660,970,1048
68661,968,1046
68662,966,1046
68663,970,1050
68664,974,1050
68665,977,1048
68666,979,1048
68667,976,1045
68668,973,1047
68669,977,1046
68670,978,1051
68671,983,1051
68672,980,1046
68673,977,1044
68674,977,1044
68675,980,1046
68676,982,1052
68677,987,1051
68678,984,1047
68679,983,1046
68680,982,1043
68681,979,1046
68682,979,1047
68683,978,1047
68684,979,1042
68685,979,1041
68686,975,1039
68687,977,1042
68688,978,1046
68689,981,1044
68690,977,1043
68691,977,1041
68692,971,1041
68693,971,1043
68694,974,1045
68695,974,1046
68696,973,1045
68697,971,1042
68698,966,1042
68699,969,1047
68700,972,1047
68701,975,1047
68702,972,1046
68703,970,1045
68704,969,1046
68705,968,1047
68706,973,1051
68707,975,1049
68708,972,1049
68709,971,1049
68710,968,1051
68711,971,1051
68712,970,1055
68713,970,1055
68714,970,1053
68715,966,1050
68716,966,1051
68717,968,1051
68718,971,1055
68719,975,1051
68720,975,1051
68721,972,1047
68722,968,1048
68723,970,1052
68724,969,1054
68725,971,1056
68726,968,1052
68727,965,1051
68728,964,1052
68729,967,1055
68730,969,1053
68731,974,1053
68732,975,1048
68733,971,1045
68734,969,1043
68735,969,1045
68736,970,1050
68737,973,1048
68738,969,1044
68739,967,1042
68740,968,1044
68741,970,1046
68742,975,1047
68743,973,1046
68744,969,1043
68745,966,1041
68746,963,1042
68747,963,1043
68748,966,1043
68749,965,1043
68750,964,1043
68751,962,1039
68752,961,1042
68753,962,1046
68754,964,1048
68755,964,1046
68756,962,1047
68757,961,1045
68758,955,1043
68759,958,1046
68760,961,1048
68761,966,1048
68762,965,1048
68763,964,1045
68764,963,1047
68765,965,1051
68766,968,1051
68767,967,1052
68768,967,1052
68769,965,1047
68770,965,1046
68771,965,1051
68772,967,1053
68773,970,1055
68774,969,1051
68775,968,1051
68776,967,1050
68777,966,1054
68778,968,1058
68779,970,1058
68780,968,1055
68781,967,1054
68782,966,1055
68783,966,1056
68784,973,1057
68785,974,1054
68786,975,1053
68787,969,1050
68788,966,1050
68789,967,1049
68790,973,1055
68791,976,1054
68792,975,1051
68793,973,1051
68794,970,1051
68795,970,1051
68796,972,1056
68797,974,1055
68798,971,1052
68799,967,1050
68800,964,1050
68801,963,1052
68802,968,1058
68803,970,1053
68804,968,1055
68805,966,1052
68806,964,1053
68807,964,1054
68808,965,1055
68809,964,1055
68810,964,1051
68811,961,1051
68812,959,1048
68813,962,1054
68814,963,1054
68815,965,1052
68816,962,1051
68817,962,1049
68818,961,1050
68819,961,1052
68820,966,1054
68821,968,1055
68822,968,1052
68823,968,1048
68824,965,1050
68825,967,1051
68826,970,1052
68827,972,1048
68828,971,1048
68829,968,1047
68830,966,1047
68831,965,1046
68832,967,1049
68833,970,1048
68834,968,1048
68835,967,1047
68836,964,1045
68837,967,1047
68838,969,1052
68839,973,1050
68840,970,1046
68841,969,1045
68842,969,1046
68843,969,1049
68844,972,1049
68845,974,1052
68846,973,1048
68847,975,1047
68848,971,1046
68849,974,1049
68850,974,1051
68851,977,1049
68852,977,1048
68853,973,1048
68854,972,1049
68855,970,1050
68856,973,1054
68857,977,1053
68858,973,1049
68859,971,1045
68860,969,1046
68861,969,1048
68862,969,1052
68863,967,1049
68864,965,1048
68865,965,1047
68866,964,1047
68867,966,1051
68868,968,1053
68869,969,1051
68870,969,1049
68871,968,1045
68872,965,1044
68873,964,1049
68874,965,1048
68875,971,1050
68876,970,1046
68877,969,1045
68878,967,1045
68879,967,1050
68880,969,1050
68881,969,1050
68882,969,1048
68883,966,1046
68884,965,1048
68885,967,1050
68886,968,1051
68887,971,1052
68888,972,1052
68889,973,1048
68890,971,1046
68891,973,1050
68892,975,1055
68893,975,1053
68894,975,1052
68895,973,1050
68896,972,1050
68897,974,1051
68898,979,1055
68899,981,1053
68900,982,1051
68901,979,1046
68902,979,1049
68903,979,1052
68904,979,1053
68905,982,1050
68906,982,1048
68907,979,1046
68908,978,1046
68909,979,1050
68910,981,1054
68911,984,1052
68912,981,1050
68913,977,1047
68914,975,1048
68915,973,1050
68916,977,1051
68917,979,1051
68918,975,1047
68919,973,1043
68920,968,1048
68921,971,1047
68922,973,1050
68923,975,1048
68924,976,1045
68925,975,1045
68926,973,1044
68927,974,1045
68928,977,1048
68929,977,1046
68930,977,1045
68931,973,1044
68932,971,1045
68933,976,1045
68934,978,1048
68935,980,1046
68936,976,1042
68937,976,1041
68938,977,1042
68939,974,1045
68940,979,1048
68941,980,1048
68942,981,1045
68943,977,1045
68944,976,1044
68945,976,1048
68946,979,1053
68947,983,1050
68948,982,1046
68949,982,1043
68950,979,1044
68951,978,1049
68952,980,1050
68953,984,1049
68954,985,1045
68955,981,1042
68956,981,1043
68957,982,1045
68958,986,1046
68959,989,1045
68960,986,1041
68961,984,1039
68962,980,1043
68963,981,1042
68964,983,1045
68965,985,1043
68966,988,1041
68967,986,1040
68968,986,1042
68969,989,1044
68970,993,1047
68971,995,1041
68972,1001,1037
68973,1005,1033
68974,1022,1032
68975,1045,1033
68976,1074,1033
68977,1108,1028
68978,1145,1020
68979,1178,1010
68980,1208,1003
68981,1243,1004
68982,1278,1009
68983,1307,1020
68984,1314,1031
68985,1297,1039
68986,1257,1045
68987,1200,1051
68988,1148,1056
68989,1089,1058
68990,1031,1060
68991,987,1057
68992,967,1058
68993,966,1056
68994,980,1052
68995,989,1046
68996,989,1044
68997,982,1041
68998,976,1044
68999,975,1046
69000,973,1048
69001,973,1048
69002,970,1046
69003,964,1043
69004,961,1042
69005,961,1045
69006,963,1046
69007,963,1046
69008,963,1043
69009,958,1040
69010,957,1042
69011,957,1043
69012,957,1045
69013,959,1047
69014,958,1046
69015,956,1044
69016,951,1044
69017,954,1047
69018,957,1050
69019,960,1049
69020,960,1047
69021,959,1042
69022,957,1046
69023,957,1048
69024,958,1050
69025,963,1049
69026,960,1047
69027,961,1047
69028,958,1048
69029,961,1050
69030,968,1052
69031,964,1053
69032,963,1048
69033,961,1048
69034,961,1046
69035,965,1049
69036,968,1050
69037,971,1048
69038,970,1045
69039,967,1043
69040,967,1043
69041,965,1046
69042,967,1047
69043,970,1046
69044,968,1042
69045,967,1042
69046,965,1039
69047,970,1045
69048,975,1047
69049,977,1046
69050,977,1044
69051,976,1039
69052,975,1042
69053,975,1044
69054,980,1045
69055,985,1043
69056,984,1042
69057,981,1040
69058,982,1039
69059,985,1039
69060,988,1041
69061,993,1039
69062,992,1037
69063,993,1033
69064,992,1035
69065,998,1036
69066,1002,1037
69067,1006,1038
69068,1004,1033
69069,1002,1030
69070,1001,1033
69071,1004,1034
69072,1008,1036
69073,1009,1033
69074,1008,1032
69075,1009,1027
69076,1008,1027
69077,1012,1028
69078,1016,1033
69079,1018,1029
69080,1016,1026
69081,1011,1023
69082,1009,1022
69083,1014,1025
69084,1014,1028
69085,1017,1027
69086,1015,1024
69087,1013,1023
69088,1010,1023
69089,1009,1025
69090,1010,1031
69091,1013,1029
69092,1009,1027
69093,1002,1027
69094,1001,1029
69095,999,1032
69096,1000,1034
69097,1000,1035
69098,995,1035
69099,990,1036
69100,985,1037
69101,985,1043
69102,984,1044
69103,987,1044
69104,983,1043
69105,979,1042
69106,975,1046
69107,974,1049
69108,978,1053
69109,978,1052
69110,976,1049
69111,971,1045
69112,967,1048
69113,969,1049
69114,972,1055
69115,974,1051
69116,972,1050
69117,972,1047
69118,970,1051
69119,971,1053
69120,973,1055
69121,976,1052
69122,974,1054
69123,973,1051
69124,973,1051
69125,975,1054
69126,980,1055
69127,982,1051
69128,979,1048
69129,975,1047
69130,975,1046
69131,973,1049
69132,976,1050
69133,978,1048
69134,977,1047
69135,973,1046
69136,972,1046
69137,972,1050
69138,975,1051
69139,977,1047
69140,975,1045
69141,972,1043
69142,968,1044
69143,970,1046
69144,972,1050
69145,975,1050
69146,973,1047
69147,968,1044
69148,969,1046
69149,970,1046
69150,972,1051
69151,973,1049
69152,972,1045
69153,969,1044
69154,968,1041
69155,970,1043
69156,975,1046
69157,976,1046
69158,977,1041
69159,975,1037
69160,972,1037
69161,968,1041
69162,967,1042
69163,973,1042
69164,976,1039
69165,969,1035
69166,969,1038
69167,971,1038
69168,972,1039
69169,973,1038
69170,971,1036
69171,969,1036
69172,971,1035
69173,971,1038
69174,977,1040
69175,975,1041
69176,975,1039
69177,971,1039
69178,970,1039
69179,969,1042
69180,973,1045
69181,975,1045
69182,972,1042
69183,969,1040
69184,967,1041
69185,973,1045
69186,975,1045
69187,977,1045
69188,975,1042
69189,969,1041
69190,966,1042
69191,967,1044
69192,970,1046
69193,972,1045
69194,971,1044
69195,966,1042
69196,964,1043
69197,962,1046
69198,963,1047
69199,965,1048
69200,964,1044
69201,961,1043
69202,959,1046
69203,958,1046
69204,963,1046
69205,964,1044
69206,964,1043
69207,964,1040
69208,962,1042
69209,960,1043
69210,963,1047
69211,965,1046
69212,963,1044
69213,963,1041
69214,962,1041
69215,964,1041
69216,967,1043
69217,970,1041
69218,967,1038
69219,965,1037
69220,967,1039
69221,970,1040
69222,972,1047
69223,971,1043
69224,972,1043
69225,968,1039
69226,964,1041
69227,966,1046
69228,971,1048
69229,972,1043
69230,970,1042
69231,967,1041
69232,967,1042
69233,968,1044
69234,970,1046
69235,970,1043
69236,968,1041
69237,965,1041
69238,962,1042
69239,963,1043
69240,969,1045
69241,968,1043
69242,965,1042
69243,963,1042
69244,963,1042
69245,964,1043
69246,966,1047
69247,967,1045
69248,964,1041
69249,959,1039
69250,959,1041
69251,960,1044
69252,963,1047
69253,965,1043
69254,965,1042
69255,962,1040
69256,962,1040
69257,963,1040
69258,964,1043
69259,963,1044
69260,962,1040
69261,962,1040
69262,960,1039
69263,964,1040
69264,966,1046
69265,970,1041
69266,966,1039
69267,966,1040
69268,965,1039
69269,964,1043
69270,968,1046
69271,971,1043
69272,970,1044
69273,967,1040
69274,966,1041
69275,968,1042
69276,971,1046
69277,970,1047
69278,970,1044
69279,965,1043
69280,966,1043
69281,970,1045
69282,972,1050
69283,974,1046
69284,972,1045
69285,973,1041
69286,967,1043
69287,971,1044
69288,973,1047
69289,975,1048
69290,974,1046
69291,971,1043
69292,971,1042
69293,968,1047
69294,974,1050
69295,975,1049
69296,973,1045
69297,971,1041
69298,972,1042
69299,975,1044
69300,977,1046
69301,978,1043
69302,982,1039
69303,982,1032
69304,989,1029
69305,1003,1029
69306,1018,1031
69307,1039,1027
69308,1063,1023
69309,1093,1016
69310,1127,1009
69311,1166,1005
69312,1209,1001
69313,1247,999
69314,1277,1001
69315,1296,1015
69316,1287,1029
69317,1257,1039
69318,1203,1044
69319,1139,1050
69320,1071,1054
69321,1014,1057
69322,969,1058
69323,950,1060
69324,951,1059
69325,960,1052
69326,969,1041
69327,966,1038
69328,965,1038
69329,963,1042
69330,962,1044
69331,964,1042
69332,962,1044
69333,959,1037
69334,957,1040
69335,955,1041
69336,954,1046
69337,955,1046
69338,954,1042
69339,950,1039
69340,949,1042
69341,951,1043
69342,954,1042
69343,955,1046
69344,953,1043
69345,948,1039
69346,946,1039
69347,947,1046
69348,951,1044
69349,952,1047
69350,950,1040
69351,948,1037
69352,946,1035
69353,949,1036
69354,948,1040
69355,952,1040
69356,950,1041
69357,948,1037
69358,946,1039
69359,945,1041
69360,949,1044
69361,951,1043
69362,953,1039
69363,950,1038
69364,948,1039
69365,949,1041
69366,951,1044
69367,951,1042
69368,951,1041
69369,947,1037
69370,947,1039
69371,949,1041
69372,953,1046
69373,956,1043
69374,956,1040
69375,955,1038
69376,955,1038
69377,959,1041
69378,963,1040
69379,968,1038
69380,968,1035
69381,968,1034
69382,967,1031
69383,969,1034
69384,970,1037
69385,975,1034
69386,974,1032
69387,974,1027
69388,974,1026
69389,978,1026
69390,982,1027
69391,987,1024
69392,987,1021
69393,986,1017
69394,988,1018
69395,989,1020
69396,994,1021
69397,995,1019
69398,997,1014
69399,996,1012
69400,996,1014
69401,1000,1013
69402,1002,1015
69403,1003,1014
69404,1001,1012
69405,1000,1011
69406,1000,1010
69407,1001,1012
69408,1006,1014
69409,1007,1012
69410,1007,1016
69411,1004,1012
69412,1002,1013
69413,998,1018
69414,1000,1021
69415,1001,1021
69416,1000,1019
69417,996,1017
69418,995,1019
69419,997,1025
69420,994,1029
69421,994,1030
69422,991,1028
69423,986,1030
69424,982,1034
69425,982,1037
69426,984,1041
69427,982,1039
69428,978,1038
69429,975,1038
69430,971,1038
69431,969,1044
69432,968,1044
69433,966,1044
69434,966,1043
69435,960,1039
69436,960,1042
69437,960,1044
69438,962,1047
69439,963,1048
69440,958,1045
69441,954,1043
69442,950,1046
69443,952,1052
69444,954,1052
69445,959,1052
69446,956,1047
69447,950,1045
69448,949,1047
69449,949,1050
69450,950,1048
69451,951,1050
69452,949,1047
69453,947,1046
69454,948,1046
69455,950,1049
69456,952,1053
69457,956,1050
69458,956,1049
69459,956,1046
69460,953,1045
69461,953,1047
69462,955,1054
69463,958,1049
69464,955,1048
69465,951,1044
69466,949,1046
69467,954,1048
69468,956,1050
69469,957,1049
69470,958,1046
69471,954,1043
69472,954,1045
69473,955,1046
69474,958,1051
69475,961,1047
69476,955,1043
69477,956,1043
69478,956,1046
69479,961,1044
69480,960,1049
69481,959,1048
69482,961,1044
69483,956,1041
69484,957,1043
69485,958,1045
69486,960,1046
69487,962,1048
69488,960,1046
69489,957,1042
69490,953,1045
69491,955,1047
69492,957,1052
69493,959,1049
69494,959,1048
69495,956,1047
69496,956,1048
69497,956,1050
69498,958,1052
69499,959,1048
69500,957,1046
69501,955,1045
69502,956,1044
69503,957,1045
69504,957,1047
69505,958,1047
69506,958,1044
69507,952,1042
69508,949,1042
69509,947,1043
69510,951,1048
69511,951,1046
69512,950,1044
69513,946,1040
69514,945,1043
69515,948,1046
69516,951,1047
69517,951,1045
69518,946,1043
69519,947,1042
69520,945,1044
69521,949,1046
69522,952,1051
69523,954,1048
69524,953,1047
69525,949,1043
69526,948,1045
69527,951,1048
69528,954,1053
69529,955,1049
69530,956,1049
69531,954,1045
69532,954,1045
69533,956,1048
69534,957,1051
69535,954,1050
69536,955,1046
69537,953,1042
69538,952,1048
69539,956,1050
69540,957,1054
69541,959,1051
69542,957,1046
69543,957,1044
69544,956,1042
69545,959,1043
69546,962,1040
69547,970,1037
69548,975,1032
69549,989,1029
69550,1005,1028
69551,1032,1028
69552,1067,1027
69553,1107,1016
69554,1148,1004
69555,1189,998
69556,1229,1000
69557,1263,1014
69558,1281,1034
69559,1269,1047
69560,1218,1050
69561,1151,1048
69562,1072,1057
69563,998,1073
69564,939,1087
69565,904,1089
69566,903,1086
69567,917,1074
69568,932,1066
69569,941,1059
69570,946,1056
69571,949,1053
69572,946,1048
69573,941,1047
69574,934,1047
69575,934,1050
69576,937,1052
69577,939,1052
69578,938,1049
69579,935,1046
69580,933,1044
69581,932,1048
69582,934,1050
69583,937,1047
69584,935,1048
69585,929,1044
69586,929,1042
69587,932,1043
69588,933,1048
69589,934,1047
69590,929,1044
69591,930,1041
69592,927,1041
69593,927,1043
69594,927,1044
69595,929,1044
69596,931,1040
69597,930,1039
69598,931,1036
69599,934,1040
69600,939,1045
69601,938,1041
69602,937,1042
69603,931,1039
69604,931,1039
69605,934,1040
69606,935,1044
69607,938,1043
69608,938,1038
69609,938,1040
69610,937,1037
69611,938,1042
69612,939,1045
69613,941,1042
69614,940,1042
69615,937,1039
69616,937,1042
69617,941,1041
69618,945,1045
69619,949,1042
69620,947,1036
69621,944,1032
69622,945,1031
69623,945,1034
69624,950,1034
69625,952,1030
69626,952,1027
69627,950,1024
69628,952,1020
69629,956,1023
69630,960,1023
69631,963,1017
69632,963,1016
69633,964,1013
69634,965,1009
69635,967,1011
69636,972,1011
69637,975,1011
69638,975,1006
69639,974,1003
69640,972,999
69641,976,1000
69642,977,1002
69643,980,1001
69644,981,996
69645,979,995
69646,979,997
69647,982,998
69648,987,1001
69649,988,1000
69650,989,1001
69651,981,998
69652,977,1000
69653,984,1002
69654,986,1008
69655,987,1008
69656,985,1009
69657,981,1006
69658,979,1010
69659,979,1014
69660,983,1022
69661,980,1025
69662,975,1019
69663,973,1020
69664,968,1023
69665,967,1028
69666,968,1034
69667,966,1035
69668,965,1034
69669,959,1034
69670,954,1037
69671,952,1039
69672,949,1045
69673,950,1044
69674,946,1043
69675,940,1044
69676,941,1045
69677,942,1049
69678,946,1051
69679,947,1051
69680,942,1051
69681,939,1050
69682,936,1049
69683,938,1054
69684,942,1054
69685,944,1055
69686,943,1053
69687,940,1051
69688,942,1052
69689,945,1054
69690,946,1058
69691,948,1055
69692,947,1055
69693,943,1052
69694,941,1053
69695,946,1057
69696,946,1057
69697,951,1057
69698,953,1054
69699,950,1052
69700,949,1051
69701,948,1052
69702,951,1055
69703,953,1050
69704,951,1048
69705,949,1047
69706,947,1047
69707,951,1050
69708,955,1051
69709,953,1049
69710,950,1049
69711,948,1047
69712,945,1047
69713,947,1048
69714,950,1052
69715,953,1049
69716,956,1049
69717,953,1047
69718,950,1051
69719,951,1055
69720,949,1056
69721,950,1052
69722,951,1049
69723,950,1047
69724,948,1048
69725,951,1052
69726,953,1051
69727,955,1052
69728,952,1050
69729,949,1048
69730,949,1049
69731,949,1050
69732,952,1055
69733,952,1054
69734,951,1049
69735,949,1046
69736,951,1046
69737,954,1047
69738,957,1046
69739,958,1045
69740,952,1044
69741,953,1038
69742,952,1043
69743,953,1048
69744,957,1052
69745,960,1047
69746,959,1045
69747,957,1046
69748,954,1044
69749,954,1049
69750,958,1053
69751,962,1052
69752,958,1051
69753,957,1051
69754,955,1051
69755,959,1052
69756,963,1054
69757,962,1054
69758,957,1050
69759,954,1049
69760,953,1048
69761,954,1051
69762,956,1054
69763,957,1053
69764,955,1052
69765,951,1050
69766,954,1051
69767,952,1050
69768,952,1056
69769,954,1056
69770,952,1054
69771,951,1051
69772,947,1055
69773,949,1054
69774,954,1056
69775,956,1058
69776,951,1054
69777,950,1050
69778,946,1053
69779,947,1055
69780,952,1056
69781,954,1058
69782,952,1051
69783,952,1050
69784,954,1049
69785,956,1053
69786,961,1055
69787,963,1053
69788,959,1051
69789,957,1051
69790,952,1052
69791,956,1055
69792,958,1057
69793,961,1055
69794,962,1053
69795,960,1054
69796,959,1053
69797,957,1053
69798,959,1060
69799,960,1057
69800,961,1053
69801,956,1051
69802,955,1051
69803,956,1054
69804,960,1057
69805,961,1056
69806,960,1055
69807,955,1051
69808,955,1049
69809,956,1054
69810,958,1055
69811,958,1055
69812,960,1054
69813,958,1053
69814,957,1053
69815,958,1054
69816,961,1057
69817,962,1055
69818,959,1052
69819,957,1049
69820,955,1049
69821,958,1053
69822,963,1054
69823,965,1054
69824,963,1052
69825,959,1050
69826,958,1053
69827,960,1053
69828,963,1053
69829,964,1052
69830,961,1051
69831,958,1048
69832,962,1049
69833,963,1051
69834,965,1054
69835,968,1050
69836,967,1048
69837,965,1047
69838,963,1049
69839,963,1054
69840,966,1054
69841,970,1056
69842,966,1052
69843,963,1051
69844,961,1050
69845,965,1054
69846,968,1055
69847,971,1054
69848,966,1051
69849,966,1047
69850,964,1050
69851,963,1053
69852,967,1055
69853,967,1054
69854,968,1053
69855,964,1051
69856,962,1051
69857,963,1052
69858,967,1053
69859,967,1053
69860,967,1051
69861,963,1048
69862,961,1051
69863,966,1055
69864,967,1056
69865,969,1053
69866,964,1051
69867,965,1049
69868,964,1050
69869,967,1053
69870,968,1055
69871,968,1054
69872,970,1051
69873,969,1049
69874,968,1048
69875,969,1052
69876,970,1055
69877,971,1052
69878,971,1048
69879,969,1045
69880,964,1047
69881,970,1048
69882,969,1051
69883,975,1053
69884,976,1050
69885,975,1047
69886,971,1049
69887,970,1051
69888,974,1052
69889,973,1052
69890,975,1050
69891,974,1050
69892,973,1051
69893,972,1051
69894,979,1055
69895,979,1055
69896,976,1051
69897,975,1050
69898,974,1048
69899,978,1052
69900,978,1054
69901,979,1051
69902,978,1051
69903,978,1050
69904,976,1051
69905,978,1053
69906,982,1056
69907,981,1055
69908,978,1055
69909,978,1051
69910,977,1054
69911,979,1053
69912,982,1058
69913,985,1055
69914,983,1051
69915,980,1048
69916,976,1046
69917,978,1052
69918,980,1052
69919,980,1049
69920,979,1050
69921,975,1048
69922,975,1050
69923,978,1051
69924,981,1052
69925,982,1050
69926,979,1049
69927,977,1044
69928,975,1045
69929,979,1046
69930,983,1050
69931,983,1049
69932,983,1047
69933,979,1044
69934,978,1047
69935,980,1049
69936,984,1053
69937,985,1052
69938,982,1051
69939,980,1048
69940,979,1051
69941,980,1052
69942,984,1058
69943,985,1058
69944,983,1056
69945,981,1052
69946,978,1054
69947,979,1058
69948,983,1062
69949,983,1058
69950,982,1054
69951,981,1053
69952,980,1055
69953,984,1055
69954,987,1058
69955,987,1059
69956,985,1057
69957,981,1054
69958,981,1053
69959,983,1057
69960,989,1058
69961,989,1054
69962,988,1053
69963,986,1052
69964,989,1051
69965,989,1053
69966,992,1055
69967,990,1053
69968,990,1051
69969,985,1048
69970,983,1047
69971,984,1049
69972,988,1051
69973,990,1050
69974,991,1048
69975,988,1043
69976,986,1044
69977,989,1046
69978,989,1048
69979,987,1045
69980,985,1043
69981,985,1042
69982,986,1044
69983,989,1046
69984,991,1046
69985,994,1046
69986,991,1046
69987,987,1044
69988,989,1045
69989,993,1044
69990,1002,1046
69991,1011,1041
69992,1020,1038
69993,1037,1033
69994,1057,1035
69995,1089,1034
69996,1124,1035
69997,1161,1027
69998,1195,1014
69999,1222,1007
70000,1257,1006
70001,1290,1008
70002,1320,1023
70003,1326,1035
70004,1298,1043
70005,1251,1048
70006,1193,1049
70007,1135,1055
70008,1079,1058
70009,1024,1060
70010,984,1056
70011,969,1055
70012,970,1052
70013,984,1051
70014,990,1048
70015,991,1044
70016,989,1039
70017,983,1042
70018,981,1042
70019,981,1043
70020,983,1048
70021,982,1049
70022,980,1047
70023,977,1042
70024,975,1045
70025,977,1046
70026,979,1051
70027,980,1047
70028,977,1046
70029,970,1043
70030,969,1046
70031,968,1048
70032,971,1049
70033,973,1053
70034,971,1051
70035,969,1050
70036,967,1052
70037,971,1055
70038,972,1054
70039,975,1054
70040,972,1050
70041,968,1048
70042,968,1052
70043,969,1053
70044,972,1054
70045,973,1052
70046,971,1050
70047,970,1047
70048,966,1049
70049,969,1053
70050,970,1055
70051,972,1055
70052,968,1054
70053,965,1051
70054,965,1051
70055,968,1054
70056,972,1057
70057,973,1057
70058,973,1054
70059,971,1052
70060,972,1049
70061,971,1054
70062,975,1053
70063,978,1051
70064,976,1046
70065,970,1045
70066,971,1046
70067,974,1049
70068,978,1052
70069,982,1049
70070,980,1049
70071,978,1045
70072,977,1049
70073,978,1046
70074,980,1047
70075,985,1046
70076,986,1042
70077,989,1038
70078,991,1040
70079,995,1039
70080,999,1042
70081,999,1041
70082,998,1038
70083,995,1036
70084,1002,1038
70085,1005,1039
70086,1008,1041
70087,1012,1041
70088,1015,1036
70089,1014,1034
70090,1014,1031
70091,1018,1035
70092,1020,1037
70093,1024,1035
70094,1024,1032
70095,1022,1029
70096,1022,1030
70097,1024,1033
70098,1031,1035
70099,1030,1031
70100,1027,1028
70101,1023,1023
70102,1022,1028
70103,1026,1029
70104,1028,1030
70105,1028,1029
70106,1028,1026
70107,1026,1023
70108,1025,1025
70109,1027,1029
70110,1029,1031
70111,1030,1028
70112,1025,1025
70113,1019,1023
70114,1018,1027
70115,1020,1030
70116,1023,1036
70117,1021,1034
70118,1019,1031
70119,1018,1030
70120,1012,1032
70121,1011,1035
70122,1009,1040
70123,1010,1040
70124,1006,1038
70125,1000,1040
70126,997,1040
70127,996,1042
70128,998,1046
70129,996,1048
70130,995,1048
70131,988,1048
70132,987,1048
70133,988,1054
70134,990,1057
70135,990,1056
70136,984,1056
70137,982,1053
70138,981,1056
70139,986,1057
70140,986,1061
70141,986,1060
70142,986,1058
70143,982,1057
70144,982,1058
70145,981,1059
70146,982,1063
70147,983,1060
70148,979,1059
70149,975,1057
70150,977,1059
70151,979,1061
70152,985,1062
70153,982,1059
70154,984,1059
70155,980,1053
70156,976,1054
70157,976,1056
70158,979,1056
70159,981,1057
70160,980,1055
70161,978,1052
70162,978,1050
70163,977,1052
70164,983,1055
70165,983,1053
70166,980,1050
70167,978,1046
70168,976,1045
70169,977,1046
70170,982,1051
70171,983,1048
70172,981,1045
70173,976,1045
70174,978,1047
70175,978,1048
70176,980,1051
70177,981,1053
70178,980,1050
70179,980,1050
70180,981,1051
70181,982,1054
70182,988,1057
70183,988,1056
70184,988,1053
70185,986,1050
70186,983,1052
70187,984,1055
70188,987,1058
70189,988,1057
70190,986,1052
70191,981,1051
70192,983,1052
70193,987,1055
70194,988,1055
70195,986,1053
70196,982,1047
70197,982,1048
70198,982,1049
70199,981,1048
70200,984,1051
70201,987,1048
70202,984,1045
70203,982,1042
70204,981,1043
70205,983,1045
70206,981,1048
70207,983,1046
70208,984,1042
70209,985,1042
70210,987,1042
70211,986,1042
70212,986,1044
70213,986,1046
70214,983,1042
70215,982,1043
70216,978,1042
70217,974,1044
70218,980,1050
70219,981,1050
70220,978,1048
70221,977,1044
70222,975,1045
70223,978,1050
70224,981,1050
70225,980,1051
70226,976,1050
70227,974,1048
70228,973,1051
70229,974,1051
70230,979,1056
70231,978,1054
70232,976,1054
70233,975,1052
70234,972,1056
70235,973,1056
70236,977,1056
70237,978,1054
70238,972,1052
70239,974,1050
70240,974,1052
70241,976,1054
70242,981,1055
70243,978,1054
70244,976,1050
70245,973,1049
70246,970,1051
70247,974,1053
70248,977,1054
70249,978,1052
70250,975,1048
70251,971,1046
70252,971,1048
70253,975,1049
70254,977,1052
70255,974,1052
70256,971,1047
70257,966,1048
70258,970,1047
70259,972,1049
70260,969,1049
70261,970,1048
70262,970,1048
70263,971,1047
70264,969,1047
70265,970,1048
70266,973,1051
70267,977,1049
70268,974,1047
70269,968,1045
70270,964,1046
70271,967,1047
70272,972,1050
70273,974,1047
70274,971,1049
70275,970,1044
70276,968,1047
70277,971,1047
70278,972,1050
70279,974,1047
70280,972,1045
70281,970,1044
70282,970,1043
70283,968,1049
70284,968,1053
70285,970,1051
70286,967,1051
70287,967,1047
70288,966,1049
70289,967,1051
70290,975,1055
70291,977,1055
70292,977,1051
70293,976,1049
70294,974,1050
70295,974,1054
70296,973,1054
70297,976,1054
70298,972,1047
70299,971,1047
70300,973,1047
70301,973,1051
70302,975,1053
70303,978,1048
70304,976,1046
70305,973,1042
70306,973,1042
70307,979,1043
70308,982,1046
70309,983,1043
70310,984,1039
70311,984,1034
70312,989,1033
70313,999,1035
70314,1012,1037
70315,1028,1035
70316,1043,1032
70317,1063,1027
70318,1092,1022
70319,1124,1019
70320,1159,1010
70321,1196,1006
70322,1228,1004
70323,1259,1005
70324,1286,1019
70325,1302,1038
70326,1295,1053
70327,1260,1056
70328,1209,1053
70329,1146,1058
70330,1086,1067
70331,1026,1076
70332,978,1084
70333,953,1087
70334,943,1082
70335,949,1073
70336,962,1066
70337,969,1059
70338,973,1056
70339,973,1050
70340,970,1047
70341,964,1045
70342,964,1046
70343,965,1048
70344,969,1049
70345,965,1047
70346,959,1042
70347,957,1042
70348,955,1042
70349,954,1044
70350,957,1046
70351,957,1045
70352,956,1043
70353,953,1041
70354,951,1040
70355,953,1043
70356,954,1046
70357,952,1044
70358,952,1042
70359,951,1041
70360,949,1043
70361,953,1047
70362,957,1049
70363,956,1046
70364,957,1044
70365,956,1044
70366,956,1044
70367,957,1046
70368,961,1049
70369,958,1046
70370,955,1045
70371,954,1043
70372,956,1043
70373,960,1046
70374,963,1047
70375,965,1046
70376,960,1044
70377,956,1043
70378,957,1045
70379,957,1045
70380,961,1045
70381,963,1045
70382,965,1041
70383,963,1040
70384,963,1040
70385,965,1040
70386,967,1043
70387,968,1042
70388,966,1037
70389,963,1035
70390,962,1037
70391,965,1038
70392,969,1039
70393,967,1036
70394,970,1032
70395,968,1030
70396,967,1030
70397,970,1033
70398,975,1036
70399,978,1032
70400,976,1029
70401,975,1027
70402,975,1027
70403,977,1027
70404,983,1028
70405,988,1027
70406,987,1025
70407,988,1023
70408,986,1021
70409,989,1021
70410,996,1023
70411,997,1023
70412,996,1018
70413,993,1015
70414,993,1015
70415,997,1016
70416,1001,1017
70417,1005,1016
70418,1004,1011
70419,1003,1008
70420,1002,1010
70421,1006,1010
70422,1010,1013
70423,1010,1011
70424,1008,1005
70425,1008,1001
70426,1006,1003
70427,1012,1004
70428,1017,1005
70429,1019,1003
70430,1017,1001
70431,1016,995
70432,1016,1001
70433,1017,1004
70434,1019,1006
70435,1021,1007
70436,1015,1004
70437,1010,1002
70438,1009,1006
70439,1011,1011
70440,1012,1015
70441,1012,1016
70442,1012,1016
70443,1005,1016
70444,999,1017
70445,999,1023
70446,998,1028
70447,997,1031
70448,990,1030
70449,986,1030
70450,988,1034
70451,987,1038
70452,989,1038
70453,985,1039
70454,982,1040
70455,977,1040
70456,974,1042
70457,976,1045
70458,975,1049
70459,975,1049
70460,972,1046
70461,970,1045
70462,969,1047
70463,970,1049
70464,973,1053
70465,973,1053
70466,973,1050
70467,967,1047
70468,966,1053
70469,965,1052
70470,965,1058
70471,970,1056
70472,968,1054
70473,966,1052
70474,964,1053
70475,967,1056
70476,969,1058
70477,970,1057
70478,969,1053
70479,967,1052
70480,964,1053
70481,967,1055
70482,973,1059
70483,974,1057
70484,970,1053
70485,970,1052
70486,972,1052
70487,973,1054
70488,976,1057
70489,976,1055
70490,976,1051
70491,972,1049
70492,972,1050
70493,975,1056
70494,978,1056
70495,981,1053
70496,980,1052
70497,978,1049
70498,980,1049
70499,983,1048
70500,984,1052
70501,984,1049
70502,982,1048
70503,977,1047
70504,979,1048
70505,979,1051
70506,984,1049
70507,984,1047
70508,982,1045
70509,981,1044
70510,983,1043
70511,985,1047
70512,989,1051
70513,987,1050
70514,984,1046
70515,978,1045
70516,979,1045
70517,982,1047
70518,984,1049
70519,988,1048
70520,983,1046
70521,983,1043
70522,982,1043
70523,980,1045
70524,983,1046
70525,981,1047
70526,978,1043
70527,975,1043
70528,974,1045
70529,976,1045
70530,980,1047
70531,981,1044
70532,983,1041
70533,979,1041
70534,981,1042
70535,981,1045
70536,987,1049
70537,985,1047
70538,983,1045
70539,980,1043
70540,982,1043
70541,988,1045
70542,992,1047
70543,992,1046
70544,993,1044
70545,988,1038
70546,989,1040
70547,994,1039
70548,1005,1042
70549,1014,1039
70550,1029,1036
70551,1046,1029
70552,1072,1029
70553,1107,1023
70554,1148,1021
70555,1186,1020
70556,1222,1016
70557,1253,1019
70558,1283,1034
70559,1301,1052
70560,1310,1065
70561,1297,1069
70562,1264,1062
70563,1213,1061
70564,1158,1069
70565,1103,1077
70566,1049,1086
70567,997,1089
70568,957,1089
70569,938,1085
70570,940,1082
70571,950,1076
70572,962,1067
70573,968,1057
70574,968,1052
70575,967,1045
70576,967,1042
70577,965,1047
70578,963,1048
70579,963,1043
70580,960,1044
70581,954,1041
70582,952,1042
70583,954,1044
70584,956,1046
70585,957,1044
70586,955,1044
70587,952,1040
70588,954,1042
70589,956,1042
70590,959,1046
70591,959,1045
70592,956,1041
70593,952,1037
70594,952,1040
70595,956,1043
70596,960,1047
70597,962,1046
70598,964,1043
70599,960,1038
70600,959,1042
70601,959,1044
70602,962,1046
70603,963,1045
70604,963,1043
70605,960,1040
70606,959,1042
70607,963,1043
70608,965,1046
70609,965,1046
70610,960,1044
70611,959,1041
70612,959,1041
70613,962,1043
70614,962,1045
70615,965,1043
70616,963,1040
70617,959,1038
70618,961,1040
70619,963,1040
70620,967,1040
70621,966,1039
70622,964,1035
70623,960,1031
70624,959,1033
70625,964,1035
70626,968,1036
70627,971,1034
70628,970,1029
70629,967,1025
70630,965,1025
70631,966,1025
70632,970,1029
70633,973,1024
70634,977,1019
70635,975,1014
70636,977,1014
70637,980,1014
70638,986,1017
70639,988,1013
70640,988,1010
70641,990,1004
70642,990,1005
70643,994,1006
70644,999,1007
70645,998,1003
70646,1000,999
70647,1001,998
70648,1005,998
70649,1008,999
70650,1013,1000
70651,1014,997
70652,1009,993
70653,1007,989
70654,1010,992
70655,1012,993
70656,1015,997
70657,1019,997
70658,1018,995
70659,1018,992
70660,1017,996
70661,1017,999
70662,1020,1001
70663,1017,1005
70664,1015,1002
70665,1010,1004
70666,1005,1007
70667,1008,1010
70668,1008,1015
70669,1007,1014
70670,1005,1014
70671,997,1016
70672,993,1018
70673,993,1025
70674,993,1030
70675,991,1030
70676,984,1029
70677,979,1027
70678,975,1034
70679,977,1036
70680,977,1041
70681,976,1041
70682,969,1038
70683,966,1039
70684,965,1041
70685,966,1043
70686,968,1048
70687,969,1046
70688,965,1043
70689,962,1045
70690,962,1048
70691,967,1052
70692,968,1058
70693,969,1053
70694,964,1054
70695,963,1052
70696,962,1053
70697,966,1056
70698,967,1060
70699,970,1059
70700,969,1057
70701,967,1056
70702,966,1056
70703,970,1057
70704,972,1059
70705,972,1060
70706,970,1057
70707,970,1055
70708,972,1056
70709,973,1058
70710,977,1059
70711,977,1057
70712,975,1055
70713,974,1053
70714,970,1052
70715,974,1053
70716,976,1055
70717,976,1054
70718,972,1050
70719,972,1049
70720,971,1047
70721,971,1051
70722,974,1052
70723,975,1050
70724,969,1044
70725,970,1041
70726,966,1042
70727,967,1042
70728,970,1044
70729,967,1043
70730,968,1040
70731,965,1038
70732,964,1040
70733,967,1045
70734,967,1047
70735,967,1042
70736,966,1040
70737,963,1037
70738,964,1039
70739,967,1041
70740,968,1044
70741,966,1044
70742,964,1043
70743,963,1041
70744,966,1043
70745,967,1042
70746,969,1044
70747,967,1044
70748,967,1043
70749,966,1042
70750,965,1045
70751,967,1046
70752,970,1050
70753,971,1050
70754,969,1049
70755,966,1046
70756,965,1047
70757,965,1051
70758,971,1053
70759,971,1050
70760,968,1048
70761,969,1049
70762,966,1051
70763,971,1052
70764,971,1052
70765,972,1049
70766,968,1045
70767,964,1044
70768,964,1045
70769,968,1047
70770,970,1048
70771,968,1049
70772,967,1047
70773,965,1046
70774,967,1047
70775,970,1051
70776,970,1053
70777,968,1050
70778,968,1047
70779,966,1044
70780,967,1045
70781,970,1051
70782,970,1051
70783,972,1050
70784,970,1047
70785,964,1042
70786,966,1044
70787,966,1046
70788,968,1046
70789,967,1046
70790,967,1046
70791,961,1043
70792,962,1046
70793,965,1047
70794,970,1049
70795,970,1050
70796,968,1049
70797,963,1045
70798,961,1046
70799,963,1051
70800,965,1053
70801,968,1052
70802,967,1050
70803,965,1050
70804,963,1052
70805,970,1055
70806,969,1057
70807,970,1055
70808,964,1052
70809,961,1049
70810,961,1051
70811,962,1050
70812,965,1051
70813,965,1049
70814,966,1046
70815,963,1044
70816,960,1046
70817,960,1047
70818,962,1052
70819,962,1049
70820,962,1046
70821,960,1044
70822,959,1045
70823,961,1046
70824,964,1049
70825,964,1049
70826,962,1045
70827,959,1046
70828,958,1047
70829,962,1050
70830,965,1052
70831,964,1051
70832,964,1049
70833,960,1046
70834,959,1049
70835,962,1050
70836,967,1054
70837,967,1052
70838,965,1048
70839,963,1047
70840,964,1048
70841,966,1051
70842,968,1051
70843,971,1049
70844,971,1048
70845,968,1045
70846,968,1045
70847,967,1048
70848,970,1054
70849,970,1050
70850,970,1048
70851,967,1048
70852,970,1050
70853,969,1052
70854,973,1054
70855,974,1052
70856,974,1047
70857,970,1047
70858,971,1045
70859,975,1046
70860,975,1049
70861,974,1048
70862,975,1044
70863,972,1041
70864,970,1044
70865,973,1048
70866,976,1052
70867,975,1048
70868,974,1046
70869,971,1044
70870,972,1048
70871,976,1050
70872,977,1051
70873,978,1051
70874,977,1048
70875,975,1047
70876,974,1046
70877,978,1050
70878,980,1051
70879,985,1048
70880,986,1043
70881,986,1038
70882,998,1041
70883,1012,1041
70884,1034,1041
70885,1049,1041
70886,1075,1034
70887,1102,1029
70888,1136,1022
70889,1175,1017
70890,1211,1011
70891,1248,1008
70892,1280,1010
70893,1299,1020
70894,1303,1034
70895,1292,1050
70896,1253,1055
70897,1197,1055
70898,1139,1057
70899,1075,1062
70900,1016,1065
70901,974,1068
70902,957,1069
70903,957,1065
70904,962,1060
70905,968,1049
70906,975,1044
70907,976,1045
70908,976,1044
70909,974,1043
70910,974,1038
70911,970,1039
70912,967,1041
70913,963,1045
70914,962,1049
70915,961,1050
70916,957,1046
70917,955,1046
70918,952,1047
70919,954,1048
70920,957,1049
70921,957,1050
70922,956,1047
70923,953,1046
70924,954,1048
70925,952,1050
70926,956,1053
70927,957,1050
70928,955,1048
70929,950,1048
70930,948,1050
70931,950,1053
70932,954,1055
70933,953,1055
70934,953,1052
70935,947,1049
70936,946,1053
70937,947,1054
70938,951,1054
70939,951,1057
70940,948,1051
70941,947,1050
70942,948,1051
70943,950,1055
70944,952,1056
70945,953,1054
70946,953,1056
70947,949,1052
70948,951,1053
70949,953,1054
70950,957,1054
70951,961,1050
70952,959,1047
70953,957,1047
70954,959,1047
70955,962,1049
70956,965,1052
70957,967,1050
70958,968,1045
70959,965,1043
70960,968,1043
70961,969,1044
70962,975,1047
70963,972,1048
70964,975,1042
70965,974,1042
70966,977,1042
70967,978,1044
70968,979,1046
70969,982,1042
70970,980,1039
70971,979,1036
70972,983,1036
70973,986,1040
70974,990,1040
70975,993,1036
70976,992,1036
70977,989,1030
70978,990,1032
70979,991,1034
70980,995,1036
70981,999,1029
70982,1000,1028
70983,999,1027
70984,1001,1025
70985,1005,1028
70986,1006,1030
70987,1007,1028
70988,1006,1023
70989,1005,1025
70990,1003,1027
70991,1005,1027
70992,1008,1024
70993,1012,1020
70994,1011,1016
70995,1008,1014
70996,1012,1017
70997,1014,1020
70998,1013,1021
70999,1013,1021
71000,1011,1019
71001,1008,1020
71002,1008,1022
71003,1008,1027
71004,1012,1031
71005,1010,1031
71006,1008,1032
71007,1003,1032
71008,1000,1035
71009,1000,1039
71010,1000,1041
71011,996,1040
71012,993,1038
71013,988,1040
71014,990,1043
71015,986,1047
71016,986,1050
71017,986,1048
71018,980,1045
71019,977,1045
71020,976,1046
71021,977,1053
71022,979,1054
71023,978,1052
71024,977,1049
71025,972,1050
71026,969,1052
71027,971,1053
71028,970,1056
71029,973,1054
71030,972,1052
71031,971,1051
71032,970,1051
71033,971,1056
71034,973,1056
71035,974,1054
71036,973,1053
71037,970,1050
71038,970,1050
71039,970,1051
71040,973,1051
71041,975,1051
71042,973,1049
71043,973,1046
71044,971,1050
71045,972,1050
71046,973,1051
71047,972,1048
71048,972,1046
71049,971,1046
71050,971,1048
71051,975,1048
71052,978,1050
71053,978,1048
71054,977,1047
71055,975,1045
71056,976,1046
71057,978,1048
71058,979,1048
71059,982,1047
71060,981,1046
71061,978,1045
71062,976,1046
71063,978,1046
71064,984,1051
71065,984,1048
71066,981,1048
71067,978,1047
71068,977,1048
71069,979,1050
71070,981,1055
71071,985,1053
71072,983,1051
71073,981,1052
71074,980,1054
71075,981,1057
71076,984,1061
71077,980,1060
71078,979,1058
71079,977,1052
71080,978,1056
71081,978,1057
71082,979,1059
71083,980,1057
71084,977,1051
71085,975,1044
71086,971,1045
71087,973,1043
71088,974,1045
71089,970,1042
71090,970,1040
71091,968,1038
71092,968,1039
71093,971,1042
71094,975,1043
71095,974,1041
71096,972,1038
71097,970,1037
71098,968,1037
71099,970,1041
71100,972,1042
71101,974,1042
71102,971,1041
71103,970,1038
71104,969,1039
71105,971,1044
71106,972,1047
71107,975,1045
71108,973,1039
71109,967,1040
71110,966,1041
71111,970,1043
71112,972,1043
71113,973,1043
71114,972,1040
71115,969,1041
71116,968,1043
71117,969,1047
71118,972,1048
71119,972,1048
71120,970,1046
71121,967,1047
71122,970,1050
71123,972,1052
71124,977,1053
71125,977,1053
71126,975,1050
71127,974,1049
71128,974,1053
71129,976,1055
71130,978,1058
71131,980,1054
71132,977,1051
71133,974,1048
71134,974,1053
71135,974,1054
71136,972,1056
71137,973,1056
71138,969,1053
71139,966,1048
71140,968,1049
71141,970,1053
71142,973,1053
71143,972,1053
71144,971,1047
71145,967,1044
71146,967,1045
71147,967,1049
71148,970,1051
71149,972,1047
71150,968,1043
71151,965,1043
71152,962,1044
71153,965,1046
71154,970,1050
71155,972,1046
71156,971,1043
71157,967,1041
71158,965,1044
71159,969,1045
71160,975,1049
71161,976,1046
71162,973,1044
71163,970,1039
71164,968,1043
71165,971,1046
71166,974,1049
71167,974,1048
71168,971,1049
71169,967,1047
71170,969,1049
71171,972,1052
71172,976,1055
71173,978,1052
71174,978,1050
71175,977,1048
71176,977,1049
71177,983,1050
71178,986,1053
71179,989,1051
71180,991,1046
71181,993,1039
71182,1005,1040
71183,1022,1040
71184,1042,1037
71185,1062,1033
71186,1090,1028
71187,1123,1016
71188,1157,1004
71189,1197,1003
71190,1236,1005
71191,1268,1009
71192,1291,1020
71193,1292,1033
71194,1262,1042
71195,1210,1048
71196,1150,1054
71197,1088,1064
71198,1026,1067
71199,974,1070
71200,945,1073
71201,940,1074
71202,952,1071
71203,966,1058
71204,972,1046
71205,970,1039
71206,969,1038
71207,967,1038
71208,969,1039
71209,971,1039
71210,965,1039
71211,965,1037
71212,961,1041
71213,962,1044
71214,965,1045
71215,965,1047
71216,963,1043
71217,960,1040
71218,955,1045
71219,957,1049
71220,960,1051
71221,962,1049
71222,964,1048
71223,961,1048
71224,961,1048
71225,964,1051
71226,967,1052
71227,970,1053
71228,966,1049
71229,961,1046
71230,958,1048
71231,960,1051
71232,961,1054
71233,961,1049
71234,960,1048
71235,958,1046
71236,957,1049
71237,958,1051
71238,963,1052
71239,962,1047
71240,957,1048
71241,956,1044
71242,955,1045
71243,956,1048
71244,958,1049
71245,960,1051
71246,958,1046
71247,959,1042
71248,958,1042
71249,961,1044
71250,964,1045
71251,967,1042
71252,963,1038
71253,960,1037
71254,961,1038
71255,966,1039
71256,969,1042
71257,971,1038
71258,968,1039
71259,970,1032
71260,972,1039
71261,974,1039
71262,977,1039
71263,978,1035
71264,981,1031
71265,980,1026
71266,982,1024
71267,983,1026
71268,989,1027
71269,989,1021
71270,992,1018
71271,993,1016
71272,992,1017
71273,996,1018
71274,1001,1021
71275,1001,1015
71276,1000,1017
71277,1001,1012
71278,1002,1013
71279,1007,1015
71280,1010,1015
71281,1011,1013
71282,1011,1010
71283,1009,1007
71284,1010,1007
71285,1014,1008
71286,1018,1010
71287,1017,1006
71288,1013,1002
71289,1008,1004
71290,1007,1006
71291,1009,1007
71292,1012,1009
71293,1011,1006
71294,1011,1004
71295,1008,1004
71296,1006,1010
71297,1005,1012
71298,1005,1016
71299,1005,1016
71300,1002,1016
71301,1000,1018
71302,998,1022
71303,994,1027
71304,996,1030
71305,996,1029
71306,995,1031
71307,992,1030
71308,989,1036
71309,989,1039
71310,987,1041
71311,989,1042
71312,984,1040
71313,982,1037
71314,978,1042
71315,980,1046
71316,981,1048
71317,979,1047
71318,975,1043
71319,970,1042
71320,967,1047
71321,969,1048
71322,971,1051
71323,974,1047
71324,974,1045
71325,971,1044
71326,973,1046
71327,974,1049
71328,978,1052
71329,976,1049
71330,979,1048
71331,978,1045
71332,981,1049
71333,988,1050
71334,995,1054
71335,1003,1055
71336,1005,1053
71337,1003,1053
71338,1008,1059
71339,1016,1060
71340,1028,1061
71341,1039,1054
71342,1050,1045
71343,1062,1031
71344,1074,1019
71345,1090,1006
71346,1108,994
71347,1120,979
71348,1135,964
71349,1146,949
71350,1160,934
71351,1179,917
71352,1200,896
71353,1222,874
71354,1239,855
71355,1252,840
71356,1262,833
71357,1268,833
71358,1266,833
71359,1259,831
71360,1251,824
71361,1244,823
71362,1235,825
71363,1226,829
71364,1210,832
71365,1188,836
71366,1161,836
71367,1133,846
71368,1109,856
71369,1087,872
71370,1074,883
71371,1062,894
71372,1052,905
71373,1043,916
71374,1040,932
71375,1038,943
71376,1032,956
71377,1034,963
71378,1039,972
71379,1046,980
71380,1060,989
71381,1074,996
71382,1072,1003
71383,1054,1010
71384,1020,1014
71385,983,1024
71386,959,1036
71387,942,1048
71388,939,1061
71389,937,1071
71390,929,1072
71391,921,1073
71392,914,1079
71393,912,1083
71394,914,1087
71395,909,1091
71396,904,1089
71397,898,1094
71398,893,1097
71399,892,1102
71400,894,1106
71401,891,1109
71402,891,1106
71403,888,1104
71404,885,1107
71405,884,1113
71406,886,1113
71407,885,1114
71408,881,1114
71409,874,1114
71410,874,1116
71411,876,1120
71412,876,1124
71413,876,1127
71414,873,1127
71415,872,1127
71416,871,1130
71417,872,1134
71418,874,1136
71419,872,1137
71420,869,1136
71421,868,1138
71422,869,1140
71423,872,1144
71424,874,1149
71425,875,1148
71426,873,1149
71427,872,1147
71428,876,1150
71429,878,1154
71430,882,1156
71431,883,1156
71432,877,1157
71433,877,1158
71434,877,1159
71435,879,1165
71436,885,1170
71437,886,1168
71438,887,1168
71439,888,1166
71440,890,1165
71441,893,1168
71442,897,1169
71443,898,1167
71444,901,1162
71445,897,1161
71446,900,1162
71447,906,1164
71448,911,1164
71449,916,1160
71450,917,1155
71451,921,1147
71452,926,1143
71453,932,1148
71454,939,1141
71455,941,1136
71456,943,1127
71457,942,1121
71458,942,1119
71459,950,1118
71460,953,1115
71461,957,1107
71462,957,1100
71463,954,1093
71464,955,1089
71465,960,1089
71466,966,1086
71467,967,1081
71468,964,1075
71469,964,1068
71470,964,1069
71471,966,1070
71472,969,1069
71473,966,1064
71474,966,1060
71475,963,1055
71476,965,1053
71477,968,1056
71478,969,1057
71479,969,1052
71480,968,1050
71481,966,1048
71482,964,1051
71483,965,1049
71484,969,1051
71485,969,1051
71486,964,1047
71487,963,1048
71488,959,1048
71489,959,1051
71490,964,1054
71491,966,1051
71492,963,1048
71493,961,1046
71494,961,1047
71495,965,1048
71496,967,1048
71497,968,1046
71498,968,1044
71499,965,1044
71500,964,1042
71501,968,1047
71502,970,1050
71503,970,1048
71504,969,1046
71505,968,1043
71506,968,1046
71507,971,1048
71508,977,1048
71509,977,1048
71510,976,1045
71511,973,1045
71512,971,1048
71513,973,1045
71514,978,1051
71515,979,1046
71516,975,1045
71517,973,1043
71518,975,1044
71519,977,1048
71520,980,1048
71521,978,1046
71522,974,1044
71523,973,1042
71524,973,1043
71525,978,1046
71526,979,1046
71527,977,1043
71528,975,1041
71529,972,1040
71530,973,1043
71531,975,1044
71532,975,1046
71533,975,1047
71534,974,1045
71535,970,1043
71536,972,1048
71537,974,1047
71538,978,1049
71539,974,1047
71540,972,1046
71541,972,1044
71542,969,1042
71543,969,1044
71544,972,1044
71545,972,1044
71546,972,1042
71547,970,1040
71548,968,1043
71549,973,1047
71550,973,1046
71551,973,1043
71552,972,1041
71553,971,1038
71554,973,1041
71555,973,1044
71556,974,1046
71557,972,1045
71558,970,1042
71559,966,1042
71560,967,1044
71561,970,1047
71562,977,1048
71563,979,1047
71564,979,1045
71565,972,1042
71566,970,1045
71567,972,1049
71568,974,1049
71569,972,1052
71570,970,1047
71571,969,1047
71572,968,1048
71573,972,1051
71574,975,1054
71575,976,1052
71576,973,1049
71577,969,1046
71578,969,1045
71579,971,1046
71580,974,1048
71581,975,1044
71582,975,1041
71583,971,1037
71584,971,1039
71585,974,1041
71586,975,1043
71587,972,1042
71588,968,1038
71589,967,1038
71590,970,1037
71591,972,1041
71592,974,1042
71593,976,1041
71594,973,1039
71595,969,1035
71596,968,1037
71597,970,1041
71598,973,1039
71599,976,1040
71600,974,1035
71601,973,1033
71602,972,1033
71603,973,1035
71604,975,1040
71605,976,1040
71606,972,1035
71607,970,1036
71608,972,1042
71609,973,1046
71610,978,1047
71611,979,1043
71612,975,1042
71613,972,1039
71614,973,1043
71615,974,1049
71616,974,1050
71617,976,1047
71618,976,1044
71619,970,1044
71620,974,1046
71621,977,1048
71622,981,1050
71623,979,1050
71624,976,1049
71625,974,1049
71626,972,1052
71627,977,1053
71628,979,1058
71629,980,1057
71630,981,1050
71631,977,1047
71632,978,1044
71633,978,1045
71634,978,1043
71635,978,1040
71636,976,1037
71637,977,1034
71638,976,1037
71639,979,1038
71640,981,1040
71641,980,1039
71642,977,1035
71643,975,1032
71644,974,1030
71645,978,1034
71646,982,1033
71647,982,1034
71648,979,1031
71649,980,1032
71650,981,1032
71651,980,1035
71652,983,1038
71653,981,1036
71654,980,1033
71655,976,1034
71656,977,1035
71657,978,1037
71658,983,1038
71659,985,1038
71660,981,1035
71661,978,1036
71662,976,1039
71663,981,1039
71664,984,1042
71665,982,1039
71666,981,1036
71667,979,1038
71668,979,1038
71669,983,1041
71670,985,1041
71671,985,1039
71672,987,1036
71673,982,1037
71674,981,1039
71675,985,1042
71676,989,1043
71677,987,1044
71678,987,1039
71679,987,1039
71680,987,1040
71681,990,1042
71682,995,1039
71683,997,1036
71684,1000,1032
71685,1005,1027
71686,1017,1024
71687,1035,1026
71688,1053,1025
71689,1077,1024
71690,1102,1018
71691,1129,1011
71692,1167,1005
71693,1208,998
71694,1242,995
71695,1276,995
71696,1296,1006
71697,1300,1017
71698,1279,1030
71699,1233,1036
71700,1178,1042
71701,1115,1047
71702,1050,1052
71703,995,1055
71704,963,1063
71705,957,1064
71706,971,1058
71707,979,1047
71708,983,1039
71709,979,1036
71710,975,1034
71711,978,1038
71712,977,1041
71713,978,1037
71714,975,1036
71715,970,1036
71716,970,1037
71717,972,1041
71718,973,1041
71719,973,1036
71720,971,1034
71721,967,1032
71722,965,1036
71723,967,1039
71724,972,1041
71725,970,1036
71726,969,1035
71727,967,1034
71728,961,1037
71729,965,1039
71730,968,1040
71731,969,1038
71732,967,1036
71733,966,1034
71734,968,1035
71735,971,1038
71736,970,1039
71737,971,1037
71738,968,1037
71739,967,1035
71740,966,1040
71741,967,1039
71742,975,1042
71743,975,1039
71744,973,1038
71745,970,1039
71746,970,1041
71747,974,1043
71748,977,1040
71749,976,1037
71750,976,1035
71751,975,1035
71752,970,1036
71753,974,1041
71754,979,1043
71755,979,1039
71756,975,1035
71757,971,1036
71758,975,1035
71759,977,1038
71760,983,1038
71761,983,1037
71762,983,1032
71763,981,1031
71764,981,1030
71765,987,1033
71766,989,1034
71767,988,1029
71768,988,1025
71769,987,1026
71770,987,1026
71771,991,1027
71772,994,1027
71773,996,1023
71774,995,1022
71775,992,1017
71776,993,1020
71777,997,1019
71778,1001,1019
71779,1001,1017
71780,999,1016
71781,998,1013
71782,999,1014
71783,1004,1014
71784,1004,1016
71785,1004,1011
71786,1001,1008
71787,1002,1007
71788,1004,1005
71789,1011,1008
71790,1012,1011
71791,1016,1010
71792,1017,1006
71793,1013,1005
71794,1013,1006
71795,1014,1010
71796,1016,1012
71797,1014,1012
71798,1010,1013
71799,1009,1013
71800,1009,1020
71801,1014,1023
71802,1018,1023
71803,1015,1024
71804,1010,1024
71805,1006,1024
71806,1006,1026
71807,1007,1033
71808,1006,1036
71809,1003,1035
71810,999,1033
71811,997,1033
71812,995,1036
71813,995,1039
71814,992,1041
71815,990,1042
71816,986,1040
71817,982,1041
71818,985,1043
71819,984,1047
71820,985,1046
71821,981,1044
71822,981,1044
71823,980,1043
71824,979,1044
71825,983,1045
71826,986,1047
71827,983,1043
71828,979,1039
71829,976,1041
71830,976,1042
71831,977,1045
71832,980,1046
71833,981,1041
71834,978,1041
71835,974,1038
71836,974,1040
71837,977,1044
71838,979,1043
71839,978,1042
71840,977,1040
71841,977,1038
71842,978,1039
71843,978,1040
71844,979,1043
71845,980,1039
71846,977,1038
71847,977,1038
71848,977,1041
71849,983,1045
71850,986,1046
71851,987,1041
71852,986,1041
71853,983,1039
71854,982,1040
71855,986,1043
71856,987,1045
71857,988,1040
71858,988,1037
71859,982,1037
71860,981,1040
71861,983,1041
71862,989,1043
71863,986,1040
71864,985,1038
71865,984,1035
71866,983,1037
71867,982,1040
71868,987,1041
71869,989,1043
71870,986,1041
71871,983,1039
71872,982,1039
71873,984,1040
71874,984,1039
71875,985,1035
71876,981,1032
71877,979,1031
71878,976,1031
71879,979,1034
71880,981,1034
71881,981,1031
71882,979,1027
71883,973,1027
71884,972,1031
71885,974,1032
71886,977,1036
71887,977,1034
71888,975,1032
71889,974,1034
71890,969,1035
71891,973,1039
71892,977,1040
71893,976,1038
71894,978,1037
71895,975,1037
71896,971,1040
71897,975,1044
71898,980,1049
71899,979,1045
71900,978,1042
71901,975,1040
71902,975,1043
71903,975,1042
71904,977,1043
71905,976,1043
71906,975,1039
71907,975,1040
71908,977,1039
71909,981,1040
71910,984,1041
71911,984,1040
71912,984,1035
71913,979,1035
71914,980,1039
71915,979,1040
71916,979,1041
71917,980,1040
71918,978,1036
71919,976,1036
71920,973,1035
71921,973,1042
71922,974,1043
71923,971,1041
71924,973,1039
71925,971,1037
71926,972,1039
71927,974,1044
71928,979,1040
71929,978,1043
71930,975,1037
71931,971,1036
71932,972,1037
71933,973,1040
71934,975,1042
71935,974,1041
71936,972,1039
71937,970,1038
71938,969,1042
71939,972,1045
71940,974,1047
71941,976,1046
71942,974,1044
71943,970,1043
71944,975,1043
71945,974,1047
71946,972,1047
71947,977,1049
71948,979,1041
71949,974,1042
71950,974,1042
71951,976,1047
71952,980,1047
71953,981,1044
71954,980,1039
71955,978,1041
71956,978,1041
71957,981,1042
71958,984,1045
71959,985,1044
71960,979,1041
71961,976,1042
71962,971,1041
71963,974,1047
71964,979,1046
71965,980,1049
71966,975,1044
71967,975,1041
71968,977,1045
71969,981,1047
71970,982,1045
71971,982,1044
71972,979,1042
71973,976,1038
71974,974,1042
71975,981,1043
71976,985,1044
71977,985,1040
71978,983,1037
71979,982,1038
71980,984,1039
71981,986,1039
71982,986,1043
71983,985,1041
71984,984,1040
71985,984,1039
71986,986,1040
71987,988,1045
71988,992,1043
71989,992,1044
71990,990,1040
71991,987,1040
71992,989,1043
71993,990,1045
71994,992,1048
71995,995,1048
71996,994,1044
71997,992,1043
71998,991,1044
71999,995,1042
72000,1001,1042
72001,1007,1039
72002,1014,1037
72003,1024,1035
72004,1040,1031
72005,1062,1027
72006,1090,1021
72007,1121,1012
72008,1159,1004
72009,1197,999
72010,1236,999
72011,1270,1008
72012,1292,1020
72013,1297,1031
72014,1284,1038
72015,1251,1040
72016,1201,1043
72017,1151,1045
72018,1106,1055
72019,1053,1063
72020,999,1066
72021,962,1068
72022,948,1074
72023,951,1076
72024,961,1068
72025,969,1054
72026,972,1046
72027,972,1042
72028,972,1042
72029,974,1043
72030,978,1042
72031,979,1039
72032,978,1033
72033,971,1035
72034,971,1037
72035,972,1040
72036,972,1042
72037,972,1038
72038,967,1036
72039,967,1037
72040,967,1035
72041,970,1041
72042,974,1041
72043,972,1040
72044,968,1036
72045,969,1039
72046,966,1040
72047,965,1043
72048,967,1042
72049,966,1041
72050,963,1041
72051,962,1044
72052,964,1047
72053,965,1046
72054,967,1042
72055,967,1039
72056,963,1036
72057,961,1034
72058,962,1037
72059,965,1041
72060,965,1040
72061,965,1037
72062,963,1038
72063,962,1035
72064,962,1036
72065,965,1037
72066,965,1039
72067,962,1034
72068,958,1029
72069,956,1025
72070,959,1025
72071,961,1028
72072,965,1031
72073,964,1029
72074,962,1026
72075,963,1024
72076,964,1027
72077,968,1027
72078,972,1030
72079,973,1028
72080,971,1026
72081,972,1027
72082,969,1029
72083,970,1031
72084,974,1031
72085,977,1028
72086,981,1023
72087,981,1023
72088,982,1025
72089,982,1026
72090,989,1025
72091,992,1026
72092,992,1025
72093,989,1024
72094,990,1024
72095,995,1024
72096,1001,1021
72097,1001,1018
72098,999,1015
72099,1000,1013
72100,1001,1014
72101,1003,1017
72102,1007,1016
72103,1008,1014
72104,1009,1014
72105,1010,1009
72106,1009,1010
72107,1011,1010
72108,1013,1010
72109,1011,1004
72110,1011,1001
72111,1006,1002
72112,1005,1005
72113,1009,1009
72114,1009,1009
72115,1008,1006
72116,1007,1006
72117,1007,1003
72118,1007,1003
72119,1009,1008
72120,1009,1002
72121,1010,998
72122,1008,997
72123,1002,998
72124,1004,1003
72125,1005,1009
72126,1008,1012
72127,1007,1013
72128,1000,1012
72129,999,1015
72130,1000,1020
72131,1002,1025
72132,1003,1027
72133,1001,1027
72134,998,1024
72135,994,1025
72136,992,1030
72137,992,1032
72138,994,1036
72139,993,1037
72140,991,1037
72141,986,1037
72142,985,1043
72143,986,1049
72144,990,1047
72145,986,1046
72146,981,1045
72147,978,1044
72148,978,1044
72149,981,1052
72150,983,1053
72151,985,1050
72152,980,1049
72153,980,1047
72154,980,1051
72155,980,1055
72156,981,1055
72157,982,1052
72158,979,1050
72159,977,1050
72160,979,1050
72161,981,1050
72162,984,1054
72163,984,1054
72164,981,1052
72165,978,1050
72166,977,1051
72167,979,1053
72168,982,1052
72169,983,1050
72170,981,1044
72171,975,1039
72172,976,1042
72173,980,1044
72174,983,1045
72175,984,1045
72176,981,1046
72177,977,1047
72178,978,1048
72179,980,1050
72180,983,1050
72181,982,1048
72182,980,1044
72183,981,1045
72184,980,1048
72185,984,1049
72186,987,1049
72187,985,1048
72188,982,1048
72189,979,1047
72190,980,1048
72191,982,1050
72192,987,1049
72193,987,1046
72194,984,1045
72195,981,1044
72196,983,1044
72197,986,1049
72198,987,1048
72199,983,1046
72200,982,1044
72201,985,1041
72202,982,1043
72203,985,1045
72204,988,1044
72205,988,1044
72206,985,1043
72207,983,1040
72208,984,1041
72209,988,1044
72210,989,1046
72211,987,1045
72212,985,1043
72213,979,1046
72214,981,1046
72215,987,1048
72216,986,1047
72217,986,1045
72218,984,1043
72219,983,1043
72220,984,1045
72221,987,1049
72222,986,1049
72223,983,1050
72224,981,1045
72225,979,1044
72226,979,1043
72227,980,1045
72228,985,1046
72229,984,1045
72230,979,1039
72231,977,1038
72232,977,1040
72233,979,1043
72234,982,1043
72235,984,1041
72236,980,1039
72237,981,1037
72238,978,1042
72239,982,1042
72240,984,1044
72241,984,1041
72242,982,1039
72243,980,1040
72244,978,1042
72245,981,1047
72246,984,1047
72247,983,1046
72248,982,1043
72249,981,1042
72250,981,1042
72251,981,1045
72252,984,1048
72253,984,1047
72254,982,1044
72255,979,1046
72256,982,1050
72257,982,1052
72258,986,1057
72259,987,1054
72260,987,1051
72261,986,1049
72262,985,1049
72263,986,1048
72264,989,1046
72265,991,1045
72266,991,1042
72267,987,1041
72268,988,1043
72269,990,1043
72270,995,1044
72271,993,1040
72272,991,1038
72273,987,1038
72274,987,1039
72275,989,1042
72276,993,1046
72277,993,1042
72278,992,1042
72279,990,1040
72280,991,1040
72281,1001,1044
72282,1013,1043
72283,1026,1041
72284,1041,1034
72285,1058,1031
72286,1087,1029
72287,1126,1025
72288,1171,1018
72289,1211,1009
72290,1248,1003
72291,1282,1004
72292,1304,1020
72293,1305,1036
72294,1286,1045
72295,1239,1046
72296,1182,1047
72297,1122,1054
72298,1056,1069
72299,1002,1082
72300,965,1083
72301,949,1083
72302,950,1077
72303,957,1070
72304,966,1063
72305,973,1060
72306,978,1055
72307,980,1055
72308,978,1053
72309,977,1053
72310,977,1053
72311,978,1053
72312,981,1051
72313,979,1045
72314,978,1041
72315,976,1039
72316,974,1042
72317,973,1045
72318,977,1045
72319,975,1048
72320,969,1047
72321,969,1045
72322,972,1048
72323,973,1050
72324,974,1055
72325,975,1051
72326,972,1046
72327,969,1046
72328,968,1045
72329,969,1047
72330,975,1047
72331,974,1044
72332,970,1041
72333,968,1040
72334,965,1041
72335,970,1044
72336,971,1045
72337,965,1043
72338,966,1041
72339,963,1040
72340,965,1042
72341,970,1046
72342,974,1044
72343,971,1041
72344,973,1041
72345,970,1040
72346,968,1041
72347,972,1044
72348,975,1045
72349,976,1045
72350,974,1042
72351,974,1039
72352,974,1041
72353,975,1043
72354,979,1043
72355,983,1038
72356,980,1036
72357,976,1034
72358,976,1035
72359,978,1040
72360,984,1041
72361,983,1040
72362,984,1037
72363,982,1034
72364,982,1037
72365,986,1040
72366,992,1038
72367,993,1035
72368,993,1031
72369,993,1026
72370,992,1026
72371,998,1029
72372,1002,1026
72373,1001,1024
72374,1001,1021
72375,1003,1021
72376,1005,1021
72377,1010,1026
72378,1014,1024
72379,1016,1021
72380,1015,1016
72381,1014,1014
72382,1012,1017
72383,1014,1022
72384,1017,1020
72385,1019,1017
72386,1024,1008
72387,1023,1006
72388,1024,1005
72389,1025,1010
72390,1027,1010
72391,1028,1011
72392,1026,1007
72393,1023,1004
72394,1023,1007
72395,1027,1010
72396,1030,1011
72397,1032,1009
72398,1032,1007
72399,1027,1008
72400,1026,1006
72401,1027,1009
72402,1030,1013
72403,1027,1012
72404,1024,1012
72405,1020,1013
72406,1019,1017
72407,1021,1024
72408,1021,1025
72409,1022,1026
72410,1017,1025
72411,1012,1029
72412,1012,1035
72413,1012,1043
72414,1010,1046
72415,1009,1045
72416,999,1044
72417,999,1047
72418,998,1050
72419,998,1050
72420,1002,1050
72421,996,1048
72422,992,1045
72423,990,1044
72424,987,1045
72425,988,1050
72426,990,1050
72427,990,1050
72428,987,1053
72429,985,1051
72430,984,1051
72431,985,1050
72432,988,1050
72433,986,1051
72434,982,1047
72435,980,1049
72436,979,1051
72437,981,1056
72438,984,1058
72439,986,1056
72440,984,1057
72441,980,1055
72442,981,1060
72443,982,1061
72444,985,1064
72445,986,1057
72446,983,1053
72447,983,1052
72448,978,1051
72449,984,1053
72450,988,1052
72451,989,1048
72452,991,1048
72453,987,1048
72454,990,1050
72455,988,1052
72456,993,1053
72457,992,1051
72458,988,1046
72459,986,1045
72460,988,1048
72461,988,1051
72462,991,1050
72463,993,1048
72464,990,1044
72465,988,1043
72466,987,1046
72467,990,1050
72468,991,1050
72469,992,1049
72470,990,1048
72471,988,1047
72472,989,1051
72473,991,1053
72474,994,1055
72475,997,1052
72476,991,1048
72477,989,1046
72478,991,1044
72479,991,1044
72480,997,1042
72481,995,1038
72482,994,1040
72483,990,1038
72484,992,1042
72485,992,1046
72486,994,1048
72487,992,1048
72488,989,1045
72489,986,1044
72490,986,1049
72491,989,1049
72492,991,1048
72493,990,1046
72494,987,1047
72495,986,1044
72496,982,1048
72497,985,1048
72498,986,1051
72499,989,1052
72500,986,1048
72501,986,1047
72502,983,1049
72503,986,1052
72504,992,1053
72505,991,1052
72506,991,1048
72507,988,1047
72508,989,1052
72509,990,1052
72510,990,1049
72511,993,1045
72512,989,1043
72513,988,1040
72514,986,1043
72515,989,1043
72516,993,1045
72517,989,1046
72518,988,1043
72519,984,1044
72520,987,1049
72521,988,1052
72522,990,1054
72523,990,1055
72524,988,1053
72525,985,1048
72526,987,1044
72527,990,1041
72528,993,1041
72529,991,1041
72530,986,1042
72531,984,1050
72532,983,1055
72533,987,1058
72534,989,1056
72535,991,1050
72536,984,1044
72537,983,1039
72538,984,1039
72539,990,1043
72540,991,1040
72541,989,1038
72542,986,1037
72543,984,1037
72544,985,1040
72545,984,1042
72546,989,1046
72547,984,1044
72548,981,1040
72549,982,1040
72550,985,1040
72551,991,1046
72552,992,1046
72553,988,1045
72554,983,1044
72555,980,1042
72556,982,1046
72557,985,1048
72558,989,1049
72559,991,1049
72560,989,1046
72561,992,1044
72562,995,1045
72563,1001,1044
72564,1008,1041
72565,1014,1036
72566,1022,1031
72567,1028,1027
72568,1042,1031
72569,1062,1033
72570,1089,1033
72571,1121,1026
72572,1153,1019
72573,1186,1010
72574,1222,1006
72575,1254,1011
72576,1282,1015
72577,1298,1020
72578,1300,1030
72579,1278,1036
72580,1238,1041
72581,1193,1046
72582,1142,1051
72583,1087,1058
72584,1033,1061
72585,985,1063
72586,956,1065
72587,951,1069
72588,955,1067
72589,966,1062
72590,971,1052
72591,975,1045
72592,978,1043
72593,981,1045
72594,982,1044
72595,981,1043
72596,976,1038
72597,971,1039
72598,971,1043
72599,970,1046
72600,970,1045
72601,970,1044
72602,970,1042
72603,965,1042
72604,968,1044
72605,971,1046
72606,974,1044
72607,971,1040
72608,968,1039
72609,964,1038
72610,963,1040
72611,967,1042
72612,971,1044
72613,967,1042
72614,963,1042
72615,962,1042
72616,964,1048
72617,966,1048
72618,971,1049
72619,970,1049
72620,967,1047
72621,966,1046
72622,965,1048
72623,969,1049
72624,973,1047
72625,972,1044
72626,970,1039
72627,967,1041
72628,969,1041
72629,972,1046
72630,971,1049
72631,970,1047
72632,967,1046
72633,966,1044
72634,967,1044
72635,971,1046
72636,977,1044
72637,977,1043
72638,974,1039
72639,971,1041
72640,970,1047
72641,975,1050
72642,976,1049
72643,975,1044
72644,974,1039
72645,974,1034
72646,974,1038
72647,975,1038
72648,980,1042
72649,979,1043
72650,979,1039
72651,978,1038
72652,974,1036
72653,980,1035
72654,983,1035
72655,985,1034
72656,985,1031
72657,984,1027
72658,987,1027
72659,990,1028
72660,991,1030
72661,995,1034
72662,993,1035
72663,990,1033
72664,993,1028
72665,1000,1018
72666,1004,1012
72667,1003,1003
72668,1002,996
72669,1001,995
72670,1001,997
72671,1005,999
72672,1008,1002
72673,1010,1002
72674,1008,995
72675,1006,996
72676,1007,998
72677,1012,1001
72678,1015,1000
72679,1015,998
72680,1012,995
72681,1010,994
72682,1008,998
72683,1016,1001
72684,1016,1002
72685,1016,1003
72686,1013,1003
72687,1013,1000
72688,1010,1006
72689,1013,1010
72690,1013,1014
72691,1010,1015
72692,1006,1013
72693,1005,1017
72694,1006,1022
72695,1006,1023
72696,1005,1028
72697,1002,1027
72698,995,1028
72699,991,1029
72700,989,1038
72701,989,1048
72702,993,1053
72703,990,1052
72704,985,1044
72705,977,1040
72706,975,1040
72707,979,1041
72708,979,1043
72709,976,1044
72710,975,1041
72711,973,1041
72712,976,1046
72713,976,1051
72714,977,1051
72715,979,1052
72716,973,1053
72717,973,1053
72718,973,1052
72719,975,1051
72720,979,1050
72721,976,1046
72722,973,1045
72723,969,1047
72724,970,1049
72725,973,1052
72726,977,1051
72727,979,1048
72728,977,1047
72729,973,1048
72730,979,1052
72731,986,1055
72732,996,1059
72733,1000,1055
72734,1001,1048
72735,1001,1047
72736,1004,1049
72737,1008,1052
72738,1019,1055
72739,1029,1050
72740,1040,1042
72741,1050,1030
72742,1061,1022
72743,1073,1010
72744,1087,999
72745,1100,984
72746,1112,970
72747,1125,960
72748,1139,950
72749,1156,942
72750,1171,926
72751,1187,906
72752,1204,889
72753,1216,880
72754,1230,869
72755,1242,859
72756,1251,849
72757,1247,844
72758,1239,838
72759,1234,836
72760,1231,840
72761,1223,847
72762,1216,849
72763,1205,852
72764,1188,856
72765,1167,859
72766,1149,862
72767,1126,867
72768,1107,873
72769,1084,880
72770,1060,891
72771,1042,906
72772,1033,922
72773,1029,936
72774,1029,949
72775,1028,953
72776,1024,962
72777,1022,968
72778,1027,982
72779,1038,994
72780,1049,1003
72781,1058,1004
72782,1064,1005
72783,1055,1006
72784,1035,1014
72785,1014,1024
72786,986,1031
72787,960,1038
72788,941,1047
72789,926,1057
72790,919,1067
72791,917,1078
72792,916,1083
72793,908,1081
72794,900,1081
72795,893,1083
72796,893,1085
72797,893,1088
72798,895,1091
72799,894,1093
72800,886,1091
72801,880,1090
72802,882,1096
72803,883,1101
72804,885,1104
72805,887,1104
72806,885,1106
72807,880,1108
72808,879,1109
72809,879,1113
72810,882,1113
72811,882,1114
72812,879,1115
72813,875,1117
72814,875,1121
72815,875,1128
72816,877,1131
72817,873,1131
72818,869,1128
72819,866,1128
72820,866,1125
72821,868,1125
72822,873,1124
72823,870,1122
72824,865,1126
72825,862,1130
72826,862,1134
72827,862,1137
72828,864,1135
72829,865,1131
72830,863,1131
72831,861,1134
72832,864,1137
72833,864,1141
72834,865,1143
72835,865,1143
72836,861,1144
72837,858,1144
72838,863,1151
72839,865,1154
72840,869,1157
72841,868,1156
72842,866,1155
72843,864,1155
72844,868,1159
72845,875,1159
72846,881,1157
72847,884,1154
72848,880,1153
72849,878,1153
72850,882,1157
72851,887,1158
72852,892,1155
72853,897,1147
72854,898,1140
72855,901,1138
72856,907,1136
72857,913,1139
72858,917,1135
72859,919,1138
72860,920,1130
72861,919,1128
72862,922,1120
72863,926,1113
72864,933,1104
72865,937,1095
72866,934,1089
72867,935,1086
72868,938,1084
72869,941,1080
72870,946,1076
72871,945,1073
72872,943,1066
72873,943,1064
72874,944,1063
72875,947,1065
72876,951,1061
72877,949,1056
72878,948,1051
72879,947,1047
72880,947,1051
72881,950,1054
72882,955,1057
72883,952,1058
72884,952,1053
72885,951,1054
72886,951,1051
72887,954,1049
72888,956,1046
72889,956,1040
72890,952,1037
72891,948,1035
72892,948,1042
72893,954,1044
72894,955,1048
72895,957,1053
72896,954,1051
72897,951,1050
72898,951,1048
72899,954,1041
72900,955,1040
72901,956,1038
72902,956,1039
72903,955,1037
72904,959,1044
72905,963,1045
72906,967,1048
72907,969,1048
72908,964,1047
72909,960,1047
72910,963,1050
72911,966,1049
72912,969,1049
72913,967,1046
72914,967,1042
72915,965,1045
72916,965,1045
72917,965,1047
72918,970,1046
72919,968,1041
72920,966,1042
72921,962,1038
72922,964,1041
72923,968,1041
72924,969,1044
72925,970,1042
72926,966,1042
72927,963,1043
72928,964,1049
72929,965,1054
72930,967,1052
72931,967,1047
72932,967,1038
72933,964,1036
72934,965,1037
72935,967,1038
72936,971,1039
72937,968,1045
72938,964,1041
72939,964,1039
72940,961,1040
72941,966,1038
72942,968,1037
72943,967,1030
72944,963,1028
72945,962,1031
72946,963,1032
72947,966,1038
72948,964,1038
72949,965,1039
72950,961,1036
72951,957,1038
72952,959,1044
72953,963,1051
72954,964,1053
72955,964,1050
72956,964,1046
72957,962,1042
72958,962,1042
72959,966,1044
72960,968,1043
72961,967,1042
72962,965,1044
72963,965,1041
72964,967,1043
72965,969,1045
72966,972,1048
72967,972,1048
72968,970,1044
72969,967,1041
72970,970,1042
72971,970,1046
72972,971,1047
72973,973,1045
72974,970,1042
72975,966,1043
72976,969,1044
72977,970,1048
72978,974,1047
72979,973,1046
72980,969,1042
72981,968,1040
72982,968,1045
72983,970,1049
72984,972,1048
72985,972,1047
72986,967,1041
72987,968,1039
72988,967,1043
72989,970,1044
72990,971,1045
72991,970,1044
72992,967,1042
72993,963,1040
72994,968,1043
72995,971,1044
72996,971,1047
72997,970,1048
72998,968,1052
72999,965,1055
73000,969,1053
73001,968,1048
73002,970,1046
73003,971,1043
73004,968,1049
73005,965,1058
73006,963,1069
73007,968,1072
73008,972,1066
73009,968,1048
73010,968,1029
73011,965,1016
73012,968,1019
73013,974,1024
73014,975,1029
73015,974,1028
73016,971,1025
73017,970,1026
73018,974,1028
73019,975,1033
73020,978,1036
73021,978,1038
73022,974,1032
73023,973,1037
73024,976,1039
73025,979,1041
73026,979,1045
73027,978,1042
73028,979,1040
73029,975,1042
73030,973,1044
73031,978,1046
73032,979,1045
73033,976,1044
73034,971,1043
73035,968,1044
73036,971,1046
73037,973,1048
73038,975,1048
73039,975,1045
73040,973,1045
73041,971,1046
73042,973,1048
73043,975,1048
73044,975,1046
73045,976,1045
73046,973,1040
73047,971,1044
73048,973,1044
73049,977,1045
73050,978,1045
73051,979,1042
73052,976,1041
73053,975,1038
73054,972,1044
73055,976,1046
73056,980,1045
73057,978,1047
73058,977,1042
73059,974,1041
73060,976,1044
73061,981,1048
73062,982,1048
73063,979,1043
73064,978,1042
73065,976,1041
73066,976,1045
73067,980,1052
73068,982,1052
73069,984,1047
73070,980,1043
73071,980,1039
73072,982,1043
73073,985,1050
73074,986,1053
73075,987,1053
73076,985,1053
73077,983,1055
73078,984,1052
73079,989,1046
73080,991,1038
73081,988,1034
73082,987,1030
73083,985,1027
73084,988,1029
73085,987,1031
73086,992,1035
73087,994,1035
73088,988,1031
73089,987,1033
73090,992,1038
73091,995,1043
73092,1002,1044
73093,1003,1040
73094,1003,1036
73095,1003,1033
73096,1009,1034
73097,1020,1035
73098,1035,1036
73099,1045,1030
73100,1062,1025
73101,1077,1025
73102,1101,1024
73103,1126,1022
73104,1157,1018
73105,1179,1016
73106,1197,1019
73107,1211,1024
73108,1216,1038
73109,1214,1048
73110,1201,1050
73111,1175,1042
73112,1136,1038
73113,1103,1042
73114,1067,1057
73115,1040,1067
73116,1022,1071
73117,1009,1068
73118,998,1061
73119,992,1053
73120,992,1046
73121,993,1035
73122,996,1029
73123,992,1023
73124,990,1025
73125,987,1024
73126,987,1029
73127,986,1033
73128,988,1035
73129,988,1034
73130,985,1032
73131,981,1031
73132,982,1036
73133,981,1037
73134,985,1038
73135,980,1038
73136,977,1035
73137,974,1037
73138,977,1037
73139,978,1044
73140,981,1045
73141,979,1043
73142,975,1040
73143,973,1042
73144,973,1042
73145,974,1045
73146,977,1046
73147,976,1045
73148,974,1045
73149,974,1044
73150,974,1049
73151,977,1050
73152,976,1050
73153,978,1047
73154,976,1043
73155,972,1042
73156,973,1044
73157,974,1047
73158,977,1049
73159,977,1048
73160,974,1044
73161,974,1045
73162,974,1041
73163,978,1045
73164,978,1043
73165,977,1039
73166,975,1037
73167,976,1041
73168,976,1046
73169,981,1044
73170,985,1041
73171,987,1036
73172,983,1033
73173,984,1033
73174,983,1036
73175,988,1043
73176,994,1047
73177,994,1044
73178,992,1037
73179,990,1027
73180,994,1024
73181,998,1024
73182,1002,1025
73183,1000,1022
73184,1000,1023
73185,999,1027
73186,1001,1028
73187,1005,1030
73188,1010,1028
73189,1008,1021
73190,1009,1014
73191,1006,1010
73192,1010,1011
73193,1013,1015
73194,1016,1013
73195,1018,1012
73196,1014,1012
73197,1013,1009
73198,1012,1015
73199,1016,1018
73200,1018,1016
73201,1018,1012
73202,1017,1007
73203,1012,1006
73204,1015,1011
73205,1019,1014
73206,1024,1018
73207,1022,1018
73208,1021,1023
73209,1018,1025
73210,1018,1026
73211,1021,1032
73212,1026,1031
73213,1024,1026
73214,1024,1017
73215,1022,1017
73216,1023,1012
73217,1025,1016
73218,1027,1015
73219,1026,1010
73220,1022,1004
73221,1019,1007
73222,1020,1013
73223,1024,1021
73224,1025,1023
73225,1023,1026
73226,1021,1028
73227,1014,1027
73228,1014,1033
73229,1014,1037
73230,1016,1041
73231,1015,1040
73232,1010,1038
73233,1006,1042
73234,1007,1044
73235,1008,1044
73236,1009,1046
73237,1007,1043
73238,1003,1042
73239,999,1044
73240,998,1052
73241,999,1050
73242,1003,1049
73243,1001,1044
73244,998,1042
73245,995,1042
73246,993,1046
73247,996,1050
73248,996,1049
73249,996,1046
73250,993,1043
73251,989,1041
73252,991,1041
73253,994,1045
73254,994,1045
73255,995,1040
73256,993,1038
73257,991,1041
73258,991,1043
73259,994,1048
73260,994,1048
73261,996,1047
73262,991,1042
73263,990,1042
73264,991,1046
73265,992,1049
73266,997,1049
73267,996,1051
73268,993,1050
73269,993,1051
73270,994,1054
73271,997,1055
73272,999,1052
73273,997,1048
73274,996,1043
73275,999,1040
73276,997,1038
73277,1001,1040
73278,1004,1039
73279,1002,1038
73280,1002,1037
73281,998,1035
73282,1001,1038
73283,1002,1041
73284,1006,1041
73285,1004,1039
73286,1003,1036
73287,1000,1038
73288,1001,1040
73289,1006,1047
73290,1006,1043
73291,1002,1042
73292,1001,1039
73293,998,1041
73294,999,1043
73295,1002,1044
73296,1005,1043
73297,1004,1042
73298,999,1040
73299,996,1041
73300,998,1042
73301,1000,1043
73302,1002,1047
73303,1001,1050
73304,999,1046
73305,998,1039
73306,998,1035
73307,1001,1034
73308,1004,1032
73309,1002,1031
73310,1000,1032
73311,998,1036
73312,999,1036
73313,1000,1042
73314,1004,1042
73315,1005,1043
73316,1004,1044
73317,996,1043
73318,999,1043
73319,1003,1044
73320,1006,1043
73321,1005,1038
73322,1003,1034
73323,1003,1033
73324,1006,1037
73325,1012,1038
73326,1015,1038
73327,1017,1034
73328,1014,1034
73329,1015,1033
73330,1023,1032
73331,1032,1033
73332,1042,1036
73333,1047,1031
73334,1057,1026
73335,1067,1025
73336,1081,1025
73337,1100,1025
73338,1117,1023
73339,1133,1016
73340,1143,1010
73341,1156,1008
73342,1167,1014
73343,1171,1028
73344,1172,1039
73345,1159,1046
73346,1142,1045
73347,1124,1046
73348,1100,1054
73349,1081,1067
73350,1064,1073
73351,1044,1073
73352,1029,1071
73353,1016,1061
73354,1012,1054
73355,1010,1046
73356,1010,1041
73357,1003,1038
73358,1000,1037
73359,996,1037
73360,994,1041
73361,996,1046
73362,997,1047
73363,993,1045
73364,989,1042
73365,987,1044
73366,988,1045
73367,990,1046
73368,990,1047
73369,988,1043
73370,985,1039
73371,982,1036
73372,984,1031
73373,984,1032
73374,985,1030
73375,982,1031
73376,978,1029
73377,975,1032
73378,975,1034
73379,979,1039
73380,982,1041
73381,981,1038
73382,978,1034
73383,976,1036
73384,976,1035
73385,980,1039
73386,983,1041
73387,981,1040
73388,979,1036
73389,974,1040
73390,976,1042
73391,980,1048
73392,981,1047
73393,979,1045
73394,978,1041
73395,974,1038
73396,979,1038
73397,979,1039
73398,983,1041
73399,982,1042
73400,981,1045
73401,977,1047
73402,979,1050
73403,982,1049
73404,984,1044
73405,985,1032
73406,985,1025
73407,983,1021
73408,982,1025
73409,986,1025
73410,988,1026
73411,990,1019
73412,987,1015
73413,986,1014
73414,990,1018
73415,995,1020
73416,998,1017
73417,1001,1016
73418,1000,1012
73419,997,1008
73420,998,1013
73421,1003,1017
73422,1005,1018
73423,1006,1014
73424,1001,1008
73425,1005,1007
73426,1005,1009
73427,1007,1010
73428,1009,1010
73429,1008,1006
73430,1008,1002
73431,1006,996
73432,1009,1004
73433,1010,1007
73434,1015,1008
73435,1014,1006
73436,1014,1002
73437,1009,1001
73438,1011,1002
73439,1011,1006
73440,1015,1009
73441,1013,1008
73442,1010,1008
73443,1007,1009
73444,1007,1017
73445,1011,1022
73446,1013,1028
73447,1010,1024
73448,1008,1022
73449,1005,1022
73450,1005,1027
73451,1005,1036
73452,1006,1035
73453,1005,1026
73454,1000,1020
73455,997,1018
73456,999,1024
73457,997,1028
73458,999,1030
73459,996,1031
73460,994,1029
73461,989,1033
73462,988,1036
73463,990,1041
73464,991,1044
73465,990,1047
73466,986,1043
73467,983,1044
73468,985,1046
73469,985,1052
73470,987,1051
73471,985,1048
73472,982,1046
73473,982,1047
73474,982,1048
73475,982,1053
73476,984,1053
73477,983,1053
73478,982,1050
73479,980,1051
73480,977,1053
73481,980,1057
73482,983,1059
73483,981,1059
73484,979,1054
73485,978,1055
73486,977,1056
73487,980,1057
73488,985,1058
73489,984,1058
73490,983,1056
73491,981,1055
73492,981,1058
73493,982,1061
73494,989,1060
73495,989,1058
73496,984,1053
73497,983,1053
73498,985,1055
73499,989,1058
73500,992,1061
73501,987,1051
73502,989,1043
73503,986,1037
73504,986,1041
73505,990,1043
73506,994,1050
73507,990,1050
73508,986,1047
73509,982,1044
73510,986,1046
73511,986,1047
73512,991,1044
73513,990,1039
73514,988,1039
73515,984,1041
73516,985,1046
73517,988,1047
73518,990,1050
73519,988,1050
73520,985,1048
73521,984,1047
73522,982,1051
73523,985,1052
73524,987,1050
73525,983,1047
73526,984,1041
73527,983,1043
73528,984,1047
73529,984,1051
73530,987,1055
73531,986,1053
73532,983,1048
73533,982,1050
73534,982,1051
73535,985,1048
73536,987,1045
73537,985,1043
73538,982,1043
73539,979,1044
73540,982,1048
73541,985,1052
73542,988,1053
73543,987,1052
73544,982,1050
73545,981,1050
73546,982,1054
73547,984,1059
73548,986,1059
73549,985,1057
73550,983,1049
73551,981,1050
73552,982,1050
73553,983,1054
73554,986,1049
73555,985,1041
73556,981,1036
73557,980,1036
73558,979,1040
73559,982,1045
73560,984,1045
73561,986,1043
73562,983,1040
73563,982,1045
73564,983,1044
73565,986,1048
73566,988,1048
73567,988,1045
73568,982,1044
73569,982,1043
73570,985,1047
73571,986,1049
73572,988,1049
73573,988,1051
73574,985,1053
73575,983,1057
73576,987,1061
73577,989,1061
73578,993,1049
73579,994,1041
73580,995,1035
73581,994,1036
73582,999,1039
73583,1005,1041
73584,1015,1039
73585,1023,1040
73586,1032,1032
73587,1043,1028
73588,1064,1027
73589,1089,1026
73590,1115,1013
73591,1139,1004
73592,1160,996
73593,1181,998
73594,1200,1011
73595,1211,1031
73596,1204,1049
73597,1181,1054
73598,1146,1050
73599,1104,1056
73600,1063,1069
73601,1030,1085
73602,1004,1092
73603,989,1092
73604,983,1085
73605,982,1077
73606,981,1073
73607,987,1069
73608,991,1060
73609,989,1047
73610,983,1038
73611,980,1034
73612,980,1040
73613,980,1044
73614,982,1045
73615,979,1043
73616,977,1040
73617,974,1042
73618,974,1047
73619,976,1052
73620,979,1047
73621,977,1041
73622,974,1038
73623,972,1039
73624,975,1042
73625,977,1046
73626,981,1047
73627,977,1044
73628,974,1042
73629,972,1041
73630,973,1044
73631,975,1046
73632,977,1042
73633,977,1041
73634,973,1039
73635,972,1039
73636,974,1041
73637,975,1045
73638,977,1045
73639,975,1046
73640,973,1042
73641,973,1044
73642,973,1047
73643,976,1048
73644,977,1045
73645,979,1041
73646,977,1037
73647,975,1036
73648,978,1038
73649,979,1043
73650,985,1043
73651,985,1044
73652,984,1038
73653,981,1036
73654,983,1036
73655,987,1035
73656,990,1037
73657,992,1031
73658,988,1029
73659,986,1029
73660,988,1031
73661,993,1033
73662,997,1033
73663,997,1029
73664,994,1025
73665,995,1022
73666,998,1026
73667,1003,1026
73668,1008,1027
73669,1006,1023
73670,1005,1018
73671,1007,1016
73672,1011,1013
73673,1010,1015
73674,1013,1014
73675,1014,1012
73676,1016,1008
73677,1013,1006
73678,1014,1004
73679,1017,1007
73680,1021,1009
73681,1021,1004
73682,1018,1002
73683,1016,1003
73684,1018,1005
73685,1023,1008
73686,1024,1007
73687,1025,1005
73688,1022,1005
73689,1020,1005
73690,1022,1008
73691,1023,1011
73692,1027,1012
73693,1025,1013
73694,1025,1011
73695,1022,1013
73696,1022,1017
73697,1025,1024
73698,1026,1026
73699,1024,1027
73700,1018,1025
73701,1014,1030
73702,1014,1033
73703,1014,1038
73704,1017,1043
73705,1010,1040
73706,1008,1040
73707,1003,1041
73708,1003,1042
73709,1006,1046
73710,1006,1048
73711,1004,1048
73712,998,1044
73713,997,1045
73714,1000,1046
73715,999,1050
73716,1003,1052
73717,1000,1047
73718,994,1046
73719,993,1047
73720,993,1048
73721,995,1050
73722,1000,1053
73723,1000,1050
73724,998,1048
73725,997,1048
73726,999,1052
73727,1001,1050
73728,1003,1051
73729,1001,1052
73730,1002,1048
73731,1001,1049
73732,1004,1050
73733,1005,1053
73734,1009,1051
73735,1013,1048
73736,1010,1048
73737,1010,1048
73738,1013,1051
73739,1020,1054
73740,1028,1053
73741,1029,1052
73742,1029,1050
73743,1033,1052
73744,1040,1053
73745,1049,1057
73746,1056,1058
73747,1068,1052
73748,1075,1040
73749,1081,1027
73750,1095,1013
73751,1109,1001
73752,1124,990
73753,1137,975
73754,1150,961
73755,1162,947
73756,1176,930
73757,1193,911
73758,1208,890
73759,1219,870
73760,1228,855
73761,1235,845
73762,1239,840
73763,1240,840
73764,1240,841
73765,1236,835
73766,1229,833
73767,1220,833
73768,1210,835
73769,1201,837
73770,1188,840
73771,1170,843
73772,1152,846
73773,1132,854
73774,1116,865
73775,1105,878
73776,1089,890
73777,1080,902
73778,1073,911
73779,1067,923
73780,1066,934
73781,1066,948
73782,1069,958
73783,1066,961
73784,1066,967
73785,1068,976
73786,1072,985
73787,1080,993
73788,1089,995
73789,1085,998
73790,1072,1001
73791,1052,1010
73792,1028,1020
73793,1008,1035
73794,993,1046
73795,981,1058
73796,971,1067
73797,964,1074
73798,958,1080
73799,955,1086
73800,954,1087
73801,949,1088
73802,942,1091
73803,939,1093
73804,938,1098
73805,937,1102
73806,936,1104
73807,935,1103
73808,932,1102
73809,928,1103
73810,929,1106
73811,927,1110
73812,929,1111
73813,927,1111
73814,923,1108
73815,921,1111
73816,919,1113
73817,923,1119
73818,920,1120
73819,919,1118
73820,917,1119
73821,910,1121
73822,911,1125
73823,911,1130
73824,911,1132
73825,908,1134
73826,904,1133
73827,902,1135
73828,900,1142
73829,901,1145
73830,903,1145
73831,901,1144
73832,901,1142
73833,899,1143
73834,898,1147
73835,901,1155
73836,903,1154
73837,901,1157
73838,899,1156
73839,896,1159
73840,898,1163
73841,900,1167
73842,904,1168
73843,904,1169
73844,905,1168
73845,902,1171
73846,906,1173
73847,909,1177
73848,913,1178
73849,912,1176
73850,912,1174
73851,913,1175
73852,916,1174
73853,922,1179
73854,925,1177
73855,926,1172
73856,926,1167
73857,929,1167
73858,933,1163
73859,938,1165
73860,942,1161
73861,946,1156
73862,949,1150
73863,949,1146
73864,954,1140
73865,960,1140
73866,963,1132
73867,968,1127
73868,965,1120
73869,966,1116
73870,968,1114
73871,971,1114
73872,977,1109
73873,974,1103
73874,972,1094
73875,969,1089
73876,973,1085
73877,975,1082
73878,980,1079
73879,980,1071
73880,978,1065
73881,976,1063
73882,977,1063
73883,980,1062
73884,982,1061
73885,981,1058
73886,979,1054
73887,977,1051
73888,978,1050
73889,979,1054
73890,983,1051
73891,984,1049
73892,982,1044
73893,979,1042
73894,981,1045
73895,983,1048
73896,984,1048
73897,982,1046
73898,982,1040
73899,981,1043
73900,982,1045
73901,983,1048
73902,987,1049
73903,985,1045
73904,982,1043
73905,982,1041
73906,985,1048
73907,987,1049
73908,989,1050
73909,986,1046
73910,985,1042
73911,983,1045
73912,984,1049
73913,988,1050
73914,989,1052
73915,990,1051
73916,987,1049
73917,987,1049
73918,988,1048
73919,990,1050
73920,993,1047
73921,991,1045
73922,988,1043
73923,987,1043
73924,989,1046
73925,991,1048
73926,993,1047
73927,992,1044
73928,989,1041
73929,988,1043
73930,986,1044
73931,988,1044
73932,994,1043
73933,993,1043
73934,990,1038
73935,985,1040
73936,988,1040
73937,989,1043
73938,993,1042
73939,990,1041
73940,990,1039
73941,989,1040
73942,989,1043
73943,992,1044
73944,995,1044
73945,992,1041
73946,990,1040
73947,988,1038
73948,990,1042
73949,992,1045
73950,994,1045
73951,993,1041
73952,990,1041
73953,987,1041
73954,989,1042
73955,991,1045
73956,995,1046
73957,990,1045
73958,989,1039
73959,989,1039
73960,987,1041
73961,992,1042
73962,992,1043
73963,990,1042
73964,990,1039
73965,988,1040
73966,988,1041
73967,990,1045
73968,993,1043
73969,992,1041
73970,989,1037
73971,984,1037
73972,985,1041
73973,988,1043
73974,993,1042
73975,992,1043
73976,989,1038
73977,988,1038
73978,985,1039
73979,990,1042
73980,992,1039
73981,990,1038
73982,988,1035
73983,987,1036
73984,988,1040
73985,991,1042
73986,991,1041
73987,989,1039
73988,987,1037
73989,987,1035
73990,988,1040
73991,989,1041
73992,994,1046
73993,992,1041
73994,988,1037
73995,986,1038
73996,989,1042
73997,992,1045
73998,995,1042
73999,994,1038
74000,990,1037
74001,989,1037
74002,990,1038
74003,992,1039
74004,995,1039
74005,993,1035
74006,991,1033
74007,989,1035
74008,990,1039
74009,996,1043
74010,998,1043
74011,997,1041
74012,993,1039
74013,993,1039
74014,995,1041
74015,995,1043
74016,996,1040
74017,993,1038
74018,987,1039
74019,987,1040
74020,990,1038
74021,992,1045
74022,996,1041
74023,993,1041
74024,992,1039
74025,988,1038
74026,991,1039
74027,991,1043
74028,995,1042
74029,994,1040
74030,991,1040
74031,991,1038
74032,994,1042
74033,994,1043
74034,998,1039
74035,994,1038
74036,992,1036
74037,994,1034
74038,994,1039
74039,995,1041
74040,1000,1041
74041,995,1040
74042,996,1039
74043,994,1041
74044,994,1040
74045,997,1042
74046,1001,1041
74047,998,1039
74048,997,1034
74049,992,1036
74050,995,1036
74051,999,1039
74052,1002,1036
74053,998,1032
74054,995,1032
74055,993,1032
74056,994,1036
74057,999,1039
74058,1001,1041
74059,1001,1039
74060,1001,1036
74061,997,1038
74062,997,1041
74063,1000,1041
74064,1002,1042
74065,1000,1039
74066,999,1037
74067,998,1037
74068,1002,1040
74069,1004,1044
74070,1007,1042
74071,1009,1039
74072,1008,1036
74073,1004,1038
74074,1008,1037
74075,1010,1039
74076,1014,1040
74077,1017,1037
74078,1021,1028
74079,1024,1029
74080,1035,1027
74081,1050,1027
74082,1069,1024
74083,1087,1024
74084,1107,1018
74085,1136,1009
74086,1168,1005
74087,1201,1001
74088,1232,1002
74089,1256,1004
74090,1272,1014
74091,1275,1029
74092,1260,1039
74093,1231,1042
74094,1189,1041
74095,1138,1044
74096,1086,1052
74097,1035,1060
74098,1004,1066
74099,992,1072
74100,992,1066
74101,999,1059
74102,1001,1050
74103,1001,1043
74104,1000,1040
74105,1003,1040
74106,1002,1038
74107,1001,1038
74108,995,1035
74109,991,1035
74110,992,1037
74111,991,1039
74112,997,1041
74113,995,1037
74114,990,1036
74115,988,1036
74116,988,1040
74117,990,1042
74118,994,1041
74119,991,1039
74120,986,1039
74121,986,1039
74122,987,1041
74123,989,1042
74124,990,1043
74125,988,1039
74126,985,1035
74127,983,1035
74128,983,1039
74129,988,1041
74130,990,1041
74131,989,1039
74132,987,1037
74133,984,1036
74134,984,1039
74135,987,1042
74136,989,1040
74137,987,1040
74138,987,1036
74139,988,1037
74140,987,1039
74141,988,1040
74142,990,1039
74143,992,1038
74144,990,1033
74145,987,1034
74146,988,1037
74147,990,1039
74148,991,1038
74149,991,1036
74150,990,1037
74151,989,1033
74152,992,1037
74153,995,1039
74154,997,1041
74155,997,1036
74156,994,1033
74157,992,1033
74158,997,1034
74159,999,1038
74160,1001,1035
74161,1000,1033
74162,999,1029
74163,1000,1030
74164,1002,1030
74165,1004,1033
74166,1007,1031
74167,1005,1028
74168,1004,1026
74169,1005,1025
74170,1004,1024
74171,1008,1028
74172,1014,1024
74173,1015,1023
74174,1011,1018
74175,1012,1016
74176,1014,1018
74177,1018,1021
74178,1022,1020
74179,1023,1018
74180,1021,1012
74181,1019,1013
74182,1022,1015
74183,1026,1016
74184,1030,1016
74185,1033,1011
74186,1029,1008
74187,1027,1007
74188,1030,1009
74189,1034,1012
74190,1036,1010
74191,1038,1007
74192,1036,1005
74193,1033,1003
74194,1037,1007
74195,1041,1009
74196,1043,1008
74197,1039,1008
74198,1040,1004
74199,1037,1004
74200,1040,1007
74201,1042,1010
74202,1045,1010
74203,1043,1010
74204,1040,1009
74205,1038,1011
74206,1039,1014
74207,1041,1018
74208,1043,1017
74209,1041,1017
74210,1037,1017
74211,1033,1019
74212,1033,1023
74213,1030,1029
74214,1031,1031
74215,1028,1029
74216,1024,1031
74217,1022,1033
74218,1021,1038
74219,1023,1042
74220,1023,1041
74221,1021,1040
74222,1017,1040
74223,1013,1043
74224,1014,1043
74225,1015,1050
74226,1017,1049
74227,1015,1046
74228,1013,1046
74229,1011,1048
74230,1009,1050
74231,1011,1055
74232,1012,1052
74233,1010,1051
74234,1006,1048
74235,1004,1048
74236,1006,1052
74237,1009,1055
74238,1011,1055
74239,1009,1053
74240,1007,1049
74241,1006,1051
74242,1006,1054
74243,1011,1057
74244,1008,1056
74245,1008,1055
74246,1009,1050
74247,1006,1051
74248,1007,1049
74249,1010,1051
74250,1012,1052
74251,1012,1049
74252,1008,1047
74253,1007,1048
74254,1007,1048
74255,1007,1051
74256,1010,1049
74257,1012,1049
74258,1009,1043
74259,1009,1044
74260,1010,1045
74261,1011,1047
74262,1013,1045
74263,1013,1044
74264,1010,1041
74265,1009,1042
74266,1011,1044
74267,1013,1045
74268,1014,1043
74269,1013,1043
74270,1009,1039
74271,1012,1041
74272,1011,1043
74273,1014,1045
74274,1017,1045
74275,1017,1040
74276,1015,1040
74277,1012,1041
74278,1014,1041
74279,1013,1046
74280,1016,1043
74281,1016,1044
74282,1014,1039
74283,1010,1040
74284,1012,1044
74285,1011,1045
74286,1015,1044
74287,1013,1044
74288,1011,1040
74289,1006,1042
74290,1006,1042
74291,1010,1044
74292,1011,1042
74293,1009,1042
74294,1009,1039
74295,1008,1041
74296,1007,1045
74297,1011,1046
74298,1012,1043
74299,1010,1042
74300,1007,1038
74301,1005,1040
74302,1005,1042
74303,1006,1044
74304,1008,1043
74305,1008,1042
74306,1003,1041
74307,1001,1044
74308,1006,1045
74309,1007,1048
74310,1007,1046
74311,1007,1045
74312,1004,1041
74313,1003,1040
74314,1000,1044
74315,1005,1047
74316,1009,1049
74317,1005,1047
74318,1000,1045
74319,999,1044
74320,1001,1048
74321,1005,1052
74322,1008,1048
74323,1006,1048
74324,1005,1045
74325,1001,1046
74326,1004,1047
74327,1008,1050
74328,1008,1049
74329,1007,1049
74330,1006,1045
74331,1002,1043
74332,1004,1047
74333,1004,1050
74334,1006,1051
74335,1008,1045
74336,1002,1045
74337,1004,1045
74338,1004,1046
74339,1006,1049
74340,1005,1051
74341,1005,1049
74342,1005,1047
74343,1002,1047
74344,1004,1048
74345,1003,1050
74346,1008,1049
74347,1008,1046
74348,1004,1043
74349,1003,1041
74350,1002,1044
74351,1005,1047
74352,1008,1047
74353,1006,1045
74354,1003,1041
74355,1001,1039
74356,1002,1043
74357,1005,1044
74358,1008,1044
74359,1007,1043
74360,1005,1040
74361,1003,1040
74362,1004,1043
74363,1006,1046
74364,1010,1047
74365,1008,1044
74366,1006,1041
74367,998,1044
74368,1002,1048
74369,1005,1049
74370,1010,1049
74371,1007,1050
74372,1004,1048
74373,1004,1046
74374,1002,1048
74375,1004,1051
74376,1006,1049
74377,1006,1052
74378,1001,1047
74379,1001,1047
74380,1003,1049
74381,1005,1052
74382,1008,1052
74383,1007,1051
74384,1006,1048
74385,1002,1047
74386,1005,1049
74387,1008,1051
74388,1011,1050
74389,1009,1048
74390,1006,1044
74391,1003,1044
74392,1005,1045
74393,1009,1047
74394,1010,1047
74395,1010,1046
74396,1009,1042
74397,1008,1042
74398,1007,1046
74399,1009,1047
74400,1012,1048
74401,1008,1045
74402,1008,1042
74403,1007,1042
74404,1005,1045
74405,1010,1049
74406,1011,1046
74407,1012,1045
74408,1008,1043
74409,1007,1042
74410,1008,1047
74411,1007,1049
74412,1007,1049
74413,1008,1050
74414,1008,1043
74415,1006,1047
74416,1006,1049
74417,1008,1050
74418,1010,1051
74419,1009,1051
74420,1006,1047
74421,1006,1048
74422,1006,1051
74423,1008,1052
74424,1010,1048
74425,1011,1049
74426,1005,1045
74427,1004,1047
74428,1005,1048
74429,1005,1049
74430,1010,1048
74431,1008,1047
74432,1006,1046
74433,1004,1045
74434,1006,1048
74435,1009,1050
74436,1011,1048
74437,1010,1048
74438,1009,1043
74439,1007,1046
74440,1007,1047
74441,1011,1051
74442,1014,1048
74443,1011,1046
74444,1011,1045
74445,1009,1044
74446,1009,1045
74447,1012,1047
74448,1013,1045
74449,1009,1043
74450,1008,1043
74451,1006,1042
74452,1008,1044
74453,1010,1048
74454,1012,1048
74455,1010,1046
74456,1009,1042
74457,1004,1044
74458,1006,1048
74459,1007,1050
74460,1011,1049
74461,1009,1046
74462,1008,1044
74463,1005,1044
74464,1006,1047
74465,1009,1053
74466,1012,1052
74467,1011,1046
74468,1006,1045
74469,1006,1047
74470,1005,1048
74471,1007,1051
74472,1010,1047
74473,1010,1046
74474,1008,1043
74475,1005,1043
74476,1006,1045
74477,1010,1048
74478,1008,1046
74479,1010,1043
74480,1009,1043
74481,1003,1041
74482,1006,1044
74483,1008,1046
74484,1009,1045
74485,1009,1041
74486,1006,1041
74487,1003,1041
74488,1005,1043
74489,1007,1045
74490,1012,1044
74491,1009,1043
74492,1007,1041
74493,1005,1040
74494,1006,1044
74495,1009,1047
74496,1010,1046
74497,1011,1047
74498,1006,1044
74499,1004,1046
74500,1005,1047
74501,1008,1050
74502,1010,1050
74503,1008,1048
74504,1006,1045
74505,1005,1041
74506,1005,1043
74507,1008,1046
74508,1010,1046
74509,1008,1042
74510,1007,1036
74511,1004,1039
74512,1006,1044
74513,1008,1047
74514,1010,1046
74515,1009,1042
74516,1006,1040
74517,1006,1040
74518,1006,1041
74519,1009,1044
74520,1006,1044
74521,1007,1042
74522,1005,1038
74523,1005,1040
74524,1005,1042
74525,1010,1045
74526,1012,1044
74527,1010,1042
74528,1006,1038
74529,1005,1041
74530,1007,1041
74531,1010,1043
74532,1010,1043
74533,1011,1041
74534,1007,1037
74535,1007,1039
74536,1008,1040
74537,1011,1041
74538,1012,1040
74539,1009,1039
74540,1006,1037
74541,1006,1034
74542,1006,1038
74543,1007,1042
74544,1010,1041
74545,1010,1041
74546,1008,1037
74547,1003,1039
74548,1005,1041
74549,1007,1046
74550,1009,1044
74551,1009,1043
74552,1007,1044
74553,1004,1043
74554,1007,1045
74555,1012,1048
74556,1013,1050
74557,1014,1045
74558,1010,1042
74559,1009,1040
74560,1011,1044
74561,1012,1047
74562,1011,1045
74563,1011,1040
74564,1010,1038
74565,1007,1040
74566,1008,1040
74567,1013,1043
74568,1015,1042
74569,1014,1038
74570,1010,1035
74571,1006,1038
74572,1008,1037
74573,1013,1042
74574,1014,1042
74575,1015,1038
74576,1011,1034
74577,1011,1033
74578,1011,1039
74579,1012,1038
74580,1016,1039
74581,1015,1037
74582,1015,1035
74583,1012,1037
74584,1015,1036
74585,1017,1039
74586,1021,1038
74587,1021,1035
74588,1020,1033
74589,1019,1033
74590,1022,1035
74591,1024,1038
74592,1029,1037
74593,1030,1037
74594,1030,1035
74595,1030,1035
74596,1036,1036
74597,1044,1036
74598,1052,1033
74599,1061,1028
74600,1069,1024
74601,1084,1024
74602,1103,1023
74603,1122,1024
74604,1143,1014
74605,1162,1003
74606,1178,992
74607,1193,989
74608,1207,988
74609,1219,994
74610,1223,1006
74611,1216,1016
74612,1203,1023
74613,1178,1030
74614,1159,1036
74615,1138,1042
74616,1116,1043
74617,1090,1043
74618,1064,1042
74619,1047,1047
74620,1037,1047
74621,1034,1048
74622,1033,1045
74623,1029,1037
74624,1025,1035
74625,1017,1036
74626,1016,1039
74627,1016,1041
74628,1014,1039
74629,1010,1036
74630,1007,1036
74631,1003,1037
74632,1001,1039
74633,1002,1043
74634,1004,1039
74635,1001,1038
74636,997,1035
74637,993,1036
74638,995,1039
74639,998,1043
74640,998,1043
74641,995,1041
74642,993,1042
74643,988,1041
74644,990,1043
74645,992,1047
74646,991,1047
74647,992,1044
74648,990,1043
74649,985,1044
74650,989,1044
74651,993,1048
74652,994,1048
74653,992,1047
74654,990,1045
74655,989,1048
74656,990,1049
74657,992,1050
74658,995,1052
74659,997,1051
74660,992,1047
74661,990,1048
74662,992,1051
74663,997,1054
74664,996,1053
74665,997,1052
74666,995,1048
74667,993,1049
74668,995,1050
74669,997,1052
74670,996,1049
74671,999,1048
74672,996,1044
74673,996,1043
74674,998,1046
74675,1000,1048
74676,1002,1049
74677,1002,1046
74678,1000,1041
74679,1000,1043
74680,1000,1045
74681,1004,1045
74682,1008,1043
74683,1010,1042
74684,1006,1038
74685,1005,1039
74686,1006,1042
74687,1010,1042
74688,1013,1040
74689,1013,1039
74690,1015,1037
74691,1013,1036
74692,1016,1037
74693,1019,1038
74694,1024,1038
74695,1024,1033
74696,1022,1031
74697,1021,1029
74698,1024,1032
74699,1028,1033
74700,1031,1031
74701,1031,1031
74702,1030,1027
74703,1029,1027
74704,1032,1029
74705,1033,1031
74706,1036,1029
74707,1036,1030
74708,1035,1026
74709,1034,1027
74710,1036,1030
74711,1036,1031
74712,1041,1029
74713,1039,1027
74714,1037,1023
74715,1038,1024
74716,1041,1025
74717,1043,1029
74718,1044,1028
74719,1043,1028
74720,1040,1023
74721,1040,1025
74722,1039,1029
74723,1043,1030
74724,1044,1028
74725,1041,1026
74726,1036,1026
74727,1033,1026
74728,1036,1027
74729,1033,1033
74730,1034,1031
74731,1031,1029
74732,1031,1029
74733,1025,1030
74734,1025,1034
74735,1026,1035
74736,1026,1038
74737,1024,1038
74738,1022,1038
74739,1018,1039
74740,1020,1041
74741,1019,1045
74742,1019,1043
74743,1018,1045
74744,1015,1043
74745,1011,1044
74746,1014,1047
74747,1015,1050
74748,1017,1050
74749,1013,1048
74750,1009,1046
74751,1007,1046
74752,1005,1049
74753,1008,1052
74754,1011,1054
74755,1009,1050
74756,1007,1049
74757,1005,1049
74758,1006,1050
74759,1009,1053
74760,1011,1054
74761,1008,1050
74762,1005,1048
74763,1004,1049
74764,1004,1050
74765,1008,1054
74766,1011,1053
74767,1009,1050
74768,1005,1045
74769,1001,1048
74770,1002,1050
74771,1007,1055
74772,1011,1052
74773,1010,1053
74774,1009,1048
74775,1006,1047
74776,1006,1050
74777,1009,1051
74778,1013,1049
74779,1011,1048
74780,1009,1044
74781,1009,1047
74782,1008,1048
74783,1010,1050
74784,1011,1048
74785,1012,1047
74786,1011,1045
74787,1009,1046
74788,1008,1046
74789,1014,1046
74790,1016,1045
74791,1012,1045
74792,1011,1042
74793,1010,1039
74794,1009,1041
74795,1014,1045
74796,1017,1043
74797,1015,1043
74798,1015,1041
74799,1013,1039
74800,1013,1042
74801,1014,1045
74802,1014,1044
74803,1013,1041
74804,1011,1039
74805,1008,1040
74806,1009,1042
74807,1012,1043
74808,1014,1044
74809,1013,1041
74810,1010,1041
74811,1009,1043
74812,1010,1044
74813,1011,1048
74814,1015,1046
74815,1012,1046
74816,1008,1044
74817,1007,1043
74818,1006,1045
74819,1012,1048
74820,1013,1049
74821,1011,1044
74822,1011,1043
74823,1010,1046
74824,1010,1047
74825,1010,1049
74826,1012,1049
74827,1013,1045
74828,1008,1046
74829,1007,1046
74830,1010,1050
74831,1011,1050
74832,1010,1051
74833,1011,1048
74834,1006,1049
74835,1007,1048
74836,1008,1050
74837,1010,1052
74838,1012,1049
74839,1009,1047
74840,1009,1046
74841,1005,1045
74842,1008,1046
74843,1009,1049
74844,1011,1046
74845,1009,1045
74846,1004,1042
74847,1005,1043
74848,1009,1046
74849,1010,1048
74850,1012,1048
74851,1010,1043
74852,1007,1039
74853,1007,1040
74854,1006,1042
74855,1008,1045
74856,1011,1042
74857,1010,1044
74858,1006,1043
74859,1005,1043
74860,1005,1043
74861,1007,1045
74862,1010,1045
74863,1007,1041
74864,1008,1040
74865,1003,1040
74866,1001,1042
74867,1004,1045
74868,1007,1046
74869,1007,1045
74870,1006,1045
74871,1004,1043
74872,1006,1047
74873,1010,1050
74874,1014,1051
74875,1012,1047
74876,1012,1044
74877,1010,1046
74878,1014,1048
74879,1016,1051
74880,1024,1048
74881,1028,1044
74882,1029,1043
74883,1036,1039
74884,1050,1040
74885,1071,1042
74886,1093,1038
74887,1117,1030
74888,1146,1020
74889,1178,1010
74890,1214,1003
74891,1244,1001
74892,1269,1007
74893,1282,1019
74894,1275,1031
74895,1253,1041
74896,1217,1047
74897,1175,1051
74898,1128,1057
74899,1079,1067
74900,1031,1072
74901,998,1079
74902,988,1083
74903,991,1082
74904,995,1067
74905,999,1055
74906,999,1048
74907,999,1046
74908,999,1045
74909,1002,1045
74910,1002,1045
74911,999,1039
74912,995,1037
74913,991,1038
74914,992,1039
74915,993,1043
74916,995,1041
74917,993,1039
74918,990,1037
74919,988,1039
74920,991,1044
74921,992,1046
74922,994,1045
74923,991,1040
74924,987,1042
74925,987,1040
74926,989,1040
74927,991,1044
74928,991,1043
74929,990,1042
74930,986,1040
74931,984,1040
74932,985,1044
74933,989,1047
74934,990,1046
74935,988,1044
74936,988,1043
74937,988,1046
74938,991,1046
74939,994,1048
74940,994,1045
74941,997,1043
74942,996,1039
74943,995,1038
74944,994,1041
74945,997,1041
74946,998,1041
74947,996,1039
74948,995,1035
74949,996,1034
74950,995,1037
74951,1000,1037
74952,1000,1037
74953,1000,1034
74954,997,1032
74955,997,1035
74956,999,1036
74957,1002,1036
74958,1005,1033
74959,1006,1032
74960,1005,1029
74961,1006,1029
74962,1005,1030
74963,1006,1032
74964,1012,1030
74965,1013,1023
74966,1011,1022
74967,1012,1022
74968,1015,1022
74969,1016,1021
74970,1023,1018
74971,1025,1015
74972,1025,1012
74973,1025,1010
74974,1028,1011
74975,1033,1015
74976,1039,1011
74977,1040,1011
74978,1037,1006
74979,1038,1006
74980,1041,1007
74981,1043,1006
74982,1045,1005
74983,1047,1002
74984,1043,999
74985,1044,997
74986,1044,1001
74987,1046,1000
74988,1052,999
74989,1050,998
74990,1049,997
74991,1046,998
74992,1048,999
74993,1049,1004
74994,1053,1004
74995,1052,1002
74996,1047,1001
74997,1045,1000
74998,1045,1001
74999,1047,1004
75000,1048,1004
75001,1044,1003
75002,1040,999
75003,1038,1001
75004,1038,1005
75005,1038,1008
75006,1035,1010
75007,1030,1012
75008,1028,1011
75009,1023,1016
75010,1022,1019
75011,1022,1026
75012,1022,1026
75013,1019,1027
75014,1014,1025
75015,1010,1028
75016,1012,1030
75017,1010,1033
75018,1009,1035
75019,1006,1032
75020,1003,1034
75021,1000,1033
75022,999,1038
75023,1003,1043
75024,1005,1042
75025,1005,1040
75026,999,1040
75027,999,1042
75028,998,1044
75029,1002,1047
75030,1004,1048
75031,1005,1045
75032,1003,1044
75033,1001,1046
75034,1004,1048
75035,1009,1051
75036,1016,1050
75037,1015,1051
75038,1019,1049
75039,1020,1053
75040,1027,1057
75041,1027,1060
75042,1038,1060
75043,1044,1061
75044,1043,1059
75045,1053,1061
75046,1067,1059
75047,1084,1050
75048,1099,1037
75049,1106,1021
75050,1118,1007
75051,1132,995
75052,1149,987
75053,1164,979
75054,1177,965
75055,1187,952
75056,1199,933
75057,1210,918
75058,1226,904
75059,1244,893
75060,1257,881
75061,1264,869
75062,1266,862
75063,1262,862
75064,1259,865
75065,1257,868
75066,1254,867
75067,1247,865
75068,1229,864
75069,1211,866
75070,1192,872
75071,1175,880
75072,1156,887
75073,1132,891
75074,1113,898
75075,1091,910
75076,1078,920
75077,1070,937
75078,1064,946
75079,1059,953
75080,1052,962
75081,1048,972
75082,1050,981
75083,1057,990
75084,1068,997
75085,1076,999
75086,1084,1003
75087,1085,1006
75088,1080,1011
75089,1066,1018
75090,1044,1024
75091,1014,1030
75092,990,1034
75093,972,1046
75094,967,1058
75095,964,1067
75096,958,1076
75097,954,1074
75098,943,1073
75099,938,1077
75100,934,1083
75101,936,1088
75102,933,1088
75103,930,1089
75104,921,1093
75105,916,1095
75106,916,1098
75107,915,1103
75108,914,1103
75109,911,1101
75110,905,1101
75111,902,1102
75112,904,1103
75113,905,1107
75114,905,1106
75115,902,1106
75116,899,1105
75117,894,1107
75118,895,1110
75119,893,1113
75120,895,1113
75121,893,1113
75122,891,1113
75123,888,1116
75124,888,1118
75125,889,1123
75126,894,1124
75127,888,1125
75128,886,1122
75129,882,1128
75130,882,1129
75131,883,1134
75132,886,1134
75133,887,1135
75134,883,1136
75135,881,1138
75136,882,1143
75137,885,1148
75138,887,1148
75139,884,1148
75140,882,1147
75141,881,1150
75142,884,1151
75143,885,1158
75144,889,1160
75145,890,1157
75146,889,1155
75147,888,1160
75148,887,1161
75149,894,1166
75150,898,1165
75151,898,1163
75152,898,1162
75153,898,1162
75154,901,1163
75155,907,1168
75156,910,1166
75157,912,1161
75158,915,1159
75159,913,1156
75160,918,1158
75161,927,1157
75162,934,1151
75163,932,1146
75164,935,1140
75165,933,1138
75166,939,1136
75167,946,1133
75168,953,1128
75169,955,1124
75170,954,1118
75171,954,1112
75172,959,1108
75173,965,1108
75174,971,1101
75175,971,1097
75176,969,1092
75177,969,1090
75178,975,1087
75179,979,1087
75180,982,1084
75181,981,1078
75182,982,1070
75183,982,1068
75184,983,1069
75185,987,1071
75186,989,1069
75187,988,1064
75188,987,1060
75189,986,1060
75190,989,1062
75191,992,1061
75192,992,1059
75193,990,1057
75194,988,1052
75195,987,1053
75196,985,1054
75197,991,1057
75198,992,1055
75199,992,1052
75200,989,1049
75201,989,1049
75202,992,1052
75203,995,1053
75204,998,1051
75205,994,1047
75206,994,1046
75207,991,1049
75208,994,1049
75209,998,1050
75210,1000,1049
75211,998,1045
75212,995,1045
75213,992,1045
75214,995,1045
75215,999,1051
75216,998,1045
75217,996,1046
75218,995,1043
75219,992,1042
75220,991,1043
75221,997,1046
75222,999,1045
75223,996,1041
75224,992,1042
75225,992,1041
75226,995,1044
75227,997,1043
75228,1000,1044
75229,1001,1042
75230,998,1038
75231,996,1042
75232,998,1044
75233,1000,1047
75234,1003,1044
75235,998,1044
75236,996,1041
75237,996,1040
75238,996,1047
75239,997,1048
75240,1002,1048
75241,1001,1047
75242,999,1045
75243,998,1045
75244,1000,1047
75245,1001,1051
75246,1005,1047
75247,1002,1046
75248,1001,1044
75249,1000,1045
75250,999,1046
75251,1005,1049
75252,1006,1047
75253,1005,1043
75254,1003,1043
75255,1001,1042
75256,1004,1045
75257,1008,1047
75258,1007,1046
75259,1008,1043
75260,1004,1038
75261,1003,1040
75262,1005,1043
75263,1006,1046
75264,1005,1045
75265,1004,1043
75266,1000,1041
75267,1000,1043
75268,1002,1044
75269,1003,1046
75270,1002,1043
75271,1003,1042
75272,999,1039
75273,997,1041
75274,997,1042
75275,1000,1046
75276,1000,1043
75277,999,1042
75278,997,1041
75279,995,1040
75280,999,1039
75281,1003,1042
75282,1004,1041
75283,1003,1040
75284,1001,1036
75285,998,1039
75286,999,1039
75287,1003,1043
75288,1003,1042
75289,1002,1040
75290,999,1039
75291,1001,1040
75292,1000,1041
75293,1003,1045
75294,1005,1043
75295,1002,1041
75296,1001,1039
75297,1001,1040
75298,1001,1042
75299,1003,1045
75300,1007,1042
75301,1003,1041
75302,1001,1038
75303,999,1038
75304,1002,1043
75305,1005,1043
75306,1006,1045
75307,1003,1039
75308,1000,1036
75309,997,1038
75310,998,1039
75311,1002,1044
75312,1004,1042
75313,1003,1039
75314,999,1035
75315,999,1035
75316,1000,1039
75317,1003,1040
75318,1007,1039
75319,1006,1038
75320,1005,1035
75321,1002,1036
75322,1004,1041
75323,1009,1042
75324,1010,1041
75325,1008,1041
75326,1006,1037
75327,1006,1036
75328,1007,1039
75329,1007,1044
75330,1010,1040
75331,1009,1040
75332,1007,1039
75333,1008,1040
75334,1008,1042
75335,1015,1044
75336,1015,1046
75337,1015,1043
75338,1013,1038
75339,1014,1041
75340,1019,1043
75341,1022,1046
75342,1026,1044
75343,1029,1042
75344,1029,1037
75345,1034,1040
75346,1040,1038
75347,1050,1040
75348,1059,1039
75349,1072,1034
75350,1085,1028
75351,1104,1026
75352,1124,1027
75353,1149,1023
75354,1177,1014
75355,1200,1004
75356,1225,999
75357,1242,1001
75358,1255,1013
75359,1256,1029
75360,1250,1042
75361,1226,1043
75362,1193,1043
75363,1154,1046
75364,1114,1055
75365,1077,1065
75366,1045,1070
75367,1020,1071
75368,1007,1071
75369,1000,1064
75370,1001,1061
75371,1007,1053
75372,1006,1050
75373,1006,1039
75374,1002,1037
75375,1001,1037
75376,1003,1038
75377,1000,1040
75378,1001,1036
75379,1000,1035
75380,998,1034
75381,995,1036
75382,996,1035
75383,999,1038
75384,998,1039
75385,998,1036
75386,996,1033
75387,992,1035
75388,993,1036
75389,995,1036
75390,995,1040
75391,995,1039
75392,993,1034
75393,992,1037
75394,991,1040
75395,994,1042
75396,996,1039
75397,995,1039
75398,995,1036
75399,993,1034
75400,994,1039
75401,994,1042
75402,997,1041
75403,995,1040
75404,991,1035
75405,990,1038
75406,990,1040
75407,995,1041
75408,995,1039
75409,994,1036
75410,992,1034
75411,990,1033
75412,991,1037
75413,996,1042
75414,996,1039
75415,997,1036
75416,995,1035
75417,991,1033
75418,995,1036
75419,998,1036
75420,997,1037
75421,998,1034
75422,995,1029
75423,994,1034
75424,997,1034
75425,1000,1037
75426,1002,1038
75427,1002,1035
75428,1000,1032
75429,1000,1031
75430,1002,1036
75431,1006,1036
75432,1008,1033
75433,1008,1031
75434,1011,1027
75435,1008,1027
75436,1011,1025
75437,1018,1027
75438,1019,1025
75439,1021,1020
75440,1020,1014
75441,1019,1016
75442,1022,1016
75443,1026,1019
75444,1026,1017
75445,1025,1015
75446,1025,1010
75447,1025,1011
75448,1025,1010
75449,1032,1012
75450,1032,1011
75451,1035,1006
75452,1033,1002
75453,1032,1004
75454,1034,1003
75455,1037,1007
75456,1038,1004
75457,1040,1002
75458,1038,998
75459,1038,999
75460,1039,999
75461,1043,1004
75462,1045,1003
75463,1043,999
75464,1042,997
75465,1042,997
75466,1042,1001
75467,1043,1004
75468,1047,1008
75469,1044,1005
75470,1042,1004
75471,1041,1007
75472,1042,1010
75473,1043,1015
75474,1043,1016
75475,1040,1015
75476,1036,1017
75477,1034,1018
75478,1033,1023
75479,1035,1027
75480,1031,1028
75481,1030,1028
75482,1024,1026
75483,1023,1029
75484,1024,1033
75485,1024,1039
75486,1021,1039
75487,1018,1037
75488,1013,1037
75489,1011,1035
75490,1010,1040
75491,1013,1041
75492,1013,1043
75493,1008,1041
75494,1005,1037
75495,1006,1041
75496,1003,1043
75497,1006,1046
75498,1008,1046
75499,1005,1042
75500,1002,1040
75501,999,1043
75502,1002,1047
75503,1005,1049
75504,1007,1049
75505,1005,1045
75506,1002,1042
75507,1001,1044
75508,998,1045
75509,1003,1045
75510,1008,1046
75511,1006,1043
75512,1003,1044
75513,1002,1043
75514,1004,1045
75515,1008,1046
75516,1009,1045
75517,1005,1042
75518,1003,1041
75519,1002,1039
75520,1007,1043
75521,1010,1045
75522,1011,1044
75523,1010,1042
75524,1009,1036
75525,1007,1038
75526,1012,1042
75527,1013,1047
75528,1014,1044
75529,1013,1041
75530,1008,1038
75531,1008,1039
75532,1008,1040
75533,1014,1044
75534,1017,1044
75535,1015,1038
75536,1012,1037
75537,1011,1035
75538,1012,1036
75539,1014,1041
75540,1017,1038
75541,1012,1035
75542,1010,1034
75543,1011,1035
75544,1009,1037
75545,1014,1043
75546,1014,1042
75547,1014,1038
75548,1011,1037
75549,1007,1037
75550,1008,1043
75551,1010,1045
75552,1013,1044
75553,1009,1042
75554,1008,1040
75555,1005,1041
75556,1005,1041
75557,1007,1047
75558,1009,1043
75559,1006,1043
75560,1004,1043
75561,1004,1040
75562,1005,1042
75563,1006,1044
75564,1007,1043
75565,1008,1043
75566,1005,1040
75567,1003,1042
75568,1004,1040
75569,1007,1041
75570,1010,1038
75571,1007,1036
75572,1005,1032
75573,1001,1036
75574,1006,1037
75575,1009,1041
75576,1011,1037
75577,1008,1036
75578,1004,1033
75579,1005,1037
75580,1005,1039
75581,1013,1043
75582,1016,1038
75583,1015,1037
75584,1015,1034
75585,1016,1035
75586,1020,1036
75587,1027,1039
75588,1034,1034
75589,1043,1032
75590,1050,1028
75591,1062,1026
75592,1080,1029
75593,1103,1032
75594,1131,1028
75595,1159,1023
75596,1186,1012
75597,1216,1006
75598,1244,1005
75599,1265,1015
75600,1274,1026
75601,1261,1039
75602,1235,1043
75603,1196,1047
75604,1147,1050
75605,1099,1063
75606,1049,1072
75607,1009,1077
75608,990,1078
75609,985,1074
75610,988,1069
75611,994,1061
75612,995,1052
75613,995,1046
75614,992,1041
75615,992,1040
75616,991,1041
75617,990,1043
75618,991,1042
75619,991,1039
75620,984,1034
75621,984,1035
75622,983,1038
75623,988,1040
75624,989,1039
75625,986,1039
75626,984,1037
75627,981,1034
75628,979,1038
75629,983,1040
75630,986,1039
75631,985,1037
75632,984,1038
75633,984,1036
75634,984,1041
75635,988,1043
75636,990,1043
75637,987,1042
75638,984,1040
75639,982,1041
75640,984,1041
75641,987,1046
75642,990,1045
75643,988,1039
75644,984,1043
75645,984,1041
75646,984,1045
75647,989,1046
75648,989,1043
75649,988,1041
75650,986,1039
75651,982,1041
75652,985,1044
75653,989,1048
75654,990,1045
75655,990,1042
75656,989,1038
75657,986,1035
75658,986,1036
75659,992,1039
75660,994,1035
75661,994,1031
75662,993,1026
75663,994,1027
75664,998,1030
75665,998,1029
75666,1002,1027
75667,1004,1023
75668,1003,1020
75669,1005,1019
75670,1007,1018
75671,1011,1020
75672,1014,1016
75673,1013,1013
75674,1011,1011
75675,1014,1009
75676,1015,1012
75677,1019,1013
75678,1023,1008
75679,1023,1008
75680,1020,1005
75681,1018,1004
75682,1021,1007
75683,1024,1009
75684,1029,1007
75685,1027,1004
75686,1025,1002
75687,1024,1001
75688,1027,1005
75689,1031,1009
75690,1032,1003
75691,1032,1004
75692,1033,1000
75693,1031,1002
75694,1033,1008
75695,1032,1009
75696,1034,1007
75697,1031,1009
75698,1029,1009
75699,1025,1009
75700,1024,1012
75701,1022,1019
75702,1024,1020
75703,1020,1021
75704,1015,1019
75705,1013,1022
75706,1011,1026
75707,1012,1032
75708,1013,1030
75709,1005,1029
75710,1003,1030
75711,1002,1030
75712,1004,1037
75713,1004,1041
75714,1001,1038
75715,997,1036
75716,995,1036
75717,992,1036
75718,994,1039
75719,995,1042
75720,996,1044
75721,994,1044
75722,993,1040
75723,989,1042
75724,989,1043
75725,994,1047
75726,993,1044
75727,994,1043
75728,991,1042
75729,988,1045
75730,988,1047
75731,991,1049
75732,991,1045
75733,990,1047
75734,988,1043
75735,984,1042
75736,986,1046
75737,988,1049
75738,992,1048
75739,990,1045
75740,988,1044
75741,988,1043
75742,989,1047
75743,992,1047
75744,993,1048
75745,993,1047
75746,992,1045
75747,992,1046
75748,994,1048
75749,995,1049
75750,997,1045
75751,994,1043
75752,994,1039
75753,992,1042
75754,994,1040
75755,997,1042
75756,1000,1042
75757,998,1038
75758,997,1038
75759,997,1041
75760,996,1041
75761,999,1040
75762,998,1040
75763,994,1038
75764,992,1036
75765,991,1038
75766,995,1040
75767,998,1041
75768,999,1041
75769,997,1039
75770,993,1035
75771,992,1037
75772,994,1040
75773,998,1042
75774,997,1040
75775,997,1037
75776,991,1034
75777,992,1034
75778,994,1036
75779,995,1037
75780,997,1038
75781,996,1035
75782,993,1033
75783,992,1032
75784,994,1036
75785,996,1040
75786,994,1036
75787,993,1036
75788,992,1032
75789,993,1035
75790,993,1036
75791,996,1041
75792,997,1037
75793,992,1037
75794,991,1033
75795,989,1038
75796,993,1040
75797,997,1039
75798,1002,1038
75799,1000,1039
75800,997,1032
75801,995,1033
75802,996,1035
75803,1001,1041
75804,1003,1039
75805,1001,1036
75806,1002,1037
75807,1001,1037
75808,1005,1038
75809,1008,1040
75810,1012,1036
75811,1014,1033
75812,1015,1029
75813,1018,1029
75814,1030,1028
75815,1042,1030
75816,1057,1028
75817,1077,1022
75818,1102,1022
75819,1130,1017
75820,1163,1012
75821,1203,1008
75822,1241,1005
75823,1267,1007
75824,1280,1017
75825,1274,1032
75826,1254,1043
75827,1214,1046
75828,1166,1045
75829,1109,1047
75830,1052,1057
75831,1005,1068
75832,979,1074
75833,975,1082
75834,980,1077
75835,985,1064
75836,986,1053
75837,989,1046
75838,994,1045
75839,996,1042
75840,995,1040
75841,989,1036
75842,987,1035
75843,986,1035
75844,986,1037
75845,987,1036
75846,990,1037
75847,982,1033
75848,980,1030
75849,980,1033
75850,981,1033
75851,983,1038
75852,984,1035
75853,984,1032
75854,980,1032
75855,978,1031
75856,981,1033
75857,985,1037
75858,985,1037
75859,983,1032
75860,981,1029
75861,979,1032
75862,980,1035
75863,985,1036
75864,985,1037
75865,983,1034
75866,982,1032
75867,978,1032
75868,981,1035
75869,982,1036
75870,985,1036
75871,984,1033
75872,982,1030
75873,983,1032
75874,984,1035
75875,984,1037
75876,987,1034
75877,984,1037
75878,982,1032
75879,985,1033
75880,984,1035
75881,986,1038
75882,989,1036
75883,989,1030
75884,987,1028
75885,987,1027
75886,990,1028
75887,997,1031
75888,998,1028
75889,996,1023
75890,995,1021
75891,994,1019
75892,998,1021
75893,1002,1021
75894,1006,1021
75895,1005,1016
75896,1007,1011
75897,1007,1012
75898,1010,1014
75899,1015,1014
75900,1018,1011
75901,1020,1005
75902,1020,1005
75903,1021,1003
75904,1024,1004
75905,1026,1005
75906,1027,1001
75907,1030,999
75908,1027,996
75909,1027,996
75910,1028,999
75911,1032,1000
75912,1033,999
75913,1032,996
75914,1028,993
75915,1028,995
75916,1034,996
75917,1037,1005
75918,1035,1003
75919,1034,1002
75920,1029,1000
75921,1028,1002
75922,1030,1007
75923,1030,1008
75924,1031,1006
75925,1027,1006
75926,1024,1007
75927,1021,1010
75928,1023,1015
75929,1022,1020
75930,1020,1021
75931,1017,1019
75932,1016,1020
75933,1014,1022
75934,1011,1027
75935,1013,1031
75936,1011,1031
75937,1009,1032
75938,1002,1031
75939,998,1031
75940,1000,1039
75941,1003,1041
75942,1002,1039
75943,1001,1038
75944,999,1035
75945,997,1035
75946,999,1039
75947,999,1039
75948,999,1041
75949,997,1039
75950,994,1040
75951,995,1042
75952,998,1042
75953,1000,1043
75954,1001,1042
75955,999,1041
75956,996,1036
75957,995,1041
75958,995,1043
75959,999,1043
75960,1000,1044
75961,1000,1042
75962,997,1040
75963,996,1041
75964,999,1042
75965,998,1047
75966,1001,1046
75967,1001,1044
75968,999,1042
75969,999,1044
75970,999,1044
75971,1003,1046
75972,1008,1043
75973,1007,1042
75974,1004,1039
75975,1003,1040
75976,1002,1042
75977,1001,1043
75978,1003,1044
75979,1004,1041
75980,1001,1039
75981,1003,1037
75982,1004,1041
75983,1008,1046
75984,1007,1045
75985,1007,1042
75986,1005,1038
75987,1002,1040
75988,1001,1042
75989,1004,1042
75990,1004,1040
75991,1002,1037
75992,998,1035
75993,998,1036
75994,999,1040
75995,1001,1043
75996,1003,1043
75997,1000,1039
75998,998,1039
75999,997,1038
76000,1002,1042
76001,1002,1045
76002,1003,1042
76003,1004,1040
76004,1001,1040
76005,999,1043
76006,1001,1043
76007,1006,1047
76008,1008,1046
76009,1007,1044
76010,1003,1041
76011,1003,1042
76012,1004,1043
76013,1008,1045
76014,1008,1044
76015,1007,1043
76016,1002,1040
76017,1000,1042
76018,1002,1043
76019,1005,1047
76020,1009,1045
76021,1008,1042
76022,1005,1041
76023,1001,1041
76024,1001,1041
76025,1001,1046
76026,1005,1043
76027,1005,1040
76028,1004,1040
76029,1001,1042
76030,1004,1043
76031,1007,1047
76032,1007,1045
76033,1006,1041
76034,1001,1038
76035,1002,1039
76036,1007,1041
76037,1012,1042
76038,1023,1037
76039,1031,1032
76040,1046,1030
76041,1066,1027
76042,1099,1027
76043,1135,1028
76044,1176,1019
76045,1218,1008
76046,1259,1008
76047,1292,1013
76048,1314,1028
76049,1314,1044
76050,1285,1049
76051,1234,1049
76052,1172,1048
76053,1106,1057
76054,1040,1071
76055,991,1080
76056,970,1080
76057,969,1075
76058,979,1065
76059,989,1056
76060,994,1050
76061,995,1049
76062,995,1046
76063,988,1043
76064,987,1042
76065,986,1042
76066,985,1045
76067,988,1048
76068,990,1044
76069,985,1042
76070,983,1038
76071,979,1040
76072,981,1045
76073,984,1046
76074,984,1044
76075,983,1041
76076,979,1042
76077,980,1046
76078,981,1046
76079,985,1048
76080,986,1047
76081,985,1045
76082,980,1041
76083,980,1044
76084,982,1045
76085,987,1052
76086,987,1047
76087,984,1048
76088,982,1043
76089,980,1047
76090,979,1050
76091,982,1051
76092,986,1051
76093,984,1048
76094,981,1048
76095,981,1048
76096,985,1052
76097,986,1050
76098,988,1049
76099,987,1044
76100,984,1042
76101,984,1042
76102,987,1047
76103,990,1048
76104,992,1044
76105,992,1041
76106,989,1040
76107,990,1040
76108,988,1040
76109,991,1044
76110,995,1042
76111,998,1038
76112,997,1035
76113,999,1032
76114,1002,1035
76115,1007,1036
76116,1009,1031
76117,1006,1028
76118,1006,1021
76119,1007,1021
76120,1011,1021
76121,1016,1022
76122,1024,1019
76123,1023,1016
76124,1021,1013
76125,1020,1014
76126,1021,1015
76127,1025,1017
76128,1027,1013
76129,1029,1011
76130,1026,1008
76131,1026,1010
76132,1030,1010
76133,1033,1016
76134,1036,1014
76135,1034,1011
76136,1030,1009
76137,1027,1011
76138,1028,1016
76139,1030,1021
76140,1035,1022
76141,1032,1018
76142,1031,1019
76143,1026,1023
76144,1029,1029
76145,1030,1031
76146,1030,1032
76147,1026,1030
76148,1022,1033
76149,1018,1036
76150,1018,1040
76151,1019,1043
76152,1016,1042
76153,1012,1044
76154,1007,1044
76155,1004,1047
76156,1002,1050
76157,1004,1053
76158,1004,1055
76159,1000,1051
76160,997,1051
76161,994,1053
76162,994,1053
76163,997,1055
76164,997,1057
76165,993,1053
76166,991,1051
76167,991,1053
76168,990,1053
76169,993,1055
76170,994,1056
76171,995,1052
76172,991,1052
76173,989,1053
76174,987,1056
76175,993,1057
76176,995,1056
76177,998,1056
76178,994,1053
76179,993,1053
76180,995,1055
76181,998,1058
76182,998,1056
76183,995,1053
76184,995,1050
76185,994,1053
76186,998,1052
76187,998,1057
76188,999,1056
76189,995,1052
76190,996,1051
76191,994,1052
76192,997,1054
76193,1000,1056
76194,1003,1053
76195,998,1050
76196,999,1050
76197,997,1051
76198,999,1054
76199,1002,1056
76200,1002,1054
76201,1002,1050
76202,997,1051
76203,997,1052
76204,998,1054
76205,1001,1057
76206,1002,1056
76207,1002,1052
76208,1000,1052
76209,1000,1053
76210,999,1058
76211,1001,1061
76212,1004,1058
76213,1002,1055
76214,998,1053
76215,996,1055
76216,997,1056
76217,1002,1059
76218,1002,1056
76219,1000,1054
76220,995,1053
76221,994,1051
76222,994,1053
76223,999,1055
76224,1002,1054
76225,999,1051
76226,996,1048
76227,996,1050
76228,997,1053
76229,997,1055
76230,996,1054
76231,993,1051
76232,990,1049
76233,987,1048
76234,989,1051
76235,993,1054
76236,996,1051
76237,990,1052
76238,987,1049
76239,986,1054
76240,988,1056
76241,992,1057
76242,993,1056
76243,990,1053
76244,990,1048
76245,990,1051
76246,994,1053
76247,998,1055
76248,1000,1055
76249,998,1052
76250,993,1052
76251,992,1051
76252,996,1054
76253,998,1057
76254,998,1057
76255,998,1054
76256,997,1050
76257,995,1053
76258,998,1054
76259,998,1057
76260,997,1056
76261,998,1051
76262,993,1050
76263,993,1054
76264,997,1053
76265,1000,1058
76266,1001,1056
76267,1001,1054
76268,1000,1051
76269,999,1051
76270,998,1054
76271,1002,1055
76272,1003,1054
76273,1003,1050
76274,1000,1046
76275,998,1047
76276,1002,1048
76277,1006,1051
76278,1004,1050
76279,1001,1047
76280,998,1044
76281,998,1044
76282,1001,1046
76283,1001,1051
76284,1005,1050
76285,1003,1047
76286,1001,1046
76287,1001,1047
76288,1004,1049
76289,1006,1049
76290,1011,1049
76291,1014,1045
76292,1018,1043
76293,1028,1044
76294,1043,1047
76295,1066,1047
76296,1089,1048
76297,1118,1042
76298,1149,1032
76299,1187,1028
76300,1226,1025
76301,1261,1025
76302,1288,1028
76303,1304,1032
76304,1307,1045
76305,1290,1057
76306,1254,1066
76307,1205,1069
76308,1144,1074
76309,1082,1078
76310,1021,1080
76311,986,1084
76312,977,1081
76313,984,1083
76314,997,1075
76315,1002,1064
76316,1001,1057
76317,999,1056
76318,997,1054
76319,998,1059
76320,998,1055
76321,994,1051
76322,989,1049
76323,989,1050
76324,989,1052
76325,990,1056
76326,992,1052
76327,992,1050
76328,986,1048
76329,985,1048
76330,984,1050
76331,987,1053
76332,984,1049
76333,983,1047
76334,981,1044
76335,979,1048
76336,980,1050
76337,984,1051
76338,983,1051
76339,984,1046
76340,980,1048
76341,977,1050
76342,978,1052
76343,980,1054
76344,979,1053
76345,979,1052
76346,978,1052
76347,977,1055
76348,980,1057
76349,981,1063
76350,983,1063
76351,981,1057
76352,977,1056
76353,979,1055
76354,980,1059
76355,982,1062
76356,984,1059
76357,984,1058
76358,984,1058
76359,984,1055
76360,988,1058
76361,991,1059
76362,991,1055
76363,993,1054
76364,991,1051
76365,990,1050
76366,993,1053
76367,996,1055
76368,998,1051
76369,999,1050
76370,998,1046
76371,998,1044
76372,1000,1047
76373,1003,1049
76374,1004,1046
76375,1006,1042
76376,1002,1037
76377,1005,1039
76378,1011,1040
76379,1013,1041
76380,1016,1038
76381,1016,1034
76382,1014,1032
76383,1012,1028
76384,1016,1030
76385,1020,1032
76386,1023,1027
76387,1023,1022
76388,1020,1020
76389,1022,1019
76390,1023,1020
76391,1027,1022
76392,1029,1018
76393,1026,1017
76394,1026,1013
76395,1024,1015
76396,1027,1017
76397,1031,1021
76398,1033,1019
76399,1034,1018
76400,1032,1017
76401,1031,1016
76402,1032,1022
76403,1036,1025
76404,1036,1025
76405,1034,1026
76406,1031,1026
76407,1031,1025
76408,1032,1029
76409,1035,1033
76410,1035,1036
76411,1031,1034
76412,1026,1034
76413,1021,1036
76414,1021,1039
76415,1023,1044
76416,1019,1045
76417,1018,1045
76418,1014,1045
76419,1013,1044
76420,1010,1051
76421,1009,1053
76422,1008,1055
76423,1006,1053
76424,1000,1050
76425,999,1053
76426,999,1057
76427,1000,1059
76428,1003,1058
76429,1002,1055
76430,998,1053
76431,996,1056
76432,995,1057
76433,998,1059
76434,998,1061
76435,997,1059
76436,993,1059
76437,993,1058
76438,995,1060
76439,997,1063
76440,998,1063
76441,997,1059
76442,994,1057
76443,991,1059
76444,990,1058
76445,993,1061
76446,995,1062
76447,994,1057
76448,994,1054
76449,994,1058
76450,994,1061
76451,993,1063
76452,995,1063
76453,993,1060
76454,994,1059
76455,994,1060
76456,997,1062
76457,1002,1066
76458,1004,1065
76459,1003,1062
76460,998,1062
76461,998,1061
76462,995,1060
76463,1002,1065
76464,1004,1065
76465,1003,1059
76466,999,1060
76467,1000,1057
76468,1003,1060
76469,1005,1063
76470,1006,1060
76471,1003,1059
76472,1002,1055
76473,1001,1055
76474,1003,1060
76475,1007,1061
76476,1007,1060
76477,1005,1055
76478,1001,1054
76479,1003,1056
76480,1005,1058
76481,1006,1059
76482,1005,1055
76483,1002,1053
76484,1000,1050
76485,1003,1050
76486,1005,1053
76487,1006,1057
76488,1007,1054
76489,1004,1050
76490,1001,1051
76491,997,1050
76492,1000,1053
76493,1002,1060
76494,1005,1058
76495,1005,1056
76496,1003,1055
76497,1002,1055
76498,1003,1058
76499,1005,1062
76500,1007,1063
76501,1005,1062
76502,1000,1055
76503,999,1057
76504,1001,1059
76505,1002,1061
76506,1004,1062
76507,1002,1059
76508,999,1057
76509,1000,1063
76510,1001,1066
76511,1005,1066
76512,1008,1068
76513,1006,1063
76514,1003,1062
76515,1001,1063
76516,1003,1066
76517,1007,1069
76518,1006,1065
76519,1005,1062
76520,1001,1060
76521,996,1058
76522,997,1061
76523,1000,1062
76524,1001,1061
76525,1002,1058
76526,999,1052
76527,999,1056
76528,1000,1057
76529,1004,1059
76530,1004,1060
76531,1001,1054
76532,997,1054
76533,998,1055
76534,1000,1057
76535,1002,1058
76536,1003,1058
76537,1000,1054
76538,999,1054
76539,1002,1056
76540,999,1058
76541,1005,1059
76542,1008,1058
76543,1008,1052
76544,1009,1052
76545,1009,1051
76546,1014,1053
76547,1018,1053
76548,1022,1053
76549,1024,1050
76550,1031,1045
76551,1042,1047
76552,1058,1049
76553,1081,1050
76554,1105,1046
76555,1130,1043
76556,1160,1036
76557,1189,1030
76558,1226,1025
76559,1260,1026
76560,1289,1025
76561,1310,1029
76562,1317,1037
76563,1309,1047
76564,1286,1060
76565,1248,1065
76566,1195,1067
76567,1139,1069
76568,1076,1075
76569,1021,1082
76570,988,1087
76571,979,1089
76572,985,1086
76573,993,1076
76574,995,1067
76575,996,1064
76576,998,1064
76577,997,1064
76578,997,1062
76579,993,1057
76580,990,1056
76581,987,1057
76582,991,1059
76583,990,1060
76584,990,1060
76585,989,1058
76586,984,1056
76587,983,1056
76588,986,1057
76589,990,1059
76590,991,1057
76591,990,1057
76592,986,1054
76593,987,1058
76594,989,1058
76595,989,1060
76596,991,1059
76597,989,1058
76598,987,1056
76599,987,1057
76600,989,1060
76601,993,1061
76602,993,1062
76603,993,1058
76604,988,1054
76605,988,1054
76606,992,1058
76607,994,1058
76608,996,1061
76609,994,1059
76610,993,1055
76611,993,1057
76612,993,1059
76613,996,1060
76614,997,1058
76615,995,1056
76616,990,1056
76617,992,1054
76618,993,1057
76619,996,1059
76620,996,1059
76621,994,1057
76622,993,1054
76623,992,1057
76624,995,1057
76625,997,1062
76626,998,1058
76627,996,1055
76628,996,1053
76629,996,1056
76630,999,1057
76631,1003,1057
76632,1007,1056
76633,1004,1053
76634,1004,1048
76635,1005,1052
76636,1007,1052
76637,1008,1055
76638,1011,1052
76639,1013,1046
76640,1011,1044
76641,1013,1042
76642,1018,1045
76643,1024,1046
76644,1023,1044
76645,1024,1039
76646,1023,1037
76647,1024,1034
76648,1026,1036
76649,1029,1036
76650,1033,1036
76651,1033,1030
76652,1032,1027
76653,1032,1026
76654,1038,1030
76655,1041,1031
76656,1045,1027
76657,1043,1025
76658,1040,1026
76659,1040,1023
76660,1043,1025
76661,1046,1028
76662,1049,1028
76663,1045,1025
76664,1045,1023
76665,1043,1024
76666,1046,1025
76667,1046,1031
76668,1048,1030
76669,1046,1026
76670,1042,1028
76671,1039,1031
76672,1041,1035
76673,1039,1038
76674,1038,1039
76675,1036,1037
76676,1030,1039
76677,1027,1041
76678,1027,1046
76679,1027,1051
76680,1025,1052
76681,1021,1052
76682,1016,1051
76683,1014,1057
76684,1016,1061
76685,1016,1061
76686,1016,1063
76687,1011,1062
76688,1007,1060
76689,1004,1063
76690,1006,1068
76691,1008,1069
76692,1007,1069
76693,1003,1068
76694,1001,1064
76695,1001,1065
76696,1002,1069
76697,1004,1072
76698,1005,1075
76699,1003,1068
76700,1000,1066
76701,1000,1067
76702,999,1069
76703,1001,1073
76704,1005,1069
76705,1003,1068
76706,1002,1061
76707,1001,1067
76708,1002,1067
76709,1005,1069
76710,1006,1067
76711,1004,1062
76712,998,1062
76713,1000,1062
76714,1004,1063
76715,1008,1067
76716,1007,1066
76717,1006,1062
76718,1005,1060
76719,1003,1063
76720,1007,1064
76721,1006,1066
76722,1008,1065
76723,1008,1063
76724,1007,1060
76725,1005,1063
76726,1008,1064
76727,1011,1067
76728,1012,1068
76729,1018,1064
76730,1017,1063
76731,1019,1067
76732,1022,1070
76733,1025,1073
76734,1029,1067
76735,1029,1068
76736,1028,1067
76737,1032,1069
76738,1037,1073
76739,1042,1078
76740,1046,1076
76741,1051,1075
76742,1058,1072
76743,1066,1069
76744,1080,1064
76745,1094,1053
76746,1104,1036
76747,1115,1025
76748,1126,1010
76749,1137,998
76750,1155,987
76751,1169,972
76752,1185,959
76753,1198,938
76754,1207,918
76755,1219,906
76756,1233,893
76757,1246,887
76758,1250,877
76759,1246,870
76760,1242,866
76761,1238,869
76762,1236,868
76763,1237,866
76764,1231,863
76765,1220,862
76766,1204,862
76767,1186,867
76768,1171,874
76769,1158,881
76770,1142,891
76771,1123,898
76772,1107,906
76773,1095,919
76774,1089,929
76775,1089,946
76776,1085,951
76777,1081,956
76778,1074,965
76779,1073,975
76780,1078,984
76781,1089,993
76782,1100,1000
76783,1115,1003
76784,1127,1007
76785,1132,1014
76786,1122,1021
76787,1093,1030
76788,1056,1039
76789,1020,1046
76790,992,1054
76791,979,1065
76792,976,1078
76793,973,1090
76794,970,1096
76795,964,1097
76796,954,1095
76797,948,1100
76798,947,1104
76799,948,1111
76800,945,1113
76801,941,1110
76802,938,1110
76803,935,1113
76804,932,1118
76805,933,1121
76806,930,1120
76807,927,1120
76808,923,1119
76809,922,1121
76810,923,1122
76811,926,1127
76812,924,1127
76813,921,1125
76814,915,1126
76815,913,1130
76816,913,1132
76817,914,1137
76818,912,1138
76819,909,1138
76820,905,1137
76821,900,1143
76822,905,1144
76823,906,1149
76824,905,1151
76825,901,1153
76826,899,1152
76827,899,1155
76828,904,1159
76829,906,1163
76830,907,1167
76831,904,1167
76832,903,1167
76833,900,1169
76834,901,1176
76835,904,1181
76836,908,1182
76837,905,1182
76838,901,1183
76839,901,1185
76840,904,1191
76841,909,1190
76842,909,1195
76843,910,1192
76844,909,1188
76845,910,1192
76846,913,1194
76847,916,1196
76848,920,1196
76849,923,1193
76850,924,1190
76851,927,1187
76852,934,1189
76853,938,1185
76854,941,1180
76855,943,1176
76856,944,1172
76857,949,1168
76858,949,1168
76859,958,1167
76860,960,1161
76861,964,1156
76862,965,1149
76863,968,1147
76864,973,1144
76865,982,1142
76866,984,1136
76867,983,1130
76868,983,1124
76869,986,1119
76870,988,1118
76871,993,1114
76872,996,1109
76873,994,1103
76874,995,1098
76875,993,1096
76876,994,1096
76877,997,1097
76878,998,1091
76879,996,1084
76880,995,1081
76881,993,1081
76882,996,1081
76883,999,1083
76884,1001,1079
76885,999,1074
76886,999,1071
76887,995,1073
76888,999,1076
76889,1002,1077
76890,1003,1073
76891,997,1072
76892,999,1069
76893,997,1071
76894,1001,1071
76895,1002,1071
76896,1003,1069
76897,1002,1066
76898,999,1064
76899,999,1063
76900,1001,1063
76901,1002,1065
76902,1003,1065
76903,999,1061
76904,996,1059
76905,995,1058
76906,998,1062
76907,998,1065
76908,998,1063
76909,998,1059
76910,995,1057
76911,997,1059
76912,999,1061
76913,1003,1065
76914,1002,1063
76915,999,1060
76916,994,1060
76917,997,1059
76918,999,1064
76919,1004,1065
76920,1004,1063
76921,1002,1062
76922,998,1059
76923,998,1058
76924,998,1060
76925,1002,1063
76926,1001,1062
76927,1000,1059
76928,996,1058
76929,996,1056
76930,998,1059
76931,1000,1060
76932,1001,1058
76933,1001,1055
76934,998,1054
76935,999,1054
76936,1002,1055
76937,1005,1056
76938,1005,1053
76939,1007,1052
76940,1003,1048
76941,1005,1047
76942,1007,1052
76943,1008,1055
76944,1011,1053
76945,1009,1051
76946,1005,1050
76947,1005,1051
76948,1007,1053
76949,1011,1058
76950,1012,1055
76951,1008,1053
76952,1006,1051
76953,1008,1051
76954,1007,1055
76955,1009,1055
76956,1008,1056
76957,1005,1054
76958,1000,1052
76959,1000,1054
76960,1001,1057
76961,1006,1060
76962,1003,1057
76963,1003,1057
76964,1000,1053
76965,999,1054
76966,1001,1059
76967,1002,1057
76968,1004,1055
76969,998,1051
76970,995,1050
76971,998,1049
76972,999,1052
76973,1002,1055
76974,1002,1054
76975,1001,1051
76976,998,1051
76977,997,1051
76978,998,1055
76979,999,1055
76980,1000,1054
76981,999,1051
76982,995,1046
76983,996,1049
76984,998,1049
76985,1001,1052
76986,1000,1051
76987,1001,1050
76988,1001,1048
76989,1001,1048
76990,1004,1052
76991,1005,1054
76992,1005,1053
76993,1006,1051
76994,1001,1049
76995,1002,1052
76996,1003,1054
76997,1006,1056
76998,1008,1055
76999,1005,1051
77000,1004,1052
77001,1001,1054
77002,1002,1056
77003,1005,1055
77004,1007,1056
77005,1005,1054
77006,1002,1049
77007,1000,1053
77008,1002,1051
77009,1005,1054
77010,1007,1055
77011,1002,1051
77012,1002,1047
77013,1000,1051
77014,1000,1052
77015,1002,1054
77016,1005,1051
77017,1004,1050
77018,999,1049
77019,1001,1049
77020,1002,1053
77021,1005,1053
77022,1007,1051
77023,1004,1047
77024,1001,1047
77025,1002,1048
77026,1004,1052
77027,1007,1054
77028,1008,1053
77029,1004,1049
77030,1002,1046
77031,999,1047
77032,1002,1052
77033,1002,1054
77034,998,1052
77035,998,1050
77036,997,1048
77037,998,1050
77038,1001,1054
77039,1006,1055
77040,1004,1053
77041,1003,1051
77042,998,1050
77043,996,1051
77044,1001,1053
77045,1003,1056
77046,1003,1052
77047,1003,1050
77048,1000,1046
77049,1003,1049
77050,1005,1049
77051,1008,1052
77052,1008,1053
77053,1004,1050
77054,1001,1049
77055,1001,1049
77056,1003,1052
77057,1005,1056
77058,1009,1052
77059,1005,1049
77060,1001,1048
77061,1001,1050
77062,1005,1052
77063,1006,1055
77064,1007,1053
77065,1006,1050
77066,1002,1048
77067,997,1050
77068,1004,1055
77069,1009,1057
77070,1009,1054
77071,1009,1053
77072,1004,1051
77073,1005,1050
77074,1005,1053
77075,1007,1052
77076,1006,1050
77077,1005,1049
77078,1001,1045
77079,1004,1048
77080,1005,1053
77081,1009,1054
77082,1011,1052
77083,1011,1051
77084,1009,1051
77085,1010,1053
77086,1010,1055
77087,1011,1055
77088,1013,1055
77089,1012,1052
77090,1010,1049
77091,1009,1052
77092,1011,1055
77093,1016,1057
77094,1017,1054
77095,1013,1052
77096,1008,1049
77097,1009,1052
77098,1014,1053
77099,1018,1053
77100,1019,1052
77101,1020,1050
77102,1018,1046
77103,1024,1045
77104,1029,1047
77105,1036,1046
77106,1047,1043
77107,1054,1039
77108,1068,1037
77109,1086,1037
77110,1115,1039
77111,1144,1035
77112,1177,1027
77113,1205,1016
77114,1236,1010
77115,1267,1009
77116,1296,1015
77117,1314,1028
77118,1310,1041
77119,1291,1045
77120,1248,1047
77121,1198,1054
77122,1149,1057
77123,1103,1065
77124,1055,1068
77125,1016,1065
77126,994,1064
77127,989,1065
77128,997,1061
77129,1004,1060
77130,1012,1053
77131,1008,1050
77132,1005,1045
77133,1002,1048
77134,1001,1051
77135,1002,1051
77136,1004,1051
77137,999,1049
77138,994,1046
77139,995,1048
77140,996,1051
77141,999,1056
77142,997,1055
77143,996,1053
77144,992,1051
77145,992,1051
77146,995,1056
77147,996,1056
77148,997,1054
77149,993,1053
77150,990,1052
77151,987,1055
77152,989,1056
77153,993,1059
77154,993,1057
77155,992,1058
77156,988,1056
77157,988,1055
77158,989,1060
77159,993,1060
77160,995,1060
77161,992,1057
77162,987,1055
77163,989,1054
77164,992,1059
77165,995,1058
77166,995,1060
77167,994,1056
77168,992,1055
77169,990,1054
77170,993,1058
77171,995,1060
77172,997,1058
77173,993,1054
77174,992,1052
77175,993,1055
77176,996,1054
77177,998,1055
77178,999,1057
77179,1000,1054
77180,998,1050
77181,997,1052
77182,999,1055
77183,1002,1055
77184,1007,1054
77185,1008,1051
77186,1003,1050
77187,1005,1048
77188,1009,1049
77189,1014,1052
77190,1012,1049
77191,1015,1045
77192,1011,1043
77193,1015,1043
77194,1019,1044
77195,1023,1046
77196,1023,1043
77197,1024,1040
77198,1022,1038
77199,1022,1039
77200,1026,1040
77201,1029,1039
77202,1032,1038
77203,1032,1035
77204,1027,1030
77205,1030,1029
77206,1030,1033
77207,1037,1034
77208,1037,1034
77209,1036,1027
77210,1035,1025
77211,1037,1026
77212,1042,1026
77213,1045,1030
77214,1047,1025
77215,1047,1022
77216,1047,1019
77217,1048,1019
77218,1051,1025
77219,1054,1025
77220,1055,1024
77221,1053,1022
77222,1051,1021
77223,1048,1022
77224,1053,1025
77225,1055,1026
77226,1054,1026
77227,1051,1024
77228,1044,1025
77229,1045,1028
77230,1047,1031
77231,1048,1036
77232,1047,1035
77233,1043,1033
77234,1038,1034
77235,1036,1038
77236,1037,1045
77237,1036,1050
77238,1035,1050
77239,1030,1048
77240,1029,1048
77241,1022,1050
77242,1020,1052
77243,1024,1058
77244,1022,1057
77245,1017,1059
77246,1018,1056
77247,1011,1061
77248,1014,1062
77249,1016,1064
77250,1014,1061
77251,1010,1055
77252,1002,1057
77253,1003,1058
77254,1003,1060
77255,1004,1063
77256,1006,1060
77257,1004,1056
77258,1004,1052
77259,999,1056
77260,998,1060
77261,1001,1058
77262,1001,1057
77263,998,1054
77264,995,1051
77265,995,1054
77266,994,1057
77267,999,1059
77268,999,1059
77269,999,1057
77270,996,1058
77271,997,1058
77272,998,1058
77273,1002,1058
77274,1003,1061
77275,1001,1059
77276,1000,1055
77277,1001,1058
77278,1005,1062
77279,1009,1062
77280,1010,1063
77281,1008,1061
77282,1007,1059
77283,1005,1063
77284,1006,1064
77285,1006,1066
77286,1007,1064
77287,1007,1061
77288,1006,1056
77289,1006,1056
77290,1008,1060
77291,1012,1060
77292,1013,1059
77293,1011,1056
77294,1008,1053
77295,1008,1053
77296,1008,1054
77297,1011,1056
77298,1012,1054
77299,1007,1055
77300,1006,1053
77301,1006,1053
77302,1008,1055
77303,1012,1057
77304,1012,1056
77305,1006,1053
77306,1003,1052
77307,1003,1050
77308,1008,1054
77309,1013,1052
77310,1013,1049
77311,1007,1046
77312,1002,1044
77313,1000,1046
77314,1002,1047
77315,1002,1050
77316,1003,1048
77317,1000,1047
77318,994,1046
77319,995,1048
77320,996,1051
77321,999,1054
77322,999,1054
77323,998,1053
77324,995,1051
77325,994,1052
77326,994,1057
77327,997,1059
77328,999,1055
77329,995,1054
77330,996,1052
77331,996,1053
77332,999,1055
77333,999,1059
77334,999,1058
77335,999,1056
77336,995,1056
77337,993,1059
77338,995,1061
77339,997,1062
77340,1000,1062
77341,1001,1056
77342,998,1052
77343,996,1054
77344,996,1060
77345,998,1064
77346,995,1062
77347,997,1059
77348,991,1058
77349,994,1058
77350,994,1061
77351,997,1060
77352,998,1059
77353,993,1057
77354,992,1056
77355,992,1060
77356,995,1062
77357,995,1063
77358,992,1065
77359,991,1061
77360,989,1060
77361,989,1058
77362,993,1061
77363,994,1062
77364,995,1058
77365,994,1058
77366,990,1055
77367,989,1057
77368,991,1061
77369,995,1062
77370,997,1058
77371,994,1056
77372,992,1055
77373,989,1058
77374,993,1062
77375,996,1066
77376,998,1063
77377,999,1057
77378,995,1054
77379,994,1052
77380,997,1057
77381,1000,1058
77382,1002,1052
77383,1002,1048
77384,1004,1042
77385,1013,1042
77386,1027,1043
77387,1044,1045
77388,1059,1044
77389,1075,1040
77390,1094,1038
77391,1125,1032
77392,1157,1027
77393,1187,1022
77394,1220,1019
77395,1246,1018
77396,1267,1023
77397,1277,1037
77398,1274,1056
77399,1252,1067
77400,1215,1067
77401,1162,1067
77402,1108,1068
77403,1053,1080
77404,1001,1090
77405,967,1098
77406,956,1101
77407,962,1097
77408,969,1086
77409,978,1078
77410,984,1071
77411,988,1067
77412,989,1063
77413,984,1061
77414,981,1057
77415,978,1058
77416,978,1060
77417,981,1062
77418,979,1060
77419,975,1058
77420,968,1056
77421,967,1061
77422,972,1063
77423,974,1065
77424,973,1063
77425,969,1059
77426,966,1058
77427,971,1059
77428,972,1061
77429,977,1062
77430,976,1057
77431,973,1051
77432,970,1051
77433,966,1051
77434,968,1054
77435,972,1059
77436,975,1056
77437,971,1055
77438,969,1054
77439,966,1053
77440,969,1057
77441,972,1058
77442,972,1056
77443,969,1051
77444,967,1051
77445,968,1051
77446,974,1057
77447,976,1057
77448,977,1057
77449,973,1052
77450,974,1050
77451,975,1055
77452,976,1057
77453,975,1059
77454,973,1056
77455,970,1052
77456,969,1052
77457,972,1050
77458,976,1052
77459,980,1054
77460,980,1053
77461,976,1051
77462,975,1050
77463,975,1050
77464,976,1054
77465,982,1054
77466,987,1051
77467,983,1049
77468,981,1045
77469,983,1048
77470,985,1050
77471,988,1051
77472,991,1049
77473,989,1044
77474,989,1041
77475,988,1040
77476,989,1042
77477,995,1041
77478,1000,1036
77479,1000,1031
77480,998,1025
77481,998,1030
77482,998,1027
77483,1002,1028
77484,1004,1024
77485,1002,1020
77486,1001,1020
77487,1002,1015
77488,1005,1020
77489,1005,1019
77490,1008,1017
77491,1007,1013
77492,1006,1009
77493,1005,1011
77494,1008,1014
77495,1013,1017
77496,1010,1015
77497,1007,1011
77498,1008,1010
77499,1009,1015
77500,1015,1020
77501,1017,1020
77502,1018,1017
77503,1014,1019
77504,1010,1019
77505,1010,1022
77506,1012,1024
77507,1013,1030
77508,1012,1030
77509,1006,1030
77510,999,1031
77511,1001,1034
77512,1001,1039
77513,1003,1042
77514,1003,1043
77515,1000,1044
77516,993,1043
77517,989,1047
77518,989,1052
77519,990,1055
77520,990,1058
77521,984,1059
77522,984,1058
77523,982,1059
77524,980,1064
77525,983,1065
77526,982,1062
77527,978,1063
77528,975,1061
77529,978,1064
77530,979,1067
77531,979,1068
77532,979,1067
77533,977,1064
77534,975,1064
77535,974,1066
77536,973,1069
77537,973,1071
77538,971,1069
77539,972,1067
77540,968,1064
77541,967,1067
77542,974,1069
77543,977,1072
77544,979,1067
77545,974,1067
77546,975,1064
77547,975,1065
77548,977,1067
77549,976,1070
77550,975,1067
77551,975,1065
77552,975,1066
77553,978,1065
77554,982,1066
77555,986,1063
77556,987,1064
77557,984,1062
77558,980,1058
77559,980,1058
77560,980,1062
77561,983,1063
77562,986,1062
77563,984,1060
77564,979,1057
77565,981,1059
77566,983,1061
77567,986,1063
77568,987,1061
77569,986,1055
77570,981,1055
77571,979,1052
77572,983,1060
77573,984,1061
77574,985,1060
77575,980,1057
77576,978,1057
77577,981,1060
77578,983,1064
77579,984,1066
77580,982,1066
77581,981,1062
77582,977,1060
77583,977,1062
77584,980,1066
77585,980,1068
77586,980,1064
77587,978,1060
77588,976,1054
77589,978,1056
77590,979,1059
77591,981,1059
77592,984,1057
77593,981,1054
77594,975,1051
77595,975,1055
77596,979,1058
77597,980,1058
77598,979,1055
77599,978,1054
77600,974,1055
77601,974,1054
77602,973,1055
77603,976,1059
77604,977,1058
77605,973,1054
77606,971,1054
77607,972,1055
77608,975,1055
77609,977,1057
77610,978,1055
77611,977,1053
77612,972,1054
77613,971,1053
77614,970,1054
77615,972,1056
77616,974,1056
77617,971,1055
77618,970,1050
77619,971,1053
77620,975,1055
77621,976,1056
77622,976,1053
77623,974,1052
77624,970,1051
77625,968,1052
77626,973,1056
77627,976,1059
77628,972,1056
77629,970,1055
77630,968,1057
77631,966,1059
77632,967,1061
77633,969,1063
77634,971,1063
77635,969,1063
77636,968,1062
77637,970,1061
77638,971,1063
77639,975,1066
77640,975,1061
77641,973,1059
77642,969,1058
77643,967,1057
77644,967,1060
77645,969,1063
77646,975,1059
77647,975,1057
77648,974,1055
77649,975,1055
77650,976,1058
77651,979,1063
77652,977,1061
77653,977,1059
77654,975,1057
77655,974,1056
77656,978,1059
77657,980,1060
77658,981,1058
77659,984,1057
77660,978,1053
77661,982,1054
77662,985,1056
77663,989,1054
77664,991,1052
77665,995,1049
77666,997,1046
77667,1010,1047
77668,1030,1047
77669,1052,1049
77670,1078,1046
77671,1109,1035
77672,1144,1023
77673,1183,1017
77674,1224,1018
77675,1262,1029
77676,1283,1043
77677,1282,1056
77678,1256,1064
77679,1201,1069
77680,1144,1068
77681,1084,1077
77682,1023,1084
77683,975,1090
77684,946,1091
77685,946,1093
77686,958,1089
77687,971,1081
77688,979,1069
77689,977,1062
77690,976,1056
77691,972,1052
77692,975,1055
77693,976,1057
77694,973,1054
77695,974,1054
77696,969,1050
77697,966,1051
77698,969,1052
77699,968,1054
77700,969,1053
77701,968,1055
77702,963,1052
77703,962,1055
77704,965,1057
77705,970,1060
77706,970,1059
77707,964,1055
77708,964,1053
77709,960,1053
77710,963,1055
77711,967,1056
77712,967,1055
77713,962,1051
77714,963,1052
77715,962,1054
77716,966,1055
77717,967,1054
77718,967,1052
77719,963,1053
77720,959,1049
77721,958,1053
77722,958,1057
77723,958,1058
77724,958,1056
77725,956,1054
77726,957,1052
77727,958,1053
77728,960,1053
77729,963,1054
77730,966,1051
77731,963,1054
77732,961,1049
77733,963,1049
77734,966,1054
77735,970,1054
77736,971,1053
77737,970,1047
77738,970,1048
77739,973,1047
77740,978,1048
77741,982,1051
77742,983,1047
77743,980,1043
77744,980,1041
77745,982,1043
77746,987,1046
77747,990,1045
77748,992,1040
77749,990,1035
77750,992,1034
77751,994,1033
77752,998,1034
77753,1001,1034
77754,1007,1029
77755,1008,1026
77756,1004,1024
77757,1003,1023
77758,1006,1024
77759,1011,1025
77760,1011,1019
77761,1013,1016
77762,1007,1014
77763,1009,1013
77764,1010,1015
77765,1013,1015
77766,1014,1014
77767,1012,1012
77768,1010,1012
77769,1010,1012
77770,1016,1014
77771,1018,1016
77772,1015,1017
77773,1016,1017
77774,1012,1017
77775,1015,1023
77776,1018,1030
77777,1020,1030
77778,1016,1029
77779,1015,1030
77780,1009,1028
77781,1009,1035
77782,1010,1038
77783,1010,1040
77784,1009,1042
77785,1004,1041
77786,998,1044
77787,996,1048
77788,996,1052
77789,999,1055
77790,999,1055
77791,995,1053
77792,990,1056
77793,986,1058
77794,987,1062
77795,988,1064
77796,987,1061
77797,983,1062
77798,982,1058
77799,979,1062
77800,982,1062
77801,985,1068
77802,984,1064
77803,980,1060
77804,978,1059
77805,978,1061
77806,980,1064
77807,984,1064
77808,980,1062
77809,978,1061
77810,974,1059
77811,976,1060
77812,979,1063
77813,982,1066
77814,982,1064
77815,980,1060
77816,978,1059
77817,976,1060
77818,982,1065
77819,983,1065
77820,988,1064
77821,989,1062
77822,988,1060
77823,992,1063
77824,997,1063
77825,1007,1065
77826,1013,1064
77827,1013,1063
77828,1016,1060
77829,1016,1066
77830,1028,1069
77831,1033,1068
77832,1043,1071
77833,1052,1064
77834,1062,1054
77835,1074,1044
77836,1088,1031
77837,1101,1017
77838,1111,1004
77839,1126,991
77840,1139,977
77841,1155,964
77842,1173,950
77843,1193,930
77844,1210,907
77845,1227,886
77846,1238,872
77847,1244,862
77848,1247,857
77849,1249,855
77850,1246,853
77851,1241,848
77852,1236,846
77853,1224,849
77854,1215,848
77855,1204,854
77856,1187,852
77857,1164,854
77858,1143,859
77859,1123,870
77860,1102,880
77861,1091,893
77862,1080,902
77863,1069,913
77864,1060,925
77865,1059,938
77866,1060,950
77867,1060,962
77868,1058,968
77869,1061,972
77870,1069,980
77871,1085,990
77872,1102,995
77873,1117,1005
77874,1112,1009
77875,1089,1014
77876,1050,1022
77877,1011,1032
77878,983,1045
77879,967,1056
77880,957,1064
77881,948,1073
77882,941,1078
77883,936,1086
77884,932,1088
77885,927,1092
77886,922,1093
77887,917,1091
77888,912,1093
77889,911,1097
77890,911,1099
77891,911,1105
77892,909,1105
77893,904,1105
77894,900,1106
77895,897,1109
77896,897,1112
77897,899,1118
77898,897,1116
77899,893,1118
77900,889,1118
77901,889,1122
77902,890,1127
77903,891,1128
77904,886,1131
77905,884,1130
77906,882,1132
77907,880,1135
77908,883,1141
77909,886,1146
77910,885,1147
77911,884,1147
77912,881,1146
77913,879,1149
77914,881,1155
77915,883,1158
77916,882,1161
77917,880,1159
77918,876,1161
77919,880,1165
77920,882,1171
77921,883,1174
77922,880,1173
77923,879,1172
77924,875,1171
77925,874,1175
77926,879,1176
77927,883,1182
77928,885,1181
77929,881,1180
77930,882,1180
77931,885,1183
77932,890,1189
77933,896,1188
77934,900,1190
77935,900,1186
77936,899,1183
77937,902,1183
77938,908,1186
77939,913,1183
77940,920,1180
77941,919,1175
77942,921,1170
77943,922,1166
77944,929,1169
77945,936,1166
77946,942,1158
77947,944,1151
77948,946,1146
77949,948,1142
77950,954,1140
77951,958,1139
77952,963,1131
77953,963,1126
77954,962,1119
77955,963,1117
77956,967,1113
77957,971,1111
77958,975,1108
77959,970,1097
77960,971,1093
77961,972,1089
77962,973,1090
77963,977,1086
77964,974,1080
77965,969,1077
77966,966,1074
77967,963,1076
77968,966,1077
77969,969,1074
77970,969,1071
77971,966,1065
77972,964,1064
77973,963,1066
77974,964,1068
77975,967,1068
77976,967,1064
77977,963,1063
77978,959,1061
77979,960,1062
77980,965,1063
77981,966,1064
77982,966,1060
77983,964,1058
77984,961,1056
77985,962,1057
77986,963,1058
77987,969,1059
77988,969,1057
77989,967,1054
77990,964,1054
77991,964,1056
77992,964,1059
77993,967,1061
77994,967,1057
77995,968,1056
77996,963,1056
77997,964,1058
77998,967,1060
77999,971,1060
78000,969,1056
78001,968,1055
78002,966,1054
78003,965,1056
78004,970,1058
78005,973,1059
78006,973,1058
78007,971,1054
78008,972,1052
78009,970,1053
78010,972,1056
78011,975,1054
78012,972,1052
78013,972,1051
78014,967,1046
78015,970,1049
78016,971,1052
78017,979,1053
78018,979,1051
78019,976,1048
78020,973,1046
78021,975,1051
78022,976,1051
78023,980,1054
78024,978,1053
78025,976,1050
78026,970,1048
78027,972,1049
78028,975,1052
78029,978,1057
78030,976,1052
78031,973,1050
78032,973,1050
78033,970,1049
78034,974,1049
78035,978,1052
78036,978,1047
78037,975,1045
78038,972,1044
78039,971,1048
78040,972,1053
78041,974,1053
78042,973,1052
78043,971,1050
78044,969,1048
78045,969,1050
78046,970,1053
78047,974,1052
78048,973,1052
78049,971,1048
78050,966,1049
78051,968,1048
78052,969,1052
78053,973,1053
78054,975,1054
78055,970,1051
78056,966,1048
78057,965,1048
78058,969,1051
78059,970,1053
78060,971,1052
78061,972,1048
78062,970,1046
78063,971,1046
78064,972,1046
78065,976,1050
78066,976,1048
78067,973,1048
78068,969,1044
78069,971,1046
78070,973,1049
78071,978,1050
78072,978,1047
78073,977,1045
78074,977,1044
78075,975,1046
78076,977,1048
78077,978,1049
78078,979,1048
78079,979,1046
78080,975,1042
78081,976,1044
78082,979,1048
78083,981,1052
78084,983,1051
78085,979,1049
78086,973,1046
78087,975,1047
78088,976,1048
78089,982,1049
78090,984,1047
78091,983,1045
78092,979,1044
78093,979,1042
78094,982,1044
78095,988,1042
78096,991,1038
78097,996,1034
78098,1000,1034
78099,1014,1034
78100,1032,1038
78101,1056,1040
78102,1084,1036
78103,1117,1030
78104,1155,1018
78105,1196,1011
78106,1236,1009
78107,1270,1016
78108,1289,1030
78109,1287,1045
78110,1261,1051
78111,1210,1057
78112,1147,1062
78113,1086,1073
78114,1022,1079
78115,973,1078
78116,948,1077
78117,947,1072
78118,962,1064
78119,973,1057
78120,978,1047
78121,976,1039
78122,970,1038
78123,968,1040
78124,968,1042
78125,971,1044
78126,970,1041
78127,965,1042
78128,959,1042
78129,960,1039
78130,962,1046
78131,964,1047
78132,963,1045
78133,961,1041
78134,956,1042
78135,957,1044
78136,957,1047
78137,958,1047
78138,956,1044
78139,955,1042
78140,953,1042
78141,954,1041
78142,954,1043
78143,959,1045
78144,957,1042
78145,955,1042
78146,955,1040
78147,955,1044
78148,958,1044
78149,959,1044
78150,961,1041
78151,960,1043
78152,956,1038
78153,953,1041
78154,956,1042
78155,958,1045
78156,958,1043
78157,957,1040
78158,957,1039
78159,959,1041
78160,962,1044
78161,964,1045
78162,963,1041
78163,960,1040
78164,959,1038
78165,960,1037
78166,965,1038
78167,967,1043
78168,969,1039
78169,966,1036
78170,967,1033
78171,968,1035
78172,969,1036
78173,974,1037
78174,975,1033
78175,976,1032
78176,974,1028
78177,976,1029
78178,977,1030
78179,982,1027
78180,981,1025
78181,982,1019
78182,980,1015
78183,981,1016
78184,984,1019
78185,986,1018
78186,986,1016
78187,983,1013
78188,988,1011
78189,987,1012
78190,992,1015
78191,996,1014
78192,994,1010
78193,992,1009
78194,992,1008
78195,992,1011
78196,1000,1010
78197,1001,1013
78198,1002,1007
78199,999,1010
78200,999,1010
78201,998,1009
78202,1003,1009
78203,1006,1013
78204,1004,1012
78205,1004,1013
78206,1006,1011
78207,1005,1016
78208,1007,1024
78209,1008,1028
78210,1008,1025
78211,1003,1025
78212,1000,1024
78213,998,1026
78214,998,1033
78215,1001,1033
78216,996,1036
78217,993,1037
78218,986,1035
78219,987,1040
78220,987,1043
78221,990,1042
78222,986,1042
78223,983,1041
78224,979,1043
78225,978,1041
78226,977,1045
78227,979,1047
78228,977,1046
78229,974,1044
78230,969,1045
78231,970,1045
78232,971,1049
78233,973,1051
78234,972,1047
78235,970,1044
78236,967,1043
78237,969,1045
78238,972,1051
78239,974,1053
78240,974,1052
78241,970,1049
78242,964,1050
78243,965,1048
78244,967,1050
78245,970,1050
78246,974,1050
78247,971,1042
78248,967,1044
78249,967,1045
78250,967,1047
78251,973,1049
78252,973,1050
78253,973,1044
78254,969,1044
78255,967,1044
78256,972,1047
78257,978,1048
78258,977,1046
78259,973,1043
78260,969,1041
78261,966,1042
78262,968,1043
78263,971,1045
78264,974,1041
78265,975,1039
78266,972,1035
78267,976,1039
78268,975,1041
78269,979,1044
78270,978,1039
78271,974,1041
78272,973,1037
78273,973,1039
78274,976,1043
78275,978,1043
78276,977,1042
78277,974,1038
78278,972,1037
78279,969,1040
78280,970,1042
78281,971,1045
78282,968,1043
78283,967,1041
78284,965,1041
78285,967,1045
78286,968,1044
78287,969,1045
78288,963,1043
78289,960,1044
78290,962,1043
78291,960,1043
78292,964,1044
78293,967,1044
78294,968,1045
78295,967,1041
78296,966,1044
78297,965,1042
78298,968,1047
78299,971,1048
78300,969,1044
78301,968,1043
78302,964,1042
78303,968,1046
78304,972,1049
78305,974,1046
78306,975,1045
78307,974,1043
78308,974,1042
78309,974,1043
78310,982,1041
78311,995,1042
78312,1008,1040
78313,1023,1034
78314,1042,1031
78315,1071,1031
78316,1107,1028
78317,1147,1021
78318,1188,1016
78319,1223,1011
78320,1256,1015
78321,1283,1027
78322,1289,1043
78323,1266,1053
78324,1214,1050
78325,1145,1047
78326,1070,1054
78327,1000,1066
78328,949,1074
78329,929,1078
78330,933,1070
78331,941,1058
78332,947,1047
78333,952,1042
78334,954,1039
78335,956,1042
78336,953,1040
78337,948,1038
78338,945,1035
78339,944,1040
78340,945,1041
78341,942,1043
78342,942,1044
78343,940,1042
78344,937,1040
78345,937,1044
78346,938,1048
78347,940,1048
78348,940,1043
78349,940,1041
78350,934,1040
78351,936,1044
78352,940,1045
78353,940,1047
78354,942,1043
78355,941,1043
78356,936,1040
78357,935,1042
78358,941,1044
78359,943,1044
78360,944,1043
78361,944,1038
78362,940,1032
78363,942,1035
78364,945,1037
78365,946,1035
78366,944,1037
78367,939,1033
78368,939,1031
78369,939,1031
78370,941,1035
78371,943,1033
78372,944,1033
78373,943,1031
78374,941,1033
78375,939,1034
78376,943,1035
78377,943,1034
78378,941,1034
78379,939,1031
78380,938,1030
78381,942,1030
78382,945,1034
78383,948,1033
78384,948,1031
78385,946,1028
78386,944,1028
78387,946,1028
78388,952,1030
78389,954,1028
78390,958,1025
78391,957,1023
78392,958,1021
78393,960,1021
78394,962,1021
78395,965,1021
78396,966,1019
78397,966,1015
78398,965,1015
78399,966,1014
78400,969,1013
78401,970,1014
78402,975,1011
78403,974,1007
78404,972,1005
78405,973,1007
78406,974,1006
78407,977,1008
78408,977,1004
78409,975,1001
78410,974,1001
78411,976,1000
78412,980,1006
78413,983,1006
78414,985,1005
78415,981,1003
78416,980,1002
78417,979,1005
78418,981,1010
78419,986,1013
78420,981,1016
78421,979,1014
78422,978,1015
78423,976,1020
78424,973,1026
78425,975,1027
78426,971,1028
78427,969,1030
78428,962,1029
78429,962,1034
78430,960,1039
78431,964,1043
78432,964,1041
78433,960,1041
78434,956,1042
78435,953,1046
78436,956,1047
78437,957,1050
78438,957,1047
78439,954,1045
78440,950,1047
78441,949,1044
78442,953,1049
78443,952,1048
78444,953,1048
78445,948,1046
78446,946,1044
78447,944,1048
78448,945,1051
78449,949,1055
78450,951,1052
78451,949,1048
78452,946,1046
78453,950,1049
78454,952,1051
78455,954,1052
78456,957,1049
78457,955,1048
78458,950,1047
78459,951,1050
78460,956,1052
78461,957,1051
78462,958,1050
78463,958,1048
78464,954,1047
78465,953,1046
78466,955,1049
78467,962,1048
78468,960,1049
78469,961,1047
78470,957,1048
78471,957,1051
78472,958,1053
78473,960,1055
78474,961,1052
78475,958,1047
78476,957,1044
78477,957,1047
78478,960,1048
78479,965,1047
78480,966,1045
78481,962,1041
78482,961,1041
78483,961,1042
78484,962,1046
78485,962,1047
78486,963,1043
78487,959,1042
78488,956,1039
78489,955,1040
78490,960,1045
78491,962,1044
78492,960,1042
78493,958,1042
78494,960,1042
78495,960,1041
78496,961,1046
78497,963,1046
78498,962,1042
78499,959,1042
78500,954,1041
78501,955,1045
78502,959,1045
78503,961,1047
78504,961,1045
78505,954,1041
78506,951,1040
78507,953,1043
78508,955,1046
78509,959,1047
78510,957,1045
78511,956,1044
78512,955,1045
78513,954,1047
78514,956,1050
78515,956,1048
78516,956,1047
78517,953,1045
78518,954,1046
78519,953,1047
78520,955,1048
78521,959,1050
78522,960,1050
78523,957,1049
78524,955,1047
78525,958,1048
78526,959,1051
78527,962,1050
78528,962,1049
78529,961,1049
78530,957,1047
78531,958,1048
78532,959,1050
78533,962,1050
78534,962,1049
78535,960,1049
78536,955,1047
78537,961,1049
78538,963,1050
78539,965,1050
78540,963,1050
78541,959,1046
78542,959,1046
78543,961,1046
78544,966,1049
78545,968,1051
78546,968,1049
78547,967,1044
78548,964,1040
78549,968,1039
78550,981,1040
78551,999,1040
78552,1014,1037
78553,1029,1035
78554,1053,1034
78555,1088,1032
78556,1129,1028
78557,1173,1021
78558,1212,1016
78559,1249,1012
78560,1277,1013
78561,1289,1028
78562,1287,1039
78563,1263,1044
78564,1214,1041
78565,1155,1040
78566,1088,1045
78567,1024,1055
78568,975,1064
78569,946,1066
78570,934,1065
78571,938,1060
78572,945,1051
78573,953,1042
78574,959,1041
78575,961,1039
78576,957,1035
78577,955,1034
78578,951,1036
78579,950,1040
78580,950,1040
78581,952,1040
78582,951,1042
78583,948,1040
78584,945,1040
78585,939,1041
78586,943,1044
78587,944,1043
78588,941,1043
78589,938,1040
78590,937,1038
78591,936,1042
78592,939,1045
78593,940,1044
78594,939,1044
78595,937,1042
78596,938,1043
78597,936,1044
78598,938,1047
78599,938,1049
78600,938,1049
78601,935,1047
78602,933,1046
78603,931,1048
78604,934,1053
78605,939,1053
78606,938,1050
78607,936,1046
78608,933,1044
78609,932,1046
78610,933,1050
78611,937,1050
78612,936,1046
78613,936,1043
78614,932,1040
78615,935,1043
78616,936,1043
78617,941,1043
78618,944,1043
78619,942,1040
78620,938,1039
78621,939,1040
78622,941,1041
78623,945,1040
78624,947,1038
78625,946,1037
78626,945,1034
78627,946,1034
78628,949,1035
78629,953,1036
78630,954,1036
78631,955,1031
78632,953,1029
78633,955,1032
78634,960,1033
78635,967,1035
78636,968,1032
78637,965,1030
78638,966,1027
78639,966,1027
78640,970,1028
78641,973,1031
78642,975,1028
78643,972,1022
78644,972,1020
78645,971,1021
78646,975,1023
78647,978,1023
78648,980,1020
78649,978,1017
78650,975,1017
78651,976,1018
78652,977,1020
78653,980,1020
78654,980,1019
78655,980,1015
78656,981,1013
78657,982,1015
78658,985,1018
78659,990,1016
78660,988,1018
78661,988,1012
78662,985,1013
78663,985,1015
78664,989,1014
78665,991,1015
78666,991,1014
78667,988,1011
78668,988,1015
78669,990,1015
78670,990,1022
78671,991,1025
78672,991,1024
78673,985,1026
78674,983,1026
78675,980,1031
78676,979,1035
78677,979,1038
78678,978,1041
78679,972,1038
78680,972,1038
78681,972,1041
78682,974,1047
78683,975,1045
78684,970,1044
78685,966,1042
78686,962,1042
78687,959,1047
78688,961,1052
78689,962,1056
78690,963,1053
78691,961,1049
78692,955,1046
78693,954,1052
78694,954,1055
78695,959,1059
78696,959,1053
78697,958,1049
78698,957,1044
78699,956,1043
78700,958,1047
78701,960,1048
78702,964,1047
78703,963,1046
78704,962,1047
78705,963,1049
78706,967,1048
78707,972,1052
78708,975,1047
78709,979,1047
78710,981,1044
78711,985,1045
78712,991,1051
78713,1000,1052
78714,1003,1051
78715,1009,1050
78716,1016,1049
78717,1027,1047
78718,1043,1040
78719,1056,1030
78720,1067,1016
78721,1077,1002
78722,1087,990
78723,1100,981
78724,1115,973
78725,1137,959
78726,1151,943
78727,1165,925
78728,1179,903
78729,1195,885
78730,1215,873
78731,1230,863
78732,1237,852
78733,1238,843
78734,1235,842
78735,1232,843
78736,1233,842
78737,1229,843
78738,1220,838
78739,1208,834
78740,1191,832
78741,1170,834
78742,1156,840
78743,1138,849
78744,1119,851
78745,1094,859
78746,1069,868
78747,1050,880
78748,1037,895
78749,1028,905
78750,1024,917
78751,1020,928
78752,1013,936
78753,1008,949
78754,1005,958
78755,1010,966
78756,1014,974
78757,1018,981
78758,1030,987
78759,1045,996
78760,1062,1003
78761,1072,1006
78762,1063,1006
78763,1039,1011
78764,1003,1020
78765,967,1030
78766,941,1041
78767,928,1053
78768,917,1060
78769,911,1070
78770,906,1073
78771,902,1080
78772,899,1089
78773,896,1090
78774,893,1089
78775,888,1086
78776,883,1084
78777,879,1084
78778,878,1086
78779,880,1087
78780,872,1087
78781,870,1089
78782,868,1088
78783,870,1093
78784,868,1097
78785,869,1099
78786,867,1097
78787,865,1096
78788,859,1097
78789,858,1097
78790,862,1102
78791,864,1105
78792,864,1105
78793,861,1104
78794,857,1106
78795,854,1111
78796,857,1115
78797,858,1121
78798,858,1119
78799,854,1118
78800,851,1117
78801,847,1120
78802,850,1123
78803,850,1127
78804,848,1125
78805,846,1125
78806,845,1125
78807,845,1126
78808,849,1132
78809,855,1135
78810,852,1137
78811,850,1139
78812,847,1140
78813,847,1147
78814,852,1150
78815,856,1152
78816,855,1152
78817,850,1151
78818,850,1151
78819,850,1152
78820,853,1155
78821,856,1158
78822,858,1160
78823,858,1159
78824,854,1161
78825,859,1167
78826,861,1172
78827,866,1171
78828,867,1168
78829,868,1160
78830,869,1155
78831,872,1154
78832,875,1154
78833,876,1154
78834,879,1153
78835,881,1149
78836,881,1149
78837,882,1150
78838,886,1149
78839,893,1146
78840,898,1134
78841,898,1124
78842,901,1118
78843,905,1116
78844,907,1116
78845,914,1114
78846,916,1109
78847,914,1103
78848,916,1100
78849,918,1098
78850,923,1096
78851,928,1090
78852,928,1087
78853,928,1082
78854,927,1079
78855,928,1077
78856,932,1080
78857,936,1077
78858,936,1073
78859,936,1072
78860,932,1070
78861,933,1069
78862,939,1069
78863,940,1065
78864,942,1062
78865,937,1057
78866,931,1055
78867,936,1054
78868,938,1057
78869,940,1058
78870,939,1055
78871,940,1052
78872,939,1048
78873,938,1050
78874,939,1052
78875,943,1054
78876,943,1054
78877,941,1047
78878,937,1049
78879,938,1051
78880,939,1051
78881,943,1053
78882,945,1051
78883,941,1047
78884,938,1048
78885,939,1050
78886,941,1052
78887,945,1050
78888,941,1044
78889,942,1037
78890,941,1037
78891,944,1035
78892,947,1038
78893,949,1037
78894,948,1038
78895,947,1034
78896,944,1036
78897,945,1039
78898,948,1040
78899,948,1038
78900,946,1034
78901,945,1031
78902,942,1031
78903,944,1035
78904,947,1037
78905,946,1039
78906,946,1036
78907,946,1035
78908,941,1032
78909,940,1035
78910,942,1043
78911,945,1043
78912,945,1041
78913,945,1037
78914,945,1037
78915,945,1038
78916,947,1040
78917,950,1044
78918,951,1043
78919,948,1039
78920,947,1041
78921,947,1040
78922,949,1040
78923,953,1040
78924,953,1035
78925,952,1035
78926,948,1037
78927,949,1039
78928,953,1041
78929,952,1043
78930,950,1044
78931,949,1043
78932,944,1042
78933,947,1041
78934,949,1040
78935,951,1044
78936,950,1042
78937,947,1038
78938,944,1036
78939,942,1040
78940,946,1040
78941,950,1043
78942,948,1045
78943,945,1046
78944,945,1040
78945,946,1039
78946,947,1038
78947,951,1040
78948,950,1039
78949,948,1037
78950,944,1036
78951,944,1038
78952,946,1038
78953,951,1040
78954,948,1039
78955,948,1037
78956,947,1038
78957,946,1041
78958,949,1044
78959,949,1045
78960,950,1043
78961,949,1043
78962,945,1043
78963,946,1046
78964,950,1049
78965,951,1046
78966,952,1042
78967,952,1037
78968,950,1038
78969,950,1042
78970,952,1045
78971,953,1044
78972,954,1043
78973,951,1037
78974,950,1039
78975,947,1042
78976,950,1042
78977,954,1043
78978,955,1040
78979,951,1037
78980,950,1036
78981,952,1037
78982,952,1038
78983,954,1038
78984,951,1038
78985,951,1037
78986,948,1034
78987,948,1038
78988,950,1040
78989,956,1040
78990,955,1036
78991,953,1033
78992,947,1034
78993,949,1036
78994,952,1039
78995,955,1040
78996,956,1037
78997,953,1035
78998,953,1031
78999,951,1035
79000,950,1037
79001,955,1040
79002,955,1036
79003,954,1036
79004,952,1034
79005,950,1037
79006,954,1040
79007,959,1043
79008,959,1043
79009,955,1041
79010,951,1041
79011,951,1042
79012,955,1046
79013,958,1046
79014,958,1045
79015,956,1041
79016,952,1041
79017,951,1044
79018,954,1047
79019,956,1049
79020,956,1045
79021,956,1043
79022,953,1044
79023,956,1047
79024,958,1049
79025,960,1050
79026,960,1049
79027,958,1046
79028,955,1044
79029,958,1045
79030,963,1045
79031,965,1046
79032,969,1045
79033,966,1042
79034,965,1041
79035,965,1042
79036,967,1046
79037,972,1046
79038,973,1046
79039,970,1040
79040,971,1038
79041,970,1037
79042,978,1040
79043,986,1038
79044,993,1031
79045,1002,1028
79046,1011,1026
79047,1024,1027
79048,1047,1031
79049,1070,1030
79050,1097,1026
79051,1124,1017
79052,1156,1012
79053,1191,1009
79054,1227,1011
79055,1262,1018
79056,1282,1030
79057,1284,1038
79058,1267,1047
79059,1230,1051
79060,1182,1051
79061,1131,1054
79062,1068,1060
79063,1008,1062
79064,957,1066
79065,935,1069
79066,936,1069
79067,949,1063
79068,957,1051
79069,958,1041
79070,958,1037
79071,957,1037
79072,955,1040
79073,958,1039
79074,956,1037
79075,953,1036
79076,950,1034
79077,952,1036
79078,954,1037
79079,955,1040
79080,954,1039
79081,951,1039
79082,946,1035
79083,946,1037
79084,947,1039
79085,950,1037
79086,949,1035
79087,948,1037
79088,946,1031
79089,945,1035
79090,949,1039
79091,951,1039
79092,952,1036
79093,949,1036
79094,945,1033
79095,944,1036
79096,944,1039
79097,946,1039
79098,943,1040
79099,943,1037
79100,940,1037
79101,942,1042
79102,946,1044
79103,948,1044
79104,947,1042
79105,948,1040
79106,943,1038
79107,946,1041
79108,947,1042
79109,948,1041
79110,948,1039
79111,944,1039
79112,946,1039
79113,942,1039
79114,945,1042
79115,948,1041
79116,948,1038
79117,947,1035
79118,948,1035
79119,946,1034
79120,949,1038
79121,955,1037
79122,954,1036
79123,955,1033
79124,950,1031
79125,951,1032
79126,954,1036
79127,961,1035
79128,960,1033
79129,959,1031
79130,958,1032
79131,960,1033
79132,965,1038
79133,972,1034
79134,973,1034
79135,972,1029
79136,971,1028
79137,970,1029
79138,976,1032
79139,978,1028
79140,980,1027
79141,979,1024
79142,978,1023
79143,978,1024
79144,983,1025
79145,985,1024
79146,986,1021
79147,985,1018
79148,982,1018
79149,980,1018
79150,987,1018
79151,990,1018
79152,990,1017
79153,989,1014
79154,987,1011
79155,985,1014
79156,986,1015
79157,992,1014
79158,990,1009
79159,992,1004
79160,992,1002
79161,995,1003
79162,1000,1005
79163,1002,1008
79164,1005,1005
79165,1003,1005
79166,1003,1004
79167,1001,1009
79168,1004,1013
79169,1007,1014
79170,1006,1014
79171,1004,1015
79172,1000,1014
79173,998,1015
79174,999,1018
79175,1004,1021
79176,1002,1022
79177,996,1021
79178,992,1023
79179,989,1026
79180,993,1030
79181,995,1037
79182,993,1039
79183,986,1037
79184,983,1038
79185,984,1042
79186,985,1044
79187,985,1047
79188,985,1047
79189,984,1048
79190,980,1048
79191,977,1053
79192,979,1055
79193,981,1055
79194,980,1054
79195,978,1052
79196,976,1052
79197,975,1054
79198,977,1056
79199,978,1056
79200,978,1057
79201,977,1054
79202,974,1054
79203,974,1055
79204,977,1057
79205,980,1056
79206,979,1054
79207,978,1048
79208,976,1050
79209,971,1050
79210,975,1051
79211,978,1048
79212,974,1049
79213,971,1046
79214,970,1044
79215,974,1045
79216,976,1042
79217,979,1044
79218,980,1044
79219,979,1041
79220,978,1039
79221,978,1040
79222,981,1042
79223,985,1045
79224,986,1043
79225,980,1039
79226,980,1038
79227,980,1041
79228,983,1043
79229,983,1044
79230,983,1039
79231,980,1036
79232,977,1036
79233,977,1036
79234,982,1041
79235,983,1039
79236,983,1038
79237,981,1034
79238,976,1034
79239,978,1038
79240,977,1040
79241,979,1040
79242,977,1038
79243,974,1039
79244,973,1038
79245,974,1040
79246,976,1044
79247,982,1044
79248,980,1046
79249,978,1043
79250,978,1043
79251,981,1046
79252,983,1049
79253,985,1050
79254,987,1049
79255,984,1046
79256,981,1046
79257,979,1049
79258,981,1048
79259,986,1047
79260,985,1047
79261,984,1045
79262,982,1048
79263,980,1049
79264,981,1051
79265,985,1051
79266,985,1051
79267,980,1047
79268,978,1044
79269,978,1047
79270,982,1047
79271,984,1046
79272,981,1043
79273,982,1040
79274,976,1040
79275,974,1044
79276,977,1045
79277,980,1043
79278,981,1044
79279,978,1039
79280,975,1040
79281,976,1043
79282,979,1047
79283,981,1047
79284,980,1046
79285,977,1043
79286,974,1041
79287,975,1043
79288,977,1046
79289,983,1046
79290,983,1045
79291,982,1042
79292,982,1038
79293,987,1039
79294,995,1039
79295,1004,1039
79296,1014,1036
79297,1027,1032
79298,1045,1031
79299,1070,1035
79300,1104,1035
79301,1145,1028
79302,1183,1021
79303,1218,1015
79304,1252,1013
79305,1286,1024
79306,1301,1039
79307,1292,1052
79308,1258,1055
79309,1204,1050
79310,1142,1050
79311,1076,1061
79312,1016,1072
79313,968,1077
79314,947,1079
79315,943,1076
79316,951,1069
79317,961,1063
79318,969,1056
79319,975,1051
79320,976,1048
79321,972,1045
79322,969,1043
79323,968,1046
79324,969,1047
79325,972,1049
79326,968,1045
79327,966,1041
79328,962,1040
79329,961,1043
79330,962,1046
79331,963,1046
79332,962,1044
79333,959,1042
79334,958,1042
79335,955,1044
79336,954,1048
79337,959,1047
79338,956,1046
79339,957,1046
79340,955,1041
79341,955,1047
79342,957,1049
79343,959,1047
79344,958,1046
79345,957,1046
79346,956,1046
79347,956,1048
79348,957,1048
79349,956,1051
79350,957,1047
79351,959,1045
79352,955,1046
79353,957,1049
79354,955,1050
79355,957,1048
79356,956,1044
79357,955,1041
79358,954,1040
79359,953,1045
79360,956,1045
79361,956,1046
79362,958,1044
79363,957,1045
79364,955,1048
79365,957,1048
79366,961,1048
79367,966,1046
79368,967,1043
79369,965,1039
79370,967,1040
79371,966,1040
79372,971,1040
79373,974,1041
79374,974,1038
79375,971,1036
79376,969,1033
79377,969,1036
79378,972,1035
79379,976,1034
79380,976,1031
79381,974,1028
79382,973,1026
79383,977,1027
79384,983,1027
79385,987,1023
79386,983,1022
79387,983,1016
79388,981,1014
79389,982,1017
79390,988,1019
79391,992,1019
79392,991,1015
79393,991,1013
79394,990,1010
79395,989,1012
79396,991,1015
79397,999,1014
79398,1000,1010
79399,999,1010
79400,998,1009
79401,995,1013
79402,998,1014
79403,1001,1015
79404,999,1016
79405,995,1013
79406,994,1018
79407,990,1024
79408,995,1031
79409,996,1034
79410,996,1038
79411,991,1035
79412,988,1037
79413,988,1039
79414,990,1045
79415,990,1046
79416,986,1047
79417,984,1044
79418,979,1046
79419,978,1049
79420,980,1054
79421,980,1059
79422,976,1057
79423,972,1056
79424,969,1060
79425,967,1063
79426,971,1063
79427,972,1063
79428,973,1064
79429,971,1060
79430,964,1061
79431,964,1064
79432,967,1066
79433,967,1065
79434,965,1067
79435,962,1062
79436,960,1060
79437,961,1060
79438,963,1062
79439,967,1060
79440,966,1058
79441,965,1055
79442,962,1055
79443,963,1056
79444,966,1058
79445,968,1058
79446,969,1055
79447,968,1053
79448,967,1052
79449,968,1055
79450,973,1057
79451,976,1059
79452,976,1057
79453,976,1052
79454,974,1053
79455,976,1055
79456,979,1057
79457,981,1057
79458,979,1055
79459,976,1052
79460,973,1053
79461,974,1053
79462,975,1056
79463,980,1054
79464,978,1056
79465,978,1053
79466,973,1049
79467,973,1053
79468,975,1058
79469,977,1061
79470,974,1056
79471,973,1051
79472,970,1050
79473,969,1054
79474,971,1058
79475,973,1056
79476,971,1055
79477,970,1053
79478,967,1052
79479,965,1057
79480,967,1060
79481,972,1059
79482,969,1058
79483,968,1056
79484,966,1052
79485,966,1055
79486,968,1056
79487,969,1057
79488,967,1054
79489,963,1052
79490,960,1051
79491,960,1053
79492,962,1056
79493,963,1057
79494,960,1053
79495,958,1049
79496,954,1047
79497,956,1049
79498,962,1054
79499,965,1055
79500,963,1055
79501,962,1054
79502,962,1053
79503,961,1057
79504,964,1059
79505,968,1059
79506,970,1059
79507,968,1055
79508,967,1056
79509,969,1059
79510,970,1060
79511,972,1060
79512,969,1058
79513,963,1057
79514,963,1059
79515,963,1061
79516,966,1065
79517,970,1066
79518,970,1063
79519,968,1058
79520,963,1059
79521,965,1061
79522,967,1064
79523,970,1065
79524,968,1065
79525,963,1063
79526,961,1059
79527,960,1058
79528,962,1061
79529,964,1063
79530,962,1061
79531,958,1056
79532,958,1059
79533,960,1063
79534,963,1065
79535,965,1065
79536,962,1065
79537,962,1065
79538,961,1063
79539,961,1065
79540,963,1067
79541,969,1065
79542,964,1065
79543,958,1060
79544,955,1061
79545,953,1059
79546,956,1058
79547,960,1056
79548,958,1055
79549,957,1056
79550,955,1057
79551,955,1058
79552,962,1060
79553,964,1059
79554,964,1059
79555,963,1056
79556,961,1056
79557,960,1057
79558,963,1058
79559,964,1059
79560,962,1061
79561,962,1057
79562,961,1055
79563,962,1058
79564,966,1060
79565,969,1060
79566,967,1058
79567,965,1055
79568,963,1057
79569,963,1059
79570,965,1061
79571,969,1061
79572,965,1062
79573,966,1059
79574,960,1058
79575,959,1059
79576,958,1062
79577,961,1065
79578,960,1060
79579,960,1059
79580,961,1059
79581,962,1062
79582,963,1066
79583,963,1068
79584,963,1064
79585,961,1063
79586,960,1060
79587,956,1061
79588,961,1064
79589,965,1065
79590,967,1062
79591,965,1060
79592,961,1061
79593,961,1063
79594,961,1063
79595,965,1064
79596,963,1064
79597,962,1060
79598,958,1059
79599,958,1063
79600,961,1067
79601,964,1069
79602,964,1063
79603,961,1060
79604,956,1058
79605,958,1058
79606,963,1062
79607,965,1065
79608,965,1062
79609,962,1059
79610,960,1059
79611,962,1061
79612,966,1065
79613,969,1063
79614,968,1061
79615,965,1060
79616,961,1058
79617,962,1060
79618,965,1063
79619,968,1062
79620,970,1060
79621,969,1058
79622,967,1057
79623,968,1062
79624,969,1065
79625,969,1068
79626,966,1068
79627,963,1064
79628,962,1062
79629,961,1064
79630,967,1063
79631,968,1068
79632,968,1063
79633,965,1060
79634,960,1060
79635,959,1062
79636,962,1065
79637,962,1066
79638,962,1064
79639,963,1063
79640,960,1063
79641,959,1066
79642,961,1066
79643,967,1064
79644,966,1059
79645,965,1055
79646,964,1056
79647,966,1058
79648,968,1062
79649,970,1059
79650,972,1058
79651,970,1054
79652,967,1054
79653,969,1057
79654,974,1058
79655,977,1058
79656,975,1056
79657,974,1052
79658,973,1053
79659,973,1054
79660,976,1059
79661,982,1055
79662,985,1051
79663,989,1044
79664,993,1044
79665,1010,1046
79666,1030,1047
79667,1054,1045
79668,1084,1040
79669,1114,1032
79670,1148,1024
79671,1179,1020
79672,1218,1020
79673,1254,1025
79674,1275,1031
79675,1275,1044
79676,1248,1056
79677,1202,1060
79678,1146,1066
79679,1098,1069
79680,1042,1076
79681,993,1079
79682,961,1084
79683,949,1084
79684,957,1083
79685,971,1076
79686,976,1067
79687,973,1061
79688,968,1062
79689,965,1061
79690,964,1066
79691,967,1066
79692,962,1063
79693,958,1061
79694,954,1059
79695,952,1059
79696,954,1061
79697,957,1064
79698,955,1063
79699,954,1061
79700,950,1059
79701,952,1061
79702,954,1063
79703,958,1063
79704,956,1061
79705,954,1061
79706,950,1061
79707,950,1062
79708,953,1066
79709,956,1063
79710,953,1062
79711,951,1059
79712,949,1058
79713,948,1061
79714,949,1064
79715,952,1064
79716,951,1062
79717,946,1057
79718,947,1059
79719,948,1062
79720,947,1062
79721,950,1066
79722,948,1063
79723,948,1061
79724,946,1058
79725,948,1060
79726,952,1063
79727,954,1061
79728,954,1061
79729,952,1060
79730,948,1056
79731,947,1058
79732,953,1063
79733,958,1061
79734,959,1063
79735,958,1056
79736,957,1055
79737,957,1056
79738,959,1062
79739,963,1061
79740,964,1058
79741,964,1056
79742,963,1052
79743,965,1054
79744,968,1057
79745,968,1053
79746,969,1051
79747,967,1047
79748,968,1043
79749,970,1046
79750,974,1049
79751,978,1045
79752,978,1041
79753,975,1036
79754,974,1035
79755,979,1037
79756,980,1040
79757,984,1041
79758,982,1038
79759,981,1034
79760,980,1033
79761,984,1038
79762,987,1043
79763,992,1043
79764,993,1043
79765,988,1041
79766,989,1042
79767,991,1044
79768,997,1043
79769,1000,1040
79770,1000,1042
79771,1001,1039
79772,994,1039
79773,997,1043
79774,1000,1045
79775,1005,1044
79776,1005,1042
79777,1004,1040
79778,1001,1041
79779,1002,1043
79780,1004,1050
79781,1006,1051
79782,1004,1048
79783,1001,1050
79784,994,1048
79785,996,1052
79786,998,1054
79787,995,1057
79788,990,1059
79789,987,1058
79790,981,1057
79791,979,1059
79792,981,1063
79793,980,1062
79794,976,1057
79795,972,1055
79796,968,1054
79797,967,1059
79798,967,1061
79799,969,1061
79800,968,1057
79801,963,1055
79802,961,1058
79803,960,1061
79804,960,1062
79805,963,1063
79806,962,1064
79807,961,1060
79808,957,1062
79809,957,1066
79810,960,1068
79811,963,1069
79812,963,1068
79813,961,1068
79814,957,1066
79815,958,1070
79816,961,1071
79817,965,1071
79818,965,1071
79819,966,1068
79820,965,1069
79821,965,1073
79822,967,1074
79823,969,1073
79824,969,1070
79825,968,1067
79826,966,1069
79827,964,1067
79828,968,1069
79829,971,1070
79830,968,1067
79831,966,1067
79832,965,1068
79833,967,1070
79834,971,1071
79835,973,1073
79836,971,1069
79837,969,1066
79838,965,1063
79839,966,1062
79840,971,1064
79841,970,1064
79842,969,1062
79843,969,1059
79844,969,1059
79845,967,1062
79846,970,1065
79847,971,1063
79848,970,1065
79849,967,1061
79850,968,1062
79851,968,1061
79852,970,1064
79853,973,1065
79854,971,1064
79855,967,1062
79856,966,1065
79857,965,1067
79858,967,1070
79859,968,1069
79860,968,1070
79861,966,1070
79862,964,1070
79863,967,1072
79864,970,1076
79865,974,1073
79866,975,1073
79867,971,1071
79868,971,1071
79869,970,1068
79870,974,1074
79871,974,1074
79872,975,1072
79873,973,1068
79874,970,1064
79875,971,1067
79876,971,1067
79877,973,1067
79878,973,1066
79879,970,1062
79880,968,1062
79881,969,1066
79882,971,1066
79883,972,1067
79884,971,1066
79885,969,1064
79886,964,1060
79887,968,1065
79888,969,1066
79889,970,1065
79890,970,1063
79891,966,1060
79892,963,1057
79893,963,1059
79894,967,1063
79895,969,1065
79896,972,1064
79897,968,1061
79898,966,1061
79899,966,1063
79900,968,1066
79901,971,1068
79902,971,1067
79903,966,1066
79904,962,1065
79905,964,1068
79906,966,1072
79907,968,1072
79908,970,1071
79909,966,1067
79910,965,1068
79911,966,1073
79912,969,1077
79913,972,1077
79914,971,1073
79915,972,1069
79916,968,1071
79917,969,1072
79918,974,1074
79919,975,1073
79920,975,1072
79921,972,1072
79922,973,1071
79923,974,1074
79924,977,1074
79925,981,1074
79926,980,1072
79927,979,1068
79928,979,1067
79929,985,1067
79930,991,1065
79931,1000,1066
79932,1009,1062
79933,1023,1058
79934,1039,1055
79935,1065,1056
79936,1101,1054
79937,1137,1046
79938,1171,1032
79939,1207,1023
79940,1242,1024
79941,1270,1035
79942,1288,1053
79943,1281,1064
79944,1246,1070
79945,1191,1066
79946,1127,1068
79947,1066,1082
79948,1007,1093
79949,964,1097
79950,939,1096
79951,936,1090
79952,945,1081
79953,955,1073
79954,962,1071
79955,967,1066
79956,966,1062
79957,962,1060
79958,960,1060
79959,961,1060
79960,962,1064
79961,962,1064
79962,961,1062
79963,959,1061
79964,955,1061
79965,955,1064
79966,956,1066
79967,958,1067
79968,960,1064
79969,958,1064
79970,956,1064
79971,956,1064
79972,959,1067
79973,960,1068
79974,959,1066
79975,958,1063
79976,956,1066
79977,959,1066
79978,961,1071
79979,962,1069
79980,959,1067
79981,955,1068
79982,953,1067
79983,957,1069
79984,958,1069
79985,962,1069
79986,959,1067
79987,956,1064
79988,954,1063
79989,957,1067
79990,959,1068
79991,962,1067
79992,963,1066
79993,959,1062
79994,956,1062
79995,956,1064
79996,960,1065
79997,961,1065
79998,961,1061
79999,961,1058
80000,959,1059
80001,959,1060
80002,963,1063
80003,966,1064
80004,965,1063
80005,963,1058
80006,963,1057
80007,966,1057
80008,968,1061
80009,973,1058
80010,975,1057
80011,973,1055
80012,970,1054
80013,972,1055
80014,976,1057
80015,980,1056
80016,980,1051
80017,977,1050
80018,977,1049
80019,981,1051
80020,983,1050
80021,988,1049
80022,989,1045
80023,989,1041
80024,988,1040
80025,990,1040
80026,992,1044
80027,997,1040
80028,999,1038
80029,999,1034
80030,998,1032
80031,1001,1033
80032,1003,1032
80033,1005,1033
80034,1006,1029
80035,1004,1029
80036,1003,1029
80037,1002,1031
80038,1003,1031
80039,1007,1030
80040,1006,1027
80041,1005,1024
80042,1002,1027
80043,1003,1028
80044,1006,1034
80045,1006,1033
80046,1006,1030
80047,1001,1034
80048,999,1035
80049,998,1040
80050,1000,1044
80051,1001,1047
80052,997,1045
80053,993,1046
80054,988,1049
80055,986,1051
80056,986,1058
80057,986,1061
80058,982,1056
80059,977,1059
80060,977,1059
80061,974,1064
80062,975,1069
80063,978,1070
80064,976,1070
80065,972,1068
80066,970,1071
80067,970,1077
80068,973,1079
80069,974,1078
80070,972,1076
80071,968,1076
80072,965,1076
80073,965,1079
80074,968,1080
80075,973,1082
80076,971,1078
80077,969,1077
80078,967,1076
80079,968,1078
80080,972,1078
80081,977,1080
80082,977,1077
80083,975,1074
80084,973,1074
80085,974,1072
80086,975,1076
80087,979,1074
80088,980,1070
80089,977,1066
80090,973,1064
80091,977,1067
80092,987,1067
80093,993,1068
80094,997,1064
80095,999,1066
80096,1002,1067
80097,1004,1072
80098,1013,1076
80099,1021,1076
80100,1030,1073
80101,1040,1064
80102,1051,1052
80103,1066,1040
80104,1079,1026
80105,1098,1015
80106,1112,1002
80107,1126,988
80108,1139,977
80109,1156,962
80110,1174,945
80111,1196,923
80112,1212,904
80113,1225,889
80114,1235,878
80115,1240,870
80116,1239,871
80117,1239,872
80118,1234,870
80119,1227,864
80120,1218,863
80121,1206,865
80122,1192,867
80123,1179,870
80124,1155,873
80125,1132,877
80126,1107,888
80127,1085,903
80128,1071,915
80129,1061,928
80130,1053,940
80131,1046,950
80132,1042,960
80133,1038,971
80134,1038,983
80135,1041,990
80136,1054,996
80137,1067,1003
80138,1086,1010
80139,1099,1016
80140,1098,1024
80141,1072,1031
80142,1031,1039
80143,987,1048
80144,958,1059
80145,945,1074
80146,938,1087
80147,935,1097
80148,930,1102
80149,924,1102
80150,918,1108
80151,914,1110
80152,912,1118
80153,908,1122
80154,904,1123
80155,901,1124
80156,895,1125
80157,892,1128
80158,896,1132
80159,896,1135
80160,894,1135
80161,891,1133
80162,888,1132
80163,888,1138
80164,885,1142
80165,887,1142
80166,886,1144
80167,879,1138
80168,876,1142
80169,878,1145
80170,880,1150
80171,880,1153
80172,881,1152
80173,878,1151
80174,874,1154
80175,874,1158
80176,875,1163
80177,878,1164
80178,878,1165
80179,871,1168
80180,869,1168
80181,866,1173
80182,866,1180
80183,869,1181
80184,870,1182
80185,865,1183
80186,865,1187
80187,867,1190
80188,869,1195
80189,870,1195
80190,867,1198
80191,866,1197
80192,863,1200
80193,867,1204
80194,866,1209
80195,873,1210
80196,872,1208
80197,876,1207
80198,875,1206
80199,878,1209
80200,886,1211
80201,894,1209
80202,897,1204
80203,897,1201
80204,899,1199
80205,905,1197
80206,913,1198
80207,918,1191
80208,921,1187
80209,922,1178
80210,925,1175
80211,929,1173
80212,937,1166
80213,944,1163
80214,948,1156
80215,948,1147
80216,950,1142
80217,950,1140
80218,953,1135
80219,959,1131
80220,960,1123
80221,958,1119
80222,956,1114
80223,956,1111
80224,960,1108
80225,961,1103
80226,960,1098
80227,956,1093
80228,954,1091
80229,954,1091
80230,957,1089
80231,960,1088
80232,960,1082
80233,956,1075
80234,954,1075
80235,952,1075
80236,954,1077
80237,954,1078
80238,954,1074
80239,949,1071
80240,950,1067
80241,953,1069
80242,954,1073
80243,957,1074
80244,954,1073
80245,951,1069
80246,950,1068
80247,950,1070
80248,954,1073
80249,954,1074
80250,955,1074
80251,954,1069
80252,953,1069
80253,954,1071
80254,956,1075
80255,957,1073
80256,955,1070
80257,954,1065
80258,954,1065
80259,956,1068
80260,957,1072
80261,956,1072
80262,960,1070
80263,959,1069
80264,958,1068
80265,960,1070
80266,962,1069
80267,962,1069
80268,960,1067
80269,958,1063
80270,956,1066
80271,956,1071
80272,959,1070
80273,960,1069
80274,961,1067
80275,958,1064
80276,957,1062
80277,957,1065
80278,960,1066
80279,966,1062
80280,963,1059
80281,960,1055
80282,957,1056
80283,957,1059
80284,962,1062
80285,962,1060
80286,965,1057
80287,962,1057
80288,959,1058
80289,958,1060
80290,962,1059
80291,966,1061
80292,965,1059
80293,962,1056
80294,962,1057
80295,963,1062
80296,963,1061
80297,965,1061
80298,962,1061
80299,960,1059
80300,961,1059
80301,963,1063
80302,963,1065
80303,962,1065
80304,963,1065
80305,960,1059
80306,958,1060
80307,958,1059
80308,963,1059
80309,965,1061
80310,964,1060
80311,960,1060
80312,957,1064
80313,955,1065
80314,958,1067
80315,961,1063
80316,959,1061
80317,956,1058
80318,953,1056
80319,957,1059
80320,960,1063
80321,960,1062
80322,959,1060
80323,963,1058
80324,959,1056
80325,960,1058
80326,962,1065
80327,965,1060
80328,964,1059
80329,962,1057
80330,959,1057
80331,960,1058
80332,961,1061
80333,965,1061
80334,964,1059
80335,963,1055
80336,961,1056
80337,961,1058
80338,963,1061
80339,965,1061
80340,963,1059
80341,964,1055
80342,964,1055
80343,964,1057
80344,966,1060
80345,966,1061
80346,963,1063
80347,959,1060
80348,957,1062
80349,958,1063
80350,960,1067
80351,964,1064
80352,961,1065
80353,959,1063
80354,955,1062
80355,958,1062
80356,963,1059
80357,964,1055
80358,963,1050
80359,961,1047
80360,958,1049
80361,957,1055
80362,959,1061
80363,962,1066
80364,960,1064
80365,960,1058
80366,959,1054
80367,959,1052
80368,961,1056
80369,963,1059
80370,965,1056
80371,963,1057
80372,961,1056
80373,964,1057
80374,966,1058
80375,971,1054
80376,970,1052
80377,966,1050
80378,962,1052
80379,964,1057
80380,966,1063
80381,969,1065
80382,969,1060
80383,967,1057
80384,967,1053
80385,965,1055
80386,968,1056
80387,970,1059
80388,971,1058
80389,969,1057
80390,965,1060
80391,966,1062
80392,968,1064
80393,975,1063
80394,976,1060
80395,973,1058
80396,973,1057
80397,973,1060
80398,973,1064
80399,977,1067
80400,977,1071
80401,973,1072
80402,971,1071
80403,971,1063
80404,972,1055
80405,975,1048
80406,972,1045
80407,969,1047
80408,968,1048
80409,970,1048
80410,971,1046
80411,975,1045
80412,973,1047
80413,971,1045
80414,970,1049
80415,967,1054
80416,972,1059
80417,977,1056
80418,978,1049
80419,979,1043
80420,979,1040
80421,984,1037
80422,992,1036
80423,997,1037
80424,1007,1039
80425,1019,1044
80426,1034,1054
80427,1059,1059
80428,1094,1056
80429,1134,1032
80430,1166,1006
80431,1201,986
80432,1237,989
80433,1265,1004
80434,1280,1029
80435,1269,1043
80436,1230,1052
80437,1175,1053
80438,1116,1063
80439,1059,1078
80440,1013,1097
80441,975,1113
80442,956,1114
80443,957,1095
80444,965,1065
80445,978,1048
80446,981,1039
80447,981,1038
80448,978,1038
80449,974,1041
80450,967,1041
80451,966,1043
80452,965,1043
80453,970,1046
80454,969,1041
80455,964,1042
80456,962,1043
80457,963,1049
80458,964,1054
80459,964,1055
80460,965,1053
80461,960,1044
80462,960,1041
80463,957,1042
80464,960,1047
80465,961,1049
80466,959,1048
80467,957,1046
80468,955,1045
80469,956,1048
80470,959,1052
80471,961,1053
80472,960,1051
80473,956,1050
80474,951,1047
80475,953,1050
80476,956,1054
80477,959,1055
80478,959,1051
80479,956,1048
80480,954,1047
80481,955,1050
80482,958,1054
80483,959,1052
80484,958,1052
80485,956,1047
80486,957,1047
80487,958,1053
80488,959,1053
80489,963,1050
80490,963,1047
80491,963,1045
80492,960,1044
80493,964,1048
80494,964,1048
80495,968,1044
80496,969,1045
80497,971,1039
80498,970,1038
80499,969,1039
80500,974,1039
80501,978,1038
80502,976,1035
80503,976,1034
80504,975,1033
80505,977,1033
80506,981,1036
80507,983,1035
80508,984,1031
80509,982,1028
80510,981,1028
80511,984,1027
80512,988,1029
80513,991,1027
80514,991,1023
80515,989,1020
80516,987,1023
80517,988,1024
80518,991,1026
80519,994,1023
80520,995,1023
80521,993,1019
80522,993,1021
80523,997,1024
80524,1001,1026
80525,1004,1026
80526,1004,1023
80527,1007,1019
80528,1003,1022
80529,1005,1024
80530,1012,1028
80531,1014,1029
80532,1013,1026
80533,1011,1025
80534,1010,1026
80535,1012,1027
80536,1010,1032
80537,1014,1034
80538,1013,1033
80539,1009,1033
80540,1007,1037
80541,1006,1040
80542,1008,1044
80543,1009,1048
80544,1005,1045
80545,1000,1045
80546,994,1046
80547,994,1050
80548,994,1053
80549,995,1052
80550,991,1052
80551,984,1050
80552,984,1052
80553,986,1055
80554,987,1057
80555,985,1058
80556,983,1056
80557,980,1051
80558,976,1051
80559,978,1056
80560,980,1059
80561,982,1057
80562,979,1058
80563,977,1055
80564,973,1055
80565,974,1059
80566,979,1061
80567,981,1060
80568,980,1058
80569,979,1055
80570,977,1054
80571,980,1059
80572,979,1060
80573,981,1061
80574,981,1060
80575,980,1056
80576,977,1055
80577,980,1056
80578,983,1059
80579,985,1060
80580,986,1057
80581,983,1054
80582,982,1055
80583,986,1057
80584,988,1060
80585,991,1061
80586,990,1056
80587,987,1055
80588,986,1056
80589,990,1055
80590,992,1059
80591,994,1057
80592,992,1054
80593,990,1052
80594,988,1052
80595,988,1052
80596,990,1055
80597,994,1056
80598,991,1055
80599,989,1051
80600,989,1049
80601,988,1055
80602,991,1056
80603,994,1056
80604,992,1052
80605,987,1052
80606,988,1052
80607,987,1051
80608,989,1056
80609,991,1054
80610,992,1055
80611,987,1052
80612,988,1051
80613,987,1053
80614,990,1055
80615,991,1055
80616,991,1055
80617,988,1052
80618,987,1051
80619,986,1051
80620,990,1055
80621,992,1054
80622,992,1051
80623,990,1047
80624,986,1047
80625,987,1049
80626,990,1051
80627,993,1050
80628,993,1047
80629,988,1046
80630,988,1048
80631,989,1049
80632,994,1052
80633,999,1052
80634,997,1052
80635,993,1049
80636,995,1048
80637,995,1051
80638,1000,1055
80639,1004,1053
80640,1004,1047
80641,1006,1045
80642,1016,1044
80643,1026,1045
80644,1044,1044
80645,1064,1044
80646,1089,1039
80647,1115,1034
80648,1141,1030
80649,1181,1024
80650,1222,1023
80651,1258,1027
80652,1284,1032
80653,1295,1044
80654,1290,1055
80655,1267,1062
80656,1231,1065
80657,1184,1062
80658,1133,1066
80659,1077,1075
80660,1022,1084
80661,979,1091
80662,959,1096
80663,960,1094
80664,966,1082
80665,970,1067
80666,975,1060
80667,979,1056
80668,982,1053
80669,984,1050
80670,980,1049
80671,976,1041
80672,970,1045
80673,970,1046
80674,973,1048
80675,975,1046
80676,973,1047
80677,970,1041
80678,968,1043
80679,967,1045
80680,969,1049
80681,971,1047
80682,970,1046
80683,967,1044
80684,964,1046
80685,963,1045
80686,968,1049
80687,969,1049
80688,968,1046
80689,967,1047
80690,963,1048
80691,964,1050
80692,966,1054
80693,968,1053
80694,966,1052
80695,965,1050
80696,962,1052
80697,960,1054
80698,964,1057
80699,966,1056
80700,967,1055
80701,965,1051
80702,964,1053
80703,967,1053
80704,969,1054
80705,970,1056
80706,969,1053
80707,969,1049
80708,965,1050
80709,967,1053
80710,967,1054
80711,971,1053
80712,969,1049
80713,968,1043
80714,967,1043
80715,965,1045
80716,971,1047
80717,973,1046
80718,972,1041
80719,971,1036
80720,969,1035
80721,969,1038
80722,973,1034
80723,976,1033
80724,977,1029
80725,975,1026
80726,976,1026
80727,982,1026
80728,985,1026
80729,987,1024
80730,988,1023
80731,987,1020
80732,986,1018
80733,990,1020
80734,991,1022
80735,995,1021
80736,994,1018
80737,994,1013
80738,990,1014
80739,993,1013
80740,1000,1018
80741,1002,1018
80742,1000,1014
80743,1000,1011
80744,1000,1011
80745,999,1012
80746,998,1016
80747,1003,1016
80748,1002,1014
80749,1003,1012
80750,1002,1011
80751,1004,1015
80752,1007,1016
80753,1007,1018
80754,1008,1015
80755,1006,1012
80756,1003,1015
80757,1007,1016
80758,1007,1019
80759,1009,1019
80760,1009,1022
80761,1008,1022
80762,1006,1023
80763,1005,1027
80764,1007,1033
80765,1005,1029
80766,1005,1030
80767,999,1031
80768,996,1031
80769,997,1035
80770,999,1037
80771,998,1038
80772,994,1034
80773,990,1034
80774,984,1036
80775,984,1039
80776,983,1044
80777,983,1044
80778,985,1044
80779,980,1041
80780,977,1044
80781,977,1047
80782,981,1048
80783,980,1048
80784,977,1046
80785,975,1046
80786,975,1047
80787,975,1051
80788,977,1054
80789,978,1055
80790,977,1055
80791,978,1054
80792,973,1054
80793,975,1057
80794,975,1061
80795,978,1061
80796,977,1059
80797,974,1057
80798,973,1058
80799,975,1064
80800,977,1064
80801,983,1062
80802,981,1060
80803,979,1056
80804,978,1057
80805,981,1060
80806,982,1063
80807,984,1060
80808,984,1057
80809,982,1054
80810,978,1055
80811,979,1057
80812,983,1059
80813,986,1059
80814,983,1056
80815,981,1051
80816,979,1053
80817,979,1055
80818,982,1057
80819,985,1055
80820,986,1051
80821,984,1045
80822,979,1048
80823,982,1049
80824,983,1048
80825,986,1049
80826,984,1046
80827,982,1043
80828,979,1043
80829,983,1043
80830,985,1046
80831,985,1045
80832,983,1043
80833,982,1040
80834,980,1040
80835,981,1043
80836,982,1046
80837,985,1045
80838,984,1048
80839,980,1045
80840,979,1044
80841,981,1049
80842,983,1052
80843,985,1051
80844,983,1050
80845,984,1050
80846,983,1048
80847,984,1052
80848,983,1054
80849,985,1054
80850,984,1052
80851,984,1049
80852,982,1051
80853,984,1055
80854,987,1056
80855,989,1054
80856,986,1053
80857,985,1051
80858,981,1051
80859,983,1052
80860,987,1051
80861,990,1053
80862,988,1051
80863,986,1049
80864,986,1048
80865,987,1051
80866,992,1052
80867,994,1051
80868,995,1044
80869,998,1043
80870,1002,1041
80871,1007,1042
80872,1023,1041
80873,1039,1039
80874,1057,1037
80875,1077,1031
80876,1104,1030
80877,1136,1025
80878,1175,1020
80879,1214,1015
80880,1245,1010
80881,1271,1014
80882,1290,1025
80883,1294,1042
80884,1277,1052
80885,1237,1051
80886,1173,1048
80887,1107,1052
80888,1042,1065
80889,990,1073
80890,959,1081
80891,955,1077
80892,960,1070
80893,967,1057
80894,971,1051
80895,973,1050
80896,977,1050
80897,977,1048
80898,975,1048
80899,973,1046
80900,970,1048
80901,969,1052
80902,972,1053
80903,972,1053
80904,968,1052
80905,966,1048
80906,964,1052
80907,965,1052
80908,964,1055
80909,966,1056
80910,964,1052
80911,962,1050
80912,960,1048
80913,963,1051
80914,965,1052
80915,967,1053
80916,964,1050
80917,965,1046
80918,963,1048
80919,964,1050
80920,965,1051
80921,966,1047
80922,964,1045
80923,961,1044
80924,960,1045
80925,963,1046
80926,964,1048
80927,966,1048
80928,965,1045
80929,961,1040
80930,956,1044
80931,957,1045
80932,961,1046
80933,963,1045
80934,965,1045
80935,963,1040
80936,960,1044
80937,961,1044
80938,966,1045
80939,966,1044
80940,963,1041
80941,961,1039
80942,959,1041
80943,964,1044
80944,966,1042
80945,972,1043
80946,970,1041
80947,968,1035
80948,967,1034
80949,970,1037
80950,972,1037
80951,978,1036
80952,978,1034
80953,977,1028
80954,978,1029
80955,979,1028
80956,981,1029
80957,987,1025
80958,987,1025
80959,985,1021
80960,984,1022
80961,988,1023
80962,988,1024
80963,993,1022
80964,992,1020
80965,991,1013
80966,988,1011
80967,990,1014
80968,993,1017
80969,995,1016
80970,995,1013
80971,994,1008
80972,995,1007
80973,996,1009
80974,1000,1010
80975,1002,1010
80976,1002,1005
80977,1000,1003
80978,998,1004
80979,998,1010
80980,1002,1010
80981,1006,1016
80982,1006,1013
80983,1003,1009
80984,998,1012
80985,999,1017
80986,1000,1019
80987,1001,1022
80988,1002,1020
80989,995,1019
80990,992,1021
80991,989,1026
80992,990,1031
80993,990,1031
80994,987,1031
80995,986,1030
80996,980,1032
80997,982,1036
80998,981,1041
80999,986,1041
81000,980,1041
81001,975,1040
81002,974,1041
81003,975,1045
81004,979,1046
81005,980,1047
81006,978,1044
81007,974,1043
81008,971,1044
81009,973,1049
81010,971,1051
81011,973,1050
81012,971,1048
81013,965,1050
81014,964,1050
81015,965,1051
81016,968,1056
81017,972,1054
81018,970,1056
81019,968,1053
81020,969,1054
81021,970,1057
81022,970,1058
81023,974,1056
81024,971,1054
81025,967,1051
81026,968,1053
81027,970,1056
81028,971,1057
81029,972,1057
81030,970,1054
81031,969,1050
81032,967,1051
81033,965,1052
81034,968,1055
81035,970,1053
81036,969,1051
81037,967,1047
81038,967,1046
81039,968,1048
81040,972,1050
81041,972,1049
81042,972,1046
81043,971,1042
81044,969,1042
81045,970,1042
81046,970,1045
81047,970,1041
81048,972,1041
81049,968,1036
81050,966,1038
81051,969,1040
81052,971,1042
81053,975,1042
81054,976,1040
81055,972,1039
81056,970,1039
81057,970,1042
81058,972,1043
81059,975,1043
81060,972,1039
81061,967,1040
81062,962,1042
81063,965,1043
81064,965,1045
81065,968,1044
81066,968,1044
81067,966,1041
81068,963,1046
81069,965,1046
81070,963,1050
81071,965,1048
81072,966,1047
81073,965,1047
81074,964,1043
81075,966,1047
81076,968,1050
81077,969,1046
81078,964,1045
81079,961,1041
81080,958,1041
81081,962,1045
81082,965,1048
81083,968,1046
81084,964,1044
81085,961,1042
81086,963,1043
81087,965,1044
81088,968,1046
81089,968,1046
81090,966,1044
81091,961,1041
81092,959,1042
81093,962,1043
81094,966,1045
81095,968,1043
81096,966,1042
81097,963,1038
81098,963,1039
81099,960,1041
81100,965,1044
81101,967,1042
81102,964,1041
81103,963,1038
81104,962,1040
81105,965,1043
81106,963,1046
81107,968,1044
81108,967,1044
81109,964,1042
81110,961,1040
81111,961,1045
81112,965,1047
81113,969,1046
81114,969,1044
81115,963,1042
81116,963,1043
81117,966,1046
81118,966,1048
81119,966,1048
81120,966,1045
81121,964,1044
81122,960,1047
81123,963,1048
81124,964,1050
81125,962,1049
81126,962,1046
81127,962,1045
81128,964,1043
81129,964,1046
81130,964,1048
81131,967,1048
81132,964,1046
81133,962,1044
81134,960,1047
81135,961,1048
81136,962,1050
81137,964,1050
81138,963,1046
81139,959,1043
81140,958,1043
81141,961,1042
81142,960,1047
81143,960,1045
81144,961,1043
81145,959,1040
81146,958,1040
81147,961,1041
81148,963,1045
81149,965,1043
81150,964,1041
81151,960,1039
81152,962,1039
81153,960,1039
81154,964,1043
81155,964,1042
81156,963,1038
81157,966,1036
81158,964,1039
81159,965,1040
81160,967,1040
81161,968,1039
81162,967,1039
81163,966,1036
81164,962,1037
81165,964,1040
81166,967,1042
81167,973,1042
81168,974,1040
81169,969,1040
81170,969,1043
81171,971,1043
81172,974,1044
81173,978,1048
81174,977,1045
81175,975,1044
81176,974,1044
81177,975,1047
81178,977,1048
81179,983,1048
81180,983,1044
81181,980,1042
81182,981,1044
81183,986,1041
81184,992,1044
81185,1003,1038
81186,1012,1036
81187,1025,1031
81188,1041,1028
81189,1066,1029
81190,1097,1026
81191,1129,1016
81192,1164,1008
81193,1194,1003
81194,1224,1000
81195,1251,1006
81196,1270,1018
81197,1278,1032
81198,1260,1042
81199,1225,1043
81200,1174,1042
81201,1124,1048
81202,1076,1062
81203,1022,1070
81204,974,1075
81205,949,1077
81206,941,1077
81207,949,1073
81208,961,1067
81209,968,1057
81210,971,1050
81211,966,1044
81212,963,1041
81213,963,1041
81214,965,1044
81215,967,1044
81216,966,1041
81217,961,1036
81218,958,1038
81219,958,1041
81220,961,1045
81221,961,1043
81222,961,1042
81223,957,1040
81224,954,1042
81225,951,1045
81226,956,1048
81227,960,1048
81228,956,1045
81229,953,1042
81230,950,1041
81231,954,1044
81232,955,1046
81233,957,1044
81234,953,1044
81235,951,1041
81236,948,1042
81237,951,1043
81238,954,1047
81239,955,1049
81240,957,1046
81241,953,1044
81242,951,1043
81243,952,1047
81244,954,1048
81245,954,1047
81246,955,1042
81247,953,1043
81248,951,1043
81249,954,1045
81250,955,1048
81251,956,1046
81252,955,1043
81253,949,1042
81254,952,1042
81255,952,1041
81256,955,1046
81257,953,1044
81258,955,1040
81259,954,1039
81260,953,1039
81261,955,1040
81262,958,1044
81263,961,1043
81264,961,1040
81265,962,1037
81266,959,1038
81267,962,1040
81268,969,1045
81269,971,1040
81270,974,1035
81271,973,1032
81272,970,1034
81273,974,1034
81274,979,1036
81275,981,1033
81276,980,1033
81277,981,1027
81278,977,1027
81279,980,1030
81280,983,1031
81281,988,1028
81282,988,1025
81283,989,1021
81284,988,1018
81285,992,1021
81286,994,1023
81287,995,1022
81288,990,1018
81289,989,1015
81290,989,1017
81291,988,1019
81292,995,1020
81293,996,1019
81294,995,1017
81295,990,1013
81296,989,1015
81297,993,1014
81298,997,1018
81299,1001,1018
81300,998,1016
81301,1001,1014
81302,1000,1013
81303,1005,1013
81304,1009,1017
81305,1010,1018
81306,1010,1017
81307,1007,1013
81308,1003,1014
81309,1003,1018
81310,1003,1023
81311,1005,1024
81312,1003,1025
81313,997,1021
81314,996,1024
81315,995,1031
81316,996,1035
81317,995,1036
81318,992,1033
81319,985,1032
81320,985,1034
81321,985,1039
81322,985,1038
81323,985,1039
81324,982,1039
81325,978,1039
81326,978,1039
81327,978,1041
81328,982,1045
81329,982,1045
81330,978,1042
81331,975,1042
81332,972,1041
81333,978,1043
81334,976,1050
81335,978,1048
81336,975,1048
81337,972,1042
81338,973,1044
81339,974,1047
81340,976,1052
81341,981,1050
81342,982,1048
81343,981,1044
81344,983,1045
81345,990,1047
81346,996,1048
81347,1003,1049
81348,1004,1049
81349,1006,1048
81350,1012,1052
81351,1019,1054
81352,1026,1057
81353,1039,1055
81354,1053,1044
81355,1063,1033
81356,1073,1022
81357,1087,1009
81358,1102,998
81359,1119,987
81360,1135,973
81361,1146,959
81362,1158,949
81363,1173,933
81364,1193,918
81365,1212,898
81366,1230,881
81367,1243,871
81368,1250,858
81369,1249,855
81370,1250,860
81371,1245,857
81372,1240,855
81373,1232,854
81374,1221,852
81375,1209,853
81376,1192,859
81377,1176,857
81378,1152,862
81379,1126,865
81380,1100,874
81381,1079,885
81382,1061,899
81383,1046,909
81384,1036,920
81385,1028,931
81386,1027,940
81387,1026,951
81388,1025,966
81389,1025,974
81390,1026,980
81391,1034,990
81392,1046,999
81393,1062,1006
81394,1067,1014
81395,1064,1016
81396,1046,1020
81397,1016,1023
81398,984,1034
81399,961,1045
81400,946,1055
81401,939,1065
81402,934,1070
81403,928,1072
81404,920,1077
81405,918,1082
81406,914,1083
81407,912,1084
81408,908,1084
81409,902,1085
81410,896,1087
81411,895,1093
81412,896,1098
81413,897,1097
81414,894,1095
81415,888,1095
81416,887,1099
81417,889,1100
81418,892,1107
81419,892,1106
81420,891,1107
81421,888,1105
81422,886,1105
81423,884,1109
81424,888,1112
81425,889,1114
81426,889,1115
81427,882,1111
81428,879,1114
81429,880,1120
81430,883,1125
81431,883,1123
81432,881,1123
81433,879,1121
81434,876,1122
81435,877,1126
81436,880,1130
81437,883,1132
81438,880,1129
81439,877,1132
81440,874,1133
81441,875,1136
81442,877,1141
81443,879,1141
81444,880,1142
81445,880,1140
81446,880,1142
81447,883,1145
81448,884,1151
81449,888,1152
81450,890,1150
81451,888,1149
81452,888,1153
81453,890,1156
81454,893,1159
81455,895,1159
81456,895,1157
81457,894,1155
81458,892,1157
81459,894,1158
81460,900,1158
81461,906,1158
81462,908,1156
81463,905,1153
81464,907,1152
81465,913,1152
81466,918,1153
81467,923,1152
81468,926,1143
81469,930,1139
81470,932,1134
81471,935,1138
81472,939,1134
81473,945,1131
81474,945,1123
81475,946,1119
81476,947,1115
81477,953,1114
81478,955,1113
81479,958,1107
81480,955,1101
81481,953,1094
81482,956,1090
81483,958,1088
81484,965,1087
81485,970,1082
81486,969,1077
81487,965,1072
81488,962,1066
81489,963,1066
81490,967,1067
81491,967,1065
81492,965,1059
81493,966,1056
81494,963,1052
81495,966,1054
81496,970,1056
81497,971,1054
81498,968,1052
81499,965,1048
81500,962,1046
81501,963,1049
81502,964,1047
81503,966,1045
81504,964,1042
81505,961,1040
81506,961,1042
81507,961,1040
81508,963,1043
81509,965,1045
81510,964,1040
81511,962,1040
81512,961,1043
81513,960,1047
81514,963,1049
81515,967,1049
81516,969,1047
81517,966,1044
81518,964,1048
81519,964,1050
81520,968,1054
81521,970,1052
81522,974,1050
81523,972,1047
81524,970,1047
81525,972,1051
81526,975,1050
81527,978,1051
81528,974,1048
81529,972,1046
81530,973,1047
81531,972,1048
81532,972,1051
81533,979,1050
81534,976,1047
81535,977,1047
81536,973,1043
81537,976,1048
81538,978,1050
81539,978,1047
81540,973,1044
81541,974,1042
81542,971,1043
81543,972,1045
81544,976,1047
81545,978,1049
81546,974,1045
81547,969,1043
81548,972,1044
81549,971,1046
81550,975,1048
81551,978,1046
81552,977,1043
81553,975,1040
81554,970,1040
81555,972,1041
81556,973,1043
81557,973,1040
81558,971,1038
81559,970,1034
81560,967,1035
81561,969,1039
81562,971,1039
81563,970,1039
81564,968,1034
81565,965,1035
81566,964,1035
81567,967,1043
81568,970,1044
81569,970,1043
81570,972,1041
81571,968,1043
81572,972,1042
81573,971,1048
81574,972,1051
81575,978,1048
81576,976,1046
81577,977,1046
81578,972,1045
81579,973,1047
81580,976,1051
81581,978,1051
81582,976,1048
81583,974,1044
81584,973,1046
81585,971,1050
81586,977,1053
81587,975,1052
81588,975,1048
81589,974,1044
81590,972,1045
81591,975,1046
81592,977,1048
81593,980,1046
81594,975,1043
81595,971,1040
81596,967,1042
81597,966,1044
81598,968,1044
81599,973,1042
81600,972,1039
81601,972,1037
81602,970,1040
81603,970,1042
81604,974,1046
81605,974,1042
81606,971,1040
81607,967,1037
81608,964,1037
81609,966,1040
81610,968,1042
81611,970,1041
81612,971,1038
81613,967,1035
81614,965,1038
81615,965,1037
81616,969,1044
81617,971,1043
81618,973,1042
81619,973,1041
81620,971,1041
81621,969,1044
81622,972,1048
81623,972,1047
81624,972,1045
81625,970,1041
81626,970,1043
81627,970,1045
81628,973,1048
81629,976,1051
81630,974,1046
81631,974,1042
81632,973,1043
81633,972,1048
81634,975,1047
81635,976,1046
81636,976,1044
81637,973,1040
81638,970,1042
81639,974,1043
81640,973,1046
81641,976,1045
81642,972,1043
81643,971,1041
81644,970,1042
81645,973,1043
81646,976,1046
81647,975,1043
81648,975,1041
81649,971,1040
81650,967,1036
81651,971,1040
81652,975,1042
81653,978,1042
81654,974,1038
81655,969,1036
81656,966,1036
81657,969,1033
81658,971,1037
81659,973,1035
81660,973,1033
81661,970,1031
81662,969,1031
81663,969,1034
81664,975,1037
81665,978,1036
81666,976,1036
81667,975,1033
81668,974,1036
81669,973,1039
81670,980,1042
81671,981,1045
81672,979,1042
81673,977,1041
81674,974,1042
81675,974,1043
81676,978,1048
81677,977,1042
81678,978,1041
81679,974,1042
81680,976,1039
81681,980,1046
81682,982,1047
81683,983,1046
81684,985,1044
81685,982,1042
81686,982,1041
81687,982,1045
81688,984,1046
81689,985,1046
81690,985,1044
81691,983,1042
81692,982,1042
81693,985,1045
81694,988,1045
81695,990,1044
81696,989,1042
81697,986,1039
81698,983,1039
81699,985,1042
81700,989,1044
81701,992,1040
81702,990,1034
81703,990,1031
81704,992,1029
81705,1000,1027
81706,1013,1031
81707,1030,1025
81708,1044,1021
81709,1060,1018
81710,1083,1014
81711,1115,1012
81712,1152,1005
81713,1187,996
81714,1217,991
81715,1242,990
81716,1262,1000
81717,1274,1014
81718,1268,1027
81719,1242,1035
81720,1193,1036
81721,1136,1035
81722,1081,1046
81723,1026,1059
81724,984,1067
81725,960,1072
81726,952,1068
81727,955,1060
81728,961,1056
81729,970,1051
81730,975,1047
81731,978,1042
81732,975,1039
81733,971,1036
81734,968,1040
81735,970,1042
81736,968,1043
81737,966,1043
81738,968,1040
81739,962,1038
81740,961,1039
81741,964,1043
81742,967,1044
81743,967,1042
81744,965,1038
81745,962,1038
81746,963,1036
81747,963,1039
81748,963,1042
81749,963,1039
81750,963,1037
81751,959,1031
81752,957,1033
81753,958,1037
81754,963,1040
81755,964,1039
81756,962,1037
81757,960,1033
81758,960,1033
81759,963,1035
81760,965,1038
81761,968,1033
81762,965,1031
81763,962,1029
81764,960,1030
81765,961,1030
81766,961,1035
81767,962,1033
81768,962,1033
81769,958,1031
81770,957,1030
81771,958,1035
81772,962,1038
81773,964,1036
81774,964,1035
81775,962,1036
81776,958,1034
81777,960,1037
81778,963,1037
81779,968,1037
81780,966,1036
81781,963,1034
81782,964,1035
81783,964,1036
81784,967,1037
81785,970,1034
81786,971,1031
81787,970,1030
81788,968,1027
81789,970,1028
81790,976,1031
81791,977,1029
81792,978,1025
81793,974,1023
81794,974,1020
81795,974,1020
81796,977,1022
81797,983,1021
81798,982,1018
81799,981,1015
81800,982,1013
81801,984,1013
81802,987,1015
81803,987,1013
81804,985,1009
81805,987,1006
81806,986,1004
81807,989,1008
81808,994,1008
81809,996,1004
81810,995,1004
81811,991,998
81812,991,999
81813,993,1000
81814,994,1005
81815,999,1004
81816,1000,1000
81817,1002,998
81818,999,1002
81819,1003,1004
81820,1006,1008
81821,1008,1008
81822,1007,1005
81823,1005,1003
81824,1006,1004
81825,1010,1008
81826,1011,1012
81827,1013,1011
81828,1014,1010
81829,1011,1009
81830,1008,1013
81831,1013,1017
81832,1012,1021
81833,1012,1021
81834,1006,1021
81835,1003,1018
81836,1001,1021
81837,1001,1027
81838,1000,1029
81839,999,1029
81840,995,1029
81841,992,1027
81842,990,1030
81843,989,1034
81844,989,1035
81845,989,1035
81846,986,1034
81847,983,1031
81848,981,1032
81849,982,1035
81850,986,1038
81851,987,1037
81852,984,1035
81853,982,1032
81854,978,1033
81855,979,1035
81856,984,1039
81857,988,1038
81858,984,1037
81859,982,1036
81860,980,1038
81861,983,1042
81862,985,1044
81863,985,1042
81864,985,1039
81865,981,1035
81866,982,1038
81867,986,1041
81868,986,1042
81869,986,1040
81870,984,1040
81871,983,1038
81872,979,1038
81873,979,1040
81874,982,1042
81875,983,1042
81876,984,1038
81877,981,1036
81878,983,1036
81879,986,1039
81880,989,1039
81881,987,1037
81882,986,1035
81883,984,1031
81884,984,1032
81885,984,1034
81886,986,1035
81887,986,1033
81888,985,1032
81889,983,1029
81890,979,1031
81891,981,1031
81892,984,1032
81893,986,1033
81894,987,1028
81895,982,1024
81896,981,1024
81897,982,1027
81898,983,1028
81899,985,1030
81900,984,1028
81901,981,1026
81902,981,1025
81903,983,1026
81904,986,1030
81905,987,1028
81906,986,1024
81907,984,1025
81908,982,1026
81909,984,1028
81910,988,1034
81911,988,1031
81912,987,1033
81913,984,1029
81914,982,1031
81915,983,1033
81916,985,1037
81917,988,1037
81918,987,1031
81919,983,1030
81920,980,1031
81921,981,1034
81922,983,1038
81923,983,1035
81924,980,1034
81925,977,1031
81926,975,1033
81927,979,1035
81928,980,1037
81929,982,1037
81930,982,1035
81931,979,1032
81932,975,1032
81933,976,1034
81934,978,1039
81935,979,1036
81936,978,1036
81937,977,1033
81938,974,1033
81939,975,1035
81940,981,1038
81941,983,1038
81942,979,1036
81943,978,1033
81944,976,1033
81945,978,1037
81946,979,1040
81947,977,1039
81948,976,1038
81949,975,1035
81950,974,1036
81951,977,1039
81952,980,1042
81953,980,1040
81954,978,1040
81955,976,1037
81956,973,1037
81957,972,1040
81958,978,1042
81959,981,1040
81960,978,1038
81961,975,1035
81962,974,1035
81963,978,1040
81964,983,1040
81965,980,1039
81966,981,1036
81967,977,1036
81968,975,1035
81969,978,1039
81970,980,1044
81971,977,1041
81972,978,1038
81973,975,1037
81974,974,1036
81975,976,1040
81976,982,1043
81977,982,1042
81978,983,1037
81979,978,1036
81980,976,1035
81981,977,1036
81982,979,1038
81983,979,1039
81984,977,1037
81985,975,1034
81986,971,1031
81987,974,1033
81988,979,1038
81989,979,1034
81990,980,1033
81991,976,1031
81992,974,1033
81993,976,1036
81994,979,1039
81995,982,1035
81996,982,1036
81997,976,1033
81998,973,1035
81999,977,1038
82000,980,1039
82001,983,1038
82002,981,1037
82003,982,1034
82004,979,1037
82005,980,1039
82006,985,1038
82007,986,1037
82008,985,1036
82009,981,1031
82010,979,1033
82011,983,1038
82012,986,1039
82013,988,1037
82014,984,1033
82015,982,1032
82016,981,1033
82017,984,1036
82018,988,1038
82019,989,1037
82020,987,1034
82021,986,1032
82022,986,1035
82023,988,1035
82024,991,1039
82025,990,1037
82026,989,1037
82027,988,1036
82028,988,1037
82029,992,1038
82030,996,1039
82031,997,1037
82032,996,1034
82033,996,1033
82034,1000,1030
82035,1008,1030
82036,1020,1030
82037,1035,1028
82038,1051,1021
82039,1070,1018
82040,1094,1016
82041,1129,1012
82042,1167,1008
82043,1204,1000
82044,1235,994
82045,1262,995
82046,1283,1005
82047,1295,1021
82048,1291,1034
82049,1264,1038
82050,1217,1038
82051,1158,1041
82052,1097,1049
82053,1038,1058
82054,992,1067
82055,970,1070
82056,964,1063
82057,971,1056
82058,979,1046
82059,984,1041
82060,989,1043
82061,987,1037
82062,985,1034
82063,981,1033
82064,978,1032
82065,978,1035
82066,979,1038
82067,980,1037
82068,976,1033
82069,970,1031
82070,970,1030
82071,970,1031
82072,974,1037
82073,972,1037
82074,969,1035
82075,969,1031
82076,967,1032
82077,968,1035
82078,970,1039
82079,974,1038
82080,970,1033
82081,968,1033
82082,963,1032
82083,965,1038
82084,966,1039
82085,967,1037
82086,966,1037
82087,963,1034
82088,963,1033
82089,966,1036
82090,966,1040
82091,968,1038
82092,968,1035
82093,963,1034
82094,964,1037
82095,965,1039
82096,969,1042
82097,971,1039
82098,968,1038
82099,969,1036
82100,969,1036
82101,970,1035
82102,976,1036
82103,977,1035
82104,976,1033
82105,972,1030
82106,975,1029
82107,976,1029
82108,978,1033
82109,983,1029
82110,982,1029
82111,979,1024
82112,979,1025
82113,982,1026
82114,986,1030
82115,989,1029
82116,989,1027
82117,984,1021
82118,985,1019
82119,988,1026
82120,990,1027
82121,992,1024
82122,993,1024
82123,990,1019
82124,991,1018
82125,995,1020
82126,999,1021
82127,1003,1021
82128,1003,1018
82129,1003,1015
82130,1002,1013
82131,1003,1017
82132,1007,1018
82133,1011,1016
82134,1007,1013
82135,1005,1010
82136,1006,1012
82137,1004,1013
82138,1008,1013
82139,1009,1011
82140,1010,1008
82141,1008,1006
82142,1008,1007
82143,1013,1010
82144,1016,1010
82145,1020,1008
82146,1020,1008
82147,1017,1005
82148,1018,1006
82149,1017,1010
82150,1019,1013
82151,1019,1012
82152,1016,1011
82153,1013,1010
82154,1010,1010
82155,1012,1016
82156,1012,1019
82157,1013,1018
82158,1010,1017
82159,1004,1021
82160,1003,1019
82161,999,1026
82162,1003,1030
82163,1004,1031
82164,1000,1030
82165,994,1029
82166,990,1031
82167,991,1036
82168,992,1040
82169,991,1041
82170,987,1039
82171,985,1039
82172,983,1040
82173,985,1044
82174,986,1049
82175,987,1047
82176,986,1045
82177,984,1045
82178,983,1045
82179,985,1047
82180,991,1051
82181,992,1049
82182,991,1046
82183,990,1043
82184,992,1042
82185,998,1048
82186,1003,1048
82187,1009,1048
82188,1013,1045
82189,1016,1045
82190,1020,1048
82191,1027,1051
82192,1039,1056
82193,1050,1051
82194,1059,1043
82195,1069,1030
82196,1080,1021
82197,1092,1008
82198,1109,1001
82199,1123,985
82200,1136,971
82201,1151,952
82202,1163,936
82203,1182,916
82204,1203,898
82205,1223,882
82206,1237,864
82207,1243,850
82208,1240,851
82209,1239,850
82210,1236,852
82211,1231,847
82212,1222,845
82213,1209,844
82214,1191,842
82215,1171,845
82216,1152,852
82217,1132,857
82218,1109,864
82219,1086,870
82220,1066,885
82221,1054,895
82222,1048,911
82223,1043,923
82224,1038,932
82225,1031,940
82226,1027,953
82227,1028,965
82228,1035,979
82229,1049,987
82230,1059,992
82231,1063,994
82232,1057,1002
82233,1043,1012
82234,1018,1022
82235,988,1032
82236,967,1040
82237,948,1047
82238,943,1055
82239,941,1064
82240,937,1068
82241,934,1070
82242,929,1069
82243,924,1069
82244,920,1070
82245,917,1075
82246,916,1081
82247,916,1081
82248,912,1081
82249,908,1078
82250,906,1083
82251,909,1085
82252,907,1089
82253,908,1090
82254,905,1090
82255,900,1087
82256,898,1092
82257,899,1098
82258,901,1100
82259,901,1099
82260,900,1097
82261,895,1098
82262,894,1099
82263,894,1103
82264,897,1108
82265,897,1111
82266,895,1110
82267,891,1109
82268,891,1112
82269,891,1114
82270,894,1119
82271,895,1121
82272,894,1122
82273,891,1120
82274,888,1123
82275,890,1129
82276,894,1132
82277,894,1133
82278,893,1132
82279,891,1132
82280,889,1138
82281,894,1140
82282,898,1142
82283,899,1146
82284,901,1142
82285,898,1140
82286,901,1144
82287,902,1147
82288,908,1147
82289,912,1149
82290,911,1145
82291,911,1142
82292,912,1143
82293,917,1145
82294,922,1147
82295,925,1144
82296,929,1138
82297,930,1134
82298,933,1135
82299,938,1133
82300,945,1132
82301,947,1129
82302,950,1122
82303,953,1117
82304,952,1115
82305,959,1112
82306,965,1109
82307,966,1105
82308,969,1098
82309,969,1092
82310,970,1089
82311,971,1086
82312,973,1085
82313,978,1080
82314,978,1072
82315,976,1067
82316,972,1065
82317,976,1064
82318,978,1063
82319,978,1059
82320,979,1053
82321,977,1048
82322,976,1045
82323,977,1048
82324,977,1047
82325,981,1046
82326,979,1042
82327,977,1040
82328,976,1039
82329,977,1041
82330,981,1042
82331,981,1038
82332,982,1036
82333,976,1034
82334,977,1036
82335,977,1037
82336,981,1040
82337,984,1037
82338,981,1036
82339,978,1034
82340,978,1036
82341,980,1039
82342,983,1039
82343,983,1039
82344,982,1034
82345,980,1032
82346,979,1035
82347,980,1036
82348,983,1038
82349,983,1036
82350,983,1036
82351,979,1031
82352,976,1033
82353,977,1035
82354,983,1036
82355,977,1035
82356,978,1032
82357,976,1028
82358,974,1031
82359,977,1034
82360,980,1038
82361,982,1036
82362,981,1034
82363,978,1032
82364,978,1033
82365,979,1035
82366,983,1037
82367,985,1035
82368,984,1032
82369,981,1029
82370,981,1030
82371,982,1034
82372,985,1036
82373,985,1033
82374,985,1031
82375,986,1029
82376,983,1030
82377,986,1032
82378,989,1035
82379,990,1035
82380,988,1030
82381,982,1029
82382,985,1032
82383,988,1033
82384,988,1037
82385,991,1038
82386,989,1036
82387,988,1033
82388,986,1034
82389,987,1036
82390,990,1036
82391,989,1033
82392,988,1031
82393,979,1028
82394,979,1028
82395,981,1028
82396,984,1034
82397,984,1030
82398,985,1031
82399,981,1027
82400,978,1028
82401,981,1030
82402,982,1035
82403,982,1035
82404,979,1031
82405,978,1030
82406,976,1031
82407,980,1034
82408,980,1036
82409,980,1034
82410,980,1033
82411,979,1031
82412,977,1032
82413,981,1034
82414,983,1036
82415,985,1032
82416,983,1033
82417,980,1029
82418,979,1031
82419,979,1036
82420,981,1034
82421,984,1032
82422,983,1032
82423,981,1031
82424,979,1033
82425,979,1035
82426,982,1040
82427,982,1038
82428,980,1035
82429,978,1034
82430,977,1036
82431,978,1039
82432,984,1042
82433,986,1037
82434,983,1035
82435,981,1030
82436,979,1031
82437,981,1032
82438,982,1034
82439,984,1034
82440,980,1028
82441,979,1023
82442,978,1025
82443,979,1029
82444,982,1033
82445,983,1030
82446,979,1026
82447,976,1023
82448,977,1025
82449,980,1027
82450,982,1032
82451,984,1031
82452,982,1029
82453,980,1026
82454,979,1029
82455,982,1031
82456,984,1034
82457,987,1033
82458,982,1030
82459,979,1028
82460,979,1029
82461,981,1034
82462,983,1035
82463,985,1032
82464,983,1032
82465,981,1028
82466,979,1029
82467,982,1032
82468,985,1033
82469,986,1033
82470,983,1034
82471,982,1031
82472,980,1034
82473,983,1039
82474,986,1040
82475,986,1037
82476,986,1035
82477,981,1030
82478,980,1030
82479,981,1034
82480,983,1037
82481,984,1035
82482,983,1032
82483,983,1030
82484,980,1034
82485,982,1033
82486,983,1035
82487,986,1034
82488,982,1030
82489,980,1029
82490,982,1029
82491,985,1033
82492,987,1035
82493,988,1033
82494,986,1030
82495,983,1029
82496,982,1027
82497,984,1033
82498,987,1033
82499,989,1031
82500,987,1028
82501,987,1027
82502,986,1027
82503,987,1031
82504,991,1033
82505,991,1032
82506,990,1030
82507,989,1026
82508,990,1029
82509,991,1033
82510,993,1033
82511,993,1035
82512,993,1032
82513,993,1029
82514,996,1031
82515,997,1035
82516,1003,1034
82517,1007,1033
82518,1003,1029
82519,1007,1024
82520,1012,1023
82521,1021,1021
82522,1035,1020
82523,1053,1018
82524,1068,1012
82525,1091,1006
82526,1115,1001
82527,1143,993
82528,1171,986
82529,1195,985
82530,1211,989
82531,1215,999
82532,1208,1017
82533,1191,1028
82534,1164,1035
82535,1128,1036
82536,1091,1041
82537,1050,1049
82538,1014,1059
82539,992,1062
82540,985,1067
82541,983,1056
82542,986,1043
82543,982,1033
82544,980,1029
82545,979,1028
82546,981,1029
82547,981,1028
82548,975,1025
82549,972,1024
82550,970,1027
82551,971,1030
82552,978,1034
82553,973,1031
82554,971,1028
82555,967,1027
82556,965,1031
82557,967,1033
82558,969,1034
82559,969,1034
82560,968,1030
82561,967,1029
82562,966,1029
82563,966,1032
82564,969,1034
82565,969,1034
82566,965,1030
82567,963,1030
82568,964,1029
82569,964,1033
82570,968,1033
82571,965,1033
82572,966,1027
82573,964,1024
82574,964,1025
82575,964,1029
82576,968,1032
82577,969,1031
82578,968,1028
82579,967,1024
82580,968,1027
82581,968,1028
82582,969,1030
82583,972,1029
82584,970,1026
82585,967,1024
82586,967,1028
82587,970,1026
82588,971,1030
82589,973,1030
82590,970,1029
82591,969,1026
82592,971,1026
82593,972,1028
82594,972,1028
82595,971,1026
82596,968,1023
82597,967,1022
82598,969,1024
82599,973,1023
82600,977,1025
82601,978,1024
82602,977,1021
82603,976,1017
82604,975,1017
82605,978,1019
82606,984,1022
82607,986,1018
82608,987,1015
82609,983,1013
82610,982,1013
82611,988,1015
82612,990,1015
82613,993,1012
82614,991,1009
82615,989,1005
82616,990,1004
82617,994,1008
82618,996,1008
82619,999,1005
82620,999,1004
82621,997,1000
82622,999,1002
82623,1001,1003
82624,1005,1006
82625,1005,1000
82626,1006,1000
82627,1003,997
82628,1004,998
82629,1008,1001
82630,1014,1004
82631,1014,1003
82632,1013,1004
82633,1011,1001
82634,1009,1006
82635,1009,1009
82636,1013,1015
82637,1011,1015
82638,1009,1015
82639,1006,1012
82640,1003,1018
82641,1004,1021
82642,1003,1026
82643,1003,1023
82644,999,1023
82645,997,1023
82646,995,1025
82647,994,1031
82648,994,1034
82649,994,1034
82650,992,1029
82651,987,1031
82652,987,1031
82653,988,1035
82654,990,1037
82655,990,1036
82656,984,1032
82657,982,1031
82658,978,1033
82659,981,1037
82660,983,1038
82661,984,1036
82662,982,1034
82663,980,1033
82664,978,1034
82665,978,1034
82666,982,1036
82667,983,1035
82668,983,1033
82669,979,1031
82670,979,1033
82671,980,1035
82672,982,1037
82673,983,1038
82674,983,1035
82675,979,1031
82676,976,1031
82677,981,1035
82678,982,1035
82679,981,1033
82680,980,1030
82681,979,1029
82682,981,1028
82683,983,1032
82684,986,1033
82685,987,1032
82686,983,1029
82687,981,1026
82688,982,1026
82689,984,1029
82690,987,1031
82691,987,1031
82692,986,1027
82693,985,1026
82694,984,1028
82695,984,1032
82696,985,1033
82697,989,1031
82698,988,1028
82699,984,1026
82700,982,1029
82701,987,1030
82702,988,1033
82703,987,1031
82704,987,1030
82705,984,1028
82706,982,1029
82707,986,1031
82708,987,1032
82709,987,1031
82710,985,1031
82711,983,1032
82712,981,1031
82713,982,1032
82714,982,1038
82715,985,1035
82716,981,1031
82717,979,1028
82718,980,1026
82719,981,1031
82720,986,1031
82721,985,1034
82722,984,1029
82723,980,1024
82724,976,1028
82725,980,1028
82726,980,1031
82727,979,1029
82728,981,1026
82729,977,1025
82730,978,1024
82731,977,1027
82732,983,1029
82733,981,1028
82734,981,1026
82735,980,1024
82736,977,1027
82737,978,1029
82738,981,1031
82739,981,1032
82740,983,1029
82741,980,1026
82742,980,1032
82743,981,1033
82744,983,1035
82745,986,1034
82746,984,1030
82747,983,1028
82748,983,1029
82749,988,1033
82750,990,1036
82751,993,1035
82752,996,1030
82753,999,1027
82754,1007,1025
82755,1018,1025
82756,1033,1023
82757,1047,1020
82758,1065,1015
82759,1088,1008
82760,1117,1001
82761,1148,994
82762,1182,990
82763,1212,985
82764,1231,985
82765,1238,994
82766,1235,1008
82767,1218,1022
82768,1190,1027
82769,1148,1028
82770,1100,1031
82771,1048,1045
82772,1002,1062
82773,970,1071
82774,960,1076
82775,961,1075
82776,963,1063
82777,963,1048
82778,966,1041
82779,970,1038
82780,974,1038
82781,971,1032
82782,968,1030
82783,968,1027
82784,964,1029
82785,965,1031
82786,969,1035
82787,969,1035
82788,966,1032
82789,962,1031
82790,961,1033
82791,961,1035
82792,965,1034
82793,965,1033
82794,962,1033
82795,959,1028
82796,958,1031
82797,959,1031
82798,962,1033
82799,959,1032
82800,959,1028
82801,958,1026
82802,956,1028
82803,958,1031
82804,959,1031
82805,958,1031
82806,958,1031
82807,956,1029
82808,954,1029
82809,957,1032
82810,961,1034
82811,960,1033
82812,957,1028
82813,956,1026
82814,956,1028
82815,962,1030
82816,964,1031
82817,964,1030
82818,963,1027
82819,962,1024
82820,961,1023
82821,961,1027
82822,965,1028
82823,961,1026
82824,962,1022
82825,962,1021
82826,963,1021
82827,967,1024
82828,969,1026
82829,973,1023
82830,968,1020
82831,969,1021
82832,971,1021
82833,973,1025
82834,976,1023
82835,977,1022
82836,978,1017
82837,977,1013
82838,978,1016
82839,980,1017
82840,982,1017
82841,982,1014
82842,985,1010
82843,982,1007
82844,981,1009
82845,986,1010
82846,990,1010
82847,992,1007
82848,992,1004
82849,990,1001
82850,990,1001
82851,991,1004
82852,997,1004
82853,997,1003
82854,998,1001
82855,995,998
82856,996,997
82857,997,1001
82858,1001,1003
82859,1002,999
82860,999,999
82861,995,996
82862,999,996
82863,1000,1001
82864,1004,1000
82865,1004,1001
82866,1003,997
82867,1000,996
82868,999,996
82869,1001,999
82870,1000,1003
82871,1003,1001
82872,1003,1001
82873,997,1002
82874,998,1006
82875,997,1010
82876,1001,1015
82877,1001,1013
82878,995,1014
82879,991,1014
82880,986,1017
82881,985,1023
82882,988,1026
82883,985,1023
82884,985,1026
82885,980,1027
82886,979,1027
82887,981,1032
82888,984,1034
82889,982,1037
82890,981,1034
82891,976,1033
82892,974,1034
82893,977,1036
82894,977,1040
82895,979,1040
82896,977,1036
82897,975,1033
82898,973,1035
82899,975,1037
82900,979,1044
82901,978,1044
82902,976,1042
82903,975,1038
82904,975,1039
82905,979,1042
82906,983,1044
82907,984,1044
82908,984,1043
82909,978,1043
82910,977,1045
82911,981,1045
82912,985,1048
82913,985,1045
82914,979,1041
82915,975,1040
82916,977,1040
82917,980,1042
82918,983,1043
82919,983,1039
82920,981,1040
82921,981,1034
82922,982,1036
82923,984,1038
82924,987,1038
82925,988,1039
82926,986,1035
82927,984,1031
82928,983,1033
82929,984,1034
82930,984,1038
82931,985,1037
82932,982,1032
82933,977,1031
82934,978,1030
82935,979,1035
82936,980,1034
82937,982,1033
82938,978,1035
82939,975,1031
82940,977,1032
82941,976,1036
82942,979,1038
82943,982,1039
82944,981,1035
82945,981,1032
82946,980,1034
82947,980,1034
82948,978,1038
82949,982,1034
82950,982,1033
82951,978,1029
82952,976,1031
82953,980,1031
82954,984,1033
82955,986,1032
82956,984,1031
82957,983,1030
82958,983,1029
82959,986,1032
82960,987,1036
82961,988,1033
82962,988,1031
82963,985,1029
82964,985,1030
82965,984,1031
82966,988,1034
82967,989,1036
82968,989,1031
82969,987,1030
82970,987,1031
82971,989,1034
82972,994,1036
82973,1000,1033
82974,1000,1027
82975,1003,1024
82976,1010,1023
82977,1024,1025
82978,1038,1023
82979,1059,1022
82980,1083,1019
82981,1109,1010
82982,1144,1004
82983,1183,997
82984,1220,995
82985,1251,996
82986,1269,1008
82987,1271,1020
82988,1256,1034
82989,1220,1039
82990,1173,1040
82991,1111,1049
82992,1049,1058
82993,996,1065
82994,964,1069
82995,956,1070
82996,964,1065
82997,972,1052
82998,977,1040
82999,976,1036
83000,974,1036
83001,977,1038
83002,978,1041
83003,979,1036
83004,975,1034
83005,970,1031
83006,968,1030
83007,967,1031
83008,969,1030
83009,968,1031
83010,964,1029
83011,965,1026
83012,964,1026
83013,966,1031
83014,966,1033
83015,964,1033
83016,965,1031
83017,961,1029
83018,961,1030
83019,959,1031
83020,964,1035
83021,964,1031
83022,963,1029
83023,960,1029
83024,959,1028
83025,960,1031
83026,962,1033
83027,963,1030
83028,960,1030
83029,956,1027
83030,957,1031
83031,958,1033
83032,963,1037
83033,965,1032
83034,961,1031
83035,960,1027
83036,958,1032
83037,962,1033
83038,964,1036
83039,968,1034
83040,967,1032
83041,967,1028
83042,964,1030
83043,968,1032
83044,974,1034
83045,976,1034
83046,976,1031
83047,975,1028
83048,975,1025
83049,977,1025
83050,980,1027
83051,981,1023
83052,981,1021
83053,979,1021
83054,980,1020
83055,987,1021
83056,989,1020
83057,990,1017
83058,990,1012
83059,987,1007
83060,986,1008
83061,991,1010
83062,995,1010
83063,998,1007
83064,997,1003
83065,995,1001
83066,994,1001
83067,995,1000
83068,1000,1006
83069,1001,1004
83070,1001,1000
83071,999,997
83072,1000,999
83073,1003,999
83074,1007,1000
83075,1008,1000
83076,1008,996
83077,1004,995
83078,1004,995
83079,1006,998
83080,1011,1001
83081,1011,1000
83082,1008,1000
83083,1007,998
83084,1005,1002
83085,1006,1008
83086,1010,1008
83087,1010,1008
83088,1010,1009
83089,1004,1008
83090,1004,1010
83091,1004,1017
83092,1003,1020
83093,1002,1023
83094,1001,1021
83095,996,1022
83096,994,1024
83097,993,1030
83098,997,1031
83099,993,1028
83100,993,1030
83101,985,1029
83102,985,1029
83103,985,1034
83104,986,1037
83105,983,1034
83106,978,1033
83107,973,1035
83108,971,1037
83109,975,1039
83110,976,1044
83111,973,1039
83112,973,1040
83113,970,1039
83114,970,1040
83115,970,1043
83116,972,1046
83117,975,1045
83118,973,1045
83119,971,1041
83120,971,1042
83121,973,1048
83122,975,1047
83123,976,1045
83124,976,1044
83125,973,1043
83126,974,1041
83127,976,1044
83128,978,1046
83129,981,1045
83130,979,1041
83131,978,1039
83132,977,1042
83133,980,1042
83134,983,1044
83135,984,1044
83136,986,1037
83137,984,1037
83138,982,1038
83139,982,1039
83140,990,1040
83141,989,1039
83142,989,1037
83143,987,1034
83144,987,1035
83145,989,1037
83146,990,1039
83147,989,1040
83148,987,1038
83149,987,1033
83150,985,1034
83151,988,1037
83152,990,1036
83153,990,1032
83154,988,1034
83155,982,1032
83156,980,1034
83157,977,1035
83158,982,1039
83159,983,1040
83160,981,1033
83161,978,1035
83162,975,1035
83163,977,1040
83164,980,1043
83165,980,1041
83166,979,1037
83167,977,1037
83168,975,1038
83169,979,1041
83170,980,1043
83171,981,1041
83172,976,1038
83173,974,1037
83174,972,1039
83175,977,1041
83176,979,1046
83177,979,1039
83178,977,1038
83179,976,1037
83180,977,1039
83181,977,1041
83182,979,1041
83183,983,1038
83184,979,1037
83185,977,1035
83186,979,1037
83187,980,1039
83188,982,1040
83189,981,1039
83190,980,1035
83191,977,1033
83192,978,1033
83193,980,1037
83194,983,1037
83195,982,1034
83196,980,1033
83197,980,1033
83198,981,1034
83199,981,1037
83200,984,1038
83201,981,1037
83202,978,1034
83203,977,1033
83204,979,1032
83205,982,1032
83206,985,1033
83207,987,1032
83208,983,1029
83209,982,1027
83210,981,1030
83211,983,1032
83212,986,1033
83213,986,1031
83214,983,1031
83215,978,1027
83216,981,1029
83217,981,1031
83218,986,1035
83219,986,1035
83220,986,1035
83221,982,1034
83222,985,1035
83223,986,1033
83224,993,1038
83225,994,1036
83226,995,1036
83227,991,1031
83228,992,1032
83229,997,1032
83230,1006,1033
83231,1018,1029
83232,1028,1023
83233,1038,1022
83234,1056,1021
83235,1083,1023
83236,1114,1017
83237,1145,1006
83238,1175,995
83239,1199,988
83240,1228,989
83241,1256,998
83242,1268,1014
83243,1263,1024
83244,1235,1029
83245,1195,1031
83246,1148,1039
83247,1101,1050
83248,1053,1060
83249,1005,1068
83250,972,1069
83251,957,1066
83252,958,1063
83253,969,1057
83254,977,1051
83255,979,1042
83256,977,1035
83257,973,1030
83258,971,1032
83259,972,1034
83260,973,1035
83261,974,1035
83262,975,1034
83263,969,1032
83264,968,1034
83265,968,1035
83266,970,1036
83267,971,1037
83268,969,1033
83269,966,1034
83270,966,1032
83271,966,1034
83272,969,1036
83273,969,1034
83274,967,1031
83275,964,1030
83276,965,1033
83277,965,1035
83278,971,1036
83279,966,1033
83280,964,1031
83281,960,1031
83282,961,1034
83283,962,1035
83284,964,1039
83285,963,1035
83286,961,1035
83287,958,1031
83288,957,1033
83289,960,1038
83290,963,1038
83291,962,1037
83292,962,1033
83293,959,1032
83294,962,1035
83295,961,1037
83296,964,1039
83297,965,1037
83298,963,1035
83299,960,1033
83300,962,1034
83301,964,1035
83302,965,1034
83303,966,1033
83304,966,1028
83305,965,1026
83306,964,1027
83307,965,1028
83308,968,1029
83309,971,1026
83310,969,1024
83311,969,1020
83312,968,1022
83313,970,1022
83314,975,1024
83315,973,1021
83316,974,1019
83317,976,1015
83318,978,1016
83319,981,1018
83320,984,1020
83321,987,1017
83322,984,1012
83323,983,1010
83324,984,1008
83325,987,1010
83326,992,1013
83327,995,1007
83328,991,1005
83329,990,1002
83330,991,1002
83331,993,1006
83332,998,1006
83333,1001,1004
83334,998,999
83335,996,996
83336,997,998
83337,1001,1003
83338,1004,1007
83339,1002,1003
83340,1003,1002
83341,1000,1000
83342,1001,1003
83343,1005,1005
83344,1006,1008
83345,1010,1004
83346,1009,1002
83347,1007,1000
83348,1007,1002
83349,1007,1006
83350,1009,1009
83351,1009,1011
83352,1006,1009
83353,1005,1008
83354,1004,1012
83355,1006,1015
83356,1007,1019
83357,1007,1019
83358,1004,1016
83359,1000,1016
83360,998,1021
83361,999,1027
83362,1000,1029
83363,1000,1026
83364,995,1027
83365,991,1025
83366,990,1026
83367,991,1031
83368,991,1036
83369,990,1033
83370,987,1032
83371,984,1030
83372,981,1033
83373,982,1036
83374,986,1040
83375,985,1038
83376,982,1034
83377,979,1034
83378,978,1035
83379,982,1038
83380,985,1042
83381,987,1040
83382,983,1037
83383,983,1037
83384,981,1036
83385,985,1039
83386,990,1039
83387,993,1037
83388,997,1036
83389,1001,1034
83390,1004,1037
83391,1011,1042
83392,1016,1045
83393,1023,1045
83394,1025,1044
83395,1031,1038
83396,1043,1035
83397,1056,1033
83398,1072,1024
83399,1084,1008
83400,1095,992
83401,1108,977
83402,1123,964
83403,1141,954
83404,1154,943
83405,1169,926
83406,1180,903
83407,1193,881
83408,1209,865
83409,1226,854
83410,1240,843
83411,1248,836
83412,1245,828
83413,1238,827
83414,1234,829
83415,1230,832
83416,1226,833
83417,1216,833
83418,1201,831
83419,1177,833
83420,1156,838
83421,1137,849
83422,1117,856
83423,1093,866
83424,1071,875
83425,1052,886
83426,1040,901
83427,1036,920
83428,1036,932
83429,1032,944
83430,1024,948
83431,1019,957
83432,1021,967
83433,1031,979
83434,1043,989
83435,1053,994
83436,1060,996
83437,1060,995
83438,1048,1001
83439,1030,1011
83440,1004,1022
83441,974,1033
83442,952,1038
83443,941,1045
83444,932,1059
83445,931,1070
83446,931,1077
83447,925,1075
83448,919,1073
83449,913,1076
83450,908,1081
83451,909,1086
83452,911,1087
83453,909,1088
83454,902,1088
83455,898,1088
83456,894,1088
83457,895,1093
83458,895,1097
83459,894,1094
83460,890,1093
83461,888,1094
83462,886,1095
83463,888,1099
83464,889,1102
83465,885,1101
83466,884,1099
83467,881,1099
83468,881,1102
83469,881,1106
83470,883,1107
83471,880,1108
83472,877,1105
83473,874,1108
83474,874,1111
83475,876,1115
83476,877,1118
83477,875,1120
83478,875,1119
83479,868,1120
83480,868,1123
83481,872,1125
83482,875,1128
83483,875,1130
83484,872,1127
83485,870,1130
83486,869,1133
83487,871,1136
83488,876,1138
83489,877,1139
83490,878,1141
83491,875,1139
83492,875,1142
83493,879,1145
83494,883,1147
83495,883,1147
83496,883,1142
83497,881,1139
83498,881,1140
83499,885,1144
83500,891,1145
83501,894,1144
83502,898,1139
83503,898,1138
83504,902,1138
83505,907,1139
83506,913,1137
83507,914,1134
83508,915,1129
83509,913,1126
83510,917,1123
83511,922,1123
83512,931,1121
83513,932,1114
83514,933,1109
83515,932,1104
83516,934,1101
83517,936,1099
83518,943,1096
83519,947,1090
83520,949,1085
83521,948,1079
83522,948,1076
83523,951,1075
83524,955,1075
83525,954,1072
83526,950,1065
83527,950,1062
83528,949,1062
83529,951,1061
83530,955,1061
83531,955,1058
83532,953,1051
83533,953,1048
83534,954,1048
83535,957,1049
83536,961,1048
83537,961,1047
83538,961,1045
83539,955,1041
83540,957,1043
83541,958,1043
83542,959,1044
83543,959,1042
83544,957,1039
83545,955,1035
83546,958,1037
83547,961,1039
83548,963,1038
83549,963,1037
83550,961,1034
83551,960,1032
83552,959,1032
83553,961,1036
83554,963,1038
83555,965,1036
83556,962,1030
83557,958,1029
83558,961,1030
83559,965,1031
83560,968,1035
83561,967,1033
83562,968,1032
83563,967,1032
83564,967,1036
83565,971,1037
83566,973,1039
83567,975,1036
83568,972,1032
83569,969,1031
83570,967,1032
83571,971,1034
83572,974,1036
83573,977,1033
83574,976,1029
83575,970,1026
83576,969,1027
83577,972,1031
83578,973,1034
83579,975,1031
83580,971,1029
83581,969,1025
83582,968,1027
83583,970,1031
83584,973,1032
83585,974,1030
83586,971,1030
83587,970,1026
83588,970,1030
83589,971,1031
83590,973,1031
83591,973,1032
83592,968,1029
83593,965,1026
83594,966,1029
83595,967,1031
83596,970,1031
83597,967,1031
83598,969,1025
83599,966,1023
83600,963,1027
83601,965,1031
83602,967,1033
83603,968,1030
83604,967,1029
83605,964,1027
83606,962,1028
83607,963,1030
83608,968,1031
83609,968,1031
83610,967,1030
83611,966,1027
83612,966,1030
83613,967,1029
83614,970,1030
83615,967,1028
83616,967,1025
83617,961,1023
83618,962,1021
83619,965,1025
83620,968,1026
83621,968,1028
83622,964,1026
83623,963,1026
83624,964,1025
83625,963,1028
83626,967,1028
83627,968,1030
83628,968,1027
83629,967,1026
83630,966,1029
83631,967,1033
83632,969,1034
83633,972,1033
83634,969,1032
83635,964,1029
83636,967,1031
83637,970,1033
83638,972,1033
83639,972,1030
83640,972,1029
83641,968,1028
83642,967,1028
83643,971,1029
83644,973,1031
83645,973,1032
83646,968,1030
83647,963,1027
83648,963,1031
83649,965,1030
83650,968,1034
83651,969,1032
83652,967,1029
83653,963,1024
83654,963,1027
83655,962,1033
83656,967,1033
83657,967,1033
83658,966,1030
83659,963,1027
83660,960,1029
83661,961,1032
83662,966,1034
83663,966,1029
83664,960,1024
83665,959,1023
83666,963,1024
83667,960,1025
83668,966,1026
83669,967,1026
83670,964,1024
83671,962,1021
83672,962,1020
83673,964,1023
83674,968,1025
83675,969,1025
83676,966,1022
83677,966,1022
83678,965,1022
83679,968,1025
83680,973,1027
83681,973,1026
83682,970,1023
83683,968,1022
83684,967,1023
83685,971,1025
83686,972,1028
83687,973,1026
83688,971,1023
83689,970,1022
83690,970,1023
83691,973,1025
83692,974,1027
83693,973,1023
83694,972,1021
83695,969,1021
83696,972,1023
83697,972,1024
83698,977,1027
83699,977,1023
83700,974,1022
83701,972,1022
83702,971,1022
83703,973,1026
83704,976,1028
83705,977,1027
83706,975,1025
83707,969,1023
83708,972,1024
83709,971,1029
83710,975,1028
83711,972,1026
83712,970,1025
83713,969,1022
83714,968,1023
83715,972,1026
83716,975,1024
83717,975,1020
83718,977,1020
83719,977,1022
83720,979,1022
83721,982,1025
83722,984,1026
83723,984,1023
83724,984,1021
83725,981,1020
83726,982,1026
83727,984,1024
83728,988,1027
83729,991,1025
83730,992,1020
83731,991,1018
83732,997,1015
83733,1008,1017
83734,1022,1016
83735,1037,1014
83736,1053,1012
83737,1072,1007
83738,1102,1004
83739,1135,999
83740,1167,989
83741,1200,983
83742,1229,983
83743,1248,989
83744,1257,1003
83745,1251,1015
83746,1229,1023
83747,1188,1021
83748,1137,1025
83749,1081,1034
83750,1030,1043
83751,989,1053
83752,970,1057
83753,964,1052
83754,968,1043
83755,972,1035
83756,975,1031
83757,978,1027
83758,980,1025
83759,979,1021
83760,975,1020
83761,972,1014
83762,969,1014
83763,969,1019
83764,969,1020
83765,971,1019
83766,967,1014
83767,962,1011
83768,962,1012
83769,964,1017
83770,966,1017
83771,963,1017
83772,959,1016
83773,960,1014
83774,960,1016
83775,960,1020
83776,964,1024
83777,965,1019
83778,961,1017
83779,958,1015
83780,957,1019
83781,961,1021
83782,965,1024
83783,964,1022
83784,964,1019
83785,959,1020
83786,959,1020
83787,962,1024
83788,959,1026
83789,961,1025
83790,959,1023
83791,959,1022
83792,958,1023
83793,963,1027
83794,967,1028
83795,970,1024
83796,967,1022
83797,963,1021
83798,964,1022
83799,968,1024
83800,969,1027
83801,970,1025
83802,971,1021
83803,968,1020
83804,969,1022
83805,972,1021
83806,975,1022
83807,972,1020
83808,972,1018
83809,970,1016
83810,970,1016
83811,971,1017
83812,974,1016
83813,974,1014
83814,974,1009
83815,971,1008
83816,975,1008
83817,978,1011
83818,981,1010
83819,984,1009
83820,983,1003
83821,983,1002
83822,985,1003
83823,989,1006
83824,994,1006
83825,993,1005
83826,993,1001
83827,991,1000
83828,991,1001
83829,993,1002
83830,998,1003
83831,998,1001
83832,999,997
83833,998,996
83834,996,994
83835,1000,999
83836,1005,999
83837,1004,995
83838,1004,993
83839,1004,992
83840,1003,993
83841,1006,994
83842,1011,994
83843,1011,994
83844,1010,992
83845,1008,991
83846,1011,994
83847,1013,998
83848,1017,998
83849,1019,999
83850,1019,996
83851,1018,995
83852,1017,999
83853,1018,1002
83854,1021,1004
83855,1020,1006
83856,1019,1005
83857,1014,1002
83858,1014,1007
83859,1015,1009
83860,1016,1013
83861,1015,1014
83862,1009,1012
83863,1003,1011
83864,1000,1017
83865,1001,1018
83866,1001,1023
83867,999,1020
83868,996,1020
83869,992,1021
83870,992,1023
83871,993,1025
83872,994,1026
83873,991,1026
83874,989,1024
83875,985,1023
83876,985,1025
83877,984,1027
83878,990,1031
83879,987,1027
83880,986,1026
83881,981,1026
83882,980,1027
83883,985,1030
83884,989,1031
83885,986,1030
83886,988,1028
83887,985,1026
83888,985,1028
83889,985,1028
83890,989,1029
83891,986,1028
83892,985,1025
83893,981,1023
83894,982,1027
83895,983,1027
83896,988,1028
83897,986,1028
83898,986,1024
83899,986,1021
83900,983,1024
83901,984,1025
83902,989,1029
83903,988,1028
83904,987,1026
83905,986,1023
83906,986,1024
83907,989,1029
83908,992,1030
83909,994,1028
83910,990,1024
83911,988,1020
83912,988,1022
83913,991,1024
83914,992,1026
83915,996,1025
83916,994,1020
83917,991,1023
83918,992,1023
83919,991,1023
83920,993,1027
83921,994,1023
83922,992,1020
83923,991,1022
83924,989,1022
83925,989,1025
83926,992,1026
83927,993,1024
83928,990,1020
83929,988,1018
83930,986,1020
83931,989,1023
83932,990,1025
83933,991,1023
83934,990,1021
83935,986,1020
83936,986,1023
83937,988,1026
83938,991,1027
83939,992,1023
83940,991,1023
83941,989,1021
83942,989,1022
83943,993,1025
83944,995,1026
83945,992,1026
83946,993,1021
83947,989,1021
83948,991,1020
83949,993,1025
83950,993,1029
83951,992,1024
83952,993,1020
83953,992,1017
83954,999,1016
83955,1007,1019
83956,1020,1019
83957,1031,1016
83958,1045,1013
83959,1065,1011
83960,1094,1010
83961,1130,1007
83962,1167,1002
83963,1199,1000
83964,1227,1001
83965,1248,1009
83966,1260,1022
83967,1259,1035
83968,1233,1039
83969,1188,1040
83970,1131,1042
83971,1076,1049
83972,1026,1055
83973,988,1060
83974,967,1059
83975,964,1055
83976,963,1045
83977,966,1035
83978,968,1031
83979,971,1029
83980,975,1026
83981,972,1025
83982,969,1023
83983,967,1021
83984,964,1023
83985,966,1024
83986,966,1026
83987,967,1023
83988,964,1019
83989,959,1021
83990,959,1024
83991,960,1024
83992,962,1026
83993,961,1025
83994,962,1022
83995,957,1020
83996,958,1024
83997,961,1028
83998,963,1027
83999,962,1027
84000,959,1026
84001,958,1023
84002,959,1027
84003,959,1028
84004,962,1031
84005,960,1027
84006,957,1025
84007,954,1024
84008,956,1025
84009,957,1028
84010,959,1028
84011,959,1025
84012,957,1023
84013,951,1021
84014,952,1022
84015,955,1024
84016,958,1026
84017,957,1025
84018,957,1023
84019,953,1021
84020,953,1024
84021,955,1025
84022,959,1025
84023,959,1021
84024,959,1021
84025,956,1019
84026,957,1020
84027,960,1021
84028,963,1022
84029,964,1023
84030,963,1018
84031,962,1015
84032,959,1018
84033,961,1017
84034,965,1017
84035,966,1016
84036,963,1013
84037,964,1011
84038,966,1012
84039,970,1014
84040,975,1015
84041,973,1011
84042,973,1008
84043,970,1006
84044,970,1007
84045,974,1009
84046,978,1009
84047,982,1004
84048,979,1006
84049,977,1000
84050,980,1001
84051,981,1002
84052,989,1003
84053,986,1000
84054,984,997
84055,982,994
84056,983,993
84057,985,995
84058,985,992
84059,985,991
84060,984,985
84061,982,984
84062,983,986
84063,985,989
84064,988,988
84065,991,989
84066,988,985
84067,989,986
84068,987,987
84069,991,991
84070,993,992
84071,994,991
84072,991,990
84073,991,989
84074,991,992
84075,993,996
84076,994,1002
84077,993,1002
84078,990,998
84079,986,1003
84080,984,1007
84081,986,1014
84082,989,1015
84083,988,1016
84084,984,1016
84085,980,1017
84086,978,1024
84087,978,1027
84088,981,1031
84089,978,1030
84090,972,1031
84091,970,1029
84092,970,1031
84093,971,1035
84094,973,1035
84095,973,1038
84096,972,1035
84097,966,1033
84098,965,1036
84099,968,1038
84100,968,1039
84101,968,1036
84102,966,1033
84103,963,1032
84104,963,1034
84105,965,1038
84106,968,1041
84107,968,1038
84108,966,1035
84109,966,1034
84110,967,1037
84111,967,1039
84112,969,1037
84113,967,1035
84114,967,1033
84115,963,1031
84116,964,1032
84117,968,1035
84118,969,1036
84119,969,1033
84120,967,1032
84121,964,1032
84122,965,1033
84123,966,1036
84124,970,1035
84125,967,1034
84126,963,1031
84127,964,1031
84128,964,1033
84129,966,1033
84130,968,1037
84131,966,1034
84132,966,1032
84133,965,1030
84134,967,1033
84135,969,1036
84136,971,1036
84137,973,1034
84138,971,1030
84139,968,1031
84140,971,1035
84141,973,1036
84142,974,1037
84143,975,1034
84144,972,1032
84145,969,1031
84146,970,1035
84147,971,1036
84148,975,1038
84149,974,1033
84150,971,1034
84151,970,1033
84152,969,1035
84153,972,1036
84154,972,1036
84155,970,1036
84156,970,1033
84157,967,1031
84158,967,1032
84159,969,1036
84160,971,1034
84161,972,1035
84162,969,1033
84163,967,1032
84164,966,1031
84165,968,1035
84166,970,1037
84167,969,1032
84168,967,1032
84169,964,1029
84170,964,1031
84171,966,1033
84172,968,1034
84173,967,1031
84174,964,1031
84175,960,1029
84176,957,1031
84177,960,1034
84178,964,1037
84179,963,1034
84180,961,1031
84181,961,1030
84182,956,1033
84183,961,1033
84184,964,1038
84185,963,1034
84186,964,1032
84187,961,1033
84188,964,1033
84189,964,1035
84190,968,1038
84191,970,1036
84192,967,1036
84193,967,1034
84194,962,1036
84195,967,1037
84196,971,1037
84197,969,1036
84198,966,1034
84199,964,1034
84200,965,1035
84201,965,1039
84202,970,1039
84203,969,1040
84204,966,1036
84205,963,1032
84206,965,1036
84207,966,1037
84208,968,1037
84209,969,1036
84210,965,1034
84211,961,1032
84212,959,1030
84213,962,1031
84214,961,1033
84215,964,1033
84216,961,1027
84217,958,1027
84218,959,1031
84219,961,1032
84220,962,1034
84221,965,1031
84222,963,1029
84223,959,1029
84224,960,1033
84225,960,1034
84226,966,1037
84227,964,1033
84228,960,1030
84229,960,1031
84230,962,1033
84231,964,1037
84232,965,1036
84233,962,1035
84234,965,1031
84235,963,1031
84236,962,1034
84237,966,1036
84238,970,1039
84239,970,1037
84240,969,1033
84241,968,1032
84242,964,1035
84243,967,1036
84244,973,1036
84245,974,1037
84246,972,1033
84247,970,1032
84248,972,1033
84249,977,1035
84250,979,1036
84251,980,1031
84252,981,1029
84253,983,1023
84254,988,1024
84255,1002,1021
84256,1020,1023
84257,1039,1019
84258,1059,1013
84259,1088,1008
84260,1125,1000
84261,1160,994
84262,1193,993
84263,1220,997
84264,1240,1001
84265,1245,1012
84266,1232,1023
84267,1199,1033
84268,1153,1038
84269,1098,1044
84270,1043,1046
84271,990,1054
84272,956,1057
84273,947,1058
84274,952,1055
84275,959,1051
84276,963,1038
84277,962,1029
84278,958,1029
84279,960,1030
84280,959,1034
84281,958,1033
84282,957,1031
84283,952,1030
84284,951,1033
84285,951,1037
84286,955,1036
84287,952,1034
84288,952,1034
84289,948,1032
84290,949,1034
84291,949,1038
84292,952,1039
84293,951,1037
84294,950,1034
84295,948,1032
84296,950,1035
84297,952,1036
84298,955,1037
84299,956,1034
84300,954,1031
84301,950,1030
84302,949,1031
84303,952,1035
84304,953,1036
84305,953,1034
84306,950,1033
84307,945,1031
84308,947,1033
84309,950,1036
84310,952,1036
84311,949,1035
84312,949,1030
84313,946,1030
84314,946,1035
84315,948,1036
84316,946,1037
84317,948,1032
84318,943,1029
84319,943,1027
84320,943,1028
84321,944,1029
84322,948,1030
84323,948,1029
84324,949,1029
84325,949,1027
84326,949,1029
84327,955,1031
84328,957,1031
84329,959,1027
84330,958,1025
84331,959,1027
84332,959,1025
84333,962,1028
84334,968,1030
84335,970,1025
84336,968,1024
84337,970,1020
84338,973,1022
84339,974,1023
84340,981,1024
84341,980,1022
84342,980,1017
84343,978,1013
84344,979,1014
84345,983,1017
84346,986,1016
84347,989,1015
84348,987,1007
84349,985,1008
84350,983,1006
84351,989,1011
84352,993,1009
84353,993,1008
84354,991,1006
84355,992,1004
84356,991,1006
84357,992,1007
84358,996,1010
84359,997,1007
84360,994,1006
84361,994,1004
84362,993,1009
84363,998,1010
84364,998,1013
84365,998,1014
84366,998,1013
84367,995,1015
84368,992,1015
84369,993,1019
84370,994,1023
84371,993,1022
84372,989,1023
84373,984,1022
84374,986,1026
84375,986,1029
84376,986,1032
84377,982,1034
84378,978,1031
84379,974,1031
84380,976,1032
84381,974,1037
84382,975,1039
84383,974,1038
84384,972,1037
84385,968,1034
84386,967,1034
84387,972,1037
84388,973,1038
84389,971,1037
84390,970,1033
84391,963,1032
84392,959,1035
84393,960,1036
84394,964,1034
84395,963,1033
84396,963,1032
84397,959,1030
84398,961,1031
84399,960,1035
84400,964,1035
84401,962,1032
84402,960,1032
84403,958,1031
84404,960,1034
84405,962,1037
84406,964,1038
84407,966,1038
84408,962,1036
84409,959,1035
84410,962,1037
84411,962,1041
84412,960,1041
84413,963,1041
84414,963,1039
84415,958,1039
84416,961,1039
84417,965,1042
84418,969,1042
84419,966,1040
84420,967,1036
84421,963,1035
84422,963,1038
84423,966,1039
84424,970,1039
84425,968,1037
84426,966,1033
84427,965,1031
84428,964,1034
84429,968,1034
84430,968,1034
84431,968,1032
84432,967,1031
84433,965,1028
84434,963,1028
84435,967,1033
84436,971,1033
84437,969,1029
84438,968,1028
84439,965,1027
84440,966,1027
84441,970,1029
84442,971,1029
84443,970,1029
84444,969,1027
84445,965,1027
84446,964,1031
84447,962,1034
84448,965,1031
84449,967,1027
84450,964,1027
84451,959,1028
84452,959,1029
84453,964,1033
84454,965,1034
84455,966,1034
84456,964,1030
84457,960,1030
84458,962,1036
84459,962,1037
84460,965,1041
84461,966,1035
84462,963,1035
84463,957,1034
84464,958,1036
84465,960,1038
84466,962,1040
84467,961,1036
84468,959,1033
84469,955,1032
84470,954,1034
84471,959,1036
84472,959,1036
84473,957,1035
84474,955,1030
84475,952,1032
84476,954,1034
84477,957,1037
84478,959,1037
84479,960,1036
84480,957,1033
84481,956,1033
84482,955,1032
84483,956,1033
84484,959,1037
84485,960,1034
84486,956,1032
84487,953,1030
84488,952,1030
84489,954,1035
84490,954,1038
84491,955,1034
84492,954,1033
84493,950,1032
84494,950,1036
84495,954,1038
84496,958,1038
84497,954,1038
84498,955,1034
84499,952,1034
84500,952,1034
84501,953,1035
84502,957,1034
84503,955,1034
84504,952,1031
84505,950,1029
84506,950,1031
84507,953,1034
84508,952,1032
84509,952,1033
84510,955,1033
84511,951,1032
84512,951,1034
84513,954,1035
84514,957,1035
84515,959,1035
84516,956,1032
84517,954,1032
84518,953,1033
84519,955,1035
84520,958,1035
84521,956,1034
84522,954,1031
84523,951,1033
84524,951,1033
84525,953,1034
84526,956,1036
84527,959,1034
84528,956,1034
84529,952,1032
84530,953,1032
84531,956,1036
84532,958,1039
84533,959,1038
84534,958,1036
84535,954,1035
84536,955,1037
84537,961,1041
84538,963,1040
84539,963,1036
84540,960,1035
84541,961,1033
84542,961,1035
84543,964,1039
84544,969,1036
84545,968,1032
84546,965,1031
84547,964,1031
84548,966,1032
84549,970,1031
84550,977,1028
84551,982,1029
84552,991,1022
84553,1003,1019
84554,1023,1021
84555,1048,1019
84556,1079,1016
84557,1111,1004
84558,1145,993
84559,1175,988
84560,1207,986
84561,1236,994
84562,1257,1004
84563,1258,1017
84564,1234,1025
84565,1188,1030
84566,1129,1038
84567,1072,1048
84568,1018,1055
84569,969,1057
84570,942,1054
84571,937,1050
84572,949,1044
84573,959,1037
84574,964,1033
84575,960,1028
84576,953,1027
84577,949,1026
84578,949,1026
84579,949,1030
84580,950,1032
84581,948,1033
84582,944,1029
84583,942,1030
84584,942,1034
84585,945,1037
84586,947,1037
84587,948,1035
84588,944,1030
84589,941,1032
84590,940,1031
84591,943,1034
84592,945,1034
84593,945,1032
84594,943,1029
84595,939,1028
84596,937,1031
84597,939,1035
84598,945,1035
84599,945,1032
84600,942,1031
84601,941,1033
84602,940,1034
84603,942,1038
84604,944,1035
84605,946,1033
84606,943,1032
84607,940,1032
84608,941,1033
84609,942,1037
84610,945,1040
84611,943,1038
84612,942,1035
84613,938,1032
84614,940,1034
84615,943,1036
84616,947,1038
84617,947,1034
84618,944,1029
84619,945,1029
84620,944,1031
84621,948,1031
84622,952,1032
84623,951,1028
84624,954,1024
84625,952,1026
84626,956,1027
84627,958,1030
84628,965,1028
84629,966,1024
84630,967,1020
84631,967,1015
84632,967,1015
84633,971,1019
84634,977,1019
84635,978,1015
84636,976,1014
84637,975,1011
84638,975,1010
84639,979,1012
84640,982,1011
84641,982,1009
84642,983,1007
84643,982,1004
84644,981,1003
84645,984,1003
84646,987,1005
84647,986,1005
84648,984,1001
84649,982,1001
84650,981,1004
84651,985,1007
84652,992,1007
84653,988,1006
84654,984,1005
84655,984,1005
84656,983,1008
84657,986,1009
84658,989,1009
84659,986,1012
84660,981,1010
84661,979,1011
84662,976,1014
84663,976,1016
84664,977,1016
84665,975,1017
84666,973,1014
84667,969,1013
84668,967,1017
84669,968,1020
84670,968,1023
84671,969,1021
84672,963,1020
84673,960,1019
84674,960,1023
84675,962,1026
84676,964,1026
84677,963,1026
84678,962,1024
84679,958,1025
84680,959,1028
84681,962,1030
84682,963,1031
84683,968,1030
84684,964,1028
84685,960,1026
84686,958,1029
84687,963,1031
84688,967,1033
84689,966,1030
84690,963,1028
84691,963,1027
84692,965,1026
84693,967,1030
84694,977,1030
84695,981,1030
84696,986,1031
84697,987,1031
84698,994,1037
84699,1001,1042
84700,1009,1040
84701,1018,1038
84702,1028,1029
84703,1038,1017
84704,1050,1002
84705,1065,993
84706,1083,982
84707,1095,971
84708,1106,954
84709,1118,940
84710,1131,922
84711,1147,906
84712,1168,889
84713,1185,872
84714,1200,854
84715,1210,841
84716,1215,841
84717,1215,842
84718,1214,841
84719,1207,839
84720,1201,839
84721,1190,839
84722,1175,841
84723,1159,844
84724,1140,848
84725,1117,852
84726,1090,859
84727,1067,867
84728,1044,879
84729,1026,896
84730,1018,910
84731,1014,921
84732,1008,931
84733,1003,943
84734,995,950
84735,998,964
84736,1008,972
84737,1020,979
84738,1032,983
84739,1038,986
84740,1039,993
84741,1027,1000
84742,1004,1008
84743,974,1013
84744,946,1019
84745,929,1028
84746,923,1043
84747,922,1054
84748,921,1060
84749,916,1061
84750,909,1061
84751,900,1061
84752,897,1068
84753,897,1071
84754,894,1074
84755,892,1074
84756,888,1075
84757,881,1074
84758,879,1075
84759,878,1082
84760,883,1083
84761,880,1084
84762,875,1083
84763,873,1083
84764,873,1087
84765,872,1089
84766,875,1091
84767,873,1090
84768,869,1091
84769,867,1091
84770,865,1095
84771,865,1097
84772,869,1102
84773,869,1101
84774,866,1101
84775,863,1103
84776,865,1109
84777,868,1110
84778,870,1115
84779,870,1115
84780,866,1115
84781,866,1116
84782,868,1120
84783,869,1127
84784,872,1128
84785,871,1128
84786,871,1126
84787,870,1126
84788,872,1129
84789,875,1133
84790,879,1133
84791,881,1134
84792,879,1132
84793,881,1132
84794,879,1135
84795,885,1136
84796,891,1137
84797,893,1137
84798,892,1134
84799,893,1134
84800,896,1135
84801,901,1135
84802,906,1134
84803,910,1133
84804,911,1127
84805,911,1124
84806,912,1122
84807,917,1123
84808,923,1122
84809,926,1115
84810,925,1109
84811,926,1105
84812,930,1103
84813,934,1100
84814,940,1098
84815,943,1095
84816,942,1089
84817,942,1084
84818,944,1080
84819,947,1080
84820,952,1076
84821,955,1071
84822,953,1066
84823,953,1062
84824,951,1061
84825,952,1058
84826,955,1056
84827,957,1052
84828,954,1046
84829,947,1041
84830,949,1036
84831,951,1038
84832,955,1038
84833,953,1037
84834,952,1030
84835,950,1027
84836,948,1029
84837,949,1029
84838,952,1031
84839,951,1026
84840,953,1024
84841,950,1024
84842,949,1028
84843,951,1030
84844,952,1030
84845,955,1031
84846,952,1026
84847,950,1028
84848,950,1028
84849,951,1029
84850,953,1031
84851,953,1031
84852,951,1029
84853,950,1026
84854,950,1027
84855,952,1029
84856,955,1031
84857,958,1029
84858,953,1028
84859,951,1029
84860,950,1029
84861,952,1035
84862,954,1034
84863,955,1032
84864,954,1030
84865,952,1030
84866,954,1031
84867,958,1035
84868,960,1035
84869,959,1036
84870,958,1033
84871,958,1031
84872,957,1031
84873,958,1034
84874,961,1033
84875,960,1032
84876,958,1027
84877,956,1026
84878,956,1028
84879,956,1030
84880,959,1031
84881,960,1030
84882,958,1026
84883,955,1024
84884,956,1028
84885,958,1030
84886,959,1029
84887,957,1027
84888,958,1027
84889,954,1025
84890,956,1026
84891,956,1027
84892,960,1028
84893,958,1027
84894,956,1026
84895,953,1024
84896,952,1029
84897,955,1031
84898,956,1030
84899,958,1028
84900,956,1026
84901,952,1028
84902,953,1029
84903,957,1030
84904,959,1031
84905,958,1030
84906,955,1026
84907,951,1029
84908,949,1029
84909,955,1030
84910,957,1032
84911,956,1034
84912,954,1031
84913,956,1025
84914,956,1028
84915,956,1032
84916,959,1030
84917,959,1029
84918,957,1026
84919,954,1021
84920,954,1022
84921,956,1023
84922,956,1024
84923,957,1020
84924,951,1019
84925,949,1019
84926,952,1019
84927,954,1023
84928,957,1023
84929,956,1021
84930,953,1019
84931,948,1017
84932,951,1020
84933,949,1022
84934,953,1022
84935,952,1026
84936,949,1019
84937,948,1019
84938,948,1022
84939,951,1024
84940,955,1025
84941,955,1024
84942,952,1021
84943,951,1022
84944,949,1023
84945,952,1025
84946,954,1027
84947,955,1025
84948,952,1020
84949,951,1021
84950,949,1023
84951,952,1028
84952,954,1028
84953,953,1026
84954,951,1024
84955,947,1024
84956,949,1024
84957,952,1028
84958,955,1027
84959,955,1025
84960,957,1024
84961,951,1023
84962,951,1024
84963,955,1029
84964,958,1031
84965,957,1032
84966,952,1030
84967,954,1031
84968,955,1035
84969,961,1039
84970,962,1039
84971,959,1038
84972,959,1033
84973,956,1032
84974,954,1032
84975,958,1035
84976,961,1033
84977,960,1029
84978,956,1025
84979,955,1026
84980,954,1028
84981,954,1031
84982,959,1031
84983,961,1029
84984,958,1027
84985,954,1026
84986,954,1027
84987,957,1031
84988,961,1030
84989,960,1029
84990,957,1027
84991,957,1025
84992,954,1027
84993,957,1027
84994,960,1028
84995,960,1027
84996,960,1023
84997,957,1023
84998,954,1023
84999,957,1025
85000,959,1028
85001,962,1025
85002,959,1020
85003,957,1022
85004,956,1025
85005,960,1028
85006,962,1026
85007,963,1023
85008,960,1020
85009,961,1023
85010,961,1024
85011,964,1024
85012,967,1027
85013,966,1025
85014,967,1023
85015,962,1024
85016,964,1026
85017,966,1027
85018,969,1027
85019,966,1025
85020,963,1025
85021,963,1023
85022,962,1027
85023,965,1031
85024,969,1029
85025,968,1030
85026,967,1027
85027,966,1025
85028,965,1025
85029,967,1028
85030,971,1030
85031,972,1026
85032,968,1026
85033,969,1021
85034,969,1023
85035,972,1028
85036,977,1027
85037,975,1025
85038,974,1020
85039,976,1018
85040,981,1019
85041,987,1016
85042,1001,1017
85043,1012,1012
85044,1026,1006
85045,1044,1005
85046,1066,1003
85047,1096,997
85048,1127,987
85049,1156,976
85050,1180,972
85051,1202,974
85052,1219,984
85053,1230,1001
85054,1221,1016
85055,1190,1019
85056,1145,1020
85057,1094,1026
85058,1047,1038
85059,1008,1048
85060,975,1052
85061,955,1051
85062,948,1047
85063,951,1039
85064,957,1035
85065,964,1028
85066,969,1026
85067,965,1023
85068,960,1021
85069,956,1019
85070,956,1023
85071,956,1026
85072,957,1026
85073,954,1025
85074,953,1023
85075,949,1022
85076,951,1025
85077,953,1029
85078,957,1033
85079,954,1030
85080,951,1030
85081,948,1029
85082,949,1032
85083,951,1032
85084,955,1034
85085,953,1034
85086,951,1030
85087,950,1032
85088,947,1036
85089,949,1037
85090,952,1035
85091,952,1036
85092,949,1032
85093,948,1030
85094,947,1032
85095,948,1033
85096,952,1035
85097,950,1033
85098,949,1029
85099,946,1031
85100,942,1033
85101,946,1031
85102,950,1033
85103,949,1031
85104,944,1030
85105,943,1027
85106,943,1029
85107,946,1032
85108,949,1030
85109,949,1027
85110,945,1024
85111,946,1022
85112,944,1022
85113,945,1022
85114,950,1023
85115,951,1023
85116,948,1019
85117,945,1016
85118,945,1017
85119,947,1019
85120,952,1019
85121,952,1018
85122,950,1016
85123,945,1015
85124,947,1015
85125,954,1019
85126,962,1020
85127,963,1016
85128,961,1015
85129,961,1014
85130,963,1015
85131,966,1017
85132,970,1019
85133,970,1017
85134,970,1013
85135,967,1012
85136,969,1015
85137,974,1015
85138,979,1014
85139,981,1009
85140,979,1008
85141,976,1007
85142,976,1009
85143,977,1009
85144,982,1008
85145,981,1006
85146,980,1003
85147,979,999
85148,980,1003
85149,983,1004
85150,983,1003
85151,985,1003
85152,985,1001
85153,984,998
85154,985,999
85155,990,1002
85156,995,1000
85157,995,1001
85158,994,998
85159,994,996
85160,995,998
85161,997,1002
85162,999,1001
85163,998,999
85164,995,999
85165,994,1002
85166,992,1001
85167,990,1004
85168,994,1007
85169,992,1008
85170,986,1008
85171,984,1010
85172,984,1014
85173,986,1018
85174,987,1022
85175,985,1021
85176,982,1020
85177,977,1021
85178,978,1027
85179,980,1032
85180,987,1037
85181,986,1037
85182,982,1033
85183,976,1035
85184,975,1036
85185,975,1040
85186,978,1043
85187,977,1040
85188,972,1040
85189,972,1036
85190,969,1041
85191,973,1043
85192,976,1041
85193,976,1040
85194,973,1037
85195,970,1035
85196,971,1036
85197,970,1042
85198,975,1041
85199,972,1039
85200,971,1036
85201,970,1034
85202,966,1036
85203,971,1037
85204,973,1035
85205,970,1033
85206,971,1029
85207,966,1028
85208,967,1033
85209,967,1034
85210,972,1032
85211,970,1027
85212,967,1025
85213,964,1024
85214,963,1026
85215,963,1027
85216,966,1025
85217,970,1028
85218,969,1021
85219,967,1022
85220,965,1026
85221,968,1027
85222,971,1026
85223,970,1026
85224,968,1024
85225,964,1026
85226,964,1026
85227,970,1027
85228,973,1027
85229,970,1025
85230,969,1023
85231,968,1021
85232,967,1023
85233,971,1025
85234,973,1027
85235,969,1024
85236,969,1024
85237,969,1023
85238,969,1026
85239,974,1028
85240,975,1028
85241,974,1025
85242,970,1027
85243,969,1024
85244,970,1026
85245,972,1027
85246,973,1027
85247,973,1024
85248,971,1022
85249,968,1020
85250,967,1023
85251,970,1026
85252,973,1027
85253,970,1024
85254,967,1022
85255,963,1022
85256,966,1025
85257,967,1029
85258,968,1027
85259,966,1026
85260,966,1023
85261,964,1022
85262,965,1025
85263,968,1027
85264,971,1025
85265,969,1025
85266,965,1022
85267,964,1022
85268,961,1022
85269,964,1025
85270,965,1024
85271,965,1025
85272,960,1022
85273,961,1022
85274,958,1024
85275,962,1024
85276,966,1028
85277,965,1031
85278,966,1027
85279,963,1028
85280,964,1031
85281,967,1035
85282,970,1033
85283,973,1029
85284,970,1024
85285,975,1019
85286,981,1020
85287,994,1023
85288,1008,1022
85289,1023,1017
85290,1038,1018
85291,1057,1012
85292,1086,1011
85293,1119,1005
85294,1154,998
85295,1189,991
85296,1216,990
85297,1242,997
85298,1260,1013
85299,1262,1031
85300,1250,1041
85301,1212,1040
85302,1164,1037
85303,1113,1039
85304,1058,1051
85305,1009,1065
85306,970,1072
85307,942,1076
85308,934,1073
85309,935,1066
85310,943,1058
85311,950,1052
85312,959,1043
85313,964,1037
85314,963,1029
85315,961,1027
85316,959,1027
85317,955,1030
85318,958,1031
85319,955,1028
85320,953,1028
85321,951,1025
85322,949,1027
85323,951,1029
85324,951,1029
85325,947,1023
85326,946,1023
85327,941,1023
85328,939,1023
85329,942,1025
85330,943,1023
85331,942,1021
85332,938,1021
85333,936,1020
85334,939,1026
85335,939,1031
85336,941,1028
85337,942,1028
85338,939,1027
85339,935,1024
85340,934,1029
85341,939,1032
85342,939,1032
85343,943,1030
85344,940,1029
85345,939,1026
85346,937,1028
85347,939,1031
85348,945,1030
85349,945,1028
85350,946,1028
85351,944,1027
85352,943,1025
85353,943,1029
85354,947,1027
85355,949,1027
85356,947,1024
85357,945,1022
85358,946,1023
85359,948,1026
85360,954,1027
85361,953,1024
85362,954,1019
85363,952,1019
85364,949,1021
85365,954,1021
85366,956,1021
85367,955,1016
85368,953,1013
85369,951,1014
85370,954,1016
85371,954,1018
85372,959,1018
85373,959,1013
85374,957,1008
85375,953,1007
85376,956,1008
85377,957,1010
85378,963,1009
85379,963,1006
85380,961,1004
85381,959,1002
85382,960,1005
85383,959,1005
85384,962,1006
85385,963,1003
85386,963,998
85387,960,997
85388,961,998
85389,964,1001
85390,969,1000
85391,968,998
85392,970,995
85393,968,991
85394,967,994
85395,970,994
85396,973,994
85397,974,993
85398,972,989
85399,971,989
85400,974,991
85401,981,992
85402,985,992
85403,986,992
85404,983,989
85405,982,989
85406,983,992
85407,985,995
85408,992,997
85409,989,997
85410,988,993
85411,983,995
85412,984,999
85413,987,1002
85414,989,1003
85415,988,1002
85416,985,1002
85417,982,1003
85418,982,1008
85419,981,1013
85420,981,1015
85421,979,1017
85422,971,1016
85423,970,1017
85424,965,1020
85425,961,1022
85426,964,1025
85427,960,1027
85428,959,1026
85429,953,1027
85430,953,1031
85431,953,1037
85432,956,1035
85433,955,1034
85434,950,1031
85435,948,1034
85436,948,1039
85437,952,1045
85438,950,1045
85439,949,1043
85440,945,1041
85441,944,1041
85442,946,1042
85443,949,1045
85444,952,1042
85445,951,1040
85446,948,1039
85447,945,1039
85448,943,1043
85449,948,1043
85450,950,1044
85451,949,1040
85452,950,1039
85453,949,1038
85454,947,1037
85455,950,1039
85456,955,1039
85457,956,1040
85458,952,1036
85459,949,1035
85460,952,1037
85461,956,1040
85462,961,1038
85463,957,1038
85464,955,1033
85465,953,1032
85466,956,1034
85467,958,1036
85468,960,1035
85469,957,1034
85470,953,1031
85471,954,1031
85472,952,1032
85473,954,1036
85474,955,1037
85475,955,1032
85476,952,1031
85477,951,1032
85478,952,1035
85479,955,1036
85480,959,1036
85481,959,1033
85482,955,1031
85483,950,1029
85484,950,1036
85485,951,1037
85486,957,1039
85487,956,1037
85488,953,1034
85489,950,1034
85490,954,1036
85491,955,1038
85492,960,1040
85493,958,1038
85494,957,1035
85495,956,1034
85496,952,1035
85497,955,1039
85498,957,1040
85499,956,1040
85500,953,1037
85501,952,1032
85502,950,1036
85503,954,1038
85504,957,1040
85505,955,1037
85506,953,1037
85507,952,1036
85508,953,1037
85509,955,1040
85510,955,1040
85511,953,1039
85512,952,1034
85513,950,1036
85514,951,1038
85515,954,1038
85516,958,1041
85517,956,1040
85518,953,1032
85519,951,1032
85520,951,1033
85521,955,1035
85522,955,1035
85523,955,1033
85524,954,1030
85525,952,1031
85526,951,1030
85527,953,1030
85528,959,1030
85529,958,1032
85530,954,1031
85531,952,1032
85532,950,1035
85533,956,1037
85534,961,1037
85535,957,1036
85536,957,1030
85537,957,1026
85538,956,1026
85539,961,1028
85540,970,1027
85541,979,1025
85542,990,1022
85543,1002,1020
85544,1024,1020
85545,1050,1018
85546,1081,1011
85547,1113,999
85548,1147,989
85549,1176,986
85550,1209,993
85551,1238,1006
85552,1251,1023
85553,1242,1035
85554,1209,1037
85555,1164,1034
85556,1117,1038
85557,1074,1046
85558,1031,1056
85559,979,1066
85560,936,1073
85561,911,1081
85562,911,1085
85563,924,1079
85564,929,1066
85565,935,1055
85566,938,1044
85567,938,1039
85568,943,1039
85569,942,1040
85570,944,1038
85571,939,1037
85572,939,1034
85573,936,1033
85574,935,1031
85575,937,1034
85576,937,1036
85577,938,1036
85578,935,1034
85579,929,1034
85580,930,1034
85581,930,1036
85582,931,1038
85583,933,1036
85584,931,1032
85585,927,1032
85586,928,1034
85587,928,1038
85588,931,1038
85589,932,1038
85590,931,1035
85591,930,1036
85592,928,1037
85593,929,1038
85594,932,1040
85595,935,1037
85596,930,1036
85597,930,1036
85598,934,1037
85599,936,1039
85600,936,1037
85601,936,1035
85602,935,1032
85603,933,1031
85604,930,1035
85605,931,1033
85606,933,1031
85607,931,1031
85608,931,1029
85609,928,1027
85610,927,1026
85611,931,1028
85612,936,1030
85613,938,1025
85614,936,1023
85615,933,1022
85616,935,1025
85617,937,1027
85618,942,1028
85619,941,1023
85620,940,1022
85621,939,1019
85622,941,1019
85623,943,1018
85624,948,1018
85625,945,1018
85626,942,1014
85627,939,1011
85628,939,1010
85629,943,1013
85630,948,1017
85631,948,1015
85632,945,1008
85633,951,1006
85634,956,1004
85635,960,1007
85636,960,1006
85637,959,1003
85638,957,998
85639,958,997
85640,966,1000
85641,969,998
85642,973,998
85643,968,996
85644,967,993
85645,963,992
85646,964,993
85647,968,995
85648,971,995
85649,970,993
85650,971,988
85651,970,990
85652,970,991
85653,973,997
85654,975,996
85655,972,994
85656,969,997
85657,965,998
85658,965,1000
85659,970,1003
85660,974,1006
85661,971,1007
85662,969,1006
85663,965,1009
85664,963,1015
85665,966,1019
85666,967,1022
85667,964,1022
85668,959,1027
85669,954,1027
85670,951,1031
85671,951,1034
85672,955,1037
85673,950,1036
85674,946,1036
85675,944,1035
85676,943,1039
85677,947,1041
85678,947,1045
85679,945,1041
85680,941,1040
85681,940,1040
85682,939,1046
85683,944,1047
85684,947,1047
85685,947,1042
85686,941,1041
85687,937,1041
85688,938,1043
85689,943,1044
85690,947,1044
85691,946,1043
85692,942,1042
85693,936,1040
85694,939,1041
85695,944,1043
85696,948,1042
85697,948,1039
85698,945,1036
85699,942,1035
85700,948,1035
85701,952,1039
85702,960,1038
85703,961,1037
85704,967,1033
85705,970,1034
85706,973,1036
85707,977,1039
85708,982,1041
85709,985,1043
85710,987,1041
85711,991,1042
85712,1000,1039
85713,1015,1036
85714,1029,1024
85715,1037,1009
85716,1044,995
85717,1051,985
85718,1061,971
85719,1078,962
85720,1094,952
85721,1108,939
85722,1120,925
85723,1133,911
85724,1148,899
85725,1161,890
85726,1173,883
85727,1179,873
85728,1186,864
85729,1188,860
85730,1188,864
85731,1183,875
85732,1178,881
85733,1175,879
85734,1174,877
85735,1166,877
85736,1158,878
85737,1148,882
85738,1139,889
85739,1127,892
85740,1112,898
85741,1094,907
85742,1076,915
85743,1060,925
85744,1048,935
85745,1037,939
85746,1028,946
85747,1019,953
85748,1011,965
85749,1008,971
85750,1009,979
85751,1008,986
85752,1004,991
85753,1005,996
85754,1007,1003
85755,1019,1011
85756,1031,1010
85757,1041,1010
85758,1038,1006
85759,1022,1010
85760,996,1016
85761,968,1022
85762,943,1027
85763,924,1033
85764,912,1041
85765,903,1049
85766,901,1057
85767,902,1067
85768,900,1068
85769,894,1068
85770,887,1067
85771,885,1069
85772,881,1072
85773,878,1075
85774,881,1078
85775,880,1076
85776,875,1074
85777,869,1075
85778,868,1079
85779,868,1083
85780,870,1085
85781,865,1084
85782,857,1082
85783,850,1081
85784,845,1086
85785,852,1090
85786,854,1091
85787,852,1090
85788,844,1088
85789,838,1087
85790,837,1085
85791,839,1090
85792,843,1090
85793,839,1091
85794,835,1085
85795,829,1088
85796,829,1091
85797,827,1096
85798,830,1097
85799,828,1097
85800,824,1096
85801,822,1099
85802,824,1101
85803,823,1107
85804,826,1107
85805,824,1106
85806,819,1108
85807,817,1111
85808,817,1115
85809,819,1118
85810,819,1122
85811,818,1123
85812,816,1122
85813,814,1126
85814,815,1128
85815,817,1132
85816,818,1133
85817,819,1132
85818,817,1130
85819,821,1129
85820,823,1132
85821,826,1133
85822,830,1131
85823,833,1129
85824,834,1129
85825,834,1127
85826,839,1128
85827,841,1128
85828,845,1129
85829,845,1126
85830,849,1117
85831,855,1114
85832,858,1114
85833,860,1114
85834,869,1110
85835,872,1106
85836,873,1098
85837,879,1096
85838,887,1095
85839,890,1092
85840,897,1089
85841,898,1082
85842,900,1078
85843,901,1072
85844,904,1071
85845,909,1069
85846,913,1070
85847,915,1065
85848,914,1059
85849,916,1055
85850,918,1056
85851,923,1057
85852,926,1053
85853,926,1051
85854,925,1045
85855,921,1044
85856,922,1044
85857,926,1047
85858,931,1045
85859,928,1044
85860,925,1039
85861,924,1042
85862,929,1043
85863,932,1044
85864,933,1044
85865,932,1040
85866,930,1037
85867,930,1039
85868,934,1038
85869,936,1040
85870,939,1039
85871,936,1039
85872,934,1034
85873,932,1034
85874,934,1034
85875,934,1037
85876,938,1036
85877,939,1033
85878,935,1030
85879,932,1029
85880,935,1031
85881,937,1035
85882,938,1032
85883,940,1032
85884,940,1028
85885,934,1026
85886,940,1028
85887,940,1032
85888,944,1032
85889,945,1030
85890,944,1026
85891,940,1026
85892,941,1030
85893,944,1031
85894,949,1030
85895,947,1029
85896,944,1024
85897,942,1025
85898,944,1026
85899,946,1032
85900,947,1030
85901,948,1027
85902,942,1023
85903,943,1023
85904,945,1024
85905,947,1027
85906,951,1028
85907,949,1027
85908,946,1025
85909,947,1021
85910,949,1024
85911,950,1026
85912,955,1026
85913,954,1026
85914,952,1025
85915,946,1025
85916,948,1026
85917,954,1030
85918,956,1030
85919,955,1028
85920,954,1026
85921,952,1024
85922,949,1025
85923,949,1027
85924,953,1027
85925,953,1026
85926,953,1023
85927,950,1024
85928,951,1028
85929,955,1032
85930,957,1033
85931,952,1029
85932,954,1026
85933,954,1025
85934,953,1028
85935,953,1031
85936,955,1032
85937,953,1032
85938,952,1027
85939,948,1026
85940,946,1030
85941,951,1033
85942,956,1035
85943,951,1031
85944,947,1027
85945,948,1030
85946,949,1028
85947,949,1035
85948,951,1035
85949,953,1031
85950,950,1024
85951,948,1025
85952,950,1026
85953,954,1029
85954,955,1031
85955,956,1029
85956,954,1025
85957,948,1023
85958,952,1027
85959,954,1030
85960,958,1033
85961,957,1028
85962,956,1025
85963,950,1026
85964,948,1032
85965,953,1036
85966,960,1035
85967,957,1030
85968,954,1025
85969,952,1026
85970,954,1023
85971,960,1024
85972,962,1025
85973,962,1024
85974,959,1023
85975,956,1021
85976,957,1024
85977,960,1027
85978,961,1029
85979,958,1025
85980,956,1022
85981,955,1021
85982,956,1023
85983,958,1028
85984,959,1028
85985,958,1024
85986,955,1023
85987,953,1021
85988,957,1024
85989,959,1024
85990,960,1024
85991,961,1025
85992,961,1020
85993,960,1020
85994,959,1020
85995,961,1024
85996,963,1024
85997,964,1025
85998,960,1023
85999,960,1020
86000,958,1024
86001,961,1026
86002,966,1026
86003,965,1023
86004,960,1021
86005,961,1020
86006,962,1019
86007,965,1024
86008,966,1024
86009,969,1021
86010,968,1020
86011,967,1021
86012,967,1024
86013,970,1027
86014,971,1031
86015,975,1029
86016,975,1026
86017,972,1024
86018,972,1027
86019,977,1028
86020,981,1027
86021,981,1022
86022,982,1015
86023,985,1015
86024,994,1016
86025,1009,1018
86026,1026,1016
86027,1043,1013
86028,1064,1004
86029,1094,1000
86030,1130,990
86031,1171,986
86032,1210,983
86033,1242,991
86034,1268,1003
86035,1280,1020
86036,1274,1032
86037,1252,1034
86038,1211,1031
86039,1153,1034
86040,1089,1041
86041,1022,1051
86042,972,1061
86043,945,1068
86044,946,1068
86045,955,1057
86046,961,1044
86047,962,1037
86048,965,1030
86049,968,1030
86050,972,1027
86051,970,1026
86052,964,1021
86053,960,1023
86054,960,1024
86055,960,1027
86056,960,1024
86057,958,1019
86058,956,1018
86059,951,1019
86060,950,1022
86061,953,1021
86062,958,1019
86063,959,1019
86064,957,1019
86065,953,1016
86066,956,1020
86067,958,1022
86068,960,1025
86069,959,1024
86070,958,1018
86071,955,1020
86072,954,1021
86073,955,1025
86074,958,1027
86075,956,1025
86076,954,1021
86077,953,1024
86078,953,1025
86079,957,1025
86080,959,1027
86081,958,1025
86082,954,1021
86083,954,1019
86084,953,1022
86085,955,1023
86086,957,1022
86087,957,1022
86088,957,1017
86089,954,1017
86090,957,1021
86091,958,1023
86092,961,1024
86093,961,1022
86094,961,1016
86095,961,1017
86096,962,1019
86097,964,1019
86098,966,1020
86099,967,1018
86100,967,1013
86101,964,1013
86102,968,1017
86103,970,1016
86104,971,1019
86105,973,1016
86106,972,1011
86107,973,1015
86108,971,1012
86109,974,1012
86110,975,1009
86111,978,1006
86112,977,1004
86113,974,1004
86114,976,1004
86115,981,1006
86116,987,1002
86117,986,1000
86118,988,995
86119,986,995
86120,987,996
86121,991,999
86122,995,996
86123,997,993
86124,996,990
86125,996,989
86126,995,990
86127,1002,992
86128,1003,992
86129,1005,989
86130,1004,986
86131,1003,986
86132,1003,988
86133,1005,990
86134,1009,991
86135,1010,991
86136,1007,990
86137,1005,992
86138,1007,994
86139,1009,999
86140,1012,1003
86141,1012,1003
86142,1012,1000
86143,1007,1002
86144,1008,1009
86145,1009,1014
86146,1012,1014
86147,1007,1016
86148,1005,1013
86149,1001,1015
86150,1001,1019
86151,1000,1023
86152,1002,1022
86153,998,1023
86154,995,1018
86155,990,1021
86156,988,1023
86157,990,1030
86158,991,1027
86159,989,1028
86160,985,1027
86161,981,1026
86162,981,1031
86163,982,1033
86164,984,1036
86165,982,1035
86166,981,1032
86167,980,1033
86168,979,1032
86169,981,1035
86170,982,1036
86171,979,1037
86172,979,1031
86173,976,1034
86174,977,1033
86175,978,1038
86176,979,1038
86177,979,1036
86178,980,1032
86179,977,1035
86180,978,1037
86181,981,1039
86182,983,1040
86183,980,1039
86184,976,1036
86185,977,1036
86186,980,1037
86187,984,1038
86188,987,1039
86189,988,1038
86190,986,1034
86191,985,1033
86192,986,1035
86193,990,1036
86194,993,1036
86195,989,1036
86196,987,1031
86197,987,1030
86198,988,1034
86199,992,1037
86200,995,1036
86201,992,1033
86202,992,1030
86203,991,1030
86204,991,1031
86205,994,1032
86206,996,1034
86207,992,1031
86208,992,1026
86209,988,1026
86210,988,1029
86211,993,1032
86212,995,1032
86213,994,1028
86214,992,1025
86215,988,1029
86216,989,1031
86217,992,1032
86218,995,1030
86219,992,1029
86220,991,1028
86221,986,1028
86222,987,1031
86223,986,1031
86224,991,1034
86225,987,1030
86226,984,1030
86227,981,1029
86228,978,1031
86229,982,1035
86230,985,1036
86231,983,1032
86232,982,1027
86233,980,1027
86234,980,1031
86235,984,1034
86236,986,1032
86237,984,1031
86238,983,1028
86239,983,1028
86240,984,1032
86241,988,1034
86242,988,1036
86243,986,1035
86244,986,1030
86245,983,1029
86246,983,1035
86247,986,1036
86248,990,1036
86249,988,1034
86250,986,1030
86251,984,1031
86252,984,1035
86253,987,1038
86254,992,1037
86255,990,1035
86256,989,1033
86257,988,1033
86258,988,1036
86259,990,1037
86260,994,1039
86261,993,1034
86262,992,1034
86263,988,1032
86264,989,1032
86265,995,1035
86266,1000,1035
86267,1000,1030
86268,999,1024
86269,1002,1022
86270,1014,1024
86271,1033,1027
86272,1052,1027
86273,1072,1024
86274,1097,1022
86275,1127,1016
86276,1170,1009
86277,1210,1006
86278,1249,1004
86279,1282,1008
86280,1303,1013
86281,1301,1030
86282,1281,1040
86283,1241,1041
86284,1189,1039
86285,1125,1048
86286,1060,1053
86287,997,1059
86288,961,1066
86289,952,1066
86290,964,1061
86291,972,1050
86292,979,1037
86293,978,1033
86294,978,1030
86295,980,1031
86296,982,1033
86297,978,1028
86298,976,1027
86299,973,1026
86300,971,1033
86301,974,1033
86302,975,1033
86303,977,1033
86304,971,1030
86305,970,1031
86306,969,1032
86307,971,1033
86308,973,1037
86309,973,1033
86310,970,1033
86311,968,1034
86312,968,1036
86313,968,1038
86314,972,1041
86315,969,1040
86316,965,1036
86317,963,1035
86318,966,1040
86319,971,1043
86320,973,1043
86321,970,1040
86322,967,1039
86323,965,1037
86324,964,1040
86325,969,1045
86326,972,1045
86327,972,1039
86328,970,1038
86329,967,1036
86330,969,1039
86331,971,1039
86332,976,1036
86333,976,1033
86334,972,1030
86335,966,1032
86336,968,1033
86337,969,1035
86338,977,1030
86339,978,1027
86340,976,1024
86341,975,1023
86342,977,1026
86343,979,1028
86344,981,1028
86345,984,1022
86346,979,1018
86347,980,1018
86348,984,1022
86349,986,1022
86350,993,1023
86351,992,1019
86352,993,1014
86353,992,1015
86354,994,1015
86355,998,1016
86356,1002,1016
86357,1001,1013
86358,999,1009
86359,998,1008
86360,1000,1011
86361,1003,1011
86362,1006,1010
86363,1006,1011
86364,1006,1006
86365,1003,1007
86366,1006,1008
86367,1009,1010
86368,1014,1006
86369,1014,1005
86370,1012,1004
86371,1008,1003
86372,1009,1006
86373,1013,1008
86374,1017,1007
86375,1016,1008
86376,1013,1005
86377,1009,1007
86378,1006,1012
86379,1006,1016
86380,1010,1016
86381,1008,1022
86382,1004,1020
86383,999,1021
86384,995,1025
86385,996,1030
86386,998,1032
86387,995,1033
86388,992,1032
86389,988,1032
86390,987,1038
86391,990,1039
86392,990,1039
86393,987,1041
86394,983,1042
86395,980,1044
86396,979,1043
86397,981,1048
86398,983,1052
86399,983,1051
86400,978,1047
86401,974,1045
86402,976,1048
86403,978,1053
86404,980,1051
86405,980,1050
86406,976,1047
86407,975,1048
86408,976,1050
86409,976,1050
86410,978,1050
86411,979,1047
86412,975,1044
86413,974,1044
86414,974,1046
86415,976,1049
86416,981,1047
86417,980,1046
86418,981,1042
86419,976,1041
86420,979,1044
86421,980,1046
86422,983,1046
86423,982,1046
86424,981,1042
86425,978,1041
86426,979,1044
86427,983,1044
86428,984,1045
86429,983,1044
86430,981,1042
86431,979,1042
86432,980,1044
86433,982,1046
86434,985,1044
86435,983,1043
86436,981,1041
86437,978,1040
86438,978,1044
86439,982,1047
86440,988,1047
86441,986,1045
86442,984,1041
86443,980,1039
86444,983,1040
86445,982,1042
86446,988,1040
86447,987,1040
86448,984,1036
86449,982,1035
86450,981,1036
86451,985,1040
86452,984,1037
86453,983,1037
86454,979,1034
86455,979,1033
86456,979,1036
86457,981,1038
86458,983,1040
86459,982,1036
86460,981,1034
86461,979,1036
86462,979,1038
86463,982,1044
86464,983,1042
86465,982,1039
86466,980,1038
86467,980,1036
86468,980,1038
86469,981,1043
86470,985,1044
86471,985,1043
86472,983,1039
86473,979,1040
86474,981,1043
86475,982,1045
86476,986,1046
86477,986,1045
86478,984,1041
86479,979,1040
86480,978,1044
86481,981,1045
86482,983,1044
86483,985,1044
86484,982,1040
86485,980,1039
86486,981,1042
86487,983,1044
86488,987,1048
86489,985,1046
86490,984,1043
86491,982,1040
86492,983,1043
86493,986,1045
86494,990,1046
86495,989,1042
86496,988,1039
86497,991,1038
86498,999,1034
86499,1007,1038
86500,1023,1035
86501,1040,1030
86502,1058,1026
86503,1083,1022
86504,1116,1019
86505,1155,1015
86506,1194,1006
86507,1231,1000
86508,1262,1000
86509,1285,1011
86510,1299,1029
86511,1293,1042
86512,1266,1046
86513,1212,1044
86514,1145,1047
86515,1075,1059
86516,1011,1067
86517,966,1073
86518,953,1069
86519,956,1064
86520,963,1051
86521,969,1043
86522,972,1042
86523,970,1042
86524,972,1038
86525,968,1039
86526,964,1038
86527,961,1039
86528,962,1041
86529,961,1043
86530,964,1043
86531,962,1043
86532,960,1040
86533,955,1039
86534,954,1043
86535,959,1045
86536,963,1046
86537,962,1042
86538,959,1041
86539,958,1039
86540,958,1043
86541,961,1043
86542,962,1044
86543,958,1039
86544,956,1037
86545,951,1038
86546,956,1039
86547,954,1042
86548,958,1044
86549,958,1040
86550,957,1037
86551,953,1038
86552,954,1039
86553,957,1043
86554,959,1043
86555,956,1040
86556,953,1039
86557,951,1039
86558,955,1041
86559,956,1043
86560,960,1042
86561,957,1041
86562,958,1036
86563,955,1039
86564,957,1042
86565,961,1042
86566,965,1039
86567,967,1038
86568,963,1033
86569,961,1035
86570,963,1035
86571,968,1038
86572,968,1037
86573,971,1034
86574,971,1031
86575,968,1031
86576,971,1032
86577,973,1031
86578,976,1029
86579,976,1026
86580,974,1025
86581,973,1022
86582,973,1021
86583,980,1023
86584,981,1024
86585,984,1020
86586,985,1017
86587,984,1015
86588,986,1017
86589,989,1018
86590,991,1012
86591,989,1009
86592,990,1006
86593,988,1008
86594,991,1010
86595,995,1012
86596,999,1011
86597,998,1008
86598,997,1003
86599,995,1004
86600,997,1007
86601,999,1008
86602,1002,1009
86603,1001,1007
86604,999,1007
86605,997,1009
86606,998,1013
86607,1000,1017
86608,1002,1019
86609,998,1013
86610,996,1014
86611,991,1015
86612,992,1021
86613,995,1030
86614,994,1030
86615,991,1029
86616,987,1028
86617,980,1031
86618,979,1036
86619,979,1041
86620,982,1039
86621,981,1039
86622,975,1035
86623,972,1037
86624,972,1037
86625,972,1039
86626,971,1042
86627,970,1040
86628,968,1036
86629,965,1040
86630,965,1041
86631,966,1045
86632,969,1042
86633,967,1040
86634,963,1039
86635,962,1042
86636,965,1044
86637,965,1046
86638,969,1047
86639,967,1047
86640,964,1042
86641,964,1044
86642,968,1045
86643,973,1049
86644,973,1048
86645,976,1046
86646,976,1044
86647,978,1043
86648,978,1047
86649,984,1050
86650,990,1047
86651,998,1048
86652,999,1050
86653,1001,1050
86654,1009,1054
86655,1019,1057
86656,1033,1050
86657,1044,1041
86658,1054,1026
86659,1063,1011
86660,1077,1001
86661,1096,988
86662,1111,974
86663,1127,957
86664,1140,940
86665,1155,921
86666,1175,898
86667,1195,887
86668,1213,874
86669,1225,861
86670,1230,853
86671,1224,852
86672,1219,855
86673,1216,856
86674,1211,852
86675,1201,848
86676,1185,846
86677,1165,847
86678,1144,856
86679,1127,864
86680,1105,870
86681,1082,881
86682,1059,887
86683,1039,901
86684,1030,915
86685,1025,931
86686,1023,944
86687,1022,952
86688,1018,959
86689,1013,967
86690,1018,980
86691,1032,990
86692,1052,995
86693,1071,1000
86694,1078,999
86695,1068,1006
86696,1047,1014
86697,1013,1026
86698,979,1030
86699,948,1041
86700,930,1050
86701,921,1059
86702,919,1070
86703,917,1077
86704,914,1079
86705,906,1076
86706,899,1075
86707,895,1081
86708,893,1085
86709,893,1089
86710,894,1091
86711,891,1092
86712,883,1089
86713,881,1091
86714,880,1096
86715,880,1098
86716,881,1099
86717,877,1099
86718,873,1099
86719,871,1100
86720,872,1104
86721,874,1106
86722,874,1106
86723,873,1107
86724,871,1106
86725,867,1108
86726,867,1113
86727,869,1116
86728,868,1118
86729,869,1119
86730,866,1119
86731,863,1120
86732,863,1125
86733,864,1127
86734,864,1131
86735,863,1130
86736,860,1129
86737,858,1133
86738,859,1137
86739,863,1142
86740,866,1144
86741,867,1142
86742,862,1143
86743,862,1143
86744,863,1146
86745,868,1151
86746,872,1150
86747,872,1148
86748,869,1146
86749,870,1146
86750,873,1153
86751,877,1154
86752,879,1155
86753,882,1150
86754,882,1149
86755,880,1147
86756,884,1149
86757,887,1149
86758,893,1148
86759,894,1144
86760,901,1139
86761,906,1136
86762,910,1139
86763,915,1135
86764,917,1131
86765,920,1128
86766,920,1118
86767,923,1114
86768,929,1112
86769,930,1112
86770,936,1106
86771,937,1099
86772,938,1093
86773,937,1090
86774,938,1086
86775,944,1086
86776,948,1082
86777,950,1076
86778,949,1072
86779,947,1067
86780,946,1067
86781,948,1068
86782,953,1063
86783,949,1060
86784,948,1056
86785,944,1052
86786,945,1052
86787,949,1056
86788,953,1052
86789,950,1047
86790,947,1042
86791,946,1044
86792,949,1043
86793,952,1045
86794,953,1043
86795,952,1041
86796,949,1038
86797,946,1038
86798,949,1040
86799,951,1045
86800,953,1043
86801,951,1042
86802,948,1038
86803,947,1038
86804,948,1041
86805,949,1044
86806,952,1043
86807,952,1042
86808,949,1039
86809,946,1038
86810,949,1040
86811,950,1042
86812,954,1041
86813,952,1039
86814,949,1037
86815,946,1034
86816,949,1038
86817,949,1040
86818,952,1037
86819,951,1036
86820,950,1036
86821,950,1037
86822,951,1038
86823,952,1039
86824,955,1039
86825,954,1035
86826,952,1034
86827,953,1033
86828,952,1035
86829,955,1036
86830,961,1038
86831,961,1034
86832,961,1032
86833,958,1032
86834,959,1034
86835,961,1038
86836,964,1034
86837,961,1034
86838,958,1030
86839,956,1033
86840,956,1035
86841,958,1039
86842,960,1040
86843,957,1039
86844,957,1036
86845,956,1035
86846,956,1039
86847,959,1040
86848,959,1041
86849,960,1039
86850,955,1038
86851,955,1039
86852,956,1041
86853,957,1043
86854,959,1044
86855,959,1039
86856,958,1034
86857,954,1033
86858,954,1034
86859,960,1035
86860,963,1033
86861,960,1031
86862,958,1027
86863,954,1027
86864,955,1028
86865,959,1031
86866,962,1029
86867,962,1027
86868,961,1025
86869,959,1024
86870,959,1028
86871,961,1029
86872,964,1030
86873,962,1027
86874,959,1023
86875,955,1024
86876,957,1026
86877,959,1030
86878,963,1031
86879,964,1028
86880,960,1025
86881,958,1026
86882,961,1027
86883,962,1030
86884,966,1031
86885,965,1030
86886,962,1029
86887,962,1027
86888,961,1031
86889,964,1033
86890,964,1034
86891,961,1032
86892,961,1028
86893,956,1032
86894,957,1034
86895,962,1041
86896,966,1041
86897,964,1040
86898,962,1036
86899,958,1038
86900,961,1038
86901,961,1040
86902,963,1041
86903,962,1041
86904,957,1039
86905,955,1040
86906,957,1040
86907,964,1042
86908,966,1039
86909,965,1035
86910,962,1032
86911,959,1033
86912,960,1034
86913,962,1037
86914,967,1034
86915,963,1033
86916,963,1031
86917,959,1029
86918,961,1034
86919,962,1034
86920,965,1034
86921,964,1031
86922,962,1030
86923,960,1030
86924,963,1034
86925,966,1035
86926,971,1036
86927,970,1037
86928,965,1031
86929,965,1031
86930,966,1034
86931,968,1034
86932,971,1033
86933,971,1033
86934,966,1031
86935,966,1033
86936,969,1034
86937,970,1038
86938,972,1037
86939,971,1037
86940,970,1035
86941,967,1036
86942,968,1038
86943,972,1043
86944,976,1042
86945,974,1042
86946,972,1041
86947,971,1039
86948,974,1037
86949,978,1039
86950,984,1039
86951,984,1035
86952,987,1030
86953,988,1025
86954,1001,1027
86955,1017,1024
86956,1034,1023
86957,1056,1016
86958,1085,1012
86959,1125,1007
86960,1166,999
86961,1204,996
86962,1241,997
86963,1272,1000
86964,1292,1011
86965,1291,1024
86966,1274,1035
86967,1232,1039
86968,1177,1043
86969,1111,1048
86970,1043,1049
86971,987,1055
86972,954,1057
86973,952,1059
86974,961,1053
86975,968,1043
86976,968,1036
86977,971,1035
86978,970,1035
86979,971,1036
86980,970,1036
86981,967,1037
86982,963,1033
86983,961,1033
86984,964,1039
86985,966,1038
86986,966,1037
86987,964,1035
86988,959,1034
86989,958,1035
86990,958,1037
86991,961,1039
86992,965,1038
86993,962,1036
86994,959,1032
86995,954,1030
86996,958,1035
86997,960,1037
86998,962,1035
86999,960,1035
87000,958,1031
87001,956,1033
87002,957,1038
87003,958,1040
87004,963,1040
87005,959,1036
87006,957,1031
87007,953,1032
87008,956,1034
87009,958,1036
87010,960,1034
87011,961,1031
87012,957,1028
87013,956,1032
87014,956,1035
87015,961,1036
87016,959,1036
87017,958,1035
87018,960,1031
87019,958,1033
87020,957,1036
87021,961,1039
87022,964,1039
87023,962,1039
87024,960,1033
87025,959,1032
87026,962,1034
87027,965,1037
87028,969,1035
87029,972,1033
87030,969,1029
87031,972,1030
87032,975,1029
87033,979,1033
87034,982,1027
87035,983,1024
87036,983,1019
87037,981,1020
87038,987,1022
87039,990,1021
87040,994,1018
87041,994,1015
87042,993,1011
87043,990,1010
87044,993,1011
87045,995,1014
87046,1001,1012
87047,1000,1010
87048,999,1008
87049,998,1007
87050,999,1007
87051,1001,1009
87052,1002,1010
87053,1003,1006
87054,1002,1004
87055,1001,1004
87056,1005,1006
87057,1008,1008
87058,1012,1010
87059,1013,1007
87060,1010,1007
87061,1012,1008
87062,1014,1010
87063,1017,1014
87064,1018,1013
87065,1016,1011
87066,1013,1011
87067,1012,1010
87068,1012,1013
87069,1013,1017
87070,1016,1020
87071,1012,1019
87072,1006,1019
87073,1004,1019
87074,1006,1024
87075,1005,1027
87076,1006,1029
87077,999,1027
87078,995,1028
87079,993,1031
87080,994,1033
87081,995,1037
87082,991,1039
87083,992,1037
87084,991,1032
87085,988,1034
87086,990,1038
87087,989,1040
87088,991,1040
87089,987,1037
87090,984,1038
87091,984,1038
87092,983,1043
87093,985,1045
87094,989,1045
87095,984,1041
87096,983,1042
87097,980,1042
87098,980,1042
87099,984,1047
87100,985,1047
87101,985,1043
87102,982,1044
87103,982,1042
87104,980,1045
87105,983,1046
87106,985,1046
87107,983,1043
87108,981,1042
87109,980,1040
87110,981,1041
87111,983,1044
87112,985,1043
87113,985,1039
87114,983,1036
87115,982,1038
87116,982,1038
87117,985,1039
87118,986,1038
87119,987,1035
87120,984,1031
87121,981,1032
87122,983,1035
87123,987,1035
87124,989,1036
87125,990,1033
87126,987,1030
87127,987,1032
87128,986,1032
87129,990,1038
87130,992,1037
87131,993,1035
87132,991,1031
87133,989,1033
87134,993,1037
87135,994,1040
87136,995,1037
87137,994,1036
87138,990,1036
87139,987,1037
87140,989,1037
87141,987,1039
87142,990,1037
87143,989,1035
87144,986,1032
87145,985,1032
87146,988,1034
87147,987,1036
87148,991,1036
87149,988,1035
87150,985,1031
87151,986,1032
87152,984,1034
87153,986,1037
87154,988,1035
87155,985,1033
87156,983,1031
87157,978,1034
87158,980,1035
87159,985,1037
87160,989,1037
87161,987,1037
87162,983,1034
87163,981,1034
87164,981,1036
87165,985,1039
87166,984,1036
87167,984,1034
87168,981,1031
87169,977,1033
87170,977,1037
87171,979,1038
87172,979,1038
87173,978,1034
87174,976,1032
87175,977,1034
87176,979,1036
87177,982,1037
87178,986,1040
87179,982,1036
87180,977,1033
87181,977,1037
87182,979,1040
87183,981,1042
87184,984,1040
87185,981,1039
87186,979,1037
87187,977,1034
87188,979,1037
87189,982,1043
87190,985,1039
87191,984,1040
87192,983,1038
87193,983,1039
87194,984,1040
87195,986,1042
87196,991,1042
87197,989,1039
87198,987,1036
87199,986,1036
87200,989,1040
87201,991,1041
87202,996,1042
87203,992,1038
87204,993,1039
87205,993,1036
87206,995,1036
87207,999,1036
87208,1010,1035
87209,1019,1032
87210,1028,1027
87211,1040,1026
87212,1059,1027
87213,1086,1028
87214,1117,1019
87215,1151,1009
87216,1181,1001
87217,1216,994
87218,1246,997
87219,1275,1010
87220,1291,1020
87221,1285,1030
87222,1259,1033
87223,1212,1035
87224,1157,1043
87225,1105,1052
87226,1049,1061
87227,995,1065
87228,958,1064
87229,945,1065
87230,953,1062
87231,966,1058
87232,975,1049
87233,976,1041
87234,976,1034
87235,975,1031
87236,974,1035
87237,975,1036
87238,980,1036
87239,978,1031
87240,973,1031
87241,971,1034
87242,971,1038
87243,973,1042
87244,972,1041
87245,972,1039
87246,971,1037
87247,967,1035
87248,967,1038
87249,970,1040
87250,973,1039
87251,971,1037
87252,968,1037
87253,967,1036
87254,966,1038
87255,970,1043
87256,971,1040
87257,967,1039
87258,964,1034
87259,961,1036
87260,962,1037
87261,963,1040
87262,965,1039
87263,963,1038
87264,965,1034
87265,963,1035
87266,965,1038
87267,968,1038
87268,969,1039
87269,968,1036
87270,965,1030
87271,963,1032
87272,964,1033
87273,965,1034
87274,968,1035
87275,968,1034
87276,967,1029
87277,969,1030
87278,969,1032
87279,972,1035
87280,973,1032
87281,973,1030
87282,970,1028
87283,970,1028
87284,970,1032
87285,972,1032
87286,977,1030
87287,976,1030
87288,977,1024
87289,976,1025
87290,979,1026
87291,983,1027
87292,985,1025
87293,985,1024
87294,982,1019
87295,980,1019
87296,985,1022
87297,988,1023
87298,992,1022
87299,992,1016
87300,990,1015
87301,990,1013
87302,991,1014
87303,997,1014
87304,1000,1014
87305,1000,1010
87306,998,1007
87307,994,1003
87308,992,1008
87309,994,1007
87310,998,1006
87311,998,1005
87312,998,1002
87313,996,1004
87314,999,1003
87315,1001,1008
87316,1003,1004
87317,1000,1004
87318,1000,999
87319,998,1000
87320,999,1002
87321,1001,1005
87322,1004,1004
87323,1005,1004
87324,1001,1001
87325,1002,1002
87326,1002,1008
87327,1005,1010
87328,1005,1014
87329,1004,1010
87330,1000,1010
87331,997,1014
87332,998,1018
87333,1000,1020
87334,1002,1021
87335,1003,1021
87336,999,1023
87337,997,1025
87338,997,1027
87339,997,1032
87340,999,1032
87341,993,1028
87342,992,1029
87343,990,1031
87344,988,1035
87345,987,1038
87346,992,1037
87347,988,1038
87348,985,1035
87349,982,1035
87350,981,1038
87351,982,1045
87352,985,1046
87353,982,1043
87354,980,1042
87355,974,1043
87356,977,1044
87357,978,1047
87358,981,1049
87359,979,1048
87360,976,1044
87361,974,1045
87362,974,1047
87363,978,1045
87364,982,1044
87365,979,1043
87366,976,1041
87367,975,1040
87368,978,1042
87369,982,1046
87370,984,1041
87371,979,1043
87372,978,1041
87373,977,1040
87374,980,1043
87375,982,1045
87376,987,1046
87377,984,1045
87378,981,1037
87379,977,1038
87380,978,1040
87381,981,1040
87382,986,1040
87383,985,1036
87384,982,1033
87385,980,1035
87386,982,1038
87387,985,1039
87388,985,1039
87389,982,1034
87390,982,1034
87391,980,1032
87392,980,1034
87393,983,1036
87394,988,1035
87395,984,1033
87396,983,1031
87397,981,1033
87398,984,1033
87399,984,1038
87400,986,1036
87401,985,1036
87402,981,1031
87403,981,1034
87404,982,1036
87405,986,1039
87406,988,1038
87407,986,1036
87408,983,1034
87409,981,1036
87410,979,1038
87411,984,1037
87412,988,1038
87413,986,1036
87414,983,1035
87415,981,1035
87416,979,1038
87417,983,1039
87418,985,1040
87419,986,1036
87420,982,1034
87421,980,1036
87422,984,1040
87423,986,1044
87424,986,1045
87425,985,1040
87426,984,1039
87427,981,1039
87428,982,1042
87429,985,1044
87430,986,1043
87431,985,1041
87432,981,1039
87433,979,1041
87434,980,1042
87435,979,1044
87436,981,1042
87437,982,1041
87438,979,1037
87439,976,1037
87440,975,1037
87441,979,1042
87442,983,1042
87443,978,1039
87444,973,1037
87445,972,1037
87446,974,1039
87447,977,1042
87448,982,1040
87449,976,1037
87450,973,1034
87451,970,1037
87452,972,1039
87453,973,1044
87454,977,1043
87455,978,1040
87456,974,1039
87457,974,1038
87458,973,1042
87459,974,1044
87460,977,1043
87461,978,1043
87462,976,1042
87463,977,1042
87464,976,1042
87465,978,1045
87466,980,1045
87467,978,1042
87468,978,1043
87469,976,1040
87470,978,1041
87471,980,1046
87472,983,1046
87473,984,1044
87474,980,1040
87475,978,1040
87476,978,1043
87477,978,1044
87478,980,1041
87479,980,1038
87480,977,1036
87481,976,1035
87482,976,1040
87483,980,1042
87484,981,1042
87485,978,1039
87486,979,1037
87487,976,1038
87488,977,1041
87489,981,1043
87490,981,1042
87491,978,1040
87492,976,1038
87493,972,1040
87494,971,1041
87495,976,1042
87496,981,1043
87497,978,1043
87498,975,1041
87499,972,1041
87500,973,1042
87501,976,1045
87502,977,1045
87503,977,1040
87504,976,1039
87505,975,1039
87506,976,1040
87507,978,1045
87508,977,1043
87509,979,1042
87510,978,1040
87511,975,1042
87512,978,1042
87513,981,1042
87514,982,1042
87515,979,1037
87516,979,1037
87517,976,1035
87518,976,1038
87519,981,1042
87520,984,1041
87521,982,1035
87522,977,1033
87523,976,1035
87524,980,1036
87525,981,1041
87526,982,1038
87527,980,1036
87528,978,1035
87529,975,1035
87530,976,1037
87531,982,1038
87532,983,1039
87533,983,1036
87534,979,1035
87535,976,1036
87536,976,1039
87537,978,1043
87538,981,1043
87539,979,1039
87540,976,1040
87541,973,1039
87542,974,1041
87543,977,1044
87544,981,1047
87545,980,1044
87546,979,1043
87547,978,1040
87548,980,1041
87549,983,1043
87550,983,1043
87551,982,1042
87552,980,1037
87553,984,1038
87554,986,1039
87555,993,1041
87556,998,1036
87557,1002,1031
87558,1008,1027
87559,1020,1025
87560,1039,1024
87561,1063,1023
87562,1089,1023
87563,1116,1017
87564,1145,1009
87565,1172,1002
87566,1208,998
87567,1238,998
87568,1271,1005
87569,1294,1014
87570,1297,1024
87571,1276,1034
87572,1247,1042
87573,1201,1047
87574,1157,1051
87575,1107,1053
87576,1056,1053
87577,1010,1056
87578,981,1057
87579,974,1055
87580,976,1053
87581,982,1045
87582,984,1038
87583,982,1036
87584,981,1036
87585,984,1036
87586,985,1037
87587,981,1036
87588,977,1035
87589,973,1036
87590,974,1038
87591,974,1040
87592,975,1043
87593,974,1038
87594,970,1040
87595,968,1041
87596,969,1045
87597,969,1046
87598,968,1045
87599,965,1042
87600,961,1041
87601,959,1042
87602,958,1047
87603,963,1047
87604,961,1048
87605,963,1047
87606,960,1043
87607,960,1043
87608,961,1046
87609,963,1046
87610,962,1048
87611,962,1044
87612,958,1043
87613,958,1042
87614,958,1045
87615,962,1048
87616,963,1049
87617,964,1044
87618,960,1043
87619,960,1042
87620,963,1046
87621,967,1047
87622,969,1047
87623,969,1045
87624,966,1043
87625,964,1041
87626,967,1044
87627,971,1046
87628,976,1046
87629,972,1043
87630,970,1041
87631,968,1043
87632,972,1044
87633,974,1043
87634,979,1045
87635,977,1042
87636,976,1039
87637,974,1041
87638,979,1043
87639,980,1040
87640,981,1038
87641,982,1037
87642,979,1036
87643,979,1035
87644,981,1035
87645,983,1037
87646,986,1035
87647,988,1034
87648,984,1030
87649,982,1029
87650,988,1030
87651,992,1032
87652,992,1032
87653,993,1029
87654,992,1026
87655,990,1024
87656,992,1028
87657,996,1025
87658,999,1028
87659,999,1023
87660,997,1018
87661,1000,1020
87662,1003,1019
87663,1008,1023
87664,1009,1021
87665,1007,1019
87666,1006,1016
87667,1002,1018
87668,1006,1018
87669,1008,1019
87670,1013,1015
87671,1012,1013
87672,1013,1010
87673,1011,1011
87674,1013,1017
87675,1015,1019
87676,1018,1016
87677,1017,1017
87678,1017,1012
87679,1017,1014
87680,1017,1016
87681,1021,1020
87682,1026,1022
87683,1023,1021
87684,1019,1018
87685,1019,1021
87686,1020,1025
87687,1019,1032
87688,1016,1029
87689,1015,1027
87690,1010,1028
87691,1007,1027
87692,1003,1031
87693,1003,1037
87694,1001,1037
87695,999,1039
87696,994,1033
87697,991,1036
87698,990,1038
87699,991,1041
87700,991,1040
87701,987,1039
87702,985,1039
87703,982,1041
87704,981,1042
87705,986,1046
87706,984,1044
87707,983,1045
87708,981,1041
87709,979,1044
87710,980,1048
87711,982,1049
87712,980,1047
87713,980,1045
87714,976,1041
87715,974,1043
87716,980,1046
87717,983,1051
87718,987,1048
87719,985,1047
87720,985,1046
87721,988,1048
87722,992,1051
87723,1000,1055
87724,1006,1053
87725,1011,1051
87726,1011,1052
87727,1016,1051
87728,1022,1055
87729,1033,1054
87730,1047,1050
87731,1056,1040
87732,1065,1028
87733,1075,1016
87734,1086,1007
87735,1102,998
87736,1117,986
87737,1127,973
87738,1145,956
87739,1160,945
87740,1172,933
87741,1191,918
87742,1211,901
87743,1228,886
87744,1243,867
87745,1253,858
87746,1264,852
87747,1269,849
87748,1269,850
87749,1261,847
87750,1256,844
87751,1250,845
87752,1248,846
87753,1243,850
87754,1236,847
87755,1219,845
87756,1199,844
87757,1176,852
87758,1156,859
87759,1136,868
87760,1114,876
87761,1090,885
87762,1069,895
87763,1053,910
87764,1046,923
87765,1044,940
87766,1042,949
87767,1031,956
87768,1027,959
87769,1026,970
87770,1037,982
87771,1051,994
87772,1065,999
87773,1075,1004
87774,1072,1006
87775,1061,1016
87776,1045,1023
87777,1024,1031
87778,1000,1036
87779,977,1042
87780,955,1048
87781,942,1058
87782,933,1067
87783,933,1078
87784,931,1084
87785,925,1085
87786,916,1083
87787,913,1082
87788,912,1086
87789,910,1093
87790,906,1089
87791,904,1091
87792,897,1093
87793,892,1092
87794,892,1095
87795,892,1099
87796,894,1098
87797,889,1099
87798,887,1095
87799,883,1097
87800,884,1097
87801,884,1100
87802,885,1100
87803,882,1101
87804,878,1102
87805,873,1106
87806,877,1111
87807,876,1115
87808,877,1114
87809,873,1112
87810,871,1109
87811,871,1114
87812,872,1116
87813,875,1119
87814,872,1118
87815,871,1119
87816,871,1117
87817,871,1119
87818,872,1125
87819,874,1125
87820,874,1130
87821,871,1127
87822,866,1127
87823,866,1129
87824,865,1135
87825,869,1138
87826,873,1139
87827,870,1138
87828,868,1136
87829,867,1139
87830,869,1145
87831,872,1151
87832,872,1149
87833,872,1149
87834,872,1146
87835,871,1145
87836,872,1148
87837,875,1153
87838,878,1154
87839,876,1151
87840,877,1145
87841,878,1147
87842,884,1149
87843,889,1150
87844,893,1148
87845,895,1145
87846,893,1141
87847,895,1140
87848,899,1140
87849,904,1142
87850,909,1136
87851,913,1130
87852,916,1124
87853,919,1125
87854,922,1124
87855,925,1122
87856,933,1117
87857,934,1110
87858,936,1104
87859,936,1099
87860,942,1099
87861,945,1098
87862,948,1093
87863,950,1086
87864,949,1080
87865,948,1077
87866,952,1075
87867,955,1077
87868,956,1072
87869,952,1066
87870,953,1058
87871,951,1061
87872,952,1061
87873,954,1059
87874,955,1059
87875,957,1056
87876,955,1051
87877,953,1051
87878,954,1052
87879,957,1054
87880,957,1052
87881,957,1049
87882,953,1045
87883,952,1045
87884,956,1050
87885,955,1052
87886,960,1052
87887,957,1049
87888,959,1044
87889,955,1045
87890,956,1049
87891,959,1053
87892,965,1051
87893,965,1045
87894,959,1044
87895,957,1043
87896,959,1046
87897,961,1046
87898,962,1044
87899,963,1044
87900,961,1042
87901,960,1044
87902,964,1045
87903,966,1047
87904,966,1045
87905,966,1046
87906,963,1043
87907,961,1043
87908,964,1046
87909,965,1049
87910,969,1047
87911,966,1046
87912,963,1044
87913,963,1046
87914,963,1048
87915,966,1048
87916,968,1048
87917,961,1049
87918,960,1044
87919,959,1047
87920,960,1050
87921,964,1051
87922,964,1048
87923,963,1047
87924,959,1043
87925,957,1040
87926,958,1046
87927,961,1046
87928,960,1044
87929,959,1044
87930,959,1040
87931,958,1043
87932,960,1046
87933,958,1049
87934,961,1048
87935,956,1045
87936,952,1037
87937,950,1041
87938,953,1041
87939,956,1042
87940,958,1044
87941,959,1044
87942,957,1041
87943,955,1041
87944,958,1042
87945,959,1047
87946,959,1045
87947,955,1045
87948,955,1042
87949,957,1040
87950,957,1043
87951,960,1049
87952,956,1047
87953,953,1046
87954,950,1046
87955,954,1045
87956,953,1046
87957,959,1050
87958,961,1050
87959,960,1046
87960,955,1043
87961,956,1048
87962,960,1048
87963,964,1053
87964,965,1050
87965,961,1047
87966,960,1046
87967,960,1043
87968,959,1047
87969,962,1046
87970,963,1044
87971,962,1041
87972,959,1037
87973,959,1039
87974,959,1042
87975,960,1045
87976,960,1045
87977,960,1041
87978,960,1037
87979,957,1038
87980,959,1040
87981,965,1045
87982,964,1044
87983,961,1042
87984,957,1041
87985,958,1040
87986,958,1043
87987,964,1045
87988,963,1044
87989,961,1042
87990,958,1038
87991,956,1039
87992,957,1041
87993,961,1042
87994,963,1041
87995,958,1040
87996,955,1039
87997,954,1040
87998,954,1045
87999,958,1044
88000,959,1043
88001,957,1043
88002,956,1039
88003,955,1039
88004,957,1043
88005,957,1045
88006,961,1046
88007,961,1042
88008,958,1041
88009,954,1040
88010,957,1042
88011,961,1043
88012,961,1042
88013,961,1040
88014,958,1036
88015,955,1037
88016,954,1039
88017,957,1042
88018,960,1043
88019,961,1040
88020,957,1038
88021,957,1038
88022,959,1044
88023,963,1046
88024,965,1043
88025,965,1039
88026,963,1039
88027,961,1041
88028,959,1043
88029,965,1048
88030,967,1048
88031,963,1048
88032,959,1043
88033,960,1042
88034,962,1043
88035,965,1049
88036,968,1047
88037,967,1044
88038,965,1044
88039,962,1042
88040,965,1043
88041,965,1045
88042,968,1044
88043,965,1042
88044,963,1042
88045,963,1043
88046,964,1044
88047,965,1043
88048,967,1042
88049,967,1037
88050,963,1034
88051,960,1034
88052,961,1038
88053,965,1040
88054,967,1038
88055,968,1039
88056,964,1037
88057,959,1037
88058,960,1040
88059,964,1039
88060,965,1036
88061,962,1034
88062,957,1030
88063,959,1033
88064,962,1033
88065,966,1038
88066,965,1037
88067,962,1037
88068,961,1034
88069,959,1033
88070,962,1034
88071,967,1038
88072,965,1037
88073,961,1036
88074,964,1033
88075,962,1035
88076,966,1035
88077,968,1038
88078,971,1039
88079,969,1035
88080,967,1034
88081,967,1034
88082,970,1037
88083,970,1040
88084,974,1037
88085,970,1035
88086,967,1031
88087,968,1036
88088,973,1037
88089,975,1039
88090,978,1038
88091,979,1033
88092,974,1033
88093,973,1032
88094,978,1035
88095,984,1034
88096,991,1028
88097,993,1025
88098,1000,1021
88099,1010,1021
88100,1028,1018
88101,1054,1019
88102,1085,1013
88103,1117,1003
88104,1146,994
88105,1180,993
88106,1209,1000
88107,1240,1015
88108,1254,1031
88109,1247,1045
88110,1219,1049
88111,1177,1052
88112,1130,1055
88113,1085,1060
88114,1035,1066
88115,986,1071
88116,942,1079
88117,927,1086
88118,934,1089
88119,947,1080
88120,955,1067
88121,955,1055
88122,955,1047
88123,959,1045
88124,960,1046
88125,960,1046
88126,960,1044
88127,958,1037
88128,953,1033
88129,951,1033
88130,954,1038
88131,957,1037
88132,959,1040
88133,959,1035
88134,955,1035
88135,952,1034
88136,952,1035
88137,953,1037
88138,956,1033
88139,954,1030
88140,951,1028
88141,949,1029
88142,950,1032
88143,952,1034
88144,952,1033
88145,951,1031
88146,951,1027
88147,948,1028
88148,945,1033
88149,951,1034
88150,953,1034
88151,950,1030
88152,947,1026
88153,946,1027
88154,948,1029
88155,951,1032
88156,950,1031
88157,950,1030
88158,948,1026
88159,944,1029
88160,949,1028
88161,954,1029
88162,955,1031
88163,956,1029
88164,951,1025
88165,948,1024
88166,948,1027
88167,953,1030
88168,956,1028
88169,954,1024
88170,951,1021
88171,952,1021
88172,956,1024
88173,963,1027
88174,962,1024
88175,964,1020
88176,958,1016
88177,961,1015
88178,964,1018
88179,968,1021
88180,967,1018
88181,968,1015
88182,965,1011
88183,966,1015
88184,967,1017
88185,973,1017
88186,976,1014
88187,974,1010
88188,973,1006
88189,971,1003
88190,975,1005
88191,977,1008
88192,980,1006
88193,980,1002
88194,976,997
88195,974,995
88196,977,996
88197,981,1001
88198,980,1002
88199,982,1000
88200,980,996
88201,981,998
88202,986,1000
88203,989,1002
88204,993,999
88205,993,996
88206,988,995
88207,987,997
88208,991,998
88209,995,1002
88210,994,999
88211,993,998
88212,992,999
88213,991,1004
88214,990,1005
88215,991,1009
88216,994,1010
88217,994,1010
88218,990,1009
88219,988,1012
88220,990,1017
88221,990,1020
88222,992,1021
88223,991,1025
88224,985,1023
88225,978,1026
88226,979,1028
88227,982,1034
88228,985,1034
88229,985,1033
88230,979,1032
88231,978,1033
88232,978,1037
88233,980,1043
88234,979,1041
88235,975,1037
88236,971,1035
88237,973,1034
88238,973,1037
88239,974,1040
88240,977,1039
88241,974,1042
88242,971,1039
88243,970,1038
88244,972,1041
88245,975,1042
88246,978,1040
88247,973,1037
88248,970,1037
88249,970,1037
88250,972,1040
88251,974,1043
88252,975,1040
88253,974,1039
88254,974,1038
88255,972,1038
88256,976,1041
88257,977,1043
88258,982,1042
88259,980,1041
88260,979,1038
88261,976,1037
88262,977,1041
88263,980,1042
88264,982,1041
88265,985,1038
88266,983,1033
88267,980,1032
88268,983,1037
88269,985,1035
88270,990,1034
88271,990,1031
88272,986,1031
88273,984,1032
88274,990,1034
88275,990,1036
88276,992,1035
88277,991,1033
88278,986,1032
88279,985,1032
88280,989,1033
88281,993,1035
88282,991,1033
88283,987,1029
88284,986,1029
88285,988,1029
88286,987,1030
88287,992,1034
88288,992,1032
88289,989,1031
88290,988,1028
88291,985,1030
88292,984,1034
88293,988,1037
88294,990,1036
88295,987,1033
88296,986,1027
88297,983,1032
88298,986,1034
88299,987,1036
88300,989,1034
88301,986,1033
88302,982,1031
88303,980,1031
88304,982,1033
88305,987,1036
88306,986,1036
88307,986,1034
88308,980,1032
88309,978,1033
88310,978,1034
88311,982,1039
88312,981,1036
88313,982,1034
88314,979,1034
88315,979,1034
88316,981,1038
88317,984,1039
88318,987,1037
88319,989,1034
88320,989,1033
88321,985,1033
88322,989,1034
88323,993,1036
88324,998,1033
88325,1002,1026
88326,1004,1024
88327,1012,1023
88328,1030,1022
88329,1049,1023
88330,1073,1019
88331,1098,1010
88332,1123,1004
88333,1161,997
88334,1199,994
88335,1234,1002
88336,1262,1010
88337,1280,1023
88338,1280,1035
88339,1262,1044
88340,1230,1052
88341,1184,1055
88342,1128,1060
88343,1066,1064
88344,1005,1074
88345,964,1083
88346,946,1089
88347,955,1089
88348,967,1077
88349,972,1061
88350,973,1049
88351,975,1043
88352,979,1041
88353,981,1041
88354,977,1037
88355,974,1031
88356,971,1030
88357,969,1031
88358,967,1031
88359,974,1035
88360,975,1033
88361,971,1030
88362,967,1028
88363,965,1031
88364,966,1032
88365,968,1033
88366,971,1032
88367,969,1031
88368,965,1029
88369,962,1027
88370,964,1032
88371,965,1036
88372,965,1035
88373,968,1032
88374,963,1032
88375,962,1029
88376,963,1031
88377,967,1034
88378,967,1031
88379,966,1027
88380,965,1027
88381,960,1028
88382,963,1029
88383,965,1031
88384,967,1031
88385,967,1029
88386,962,1028
88387,963,1032
88388,964,1033
88389,966,1034
88390,969,1033
88391,967,1028
88392,966,1025
88393,966,1029
88394,967,1030
88395,974,1031
88396,975,1030
88397,973,1024
88398,969,1022
88399,971,1020
88400,970,1020
88401,976,1023
88402,978,1019
88403,975,1016
88404,973,1012
88405,973,1013
88406,975,1013
88407,981,1016
88408,984,1012
88409,985,1010
88410,980,1007
88411,982,1004
88412,984,1007
88413,988,1011
88414,991,1004
88415,994,1001
88416,991,996
88417,988,992
88418,992,995
88419,998,994
88420,1000,990
88421,1001,988
88422,999,986
88423,1002,988
88424,1005,991
88425,1007,992
88426,1012,991
88427,1011,987
88428,1006,987
88429,1008,986
88430,1009,987
88431,1011,990
88432,1014,992
88433,1013,992
88434,1011,989
88435,1009,989
88436,1013,992
88437,1017,997
88438,1017,998
88439,1017,994
88440,1015,994
88441,1013,997
88442,1015,1000
88443,1015,1008
88444,1013,1006
88445,1008,1007
88446,1004,1008
88447,1000,1013
88448,999,1014
88449,999,1018
88450,999,1022
88451,995,1020
88452,991,1019
88453,984,1021
88454,985,1026
88455,985,1030
88456,987,1028
88457,986,1029
88458,981,1026
88459,980,1028
88460,977,1034
88461,978,1038
88462,979,1036
88463,977,1036
88464,974,1033
88465,970,1037
88466,971,1035
88467,974,1040
88468,976,1039
88469,975,1037
88470,974,1039
88471,973,1041
88472,973,1042
88473,977,1045
88474,981,1044
88475,980,1043
88476,980,1042
88477,980,1042
88478,981,1046
88479,984,1047
88480,987,1048
88481,987,1046
88482,986,1043
88483,985,1043
88484,985,1043
88485,988,1045
88486,993,1042
88487,992,1039
88488,989,1037
88489,987,1036
88490,990,1040
88491,992,1041
88492,993,1040
88493,993,1035
88494,991,1032
88495,992,1032
88496,992,1032
88497,994,1036
88498,994,1033
88499,994,1030
88500,993,1026
88501,992,1028
88502,991,1033
88503,993,1036
88504,994,1035
88505,992,1032
88506,990,1029
88507,984,1028
88508,988,1031
88509,992,1032
88510,991,1029
88511,991,1029
88512,989,1028
88513,986,1028
88514,989,1031
88515,991,1032
88516,990,1030
88517,988,1031
88518,987,1028
88519,986,1030
88520,987,1030
88521,992,1036
88522,990,1033
88523,988,1033
88524,985,1028
88525,987,1028
88526,988,1030
88527,989,1033
88528,991,1030
88529,993,1029
88530,987,1026
88531,986,1031
88532,986,1032
88533,990,1033
88534,992,1029
88535,990,1026
88536,988,1026
88537,986,1028
88538,991,1032
88539,992,1033
88540,991,1030
88541,992,1028
88542,990,1024
88543,987,1025
88544,990,1030
88545,992,1029
88546,992,1030
88547,990,1027
88548,989,1026
88549,985,1027
88550,986,1031
88551,991,1031
88552,993,1029
88553,992,1027
88554,989,1026
88555,987,1027
88556,987,1032
88557,990,1035
88558,990,1032
88559,990,1029
88560,988,1027
88561,986,1027
88562,990,1028
88563,991,1034
88564,991,1034
88565,989,1032
88566,988,1030
88567,986,1029
88568,989,1035
88569,990,1034
88570,990,1033
88571,990,1031
88572,988,1027
88573,987,1030
88574,990,1034
88575,993,1035
88576,996,1034
88577,995,1029
88578,993,1026
88579,990,1027
88580,993,1028
88581,997,1031
88582,1001,1028
88583,999,1021
88584,1003,1017
88585,1008,1017
88586,1019,1019
88587,1036,1017
88588,1053,1013
88589,1075,1009
88590,1102,999
88591,1134,994
88592,1174,989
88593,1212,989
88594,1242,993
88595,1270,1002
88596,1284,1013
88597,1282,1027
88598,1259,1036
88599,1218,1038
88600,1170,1042
88601,1115,1046
88602,1061,1052
88603,1012,1056
88604,981,1060
88605,976,1058
88606,984,1050
88607,987,1039
88608,990,1029
88609,987,1024
88610,989,1028
88611,989,1031
88612,989,1030
88613,988,1026
88614,985,1025
88615,983,1023
88616,983,1026
88617,983,1032
88618,982,1028
88619,980,1027
88620,975,1024
88621,975,1026
88622,974,1031
88623,979,1030
88624,979,1029
88625,976,1024
88626,972,1022
88627,971,1023
88628,972,1028
88629,974,1031
88630,977,1030
88631,974,1028
88632,972,1024
88633,970,1026
88634,970,1028
88635,973,1028
88636,972,1028
88637,974,1028
88638,969,1024
88639,967,1026
88640,971,1030
88641,975,1032
88642,976,1032
88643,974,1029
88644,971,1027
88645,973,1029
88646,974,1028
88647,978,1033
88648,980,1030
88649,982,1028
88650,980,1026
88651,977,1027
88652,979,1028
88653,982,1032
88654,982,1029
88655,981,1024
88656,979,1025
88657,980,1026
88658,983,1027
88659,985,1027
88660,986,1027
88661,987,1022
88662,986,1021
88663,985,1019
88664,989,1019
88665,993,1021
88666,995,1016
88667,994,1011
88668,991,1007
88669,992,1008
88670,995,1009
88671,999,1007
88672,1002,1004
88673,998,1002
88674,999,996
88675,998,998
88676,1000,1002
88677,1003,1004
88678,1005,1000
88679,1006,996
88680,1002,994
88681,1003,996
88682,1005,995
88683,1007,998
88684,1010,993
88685,1010,991
88686,1007,986
88687,1007,991
88688,1010,992
88689,1011,993
88690,1014,994
88691,1014,991
88692,1013,989
88693,1014,991
88694,1017,996
88695,1020,999
88696,1021,999
88697,1016,1000
88698,1016,998
88699,1017,1005
88700,1017,1006
88701,1019,1008
88702,1018,1009
88703,1016,1010
88704,1014,1009
88705,1011,1010
88706,1014,1017
88707,1013,1022
88708,1014,1023
88709,1011,1023
88710,1006,1019
88711,1002,1020
88712,1001,1023
88713,1001,1027
88714,1001,1027
88715,997,1024
88716,994,1021
88717,990,1022
88718,990,1026
88719,994,1030
88720,993,1031
88721,993,1028
88722,986,1023
88723,985,1026
88724,988,1029
88725,991,1032
88726,992,1033
88727,989,1031
88728,985,1026
88729,986,1029
88730,987,1029
88731,991,1035
88732,995,1034
88733,995,1033
88734,997,1030
88735,1001,1032
88736,1008,1035
88737,1014,1041
88738,1019,1040
88739,1023,1041
88740,1027,1042
88741,1033,1039
88742,1047,1036
88743,1060,1027
88744,1075,1010
88745,1088,995
88746,1101,980
88747,1112,970
88748,1130,961
88749,1142,953
88750,1157,936
88751,1171,917
88752,1184,897
88753,1200,882
88754,1218,871
88755,1235,861
88756,1243,849
88757,1246,844
88758,1240,844
88759,1232,846
88760,1232,848
88761,1228,848
88762,1221,844
88763,1208,841
88764,1187,841
88765,1165,846
88766,1144,857
88767,1125,870
88768,1105,878
88769,1083,891
88770,1063,901
88771,1050,915
88772,1046,928
88773,1047,942
88774,1044,947
88775,1039,951
88776,1033,959
88777,1036,973
88778,1048,984
88779,1063,991
88780,1081,993
88781,1084,997
88782,1073,1001
88783,1047,1010
88784,1014,1020
88785,986,1029
88786,967,1039
88787,954,1044
88788,946,1051
88789,938,1061
88790,936,1063
88791,934,1068
88792,929,1069
88793,922,1071
88794,918,1068
88795,914,1070
88796,913,1073
88797,914,1078
88798,912,1077
88799,907,1077
88800,903,1074
88801,898,1075
88802,899,1079
88803,902,1083
88804,898,1080
88805,898,1078
88806,892,1078
88807,887,1085
88808,888,1084
88809,889,1089
88810,889,1090
88811,889,1090
88812,885,1089
88813,882,1096
88814,882,1098
88815,884,1103
88816,886,1104
88817,884,1103
88818,885,1102
88819,883,1106
88820,886,1112
88821,888,1115
88822,891,1118
88823,887,1120
88824,884,1116
88825,886,1118
88826,886,1121
88827,890,1127
88828,890,1128
88829,890,1127
88830,887,1127
88831,887,1125
88832,889,1127
88833,893,1133
88834,896,1134
88835,896,1131
88836,895,1129
88837,894,1128
88838,898,1129
88839,903,1130
88840,904,1132
88841,906,1126
88842,904,1119
88843,904,1122
88844,910,1123
88845,917,1123
88846,920,1116
88847,922,1114
88848,923,1110
88849,925,1108
88850,930,1106
88851,937,1102
88852,940,1101
88853,941,1094
88854,944,1089
88855,943,1086
88856,944,1080
88857,953,1082
88858,957,1077
88859,955,1071
88860,953,1065
88861,957,1063
88862,958,1063
88863,962,1063
88864,966,1059
88865,966,1051
88866,964,1050
88867,963,1047
88868,965,1044
88869,968,1046
88870,968,1046
88871,970,1041
88872,966,1038
88873,965,1040
88874,964,1039
88875,969,1042
88876,972,1039
88877,971,1034
88878,968,1032
88879,966,1033
88880,967,1036
88881,973,1037
88882,975,1033
88883,973,1032
88884,971,1029
88885,971,1030
88886,970,1031
88887,973,1033
88888,974,1035
88889,973,1030
88890,969,1029
88891,969,1028
88892,971,1031
88893,975,1036
88894,977,1031
88895,975,1028
88896,972,1025
88897,971,1024
88898,972,1025
88899,977,1026
88900,980,1022
88901,977,1019
88902,976,1016
88903,976,1017
88904,979,1018
88905,984,1023
88906,984,1021
88907,982,1020
88908,979,1018
88909,977,1018
88910,980,1023
88911,980,1025
88912,979,1024
88913,979,1024
88914,975,1021
88915,973,1023
88916,976,1023
88917,979,1025
88918,982,1026
88919,981,1024
88920,978,1021
88921,974,1022
88922,976,1025
88923,981,1027
88924,982,1026
88925,980,1024
88926,976,1024
88927,976,1023
88928,976,1028
88929,979,1030
88930,981,1028
88931,982,1027
88932,976,1024
88933,974,1026
88934,974,1028
88935,981,1031
88936,981,1030
88937,980,1029
88938,978,1026
88939,975,1027
88940,977,1027
88941,980,1029
88942,979,1029
88943,978,1026
88944,974,1023
88945,973,1023
88946,975,1025
88947,978,1026
88948,980,1022
88949,982,1022
88950,979,1020
88951,976,1022
88952,979,1024
88953,980,1027
88954,982,1025
88955,980,1021
88956,979,1021
88957,976,1022
88958,979,1024
88959,983,1029
88960,984,1029
88961,982,1028
88962,979,1022
88963,978,1026
88964,978,1028
88965,981,1030
88966,981,1032
88967,983,1027
88968,981,1024
88969,981,1029
88970,982,1029
88971,981,1028
88972,983,1026
88973,981,1023
88974,976,1024
88975,975,1022
88976,976,1024
88977,979,1027
88978,982,1023
88979,978,1023
88980,976,1018
88981,974,1020
88982,976,1023
88983,980,1024
88984,984,1023
88985,983,1023
88986,983,1021
88987,980,1022
88988,982,1023
88989,978,1025
88990,981,1026
88991,981,1023
88992,983,1020
88993,981,1022
88994,982,1025
88995,984,1028
88996,985,1025
88997,984,1023
88998,981,1020
88999,981,1023
89000,981,1026
89001,985,1026
89002,986,1026
89003,986,1024
89004,982,1024
89005,984,1026
89006,986,1029
89007,989,1029
89008,987,1029
89009,984,1026
89010,982,1027
89011,983,1027
89012,984,1028
89013,987,1030
89014,987,1030
89015,987,1030
89016,983,1025
89017,980,1029
89018,983,1030
89019,986,1033
89020,987,1029
89021,990,1027
89022,984,1025
89023,984,1025
89024,986,1027
89025,985,1027
89026,983,1025
89027,982,1021
89028,981,1018
89029,983,1019
89030,986,1022
89031,989,1025
89032,987,1023
89033,983,1019
89034,982,1016
89035,981,1020
89036,984,1022
89037,988,1026
89038,988,1023
89039,987,1021
89040,983,1019
89041,980,1019
89042,983,1023
89043,987,1023
89044,988,1025
89045,985,1023
89046,986,1021
89047,984,1022
89048,986,1025
89049,986,1029
89050,990,1028
89051,986,1025
89052,983,1025
89053,985,1025
89054,985,1026
89055,988,1028
89056,989,1027
89057,988,1026
89058,986,1024
89059,988,1027
89060,987,1028
89061,991,1030
89062,992,1028
89063,989,1024
89064,984,1024
89065,983,1024
89066,984,1027
89067,988,1033
89068,988,1033
89069,985,1030
89070,981,1025
89071,980,1024
89072,985,1025
89073,987,1029
89074,989,1024
89075,988,1023
89076,986,1021
89077,986,1022
89078,987,1022
89079,990,1026
89080,990,1024
89081,987,1021
89082,985,1018
89083,987,1023
89084,988,1026
89085,991,1028
89086,992,1027
89087,991,1023
89088,989,1020
89089,990,1022
89090,989,1026
89091,993,1028
89092,995,1026
89093,991,1024
89094,991,1020
89095,991,1021
89096,991,1024
89097,994,1026
89098,995,1026
89099,997,1025
89100,993,1024
89101,991,1026
89102,994,1028
89103,997,1032
89104,1002,1030
89105,998,1028
89106,993,1024
89107,994,1027
89108,996,1031
89109,996,1031
89110,1000,1030
89111,998,1027
89112,994,1024
89113,995,1023
89114,995,1021
89115,997,1022
89116,998,1023
89117,998,1022
89118,994,1020
89119,994,1020
89120,998,1024
89121,998,1026
89122,997,1025
89123,996,1020
89124,997,1018
89125,994,1018
89126,995,1022
89127,997,1024
89128,997,1024
89129,997,1023
89130,995,1022
89131,991,1023
89132,997,1024
89133,1002,1026
89134,1005,1027
89135,1001,1025
89136,997,1019
89137,997,1023
89138,1001,1025
89139,1005,1028
89140,1004,1027
89141,1003,1025
89142,998,1021
89143,997,1022
89144,1001,1028
89145,1004,1027
89146,1006,1025
89147,1005,1022
89148,1003,1021
89149,1003,1023
89150,1006,1023
89151,1009,1026
89152,1012,1026
89153,1012,1024
89154,1010,1020
89155,1010,1024
89156,1013,1025
89157,1019,1027
89158,1022,1024
89159,1029,1018
89160,1039,1015
89161,1054,1014
89162,1073,1015
89163,1098,1015
89164,1125,1007
89165,1155,994
89166,1185,985
89167,1215,984
89168,1247,991
89169,1274,1002
89170,1287,1014
89171,1278,1023
89172,1251,1025
89173,1206,1029
89174,1156,1034
89175,1107,1045
89176,1049,1049
89177,1006,1048
89178,985,1044
89179,987,1041
89180,1000,1035
89181,1010,1032
89182,1009,1025
89183,1003,1022
89184,997,1016
89185,996,1018
89186,992,1019
89187,995,1021
89188,995,1023
89189,993,1020
89190,990,1019
89191,987,1019
89192,988,1022
89193,991,1023
89194,990,1023
89195,989,1023
89196,986,1020
89197,985,1024
89198,985,1024
89199,987,1029
89200,987,1029
89201,988,1025
89202,984,1024
89203,985,1026
89204,985,1028
89205,991,1030
89206,991,1030
89207,990,1028
89208,989,1023
89209,987,1029
89210,990,1033
89211,992,1033
89212,992,1033
89213,992,1030
89214,989,1028
89215,988,1029
89216,990,1032
89217,992,1031
89218,995,1033
89219,992,1028
89220,987,1024
89221,987,1024
89222,989,1026
89223,992,1026
89224,992,1026
89225,991,1025
89226,988,1025
89227,989,1023
89228,993,1022
89229,995,1023
89230,996,1022
89231,996,1020
89232,993,1017
89233,992,1020
89234,996,1018
89235,1000,1023
89236,1002,1018
89237,1001,1015
89238,1001,1012
89239,1002,1013
89240,1005,1015
89241,1008,1016
89242,1008,1014
89243,1005,1011
89244,1003,1011
89245,1004,1010
89246,1009,1014
89247,1013,1013
89248,1016,1013
89249,1015,1010
89250,1012,1008
89251,1013,1009
89252,1019,1011
89253,1021,1012
89254,1023,1007
89255,1023,1002
89256,1021,1000
89257,1022,1005
89258,1026,1008
89259,1028,1007
89260,1026,1003
89261,1029,1000
89262,1025,996
89263,1028,998
89264,1030,1000
89265,1034,1003
89266,1036,1001
89267,1036,998
89268,1036,998
89269,1037,997
89270,1040,998
89271,1042,1002
89272,1045,1002
89273,1042,999
89274,1042,1000
89275,1039,1003
89276,1040,1006
89277,1042,1009
89278,1042,1008
89279,1037,1007
89280,1034,1003
89281,1031,1010
89282,1033,1012
89283,1036,1017
89284,1036,1018
89285,1031,1016
89286,1027,1017
89287,1023,1018
89288,1026,1023
89289,1025,1027
89290,1024,1025
89291,1023,1025
89292,1017,1021
89293,1014,1027
89294,1017,1030
89295,1015,1032
89296,1016,1030
89297,1010,1029
89298,1010,1026
89299,1008,1027
89300,1009,1029
89301,1010,1030
89302,1011,1028
89303,1008,1027
89304,1008,1023
89305,1006,1024
89306,1008,1027
89307,1012,1027
89308,1014,1024
89309,1010,1021
89310,1007,1022
89311,1007,1023
89312,1012,1023
89313,1014,1026
89314,1015,1023
89315,1015,1021
89316,1013,1019
89317,1011,1020
89318,1019,1021
89319,1024,1021
89320,1027,1020
89321,1025,1017
89322,1022,1014
89323,1023,1014
89324,1024,1016
89325,1027,1013
89326,1022,1007
89327,1016,1001
89328,1012,994
89329,1012,988
89330,1012,987
89331,1013,983
89332,1009,970
89333,995,949
89334,981,924
89335,960,903
89336,933,879
89337,906,857
89338,879,833
89339,857,808
89340,846,795
89341,842,786
89342,846,783
89343,851,780
89344,857,776
89345,861,775
89346,863,783
89347,866,800
89348,873,818
89349,878,840
89350,879,851
89351,880,860
89352,880,865
89353,880,872
89354,886,878
89355,889,886
89356,893,891
89357,896,894
89358,898,897
89359,905,906
89360,916,915
89361,925,925
89362,931,930
89363,933,933
89364,942,940
89365,947,947
89366,956,960
89367,969,973
89368,979,986
89369,984,991
89370,985,999
89371,992,1008
89372,1001,1018
89373,1008,1028
89374,1013,1038
89375,1017,1048
89376,1021,1056
89377,1024,1065
89378,1031,1071
89379,1035,1077
89380,1038,1081
89381,1040,1080
89382,1038,1082
89383,1040,1085
89384,1042,1089
89385,1050,1091
89386,1054,1092
89387,1055,1091
89388,1054,1089
89389,1054,1092
89390,1058,1093
89391,1065,1096
89392,1071,1099
89393,1072,1096
89394,1070,1097
89395,1072,1101
89396,1078,1103
89397,1084,1106
89398,1089,1109
89399,1090,1108
89400,1091,1107
89401,1091,1109
89402,1098,1114
89403,1105,1119
89404,1113,1117
89405,1114,1117
89406,1116,1118
89407,1118,1118
89408,1127,1123
89409,1137,1127
89410,1144,1128
89411,1147,1128
89412,1150,1128
89413,1152,1129
89414,1160,1136
89415,1170,1138
89416,1177,1140
89417,1181,1138
89418,1186,1140
89419,1189,1144
89420,1195,1146
89421,1205,1152
89422,1210,1151
89423,1216,1153
89424,1218,1151
89425,1219,1156
89426,1225,1159
89427,1232,1160
89428,1236,1154
89429,1237,1151
89430,1236,1148
89431,1235,1146
89432,1236,1149
89433,1240,1146
89434,1241,1143
89435,1235,1137
89436,1230,1135
89437,1228,1131
89438,1226,1131
89439,1226,1126
89440,1220,1119
89441,1212,1114
89442,1203,1108
89443,1199,1105
89444,1194,1105
89445,1189,1099
89446,1179,1092
89447,1171,1084
89448,1163,1080
89449,1156,1078
89450,1148,1074
89451,1141,1073
89452,1135,1069
89453,1122,1063
89454,1112,1057
89455,1104,1055
89456,1101,1054
89457,1098,1055
89458,1092,1049
89459,1085,1042
89460,1074,1039
89461,1069,1039
89462,1066,1041
89463,1064,1042
89464,1061,1037
89465,1055,1034
89466,1048,1032
89467,1039,1029
89468,1037,1032
89469,1035,1033
89470,1035,1031
89471,1028,1030
89472,1026,1029
89473,1020,1030
89474,1021,1031
89475,1022,1035
89476,1021,1034
89477,1020,1029
89478,1013,1030
89479,1013,1029
89480,1012,1032
89481,1014,1030
89482,1015,1028
89483,1011,1025
89484,1007,1023
89485,1005,1023
89486,1009,1027
89487,1012,1028
89488,1011,1029
89489,1007,1027
89490,1001,1024
89491,1001,1023
89492,1004,1025
89493,1006,1027
89494,1004,1024
89495,1003,1024
89496,997,1022
89497,994,1023
89498,998,1023
89499,1003,1030
89500,1001,1025
89501,999,1023
89502,995,1020
89503,993,1023
89504,996,1025
89505,1000,1025
89506,1000,1024
89507,995,1022
89508,990,1019
89509,991,1021
89510,996,1024
89511,997,1027
89512,998,1027
89513,997,1024
89514,992,1024
89515,993,1025
89516,993,1026
89517,995,1031
89518,995,1030
89519,993,1028
89520,987,1027
89521,988,1029
89522,991,1030
89523,993,1033
89524,991,1033
89525,990,1026
89526,987,1020
89527,984,1021
89528,986,1024
89529,991,1024
89530,989,1022
89531,985,1019
89532,984,1017
89533,983,1019
89534,982,1022
89535,987,1023
89536,985,1024
89537,983,1020
89538,979,1015
89539,980,1018
89540,981,1021
89541,984,1025
89542,981,1023
89543,983,1022
89544,978,1022
89545,978,1023
89546,981,1022
89547,984,1024
89548,984,1021
89549,983,1021
89550,981,1020
89551,979,1020
89552,981,1023
89553,984,1026
89554,984,1023
89555,980,1020
89556,980,1021
89557,980,1022
89558,982,1028
89559,984,1029
89560,982,1026
89561,980,1024
89562,980,1022
89563,978,1023
89564,982,1028
89565,979,1032
89566,982,1030
89567,980,1026
89568,979,1026
89569,979,1026
89570,981,1029
89571,985,1030
89572,987,1026
89573,985,1022
89574,982,1019
89575,982,1016
89576,982,1018
89577,986,1020
89578,986,1018
89579,983,1014
89580,978,1014
89581,976,1017
89582,981,1017
89583,984,1019
89584,986,1019
89585,981,1017
89586,978,1016
89587,976,1018
89588,972,1019
89589,976,1024
89590,979,1023
89591,979,1021
89592,980,1016
89593,978,1018
89594,978,1020
89595,977,1023
89596,980,1023
89597,978,1021
89598,976,1021
89599,975,1021
89600,976,1021
89601,979,1025
89602,981,1024
89603,981,1022
89604,978,1020
89605,975,1025
89606,978,1023
89607,980,1027
89608,981,1027
89609,981,1023
89610,981,1022
89611,979,1025
89612,981,1028
89613,983,1029
89614,982,1028
89615,980,1021
89616,978,1020
89617,977,1025
89618,975,1028
89619,978,1027
89620,979,1027
89621,978,1021
89622,976,1017
89623,979,1017
89624,979,1020
89625,981,1019
89626,980,1018
89627,979,1017
89628,978,1015
89629,978,1015
89630,981,1017
89631,986,1018
89632,989,1018
89633,985,1015
89634,982,1013
89635,982,1017
89636,983,1020
89637,984,1022
89638,986,1019
89639,984,1016
89640,981,1016
89641,980,1015
89642,984,1016
89643,987,1019
89644,988,1017
89645,987,1016
89646,984,1017
89647,983,1019
89648,989,1017
89649,992,1022
89650,996,1019
89651,993,1016
89652,994,1018
89653,990,1019
89654,994,1020
89655,997,1017
89656,1003,1014
89657,1008,1011
89658,1015,1006
89659,1025,1004
89660,1042,1005
89661,1062,1005
89662,1087,997
89663,1111,985
89664,1136,975
89665,1167,972
89666,1196,980
89667,1223,993
89668,1243,1010
89669,1244,1023
89670,1226,1027
89671,1195,1028
89672,1156,1032
89673,1113,1039
89674,1066,1050
89675,1014,1052
89676,977,1057
89677,959,1058
89678,965,1058
89679,974,1050
89680,979,1038
89681,979,1029
89682,981,1020
89683,980,1020
89684,982,1020
89685,982,1021
89686,982,1021
89687,981,1019
89688,976,1015
89689,972,1016
89690,970,1017
89691,974,1021
89692,977,1023
89693,975,1020
89694,972,1020
89695,969,1018
89696,971,1022
89697,971,1022
89698,971,1020
89699,970,1021
89700,968,1017
89701,968,1017
89702,971,1020
89703,974,1022
89704,973,1021
89705,972,1017
89706,967,1015
89707,969,1018
89708,969,1019
89709,971,1020
89710,970,1020
89711,968,1018
89712,964,1017
89713,964,1017
89714,968,1018
89715,970,1023
89716,973,1020
89717,970,1020
89718,964,1016
89719,962,1018
89720,965,1020
89721,969,1020
89722,968,1017
89723,969,1018
89724,968,1016
89725,968,1020
89726,970,1020
89727,973,1020
89728,977,1020
89729,973,1018
89730,971,1016
89731,973,1015
89732,975,1015
89733,977,1016
89734,978,1015
89735,975,1015
89736,975,1013
89737,974,1012
89738,976,1016
89739,980,1019
89740,984,1015
89741,983,1014
89742,979,1009
89743,978,1011
89744,982,1013
89745,985,1014
89746,986,1011
89747,985,1007
89748,984,1005
89749,985,1001
89750,988,1007
89751,992,1005
89752,995,1004
89753,991,1000
89754,989,997
89755,990,998
89756,993,999
89757,997,998
89758,997,995
89759,995,992
89760,992,985
89761,990,987
89762,992,987
89763,994,987
89764,995,986
89765,996,986
89766,994,981
89767,992,983
89768,996,986
89769,1001,987
89770,1003,985
89771,1002,984
89772,1000,985
89773,1002,984
89774,1008,987
89775,1010,990
89776,1011,985
89777,1011,989
89778,1013,988
89779,1012,991
89780,1015,992
89781,1018,996
89782,1017,997
89783,1017,994
89784,1014,995
89785,1013,998
89786,1015,1002
89787,1017,1006
89788,1015,1007
89789,1015,1008
89790,1009,1005
89791,1007,1010
89792,1009,1014
89793,1010,1020
89794,1011,1022
89795,1007,1021
89796,1005,1021
89797,1002,1022
89798,1005,1025
89799,1007,1029
89800,1005,1026
89801,1000,1026
89802,1001,1024
89803,1000,1028
89804,1000,1032
89805,1000,1034
89806,1000,1029
89807,1000,1029
89808,997,1026
89809,996,1029
89810,999,1032
89811,1001,1031
89812,1001,1029
89813,1000,1029
89814,995,1025
89815,995,1029
89816,998,1033
89817,999,1034
89818,999,1030
89819,996,1027
89820,992,1026
89821,994,1030
89822,996,1031
89823,1000,1033
89824,1000,1031
89825,998,1029
89826,995,1027
89827,997,1028
89828,998,1030
89829,1001,1030
89830,1001,1030
89831,998,1027
89832,994,1026
89833,994,1026
89834,997,1028
89835,1003,1031
89836,1002,1027
89837,1002,1025
89838,998,1022
89839,999,1023
89840,1002,1026
89841,1001,1030
89842,1003,1026
89843,1001,1025
89844,997,1022
89845,999,1023
89846,1003,1028
89847,1003,1027
89848,1004,1025
89849,1005,1023
89850,1001,1021
89851,1004,1023
89852,1004,1025
89853,1006,1027
89854,1009,1027
89855,1005,1025
89856,1005,1021
89857,1002,1021
89858,1006,1023
89859,1009,1023
89860,1007,1023
89861,1007,1020
89862,1006,1017
89863,1003,1020
89864,1005,1023
89865,1011,1025
89866,1010,1026
89867,1008,1020
89868,1003,1019
89869,1003,1021
89870,1005,1022
89871,1006,1023
89872,1005,1026
89873,1004,1022
89874,1000,1020
89875,999,1021
89876,1001,1021
89877,1002,1024
89878,1002,1022
89879,999,1021
89880,1000,1020
89881,998,1021
89882,998,1025
89883,1001,1026
89884,1002,1026
89885,999,1023
89886,997,1023
89887,995,1026
89888,996,1029
89889,999,1029
89890,1002,1029
89891,1000,1027
89892,998,1026
89893,998,1026
89894,1000,1029
89895,1005,1030
89896,1006,1028
89897,1004,1025
89898,1000,1024
89899,1000,1024
89900,1002,1025
89901,1005,1027
89902,1004,1025
89903,1004,1022
89904,1000,1019
89905,1001,1021
89906,1005,1024
89907,1009,1027
89908,1007,1030
89909,1013,1025
89910,1012,1024
89911,1014,1020
89912,1023,1019
89913,1034,1021
89914,1045,1018
89915,1055,1014
89916,1070,1011
89917,1088,1010
89918,1116,1005
89919,1151,997
89920,1185,989
89921,1218,982
89922,1243,986
89923,1266,999
89924,1279,1017
89925,1279,1030
89926,1256,1035
89927,1216,1032
89928,1169,1034
89929,1112,1045
89930,1058,1060
89931,1016,1068
89932,985,1068
89933,979,1065
89934,978,1053
89935,983,1045
89936,990,1039
89937,993,1035
89938,995,1029
89939,992,1023
89940,987,1023
89941,986,1024
89942,988,1027
89943,991,1028
89944,992,1028
89945,988,1024
89946,985,1021
89947,984,1023
89948,982,1025
89949,987,1027
89950,986,1025
89951,984,1021
89952,980,1020
89953,980,1021
89954,981,1024
89955,983,1028
89956,984,1024
89957,982,1020
89958,977,1020
89959,975,1021
89960,978,1024
89961,980,1028
89962,980,1024
89963,980,1024
89964,980,1022
89965,978,1023
89966,980,1025
89967,983,1027
89968,985,1027
89969,983,1026
89970,979,1022
89971,982,1024
89972,982,1027
89973,985,1027
89974,988,1024
89975,988,1021
89976,984,1021
89977,983,1022
89978,988,1023
89979,990,1026
89980,992,1022
89981,991,1021
89982,985,1017
89983,988,1021
89984,992,1023
89985,996,1022
89986,996,1022
89987,995,1019
89988,995,1018
89989,995,1016
89990,994,1020
89991,1001,1016
89992,1001,1014
89993,1001,1011
89994,1000,1008
89995,998,1008
89996,1001,1008
89997,1007,1008
89998,1008,1009
89999,1007,1002
90000,1006,999
90001,1009,997
90002,1011,997
90003,1012,999
90004,1012,995
90005,1011,993
90006,1010,989
90007,1011,990
90008,1012,994
90009,1017,993
90010,1020,992
90011,1015,991
90012,1017,989
90013,1017,989
90014,1021,994
90015,1024,993
90016,1022,990
90017,1022,989
90018,1020,988
90019,1023,992
90020,1024,996
90021,1026,999
90022,1025,998
90023,1024,999
90024,1021,998
90025,1020,1002
90026,1024,1006
90027,1023,1012
90028,1025,1012
90029,1022,1013
90030,1015,1011
90031,1015,1017
90032,1016,1021
90033,1017,1026
90034,1016,1026
90035,1011,1024
90036,1008,1023
90037,1006,1026
90038,1005,1030
90039,1005,1031
90040,1004,1028
90041,1000,1025
90042,996,1026
90043,992,1027
90044,996,1028
90045,995,1031
90046,996,1030
90047,993,1029
90048,989,1026
90049,987,1029
90050,986,1030
90051,987,1031
90052,990,1028
90053,987,1028
90054,985,1025
90055,984,1026
90056,990,1026
90057,993,1030
90058,992,1030
90059,992,1029
90060,987,1027
90061,987,1028
90062,987,1029
90063,990,1033
90064,990,1033
90065,991,1028
90066,988,1027
90067,987,1028
90068,986,1035
90069,991,1034
90070,995,1036
90071,995,1032
90072,992,1029
90073,992,1031
90074,995,1033
90075,997,1034
90076,998,1035
90077,995,1033
90078,993,1032
90079,991,1031
90080,993,1035
90081,997,1034
90082,998,1032
90083,997,1030
90084,996,1029
90085,992,1030
90086,997,1035
90087,998,1035
90088,1000,1035
90089,997,1030
90090,993,1027
90091,991,1026
90092,994,1030
90093,996,1033
90094,995,1030
90095,993,1030
90096,990,1027
90097,992,1029
90098,992,1032
90099,994,1033
90100,992,1029
90101,993,1025
90102,990,1025
90103,990,1026
90104,993,1026
90105,996,1031
90106,995,1028
90107,992,1025
90108,990,1023
90109,989,1025
90110,991,1028
90111,997,1031
90112,996,1030
90113,994,1031
90114,993,1029
90115,993,1030
90116,994,1033
90117,994,1035
90118,995,1034
90119,992,1031
90120,990,1030
90121,989,1031
90122,993,1034
90123,995,1038
90124,996,1035
90125,993,1032
90126,991,1029
90127,991,1032
90128,993,1034
90129,996,1037
90130,995,1034
90131,990,1034
90132,987,1032
90133,988,1032
90134,992,1038
90135,996,1039
90136,994,1035
90137,991,1033
90138,987,1031
90139,985,1034
90140,987,1034
90141,986,1034
90142,985,1033
90143,984,1029
90144,983,1030
90145,984,1031
90146,985,1030
90147,987,1030
90148,987,1026
90149,981,1024
90150,981,1026
90151,981,1023
90152,984,1028
90153,990,1027
90154,991,1025
90155,987,1025
90156,984,1024
90157,984,1026
90158,988,1029
90159,989,1031
90160,988,1031
90161,988,1029
90162,986,1027
90163,983,1030
90164,987,1031
90165,991,1033
90166,989,1032
90167,991,1031
90168,988,1027
90169,987,1029
90170,986,1032
90171,989,1034
90172,986,1033
90173,988,1030
90174,984,1028
90175,986,1032
90176,984,1031
90177,987,1032
90178,991,1032
90179,987,1029
90180,986,1024
90181,984,1029
90182,987,1030
90183,990,1031
90184,987,1030
90185,986,1028
90186,982,1026
90187,980,1029
90188,983,1035
90189,985,1034
90190,985,1035
90191,984,1030
90192,982,1031
90193,983,1030
90194,985,1033
90195,987,1036
90196,986,1032
90197,980,1032
90198,977,1028
90199,976,1030
90200,979,1033
90201,981,1034
90202,977,1033
90203,979,1031
90204,976,1027
90205,975,1029
90206,978,1032
90207,980,1035
90208,980,1032
90209,980,1027
90210,975,1026
90211,974,1030
90212,979,1031
90213,980,1033
90214,981,1034
90215,978,1033
90216,975,1029
90217,976,1031
90218,979,1035
90219,984,1038
90220,984,1035
90221,982,1033
90222,979,1033
90223,982,1033
90224,982,1038
90225,987,1039
90226,984,1036
90227,986,1032
90228,983,1029
90229,982,1033
90230,985,1034
90231,987,1036
90232,989,1034
90233,986,1029
90234,984,1025
90235,981,1027
90236,984,1025
90237,987,1027
90238,987,1025
90239,988,1020
90240,986,1018
90241,985,1020
90242,987,1023
90243,988,1026
90244,988,1021
90245,986,1021
90246,984,1018
90247,982,1022
90248,983,1021
90249,984,1024
90250,984,1022
90251,982,1020
90252,981,1022
90253,980,1023
90254,983,1026
90255,986,1026
90256,984,1026
90257,983,1023
90258,979,1023
90259,979,1025
90260,980,1027
90261,984,1028
90262,984,1029
90263,984,1024
90264,982,1024
90265,983,1026
90266,983,1029
90267,986,1030
90268,987,1028
90269,985,1027
90270,984,1024
90271,983,1026
90272,985,1029
90273,989,1033
90274,989,1031
90275,986,1028
90276,980,1027
90277,983,1030
90278,984,1031
90279,987,1034
90280,987,1031
90281,986,1029
90282,986,1027
90283,986,1031
90284,990,1031
90285,989,1029
90286,990,1027
90287,990,1028
90288,986,1026
90289,986,1028
90290,991,1028
90291,992,1027
90292,991,1028
90293,989,1024
90294,988,1023
90295,988,1026
90296,990,1028
90297,993,1027
90298,992,1025
90299,987,1024
90300,986,1023
90301,987,1022
90302,989,1025
90303,991,1026
90304,990,1024
90305,987,1023
90306,985,1023
90307,985,1025
90308,988,1028
90309,990,1028
90310,992,1026
90311,987,1023
90312,985,1023
90313,986,1021
90314,988,1027
90315,993,1028
90316,994,1028
90317,991,1025
90318,990,1024
90319,991,1027
90320,995,1028
90321,997,1031
90322,999,1027
90323,996,1027
90324,997,1023
90325,996,1023
90326,1004,1025
90327,1008,1023
90328,1017,1017
90329,1022,1013
90330,1028,1009
90331,1045,1012
90332,1064,1010
90333,1088,1010
90334,1112,1005
90335,1135,994
90336,1159,984
90337,1185,980
90338,1213,983
90339,1241,989
90340,1260,995
90341,1265,1007
90342,1256,1018
90343,1230,1022
90344,1194,1028
90345,1152,1036
90346,1109,1040
90347,1063,1043
90348,1022,1044
90349,995,1045
90350,987,1046
90351,992,1041
90352,998,1032
90353,999,1025
90354,995,1023
90355,991,1023
90356,994,1025
90357,994,1026
90358,992,1025
90359,988,1022
90360,984,1022
90361,982,1022
90362,983,1024
90363,984,1023
90364,984,1021
90365,982,1019
90366,978,1021
90367,976,1021
90368,976,1025
90369,980,1028
90370,978,1024
90371,975,1021
90372,973,1023
90373,970,1024
90374,976,1027
90375,978,1031
90376,979,1029
90377,976,1026
90378,973,1027
90379,974,1027
90380,977,1032
90381,977,1032
90382,979,1029
90383,977,1028
90384,973,1030
90385,973,1033
90386,974,1034
90387,980,1035
90388,980,1033
90389,981,1031
90390,978,1032
90391,977,1031
90392,981,1034
90393,984,1035
90394,985,1033
90395,984,1031
90396,979,1028
90397,981,1030
90398,984,1031
90399,987,1035
90400,988,1031
90401,986,1029
90402,985,1028
90403,987,1027
90404,989,1030
90405,995,1030
90406,993,1027
90407,990,1025
90408,989,1023
90409,992,1023
90410,994,1024
90411,998,1024
90412,1001,1022
90413,998,1021
90414,994,1014
90415,998,1018
90416,999,1017
90417,1005,1020
90418,1005,1017
90419,1004,1013
90420,1003,1012
90421,1005,1011
90422,1007,1012
90423,1013,1014
90424,1014,1009
90425,1012,1007
90426,1011,1006
90427,1010,1009
90428,1015,1010
90429,1019,1014
90430,1019,1011
90431,1019,1006
90432,1017,1007
90433,1018,1007
90434,1020,1009
90435,1022,1010
90436,1025,1011
90437,1024,1008
90438,1023,1007
90439,1025,1008
90440,1028,1011
90441,1031,1013
90442,1032,1008
90443,1031,1005
90444,1027,1004
90445,1027,1007
90446,1029,1011
90447,1034,1013
90448,1031,1013
90449,1031,1009
90450,1028,1006
90451,1025,1011
90452,1027,1014
90453,1029,1018
90454,1027,1018
90455,1022,1014
90456,1017,1016
90457,1019,1015
90458,1020,1021
90459,1020,1024
90460,1017,1025
90461,1014,1024
90462,1008,1022
90463,1007,1024
90464,1008,1030
90465,1005,1030
90466,1004,1030
90467,1001,1025
90468,996,1024
90469,994,1026
90470,996,1031
90471,995,1033
90472,993,1031
90473,991,1030
90474,987,1028
90475,985,1028
90476,986,1034
90477,991,1039
90478,991,1037
90479,989,1032
90480,983,1033
90481,984,1036
90482,988,1037
90483,989,1039
90484,991,1035
90485,990,1035
90486,985,1034
90487,984,1035
90488,988,1036
90489,992,1039
90490,991,1035
90491,992,1033
90492,990,1033
90493,990,1035
90494,991,1039
90495,994,1041
90496,993,1038
90497,994,1035
90498,988,1034
90499,988,1034
90500,990,1036
90501,994,1037
90502,996,1035
90503,995,1033
90504,992,1032
90505,993,1036
90506,997,1035
90507,998,1036
90508,998,1033
90509,994,1031
90510,993,1027
90511,995,1030
90512,996,1030
90513,999,1031
90514,1002,1032
90515,999,1028
90516,997,1026
90517,993,1029
90518,996,1031
90519,1002,1032
90520,1002,1032
90521,1000,1029
90522,995,1026
90523,998,1027
90524,997,1032
90525,1001,1033
90526,1000,1031
90527,997,1027
90528,993,1026
90529,992,1029
90530,996,1031
90531,996,1034
90532,994,1031
90533,992,1028
90534,987,1027
90535,988,1029
90536,988,1033
90537,993,1035
90538,995,1034
90539,992,1031
90540,990,1030
90541,992,1032
90542,993,1035
90543,997,1035
90544,996,1034
90545,995,1031
90546,993,1030
90547,992,1031
90548,995,1035
90549,996,1038
90550,995,1036
90551,995,1035
90552,991,1032
90553,995,1035
90554,994,1035
90555,999,1040
90556,1000,1035
90557,997,1034
90558,994,1032
90559,995,1034
90560,996,1036
90561,999,1039
90562,1000,1039
90563,997,1036
90564,997,1032
90565,997,1034
90566,1000,1035
90567,1002,1037
90568,1003,1037
90569,1000,1035
90570,999,1033
90571,1002,1034
90572,1003,1035
90573,1009,1036
90574,1008,1030
90575,1014,1027
90576,1015,1023
90577,1021,1025
90578,1037,1023
90579,1049,1024
90580,1067,1021
90581,1087,1017
90582,1110,1010
90583,1138,1002
90584,1174,994
90585,1204,992
90586,1233,994
90587,1250,1001
90588,1257,1017
90589,1254,1030
90590,1236,1036
90591,1207,1041
90592,1163,1040
90593,1112,1049
90594,1060,1057
90595,1010,1067
90596,975,1075
90597,965,1076
90598,966,1070
90599,973,1059
90600,976,1049
90601,978,1045
90602,983,1042
90603,986,1043
90604,988,1040
90605,983,1038
90606,980,1036
90607,979,1037
90608,981,1040
90609,983,1041
90610,983,1041
90611,981,1039
90612,977,1036
90613,972,1038
90614,976,1042
90615,976,1041
90616,980,1040
90617,978,1041
90618,974,1037
90619,974,1038
90620,977,1042
90621,976,1041
90622,978,1040
90623,975,1038
90624,974,1034
90625,972,1039
90626,974,1040
90627,977,1042
90628,976,1039
90629,974,1038
90630,971,1037
90631,971,1036
90632,975,1040
90633,979,1040
90634,977,1038
90635,973,1035
90636,972,1033
90637,971,1037
90638,973,1038
90639,976,1039
90640,976,1035
90641,974,1034
90642,975,1032
90643,976,1034
90644,979,1034
90645,982,1033
90646,984,1031
90647,977,1031
90648,977,1027
90649,978,1030
90650,981,1029
90651,988,1030
90652,986,1027
90653,986,1025
90654,982,1024
90655,983,1025
90656,989,1026
90657,993,1028
90658,995,1023
90659,995,1021
90660,996,1019
90661,996,1020
90662,998,1020
90663,1005,1020
90664,1005,1017
90665,1004,1013
90666,1004,1011
90667,1004,1011
90668,1009,1011
90669,1011,1012
90670,1014,1008
90671,1013,1006
90672,1009,1003
90673,1011,1003
90674,1013,1006
90675,1018,1004
90676,1017,1002
90677,1016,1002
90678,1015,999
90679,1017,999
90680,1017,1002
90681,1020,1002
90682,1019,1000
90683,1017,999
90684,1016,995
90685,1016,998
90686,1017,1000
90687,1018,1002
90688,1019,1002
90689,1015,999
90690,1012,1002
90691,1010,1006
90692,1010,1007
90693,1013,1011
90694,1013,1012
90695,1008,1013
90696,1001,1013
90697,1001,1016
90698,1001,1021
90699,1005,1025
90700,1000,1023
90701,996,1024
90702,992,1023
90703,990,1027
90704,990,1030
90705,993,1032
90706,990,1033
90707,985,1033
90708,981,1035
90709,982,1037
90710,983,1039
90711,983,1042
90712,983,1040
90713,981,1039
90714,975,1039
90715,974,1043
90716,974,1046
90717,977,1046
90718,979,1047
90719,976,1044
90720,970,1045
90721,971,1045
90722,974,1048
90723,978,1049
90724,978,1049
90725,975,1043
90726,974,1043
90727,973,1043
90728,975,1048
90729,977,1047
90730,978,1046
90731,975,1043
90732,973,1042
90733,973,1044
90734,974,1046
90735,978,1047
90736,976,1044
90737,974,1040
90738,972,1036
90739,972,1038
90740,977,1041
90741,979,1046
90742,978,1043
90743,979,1039
90744,974,1037
90745,977,1040
90746,978,1043
90747,982,1044
90748,984,1041
90749,982,1040
90750,978,1037
90751,978,1040
90752,983,1042
90753,984,1042
90754,981,1042
90755,978,1036
90756,978,1035
90757,976,1039
90758,979,1042
90759,982,1045
90760,982,1041
90761,979,1041
90762,976,1039
90763,980,1042
90764,981,1041
90765,984,1045
90766,983,1041
90767,982,1040
90768,979,1039
90769,979,1042
90770,982,1043
90771,983,1045
90772,981,1043
90773,980,1039
90774,976,1039
90775,978,1041
90776,979,1044
90777,981,1045
90778,980,1045
90779,980,1042
90780,976,1041
90781,977,1043
90782,979,1044
90783,982,1047
90784,981,1044
90785,977,1042
90786,975,1039
90787,976,1044
90788,978,1044
90789,981,1044
90790,978,1041
90791,978,1038
90792,978,1038
90793,978,1040
90794,978,1042
90795,984,1044
90796,983,1042
90797,980,1039
90798,978,1038
90799,981,1040
90800,981,1042
90801,986,1040
90802,987,1039
90803,985,1035
90804,985,1036
90805,989,1034
90806,991,1036
90807,1000,1034
90808,1008,1031
90809,1018,1025
90810,1030,1026
90811,1047,1025
90812,1075,1021
90813,1109,1013
90814,1143,1004
90815,1175,996
90816,1203,996
90817,1228,1008
90818,1248,1025
90819,1246,1040
90820,1227,1045
90821,1188,1046
90822,1139,1050
90823,1089,1062
90824,1038,1076
90825,989,1086
90826,962,1088
90827,954,1081
90828,960,1069
90829,968,1060
90830,974,1059
90831,979,1053
90832,978,1047
90833,974,1047
90834,970,1044
90835,971,1047
90836,972,1046
90837,972,1044
90838,969,1046
90839,966,1042
90840,963,1040
90841,963,1040
90842,965,1042
90843,966,1042
90844,966,1043
90845,963,1036
90846,959,1036
90847,958,1037
90848,960,1040
90849,963,1042
90850,963,1040
90851,960,1036
90852,958,1036
90853,957,1038
90854,958,1042
90855,963,1041
90856,962,1041
90857,959,1039
90858,957,1038
90859,954,1040
90860,961,1042
90861,963,1042
90862,961,1042
90863,959,1040
90864,957,1038
90865,958,1041
90866,960,1042
90867,962,1044
90868,962,1043
90869,963,1039
90870,961,1039
90871,962,1039
90872,962,1041
90873,967,1041
90874,968,1038
90875,967,1037
90876,963,1037
90877,965,1036
90878,969,1037
90879,974,1037
90880,973,1035
90881,974,1030
90882,971,1028
90883,970,1027
90884,975,1030
90885,980,1029
90886,984,1028
90887,979,1022
90888,980,1023
90889,983,1020
90890,986,1022
90891,991,1022
90892,990,1017
90893,990,1016
90894,988,1014
90895,990,1013
90896,994,1014
90897,996,1013
90898,997,1008
90899,996,1007
90900,995,1007
90901,993,1004
90902,997,1008
90903,1001,1005
90904,1000,1005
90905,999,1003
90906,998,1000
90907,997,1004
90908,1001,1007
90909,1006,1009
90910,1003,1008
90911,1001,1005
90912,999,1007
90913,1000,1008
90914,1000,1017
90915,1002,1020
90916,1002,1020
90917,1000,1018
90918,997,1021
90919,994,1022
90920,993,1028
90921,997,1033
90922,993,1033
90923,987,1033
90924,983,1033
90925,983,1035
90926,981,1040
90927,984,1043
90928,983,1042
90929,979,1042
90930,976,1041
90931,973,1045
90932,977,1048
90933,978,1049
90934,974,1047
90935,972,1048
90936,971,1046
90937,970,1049
90938,973,1051
90939,975,1052
90940,973,1053
90941,970,1049
90942,968,1048
90943,968,1052
90944,970,1053
90945,973,1054
90946,972,1052
90947,968,1047
90948,964,1047
90949,962,1048
90950,966,1049
90951,968,1052
90952,967,1050
90953,966,1046
90954,964,1045
90955,967,1048
90956,971,1049
90957,970,1050
90958,971,1047
90959,968,1046
90960,967,1043
90961,966,1044
90962,971,1047
90963,974,1049
90964,974,1049
90965,971,1046
90966,970,1044
90967,969,1045
90968,974,1049
90969,975,1049
90970,974,1047
90971,974,1045
90972,972,1045
90973,972,1050
90974,974,1048
90975,979,1048
90976,978,1044
90977,978,1042
90978,974,1042
90979,975,1044
90980,977,1044
90981,982,1045
90982,981,1044
90983,976,1037
90984,974,1039
90985,974,1042
90986,976,1046
90987,981,1047
90988,980,1044
90989,978,1040
90990,976,1041
90991,974,1043
90992,976,1050
90993,980,1051
90994,976,1048
90995,974,1044
90996,973,1042
90997,971,1044
90998,976,1047
90999,977,1048
91000,976,1046
91001,973,1042
91002,974,1042
91003,973,1044
91004,975,1045
91005,976,1046
91006,974,1043
91007,975,1044
91008,972,1041
91009,972,1045
91010,974,1043
91011,975,1045
91012,975,1044
91013,972,1044
91014,970,1043
91015,970,1045
91016,971,1047
91017,974,1049
91018,972,1048
91019,974,1044
91020,971,1044
91021,973,1046
91022,974,1047
91023,978,1048
91024,977,1047
91025,975,1046
91026,972,1043
91027,972,1044
91028,972,1046
91029,976,1048
91030,977,1046
91031,976,1043
91032,971,1041
91033,973,1047
91034,975,1045
91035,980,1045
91036,977,1041
91037,978,1039
91038,975,1039
91039,975,1041
91040,978,1042
91041,981,1042
91042,980,1041
91043,979,1040
91044,975,1037
91045,976,1040
91046,984,1042
91047,987,1043
91048,983,1043
91049,980,1042
91050,980,1041
91051,980,1041
91052,982,1047
91053,990,1046
91054,992,1042
91055,993,1039
91056,990,1036
91057,997,1035
91058,1003,1037
91059,1019,1037
91060,1032,1030
91061,1044,1025
91062,1064,1019
91063,1094,1016
91064,1128,1009
91065,1159,1002
91066,1188,995
91067,1213,996
91068,1230,1008
91069,1241,1025
91070,1243,1040
91071,1219,1046
91072,1178,1045
91073,1129,1050
91074,1078,1059
91075,1028,1073
91076,988,1081
91077,965,1084
91078,962,1076
91079,964,1064
91080,969,1052
91081,973,1046
91082,974,1048
91083,974,1047
91084,973,1042
91085,968,1042
91086,965,1039
91087,967,1042
91088,968,1045
91089,970,1046
91090,967,1044
91091,961,1039
91092,959,1039
91093,960,1041
91094,961,1045
91095,966,1043
91096,963,1045
91097,963,1042
91098,960,1040
91099,961,1041
91100,962,1045
91101,965,1045
91102,967,1044
91103,964,1043
91104,959,1039
91105,958,1040
91106,959,1044
91107,966,1044
91108,964,1042
91109,964,1039
91110,957,1036
91111,957,1040
91112,960,1042
91113,963,1044
91114,964,1041
91115,960,1038
91116,958,1036
91117,959,1039
91118,962,1039
91119,963,1039
91120,964,1038
91121,966,1035
91122,961,1035
91123,961,1034
91124,965,1034
91125,967,1040
91126,967,1034
91127,967,1032
91128,964,1032
91129,965,1029
91130,970,1034
91131,974,1034
91132,975,1031
91133,973,1028
91134,974,1028
91135,975,1028
91136,982,1029
91137,982,1030
91138,984,1027
91139,982,1022
91140,982,1020
91141,984,1021
91142,989,1021
91143,992,1022
91144,992,1019
91145,992,1013
91146,989,1012
91147,992,1014
91148,994,1016
91149,997,1015
91150,998,1012
91151,998,1012
91152,997,1010
91153,999,1010
91154,1003,1013
91155,1010,1014
91156,1008,1013
91157,1006,1009
91158,1007,1009
91159,1008,1009
91160,1012,1011
91161,1016,1014
91162,1013,1012
91163,1009,1010
91164,1009,1010
91165,1009,1013
91166,1008,1018
91167,1009,1018
91168,1007,1018
91169,1004,1017
91170,1002,1018
91171,1001,1021
91172,1002,1026
91173,1004,1029
91174,1000,1027
91175,993,1027
91176,991,1027
91177,987,1032
91178,986,1036
91179,989,1035
91180,988,1034
91181,984,1036
91182,981,1039
91183,978,1038
91184,979,1043
91185,981,1045
91186,977,1043
91187,977,1040
91188,973,1042
91189,971,1045
91190,971,1048
91191,975,1050
91192,973,1047
91193,970,1046
91194,964,1045
91195,967,1050
91196,970,1053
91197,975,1053
91198,974,1051
91199,972,1049
91200,969,1050
91201,970,1051
91202,971,1056
91203,976,1057
91204,976,1055
91205,975,1049
91206,972,1049
91207,972,1051
91208,977,1053
91209,980,1051
91210,980,1049
91211,978,1046
91212,976,1043
91213,976,1046
91214,977,1048
91215,982,1046
91216,979,1044
91217,978,1042
91218,973,1040
91219,975,1040
91220,977,1043
91221,981,1045
91222,980,1042
91223,977,1040
91224,977,1039
91225,976,1039
91226,979,1042
91227,983,1045
91228,983,1043
91229,981,1038
91230,978,1042
91231,975,1043
91232,979,1042
91233,981,1042
91234,980,1041
91235,978,1041
91236,977,1038
91237,975,1040
91238,980,1042
91239,984,1045
91240,984,1042
91241,979,1042
91242,976,1040
91243,976,1042
91244,976,1046
91245,981,1046
91246,978,1044
91247,979,1042
91248,979,1041
91249,978,1043
91250,979,1047
91251,981,1045
91252,977,1042
91253,975,1041
91254,973,1040
91255,972,1042
91256,975,1044
91257,975,1047
91258,975,1044
91259,974,1044
91260,973,1042
91261,973,1042
91262,977,1044
91263,981,1046
91264,981,1041
91265,977,1037
91266,978,1034
91267,977,1040
91268,979,1041
91269,981,1042
91270,983,1042
91271,979,1037
91272,979,1040
91273,980,1040
91274,984,1043
91275,989,1043
91276,990,1042
91277,991,1038
91278,990,1034
91279,995,1032
91280,1004,1034
91281,1017,1034
91282,1030,1030
91283,1045,1026
91284,1066,1025
91285,1095,1021
91286,1130,1015
91287,1166,1009
91288,1198,1004
91289,1225,1006
91290,1242,1017
91291,1245,1036
91292,1232,1049
91293,1197,1050
91294,1148,1051
91295,1089,1056
91296,1027,1066
91297,983,1076
91298,958,1082
91299,958,1078
91300,961,1067
91301,970,1055
91302,969,1049
91303,972,1044
91304,971,1045
91305,975,1045
91306,972,1044
91307,967,1040
91308,965,1040
91309,963,1044
91310,965,1045
91311,968,1046
91312,963,1047
91313,963,1039
91314,961,1039
91315,961,1041
91316,963,1045
91317,965,1042
91318,963,1041
91319,961,1041
91320,958,1041
91321,955,1041
91322,959,1046
91323,961,1044
91324,961,1042
91325,959,1039
91326,958,1040
91327,958,1044
91328,959,1045
91329,963,1046
91330,966,1044
91331,963,1043
91332,960,1039
91333,962,1043
91334,963,1045
91335,966,1045
91336,963,1045
91337,961,1040
91338,959,1040
91339,960,1041
91340,963,1044
91341,967,1044
91342,966,1039
91343,965,1037
91344,964,1037
91345,965,1038
91346,968,1040
91347,970,1038
91348,970,1035
91349,971,1031
91350,969,1029
91351,971,1029
91352,973,1030
91353,979,1030
91354,978,1029
91355,976,1024
91356,978,1023
91357,983,1024
91358,988,1024
91359,991,1024
91360,991,1022
91361,993,1018
91362,990,1017
91363,992,1018
91364,995,1016
91365,1000,1017
91366,1001,1014
91367,1001,1011
91368,998,1009
91369,1000,1008
91370,1003,1012
91371,1009,1011
91372,1010,1008
91373,1006,1008
91374,1006,1006
91375,1006,1006
91376,1009,1010
91377,1013,1012
91378,1012,1009
91379,1012,1007
91380,1009,1005
91381,1009,1009
91382,1011,1012
91383,1017,1016
91384,1014,1015
91385,1010,1013
91386,1009,1015
91387,1006,1019
91388,1004,1027
91389,1006,1027
91390,1002,1026
91391,999,1025
91392,995,1025
91393,992,1029
91394,991,1033
91395,994,1039
91396,991,1037
91397,985,1037
91398,983,1039
91399,981,1044
91400,983,1050
91401,986,1049
91402,983,1049
91403,979,1045
91404,976,1045
91405,976,1047
91406,975,1051
91407,978,1053
91408,979,1050
91409,976,1046
91410,974,1048
91411,973,1049
91412,975,1052
91413,977,1049
91414,976,1049
91415,975,1049
91416,973,1046
91417,971,1050
91418,972,1051
91419,976,1051
91420,978,1049
91421,977,1046
91422,973,1047
91423,973,1048
91424,976,1051
91425,981,1053
91426,979,1049
91427,978,1046
91428,976,1046
91429,976,1049
91430,978,1050
91431,981,1052
91432,983,1051
91433,980,1049
91434,975,1049
91435,979,1051
91436,985,1053
91437,985,1051
91438,985,1048
91439,983,1047
91440,978,1044
91441,981,1047
91442,982,1049
91443,986,1048
91444,987,1046
91445,981,1044
91446,979,1045
91447,979,1046
91448,981,1049
91449,984,1049
91450,981,1048
91451,980,1045
91452,977,1045
91453,979,1045
91454,981,1049
91455,984,1048
91456,983,1047
91457,981,1045
91458,982,1043
91459,981,1043
91460,982,1046
91461,986,1047
91462,984,1047
91463,979,1041
91464,978,1040
91465,979,1045
91466,981,1049
91467,986,1047
91468,984,1046
91469,980,1043
91470,982,1040
91471,981,1043
91472,983,1048
91473,986,1046
91474,987,1046
91475,985,1042
91476,980,1044
91477,980,1044
91478,985,1048
91479,990,1049
91480,986,1046
91481,984,1044
91482,984,1044
91483,986,1046
91484,988,1050
91485,994,1048
91486,994,1042
91487,994,1042
91488,993,1040
91489,1000,1037
91490,1007,1039
91491,1019,1037
91492,1031,1034
91493,1041,1030
91494,1057,1030
91495,1084,1027
91496,1116,1023
91497,1150,1013
91498,1175,1008
91499,1206,1008
91500,1230,1016
91501,1248,1037
91502,1253,1055
91503,1241,1060
91504,1207,1062
91505,1156,1058
91506,1105,1066
91507,1055,1077
91508,1011,1084
91509,985,1088
91510,971,1084
91511,967,1074
91512,974,1064
91513,980,1056
91514,983,1051
91515,984,1049
91516,982,1048
91517,978,1043
91518,974,1045
91519,972,1048
91520,973,1050
91521,976,1051
91522,973,1049
91523,971,1045
91524,966,1046
91525,967,1047
91526,968,1048
91527,969,1051
91528,968,1047
91529,965,1047
91530,965,1045
91531,962,1046
91532,963,1048
91533,966,1045
91534,965,1046
91535,962,1040
91536,960,1042
91537,958,1040
91538,961,1041
91539,962,1043
91540,963,1040
91541,960,1041
91542,958,1038
91543,962,1041
91544,961,1043
91545,966,1042
91546,963,1041
91547,964,1040
91548,960,1043
91549,961,1043
91550,965,1043
91551,966,1044
91552,966,1043
91553,963,1041
91554,963,1043
91555,964,1043
91556,964,1047
91557,971,1046
91558,970,1045
91559,966,1041
91560,963,1036
91561,966,1040
91562,969,1042
91563,975,1043
91564,973,1037
91565,971,1032
91566,970,1031
91567,974,1030
91568,975,1035
91569,980,1036
91570,979,1029
91571,976,1027
91572,977,1023
91573,979,1027
91574,983,1028
91575,987,1025
91576,987,1022
91577,986,1019
91578,987,1017
91579,987,1017
91580,991,1018
91581,993,1016
91582,994,1010
91583,993,1005
91584,988,1006
91585,993,1008
91586,995,1007
91587,998,1008
91588,999,1003
91589,998,1001
91590,995,1001
91591,996,1005
91592,999,1009
91593,1003,1009
91594,1004,1007
91595,1003,1004
91596,1002,1005
91597,1003,1007
91598,1004,1011
91599,1006,1012
91600,1006,1012
91601,1004,1009
91602,1003,1013
91603,1001,1015
91604,1002,1020
91605,1006,1025
91606,1003,1028
91607,1000,1026
91608,995,1027
91609,993,1032
91610,994,1039
91611,999,1040
91612,992,1042
91613,986,1040
91614,985,1040
91615,985,1043
91616,987,1051
91617,988,1050
91618,987,1050
91619,983,1050
91620,980,1049
91621,979,1050
91622,980,1053
91623,979,1056
91624,980,1055
91625,977,1052
91626,974,1053
91627,975,1056
91628,977,1056
91629,978,1056
91630,980,1052
91631,974,1052
91632,972,1053
91633,973,1055
91634,974,1060
91635,979,1059
91636,978,1056
91637,973,1052
91638,973,1054
91639,971,1054
91640,975,1060
91641,978,1058
91642,977,1057
91643,972,1056
91644,972,1054
91645,975,1056
91646,975,1059
91647,980,1057
91648,981,1056
91649,978,1051
91650,976,1051
91651,978,1052
91652,981,1054
91653,982,1054
91654,981,1054
91655,977,1051
91656,977,1049
91657,979,1051
91658,980,1054
91659,983,1055
91660,983,1049
91661,981,1049
91662,981,1048
91663,982,1050
91664,981,1053
91665,986,1052
91666,985,1050
91667,983,1046
91668,981,1049
91669,984,1052
91670,985,1053
91671,989,1050
91672,987,1050
91673,986,1051
91674,983,1049
91675,979,1050
91676,983,1052
91677,984,1053
91678,986,1051
91679,982,1049
91680,980,1049
91681,981,1051
91682,981,1055
91683,984,1055
91684,983,1052
91685,983,1052
91686,979,1050
91687,979,1052
91688,980,1056
91689,982,1055
91690,984,1056
91691,984,1052
91692,980,1052
91693,980,1054
91694,982,1058
91695,986,1055
91696,984,1055
91697,984,1051
91698,982,1051
91699,982,1053
91700,986,1056
91701,988,1055
91702,988,1051
91703,986,1051
91704,984,1050
91705,986,1050
91706,991,1053
91707,992,1052
91708,994,1048
91709,993,1047
91710,992,1044
91711,995,1046
91712,999,1047
91713,1004,1042
91714,1013,1039
91715,1018,1034
91716,1029,1031
91717,1047,1032
91718,1068,1033
91719,1096,1029
91720,1125,1021
91721,1150,1012
91722,1179,1010
91723,1207,1014
91724,1235,1026
91725,1249,1041
91726,1249,1053
91727,1229,1059
91728,1193,1060
91729,1153,1066
91730,1111,1075
91731,1065,1084
91732,1019,1090
91733,984,1094
91734,963,1093
91735,961,1089
91736,967,1082
91737,977,1075
91738,980,1068
91739,977,1059
91740,974,1057
91741,975,1056
91742,974,1061
91743,977,1058
91744,973,1058
91745,970,1054
91746,965,1053
91747,966,1052
91748,967,1054
91749,969,1051
91750,967,1051
91751,966,1047
91752,962,1046
91753,960,1050
91754,961,1051
91755,962,1054
91756,960,1052
91757,959,1047
91758,955,1047
91759,954,1050
91760,955,1051
91761,960,1051
91762,958,1048
91763,955,1044
91764,953,1044
91765,954,1046
91766,958,1048
91767,961,1047
91768,961,1046
91769,957,1045
91770,956,1044
91771,956,1044
91772,961,1045
91773,963,1046
91774,964,1044
91775,961,1044
91776,957,1044
91777,958,1048
91778,960,1051
91779,962,1051
91780,961,1048
91781,962,1046
91782,957,1045
91783,957,1048
91784,960,1050
91785,963,1050
91786,964,1046
91787,963,1041
91788,962,1042
91789,965,1044
91790,965,1045
91791,968,1045
91792,967,1042
91793,968,1039
91794,963,1039
91795,968,1039
91796,971,1039
91797,975,1037
91798,975,1032
91799,969,1030
91800,971,1026
91801,972,1029
91802,976,1031
91803,981,1029
91804,980,1027
91805,977,1022
91806,977,1020
91807,978,1021
91808,980,1023
91809,985,1019
91810,987,1017
91811,985,1011
91812,983,1009
91813,985,1012
91814,988,1013
91815,992,1012
91816,994,1010
91817,993,1005
91818,991,1006
91819,990,1008
91820,995,1011
91821,1001,1010
91822,1000,1004
91823,999,1003
91824,996,1003
91825,997,1005
91826,1002,1007
91827,1002,1010
91828,1003,1008
91829,997,1005
91830,998,1005
91831,1000,1012
91832,1003,1017
91833,1004,1018
91834,1002,1019
91835,998,1020
91836,996,1023
91837,994,1024
91838,996,1029
91839,997,1032
91840,994,1031
91841,993,1032
91842,989,1033
91843,989,1037
91844,991,1042
91845,991,1045
91846,990,1045
91847,986,1043
91848,982,1044
91849,981,1046
91850,984,1050
91851,988,1051
91852,988,1047
91853,981,1045
91854,978,1044
91855,977,1045
91856,976,1049
91857,979,1048
91858,977,1047
91859,975,1046
91860,973,1045
91861,970,1049
91862,972,1052
91863,976,1053
91864,976,1049
91865,972,1049
91866,970,1049
91867,970,1050
91868,973,1053
91869,975,1054
91870,975,1052
91871,971,1050
91872,969,1052
91873,967,1055
91874,975,1058
91875,975,1058
91876,976,1055
91877,973,1052
91878,968,1049
91879,969,1053
91880,972,1055
91881,977,1055
91882,978,1053
91883,974,1052
91884,973,1052
91885,972,1051
91886,975,1053
91887,978,1052
91888,976,1049
91889,976,1046
91890,973,1047
91891,978,1051
91892,980,1052
91893,985,1051
91894,982,1048
91895,977,1044
91896,978,1043
91897,978,1046
91898,981,1047
91899,982,1045
91900,978,1044
91901,980,1039
91902,976,1038
91903,978,1042
91904,979,1042
91905,982,1043
91906,981,1041
91907,980,1039
91908,977,1038
91909,976,1042
91910,979,1042
91911,982,1041
91912,980,1039
91913,978,1037
91914,975,1039
91915,979,1041
91916,982,1047
91917,983,1044
91918,980,1042
91919,979,1041
91920,975,1043
91921,974,1045
91922,976,1048
91923,981,1050
91924,979,1050
91925,977,1047
91926,973,1047
91927,973,1049
91928,974,1052
91929,978,1051
91930,977,1047
91931,975,1045
91932,974,1046
91933,973,1049
91934,976,1053
91935,979,1051
91936,979,1045
91937,982,1042
91938,981,1043
91939,980,1046
91940,980,1045
91941,981,1047
91942,983,1045
91943,984,1040
91944,981,1042
91945,982,1043
91946,984,1047
91947,988,1043
91948,989,1042
91949,988,1036
91950,989,1035
91951,989,1036
91952,997,1035
91953,1004,1035
91954,1010,1032
91955,1016,1025
91956,1023,1023
91957,1034,1023
91958,1053,1022
91959,1076,1020
91960,1101,1015
91961,1126,1005
91962,1154,999
91963,1183,1001
91964,1211,1011
91965,1233,1024
91966,1243,1040
91967,1236,1054
91968,1215,1061
91969,1179,1059
91970,1138,1062
91971,1098,1068
91972,1048,1078
91973,1001,1086
91974,970,1094
91975,953,1097
91976,954,1097
91977,962,1089
91978,965,1076
91979,968,1066
91980,967,1056
91981,968,1054
91982,969,1053
91983,970,1051
91984,967,1047
91985,965,1044
91986,963,1042
91987,961,1042
91988,967,1045
91989,970,1044
91990,967,1042
91991,965,1039
91992,961,1037
91993,959,1042
91994,960,1045
91995,962,1042
91996,960,1040
91997,957,1039
91998,957,1039
91999,958,1040
92000,960,1041
92001,963,1042
92002,960,1040
92003,958,1035
92004,955,1037
92005,954,1036
92006,956,1039
92007,957,1040
92008,954,1038
92009,953,1038
92010,950,1037
92011,951,1038
92012,954,1043
92013,955,1042
92014,957,1042
92015,955,1039
92016,952,1039
92017,954,1041
92018,954,1043
92019,957,1044
92020,960,1040
92021,956,1038
92022,953,1039
92023,955,1041
92024,957,1044
92025,960,1043
92026,962,1041
92027,960,1037
92028,956,1039
92029,956,1040
92030,959,1040
92031,962,1039
92032,958,1039
92033,955,1035
92034,958,1032
92035,960,1033
92036,966,1039
92037,970,1034
92038,970,1034
92039,967,1030
92040,964,1029
92041,969,1030
92042,971,1032
92043,975,1030
92044,975,1027
92045,976,1024
92046,974,1024
92047,976,1023
92048,980,1022
92049,983,1021
92050,982,1015
92051,985,1012
92052,984,1011
92053,986,1014
92054,990,1016
92055,994,1014
92056,990,1009
92057,988,1006
92058,984,1006
92059,986,1007
92060,989,1008
92061,989,1009
92062,993,1004
92063,991,1001
92064,988,998
92065,993,1003
92066,993,1005
92067,998,1005
92068,998,1002
92069,997,999
92070,997,1001
92071,998,1003
92072,1001,1008
92073,1002,1013
92074,1002,1011
92075,1001,1010
92076,999,1013
92077,997,1015
92078,1001,1018
92079,1001,1023
92080,1001,1023
92081,997,1023
92082,991,1024
92083,992,1031
92084,995,1035
92085,997,1037
92086,990,1037
92087,985,1035
92088,984,1037
92089,984,1037
92090,987,1044
92091,986,1045
92092,983,1042
92093,982,1042
92094,977,1045
92095,976,1048
92096,979,1050
92097,980,1051
92098,979,1053
92099,974,1048
92100,972,1047
92101,973,1053
92102,977,1054
92103,980,1058
92104,975,1053
92105,971,1049
92106,970,1049
92107,970,1049
92108,971,1053
92109,975,1052
92110,975,1052
92111,973,1050
92112,973,1049
92113,974,1051
92114,977,1052
92115,979,1054
92116,978,1053
92117,975,1051
92118,974,1047
92119,974,1052
92120,976,1057
92121,979,1055
92122,979,1054
92123,977,1050
92124,977,1050
92125,977,1054
92126,979,1056
92127,980,1056
92128,980,1051
92129,978,1049
92130,976,1049
92131,980,1051
92132,981,1051
92133,984,1052
92134,982,1051
92135,981,1049
92136,981,1047
92137,984,1048
92138,985,1048
92139,987,1050
92140,985,1046
92141,982,1046
92142,981,1044
92143,981,1044
92144,982,1050
92145,983,1048
92146,984,1045
92147,981,1041
92148,980,1042
92149,980,1044
92150,984,1045
92151,986,1048
92152,986,1044
92153,983,1043
92154,979,1044
92155,979,1043
92156,981,1046
92157,984,1045
92158,979,1046
92159,977,1042
92160,974,1043
92161,975,1044
92162,980,1047
92163,978,1048
92164,978,1047
92165,975,1044
92166,975,1047
92167,976,1047
92168,979,1048
92169,982,1048
92170,980,1050
92171,978,1046
92172,973,1045
92173,978,1048
92174,978,1052
92175,979,1056
92176,978,1052
92177,978,1047
92178,976,1046
92179,979,1048
92180,979,1050
92181,983,1050
92182,981,1048
92183,980,1044
92184,976,1043
92185,978,1046
92186,980,1048
92187,982,1048
92188,982,1049
92189,980,1047
92190,976,1046
92191,976,1051
92192,977,1053
92193,982,1050
92194,979,1049
92195,974,1045
92196,976,1046
92197,978,1046
92198,979,1048
92199,980,1051
92200,981,1047
92201,980,1044
92202,977,1044
92203,980,1048
92204,984,1052
92205,985,1050
92206,984,1050
92207,980,1045
92208,979,1045
92209,979,1049
92210,982,1050
92211,983,1050
92212,984,1048
92213,982,1045
92214,979,1044
92215,978,1050
92216,984,1052
92217,988,1053
92218,986,1051
92219,984,1048
92220,982,1048
92221,984,1050
92222,987,1053
92223,988,1050
92224,988,1045
92225,988,1043
92226,984,1043
92227,986,1048
92228,988,1048
92229,990,1046
92230,990,1045
92231,989,1037
92232,989,1043
92233,992,1044
92234,997,1046
92235,1002,1043
92236,1003,1037
92237,1006,1035
92238,1013,1034
92239,1023,1034
92240,1039,1037
92241,1055,1033
92242,1074,1028
92243,1095,1022
92244,1122,1013
92245,1153,1005
92246,1188,1003
92247,1222,1001
92248,1246,1002
92249,1263,1014
92250,1265,1030
92251,1249,1043
92252,1219,1049
92253,1178,1052
92254,1130,1057
92255,1076,1064
92256,1027,1071
92257,992,1075
92258,979,1078
92259,980,1075
92260,985,1064
92261,985,1056
92262,982,1050
92263,981,1047
92264,980,1050
92265,981,1050
92266,975,1048
92267,974,1044
92268,973,1042
92269,972,1045
92270,974,1049
92271,973,1046
92272,971,1046
92273,968,1046
92274,961,1046
92275,964,1047
92276,966,1047
92277,969,1046
92278,969,1046
92279,968,1044
92280,964,1042
92281,967,1043
92282,968,1047
92283,970,1047
92284,969,1045
92285,965,1045
92286,965,1044
92287,968,1046
92288,968,1050
92289,969,1050
92290,967,1045
92291,965,1044
92292,965,1044
92293,967,1046
92294,969,1051
92295,974,1050
92296,970,1048
92297,969,1044
92298,964,1044
92299,967,1043
92300,969,1044
92301,972,1047
92302,972,1044
92303,971,1041
92304,965,1042
92305,967,1043
92306,970,1047
92307,972,1041
92308,970,1043
92309,970,1038
92310,968,1037
92311,970,1039
92312,970,1040
92313,975,1041
92314,975,1038
92315,974,1032
92316,975,1032
92317,975,1036
92318,980,1035
92319,982,1035
92320,984,1030
92321,979,1026
92322,980,1027
92323,984,1028
92324,986,1028
92325,991,1026
92326,990,1022
92327,988,1019
92328,989,1016
92329,991,1015
92330,995,1019
92331,997,1018
92332,998,1015
92333,997,1013
92334,997,1011
92335,998,1016
92336,1003,1014
92337,1007,1013
92338,1009,1011
92339,1008,1007
92340,1005,1010
92341,1006,1010
92342,1011,1013
92343,1015,1011
92344,1012,1010
92345,1011,1006
92346,1009,1009
92347,1007,1011
92348,1010,1014
92349,1019,1015
92350,1015,1014
92351,1016,1012
92352,1013,1010
92353,1013,1014
92354,1013,1020
92355,1018,1022
92356,1016,1020
92357,1011,1018
92358,1008,1021
92359,1008,1025
92360,1008,1029
92361,1009,1032
92362,1007,1031
92363,1005,1032
92364,1002,1034
92365,1001,1040
92366,1000,1042
92367,1004,1046
92368,997,1044
92369,995,1044
92370,992,1043
92371,990,1045
92372,992,1046
92373,993,1047
92374,989,1046
92375,985,1041
92376,981,1045
92377,983,1044
92378,984,1049
92379,985,1048
92380,984,1048
92381,981,1044
92382,977,1046
92383,977,1047
92384,979,1051
92385,981,1047
92386,978,1045
92387,975,1044
92388,972,1045
92389,969,1049
92390,977,1050
92391,979,1050
92392,979,1048
92393,980,1046
92394,977,1048
92395,976,1048
92396,976,1051
92397,979,1050
92398,978,1049
92399,977,1045
92400,973,1049
92401,975,1049
92402,977,1050
92403,979,1050
92404,979,1048
92405,975,1046
92406,975,1049
92407,974,1051
92408,979,1053
92409,981,1050
92410,979,1050
92411,979,1044
92412,977,1044
92413,977,1049
92414,979,1051
92415,981,1051
92416,981,1048
92417,980,1045
92418,978,1045
92419,978,1048
92420,984,1048
92421,987,1048
92422,982,1046
92423,983,1042
92424,982,1042
92425,985,1045
92426,987,1046
92427,988,1047
92428,987,1043
92429,985,1042
92430,984,1041
92431,981,1044
92432,986,1045
92433,987,1047
92434,984,1045
92435,982,1043
92436,977,1042
92437,979,1046
92438,983,1048
92439,985,1047
92440,983,1044
92441,981,1043
92442,978,1040
92443,978,1042
92444,977,1044
92445,981,1046
92446,977,1043
92447,976,1042
92448,974,1041
92449,974,1042
92450,979,1045
92451,983,1047
92452,979,1045
92453,978,1044
92454,975,1044
92455,975,1047
92456,977,1050
92457,981,1050
92458,978,1048
92459,975,1045
92460,975,1048
92461,974,1049
92462,975,1052
92463,981,1050
92464,977,1047
92465,977,1045
92466,972,1046
92467,973,1048
92468,974,1049
92469,977,1050
92470,975,1048
92471,975,1046
92472,973,1047
92473,975,1050
92474,978,1049
92475,979,1050
92476,979,1049
92477,977,1043
92478,972,1044
92479,973,1047
92480,976,1048
92481,977,1046
92482,976,1045
92483,972,1041
92484,971,1043
92485,972,1043
92486,974,1047
92487,976,1049
92488,975,1045
92489,972,1039
92490,968,1042
92491,970,1043
92492,973,1046
92493,978,1045
92494,981,1044
92495,980,1043
92496,977,1042
92497,980,1045
92498,989,1043
92499,995,1041
92500,999,1036
92501,1008,1033
92502,1016,1032
92503,1026,1036
92504,1048,1037
92505,1072,1033
92506,1097,1025
92507,1126,1014
92508,1159,1003
92509,1193,1002
92510,1225,1004
92511,1244,1015
92512,1253,1029
92513,1239,1041
92514,1208,1044
92515,1165,1052
92516,1113,1064
92517,1061,1076
92518,1005,1085
92519,965,1090
92520,945,1093
92521,949,1090
92522,958,1082
92523,965,1069
92524,967,1059
92525,965,1052
92526,963,1047
92527,962,1048
92528,964,1050
92529,965,1048
92530,965,1044
92531,961,1041
92532,958,1041
92533,957,1040
92534,958,1047
92535,962,1046
92536,959,1046
92537,956,1041
92538,952,1040
92539,951,1044
92540,954,1046
92541,955,1047
92542,955,1044
92543,951,1043
92544,951,1043
92545,949,1046
92546,952,1048
92547,955,1047
92548,953,1044
92549,951,1042
92550,949,1042
92551,948,1045
92552,951,1047
92553,955,1048
92554,954,1047
92555,952,1046
92556,952,1046
92557,950,1045
92558,952,1048
92559,952,1048
92560,951,1046
92561,949,1041
92562,948,1045
92563,950,1048
92564,952,1047
92565,952,1048
92566,952,1044
92567,951,1041
92568,946,1040
92569,948,1043
92570,953,1043
92571,953,1044
92572,954,1040
92573,953,1037
92574,953,1037
92575,955,1038
92576,959,1040
92577,961,1039
92578,963,1034
92579,963,1031
92580,963,1029
92581,966,1034
92582,971,1032
92583,973,1030
92584,974,1027
92585,972,1024
92586,975,1021
92587,976,1020
92588,980,1021
92589,985,1021
92590,987,1015
92591,987,1013
92592,988,1012
92593,991,1014
92594,996,1013
92595,1001,1012
92596,998,1008
92597,999,1004
92598,997,1005
92599,1000,1008
92600,1001,1010
92601,1005,1010
92602,1003,1006
92603,1002,1006
92604,997,1005
92605,999,1010
92606,1004,1016
92607,1005,1013
92608,1003,1013
92609,1001,1011
92610,998,1012
92611,997,1016
92612,999,1022
92613,997,1024
92614,992,1023
92615,989,1024
92616,986,1029
92617,985,1034
92618,980,1034
92619,980,1035
92620,976,1037
92621,973,1035
92622,972,1037
92623,972,1039
92624,969,1044
92625,970,1042
92626,969,1045
92627,965,1043
92628,964,1044
92629,963,1046
92630,966,1048
92631,968,1047
92632,965,1048
92633,962,1049
92634,959,1048
92635,960,1049
92636,964,1052
92637,964,1053
92638,961,1052
92639,961,1050
92640,960,1051
92641,959,1053
92642,961,1056
92643,962,1058
92644,962,1054
92645,959,1052
92646,957,1054
92647,965,1055
92648,967,1059
92649,969,1057
92650,974,1056
92651,975,1054
92652,976,1054
92653,979,1057
92654,985,1059
92655,992,1060
92656,997,1057
92657,996,1058
92658,996,1058
92659,1003,1061
92660,1012,1061
92661,1030,1056
92662,1043,1041
92663,1054,1026
92664,1060,1010
92665,1068,1000
92666,1084,989
92667,1100,977
92668,1112,960
92669,1120,945
92670,1130,931
92671,1144,916
92672,1158,904
92673,1171,896
92674,1181,883
92675,1191,874
92676,1190,868
92677,1190,868
92678,1188,878
92679,1186,881
92680,1182,884
92681,1178,884
92682,1170,886
92683,1164,891
92684,1155,894
92685,1144,897
92686,1131,904
92687,1111,912
92688,1090,923
92689,1075,935
92690,1062,946
92691,1054,958
92692,1044,963
92693,1034,974
92694,1028,981
92695,1021,990
92696,1020,1003
92697,1021,1007
92698,1020,1012
92699,1021,1015
92700,1025,1018
92701,1035,1022
92702,1046,1025
92703,1047,1025
92704,1034,1028
92705,1009,1028
92706,981,1034
92707,962,1040
92708,947,1054
92709,938,1064
92710,931,1070
92711,921,1069
92712,912,1072
92713,910,1075
92714,908,1078
92715,906,1080
92716,901,1081
92717,896,1079
92718,891,1081
92719,886,1084
92720,885,1088
92721,884,1085
92722,882,1084
92723,878,1084
92724,871,1084
92725,871,1088
92726,871,1092
92727,870,1092
92728,865,1092
92729,859,1090
92730,858,1091
92731,856,1096
92732,856,1101
92733,855,1102
92734,853,1100
92735,850,1100
92736,846,1103
92737,844,1110
92738,842,1115
92739,842,1114
92740,843,1115
92741,840,1112
92742,839,1117
92743,834,1123
92744,835,1127
92745,841,1129
92746,841,1128
92747,837,1127
92748,837,1129
92749,838,1133
92750,839,1136
92751,840,1139
92752,840,1138
92753,834,1136
92754,834,1136
92755,835,1140
92756,838,1144
92757,841,1145
92758,839,1142
92759,839,1139
92760,840,1140
92761,841,1143
92762,844,1144
92763,849,1141
92764,849,1137
92765,850,1132
92766,851,1128
92767,855,1131
92768,858,1131
92769,863,1130
92770,866,1127
92771,869,1121
92772,871,1117
92773,879,1115
92774,883,1115
92775,887,1112
92776,891,1106
92777,891,1102
92778,895,1100
92779,901,1096
92780,909,1096
92781,916,1094
92782,917,1088
92783,918,1081
92784,922,1079
92785,922,1078
92786,929,1076
92787,933,1075
92788,936,1070
92789,935,1067
92790,935,1067
92791,938,1066
92792,943,1066
92793,945,1063
92794,946,1059
92795,944,1058
92796,941,1057
92797,944,1061
92798,950,1061
92799,954,1059
92800,954,1058
92801,950,1054
92802,949,1055
92803,948,1057
92804,952,1057
92805,957,1055
92806,957,1054
92807,954,1049
92808,952,1052
92809,950,1055
92810,951,1055
92811,954,1052
92812,955,1049
92813,950,1045
92814,949,1046
92815,951,1045
92816,952,1045
92817,955,1046
92818,954,1043
92819,954,1040
92820,954,1041
92821,954,1043
92822,957,1043
92823,959,1042
92824,957,1039
92825,952,1037
92826,952,1037
92827,955,1039
92828,956,1042
92829,960,1041
92830,960,1038
92831,959,1034
92832,958,1035
92833,958,1038
92834,965,1037
92835,967,1038
92836,970,1038
92837,964,1036
92838,963,1037
92839,965,1038
92840,966,1042
92841,968,1040
92842,969,1038
92843,966,1035
92844,964,1037
92845,966,1041
92846,968,1039
92847,972,1039
92848,974,1038
92849,972,1034
92850,969,1035
92851,968,1039
92852,970,1040
92853,972,1039
92854,970,1041
92855,970,1039
92856,969,1036
92857,968,1042
92858,972,1040
92859,977,1043
92860,974,1039
92861,968,1036
92862,967,1036
92863,966,1038
92864,969,1042
92865,971,1038
92866,967,1036
92867,966,1032
92868,964,1033
92869,966,1035
92870,968,1035
92871,970,1036
92872,968,1033
92873,963,1030
92874,960,1032
92875,961,1034
92876,963,1040
92877,966,1038
92878,965,1035
92879,964,1032
92880,962,1032
92881,959,1033
92882,963,1038
92883,963,1039
92884,968,1038
92885,965,1034
92886,964,1035
92887,964,1036
92888,966,1040
92889,970,1039
92890,968,1037
92891,967,1035
92892,965,1036
92893,964,1039
92894,966,1041
92895,969,1042
92896,968,1041
92897,965,1039
92898,963,1036
92899,967,1039
92900,968,1042
92901,971,1040
92902,970,1037
92903,967,1034
92904,964,1034
92905,967,1039
92906,971,1040
92907,971,1042
92908,970,1039
92909,969,1037
92910,967,1038
92911,969,1038
92912,971,1044
92913,972,1042
92914,969,1043
92915,964,1038
92916,964,1039
92917,965,1041
92918,969,1043
92919,970,1041
92920,970,1035
92921,967,1031
92922,964,1031
92923,967,1033
92924,969,1036
92925,968,1033
92926,969,1034
92927,966,1031
92928,964,1031
92929,965,1032
92930,967,1035
92931,967,1036
92932,968,1032
92933,966,1031
92934,966,1031
92935,967,1032
92936,969,1034
92937,972,1036
92938,972,1033
92939,968,1029
92940,967,1030
92941,968,1030
92942,972,1035
92943,975,1031
92944,971,1032
92945,968,1031
92946,972,1032
92947,975,1034
92948,978,1035
92949,981,1037
92950,978,1034
92951,979,1031
92952,976,1031
92953,977,1033
92954,982,1033
92955,986,1035
92956,985,1033
92957,983,1030
92958,982,1034
92959,985,1034
92960,988,1035
92961,990,1035
92962,991,1032
92963,996,1031
92964,1001,1027
92965,1011,1031
92966,1022,1030
92967,1041,1028
92968,1059,1022
92969,1086,1015
92970,1113,1009
92971,1145,1003
92972,1175,997
92973,1208,998
92974,1234,1002
92975,1250,1014
92976,1255,1025
92977,1245,1034
92978,1219,1038
92979,1179,1040
92980,1123,1043
92981,1069,1051
92982,1014,1056
92983,980,1063
92984,967,1063
92985,972,1056
92986,978,1044
92987,977,1032
92988,977,1029
92989,976,1031
92990,974,1032
92991,974,1030
92992,969,1029
92993,966,1028
92994,961,1024
92995,958,1026
92996,965,1031
92997,966,1032
92998,967,1031
92999,964,1027
93000,961,1027
93001,961,1030
93002,962,1033
93003,964,1032
93004,962,1031
93005,960,1030
93006,958,1031
93007,957,1031
93008,960,1036
93009,960,1037
93010,962,1036
93011,958,1033
93012,955,1034
93013,956,1036
93014,958,1038
93015,962,1039
93016,961,1033
93017,957,1029
93018,956,1029
93019,956,1030
93020,957,1032
93021,960,1030
93022,958,1028
93023,957,1024
93024,952,1024
93025,956,1027
93026,958,1029
93027,962,1028
93028,962,1025
93029,960,1024
93030,959,1023
93031,963,1023
93032,968,1029
93033,969,1029
93034,968,1024
93035,966,1022
93036,967,1019
93037,968,1020
93038,970,1021
93039,974,1020
93040,977,1020
93041,974,1016
93042,975,1015
93043,978,1016
93044,981,1016
93045,986,1017
93046,986,1016
93047,984,1011
93048,984,1011
93049,987,1010
93050,990,1013
93051,995,1011
93052,995,1005
93053,995,1006
93054,996,1006
93055,998,1005
93056,1003,1008
93057,1006,1006
93058,1008,999
93059,1006,997
93060,1005,998
93061,1007,997
93062,1009,998
93063,1013,998
93064,1012,993
93065,1012,989
93066,1011,993
93067,1011,993
93068,1015,993
93069,1016,993
93070,1019,993
93071,1014,991
93072,1011,994
93073,1015,996
93074,1016,1000
93075,1017,1000
93076,1016,1002
93077,1014,1000
93078,1010,1002
93079,1009,1007
93080,1009,1012
93081,1010,1015
93082,1007,1012
93083,1004,1013
93084,999,1016
93085,1000,1019
93086,1002,1025
93087,1001,1024
93088,998,1023
93089,993,1023
93090,991,1027
93091,989,1031
93092,989,1036
93093,988,1037
93094,986,1035
93095,981,1033
93096,979,1036
93097,979,1038
93098,980,1040
93099,982,1042
93100,981,1039
93101,980,1037
93102,977,1036
93103,977,1038
93104,980,1039
93105,983,1039
93106,981,1036
93107,979,1033
93108,978,1035
93109,977,1036
93110,977,1039
93111,977,1037
93112,977,1036
93113,978,1032
93114,975,1032
93115,976,1035
93116,978,1035
93117,981,1034
93118,981,1034
93119,980,1030
93120,976,1031
93121,977,1030
93122,981,1035
93123,982,1032
93124,985,1031
93125,982,1031
93126,976,1029
93127,977,1032
93128,981,1033
93129,985,1034
93130,980,1035
93131,977,1029
93132,977,1028
93133,979,1031
93134,983,1033
93135,981,1034
93136,980,1032
93137,979,1029
93138,980,1030
93139,981,1034
93140,982,1036
93141,985,1034
93142,985,1036
93143,983,1031
93144,985,1032
93145,985,1036
93146,987,1036
93147,991,1035
93148,991,1034
93149,988,1030
93150,984,1031
93151,988,1031
93152,991,1032
93153,994,1031
93154,993,1028
93155,989,1027
93156,987,1025
93157,986,1027
93158,989,1029
93159,994,1027
93160,993,1025
93161,990,1023
93162,992,1024
93163,991,1026
93164,993,1027
93165,995,1026
93166,993,1026
93167,990,1023
93168,989,1022
93169,990,1023
93170,992,1028
93171,993,1026
93172,991,1027
93173,989,1026
93174,987,1025
93175,990,1027
93176,992,1028
93177,995,1029
93178,996,1023
93179,994,1023
93180,993,1023
93181,999,1021
93182,1008,1023
93183,1021,1022
93184,1033,1019
93185,1045,1014
93186,1065,1011
93187,1094,1013
93188,1127,1013
93189,1166,1005
93190,1198,999
93191,1228,996
93192,1254,1002
93193,1274,1016
93194,1280,1033
93195,1266,1044
93196,1227,1039
93197,1174,1041
93198,1110,1049
93199,1049,1058
93200,1003,1067
93201,978,1066
93202,973,1058
93203,976,1047
93204,980,1039
93205,984,1033
93206,986,1032
93207,985,1028
93208,980,1025
93209,976,1021
93210,972,1023
93211,970,1026
93212,975,1029
93213,976,1026
93214,974,1025
93215,968,1024
93216,965,1024
93217,964,1029
93218,966,1031
93219,967,1030
93220,967,1029
93221,961,1028
93222,958,1027
93223,960,1028
93224,963,1031
93225,966,1031
93226,962,1029
93227,959,1025
93228,957,1028
93229,959,1028
93230,962,1031
93231,964,1034
93232,963,1031
93233,961,1029
93234,957,1028
93235,959,1032
93236,961,1034
93237,962,1033
93238,964,1029
93239,961,1026
93240,961,1026
93241,963,1028
93242,966,1028
93243,968,1029
93244,965,1026
93245,965,1026
93246,967,1024
93247,968,1026
93248,971,1029
93249,973,1025
93250,973,1020
93251,972,1019
93252,970,1018
93253,972,1020
93254,974,1022
93255,978,1019
93256,979,1015
93257,978,1011
93258,977,1010
93259,979,1014
93260,982,1013
93261,987,1011
93262,987,1007
93263,985,1003
93264,986,1001
93265,987,1003
93266,994,1000
93267,996,999
93268,994,999
93269,993,996
93270,996,995
93271,998,994
93272,1000,995
93273,1005,995
93274,1005,992
93275,1003,989
93276,1002,989
93277,1004,991
93278,1006,996
93279,1008,995
93280,1007,990
93281,1005,988
93282,1001,989
93283,1003,992
93284,1006,998
93285,1007,999
93286,1007,1001
93287,1002,1000
93288,997,1001
93289,998,1007
93290,999,1010
93291,1000,1013
93292,997,1015
93293,995,1014
93294,991,1019
93295,989,1024
93296,991,1026
93297,992,1029
93298,988,1029
93299,986,1026
93300,982,1026
93301,983,1030
93302,981,1037
93303,984,1037
93304,982,1037
93305,980,1036
93306,976,1035
93307,975,1041
93308,976,1039
93309,977,1039
93310,978,1039
93311,974,1040
93312,972,1041
93313,972,1043
93314,974,1046
93315,975,1043
93316,975,1042
93317,973,1040
93318,971,1039
93319,974,1042
93320,975,1043
93321,976,1045
93322,978,1041
93323,975,1038
93324,973,1040
93325,973,1040
93326,979,1044
93327,977,1043
93328,979,1037
93329,972,1032
93330,972,1032
93331,973,1035
93332,977,1036
93333,979,1036
93334,977,1034
93335,977,1031
93336,978,1030
93337,975,1030
93338,980,1032
93339,982,1032
93340,981,1030
93341,979,1028
93342,978,1029
93343,980,1031
93344,983,1035
93345,983,1034
93346,981,1029
93347,978,1026
93348,979,1027
93349,980,1031
93350,983,1034
93351,986,1032
93352,985,1029
93353,981,1029
93354,979,1030
93355,979,1030
93356,983,1034
93357,984,1032
93358,984,1029
93359,978,1028
93360,979,1029
93361,981,1032
93362,983,1032
93363,987,1033
93364,986,1031
93365,983,1028
93366,980,1029
93367,979,1031
93368,983,1034
93369,983,1035
93370,983,1035
93371,978,1033
93372,977,1032
93373,977,1037
93374,979,1038
93375,984,1037
93376,982,1032
93377,978,1029
93378,976,1031
93379,978,1035
93380,979,1036
93381,983,1035
93382,982,1030
93383,977,1031
93384,979,1029
93385,979,1032
93386,983,1035
93387,986,1034
93388,984,1035
93389,982,1032
93390,981,1032
93391,983,1035
93392,989,1034
93393,989,1034
93394,988,1033
93395,987,1033
93396,988,1031
93397,991,1033
93398,995,1036
93399,996,1035
93400,998,1031
93401,995,1031
93402,996,1027
93403,1001,1027
93404,1011,1028
93405,1023,1028
93406,1039,1023
93407,1055,1020
93408,1075,1016
93409,1102,1016
93410,1135,1011
93411,1164,1005
93412,1193,998
93413,1217,997
93414,1241,1006
93415,1257,1021
93416,1257,1038
93417,1237,1042
93418,1200,1042
93419,1148,1044
93420,1095,1055
93421,1041,1065
93422,1004,1072
93423,983,1070
93424,975,1067
93425,980,1055
93426,982,1046
93427,987,1039
93428,986,1037
93429,986,1033
93430,981,1032
93431,977,1026
93432,973,1027
93433,973,1031
93434,977,1034
93435,976,1033
93436,972,1030
93437,969,1027
93438,967,1026
93439,966,1030
93440,967,1031
93441,969,1032
93442,970,1030
93443,967,1026
93444,964,1026
93445,963,1028
93446,965,1032
93447,966,1033
93448,963,1029
93449,964,1028
93450,960,1031
93451,964,1031
93452,967,1034
93453,967,1030
93454,968,1030
93455,965,1029
93456,963,1030
93457,963,1035
93458,967,1036
93459,968,1035
93460,968,1032
93461,966,1027
93462,963,1030
93463,969,1033
93464,973,1037
93465,975,1036
93466,972,1034
93467,971,1031
93468,971,1033
93469,972,1035
93470,975,1037
93471,978,1040
93472,977,1036
93473,976,1033
93474,974,1036
93475,975,1034
93476,981,1035
93477,985,1032
93478,984,1031
93479,982,1027
93480,981,1024
93481,983,1024
93482,985,1026
93483,988,1023
93484,990,1018
93485,987,1014
93486,985,1014
93487,989,1012
93488,994,1015
93489,998,1011
93490,998,1009
93491,997,1005
93492,998,1007
93493,999,1005
93494,1003,1007
93495,1004,1007
93496,1005,1003
93497,1003,997
93498,1003,999
93499,1005,1001
93500,1009,1004
93501,1010,1001
93502,1010,1000
93503,1012,998
93504,1006,997
93505,1012,999
93506,1016,1000
93507,1018,999
93508,1017,999
93509,1015,995
93510,1012,996
93511,1013,1000
93512,1013,1003
93513,1016,1006
93514,1015,1006
93515,1013,1006
93516,1009,1010
93517,1012,1013
93518,1011,1018
93519,1012,1021
93520,1010,1022
93521,1005,1023
93522,1001,1027
93523,1000,1031
93524,1005,1034
93525,1005,1032
93526,1001,1031
93527,999,1030
93528,995,1033
93529,991,1035
93530,995,1038
93531,995,1037
93532,991,1036
93533,988,1034
93534,987,1034
93535,986,1037
93536,988,1040
93537,990,1040
93538,988,1040
93539,985,1036
93540,983,1038
93541,984,1039
93542,985,1042
93543,987,1043
93544,987,1040
93545,984,1037
93546,982,1039
93547,979,1041
93548,984,1042
93549,986,1042
93550,990,1038
93551,987,1036
93552,985,1037
93553,987,1040
93554,991,1044
93555,993,1041
93556,994,1038
93557,992,1033
93558,990,1036
93559,993,1039
93560,998,1044
93561,1000,1041
93562,1000,1040
93563,999,1039
93564,1003,1042
93565,1008,1047
93566,1016,1049
93567,1023,1048
93568,1026,1047
93569,1027,1047
93570,1031,1049
93571,1038,1050
93572,1050,1050
93573,1063,1044
93574,1071,1034
93575,1074,1020
93576,1082,1005
93577,1091,998
93578,1107,989
93579,1122,978
93580,1131,963
93581,1142,951
93582,1152,938
93583,1164,929
93584,1175,920
93585,1187,904
93586,1197,887
93587,1207,874
93588,1211,865
93589,1217,859
93590,1224,857
93591,1223,853
93592,1219,851
93593,1212,851
93594,1206,853
93595,1201,852
93596,1196,854
93597,1188,853
93598,1175,853
93599,1155,856
93600,1139,861
93601,1122,871
93602,1109,882
93603,1092,891
93604,1081,899
93605,1066,906
93606,1055,921
93607,1047,934
93608,1046,943
93609,1046,950
93610,1045,960
93611,1040,966
93612,1044,974
93613,1051,984
93614,1066,995
93615,1080,1000
93616,1087,1001
93617,1081,1001
93618,1067,1006
93619,1042,1015
93620,1021,1026
93621,997,1038
93622,979,1046
93623,963,1051
93624,955,1063
93625,954,1071
93626,949,1079
93627,946,1080
93628,941,1077
93629,933,1079
93630,928,1081
93631,926,1085
93632,925,1089
93633,924,1090
93634,917,1089
93635,913,1088
93636,909,1090
93637,909,1093
93638,908,1097
93639,910,1098
93640,906,1095
93641,901,1095
93642,893,1098
93643,897,1102
93644,896,1101
93645,899,1104
93646,893,1102
93647,890,1100
93648,887,1103
93649,890,1107
93650,893,1114
93651,894,1114
93652,894,1115
93653,889,1115
93654,889,1118
93655,889,1123
93656,893,1126
93657,894,1128
93658,890,1129
93659,887,1126
93660,887,1130
93661,885,1133
93662,889,1140
93663,892,1139
93664,891,1141
93665,886,1141
93666,884,1143
93667,886,1148
93668,889,1153
93669,890,1156
93670,889,1155
93671,885,1154
93672,887,1159
93673,887,1163
93674,894,1163
93675,896,1163
93676,897,1161
93677,898,1163
93678,897,1160
93679,902,1164
93680,907,1165
93681,914,1164
93682,913,1157
93683,914,1152
93684,918,1149
93685,921,1144
93686,928,1143
93687,933,1139
93688,937,1132
93689,938,1127
93690,941,1122
93691,946,1120
93692,949,1117
93693,953,1112
93694,955,1104
93695,953,1100
93696,954,1096
93697,957,1092
93698,962,1091
93699,961,1086
93700,962,1079
93701,963,1075
93702,963,1072
93703,964,1071
93704,967,1070
93705,969,1068
93706,968,1062
93707,966,1057
93708,966,1058
93709,969,1060
93710,974,1062
93711,973,1059
93712,971,1055
93713,966,1054
93714,964,1055
93715,965,1054
93716,970,1056
93717,970,1056
93718,970,1053
93719,965,1049
93720,965,1052
93721,965,1052
93722,969,1054
93723,971,1052
93724,969,1052
93725,968,1046
93726,966,1048
93727,967,1049
93728,971,1054
93729,972,1049
93730,970,1046
93731,968,1043
93732,967,1046
93733,970,1047
93734,971,1047
93735,973,1047
93736,973,1044
93737,970,1041
93738,969,1041
93739,969,1042
93740,970,1042
93741,973,1042
93742,972,1040
93743,968,1037
93744,967,1039
93745,968,1038
93746,970,1041
93747,973,1038
93748,974,1037
93749,967,1036
93750,966,1034
93751,968,1034
93752,973,1037
93753,974,1037
93754,973,1035
93755,971,1032
93756,971,1032
93757,973,1033
93758,973,1036
93759,974,1038
93760,973,1035
93761,972,1034
93762,972,1035
93763,975,1035
93764,978,1040
93765,979,1041
93766,981,1038
93767,977,1038
93768,976,1039
93769,977,1039
93770,978,1044
93771,981,1043
93772,980,1040
93773,977,1041
93774,976,1042
93775,978,1041
93776,982,1041
93777,984,1042
93778,983,1039
93779,978,1036
93780,974,1035
93781,975,1037
93782,975,1041
93783,979,1038
93784,978,1038
93785,976,1035
93786,975,1034
93787,975,1035
93788,978,1037
93789,976,1036
93790,976,1032
93791,970,1029
93792,970,1029
93793,971,1030
93794,974,1033
93795,975,1031
93796,974,1030
93797,972,1026
93798,967,1028
93799,969,1030
93800,968,1032
93801,968,1033
93802,971,1031
93803,968,1026
93804,966,1028
93805,968,1034
93806,971,1033
93807,971,1036
93808,970,1035
93809,968,1031
93810,966,1032
93811,968,1034
93812,970,1038
93813,972,1037
93814,970,1036
93815,967,1032
93816,964,1031
93817,966,1037
93818,969,1040
93819,974,1041
93820,973,1039
93821,968,1036
93822,968,1035
93823,969,1039
93824,973,1040
93825,977,1040
93826,979,1036
93827,973,1037
93828,975,1035
93829,975,1038
93830,977,1040
93831,980,1038
93832,977,1037
93833,976,1034
93834,975,1033
93835,976,1037
93836,976,1038
93837,979,1035
93838,976,1033
93839,975,1030
93840,976,1032
93841,976,1032
93842,978,1037
93843,979,1035
93844,977,1032
93845,977,1030
93846,975,1029
93847,976,1030
93848,978,1034
93849,976,1032
93850,974,1029
93851,972,1029
93852,969,1028
93853,972,1031
93854,973,1032
93855,975,1032
93856,972,1030
93857,968,1030
93858,970,1032
93859,969,1035
93860,971,1036
93861,974,1036
93862,972,1034
93863,971,1033
93864,969,1034
93865,968,1036
93866,976,1041
93867,976,1039
93868,976,1036
93869,974,1034
93870,971,1037
93871,972,1037
93872,973,1039
93873,978,1041
93874,979,1038
93875,972,1037
93876,971,1035
93877,972,1039
93878,974,1043
93879,977,1040
93880,977,1036
93881,976,1033
93882,976,1033
93883,976,1035
93884,978,1038
93885,981,1037
93886,980,1033
93887,977,1034
93888,972,1032
93889,971,1035
93890,976,1039
93891,978,1037
93892,977,1034
93893,976,1032
93894,975,1036
93895,977,1036
93896,980,1040
93897,981,1038
93898,981,1035
93899,977,1033
93900,975,1037
93901,978,1035
93902,980,1038
93903,981,1039
93904,980,1035
93905,978,1032
93906,976,1030
93907,974,1036
93908,978,1039
93909,980,1037
93910,978,1035
93911,978,1033
93912,975,1034
93913,975,1036
93914,978,1040
93915,978,1040
93916,974,1036
93917,975,1032
93918,972,1034
93919,973,1035
93920,977,1038
93921,979,1037
93922,978,1035
93923,979,1034
93924,975,1034
93925,981,1036
93926,982,1040
93927,984,1037
93928,983,1035
93929,980,1031
93930,979,1032
93931,982,1034
93932,984,1037
93933,986,1035
93934,984,1033
93935,985,1035
93936,983,1036
93937,986,1039
93938,987,1039
93939,987,1041
93940,983,1037
93941,980,1034
93942,982,1037
93943,986,1041
93944,989,1041
93945,991,1041
93946,990,1036
93947,988,1036
93948,986,1038
93949,989,1040
93950,991,1042
93951,992,1041
93952,991,1038
93953,990,1039
93954,989,1039
93955,992,1041
93956,993,1042
93957,994,1042
93958,991,1039
93959,990,1036
93960,991,1035
93961,993,1038
93962,996,1040
93963,997,1037
93964,998,1034
93965,997,1032
93966,996,1033
93967,997,1036
93968,1003,1038
93969,1007,1036
93970,1010,1030
93971,1009,1027
93972,1014,1025
93973,1023,1027
93974,1038,1026
93975,1055,1023
93976,1073,1020
93977,1090,1015
93978,1117,1011
93979,1149,1008
93980,1178,1004
93981,1207,998
93982,1233,995
93983,1253,1003
93984,1267,1016
93985,1264,1030
93986,1246,1043
93987,1208,1042
93988,1162,1044
93989,1114,1047
93990,1066,1052
93991,1021,1058
93992,997,1062
93993,989,1059
93994,989,1051
93995,992,1044
93996,993,1043
93997,992,1041
93998,994,1040
93999,994,1039
94000,992,1037
94001,987,1035
94002,986,1034
94003,983,1037
94004,985,1041
94005,985,1042
94006,980,1039
94007,978,1038
94008,976,1039
94009,976,1041
94010,976,1042
94011,977,1039
94012,976,1040
94013,972,1037
94014,968,1035
94015,969,1037
94016,971,1039
94017,972,1041
94018,971,1037
94019,969,1036
94020,967,1037
94021,971,1038
94022,970,1041
94023,971,1038
94024,973,1034
94025,972,1031
94026,968,1031
94027,970,1033
94028,972,1036
94029,975,1034
94030,973,1031
94031,971,1030
94032,971,1033
94033,972,1036
94034,976,1037
94035,980,1034
94036,980,1031
94037,976,1031
94038,974,1033
94039,976,1034
94040,979,1036
94041,980,1036
94042,982,1035
94043,980,1032
94044,978,1032
94045,983,1031
94046,983,1037
94047,985,1034
94048,985,1030
94049,984,1029
94050,985,1029
94051,985,1031
94052,989,1033
94053,991,1032
94054,993,1027
94055,988,1025
94056,988,1024
94057,992,1027
94058,995,1029
94059,1001,1026
94060,1001,1024
94061,999,1019
94062,998,1020
94063,1003,1021
94064,1007,1023
94065,1009,1021
94066,1008,1020
94067,1012,1015
94068,1010,1016
94069,1012,1018
94070,1015,1018
94071,1015,1014
94072,1016,1013
94073,1016,1012
94074,1016,1011
94075,1019,1011
94076,1022,1012
94077,1025,1009
94078,1022,1006
94079,1023,1002
94080,1021,1001
94081,1022,1005
94082,1024,1007
94083,1030,1006
94084,1029,1001
94085,1032,1000
94086,1031,1002
94087,1035,1007
94088,1037,1006
94089,1038,1005
94090,1036,1003
94091,1035,1003
94092,1034,1005
94093,1035,1006
94094,1039,1012
94095,1040,1011
94096,1038,1010
94097,1035,1011
94098,1031,1013
94099,1032,1014
94100,1035,1019
94101,1036,1019
94102,1034,1022
94103,1030,1020
94104,1024,1023
94105,1025,1025
94106,1024,1029
94107,1023,1031
94108,1022,1027
94109,1016,1028
94110,1014,1028
94111,1013,1034
94112,1015,1037
94113,1014,1037
94114,1012,1036
94115,1009,1037
94116,1005,1037
94117,1007,1043
94118,1009,1045
94119,1007,1043
94120,1005,1041
94121,1001,1039
94122,1000,1041
94123,999,1042
94124,1001,1043
94125,1003,1043
94126,1002,1040
94127,996,1034
94128,994,1035
94129,995,1034
94130,995,1037
94131,995,1031
94132,995,1031
94133,995,1029
94134,992,1030
94135,995,1031
94136,999,1034
94137,1000,1033
94138,995,1031
94139,997,1031
94140,994,1029
94141,996,1034
94142,998,1036
94143,999,1035
94144,999,1035
94145,998,1032
94146,997,1034
94147,997,1037
94148,1001,1038
94149,1004,1038
94150,1003,1035
94151,999,1032
94152,999,1033
94153,999,1038
94154,1002,1038
94155,1005,1038
94156,1004,1034
94157,1002,1035
94158,1001,1035
94159,999,1036
94160,1005,1041
94161,1005,1037
94162,1003,1036
94163,999,1032
94164,998,1032
94165,1000,1036
94166,1004,1038
94167,1006,1037
94168,1006,1034
94169,1003,1037
94170,1004,1037
94171,1005,1040
94172,1008,1043
94173,1009,1044
94174,1007,1042
94175,1006,1040
94176,997,1040
94177,1001,1041
94178,1003,1040
94179,1004,1037
94180,1005,1033
94181,1004,1028
94182,1002,1029
94183,1001,1031
94184,1003,1032
94185,1005,1032
94186,1004,1028
94187,1001,1028
94188,1001,1031
94189,1001,1031
94190,1004,1035
94191,1005,1034
94192,1005,1032
94193,1001,1028
94194,997,1027
94195,999,1034
94196,1002,1036
94197,1003,1036
94198,1000,1033
94199,999,1033
94200,998,1032
94201,999,1034
94202,1004,1037
94203,1003,1033
94204,998,1032
94205,997,1033
94206,996,1034
94207,998,1035
94208,1002,1038
94209,1001,1035
94210,999,1033
94211,998,1034
94212,997,1033
94213,998,1039
94214,1001,1041
94215,1002,1042
94216,998,1037
94217,998,1036
94218,997,1035
94219,999,1039
94220,1005,1045
94221,1009,1042
94222,1009,1038
94223,1005,1035
94224,1010,1033
94225,1016,1036
94226,1029,1038
94227,1045,1037
94228,1058,1031
94229,1080,1030
94230,1104,1027
94231,1137,1022
94232,1171,1015
94233,1205,1008
94234,1234,1005
94235,1254,1011
94236,1262,1022
94237,1261,1034
94238,1247,1043
94239,1210,1044
94240,1162,1042
94241,1111,1047
94242,1055,1055
94243,1009,1067
94244,979,1077
94245,966,1076
94246,968,1073
94247,973,1061
94248,977,1052
94249,983,1046
94250,985,1044
94251,988,1042
94252,989,1035
94253,983,1033
94254,982,1033
94255,981,1037
94256,983,1040
94257,985,1039
94258,979,1038
94259,975,1036
94260,973,1039
94261,973,1040
94262,976,1043
94263,977,1041
94264,977,1039
94265,975,1038
94266,973,1037
94267,973,1041
94268,976,1043
94269,977,1042
94270,975,1039
94271,974,1038
94272,969,1039
94273,971,1041
94274,975,1043
94275,976,1043
94276,975,1039
94277,971,1038
94278,973,1037
94279,976,1042
94280,978,1043
94281,980,1042
94282,978,1041
94283,975,1039
94284,974,1039
94285,974,1041
94286,977,1043
94287,979,1042
94288,979,1040
94289,977,1035
94290,977,1035
94291,977,1036
94292,980,1038
94293,983,1035
94294,980,1033
94295,974,1027
94296,976,1027
94297,976,1027
94298,980,1034
94299,980,1032
94300,980,1028
94301,980,1026
94302,981,1027
94303,983,1028
94304,986,1027
94305,989,1025
94306,987,1021
94307,988,1020
94308,990,1020
94309,991,1020
94310,995,1021
94311,997,1020
94312,995,1016
94313,995,1013
94314,996,1011
94315,998,1013
94316,1003,1014
94317,1006,1012
94318,1006,1009
94319,1005,1006
94320,1003,1006
94321,1006,1006
94322,1008,1008
94323,1007,1006
94324,1007,1004
94325,1005,1000
94326,1007,1002
94327,1010,1002
94328,1016,1007
94329,1013,1006
94330,1012,1005
94331,1013,1000
94332,1010,1001
94333,1014,999
94334,1017,1003
94335,1018,1004
94336,1016,999
94337,1013,999
94338,1011,1000
94339,1011,1005
94340,1011,1006
94341,1013,1006
94342,1013,1008
94343,1008,1009
94344,1004,1010
94345,1006,1013
94346,1009,1019
94347,1007,1019
94348,1003,1021
94349,1000,1021
94350,999,1024
94351,999,1029
94352,998,1036
94353,996,1036
94354,993,1032
94355,988,1032
94356,985,1036
94357,989,1039
94358,991,1042
94359,987,1044
94360,983,1045
94361,980,1044
94362,979,1045
94363,978,1046
94364,977,1051
94365,980,1053
94366,979,1052
94367,979,1049
94368,979,1050
94369,979,1053
94370,984,1055
94371,985,1053
94372,984,1052
94373,981,1049
94374,977,1052
94375,980,1051
94376,984,1052
94377,986,1053
94378,983,1049
94379,981,1048
94380,979,1049
94381,982,1050
94382,987,1054
94383,988,1054
94384,988,1049
94385,986,1047
94386,987,1046
94387,988,1052
94388,991,1051
94389,993,1050
94390,991,1045
94391,985,1043
94392,986,1045
94393,987,1050
94394,987,1053
94395,992,1060
94396,990,1067
94397,989,1063
94398,989,1052
94399,991,1044
94400,992,1039
94401,991,1037
94402,984,1035
94403,977,1034
94404,981,1036
94405,980,1035
94406,983,1035
94407,986,1033
94408,982,1032
94409,980,1031
94410,983,1038
94411,983,1043
94412,986,1045
94413,989,1041
94414,987,1035
94415,984,1031
94416,982,1033
94417,981,1039
94418,988,1045
94419,987,1048
94420,984,1045
94421,981,1041
94422,979,1039
94423,977,1037
94424,981,1039
94425,984,1034
94426,982,1033
94427,981,1034
94428,981,1035
94429,981,1040
94430,985,1044
94431,986,1043
94432,984,1041
94433,981,1039
94434,980,1040
94435,981,1042
94436,986,1043
94437,987,1042
94438,987,1037
94439,981,1036
94440,982,1035
94441,985,1037
94442,985,1039
94443,986,1037
94444,986,1034
94445,985,1031
94446,982,1032
94447,981,1034
94448,983,1038
94449,987,1040
94450,987,1041
94451,985,1037
94452,984,1035
94453,986,1032
94454,990,1035
94455,993,1031
94456,992,1032
94457,987,1030
94458,986,1032
94459,987,1036
94460,993,1039
94461,997,1038
94462,999,1034
94463,995,1030
94464,990,1029
94465,993,1034
94466,998,1034
94467,1003,1035
94468,1010,1030
94469,1019,1028
94470,1031,1023
94471,1046,1022
94472,1066,1022
94473,1090,1018
94474,1117,1012
94475,1144,1002
94476,1174,997
94477,1204,999
94478,1229,1008
94479,1244,1016
94480,1245,1025
94481,1229,1033
94482,1196,1037
94483,1157,1043
94484,1112,1049
94485,1064,1056
94486,1011,1066
94487,972,1071
94488,951,1075
94489,951,1078
94490,961,1073
94491,971,1064
94492,974,1053
94493,976,1044
94494,975,1040
94495,978,1039
94496,981,1039
94497,980,1035
94498,976,1034
94499,971,1032
94500,968,1033
94501,967,1033
94502,973,1038
94503,975,1035
94504,969,1034
94505,966,1030
94506,966,1033
94507,967,1037
94508,968,1035
94509,969,1034
94510,968,1033
94511,969,1032
94512,965,1032
94513,966,1035
94514,968,1039
94515,968,1038
94516,968,1036
94517,964,1034
94518,964,1032
94519,968,1031
94520,967,1033
94521,969,1033
94522,968,1032
94523,962,1032
94524,964,1034
94525,965,1037
94526,968,1038
94527,968,1036
94528,968,1034
94529,965,1030
94530,967,1029
94531,969,1030
94532,971,1030
94533,974,1027
94534,973,1025
94535,969,1023
94536,967,1025
94537,970,1024
94538,971,1027
94539,975,1023
94540,974,1022
94541,971,1022
94542,971,1020
94543,974,1021
94544,978,1023
94545,981,1019
94546,980,1017
94547,978,1014
94548,977,1015
94549,979,1019
94550,983,1021
94551,986,1018
94552,986,1012
94553,984,1011
94554,989,1010
94555,990,1011
94556,995,1013
94557,997,1011
94558,993,1008
94559,994,1003
94560,995,1001
94561,997,1005
94562,1003,1008
94563,1004,1004
94564,1005,998
94565,1004,998
94566,1004,1000
94567,1007,998
94568,1010,1005
94569,1012,1000
94570,1012,1000
94571,1010,999
94572,1008,1000
94573,1011,1001
94574,1010,1003
94575,1010,1002
94576,1012,1001
94577,1013,998
94578,1013,1000
94579,1012,1002
94580,1011,1009
94581,1013,1006
94582,1012,1002
94583,1010,1003
94584,1007,1005
94585,1009,1011
94586,1011,1014
94587,1011,1013
94588,1007,1012
94589,1002,1013
94590,1000,1016
94591,1003,1018
94592,1001,1024
94593,1001,1023
94594,997,1021
94595,994,1022
94596,989,1024
94597,992,1030
94598,990,1031
94599,990,1034
94600,990,1032
94601,987,1031
94602,985,1032
94603,987,1038
94604,988,1040
94605,989,1039
94606,987,1038
94607,983,1036
94608,982,1038
94609,984,1040
94610,988,1045
94611,988,1045
94612,989,1044
94613,987,1043
94614,990,1044
94615,992,1047
94616,994,1048
94617,996,1048
94618,996,1045
94619,995,1040
94620,998,1045
94621,1003,1045
94622,1010,1049
94623,1016,1046
94624,1021,1044
94625,1020,1041
94626,1024,1045
94627,1030,1046
94628,1039,1048
94629,1053,1044
94630,1064,1033
94631,1072,1021
94632,1082,1006
94633,1095,995
94634,1111,986
94635,1125,976
94636,1135,965
94637,1147,952
94638,1159,938
94639,1177,924
94640,1192,914
94641,1208,900
94642,1221,887
94643,1229,875
94644,1230,870
94645,1231,872
94646,1230,878
94647,1225,880
94648,1219,877
94649,1208,872
94650,1200,873
94651,1188,875
94652,1177,881
94653,1159,886
94654,1136,889
94655,1115,894
94656,1094,901
94657,1074,911
94658,1057,921
94659,1045,934
94660,1034,942
94661,1027,951
94662,1023,960
94663,1022,970
94664,1022,979
94665,1026,985
94666,1028,989
94667,1032,997
94668,1043,1000
94669,1058,1005
94670,1066,1011
94671,1064,1013
94672,1049,1018
94673,1023,1020
94674,998,1029
94675,978,1034
94676,965,1045
94677,958,1054
94678,954,1062
94679,947,1066
94680,942,1071
94681,939,1074
94682,937,1080
94683,935,1080
94684,930,1079
94685,925,1081
94686,920,1083
94687,918,1087
94688,917,1091
94689,914,1090
94690,908,1087
94691,907,1088
94692,905,1091
94693,905,1093
94694,906,1096
94695,906,1098
94696,901,1096
94697,898,1096
94698,894,1097
94699,897,1100
94700,899,1102
94701,897,1103
94702,899,1103
94703,893,1101
94704,889,1104
94705,890,1107
94706,891,1111
94707,892,1115
94708,891,1112
94709,886,1113
94710,887,1117
94711,889,1119
94712,893,1124
94713,892,1125
94714,890,1125
94715,886,1126
94716,886,1130
94717,888,1136
94718,894,1141
94719,899,1139
94720,894,1140
94721,893,1137
94722,891,1139
94723,895,1143
94724,897,1147
94725,901,1145
94726,902,1147
94727,899,1145
94728,901,1145
94729,906,1146
94730,908,1150
94731,913,1148
94732,912,1148
94733,911,1143
94734,915,1143
94735,917,1145
94736,923,1145
94737,927,1142
94738,927,1140
94739,931,1132
94740,933,1132
94741,936,1132
94742,943,1130
94743,946,1126
94744,950,1120
94745,948,1113
94746,950,1112
94747,954,1110
94748,959,1108
94749,963,1103
94750,964,1095
94751,963,1090
94752,965,1087
94753,969,1087
94754,972,1084
94755,975,1081
94756,976,1073
94757,973,1067
94758,972,1063
94759,975,1063
94760,978,1063
94761,979,1059
94762,979,1056
94763,977,1052
94764,976,1051
94765,981,1052
94766,983,1053
94767,986,1054
94768,985,1050
94769,980,1046
94770,977,1047
94771,979,1048
94772,985,1050
94773,983,1049
94774,984,1048
94775,984,1044
94776,983,1045
94777,986,1048
94778,990,1048
94779,989,1049
94780,988,1046
94781,983,1048
94782,984,1044
94783,986,1047
94784,987,1051
94785,987,1051
94786,986,1045
94787,981,1045
94788,979,1044
94789,981,1048
94790,985,1050
94791,987,1046
94792,984,1044
94793,980,1044
94794,981,1045
94795,982,1048
94796,984,1049
94797,986,1047
94798,985,1042
94799,983,1043
94800,983,1041
94801,982,1041
94802,989,1043
94803,990,1044
94804,987,1040
94805,986,1038
94806,986,1038
94807,989,1040
94808,990,1043
94809,992,1041
94810,991,1038
94811,989,1037
94812,987,1035
94813,991,1039
94814,994,1042
94815,994,1039
94816,996,1037
94817,990,1032
94818,989,1033
94819,993,1035
94820,995,1040
94821,996,1038
94822,995,1037
94823,990,1036
94824,991,1037
94825,990,1040
94826,995,1042
94827,996,1040
94828,996,1038
94829,991,1036
94830,989,1036
94831,992,1039
94832,994,1041
94833,994,1041
94834,992,1038
94835,989,1037
94836,990,1034
94837,992,1039
94838,994,1042
94839,998,1041
94840,995,1039
94841,991,1039
94842,991,1038
94843,994,1042
94844,996,1043
94845,996,1042
94846,994,1037
94847,992,1031
94848,988,1033
94849,992,1037
94850,992,1038
94851,995,1037
94852,993,1035
94853,990,1033
94854,988,1036
94855,990,1037
94856,993,1037
94857,992,1037
94858,993,1033
94859,991,1035
94860,988,1035
94861,990,1038
94862,992,1043
94863,994,1042
94864,992,1040
94865,991,1037
94866,988,1037
94867,990,1038
94868,994,1040
94869,996,1040
94870,997,1035
94871,995,1035
94872,996,1037
94873,995,1039
94874,997,1041
94875,998,1040
94876,994,1039
94877,992,1037
94878,990,1038
94879,992,1040
94880,998,1043
94881,998,1040
94882,998,1038
94883,995,1038
94884,995,1040
94885,996,1041
94886,999,1046
94887,1000,1043
94888,1000,1044
94889,998,1038
94890,996,1041
94891,997,1045
94892,999,1044
94893,1000,1042
94894,999,1042
94895,996,1039
94896,994,1041
94897,999,1043
94898,1001,1047
94899,1001,1043
94900,1001,1042
94901,997,1039
94902,995,1040
94903,997,1040
94904,999,1040
94905,1001,1041
94906,998,1036
94907,996,1036
94908,996,1038
94909,996,1039
94910,996,1041
94911,1000,1040
94912,998,1035
94913,996,1035
94914,993,1035
94915,995,1040
94916,997,1040
94917,1001,1038
94918,999,1035
94919,993,1031
94920,994,1034
94921,993,1036
94922,995,1038
94923,998,1039
94924,998,1036
94925,997,1035
94926,993,1035
94927,995,1038
94928,999,1040
94929,1000,1039
94930,999,1036
94931,998,1035
94932,998,1037
94933,1000,1040
94934,1001,1043
94935,1002,1040
94936,1001,1035
94937,999,1035
94938,997,1037
94939,999,1042
94940,1004,1045
94941,1004,1040
94942,1001,1041
94943,998,1036
94944,999,1036
94945,1001,1037
94946,1005,1041
94947,1007,1040
94948,1007,1037
94949,1004,1035
94950,1004,1035
94951,1006,1039
94952,1009,1040
94953,1011,1039
94954,1007,1037
94955,1005,1032
94956,1008,1034
94957,1012,1038
94958,1016,1042
94959,1020,1037
94960,1017,1035
94961,1016,1033
94962,1020,1031
94963,1028,1031
94964,1040,1032
94965,1053,1029
94966,1064,1025
94967,1077,1019
94968,1104,1017
94969,1135,1015
94970,1166,1010
94971,1197,1001
94972,1224,995
94973,1244,994
94974,1263,1001
94975,1277,1014
94976,1280,1030
94977,1266,1034
94978,1232,1037
94979,1187,1039
94980,1138,1046
94981,1083,1058
94982,1035,1065
94983,999,1069
94984,983,1066
94985,984,1060
94986,993,1055
94987,1002,1051
94988,1002,1048
94989,1002,1043
94990,998,1039
94991,995,1039
94992,991,1039
94993,992,1040
94994,994,1045
94995,993,1044
94996,990,1041
94997,987,1036
94998,987,1040
94999,986,1043
95000,990,1043
95001,989,1042
95002,988,1039
95003,985,1038
95004,984,1036
95005,987,1039
95006,988,1041
95007,990,1038
95008,984,1037
95009,981,1032
95010,983,1034
95011,985,1035
95012,986,1038
95013,989,1036
95014,986,1037
95015,980,1032
95016,980,1034
95017,982,1036
95018,983,1040
95019,984,1037
95020,982,1034
95021,980,1031
95022,980,1034
95023,981,1039
95024,986,1039
95025,987,1038
95026,987,1034
95027,987,1031
95028,984,1036
95029,985,1040
95030,990,1040
95031,990,1038
95032,988,1036
95033,988,1032
95034,987,1033
95035,991,1036
95036,994,1036
95037,996,1037
95038,996,1036
95039,992,1031
95040,993,1031
95041,997,1034
95042,1002,1035
95043,1005,1032
95044,1006,1031
95045,1003,1027
95046,1000,1026
95047,1006,1026
95048,1012,1029
95049,1011,1028
95050,1009,1024
95051,1009,1022
95052,1008,1022
95053,1010,1022
95054,1015,1027
95055,1016,1024
95056,1017,1021
95057,1015,1020
95058,1016,1016
95059,1018,1022
95060,1021,1022
95061,1023,1021
95062,1022,1018
95063,1020,1015
95064,1022,1016
95065,1022,1019
95066,1025,1020
95067,1027,1020
95068,1029,1015
95069,1028,1013
95070,1027,1015
95071,1030,1016
95072,1032,1018
95073,1035,1018
95074,1035,1018
95075,1033,1016
95076,1032,1019
95077,1036,1022
95078,1038,1025
95079,1041,1024
95080,1039,1023
95081,1035,1020
95082,1034,1023
95083,1037,1027
95084,1034,1030
95085,1037,1031
95086,1032,1029
95087,1029,1031
95088,1026,1034
95089,1025,1036
95090,1027,1041
95091,1028,1041
95092,1023,1040
95093,1020,1038
95094,1020,1041
95095,1018,1042
95096,1019,1043
95097,1016,1041
95098,1016,1039
95099,1011,1039
95100,1008,1039
95101,1007,1044
95102,1007,1046
95103,1006,1044
95104,1005,1040
95105,1000,1039
95106,998,1038
95107,1003,1041
95108,1005,1043
95109,1006,1042
95110,1000,1042
95111,999,1040
95112,998,1045
95113,1000,1047
95114,999,1048
95115,1004,1047
95116,1002,1042
95117,1000,1041
95118,1000,1043
95119,1001,1043
95120,1004,1047
95121,1006,1046
95122,1005,1042
95123,1002,1040
95124,1003,1042
95125,1004,1045
95126,1006,1047
95127,1006,1046
95128,1007,1042
95129,1006,1041
95130,1008,1041
95131,1007,1045
95132,1011,1047
95133,1012,1046
95134,1010,1045
95135,1010,1042
95136,1008,1043
95137,1009,1045
95138,1011,1047
95139,1012,1046
95140,1013,1044
95141,1011,1041
95142,1008,1042
95143,1012,1044
95144,1012,1044
95145,1017,1046
95146,1012,1043
95147,1012,1038
95148,1010,1039
95149,1007,1042
95150,1011,1044
95151,1011,1044
95152,1008,1041
95153,1004,1039
95154,1005,1038
95155,1002,1042
95156,1005,1041
95157,1005,1040
95158,1001,1042
95159,1001,1040
95160,999,1042
95161,999,1042
95162,1003,1044
95163,1004,1046
95164,1001,1040
95165,997,1038
95166,998,1041
95167,1000,1043
95168,1004,1047
95169,1005,1046
95170,1004,1043
95171,1001,1041
95172,1002,1042
95173,1003,1045
95174,1005,1046
95175,1004,1048
95176,1006,1042
95177,1001,1041
95178,1004,1044
95179,1005,1044
95180,1008,1048
95181,1010,1045
95182,1008,1041
95183,1006,1040
95184,1004,1043
95185,1003,1044
95186,1008,1048
95187,1009,1047
95188,1008,1043
95189,1009,1040
95190,1010,1040
95191,1014,1043
95192,1020,1039
95193,1027,1037
95194,1039,1033
95195,1048,1027
95196,1064,1027
95197,1087,1027
95198,1117,1022
95199,1151,1014
95200,1183,1005
95201,1209,997
95202,1236,1001
95203,1255,1011
95204,1262,1027
95205,1253,1037
95206,1227,1038
95207,1184,1041
95208,1136,1045
95209,1086,1056
95210,1036,1066
95211,991,1075
95212,957,1076
95213,948,1076
95214,954,1074
95215,965,1069
95216,975,1059
95217,980,1051
95218,982,1045
95219,980,1038
95220,979,1037
95221,982,1041
95222,982,1042
95223,983,1041
95224,979,1040
95225,977,1036
95226,976,1037
95227,978,1038
95228,981,1041
95229,980,1040
95230,978,1037
95231,976,1033
95232,975,1037
95233,976,1038
95234,977,1042
95235,978,1041
95236,975,1039
95237,972,1039
95238,971,1039
95239,973,1041
95240,975,1044
95241,974,1041
95242,974,1040
95243,972,1038
95244,968,1044
95245,971,1042
95246,973,1045
95247,974,1043
95248,975,1041
95249,973,1038
95250,974,1039
95251,974,1040
95252,976,1043
95253,976,1042
95254,974,1038
95255,972,1035
95256,972,1036
95257,977,1036
95258,978,1038
95259,980,1038
95260,977,1034
95261,975,1031
95262,975,1031
95263,978,1033
95264,978,1035
95265,981,1033
95266,980,1030
95267,981,1030
95268,978,1030
95269,979,1030
95270,985,1029
95271,984,1027
95272,986,1023
95273,986,1020
95274,984,1018
95275,989,1019
95276,993,1021
95277,996,1016
95278,995,1011
95279,995,1010
95280,995,1008
95281,997,1012
95282,1002,1012
95283,1001,1011
95284,1003,1006
95285,1001,1002
95286,1001,1004
95287,1000,1008
95288,1001,1008
95289,1003,1005
95290,1002,1002
95291,1003,998
95292,1003,1000
95293,1007,1004
95294,1010,1004
95295,1014,1003
95296,1009,999
95297,1008,998
95298,1006,1001
95299,1006,1005
95300,1008,1006
95301,1011,1008
95302,1008,1006
95303,1003,1003
95304,1005,1004
95305,1006,1011
95306,1006,1017
95307,1005,1018
95308,1003,1020
95309,997,1022
95310,996,1023
95311,998,1027
95312,1002,1030
95313,1000,1032
95314,996,1032
95315,990,1032
95316,989,1033
95317,991,1038
95318,994,1043
95319,990,1042
95320,990,1040
95321,987,1039
95322,983,1040
95323,985,1046
95324,986,1048
95325,986,1047
95326,982,1047
95327,980,1045
95328,981,1049
95329,981,1051
95330,980,1056
95331,981,1053
95332,980,1051
95333,982,1050
95334,982,1051
95335,983,1053
95336,982,1056
95337,983,1055
95338,982,1053
95339,980,1052
95340,979,1052
95341,980,1053
95342,985,1056
95343,985,1056
95344,985,1052
95345,983,1051
95346,981,1049
95347,983,1050
95348,989,1054
95349,990,1051
95350,985,1049
95351,983,1045
95352,984,1046
95353,988,1047
95354,987,1051
95355,984,1050
95356,985,1046
95357,985,1044
95358,984,1043
95359,987,1047
95360,992,1048
95361,994,1047
95362,991,1044
95363,987,1042
95364,988,1040
95365,989,1042
95366,991,1043
95367,990,1043
95368,989,1039
95369,988,1037
95370,989,1037
95371,988,1039
95372,991,1041
95373,991,1042
95374,989,1041
95375,981,1035
95376,985,1037
95377,986,1041
95378,986,1045
95379,989,1043
95380,986,1040
95381,986,1039
95382,982,1040
95383,986,1043
95384,988,1046
95385,988,1046
95386,984,1043
95387,982,1043
95388,983,1043
95389,983,1044
95390,987,1045
95391,986,1046
95392,985,1041
95393,981,1041
95394,979,1041
95395,982,1046
95396,982,1048
95397,986,1047
95398,981,1043
95399,979,1042
95400,976,1041
95401,980,1043
95402,981,1046
95403,984,1047
95404,982,1045
95405,980,1039
95406,979,1044
95407,983,1044
95408,985,1043
95409,987,1044
95410,984,1042
95411,983,1040
95412,982,1039
95413,982,1042
95414,984,1045
95415,985,1043
95416,986,1039
95417,982,1035
95418,981,1038
95419,984,1041
95420,986,1043
95421,986,1042
95422,987,1039
95423,984,1037
95424,981,1041
95425,986,1046
95426,989,1049
95427,990,1049
95428,990,1046
95429,988,1046
95430,988,1045
95431,988,1049
95432,992,1050
95433,994,1050
95434,990,1048
95435,989,1046
95436,989,1048
95437,994,1049
95438,997,1051
95439,998,1049
95440,998,1047
95441,996,1046
95442,996,1047
95443,1000,1045
95444,1004,1049
95445,1012,1044
95446,1021,1038
95447,1031,1035
95448,1048,1034
95449,1070,1036
95450,1098,1031
95451,1131,1022
95452,1165,1010
95453,1194,1004
95454,1222,1008
95455,1247,1015
95456,1267,1030
95457,1265,1043
95458,1242,1049
95459,1198,1047
95460,1144,1051
95461,1089,1062
95462,1033,1076
95463,988,1078
95464,959,1082
95465,959,1074
95466,966,1068
95467,978,1063
95468,984,1056
95469,983,1049
95470,982,1045
95471,978,1044
95472,977,1043
95473,980,1044
95474,980,1048
95475,980,1043
95476,981,1039
95477,978,1038
95478,975,1041
95479,977,1043
95480,978,1046
95481,976,1050
95482,975,1044
95483,975,1041
95484,974,1043
95485,974,1046
95486,976,1047
95487,975,1045
95488,973,1044
95489,971,1042
95490,971,1043
95491,974,1048
95492,975,1046
95493,974,1048
95494,974,1044
95495,970,1044
95496,972,1044
95497,973,1046
95498,978,1048
95499,979,1048
95500,978,1046
95501,976,1042
95502,974,1042
95503,978,1047
95504,980,1049
95505,981,1046
95506,975,1046
95507,975,1043
95508,975,1043
95509,978,1043
95510,981,1046
95511,985,1046
95512,982,1042
95513,978,1042
95514,976,1045
95515,980,1047
95516,986,1044
95517,988,1045
95518,988,1042
95519,986,1036
95520,990,1035
95521,992,1039
95522,996,1039
95523,996,1037
95524,997,1036
95525,995,1032
95526,995,1030
95527,1000,1033
95528,1005,1034
95529,1010,1032
95530,1009,1028
95531,1007,1025
95532,1007,1024
95533,1008,1027
95534,1013,1029
95535,1018,1027
95536,1017,1023
95537,1016,1021
95538,1014,1020
95539,1016,1019
95540,1019,1024
95541,1022,1020
95542,1023,1014
95543,1017,1015
95544,1017,1016
95545,1020,1017
95546,1024,1017
95547,1025,1015
95548,1025,1013
95549,1024,1015
95550,1024,1014
95551,1026,1016
95552,1028,1022
95553,1026,1021
95554,1023,1019
95555,1023,1019
95556,1021,1024
95557,1023,1026
95558,1023,1029
95559,1020,1033
95560,1021,1033
95561,1015,1030
95562,1014,1032
95563,1013,1033
95564,1016,1040
95565,1013,1036
95566,1011,1036
95567,1005,1037
95568,1004,1041
95569,1005,1042
95570,1004,1047
95571,1004,1046
95572,1002,1046
95573,995,1043
95574,992,1044
95575,994,1049
95576,994,1049
95577,995,1048
95578,994,1045
95579,990,1044
95580,987,1045
95581,990,1052
95582,989,1052
95583,989,1056
95584,988,1050
95585,987,1049
95586,988,1051
95587,989,1053
95588,993,1057
95589,994,1055
95590,993,1052
95591,990,1051
95592,989,1051
95593,990,1053
95594,993,1055
95595,997,1052
95596,995,1051
95597,994,1049
95598,992,1049
95599,994,1051
95600,1000,1055
95601,1000,1053
95602,999,1048
95603,996,1047
95604,996,1047
95605,1001,1049
95606,1003,1050
95607,1005,1050
95608,1002,1049
95609,1000,1043
95610,996,1045
95611,996,1045
95612,1000,1049
95613,1001,1047
95614,999,1045
95615,997,1044
95616,999,1047
95617,998,1049
95618,1005,1048
95619,1004,1048
95620,1005,1045
95621,1002,1045
95622,1002,1047
95623,1003,1049
95624,1005,1050
95625,1006,1046
95626,1004,1044
95627,999,1044
95628,998,1044
95629,1000,1048
95630,1001,1050
95631,1001,1051
95632,1000,1048
95633,996,1047
95634,998,1048
95635,997,1050
95636,1000,1054
95637,1001,1050
95638,999,1047
95639,997,1046
95640,992,1049
95641,994,1049
95642,1000,1052
95643,999,1051
95644,998,1047
95645,996,1043
95646,994,1047
95647,997,1049
95648,1001,1051
95649,1001,1049
95650,997,1047
95651,994,1044
95652,991,1043
95653,998,1044
95654,1000,1048
95655,999,1047
95656,999,1045
95657,995,1041
95658,995,1045
95659,999,1048
95660,1001,1049
95661,1003,1046
95662,997,1041
95663,993,1040
95664,995,1040
95665,995,1044
95666,999,1047
95667,999,1046
95668,998,1043
95669,996,1041
95670,996,1040
95671,999,1044
95672,1001,1048
95673,1001,1044
95674,1000,1042
95675,994,1043
95676,994,1044
95677,998,1048
95678,1001,1051
95679,1002,1049
95680,996,1048
95681,994,1046
95682,995,1046
95683,998,1049
95684,1002,1050
95685,1001,1050
95686,1000,1049
95687,999,1047
95688,998,1049
95689,1001,1051
95690,1004,1054
95691,1004,1051
95692,1004,1046
95693,1002,1045
95694,998,1048
95695,1001,1050
95696,1004,1053
95697,1006,1048
95698,1005,1046
95699,1002,1044
95700,1003,1044
95701,1004,1046
95702,1008,1047
95703,1008,1047
95704,1004,1042
95705,1003,1042
95706,1002,1042
95707,1007,1043
95708,1010,1045
95709,1017,1041
95710,1021,1036
95711,1023,1031
95712,1032,1032
95713,1048,1031
95714,1068,1035
95715,1091,1030
95716,1117,1024
95717,1141,1015
95718,1172,1008
95719,1203,1002
95720,1233,1002
95721,1255,1003
95722,1270,1008
95723,1276,1020
95724,1270,1034
95725,1251,1041
95726,1216,1048
95727,1163,1055
95728,1105,1062
95729,1040,1070
95730,993,1078
95731,971,1084
95732,974,1083
95733,986,1076
95734,994,1064
95735,997,1054
95736,996,1052
95737,994,1054
95738,996,1054
95739,997,1053
95740,993,1050
95741,990,1047
95742,988,1049
95743,988,1050
95744,987,1051
95745,988,1050
95746,985,1046
95747,981,1044
95748,982,1045
95749,984,1047
95750,988,1048
95751,986,1050
95752,984,1048
95753,983,1041
95754,980,1043
95755,982,1043
95756,985,1048
95757,985,1046
95758,984,1042
95759,980,1042
95760,978,1042
95761,984,1042
95762,986,1045
95763,989,1046
95764,983,1044
95765,983,1041
95766,982,1043
95767,985,1044
95768,989,1047
95769,989,1044
95770,985,1040
95771,982,1038
95772,982,1042
95773,986,1043
95774,992,1048
95775,991,1046
95776,990,1043
95777,987,1044
95778,987,1043
95779,986,1045
95780,991,1049
95781,994,1047
95782,993,1045
95783,991,1043
95784,990,1041
95785,993,1044
95786,997,1046
95787,1000,1044
95788,999,1040
95789,997,1038
95790,996,1039
95791,1001,1038
95792,1003,1040
95793,1002,1037
95794,1003,1035
95795,1002,1030
95796,1005,1031
95797,1006,1032
95798,1013,1029
95799,1015,1026
95800,1016,1023
95801,1016,1019
95802,1015,1020
95803,1019,1021
95804,1023,1024
95805,1024,1020
95806,1021,1018
95807,1020,1014
95808,1020,1012
95809,1023,1016
95810,1030,1019
95811,1029,1016
95812,1031,1010
95813,1026,1011
95814,1029,1010
95815,1028,1017
95816,1033,1020
95817,1035,1016
95818,1036,1014
95819,1035,1014
95820,1034,1016
95821,1034,1017
95822,1039,1023
95823,1038,1023
95824,1033,1023
95825,1032,1023
95826,1027,1024
95827,1030,1027
95828,1031,1029
95829,1031,1031
95830,1025,1032
95831,1020,1033
95832,1017,1036
95833,1014,1041
95834,1017,1045
95835,1014,1045
95836,1009,1043
95837,1004,1046
95838,1002,1045
95839,1003,1048
95840,1003,1051
95841,1003,1051
95842,1002,1048
95843,997,1048
95844,995,1048
95845,995,1049
95846,997,1054
95847,999,1050
95848,995,1048
95849,990,1049
95850,988,1047
95851,988,1052
95852,990,1053
95853,993,1052
95854,992,1050
95855,992,1051
95856,991,1053
95857,993,1054
95858,996,1054
95859,997,1053
95860,996,1050
95861,994,1051
95862,994,1051
95863,996,1052
95864,999,1055
95865,1000,1053
95866,1000,1050
95867,997,1048
95868,997,1050
95869,1000,1052
95870,1002,1052
95871,1005,1051
95872,1004,1049
95873,1003,1046
95874,1001,1045
95875,1001,1052
95876,1002,1054
95877,1002,1051
95878,1001,1049
95879,998,1047
95880,997,1045
95881,1000,1048
95882,1003,1047
95883,1006,1047
95884,1004,1044
95885,1000,1043
95886,1001,1044
95887,1002,1047
95888,1004,1048
95889,1004,1048
95890,1001,1045
95891,998,1042
95892,995,1042
95893,999,1049
95894,1003,1052
95895,1003,1050
95896,1001,1045
95897,1000,1046
95898,999,1048
95899,997,1049
95900,1001,1050
95901,1000,1048
95902,997,1042
95903,996,1044
95904,997,1047
95905,996,1047
95906,998,1048
95907,997,1049
95908,998,1047
95909,997,1043
95910,995,1045
95911,995,1046
95912,999,1048
95913,999,1047
95914,999,1044
95915,994,1043
95916,995,1044
95917,997,1048
95918,998,1047
95919,1001,1049
95920,998,1045
95921,998,1041
95922,1000,1042
95923,1000,1045
95924,1001,1046
95925,999,1046
95926,999,1045
95927,995,1043
95928,995,1042
95929,996,1045
95930,999,1049
95931,1003,1050
95932,1004,1045
95933,1001,1042
95934,1002,1045
95935,1004,1047
95936,1003,1051
95937,1005,1047
95938,1003,1046
95939,1002,1043
95940,1003,1046
95941,1004,1048
95942,1010,1049
95943,1008,1046
95944,1006,1046
95945,1006,1045
95946,1008,1044
95947,1013,1046
95948,1022,1043
95949,1032,1038
95950,1043,1034
95951,1057,1029
95952,1078,1027
95953,1105,1026
95954,1140,1022
95955,1176,1011
95956,1213,999
95957,1237,997
95958,1262,1004
95959,1273,1023
95960,1267,1035
95961,1237,1043
95962,1187,1041
95963,1132,1044
95964,1075,1055
95965,1021,1066
95966,984,1077
95967,962,1077
95968,960,1074
95969,969,1068
95970,977,1060
95971,986,1055
95972,993,1052
95973,996,1045
95974,995,1044
95975,988,1043
95976,988,1041
95977,989,1043
95978,992,1047
95979,991,1049
95980,987,1042
95981,985,1042
95982,985,1045
95983,984,1049
95984,985,1052
95985,986,1047
95986,984,1047
95987,980,1048
95988,979,1048
95989,982,1052
95990,985,1052
95991,986,1049
95992,982,1047
95993,979,1046
95994,979,1043
95995,980,1049
95996,985,1050
95997,981,1048
95998,983,1045
95999,979,1042
96000,974,1044
96001,973,1044
96002,974,1045
96003,975,1043
96004,978,1038
96005,974,1037
96006,974,1040
96007,973,1041
96008,976,1045
96009,978,1041
96010,978,1039
96011,978,1037
96012,975,1034
96013,979,1039
96014,982,1043
96015,982,1040
96016,981,1038
96017,982,1035
96018,982,1034
96019,985,1039
96020,988,1038
96021,992,1036
96022,992,1032
96023,989,1031
96024,988,1027
96025,992,1029
96026,996,1030
96027,1000,1029
96028,1001,1027
96029,999,1023
96030,1001,1023
96031,1005,1021
96032,1003,1023
96033,1007,1019
96034,1009,1017
96035,1009,1013
96036,1009,1012
96037,1012,1012
96038,1015,1015
96039,1016,1013
96040,1014,1009
96041,1010,1005
96042,1014,1007
96043,1016,1009
96044,1019,1012
96045,1021,1008
96046,1020,1004
96047,1017,1001
96048,1017,1000
96049,1022,1004
96050,1025,1005
96051,1028,1003
96052,1027,1000
96053,1026,998
96054,1023,1002
96055,1026,1004
96056,1029,1007
96057,1028,1005
96058,1027,1002
96059,1025,1003
96060,1024,1007
96061,1026,1011
96062,1029,1014
96063,1026,1014
96064,1023,1015
96065,1017,1015
96066,1018,1018
96067,1018,1023
96068,1020,1026
96069,1017,1025
96070,1016,1026
96071,1012,1024
96072,1007,1026
96073,1010,1030
96074,1011,1035
96075,1009,1034
96076,1005,1034
96077,999,1033
96078,995,1033
96079,996,1037
96080,1000,1041
96081,1002,1035
96082,1000,1037
96083,996,1038
96084,993,1039
96085,992,1044
96086,992,1043
96087,995,1043
96088,993,1039
96089,991,1037
96090,990,1039
96091,989,1043
96092,993,1045
96093,994,1045
96094,994,1042
96095,988,1043
96096,987,1045
96097,989,1048
96098,991,1054
96099,992,1049
96100,989,1047
96101,988,1047
96102,989,1046
96103,992,1049
96104,996,1053
96105,998,1050
96106,994,1048
96107,991,1047
96108,993,1044
96109,995,1050
96110,998,1051
96111,999,1047
96112,997,1045
96113,995,1044
96114,994,1043
96115,997,1048
96116,1000,1048
96117,1003,1045
96118,1000,1043
96119,999,1038
96120,999,1041
96121,1002,1041
96122,1002,1044
96123,1004,1042
96124,1003,1038
96125,1000,1035
96126,999,1035
96127,1001,1035
96128,1004,1039
96129,1004,1037
96130,1001,1033
96131,1000,1030
96132,999,1031
96133,1000,1033
96134,1002,1037
96135,1000,1034
96136,1002,1034
96137,997,1033
96138,994,1032
96139,994,1035
96140,1000,1039
96141,999,1035
96142,998,1032
96143,994,1028
96144,993,1033
96145,995,1036
96146,997,1040
96147,997,1037
96148,994,1035
96149,992,1035
96150,992,1035
96151,993,1036
96152,994,1037
96153,994,1035
96154,992,1031
96155,989,1031
96156,991,1035
96157,994,1039
96158,999,1042
96159,997,1039
96160,997,1038
96161,996,1036
96162,995,1036
96163,999,1037
96164,1002,1042
96165,1004,1040
96166,1004,1039
96167,1001,1036
96168,1002,1036
96169,1006,1039
96170,1007,1043
96171,1010,1039
96172,1007,1036
96173,1007,1034
96174,1008,1032
96175,1012,1035
96176,1016,1037
96177,1023,1029
96178,1027,1023
96179,1032,1022
96180,1048,1023
96181,1070,1023
96182,1096,1024
96183,1121,1018
96184,1153,1007
96185,1185,997
96186,1219,998
96187,1250,998
96188,1280,1005
96189,1296,1016
96190,1296,1024
96191,1273,1035
96192,1234,1035
96193,1182,1042
96194,1127,1048
96195,1066,1059
96196,1009,1063
96197,968,1067
96198,959,1066
96199,966,1063
96200,980,1056
96201,986,1048
96202,986,1040
96203,982,1032
96204,981,1035
96205,980,1038
96206,985,1039
96207,985,1035
96208,982,1033
96209,979,1031
96210,977,1035
96211,979,1036
96212,981,1037
96213,981,1037
96214,982,1037
96215,979,1035
96216,979,1038
96217,982,1040
96218,986,1042
96219,984,1039
96220,985,1038
96221,982,1036
96222,980,1037
96223,981,1038
96224,983,1038
96225,986,1034
96226,984,1031
96227,979,1029
96228,975,1032
96229,976,1035
96230,979,1036
96231,982,1032
96232,981,1032
96233,977,1031
96234,974,1031
96235,975,1031
96236,978,1033
96237,978,1034
96238,979,1029
96239,974,1029
96240,973,1027
96241,975,1033
96242,979,1035
96243,981,1033
96244,977,1029
96245,975,1029
96246,975,1029
96247,978,1029
96248,980,1033
96249,981,1030
96250,980,1027
96251,976,1025
96252,981,1026
96253,982,1026
96254,985,1031
96255,984,1025
96256,983,1023
96257,984,1019
96258,987,1019
96259,993,1023
96260,999,1022
96261,1001,1022
96262,1001,1019
96263,1001,1014
96264,1001,1016
96265,1006,1017
96266,1009,1018
96267,1010,1014
96268,1012,1010
96269,1011,1006
96270,1010,1007
96271,1012,1009
96272,1019,1008
96273,1021,1006
96274,1021,1001
96275,1017,998
96276,1018,999
96277,1020,1002
96278,1026,1001
96279,1026,1001
96280,1025,996
96281,1021,993
96282,1022,995
96283,1026,997
96284,1027,999
96285,1024,999
96286,1023,997
96287,1021,996
96288,1018,1000
96289,1020,1003
96290,1020,1003
96291,1018,1004
96292,1020,1004
96293,1017,1002
96294,1015,1006
96295,1016,1010
96296,1018,1015
96297,1017,1014
96298,1011,1017
96299,1007,1017
96300,1002,1021
96301,1003,1025
96302,1003,1027
96303,1004,1030
96304,1002,1028
96305,997,1028
96306,993,1031
96307,992,1034
96308,996,1035
96309,995,1035
96310,994,1035
96311,990,1032
96312,991,1036
96313,995,1042
96314,1000,1041
96315,999,1043
96316,996,1038
96317,993,1040
96318,992,1038
96319,995,1041
96320,997,1044
96321,998,1043
96322,994,1043
96323,992,1040
96324,992,1044
96325,993,1044
96326,995,1047
96327,998,1043
96328,998,1041
96329,994,1038
96330,992,1042
96331,994,1043
96332,999,1046
96333,999,1044
96334,997,1041
96335,998,1038
96336,1004,1039
96337,1006,1042
96338,1011,1044
96339,1018,1042
96340,1016,1041
96341,1017,1039
96342,1021,1042
96343,1027,1046
96344,1032,1049
96345,1044,1047
96346,1052,1039
96347,1062,1032
96348,1071,1022
96349,1082,1013
96350,1093,1003
96351,1105,992
96352,1118,982
96353,1129,969
96354,1141,959
96355,1155,951
96356,1172,940
96357,1186,925
96358,1197,909
96359,1209,891
96360,1218,884
96361,1232,878
96362,1240,871
96363,1242,862
96364,1239,862
96365,1233,860
96366,1230,862
96367,1229,864
96368,1229,869
96369,1219,871
96370,1206,867
96371,1192,866
96372,1175,871
96373,1160,875
96374,1148,884
96375,1129,891
96376,1107,897
96377,1086,906
96378,1070,915
96379,1063,926
96380,1056,938
96381,1047,947
96382,1046,957
96383,1042,963
96384,1041,972
96385,1042,983
96386,1044,989
96387,1046,996
96388,1051,999
96389,1060,1000
96390,1073,1007
96391,1087,1009
96392,1088,1014
96393,1071,1016
96394,1046,1017
96395,1012,1021
96396,983,1030
96397,966,1040
96398,957,1051
96399,952,1058
96400,945,1064
96401,936,1069
96402,931,1073
96403,929,1077
96404,927,1084
96405,923,1084
96406,920,1083
96407,915,1086
96408,908,1087
96409,911,1092
96410,912,1095
96411,911,1094
96412,908,1092
96413,905,1092
96414,904,1095
96415,902,1097
96416,903,1102
96417,902,1103
96418,894,1099
96419,889,1096
96420,887,1101
96421,888,1104
96422,890,1106
96423,892,1106
96424,890,1106
96425,888,1106
96426,886,1108
96427,887,1112
96428,885,1116
96429,887,1116
96430,887,1119
96431,882,1115
96432,881,1116
96433,883,1124
96434,885,1128
96435,883,1127
96436,883,1127
96437,879,1129
96438,878,1130
96439,880,1134
96440,881,1140
96441,882,1141
96442,880,1140
96443,880,1138
96444,880,1142
96445,885,1149
96446,887,1150
96447,888,1151
96448,888,1147
96449,885,1148
96450,883,1149
96451,887,1155
96452,892,1156
96453,894,1152
96454,895,1152
96455,892,1147
96456,893,1152
96457,897,1153
96458,901,1152
96459,904,1148
96460,905,1145
96461,906,1137
96462,911,1136
96463,916,1139
96464,924,1139
96465,926,1135
96466,927,1128
96467,925,1124
96468,930,1120
96469,937,1119
96470,942,1117
96471,945,1112
96472,946,1103
96473,944,1098
96474,947,1094
96475,952,1093
96476,959,1094
96477,958,1088
96478,960,1084
96479,962,1078
96480,965,1072
96481,965,1074
96482,969,1073
96483,970,1072
96484,968,1067
96485,967,1064
96486,970,1063
96487,973,1065
96488,972,1064
96489,976,1062
96490,975,1058
96491,973,1052
96492,972,1055
96493,974,1059
96494,976,1057
96495,974,1057
96496,974,1053
96497,973,1052
96498,972,1050
96499,975,1053
96500,977,1054
96501,976,1051
96502,974,1047
96503,972,1046
96504,971,1048
96505,974,1049
96506,978,1050
96507,977,1049
96508,978,1046
96509,974,1045
96510,971,1044
96511,971,1048
96512,973,1049
96513,973,1046
96514,973,1042
96515,969,1043
96516,969,1045
96517,971,1045
96518,973,1047
96519,975,1047
96520,975,1044
96521,972,1040
96522,970,1044
96523,972,1047
96524,976,1045
96525,977,1044
96526,975,1040
96527,973,1039
96528,972,1039
96529,976,1044
96530,979,1045
96531,980,1042
96532,981,1040
96533,977,1038
96534,977,1044
96535,979,1044
96536,981,1046
96537,983,1045
96538,982,1043
96539,980,1041
96540,978,1042
96541,980,1043
96542,984,1044
96543,987,1043
96544,985,1038
96545,981,1037
96546,982,1040
96547,983,1040
96548,986,1044
96549,986,1042
96550,984,1040
96551,984,1040
96552,985,1039
96553,987,1041
96554,990,1043
96555,991,1043
96556,984,1038
96557,982,1036
96558,982,1036
96559,984,1037
96560,987,1039
96561,987,1038
96562,988,1034
96563,982,1032
96564,981,1032
96565,982,1036
96566,983,1040
96567,985,1036
96568,985,1034
96569,980,1033
96570,981,1033
96571,984,1038
96572,984,1039
96573,985,1038
96574,982,1036
96575,976,1033
96576,975,1032
96577,979,1034
96578,985,1036
96579,988,1034
96580,986,1033
96581,985,1033
96582,983,1037
96583,986,1041
96584,988,1043
96585,987,1044
96586,981,1040
96587,981,1039
96588,980,1040
96589,984,1043
96590,990,1046
96591,991,1044
96592,988,1043
96593,985,1042
96594,986,1042
96595,988,1045
96596,990,1046
96597,993,1047
96598,994,1044
96599,988,1043
96600,990,1044
96601,992,1045
96602,995,1047
96603,995,1043
96604,993,1038
96605,989,1037
96606,986,1039
96607,989,1042
96608,990,1041
96609,994,1037
96610,992,1034
96611,989,1033
96612,987,1034
96613,989,1037
96614,991,1036
96615,988,1035
96616,989,1030
96617,987,1032
96618,988,1033
96619,990,1033
96620,992,1035
96621,991,1034
96622,990,1032
96623,984,1031
96624,986,1033
96625,985,1035
96626,990,1038
96627,990,1037
96628,990,1032
96629,987,1034
96630,988,1036
96631,988,1036
96632,991,1039
96633,990,1038
96634,989,1040
96635,987,1039
96636,987,1042
96637,987,1042
96638,989,1047
96639,994,1044
96640,992,1044
96641,988,1041
96642,992,1043
96643,994,1044
96644,996,1046
96645,995,1047
96646,994,1044
96647,995,1039
96648,993,1041
96649,997,1044
96650,996,1043
96651,998,1043
96652,997,1039
96653,995,1036
96654,994,1039
96655,995,1040
96656,997,1042
96657,998,1038
96658,996,1036
96659,994,1031
96660,992,1034
96661,995,1038
96662,998,1038
96663,999,1039
96664,996,1036
96665,992,1034
96666,992,1036
96667,990,1039
96668,995,1041
96669,998,1040
96670,994,1038
96671,992,1035
96672,993,1035
96673,994,1039
96674,996,1040
96675,996,1041
96676,994,1039
96677,992,1036
96678,992,1037
96679,994,1039
96680,998,1042
96681,1000,1040
96682,994,1037
96683,992,1034
96684,992,1036
96685,996,1039
96686,1000,1040
96687,1002,1039
96688,1000,1038
96689,998,1039
96690,997,1038
96691,1002,1040
96692,1005,1041
96693,1008,1040
96694,1005,1037
96695,1002,1035
96696,1004,1038
96697,1010,1039
96698,1014,1042
96699,1016,1040
96700,1017,1039
96701,1016,1032
96702,1018,1032
96703,1027,1034
96704,1039,1035
96705,1051,1031
96706,1066,1030
96707,1080,1028
96708,1106,1024
96709,1137,1022
96710,1171,1016
96711,1203,1008
96712,1229,1002
96713,1254,1005
96714,1277,1012
96715,1289,1026
96716,1280,1034
96717,1251,1040
96718,1201,1039
96719,1149,1043
96720,1097,1052
96721,1046,1059
96722,1007,1064
96723,989,1062
96724,985,1058
96725,990,1049
96726,994,1046
96727,998,1042
96728,999,1041
96729,994,1038
96730,993,1035
96731,989,1033
96732,985,1033
96733,989,1037
96734,991,1038
96735,991,1034
96736,985,1032
96737,983,1031
96738,980,1031
96739,983,1034
96740,985,1037
96741,986,1035
96742,982,1031
96743,979,1032
96744,978,1033
96745,980,1037
96746,984,1038
96747,981,1038
96748,979,1036
96749,977,1037
96750,976,1039
96751,980,1043
96752,980,1042
96753,982,1041
96754,978,1040
96755,976,1041
96756,977,1041
96757,980,1045
96758,982,1047
96759,984,1047
96760,977,1045
96761,978,1043
96762,979,1045
96763,981,1047
96764,983,1051
96765,982,1047
96766,981,1044
96767,979,1044
96768,979,1045
96769,981,1046
96770,983,1047
96771,983,1043
96772,983,1041
96773,979,1037
96774,980,1040
96775,984,1040
96776,985,1040
96777,986,1038
96778,983,1036
96779,984,1037
96780,982,1032
96781,987,1033
96782,991,1033
96783,991,1034
96784,993,1030
96785,992,1028
96786,994,1029
96787,995,1030
96788,999,1030
96789,1000,1027
96790,1001,1024
96791,1001,1023
96792,1002,1022
96793,1008,1027
96794,1006,1027
96795,1012,1025
96796,1011,1022
96797,1011,1019
96798,1010,1019
96799,1015,1024
96800,1019,1023
96801,1021,1023
96802,1021,1017
96803,1018,1016
96804,1021,1016
96805,1024,1019
96806,1030,1020
96807,1032,1017
96808,1031,1017
96809,1028,1014
96810,1030,1016
96811,1031,1018
96812,1034,1019
96813,1035,1017
96814,1035,1016
96815,1035,1013
96816,1036,1017
96817,1036,1016
96818,1039,1019
96819,1040,1017
96820,1038,1014
96821,1038,1016
96822,1035,1018
96823,1037,1021
96824,1039,1021
96825,1038,1022
96826,1036,1021
96827,1033,1022
96828,1028,1025
96829,1029,1029
96830,1032,1030
96831,1030,1032
96832,1027,1028
96833,1024,1027
96834,1021,1031
96835,1021,1034
96836,1022,1036
96837,1020,1037
96838,1016,1036
96839,1011,1037
96840,1009,1040
96841,1010,1043
96842,1011,1045
96843,1010,1043
96844,1006,1039
96845,1001,1043
96846,1000,1045
96847,1002,1049
96848,1003,1051
96849,1002,1049
96850,1001,1046
96851,997,1045
96852,997,1045
96853,1001,1049
96854,1005,1048
96855,1006,1050
96856,1003,1046
96857,1001,1044
96858,1002,1047
96859,1003,1050
96860,1005,1051
96861,1005,1051
96862,1003,1048
96863,1001,1044
96864,1001,1046
96865,1002,1049
96866,1005,1051
96867,1004,1049
96868,1001,1047
96869,997,1045
96870,996,1045
96871,998,1043
96872,1000,1049
96873,1002,1044
96874,1000,1040
96875,997,1041
96876,998,1039
96877,999,1043
96878,999,1043
96879,999,1043
96880,998,1040
96881,993,1038
96882,995,1039
96883,999,1039
96884,1004,1039
96885,1005,1038
96886,1002,1035
96887,1001,1034
96888,1000,1036
96889,999,1040
96890,1005,1042
96891,1005,1038
96892,1004,1037
96893,1001,1036
96894,1001,1038
96895,1001,1039
96896,1004,1041
96897,1006,1039
96898,1003,1035
96899,1002,1036
96900,1004,1038
96901,1005,1039
96902,1005,1041
96903,1007,1043
96904,1003,1038
96905,999,1036
96906,1002,1040
96907,1004,1039
96908,1008,1043
96909,1008,1043
96910,1005,1041
96911,1003,1039
96912,1001,1041
96913,1003,1045
96914,1007,1045
96915,1006,1042
96916,1005,1040
96917,1003,1038
96918,1000,1043
96919,1003,1046
96920,1004,1047
96921,1005,1047
96922,1002,1042
96923,1000,1040
96924,998,1041
96925,1002,1042
96926,1004,1041
96927,1004,1040
96928,1000,1039
96929,999,1037
96930,999,1038
96931,1004,1042
96932,1005,1042
96933,1011,1039
96934,1011,1034
96935,1015,1030
96936,1022,1032
96937,1035,1031
96938,1055,1032
96939,1073,1029
96940,1095,1025
96941,1123,1019
96942,1158,1015
96943,1197,1008
96944,1232,1008
96945,1260,1012
96946,1285,1016
96947,1290,1026
96948,1289,1040
96949,1268,1048
96950,1230,1049
96951,1177,1051
96952,1116,1058
96953,1053,1064
96954,1002,1070
96955,974,1076
96956,974,1073
96957,979,1065
96958,984,1055
96959,985,1047
96960,986,1045
96961,992,1043
96962,993,1043
96963,993,1044
96964,988,1040
96965,984,1040
96966,981,1044
96967,981,1044
96968,981,1047
96969,982,1048
96970,978,1044
96971,974,1042
96972,974,1045
96973,974,1048
96974,975,1048
96975,976,1048
96976,973,1046
96977,971,1042
96978,968,1044
96979,970,1045
96980,971,1046
96981,971,1042
96982,970,1041
96983,965,1037
96984,962,1040
96985,967,1042
96986,969,1043
96987,970,1041
96988,965,1038
96989,964,1038
96990,961,1041
96991,963,1041
96992,968,1041
96993,967,1038
96994,965,1036
96995,963,1032
96996,962,1034
96997,967,1035
96998,970,1036
96999,970,1033
97000,967,1031
97001,962,1029
97002,964,1032
97003,968,1034
97004,972,1035
97005,974,1034
97006,973,1033
97007,971,1028
97008,972,1031
97009,974,1034
97010,978,1035
97011,978,1034
97012,978,1033
97013,978,1028
97014,980,1034
97015,982,1035
97016,990,1034
97017,989,1030
97018,990,1027
97019,987,1025
97020,990,1025
97021,992,1024
97022,996,1028
97023,998,1024
97024,994,1022
97025,991,1017
97026,992,1018
97027,996,1017
97028,1000,1019
97029,999,1015
97030,998,1011
97031,995,1010
97032,994,1010
97033,999,1014
97034,1002,1015
97035,1003,1011
97036,1000,1008
97037,998,1006
97038,999,1007
97039,1004,1010
97040,1005,1012
97041,1008,1007
97042,1005,1004
97043,1004,1004
97044,1004,1005
97045,1007,1008
97046,1010,1009
97047,1008,1009
97048,1007,1007
97049,1003,1010
97050,1001,1013
97051,1005,1015
97052,1007,1022
97053,1005,1023
97054,1003,1023
97055,1000,1025
97056,998,1030
97057,999,1033
97058,1003,1037
97059,1002,1037
97060,1000,1036
97061,994,1036
97062,992,1039
97063,991,1044
97064,995,1047
97065,992,1047
97066,991,1045
97067,985,1044
97068,979,1046
97069,984,1049
97070,985,1049
97071,987,1050
97072,983,1047
97073,976,1047
97074,977,1047
97075,978,1051
97076,981,1053
97077,982,1052
97078,979,1048
97079,976,1046
97080,972,1047
97081,975,1052
97082,975,1054
97083,977,1050
97084,975,1047
97085,972,1048
97086,971,1050
97087,975,1051
97088,977,1051
97089,979,1048
97090,976,1044
97091,974,1043
97092,975,1046
97093,978,1046
97094,980,1045
97095,979,1045
97096,977,1044
97097,975,1040
97098,973,1041
97099,978,1045
97100,981,1048
97101,983,1044
97102,982,1043
97103,978,1043
97104,980,1041
97105,983,1045
97106,985,1045
97107,989,1047
97108,985,1043
97109,984,1041
97110,981,1049
97111,986,1046
97112,991,1049
97113,990,1047
97114,987,1045
97115,983,1045
97116,984,1048
97117,985,1050
97118,987,1052
97119,988,1051
97120,986,1049
97121,980,1048
97122,980,1048
97123,981,1051
97124,985,1051
97125,987,1048
97126,983,1045
97127,980,1045
97128,981,1045
97129,980,1048
97130,982,1048
97131,983,1047
97132,978,1041
97133,979,1040
97134,978,1044
97135,979,1043
97136,984,1046
97137,983,1044
97138,979,1040
97139,975,1040
97140,977,1041
97141,980,1043
97142,985,1043
97143,984,1043
97144,984,1040
97145,979,1040
97146,977,1041
97147,978,1042
97148,981,1045
97149,980,1045
97150,977,1044
97151,976,1042
97152,976,1043
97153,977,1045
97154,980,1046
97155,980,1046
97156,978,1044
97157,975,1043
97158,973,1045
97159,977,1049
97160,981,1049
97161,982,1050
97162,980,1048
97163,979,1046
97164,980,1049
97165,979,1051
97166,983,1051
97167,985,1049
97168,984,1050
97169,980,1046
97170,977,1048
97171,977,1052
97172,979,1052
97173,978,1051
97174,979,1048
97175,975,1046
97176,972,1048
97177,976,1051
97178,978,1050
97179,979,1052
97180,979,1047
97181,977,1045
97182,976,1048
97183,980,1051
97184,983,1050
97185,982,1048
97186,981,1044
97187,980,1040
97188,978,1046
97189,984,1049
97190,985,1049
97191,986,1050
97192,986,1046
97193,979,1044
97194,981,1046
97195,983,1049
97196,986,1049
97197,989,1050
97198,986,1046
97199,988,1045
97200,990,1045
97201,993,1046
97202,998,1048
97203,998,1045
97204,996,1043
97205,998,1041
97206,1004,1039
97207,1016,1040
97208,1030,1037
97209,1045,1035
97210,1058,1030
97211,1079,1024
97212,1107,1023
97213,1140,1018
97214,1172,1012
97215,1202,1006
97216,1231,1000
97217,1252,1008
97218,1269,1024
97219,1277,1038
97220,1260,1046
97221,1216,1053
97222,1164,1053
97223,1105,1062
97224,1050,1072
97225,1002,1082
97226,974,1085
97227,967,1082
97228,969,1076
97229,974,1066
97230,978,1058
97231,981,1058
97232,979,1057
97233,978,1051
97234,974,1048
97235,968,1045
97236,967,1047
97237,967,1050
97238,973,1053
97239,972,1050
97240,969,1047
97241,964,1044
97242,963,1046
97243,966,1051
97244,967,1050
97245,966,1047
97246,963,1045
97247,960,1047
97248,960,1046
97249,962,1050
97250,967,1051
97251,965,1049
97252,965,1047
97253,962,1047
97254,962,1050
97255,962,1051
97256,964,1049
97257,965,1048
97258,962,1045
97259,959,1044
97260,959,1045
97261,961,1051
97262,967,1050
97263,966,1050
97264,963,1048
97265,958,1047
97266,958,1048
97267,961,1048
97268,964,1051
97269,965,1049
97270,963,1047
97271,958,1045
97272,959,1046
97273,963,1048
97274,968,1048
97275,967,1049
97276,964,1047
97277,962,1046
97278,959,1045
97279,962,1048
97280,968,1048
97281,969,1046
97282,966,1042
97283,964,1038
97284,968,1041
97285,968,1044
97286,970,1044
97287,970,1045
97288,972,1041
97289,975,1039
97290,971,1039
97291,978,1041
97292,982,1040
97293,985,1038
97294,984,1034
97295,983,1031
97296,985,1030
97297,989,1033
97298,991,1032
97299,993,1029
97300,995,1027
97301,991,1024
97302,991,1025
97303,997,1026
97304,1001,1027
97305,1001,1023
97306,1001,1020
97307,995,1018
97308,998,1021
97309,1003,1022
97310,1007,1022
97311,1009,1021
97312,1006,1019
97313,1006,1018
97314,1005,1019
97315,1008,1020
97316,1013,1024
97317,1014,1024
97318,1012,1023
97319,1009,1021
97320,1010,1023
97321,1012,1027
97322,1014,1030
97323,1010,1033
97324,1010,1032
97325,1004,1034
97326,1004,1039
97327,1003,1042
97328,1006,1044
97329,1001,1043
97330,999,1045
97331,994,1047
97332,990,1051
97333,992,1057
97334,992,1056
97335,990,1055
97336,986,1053
97337,980,1054
97338,977,1057
97339,980,1059
97340,979,1062
97341,982,1060
97342,978,1057
97343,976,1057
97344,975,1059
97345,977,1062
97346,980,1066
97347,980,1064
97348,974,1062
97349,974,1063
97350,971,1062
97351,974,1064
97352,975,1065
97353,975,1062
97354,974,1060
97355,971,1061
97356,972,1062
97357,972,1063
97358,975,1065
97359,977,1060
97360,975,1056
97361,972,1055
97362,973,1057
97363,974,1059
97364,980,1060
97365,979,1057
97366,979,1055
97367,977,1054
97368,974,1056
97369,975,1059
97370,980,1058
97371,981,1056
97372,980,1054
97373,976,1054
97374,975,1054
97375,979,1058
97376,982,1059
97377,983,1056
97378,980,1054
97379,977,1053
97380,976,1055
97381,975,1057
97382,980,1059
97383,978,1059
97384,974,1055
97385,971,1052
97386,972,1056
97387,975,1059
97388,977,1058
97389,979,1056
97390,976,1053
97391,975,1053
97392,978,1057
97393,980,1059
97394,982,1059
97395,984,1059
97396,981,1054
97397,978,1054
97398,975,1056
97399,975,1062
97400,979,1062
97401,982,1060
97402,978,1057
97403,978,1055
97404,976,1056
97405,978,1059
97406,979,1059
97407,978,1059
97408,978,1057
97409,976,1056
97410,974,1055
97411,974,1058
97412,973,1058
97413,973,1056
97414,970,1057
97415,969,1053
97416,969,1055
97417,969,1056
97418,972,1056
97419,967,1054
97420,969,1053
97421,965,1053
97422,965,1057
97423,966,1057
97424,967,1060
97425,967,1058
97426,966,1055
97427,963,1056
97428,960,1057
97429,963,1062
97430,967,1064
97431,965,1061
97432,965,1058
97433,964,1058
97434,961,1059
97435,964,1063
97436,968,1065
97437,969,1063
97438,967,1060
97439,968,1060
97440,968,1059
97441,971,1064
97442,973,1065
97443,972,1061
97444,971,1057
97445,971,1058
97446,969,1062
97447,969,1064
97448,971,1062
97449,971,1062
97450,971,1054
97451,967,1055
97452,966,1057
97453,967,1060
97454,971,1060
97455,972,1061
97456,970,1058
97457,964,1059
97458,963,1061
97459,965,1061
97460,967,1065
97461,966,1062
97462,965,1059
97463,965,1058
97464,965,1060
97465,968,1060
97466,970,1062
97467,972,1059
97468,971,1054
97469,968,1055
97470,966,1057
97471,971,1059
97472,973,1062
97473,973,1060
97474,968,1056
97475,966,1056
97476,962,1058
97477,964,1061
97478,970,1059
97479,971,1059
97480,971,1056
97481,970,1056
97482,971,1059
97483,973,1061
97484,974,1063
97485,974,1061
97486,976,1060
97487,972,1058
97488,974,1058
97489,979,1063
97490,985,1061
97491,987,1058
97492,988,1056
97493,987,1050
97494,991,1049
97495,1004,1052
97496,1019,1051
97497,1038,1044
97498,1056,1041
97499,1081,1034
97500,1117,1028
97501,1156,1022
97502,1193,1017
97503,1227,1018
97504,1251,1022
97505,1266,1033
97506,1268,1048
97507,1254,1060
97508,1221,1065
97509,1168,1065
97510,1107,1067
97511,1043,1076
97512,984,1089
97513,955,1095
97514,953,1095
97515,963,1085
97516,970,1073
97517,974,1065
97518,972,1063
97519,972,1061
97520,972,1061
97521,972,1057
97522,967,1056
97523,963,1052
97524,961,1050
97525,965,1055
97526,964,1056
97527,962,1053
97528,961,1052
97529,959,1049
97530,956,1054
97531,958,1056
97532,961,1054
97533,960,1052
97534,956,1049
97535,953,1050
97536,958,1051
97537,959,1053
97538,962,1057
97539,961,1057
97540,957,1055
97541,955,1052
97542,955,1056
97543,958,1058
97544,962,1057
97545,961,1054
97546,958,1051
97547,956,1053
97548,957,1055
97549,959,1057
97550,961,1059
97551,960,1056
97552,960,1052
97553,960,1051
97554,957,1052
97555,957,1050
97556,961,1054
97557,962,1052
97558,961,1047
97559,959,1044
97560,960,1045
97561,962,1044
97562,967,1045
97563,968,1043
97564,968,1039
97565,964,1037
97566,961,1037
97567,967,1040
97568,972,1041
97569,974,1038
97570,973,1033
97571,973,1031
97572,977,1031
97573,979,1031
97574,984,1030
97575,983,1029
97576,981,1023
97577,983,1022
97578,984,1022
97579,988,1023
97580,991,1024
97581,996,1020
97582,997,1015
97583,994,1011
97584,990,1014
97585,994,1016
97586,996,1018
97587,998,1017
97588,1002,1012
97589,1003,1011
97590,1003,1013
97591,1006,1016
97592,1006,1016
97593,1006,1011
97594,1007,1010
97595,1008,1008
97596,1010,1013
97597,1014,1016
97598,1013,1016
97599,1011,1013
97600,1009,1013
97601,1005,1013
97602,1002,1017
97603,1004,1023
97604,1006,1024
97605,1006,1025
97606,1003,1026
97607,997,1025
97608,996,1031
97609,1000,1035
97610,999,1040
97611,996,1040
97612,994,1039
97613,992,1039
97614,987,1043
97615,988,1043
97616,987,1045
97617,985,1043
97618,981,1043
97619,978,1044
97620,977,1048
97621,975,1052
97622,979,1055
97623,973,1053
97624,970,1051
97625,968,1049
97626,970,1051
97627,969,1055
97628,972,1056
97629,973,1054
97630,969,1051
97631,965,1051
97632,966,1053
97633,968,1057
97634,971,1058
97635,973,1055
97636,972,1054
97637,970,1052
97638,969,1054
97639,975,1055
97640,980,1057
97641,981,1055
97642,980,1051
97643,984,1052
97644,989,1051
97645,995,1054
97646,1001,1055
97647,1001,1055
97648,1001,1054
97649,1006,1056
97650,1012,1056
97651,1025,1058
97652,1041,1052
97653,1052,1041
97654,1063,1024
97655,1070,1009
97656,1079,1001
97657,1095,993
97658,1114,981
97659,1127,964
97660,1138,952
97661,1150,935
97662,1164,924
97663,1180,914
97664,1195,906
97665,1205,896
97666,1209,886
97667,1206,879
97668,1203,885
97669,1201,890
97670,1200,899
97671,1194,898
97672,1190,898
97673,1180,899
97674,1166,903
97675,1154,908
97676,1140,916
97677,1126,923
97678,1107,929
97679,1086,937
97680,1066,948
97681,1055,961
97682,1051,973
97683,1040,979
97684,1032,985
97685,1031,993
97686,1028,1000
97687,1030,1010
97688,1035,1017
97689,1045,1019
97690,1054,1020
97691,1060,1019
97692,1061,1021
97693,1047,1025
97694,1024,1029
97695,994,1033
97696,968,1042
97697,950,1049
97698,941,1059
97699,941,1073
97700,939,1079
97701,931,1079
97702,925,1079
97703,919,1078
97704,915,1083
97705,917,1087
97706,917,1090
97707,914,1091
97708,906,1090
97709,902,1090
97710,900,1093
97711,903,1096
97712,904,1100
97713,902,1098
97714,896,1096
97715,892,1098
97716,889,1100
97717,888,1103
97718,890,1103
97719,887,1102
97720,882,1100
97721,877,1101
97722,878,1106
97723,879,1110
97724,881,1110
97725,878,1107
97726,874,1108
97727,868,1110
97728,868,1113
97729,867,1119
97730,871,1121
97731,870,1123
97732,867,1120
97733,865,1122
97734,864,1126
97735,863,1129
97736,865,1133
97737,868,1131
97738,866,1132
97739,862,1133
97740,860,1136
97741,864,1140
97742,866,1143
97743,868,1140
97744,867,1137
97745,865,1139
97746,864,1142
97747,869,1142
97748,877,1146
97749,879,1144
97750,880,1141
97751,878,1139
97752,880,1137
97753,887,1138
97754,892,1137
97755,896,1133
97756,897,1131
97757,901,1125
97758,907,1124
97759,910,1125
97760,917,1120
97761,921,1114
97762,924,1109
97763,926,1104
97764,930,1104
97765,935,1104
97766,942,1102
97767,946,1097
97768,949,1090
97769,951,1087
97770,952,1087
97771,959,1087
97772,965,1086
97773,968,1081
97774,968,1074
97775,964,1074
97776,967,1075
97777,972,1072
97778,973,1071
97779,972,1067
97780,973,1065
97781,970,1060
97782,972,1061
97783,972,1061
97784,977,1062
97785,975,1059
97786,972,1056
97787,974,1055
97788,976,1054
97789,981,1056
97790,984,1056
97791,980,1055
97792,977,1053
97793,977,1053
97794,976,1052
97795,978,1055
97796,980,1056
97797,980,1055
97798,978,1051
97799,979,1051
97800,981,1054
97801,979,1054
97802,984,1054
97803,981,1053
97804,982,1048
97805,982,1047
97806,978,1048
97807,979,1050
97808,983,1050
97809,983,1047
97810,981,1047
97811,978,1045
97812,980,1048
97813,982,1052
97814,985,1052
97815,986,1051
97816,984,1048
97817,980,1047
97818,980,1049
97819,985,1053
97820,989,1053
97821,988,1050
97822,986,1048
97823,983,1046
97824,982,1049
97825,984,1050
97826,987,1052
97827,987,1049
97828,987,1045
97829,983,1044
97830,984,1047
97831,985,1046
97832,993,1048
97833,988,1046
97834,988,1042
97835,983,1041
97836,982,1044
97837,986,1046
97838,989,1045
97839,989,1042
97840,987,1042
97841,987,1043
97842,985,1044
97843,990,1047
97844,994,1046
97845,994,1043
97846,989,1042
97847,987,1042
97848,986,1042
97849,990,1043
97850,994,1045
97851,994,1044
97852,991,1042
97853,987,1041
97854,984,1041
97855,986,1045
97856,990,1044
97857,988,1046
97858,986,1043
97859,984,1045
97860,982,1049
97861,988,1049
97862,989,1050
97863,990,1049
97864,986,1049
97865,984,1047
97866,985,1048
97867,990,1053
97868,991,1052
97869,989,1052
97870,987,1046
97871,984,1047
97872,987,1050
97873,989,1052
97874,989,1051
97875,990,1049
97876,989,1047
97877,986,1046
97878,987,1052
97879,989,1051
97880,992,1051
97881,989,1047
97882,989,1045
97883,988,1045
97884,987,1046
97885,989,1052
97886,992,1051
97887,991,1050
97888,991,1045
97889,989,1042
97890,988,1044
97891,990,1048
97892,994,1050
97893,993,1044
97894,989,1043
97895,984,1041
97896,985,1044
97897,989,1048
97898,993,1048
97899,991,1046
97900,987,1040
97901,985,1042
97902,984,1045
97903,984,1047
97904,988,1050
97905,986,1049
97906,984,1047
97907,984,1046
97908,981,1048
97909,987,1048
97910,989,1047
97911,991,1046
97912,989,1045
97913,983,1043
97914,988,1046
97915,990,1048
97916,993,1049
97917,992,1048
97918,989,1046
97919,989,1043
97920,987,1045
97921,992,1048
97922,993,1050
97923,995,1048
97924,990,1046
97925,988,1046
97926,988,1045
97927,991,1047
97928,993,1048
97929,995,1044
97930,992,1044
97931,990,1044
97932,987,1044
97933,990,1049
97934,994,1049
97935,993,1047
97936,991,1045
97937,989,1043
97938,987,1044
97939,989,1045
97940,991,1043
97941,991,1044
97942,990,1041
97943,987,1042
97944,992,1044
97945,995,1047
97946,997,1048
97947,996,1047
97948,994,1045
97949,992,1047
97950,992,1048
97951,995,1050
97952,996,1050
97953,998,1049
97954,995,1044
97955,991,1043
97956,993,1047
97957,995,1050
97958,996,1049
97959,998,1051
97960,995,1048
97961,995,1048
97962,995,1051
97963,997,1052
97964,1003,1052
97965,1001,1052
97966,997,1051
97967,997,1051
97968,998,1050
97969,999,1054
97970,1005,1053
97971,1002,1054
97972,1001,1050
97973,998,1050
97974,999,1052
97975,1003,1054
97976,1006,1053
97977,1005,1048
97978,1002,1047
97979,1002,1045
97980,1002,1045
97981,1004,1047
97982,1007,1047
97983,1009,1045
97984,1006,1042
97985,1008,1039
97986,1015,1039
97987,1025,1039
97988,1040,1037
97989,1054,1034
97990,1072,1030
97991,1098,1026
97992,1133,1022
97993,1171,1018
97994,1212,1015
97995,1246,1011
97996,1277,1011
97997,1300,1021
97998,1309,1035
97999,1299,1046
98000,1265,1049
98001,1215,1051
98002,1156,1052
98003,1097,1057
98004,1043,1063
98005,1007,1071
98006,992,1071
98007,994,1064
98008,1000,1054
98009,1002,1050
98010,997,1048
98011,999,1051
98012,999,1051
98013,996,1048
98014,993,1046
98015,990,1048
98016,990,1050
98017,989,1052
98018,990,1052
98019,987,1050
98020,986,1047
98021,986,1047
98022,983,1046
98023,986,1051
98024,988,1050
98025,987,1050
98026,983,1047
98027,979,1049
98028,981,1050
98029,983,1052
98030,988,1053
98031,986,1053
98032,985,1050
98033,978,1048
98034,980,1049
98035,982,1054
98036,983,1054
98037,985,1052
98038,980,1050
98039,978,1050
98040,978,1052
98041,978,1054
98042,984,1054
98043,983,1051
98044,982,1047
98045,981,1046
98046,982,1049
98047,985,1051
98048,991,1053
98049,990,1051
98050,988,1048
98051,985,1045
98052,989,1047
98053,991,1049
98054,992,1053
98055,994,1048
98056,992,1047
98057,990,1046
98058,993,1046
98059,998,1046
98060,999,1048
98061,999,1044
98062,999,1042
98063,999,1043
98064,999,1043
98065,1004,1046
98066,1008,1043
98067,1009,1040
98068,1006,1037
98069,1008,1036
98070,1008,1035
98071,1015,1039
98072,1019,1039
98073,1020,1035
98074,1016,1029
98075,1018,1028
98076,1017,1029
98077,1022,1031
98078,1028,1030
98079,1025,1028
98080,1022,1023
98081,1020,1021
98082,1022,1022
98083,1023,1024
98084,1029,1022
98085,1029,1021
98086,1025,1020
98087,1025,1018
98088,1027,1018
98089,1031,1020
98090,1034,1022
98091,1036,1020
98092,1035,1018
98093,1034,1016
98094,1030,1020
98095,1034,1022
98096,1039,1022
98097,1041,1023
98098,1041,1022
98099,1040,1021
98100,1041,1025
98101,1041,1028
98102,1042,1029
98103,1043,1028
98104,1038,1028
98105,1034,1029
98106,1031,1032
98107,1033,1035
98108,1033,1038
98109,1034,1039
98110,1028,1037
98111,1024,1039
98112,1020,1043
98113,1022,1047
98114,1023,1051
98115,1019,1051
98116,1018,1049
98117,1013,1051
98118,1013,1054
98119,1013,1056
98120,1016,1056
98121,1013,1054
98122,1011,1051
98123,1006,1053
98124,1005,1055
98125,1008,1059
98126,1010,1057
98127,1008,1056
98128,1004,1055
98129,1002,1052
98130,999,1054
98131,1001,1057
98132,1004,1059
98133,1005,1056
98134,1002,1054
98135,998,1055
98136,998,1056
98137,999,1060
98138,1002,1058
98139,1001,1056
98140,996,1051
98141,997,1051
98142,996,1054
98143,1000,1058
98144,1002,1058
98145,1004,1057
98146,1002,1052
98147,1001,1053
98148,1001,1054
98149,1002,1057
98150,1004,1058
98151,1001,1056
98152,1002,1052
98153,1000,1051
98154,999,1053
98155,1005,1055
98156,1010,1057
98157,1011,1053
98158,1009,1052
98159,1006,1050
98160,1007,1053
98161,1007,1053
98162,1012,1056
98163,1009,1054
98164,1010,1050
98165,1008,1050
98166,1010,1051
98167,1012,1055
98168,1014,1055
98169,1011,1052
98170,1009,1052
98171,1006,1049
98172,1007,1054
98173,1009,1055
98174,1015,1054
98175,1013,1053
98176,1007,1051
98177,1008,1050
98178,1008,1052
98179,1009,1053
98180,1011,1054
98181,1012,1052
98182,1010,1048
98183,1005,1048
98184,1008,1050
98185,1008,1053
98186,1010,1050
98187,1009,1050
98188,1005,1048
98189,1004,1046
98190,1005,1050
98191,1008,1049
98192,1011,1053
98193,1009,1049
98194,1006,1049
98195,1005,1048
98196,1003,1052
98197,1008,1054
98198,1010,1055
98199,1009,1050
98200,1006,1049
98201,1001,1049
98202,1004,1048
98203,1007,1052
98204,1009,1053
98205,1006,1053
98206,1005,1050
98207,1002,1048
98208,1005,1053
98209,1010,1054
98210,1012,1055
98211,1010,1054
98212,1007,1051
98213,1006,1050
98214,1009,1052
98215,1014,1056
98216,1016,1056
98217,1018,1053
98218,1018,1049
98219,1020,1047
98220,1032,1048
98221,1045,1051
98222,1060,1049
98223,1079,1046
98224,1099,1042
98225,1123,1036
98226,1159,1033
98227,1199,1033
98228,1238,1027
98229,1270,1027
98230,1297,1030
98231,1307,1041
98232,1299,1056
98233,1277,1064
98234,1238,1067
98235,1186,1065
98236,1122,1068
98237,1060,1078
98238,1007,1086
98239,977,1094
98240,971,1092
98241,978,1083
98242,983,1070
98243,985,1064
98244,987,1060
98245,992,1059
98246,996,1054
98247,995,1053
98248,991,1050
98249,986,1050
98250,985,1051
98251,986,1053
98252,985,1053
98253,986,1052
98254,981,1047
98255,981,1049
98256,980,1051
98257,980,1056
98258,987,1055
98259,985,1055
98260,984,1053
98261,981,1051
98262,980,1054
98263,983,1055
98264,984,1057
98265,984,1058
98266,980,1054
98267,976,1053
98268,976,1056
98269,977,1058
98270,984,1058
98271,982,1056
98272,979,1053
98273,976,1055
98274,976,1058
98275,978,1062
98276,981,1061
98277,979,1058
98278,976,1057
98279,973,1055
98280,974,1059
98281,979,1059
98282,980,1056
98283,979,1056
98284,974,1054
98285,972,1055
98286,973,1055
98287,975,1055
98288,979,1052
98289,978,1055
98290,974,1050
98291,974,1050
98292,974,1052
98293,977,1055
98294,980,1053
98295,984,1048
98296,980,1047
98297,977,1046
98298,980,1049
98299,983,1049
98300,988,1047
98301,990,1044
98302,989,1040
98303,991,1040
98304,993,1040
98305,995,1042
98306,1001,1040
98307,1003,1036
98308,1001,1034
98309,1000,1030
98310,1002,1033
98311,1007,1031
98312,1013,1033
98313,1012,1027
98314,1012,1025
98315,1011,1023
98316,1015,1024
98317,1017,1027
98318,1020,1026
98319,1021,1024
98320,1018,1020
98321,1018,1018
98322,1019,1017
98323,1020,1018
98324,1023,1019
98325,1024,1017
98326,1022,1013
98327,1022,1013
98328,1020,1015
98329,1025,1018
98330,1030,1019
98331,1025,1019
98332,1019,1016
98333,1018,1018
98334,1017,1023
98335,1019,1023
98336,1020,1027
98337,1019,1025
98338,1021,1025
98339,1016,1025
98340,1016,1030
98341,1016,1031
98342,1016,1036
98343,1015,1035
98344,1007,1035
98345,1003,1034
98346,1001,1041
98347,1003,1043
98348,1004,1045
98349,1002,1045
98350,996,1044
98351,989,1047
98352,990,1049
98353,991,1051
98354,994,1053
98355,992,1052
98356,990,1052
98357,984,1054
98358,983,1057
98359,985,1060
98360,989,1065
98361,987,1064
98362,985,1061
98363,982,1063
98364,983,1067
98365,986,1067
98366,985,1066
98367,986,1067
98368,984,1065
98369,982,1065
98370,983,1068
98371,989,1071
98372,989,1072
98373,989,1072
98374,986,1070
98375,983,1068
98376,982,1071
98377,986,1075
98378,989,1072
98379,992,1070
98380,990,1067
98381,987,1066
98382,985,1069
98383,987,1070
98384,990,1070
98385,991,1067
98386,989,1063
98387,989,1065
98388,991,1065
98389,991,1067
98390,990,1066
98391,991,1064
98392,989,1064
98393,990,1059
98394,989,1061
98395,988,1065
98396,994,1064
98397,992,1060
98398,991,1059
98399,985,1058
98400,987,1061
98401,991,1064
98402,992,1066
98403,994,1060
98404,986,1059
98405,987,1058
98406,988,1059
98407,990,1060
98408,993,1059
98409,993,1057
98410,992,1055
98411,988,1054
98412,987,1053
98413,988,1060
98414,993,1058
98415,993,1058
98416,991,1055
98417,987,1055
98418,990,1056
98419,991,1061
98420,996,1061
98421,995,1061
98422,993,1058
98423,993,1059
98424,994,1063
98425,998,1065
98426,1000,1065
98427,1000,1063
98428,999,1059
98429,995,1058
98430,998,1059
98431,1003,1063
98432,1008,1060
98433,1014,1056
98434,1016,1051
98435,1023,1049
98436,1037,1049
98437,1054,1049
98438,1077,1048
98439,1108,1046
98440,1141,1037
98441,1177,1031
98442,1219,1029
98443,1259,1032
98444,1295,1036
98445,1317,1045
98446,1326,1057
98447,1316,1068
98448,1287,1075
98449,1241,1079
98450,1186,1081
98451,1125,1087
98452,1066,1092
98453,1015,1093
98454,979,1094
98455,970,1092
98456,975,1087
98457,982,1075
98458,983,1066
98459,982,1063
98460,981,1059
98461,980,1063
98462,981,1060
98463,978,1058
98464,977,1053
98465,972,1057
98466,973,1056
98467,972,1060
98468,974,1062
98469,971,1060
98470,967,1056
98471,968,1056
98472,964,1060
98473,965,1061
98474,965,1062
98475,963,1059
98476,965,1057
98477,962,1058
98478,960,1061
98479,963,1062
98480,963,1063
98481,965,1060
98482,963,1059
98483,960,1058
98484,961,1060
98485,962,1064
98486,965,1065
98487,963,1063
98488,960,1060
98489,957,1058
98490,955,1060
98491,960,1063
98492,961,1062
98493,963,1060
98494,964,1056
98495,962,1055
98496,963,1056
98497,965,1058
98498,972,1059
98499,969,1059
98500,965,1056
98501,962,1056
98502,964,1056
98503,969,1058
98504,973,1059
98505,975,1053
98506,971,1052
98507,970,1050
98508,970,1050
98509,972,1050
98510,977,1051
98511,978,1049
98512,975,1047
98513,975,1047
98514,973,1045
98515,977,1053
98516,980,1051
98517,980,1049
98518,980,1047
98519,975,1044
98520,978,1044
98521,983,1047
98522,986,1044
98523,986,1045
98524,982,1040
98525,978,1040
98526,982,1041
98527,988,1040
98528,990,1042
98529,992,1039
98530,990,1033
98531,989,1033
98532,988,1033
98533,991,1035
98534,998,1033
98535,998,1028
98536,998,1025
98537,995,1023
98538,998,1024
98539,1000,1025
98540,1005,1026
98541,1002,1025
98542,1004,1018
98543,1002,1020
98544,1005,1020
98545,1008,1023
98546,1011,1024
98547,1012,1023
98548,1008,1021
98549,1008,1022
98550,1009,1025
98551,1009,1029
98552,1012,1031
98553,1012,1031
98554,1006,1030
98555,1003,1029
98556,1004,1034
98557,1005,1037
98558,1004,1038
98559,1004,1038
98560,1002,1039
98561,997,1038
98562,996,1043
98563,997,1047
98564,999,1050
98565,998,1050
98566,992,1050
98567,987,1050
98568,984,1053
98569,989,1057
98570,989,1060
98571,988,1058
98572,984,1057
98573,981,1060
98574,982,1061
98575,980,1065
98576,980,1063
98577,980,1063
98578,978,1062
98579,976,1059
98580,975,1064
98581,978,1065
98582,980,1066
98583,979,1064
98584,974,1063
98585,967,1063
98586,972,1065
98587,973,1069
98588,974,1067
98589,976,1066
98590,974,1061
98591,971,1061
98592,971,1066
98593,973,1070
98594,978,1067
98595,980,1066
98596,978,1063
98597,972,1062
98598,976,1069
98599,980,1069
98600,980,1068
98601,978,1064
98602,975,1062
98603,973,1063
98604,975,1066
98605,978,1067
98606,983,1069
98607,984,1064
98608,980,1061
98609,978,1060
98610,978,1062
98611,981,1063
98612,984,1062
98613,983,1062
98614,982,1059
98615,980,1060
98616,981,1062
98617,984,1064
98618,985,1064
98619,984,1063
98620,984,1061
98621,985,1060
98622,983,1061
98623,987,1066
98624,990,1063
98625,990,1063
98626,984,1060
98627,981,1059
98628,982,1061
98629,984,1062
98630,985,1065
98631,986,1061
98632,980,1058
98633,979,1057
98634,979,1061
98635,979,1063
98636,981,1061
98637,977,1063
98638,977,1058
98639,974,1058
98640,976,1059
98641,979,1062
98642,980,1062
98643,979,1061
98644,975,1057
98645,974,1057
98646,973,1057
98647,978,1063
98648,981,1062
98649,980,1058
98650,977,1055
98651,973,1056
98652,976,1059
98653,980,1060
98654,983,1059
98655,982,1057
98656,981,1053
98657,980,1055
98658,983,1058
98659,987,1060
98660,986,1061
98661,986,1059
98662,982,1055
98663,981,1056
98664,982,1058
98665,987,1061
98666,993,1059
98667,992,1056
98668,987,1055
98669,983,1056
98670,984,1055
98671,991,1056
98672,999,1052
98673,1009,1049
98674,1018,1046
98675,1027,1046
98676,1043,1047
98677,1067,1050
98678,1103,1046
98679,1134,1039
98680,1169,1027
98681,1206,1024
98682,1241,1028
98683,1274,1038
98684,1294,1053
98685,1292,1063
98686,1267,1068
98687,1216,1065
98688,1161,1070
98689,1109,1078
98690,1052,1087
98691,993,1095
98692,949,1098
98693,934,1102
98694,941,1101
98695,953,1095
98696,963,1086
98697,966,1077
98698,967,1068
98699,966,1063
98700,964,1061
98701,965,1064
98702,969,1059
98703,969,1055
98704,963,1052
98705,959,1053
98706,958,1054
98707,962,1055
98708,964,1055
98709,965,1054
98710,962,1050
98711,958,1050
98712,959,1052
98713,962,1054
98714,965,1056
98715,967,1054
98716,963,1050
98717,961,1051
98718,960,1054
98719,959,1056
98720,964,1056
98721,965,1055
98722,961,1052
98723,956,1051
98724,956,1055
98725,959,1060
98726,962,1058
98727,964,1057
98728,960,1053
98729,954,1056
98730,957,1058
98731,960,1061
98732,962,1057
98733,959,1057
98734,956,1054
98735,952,1055
98736,954,1055
98737,959,1058
98738,962,1060
98739,963,1056
98740,959,1052
98741,958,1053
98742,959,1055
98743,962,1056
98744,965,1054
98745,965,1051
98746,964,1047
98747,961,1046
98748,963,1048
98749,968,1050
98750,971,1047
98751,971,1047
98752,968,1042
98753,967,1039
98754,971,1041
98755,974,1042
98756,977,1041
98757,976,1035
98758,973,1033
98759,974,1033
98760,976,1033
98761,977,1031
98762,983,1029
98763,986,1028
98764,987,1027
98765,984,1025
98766,983,1025
98767,986,1027
98768,990,1026
98769,991,1024
98770,991,1020
98771,992,1021
98772,992,1024
98773,995,1026
98774,998,1024
98775,1000,1021
98776,1000,1023
98777,996,1020
98778,999,1026
98779,1000,1023
98780,1004,1025
98781,1006,1025
98782,1002,1023
98783,999,1024
98784,1002,1027
98785,1003,1032
98786,1007,1034
98787,1005,1034
98788,1001,1033
98789,995,1032
98790,995,1037
98791,999,1040
98792,1000,1042
98793,1000,1041
98794,995,1041
98795,987,1043
98796,988,1044
98797,986,1049
98798,988,1049
98799,983,1050
98800,980,1053
98801,975,1053
98802,973,1056
98803,978,1060
98804,981,1061
98805,981,1062
98806,978,1057
98807,975,1059
98808,975,1063
98809,975,1065
98810,977,1066
98811,974,1066
98812,972,1065
98813,969,1065
98814,972,1066
98815,975,1070
98816,978,1070
98817,976,1068
98818,973,1066
98819,971,1063
98820,971,1068
98821,973,1071
98822,978,1069
98823,976,1067
98824,976,1063
98825,972,1063
98826,975,1062
98827,977,1066
98828,980,1067
98829,981,1065
98830,979,1061
98831,980,1060
98832,979,1062
98833,980,1065
98834,985,1063
98835,984,1061
98836,981,1059
98837,978,1056
98838,977,1056
98839,982,1061
98840,987,1060
98841,988,1055
98842,987,1053
98843,984,1055
98844,987,1055
98845,995,1056
98846,1001,1058
98847,1009,1058
98848,1010,1053
98849,1009,1058
98850,1013,1062
98851,1015,1067
98852,1022,1065
98853,1026,1065
98854,1036,1064
98855,1043,1056
98856,1059,1051
98857,1072,1042
98858,1088,1027
98859,1100,1013
98860,1112,999
98861,1124,988
98862,1136,980
98863,1153,970
98864,1168,960
98865,1181,943
98866,1188,930
98867,1194,922
98868,1202,915
98869,1216,910
98870,1229,902
98871,1231,895
98872,1225,893
98873,1220,897
98874,1218,900
98875,1218,905
98876,1215,904
98877,1206,906
98878,1196,902
98879,1185,908
98880,1173,911
98881,1161,919
98882,1150,925
98883,1132,927
98884,1108,929
98885,1093,940
98886,1083,948
98887,1078,958
98888,1075,966
98889,1068,972
98890,1061,973
98891,1055,982
98892,1050,992
98893,1051,999
98894,1053,1005
98895,1062,1010
98896,1068,1012
98897,1077,1014
98898,1088,1020
98899,1089,1025
98900,1073,1029
98901,1034,1031
98902,993,1036
98903,962,1048
98904,946,1061
98905,938,1073
98906,937,1081
98907,933,1088
98908,927,1088
98909,921,1092
98910,919,1095
98911,921,1100
98912,920,1103
98913,914,1103
98914,913,1101
98915,909,1106
98916,907,1108
98917,906,1115
98918,910,1115
98919,905,1114
98920,899,1116
98921,893,1117
98922,892,1120
98923,892,1123
98924,892,1126
98925,888,1125
98926,882,1123
98927,879,1126
98928,879,1130
98929,881,1135
98930,880,1136
98931,879,1134
98932,874,1130
98933,869,1132
98934,872,1140
98935,873,1145
98936,873,1144
98937,870,1146
98938,866,1145
98939,863,1147
98940,862,1153
98941,863,1159
98942,860,1161
98943,863,1162
98944,857,1159
98945,854,1160
98946,853,1167
98947,854,1169
98948,854,1172
98949,855,1172
98950,850,1169
98951,851,1172
98952,850,1177
98953,852,1183
98954,857,1182
98955,856,1184
98956,856,1183
98957,853,1184
98958,855,1187
98959,859,1192
98960,866,1191
98961,866,1191
98962,866,1188
98963,865,1188
98964,869,1188
98965,877,1191
98966,882,1188
98967,886,1186
98968,887,1180
98969,892,1177
98970,898,1175
98971,904,1173
98972,915,1168
98973,917,1163
98974,916,1157
98975,920,1153
98976,922,1151
98977,931,1148
98978,935,1145
98979,941,1137
98980,940,1130
98981,941,1129
98982,945,1124
98983,950,1120
98984,955,1115
98985,959,1111
98986,959,1106
98987,959,1103
98988,961,1099
98989,962,1101
98990,965,1095
98991,964,1090
98992,964,1087
98993,960,1082
98994,962,1082
98995,964,1083
98996,968,1082
98997,966,1077
98998,962,1076
98999,958,1073
99000,962,1075
99001,961,1076
99002,965,1078
99003,963,1074
99004,958,1074
99005,957,1074
99006,961,1076
99007,960,1077
99008,962,1077
99009,965,1075
99010,963,1072
99011,963,1072
99012,964,1074
99013,964,1078
99014,967,1078
99015,963,1075
99016,964,1071
99017,962,1073
99018,964,1074
99019,966,1074
99020,968,1073
99021,968,1071
99022,967,1068
99023,963,1065
99024,968,1068
99025,970,1068
99026,971,1068
99027,970,1066
99028,967,1061
99029,966,1062
99030,968,1063
99031,972,1066
99032,975,1063
99033,972,1063
99034,969,1057
99035,969,1058
99036,970,1060
99037,970,1063
99038,970,1062
99039,973,1057
99040,971,1054
99041,972,1055
99042,973,1059
99043,977,1061
99044,977,1058
99045,976,1057
99046,973,1059
99047,973,1056
99048,973,1060
99049,975,1063
99050,976,1059
99051,976,1060
99052,975,1056
99053,972,1058
99054,974,1061
99055,977,1064
99056,980,1062
99057,979,1060
99058,975,1054
99059,972,1057
99060,975,1057
99061,976,1061
99062,977,1058
99063,978,1057
99064,975,1056
99065,975,1057
99066,977,1059
99067,978,1060
99068,982,1057
99069,980,1057
99070,979,1053
99071,978,1053
99072,979,1055
99073,980,1056
99074,984,1056
99075,981,1055
99076,981,1054
99077,976,1053
99078,979,1056
99079,982,1058
99080,985,1056
99081,984,1056
99082,980,1051
99083,979,1054
99084,980,1055
99085,980,1057
99086,981,1060
99087,980,1057
99088,980,1054
99089,980,1055
99090,979,1056
99091,982,1059
99092,984,1059
99093,983,1058
99094,979,1057
99095,977,1056
99096,979,1062
99097,982,1060
99098,987,1063
99099,982,1060
99100,979,1056
99101,976,1054
99102,977,1057
99103,981,1060
99104,983,1059
99105,984,1058
99106,983,1054
99107,981,1056
99108,983,1057
99109,985,1060
99110,988,1059
99111,986,1056
99112,981,1054
99113,981,1056
99114,979,1059
99115,981,1060
99116,985,1060
99117,983,1058
99118,981,1055
99119,980,1057
99120,981,1059
99121,981,1062
99122,986,1060
99123,987,1058
99124,984,1054
99125,983,1056
99126,984,1056
99127,987,1061
99128,988,1060
99129,986,1057
99130,984,1055
99131,982,1055
99132,983,1057
99133,986,1060
99134,985,1059
99135,985,1059
99136,981,1055
99137,980,1055
99138,980,1056
99139,985,1059
99140,986,1057
99141,983,1057
99142,985,1053
99143,984,1055
99144,985,1059
99145,986,1057
99146,990,1059
99147,987,1055
99148,987,1053
99149,986,1056
99150,988,1058
99151,990,1058
99152,995,1060
99153,996,1056
99154,997,1049
99155,1000,1047
99156,1006,1049
99157,1020,1050
99158,1036,1049
99159,1053,1043
99160,1074,1040
99161,1098,1036
99162,1138,1034
99163,1178,1027
99164,1220,1022
99165,1256,1021
99166,1290,1023
99167,1316,1033
99168,1327,1049
99169,1316,1062
99170,1278,1067
99171,1218,1068
99172,1149,1072
99173,1081,1078
99174,1019,1083
99175,982,1087
99176,970,1083
99177,976,1073
99178,985,1067
99179,989,1060
99180,989,1059
99181,988,1062
99182,988,1061
99183,985,1058
99184,981,1056
99185,977,1057
99186,980,1058
99187,978,1060
99188,981,1062
99189,977,1059
99190,972,1059
99191,969,1058
99192,969,1063
99193,972,1063
99194,975,1063
99195,971,1058
99196,970,1055
99197,967,1056
99198,966,1059
99199,968,1063
99200,969,1062
99201,971,1058
99202,966,1058
99203,964,1058
99204,964,1060
99205,967,1065
99206,970,1065
99207,970,1063
99208,969,1060
99209,965,1062
99210,967,1064
99211,968,1064
99212,970,1065
99213,967,1060
99214,966,1060
99215,964,1060
99216,966,1062
99217,970,1064
99218,974,1060
99219,972,1059
99220,969,1055
99221,970,1053
99222,974,1055
99223,975,1059
99224,981,1058
99225,978,1058
99226,975,1053
99227,976,1053
99228,981,1054
99229,986,1059
99230,990,1056
99231,991,1054
99232,986,1051
99233,985,1052
99234,987,1055
99235,992,1053
99236,994,1050
99237,996,1045
99238,996,1042
99239,996,1043
99240,998,1043
99241,1002,1042
99242,1007,1042
99243,1009,1038
99244,1009,1033
99245,1006,1034
99246,1009,1033
99247,1013,1034
99248,1017,1034
99249,1018,1030
99250,1013,1028
99251,1015,1027
99252,1018,1028
99253,1024,1031
99254,1025,1029
99255,1030,1026
99256,1031,1024
99257,1031,1025
99258,1035,1026
99259,1035,1027
99260,1039,1027
99261,1038,1026
99262,1035,1023
99263,1030,1025
99264,1031,1029
99265,1036,1034
99266,1039,1034
99267,1034,1035
99268,1030,1034
99269,1026,1036
99270,1027,1042
99271,1030,1045
99272,1028,1048
99273,1025,1046
99274,1020,1046
99275,1018,1048
99276,1017,1053
99277,1017,1056
99278,1018,1057
99279,1016,1056
99280,1010,1054
99281,1004,1053
99282,1004,1058
99283,1002,1062
99284,1003,1063
99285,998,1060
99286,997,1058
99287,996,1058
99288,995,1060
99289,995,1062
99290,998,1063
99291,993,1062
99292,991,1059
99293,989,1061
99294,993,1065
99295,993,1068
99296,993,1067
99297,992,1066
99298,990,1064
99299,986,1064
99300,986,1065
99301,989,1069
99302,991,1068
99303,991,1065
99304,990,1063
99305,989,1061
99306,989,1064
99307,992,1066
99308,994,1063
99309,994,1063
99310,991,1061
99311,989,1062
99312,990,1064
99313,992,1066
99314,995,1066
99315,996,1064
99316,995,1061
99317,993,1063
99318,995,1063
99319,1000,1067
99320,999,1066
99321,998,1062
99322,996,1062
99323,994,1062
99324,994,1063
99325,997,1064
99326,998,1064
99327,996,1061
99328,994,1058
99329,991,1060
99330,995,1062
99331,997,1067
99332,1001,1065
99333,997,1063
99334,997,1061
99335,998,1064
99336,997,1063
99337,1000,1067
99338,1001,1065
99339,997,1064
99340,995,1059
99341,992,1061
99342,993,1061
99343,997,1062
99344,1001,1063
99345,999,1060
99346,996,1057
99347,996,1057
99348,999,1060
99349,999,1064
99350,1003,1062
99351,997,1061
99352,993,1056
99353,992,1056
99354,993,1059
99355,995,1061
99356,997,1059
99357,997,1058
99358,995,1053
99359,993,1052
99360,1001,1052
99361,1010,1053
99362,1025,1050
99363,1037,1047
99364,1050,1041
99365,1078,1041
99366,1112,1041
99367,1152,1040
99368,1198,1034
99369,1244,1029
99370,1279,1035
99371,1310,1049
99372,1328,1070
99373,1321,1080
99374,1290,1083
99375,1233,1084
99376,1169,1086
99377,1101,1093
99378,1035,1102
99379,982,1107
99380,953,1107
99381,950,1098
99382,959,1087
99383,968,1080
99384,975,1075
99385,981,1072
99386,980,1067
99387,976,1064
99388,971,1058
99389,970,1058
99390,969,1061
99391,972,1064
99392,971,1063
99393,969,1059
99394,967,1058
99395,963,1058
99396,962,1060
99397,966,1064
99398,969,1063
99399,965,1061
99400,964,1060
99401,964,1059
99402,965,1063
99403,965,1066
99404,969,1064
99405,967,1060
99406,964,1057
99407,962,1056
99408,960,1057
99409,961,1058
99410,963,1062
99411,964,1060
99412,961,1055
99413,962,1056
99414,963,1059
99415,966,1063
99416,969,1060
99417,965,1058
99418,965,1055
99419,960,1058
99420,961,1060
99421,968,1061
99422,968,1062
99423,966,1060
99424,962,1058
99425,960,1058
99426,959,1058
99427,963,1059
99428,966,1059
99429,966,1056
99430,965,1051
99431,963,1052
99432,964,1052
99433,966,1057
99434,967,1054
99435,967,1052
99436,967,1048
99437,963,1046
99438,969,1050
99439,972,1050
99440,975,1046
99441,979,1043
99442,977,1038
99443,975,1039
99444,980,1037
99445,983,1041
99446,986,1036
99447,988,1034
99448,987,1027
99449,987,1030
99450,989,1028
99451,992,1031
99452,997,1028
99453,997,1026
99454,997,1021
99455,997,1020
99456,995,1021
99457,998,1023
99458,999,1019
99459,1001,1018
99460,1000,1013
99461,1001,1014
99462,1001,1017
99463,1003,1021
99464,1005,1021
99465,1002,1022
99466,998,1021
99467,997,1024
99468,997,1029
99469,996,1035
99470,996,1034
99471,998,1034
99472,998,1034
99473,993,1039
99474,992,1042
99475,990,1050
99476,992,1052
99477,991,1052
99478,990,1052
99479,987,1054
99480,985,1060
99481,984,1066
99482,982,1067
99483,980,1067
99484,972,1066
99485,969,1066
99486,969,1069
99487,973,1073
99488,975,1073
99489,975,1071
99490,967,1070
99491,967,1070
99492,969,1071
99493,973,1077
99494,976,1075
99495,973,1073
99496,972,1070
99497,971,1072
99498,970,1075
99499,976,1074
99500,976,1074
99501,977,1066
99502,976,1067
99503,972,1067
99504,972,1069
99505,976,1070
99506,979,1070
99507,978,1066
99508,976,1060
99509,975,1062
99510,975,1064
99511,978,1067
99512,982,1064
99513,983,1061
99514,982,1060
99515,983,1063
99516,983,1064
99517,987,1067
99518,989,1066
99519,987,1063
99520,983,1063
99521,982,1064
99522,985,1067
99523,986,1072
99524,984,1069
99525,988,1070
99526,984,1066
99527,980,1068
99528,982,1072
99529,984,1073
99530,984,1072
99531,980,1069
99532,982,1069
99533,978,1068
99534,979,1069
99535,985,1072
99536,984,1072
99537,983,1068
99538,983,1063
99539,979,1065
99540,977,1069
99541,980,1070
99542,983,1068
99543,978,1066
99544,976,1063
99545,975,1061
99546,975,1065
99547,979,1068
99548,980,1064
99549,977,1063
99550,975,1060
99551,975,1060
99552,974,1062
99553,978,1065
99554,980,1065
99555,978,1062
99556,974,1059
99557,972,1060
99558,973,1061
99559,977,1063
99560,979,1064
99561,976,1063
99562,976,1059
99563,972,1059
99564,974,1065
99565,977,1067
99566,980,1067
99567,977,1063
99568,974,1063
99569,973,1061
99570,975,1062
99571,977,1063
99572,985,1064
99573,987,1062
99574,984,1060
99575,977,1060
99576,980,1064
99577,984,1064
99578,986,1065
99579,984,1061
99580,981,1062
99581,979,1063
99582,982,1065
99583,982,1066
99584,985,1068
99585,981,1064
99586,979,1063
99587,978,1063
99588,979,1066
99589,982,1069
99590,981,1067
99591,980,1066
99592,979,1065
99593,975,1064
99594,976,1067
99595,980,1069
99596,982,1069
99597,984,1066
99598,978,1063
99599,974,1064
99600,976,1065
99601,979,1069
99602,981,1067
99603,980,1065
99604,975,1062
99605,977,1064
99606,978,1063
99607,979,1069
99608,980,1066
99609,978,1063
99610,976,1059
99611,976,1058
99612,977,1059
99613,979,1066
99614,979,1062
99615,980,1057
99616,977,1057
99617,978,1057
99618,983,1059
99619,987,1062
99620,989,1063
99621,989,1058
99622,984,1055
99623,982,1060
99624,985,1062
99625,989,1064
99626,992,1064
99627,987,1062
99628,986,1061
99629,982,1061
99630,984,1062
99631,988,1067
99632,992,1068
99633,991,1066
99634,988,1066
99635,986,1065
99636,988,1068
99637,991,1069
99638,990,1066
99639,988,1066
99640,986,1063
99641,984,1063
99642,987,1066
99643,990,1069
99644,994,1067
99645,994,1063
99646,992,1060
99647,989,1059
99648,997,1059
99649,1008,1060
99650,1019,1058
99651,1034,1054
99652,1050,1048
99653,1074,1045
99654,1106,1044
99655,1145,1039
99656,1185,1031
99657,1222,1024
99658,1257,1020
99659,1290,1027
99660,1317,1038
99661,1323,1050
99662,1301,1058
99663,1251,1056
99664,1188,1057
99665,1122,1066
99666,1056,1075
99667,1005,1083
99668,970,1083
99669,961,1077
99670,965,1071
99671,978,1066
99672,986,1060
99673,991,1060
99674,988,1056
99675,982,1055
99676,975,1052
99677,974,1054
99678,974,1059
99679,974,1060
99680,975,1060
99681,972,1058
99682,975,1057
99683,968,1058
99684,970,1062
99685,970,1064
99686,970,1064
99687,971,1062
99688,971,1063
99689,972,1065
99690,971,1065
99691,971,1068
99692,971,1064
99693,971,1063
99694,966,1060
99695,964,1060
99696,965,1065
99697,968,1065
99698,969,1068
99699,966,1062
99700,965,1059
99701,965,1061
99702,966,1061
99703,969,1061
99704,971,1061
99705,971,1059
99706,968,1057
99707,967,1057
99708,968,1060
99709,972,1061
99710,974,1060
99711,971,1059
99712,967,1055
99713,966,1056
99714,965,1056
99715,968,1059
99716,969,1056
99717,970,1056
99718,969,1053
99719,968,1053
99720,971,1054
99721,971,1057
99722,975,1056
99723,977,1053
99724,976,1049
99725,976,1049
99726,978,1050
99727,985,1053
99728,989,1052
99729,991,1047
99730,990,1044
99731,988,1043
99732,994,1047
99733,997,1048
99734,1001,1047
99735,1002,1043
99736,1001,1039
99737,1000,1038
99738,1003,1042
99739,1004,1043
99740,1008,1040
99741,1005,1036
99742,1003,1032
99743,1004,1031
99744,1006,1033
99745,1011,1034
99746,1013,1034
99747,1013,1031
99748,1010,1027
99749,1012,1028
99750,1014,1030
99751,1017,1031
99752,1021,1030
99753,1019,1027
99754,1016,1028
99755,1014,1027
99756,1016,1029
99757,1022,1033
99758,1024,1032
99759,1022,1032
99760,1016,1032
99761,1015,1035
99762,1015,1036
99763,1017,1041
99764,1014,1041
99765,1011,1040
99766,1009,1040
99767,1004,1041
99768,1002,1043
99769,1006,1049
99770,1008,1046
99771,1003,1050
99772,997,1048
99773,995,1053
99774,995,1054
99775,994,1057
99776,994,1056
99777,994,1056
99778,992,1056
99779,989,1059
99780,991,1063
99781,991,1065
99782,990,1065
99783,987,1064
99784,987,1062
99785,985,1063
99786,985,1065
99787,986,1070
99788,987,1070
99789,984,1068
99790,982,1063
99791,980,1065
99792,978,1073
99793,982,1074
99794,985,1072
99795,987,1072
99796,985,1069
99797,982,1069
99798,982,1074
99799,985,1074
99800,986,1073
99801,985,1072
99802,981,1068
99803,980,1069
99804,981,1069
99805,983,1070
99806,989,1070
99807,987,1069
99808,985,1065
99809,983,1068
99810,985,1066
99811,986,1069
99812,986,1063
99813,984,1059
99814,984,1060
99815,983,1059
99816,986,1062
99817,988,1065
99818,989,1063
99819,987,1060
99820,986,1058
99821,986,1058
99822,989,1061
99823,991,1060
99824,992,1060
99825,993,1059
99826,992,1055
99827,989,1056
99828,994,1059
99829,995,1062
99830,997,1059
99831,995,1057
99832,993,1055
99833,992,1054
99834,994,1059
99835,999,1062
99836,1001,1058
99837,1000,1057
99838,996,1057
99839,994,1060
99840,993,1062
99841,993,1066
99842,994,1064
99843,992,1063
99844,989,1062
99845,988,1061
99846,988,1064
99847,989,1067
99848,990,1067
99849,988,1066
99850,987,1064
99851,987,1063
99852,989,1065
99853,992,1066
99854,993,1069
99855,990,1066
99856,986,1062
99857,983,1062
99858,983,1065
99859,984,1067
99860,985,1065
99861,987,1062
99862,985,1058
99863,983,1059
99864,986,1060
99865,988,1064
99866,989,1062
99867,990,1060
99868,988,1057
99869,989,1058
99870,988,1060
99871,992,1062
99872,991,1061
99873,991,1058
99874,986,1057
99875,985,1058
99876,986,1060
99877,989,1061
99878,991,1058
99879,992,1058
99880,987,1054
99881,987,1055
99882,989,1058
99883,991,1064
99884,992,1062
99885,990,1062
99886,986,1059
99887,987,1060
99888,990,1064
99889,992,1069
99890,993,1068
99891,993,1068
99892,990,1066
99893,990,1064
99894,989,1066
99895,992,1068
99896,997,1065
99897,998,1059
99898,1000,1055
99899,1012,1051
99900,1030,1052
99901,1051,1051
99902,1083,1050
99903,1123,1045
99904,1161,1032
99905,1206,1025
99906,1249,1025
99907,1288,1030
99908,1318,1040
99909,1324,1051
99910,1298,1057
99911,1245,1062
99912,1179,1067
99913,1110,1080
99914,1037,1087
99915,977,1091
99916,946,1088
99917,942,1088
99918,956,1083
99919,973,1078
99920,980,1064
99921,979,1059
99922,976,1056
99923,972,1055
99924,972,1058
99925,974,1059
99926,977,1056
99927,970,1056
99928,966,1054
99929,965,1054
99930,966,1057
99931,966,1060
99932,969,1065
99933,969,1062
99934,966,1061
99935,961,1063
99936,960,1063
99937,961,1068
99938,964,1064
99939,964,1063
99940,959,1061
99941,957,1064
99942,959,1067
99943,959,1066
99944,961,1064
99945,962,1061
99946,958,1057
99947,955,1057
99948,955,1060
99949,960,1063
99950,961,1061
99951,960,1060
99952,957,1056
99953,957,1057
99954,959,1058
99955,961,1060
99956,963,1060
99957,962,1056
99958,963,1052
99959,959,1053
99960,961,1054
99961,965,1057
99962,969,1054
99963,967,1053
99964,967,1048
99965,969,1049
99966,969,1047
99967,975,1053
99968,977,1048
99969,975,1044
99970,976,1041
99971,975,1043
99972,981,1046
99973,985,1046
99974,988,1045
99975,987,1039
99976,983,1037
99977,984,1036
99978,986,1037
99979,992,1039
99980,997,1038
99981,997,1036
99982,996,1031
99983,994,1032
99984,996,1035
99985,1000,1037
99986,1003,1035
99987,1003,1034
99988,999,1027
99989,999,1029
99990,1004,1030
99991,1006,1031
99992,1007,1032
99993,1006,1028
99994,1002,1026
99995,1001,1025
99996,1002,1029
99997,1006,1032
99998,1009,1031
99999,1006,1031
100000,1003,1029
100001,1000,1030
100002,997,1035
100003,999,1039
100004,999,1038
100005,996,1035
100006,993,1037
100007,993,1036
100008,990,1041
100009,995,1046
100010,994,1045
100011,993,1045
100012,990,1048
100013,986,1048
100014,986,1053
100015,988,1056
100016,986,1057
100017,983,1058
100018,979,1057
100019,975,1057
100020,979,1062
100021,980,1066
100022,983,1065
100023,981,1062
100024,977,1061
100025,976,1064
100026,975,1066
100027,975,1071
100028,976,1068
100029,974,1064
100030,971,1064
100031,967,1065
100032,965,1067
100033,971,1070
100034,974,1069
100035,972,1069
100036,968,1066
100037,969,1068
100038,972,1074
100039,972,1075
100040,974,1074
100041,974,1071
100042,968,1068
100043,968,1069
100044,971,1073
100045,972,1074
100046,975,1074
100047,974,1069
100048,971,1066
100049,970,1066
100050,972,1067
100051,976,1069
100052,978,1068
100053,975,1063
100054,970,1065
100055,972,1066
100056,972,1068
100057,974,1067
100058,977,1066
100059,973,1062
100060,972,1061
100061,973,1061
100062,974,1063
100063,978,1067
100064,981,1065
100065,977,1063
100066,973,1058
100067,972,1063
100068,973,1064
100069,975,1067
100070,977,1067
100071,972,1064
100072,971,1064
100073,973,1066
100074,976,1070
100075,977,1069
100076,977,1069
100077,976,1064
100078,973,1062
100079,973,1063
100080,975,1064
100081,977,1066
100082,979,1066
100083,977,1062
100084,975,1061
100085,973,1061
100086,975,1064
100087,976,1065
100088,979,1063
100089,975,1061
100090,973,1063
100091,972,1063
100092,973,1065
100093,977,1069
100094,978,1067
100095,978,1065
100096,974,1062
100097,970,1063
100098,973,1065
100099,974,1068
100100,977,1066
100101,974,1063
100102,968,1060
100103,971,1060
100104,973,1062
100105,977,1068
100106,978,1066
100107,975,1062
100108,970,1063
100109,971,1062
100110,970,1063
100111,974,1065
100112,977,1065
100113,979,1063
100114,979,1059
100115,979,1060
100116,982,1058
100117,993,1060
100118,1004,1057
100119,1015,1056
100120,1028,1052
100121,1053,1050
100122,1089,1050
100123,1133,1050
100124,1181,1044
100125,1223,1035
100126,1258,1030
100127,1290,1036
100128,1319,1046
100129,1325,1061
100130,1304,1067
100131,1255,1068
100132,1185,1066
100133,1110,1071
100134,1044,1080
100135,990,1088
100136,956,1089
100137,942,1086
100138,944,1082
100139,950,1079
100140,964,1073
100141,970,1071
100142,972,1065
100143,966,1061
100144,963,1055
100145,964,1059
100146,964,1059
100147,963,1061
100148,963,1062
100149,958,1059
100150,958,1057
100151,959,1060
100152,959,1062
100153,961,1064
100154,961,1064
100155,957,1062
100156,953,1057
100157,954,1058
100158,955,1060
100159,956,1060
100160,955,1061
100161,953,1058
100162,946,1054
100163,946,1058
100164,946,1060
100165,949,1062
100166,952,1062
100167,951,1061
100168,949,1059
100169,948,1062
100170,950,1064
100171,954,1066
100172,953,1065
100173,953,1062
100174,946,1059
100175,948,1061
100176,952,1063
100177,955,1065
100178,957,1065
100179,955,1061
100180,951,1060
100181,951,1062
100182,952,1063
100183,953,1065
100184,954,1060
100185,955,1058
100186,953,1054
100187,951,1056
100188,953,1055
100189,958,1058
100190,960,1057
100191,960,1054
100192,960,1050
100193,960,1047
100194,963,1051
100195,966,1053
100196,969,1048
100197,970,1045
100198,970,1040
100199,971,1040
100200,976,1041
100201,982,1041
100202,985,1038
100203,985,1032
100204,980,1030
100205,982,1030
100206,983,1030
100207,988,1031
100208,986,1031
100209,990,1028
100210,989,1026
100211,990,1026
100212,992,1028
100213,996,1029
100214,996,1028
100215,999,1022
100216,997,1020
100217,998,1024
100218,1000,1025
100219,1003,1030
100220,1006,1029
100221,1006,1028
100222,1005,1023
100223,1005,1024
100224,1008,1029
100225,1010,1032
100226,1013,1030
100227,1011,1029
100228,1005,1030
100229,1007,1029
100230,1004,1032
100231,1004,1037
100232,1007,1038
100233,1003,1037
100234,1000,1034
100235,994,1037
100236,993,1042
100237,995,1048
100238,988,1049
100239,983,1047
100240,978,1044
100241,978,1047
100242,978,1049
100243,979,1055
100244,978,1056
100245,972,1053
100246,968,1051
100247,968,1054
100248,968,1056
100249,969,1062
100250,970,1061
100251,968,1061
100252,965,1059
100253,962,1060
100254,962,1062
100255,961,1064
100256,962,1062
100257,961,1061
100258,960,1061
100259,957,1063
100260,960,1066
100261,962,1067
100262,965,1065
100263,964,1065
100264,962,1063
100265,962,1068
100266,962,1069
100267,969,1070
100268,972,1068
100269,973,1065
100270,969,1066
100271,970,1069
100272,971,1070
100273,977,1071
100274,981,1066
100275,983,1064
100276,981,1061
100277,979,1062
100278,982,1065
100279,989,1065
100280,995,1062
100281,997,1060
100282,997,1060
100283,1000,1060
100284,1006,1064
100285,1018,1066
100286,1030,1063
100287,1043,1053
100288,1057,1038
100289,1069,1027
100290,1083,1016
100291,1100,1007
100292,1117,993
100293,1132,978
100294,1144,964
100295,1162,949
100296,1183,937
100297,1201,922
100298,1218,906
100299,1227,899
100300,1233,887
100301,1236,880
100302,1235,882
100303,1231,886
100304,1225,883
100305,1221,883
100306,1208,882
100307,1197,884
100308,1183,887
100309,1173,893
100310,1154,895
100311,1130,901
100312,1105,903
100313,1082,913
100314,1064,926
100315,1051,937
100316,1042,943
100317,1033,952
100318,1029,960
100319,1027,971
100320,1026,981
100321,1027,991
100322,1030,998
100323,1034,1004
100324,1047,1008
100325,1066,1014
100326,1085,1019
100327,1094,1024
100328,1083,1028
100329,1052,1029
100330,1009,1033
100331,965,1043
100332,939,1054
100333,928,1067
100334,926,1074
100335,923,1080
100336,917,1084
100337,910,1088
100338,909,1093
100339,908,1097
100340,908,1097
100341,903,1099
100342,897,1098
100343,893,1101
100344,895,1105
100345,895,1110
100346,892,1111
100347,890,1110
100348,885,1111
100349,886,1115
100350,884,1118
100351,884,1120
100352,885,1123
100353,881,1120
100354,874,1121
100355,874,1125
100356,875,1125
100357,877,1129
100358,876,1130
100359,875,1128
100360,871,1128
100361,867,1127
100362,864,1134
100363,867,1135
100364,866,1136
100365,867,1136
100366,865,1136
100367,862,1137
100368,860,1141
100369,860,1147
100370,861,1147
100371,861,1145
100372,858,1144
100373,854,1149
100374,855,1153
100375,857,1155
100376,859,1155
100377,858,1152
100378,858,1154
100379,857,1156
100380,860,1158
100381,863,1164
100382,865,1163
100383,863,1161
100384,863,1161
100385,863,1164
100386,867,1166
100387,873,1169
100388,873,1171
100389,873,1166
100390,876,1160
100391,878,1161
100392,885,1165
100393,889,1164
100394,893,1163
100395,895,1158
100396,896,1154
100397,898,1151
100398,902,1152
100399,905,1150
100400,911,1148
100401,916,1142
100402,918,1134
100403,921,1131
100404,926,1129
100405,934,1128
100406,939,1122
100407,934,1115
100408,933,1111
100409,936,1109
100410,943,1107
100411,948,1103
100412,947,1099
100413,947,1091
100414,945,1090
100415,945,1084
100416,948,1086
100417,952,1085
100418,955,1081
100419,950,1078
100420,945,1073
100421,944,1074
100422,948,1077
100423,952,1077
100424,952,1073
100425,951,1070
100426,950,1067
100427,949,1069
100428,952,1071
100429,955,1072
100430,952,1070
100431,951,1065
100432,948,1063
100433,949,1063
100434,954,1064
100435,956,1067
100436,956,1065
100437,955,1064
100438,950,1061
100439,949,1061
100440,953,1065
100441,952,1067
100442,954,1066
100443,955,1062
100444,953,1061
100445,954,1062
100446,953,1067
100447,956,1067
100448,957,1063
100449,961,1063
100450,959,1059
100451,957,1059
100452,960,1060
100453,964,1062
100454,964,1060
100455,962,1058
100456,960,1058
100457,963,1054
100458,960,1059
100459,963,1058
100460,965,1056
100461,963,1053
100462,963,1052
100463,961,1053
100464,961,1056
100465,963,1059
100466,964,1057
100467,963,1053
100468,960,1053
100469,962,1050
100470,963,1055
100471,967,1057
100472,970,1058
100473,967,1055
100474,964,1053
100475,962,1054
100476,965,1056
100477,967,1059
100478,969,1058
100479,969,1056
100480,965,1053
100481,966,1055
100482,967,1056
100483,968,1056
100484,970,1056
100485,967,1055
100486,964,1053
100487,965,1054
100488,964,1056
100489,966,1059
100490,966,1056
100491,966,1057
100492,964,1050
100493,965,1053
100494,965,1054
100495,969,1055
100496,969,1055
100497,967,1055
100498,964,1049
100499,964,1050
100500,965,1054
100501,968,1052
100502,969,1054
100503,967,1052
100504,964,1047
100505,960,1050
100506,959,1054
100507,963,1056
100508,969,1057
100509,966,1050
100510,964,1050
100511,960,1049
100512,962,1053
100513,966,1056
100514,967,1055
100515,966,1051
100516,961,1048
100517,962,1052
100518,965,1052
100519,967,1054
100520,967,1053
100521,965,1051
100522,962,1052
100523,962,1053
100524,964,1057
100525,968,1058
100526,965,1055
100527,963,1054
100528,960,1050
100529,963,1053
100530,966,1057
100531,966,1056
100532,967,1057
100533,967,1053
100534,965,1050
100535,969,1051
100536,968,1055
100537,975,1053
100538,975,1054
100539,973,1051
100540,972,1049
100541,967,1053
100542,967,1056
100543,972,1058
100544,973,1055
100545,971,1054
100546,969,1051
100547,969,1051
100548,974,1053
100549,972,1055
100550,976,1055
100551,970,1053
100552,966,1050
100553,966,1051
100554,971,1052
100555,971,1055
100556,973,1055
100557,972,1052
100558,969,1051
100559,968,1053
100560,968,1055
100561,969,1056
100562,969,1055
100563,976,1053
100564,973,1050
100565,969,1053
100566,967,1056
100567,974,1055
100568,973,1055
100569,973,1049
100570,971,1052
100571,972,1053
100572,974,1057
100573,977,1057
100574,977,1057
100575,977,1054
100576,976,1052
100577,975,1053
100578,979,1057
100579,984,1059
100580,982,1057
100581,977,1054
100582,975,1052
100583,975,1057
100584,980,1059
100585,983,1059
100586,985,1057
100587,985,1052
100588,982,1046
100589,989,1046
100590,998,1046
100591,1014,1045
100592,1029,1044
100593,1044,1039
100594,1062,1033
100595,1094,1030
100596,1130,1029
100597,1167,1023
100598,1200,1019
100599,1232,1018
100600,1260,1020
100601,1282,1031
100602,1298,1042
100603,1297,1054
100604,1276,1059
100605,1234,1058
100606,1182,1055
100607,1132,1062
100608,1080,1070
100609,1029,1075
100610,982,1079
100611,948,1081
100612,936,1082
100613,939,1080
100614,950,1079
100615,963,1074
100616,966,1068
100617,968,1059
100618,965,1055
100619,965,1050
100620,963,1053
100621,967,1056
100622,965,1053
100623,963,1054
100624,959,1048
100625,960,1053
100626,963,1055
100627,967,1058
100628,963,1057
100629,962,1054
100630,958,1052
100631,958,1051
100632,964,1054
100633,966,1056
100634,967,1056
100635,964,1053
100636,958,1053
100637,957,1053
100638,955,1059
100639,958,1056
100640,958,1057
100641,957,1053
100642,955,1051
100643,957,1051
100644,958,1054
100645,957,1054
100646,960,1053
100647,958,1052
100648,955,1049
100649,953,1052
100650,954,1052
100651,959,1053
100652,958,1053
100653,960,1049
100654,954,1047
100655,954,1048
100656,953,1049
100657,958,1053
100658,960,1053
100659,959,1050
100660,956,1048
100661,955,1051
100662,960,1050
100663,964,1052
100664,962,1050
100665,959,1047
100666,960,1046
100667,960,1046
100668,965,1047
100669,969,1048
100670,971,1045
100671,967,1045
100672,964,1041
100673,964,1043
100674,967,1046
100675,972,1048
100676,973,1045
100677,970,1041
100678,970,1037
100679,974,1037
100680,977,1040
100681,979,1042
100682,984,1040
100683,982,1036
100684,980,1034
100685,983,1034
100686,985,1034
100687,989,1034
100688,991,1032
100689,989,1031
100690,987,1027
100691,992,1026
100692,991,1026
100693,996,1027
100694,995,1025
100695,995,1022
100696,995,1018
100697,992,1018
100698,994,1021
100699,1001,1020
100700,998,1020
100701,1000,1015
100702,999,1012
100703,999,1015
100704,1004,1017
100705,1006,1018
100706,1011,1017
100707,1007,1017
100708,1003,1017
100709,1006,1018
100710,1006,1023
100711,1010,1023
100712,1009,1026
100713,1008,1027
100714,1006,1027
100715,1002,1030
100716,1004,1033
100717,1006,1039
100718,1008,1036
100719,1003,1038
100720,1000,1037
100721,999,1041
100722,1000,1045
100723,1001,1048
100724,1002,1050
100725,999,1049
100726,994,1048
100727,992,1052
100728,991,1057
100729,990,1056
100730,989,1057
100731,984,1056
100732,978,1054
100733,977,1056
100734,978,1057
100735,980,1061
100736,981,1061
100737,978,1057
100738,971,1055
100739,967,1056
100740,969,1060
100741,971,1063
100742,972,1062
100743,971,1057
100744,970,1055
100745,966,1058
100746,967,1061
100747,969,1062
100748,969,1062
100749,966,1055
100750,965,1056
100751,965,1058
100752,969,1059
100753,972,1061
100754,972,1060
100755,970,1057
100756,968,1053
100757,970,1058
100758,969,1059
100759,974,1060
100760,976,1058
100761,976,1057
100762,975,1055
100763,972,1057
100764,976,1058
100765,980,1059
100766,983,1058
100767,979,1056
100768,979,1055
100769,978,1055
100770,982,1058
100771,984,1057
100772,984,1057
100773,984,1055
100774,985,1052
100775,986,1053
100776,987,1054
100777,990,1057
100778,990,1053
100779,987,1052
100780,985,1052
100781,983,1051
100782,981,1054
100783,983,1055
100784,984,1052
100785,980,1053
100786,976,1050
100787,978,1052
100788,978,1055
100789,981,1057
100790,980,1058
100791,979,1054
100792,977,1053
100793,973,1054
100794,972,1055
100795,977,1057
100796,976,1058
100797,973,1055
100798,970,1053
100799,971,1053
100800,975,1056
100801,975,1059
100802,976,1057
100803,975,1057
100804,971,1053
100805,971,1056
100806,975,1059
100807,979,1060
100808,979,1060
100809,977,1059
100810,974,1055
100811,971,1058
100812,972,1061
100813,978,1063
100814,977,1062
100815,979,1056
100816,974,1057
100817,973,1058
100818,973,1060
100819,975,1062
100820,977,1061
100821,977,1058
100822,975,1056
100823,971,1058
100824,973,1059
100825,974,1064
100826,974,1063
100827,973,1061
100828,972,1057
100829,971,1061
100830,975,1063
100831,978,1062
100832,978,1061
100833,977,1059
100834,974,1059
100835,972,1058
100836,973,1061
100837,975,1061
100838,974,1060
100839,972,1060
100840,969,1057
100841,968,1058
100842,969,1062
100843,973,1062
100844,975,1062
100845,975,1060
100846,972,1058
100847,973,1059
100848,973,1060
100849,975,1064
100850,976,1062
100851,972,1060
100852,972,1058
100853,974,1060
100854,974,1061
100855,975,1062
100856,978,1057
100857,979,1056
100858,975,1056
100859,976,1055
100860,979,1058
100861,983,1057
100862,983,1057
100863,981,1055
100864,978,1052
100865,977,1054
100866,980,1058
100867,985,1057
100868,987,1056
100869,985,1055
100870,982,1055
100871,980,1055
100872,984,1056
100873,985,1058
100874,987,1058
100875,984,1054
100876,982,1052
100877,988,1052
100878,1000,1050
100879,1011,1052
100880,1029,1048
100881,1046,1042
100882,1069,1039
100883,1103,1036
100884,1142,1035
100885,1183,1026
100886,1222,1023
100887,1259,1020
100888,1286,1026
100889,1309,1040
100890,1307,1057
100891,1284,1063
100892,1231,1065
100893,1167,1070
100894,1100,1076
100895,1033,1083
100896,978,1089
100897,955,1094
100898,952,1090
100899,961,1080
100900,969,1071
100901,975,1070
100902,977,1066
100903,978,1067
100904,977,1064
100905,974,1060
100906,972,1057
100907,971,1057
100908,970,1061
100909,972,1064
100910,972,1062
100911,968,1059
100912,962,1055
100913,963,1058
100914,966,1058
100915,967,1061
100916,970,1055
100917,965,1054
100918,962,1054
100919,961,1055
100920,965,1056
100921,969,1058
100922,965,1056
100923,963,1054
100924,962,1052
100925,957,1058
100926,959,1059
100927,963,1060
100928,963,1060
100929,964,1058
100930,961,1055
100931,960,1058
100932,961,1062
100933,959,1065
100934,959,1061
100935,960,1059
100936,958,1060
100937,957,1063
100938,960,1063
100939,962,1065
100940,964,1064
100941,962,1059
100942,961,1060
100943,959,1059
100944,962,1059
100945,964,1060
100946,964,1059
100947,963,1058
100948,965,1055
100949,966,1056
100950,966,1059
100951,970,1060
100952,971,1058
100953,970,1057
100954,970,1055
100955,973,1053
100956,978,1054
100957,981,1055
100958,980,1050
100959,979,1046
100960,974,1041
100961,977,1042
100962,980,1042
100963,987,1044
100964,987,1039
100965,987,1035
100966,985,1033
100967,985,1034
100968,988,1035
100969,998,1036
100970,999,1032
100971,1001,1033
100972,999,1030
100973,999,1029
100974,1004,1030
100975,1006,1031
100976,1005,1028
100977,1004,1026
100978,1002,1025
100979,1001,1027
100980,1004,1029
100981,1008,1031
100982,1010,1028
100983,1005,1028
100984,1003,1027
100985,999,1029
100986,1003,1030
100987,1006,1032
100988,1009,1034
100989,1007,1031
100990,1002,1034
100991,1002,1033
100992,1003,1039
100993,1008,1042
100994,1007,1042
100995,1004,1041
100996,999,1043
100997,997,1047
100998,1000,1051
100999,1006,1055
101000,1001,1054
101001,998,1054
101002,990,1054
101003,988,1055
101004,992,1056
101005,992,1062
101006,991,1059
101007,983,1059
101008,980,1058
101009,979,1060
101010,980,1062
101011,979,1066
101012,981,1063
101013,979,1060
101014,975,1059
101015,972,1058
101016,973,1064
101017,977,1067
101018,975,1066
101019,974,1062
101020,970,1062
101021,973,1063
101022,976,1065
101023,978,1066
101024,975,1065
101025,977,1062
101026,973,1062
101027,972,1063
101028,971,1065
101029,975,1066
101030,976,1065
101031,975,1064
101032,971,1061
101033,973,1064
101034,977,1066
101035,983,1070
101036,987,1066
101037,991,1062
101038,996,1061
101039,1002,1062
101040,1006,1067
101041,1016,1070
101042,1022,1071
101043,1028,1073
101044,1037,1068
101045,1047,1063
101046,1067,1060
101047,1082,1051
101048,1095,1039
101049,1107,1024
101050,1120,1011
101051,1139,999
101052,1157,988
101053,1170,979
101054,1184,966
101055,1197,947
101056,1212,930
101057,1228,918
101058,1243,910
101059,1257,900
101060,1268,892
101061,1264,884
101062,1259,884
101063,1254,886
101064,1253,891
101065,1249,893
101066,1242,894
101067,1226,891
101068,1206,893
101069,1187,897
101070,1168,905
101071,1146,911
101072,1125,913
101073,1101,919
101074,1078,928
101075,1060,938
101076,1050,952
101077,1044,963
101078,1041,972
101079,1035,980
101080,1028,987
101081,1024,997
101082,1028,1004
101083,1036,1014
101084,1047,1019
101085,1060,1022
101086,1075,1025
101087,1081,1026
101088,1082,1034
101089,1063,1039
101090,1034,1043
101091,996,1048
101092,966,1051
101093,943,1064
101094,938,1076
101095,934,1084
101096,935,1092
101097,929,1094
101098,920,1094
101099,913,1099
101100,912,1104
101101,914,1109
101102,915,1112
101103,909,1110
101104,906,1111
101105,905,1116
101106,905,1118
101107,903,1124
101108,903,1122
101109,902,1123
101110,896,1118
101111,894,1121
101112,895,1123
101113,896,1123
101114,895,1122
101115,890,1120
101116,886,1118
101117,888,1119
101118,883,1123
101119,888,1127
101120,887,1126
101121,886,1124
101122,881,1125
101123,880,1128
101124,880,1132
101125,883,1136
101126,883,1137
101127,880,1135
101128,879,1137
101129,878,1138
101130,877,1141
101131,880,1145
101132,879,1145
101133,878,1143
101134,872,1145
101135,875,1151
101136,877,1152
101137,879,1156
101138,877,1158
101139,875,1156
101140,874,1160
101141,878,1159
101142,880,1166
101143,886,1170
101144,887,1170
101145,888,1168
101146,890,1169
101147,892,1171
101148,898,1175
101149,899,1177
101150,904,1176
101151,905,1174
101152,905,1170
101153,909,1174
101154,915,1174
101155,921,1175
101156,927,1171
101157,927,1167
101158,926,1163
101159,929,1162
101160,937,1161
101161,942,1157
101162,945,1153
101163,947,1145
101164,946,1142
101165,950,1138
101166,955,1135
101167,961,1129
101168,962,1123
101169,960,1112
101170,958,1109
101171,958,1108
101172,961,1105
101173,967,1101
101174,965,1095
101175,964,1092
101176,964,1088
101177,965,1086
101178,964,1085
101179,969,1083
101180,971,1083
101181,968,1076
101182,965,1072
101183,965,1072
101184,968,1075
101185,971,1076
101186,971,1072
101187,968,1068
101188,964,1066
101189,963,1065
101190,969,1071
101191,973,1069
101192,973,1064
101193,972,1065
101194,967,1063
101195,970,1068
101196,971,1071
101197,973,1070
101198,976,1067
101199,972,1066
101200,967,1065
101201,965,1067
101202,966,1068
101203,970,1069
101204,970,1067
101205,972,1064
101206,971,1060
101207,970,1065
101208,971,1068
101209,971,1068
101210,972,1067
101211,969,1065
101212,969,1063
101213,968,1068
101214,971,1070
101215,972,1069
101216,973,1066
101217,973,1063
101218,970,1062
101219,968,1064
101220,970,1064
101221,975,1065
101222,975,1061
101223,974,1062
101224,971,1058
101225,969,1061
101226,972,1062
101227,973,1065
101228,975,1062
101229,972,1060
101230,972,1060
101231,973,1060
101232,976,1064
101233,979,1066
101234,977,1063
101235,976,1061
101236,973,1058
101237,976,1059
101238,974,1063
101239,977,1063
101240,978,1059
101241,973,1056
101242,974,1058
101243,972,1059
101244,976,1062
101245,980,1062
101246,980,1062
101247,978,1060
101248,977,1057
101249,974,1057
101250,974,1063
101251,973,1060
101252,974,1059
101253,970,1054
101254,969,1052
101255,970,1056
101256,975,1058
101257,973,1060
101258,975,1057
101259,972,1057
101260,970,1053
101261,969,1056
101262,974,1058
101263,976,1059
101264,979,1057
101265,979,1055
101266,977,1056
101267,974,1055
101268,975,1059
101269,977,1059
101270,976,1057
101271,974,1056
101272,971,1056
101273,972,1058
101274,974,1059
101275,975,1063
101276,977,1061
101277,975,1059
101278,973,1058
101279,974,1058
101280,975,1063
101281,975,1064
101282,976,1064
101283,974,1059
101284,972,1058
101285,971,1060
101286,975,1062
101287,978,1064
101288,977,1060
101289,976,1060
101290,975,1059
101291,973,1063
101292,974,1064
101293,979,1063
101294,980,1064
101295,977,1063
101296,973,1059
101297,973,1059
101298,973,1062
101299,976,1062
101300,974,1060
101301,974,1055
101302,972,1054
101303,970,1057
101304,973,1057
101305,977,1056
101306,977,1055
101307,976,1050
101308,975,1049
101309,977,1052
101310,976,1057
101311,977,1058
101312,978,1057
101313,976,1055
101314,974,1053
101315,973,1055
101316,974,1059
101317,981,1057
101318,976,1057
101319,975,1057
101320,972,1053
101321,973,1056
101322,977,1055
101323,978,1056
101324,978,1054
101325,975,1052
101326,974,1052
101327,976,1055
101328,975,1056
101329,979,1058
101330,979,1058
101331,977,1057
101332,975,1055
101333,977,1058
101334,980,1059
101335,981,1060
101336,979,1059
101337,975,1057
101338,974,1053
101339,975,1054
101340,979,1057
101341,982,1057
101342,981,1056
101343,981,1051
101344,977,1052
101345,978,1052
101346,979,1054
101347,984,1057
101348,984,1056
101349,980,1053
101350,977,1052
101351,976,1054
101352,980,1058
101353,984,1056
101354,986,1056
101355,982,1056
101356,979,1053
101357,980,1056
101358,983,1056
101359,985,1058
101360,984,1059
101361,984,1055
101362,979,1054
101363,980,1058
101364,986,1059
101365,991,1059
101366,990,1056
101367,987,1054
101368,985,1054
101369,984,1057
101370,985,1059
101371,987,1060
101372,986,1058
101373,983,1056
101374,979,1054
101375,982,1057
101376,983,1058
101377,988,1060
101378,986,1058
101379,985,1056
101380,982,1054
101381,983,1057
101382,984,1059
101383,985,1060
101384,984,1059
101385,982,1054
101386,980,1054
101387,980,1054
101388,981,1058
101389,983,1056
101390,984,1055
101391,985,1051
101392,983,1049
101393,982,1053
101394,983,1055
101395,985,1055
101396,987,1054
101397,985,1049
101398,987,1049
101399,985,1051
101400,989,1053
101401,992,1055
101402,990,1054
101403,991,1050
101404,987,1050
101405,991,1052
101406,998,1054
101407,1001,1057
101408,1004,1051
101409,1004,1047
101410,1008,1044
101411,1011,1044
101412,1025,1045
101413,1041,1044
101414,1063,1040
101415,1087,1035
101416,1117,1030
101417,1156,1024
101418,1198,1019
101419,1237,1014
101420,1273,1010
101421,1304,1011
101422,1323,1018
101423,1328,1034
101424,1306,1044
101425,1255,1050
101426,1187,1051
101427,1116,1053
101428,1045,1062
101429,986,1063
101430,960,1070
101431,959,1068
101432,969,1064
101433,981,1054
101434,984,1050
101435,983,1050
101436,980,1051
101437,979,1056
101438,979,1052
101439,976,1052
101440,970,1052
101441,971,1052
101442,975,1053
101443,978,1056
101444,978,1055
101445,972,1052
101446,972,1052
101447,970,1055
101448,972,1059
101449,976,1059
101450,976,1055
101451,973,1057
101452,970,1053
101453,970,1055
101454,972,1058
101455,973,1059
101456,973,1057
101457,972,1054
101458,968,1051
101459,972,1054
101460,972,1056
101461,974,1056
101462,974,1055
101463,969,1051
101464,967,1050
101465,967,1052
101466,968,1052
101467,969,1051
101468,971,1050
101469,966,1045
101470,964,1043
101471,967,1045
101472,968,1046
101473,970,1048
101474,971,1048
101475,969,1045
101476,969,1044
101477,970,1045
101478,973,1048
101479,978,1049
101480,978,1046
101481,977,1042
101482,975,1041
101483,973,1043
101484,976,1044
101485,980,1046
101486,981,1042
101487,979,1042
101488,981,1040
101489,981,1041
101490,988,1044
101491,993,1043
101492,993,1044
101493,992,1039
101494,993,1038
101495,993,1038
101496,994,1040
101497,999,1042
101498,1000,1039
101499,999,1035
101500,997,1033
101501,996,1033
101502,1003,1036
101503,1006,1037
101504,1008,1034
101505,1006,1030
101506,1004,1029
101507,1006,1028
101508,1008,1031
101509,1012,1030
101510,1013,1028
101511,1012,1027
101512,1010,1020
101513,1011,1023
101514,1016,1025
101515,1020,1027
101516,1021,1022
101517,1019,1021
101518,1019,1020
101519,1020,1021
101520,1022,1025
101521,1027,1023
101522,1028,1024
101523,1028,1022
101524,1026,1020
101525,1027,1024
101526,1028,1028
101527,1033,1028
101528,1032,1029
101529,1028,1027
101530,1025,1029
101531,1022,1032
101532,1025,1033
101533,1026,1035
101534,1029,1036
101535,1024,1036
101536,1020,1038
101537,1017,1042
101538,1019,1046
101539,1014,1049
101540,1010,1049
101541,1007,1047
101542,1002,1045
101543,1005,1049
101544,1004,1054
101545,1007,1057
101546,1005,1057
101547,1001,1054
101548,998,1052
101549,994,1057
101550,997,1059
101551,999,1058
101552,998,1057
101553,995,1054
101554,992,1055
101555,991,1058
101556,992,1061
101557,994,1061
101558,993,1060
101559,990,1056
101560,987,1054
101561,988,1057
101562,990,1059
101563,992,1061
101564,994,1058
101565,988,1053
101566,987,1053
101567,985,1052
101568,989,1054
101569,993,1052
101570,992,1050
101571,992,1048
101572,990,1044
101573,990,1044
101574,993,1047
101575,996,1053
101576,999,1048
101577,996,1049
101578,994,1046
101579,993,1049
101580,999,1049
101581,1002,1052
101582,1000,1051
101583,998,1049
101584,993,1048
101585,995,1050
101586,997,1051
101587,999,1049
101588,999,1050
101589,998,1048
101590,996,1047
101591,998,1050
101592,1002,1052
101593,1005,1052
101594,1002,1054
101595,1000,1049
101596,997,1049
101597,997,1052
101598,1001,1052
101599,1004,1052
101600,1001,1050
101601,998,1048
101602,995,1047
101603,997,1048
101604,998,1053
101605,1000,1055
101606,998,1053
101607,996,1050
101608,992,1052
101609,990,1051
101610,994,1056
101611,996,1055
101612,992,1052
101613,993,1052
101614,991,1052
101615,990,1055
101616,991,1056
101617,993,1059
101618,992,1054
101619,989,1051
101620,984,1051
101621,987,1054
101622,989,1056
101623,992,1057
101624,989,1056
101625,985,1052
101626,983,1054
101627,987,1055
101628,993,1057
101629,995,1059
101630,991,1055
101631,985,1052
101632,981,1053
101633,986,1054
101634,988,1058
101635,990,1061
101636,992,1058
101637,987,1057
101638,984,1059
101639,988,1059
101640,991,1064
101641,993,1061
101642,993,1063
101643,990,1059
101644,989,1057
101645,988,1057
101646,992,1058
101647,993,1058
101648,994,1057
101649,994,1055
101650,992,1052
101651,993,1053
101652,996,1058
101653,998,1055
101654,999,1051
101655,999,1046
101656,1007,1045
101657,1018,1045
101658,1037,1046
101659,1060,1048
101660,1085,1044
101661,1117,1039
101662,1158,1028
101663,1199,1023
101664,1245,1022
101665,1284,1023
101666,1315,1031
101667,1323,1040
101668,1302,1055
101669,1257,1061
101670,1193,1065
101671,1130,1072
101672,1059,1078
101673,993,1085
101674,946,1090
101675,935,1094
101676,947,1094
101677,964,1086
101678,974,1075
101679,977,1065
101680,975,1059
101681,977,1059
101682,976,1058
101683,976,1058
101684,978,1058
101685,976,1055
101686,969,1056
101687,970,1056
101688,974,1060
101689,975,1060
101690,971,1061
101691,971,1061
101692,968,1058
101693,968,1059
101694,973,1060
101695,975,1061
101696,974,1061
101697,974,1058
101698,969,1057
101699,968,1063
101700,970,1062
101701,976,1063
101702,973,1063
101703,972,1060
101704,968,1060
101705,970,1061
101706,970,1063
101707,974,1066
101708,974,1064
101709,974,1063
101710,972,1061
101711,970,1061
101712,976,1062
101713,975,1065
101714,976,1059
101715,974,1057
101716,972,1056
101717,971,1055
101718,973,1055
101719,977,1058
101720,979,1055
101721,978,1051
101722,976,1050
101723,975,1049
101724,979,1051
101725,985,1048
101726,986,1048
101727,985,1045
101728,984,1041
101729,983,1043
101730,986,1043
101731,987,1042
101732,988,1040
101733,987,1037
101734,984,1035
101735,984,1040
101736,984,1041
101737,992,1041
101738,994,1039
101739,988,1036
101740,992,1033
101741,991,1034
101742,993,1034
101743,999,1035
101744,1000,1032
101745,1001,1028
101746,1000,1029
101747,1003,1032
101748,1007,1032
101749,1011,1032
101750,1011,1031
101751,1009,1029
101752,1008,1024
101753,1006,1026
101754,1011,1027
101755,1015,1029
101756,1016,1023
101757,1014,1021
101758,1012,1018
101759,1016,1020
101760,1014,1024
101761,1018,1026
101762,1018,1026
101763,1014,1023
101764,1012,1023
101765,1010,1026
101766,1013,1030
101767,1015,1035
101768,1014,1033
101769,1009,1032
101770,1004,1034
101771,1001,1037
101772,1002,1041
101773,1002,1044
101774,1006,1046
101775,1003,1047
101776,996,1046
101777,992,1051
101778,992,1054
101779,993,1057
101780,990,1058
101781,986,1058
101782,979,1056
101783,980,1060
101784,980,1065
101785,982,1070
101786,978,1068
101787,978,1067
101788,975,1067
101789,974,1071
101790,976,1075
101791,978,1077
101792,977,1075
101793,977,1074
101794,973,1072
101795,970,1073
101796,972,1076
101797,977,1074
101798,978,1074
101799,979,1072
101800,976,1069
101801,975,1070
101802,978,1070
101803,982,1070
101804,982,1070
101805,981,1067
101806,979,1064
101807,978,1065
101808,981,1063
101809,984,1064
101810,988,1066
101811,986,1062
101812,984,1058
101813,984,1060
101814,986,1063
101815,990,1063
101816,989,1061
101817,989,1057
101818,988,1056
101819,986,1056
101820,990,1060
101821,992,1061
101822,992,1059
101823,988,1059
101824,984,1057
101825,984,1060
101826,989,1061
101827,990,1061
101828,989,1059
101829,986,1054
101830,982,1055
101831,984,1056
101832,985,1059
101833,987,1060
101834,986,1061
101835,985,1060
101836,980,1057
101837,980,1062
101838,983,1061
101839,988,1066
101840,987,1063
101841,985,1063
101842,981,1062
101843,981,1064
101844,985,1067
101845,988,1067
101846,986,1064
101847,985,1063
101848,981,1062
101849,981,1065
101850,985,1068
101851,986,1068
101852,984,1066
101853,980,1063
101854,979,1062
101855,979,1064
101856,982,1065
101857,987,1067
101858,985,1064
101859,982,1060
101860,977,1059
101861,977,1062
101862,981,1066
101863,983,1065
101864,985,1065
101865,983,1060
101866,982,1059
101867,981,1059
101868,986,1063
101869,989,1063
101870,986,1062
101871,985,1060
101872,983,1059
101873,982,1058
101874,986,1063
101875,991,1063
101876,990,1063
101877,990,1060
101878,983,1058
101879,984,1062
101880,988,1063
101881,994,1065
101882,1000,1061
101883,995,1059
101884,990,1059
101885,990,1060
101886,993,1061
101887,1004,1060
101888,1010,1054
101889,1021,1049
101890,1034,1048
101891,1052,1051
101892,1081,1052
101893,1117,1049
101894,1154,1040
101895,1193,1028
101896,1238,1019
101897,1281,1023
101898,1317,1034
101899,1338,1049
101900,1326,1062
101901,1287,1064
101902,1224,1065
101903,1151,1069
101904,1081,1081
101905,1011,1089
101906,950,1097
101907,925,1100
101908,928,1095
101909,945,1091
101910,960,1082
101911,968,1072
101912,966,1066
101913,966,1059
101914,962,1056
101915,959,1055
101916,963,1059
101917,965,1059
101918,967,1059
101919,964,1056
101920,960,1055
101921,959,1057
101922,961,1061
101923,969,1061
101924,971,1058
101925,968,1056
101926,964,1057
101927,962,1061
101928,964,1065
101929,967,1067
101930,965,1068
101931,965,1063
101932,964,1063
101933,965,1066
101934,966,1066
101935,969,1066
101936,966,1062
101937,963,1062
101938,961,1064
101939,960,1067
101940,963,1071
101941,964,1069
101942,963,1068
101943,959,1062
101944,961,1059
101945,960,1062
101946,963,1064
101947,966,1065
101948,966,1067
101949,963,1061
101950,962,1059
101951,964,1061
101952,965,1062
101953,966,1065
101954,965,1058
101955,965,1054
101956,962,1050
101957,963,1055
101958,965,1055
101959,965,1054
101960,964,1049
101961,960,1046
101962,960,1044
101963,961,1044
101964,970,1044
101965,973,1044
101966,975,1042
101967,975,1037
101968,973,1035
101969,975,1035
101970,981,1036
101971,988,1036
101972,988,1034
101973,988,1029
101974,987,1027
101975,989,1027
101976,993,1029
101977,999,1030
101978,1001,1026
101979,1000,1025
101980,1000,1024
101981,1001,1027
101982,1003,1027
101983,1004,1028
101984,1008,1028
101985,1007,1025
101986,1006,1023
101987,1008,1023
101988,1011,1027
101989,1008,1027
101990,1008,1028
101991,1008,1026
101992,1006,1028
101993,1004,1033
101994,1003,1036
101995,1006,1036
101996,1007,1037
101997,1005,1035
101998,1002,1035
101999,998,1040
102000,998,1043
102001,997,1045
102002,994,1045
102003,993,1046
102004,989,1047
102005,987,1048
102006,984,1052
102007,981,1056
102008,979,1053
102009,978,1053
102010,977,1054
102011,976,1059
102012,975,1062
102013,978,1063
102014,975,1060
102015,969,1057
102016,965,1059
102017,966,1062
102018,969,1068
102019,972,1068
102020,970,1067
102021,964,1066
102022,963,1067
102023,963,1070
102024,966,1074
102025,970,1075
102026,972,1075
102027,967,1072
102028,967,1072
102029,966,1074
102030,967,1077
102031,970,1075
102032,973,1071
102033,971,1071
102034,969,1068
102035,970,1070
102036,973,1073
102037,976,1072
102038,979,1072
102039,976,1070
102040,973,1071
102041,973,1073
102042,974,1074
102043,980,1070
102044,982,1071
102045,977,1064
102046,975,1062
102047,975,1063
102048,975,1067
102049,979,1066
102050,982,1063
102051,979,1060
102052,977,1061
102053,978,1061
102054,982,1059
102055,983,1064
102056,982,1064
102057,980,1059
102058,978,1056
102059,978,1056
102060,980,1057
102061,979,1057
102062,981,1059
102063,980,1059
102064,975,1059
102065,975,1062
102066,981,1065
102067,983,1066
102068,983,1063
102069,980,1060
102070,975,1057
102071,979,1064
102072,980,1065
102073,980,1065
102074,977,1059
102075,976,1060
102076,974,1058
102077,974,1061
102078,976,1061
102079,979,1062
102080,979,1064
102081,977,1061
102082,974,1062
102083,974,1060
102084,973,1061
102085,977,1065
102086,978,1063
102087,975,1059
102088,973,1061
102089,974,1062
102090,981,1065
102091,982,1063
102092,981,1060
102093,981,1058
102094,979,1059
102095,980,1059
102096,981,1060
102097,981,1059
102098,981,1060
102099,979,1056
102100,980,1053
102101,985,1050
102102,993,1051
102103,1006,1049
102104,1016,1048
102105,1032,1043
102106,1053,1041
102107,1084,1041
102108,1126,1037
102109,1173,1031
102110,1225,1026
102111,1266,1020
102112,1301,1028
102113,1318,1045
102114,1323,1060
102115,1299,1071
102116,1245,1072
102117,1182,1071
102118,1104,1077
102119,1020,1090
102120,947,1103
102121,912,1114
102122,916,1119
102123,935,1110
102124,950,1097
102125,955,1086
102126,960,1081
102127,966,1076
102128,968,1068
102129,964,1064
102130,961,1063
102131,963,1063
102132,965,1065
102133,966,1067
102134,964,1065
102135,960,1059
102136,960,1057
102137,955,1058
102138,952,1060
102139,955,1059
102140,957,1058
102141,956,1055
102142,949,1054
102143,949,1056
102144,953,1059
102145,958,1058
102146,960,1053
102147,958,1053
102148,957,1048
102149,954,1050
102150,957,1053
102151,958,1049
102152,957,1048
102153,956,1044
102154,952,1046
102155,953,1047
102156,954,1049
102157,958,1051
102158,955,1048
102159,955,1047
102160,952,1045
102161,952,1046
102162,952,1045
102163,955,1048
102164,951,1046
102165,952,1045
102166,953,1042
102167,952,1044
102168,954,1045
102169,959,1047
102170,957,1042
102171,957,1041
102172,960,1041
102173,963,1042
102174,964,1043
102175,969,1044
102176,971,1044
102177,970,1038
102178,967,1037
102179,969,1036
102180,974,1038
102181,981,1038
102182,988,1034
102183,989,1032
102184,990,1027
102185,989,1026
102186,991,1027
102187,996,1024
102188,995,1020
102189,995,1016
102190,992,1011
102191,993,1010
102192,997,1012
102193,1000,1011
102194,1001,1008
102195,999,1005
102196,999,1004
102197,1000,1004
102198,997,1005
102199,999,1006
102200,1000,1004
102201,1001,1003
102202,997,1002
102203,994,1003
102204,993,1005
102205,997,1009
102206,995,1007
102207,996,1009
102208,994,1010
102209,995,1014
102210,995,1018
102211,996,1019
102212,987,1022
102213,984,1022
102214,979,1025
102215,978,1028
102216,982,1033
102217,980,1038
102218,977,1040
102219,973,1040
102220,968,1041
102221,968,1045
102222,968,1050
102223,968,1053
102224,965,1051
102225,963,1051
102226,961,1054
102227,959,1060
102228,960,1064
102229,961,1062
102230,960,1066
102231,955,1061
102232,954,1061
102233,956,1063
102234,960,1068
102235,963,1067
102236,966,1067
102237,964,1063
102238,961,1063
102239,957,1063
102240,961,1066
102241,966,1065
102242,967,1064
102243,961,1058
102244,954,1059
102245,958,1058
102246,963,1062
102247,964,1061
102248,962,1061
102249,964,1055
102250,959,1055
102251,963,1058
102252,965,1057
102253,970,1057
102254,971,1054
102255,971,1049
102256,967,1051
102257,966,1052
102258,969,1057
102259,974,1058
102260,974,1056
102261,973,1054
102262,970,1053
102263,975,1055
102264,986,1055
102265,991,1058
102266,992,1058
102267,992,1056
102268,994,1059
102269,998,1063
102270,1002,1067
102271,1011,1065
102272,1021,1064
102273,1030,1057
102274,1036,1047
102275,1042,1040
102276,1055,1033
102277,1073,1024
102278,1089,1010
102279,1095,998
102280,1107,986
102281,1120,977
102282,1134,967
102283,1149,957
102284,1162,944
102285,1175,926
102286,1184,919
102287,1197,912
102288,1206,909
102289,1217,901
102290,1217,894
102291,1217,892
102292,1210,894
102293,1206,902
102294,1203,908
102295,1202,910
102296,1199,909
102297,1191,907
102298,1182,911
102299,1175,919
102300,1171,927
102301,1164,931
102302,1148,937
102303,1126,940
102304,1104,947
102305,1090,956
102306,1080,965
102307,1073,974
102308,1061,979
102309,1049,986
102310,1038,991
102311,1036,1000
102312,1034,1010
102313,1036,1014
102314,1036,1019
102315,1044,1022
102316,1061,1024
102317,1073,1026
102318,1070,1031
102319,1051,1032
102320,1019,1036
102321,978,1038
102322,944,1046
102323,926,1060
102324,917,1068
102325,922,1076
102326,921,1080
102327,915,1077
102328,910,1082
102329,908,1080
102330,907,1086
102331,906,1087
102332,899,1085
102333,896,1082
102334,895,1088
102335,893,1089
102336,893,1091
102337,894,1094
102338,895,1093
102339,885,1091
102340,881,1092
102341,880,1097
102342,879,1103
102343,883,1107
102344,882,1107
102345,876,1105
102346,868,1105
102347,868,1110
102348,871,1113
102349,871,1117
102350,870,1115
102351,859,1114
102352,853,1117
102353,849,1120
102354,849,1127
102355,852,1126
102356,850,1128
102357,843,1127
102358,838,1129
102359,838,1134
102360,838,1138
102361,840,1141
102362,837,1141
102363,839,1139
102364,833,1141
102365,830,1144
102366,833,1150
102367,832,1152
102368,834,1152
102369,831,1150
102370,828,1151
102371,829,1156
102372,834,1161
102373,835,1162
102374,835,1161
102375,832,1157
102376,831,1157
102377,836,1157
102378,842,1156
102379,849,1154
102380,852,1149
102381,854,1143
102382,852,1142
102383,859,1144
102384,867,1142
102385,875,1140
102386,880,1137
102387,881,1132
102388,881,1129
102389,886,1128
102390,897,1127
102391,904,1123
102392,910,1114
102393,914,1110
102394,915,1108
102395,921,1107
102396,931,1106
102397,939,1102
102398,943,1098
102399,944,1094
102400,943,1091
102401,950,1088
102402,954,1090
102403,960,1088
102404,960,1082
102405,958,1077
102406,956,1073
102407,953,1074
102408,956,1072
102409,958,1073
102410,959,1068
102411,956,1063
102412,954,1064
102413,953,1065
102414,954,1066
102415,956,1064
102416,956,1064
102417,952,1057
102418,951,1056
102419,948,1062
102420,953,1063
102421,955,1062
102422,956,1058
102423,953,1057
102424,948,1059
102425,950,1061
102426,953,1060
102427,960,1060
102428,960,1057
102429,958,1054
102430,958,1054
102431,954,1053
102432,956,1055
102433,963,1056
102434,964,1053
102435,962,1050
102436,962,1052
102437,958,1054
102438,961,1056
102439,962,1056
102440,964,1052
102441,962,1049
102442,958,1049
102443,960,1053
102444,964,1054
102445,964,1054
102446,964,1052
102447,962,1049
102448,960,1051
102449,963,1052
102450,965,1056
102451,967,1057
102452,964,1054
102453,962,1050
102454,964,1050
102455,965,1054
102456,967,1056
102457,970,1055
102458,969,1054
102459,966,1051
102460,964,1049
102461,964,1049
102462,967,1053
102463,967,1054
102464,966,1051
102465,964,1048
102466,962,1046
102467,962,1050
102468,966,1054
102469,968,1048
102470,969,1048
102471,963,1041
102472,963,1038
102473,961,1038
102474,967,1043
102475,969,1041
102476,973,1040
102477,969,1037
102478,966,1036
102479,967,1038
102480,971,1041
102481,975,1041
102482,974,1037
102483,972,1033
102484,967,1034
102485,967,1037
102486,969,1040
102487,970,1039
102488,972,1039
102489,970,1037
102490,969,1038
102491,970,1039
102492,971,1043
102493,974,1042
102494,972,1041
102495,968,1039
102496,966,1039
102497,965,1041
102498,968,1042
102499,970,1045
102500,971,1044
102501,970,1040
102502,968,1041
102503,970,1043
102504,970,1047
102505,971,1048
102506,968,1046
102507,966,1045
102508,965,1047
102509,964,1048
102510,967,1050
102511,967,1051
102512,965,1047
102513,959,1046
102514,958,1049
102515,959,1053
102516,964,1058
102517,965,1056
102518,964,1055
102519,961,1050
102520,961,1050
102521,963,1052
102522,969,1052
102523,971,1052
102524,972,1051
102525,968,1047
102526,966,1045
102527,967,1048
102528,970,1051
102529,974,1050
102530,973,1047
102531,969,1042
102532,963,1041
102533,963,1043
102534,971,1050
102535,973,1046
102536,969,1044
102537,966,1042
102538,967,1040
102539,971,1045
102540,973,1047
102541,975,1046
102542,975,1045
102543,972,1045
102544,971,1045
102545,971,1049
102546,973,1050
102547,975,1052
102548,976,1051
102549,974,1047
102550,973,1047
102551,974,1048
102552,975,1052
102553,975,1055
102554,975,1052
102555,975,1050
102556,970,1048
102557,971,1051
102558,973,1054
102559,977,1057
102560,978,1054
102561,974,1054
102562,969,1054
102563,967,1055
102564,968,1058
102565,972,1060
102566,975,1055
102567,975,1053
102568,971,1051
102569,969,1051
102570,972,1051
102571,975,1048
102572,972,1045
102573,972,1041
102574,970,1037
102575,968,1038
102576,971,1041
102577,977,1037
102578,978,1034
102579,979,1029
102580,981,1026
102581,991,1024
102582,1004,1028
102583,1025,1025
102584,1045,1022
102585,1070,1020
102586,1104,1016
102587,1144,1009
102588,1184,1011
102589,1230,1007
102590,1268,1005
102591,1297,1007
102592,1321,1014
102593,1333,1032
102594,1330,1044
102595,1304,1048
102596,1250,1051
102597,1188,1050
102598,1117,1059
102599,1044,1069
102600,981,1073
102601,950,1079
102602,947,1073
102603,959,1066
102604,969,1057
102605,975,1052
102606,975,1049
102607,976,1051
102608,974,1051
102609,971,1047
102610,969,1049
102611,967,1050
102612,968,1054
102613,969,1054
102614,969,1051
102615,965,1048
102616,960,1047
102617,961,1049
102618,963,1051
102619,964,1050
102620,962,1050
102621,959,1048
102622,957,1045
102623,957,1046
102624,958,1053
102625,961,1049
102626,959,1046
102627,956,1041
102628,953,1041
102629,953,1043
102630,955,1045
102631,955,1044
102632,957,1044
102633,954,1042
102634,952,1042
102635,953,1042
102636,953,1046
102637,956,1046
102638,956,1042
102639,952,1041
102640,950,1039
102641,951,1044
102642,954,1045
102643,955,1045
102644,953,1048
102645,953,1042
102646,951,1042
102647,954,1043
102648,956,1046
102649,959,1044
102650,958,1043
102651,957,1044
102652,958,1039
102653,960,1042
102654,963,1042
102655,965,1044
102656,963,1041
102657,964,1039
102658,965,1038
102659,970,1038
102660,972,1040
102661,980,1041
102662,981,1038
102663,979,1035
102664,978,1034
102665,981,1038
102666,984,1038
102667,986,1037
102668,989,1034
102669,989,1029
102670,988,1027
102671,991,1029
102672,993,1029
102673,999,1026
102674,1001,1022
102675,999,1017
102676,998,1016
102677,1001,1015
102678,1005,1019
102679,1007,1017
102680,1005,1012
102681,1004,1009
102682,999,1006
102683,1004,1007
102684,1004,1007
102685,1010,1007
102686,1013,1006
102687,1011,1002
102688,1011,1004
102689,1013,1005
102690,1014,1007
102691,1019,1004
102692,1016,1002
102693,1016,1000
102694,1012,1003
102695,1014,1006
102696,1016,1011
102697,1017,1011
102698,1018,1011
102699,1015,1008
102700,1013,1012
102701,1014,1014
102702,1014,1019
102703,1016,1021
102704,1011,1021
102705,1007,1021
102706,1002,1026
102707,1000,1028
102708,998,1030
102709,1000,1031
102710,998,1030
102711,995,1032
102712,990,1032
102713,988,1036
102714,992,1040
102715,991,1043
102716,989,1042
102717,986,1040
102718,982,1041
102719,981,1044
102720,980,1049
102721,978,1048
102722,977,1048
102723,977,1045
102724,978,1046
102725,979,1049
102726,974,1051
102727,977,1050
102728,975,1050
102729,973,1046
102730,969,1049
102731,967,1049
102732,969,1053
102733,969,1054
102734,969,1051
102735,966,1049
102736,962,1049
102737,965,1051
102738,967,1053
102739,968,1052
102740,969,1050
102741,966,1044
102742,966,1043
102743,965,1047
102744,965,1050
102745,968,1051
102746,967,1047
102747,966,1046
102748,966,1046
102749,968,1047
102750,970,1049
102751,974,1049
102752,971,1045
102753,970,1044
102754,967,1044
102755,969,1047
102756,973,1049
102757,977,1047
102758,978,1047
102759,976,1042
102760,973,1044
102761,974,1045
102762,979,1045
102763,983,1044
102764,983,1045
102765,981,1039
102766,979,1042
102767,978,1042
102768,983,1043
102769,987,1044
102770,986,1043
102771,982,1040
102772,978,1039
102773,980,1041
102774,982,1046
102775,984,1046
102776,982,1043
102777,980,1042
102778,980,1043
102779,982,1043
102780,983,1046
102781,986,1045
102782,984,1043
102783,981,1043
102784,976,1040
102785,975,1043
102786,979,1046
102787,979,1046
102788,977,1045
102789,978,1041
102790,973,1041
102791,973,1044
102792,975,1046
102793,977,1045
102794,976,1045
102795,975,1042
102796,973,1041
102797,972,1042
102798,973,1046
102799,976,1042
102800,976,1040
102801,972,1038
102802,971,1040
102803,971,1043
102804,971,1045
102805,972,1046
102806,974,1044
102807,972,1042
102808,970,1043
102809,974,1046
102810,975,1050
102811,976,1052
102812,977,1051
102813,972,1048
102814,967,1048
102815,967,1050
102816,971,1053
102817,975,1051
102818,977,1048
102819,974,1045
102820,968,1044
102821,970,1045
102822,973,1046
102823,975,1049
102824,976,1044
102825,971,1043
102826,967,1043
102827,967,1045
102828,970,1048
102829,974,1048
102830,973,1048
102831,970,1042
102832,968,1043
102833,969,1043
102834,972,1047
102835,975,1048
102836,973,1046
102837,974,1042
102838,972,1044
102839,975,1047
102840,975,1048
102841,979,1049
102842,976,1045
102843,973,1042
102844,974,1044
102845,973,1047
102846,977,1048
102847,978,1050
102848,978,1046
102849,975,1040
102850,975,1040
102851,976,1043
102852,982,1046
102853,983,1044
102854,981,1040
102855,979,1037
102856,984,1031
102857,1000,1032
102858,1017,1034
102859,1035,1031
102860,1052,1027
102861,1078,1022
102862,1115,1017
102863,1159,1015
102864,1206,1008
102865,1250,1009
102866,1288,1009
102867,1316,1015
102868,1331,1029
102869,1326,1045
102870,1300,1053
102871,1249,1057
102872,1181,1058
102873,1107,1063
102874,1033,1071
102875,973,1077
102876,942,1079
102877,939,1078
102878,954,1070
102879,964,1059
102880,967,1053
102881,967,1051
102882,965,1053
102883,967,1050
102884,966,1048
102885,957,1044
102886,956,1044
102887,959,1045
102888,961,1048
102889,963,1048
102890,960,1046
102891,958,1042
102892,954,1043
102893,954,1046
102894,957,1049
102895,960,1048
102896,960,1048
102897,955,1045
102898,953,1046
102899,955,1047
102900,956,1048
102901,959,1050
102902,958,1046
102903,957,1043
102904,952,1045
102905,952,1045
102906,957,1050
102907,959,1046
102908,957,1043
102909,953,1038
102910,954,1038
102911,953,1038
102912,956,1041
102913,955,1039
102914,955,1039
102915,954,1037
102916,951,1038
102917,951,1040
102918,953,1041
102919,958,1040
102920,960,1041
102921,960,1038
102922,957,1039
102923,958,1041
102924,963,1043
102925,965,1043
102926,964,1038
102927,960,1037
102928,961,1035
102929,963,1038
102930,967,1039
102931,969,1040
102932,972,1038
102933,971,1032
102934,971,1035
102935,972,1035
102936,975,1037
102937,981,1033
102938,981,1030
102939,980,1027
102940,979,1025
102941,979,1028
102942,985,1029
102943,987,1027
102944,987,1024
102945,987,1021
102946,986,1020
102947,988,1022
102948,991,1019
102949,994,1018
102950,993,1016
102951,994,1013
102952,996,1010
102953,998,1009
102954,1003,1014
102955,1008,1010
102956,1008,1009
102957,1005,1006
102958,1004,1005
102959,1008,1009
102960,1011,1011
102961,1012,1011
102962,1011,1011
102963,1010,1005
102964,1007,1008
102965,1007,1011
102966,1009,1014
102967,1012,1013
102968,1010,1013
102969,1006,1012
102970,1002,1011
102971,1003,1015
102972,1005,1018
102973,1003,1020
102974,1002,1019
102975,996,1018
102976,994,1022
102977,990,1026
102978,989,1031
102979,990,1034
102980,990,1034
102981,984,1033
102982,980,1033
102983,981,1038
102984,979,1044
102985,982,1041
102986,978,1046
102987,974,1042
102988,972,1043
102989,971,1048
102990,973,1049
102991,974,1048
102992,974,1043
102993,972,1043
102994,971,1042
102995,970,1046
102996,970,1050
102997,972,1051
102998,967,1048
102999,967,1047
103000,964,1048
103001,964,1050
103002,966,1053
103003,969,1054
103004,971,1051
103005,968,1049
103006,964,1049
103007,965,1050
103008,967,1051
103009,971,1051
103010,970,1050
103011,971,1049
103012,970,1048
103013,971,1052
103014,974,1055
103015,978,1052
103016,977,1053
103017,980,1048
103018,976,1047
103019,975,1048
103020,976,1051
103021,979,1046
103022,981,1044
103023,983,1040
103024,984,1043
103025,990,1043
103026,997,1046
103027,999,1051
103028,1000,1047
103029,1001,1046
103030,1001,1047
103031,1004,1052
103032,1014,1054
103033,1024,1054
103034,1035,1049
103035,1044,1039
103036,1056,1028
103037,1068,1019
103038,1081,1010
103039,1094,999
103040,1107,988
103041,1120,974
103042,1134,961
103043,1148,953
103044,1166,943
103045,1186,926
103046,1201,906
103047,1212,893
103048,1226,886
103049,1236,881
103050,1243,879
103051,1244,875
103052,1237,874
103053,1229,874
103054,1223,875
103055,1220,876
103056,1215,876
103057,1210,876
103058,1198,876
103059,1182,874
103060,1164,877
103061,1146,882
103062,1126,893
103063,1104,901
103064,1081,906
103065,1062,913
103066,1052,922
103067,1042,935
103068,1038,945
103069,1035,955
103070,1034,960
103071,1030,968
103072,1023,973
103073,1020,982
103074,1031,994
103075,1048,999
103076,1066,1003
103077,1085,1003
103078,1100,1006
103079,1100,1012
103080,1085,1019
103081,1057,1022
103082,1013,1027
103083,975,1030
103084,945,1039
103085,929,1048
103086,923,1063
103087,921,1067
103088,918,1071
103089,911,1071
103090,904,1074
103091,903,1077
103092,902,1084
103093,900,1085
103094,897,1086
103095,892,1086
103096,887,1088
103097,888,1090
103098,885,1094
103099,883,1097
103100,880,1098
103101,874,1096
103102,875,1100
103103,876,1105
103104,876,1106
103105,879,1107
103106,876,1108
103107,871,1107
103108,871,1109
103109,870,1111
103110,868,1114
103111,871,1118
103112,871,1117
103113,865,1116
103114,861,1118
103115,859,1121
103116,862,1127
103117,865,1127
103118,861,1127
103119,859,1125
103120,852,1125
103121,851,1128
103122,854,1130
103123,858,1133
103124,854,1132
103125,849,1132
103126,850,1133
103127,851,1137
103128,852,1143
103129,856,1142
103130,858,1143
103131,854,1141
103132,851,1143
103133,850,1147
103134,854,1150
103135,856,1151
103136,856,1152
103137,857,1151
103138,855,1151
103139,859,1153
103140,864,1153
103141,873,1156
103142,874,1155
103143,875,1150
103144,877,1149
103145,881,1150
103146,884,1152
103147,894,1150
103148,896,1146
103149,902,1143
103150,903,1143
103151,909,1139
103152,914,1140
103153,922,1134
103154,926,1130
103155,929,1126
103156,929,1124
103157,936,1124
103158,938,1125
103159,946,1122
103160,948,1118
103161,949,1111
103162,949,1110
103163,953,1107
103164,956,1103
103165,960,1101
103166,960,1095
103167,958,1090
103168,956,1089
103169,956,1087
103170,959,1087
103171,963,1083
103172,961,1079
103173,958,1071
103174,957,1067
103175,957,1068
103176,957,1068
103177,958,1064
103178,955,1062
103179,952,1058
103180,948,1055
103181,949,1057
103182,951,1058
103183,958,1056
103184,953,1055
103185,950,1052
103186,948,1048
103187,949,1052
103188,951,1049
103189,954,1051
103190,952,1047
103191,949,1047
103192,948,1044
103193,945,1047
103194,950,1049
103195,953,1047
103196,951,1045
103197,949,1041
103198,946,1041
103199,949,1045
103200,953,1047
103201,957,1046
103202,957,1043
103203,953,1043
103204,954,1043
103205,954,1047
103206,953,1049
103207,955,1048
103208,956,1047
103209,953,1045
103210,950,1046
103211,952,1048
103212,953,1051
103213,956,1050
103214,957,1048
103215,955,1043
103216,954,1041
103217,956,1041
103218,958,1044
103219,962,1043
103220,960,1040
103221,960,1038
103222,960,1036
103223,959,1039
103224,962,1042
103225,964,1041
103226,966,1038
103227,966,1035
103228,961,1037
103229,963,1040
103230,963,1041
103231,961,1040
103232,961,1038
103233,958,1035
103234,958,1034
103235,961,1036
103236,963,1038
103237,966,1040
103238,963,1039
103239,963,1035
103240,961,1034
103241,961,1038
103242,963,1041
103243,966,1041
103244,965,1038
103245,963,1036
103246,963,1035
103247,964,1038
103248,966,1040
103249,969,1040
103250,969,1041
103251,966,1036
103252,961,1038
103253,964,1039
103254,962,1041
103255,966,1042
103256,965,1042
103257,962,1041
103258,960,1042
103259,963,1044
103260,966,1045
103261,972,1044
103262,969,1041
103263,966,1038
103264,961,1039
103265,964,1039
103266,967,1040
103267,972,1041
103268,970,1037
103269,968,1033
103270,965,1035
103271,965,1038
103272,966,1040
103273,971,1037
103274,971,1038
103275,966,1033
103276,962,1034
103277,962,1036
103278,965,1037
103279,969,1036
103280,968,1031
103281,967,1031
103282,960,1032
103283,961,1034
103284,965,1039
103285,966,1039
103286,965,1037
103287,960,1034
103288,959,1034
103289,960,1034
103290,963,1036
103291,964,1038
103292,964,1032
103293,961,1032
103294,961,1032
103295,960,1033
103296,962,1036
103297,962,1036
103298,962,1034
103299,961,1036
103300,960,1035
103301,960,1036
103302,962,1038
103303,963,1038
103304,965,1036
103305,964,1034
103306,962,1036
103307,963,1039
103308,966,1039
103309,970,1037
103310,967,1039
103311,963,1035
103312,959,1036
103313,962,1036
103314,965,1037
103315,968,1040
103316,966,1036
103317,965,1035
103318,965,1032
103319,965,1032
103320,967,1036
103321,971,1035
103322,968,1035
103323,970,1031
103324,968,1033
103325,967,1034
103326,969,1037
103327,971,1036
103328,973,1034
103329,971,1032
103330,970,1032
103331,970,1034
103332,973,1038
103333,978,1037
103334,976,1037
103335,972,1034
103336,971,1034
103337,976,1033
103338,981,1038
103339,983,1036
103340,980,1035
103341,982,1032
103342,987,1033
103343,998,1033
103344,1010,1033
103345,1033,1028
103346,1056,1022
103347,1080,1019
103348,1109,1013
103349,1152,1003
103350,1194,1001
103351,1236,998
103352,1270,998
103353,1296,1005
103354,1306,1017
103355,1306,1032
103356,1283,1044
103357,1240,1046
103358,1179,1046
103359,1115,1046
103360,1049,1051
103361,988,1060
103362,949,1067
103363,935,1066
103364,942,1062
103365,951,1052
103366,959,1044
103367,964,1040
103368,969,1037
103369,969,1035
103370,965,1028
103371,962,1027
103372,957,1027
103373,955,1026
103374,956,1028
103375,960,1027
103376,957,1027
103377,952,1023
103378,947,1023
103379,948,1026
103380,950,1031
103381,954,1031
103382,950,1031
103383,951,1030
103384,948,1032
103385,948,1034
103386,953,1036
103387,955,1036
103388,958,1035
103389,956,1033
103390,951,1034
103391,949,1040
103392,950,1041
103393,953,1040
103394,950,1038
103395,950,1035
103396,949,1034
103397,953,1036
103398,956,1039
103399,959,1037
103400,956,1034
103401,954,1032
103402,950,1031
103403,951,1034
103404,954,1037
103405,957,1034
103406,958,1032
103407,952,1029
103408,950,1028
103409,951,1029
103410,955,1032
103411,959,1030
103412,957,1027
103413,955,1027
103414,955,1025
103415,955,1028
103416,961,1030
103417,965,1028
103418,962,1024
103419,961,1021
103420,961,1023
103421,963,1021
103422,969,1022
103423,971,1020
103424,978,1021
103425,976,1017
103426,974,1015
103427,974,1017
103428,979,1020
103429,987,1019
103430,988,1016
103431,986,1011
103432,986,1012
103433,986,1013
103434,991,1012
103435,996,1012
103436,995,1009
103437,994,1009
103438,994,1005
103439,999,1008
103440,1004,1010
103441,1008,1008
103442,1005,1007
103443,1004,1000
103444,1003,999
103445,1005,999
103446,1006,999
103447,1009,998
103448,1010,995
103449,1010,991
103450,1012,992
103451,1014,998
103452,1018,997
103453,1016,997
103454,1016,994
103455,1014,994
103456,1015,995
103457,1015,1000
103458,1012,1003
103459,1015,1001
103460,1015,1001
103461,1013,1000
103462,1009,1002
103463,1006,1007
103464,1006,1011
103465,1004,1011
103466,1001,1012
103467,995,1016
103468,994,1015
103469,994,1022
103470,994,1024
103471,991,1027
103472,985,1024
103473,980,1028
103474,979,1030
103475,980,1034
103476,982,1038
103477,979,1040
103478,979,1040
103479,974,1040
103480,974,1039
103481,973,1044
103482,974,1046
103483,976,1045
103484,973,1044
103485,970,1041
103486,969,1044
103487,969,1046
103488,972,1049
103489,973,1047
103490,972,1039
103491,974,1036
103492,971,1037
103493,972,1037
103494,975,1040
103495,976,1038
103496,974,1036
103497,971,1034
103498,965,1032
103499,969,1034
103500,970,1036
103501,974,1037
103502,978,1031
103503,976,1030
103504,973,1030
103505,972,1031
103506,979,1036
103507,979,1033
103508,980,1033
103509,979,1030
103510,975,1030
103511,975,1029
103512,979,1032
103513,983,1031
103514,982,1029
103515,981,1024
103516,980,1025
103517,982,1028
103518,987,1031
103519,985,1030
103520,983,1030
103521,983,1026
103522,979,1029
103523,981,1029
103524,985,1032
103525,989,1032
103526,988,1031
103527,982,1029
103528,975,1032
103529,976,1032
103530,977,1034
103531,981,1036
103532,980,1034
103533,980,1035
103534,979,1036
103535,981,1038
103536,985,1041
103537,988,1039
103538,986,1037
103539,985,1033
103540,985,1034
103541,983,1035
103542,983,1037
103543,985,1034
103544,982,1031
103545,980,1031
103546,978,1030
103547,981,1034
103548,984,1035
103549,987,1034
103550,989,1033
103551,982,1029
103552,981,1029
103553,981,1032
103554,980,1035
103555,981,1035
103556,980,1034
103557,978,1030
103558,978,1030
103559,980,1033
103560,980,1036
103561,978,1035
103562,981,1031
103563,978,1031
103564,977,1030
103565,978,1032
103566,981,1036
103567,982,1036
103568,980,1033
103569,977,1032
103570,975,1031
103571,975,1034
103572,979,1036
103573,982,1036
103574,979,1035
103575,976,1033
103576,974,1033
103577,975,1037
103578,977,1039
103579,978,1041
103580,978,1038
103581,976,1038
103582,973,1037
103583,972,1039
103584,975,1040
103585,978,1039
103586,975,1035
103587,975,1030
103588,972,1029
103589,975,1031
103590,977,1035
103591,979,1035
103592,976,1031
103593,973,1027
103594,975,1029
103595,980,1031
103596,986,1033
103597,988,1034
103598,984,1029
103599,984,1028
103600,983,1025
103601,992,1026
103602,1003,1027
103603,1017,1026
103604,1034,1022
103605,1050,1018
103606,1076,1018
103607,1114,1017
103608,1158,1012
103609,1205,1003
103610,1244,997
103611,1277,999
103612,1301,1008
103613,1313,1023
103614,1303,1038
103615,1265,1046
103616,1208,1044
103617,1144,1043
103618,1077,1052
103619,1011,1068
103620,957,1077
103621,937,1080
103622,938,1076
103623,947,1065
103624,958,1054
103625,965,1049
103626,969,1045
103627,970,1042
103628,967,1040
103629,964,1037
103630,962,1038
103631,966,1043
103632,966,1048
103633,968,1047
103634,967,1042
103635,961,1037
103636,956,1035
103637,960,1036
103638,961,1039
103639,961,1033
103640,962,1035
103641,952,1031
103642,954,1033
103643,953,1032
103644,957,1035
103645,961,1036
103646,958,1033
103647,953,1032
103648,951,1033
103649,951,1036
103650,955,1041
103651,957,1041
103652,955,1038
103653,952,1036
103654,950,1038
103655,951,1038
103656,958,1043
103657,958,1041
103658,958,1038
103659,957,1036
103660,956,1035
103661,958,1038
103662,961,1037
103663,960,1035
103664,959,1033
103665,956,1033
103666,956,1031
103667,960,1033
103668,962,1037
103669,967,1035
103670,966,1033
103671,965,1027
103672,963,1027
103673,968,1028
103674,971,1030
103675,975,1028
103676,976,1023
103677,976,1018
103678,975,1020
103679,979,1023
103680,983,1024
103681,987,1023
103682,988,1021
103683,986,1015
103684,983,1016
103685,984,1016
103686,989,1018
103687,993,1013
103688,996,1011
103689,993,1007
103690,991,1006
103691,992,1007
103692,995,1011
103693,1000,1008
103694,1000,1005
103695,997,1004
103696,995,1003
103697,999,1009
103698,998,1009
103699,1004,1005
103700,1002,1004
103701,1000,1003
103702,996,1005
103703,997,1008
103704,1000,1010
103705,1004,1009
103706,1006,1008
103707,1004,1009
103708,1000,1009
103709,1002,1012
103710,1002,1017
103711,1003,1020
103712,1000,1019
103713,998,1016
103714,991,1019
103715,988,1024
103716,993,1028
103717,992,1030
103718,990,1029
103719,987,1029
103720,979,1032
103721,977,1034
103722,980,1038
103723,980,1036
103724,980,1037
103725,974,1033
103726,973,1032
103727,972,1038
103728,974,1041
103729,973,1041
103730,971,1039
103731,967,1040
103732,967,1040
103733,970,1041
103734,971,1043
103735,972,1044
103736,971,1046
103737,973,1045
103738,973,1047
103739,974,1052
103740,978,1056
103741,979,1057
103742,977,1054
103743,974,1053
103744,972,1051
103745,974,1055
103746,976,1056
103747,977,1056
103748,977,1053
103749,972,1049
103750,973,1053
103751,973,1053
103752,975,1056
103753,976,1055
103754,978,1051
103755,977,1048
103756,976,1046
103757,975,1050
103758,977,1052
103759,982,1050
103760,982,1048
103761,978,1046
103762,981,1049
103763,982,1048
103764,988,1050
103765,990,1049
103766,989,1045
103767,990,1043
103768,987,1044
103769,988,1045
103770,990,1048
103771,991,1046
103772,988,1043
103773,984,1040
103774,981,1038
103775,985,1041
103776,985,1043
103777,988,1043
103778,985,1039
103779,982,1037
103780,976,1036
103781,976,1040
103782,978,1044
103783,981,1043
103784,982,1041
103785,979,1039
103786,975,1037
103787,974,1040
103788,977,1044
103789,979,1046
103790,978,1044
103791,978,1040
103792,975,1040
103793,975,1044
103794,977,1048
103795,980,1046
103796,978,1045
103797,975,1043
103798,973,1043
103799,973,1047
103800,977,1048
103801,978,1049
103802,976,1046
103803,975,1044
103804,975,1044
103805,977,1046
103806,979,1051
103807,981,1049
103808,976,1045
103809,976,1042
103810,971,1043
103811,974,1045
103812,976,1051
103813,977,1046
103814,978,1046
103815,974,1043
103816,971,1045
103817,974,1044
103818,975,1048
103819,977,1044
103820,978,1044
103821,977,1040
103822,974,1038
103823,978,1042
103824,978,1044
103825,978,1042
103826,975,1039
103827,976,1036
103828,972,1038
103829,974,1041
103830,977,1043
103831,983,1045
103832,979,1044
103833,976,1043
103834,975,1047
103835,976,1046
103836,982,1049
103837,983,1052
103838,980,1050
103839,978,1045
103840,974,1049
103841,976,1051
103842,979,1050
103843,982,1052
103844,982,1052
103845,977,1050
103846,976,1050
103847,977,1053
103848,980,1055
103849,978,1054
103850,980,1054
103851,979,1051
103852,975,1052
103853,977,1054
103854,977,1055
103855,982,1052
103856,980,1048
103857,978,1045
103858,977,1048
103859,979,1051
103860,981,1052
103861,985,1051
103862,984,1048
103863,981,1045
103864,979,1045
103865,980,1046
103866,977,1046
103867,983,1045
103868,984,1042
103869,981,1040
103870,978,1041
103871,980,1043
103872,984,1044
103873,986,1042
103874,986,1042
103875,986,1037
103876,984,1039
103877,986,1042
103878,992,1041
103879,998,1040
103880,1006,1035
103881,1020,1033
103882,1042,1031
103883,1070,1032
103884,1105,1032
103885,1141,1028
103886,1177,1016
103887,1215,1008
103888,1256,1006
103889,1296,1015
103890,1328,1027
103891,1337,1043
103892,1317,1052
103893,1268,1054
103894,1206,1060
103895,1140,1067
103896,1073,1075
103897,1015,1076
103898,969,1076
103899,953,1071
103900,957,1070
103901,972,1062
103902,983,1056
103903,986,1051
103904,982,1045
103905,978,1041
103906,971,1043
103907,968,1041
103908,969,1042
103909,972,1044
103910,969,1041
103911,964,1039
103912,967,1039
103913,965,1038
103914,967,1045
103915,967,1043
103916,966,1040
103917,961,1040
103918,962,1037
103919,962,1041
103920,963,1045
103921,966,1045
103922,966,1043
103923,962,1039
103924,962,1043
103925,964,1043
103926,966,1048
103927,967,1048
103928,965,1046
103929,959,1047
103930,959,1047
103931,963,1052
103932,967,1053
103933,967,1052
103934,966,1051
103935,967,1048
103936,967,1049
103937,968,1051
103938,972,1054
103939,972,1052
103940,971,1049
103941,969,1046
103942,968,1045
103943,970,1048
103944,970,1051
103945,973,1050
103946,975,1046
103947,970,1046
103948,969,1043
103949,972,1045
103950,976,1045
103951,981,1044
103952,978,1042
103953,978,1039
103954,977,1039
103955,980,1042
103956,983,1043
103957,985,1041
103958,982,1036
103959,979,1031
103960,977,1031
103961,978,1032
103962,984,1035
103963,987,1031
103964,991,1030
103965,990,1026
103966,988,1027
103967,993,1027
103968,998,1028
103969,1000,1026
103970,1003,1023
103971,1002,1020
103972,1002,1021
103973,1004,1022
103974,1007,1024
103975,1008,1024
103976,1012,1019
103977,1009,1016
103978,1008,1018
103979,1010,1020
103980,1014,1025
103981,1015,1022
103982,1014,1019
103983,1016,1020
103984,1019,1019
103985,1018,1023
103986,1021,1025
103987,1027,1023
103988,1026,1021
103989,1022,1021
103990,1020,1023
103991,1021,1024
103992,1024,1028
103993,1023,1028
103994,1020,1028
103995,1014,1027
103996,1014,1030
103997,1012,1030
103998,1010,1036
103999,1009,1038
104000,1006,1039
104001,1002,1038
104002,998,1039
104003,995,1042
104004,992,1045
104005,993,1046
104006,990,1045
104007,987,1046
104008,985,1045
104009,984,1052
104010,989,1055
104011,991,1051
104012,986,1055
104013,983,1051
104014,977,1055
104015,981,1056
104016,983,1058
104017,984,1059
104018,979,1058
104019,979,1054
104020,977,1057
104021,977,1057
104022,984,1062
104023,987,1057
104024,985,1053
104025,981,1049
104026,983,1052
104027,984,1054
104028,988,1057
104029,994,1056
104030,994,1053
104031,1000,1053
104032,1005,1053
104033,1008,1054
104034,1015,1059
104035,1021,1058
104036,1025,1056
104037,1031,1054
104038,1040,1051
104039,1057,1048
104040,1074,1040
104041,1088,1026
104042,1102,1009
104043,1115,997
104044,1132,987
104045,1150,976
104046,1168,967
104047,1184,951
104048,1203,932
104049,1220,910
104050,1239,894
104051,1257,886
104052,1274,881
104053,1283,874
104054,1278,869
104055,1266,867
104056,1257,869
104057,1252,870
104058,1248,871
104059,1234,871
104060,1216,869
104061,1191,867
104062,1164,869
104063,1136,879
104064,1113,891
104065,1088,901
104066,1059,909
104067,1041,920
104068,1030,935
104069,1030,950
104070,1028,962
104071,1029,970
104072,1025,978
104073,1031,985
104074,1047,996
104075,1069,1004
104076,1089,1012
104077,1091,1016
104078,1070,1019
104079,1039,1023
104080,1004,1030
104081,975,1040
104082,958,1052
104083,946,1061
104084,939,1068
104085,932,1074
104086,925,1078
104087,924,1086
104088,922,1093
104089,921,1092
104090,918,1094
104091,912,1095
104092,910,1095
104093,908,1102
104094,906,1107
104095,906,1107
104096,904,1109
104097,901,1106
104098,895,1106
104099,894,1110
104100,897,1112
104101,899,1114
104102,898,1115
104103,894,1111
104104,894,1111
104105,894,1117
104106,891,1118
104107,893,1119
104108,887,1118
104109,885,1116
104110,880,1115
104111,879,1120
104112,882,1125
104113,883,1125
104114,883,1123
104115,881,1123
104116,879,1127
104117,878,1133
104118,878,1136
104119,880,1135
104120,879,1135
104121,880,1132
104122,876,1136
104123,878,1141
104124,883,1146
104125,885,1145
104126,885,1146
104127,884,1143
104128,883,1146
104129,888,1149
104130,890,1153
104131,892,1151
104132,898,1151
104133,897,1152
104134,897,1151
104135,906,1155
104136,912,1156
104137,915,1153
104138,917,1152
104139,919,1148
104140,922,1149
104141,929,1149
104142,937,1151
104143,941,1145
104144,944,1140
104145,950,1136
104146,950,1132
104147,957,1132
104148,961,1130
104149,965,1125
104150,964,1118
104151,962,1112
104152,964,1110
104153,965,1105
104154,970,1106
104155,971,1102
104156,972,1094
104157,971,1091
104158,967,1084
104159,966,1083
104160,969,1083
104161,968,1081
104162,967,1073
104163,964,1068
104164,962,1065
104165,967,1067
104166,972,1065
104167,968,1063
104168,963,1059
104169,959,1053
104170,961,1054
104171,960,1055
104172,964,1057
104173,966,1055
104174,968,1050
104175,965,1047
104176,962,1048
104177,964,1051
104178,964,1054
104179,970,1054
104180,971,1050
104181,969,1047
104182,967,1050
104183,968,1051
104184,972,1052
104185,973,1053
104186,969,1050
104187,968,1049
104188,973,1049
104189,973,1050
104190,977,1049
104191,980,1048
104192,979,1046
104193,978,1042
104194,975,1043
104195,973,1045
104196,976,1044
104197,981,1045
104198,979,1044
104199,976,1042
104200,976,1042
104201,977,1045
104202,979,1048
104203,979,1048
104204,977,1044
104205,973,1042
104206,972,1040
104207,975,1045
104208,973,1048
104209,976,1045
104210,976,1042
104211,979,1042
104212,975,1042
104213,974,1045
104214,980,1047
104215,978,1045
104216,979,1040
104217,976,1040
104218,974,1042
104219,976,1044
104220,978,1046
104221,979,1045
104222,979,1042
104223,977,1040
104224,974,1039
104225,973,1039
104226,976,1046
104227,977,1042
104228,976,1040
104229,974,1039
104230,973,1040
104231,974,1042
104232,979,1043
104233,982,1043
104234,982,1043
104235,975,1040
104236,975,1039
104237,973,1042
104238,973,1043
104239,976,1043
104240,978,1041
104241,974,1042
104242,974,1041
104243,974,1046
104244,978,1048
104245,980,1046
104246,979,1046
104247,976,1043
104248,975,1043
104249,974,1047
104250,974,1049
104251,976,1049
104252,976,1046
104253,975,1042
104254,972,1044
104255,968,1046
104256,972,1049
104257,973,1044
104258,972,1042
104259,967,1042
104260,970,1041
104261,974,1043
104262,975,1044
104263,977,1045
104264,974,1041
104265,974,1038
104266,970,1039
104267,974,1039
104268,975,1041
104269,978,1038
104270,978,1035
104271,974,1034
104272,971,1033
104273,974,1037
104274,979,1041
104275,980,1041
104276,979,1038
104277,977,1037
104278,974,1038
104279,977,1040
104280,976,1044
104281,975,1044
104282,975,1043
104283,974,1039
104284,973,1040
104285,975,1042
104286,978,1046
104287,979,1045
104288,979,1042
104289,975,1041
104290,973,1040
104291,977,1043
104292,979,1047
104293,980,1046
104294,977,1042
104295,975,1041
104296,972,1042
104297,975,1045
104298,978,1046
104299,979,1044
104300,977,1045
104301,975,1044
104302,974,1045
104303,975,1046
104304,976,1048
104305,976,1045
104306,974,1045
104307,972,1041
104308,971,1042
104309,972,1043
104310,973,1048
104311,974,1048
104312,975,1042
104313,971,1041
104314,971,1041
104315,972,1042
104316,976,1045
104317,977,1044
104318,975,1040
104319,973,1039
104320,971,1039
104321,977,1042
104322,979,1043
104323,981,1042
104324,978,1040
104325,977,1037
104326,976,1041
104327,977,1043
104328,979,1046
104329,980,1046
104330,978,1040
104331,971,1039
104332,971,1039
104333,974,1043
104334,978,1044
104335,984,1043
104336,982,1040
104337,978,1039
104338,977,1039
104339,980,1044
104340,980,1044
104341,982,1042
104342,983,1040
104343,982,1036
104344,980,1039
104345,980,1042
104346,983,1042
104347,986,1043
104348,983,1039
104349,984,1039
104350,980,1039
104351,984,1040
104352,988,1045
104353,989,1042
104354,987,1040
104355,981,1038
104356,986,1036
104357,990,1038
104358,999,1038
104359,1011,1035
104360,1024,1032
104361,1039,1027
104362,1063,1025
104363,1093,1027
104364,1133,1023
104365,1171,1013
104366,1209,1003
104367,1240,999
104368,1279,1004
104369,1311,1012
104370,1327,1028
104371,1316,1038
104372,1277,1043
104373,1216,1043
104374,1145,1047
104375,1080,1055
104376,1015,1067
104377,966,1072
104378,943,1070
104379,944,1068
104380,957,1061
104381,972,1056
104382,980,1052
104383,982,1045
104384,978,1039
104385,973,1037
104386,972,1039
104387,972,1038
104388,973,1043
104389,971,1041
104390,971,1037
104391,966,1038
104392,965,1040
104393,966,1042
104394,969,1044
104395,968,1042
104396,968,1040
104397,969,1036
104398,965,1038
104399,968,1040
104400,967,1042
104401,971,1040
104402,969,1038
104403,966,1036
104404,964,1035
104405,965,1039
104406,969,1041
104407,967,1040
104408,963,1036
104409,962,1036
104410,961,1036
104411,962,1037
104412,966,1039
104413,967,1038
104414,966,1035
104415,963,1034
104416,960,1034
104417,965,1036
104418,967,1037
104419,969,1038
104420,965,1034
104421,963,1033
104422,962,1032
104423,966,1033
104424,970,1036
104425,972,1036
104426,970,1030
104427,965,1029
104428,967,1030
104429,971,1034
104430,975,1033
104431,978,1034
104432,974,1032
104433,971,1030
104434,971,1031
104435,971,1031
104436,978,1032
104437,981,1029
104438,981,1028
104439,980,1027
104440,982,1027
104441,980,1028
104442,984,1027
104443,988,1029
104444,988,1024
104445,988,1021
104446,987,1021
104447,987,1024
104448,990,1025
104449,992,1026
104450,991,1017
104451,992,1015
104452,990,1015
104453,992,1016
104454,996,1016
104455,998,1014
104456,1000,1008
104457,999,1005
104458,1001,1008
104459,1004,1012
104460,1008,1011
104461,1007,1011
104462,1006,1006
104463,1009,1003
104464,1008,1004
104465,1011,1007
104466,1012,1007
104467,1016,1007
104468,1017,1003
104469,1015,1004
104470,1015,1005
104471,1017,1009
104472,1023,1014
104473,1026,1015
104474,1022,1015
104475,1016,1015
104476,1014,1017
104477,1017,1020
104478,1016,1023
104479,1016,1025
104480,1016,1023
104481,1012,1023
104482,1012,1026
104483,1009,1031
104484,1011,1035
104485,1010,1032
104486,1006,1031
104487,1001,1029
104488,997,1032
104489,995,1038
104490,995,1041
104491,997,1038
104492,994,1037
104493,989,1036
104494,989,1036
104495,988,1038
104496,992,1040
104497,996,1041
104498,991,1040
104499,987,1039
104500,985,1038
104501,987,1040
104502,990,1043
104503,990,1042
104504,985,1038
104505,987,1035
104506,984,1035
104507,987,1040
104508,992,1041
104509,991,1040
104510,989,1038
104511,984,1036
104512,986,1037
104513,987,1040
104514,989,1041
104515,988,1039
104516,987,1035
104517,983,1035
104518,981,1034
104519,983,1035
104520,984,1038
104521,986,1037
104522,987,1035
104523,986,1031
104524,989,1035
104525,990,1038
104526,990,1038
104527,989,1035
104528,990,1031
104529,989,1031
104530,984,1031
104531,987,1030
104532,990,1033
104533,992,1032
104534,993,1030
104535,991,1027
104536,991,1032
104537,992,1031
104538,994,1031
104539,996,1031
104540,998,1028
104541,990,1027
104542,990,1030
104543,993,1030
104544,991,1035
104545,996,1035
104546,993,1032
104547,989,1032
104548,989,1033
104549,993,1033
104550,993,1034
104551,996,1036
104552,993,1033
104553,990,1031
104554,988,1032
104555,989,1035
104556,991,1036
104557,990,1035
104558,990,1029
104559,989,1028
104560,985,1028
104561,988,1032
104562,988,1036
104563,991,1034
104564,988,1034
104565,986,1031
104566,985,1034
104567,985,1036
104568,985,1039
104569,986,1037
104570,986,1037
104571,981,1030
104572,981,1034
104573,986,1037
104574,988,1039
104575,986,1037
104576,984,1037
104577,981,1034
104578,984,1035
104579,984,1038
104580,985,1039
104581,984,1036
104582,982,1035
104583,980,1034
104584,981,1036
104585,984,1037
104586,986,1037
104587,985,1038
104588,981,1033
104589,978,1033
104590,979,1032
104591,982,1034
104592,984,1034
104593,984,1030
104594,984,1030
104595,980,1029
104596,981,1031
104597,982,1032
104598,984,1036
104599,984,1035
104600,985,1033
104601,980,1031
104602,980,1030
104603,983,1034
104604,988,1036
104605,989,1037
104606,990,1037
104607,984,1033
104608,984,1033
104609,984,1035
104610,985,1038
104611,985,1035
104612,984,1034
104613,980,1033
104614,981,1034
104615,984,1037
104616,985,1038
104617,985,1036
104618,984,1032
104619,982,1031
104620,981,1033
104621,985,1038
104622,983,1040
104623,986,1038
104624,983,1034
104625,982,1035
104626,979,1034
104627,982,1037
104628,984,1041
104629,987,1039
104630,984,1036
104631,981,1034
104632,980,1035
104633,982,1039
104634,987,1040
104635,989,1039
104636,987,1032
104637,986,1029
104638,990,1028
104639,1001,1028
104640,1014,1028
104641,1029,1025
104642,1047,1021
104643,1068,1016
104644,1102,1017
104645,1147,1007
104646,1191,1003
104647,1234,996
104648,1271,996
104649,1306,1002
104650,1325,1017
104651,1328,1033
104652,1298,1044
104653,1250,1046
104654,1185,1047
104655,1114,1048
104656,1037,1063
104657,978,1069
104658,948,1074
104659,949,1071
104660,962,1063
104661,972,1054
104662,981,1047
104663,979,1047
104664,982,1046
104665,983,1042
104666,983,1039
104667,977,1035
104668,977,1036
104669,977,1038
104670,979,1040
104671,980,1038
104672,979,1036
104673,976,1034
104674,971,1034
104675,970,1034
104676,973,1036
104677,972,1036
104678,968,1033
104679,966,1032
104680,966,1031
104681,965,1036
104682,967,1035
104683,967,1037
104684,967,1035
104685,965,1030
104686,962,1031
104687,962,1033
104688,964,1036
104689,965,1035
104690,963,1031
104691,963,1031
104692,962,1033
104693,965,1036
104694,967,1039
104695,969,1037
104696,968,1033
104697,963,1030
104698,963,1032
104699,965,1036
104700,969,1038
104701,969,1036
104702,966,1036
104703,962,1031
104704,964,1031
104705,966,1034
104706,967,1034
104707,973,1033
104708,970,1032
104709,968,1030
104710,970,1028
104711,971,1032
104712,974,1034
104713,974,1030
104714,976,1025
104715,974,1024
104716,975,1023
104717,981,1023
104718,984,1024
104719,983,1021
104720,986,1018
104721,985,1016
104722,984,1017
104723,988,1019
104724,992,1024
104725,997,1017
104726,998,1016
104727,999,1015
104728,999,1013
104729,1003,1017
104730,1006,1017
104731,1010,1013
104732,1008,1011
104733,1004,1008
104734,1006,1010
104735,1008,1012
104736,1014,1012
104737,1014,1011
104738,1013,1008
104739,1013,1006
104740,1009,1007
104741,1012,1007
104742,1017,1010
104743,1018,1010
104744,1017,1007
104745,1018,1004
104746,1017,1007
104747,1018,1010
104748,1020,1014
104749,1020,1012
104750,1019,1010
104751,1015,1011
104752,1015,1010
104753,1014,1014
104754,1017,1020
104755,1019,1019
104756,1016,1021
104757,1013,1020
104758,1011,1020
104759,1010,1022
104760,1011,1027
104761,1010,1025
104762,1003,1025
104763,998,1023
104764,998,1024
104765,997,1031
104766,999,1033
104767,1000,1034
104768,997,1032
104769,993,1030
104770,993,1034
104771,993,1037
104772,995,1044
104773,993,1042
104774,993,1036
104775,990,1036
104776,989,1038
104777,986,1041
104778,989,1043
104779,989,1042
104780,986,1038
104781,985,1038
104782,987,1038
104783,987,1042
104784,992,1044
104785,993,1043
104786,991,1041
104787,989,1038
104788,992,1040
104789,993,1044
104790,996,1045
104791,1002,1044
104792,1000,1041
104793,1006,1037
104794,1012,1037
104795,1017,1044
104796,1024,1048
104797,1031,1047
104798,1032,1046
104799,1037,1043
104800,1048,1045
104801,1063,1039
104802,1079,1033
104803,1094,1021
104804,1106,1006
104805,1115,995
104806,1128,982
104807,1144,976
104808,1163,968
104809,1176,952
104810,1188,935
104811,1201,922
104812,1219,904
104813,1241,896
104814,1261,886
104815,1273,875
104816,1277,865
104817,1270,863
104818,1265,864
104819,1260,866
104820,1256,870
104821,1249,864
104822,1236,864
104823,1221,860
104824,1205,862
104825,1183,867
104826,1164,872
104827,1142,875
104828,1118,879
104829,1088,889
104830,1063,900
104831,1047,911
104832,1040,925
104833,1035,935
104834,1033,945
104835,1028,952
104836,1020,960
104837,1023,973
104838,1030,979
104839,1039,986
104840,1050,990
104841,1066,995
104842,1081,1001
104843,1095,1007
104844,1094,1015
104845,1077,1016
104846,1047,1019
104847,1010,1021
104848,979,1030
104849,960,1040
104850,949,1053
104851,942,1060
104852,938,1064
104853,930,1069
104854,926,1073
104855,923,1078
104856,922,1081
104857,919,1082
104858,913,1081
104859,910,1081
104860,907,1085
104861,905,1088
104862,906,1088
104863,905,1088
104864,902,1088
104865,897,1088
104866,894,1091
104867,896,1094
104868,897,1098
104869,898,1097
104870,895,1098
104871,885,1098
104872,888,1101
104873,888,1104
104874,890,1104
104875,886,1105
104876,884,1106
104877,883,1106
104878,882,1107
104879,883,1111
104880,885,1115
104881,887,1117
104882,886,1116
104883,882,1116
104884,883,1120
104885,886,1123
104886,891,1129
104887,891,1128
104888,889,1127
104889,885,1126
104890,885,1129
104891,888,1134
104892,891,1138
104893,894,1141
104894,891,1142
104895,889,1139
104896,892,1142
104897,891,1147
104898,895,1152
104899,896,1151
104900,895,1149
104901,895,1149
104902,897,1151
104903,900,1154
104904,904,1158
104905,906,1156
104906,908,1155
104907,909,1152
104908,911,1155
104909,915,1154
104910,921,1157
104911,923,1155
104912,922,1150
104913,926,1147
104914,929,1146
104915,934,1145
104916,938,1144
104917,943,1140
104918,942,1135
104919,940,1133
104920,943,1132
104921,946,1131
104922,950,1133
104923,954,1124
104924,954,1117
104925,955,1110
104926,958,1106
104927,963,1104
104928,967,1103
104929,969,1095
104930,971,1090
104931,969,1084
104932,970,1082
104933,973,1082
104934,976,1080
104935,979,1076
104936,978,1068
104937,976,1064
104938,974,1062
104939,977,1066
104940,979,1065
104941,982,1062
104942,981,1057
104943,977,1055
104944,976,1055
104945,979,1058
104946,980,1060
104947,981,1058
104948,981,1055
104949,975,1054
104950,977,1052
104951,976,1057
104952,975,1055
104953,975,1055
104954,974,1053
104955,973,1052
104956,969,1049
104957,970,1053
104958,970,1055
104959,970,1053
104960,972,1050
104961,970,1047
104962,967,1049
104963,969,1050
104964,971,1050
104965,971,1051
104966,971,1046
104967,968,1045
104968,968,1046
104969,968,1049
104970,972,1049
104971,974,1047
104972,973,1043
104973,969,1039
104974,968,1041
104975,968,1043
104976,972,1045
104977,973,1044
104978,973,1042
104979,972,1039
104980,971,1040
104981,974,1042
104982,973,1041
104983,972,1039
104984,974,1039
104985,974,1037
104986,973,1037
104987,976,1038
104988,976,1041
104989,980,1039
104990,980,1037
104991,978,1038
104992,978,1035
104993,978,1037
104994,980,1038
104995,982,1039
104996,980,1037
104997,975,1034
104998,976,1036
104999,980,1038
105000,981,1041
105001,984,1042
105002,980,1039
105003,978,1037
105004,978,1040
105005,978,1044
105006,982,1045
105007,982,1043
105008,975,1041
105009,972,1039
105010,971,1042
105011,972,1043
105012,977,1047
105013,979,1044
105014,978,1042
105015,976,1039
105016,974,1043
105017,975,1046
105018,976,1048
105019,975,1047
105020,976,1041
105021,971,1039
105022,970,1039
105023,974,1044
105024,976,1045
105025,976,1043
105026,974,1039
105027,972,1037
105028,970,1037
105029,969,1039
105030,973,1042
105031,973,1040
105032,973,1035
105033,970,1034
105034,970,1033
105035,975,1038
105036,974,1040
105037,975,1037
105038,974,1035
105039,969,1033
105040,966,1035
105041,977,1037
105042,979,1040
105043,979,1040
105044,976,1037
105045,971,1034
105046,974,1037
105047,977,1040
105048,979,1044
105049,978,1041
105050,978,1037
105051,975,1034
105052,972,1038
105053,971,1038
105054,975,1040
105055,977,1040
105056,974,1038
105057,974,1036
105058,972,1039
105059,974,1041
105060,977,1044
105061,976,1042
105062,975,1040
105063,972,1039
105064,973,1041
105065,973,1045
105066,976,1044
105067,975,1044
105068,972,1043
105069,969,1040
105070,970,1041
105071,972,1044
105072,972,1047
105073,970,1044
105074,969,1040
105075,970,1042
105076,970,1044
105077,972,1045
105078,977,1045
105079,977,1043
105080,974,1037
105081,969,1032
105082,966,1032
105083,968,1034
105084,971,1037
105085,970,1036
105086,965,1032
105087,964,1030
105088,964,1030
105089,964,1033
105090,966,1037
105091,966,1034
105092,967,1033
105093,968,1031
105094,967,1031
105095,966,1035
105096,971,1036
105097,973,1035
105098,974,1031
105099,971,1031
105100,970,1035
105101,971,1035
105102,973,1038
105103,974,1038
105104,972,1038
105105,972,1036
105106,977,1037
105107,981,1041
105108,980,1041
105109,978,1037
105110,974,1036
105111,970,1036
105112,969,1039
105113,970,1040
105114,973,1043
105115,972,1043
105116,973,1040
105117,969,1039
105118,968,1039
105119,972,1042
105120,974,1042
105121,974,1042
105122,972,1038
105123,967,1036
105124,965,1036
105125,969,1040
105126,973,1042
105127,972,1041
105128,972,1038
105129,969,1036
105130,967,1033
105131,971,1037
105132,973,1037
105133,971,1036
105134,971,1032
105135,969,1034
105136,969,1033
105137,973,1034
105138,977,1039
105139,978,1035
105140,978,1035
105141,973,1033
105142,971,1034
105143,972,1035
105144,978,1040
105145,974,1037
105146,977,1035
105147,978,1035
105148,979,1035
105149,978,1036
105150,981,1038
105151,980,1038
105152,979,1035
105153,976,1036
105154,978,1036
105155,981,1042
105156,985,1043
105157,984,1041
105158,978,1038
105159,975,1037
105160,975,1037
105161,977,1040
105162,984,1041
105163,985,1042
105164,984,1039
105165,982,1038
105166,982,1039
105167,984,1041
105168,988,1042
105169,993,1037
105170,1001,1033
105171,1011,1032
105172,1023,1030
105173,1044,1028
105174,1069,1026
105175,1098,1020
105176,1128,1013
105177,1159,1003
105178,1195,999
105179,1228,998
105180,1258,1001
105181,1281,1009
105182,1294,1019
105183,1281,1027
105184,1252,1037
105185,1207,1038
105186,1153,1041
105187,1092,1043
105188,1029,1051
105189,970,1061
105190,934,1069
105191,927,1073
105192,937,1073
105193,952,1063
105194,962,1053
105195,960,1043
105196,960,1041
105197,962,1039
105198,966,1039
105199,963,1037
105200,960,1036
105201,955,1029
105202,954,1030
105203,954,1033
105204,957,1037
105205,957,1034
105206,956,1034
105207,952,1032
105208,949,1035
105209,952,1038
105210,959,1038
105211,961,1038
105212,955,1036
105213,949,1034
105214,946,1035
105215,945,1038
105216,952,1039
105217,954,1037
105218,954,1033
105219,952,1030
105220,951,1032
105221,952,1034
105222,953,1037
105223,955,1035
105224,954,1035
105225,953,1031
105226,953,1036
105227,952,1036
105228,954,1037
105229,953,1037
105230,952,1035
105231,951,1034
105232,953,1035
105233,954,1036
105234,955,1037
105235,954,1035
105236,951,1033
105237,950,1030
105238,951,1032
105239,952,1034
105240,956,1037
105241,956,1037
105242,956,1033
105243,954,1028
105244,952,1031
105245,955,1034
105246,961,1035
105247,959,1034
105248,959,1032
105249,958,1031
105250,959,1030
105251,963,1033
105252,964,1033
105253,965,1030
105254,964,1026
105255,962,1026
105256,962,1028
105257,966,1026
105258,968,1027
105259,970,1024
105260,968,1021
105261,968,1018
105262,966,1019
105263,971,1020
105264,976,1020
105265,977,1016
105266,975,1012
105267,972,1008
105268,969,1009
105269,972,1012
105270,977,1015
105271,977,1011
105272,978,1009
105273,976,1007
105274,980,1008
105275,983,1011
105276,984,1011
105277,984,1010
105278,983,1008
105279,983,1004
105280,984,1008
105281,989,1010
105282,992,1012
105283,996,1010
105284,997,1006
105285,996,1006
105286,999,1008
105287,1000,1011
105288,1003,1014
105289,1001,1013
105290,1002,1010
105291,1002,1009
105292,1001,1013
105293,1006,1017
105294,1008,1020
105295,1009,1018
105296,1006,1019
105297,1003,1016
105298,1002,1020
105299,1004,1024
105300,1008,1029
105301,1004,1026
105302,1001,1027
105303,998,1024
105304,993,1028
105305,994,1030
105306,992,1034
105307,992,1033
105308,988,1031
105309,986,1031
105310,984,1033
105311,981,1037
105312,981,1041
105313,982,1035
105314,979,1035
105315,976,1035
105316,975,1035
105317,973,1040
105318,975,1041
105319,974,1041
105320,973,1037
105321,970,1037
105322,972,1039
105323,971,1040
105324,974,1045
105325,972,1045
105326,972,1039
105327,969,1037
105328,973,1040
105329,977,1043
105330,977,1045
105331,978,1045
105332,974,1044
105333,970,1041
105334,975,1042
105335,978,1044
105336,980,1045
105337,979,1043
105338,979,1041
105339,976,1039
105340,977,1042
105341,977,1039
105342,979,1042
105343,980,1038
105344,980,1037
105345,976,1036
105346,974,1035
105347,978,1037
105348,979,1041
105349,980,1040
105350,979,1036
105351,976,1035
105352,974,1036
105353,978,1040
105354,981,1041
105355,981,1037
105356,980,1037
105357,979,1035
105358,978,1037
105359,981,1039
105360,983,1040
105361,984,1039
105362,980,1039
105363,977,1036
105364,979,1039
105365,981,1039
105366,986,1044
105367,984,1042
105368,982,1039
105369,977,1038
105370,975,1037
105371,976,1040
105372,976,1041
105373,977,1042
105374,977,1037
105375,973,1038
105376,972,1039
105377,974,1043
105378,975,1046
105379,975,1044
105380,972,1041
105381,971,1040
105382,971,1038
105383,974,1041
105384,975,1043
105385,975,1043
105386,975,1038
105387,973,1038
105388,973,1039
105389,973,1044
105390,974,1044
105391,973,1045
105392,968,1043
105393,965,1042
105394,966,1042
105395,971,1044
105396,974,1048
105397,974,1047
105398,970,1041
105399,968,1040
105400,967,1042
105401,969,1047
105402,972,1048
105403,971,1046
105404,969,1044
105405,966,1042
105406,964,1043
105407,965,1047
105408,968,1048
105409,968,1047
105410,966,1044
105411,965,1043
105412,964,1045
105413,965,1048
105414,968,1047
105415,971,1044
105416,970,1043
105417,967,1041
105418,967,1042
105419,970,1043
105420,973,1046
105421,975,1044
105422,971,1042
105423,968,1039
105424,967,1043
105425,969,1044
105426,974,1045
105427,968,1045
105428,969,1044
105429,967,1042
105430,965,1042
105431,968,1046
105432,972,1048
105433,972,1049
105434,969,1044
105435,967,1045
105436,965,1046
105437,965,1048
105438,967,1048
105439,968,1049
105440,965,1047
105441,963,1044
105442,963,1044
105443,966,1049
105444,968,1053
105445,967,1049
105446,965,1049
105447,963,1045
105448,965,1047
105449,965,1048
105450,966,1049
105451,969,1049
105452,969,1046
105453,967,1042
105454,968,1045
105455,970,1048
105456,974,1048
105457,975,1048
105458,974,1045
105459,971,1044
105460,969,1045
105461,972,1049
105462,975,1049
105463,977,1049
105464,974,1043
105465,974,1045
105466,970,1049
105467,974,1047
105468,977,1050
105469,979,1047
105470,976,1045
105471,975,1044
105472,975,1048
105473,976,1047
105474,981,1049
105475,979,1046
105476,977,1044
105477,975,1042
105478,971,1044
105479,973,1046
105480,975,1048
105481,975,1045
105482,975,1044
105483,972,1041
105484,968,1046
105485,972,1047
105486,977,1049
105487,973,1049
105488,973,1046
105489,972,1044
105490,971,1044
105491,973,1047
105492,979,1047
105493,982,1046
105494,978,1044
105495,978,1038
105496,983,1039
105497,991,1042
105498,1003,1042
105499,1018,1038
105500,1032,1035
105501,1050,1031
105502,1079,1031
105503,1119,1025
105504,1164,1024
105505,1203,1014
105506,1240,1007
105507,1270,1010
105508,1297,1018
105509,1310,1031
105510,1303,1048
105511,1269,1052
105512,1210,1054
105513,1146,1055
105514,1077,1065
105515,1013,1075
105516,964,1082
105517,941,1083
105518,937,1079
105519,944,1069
105520,957,1064
105521,964,1061
105522,972,1057
105523,972,1051
105524,969,1044
105525,966,1043
105526,965,1043
105527,966,1045
105528,969,1046
105529,969,1043
105530,963,1040
105531,960,1039
105532,957,1039
105533,959,1041
105534,962,1044
105535,961,1042
105536,959,1040
105537,959,1039
105538,957,1042
105539,960,1045
105540,962,1047
105541,963,1045
105542,962,1042
105543,961,1043
105544,960,1043
105545,963,1045
105546,966,1046
105547,965,1045
105548,962,1043
105549,961,1044
105550,958,1044
105551,962,1048
105552,964,1048
105553,964,1049
105554,961,1045
105555,958,1046
105556,958,1047
105557,963,1049
105558,966,1050
105559,966,1051
105560,960,1047
105561,962,1044
105562,959,1046
105563,962,1048
105564,966,1052
105565,964,1047
105566,964,1045
105567,963,1042
105568,963,1043
105569,968,1041
105570,970,1042
105571,972,1037
105572,971,1035
105573,968,1033
105574,969,1034
105575,973,1036
105576,980,1036
105577,980,1032
105578,976,1028
105579,973,1027
105580,974,1029
105581,980,1031
105582,982,1029
105583,980,1025
105584,976,1022
105585,976,1020
105586,979,1022
105587,984,1024
105588,987,1025
105589,985,1023
105590,986,1019
105591,988,1018
105592,988,1020
105593,990,1022
105594,996,1022
105595,997,1020
105596,995,1017
105597,992,1016
105598,993,1015
105599,996,1020
105600,1000,1020
105601,1001,1020
105602,998,1017
105603,1000,1014
105604,999,1019
105605,1005,1020
105606,1011,1019
105607,1010,1018
105608,1007,1014
105609,1006,1016
105610,1006,1018
105611,1007,1020
105612,1009,1019
105613,1006,1017
105614,1007,1018
105615,1003,1018
105616,999,1022
105617,997,1023
105618,1002,1025
105619,997,1027
105620,996,1026
105621,994,1027
105622,993,1029
105623,992,1032
105624,992,1035
105625,991,1033
105626,986,1031
105627,985,1033
105628,983,1035
105629,983,1038
105630,984,1039
105631,983,1038
105632,978,1037
105633,972,1037
105634,968,1044
105635,968,1046
105636,970,1048
105637,967,1049
105638,967,1044
105639,963,1046
105640,961,1051
105641,962,1051
105642,965,1055
105643,968,1053
105644,968,1050
105645,964,1052
105646,964,1050
105647,968,1054
105648,970,1057
105649,974,1056
105650,975,1055
105651,978,1054
105652,982,1056
105653,989,1056
105654,996,1057
105655,998,1055
105656,1000,1053
105657,1001,1053
105658,1006,1056
105659,1017,1058
105660,1034,1058
105661,1049,1046
105662,1057,1033
105663,1068,1018
105664,1077,1008
105665,1094,1002
105666,1110,993
105667,1124,981
105668,1133,967
105669,1147,952
105670,1161,942
105671,1178,929
105672,1199,915
105673,1219,896
105674,1235,884
105675,1247,867
105676,1252,862
105677,1256,861
105678,1256,859
105679,1250,860
105680,1242,858
105681,1237,860
105682,1226,863
105683,1215,865
105684,1195,867
105685,1170,873
105686,1141,876
105687,1115,883
105688,1091,891
105689,1069,900
105690,1049,908
105691,1030,920
105692,1018,929
105693,1010,938
105694,1007,949
105695,1003,963
105696,1000,972
105697,995,980
105698,992,985
105699,996,992
105700,1007,998
105701,1025,1010
105702,1046,1015
105703,1050,1014
105704,1042,1015
105705,1016,1019
105706,985,1027
105707,956,1038
105708,940,1047
105709,927,1055
105710,920,1062
105711,915,1068
105712,911,1076
105713,909,1079
105714,908,1082
105715,904,1083
105716,898,1084
105717,893,1084
105718,890,1085
105719,891,1090
105720,893,1093
105721,890,1093
105722,886,1091
105723,879,1092
105724,876,1095
105725,878,1097
105726,880,1100
105727,878,1099
105728,875,1099
105729,869,1102
105730,868,1105
105731,868,1110
105732,867,1112
105733,865,1113
105734,864,1111
105735,861,1113
105736,859,1115
105737,859,1119
105738,862,1121
105739,860,1122
105740,859,1117
105741,856,1119
105742,856,1122
105743,858,1126
105744,861,1129
105745,861,1130
105746,860,1129
105747,858,1128
105748,859,1132
105749,860,1136
105750,862,1138
105751,859,1138
105752,860,1139
105753,857,1141
105754,863,1142
105755,866,1146
105756,868,1146
105757,867,1147
105758,865,1144
105759,865,1146
105760,869,1146
105761,874,1149
105762,880,1149
105763,879,1146
105764,878,1143
105765,880,1142
105766,882,1144
105767,889,1146
105768,894,1144
105769,897,1140
105770,896,1137
105771,900,1134
105772,904,1133
105773,912,1132
105774,918,1131
105775,920,1127
105776,920,1123
105777,921,1117
105778,925,1113
105779,929,1113
105780,934,1108
105781,933,1102
105782,933,1095
105783,932,1091
105784,936,1088
105785,942,1084
105786,944,1081
105787,944,1078
105788,942,1073
105789,938,1068
105790,940,1067
105791,945,1069
105792,949,1068
105793,949,1063
105794,946,1060
105795,945,1058
105796,946,1058
105797,948,1058
105798,952,1060
105799,949,1057
105800,946,1053
105801,945,1051
105802,948,1051
105803,951,1054
105804,953,1053
105805,953,1048
105806,950,1047
105807,950,1046
105808,947,1046
105809,949,1049
105810,954,1048
105811,954,1048
105812,951,1046
105813,951,1045
105814,949,1050
105815,957,1050
105816,961,1051
105817,962,1048
105818,957,1046
105819,956,1047
105820,956,1050
105821,958,1052
105822,962,1053
105823,963,1051
105824,963,1048
105825,961,1046
105826,958,1045
105827,964,1048
105828,965,1047
105829,967,1043
105830,968,1041
105831,966,1041
105832,968,1043
105833,969,1046
105834,971,1046
105835,968,1046
105836,966,1044
105837,964,1043
105838,965,1046
105839,967,1047
105840,969,1048
105841,970,1046
105842,964,1045
105843,963,1045
105844,960,1046
105845,964,1048
105846,966,1048
105847,962,1047
105848,960,1045
105849,959,1045
105850,958,1047
105851,960,1049
105852,963,1050
105853,960,1047
105854,957,1042
105855,955,1042
105856,956,1047
105857,958,1051
105858,961,1053
105859,960,1049
105860,957,1048
105861,954,1046
105862,955,1049
105863,958,1052
105864,960,1051
105865,960,1050
105866,956,1049
105867,955,1046
105868,957,1051
105869,958,1050
105870,962,1050
105871,962,1048
105872,960,1045
105873,957,1043
105874,955,1042
105875,960,1045
105876,963,1044
105877,965,1044
105878,965,1039
105879,960,1040
105880,960,1046
105881,960,1048
105882,960,1049
105883,964,1050
105884,963,1044
105885,963,1044
105886,958,1047
105887,961,1050
105888,964,1049
105889,964,1048
105890,962,1048
105891,961,1047
105892,961,1048
105893,963,1049
105894,966,1049
105895,962,1047
105896,961,1045
105897,958,1046
105898,958,1047
105899,961,1047
105900,962,1049
105901,962,1048
105902,962,1045
105903,958,1044
105904,960,1045
105905,960,1049
105906,962,1049
105907,961,1046
105908,958,1045
105909,953,1044
105910,951,1046
105911,954,1050
105912,956,1052
105913,957,1051
105914,955,1047
105915,952,1047
105916,953,1047
105917,954,1050
105918,959,1049
105919,959,1045
105920,959,1044
105921,957,1041
105922,959,1047
105923,961,1049
105924,960,1048
105925,961,1048
105926,959,1047
105927,957,1045
105928,961,1047
105929,962,1050
105930,961,1052
105931,960,1050
105932,957,1047
105933,957,1047
105934,957,1050
105935,961,1053
105936,966,1052
105937,965,1051
105938,964,1048
105939,958,1048
105940,959,1049
105941,961,1052
105942,963,1052
105943,965,1052
105944,963,1048
105945,961,1050
105946,961,1051
105947,963,1053
105948,965,1055
105949,964,1051
105950,965,1049
105951,958,1049
105952,958,1049
105953,962,1051
105954,962,1051
105955,963,1048
105956,958,1048
105957,954,1047
105958,956,1047
105959,957,1051
105960,960,1050
105961,962,1048
105962,957,1046
105963,955,1047
105964,956,1048
105965,956,1052
105966,960,1053
105967,958,1051
105968,958,1048
105969,958,1048
105970,957,1053
105971,961,1053
105972,965,1053
105973,965,1049
105974,962,1048
105975,959,1047
105976,959,1048
105977,962,1053
105978,966,1056
105979,967,1052
105980,966,1049
105981,963,1048
105982,962,1051
105983,964,1052
105984,969,1054
105985,967,1053
105986,966,1050
105987,965,1050
105988,964,1052
105989,967,1055
105990,968,1053
105991,968,1050
105992,963,1049
105993,961,1051
105994,961,1052
105995,964,1054
105996,967,1054
105997,967,1053
105998,965,1052
105999,963,1048
106000,963,1052
106001,967,1054
106002,968,1056
106003,967,1052
106004,965,1050
106005,963,1048
106006,963,1051
106007,968,1052
106008,970,1053
106009,969,1053
106010,969,1052
106011,966,1049
106012,966,1054
106013,968,1054
106014,968,1055
106015,971,1054
106016,968,1052
106017,965,1053
106018,966,1052
106019,969,1058
106020,973,1056
106021,971,1054
106022,970,1050
106023,967,1050
106024,965,1050
106025,969,1052
106026,971,1055
106027,967,1053
106028,965,1049
106029,965,1050
106030,964,1052
106031,967,1053
106032,971,1054
106033,970,1050
106034,969,1048
106035,968,1048
106036,970,1048
106037,970,1052
106038,971,1050
106039,974,1049
106040,971,1048
106041,968,1048
106042,971,1049
106043,973,1054
106044,975,1054
106045,975,1051
106046,972,1048
106047,968,1046
106048,969,1046
106049,972,1050
106050,972,1052
106051,971,1050
106052,968,1044
106053,969,1045
106054,969,1048
106055,972,1051
106056,974,1051
106057,975,1051
106058,972,1051
106059,970,1050
106060,970,1053
106061,974,1056
106062,978,1057
106063,975,1054
106064,973,1052
106065,970,1051
106066,971,1054
106067,972,1056
106068,975,1057
106069,976,1056
106070,975,1055
106071,973,1055
106072,972,1055
106073,975,1059
106074,978,1057
106075,975,1057
106076,974,1053
106077,973,1056
106078,972,1056
106079,975,1059
106080,979,1057
106081,981,1055
106082,979,1051
106083,979,1052
106084,981,1054
106085,984,1055
106086,990,1055
106087,996,1050
106088,995,1043
106089,1002,1041
106090,1013,1043
106091,1028,1042
106092,1048,1045
106093,1068,1038
106094,1092,1032
106095,1120,1024
106096,1151,1016
106097,1183,1012
106098,1216,1009
106099,1240,1011
106100,1252,1018
106101,1250,1029
106102,1235,1043
106103,1209,1051
106104,1170,1057
106105,1124,1058
106106,1074,1065
106107,1026,1073
106108,980,1079
106109,961,1085
106110,959,1083
106111,964,1076
106112,967,1062
106113,970,1058
106114,970,1056
106115,971,1056
106116,972,1055
106117,973,1054
106118,969,1052
106119,965,1051
106120,963,1052
106121,965,1055
106122,966,1053
106123,963,1055
106124,958,1052
106125,958,1052
106126,957,1053
106127,959,1053
106128,961,1054
106129,960,1053
106130,957,1050
106131,956,1050
106132,954,1052
106133,956,1052
106134,960,1053
106135,957,1052
106136,956,1050
106137,953,1050
106138,950,1053
106139,955,1055
106140,955,1055
106141,957,1049
106142,954,1050
106143,956,1047
106144,954,1051
106145,956,1054
106146,960,1053
106147,960,1051
106148,958,1048
106149,956,1048
106150,958,1051
106151,960,1053
106152,965,1054
106153,965,1052
106154,963,1048
106155,959,1049
106156,961,1050
106157,963,1051
106158,969,1051
106159,969,1051
106160,967,1047
106161,966,1046
106162,967,1048
106163,970,1049
106164,973,1047
106165,973,1046
106166,970,1043
106167,969,1043
106168,971,1043
106169,976,1045
106170,978,1043
106171,977,1041
106172,977,1038
106173,976,1036
106174,976,1037
106175,980,1038
106176,985,1038
106177,987,1036
106178,981,1034
106179,983,1030
106180,982,1029
106181,985,1032
106182,990,1031
106183,989,1028
106184,987,1024
106185,987,1026
106186,992,1026
106187,993,1027
106188,996,1027
106189,998,1026
106190,999,1021
106191,996,1019
106192,997,1023
106193,1003,1024
106194,1006,1023
106195,1006,1022
106196,1008,1018
106197,1004,1018
106198,1007,1020
106199,1009,1023
106200,1011,1026
106201,1009,1024
106202,1007,1026
106203,1005,1024
106204,1005,1030
106205,1007,1034
106206,1009,1037
106207,1005,1034
106208,1001,1033
106209,998,1035
106210,997,1039
106211,998,1042
106212,997,1043
106213,994,1042
106214,989,1041
106215,986,1040
106216,984,1045
106217,986,1047
106218,986,1049
106219,984,1050
106220,980,1046
106221,980,1048
106222,978,1050
106223,980,1053
106224,980,1054
106225,980,1053
106226,977,1051
106227,975,1052
106228,972,1053
106229,975,1056
106230,978,1054
106231,975,1055
106232,973,1050
106233,972,1053
106234,973,1052
106235,977,1054
106236,980,1056
106237,979,1053
106238,977,1049
106239,973,1049
106240,973,1051
106241,976,1052
106242,981,1052
106243,977,1049
106244,976,1044
106245,973,1045
106246,976,1048
106247,978,1048
106248,982,1050
106249,981,1048
106250,978,1046
106251,977,1043
106252,977,1045
106253,978,1048
106254,980,1048
106255,983,1046
106256,981,1042
106257,977,1040
106258,980,1044
106259,982,1046
106260,983,1044
106261,983,1046
106262,978,1042
106263,979,1042
106264,979,1045
106265,981,1046
106266,983,1046
106267,982,1045
106268,980,1043
106269,979,1044
106270,979,1046
106271,979,1048
106272,979,1049
106273,986,1049
106274,981,1044
106275,978,1045
106276,975,1046
106277,977,1050
106278,981,1048
106279,980,1045
106280,980,1042
106281,977,1042
106282,979,1044
106283,982,1050
106284,983,1047
106285,982,1044
106286,980,1041
106287,978,1043
106288,978,1045
106289,980,1050
106290,982,1049
106291,982,1048
106292,977,1045
106293,974,1048
106294,974,1047
106295,977,1049
106296,978,1050
106297,978,1048
106298,977,1047
106299,974,1047
106300,973,1049
106301,976,1052
106302,978,1050
106303,980,1051
106304,979,1049
106305,976,1048
106306,976,1051
106307,979,1053
106308,981,1053
106309,983,1052
106310,977,1051
106311,976,1049
106312,978,1052
106313,980,1055
106314,982,1057
106315,981,1053
106316,979,1052
106317,976,1050
106318,980,1052
106319,984,1055
106320,989,1051
106321,992,1051
106322,991,1046
106323,992,1048
106324,995,1048
106325,1000,1050
106326,1006,1046
106327,1014,1040
106328,1022,1038
106329,1031,1034
106330,1049,1034
106331,1071,1033
106332,1097,1029
106333,1124,1020
106334,1146,1006
106335,1168,999
106336,1191,1002
106337,1205,1014
106338,1209,1032
106339,1197,1044
106340,1171,1047
106341,1134,1049
106342,1094,1058
106343,1056,1074
106344,1018,1089
106345,987,1097
106346,969,1101
106347,960,1096
106348,963,1088
106349,967,1080
106350,969,1071
106351,966,1064
106352,968,1057
106353,966,1054
106354,966,1054
106355,966,1056
106356,966,1056
106357,965,1051
106358,962,1050
106359,960,1051
106360,959,1054
106361,961,1058
106362,963,1058
106363,959,1059
106364,957,1056
106365,954,1054
106366,957,1054
106367,961,1054
106368,963,1054
106369,961,1051
106370,958,1048
106371,955,1048
106372,956,1050
106373,956,1052
106374,959,1055
106375,957,1054
106376,959,1048
106377,955,1047
106378,957,1050
106379,960,1051
106380,962,1056
106381,963,1051
106382,962,1048
106383,959,1046
106384,961,1048
106385,964,1052
106386,965,1052
106387,965,1049
106388,961,1046
106389,961,1046
106390,961,1047
106391,964,1050
106392,968,1050
106393,967,1049
106394,962,1046
106395,961,1046
106396,964,1048
106397,968,1047
106398,972,1048
106399,972,1043
106400,972,1040
106401,967,1042
106402,968,1043
106403,971,1046
106404,977,1043
106405,978,1039
106406,977,1038
106407,978,1034
106408,978,1036
106409,983,1037
106410,985,1035
106411,986,1033
106412,986,1028
106413,985,1024
106414,987,1027
106415,991,1023
106416,998,1022
106417,995,1018
106418,996,1014
106419,996,1012
106420,994,1015
106421,998,1015
106422,1002,1014
106423,1000,1013
106424,1002,1009
106425,1000,1010
106426,1001,1013
106427,1003,1012
106428,1007,1014
106429,1007,1013
106430,1004,1010
106431,1002,1012
106432,1003,1015
106433,1006,1018
106434,1011,1019
106435,1009,1016
106436,1004,1017
106437,1001,1018
106438,1000,1021
106439,1002,1024
106440,1007,1027
106441,1003,1028
106442,998,1027
106443,990,1029
106444,990,1035
106445,991,1040
106446,993,1041
106447,989,1041
106448,986,1044
106449,981,1045
106450,980,1051
106451,980,1055
106452,982,1056
106453,979,1058
106454,972,1056
106455,967,1057
106456,967,1058
106457,969,1063
106458,973,1063
106459,974,1062
106460,969,1059
106461,964,1060
106462,964,1063
106463,966,1066
106464,969,1064
106465,970,1063
106466,968,1061
106467,963,1061
106468,966,1065
106469,968,1064
106470,971,1065
106471,972,1063
106472,970,1062
106473,969,1059
106474,969,1062
106475,972,1064
106476,974,1063
106477,975,1059
106478,974,1058
106479,974,1058
106480,973,1060
106481,975,1060
106482,978,1058
106483,978,1057
106484,978,1056
106485,977,1053
106486,975,1057
106487,977,1059
106488,981,1059
106489,979,1057
106490,977,1054
106491,976,1054
106492,980,1053
106493,981,1057
106494,983,1055
106495,981,1054
106496,979,1050
106497,976,1049
106498,982,1051
106499,979,1053
106500,981,1051
106501,983,1049
106502,980,1048
106503,971,1048
106504,972,1048
106505,976,1049
106506,982,1051
106507,981,1048
106508,976,1046
106509,973,1044
106510,974,1047
106511,977,1052
106512,980,1053
106513,980,1049
106514,977,1047
106515,973,1047
106516,975,1049
106517,976,1051
106518,980,1052
106519,982,1054
106520,979,1052
106521,978,1050
106522,976,1050
106523,982,1051
106524,983,1055
106525,981,1053
106526,980,1051
106527,979,1050
106528,979,1053
106529,983,1057
106530,985,1058
106531,983,1057
106532,981,1053
106533,982,1055
106534,987,1058
106535,992,1058
106536,1000,1056
106537,1007,1051
106538,1020,1046
106539,1033,1043
106540,1054,1044
106541,1082,1044
106542,1117,1038
106543,1153,1028
106544,1189,1016
106545,1222,1013
106546,1258,1023
106547,1284,1039
106548,1294,1057
106549,1274,1065
106550,1234,1063
106551,1175,1069
106552,1108,1077
106553,1044,1094
106554,994,1098
106555,961,1095
106556,953,1086
106557,957,1076
106558,964,1065
106559,972,1061
106560,972,1053
106561,970,1049
106562,968,1044
106563,967,1042
106564,966,1043
106565,964,1048
106566,965,1049
106567,961,1046
106568,963,1045
106569,959,1044
106570,961,1046
106571,962,1050
106572,963,1048
106573,961,1048
106574,960,1044
106575,959,1046
106576,957,1048
106577,957,1052
106578,961,1052
106579,961,1053
106580,961,1050
106581,957,1051
106582,957,1054
106583,961,1056
106584,963,1060
106585,962,1058
106586,962,1057
106587,959,1057
106588,961,1057
106589,963,1061
106590,967,1060
106591,967,1057
106592,963,1053
106593,962,1053
106594,964,1056
106595,968,1058
106596,971,1057
106597,970,1054
106598,969,1054
106599,969,1051
106600,970,1054
106601,972,1055
106602,972,1053
106603,972,1050
106604,970,1044
106605,971,1043
106606,973,1042
106607,976,1045
106608,976,1042
106609,976,1041
106610,979,1036
106611,979,1034
106612,979,1035
106613,983,1036
106614,989,1034
106615,990,1029
106616,988,1026
106617,986,1026
106618,986,1026
106619,989,1023
106620,993,1022
106621,997,1019
106622,994,1018
106623,993,1017
106624,994,1015
106625,996,1016
106626,1001,1017
106627,1003,1016
106628,1003,1012
106629,1002,1014
106630,1005,1016
106631,1006,1021
106632,1008,1018
106633,1009,1015
106634,1009,1011
106635,1006,1013
106636,1007,1017
106637,1009,1016
106638,1011,1017
106639,1009,1017
106640,1006,1013
106641,1005,1015
106642,1004,1019
106643,1006,1023
106644,1006,1023
106645,1004,1024
106646,1002,1023
106647,999,1024
106648,1001,1027
106649,999,1032
106650,998,1034
106651,994,1033
106652,988,1032
106653,984,1034
106654,984,1039
106655,984,1040
106656,985,1044
106657,980,1044
106658,976,1039
106659,971,1042
106660,971,1044
106661,974,1049
106662,971,1050
106663,969,1051
106664,968,1049
106665,967,1050
106666,965,1053
106667,969,1058
106668,968,1056
106669,964,1056
106670,961,1056
106671,960,1057
106672,962,1060
106673,966,1065
106674,968,1064
106675,966,1062
106676,966,1062
106677,962,1062
106678,966,1066
106679,968,1067
106680,972,1067
106681,972,1065
106682,971,1062
106683,969,1063
106684,969,1061
106685,972,1065
106686,974,1059
106687,974,1059
106688,971,1055
106689,970,1055
106690,969,1055
106691,972,1059
106692,975,1056
106693,979,1054
106694,977,1049
106695,976,1051
106696,978,1051
106697,978,1053
106698,980,1052
106699,978,1050
106700,976,1048
106701,975,1047
106702,974,1046
106703,975,1050
106704,979,1048
106705,981,1047
106706,979,1043
106707,975,1042
106708,972,1043
106709,976,1047
106710,974,1047
106711,975,1046
106712,973,1044
106713,968,1046
106714,968,1050
106715,971,1053
106716,974,1052
106717,973,1053
106718,967,1052
106719,965,1049
106720,964,1054
106721,969,1058
106722,970,1061
106723,970,1060
106724,966,1056
106725,964,1057
106726,969,1057
106727,970,1060
106728,973,1058
106729,972,1056
106730,970,1053
106731,967,1053
106732,967,1055
106733,972,1054
106734,975,1054
106735,973,1053
106736,968,1051
106737,967,1051
106738,970,1053
106739,974,1056
106740,976,1056
106741,974,1054
106742,971,1050
106743,971,1046
106744,969,1049
106745,971,1055
106746,975,1052
106747,976,1052
106748,975,1047
106749,972,1047
106750,975,1050
106751,976,1054
106752,981,1054
106753,980,1051
106754,979,1048
106755,978,1045
106756,978,1048
106757,983,1048
106758,989,1047
106759,993,1044
106760,998,1040
106761,1007,1037
106762,1023,1038
106763,1045,1039
106764,1072,1036
106765,1105,1030
106766,1140,1022
106767,1176,1014
106768,1212,1013
106769,1250,1018
106770,1282,1026
106771,1295,1043
106772,1287,1055
106773,1250,1062
106774,1199,1060
106775,1139,1065
106776,1079,1073
106777,1012,1082
106778,955,1090
106779,926,1098
106780,921,1100
106781,935,1096
106782,947,1085
106783,954,1075
106784,957,1067
106785,957,1060
106786,958,1059
106787,959,1057
106788,959,1059
106789,958,1054
106790,956,1051
106791,952,1052
106792,953,1051
106793,954,1054
106794,958,1052
106795,954,1050
106796,953,1050
106797,950,1048
106798,951,1052
106799,956,1054
106800,957,1052
106801,956,1051
106802,952,1047
106803,949,1049
106804,952,1049
106805,955,1053
106806,955,1055
106807,953,1053
106808,951,1048
106809,947,1051
106810,950,1051
106811,952,1055
106812,954,1056
106813,954,1053
106814,954,1052
106815,951,1051
106816,953,1053
106817,954,1056
106818,957,1055
106819,956,1053
106820,955,1051
106821,955,1050
106822,956,1054
106823,960,1057
106824,960,1057
106825,959,1051
106826,954,1048
106827,954,1047
106828,955,1048
106829,960,1049
106830,963,1048
106831,959,1044
106832,955,1041
106833,954,1041
106834,959,1044
106835,962,1045
106836,964,1044
106837,965,1043
106838,963,1037
106839,961,1036
106840,964,1039
106841,970,1039
106842,971,1038
106843,969,1037
106844,968,1030
106845,970,1029
106846,971,1027
106847,973,1030
106848,977,1030
106849,980,1024
106850,978,1022
106851,979,1022
106852,983,1025
106853,983,1027
106854,985,1023
106855,987,1019
106856,987,1016
106857,987,1016
106858,989,1018
106859,992,1019
106860,995,1018
106861,996,1014
106862,995,1010
106863,991,1008
106864,992,1015
106865,993,1018
106866,999,1016
106867,998,1016
106868,994,1014
106869,993,1013
106870,995,1017
106871,1002,1017
106872,1006,1018
106873,1005,1016
106874,1000,1017
106875,997,1019
106876,999,1024
106877,1002,1027
106878,1008,1025
106879,1005,1026
106880,1003,1023
106881,1003,1026
106882,1000,1028
106883,1000,1032
106884,1000,1033
106885,1001,1035
106886,996,1036
106887,992,1037
106888,992,1040
106889,994,1043
106890,995,1044
106891,989,1043
106892,985,1042
106893,983,1042
106894,982,1046
106895,984,1048
106896,986,1048
106897,985,1049
106898,982,1048
106899,980,1049
106900,981,1051
106901,984,1054
106902,985,1055
106903,984,1054
106904,978,1052
106905,975,1053
106906,979,1054
106907,979,1057
106908,982,1057
106909,982,1054
106910,981,1050
106911,979,1048
106912,980,1052
106913,982,1056
106914,986,1055
106915,986,1054
106916,986,1050
106917,985,1051
106918,990,1054
106919,996,1060
106920,1003,1060
106921,1006,1058
106922,1008,1058
106923,1010,1063
106924,1016,1064
106925,1025,1069
106926,1036,1070
106927,1047,1063
106928,1056,1051
106929,1069,1038
106930,1084,1025
106931,1098,1015
106932,1116,1003
106933,1130,987
106934,1142,972
106935,1153,962
106936,1167,950
106937,1183,939
106938,1202,922
106939,1218,906
106940,1229,890
106941,1243,879
106942,1253,874
106943,1256,873
106944,1258,873
106945,1253,875
106946,1248,871
106947,1242,874
106948,1236,875
106949,1228,878
106950,1216,878
106951,1195,878
106952,1169,881
106953,1147,889
106954,1124,898
106955,1102,906
106956,1080,918
106957,1063,929
106958,1048,935
106959,1037,945
106960,1035,957
106961,1032,970
106962,1028,975
106963,1023,983
106964,1019,987
106965,1020,995
106966,1032,1005
106967,1046,1014
106968,1061,1018
106969,1066,1021
106970,1059,1023
106971,1041,1027
106972,1013,1037
106973,985,1044
106974,961,1053
106975,944,1062
106976,932,1071
106977,923,1080
106978,922,1090
106979,919,1098
106980,917,1099
106981,911,1097
106982,904,1095
106983,898,1100
106984,898,1101
106985,894,1106
106986,896,1108
106987,893,1105
106988,888,1106
106989,884,1108
106990,885,1112
106991,884,1115
106992,885,1115
106993,880,1115
106994,879,1116
106995,875,1116
106996,877,1120
106997,878,1123
106998,883,1126
106999,879,1123
107000,878,1124
107001,876,1126
107002,872,1130
107003,873,1134
107004,875,1135
107005,871,1136
107006,868,1135
107007,864,1134
107008,864,1141
107009,867,1146
107010,870,1144
107011,867,1146
107012,867,1143
107013,861,1148
107014,862,1153
107015,866,1154
107016,868,1158
107017,866,1158
107018,866,1158
107019,865,1160
107020,866,1166
107021,867,1169
107022,870,1171
107023,871,1173
107024,868,1174
107025,867,1174
107026,867,1178
107027,873,1180
107028,875,1178
107029,876,1175
107030,873,1170
107031,878,1172
107032,880,1170
107033,884,1172
107034,891,1171
107035,891,1167
107036,892,1163
107037,892,1162
107038,898,1159
107039,903,1162
107040,909,1157
107041,910,1153
107042,910,1147
107043,914,1143
107044,918,1144
107045,922,1143
107046,928,1137
107047,931,1131
107048,931,1126
107049,932,1122
107050,936,1120
107051,941,1120
107052,948,1117
107053,948,1108
107054,948,1103
107055,948,1100
107056,952,1101
107057,954,1099
107058,957,1095
107059,958,1089
107060,955,1082
107061,954,1079
107062,959,1077
107063,962,1078
107064,965,1075
107065,962,1071
107066,961,1067
107067,959,1066
107068,960,1066
107069,962,1068
107070,962,1066
107071,961,1065
107072,960,1064
107073,959,1062
107074,960,1066
107075,961,1067
107076,963,1067
107077,962,1067
107078,959,1063
107079,957,1065
107080,960,1063
107081,964,1066
107082,965,1063
107083,967,1061
107084,964,1057
107085,962,1058
107086,963,1060
107087,966,1063
107088,966,1063
107089,967,1060
107090,963,1059
107091,962,1061
107092,963,1062
107093,966,1064
107094,968,1061
107095,970,1059
107096,969,1056
107097,967,1057
107098,967,1059
107099,970,1063
107100,970,1060
107101,971,1057
107102,969,1057
107103,967,1055
107104,969,1054
107105,969,1058
107106,972,1059
107107,972,1055
107108,973,1053
107109,973,1053
107110,972,1055
107111,976,1058
107112,980,1057
107113,978,1055
107114,978,1051
107115,975,1050
107116,979,1054
107117,980,1054
107118,982,1054
107119,981,1053
107120,977,1050
107121,974,1051
107122,975,1049
107123,978,1051
107124,979,1053
107125,976,1051
107126,976,1047
107127,974,1048
107128,973,1049
107129,975,1056
107130,979,1054
107131,979,1050
107132,975,1049
107133,972,1051
107134,971,1051
107135,972,1051
107136,976,1048
107137,974,1048
107138,971,1046
107139,972,1047
107140,972,1049
107141,974,1051
107142,973,1052
107143,970,1052
107144,970,1050
107145,970,1052
107146,971,1053
107147,974,1054
107148,976,1054
107149,977,1052
107150,972,1050
107151,972,1052
107152,973,1055
107153,977,1057
107154,981,1057
107155,976,1054
107156,976,1051
107157,974,1054
107158,976,1053
107159,979,1057
107160,982,1056
107161,982,1053
107162,979,1053
107163,974,1050
107164,978,1050
107165,981,1053
107166,984,1053
107167,979,1051
107168,973,1047
107169,975,1048
107170,973,1050
107171,975,1052
107172,978,1052
107173,977,1052
107174,973,1047
107175,970,1047
107176,970,1050
107177,973,1055
107178,980,1053
107179,981,1052
107180,974,1048
107181,974,1049
107182,975,1052
107183,978,1054
107184,981,1053
107185,978,1050
107186,976,1049
107187,974,1051
107188,976,1052
107189,977,1055
107190,981,1053
107191,978,1052
107192,972,1051
107193,971,1050
107194,973,1055
107195,976,1053
107196,978,1051
107197,977,1052
107198,976,1049
107199,972,1051
107200,970,1054
107201,973,1057
107202,977,1055
107203,977,1053
107204,977,1052
107205,975,1051
107206,975,1055
107207,979,1057
107208,981,1056
107209,980,1054
107210,978,1051
107211,976,1052
107212,980,1054
107213,981,1054
107214,984,1055
107215,982,1052
107216,980,1049
107217,977,1049
107218,978,1051
107219,981,1052
107220,985,1050
107221,983,1048
107222,983,1045
107223,980,1046
107224,982,1049
107225,985,1051
107226,989,1049
107227,992,1050
107228,991,1048
107229,990,1046
107230,991,1047
107231,997,1049
107232,1002,1046
107233,1003,1043
107234,1006,1037
107235,1014,1035
107236,1029,1037
107237,1049,1037
107238,1074,1036
107239,1103,1030
107240,1133,1022
107241,1167,1013
107242,1207,1010
107243,1245,1008
107244,1277,1008
107245,1303,1015
107246,1317,1025
107247,1318,1039
107248,1303,1049
107249,1273,1055
107250,1226,1058
107251,1170,1059
107252,1108,1066
107253,1045,1077
107254,991,1083
107255,960,1090
107256,948,1091
107257,949,1084
107258,952,1076
107259,961,1067
107260,967,1065
107261,971,1061
107262,973,1059
107263,971,1053
107264,966,1051
107265,965,1050
107266,964,1052
107267,964,1054
107268,966,1054
107269,965,1050
107270,960,1047
107271,957,1048
107272,957,1051
107273,960,1054
107274,960,1053
107275,959,1051
107276,955,1046
107277,954,1048
107278,955,1052
107279,962,1053
107280,963,1052
107281,965,1049
107282,960,1047
107283,958,1046
107284,961,1050
107285,962,1052
107286,965,1052
107287,961,1049
107288,959,1047
107289,958,1044
107290,962,1047
107291,963,1048
107292,968,1048
107293,966,1042
107294,966,1044
107295,965,1044
107296,966,1043
107297,969,1048
107298,973,1046
107299,971,1044
107300,968,1040
107301,966,1039
107302,967,1042
107303,970,1046
107304,973,1043
107305,972,1043
107306,971,1041
107307,970,1041
107308,970,1042
107309,976,1046
107310,976,1043
107311,975,1040
107312,969,1038
107313,967,1039
107314,970,1039
107315,972,1044
107316,977,1046
107317,979,1041
107318,978,1040
107319,980,1040
107320,981,1041
107321,986,1040
107322,986,1041
107323,984,1037
107324,983,1036
107325,984,1037
107326,984,1037
107327,989,1037
107328,995,1032
107329,994,1030
107330,992,1025
107331,991,1024
107332,994,1027
107333,996,1026
107334,998,1024
107335,996,1022
107336,996,1020
107337,997,1018
107338,998,1018
107339,1003,1020
107340,1004,1017
107341,1003,1015
107342,1000,1014
107343,997,1012
107344,1003,1013
107345,1006,1013
107346,1011,1013
107347,1010,1009
107348,1007,1008
107349,1008,1008
107350,1009,1006
107351,1013,1010
107352,1018,1009
107353,1016,1009
107354,1016,1006
107355,1016,1007
107356,1018,1011
107357,1022,1016
107358,1024,1015
107359,1024,1017
107360,1022,1012
107361,1020,1017
107362,1023,1020
107363,1024,1025
107364,1024,1028
107365,1021,1027
107366,1020,1030
107367,1016,1032
107368,1015,1034
107369,1015,1040
107370,1016,1042
107371,1011,1041
107372,1009,1038
107373,1005,1040
107374,1003,1045
107375,1004,1050
107376,1005,1050
107377,1005,1048
107378,999,1044
107379,998,1049
107380,996,1051
107381,997,1055
107382,996,1055
107383,992,1050
107384,986,1050
107385,983,1049
107386,982,1054
107387,986,1055
107388,986,1054
107389,984,1050
107390,979,1047
107391,980,1047
107392,982,1050
107393,985,1052
107394,987,1052
107395,985,1049
107396,980,1044
107397,976,1047
107398,977,1047
107399,977,1048
107400,980,1051
107401,977,1046
107402,973,1045
107403,974,1043
107404,978,1047
107405,985,1048
107406,986,1049
107407,983,1047
107408,982,1041
107409,983,1043
107410,983,1046
107411,988,1046
107412,990,1045
107413,992,1044
107414,989,1044
107415,987,1044
107416,990,1044
107417,992,1051
107418,996,1048
107419,996,1047
107420,993,1044
107421,992,1044
107422,994,1046
107423,997,1049
107424,998,1049
107425,997,1047
107426,997,1043
107427,994,1044
107428,993,1047
107429,996,1047
107430,998,1047
107431,996,1043
107432,994,1041
107433,992,1037
107434,990,1042
107435,991,1044
107436,992,1042
107437,990,1042
107438,988,1040
107439,988,1042
107440,989,1042
107441,990,1042
107442,990,1043
107443,989,1042
107444,985,1037
107445,982,1039
107446,983,1040
107447,986,1043
107448,985,1044
107449,981,1040
107450,978,1040
107451,978,1042
107452,980,1044
107453,981,1047
107454,984,1047
107455,983,1043
107456,983,1042
107457,982,1045
107458,985,1047
107459,990,1049
107460,992,1048
107461,990,1048
107462,987,1043
107463,985,1043
107464,987,1045
107465,987,1050
107466,993,1049
107467,996,1047
107468,992,1044
107469,987,1046
107470,990,1049
107471,994,1050
107472,994,1049
107473,995,1051
107474,992,1048
107475,992,1045
107476,994,1046
107477,999,1048
107478,1004,1047
107479,1007,1043
107480,1013,1040
107481,1023,1038
107482,1037,1034
107483,1062,1036
107484,1095,1032
107485,1133,1023
107486,1172,1015
107487,1211,1005
107488,1257,1002
107489,1292,1009
107490,1322,1017
107491,1334,1025
107492,1324,1037
107493,1292,1043
107494,1243,1048
107495,1190,1053
107496,1129,1059
107497,1054,1068
107498,985,1076
107499,946,1083
107500,937,1082
107501,947,1082
107502,962,1070
107503,966,1061
107504,969,1054
107505,968,1050
107506,971,1049
107507,972,1053
107508,974,1051
107509,973,1049
107510,969,1047
107511,965,1047
107512,968,1051
107513,969,1052
107514,970,1051
107515,970,1049
107516,965,1048
107517,961,1046
107518,964,1046
107519,966,1049
107520,967,1049
107521,965,1045
107522,965,1041
107523,957,1042
107524,959,1045
107525,961,1048
107526,966,1044
107527,964,1043
107528,963,1038
107529,961,1041
107530,960,1042
107531,963,1047
107532,966,1045
107533,964,1044
107534,960,1042
107535,958,1040
107536,958,1043
107537,961,1045
107538,961,1042
107539,960,1039
107540,958,1036
107541,957,1038
107542,957,1043
107543,962,1047
107544,965,1046
107545,962,1044
107546,959,1040
107547,957,1038
107548,960,1041
107549,962,1043
107550,966,1040
107551,964,1036
107552,960,1034
107553,958,1036
107554,963,1039
107555,968,1040
107556,970,1039
107557,971,1038
107558,969,1033
107559,969,1029
107560,973,1031
107561,976,1033
107562,979,1031
107563,979,1025
107564,976,1024
107565,976,1021
107566,981,1022
107567,987,1022
107568,988,1021
107569,985,1018
107570,979,1015
107571,981,1015
107572,986,1014
107573,992,1017
107574,996,1014
107575,997,1010
107576,993,1006
107577,992,1005
107578,995,1008
107579,997,1007
107580,1002,1008
107581,1000,1003
107582,995,999
107583,994,1001
107584,996,1003
107585,1001,1006
107586,1005,1008
107587,1003,1007
107588,1000,1005
107589,999,1007
107590,998,1012
107591,1002,1016
107592,997,1017
107593,992,1016
107594,988,1016
107595,984,1017
107596,986,1022
107597,987,1030
107598,989,1031
107599,987,1030
107600,982,1033
107601,979,1035
107602,982,1041
107603,981,1041
107604,981,1041
107605,979,1042
107606,971,1041
107607,969,1044
107608,969,1048
107609,971,1051
107610,973,1052
107611,967,1049
107612,963,1048
107613,959,1048
107614,963,1050
107615,967,1053
107616,971,1049
107617,966,1048
107618,965,1045
107619,963,1046
107620,963,1050
107621,963,1053
107622,966,1052
107623,964,1050
107624,963,1046
107625,964,1048
107626,964,1051
107627,969,1053
107628,972,1053
107629,970,1053
107630,967,1051
107631,968,1049
107632,968,1049
107633,968,1055
107634,970,1053
107635,966,1051
107636,963,1049
107637,961,1050
107638,961,1051
107639,968,1055
107640,971,1055
107641,970,1054
107642,968,1053
107643,966,1053
107644,966,1053
107645,970,1055
107646,970,1053
107647,967,1051
107648,966,1051
107649,964,1050
107650,962,1052
107651,967,1052
107652,971,1050
107653,972,1045
107654,968,1044
107655,965,1043
107656,964,1044
107657,969,1047
107658,972,1045
107659,972,1040
107660,969,1037
107661,964,1038
107662,965,1042
107663,967,1042
107664,973,1045
107665,974,1043
107666,973,1040
107667,970,1040
107668,968,1043
107669,969,1045
107670,971,1043
107671,971,1043
107672,969,1040
107673,970,1040
107674,971,1043
107675,975,1047
107676,976,1042
107677,974,1042
107678,970,1043
107679,968,1043
107680,970,1048
107681,970,1049
107682,973,1050
107683,972,1050
107684,969,1048
107685,968,1046
107686,968,1049
107687,971,1051
107688,974,1050
107689,974,1048
107690,973,1047
107691,968,1047
107692,968,1052
107693,971,1055
107694,968,1053
107695,966,1052
107696,963,1046
107697,963,1046
107698,965,1049
107699,969,1053
107700,971,1048
107701,967,1047
107702,963,1047
107703,963,1047
107704,961,1047
107705,968,1050
107706,972,1048
107707,968,1048
107708,968,1046
107709,968,1045
107710,969,1049
107711,972,1050
107712,973,1049
107713,975,1049
107714,974,1045
107715,976,1043
107716,985,1042
107717,997,1042
107718,1008,1036
107719,1021,1035
107720,1031,1029
107721,1054,1029
107722,1091,1027
107723,1135,1024
107724,1182,1014
107725,1226,1007
107726,1262,1005
107727,1286,1016
107728,1302,1031
107729,1294,1047
107730,1260,1053
107731,1203,1053
107732,1139,1055
107733,1066,1065
107734,996,1078
107735,947,1091
107736,921,1096
107737,919,1097
107738,932,1089
107739,942,1080
107740,948,1075
107741,951,1067
107742,954,1060
107743,958,1050
107744,955,1044
107745,950,1044
107746,947,1046
107747,946,1049
107748,949,1048
107749,945,1045
107750,947,1043
107751,943,1044
107752,945,1046
107753,947,1048
107754,947,1046
107755,947,1048
107756,947,1044
107757,946,1044
107758,946,1046
107759,949,1049
107760,949,1047
107761,947,1044
107762,947,1041
107763,943,1043
107764,946,1043
107765,947,1047
107766,951,1047
107767,949,1045
107768,947,1040
107769,944,1039
107770,944,1040
107771,948,1043
107772,951,1042
107773,953,1041
107774,951,1037
107775,946,1039
107776,945,1037
107777,946,1039
107778,946,1038
107779,950,1036
107780,951,1035
107781,951,1035
107782,951,1037
107783,952,1040
107784,953,1038
107785,950,1035
107786,950,1033
107787,951,1033
107788,950,1034
107789,952,1037
107790,954,1036
107791,957,1031
107792,955,1026
107793,953,1023
107794,952,1026
107795,957,1029
107796,960,1026
107797,959,1021
107798,958,1017
107799,962,1015
107800,961,1013
107801,968,1016
107802,975,1015
107803,976,1009
107804,975,1006
107805,977,1003
107806,977,1003
107807,980,1005
107808,982,1003
107809,982,997
107810,979,995
107811,982,995
107812,983,997
107813,987,998
107814,989,997
107815,986,995
107816,985,992
107817,985,994
107818,991,995
107819,993,995
107820,993,994
107821,994,993
107822,988,993
107823,992,994
107824,992,996
107825,990,1000
107826,992,1000
107827,990,997
107828,989,1000
107829,983,1002
107830,985,1006
107831,987,1011
107832,989,1013
107833,985,1014
107834,983,1015
107835,979,1020
107836,981,1022
107837,981,1027
107838,979,1028
107839,973,1029
107840,971,1029
107841,968,1031
107842,966,1036
107843,966,1040
107844,966,1039
107845,967,1038
107846,962,1035
107847,961,1037
107848,964,1041
107849,965,1046
107850,970,1046
107851,964,1045
107852,961,1042
107853,959,1042
107854,960,1045
107855,960,1045
107856,964,1046
107857,964,1044
107858,961,1042
107859,958,1045
107860,958,1045
107861,961,1048
107862,967,1048
107863,968,1043
107864,967,1040
107865,967,1041
107866,972,1042
107867,978,1045
107868,986,1047
107869,993,1044
107870,998,1046
107871,998,1044
107872,1005,1047
107873,1009,1049
107874,1019,1045
107875,1029,1039
107876,1041,1026
107877,1055,1016
107878,1069,1007
107879,1083,995
107880,1097,982
107881,1111,967
107882,1125,955
107883,1138,943
107884,1155,935
107885,1172,924
107886,1191,912
107887,1203,898
107888,1214,888
107889,1224,881
107890,1229,882
107891,1229,884
107892,1227,890
107893,1225,890
107894,1218,890
107895,1210,893
107896,1202,898
107897,1191,900
107898,1170,904
107899,1146,911
107900,1120,914
107901,1095,923
107902,1072,933
107903,1057,943
107904,1045,956
107905,1037,964
107906,1030,971
107907,1024,981
107908,1020,993
107909,1019,1001
107910,1026,1007
107911,1034,1009
107912,1049,1009
107913,1060,1010
107914,1064,1012
107915,1054,1017
107916,1027,1020
107917,993,1022
107918,958,1025
107919,931,1034
107920,918,1046
107921,919,1057
107922,913,1062
107923,908,1063
107924,898,1064
107925,893,1066
107926,893,1072
107927,892,1075
107928,892,1079
107929,887,1076
107930,881,1074
107931,879,1074
107932,878,1077
107933,878,1083
107934,874,1084
107935,875,1084
107936,869,1082
107937,862,1085
107938,865,1087
107939,866,1093
107940,865,1096
107941,866,1095
107942,859,1092
107943,859,1096
107944,858,1100
107945,857,1107
107946,859,1109
107947,857,1110
107948,852,1109
107949,849,1112
107950,851,1116
107951,854,1121
107952,853,1121
107953,851,1123
107954,844,1124
107955,840,1124
107956,840,1129
107957,843,1135
107958,843,1134
107959,842,1133
107960,837,1132
107961,835,1132
107962,834,1137
107963,840,1140
107964,844,1139
107965,846,1138
107966,842,1137
107967,838,1137
107968,843,1140
107969,849,1143
107970,851,1142
107971,851,1139
107972,855,1134
107973,855,1132
107974,859,1133
107975,864,1134
107976,870,1129
107977,874,1129
107978,876,1124
107979,878,1122
107980,885,1121
107981,892,1119
107982,896,1117
107983,900,1106
107984,903,1102
107985,910,1101
107986,914,1097
107987,919,1095
107988,924,1093
107989,926,1087
107990,926,1081
107991,927,1079
107992,935,1076
107993,939,1078
107994,944,1073
107995,942,1067
107996,943,1062
107997,944,1061
107998,945,1062
107999,947,1060
108000,950,1060
108001,952,1055
108002,950,1049
108003,948,1053
108004,952,1051
108005,954,1052
108006,958,1049
108007,955,1047
108008,952,1044
108009,949,1043
108010,950,1042
108011,953,1047
108012,955,1044
108013,954,1040
108014,949,1038
108015,948,1036
108016,950,1037
108017,957,1039
108018,959,1037
108019,958,1035
108020,957,1030
108021,954,1032
108022,958,1035
108023,961,1038
108024,963,1037
108025,960,1032
108026,959,1031
108027,956,1030
108028,957,1035
108029,958,1038
108030,962,1038
108031,963,1035
108032,962,1032
108033,961,1033
108034,957,1035
108035,962,1034
108036,964,1037
108037,968,1033
108038,965,1032
108039,963,1031
108040,965,1033
108041,967,1037
108042,968,1035
108043,968,1033
108044,969,1031
108045,967,1032
108046,969,1034
108047,975,1038
108048,974,1036
108049,972,1035
108050,967,1033
108051,963,1033
108052,965,1035
108053,969,1037
108054,970,1038
108055,971,1036
108056,969,1032
108057,968,1031
108058,967,1031
108059,968,1035
108060,969,1035
108061,971,1033
108062,969,1031
108063,967,1031
108064,968,1037
108065,967,1037
108066,970,1034
108067,971,1033
108068,965,1032
108069,964,1034
108070,965,1035
108071,965,1038
108072,967,1035
108073,964,1035
108074,964,1033
108075,963,1032
108076,961,1036
108077,961,1039
108078,962,1036
108079,962,1035
108080,959,1033
108081,957,1031
108082,958,1035
108083,963,1036
108084,967,1034
108085,966,1028
108086,960,1024
108087,960,1026
108088,958,1028
108089,963,1030
108090,965,1029
108091,964,1028
108092,961,1025
108093,960,1027
108094,962,1029
108095,968,1031
108096,968,1030
108097,964,1028
108098,961,1025
108099,960,1024
108100,960,1028
108101,964,1031
108102,969,1031
108103,969,1027
108104,967,1025
108105,965,1026
108106,967,1029
108107,967,1032
108108,966,1032
108109,967,1030
108110,965,1028
108111,963,1029
108112,965,1031
108113,967,1035
108114,969,1035
108115,968,1033
108116,965,1031
108117,961,1030
108118,966,1033
108119,968,1036
108120,969,1034
108121,967,1032
108122,964,1032
108123,962,1030
108124,962,1035
108125,963,1037
108126,964,1036
108127,962,1032
108128,959,1032
108129,958,1035
108130,958,1035
108131,961,1039
108132,964,1036
108133,966,1033
108134,965,1030
108135,962,1029
108136,963,1032
108137,967,1033
108138,971,1032
108139,969,1028
108140,967,1025
108141,966,1027
108142,965,1031
108143,968,1034
108144,971,1032
108145,971,1028
108146,969,1024
108147,967,1028
108148,969,1026
108149,968,1029
108150,972,1028
108151,974,1028
108152,975,1027
108153,974,1028
108154,971,1031
108155,971,1032
108156,973,1031
108157,974,1028
108158,972,1025
108159,972,1028
108160,971,1031
108161,977,1033
108162,982,1031
108163,980,1029
108164,977,1027
108165,977,1027
108166,980,1029
108167,986,1030
108168,995,1025
108169,1008,1022
108170,1023,1020
108171,1043,1018
108172,1075,1018
108173,1113,1015
108174,1158,1007
108175,1201,998
108176,1241,989
108177,1280,993
108178,1315,1003
108179,1338,1016
108180,1336,1028
108181,1304,1031
108182,1245,1033
108183,1175,1038
108184,1101,1045
108185,1029,1054
108186,976,1055
108187,949,1052
108188,948,1046
108189,962,1038
108190,972,1035
108191,975,1031
108192,972,1026
108193,966,1026
108194,960,1021
108195,959,1023
108196,964,1026
108197,965,1030
108198,965,1029
108199,960,1028
108200,957,1026
108201,955,1023
108202,955,1027
108203,957,1031
108204,960,1030
108205,957,1026
108206,955,1023
108207,954,1026
108208,952,1029
108209,957,1032
108210,955,1033
108211,955,1029
108212,952,1026
108213,949,1029
108214,953,1032
108215,958,1033
108216,956,1032
108217,953,1031
108218,951,1027
108219,951,1028
108220,951,1029
108221,955,1030
108222,958,1030
108223,956,1026
108224,954,1025
108225,952,1026
108226,951,1027
108227,955,1030
108228,958,1029
108229,957,1026
108230,954,1023
108231,954,1023
108232,954,1023
108233,960,1024
108234,962,1022
108235,965,1021
108236,964,1019
108237,963,1019
108238,965,1019
108239,968,1021
108240,971,1020
108241,972,1016
108242,971,1014
108243,970,1014
108244,972,1015
108245,979,1016
108246,981,1014
108247,984,1012
108248,982,1009
108249,980,1008
108250,984,1011
108251,992,1012
108252,998,1010
108253,998,1007
108254,993,1008
108255,992,1004
108256,995,1005
108257,1001,1008
108258,1004,1003
108259,1004,1001
108260,1002,998
108261,1000,998
108262,1003,996
108263,1003,998
108264,1005,996
108265,1006,993
108266,1006,992
108267,1004,990
108268,1006,993
108269,1010,996
108270,1013,993
108271,1013,992
108272,1009,991
108273,1011,993
108274,1014,996
108275,1016,997
108276,1018,1000
108277,1018,998
108278,1012,997
108279,1012,998
108280,1010,1005
108281,1012,1009
108282,1011,1009
108283,1008,1010
108284,1005,1008
108285,1001,1011
108286,1002,1015
108287,999,1022
108288,996,1021
108289,996,1022
108290,991,1020
108291,990,1021
108292,987,1024
108293,989,1028
108294,987,1029
108295,985,1027
108296,982,1026
108297,983,1029
108298,981,1033
108299,982,1037
108300,982,1035
108301,982,1031
108302,977,1030
108303,970,1032
108304,971,1035
108305,972,1037
108306,977,1039
108307,973,1037
108308,968,1031
108309,964,1034
108310,963,1033
108311,969,1036
108312,969,1034
108313,968,1034
108314,967,1033
108315,963,1032
108316,967,1035
108317,970,1037
108318,972,1036
108319,971,1034
108320,967,1031
108321,966,1031
108322,972,1032
108323,973,1036
108324,976,1036
108325,975,1033
108326,974,1030
108327,975,1032
108328,976,1033
108329,982,1037
108330,981,1035
108331,980,1035
108332,977,1033
108333,976,1031
108334,978,1031
108335,983,1037
108336,983,1034
108337,982,1032
108338,982,1031
108339,983,1031
108340,983,1031
108341,987,1032
108342,990,1030
108343,991,1030
108344,990,1026
108345,982,1028
108346,983,1031
108347,988,1031
108348,989,1031
108349,989,1029
108350,986,1026
108351,984,1027
108352,987,1027
108353,989,1027
108354,990,1027
108355,989,1027
108356,986,1023
108357,984,1023
108358,985,1024
108359,987,1029
108360,987,1025
108361,986,1025
108362,980,1025
108363,979,1023
108364,979,1028
108365,980,1028
108366,983,1030
108367,982,1028
108368,979,1026
108369,976,1028
108370,980,1030
108371,982,1032
108372,981,1033
108373,977,1028
108374,974,1029
108375,972,1029
108376,976,1031
108377,979,1033
108378,978,1034
108379,976,1032
108380,973,1031
108381,973,1030
108382,975,1035
108383,979,1038
108384,981,1036
108385,980,1035
108386,974,1035
108387,974,1035
108388,976,1036
108389,977,1035
108390,981,1036
108391,975,1034
108392,974,1032
108393,973,1031
108394,974,1037
108395,974,1036
108396,979,1035
108397,979,1033
108398,976,1031
108399,976,1033
108400,975,1035
108401,976,1036
108402,978,1033
108403,975,1029
108404,972,1029
108405,971,1030
108406,971,1032
108407,977,1032
108408,975,1032
108409,972,1029
108410,967,1026
108411,967,1027
108412,970,1031
108413,974,1036
108414,971,1034
108415,971,1034
108416,970,1030
108417,968,1035
108418,969,1035
108419,970,1039
108420,970,1039
108421,971,1034
108422,967,1033
108423,966,1034
108424,968,1038
108425,973,1039
108426,973,1039
108427,970,1034
108428,968,1033
108429,966,1033
108430,967,1033
108431,971,1037
108432,976,1034
108433,976,1031
108434,975,1027
108435,974,1028
108436,972,1030
108437,974,1031
108438,975,1032
108439,974,1029
108440,972,1029
108441,972,1027
108442,972,1031
108443,976,1033
108444,978,1034
108445,980,1031
108446,980,1030
108447,981,1029
108448,981,1032
108449,982,1033
108450,984,1031
108451,984,1030
108452,983,1030
108453,983,1026
108454,981,1031
108455,988,1033
108456,988,1031
108457,983,1030
108458,982,1027
108459,980,1029
108460,984,1032
108461,984,1037
108462,983,1033
108463,983,1030
108464,979,1027
108465,978,1029
108466,976,1033
108467,984,1036
108468,986,1034
108469,979,1033
108470,980,1031
108471,979,1032
108472,980,1029
108473,988,1031
108474,995,1027
108475,1002,1020
108476,1016,1016
108477,1032,1015
108478,1059,1017
108479,1094,1016
108480,1136,1009
108481,1179,1002
108482,1216,992
108483,1256,991
108484,1298,995
108485,1335,1011
108486,1352,1023
108487,1345,1032
108488,1306,1039
108489,1245,1043
108490,1175,1049
108491,1107,1058
108492,1038,1062
108493,980,1059
108494,951,1059
108495,948,1052
108496,966,1050
108497,983,1043
108498,986,1035
108499,984,1031
108500,977,1029
108501,973,1029
108502,973,1028
108503,976,1032
108504,978,1031
108505,978,1029
108506,971,1024
108507,967,1024
108508,966,1028
108509,968,1029
108510,970,1031
108511,968,1030
108512,963,1026
108513,961,1028
108514,959,1029
108515,962,1031
108516,965,1031
108517,965,1029
108518,961,1026
108519,960,1029
108520,963,1031
108521,965,1034
108522,964,1031
108523,965,1031
108524,961,1029
108525,960,1031
108526,960,1032
108527,962,1037
108528,963,1035
108529,964,1033
108530,961,1030
108531,961,1030
108532,964,1032
108533,967,1036
108534,969,1035
108535,972,1036
108536,968,1032
108537,966,1033
108538,970,1035
108539,973,1039
108540,970,1036
108541,970,1034
108542,968,1031
108543,965,1032
108544,968,1034
108545,972,1036
108546,974,1035
108547,973,1031
108548,971,1030
108549,973,1029
108550,977,1033
108551,978,1034
108552,983,1030
108553,983,1026
108554,983,1022
108555,984,1023
108556,987,1023
108557,990,1025
108558,994,1022
108559,997,1017
108560,993,1016
108561,995,1013
108562,996,1015
108563,1004,1016
108564,1005,1013
108565,1008,1010
108566,1009,1006
108567,1010,1007
108568,1014,1006
108569,1018,1008
108570,1020,1008
108571,1019,1004
108572,1018,1000
108573,1017,999
108574,1020,1002
108575,1022,1004
108576,1026,1002
108577,1024,999
108578,1023,996
108579,1021,999
108580,1025,1004
108581,1026,1004
108582,1027,1003
108583,1024,1002
108584,1021,999
108585,1021,1003
108586,1023,1007
108587,1021,1010
108588,1024,1011
108589,1021,1011
108590,1019,1011
108591,1011,1011
108592,1013,1014
108593,1012,1022
108594,1011,1022
108595,1008,1020
108596,1003,1021
108597,1000,1022
108598,997,1025
108599,995,1030
108600,996,1030
108601,992,1029
108602,987,1028
108603,985,1033
108604,985,1036
108605,989,1038
108606,991,1039
108607,990,1035
108608,986,1036
108609,983,1034
108610,983,1039
108611,987,1044
108612,990,1042
108613,988,1041
108614,982,1038
108615,981,1040
108616,979,1044
108617,985,1043
108618,988,1042
108619,990,1038
108620,989,1040
108621,987,1041
108622,989,1044
108623,995,1044
108624,1001,1044
108625,1004,1042
108626,1008,1045
108627,1011,1042
108628,1019,1047
108629,1025,1052
108630,1032,1050
108631,1041,1046
108632,1059,1036
108633,1073,1025
108634,1091,1014
108635,1108,1004
108636,1124,991
108637,1138,980
108638,1145,969
108639,1159,957
108640,1176,946
108641,1196,935
108642,1216,916
108643,1235,902
108644,1249,890
108645,1263,880
108646,1273,870
108647,1278,865
108648,1277,861
108649,1275,859
108650,1268,856
108651,1264,858
108652,1263,860
108653,1257,861
108654,1247,859
108655,1229,857
108656,1203,854
108657,1176,859
108658,1156,869
108659,1132,878
108660,1112,884
108661,1087,891
108662,1066,899
108663,1046,913
108664,1037,925
108665,1032,940
108666,1027,948
108667,1020,954
108668,1010,963
108669,1013,974
108670,1026,987
108671,1048,997
108672,1069,1003
108673,1083,1008
108674,1077,1010
108675,1058,1022
108676,1028,1030
108677,992,1038
108678,963,1046
108679,945,1053
108680,938,1055
108681,932,1061
108682,932,1069
108683,933,1075
108684,925,1075
108685,921,1074
108686,912,1076
108687,910,1077
108688,908,1083
108689,908,1085
108690,906,1087
108691,903,1084
108692,897,1086
108693,896,1088
108694,898,1091
108695,899,1097
108696,899,1097
108697,895,1097
108698,891,1091
108699,889,1094
108700,891,1098
108701,895,1102
108702,893,1104
108703,892,1104
108704,886,1099
108705,884,1104
108706,885,1108
108707,888,1111
108708,889,1112
108709,886,1110
108710,880,1112
108711,879,1114
108712,880,1118
108713,879,1122
108714,883,1123
108715,882,1123
108716,881,1124
108717,880,1125
108718,882,1132
108719,886,1134
108720,885,1135
108721,885,1135
108722,883,1135
108723,881,1136
108724,886,1139
108725,888,1143
108726,891,1145
108727,892,1144
108728,890,1143
108729,893,1145
108730,896,1146
108731,900,1151
108732,903,1149
108733,904,1147
108734,903,1146
108735,904,1144
108736,910,1147
108737,914,1147
108738,920,1144
108739,924,1138
108740,921,1134
108741,925,1134
108742,930,1136
108743,936,1134
108744,941,1129
108745,943,1126
108746,944,1122
108747,945,1117
108748,951,1115
108749,954,1116
108750,960,1109
108751,961,1101
108752,961,1093
108753,961,1091
108754,965,1089
108755,970,1087
108756,971,1080
108757,971,1073
108758,969,1069
108759,968,1064
108760,972,1066
108761,973,1066
108762,977,1063
108763,976,1059
108764,973,1056
108765,973,1055
108766,973,1055
108767,976,1055
108768,974,1053
108769,975,1048
108770,970,1046
108771,972,1047
108772,971,1048
108773,973,1048
108774,974,1048
108775,974,1048
108776,971,1045
108777,968,1047
108778,969,1048
108779,972,1047
108780,971,1048
108781,971,1046
108782,968,1042
108783,966,1044
108784,966,1049
108785,973,1050
108786,976,1049
108787,977,1044
108788,977,1043
108789,975,1043
108790,980,1044
108791,983,1047
108792,983,1046
108793,981,1043
108794,980,1041
108795,981,1040
108796,983,1044
108797,985,1043
108798,984,1044
108799,984,1041
108800,981,1039
108801,983,1039
108802,985,1044
108803,985,1042
108804,986,1041
108805,985,1041
108806,984,1039
108807,982,1039
108808,982,1042
108809,982,1043
108810,983,1043
108811,984,1041
108812,980,1038
108813,980,1040
108814,982,1046
108815,985,1044
108816,986,1045
108817,984,1042
108818,982,1041
108819,985,1042
108820,984,1047
108821,985,1050
108822,987,1048
108823,984,1044
108824,980,1043
108825,978,1044
108826,979,1047
108827,982,1051
108828,980,1049
108829,980,1043
108830,980,1041
108831,978,1041
108832,981,1042
108833,979,1045
108834,979,1041
108835,981,1041
108836,975,1038
108837,974,1037
108838,976,1037
108839,976,1043
108840,977,1042
108841,977,1041
108842,973,1037
108843,972,1040
108844,976,1042
108845,980,1042
108846,980,1043
108847,976,1043
108848,974,1038
108849,973,1040
108850,976,1043
108851,977,1045
108852,979,1045
108853,975,1042
108854,976,1039
108855,977,1043
108856,980,1046
108857,980,1048
108858,983,1048
108859,980,1045
108860,978,1044
108861,976,1043
108862,976,1049
108863,979,1051
108864,981,1050
108865,977,1047
108866,977,1045
108867,975,1044
108868,980,1047
108869,982,1050
108870,980,1051
108871,978,1047
108872,974,1047
108873,976,1048
108874,977,1047
108875,983,1049
108876,982,1045
108877,981,1043
108878,977,1041
108879,978,1042
108880,980,1045
108881,981,1048
108882,982,1047
108883,980,1044
108884,976,1040
108885,976,1041
108886,978,1045
108887,980,1047
108888,981,1045
108889,980,1042
108890,979,1039
108891,979,1040
108892,979,1043
108893,983,1044
108894,984,1040
108895,981,1039
108896,981,1037
108897,979,1038
108898,981,1040
108899,983,1044
108900,985,1045
108901,984,1041
108902,982,1040
108903,975,1040
108904,974,1043
108905,978,1048
108906,979,1046
108907,983,1045
108908,982,1042
108909,979,1044
108910,981,1048
108911,985,1052
108912,987,1050
108913,982,1049
108914,980,1047
108915,978,1047
108916,980,1050
108917,981,1054
108918,984,1055
108919,982,1052
108920,976,1049
108921,979,1052
108922,983,1053
108923,988,1054
108924,989,1051
108925,986,1048
108926,984,1045
108927,984,1044
108928,988,1046
108929,998,1046
108930,1007,1043
108931,1016,1038
108932,1028,1034
108933,1047,1034
108934,1072,1032
108935,1106,1031
108936,1145,1025
108937,1184,1014
108938,1221,1007
108939,1259,1007
108940,1298,1014
108941,1328,1023
108942,1342,1036
108943,1336,1047
108944,1306,1050
108945,1255,1056
108946,1192,1062
108947,1126,1070
108948,1051,1076
108949,984,1077
108950,949,1078
108951,945,1075
108952,961,1074
108953,975,1069
108954,982,1061
108955,983,1051
108956,977,1045
108957,972,1044
108958,971,1046
108959,976,1050
108960,975,1044
108961,973,1044
108962,968,1042
108963,966,1043
108964,964,1046
108965,968,1050
108966,967,1049
108967,966,1042
108968,964,1043
108969,960,1046
108970,959,1046
108971,964,1049
108972,966,1049
108973,963,1045
108974,958,1043
108975,955,1045
108976,958,1049
108977,961,1051
108978,963,1051
108979,961,1047
108980,960,1045
108981,960,1045
108982,961,1048
108983,966,1052
108984,967,1050
108985,969,1049
108986,964,1047
108987,966,1045
108988,967,1045
108989,966,1048
108990,968,1048
108991,967,1045
108992,968,1044
108993,969,1044
108994,973,1048
108995,971,1048
108996,973,1047
108997,972,1045
108998,969,1044
108999,970,1045
109000,975,1047
109001,979,1049
109002,981,1047
109003,976,1045
109004,974,1039
109005,974,1041
109006,975,1044
109007,979,1044
109008,979,1044
109009,977,1042
109010,976,1039
109011,977,1039
109012,978,1043
109013,982,1044
109014,981,1040
109015,980,1037
109016,977,1036
109017,976,1036
109018,982,1035
109019,987,1036
109020,990,1033
109021,987,1031
109022,983,1029
109023,984,1028
109024,988,1027
109025,990,1030
109026,992,1026
109027,992,1024
109028,992,1021
109029,993,1020
109030,993,1022
109031,997,1025
109032,997,1023
109033,997,1021
109034,997,1019
109035,996,1020
109036,996,1020
109037,1000,1023
109038,1004,1021
109039,1003,1020
109040,997,1016
109041,1001,1018
109042,1007,1021
109043,1015,1021
109044,1017,1019
109045,1016,1016
109046,1012,1015
109047,1014,1014
109048,1016,1016
109049,1018,1021
109050,1022,1021
109051,1022,1015
109052,1020,1017
109053,1019,1015
109054,1023,1020
109055,1023,1019
109056,1027,1021
109057,1023,1021
109058,1018,1020
109059,1016,1025
109060,1016,1025
109061,1019,1031
109062,1021,1032
109063,1017,1029
109064,1009,1031
109065,1010,1031
109066,1012,1034
109067,1016,1038
109068,1012,1041
109069,1009,1038
109070,1001,1039
109071,1000,1041
109072,1001,1043
109073,1001,1048
109074,1003,1046
109075,999,1046
109076,994,1044
109077,992,1046
109078,991,1047
109079,992,1050
109080,990,1050
109081,988,1047
109082,986,1045
109083,986,1049
109084,986,1051
109085,987,1053
109086,985,1052
109087,982,1049
109088,979,1048
109089,978,1048
109090,982,1051
109091,983,1053
109092,983,1053
109093,977,1055
109094,972,1049
109095,970,1050
109096,976,1055
109097,982,1057
109098,985,1056
109099,984,1054
109100,981,1051
109101,978,1052
109102,981,1055
109103,982,1054
109104,977,1055
109105,978,1050
109106,981,1051
109107,980,1052
109108,980,1056
109109,981,1060
109110,982,1054
109111,980,1053
109112,978,1053
109113,982,1053
109114,980,1054
109115,982,1060
109116,982,1059
109117,984,1055
109118,982,1052
109119,981,1055
109120,986,1055
109121,989,1057
109122,992,1056
109123,990,1053
109124,989,1052
109125,990,1053
109126,991,1056
109127,992,1057
109128,990,1054
109129,987,1051
109130,984,1049
109131,986,1052
109132,987,1054
109133,992,1059
109134,993,1056
109135,991,1052
109136,988,1048
109137,988,1052
109138,989,1054
109139,995,1057
109140,993,1054
109141,992,1052
109142,990,1048
109143,992,1050
109144,995,1054
109145,995,1054
109146,995,1054
109147,992,1054
109148,990,1052
109149,988,1052
109150,992,1052
109151,995,1054
109152,995,1051
109153,996,1049
109154,994,1047
109155,994,1047
109156,997,1049
109157,995,1051
109158,1000,1049
109159,996,1045
109160,995,1042
109161,992,1045
109162,990,1048
109163,994,1051
109164,994,1045
109165,990,1044
109166,989,1042
109167,989,1042
109168,993,1046
109169,994,1047
109170,994,1047
109171,992,1043
109172,988,1043
109173,988,1043
109174,990,1046
109175,992,1047
109176,992,1045
109177,991,1045
109178,988,1043
109179,988,1047
109180,992,1048
109181,993,1048
109182,994,1049
109183,994,1049
109184,993,1044
109185,992,1046
109186,995,1049
109187,995,1051
109188,994,1050
109189,992,1045
109190,987,1045
109191,989,1046
109192,989,1047
109193,992,1049
109194,992,1049
109195,990,1047
109196,987,1045
109197,987,1045
109198,988,1049
109199,991,1051
109200,992,1049
109201,991,1048
109202,987,1046
109203,986,1048
109204,987,1050
109205,991,1051
109206,989,1049
109207,988,1048
109208,986,1046
109209,986,1048
109210,988,1050
109211,990,1051
109212,990,1049
109213,987,1048
109214,989,1046
109215,986,1047
109216,988,1050
109217,990,1052
109218,991,1051
109219,989,1047
109220,987,1047
109221,984,1048
109222,986,1050
109223,992,1054
109224,991,1053
109225,988,1048
109226,987,1047
109227,986,1046
109228,989,1050
109229,991,1051
109230,991,1051
109231,988,1047
109232,986,1045
109233,985,1049
109234,988,1051
109235,991,1050
109236,991,1053
109237,990,1049
109238,986,1046
109239,986,1047
109240,989,1052
109241,991,1052
109242,990,1052
109243,989,1049
109244,987,1047
109245,986,1047
109246,988,1052
109247,990,1052
109248,993,1051
109249,989,1048
109250,986,1046
109251,986,1049
109252,988,1050
109253,989,1053
109254,992,1051
109255,991,1050
109256,988,1047
109257,986,1048
109258,988,1051
109259,992,1053
109260,991,1053
109261,989,1050
109262,987,1048
109263,986,1049
109264,988,1050
109265,990,1052
109266,992,1051
109267,991,1049
109268,990,1047
109269,986,1048
109270,990,1050
109271,990,1053
109272,992,1051
109273,989,1047
109274,989,1047
109275,986,1048
109276,988,1050
109277,991,1052
109278,991,1052
109279,989,1048
109280,986,1048
109281,988,1047
109282,988,1051
109283,991,1051
109284,990,1049
109285,989,1049
109286,988,1045
109287,986,1048
109288,989,1051
109289,991,1049
109290,992,1049
109291,988,1048
109292,985,1047
109293,986,1047
109294,987,1052
109295,990,1051
109296,991,1048
109297,990,1046
109298,987,1046
109299,986,1049
109300,988,1050
109301,991,1053
109302,990,1050
109303,990,1047
109304,986,1044
109305,988,1048
109306,988,1051
109307,993,1050
109308,992,1051
109309,987,1048
109310,986,1047
109311,987,1046
109312,989,1049
109313,990,1051
109314,991,1050
109315,987,1047
109316,986,1048
109317,985,1048
109318,986,1050
109319,992,1050
109320,993,1050
109321,991,1048
109322,987,1046
109323,988,1047
109324,990,1050
109325,990,1053
109326,991,1051
109327,991,1049
109328,989,1048
109329,990,1050
109330,990,1052
109331,994,1053
109332,995,1052
109333,993,1051
109334,990,1050
109335,989,1051
109336,993,1054
109337,997,1055
109338,997,1054
109339,995,1053
109340,991,1050
109341,992,1052
109342,994,1055
109343,997,1057
109344,994,1055
109345,992,1052
109346,990,1048
109347,990,1051
109348,992,1056
109349,992,1058
109350,994,1056
109351,993,1052
109352,990,1051
109353,990,1053
109354,990,1054
109355,993,1057
109356,992,1053
109357,992,1050
109358,990,1049
109359,986,1052
109360,992,1055
109361,993,1055
109362,994,1056
109363,990,1052
109364,989,1050
109365,987,1053
109366,988,1056
109367,992,1056
109368,993,1052
109369,990,1053
109370,989,1053
109371,988,1051
109372,989,1052
109373,990,1055
109374,991,1054
109375,991,1053
109376,989,1050
109377,986,1054
109378,989,1053
109379,990,1057
109380,993,1053
109381,989,1052
109382,988,1052
109383,988,1051
109384,989,1054
109385,992,1056
109386,992,1052
109387,991,1052
109388,990,1049
109389,987,1051
109390,990,1055
109391,993,1055
109392,994,1054
109393,991,1051
109394,988,1050
109395,988,1050
109396,992,1054
109397,993,1055
109398,992,1055
109399,991,1051
109400,987,1049
109401,989,1052
109402,990,1057
109403,992,1056
109404,990,1055
109405,989,1049
109406,987,1051
109407,987,1053
109408,989,1053
109409,992,1054
109410,992,1056
109411,993,1050
109412,988,1049
109413,989,1052
109414,991,1053
109415,997,1055
109416,998,1053
109417,993,1053
109418,991,1050
109419,990,1050
109420,993,1052
109421,995,1054
109422,996,1052
109423,995,1051
109424,991,1049
109425,990,1051
109426,993,1055
109427,997,1055
109428,996,1053
109429,993,1049
109430,992,1049
109431,992,1050
109432,993,1054
109433,997,1053
109434,995,1050
109435,994,1049
109436,990,1049
109437,992,1049
109438,993,1054
109439,996,1055
109440,994,1053
109441,995,1051
109442,992,1049
109443,989,1052
109444,993,1053
109445,996,1053
109446,995,1051
109447,994,1050
109448,991,1046
109449,991,1050
109450,994,1052
109451,994,1054
109452,998,1053
109453,992,1051
109454,991,1049
109455,991,1051
109456,992,1051
109457,993,1053
109458,994,1054
109459,992,1050
109460,993,1049
109461,990,1048
109462,991,1053
109463,993,1053
109464,995,1051
109465,994,1047
109466,990,1046
109467,990,1049
109468,993,1054
109469,994,1054
109470,995,1051
109471,992,1051
109472,991,1047
109473,990,1050
109474,991,1051
109475,999,1053
109476,998,1052
109477,996,1048
109478,993,1049
109479,990,1048
109480,995,1052
109481,999,1053
109482,998,1050
109483,996,1050
109484,991,1049
109485,990,1049
109486,994,1052
109487,995,1052
109488,994,1050
109489,992,1047
109490,990,1048
109491,990,1048
109492,992,1053
109493,995,1053
109494,995,1050
109495,993,1048
109496,992,1048
109497,990,1050
109498,994,1051
109499,996,1052
109500,996,1052
109501,994,1051
109502,990,1046
109503,990,1048
109504,994,1051
109505,994,1051
109506,994,1048
109507,993,1047
109508,989,1046
109509,989,1048
109510,990,1051
109511,992,1053
109512,991,1051
109513,989,1050
109514,987,1047
109515,985,1049
109516,987,1053
109517,989,1053
109518,987,1051
109519,986,1048
109520,983,1044
109521,983,1046
109522,987,1050
109523,989,1051
109524,991,1049
109525,989,1046
109526,983,1045
109527,985,1046
109528,986,1049
109529,986,1051
109530,985,1049
109531,986,1044
109532,984,1043
109533,984,1046
109534,986,1048
109535,988,1053
109536,988,1051
109537,983,1047
109538,982,1046
109539,982,1048
109540,985,1051
109541,987,1051
109542,988,1049
109543,989,1046
109544,986,1046
109545,988,1049
109546,989,1050
109547,990,1050
109548,991,1050
109549,988,1047
109550,986,1047
109551,987,1048
109552,991,1051
109553,994,1051
109554,994,1047
109555,995,1047
109556,991,1046
109557,991,1048
109558,991,1052
109559,995,1051
109560,998,1048
109561,1002,1045
109562,1003,1041
109563,1010,1042
109564,1023,1040
109565,1036,1040
109566,1056,1038
109567,1076,1033
109568,1102,1028
109569,1140,1021
109570,1186,1015
109571,1231,1009
109572,1276,1010
109573,1310,1012
109574,1330,1027
109575,1323,1043
109576,1295,1054
109577,1239,1056
109578,1168,1059
109579,1092,1064
109580,1019,1072
109581,959,1087
109582,931,1097
109583,941,1099
109584,956,1090
109585,974,1077
109586,977,1066
109587,979,1062
109588,980,1056
109589,978,1054
109590,975,1050
109591,973,1048
109592,970,1046
109593,969,1049
109594,972,1046
109595,974,1050
109596,973,1048
109597,970,1048
109598,969,1043
109599,969,1045
109600,969,1048
109601,971,1049
109602,970,1048
109603,970,1046
109604,967,1044
109605,964,1048
109606,967,1049
109607,968,1052
109608,968,1049
109609,966,1047
109610,966,1044
109611,967,1046
109612,970,1048
109613,976,1050
109614,975,1050
109615,974,1047
109616,970,1047
109617,972,1047
109618,974,1051
109619,978,1051
109620,982,1048
109621,981,1046
109622,980,1046
109623,978,1045
109624,982,1047
109625,985,1048
109626,982,1046
109627,979,1042
109628,978,1039
109629,976,1042
109630,980,1045
109631,985,1042
109632,985,1041
109633,982,1036
109634,980,1036
109635,982,1037
109636,984,1037
109637,986,1041
109638,986,1036
109639,989,1033
109640,989,1033
109641,989,1035
109642,992,1035
109643,996,1036
109644,997,1035
109645,994,1031
109646,992,1027
109647,992,1028
109648,993,1031
109649,997,1032
109650,999,1027
109651,1000,1024
109652,1000,1022
109653,1002,1021
109654,1005,1023
109655,1007,1025
109656,1010,1019
109657,1011,1018
109658,1009,1015
109659,1008,1016
109660,1011,1018
109661,1016,1019
109662,1018,1016
109663,1016,1011
109664,1015,1011
109665,1013,1013
109666,1017,1013
109667,1018,1016
109668,1020,1016
109669,1019,1012
109670,1017,1013
109671,1016,1017
109672,1017,1016
109673,1021,1021
109674,1019,1020
109675,1015,1021
109676,1011,1021
109677,1012,1023
109678,1010,1027
109679,1011,1030
109680,1009,1030
109681,1006,1031
109682,1000,1032
109683,997,1037
109684,999,1041
109685,999,1043
109686,999,1043
109687,992,1043
109688,988,1045
109689,985,1045
109690,984,1051
109691,987,1056
109692,983,1055
109693,982,1056
109694,977,1056
109695,975,1059
109696,976,1065
109697,981,1067
109698,977,1066
109699,973,1063
109700,971,1063
109701,973,1066
109702,974,1067
109703,979,1068
109704,981,1063
109705,977,1058
109706,972,1058
109707,971,1059
109708,975,1062
109709,979,1063
109710,979,1064
109711,975,1062
109712,974,1059
109713,975,1058
109714,976,1059
109715,982,1060
109716,982,1058
109717,982,1055
109718,980,1054
109719,979,1054
109720,984,1056
109721,988,1060
109722,986,1055
109723,986,1053
109724,983,1052
109725,984,1054
109726,987,1056
109727,992,1056
109728,992,1054
109729,989,1051
109730,988,1049
109731,985,1049
109732,989,1054
109733,994,1053
109734,994,1055
109735,994,1053
109736,990,1050
109737,989,1049
109738,993,1051
109739,995,1055
109740,994,1053
109741,992,1049
109742,990,1051
109743,990,1053
109744,991,1055
109745,993,1057
109746,992,1055
109747,991,1051
109748,987,1052
109749,987,1052
109750,990,1057
109751,994,1056
109752,993,1054
109753,989,1051
109754,987,1050
109755,984,1053
109756,987,1054
109757,987,1055
109758,988,1056
109759,989,1053
109760,985,1054
109761,985,1055
109762,988,1060
109763,990,1059
109764,992,1059
109765,988,1054
109766,986,1054
109767,985,1053
109768,985,1057
109769,985,1057
109770,989,1054
109771,986,1053
109772,985,1052
109773,985,1052
109774,988,1055
109775,990,1057
109776,989,1054
109777,987,1052
109778,982,1052
109779,986,1053
109780,986,1055
109781,988,1055
109782,989,1054
109783,988,1053
109784,985,1052
109785,984,1054
109786,987,1056
109787,992,1059
109788,993,1055
109789,991,1053
109790,991,1053
109791,993,1052
109792,996,1057
109793,1000,1056
109794,1001,1052
109795,1005,1047
109796,1011,1043
109797,1021,1042
109798,1039,1043
109799,1061,1043
109800,1087,1039
109801,1121,1036
109802,1156,1027
109803,1200,1021
109804,1244,1018
109805,1287,1020
109806,1316,1026
109807,1329,1035
109808,1326,1048
109809,1295,1060
109810,1244,1062
109811,1185,1067
109812,1113,1071
109813,1036,1078
109814,973,1087
109815,939,1091
109816,939,1094
109817,955,1089
109818,967,1078
109819,970,1067
109820,972,1062
109821,973,1058
109822,979,1056
109823,978,1059
109824,975,1059
109825,973,1054
109826,969,1054
109827,969,1054
109828,968,1055
109829,970,1060
109830,969,1054
109831,965,1055
109832,965,1052
109833,961,1053
109834,966,1056
109835,971,1057
109836,971,1058
109837,966,1054
109838,962,1052
109839,962,1056
109840,965,1059
109841,968,1058
109842,969,1058
109843,968,1056
109844,963,1054
109845,963,1055
109846,963,1058
109847,965,1057
109848,964,1054
109849,963,1049
109850,961,1049
109851,961,1049
109852,965,1051
109853,967,1052
109854,966,1052
109855,966,1048
109856,966,1048
109857,965,1049
109858,971,1053
109859,975,1055
109860,976,1053
109861,975,1050
109862,973,1046
109863,976,1048
109864,978,1051
109865,981,1052
109866,979,1048
109867,980,1047
109868,980,1044
109869,982,1045
109870,985,1047
109871,984,1047
109872,987,1044
109873,984,1041
109874,985,1041
109875,987,1039
109876,988,1040
109877,993,1039
109878,997,1038
109879,996,1035
109880,995,1035
109881,994,1033
109882,998,1037
109883,1003,1034
109884,1003,1033
109885,1004,1029
109886,1000,1027
109887,1000,1028
109888,1004,1029
109889,1008,1029
109890,1009,1025
109891,1005,1023
109892,1004,1023
109893,1005,1023
109894,1011,1023
109895,1013,1024
109896,1013,1023
109897,1011,1019
109898,1009,1020
109899,1010,1023
109900,1014,1025
109901,1018,1027
109902,1016,1026
109903,1016,1022
109904,1014,1023
109905,1012,1026
109906,1016,1032
109907,1018,1033
109908,1016,1036
109909,1011,1033
109910,1011,1034
109911,1012,1039
109912,1011,1042
109913,1011,1044
109914,1007,1042
109915,1003,1043
109916,997,1045
109917,998,1047
109918,999,1052
109919,999,1056
109920,997,1056
109921,994,1056
109922,989,1052
109923,989,1057
109924,988,1062
109925,989,1062
109926,986,1060
109927,981,1055
109928,978,1057
109929,975,1057
109930,976,1061
109931,979,1063
109932,978,1059
109933,972,1060
109934,968,1057
109935,969,1059
109936,973,1064
109937,978,1065
109938,974,1063
109939,973,1061
109940,969,1060
109941,970,1063
109942,971,1065
109943,975,1065
109944,975,1062
109945,973,1061
109946,972,1060
109947,972,1061
109948,974,1063
109949,980,1064
109950,981,1061
109951,979,1058
109952,977,1055
109953,976,1059
109954,981,1060
109955,984,1061
109956,987,1060
109957,985,1057
109958,984,1056
109959,984,1059
109960,986,1060
109961,992,1060
109962,991,1058
109963,989,1057
109964,988,1057
109965,988,1057
109966,989,1059
109967,993,1058
109968,992,1059
109969,989,1056
109970,988,1055
109971,985,1058
109972,988,1064
109973,990,1064
109974,991,1063
109975,988,1058
109976,984,1057
109977,983,1060
109978,987,1059
109979,991,1060
109980,988,1061
109981,987,1056
109982,986,1055
109983,982,1059
109984,984,1061
109985,985,1061
109986,985,1059
109987,982,1054
109988,978,1054
109989,981,1056
109990,980,1059
109991,985,1062
109992,983,1058
109993,980,1057
109994,979,1055
109995,978,1058
109996,981,1060
109997,981,1062
109998,982,1057
109999,982,1056
110000,982,1056
110001,981,1059
110002,983,1061
110003,988,1062
110004,988,1059
110005,983,1059
110006,982,1061
110007,983,1060
110008,985,1064
110009,989,1063
110010,988,1060
110011,984,1058
110012,983,1057
110013,983,1059
110014,984,1062
110015,986,1064
110016,989,1062
110017,987,1060
110018,984,1059
110019,982,1062
110020,984,1065
110021,990,1065
110022,991,1064
110023,990,1062
110024,986,1061
110025,986,1061
110026,990,1067
110027,990,1067
110028,991,1066
110029,986,1063
110030,985,1060
110031,987,1062
110032,989,1062
110033,991,1062
110034,990,1061
110035,986,1059
110036,988,1056
110037,985,1058
110038,990,1060
110039,993,1058
110040,995,1056
110041,992,1053
110042,992,1050
110043,997,1048
110044,1009,1048
110045,1022,1048
110046,1034,1046
110047,1054,1038
110048,1079,1038
110049,1114,1036
110050,1151,1029
110051,1189,1023
110052,1228,1014
110053,1262,1007
110054,1290,1011
110055,1313,1027
110056,1315,1044
110057,1296,1056
110058,1245,1059
110059,1176,1060
110060,1103,1070
110061,1034,1083
110062,977,1093
110063,952,1098
110064,952,1094
110065,964,1084
110066,974,1078
110067,980,1070
110068,981,1068
110069,982,1064
110070,982,1061
110071,976,1058
110072,976,1061
110073,975,1061
110074,973,1063
110075,972,1065
110076,973,1063
110077,969,1060
110078,966,1058
110079,966,1059
110080,969,1062
110081,970,1063
110082,967,1060
110083,969,1058
110084,961,1055
110085,962,1056
110086,967,1060
110087,970,1057
110088,969,1056
110089,964,1052
110090,960,1052
110091,961,1053
110092,964,1055
110093,966,1054
110094,965,1053
110095,964,1050
110096,962,1048
110097,962,1052
110098,968,1053
110099,973,1054
110100,969,1051
110101,970,1050
110102,965,1048
110103,967,1052
110104,971,1054
110105,977,1054
110106,975,1052
110107,977,1051
110108,974,1050
110109,977,1054
110110,982,1056
110111,985,1056
110112,985,1054
110113,981,1053
110114,980,1049
110115,980,1051
110116,982,1052
110117,987,1053
110118,989,1049
110119,987,1048
110120,988,1048
110121,987,1048
110122,991,1049
110123,995,1048
110124,995,1045
110125,994,1040
110126,991,1039
110127,992,1039
110128,996,1039
110129,1001,1035
110130,1002,1035
110131,1001,1032
110132,1000,1030
110133,1001,1031
110134,1003,1029
110135,1009,1030
110136,1012,1026
110137,1011,1021
110138,1011,1020
110139,1011,1022
110140,1015,1023
110141,1017,1023
110142,1020,1019
110143,1018,1017
110144,1016,1016
110145,1014,1016
110146,1018,1019
110147,1023,1021
110148,1023,1019
110149,1020,1017
110150,1018,1016
110151,1018,1019
110152,1019,1021
110153,1022,1023
110154,1022,1024
110155,1021,1019
110156,1018,1021
110157,1016,1024
110158,1017,1028
110159,1016,1030
110160,1015,1034
110161,1012,1032
110162,1008,1036
110163,1005,1045
110164,1007,1050
110165,1006,1054
110166,1002,1055
110167,998,1052
110168,996,1055
110169,994,1059
110170,994,1060
110171,995,1063
110172,994,1060
110173,987,1058
110174,986,1060
110175,984,1062
110176,985,1065
110177,985,1066
110178,985,1064
110179,983,1061
110180,981,1059
110181,979,1061
110182,982,1064
110183,985,1064
110184,984,1062
110185,982,1060
110186,982,1061
110187,981,1062
110188,985,1065
110189,991,1065
110190,990,1062
110191,995,1057
110192,997,1056
110193,1003,1059
110194,1007,1061
110195,1016,1064
110196,1018,1064
110197,1021,1061
110198,1025,1061
110199,1036,1061
110200,1048,1063
110201,1064,1057
110202,1076,1042
110203,1086,1026
110204,1095,1014
110205,1110,1005
110206,1126,997
110207,1148,983
110208,1162,970
110209,1175,951
110210,1187,934
110211,1207,916
110212,1229,908
110213,1249,894
110214,1264,879
110215,1266,872
110216,1259,871
110217,1252,876
110218,1248,881
110219,1244,885
110220,1238,881
110221,1225,881
110222,1206,882
110223,1185,882
110224,1165,889
110225,1147,897
110226,1119,899
110227,1092,904
110228,1060,912
110229,1040,929
110230,1026,943
110231,1024,955
110232,1018,964
110233,1011,973
110234,1006,979
110235,1004,991
110236,1012,1003
110237,1024,1011
110238,1042,1017
110239,1058,1022
110240,1072,1021
110241,1071,1028
110242,1056,1038
110243,1029,1044
110244,993,1046
110245,961,1053
110246,942,1061
110247,932,1073
110248,932,1080
110249,932,1088
110250,925,1089
110251,916,1088
110252,910,1088
110253,909,1094
110254,907,1097
110255,907,1100
110256,904,1101
110257,899,1098
110258,896,1099
110259,895,1106
110260,896,1110
110261,894,1108
110262,897,1110
110263,890,1111
110264,887,1111
110265,892,1118
110266,892,1121
110267,896,1123
110268,894,1124
110269,892,1121
110270,890,1124
110271,889,1129
110272,889,1131
110273,891,1134
110274,893,1134
110275,888,1136
110276,886,1136
110277,885,1140
110278,889,1144
110279,893,1146
110280,890,1149
110281,883,1148
110282,882,1147
110283,883,1152
110284,887,1156
110285,894,1156
110286,891,1155
110287,891,1154
110288,889,1154
110289,886,1156
110290,890,1160
110291,892,1162
110292,895,1161
110293,894,1160
110294,895,1161
110295,897,1161
110296,901,1164
110297,908,1162
110298,908,1160
110299,911,1159
110300,911,1158
110301,914,1158
110302,922,1162
110303,928,1159
110304,931,1155
110305,931,1151
110306,934,1148
110307,938,1148
110308,944,1146
110309,952,1143
110310,953,1137
110311,953,1132
110312,953,1127
110313,957,1126
110314,961,1123
110315,966,1119
110316,968,1111
110317,967,1106
110318,967,1101
110319,968,1098
110320,971,1097
110321,972,1092
110322,975,1087
110323,971,1081
110324,969,1078
110325,971,1080
110326,973,1078
110327,975,1076
110328,974,1073
110329,970,1069
110330,967,1068
110331,969,1065
110332,968,1068
110333,972,1065
110334,970,1063
110335,969,1061
110336,967,1062
110337,964,1061
110338,969,1063
110339,970,1065
110340,969,1060
110341,965,1058
110342,963,1056
110343,965,1059
110344,967,1060
110345,972,1060
110346,971,1060
110347,969,1058
110348,966,1055
110349,967,1058
110350,968,1061
110351,971,1059
110352,970,1056
110353,968,1052
110354,966,1052
110355,970,1052
110356,973,1055
110357,975,1053
110358,974,1051
110359,972,1050
110360,970,1051
110361,970,1053
110362,975,1055
110363,979,1055
110364,978,1053
110365,978,1052
110366,977,1049
110367,976,1052
110368,979,1053
110369,982,1055
110370,982,1056
110371,978,1053
110372,977,1051
110373,976,1054
110374,980,1057
110375,983,1059
110376,981,1056
110377,978,1052
110378,974,1052
110379,973,1055
110380,979,1057
110381,979,1055
110382,980,1052
110383,975,1051
110384,972,1049
110385,974,1054
110386,979,1056
110387,978,1056
110388,977,1053
110389,973,1051
110390,971,1049
110391,971,1052
110392,975,1054
110393,977,1052
110394,978,1052
110395,974,1047
110396,971,1047
110397,973,1051
110398,972,1053
110399,974,1053
110400,978,1049
110401,976,1046
110402,973,1046
110403,972,1051
110404,974,1052
110405,979,1051
110406,978,1049
110407,974,1048
110408,974,1047
110409,973,1048
110410,975,1052
110411,978,1051
110412,977,1052
110413,974,1049
110414,970,1049
110415,970,1052
110416,975,1056
110417,976,1055
110418,975,1055
110419,974,1054
110420,973,1056
110421,973,1059
110422,974,1060
110423,977,1062
110424,975,1055
110425,975,1057
110426,975,1054
110427,972,1055
110428,976,1059
110429,977,1057
110430,978,1055
110431,974,1054
110432,974,1054
110433,973,1054
110434,974,1054
110435,976,1056
110436,978,1052
110437,973,1051
110438,971,1050
110439,972,1053
110440,974,1053
110441,978,1054
110442,979,1050
110443,976,1047
110444,976,1049
110445,977,1050
110446,978,1051
110447,980,1053
110448,980,1050
110449,977,1046
110450,975,1046
110451,975,1050
110452,978,1052
110453,980,1054
110454,979,1049
110455,976,1049
110456,973,1048
110457,975,1054
110458,978,1055
110459,983,1057
110460,983,1053
110461,979,1050
110462,975,1050
110463,975,1051
110464,980,1057
110465,984,1056
110466,981,1053
110467,979,1050
110468,977,1051
110469,976,1055
110470,980,1056
110471,985,1058
110472,982,1053
110473,977,1052
110474,975,1052
110475,977,1056
110476,977,1057
110477,980,1059
110478,979,1054
110479,976,1051
110480,974,1051
110481,976,1054
110482,980,1056
110483,981,1056
110484,983,1054
110485,981,1051
110486,978,1050
110487,977,1053
110488,984,1055
110489,983,1055
110490,984,1055
110491,982,1050
110492,979,1051
110493,981,1055
110494,982,1056
110495,984,1055
110496,987,1053
110497,983,1050
110498,983,1047
110499,984,1052
110500,986,1052
110501,991,1051
110502,988,1048
110503,992,1048
110504,991,1045
110505,999,1044
110506,1011,1043
110507,1029,1039
110508,1049,1036
110509,1069,1032
110510,1100,1027
110511,1137,1021
110512,1173,1016
110513,1213,1009
110514,1248,1007
110515,1275,1012
110516,1289,1023
110517,1288,1041
110518,1266,1051
110519,1226,1053
110520,1170,1054
110521,1107,1063
110522,1043,1071
110523,985,1078
110524,955,1080
110525,952,1078
110526,960,1070
110527,969,1063
110528,973,1054
110529,975,1049
110530,975,1053
110531,977,1049
110532,975,1049
110533,971,1047
110534,968,1045
110535,966,1047
110536,967,1048
110537,967,1049
110538,965,1047
110539,963,1046
110540,960,1047
110541,960,1052
110542,963,1053
110543,963,1055
110544,962,1054
110545,960,1051
110546,959,1054
110547,961,1057
110548,962,1059
110549,966,1058
110550,968,1054
110551,964,1053
110552,959,1052
110553,963,1053
110554,965,1054
110555,968,1056
110556,963,1053
110557,961,1050
110558,960,1046
110559,960,1052
110560,960,1054
110561,963,1054
110562,965,1053
110563,959,1049
110564,957,1045
110565,957,1049
110566,960,1051
110567,964,1050
110568,965,1046
110569,963,1047
110570,960,1045
110571,964,1048
110572,965,1050
110573,967,1048
110574,968,1045
110575,966,1041
110576,961,1041
110577,965,1043
110578,969,1046
110579,972,1043
110580,973,1043
110581,971,1040
110582,968,1037
110583,972,1038
110584,976,1043
110585,982,1041
110586,980,1038
110587,981,1036
110588,977,1031
110589,980,1033
110590,986,1036
110591,989,1035
110592,991,1033
110593,991,1028
110594,988,1031
110595,989,1032
110596,993,1033
110597,1000,1034
110598,1000,1029
110599,998,1028
110600,997,1027
110601,997,1028
110602,1004,1031
110603,1007,1030
110604,1009,1027
110605,1005,1022
110606,1005,1021
110607,1004,1021
110608,1008,1025
110609,1014,1023
110610,1016,1023
110611,1015,1018
110612,1014,1019
110613,1015,1020
110614,1019,1024
110615,1021,1022
110616,1022,1022
110617,1018,1020
110618,1015,1020
110619,1015,1021
110620,1018,1027
110621,1019,1029
110622,1019,1027
110623,1012,1026
110624,1012,1027
110625,1011,1030
110626,1010,1036
110627,1014,1037
110628,1013,1036
110629,1007,1035
110630,1001,1038
110631,1000,1043
110632,1000,1047
110633,1003,1048
110634,999,1049
110635,996,1047
110636,990,1049
110637,989,1049
110638,992,1056
110639,993,1058
110640,992,1055
110641,988,1053
110642,984,1055
110643,983,1054
110644,990,1059
110645,988,1059
110646,988,1058
110647,988,1054
110648,984,1055
110649,985,1057
110650,989,1059
110651,992,1058
110652,993,1057
110653,988,1053
110654,986,1052
110655,986,1053
110656,992,1055
110657,993,1052
110658,989,1053
110659,987,1049
110660,983,1049
110661,984,1053
110662,987,1053
110663,988,1054
110664,987,1050
110665,985,1047
110666,983,1049
110667,984,1050
110668,990,1052
110669,991,1051
110670,992,1050
110671,987,1049
110672,985,1047
110673,985,1050
110674,989,1052
110675,990,1053
110676,989,1050
110677,988,1048
110678,985,1049
110679,986,1051
110680,989,1056
110681,992,1054
110682,991,1053
110683,986,1053
110684,985,1050
110685,988,1053
110686,991,1054
110687,993,1053
110688,994,1050
110689,985,1047
110690,985,1046
110691,984,1048
110692,985,1050
110693,991,1050
110694,990,1048
110695,986,1047
110696,984,1047
110697,986,1050
110698,989,1052
110699,991,1053
110700,989,1049
110701,988,1047
110702,986,1047
110703,987,1051
110704,989,1053
110705,989,1052
110706,988,1051
110707,991,1047
110708,987,1051
110709,987,1053
110710,991,1056
110711,994,1055
110712,994,1052
110713,990,1050
110714,991,1049
110715,993,1048
110716,1001,1048
110717,1008,1045
110718,1017,1040
110719,1029,1038
110720,1045,1035
110721,1075,1036
110722,1110,1036
110723,1154,1029
110724,1199,1020
110725,1240,1017
110726,1273,1022
110727,1301,1038
110728,1314,1054
110729,1301,1065
110730,1258,1066
110731,1196,1069
110732,1124,1075
110733,1053,1086
110734,993,1097
110735,958,1093
110736,946,1088
110737,952,1079
110738,962,1071
110739,970,1063
110740,976,1060
110741,978,1056
110742,975,1054
110743,969,1049
110744,967,1050
110745,965,1053
110746,966,1056
110747,967,1054
110748,967,1051
110749,962,1049
110750,957,1049
110751,959,1051
110752,959,1055
110753,960,1055
110754,961,1052
110755,959,1049
110756,955,1049
110757,955,1050
110758,960,1053
110759,959,1054
110760,958,1051
110761,955,1050
110762,951,1049
110763,953,1053
110764,955,1054
110765,956,1054
110766,954,1050
110767,954,1047
110768,951,1049
110769,951,1050
110770,955,1053
110771,959,1054
110772,959,1049
110773,956,1046
110774,956,1047
110775,956,1051
110776,962,1052
110777,963,1051
110778,962,1049
110779,960,1043
110780,957,1043
110781,960,1044
110782,963,1046
110783,965,1044
110784,965,1041
110785,965,1038
110786,962,1037
110787,966,1039
110788,968,1040
110789,970,1039
110790,972,1036
110791,972,1034
110792,973,1032
110793,971,1032
110794,977,1033
110795,980,1033
110796,980,1033
110797,975,1025
110798,976,1025
110799,980,1026
110800,984,1026
110801,987,1026
110802,984,1022
110803,983,1018
110804,984,1016
110805,986,1020
110806,987,1020
110807,991,1021
110808,990,1017
110809,989,1015
110810,986,1014
110811,987,1018
110812,992,1016
110813,996,1016
110814,996,1015
110815,994,1014
110816,995,1013
110817,996,1019
110818,998,1021
110819,1003,1022
110820,1001,1022
110821,1001,1019
110822,1000,1022
110823,1000,1027
110824,1002,1030
110825,1004,1032
110826,1002,1031
110827,996,1032
110828,993,1033
110829,989,1038
110830,994,1042
110831,994,1043
110832,989,1044
110833,989,1038
110834,983,1042
110835,983,1045
110836,984,1050
110837,984,1051
110838,981,1048
110839,976,1046
110840,972,1048
110841,973,1051
110842,975,1053
110843,978,1053
110844,973,1048
110845,971,1047
110846,970,1050
110847,968,1052
110848,970,1055
110849,973,1054
110850,973,1054
110851,971,1050
110852,968,1052
110853,966,1056
110854,970,1057
110855,972,1057
110856,972,1056
110857,970,1054
110858,966,1055
110859,968,1054
110860,972,1059
110861,974,1058
110862,975,1058
110863,972,1053
110864,970,1055
110865,971,1057
110866,972,1059
110867,976,1059
110868,975,1060
110869,973,1055
110870,973,1055
110871,973,1059
110872,976,1062
110873,979,1061
110874,978,1057
110875,975,1055
110876,975,1055
110877,977,1057
110878,979,1060
110879,984,1058
110880,984,1056
110881,979,1053
110882,978,1051
110883,980,1053
110884,983,1058
110885,983,1055
110886,986,1055
110887,985,1050
110888,982,1051
110889,982,1052
110890,985,1058
110891,984,1055
110892,985,1050
110893,981,1049
110894,979,1047
110895,981,1051
110896,984,1053
110897,987,1052
110898,985,1051
110899,981,1049
110900,976,1048
110901,979,1051
110902,982,1051
110903,985,1052
110904,984,1052
110905,978,1050
110906,975,1049
110907,976,1054
110908,980,1056
110909,980,1055
110910,980,1055
110911,974,1053
110912,974,1055
110913,975,1056
110914,979,1059
110915,978,1058
110916,979,1053
110917,974,1051
110918,969,1054
110919,968,1055
110920,973,1056
110921,975,1058
110922,975,1055
110923,973,1053
110924,972,1053
110925,974,1057
110926,975,1060
110927,978,1058
110928,979,1056
110929,972,1055
110930,973,1054
110931,976,1055
110932,980,1059
110933,982,1058
110934,983,1054
110935,981,1053
110936,979,1055
110937,979,1056
110938,980,1059
110939,982,1057
110940,984,1055
110941,981,1052
110942,976,1053
110943,977,1057
110944,979,1056
110945,983,1057
110946,982,1055
110947,979,1053
110948,976,1054
110949,977,1057
110950,977,1059
110951,982,1059
110952,979,1055
110953,976,1052
110954,975,1053
110955,976,1055
110956,979,1056
110957,980,1055
110958,981,1051
110959,974,1050
110960,974,1050
110961,976,1055
110962,979,1057
110963,982,1057
110964,981,1055
110965,980,1053
110966,977,1053
110967,977,1054
110968,982,1059
110969,981,1058
110970,980,1056
110971,977,1055
110972,976,1057
110973,978,1059
110974,981,1061
110975,984,1061
110976,984,1059
110977,979,1057
110978,980,1056
110979,978,1059
110980,981,1061
110981,985,1058
110982,982,1057
110983,980,1056
110984,979,1055
110985,979,1058
110986,984,1059
110987,986,1060
110988,985,1060
110989,983,1056
110990,980,1056
110991,980,1059
110992,983,1061
110993,990,1061
110994,985,1059
110995,982,1056
110996,977,1058
110997,980,1057
110998,982,1061
110999,984,1059
111000,984,1059
111001,979,1054
111002,977,1051
111003,979,1055
111004,981,1060
111005,984,1055
111006,980,1055
111007,978,1051
111008,978,1052
111009,979,1054
111010,980,1056
111011,984,1054
111012,984,1052
111013,977,1052
111014,978,1052
111015,982,1056
111016,981,1056
111017,986,1056
111018,983,1054
111019,980,1050
111020,982,1050
111021,982,1053
111022,985,1056
111023,986,1055
111024,983,1052
111025,984,1049
111026,980,1050
111027,982,1054
111028,985,1053
111029,986,1056
111030,988,1054
111031,984,1053
111032,980,1053
111033,981,1054
111034,985,1056
111035,987,1055
111036,985,1053
111037,982,1051
111038,981,1050
111039,983,1052
111040,986,1055
111041,989,1053
111042,988,1055
111043,984,1050
111044,982,1050
111045,983,1055
111046,986,1057
111047,989,1054
111048,990,1055
111049,983,1051
111050,982,1050
111051,984,1052
111052,985,1057
111053,989,1057
111054,988,1051
111055,986,1051
111056,984,1052
111057,987,1054
111058,987,1056
111059,990,1056
111060,991,1054
111061,987,1052
111062,986,1051
111063,989,1052
111064,990,1056
111065,994,1054
111066,993,1053
111067,992,1049
111068,993,1052
111069,997,1054
111070,1001,1053
111071,1004,1054
111072,1004,1048
111073,1011,1044
111074,1018,1041
111075,1035,1043
111076,1057,1044
111077,1083,1040
111078,1113,1036
111079,1147,1023
111080,1183,1015
111081,1221,1010
111082,1258,1010
111083,1294,1014
111084,1320,1021
111085,1319,1028
111086,1290,1039
111087,1235,1047
111088,1170,1057
111089,1108,1061
111090,1041,1063
111091,991,1063
111092,966,1063
111093,968,1063
111094,984,1060
111095,995,1055
111096,996,1049
111097,988,1048
111098,985,1048
111099,983,1050
111100,986,1054
111101,986,1053
111102,983,1053
111103,980,1050
111104,975,1050
111105,976,1049
111106,977,1052
111107,981,1051
111108,976,1050
111109,971,1049
111110,968,1050
111111,970,1051
111112,975,1055
111113,976,1056
111114,975,1052
111115,972,1050
111116,970,1052
111117,972,1052
111118,974,1056
111119,978,1055
111120,974,1052
111121,972,1052
111122,974,1053
111123,975,1052
111124,978,1056
111125,980,1059
111126,977,1057
111127,977,1052
111128,977,1053
111129,977,1055
111130,979,1055
111131,983,1055
111132,982,1052
111133,979,1051
111134,977,1050
111135,976,1052
111136,981,1056
111137,984,1055
111138,981,1050
111139,981,1048
111140,979,1048
111141,980,1050
111142,986,1052
111143,987,1051
111144,988,1049
111145,986,1047
111146,986,1044
111147,987,1048
111148,991,1045
111149,994,1046
111150,995,1043
111151,992,1039
111152,990,1039
111153,994,1040
111154,996,1043
111155,1003,1041
111156,1004,1039
111157,1003,1036
111158,1002,1036
111159,1006,1039
111160,1008,1039
111161,1013,1039
111162,1013,1034
111163,1011,1030
111164,1013,1031
111165,1015,1034
111166,1019,1034
111167,1021,1035
111168,1020,1029
111169,1020,1026
111170,1019,1028
111171,1021,1030
111172,1026,1035
111173,1027,1030
111174,1028,1030
111175,1027,1025
111176,1026,1025
111177,1030,1027
111178,1036,1028
111179,1039,1026
111180,1040,1024
111181,1037,1023
111182,1035,1025
111183,1036,1026
111184,1037,1028
111185,1040,1030
111186,1035,1030
111187,1032,1029
111188,1031,1030
111189,1029,1033
111190,1026,1036
111191,1029,1036
111192,1026,1035
111193,1021,1036
111194,1018,1037
111195,1017,1038
111196,1017,1040
111197,1019,1045
111198,1017,1041
111199,1014,1042
111200,1011,1041
111201,1010,1046
111202,1010,1050
111203,1008,1050
111204,1005,1051
111205,1002,1048
111206,996,1052
111207,998,1054
111208,998,1057
111209,1000,1058
111210,997,1056
111211,997,1055
111212,996,1056
111213,994,1060
111214,998,1061
111215,1001,1060
111216,1001,1059
111217,994,1054
111218,995,1053
111219,993,1055
111220,994,1058
111221,996,1057
111222,997,1055
111223,997,1054
111224,997,1054
111225,998,1053
111226,1000,1059
111227,1002,1057
111228,1000,1051
111229,996,1049
111230,995,1049
111231,997,1052
111232,998,1052
111233,1001,1052
111234,1001,1050
111235,1000,1047
111236,996,1049
111237,998,1050
111238,1001,1048
111239,1001,1048
111240,1002,1047
111241,999,1044
111242,996,1045
111243,999,1047
111244,1001,1048
111245,1006,1047
111246,1006,1045
111247,1003,1043
111248,1001,1044
111249,1002,1048
111250,1004,1046
111251,1004,1047
111252,1002,1047
111253,997,1045
111254,996,1046
111255,997,1046
111256,999,1050
111257,1001,1050
111258,998,1047
111259,994,1043
111260,991,1044
111261,994,1050
111262,997,1054
111263,1000,1054
111264,1003,1050
111265,999,1049
111266,995,1049
111267,994,1051
111268,995,1052
111269,998,1051
111270,999,1050
111271,1000,1047
111272,995,1050
111273,994,1049
111274,997,1053
111275,998,1053
111276,996,1048
111277,993,1046
111278,991,1048
111279,994,1048
111280,998,1052
111281,1000,1049
111282,1000,1048
111283,997,1043
111284,995,1046
111285,996,1049
111286,998,1051
111287,1000,1049
111288,999,1046
111289,998,1043
111290,994,1043
111291,995,1047
111292,997,1051
111293,995,1049
111294,995,1048
111295,994,1043
111296,992,1043
111297,993,1046
111298,998,1049
111299,1001,1048
111300,998,1046
111301,996,1045
111302,993,1044
111303,992,1048
111304,995,1052
111305,996,1050
111306,995,1049
111307,991,1047
111308,988,1047
111309,989,1050
111310,995,1055
111311,996,1051
111312,995,1050
111313,992,1049
111314,989,1051
111315,990,1052
111316,993,1055
111317,995,1052
111318,997,1051
111319,991,1049
111320,989,1048
111321,990,1049
111322,995,1053
111323,997,1052
111324,998,1049
111325,994,1047
111326,991,1048
111327,994,1051
111328,996,1050
111329,1000,1050
111330,1000,1047
111331,994,1043
111332,999,1041
111333,1010,1044
111334,1027,1044
111335,1043,1040
111336,1056,1036
111337,1072,1034
111338,1094,1031
111339,1124,1030
111340,1154,1023
111341,1191,1015
111342,1222,1004
111343,1251,1000
111344,1277,1005
111345,1303,1016
111346,1316,1030
111347,1310,1042
111348,1279,1046
111349,1231,1045
111350,1175,1052
111351,1115,1063
111352,1057,1074
111353,1002,1079
111354,959,1080
111355,941,1079
111356,944,1075
111357,959,1071
111358,973,1066
111359,982,1057
111360,983,1053
111361,980,1050
111362,978,1050
111363,980,1051
111364,982,1051
111365,983,1050
111366,980,1049
111367,975,1047
111368,971,1048
111369,971,1050
111370,974,1051
111371,976,1049
111372,976,1046
111373,973,1043
111374,968,1044
111375,971,1049
111376,970,1049
111377,973,1049
111378,971,1050
111379,969,1048
111380,969,1047
111381,967,1051
111382,971,1053
111383,970,1053
111384,968,1050
111385,966,1048
111386,966,1048
111387,965,1049
111388,964,1055
111389,969,1054
111390,969,1051
111391,969,1048
111392,967,1048
111393,968,1050
111394,969,1052
111395,972,1052
111396,971,1051
111397,969,1049
111398,970,1049
111399,972,1053
111400,976,1053
111401,978,1052
111402,977,1050
111403,975,1048
111404,974,1047
111405,976,1046
111406,980,1050
111407,985,1049
111408,985,1046
111409,984,1043
111410,981,1043
111411,986,1045
111412,987,1049
111413,991,1050
111414,992,1045
111415,989,1044
111416,990,1041
111417,992,1046
111418,994,1047
111419,998,1042
111420,997,1038
111421,993,1032
111422,992,1031
111423,997,1029
111424,1001,1030
111425,1004,1027
111426,1002,1024
111427,1002,1021
111428,1001,1018
111429,1007,1021
111430,1010,1020
111431,1012,1019
111432,1013,1017
111433,1011,1015
111434,1010,1012
111435,1013,1015
111436,1014,1019
111437,1014,1016
111438,1013,1014
111439,1011,1010
111440,1009,1009
111441,1013,1012
111442,1015,1017
111443,1016,1014
111444,1016,1013
111445,1013,1008
111446,1012,1011
111447,1013,1013
111448,1020,1014
111449,1021,1015
111450,1022,1011
111451,1016,1010
111452,1013,1012
111453,1015,1012
111454,1019,1016
111455,1023,1018
111456,1023,1016
111457,1019,1014
111458,1018,1018
111459,1018,1022
111460,1022,1026
111461,1024,1027
111462,1021,1026
111463,1015,1025
111464,1015,1030
111465,1014,1037
111466,1016,1038
111467,1016,1042
111468,1012,1042
111469,1006,1042
111470,1002,1043
111471,1001,1047
111472,1001,1051
111473,1000,1051
111474,997,1049
111475,995,1048
111476,990,1048
111477,991,1047
111478,992,1055
111479,992,1054
111480,987,1052
111481,985,1051
111482,985,1050
111483,985,1051
111484,984,1056
111485,983,1055
111486,984,1053
111487,980,1053
111488,978,1051
111489,977,1054
111490,983,1055
111491,984,1059
111492,984,1056
111493,981,1055
111494,979,1055
111495,981,1056
111496,984,1060
111497,986,1059
111498,984,1056
111499,982,1056
111500,982,1054
111501,983,1055
111502,986,1058
111503,987,1056
111504,988,1054
111505,987,1053
111506,989,1051
111507,992,1053
111508,995,1057
111509,994,1055
111510,996,1055
111511,996,1050
111512,996,1049
111513,998,1050
111514,1002,1053
111515,1002,1050
111516,1001,1048
111517,999,1045
111518,997,1046
111519,999,1048
111520,1001,1053
111521,1002,1049
111522,1002,1046
111523,999,1044
111524,998,1044
111525,997,1047
111526,1000,1047
111527,999,1047
111528,1000,1046
111529,998,1042
111530,996,1042
111531,997,1045
111532,998,1047
111533,998,1045
111534,999,1043
111535,995,1040
111536,992,1040
111537,992,1043
111538,994,1048
111539,997,1045
111540,998,1042
111541,994,1041
111542,993,1041
111543,993,1043
111544,998,1048
111545,1001,1047
111546,1002,1044
111547,1000,1042
111548,997,1044
111549,997,1048
111550,996,1053
111551,1000,1053
111552,999,1051
111553,997,1048
111554,998,1050
111555,997,1053
111556,1000,1054
111557,1001,1055
111558,997,1052
111559,994,1051
111560,994,1049
111561,998,1052
111562,998,1053
111563,1000,1053
111564,998,1051
111565,998,1048
111566,996,1044
111567,997,1048
111568,1000,1048
111569,1003,1050
111570,1002,1048
111571,999,1046
111572,998,1048
111573,995,1049
111574,1000,1052
111575,1003,1051
111576,1002,1051
111577,1000,1046
111578,997,1047
111579,1000,1049
111580,999,1050
111581,1002,1050
111582,997,1048
111583,993,1046
111584,995,1045
111585,996,1047
111586,1000,1051
111587,1001,1049
111588,997,1049
111589,994,1046
111590,991,1044
111591,992,1049
111592,994,1050
111593,993,1049
111594,994,1047
111595,993,1043
111596,992,1044
111597,994,1046
111598,998,1050
111599,1000,1046
111600,997,1046
111601,998,1043
111602,997,1043
111603,998,1047
111604,1002,1050
111605,1003,1049
111606,1004,1047
111607,999,1041
111608,1000,1045
111609,1004,1047
111610,1008,1051
111611,1006,1048
111612,1006,1047
111613,1003,1043
111614,1002,1044
111615,1004,1045
111616,1008,1049
111617,1008,1045
111618,1004,1045
111619,1008,1041
111620,1008,1043
111621,1009,1044
111622,1010,1046
111623,1011,1045
111624,1016,1040
111625,1017,1038
111626,1026,1035
111627,1039,1035
111628,1054,1037
111629,1075,1032
111630,1098,1028
111631,1128,1018
111632,1162,1010
111633,1199,1003
111634,1238,1002
111635,1272,1002
111636,1302,1007
111637,1321,1018
111638,1321,1035
111639,1303,1049
111640,1263,1056
111641,1204,1061
111642,1142,1064
111643,1075,1071
111644,1017,1077
111645,978,1079
111646,965,1082
111647,971,1078
111648,982,1072
111649,991,1062
111650,995,1055
111651,998,1053
111652,996,1053
111653,996,1052
111654,994,1050
111655,991,1048
111656,993,1048
111657,993,1050
111658,992,1054
111659,993,1049
111660,991,1047
111661,989,1046
111662,986,1045
111663,985,1049
111664,988,1052
111665,990,1048
111666,988,1047
111667,984,1043
111668,981,1045
111669,984,1045
111670,989,1049
111671,989,1047
111672,989,1043
111673,983,1038
111674,981,1039
111675,982,1042
111676,984,1045
111677,988,1043
111678,985,1039
111679,982,1040
111680,980,1037
111681,981,1037
111682,982,1039
111683,984,1038
111684,983,1034
111685,979,1030
111686,977,1030
111687,979,1039
111688,985,1041
111689,988,1039
111690,985,1039
111691,984,1038
111692,985,1037
111693,988,1041
111694,988,1042
111695,992,1042
111696,990,1039
111697,989,1037
111698,987,1037
111699,992,1039
111700,995,1041
111701,1000,1040
111702,1001,1037
111703,998,1034
111704,998,1034
111705,999,1035
111706,1004,1034
111707,1010,1031
111708,1012,1030
111709,1010,1028
111710,1009,1029
111711,1011,1028
111712,1013,1029
111713,1019,1026
111714,1018,1022
111715,1020,1017
111716,1021,1018
111717,1023,1020
111718,1027,1017
111719,1029,1016
111720,1027,1012
111721,1024,1007
111722,1024,1011
111723,1025,1010
111724,1028,1012
111725,1031,1011
111726,1030,1008
111727,1028,1006
111728,1027,1006
111729,1031,1009
111730,1033,1007
111731,1037,1008
111732,1035,1007
111733,1033,1007
111734,1029,1007
111735,1030,1012
111736,1035,1014
111737,1037,1015
111738,1036,1014
111739,1033,1013
111740,1032,1018
111741,1032,1023
111742,1034,1027
111743,1033,1028
111744,1034,1028
111745,1032,1029
111746,1027,1030
111747,1026,1035
111748,1025,1041
111749,1025,1040
111750,1023,1040
111751,1017,1039
111752,1016,1041
111753,1015,1044
111754,1013,1049
111755,1016,1050
111756,1013,1049
111757,1010,1046
111758,1008,1046
111759,1008,1050
111760,1010,1052
111761,1005,1051
111762,1000,1050
111763,998,1046
111764,999,1049
111765,1001,1049
111766,1000,1055
111767,1001,1052
111768,999,1049
111769,997,1045
111770,993,1046
111771,994,1049
111772,995,1052
111773,997,1049
111774,997,1046
111775,996,1042
111776,995,1045
111777,999,1046
111778,1005,1049
111779,1007,1047
111780,1006,1044
111781,1003,1040
111782,1003,1043
111783,1008,1045
111784,1015,1047
111785,1022,1048
111786,1029,1047
111787,1027,1045
111788,1031,1047
111789,1038,1054
111790,1044,1059
111791,1055,1056
111792,1063,1052
111793,1071,1043
111794,1084,1035
111795,1100,1024
111796,1113,1013
111797,1131,999
111798,1146,981
111799,1158,972
111800,1173,956
111801,1189,948
111802,1209,936
111803,1230,917
111804,1246,899
111805,1261,884
111806,1274,872
111807,1290,867
111808,1298,862
111809,1294,860
111810,1289,857
111811,1283,858
111812,1276,861
111813,1266,865
111814,1261,869
111815,1247,868
111816,1229,870
111817,1204,871
111818,1177,875
111819,1153,888
111820,1131,898
111821,1107,907
111822,1083,915
111823,1065,925
111824,1055,935
111825,1047,946
111826,1048,960
111827,1046,971
111828,1043,978
111829,1039,985
111830,1043,994
111831,1055,1004
111832,1071,1012
111833,1088,1021
111834,1103,1019
111835,1104,1018
111836,1092,1022
111837,1071,1031
111838,1036,1039
111839,1002,1044
111840,975,1052
111841,960,1062
111842,954,1071
111843,952,1082
111844,953,1089
111845,950,1091
111846,940,1090
111847,935,1089
111848,932,1093
111849,931,1093
111850,931,1099
111851,930,1099
111852,926,1099
111853,918,1097
111854,914,1098
111855,913,1099
111856,913,1101
111857,914,1102
111858,911,1101
111859,908,1100
111860,908,1100
111861,912,1103
111862,913,1105
111863,911,1103
111864,905,1105
111865,900,1103
111866,899,1108
111867,903,1111
111868,904,1113
111869,906,1113
111870,903,1114
111871,896,1112
111872,897,1114
111873,900,1118
111874,901,1122
111875,899,1121
111876,895,1122
111877,892,1121
111878,893,1123
111879,895,1128
111880,896,1135
111881,899,1135
111882,897,1137
111883,894,1136
111884,895,1139
111885,896,1144
111886,896,1150
111887,894,1150
111888,896,1149
111889,895,1146
111890,896,1149
111891,903,1156
111892,905,1157
111893,908,1157
111894,907,1153
111895,904,1154
111896,908,1156
111897,912,1158
111898,916,1160
111899,919,1156
111900,919,1156
111901,919,1150
111902,918,1149
111903,924,1150
111904,929,1150
111905,933,1146
111906,939,1137
111907,938,1132
111908,941,1130
111909,946,1129
111910,953,1128
111911,958,1121
111912,957,1116
111913,959,1109
111914,957,1108
111915,965,1107
111916,969,1105
111917,975,1101
111918,975,1097
111919,972,1089
111920,971,1090
111921,976,1088
111922,984,1088
111923,987,1083
111924,990,1078
111925,987,1073
111926,982,1074
111927,982,1073
111928,983,1072
111929,988,1071
111930,988,1067
111931,987,1063
111932,984,1063
111933,986,1062
111934,990,1064
111935,990,1064
111936,989,1063
111937,988,1059
111938,988,1057
111939,988,1059
111940,987,1059
111941,988,1059
111942,987,1055
111943,984,1051
111944,982,1052
111945,985,1053
111946,987,1057
111947,988,1057
111948,983,1055
111949,979,1052
111950,978,1053
111951,980,1056
111952,982,1057
111953,983,1057
111954,986,1055
111955,983,1051
111956,984,1051
111957,986,1051
111958,989,1051
111959,989,1052
111960,984,1049
111961,982,1051
111962,979,1049
111963,981,1052
111964,987,1055
111965,989,1053
111966,985,1049
111967,982,1045
111968,982,1047
111969,984,1050
111970,989,1052
111971,994,1053
111972,994,1050
111973,991,1049
111974,991,1052
111975,992,1054
111976,998,1056
111977,997,1055
111978,998,1051
111979,996,1051
111980,995,1052
111981,992,1054
111982,994,1057
111983,997,1058
111984,996,1054
111985,994,1055
111986,989,1053
111987,990,1056
111988,990,1055
111989,995,1054
111990,994,1051
111991,987,1048
111992,984,1050
111993,986,1054
111994,988,1056
111995,991,1050
111996,989,1050
111997,986,1048
111998,985,1049
111999,987,1050
112000,990,1051
112001,990,1050
112002,992,1047
112003,988,1046
112004,987,1047
112005,987,1050
112006,990,1049
112007,993,1048
112008,991,1046
112009,989,1047
112010,986,1047
112011,987,1053
112012,992,1054
112013,991,1053
112014,988,1049
112015,985,1047
112016,982,1047
112017,987,1049
112018,992,1051
112019,991,1053
112020,991,1047
112021,986,1046
112022,984,1048
112023,986,1053
112024,988,1055
112025,987,1054
112026,986,1051
112027,984,1048
112028,982,1048
112029,984,1048
112030,986,1050
112031,989,1052
112032,989,1047
112033,988,1043
112034,984,1045
112035,983,1047
112036,985,1047
112037,986,1048
112038,985,1045
112039,984,1045
112040,982,1043
112041,982,1048
112042,984,1050
112043,985,1051
112044,985,1048
112045,983,1047
112046,984,1047
112047,985,1050
112048,989,1050
112049,992,1050
112050,990,1049
112051,989,1047
112052,987,1048
112053,988,1050
112054,992,1051
112055,994,1048
112056,989,1048
112057,986,1047
112058,985,1051
112059,986,1053
112060,989,1056
112061,991,1052
112062,988,1050
112063,985,1048
112064,985,1051
112065,985,1052
112066,990,1053
112067,989,1054
112068,989,1050
112069,987,1046
112070,984,1048
112071,986,1051
112072,989,1055
112073,990,1049
112074,985,1050
112075,980,1047
112076,982,1050
112077,986,1052
112078,991,1051
112079,989,1052
112080,989,1049
112081,986,1046
112082,983,1047
112083,986,1051
112084,989,1052
112085,991,1050
112086,990,1047
112087,987,1045
112088,984,1046
112089,986,1049
112090,989,1053
112091,989,1051
112092,986,1049
112093,987,1049
112094,987,1049
112095,987,1053
112096,991,1055
112097,990,1054
112098,990,1053
112099,988,1052
112100,986,1053
112101,990,1054
112102,988,1054
112103,989,1057
112104,983,1051
112105,983,1049
112106,982,1051
112107,983,1052
112108,989,1054
112109,989,1054
112110,986,1048
112111,983,1043
112112,984,1046
112113,988,1048
112114,989,1052
112115,986,1052
112116,984,1048
112117,984,1045
112118,984,1046
112119,986,1044
112120,986,1050
112121,989,1048
112122,988,1047
112123,986,1045
112124,984,1047
112125,985,1048
112126,989,1048
112127,991,1047
112128,991,1045
112129,990,1041
112130,988,1044
112131,988,1045
112132,992,1050
112133,992,1047
112134,992,1044
112135,988,1042
112136,986,1043
112137,988,1044
112138,990,1047
112139,990,1047
112140,990,1047
112141,988,1044
112142,987,1045
112143,989,1049
112144,992,1051
112145,992,1051
112146,991,1050
112147,991,1047
112148,991,1049
112149,992,1050
112150,993,1055
112151,995,1053
112152,992,1049
112153,991,1050
112154,989,1053
112155,995,1054
112156,997,1056
112157,997,1058
112158,995,1057
112159,990,1053
112160,992,1052
112161,994,1056
112162,994,1055
112163,995,1053
112164,994,1050
112165,991,1047
112166,994,1047
112167,995,1048
112168,997,1050
112169,998,1047
112170,998,1044
112171,999,1036
112172,1002,1038
112173,1010,1038
112174,1020,1037
112175,1034,1033
112176,1049,1031
112177,1069,1025
112178,1097,1023
112179,1136,1022
112180,1182,1015
112181,1222,1005
112182,1260,1000
112183,1292,1004
112184,1326,1010
112185,1343,1023
112186,1343,1041
112187,1312,1046
112188,1258,1046
112189,1199,1047
112190,1136,1057
112191,1069,1068
112192,1011,1078
112193,971,1076
112194,959,1077
112195,964,1071
112196,977,1066
112197,986,1062
112198,993,1056
112199,990,1051
112200,988,1046
112201,983,1043
112202,983,1043
112203,981,1047
112204,983,1051
112205,980,1049
112206,978,1049
112207,975,1047
112208,970,1049
112209,972,1050
112210,973,1053
112211,971,1054
112212,971,1050
112213,969,1047
112214,966,1048
112215,967,1050
112216,972,1049
112217,971,1046
112218,972,1042
112219,966,1041
112220,965,1043
112221,968,1043
112222,973,1046
112223,974,1042
112224,973,1040
112225,971,1038
112226,970,1041
112227,972,1042
112228,973,1043
112229,974,1043
112230,977,1043
112231,976,1041
112232,973,1044
112233,975,1044
112234,978,1044
112235,982,1043
112236,983,1042
112237,980,1038
112238,977,1043
112239,979,1043
112240,985,1049
112241,985,1046
112242,983,1044
112243,979,1041
112244,979,1042
112245,982,1045
112246,986,1047
112247,990,1046
112248,988,1044
112249,986,1042
112250,985,1043
112251,986,1045
112252,989,1048
112253,991,1046
112254,989,1045
112255,987,1042
112256,992,1043
112257,994,1043
112258,999,1043
112259,999,1041
112260,998,1035
112261,994,1035
112262,997,1034
112263,1002,1032
112264,1008,1035
112265,1010,1033
112266,1008,1029
112267,1006,1027
112268,1008,1024
112269,1010,1026
112270,1016,1027
112271,1017,1024
112272,1016,1021
112273,1017,1021
112274,1014,1019
112275,1020,1019
112276,1026,1023
112277,1031,1021
112278,1027,1017
112279,1028,1015
112280,1027,1016
112281,1029,1018
112282,1036,1015
112283,1038,1016
112284,1039,1013
112285,1038,1014
112286,1039,1011
112287,1040,1014
112288,1046,1016
112289,1047,1016
112290,1045,1014
112291,1044,1015
112292,1043,1016
112293,1044,1021
112294,1045,1025
112295,1045,1026
112296,1046,1026
112297,1042,1024
112298,1037,1028
112299,1035,1032
112300,1035,1034
112301,1035,1035
112302,1030,1035
112303,1026,1032
112304,1022,1036
112305,1017,1041
112306,1021,1040
112307,1022,1042
112308,1021,1039
112309,1018,1038
112310,1012,1038
112311,1008,1041
112312,1008,1044
112313,1006,1044
112314,1003,1042
112315,998,1039
112316,998,1043
112317,997,1047
112318,1000,1048
112319,1000,1047
112320,999,1046
112321,992,1044
112322,991,1045
112323,990,1047
112324,996,1050
112325,997,1050
112326,994,1046
112327,994,1045
112328,993,1044
112329,993,1048
112330,996,1051
112331,997,1048
112332,999,1045
112333,997,1042
112334,997,1044
112335,996,1047
112336,1004,1047
112337,1004,1046
112338,1000,1046
112339,997,1044
112340,997,1048
112341,997,1053
112342,1004,1054
112343,1005,1053
112344,1004,1050
112345,1002,1047
112346,1000,1050
112347,1003,1053
112348,1006,1058
112349,1009,1056
112350,1007,1050
112351,1005,1046
112352,1002,1048
112353,1001,1048
112354,1001,1052
112355,1004,1048
112356,1008,1047
112357,1004,1043
112358,1002,1043
112359,1002,1044
112360,1004,1047
112361,1005,1045
112362,1004,1041
112363,999,1039
112364,998,1041
112365,1000,1043
112366,1004,1045
112367,1003,1044
112368,999,1040
112369,996,1038
112370,993,1040
112371,997,1040
112372,1001,1043
112373,1002,1042
112374,1003,1038
112375,1003,1037
112376,1000,1036
112377,1000,1041
112378,1001,1041
112379,1001,1039
112380,1001,1037
112381,996,1034
112382,997,1036
112383,1001,1042
112384,1003,1043
112385,1005,1040
112386,1002,1040
112387,999,1039
112388,997,1039
112389,1000,1042
112390,1001,1044
112391,1001,1041
112392,1001,1040
112393,998,1040
112394,997,1041
112395,998,1040
112396,1000,1045
112397,999,1043
112398,997,1041
112399,995,1037
112400,993,1038
112401,997,1043
112402,1000,1046
112403,999,1048
112404,998,1044
112405,996,1042
112406,994,1043
112407,996,1043
112408,996,1045
112409,996,1044
112410,995,1042
112411,990,1042
112412,989,1045
112413,987,1045
112414,992,1045
112415,998,1043
112416,995,1041
112417,990,1040
112418,987,1041
112419,988,1044
112420,991,1046
112421,990,1044
112422,988,1039
112423,987,1039
112424,986,1043
112425,988,1045
112426,993,1047
112427,994,1047
112428,995,1045
112429,992,1044
112430,989,1046
112431,989,1049
112432,997,1055
112433,995,1052
112434,995,1050
112435,991,1050
112436,991,1048
112437,996,1051
112438,998,1053
112439,998,1053
112440,998,1046
112441,997,1045
112442,997,1047
112443,999,1048
112444,1003,1048
112445,1003,1050
112446,999,1047
112447,997,1042
112448,997,1037
112449,1005,1037
112450,1018,1034
112451,1029,1028
112452,1043,1026
112453,1061,1023
112454,1090,1023
112455,1133,1017
112456,1181,1008
112457,1232,997
112458,1278,992
112459,1316,998
112460,1341,1016
112461,1346,1034
112462,1323,1046
112463,1273,1047
112464,1204,1049
112465,1128,1056
112466,1047,1071
112467,979,1082
112468,947,1088
112469,948,1085
112470,962,1072
112471,974,1061
112472,979,1052
112473,987,1050
112474,990,1051
112475,990,1048
112476,986,1045
112477,984,1042
112478,981,1044
112479,981,1044
112480,982,1047
112481,983,1043
112482,981,1042
112483,978,1040
112484,977,1041
112485,978,1042
112486,980,1046
112487,980,1045
112488,979,1043
112489,976,1040
112490,975,1039
112491,977,1043
112492,977,1048
112493,978,1045
112494,973,1042
112495,972,1040
112496,969,1042
112497,970,1043
112498,975,1044
112499,976,1044
112500,975,1039
112501,974,1038
112502,973,1040
112503,972,1042
112504,974,1045
112505,973,1045
112506,969,1043
112507,967,1041
112508,969,1040
112509,975,1044
112510,979,1048
112511,978,1046
112512,976,1042
112513,973,1039
112514,972,1041
112515,976,1044
112516,979,1044
112517,982,1043
112518,982,1039
112519,980,1038
112520,978,1038
112521,983,1041
112522,989,1041
112523,991,1040
112524,990,1035
112525,991,1033
112526,993,1031
112527,997,1028
112528,1000,1029
112529,1003,1022
112530,1002,1014
112531,1001,1010
112532,1003,1010
112533,1009,1011
112534,1015,1012
112535,1018,1010
112536,1014,1005
112537,1011,1002
112538,1006,1002
112539,1010,1005
112540,1011,1008
112541,1013,1004
112542,1015,1003
112543,1014,1001
112544,1011,1002
112545,1014,1003
112546,1015,1006
112547,1021,1004
112548,1020,1003
112549,1019,1002
112550,1018,1004
112551,1020,1009
112552,1020,1009
112553,1021,1012
112554,1019,1010
112555,1014,1011
112556,1015,1013
112557,1019,1020
112558,1021,1025
112559,1016,1027
112560,1012,1025
112561,1007,1023
112562,1001,1026
112563,1004,1033
112564,1002,1036
112565,1002,1038
112566,997,1040
112567,996,1040
112568,990,1042
112569,992,1044
112570,990,1046
112571,987,1044
112572,986,1043
112573,984,1040
112574,979,1043
112575,979,1047
112576,981,1049
112577,981,1049
112578,978,1050
112579,972,1045
112580,968,1045
112581,970,1046
112582,975,1049
112583,979,1049
112584,976,1049
112585,972,1048
112586,971,1050
112587,974,1050
112588,981,1052
112589,986,1054
112590,985,1048
112591,982,1049
112592,985,1050
112593,992,1052
112594,1002,1054
112595,1008,1052
112596,1011,1052
112597,1010,1052
112598,1011,1052
112599,1020,1054
112600,1033,1054
112601,1049,1049
112602,1062,1033
112603,1071,1018
112604,1081,1008
112605,1099,997
112606,1120,985
112607,1137,970
112608,1153,955
112609,1164,942
112610,1178,926
112611,1199,915
112612,1223,903
112613,1243,887
112614,1256,875
112615,1268,862
112616,1272,856
112617,1270,856
112618,1267,860
112619,1264,861
112620,1258,858
112621,1248,858
112622,1234,861
112623,1214,866
112624,1191,870
112625,1165,873
112626,1137,881
112627,1106,888
112628,1079,901
112629,1055,917
112630,1043,928
112631,1039,943
112632,1032,952
112633,1028,961
112634,1023,971
112635,1020,982
112636,1025,992
112637,1034,999
112638,1047,1005
112639,1064,1008
112640,1077,1013
112641,1081,1019
112642,1066,1023
112643,1026,1028
112644,982,1033
112645,946,1041
112646,930,1055
112647,924,1067
112648,920,1077
112649,915,1085
112650,907,1081
112651,901,1082
112652,898,1087
112653,900,1090
112654,901,1091
112655,899,1090
112656,896,1092
112657,888,1091
112658,884,1092
112659,885,1096
112660,887,1099
112661,885,1100
112662,888,1097
112663,883,1097
112664,880,1098
112665,878,1100
112666,880,1104
112667,881,1106
112668,877,1104
112669,875,1102
112670,872,1103
112671,872,1106
112672,873,1110
112673,873,1110
112674,871,1111
112675,866,1111
112676,864,1114
112677,863,1117
112678,861,1121
112679,860,1124
112680,859,1124
112681,854,1128
112682,852,1129
112683,851,1133
112684,853,1137
112685,853,1137
112686,853,1138
112687,851,1140
112688,850,1142
112689,849,1147
112690,852,1149
112691,854,1150
112692,855,1151
112693,857,1152
112694,857,1154
112695,857,1159
112696,864,1161
112697,868,1160
112698,866,1159
112699,863,1156
112700,866,1158
112701,875,1158
112702,881,1156
112703,888,1149
112704,893,1139
112705,895,1132
112706,896,1130
112707,898,1130
112708,905,1128
112709,910,1125
112710,915,1114
112711,916,1107
112712,921,1106
112713,929,1106
112714,937,1098
112715,942,1096
112716,942,1087
112717,941,1081
112718,943,1078
112719,946,1080
112720,951,1075
112721,954,1072
112722,957,1067
112723,952,1060
112724,951,1060
112725,952,1062
112726,953,1059
112727,959,1058
112728,959,1057
112729,955,1055
112730,951,1053
112731,953,1055
112732,955,1059
112733,956,1055
112734,954,1051
112735,950,1047
112736,947,1049
112737,952,1050
112738,955,1055
112739,959,1053
112740,956,1050
112741,952,1050
112742,951,1051
112743,954,1053
112744,962,1055
112745,966,1054
112746,964,1050
112747,956,1052
112748,957,1050
112749,961,1049
112750,964,1050
112751,965,1048
112752,965,1044
112753,963,1040
112754,961,1043
112755,961,1048
112756,964,1050
112757,970,1045
112758,970,1041
112759,965,1039
112760,964,1039
112761,967,1041
112762,969,1039
112763,969,1037
112764,972,1035
112765,971,1032
112766,967,1033
112767,967,1036
112768,971,1037
112769,975,1036
112770,976,1036
112771,972,1035
112772,967,1037
112773,966,1038
112774,969,1036
112775,969,1034
112776,966,1035
112777,959,1035
112778,958,1039
112779,959,1040
112780,964,1042
112781,962,1040
112782,962,1034
112783,961,1037
112784,958,1041
112785,962,1039
112786,966,1041
112787,966,1040
112788,962,1038
112789,955,1037
112790,955,1038
112791,958,1037
112792,964,1038
112793,964,1036
112794,960,1035
112795,958,1033
112796,960,1035
112797,961,1035
112798,962,1036
112799,964,1036
112800,963,1033
112801,963,1031
112802,962,1030
112803,962,1036
112804,966,1036
112805,962,1033
112806,958,1034
112807,960,1031
112808,964,1031
112809,967,1034
112810,967,1035
112811,967,1035
112812,965,1032
112813,960,1033
112814,966,1033
112815,967,1035
112816,966,1036
112817,965,1035
112818,966,1036
112819,965,1034
112820,958,1034
112821,960,1039
112822,964,1040
112823,966,1037
112824,961,1034
112825,956,1034
112826,957,1036
112827,956,1037
112828,954,1042
112829,954,1041
112830,954,1037
112831,954,1032
112832,955,1032
112833,963,1034
112834,965,1035
112835,964,1033
112836,963,1032
112837,956,1028
112838,959,1034
112839,963,1033
112840,964,1037
112841,961,1034
112842,958,1031
112843,960,1028
112844,963,1030
112845,964,1033
112846,963,1036
112847,959,1034
112848,960,1030
112849,959,1027
112850,962,1030
112851,963,1033
112852,966,1035
112853,966,1031
112854,963,1029
112855,960,1028
112856,963,1031
112857,967,1033
112858,971,1037
112859,975,1035
112860,973,1033
112861,972,1032
112862,972,1032
112863,975,1031
112864,985,1033
112865,995,1028
112866,1008,1021
112867,1017,1019
112868,1037,1013
112869,1070,1012
112870,1115,1007
112871,1160,998
112872,1203,989
112873,1245,990
112874,1279,1008
112875,1298,1032
112876,1289,1045
112877,1254,1047
112878,1194,1046
112879,1123,1046
112880,1049,1055
112881,975,1071
112882,920,1082
112883,898,1091
112884,906,1088
112885,926,1076
112886,939,1063
112887,949,1052
112888,955,1047
112889,962,1042
112890,960,1034
112891,956,1030
112892,956,1029
112893,958,1030
112894,958,1033
112895,956,1031
112896,954,1026
112897,948,1026
112898,945,1025
112899,952,1029
112900,959,1030
112901,958,1030
112902,955,1025
112903,948,1024
112904,948,1026
112905,948,1029
112906,953,1033
112907,954,1032
112908,955,1028
112909,949,1025
112910,950,1027
112911,949,1030
112912,953,1031
112913,954,1027
112914,952,1026
112915,951,1022
112916,951,1024
112917,951,1027
112918,953,1023
112919,948,1023
112920,944,1018
112921,945,1018
112922,948,1020
112923,951,1022
112924,953,1023
112925,951,1023
112926,947,1019
112927,949,1015
112928,950,1015
112929,953,1018
112930,957,1018
112931,955,1018
112932,953,1011
112933,957,1011
112934,955,1011
112935,956,1012
112936,961,1011
112937,964,1012
112938,964,1009
112939,963,1005
112940,965,1009
112941,969,1010
112942,973,1012
112943,972,1006
112944,976,1003
112945,976,1003
112946,976,1004
112947,978,1003
112948,983,1003
112949,984,1000
112950,984,996
112951,982,994
112952,984,997
112953,988,994
112954,991,997
112955,994,996
112956,991,989
112957,989,986
112958,989,986
112959,990,985
112960,994,986
112961,999,984
112962,999,983
112963,996,980
112964,995,980
112965,1000,984
112966,1002,986
112967,1002,985
112968,1002,983
112969,999,983
112970,997,986
112971,998,990
112972,997,996
112973,996,997
112974,992,994
112975,989,995
112976,986,998
112977,988,1004
112978,993,1006
112979,994,1006
112980,991,1009
112981,982,1009
112982,980,1016
112983,982,1018
112984,985,1023
112985,980,1023
112986,977,1023
112987,975,1023
112988,975,1027
112989,976,1032
112990,976,1036
112991,975,1036
112992,970,1035
112993,967,1032
112994,963,1038
112995,968,1040
112996,967,1042
112997,966,1044
112998,963,1039
112999,959,1038
113000,963,1038
113001,964,1042
113002,966,1042
113003,964,1040
113004,961,1040
113005,962,1035
113006,961,1036
113007,962,1036
113008,966,1040
113009,968,1037
113010,968,1032
113011,967,1031
113012,968,1032
113013,973,1031
113014,977,1033
113015,980,1031
113016,976,1026
113017,974,1025
113018,970,1025
113019,972,1027
113020,973,1029
113021,977,1027
113022,975,1024
113023,971,1021
113024,972,1025
113025,972,1026
113026,978,1027
113027,978,1026
113028,976,1023
113029,976,1022
113030,973,1022
113031,975,1023
113032,977,1027
113033,980,1027
113034,980,1023
113035,975,1024
113036,975,1025
113037,978,1029
113038,983,1030
113039,984,1030
113040,980,1026
113041,978,1024
113042,974,1028
113043,976,1028
113044,976,1032
113045,979,1027
113046,975,1027
113047,973,1025
113048,969,1028
113049,971,1030
113050,972,1030
113051,973,1030
113052,973,1028
113053,975,1026
113054,973,1026
113055,973,1032
113056,974,1032
113057,974,1032
113058,973,1030
113059,971,1027
113060,971,1026
113061,975,1030
113062,976,1034
113063,975,1030
113064,974,1028
113065,971,1026
113066,968,1027
113067,972,1029
113068,974,1030
113069,974,1029
113070,970,1026
113071,966,1024
113072,967,1024
113073,967,1025
113074,970,1028
113075,972,1026
113076,970,1024
113077,970,1022
113078,968,1024
113079,967,1027
113080,968,1029
113081,967,1026
113082,965,1025
113083,963,1023
113084,964,1026
113085,965,1026
113086,964,1029
113087,964,1028
113088,965,1027
113089,961,1027
113090,963,1030
113091,962,1034
113092,967,1036
113093,967,1033
113094,969,1029
113095,969,1027
113096,972,1022
113097,977,1025
113098,985,1024
113099,998,1020
113100,1009,1016
113101,1027,1012
113102,1054,1012
113103,1092,1011
113104,1137,1008
113105,1184,999
113106,1233,993
113107,1271,997
113108,1309,1005
113109,1335,1020
113110,1338,1034
113111,1308,1036
113112,1257,1034
113113,1195,1039
113114,1125,1045
113115,1054,1056
113116,984,1069
113117,936,1072
113118,917,1070
113119,922,1064
113120,937,1058
113121,950,1050
113122,958,1043
113123,960,1038
113124,957,1032
113125,951,1028
113126,947,1028
113127,947,1028
113128,949,1029
113129,948,1027
113130,944,1025
113131,939,1024
113132,939,1026
113133,940,1029
113134,944,1028
113135,941,1029
113136,938,1026
113137,939,1024
113138,936,1026
113139,939,1029
113140,941,1030
113141,944,1030
113142,939,1029
113143,936,1028
113144,936,1029
113145,936,1029
113146,942,1031
113147,939,1029
113148,938,1022
113149,937,1022
113150,937,1020
113151,942,1023
113152,944,1026
113153,945,1023
113154,945,1023
113155,943,1019
113156,942,1021
113157,946,1023
113158,945,1024
113159,948,1023
113160,951,1020
113161,951,1019
113162,950,1021
113163,951,1020
113164,955,1021
113165,954,1020
113166,950,1019
113167,947,1017
113168,950,1019
113169,956,1019
113170,963,1018
113171,963,1015
113172,962,1013
113173,958,1009
113174,959,1012
113175,960,1013
113176,964,1012
113177,967,1010
113178,967,1007
113179,967,1002
113180,968,1005
113181,970,1007
113182,974,1006
113183,974,1004
113184,972,999
113185,973,1001
113186,974,999
113187,980,1002
113188,982,1000
113189,981,1001
113190,981,997
113191,982,992
113192,986,993
113193,990,996
113194,993,998
113195,993,998
113196,990,991
113197,989,987
113198,993,988
113199,996,989
113200,999,992
113201,1001,991
113202,996,990
113203,996,987
113204,992,990
113205,996,996
113206,1000,997
113207,998,998
113208,993,996
113209,989,996
113210,988,1000
113211,988,1006
113212,990,1010
113213,986,1009
113214,983,1008
113215,979,1008
113216,977,1011
113217,978,1016
113218,977,1021
113219,974,1022
113220,966,1021
113221,960,1018
113222,960,1022
113223,960,1026
113224,960,1028
113225,958,1027
113226,958,1027
113227,954,1027
113228,953,1028
113229,953,1034
113230,951,1036
113231,950,1033
113232,948,1032
113233,948,1030
113234,947,1033
113235,954,1039
113236,954,1041
113237,950,1042
113238,951,1038
113239,947,1033
113240,950,1035
113241,954,1033
113242,956,1035
113243,956,1036
113244,956,1031
113245,954,1031
113246,954,1032
113247,956,1033
113248,958,1034
113249,961,1032
113250,959,1030
113251,956,1030
113252,954,1031
113253,958,1034
113254,961,1034
113255,963,1032
113256,963,1027
113257,959,1026
113258,960,1027
113259,966,1032
113260,967,1033
113261,968,1034
113262,965,1029
113263,964,1029
113264,961,1030
113265,966,1031
113266,968,1036
113267,969,1033
113268,966,1029
113269,965,1030
113270,964,1030
113271,965,1031
113272,965,1032
113273,966,1030
113274,966,1027
113275,963,1026
113276,963,1027
113277,963,1030
113278,967,1032
113279,966,1029
113280,966,1027
113281,962,1023
113282,961,1026
113283,960,1028
113284,961,1028
113285,962,1027
113286,958,1023
113287,956,1023
113288,958,1022
113289,961,1026
113290,964,1028
113291,961,1026
113292,962,1024
113293,958,1024
113294,957,1023
113295,959,1028
113296,960,1032
113297,959,1031
113298,956,1029
113299,956,1028
113300,957,1029
113301,960,1032
113302,962,1034
113303,959,1033
113304,958,1030
113305,955,1028
113306,959,1030
113307,961,1032
113308,964,1035
113309,963,1031
113310,961,1028
113311,958,1029
113312,959,1030
113313,961,1033
113314,962,1032
113315,962,1032
113316,959,1030
113317,957,1030
113318,956,1030
113319,956,1034
113320,959,1037
113321,958,1034
113322,957,1033
113323,955,1028
113324,953,1029
113325,958,1029
113326,961,1027
113327,964,1028
113328,960,1024
113329,957,1023
113330,957,1025
113331,962,1026
113332,965,1028
113333,967,1026
113334,961,1025
113335,955,1023
113336,957,1024
113337,957,1029
113338,963,1028
113339,960,1030
113340,960,1028
113341,960,1027
113342,958,1030
113343,959,1032
113344,962,1035
113345,960,1034
113346,958,1029
113347,960,1029
113348,959,1032
113349,962,1032
113350,963,1036
113351,961,1035
113352,960,1032
113353,957,1033
113354,957,1034
113355,962,1037
113356,966,1040
113357,966,1037
113358,964,1035
113359,961,1033
113360,961,1032
113361,965,1036
113362,970,1035
113363,974,1032
113364,974,1025
113365,979,1022
113366,987,1021
113367,1008,1022
113368,1031,1021
113369,1056,1018
113370,1086,1011
113371,1120,1001
113372,1159,997
113373,1203,993
113374,1245,995
113375,1281,998
113376,1306,1009
113377,1320,1022
113378,1304,1032
113379,1267,1039
113380,1215,1043
113381,1154,1046
113382,1088,1049
113383,1021,1056
113384,967,1061
113385,933,1063
113386,927,1062
113387,937,1058
113388,947,1048
113389,953,1039
113390,956,1038
113391,953,1036
113392,953,1036
113393,953,1034
113394,950,1033
113395,946,1033
113396,946,1032
113397,949,1036
113398,953,1036
113399,952,1037
113400,950,1037
113401,944,1035
113402,944,1038
113403,944,1040
113404,947,1041
113405,946,1039
113406,943,1036
113407,942,1034
113408,942,1038
113409,943,1037
113410,946,1039
113411,945,1038
113412,944,1033
113413,939,1034
113414,939,1034
113415,943,1033
113416,947,1038
113417,946,1037
113418,941,1033
113419,939,1029
113420,939,1030
113421,938,1034
113422,942,1035
113423,943,1035
113424,943,1031
113425,943,1030
113426,941,1031
113427,945,1036
113428,944,1031
113429,945,1030
113430,944,1026
113431,942,1023
113432,942,1026
113433,947,1030
113434,948,1029
113435,948,1027
113436,948,1025
113437,949,1022
113438,949,1022
113439,954,1025
113440,959,1024
113441,959,1024
113442,958,1023
113443,954,1018
113444,953,1022
113445,959,1024
113446,962,1025
113447,962,1023
113448,960,1022
113449,960,1020
113450,959,1023
113451,967,1024
113452,972,1025
113453,972,1021
113454,972,1018
113455,972,1017
113456,975,1015
113457,979,1015
113458,984,1015
113459,984,1011
113460,983,1007
113461,983,1005
113462,986,1007
113463,991,1007
113464,994,1005
113465,995,1004
113466,992,1001
113467,991,999
113468,990,999
113469,996,1003
113470,999,1005
113471,1001,1002
113472,1000,998
113473,999,994
113474,998,995
113475,999,1000
113476,1004,1002
113477,1005,999
113478,1003,995
113479,999,995
113480,998,994
113481,1000,999
113482,1006,999
113483,1005,999
113484,1002,996
113485,994,997
113486,990,1000
113487,994,1004
113488,993,1007
113489,995,1005
113490,992,1002
113491,988,1003
113492,986,1007
113493,984,1012
113494,991,1015
113495,989,1016
113496,983,1017
113497,978,1015
113498,974,1019
113499,973,1024
113500,976,1029
113501,971,1028
113502,972,1027
113503,966,1026
113504,970,1029
113505,971,1031
113506,970,1034
113507,969,1033
113508,967,1031
113509,966,1030
113510,965,1032
113511,968,1037
113512,973,1039
113513,971,1038
113514,968,1034
113515,963,1035
113516,964,1037
113517,966,1039
113518,964,1039
113519,963,1039
113520,959,1036
113521,962,1035
113522,962,1036
113523,964,1037
113524,965,1041
113525,966,1039
113526,963,1037
113527,960,1034
113528,959,1038
113529,963,1039
113530,968,1041
113531,971,1039
113532,970,1037
113533,968,1033
113534,972,1033
113535,978,1038
113536,985,1041
113537,989,1039
113538,994,1039
113539,995,1037
113540,1001,1038
113541,1007,1043
113542,1022,1039
113543,1035,1032
113544,1048,1018
113545,1061,1005
113546,1073,991
113547,1088,984
113548,1107,972
113549,1120,962
113550,1135,949
113551,1149,933
113552,1167,922
113553,1188,904
113554,1210,887
113555,1230,871
113556,1243,859
113557,1249,849
113558,1252,845
113559,1251,848
113560,1248,852
113561,1244,851
113562,1239,848
113563,1231,848
113564,1222,848
113565,1216,852
113566,1199,853
113567,1177,854
113568,1152,858
113569,1128,862
113570,1103,870
113571,1078,882
113572,1055,894
113573,1032,906
113574,1015,915
113575,1003,927
113576,997,939
113577,995,950
113578,994,960
113579,990,963
113580,992,969
113581,1002,975
113582,1020,985
113583,1047,994
113584,1071,998
113585,1075,998
113586,1060,1001
113587,1028,1004
113588,990,1013
113589,958,1023
113590,936,1034
113591,924,1039
113592,916,1046
113593,909,1051
113594,904,1057
113595,901,1063
113596,902,1067
113597,899,1068
113598,894,1069
113599,887,1069
113600,885,1074
113601,884,1078
113602,886,1080
113603,882,1081
113604,879,1082
113605,874,1081
113606,874,1083
113607,874,1085
113608,875,1090
113609,875,1089
113610,870,1089
113611,865,1089
113612,864,1092
113613,868,1094
113614,869,1096
113615,868,1098
113616,864,1097
113617,861,1097
113618,859,1101
113619,860,1105
113620,864,1108
113621,863,1109
113622,859,1108
113623,856,1110
113624,858,1115
113625,859,1119
113626,862,1123
113627,860,1126
113628,858,1125
113629,854,1126
113630,855,1131
113631,857,1135
113632,860,1137
113633,863,1137
113634,859,1134
113635,858,1133
113636,859,1136
113637,864,1142
113638,866,1144
113639,869,1143
113640,872,1141
113641,871,1142
113642,871,1145
113643,874,1147
113644,879,1148
113645,882,1148
113646,883,1145
113647,880,1145
113648,888,1147
113649,892,1147
113650,897,1145
113651,904,1142
113652,906,1138
113653,905,1134
113654,911,1133
113655,917,1130
113656,924,1130
113657,927,1125
113658,927,1117
113659,930,1112
113660,936,1111
113661,942,1110
113662,946,1107
113663,945,1102
113664,944,1094
113665,943,1088
113666,944,1087
113667,948,1083
113668,949,1082
113669,951,1078
113670,950,1070
113671,948,1064
113672,946,1062
113673,952,1060
113674,953,1060
113675,954,1057
113676,950,1051
113677,945,1047
113678,944,1048
113679,948,1048
113680,949,1049
113681,949,1045
113682,946,1043
113683,944,1037
113684,943,1041
113685,945,1039
113686,949,1039
113687,946,1038
113688,946,1034
113689,944,1032
113690,946,1035
113691,951,1038
113692,953,1038
113693,952,1036
113694,950,1032
113695,946,1031
113696,948,1032
113697,949,1036
113698,950,1039
113699,952,1038
113700,949,1034
113701,949,1033
113702,949,1035
113703,952,1038
113704,955,1041
113705,954,1037
113706,955,1035
113707,954,1033
113708,952,1034
113709,955,1038
113710,957,1037
113711,961,1038
113712,962,1035
113713,958,1032
113714,957,1035
113715,959,1034
113716,965,1039
113717,965,1035
113718,961,1035
113719,958,1031
113720,957,1033
113721,960,1036
113722,964,1036
113723,963,1035
113724,963,1032
113725,959,1031
113726,957,1032
113727,962,1035
113728,961,1035
113729,962,1031
113730,960,1032
113731,959,1028
113732,959,1030
113733,963,1032
113734,968,1033
113735,967,1031
113736,964,1032
113737,958,1026
113738,956,1028
113739,956,1029
113740,960,1030
113741,961,1031
113742,959,1028
113743,956,1026
113744,956,1028
113745,960,1028
113746,962,1029
113747,961,1031
113748,955,1025
113749,956,1026
113750,953,1029
113751,960,1029
113752,959,1030
113753,959,1030
113754,958,1025
113755,956,1023
113756,955,1025
113757,959,1029
113758,959,1031
113759,961,1028
113760,958,1027
113761,956,1029
113762,955,1029
113763,956,1031
113764,959,1032
113765,958,1029
113766,957,1026
113767,955,1026
113768,957,1030
113769,960,1030
113770,966,1031
113771,964,1029
113772,961,1028
113773,961,1026
113774,961,1031
113775,964,1034
113776,966,1031
113777,966,1034
113778,963,1029
113779,960,1027
113780,960,1030
113781,964,1034
113782,967,1034
113783,970,1033
113784,967,1031
113785,963,1031
113786,962,1029
113787,964,1033
113788,965,1036
113789,965,1034
113790,963,1034
113791,959,1032
113792,959,1032
113793,961,1036
113794,962,1036
113795,963,1037
113796,961,1035
113797,958,1031
113798,959,1032
113799,961,1034
113800,964,1034
113801,966,1029
113802,962,1028
113803,960,1026
113804,960,1027
113805,962,1029
113806,966,1028
113807,967,1027
113808,966,1026
113809,962,1024
113810,958,1025
113811,957,1026
113812,957,1028
113813,961,1025
113814,959,1024
113815,957,1023
113816,960,1027
113817,961,1030
113818,966,1028
113819,964,1028
113820,959,1025
113821,957,1025
113822,960,1028
113823,962,1029
113824,965,1031
113825,968,1031
113826,962,1030
113827,962,1025
113828,965,1029
113829,968,1031
113830,970,1031
113831,970,1032
113832,968,1027
113833,972,1029
113834,972,1030
113835,973,1033
113836,977,1033
113837,975,1031
113838,975,1029
113839,973,1029
113840,978,1027
113841,986,1028
113842,1000,1027
113843,1014,1027
113844,1030,1023
113845,1048,1018
113846,1078,1017
113847,1118,1009
113848,1159,1004
113849,1196,994
113850,1229,991
113851,1258,998
113852,1282,1009
113853,1300,1025
113854,1303,1039
113855,1279,1043
113856,1234,1043
113857,1174,1044
113858,1108,1052
113859,1046,1060
113860,988,1068
113861,943,1066
113862,929,1068
113863,927,1059
113864,935,1053
113865,949,1048
113866,958,1041
113867,961,1037
113868,958,1030
113869,956,1028
113870,953,1029
113871,957,1033
113872,958,1032
113873,954,1030
113874,952,1026
113875,948,1028
113876,947,1031
113877,949,1032
113878,954,1032
113879,953,1032
113880,947,1028
113881,944,1030
113882,947,1030
113883,952,1031
113884,953,1033
113885,955,1032
113886,950,1029
113887,947,1028
113888,946,1031
113889,952,1036
113890,955,1037
113891,954,1038
113892,949,1035
113893,944,1032
113894,941,1031
113895,943,1036
113896,949,1036
113897,952,1034
113898,950,1029
113899,943,1028
113900,940,1029
113901,944,1031
113902,947,1032
113903,950,1031
113904,947,1028
113905,946,1027
113906,948,1027
113907,948,1030
113908,954,1031
113909,950,1030
113910,951,1028
113911,951,1025
113912,950,1027
113913,958,1034
113914,957,1029
113915,960,1027
113916,960,1023
113917,959,1023
113918,958,1025
113919,956,1028
113920,962,1027
113921,962,1024
113922,966,1020
113923,963,1020
113924,963,1018
113925,962,1021
113926,967,1023
113927,968,1019
113928,967,1014
113929,968,1014
113930,970,1014
113931,972,1015
113932,974,1014
113933,979,1010
113934,977,1008
113935,976,1007
113936,978,1008
113937,979,1010
113938,982,1009
113939,983,1007
113940,984,1004
113941,983,1001
113942,985,1000
113943,987,1004
113944,989,1005
113945,990,1002
113946,990,998
113947,988,995
113948,990,996
113949,994,998
113950,1000,999
113951,1002,998
113952,1003,994
113953,999,990
113954,1001,991
113955,1000,995
113956,1007,1000
113957,1012,998
113958,1013,996
113959,1010,995
113960,1009,997
113961,1010,1003
113962,1014,1006
113963,1012,1010
113964,1009,1007
113965,1006,1010
113966,1006,1013
113967,1009,1018
113968,1008,1021
113969,1004,1022
113970,999,1021
113971,996,1020
113972,996,1023
113973,993,1028
113974,996,1030
113975,994,1030
113976,995,1029
113977,992,1029
113978,989,1035
113979,988,1037
113980,986,1036
113981,984,1036
113982,981,1035
113983,978,1034
113984,974,1035
113985,974,1039
113986,977,1039
113987,970,1039
113988,969,1035
113989,967,1034
113990,968,1035
113991,970,1039
113992,973,1039
113993,969,1036
113994,966,1035
113995,966,1036
113996,966,1037
113997,970,1037
113998,976,1040
113999,973,1036
114000,973,1035
114001,972,1035
114002,971,1034
114003,970,1041
114004,972,1038
114005,973,1038
114006,974,1035
114007,971,1034
114008,972,1035
114009,974,1038
114010,979,1038
114011,978,1040
114012,974,1036
114013,974,1035
114014,975,1037
114015,976,1041
114016,981,1041
114017,980,1038
114018,980,1038
114019,974,1037
114020,974,1040
114021,980,1042
114022,985,1042
114023,985,1041
114024,983,1036
114025,980,1036
114026,979,1040
114027,984,1041
114028,985,1040
114029,983,1040
114030,979,1037
114031,980,1036
114032,977,1037
114033,980,1040
114034,981,1042
114035,980,1040
114036,973,1036
114037,971,1036
114038,973,1038
114039,979,1040
114040,981,1042
114041,980,1040
114042,975,1036
114043,974,1035
114044,977,1036
114045,982,1039
114046,982,1038
114047,981,1037
114048,979,1036
114049,976,1033
114050,976,1036
114051,976,1039
114052,978,1042
114053,977,1040
114054,977,1035
114055,972,1032
114056,969,1037
114057,972,1042
114058,975,1044
114059,976,1042
114060,972,1040
114061,968,1038
114062,967,1041
114063,973,1041
114064,975,1043
114065,974,1043
114066,975,1037
114067,973,1037
114068,972,1037
114069,976,1042
114070,979,1042
114071,978,1041
114072,977,1039
114073,976,1039
114074,976,1042
114075,981,1043
114076,983,1044
114077,982,1043
114078,982,1038
114079,983,1037
114080,986,1037
114081,989,1034
114082,997,1031
114083,1010,1031
114084,1017,1025
114085,1033,1022
114086,1056,1022
114087,1091,1021
114088,1132,1015
114089,1177,1008
114090,1222,1002
114091,1258,1004
114092,1296,1014
114093,1315,1031
114094,1314,1045
114095,1277,1048
114096,1221,1045
114097,1152,1048
114098,1086,1056
114099,1020,1068
114100,966,1078
114101,930,1082
114102,921,1080
114103,930,1073
114104,943,1066
114105,955,1057
114106,963,1053
114107,964,1047
114108,961,1043
114109,957,1039
114110,958,1039
114111,958,1041
114112,963,1041
114113,963,1039
114114,959,1037
114115,952,1038
114116,948,1038
114117,952,1042
114118,953,1044
114119,955,1043
114120,952,1041
114121,948,1040
114122,947,1044
114123,950,1046
114124,954,1047
114125,954,1045
114126,953,1042
114127,950,1044
114128,949,1044
114129,951,1046
114130,954,1045
114131,954,1042
114132,952,1040
114133,948,1040
114134,949,1039
114135,952,1043
114136,955,1044
114137,955,1044
114138,957,1039
114139,955,1041
114140,955,1041
114141,956,1043
114142,958,1044
114143,960,1041
114144,959,1037
114145,958,1037
114146,955,1041
114147,958,1043
114148,960,1044
114149,961,1041
114150,960,1035
114151,958,1034
114152,959,1036
114153,959,1036
114154,966,1036
114155,967,1035
114156,966,1032
114157,963,1028
114158,962,1030
114159,964,1032
114160,967,1033
114161,967,1030
114162,968,1028
114163,968,1023
114164,968,1026
114165,973,1026
114166,976,1026
114167,978,1023
114168,978,1020
114169,976,1017
114170,977,1017
114171,979,1016
114172,985,1016
114173,986,1013
114174,982,1008
114175,982,1008
114176,982,1008
114177,987,1011
114178,989,1011
114179,986,1007
114180,985,1003
114181,986,1005
114182,990,1005
114183,993,1006
114184,996,1008
114185,992,1006
114186,990,1000
114187,990,1002
114188,991,1003
114189,993,1006
114190,998,1008
114191,998,1005
114192,997,1004
114193,991,1005
114194,992,1010
114195,996,1014
114196,1000,1016
114197,999,1017
114198,995,1016
114199,993,1016
114200,991,1021
114201,994,1024
114202,995,1026
114203,992,1028
114204,987,1029
114205,984,1030
114206,984,1037
114207,985,1040
114208,986,1042
114209,984,1043
114210,981,1042
114211,978,1043
114212,979,1046
114213,980,1051
114214,980,1052
114215,976,1052
114216,974,1053
114217,973,1050
114218,972,1053
114219,971,1056
114220,972,1059
114221,970,1059
114222,967,1057
114223,963,1057
114224,964,1059
114225,967,1060
114226,973,1063
114227,970,1062
114228,968,1059
114229,969,1057
114230,970,1058
114231,972,1060
114232,975,1060
114233,976,1059
114234,972,1053
114235,970,1052
114236,970,1055
114237,974,1057
114238,977,1057
114239,977,1055
114240,975,1051
114241,970,1050
114242,972,1050
114243,975,1053
114244,979,1053
114245,979,1050
114246,979,1048
114247,981,1044
114248,980,1048
114249,981,1047
114250,983,1052
114251,983,1047
114252,978,1044
114253,978,1042
114254,979,1045
114255,983,1047
114256,985,1047
114257,985,1044
114258,984,1042
114259,978,1038
114260,978,1042
114261,982,1045
114262,986,1046
114263,984,1044
114264,979,1041
114265,979,1042
114266,980,1043
114267,980,1046
114268,981,1047
114269,981,1046
114270,980,1041
114271,978,1043
114272,976,1043
114273,980,1046
114274,982,1048
114275,984,1047
114276,980,1046
114277,976,1042
114278,977,1045
114279,980,1051
114280,981,1051
114281,982,1048
114282,983,1045
114283,981,1047
114284,977,1049
114285,977,1052
114286,984,1052
114287,983,1049
114288,981,1048
114289,983,1045
114290,980,1046
114291,980,1046
114292,984,1049
114293,985,1050
114294,984,1045
114295,981,1047
114296,982,1046
114297,985,1049
114298,985,1051
114299,985,1049
114300,981,1048
114301,979,1046
114302,979,1048
114303,982,1051
114304,984,1051
114305,982,1052
114306,980,1049
114307,978,1047
114308,977,1048
114309,978,1053
114310,982,1054
114311,985,1049
114312,982,1049
114313,979,1047
114314,978,1049
114315,981,1051
114316,984,1050
114317,983,1050
114318,982,1048
114319,980,1046
114320,981,1048
114321,986,1053
114322,990,1054
114323,991,1052
114324,988,1050
114325,985,1048
114326,986,1047
114327,990,1049
114328,994,1049
114329,1001,1045
114330,1005,1039
114331,1016,1038
114332,1031,1036
114333,1055,1039
114334,1086,1037
114335,1120,1030
114336,1157,1022
114337,1196,1014
114338,1237,1013
114339,1279,1015
114340,1316,1021
114341,1344,1032
114342,1346,1040
114343,1321,1047
114344,1273,1050
114345,1215,1058
114346,1148,1068
114347,1079,1073
114348,1010,1073
114349,966,1078
114350,948,1078
114351,954,1075
114352,969,1066
114353,980,1058
114354,982,1049
114355,980,1045
114356,977,1044
114357,978,1045
114358,978,1045
114359,976,1043
114360,972,1041
114361,970,1039
114362,964,1041
114363,965,1044
114364,967,1045
114365,968,1043
114366,963,1041
114367,963,1041
114368,959,1043
114369,964,1046
114370,967,1050
114371,966,1049
114372,964,1046
114373,963,1045
114374,962,1046
114375,965,1048
114376,969,1048
114377,969,1044
114378,966,1043
114379,963,1045
114380,962,1047
114381,962,1050
114382,968,1049
114383,968,1050
114384,966,1050
114385,964,1048
114386,964,1052
114387,966,1054
114388,972,1053
114389,973,1050
114390,969,1049
114391,966,1048
114392,970,1049
114393,974,1051
114394,977,1050
114395,973,1048
114396,975,1046
114397,974,1044
114398,975,1046
114399,978,1049
114400,984,1048
114401,982,1045
114402,979,1040
114403,975,1039
114404,978,1041
114405,982,1040
114406,986,1041
114407,987,1039
114408,986,1032
114409,983,1031
114410,986,1030
114411,988,1030
114412,993,1030
114413,991,1030
114414,993,1024
114415,994,1023
114416,994,1021
114417,1000,1022
114418,1002,1023
114419,1007,1020
114420,1005,1015
114421,1005,1014
114422,1006,1015
114423,1009,1020
114424,1014,1016
114425,1014,1015
114426,1010,1012
114427,1009,1011
114428,1009,1012
114429,1009,1014
114430,1014,1015
114431,1017,1012
114432,1017,1011
114433,1015,1012
114434,1015,1014
114435,1020,1017
114436,1023,1020
114437,1022,1019
114438,1018,1020
114439,1014,1020
114440,1017,1023
114441,1018,1029
114442,1019,1029
114443,1018,1029
114444,1015,1028
114445,1011,1031
114446,1009,1036
114447,1010,1040
114448,1013,1044
114449,1007,1044
114450,1005,1042
114451,997,1039
114452,997,1045
114453,998,1049
114454,998,1051
114455,998,1050
114456,990,1046
114457,984,1047
114458,983,1048
114459,986,1050
114460,992,1052
114461,990,1051
114462,988,1049
114463,984,1048
114464,984,1052
114465,989,1050
114466,989,1052
114467,986,1052
114468,984,1049
114469,980,1048
114470,977,1048
114471,980,1051
114472,981,1053
114473,983,1051
114474,981,1050
114475,981,1050
114476,980,1051
114477,986,1051
114478,985,1052
114479,986,1051
114480,983,1047
114481,979,1050
114482,982,1053
114483,985,1056
114484,989,1058
114485,990,1054
114486,989,1049
114487,987,1051
114488,987,1053
114489,991,1055
114490,993,1055
114491,991,1052
114492,990,1048
114493,990,1052
114494,992,1054
114495,995,1052
114496,995,1054
114497,997,1052
114498,993,1049
114499,993,1049
114500,993,1051
114501,998,1051
114502,1001,1055
114503,1001,1052
114504,998,1050
114505,994,1049
114506,995,1054
114507,995,1054
114508,997,1054
114509,999,1052
114510,997,1048
114511,992,1049
114512,991,1049
114513,994,1051
114514,996,1052
114515,995,1051
114516,992,1048
114517,988,1048
114518,985,1049
114519,990,1049
114520,991,1049
114521,988,1046
114522,983,1042
114523,981,1041
114524,983,1040
114525,985,1046
114526,987,1047
114527,987,1044
114528,983,1041
114529,983,1042
114530,984,1044
114531,988,1046
114532,986,1048
114533,987,1045
114534,980,1044
114535,978,1042
114536,977,1045
114537,985,1049
114538,986,1051
114539,987,1048
114540,986,1049
114541,983,1047
114542,980,1050
114543,983,1053
114544,987,1051
114545,986,1049
114546,986,1047
114547,982,1049
114548,980,1047
114549,984,1050
114550,986,1050
114551,984,1050
114552,981,1047
114553,979,1048
114554,980,1049
114555,983,1049
114556,987,1052
114557,985,1049
114558,985,1045
114559,985,1045
114560,983,1045
114561,983,1049
114562,986,1047
114563,983,1046
114564,984,1047
114565,981,1047
114566,982,1048
114567,984,1051
114568,986,1051
114569,987,1051
114570,983,1048
114571,981,1046
114572,979,1050
114573,981,1051
114574,985,1049
114575,982,1048
114576,977,1043
114577,973,1044
114578,974,1047
114579,978,1050
114580,983,1049
114581,981,1049
114582,977,1048
114583,977,1049
114584,978,1051
114585,981,1050
114586,983,1050
114587,982,1050
114588,979,1046
114589,979,1048
114590,979,1051
114591,983,1055
114592,988,1055
114593,987,1052
114594,982,1049
114595,980,1048
114596,981,1051
114597,985,1053
114598,991,1050
114599,991,1051
114600,987,1047
114601,983,1045
114602,989,1048
114603,991,1050
114604,993,1048
114605,994,1045
114606,993,1042
114607,992,1040
114608,995,1040
114609,998,1039
114610,1005,1039
114611,1014,1034
114612,1026,1027
114613,1039,1026
114614,1061,1027
114615,1088,1026
114616,1125,1021
114617,1166,1011
114618,1203,1002
114619,1242,1002
114620,1283,1009
114621,1316,1024
114622,1331,1040
114623,1313,1046
114624,1266,1047
114625,1196,1050
114626,1123,1063
114627,1055,1072
114628,996,1075
114629,954,1076
114630,945,1070
114631,955,1064
114632,969,1059
114633,981,1055
114634,981,1053
114635,977,1051
114636,970,1047
114637,968,1045
114638,969,1050
114639,973,1052
114640,974,1052
114641,975,1052
114642,971,1049
114643,965,1048
114644,968,1050
114645,967,1052
114646,971,1052
114647,970,1049
114648,968,1045
114649,966,1043
114650,964,1045
114651,967,1047
114652,970,1047
114653,970,1045
114654,970,1043
114655,967,1043
114656,968,1044
114657,968,1044
114658,968,1045
114659,969,1043
114660,966,1041
114661,967,1040
114662,968,1042
114663,971,1046
114664,973,1044
114665,970,1042
114666,963,1039
114667,964,1043
114668,964,1044
114669,967,1048
114670,968,1049
114671,966,1045
114672,965,1044
114673,964,1042
114674,964,1045
114675,969,1048
114676,971,1047
114677,968,1042
114678,968,1041
114679,967,1040
114680,969,1040
114681,968,1044
114682,969,1043
114683,971,1042
114684,969,1041
114685,968,1040
114686,968,1041
114687,971,1040
114688,977,1039
114689,977,1037
114690,975,1033
114691,973,1032
114692,976,1033
114693,984,1035
114694,988,1032
114695,990,1028
114696,988,1027
114697,985,1024
114698,994,1025
114699,999,1026
114700,999,1024
114701,1002,1019
114702,1003,1016
114703,1002,1016
114704,1005,1020
114705,1011,1020
114706,1011,1020
114707,1011,1017
114708,1009,1014
114709,1007,1014
114710,1010,1015
114711,1014,1014
114712,1016,1016
114713,1014,1015
114714,1015,1013
114715,1014,1013
114716,1019,1016
114717,1021,1020
114718,1021,1021
114719,1014,1021
114720,1017,1018
114721,1009,1020
114722,1011,1023
114723,1012,1027
114724,1014,1026
114725,1012,1028
114726,1007,1025
114727,1003,1025
114728,998,1029
114729,999,1035
114730,1000,1037
114731,996,1036
114732,992,1035
114733,985,1038
114734,983,1040
114735,984,1045
114736,982,1044
114737,979,1043
114738,974,1043
114739,972,1043
114740,972,1050
114741,974,1050
114742,974,1049
114743,972,1050
114744,968,1043
114745,964,1045
114746,966,1046
114747,966,1049
114748,966,1048
114749,966,1048
114750,965,1045
114751,963,1044
114752,965,1050
114753,964,1055
114754,967,1056
114755,967,1052
114756,965,1053
114757,965,1052
114758,967,1055
114759,971,1059
114760,974,1059
114761,975,1058
114762,973,1055
114763,971,1056
114764,974,1057
114765,975,1058
114766,981,1057
114767,982,1055
114768,978,1054
114769,977,1051
114770,975,1051
114771,974,1052
114772,978,1051
114773,979,1049
114774,976,1045
114775,974,1045
114776,976,1044
114777,979,1046
114778,982,1046
114779,978,1046
114780,978,1042
114781,975,1042
114782,976,1043
114783,977,1045
114784,981,1046
114785,979,1042
114786,976,1038
114787,973,1038
114788,973,1039
114789,977,1041
114790,978,1040
114791,974,1038
114792,975,1037
114793,971,1037
114794,972,1040
114795,974,1042
114796,976,1042
114797,975,1041
114798,974,1041
114799,972,1041
114800,976,1045
114801,975,1047
114802,978,1048
114803,977,1047
114804,973,1044
114805,970,1048
114806,970,1047
114807,973,1050
114808,974,1048
114809,970,1050
114810,969,1046
114811,966,1050
114812,967,1050
114813,970,1053
114814,973,1055
114815,973,1054
114816,973,1053
114817,966,1051
114818,968,1049
114819,968,1052
114820,969,1051
114821,969,1050
114822,966,1045
114823,966,1043
114824,965,1045
114825,968,1048
114826,971,1047
114827,971,1045
114828,967,1042
114829,965,1042
114830,963,1045
114831,965,1047
114832,970,1048
114833,970,1046
114834,967,1044
114835,965,1044
114836,964,1046
114837,965,1047
114838,967,1048
114839,968,1045
114840,966,1043
114841,964,1045
114842,964,1046
114843,965,1049
114844,968,1050
114845,969,1048
114846,967,1048
114847,964,1048
114848,966,1050
114849,972,1053
114850,976,1055
114851,974,1056
114852,972,1050
114853,971,1048
114854,972,1051
114855,976,1053
114856,979,1052
114857,978,1050
114858,974,1049
114859,971,1049
114860,972,1048
114861,974,1052
114862,972,1049
114863,972,1048
114864,972,1044
114865,968,1045
114866,969,1048
114867,973,1049
114868,973,1046
114869,974,1048
114870,969,1042
114871,967,1039
114872,966,1043
114873,968,1045
114874,971,1048
114875,968,1045
114876,969,1043
114877,966,1044
114878,966,1046
114879,968,1050
114880,971,1049
114881,969,1048
114882,968,1046
114883,968,1046
114884,964,1051
114885,969,1052
114886,970,1053
114887,966,1051
114888,964,1049
114889,961,1051
114890,962,1052
114891,966,1056
114892,967,1058
114893,965,1056
114894,963,1052
114895,964,1051
114896,963,1052
114897,965,1057
114898,966,1054
114899,967,1051
114900,963,1049
114901,964,1050
114902,965,1050
114903,968,1054
114904,971,1054
114905,973,1052
114906,967,1050
114907,965,1048
114908,966,1051
114909,970,1052
114910,974,1050
114911,970,1050
114912,967,1046
114913,967,1045
114914,965,1047
114915,970,1053
114916,973,1052
114917,970,1050
114918,969,1046
114919,967,1048
114920,964,1049
114921,968,1049
114922,971,1051
114923,973,1047
114924,972,1046
114925,966,1046
114926,968,1048
114927,970,1053
114928,973,1050
114929,975,1050
114930,970,1050
114931,969,1048
114932,965,1051
114933,965,1053
114934,972,1052
114935,972,1049
114936,970,1047
114937,966,1046
114938,968,1050
114939,970,1049
114940,972,1052
114941,972,1045
114942,972,1047
114943,969,1045
114944,967,1048
114945,971,1050
114946,974,1050
114947,974,1051
114948,973,1047
114949,969,1048
114950,968,1050
114951,973,1052
114952,975,1051
114953,974,1050
114954,975,1047
114955,973,1050
114956,974,1053
114957,975,1052
114958,979,1051
114959,977,1048
114960,978,1046
114961,973,1050
114962,974,1052
114963,977,1052
114964,980,1051
114965,981,1049
114966,977,1048
114967,975,1044
114968,975,1047
114969,980,1051
114970,979,1050
114971,979,1047
114972,978,1044
114973,977,1043
114974,982,1040
114975,990,1040
114976,1006,1038
114977,1020,1036
114978,1038,1031
114979,1058,1028
114980,1094,1024
114981,1135,1020
114982,1178,1010
114983,1219,1005
114984,1252,1000
114985,1287,1005
114986,1315,1018
114987,1317,1032
114988,1289,1041
114989,1227,1045
114990,1161,1047
114991,1094,1054
114992,1030,1060
114993,982,1064
114994,957,1059
114995,956,1058
114996,970,1049
114997,978,1043
114998,977,1045
114999,973,1049
115000,974,1047
115001,972,1047
115002,970,1043
115003,964,1043
115004,961,1047
115005,965,1047
115006,966,1049
115007,964,1051
115008,961,1045
115009,957,1047
115010,960,1048
115011,963,1050
115012,963,1050
115013,962,1049
115014,958,1044
115015,953,1045
115016,956,1049
115017,955,1049
115018,960,1050
115019,958,1049
115020,956,1046
115021,953,1044
115022,954,1046
115023,954,1051
115024,957,1048
115025,958,1046
115026,955,1043
115027,954,1042
115028,953,1044
115029,957,1050
115030,963,1045
115031,963,1045
115032,958,1043
115033,957,1042
115034,958,1045
115035,962,1048
115036,964,1046
115037,960,1046
115038,960,1043
115039,959,1040
115040,959,1042
115041,963,1045
115042,966,1043
115043,967,1043
115044,968,1037
115045,968,1038
115046,970,1039
115047,972,1041
115048,978,1043
115049,980,1040
115050,979,1037
115051,976,1036
115052,977,1038
115053,981,1039
115054,985,1038
115055,988,1037
115056,989,1033
115057,988,1029
115058,991,1031
115059,995,1031
115060,1001,1030
115061,1001,1025
115062,999,1021
115063,1000,1015
115064,1000,1017
115065,1006,1018
115066,1010,1019
115067,1010,1017
115068,1008,1012
115069,1007,1014
115070,1010,1014
115071,1013,1018
115072,1017,1017
115073,1018,1015
115074,1014,1013
115075,1013,1011
115076,1016,1014
115077,1016,1016
115078,1021,1018
115079,1022,1016
115080,1017,1013
115081,1015,1014
115082,1017,1016
115083,1020,1020
115084,1021,1023
115085,1015,1022
115086,1010,1022
115087,1009,1021
115088,1006,1028
115089,1008,1032
115090,1013,1032
115091,1010,1033
115092,1004,1032
115093,999,1034
115094,996,1038
115095,997,1041
115096,998,1043
115097,995,1044
115098,990,1044
115099,986,1043
115100,987,1046
115101,988,1047
115102,989,1049
115103,986,1045
115104,985,1044
115105,979,1040
115106,975,1046
115107,977,1049
115108,979,1044
115109,978,1045
115110,976,1043
115111,971,1040
115112,972,1046
115113,975,1048
115114,976,1048
115115,974,1045
115116,972,1041
115117,970,1042
115118,970,1044
115119,971,1048
115120,974,1049
115121,974,1046
115122,967,1041
115123,967,1044
115124,966,1045
115125,969,1049
115126,973,1047
115127,974,1045
115128,972,1043
115129,973,1043
115130,973,1046
115131,974,1047
115132,976,1045
115133,974,1045
115134,975,1044
115135,972,1044
115136,971,1045
115137,970,1047
115138,978,1048
115139,979,1044
115140,978,1043
115141,977,1042
115142,978,1044
115143,979,1048
115144,978,1045
115145,977,1044
115146,976,1042
115147,974,1044
115148,976,1044
115149,985,1045
115150,987,1046
115151,984,1045
115152,980,1040
115153,977,1041
115154,978,1042
115155,980,1045
115156,983,1044
115157,982,1041
115158,979,1041
115159,977,1041
115160,976,1044
115161,979,1046
115162,979,1044
115163,976,1042
115164,972,1039
115165,971,1039
115166,974,1041
115167,975,1042
115168,980,1038
115169,974,1036
115170,970,1031
115171,971,1034
115172,975,1034
115173,979,1039
115174,983,1038
115175,981,1036
115176,977,1035
115177,970,1035
115178,970,1035
115179,971,1038
115180,975,1037
115181,975,1037
115182,970,1036
115183,967,1036
115184,969,1038
115185,974,1042
115186,978,1040
115187,980,1040
115188,975,1036
115189,974,1037
115190,972,1040
115191,976,1042
115192,980,1043
115193,979,1038
115194,980,1035
115195,979,1036
115196,983,1035
115197,987,1034
115198,999,1032
115199,1009,1032
115200,1023,1024
115201,1037,1020
115202,1059,1019
115203,1095,1017
115204,1135,1012
115205,1179,1004
115206,1210,999
115207,1249,1005
115208,1284,1016
115209,1306,1038
115210,1304,1051
115211,1275,1051
115212,1227,1049
115213,1158,1049
115214,1089,1059
115215,1024,1068
115216,967,1077
115217,928,1079
115218,917,1076
115219,927,1069
115220,944,1058
115221,957,1053
115222,962,1043
115223,962,1036
115224,956,1034
115225,953,1031
115226,953,1034
115227,954,1035
115228,955,1036
115229,954,1035
115230,951,1031
115231,951,1034
115232,954,1035
115233,955,1038
115234,958,1036
115235,958,1035
115236,954,1033
115237,953,1034
115238,953,1034
115239,958,1036
115240,958,1036
115241,956,1033
115242,951,1031
115243,949,1028
115244,951,1034
115245,954,1036
115246,957,1034
115247,952,1033
115248,951,1032
115249,949,1032
115250,950,1031
115251,955,1032
115252,957,1032
115253,958,1030
115254,954,1026
115255,954,1028
115256,953,1030
115257,956,1033
115258,958,1033
115259,959,1031
115260,956,1028
115261,954,1029
115262,954,1032
115263,956,1031
115264,961,1030
115265,963,1027
115266,961,1022
115267,958,1026
115268,960,1025
115269,965,1026
115270,968,1025
115271,968,1021
115272,965,1021
115273,965,1019
115274,964,1018
115275,970,1020
115276,974,1020
115277,976,1015
115278,975,1011
115279,974,1010
115280,975,1011
115281,978,1012
115282,985,1007
115283,988,1004
115284,984,1000
115285,987,1000
115286,990,1001
115287,992,1002
115288,999,999
115289,997,996
115290,996,991
115291,995,988
115292,996,985
115293,1000,990
115294,1003,986
115295,1004,983
115296,1000,977
115297,1000,978
115298,1000,980
115299,1007,985
115300,1011,983
115301,1008,981
115302,1006,977
115303,1003,983
115304,1000,986
115305,1005,990
115306,1008,993
115307,1006,993
115308,1006,992
115309,1003,995
115310,1002,1000
115311,998,1003
115312,1000,1007
115313,1000,1009
115314,996,1010
115315,991,1010
115316,989,1017
115317,992,1023
115318,993,1026
115319,990,1024
115320,985,1024
115321,982,1028
115322,980,1031
115323,980,1034
115324,979,1035
115325,977,1032
115326,972,1032
115327,970,1031
115328,970,1037
115329,974,1040
115330,973,1039
115331,973,1037
115332,970,1036
115333,966,1034
115334,967,1038
115335,969,1039
115336,970,1042
115337,969,1042
115338,964,1036
115339,961,1037
115340,960,1039
115341,964,1042
115342,965,1042
115343,964,1040
115344,962,1039
115345,961,1037
115346,963,1038
115347,965,1040
115348,968,1040
115349,969,1039
115350,967,1038
115351,964,1036
115352,964,1040
115353,967,1039
115354,968,1039
115355,969,1041
115356,969,1037
115357,968,1036
115358,967,1036
115359,973,1040
115360,975,1039
115361,973,1037
115362,970,1037
115363,970,1036
115364,972,1040
115365,974,1041
115366,978,1042
115367,976,1040
115368,973,1036
115369,971,1034
115370,972,1038
115371,973,1042
115372,975,1040
115373,972,1038
115374,970,1034
115375,969,1036
115376,968,1038
115377,971,1040
115378,974,1037
115379,971,1034
115380,968,1032
115381,967,1031
115382,970,1035
115383,970,1038
115384,969,1038
115385,968,1034
115386,966,1034
115387,962,1034
115388,966,1034
115389,967,1040
115390,974,1038
115391,973,1036
115392,968,1032
115393,966,1032
115394,967,1034
115395,970,1035
115396,972,1036
115397,970,1033
115398,969,1031
115399,965,1031
115400,963,1034
115401,966,1037
115402,969,1038
115403,969,1037
115404,963,1035
115405,962,1035
115406,964,1036
115407,971,1037
115408,974,1037
115409,974,1034
115410,971,1032
115411,970,1036
115412,973,1035
115413,975,1039
115414,977,1040
115415,977,1038
115416,976,1035
115417,972,1032
115418,971,1039
115419,972,1040
115420,975,1039
115421,974,1040
115422,972,1036
115423,970,1037
115424,971,1038
115425,972,1042
115426,976,1039
115427,974,1039
115428,976,1036
115429,972,1036
115430,973,1036
115431,978,1038
115432,980,1037
115433,983,1031
115434,986,1028
115435,994,1026
115436,1005,1028
115437,1021,1027
115438,1044,1027
115439,1069,1023
115440,1099,1015
115441,1135,1008
115442,1180,1006
115443,1223,1002
115444,1263,1000
115445,1298,1003
115446,1320,1013
115447,1321,1023
115448,1301,1034
115449,1257,1037
115450,1209,1038
115451,1149,1043
115452,1090,1049
115453,1025,1057
115454,968,1063
115455,936,1068
115456,932,1066
115457,938,1057
115458,949,1047
115459,957,1040
115460,961,1035
115461,965,1035
115462,968,1034
115463,966,1031
115464,961,1027
115465,955,1024
115466,956,1026
115467,957,1031
115468,958,1033
115469,956,1030
115470,953,1027
115471,950,1027
115472,952,1032
115473,955,1034
115474,956,1035
115475,954,1034
115476,949,1032
115477,947,1029
115478,945,1036
115479,950,1038
115480,952,1037
115481,952,1036
115482,948,1034
115483,944,1032
115484,947,1038
115485,949,1040
115486,952,1039
115487,951,1040
115488,949,1034
115489,946,1036
115490,948,1038
115491,951,1040
115492,954,1041
115493,951,1040
115494,949,1037
115495,945,1037
115496,950,1038
115497,952,1043
115498,954,1041
115499,952,1038
115500,950,1033
115501,948,1036
115502,951,1036
115503,954,1039
115504,957,1040
115505,958,1038
115506,958,1032
115507,956,1033
115508,958,1034
115509,963,1036
115510,966,1037
115511,965,1034
115512,961,1029
115513,960,1027
115514,962,1026
115515,964,1030
115516,967,1029
115517,967,1026
115518,968,1023
115519,967,1021
115520,973,1022
115521,976,1024
115522,979,1022
115523,982,1015
115524,982,1014
115525,982,1013
115526,983,1014
115527,987,1014
115528,992,1014
115529,991,1012
115530,989,1009
115531,989,1008
115532,994,1009
115533,997,1012
115534,999,1011
115535,1002,1007
115536,999,1006
115537,997,1005
115538,999,1006
115539,1000,1004
115540,1002,1004
115541,1001,1002
115542,999,998
115543,1000,997
115544,1003,998
115545,1007,1002
115546,1008,1000
115547,1010,1000
115548,1007,997
115549,1004,999
115550,1009,1000
115551,1009,1003
115552,1011,1006
115553,1012,1001
115554,1008,1003
115555,1005,1001
115556,1004,1006
115557,1006,1012
115558,1009,1010
115559,1008,1010
115560,1005,1006
115561,1001,1012
115562,1002,1015
115563,1002,1018
115564,1005,1019
115565,1001,1020
115566,998,1020
115567,992,1023
115568,990,1027
115569,992,1030
115570,993,1032
115571,987,1032
115572,981,1029
115573,975,1032
115574,975,1034
115575,977,1036
115576,976,1036
115577,974,1036
115578,972,1031
115579,966,1034
115580,966,1036
115581,968,1038
115582,969,1039
115583,967,1036
115584,964,1034
115585,961,1035
115586,960,1039
115587,961,1042
115588,964,1041
115589,963,1037
115590,960,1037
115591,958,1039
115592,960,1040
115593,961,1045
115594,964,1044
115595,965,1041
115596,961,1040
115597,959,1040
115598,959,1043
115599,964,1046
115600,964,1047
115601,965,1043
115602,963,1043
115603,962,1041
115604,962,1045
115605,964,1046
115606,966,1045
115607,964,1042
115608,965,1042
115609,966,1041
115610,966,1045
115611,968,1046
115612,970,1043
115613,969,1041
115614,969,1037
115615,970,1037
115616,969,1041
115617,972,1042
115618,975,1040
115619,975,1039
115620,974,1033
115621,976,1033
115622,974,1036
115623,973,1041
115624,972,1042
115625,971,1036
115626,973,1036
115627,974,1038
115628,973,1043
115629,979,1045
115630,982,1045
115631,980,1041
115632,976,1038
115633,973,1038
115634,974,1038
115635,977,1041
115636,980,1040
115637,979,1040
115638,975,1039
115639,973,1039
115640,974,1038
115641,976,1040
115642,977,1041
115643,978,1038
115644,975,1036
115645,973,1038
115646,973,1039
115647,975,1042
115648,977,1038
115649,976,1038
115650,974,1038
115651,970,1035
115652,970,1039
115653,971,1042
115654,976,1042
115655,976,1038
115656,973,1037
115657,970,1039
115658,971,1041
115659,973,1044
115660,975,1044
115661,973,1042
115662,969,1039
115663,967,1039
115664,967,1042
115665,971,1044
115666,974,1046
115667,973,1042
115668,972,1040
115669,966,1039
115670,969,1041
115671,971,1044
115672,970,1046
115673,964,1042
115674,962,1034
115675,962,1037
115676,968,1036
115677,973,1042
115678,974,1039
115679,974,1038
115680,973,1033
115681,969,1036
115682,968,1038
115683,972,1040
115684,974,1039
115685,973,1039
115686,968,1036
115687,968,1037
115688,970,1040
115689,977,1042
115690,979,1042
115691,978,1041
115692,976,1036
115693,980,1033
115694,985,1035
115695,998,1033
115696,1013,1031
115697,1031,1027
115698,1054,1022
115699,1084,1021
115700,1125,1019
115701,1166,1013
115702,1209,1008
115703,1246,1002
115704,1281,999
115705,1310,1008
115706,1327,1022
115707,1324,1037
115708,1301,1038
115709,1249,1040
115710,1190,1041
115711,1121,1048
115712,1051,1061
115713,985,1068
115714,944,1067
115715,928,1064
115716,934,1059
115717,947,1051
115718,959,1046
115719,964,1041
115720,964,1038
115721,959,1039
115722,954,1035
115723,953,1037
115724,952,1040
115725,953,1041
115726,955,1039
115727,954,1036
115728,951,1036
115729,949,1039
115730,950,1042
115731,952,1044
115732,956,1043
115733,955,1041
115734,955,1037
115735,949,1038
115736,952,1044
115737,952,1045
115738,954,1044
115739,953,1043
115740,947,1039
115741,945,1038
115742,945,1044
115743,952,1045
115744,954,1045
115745,954,1043
115746,950,1040
115747,949,1039
115748,948,1042
115749,951,1047
115750,954,1045
115751,953,1042
115752,950,1040
115753,948,1041
115754,951,1041
115755,954,1047
115756,957,1044
115757,956,1045
115758,953,1042
115759,952,1040
115760,953,1044
115761,958,1047
115762,957,1047
115763,957,1039
115764,954,1037
115765,954,1038
115766,958,1039
115767,958,1044
115768,961,1040
115769,959,1038
115770,959,1035
115771,954,1034
115772,960,1034
115773,961,1036
115774,965,1035
115775,966,1033
115776,963,1030
115777,962,1029
115778,967,1031
115779,969,1030
115780,975,1027
115781,973,1026
115782,970,1024
115783,969,1022
115784,972,1021
115785,976,1021
115786,978,1020
115787,982,1019
115788,979,1016
115789,978,1014
115790,981,1016
115791,984,1017
115792,988,1013
115793,988,1012
115794,984,1006
115795,983,1007
115796,985,1007
115797,989,1011
115798,993,1010
115799,993,1007
115800,988,1002
115801,990,1003
115802,992,1006
115803,996,1009
115804,995,1006
115805,1001,1005
115806,998,1004
115807,994,1005
115808,998,1011
115809,1001,1012
115810,1000,1011
115811,999,1014
115812,998,1013
115813,994,1013
115814,995,1016
115815,998,1023
115816,998,1023
115817,997,1023
115818,991,1024
115819,990,1025
115820,987,1031
115821,991,1037
115822,989,1036
115823,986,1038
115824,981,1037
115825,979,1041
115826,979,1045
115827,978,1049
115828,980,1047
115829,977,1045
115830,972,1044
115831,967,1046
115832,967,1050
115833,968,1052
115834,969,1049
115835,966,1050
115836,965,1045
115837,963,1049
115838,962,1049
115839,964,1052
115840,965,1050
115841,961,1050
115842,955,1048
115843,955,1048
115844,955,1048
115845,961,1052
115846,961,1050
115847,957,1050
115848,955,1047
115849,955,1048
115850,957,1050
115851,959,1053
115852,962,1051
115853,960,1049
115854,959,1044
115855,956,1048
115856,959,1049
115857,963,1051
115858,965,1050
115859,966,1044
115860,960,1045
115861,958,1042
115862,957,1048
115863,962,1048
115864,966,1044
115865,965,1044
115866,962,1042
115867,957,1043
115868,958,1045
115869,966,1050
115870,971,1045
115871,969,1045
115872,969,1041
115873,968,1041
115874,968,1045
115875,970,1047
115876,974,1046
115877,974,1045
115878,968,1043
115879,971,1045
115880,974,1046
115881,977,1049
115882,979,1047
115883,975,1047
115884,973,1041
115885,970,1041
115886,973,1042
115887,975,1044
115888,974,1044
115889,977,1043
115890,972,1042
115891,971,1042
115892,972,1042
115893,973,1045
115894,975,1042
115895,975,1042
115896,972,1041
115897,972,1042
115898,970,1044
115899,972,1046
115900,973,1047
115901,974,1045
115902,969,1042
115903,968,1045
115904,971,1045
115905,973,1049
115906,978,1049
115907,978,1048
115908,975,1044
115909,975,1045
115910,978,1047
115911,982,1048
115912,983,1047
115913,982,1045
115914,978,1042
115915,974,1041
115916,981,1041
115917,988,1041
115918,998,1042
115919,1007,1034
115920,1020,1032
115921,1045,1031
115922,1076,1030
115923,1119,1026
115924,1159,1019
115925,1198,1014
115926,1237,1012
115927,1275,1016
115928,1311,1027
115929,1334,1041
115930,1340,1055
115931,1317,1059
115932,1269,1059
115933,1204,1062
115934,1135,1073
115935,1067,1080
115936,1002,1084
115937,956,1083
115938,932,1077
115939,932,1070
115940,946,1062
115941,963,1058
115942,969,1052
115943,967,1044
115944,963,1042
115945,959,1041
115946,958,1047
115947,958,1048
115948,960,1049
115949,957,1045
115950,952,1043
115951,948,1043
115952,949,1046
115953,951,1048
115954,949,1047
115955,951,1046
115956,947,1041
115957,946,1044
115958,945,1048
115959,947,1048
115960,948,1047
115961,946,1047
115962,942,1045
115963,941,1046
115964,943,1052
115965,947,1052
115966,950,1048
115967,950,1049
115968,947,1044
115969,942,1044
115970,947,1043
115971,948,1046
115972,947,1047
115973,948,1044
115974,944,1038
115975,942,1039
115976,945,1040
115977,946,1043
115978,949,1039
115979,949,1040
115980,945,1037
115981,942,1039
115982,946,1039
115983,948,1041
115984,950,1037
115985,948,1038
115986,946,1035
115987,948,1035
115988,951,1038
115989,954,1042
115990,958,1039
115991,956,1037
115992,954,1036
115993,955,1034
115994,956,1036
115995,961,1037
115996,964,1036
115997,964,1037
115998,964,1034
115999,963,1034
116000,964,1034
116001,966,1036
116002,967,1033
116003,968,1028
116004,968,1027
116005,968,1026
116006,969,1025
116007,974,1027
116008,978,1024
116009,978,1020
116010,977,1017
116011,979,1015
116012,981,1015
116013,982,1017
116014,985,1014
116015,985,1013
116016,985,1010
116017,987,1010
116018,990,1011
116019,993,1010
116020,995,1011
116021,995,1007
116022,990,1004
116023,992,1005
116024,993,1008
116025,996,1011
116026,999,1011
116027,998,1011
116028,996,1006
116029,995,1006
116030,996,1009
116031,999,1011
116032,999,1014
116033,999,1014
116034,996,1015
116035,992,1017
116036,996,1021
116037,997,1022
116038,997,1027
116039,991,1027
116040,988,1028
116041,984,1029
116042,984,1033
116043,988,1040
116044,988,1040
116045,985,1040
116046,980,1038
116047,974,1040
116048,978,1041
116049,980,1045
116050,981,1047
116051,977,1047
116052,972,1046
116053,967,1046
116054,966,1049
116055,967,1051
116056,970,1052
116057,970,1052
116058,965,1049
116059,964,1049
116060,962,1052
116061,964,1054
116062,966,1055
116063,968,1055
116064,966,1051
116065,964,1052
116066,964,1055
116067,969,1058
116068,968,1054
116069,966,1053
116070,964,1050
116071,963,1051
116072,966,1052
116073,967,1056
116074,970,1056
116075,969,1053
116076,966,1052
116077,964,1052
116078,966,1053
116079,969,1057
116080,973,1059
116081,970,1057
116082,971,1055
116083,970,1053
116084,971,1059
116085,973,1060
116086,977,1058
116087,976,1057
116088,977,1053
116089,974,1056
116090,974,1056
116091,978,1059
116092,979,1058
116093,977,1053
116094,974,1052
116095,973,1054
116096,975,1055
116097,978,1058
116098,981,1058
116099,982,1055
116100,979,1050
116101,978,1052
116102,975,1055
116103,979,1058
116104,980,1055
116105,979,1052
116106,978,1049
116107,972,1050
116108,972,1053
116109,976,1054
116110,980,1055
116111,979,1050
116112,974,1047
116113,974,1046
116114,975,1050
116115,978,1051
116116,978,1049
116117,975,1047
116118,971,1043
116119,967,1047
116120,970,1049
116121,977,1050
116122,979,1049
116123,977,1048
116124,976,1047
116125,975,1050
116126,972,1050
116127,978,1052
116128,978,1051
116129,977,1050
116130,973,1046
116131,974,1047
116132,976,1049
116133,980,1050
116134,984,1049
116135,984,1047
116136,984,1046
116137,981,1046
116138,984,1049
116139,984,1049
116140,985,1050
116141,984,1046
116142,982,1044
116143,983,1044
116144,986,1045
116145,989,1042
116146,997,1040
116147,1005,1041
116148,1016,1035
116149,1030,1035
116150,1055,1035
116151,1091,1033
116152,1131,1027
116153,1174,1016
116154,1217,1009
116155,1257,1009
116156,1300,1018
116157,1331,1036
116158,1342,1053
116159,1320,1060
116160,1273,1058
116161,1202,1059
116162,1128,1068
116163,1056,1080
116164,989,1085
116165,944,1084
116166,930,1080
116167,935,1072
116168,953,1066
116169,966,1062
116170,968,1057
116171,963,1049
116172,960,1046
116173,957,1044
116174,953,1046
116175,956,1048
116176,958,1049
116177,955,1049
116178,951,1044
116179,947,1046
116180,951,1049
116181,954,1048
116182,953,1049
116183,956,1045
116184,954,1045
116185,953,1043
116186,955,1043
116187,959,1047
116188,959,1044
116189,959,1044
116190,957,1041
116191,954,1040
116192,955,1044
116193,961,1047
116194,961,1047
116195,956,1047
116196,954,1044
116197,953,1044
116198,954,1046
116199,956,1048
116200,957,1048
116201,956,1047
116202,954,1045
116203,951,1044
116204,955,1045
116205,951,1051
116206,954,1048
116207,952,1047
116208,950,1044
116209,948,1045
116210,956,1048
116211,955,1050
116212,961,1049
116213,958,1045
116214,955,1043
116215,955,1043
116216,955,1045
116217,959,1048
116218,960,1044
116219,961,1040
116220,962,1036
116221,960,1035
116222,960,1036
116223,965,1037
116224,969,1033
116225,969,1030
116226,971,1026
116227,970,1026
116228,971,1028
116229,973,1028
116230,976,1025
116231,978,1022
116232,980,1019
116233,981,1017
116234,984,1015
116235,988,1020
116236,987,1018
116237,991,1016
116238,989,1012
116239,987,1010
116240,991,1010
116241,992,1012
116242,996,1008
116243,997,1009
116244,992,1006
116245,991,1007
116246,997,1011
116247,999,1014
116248,1004,1011
116249,1002,1012
116250,1002,1010
116251,1000,1012
116252,1003,1015
116253,1006,1020
116254,1009,1021
116255,1009,1020
116256,1007,1017
116257,1003,1019
116258,1003,1023
116259,1004,1030
116260,1005,1030
116261,1004,1027
116262,998,1025
116263,993,1028
116264,991,1034
116265,994,1038
116266,993,1038
116267,989,1037
116268,984,1037
116269,982,1038
116270,981,1041
116271,979,1045
116272,979,1047
116273,977,1043
116274,975,1043
116275,975,1042
116276,976,1046
116277,976,1052
116278,975,1050
116279,973,1051
116280,971,1046
116281,969,1049
116282,969,1052
116283,972,1057
116284,975,1052
116285,972,1050
116286,971,1048
116287,972,1050
116288,972,1052
116289,976,1055
116290,976,1053
116291,978,1049
116292,974,1049
116293,972,1048
116294,974,1053
116295,980,1055
116296,982,1056
116297,983,1054
116298,981,1052
116299,979,1055
116300,979,1055
116301,982,1056
116302,987,1055
116303,985,1052
116304,984,1051
116305,981,1051
116306,981,1052
116307,984,1051
116308,990,1050
116309,989,1048
116310,987,1046
116311,990,1047
116312,995,1048
116313,1004,1051
116314,1011,1049
116315,1014,1048
116316,1011,1047
116317,1011,1050
116318,1015,1051
116319,1025,1054
116320,1036,1048
116321,1044,1037
116322,1053,1023
116323,1066,1012
116324,1082,1004
116325,1097,997
116326,1113,985
116327,1126,973
116328,1138,960
116329,1151,945
116330,1165,932
116331,1185,918
116332,1205,903
116333,1218,889
116334,1231,879
116335,1240,870
116336,1245,864
116337,1248,865
116338,1246,864
116339,1240,867
116340,1237,864
116341,1233,867
116342,1226,869
116343,1217,872
116344,1206,874
116345,1187,875
116346,1164,877
116347,1140,885
116348,1119,894
116349,1097,909
116350,1081,920
116351,1069,928
116352,1059,937
116353,1049,950
116354,1048,961
116355,1046,971
116356,1043,978
116357,1042,984
116358,1044,991
116359,1053,998
116360,1073,1006
116361,1096,1010
116362,1113,1011
116363,1107,1012
116364,1081,1014
116365,1038,1023
116366,995,1027
116367,966,1041
116368,949,1048
116369,938,1059
116370,930,1065
116371,925,1073
116372,923,1080
116373,923,1083
116374,920,1085
116375,914,1085
116376,908,1085
116377,905,1091
116378,902,1096
116379,900,1101
116380,898,1104
116381,895,1104
116382,892,1103
116383,890,1107
116384,891,1111
116385,893,1118
116386,893,1116
116387,891,1117
116388,888,1115
116389,885,1116
116390,884,1121
116391,883,1125
116392,881,1125
116393,878,1126
116394,876,1127
116395,875,1129
116396,874,1133
116397,874,1135
116398,875,1139
116399,870,1137
116400,869,1138
116401,866,1140
116402,864,1146
116403,867,1150
116404,870,1148
116405,868,1149
116406,858,1149
116407,856,1152
116408,856,1156
116409,858,1163
116410,861,1161
116411,864,1159
116412,858,1159
116413,859,1164
116414,861,1168
116415,860,1172
116416,863,1170
116417,860,1169
116418,858,1171
116419,858,1173
116420,863,1176
116421,867,1179
116422,869,1178
116423,872,1174
116424,874,1171
116425,875,1170
116426,880,1171
116427,884,1172
116428,887,1169
116429,891,1164
116430,891,1159
116431,892,1154
116432,903,1157
116433,910,1156
116434,916,1155
116435,920,1147
116436,920,1139
116437,924,1139
116438,930,1138
116439,933,1136
116440,939,1132
116441,945,1126
116442,945,1121
116443,946,1116
116444,950,1113
116445,954,1111
116446,959,1109
116447,960,1100
116448,955,1097
116449,955,1095
116450,956,1091
116451,960,1090
116452,963,1081
116453,962,1077
116454,959,1073
116455,961,1071
116456,963,1071
116457,965,1074
116458,964,1069
116459,960,1066
116460,957,1061
116461,955,1059
116462,957,1059
116463,958,1063
116464,959,1062
116465,957,1058
116466,950,1055
116467,947,1055
116468,951,1058
116469,953,1061
116470,957,1057
116471,956,1056
116472,954,1056
116473,954,1057
116474,955,1059
116475,958,1062
116476,961,1060
116477,959,1059
116478,959,1057
116479,956,1057
116480,960,1059
116481,966,1062
116482,966,1060
116483,964,1057
116484,962,1056
116485,962,1058
116486,970,1061
116487,972,1065
116488,971,1060
116489,973,1060
116490,971,1059
116491,972,1058
116492,972,1059
116493,975,1059
116494,973,1060
116495,972,1057
116496,970,1054
116497,971,1054
116498,972,1055
116499,972,1056
116500,974,1055
116501,973,1053
116502,971,1050
116503,969,1048
116504,970,1051
116505,969,1054
116506,970,1052
116507,970,1048
116508,967,1047
116509,967,1050
116510,970,1050
116511,971,1052
116512,971,1050
116513,967,1047
116514,968,1046
116515,969,1045
116516,971,1048
116517,966,1048
116518,965,1050
116519,967,1048
116520,965,1046
116521,961,1045
116522,964,1048
116523,967,1050
116524,972,1050
116525,970,1046
116526,967,1046
116527,967,1045
116528,970,1051
116529,976,1051
116530,979,1053
116531,975,1051
116532,973,1050
116533,970,1052
116534,970,1055
116535,973,1056
116536,976,1055
116537,979,1054
116538,977,1051
116539,975,1052
116540,977,1050
116541,979,1052
116542,979,1051
116543,973,1050
116544,973,1046
116545,973,1046
116546,971,1046
116547,974,1048
116548,975,1046
116549,976,1042
116550,974,1042
116551,972,1040
116552,970,1044
116553,972,1044
116554,974,1044
116555,976,1043
116556,972,1040
116557,974,1042
116558,973,1045
116559,973,1047
116560,977,1046
116561,975,1043
116562,974,1042
116563,970,1041
116564,970,1044
116565,973,1048
116566,978,1048
116567,974,1042
116568,968,1043
116569,965,1042
116570,965,1046
116571,970,1050
116572,972,1050
116573,972,1048
116574,969,1048
116575,969,1050
116576,973,1052
116577,977,1051
116578,978,1054
116579,975,1052
116580,976,1050
116581,976,1052
116582,978,1054
116583,980,1055
116584,984,1052
116585,982,1051
116586,979,1047
116587,976,1045
116588,976,1048
116589,978,1049
116590,979,1048
116591,977,1044
116592,977,1043
116593,979,1044
116594,982,1046
116595,984,1048
116596,990,1046
116597,987,1040
116598,988,1035
116599,989,1032
116600,996,1029
116601,1009,1032
116602,1025,1028
116603,1043,1023
116604,1069,1019
116605,1104,1013
116606,1141,1009
116607,1184,1004
116608,1233,1003
116609,1271,1009
116610,1298,1022
116611,1307,1042
116612,1298,1055
116613,1267,1059
116614,1215,1059
116615,1151,1059
116616,1083,1063
116617,1017,1075
116618,957,1089
116619,927,1100
116620,926,1101
116621,938,1095
116622,944,1079
116623,949,1070
116624,960,1064
116625,967,1062
116626,970,1055
116627,969,1050
116628,965,1046
116629,961,1044
116630,963,1044
116631,964,1048
116632,966,1048
116633,964,1043
116634,958,1038
116635,956,1040
116636,959,1044
116637,961,1045
116638,960,1044
116639,958,1042
116640,956,1040
116641,953,1040
116642,955,1043
116643,955,1045
116644,959,1043
116645,961,1042
116646,956,1040
116647,955,1038
116648,958,1043
116649,965,1044
116650,967,1041
116651,960,1039
116652,959,1036
116653,958,1034
116654,958,1037
116655,958,1038
116656,957,1037
116657,960,1035
116658,959,1035
116659,958,1035
116660,960,1037
116661,963,1038
116662,966,1036
116663,960,1031
116664,956,1029
116665,959,1030
116666,959,1031
116667,962,1032
116668,967,1032
116669,966,1028
116670,961,1024
116671,958,1027
116672,959,1027
116673,966,1031
116674,969,1028
116675,966,1023
116676,961,1020
116677,963,1021
116678,969,1022
116679,976,1022
116680,981,1021
116681,980,1015
116682,977,1013
116683,975,1014
116684,983,1015
116685,993,1014
116686,994,1012
116687,993,1007
116688,989,1005
116689,993,1002
116690,995,1005
116691,1002,1007
116692,1005,1005
116693,1006,1001
116694,1002,997
116695,1002,995
116696,1004,997
116697,1008,999
116698,1009,999
116699,1011,994
116700,1007,992
116701,1011,993
116702,1012,997
116703,1012,999
116704,1012,1001
116705,1011,997
116706,1008,994
116707,1008,996
116708,1012,1000
116709,1014,1002
116710,1013,1005
116711,1007,1003
116712,1005,1003
116713,1010,1007
116714,1010,1011
116715,1016,1016
116716,1013,1015
116717,1006,1017
116718,999,1019
116719,997,1021
116720,1002,1028
116721,1003,1033
116722,997,1032
116723,988,1032
116724,986,1031
116725,984,1037
116726,986,1039
116727,992,1043
116728,991,1042
116729,987,1043
116730,982,1041
116731,980,1043
116732,981,1048
116733,985,1052
116734,983,1050
116735,983,1051
116736,977,1049
116737,976,1050
116738,980,1051
116739,981,1054
116740,976,1052
116741,976,1049
116742,975,1046
116743,975,1048
116744,976,1049
116745,979,1049
116746,981,1049
116747,978,1046
116748,974,1045
116749,973,1042
116750,975,1045
116751,976,1048
116752,979,1048
116753,978,1046
116754,978,1042
116755,977,1042
116756,978,1041
116757,980,1045
116758,983,1043
116759,985,1038
116760,984,1034
116761,983,1036
116762,983,1040
116763,982,1042
116764,984,1040
116765,984,1038
116766,984,1035
116767,985,1034
116768,987,1038
116769,987,1042
116770,988,1041
116771,987,1038
116772,986,1038
116773,987,1038
116774,989,1040
116775,992,1045
116776,991,1043
116777,989,1040
116778,989,1041
116779,987,1042
116780,992,1043
116781,994,1048
116782,992,1048
116783,989,1044
116784,986,1041
116785,988,1042
116786,991,1043
116787,994,1045
116788,991,1042
116789,990,1041
116790,987,1036
116791,986,1035
116792,986,1038
116793,988,1043
116794,989,1041
116795,987,1037
116796,983,1035
116797,981,1036
116798,985,1039
116799,987,1041
116800,986,1040
116801,984,1039
116802,981,1037
116803,983,1038
116804,981,1040
116805,987,1043
116806,988,1041
116807,986,1038
116808,983,1035
116809,981,1037
116810,984,1036
116811,985,1039
116812,984,1039
116813,982,1036
116814,977,1033
116815,978,1037
116816,980,1042
116817,983,1045
116818,986,1045
116819,984,1044
116820,981,1041
116821,983,1040
116822,994,1040
116823,1003,1040
116824,1013,1037
116825,1024,1033
116826,1039,1029
116827,1062,1027
116828,1096,1027
116829,1138,1022
116830,1185,1011
116831,1233,1007
116832,1276,1010
116833,1305,1023
116834,1321,1045
116835,1308,1060
116836,1272,1063
116837,1211,1063
116838,1139,1064
116839,1061,1073
116840,993,1088
116841,943,1100
116842,932,1101
116843,941,1095
116844,955,1079
116845,965,1067
116846,970,1061
116847,975,1056
116848,972,1049
116849,969,1046
116850,965,1039
116851,966,1038
116852,966,1042
116853,966,1041
116854,964,1040
116855,961,1039
116856,956,1035
116857,954,1037
116858,960,1039
116859,960,1041
116860,961,1039
116861,960,1038
116862,956,1035
116863,954,1035
116864,954,1039
116865,959,1045
116866,961,1043
116867,960,1042
116868,959,1038
116869,959,1039
116870,960,1042
116871,962,1045
116872,962,1041
116873,958,1039
116874,955,1039
116875,954,1039
116876,959,1041
116877,961,1041
116878,964,1039
116879,964,1039
116880,959,1034
116881,960,1034
116882,961,1036
116883,966,1038
116884,971,1035
116885,971,1032
116886,969,1031
116887,968,1031
116888,968,1033
116889,970,1034
116890,972,1032
116891,973,1028
116892,972,1023
116893,970,1024
116894,969,1026
116895,977,1026
116896,976,1022
116897,977,1017
116898,975,1012
116899,977,1009
116900,980,1009
116901,982,1010
116902,985,1007
116903,987,1005
116904,986,999
116905,984,1002
116906,987,1004
116907,990,1003
116908,993,1005
116909,990,998
116910,990,998
116911,990,998
116912,993,1001
116913,994,1002
116914,997,998
116915,995,996
116916,994,996
116917,991,995
116918,995,997
116919,998,999
116920,999,996
116921,1000,997
116922,1001,995
116923,998,1000
116924,999,1001
116925,1003,1007
116926,1003,1008
116927,1003,1008
116928,998,1007
116929,997,1010
116930,997,1015
116931,995,1019
116932,996,1019
116933,993,1021
116934,989,1022
116935,988,1026
116936,990,1031
116937,989,1034
116938,988,1035
116939,987,1034
116940,982,1033
116941,981,1036
116942,981,1040
116943,980,1043
116944,980,1043
116945,979,1042
116946,980,1040
116947,975,1044
116948,973,1045
116949,977,1049
116950,975,1048
116951,972,1046
116952,967,1044
116953,965,1047
116954,968,1049
116955,970,1052
116956,974,1051
116957,969,1049
116958,969,1046
116959,968,1045
116960,971,1050
116961,975,1054
116962,975,1049
116963,972,1046
116964,969,1044
116965,973,1045
116966,973,1045
116967,975,1046
116968,976,1045
116969,977,1040
116970,977,1039
116971,975,1041
116972,979,1042
116973,982,1044
116974,985,1045
116975,984,1041
116976,982,1039
116977,982,1038
116978,983,1044
116979,989,1045
116980,987,1046
116981,985,1039
116982,985,1037
116983,984,1041
116984,987,1041
116985,988,1042
116986,988,1042
116987,986,1038
116988,983,1038
116989,982,1037
116990,985,1039
116991,991,1042
116992,991,1040
116993,992,1039
116994,987,1036
116995,985,1038
116996,986,1038
116997,989,1043
116998,988,1039
116999,987,1035
117000,985,1036
117001,981,1034
117002,979,1037
117003,982,1040
117004,983,1041
117005,981,1036
117006,979,1034
117007,978,1038
117008,977,1040
117009,981,1040
117010,981,1038
117011,980,1033
117012,975,1030
117013,975,1029
117014,979,1033
117015,981,1037
117016,980,1038
117017,976,1034
117018,974,1035
117019,971,1035
117020,974,1042
117021,979,1045
117022,979,1046
117023,976,1042
117024,973,1041
117025,972,1042
117026,975,1044
117027,980,1045
117028,982,1046
117029,978,1043
117030,975,1041
117031,972,1044
117032,972,1046
117033,978,1050
117034,980,1047
117035,980,1044
117036,976,1042
117037,976,1043
117038,978,1045
117039,978,1047
117040,978,1045
117041,979,1041
117042,976,1039
117043,975,1041
117044,977,1043
117045,976,1046
117046,973,1043
117047,972,1042
117048,969,1039
117049,966,1039
117050,969,1040
117051,970,1039
117052,973,1038
117053,970,1036
117054,967,1033
117055,966,1033
117056,969,1035
117057,972,1036
117058,974,1036
117059,971,1033
117060,965,1033
117061,963,1034
117062,965,1037
117063,972,1040
117064,975,1036
117065,975,1034
117066,971,1033
117067,968,1036
117068,973,1037
117069,974,1040
117070,977,1041
117071,978,1038
117072,972,1035
117073,974,1036
117074,977,1040
117075,978,1044
117076,980,1043
117077,977,1044
117078,976,1041
117079,974,1042
117080,977,1048
117081,982,1049
117082,981,1047
117083,980,1046
117084,978,1044
117085,979,1045
117086,981,1045
117087,984,1047
117088,984,1044
117089,983,1041
117090,978,1042
117091,979,1042
117092,981,1045
117093,985,1048
117094,987,1044
117095,988,1042
117096,982,1039
117097,980,1040
117098,981,1040
117099,982,1046
117100,985,1043
117101,983,1039
117102,983,1038
117103,982,1038
117104,983,1041
117105,984,1041
117106,983,1040
117107,983,1038
117108,981,1035
117109,979,1035
117110,981,1038
117111,982,1039
117112,982,1039
117113,982,1036
117114,980,1033
117115,977,1034
117116,980,1037
117117,981,1041
117118,982,1041
117119,981,1036
117120,978,1036
117121,978,1037
117122,982,1039
117123,988,1042
117124,987,1038
117125,990,1036
117126,985,1036
117127,988,1034
117128,989,1040
117129,992,1041
117130,997,1039
117131,1001,1035
117132,1007,1029
117133,1016,1027
117134,1035,1030
117135,1059,1030
117136,1089,1027
117137,1124,1022
117138,1162,1016
117139,1202,1010
117140,1241,1010
117141,1283,1011
117142,1318,1013
117143,1344,1022
117144,1356,1030
117145,1343,1042
117146,1307,1050
117147,1256,1055
117148,1194,1057
117149,1128,1059
117150,1064,1061
117151,1005,1061
117152,974,1060
117153,970,1061
117154,978,1054
117155,988,1046
117156,989,1036
117157,983,1035
117158,983,1034
117159,978,1038
117160,977,1039
117161,975,1034
117162,969,1031
117163,966,1034
117164,969,1034
117165,972,1037
117166,970,1038
117167,969,1037
117168,966,1034
117169,962,1036
117170,963,1038
117171,964,1041
117172,964,1041
117173,965,1041
117174,959,1040
117175,961,1041
117176,963,1043
117177,964,1047
117178,964,1045
117179,964,1041
117180,961,1039
117181,963,1040
117182,965,1044
117183,968,1047
117184,970,1046
117185,967,1041
117186,963,1038
117187,964,1040
117188,965,1039
117189,971,1043
117190,972,1042
117191,971,1038
117192,970,1037
117193,966,1037
117194,968,1043
117195,973,1043
117196,977,1040
117197,976,1039
117198,974,1035
117199,971,1038
117200,973,1040
117201,978,1041
117202,978,1042
117203,977,1037
117204,976,1036
117205,974,1035
117206,976,1039
117207,980,1041
117208,980,1038
117209,979,1033
117210,978,1031
117211,979,1032
117212,983,1032
117213,985,1033
117214,987,1030
117215,984,1026
117216,985,1023
117217,986,1025
117218,988,1027
117219,992,1027
117220,996,1025
117221,999,1020
117222,996,1019
117223,996,1018
117224,1002,1018
117225,1009,1021
117226,1012,1020
117227,1013,1016
117228,1011,1013
117229,1012,1013
117230,1014,1013
117231,1020,1011
117232,1018,1008
117233,1018,1004
117234,1015,1002
117235,1016,1001
117236,1020,1004
117237,1023,1005
117238,1025,1005
117239,1025,1004
117240,1024,1005
117241,1025,1009
117242,1028,1009
117243,1031,1013
117244,1032,1013
117245,1032,1012
117246,1026,1009
117247,1025,1013
117248,1026,1016
117249,1029,1022
117250,1024,1021
117251,1021,1020
117252,1015,1022
117253,1011,1024
117254,1009,1027
117255,1009,1030
117256,1007,1030
117257,1002,1031
117258,996,1030
117259,993,1028
117260,994,1034
117261,993,1036
117262,994,1037
117263,986,1035
117264,981,1036
117265,978,1037
117266,975,1037
117267,979,1040
117268,977,1042
117269,978,1038
117270,972,1037
117271,970,1039
117272,970,1044
117273,971,1046
117274,972,1045
117275,969,1042
117276,968,1039
117277,966,1043
117278,969,1047
117279,971,1050
117280,969,1047
117281,967,1048
117282,968,1047
117283,969,1048
117284,969,1050
117285,970,1052
117286,973,1050
117287,974,1046
117288,972,1044
117289,972,1046
117290,973,1046
117291,977,1051
117292,981,1050
117293,982,1050
117294,982,1045
117295,981,1048
117296,982,1052
117297,986,1050
117298,983,1049
117299,982,1044
117300,981,1044
117301,978,1044
117302,981,1047
117303,986,1049
117304,987,1047
117305,985,1044
117306,984,1040
117307,984,1041
117308,987,1042
117309,989,1043
117310,991,1043
117311,988,1040
117312,982,1036
117313,985,1038
117314,983,1038
117315,984,1039
117316,986,1038
117317,984,1036
117318,977,1036
117319,976,1036
117320,976,1040
117321,985,1044
117322,982,1044
117323,982,1038
117324,979,1034
117325,977,1036
117326,977,1039
117327,979,1041
117328,983,1039
117329,978,1040
117330,975,1038
117331,976,1039
117332,981,1042
117333,986,1044
117334,986,1042
117335,982,1041
117336,978,1039
117337,976,1039
117338,980,1042
117339,985,1043
117340,982,1041
117341,982,1038
117342,977,1036
117343,979,1038
117344,979,1042
117345,982,1044
117346,983,1042
117347,982,1039
117348,981,1038
117349,979,1039
117350,983,1042
117351,985,1043
117352,982,1040
117353,982,1037
117354,976,1036
117355,978,1038
117356,981,1040
117357,982,1041
117358,983,1040
117359,983,1037
117360,980,1036
117361,976,1037
117362,980,1038
117363,980,1042
117364,977,1037
117365,978,1038
117366,975,1036
117367,973,1039
117368,974,1042
117369,978,1044
117370,981,1044
117371,977,1041
117372,975,1040
117373,971,1041
117374,971,1041
117375,975,1047
117376,978,1047
117377,976,1042
117378,973,1039
117379,972,1043
117380,971,1046
117381,971,1048
117382,973,1045
117383,970,1042
117384,968,1040
117385,970,1041
117386,973,1044
117387,976,1046
117388,976,1043
117389,974,1039
117390,971,1038
117391,969,1040
117392,971,1039
117393,976,1044
117394,974,1043
117395,973,1040
117396,970,1039
117397,969,1035
117398,970,1041
117399,973,1043
117400,974,1040
117401,973,1041
117402,970,1039
117403,968,1040
117404,969,1042
117405,974,1044
117406,974,1043
117407,974,1041
117408,971,1037
117409,965,1040
117410,967,1042
117411,969,1043
117412,970,1043
117413,969,1040
117414,968,1039
117415,970,1039
117416,972,1042
117417,973,1041
117418,974,1042
117419,975,1040
117420,974,1040
117421,971,1040
117422,970,1043
117423,972,1044
117424,974,1042
117425,971,1039
117426,971,1037
117427,971,1039
117428,971,1041
117429,972,1043
117430,974,1041
117431,973,1040
117432,970,1037
117433,972,1039
117434,971,1040
117435,973,1044
117436,973,1041
117437,970,1039
117438,966,1038
117439,968,1041
117440,971,1041
117441,975,1046
117442,976,1044
117443,971,1041
117444,966,1037
117445,966,1037
117446,969,1040
117447,972,1044
117448,974,1042
117449,969,1039
117450,970,1037
117451,970,1040
117452,971,1043
117453,973,1046
117454,976,1043
117455,974,1043
117456,974,1041
117457,971,1042
117458,972,1046
117459,979,1047
117460,981,1047
117461,977,1043
117462,974,1041
117463,973,1041
117464,974,1044
117465,979,1048
117466,978,1045
117467,975,1042
117468,972,1038
117469,972,1040
117470,972,1042
117471,978,1044
117472,980,1041
117473,976,1036
117474,974,1035
117475,972,1036
117476,974,1037
117477,977,1041
117478,978,1041
117479,976,1037
117480,972,1034
117481,970,1036
117482,974,1039
117483,974,1043
117484,976,1040
117485,973,1037
117486,969,1036
117487,968,1037
117488,970,1040
117489,975,1043
117490,976,1042
117491,974,1037
117492,968,1037
117493,968,1039
117494,971,1041
117495,974,1046
117496,975,1042
117497,972,1037
117498,970,1035
117499,969,1039
117500,974,1042
117501,976,1043
117502,978,1042
117503,975,1039
117504,972,1038
117505,974,1041
117506,973,1042
117507,978,1044
117508,978,1042
117509,980,1040
117510,977,1039
117511,977,1040
117512,981,1043
117513,983,1047
117514,980,1042
117515,980,1040
117516,975,1036
117517,975,1037
117518,977,1039
117519,980,1042
117520,981,1040
117521,980,1034
117522,976,1034
117523,973,1038
117524,975,1041
117525,980,1043
117526,977,1042
117527,977,1038
117528,972,1037
117529,973,1041
117530,974,1042
117531,979,1044
117532,979,1041
117533,979,1039
117534,970,1039
117535,972,1040
117536,974,1045
117537,977,1047
117538,975,1046
117539,973,1041
117540,973,1040
117541,976,1039
117542,979,1043
117543,980,1045
117544,978,1041
117545,976,1039
117546,975,1039
117547,976,1040
117548,977,1041
117549,979,1043
117550,980,1039
117551,978,1036
117552,975,1035
117553,978,1038
117554,978,1041
117555,982,1041
117556,980,1042
117557,976,1035
117558,977,1035
117559,976,1039
117560,979,1042
117561,981,1043
117562,982,1041
117563,979,1039
117564,976,1037
117565,975,1037
117566,976,1041
117567,982,1042
117568,982,1043
117569,978,1038
117570,975,1037
117571,973,1039
117572,973,1039
117573,977,1040
117574,978,1039
117575,979,1037
117576,974,1034
117577,977,1038
117578,977,1040
117579,980,1042
117580,979,1041
117581,975,1040
117582,971,1035
117583,972,1038
117584,973,1036
117585,977,1041
117586,978,1038
117587,975,1039
117588,973,1037
117589,971,1041
117590,973,1041
117591,976,1044
117592,977,1042
117593,977,1040
117594,974,1042
117595,976,1044
117596,976,1043
117597,980,1047
117598,980,1045
117599,980,1043
117600,974,1041
117601,974,1043
117602,978,1044
117603,982,1046
117604,983,1045
117605,982,1038
117606,978,1038
117607,978,1039
117608,982,1041
117609,984,1042
117610,985,1040
117611,984,1039
117612,981,1035
117613,981,1036
117614,982,1040
117615,986,1041
117616,986,1040
117617,983,1039
117618,981,1035
117619,981,1037
117620,986,1040
117621,991,1039
117622,992,1037
117623,987,1034
117624,984,1032
117625,985,1031
117626,989,1033
117627,997,1031
117628,1003,1026
117629,1011,1023
117630,1024,1019
117631,1045,1015
117632,1072,1018
117633,1104,1015
117634,1137,1008
117635,1168,1000
117636,1190,993
117637,1216,994
117638,1253,994
117639,1286,998
117640,1314,1002
117641,1330,1009
117642,1329,1020
117643,1309,1030
117644,1273,1038
117645,1226,1045
117646,1172,1049
117647,1120,1048
117648,1062,1047
117649,1011,1049
117650,979,1051
117651,970,1054
117652,977,1048
117653,984,1038
117654,985,1036
117655,986,1034
117656,982,1037
117657,980,1039
117658,979,1037
117659,977,1034
117660,972,1032
117661,970,1036
117662,974,1038
117663,974,1040
117664,972,1038
117665,966,1035
117666,963,1034
117667,958,1037
117668,960,1038
117669,962,1042
117670,962,1038
117671,959,1035
117672,956,1033
117673,957,1034
117674,956,1035
117675,957,1036
117676,958,1038
117677,958,1031
117678,954,1031
117679,954,1032
117680,956,1036
117681,958,1038
117682,960,1038
117683,959,1037
117684,955,1038
117685,954,1035
117686,958,1039
117687,958,1039
117688,962,1039
117689,957,1038
117690,954,1035
117691,956,1038
117692,960,1039
117693,965,1043
117694,967,1042
117695,966,1039
117696,965,1038
117697,966,1038
117698,970,1040
117699,973,1040
117700,972,1039
117701,970,1034
117702,968,1031
117703,971,1036
117704,974,1036
117705,976,1038
117706,978,1035
117707,976,1032
117708,974,1029
117709,971,1030
117710,975,1032
117711,979,1034
117712,984,1030
117713,981,1028
117714,980,1025
117715,980,1026
117716,984,1031
117717,987,1030
117718,989,1029
117719,989,1026
117720,988,1026
117721,988,1025
117722,991,1029
117723,995,1027
117724,998,1026
117725,999,1021
117726,998,1020
117727,1002,1019
117728,1007,1021
117729,1009,1017
117730,1010,1019
117731,1005,1017
117732,1006,1012
117733,1011,1013
117734,1016,1017
117735,1019,1018
117736,1020,1014
117737,1018,1011
117738,1014,1010
117739,1014,1011
117740,1019,1010
117741,1023,1012
117742,1023,1011
117743,1020,1008
117744,1017,1010
117745,1017,1012
117746,1018,1012
117747,1021,1017
117748,1021,1018
117749,1020,1014
117750,1020,1015
117751,1019,1016
117752,1020,1021
117753,1020,1021
117754,1018,1022
117755,1016,1019
117756,1011,1020
117757,1010,1023
117758,1011,1026
117759,1011,1027
117760,1008,1030
117761,1003,1027
117762,997,1027
117763,994,1028
117764,994,1034
117765,996,1036
117766,995,1037
117767,993,1035
117768,985,1031
117769,982,1033
117770,985,1036
117771,985,1038
117772,982,1037
117773,978,1037
117774,976,1036
117775,975,1042
117776,974,1044
117777,974,1046
117778,977,1044
117779,976,1039
117780,972,1039
117781,968,1039
117782,970,1042
117783,975,1044
117784,974,1041
117785,973,1041
117786,971,1039
117787,971,1039
117788,972,1039
117789,977,1043
117790,977,1040
117791,975,1037
117792,972,1034
117793,973,1036
117794,972,1037
117795,973,1037
117796,973,1034
117797,969,1031
117798,968,1031
117799,968,1032
117800,972,1035
117801,977,1037
117802,977,1039
117803,974,1034
117804,972,1035
117805,974,1037
117806,979,1040
117807,982,1043
117808,981,1041
117809,976,1038
117810,973,1038
117811,972,1039
117812,976,1041
117813,979,1043
117814,980,1043
117815,978,1040
117816,979,1039
117817,979,1042
117818,978,1044
117819,979,1045
117820,981,1045
117821,982,1039
117822,980,1037
117823,978,1041
117824,977,1044
117825,980,1043
117826,983,1042
117827,983,1036
117828,979,1038
117829,979,1038
117830,981,1039
117831,986,1040
117832,985,1038
117833,984,1034
117834,976,1033
117835,977,1034
117836,980,1038
117837,983,1038
117838,981,1037
117839,976,1034
117840,975,1033
117841,975,1036
117842,974,1037
117843,975,1039
117844,976,1036
117845,977,1033
117846,972,1033
117847,971,1035
117848,974,1032
117849,975,1039
117850,974,1037
117851,973,1034
117852,970,1033
117853,969,1032
117854,969,1037
117855,971,1036
117856,973,1036
117857,972,1034
117858,967,1030
117859,966,1033
117860,970,1037
117861,975,1036
117862,976,1035
117863,973,1035
117864,968,1034
117865,968,1034
117866,970,1038
117867,973,1037
117868,972,1038
117869,970,1036
117870,967,1036
117871,967,1036
117872,971,1038
117873,970,1040
117874,974,1040
117875,973,1040
117876,970,1037
117877,971,1038
117878,973,1041
117879,973,1041
117880,976,1040
117881,975,1041
117882,972,1038
117883,972,1035
117884,973,1041
117885,976,1039
117886,979,1039
117887,976,1035
117888,975,1035
117889,971,1034
117890,976,1035
117891,978,1038
117892,973,1037
117893,972,1035
117894,971,1032
117895,969,1033
117896,971,1036
117897,974,1037
117898,973,1035
117899,972,1030
117900,970,1031
117901,971,1034
117902,975,1036
117903,975,1037
117904,973,1033
117905,970,1033
117906,969,1030
117907,968,1032
117908,969,1036
117909,972,1037
117910,972,1036
117911,973,1035
117912,970,1036
117913,970,1035
117914,969,1039
117915,971,1042
117916,971,1037
117917,970,1036
117918,970,1036
117919,971,1037
117920,973,1038
117921,974,1042
117922,977,1040
117923,975,1037
117924,972,1036
117925,971,1037
117926,975,1039
117927,979,1039
117928,978,1038
117929,977,1035
117930,974,1034
117931,978,1033
117932,987,1033
117933,995,1029
117934,1005,1029
117935,1011,1023
117936,1022,1017
117937,1039,1019
117938,1064,1016
117939,1097,1012
117940,1131,1006
117941,1167,995
117942,1204,991
117943,1244,996
117944,1280,1006
117945,1302,1022
117946,1311,1033
117947,1297,1040
117948,1268,1041
117949,1218,1043
117950,1165,1048
117951,1106,1057
117952,1041,1063
117953,980,1065
117954,939,1068
117955,931,1068
117956,938,1063
117957,954,1059
117958,962,1048
117959,964,1041
117960,964,1035
117961,960,1029
117962,961,1032
117963,962,1033
117964,964,1030
117965,962,1029
117966,959,1028
117967,957,1032
117968,958,1033
117969,958,1035
117970,957,1035
117971,958,1033
117972,955,1032
117973,955,1031
117974,955,1032
117975,955,1035
117976,958,1035
117977,955,1031
117978,953,1030
117979,956,1031
117980,959,1035
117981,958,1036
117982,961,1032
117983,954,1033
117984,950,1031
117985,953,1031
117986,957,1035
117987,960,1035
117988,961,1035
117989,958,1031
117990,954,1032
117991,956,1032
117992,957,1033
117993,958,1032
117994,958,1033
117995,959,1031
117996,957,1030
117997,957,1031
117998,960,1035
117999,963,1032
118000,967,1031
118001,963,1027
118002,959,1025
118003,955,1027
118004,955,1029
118005,961,1030
118006,961,1028
118007,961,1026
118008,959,1023
118009,962,1023
118010,966,1028
118011,970,1029
118012,969,1025
118013,965,1023
118014,965,1021
118015,968,1021
118016,974,1022
118017,981,1026
118018,984,1023
118019,985,1019
118020,984,1015
118021,986,1018
118022,986,1018
118023,991,1016
118024,991,1015
118025,991,1011
118026,994,1010
118027,997,1011
118028,1000,1012
118029,1005,1010
118030,1002,1008
118031,1002,1005
118032,1001,1002
118033,1006,1001
118034,1007,1004
118035,1014,1005
118036,1015,1002
118037,1014,998
118038,1013,993
118039,1010,995
118040,1014,997
118041,1020,1000
118042,1020,995
118043,1020,995
118044,1016,991
118045,1016,993
118046,1018,995
118047,1019,997
118048,1020,996
118049,1013,993
118050,1012,994
118051,1010,997
118052,1010,1000
118053,1010,1003
118054,1009,1003
118055,1005,1004
118056,1001,1003
118057,997,1006
118058,998,1010
118059,1000,1015
118060,999,1014
118061,995,1013
118062,986,1017
118063,985,1019
118064,987,1022
118065,989,1026
118066,986,1027
118067,982,1025
118068,977,1027
118069,975,1031
118070,974,1033
118071,976,1035
118072,974,1035
118073,972,1032
118074,970,1031
118075,968,1034
118076,970,1039
118077,972,1042
118078,972,1038
118079,971,1034
118080,967,1037
118081,967,1037
118082,969,1039
118083,971,1040
118084,971,1041
118085,967,1038
118086,965,1038
118087,965,1038
118088,968,1041
118089,970,1041
118090,970,1039
118091,970,1036
118092,968,1039
118093,971,1041
118094,978,1043
118095,981,1046
118096,988,1043
118097,991,1041
118098,992,1041
118099,994,1047
118100,1002,1049
118101,1011,1050
118102,1023,1046
118103,1038,1035
118104,1049,1022
118105,1064,1010
118106,1079,1001
118107,1090,990
118108,1106,979
118109,1121,966
118110,1133,953
118111,1148,942
118112,1169,930
118113,1192,917
118114,1213,901
118115,1230,887
118116,1242,876
118117,1246,873
118118,1249,873
118119,1246,876
118120,1239,877
118121,1234,873
118122,1229,872
118123,1224,873
118124,1214,877
118125,1201,878
118126,1176,882
118127,1151,880
118128,1127,884
118129,1098,897
118130,1072,909
118131,1050,917
118132,1028,926
118133,1012,928
118134,1000,936
118135,998,950
118136,996,961
118137,992,970
118138,986,973
118139,984,978
118140,987,982
118141,1001,994
118142,1023,998
118143,1040,1005
118144,1052,1003
118145,1048,1003
118146,1031,1008
118147,1002,1015
118148,972,1023
118149,948,1035
118150,931,1040
118151,918,1047
118152,913,1055
118153,910,1061
118154,909,1068
118155,910,1073
118156,906,1073
118157,901,1072
118158,892,1075
118159,891,1075
118160,893,1082
118161,892,1086
118162,891,1087
118163,887,1083
118164,883,1086
118165,877,1089
118166,879,1089
118167,883,1094
118168,882,1093
118169,881,1090
118170,878,1093
118171,876,1093
118172,876,1099
118173,880,1101
118174,878,1101
118175,874,1100
118176,872,1097
118177,871,1104
118178,870,1107
118179,871,1110
118180,877,1107
118181,874,1106
118182,870,1108
118183,867,1111
118184,870,1115
118185,872,1118
118186,871,1116
118187,868,1117
118188,869,1117
118189,870,1121
118190,872,1126
118191,877,1129
118192,876,1127
118193,873,1128
118194,872,1126
118195,873,1129
118196,874,1136
118197,878,1137
118198,881,1138
118199,882,1139
118200,880,1138
118201,882,1139
118202,887,1144
118203,891,1143
118204,896,1144
118205,897,1144
118206,896,1141
118207,898,1145
118208,903,1148
118209,910,1148
118210,913,1144
118211,914,1140
118212,915,1137
118213,918,1138
118214,922,1136
118215,932,1138
118216,935,1130
118217,936,1121
118218,934,1116
118219,938,1115
118220,944,1112
118221,953,1110
118222,958,1106
118223,958,1096
118224,958,1091
118225,962,1087
118226,967,1087
118227,967,1084
118228,967,1080
118229,969,1072
118230,974,1066
118231,977,1063
118232,979,1063
118233,965,1061
118234,949,1055
118235,938,1055
118236,937,1053
118237,941,1056
118238,947,1057
118239,952,1055
118240,956,1054
118241,953,1050
118242,954,1047
118243,954,1047
118244,956,1050
118245,960,1049
118246,959,1045
118247,958,1044
118248,957,1044
118249,955,1043
118250,959,1046
118251,963,1047
118252,965,1044
118253,963,1043
118254,960,1041
118255,958,1040
118256,959,1043
118257,961,1044
118258,963,1042
118259,964,1038
118260,961,1038
118261,958,1042
118262,960,1040
118263,962,1041
118264,962,1039
118265,963,1038
118266,961,1035
118267,962,1037
118268,963,1039
118269,967,1039
118270,967,1036
118271,964,1033
118272,966,1030
118273,964,1033
118274,967,1035
118275,970,1037
118276,970,1036
118277,968,1032
118278,965,1030
118279,962,1031
118280,967,1034
118281,968,1034
118282,969,1035
118283,965,1032
118284,965,1031
118285,961,1033
118286,963,1033
118287,970,1036
118288,969,1036
118289,968,1035
118290,966,1032
118291,964,1037
118292,965,1038
118293,969,1039
118294,972,1035
118295,965,1034
118296,962,1033
118297,962,1033
118298,964,1035
118299,969,1036
118300,969,1035
118301,966,1034
118302,963,1032
118303,963,1033
118304,966,1035
118305,970,1035
118306,967,1034
118307,963,1032
118308,963,1029
118309,962,1031
118310,965,1033
118311,966,1035
118312,966,1033
118313,967,1030
118314,961,1027
118315,958,1031
118316,962,1031
118317,963,1036
118318,964,1033
118319,963,1029
118320,959,1029
118321,958,1030
118322,959,1031
118323,963,1030
118324,962,1028
118325,962,1024
118326,958,1022
118327,958,1023
118328,960,1027
118329,964,1029
118330,965,1026
118331,961,1027
118332,961,1026
118333,961,1029
118334,963,1033
118335,966,1035
118336,964,1031
118337,962,1030
118338,958,1031
118339,959,1034
118340,965,1035
118341,971,1038
118342,969,1036
118343,969,1034
118344,963,1031
118345,963,1033
118346,961,1034
118347,964,1037
118348,965,1035
118349,962,1034
118350,959,1033
118351,958,1034
118352,962,1038
118353,967,1038
118354,967,1036
118355,967,1031
118356,965,1028
118357,962,1028
118358,964,1030
118359,966,1031
118360,963,1030
118361,959,1029
118362,954,1028
118363,956,1031
118364,960,1034
118365,964,1033
118366,967,1032
118367,961,1031
118368,960,1029
118369,957,1029
118370,963,1032
118371,963,1033
118372,963,1031
118373,960,1027
118374,957,1028
118375,956,1029
118376,960,1030
118377,962,1033
118378,962,1033
118379,958,1031
118380,957,1030
118381,957,1031
118382,958,1031
118383,963,1033
118384,963,1032
118385,963,1029
118386,963,1030
118387,961,1033
118388,962,1035
118389,966,1037
118390,965,1035
118391,963,1033
118392,961,1035
118393,961,1037
118394,963,1041
118395,965,1040
118396,965,1036
118397,963,1035
118398,964,1033
118399,963,1037
118400,965,1039
118401,968,1038
118402,966,1035
118403,964,1031
118404,963,1029
118405,965,1028
118406,965,1032
118407,968,1031
118408,966,1031
118409,965,1026
118410,963,1028
118411,964,1027
118412,967,1031
118413,971,1032
118414,971,1031
118415,970,1026
118416,966,1024
118417,967,1027
118418,967,1030
118419,970,1031
118420,967,1030
118421,966,1026
118422,966,1025
118423,968,1026
118424,969,1031
118425,972,1031
118426,972,1028
118427,967,1026
118428,965,1026
118429,966,1028
118430,969,1030
118431,972,1031
118432,970,1030
118433,969,1027
118434,968,1028
118435,964,1031
118436,967,1032
118437,970,1031
118438,970,1032
118439,970,1030
118440,972,1029
118441,969,1033
118442,973,1034
118443,977,1036
118444,976,1035
118445,971,1030
118446,973,1030
118447,969,1030
118448,971,1034
118449,975,1036
118450,975,1034
118451,972,1030
118452,969,1027
118453,971,1031
118454,977,1033
118455,983,1031
118456,985,1027
118457,988,1023
118458,993,1018
118459,1005,1018
118460,1021,1020
118461,1043,1016
118462,1068,1014
118463,1102,1006
118464,1140,1000
118465,1182,994
118466,1223,993
118467,1256,997
118468,1288,1003
118469,1308,1012
118470,1303,1023
118471,1275,1032
118472,1231,1037
118473,1175,1040
118474,1114,1047
118475,1046,1049
118476,984,1051
118477,943,1058
118478,933,1062
118479,942,1059
118480,955,1049
118481,963,1038
118482,967,1033
118483,966,1034
118484,967,1034
118485,970,1034
118486,971,1032
118487,966,1030
118488,965,1029
118489,965,1033
118490,967,1034
118491,969,1036
118492,966,1034
118493,964,1030
118494,961,1033
118495,961,1033
118496,961,1036
118497,960,1036
118498,963,1039
118499,961,1037
118500,959,1033
118501,957,1036
118502,956,1038
118503,961,1037
118504,959,1034
118505,957,1029
118506,957,1028
118507,959,1030
118508,961,1033
118509,966,1033
118510,961,1031
118511,958,1029
118512,959,1029
118513,957,1028
118514,961,1032
118515,963,1034
118516,964,1032
118517,964,1028
118518,964,1030
118519,964,1029
118520,965,1034
118521,967,1031
118522,965,1031
118523,960,1028
118524,960,1028
118525,963,1030
118526,967,1032
118527,971,1032
118528,969,1029
118529,968,1026
118530,965,1026
118531,967,1027
118532,971,1030
118533,973,1029
118534,975,1027
118535,973,1023
118536,972,1023
118537,975,1024
118538,977,1027
118539,979,1028
118540,979,1023
118541,977,1023
118542,977,1021
118543,979,1021
118544,984,1023
118545,989,1021
118546,985,1021
118547,986,1019
118548,987,1015
118549,990,1016
118550,995,1018
118551,998,1018
118552,997,1016
118553,995,1010
118554,991,1009
118555,991,1011
118556,996,1014
118557,999,1012
118558,999,1011
118559,995,1011
118560,996,1006
118561,998,1010
118562,996,1012
118563,1001,1013
118564,1000,1011
118565,1000,1011
118566,999,1008
118567,1002,1011
118568,1005,1015
118569,1010,1012
118570,1008,1011
118571,1005,1009
118572,1006,1007
118573,1007,1010
118574,1008,1012
118575,1012,1013
118576,1011,1012
118577,1011,1011
118578,1006,1012
118579,1001,1015
118580,1004,1020
118581,1004,1021
118582,1003,1023
118583,1000,1021
118584,999,1021
118585,1001,1024
118586,1001,1028
118587,999,1032
118588,993,1028
118589,988,1026
118590,986,1028
118591,983,1031
118592,985,1035
118593,986,1034
118594,987,1033
118595,983,1031
118596,979,1033
118597,977,1032
118598,977,1035
118599,981,1036
118600,978,1035
118601,975,1031
118602,971,1032
118603,973,1034
118604,972,1037
118605,977,1037
118606,973,1033
118607,970,1030
118608,964,1031
118609,968,1034
118610,971,1038
118611,973,1038
118612,972,1037
118613,973,1034
118614,977,1033
118615,978,1035
118616,980,1036
118617,980,1036
118618,980,1035
118619,982,1031
118620,986,1032
118621,992,1030
118622,993,1035
118623,986,1034
118624,975,1034
118625,968,1036
118626,968,1037
118627,978,1038
118628,984,1039
118629,986,1039
118630,985,1031
118631,976,1027
118632,970,1028
118633,966,1033
118634,968,1039
118635,972,1039
118636,973,1039
118637,975,1035
118638,975,1034
118639,977,1034
118640,982,1035
118641,985,1034
118642,983,1031
118643,983,1031
118644,979,1028
118645,979,1029
118646,982,1032
118647,982,1032
118648,980,1031
118649,975,1030
118650,973,1028
118651,977,1031
118652,977,1034
118653,977,1034
118654,976,1033
118655,975,1030
118656,973,1027
118657,970,1030
118658,974,1034
118659,971,1036
118660,973,1033
118661,971,1031
118662,967,1031
118663,967,1033
118664,968,1038
118665,969,1037
118666,969,1036
118667,969,1036
118668,966,1034
118669,965,1034
118670,962,1039
118671,969,1039
118672,971,1037
118673,969,1033
118674,966,1031
118675,966,1033
118676,969,1033
118677,973,1032
118678,974,1035
118679,974,1031
118680,970,1029
118681,972,1031
118682,978,1034
118683,978,1035
118684,979,1033
118685,974,1031
118686,971,1031
118687,970,1031
118688,974,1033
118689,975,1034
118690,977,1030
118691,975,1030
118692,972,1027
118693,973,1028
118694,978,1029
118695,986,1028
118696,991,1026
118697,1003,1020
118698,1018,1016
118699,1035,1017
118700,1070,1018
118701,1111,1012
118702,1151,1001
118703,1193,996
118704,1233,991
118705,1270,1001
118706,1297,1017
118707,1301,1030
118708,1280,1036
118709,1236,1037
118710,1178,1037
118711,1113,1047
118712,1049,1058
118713,978,1072
118714,917,1078
118715,891,1083
118716,897,1078
118717,918,1075
118718,937,1067
118719,951,1061
118720,955,1053
118721,955,1044
118722,951,1040
118723,949,1037
118724,950,1041
118725,949,1042
118726,949,1039
118727,948,1035
118728,945,1034
118729,944,1035
118730,947,1036
118731,948,1038
118732,949,1036
118733,949,1032
118734,945,1030
118735,943,1031
118736,945,1033
118737,947,1031
118738,951,1033
118739,952,1030
118740,953,1027
118741,950,1032
118742,950,1032
118743,953,1034
118744,947,1034
118745,948,1033
118746,946,1033
118747,944,1036
118748,947,1040
118749,950,1041
118750,951,1040
118751,950,1034
118752,948,1037
118753,943,1039
118754,949,1040
118755,954,1040
118756,955,1040
118757,952,1036
118758,948,1036
118759,948,1036
118760,951,1037
118761,952,1036
118762,951,1035
118763,949,1032
118764,946,1033
118765,949,1029
118766,954,1034
118767,959,1034
118768,958,1035
118769,958,1031
118770,959,1027
118771,960,1030
118772,965,1032
118773,968,1028
118774,971,1023
118775,968,1019
118776,967,1018
118777,966,1019
118778,972,1020
118779,977,1019
118780,979,1014
118781,980,1011
118782,977,1008
118783,978,1006
118784,982,1010
118785,988,1007
118786,990,1003
118787,989,999
118788,991,996
118789,994,998
118790,999,1001
118791,1002,999
118792,1006,998
118793,1001,996
118794,998,995
118795,993,997
118796,995,996
118797,1003,995
118798,1003,997
118799,1002,992
118800,1003,992
118801,1005,997
118802,1009,998
118803,1009,1002
118804,1009,1002
118805,1006,1002
118806,1003,1002
118807,999,1005
118808,1003,1009
118809,1004,1009
118810,1003,1012
118811,998,1009
118812,997,1014
118813,994,1016
118814,993,1021
118815,995,1024
118816,992,1024
118817,988,1022
118818,980,1026
118819,979,1031
118820,978,1036
118821,978,1037
118822,976,1038
118823,974,1035
118824,968,1036
118825,965,1039
118826,963,1043
118827,964,1044
118828,964,1044
118829,965,1040
118830,963,1040
118831,965,1046
118832,969,1050
118833,969,1050
118834,965,1050
118835,960,1046
118836,957,1048
118837,957,1046
118838,959,1050
118839,963,1050
118840,962,1047
118841,960,1046
118842,961,1048
118843,961,1048
118844,965,1052
118845,964,1051
118846,966,1050
118847,962,1048
118848,963,1048
118849,965,1049
118850,969,1053
118851,972,1052
118852,972,1052
118853,974,1047
118854,974,1047
118855,972,1048
118856,974,1053
118857,973,1049
118858,971,1044
118859,971,1041
118860,971,1043
118861,974,1045
118862,974,1048
118863,976,1048
118864,975,1044
118865,975,1043
118866,972,1040
118867,973,1040
118868,974,1044
118869,978,1045
118870,976,1042
118871,973,1042
118872,966,1040
118873,964,1041
118874,972,1045
118875,976,1045
118876,974,1046
118877,973,1043
118878,970,1043
118879,970,1045
118880,974,1051
118881,976,1049
118882,970,1049
118883,968,1044
118884,964,1042
118885,966,1043
118886,970,1045
118887,971,1048
118888,970,1049
118889,966,1047
118890,964,1047
118891,964,1050
118892,968,1053
118893,970,1053
118894,968,1049
118895,968,1048
118896,964,1047
118897,965,1047
118898,964,1051
118899,965,1051
118900,967,1051
118901,966,1046
118902,965,1045
118903,965,1046
118904,970,1048
118905,974,1047
118906,972,1045
118907,969,1043
118908,965,1044
118909,966,1044
118910,967,1046
118911,969,1044
118912,973,1046
118913,968,1043
118914,968,1041
118915,969,1043
118916,970,1048
118917,974,1046
118918,974,1045
118919,972,1039
118920,970,1041
118921,969,1040
118922,975,1043
118923,981,1040
118924,986,1038
118925,992,1031
118926,1004,1030
118927,1022,1029
118928,1042,1030
118929,1074,1029
118930,1112,1021
118931,1154,1011
118932,1198,1003
118933,1244,1006
118934,1279,1015
118935,1306,1028
118936,1310,1038
118937,1288,1041
118938,1239,1044
118939,1177,1046
118940,1106,1056
118941,1033,1068
118942,962,1075
118943,916,1082
118944,907,1084
118945,923,1079
118946,944,1075
118947,956,1064
118948,960,1058
118949,961,1050
118950,960,1050
118951,960,1050
118952,961,1053
118953,961,1051
118954,962,1051
118955,958,1047
118956,956,1047
118957,954,1050
118958,954,1051
118959,957,1051
118960,952,1049
118961,951,1047
118962,951,1046
118963,952,1051
118964,958,1051
118965,957,1052
118966,956,1047
118967,948,1044
118968,948,1045
118969,950,1050
118970,953,1050
118971,951,1049
118972,953,1046
118973,951,1044
118974,950,1043
118975,949,1045
118976,953,1046
118977,955,1047
118978,955,1043
118979,951,1041
118980,951,1040
118981,953,1044
118982,956,1045
118983,959,1046
118984,959,1044
118985,953,1040
118986,956,1038
118987,952,1042
118988,955,1042
118989,959,1044
118990,958,1043
118991,959,1040
118992,960,1041
118993,963,1041
118994,966,1041
118995,968,1040
118996,966,1035
118997,967,1032
118998,969,1034
118999,969,1037
119000,976,1036
119001,979,1037
119002,980,1034
119003,977,1031
119004,977,1027
119005,978,1029
119006,984,1028
119007,988,1028
119008,989,1025
119009,986,1020
119010,986,1020
119011,987,1021
119012,991,1020
119013,993,1022
119014,992,1016
119015,992,1015
119016,989,1013
119017,990,1014
119018,994,1014
119019,1001,1016
119020,998,1013
119021,994,1011
119022,997,1009
119023,999,1008
119024,1003,1013
119025,1006,1013
119026,1004,1013
119027,1003,1013
119028,998,1013
119029,996,1015
119030,997,1021
119031,1001,1018
119032,999,1017
119033,997,1016
119034,992,1014
119035,993,1021
119036,994,1022
119037,995,1026
119038,992,1025
119039,988,1023
119040,985,1026
119041,978,1028
119042,981,1032
119043,983,1034
119044,982,1035
119045,977,1034
119046,972,1037
119047,973,1043
119048,970,1048
119049,976,1049
119050,974,1047
119051,969,1047
119052,963,1046
119053,962,1050
119054,966,1054
119055,967,1052
119056,966,1052
119057,960,1050
119058,959,1048
119059,960,1053
119060,962,1055
119061,965,1056
119062,965,1055
119063,960,1054
119064,960,1052
119065,960,1052
119066,963,1056
119067,964,1055
119068,962,1054
119069,960,1052
119070,957,1051
119071,956,1052
119072,961,1052
119073,964,1054
119074,966,1052
119075,962,1048
119076,961,1049
119077,961,1052
119078,967,1056
119079,972,1056
119080,971,1052
119081,966,1048
119082,962,1049
119083,963,1048
119084,966,1048
119085,969,1049
119086,969,1045
119087,966,1045
119088,965,1042
119089,967,1043
119090,968,1046
119091,970,1046
119092,972,1044
119093,971,1043
119094,970,1043
119095,971,1047
119096,974,1050
119097,976,1049
119098,973,1047
119099,971,1044
119100,971,1045
119101,971,1046
119102,976,1053
119103,977,1050
119104,975,1048
119105,971,1046
119106,969,1046
119107,972,1049
119108,975,1050
119109,975,1053
119110,974,1049
119111,974,1047
119112,974,1048
119113,970,1049
119114,972,1051
119115,974,1051
119116,974,1050
119117,973,1049
119118,972,1050
119119,971,1053
119120,972,1055
119121,976,1053
119122,978,1049
119123,972,1044
119124,969,1043
119125,966,1042
119126,968,1045
119127,973,1047
119128,971,1044
119129,967,1042
119130,966,1041
119131,965,1045
119132,969,1045
119133,973,1045
119134,973,1043
119135,969,1041
119136,963,1038
119137,962,1043
119138,962,1046
119139,968,1044
119140,967,1043
119141,965,1041
119142,962,1042
119143,962,1044
119144,963,1047
119145,965,1048
119146,963,1047
119147,966,1045
119148,965,1046
119149,963,1049
119150,963,1053
119151,963,1051
119152,965,1049
119153,967,1047
119154,965,1048
119155,965,1053
119156,968,1056
119157,971,1057
119158,971,1053
119159,967,1051
119160,964,1049
119161,964,1050
119162,968,1054
119163,972,1054
119164,972,1052
119165,970,1049
119166,968,1049
119167,968,1049
119168,971,1052
119169,975,1052
119170,974,1051
119171,975,1044
119172,971,1045
119173,969,1047
119174,973,1048
119175,975,1049
119176,975,1048
119177,973,1046
119178,971,1045
119179,969,1047
119180,971,1048
119181,974,1050
119182,974,1046
119183,967,1043
119184,966,1042
119185,964,1045
119186,969,1048
119187,973,1046
119188,972,1045
119189,969,1045
119190,966,1044
119191,969,1051
119192,972,1054
119193,972,1054
119194,968,1052
119195,965,1048
119196,967,1050
119197,969,1050
119198,972,1054
119199,973,1055
119200,971,1052
119201,972,1048
119202,973,1049
119203,975,1052
119204,975,1054
119205,978,1052
119206,980,1053
119207,980,1047
119208,978,1049
119209,980,1049
119210,982,1051
119211,982,1051
119212,985,1048
119213,985,1045
119214,980,1046
119215,979,1045
119216,983,1048
119217,988,1050
119218,986,1049
119219,984,1046
119220,981,1044
119221,980,1047
119222,985,1050
119223,987,1051
119224,988,1047
119225,987,1044
119226,987,1043
119227,997,1040
119228,1010,1042
119229,1025,1039
119230,1041,1035
119231,1059,1033
119232,1091,1023
119233,1137,1019
119234,1184,1009
119235,1223,1004
119236,1259,1000
119237,1287,1004
119238,1310,1016
119239,1312,1034
119240,1290,1042
119241,1241,1047
119242,1172,1052
119243,1098,1055
119244,1020,1065
119245,964,1072
119246,940,1074
119247,940,1073
119248,953,1063
119249,966,1055
119250,970,1050
119251,970,1050
119252,970,1051
119253,970,1052
119254,969,1050
119255,967,1049
119256,965,1050
119257,964,1050
119258,966,1053
119259,969,1053
119260,965,1050
119261,965,1049
119262,963,1049
119263,962,1051
119264,962,1051
119265,966,1051
119266,964,1050
119267,961,1047
119268,959,1047
119269,958,1049
119270,962,1053
119271,964,1050
119272,965,1051
119273,961,1045
119274,959,1046
119275,958,1046
119276,963,1049
119277,966,1049
119278,966,1050
119279,963,1048
119280,962,1044
119281,962,1045
119282,965,1049
119283,963,1049
119284,964,1047
119285,960,1047
119286,960,1048
119287,962,1047
119288,965,1049
119289,966,1052
119290,965,1047
119291,965,1047
119292,963,1047
119293,964,1046
119294,968,1051
119295,970,1049
119296,971,1046
119297,969,1043
119298,968,1043
119299,972,1045
119300,974,1047
119301,980,1044
119302,984,1042
119303,982,1037
119304,981,1038
119305,983,1039
119306,984,1042
119307,987,1039
119308,993,1037
119309,994,1035
119310,994,1033
119311,995,1032
119312,997,1035
119313,997,1032
119314,1000,1030
119315,1001,1027
119316,1000,1025
119317,1002,1025
119318,1004,1026
119319,1010,1026
119320,1010,1024
119321,1004,1020
119322,1004,1019
119323,1007,1021
119324,1011,1021
119325,1018,1023
119326,1019,1018
119327,1016,1017
119328,1015,1015
119329,1016,1017
119330,1017,1019
119331,1019,1021
119332,1019,1016
119333,1020,1014
119334,1015,1016
119335,1015,1019
119336,1019,1023
119337,1024,1023
119338,1021,1023
119339,1013,1024
119340,1011,1022
119341,1011,1025
119342,1014,1030
119343,1017,1031
119344,1011,1030
119345,1008,1029
119346,1003,1034
119347,1003,1037
119348,1002,1042
119349,1002,1044
119350,997,1044
119351,991,1042
119352,988,1042
119353,984,1045
119354,985,1050
119355,990,1050
119356,989,1049
119357,985,1047
119358,983,1045
119359,981,1049
119360,984,1055
119361,987,1053
119362,985,1054
119363,978,1051
119364,977,1048
119365,975,1053
119366,976,1055
119367,978,1055
119368,978,1052
119369,979,1052
119370,975,1050
119371,974,1051
119372,974,1056
119373,976,1055
119374,977,1052
119375,973,1050
119376,971,1048
119377,970,1052
119378,975,1051
119379,977,1052
119380,978,1051
119381,976,1050
119382,975,1048
119383,976,1050
119384,980,1053
119385,982,1052
119386,982,1050
119387,978,1047
119388,977,1045
119389,979,1047
119390,984,1054
119391,989,1051
119392,987,1050
119393,983,1049
119394,983,1050
119395,981,1048
119396,982,1050
119397,986,1050
119398,988,1048
119399,985,1048
119400,981,1046
119401,981,1048
119402,985,1049
119403,985,1050
119404,982,1051
119405,982,1045
119406,983,1043
119407,984,1047
119408,985,1046
119409,986,1047
119410,985,1046
119411,983,1042
119412,979,1043
119413,982,1042
119414,986,1046
119415,987,1045
119416,985,1044
119417,982,1043
119418,977,1042
119419,976,1045
119420,978,1047
119421,981,1048
119422,981,1044
119423,978,1042
119424,970,1043
119425,972,1047
119426,976,1049
119427,979,1048
119428,980,1047
119429,976,1043
119430,973,1043
119431,974,1047
119432,977,1047
119433,979,1047
119434,978,1048
119435,976,1045
119436,971,1046
119437,971,1049
119438,973,1052
119439,976,1050
119440,980,1049
119441,978,1049
119442,974,1048
119443,973,1050
119444,977,1053
119445,980,1050
119446,978,1050
119447,975,1048
119448,974,1047
119449,973,1047
119450,978,1053
119451,982,1052
119452,981,1047
119453,981,1044
119454,983,1042
119455,986,1046
119456,988,1045
119457,992,1041
119458,997,1038
119459,1001,1034
119460,1008,1033
119461,1022,1031
119462,1042,1034
119463,1066,1033
119464,1101,1028
119465,1134,1016
119466,1171,1008
119467,1214,1006
119468,1256,1008
119469,1293,1017
119470,1308,1031
119471,1300,1042
119472,1263,1050
119473,1209,1053
119474,1145,1058
119475,1072,1068
119476,991,1077
119477,931,1083
119478,909,1091
119479,920,1089
119480,941,1081
119481,959,1070
119482,964,1062
119483,966,1052
119484,966,1048
119485,967,1049
119486,967,1048
119487,967,1048
119488,966,1047
119489,965,1045
119490,962,1043
119491,964,1047
119492,963,1048
119493,966,1047
119494,966,1047
119495,959,1044
119496,956,1043
119497,957,1043
119498,960,1048
119499,963,1049
119500,961,1049
119501,960,1046
119502,959,1044
119503,962,1048
119504,960,1050
119505,964,1050
119506,963,1050
119507,962,1048
119508,959,1048
119509,958,1049
119510,957,1049
119511,958,1048
119512,957,1046
119513,958,1045
119514,958,1045
119515,958,1044
119516,963,1049
119517,965,1049
119518,965,1045
119519,962,1044
119520,962,1042
119521,964,1040
119522,966,1045
119523,965,1044
119524,965,1044
119525,963,1038
119526,960,1035
119527,964,1037
119528,970,1036
119529,971,1037
119530,972,1034
119531,968,1029
119532,969,1028
119533,974,1030
119534,976,1032
119535,983,1031
119536,985,1028
119537,981,1023
119538,980,1022
119539,985,1021
119540,991,1023
119541,995,1018
119542,997,1015
119543,994,1015
119544,992,1012
119545,992,1012
119546,997,1013
119547,1002,1014
119548,1002,1010
119549,1003,1005
119550,1003,1006
119551,1007,1009
119552,1010,1010
119553,1012,1008
119554,1014,1007
119555,1010,1004
119556,1006,1004
119557,1008,1006
119558,1010,1005
119559,1014,1007
119560,1016,1007
119561,1013,1002
119562,1012,1004
119563,1009,1008
119564,1011,1009
119565,1012,1013
119566,1010,1013
119567,1003,1013
119568,1000,1017
119569,1002,1020
119570,999,1025
119571,1000,1025
119572,997,1025
119573,995,1024
119574,987,1024
119575,982,1029
119576,981,1034
119577,984,1036
119578,982,1036
119579,976,1038
119580,971,1038
119581,966,1041
119582,966,1042
119583,967,1045
119584,965,1046
119585,964,1043
119586,961,1043
119587,957,1048
119588,957,1053
119589,963,1053
119590,961,1051
119591,961,1050
119592,957,1050
119593,956,1051
119594,957,1056
119595,961,1055
119596,961,1052
119597,960,1050
119598,960,1052
119599,962,1053
119600,965,1055
119601,969,1053
119602,970,1054
119603,966,1050
119604,966,1051
119605,967,1052
119606,971,1052
119607,975,1052
119608,976,1051
119609,972,1048
119610,970,1047
119611,969,1048
119612,971,1048
119613,976,1046
119614,977,1044
119615,973,1043
119616,973,1042
119617,972,1045
119618,972,1043
119619,976,1039
119620,975,1038
119621,972,1037
119622,970,1038
119623,971,1038
119624,976,1040
119625,978,1042
119626,981,1041
119627,973,1037
119628,972,1037
119629,970,1039
119630,973,1041
119631,974,1043
119632,976,1040
119633,973,1038
119634,971,1039
119635,968,1040
119636,971,1045
119637,972,1043
119638,975,1044
119639,973,1040
119640,969,1041
119641,969,1046
119642,971,1049
119643,974,1048
119644,973,1046
119645,968,1045
119646,965,1044
119647,964,1045
119648,966,1051
119649,968,1049
119650,969,1050
119651,967,1049
119652,965,1047
119653,967,1050
119654,970,1050
119655,971,1048
119656,975,1045
119657,973,1042
119658,969,1044
119659,969,1048
119660,969,1050
119661,972,1047
119662,975,1047
119663,971,1042
119664,969,1042
119665,971,1043
119666,973,1046
119667,974,1046
119668,971,1041
119669,969,1040
119670,964,1041
119671,967,1042
119672,971,1044
119673,974,1043
119674,972,1041
119675,972,1039
119676,970,1040
119677,973,1044
119678,975,1046
119679,980,1045
119680,979,1044
119681,976,1042
119682,976,1042
119683,978,1042
119684,981,1047
119685,984,1045
119686,985,1039
119687,986,1038
119688,989,1035
119689,997,1035
119690,1011,1035
119691,1029,1034
119692,1048,1030
119693,1069,1027
119694,1098,1020
119695,1138,1018
119696,1176,1012
119697,1222,1007
119698,1260,1005
119699,1291,1009
119700,1306,1020
119701,1308,1037
119702,1291,1047
119703,1249,1050
119704,1191,1049
119705,1127,1052
119706,1057,1059
119707,990,1069
119708,942,1078
119709,930,1078
119710,937,1070
119711,947,1059
119712,958,1049
119713,960,1043
119714,965,1041
119715,965,1042
119716,963,1038
119717,961,1038
119718,957,1036
119719,959,1038
119720,958,1043
119721,959,1040
119722,954,1041
119723,952,1039
119724,951,1037
119725,952,1039
119726,956,1044
119727,959,1046
119728,956,1044
119729,950,1039
119730,948,1039
119731,952,1040
119732,954,1042
119733,956,1043
119734,952,1040
119735,949,1038
119736,949,1039
119737,951,1041
119738,955,1044
119739,959,1046
119740,957,1044
119741,955,1042
119742,952,1040
119743,950,1042
119744,954,1045
119745,958,1045
119746,957,1044
119747,955,1041
119748,951,1039
119749,952,1038
119750,953,1039
119751,957,1038
119752,956,1038
119753,956,1037
119754,955,1034
119755,956,1036
119756,960,1038
119757,963,1036
119758,961,1035
119759,959,1032
119760,957,1032
119761,961,1031
119762,965,1033
119763,971,1031
119764,971,1029
119765,966,1026
119766,963,1025
119767,965,1026
119768,971,1025
119769,976,1025
119770,973,1024
119771,976,1022
119772,979,1022
119773,976,1027
119774,980,1029
119775,983,1026
119776,985,1024
119777,981,1023
119778,982,1020
119779,985,1021
119780,987,1022
119781,992,1021
119782,994,1014
119783,993,1011
119784,993,1009
119785,994,1006
119786,997,1009
119787,998,1008
119788,998,1005
119789,998,1002
119790,995,1003
119791,998,1003
119792,1000,1006
119793,1006,1007
119794,1008,1001
119795,1004,1001
119796,999,1000
119797,999,1003
119798,1003,1008
119799,1009,1006
119800,1008,1006
119801,1007,1006
119802,1005,1007
119803,1006,1011
119804,1005,1015
119805,1006,1016
119806,1004,1015
119807,1001,1016
119808,995,1018
119809,994,1019
119810,995,1026
119811,998,1026
119812,995,1026
119813,991,1025
119814,984,1026
119815,983,1034
119816,985,1037
119817,986,1038
119818,983,1035
119819,981,1035
119820,978,1035
119821,974,1037
119822,975,1040
119823,976,1037
119824,976,1037
119825,975,1035
119826,972,1037
119827,970,1040
119828,971,1044
119829,975,1046
119830,973,1042
119831,969,1040
119832,968,1043
119833,969,1044
119834,970,1046
119835,973,1047
119836,974,1044
119837,975,1042
119838,974,1044
119839,976,1043
119840,979,1045
119841,985,1045
119842,991,1043
119843,996,1041
119844,996,1044
119845,1001,1044
119846,1008,1045
119847,1015,1049
119848,1020,1046
119849,1025,1049
119850,1038,1045
119851,1054,1040
119852,1070,1031
119853,1085,1016
119854,1092,1004
119855,1103,990
119856,1113,979
119857,1133,969
119858,1148,960
119859,1168,943
119860,1182,924
119861,1200,904
119862,1215,888
119863,1232,877
119864,1247,872
119865,1255,863
119866,1250,860
119867,1243,858
119868,1234,857
119869,1229,857
119870,1224,862
119871,1218,860
119872,1204,859
119873,1181,857
119874,1158,859
119875,1134,867
119876,1116,876
119877,1092,886
119878,1066,894
119879,1045,901
119880,1027,912
119881,1017,926
119882,1016,939
119883,1016,947
119884,1011,954
119885,1007,961
119886,1005,969
119887,1007,978
119888,1020,988
119889,1037,997
119890,1054,1000
119891,1071,1002
119892,1077,1003
119893,1071,1010
119894,1050,1018
119895,1018,1025
119896,982,1030
119897,951,1035
119898,936,1046
119899,927,1057
119900,926,1071
119901,927,1075
119902,922,1075
119903,914,1076
119904,908,1077
119905,905,1085
119906,905,1091
119907,902,1088
119908,899,1090
119909,895,1088
119910,893,1093
119911,892,1095
119912,893,1098
119913,894,1102
119914,891,1098
119915,889,1099
119916,885,1102
119917,884,1104
119918,882,1107
119919,884,1107
119920,883,1106
119921,882,1106
119922,878,1106
119923,878,1107
119924,877,1113
119925,878,1114
119926,875,1111
119927,873,1111
119928,871,1110
119929,872,1117
119930,871,1118
119931,875,1120
119932,873,1119
119933,869,1119
119934,867,1119
119935,870,1121
119936,875,1125
119937,878,1127
119938,878,1128
119939,876,1128
119940,874,1128
119941,878,1131
119942,880,1135
119943,883,1138
119944,881,1136
119945,877,1135
119946,878,1134
119947,880,1138
119948,880,1142
119949,886,1144
119950,883,1142
119951,885,1140
119952,886,1143
119953,885,1146
119954,888,1149
119955,891,1147
119956,893,1147
119957,888,1144
119958,889,1145
119959,896,1145
119960,903,1149
119961,910,1146
119962,908,1143
119963,911,1138
119964,909,1139
119965,915,1137
119966,921,1137
119967,926,1133
119968,928,1130
119969,930,1126
119970,931,1118
119971,935,1119
119972,938,1119
119973,945,1113
119974,946,1108
119975,942,1099
119976,941,1096
119977,942,1097
119978,949,1095
119979,954,1090
119980,956,1086
119981,954,1078
119982,952,1077
119983,953,1074
119984,957,1074
119985,959,1070
119986,957,1064
119987,957,1058
119988,958,1057
119989,959,1055
119990,961,1057
119991,963,1055
119992,965,1052
119993,961,1048
119994,958,1045
119995,960,1048
119996,961,1045
119997,965,1045
119998,965,1047
119999,964,1042
120000,964,1042
120001,962,1043
120002,960,1048
120003,963,1043
120004,962,1043
120005,961,1037
120006,960,1038
120007,959,1043
120008,962,1043
120009,966,1044
120010,967,1043
120011,963,1040
120012,958,1041
120013,960,1045
120014,965,1044
120015,970,1046
120016,968,1045
120017,965,1044
120018,964,1041
120019,965,1042
120020,968,1044
120021,967,1042
120022,963,1042
120023,962,1039
120024,961,1040
120025,963,1042
120026,968,1045
120027,970,1043
120028,969,1039
120029,963,1037
120030,958,1038
120031,960,1038
120032,965,1041
120033,968,1041
120034,966,1038
120035,963,1036
120036,958,1038
120037,960,1037
120038,963,1039
120039,966,1042
120040,968,1039
120041,964,1035
120042,964,1034
120043,964,1036
120044,965,1037
120045,968,1035
120046,970,1037
120047,966,1032
120048,965,1030
120049,968,1035
120050,973,1035
120051,975,1037
120052,970,1036
120053,964,1035
120054,964,1035
120055,967,1041
120056,975,1042
120057,978,1040
120058,977,1036
120059,972,1037
120060,970,1035
120061,968,1039
120062,970,1041
120063,973,1042
120064,973,1042
120065,972,1041
120066,968,1037
120067,968,1040
120068,969,1044
120069,971,1042
120070,967,1040
120071,967,1036
120072,963,1038
120073,966,1040
120074,971,1041
120075,973,1041
120076,971,1039
120077,967,1035
120078,965,1037
120079,965,1039
120080,967,1041
120081,969,1043
120082,968,1039
120083,967,1038
120084,962,1036
120085,964,1038
120086,966,1039
120087,970,1039
120088,968,1035
120089,960,1033
120090,957,1033
120091,958,1036
120092,963,1039
120093,965,1038
120094,966,1034
120095,959,1034
120096,958,1035
120097,961,1035
120098,964,1040
120099,963,1037
120100,962,1035
120101,960,1033
120102,957,1034
120103,959,1037
120104,963,1039
120105,963,1037
120106,960,1037
120107,960,1033
120108,961,1034
120109,960,1036
120110,965,1039
120111,967,1039
120112,965,1036
120113,961,1034
120114,960,1035
120115,963,1036
120116,967,1039
120117,971,1040
120118,970,1040
120119,966,1037
120120,958,1034
120121,963,1040
120122,967,1042
120123,970,1041
120124,968,1037
120125,965,1034
120126,964,1033
120127,964,1037
120128,968,1040
120129,973,1040
120130,975,1036
120131,970,1031
120132,965,1033
120133,966,1037
120134,972,1043
120135,974,1041
120136,970,1039
120137,967,1037
120138,969,1035
120139,969,1038
120140,969,1040
120141,968,1041
120142,971,1039
120143,973,1036
120144,969,1035
120145,969,1036
120146,970,1039
120147,973,1038
120148,968,1034
120149,965,1033
120150,964,1035
120151,964,1036
120152,971,1038
120153,975,1038
120154,975,1037
120155,968,1032
120156,969,1035
120157,966,1038
120158,971,1040
120159,974,1041
120160,972,1040
120161,970,1037
120162,964,1038
120163,964,1040
120164,966,1040
120165,970,1038
120166,969,1037
120167,965,1033
120168,964,1036
120169,966,1039
120170,967,1040
120171,972,1039
120172,968,1036
120173,966,1035
120174,965,1035
120175,967,1039
120176,968,1041
120177,972,1042
120178,970,1037
120179,967,1037
120180,963,1037
120181,967,1040
120182,969,1042
120183,974,1040
120184,971,1039
120185,969,1037
120186,970,1036
120187,971,1039
120188,975,1042
120189,977,1040
120190,974,1040
120191,970,1035
120192,968,1036
120193,971,1035
120194,975,1039
120195,981,1034
120196,978,1032
120197,976,1032
120198,971,1033
120199,973,1036
120200,973,1037
120201,979,1038
120202,980,1037
120203,977,1035
120204,979,1035
120205,981,1032
120206,982,1036
120207,982,1032
120208,981,1032
120209,983,1028
120210,983,1029
120211,990,1024
120212,1000,1026
120213,1017,1024
120214,1029,1022
120215,1047,1017
120216,1071,1014
120217,1103,1011
120218,1142,1004
120219,1183,999
120220,1218,993
120221,1251,993
120222,1277,1003
120223,1297,1020
120224,1295,1037
120225,1266,1042
120226,1212,1041
120227,1146,1041
120228,1081,1051
120229,1014,1064
120230,963,1072
120231,943,1076
120232,942,1072
120233,954,1061
120234,962,1052
120235,969,1045
120236,969,1043
120237,970,1040
120238,966,1037
120239,961,1034
120240,958,1034
120241,960,1035
120242,963,1041
120243,964,1041
120244,962,1038
120245,958,1037
120246,957,1035
120247,959,1040
120248,962,1041
120249,964,1038
120250,961,1041
120251,957,1036
120252,957,1037
120253,955,1038
120254,961,1041
120255,961,1044
120256,956,1039
120257,954,1039
120258,952,1039
120259,956,1041
120260,963,1044
120261,962,1043
120262,959,1041
120263,954,1039
120264,955,1038
120265,957,1039
120266,961,1041
120267,961,1040
120268,957,1038
120269,955,1034
120270,957,1032
120271,960,1035
120272,961,1039
120273,966,1037
120274,961,1035
120275,960,1034
120276,958,1032
120277,960,1034
120278,963,1038
120279,965,1034
120280,964,1036
120281,963,1031
120282,962,1028
120283,961,1030
120284,961,1035
120285,967,1034
120286,966,1032
120287,965,1030
120288,967,1031
120289,969,1032
120290,972,1033
120291,975,1033
120292,976,1031
120293,978,1027
120294,980,1024
120295,982,1027
120296,984,1026
120297,988,1027
120298,988,1024
120299,984,1017
120300,984,1015
120301,985,1017
120302,990,1019
120303,992,1018
120304,995,1014
120305,993,1013
120306,993,1012
120307,995,1014
120308,1000,1014
120309,1002,1014
120310,1000,1011
120311,1000,1007
120312,998,1006
120313,997,1007
120314,1006,1007
120315,1011,1009
120316,1009,1009
120317,1007,1002
120318,1006,1003
120319,1009,1005
120320,1011,1008
120321,1015,1008
120322,1014,1006
120323,1012,1002
120324,1009,1004
120325,1010,1008
120326,1013,1010
120327,1016,1011
120328,1012,1013
120329,1011,1010
120330,1007,1014
120331,1008,1017
120332,1009,1020
120333,1011,1022
120334,1009,1027
120335,1003,1022
120336,1001,1026
120337,1004,1028
120338,1003,1035
120339,1003,1037
120340,1000,1036
120341,996,1034
120342,991,1038
120343,990,1041
120344,991,1043
120345,991,1043
120346,991,1044
120347,988,1040
120348,984,1042
120349,981,1042
120350,985,1044
120351,987,1045
120352,985,1042
120353,981,1041
120354,980,1044
120355,979,1045
120356,981,1050
120357,985,1049
120358,985,1049
120359,985,1046
120360,980,1046
120361,980,1046
120362,983,1047
120363,986,1047
120364,987,1044
120365,984,1041
120366,981,1043
120367,981,1047
120368,980,1048
120369,986,1046
120370,987,1045
120371,987,1044
120372,984,1041
120373,984,1042
120374,987,1042
120375,986,1044
120376,986,1041
120377,986,1038
120378,985,1039
120379,987,1041
120380,989,1045
120381,990,1043
120382,986,1043
120383,984,1041
120384,982,1041
120385,985,1042
120386,986,1043
120387,990,1044
120388,991,1044
120389,986,1038
120390,985,1041
120391,983,1044
120392,985,1046
120393,986,1045
120394,987,1045
120395,984,1042
120396,984,1041
120397,984,1041
120398,987,1045
120399,990,1042
120400,990,1039
120401,987,1036
120402,986,1037
120403,987,1036
120404,991,1039
120405,992,1041
120406,992,1037
120407,985,1036
120408,985,1034
120409,987,1035
120410,990,1037
120411,993,1041
120412,993,1039
120413,989,1038
120414,988,1038
120415,989,1039
120416,990,1045
120417,991,1043
120418,991,1038
120419,988,1037
120420,986,1036
120421,983,1037
120422,988,1043
120423,989,1041
120424,987,1040
120425,987,1038
120426,984,1038
120427,987,1040
120428,987,1041
120429,984,1042
120430,987,1041
120431,986,1037
120432,980,1040
120433,982,1040
120434,985,1043
120435,987,1043
120436,986,1042
120437,984,1040
120438,982,1041
120439,981,1043
120440,984,1046
120441,990,1044
120442,986,1041
120443,984,1041
120444,982,1043
120445,983,1043
120446,985,1045
120447,990,1044
120448,989,1040
120449,987,1037
120450,986,1039
120451,986,1040
120452,987,1042
120453,988,1045
120454,990,1043
120455,986,1040
120456,985,1040
120457,988,1040
120458,993,1039
120459,995,1039
120460,998,1036
120461,1006,1031
120462,1016,1028
120463,1030,1030
120464,1045,1033
120465,1070,1028
120466,1097,1023
120467,1129,1016
120468,1165,1008
120469,1206,1001
120470,1249,998
120471,1288,999
120472,1318,1006
120473,1326,1019
120474,1309,1034
120475,1278,1039
120476,1234,1044
120477,1177,1047
120478,1113,1057
120479,1043,1067
120480,976,1077
120481,942,1086
120482,938,1092
120483,953,1087
120484,966,1076
120485,970,1061
120486,971,1051
120487,975,1050
120488,975,1051
120489,977,1046
120490,975,1043
120491,974,1043
120492,970,1041
120493,970,1042
120494,970,1045
120495,971,1045
120496,971,1041
120497,968,1038
120498,963,1041
120499,966,1042
120500,969,1043
120501,969,1044
120502,967,1040
120503,966,1037
120504,964,1038
120505,965,1038
120506,966,1039
120507,967,1040
120508,967,1034
120509,962,1032
120510,965,1028
120511,962,1033
120512,966,1036
120513,968,1037
120514,966,1035
120515,961,1031
120516,959,1036
120517,959,1038
120518,963,1039
120519,965,1040
120520,965,1037
120521,963,1037
120522,964,1037
120523,964,1038
120524,965,1044
120525,969,1044
120526,964,1041
120527,963,1036
120528,963,1038
120529,962,1037
120530,966,1039
120531,967,1040
120532,966,1039
120533,963,1033
120534,960,1035
120535,965,1038
120536,969,1041
120537,972,1041
120538,971,1039
120539,969,1035
120540,968,1036
120541,972,1036
120542,976,1036
120543,980,1035
120544,980,1031
120545,980,1030
120546,977,1031
120547,981,1027
120548,983,1025
120549,986,1023
120550,987,1019
120551,986,1016
120552,985,1017
120553,989,1017
120554,993,1015
120555,995,1010
120556,998,1009
120557,996,1004
120558,995,1007
120559,998,1008
120560,1003,1007
120561,1005,1007
120562,1006,999
120563,999,998
120564,1000,1000
120565,1001,1001
120566,1005,1006
120567,1008,1006
120568,1008,1002
120569,1007,1003
120570,1005,1002
120571,1007,1003
120572,1009,1009
120573,1011,1009
120574,1012,1006
120575,1007,1003
120576,1003,1005
120577,1006,1011
120578,1007,1015
120579,1010,1015
120580,1010,1017
120581,1007,1015
120582,1003,1017
120583,1001,1024
120584,1004,1025
120585,1006,1027
120586,1001,1026
120587,999,1027
120588,993,1026
120589,993,1031
120590,993,1032
120591,994,1033
120592,994,1028
120593,988,1029
120594,984,1030
120595,983,1034
120596,984,1036
120597,983,1039
120598,982,1039
120599,979,1036
120600,978,1035
120601,977,1039
120602,979,1042
120603,984,1042
120604,980,1042
120605,974,1040
120606,971,1039
120607,972,1043
120608,975,1047
120609,978,1046
120610,982,1044
120611,977,1043
120612,975,1045
120613,976,1048
120614,978,1049
120615,979,1053
120616,978,1050
120617,976,1047
120618,975,1051
120619,979,1054
120620,983,1055
120621,986,1056
120622,987,1058
120623,985,1053
120624,980,1053
120625,978,1053
120626,982,1051
120627,985,1049
120628,984,1047
120629,983,1044
120630,981,1044
120631,981,1047
120632,985,1046
120633,984,1047
120634,985,1044
120635,982,1039
120636,978,1041
120637,978,1042
120638,983,1044
120639,986,1045
120640,985,1041
120641,983,1039
120642,979,1039
120643,980,1040
120644,982,1042
120645,985,1040
120646,984,1041
120647,978,1035
120648,976,1037
120649,976,1038
120650,979,1042
120651,979,1040
120652,980,1039
120653,979,1036
120654,979,1035
120655,981,1040
120656,983,1042
120657,983,1038
120658,980,1038
120659,978,1035
120660,976,1036
120661,981,1040
120662,984,1044
120663,989,1043
120664,986,1042
120665,982,1041
120666,980,1042
120667,980,1043
120668,985,1046
120669,987,1049
120670,982,1046
120671,978,1043
120672,977,1044
120673,980,1046
120674,982,1051
120675,986,1052
120676,984,1047
120677,984,1041
120678,982,1041
120679,984,1041
120680,986,1043
120681,985,1043
120682,985,1041
120683,982,1038
120684,978,1037
120685,982,1038
120686,984,1040
120687,986,1039
120688,981,1039
120689,975,1035
120690,971,1037
120691,973,1037
120692,976,1039
120693,976,1040
120694,975,1038
120695,972,1036
120696,973,1038
120697,975,1041
120698,980,1043
120699,982,1039
120700,981,1036
120701,976,1035
120702,971,1037
120703,973,1038
120704,977,1042
120705,981,1042
120706,978,1037
120707,976,1034
120708,975,1033
120709,977,1037
120710,977,1041
120711,976,1040
120712,970,1039
120713,965,1038
120714,965,1038
120715,968,1041
120716,974,1044
120717,976,1044
120718,972,1042
120719,971,1044
120720,970,1044
120721,974,1047
120722,974,1047
120723,976,1049
120724,972,1047
120725,972,1044
120726,973,1042
120727,974,1046
120728,978,1048
120729,982,1046
120730,985,1045
120731,982,1041
120732,977,1043
120733,976,1044
120734,981,1045
120735,984,1044
120736,986,1040
120737,978,1037
120738,974,1036
120739,972,1040
120740,975,1046
120741,978,1042
120742,980,1039
120743,981,1038
120744,980,1039
120745,981,1039
120746,984,1042
120747,986,1039
120748,986,1039
120749,984,1034
120750,982,1036
120751,985,1038
120752,986,1044
120753,985,1040
120754,986,1034
120755,987,1033
120756,990,1029
120757,995,1028
120758,1005,1031
120759,1016,1029
120760,1028,1024
120761,1049,1021
120762,1075,1020
120763,1108,1016
120764,1144,1007
120765,1185,999
120766,1226,988
120767,1261,989
120768,1291,999
120769,1315,1018
120770,1322,1031
120771,1304,1042
120772,1261,1045
120773,1207,1044
120774,1147,1051
120775,1083,1064
120776,1019,1075
120777,971,1080
120778,943,1081
120779,938,1077
120780,950,1069
120781,958,1059
120782,968,1056
120783,970,1051
120784,971,1045
120785,968,1038
120786,963,1036
120787,965,1040
120788,969,1043
120789,973,1040
120790,973,1038
120791,970,1034
120792,967,1039
120793,966,1039
120794,967,1042
120795,970,1041
120796,967,1038
120797,963,1038
120798,961,1035
120799,963,1037
120800,964,1040
120801,967,1038
120802,965,1035
120803,966,1034
120804,962,1034
120805,963,1037
120806,966,1040
120807,965,1040
120808,966,1037
120809,963,1036
120810,964,1034
120811,963,1036
120812,963,1039
120813,963,1037
120814,961,1039
120815,961,1035
120816,959,1037
120817,959,1037
120818,961,1042
120819,960,1040
120820,956,1040
120821,952,1039
120822,955,1040
120823,958,1041
120824,962,1043
120825,962,1041
120826,960,1040
120827,956,1037
120828,958,1036
120829,961,1037
120830,964,1038
120831,966,1038
120832,963,1034
120833,961,1031
120834,964,1032
120835,965,1031
120836,968,1033
120837,976,1029
120838,975,1024
120839,976,1022
120840,974,1022
120841,981,1027
120842,981,1023
120843,985,1023
120844,984,1022
120845,986,1018
120846,989,1014
120847,995,1018
120848,995,1016
120849,998,1013
120850,1000,1007
120851,1003,1004
120852,1003,1000
120853,1010,1001
120854,1014,1002
120855,1016,1002
120856,1017,996
120857,1014,991
120858,1016,991
120859,1018,992
120860,1021,993
120861,1019,994
120862,1015,989
120863,1014,989
120864,1014,993
120865,1016,995
120866,1020,997
120867,1025,999
120868,1022,995
120869,1019,994
120870,1013,997
120871,1014,1001
120872,1016,1004
120873,1015,1006
120874,1013,1009
120875,1012,1006
120876,1010,1005
120877,1009,1012
120878,1010,1015
120879,1010,1020
120880,1007,1019
120881,1002,1017
120882,996,1018
120883,993,1021
120884,992,1026
120885,996,1028
120886,992,1026
120887,986,1028
120888,979,1030
120889,978,1033
120890,981,1034
120891,986,1036
120892,982,1034
120893,979,1031
120894,974,1033
120895,974,1037
120896,978,1037
120897,981,1038
120898,977,1036
120899,973,1036
120900,970,1037
120901,969,1041
120902,970,1042
120903,969,1039
120904,970,1039
120905,971,1038
120906,970,1039
120907,972,1041
120908,974,1046
120909,971,1047
120910,971,1045
120911,969,1045
120912,970,1045
120913,970,1046
120914,973,1050
120915,973,1049
120916,974,1049
120917,972,1048
120918,972,1047
120919,974,1050
120920,975,1052
120921,974,1050
120922,973,1049
120923,969,1048
120924,968,1048
120925,970,1047
120926,976,1050
120927,978,1047
120928,976,1045
120929,977,1043
120930,974,1039
120931,974,1041
120932,974,1039
120933,977,1041
120934,978,1037
120935,981,1034
120936,979,1032
120937,979,1036
120938,978,1035
120939,978,1037
120940,977,1031
120941,978,1027
120942,977,1026
120943,977,1031
120944,978,1033
120945,980,1030
120946,978,1028
120947,976,1026
120948,972,1025
120949,975,1024
120950,976,1028
120951,978,1027
120952,978,1027
120953,980,1025
120954,981,1028
120955,980,1030
120956,982,1031
120957,982,1033
120958,982,1032
120959,981,1032
120960,981,1032
120961,982,1035
120962,982,1036
120963,981,1038
120964,982,1036
120965,978,1031
120966,976,1036
120967,975,1039
120968,975,1041
120969,978,1039
120970,976,1038
120971,978,1036
120972,972,1035
120973,971,1040
120974,974,1042
120975,978,1039
120976,976,1035
120977,973,1030
120978,971,1033
120979,975,1034
120980,976,1037
120981,976,1036
120982,979,1033
120983,974,1030
120984,967,1033
120985,970,1033
120986,969,1036
120987,971,1034
120988,970,1035
120989,967,1031
120990,967,1029
120991,969,1032
120992,970,1036
120993,972,1036
120994,972,1032
120995,967,1031
120996,966,1032
120997,966,1034
120998,966,1038
120999,970,1037
121000,971,1037
121001,968,1034
121002,966,1035
121003,965,1037
121004,969,1044
121005,972,1042
121006,974,1040
121007,971,1039
121008,966,1037
121009,966,1042
121010,971,1047
121011,971,1045
121012,970,1040
121013,968,1040
121014,966,1041
121015,964,1043
121016,970,1047
121017,971,1046
121018,973,1042
121019,971,1040
121020,968,1036
121021,969,1038
121022,972,1043
121023,973,1041
121024,968,1036
121025,964,1029
121026,964,1030
121027,964,1030
121028,968,1035
121029,974,1031
121030,971,1027
121031,969,1022
121032,968,1024
121033,970,1025
121034,973,1029
121035,975,1028
121036,972,1028
121037,973,1024
121038,975,1024
121039,975,1028
121040,977,1028
121041,980,1030
121042,980,1025
121043,981,1027
121044,978,1026
121045,976,1028
121046,979,1032
121047,981,1034
121048,980,1031
121049,977,1030
121050,974,1029
121051,980,1033
121052,983,1035
121053,986,1035
121054,982,1033
121055,977,1032
121056,979,1034
121057,981,1038
121058,980,1041
121059,984,1042
121060,985,1039
121061,980,1035
121062,979,1036
121063,977,1040
121064,980,1045
121065,985,1043
121066,981,1040
121067,979,1037
121068,975,1039
121069,978,1040
121070,978,1042
121071,982,1040
121072,980,1034
121073,979,1031
121074,980,1032
121075,982,1032
121076,988,1033
121077,994,1032
121078,1002,1026
121079,1010,1023
121080,1023,1020
121081,1047,1020
121082,1073,1023
121083,1112,1014
121084,1152,1001
121085,1195,993
121086,1237,988
121087,1274,998
121088,1305,1016
121089,1313,1035
121090,1291,1046
121091,1249,1047
121092,1190,1046
121093,1127,1052
121094,1060,1066
121095,994,1075
121096,944,1085
121097,931,1085
121098,947,1080
121099,964,1067
121100,973,1060
121101,980,1052
121102,979,1043
121103,976,1038
121104,975,1037
121105,973,1037
121106,975,1039
121107,974,1033
121108,971,1029
121109,969,1025
121110,964,1024
121111,965,1027
121112,968,1030
121113,970,1027
121114,968,1022
121115,963,1022
121116,958,1022
121117,961,1025
121118,963,1028
121119,969,1027
121120,965,1023
121121,963,1022
121122,963,1025
121123,965,1028
121124,966,1029
121125,968,1027
121126,966,1028
121127,963,1026
121128,964,1027
121129,968,1029
121130,972,1032
121131,975,1030
121132,970,1029
121133,970,1024
121134,967,1024
121135,972,1028
121136,977,1030
121137,977,1029
121138,976,1024
121139,968,1022
121140,966,1023
121141,970,1023
121142,975,1024
121143,976,1024
121144,977,1021
121145,975,1018
121146,976,1019
121147,980,1020
121148,980,1024
121149,981,1019
121150,980,1015
121151,984,1013
121152,982,1010
121153,983,1015
121154,989,1017
121155,992,1014
121156,994,1007
121157,994,1003
121158,995,1004
121159,997,1005
121160,1002,1004
121161,1009,1001
121162,1010,1000
121163,1008,995
121164,1004,996
121165,1008,996
121166,1016,998
121167,1021,993
121168,1019,992
121169,1015,993
121170,1016,993
121171,1019,992
121172,1022,994
121173,1023,992
121174,1018,992
121175,1018,990
121176,1018,991
121177,1023,994
121178,1024,996
121179,1027,1000
121180,1024,999
121181,1021,997
121182,1017,998
121183,1017,1000
121184,1019,1007
121185,1023,1007
121186,1017,1007
121187,1015,1006
121188,1013,1007
121189,1014,1011
121190,1012,1016
121191,1011,1016
121192,1007,1017
121193,1001,1016
121194,995,1016
121195,994,1020
121196,994,1025
121197,995,1025
121198,994,1025
121199,991,1022
121200,988,1025
121201,986,1027
121202,988,1030
121203,988,1030
121204,986,1028
121205,980,1027
121206,977,1027
121207,981,1030
121208,983,1032
121209,985,1033
121210,982,1030
121211,978,1029
121212,976,1030
121213,975,1035
121214,978,1036
121215,983,1037
121216,984,1035
121217,981,1031
121218,987,1034
121219,994,1038
121220,1000,1041
121221,1006,1042
121222,1007,1043
121223,1012,1043
121224,1018,1046
121225,1031,1046
121226,1047,1048
121227,1062,1035
121228,1074,1022
121229,1083,1001
121230,1098,989
121231,1115,979
121232,1136,968
121233,1152,954
121234,1165,941
121235,1172,925
121236,1186,914
121237,1208,904
121238,1229,894
121239,1248,880
121240,1257,869
121241,1262,862
121242,1255,864
121243,1251,869
121244,1252,875
121245,1248,872
121246,1241,869
121247,1228,868
121248,1211,868
121249,1190,876
121250,1166,883
121251,1140,890
121252,1109,900
121253,1078,905
121254,1055,917
121255,1046,930
121256,1039,945
121257,1036,955
121258,1033,961
121259,1025,966
121260,1021,977
121261,1028,988
121262,1045,994
121263,1066,999
121264,1085,998
121265,1090,998
121266,1079,1003
121267,1054,1012
121268,1024,1017
121269,990,1026
121270,964,1030
121271,947,1041
121272,939,1051
121273,936,1058
121274,935,1066
121275,932,1068
121276,924,1068
121277,918,1069
121278,912,1070
121279,912,1075
121280,909,1078
121281,908,1078
121282,905,1079
121283,897,1080
121284,892,1080
121285,895,1085
121286,896,1090
121287,897,1089
121288,894,1088
121289,892,1085
121290,887,1086
121291,889,1092
121292,889,1097
121293,891,1096
121294,889,1094
121295,886,1094
121296,880,1095
121297,881,1099
121298,881,1102
121299,881,1103
121300,877,1102
121301,870,1106
121302,868,1106
121303,870,1113
121304,878,1115
121305,880,1113
121306,877,1113
121307,873,1110
121308,870,1113
121309,873,1116
121310,875,1120
121311,878,1119
121312,875,1119
121313,872,1119
121314,874,1120
121315,879,1125
121316,880,1130
121317,885,1130
121318,885,1128
121319,883,1131
121320,885,1130
121321,888,1132
121322,891,1137
121323,895,1136
121324,899,1135
121325,898,1134
121326,901,1135
121327,905,1137
121328,911,1137
121329,917,1133
121330,921,1130
121331,923,1127
121332,929,1122
121333,936,1125
121334,941,1120
121335,947,1117
121336,950,1111
121337,951,1104
121338,955,1100
121339,958,1101
121340,964,1099
121341,968,1094
121342,970,1088
121343,970,1082
121344,970,1080
121345,970,1078
121346,971,1074
121347,972,1069
121348,970,1062
121349,969,1058
121350,968,1055
121351,969,1055
121352,970,1057
121353,972,1049
121354,971,1047
121355,966,1041
121356,964,1040
121357,963,1042
121358,967,1043
121359,969,1037
121360,967,1035
121361,964,1031
121362,965,1032
121363,967,1034
121364,973,1040
121365,972,1036
121366,970,1034
121367,967,1032
121368,965,1033
121369,966,1037
121370,971,1040
121371,972,1038
121372,972,1037
121373,967,1036
121374,968,1038
121375,971,1037
121376,972,1041
121377,973,1040
121378,970,1039
121379,967,1034
121380,964,1034
121381,966,1038
121382,968,1040
121383,971,1039
121384,973,1035
121385,967,1027
121386,967,1027
121387,968,1031
121388,972,1034
121389,974,1032
121390,974,1027
121391,967,1024
121392,966,1023
121393,966,1025
121394,971,1030
121395,973,1029
121396,971,1028
121397,972,1024
121398,970,1026
121399,971,1026
121400,975,1028
121401,972,1026
121402,971,1023
121403,969,1022
121404,967,1023
121405,970,1024
121406,973,1026
121407,975,1027
121408,977,1023
121409,972,1021
121410,972,1023
121411,973,1026
121412,976,1030
121413,976,1026
121414,975,1026
121415,973,1023
121416,970,1024
121417,973,1026
121418,974,1030
121419,973,1030
121420,972,1029
121421,970,1027
121422,966,1028
121423,967,1032
121424,969,1035
121425,974,1033
121426,974,1029
121427,972,1030
121428,971,1031
121429,971,1032
121430,973,1035
121431,976,1035
121432,975,1033
121433,972,1031
121434,970,1029
121435,972,1033
121436,974,1037
121437,975,1038
121438,971,1034
121439,970,1032
121440,969,1032
121441,970,1034
121442,968,1035
121443,974,1036
121444,972,1034
121445,970,1032
121446,968,1030
121447,970,1031
121448,975,1037
121449,976,1035
121450,972,1033
121451,966,1027
121452,964,1030
121453,968,1034
121454,969,1035
121455,968,1031
121456,967,1027
121457,968,1025
121458,966,1027
121459,969,1026
121460,971,1026
121461,971,1025
121462,970,1022
121463,966,1019
121464,965,1020
121465,967,1024
121466,972,1027
121467,974,1025
121468,976,1022
121469,970,1022
121470,969,1026
121471,971,1030
121472,972,1031
121473,973,1030
121474,970,1030
121475,968,1029
121476,966,1029
121477,968,1031
121478,970,1031
121479,970,1032
121480,967,1031
121481,965,1029
121482,965,1029
121483,968,1030
121484,970,1034
121485,972,1032
121486,971,1029
121487,967,1028
121488,967,1025
121489,969,1030
121490,971,1033
121491,972,1030
121492,971,1029
121493,971,1029
121494,971,1029
121495,971,1032
121496,974,1034
121497,976,1032
121498,975,1031
121499,968,1029
121500,969,1028
121501,970,1032
121502,976,1031
121503,976,1030
121504,975,1026
121505,972,1026
121506,972,1025
121507,974,1029
121508,976,1029
121509,976,1029
121510,975,1028
121511,972,1027
121512,972,1028
121513,972,1027
121514,976,1031
121515,977,1033
121516,977,1031
121517,974,1031
121518,974,1029
121519,978,1032
121520,985,1031
121521,985,1032
121522,986,1030
121523,983,1029
121524,981,1027
121525,983,1032
121526,985,1033
121527,987,1032
121528,988,1029
121529,985,1026
121530,983,1029
121531,984,1030
121532,987,1034
121533,990,1027
121534,992,1024
121535,998,1019
121536,1005,1017
121537,1022,1017
121538,1041,1019
121539,1071,1013
121540,1106,1009
121541,1147,995
121542,1190,987
121543,1239,987
121544,1282,993
121545,1315,1005
121546,1328,1016
121547,1323,1024
121548,1290,1033
121549,1235,1041
121550,1172,1046
121551,1103,1054
121552,1030,1058
121553,971,1059
121554,948,1059
121555,955,1057
121556,970,1052
121557,983,1041
121558,982,1037
121559,977,1030
121560,973,1029
121561,970,1032
121562,968,1035
121563,970,1034
121564,967,1031
121565,963,1027
121566,962,1029
121567,963,1028
121568,965,1033
121569,968,1034
121570,964,1030
121571,965,1027
121572,965,1027
121573,965,1030
121574,966,1032
121575,968,1030
121576,966,1028
121577,960,1025
121578,958,1027
121579,960,1030
121580,961,1035
121581,963,1032
121582,962,1030
121583,957,1028
121584,954,1027
121585,957,1028
121586,962,1033
121587,962,1033
121588,963,1029
121589,959,1029
121590,959,1029
121591,961,1030
121592,963,1034
121593,962,1031
121594,960,1029
121595,961,1026
121596,962,1027
121597,965,1030
121598,969,1033
121599,970,1029
121600,969,1028
121601,968,1024
121602,966,1026
121603,970,1027
121604,976,1032
121605,975,1029
121606,975,1026
121607,971,1021
121608,972,1023
121609,974,1024
121610,976,1024
121611,981,1022
121612,982,1019
121613,981,1014
121614,981,1015
121615,985,1016
121616,991,1016
121617,992,1016
121618,990,1013
121619,986,1013
121620,990,1009
121621,993,1012
121622,999,1014
121623,1003,1011
121624,1002,1006
121625,999,1005
121626,999,1006
121627,1003,1007
121628,1010,1008
121629,1009,1004
121630,1008,1005
121631,1005,1002
121632,1005,1001
121633,1009,1004
121634,1014,1005
121635,1015,1001
121636,1013,999
121637,1012,997
121638,1012,998
121639,1012,1002
121640,1021,1004
121641,1020,1003
121642,1020,1002
121643,1015,1001
121644,1016,1006
121645,1019,1010
121646,1021,1014
121647,1021,1014
121648,1017,1012
121649,1014,1010
121650,1012,1014
121651,1012,1018
121652,1013,1024
121653,1012,1024
121654,1007,1022
121655,1006,1022
121656,1003,1023
121657,1001,1029
121658,1002,1031
121659,1000,1030
121660,997,1029
121661,994,1029
121662,992,1032
121663,993,1034
121664,995,1040
121665,992,1039
121666,991,1036
121667,986,1039
121668,985,1038
121669,983,1041
121670,984,1043
121671,987,1040
121672,983,1039
121673,979,1039
121674,977,1040
121675,979,1045
121676,980,1049
121677,981,1048
121678,978,1045
121679,978,1044
121680,975,1044
121681,976,1045
121682,978,1047
121683,980,1045
121684,977,1044
121685,975,1042
121686,973,1043
121687,975,1046
121688,980,1047
121689,981,1044
121690,981,1042
121691,977,1039
121692,976,1039
121693,977,1042
121694,980,1042
121695,983,1038
121696,983,1035
121697,982,1033
121698,981,1033
121699,982,1037
121700,986,1037
121701,986,1034
121702,987,1032
121703,985,1031
121704,983,1031
121705,984,1032
121706,988,1034
121707,989,1035
121708,987,1033
121709,985,1032
121710,982,1029
121711,988,1031
121712,990,1037
121713,990,1036
121714,993,1033
121715,992,1031
121716,990,1031
121717,993,1036
121718,994,1039
121719,995,1036
121720,991,1037
121721,987,1035
121722,984,1034
121723,988,1040
121724,990,1042
121725,988,1040
121726,984,1035
121727,982,1033
121728,982,1029
121729,984,1034
121730,986,1035
121731,985,1036
121732,985,1031
121733,980,1030
121734,982,1031
121735,979,1036
121736,979,1039
121737,982,1038
121738,982,1035
121739,978,1032
121740,975,1031
121741,978,1033
121742,982,1037
121743,984,1038
121744,984,1037
121745,982,1033
121746,979,1037
121747,979,1036
121748,983,1042
121749,984,1041
121750,983,1037
121751,977,1036
121752,975,1037
121753,978,1041
121754,981,1041
121755,979,1038
121756,978,1037
121757,975,1036
121758,972,1038
121759,974,1039
121760,979,1043
121761,980,1042
121762,976,1039
121763,973,1037
121764,972,1039
121765,973,1042
121766,977,1046
121767,977,1049
121768,974,1044
121769,974,1043
121770,975,1043
121771,979,1045
121772,982,1047
121773,982,1042
121774,980,1041
121775,976,1040
121776,977,1040
121777,979,1041
121778,984,1045
121779,984,1043
121780,982,1041
121781,978,1038
121782,980,1038
121783,981,1037
121784,981,1043
121785,982,1043
121786,982,1039
121787,981,1036
121788,983,1035
121789,989,1034
121790,995,1032
121791,1006,1032
121792,1021,1029
121793,1033,1025
121794,1053,1025
121795,1086,1021
121796,1124,1021
121797,1164,1007
121798,1204,997
121799,1241,990
121800,1276,995
121801,1301,1008
121802,1309,1026
121803,1293,1040
121804,1252,1040
121805,1197,1041
121806,1132,1048
121807,1071,1058
121808,1012,1070
121809,965,1076
121810,937,1078
121811,929,1077
121812,940,1071
121813,953,1066
121814,963,1060
121815,967,1051
121816,968,1045
121817,964,1041
121818,962,1043
121819,963,1045
121820,965,1047
121821,967,1044
121822,965,1044
121823,961,1038
121824,959,1040
121825,961,1040
121826,963,1044
121827,967,1043
121828,965,1041
121829,964,1040
121830,961,1042
121831,962,1044
121832,963,1047
121833,964,1045
121834,962,1042
121835,957,1039
121836,959,1039
121837,960,1043
121838,963,1045
121839,962,1045
121840,959,1044
121841,958,1042
121842,956,1042
121843,957,1042
121844,957,1045
121845,960,1043
121846,958,1041
121847,953,1038
121848,951,1040
121849,953,1041
121850,956,1045
121851,957,1046
121852,954,1041
121853,951,1037
121854,950,1037
121855,953,1039
121856,958,1039
121857,958,1040
121858,959,1039
121859,958,1033
121860,957,1035
121861,960,1037
121862,963,1039
121863,965,1037
121864,965,1036
121865,966,1029
121866,966,1032
121867,965,1030
121868,970,1034
121869,975,1034
121870,978,1028
121871,975,1029
121872,976,1028
121873,979,1029
121874,981,1031
121875,982,1027
121876,985,1023
121877,984,1021
121878,989,1022
121879,992,1022
121880,995,1024
121881,999,1020
121882,999,1017
121883,996,1013
121884,997,1013
121885,999,1013
121886,1005,1015
121887,1007,1013
121888,1004,1012
121889,1003,1008
121890,1004,1007
121891,1004,1009
121892,1007,1009
121893,1010,1008
121894,1008,1004
121895,1003,1002
121896,1003,1003
121897,1004,1005
121898,1009,1007
121899,1012,1007
121900,1009,1002
121901,1005,1003
121902,1002,1008
121903,1005,1010
121904,1005,1012
121905,1007,1013
121906,1002,1014
121907,997,1010
121908,997,1014
121909,997,1020
121910,997,1026
121911,998,1025
121912,995,1022
121913,991,1024
121914,989,1026
121915,988,1031
121916,989,1033
121917,990,1033
121918,985,1033
121919,980,1034
121920,977,1034
121921,980,1038
121922,982,1040
121923,981,1039
121924,975,1042
121925,971,1039
121926,968,1042
121927,971,1045
121928,972,1047
121929,974,1048
121930,970,1046
121931,969,1046
121932,968,1050
121933,968,1051
121934,970,1056
121935,974,1055
121936,970,1055
121937,967,1051
121938,967,1053
121939,972,1057
121940,971,1058
121941,972,1057
121942,971,1054
121943,972,1054
121944,967,1056
121945,971,1058
121946,973,1057
121947,972,1056
121948,971,1053
121949,969,1051
121950,968,1054
121951,967,1056
121952,973,1057
121953,974,1055
121954,973,1054
121955,971,1050
121956,970,1052
121957,972,1053
121958,973,1054
121959,975,1050
121960,974,1047
121961,973,1043
121962,970,1048
121963,974,1048
121964,978,1051
121965,980,1047
121966,979,1043
121967,977,1041
121968,978,1043
121969,980,1046
121970,982,1048
121971,984,1046
121972,982,1044
121973,979,1042
121974,979,1041
121975,979,1043
121976,982,1047
121977,983,1048
121978,981,1046
121979,976,1041
121980,975,1043
121981,979,1047
121982,981,1045
121983,981,1047
121984,981,1044
121985,979,1041
121986,976,1039
121987,978,1043
121988,981,1046
121989,982,1047
121990,978,1044
121991,975,1045
121992,975,1045
121993,976,1045
121994,980,1049
121995,978,1050
121996,975,1048
121997,974,1044
121998,971,1047
121999,976,1051
122000,980,1050
122001,980,1052
122002,978,1046
122003,974,1046
122004,973,1046
122005,973,1050
122006,976,1051
122007,977,1051
122008,975,1047
122009,972,1044
122010,971,1046
122011,972,1046
122012,978,1048
122013,978,1050
122014,976,1045
122015,971,1042
122016,970,1041
122017,977,1044
122018,975,1049
122019,978,1046
122020,976,1044
122021,976,1042
122022,976,1043
122023,978,1046
122024,982,1048
122025,980,1044
122026,979,1042
122027,982,1040
122028,981,1040
122029,982,1045
122030,985,1045
122031,986,1045
122032,985,1039
122033,987,1035
122034,991,1038
122035,1003,1036
122036,1016,1039
122037,1033,1037
122038,1054,1033
122039,1075,1029
122040,1105,1025
122041,1144,1023
122042,1182,1018
122043,1219,1013
122044,1251,1006
122045,1281,1005
122046,1306,1015
122047,1322,1032
122048,1316,1048
122049,1283,1054
122050,1229,1054
122051,1166,1057
122052,1096,1067
122053,1031,1078
122054,976,1086
122055,941,1090
122056,931,1087
122057,939,1081
122058,953,1071
122059,962,1066
122060,967,1059
122061,968,1051
122062,967,1050
122063,962,1045
122064,960,1047
122065,961,1047
122066,963,1049
122067,963,1046
122068,959,1043
122069,956,1041
122070,953,1041
122071,956,1045
122072,954,1047
122073,957,1045
122074,954,1042
122075,952,1040
122076,952,1041
122077,953,1042
122078,958,1048
122079,957,1045
122080,953,1041
122081,952,1042
122082,951,1043
122083,952,1046
122084,954,1048
122085,953,1048
122086,949,1044
122087,946,1044
122088,947,1045
122089,951,1047
122090,953,1048
122091,957,1046
122092,957,1046
122093,956,1042
122094,954,1043
122095,959,1047
122096,961,1048
122097,963,1049
122098,960,1047
122099,958,1045
122100,958,1044
122101,959,1048
122102,964,1049
122103,964,1046
122104,962,1046
122105,959,1044
122106,957,1044
122107,962,1045
122108,967,1049
122109,971,1046
122110,968,1043
122111,964,1040
122112,967,1040
122113,970,1043
122114,973,1044
122115,975,1044
122116,974,1039
122117,971,1038
122118,972,1036
122119,974,1038
122120,977,1037
122121,978,1034
122122,978,1032
122123,974,1028
122124,975,1027
122125,975,1027
122126,979,1028
122127,981,1025
122128,980,1021
122129,977,1019
122130,977,1018
122131,981,1019
122132,988,1019
122133,989,1019
122134,990,1015
122135,987,1014
122136,990,1013
122137,992,1014
122138,994,1016
122139,994,1011
122140,994,1009
122141,994,1008
122142,995,1008
122143,1000,1009
122144,1003,1011
122145,1007,1010
122146,1005,1007
122147,1003,1003
122148,1005,1005
122149,1007,1008
122150,1010,1007
122151,1009,1008
122152,1008,1006
122153,1008,1003
122154,1006,1007
122155,1008,1010
122156,1010,1018
122157,1009,1018
122158,1008,1016
122159,1003,1017
122160,1001,1018
122161,1003,1022
122162,1005,1026
122163,1004,1028
122164,998,1027
122165,993,1027
122166,991,1033
122167,990,1037
122168,991,1040
122169,994,1040
122170,990,1039
122171,985,1040
122172,980,1043
122173,978,1046
122174,981,1049
122175,980,1051
122176,979,1048
122177,973,1048
122178,969,1051
122179,972,1052
122180,973,1058
122181,973,1053
122182,971,1053
122183,965,1050
122184,962,1051
122185,963,1054
122186,966,1059
122187,968,1056
122188,965,1052
122189,962,1052
122190,960,1054
122191,963,1055
122192,965,1057
122193,964,1056
122194,959,1053
122195,957,1052
122196,956,1052
122197,959,1054
122198,965,1058
122199,963,1053
122200,963,1054
122201,962,1050
122202,964,1050
122203,961,1054
122204,964,1058
122205,966,1055
122206,967,1054
122207,963,1048
122208,964,1049
122209,967,1054
122210,969,1056
122211,969,1056
122212,969,1052
122213,968,1052
122214,965,1051
122215,969,1053
122216,972,1057
122217,970,1055
122218,968,1053
122219,964,1049
122220,963,1048
122221,968,1051
122222,972,1053
122223,973,1052
122224,971,1048
122225,968,1045
122226,970,1048
122227,970,1053
122228,976,1054
122229,974,1051
122230,974,1048
122231,968,1046
122232,970,1048
122233,974,1051
122234,978,1052
122235,976,1051
122236,974,1047
122237,974,1045
122238,975,1049
122239,976,1049
122240,979,1054
122241,979,1052
122242,977,1049
122243,972,1046
122244,971,1048
122245,974,1053
122246,975,1054
122247,976,1052
122248,973,1048
122249,970,1048
122250,968,1052
122251,971,1055
122252,973,1054
122253,971,1053
122254,968,1049
122255,966,1048
122256,964,1048
122257,968,1050
122258,970,1052
122259,968,1049
122260,969,1048
122261,965,1047
122262,966,1046
122263,971,1050
122264,973,1052
122265,972,1051
122266,969,1048
122267,965,1046
122268,965,1045
122269,969,1046
122270,972,1049
122271,972,1048
122272,970,1045
122273,967,1045
122274,968,1046
122275,967,1050
122276,969,1052
122277,971,1053
122278,973,1047
122279,975,1045
122280,980,1045
122281,990,1047
122282,1007,1047
122283,1021,1044
122284,1040,1041
122285,1061,1039
122286,1092,1035
122287,1134,1027
122288,1174,1019
122289,1216,1013
122290,1253,1010
122291,1285,1017
122292,1311,1031
122293,1321,1049
122294,1310,1059
122295,1265,1063
122296,1206,1062
122297,1139,1065
122298,1067,1074
122299,999,1086
122300,952,1091
122301,931,1091
122302,937,1086
122303,946,1074
122304,952,1066
122305,958,1061
122306,962,1059
122307,963,1054
122308,960,1050
122309,958,1047
122310,956,1046
122311,956,1049
122312,956,1051
122313,954,1050
122314,950,1049
122315,947,1044
122316,945,1046
122317,945,1049
122318,947,1052
122319,946,1051
122320,944,1049
122321,940,1045
122322,936,1049
122323,938,1050
122324,939,1052
122325,943,1052
122326,940,1051
122327,940,1049
122328,938,1049
122329,940,1051
122330,942,1055
122331,944,1056
122332,940,1054
122333,939,1050
122334,938,1049
122335,941,1055
122336,945,1057
122337,946,1057
122338,946,1057
122339,941,1058
122340,939,1058
122341,939,1059
122342,941,1060
122343,942,1055
122344,941,1053
122345,942,1050
122346,941,1051
122347,945,1056
122348,948,1056
122349,948,1055
122350,944,1052
122351,944,1048
122352,943,1048
122353,946,1051
122354,949,1056
122355,953,1048
122356,953,1045
122357,951,1041
122358,953,1043
122359,954,1046
122360,960,1047
122361,960,1047
122362,955,1041
122363,954,1039
122364,954,1040
122365,959,1041
122366,964,1039
122367,966,1039
122368,965,1036
122369,963,1034
122370,966,1033
122371,971,1035
122372,973,1035
122373,976,1029
122374,975,1025
122375,975,1025
122376,978,1023
122377,982,1025
122378,984,1027
122379,982,1024
122380,984,1023
122381,983,1022
122382,981,1020
122383,983,1023
122384,988,1021
122385,989,1019
122386,989,1014
122387,987,1012
122388,985,1014
122389,987,1015
122390,995,1017
122391,993,1014
122392,993,1011
122393,990,1006
122394,990,1008
122395,989,1011
122396,989,1013
122397,988,1015
122398,987,1016
122399,984,1015
122400,978,1016
122401,975,1022
122402,976,1027
122403,976,1029
122404,975,1029
122405,975,1031
122406,971,1035
122407,971,1040
122408,972,1042
122409,972,1041
122410,968,1039
122411,961,1039
122412,956,1045
122413,954,1051
122414,955,1054
122415,957,1054
122416,956,1052
122417,953,1052
122418,952,1056
122419,951,1060
122420,951,1060
122421,954,1060
122422,954,1058
122423,949,1059
122424,947,1062
122425,944,1066
122426,945,1068
122427,945,1067
122428,944,1067
122429,945,1067
122430,943,1068
122431,944,1071
122432,944,1073
122433,943,1071
122434,941,1067
122435,943,1064
122436,939,1065
122437,942,1068
122438,942,1070
122439,943,1068
122440,939,1063
122441,940,1062
122442,940,1064
122443,940,1066
122444,947,1067
122445,949,1064
122446,946,1062
122447,942,1059
122448,946,1056
122449,949,1059
122450,954,1062
122451,956,1058
122452,957,1058
122453,950,1054
122454,946,1057
122455,948,1062
122456,951,1061
122457,952,1061
122458,951,1060
122459,952,1056
122460,950,1058
122461,954,1061
122462,957,1064
122463,955,1062
122464,953,1060
122465,951,1062
122466,952,1062
122467,955,1065
122468,956,1072
122469,954,1065
122470,953,1063
122471,952,1062
122472,951,1063
122473,951,1067
122474,954,1067
122475,954,1064
122476,953,1062
122477,949,1061
122478,953,1061
122479,953,1065
122480,956,1066
122481,957,1066
122482,953,1061
122483,951,1059
122484,951,1059
122485,954,1060
122486,956,1057
122487,952,1056
122488,946,1054
122489,941,1052
122490,944,1053
122491,946,1057
122492,951,1057
122493,951,1053
122494,949,1051
122495,948,1051
122496,946,1054
122497,945,1058
122498,949,1059
122499,947,1055
122500,946,1054
122501,941,1051
122502,942,1055
122503,945,1059
122504,951,1058
122505,952,1058
122506,950,1055
122507,948,1057
122508,946,1059
122509,946,1065
122510,949,1062
122511,948,1060
122512,950,1056
122513,949,1055
122514,944,1057
122515,947,1058
122516,950,1058
122517,950,1059
122518,947,1059
122519,944,1058
122520,945,1059
122521,951,1063
122522,954,1065
122523,955,1064
122524,950,1062
122525,944,1065
122526,944,1063
122527,946,1067
122528,952,1067
122529,955,1068
122530,952,1067
122531,950,1064
122532,950,1063
122533,952,1066
122534,955,1067
122535,953,1067
122536,952,1063
122537,948,1062
122538,951,1061
122539,954,1064
122540,957,1064
122541,954,1061
122542,952,1062
122543,948,1061
122544,949,1063
122545,950,1064
122546,952,1066
122547,953,1060
122548,951,1059
122549,951,1063
122550,953,1063
122551,960,1067
122552,963,1067
122553,962,1064
122554,958,1061
122555,958,1057
122556,958,1055
122557,967,1056
122558,980,1058
122559,991,1059
122560,1003,1053
122561,1016,1052
122562,1038,1049
122563,1071,1048
122564,1108,1038
122565,1149,1022
122566,1185,1011
122567,1216,1012
122568,1248,1024
122569,1275,1041
122570,1284,1058
122571,1267,1068
122572,1232,1069
122573,1176,1070
122574,1118,1072
122575,1057,1085
122576,995,1096
122577,941,1103
122578,914,1106
122579,911,1107
122580,921,1102
122581,932,1092
122582,939,1083
122583,945,1076
122584,948,1067
122585,945,1062
122586,943,1060
122587,943,1062
122588,942,1063
122589,939,1060
122590,935,1059
122591,935,1058
122592,936,1060
122593,936,1061
122594,939,1064
122595,937,1063
122596,934,1059
122597,932,1059
122598,933,1060
122599,933,1062
122600,935,1066
122601,935,1060
122602,935,1056
122603,930,1054
122604,930,1058
122605,934,1056
122606,934,1061
122607,935,1061
122608,935,1059
122609,933,1057
122610,930,1059
122611,935,1061
122612,938,1064
122613,939,1065
122614,938,1060
122615,934,1058
122616,932,1056
122617,934,1058
122618,939,1061
122619,939,1062
122620,935,1059
122621,931,1055
122622,932,1056
122623,938,1059
122624,938,1062
122625,939,1060
122626,937,1057
122627,935,1052
122628,935,1057
122629,937,1058
122630,939,1060
122631,937,1057
122632,939,1053
122633,935,1051
122634,936,1051
122635,941,1053
122636,943,1055
122637,945,1053
122638,942,1048
122639,939,1043
122640,942,1047
122641,945,1047
122642,950,1046
122643,955,1042
122644,954,1039
122645,954,1034
122646,952,1035
122647,959,1035
122648,964,1031
122649,965,1026
122650,967,1023
122651,968,1019
122652,972,1018
122653,976,1015
122654,981,1017
122655,982,1017
122656,982,1011
122657,977,1012
122658,975,1013
122659,977,1015
122660,980,1014
122661,985,1011
122662,983,1008
122663,982,1005
122664,985,1008
122665,988,1010
122666,993,1012
122667,994,1012
122668,991,1005
122669,986,1006
122670,982,1010
122671,988,1011
122672,991,1013
122673,990,1015
122674,987,1013
122675,983,1014
122676,981,1019
122677,979,1026
122678,980,1028
122679,977,1031
122680,976,1031
122681,971,1032
122682,967,1038
122683,970,1044
122684,970,1046
122685,966,1047
122686,963,1047
122687,957,1048
122688,954,1054
122689,954,1056
122690,956,1061
122691,953,1061
122692,950,1060
122693,947,1057
122694,945,1060
122695,946,1063
122696,948,1066
122697,946,1066
122698,943,1061
122699,939,1060
122700,939,1062
122701,941,1066
122702,947,1066
122703,945,1066
122704,942,1065
122705,943,1064
122706,940,1064
122707,944,1067
122708,944,1070
122709,948,1067
122710,944,1066
122711,943,1065
122712,942,1068
122713,944,1071
122714,944,1075
122715,941,1074
122716,939,1067
122717,942,1064
122718,943,1062
122719,946,1068
122720,951,1070
122721,949,1068
122722,946,1063
122723,943,1064
122724,946,1062
122725,950,1067
122726,954,1066
122727,954,1062
122728,949,1058
122729,945,1056
122730,947,1062
122731,951,1064
122732,956,1066
122733,956,1062
122734,955,1061
122735,953,1058
122736,953,1059
122737,953,1061
122738,957,1064
122739,954,1063
122740,952,1063
122741,948,1064
122742,949,1067
122743,951,1067
122744,954,1067
122745,955,1065
122746,953,1061
122747,951,1056
122748,953,1055
122749,957,1053
122750,960,1053
122751,961,1052
122752,955,1048
122753,950,1046
122754,951,1047
122755,955,1052
122756,958,1048
122757,958,1048
122758,957,1047
122759,955,1046
122760,952,1048
122761,955,1050
122762,957,1052
122763,956,1051
122764,954,1052
122765,952,1049
122766,954,1050
122767,957,1053
122768,960,1055
122769,960,1053
122770,955,1052
122771,952,1049
122772,952,1049
122773,953,1051
122774,957,1054
122775,956,1053
122776,954,1052
122777,950,1050
122778,948,1052
122779,951,1052
122780,958,1056
122781,963,1057
122782,956,1054
122783,950,1053
122784,944,1054
122785,954,1056
122786,957,1058
122787,958,1058
122788,952,1059
122789,947,1056
122790,948,1057
122791,953,1061
122792,959,1063
122793,959,1064
122794,952,1064
122795,951,1064
122796,951,1066
122797,950,1069
122798,951,1069
122799,948,1063
122800,948,1062
122801,946,1061
122802,947,1060
122803,948,1059
122804,950,1060
122805,953,1060
122806,952,1058
122807,947,1054
122808,945,1058
122809,949,1059
122810,953,1059
122811,953,1059
122812,951,1057
122813,949,1057
122814,947,1058
122815,950,1059
122816,953,1061
122817,952,1060
122818,948,1055
122819,944,1056
122820,948,1058
122821,952,1062
122822,952,1063
122823,955,1062
122824,954,1061
122825,951,1057
122826,951,1059
122827,951,1059
122828,953,1064
122829,952,1065
122830,951,1059
122831,949,1058
122832,945,1057
122833,948,1060
122834,952,1063
122835,954,1059
122836,951,1059
122837,946,1060
122838,946,1059
122839,951,1062
122840,956,1064
122841,955,1061
122842,951,1058
122843,952,1058
122844,950,1060
122845,949,1062
122846,953,1064
122847,956,1063
122848,954,1059
122849,950,1055
122850,950,1054
122851,954,1058
122852,956,1057
122853,957,1058
122854,950,1054
122855,947,1052
122856,948,1055
122857,955,1059
122858,960,1059
122859,962,1056
122860,958,1055
122861,950,1054
122862,951,1053
122863,955,1057
122864,956,1059
122865,954,1054
122866,951,1052
122867,949,1051
122868,952,1053
122869,954,1055
122870,957,1056
122871,958,1056
122872,958,1055
122873,953,1053
122874,952,1057
122875,957,1057
122876,958,1058
122877,958,1060
122878,955,1056
122879,950,1060
122880,952,1057
122881,955,1063
122882,958,1067
122883,958,1067
122884,955,1061
122885,950,1062
122886,950,1064
122887,953,1066
122888,959,1068
122889,955,1069
122890,951,1066
122891,952,1067
122892,954,1066
122893,956,1068
122894,959,1070
122895,961,1070
122896,959,1065
122897,956,1064
122898,956,1066
122899,954,1067
122900,957,1069
122901,954,1068
122902,956,1066
122903,957,1066
122904,957,1067
122905,956,1068
122906,957,1068
122907,956,1066
122908,954,1063
122909,954,1062
122910,957,1062
122911,958,1065
122912,961,1067
122913,960,1063
122914,958,1060
122915,954,1059
122916,956,1059
122917,961,1060
122918,967,1060
122919,965,1058
122920,961,1056
122921,957,1055
122922,954,1056
122923,957,1060
122924,962,1063
122925,965,1060
122926,965,1056
122927,961,1052
122928,958,1052
122929,961,1058
122930,964,1060
122931,967,1057
122932,962,1055
122933,960,1054
122934,958,1054
122935,962,1058
122936,965,1059
122937,967,1057
122938,966,1055
122939,962,1053
122940,964,1055
122941,966,1058
122942,970,1060
122943,967,1058
122944,965,1056
122945,963,1054
122946,965,1056
122947,967,1058
122948,970,1063
122949,966,1061
122950,963,1057
122951,960,1055
122952,963,1055
122953,969,1059
122954,977,1058
122955,985,1054
122956,996,1048
122957,1007,1043
122958,1023,1043
122959,1048,1045
122960,1079,1040
122961,1117,1031
122962,1154,1018
122963,1192,1012
122964,1227,1015
122965,1258,1028
122966,1277,1046
122967,1276,1059
122968,1250,1067
122969,1208,1065
122970,1153,1068
122971,1102,1074
122972,1048,1086
122973,985,1093
122974,936,1099
122975,914,1103
122976,918,1107
122977,933,1104
122978,948,1096
122979,954,1081
122980,957,1075
122981,955,1068
122982,955,1066
122983,951,1067
122984,951,1066
122985,949,1063
122986,947,1060
122987,944,1058
122988,942,1058
122989,941,1062
122990,944,1064
122991,941,1060
122992,940,1061
122993,939,1058
122994,936,1060
122995,941,1063
122996,942,1062
122997,941,1062
122998,938,1059
122999,940,1056
123000,938,1057
123001,939,1060
123002,942,1061
123003,945,1059
123004,945,1059
123005,941,1058
123006,942,1059
123007,943,1062
123008,944,1061
123009,942,1058
123010,938,1053
123011,939,1051
123012,935,1052
123013,940,1053
123014,940,1054
123015,942,1054
123016,943,1050
123017,940,1049
123018,943,1049
123019,942,1048
123020,946,1053
123021,943,1051
123022,943,1048
123023,944,1045
123024,945,1046
123025,946,1046
123026,951,1045
123027,951,1043
123028,951,1044
123029,949,1041
123030,949,1044
123031,954,1045
123032,959,1044
123033,963,1043
123034,964,1041
123035,965,1038
123036,965,1039
123037,969,1041
123038,970,1039
123039,972,1036
123040,972,1034
123041,971,1032
123042,975,1033
123043,978,1034
123044,981,1031
123045,978,1028
123046,977,1024
123047,976,1023
123048,981,1024
123049,984,1023
123050,986,1025
123051,990,1022
123052,988,1019
123053,987,1017
123054,988,1020
123055,992,1021
123056,995,1021
123057,995,1018
123058,993,1016
123059,989,1018
123060,988,1018
123061,989,1018
123062,992,1020
123063,989,1023
123064,987,1020
123065,985,1022
123066,983,1027
123067,989,1030
123068,992,1030
123069,991,1030
123070,990,1026
123071,987,1026
123072,986,1028
123073,988,1035
123074,991,1038
123075,988,1038
123076,984,1038
123077,979,1039
123078,974,1045
123079,974,1045
123080,973,1051
123081,971,1049
123082,966,1050
123083,962,1052
123084,964,1051
123085,965,1057
123086,969,1057
123087,967,1058
123088,963,1056
123089,957,1058
123090,957,1060
123091,958,1064
123092,960,1064
123093,960,1062
123094,958,1063
123095,958,1061
123096,956,1063
123097,960,1068
123098,959,1068
123099,957,1066
123100,952,1066
123101,951,1067
123102,950,1068
123103,953,1072
123104,957,1074
123105,957,1071
123106,955,1070
123107,954,1067
123108,952,1068
123109,954,1069
123110,958,1073
123111,957,1072
123112,955,1071
123113,955,1070
123114,957,1071
123115,963,1073
123116,965,1075
123117,966,1073
123118,961,1070
123119,956,1069
123120,955,1068
123121,960,1069
123122,962,1066
123123,964,1059
123124,964,1055
123125,962,1052
123126,961,1054
123127,963,1055
123128,969,1053
123129,967,1051
123130,963,1050
123131,963,1050
123132,964,1049
123133,967,1051
123134,969,1051
123135,967,1049
123136,965,1044
123137,964,1046
123138,963,1048
123139,961,1048
123140,965,1050
123141,966,1052
123142,965,1050
123143,964,1045
123144,962,1049
123145,963,1051
123146,966,1054
123147,966,1052
123148,966,1048
123149,964,1048
123150,961,1052
123151,960,1055
123152,962,1054
123153,963,1053
123154,963,1053
123155,963,1053
123156,960,1056
123157,964,1059
123158,963,1062
123159,958,1060
123160,960,1058
123161,961,1059
123162,959,1061
123163,964,1067
123164,966,1066
123165,965,1069
123166,964,1067
123167,961,1065
123168,960,1066
123169,964,1069
123170,967,1071
123171,968,1069
123172,967,1062
123173,961,1059
123174,963,1061
123175,965,1063
123176,966,1064
123177,965,1061
123178,961,1058
123179,957,1053
123180,959,1055
123181,959,1058
123182,961,1059
123183,962,1060
123184,960,1056
123185,957,1053
123186,956,1055
123187,956,1059
123188,959,1060
123189,957,1061
123190,956,1059
123191,954,1055
123192,954,1058
123193,956,1062
123194,956,1062
123195,952,1060
123196,952,1059
123197,952,1057
123198,951,1058
123199,952,1063
123200,955,1065
123201,957,1062
123202,956,1063
123203,951,1063
123204,950,1062
123205,952,1064
123206,955,1064
123207,957,1064
123208,954,1061
123209,953,1062
123210,954,1063
123211,957,1067
123212,958,1065
123213,958,1063
123214,959,1061
123215,954,1061
123216,954,1062
123217,957,1061
123218,961,1061
123219,959,1061
123220,958,1060
123221,957,1060
123222,956,1062
123223,958,1060
123224,959,1058
123225,960,1055
123226,959,1053
123227,958,1052
123228,958,1056
123229,961,1057
123230,965,1056
123231,966,1056
123232,961,1054
123233,958,1055
123234,956,1058
123235,956,1058
123236,960,1059
123237,960,1055
123238,958,1055
123239,957,1053
123240,957,1059
123241,958,1060
123242,960,1059
123243,955,1056
123244,952,1057
123245,949,1054
123246,951,1056
123247,958,1060
123248,961,1061
123249,960,1058
123250,956,1058
123251,951,1058
123252,952,1060
123253,957,1060
123254,955,1062
123255,956,1060
123256,954,1058
123257,951,1058
123258,951,1059
123259,956,1061
123260,959,1065
123261,959,1061
123262,955,1060
123263,953,1059
123264,949,1062
123265,953,1066
123266,958,1066
123267,959,1062
123268,956,1061
123269,954,1055
123270,956,1059
123271,956,1062
123272,958,1066
123273,957,1063
123274,959,1064
123275,962,1062
123276,962,1062
123277,965,1063
123278,966,1058
123279,967,1056
123280,963,1054
123281,958,1052
123282,955,1055
123283,958,1057
123284,962,1059
123285,960,1056
123286,957,1051
123287,955,1049
123288,953,1053
123289,958,1053
123290,961,1055
123291,961,1053
123292,958,1052
123293,954,1052
123294,956,1052
123295,959,1056
123296,965,1058
123297,963,1055
123298,962,1058
123299,957,1056
123300,952,1057
123301,955,1056
123302,957,1056
123303,956,1053
123304,956,1055
123305,953,1052
123306,950,1056
123307,955,1058
123308,957,1060
123309,957,1055
123310,953,1055
123311,951,1052
123312,951,1056
123313,954,1059
123314,954,1061
123315,953,1058
123316,951,1058
123317,950,1058
123318,949,1056
123319,952,1060
123320,951,1060
123321,953,1060
123322,952,1060
123323,953,1060
123324,954,1063
123325,955,1067
123326,956,1069
123327,958,1066
123328,958,1065
123329,960,1066
123330,958,1067
123331,958,1062
123332,959,1059
123333,960,1055
123334,960,1052
123335,958,1053
123336,958,1057
123337,960,1059
123338,962,1062
123339,960,1061
123340,957,1054
123341,956,1052
123342,959,1056
123343,958,1059
123344,963,1061
123345,962,1057
123346,961,1055
123347,958,1054
123348,959,1059
123349,962,1059
123350,965,1059
123351,963,1057
123352,959,1053
123353,959,1054
123354,959,1056
123355,961,1060
123356,963,1058
123357,964,1057
123358,962,1055
123359,959,1055
123360,960,1055
123361,962,1054
123362,963,1059
123363,960,1056
123364,959,1055
123365,957,1052
123366,960,1054
123367,961,1055
123368,966,1059
123369,967,1057
123370,962,1052
123371,959,1053
123372,960,1052
123373,960,1054
123374,963,1055
123375,961,1057
123376,958,1055
123377,960,1055
123378,960,1058
123379,967,1063
123380,972,1062
123381,971,1061
123382,966,1056
123383,962,1053
123384,964,1056
123385,969,1055
123386,973,1057
123387,973,1057
123388,971,1055
123389,971,1053
123390,972,1051
123391,978,1051
123392,985,1049
123393,997,1046
123394,1010,1043
123395,1029,1042
123396,1054,1039
123397,1088,1037
123398,1127,1029
123399,1163,1019
123400,1194,1012
123401,1225,1011
123402,1255,1015
123403,1279,1028
123404,1290,1043
123405,1275,1051
123406,1242,1056
123407,1193,1056
123408,1136,1063
123409,1081,1072
123410,1020,1082
123411,968,1083
123412,939,1083
123413,935,1079
123414,944,1074
123415,957,1069
123416,965,1064
123417,963,1058
123418,956,1052
123419,957,1049
123420,956,1051
123421,956,1055
123422,955,1053
123423,952,1053
123424,949,1052
123425,945,1051
123426,945,1050
123427,949,1052
123428,948,1055
123429,946,1053
123430,945,1048
123431,943,1047
123432,946,1047
123433,948,1053
123434,950,1057
123435,946,1054
123436,949,1052
123437,952,1053
123438,952,1054
123439,957,1056
123440,958,1058
123441,958,1060
123442,953,1055
123443,949,1052
123444,947,1053
123445,950,1054
123446,955,1056
123447,954,1058
123448,951,1056
123449,950,1057
123450,951,1058
123451,951,1061
123452,954,1059
123453,955,1055
123454,956,1053
123455,955,1055
123456,951,1057
123457,956,1056
123458,958,1057
123459,959,1052
123460,956,1050
123461,955,1053
123462,956,1055
123463,959,1056
123464,963,1054
123465,965,1052
123466,964,1048
123467,963,1046
123468,962,1046
123469,964,1048
123470,971,1050
123471,977,1049
123472,980,1043
123473,984,1041
123474,987,1043
123475,990,1043
123476,996,1041
123477,996,1038
123478,990,1036
123479,988,1031
123480,988,1028
123481,996,1029
123482,1005,1028
123483,1007,1023
123484,1009,1021
123485,1008,1022
123486,1009,1024
123487,1013,1027
123488,1020,1025
123489,1019,1024
123490,1020,1019
123491,1019,1017
123492,1020,1020
123493,1021,1021
123494,1025,1024
123495,1020,1024
123496,1017,1020
123497,1016,1015
123498,1017,1018
123499,1018,1023
123500,1021,1027
123501,1016,1027
123502,1012,1023
123503,1007,1024
123504,1006,1027
123505,1006,1029
123506,1008,1032
123507,1005,1035
123508,1001,1035
123509,997,1035
123510,995,1038
123511,993,1040
123512,994,1043
123513,994,1044
123514,988,1042
123515,984,1046
123516,978,1050
123517,976,1057
123518,980,1054
123519,976,1050
123520,972,1048
123521,967,1049
123522,966,1051
123523,969,1055
123524,968,1057
123525,966,1053
123526,963,1049
123527,961,1048
123528,959,1052
123529,961,1054
123530,965,1053
123531,961,1052
123532,961,1051
123533,958,1053
123534,960,1054
123535,958,1056
123536,963,1054
123537,963,1055
123538,962,1050
123539,960,1051
123540,960,1056
123541,963,1060
123542,967,1061
123543,967,1062
123544,961,1059
123545,957,1054
123546,957,1061
123547,960,1062
123548,965,1063
123549,966,1061
123550,964,1058
123551,961,1061
123552,967,1064
123553,969,1065
123554,975,1064
123555,974,1061
123556,974,1060
123557,968,1059
123558,967,1061
123559,972,1062
123560,979,1059
123561,979,1059
123562,975,1054
123563,970,1054
123564,970,1053
123565,972,1056
123566,976,1056
123567,979,1054
123568,980,1049
123569,978,1049
123570,974,1052
123571,973,1054
123572,974,1052
123573,979,1052
123574,975,1049
123575,970,1046
123576,971,1048
123577,975,1051
123578,978,1052
123579,974,1049
123580,973,1048
123581,974,1046
123582,975,1052
123583,976,1055
123584,979,1057
123585,979,1055
123586,977,1052
123587,972,1050
123588,973,1054
123589,973,1055
123590,977,1057
123591,971,1056
123592,969,1053
123593,970,1053
123594,973,1053
123595,977,1057
123596,979,1059
123597,977,1055
123598,972,1053
123599,967,1052
123600,968,1053
123601,973,1052
123602,975,1052
123603,976,1046
123604,976,1044
123605,975,1045
123606,973,1046
123607,974,1047
123608,974,1047
123609,973,1047
123610,969,1045
123611,967,1041
123612,972,1047
123613,976,1049
123614,978,1050
123615,977,1046
123616,973,1046
123617,974,1046
123618,975,1049
123619,978,1051
123620,978,1049
123621,979,1046
123622,985,1040
123623,990,1038
123624,1003,1036
123625,1018,1037
123626,1035,1035
123627,1055,1030
123628,1083,1026
123629,1120,1020
123630,1167,1012
123631,1209,1010
123632,1248,1011
123633,1273,1018
123634,1286,1033
123635,1280,1052
123636,1255,1065
123637,1211,1066
123638,1157,1069
123639,1090,1077
123640,1019,1089
123641,953,1099
123642,918,1107
123643,918,1113
123644,935,1106
123645,948,1092
123646,955,1075
123647,957,1066
123648,961,1064
123649,967,1060
123650,968,1057
123651,965,1051
123652,963,1048
123653,963,1050
123654,961,1051
123655,958,1055
123656,960,1051
123657,956,1045
123658,954,1042
123659,954,1044
123660,954,1046
123661,952,1052
123662,957,1052
123663,955,1050
123664,954,1048
123665,953,1046
123666,950,1049
123667,952,1053
123668,954,1051
123669,954,1049
123670,951,1047
123671,950,1047
123672,951,1051
123673,952,1054
123674,957,1054
123675,953,1053
123676,950,1051
123677,947,1052
123678,952,1054
123679,959,1057
123680,963,1056
123681,963,1053
123682,960,1052
123683,957,1053
123684,955,1057
123685,958,1056
123686,963,1056
123687,965,1053
123688,966,1051
123689,963,1050
123690,964,1050
123691,962,1053
123692,966,1050
123693,969,1045
123694,967,1040
123695,966,1036
123696,967,1035
123697,973,1037
123698,978,1034
123699,982,1030
123700,984,1028
123701,984,1026
123702,983,1027
123703,986,1027
123704,991,1024
123705,995,1019
123706,999,1014
123707,1000,1015
123708,1001,1014
123709,1004,1012
123710,1010,1010
123711,1013,1010
123712,1012,1005
123713,1008,1004
123714,1009,1006
123715,1013,1006
123716,1017,1004
123717,1017,999
123718,1018,998
123719,1014,996
123720,1015,997
123721,1022,1001
123722,1023,1002
123723,1021,1003
123724,1019,1002
123725,1018,1000
123726,1020,1003
123727,1022,1008
123728,1022,1011
123729,1022,1011
123730,1020,1008
123731,1012,1014
123732,1010,1017
123733,1010,1023
123734,1015,1025
123735,1014,1027
123736,1007,1029
123737,998,1034
123738,997,1041
123739,998,1045
123740,1000,1049
123741,998,1049
123742,991,1048
123743,984,1049
123744,981,1052
123745,979,1052
123746,982,1054
123747,978,1052
123748,973,1052
123749,969,1051
123750,967,1051
123751,968,1054
123752,971,1056
123753,969,1055
123754,961,1054
123755,958,1051
123756,963,1053
123757,966,1058
123758,969,1058
123759,965,1060
123760,959,1054
123761,956,1053
123762,958,1055
123763,962,1060
123764,963,1059
123765,962,1058
123766,958,1057
123767,956,1058
123768,955,1058
123769,960,1060
123770,962,1061
123771,961,1065
123772,959,1062
123773,959,1061
123774,959,1064
123775,961,1068
123776,963,1067
123777,963,1065
123778,963,1062
123779,960,1063
123780,963,1063
123781,964,1065
123782,970,1067
123783,972,1064
123784,971,1062
123785,971,1064
123786,969,1067
123787,969,1069
123788,970,1069
123789,970,1065
123790,968,1064
123791,965,1059
123792,965,1060
123793,970,1064
123794,975,1065
123795,974,1062
123796,971,1062
123797,967,1062
123798,972,1060
123799,975,1062
123800,976,1060
123801,978,1056
123802,976,1053
123803,973,1051
123804,969,1053
123805,971,1053
123806,977,1054
123807,977,1053
123808,972,1050
123809,969,1049
123810,971,1051
123811,975,1055
123812,977,1051
123813,976,1050
123814,972,1049
123815,971,1050
123816,973,1051
123817,972,1055
123818,975,1057
123819,976,1056
123820,972,1053
123821,972,1051
123822,970,1053
123823,971,1055
123824,976,1054
123825,978,1056
123826,972,1055
123827,963,1055
123828,962,1057
123829,966,1062
123830,973,1061
123831,973,1061
123832,971,1056
123833,973,1055
123834,970,1059
123835,973,1063
123836,973,1059
123837,977,1059
123838,973,1058
123839,971,1058
123840,970,1063
123841,972,1064
123842,975,1065
123843,973,1066
123844,968,1060
123845,968,1059
123846,968,1060
123847,969,1064
123848,968,1063
123849,969,1065
123850,967,1062
123851,961,1065
123852,963,1067
123853,966,1067
123854,968,1065
123855,968,1061
123856,966,1058
123857,964,1055
123858,965,1055
123859,967,1055
123860,969,1057
123861,970,1053
123862,971,1051
123863,970,1051
123864,972,1052
123865,977,1055
123866,981,1055
123867,978,1052
123868,980,1050
123869,982,1046
123870,986,1050
123871,991,1049
123872,1007,1045
123873,1020,1042
123874,1035,1037
123875,1055,1033
123876,1087,1032
123877,1123,1027
123878,1162,1018
123879,1197,1014
123880,1224,1013
123881,1248,1024
123882,1263,1041
123883,1261,1058
123884,1235,1068
123885,1186,1068
123886,1124,1073
123887,1060,1083
123888,992,1099
123889,940,1105
123890,924,1112
123891,930,1107
123892,944,1094
123893,952,1081
123894,958,1072
123895,965,1073
123896,969,1068
123897,967,1063
123898,963,1059
123899,957,1059
123900,953,1061
123901,957,1062
123902,960,1062
123903,958,1062
123904,958,1059
123905,955,1063
123906,955,1065
123907,956,1070
123908,956,1067
123909,959,1066
123910,955,1065
123911,954,1064
123912,953,1064
123913,952,1063
123914,954,1061
123915,953,1055
123916,949,1052
123917,950,1050
123918,952,1051
123919,956,1057
123920,959,1056
123921,957,1054
123922,955,1052
123923,953,1052
123924,949,1054
123925,951,1054
123926,954,1053
123927,958,1053
123928,960,1052
123929,960,1051
123930,960,1054
123931,966,1056
123932,966,1054
123933,959,1053
123934,955,1051
123935,956,1049
123936,958,1051
123937,963,1052
123938,967,1052
123939,968,1050
123940,966,1047
123941,965,1048
123942,967,1049
123943,969,1050
123944,971,1048
123945,973,1044
123946,972,1042
123947,974,1039
123948,982,1039
123949,988,1036
123950,994,1034
123951,991,1032
123952,993,1025
123953,991,1027
123954,994,1024
123955,995,1027
123956,1000,1024
123957,1005,1022
123958,1004,1020
123959,1004,1020
123960,1008,1023
123961,1011,1025
123962,1015,1025
123963,1016,1022
123964,1017,1020
123965,1014,1016
123966,1014,1018
123967,1018,1016
123968,1020,1018
123969,1019,1017
123970,1017,1013
123971,1012,1010
123972,1013,1013
123973,1017,1013
123974,1019,1015
123975,1022,1012
123976,1015,1015
123977,1014,1017
123978,1016,1020
123979,1014,1024
123980,1016,1027
123981,1013,1028
123982,1009,1026
123983,1005,1028
123984,1004,1034
123985,1007,1038
123986,1004,1041
123987,997,1039
123988,994,1038
123989,990,1044
123990,990,1049
123991,991,1054
123992,988,1054
123993,985,1053
123994,982,1051
123995,975,1056
123996,975,1058
123997,978,1063
123998,981,1062
123999,978,1060
124000,976,1054
124001,975,1053
124002,971,1055
124003,973,1058
124004,974,1055
124005,971,1055
124006,967,1053
124007,963,1056
124008,962,1058
124009,964,1059
124010,969,1060
124011,967,1059
124012,961,1056
124013,955,1057
124014,959,1062
124015,962,1063
124016,968,1065
124017,969,1063
124018,969,1062
124019,966,1064
124020,966,1067
124021,964,1071
124022,973,1070
124023,972,1067
124024,969,1066
124025,963,1067
124026,961,1067
124027,965,1068
124028,970,1068
124029,968,1063
124030,969,1060
124031,966,1062
124032,971,1065
124033,974,1069
124034,975,1069
124035,974,1067
124036,971,1062
124037,971,1061
124038,977,1064
124039,980,1064
124040,983,1063
124041,984,1062
124042,979,1059
124043,973,1060
124044,977,1060
124045,981,1062
124046,984,1062
124047,983,1059
124048,981,1053
124049,976,1051
124050,975,1054
124051,980,1059
124052,986,1059
124053,987,1059
124054,985,1055
124055,981,1056
124056,980,1057
124057,979,1057
124058,979,1055
124059,977,1053
124060,972,1051
124061,971,1050
124062,971,1053
124063,975,1058
124064,973,1058
124065,972,1057
124066,972,1053
124067,973,1052
124068,972,1056
124069,974,1060
124070,976,1061
124071,974,1058
124072,975,1057
124073,972,1058
124074,974,1061
124075,978,1060
124076,980,1060
124077,979,1059
124078,976,1056
124079,974,1057
124080,971,1059
124081,973,1060
124082,973,1060
124083,973,1059
124084,971,1055
124085,972,1054
124086,973,1060
124087,975,1063
124088,976,1059
124089,974,1059
124090,972,1056
124091,968,1058
124092,972,1060
124093,977,1060
124094,979,1060
124095,978,1061
124096,975,1054
124097,970,1053
124098,971,1053
124099,977,1055
124100,979,1055
124101,977,1053
124102,973,1053
124103,970,1050
124104,970,1052
124105,973,1056
124106,973,1055
124107,972,1054
124108,973,1051
124109,969,1047
124110,969,1051
124111,972,1053
124112,975,1054
124113,975,1053
124114,970,1049
124115,972,1050
124116,974,1052
124117,977,1055
124118,980,1055
124119,979,1054
124120,976,1051
124121,971,1052
124122,967,1052
124123,970,1056
124124,972,1057
124125,975,1057
124126,976,1057
124127,974,1056
124128,970,1057
124129,970,1059
124130,969,1062
124131,970,1059
124132,969,1057
124133,965,1054
124134,968,1059
124135,971,1060
124136,973,1059
124137,974,1059
124138,969,1055
124139,967,1058
124140,963,1060
124141,971,1063
124142,975,1064
124143,975,1060
124144,972,1059
124145,969,1056
124146,971,1059
124147,974,1059
124148,978,1059
124149,978,1058
124150,974,1054
124151,972,1055
124152,972,1058
124153,974,1059
124154,975,1057
124155,973,1058
124156,973,1053
124157,969,1051
124158,972,1055
124159,976,1057
124160,978,1057
124161,976,1055
124162,972,1051
124163,969,1050
124164,969,1052
124165,972,1054
124166,974,1054
124167,971,1052
124168,970,1050
124169,968,1050
124170,968,1051
124171,973,1054
124172,976,1054
124173,976,1052
124174,973,1050
124175,970,1051
124176,972,1054
124177,974,1058
124178,979,1057
124179,978,1056
124180,977,1051
124181,974,1053
124182,978,1055
124183,980,1060
124184,984,1059
124185,981,1056
124186,980,1053
124187,977,1054
124188,976,1056
124189,979,1058
124190,981,1060
124191,983,1056
124192,980,1055
124193,980,1052
124194,981,1054
124195,984,1058
124196,989,1058
124197,984,1054
124198,979,1053
124199,972,1052
124200,977,1055
124201,980,1059
124202,980,1058
124203,977,1056
124204,973,1054
124205,972,1054
124206,972,1059
124207,975,1060
124208,976,1060
124209,974,1060
124210,969,1054
124211,969,1053
124212,969,1055
124213,974,1058
124214,978,1056
124215,977,1053
124216,970,1047
124217,970,1046
124218,971,1047
124219,972,1050
124220,971,1050
124221,970,1051
124222,969,1050
124223,966,1047
124224,969,1049
124225,972,1051
124226,973,1049
124227,971,1048
124228,970,1044
124229,967,1045
124230,966,1046
124231,969,1049
124232,972,1047
124233,974,1045
124234,973,1043
124235,969,1044
124236,972,1047
124237,975,1050
124238,981,1050
124239,981,1047
124240,982,1046
124241,979,1045
124242,979,1049
124243,979,1053
124244,981,1053
124245,980,1051
124246,978,1049
124247,979,1046
124248,981,1051
124249,983,1055
124250,989,1054
124251,986,1051
124252,982,1052
124253,983,1051
124254,981,1051
124255,984,1054
124256,987,1056
124257,986,1053
124258,982,1052
124259,983,1052
124260,981,1057
124261,985,1060
124262,986,1061
124263,985,1059
124264,980,1053
124265,977,1054
124266,980,1057
124267,981,1058
124268,982,1058
124269,984,1056
124270,984,1054
124271,981,1054
124272,979,1056
124273,980,1058
124274,984,1056
124275,982,1054
124276,980,1050
124277,978,1049
124278,980,1051
124279,983,1054
124280,984,1052
124281,984,1049
124282,981,1047
124283,978,1047
124284,976,1049
124285,979,1049
124286,981,1048
124287,978,1046
124288,974,1044
124289,971,1044
124290,973,1047
124291,977,1051
124292,980,1047
124293,977,1044
124294,975,1040
124295,973,1040
124296,970,1043
124297,976,1047
124298,980,1045
124299,981,1045
124300,980,1043
124301,979,1044
124302,984,1048
124303,987,1051
124304,990,1048
124305,986,1046
124306,985,1045
124307,984,1045
124308,986,1046
124309,990,1051
124310,992,1048
124311,990,1048
124312,986,1047
124313,983,1048
124314,987,1051
124315,990,1052
124316,995,1054
124317,994,1051
124318,990,1049
124319,988,1046
124320,986,1050
124321,989,1056
124322,993,1055
124323,994,1049
124324,992,1048
124325,994,1048
124326,994,1051
124327,996,1050
124328,996,1049
124329,993,1048
124330,993,1046
124331,989,1041
124332,994,1044
124333,1002,1040
124334,1013,1038
124335,1025,1036
124336,1041,1028
124337,1058,1028
124338,1083,1027
124339,1114,1024
124340,1148,1018
124341,1182,1011
124342,1219,1007
124343,1253,1008
124344,1284,1018
124345,1308,1030
124346,1316,1043
124347,1298,1050
124348,1259,1054
124349,1204,1055
124350,1149,1059
124351,1095,1064
124352,1042,1069
124353,998,1069
124354,971,1065
124355,965,1063
124356,976,1059
124357,986,1055
124358,992,1050
124359,990,1046
124360,983,1042
124361,979,1044
124362,979,1046
124363,983,1048
124364,981,1049
124365,980,1047
124366,976,1045
124367,974,1045
124368,973,1047
124369,975,1049
124370,975,1047
124371,976,1049
124372,974,1045
124373,972,1045
124374,972,1047
124375,974,1052
124376,978,1052
124377,977,1049
124378,972,1044
124379,968,1043
124380,970,1048
124381,971,1049
124382,976,1051
124383,974,1051
124384,970,1047
124385,968,1046
124386,969,1047
124387,973,1049
124388,978,1048
124389,974,1046
124390,972,1045
124391,968,1046
124392,971,1046
124393,973,1048
124394,975,1048
124395,973,1047
124396,971,1049
124397,971,1051
124398,971,1056
124399,973,1051
124400,974,1044
124401,972,1038
124402,971,1034
124403,969,1033
124404,970,1038
124405,973,1042
124406,976,1039
124407,979,1035
124408,978,1032
124409,979,1029
124410,979,1031
124411,983,1036
124412,986,1037
124413,986,1032
124414,983,1030
124415,985,1031
124416,987,1031
124417,994,1033
124418,997,1030
124419,998,1029
124420,997,1026
124421,997,1024
124422,997,1025
124423,1003,1028
124424,1008,1026
124425,1009,1024
124426,1009,1021
124427,1009,1022
124428,1015,1025
124429,1016,1027
124430,1021,1023
124431,1019,1022
124432,1018,1018
124433,1020,1016
124434,1023,1016
124435,1025,1019
124436,1031,1016
124437,1032,1015
124438,1030,1010
124439,1027,1011
124440,1026,1011
124441,1031,1017
124442,1029,1013
124443,1030,1010
124444,1028,1006
124445,1026,1006
124446,1028,1006
124447,1032,1012
124448,1033,1011
124449,1033,1011
124450,1031,1011
124451,1029,1013
124452,1030,1017
124453,1028,1019
124454,1028,1019
124455,1026,1015
124456,1023,1014
124457,1022,1015
124458,1019,1020
124459,1023,1024
124460,1024,1025
124461,1021,1025
124462,1015,1025
124463,1008,1028
124464,1011,1032
124465,1009,1036
124466,1010,1038
124467,1009,1039
124468,1007,1036
124469,1001,1036
124470,1000,1038
124471,998,1043
124472,998,1043
124473,995,1042
124474,993,1040
124475,991,1042
124476,991,1047
124477,993,1049
124478,995,1049
124479,994,1047
124480,988,1044
124481,986,1049
124482,986,1052
124483,991,1052
124484,990,1052
124485,991,1047
124486,990,1042
124487,986,1042
124488,988,1046
124489,990,1051
124490,992,1051
124491,990,1051
124492,989,1043
124493,990,1040
124494,990,1038
124495,991,1041
124496,995,1041
124497,997,1040
124498,995,1038
124499,993,1038
124500,994,1041
124501,995,1043
124502,996,1041
124503,999,1039
124504,995,1037
124505,991,1038
124506,994,1041
124507,996,1041
124508,999,1042
124509,997,1041
124510,996,1041
124511,994,1042
124512,995,1042
124513,996,1047
124514,999,1044
124515,1001,1043
124516,1000,1040
124517,998,1039
124518,1000,1039
124519,1003,1042
124520,1005,1038
124521,1004,1035
124522,998,1033
124523,995,1031
124524,997,1036
124525,1000,1036
124526,1001,1040
124527,1001,1039
124528,997,1039
124529,996,1037
124530,998,1037
124531,999,1039
124532,1000,1035
124533,998,1033
124534,995,1031
124535,990,1034
124536,989,1034
124537,994,1036
124538,998,1036
124539,995,1036
124540,996,1033
124541,997,1031
124542,999,1033
124543,1000,1032
124544,1002,1032
124545,1000,1029
124546,1000,1029
124547,997,1027
124548,998,1031
124549,997,1034
124550,1000,1035
124551,998,1034
124552,995,1030
124553,997,1033
124554,996,1036
124555,998,1038
124556,1004,1038
124557,1004,1037
124558,1001,1035
124559,998,1036
124560,999,1037
124561,1003,1041
124562,1003,1040
124563,1003,1040
124564,1000,1038
124565,997,1039
124566,1002,1041
124567,1004,1045
124568,1009,1043
124569,1008,1040
124570,1004,1038
124571,1005,1038
124572,1007,1036
124573,1012,1039
124574,1019,1032
124575,1025,1025
124576,1032,1024
124577,1042,1022
124578,1054,1023
124579,1079,1025
124580,1109,1020
124581,1141,1014
124582,1173,1009
124583,1212,1004
124584,1252,1009
124585,1290,1012
124586,1321,1021
124587,1331,1036
124588,1322,1044
124589,1291,1049
124590,1246,1048
124591,1195,1051
124592,1136,1057
124593,1073,1062
124594,1018,1066
124595,979,1070
124596,964,1076
124597,967,1077
124598,977,1066
124599,983,1055
124600,984,1046
124601,984,1043
124602,989,1041
124603,991,1043
124604,988,1039
124605,989,1038
124606,983,1034
124607,978,1035
124608,978,1038
124609,982,1041
124610,980,1039
124611,980,1041
124612,975,1038
124613,970,1040
124614,974,1041
124615,977,1044
124616,978,1042
124617,976,1041
124618,977,1039
124619,975,1038
124620,975,1043
124621,979,1044
124622,980,1043
124623,978,1041
124624,976,1040
124625,976,1041
124626,975,1044
124627,979,1048
124628,981,1047
124629,978,1048
124630,975,1048
124631,973,1047
124632,975,1044
124633,978,1047
124634,978,1040
124635,978,1035
124636,974,1030
124637,973,1028
124638,974,1027
124639,976,1029
124640,979,1029
124641,977,1028
124642,975,1026
124643,972,1025
124644,977,1030
124645,980,1030
124646,983,1031
124647,983,1030
124648,978,1025
124649,975,1024
124650,979,1027
124651,979,1026
124652,984,1026
124653,984,1022
124654,985,1020
124655,985,1018
124656,987,1019
124657,990,1021
124658,992,1016
124659,994,1015
124660,993,1010
124661,991,1009
124662,995,1010
124663,999,1012
124664,1003,1010
124665,1006,1005
124666,1006,1002
124667,1008,1002
124668,1011,1003
124669,1014,1005
124670,1019,1003
124671,1019,1003
124672,1019,1000
124673,1020,998
124674,1020,997
124675,1024,997
124676,1033,993
124677,1033,988
124678,1033,985
124679,1031,985
124680,1032,987
124681,1034,990
124682,1035,989
124683,1033,986
124684,1030,986
124685,1027,986
124686,1031,991
124687,1031,995
124688,1031,997
124689,1029,996
124690,1026,993
124691,1024,998
124692,1023,1004
124693,1023,1011
124694,1023,1011
124695,1021,1011
124696,1016,1011
124697,1013,1012
124698,1012,1014
124699,1014,1018
124700,1013,1017
124701,1008,1016
124702,1004,1016
124703,999,1018
124704,999,1021
124705,999,1027
124706,997,1031
124707,994,1033
124708,991,1035
124709,986,1032
124710,985,1033
124711,985,1036
124712,988,1037
124713,988,1037
124714,988,1033
124715,985,1039
124716,985,1041
124717,987,1044
124718,988,1044
124719,989,1044
124720,986,1040
124721,984,1039
124722,981,1043
124723,986,1045
124724,990,1044
124725,987,1042
124726,986,1041
124727,985,1038
124728,985,1042
124729,987,1044
124730,990,1044
124731,984,1043
124732,981,1041
124733,979,1042
124734,980,1045
124735,983,1048
124736,988,1047
124737,987,1047
124738,984,1044
124739,981,1044
124740,980,1048
124741,981,1050
124742,986,1049
124743,984,1048
124744,981,1044
124745,978,1045
124746,980,1049
124747,983,1052
124748,984,1051
124749,981,1051
124750,976,1049
124751,975,1049
124752,979,1052
124753,983,1053
124754,983,1051
124755,983,1048
124756,980,1043
124757,979,1041
124758,981,1042
124759,982,1041
124760,982,1041
124761,981,1035
124762,979,1036
124763,978,1037
124764,979,1038
124765,984,1038
124766,986,1038
124767,984,1035
124768,982,1033
124769,979,1034
124770,981,1035
124771,984,1039
124772,987,1035
124773,984,1035
124774,983,1033
124775,979,1033
124776,979,1036
124777,983,1037
124778,983,1035
124779,983,1032
124780,979,1030
124781,979,1032
124782,979,1035
124783,983,1040
124784,983,1040
124785,985,1039
124786,979,1034
124787,977,1036
124788,979,1039
124789,981,1043
124790,979,1045
124791,978,1047
124792,975,1041
124793,974,1041
124794,977,1041
124795,981,1044
124796,984,1042
124797,978,1043
124798,978,1041
124799,977,1042
124800,977,1043
124801,982,1048
124802,981,1052
124803,980,1051
124804,974,1049
124805,976,1047
124806,977,1048
124807,979,1051
124808,981,1050
124809,981,1048
124810,979,1044
124811,977,1041
124812,977,1042
124813,981,1042
124814,982,1042
124815,979,1041
124816,978,1039
124817,977,1037
124818,978,1039
124819,981,1042
124820,978,1041
124821,978,1040
124822,975,1036
124823,971,1037
124824,976,1040
124825,978,1042
124826,978,1042
124827,976,1041
124828,976,1037
124829,974,1039
124830,976,1041
124831,977,1042
124832,978,1040
124833,977,1038
124834,977,1037
124835,974,1036
124836,976,1039
124837,981,1043
124838,982,1039
124839,979,1037
124840,978,1036
124841,976,1040
124842,978,1044
124843,981,1047
124844,980,1047
124845,978,1045
124846,978,1039
124847,976,1039
124848,975,1042
124849,981,1048
124850,981,1045
124851,980,1041
124852,975,1039
124853,972,1041
124854,975,1045
124855,977,1048
124856,979,1047
124857,976,1041
124858,975,1035
124859,975,1032
124860,976,1036
124861,978,1038
124862,979,1039
124863,979,1036
124864,976,1036
124865,974,1035
124866,975,1037
124867,979,1040
124868,982,1037
124869,980,1035
124870,976,1032
124871,973,1033
124872,975,1035
124873,977,1037
124874,981,1038
124875,979,1036
124876,978,1033
124877,978,1034
124878,980,1035
124879,981,1039
124880,979,1039
124881,979,1035
124882,979,1033
124883,976,1033
124884,980,1038
124885,985,1043
124886,987,1041
124887,988,1036
124888,988,1031
124889,992,1026
124890,999,1028
124891,1009,1028
124892,1023,1026
124893,1037,1024
124894,1051,1021
124895,1074,1019
124896,1107,1017
124897,1142,1013
124898,1181,1004
124899,1221,996
124900,1257,996
124901,1289,1009
124902,1312,1025
124903,1314,1039
124904,1286,1043
124905,1231,1043
124906,1170,1042
124907,1107,1054
124908,1051,1058
124909,1004,1063
124910,974,1060
124911,967,1054
124912,971,1048
124913,980,1041
124914,986,1038
124915,987,1037
124916,983,1038
124917,979,1034
124918,974,1033
124919,970,1037
124920,970,1039
124921,969,1043
124922,973,1041
124923,970,1036
124924,967,1032
124925,966,1035
124926,966,1036
124927,969,1040
124928,970,1039
124929,969,1038
124930,967,1035
124931,964,1036
124932,963,1037
124933,965,1038
124934,968,1038
124935,964,1034
124936,961,1033
124937,961,1032
124938,962,1036
124939,966,1040
124940,968,1037
124941,966,1035
124942,963,1032
124943,961,1036
124944,963,1041
124945,965,1045
124946,967,1047
124947,964,1047
124948,962,1045
124949,961,1043
124950,965,1044
124951,964,1041
124952,966,1038
124953,966,1033
124954,965,1031
124955,964,1032
124956,966,1035
124957,969,1040
124958,971,1041
124959,970,1036
124960,969,1033
124961,967,1032
124962,971,1032
124963,975,1034
124964,974,1030
124965,975,1030
124966,974,1027
124967,973,1025
124968,975,1026
124969,979,1029
124970,982,1027
124971,980,1022
124972,980,1020
124973,981,1020
124974,985,1022
124975,989,1023
124976,992,1024
124977,991,1019
124978,993,1015
124979,994,1016
124980,998,1018
124981,1003,1018
124982,1007,1015
124983,1007,1011
124984,1008,1007
124985,1008,1008
124986,1013,1009
124987,1016,1007
124988,1020,1004
124989,1019,1001
124990,1018,997
124991,1017,993
124992,1019,996
124993,1022,999
124994,1028,999
124995,1027,997
124996,1025,999
124997,1023,999
124998,1026,999
124999,1030,1002
125000,1033,1001
125001,1031,999
125002,1028,997
125003,1023,999
125004,1023,1001
125005,1023,1008
125006,1027,1007
125007,1027,1009
125008,1023,1007
125009,1016,1012
125010,1016,1015
125011,1017,1021
125012,1015,1020
125013,1013,1019
125014,1008,1018
125015,1004,1022
125016,1001,1025
125017,1001,1028
125018,1001,1031
125019,999,1030
125020,996,1029
125021,994,1030
125022,992,1034
125023,994,1038
125024,992,1037
125025,988,1038
125026,989,1036
125027,985,1038
125028,985,1041
125029,986,1039
125030,988,1035
125031,983,1034
125032,981,1032
125033,979,1034
125034,978,1034
125035,980,1033
125036,981,1035
125037,981,1033
125038,980,1028
125039,979,1030
125040,981,1032
125041,986,1037
125042,987,1038
125043,984,1037
125044,982,1036
125045,982,1036
125046,984,1038
125047,986,1038
125048,987,1036
125049,987,1035
125050,980,1033
125051,982,1039
125052,983,1037
125053,983,1038
125054,981,1038
125055,980,1036
125056,979,1035
125057,979,1034
125058,979,1037
125059,982,1040
125060,986,1038
125061,985,1035
125062,982,1032
125063,980,1032
125064,982,1036
125065,981,1035
125066,983,1037
125067,983,1037
125068,981,1035
125069,981,1034
125070,981,1035
125071,985,1037
125072,986,1035
125073,986,1034
125074,984,1031
125075,980,1029
125076,980,1032
125077,984,1032
125078,985,1032
125079,985,1030
125080,981,1027
125081,979,1030
125082,982,1032
125083,983,1035
125084,987,1035
125085,984,1032
125086,982,1030
125087,980,1030
125088,982,1032
125089,983,1036
125090,984,1037
125091,986,1035
125092,983,1035
125093,982,1036
125094,982,1038
125095,984,1038
125096,986,1038
125097,988,1037
125098,987,1034
125099,983,1034
125100,985,1037
125101,985,1040
125102,986,1037
125103,986,1036
125104,982,1033
125105,982,1035
125106,982,1036
125107,985,1039
125108,984,1035
125109,981,1035
125110,977,1032
125111,975,1032
125112,977,1034
125113,982,1034
125114,985,1032
125115,982,1031
125116,982,1029
125117,981,1029
125118,981,1029
125119,978,1033
125120,982,1033
125121,978,1032
125122,978,1031
125123,979,1030
125124,978,1031
125125,978,1032
125126,980,1034
125127,977,1031
125128,975,1031
125129,971,1031
125130,974,1033
125131,977,1036
125132,978,1033
125133,978,1034
125134,973,1031
125135,974,1034
125136,974,1035
125137,977,1042
125138,974,1040
125139,975,1038
125140,977,1030
125141,975,1033
125142,976,1035
125143,977,1038
125144,978,1039
125145,976,1034
125146,974,1031
125147,972,1029
125148,974,1033
125149,978,1036
125150,978,1036
125151,978,1032
125152,973,1032
125153,970,1034
125154,971,1036
125155,974,1036
125156,973,1035
125157,977,1031
125158,975,1027
125159,975,1033
125160,975,1035
125161,976,1040
125162,979,1039
125163,979,1037
125164,975,1037
125165,974,1036
125166,975,1037
125167,978,1040
125168,979,1040
125169,979,1040
125170,977,1036
125171,977,1034
125172,980,1036
125173,983,1039
125174,983,1036
125175,981,1036
125176,978,1036
125177,980,1036
125178,978,1035
125179,980,1039
125180,982,1038
125181,979,1037
125182,975,1036
125183,976,1036
125184,978,1039
125185,979,1042
125186,980,1040
125187,977,1037
125188,974,1037
125189,972,1036
125190,973,1039
125191,976,1040
125192,976,1041
125193,974,1038
125194,972,1035
125195,968,1035
125196,969,1037
125197,972,1038
125198,974,1035
125199,975,1032
125200,972,1031
125201,972,1033
125202,973,1035
125203,976,1039
125204,978,1039
125205,976,1038
125206,973,1036
125207,970,1037
125208,970,1038
125209,978,1041
125210,979,1038
125211,978,1036
125212,978,1034
125213,978,1032
125214,978,1036
125215,981,1040
125216,983,1038
125217,982,1037
125218,978,1035
125219,978,1034
125220,979,1038
125221,981,1043
125222,984,1039
125223,983,1033
125224,980,1028
125225,979,1028
125226,980,1029
125227,981,1035
125228,981,1033
125229,982,1035
125230,979,1035
125231,976,1035
125232,978,1036
125233,981,1042
125234,981,1043
125235,981,1041
125236,979,1038
125237,977,1038
125238,978,1037
125239,982,1039
125240,980,1039
125241,980,1037
125242,976,1029
125243,977,1028
125244,978,1030
125245,979,1031
125246,980,1033
125247,978,1032
125248,973,1032
125249,974,1033
125250,974,1034
125251,980,1037
125252,981,1037
125253,979,1038
125254,975,1034
125255,976,1035
125256,976,1037
125257,982,1039
125258,984,1039
125259,984,1033
125260,980,1032
125261,981,1034
125262,982,1038
125263,988,1039
125264,988,1039
125265,987,1038
125266,984,1036
125267,982,1036
125268,983,1039
125269,986,1040
125270,989,1039
125271,988,1035
125272,989,1031
125273,989,1032
125274,989,1034
125275,991,1039
125276,991,1037
125277,988,1034
125278,986,1032
125279,985,1031
125280,986,1034
125281,988,1037
125282,991,1037
125283,991,1034
125284,985,1034
125285,986,1036
125286,986,1038
125287,989,1040
125288,993,1039
125289,993,1036
125290,986,1037
125291,985,1039
125292,986,1041
125293,992,1040
125294,995,1037
125295,990,1032
125296,989,1028
125297,988,1028
125298,988,1029
125299,990,1031
125300,989,1030
125301,989,1029
125302,988,1025
125303,988,1026
125304,992,1027
125305,998,1030
125306,998,1025
125307,999,1023
125308,1001,1020
125309,1005,1019
125310,1019,1021
125311,1035,1022
125312,1053,1021
125313,1073,1015
125314,1096,1007
125315,1127,1000
125316,1161,993
125317,1197,991
125318,1233,986
125319,1265,987
125320,1290,994
125321,1306,1009
125322,1314,1024
125323,1298,1034
125324,1262,1031
125325,1208,1032
125326,1152,1033
125327,1096,1037
125328,1046,1045
125329,1005,1048
125330,985,1049
125331,980,1048
125332,982,1041
125333,991,1035
125334,995,1035
125335,997,1036
125336,995,1038
125337,990,1035
125338,983,1034
125339,980,1034
125340,980,1039
125341,979,1043
125342,978,1041
125343,976,1042
125344,974,1043
125345,970,1044
125346,972,1046
125347,974,1046
125348,974,1043
125349,972,1039
125350,971,1039
125351,969,1037
125352,970,1040
125353,972,1041
125354,973,1039
125355,970,1036
125356,970,1035
125357,967,1037
125358,971,1041
125359,974,1046
125360,976,1041
125361,975,1039
125362,971,1035
125363,973,1035
125364,973,1037
125365,975,1042
125366,976,1042
125367,976,1038
125368,974,1036
125369,974,1036
125370,975,1040
125371,978,1045
125372,981,1041
125373,981,1036
125374,978,1035
125375,977,1036
125376,980,1039
125377,981,1042
125378,982,1041
125379,983,1038
125380,980,1033
125381,980,1033
125382,983,1033
125383,985,1037
125384,988,1033
125385,986,1029
125386,986,1026
125387,984,1028
125388,986,1031
125389,989,1033
125390,992,1031
125391,991,1029
125392,991,1029
125393,991,1028
125394,996,1030
125395,1001,1030
125396,1002,1030
125397,999,1027
125398,996,1024
125399,998,1025
125400,1000,1026
125401,1005,1028
125402,1008,1026
125403,1009,1021
125404,1011,1017
125405,1013,1016
125406,1013,1016
125407,1014,1018
125408,1019,1014
125409,1019,1012
125410,1017,1011
125411,1016,1012
125412,1019,1015
125413,1025,1014
125414,1028,1016
125415,1027,1011
125416,1025,1005
125417,1023,1006
125418,1027,1007
125419,1031,1009
125420,1034,1010
125421,1034,1006
125422,1030,1003
125423,1027,999
125424,1028,1006
125425,1029,1010
125426,1030,1009
125427,1030,1010
125428,1026,1008
125429,1020,1010
125430,1020,1011
125431,1022,1017
125432,1022,1014
125433,1019,1015
125434,1015,1014
125435,1013,1015
125436,1012,1019
125437,1011,1024
125438,1010,1025
125439,1008,1024
125440,999,1025
125441,998,1025
125442,996,1027
125443,996,1031
125444,994,1034
125445,991,1033
125446,986,1033
125447,981,1037
125448,982,1042
125449,984,1044
125450,982,1043
125451,982,1044
125452,980,1042
125453,979,1043
125454,982,1046
125455,983,1050
125456,984,1047
125457,981,1044
125458,978,1044
125459,974,1045
125460,977,1050
125461,980,1050
125462,983,1047
125463,981,1041
125464,981,1039
125465,980,1040
125466,978,1041
125467,983,1044
125468,985,1044
125469,984,1041
125470,982,1041
125471,983,1037
125472,985,1040
125473,989,1041
125474,990,1041
125475,990,1035
125476,986,1032
125477,985,1033
125478,986,1035
125479,988,1037
125480,989,1037
125481,987,1032
125482,988,1029
125483,985,1029
125484,987,1031
125485,986,1031
125486,986,1029
125487,986,1025
125488,984,1026
125489,984,1027
125490,986,1030
125491,988,1032
125492,988,1030
125493,985,1029
125494,980,1029
125495,980,1031
125496,980,1031
125497,983,1035
125498,985,1036
125499,983,1036
125500,983,1036
125501,981,1037
125502,982,1042
125503,985,1044
125504,984,1042
125505,985,1037
125506,984,1033
125507,979,1034
125508,980,1037
125509,983,1036
125510,984,1032
125511,986,1031
125512,984,1026
125513,983,1028
125514,982,1030
125515,987,1031
125516,988,1033
125517,986,1034
125518,984,1032
125519,981,1032
125520,986,1034
125521,988,1035
125522,988,1036
125523,986,1033
125524,981,1030
125525,981,1031
125526,982,1034
125527,982,1036
125528,986,1038
125529,983,1036
125530,981,1034
125531,978,1035
125532,979,1037
125533,981,1039
125534,981,1035
125535,982,1032
125536,977,1029
125537,976,1027
125538,978,1030
125539,978,1036
125540,981,1036
125541,978,1033
125542,976,1032
125543,974,1033
125544,976,1037
125545,979,1040
125546,979,1041
125547,978,1038
125548,975,1037
125549,977,1042
125550,978,1041
125551,980,1044
125552,981,1045
125553,978,1044
125554,976,1040
125555,973,1043
125556,979,1048
125557,980,1049
125558,980,1047
125559,979,1040
125560,976,1039
125561,977,1038
125562,979,1041
125563,981,1045
125564,981,1043
125565,979,1039
125566,977,1039
125567,976,1038
125568,979,1039
125569,982,1041
125570,983,1038
125571,982,1036
125572,979,1035
125573,981,1037
125574,981,1037
125575,981,1039
125576,983,1034
125577,980,1032
125578,978,1027
125579,975,1030
125580,976,1033
125581,978,1034
125582,981,1032
125583,979,1026
125584,974,1025
125585,975,1025
125586,977,1028
125587,979,1032
125588,979,1030
125589,978,1031
125590,977,1027
125591,975,1025
125592,978,1031
125593,976,1036
125594,979,1035
125595,980,1035
125596,980,1036
125597,982,1038
125598,985,1041
125599,989,1043
125600,992,1041
125601,989,1038
125602,986,1036
125603,983,1038
125604,986,1041
125605,989,1042
125606,987,1043
125607,988,1040
125608,983,1039
125609,986,1040
125610,988,1037
125611,990,1040
125612,990,1039
125613,990,1035
125614,990,1030
125615,989,1027
125616,996,1028
125617,1007,1026
125618,1018,1024
125619,1033,1020
125620,1050,1018
125621,1076,1017
125622,1110,1013
125623,1147,1004
125624,1185,995
125625,1223,987
125626,1255,987
125627,1283,994
125628,1303,1013
125629,1304,1031
125630,1277,1038
125631,1221,1039
125632,1150,1044
125633,1077,1054
125634,1012,1067
125635,969,1072
125636,956,1063
125637,962,1054
125638,974,1042
125639,980,1036
125640,980,1038
125641,981,1041
125642,978,1042
125643,977,1037
125644,973,1035
125645,972,1038
125646,973,1043
125647,972,1045
125648,971,1047
125649,971,1045
125650,965,1039
125651,965,1040
125652,966,1040
125653,970,1043
125654,970,1042
125655,970,1037
125656,966,1034
125657,966,1036
125658,966,1034
125659,968,1038
125660,968,1037
125661,967,1034
125662,964,1033
125663,965,1033
125664,966,1039
125665,967,1042
125666,966,1042
125667,965,1037
125668,963,1030
125669,960,1030
125670,961,1031
125671,961,1031
125672,963,1033
125673,963,1030
125674,960,1028
125675,960,1028
125676,963,1028
125677,963,1028
125678,964,1028
125679,964,1026
125680,960,1026
125681,963,1028
125682,965,1029
125683,968,1028
125684,971,1031
125685,970,1026
125686,970,1027
125687,971,1029
125688,975,1034
125689,979,1034
125690,983,1031
125691,984,1028
125692,983,1027
125693,984,1027
125694,989,1029
125695,992,1033
125696,998,1030
125697,999,1024
125698,997,1021
125699,997,1020
125700,1002,1019
125701,1007,1021
125702,1013,1011
125703,1013,1006
125704,1012,1003
125705,1014,1003
125706,1017,1005
125707,1020,1008
125708,1023,1001
125709,1023,998
125710,1021,995
125711,1022,998
125712,1026,996
125713,1028,1001
125714,1028,999
125715,1028,994
125716,1024,994
125717,1023,993
125718,1024,997
125719,1026,997
125720,1027,997
125721,1023,997
125722,1019,998
125723,1016,1004
125724,1017,1007
125725,1019,1009
125726,1017,1007
125727,1016,1002
125728,1011,1001
125729,1010,1007
125730,1008,1012
125731,1008,1016
125732,1006,1019
125733,1002,1020
125734,995,1022
125735,992,1026
125736,990,1029
125737,990,1035
125738,989,1035
125739,985,1033
125740,979,1032
125741,977,1035
125742,979,1040
125743,980,1042
125744,980,1045
125745,974,1040
125746,972,1042
125747,969,1047
125748,972,1053
125749,972,1054
125750,973,1051
125751,972,1044
125752,970,1040
125753,968,1042
125754,968,1044
125755,973,1045
125756,974,1045
125757,969,1042
125758,967,1037
125759,968,1035
125760,970,1038
125761,970,1041
125762,972,1041
125763,968,1037
125764,967,1038
125765,965,1041
125766,969,1040
125767,972,1041
125768,973,1039
125769,972,1035
125770,973,1029
125771,970,1031
125772,972,1035
125773,973,1036
125774,973,1036
125775,972,1030
125776,969,1029
125777,969,1032
125778,974,1035
125779,973,1041
125780,975,1043
125781,973,1041
125782,973,1040
125783,973,1041
125784,973,1044
125785,976,1044
125786,977,1043
125787,975,1039
125788,974,1035
125789,974,1033
125790,976,1038
125791,977,1036
125792,976,1039
125793,975,1037
125794,972,1036
125795,973,1040
125796,973,1041
125797,977,1044
125798,974,1042
125799,975,1038
125800,972,1039
125801,970,1039
125802,972,1042
125803,975,1041
125804,975,1039
125805,974,1037
125806,974,1036
125807,973,1035
125808,975,1037
125809,978,1043
125810,977,1038
125811,973,1035
125812,968,1029
125813,967,1031
125814,969,1034
125815,970,1038
125816,971,1037
125817,968,1037
125818,965,1033
125819,966,1031
125820,969,1033
125821,972,1037
125822,972,1036
125823,968,1037
125824,964,1036
125825,964,1038
125826,966,1038
125827,970,1039
125828,971,1035
125829,970,1034
125830,967,1036
125831,967,1039
125832,968,1041
125833,971,1043
125834,969,1043
125835,969,1041
125836,966,1038
125837,965,1038
125838,965,1039
125839,967,1044
125840,969,1043
125841,970,1039
125842,969,1037
125843,967,1039
125844,968,1039
125845,973,1041
125846,971,1042
125847,973,1043
125848,968,1044
125849,966,1047
125850,969,1046
125851,969,1046
125852,971,1043
125853,970,1042
125854,967,1042
125855,968,1044
125856,972,1049
125857,973,1047
125858,973,1046
125859,974,1041
125860,971,1036
125861,969,1035
125862,970,1036
125863,973,1037
125864,974,1036
125865,974,1032
125866,969,1030
125867,963,1030
125868,964,1030
125869,967,1035
125870,968,1033
125871,967,1029
125872,965,1027
125873,963,1026
125874,964,1030
125875,967,1033
125876,967,1035
125877,966,1030
125878,964,1027
125879,963,1034
125880,967,1037
125881,973,1039
125882,971,1039
125883,970,1039
125884,970,1038
125885,968,1042
125886,971,1043
125887,976,1041
125888,975,1043
125889,974,1037
125890,973,1039
125891,975,1038
125892,975,1040
125893,980,1043
125894,980,1046
125895,979,1046
125896,977,1042
125897,981,1039
125898,986,1038
125899,994,1037
125900,1000,1038
125901,1004,1034
125902,1017,1027
125903,1031,1022
125904,1057,1022
125905,1087,1014
125906,1125,1005
125907,1159,990
125908,1192,982
125909,1229,984
125910,1264,991
125911,1291,1010
125912,1296,1025
125913,1280,1028
125914,1251,1030
125915,1214,1034
125916,1169,1041
125917,1122,1050
125918,1076,1053
125919,1029,1055
125920,988,1057
125921,961,1059
125922,951,1059
125923,957,1060
125924,969,1048
125925,972,1040
125926,973,1036
125927,969,1036
125928,967,1038
125929,965,1042
125930,964,1038
125931,959,1031
125932,957,1029
125933,954,1031
125934,954,1036
125935,954,1041
125936,955,1040
125937,952,1038
125938,949,1034
125939,945,1036
125940,948,1037
125941,954,1040
125942,954,1039
125943,952,1037
125944,948,1033
125945,947,1041
125946,950,1042
125947,954,1047
125948,953,1045
125949,953,1044
125950,951,1042
125951,948,1046
125952,954,1044
125953,956,1046
125954,954,1046
125955,957,1041
125956,956,1038
125957,955,1037
125958,956,1039
125959,960,1042
125960,961,1040
125961,961,1037
125962,959,1031
125963,960,1031
125964,961,1031
125965,965,1036
125966,962,1033
125967,959,1029
125968,956,1028
125969,959,1031
125970,964,1034
125971,967,1035
125972,970,1031
125973,970,1027
125974,967,1022
125975,967,1023
125976,969,1025
125977,972,1029
125978,976,1027
125979,972,1026
125980,971,1024
125981,970,1025
125982,972,1028
125983,978,1027
125984,979,1023
125985,977,1020
125986,976,1016
125987,979,1016
125988,984,1017
125989,988,1016
125990,989,1014
125991,990,1008
125992,988,1004
125993,990,1006
125994,991,1008
125995,996,1011
125996,999,1006
125997,999,1004
125998,996,1001
125999,1000,1004
126000,1004,1008
126001,1007,1008
126002,1009,1008
126003,1010,1005
126004,1009,999
126005,1012,995
126006,1013,995
126007,1016,992
126008,1017,989
126009,1016,989
126010,1013,986
126011,1012,988
126012,1014,991
126013,1016,995
126014,1015,995
126015,1011,996
126016,1009,995
126017,1006,999
126018,1008,1002
126019,1009,1006
126020,1009,1009
126021,1005,1009
126022,1002,1009
126023,998,1014
126024,998,1019
126025,1000,1023
126026,996,1025
126027,990,1025
126028,986,1026
126029,981,1027
126030,986,1031
126031,985,1034
126032,984,1033
126033,979,1033
126034,973,1030
126035,971,1034
126036,971,1036
126037,972,1040
126038,974,1040
126039,968,1042
126040,965,1038
126041,965,1037
126042,969,1040
126043,972,1041
126044,971,1044
126045,969,1045
126046,965,1040
126047,966,1039
126048,968,1040
126049,972,1038
126050,971,1038
126051,972,1035
126052,968,1034
126053,967,1039
126054,967,1042
126055,972,1045
126056,974,1042
126057,975,1036
126058,977,1031
126059,981,1034
126060,989,1039
126061,997,1043
126062,1000,1047
126063,1000,1046
126064,1001,1047
126065,1007,1054
126066,1019,1055
126067,1035,1051
126068,1050,1033
126069,1061,1012
126070,1071,994
126071,1085,984
126072,1102,974
126073,1122,959
126074,1136,944
126075,1148,926
126076,1165,905
126077,1181,885
126078,1203,873
126079,1224,857
126080,1242,841
126081,1251,828
126082,1254,824
126083,1251,824
126084,1248,828
126085,1248,832
126086,1239,832
126087,1232,827
126088,1216,830
126089,1202,831
126090,1184,837
126091,1161,842
126092,1136,846
126093,1110,854
126094,1082,862
126095,1057,879
126096,1040,896
126097,1032,913
126098,1027,928
126099,1023,938
126100,1016,943
126101,1012,954
126102,1015,961
126103,1025,969
126104,1040,978
126105,1055,982
126106,1066,984
126107,1062,993
126108,1049,999
126109,1021,1012
126110,984,1018
126111,952,1026
126112,931,1038
126113,920,1052
126114,917,1069
126115,916,1077
126116,914,1078
126117,903,1077
126118,897,1078
126119,891,1082
126120,893,1088
126121,889,1090
126122,889,1093
126123,883,1090
126124,878,1092
126125,877,1092
126126,878,1097
126127,877,1102
126128,876,1102
126129,871,1101
126130,869,1102
126131,866,1105
126132,865,1108
126133,868,1111
126134,869,1111
126135,862,1113
126136,861,1114
126137,859,1115
126138,863,1115
126139,865,1117
126140,861,1117
126141,857,1118
126142,855,1123
126143,854,1128
126144,854,1133
126145,858,1137
126146,858,1136
126147,856,1132
126148,852,1131
126149,850,1137
126150,851,1146
126151,854,1151
126152,857,1149
126153,855,1145
126154,856,1150
126155,858,1153
126156,859,1158
126157,861,1164
126158,863,1163
126159,860,1163
126160,858,1163
126161,862,1165
126162,864,1171
126163,869,1173
126164,874,1170
126165,875,1171
126166,875,1167
126167,876,1168
126168,885,1167
126169,889,1168
126170,892,1162
126171,891,1158
126172,895,1157
126173,897,1155
126174,902,1153
126175,910,1152
126176,916,1147
126177,915,1139
126178,915,1136
126179,917,1134
126180,921,1131
126181,927,1127
126182,928,1119
126183,928,1114
126184,929,1105
126185,933,1105
126186,938,1102
126187,940,1101
126188,941,1099
126189,940,1090
126190,938,1083
126191,941,1080
126192,945,1076
126193,945,1075
126194,947,1070
126195,946,1068
126196,947,1064
126197,946,1065
126198,950,1064
126199,950,1061
126200,951,1059
126201,948,1054
126202,946,1052
126203,946,1051
126204,948,1052
126205,950,1053
126206,948,1048
126207,945,1045
126208,944,1044
126209,946,1045
126210,947,1046
126211,951,1046
126212,950,1040
126213,950,1038
126214,947,1035
126215,949,1036
126216,951,1040
126217,953,1042
126218,954,1040
126219,952,1035
126220,948,1033
126221,947,1037
126222,953,1038
126223,953,1038
126224,956,1039
126225,952,1037
126226,950,1036
126227,949,1036
126228,953,1038
126229,956,1039
126230,958,1038
126231,957,1034
126232,954,1034
126233,952,1037
126234,952,1040
126235,953,1044
126236,956,1040
126237,955,1039
126238,952,1035
126239,951,1034
126240,952,1039
126241,957,1040
126242,956,1041
126243,956,1036
126244,953,1033
126245,950,1035
126246,954,1037
126247,960,1043
126248,960,1041
126249,957,1038
126250,952,1034
126251,951,1035
126252,954,1037
126253,957,1039
126254,958,1038
126255,954,1036
126256,954,1032
126257,955,1036
126258,958,1039
126259,959,1039
126260,958,1038
126261,956,1036
126262,953,1035
126263,952,1036
126264,953,1038
126265,957,1037
126266,956,1032
126267,956,1032
126268,955,1028
126269,954,1031
126270,959,1033
126271,961,1034
126272,964,1031
126273,957,1028
126274,957,1026
126275,955,1027
126276,957,1033
126277,959,1033
126278,959,1033
126279,958,1030
126280,957,1029
126281,957,1027
126282,961,1031
126283,961,1033
126284,960,1030
126285,958,1030
126286,953,1028
126287,953,1034
126288,956,1038
126289,960,1038
126290,959,1038
126291,956,1033
126292,957,1035
126293,956,1035
126294,960,1038
126295,958,1037
126296,959,1034
126297,958,1031
126298,955,1033
126299,953,1037
126300,955,1039
126301,958,1044
126302,958,1044
126303,958,1042
126304,954,1039
126305,952,1038
126306,954,1037
126307,957,1037
126308,957,1037
126309,954,1036
126310,951,1033
126311,952,1034
126312,954,1038
126313,957,1038
126314,958,1036
126315,955,1033
126316,952,1033
126317,952,1034
126318,953,1036
126319,954,1032
126320,959,1032
126321,956,1027
126322,953,1023
126323,955,1023
126324,957,1025
126325,960,1025
126326,957,1028
126327,954,1027
126328,950,1030
126329,954,1029
126330,955,1031
126331,958,1031
126332,960,1028
126333,959,1026
126334,956,1025
126335,956,1026
126336,956,1031
126337,961,1031
126338,962,1035
126339,959,1033
126340,955,1029
126341,956,1029
126342,961,1027
126343,965,1027
126344,967,1026
126345,966,1025
126346,960,1024
126347,958,1026
126348,959,1029
126349,961,1031
126350,963,1030
126351,961,1029
126352,960,1031
126353,960,1031
126354,958,1035
126355,961,1036
126356,959,1033
126357,957,1031
126358,954,1030
126359,952,1030
126360,954,1033
126361,957,1035
126362,958,1036
126363,958,1037
126364,953,1038
126365,955,1038
126366,955,1038
126367,961,1037
126368,959,1034
126369,960,1034
126370,957,1033
126371,955,1032
126372,959,1033
126373,962,1035
126374,963,1035
126375,961,1029
126376,960,1028
126377,962,1027
126378,963,1031
126379,964,1032
126380,963,1033
126381,962,1030
126382,959,1028
126383,959,1029
126384,959,1031
126385,962,1034
126386,964,1031
126387,961,1024
126388,959,1020
126389,957,1023
126390,960,1028
126391,966,1027
126392,964,1029
126393,962,1027
126394,961,1027
126395,961,1030
126396,963,1034
126397,963,1031
126398,960,1027
126399,961,1024
126400,957,1022
126401,960,1024
126402,961,1028
126403,965,1033
126404,965,1029
126405,963,1028
126406,962,1028
126407,964,1032
126408,963,1034
126409,966,1033
126410,965,1033
126411,966,1029
126412,964,1024
126413,966,1025
126414,970,1028
126415,974,1029
126416,974,1028
126417,973,1028
126418,972,1022
126419,972,1024
126420,974,1024
126421,981,1025
126422,984,1021
126423,989,1018
126424,1003,1015
126425,1022,1016
126426,1049,1020
126427,1077,1015
126428,1109,1005
126429,1145,990
126430,1175,981
126431,1210,980
126432,1245,984
126433,1272,999
126434,1278,1012
126435,1264,1021
126436,1226,1027
126437,1173,1032
126438,1120,1040
126439,1063,1050
126440,1004,1053
126441,961,1057
126442,944,1050
126443,948,1046
126444,958,1044
126445,968,1037
126446,971,1030
126447,968,1027
126448,960,1027
126449,958,1028
126450,959,1031
126451,960,1032
126452,960,1029
126453,954,1028
126454,950,1027
126455,951,1030
126456,954,1033
126457,956,1036
126458,952,1035
126459,949,1031
126460,947,1032
126461,948,1036
126462,949,1037
126463,952,1037
126464,951,1034
126465,952,1029
126466,949,1026
126467,948,1027
126468,949,1031
126469,951,1033
126470,947,1032
126471,947,1029
126472,947,1028
126473,946,1031
126474,948,1034
126475,949,1038
126476,949,1034
126477,950,1033
126478,946,1031
126479,946,1033
126480,948,1035
126481,953,1035
126482,951,1033
126483,951,1027
126484,949,1024
126485,951,1027
126486,954,1029
126487,957,1033
126488,957,1031
126489,954,1027
126490,952,1026
126491,952,1029
126492,953,1031
126493,957,1034
126494,960,1029
126495,957,1027
126496,955,1027
126497,956,1028
126498,960,1033
126499,962,1035
126500,961,1036
126501,960,1029
126502,960,1023
126503,963,1018
126504,967,1021
126505,973,1020
126506,975,1018
126507,973,1013
126508,972,1011
126509,974,1013
126510,978,1017
126511,982,1016
126512,985,1014
126513,985,1012
126514,982,1009
126515,983,1010
126516,989,1013
126517,992,1014
126518,993,1011
126519,990,1008
126520,988,1006
126521,990,1006
126522,992,1011
126523,998,1009
126524,995,1007
126525,996,1004
126526,992,1004
126527,994,1003
126528,996,1006
126529,999,1003
126530,998,1002
126531,998,999
126532,998,997
126533,998,997
126534,1001,1001
126535,1003,1001
126536,1004,1001
126537,1003,1000
126538,1002,1002
126539,1002,1004
126540,1003,1008
126541,1009,1006
126542,1008,1005
126543,1006,1004
126544,1004,1000
126545,1006,1002
126546,1006,1003
126547,1009,1003
126548,1007,1004
126549,1003,1001
126550,1001,1004
126551,1000,1009
126552,998,1014
126553,999,1017
126554,998,1016
126555,994,1016
126556,988,1013
126557,989,1016
126558,988,1022
126559,986,1023
126560,985,1027
126561,984,1025
126562,982,1025
126563,981,1028
126564,979,1030
126565,982,1034
126566,980,1035
126567,977,1031
126568,978,1031
126569,971,1030
126570,974,1034
126571,976,1038
126572,977,1037
126573,975,1033
126574,973,1032
126575,971,1035
126576,973,1038
126577,974,1039
126578,974,1036
126579,970,1036
126580,969,1032
126581,968,1033
126582,968,1037
126583,974,1036
126584,974,1036
126585,970,1034
126586,967,1032
126587,966,1032
126588,970,1034
126589,974,1035
126590,974,1033
126591,972,1030
126592,969,1029
126593,970,1030
126594,972,1033
126595,976,1029
126596,974,1029
126597,973,1027
126598,972,1026
126599,968,1029
126600,972,1034
126601,975,1037
126602,973,1038
126603,971,1037
126604,968,1037
126605,967,1043
126606,970,1043
126607,975,1037
126608,977,1027
126609,974,1020
126610,969,1018
126611,971,1017
126612,974,1020
126613,976,1019
126614,979,1019
126615,979,1018
126616,975,1016
126617,976,1019
126618,978,1022
126619,980,1026
126620,980,1024
126621,978,1020
126622,976,1020
126623,975,1023
126624,979,1027
126625,978,1028
126626,980,1028
126627,975,1028
126628,975,1028
126629,975,1031
126630,977,1032
126631,981,1033
126632,981,1032
126633,978,1027
126634,977,1024
126635,977,1029
126636,979,1032
126637,982,1031
126638,980,1032
126639,982,1028
126640,977,1029
126641,977,1031
126642,980,1032
126643,982,1033
126644,982,1030
126645,980,1026
126646,978,1023
126647,983,1024
126648,991,1027
126649,1002,1027
126650,1013,1022
126651,1026,1017
126652,1042,1016
126653,1071,1012
126654,1106,1011
126655,1145,1007
126656,1185,1005
126657,1220,1008
126658,1248,1018
126659,1273,1035
126660,1283,1054
126661,1278,1062
126662,1249,1061
126663,1199,1063
126664,1143,1072
126665,1085,1081
126666,1031,1086
126667,990,1077
126668,959,1070
126669,951,1057
126670,953,1045
126671,961,1039
126672,968,1034
126673,971,1033
126674,965,1030
126675,962,1027
126676,958,1025
126677,955,1025
126678,957,1022
126679,958,1023
126680,957,1022
126681,952,1020
126682,949,1020
126683,949,1022
126684,951,1022
126685,953,1026
126686,953,1023
126687,948,1023
126688,947,1022
126689,948,1023
126690,950,1028
126691,950,1031
126692,949,1031
126693,948,1027
126694,944,1029
126695,944,1029
126696,945,1032
126697,950,1034
126698,949,1030
126699,946,1030
126700,945,1031
126701,944,1033
126702,947,1036
126703,946,1038
126704,948,1038
126705,944,1037
126706,942,1035
126707,940,1035
126708,946,1038
126709,947,1037
126710,946,1033
126711,946,1031
126712,944,1031
126713,943,1032
126714,945,1035
126715,947,1038
126716,946,1036
126717,944,1038
126718,943,1035
126719,940,1037
126720,943,1038
126721,948,1033
126722,950,1027
126723,949,1023
126724,948,1019
126725,946,1020
126726,949,1023
126727,954,1024
126728,953,1023
126729,951,1017
126730,950,1017
126731,951,1018
126732,955,1019
126733,960,1019
126734,959,1012
126735,959,1007
126736,960,1001
126737,962,999
126738,966,998
126739,970,996
126740,969,993
126741,970,993
126742,971,992
126743,974,993
126744,976,993
126745,980,992
126746,979,986
126747,980,985
126748,979,986
126749,977,988
126750,982,992
126751,986,992
126752,988,988
126753,987,986
126754,986,985
126755,984,986
126756,988,988
126757,991,989
126758,992,986
126759,990,983
126760,988,983
126761,989,984
126762,992,985
126763,993,988
126764,994,988
126765,990,985
126766,987,987
126767,985,992
126768,987,999
126769,988,1001
126770,986,1004
126771,979,1005
126772,976,1006
126773,975,1011
126774,975,1019
126775,979,1025
126776,975,1025
126777,972,1024
126778,965,1024
126779,965,1024
126780,965,1027
126781,966,1026
126782,966,1025
126783,960,1024
126784,959,1024
126785,957,1027
126786,962,1029
126787,962,1031
126788,961,1030
126789,954,1029
126790,952,1031
126791,951,1035
126792,951,1037
126793,955,1039
126794,956,1032
126795,953,1031
126796,954,1034
126797,952,1039
126798,955,1045
126799,959,1047
126800,957,1042
126801,955,1033
126802,954,1034
126803,956,1034
126804,957,1038
126805,963,1040
126806,962,1041
126807,961,1034
126808,957,1036
126809,961,1035
126810,958,1037
126811,965,1039
126812,963,1035
126813,959,1033
126814,958,1032
126815,959,1033
126816,959,1034
126817,962,1035
126818,964,1031
126819,960,1026
126820,956,1029
126821,956,1031
126822,959,1035
126823,962,1035
126824,962,1036
126825,959,1036
126826,958,1036
126827,955,1038
126828,959,1040
126829,962,1039
126830,964,1037
126831,960,1033
126832,959,1032
126833,958,1034
126834,960,1034
126835,963,1035
126836,965,1035
126837,963,1032
126838,961,1033
126839,960,1035
126840,965,1038
126841,967,1036
126842,966,1035
126843,963,1026
126844,963,1025
126845,962,1025
126846,964,1034
126847,968,1034
126848,968,1036
126849,962,1032
126850,959,1030
126851,958,1033
126852,961,1033
126853,966,1036
126854,965,1031
126855,963,1028
126856,962,1025
126857,963,1027
126858,969,1027
126859,971,1026
126860,971,1024
126861,967,1022
126862,966,1022
126863,966,1024
126864,969,1025
126865,971,1029
126866,973,1025
126867,973,1020
126868,979,1016
126869,989,1015
126870,1003,1013
126871,1021,1013
126872,1042,1010
126873,1067,1003
126874,1097,998
126875,1133,995
126876,1173,996
126877,1217,999
126878,1253,1008
126879,1275,1022
126880,1277,1035
126881,1256,1045
126882,1218,1050
126883,1166,1055
126884,1106,1062
126885,1042,1069
126886,990,1072
126887,955,1071
126888,942,1069
126889,950,1062
126890,961,1050
126891,965,1036
126892,963,1032
126893,961,1035
126894,962,1040
126895,962,1043
126896,959,1046
126897,955,1044
126898,950,1045
126899,946,1041
126900,948,1043
126901,952,1042
126902,950,1040
126903,946,1038
126904,944,1034
126905,941,1036
126906,946,1039
126907,947,1041
126908,945,1039
126909,942,1039
126910,940,1037
126911,939,1039
126912,942,1039
126913,944,1040
126914,941,1034
126915,937,1034
126916,938,1035
126917,938,1038
126918,942,1037
126919,942,1038
126920,939,1035
126921,937,1030
126922,934,1027
126923,932,1029
126924,939,1036
126925,940,1034
126926,940,1033
126927,939,1028
126928,938,1026
126929,938,1025
126930,940,1029
126931,942,1031
126932,942,1033
126933,939,1029
126934,940,1025
126935,943,1027
126936,947,1030
126937,952,1028
126938,952,1025
126939,949,1021
126940,949,1020
126941,949,1022
126942,951,1023
126943,954,1025
126944,954,1024
126945,954,1023
126946,955,1020
126947,957,1019
126948,965,1020
126949,969,1018
126950,967,1017
126951,965,1012
126952,964,1012
126953,965,1014
126954,968,1015
126955,973,1013
126956,974,1010
126957,971,1010
126958,971,1009
126959,971,1011
126960,974,1010
126961,978,1011
126962,977,1006
126963,976,1001
126964,975,999
126965,974,1001
126966,980,1000
126967,982,1000
126968,982,992
126969,982,991
126970,978,989
126971,982,990
126972,980,994
126973,984,993
126974,985,995
126975,982,990
126976,982,988
126977,982,991
126978,983,998
126979,986,1000
126980,986,998
126981,981,998
126982,981,998
126983,982,1001
126984,983,1006
126985,985,1009
126986,985,1010
126987,982,1007
126988,978,1013
126989,980,1016
126990,981,1022
126991,982,1027
126992,980,1027
126993,975,1024
126994,972,1024
126995,970,1025
126996,969,1030
126997,974,1032
126998,972,1033
126999,966,1034
127000,967,1035
127001,963,1036
127002,967,1045
127003,968,1044
127004,964,1044
127005,962,1044
127006,959,1043
127007,959,1046
127008,962,1050
127009,964,1047
127010,962,1049
127011,959,1047
127012,957,1047
127013,958,1049
127014,961,1051
127015,958,1052
127016,962,1049
127017,958,1046
127018,957,1051
127019,956,1052
127020,957,1050
127021,960,1047
127022,959,1044
127023,957,1041
127024,954,1039
127025,954,1039
127026,955,1041
127027,959,1040
127028,958,1036
127029,954,1034
127030,955,1031
127031,956,1029
127032,961,1031
127033,965,1030
127034,962,1029
127035,958,1029
127036,958,1029
127037,957,1031
127038,962,1035
127039,966,1037
127040,965,1037
127041,964,1033
127042,963,1032
127043,962,1036
127044,962,1037
127045,965,1035
127046,965,1032
127047,965,1029
127048,961,1030
127049,965,1035
127050,965,1042
127051,969,1043
127052,969,1042
127053,968,1039
127054,967,1039
127055,965,1042
127056,966,1044
127057,967,1044
127058,968,1044
127059,964,1040
127060,962,1039
127061,963,1041
127062,963,1044
127063,967,1046
127064,966,1045
127065,966,1042
127066,962,1047
127067,964,1046
127068,961,1051
127069,965,1049
127070,967,1046
127071,963,1042
127072,960,1038
127073,961,1040
127074,962,1043
127075,967,1042
127076,963,1040
127077,960,1038
127078,958,1037
127079,961,1039
127080,963,1041
127081,964,1042
127082,960,1039
127083,962,1037
127084,958,1037
127085,960,1037
127086,962,1040
127087,966,1039
127088,964,1038
127089,962,1035
127090,961,1037
127091,959,1038
127092,960,1042
127093,963,1043
127094,963,1043
127095,962,1043
127096,962,1039
127097,961,1039
127098,965,1045
127099,968,1044
127100,971,1046
127101,968,1041
127102,969,1042
127103,972,1047
127104,973,1049
127105,980,1046
127106,985,1042
127107,992,1032
127108,998,1027
127109,1017,1027
127110,1034,1027
127111,1058,1027
127112,1085,1023
127113,1112,1014
127114,1147,1006
127115,1184,1003
127116,1220,1000
127117,1252,1005
127118,1276,1016
127119,1282,1027
127120,1267,1035
127121,1232,1041
127122,1190,1044
127123,1138,1048
127124,1076,1053
127125,1016,1061
127126,967,1065
127127,938,1074
127128,935,1074
127129,947,1068
127130,954,1054
127131,956,1043
127132,955,1034
127133,958,1033
127134,958,1034
127135,957,1034
127136,955,1035
127137,952,1037
127138,946,1035
127139,944,1040
127140,946,1041
127141,949,1042
127142,944,1037
127143,942,1035
127144,939,1036
127145,940,1038
127146,943,1043
127147,944,1045
127148,944,1042
127149,940,1035
127150,938,1037
127151,939,1040
127152,941,1042
127153,943,1046
127154,939,1046
127155,941,1043
127156,939,1044
127157,943,1046
127158,946,1048
127159,949,1045
127160,950,1046
127161,944,1043
127162,941,1042
127163,944,1045
127164,942,1047
127165,946,1046
127166,946,1046
127167,944,1038
127168,942,1038
127169,943,1039
127170,948,1040
127171,949,1040
127172,950,1039
127173,948,1035
127174,943,1035
127175,946,1035
127176,948,1033
127177,953,1034
127178,954,1032
127179,952,1028
127180,948,1029
127181,948,1034
127182,952,1035
127183,954,1035
127184,954,1033
127185,951,1030
127186,950,1026
127187,952,1024
127188,958,1020
127189,961,1022
127190,960,1020
127191,959,1017
127192,958,1014
127193,960,1015
127194,963,1016
127195,965,1015
127196,966,1014
127197,965,1012
127198,966,1011
127199,969,1011
127200,974,1015
127201,977,1015
127202,979,1011
127203,978,1006
127204,977,1003
127205,979,1008
127206,979,1009
127207,986,1010
127208,988,1006
127209,983,1002
127210,983,1001
127211,984,1003
127212,990,1007
127213,993,1002
127214,992,999
127215,991,999
127216,988,999
127217,991,1004
127218,991,1007
127219,992,1007
127220,991,1008
127221,989,1006
127222,987,1008
127223,988,1017
127224,988,1019
127225,988,1019
127226,988,1015
127227,987,1012
127228,982,1016
127229,978,1020
127230,980,1026
127231,979,1027
127232,978,1028
127233,975,1030
127234,969,1031
127235,967,1033
127236,971,1038
127237,971,1040
127238,971,1037
127239,968,1034
127240,965,1032
127241,963,1039
127242,962,1042
127243,964,1042
127244,960,1041
127245,957,1037
127246,958,1036
127247,958,1037
127248,957,1042
127249,963,1039
127250,963,1041
127251,961,1038
127252,956,1036
127253,957,1041
127254,962,1044
127255,970,1045
127256,971,1040
127257,969,1038
127258,967,1041
127259,967,1042
127260,970,1044
127261,973,1044
127262,974,1039
127263,975,1038
127264,972,1038
127265,975,1040
127266,982,1040
127267,992,1039
127268,996,1037
127269,996,1038
127270,997,1036
127271,1001,1038
127272,1007,1041
127273,1015,1041
127274,1026,1036
127275,1034,1028
127276,1042,1018
127277,1056,1005
127278,1071,994
127279,1089,977
127280,1106,961
127281,1119,947
127282,1130,934
127283,1145,920
127284,1163,904
127285,1184,882
127286,1201,863
127287,1213,844
127288,1224,832
127289,1236,826
127290,1238,820
127291,1238,817
127292,1233,813
127293,1227,811
127294,1218,809
127295,1209,812
127296,1199,816
127297,1188,821
127298,1169,822
127299,1145,823
127300,1122,831
127301,1099,846
127302,1078,856
127303,1065,868
127304,1048,877
127305,1035,891
127306,1024,904
127307,1022,919
127308,1023,929
127309,1024,940
127310,1019,944
127311,1014,951
127312,1013,961
127313,1021,970
127314,1037,984
127315,1053,988
127316,1065,990
127317,1059,990
127318,1037,996
127319,999,1010
127320,962,1022
127321,940,1037
127322,930,1047
127323,918,1055
127324,913,1065
127325,909,1075
127326,904,1083
127327,905,1086
127328,900,1086
127329,895,1083
127330,889,1085
127331,886,1087
127332,886,1093
127333,886,1091
127334,881,1091
127335,877,1089
127336,875,1090
127337,873,1093
127338,873,1103
127339,875,1107
127340,871,1105
127341,869,1103
127342,866,1101
127343,865,1105
127344,865,1107
127345,864,1108
127346,864,1112
127347,858,1109
127348,857,1115
127349,856,1118
127350,858,1123
127351,861,1126
127352,860,1127
127353,856,1125
127354,852,1127
127355,854,1130
127356,856,1139
127357,860,1140
127358,859,1141
127359,853,1141
127360,852,1145
127361,851,1151
127362,855,1154
127363,854,1156
127364,853,1153
127365,849,1153
127366,851,1155
127367,854,1160
127368,856,1162
127369,861,1164
127370,859,1165
127371,855,1169
127372,852,1173
127373,854,1181
127374,861,1184
127375,866,1178
127376,867,1173
127377,867,1167
127378,867,1166
127379,871,1167
127380,876,1170
127381,877,1172
127382,878,1173
127383,874,1172
127384,876,1167
127385,882,1163
127386,888,1157
127387,895,1152
127388,896,1145
127389,898,1137
127390,895,1130
127391,901,1125
127392,907,1122
127393,910,1123
127394,913,1115
127395,913,1110
127396,915,1107
127397,920,1100
127398,922,1096
127399,925,1091
127400,928,1085
127401,925,1075
127402,925,1074
127403,927,1071
127404,929,1072
127405,936,1072
127406,935,1069
127407,934,1063
127408,931,1061
127409,934,1061
127410,938,1059
127411,941,1057
127412,939,1052
127413,935,1045
127414,934,1043
127415,938,1043
127416,935,1044
127417,941,1043
127418,939,1039
127419,939,1038
127420,937,1039
127421,939,1040
127422,941,1044
127423,948,1044
127424,947,1040
127425,944,1035
127426,943,1034
127427,945,1037
127428,946,1039
127429,951,1038
127430,950,1037
127431,948,1036
127432,945,1035
127433,944,1039
127434,944,1042
127435,950,1039
127436,952,1037
127437,951,1033
127438,948,1033
127439,950,1037
127440,948,1045
127441,951,1048
127442,949,1046
127443,947,1043
127444,947,1042
127445,951,1038
127446,957,1033
127447,958,1023
127448,959,1020
127449,957,1020
127450,955,1019
127451,955,1019
127452,956,1024
127453,958,1026
127454,958,1025
127455,956,1024
127456,954,1025
127457,953,1028
127458,952,1034
127459,954,1041
127460,954,1038
127461,948,1032
127462,947,1025
127463,949,1024
127464,952,1023
127465,955,1022
127466,953,1023
127467,952,1023
127468,949,1022
127469,949,1030
127470,950,1033
127471,953,1034
127472,950,1036
127473,950,1032
127474,947,1028
127475,950,1029
127476,952,1031
127477,954,1028
127478,953,1024
127479,953,1022
127480,953,1024
127481,951,1030
127482,953,1036
127483,958,1038
127484,956,1037
127485,955,1030
127486,951,1022
127487,951,1019
127488,956,1024
127489,957,1022
127490,957,1024
127491,951,1024
127492,949,1024
127493,953,1025
127494,954,1028
127495,957,1027
127496,956,1028
127497,952,1025
127498,947,1025
127499,951,1026
127500,955,1023
127501,954,1024
127502,955,1023
127503,951,1021
127504,949,1021
127505,948,1023
127506,950,1025
127507,951,1027
127508,951,1031
127509,946,1029
127510,943,1031
127511,943,1032
127512,947,1028
127513,951,1026
127514,950,1023
127515,947,1022
127516,943,1025
127517,945,1027
127518,947,1032
127519,948,1033
127520,948,1032
127521,945,1030
127522,946,1033
127523,949,1035
127524,949,1036
127525,954,1032
127526,952,1024
127527,951,1022
127528,951,1019
127529,953,1025
127530,953,1027
127531,956,1026
127532,954,1026
127533,954,1018
127534,954,1017
127535,954,1019
127536,957,1020
127537,960,1021
127538,956,1024
127539,956,1023
127540,954,1022
127541,957,1024
127542,958,1024
127543,961,1024
127544,957,1024
127545,956,1023
127546,954,1024
127547,955,1028
127548,956,1031
127549,959,1032
127550,958,1032
127551,956,1030
127552,954,1031
127553,955,1035
127554,957,1033
127555,959,1034
127556,961,1031
127557,959,1033
127558,955,1038
127559,953,1038
127560,955,1038
127561,959,1036
127562,955,1030
127563,952,1025
127564,950,1023
127565,953,1020
127566,954,1023
127567,958,1024
127568,958,1021
127569,956,1017
127570,955,1017
127571,952,1022
127572,956,1027
127573,959,1031
127574,959,1032
127575,958,1023
127576,956,1018
127577,958,1017
127578,960,1021
127579,963,1023
127580,961,1022
127581,960,1022
127582,955,1025
127583,954,1032
127584,961,1039
127585,965,1037
127586,965,1025
127587,962,1013
127588,965,1012
127589,965,1013
127590,963,1022
127591,961,1025
127592,959,1027
127593,960,1024
127594,958,1023
127595,960,1025
127596,964,1027
127597,967,1024
127598,966,1026
127599,964,1024
127600,963,1027
127601,962,1028
127602,968,1030
127603,971,1029
127604,971,1024
127605,967,1024
127606,967,1021
127607,973,1021
127608,980,1019
127609,994,1017
127610,1003,1011
127611,1017,1005
127612,1035,1003
127613,1062,998
127614,1096,995
127615,1137,982
127616,1176,979
127617,1214,976
127618,1244,989
127619,1265,1005
127620,1264,1023
127621,1238,1028
127622,1191,1029
127623,1131,1032
127624,1071,1042
127625,1014,1054
127626,967,1064
127627,945,1071
127628,943,1069
127629,950,1064
127630,954,1059
127631,958,1064
127632,962,1068
127633,962,1069
127634,960,1061
127635,955,1044
127636,954,1031
127637,954,1027
127638,956,1023
127639,955,1028
127640,951,1032
127641,947,1033
127642,947,1024
127643,951,1017
127644,955,1006
127645,959,998
127646,955,1000
127647,949,1002
127648,942,1005
127649,942,1014
127650,945,1018
127651,947,1018
127652,944,1017
127653,942,1014
127654,942,1017
127655,941,1021
127656,944,1024
127657,946,1022
127658,942,1020
127659,940,1017
127660,937,1019
127661,937,1023
127662,941,1026
127663,942,1028
127664,941,1027
127665,939,1026
127666,938,1024
127667,941,1027
127668,944,1028
127669,949,1030
127670,950,1027
127671,948,1025
127672,948,1027
127673,951,1030
127674,952,1032
127675,956,1035
127676,955,1036
127677,952,1037
127678,952,1046
127679,953,1057
127680,959,1062
127681,963,1055
127682,965,1032
127683,967,1007
127684,967,995
127685,973,997
127686,973,1006
127687,974,1019
127688,974,1025
127689,972,1020
127690,971,1007
127691,975,998
127692,980,993
127693,983,994
127694,983,996
127695,979,993
127696,977,994
127697,979,994
127698,981,996
127699,987,994
127700,984,990
127701,982,990
127702,979,989
127703,980,991
127704,983,991
127705,986,990
127706,985,988
127707,985,986
127708,984,987
127709,988,987
127710,993,988
127711,998,986
127712,998,984
127713,997,984
127714,995,985
127715,998,987
127716,1001,992
127717,1005,990
127718,1006,990
127719,1002,989
127720,1002,995
127721,1003,998
127722,1006,1002
127723,1007,1002
127724,1007,1005
127725,1005,1004
127726,1000,1004
127727,1000,1010
127728,1000,1016
127729,1000,1014
127730,997,1015
127731,994,1015
127732,990,1019
127733,988,1021
127734,990,1024
127735,988,1026
127736,986,1028
127737,981,1030
127738,976,1035
127739,976,1038
127740,980,1040
127741,982,1040
127742,977,1040
127743,973,1038
127744,969,1040
127745,971,1042
127746,973,1035
127747,974,1029
127748,973,1023
127749,968,1022
127750,963,1023
127751,965,1028
127752,968,1027
127753,971,1021
127754,968,1017
127755,968,1013
127756,966,1014
127757,966,1021
127758,970,1026
127759,972,1026
127760,970,1026
127761,968,1024
127762,965,1025
127763,967,1027
127764,971,1029
127765,976,1029
127766,975,1026
127767,972,1026
127768,972,1027
127769,975,1026
127770,975,1032
127771,978,1029
127772,976,1029
127773,976,1027
127774,972,1024
127775,975,1026
127776,979,1030
127777,980,1030
127778,981,1027
127779,974,1025
127780,974,1024
127781,975,1027
127782,977,1027
127783,975,1028
127784,977,1023
127785,975,1020
127786,973,1020
127787,974,1021
127788,979,1024
127789,978,1023
127790,976,1021
127791,971,1019
127792,968,1021
127793,967,1023
127794,967,1025
127795,971,1022
127796,968,1019
127797,966,1018
127798,963,1018
127799,961,1020
127800,963,1024
127801,963,1025
127802,962,1026
127803,958,1030
127804,955,1038
127805,956,1043
127806,962,1039
127807,965,1033
127808,967,1023
127809,964,1014
127810,960,1008
127811,961,1009
127812,961,1013
127813,966,1018
127814,964,1016
127815,962,1014
127816,959,1015
127817,962,1020
127818,965,1023
127819,966,1024
127820,964,1024
127821,961,1019
127822,959,1021
127823,960,1024
127824,964,1027
127825,967,1028
127826,966,1023
127827,962,1020
127828,958,1022
127829,962,1025
127830,963,1028
127831,963,1030
127832,965,1026
127833,962,1027
127834,961,1024
127835,961,1026
127836,963,1028
127837,962,1028
127838,961,1024
127839,957,1019
127840,956,1023
127841,955,1028
127842,959,1037
127843,960,1039
127844,959,1036
127845,957,1029
127846,957,1028
127847,958,1030
127848,959,1036
127849,961,1034
127850,961,1034
127851,959,1028
127852,959,1023
127853,961,1022
127854,964,1021
127855,966,1022
127856,964,1020
127857,962,1023
127858,957,1025
127859,957,1024
127860,962,1025
127861,965,1024
127862,965,1024
127863,964,1017
127864,961,1021
127865,962,1021
127866,963,1024
127867,964,1025
127868,963,1024
127869,959,1022
127870,956,1022
127871,956,1027
127872,961,1031
127873,960,1032
127874,957,1028
127875,958,1023
127876,954,1019
127877,956,1020
127878,957,1023
127879,959,1025
127880,956,1021
127881,953,1021
127882,952,1021
127883,953,1023
127884,956,1027
127885,958,1026
127886,955,1028
127887,954,1027
127888,949,1026
127889,953,1028
127890,956,1030
127891,961,1027
127892,960,1025
127893,958,1024
127894,956,1025
127895,957,1028
127896,960,1031
127897,959,1031
127898,961,1028
127899,960,1027
127900,955,1028
127901,958,1033
127902,960,1033
127903,964,1028
127904,965,1026
127905,962,1023
127906,957,1025
127907,958,1027
127908,961,1031
127909,960,1031
127910,959,1029
127911,957,1026
127912,954,1027
127913,955,1031
127914,957,1034
127915,960,1036
127916,958,1034
127917,956,1028
127918,952,1023
127919,954,1022
127920,955,1025
127921,955,1024
127922,956,1020
127923,953,1017
127924,951,1016
127925,951,1019
127926,954,1024
127927,954,1024
127928,956,1023
127929,952,1020
127930,952,1020
127931,951,1023
127932,954,1028
127933,957,1029
127934,958,1026
127935,956,1026
127936,950,1026
127937,955,1030
127938,959,1030
127939,961,1029
127940,960,1030
127941,959,1026
127942,955,1029
127943,955,1031
127944,958,1035
127945,961,1033
127946,962,1026
127947,958,1024
127948,954,1025
127949,957,1027
127950,958,1030
127951,961,1029
127952,959,1030
127953,958,1029
127954,956,1029
127955,957,1029
127956,959,1031
127957,958,1027
127958,964,1020
127959,960,1018
127960,958,1021
127961,957,1023
127962,960,1031
127963,960,1036
127964,960,1031
127965,957,1025
127966,955,1020
127967,956,1015
127968,957,1013
127969,958,1013
127970,955,1015
127971,951,1015
127972,948,1018
127973,951,1021
127974,955,1023
127975,956,1025
127976,953,1027
127977,949,1023
127978,947,1024
127979,948,1023
127980,952,1028
127981,952,1028
127982,952,1025
127983,949,1025
127984,950,1025
127985,950,1026
127986,957,1030
127987,959,1028
127988,959,1026
127989,954,1023
127990,953,1022
127991,953,1024
127992,955,1024
127993,960,1024
127994,959,1021
127995,957,1019
127996,955,1017
127997,957,1019
127998,959,1020
127999,962,1021
128000,961,1021
128001,956,1020
128002,954,1023
128003,958,1022
128004,959,1026
128005,961,1027
128006,960,1033
128007,957,1036
128008,958,1040
128009,960,1035
128010,961,1032
128011,966,1022
128012,963,1017
128013,959,1009
128014,960,1008
128015,961,1012
128016,962,1016
128017,967,1017
128018,961,1020
128019,957,1019
128020,956,1023
128021,957,1025
128022,960,1022
128023,962,1023
128024,963,1021
128025,960,1021
128026,960,1020
128027,964,1018
128028,967,1022
128029,967,1022
128030,967,1015
128031,970,1012
128032,978,1011
128033,994,1010
128034,1014,1011
128035,1037,1006
128036,1063,999
128037,1095,987
128038,1130,980
128039,1167,973
128040,1200,974
128041,1235,980
128042,1256,987
128043,1262,1003
128044,1238,1013
128045,1192,1020
128046,1134,1024
128047,1076,1031
128048,1016,1035
128049,966,1038
128050,934,1045
128051,935,1046
128052,949,1042
128053,963,1030
128054,966,1022
128055,959,1023
128056,955,1026
128057,952,1029
128058,952,1031
128059,955,1027
128060,953,1024
128061,946,1027
128062,940,1031
128063,942,1034
128064,944,1035
128065,944,1026
128066,943,1017
128067,942,1008
128068,940,1006
128069,942,1009
128070,941,1019
128071,942,1020
128072,939,1021
128073,933,1019
128074,935,1018
128075,935,1018
128076,939,1020
128077,939,1019
128078,933,1016
128079,929,1015
128080,929,1017
128081,932,1020
128082,934,1025
128083,938,1023
128084,939,1020
128085,937,1016
128086,935,1016
128087,941,1022
128088,940,1024
128089,938,1026
128090,939,1023
128091,935,1023
128092,936,1024
128093,938,1027
128094,946,1032
128095,946,1032
128096,949,1024
128097,946,1014
128098,946,1013
128099,945,1013
128100,952,1017
128101,953,1019
128102,953,1015
128103,949,1009
128104,948,1011
128105,954,1016
128106,957,1018
128107,958,1020
128108,957,1020
128109,957,1018
128110,958,1016
128111,963,1014
128112,965,1008
128113,964,1002
128114,961,998
128115,960,1000
128116,961,1001
128117,961,1008
128118,964,1015
128119,966,1017
128120,969,1014
128121,968,1006
128122,968,1001
128123,974,996
128124,978,992
128125,980,987
128126,975,982
128127,974,984
128128,968,987
128129,968,992
128130,972,995
128131,976,991
128132,983,990
128133,984,987
128134,976,989
128135,974,995
128136,977,996
128137,982,999
128138,981,1000
128139,982,996
128140,982,997
128141,985,998
128142,991,995
128143,991,991
128144,992,987
128145,988,988
128146,985,996
128147,981,1000
128148,985,1009
128149,986,1009
128150,985,1009
128151,983,1003
128152,976,1002
128153,976,1002
128154,978,1007
128155,980,1007
128156,974,1005
128157,968,1005
128158,965,1008
128159,966,1013
128160,965,1023
128161,962,1027
128162,961,1034
128163,959,1031
128164,956,1025
128165,959,1017
128166,961,1017
128167,960,1020
128168,961,1020
128169,959,1020
128170,961,1019
128171,965,1023
128172,967,1030
128173,965,1028
128174,957,1027
128175,956,1025
128176,955,1024
128177,956,1029
128178,960,1028
128179,962,1033
128180,961,1034
128181,959,1036
128182,951,1041
128183,954,1039
128184,954,1036
128185,957,1035
128186,956,1029
128187,956,1021
128188,958,1016
128189,962,1016
128190,965,1018
128191,961,1019
128192,957,1021
128193,954,1020
128194,954,1022
128195,955,1025
128196,959,1024
128197,963,1024
128198,963,1019
128199,962,1018
128200,961,1016
128201,961,1018
128202,963,1022
128203,964,1020
128204,960,1022
128205,958,1021
128206,959,1019
128207,960,1020
128208,964,1026
128209,964,1027
128210,959,1028
128211,956,1028
128212,955,1033
128213,956,1035
128214,958,1034
128215,960,1024
128216,966,1014
128217,964,1003
128218,962,998
128219,960,1001
128220,960,1009
128221,960,1010
128222,963,1013
128223,963,1010
128224,963,1010
128225,965,1014
128226,961,1012
128227,959,1013
128228,962,1016
128229,967,1016
128230,974,1015
128231,976,1011
128232,969,1014
128233,964,1018
128234,953,1024
128235,952,1036
128236,953,1039
128237,956,1043
128238,955,1038
128239,950,1031
128240,946,1025
128241,947,1028
128242,946,1033
128243,948,1041
128244,949,1047
128245,948,1047
128246,950,1042
128247,952,1036
128248,951,1028
128249,955,1017
128250,957,1017
128251,956,1013
128252,952,1012
128253,951,1012
128254,952,1014
128255,952,1021
128256,955,1025
128257,956,1025
128258,955,1023
128259,954,1022
128260,951,1020
128261,951,1023
128262,955,1025
128263,956,1022
128264,954,1018
128265,953,1017
128266,951,1018
128267,951,1021
128268,952,1025
128269,954,1026
128270,953,1023
128271,951,1021
128272,948,1025
128273,952,1026
128274,954,1033
128275,960,1032
128276,959,1029
128277,960,1018
128278,962,1014
128279,964,1014
128280,959,1025
128281,956,1032
128282,950,1036
128283,946,1042
128284,942,1039
128285,942,1032
128286,948,1023
128287,953,1019
128288,956,1016
128289,955,1015
128290,950,1017
128291,945,1024
128292,947,1028
128293,949,1032
128294,953,1031
128295,953,1030
128296,952,1031
128297,952,1033
128298,956,1035
128299,955,1027
128300,955,1026
128301,951,1023
128302,954,1029
128303,957,1033
128304,961,1032
128305,963,1027
128306,963,1022
128307,961,1018
128308,960,1013
128309,964,1014
128310,970,1014
128311,981,1014
128312,992,1010
128313,1005,1004
128314,1029,1000
128315,1063,1001
128316,1100,996
128317,1133,991
128318,1156,990
128319,1176,995
128320,1201,999
128321,1232,1004
128322,1246,1014
128323,1240,1023
128324,1204,1031
128325,1149,1040
128326,1090,1055
128327,1033,1079
128328,978,1101
128329,938,1101
128330,917,1091
128331,914,1070
128332,924,1049
128333,937,1035
128334,948,1031
128335,953,1025
128336,948,1020
128337,942,1018
128338,938,1026
128339,940,1037
128340,944,1050
128341,947,1048
128342,945,1039
128343,942,1024
128344,942,1017
128345,947,1013
128346,956,1018
128347,963,1021
128348,959,1023
128349,945,1023
128350,933,1026
128351,924,1029
128352,921,1031
128353,923,1030
128354,924,1027
128355,924,1024
128356,926,1024
128357,933,1029
128358,937,1041
128359,937,1046
128360,928,1044
128361,927,1032
128362,930,1020
128363,934,1008
128364,939,1007
128365,938,1006
128366,936,1006
128367,931,1011
128368,929,1016
128369,928,1025
128370,930,1030
128371,935,1028
128372,935,1024
128373,933,1019
128374,931,1015
128375,931,1019
128376,935,1023
128377,935,1024
128378,937,1023
128379,936,1021
128380,936,1025
128381,936,1031
128382,936,1038
128383,938,1042
128384,939,1055
128385,941,1066
128386,942,1069
128387,946,1053
128388,950,1024
128389,956,996
128390,959,983
128391,960,982
128392,957,982
128393,957,986
128394,959,992
128395,956,994
128396,959,999
128397,955,1001
128398,960,1003
128399,963,1002
128400,968,999
128401,969,995
128402,968,993
128403,964,991
128404,963,991
128405,963,990
128406,967,994
128407,969,995
128408,971,996
128409,972,995
128410,975,992
128411,975,989
128412,979,990
128413,980,988
128414,978,984
128415,979,982
128416,977,982
128417,978,982
128418,982,986
128419,984,986
128420,983,987
128421,979,986
128422,979,987
128423,980,992
128424,981,997
128425,983,991
128426,980,991
128427,978,990
128428,976,994
128429,979,998
128430,980,1002
128431,982,1002
128432,975,1001
128433,970,1000
128434,969,1004
128435,968,1005
128436,973,1013
128437,972,1010
128438,970,1011
128439,964,1010
128440,961,1010
128441,965,1014
128442,965,1019
128443,967,1019
128444,961,1017
128445,956,1018
128446,951,1017
128447,950,1021
128448,953,1024
128449,951,1027
128450,953,1027
128451,948,1028
128452,945,1030
128453,947,1039
128454,949,1042
128455,952,1045
128456,951,1039
128457,948,1035
128458,949,1027
128459,951,1023
128460,952,1024
128461,954,1023
128462,952,1018
128463,950,1017
128464,951,1020
128465,953,1025
128466,961,1031
128467,966,1033
128468,967,1031
128469,967,1033
128470,974,1034
128471,980,1035
128472,990,1038
128473,996,1037
128474,1002,1036
128475,1011,1031
128476,1021,1022
128477,1036,1016
128478,1047,1002
128479,1060,987
128480,1073,973
128481,1084,962
128482,1101,950
128483,1115,941
128484,1134,932
128485,1149,916
128486,1166,896
128487,1177,881
128488,1192,866
128489,1206,856
128490,1221,848
128491,1230,839
128492,1229,838
128493,1226,838
128494,1221,839
128495,1220,843
128496,1218,844
128497,1215,842
128498,1204,838
128499,1189,834
128500,1169,838
128501,1147,844
128502,1130,852
128503,1111,856
128504,1091,860
128505,1066,866
128506,1043,872
128507,1025,884
128508,1012,893
128509,1006,902
128510,998,912
128511,989,919
128512,981,929
128513,981,937
128514,981,949
128515,984,956
128516,991,961
128517,1001,968
128518,1013,973
128519,1029,981
128520,1033,990
128521,1031,994
128522,1016,995
128523,990,1002
128524,962,1012
128525,942,1027
128526,927,1043
128527,918,1055
128528,909,1068
128529,905,1078
128530,900,1077
128531,899,1073
128532,899,1063
128533,897,1056
128534,893,1053
128535,889,1056
128536,884,1061
128537,883,1067
128538,882,1073
128539,881,1076
128540,879,1078
128541,873,1077
128542,869,1083
128543,870,1083
128544,872,1089
128545,871,1089
128546,870,1090
128547,864,1089
128548,863,1090
128549,864,1094
128550,866,1095
128551,868,1097
128552,866,1095
128553,862,1095
128554,862,1097
128555,862,1101
128556,862,1105
128557,862,1106
128558,862,1103
128559,859,1100
128560,857,1103
128561,858,1108
128562,860,1109
128563,862,1112
128564,863,1112
128565,859,1112
128566,859,1114
128567,861,1120
128568,861,1122
128569,859,1123
128570,862,1122
128571,859,1123
128572,860,1126
128573,863,1130
128574,865,1134
128575,867,1135
128576,863,1135
128577,863,1138
128578,864,1143
128579,869,1150
128580,872,1154
128581,874,1153
128582,873,1154
128583,875,1152
128584,875,1151
128585,880,1151
128586,885,1152
128587,888,1151
128588,892,1146
128589,889,1143
128590,891,1145
128591,894,1146
128592,899,1149
128593,903,1149
128594,907,1145
128595,906,1138
128596,908,1136
128597,911,1136
128598,917,1137
128599,920,1134
128600,922,1127
128601,920,1123
128602,925,1117
128603,927,1118
128604,933,1116
128605,939,1110
128606,936,1105
128607,937,1099
128608,936,1096
128609,940,1096
128610,942,1092
128611,946,1086
128612,945,1077
128613,940,1072
128614,939,1067
128615,940,1068
128616,942,1068
128617,944,1063
128618,943,1058
128619,938,1052
128620,938,1053
128621,939,1051
128622,943,1050
128623,944,1047
128624,941,1041
128625,936,1038
128626,936,1041
128627,941,1041
128628,943,1040
128629,944,1037
128630,939,1034
128631,936,1030
128632,936,1034
128633,938,1039
128634,938,1043
128635,939,1040
128636,939,1036
128637,938,1031
128638,938,1032
128639,938,1035
128640,943,1038
128641,942,1040
128642,941,1040
128643,941,1039
128644,940,1036
128645,943,1032
128646,949,1024
128647,949,1020
128648,949,1017
128649,948,1016
128650,946,1021
128651,947,1023
128652,950,1025
128653,950,1023
128654,951,1023
128655,947,1020
128656,946,1023
128657,947,1026
128658,949,1030
128659,951,1027
128660,951,1027
128661,949,1022
128662,949,1025
128663,950,1027
128664,951,1031
128665,953,1030
128666,951,1030
128667,950,1029
128668,949,1030
128669,952,1034
128670,955,1036
128671,955,1036
128672,956,1031
128673,953,1027
128674,950,1024
128675,954,1027
128676,956,1030
128677,957,1028
128678,954,1025
128679,951,1024
128680,950,1022
128681,952,1029
128682,954,1030
128683,952,1032
128684,952,1031
128685,946,1031
128686,946,1032
128687,949,1035
128688,949,1038
128689,950,1040
128690,949,1036
128691,946,1033
128692,946,1027
128693,948,1027
128694,952,1025
128695,951,1025
128696,952,1021
128697,948,1018
128698,948,1020
128699,950,1025
128700,951,1029
128701,953,1027
128702,954,1026
128703,949,1024
128704,947,1025
128705,949,1028
128706,951,1029
128707,955,1030
128708,954,1028
128709,950,1026
128710,949,1025
128711,950,1029
128712,951,1030
128713,951,1031
128714,950,1030
128715,949,1028
128716,946,1029
128717,950,1031
128718,953,1035
128719,955,1033
128720,952,1034
128721,949,1033
128722,947,1038
128723,950,1039
128724,951,1042
128725,956,1039
128726,954,1033
128727,951,1028
128728,951,1030
128729,954,1031
128730,954,1030
128731,955,1031
128732,953,1026
128733,950,1026
128734,948,1027
128735,947,1029
128736,952,1032
128737,950,1029
128738,950,1025
128739,947,1025
128740,947,1030
128741,948,1036
128742,950,1040
128743,953,1037
128744,953,1029
128745,949,1025
128746,946,1024
128747,949,1032
128748,952,1032
128749,951,1030
128750,950,1026
128751,947,1023
128752,950,1024
128753,950,1026
128754,953,1030
128755,954,1032
128756,952,1029
128757,951,1029
128758,949,1031
128759,952,1031
128760,952,1033
128761,954,1030
128762,954,1026
128763,952,1025
128764,950,1026
128765,952,1028
128766,956,1032
128767,956,1031
128768,952,1032
128769,952,1031
128770,952,1032
128771,953,1035
128772,955,1039
128773,958,1040
128774,956,1038
128775,952,1034
128776,952,1037
128777,957,1037
128778,958,1039
128779,958,1038
128780,957,1032
128781,954,1029
128782,953,1030
128783,957,1033
128784,959,1035
128785,958,1032
128786,959,1033
128787,952,1029
128788,952,1032
128789,956,1035
128790,957,1037
128791,961,1034
128792,959,1030
128793,954,1027
128794,956,1029
128795,958,1029
128796,959,1033
128797,962,1038
128798,958,1037
128799,960,1031
128800,958,1024
128801,960,1023
128802,964,1022
128803,962,1025
128804,960,1022
128805,955,1024
128806,957,1023
128807,959,1029
128808,961,1031
128809,962,1033
128810,962,1028
128811,957,1026
128812,956,1027
128813,958,1032
128814,961,1033
128815,963,1034
128816,963,1032
128817,962,1030
128818,959,1031
128819,962,1035
128820,966,1036
128821,967,1037
128822,965,1036
128823,962,1034
128824,959,1037
128825,962,1041
128826,964,1044
128827,964,1043
128828,963,1041
128829,963,1038
128830,963,1037
128831,968,1036
128832,967,1035
128833,968,1030
128834,967,1029
128835,964,1025
128836,965,1025
128837,967,1026
128838,971,1026
128839,971,1029
128840,971,1026
128841,965,1029
128842,965,1028
128843,969,1029
128844,972,1030
128845,971,1029
128846,970,1026
128847,966,1022
128848,968,1018
128849,973,1020
128850,977,1021
128851,981,1020
128852,985,1017
128853,987,1016
128854,995,1016
128855,1009,1019
128856,1029,1018
128857,1047,1013
128858,1071,1006
128859,1097,998
128860,1129,992
128861,1165,987
128862,1198,985
128863,1227,987
128864,1251,992
128865,1263,1002
128866,1260,1017
128867,1242,1026
128868,1207,1034
128869,1160,1037
128870,1113,1041
128871,1070,1049
128872,1028,1060
128873,988,1066
128874,965,1070
128875,955,1069
128876,954,1055
128877,956,1045
128878,963,1036
128879,966,1033
128880,965,1031
128881,965,1033
128882,963,1029
128883,960,1027
128884,957,1030
128885,958,1032
128886,956,1035
128887,957,1038
128888,952,1034
128889,951,1032
128890,946,1034
128891,950,1035
128892,953,1035
128893,953,1035
128894,950,1031
128895,947,1029
128896,945,1029
128897,949,1031
128898,950,1036
128899,952,1035
128900,950,1033
128901,949,1029
128902,949,1027
128903,951,1028
128904,954,1027
128905,952,1027
128906,949,1026
128907,947,1026
128908,943,1034
128909,945,1036
128910,947,1037
128911,950,1037
128912,950,1033
128913,948,1031
128914,944,1033
128915,947,1032
128916,948,1035
128917,950,1034
128918,948,1031
128919,947,1029
128920,946,1034
128921,946,1035
128922,948,1040
128923,951,1036
128924,951,1032
128925,949,1030
128926,949,1029
128927,954,1032
128928,957,1033
128929,957,1032
128930,957,1031
128931,953,1028
128932,956,1030
128933,956,1033
128934,962,1038
128935,966,1032
128936,966,1027
128937,963,1022
128938,963,1015
128939,964,1014
128940,969,1015
128941,968,1014
128942,968,1016
128943,965,1012
128944,966,1014
128945,967,1019
128946,971,1020
128947,974,1015
128948,974,1013
128949,972,1009
128950,976,1006
128951,976,1007
128952,981,1006
128953,982,1007
128954,980,1004
128955,979,1003
128956,979,1009
128957,984,1011
128958,988,1012
128959,990,1014
128960,990,1011
128961,987,1005
128962,984,1003
128963,989,1008
128964,994,1012
128965,996,1012
128966,997,1005
128967,998,1002
128968,997,1000
128969,999,1006
128970,1004,1012
128971,1005,1017
128972,1005,1013
128973,1004,1007
128974,1004,1001
128975,1005,996
128976,1007,1000
128977,1006,1000
128978,1007,1001
128979,1003,1001
128980,1001,1006
128981,1001,1011
128982,1003,1014
128983,1000,1014
128984,1001,1014
128985,996,1014
128986,995,1014
128987,995,1019
128988,996,1024
128989,995,1022
128990,991,1021
128991,984,1017
128992,983,1023
128993,980,1025
128994,979,1030
128995,981,1030
128996,978,1031
128997,974,1031
128998,973,1029
128999,975,1030
129000,976,1035
129001,973,1031
129002,970,1029
129003,968,1032
129004,969,1041
129005,966,1044
129006,972,1045
129007,972,1040
129008,973,1033
129009,968,1032
129010,968,1037
129011,969,1045
129012,972,1051
129013,972,1050
129014,970,1047
129015,968,1042
129016,969,1042
129017,968,1043
129018,972,1044
129019,973,1041
129020,972,1038
129021,970,1035
129022,970,1035
129023,972,1036
129024,975,1033
129025,979,1028
129026,972,1023
129027,970,1024
129028,971,1024
129029,974,1030
129030,979,1031
129031,980,1032
129032,980,1026
129033,977,1021
129034,976,1023
129035,977,1024
129036,979,1026
129037,981,1027
129038,978,1024
129039,977,1021
129040,975,1024
129041,973,1023
129042,978,1025
129043,981,1027
129044,977,1027
129045,973,1026
129046,970,1028
129047,972,1036
129048,971,1039
129049,976,1037
129050,974,1031
129051,971,1028
129052,966,1029
129053,974,1033
129054,976,1033
129055,977,1029
129056,975,1028
129057,970,1029
129058,970,1032
129059,973,1034
129060,974,1035
129061,975,1036
129062,974,1032
129063,974,1032
129064,974,1037
129065,976,1039
129066,979,1042
129067,981,1035
129068,982,1028
129069,982,1022
129070,980,1026
129071,982,1028
129072,984,1030
129073,984,1027
129074,986,1021
129075,987,1017
129076,996,1019
129077,1010,1021
129078,1030,1024
129079,1051,1018
129080,1076,1017
129081,1105,1009
129082,1141,1007
129083,1177,1007
129084,1215,1010
129085,1250,1017
129086,1273,1028
129087,1284,1042
129088,1276,1052
129089,1252,1059
129090,1211,1063
129091,1161,1070
129092,1103,1072
129093,1045,1072
129094,999,1072
129095,970,1069
129096,966,1065
129097,970,1058
129098,976,1047
129099,976,1039
129100,972,1035
129101,971,1035
129102,970,1039
129103,970,1039
129104,966,1041
129105,958,1037
129106,955,1042
129107,953,1045
129108,957,1042
129109,957,1037
129110,954,1033
129111,953,1030
129112,950,1030
129113,951,1035
129114,950,1040
129115,950,1041
129116,949,1037
129117,946,1029
129118,946,1027
129119,948,1029
129120,953,1030
129121,952,1035
129122,950,1035
129123,944,1034
129124,943,1034
129125,947,1035
129126,949,1031
129127,949,1028
129128,949,1020
129129,945,1017
129130,945,1018
129131,950,1023
129132,949,1026
129133,952,1026
129134,951,1024
129135,947,1022
129136,947,1025
129137,951,1027
129138,954,1031
129139,957,1032
129140,954,1028
129141,953,1026
129142,954,1027
129143,955,1031
129144,961,1032
129145,960,1031
129146,958,1028
129147,958,1028
129148,958,1026
129149,963,1029
129150,964,1030
129151,966,1031
129152,966,1030
129153,965,1028
129154,964,1030
129155,963,1031
129156,969,1028
129157,969,1025
129158,969,1023
129159,966,1022
129160,967,1021
129161,970,1022
129162,975,1021
129163,979,1021
129164,978,1020
129165,978,1015
129166,977,1014
129167,983,1006
129168,985,1003
129169,991,999
129170,987,995
129171,986,994
129172,986,997
129173,989,996
129174,993,994
129175,995,990
129176,994,983
129177,991,978
129178,988,981
129179,989,984
129180,996,987
129181,997,984
129182,997,981
129183,994,978
129184,994,981
129185,998,987
129186,1000,990
129187,1002,995
129188,998,994
129189,995,997
129190,995,999
129191,998,1001
129192,998,1006
129193,1000,1005
129194,998,1005
129195,995,1008
129196,994,1014
129197,995,1021
129198,995,1023
129199,994,1024
129200,990,1021
129201,984,1023
129202,981,1025
129203,981,1031
129204,982,1035
129205,983,1038
129206,981,1036
129207,976,1033
129208,976,1030
129209,974,1030
129210,979,1034
129211,978,1031
129212,975,1032
129213,971,1030
129214,970,1031
129215,975,1037
129216,977,1041
129217,977,1041
129218,974,1039
129219,970,1038
129220,970,1036
129221,973,1039
129222,974,1041
129223,975,1038
129224,969,1033
129225,970,1033
129226,967,1037
129227,969,1043
129228,970,1044
129229,968,1042
129230,965,1039
129231,962,1039
129232,963,1040
129233,964,1041
129234,968,1042
129235,970,1043
129236,969,1040
129237,968,1035
129238,967,1029
129239,969,1030
129240,969,1032
129241,970,1036
129242,967,1035
129243,970,1033
129244,967,1037
129245,970,1039
129246,975,1042
129247,974,1040
129248,972,1041
129249,970,1039
129250,969,1044
129251,974,1043
129252,975,1041
129253,977,1038
129254,974,1033
129255,971,1030
129256,972,1035
129257,973,1042
129258,974,1044
129259,977,1047
129260,974,1047
129261,975,1044
129262,977,1042
129263,980,1042
129264,981,1040
129265,983,1032
129266,981,1025
129267,980,1021
129268,979,1023
129269,982,1028
129270,981,1032
129271,981,1032
129272,980,1031
129273,978,1031
129274,975,1033
129275,975,1036
129276,981,1036
129277,983,1034
129278,978,1033
129279,975,1030
129280,973,1032
129281,972,1034
129282,975,1039
129283,975,1036
129284,972,1035
129285,967,1031
129286,967,1033
129287,970,1036
129288,972,1037
129289,974,1037
129290,970,1038
129291,968,1043
129292,967,1046
129293,973,1048
129294,976,1045
129295,979,1039
129296,978,1032
129297,977,1027
129298,976,1023
129299,980,1026
129300,982,1027
129301,988,1026
129302,998,1024
129303,1004,1021
129304,1018,1022
129305,1040,1026
129306,1068,1028
129307,1102,1017
129308,1138,1005
129309,1170,998
129310,1208,996
129311,1246,1002
129312,1275,1012
129313,1286,1026
129314,1278,1037
129315,1246,1039
129316,1191,1043
129317,1133,1050
129318,1073,1062
129319,1016,1069
129320,968,1071
129321,945,1069
129322,944,1063
129323,956,1055
129324,969,1048
129325,975,1041
129326,972,1036
129327,967,1035
129328,965,1034
129329,964,1037
129330,966,1044
129331,965,1038
129332,960,1037
129333,958,1033
129334,957,1033
129335,957,1034
129336,958,1040
129337,959,1037
129338,957,1035
129339,953,1027
129340,950,1030
129341,953,1032
129342,955,1036
129343,957,1038
129344,953,1038
129345,950,1038
129346,951,1037
129347,955,1036
129348,958,1038
129349,957,1038
129350,954,1035
129351,950,1036
129352,949,1038
129353,951,1043
129354,953,1044
129355,957,1041
129356,955,1040
129357,953,1043
129358,953,1045
129359,954,1052
129360,956,1051
129361,956,1046
129362,955,1041
129363,953,1038
129364,955,1036
129365,958,1040
129366,960,1042
129367,960,1040
129368,961,1036
129369,958,1033
129370,958,1030
129371,958,1030
129372,961,1031
129373,963,1032
129374,962,1028
129375,959,1024
129376,959,1021
129377,965,1021
129378,968,1024
129379,971,1020
129380,970,1016
129381,968,1012
129382,970,1013
129383,973,1011
129384,975,1014
129385,977,1014
129386,978,1012
129387,974,1012
129388,977,1009
129389,980,1006
129390,983,1004
129391,983,1006
129392,986,1002
129393,983,1002
129394,981,1004
129395,985,1008
129396,988,1009
129397,989,1004
129398,988,999
129399,988,997
129400,987,1000
129401,992,1002
129402,996,1003
129403,998,1002
129404,997,998
129405,996,1001
129406,995,1006
129407,999,1008
129408,1005,1006
129409,1004,1003
129410,1001,1003
129411,1000,1002
129412,1000,1010
129413,999,1015
129414,1003,1020
129415,1003,1017
129416,1002,1015
129417,1001,1010
129418,999,1013
129419,1000,1019
129420,999,1023
129421,996,1026
129422,993,1027
129423,990,1023
129424,988,1021
129425,989,1024
129426,988,1028
129427,986,1031
129428,982,1030
129429,974,1031
129430,973,1035
129431,974,1036
129432,976,1038
129433,977,1039
129434,973,1037
129435,972,1036
129436,971,1040
129437,970,1043
129438,971,1047
129439,971,1051
129440,968,1051
129441,963,1053
129442,963,1058
129443,968,1055
129444,971,1056
129445,972,1049
129446,968,1045
129447,964,1039
129448,963,1042
129449,964,1044
129450,969,1047
129451,969,1045
129452,969,1044
129453,964,1042
129454,967,1047
129455,964,1052
129456,969,1054
129457,972,1047
129458,972,1041
129459,973,1035
129460,973,1030
129461,975,1035
129462,975,1036
129463,974,1038
129464,970,1036
129465,969,1037
129466,968,1041
129467,974,1042
129468,976,1042
129469,977,1041
129470,977,1035
129471,973,1033
129472,972,1033
129473,975,1036
129474,977,1036
129475,977,1036
129476,974,1035
129477,973,1032
129478,973,1035
129479,973,1038
129480,978,1039
129481,977,1037
129482,975,1037
129483,972,1038
129484,972,1037
129485,974,1038
129486,971,1042
129487,973,1042
129488,971,1041
129489,968,1035
129490,969,1032
129491,969,1033
129492,973,1036
129493,973,1040
129494,968,1041
129495,967,1041
129496,966,1043
129497,968,1042
129498,971,1040
129499,971,1039
129500,970,1035
129501,968,1032
129502,966,1031
129503,969,1033
129504,971,1040
129505,972,1040
129506,971,1039
129507,970,1040
129508,967,1043
129509,968,1045
129510,970,1045
129511,971,1044
129512,970,1041
129513,966,1039
129514,967,1041
129515,969,1044
129516,973,1047
129517,972,1043
129518,969,1040
129519,967,1040
129520,968,1040
129521,968,1041
129522,972,1042
129523,972,1044
129524,968,1041
129525,966,1041
129526,968,1046
129527,969,1054
129528,972,1056
129529,972,1055
129530,970,1048
129531,970,1041
129532,971,1035
129533,975,1031
129534,980,1030
129535,981,1028
129536,977,1026
129537,974,1028
129538,970,1030
129539,972,1030
129540,974,1032
129541,971,1033
129542,970,1032
129543,967,1033
129544,969,1034
129545,969,1039
129546,974,1041
129547,973,1035
129548,970,1034
129549,966,1034
129550,963,1038
129551,966,1044
129552,973,1047
129553,975,1043
129554,976,1037
129555,974,1035
129556,977,1035
129557,977,1039
129558,979,1042
129559,977,1044
129560,978,1048
129561,978,1042
129562,984,1039
129563,989,1036
129564,1003,1028
129565,1015,1023
129566,1032,1017
129567,1051,1013
129568,1080,1012
129569,1111,1009
129570,1145,1004
129571,1177,995
129572,1209,987
129573,1235,985
129574,1259,994
129575,1275,1009
129576,1275,1021
129577,1251,1028
129578,1205,1028
129579,1148,1032
129580,1087,1041
129581,1032,1058
129582,983,1071
129583,949,1077
129584,938,1075
129585,942,1065
129586,955,1057
129587,967,1053
129588,973,1050
129589,971,1048
129590,967,1047
129591,963,1046
129592,967,1039
129593,971,1035
129594,968,1034
129595,968,1030
129596,966,1028
129597,962,1030
129598,961,1032
129599,961,1036
129600,962,1037
129601,958,1037
129602,956,1034
129603,954,1032
129604,951,1036
129605,957,1038
129606,958,1043
129607,960,1045
129608,956,1044
129609,952,1044
129610,950,1051
129611,952,1051
129612,956,1051
129613,955,1043
129614,956,1035
129615,954,1025
129616,952,1024
129617,956,1026
129618,954,1031
129619,949,1036
129620,948,1036
129621,946,1037
129622,949,1041
129623,953,1042
129624,957,1042
129625,958,1035
129626,955,1027
129627,951,1026
129628,950,1028
129629,954,1032
129630,957,1034
129631,958,1035
129632,958,1030
129633,959,1030
129634,959,1029
129635,960,1032
129636,966,1033
129637,965,1033
129638,965,1032
129639,960,1026
129640,963,1029
129641,966,1028
129642,969,1032
129643,972,1031
129644,971,1031
129645,969,1031
129646,970,1034
129647,976,1030
129648,977,1026
129649,978,1019
129650,979,1011
129651,976,1009
129652,978,1006
129653,983,1007
129654,987,1011
129655,989,1014
129656,988,1009
129657,983,1010
129658,984,1016
129659,986,1015
129660,991,1013
129661,993,1006
129662,993,1000
129663,992,997
129664,996,997
129665,996,997
129666,997,1001
129667,1000,1003
129668,998,1002
129669,996,1001
129670,996,1001
129671,999,1003
129672,1002,1007
129673,1006,1007
129674,1001,1005
129675,1000,1003
129676,998,1008
129677,1001,1015
129678,1004,1016
129679,1003,1016
129680,1002,1014
129681,997,1010
129682,995,1014
129683,994,1021
129684,996,1025
129685,994,1027
129686,988,1031
129687,979,1036
129688,979,1045
129689,978,1056
129690,982,1060
129691,984,1054
129692,982,1040
129693,984,1027
129694,982,1019
129695,981,1019
129696,980,1023
129697,980,1023
129698,976,1024
129699,973,1028
129700,973,1033
129701,976,1035
129702,976,1039
129703,976,1039
129704,973,1037
129705,971,1036
129706,969,1039
129707,970,1040
129708,975,1043
129709,974,1040
129710,972,1040
129711,971,1034
129712,971,1040
129713,973,1040
129714,974,1040
129715,972,1039
129716,971,1034
129717,970,1036
129718,971,1033
129719,975,1037
129720,979,1038
129721,977,1037
129722,979,1033
129723,976,1032
129724,972,1034
129725,975,1038
129726,977,1039
129727,979,1040
129728,975,1038
129729,972,1040
129730,974,1046
129731,976,1051
129732,978,1050
129733,980,1045
129734,978,1036
129735,976,1031
129736,976,1032
129737,976,1033
129738,979,1037
129739,977,1038
129740,978,1034
129741,979,1030
129742,978,1025
129743,983,1022
129744,985,1023
129745,981,1021
129746,978,1023
129747,974,1020
129748,976,1025
129749,980,1026
129750,984,1031
129751,985,1030
129752,982,1027
129753,974,1027
129754,972,1030
129755,971,1027
129756,975,1034
129757,974,1032
129758,974,1027
129759,971,1026
129760,972,1028
129761,972,1033
129762,974,1032
129763,976,1032
129764,972,1031
129765,971,1031
129766,972,1033
129767,975,1034
129768,978,1036
129769,977,1036
129770,973,1035
129771,970,1030
129772,970,1037
129773,970,1037
129774,973,1041
129775,972,1040
129776,972,1035
129777,970,1035
129778,970,1032
129779,969,1039
129780,971,1042
129781,970,1045
129782,968,1048
129783,966,1052
129784,967,1054
129785,973,1050
129786,975,1043
129787,981,1034
129788,978,1027
129789,976,1022
129790,974,1027
129791,976,1034
129792,980,1035
129793,980,1036
129794,978,1034
129795,977,1030
129796,978,1031
129797,981,1031
129798,985,1033
129799,988,1030
129800,995,1025
129801,1009,1018
129802,1027,1016
129803,1047,1017
129804,1079,1012
129805,1114,1004
129806,1149,992
129807,1185,981
129808,1222,980
129809,1256,984
129810,1280,995
129811,1283,1008
129812,1258,1015
129813,1209,1016
129814,1146,1023
129815,1085,1038
129816,1027,1053
129817,976,1057
129818,946,1060
129819,938,1058
129820,948,1053
129821,960,1046
129822,970,1043
129823,973,1038
129824,969,1031
129825,966,1026
129826,964,1028
129827,962,1028
129828,961,1033
129829,957,1041
129830,954,1048
129831,955,1055
129832,959,1047
129833,963,1036
129834,968,1023
129835,963,1016
129836,954,1016
129837,946,1017
129838,943,1021
129839,945,1029
129840,946,1035
129841,950,1037
129842,949,1038
129843,944,1036
129844,944,1037
129845,949,1033
129846,951,1029
129847,951,1030
129848,947,1026
129849,946,1025
129850,945,1031
129851,945,1036
129852,948,1037
129853,948,1038
129854,947,1037
129855,945,1037
129856,946,1041
129857,952,1039
129858,956,1034
129859,954,1031
129860,955,1026
129861,953,1025
129862,953,1027
129863,955,1029
129864,960,1032
129865,960,1028
129866,957,1027
129867,954,1027
129868,957,1024
129869,959,1024
129870,964,1026
129871,967,1024
129872,966,1021
129873,963,1023
129874,963,1024
129875,967,1031
129876,971,1037
129877,973,1035
129878,974,1030
129879,973,1021
129880,976,1012
129881,982,1008
129882,985,1006
129883,986,1010
129884,983,1016
129885,981,1020
129886,979,1019
129887,983,1011
129888,989,1000
129889,991,992
129890,987,991
129891,986,992
129892,985,992
129893,992,995
129894,992,997
129895,988,995
129896,987,995
129897,984,990
129898,982,994
129899,987,995
129900,994,996
129901,994,994
129902,998,994
129903,996,997
129904,995,1000
129905,997,1005
129906,997,1002
129907,995,1000
129908,997,995
129909,996,995
129910,998,997
129911,998,1000
129912,1000,1002
129913,1001,1006
129914,998,1006
129915,995,1008
129916,988,1014
129917,992,1017
129918,990,1022
129919,989,1022
129920,985,1022
129921,981,1020
129922,977,1027
129923,977,1031
129924,979,1038
129925,976,1045
129926,972,1049
129927,969,1053
129928,970,1054
129929,972,1050
129930,975,1038
129931,977,1029
129932,973,1025
129933,967,1022
129934,967,1025
129935,967,1027
129936,970,1027
129937,971,1030
129938,968,1029
129939,964,1029
129940,962,1032
129941,964,1036
129942,968,1036
129943,971,1037
129944,969,1034
129945,963,1035
129946,964,1038
129947,965,1039
129948,973,1040
129949,971,1033
129950,968,1029
129951,964,1030
129952,966,1031
129953,969,1037
129954,973,1043
129955,972,1043
129956,973,1039
129957,970,1038
129958,970,1044
129959,976,1047
129960,984,1040
129961,987,1024
129962,988,1009
129963,982,1005
129964,975,1009
129965,972,1015
129966,973,1022
129967,974,1025
129968,973,1025
129969,972,1025
129970,972,1026
129971,973,1031
129972,979,1034
129973,978,1034
129974,972,1032
129975,971,1031
129976,971,1033
129977,973,1036
129978,973,1035
129979,976,1035
129980,975,1031
129981,973,1031
129982,968,1033
129983,971,1037
129984,975,1040
129985,975,1040
129986,974,1034
129987,974,1029
129988,974,1027
129989,973,1029
129990,976,1031
129991,979,1030
129992,975,1030
129993,973,1026
129994,972,1028
129995,974,1033
129996,978,1036
129997,977,1034
129998,974,1035
129999,970,1037
130000,968,1037
130001,972,1038
130002,975,1032
130003,977,1026
130004,973,1024
130005,971,1023
130006,968,1027
130007,970,1033
130008,971,1037
130009,971,1041
130010,968,1044
130011,966,1047
130012,969,1045
130013,971,1038
130014,976,1031
130015,975,1023
130016,973,1020
130017,967,1020
130018,967,1023
130019,970,1029
130020,973,1030
130021,977,1029
130022,975,1026
130023,972,1030
130024,969,1038
130025,975,1046
130026,977,1045
130027,977,1039
130028,976,1029
130029,971,1021
130030,974,1020
130031,973,1024
130032,975,1025
130033,971,1028
130034,969,1027
130035,965,1032
130036,965,1039
130037,969,1042
130038,971,1042
130039,970,1039
130040,971,1035
130041,968,1032
130042,967,1031
130043,973,1033
130044,975,1033
130045,971,1031
130046,970,1024
130047,967,1018
130048,971,1017
130049,973,1020
130050,972,1024
130051,972,1024
130052,971,1023
130053,970,1023
130054,970,1025
130055,975,1026
130056,976,1031
130057,977,1028
130058,975,1025
130059,974,1028
130060,976,1029
130061,978,1031
130062,982,1034
130063,986,1032
130064,990,1026
130065,994,1024
130066,1004,1023
130067,1023,1025
130068,1043,1023
130069,1066,1020
130070,1089,1012
130071,1114,1001
130072,1145,988
130073,1180,984
130074,1214,985
130075,1242,993
130076,1252,1007
130077,1235,1022
130078,1202,1034
130079,1156,1039
130080,1105,1049
130081,1053,1052
130082,1007,1055
130083,971,1061
130084,955,1064
130085,962,1064
130086,975,1058
130087,982,1050
130088,982,1038
130089,976,1029
130090,970,1026
130091,967,1020
130092,969,1017
130093,968,1015
130094,963,1015
130095,959,1018
130096,957,1025
130097,956,1032
130098,955,1038
130099,957,1036
130100,955,1031
130101,953,1025
130102,953,1025
130103,955,1027
130104,960,1029
130105,958,1028
130106,953,1026
130107,949,1020
130108,948,1022
130109,951,1029
130110,954,1032
130111,955,1035
130112,954,1039
130113,949,1050
130114,953,1054
130115,957,1047
130116,961,1034
130117,962,1025
130118,958,1020
130119,958,1022
130120,957,1025
130121,960,1027
130122,965,1027
130123,964,1026
130124,962,1027
130125,958,1030
130126,958,1030
130127,964,1029
130128,968,1028
130129,968,1022
130130,965,1017
130131,963,1018
130132,962,1021
130133,964,1022
130134,969,1023
130135,969,1020
130136,967,1023
130137,964,1019
130138,967,1020
130139,971,1020
130140,975,1019
130141,979,1019
130142,976,1016
130143,977,1011
130144,978,1012
130145,979,1016
130146,980,1015
130147,977,1017
130148,975,1013
130149,976,1009
130150,981,1011
130151,983,1016
130152,991,1023
130153,991,1023
130154,991,1009
130155,990,992
130156,992,986
130157,994,989
130158,997,993
130159,996,1000
130160,994,1006
130161,995,1010
130162,997,1010
130163,1003,1002
130164,1006,995
130165,1008,989
130166,1007,987
130167,1004,993
130168,1005,996
130169,1006,1003
130170,1010,1007
130171,1011,1006
130172,1008,1003
130173,1006,999
130174,1006,997
130175,1007,1000
130176,1009,1005
130177,1006,1006
130178,1004,1005
130179,999,1007
130180,999,1011
130181,1001,1016
130182,1001,1019
130183,997,1021
130184,992,1018
130185,990,1020
130186,986,1022
130187,985,1029
130188,987,1034
130189,985,1042
130190,982,1037
130191,979,1033
130192,978,1024
130193,979,1023
130194,980,1020
130195,979,1021
130196,976,1024
130197,974,1030
130198,974,1032
130199,977,1033
130200,979,1031
130201,972,1028
130202,967,1024
130203,964,1029
130204,963,1041
130205,966,1050
130206,969,1061
130207,970,1060
130208,973,1044
130209,973,1028
130210,973,1022
130211,972,1025
130212,978,1029
130213,977,1031
130214,975,1029
130215,976,1031
130216,975,1035
130217,979,1039
130218,980,1040
130219,981,1036
130220,981,1033
130221,979,1032
130222,977,1032
130223,977,1034
130224,986,1037
130225,982,1034
130226,981,1030
130227,976,1031
130228,978,1034
130229,980,1039
130230,982,1044
130231,980,1050
130232,978,1048
130233,977,1040
130234,980,1033
130235,982,1025
130236,985,1023
130237,983,1022
130238,978,1027
130239,978,1033
130240,977,1033
130241,982,1030
130242,984,1029
130243,981,1020
130244,981,1019
130245,976,1017
130246,975,1019
130247,976,1024
130248,976,1032
130249,973,1037
130250,970,1037
130251,969,1036
130252,967,1040
130253,968,1051
130254,970,1057
130255,973,1055
130256,974,1040
130257,973,1017
130258,971,1004
130259,973,1001
130260,974,1005
130261,975,1008
130262,973,1009
130263,969,1013
130264,970,1018
130265,973,1026
130266,977,1024
130267,977,1023
130268,974,1022
130269,971,1022
130270,972,1024
130271,975,1029
130272,977,1031
130273,976,1030
130274,976,1029
130275,974,1029
130276,975,1030
130277,978,1035
130278,982,1036
130279,982,1032
130280,980,1030
130281,976,1030
130282,978,1031
130283,981,1031
130284,983,1035
130285,983,1032
130286,982,1029
130287,980,1032
130288,983,1034
130289,985,1034
130290,988,1037
130291,992,1036
130292,992,1032
130293,994,1030
130294,1001,1030
130295,1012,1035
130296,1027,1038
130297,1041,1041
130298,1057,1037
130299,1076,1028
130300,1097,1018
130301,1120,1006
130302,1144,992
130303,1168,980
130304,1191,972
130305,1205,973
130306,1217,985
130307,1225,999
130308,1226,1010
130309,1206,1014
130310,1176,1013
130311,1136,1020
130312,1095,1028
130313,1060,1046
130314,1024,1053
130315,991,1056
130316,971,1053
130317,963,1051
130318,968,1046
130319,974,1042
130320,977,1035
130321,975,1031
130322,971,1027
130323,968,1029
130324,964,1033
130325,963,1037
130326,967,1035
130327,964,1036
130328,959,1034
130329,958,1032
130330,956,1033
130331,958,1036
130332,960,1036
130333,958,1039
130334,957,1035
130335,950,1036
130336,948,1037
130337,951,1039
130338,955,1044
130339,952,1046
130340,953,1049
130341,950,1048
130342,949,1043
130343,953,1039
130344,955,1034
130345,954,1034
130346,950,1029
130347,946,1033
130348,946,1037
130349,947,1050
130350,950,1059
130351,950,1060
130352,949,1048
130353,946,1033
130354,949,1026
130355,950,1019
130356,954,1020
130357,952,1016
130358,951,1015
130359,949,1011
130360,949,1011
130361,952,1013
130362,957,1017
130363,955,1018
130364,955,1015
130365,951,1018
130366,951,1020
130367,953,1023
130368,955,1024
130369,955,1023
130370,956,1020
130371,955,1020
130372,958,1021
130373,960,1025
130374,966,1024
130375,968,1021
130376,968,1018
130377,965,1017
130378,967,1019
130379,971,1020
130380,975,1018
130381,976,1014
130382,974,1007
130383,976,1009
130384,977,1008
130385,977,1010
130386,982,1013
130387,980,1009
130388,980,1004
130389,979,999
130390,978,1001
130391,979,1006
130392,985,1003
130393,985,1001
130394,986,995
130395,985,996
130396,986,997
130397,985,1000
130398,991,997
130399,990,996
130400,989,994
130401,989,991
130402,989,990
130403,992,989
130404,995,990
130405,993,985
130406,989,981
130407,987,982
130408,989,985
130409,990,986
130410,993,989
130411,989,992
130412,987,989
130413,983,993
130414,984,994
130415,985,998
130416,985,1003
130417,986,1003
130418,981,1004
130419,975,1005
130420,976,1014
130421,978,1018
130422,979,1023
130423,978,1025
130424,975,1025
130425,969,1027
130426,969,1029
130427,969,1032
130428,971,1032
130429,968,1032
130430,967,1033
130431,965,1037
130432,966,1041
130433,967,1045
130434,969,1046
130435,969,1042
130436,966,1036
130437,961,1037
130438,960,1038
130439,960,1042
130440,962,1043
130441,964,1041
130442,962,1040
130443,958,1035
130444,960,1032
130445,958,1033
130446,964,1034
130447,964,1035
130448,959,1032
130449,958,1033
130450,959,1036
130451,962,1032
130452,967,1029
130453,967,1030
130454,965,1027
130455,963,1025
130456,959,1029
130457,960,1032
130458,963,1035
130459,964,1031
130460,960,1026
130461,959,1024
130462,959,1025
130463,962,1028
130464,965,1030
130465,964,1030
130466,962,1027
130467,962,1026
130468,961,1029
130469,963,1031
130470,966,1032
130471,964,1032
130472,963,1031
130473,964,1028
130474,964,1033
130475,963,1034
130476,965,1034
130477,968,1031
130478,967,1029
130479,964,1027
130480,965,1032
130481,967,1033
130482,967,1036
130483,969,1035
130484,966,1036
130485,965,1039
130486,964,1042
130487,965,1046
130488,970,1048
130489,969,1041
130490,964,1032
130491,964,1024
130492,965,1026
130493,967,1027
130494,972,1030
130495,971,1027
130496,970,1024
130497,968,1022
130498,965,1029
130499,966,1034
130500,969,1036
130501,968,1031
130502,966,1026
130503,964,1022
130504,965,1023
130505,967,1026
130506,968,1030
130507,967,1029
130508,960,1030
130509,959,1028
130510,960,1027
130511,964,1030
130512,968,1030
130513,967,1027
130514,964,1025
130515,961,1025
130516,961,1032
130517,965,1034
130518,969,1031
130519,969,1031
130520,969,1028
130521,968,1029
130522,968,1031
130523,972,1036
130524,977,1036
130525,976,1033
130526,975,1028
130527,973,1024
130528,975,1025
130529,979,1031
130530,985,1029
130531,985,1027
130532,985,1024
130533,987,1022
130534,991,1022
130535,999,1024
130536,1008,1025
130537,1017,1021
130538,1030,1020
130539,1043,1016
130540,1063,1010
130541,1092,1004
130542,1119,992
130543,1141,985
130544,1165,982
130545,1180,994
130546,1191,1011
130547,1187,1027
130548,1170,1029
130549,1141,1028
130550,1103,1027
130551,1065,1038
130552,1029,1051
130553,997,1063
130554,976,1069
130555,963,1064
130556,962,1053
130557,963,1042
130558,963,1033
130559,967,1032
130560,967,1033
130561,963,1030
130562,960,1026
130563,956,1026
130564,956,1027
130565,958,1030
130566,959,1028
130567,957,1024
130568,953,1019
130569,950,1016
130570,946,1019
130571,949,1022
130572,952,1021
130573,950,1021
130574,947,1020
130575,942,1022
130576,943,1025
130577,944,1027
130578,948,1032
130579,948,1027
130580,945,1028
130581,944,1029
130582,943,1030
130583,945,1033
130584,948,1035
130585,949,1031
130586,944,1026
130587,946,1026
130588,946,1026
130589,949,1031
130590,949,1034
130591,947,1032
130592,945,1031
130593,944,1030
130594,944,1036
130595,945,1035
130596,948,1034
130597,946,1033
130598,942,1029
130599,942,1028
130600,942,1031
130601,943,1032
130602,944,1033
130603,945,1033
130604,943,1030
130605,939,1032
130606,944,1031
130607,948,1031
130608,953,1028
130609,956,1021
130610,955,1012
130611,954,1013
130612,953,1014
130613,953,1018
130614,956,1021
130615,955,1020
130616,953,1014
130617,952,1012
130618,954,1010
130619,954,1009
130620,958,1008
130621,959,1007
130622,955,1004
130623,953,1002
130624,956,1006
130625,958,1004
130626,963,1007
130627,964,1003
130628,963,998
130629,962,995
130630,967,995
130631,969,999
130632,974,995
130633,973,995
130634,972,989
130635,970,990
130636,972,992
130637,978,991
130638,980,991
130639,980,990
130640,981,987
130641,980,984
130642,981,987
130643,981,991
130644,984,989
130645,986,983
130646,983,982
130647,981,982
130648,983,982
130649,988,985
130650,992,983
130651,993,981
130652,990,980
130653,988,980
130654,988,985
130655,991,988
130656,993,991
130657,991,993
130658,986,994
130659,984,994
130660,981,1000
130661,986,1007
130662,988,1008
130663,985,1007
130664,982,1007
130665,979,1009
130666,977,1011
130667,979,1016
130668,982,1016
130669,978,1017
130670,973,1020
130671,971,1019
130672,970,1021
130673,971,1026
130674,971,1023
130675,972,1024
130676,967,1021
130677,965,1025
130678,964,1029
130679,966,1035
130680,967,1038
130681,965,1036
130682,965,1037
130683,961,1036
130684,959,1041
130685,961,1041
130686,962,1041
130687,965,1036
130688,967,1036
130689,964,1037
130690,966,1040
130691,966,1039
130692,970,1036
130693,971,1032
130694,971,1025
130695,969,1022
130696,972,1025
130697,974,1030
130698,974,1033
130699,971,1033
130700,971,1031
130701,972,1030
130702,971,1032
130703,975,1034
130704,979,1033
130705,980,1031
130706,978,1027
130707,979,1025
130708,985,1028
130709,995,1027
130710,1000,1033
130711,1002,1030
130712,1001,1030
130713,1003,1031
130714,1010,1034
130715,1024,1035
130716,1036,1027
130717,1048,1014
130718,1055,997
130719,1066,980
130720,1079,971
130721,1094,962
130722,1109,947
130723,1119,932
130724,1128,916
130725,1138,901
130726,1153,887
130727,1171,872
130728,1183,856
130729,1192,844
130730,1201,830
130731,1208,822
130732,1213,817
130733,1212,818
130734,1216,819
130735,1211,819
130736,1207,816
130737,1203,816
130738,1194,818
130739,1189,821
130740,1183,826
130741,1169,828
130742,1155,835
130743,1135,842
130744,1118,856
130745,1104,870
130746,1091,879
130747,1075,887
130748,1061,889
130749,1048,899
130750,1045,911
130751,1042,925
130752,1040,934
130753,1034,942
130754,1028,948
130755,1022,955
130756,1023,967
130757,1024,974
130758,1029,980
130759,1034,984
130760,1038,983
130761,1041,987
130762,1037,991
130763,1027,995
130764,1006,1001
130765,980,1008
130766,956,1013
130767,938,1024
130768,928,1040
130769,925,1050
130770,921,1058
130771,914,1063
130772,908,1061
130773,904,1064
130774,903,1070
130775,901,1076
130776,900,1076
130777,895,1072
130778,889,1073
130779,883,1073
130780,882,1080
130781,884,1086
130782,885,1087
130783,879,1087
130784,876,1086
130785,874,1088
130786,874,1091
130787,875,1093
130788,876,1093
130789,874,1093
130790,873,1093
130791,866,1095
130792,867,1101
130793,868,1102
130794,869,1106
130795,870,1108
130796,863,1109
130797,861,1112
130798,861,1117
130799,863,1116
130800,867,1119
130801,865,1119
130802,860,1114
130803,856,1115
130804,857,1118
130805,858,1124
130806,859,1130
130807,859,1131
130808,854,1130
130809,851,1129
130810,849,1129
130811,852,1132
130812,852,1133
130813,852,1131
130814,850,1133
130815,845,1136
130816,845,1141
130817,845,1147
130818,847,1153
130819,846,1150
130820,846,1149
130821,844,1150
130822,844,1151
130823,845,1152
130824,847,1154
130825,849,1150
130826,849,1151
130827,848,1151
130828,850,1153
130829,853,1156
130830,857,1153
130831,857,1150
130832,856,1146
130833,855,1144
130834,858,1148
130835,860,1148
130836,867,1147
130837,871,1142
130838,874,1136
130839,871,1132
130840,875,1132
130841,880,1130
130842,887,1128
130843,889,1125
130844,890,1118
130845,892,1117
130846,896,1113
130847,897,1111
130848,904,1108
130849,906,1102
130850,909,1097
130851,912,1093
130852,917,1092
130853,922,1094
130854,929,1092
130855,929,1086
130856,932,1080
130857,930,1078
130858,933,1077
130859,940,1072
130860,946,1069
130861,946,1064
130862,943,1059
130863,941,1062
130864,945,1065
130865,947,1064
130866,952,1057
130867,953,1050
130868,953,1043
130869,952,1037
130870,953,1041
130871,957,1044
130872,960,1043
130873,960,1042
130874,956,1038
130875,953,1037
130876,957,1039
130877,960,1041
130878,961,1038
130879,962,1035
130880,959,1031
130881,955,1030
130882,958,1032
130883,959,1034
130884,962,1032
130885,961,1031
130886,959,1027
130887,957,1028
130888,955,1031
130889,960,1032
130890,962,1033
130891,961,1032
130892,959,1026
130893,955,1026
130894,954,1027
130895,955,1033
130896,959,1031
130897,959,1028
130898,957,1027
130899,953,1027
130900,955,1033
130901,959,1035
130902,960,1030
130903,960,1027
130904,961,1021
130905,958,1020
130906,963,1022
130907,963,1026
130908,967,1028
130909,969,1026
130910,966,1019
130911,964,1020
130912,966,1022
130913,967,1025
130914,973,1026
130915,974,1026
130916,973,1023
130917,968,1023
130918,969,1025
130919,972,1027
130920,975,1031
130921,970,1029
130922,967,1028
130923,969,1030
130924,967,1032
130925,969,1036
130926,972,1037
130927,970,1033
130928,966,1032
130929,963,1029
130930,965,1028
130931,965,1030
130932,967,1029
130933,967,1026
130934,964,1024
130935,963,1022
130936,961,1024
130937,962,1024
130938,966,1025
130939,968,1022
130940,969,1020
130941,965,1020
130942,961,1019
130943,961,1019
130944,965,1019
130945,961,1016
130946,962,1015
130947,962,1018
130948,961,1021
130949,964,1021
130950,968,1021
130951,968,1019
130952,965,1019
130953,963,1019
130954,964,1024
130955,965,1025
130956,972,1025
130957,971,1021
130958,967,1019
130959,967,1020
130960,969,1023
130961,968,1025
130962,970,1025
130963,969,1024
130964,969,1023
130965,966,1022
130966,968,1025
130967,969,1028
130968,970,1030
130969,972,1032
130970,969,1033
130971,966,1031
130972,964,1034
130973,968,1037
130974,969,1038
130975,969,1030
130976,965,1025
130977,965,1026
130978,965,1027
130979,968,1028
130980,969,1025
130981,968,1021
130982,964,1017
130983,959,1015
130984,957,1019
130985,960,1023
130986,961,1026
130987,962,1027
130988,960,1024
130989,958,1023
130990,962,1021
130991,964,1020
130992,966,1014
130993,963,1014
130994,958,1011
130995,955,1011
130996,957,1016
130997,961,1017
130998,964,1022
130999,963,1019
131000,962,1018
131001,961,1017
131002,959,1021
131003,965,1025
131004,968,1024
131005,966,1020
131006,966,1017
131007,963,1017
131008,966,1017
131009,969,1022
131010,974,1022
131011,974,1021
131012,971,1021
131013,968,1023
131014,966,1027
131015,971,1031
131016,974,1031
131017,974,1026
131018,971,1021
131019,970,1019
131020,970,1022
131021,973,1026
131022,977,1025
131023,974,1029
131024,972,1028
131025,970,1031
131026,968,1031
131027,973,1029
131028,975,1027
131029,975,1024
131030,972,1022
131031,969,1020
131032,970,1022
131033,971,1022
131034,971,1020
131035,970,1020
131036,967,1021
131037,962,1019
131038,966,1020
131039,970,1019
131040,974,1020
131041,975,1016
131042,972,1015
131043,967,1016
131044,968,1019
131045,969,1020
131046,970,1021
131047,970,1022
131048,970,1022
131049,965,1025
131050,965,1030
131051,971,1029
131052,974,1030
131053,975,1027
131054,973,1023
131055,971,1023
131056,971,1022
131057,975,1025
131058,979,1025
131059,977,1019
131060,976,1019
131061,974,1017
131062,977,1022
131063,979,1025
131064,979,1027
131065,977,1026
131066,974,1026
131067,974,1027
131068,976,1029
131069,974,1036
131070,979,1034
131071,979,1028
131072,983,1017
131073,979,1010
131074,980,1009
131075,981,1009
131076,982,1008
131077,979,1009
131078,978,1009
131079,978,1011
131080,979,1013
131081,983,1015
131082,988,1016
131083,984,1014
131084,985,1012
131085,982,1012
131086,986,1018
131087,993,1016
131088,1002,1012
131089,1012,1007
131090,1020,1001
131091,1036,1003
131092,1056,1000
131093,1083,997
131094,1116,988
131095,1146,979
131096,1172,973
131097,1197,970
131098,1224,974
131099,1256,979
131100,1273,990
131101,1274,1002
131102,1254,1007
131103,1214,1011
131104,1165,1016
131105,1121,1025
131106,1076,1035
131107,1029,1042
131108,990,1043
131109,969,1044
131110,966,1040
131111,974,1037
131112,984,1030
131113,983,1021
131114,982,1015
131115,978,1015
131116,978,1011
131117,978,1017
131118,979,1014
131119,975,1013
131120,969,1014
131121,966,1017
131122,965,1021
131123,966,1024
131124,967,1026
131125,964,1020
131126,963,1016
131127,957,1009
131128,958,1011
131129,959,1013
131130,959,1014
131131,959,1014
131132,955,1012
131133,952,1018
131134,952,1023
131135,958,1026
131136,961,1029
131137,961,1024
131138,958,1020
131139,953,1020
131140,954,1020
131141,954,1021
131142,956,1022
131143,956,1018
131144,955,1016
131145,953,1015
131146,954,1016
131147,957,1022
131148,959,1022
131149,959,1022
131150,957,1020
131151,953,1023
131152,956,1023
131153,959,1026
131154,963,1025
131155,961,1024
131156,959,1023
131157,959,1024
131158,957,1028
131159,963,1030
131160,966,1030
131161,963,1027
131162,961,1025
131163,960,1025
131164,961,1021
131165,965,1020
131166,969,1011
131167,968,1008
131168,966,1005
131169,969,1003
131170,969,1006
131171,973,1007
131172,977,1009
131173,976,1005
131174,973,1000
131175,975,998
131176,974,1000
131177,979,1000
131178,982,1001
131179,983,999
131180,978,998
131181,977,995
131182,978,997
131183,984,1000
131184,985,1002
131185,987,1002
131186,988,997
131187,986,996
131188,990,998
131189,993,999
131190,996,994
131191,1000,985
131192,997,981
131193,993,980
131194,996,986
131195,999,992
131196,1003,996
131197,999,996
131198,1000,993
131199,1002,989
131200,1006,987
131201,1009,985
131202,1014,984
131203,1014,982
131204,1012,979
131205,1011,979
131206,1010,985
131207,1016,986
131208,1022,986
131209,1021,986
131210,1020,983
131211,1020,983
131212,1021,984
131213,1021,989
131214,1023,991
131215,1020,994
131216,1017,993
131217,1015,999
131218,1012,1004
131219,1015,1009
131220,1017,1011
131221,1013,1008
131222,1010,1005
131223,1007,1003
131224,1004,1003
131225,1003,1010
131226,1005,1009
131227,1001,1008
131228,996,1007
131229,992,1012
131230,990,1016
131231,991,1023
131232,991,1025
131233,987,1026
131234,985,1023
131235,981,1021
131236,978,1017
131237,983,1017
131238,986,1016
131239,982,1015
131240,980,1012
131241,977,1012
131242,972,1018
131243,977,1019
131244,979,1023
131245,978,1022
131246,978,1022
131247,973,1023
131248,975,1030
131249,977,1033
131250,978,1028
131251,979,1031
131252,976,1027
131253,975,1029
131254,980,1027
131255,981,1028
131256,985,1024
131257,984,1023
131258,983,1020
131259,979,1017
131260,981,1017
131261,985,1020
131262,988,1021
131263,988,1020
131264,986,1017
131265,986,1013
131266,985,1017
131267,987,1020
131268,989,1019
131269,988,1016
131270,984,1013
131271,984,1014
131272,984,1017
131273,983,1020
131274,986,1020
131275,985,1013
131276,982,1009
131277,981,1007
131278,983,1011
131279,985,1014
131280,986,1011
131281,985,1012
131282,982,1011
131283,980,1012
131284,978,1015
131285,981,1019
131286,981,1014
131287,979,1012
131288,975,1008
131289,975,1008
131290,977,1012
131291,979,1014
131292,980,1015
131293,979,1013
131294,976,1015
131295,975,1018
131296,975,1021
131297,978,1022
131298,979,1019
131299,978,1015
131300,975,1013
131301,974,1016
131302,973,1019
131303,977,1021
131304,977,1024
131305,979,1025
131306,975,1023
131307,973,1022
131308,975,1019
131309,979,1018
131310,981,1020
131311,980,1020
131312,978,1019
131313,975,1019
131314,978,1024
131315,980,1024
131316,981,1019
131317,981,1015
131318,977,1009
131319,973,1008
131320,975,1010
131321,979,1016
131322,979,1019
131323,979,1022
131324,975,1022
131325,974,1021
131326,978,1020
131327,977,1020
131328,981,1015
131329,977,1014
131330,974,1013
131331,973,1015
131332,975,1016
131333,977,1018
131334,978,1017
131335,976,1015
131336,971,1012
131337,968,1014
131338,969,1019
131339,973,1020
131340,977,1019
131341,978,1013
131342,977,1009
131343,976,1009
131344,977,1011
131345,977,1016
131346,979,1018
131347,977,1017
131348,976,1020
131349,976,1020
131350,980,1023
131351,984,1026
131352,985,1023
131353,984,1022
131354,979,1016
131355,979,1017
131356,989,1017
131357,1001,1016
131358,1018,1013
131359,1032,1013
131360,1050,1010
131361,1072,1010
131362,1106,1005
131363,1139,997
131364,1178,987
131365,1213,979
131366,1240,978
131367,1261,984
131368,1272,993
131369,1256,1000
131370,1228,1004
131371,1177,1006
131372,1123,1014
131373,1066,1027
131374,1015,1039
131375,976,1048
131376,958,1051
131377,951,1049
131378,956,1037
131379,964,1031
131380,968,1023
131381,971,1023
131382,972,1022
131383,969,1025
131384,965,1026
131385,961,1024
131386,958,1023
131387,961,1023
131388,962,1019
131389,959,1014
131390,954,1010
131391,951,1008
131392,953,1011
131393,954,1015
131394,956,1017
131395,955,1017
131396,951,1016
131397,949,1016
131398,950,1022
131399,953,1025
131400,954,1029
131401,951,1026
131402,950,1022
131403,949,1020
131404,948,1018
131405,953,1019
131406,953,1019
131407,954,1019
131408,952,1018
131409,951,1015
131410,954,1016
131411,956,1019
131412,959,1019
131413,957,1020
131414,954,1016
131415,952,1019
131416,954,1025
131417,955,1028
131418,958,1028
131419,958,1024
131420,956,1018
131421,956,1016
131422,955,1017
131423,959,1020
131424,961,1020
131425,958,1017
131426,956,1014
131427,953,1012
131428,956,1014
131429,959,1018
131430,962,1018
131431,963,1014
131432,962,1010
131433,960,1011
131434,963,1015
131435,965,1020
131436,966,1026
131437,966,1025
131438,965,1018
131439,963,1011
131440,964,1010
131441,972,1008
131442,978,1003
131443,978,1001
131444,977,995
131445,978,997
131446,980,996
131447,983,991
131448,988,987
131449,988,983
131450,986,978
131451,984,980
131452,985,983
131453,989,984
131454,994,983
131455,990,981
131456,988,978
131457,985,980
131458,987,982
131459,991,986
131460,992,986
131461,993,983
131462,992,983
131463,991,983
131464,993,986
131465,993,993
131466,999,991
131467,998,990
131468,995,991
131469,990,996
131470,991,1000
131471,994,1006
131472,996,1007
131473,993,1010
131474,989,1011
131475,983,1010
131476,983,1015
131477,985,1021
131478,985,1022
131479,984,1026
131480,980,1027
131481,979,1027
131482,976,1026
131483,978,1023
131484,977,1021
131485,975,1018
131486,973,1022
131487,967,1025
131488,967,1027
131489,972,1027
131490,973,1021
131491,972,1019
131492,969,1020
131493,966,1019
131494,967,1024
131495,966,1026
131496,971,1024
131497,966,1022
131498,965,1021
131499,963,1022
131500,965,1023
131501,967,1025
131502,970,1022
131503,968,1023
131504,964,1021
131505,963,1021
131506,966,1026
131507,968,1027
131508,972,1029
131509,973,1031
131510,967,1029
131511,968,1029
131512,970,1029
131513,971,1032
131514,971,1029
131515,974,1029
131516,971,1027
131517,973,1028
131518,974,1032
131519,978,1034
131520,984,1031
131521,987,1031
131522,989,1031
131523,992,1034
131524,994,1041
131525,999,1047
131526,1005,1045
131527,1006,1041
131528,1012,1034
131529,1018,1029
131530,1033,1024
131531,1047,1015
131532,1061,996
131533,1072,980
131534,1082,966
131535,1095,954
131536,1111,943
131537,1128,931
131538,1147,916
131539,1163,892
131540,1177,869
131541,1192,852
131542,1204,834
131543,1217,827
131544,1227,821
131545,1227,814
131546,1221,811
131547,1219,809
131548,1219,813
131549,1216,812
131550,1211,808
131551,1201,805
131552,1185,805
131553,1169,810
131554,1149,816
131555,1131,827
131556,1113,836
131557,1089,846
131558,1067,858
131559,1047,869
131560,1035,881
131561,1033,897
131562,1029,905
131563,1028,914
131564,1022,923
131565,1014,934
131566,1012,948
131567,1017,961
131568,1029,968
131569,1040,975
131570,1054,979
131571,1065,979
131572,1068,983
131573,1059,992
131574,1035,996
131575,999,1003
131576,969,1009
131577,944,1020
131578,931,1038
131579,929,1055
131580,927,1064
131581,921,1069
131582,915,1071
131583,909,1074
131584,905,1077
131585,904,1082
131586,903,1083
131587,897,1086
131588,891,1085
131589,888,1086
131590,888,1092
131591,889,1095
131592,890,1093
131593,886,1088
131594,882,1088
131595,879,1091
131596,878,1092
131597,880,1098
131598,881,1102
131599,877,1103
131600,876,1103
131601,875,1110
131602,874,1113
131603,875,1116
131604,876,1120
131605,874,1120
131606,870,1120
131607,867,1125
131608,867,1131
131609,867,1140
131610,866,1145
131611,862,1146
131612,862,1143
131613,860,1139
131614,861,1141
131615,861,1146
131616,860,1149
131617,857,1150
131618,854,1151
131619,854,1154
131620,856,1160
131621,860,1165
131622,862,1169
131623,860,1168
131624,859,1166
131625,858,1167
131626,860,1168
131627,863,1174
131628,865,1174
131629,867,1174
131630,868,1173
131631,869,1176
131632,873,1179
131633,875,1179
131634,879,1178
131635,881,1176
131636,881,1174
131637,882,1176
131638,885,1175
131639,889,1172
131640,898,1169
131641,900,1164
131642,901,1157
131643,904,1155
131644,909,1155
131645,916,1156
131646,925,1149
131647,925,1142
131648,927,1129
131649,929,1123
131650,934,1117
131651,941,1115
131652,944,1111
131653,943,1109
131654,941,1100
131655,938,1100
131656,939,1100
131657,943,1099
131658,951,1095
131659,952,1085
131660,947,1077
131661,947,1072
131662,948,1072
131663,948,1074
131664,952,1071
131665,949,1066
131666,946,1061
131667,944,1059
131668,943,1057
131669,945,1061
131670,948,1060
131671,946,1057
131672,944,1054
131673,938,1055
131674,941,1057
131675,944,1054
131676,946,1051
131677,946,1047
131678,942,1046
131679,940,1049
131680,939,1048
131681,941,1050
131682,944,1049
131683,944,1045
131684,939,1041
131685,941,1041
131686,943,1043
131687,944,1041
131688,946,1040
131689,949,1038
131690,947,1036
131691,945,1032
131692,946,1038
131693,948,1038
131694,949,1040
131695,949,1038
131696,947,1036
131697,947,1040
131698,946,1044
131699,951,1045
131700,954,1042
131701,956,1041
131702,952,1036
131703,951,1035
131704,954,1035
131705,954,1036
131706,957,1034
131707,955,1034
131708,955,1030
131709,953,1031
131710,953,1034
131711,956,1038
131712,955,1038
131713,952,1034
131714,951,1034
131715,948,1035
131716,952,1038
131717,952,1042
131718,955,1041
131719,953,1038
131720,953,1035
131721,949,1036
131722,950,1037
131723,953,1041
131724,952,1042
131725,951,1039
131726,949,1036
131727,948,1034
131728,949,1037
131729,952,1039
131730,953,1036
131731,949,1037
131732,950,1034
131733,948,1030
131734,951,1029
131735,950,1028
131736,953,1026
131737,952,1029
131738,953,1028
131739,953,1030
131740,953,1031
131741,954,1034
131742,952,1030
131743,952,1030
131744,950,1029
131745,947,1029
131746,948,1030
131747,953,1027
131748,956,1025
131749,954,1024
131750,949,1027
131751,950,1029
131752,950,1033
131753,952,1036
131754,955,1039
131755,954,1040
131756,952,1042
131757,951,1043
131758,952,1044
131759,955,1044
131760,960,1041
131761,957,1035
131762,954,1034
131763,954,1037
131764,954,1043
131765,956,1048
131766,957,1046
131767,959,1044
131768,957,1039
131769,953,1039
131770,953,1036
131771,955,1033
131772,956,1031
131773,955,1032
131774,952,1030
131775,949,1032
131776,951,1033
131777,956,1039
131778,956,1037
131779,956,1036
131780,953,1032
131781,950,1029
131782,953,1030
131783,955,1033
131784,955,1030
131785,954,1034
131786,952,1032
131787,952,1035
131788,955,1039
131789,956,1042
131790,956,1037
131791,956,1037
131792,952,1035
131793,949,1037
131794,953,1043
131795,954,1043
131796,958,1039
131797,957,1035
131798,952,1031
131799,954,1032
131800,954,1033
131801,957,1037
131802,958,1037
131803,958,1037
131804,956,1034
131805,953,1036
131806,953,1041
131807,956,1042
131808,957,1043
131809,956,1039
131810,954,1036
131811,953,1035
131812,953,1037
131813,956,1038
131814,959,1036
131815,957,1030
131816,956,1029
131817,956,1030
131818,957,1033
131819,961,1038
131820,958,1038
131821,959,1038
131822,957,1037
131823,956,1037
131824,959,1036
131825,963,1034
131826,966,1033
131827,961,1031
131828,960,1030
131829,960,1031
131830,960,1036
131831,962,1039
131832,966,1035
131833,965,1033
131834,963,1033
131835,961,1034
131836,961,1038
131837,965,1039
131838,967,1037
131839,966,1035
131840,964,1032
131841,962,1034
131842,961,1039
131843,964,1044
131844,966,1045
131845,967,1044
131846,964,1041
131847,960,1041
131848,963,1041
131849,968,1043
131850,968,1042
131851,967,1037
131852,965,1036
131853,964,1036
131854,967,1038
131855,968,1040
131856,973,1040
131857,972,1037
131858,974,1035
131859,973,1034
131860,975,1032
131861,978,1031
131862,983,1026
131863,987,1028
131864,998,1023
131865,1008,1023
131866,1027,1020
131867,1049,1019
131868,1075,1012
131869,1100,1002
131870,1126,992
131871,1154,987
131872,1183,985
131873,1213,990
131874,1237,998
131875,1245,1012
131876,1230,1022
131877,1197,1031
131878,1147,1039
131879,1099,1043
131880,1056,1049
131881,1009,1052
131882,974,1053
131883,958,1055
131884,959,1052
131885,967,1051
131886,974,1044
131887,972,1039
131888,967,1037
131889,963,1039
131890,960,1041
131891,960,1047
131892,961,1046
131893,959,1047
131894,953,1042
131895,951,1037
131896,952,1039
131897,952,1041
131898,956,1040
131899,954,1041
131900,950,1037
131901,947,1038
131902,948,1040
131903,949,1043
131904,950,1039
131905,950,1035
131906,947,1032
131907,945,1038
131908,945,1040
131909,947,1044
131910,948,1043
131911,949,1042
131912,946,1042
131913,943,1040
131914,948,1044
131915,948,1046
131916,951,1045
131917,946,1041
131918,945,1042
131919,941,1042
131920,943,1046
131921,945,1047
131922,947,1049
131923,944,1047
131924,941,1046
131925,942,1046
131926,944,1046
131927,947,1044
131928,952,1039
131929,949,1036
131930,948,1035
131931,948,1037
131932,950,1038
131933,953,1041
131934,956,1038
131935,956,1037
131936,953,1033
131937,954,1033
131938,956,1034
131939,960,1035
131940,962,1034
131941,964,1031
131942,962,1029
131943,962,1031
131944,964,1032
131945,967,1032
131946,969,1028
131947,972,1025
131948,971,1022
131949,971,1020
131950,974,1019
131951,978,1017
131952,981,1014
131953,981,1012
131954,978,1010
131955,978,1010
131956,981,1014
131957,985,1016
131958,993,1015
131959,990,1015
131960,985,1014
131961,984,1012
131962,987,1018
131963,991,1018
131964,993,1017
131965,995,1016
131966,990,1013
131967,994,1010
131968,994,1008
131969,998,1014
131970,1001,1014
131971,1002,1012
131972,999,1008
131973,998,1008
131974,999,1014
131975,1005,1019
131976,1004,1017
131977,1004,1017
131978,1002,1018
131979,999,1021
131980,1000,1024
131981,1002,1028
131982,1002,1024
131983,1000,1024
131984,996,1022
131985,993,1025
131986,993,1028
131987,997,1034
131988,995,1036
131989,991,1035
131990,984,1035
131991,983,1039
131992,979,1040
131993,980,1044
131994,980,1043
131995,980,1041
131996,973,1038
131997,971,1038
131998,971,1044
131999,973,1049
132000,972,1051
132001,969,1049
132002,964,1045
132003,961,1048
132004,964,1051
132005,965,1053
132006,967,1055
132007,966,1052
132008,961,1049
132009,962,1051
132010,963,1051
132011,964,1051
132012,965,1052
132013,964,1048
132014,962,1047
132015,962,1046
132016,966,1047
132017,967,1048
132018,971,1048
132019,969,1046
132020,966,1043
132021,966,1044
132022,969,1046
132023,972,1046
132024,974,1043
132025,975,1040
132026,970,1042
132027,969,1039
132028,972,1040
132029,974,1041
132030,972,1041
132031,972,1040
132032,972,1039
132033,967,1040
132034,967,1043
132035,970,1046
132036,972,1044
132037,973,1044
132038,971,1040
132039,970,1039
132040,969,1041
132041,973,1043
132042,973,1045
132043,973,1043
132044,969,1040
132045,968,1042
132046,965,1043
132047,970,1049
132048,969,1045
132049,971,1042
132050,969,1040
132051,966,1042
132052,965,1046
132053,967,1052
132054,968,1054
132055,967,1054
132056,966,1048
132057,967,1041
132058,966,1040
132059,970,1039
132060,968,1039
132061,967,1033
132062,965,1028
132063,961,1031
132064,963,1036
132065,966,1042
132066,969,1041
132067,966,1039
132068,964,1039
132069,960,1038
132070,960,1043
132071,963,1046
132072,963,1046
132073,962,1044
132074,959,1041
132075,957,1041
132076,959,1044
132077,958,1048
132078,963,1047
132079,961,1044
132080,958,1042
132081,957,1043
132082,959,1045
132083,962,1046
132084,963,1047
132085,962,1044
132086,961,1041
132087,959,1042
132088,957,1045
132089,959,1047
132090,961,1045
132091,959,1044
132092,956,1042
132093,955,1043
132094,957,1047
132095,957,1050
132096,961,1048
132097,960,1045
132098,955,1042
132099,951,1045
132100,952,1046
132101,957,1049
132102,956,1049
132103,956,1043
132104,953,1041
132105,949,1042
132106,949,1045
132107,955,1046
132108,957,1048
132109,956,1045
132110,955,1042
132111,953,1042
132112,955,1044
132113,957,1048
132114,960,1048
132115,958,1045
132116,957,1043
132117,954,1044
132118,958,1049
132119,962,1048
132120,961,1045
132121,962,1041
132122,957,1039
132123,958,1039
132124,959,1045
132125,961,1050
132126,964,1046
132127,963,1043
132128,959,1040
132129,958,1042
132130,960,1045
132131,964,1048
132132,966,1046
132133,961,1042
132134,954,1042
132135,951,1043
132136,954,1045
132137,958,1047
132138,959,1045
132139,959,1043
132140,955,1042
132141,953,1043
132142,952,1045
132143,957,1052
132144,959,1051
132145,958,1051
132146,956,1051
132147,956,1047
132148,958,1049
132149,961,1048
132150,956,1042
132151,954,1041
132152,954,1040
132153,954,1039
132154,956,1043
132155,959,1045
132156,962,1038
132157,962,1038
132158,960,1036
132159,958,1039
132160,958,1041
132161,961,1044
132162,964,1042
132163,963,1042
132164,960,1039
132165,959,1039
132166,960,1045
132167,964,1048
132168,964,1045
132169,963,1043
132170,959,1042
132171,957,1043
132172,959,1048
132173,964,1048
132174,965,1048
132175,963,1046
132176,963,1044
132177,963,1044
132178,964,1048
132179,970,1051
132180,971,1052
132181,969,1052
132182,969,1047
132183,970,1052
132184,972,1050
132185,976,1051
132186,979,1045
132187,982,1037
132188,983,1031
132189,987,1029
132190,1001,1029
132191,1016,1025
132192,1034,1018
132193,1054,1013
132194,1078,1006
132195,1108,999
132196,1143,993
132197,1180,994
132198,1213,998
132199,1230,1008
132200,1227,1020
132201,1200,1029
132202,1155,1036
132203,1108,1040
132204,1060,1051
132205,1012,1062
132206,971,1067
132207,949,1071
132208,949,1079
132209,961,1072
132210,970,1060
132211,968,1047
132212,961,1042
132213,958,1038
132214,957,1037
132215,959,1039
132216,959,1038
132217,956,1039
132218,952,1036
132219,948,1038
132220,949,1042
132221,952,1049
132222,957,1046
132223,952,1042
132224,950,1037
132225,945,1038
132226,949,1040
132227,954,1044
132228,953,1040
132229,948,1040
132230,943,1039
132231,945,1041
132232,944,1043
132233,949,1046
132234,951,1047
132235,948,1043
132236,946,1044
132237,945,1044
132238,948,1047
132239,952,1048
132240,953,1043
132241,954,1041
132242,951,1039
132243,947,1035
132244,949,1035
132245,952,1036
132246,952,1035
132247,951,1037
132248,949,1037
132249,947,1038
132250,951,1040
132251,953,1040
132252,955,1036
132253,956,1033
132254,954,1032
132255,951,1032
132256,955,1033
132257,958,1034
132258,962,1031
132259,959,1027
132260,956,1026
132261,955,1027
132262,960,1031
132263,962,1031
132264,963,1029
132265,964,1027
132266,966,1024
132267,968,1022
132268,969,1021
132269,971,1024
132270,973,1019
132271,971,1014
132272,970,1013
132273,970,1013
132274,971,1015
132275,975,1015
132276,977,1013
132277,978,1007
132278,978,1006
132279,978,1006
132280,979,1006
132281,981,1007
132282,981,1004
132283,981,1004
132284,981,1002
132285,978,1004
132286,984,1006
132287,985,1011
132288,989,1011
132289,989,1008
132290,988,999
132291,986,996
132292,987,995
132293,990,994
132294,992,998
132295,991,997
132296,988,999
132297,989,1000
132298,990,1005
132299,991,1007
132300,989,1011
132301,985,1015
132302,982,1016
132303,982,1024
132304,981,1027
132305,987,1026
132306,988,1026
132307,983,1023
132308,976,1022
132309,972,1025
132310,973,1030
132311,973,1033
132312,972,1034
132313,970,1038
132314,968,1037
132315,965,1038
132316,968,1046
132317,971,1047
132318,970,1049
132319,966,1047
132320,962,1048
132321,962,1048
132322,963,1049
132323,966,1055
132324,967,1056
132325,962,1051
132326,960,1049
132327,962,1052
132328,964,1053
132329,963,1056
132330,964,1054
132331,965,1049
132332,964,1049
132333,962,1050
132334,962,1050
132335,966,1054
132336,966,1051
132337,967,1050
132338,966,1047
132339,962,1046
132340,965,1045
132341,969,1047
132342,971,1046
132343,971,1045
132344,966,1041
132345,962,1045
132346,965,1045
132347,969,1048
132348,970,1048
132349,970,1048
132350,968,1049
132351,967,1050
132352,970,1055
132353,972,1054
132354,971,1049
132355,967,1040
132356,966,1033
132357,966,1032
132358,967,1031
132359,970,1036
132360,972,1037
132361,969,1036
132362,968,1032
132363,969,1035
132364,967,1039
132365,971,1043
132366,973,1042
132367,972,1038
132368,970,1037
132369,969,1037
132370,973,1042
132371,975,1043
132372,976,1044
132373,973,1040
132374,970,1039
132375,971,1039
132376,971,1043
132377,972,1045
132378,972,1046
132379,971,1042
132380,969,1038
132381,966,1042
132382,968,1042
132383,972,1044
132384,974,1042
132385,971,1037
132386,966,1038
132387,965,1038
132388,970,1041
132389,971,1042
132390,970,1040
132391,969,1040
132392,966,1038
132393,969,1039
132394,972,1040
132395,976,1040
132396,977,1040
132397,974,1037
132398,970,1034
132399,970,1036
132400,973,1040
132401,978,1038
132402,981,1036
132403,985,1031
132404,988,1024
132405,996,1026
132406,1015,1027
132407,1031,1027
132408,1055,1026
132409,1084,1020
132410,1112,1009
132411,1146,1008
132412,1176,1009
132413,1202,1017
132414,1224,1026
132415,1241,1040
132416,1240,1050
132417,1222,1059
132418,1191,1061
132419,1153,1064
132420,1107,1067
132421,1061,1072
132422,1015,1079
132423,975,1088
132424,950,1099
132425,944,1105
132426,951,1100
132427,956,1087
132428,958,1073
132429,960,1064
132430,962,1057
132431,965,1053
132432,964,1046
132433,959,1041
132434,956,1041
132435,955,1040
132436,955,1040
132437,954,1042
132438,956,1042
132439,952,1037
132440,950,1032
132441,946,1035
132442,949,1036
132443,951,1037
132444,949,1034
132445,947,1030
132446,943,1028
132447,942,1032
132448,942,1034
132449,945,1035
132450,945,1031
132451,944,1028
132452,943,1028
132453,941,1031
132454,940,1032
132455,944,1034
132456,944,1033
132457,941,1030
132458,942,1030
132459,942,1029
132460,943,1033
132461,946,1034
132462,945,1036
132463,941,1033
132464,941,1031
132465,939,1035
132466,941,1038
132467,943,1041
132468,945,1037
132469,945,1036
132470,943,1034
132471,945,1038
132472,948,1039
132473,950,1043
132474,952,1040
132475,953,1038
132476,952,1034
132477,954,1031
132478,955,1032
132479,958,1034
132480,959,1030
132481,959,1029
132482,956,1024
132483,956,1024
132484,958,1023
132485,962,1025
132486,967,1020
132487,964,1017
132488,962,1009
132489,961,1010
132490,964,1011
132491,967,1011
132492,968,1008
132493,971,1002
132494,969,999
132495,969,997
132496,973,998
132497,975,1000
132498,978,997
132499,976,993
132500,976,989
132501,975,988
132502,977,992
132503,983,992
132504,984,992
132505,983,989
132506,984,984
132507,979,984
132508,981,989
132509,985,989
132510,987,991
132511,987,988
132512,982,988
132513,983,989
132514,986,994
132515,989,998
132516,989,999
132517,985,998
132518,984,997
132519,982,1002
132520,981,1008
132521,987,1011
132522,987,1012
132523,983,1013
132524,981,1012
132525,979,1013
132526,981,1018
132527,983,1020
132528,982,1022
132529,978,1022
132530,972,1022
132531,969,1026
132532,967,1029
132533,970,1031
132534,971,1033
132535,967,1032
132536,959,1031
132537,957,1032
132538,962,1034
132539,963,1036
132540,963,1036
132541,960,1037
132542,955,1036
132543,956,1038
132544,955,1040
132545,957,1042
132546,958,1042
132547,957,1042
132548,953,1041
132549,953,1040
132550,953,1045
132551,951,1046
132552,953,1044
132553,951,1042
132554,950,1040
132555,947,1042
132556,953,1046
132557,956,1047
132558,954,1046
132559,955,1045
132560,953,1043
132561,952,1043
132562,955,1046
132563,956,1048
132564,958,1046
132565,956,1042
132566,950,1040
132567,953,1043
132568,953,1044
132569,957,1046
132570,960,1046
132571,960,1044
132572,957,1042
132573,959,1040
132574,961,1044
132575,965,1047
132576,963,1048
132577,963,1044
132578,964,1042
132579,962,1043
132580,964,1044
132581,965,1045
132582,966,1045
132583,964,1041
132584,960,1038
132585,958,1039
132586,960,1043
132587,963,1045
132588,964,1043
132589,964,1039
132590,961,1039
132591,963,1036
132592,964,1038
132593,967,1044
132594,966,1038
132595,962,1037
132596,960,1035
132597,955,1038
132598,957,1041
132599,959,1043
132600,962,1045
132601,960,1040
132602,957,1037
132603,957,1040
132604,957,1043
132605,959,1045
132606,961,1044
132607,958,1042
132608,954,1039
132609,952,1039
132610,955,1044
132611,956,1046
132612,956,1043
132613,955,1040
132614,951,1036
132615,950,1036
132616,952,1038
132617,955,1042
132618,956,1041
132619,958,1038
132620,958,1037
132621,958,1038
132622,961,1039
132623,967,1041
132624,967,1043
132625,967,1040
132626,966,1037
132627,969,1036
132628,977,1037
132629,988,1037
132630,1003,1032
132631,1014,1027
132632,1028,1024
132633,1050,1023
132634,1084,1023
132635,1121,1017
132636,1159,1012
132637,1198,1004
132638,1229,1004
132639,1257,1015
132640,1267,1033
132641,1255,1041
132642,1217,1046
132643,1162,1046
132644,1107,1048
132645,1051,1060
132646,1003,1070
132647,967,1073
132648,950,1069
132649,947,1062
132650,952,1052
132651,956,1044
132652,959,1043
132653,961,1043
132654,958,1041
132655,954,1036
132656,948,1033
132657,947,1038
132658,947,1042
132659,947,1043
132660,944,1040
132661,941,1039
132662,936,1038
132663,936,1042
132664,940,1045
132665,941,1049
132666,942,1047
132667,939,1044
132668,938,1045
132669,935,1046
132670,935,1048
132671,941,1050
132672,943,1052
132673,942,1045
132674,938,1046
132675,935,1047
132676,935,1050
132677,941,1052
132678,942,1051
132679,938,1049
132680,937,1047
132681,935,1047
132682,937,1049
132683,939,1049
132684,942,1045
132685,944,1042
132686,942,1040
132687,943,1040
132688,945,1042
132689,946,1044
132690,944,1041
132691,944,1039
132692,944,1035
132693,944,1036
132694,945,1039
132695,949,1037
132696,950,1037
132697,949,1033
132698,947,1027
132699,943,1027
132700,948,1029
132701,950,1031
132702,952,1032
132703,951,1029
132704,949,1027
132705,953,1026
132706,958,1028
132707,961,1025
132708,963,1022
132709,957,1020
132710,961,1016
132711,962,1017
132712,967,1018
132713,970,1018
132714,972,1018
132715,971,1013
132716,969,1012
132717,973,1011
132718,975,1013
132719,979,1011
132720,979,1009
132721,977,1008
132722,974,1007
132723,975,1005
132724,977,1007
132725,981,1011
132726,983,1010
132727,985,1008
132728,982,1005
132729,982,1007
132730,985,1008
132731,989,1009
132732,986,1008
132733,985,1009
132734,982,1007
132735,982,1007
132736,984,1012
132737,985,1014
132738,984,1015
132739,979,1012
132740,977,1012
132741,976,1017
132742,979,1022
132743,977,1028
132744,976,1029
132745,972,1028
132746,967,1029
132747,965,1031
132748,968,1036
132749,969,1039
132750,966,1039
132751,965,1042
132752,962,1039
132753,959,1042
132754,959,1045
132755,961,1052
132756,958,1053
132757,957,1049
132758,952,1047
132759,951,1048
132760,952,1053
132761,954,1057
132762,957,1056
132763,953,1056
132764,951,1053
132765,951,1056
132766,951,1056
132767,950,1057
132768,950,1054
132769,947,1052
132770,944,1049
132771,942,1047
132772,944,1050
132773,948,1054
132774,951,1054
132775,950,1051
132776,947,1047
132777,946,1047
132778,945,1050
132779,947,1052
132780,945,1051
132781,946,1050
132782,944,1046
132783,949,1048
132784,951,1048
132785,953,1053
132786,955,1050
132787,953,1051
132788,954,1045
132789,951,1047
132790,954,1049
132791,956,1048
132792,957,1047
132793,953,1045
132794,954,1040
132795,953,1043
132796,958,1047
132797,962,1048
132798,962,1047
132799,960,1043
132800,956,1043
132801,954,1043
132802,956,1043
132803,959,1048
132804,958,1047
132805,958,1045
132806,954,1041
132807,957,1044
132808,958,1046
132809,961,1048
132810,958,1049
132811,958,1046
132812,954,1043
132813,951,1044
132814,953,1047
132815,956,1051
132816,956,1049
132817,955,1046
132818,951,1045
132819,950,1046
132820,952,1051
132821,955,1052
132822,955,1050
132823,954,1048
132824,951,1044
132825,951,1048
132826,955,1052
132827,957,1055
132828,957,1051
132829,953,1049
132830,950,1047
132831,949,1051
132832,949,1051
132833,954,1052
132834,953,1048
132835,954,1047
132836,949,1047
132837,948,1050
132838,952,1050
132839,954,1052
132840,955,1052
132841,955,1048
132842,953,1047
132843,952,1048
132844,954,1049
132845,956,1051
132846,956,1051
132847,956,1046
132848,951,1049
132849,951,1048
132850,953,1051
132851,959,1050
132852,956,1045
132853,955,1042
132854,953,1039
132855,953,1042
132856,956,1042
132857,958,1045
132858,959,1043
132859,961,1040
132860,957,1038
132861,956,1040
132862,957,1043
132863,960,1045
132864,962,1044
132865,961,1040
132866,958,1040
132867,958,1037
132868,962,1040
132869,965,1042
132870,967,1043
132871,967,1040
132872,967,1039
132873,967,1038
132874,970,1036
132875,978,1039
132876,988,1036
132877,999,1032
132878,1011,1029
132879,1028,1028
132880,1050,1029
132881,1078,1026
132882,1106,1015
132883,1137,1005
132884,1169,996
132885,1200,992
132886,1228,1001
132887,1244,1019
132888,1246,1036
132889,1225,1044
132890,1192,1044
132891,1146,1045
132892,1103,1053
132893,1060,1065
132894,1013,1076
132895,968,1079
132896,941,1083
132897,932,1082
132898,937,1080
132899,946,1070
132900,952,1059
132901,948,1050
132902,944,1041
132903,945,1043
132904,946,1047
132905,946,1046
132906,945,1046
132907,941,1044
132908,936,1042
132909,932,1043
132910,937,1043
132911,938,1044
132912,939,1044
132913,937,1040
132914,933,1037
132915,931,1041
132916,934,1043
132917,935,1045
132918,935,1045
132919,933,1041
132920,928,1040
132921,928,1041
132922,932,1042
132923,930,1046
132924,932,1045
132925,928,1042
132926,926,1040
132927,927,1045
132928,928,1047
132929,934,1047
132930,934,1044
132931,932,1042
132932,928,1038
132933,927,1041
132934,931,1043
132935,933,1043
132936,935,1044
132937,932,1040
132938,929,1039
132939,931,1040
132940,930,1045
132941,933,1046
132942,935,1043
132943,932,1040
132944,932,1040
132945,934,1041
132946,935,1041
132947,940,1043
132948,939,1039
132949,938,1036
132950,938,1034
132951,936,1034
132952,939,1038
132953,945,1037
132954,945,1033
132955,946,1031
132956,946,1029
132957,946,1028
132958,946,1030
132959,949,1029
132960,952,1028
132961,952,1024
132962,948,1021
132963,950,1022
132964,957,1022
132965,962,1024
132966,962,1020
132967,957,1016
132968,956,1012
132969,956,1012
132970,960,1014
132971,966,1017
132972,969,1013
132973,967,1010
132974,965,1009
132975,965,1010
132976,969,1010
132977,971,1011
132978,972,1010
132979,970,1004
132980,969,1002
132981,970,1002
132982,972,1003
132983,976,1003
132984,974,1002
132985,974,1003
132986,972,1002
132987,971,1005
132988,974,1007
132989,977,1009
132990,977,1007
132991,974,1007
132992,970,1007
132993,973,1009
132994,974,1015
132995,974,1017
132996,975,1018
132997,972,1017
132998,966,1018
132999,963,1022
133000,962,1025
133001,964,1030
133002,965,1033
133003,959,1031
133004,957,1031
133005,954,1037
133006,957,1039
133007,956,1044
133008,955,1045
133009,954,1045
133010,949,1041
133011,952,1043
133012,949,1045
133013,952,1047
133014,952,1046
133015,949,1047
133016,946,1048
133017,946,1048
133018,950,1052
133019,951,1053
133020,950,1053
133021,952,1050
133022,949,1047
133023,950,1052
133024,953,1051
133025,956,1055
133026,958,1053
133027,957,1049
133028,955,1046
133029,956,1047
133030,960,1050
133031,966,1049
133032,970,1048
133033,975,1046
133034,976,1042
133035,982,1046
133036,987,1050
133037,993,1054
133038,998,1053
133039,1003,1051
133040,1010,1047
133041,1023,1038
133042,1038,1031
133043,1051,1012
133044,1064,995
133045,1076,978
133046,1088,965
133047,1102,955
133048,1118,940
133049,1134,924
133050,1150,902
133051,1165,877
133052,1178,855
133053,1193,840
133054,1206,828
133055,1219,819
133056,1220,812
133057,1215,808
133058,1206,803
133059,1198,802
133060,1195,804
133061,1190,807
133062,1179,804
133063,1164,802
133064,1142,802
133065,1124,807
133066,1107,819
133067,1089,828
133068,1064,838
133069,1041,846
133070,1025,856
133071,1016,872
133072,1010,892
133073,1011,905
133074,1008,918
133075,1000,925
133076,996,934
133077,996,945
133078,1002,956
133079,1012,967
133080,1023,972
133081,1037,979
133082,1044,980
133083,1041,987
133084,1035,995
133085,1015,1004
133086,985,1014
133087,953,1022
133088,925,1034
133089,912,1050
133090,910,1064
133091,911,1079
133092,905,1085
133093,900,1086
133094,891,1085
133095,889,1091
133096,886,1097
133097,887,1099
133098,884,1099
133099,877,1100
133100,875,1103
133101,873,1106
133102,874,1110
133103,875,1114
133104,873,1114
133105,870,1114
133106,866,1116
133107,864,1118
133108,866,1121
133109,868,1124
133110,869,1122
133111,865,1121
133112,862,1120
133113,862,1125
133114,863,1129
133115,865,1132
133116,865,1131
133117,863,1132
133118,861,1130
133119,860,1133
133120,860,1138
133121,860,1140
133122,862,1140
133123,860,1140
133124,856,1142
133125,853,1146
133126,858,1151
133127,858,1158
133128,858,1158
133129,857,1157
133130,853,1160
133131,855,1162
133132,859,1167
133133,863,1173
133134,861,1177
133135,861,1178
133136,860,1178
133137,862,1180
133138,867,1186
133139,869,1187
133140,870,1187
133141,872,1186
133142,869,1186
133143,870,1188
133144,875,1193
133145,880,1193
133146,883,1188
133147,882,1184
133148,880,1182
133149,884,1184
133150,891,1184
133151,895,1181
133152,897,1176
133153,897,1175
133154,896,1168
133155,900,1165
133156,902,1164
133157,911,1159
133158,914,1156
133159,916,1149
133160,919,1143
133161,922,1138
133162,928,1135
133163,930,1132
133164,933,1124
133165,932,1118
133166,932,1109
133167,930,1104
133168,937,1103
133169,941,1098
133170,939,1091
133171,937,1085
133172,936,1078
133173,936,1077
133174,939,1076
133175,943,1077
133176,944,1072
133177,940,1067
133178,936,1063
133179,936,1061
133180,938,1060
133181,941,1060
133182,939,1057
133183,935,1053
133184,933,1051
133185,935,1050
133186,934,1051
133187,939,1052
133188,939,1049
133189,938,1047
133190,936,1043
133191,937,1042
133192,938,1042
133193,941,1046
133194,940,1045
133195,935,1039
133196,933,1039
133197,931,1043
133198,934,1045
133199,934,1048
133200,938,1045
133201,935,1042
133202,935,1040
133203,936,1041
133204,937,1046
133205,942,1045
133206,944,1045
133207,940,1041
133208,939,1039
133209,941,1041
133210,943,1043
133211,947,1044
133212,948,1042
133213,947,1038
133214,943,1038
133215,943,1037
133216,948,1043
133217,949,1041
133218,949,1041
133219,946,1036
133220,944,1033
133221,946,1030
133222,948,1034
133223,950,1039
133224,950,1036
133225,947,1034
133226,945,1032
133227,947,1036
133228,950,1038
133229,953,1040
133230,952,1038
133231,949,1034
133232,945,1033
133233,947,1034
133234,951,1036
133235,952,1037
133236,953,1035
133237,951,1033
133238,948,1032
133239,950,1031
133240,950,1034
133241,953,1034
133242,954,1031
133243,949,1026
133244,947,1025
133245,945,1029
133246,948,1033
133247,946,1034
133248,950,1031
133249,947,1027
133250,944,1028
133251,946,1030
133252,947,1032
133253,948,1036
133254,948,1034
133255,946,1030
133256,946,1030
133257,945,1030
133258,947,1032
133259,950,1035
133260,951,1033
133261,949,1031
133262,948,1032
133263,948,1034
133264,954,1037
133265,956,1036
133266,954,1036
133267,952,1033
133268,945,1030
133269,947,1030
133270,948,1034
133271,951,1039
133272,953,1037
133273,951,1035
133274,949,1034
133275,949,1034
133276,953,1036
133277,953,1040
133278,951,1037
133279,949,1033
133280,945,1033
133281,947,1036
133282,950,1034
133283,955,1034
133284,957,1036
133285,955,1033
133286,950,1033
133287,951,1031
133288,955,1035
133289,956,1032
133290,954,1027
133291,954,1028
133292,952,1029
133293,953,1030
133294,954,1035
133295,958,1036
133296,958,1034
133297,952,1031
133298,951,1029
133299,948,1031
133300,951,1035
133301,954,1034
133302,955,1033
133303,956,1033
133304,953,1030
133305,951,1034
133306,953,1035
133307,955,1037
133308,955,1038
133309,951,1033
133310,950,1034
133311,950,1035
133312,953,1034
133313,955,1034
133314,955,1032
133315,952,1030
133316,950,1031
133317,951,1032
133318,954,1034
133319,954,1034
133320,954,1032
133321,955,1029
133322,952,1028
133323,954,1028
133324,958,1030
133325,961,1031
133326,961,1025
133327,959,1025
133328,957,1029
133329,955,1030
133330,957,1033
133331,959,1030
133332,958,1030
133333,956,1029
133334,953,1028
133335,956,1030
133336,957,1029
133337,959,1029
133338,961,1029
133339,958,1027
133340,957,1028
133341,957,1026
133342,962,1029
133343,965,1030
133344,965,1031
133345,963,1030
133346,963,1026
133347,962,1030
133348,964,1030
133349,970,1029
133350,971,1023
133351,974,1014
133352,979,1013
133353,994,1013
133354,1010,1014
133355,1031,1015
133356,1055,1009
133357,1080,1000
133358,1106,987
133359,1137,976
133360,1166,972
133361,1199,977
133362,1223,981
133363,1234,998
133364,1228,1017
133365,1203,1033
133366,1163,1039
133367,1116,1042
133368,1063,1048
133369,1010,1055
133370,966,1064
133371,943,1068
133372,938,1070
133373,951,1062
133374,955,1051
133375,960,1035
133376,957,1029
133377,955,1026
133378,955,1028
133379,955,1025
133380,953,1022
133381,950,1022
133382,944,1023
133383,944,1027
133384,949,1030
133385,953,1030
133386,951,1029
133387,947,1025
133388,940,1025
133389,941,1030
133390,943,1032
133391,946,1031
133392,945,1028
133393,942,1025
133394,942,1026
133395,941,1025
133396,945,1026
133397,949,1028
133398,947,1027
133399,946,1028
133400,944,1026
133401,943,1025
133402,945,1032
133403,946,1030
133404,947,1026
133405,944,1023
133406,943,1024
133407,941,1024
133408,942,1024
133409,944,1022
133410,946,1023
133411,945,1024
133412,944,1023
133413,944,1026
133414,949,1028
133415,952,1028
133416,951,1026
133417,947,1025
133418,946,1026
133419,947,1026
133420,950,1028
133421,951,1029
133422,952,1022
133423,952,1018
133424,951,1016
133425,950,1017
133426,955,1019
133427,954,1017
133428,952,1013
133429,952,1010
133430,954,1009
133431,954,1009
133432,959,1011
133433,961,1010
133434,961,1005
133435,962,1001
133436,961,1002
133437,962,1001
133438,965,1000
133439,968,998
133440,968,995
133441,968,994
133442,968,991
133443,967,994
133444,973,994
133445,978,993
133446,976,988
133447,977,986
133448,973,983
133449,974,987
133450,979,986
133451,985,986
133452,987,985
133453,985,980
133454,984,977
133455,984,976
133456,991,980
133457,993,981
133458,995,979
133459,993,974
133460,991,975
133461,992,978
133462,997,980
133463,1000,982
133464,1001,979
133465,997,979
133466,998,985
133467,998,988
133468,999,989
133469,1001,994
133470,998,995
133471,996,995
133472,994,997
133473,996,1000
133474,995,1003
133475,1000,1007
133476,997,1008
133477,993,1006
133478,989,1007
133479,987,1012
133480,989,1015
133481,991,1019
133482,990,1020
133483,984,1019
133484,980,1019
133485,975,1020
133486,977,1025
133487,979,1029
133488,976,1027
133489,972,1022
133490,972,1022
133491,971,1027
133492,974,1029
133493,975,1031
133494,973,1029
133495,966,1026
133496,964,1023
133497,966,1027
133498,967,1031
133499,970,1033
133500,972,1029
133501,971,1028
133502,969,1025
133503,967,1026
133504,971,1029
133505,973,1029
133506,969,1027
133507,967,1026
133508,966,1026
133509,968,1027
133510,968,1026
133511,973,1028
133512,970,1029
133513,966,1026
133514,965,1024
133515,965,1025
133516,972,1027
133517,972,1030
133518,972,1025
133519,970,1021
133520,967,1019
133521,965,1022
133522,970,1026
133523,971,1027
133524,970,1027
133525,969,1022
133526,967,1020
133527,969,1019
133528,972,1022
133529,973,1024
133530,974,1023
133531,969,1020
133532,965,1021
133533,968,1020
133534,969,1023
133535,974,1024
133536,974,1020
133537,973,1017
133538,969,1017
133539,973,1019
133540,974,1019
133541,979,1019
133542,976,1019
133543,975,1015
133544,972,1014
133545,972,1013
133546,974,1016
133547,974,1021
133548,976,1018
133549,973,1016
133550,972,1010
133551,968,1013
133552,971,1019
133553,975,1020
133554,974,1017
133555,970,1016
133556,969,1018
133557,967,1017
133558,969,1021
133559,972,1022
133560,971,1022
133561,967,1019
133562,965,1018
133563,965,1022
133564,967,1026
133565,969,1026
133566,969,1027
133567,966,1024
133568,963,1023
133569,962,1025
133570,964,1028
133571,965,1031
133572,965,1029
133573,965,1024
133574,961,1020
133575,959,1024
133576,959,1026
133577,962,1027
133578,961,1027
133579,961,1023
133580,959,1023
133581,959,1025
133582,958,1029
133583,961,1029
133584,959,1027
133585,959,1025
133586,956,1023
133587,954,1026
133588,958,1025
133589,964,1027
133590,965,1023
133591,963,1020
133592,962,1016
133593,962,1018
133594,963,1021
133595,965,1025
133596,962,1023
133597,961,1017
133598,960,1016
133599,962,1021
133600,963,1022
133601,967,1020
133602,966,1015
133603,963,1012
133604,961,1016
133605,963,1018
133606,964,1024
133607,968,1025
133608,967,1026
133609,965,1022
133610,963,1022
133611,960,1022
133612,962,1026
133613,966,1027
133614,963,1025
133615,961,1024
133616,957,1023
133617,955,1024
133618,960,1027
133619,961,1026
133620,960,1028
133621,960,1027
133622,958,1027
133623,958,1028
133624,962,1030
133625,966,1033
133626,965,1028
133627,959,1027
133628,956,1025
133629,955,1026
133630,959,1031
133631,961,1034
133632,961,1032
133633,958,1028
133634,956,1026
133635,959,1030
133636,962,1030
133637,964,1030
133638,963,1031
133639,960,1026
133640,956,1025
133641,957,1026
133642,961,1029
133643,965,1030
133644,964,1028
133645,963,1022
133646,961,1021
133647,961,1022
133648,963,1026
133649,966,1024
133650,967,1025
133651,962,1020
133652,959,1022
133653,962,1025
133654,965,1029
133655,968,1026
133656,965,1023
133657,964,1022
133658,960,1023
133659,960,1025
133660,964,1028
133661,969,1027
133662,967,1026
133663,967,1023
133664,964,1028
133665,961,1028
133666,962,1030
133667,966,1029
133668,965,1028
133669,963,1025
133670,962,1024
133671,964,1025
133672,964,1026
133673,965,1023
133674,965,1022
133675,961,1016
133676,961,1016
133677,962,1019
133678,963,1018
133679,965,1020
133680,962,1017
133681,961,1017
133682,958,1014
133683,962,1016
133684,964,1018
133685,968,1020
133686,966,1020
133687,964,1017
133688,962,1014
133689,959,1021
133690,962,1022
133691,966,1027
133692,966,1025
133693,962,1023
133694,963,1020
133695,963,1020
133696,964,1023
133697,968,1023
133698,965,1021
133699,963,1018
133700,962,1016
133701,962,1021
133702,966,1026
133703,970,1026
133704,968,1025
133705,967,1023
133706,967,1023
133707,968,1025
133708,969,1030
133709,973,1029
133710,969,1031
133711,967,1029
133712,967,1029
133713,966,1030
133714,964,1034
133715,969,1029
133716,972,1024
133717,969,1020
133718,966,1019
133719,966,1022
133720,971,1024
133721,973,1024
133722,971,1025
133723,972,1022
133724,969,1019
133725,970,1018
133726,973,1022
133727,975,1022
133728,975,1022
133729,970,1020
133730,967,1020
133731,968,1019
133732,970,1021
133733,971,1021
133734,971,1019
133735,970,1020
133736,967,1019
133737,967,1020
133738,969,1023
133739,970,1020
133740,972,1022
133741,970,1019
133742,965,1019
133743,968,1020
133744,972,1020
133745,975,1020
133746,973,1021
133747,971,1017
133748,968,1019
133749,970,1021
133750,973,1023
133751,973,1022
133752,973,1021
133753,970,1020
133754,967,1018
133755,967,1018
133756,972,1022
133757,974,1021
133758,973,1019
133759,971,1019
133760,968,1019
133761,968,1021
133762,971,1022
133763,973,1022
133764,974,1020
133765,973,1018
133766,970,1017
133767,972,1021
133768,973,1025
133769,977,1024
133770,976,1022
133771,972,1018
133772,971,1015
133773,970,1020
133774,974,1019
133775,974,1021
133776,976,1017
133777,977,1014
133778,975,1017
133779,976,1018
133780,978,1022
133781,980,1021
133782,981,1020
133783,979,1018
133784,978,1017
133785,982,1017
133786,984,1018
133787,994,1012
133788,1000,1006
133789,1010,1002
133790,1024,998
133791,1044,998
133792,1064,998
133793,1091,994
133794,1120,981
133795,1151,969
133796,1180,962
133797,1210,965
133798,1240,975
133799,1259,987
133800,1254,1004
133801,1230,1012
133802,1188,1017
133803,1137,1025
133804,1091,1033
133805,1045,1041
133806,1004,1049
133807,973,1051
133808,961,1049
133809,962,1046
133810,971,1039
133811,974,1035
133812,977,1027
133813,976,1021
133814,970,1018
133815,967,1023
133816,967,1023
133817,967,1023
133818,966,1022
133819,961,1020
133820,959,1020
133821,958,1024
133822,959,1028
133823,961,1030
133824,958,1029
133825,956,1025
133826,952,1022
133827,952,1023
133828,955,1026
133829,960,1029
133830,959,1030
133831,959,1024
133832,954,1021
133833,956,1020
133834,958,1025
133835,961,1024
133836,960,1022
133837,959,1021
133838,954,1019
133839,955,1023
133840,957,1025
133841,960,1025
133842,960,1022
133843,959,1017
133844,959,1017
133845,958,1022
133846,960,1024
133847,962,1022
133848,962,1019
133849,961,1019
133850,959,1017
133851,958,1019
133852,960,1022
133853,964,1020
133854,966,1020
133855,963,1017
133856,961,1019
133857,960,1019
133858,965,1022
133859,968,1021
133860,966,1020
133861,967,1019
133862,963,1017
133863,965,1018
133864,968,1023
133865,974,1023
133866,973,1021
133867,968,1019
133868,969,1017
133869,971,1016
133870,975,1017
133871,977,1016
133872,978,1017
133873,975,1008
133874,974,1004
133875,975,1005
133876,979,1010
133877,984,1009
133878,983,1007
133879,982,1002
133880,979,1003
133881,979,1003
133882,982,1005
133883,985,1004
133884,985,999
133885,984,997
133886,982,993
133887,987,996
133888,987,1000
133889,991,998
133890,989,992
133891,987,987
133892,983,987
133893,987,988
133894,990,992
133895,994,992
133896,994,992
133897,993,988
133898,995,985
133899,997,988
133900,997,990
133901,997,990
133902,1000,991
133903,998,988
133904,995,986
133905,995,990
133906,999,996
133907,1001,1002
133908,1001,1004
133909,998,1004
133910,998,1003
133911,998,1010
133912,999,1010
133913,999,1012
133914,999,1009
133915,994,1012
133916,991,1014
133917,991,1019
133918,994,1023
133919,994,1024
133920,991,1024
133921,986,1021
133922,976,1024
133923,979,1026
133924,979,1028
133925,981,1029
133926,979,1025
133927,974,1023
133928,974,1024
133929,971,1029
133930,971,1032
133931,974,1031
133932,973,1028
133933,969,1026
133934,968,1028
133935,967,1029
133936,970,1030
133937,971,1029
133938,969,1029
133939,966,1024
133940,964,1026
133941,966,1030
133942,966,1030
133943,967,1032
133944,967,1030
133945,965,1029
133946,965,1031
133947,966,1033
133948,968,1036
133949,972,1032
133950,969,1028
133951,965,1024
133952,966,1024
133953,963,1024
133954,967,1025
133955,969,1027
133956,970,1026
133957,967,1023
133958,967,1024
133959,971,1029
133960,976,1032
133961,978,1032
133962,978,1027
133963,978,1023
133964,978,1025
133965,978,1029
133966,981,1030
133967,983,1030
133968,985,1026
133969,982,1024
133970,983,1022
133971,981,1022
133972,981,1025
133973,985,1026
133974,986,1021
133975,981,1019
133976,979,1022
133977,978,1022
133978,978,1024
133979,981,1022
133980,980,1018
133981,978,1019
133982,978,1016
133983,975,1022
133984,978,1023
133985,981,1025
133986,981,1024
133987,979,1021
133988,978,1019
133989,975,1019
133990,978,1023
133991,977,1019
133992,975,1021
133993,974,1018
133994,974,1019
133995,973,1021
133996,976,1026
133997,978,1026
133998,977,1023
133999,974,1019
134000,973,1020
134001,975,1022
134002,976,1028
134003,980,1025
134004,978,1026
134005,979,1024
134006,976,1023
134007,978,1024
134008,980,1022
134009,982,1025
134010,981,1027
134011,976,1026
134012,975,1025
134013,974,1024
134014,979,1028
134015,987,1024
134016,995,1017
134017,1002,1014
134018,1008,1010
134019,1023,1015
134020,1044,1017
134021,1066,1016
134022,1092,1007
134023,1120,993
134024,1154,984
134025,1194,985
134026,1229,997
134027,1252,1014
134028,1260,1032
134029,1246,1043
134030,1209,1045
134031,1164,1043
134032,1113,1046
134033,1060,1057
134034,1004,1067
134035,962,1075
134036,937,1077
134037,937,1071
134038,947,1063
134039,958,1051
134040,960,1037
134041,958,1029
134042,960,1024
134043,961,1022
134044,962,1021
134045,966,1021
134046,963,1019
134047,961,1018
134048,956,1017
134049,960,1019
134050,960,1022
134051,961,1023
134052,956,1023
134053,956,1026
134054,952,1023
134055,954,1027
134056,955,1027
134057,959,1027
134058,955,1027
134059,953,1025
134060,952,1025
134061,950,1025
134062,953,1027
134063,951,1030
134064,952,1024
134065,950,1023
134066,948,1022
134067,947,1025
134068,947,1027
134069,949,1027
134070,952,1024
134071,946,1020
134072,945,1022
134073,948,1024
134074,951,1024
134075,955,1018
134076,950,1018
134077,948,1017
134078,945,1019
134079,950,1021
134080,952,1020
134081,953,1020
134082,952,1018
134083,953,1014
134084,955,1015
134085,956,1015
134086,960,1014
134087,958,1014
134088,961,1012
134089,960,1011
134090,958,1008
134091,961,1006
134092,964,1005
134093,969,1004
134094,972,1000
134095,970,997
134096,968,996
134097,969,997
134098,974,999
134099,975,995
134100,978,988
134101,977,986
134102,976,985
134103,978,983
134104,981,983
134105,984,978
134106,983,976
134107,984,973
134108,982,971
134109,984,970
134110,987,971
134111,994,968
134112,993,964
134113,989,959
134114,988,957
134115,991,960
134116,995,959
134117,996,960
134118,996,961
134119,993,959
134120,990,961
134121,989,966
134122,992,972
134123,996,970
134124,996,972
134125,993,974
134126,990,976
134127,986,984
134128,989,990
134129,989,990
134130,985,994
134131,982,990
134132,977,994
134133,977,997
134134,978,1003
134135,979,1006
134136,979,1007
134137,976,1006
134138,973,1010
134139,973,1015
134140,972,1017
134141,975,1016
134142,972,1015
134143,971,1016
134144,967,1019
134145,969,1024
134146,969,1027
134147,968,1029
134148,967,1027
134149,966,1030
134150,964,1032
134151,966,1033
134152,965,1036
134153,968,1039
134154,966,1039
134155,965,1037
134156,962,1039
134157,962,1041
134158,962,1041
134159,964,1038
134160,963,1035
134161,962,1029
134162,963,1029
134163,963,1031
134164,965,1033
134165,968,1034
134166,966,1033
134167,966,1028
134168,961,1025
134169,962,1028
134170,963,1029
134171,967,1030
134172,967,1025
134173,965,1024
134174,960,1026
134175,962,1028
134176,965,1029
134177,970,1024
134178,968,1022
134179,967,1019
134180,962,1023
134181,962,1024
134182,964,1029
134183,966,1027
134184,963,1026
134185,960,1021
134186,960,1021
134187,961,1024
134188,964,1025
134189,969,1025
134190,967,1024
134191,966,1025
134192,965,1029
134193,967,1030
134194,969,1031
134195,975,1032
134196,974,1031
134197,968,1032
134198,967,1030
134199,964,1029
134200,971,1031
134201,974,1035
134202,974,1031
134203,972,1028
134204,968,1027
134205,970,1029
134206,970,1034
134207,973,1034
134208,971,1031
134209,970,1030
134210,969,1029
134211,970,1028
134212,970,1031
134213,974,1031
134214,970,1030
134215,969,1028
134216,965,1026
134217,966,1027
134218,968,1031
134219,970,1029
134220,968,1026
134221,967,1020
134222,964,1018
134223,962,1022
134224,967,1027
134225,974,1029
134226,969,1026
134227,970,1020
134228,972,1016
134229,974,1016
134230,983,1018
134231,998,1017
134232,1007,1010
134233,1020,1002
134234,1036,1004
134235,1065,1005
134236,1100,1000
134237,1143,993
134238,1180,986
134239,1216,989
134240,1242,1006
134241,1254,1029
134242,1243,1046
134243,1213,1049
134244,1164,1046
134245,1107,1045
134246,1049,1056
134247,994,1069
134248,957,1079
134249,946,1079
134250,948,1072
134251,955,1057
134252,956,1044
134253,959,1038
134254,965,1034
134255,966,1026
134256,964,1024
134257,960,1018
134258,957,1019
134259,955,1021
134260,957,1022
134261,957,1025
134262,956,1021
134263,952,1020
134264,947,1017
134265,946,1021
134266,949,1023
134267,951,1021
134268,949,1017
134269,947,1017
134270,942,1020
134271,942,1023
134272,945,1026
134273,950,1024
134274,948,1022
134275,945,1019
134276,943,1018
134277,945,1021
134278,945,1022
134279,948,1022
134280,948,1022
134281,944,1021
134282,941,1019
134283,946,1022
134284,949,1024
134285,952,1023
134286,951,1022
134287,950,1019
134288,947,1022
134289,947,1024
134290,949,1027
134291,953,1022
134292,949,1022
134293,950,1017
134294,948,1016
134295,949,1020
134296,954,1021
134297,959,1023
134298,959,1017
134299,956,1015
134300,952,1012
134301,954,1012
134302,956,1015
134303,961,1014
134304,962,1009
134305,960,1004
134306,961,1006
134307,963,1006
134308,964,1004
134309,969,998
134310,971,992
134311,967,988
134312,967,989
134313,967,989
134314,974,990
134315,979,984
134316,980,982
134317,978,982
134318,977,977
134319,979,977
134320,983,979
134321,985,976
134322,987,973
134323,986,968
134324,983,968
134325,988,970
134326,988,971
134327,991,970
134328,989,970
134329,989,969
134330,989,965
134331,990,971
134332,990,975
134333,994,977
134334,995,978
134335,993,977
134336,994,975
134337,993,978
134338,992,984
134339,993,989
134340,991,987
134341,986,988
134342,983,990
134343,984,998
134344,983,1003
134345,984,1007
134346,982,1008
134347,979,1008
134348,974,1013
134349,973,1016
134350,974,1018
134351,976,1021
134352,975,1022
134353,971,1019
134354,966,1019
134355,967,1020
134356,970,1025
134357,971,1026
134358,969,1026
134359,965,1024
134360,963,1025
134361,966,1028
134362,968,1030
134363,970,1031
134364,967,1028
134365,964,1027
134366,964,1031
134367,964,1030
134368,967,1031
134369,970,1031
134370,971,1028
134371,972,1024
134372,970,1025
134373,972,1029
134374,978,1028
134375,982,1028
134376,983,1026
134377,986,1019
134378,989,1019
134379,991,1022
134380,998,1028
134381,1005,1028
134382,1008,1033
134383,1011,1030
134384,1014,1033
134385,1025,1028
134386,1042,1022
134387,1055,1005
134388,1066,985
134389,1073,968
134390,1084,956
134391,1098,947
134392,1113,938
134393,1130,924
134394,1146,905
134395,1157,881
134396,1169,858
134397,1188,842
134398,1203,829
134399,1217,814
134400,1224,805
134401,1222,798
134402,1217,798
134403,1217,805
134404,1214,805
134405,1209,801
134406,1198,798
134407,1179,793
134408,1159,797
134409,1139,806
134410,1119,816
134411,1098,824
134412,1073,829
134413,1051,841
134414,1030,855
134415,1021,876
134416,1015,894
134417,1018,910
134418,1014,917
134419,1012,921
134420,1008,927
134421,1012,939
134422,1025,949
134423,1037,956
134424,1054,961
134425,1064,960
134426,1069,965
134427,1063,973
134428,1043,985
134429,1012,994
134430,979,1003
134431,955,1011
134432,941,1024
134433,933,1041
134434,931,1055
134435,928,1060
134436,922,1063
134437,913,1065
134438,908,1067
134439,905,1071
134440,903,1074
134441,900,1076
134442,899,1078
134443,892,1076
134444,884,1080
134445,884,1083
134446,885,1089
134447,884,1091
134448,880,1089
134449,877,1089
134450,877,1090
134451,877,1095
134452,879,1098
134453,879,1099
134454,875,1104
134455,871,1097
134456,869,1101
134457,871,1103
134458,873,1112
134459,873,1114
134460,873,1116
134461,872,1117
134462,866,1117
134463,867,1123
134464,869,1128
134465,872,1132
134466,871,1130
134467,870,1129
134468,867,1132
134469,869,1132
134470,869,1136
134471,874,1136
134472,873,1135
134473,869,1135
134474,870,1139
134475,872,1142
134476,872,1147
134477,877,1149
134478,876,1151
134479,876,1150
134480,875,1153
134481,877,1157
134482,881,1162
134483,883,1163
134484,884,1161
134485,885,1160
134486,886,1161
134487,891,1162
134488,894,1165
134489,902,1162
134490,902,1160
134491,902,1154
134492,904,1149
134493,907,1150
134494,914,1153
134495,917,1151
134496,922,1142
134497,921,1133
134498,922,1130
134499,928,1129
134500,935,1125
134501,939,1124
134502,937,1114
134503,935,1108
134504,940,1102
134505,940,1097
134506,944,1092
134507,950,1089
134508,951,1081
134509,946,1074
134510,949,1072
134511,950,1071
134512,955,1072
134513,959,1067
134514,960,1063
134515,958,1058
134516,955,1054
134517,957,1055
134518,963,1052
134519,963,1048
134520,963,1043
134521,957,1031
134522,957,1027
134523,960,1029
134524,960,1029
134525,962,1027
134526,962,1023
134527,961,1018
134528,959,1019
134529,962,1023
134530,962,1023
134531,965,1022
134532,961,1018
134533,959,1016
134534,959,1018
134535,957,1020
134536,958,1022
134537,959,1020
134538,955,1018
134539,958,1015
134540,955,1015
134541,953,1016
134542,955,1018
134543,957,1019
134544,956,1017
134545,953,1015
134546,951,1014
134547,952,1016
134548,958,1018
134549,961,1019
134550,960,1020
134551,957,1017
134552,953,1011
134553,954,1015
134554,960,1017
134555,959,1016
134556,958,1014
134557,955,1011
134558,956,1009
134559,960,1014
134560,963,1017
134561,965,1016
134562,962,1013
134563,964,1013
134564,962,1015
134565,962,1016
134566,963,1018
134567,966,1013
134568,967,1010
134569,965,1005
134570,964,1007
134571,964,1007
134572,965,1007
134573,968,1006
134574,970,1003
134575,966,1001
134576,965,1005
134577,965,1007
134578,968,1008
134579,970,1007
134580,967,1005
134581,966,1004
134582,961,1002
134583,964,1006
134584,964,1008
134585,968,1007
134586,965,1008
134587,961,1005
134588,959,1005
134589,962,1009
134590,965,1010
134591,967,1010
134592,966,1007
134593,962,1005
134594,957,1008
134595,961,1008
134596,963,1013
134597,965,1008
134598,965,1007
134599,961,1007
134600,959,1007
134601,960,1011
134602,961,1012
134603,965,1011
134604,963,1009
134605,961,1005
134606,961,1007
134607,963,1011
134608,963,1016
134609,964,1017
134610,964,1014
134611,962,1010
134612,961,1013
134613,962,1018
134614,963,1022
134615,968,1019
134616,968,1014
134617,965,1009
134618,962,1008
134619,964,1010
134620,966,1014
134621,969,1010
134622,966,1008
134623,963,1006
134624,964,1004
134625,966,1007
134626,969,1011
134627,969,1012
134628,968,1006
134629,965,1000
134630,962,1002
134631,966,1008
134632,970,1011
134633,972,1011
134634,971,1009
134635,970,1005
134636,966,1007
134637,968,1009
134638,969,1013
134639,974,1012
134640,971,1004
134641,967,1005
134642,964,1007
134643,967,1011
134644,970,1013
134645,971,1012
134646,969,1011
134647,969,1009
134648,967,1009
134649,970,1014
134650,972,1013
134651,976,1011
134652,972,1009
134653,969,1007
134654,968,1008
134655,971,1012
134656,972,1012
134657,976,1012
134658,974,1010
134659,972,1006
134660,971,1009
134661,975,1009
134662,977,1014
134663,985,1010
134664,991,1005
134665,1003,999
134666,1017,998
134667,1039,997
134668,1065,995
134669,1098,985
134670,1131,970
134671,1162,957
134672,1193,952
134673,1226,960
134674,1252,977
134675,1266,995
134676,1258,1010
134677,1231,1016
134678,1184,1017
134679,1134,1025
134680,1085,1035
134681,1040,1045
134682,992,1049
134683,961,1047
134684,950,1043
134685,956,1034
134686,967,1027
134687,971,1019
134688,973,1009
134689,968,1008
134690,965,1005
134691,962,1009
134692,965,1011
134693,965,1008
134694,964,1011
134695,958,1006
134696,957,1006
134697,957,1011
134698,958,1014
134699,960,1013
134700,954,1013
134701,949,1009
134702,949,1011
134703,951,1011
134704,954,1016
134705,952,1009
134706,954,1011
134707,950,1010
134708,947,1009
134709,946,1012
134710,949,1013
134711,946,1010
134712,947,1009
134713,946,1006
134714,946,1005
134715,948,1007
134716,945,1010
134717,947,1012
134718,947,1007
134719,946,1006
134720,946,1004
134721,948,1007
134722,952,1012
134723,954,1011
134724,955,1010
134725,955,1007
134726,952,1006
134727,955,1005
134728,956,1009
134729,959,1008
134730,961,1008
134731,958,1004
134732,957,1004
134733,957,1006
134734,959,1007
134735,964,1006
134736,965,1003
134737,963,998
134738,963,998
134739,966,1000
134740,966,1002
134741,967,1001
134742,967,999
134743,966,994
134744,967,994
134745,969,995
134746,975,997
134747,977,995
134748,974,990
134749,970,983
134750,968,984
134751,973,987
134752,975,988
134753,977,984
134754,977,981
134755,977,977
134756,978,975
134757,979,974
134758,980,975
134759,983,974
134760,982,970
134761,983,966
134762,983,962
134763,985,965
134764,985,967
134765,987,964
134766,988,961
134767,988,958
134768,990,960
134769,990,959
134770,993,961
134771,997,963
134772,997,964
134773,1002,963
134774,998,965
134775,1001,968
134776,1003,974
134777,1006,975
134778,1004,975
134779,1001,974
134780,1002,979
134781,1000,983
134782,998,989
134783,999,990
134784,996,992
134785,991,995
134786,985,999
134787,984,1001
134788,986,1007
134789,987,1005
134790,986,1006
134791,980,1007
134792,978,1006
134793,976,1011
134794,981,1015
134795,981,1012
134796,977,1015
134797,972,1013
134798,968,1016
134799,969,1020
134800,971,1020
134801,974,1022
134802,972,1016
134803,969,1016
134804,965,1018
134805,964,1018
134806,968,1019
134807,969,1017
134808,969,1015
134809,966,1014
134810,965,1014
134811,964,1016
134812,968,1017
134813,971,1013
134814,972,1010
134815,968,1010
134816,964,1007
134817,967,1008
134818,969,1008
134819,971,1006
134820,971,1003
134821,967,1003
134822,964,1002
134823,969,1006
134824,974,1006
134825,975,1006
134826,976,1004
134827,975,1003
134828,973,1007
134829,973,1012
134830,975,1013
134831,978,1015
134832,978,1013
134833,976,1011
134834,974,1011
134835,974,1013
134836,975,1015
134837,977,1015
134838,975,1013
134839,972,1011
134840,973,1011
134841,974,1012
134842,974,1017
134843,979,1015
134844,977,1013
134845,975,1008
134846,972,1009
134847,971,1014
134848,972,1016
134849,975,1014
134850,975,1010
134851,971,1011
134852,971,1009
134853,972,1007
134854,974,1013
134855,979,1010
134856,978,1008
134857,975,1007
134858,969,1006
134859,966,1011
134860,970,1013
134861,972,1010
134862,974,1004
134863,970,1002
134864,967,1002
134865,968,1005
134866,968,1008
134867,973,1009
134868,971,1008
134869,967,1003
134870,963,1002
134871,964,1003
134872,967,1005
134873,968,1006
134874,969,1006
134875,963,1006
134876,961,1006
134877,966,1008
134878,966,1016
134879,970,1014
134880,971,1014
134881,966,1010
134882,962,1011
134883,963,1014
134884,967,1020
134885,969,1020
134886,967,1016
134887,966,1013
134888,964,1012
134889,967,1016
134890,966,1019
134891,967,1019
134892,967,1019
134893,965,1016
134894,964,1017
134895,966,1018
134896,965,1023
134897,964,1021
134898,964,1019
134899,964,1017
134900,964,1015
134901,965,1017
134902,968,1020
134903,967,1021
134904,965,1019
134905,960,1015
134906,962,1017
134907,963,1021
134908,969,1020
134909,971,1016
134910,970,1015
134911,967,1009
134912,962,1008
134913,961,1012
134914,967,1015
134915,971,1019
134916,963,1014
134917,964,1005
134918,961,1007
134919,961,1006
134920,962,1009
134921,966,1006
134922,962,1004
134923,958,999
134924,960,1003
134925,960,1006
134926,962,1006
134927,965,1003
134928,962,1004
134929,961,1003
134930,961,1004
134931,963,1007
134932,967,1013
134933,970,1014
134934,970,1012
134935,967,1008
134936,966,1012
134937,967,1014
134938,966,1015
134939,970,1014
134940,970,1016
134941,966,1013
134942,967,1014
134943,968,1017
134944,971,1017
134945,973,1017
134946,972,1013
134947,968,1012
134948,967,1011
134949,970,1015
134950,972,1019
134951,977,1018
134952,972,1018
134953,968,1014
134954,969,1015
134955,970,1018
134956,971,1019
134957,972,1019
134958,969,1015
134959,970,1011
134960,971,1014
134961,974,1012
134962,977,1018
134963,981,1018
134964,979,1017
134965,972,1010
134966,966,1016
134967,967,1017
134968,970,1019
134969,973,1014
134970,969,1012
134971,965,1009
134972,967,1012
134973,970,1013
134974,970,1012
134975,970,1014
134976,970,1011
134977,969,1010
134978,967,1008
134979,970,1011
134980,971,1014
134981,968,1014
134982,966,1010
134983,963,1009
134984,963,1012
134985,966,1015
134986,968,1016
134987,974,1016
134988,973,1017
134989,972,1013
134990,969,1012
134991,970,1014
134992,974,1020
134993,976,1015
134994,974,1015
134995,968,1013
134996,967,1012
134997,965,1015
134998,970,1018
134999,971,1016
135000,967,1015
135001,966,1012
135002,965,1015
135003,967,1016
135004,971,1018
135005,974,1015
135006,973,1012
135007,972,1011
135008,969,1011
135009,968,1010
135010,972,1014
135011,970,1013
135012,972,1011
135013,972,1011
135014,971,1012
135015,972,1015
135016,973,1018
135017,973,1018
135018,974,1011
135019,973,1008
135020,971,1011
135021,970,1010
135022,973,1014
135023,973,1015
135024,972,1010
135025,969,1009
135026,966,1008
135027,970,1013
135028,972,1016
135029,974,1015
135030,973,1012
135031,971,1007
135032,969,1008
135033,965,1009
135034,968,1010
135035,970,1010
135036,971,1009
135037,974,1009
135038,975,1010
135039,978,1011
135040,978,1014
135041,977,1013
135042,979,1013
135043,976,1012
135044,975,1011
135045,977,1014
135046,981,1019
135047,980,1017
135048,978,1015
135049,975,1013
135050,975,1010
135051,974,1012
135052,978,1015
135053,975,1016
135054,974,1015
135055,971,1012
135056,971,1012
135057,974,1011
135058,974,1018
135059,977,1015
135060,979,1012
135061,976,1011
135062,975,1014
135063,975,1016
135064,978,1019
135065,979,1014
135066,976,1012
135067,975,1011
135068,973,1011
135069,976,1011
135070,979,1011
135071,980,1012
135072,978,1010
135073,975,1005
135074,974,1007
135075,977,1008
135076,978,1012
135077,979,1009
135078,975,1008
135079,974,1008
135080,972,1006
135081,975,1009
135082,977,1012
135083,977,1013
135084,975,1010
135085,971,1008
135086,971,1007
135087,973,1009
135088,978,1010
135089,978,1010
135090,980,1008
135091,978,1007
135092,978,1008
135093,978,1011
135094,983,1013
135095,985,1014
135096,983,1012
135097,981,1011
135098,979,1009
135099,982,1008
135100,984,1012
135101,987,1010
135102,983,1008
135103,982,1008
135104,981,1007
135105,984,1010
135106,984,1016
135107,988,1014
135108,987,1011
135109,987,1006
135110,986,1006
135111,989,1009
135112,991,1011
135113,997,1009
135114,1002,1005
135115,1004,1001
135116,1012,1000
135117,1025,1003
135118,1043,1002
135119,1064,997
135120,1087,994
135121,1108,986
135122,1139,977
135123,1172,974
135124,1206,971
135125,1237,965
135126,1261,964
135127,1281,973
135128,1285,987
135129,1278,1002
135130,1256,1009
135131,1220,1008
135132,1171,1009
135133,1122,1013
135134,1073,1018
135135,1028,1026
135136,990,1033
135137,971,1037
135138,966,1031
135139,971,1018
135140,978,1008
135141,984,1006
135142,982,1011
135143,982,1011
135144,978,1006
135145,973,1004
135146,970,1005
135147,970,1005
135148,973,1011
135149,972,1009
135150,969,1009
135151,964,1007
135152,964,1004
135153,963,1007
135154,964,1011
135155,967,1010
135156,964,1010
135157,963,1007
135158,959,1009
135159,962,1013
135160,961,1015
135161,963,1015
135162,960,1008
135163,959,1006
135164,959,1007
135165,957,1012
135166,960,1013
135167,961,1012
135168,962,1012
135169,960,1011
135170,958,1013
135171,957,1015
135172,960,1017
135173,961,1017
135174,960,1013
135175,959,1012
135176,958,1013
135177,960,1017
135178,962,1021
135179,963,1019
135180,965,1016
135181,959,1015
135182,957,1013
135183,957,1016
135184,963,1018
135185,965,1016
135186,962,1017
135187,960,1017
135188,957,1015
135189,959,1019
135190,962,1020
135191,964,1019
135192,964,1012
135193,961,1010
135194,959,1007
135195,959,1007
135196,963,1007
135197,967,1006
135198,966,999
135199,965,998
135200,966,999
135201,967,1002
135202,971,1002
135203,975,1001
135204,973,998
135205,971,995
135206,969,997
135207,972,998
135208,979,1000
135209,983,997
135210,983,993
135211,982,990
135212,979,990
135213,983,993
135214,985,992
135215,987,990
135216,985,986
135217,985,984
135218,984,983
135219,987,985
135220,992,989
135221,994,987
135222,996,984
135223,993,982
135224,992,980
135225,994,982
135226,997,985
135227,999,985
135228,1000,985
135229,997,981
135230,996,982
135231,998,984
135232,1002,985
135233,1005,986
135234,1007,982
135235,1002,982
135236,1002,984
135237,1005,987
135238,1010,991
135239,1012,987
135240,1011,988
135241,1009,986
135242,1005,988
135243,1007,991
135244,1007,995
135245,1010,993
135246,1006,994
135247,1002,988
135248,1001,988
135249,1000,992
135250,999,996
135251,1000,998
135252,995,998
135253,990,996
135254,990,1001
135255,990,1004
135256,990,1005
135257,990,1006
135258,988,1004
135259,984,1004
135260,982,1007
135261,981,1008
135262,981,1010
135263,982,1007
135264,980,1006
135265,975,1006
135266,973,1009
135267,974,1013
135268,977,1019
135269,977,1013
135270,976,1010
135271,971,1010
135272,969,1013
135273,972,1017
135274,973,1022
135275,973,1021
135276,973,1021
135277,969,1021
135278,968,1019
135279,970,1026
135280,973,1025
135281,977,1024
135282,973,1021
135283,969,1017
135284,967,1020
135285,972,1019
135286,975,1024
135287,976,1023
135288,977,1016
135289,976,1013
135290,975,1016
135291,974,1016
135292,978,1019
135293,978,1018
135294,978,1011
135295,978,1011
135296,974,1011
135297,977,1013
135298,981,1018
135299,983,1014
135300,982,1010
135301,979,1011
135302,976,1010
135303,977,1014
135304,981,1015
135305,983,1010
135306,980,1006
135307,979,1008
135308,980,1008
135309,979,1012
135310,984,1014
135311,985,1011
135312,982,1008
135313,978,1005
135314,977,1006
135315,978,1008
135316,980,1010
135317,981,1008
135318,979,1005
135319,976,1002
135320,974,1002
135321,977,1005
135322,979,1007
135323,979,1005
135324,975,1005
135325,974,1008
135326,971,1008
135327,970,1012
135328,976,1012
135329,977,1011
135330,978,1011
135331,976,1010
135332,974,1010
135333,978,1013
135334,981,1015
135335,984,1017
135336,980,1015
135337,977,1011
135338,977,1013
135339,980,1016
135340,981,1018
135341,983,1016
135342,982,1016
135343,979,1011
135344,978,1011
135345,980,1010
135346,983,1014
135347,981,1012
135348,979,1009
135349,976,1009
135350,975,1010
135351,977,1016
135352,981,1016
135353,982,1015
135354,979,1012
135355,976,1009
135356,974,1012
135357,978,1014
135358,980,1016
135359,979,1011
135360,977,1012
135361,973,1009
135362,976,1009
135363,975,1013
135364,975,1015
135365,979,1014
135366,977,1010
135367,974,1007
135368,971,1007
135369,974,1012
135370,977,1011
135371,976,1012
135372,972,1007
135373,971,1002
135374,968,1005
135375,971,1008
135376,974,1010
135377,976,1010
135378,972,1008
135379,969,1005
135380,969,1007
135381,969,1011
135382,972,1010
135383,973,1009
135384,973,1009
135385,970,1008
135386,972,1009
135387,974,1014
135388,979,1016
135389,980,1013
135390,979,1013
135391,979,1008
135392,978,1010
135393,982,1012
135394,991,1011
135395,1000,1010
135396,1007,1006
135397,1017,1002
135398,1030,1001
135399,1052,1004
135400,1080,1004
135401,1110,995
135402,1143,984
135403,1176,972
135404,1211,967
135405,1247,969
135406,1278,978
135407,1298,994
135408,1295,1005
135409,1272,1011
135410,1235,1015
135411,1186,1018
135412,1136,1025
135413,1084,1035
135414,1031,1043
135415,987,1046
135416,960,1050
135417,955,1054
135418,961,1049
135419,969,1035
135420,970,1024
135421,972,1015
135422,971,1013
135423,972,1013
135424,974,1013
135425,975,1009
135426,971,1010
135427,968,1008
135428,963,1012
135429,962,1012
135430,961,1015
135431,962,1013
135432,961,1013
135433,954,1007
135434,954,1008
135435,955,1008
135436,955,1013
135437,957,1014
135438,955,1011
135439,955,1012
135440,951,1010
135441,953,1013
135442,957,1018
135443,958,1016
135444,953,1014
135445,953,1011
135446,952,1013
135447,954,1011
135448,956,1017
135449,955,1017
135450,955,1015
135451,951,1011
135452,953,1014
135453,955,1020
135454,955,1022
135455,954,1020
135456,955,1017
135457,950,1014
135458,950,1016
135459,949,1018
135460,955,1019
135461,956,1018
135462,954,1016
135463,951,1012
135464,952,1013
135465,956,1015
135466,958,1015
135467,961,1009
135468,960,1006
135469,956,1003
135470,958,1003
135471,957,1008
135472,961,1008
135473,962,1005
135474,963,999
135475,963,995
135476,962,997
135477,966,995
135478,971,999
135479,973,998
135480,974,996
135481,971,992
135482,971,990
135483,974,990
135484,982,989
135485,983,985
135486,983,984
135487,980,981
135488,980,979
135489,986,978
135490,989,978
135491,993,978
135492,992,972
135493,988,975
135494,988,975
135495,995,977
135496,998,976
135497,1001,975
135498,1001,972
135499,1000,971
135500,1000,973
135501,1002,975
135502,1007,976
135503,1007,976
135504,1006,974
135505,1003,972
135506,1002,975
135507,1002,977
135508,1006,979
135509,1006,979
135510,1004,980
135511,999,983
135512,998,983
135513,999,984
135514,997,989
135515,997,990
135516,995,989
135517,990,986
135518,988,990
135519,987,995
135520,988,998
135521,985,999
135522,983,999
135523,977,997
135524,976,998
135525,976,1004
135526,976,1007
135527,977,1010
135528,974,1007
135529,967,1008
135530,963,1010
135531,967,1012
135532,970,1016
135533,969,1016
135534,966,1017
135535,961,1014
135536,961,1016
135537,960,1021
135538,962,1023
135539,962,1020
135540,961,1019
135541,956,1017
135542,955,1016
135543,957,1019
135544,960,1023
135545,961,1023
135546,958,1023
135547,959,1023
135548,958,1026
135549,957,1029
135550,963,1029
135551,963,1028
135552,962,1026
135553,959,1028
135554,958,1025
135555,960,1031
135556,959,1033
135557,961,1032
135558,961,1031
135559,960,1031
135560,960,1028
135561,962,1028
135562,966,1029
135563,970,1025
135564,968,1019
135565,964,1016
135566,963,1015
135567,966,1016
135568,967,1012
135569,969,1012
135570,968,1011
135571,965,1009
135572,965,1010
135573,968,1011
135574,969,1012
135575,973,1010
135576,969,1008
135577,969,1007
135578,967,1006
135579,969,1007
135580,970,1007
135581,972,1009
135582,969,1007
135583,965,1003
135584,965,1007
135585,968,1009
135586,970,1010
135587,969,1010
135588,967,1009
135589,965,1008
135590,967,1010
135591,965,1013
135592,970,1014
135593,973,1013
135594,970,1012
135595,967,1013
135596,963,1013
135597,963,1014
135598,968,1019
135599,967,1022
135600,966,1021
135601,963,1021
135602,963,1022
135603,965,1027
135604,968,1028
135605,970,1029
135606,969,1023
135607,964,1021
135608,960,1019
135609,960,1021
135610,962,1025
135611,964,1019
135612,961,1019
135613,958,1016
135614,958,1016
135615,958,1019
135616,963,1024
135617,964,1019
135618,963,1016
135619,957,1015
135620,959,1014
135621,960,1015
135622,962,1015
135623,961,1016
135624,961,1011
135625,960,1009
135626,961,1010
135627,962,1013
135628,967,1019
135629,966,1015
135630,963,1014
135631,960,1012
135632,961,1011
135633,961,1013
135634,965,1016
135635,965,1015
135636,965,1014
135637,963,1011
135638,962,1011
135639,962,1013
135640,963,1016
135641,967,1013
135642,965,1012
135643,959,1009
135644,959,1010
135645,960,1015
135646,967,1019
135647,966,1017
135648,966,1015
135649,958,1014
135650,959,1018
135651,961,1023
135652,968,1026
135653,968,1026
135654,966,1023
135655,963,1019
135656,963,1020
135657,964,1022
135658,968,1024
135659,969,1023
135660,969,1019
135661,967,1013
135662,969,1016
135663,970,1018
135664,974,1019
135665,974,1017
135666,973,1014
135667,971,1011
135668,974,1010
135669,976,1010
135670,983,1009
135671,986,1003
135672,995,1002
135673,1005,996
135674,1023,994
135675,1045,994
135676,1073,991
135677,1105,983
135678,1140,972
135679,1175,961
135680,1211,955
135681,1247,960
135682,1274,974
135683,1286,990
135684,1270,1004
135685,1236,1007
135686,1185,1014
135687,1131,1022
135688,1081,1033
135689,1027,1040
135690,984,1042
135691,959,1040
135692,955,1037
135693,961,1031
135694,966,1023
135695,973,1014
135696,972,1010
135697,967,1007
135698,962,1008
135699,963,1012
135700,965,1013
135701,966,1014
135702,960,1014
135703,953,1013
135704,954,1015
135705,956,1018
135706,959,1021
135707,958,1018
135708,956,1017
135709,954,1015
135710,952,1016
135711,952,1019
135712,953,1017
135713,953,1016
135714,950,1015
135715,945,1013
135716,947,1014
135717,949,1014
135718,952,1019
135719,953,1017
135720,950,1016
135721,949,1014
135722,947,1015
135723,949,1018
135724,950,1017
135725,954,1014
135726,953,1013
135727,949,1010
135728,949,1012
135729,948,1013
135730,953,1015
135731,953,1013
135732,952,1009
135733,947,1006
135734,948,1008
135735,949,1011
135736,954,1012
135737,954,1012
135738,953,1009
135739,951,1007
135740,952,1011
135741,953,1011
135742,955,1014
135743,956,1014
135744,956,1008
135745,955,1007
135746,954,1007
135747,957,1007
135748,961,1009
135749,965,1005
135750,963,1003
135751,962,1001
135752,964,1000
135753,968,999
135754,976,1001
135755,977,994
135756,974,993
135757,975,989
135758,977,991
135759,983,992
135760,986,994
135761,989,993
135762,990,987
135763,988,984
135764,989,985
135765,993,985
135766,997,986
135767,999,986
135768,1000,977
135769,998,976
135770,999,976
135771,1002,980
135772,1007,980
135773,1006,978
135774,1004,977
135775,1004,974
135776,1003,975
135777,1005,978
135778,1007,977
135779,1005,975
135780,1005,972
135781,1002,972
135782,1002,973
135783,1002,978
135784,1003,979
135785,1001,979
135786,1001,979
135787,996,978
135788,994,980
135789,995,986
135790,997,986
135791,995,989
135792,991,987
135793,987,990
135794,984,992
135795,986,997
135796,981,1003
135797,984,1004
135798,982,1005
135799,979,1004
135800,978,1006
135801,979,1012
135802,978,1013
135803,980,1011
135804,976,1010
135805,972,1010
135806,969,1012
135807,970,1017
135808,974,1020
135809,976,1019
135810,976,1015
135811,972,1014
135812,971,1017
135813,973,1019
135814,977,1020
135815,975,1020
135816,973,1019
135817,970,1017
135818,970,1020
135819,973,1019
135820,979,1022
135821,981,1022
135822,978,1021
135823,975,1019
135824,976,1019
135825,977,1022
135826,982,1022
135827,981,1021
135828,981,1017
135829,984,1013
135830,988,1014
135831,993,1019
135832,1001,1023
135833,1003,1025
135834,1005,1023
135835,1009,1024
135836,1012,1026
135837,1021,1026
135838,1036,1021
135839,1050,1008
135840,1059,992
135841,1067,971
135842,1079,960
135843,1097,953
135844,1116,942
135845,1130,925
135846,1143,908
135847,1156,885
135848,1175,863
135849,1194,845
135850,1217,827
135851,1236,810
135852,1246,795
135853,1251,786
135854,1252,785
135855,1252,787
135856,1251,785
135857,1247,785
135858,1242,780
135859,1231,780
135860,1219,779
135861,1204,782
135862,1185,788
135863,1163,791
135864,1139,798
135865,1110,811
135866,1087,819
135867,1068,835
135868,1055,853
135869,1046,866
135870,1041,880
135871,1037,889
135872,1033,905
135873,1028,918
135874,1032,927
135875,1039,938
135876,1048,945
135877,1062,949
135878,1075,959
135879,1075,966
135880,1064,975
135881,1037,987
135882,1000,991
135883,966,1001
135884,946,1017
135885,935,1028
135886,931,1040
135887,926,1050
135888,919,1055
135889,915,1056
135890,910,1060
135891,904,1065
135892,906,1068
135893,901,1069
135894,895,1069
135895,892,1070
135896,886,1074
135897,885,1077
135898,887,1080
135899,886,1083
135900,883,1082
135901,878,1080
135902,875,1086
135903,875,1088
135904,875,1091
135905,875,1092
135906,873,1088
135907,870,1092
135908,868,1094
135909,870,1097
135910,871,1102
135911,872,1102
135912,870,1099
135913,867,1101
135914,868,1103
135915,871,1110
135916,871,1111
135917,872,1114
135918,868,1112
135919,867,1112
135920,865,1117
135921,867,1124
135922,867,1127
135923,866,1129
135924,866,1128
135925,864,1130
135926,864,1137
135927,866,1142
135928,869,1146
135929,870,1150
135930,868,1149
135931,865,1147
135932,867,1153
135933,872,1157
135934,877,1163
135935,876,1163
135936,877,1160
135937,876,1160
135938,878,1165
135939,884,1164
135940,885,1166
135941,888,1165
135942,888,1161
135943,890,1158
135944,894,1158
135945,898,1159
135946,905,1160
135947,910,1155
135948,911,1145
135949,911,1138
135950,914,1133
135951,920,1131
135952,925,1129
135953,929,1118
135954,933,1115
135955,935,1105
135956,938,1098
135957,942,1097
135958,946,1095
135959,952,1088
135960,948,1081
135961,947,1074
135962,945,1070
135963,949,1068
135964,953,1067
135965,954,1061
135966,953,1053
135967,953,1048
135968,953,1047
135969,955,1046
135970,957,1044
135971,957,1042
135972,956,1036
135973,952,1034
135974,954,1032
135975,956,1035
135976,957,1035
135977,959,1031
135978,955,1030
135979,954,1028
135980,956,1027
135981,955,1029
135982,957,1033
135983,957,1032
135984,958,1029
135985,958,1026
135986,955,1025
135987,958,1026
135988,960,1025
135989,957,1021
135990,958,1016
135991,953,1013
135992,954,1016
135993,957,1020
135994,960,1021
135995,961,1020
135996,958,1019
135997,958,1017
135998,958,1022
135999,959,1022
136000,962,1022
136001,959,1022
136002,961,1021
136003,957,1019
136004,960,1018
136005,962,1024
136006,963,1024
136007,965,1022
136008,963,1019
136009,963,1018
136010,961,1016
136011,964,1021
136012,966,1022
136013,966,1021
136014,965,1019
136015,961,1017
136016,962,1017
136017,963,1020
136018,965,1023
136019,966,1022
136020,965,1020
136021,962,1020
136022,962,1023
136023,965,1024
136024,967,1025
136025,967,1023
136026,966,1018
136027,962,1016
136028,960,1018
136029,963,1020
136030,964,1024
136031,966,1024
136032,964,1020
136033,959,1017
136034,960,1022
136035,963,1025
136036,968,1023
136037,965,1025
136038,962,1022
136039,958,1020
136040,958,1021
136041,958,1024
136042,964,1028
136043,965,1024
136044,963,1023
136045,959,1022
136046,960,1022
136047,959,1024
136048,963,1027
136049,966,1024
136050,964,1022
136051,963,1020
136052,961,1021
136053,962,1021
136054,963,1025
136055,963,1024
136056,963,1023
136057,960,1021
136058,960,1022
136059,963,1026
136060,967,1027
136061,965,1024
136062,964,1021
136063,961,1018
136064,962,1020
136065,962,1023
136066,965,1026
136067,965,1025
136068,960,1023
136069,959,1022
136070,958,1021
136071,963,1023
136072,969,1022
136073,967,1021
136074,964,1021
136075,963,1018
136076,961,1020
136077,962,1021
136078,968,1024
136079,966,1023
136080,967,1020
136081,963,1020
136082,964,1021
136083,962,1023
136084,965,1025
136085,968,1023
136086,966,1020
136087,964,1018
136088,964,1019
136089,965,1021
136090,969,1023
136091,968,1021
136092,967,1022
136093,965,1022
136094,965,1022
136095,964,1026
136096,967,1026
136097,964,1026
136098,964,1022
136099,961,1023
136100,961,1024
136101,962,1029
136102,963,1031
136103,965,1029
136104,963,1028
136105,960,1025
136106,957,1026
136107,960,1027
136108,964,1029
136109,966,1028
136110,964,1024
136111,961,1019
136112,959,1020
136113,965,1021
136114,968,1025
136115,965,1023
136116,966,1024
136117,964,1021
136118,965,1023
136119,966,1025
136120,969,1027
136121,970,1028
136122,965,1026
136123,964,1024
136124,964,1024
136125,966,1025
136126,968,1028
136127,969,1027
136128,966,1024
136129,964,1022
136130,964,1024
136131,967,1028
136132,973,1032
136133,971,1027
136134,970,1022
136135,967,1022
136136,968,1019
136137,968,1023
136138,970,1020
136139,969,1021
136140,966,1019
136141,965,1017
136142,966,1019
136143,968,1025
136144,971,1028
136145,967,1026
136146,967,1022
136147,960,1021
136148,963,1023
136149,965,1025
136150,969,1028
136151,965,1025
136152,968,1024
136153,967,1020
136154,964,1022
136155,968,1023
136156,970,1026
136157,969,1021
136158,968,1016
136159,968,1015
136160,966,1018
136161,971,1021
136162,973,1021
136163,975,1021
136164,974,1019
136165,970,1017
136166,973,1019
136167,974,1025
136168,977,1025
136169,979,1022
136170,981,1020
136171,979,1018
136172,981,1015
136173,985,1016
136174,992,1015
136175,1001,1012
136176,1010,1010
136177,1022,1004
136178,1040,1003
136179,1066,1002
136180,1097,999
136181,1128,987
136182,1161,979
136183,1187,971
136184,1223,970
136185,1256,980
136186,1279,996
136187,1281,1014
136188,1257,1023
136189,1209,1025
136190,1152,1029
136191,1098,1040
136192,1049,1047
136193,1005,1048
136194,975,1047
136195,965,1038
136196,971,1031
136197,980,1027
136198,985,1023
136199,981,1019
136200,974,1017
136201,971,1016
136202,968,1019
136203,968,1021
136204,965,1025
136205,967,1023
136206,961,1021
136207,959,1017
136208,959,1019
136209,960,1021
136210,963,1024
136211,963,1021
136212,960,1020
136213,956,1016
136214,954,1018
136215,955,1018
136216,956,1023
136217,957,1019
136218,952,1017
136219,952,1017
136220,951,1018
136221,953,1021
136222,955,1023
136223,957,1022
136224,954,1020
136225,952,1021
136226,952,1021
136227,953,1022
136228,954,1029
136229,953,1027
136230,954,1025
136231,950,1025
136232,951,1025
136233,949,1026
136234,952,1027
136235,953,1025
136236,952,1023
136237,950,1022
136238,950,1023
136239,952,1025
136240,957,1026
136241,960,1025
136242,954,1022
136243,952,1018
136244,954,1021
136245,956,1022
136246,960,1024
136247,962,1020
136248,962,1017
136249,959,1015
136250,962,1014
136251,965,1016
136252,970,1014
136253,972,1013
136254,970,1012
136255,971,1007
136256,970,1008
136257,972,1008
136258,977,1008
136259,980,1003
136260,978,999
136261,976,997
136262,977,997
136263,982,996
136264,986,997
136265,987,993
136266,988,990
136267,986,990
136268,989,990
136269,992,992
136270,997,993
136271,995,995
136272,997,988
136273,994,988
136274,997,989
136275,999,990
136276,1005,992
136277,1006,991
136278,1006,989
136279,1005,987
136280,1007,992
136281,1012,991
136282,1015,992
136283,1016,993
136284,1015,991
136285,1013,993
136286,1012,996
136287,1015,999
136288,1015,1002
136289,1014,1002
136290,1008,999
136291,1005,1002
136292,1002,1007
136293,1003,1012
136294,1005,1015
136295,1004,1014
136296,998,1010
136297,994,1009
136298,993,1013
136299,991,1017
136300,990,1020
136301,991,1023
136302,986,1019
136303,981,1022
136304,984,1024
136305,983,1025
136306,985,1026
136307,985,1026
136308,979,1023
136309,977,1022
136310,977,1024
136311,978,1028
136312,978,1028
136313,980,1028
136314,977,1024
136315,975,1021
136316,974,1023
136317,978,1025
136318,980,1028
136319,978,1027
136320,975,1025
136321,972,1022
136322,975,1025
136323,978,1029
136324,980,1030
136325,980,1027
136326,979,1025
136327,976,1020
136328,976,1021
136329,978,1023
136330,979,1023
136331,982,1022
136332,978,1017
136333,977,1014
136334,978,1016
136335,981,1021
136336,983,1022
136337,983,1020
136338,981,1019
136339,978,1018
136340,978,1016
136341,978,1020
136342,983,1022
136343,981,1017
136344,981,1018
136345,978,1016
136346,975,1019
136347,979,1022
136348,981,1025
136349,983,1022
136350,980,1017
136351,978,1015
136352,974,1015
136353,979,1018
136354,982,1018
136355,983,1018
136356,982,1016
136357,979,1013
136358,980,1019
136359,982,1017
136360,986,1020
136361,986,1020
136362,982,1019
136363,979,1017
136364,978,1020
136365,981,1024
136366,982,1024
136367,982,1019
136368,981,1015
136369,977,1014
136370,978,1018
136371,981,1017
136372,984,1021
136373,983,1018
136374,981,1016
136375,978,1011
136376,977,1014
136377,980,1017
136378,985,1017
136379,984,1017
136380,985,1017
136381,985,1014
136382,985,1015
136383,989,1016
136384,990,1015
136385,993,1010
136386,1000,1008
136387,1008,1004
136388,1018,1004
136389,1034,1005
136390,1058,1002
136391,1087,1000
136392,1118,991
136393,1151,982
136394,1190,985
136395,1230,990
136396,1266,1011
136397,1283,1030
136398,1280,1041
136399,1253,1042
136400,1209,1042
136401,1156,1051
136402,1105,1063
136403,1048,1070
136404,998,1064
136405,969,1058
136406,961,1053
136407,964,1040
136408,970,1031
136409,978,1024
136410,976,1017
136411,971,1014
136412,969,1016
136413,966,1020
136414,967,1021
136415,960,1021
136416,962,1019
136417,957,1018
136418,956,1020
136419,958,1021
136420,960,1024
136421,961,1023
136422,959,1022
136423,957,1020
136424,954,1021
136425,956,1023
136426,957,1026
136427,955,1025
136428,954,1022
136429,949,1022
136430,951,1020
136431,951,1023
136432,955,1023
136433,954,1022
136434,953,1019
136435,947,1016
136436,947,1018
136437,951,1023
136438,951,1023
136439,952,1022
136440,948,1021
136441,950,1019
136442,949,1021
136443,953,1023
136444,953,1023
136445,955,1019
136446,953,1017
136447,950,1015
136448,950,1018
136449,952,1017
136450,953,1020
136451,954,1017
136452,953,1014
136453,951,1009
136454,955,1013
136455,955,1014
136456,960,1016
136457,960,1013
136458,959,1008
136459,956,1009
136460,960,1009
136461,965,1008
136462,968,1007
136463,968,1001
136464,965,999
136465,964,995
136466,967,998
136467,972,999
136468,973,1000
136469,971,995
136470,976,989
136471,974,985
136472,975,983
136473,976,983
136474,979,982
136475,979,980
136476,981,979
136477,975,975
136478,978,975
136479,981,979
136480,985,979
136481,984,976
136482,984,973
136483,981,969
136484,984,971
136485,987,973
136486,992,976
136487,992,976
136488,990,974
136489,985,974
136490,988,978
136491,989,981
136492,995,981
136493,992,981
136494,989,981
136495,985,982
136496,986,985
136497,986,994
136498,989,994
136499,988,998
136500,986,999
136501,981,1001
136502,981,1005
136503,983,1010
136504,985,1010
136505,982,1013
136506,978,1014
136507,976,1013
136508,974,1019
136509,977,1023
136510,978,1023
136511,978,1021
136512,972,1023
136513,966,1025
136514,964,1026
136515,967,1031
136516,970,1032
136517,969,1032
136518,965,1029
136519,961,1028
136520,960,1032
136521,963,1035
136522,967,1036
136523,965,1037
136524,962,1031
136525,960,1031
136526,961,1034
136527,964,1033
136528,968,1037
136529,967,1037
136530,967,1032
136531,964,1032
136532,965,1032
136533,966,1034
136534,970,1035
136535,968,1035
136536,965,1033
136537,962,1031
136538,964,1033
136539,965,1035
136540,971,1036
136541,972,1032
136542,970,1030
136543,967,1027
136544,969,1031
136545,972,1031
136546,975,1031
136547,975,1030
136548,972,1025
136549,973,1024
136550,970,1028
136551,971,1027
136552,972,1027
136553,972,1028
136554,969,1025
136555,966,1023
136556,967,1024
136557,970,1025
136558,973,1026
136559,974,1025
136560,973,1024
136561,969,1022
136562,967,1026
136563,969,1026
136564,973,1027
136565,970,1025
136566,970,1024
136567,970,1024
136568,969,1025
136569,971,1027
136570,974,1028
136571,971,1027
136572,968,1025
136573,964,1025
136574,965,1027
136575,968,1028
136576,971,1031
136577,971,1029
136578,969,1026
136579,966,1022
136580,967,1024
136581,969,1028
136582,971,1029
136583,971,1025
136584,972,1025
136585,968,1025
136586,969,1027
136587,973,1030
136588,977,1031
136589,978,1028
136590,975,1029
136591,971,1030
136592,970,1034
136593,971,1035
136594,972,1034
136595,976,1032
136596,972,1030
136597,969,1029
136598,969,1027
136599,973,1031
136600,977,1030
136601,977,1029
136602,972,1025
136603,971,1024
136604,972,1026
136605,974,1029
136606,978,1034
136607,981,1032
136608,975,1030
136609,972,1026
136610,973,1027
136611,978,1029
136612,981,1030
136613,984,1024
136614,990,1020
136615,998,1016
136616,1012,1014
136617,1030,1017
136618,1055,1016
136619,1085,1010
136620,1117,996
136621,1150,985
136622,1190,981
136623,1228,985
136624,1258,999
136625,1269,1016
136626,1251,1025
136627,1210,1028
136628,1154,1032
136629,1095,1044
136630,1040,1059
136631,991,1067
136632,958,1069
136633,947,1063
136634,955,1052
136635,965,1041
136636,972,1032
136637,970,1029
136638,965,1025
136639,961,1022
136640,961,1023
136641,962,1027
136642,963,1031
136643,961,1029
136644,958,1027
136645,954,1024
136646,951,1027
136647,954,1029
136648,956,1032
136649,955,1031
136650,949,1028
136651,947,1027
136652,948,1030
136653,951,1032
136654,952,1036
136655,951,1030
136656,948,1030
136657,945,1028
136658,945,1028
136659,948,1030
136660,950,1031
136661,952,1029
136662,950,1029
136663,947,1027
136664,947,1030
136665,952,1029
136666,954,1031
136667,955,1031
136668,954,1027
136669,950,1024
136670,948,1021
136671,951,1026
136672,955,1026
136673,957,1023
136674,957,1020
136675,957,1019
136676,958,1020
136677,961,1023
136678,962,1023
136679,963,1023
136680,964,1018
136681,961,1016
136682,962,1017
136683,966,1020
136684,968,1019
136685,970,1018
136686,971,1014
136687,970,1014
136688,971,1012
136689,976,1018
136690,979,1018
136691,981,1015
136692,980,1011
136693,978,1008
136694,981,1009
136695,982,1008
136696,988,1008
136697,987,1003
136698,987,999
136699,983,999
136700,983,999
136701,987,1000
136702,991,998
136703,991,995
136704,990,990
136705,988,987
136706,988,987
136707,991,989
136708,993,990
136709,994,984
136710,994,982
136711,993,982
136712,991,984
136713,995,988
136714,999,989
136715,997,990
136716,996,990
136717,995,991
136718,994,995
136719,998,1000
136720,1003,1003
136721,999,1000
136722,998,1001
136723,995,1003
136724,997,1009
136725,996,1015
136726,998,1016
136727,996,1018
136728,994,1016
136729,989,1021
136730,986,1025
136731,986,1027
136732,987,1031
136733,983,1031
136734,982,1027
136735,982,1033
136736,981,1031
136737,981,1037
136738,982,1040
136739,982,1037
136740,978,1037
136741,976,1033
136742,975,1035
136743,979,1038
136744,980,1039
136745,981,1037
136746,979,1034
136747,976,1033
136748,978,1034
136749,977,1036
136750,980,1038
136751,981,1033
136752,981,1031
136753,986,1030
136754,990,1031
136755,997,1036
136756,1007,1036
136757,1011,1037
136758,1012,1037
136759,1015,1037
136760,1021,1041
136761,1030,1043
136762,1043,1039
136763,1058,1026
136764,1067,1006
136765,1077,987
136766,1091,976
136767,1108,965
136768,1131,951
136769,1142,935
136770,1155,915
136771,1169,892
136772,1190,871
136773,1211,851
136774,1233,833
136775,1248,815
136776,1259,803
136777,1258,796
136778,1256,798
136779,1255,800
136780,1255,799
136781,1251,795
136782,1239,791
136783,1227,787
136784,1206,791
136785,1190,801
136786,1172,804
136787,1147,814
136788,1122,821
136789,1095,833
136790,1074,851
136791,1064,868
136792,1060,883
136793,1056,898
136794,1048,906
136795,1039,915
136796,1037,927
136797,1040,941
136798,1047,953
136799,1056,961
136800,1070,965
136801,1078,973
136802,1081,977
136803,1075,987
136804,1058,998
136805,1029,1005
136806,994,1015
136807,965,1031
136808,948,1047
136809,939,1062
136810,937,1074
136811,931,1079
136812,921,1076
136813,917,1078
136814,912,1082
136815,910,1088
136816,908,1089
136817,906,1091
136818,898,1093
136819,892,1093
136820,886,1095
136821,887,1100
136822,887,1101
136823,885,1099
136824,881,1099
136825,875,1099
136826,873,1107
136827,876,1110
136828,878,1114
136829,876,1113
136830,872,1111
136831,868,1111
136832,868,1115
136833,870,1120
136834,871,1124
136835,870,1123
136836,868,1120
136837,865,1124
136838,864,1129
136839,866,1133
136840,869,1136
136841,869,1136
136842,867,1132
136843,864,1132
136844,865,1137
136845,868,1146
136846,868,1148
136847,870,1146
136848,868,1142
136849,866,1146
136850,866,1151
136851,868,1154
136852,871,1158
136853,871,1157
136854,871,1159
136855,869,1160
136856,870,1165
136857,875,1169
136858,878,1172
136859,879,1171
136860,878,1172
136861,879,1171
136862,879,1173
136863,883,1180
136864,888,1176
136865,889,1174
136866,891,1170
136867,889,1170
136868,894,1173
136869,899,1172
136870,906,1173
136871,908,1168
136872,911,1164
136873,914,1159
136874,916,1154
136875,925,1156
136876,933,1153
136877,935,1144
136878,934,1140
136879,933,1134
136880,932,1130
136881,940,1128
136882,946,1125
136883,948,1118
136884,948,1114
136885,946,1106
136886,948,1100
136887,955,1099
136888,959,1096
136889,960,1088
136890,957,1079
136891,957,1076
136892,956,1075
136893,959,1068
136894,961,1063
136895,961,1060
136896,960,1055
136897,960,1051
136898,960,1053
136899,961,1050
136900,964,1052
136901,965,1048
136902,961,1047
136903,960,1044
136904,959,1045
136905,963,1046
136906,968,1047
136907,967,1046
136908,963,1040
136909,961,1037
136910,961,1038
136911,963,1042
136912,967,1042
136913,966,1039
136914,963,1038
136915,960,1033
136916,962,1036
136917,962,1038
136918,965,1039
136919,965,1037
136920,964,1034
136921,959,1034
136922,961,1032
136923,963,1037
136924,968,1037
136925,967,1036
136926,968,1033
136927,963,1030
136928,964,1031
136929,968,1034
136930,970,1035
136931,970,1032
136932,970,1026
136933,969,1026
136934,970,1030
136935,972,1034
136936,974,1034
136937,975,1030
136938,971,1026
136939,972,1027
136940,973,1029
136941,973,1030
136942,977,1032
136943,977,1026
136944,976,1024
136945,974,1024
136946,975,1022
136947,978,1026
136948,980,1025
136949,979,1024
136950,978,1023
136951,974,1023
136952,976,1027
136953,974,1028
136954,980,1027
136955,978,1028
136956,977,1026
136957,974,1027
136958,975,1028
136959,976,1027
136960,977,1029
136961,977,1028
136962,972,1028
136963,971,1028
136964,971,1030
136965,976,1032
136966,978,1034
136967,975,1033
136968,975,1030
136969,970,1028
136970,971,1030
136971,972,1033
136972,975,1033
136973,974,1033
136974,971,1028
136975,969,1030
136976,971,1030
136977,973,1028
136978,974,1028
136979,975,1025
136980,973,1022
136981,970,1021
136982,971,1024
136983,973,1027
136984,979,1028
136985,979,1027
136986,978,1023
136987,976,1024
136988,976,1025
136989,976,1027
136990,979,1028
136991,978,1027
136992,975,1022
136993,976,1021
136994,975,1026
136995,979,1030
136996,981,1030
136997,982,1027
136998,978,1023
136999,976,1022
137000,977,1026
137001,977,1029
137002,978,1028
137003,979,1026
137004,974,1024
137005,972,1024
137006,973,1022
137007,975,1026
137008,980,1026
137009,978,1025
137010,974,1021
137011,972,1021
137012,976,1025
137013,977,1024
137014,982,1027
137015,980,1022
137016,979,1020
137017,974,1018
137018,975,1022
137019,977,1024
137020,979,1025
137021,978,1025
137022,975,1024
137023,973,1022
137024,974,1028
137025,979,1029
137026,983,1028
137027,983,1023
137028,981,1022
137029,979,1023
137030,977,1027
137031,979,1026
137032,982,1027
137033,980,1026
137034,977,1023
137035,978,1027
137036,979,1029
137037,979,1033
137038,982,1033
137039,983,1029
137040,979,1026
137041,980,1026
137042,981,1028
137043,986,1030
137044,989,1028
137045,990,1026
137046,989,1025
137047,987,1026
137048,987,1029
137049,986,1030
137050,986,1034
137051,988,1030
137052,984,1029
137053,985,1024
137054,983,1023
137055,987,1026
137056,991,1029
137057,991,1026
137058,989,1024
137059,988,1023
137060,990,1023
137061,993,1025
137062,997,1022
137063,1000,1018
137064,1003,1010
137065,1008,1008
137066,1022,1010
137067,1037,1011
137068,1056,1005
137069,1073,1001
137070,1096,993
137071,1122,984
137072,1155,978
137073,1190,973
137074,1227,977
137075,1254,986
137076,1269,1002
137077,1274,1022
137078,1257,1035
137079,1228,1039
137080,1184,1039
137081,1130,1044
137082,1073,1057
137083,1024,1063
137084,985,1070
137085,968,1072
137086,970,1066
137087,977,1053
137088,979,1039
137089,977,1032
137090,980,1032
137091,980,1032
137092,981,1033
137093,978,1030
137094,973,1026
137095,971,1024
137096,969,1025
137097,970,1028
137098,970,1030
137099,967,1030
137100,964,1027
137101,963,1027
137102,963,1028
137103,966,1031
137104,972,1030
137105,971,1029
137106,969,1028
137107,963,1025
137108,962,1027
137109,963,1032
137110,968,1032
137111,971,1031
137112,965,1027
137113,961,1024
137114,959,1027
137115,961,1030
137116,964,1033
137117,964,1031
137118,962,1027
137119,958,1028
137120,957,1025
137121,963,1027
137122,965,1028
137123,966,1024
137124,964,1023
137125,960,1023
137126,963,1025
137127,963,1027
137128,966,1027
137129,966,1025
137130,963,1021
137131,959,1022
137132,962,1023
137133,968,1024
137134,970,1024
137135,967,1023
137136,964,1018
137137,960,1019
137138,963,1022
137139,964,1022
137140,966,1022
137141,970,1020
137142,968,1016
137143,968,1015
137144,967,1019
137145,971,1020
137146,974,1021
137147,975,1017
137148,974,1014
137149,972,1012
137150,974,1015
137151,979,1015
137152,981,1013
137153,984,1009
137154,984,1008
137155,981,1008
137156,982,1005
137157,985,1007
137158,988,1006
137159,990,1003
137160,989,1000
137161,988,999
137162,987,996
137163,992,1000
137164,997,998
137165,1000,994
137166,997,992
137167,997,989
137168,996,994
137169,999,995
137170,1003,993
137171,1004,990
137172,1003,986
137173,1001,985
137174,1001,988
137175,1004,988
137176,1007,988
137177,1006,988
137178,1004,983
137179,1002,983
137180,1006,987
137181,1007,988
137182,1011,988
137183,1012,987
137184,1010,985
137185,1010,985
137186,1010,991
137187,1013,994
137188,1016,994
137189,1016,993
137190,1015,994
137191,1014,994
137192,1011,1004
137193,1014,1004
137194,1015,1007
137195,1013,1011
137196,1014,1008
137197,1010,1012
137198,1005,1016
137199,1005,1021
137200,1004,1025
137201,1002,1024
137202,997,1024
137203,994,1027
137204,993,1030
137205,994,1033
137206,995,1035
137207,992,1035
137208,988,1034
137209,983,1033
137210,984,1034
137211,986,1038
137212,987,1040
137213,986,1039
137214,983,1038
137215,978,1038
137216,976,1040
137217,983,1043
137218,985,1043
137219,984,1044
137220,983,1039
137221,978,1038
137222,978,1039
137223,981,1038
137224,980,1039
137225,980,1039
137226,979,1037
137227,978,1033
137228,979,1033
137229,982,1035
137230,986,1034
137231,984,1031
137232,979,1029
137233,978,1027
137234,978,1027
137235,979,1027
137236,982,1025
137237,980,1026
137238,979,1024
137239,979,1022
137240,978,1023
137241,982,1026
137242,984,1026
137243,983,1025
137244,982,1022
137245,977,1020
137246,980,1024
137247,986,1029
137248,989,1027
137249,989,1027
137250,988,1023
137251,987,1024
137252,986,1023
137253,986,1025
137254,986,1028
137255,986,1025
137256,984,1024
137257,981,1023
137258,982,1028
137259,984,1029
137260,989,1030
137261,988,1026
137262,987,1025
137263,987,1025
137264,986,1027
137265,988,1030
137266,987,1031
137267,985,1028
137268,982,1027
137269,980,1027
137270,980,1026
137271,985,1027
137272,988,1026
137273,991,1025
137274,988,1024
137275,985,1024
137276,984,1026
137277,984,1029
137278,986,1029
137279,985,1030
137280,982,1028
137281,981,1026
137282,981,1031
137283,982,1034
137284,989,1033
137285,986,1029
137286,984,1026
137287,982,1025
137288,983,1029
137289,985,1030
137290,985,1030
137291,987,1030
137292,985,1026
137293,983,1025
137294,986,1029
137295,987,1029
137296,987,1029
137297,987,1027
137298,983,1026
137299,983,1028
137300,983,1031
137301,986,1032
137302,992,1031
137303,990,1027
137304,989,1027
137305,986,1027
137306,989,1028
137307,991,1026
137308,997,1023
137309,1003,1018
137310,1009,1013
137311,1016,1015
137312,1025,1013
137313,1038,1014
137314,1056,1014
137315,1079,1008
137316,1104,1001
137317,1132,991
137318,1168,985
137319,1201,986
137320,1231,990
137321,1255,1001
137322,1268,1018
137323,1268,1036
137324,1256,1048
137325,1234,1052
137326,1198,1052
137327,1153,1052
137328,1101,1057
137329,1046,1068
137330,995,1082
137331,963,1095
137332,950,1100
137333,950,1097
137334,957,1082
137335,957,1067
137336,964,1055
137337,969,1051
137338,969,1042
137339,968,1034
137340,969,1030
137341,967,1026
137342,966,1029
137343,963,1030
137344,965,1031
137345,964,1028
137346,958,1026
137347,952,1024
137348,952,1025
137349,955,1027
137350,955,1027
137351,957,1024
137352,954,1025
137353,953,1027
137354,952,1030
137355,951,1030
137356,956,1029
137357,954,1028
137358,952,1025
137359,949,1025
137360,947,1027
137361,948,1028
137362,954,1027
137363,954,1023
137364,951,1020
137365,947,1020
137366,948,1022
137367,949,1025
137368,953,1023
137369,953,1021
137370,950,1018
137371,945,1021
137372,947,1024
137373,949,1022
137374,952,1023
137375,950,1017
137376,950,1015
137377,947,1014
137378,947,1014
137379,949,1016
137380,952,1015
137381,953,1016
137382,952,1011
137383,951,1011
137384,954,1012
137385,958,1015
137386,960,1013
137387,959,1009
137388,957,1007
137389,957,1003
137390,960,1004
137391,964,1008
137392,967,1007
137393,969,999
137394,965,995
137395,962,995
137396,963,997
137397,964,998
137398,968,996
137399,967,993
137400,968,988
137401,970,988
137402,971,989
137403,974,991
137404,975,992
137405,976,988
137406,975,984
137407,974,981
137408,975,983
137409,982,980
137410,987,980
137411,985,974
137412,984,972
137413,980,971
137414,983,972
137415,988,974
137416,993,973
137417,989,971
137418,987,967
137419,984,970
137420,988,972
137421,993,973
137422,996,975
137423,996,973
137424,995,973
137425,992,976
137426,990,980
137427,997,986
137428,997,987
137429,996,987
137430,991,989
137431,989,991
137432,989,995
137433,989,1001
137434,990,1004
137435,988,1006
137436,986,1004
137437,982,1006
137438,979,1011
137439,982,1015
137440,979,1018
137441,977,1020
137442,974,1018
137443,970,1021
137444,970,1024
137445,972,1030
137446,970,1031
137447,970,1029
137448,964,1028
137449,960,1031
137450,960,1034
137451,966,1038
137452,967,1035
137453,966,1038
137454,961,1034
137455,958,1035
137456,957,1034
137457,962,1039
137458,963,1039
137459,963,1037
137460,958,1034
137461,954,1035
137462,954,1036
137463,956,1042
137464,964,1042
137465,961,1038
137466,960,1031
137467,957,1033
137468,959,1035
137469,962,1037
137470,966,1037
137471,965,1037
137472,962,1031
137473,961,1030
137474,963,1033
137475,965,1036
137476,972,1033
137477,971,1028
137478,971,1026
137479,970,1025
137480,969,1026
137481,973,1029
137482,975,1031
137483,976,1028
137484,972,1026
137485,967,1025
137486,968,1026
137487,970,1029
137488,975,1028
137489,973,1026
137490,971,1026
137491,969,1023
137492,968,1027
137493,969,1029
137494,971,1030
137495,970,1027
137496,967,1024
137497,967,1023
137498,963,1027
137499,965,1030
137500,968,1031
137501,969,1028
137502,966,1025
137503,964,1025
137504,966,1026
137505,966,1030
137506,969,1030
137507,969,1027
137508,966,1020
137509,960,1023
137510,964,1026
137511,965,1029
137512,967,1029
137513,970,1025
137514,967,1026
137515,963,1025
137516,961,1027
137517,966,1030
137518,966,1028
137519,969,1025
137520,967,1022
137521,964,1025
137522,965,1026
137523,965,1030
137524,967,1028
137525,970,1027
137526,967,1025
137527,965,1027
137528,964,1028
137529,967,1031
137530,969,1030
137531,968,1030
137532,965,1028
137533,963,1028
137534,963,1031
137535,968,1032
137536,969,1030
137537,968,1029
137538,961,1023
137539,962,1026
137540,964,1027
137541,964,1029
137542,967,1030
137543,969,1030
137544,967,1028
137545,964,1024
137546,965,1028
137547,967,1032
137548,971,1031
137549,970,1031
137550,966,1028
137551,963,1028
137552,965,1030
137553,968,1036
137554,974,1033
137555,971,1029
137556,973,1025
137557,973,1023
137558,978,1022
137559,987,1023
137560,996,1020
137561,1008,1015
137562,1018,1010
137563,1034,1009
137564,1058,1006
137565,1087,1003
137566,1122,991
137567,1155,980
137568,1192,975
137569,1221,983
137570,1248,998
137571,1265,1020
137572,1264,1038
137573,1242,1042
137574,1204,1039
137575,1159,1039
137576,1108,1045
137577,1055,1060
137578,1002,1073
137579,960,1077
137580,940,1077
137581,941,1072
137582,949,1063
137583,956,1050
137584,961,1040
137585,958,1032
137586,957,1025
137587,956,1024
137588,952,1024
137589,954,1026
137590,951,1025
137591,950,1024
137592,945,1019
137593,941,1021
137594,943,1023
137595,945,1027
137596,946,1028
137597,945,1023
137598,943,1022
137599,939,1024
137600,940,1026
137601,944,1030
137602,945,1030
137603,942,1032
137604,939,1027
137605,938,1027
137606,937,1029
137607,941,1032
137608,944,1031
137609,943,1030
137610,941,1027
137611,940,1024
137612,939,1023
137613,945,1025
137614,945,1026
137615,945,1022
137616,941,1020
137617,941,1018
137618,941,1020
137619,944,1022
137620,947,1021
137621,946,1014
137622,943,1013
137623,942,1015
137624,941,1017
137625,944,1019
137626,947,1017
137627,948,1015
137628,943,1011
137629,943,1009
137630,944,1012
137631,945,1011
137632,947,1011
137633,947,1010
137634,947,1007
137635,947,1006
137636,949,1007
137637,950,1012
137638,955,1009
137639,953,1004
137640,955,1002
137641,952,1001
137642,951,1003
137643,955,1004
137644,958,1001
137645,960,1000
137646,959,994
137647,960,993
137648,963,995
137649,967,995
137650,969,996
137651,969,991
137652,970,987
137653,968,987
137654,971,989
137655,976,989
137656,977,987
137657,977,982
137658,974,978
137659,977,978
137660,977,976
137661,983,980
137662,986,978
137663,988,974
137664,983,974
137665,983,975
137666,985,975
137667,991,979
137668,993,978
137669,990,977
137670,991,975
137671,988,977
137672,991,982
137673,990,987
137674,992,989
137675,990,989
137676,988,987
137677,987,991
137678,989,996
137679,988,1001
137680,990,1000
137681,985,1003
137682,982,1001
137683,979,1004
137684,977,1009
137685,980,1013
137686,982,1016
137687,978,1016
137688,973,1015
137689,969,1018
137690,969,1022
137691,971,1025
137692,973,1028
137693,970,1030
137694,967,1028
137695,965,1027
137696,960,1030
137697,963,1033
137698,963,1034
137699,963,1034
137700,960,1031
137701,958,1031
137702,960,1035
137703,963,1034
137704,964,1031
137705,963,1031
137706,961,1030
137707,960,1029
137708,964,1030
137709,968,1033
137710,970,1033
137711,972,1032
137712,975,1031
137713,978,1029
137714,980,1031
137715,988,1036
137716,994,1036
137717,998,1036
137718,997,1037
137719,998,1036
137720,1004,1043
137721,1019,1042
137722,1035,1038
137723,1047,1023
137724,1057,1006
137725,1067,992
137726,1081,981
137727,1096,968
137728,1110,954
137729,1125,941
137730,1139,925
137731,1153,909
137732,1171,889
137733,1190,873
137734,1210,856
137735,1222,839
137736,1229,825
137737,1235,821
137738,1236,823
137739,1236,826
137740,1237,830
137741,1234,826
137742,1227,824
137743,1221,823
137744,1211,825
137745,1197,827
137746,1181,829
137747,1160,830
137748,1137,834
137749,1114,843
137750,1094,852
137751,1078,866
137752,1062,878
137753,1046,889
137754,1036,899
137755,1033,908
137756,1030,924
137757,1028,933
137758,1026,941
137759,1025,947
137760,1024,951
137761,1031,959
137762,1044,970
137763,1057,975
137764,1068,980
137765,1065,980
137766,1048,982
137767,1021,994
137768,987,1003
137769,958,1016
137770,939,1028
137771,925,1039
137772,911,1048
137773,905,1057
137774,902,1065
137775,899,1067
137776,895,1069
137777,889,1070
137778,883,1072
137779,875,1074
137780,873,1080
137781,877,1086
137782,877,1088
137783,872,1088
137784,866,1089
137785,862,1090
137786,863,1095
137787,864,1095
137788,866,1098
137789,863,1098
137790,859,1098
137791,855,1100
137792,856,1102
137793,856,1106
137794,860,1107
137795,858,1107
137796,854,1103
137797,849,1106
137798,848,1110
137799,852,1115
137800,852,1119
137801,851,1119
137802,846,1116
137803,845,1116
137804,845,1120
137805,846,1126
137806,848,1129
137807,849,1131
137808,844,1129
137809,842,1130
137810,842,1135
137811,843,1139
137812,845,1142
137813,845,1144
137814,844,1139
137815,842,1143
137816,841,1145
137817,844,1150
137818,847,1154
137819,845,1154
137820,845,1149
137821,842,1152
137822,846,1152
137823,846,1157
137824,852,1160
137825,852,1160
137826,852,1157
137827,852,1157
137828,856,1158
137829,860,1160
137830,864,1161
137831,868,1153
137832,868,1150
137833,873,1149
137834,878,1150
137835,885,1151
137836,888,1146
137837,890,1141
137838,891,1132
137839,892,1127
137840,898,1124
137841,903,1125
137842,907,1120
137843,908,1112
137844,908,1103
137845,910,1101
137846,912,1096
137847,916,1093
137848,923,1089
137849,922,1081
137850,922,1073
137851,920,1070
137852,923,1070
137853,927,1069
137854,931,1065
137855,931,1057
137856,932,1049
137857,931,1047
137858,932,1048
137859,937,1048
137860,938,1044
137861,936,1042
137862,934,1037
137863,930,1036
137864,934,1038
137865,937,1040
137866,937,1038
137867,939,1034
137868,935,1030
137869,932,1029
137870,931,1032
137871,932,1032
137872,935,1030
137873,932,1031
137874,932,1030
137875,930,1028
137876,934,1034
137877,935,1034
137878,937,1034
137879,937,1035
137880,934,1034
137881,933,1036
137882,933,1038
137883,935,1040
137884,940,1036
137885,942,1032
137886,940,1028
137887,938,1028
137888,941,1030
137889,946,1031
137890,947,1028
137891,947,1028
137892,943,1025
137893,941,1026
137894,941,1025
137895,944,1029
137896,950,1027
137897,948,1024
137898,945,1022
137899,942,1021
137900,945,1023
137901,948,1026
137902,952,1023
137903,950,1020
137904,948,1016
137905,947,1015
137906,948,1016
137907,951,1017
137908,954,1016
137909,953,1014
137910,953,1011
137911,949,1014
137912,949,1015
137913,954,1020
137914,956,1018
137915,956,1020
137916,951,1016
137917,948,1016
137918,950,1018
137919,951,1021
137920,953,1023
137921,949,1023
137922,946,1021
137923,944,1025
137924,947,1027
137925,948,1032
137926,949,1031
137927,946,1026
137928,946,1026
137929,943,1027
137930,945,1029
137931,944,1031
137932,948,1031
137933,947,1029
137934,945,1025
137935,942,1025
137936,944,1028
137937,949,1031
137938,952,1030
137939,953,1026
137940,951,1025
137941,947,1024
137942,948,1026
137943,951,1031
137944,949,1028
137945,949,1023
137946,948,1020
137947,946,1020
137948,948,1022
137949,949,1025
137950,952,1024
137951,949,1021
137952,948,1016
137953,948,1019
137954,949,1023
137955,950,1022
137956,954,1021
137957,953,1018
137958,952,1015
137959,952,1017
137960,949,1017
137961,952,1022
137962,954,1020
137963,953,1019
137964,950,1016
137965,949,1016
137966,949,1019
137967,951,1024
137968,954,1027
137969,953,1021
137970,952,1022
137971,949,1022
137972,951,1026
137973,951,1030
137974,953,1029
137975,953,1026
137976,948,1024
137977,947,1028
137978,948,1027
137979,954,1031
137980,954,1028
137981,953,1028
137982,950,1026
137983,948,1026
137984,949,1027
137985,952,1028
137986,956,1025
137987,955,1026
137988,951,1023
137989,948,1025
137990,951,1026
137991,953,1026
137992,958,1023
137993,954,1020
137994,956,1017
137995,953,1017
137996,954,1020
137997,955,1023
137998,954,1023
137999,956,1021
138000,954,1018
138001,949,1020
138002,951,1024
138003,955,1024
138004,954,1024
138005,953,1021
138006,950,1022
138007,949,1021
138008,951,1024
138009,953,1028
138010,956,1027
138011,955,1024
138012,951,1024
138013,948,1027
138014,949,1026
138015,951,1032
138016,955,1031
138017,955,1027
138018,953,1025
138019,951,1026
138020,953,1030
138021,955,1031
138022,956,1033
138023,957,1029
138024,952,1025
138025,951,1025
138026,951,1029
138027,957,1031
138028,957,1030
138029,958,1028
138030,956,1021
138031,955,1021
138032,956,1024
138033,961,1026
138034,962,1023
138035,960,1019
138036,957,1017
138037,954,1017
138038,959,1020
138039,963,1023
138040,967,1021
138041,966,1017
138042,964,1013
138043,962,1012
138044,965,1016
138045,967,1020
138046,969,1020
138047,968,1018
138048,966,1015
138049,964,1016
138050,967,1020
138051,970,1022
138052,973,1022
138053,972,1017
138054,971,1015
138055,970,1018
138056,973,1018
138057,977,1019
138058,984,1017
138059,990,1011
138060,996,1008
138061,1011,1005
138062,1030,1009
138063,1057,1010
138064,1089,1008
138065,1121,996
138066,1156,984
138067,1193,977
138068,1231,980
138069,1262,993
138070,1284,1009
138071,1287,1024
138072,1262,1032
138073,1217,1033
138074,1160,1042
138075,1106,1049
138076,1051,1052
138077,999,1054
138078,967,1049
138079,953,1043
138080,959,1038
138081,967,1032
138082,971,1023
138083,967,1020
138084,956,1016
138085,952,1016
138086,951,1019
138087,954,1020
138088,951,1022
138089,952,1024
138090,951,1019
138091,948,1020
138092,944,1020
138093,947,1024
138094,947,1024
138095,945,1024
138096,943,1023
138097,942,1024
138098,944,1026
138099,946,1027
138100,947,1028
138101,945,1025
138102,942,1022
138103,940,1027
138104,938,1024
138105,942,1025
138106,944,1022
138107,946,1022
138108,942,1018
138109,941,1019
138110,943,1020
138111,943,1021
138112,941,1023
138113,943,1022
138114,938,1019
138115,936,1019
138116,939,1019
138117,939,1024
138118,941,1025
138119,941,1024
138120,937,1021
138121,937,1022
138122,939,1021
138123,940,1025
138124,944,1023
138125,943,1019
138126,940,1017
138127,939,1019
138128,940,1020
138129,942,1025
138130,946,1022
138131,946,1021
138132,946,1017
138133,945,1018
138134,948,1017
138135,950,1018
138136,956,1016
138137,957,1013
138138,956,1008
138139,955,1008
138140,956,1010
138141,962,1011
138142,966,1011
138143,967,1006
138144,966,1002
138145,965,1001
138146,966,1000
138147,972,1003
138148,977,1001
138149,977,998
138150,977,995
138151,976,996
138152,981,1002
138153,985,1003
138154,988,1004
138155,991,999
138156,987,994
138157,986,997
138158,988,997
138159,991,995
138160,997,992
138161,996,989
138162,993,988
138163,993,988
138164,996,990
138165,1003,994
138166,1003,994
138167,1004,991
138168,1003,986
138169,1003,989
138170,1004,993
138171,1006,997
138172,1008,997
138173,1006,998
138174,1002,995
138175,1001,996
138176,999,1000
138177,1000,1004
138178,1001,1004
138179,998,1006
138180,996,1005
138181,991,1009
138182,989,1015
138183,991,1021
138184,991,1022
138185,987,1019
138186,985,1016
138187,982,1017
138188,982,1018
138189,982,1022
138190,981,1022
138191,976,1020
138192,975,1018
138193,972,1019
138194,974,1022
138195,976,1024
138196,975,1020
138197,974,1022
138198,970,1021
138199,969,1021
138200,970,1022
138201,972,1024
138202,976,1022
138203,972,1021
138204,967,1019
138205,968,1020
138206,971,1022
138207,973,1023
138208,975,1025
138209,972,1022
138210,970,1022
138211,966,1021
138212,966,1023
138213,970,1027
138214,973,1025
138215,971,1024
138216,969,1023
138217,964,1025
138218,968,1025
138219,971,1030
138220,973,1030
138221,972,1030
138222,969,1025
138223,965,1026
138224,965,1026
138225,970,1027
138226,973,1027
138227,969,1025
138228,966,1024
138229,965,1029
138230,969,1037
138231,971,1037
138232,974,1032
138233,972,1026
138234,972,1020
138235,967,1019
138236,968,1019
138237,972,1025
138238,974,1025
138239,972,1023
138240,971,1023
138241,973,1025
138242,975,1024
138243,976,1025
138244,978,1029
138245,977,1025
138246,975,1018
138247,974,1018
138248,975,1018
138249,978,1018
138250,980,1018
138251,980,1015
138252,976,1011
138253,975,1012
138254,976,1008
138255,981,1012
138256,981,1013
138257,980,1012
138258,977,1014
138259,972,1011
138260,975,1013
138261,974,1014
138262,977,1016
138263,974,1015
138264,967,1015
138265,965,1016
138266,969,1018
138267,972,1023
138268,976,1020
138269,975,1021
138270,970,1016
138271,969,1017
138272,971,1021
138273,971,1022
138274,972,1024
138275,970,1023
138276,966,1023
138277,964,1025
138278,964,1030
138279,970,1035
138280,972,1035
138281,969,1030
138282,963,1029
138283,962,1027
138284,962,1029
138285,963,1029
138286,964,1023
138287,964,1020
138288,960,1015
138289,959,1015
138290,959,1020
138291,961,1026
138292,966,1028
138293,967,1027
138294,962,1022
138295,963,1021
138296,964,1023
138297,967,1027
138298,968,1029
138299,967,1024
138300,964,1012
138301,962,1005
138302,963,1003
138303,966,1010
138304,965,1010
138305,963,1011
138306,962,1009
138307,961,1011
138308,964,1013
138309,965,1016
138310,966,1013
138311,965,1016
138312,963,1015
138313,961,1016
138314,963,1022
138315,968,1023
138316,970,1023
138317,967,1021
138318,962,1014
138319,961,1019
138320,960,1021
138321,963,1023
138322,965,1021
138323,965,1019
138324,964,1017
138325,965,1020
138326,964,1023
138327,968,1026
138328,968,1024
138329,967,1023
138330,964,1023
138331,969,1023
138332,971,1025
138333,973,1024
138334,977,1023
138335,978,1023
138336,978,1019
138337,977,1019
138338,981,1020
138339,991,1022
138340,1001,1019
138341,1013,1016
138342,1027,1009
138343,1044,1008
138344,1069,1011
138345,1100,1005
138346,1134,988
138347,1168,972
138348,1204,968
138349,1237,978
138350,1266,999
138351,1274,1023
138352,1259,1033
138353,1217,1032
138354,1161,1035
138355,1103,1046
138356,1045,1052
138357,999,1055
138358,973,1055
138359,957,1055
138360,956,1045
138361,962,1037
138362,969,1031
138363,973,1029
138364,969,1022
138365,964,1020
138366,959,1020
138367,954,1022
138368,957,1021
138369,957,1017
138370,961,1007
138371,956,1003
138372,953,1002
138373,949,1007
138374,949,1012
138375,952,1020
138376,953,1021
138377,951,1021
138378,947,1017
138379,944,1015
138380,944,1014
138381,945,1018
138382,947,1019
138383,947,1016
138384,946,1013
138385,943,1016
138386,946,1017
138387,951,1024
138388,953,1027
138389,949,1031
138390,946,1031
138391,946,1031
138392,945,1027
138393,952,1025
138394,952,1016
138395,953,1011
138396,950,1010
138397,950,1013
138398,952,1017
138399,953,1023
138400,955,1024
138401,951,1022
138402,951,1023
138403,949,1024
138404,954,1030
138405,957,1030
138406,957,1021
138407,956,1016
138408,956,1013
138409,956,1010
138410,956,1010
138411,960,1012
138412,961,1008
138413,962,1002
138414,959,1000
138415,957,1000
138416,959,1005
138417,959,1007
138418,965,1007
138419,965,1004
138420,962,1004
138421,964,1003
138422,969,1005
138423,974,1004
138424,974,998
138425,980,993
138426,978,988
138427,980,989
138428,981,991
138429,982,993
138430,985,988
138431,986,984
138432,983,978
138433,984,981
138434,983,985
138435,987,990
138436,992,989
138437,992,984
138438,991,980
138439,991,978
138440,990,983
138441,996,986
138442,999,981
138443,996,976
138444,994,971
138445,993,972
138446,996,977
138447,998,982
138448,999,984
138449,994,986
138450,988,992
138451,985,1000
138452,986,1010
138453,987,1017
138454,989,1016
138455,987,1003
138456,984,995
138457,982,991
138458,981,995
138459,983,1000
138460,979,1004
138461,977,1007
138462,972,1009
138463,968,1012
138464,968,1016
138465,971,1015
138466,971,1018
138467,969,1016
138468,965,1017
138469,963,1018
138470,964,1016
138471,968,1020
138472,969,1018
138473,969,1019
138474,967,1020
138475,965,1019
138476,968,1020
138477,969,1024
138478,971,1026
138479,969,1024
138480,964,1023
138481,964,1025
138482,965,1028
138483,968,1030
138484,973,1030
138485,974,1027
138486,974,1028
138487,973,1030
138488,974,1032
138489,980,1037
138490,983,1042
138491,987,1048
138492,988,1053
138493,991,1055
138494,999,1053
138495,1008,1053
138496,1019,1044
138497,1025,1031
138498,1038,1018
138499,1049,1006
138500,1064,990
138501,1077,984
138502,1092,968
138503,1106,956
138504,1120,937
138505,1134,918
138506,1150,898
138507,1172,872
138508,1187,849
138509,1203,828
138510,1214,817
138511,1225,804
138512,1232,801
138513,1234,802
138514,1237,806
138515,1234,806
138516,1227,807
138517,1226,807
138518,1218,809
138519,1208,812
138520,1191,811
138521,1170,814
138522,1150,819
138523,1128,828
138524,1105,841
138525,1092,853
138526,1074,868
138527,1058,882
138528,1048,894
138529,1041,907
138530,1039,923
138531,1037,936
138532,1038,944
138533,1038,952
138534,1038,957
138535,1044,966
138536,1055,976
138537,1067,980
138538,1071,985
138539,1059,993
138540,1037,1001
138541,1003,1011
138542,968,1024
138543,948,1039
138544,931,1044
138545,922,1048
138546,918,1054
138547,913,1058
138548,908,1066
138549,905,1075
138550,903,1078
138551,899,1077
138552,894,1073
138553,889,1070
138554,888,1071
138555,889,1078
138556,889,1081
138557,886,1084
138558,881,1085
138559,878,1091
138560,874,1097
138561,875,1100
138562,874,1102
138563,873,1102
138564,870,1099
138565,866,1098
138566,867,1102
138567,868,1103
138568,866,1100
138569,862,1098
138570,859,1098
138571,857,1099
138572,859,1103
138573,859,1108
138574,860,1108
138575,858,1109
138576,851,1108
138577,849,1115
138578,850,1122
138579,852,1126
138580,852,1126
138581,850,1124
138582,843,1127
138583,844,1133
138584,844,1146
138585,845,1159
138586,847,1167
138587,845,1180
138588,844,1178
138589,844,1167
138590,846,1151
138591,851,1142
138592,855,1130
138593,856,1127
138594,855,1129
138595,854,1131
138596,857,1135
138597,860,1139
138598,858,1142
138599,861,1143
138600,861,1143
138601,861,1147
138602,864,1152
138603,870,1154
138604,876,1151
138605,878,1148
138606,879,1147
138607,882,1146
138608,885,1147
138609,890,1148
138610,893,1144
138611,900,1134
138612,900,1127
138613,906,1123
138614,912,1116
138615,917,1116
138616,924,1108
138617,926,1102
138618,924,1092
138619,926,1088
138620,929,1088
138621,933,1083
138622,936,1075
138623,935,1069
138624,934,1063
138625,932,1061
138626,937,1059
138627,942,1057
138628,945,1051
138629,943,1050
138630,941,1044
138631,942,1042
138632,944,1042
138633,949,1044
138634,948,1042
138635,949,1038
138636,948,1035
138637,946,1035
138638,947,1034
138639,949,1036
138640,953,1035
138641,952,1035
138642,948,1033
138643,949,1035
138644,951,1041
138645,953,1046
138646,955,1050
138647,953,1048
138648,950,1045
138649,951,1045
138650,953,1043
138651,957,1040
138652,959,1034
138653,959,1032
138654,957,1030
138655,955,1035
138656,960,1036
138657,961,1040
138658,962,1038
138659,963,1036
138660,959,1028
138661,957,1028
138662,960,1031
138663,964,1031
138664,967,1032
138665,965,1030
138666,968,1027
138667,964,1027
138668,963,1027
138669,966,1030
138670,967,1029
138671,965,1029
138672,964,1025
138673,960,1030
138674,962,1033
138675,966,1037
138676,968,1036
138677,961,1027
138678,962,1022
138679,961,1023
138680,963,1031
138681,963,1035
138682,967,1029
138683,967,1016
138684,967,1007
138685,965,1005
138686,964,1012
138687,966,1016
138688,968,1017
138689,967,1013
138690,966,1010
138691,966,1008
138692,966,1011
138693,969,1016
138694,971,1018
138695,968,1015
138696,965,1017
138697,964,1019
138698,963,1023
138699,966,1026
138700,967,1028
138701,967,1027
138702,966,1025
138703,966,1030
138704,967,1031
138705,971,1034
138706,971,1032
138707,967,1029
138708,965,1027
138709,966,1027
138710,968,1030
138711,972,1034
138712,971,1033
138713,972,1033
138714,968,1032
138715,966,1029
138716,970,1028
138717,969,1030
138718,970,1028
138719,969,1023
138720,966,1022
138721,964,1025
138722,964,1027
138723,969,1030
138724,969,1030
138725,967,1029
138726,962,1027
138727,961,1027
138728,961,1033
138729,967,1034
138730,969,1031
138731,967,1026
138732,964,1025
138733,962,1029
138734,965,1033
138735,968,1032
138736,972,1026
138737,974,1021
138738,970,1018
138739,968,1020
138740,970,1020
138741,971,1020
138742,974,1016
138743,973,1017
138744,970,1016
138745,967,1014
138746,968,1016
138747,970,1022
138748,970,1022
138749,968,1021
138750,965,1020
138751,962,1021
138752,965,1024
138753,968,1029
138754,972,1031
138755,972,1028
138756,968,1027
138757,968,1028
138758,968,1032
138759,971,1035
138760,975,1032
138761,973,1029
138762,968,1032
138763,968,1035
138764,970,1042
138765,971,1045
138766,971,1037
138767,972,1028
138768,971,1021
138769,972,1016
138770,975,1016
138771,976,1019
138772,974,1018
138773,976,1019
138774,973,1017
138775,971,1017
138776,972,1016
138777,974,1018
138778,977,1014
138779,976,1012
138780,970,1012
138781,972,1017
138782,974,1021
138783,980,1022
138784,979,1023
138785,978,1025
138786,973,1024
138787,973,1025
138788,975,1029
138789,976,1031
138790,979,1028
138791,975,1023
138792,976,1025
138793,974,1024
138794,979,1028
138795,982,1029
138796,983,1027
138797,985,1025
138798,982,1024
138799,984,1025
138800,988,1023
138801,998,1021
138802,1012,1014
138803,1023,1010
138804,1041,1010
138805,1065,1013
138806,1096,1016
138807,1134,1011
138808,1171,999
138809,1205,994
138810,1240,994
138811,1264,1004
138812,1290,1013
138813,1290,1021
138814,1271,1019
138815,1226,1014
138816,1169,1015
138817,1113,1028
138818,1058,1038
138819,1013,1046
138820,983,1045
138821,968,1038
138822,972,1030
138823,981,1022
138824,988,1017
138825,989,1018
138826,986,1016
138827,983,1017
138828,975,1015
138829,973,1014
138830,975,1018
138831,974,1022
138832,972,1022
138833,970,1018
138834,965,1021
138835,960,1023
138836,961,1026
138837,963,1031
138838,962,1027
138839,958,1024
138840,956,1023
138841,955,1024
138842,956,1029
138843,955,1034
138844,958,1033
138845,958,1030
138846,953,1026
138847,953,1025
138848,956,1025
138849,957,1030
138850,959,1033
138851,956,1034
138852,955,1032
138853,953,1033
138854,955,1038
138855,959,1042
138856,960,1037
138857,960,1033
138858,959,1028
138859,961,1028
138860,963,1029
138861,964,1027
138862,965,1027
138863,963,1025
138864,960,1025
138865,960,1025
138866,964,1023
138867,966,1022
138868,970,1018
138869,969,1013
138870,963,1010
138871,962,1010
138872,966,1010
138873,968,1015
138874,970,1016
138875,970,1015
138876,970,1014
138877,971,1015
138878,975,1013
138879,981,1016
138880,985,1011
138881,984,1011
138882,981,1010
138883,978,1010
138884,980,1014
138885,986,1022
138886,990,1018
138887,989,1013
138888,986,1002
138889,988,1002
138890,990,999
138891,993,1001
138892,993,1000
138893,991,1002
138894,992,998
138895,990,1001
138896,993,1002
138897,997,1005
138898,1001,1001
138899,1001,998
138900,996,996
138901,998,997
138902,1002,1001
138903,1006,1001
138904,1011,997
138905,1007,992
138906,1009,989
138907,1008,990
138908,1010,992
138909,1016,996
138910,1017,995
138911,1015,1001
138912,1011,1002
138913,1007,1005
138914,1007,1010
138915,1008,1010
138916,1013,1006
138917,1012,997
138918,1009,992
138919,1008,995
138920,1007,999
138921,1004,1006
138922,1007,1008
138923,1003,1015
138924,999,1018
138925,999,1019
138926,1001,1018
138927,1002,1017
138928,1003,1013
138929,1000,1012
138930,997,1013
138931,995,1015
138932,995,1020
138933,993,1023
138934,993,1024
138935,988,1024
138936,984,1023
138937,982,1027
138938,983,1031
138939,984,1034
138940,984,1035
138941,981,1031
138942,978,1030
138943,976,1031
138944,980,1034
138945,980,1037
138946,981,1039
138947,980,1034
138948,976,1034
138949,974,1036
138950,974,1039
138951,975,1040
138952,980,1037
138953,979,1035
138954,977,1034
138955,974,1033
138956,977,1038
138957,982,1040
138958,984,1037
138959,984,1034
138960,981,1030
138961,981,1034
138962,984,1035
138963,982,1036
138964,986,1033
138965,985,1030
138966,978,1027
138967,978,1024
138968,978,1030
138969,984,1033
138970,986,1034
138971,983,1032
138972,984,1028
138973,982,1028
138974,985,1026
138975,991,1026
138976,997,1021
138977,994,1021
138978,993,1022
138979,991,1024
138980,992,1028
138981,993,1033
138982,995,1035
138983,996,1037
138984,993,1032
138985,993,1025
138986,995,1021
138987,997,1019
138988,998,1013
138989,997,1010
138990,995,1014
138991,991,1019
138992,994,1025
138993,995,1030
138994,997,1032
138995,992,1030
138996,990,1027
138997,989,1025
138998,989,1025
138999,989,1025
139000,991,1026
139001,990,1026
139002,984,1028
139003,985,1028
139004,985,1030
139005,991,1030
139006,991,1028
139007,987,1023
139008,986,1021
139009,984,1021
139010,986,1025
139011,990,1026
139012,987,1027
139013,987,1025
139014,984,1022
139015,983,1026
139016,987,1028
139017,990,1029
139018,990,1027
139019,988,1028
139020,987,1026
139021,987,1029
139022,990,1029
139023,997,1027
139024,1000,1026
139025,1007,1021
139026,1016,1019
139027,1031,1021
139028,1050,1021
139029,1075,1020
139030,1105,1011
139031,1136,1002
139032,1170,996
139033,1208,991
139034,1248,995
139035,1285,1005
139036,1306,1022
139037,1298,1032
139038,1262,1037
139039,1208,1040
139040,1151,1053
139041,1091,1067
139042,1034,1071
139043,989,1068
139044,964,1058
139045,967,1049
139046,977,1040
139047,984,1037
139048,987,1029
139049,982,1024
139050,975,1023
139051,974,1025
139052,973,1027
139053,975,1032
139054,976,1033
139055,971,1031
139056,966,1028
139057,962,1029
139058,963,1033
139059,966,1036
139060,966,1033
139061,964,1032
139062,962,1031
139063,957,1033
139064,960,1039
139065,960,1042
139066,959,1042
139067,957,1039
139068,957,1036
139069,956,1031
139070,958,1028
139071,960,1027
139072,961,1024
139073,959,1020
139074,956,1020
139075,956,1020
139076,958,1025
139077,959,1025
139078,961,1024
139079,958,1021
139080,956,1020
139081,955,1022
139082,957,1026
139083,961,1029
139084,959,1026
139085,958,1022
139086,958,1019
139087,960,1019
139088,961,1019
139089,964,1022
139090,964,1023
139091,966,1021
139092,965,1021
139093,965,1024
139094,968,1026
139095,973,1027
139096,972,1025
139097,970,1018
139098,970,1020
139099,969,1022
139100,974,1023
139101,978,1025
139102,979,1023
139103,980,1018
139104,977,1017
139105,978,1016
139106,980,1013
139107,983,1007
139108,985,1004
139109,982,1004
139110,981,1001
139111,980,1001
139112,981,1003
139113,987,1003
139114,989,998
139115,987,997
139116,984,992
139117,986,990
139118,987,990
139119,994,990
139120,991,988
139121,990,983
139122,989,975
139123,988,978
139124,993,979
139125,995,982
139126,997,982
139127,996,979
139128,996,978
139129,995,981
139130,999,984
139131,1001,987
139132,1000,990
139133,996,993
139134,995,994
139135,996,999
139136,998,1004
139137,1000,1010
139138,1001,1015
139139,1000,1016
139140,992,1019
139141,992,1023
139142,993,1026
139143,994,1025
139144,994,1025
139145,990,1025
139146,986,1026
139147,985,1027
139148,985,1031
139149,985,1032
139150,986,1029
139151,985,1025
139152,981,1023
139153,980,1023
139154,980,1022
139155,981,1028
139156,980,1026
139157,978,1024
139158,972,1023
139159,972,1027
139160,974,1027
139161,975,1033
139162,976,1032
139163,973,1033
139164,970,1029
139165,969,1031
139166,967,1032
139167,970,1037
139168,970,1034
139169,969,1032
139170,964,1029
139171,965,1034
139172,967,1035
139173,973,1038
139174,974,1035
139175,969,1032
139176,968,1032
139177,970,1034
139178,971,1042
139179,975,1046
139180,974,1042
139181,973,1041
139182,971,1039
139183,969,1043
139184,972,1052
139185,974,1056
139186,973,1054
139187,972,1043
139188,973,1037
139189,972,1034
139190,975,1036
139191,977,1042
139192,980,1042
139193,978,1041
139194,976,1040
139195,976,1042
139196,976,1043
139197,979,1040
139198,981,1036
139199,979,1034
139200,975,1031
139201,975,1032
139202,975,1034
139203,981,1033
139204,982,1028
139205,977,1026
139206,975,1026
139207,974,1028
139208,978,1032
139209,979,1038
139210,980,1038
139211,981,1036
139212,978,1033
139213,978,1029
139214,979,1031
139215,980,1033
139216,981,1033
139217,979,1029
139218,976,1028
139219,977,1028
139220,978,1029
139221,981,1031
139222,982,1030
139223,979,1026
139224,973,1023
139225,974,1025
139226,975,1026
139227,977,1032
139228,976,1032
139229,976,1031
139230,970,1030
139231,973,1036
139232,975,1040
139233,974,1045
139234,975,1048
139235,972,1045
139236,971,1042
139237,968,1039
139238,970,1040
139239,973,1041
139240,978,1038
139241,974,1035
139242,970,1035
139243,968,1037
139244,971,1042
139245,971,1044
139246,973,1042
139247,971,1036
139248,968,1028
139249,970,1028
139250,975,1029
139251,976,1034
139252,977,1032
139253,975,1033
139254,975,1030
139255,972,1031
139256,974,1031
139257,976,1036
139258,976,1035
139259,974,1032
139260,972,1032
139261,972,1032
139262,976,1033
139263,976,1035
139264,974,1034
139265,974,1032
139266,972,1030
139267,970,1030
139268,973,1034
139269,975,1034
139270,978,1034
139271,974,1033
139272,970,1031
139273,970,1032
139274,971,1034
139275,974,1039
139276,974,1041
139277,973,1040
139278,970,1037
139279,971,1039
139280,971,1040
139281,974,1043
139282,974,1040
139283,974,1038
139284,968,1036
139285,969,1040
139286,972,1043
139287,973,1047
139288,975,1049
139289,969,1050
139290,969,1048
139291,967,1046
139292,972,1040
139293,974,1037
139294,979,1032
139295,978,1026
139296,974,1028
139297,976,1030
139298,977,1033
139299,980,1038
139300,981,1038
139301,981,1036
139302,978,1033
139303,976,1036
139304,979,1039
139305,982,1041
139306,984,1042
139307,982,1036
139308,982,1034
139309,981,1036
139310,982,1040
139311,984,1046
139312,982,1046
139313,980,1041
139314,977,1037
139315,976,1038
139316,975,1038
139317,982,1040
139318,983,1037
139319,982,1033
139320,978,1032
139321,979,1033
139322,980,1032
139323,981,1032
139324,983,1025
139325,979,1022
139326,975,1020
139327,971,1025
139328,971,1029
139329,976,1033
139330,977,1032
139331,977,1028
139332,974,1023
139333,974,1027
139334,978,1029
139335,980,1032
139336,983,1033
139337,982,1030
139338,981,1029
139339,980,1032
139340,979,1036
139341,984,1038
139342,985,1037
139343,985,1035
139344,984,1031
139345,985,1033
139346,988,1034
139347,992,1033
139348,999,1031
139349,1006,1023
139350,1015,1023
139351,1029,1017
139352,1048,1023
139353,1070,1023
139354,1096,1020
139355,1122,1011
139356,1145,1001
139357,1173,995
139358,1204,990
139359,1235,993
139360,1265,990
139361,1285,999
139362,1290,1013
139363,1281,1031
139364,1251,1043
139365,1212,1053
139366,1169,1056
139367,1122,1054
139368,1077,1048
139369,1032,1045
139370,999,1042
139371,984,1040
139372,981,1037
139373,984,1030
139374,987,1022
139375,985,1018
139376,985,1020
139377,981,1024
139378,979,1025
139379,975,1024
139380,971,1020
139381,968,1025
139382,966,1027
139383,967,1032
139384,965,1031
139385,964,1029
139386,960,1028
139387,957,1032
139388,957,1034
139389,959,1035
139390,959,1035
139391,958,1031
139392,955,1030
139393,954,1033
139394,958,1039
139395,960,1042
139396,960,1043
139397,959,1041
139398,954,1038
139399,955,1039
139400,958,1041
139401,963,1045
139402,961,1043
139403,961,1042
139404,958,1038
139405,958,1039
139406,962,1039
139407,964,1040
139408,965,1041
139409,966,1042
139410,962,1044
139411,963,1046
139412,967,1042
139413,970,1040
139414,970,1034
139415,969,1030
139416,967,1027
139417,967,1025
139418,971,1027
139419,971,1028
139420,977,1027
139421,974,1024
139422,970,1022
139423,973,1025
139424,971,1028
139425,978,1029
139426,977,1029
139427,978,1026
139428,976,1022
139429,974,1026
139430,978,1026
139431,977,1029
139432,980,1027
139433,981,1023
139434,975,1022
139435,977,1022
139436,978,1026
139437,984,1028
139438,985,1027
139439,983,1024
139440,980,1019
139441,983,1017
139442,986,1019
139443,991,1022
139444,994,1019
139445,993,1014
139446,993,1011
139447,994,1010
139448,997,1011
139449,1003,1009
139450,1004,1007
139451,1003,1002
139452,1001,1004
139453,1002,1008
139454,1004,1010
139455,1008,1012
139456,1011,1012
139457,1010,1010
139458,1004,1004
139459,1006,999
139460,1009,998
139461,1014,995
139462,1016,994
139463,1013,992
139464,1014,992
139465,1015,996
139466,1016,996
139467,1022,1001
139468,1025,998
139469,1023,1001
139470,1021,1000
139471,1019,1005
139472,1020,1008
139473,1026,1012
139474,1023,1011
139475,1021,1007
139476,1016,1004
139477,1014,1005
139478,1013,1014
139479,1015,1018
139480,1014,1015
139481,1010,1013
139482,1006,1012
139483,1001,1014
139484,1000,1018
139485,1001,1026
139486,999,1024
139487,997,1020
139488,993,1019
139489,991,1020
139490,993,1024
139491,995,1029
139492,991,1029
139493,988,1029
139494,984,1029
139495,980,1033
139496,982,1035
139497,984,1037
139498,985,1035
139499,978,1031
139500,975,1028
139501,977,1031
139502,978,1034
139503,981,1039
139504,982,1040
139505,980,1037
139506,975,1036
139507,975,1042
139508,977,1046
139509,980,1048
139510,982,1048
139511,983,1043
139512,979,1037
139513,981,1042
139514,982,1047
139515,985,1048
139516,984,1046
139517,986,1040
139518,984,1037
139519,983,1037
139520,986,1040
139521,989,1043
139522,989,1043
139523,990,1039
139524,986,1037
139525,987,1039
139526,990,1039
139527,993,1042
139528,993,1039
139529,992,1034
139530,991,1031
139531,989,1030
139532,991,1034
139533,993,1036
139534,995,1030
139535,995,1029
139536,995,1023
139537,993,1024
139538,996,1028
139539,997,1036
139540,997,1034
139541,996,1029
139542,993,1028
139543,992,1027
139544,994,1030
139545,995,1035
139546,994,1033
139547,995,1031
139548,991,1024
139549,990,1026
139550,990,1029
139551,996,1032
139552,995,1032
139553,993,1032
139554,989,1031
139555,989,1030
139556,991,1032
139557,993,1035
139558,990,1034
139559,990,1035
139560,987,1033
139561,989,1034
139562,990,1040
139563,991,1041
139564,990,1044
139565,992,1044
139566,984,1041
139567,989,1041
139568,992,1042
139569,996,1042
139570,999,1036
139571,998,1025
139572,999,1016
139573,1002,1013
139574,1010,1012
139575,1023,1014
139576,1034,1009
139577,1051,1009
139578,1070,1004
139579,1098,1002
139580,1134,996
139581,1173,992
139582,1213,990
139583,1248,995
139584,1276,1008
139585,1291,1034
139586,1290,1052
139587,1274,1062
139588,1234,1058
139589,1185,1056
139590,1131,1065
139591,1075,1075
139592,1022,1086
139593,987,1090
139594,972,1084
139595,971,1071
139596,975,1056
139597,980,1042
139598,984,1038
139599,986,1040
139600,987,1037
139601,982,1037
139602,977,1035
139603,973,1036
139604,971,1036
139605,972,1039
139606,975,1039
139607,972,1038
139608,968,1036
139609,966,1037
139610,970,1035
139611,971,1033
139612,971,1032
139613,969,1036
139614,966,1034
139615,966,1036
139616,966,1036
139617,970,1038
139618,969,1035
139619,968,1033
139620,965,1031
139621,963,1033
139622,965,1034
139623,967,1034
139624,964,1033
139625,962,1029
139626,959,1025
139627,959,1026
139628,963,1025
139629,963,1029
139630,963,1025
139631,961,1025
139632,961,1024
139633,960,1022
139634,963,1026
139635,963,1028
139636,964,1027
139637,963,1028
139638,959,1022
139639,960,1021
139640,964,1023
139641,966,1026
139642,967,1024
139643,966,1026
139644,964,1020
139645,961,1020
139646,966,1022
139647,971,1024
139648,971,1023
139649,972,1022
139650,969,1023
139651,968,1030
139652,970,1036
139653,975,1034
139654,976,1023
139655,975,1014
139656,974,1013
139657,974,1009
139658,976,1006
139659,980,1002
139660,983,998
139661,981,998
139662,980,997
139663,983,997
139664,988,1001
139665,992,1001
139666,993,996
139667,993,990
139668,990,988
139669,992,986
139670,995,989
139671,998,994
139672,1002,989
139673,1001,986
139674,999,982
139675,999,982
139676,1001,987
139677,1005,988
139678,1004,988
139679,1004,986
139680,1002,986
139681,1003,992
139682,1005,994
139683,1006,996
139684,1006,993
139685,1004,990
139686,1004,991
139687,1000,990
139688,1004,993
139689,1003,998
139690,1005,997
139691,1000,999
139692,998,997
139693,996,1002
139694,996,1008
139695,998,1015
139696,999,1018
139697,995,1018
139698,988,1022
139699,983,1024
139700,983,1029
139701,985,1033
139702,985,1034
139703,983,1029
139704,980,1027
139705,978,1029
139706,978,1036
139707,981,1041
139708,979,1041
139709,975,1038
139710,970,1040
139711,971,1041
139712,970,1048
139713,971,1048
139714,972,1049
139715,972,1047
139716,972,1044
139717,971,1046
139718,974,1046
139719,975,1048
139720,976,1044
139721,973,1042
139722,972,1037
139723,969,1040
139724,972,1043
139725,976,1048
139726,978,1045
139727,976,1046
139728,973,1043
139729,975,1045
139730,977,1045
139731,980,1046
139732,981,1042
139733,978,1039
139734,971,1039
139735,974,1041
139736,974,1043
139737,977,1047
139738,979,1045
139739,977,1041
139740,974,1041
139741,972,1043
139742,975,1044
139743,979,1047
139744,978,1043
139745,977,1038
139746,972,1036
139747,976,1036
139748,979,1039
139749,978,1043
139750,981,1043
139751,980,1038
139752,976,1036
139753,978,1038
139754,977,1039
139755,980,1041
139756,980,1039
139757,978,1038
139758,975,1036
139759,977,1039
139760,979,1042
139761,980,1039
139762,979,1037
139763,976,1033
139764,972,1028
139765,972,1034
139766,975,1040
139767,977,1046
139768,977,1048
139769,977,1048
139770,976,1043
139771,977,1038
139772,978,1037
139773,978,1038
139774,980,1038
139775,979,1036
139776,976,1036
139777,978,1035
139778,978,1038
139779,983,1041
139780,984,1041
139781,981,1037
139782,979,1039
139783,977,1041
139784,979,1042
139785,982,1048
139786,981,1043
139787,983,1038
139788,979,1033
139789,981,1035
139790,983,1036
139791,987,1039
139792,989,1038
139793,984,1035
139794,983,1032
139795,982,1035
139796,983,1039
139797,989,1040
139798,989,1040
139799,987,1039
139800,985,1036
139801,988,1036
139802,992,1038
139803,997,1039
139804,1002,1033
139805,1009,1030
139806,1017,1028
139807,1030,1027
139808,1048,1029
139809,1074,1031
139810,1100,1026
139811,1130,1016
139812,1158,1011
139813,1195,1006
139814,1230,1007
139815,1260,1013
139816,1279,1027
139817,1279,1039
139818,1257,1045
139819,1213,1045
139820,1161,1047
139821,1109,1058
139822,1055,1067
139823,1005,1070
139824,971,1069
139825,956,1064
139826,957,1059
139827,966,1051
139828,974,1043
139829,974,1037
139830,968,1032
139831,967,1033
139832,968,1035
139833,969,1034
139834,967,1034
139835,968,1033
139836,961,1033
139837,959,1038
139838,961,1040
139839,962,1044
139840,964,1039
139841,962,1035
139842,958,1032
139843,959,1035
139844,961,1038
139845,963,1041
139846,962,1042
139847,959,1040
139848,955,1039
139849,954,1043
139850,959,1044
139851,956,1044
139852,957,1040
139853,956,1036
139854,954,1035
139855,955,1038
139856,956,1041
139857,958,1046
139858,960,1042
139859,958,1040
139860,953,1038
139861,954,1045
139862,956,1053
139863,956,1057
139864,958,1055
139865,959,1053
139866,957,1047
139867,956,1047
139868,959,1047
139869,960,1040
139870,961,1035
139871,958,1031
139872,954,1028
139873,957,1029
139874,960,1034
139875,963,1036
139876,963,1033
139877,960,1031
139878,958,1032
139879,959,1036
139880,961,1036
139881,964,1035
139882,963,1033
139883,963,1027
139884,961,1024
139885,962,1024
139886,968,1028
139887,971,1030
139888,971,1033
139889,971,1028
139890,968,1024
139891,970,1020
139892,976,1021
139893,981,1025
139894,982,1021
139895,984,1018
139896,981,1013
139897,982,1013
139898,988,1016
139899,988,1018
139900,990,1019
139901,990,1018
139902,989,1014
139903,991,1007
139904,994,1002
139905,998,1004
139906,1002,1003
139907,1002,1005
139908,1000,1008
139909,999,1008
139910,1003,1008
139911,1005,1005
139912,1006,1001
139913,1003,997
139914,1003,1000
139915,1003,1002
139916,1005,1006
139917,1006,1006
139918,1005,1009
139919,1003,1012
139920,1000,1016
139921,998,1021
139922,999,1021
139923,1002,1022
139924,1001,1022
139925,997,1017
139926,993,1016
139927,990,1021
139928,990,1025
139929,994,1028
139930,989,1030
139931,983,1031
139932,979,1033
139933,977,1040
139934,977,1042
139935,981,1044
139936,979,1038
139937,974,1037
139938,968,1040
139939,969,1044
139940,971,1046
139941,974,1052
139942,974,1053
139943,972,1049
139944,969,1046
139945,971,1046
139946,972,1048
139947,976,1050
139948,974,1050
139949,971,1046
139950,970,1045
139951,971,1042
139952,973,1045
139953,975,1046
139954,975,1048
139955,974,1048
139956,974,1050
139957,974,1056
139958,973,1065
139959,974,1071
139960,976,1063
139961,974,1052
139962,968,1045
139963,970,1044
139964,975,1043
139965,978,1046
139966,979,1049
139967,975,1048
139968,973,1044
139969,972,1037
139970,977,1036
139971,981,1037
139972,981,1040
139973,981,1040
139974,978,1038
139975,974,1037
139976,978,1038
139977,980,1039
139978,979,1038
139979,975,1038
139980,972,1039
139981,974,1042
139982,971,1047
139983,976,1049
139984,976,1047
139985,978,1046
139986,974,1046
139987,973,1045
139988,978,1048
139989,978,1050
139990,979,1048
139991,979,1049
139992,976,1054
139993,974,1063
139994,975,1076
139995,980,1070
139996,983,1052
139997,981,1031
139998,979,1019
139999,979,1021
140000,980,1031
140001,982,1038
140002,980,1040
140003,982,1039
140004,978,1038
140005,979,1037
140006,981,1040
140007,986,1043
140008,986,1044
140009,981,1040
140010,978,1040
140011,977,1042
140012,980,1046
140013,984,1051
140014,984,1050
140015,981,1049
140016,981,1047
140017,982,1051
140018,985,1052
140019,987,1055
140020,989,1054
140021,990,1050
140022,989,1046
140023,990,1051
140024,992,1053
140025,1001,1054
140026,1009,1051
140027,1017,1048
140028,1024,1048
140029,1040,1050
140030,1060,1053
140031,1092,1042
140032,1123,1021
140033,1156,1004
140034,1190,1001
140035,1220,1005
140036,1249,1024
140037,1266,1042
140038,1257,1052
140039,1229,1048
140040,1180,1042
140041,1128,1045
140042,1075,1059
140043,1023,1078
140044,980,1083
140045,951,1086
140046,946,1082
140047,956,1072
140048,962,1062
140049,969,1055
140050,974,1048
140051,973,1042
140052,968,1037
140053,965,1041
140054,965,1041
140055,968,1045
140056,967,1046
140057,962,1044
140058,958,1042
140059,958,1045
140060,960,1050
140061,961,1051
140062,959,1048
140063,957,1050
140064,954,1048
140065,952,1053
140066,955,1055
140067,958,1057
140068,957,1053
140069,955,1047
140070,954,1047
140071,956,1047
140072,957,1049
140073,960,1053
140074,957,1053
140075,956,1057
140076,954,1056
140077,955,1060
140078,959,1059
140079,960,1053
140080,961,1039
140081,960,1031
140082,957,1030
140083,958,1032
140084,960,1034
140085,964,1035
140086,961,1032
140087,957,1034
140088,951,1033
140089,954,1035
140090,958,1040
140091,964,1041
140092,962,1037
140093,960,1036
140094,956,1030
140095,957,1032
140096,962,1032
140097,965,1036
140098,965,1034
140099,963,1033
140100,961,1029
140101,964,1029
140102,968,1032
140103,973,1034
140104,974,1028
140105,972,1023
140106,969,1023
140107,971,1029
140108,973,1034
140109,977,1031
140110,978,1029
140111,978,1026
140112,977,1025
140113,978,1029
140114,982,1024
140115,988,1022
140116,989,1012
140117,992,998
140118,991,989
140119,990,987
140120,992,990
140121,993,997
140122,995,999
140123,997,998
140124,995,996
140125,994,995
140126,995,996
140127,996,994
140128,1001,994
140129,998,989
140130,994,989
140131,995,992
140132,995,997
140133,999,997
140134,1001,1000
140135,1001,999
140136,995,1001
140137,992,1006
140138,997,1010
140139,997,1014
140140,1000,1014
140141,995,1013
140142,990,1014
140143,988,1022
140144,989,1026
140145,989,1030
140146,991,1029
140147,992,1025
140148,987,1027
140149,983,1032
140150,985,1039
140151,984,1044
140152,983,1044
140153,982,1042
140154,978,1044
140155,981,1042
140156,981,1048
140157,981,1056
140158,980,1064
140159,976,1065
140160,972,1061
140161,976,1062
140162,976,1063
140163,978,1068
140164,978,1062
140165,974,1052
140166,973,1041
140167,974,1037
140168,977,1038
140169,978,1042
140170,977,1045
140171,976,1043
140172,972,1042
140173,973,1043
140174,975,1048
140175,980,1049
140176,980,1049
140177,977,1046
140178,974,1043
140179,975,1042
140180,977,1048
140181,980,1051
140182,977,1049
140183,973,1045
140184,968,1045
140185,969,1046
140186,972,1047
140187,977,1049
140188,978,1046
140189,975,1044
140190,970,1040
140191,973,1045
140192,977,1048
140193,979,1049
140194,976,1046
140195,977,1043
140196,974,1042
140197,976,1045
140198,979,1049
140199,980,1050
140200,981,1049
140201,978,1048
140202,978,1049
140203,980,1054
140204,978,1058
140205,982,1059
140206,983,1059
140207,981,1052
140208,981,1047
140209,984,1039
140210,984,1041
140211,987,1043
140212,988,1051
140213,984,1054
140214,981,1056
140215,981,1053
140216,984,1045
140217,983,1037
140218,988,1032
140219,981,1027
140220,976,1030
140221,976,1036
140222,979,1038
140223,980,1039
140224,978,1036
140225,975,1028
140226,969,1028
140227,967,1034
140228,970,1038
140229,971,1042
140230,973,1040
140231,974,1038
140232,971,1035
140233,970,1038
140234,968,1041
140235,970,1046
140236,969,1046
140237,969,1043
140238,967,1040
140239,966,1042
140240,967,1044
140241,970,1046
140242,969,1045
140243,966,1045
140244,967,1041
140245,968,1046
140246,969,1053
140247,975,1055
140248,975,1053
140249,965,1045
140250,967,1038
140251,965,1038
140252,971,1038
140253,974,1039
140254,973,1032
140255,974,1028
140256,971,1030
140257,971,1034
140258,973,1037
140259,979,1038
140260,976,1039
140261,973,1036
140262,969,1037
140263,971,1043
140264,976,1046
140265,978,1048
140266,979,1045
140267,975,1041
140268,972,1040
140269,974,1043
140270,979,1044
140271,978,1045
140272,979,1044
140273,972,1041
140274,970,1040
140275,969,1042
140276,973,1042
140277,977,1045
140278,975,1044
140279,971,1043
140280,968,1042
140281,967,1049
140282,968,1052
140283,971,1060
140284,971,1060
140285,968,1061
140286,967,1061
140287,965,1060
140288,965,1057
140289,972,1052
140290,972,1044
140291,968,1037
140292,967,1032
140293,966,1036
140294,967,1037
140295,968,1039
140296,968,1037
140297,967,1031
140298,963,1030
140299,960,1037
140300,963,1041
140301,971,1044
140302,971,1041
140303,972,1040
140304,969,1039
140305,968,1037
140306,971,1043
140307,972,1044
140308,973,1042
140309,972,1043
140310,971,1038
140311,970,1039
140312,970,1042
140313,974,1045
140314,974,1042
140315,972,1042
140316,971,1039
140317,970,1043
140318,974,1043
140319,976,1046
140320,977,1045
140321,972,1041
140322,971,1042
140323,972,1040
140324,975,1040
140325,978,1045
140326,977,1044
140327,975,1046
140328,976,1054
140329,975,1057
140330,975,1062
140331,979,1061
140332,980,1052
140333,978,1040
140334,975,1032
140335,976,1031
140336,977,1039
140337,982,1041
140338,981,1042
140339,979,1041
140340,977,1042
140341,976,1040
140342,982,1039
140343,984,1039
140344,985,1036
140345,987,1036
140346,985,1029
140347,992,1030
140348,1003,1033
140349,1021,1033
140350,1035,1028
140351,1050,1021
140352,1070,1016
140353,1097,1016
140354,1132,1008
140355,1168,1009
140356,1200,1008
140357,1228,1014
140358,1242,1027
140359,1245,1043
140360,1234,1056
140361,1203,1056
140362,1157,1045
140363,1103,1042
140364,1050,1053
140365,999,1067
140366,964,1078
140367,958,1084
140368,962,1078
140369,967,1061
140370,971,1051
140371,972,1047
140372,974,1041
140373,974,1042
140374,974,1038
140375,972,1036
140376,968,1034
140377,967,1037
140378,969,1040
140379,969,1040
140380,970,1036
140381,966,1037
140382,963,1037
140383,963,1041
140384,966,1041
140385,966,1043
140386,964,1042
140387,962,1043
140388,958,1040
140389,958,1044
140390,961,1045
140391,961,1048
140392,959,1047
140393,955,1046
140394,952,1047
140395,953,1044
140396,954,1046
140397,957,1043
140398,957,1037
140399,957,1039
140400,952,1040
140401,954,1036
140402,953,1035
140403,954,1034
140404,955,1031
140405,956,1025
140406,953,1019
140407,955,1017
140408,953,1022
140409,960,1026
140410,961,1026
140411,959,1026
140412,955,1027
140413,955,1027
140414,957,1028
140415,961,1032
140416,962,1030
140417,961,1025
140418,958,1023
140419,956,1024
140420,961,1025
140421,965,1030
140422,965,1023
140423,967,1022
140424,966,1021
140425,964,1025
140426,971,1024
140427,976,1025
140428,977,1021
140429,973,1019
140430,971,1018
140431,974,1022
140432,980,1022
140433,985,1024
140434,987,1020
140435,986,1015
140436,986,1013
140437,990,1016
140438,992,1017
140439,994,1016
140440,997,1010
140441,994,1004
140442,993,1002
140443,991,998
140444,995,999
140445,1001,1002
140446,1001,1002
140447,1000,997
140448,999,994
140449,1001,996
140450,1006,998
140451,1008,997
140452,1007,994
140453,1005,990
140454,1004,992
140455,1005,992
140456,1010,996
140457,1011,994
140458,1011,995
140459,1009,996
140460,1008,998
140461,1004,1004
140462,1007,1006
140463,1008,1006
140464,1010,1002
140465,1005,1001
140466,1003,1001
140467,1000,1004
140468,1001,1009
140469,1005,1010
140470,999,1015
140471,997,1017
140472,992,1018
140473,990,1023
140474,993,1028
140475,994,1030
140476,994,1031
140477,989,1031
140478,984,1034
140479,984,1036
140480,985,1041
140481,988,1043
140482,986,1040
140483,984,1041
140484,979,1039
140485,978,1043
140486,978,1046
140487,981,1050
140488,979,1047
140489,977,1042
140490,977,1043
140491,975,1043
140492,979,1047
140493,981,1047
140494,979,1043
140495,977,1039
140496,976,1036
140497,976,1039
140498,981,1042
140499,983,1045
140500,982,1040
140501,983,1037
140502,978,1031
140503,979,1026
140504,982,1029
140505,985,1027
140506,985,1027
140507,982,1024
140508,978,1027
140509,979,1030
140510,982,1032
140511,985,1036
140512,981,1034
140513,981,1032
140514,979,1030
140515,980,1030
140516,983,1035
140517,985,1033
140518,984,1032
140519,982,1029
140520,981,1031
140521,981,1034
140522,981,1035
140523,984,1036
140524,984,1036
140525,986,1033
140526,982,1032
140527,983,1032
140528,987,1036
140529,992,1039
140530,992,1037
140531,990,1036
140532,986,1039
140533,988,1043
140534,988,1043
140535,991,1043
140536,991,1036
140537,989,1031
140538,987,1031
140539,988,1033
140540,990,1033
140541,992,1030
140542,991,1027
140543,986,1022
140544,985,1021
140545,983,1021
140546,988,1022
140547,990,1026
140548,988,1025
140549,986,1022
140550,982,1023
140551,982,1024
140552,985,1028
140553,987,1029
140554,986,1024
140555,983,1022
140556,979,1021
140557,980,1026
140558,981,1029
140559,983,1033
140560,983,1029
140561,978,1029
140562,975,1030
140563,975,1029
140564,978,1035
140565,981,1036
140566,978,1036
140567,974,1039
140568,971,1038
140569,973,1042
140570,975,1041
140571,980,1041
140572,978,1039
140573,979,1041
140574,977,1039
140575,978,1040
140576,985,1038
140577,988,1037
140578,988,1031
140579,986,1029
140580,986,1030
140581,990,1028
140582,997,1026
140583,1010,1023
140584,1019,1019
140585,1031,1018
140586,1044,1015
140587,1066,1012
140588,1095,1013
140589,1131,1004
140590,1164,995
140591,1200,988
140592,1227,989
140593,1254,1001
140594,1266,1022
140595,1265,1033
140596,1242,1038
140597,1200,1036
140598,1148,1039
140599,1094,1047
140600,1042,1060
140601,998,1071
140602,967,1076
140603,952,1072
140604,950,1064
140605,958,1052
140606,966,1044
140607,971,1039
140608,972,1032
140609,969,1028
140610,966,1025
140611,963,1027
140612,963,1030
140613,964,1032
140614,963,1035
140615,956,1032
140616,953,1032
140617,951,1034
140618,955,1038
140619,958,1040
140620,958,1036
140621,954,1036
140622,950,1032
140623,951,1035
140624,953,1037
140625,955,1037
140626,955,1036
140627,952,1032
140628,948,1031
140629,949,1033
140630,954,1036
140631,955,1034
140632,955,1028
140633,953,1024
140634,952,1020
140635,954,1024
140636,953,1027
140637,958,1029
140638,958,1026
140639,955,1021
140640,954,1022
140641,953,1024
140642,955,1024
140643,957,1026
140644,958,1023
140645,955,1020
140646,953,1020
140647,953,1023
140648,957,1028
140649,960,1025
140650,960,1023
140651,957,1019
140652,954,1020
140653,955,1021
140654,959,1025
140655,962,1023
140656,963,1023
140657,961,1020
140658,959,1016
140659,962,1017
140660,965,1020
140661,968,1024
140662,970,1024
140663,971,1024
140664,969,1023
140665,974,1020
140666,976,1016
140667,977,1013
140668,980,1006
140669,979,1003
140670,979,1002
140671,981,1002
140672,985,1006
140673,991,1009
140674,992,1005
140675,992,998
140676,988,992
140677,994,991
140678,997,986
140679,1003,987
140680,1004,981
140681,1002,981
140682,999,981
140683,1000,986
140684,1002,988
140685,1006,989
140686,1010,986
140687,1005,983
140688,1002,981
140689,1002,985
140690,1005,987
140691,1005,991
140692,1003,993
140693,1000,991
140694,997,993
140695,997,999
140696,995,1004
140697,994,1009
140698,992,1009
140699,990,1009
140700,985,1012
140701,983,1017
140702,983,1022
140703,983,1028
140704,979,1028
140705,976,1026
140706,971,1025
140707,969,1031
140708,969,1040
140709,972,1041
140710,970,1042
140711,968,1041
140712,962,1042
140713,962,1047
140714,964,1054
140715,967,1054
140716,965,1052
140717,964,1049
140718,960,1048
140719,959,1046
140720,961,1047
140721,965,1043
140722,965,1042
140723,965,1038
140724,962,1039
140725,962,1040
140726,966,1039
140727,968,1039
140728,969,1036
140729,967,1033
140730,965,1031
140731,966,1032
140732,967,1036
140733,971,1037
140734,973,1034
140735,970,1029
140736,969,1032
140737,968,1033
140738,972,1032
140739,976,1034
140740,973,1034
140741,972,1037
140742,968,1037
140743,968,1035
140744,970,1034
140745,972,1031
140746,971,1030
140747,970,1029
140748,971,1033
140749,966,1034
140750,967,1039
140751,970,1035
140752,971,1035
140753,969,1031
140754,962,1030
140755,964,1036
140756,966,1037
140757,967,1040
140758,969,1040
140759,965,1039
140760,965,1039
140761,964,1045
140762,966,1047
140763,972,1050
140764,970,1048
140765,970,1039
140766,969,1039
140767,970,1035
140768,971,1037
140769,973,1037
140770,973,1034
140771,973,1032
140772,969,1029
140773,972,1032
140774,975,1037
140775,978,1037
140776,977,1038
140777,972,1037
140778,973,1040
140779,973,1041
140780,976,1041
140781,983,1041
140782,981,1038
140783,977,1035
140784,978,1036
140785,977,1039
140786,980,1037
140787,984,1030
140788,989,1023
140789,993,1016
140790,1002,1017
140791,1013,1018
140792,1032,1021
140793,1059,1022
140794,1088,1018
140795,1122,1011
140796,1153,1004
140797,1194,1003
140798,1232,1008
140799,1265,1019
140800,1280,1034
140801,1270,1046
140802,1237,1050
140803,1183,1050
140804,1122,1063
140805,1065,1071
140806,1008,1074
140807,968,1069
140808,951,1064
140809,953,1058
140810,966,1049
140811,971,1041
140812,968,1032
140813,964,1028
140814,959,1028
140815,955,1029
140816,957,1030
140817,957,1029
140818,955,1025
140819,951,1025
140820,951,1025
140821,946,1027
140822,948,1033
140823,949,1037
140824,952,1039
140825,947,1033
140826,942,1029
140827,944,1029
140828,945,1033
140829,947,1034
140830,948,1031
140831,948,1027
140832,945,1026
140833,941,1028
140834,944,1030
140835,948,1033
140836,946,1032
140837,944,1030
140838,940,1031
140839,942,1031
140840,942,1032
140841,945,1033
140842,944,1035
140843,941,1037
140844,939,1036
140845,941,1041
140846,943,1044
140847,947,1046
140848,951,1045
140849,948,1041
140850,945,1041
140851,948,1040
140852,949,1037
140853,953,1035
140854,955,1034
140855,954,1031
140856,951,1031
140857,950,1032
140858,954,1033
140859,959,1035
140860,960,1031
140861,957,1029
140862,956,1027
140863,955,1023
140864,959,1022
140865,967,1017
140866,969,1015
140867,969,1010
140868,969,1007
140869,968,1005
140870,974,1011
140871,978,1011
140872,979,1008
140873,978,1006
140874,977,1004
140875,976,1003
140876,981,996
140877,988,994
140878,988,994
140879,986,991
140880,984,991
140881,985,993
140882,988,996
140883,992,996
140884,992,995
140885,990,994
140886,990,993
140887,989,995
140888,995,1000
140889,997,998
140890,998,997
140891,992,996
140892,987,999
140893,989,1004
140894,992,1009
140895,992,1009
140896,989,1007
140897,988,1006
140898,985,1011
140899,980,1015
140900,982,1021
140901,984,1024
140902,981,1020
140903,978,1020
140904,970,1020
140905,970,1024
140906,968,1029
140907,969,1034
140908,970,1038
140909,965,1037
140910,961,1037
140911,959,1035
140912,962,1039
140913,964,1035
140914,965,1032
140915,960,1029
140916,958,1029
140917,956,1032
140918,961,1038
140919,963,1041
140920,962,1038
140921,958,1036
140922,955,1036
140923,956,1039
140924,957,1042
140925,960,1042
140926,960,1041
140927,955,1042
140928,955,1042
140929,955,1045
140930,958,1045
140931,961,1047
140932,963,1044
140933,963,1041
140934,962,1041
140935,964,1040
140936,968,1044
140937,969,1045
140938,971,1048
140939,968,1049
140940,961,1051
140941,963,1058
140942,967,1054
140943,970,1044
140944,974,1033
140945,971,1030
140946,971,1028
140947,973,1029
140948,977,1031
140949,983,1034
140950,984,1032
140951,988,1032
140952,989,1036
140953,989,1040
140954,997,1048
140955,1005,1048
140956,1009,1049
140957,1017,1045
140958,1023,1040
140959,1034,1029
140960,1050,1016
140961,1066,1001
140962,1078,988
140963,1090,973
140964,1099,958
140965,1112,946
140966,1132,930
140967,1150,913
140968,1165,886
140969,1177,865
140970,1186,847
140971,1196,835
140972,1206,831
140973,1215,825
140974,1214,827
140975,1210,826
140976,1207,827
140977,1206,826
140978,1203,822
140979,1195,811
140980,1182,808
140981,1170,811
140982,1153,818
140983,1138,827
140984,1120,839
140985,1103,851
140986,1082,861
140987,1063,874
140988,1048,888
140989,1041,904
140990,1039,921
140991,1038,932
140992,1037,938
140993,1030,945
140994,1025,952
140995,1031,965
140996,1046,975
140997,1064,983
140998,1076,982
140999,1073,985
141000,1053,989
141001,1015,1001
141002,979,1013
141003,952,1026
141004,931,1038
141005,919,1047
141006,910,1059
141007,905,1069
141008,898,1079
141009,899,1084
141010,893,1085
141011,890,1084
141012,884,1086
141013,880,1092
141014,882,1094
141015,884,1096
141016,884,1093
141017,881,1088
141018,877,1091
141019,877,1097
141020,876,1100
141021,878,1099
141022,874,1094
141023,870,1094
141024,869,1098
141025,866,1103
141026,868,1110
141027,868,1111
141028,867,1112
141029,862,1113
141030,858,1113
141031,858,1120
141032,862,1122
141033,864,1127
141034,861,1129
141035,855,1130
141036,852,1130
141037,850,1135
141038,851,1140
141039,854,1144
141040,856,1145
141041,850,1146
141042,846,1144
141043,845,1150
141044,845,1155
141045,846,1160
141046,840,1163
141047,842,1162
141048,839,1168
141049,841,1168
141050,842,1172
141051,847,1172
141052,848,1171
141053,847,1171
141054,847,1171
141055,849,1174
141056,853,1176
141057,858,1175
141058,859,1170
141059,858,1169
141060,862,1169
141061,867,1175
141062,874,1173
141063,878,1169
141064,882,1156
141065,888,1150
141066,891,1142
141067,895,1139
141068,903,1137
141069,908,1131
141070,911,1125
141071,914,1120
141072,916,1117
141073,919,1113
141074,924,1111
141075,930,1106
141076,932,1099
141077,933,1092
141078,932,1089
141079,932,1083
141080,935,1083
141081,939,1079
141082,938,1074
141083,937,1066
141084,936,1058
141085,937,1055
141086,939,1053
141087,942,1055
141088,942,1054
141089,939,1046
141090,937,1043
141091,935,1042
141092,937,1042
141093,939,1040
141094,937,1041
141095,934,1040
141096,931,1041
141097,932,1044
141098,934,1047
141099,938,1043
141100,941,1039
141101,937,1032
141102,934,1029
141103,935,1031
141104,937,1036
141105,940,1036
141106,939,1037
141107,936,1037
141108,934,1040
141109,936,1042
141110,941,1049
141111,943,1045
141112,945,1040
141113,941,1033
141114,941,1029
141115,939,1032
141116,941,1036
141117,944,1040
141118,942,1039
141119,941,1037
141120,938,1037
141121,941,1037
141122,944,1040
141123,946,1039
141124,945,1036
141125,944,1035
141126,941,1036
141127,944,1036
141128,946,1040
141129,947,1042
141130,947,1038
141131,949,1030
141132,944,1027
141133,945,1027
141134,947,1029
141135,949,1032
141136,951,1033
141137,948,1033
141138,944,1029
141139,944,1027
141140,946,1025
141141,950,1024
141142,948,1021
141143,947,1020
141144,945,1019
141145,943,1024
141146,945,1026
141147,947,1027
141148,950,1027
141149,949,1023
141150,946,1024
141151,948,1025
141152,947,1027
141153,951,1029
141154,951,1026
141155,948,1026
141156,946,1028
141157,947,1030
141158,950,1032
141159,952,1035
141160,952,1027
141161,949,1025
141162,946,1022
141163,948,1027
141164,948,1028
141165,949,1030
141166,950,1028
141167,946,1023
141168,945,1024
141169,947,1025
141170,945,1029
141171,948,1030
141172,950,1028
141173,947,1024
141174,945,1021
141175,944,1019
141176,948,1022
141177,949,1025
141178,949,1024
141179,949,1022
141180,947,1021
141181,946,1019
141182,947,1022
141183,949,1023
141184,951,1023
141185,948,1018
141186,947,1016
141187,947,1018
141188,950,1022
141189,953,1023
141190,952,1023
141191,950,1022
141192,947,1020
141193,945,1023
141194,946,1025
141195,949,1026
141196,951,1023
141197,950,1023
141198,946,1020
141199,947,1021
141200,947,1023
141201,951,1024
141202,951,1022
141203,949,1018
141204,948,1019
141205,948,1022
141206,951,1023
141207,954,1030
141208,950,1029
141209,950,1024
141210,948,1017
141211,947,1017
141212,949,1021
141213,953,1022
141214,951,1026
141215,949,1028
141216,945,1028
141217,946,1028
141218,947,1026
141219,951,1024
141220,952,1020
141221,949,1018
141222,947,1018
141223,948,1018
141224,949,1021
141225,952,1023
141226,952,1020
141227,950,1019
141228,946,1023
141229,948,1026
141230,950,1029
141231,952,1029
141232,952,1028
141233,951,1023
141234,949,1022
141235,952,1025
141236,954,1030
141237,955,1029
141238,958,1031
141239,956,1028
141240,949,1028
141241,951,1031
141242,956,1037
141243,954,1035
141244,956,1031
141245,958,1027
141246,955,1028
141247,960,1027
141248,960,1027
141249,963,1022
141250,964,1015
141251,960,1013
141252,961,1010
141253,961,1014
141254,966,1017
141255,968,1017
141256,966,1015
141257,965,1015
141258,964,1015
141259,964,1017
141260,967,1019
141261,968,1017
141262,973,1014
141263,969,1012
141264,967,1011
141265,969,1009
141266,980,1009
141267,992,1007
141268,1003,1005
141269,1014,1002
141270,1030,1000
141271,1051,1004
141272,1082,1003
141273,1116,994
141274,1151,981
141275,1185,974
141276,1216,976
141277,1246,981
141278,1264,998
141279,1264,1016
141280,1237,1025
141281,1188,1026
141282,1132,1028
141283,1076,1038
141284,1026,1041
141285,987,1042
141286,959,1039
141287,948,1034
141288,949,1029
141289,956,1024
141290,963,1022
141291,961,1020
141292,957,1018
141293,953,1016
141294,949,1015
141295,951,1017
141296,951,1022
141297,955,1022
141298,952,1023
141299,948,1021
141300,948,1022
141301,943,1023
141302,947,1027
141303,944,1027
141304,945,1025
141305,945,1024
141306,940,1018
141307,944,1022
141308,945,1026
141309,948,1026
141310,948,1024
141311,946,1021
141312,944,1022
141313,943,1023
141314,945,1024
141315,948,1023
141316,945,1024
141317,941,1025
141318,942,1029
141319,941,1030
141320,943,1029
141321,946,1025
141322,945,1019
141323,944,1016
141324,942,1016
141325,942,1018
141326,944,1021
141327,944,1023
141328,946,1020
141329,941,1016
141330,939,1018
141331,941,1018
141332,944,1022
141333,947,1020
141334,949,1016
141335,949,1013
141336,946,1010
141337,948,1015
141338,950,1018
141339,952,1018
141340,952,1017
141341,950,1016
141342,951,1016
141343,955,1019
141344,958,1022
141345,962,1021
141346,962,1018
141347,963,1014
141348,960,1013
141349,965,1014
141350,968,1016
141351,971,1016
141352,971,1015
141353,972,1011
141354,971,1007
141355,976,1002
141356,983,1002
141357,985,1000
141358,988,995
141359,986,988
141360,982,990
141361,987,992
141362,987,994
141363,992,993
141364,993,988
141365,991,987
141366,990,989
141367,992,989
141368,996,990
141369,997,989
141370,999,982
141371,997,979
141372,997,978
141373,999,979
141374,1002,982
141375,1003,984
141376,1002,983
141377,1000,985
141378,1000,985
141379,998,985
141380,1001,990
141381,1004,991
141382,1002,995
141383,998,995
141384,995,998
141385,992,1005
141386,994,1012
141387,995,1012
141388,993,1013
141389,988,1007
141390,985,1006
141391,980,1015
141392,982,1022
141393,983,1026
141394,979,1026
141395,975,1022
141396,976,1023
141397,975,1020
141398,975,1020
141399,975,1020
141400,973,1020
141401,968,1020
141402,964,1021
141403,968,1025
141404,967,1026
141405,968,1028
141406,966,1025
141407,961,1023
141408,959,1023
141409,958,1025
141410,959,1029
141411,966,1030
141412,966,1028
141413,963,1028
141414,959,1029
141415,961,1031
141416,962,1034
141417,964,1034
141418,966,1032
141419,961,1031
141420,958,1030
141421,959,1031
141422,963,1032
141423,962,1033
141424,962,1031
141425,960,1024
141426,960,1020
141427,959,1022
141428,961,1028
141429,966,1029
141430,962,1026
141431,960,1023
141432,956,1023
141433,962,1024
141434,965,1025
141435,968,1024
141436,966,1025
141437,966,1024
141438,963,1024
141439,965,1026
141440,964,1027
141441,967,1024
141442,966,1019
141443,964,1017
141444,963,1019
141445,966,1019
141446,967,1023
141447,970,1021
141448,970,1023
141449,968,1019
141450,965,1018
141451,967,1020
141452,969,1020
141453,974,1018
141454,973,1017
141455,971,1013
141456,967,1015
141457,967,1019
141458,972,1018
141459,972,1016
141460,971,1010
141461,968,1012
141462,966,1013
141463,968,1017
141464,969,1020
141465,972,1021
141466,973,1020
141467,967,1019
141468,965,1020
141469,966,1023
141470,968,1029
141471,967,1030
141472,966,1026
141473,964,1025
141474,961,1022
141475,961,1022
141476,960,1024
141477,965,1026
141478,963,1022
141479,960,1024
141480,960,1023
141481,960,1024
141482,959,1029
141483,963,1034
141484,965,1036
141485,961,1034
141486,962,1029
141487,962,1024
141488,965,1024
141489,968,1021
141490,966,1021
141491,965,1020
141492,962,1023
141493,963,1025
141494,965,1028
141495,967,1024
141496,966,1023
141497,965,1024
141498,960,1029
141499,960,1033
141500,963,1032
141501,965,1025
141502,965,1019
141503,962,1015
141504,961,1016
141505,961,1019
141506,964,1023
141507,966,1023
141508,964,1026
141509,962,1028
141510,956,1025
141511,956,1027
141512,961,1022
141513,965,1021
141514,963,1018
141515,959,1015
141516,957,1019
141517,959,1023
141518,958,1026
141519,963,1026
141520,959,1024
141521,959,1020
141522,956,1018
141523,955,1020
141524,955,1028
141525,958,1032
141526,959,1034
141527,956,1031
141528,952,1024
141529,956,1016
141530,958,1019
141531,961,1019
141532,960,1021
141533,958,1020
141534,955,1022
141535,957,1025
141536,958,1028
141537,963,1028
141538,962,1025
141539,960,1022
141540,958,1024
141541,959,1028
141542,962,1032
141543,961,1032
141544,960,1029
141545,959,1025
141546,955,1027
141547,954,1029
141548,958,1033
141549,961,1034
141550,960,1030
141551,960,1022
141552,957,1020
141553,957,1021
141554,959,1021
141555,963,1025
141556,963,1026
141557,958,1023
141558,955,1022
141559,957,1024
141560,960,1026
141561,964,1027
141562,963,1026
141563,961,1022
141564,958,1025
141565,960,1029
141566,962,1032
141567,963,1033
141568,964,1030
141569,962,1022
141570,959,1020
141571,962,1019
141572,963,1021
141573,965,1022
141574,964,1021
141575,960,1016
141576,957,1014
141577,959,1013
141578,961,1017
141579,961,1018
141580,962,1017
141581,960,1015
141582,958,1020
141583,958,1026
141584,960,1031
141585,965,1031
141586,965,1026
141587,962,1020
141588,962,1018
141589,963,1023
141590,966,1025
141591,968,1023
141592,967,1024
141593,967,1022
141594,967,1024
141595,968,1025
141596,971,1031
141597,973,1031
141598,973,1028
141599,972,1022
141600,972,1016
141601,973,1015
141602,978,1016
141603,978,1018
141604,981,1017
141605,982,1013
141606,986,1014
141607,998,1015
141608,1013,1019
141609,1030,1018
141610,1050,1010
141611,1069,1004
141612,1092,998
141613,1119,992
141614,1154,985
141615,1183,978
141616,1214,974
141617,1240,974
141618,1265,977
141619,1280,989
141620,1282,1006
141621,1265,1017
141622,1228,1022
141623,1175,1021
141624,1121,1027
141625,1072,1040
141626,1029,1043
141627,995,1042
141628,968,1038
141629,958,1030
141630,959,1026
141631,965,1026
141632,971,1026
141633,972,1026
141634,967,1022
141635,962,1019
141636,961,1015
141637,961,1018
141638,960,1020
141639,961,1021
141640,959,1023
141641,955,1018
141642,950,1018
141643,951,1022
141644,953,1027
141645,954,1028
141646,953,1026
141647,953,1021
141648,948,1022
141649,949,1026
141650,952,1029
141651,950,1030
141652,951,1029
141653,949,1026
141654,947,1024
141655,947,1026
141656,949,1025
141657,952,1023
141658,952,1022
141659,951,1019
141660,949,1020
141661,948,1022
141662,949,1026
141663,955,1025
141664,954,1023
141665,953,1023
141666,952,1023
141667,953,1026
141668,955,1028
141669,960,1028
141670,959,1025
141671,955,1024
141672,953,1025
141673,953,1027
141674,955,1028
141675,960,1028
141676,957,1027
141677,955,1026
141678,954,1025
141679,953,1026
141680,956,1029
141681,958,1029
141682,958,1029
141683,956,1027
141684,954,1026
141685,956,1029
141686,958,1033
141687,962,1033
141688,962,1029
141689,961,1021
141690,959,1014
141691,960,1013
141692,962,1014
141693,963,1014
141694,964,1015
141695,964,1012
141696,963,1014
141697,966,1015
141698,969,1012
141699,975,1008
141700,975,1005
141701,975,1000
141702,974,1003
141703,977,1000
141704,980,1002
141705,984,1000
141706,984,1001
141707,983,996
141708,983,994
141709,984,995
141710,988,999
141711,993,999
141712,992,994
141713,990,992
141714,989,992
141715,990,993
141716,994,998
141717,996,994
141718,996,995
141719,993,994
141720,994,994
141721,995,995
141722,1001,1001
141723,1004,1004
141724,1004,1000
141725,1003,998
141726,999,999
141727,999,1003
141728,999,1004
141729,1003,1008
141730,1002,1008
141731,999,1004
141732,994,1004
141733,998,1011
141734,998,1015
141735,999,1016
141736,994,1018
141737,990,1014
141738,985,1012
141739,983,1016
141740,980,1017
141741,981,1017
141742,980,1013
141743,976,1009
141744,974,1012
141745,972,1019
141746,973,1022
141747,975,1023
141748,972,1024
141749,968,1018
141750,963,1020
141751,966,1020
141752,967,1025
141753,967,1025
141754,964,1021
141755,962,1019
141756,962,1017
141757,960,1020
141758,962,1022
141759,962,1025
141760,960,1024
141761,957,1022
141762,954,1024
141763,955,1025
141764,959,1028
141765,959,1029
141766,959,1026
141767,955,1026
141768,953,1025
141769,953,1029
141770,955,1035
141771,956,1034
141772,956,1035
141773,957,1034
141774,955,1035
141775,957,1038
141776,961,1042
141777,966,1043
141778,967,1041
141779,966,1039
141780,960,1036
141781,963,1040
141782,965,1045
141783,966,1045
141784,967,1041
141785,966,1037
141786,966,1033
141787,966,1029
141788,966,1029
141789,971,1026
141790,970,1025
141791,968,1025
141792,965,1023
141793,966,1029
141794,967,1031
141795,967,1029
141796,969,1028
141797,966,1023
141798,964,1024
141799,963,1026
141800,965,1029
141801,967,1027
141802,966,1026
141803,966,1022
141804,961,1024
141805,963,1025
141806,965,1027
141807,967,1024
141808,967,1022
141809,964,1019
141810,961,1017
141811,960,1020
141812,963,1022
141813,964,1020
141814,964,1020
141815,959,1019
141816,958,1019
141817,961,1026
141818,963,1031
141819,965,1032
141820,964,1030
141821,960,1025
141822,956,1025
141823,961,1028
141824,964,1027
141825,963,1026
141826,964,1026
141827,962,1024
141828,960,1026
141829,959,1028
141830,962,1032
141831,965,1035
141832,964,1035
141833,964,1028
141834,960,1025
141835,961,1025
141836,963,1030
141837,966,1028
141838,965,1030
141839,961,1026
141840,960,1026
141841,960,1030
141842,962,1031
141843,962,1032
141844,962,1031
141845,959,1028
141846,955,1028
141847,956,1027
141848,959,1025
141849,964,1024
141850,963,1023
141851,962,1020
141852,959,1020
141853,960,1026
141854,961,1031
141855,961,1028
141856,958,1029
141857,958,1026
141858,957,1024
141859,958,1029
141860,960,1029
141861,960,1028
141862,961,1024
141863,959,1025
141864,955,1027
141865,957,1027
141866,958,1032
141867,961,1031
141868,957,1030
141869,954,1028
141870,954,1029
141871,954,1029
141872,958,1032
141873,960,1031
141874,958,1030
141875,958,1026
141876,957,1027
141877,957,1030
141878,960,1031
141879,961,1028
141880,957,1028
141881,958,1023
141882,955,1025
141883,957,1026
141884,959,1028
141885,963,1029
141886,960,1028
141887,960,1026
141888,956,1027
141889,958,1029
141890,959,1033
141891,961,1033
141892,959,1031
141893,960,1028
141894,954,1029
141895,956,1029
141896,963,1033
141897,965,1031
141898,963,1032
141899,960,1031
141900,957,1032
141901,961,1036
141902,963,1037
141903,967,1038
141904,966,1032
141905,962,1029
141906,963,1024
141907,965,1023
141908,967,1024
141909,969,1025
141910,969,1024
141911,967,1023
141912,966,1024
141913,967,1025
141914,967,1026
141915,973,1026
141916,977,1023
141917,978,1017
141918,982,1016
141919,991,1017
141920,1004,1018
141921,1022,1013
141922,1035,1008
141923,1053,1003
141924,1079,999
141925,1107,995
141926,1138,989
141927,1171,980
141928,1202,975
141929,1230,974
141930,1250,983
141931,1266,996
141932,1269,1015
141933,1255,1025
141934,1221,1029
141935,1176,1028
141936,1123,1035
141937,1069,1045
141938,1021,1057
141939,981,1058
141940,956,1061
141941,947,1057
141942,946,1051
141943,954,1042
141944,959,1036
141945,961,1027
141946,957,1021
141947,953,1020
141948,949,1021
141949,949,1027
141950,953,1033
141951,954,1035
141952,950,1033
141953,948,1031
141954,944,1028
141955,945,1032
141956,946,1028
141957,946,1024
141958,945,1021
141959,944,1015
141960,939,1020
141961,940,1024
141962,943,1026
141963,944,1026
141964,944,1022
141965,940,1020
141966,938,1020
141967,940,1022
141968,940,1026
141969,944,1027
141970,942,1027
141971,938,1028
141972,936,1027
141973,939,1029
141974,941,1032
141975,944,1035
141976,941,1033
141977,941,1031
141978,939,1028
141979,940,1029
141980,939,1031
141981,944,1029
141982,944,1029
141983,942,1030
141984,940,1029
141985,940,1033
141986,939,1039
141987,943,1037
141988,942,1035
141989,939,1031
141990,939,1027
141991,941,1025
141992,943,1025
141993,948,1023
141994,945,1016
141995,945,1014
141996,944,1015
141997,945,1019
141998,951,1024
141999,954,1023
142000,954,1024
142001,951,1019
142002,949,1016
142003,953,1016
142004,956,1015
142005,962,1017
142006,959,1016
142007,962,1014
142008,958,1014
142009,961,1014
142010,967,1014
142011,972,1011
142012,972,1009
142013,971,1007
142014,973,1010
142015,974,1015
142016,979,1013
142017,984,1006
142018,984,1002
142019,983,993
142020,980,994
142021,981,997
142022,984,1004
142023,989,1006
142024,989,1007
142025,985,1001
142026,984,1000
142027,986,1000
142028,989,1001
142029,993,999
142030,992,995
142031,992,989
142032,991,985
142033,993,985
142034,995,987
142035,997,991
142036,998,993
142037,994,996
142038,992,999
142039,992,1004
142040,993,1004
142041,996,1004
142042,992,1007
142043,991,1004
142044,986,1005
142045,987,1007
142046,986,1011
142047,986,1011
142048,982,1019
142049,979,1021
142050,976,1024
142051,974,1030
142052,974,1034
142053,974,1034
142054,972,1029
142055,966,1023
142056,966,1023
142057,965,1024
142058,964,1032
142059,965,1036
142060,963,1038
142061,962,1035
142062,956,1035
142063,958,1035
142064,958,1035
142065,960,1032
142066,958,1032
142067,956,1028
142068,951,1034
142069,952,1037
142070,956,1042
142071,956,1040
142072,955,1036
142073,953,1030
142074,951,1032
142075,952,1031
142076,955,1034
142077,957,1035
142078,958,1032
142079,959,1028
142080,956,1033
142081,958,1036
142082,963,1041
142083,966,1036
142084,969,1030
142085,965,1027
142086,966,1030
142087,972,1032
142088,981,1037
142089,989,1040
142090,994,1038
142091,995,1034
142092,998,1034
142093,1005,1038
142094,1012,1041
142095,1024,1039
142096,1033,1034
142097,1045,1023
142098,1057,1009
142099,1067,998
142100,1081,987
142101,1098,975
142102,1111,957
142103,1123,941
142104,1136,928
142105,1150,915
142106,1168,900
142107,1187,879
142108,1203,858
142109,1217,842
142110,1227,827
142111,1238,821
142112,1240,814
142113,1240,814
142114,1234,812
142115,1227,809
142116,1219,811
142117,1213,816
142118,1207,821
142119,1197,821
142120,1179,818
142121,1154,816
142122,1131,816
142123,1111,822
142124,1091,833
142125,1072,840
142126,1047,848
142127,1027,858
142128,1013,873
142129,1007,891
142130,1007,904
142131,1008,915
142132,1007,922
142133,1001,926
142134,996,938
142135,1005,950
142136,1016,965
142137,1031,977
142138,1050,985
142139,1063,983
142140,1067,985
142141,1057,988
142142,1033,995
142143,1003,1001
142144,970,1011
142145,944,1023
142146,930,1037
142147,924,1052
142148,922,1066
142149,921,1075
142150,917,1078
142151,911,1078
142152,905,1083
142153,901,1090
142154,897,1096
142155,899,1091
142156,894,1090
142157,888,1084
142158,882,1090
142159,880,1097
142160,881,1101
142161,885,1100
142162,881,1097
142163,878,1093
142164,871,1095
142165,875,1103
142166,874,1108
142167,877,1110
142168,872,1112
142169,870,1111
142170,867,1109
142171,865,1116
142172,868,1119
142173,870,1122
142174,868,1124
142175,867,1120
142176,865,1122
142177,864,1123
142178,868,1124
142179,872,1123
142180,869,1122
142181,867,1122
142182,865,1125
142183,867,1131
142184,868,1136
142185,871,1141
142186,870,1142
142187,869,1144
142188,868,1149
142189,869,1154
142190,872,1159
142191,873,1158
142192,872,1154
142193,873,1152
142194,871,1152
142195,873,1159
142196,875,1162
142197,877,1166
142198,877,1164
142199,879,1164
142200,880,1167
142201,881,1174
142202,885,1176
142203,892,1177
142204,896,1171
142205,896,1161
142206,894,1157
142207,900,1155
142208,907,1156
142209,911,1154
142210,912,1151
142211,914,1149
142212,917,1152
142213,924,1153
142214,929,1149
142215,932,1135
142216,934,1124
142217,934,1114
142218,934,1110
142219,934,1112
142220,940,1112
142221,943,1111
142222,944,1104
142223,944,1099
142224,946,1091
142225,944,1086
142226,948,1082
142227,951,1079
142228,949,1076
142229,946,1069
142230,946,1067
142231,945,1063
142232,948,1063
142233,948,1061
142234,951,1060
142235,949,1060
142236,947,1060
142237,943,1060
142238,949,1059
142239,954,1053
142240,955,1046
142241,951,1042
142242,948,1041
142243,947,1046
142244,950,1050
142245,954,1049
142246,952,1046
142247,951,1045
142248,947,1044
142249,946,1041
142250,949,1042
142251,952,1037
142252,951,1035
142253,951,1031
142254,949,1030
142255,945,1032
142256,951,1036
142257,953,1038
142258,951,1036
142259,951,1035
142260,951,1032
142261,954,1032
142262,956,1034
142263,959,1035
142264,958,1038
142265,953,1036
142266,951,1032
142267,952,1032
142268,955,1036
142269,957,1035
142270,956,1039
142271,953,1040
142272,951,1042
142273,951,1042
142274,956,1040
142275,960,1041
142276,958,1039
142277,957,1035
142278,958,1034
142279,959,1038
142280,962,1043
142281,962,1047
142282,963,1046
142283,959,1036
142284,956,1029
142285,960,1030
142286,960,1033
142287,963,1029
142288,962,1028
142289,960,1027
142290,958,1031
142291,958,1035
142292,957,1041
142293,960,1038
142294,960,1039
142295,961,1035
142296,957,1037
142297,956,1037
142298,958,1041
142299,961,1045
142300,962,1045
142301,961,1045
142302,958,1042
142303,958,1043
142304,959,1041
142305,961,1040
142306,960,1043
142307,960,1038
142308,959,1037
142309,957,1035
142310,959,1036
142311,961,1031
142312,959,1032
142313,957,1031
142314,956,1037
142315,957,1037
142316,962,1032
142317,964,1028
142318,964,1024
142319,961,1023
142320,958,1024
142321,959,1027
142322,962,1026
142323,965,1025
142324,962,1024
142325,959,1021
142326,958,1021
142327,959,1026
142328,962,1029
142329,964,1030
142330,963,1027
142331,958,1026
142332,958,1028
142333,956,1031
142334,962,1033
142335,962,1028
142336,958,1029
142337,957,1028
142338,956,1032
142339,960,1036
142340,960,1039
142341,962,1040
142342,959,1040
142343,958,1036
142344,957,1038
142345,961,1039
142346,966,1042
142347,966,1039
142348,966,1036
142349,965,1031
142350,962,1031
142351,962,1039
142352,960,1043
142353,963,1044
142354,965,1039
142355,966,1033
142356,964,1030
142357,965,1032
142358,969,1039
142359,974,1043
142360,972,1048
142361,970,1046
142362,966,1046
142363,967,1038
142364,969,1033
142365,970,1027
142366,969,1023
142367,966,1020
142368,962,1022
142369,966,1025
142370,967,1027
142371,967,1028
142372,966,1026
142373,962,1027
142374,960,1028
142375,961,1031
142376,963,1034
142377,964,1034
142378,966,1032
142379,964,1028
142380,961,1027
142381,964,1032
142382,966,1038
142383,968,1037
142384,964,1029
142385,963,1023
142386,963,1026
142387,962,1029
142388,963,1031
142389,961,1029
142390,963,1028
142391,961,1026
142392,963,1025
142393,964,1028
142394,964,1034
142395,966,1039
142396,965,1041
142397,968,1034
142398,966,1030
142399,965,1028
142400,967,1031
142401,966,1030
142402,969,1028
142403,967,1028
142404,966,1030
142405,968,1034
142406,973,1038
142407,975,1036
142408,973,1034
142409,975,1029
142410,973,1030
142411,973,1033
142412,972,1039
142413,974,1039
142414,974,1034
142415,972,1030
142416,972,1029
142417,974,1031
142418,974,1034
142419,975,1039
142420,973,1041
142421,974,1037
142422,974,1030
142423,974,1027
142424,978,1023
142425,982,1019
142426,980,1019
142427,973,1015
142428,969,1016
142429,969,1020
142430,974,1024
142431,976,1023
142432,976,1021
142433,974,1016
142434,971,1014
142435,973,1018
142436,969,1020
142437,971,1023
142438,970,1024
142439,970,1022
142440,967,1024
142441,967,1031
142442,970,1032
142443,970,1030
142444,970,1027
142445,968,1026
142446,967,1025
142447,968,1029
142448,971,1031
142449,974,1031
142450,975,1032
142451,971,1032
142452,970,1031
142453,974,1033
142454,980,1036
142455,979,1034
142456,977,1034
142457,978,1031
142458,979,1032
142459,982,1034
142460,984,1039
142461,987,1040
142462,988,1037
142463,985,1029
142464,986,1025
142465,984,1024
142466,986,1024
142467,990,1025
142468,987,1019
142469,988,1014
142470,992,1012
142471,997,1011
142472,1010,1008
142473,1026,1008
142474,1040,1002
142475,1054,999
142476,1076,996
142477,1112,993
142478,1154,985
142479,1193,974
142480,1225,975
142481,1252,988
142482,1264,1013
142483,1262,1036
142484,1238,1049
142485,1191,1045
142486,1131,1039
142487,1070,1040
142488,1009,1054
142489,954,1072
142490,929,1088
142491,934,1091
142492,946,1077
142493,955,1052
142494,956,1037
142495,960,1027
142496,966,1028
142497,969,1026
142498,966,1023
142499,960,1020
142500,959,1023
142501,962,1023
142502,964,1025
142503,966,1027
142504,965,1030
142505,966,1027
142506,961,1026
142507,963,1024
142508,965,1026
142509,967,1029
142510,966,1026
142511,961,1022
142512,960,1022
142513,959,1024
142514,961,1029
142515,963,1032
142516,960,1035
142517,955,1038
142518,952,1041
142519,955,1038
142520,960,1030
142521,962,1016
142522,961,1010
142523,957,1010
142524,952,1010
142525,950,1009
142526,954,1012
142527,958,1012
142528,958,1012
142529,953,1013
142530,951,1014
142531,955,1017
142532,959,1017
142533,960,1017
142534,956,1018
142535,954,1016
142536,954,1018
142537,958,1018
142538,962,1020
142539,963,1021
142540,960,1016
142541,958,1015
142542,956,1017
142543,958,1019
142544,965,1019
142545,968,1014
142546,968,1013
142547,969,1011
142548,968,1008
142549,968,1009
142550,972,1011
142551,973,1010
142552,975,1004
142553,975,999
142554,976,999
142555,979,1000
142556,981,1001
142557,986,1000
142558,985,1000
142559,982,998
142560,981,998
142561,982,994
142562,986,991
142563,990,988
142564,990,984
142565,985,984
142566,986,985
142567,988,983
142568,992,984
142569,997,983
142570,998,980
142571,996,980
142572,994,980
142573,996,981
142574,998,984
142575,1002,981
142576,1002,980
142577,1003,981
142578,1000,981
142579,1002,986
142580,1008,990
142581,1012,992
142582,1011,991
142583,1007,990
142584,1005,993
142585,1008,1001
142586,1007,1006
142587,1008,1008
142588,1007,1009
142589,1003,1014
142590,1000,1016
142591,1000,1018
142592,1004,1020
142593,1004,1014
142594,1005,1009
142595,996,1009
142596,994,1011
142597,991,1018
142598,990,1024
142599,993,1029
142600,990,1034
142601,985,1033
142602,985,1031
142603,980,1028
142604,981,1028
142605,985,1026
142606,983,1027
142607,979,1024
142608,979,1026
142609,981,1029
142610,984,1033
142611,984,1033
142612,981,1029
142613,980,1025
142614,976,1030
142615,981,1031
142616,981,1031
142617,981,1033
142618,982,1030
142619,980,1028
142620,978,1027
142621,979,1028
142622,983,1032
142623,985,1032
142624,986,1026
142625,983,1025
142626,980,1021
142627,979,1024
142628,983,1029
142629,985,1029
142630,984,1025
142631,984,1026
142632,985,1024
142633,986,1025
142634,989,1029
142635,992,1024
142636,991,1016
142637,988,1015
142638,983,1016
142639,986,1016
142640,990,1021
142641,993,1020
142642,993,1021
142643,990,1022
142644,986,1022
142645,987,1021
142646,988,1018
142647,990,1019
142648,989,1019
142649,987,1018
142650,985,1018
142651,986,1020
142652,988,1023
142653,989,1024
142654,987,1023
142655,984,1021
142656,982,1018
142657,982,1022
142658,985,1025
142659,988,1025
142660,982,1025
142661,981,1023
142662,981,1023
142663,983,1025
142664,983,1026
142665,985,1025
142666,984,1023
142667,981,1021
142668,975,1024
142669,975,1030
142670,976,1034
142671,979,1030
142672,975,1026
142673,976,1022
142674,975,1023
142675,979,1025
142676,978,1024
142677,979,1024
142678,981,1021
142679,977,1021
142680,978,1019
142681,975,1019
142682,976,1024
142683,977,1025
142684,979,1023
142685,977,1025
142686,975,1027
142687,978,1030
142688,980,1033
142689,983,1027
142690,985,1024
142691,985,1027
142692,984,1027
142693,985,1026
142694,989,1028
142695,989,1028
142696,990,1025
142697,989,1022
142698,988,1018
142699,994,1020
142700,1004,1019
142701,1019,1019
142702,1034,1016
142703,1055,1012
142704,1080,1008
142705,1113,1004
142706,1157,994
142707,1202,989
142708,1241,987
142709,1271,992
142710,1289,1006
142711,1286,1026
142712,1261,1035
142713,1215,1032
142714,1153,1032
142715,1089,1041
142716,1019,1054
142717,963,1069
142718,935,1080
142719,938,1081
142720,945,1072
142721,954,1056
142722,955,1043
142723,962,1038
142724,967,1035
142725,967,1025
142726,964,1019
142727,959,1015
142728,956,1019
142729,956,1020
142730,959,1026
142731,961,1025
142732,959,1025
142733,957,1020
142734,954,1021
142735,954,1024
142736,957,1027
142737,960,1027
142738,960,1027
142739,959,1027
142740,957,1026
142741,958,1030
142742,957,1034
142743,961,1033
142744,958,1029
142745,955,1026
142746,956,1024
142747,957,1025
142748,960,1027
142749,961,1024
142750,959,1025
142751,956,1021
142752,955,1022
142753,955,1023
142754,958,1023
142755,958,1020
142756,957,1016
142757,954,1013
142758,956,1014
142759,958,1018
142760,965,1025
142761,965,1022
142762,964,1022
142763,961,1018
142764,961,1014
142765,961,1017
142766,965,1018
142767,967,1018
142768,969,1015
142769,968,1011
142770,967,1013
142771,970,1014
142772,972,1016
142773,976,1016
142774,973,1015
142775,973,1011
142776,971,1009
142777,975,1009
142778,980,1009
142779,982,1004
142780,983,1003
142781,981,1001
142782,981,999
142783,984,1001
142784,987,1001
142785,990,996
142786,990,992
142787,989,988
142788,991,988
142789,994,991
142790,993,995
142791,997,998
142792,998,993
142793,997,985
142794,997,977
142795,998,976
142796,1004,979
142797,1007,978
142798,1006,979
142799,1002,978
142800,1000,980
142801,1002,986
142802,1002,987
142803,1006,985
142804,1005,984
142805,1004,984
142806,1001,986
142807,1000,990
142808,1001,997
142809,1000,999
142810,1001,1000
142811,995,1001
142812,993,1001
142813,991,1008
142814,992,1014
142815,994,1013
142816,989,1012
142817,988,1012
142818,983,1015
142819,980,1019
142820,980,1022
142821,981,1024
142822,980,1022
142823,974,1022
142824,972,1023
142825,973,1027
142826,976,1031
142827,979,1031
142828,975,1030
142829,970,1029
142830,966,1029
142831,968,1032
142832,969,1038
142833,973,1035
142834,971,1034
142835,969,1033
142836,967,1032
142837,969,1033
142838,971,1035
142839,972,1036
142840,970,1034
142841,969,1032
142842,969,1035
142843,972,1035
142844,978,1036
142845,979,1032
142846,975,1030
142847,973,1027
142848,968,1029
142849,972,1028
142850,973,1031
142851,977,1033
142852,977,1032
142853,972,1028
142854,973,1029
142855,972,1031
142856,978,1033
142857,979,1032
142858,979,1029
142859,975,1026
142860,972,1030
142861,973,1031
142862,975,1035
142863,978,1031
142864,978,1028
142865,975,1023
142866,971,1020
142867,973,1019
142868,975,1020
142869,976,1020
142870,979,1020
142871,976,1018
142872,975,1021
142873,977,1025
142874,979,1028
142875,980,1024
142876,981,1022
142877,979,1018
142878,978,1019
142879,979,1017
142880,980,1017
142881,982,1015
142882,981,1014
142883,979,1011
142884,977,1013
142885,980,1017
142886,983,1021
142887,982,1022
142888,980,1022
142889,977,1023
142890,976,1022
142891,978,1024
142892,981,1029
142893,983,1030
142894,978,1026
142895,976,1023
142896,973,1026
142897,974,1031
142898,975,1035
142899,976,1030
142900,975,1032
142901,971,1030
142902,967,1029
142903,966,1031
142904,969,1035
142905,970,1034
142906,970,1033
142907,967,1030
142908,968,1030
142909,969,1029
142910,974,1034
142911,976,1032
142912,975,1030
142913,972,1030
142914,970,1034
142915,971,1037
142916,975,1033
142917,978,1026
142918,980,1020
142919,979,1017
142920,975,1017
142921,980,1021
142922,981,1025
142923,980,1025
142924,981,1025
142925,980,1023
142926,981,1023
142927,986,1025
142928,992,1027
142929,998,1023
142930,1010,1021
142931,1022,1018
142932,1036,1017
142933,1061,1022
142934,1094,1022
142935,1134,1014
142936,1173,1003
142937,1211,989
142938,1250,985
142939,1287,990
142940,1312,1006
142941,1316,1019
142942,1288,1023
142943,1238,1018
142944,1170,1026
142945,1098,1037
142946,1036,1054
142947,982,1060
142948,952,1062
142949,946,1055
142950,954,1047
142951,966,1038
142952,973,1029
142953,975,1024
142954,972,1018
142955,966,1017
142956,961,1017
142957,963,1019
142958,966,1020
142959,965,1018
142960,963,1019
142961,960,1017
142962,956,1022
142963,956,1027
142964,956,1030
142965,960,1027
142966,958,1023
142967,955,1018
142968,953,1019
142969,954,1025
142970,959,1026
142971,960,1027
142972,958,1023
142973,955,1023
142974,955,1026
142975,958,1028
142976,958,1030
142977,958,1031
142978,960,1035
142979,957,1032
142980,957,1034
142981,953,1037
142982,956,1039
142983,959,1040
142984,956,1036
142985,956,1033
142986,956,1031
142987,958,1032
142988,962,1034
142989,966,1031
142990,962,1030
142991,960,1025
142992,957,1027
142993,959,1030
142994,963,1036
142995,968,1034
142996,968,1032
142997,964,1032
142998,965,1032
142999,965,1028
143000,971,1024
143001,973,1022
143002,973,1017
143003,973,1014
143004,970,1013
143005,972,1016
143006,979,1017
143007,981,1017
143008,979,1014
143009,980,1012
143010,976,1015
143011,981,1015
143012,985,1013
143013,986,1009
143014,986,1004
143015,986,1001
143016,987,1000
143017,990,1003
143018,995,1005
143019,999,1003
143020,998,1000
143021,996,998
143022,997,998
143023,997,999
143024,999,999
143025,1001,997
143026,1002,996
143027,1002,991
143028,1001,992
143029,1001,995
143030,1006,999
143031,1008,998
143032,1010,997
143033,1008,998
143034,1007,998
143035,1011,1001
143036,1013,1005
143037,1019,1004
143038,1016,996
143039,1015,993
143040,1013,996
143041,1012,1003
143042,1015,1007
143043,1014,1011
143044,1011,1011
143045,1008,1011
143046,1004,1010
143047,1004,1013
143048,1001,1016
143049,1002,1019
143050,1002,1019
143051,995,1013
143052,992,1018
143053,991,1022
143054,991,1027
143055,992,1027
143056,989,1026
143057,983,1026
143058,980,1028
143059,980,1034
143060,979,1039
143061,981,1041
143062,979,1038
143063,975,1030
143064,973,1026
143065,975,1028
143066,977,1028
143067,978,1028
143068,975,1027
143069,972,1027
143070,971,1029
143071,971,1031
143072,973,1035
143073,976,1036
143074,973,1032
143075,969,1029
143076,969,1030
143077,972,1033
143078,976,1035
143079,978,1034
143080,976,1032
143081,975,1028
143082,974,1030
143083,976,1032
143084,981,1034
143085,983,1033
143086,982,1029
143087,979,1029
143088,978,1033
143089,980,1036
143090,982,1038
143091,986,1034
143092,985,1029
143093,985,1027
143094,983,1029
143095,985,1029
143096,986,1034
143097,986,1032
143098,987,1028
143099,983,1023
143100,978,1022
143101,980,1022
143102,981,1025
143103,985,1022
143104,985,1021
143105,983,1021
143106,979,1019
143107,980,1021
143108,980,1025
143109,980,1027
143110,981,1026
143111,980,1023
143112,978,1022
143113,979,1023
143114,980,1026
143115,982,1026
143116,981,1027
143117,981,1029
143118,982,1030
143119,982,1031
143120,983,1031
143121,985,1027
143122,983,1023
143123,981,1019
143124,979,1020
143125,979,1026
143126,983,1033
143127,988,1033
143128,986,1033
143129,982,1030
143130,979,1032
143131,982,1029
143132,985,1029
143133,984,1031
143134,984,1030
143135,982,1030
143136,982,1033
143137,981,1031
143138,985,1030
143139,989,1025
143140,987,1022
143141,987,1018
143142,986,1021
143143,986,1024
143144,987,1030
143145,991,1024
143146,989,1023
143147,991,1018
143148,986,1021
143149,992,1022
143150,995,1020
143151,1003,1018
143152,1012,1011
143153,1022,1007
143154,1036,1010
143155,1058,1012
143156,1093,1013
143157,1130,1011
143158,1166,1001
143159,1205,992
143160,1245,990
143161,1286,992
143162,1315,1007
143163,1321,1023
143164,1295,1029
143165,1242,1026
143166,1172,1027
143167,1106,1035
143168,1042,1049
143169,990,1052
143170,956,1045
143171,948,1039
143172,955,1034
143173,967,1028
143174,976,1024
143175,978,1019
143176,974,1019
143177,969,1018
143178,966,1020
143179,967,1021
143180,968,1027
143181,968,1025
143182,966,1026
143183,963,1025
143184,958,1024
143185,957,1029
143186,961,1030
143187,963,1033
143188,961,1033
143189,954,1027
143190,953,1028
143191,956,1028
143192,960,1029
143193,964,1023
143194,962,1023
143195,957,1023
143196,949,1027
143197,950,1027
143198,953,1027
143199,957,1026
143200,955,1023
143201,951,1020
143202,951,1024
143203,950,1027
143204,954,1031
143205,954,1029
143206,954,1025
143207,947,1024
143208,949,1021
143209,949,1020
143210,952,1022
143211,957,1018
143212,956,1020
143213,955,1017
143214,954,1020
143215,956,1021
143216,960,1024
143217,963,1023
143218,963,1019
143219,962,1018
143220,964,1019
143221,965,1020
143222,967,1023
143223,971,1019
143224,972,1019
143225,971,1018
143226,973,1016
143227,977,1016
143228,979,1015
143229,986,1010
143230,984,1003
143231,984,995
143232,986,995
143233,986,995
143234,989,999
143235,989,998
143236,992,996
143237,991,989
143238,991,985
143239,995,983
143240,999,982
143241,1002,983
143242,1000,980
143243,997,979
143244,995,978
143245,996,977
143246,999,978
143247,1003,975
143248,1002,977
143249,999,977
143250,1000,979
143251,998,983
143252,1000,989
143253,1002,988
143254,1000,983
143255,994,979
143256,989,981
143257,988,989
143258,994,991
143259,996,998
143260,992,998
143261,988,1003
143262,987,1015
143263,987,1018
143264,988,1023
143265,989,1016
143266,983,1009
143267,984,1007
143268,982,1007
143269,986,1013
143270,986,1022
143271,985,1020
143272,985,1018
143273,979,1020
143274,978,1023
143275,982,1028
143276,981,1030
143277,978,1027
143278,975,1026
143279,974,1023
143280,972,1024
143281,972,1030
143282,972,1031
143283,973,1033
143284,972,1032
143285,967,1026
143286,964,1027
143287,967,1027
143288,969,1028
143289,967,1026
143290,965,1025
143291,964,1023
143292,967,1023
143293,967,1025
143294,971,1028
143295,973,1027
143296,970,1022
143297,968,1023
143298,968,1025
143299,972,1028
143300,976,1031
143301,983,1028
143302,983,1025
143303,985,1031
143304,989,1036
143305,995,1032
143306,1005,1031
143307,1012,1028
143308,1016,1031
143309,1025,1032
143310,1039,1030
143311,1053,1018
143312,1070,1003
143313,1086,988
143314,1100,971
143315,1112,956
143316,1129,944
143317,1147,933
143318,1163,921
143319,1180,905
143320,1195,884
143321,1210,860
143322,1226,844
143323,1240,833
143324,1252,825
143325,1260,820
143326,1255,812
143327,1250,814
143328,1244,819
143329,1240,828
143330,1238,831
143331,1231,826
143332,1216,820
143333,1194,814
143334,1172,817
143335,1151,828
143336,1132,846
143337,1111,854
143338,1085,862
143339,1066,875
143340,1051,884
143341,1045,896
143342,1044,908
143343,1043,916
143344,1038,926
143345,1030,935
143346,1026,948
143347,1034,959
143348,1046,968
143349,1062,976
143350,1074,978
143351,1074,978
143352,1063,978
143353,1038,987
143354,1001,996
143355,966,1008
143356,941,1016
143357,926,1025
143358,920,1043
143359,915,1060
143360,910,1071
143361,907,1072
143362,903,1072
143363,897,1067
143364,895,1068
143365,893,1072
143366,894,1079
143367,891,1085
143368,888,1089
143369,881,1085
143370,881,1086
143371,880,1087
143372,886,1091
143373,887,1084
143374,884,1085
143375,880,1082
143376,878,1082
143377,876,1084
143378,877,1089
143379,877,1094
143380,873,1099
143381,870,1098
143382,868,1101
143383,866,1103
143384,864,1107
143385,865,1109
143386,862,1108
143387,857,1107
143388,853,1111
143389,854,1115
143390,855,1121
143391,855,1124
143392,851,1123
143393,847,1124
143394,844,1131
143395,844,1135
143396,849,1140
143397,849,1147
143398,847,1147
143399,844,1146
143400,843,1151
143401,842,1153
143402,847,1156
143403,847,1155
143404,847,1157
143405,845,1158
143406,846,1162
143407,850,1167
143408,853,1172
143409,858,1172
143410,858,1169
143411,857,1162
143412,856,1160
143413,862,1162
143414,869,1165
143415,874,1164
143416,878,1160
143417,879,1153
143418,882,1151
143419,888,1146
143420,894,1143
143421,901,1139
143422,903,1132
143423,906,1128
143424,906,1125
143425,913,1124
143426,921,1119
143427,925,1115
143428,927,1105
143429,928,1094
143430,928,1088
143431,931,1086
143432,936,1087
143433,941,1087
143434,941,1084
143435,939,1078
143436,938,1072
143437,942,1069
143438,948,1067
143439,948,1060
143440,946,1053
143441,946,1044
143442,947,1045
143443,949,1043
143444,955,1047
143445,953,1044
143446,951,1043
143447,950,1039
143448,949,1037
143449,950,1039
143450,952,1045
143451,958,1040
143452,955,1037
143453,955,1033
143454,955,1032
143455,951,1037
143456,957,1036
143457,960,1037
143458,958,1036
143459,956,1038
143460,951,1037
143461,955,1038
143462,959,1034
143463,962,1031
143464,962,1025
143465,961,1021
143466,959,1021
143467,964,1020
143468,967,1026
143469,967,1027
143470,966,1029
143471,964,1030
143472,963,1034
143473,966,1039
143474,969,1037
143475,972,1032
143476,971,1026
143477,969,1024
143478,967,1023
143479,970,1023
143480,972,1025
143481,975,1021
143482,973,1020
143483,970,1022
143484,969,1028
143485,975,1031
143486,978,1031
143487,978,1027
143488,976,1023
143489,972,1020
143490,970,1019
143491,971,1023
143492,972,1024
143493,975,1026
143494,974,1023
143495,969,1024
143496,972,1026
143497,972,1030
143498,973,1032
143499,975,1030
143500,971,1024
143501,967,1021
143502,967,1020
143503,968,1026
143504,972,1030
143505,973,1027
143506,977,1019
143507,974,1013
143508,972,1012
143509,973,1017
143510,973,1019
143511,974,1026
143512,974,1024
143513,970,1027
143514,970,1033
143515,972,1037
143516,976,1036
143517,978,1026
143518,978,1014
143519,977,1008
143520,975,1012
143521,979,1018
143522,979,1019
143523,980,1018
143524,977,1017
143525,973,1016
143526,974,1020
143527,975,1022
143528,977,1025
143529,979,1023
143530,979,1024
143531,977,1020
143532,973,1021
143533,975,1024
143534,973,1027
143535,977,1025
143536,978,1023
143537,976,1022
143538,972,1023
143539,975,1026
143540,974,1027
143541,975,1026
143542,975,1026
143543,972,1025
143544,969,1028
143545,971,1032
143546,974,1033
143547,973,1033
143548,974,1032
143549,972,1029
143550,970,1030
143551,970,1031
143552,974,1032
143553,975,1031
143554,975,1024
143555,972,1020
143556,970,1023
143557,972,1024
143558,975,1027
143559,975,1026
143560,974,1024
143561,973,1022
143562,973,1026
143563,975,1030
143564,975,1033
143565,980,1031
143566,977,1032
143567,978,1031
143568,977,1030
143569,978,1030
143570,983,1028
143571,986,1024
143572,984,1021
143573,984,1017
143574,981,1018
143575,984,1019
143576,988,1017
143577,989,1019
143578,984,1018
143579,982,1020
143580,981,1021
143581,984,1025
143582,986,1029
143583,989,1027
143584,987,1021
143585,982,1019
143586,982,1022
143587,982,1024
143588,984,1031
143589,987,1032
143590,985,1029
143591,984,1025
143592,982,1025
143593,980,1028
143594,983,1033
143595,984,1035
143596,982,1037
143597,980,1035
143598,980,1031
143599,981,1031
143600,987,1031
143601,991,1026
143602,989,1021
143603,985,1016
143604,988,1015
143605,990,1020
143606,999,1021
143607,1005,1018
143608,1017,1014
143609,1030,1012
143610,1046,1010
143611,1067,1009
143612,1091,1010
143613,1121,1006
143614,1154,996
143615,1184,984
143616,1220,980
143617,1256,978
143618,1288,988
143619,1304,1000
143620,1303,1016
143621,1280,1024
143622,1233,1028
143623,1176,1031
143624,1122,1040
143625,1066,1050
143626,1013,1053
143627,979,1053
143628,968,1053
143629,977,1050
143630,987,1044
143631,994,1032
143632,991,1023
143633,984,1021
143634,975,1022
143635,977,1024
143636,979,1025
143637,979,1024
143638,976,1023
143639,970,1023
143640,967,1025
143641,968,1025
143642,969,1026
143643,970,1023
143644,968,1020
143645,965,1017
143646,965,1019
143647,965,1024
143648,968,1030
143649,967,1030
143650,966,1031
143651,964,1027
143652,964,1029
143653,966,1030
143654,966,1030
143655,968,1032
143656,967,1029
143657,965,1028
143658,963,1030
143659,966,1037
143660,967,1041
143661,971,1039
143662,972,1031
143663,971,1026
143664,970,1027
143665,970,1027
143666,972,1031
143667,977,1030
143668,974,1032
143669,973,1031
143670,971,1032
143671,973,1031
143672,975,1035
143673,977,1030
143674,976,1028
143675,971,1025
143676,972,1028
143677,976,1030
143678,979,1036
143679,980,1036
143680,981,1031
143681,979,1030
143682,978,1028
143683,977,1030
143684,980,1032
143685,982,1030
143686,980,1025
143687,976,1016
143688,976,1012
143689,979,1011
143690,980,1011
143691,984,1010
143692,985,1005
143693,983,1003
143694,985,1003
143695,987,1010
143696,990,1011
143697,993,1011
143698,993,1008
143699,990,1007
143700,991,1007
143701,994,1007
143702,998,1009
143703,1003,1008
143704,1002,1004
143705,1001,1004
143706,1001,1004
143707,1003,1008
143708,1007,1010
143709,1007,1007
143710,1009,1004
143711,1007,999
143712,1009,995
143713,1010,996
143714,1016,1002
143715,1019,1000
143716,1019,1001
143717,1017,999
143718,1020,1001
143719,1024,999
143720,1028,998
143721,1033,993
143722,1030,993
143723,1029,992
143724,1028,995
143725,1028,997
143726,1033,1005
143727,1032,1006
143728,1031,1004
143729,1027,1001
143730,1024,1003
143731,1024,1003
143732,1024,1009
143733,1026,1007
143734,1023,1009
143735,1019,1009
143736,1015,1014
143737,1017,1017
143738,1017,1022
143739,1018,1026
143740,1011,1023
143741,1009,1024
143742,1005,1028
143743,1003,1031
143744,1004,1033
143745,1004,1030
143746,1002,1030
143747,1000,1027
143748,996,1029
143749,995,1033
143750,997,1037
143751,996,1039
143752,995,1039
143753,992,1038
143754,989,1042
143755,991,1045
143756,993,1050
143757,993,1048
143758,993,1043
143759,990,1035
143760,989,1035
143761,991,1039
143762,995,1046
143763,995,1046
143764,993,1046
143765,991,1044
143766,989,1046
143767,992,1047
143768,993,1047
143769,999,1041
143770,997,1030
143771,996,1025
143772,996,1024
143773,998,1023
143774,999,1027
143775,1000,1026
143776,997,1021
143777,994,1021
143778,995,1019
143779,998,1020
143780,1001,1025
143781,1000,1027
143782,999,1023
143783,996,1023
143784,994,1023
143785,997,1024
143786,999,1030
143787,1003,1030
143788,999,1027
143789,997,1025
143790,995,1023
143791,997,1027
143792,998,1030
143793,999,1031
143794,996,1029
143795,996,1026
143796,993,1027
143797,996,1034
143798,999,1036
143799,1001,1034
143800,999,1029
143801,995,1025
143802,992,1023
143803,993,1023
143804,995,1027
143805,995,1024
143806,992,1024
143807,989,1026
143808,991,1027
143809,994,1033
143810,995,1037
143811,995,1034
143812,995,1027
143813,993,1023
143814,993,1024
143815,994,1023
143816,996,1026
143817,997,1027
143818,996,1027
143819,994,1026
143820,992,1031
143821,992,1035
143822,994,1039
143823,997,1038
143824,996,1038
143825,995,1035
143826,991,1031
143827,992,1031
143828,998,1031
143829,999,1029
143830,999,1025
143831,993,1026
143832,994,1027
143833,995,1031
143834,997,1037
143835,1000,1030
143836,997,1029
143837,996,1027
143838,993,1026
143839,995,1028
143840,996,1025
143841,998,1027
143842,996,1025
143843,992,1025
143844,993,1029
143845,991,1036
143846,995,1044
143847,994,1046
143848,991,1046
143849,991,1038
143850,990,1037
143851,992,1032
143852,994,1033
143853,995,1032
143854,994,1033
143855,992,1033
143856,990,1033
143857,993,1036
143858,995,1039
143859,993,1038
143860,992,1036
143861,990,1034
143862,989,1034
143863,989,1036
143864,994,1040
143865,994,1036
143866,994,1032
143867,994,1029
143868,993,1030
143869,994,1031
143870,997,1032
143871,999,1028
143872,999,1028
143873,998,1025
143874,995,1026
143875,999,1028
143876,1005,1029
143877,1010,1025
143878,1014,1022
143879,1022,1017
143880,1030,1016
143881,1042,1016
143882,1061,1017
143883,1082,1017
143884,1108,1014
143885,1139,1009
143886,1169,1000
143887,1205,993
143888,1242,987
143889,1274,981
143890,1300,981
143891,1307,991
143892,1305,1008
143893,1281,1022
143894,1240,1030
143895,1187,1035
143896,1125,1043
143897,1066,1050
143898,1013,1059
143899,982,1063
143900,973,1064
143901,979,1057
143902,987,1048
143903,989,1038
143904,991,1034
143905,986,1037
143906,986,1036
143907,987,1035
143908,984,1031
143909,981,1026
143910,980,1029
143911,979,1032
143912,979,1035
143913,978,1032
143914,977,1027
143915,973,1028
143916,969,1029
143917,969,1036
143918,971,1038
143919,973,1035
143920,971,1033
143921,969,1035
143922,967,1036
143923,970,1040
143924,970,1037
143925,973,1034
143926,969,1032
143927,967,1029
143928,964,1032
143929,967,1036
143930,974,1038
143931,975,1038
143932,972,1035
143933,971,1033
143934,970,1035
143935,970,1036
143936,972,1036
143937,973,1030
143938,975,1025
143939,973,1026
143940,971,1032
143941,973,1038
143942,977,1038
143943,983,1031
143944,981,1026
143945,978,1023
143946,974,1026
143947,977,1028
143948,980,1031
143949,980,1032
143950,982,1031
143951,976,1029
143952,976,1033
143953,980,1038
143954,982,1043
143955,984,1034
143956,983,1027
143957,982,1023
143958,982,1025
143959,984,1027
143960,985,1027
143961,987,1026
143962,986,1024
143963,982,1019
143964,983,1017
143965,983,1017
143966,987,1019
143967,988,1017
143968,985,1019
143969,989,1019
143970,991,1016
143971,994,1016
143972,995,1015
143973,999,1016
143974,1000,1011
143975,998,1009
143976,998,1010
143977,999,1012
143978,1004,1013
143979,1005,1010
143980,1006,1009
143981,1002,1006
143982,1004,1007
143983,1007,1010
143984,1010,1011
143985,1014,1008
143986,1013,1001
143987,1011,1001
143988,1010,1002
143989,1012,1004
143990,1017,1007
143991,1020,1006
143992,1018,1006
143993,1014,1005
143994,1017,1009
143995,1020,1011
143996,1023,1011
143997,1023,1006
143998,1021,1004
143999,1018,1001
144000,1015,1004
144001,1013,1012
144002,1017,1020
144003,1018,1017
144004,1015,1014
144005,1013,1010
144006,1012,1009
144007,1011,1011
144008,1010,1016
144009,1010,1018
144010,1003,1018
144011,999,1018
144012,993,1022
144013,996,1027
144014,996,1028
144015,997,1027
144016,995,1025
144017,993,1023
144018,989,1024
144019,988,1031
144020,988,1036
144021,987,1035
144022,988,1033
144023,986,1032
144024,984,1031
144025,987,1034
144026,988,1041
144027,990,1040
144028,988,1038
144029,985,1034
144030,984,1032
144031,989,1035
144032,992,1039
144033,993,1042
144034,993,1042
144035,993,1038
144036,994,1035
144037,996,1035
144038,997,1041
144039,1000,1042
144040,997,1040
144041,997,1039
144042,995,1037
144043,994,1041
144044,997,1041
144045,999,1041
144046,997,1036
144047,996,1034
144048,995,1029
144049,997,1031
144050,1000,1033
144051,1001,1033
144052,999,1031
144053,995,1029
144054,993,1031
144055,992,1033
144056,995,1035
144057,997,1034
144058,996,1033
144059,994,1031
144060,991,1028
144061,994,1032
144062,996,1033
144063,997,1035
144064,994,1031
144065,991,1030
144066,991,1032
144067,993,1035
144068,994,1032
144069,996,1033
144070,997,1030
144071,994,1028
144072,995,1026
144073,995,1026
144074,995,1029
144075,999,1031
144076,999,1029
144077,996,1027
144078,997,1030
144079,997,1031
144080,1000,1032
144081,1001,1028
144082,1000,1026
144083,997,1027
144084,996,1035
144085,997,1039
144086,1001,1037
144087,1002,1035
144088,1004,1031
144089,999,1028
144090,997,1028
144091,999,1035
144092,1000,1038
144093,1003,1037
144094,1003,1033
144095,997,1030
144096,996,1025
144097,994,1029
144098,997,1032
144099,998,1032
144100,995,1030
144101,991,1032
144102,989,1034
144103,989,1036
144104,989,1041
144105,993,1042
144106,992,1046
144107,991,1040
144108,991,1037
144109,992,1034
144110,997,1036
144111,998,1035
144112,994,1031
144113,990,1029
144114,989,1028
144115,993,1032
144116,994,1036
144117,996,1033
144118,1000,1028
144119,1004,1023
144120,1012,1022
144121,1023,1017
144122,1041,1021
144123,1056,1017
144124,1075,1015
144125,1101,1013
144126,1133,1013
144127,1172,1009
144128,1212,1006
144129,1247,996
144130,1284,992
144131,1304,999
144132,1307,1018
144133,1290,1033
144134,1251,1039
144135,1193,1041
144136,1135,1044
144137,1072,1052
144138,1014,1060
144139,979,1058
144140,966,1058
144141,971,1050
144142,981,1037
144143,987,1027
144144,988,1022
144145,988,1023
144146,987,1029
144147,988,1033
144148,987,1030
144149,982,1027
144150,979,1031
144151,980,1035
144152,981,1038
144153,981,1036
144154,978,1030
144155,975,1025
144156,974,1025
144157,973,1030
144158,976,1034
144159,978,1030
144160,974,1027
144161,970,1023
144162,969,1025
144163,967,1026
144164,972,1029
144165,971,1029
144166,968,1025
144167,965,1026
144168,964,1029
144169,965,1032
144170,968,1033
144171,969,1035
144172,967,1030
144173,965,1027
144174,964,1030
144175,970,1037
144176,971,1035
144177,971,1035
144178,972,1031
144179,970,1029
144180,968,1031
144181,969,1031
144182,972,1032
144183,971,1033
144184,970,1035
144185,966,1035
144186,967,1040
144187,970,1040
144188,972,1036
144189,974,1032
144190,973,1025
144191,973,1026
144192,974,1027
144193,977,1030
144194,979,1029
144195,982,1025
144196,977,1022
144197,978,1019
144198,980,1019
144199,982,1022
144200,986,1029
144201,987,1028
144202,987,1021
144203,986,1015
144204,988,1015
144205,989,1014
144206,994,1014
144207,995,1010
144208,993,1007
144209,992,1006
144210,993,1005
144211,996,1005
144212,1000,1007
144213,1000,1005
144214,998,1001
144215,995,997
144216,995,1000
144217,998,1004
144218,1001,1006
144219,1003,1007
144220,1002,1002
144221,1001,995
144222,1002,992
144223,1005,993
144224,1011,996
144225,1012,994
144226,1012,994
144227,1011,994
144228,1010,996
144229,1012,1000
144230,1016,1003
144231,1020,1001
144232,1018,999
144233,1016,996
144234,1012,996
144235,1014,999
144236,1015,1002
144237,1016,1003
144238,1015,1004
144239,1010,1008
144240,1008,1011
144241,1008,1018
144242,1007,1024
144243,1005,1025
144244,1002,1027
144245,995,1025
144246,991,1030
144247,993,1034
144248,995,1039
144249,995,1040
144250,994,1038
144251,989,1035
144252,986,1038
144253,986,1041
144254,986,1047
144255,984,1049
144256,981,1050
144257,978,1048
144258,978,1046
144259,981,1043
144260,984,1045
144261,983,1039
144262,982,1037
144263,980,1036
144264,979,1035
144265,982,1037
144266,986,1039
144267,987,1039
144268,984,1038
144269,981,1033
144270,981,1030
144271,984,1035
144272,989,1037
144273,990,1037
144274,989,1033
144275,985,1029
144276,984,1033
144277,987,1035
144278,989,1037
144279,992,1038
144280,991,1036
144281,989,1035
144282,989,1034
144283,992,1036
144284,993,1036
144285,996,1034
144286,991,1034
144287,988,1033
144288,992,1035
144289,992,1039
144290,997,1042
144291,996,1039
144292,996,1037
144293,993,1031
144294,993,1032
144295,991,1038
144296,995,1043
144297,994,1040
144298,993,1032
144299,989,1026
144300,988,1025
144301,989,1030
144302,994,1032
144303,994,1029
144304,993,1028
144305,990,1026
144306,989,1028
144307,992,1029
144308,994,1030
144309,992,1029
144310,990,1029
144311,988,1026
144312,989,1026
144313,991,1028
144314,995,1030
144315,996,1029
144316,993,1028
144317,987,1027
144318,988,1030
144319,989,1033
144320,991,1035
144321,990,1033
144322,989,1032
144323,991,1030
144324,987,1030
144325,988,1034
144326,992,1037
144327,995,1036
144328,993,1033
144329,991,1032
144330,993,1035
144331,992,1036
144332,998,1037
144333,999,1038
144334,996,1038
144335,994,1036
144336,995,1037
144337,995,1037
144338,998,1041
144339,1001,1041
144340,1003,1039
144341,1003,1034
144342,1008,1033
144343,1018,1031
144344,1034,1030
144345,1051,1026
144346,1066,1018
144347,1091,1012
144348,1124,1010
144349,1162,1003
144350,1205,999
144351,1242,999
144352,1277,999
144353,1302,1010
144354,1310,1028
144355,1297,1043
144356,1265,1050
144357,1210,1051
144358,1143,1053
144359,1079,1058
144360,1020,1065
144361,982,1063
144362,969,1063
144363,974,1056
144364,980,1046
144365,988,1034
144366,984,1031
144367,983,1032
144368,983,1036
144369,982,1037
144370,980,1035
144371,977,1036
144372,973,1037
144373,971,1038
144374,975,1037
144375,977,1030
144376,970,1027
144377,967,1027
144378,965,1031
144379,966,1035
144380,965,1040
144381,965,1038
144382,966,1033
144383,963,1031
144384,962,1033
144385,963,1039
144386,969,1044
144387,970,1044
144388,967,1038
144389,964,1035
144390,962,1038
144391,965,1040
144392,966,1041
144393,969,1031
144394,970,1022
144395,967,1015
144396,965,1019
144397,966,1024
144398,968,1033
144399,967,1038
144400,965,1046
144401,964,1041
144402,964,1034
144403,963,1026
144404,969,1021
144405,967,1019
144406,965,1021
144407,966,1020
144408,966,1023
144409,966,1026
144410,969,1028
144411,972,1029
144412,970,1027
144413,970,1024
144414,970,1024
144415,972,1027
144416,974,1028
144417,976,1026
144418,973,1022
144419,975,1019
144420,976,1016
144421,981,1019
144422,982,1019
144423,985,1016
144424,985,1014
144425,982,1015
144426,983,1014
144427,987,1016
144428,991,1016
144429,992,1017
144430,994,1018
144431,992,1018
144432,992,1018
144433,995,1020
144434,1000,1022
144435,1003,1015
144436,1003,1009
144437,1001,1007
144438,1003,1006
144439,1003,1012
144440,1007,1009
144441,1008,1000
144442,1009,989
144443,1006,983
144444,1005,986
144445,1006,991
144446,1012,997
144447,1014,1000
144448,1014,998
144449,1009,997
144450,1011,998
144451,1013,1001
144452,1016,1004
144453,1018,1006
144454,1014,1008
144455,1013,1005
144456,1010,1008
144457,1010,1014
144458,1010,1018
144459,1006,1018
144460,1004,1018
144461,997,1016
144462,994,1019
144463,995,1024
144464,994,1028
144465,995,1028
144466,992,1030
144467,987,1028
144468,981,1035
144469,982,1036
144470,983,1039
144471,983,1037
144472,983,1034
144473,981,1033
144474,981,1037
144475,979,1040
144476,982,1047
144477,980,1049
144478,981,1045
144479,978,1040
144480,979,1038
144481,981,1036
144482,983,1039
144483,984,1042
144484,982,1039
144485,982,1038
144486,981,1036
144487,984,1036
144488,986,1038
144489,986,1034
144490,986,1030
144491,983,1028
144492,983,1031
144493,985,1037
144494,990,1039
144495,991,1038
144496,989,1038
144497,988,1033
144498,989,1038
144499,992,1039
144500,996,1039
144501,1001,1036
144502,1000,1036
144503,1003,1035
144504,1008,1039
144505,1012,1044
144506,1019,1047
144507,1023,1046
144508,1027,1042
144509,1029,1043
144510,1037,1043
144511,1051,1048
144512,1072,1041
144513,1085,1024
144514,1098,1007
144515,1107,993
144516,1120,982
144517,1137,971
144518,1155,957
144519,1173,936
144520,1186,911
144521,1201,889
144522,1214,867
144523,1233,855
144524,1250,842
144525,1259,827
144526,1261,813
144527,1256,805
144528,1253,803
144529,1253,804
144530,1249,805
144531,1244,805
144532,1233,803
144533,1217,804
144534,1201,808
144535,1181,813
144536,1165,820
144537,1142,826
144538,1120,832
144539,1095,841
144540,1074,853
144541,1062,868
144542,1056,883
144543,1051,895
144544,1048,904
144545,1040,917
144546,1037,928
144547,1038,939
144548,1045,951
144549,1051,960
144550,1064,970
144551,1076,974
144552,1087,978
144553,1089,985
144554,1069,997
144555,1032,1007
144556,992,1015
144557,962,1025
144558,945,1040
144559,941,1054
144560,940,1072
144561,937,1081
144562,932,1084
144563,925,1085
144564,922,1085
144565,920,1088
144566,921,1091
144567,917,1095
144568,912,1091
144569,907,1096
144570,905,1099
144571,905,1109
144572,906,1110
144573,903,1114
144574,898,1114
144575,893,1113
144576,891,1118
144577,891,1122
144578,891,1131
144579,890,1134
144580,889,1129
144581,886,1125
144582,886,1120
144583,888,1120
144584,884,1122
144585,883,1124
144586,881,1128
144587,877,1128
144588,876,1137
144589,879,1147
144590,881,1155
144591,882,1151
144592,880,1147
144593,874,1144
144594,873,1151
144595,874,1159
144596,877,1169
144597,878,1166
144598,876,1160
144599,872,1155
144600,874,1162
144601,877,1173
144602,882,1183
144603,882,1191
144604,882,1192
144605,877,1193
144606,880,1189
144607,886,1183
144608,889,1177
144609,888,1175
144610,888,1177
144611,884,1179
144612,886,1181
144613,893,1186
144614,901,1188
144615,900,1183
144616,900,1181
144617,900,1181
144618,904,1177
144619,909,1175
144620,915,1172
144621,920,1167
144622,923,1162
144623,920,1158
144624,923,1155
144625,928,1156
144626,933,1151
144627,938,1145
144628,938,1139
144629,937,1128
144630,938,1125
144631,944,1125
144632,947,1120
144633,947,1114
144634,947,1107
144635,947,1101
144636,946,1103
144637,947,1107
144638,953,1101
144639,955,1088
144640,953,1075
144641,953,1067
144642,953,1063
144643,952,1062
144644,955,1066
144645,957,1065
144646,957,1064
144647,956,1064
144648,958,1066
144649,963,1063
144650,967,1059
144651,967,1048
144652,965,1043
144653,962,1044
144654,964,1043
144655,964,1045
144656,968,1048
144657,968,1045
144658,970,1044
144659,969,1047
144660,966,1050
144661,966,1052
144662,970,1053
144663,972,1052
144664,971,1045
144665,967,1041
144666,965,1038
144667,971,1037
144668,973,1035
144669,973,1033
144670,972,1031
144671,969,1027
144672,966,1028
144673,970,1032
144674,971,1035
144675,972,1034
144676,972,1034
144677,967,1031
144678,968,1034
144679,968,1036
144680,973,1038
144681,973,1039
144682,969,1038
144683,965,1036
144684,965,1038
144685,969,1039
144686,971,1041
144687,974,1037
144688,972,1034
144689,967,1033
144690,969,1034
144691,971,1037
144692,974,1040
144693,976,1041
144694,974,1040
144695,971,1039
144696,971,1040
144697,974,1046
144698,977,1051
144699,980,1050
144700,979,1040
144701,978,1029
144702,978,1024
144703,975,1021
144704,980,1022
144705,980,1022
144706,975,1019
144707,974,1018
144708,970,1018
144709,973,1022
144710,976,1025
144711,976,1024
144712,975,1024
144713,971,1024
144714,970,1029
144715,973,1035
144716,974,1035
144717,976,1034
144718,974,1030
144719,969,1026
144720,968,1027
144721,972,1028
144722,975,1033
144723,974,1031
144724,973,1031
144725,968,1031
144726,968,1029
144727,970,1034
144728,971,1034
144729,972,1034
144730,973,1035
144731,970,1038
144732,970,1039
144733,973,1041
144734,977,1039
144735,977,1035
144736,975,1031
144737,970,1030
144738,970,1032
144739,972,1036
144740,974,1039
144741,975,1039
144742,973,1038
144743,970,1037
144744,970,1038
144745,974,1044
144746,975,1040
144747,973,1037
144748,971,1030
144749,967,1027
144750,967,1028
144751,972,1027
144752,975,1030
144753,975,1027
144754,973,1026
144755,970,1024
144756,967,1024
144757,969,1030
144758,973,1030
144759,974,1026
144760,973,1022
144761,971,1016
144762,972,1017
144763,971,1020
144764,973,1024
144765,976,1023
144766,976,1023
144767,971,1021
144768,972,1023
144769,974,1029
144770,976,1033
144771,977,1034
144772,974,1030
144773,970,1030
144774,970,1035
144775,974,1039
144776,979,1037
144777,979,1037
144778,979,1029
144779,973,1027
144780,973,1029
144781,974,1031
144782,978,1031
144783,978,1029
144784,976,1027
144785,974,1026
144786,974,1026
144787,976,1031
144788,978,1034
144789,977,1035
144790,976,1034
144791,974,1035
144792,975,1041
144793,977,1044
144794,983,1040
144795,987,1028
144796,985,1015
144797,986,1005
144798,995,1004
144799,1007,1006
144800,1026,1007
144801,1044,1004
144802,1063,1000
144803,1088,995
144804,1118,992
144805,1156,985
144806,1198,978
144807,1232,974
144808,1260,979
144809,1274,991
144810,1275,1013
144811,1259,1026
144812,1222,1030
144813,1164,1027
144814,1108,1032
144815,1050,1040
144816,997,1053
144817,958,1060
144818,949,1058
144819,952,1056
144820,958,1044
144821,966,1037
144822,968,1033
144823,968,1034
144824,971,1043
144825,967,1044
144826,969,1039
144827,965,1028
144828,963,1018
144829,964,1016
144830,965,1018
144831,961,1016
144832,959,1020
144833,954,1022
144834,952,1023
144835,954,1026
144836,958,1028
144837,958,1030
144838,954,1030
144839,949,1026
144840,948,1027
144841,950,1028
144842,954,1030
144843,955,1027
144844,952,1024
144845,949,1022
144846,948,1025
144847,951,1027
144848,949,1027
144849,951,1027
144850,949,1027
144851,948,1026
144852,949,1027
144853,952,1023
144854,957,1025
144855,957,1021
144856,952,1021
144857,952,1021
144858,951,1026
144859,950,1031
144860,954,1036
144861,955,1028
144862,953,1023
144863,950,1018
144864,949,1019
144865,950,1020
144866,953,1024
144867,955,1026
144868,951,1025
144869,950,1022
144870,952,1023
144871,955,1022
144872,958,1025
144873,958,1021
144874,958,1016
144875,958,1016
144876,959,1018
144877,964,1022
144878,968,1023
144879,969,1023
144880,969,1020
144881,967,1018
144882,965,1019
144883,967,1014
144884,970,1009
144885,972,1003
144886,973,999
144887,971,997
144888,972,1000
144889,976,1006
144890,981,1006
144891,985,999
144892,986,990
144893,982,985
144894,984,982
144895,989,982
144896,990,981
144897,995,979
144898,992,972
144899,989,972
144900,991,974
144901,997,976
144902,1002,981
144903,1007,984
144904,1008,978
144905,1005,974
144906,1003,975
144907,1009,979
144908,1014,982
144909,1013,983
144910,1010,984
144911,1008,984
144912,1008,988
144913,1006,991
144914,1011,995
144915,1010,998
144916,1008,1000
144917,1003,1003
144918,1000,1008
144919,1002,1014
144920,1001,1018
144921,1001,1018
144922,1001,1018
144923,994,1020
144924,991,1024
144925,988,1027
144926,989,1031
144927,988,1031
144928,987,1027
144929,983,1026
144930,980,1031
144931,978,1032
144932,978,1033
144933,979,1032
144934,978,1027
144935,975,1027
144936,972,1030
144937,974,1033
144938,976,1032
144939,977,1027
144940,973,1028
144941,968,1030
144942,971,1029
144943,973,1034
144944,977,1033
144945,975,1029
144946,975,1022
144947,971,1019
144948,973,1020
144949,972,1021
144950,973,1027
144951,975,1032
144952,974,1031
144953,970,1033
144954,971,1035
144955,973,1038
144956,976,1037
144957,976,1033
144958,975,1028
144959,971,1022
144960,976,1020
144961,978,1022
144962,982,1026
144963,984,1028
144964,979,1025
144965,979,1021
144966,979,1022
144967,981,1021
144968,977,1025
144969,978,1026
144970,976,1023
144971,977,1019
144972,979,1018
144973,983,1016
144974,983,1021
144975,980,1022
144976,978,1016
144977,970,1016
144978,972,1021
144979,975,1025
144980,976,1025
144981,973,1019
144982,972,1014
144983,970,1013
144984,969,1016
144985,967,1018
144986,969,1020
144987,970,1016
144988,969,1017
144989,967,1016
144990,967,1016
144991,968,1020
144992,970,1018
144993,969,1018
144994,970,1016
144995,965,1016
144996,966,1021
144997,965,1025
144998,967,1027
144999,964,1028
145000,959,1029
145001,959,1029
145002,964,1031
145003,968,1030
145004,971,1030
145005,968,1030
145006,964,1028
145007,963,1029
145008,963,1025
145009,967,1023
145010,970,1021
145011,967,1025
145012,964,1027
145013,965,1025
145014,962,1025
145015,966,1024
145016,970,1027
145017,968,1026
145018,965,1028
145019,963,1028
145020,964,1032
145021,964,1034
145022,966,1031
145023,967,1025
145024,965,1023
145025,963,1023
145026,963,1027
145027,965,1030
145028,967,1030
145029,965,1031
145030,964,1032
145031,958,1034
145032,958,1030
145033,959,1026
145034,963,1022
145035,960,1021
145036,958,1023
145037,956,1024
145038,958,1027
145039,958,1023
145040,961,1025
145041,963,1024
145042,960,1024
145043,959,1023
145044,957,1029
145045,961,1035
145046,964,1037
145047,966,1035
145048,965,1032
145049,960,1024
145050,960,1025
145051,962,1034
145052,966,1035
145053,970,1027
145054,967,1020
145055,966,1017
145056,963,1018
145057,963,1025
145058,966,1031
145059,967,1033
145060,968,1030
145061,966,1030
145062,966,1028
145063,971,1029
145064,973,1028
145065,976,1024
145066,979,1017
145067,982,1014
145068,992,1014
145069,1006,1011
145070,1025,1009
145071,1046,1008
145072,1071,1005
145073,1103,998
145074,1142,988
145075,1182,985
145076,1221,986
145077,1252,993
145078,1262,1004
145079,1252,1019
145080,1215,1030
145081,1158,1037
145082,1096,1047
145083,1030,1061
145084,970,1071
145085,928,1071
145086,918,1070
145087,930,1066
145088,945,1051
145089,957,1036
145090,959,1023
145091,955,1016
145092,952,1017
145093,954,1018
145094,954,1022
145095,952,1020
145096,947,1023
145097,944,1025
145098,946,1027
145099,948,1031
145100,952,1034
145101,952,1032
145102,951,1024
145103,948,1020
145104,948,1017
145105,947,1020
145106,949,1026
145107,949,1029
145108,945,1027
145109,944,1028
145110,944,1030
145111,946,1033
145112,947,1035
145113,946,1034
145114,945,1027
145115,943,1023
145116,941,1021
145117,944,1026
145118,947,1031
145119,944,1034
145120,942,1036
145121,942,1034
145122,941,1033
145123,946,1032
145124,948,1028
145125,948,1026
145126,943,1023
145127,940,1020
145128,943,1024
145129,947,1024
145130,948,1027
145131,948,1028
145132,947,1024
145133,943,1024
145134,942,1020
145135,946,1023
145136,950,1024
145137,952,1019
145138,949,1014
145139,949,1011
145140,950,1012
145141,954,1015
145142,957,1014
145143,959,1011
145144,956,1010
145145,954,1010
145146,954,1014
145147,959,1014
145148,963,1011
145149,963,1006
145150,961,1005
145151,963,1004
145152,963,1005
145153,968,1007
145154,972,1010
145155,972,1008
145156,972,1005
145157,971,1001
145158,974,999
145159,977,996
145160,978,992
145161,980,989
145162,973,988
145163,970,987
145164,974,994
145165,978,994
145166,980,996
145167,982,995
145168,981,992
145169,979,989
145170,980,989
145171,982,993
145172,985,995
145173,987,993
145174,987,991
145175,985,991
145176,984,994
145177,989,997
145178,992,1003
145179,993,1001
145180,991,1003
145181,988,1005
145182,984,1009
145183,988,1012
145184,990,1014
145185,990,1011
145186,987,1011
145187,982,1011
145188,982,1015
145189,982,1014
145190,982,1016
145191,978,1016
145192,974,1020
145193,970,1024
145194,969,1027
145195,972,1032
145196,971,1027
145197,969,1026
145198,971,1026
145199,970,1027
145200,970,1030
145201,973,1032
145202,974,1036
145203,974,1038
145204,972,1037
145205,971,1032
145206,972,1031
145207,974,1033
145208,974,1033
145209,975,1030
145210,973,1030
145211,971,1032
145212,971,1033
145213,974,1034
145214,978,1029
145215,978,1026
145216,978,1028
145217,976,1028
145218,976,1027
145219,982,1027
145220,989,1028
145221,991,1029
145222,993,1030
145223,995,1028
145224,1000,1031
145225,1007,1040
145226,1014,1040
145227,1021,1042
145228,1024,1042
145229,1025,1042
145230,1033,1042
145231,1047,1040
145232,1063,1034
145233,1079,1018
145234,1089,999
145235,1097,986
145236,1114,973
145237,1134,962
145238,1152,945
145239,1167,926
145240,1182,906
145241,1198,883
145242,1215,865
145243,1233,849
145244,1250,840
145245,1262,825
145246,1265,816
145247,1261,812
145248,1254,814
145249,1253,822
145250,1255,820
145251,1246,814
145252,1234,809
145253,1217,806
145254,1196,811
145255,1177,814
145256,1154,818
145257,1129,822
145258,1102,829
145259,1074,843
145260,1055,860
145261,1042,881
145262,1039,901
145263,1037,918
145264,1035,924
145265,1029,927
145266,1024,938
145267,1027,952
145268,1040,960
145269,1052,966
145270,1065,972
145271,1080,974
145272,1085,973
145273,1071,982
145274,1042,988
145275,1002,997
145276,964,1005
145277,940,1019
145278,930,1039
145279,928,1054
145280,926,1068
145281,923,1070
145282,916,1073
145283,906,1071
145284,905,1072
145285,903,1076
145286,902,1083
145287,900,1083
145288,896,1084
145289,895,1086
145290,895,1092
145291,893,1095
145292,895,1098
145293,891,1099
145294,888,1098
145295,883,1102
145296,880,1106
145297,882,1112
145298,885,1115
145299,880,1116
145300,878,1116
145301,874,1116
145302,873,1121
145303,873,1124
145304,877,1128
145305,877,1127
145306,875,1128
145307,874,1131
145308,871,1134
145309,874,1137
145310,877,1140
145311,875,1140
145312,871,1140
145313,868,1146
145314,864,1150
145315,870,1156
145316,871,1156
145317,872,1156
145318,873,1154
145319,870,1154
145320,871,1158
145321,873,1165
145322,878,1169
145323,882,1169
145324,880,1175
145325,880,1173
145326,883,1172
145327,884,1174
145328,890,1174
145329,890,1175
145330,892,1174
145331,891,1173
145332,892,1176
145333,899,1178
145334,907,1178
145335,914,1169
145336,918,1157
145337,919,1144
145338,920,1141
145339,926,1145
145340,929,1146
145341,935,1139
145342,937,1128
145343,935,1122
145344,939,1120
145345,945,1119
145346,946,1117
145347,949,1108
145348,948,1105
145349,951,1097
145350,951,1095
145351,954,1094
145352,957,1089
145353,957,1084
145354,954,1079
145355,951,1074
145356,948,1071
145357,953,1066
145358,956,1068
145359,958,1060
145360,955,1055
145361,954,1051
145362,952,1054
145363,953,1053
145364,956,1053
145365,954,1048
145366,952,1047
145367,945,1050
145368,950,1054
145369,954,1058
145370,959,1057
145371,958,1055
145372,955,1051
145373,953,1043
145374,952,1042
145375,957,1039
145376,956,1036
145377,957,1031
145378,957,1029
145379,952,1030
145380,949,1031
145381,954,1033
145382,956,1035
145383,956,1033
145384,956,1029
145385,955,1031
145386,955,1033
145387,955,1038
145388,960,1041
145389,962,1039
145390,959,1033
145391,956,1032
145392,956,1035
145393,960,1030
145394,965,1032
145395,965,1030
145396,963,1027
145397,960,1026
145398,960,1028
145399,963,1030
145400,964,1032
145401,966,1031
145402,966,1026
145403,965,1028
145404,967,1031
145405,967,1036
145406,970,1039
145407,970,1037
145408,965,1034
145409,963,1034
145410,967,1038
145411,967,1034
145412,973,1035
145413,973,1030
145414,971,1025
145415,967,1020
145416,968,1024
145417,968,1029
145418,970,1031
145419,968,1031
145420,969,1031
145421,962,1031
145422,961,1037
145423,966,1039
145424,968,1039
145425,967,1034
145426,963,1030
145427,964,1029
145428,959,1032
145429,963,1032
145430,967,1031
145431,964,1027
145432,963,1025
145433,959,1027
145434,959,1028
145435,962,1032
145436,963,1037
145437,965,1038
145438,962,1037
145439,962,1032
145440,963,1030
145441,966,1029
145442,968,1026
145443,966,1024
145444,966,1023
145445,964,1023
145446,963,1028
145447,965,1031
145448,967,1031
145449,967,1032
145450,966,1030
145451,962,1029
145452,963,1033
145453,965,1035
145454,967,1032
145455,966,1030
145456,964,1028
145457,963,1028
145458,964,1027
145459,965,1033
145460,970,1037
145461,965,1036
145462,967,1030
145463,967,1025
145464,967,1025
145465,968,1026
145466,971,1028
145467,972,1028
145468,970,1024
145469,965,1027
145470,964,1029
145471,966,1033
145472,971,1035
145473,970,1035
145474,968,1029
145475,967,1024
145476,967,1021
145477,967,1027
145478,971,1030
145479,971,1028
145480,968,1026
145481,965,1024
145482,964,1025
145483,969,1030
145484,969,1032
145485,969,1035
145486,967,1031
145487,963,1028
145488,963,1027
145489,968,1028
145490,971,1030
145491,969,1028
145492,965,1026
145493,961,1026
145494,961,1029
145495,963,1034
145496,965,1035
145497,966,1034
145498,963,1030
145499,962,1028
145500,961,1029
145501,963,1036
145502,970,1040
145503,970,1042
145504,969,1036
145505,966,1029
145506,965,1031
145507,966,1033
145508,970,1038
145509,972,1039
145510,969,1034
145511,967,1028
145512,967,1028
145513,969,1029
145514,971,1030
145515,972,1028
145516,970,1026
145517,967,1027
145518,967,1028
145519,968,1030
145520,972,1031
145521,972,1031
145522,969,1029
145523,969,1025
145524,967,1026
145525,971,1026
145526,974,1027
145527,974,1026
145528,973,1026
145529,970,1026
145530,970,1031
145531,972,1032
145532,973,1033
145533,971,1033
145534,972,1035
145535,969,1035
145536,969,1038
145537,971,1042
145538,973,1043
145539,971,1043
145540,973,1036
145541,971,1033
145542,971,1032
145543,974,1029
145544,979,1028
145545,979,1027
145546,978,1023
145547,973,1025
145548,974,1027
145549,975,1029
145550,979,1028
145551,982,1024
145552,984,1020
145553,986,1019
145554,993,1023
145555,1007,1026
145556,1026,1027
145557,1042,1022
145558,1066,1014
145559,1091,1009
145560,1123,1002
145561,1161,996
145562,1197,988
145563,1234,978
145564,1267,973
145565,1295,979
145566,1314,994
145567,1314,1012
145568,1291,1026
145569,1240,1028
145570,1181,1030
145571,1124,1034
145572,1066,1042
145573,1013,1050
145574,975,1054
145575,957,1054
145576,954,1052
145577,961,1044
145578,972,1031
145579,980,1029
145580,982,1024
145581,974,1022
145582,968,1019
145583,960,1018
145584,961,1023
145585,964,1030
145586,966,1033
145587,962,1034
145588,960,1031
145589,957,1031
145590,956,1033
145591,956,1035
145592,959,1035
145593,955,1029
145594,954,1026
145595,950,1026
145596,950,1027
145597,951,1032
145598,953,1035
145599,952,1035
145600,947,1032
145601,945,1028
145602,946,1028
145603,946,1032
145604,949,1034
145605,950,1033
145606,949,1034
145607,947,1030
145608,946,1032
145609,947,1035
145610,952,1037
145611,952,1035
145612,952,1033
145613,949,1033
145614,952,1038
145615,956,1040
145616,959,1040
145617,960,1036
145618,960,1029
145619,957,1026
145620,957,1027
145621,960,1031
145622,961,1033
145623,963,1037
145624,962,1029
145625,959,1028
145626,959,1030
145627,961,1032
145628,965,1033
145629,966,1027
145630,964,1022
145631,963,1018
145632,967,1022
145633,967,1025
145634,970,1027
145635,971,1025
145636,970,1022
145637,970,1019
145638,970,1021
145639,973,1023
145640,978,1022
145641,979,1023
145642,979,1023
145643,977,1020
145644,978,1021
145645,981,1023
145646,984,1021
145647,984,1021
145648,982,1018
145649,982,1013
145650,981,1015
145651,981,1018
145652,986,1016
145653,986,1014
145654,984,1008
145655,982,1008
145656,984,1009
145657,986,1015
145658,991,1014
145659,993,1009
145660,991,1003
145661,991,996
145662,994,998
145663,997,1001
145664,1001,1000
145665,1001,999
145666,1002,999
145667,1001,1001
145668,1003,1006
145669,1006,1008
145670,1011,1006
145671,1011,1004
145672,1009,1002
145673,1011,1002
145674,1010,1006
145675,1014,1009
145676,1016,1010
145677,1017,1010
145678,1013,1009
145679,1010,1010
145680,1010,1012
145681,1011,1015
145682,1014,1019
145683,1012,1018
145684,1008,1018
145685,1005,1023
145686,1003,1027
145687,1002,1029
145688,1006,1027
145689,1004,1027
145690,997,1026
145691,991,1028
145692,989,1034
145693,994,1036
145694,995,1039
145695,994,1036
145696,988,1037
145697,983,1038
145698,980,1039
145699,983,1042
145700,987,1042
145701,986,1040
145702,982,1039
145703,980,1039
145704,978,1039
145705,980,1042
145706,982,1043
145707,978,1042
145708,979,1038
145709,976,1037
145710,976,1036
145711,979,1039
145712,983,1040
145713,982,1039
145714,982,1036
145715,979,1039
145716,976,1042
145717,979,1046
145718,985,1050
145719,986,1049
145720,982,1045
145721,981,1041
145722,979,1041
145723,982,1041
145724,986,1042
145725,987,1036
145726,984,1034
145727,981,1033
145728,981,1040
145729,987,1047
145730,991,1045
145731,987,1039
145732,984,1035
145733,982,1032
145734,984,1033
145735,983,1037
145736,986,1040
145737,983,1044
145738,979,1040
145739,979,1042
145740,981,1040
145741,983,1039
145742,983,1039
145743,987,1039
145744,983,1033
145745,982,1029
145746,982,1030
145747,981,1036
145748,983,1039
145749,983,1037
145750,981,1038
145751,981,1040
145752,980,1045
145753,980,1046
145754,982,1043
145755,981,1037
145756,982,1029
145757,982,1025
145758,979,1029
145759,979,1033
145760,980,1032
145761,984,1033
145762,980,1031
145763,979,1030
145764,978,1035
145765,979,1037
145766,985,1037
145767,985,1036
145768,981,1035
145769,980,1039
145770,979,1040
145771,979,1042
145772,984,1043
145773,981,1042
145774,977,1038
145775,975,1037
145776,973,1040
145777,974,1041
145778,978,1042
145779,977,1039
145780,976,1038
145781,974,1039
145782,972,1041
145783,973,1048
145784,976,1048
145785,977,1047
145786,974,1046
145787,973,1043
145788,971,1051
145789,971,1057
145790,976,1067
145791,976,1071
145792,972,1067
145793,970,1059
145794,971,1047
145795,975,1037
145796,979,1031
145797,976,1030
145798,974,1030
145799,970,1032
145800,969,1036
145801,976,1040
145802,978,1041
145803,978,1037
145804,974,1040
145805,970,1038
145806,971,1039
145807,975,1044
145808,976,1042
145809,976,1039
145810,974,1036
145811,971,1037
145812,973,1039
145813,976,1041
145814,981,1041
145815,979,1040
145816,976,1037
145817,973,1038
145818,974,1040
145819,980,1044
145820,982,1047
145821,978,1046
145822,974,1043
145823,968,1042
145824,970,1043
145825,971,1050
145826,973,1053
145827,971,1055
145828,970,1052
145829,970,1052
145830,969,1051
145831,972,1053
145832,976,1053
145833,975,1052
145834,972,1046
145835,971,1044
145836,973,1041
145837,978,1044
145838,980,1044
145839,982,1041
145840,989,1039
145841,996,1036
145842,1014,1036
145843,1037,1032
145844,1061,1029
145845,1092,1022
145846,1123,1012
145847,1163,1005
145848,1204,998
145849,1241,996
145850,1276,1006
145851,1292,1023
145852,1286,1035
145853,1248,1045
145854,1192,1049
145855,1131,1055
145856,1069,1068
145857,1001,1081
145858,948,1088
145859,919,1096
145860,924,1096
145861,940,1091
145862,960,1077
145863,967,1067
145864,969,1057
145865,966,1051
145866,963,1045
145867,962,1050
145868,962,1049
145869,961,1050
145870,960,1049
145871,958,1047
145872,956,1045
145873,959,1048
145874,966,1046
145875,963,1043
145876,959,1043
145877,955,1043
145878,955,1046
145879,959,1050
145880,962,1049
145881,961,1046
145882,954,1045
145883,953,1047
145884,954,1048
145885,957,1052
145886,960,1047
145887,957,1047
145888,957,1044
145889,953,1044
145890,956,1043
145891,959,1046
145892,960,1043
145893,956,1040
145894,955,1037
145895,951,1036
145896,953,1037
145897,955,1041
145898,958,1042
145899,956,1041
145900,954,1043
145901,951,1047
145902,955,1057
145903,961,1054
145904,962,1049
145905,963,1043
145906,962,1043
145907,960,1039
145908,957,1035
145909,960,1036
145910,964,1034
145911,968,1035
145912,970,1031
145913,967,1029
145914,966,1029
145915,969,1031
145916,971,1031
145917,973,1029
145918,971,1030
145919,967,1030
145920,968,1031
145921,973,1036
145922,975,1034
145923,974,1033
145924,971,1031
145925,967,1028
145926,971,1029
145927,976,1030
145928,978,1029
145929,978,1026
145930,977,1022
145931,977,1022
145932,980,1020
145933,981,1022
145934,985,1024
145935,985,1019
145936,985,1016
145937,987,1014
145938,988,1011
145939,992,1014
145940,991,1013
145941,993,1008
145942,987,1005
145943,983,1001
145944,984,1003
145945,988,1005
145946,994,1005
145947,992,1003
145948,988,1004
145949,988,1008
145950,989,1011
145951,996,1017
145952,1002,1017
145953,999,1017
145954,994,1015
145955,993,1018
145956,997,1018
145957,1003,1018
145958,1006,1021
145959,999,1021
145960,994,1023
145961,993,1027
145962,990,1033
145963,993,1032
145964,994,1031
145965,992,1030
145966,988,1031
145967,985,1036
145968,981,1042
145969,982,1049
145970,988,1049
145971,986,1048
145972,984,1046
145973,977,1044
145974,978,1048
145975,979,1052
145976,983,1056
145977,983,1053
145978,977,1050
145979,972,1052
145980,970,1052
145981,969,1058
145982,972,1055
145983,971,1053
145984,971,1051
145985,972,1053
145986,973,1056
145987,976,1056
145988,978,1055
145989,977,1053
145990,970,1053
145991,968,1052
145992,969,1054
145993,972,1054
145994,976,1055
145995,977,1051
145996,975,1048
145997,971,1052
145998,972,1055
145999,973,1055
146000,979,1056
146001,977,1051
146002,978,1048
146003,980,1046
146004,985,1051
146005,995,1051
146006,1002,1052
146007,1005,1054
146008,1001,1055
146009,999,1054
146010,1002,1058
146011,1010,1061
146012,1020,1060
146013,1029,1055
146014,1040,1045
146015,1047,1036
146016,1063,1023
146017,1074,1009
146018,1086,998
146019,1103,987
146020,1112,976
146021,1124,965
146022,1137,954
146023,1152,943
146024,1167,931
146025,1181,911
146026,1191,891
146027,1199,875
146028,1210,865
146029,1226,861
146030,1235,850
146031,1238,846
146032,1228,843
146033,1219,844
146034,1216,855
146035,1216,861
146036,1214,864
146037,1204,862
146038,1189,860
146039,1166,864
146040,1150,873
146041,1132,886
146042,1115,898
146043,1092,905
146044,1069,912
146045,1051,922
146046,1041,933
146047,1032,947
146048,1031,957
146049,1025,964
146050,1020,972
146051,1016,978
146052,1016,988
146053,1019,997
146054,1026,1003
146055,1037,1009
146056,1048,1008
146057,1062,1011
146058,1066,1011
146059,1050,1016
146060,1017,1019
146061,977,1022
146062,943,1027
146063,926,1041
146064,924,1058
146065,923,1070
146066,922,1080
146067,912,1086
146068,909,1084
146069,903,1085
146070,903,1085
146071,902,1093
146072,903,1093
146073,900,1095
146074,898,1092
146075,893,1094
146076,891,1096
146077,890,1098
146078,889,1100
146079,888,1099
146080,885,1099
146081,881,1101
146082,881,1105
146083,882,1111
146084,884,1111
146085,881,1109
146086,879,1107
146087,874,1108
146088,867,1111
146089,870,1111
146090,870,1115
146091,871,1117
146092,866,1115
146093,859,1118
146094,857,1125
146095,857,1128
146096,855,1132
146097,854,1131
146098,854,1130
146099,852,1136
146100,855,1143
146101,854,1145
146102,854,1155
146103,854,1154
146104,852,1146
146105,849,1146
146106,850,1147
146107,854,1151
146108,852,1156
146109,851,1156
146110,852,1151
146111,849,1153
146112,848,1157
146113,850,1159
146114,854,1161
146115,855,1159
146116,854,1158
146117,852,1158
146118,851,1164
146119,858,1168
146120,862,1167
146121,865,1167
146122,866,1163
146123,863,1162
146124,866,1166
146125,871,1166
146126,876,1162
146127,879,1157
146128,882,1152
146129,881,1149
146130,885,1148
146131,892,1149
146132,898,1145
146133,901,1139
146134,904,1134
146135,903,1129
146136,910,1125
146137,917,1121
146138,922,1117
146139,926,1109
146140,926,1106
146141,928,1101
146142,931,1101
146143,935,1101
146144,939,1097
146145,940,1093
146146,939,1084
146147,938,1083
146148,941,1079
146149,948,1076
146150,954,1072
146151,952,1069
146152,948,1067
146153,947,1067
146154,949,1070
146155,952,1069
146156,958,1059
146157,960,1052
146158,956,1047
146159,953,1046
146160,954,1047
146161,959,1045
146162,962,1046
146163,964,1040
146164,959,1035
146165,955,1037
146166,954,1038
146167,954,1043
146168,956,1041
146169,956,1041
146170,957,1040
146171,955,1041
146172,956,1042
146173,959,1046
146174,963,1047
146175,962,1042
146176,965,1043
146177,962,1045
146178,960,1048
146179,963,1049
146180,966,1045
146181,963,1042
146182,962,1040
146183,961,1038
146184,962,1044
146185,964,1045
146186,966,1047
146187,965,1044
146188,963,1044
146189,958,1043
146190,962,1043
146191,965,1046
146192,970,1045
146193,968,1043
146194,966,1045
146195,962,1041
146196,963,1042
146197,968,1043
146198,968,1040
146199,965,1039
146200,963,1040
146201,959,1044
146202,960,1047
146203,965,1049
146204,969,1045
146205,968,1037
146206,966,1027
146207,962,1031
146208,964,1034
146209,966,1038
146210,966,1038
146211,963,1037
146212,961,1033
146213,959,1035
146214,961,1033
146215,964,1035
146216,963,1035
146217,966,1034
146218,964,1029
146219,958,1028
146220,961,1031
146221,963,1034
146222,963,1035
146223,965,1037
146224,963,1041
146225,964,1040
146226,964,1044
146227,966,1043
146228,968,1037
146229,966,1035
146230,962,1031
146231,959,1032
146232,959,1039
146233,963,1037
146234,967,1040
146235,966,1038
146236,964,1037
146237,962,1035
146238,961,1038
146239,963,1043
146240,963,1045
146241,962,1042
146242,962,1041
146243,960,1039
146244,958,1042
146245,963,1044
146246,963,1043
146247,963,1042
146248,960,1040
146249,957,1033
146250,956,1037
146251,960,1039
146252,962,1038
146253,960,1039
146254,956,1035
146255,955,1034
146256,957,1035
146257,958,1038
146258,961,1037
146259,961,1041
146260,957,1036
146261,956,1035
146262,956,1034
146263,960,1033
146264,960,1034
146265,956,1032
146266,951,1031
146267,953,1035
146268,954,1036
146269,957,1033
146270,962,1029
146271,959,1024
146272,957,1023
146273,953,1023
146274,953,1030
146275,955,1032
146276,957,1032
146277,959,1028
146278,957,1025
146279,952,1026
146280,951,1028
146281,954,1032
146282,956,1035
146283,958,1034
146284,956,1032
146285,954,1030
146286,956,1031
146287,959,1033
146288,958,1032
146289,957,1032
146290,955,1032
146291,955,1033
146292,958,1035
146293,962,1036
146294,966,1037
146295,963,1034
146296,960,1035
146297,956,1033
146298,959,1032
146299,962,1037
146300,964,1041
146301,962,1044
146302,960,1041
146303,960,1041
146304,961,1038
146305,962,1038
146306,966,1036
146307,963,1035
146308,961,1033
146309,958,1031
146310,960,1033
146311,961,1036
146312,964,1037
146313,964,1036
146314,963,1032
146315,963,1031
146316,964,1032
146317,963,1032
146318,967,1037
146319,966,1033
146320,964,1032
146321,963,1030
146322,962,1035
146323,963,1035
146324,966,1037
146325,964,1034
146326,963,1033
146327,962,1033
146328,962,1034
146329,965,1035
146330,968,1037
146331,968,1036
146332,966,1031
146333,961,1033
146334,962,1034
146335,966,1035
146336,970,1033
146337,969,1030
146338,964,1029
146339,966,1029
146340,968,1033
146341,969,1035
146342,970,1034
146343,970,1031
146344,965,1028
146345,963,1029
146346,963,1034
146347,968,1036
146348,972,1033
146349,972,1028
146350,970,1021
146351,968,1021
146352,969,1025
146353,974,1030
146354,974,1031
146355,974,1030
146356,971,1027
146357,966,1030
146358,968,1031
146359,972,1034
146360,973,1031
146361,970,1027
146362,968,1021
146363,969,1021
146364,970,1023
146365,970,1029
146366,973,1029
146367,972,1030
146368,971,1027
146369,969,1026
146370,970,1030
146371,971,1031
146372,972,1032
146373,973,1031
146374,967,1028
146375,965,1028
146376,967,1030
146377,968,1033
146378,974,1036
146379,972,1034
146380,970,1036
146381,972,1031
146382,973,1031
146383,973,1032
146384,976,1033
146385,976,1029
146386,975,1027
146387,974,1027
146388,972,1029
146389,977,1034
146390,980,1031
146391,983,1029
146392,984,1023
146393,991,1017
146394,1004,1015
146395,1019,1016
146396,1042,1020
146397,1065,1016
146398,1093,1008
146399,1126,1000
146400,1164,992
146401,1203,988
146402,1241,986
146403,1276,988
146404,1300,995
146405,1314,1010
146406,1309,1023
146407,1283,1029
146408,1233,1026
146409,1174,1028
146410,1118,1028
146411,1056,1038
146412,998,1048
146413,964,1058
146414,951,1059
146415,955,1052
146416,961,1042
146417,968,1032
146418,973,1031
146419,972,1030
146420,970,1031
146421,966,1028
146422,969,1025
146423,961,1024
146424,960,1025
146425,960,1026
146426,961,1026
146427,958,1024
146428,952,1022
146429,949,1021
146430,952,1019
146431,955,1023
146432,958,1024
146433,954,1022
146434,950,1023
146435,947,1023
146436,947,1025
146437,950,1029
146438,952,1028
146439,952,1027
146440,947,1022
146441,947,1021
146442,948,1025
146443,952,1029
146444,956,1028
146445,954,1031
146446,948,1028
146447,947,1031
146448,949,1032
146449,953,1034
146450,955,1034
146451,955,1028
146452,954,1025
146453,954,1022
146454,955,1025
146455,955,1025
146456,961,1029
146457,959,1028
146458,960,1024
146459,955,1023
146460,959,1026
146461,961,1028
146462,965,1029
146463,962,1027
146464,963,1027
146465,958,1028
146466,959,1029
146467,961,1031
146468,962,1031
146469,964,1029
146470,961,1027
146471,958,1025
146472,958,1027
146473,963,1028
146474,966,1025
146475,966,1020
146476,968,1014
146477,967,1015
146478,968,1015
146479,971,1018
146480,973,1019
146481,974,1017
146482,975,1014
146483,974,1011
146484,979,1011
146485,981,1011
146486,986,1009
146487,987,1009
146488,984,1006
146489,981,1004
146490,983,1008
146491,988,1007
146492,991,1008
146493,992,1004
146494,992,1000
146495,990,996
146496,991,994
146497,992,992
146498,995,995
146499,995,992
146500,995,991
146501,996,992
146502,997,996
146503,998,996
146504,1005,996
146505,1003,994
146506,1005,994
146507,1003,994
146508,1005,997
146509,1009,1000
146510,1012,1000
146511,1012,1001
146512,1010,999
146513,1007,997
146514,1009,1001
146515,1010,1005
146516,1010,1005
146517,1008,1006
146518,1006,1005
146519,1002,1003
146520,1005,1004
146521,1004,1008
146522,1007,1009
146523,1003,1009
146524,998,1009
146525,993,1012
146526,994,1019
146527,992,1025
146528,994,1023
146529,990,1019
146530,990,1014
146531,984,1012
146532,981,1015
146533,984,1021
146534,986,1021
146535,983,1021
146536,978,1019
146537,978,1022
146538,978,1027
146539,978,1031
146540,981,1031
146541,978,1031
146542,976,1029
146543,974,1025
146544,972,1026
146545,976,1028
146546,980,1025
146547,978,1028
146548,978,1025
146549,976,1026
146550,976,1026
146551,979,1031
146552,984,1030
146553,982,1031
146554,979,1030
146555,978,1032
146556,974,1039
146557,975,1046
146558,978,1047
146559,977,1042
146560,976,1036
146561,974,1033
146562,975,1030
146563,978,1033
146564,980,1026
146565,981,1024
146566,977,1021
146567,974,1021
146568,976,1023
146569,979,1024
146570,981,1024
146571,978,1022
146572,978,1022
146573,976,1024
146574,976,1027
146575,981,1028
146576,984,1025
146577,984,1021
146578,982,1018
146579,980,1015
146580,980,1019
146581,983,1021
146582,987,1022
146583,986,1021
146584,982,1022
146585,980,1020
146586,980,1022
146587,984,1020
146588,987,1018
146589,988,1019
146590,984,1017
146591,983,1019
146592,983,1021
146593,984,1026
146594,987,1028
146595,985,1028
146596,983,1021
146597,983,1021
146598,986,1023
146599,989,1026
146600,990,1026
146601,989,1024
146602,986,1022
146603,987,1023
146604,986,1025
146605,987,1029
146606,989,1031
146607,991,1031
146608,985,1026
146609,983,1024
146610,986,1023
146611,987,1024
146612,988,1023
146613,989,1021
146614,986,1019
146615,984,1016
146616,985,1019
146617,988,1021
146618,991,1018
146619,990,1017
146620,993,1010
146621,1001,1011
146622,1016,1011
146623,1034,1013
146624,1064,1010
146625,1093,1008
146626,1130,999
146627,1167,992
146628,1213,988
146629,1257,991
146630,1305,998
146631,1332,1012
146632,1337,1025
146633,1314,1034
146634,1262,1040
146635,1199,1044
146636,1137,1055
146637,1070,1063
146638,1009,1063
146639,964,1059
146640,948,1051
146641,956,1043
146642,971,1037
146643,981,1025
146644,981,1016
146645,976,1011
146646,973,1017
146647,973,1021
146648,976,1024
146649,972,1023
146650,969,1023
146651,966,1023
146652,965,1027
146653,966,1029
146654,968,1028
146655,967,1023
146656,964,1021
146657,962,1021
146658,962,1022
146659,965,1027
146660,966,1027
146661,962,1025
146662,963,1023
146663,961,1021
146664,960,1022
146665,959,1028
146666,962,1024
146667,961,1023
146668,957,1020
146669,955,1022
146670,955,1023
146671,958,1026
146672,960,1024
146673,960,1025
146674,959,1023
146675,958,1023
146676,958,1026
146677,962,1028
146678,963,1024
146679,961,1026
146680,959,1025
146681,955,1027
146682,956,1025
146683,957,1029
146684,959,1027
146685,958,1024
146686,959,1022
146687,958,1023
146688,960,1023
146689,964,1022
146690,964,1020
146691,964,1016
146692,962,1013
146693,960,1012
146694,964,1013
146695,964,1014
146696,970,1013
146697,971,1010
146698,969,1011
146699,969,1011
146700,972,1011
146701,972,1011
146702,980,1008
146703,981,1006
146704,981,1000
146705,982,995
146706,983,994
146707,986,995
146708,990,994
146709,991,992
146710,991,987
146711,991,985
146712,993,988
146713,998,989
146714,1002,984
146715,999,982
146716,998,979
146717,997,977
146718,999,983
146719,998,986
146720,1001,987
146721,1001,985
146722,1001,980
146723,996,980
146724,998,978
146725,1002,981
146726,1007,981
146727,1005,981
146728,1004,982
146729,1002,985
146730,1002,988
146731,1002,992
146732,1002,994
146733,1002,995
146734,1001,997
146735,999,995
146736,998,998
146737,1000,999
146738,998,1000
146739,995,1003
146740,990,1001
146741,982,1006
146742,983,1008
146743,986,1015
146744,986,1016
146745,982,1016
146746,979,1012
146747,977,1012
146748,978,1015
146749,977,1018
146750,977,1017
146751,977,1020
146752,974,1020
146753,971,1022
146754,972,1026
146755,974,1028
146756,977,1024
146757,976,1024
146758,974,1022
146759,971,1026
146760,973,1029
146761,977,1034
146762,977,1034
146763,976,1030
146764,975,1029
146765,970,1030
146766,971,1035
146767,975,1038
146768,977,1037
146769,978,1033
146770,976,1029
146771,975,1028
146772,974,1030
146773,976,1030
146774,978,1024
146775,981,1020
146776,980,1019
146777,976,1019
146778,973,1021
146779,975,1022
146780,977,1023
146781,974,1027
146782,971,1024
146783,971,1023
146784,974,1022
146785,977,1022
146786,980,1022
146787,978,1018
146788,974,1018
146789,975,1020
146790,974,1026
146791,976,1027
146792,981,1023
146793,978,1019
146794,976,1015
146795,975,1015
146796,976,1017
146797,976,1019
146798,978,1021
146799,978,1019
146800,974,1017
146801,973,1021
146802,975,1021
146803,980,1025
146804,979,1025
146805,978,1025
146806,974,1023
146807,967,1024
146808,973,1026
146809,977,1029
146810,979,1029
146811,979,1029
146812,974,1027
146813,975,1029
146814,977,1031
146815,978,1032
146816,981,1029
146817,981,1025
146818,978,1022
146819,975,1022
146820,975,1023
146821,979,1024
146822,982,1024
146823,978,1019
146824,977,1018
146825,977,1019
146826,977,1021
146827,981,1020
146828,982,1019
146829,979,1022
146830,975,1018
146831,975,1020
146832,976,1021
146833,977,1026
146834,977,1026
146835,974,1021
146836,969,1021
146837,967,1023
146838,970,1025
146839,974,1025
146840,977,1024
146841,976,1021
146842,975,1019
146843,975,1020
146844,979,1020
146845,981,1022
146846,982,1021
146847,980,1018
146848,975,1017
146849,975,1019
146850,973,1025
146851,977,1026
146852,983,1028
146853,984,1024
146854,984,1018
146855,985,1019
146856,987,1020
146857,991,1022
146858,999,1020
146859,1006,1020
146860,1016,1017
146861,1031,1017
146862,1053,1017
146863,1082,1017
146864,1114,1010
146865,1150,1001
146866,1188,985
146867,1227,983
146868,1267,982
146869,1296,992
146870,1312,1010
146871,1297,1023
146872,1255,1028
146873,1193,1026
146874,1128,1033
146875,1066,1047
146876,1008,1056
146877,959,1056
146878,938,1055
146879,939,1053
146880,953,1046
146881,969,1040
146882,976,1032
146883,973,1024
146884,968,1017
146885,966,1013
146886,966,1014
146887,963,1019
146888,965,1019
146889,960,1020
146890,958,1019
146891,954,1019
146892,954,1021
146893,956,1028
146894,957,1026
146895,958,1024
146896,954,1021
146897,953,1023
146898,957,1028
146899,955,1030
146900,958,1032
146901,955,1032
146902,953,1025
146903,952,1026
146904,952,1032
146905,954,1032
146906,955,1034
146907,955,1035
146908,954,1034
146909,953,1035
146910,955,1033
146911,959,1034
146912,959,1029
146913,959,1026
146914,958,1018
146915,957,1016
146916,960,1014
146917,962,1018
146918,964,1018
146919,964,1018
146920,957,1013
146921,954,1015
146922,955,1018
146923,959,1018
146924,960,1020
146925,958,1017
146926,954,1014
146927,957,1013
146928,960,1013
146929,965,1016
146930,963,1016
146931,959,1014
146932,955,1016
146933,952,1011
146934,954,1010
146935,957,1012
146936,962,1012
146937,962,1007
146938,962,1001
146939,964,1001
146940,966,1003
146941,967,1007
146942,969,1006
146943,970,1004
146944,973,1004
146945,973,1005
146946,973,1003
146947,975,1002
146948,979,998
146949,978,997
146950,978,994
146951,979,994
146952,978,993
146953,980,993
146954,986,990
146955,987,992
146956,985,991
146957,985,990
146958,985,992
146959,991,995
146960,999,994
146961,1001,991
146962,995,979
146963,992,978
146964,994,979
146965,998,989
146966,1000,990
146967,998,995
146968,994,990
146969,993,994
146970,994,999
146971,995,1004
146972,993,1004
146973,992,1005
146974,987,1007
146975,982,1010
146976,984,1012
146977,984,1017
146978,985,1020
146979,982,1022
146980,978,1023
146981,974,1025
146982,972,1027
146983,972,1029
146984,974,1028
146985,970,1024
146986,965,1021
146987,959,1024
146988,963,1027
146989,963,1033
146990,968,1036
146991,967,1037
146992,966,1033
146993,967,1039
146994,968,1035
146995,970,1034
146996,973,1030
146997,969,1028
146998,967,1030
146999,968,1034
147000,969,1037
147001,973,1037
147002,974,1037
147003,973,1033
147004,970,1027
147005,969,1025
147006,968,1027
147007,970,1031
147008,975,1030
147009,973,1030
147010,970,1028
147011,972,1031
147012,974,1033
147013,979,1037
147014,982,1034
147015,978,1031
147016,976,1026
147017,974,1030
147018,973,1034
147019,976,1037
147020,978,1035
147021,977,1032
147022,974,1028
147023,973,1025
147024,974,1028
147025,976,1030
147026,979,1028
147027,973,1027
147028,970,1027
147029,971,1028
147030,973,1030
147031,976,1031
147032,979,1027
147033,974,1024
147034,971,1020
147035,970,1024
147036,972,1026
147037,975,1027
147038,976,1030
147039,972,1028
147040,971,1024
147041,967,1027
147042,971,1028
147043,975,1027
147044,977,1025
147045,975,1025
147046,972,1024
147047,970,1024
147048,971,1023
147049,972,1030
147050,974,1030
147051,975,1031
147052,976,1033
147053,974,1033
147054,974,1032
147055,976,1032
147056,977,1032
147057,976,1033
147058,970,1033
147059,966,1036
147060,967,1037
147061,970,1036
147062,974,1039
147063,974,1043
147064,972,1044
147065,972,1037
147066,975,1029
147067,978,1026
147068,978,1024
147069,974,1024
147070,972,1023
147071,969,1028
147072,972,1032
147073,973,1035
147074,975,1037
147075,974,1035
147076,976,1033
147077,974,1037
147078,978,1037
147079,983,1038
147080,985,1036
147081,983,1029
147082,979,1026
147083,979,1027
147084,983,1029
147085,987,1031
147086,992,1026
147087,995,1021
147088,1003,1019
147089,1014,1017
147090,1029,1019
147091,1055,1024
147092,1086,1022
147093,1120,1012
147094,1158,999
147095,1197,993
147096,1236,995
147097,1275,1002
147098,1303,1011
147099,1310,1020
147100,1285,1025
147101,1240,1028
147102,1179,1031
147103,1116,1042
147104,1051,1054
147105,989,1066
147106,945,1070
147107,932,1073
147108,940,1070
147109,955,1061
147110,968,1050
147111,973,1040
147112,971,1034
147113,968,1029
147114,968,1029
147115,966,1029
147116,967,1029
147117,963,1032
147118,961,1030
147119,958,1028
147120,958,1030
147121,959,1035
147122,958,1035
147123,955,1034
147124,956,1032
147125,952,1028
147126,955,1028
147127,957,1031
147128,956,1033
147129,957,1038
147130,953,1036
147131,951,1034
147132,955,1034
147133,958,1037
147134,957,1033
147135,955,1033
147136,953,1029
147137,950,1032
147138,952,1037
147139,957,1039
147140,959,1038
147141,958,1033
147142,956,1030
147143,955,1029
147144,957,1033
147145,959,1036
147146,961,1039
147147,963,1039
147148,960,1036
147149,955,1038
147150,959,1043
147151,961,1041
147152,968,1034
147153,965,1033
147154,961,1029
147155,959,1024
147156,962,1025
147157,964,1023
147158,969,1024
147159,965,1023
147160,964,1020
147161,963,1023
147162,961,1023
147163,962,1023
147164,966,1023
147165,966,1021
147166,966,1022
147167,966,1020
147168,969,1017
147169,970,1019
147170,975,1017
147171,974,1013
147172,972,1006
147173,969,1002
147174,971,1002
147175,974,1005
147176,981,1006
147177,981,1002
147178,981,996
147179,981,996
147180,981,1000
147181,981,1004
147182,983,1004
147183,982,1001
147184,980,998
147185,980,1004
147186,982,1004
147187,989,1009
147188,990,1001
147189,992,997
147190,987,993
147191,987,997
147192,989,1002
147193,995,1007
147194,998,1007
147195,997,1005
147196,997,1002
147197,999,1004
147198,997,1008
147199,998,1014
147200,1004,1019
147201,1000,1021
147202,996,1017
147203,991,1015
147204,993,1017
147205,995,1021
147206,998,1022
147207,997,1017
147208,992,1016
147209,984,1019
147210,985,1027
147211,986,1035
147212,987,1036
147213,982,1033
147214,977,1026
147215,977,1024
147216,979,1026
147217,979,1031
147218,979,1030
147219,978,1031
147220,973,1027
147221,972,1029
147222,971,1033
147223,974,1039
147224,976,1042
147225,972,1039
147226,971,1037
147227,969,1039
147228,970,1042
147229,973,1043
147230,974,1044
147231,974,1040
147232,972,1034
147233,970,1035
147234,970,1038
147235,973,1042
147236,975,1042
147237,975,1041
147238,973,1041
147239,971,1043
147240,976,1048
147241,980,1049
147242,984,1047
147243,984,1044
147244,982,1040
147245,980,1042
147246,984,1044
147247,989,1045
147248,992,1043
147249,990,1038
147250,987,1036
147251,985,1041
147252,986,1044
147253,987,1047
147254,989,1043
147255,987,1040
147256,984,1039
147257,985,1039
147258,986,1041
147259,987,1041
147260,988,1042
147261,987,1042
147262,987,1033
147263,985,1025
147264,988,1025
147265,987,1026
147266,988,1023
147267,986,1025
147268,985,1023
147269,980,1025
147270,984,1029
147271,985,1034
147272,990,1033
147273,989,1029
147274,983,1025
147275,983,1022
147276,980,1027
147277,985,1029
147278,986,1032
147279,983,1031
147280,979,1031
147281,977,1033
147282,980,1036
147283,982,1034
147284,984,1032
147285,982,1034
147286,980,1032
147287,982,1029
147288,981,1034
147289,985,1035
147290,985,1038
147291,983,1041
147292,986,1036
147293,992,1035
147294,1002,1034
147295,1017,1034
147296,1037,1031
147297,1059,1023
147298,1082,1018
147299,1122,1014
147300,1165,1007
147301,1213,1003
147302,1263,998
147303,1305,1002
147304,1334,1015
147305,1337,1031
147306,1311,1046
147307,1258,1051
147308,1188,1056
147309,1109,1065
147310,1034,1067
147311,981,1066
147312,960,1063
147313,967,1058
147314,982,1045
147315,988,1031
147316,981,1020
147317,977,1019
147318,974,1023
147319,975,1028
147320,971,1029
147321,970,1026
147322,964,1028
147323,961,1028
147324,962,1030
147325,963,1033
147326,963,1033
147327,962,1030
147328,956,1033
147329,954,1035
147330,953,1034
147331,956,1039
147332,957,1038
147333,955,1038
147334,951,1036
147335,951,1043
147336,951,1044
147337,955,1047
147338,959,1048
147339,960,1039
147340,957,1030
147341,958,1025
147342,957,1025
147343,964,1032
147344,964,1030
147345,962,1027
147346,961,1025
147347,957,1028
147348,958,1032
147349,962,1035
147350,963,1034
147351,966,1033
147352,963,1033
147353,963,1032
147354,963,1037
147355,964,1039
147356,967,1038
147357,966,1036
147358,964,1031
147359,963,1028
147360,966,1029
147361,968,1032
147362,971,1029
147363,971,1027
147364,968,1024
147365,965,1023
147366,967,1023
147367,970,1025
147368,970,1029
147369,971,1026
147370,971,1020
147371,972,1014
147372,974,1013
147373,975,1014
147374,981,1016
147375,979,1013
147376,977,1011
147377,978,1014
147378,984,1017
147379,988,1020
147380,990,1013
147381,989,1004
147382,988,994
147383,990,992
147384,992,992
147385,996,993
147386,997,996
147387,998,998
147388,997,998
147389,996,1000
147390,1001,1000
147391,1004,1000
147392,1007,997
147393,1006,996
147394,1006,997
147395,1002,1001
147396,1003,1004
147397,1004,1010
147398,1008,1010
147399,1003,1009
147400,998,1010
147401,997,1013
147402,999,1018
147403,998,1024
147404,995,1024
147405,997,1024
147406,992,1023
147407,988,1024
147408,987,1027
147409,988,1030
147410,990,1031
147411,986,1030
147412,983,1029
147413,979,1033
147414,979,1036
147415,980,1038
147416,981,1037
147417,978,1036
147418,974,1036
147419,972,1041
147420,974,1045
147421,977,1049
147422,978,1047
147423,977,1043
147424,975,1040
147425,973,1038
147426,975,1043
147427,978,1047
147428,978,1044
147429,978,1040
147430,975,1038
147431,974,1041
147432,975,1045
147433,980,1048
147434,985,1044
147435,982,1041
147436,981,1041
147437,979,1047
147438,980,1050
147439,983,1051
147440,985,1046
147441,983,1045
147442,975,1042
147443,975,1042
147444,976,1042
147445,975,1045
147446,978,1042
147447,979,1038
147448,975,1034
147449,970,1034
147450,974,1042
147451,977,1043
147452,981,1042
147453,980,1038
147454,979,1036
147455,980,1033
147456,981,1037
147457,982,1039
147458,984,1034
147459,983,1030
147460,980,1029
147461,983,1030
147462,983,1035
147463,985,1042
147464,986,1042
147465,986,1040
147466,985,1037
147467,981,1038
147468,982,1036
147469,987,1037
147470,987,1039
147471,985,1037
147472,982,1035
147473,979,1038
147474,980,1043
147475,983,1048
147476,986,1048
147477,987,1048
147478,985,1045
147479,985,1043
147480,984,1045
147481,984,1045
147482,984,1039
147483,985,1037
147484,981,1036
147485,982,1039
147486,983,1046
147487,986,1049
147488,988,1048
147489,987,1045
147490,983,1039
147491,980,1041
147492,982,1041
147493,984,1046
147494,985,1045
147495,987,1042
147496,983,1040
147497,981,1039
147498,982,1041
147499,982,1044
147500,985,1042
147501,982,1039
147502,979,1038
147503,977,1041
147504,979,1043
147505,984,1047
147506,985,1047
147507,984,1045
147508,981,1044
147509,979,1044
147510,983,1048
147511,984,1049
147512,987,1046
147513,987,1041
147514,984,1038
147515,981,1038
147516,983,1042
147517,985,1047
147518,986,1047
147519,983,1042
147520,981,1037
147521,982,1037
147522,982,1038
147523,985,1044
147524,984,1045
147525,985,1040
147526,981,1036
147527,981,1035
147528,980,1037
147529,981,1035
147530,980,1034
147531,981,1034
147532,978,1037
147533,977,1039
147534,976,1040
147535,980,1046
147536,984,1047
147537,981,1048
147538,979,1047
147539,979,1050
147540,983,1054
147541,986,1056
147542,988,1052
147543,986,1046
147544,982,1040
147545,985,1042
147546,986,1045
147547,987,1044
147548,989,1041
147549,989,1037
147550,984,1035
147551,983,1034
147552,988,1036
147553,990,1044
147554,988,1042
147555,987,1040
147556,986,1037
147557,986,1040
147558,986,1042
147559,987,1043
147560,991,1045
147561,990,1046
147562,988,1047
147563,990,1045
147564,992,1042
147565,993,1046
147566,996,1043
147567,997,1038
147568,997,1032
147569,995,1032
147570,1000,1032
147571,1010,1029
147572,1020,1026
147573,1031,1019
147574,1047,1017
147575,1067,1017
147576,1095,1020
147577,1129,1016
147578,1166,1004
147579,1199,994
147580,1227,984
147581,1265,984
147582,1297,996
147583,1308,1017
147584,1295,1036
147585,1251,1047
147586,1194,1050
147587,1132,1056
147588,1076,1061
147589,1027,1066
147590,992,1064
147591,974,1061
147592,973,1054
147593,984,1048
147594,995,1041
147595,997,1038
147596,991,1039
147597,988,1036
147598,981,1035
147599,980,1036
147600,978,1040
147601,979,1045
147602,979,1043
147603,977,1038
147604,973,1037
147605,970,1039
147606,973,1040
147607,974,1044
147608,975,1040
147609,973,1042
147610,970,1040
147611,970,1041
147612,972,1042
147613,973,1039
147614,973,1038
147615,969,1038
147616,966,1037
147617,965,1040
147618,968,1041
147619,966,1045
147620,971,1044
147621,971,1043
147622,971,1042
147623,970,1039
147624,971,1038
147625,971,1041
147626,974,1041
147627,973,1043
147628,971,1041
147629,968,1044
147630,970,1048
147631,973,1053
147632,973,1050
147633,976,1049
147634,972,1048
147635,972,1045
147636,974,1046
147637,978,1048
147638,983,1046
147639,981,1041
147640,979,1036
147641,979,1035
147642,984,1035
147643,985,1038
147644,985,1037
147645,985,1038
147646,986,1034
147647,983,1031
147648,986,1032
147649,987,1032
147650,991,1033
147651,991,1031
147652,988,1028
147653,988,1023
147654,990,1023
147655,991,1026
147656,998,1027
147657,1001,1026
147658,997,1021
147659,999,1018
147660,1000,1016
147661,1004,1014
147662,1007,1015
147663,1008,1012
147664,1007,1010
147665,1006,1008
147666,1008,1008
147667,1013,1009
147668,1017,1008
147669,1016,1009
147670,1014,1007
147671,1013,1008
147672,1017,1015
147673,1020,1018
147674,1021,1018
147675,1024,1016
147676,1022,1016
147677,1023,1017
147678,1026,1021
147679,1032,1027
147680,1031,1025
147681,1031,1024
147682,1031,1024
147683,1030,1021
147684,1030,1022
147685,1032,1025
147686,1029,1022
147687,1028,1024
147688,1024,1028
147689,1022,1029
147690,1024,1034
147691,1026,1038
147692,1024,1037
147693,1021,1037
147694,1017,1034
147695,1013,1035
147696,1012,1041
147697,1013,1047
147698,1010,1050
147699,1008,1044
147700,1006,1036
147701,1003,1026
147702,1005,1027
147703,1003,1030
147704,1003,1033
147705,999,1034
147706,997,1034
147707,996,1036
147708,995,1040
147709,995,1042
147710,998,1040
147711,996,1038
147712,993,1037
147713,991,1042
147714,992,1043
147715,995,1047
147716,996,1045
147717,996,1044
147718,993,1040
147719,994,1045
147720,995,1047
147721,996,1051
147722,1000,1051
147723,1003,1050
147724,998,1046
147725,1001,1047
147726,1004,1051
147727,1011,1055
147728,1016,1050
147729,1018,1047
147730,1018,1042
147731,1017,1040
147732,1021,1039
147733,1023,1037
147734,1024,1031
147735,1020,1024
147736,1015,1017
147737,1013,1013
147738,1014,1012
147739,1016,1004
147740,1016,994
147741,1008,978
147742,993,956
147743,971,928
147744,938,898
147745,903,871
147746,867,840
147747,835,816
147748,817,790
147749,815,772
147750,818,758
147751,822,743
147752,829,726
147753,832,716
147754,836,715
147755,844,733
147756,854,755
147757,863,781
147758,868,798
147759,865,815
147760,863,828
147761,861,836
147762,865,843
147763,872,851
147764,878,859
147765,883,866
147766,888,872
147767,892,881
147768,903,891
147769,911,908
147770,917,918
147771,921,931
147772,926,939
147773,933,950
147774,944,957
147775,959,967
147776,969,974
147777,975,985
147778,978,992
147779,982,1004
147780,992,1020
147781,1002,1038
147782,1010,1055
147783,1017,1071
147784,1020,1082
147785,1023,1087
147786,1025,1092
147787,1029,1098
147788,1032,1102
147789,1034,1103
147790,1036,1104
147791,1037,1106
147792,1041,1108
147793,1047,1116
147794,1052,1120
147795,1053,1121
147796,1052,1121
147797,1055,1119
147798,1058,1123
147799,1066,1129
147800,1071,1131
147801,1075,1134
147802,1078,1136
147803,1082,1138
147804,1088,1140
147805,1094,1140
147806,1100,1143
147807,1106,1143
147808,1110,1144
147809,1113,1148
147810,1119,1155
147811,1128,1161
147812,1137,1159
147813,1145,1160
147814,1146,1162
147815,1153,1168
147816,1161,1175
147817,1166,1179
147818,1175,1178
147819,1179,1177
147820,1186,1176
147821,1193,1182
147822,1202,1188
147823,1210,1195
147824,1215,1190
147825,1220,1190
147826,1219,1186
147827,1225,1191
147828,1231,1191
147829,1237,1193
147830,1243,1191
147831,1246,1182
147832,1244,1181
147833,1244,1183
147834,1247,1185
147835,1245,1187
147836,1248,1184
147837,1244,1178
147838,1238,1173
147839,1231,1169
147840,1228,1168
147841,1224,1171
147842,1219,1163
147843,1211,1158
147844,1200,1156
147845,1193,1151
147846,1184,1144
147847,1177,1134
147848,1170,1125
147849,1161,1116
147850,1151,1109
147851,1142,1106
147852,1136,1109
147853,1129,1106
147854,1119,1101
147855,1110,1094
147856,1101,1087
147857,1092,1083
147858,1086,1083
147859,1082,1080
147860,1076,1071
147861,1065,1069
147862,1059,1066
147863,1049,1065
147864,1046,1067
147865,1048,1067
147866,1043,1067
147867,1038,1060
147868,1033,1057
147869,1027,1054
147870,1023,1055
147871,1022,1056
147872,1023,1052
147873,1019,1050
147874,1016,1047
147875,1013,1044
147876,1010,1049
147877,1013,1053
147878,1013,1053
147879,1009,1055
147880,1005,1053
147881,1000,1052
147882,1001,1053
147883,1002,1055
147884,1003,1055
147885,1004,1056
147886,1000,1051
147887,997,1048
147888,1001,1048
147889,1002,1052
147890,999,1048
147891,1001,1043
147892,996,1041
147893,997,1042
147894,1000,1048
147895,1001,1052
147896,1002,1051
147897,997,1048
147898,994,1046
147899,993,1052
147900,993,1057
147901,994,1057
147902,996,1054
147903,993,1048
147904,991,1044
147905,988,1045
147906,990,1051
147907,994,1056
147908,999,1055
147909,996,1054
147910,993,1048
147911,985,1050
147912,985,1054
147913,988,1060
147914,990,1058
147915,988,1058
147916,987,1053
147917,985,1057
147918,986,1059
147919,988,1059
147920,991,1056
147921,989,1049
147922,985,1048
147923,984,1047
147924,984,1050
147925,989,1051
147926,988,1051
147927,988,1051
147928,984,1049
147929,981,1045
147930,985,1047
147931,986,1052
147932,989,1050
147933,988,1047
147934,984,1043
147935,983,1046
147936,987,1049
147937,992,1050
147938,992,1051
147939,991,1047
147940,987,1044
147941,985,1042
147942,985,1041
147943,989,1044
147944,988,1045
147945,986,1043
147946,981,1043
147947,978,1047
147948,984,1048
147949,987,1050
147950,983,1048
147951,980,1043
147952,975,1039
147953,975,1043
147954,978,1046
147955,978,1052
147956,978,1047
147957,974,1050
147958,971,1048
147959,968,1052
147960,971,1054
147961,976,1059
147962,979,1056
147963,975,1055
147964,972,1056
147965,974,1060
147966,977,1061
147967,979,1058
147968,981,1054
147969,978,1052
147970,974,1052
147971,973,1052
147972,978,1054
147973,984,1047
147974,984,1040
147975,982,1032
147976,979,1034
147977,979,1034
147978,979,1041
147979,978,1042
147980,978,1044
147981,977,1040
147982,972,1040
147983,974,1040
147984,977,1047
147985,983,1048
147986,983,1047
147987,979,1044
147988,973,1044
147989,974,1043
147990,975,1048
147991,979,1049
147992,981,1050
147993,980,1047
147994,979,1043
147995,979,1043
147996,980,1045
147997,981,1047
147998,981,1047
147999,980,1043
148000,979,1042
148001,977,1044
148002,979,1046
148003,982,1049
148004,984,1047
148005,981,1043
148006,976,1037
148007,976,1039
148008,978,1043
148009,981,1045
148010,981,1046
148011,980,1047
148012,979,1045
148013,977,1048
148014,976,1054
148015,979,1058
148016,981,1057
148017,982,1051
148018,978,1044
148019,978,1043
148020,983,1048
148021,987,1052
148022,987,1052
148023,988,1048
148024,986,1044
148025,983,1045
148026,986,1049
148027,986,1052
148028,989,1051
148029,989,1051
148030,986,1049
148031,983,1050
148032,983,1054
148033,985,1055
148034,988,1050
148035,988,1044
148036,984,1041
148037,984,1044
148038,987,1048
148039,988,1049
148040,990,1048
148041,986,1048
148042,984,1044
148043,982,1047
148044,983,1049
148045,987,1051
148046,987,1047
148047,989,1042
148048,987,1040
148049,985,1042
148050,987,1043
148051,988,1045
148052,988,1045
148053,985,1041
148054,982,1041
148055,981,1042
148056,983,1046
148057,990,1051
148058,993,1048
148059,988,1043
148060,987,1038
148061,985,1037
148062,986,1040
148063,988,1043
148064,989,1043
148065,986,1044
148066,982,1044
148067,982,1045
148068,984,1048
148069,986,1051
148070,989,1053
148071,991,1052
148072,990,1051
148073,990,1049
148074,993,1048
148075,998,1046
148076,999,1041
148077,1005,1036
148078,1012,1031
148079,1020,1033
148080,1037,1035
148081,1053,1033
148082,1079,1032
148083,1105,1025
148084,1131,1016
148085,1168,1010
148086,1203,1007
148087,1239,1009
148088,1272,1010
148089,1293,1019
148090,1298,1028
148091,1289,1046
148092,1260,1052
148093,1220,1051
148094,1167,1051
148095,1112,1052
148096,1059,1062
148097,1004,1072
148098,964,1077
148099,949,1082
148100,948,1083
148101,957,1077
148102,960,1063
148103,966,1056
148104,971,1055
148105,976,1052
148106,975,1048
148107,972,1044
148108,970,1039
148109,970,1041
148110,971,1043
148111,970,1047
148112,972,1047
148113,966,1052
148114,964,1054
148115,967,1053
148116,969,1051
148117,964,1045
148118,964,1042
148119,962,1043
148120,961,1042
148121,962,1042
148122,965,1041
148123,966,1045
148124,966,1043
148125,964,1040
148126,962,1040
148127,961,1039
148128,965,1042
148129,968,1044
148130,969,1042
148131,968,1044
148132,968,1042
148133,967,1045
148134,970,1047
148135,975,1050
148136,974,1048
148137,972,1045
148138,967,1046
148139,965,1046
148140,967,1046
148141,967,1046
148142,968,1042
148143,965,1036
148144,964,1035
148145,966,1037
148146,967,1036
148147,968,1039
148148,967,1038
148149,967,1036
148150,960,1036
148151,959,1040
148152,962,1043
148153,967,1044
148154,970,1041
148155,972,1036
148156,970,1031
148157,971,1029
148158,971,1033
148159,973,1038
148160,975,1038
148161,976,1034
148162,974,1033
148163,972,1035
148164,974,1038
148165,976,1043
148166,978,1038
148167,977,1029
148168,977,1023
148169,980,1020
148170,982,1025
148171,987,1027
148172,982,1025
148173,978,1023
148174,975,1017
148175,976,1014
148176,978,1014
148177,983,1019
148178,984,1015
148179,984,1010
148180,984,1004
148181,982,1004
148182,985,1003
148183,986,1004
148184,989,1002
148185,989,998
148186,988,998
148187,984,1000
148188,986,1003
148189,990,1004
148190,995,1005
148191,994,999
148192,996,997
148193,997,998
148194,1001,1003
148195,1008,1008
148196,1011,1011
148197,1011,1011
148198,1010,1011
148199,1006,1013
148200,1009,1015
148201,1013,1014
148202,1020,1016
148203,1019,1015
148204,1012,1017
148205,1010,1022
148206,1011,1027
148207,1018,1032
148208,1018,1036
148209,1014,1035
148210,1010,1036
148211,1010,1040
148212,1007,1045
148213,1011,1049
148214,1009,1051
148215,1007,1052
148216,1005,1050
148217,1003,1046
148218,1002,1043
148219,1001,1040
148220,999,1040
148221,999,1036
148222,993,1039
148223,993,1042
148224,989,1046
148225,990,1048
148226,995,1045
148227,996,1041
148228,994,1041
148229,997,1041
148230,994,1043
148231,993,1042
148232,995,1043
148233,993,1040
148234,992,1039
148235,990,1039
148236,993,1041
148237,993,1047
148238,991,1046
148239,988,1044
148240,985,1042
148241,987,1044
148242,987,1052
148243,992,1052
148244,992,1049
148245,991,1046
148246,989,1046
148247,989,1046
148248,993,1051
148249,997,1052
148250,997,1051
148251,996,1050
148252,994,1046
148253,993,1045
148254,994,1047
148255,1001,1049
148256,1000,1047
148257,998,1047
148258,998,1045
148259,996,1044
148260,995,1045
148261,998,1046
148262,997,1046
148263,996,1044
148264,993,1042
148265,990,1044
148266,992,1046
148267,992,1049
148268,994,1048
148269,993,1042
148270,992,1036
148271,993,1031
148272,994,1032
148273,998,1035
148274,997,1035
148275,993,1035
148276,993,1030
148277,992,1033
148278,993,1037
148279,998,1041
148280,999,1041
148281,999,1037
148282,996,1036
148283,993,1036
148284,996,1037
148285,997,1038
148286,1000,1038
148287,999,1036
148288,994,1035
148289,991,1035
148290,989,1039
148291,993,1041
148292,995,1042
148293,995,1040
148294,994,1037
148295,989,1042
148296,984,1043
148297,987,1047
148298,991,1047
148299,990,1041
148300,987,1039
148301,986,1040
148302,989,1043
148303,990,1045
148304,994,1045
148305,990,1041
148306,990,1041
148307,987,1043
148308,989,1043
148309,999,1043
148310,1011,1039
148311,1017,1034
148312,1027,1028
148313,1042,1029
148314,1070,1029
148315,1103,1025
148316,1137,1020
148317,1174,1011
148318,1209,1010
148319,1248,1016
148320,1282,1027
148321,1306,1043
148322,1312,1056
148323,1295,1062
148324,1252,1057
148325,1200,1054
148326,1145,1056
148327,1087,1065
148328,1026,1078
148329,969,1088
148330,935,1092
148331,929,1098
148332,943,1095
148333,959,1088
148334,967,1072
148335,969,1059
148336,973,1047
148337,975,1041
148338,974,1039
148339,976,1039
148340,976,1039
148341,973,1036
148342,968,1036
148343,970,1039
148344,968,1041
148345,972,1042
148346,970,1038
148347,964,1035
148348,960,1032
148349,960,1036
148350,960,1039
148351,962,1040
148352,966,1042
148353,964,1039
148354,959,1038
148355,958,1040
148356,956,1044
148357,959,1048
148358,961,1047
148359,960,1038
148360,962,1034
148361,960,1037
148362,965,1039
148363,966,1039
148364,967,1037
148365,967,1036
148366,964,1033
148367,966,1032
148368,969,1033
148369,972,1037
148370,970,1036
148371,969,1034
148372,967,1033
148373,966,1033
148374,968,1033
148375,969,1040
148376,968,1037
148377,965,1036
148378,966,1031
148379,966,1029
148380,968,1027
148381,970,1029
148382,971,1029
148383,971,1027
148384,967,1024
148385,967,1023
148386,970,1024
148387,975,1027
148388,977,1023
148389,974,1020
148390,971,1016
148391,971,1018
148392,977,1019
148393,980,1017
148394,980,1017
148395,978,1011
148396,975,1011
148397,972,1011
148398,976,1015
148399,978,1012
148400,980,1010
148401,978,1005
148402,975,1001
148403,972,1001
148404,979,1006
148405,980,1007
148406,980,1005
148407,981,1001
148408,979,996
148409,981,998
148410,984,996
148411,987,994
148412,991,988
148413,991,986
148414,987,986
148415,992,986
148416,994,989
148417,999,993
148418,1002,994
148419,1000,992
148420,998,988
148421,999,987
148422,1002,989
148423,1007,992
148424,1009,989
148425,1008,989
148426,1003,992
148427,1004,995
148428,1008,1000
148429,1011,1003
148430,1011,1004
148431,1007,1003
148432,1005,1003
148433,1005,1006
148434,1007,1014
148435,1007,1018
148436,1009,1019
148437,1003,1023
148438,996,1023
148439,994,1029
148440,993,1032
148441,997,1039
148442,996,1041
148443,994,1039
148444,991,1037
148445,988,1040
148446,988,1043
148447,991,1046
148448,989,1049
148449,985,1047
148450,981,1047
148451,981,1049
148452,984,1052
148453,985,1052
148454,988,1054
148455,983,1054
148456,979,1051
148457,978,1055
148458,983,1056
148459,987,1054
148460,983,1050
148461,982,1048
148462,980,1048
148463,981,1050
148464,981,1053
148465,989,1059
148466,990,1053
148467,990,1046
148468,987,1044
148469,987,1045
148470,990,1047
148471,989,1047
148472,994,1048
148473,990,1042
148474,987,1042
148475,985,1042
148476,989,1046
148477,992,1047
148478,993,1045
148479,993,1041
148480,988,1039
148481,988,1043
148482,988,1045
148483,990,1046
148484,989,1047
148485,986,1042
148486,984,1043
148487,983,1042
148488,984,1046
148489,989,1045
148490,988,1046
148491,987,1043
148492,984,1040
148493,985,1042
148494,988,1046
148495,991,1052
148496,990,1052
148497,985,1047
148498,984,1043
148499,985,1043
148500,987,1042
148501,990,1042
148502,991,1042
148503,988,1040
148504,985,1043
148505,985,1042
148506,987,1044
148507,990,1047
148508,991,1046
148509,985,1043
148510,982,1042
148511,983,1041
148512,987,1046
148513,989,1049
148514,990,1048
148515,989,1046
148516,986,1047
148517,985,1050
148518,990,1052
148519,990,1050
148520,990,1049
148521,986,1044
148522,982,1045
148523,984,1047
148524,986,1049
148525,989,1048
148526,989,1046
148527,988,1042
148528,988,1040
148529,987,1042
148530,987,1045
148531,991,1047
148532,990,1045
148533,987,1044
148534,984,1047
148535,986,1047
148536,989,1046
148537,992,1045
148538,992,1041
148539,994,1036
148540,994,1031
148541,1002,1031
148542,1014,1032
148543,1029,1034
148544,1046,1032
148545,1065,1026
148546,1089,1024
148547,1126,1021
148548,1166,1016
148549,1212,1014
148550,1255,1011
148551,1292,1012
148552,1317,1020
148553,1332,1034
148554,1329,1048
148555,1302,1053
148556,1252,1051
148557,1186,1048
148558,1117,1057
148559,1049,1068
148560,994,1075
148561,964,1080
148562,955,1076
148563,963,1064
148564,973,1056
148565,981,1049
148566,984,1046
148567,987,1050
148568,984,1050
148569,979,1049
148570,973,1048
148571,972,1049
148572,971,1050
148573,970,1049
148574,971,1048
148575,968,1046
148576,967,1045
148577,964,1048
148578,965,1047
148579,968,1047
148580,968,1043
148581,967,1044
148582,965,1041
148583,963,1043
148584,966,1046
148585,968,1050
148586,967,1049
148587,966,1044
148588,962,1043
148589,960,1044
148590,962,1049
148591,967,1051
148592,968,1050
148593,966,1046
148594,963,1045
148595,963,1046
148596,966,1047
148597,969,1049
148598,970,1048
148599,968,1047
148600,963,1045
148601,961,1049
148602,964,1049
148603,970,1052
148604,968,1050
148605,968,1047
148606,966,1043
148607,965,1041
148608,968,1044
148609,973,1045
148610,974,1044
148611,973,1043
148612,970,1039
148613,972,1039
148614,978,1040
148615,980,1040
148616,979,1038
148617,979,1036
148618,978,1037
148619,979,1042
148620,982,1041
148621,983,1038
148622,984,1033
148623,984,1028
148624,984,1025
148625,986,1026
148626,989,1028
148627,994,1026
148628,993,1026
148629,993,1022
148630,995,1021
148631,995,1019
148632,997,1021
148633,1003,1023
148634,1004,1017
148635,1004,1012
148636,998,1013
148637,999,1015
148638,999,1019
148639,1002,1021
148640,1006,1015
148641,1006,1009
148642,1005,1003
148643,1003,1002
148644,1006,1007
148645,1011,1012
148646,1012,1009
148647,1010,1007
148648,1010,1005
148649,1011,1004
148650,1013,1006
148651,1012,1008
148652,1013,1009
148653,1016,1009
148654,1013,1006
148655,1014,1008
148656,1014,1013
148657,1018,1016
148658,1020,1016
148659,1015,1016
148660,1009,1014
148661,1009,1019
148662,1012,1022
148663,1013,1028
148664,1008,1030
148665,1005,1031
148666,1000,1033
148667,997,1037
148668,994,1043
148669,997,1048
148670,992,1053
148671,993,1053
148672,987,1050
148673,986,1048
148674,988,1049
148675,990,1051
148676,990,1049
148677,988,1047
148678,985,1047
148679,984,1047
148680,985,1050
148681,988,1051
148682,990,1052
148683,988,1049
148684,984,1048
148685,984,1048
148686,984,1052
148687,986,1054
148688,986,1052
148689,985,1048
148690,984,1042
148691,986,1042
148692,986,1044
148693,985,1047
148694,988,1047
148695,984,1047
148696,981,1047
148697,981,1049
148698,987,1052
148699,990,1051
148700,992,1051
148701,990,1047
148702,985,1044
148703,988,1042
148704,990,1043
148705,993,1043
148706,994,1042
148707,992,1041
148708,987,1040
148709,991,1043
148710,993,1045
148711,996,1050
148712,997,1048
148713,993,1042
148714,991,1041
148715,990,1044
148716,991,1049
148717,991,1052
148718,993,1052
148719,990,1049
148720,989,1046
148721,988,1046
148722,990,1048
148723,992,1048
148724,992,1046
148725,994,1042
148726,989,1039
148727,988,1045
148728,992,1051
148729,996,1053
148730,994,1047
148731,995,1043
148732,993,1039
148733,993,1043
148734,995,1043
148735,996,1046
148736,995,1048
148737,991,1052
148738,989,1049
148739,991,1049
148740,992,1054
148741,997,1053
148742,997,1046
148743,992,1043
148744,989,1039
148745,987,1044
148746,988,1048
148747,992,1053
148748,993,1053
148749,992,1050
148750,991,1050
148751,989,1049
148752,990,1048
148753,992,1052
148754,993,1051
148755,992,1049
148756,987,1045
148757,988,1046
148758,989,1048
148759,991,1052
148760,991,1050
148761,987,1048
148762,986,1044
148763,988,1045
148764,989,1044
148765,991,1046
148766,991,1042
148767,988,1040
148768,985,1037
148769,985,1042
148770,987,1045
148771,990,1051
148772,992,1051
148773,989,1044
148774,987,1041
148775,989,1043
148776,992,1045
148777,995,1043
148778,997,1043
148779,996,1039
148780,996,1036
148781,996,1039
148782,1001,1040
148783,1010,1040
148784,1016,1034
148785,1026,1031
148786,1044,1028
148787,1066,1029
148788,1095,1028
148789,1133,1027
148790,1173,1018
148791,1208,1008
148792,1245,1008
148793,1283,1011
148794,1321,1019
148795,1338,1032
148796,1326,1041
148797,1283,1044
148798,1218,1045
148799,1150,1053
148800,1089,1065
148801,1030,1074
148802,984,1073
148803,955,1072
148804,950,1067
148805,962,1065
148806,978,1058
148807,988,1048
148808,987,1043
148809,980,1040
148810,975,1040
148811,972,1044
148812,975,1045
148813,976,1047
148814,974,1046
148815,970,1041
148816,966,1040
148817,965,1042
148818,966,1044
148819,968,1049
148820,970,1045
148821,969,1049
148822,965,1044
148823,963,1046
148824,965,1057
148825,969,1057
148826,968,1053
148827,968,1049
148828,965,1043
148829,965,1044
148830,969,1046
148831,968,1050
148832,967,1051
148833,968,1051
148834,965,1048
148835,965,1050
148836,969,1047
148837,974,1050
148838,971,1049
148839,969,1047
148840,968,1043
148841,968,1041
148842,973,1044
148843,974,1048
148844,973,1050
148845,971,1047
148846,970,1048
148847,970,1055
148848,973,1061
148849,978,1062
148850,978,1053
148851,977,1049
148852,975,1044
148853,974,1043
148854,976,1045
148855,978,1046
148856,979,1042
148857,976,1038
148858,973,1037
148859,974,1036
148860,977,1038
148861,982,1040
148862,984,1041
148863,982,1035
148864,981,1027
148865,983,1025
148866,984,1028
148867,991,1030
148868,992,1027
148869,992,1023
148870,987,1024
148871,990,1029
148872,990,1034
148873,992,1036
148874,998,1031
148875,999,1028
148876,996,1022
148877,996,1013
148878,999,1011
148879,1004,1011
148880,1005,1011
148881,1004,1010
148882,1002,1006
148883,1002,1008
148884,1007,1010
148885,1009,1012
148886,1010,1013
148887,1010,1010
148888,1008,1011
148889,1010,1011
148890,1013,1019
148891,1016,1021
148892,1017,1021
148893,1019,1021
148894,1017,1021
148895,1018,1018
148896,1019,1025
148897,1023,1027
148898,1021,1029
148899,1019,1027
148900,1014,1029
148901,1012,1032
148902,1015,1035
148903,1016,1039
148904,1016,1042
148905,1014,1039
148906,1009,1040
148907,1008,1041
148908,1004,1050
148909,1006,1056
148910,1003,1057
148911,999,1055
148912,993,1052
148913,994,1052
148914,991,1049
148915,993,1046
148916,992,1042
148917,988,1044
148918,986,1047
148919,984,1048
148920,986,1053
148921,987,1054
148922,989,1051
148923,986,1043
148924,983,1039
148925,982,1043
148926,982,1048
148927,984,1051
148928,985,1048
148929,984,1051
148930,980,1049
148931,981,1050
148932,984,1050
148933,985,1051
148934,985,1048
148935,984,1046
148936,979,1046
148937,981,1052
148938,983,1051
148939,986,1056
148940,985,1053
148941,986,1050
148942,984,1051
148943,986,1053
148944,987,1055
148945,992,1057
148946,992,1060
148947,990,1057
148948,988,1054
148949,988,1053
148950,993,1053
148951,995,1053
148952,995,1050
148953,993,1049
148954,992,1044
148955,993,1043
148956,993,1046
148957,998,1050
148958,996,1052
148959,995,1051
148960,993,1046
148961,992,1042
148962,992,1042
148963,996,1044
148964,995,1043
148965,994,1042
148966,992,1042
148967,992,1042
148968,994,1047
148969,998,1047
148970,1000,1042
148971,997,1038
148972,994,1035
148973,990,1038
148974,992,1043
148975,993,1049
148976,994,1048
148977,991,1047
148978,989,1043
148979,992,1044
148980,993,1043
148981,995,1047
148982,996,1046
148983,991,1046
148984,988,1046
148985,989,1047
148986,990,1050
148987,990,1052
148988,986,1051
148989,985,1047
148990,985,1049
148991,987,1051
148992,989,1053
148993,991,1055
148994,988,1052
148995,986,1052
148996,984,1051
148997,985,1051
148998,986,1055
148999,989,1056
149000,991,1057
149001,989,1053
149002,988,1054
149003,986,1053
149004,989,1053
149005,993,1050
149006,995,1049
149007,996,1044
149008,1004,1038
149009,1017,1038
149010,1034,1040
149011,1055,1043
149012,1084,1038
149013,1116,1031
149014,1153,1020
149015,1196,1015
149016,1240,1010
149017,1283,1011
149018,1319,1016
149019,1344,1026
149020,1342,1041
149021,1314,1054
149022,1262,1053
149023,1197,1056
149024,1129,1061
149025,1058,1064
149026,998,1064
149027,960,1065
149028,955,1066
149029,971,1059
149030,986,1049
149031,991,1039
149032,986,1036
149033,980,1041
149034,982,1043
149035,982,1048
149036,981,1046
149037,976,1044
149038,972,1047
149039,969,1049
149040,970,1052
149041,973,1057
149042,972,1055
149043,966,1053
149044,962,1048
149045,964,1051
149046,961,1052
149047,964,1055
149048,962,1048
149049,960,1045
149050,959,1043
149051,962,1042
149052,964,1043
149053,965,1045
149054,965,1047
149055,961,1045
149056,958,1042
149057,959,1047
149058,963,1050
149059,967,1051
149060,965,1048
149061,963,1048
149062,962,1047
149063,962,1046
149064,962,1044
149065,965,1045
149066,966,1043
149067,964,1039
149068,963,1038
149069,967,1044
149070,971,1047
149071,970,1047
149072,973,1048
149073,969,1047
149074,969,1046
149075,972,1043
149076,976,1046
149077,977,1046
149078,979,1043
149079,978,1038
149080,976,1034
149081,974,1039
149082,977,1041
149083,983,1041
149084,984,1039
149085,980,1038
149086,978,1036
149087,980,1038
149088,984,1037
149089,990,1038
149090,992,1037
149091,989,1031
149092,986,1026
149093,989,1025
149094,991,1025
149095,994,1022
149096,995,1016
149097,993,1011
149098,991,1006
149099,993,1005
149100,994,1005
149101,997,1010
149102,996,1012
149103,995,1010
149104,992,1013
149105,994,1014
149106,996,1017
149107,1003,1015
149108,1007,1013
149109,1006,1009
149110,1005,1008
149111,1006,1011
149112,1012,1015
149113,1011,1019
149114,1012,1019
149115,1010,1015
149116,1009,1018
149117,1010,1022
149118,1011,1026
149119,1012,1030
149120,1010,1030
149121,1007,1031
149122,1003,1031
149123,1000,1034
149124,1001,1040
149125,1000,1043
149126,997,1042
149127,994,1046
149128,990,1051
149129,987,1055
149130,991,1050
149131,994,1045
149132,992,1040
149133,985,1044
149134,982,1043
149135,980,1045
149136,980,1051
149137,981,1056
149138,980,1057
149139,975,1057
149140,974,1057
149141,974,1052
149142,976,1049
149143,979,1048
149144,981,1047
149145,978,1043
149146,976,1040
149147,980,1043
149148,982,1048
149149,983,1048
149150,982,1050
149151,982,1048
149152,979,1049
149153,978,1050
149154,977,1055
149155,978,1052
149156,982,1053
149157,979,1050
149158,976,1048
149159,977,1049
149160,980,1053
149161,985,1053
149162,985,1049
149163,985,1044
149164,981,1044
149165,979,1046
149166,983,1050
149167,984,1050
149168,984,1051
149169,980,1049
149170,982,1049
149171,985,1050
149172,987,1052
149173,990,1049
149174,989,1047
149175,987,1042
149176,986,1044
149177,985,1045
149178,986,1049
149179,985,1048
149180,987,1046
149181,986,1040
149182,982,1038
149183,983,1038
149184,984,1040
149185,986,1044
149186,985,1042
149187,983,1037
149188,980,1036
149189,980,1038
149190,983,1041
149191,984,1045
149192,985,1047
149193,981,1045
149194,982,1045
149195,984,1046
149196,985,1049
149197,987,1048
149198,984,1051
149199,986,1049
149200,984,1052
149201,984,1051
149202,987,1051
149203,990,1052
149204,988,1050
149205,986,1047
149206,983,1045
149207,983,1043
149208,983,1046
149209,986,1049
149210,985,1048
149211,981,1047
149212,980,1044
149213,978,1045
149214,983,1048
149215,984,1046
149216,984,1046
149217,978,1046
149218,977,1043
149219,978,1047
149220,982,1050
149221,985,1046
149222,985,1045
149223,982,1040
149224,978,1039
149225,979,1041
149226,982,1045
149227,986,1048
149228,982,1048
149229,981,1045
149230,976,1043
149231,978,1043
149232,982,1043
149233,985,1042
149234,984,1040
149235,981,1040
149236,979,1041
149237,974,1046
149238,980,1046
149239,983,1045
149240,984,1042
149241,982,1040
149242,981,1039
149243,982,1036
149244,986,1041
149245,988,1040
149246,995,1041
149247,1002,1039
149248,1012,1036
149249,1032,1037
149250,1054,1037
149251,1087,1038
149252,1126,1027
149253,1165,1017
149254,1202,1005
149255,1243,1000
149256,1284,997
149257,1316,1010
149258,1326,1020
149259,1306,1030
149260,1258,1036
149261,1195,1040
149262,1126,1048
149263,1059,1062
149264,999,1068
149265,958,1071
149266,950,1071
149267,961,1067
149268,978,1064
149269,987,1054
149270,987,1048
149271,984,1040
149272,979,1037
149273,977,1035
149274,976,1036
149275,976,1034
149276,973,1037
149277,970,1035
149278,967,1033
149279,967,1036
149280,968,1039
149281,970,1042
149282,970,1042
149283,966,1039
149284,964,1038
149285,962,1039
149286,963,1042
149287,967,1044
149288,966,1044
149289,961,1043
149290,958,1043
149291,959,1048
149292,959,1052
149293,962,1054
149294,962,1055
149295,961,1058
149296,962,1057
149297,962,1057
149298,965,1054
149299,969,1050
149300,967,1048
149301,966,1044
149302,962,1041
149303,963,1045
149304,964,1049
149305,968,1050
149306,970,1046
149307,969,1042
149308,966,1038
149309,966,1037
149310,970,1039
149311,971,1040
149312,974,1035
149313,971,1032
149314,973,1030
149315,974,1027
149316,975,1027
149317,980,1029
149318,977,1027
149319,974,1024
149320,968,1025
149321,971,1030
149322,978,1032
149323,983,1031
149324,986,1030
149325,984,1024
149326,984,1023
149327,987,1023
149328,990,1024
149329,993,1024
149330,994,1023
149331,992,1020
149332,991,1020
149333,993,1023
149334,995,1023
149335,998,1025
149336,998,1025
149337,994,1024
149338,994,1019
149339,996,1018
149340,1002,1011
149341,1005,1009
149342,1004,1007
149343,1003,1006
149344,1000,1007
149345,1002,1011
149346,1004,1014
149347,1005,1015
149348,1006,1014
149349,1006,1013
149350,1006,1015
149351,1010,1011
149352,1012,1007
149353,1018,1005
149354,1020,1005
149355,1018,1003
149356,1015,1010
149357,1012,1010
149358,1014,1016
149359,1015,1019
149360,1016,1020
149361,1012,1020
149362,1009,1022
149363,1008,1025
149364,1007,1031
149365,1011,1034
149366,1008,1034
149367,1006,1037
149368,1002,1035
149369,1000,1037
149370,1002,1038
149371,1006,1036
149372,1004,1032
149373,999,1031
149374,995,1030
149375,992,1038
149376,994,1041
149377,999,1044
149378,998,1045
149379,993,1046
149380,988,1049
149381,987,1051
149382,989,1053
149383,993,1052
149384,992,1048
149385,990,1047
149386,986,1042
149387,986,1043
149388,987,1047
149389,990,1049
149390,988,1046
149391,988,1040
149392,987,1039
149393,985,1043
149394,988,1046
149395,993,1048
149396,993,1044
149397,994,1037
149398,991,1036
149399,995,1035
149400,1000,1039
149401,1004,1044
149402,1006,1046
149403,1008,1047
149404,1012,1049
149405,1017,1053
149406,1025,1053
149407,1030,1050
149408,1033,1048
149409,1036,1048
149410,1043,1050
149411,1055,1050
149412,1073,1043
149413,1092,1032
149414,1107,1012
149415,1122,993
149416,1136,971
149417,1151,955
149418,1170,939
149419,1189,924
149420,1208,900
149421,1227,870
149422,1243,847
149423,1253,833
149424,1269,826
149425,1282,813
149426,1278,807
149427,1273,807
149428,1262,808
149429,1255,811
149430,1248,813
149431,1237,811
149432,1219,807
149433,1194,808
149434,1165,815
149435,1139,824
149436,1113,834
149437,1090,845
149438,1067,857
149439,1049,871
149440,1040,887
149441,1034,903
149442,1037,917
149443,1039,938
149444,1031,947
149445,1026,956
149446,1032,963
149447,1051,974
149448,1077,984
149449,1100,989
149450,1107,991
149451,1088,995
149452,1047,1001
149453,1002,1010
149454,970,1026
149455,952,1045
149456,944,1062
149457,941,1079
149458,935,1085
149459,930,1092
149460,930,1095
149461,929,1095
149462,926,1097
149463,921,1098
149464,916,1099
149465,914,1103
149466,916,1109
149467,917,1109
149468,916,1105
149469,913,1102
149470,908,1104
149471,904,1108
149472,907,1114
149473,908,1120
149474,906,1123
149475,901,1124
149476,896,1125
149477,897,1126
149478,899,1131
149479,899,1132
149480,899,1132
149481,897,1136
149482,888,1137
149483,890,1145
149484,888,1158
149485,892,1161
149486,891,1157
149487,890,1147
149488,888,1141
149489,888,1143
149490,891,1151
149491,893,1157
149492,894,1161
149493,892,1162
149494,890,1168
149495,890,1173
149496,892,1179
149497,899,1185
149498,901,1186
149499,900,1184
149500,898,1183
149501,901,1181
149502,906,1187
149503,910,1187
149504,911,1186
149505,911,1186
149506,909,1182
149507,913,1183
149508,918,1183
149509,921,1186
149510,925,1186
149511,924,1181
149512,925,1176
149513,931,1172
149514,937,1169
149515,943,1164
149516,944,1160
149517,946,1150
149518,946,1144
149519,951,1140
149520,956,1138
149521,962,1134
149522,963,1124
149523,961,1116
149524,962,1114
149525,962,1108
149526,963,1110
149527,968,1108
149528,968,1100
149529,967,1094
149530,966,1088
149531,967,1088
149532,969,1089
149533,973,1086
149534,972,1077
149535,971,1071
149536,965,1067
149537,966,1071
149538,969,1071
149539,972,1068
149540,973,1061
149541,974,1057
149542,972,1058
149543,972,1058
149544,977,1058
149545,982,1056
149546,982,1052
149547,983,1046
149548,981,1044
149549,980,1044
149550,980,1047
149551,981,1047
149552,980,1046
149553,978,1043
149554,977,1040
149555,976,1043
149556,980,1047
149557,984,1048
149558,980,1047
149559,980,1043
149560,976,1045
149561,978,1048
149562,979,1050
149563,984,1049
149564,982,1047
149565,982,1046
149566,979,1046
149567,978,1048
149568,984,1051
149569,988,1055
149570,986,1052
149571,980,1046
149572,977,1041
149573,977,1045
149574,980,1052
149575,984,1052
149576,984,1049
149577,983,1040
149578,981,1036
149579,979,1033
149580,981,1039
149581,983,1042
149582,982,1037
149583,983,1033
149584,981,1031
149585,983,1035
149586,983,1039
149587,983,1043
149588,983,1041
149589,983,1034
149590,979,1029
149591,979,1027
149592,981,1030
149593,983,1030
149594,981,1030
149595,980,1027
149596,975,1029
149597,976,1030
149598,977,1033
149599,981,1036
149600,977,1033
149601,976,1030
149602,975,1031
149603,978,1034
149604,981,1037
149605,982,1037
149606,981,1034
149607,979,1033
149608,978,1033
149609,978,1036
149610,981,1041
149611,986,1042
149612,986,1044
149613,982,1041
149614,982,1040
149615,982,1045
149616,983,1047
149617,985,1050
149618,987,1050
149619,988,1046
149620,986,1042
149621,986,1036
149622,991,1034
149623,992,1034
149624,990,1028
149625,985,1026
149626,983,1027
149627,984,1029
149628,984,1031
149629,987,1035
149630,985,1037
149631,982,1039
149632,980,1040
149633,980,1036
149634,984,1037
149635,987,1035
149636,988,1033
149637,986,1029
149638,980,1027
149639,978,1032
149640,982,1036
149641,985,1037
149642,986,1038
149643,981,1034
149644,980,1031
149645,978,1032
149646,978,1037
149647,983,1040
149648,984,1042
149649,980,1036
149650,977,1030
149651,976,1028
149652,978,1031
149653,982,1033
149654,983,1037
149655,979,1035
149656,977,1037
149657,975,1040
149658,979,1042
149659,979,1041
149660,982,1040
149661,981,1032
149662,980,1031
149663,979,1033
149664,982,1036
149665,986,1038
149666,986,1038
149667,984,1038
149668,982,1041
149669,982,1043
149670,990,1045
149671,994,1044
149672,993,1042
149673,991,1038
149674,987,1038
149675,985,1040
149676,987,1044
149677,987,1043
149678,987,1040
149679,983,1037
149680,981,1037
149681,981,1039
149682,981,1043
149683,983,1044
149684,980,1041
149685,979,1038
149686,977,1038
149687,976,1041
149688,982,1044
149689,983,1040
149690,983,1034
149691,981,1028
149692,976,1030
149693,974,1034
149694,977,1035
149695,980,1032
149696,980,1028
149697,976,1019
149698,974,1018
149699,973,1024
149700,977,1027
149701,979,1029
149702,979,1031
149703,979,1030
149704,977,1032
149705,975,1033
149706,979,1035
149707,983,1036
149708,983,1033
149709,982,1032
149710,981,1032
149711,982,1035
149712,984,1037
149713,988,1035
149714,988,1032
149715,990,1032
149716,989,1031
149717,990,1033
149718,994,1038
149719,996,1040
149720,992,1041
149721,990,1039
149722,991,1040
149723,995,1043
149724,999,1044
149725,1001,1043
149726,1001,1040
149727,1002,1037
149728,998,1035
149729,998,1036
149730,1003,1036
149731,1012,1035
149732,1024,1031
149733,1036,1022
149734,1056,1015
149735,1080,1015
149736,1117,1014
149737,1152,1005
149738,1189,994
149739,1221,984
149740,1249,980
149741,1284,983
149742,1314,995
149743,1326,1013
149744,1314,1024
149745,1275,1027
149746,1214,1027
149747,1153,1033
149748,1097,1042
149749,1041,1053
149750,986,1057
149751,952,1058
149752,944,1058
149753,953,1054
149754,970,1051
149755,985,1043
149756,987,1034
149757,981,1028
149758,975,1028
149759,972,1029
149760,972,1035
149761,972,1038
149762,970,1042
149763,969,1037
149764,969,1034
149765,968,1036
149766,970,1037
149767,973,1038
149768,971,1037
149769,968,1036
149770,963,1041
149771,967,1043
149772,968,1047
149773,970,1041
149774,967,1037
149775,965,1034
149776,963,1033
149777,963,1037
149778,964,1040
149779,966,1044
149780,966,1041
149781,966,1038
149782,962,1037
149783,964,1040
149784,966,1040
149785,968,1040
149786,970,1037
149787,966,1032
149788,964,1030
149789,967,1029
149790,968,1033
149791,970,1033
149792,968,1034
149793,965,1034
149794,964,1034
149795,963,1037
149796,966,1041
149797,969,1039
149798,970,1033
149799,969,1027
149800,965,1024
149801,967,1025
149802,971,1028
149803,972,1032
149804,973,1031
149805,973,1027
149806,970,1023
149807,973,1025
149808,978,1027
149809,980,1029
149810,983,1031
149811,982,1031
149812,979,1031
149813,979,1029
149814,986,1026
149815,992,1022
149816,994,1017
149817,994,1015
149818,993,1013
149819,992,1013
149820,998,1013
149821,1002,1016
149822,1004,1016
149823,1002,1013
149824,999,1013
149825,999,1014
149826,1001,1015
149827,1006,1011
149828,1007,1008
149829,1004,1006
149830,1000,1001
149831,1000,1003
149832,1005,1005
149833,1009,1006
149834,1012,1004
149835,1009,999
149836,1007,998
149837,1011,1000
149838,1018,1005
149839,1023,1004
149840,1023,1004
149841,1023,1001
149842,1018,1002
149843,1019,1005
149844,1024,1012
149845,1030,1011
149846,1031,1008
149847,1028,1003
149848,1026,1007
149849,1024,1008
149850,1027,1014
149851,1028,1016
149852,1023,1015
149853,1021,1017
149854,1017,1020
149855,1015,1025
149856,1016,1034
149857,1016,1042
149858,1017,1043
149859,1011,1038
149860,1005,1031
149861,1005,1025
149862,1006,1027
149863,1005,1032
149864,1003,1036
149865,998,1036
149866,996,1037
149867,995,1040
149868,995,1042
149869,996,1044
149870,994,1043
149871,991,1036
149872,986,1037
149873,984,1042
149874,988,1045
149875,990,1045
149876,988,1041
149877,986,1036
149878,982,1037
149879,983,1045
149880,982,1046
149881,986,1043
149882,989,1036
149883,984,1031
149884,984,1029
149885,984,1033
149886,985,1035
149887,987,1038
149888,990,1037
149889,986,1033
149890,988,1032
149891,987,1033
149892,992,1032
149893,993,1031
149894,993,1030
149895,990,1027
149896,987,1028
149897,990,1030
149898,994,1034
149899,996,1035
149900,997,1031
149901,994,1026
149902,992,1025
149903,994,1025
149904,996,1031
149905,999,1032
149906,1000,1035
149907,997,1033
149908,996,1030
149909,994,1036
149910,995,1042
149911,997,1046
149912,996,1044
149913,992,1042
149914,990,1042
149915,992,1045
149916,991,1048
149917,994,1042
149918,992,1040
149919,990,1040
149920,986,1040
149921,987,1042
149922,991,1044
149923,994,1043
149924,990,1041
149925,989,1039
149926,984,1040
149927,987,1044
149928,987,1044
149929,988,1043
149930,988,1042
149931,985,1043
149932,982,1044
149933,981,1045
149934,985,1049
149935,987,1046
149936,986,1038
149937,984,1033
149938,982,1032
149939,985,1031
149940,988,1037
149941,990,1035
149942,986,1034
149943,982,1033
149944,979,1032
149945,976,1033
149946,981,1038
149947,985,1039
149948,984,1039
149949,981,1035
149950,974,1034
149951,977,1036
149952,980,1038
149953,982,1041
149954,983,1039
149955,978,1037
149956,974,1038
149957,978,1041
149958,977,1044
149959,982,1042
149960,981,1045
149961,978,1045
149962,973,1045
149963,974,1048
149964,977,1048
149965,978,1047
149966,980,1047
149967,975,1048
149968,976,1047
149969,977,1048
149970,981,1048
149971,982,1048
149972,982,1048
149973,979,1044
149974,979,1041
149975,980,1039
149976,982,1041
149977,983,1043
149978,983,1040
149979,979,1037
149980,978,1038
149981,978,1040
149982,980,1044
149983,985,1046
149984,986,1042
149985,985,1039
149986,983,1039
149987,983,1044
149988,987,1045
149989,991,1042
149990,989,1037
149991,993,1030
149992,999,1028
149993,1010,1031
149994,1028,1034
149995,1054,1037
149996,1084,1031
149997,1111,1024
149998,1151,1009
149999,1195,998
150000,1241,995
150001,1282,992
150002,1309,996
150003,1318,1012
150004,1294,1028
150005,1249,1039
150006,1186,1043
150007,1120,1050
150008,1048,1063
150009,983,1076
150010,934,1081
150011,922,1084
150012,933,1084
150013,951,1077
150014,965,1065
150015,967,1054
150016,967,1047
150017,964,1041
150018,964,1045
150019,967,1044
150020,968,1043
150021,963,1043
150022,958,1045
150023,957,1045
150024,961,1046
150025,963,1043
150026,962,1042
150027,961,1039
150028,958,1039
150029,959,1040
150030,959,1043
150031,954,1043
150032,952,1041
150033,951,1041
150034,950,1044
150035,953,1048
150036,955,1051
150037,956,1049
150038,956,1044
150039,953,1044
150040,950,1040
150041,950,1040
150042,954,1046
150043,956,1049
150044,955,1049
150045,952,1040
150046,952,1034
150047,952,1039
150048,953,1044
150049,954,1041
150050,956,1041
150051,953,1038
150052,951,1041
150053,954,1045
150054,955,1048
150055,959,1049
150056,960,1048
150057,956,1042
150058,956,1039
150059,958,1041
150060,960,1041
150061,965,1037
150062,962,1033
150063,962,1031
150064,961,1029
150065,957,1031
150066,959,1036
150067,960,1034
150068,956,1032
150069,957,1028
150070,957,1026
150071,956,1028
150072,960,1032
150073,966,1030
150074,965,1029
150075,964,1024
150076,964,1024
150077,967,1023
150078,973,1022
150079,975,1018
150080,974,1016
150081,969,1013
150082,967,1013
150083,968,1020
150084,972,1021
150085,978,1019
150086,979,1013
150087,977,1007
150088,973,1005
150089,972,1009
150090,976,1010
150091,978,1011
150092,981,1009
150093,979,1007
150094,977,1008
150095,983,1010
150096,986,1013
150097,992,1010
150098,988,1010
150099,982,1006
150100,982,1008
150101,987,1010
150102,990,1011
150103,993,1013
150104,993,1010
150105,993,1010
150106,990,1010
150107,992,1013
150108,992,1014
150109,995,1016
150110,994,1015
150111,991,1015
150112,986,1017
150113,985,1023
150114,984,1025
150115,985,1028
150116,985,1029
150117,981,1028
150118,978,1031
150119,978,1033
150120,977,1037
150121,979,1040
150122,977,1037
150123,975,1030
150124,972,1028
150125,967,1031
150126,973,1037
150127,974,1040
150128,972,1037
150129,970,1038
150130,969,1039
150131,969,1041
150132,969,1044
150133,971,1046
150134,969,1044
150135,968,1042
150136,959,1043
150137,958,1046
150138,964,1047
150139,968,1048
150140,965,1044
150141,966,1046
150142,960,1047
150143,962,1047
150144,965,1050
150145,967,1048
150146,968,1049
150147,966,1047
150148,963,1049
150149,965,1052
150150,968,1057
150151,971,1056
150152,971,1054
150153,970,1052
150154,968,1052
150155,970,1050
150156,971,1049
150157,972,1047
150158,972,1044
150159,973,1042
150160,969,1042
150161,969,1042
150162,971,1042
150163,973,1042
150164,976,1041
150165,974,1039
150166,977,1038
150167,979,1040
150168,984,1041
150169,990,1045
150170,992,1044
150171,987,1046
150172,987,1050
150173,996,1056
150174,1005,1063
150175,1016,1062
150176,1026,1055
150177,1038,1042
150178,1050,1027
150179,1062,1010
150180,1075,999
150181,1092,983
150182,1106,967
150183,1118,947
150184,1131,932
150185,1149,921
150186,1166,905
150187,1181,891
150188,1189,878
150189,1195,865
150190,1198,855
150191,1212,842
150192,1223,834
150193,1226,826
150194,1221,823
150195,1212,821
150196,1206,825
150197,1204,831
150198,1196,837
150199,1190,840
150200,1177,844
150201,1161,850
150202,1140,857
150203,1121,873
150204,1103,879
150205,1085,883
150206,1065,889
150207,1050,900
150208,1039,913
150209,1034,927
150210,1034,940
150211,1034,950
150212,1027,956
150213,1018,963
150214,1013,976
150215,1018,986
150216,1029,997
150217,1044,996
150218,1058,998
150219,1062,994
150220,1049,995
150221,1024,1006
150222,987,1014
150223,953,1024
150224,931,1036
150225,920,1047
150226,916,1062
150227,914,1076
150228,909,1085
150229,908,1085
150230,904,1088
150231,900,1087
150232,891,1092
150233,890,1095
150234,889,1098
150235,890,1099
150236,887,1099
150237,884,1100
150238,878,1101
150239,873,1107
150240,877,1116
150241,879,1114
150242,876,1110
150243,872,1103
150244,870,1100
150245,869,1101
150246,870,1106
150247,870,1110
150248,867,1108
150249,863,1107
150250,860,1107
150251,858,1111
150252,860,1119
150253,861,1121
150254,860,1123
150255,858,1122
150256,857,1126
150257,853,1132
150258,851,1136
150259,854,1138
150260,850,1140
150261,844,1141
150262,842,1144
150263,841,1148
150264,843,1155
150265,843,1159
150266,839,1160
150267,834,1160
150268,833,1164
150269,835,1166
150270,838,1170
150271,842,1173
150272,840,1171
150273,838,1170
150274,835,1169
150275,836,1169
150276,841,1172
150277,845,1171
150278,847,1171
150279,843,1168
150280,841,1167
150281,843,1167
150282,849,1170
150283,854,1169
150284,854,1167
150285,852,1162
150286,853,1162
150287,859,1158
150288,866,1156
150289,874,1152
150290,872,1146
150291,878,1144
150292,882,1137
150293,885,1138
150294,891,1137
150295,896,1135
150296,896,1128
150297,897,1121
150298,902,1111
150299,907,1105
150300,914,1101
150301,919,1093
150302,921,1091
150303,919,1087
150304,922,1085
150305,925,1083
150306,927,1083
150307,931,1075
150308,933,1076
150309,932,1071
150310,932,1070
150311,933,1068
150312,937,1069
150313,940,1068
150314,938,1064
150315,936,1060
150316,930,1058
150317,932,1060
150318,935,1060
150319,938,1062
150320,937,1060
150321,938,1055
150322,937,1054
150323,936,1055
150324,938,1056
150325,940,1053
150326,939,1051
150327,938,1045
150328,935,1045
150329,939,1049
150330,940,1055
150331,942,1058
150332,941,1052
150333,939,1046
150334,936,1044
150335,939,1047
150336,940,1051
150337,944,1049
150338,941,1048
150339,941,1044
150340,938,1045
150341,940,1045
150342,941,1045
150343,944,1045
150344,943,1043
150345,940,1038
150346,938,1041
150347,942,1047
150348,946,1054
150349,951,1053
150350,951,1051
150351,948,1046
150352,943,1046
150353,947,1048
150354,948,1047
150355,951,1048
150356,950,1045
150357,949,1042
150358,951,1039
150359,949,1043
150360,951,1047
150361,955,1046
150362,955,1043
150363,953,1039
150364,952,1037
150365,954,1040
150366,956,1041
150367,958,1040
150368,956,1042
150369,955,1037
150370,953,1037
150371,954,1041
150372,954,1041
150373,960,1043
150374,956,1041
150375,953,1036
150376,951,1037
150377,951,1043
150378,953,1048
150379,958,1050
150380,957,1045
150381,955,1038
150382,953,1037
150383,954,1036
150384,956,1039
150385,958,1042
150386,955,1042
150387,954,1042
150388,953,1041
150389,949,1043
150390,951,1043
150391,952,1040
150392,951,1037
150393,947,1036
150394,944,1037
150395,947,1039
150396,950,1039
150397,952,1037
150398,950,1035
150399,949,1034
150400,946,1035
150401,947,1036
150402,949,1039
150403,952,1042
150404,950,1040
150405,950,1038
150406,949,1037
150407,950,1039
150408,950,1040
150409,952,1040
150410,952,1037
150411,950,1037
150412,948,1039
150413,948,1040
150414,950,1042
150415,954,1041
150416,956,1038
150417,950,1039
150418,949,1039
150419,949,1045
150420,950,1045
150421,954,1044
150422,952,1040
150423,952,1035
150424,951,1035
150425,950,1036
150426,953,1039
150427,954,1043
150428,952,1042
150429,952,1039
150430,949,1038
150431,950,1042
150432,951,1044
150433,955,1045
150434,954,1045
150435,948,1042
150436,945,1042
150437,945,1048
150438,948,1053
150439,952,1052
150440,953,1051
150441,951,1047
150442,946,1044
150443,947,1044
150444,948,1045
150445,951,1043
150446,951,1039
150447,947,1035
150448,944,1031
150449,946,1033
150450,948,1035
150451,947,1032
150452,947,1033
150453,942,1033
150454,942,1034
150455,946,1033
150456,948,1034
150457,950,1037
150458,947,1033
150459,945,1033
150460,944,1031
150461,946,1031
150462,950,1035
150463,950,1034
150464,946,1032
150465,946,1027
150466,946,1028
150467,948,1033
150468,952,1034
150469,956,1033
150470,954,1030
150471,949,1029
150472,948,1031
150473,948,1032
150474,951,1035
150475,953,1035
150476,952,1035
150477,949,1034
150478,946,1036
150479,950,1041
150480,950,1044
150481,954,1043
150482,952,1040
150483,951,1037
150484,948,1038
150485,948,1041
150486,950,1045
150487,953,1046
150488,953,1043
150489,949,1042
150490,947,1042
150491,949,1043
150492,955,1046
150493,956,1048
150494,952,1049
150495,950,1048
150496,951,1049
150497,949,1054
150498,953,1052
150499,955,1046
150500,955,1040
150501,954,1030
150502,954,1026
150503,955,1031
150504,958,1034
150505,962,1033
150506,962,1027
150507,962,1025
150508,962,1024
150509,965,1025
150510,971,1025
150511,977,1022
150512,985,1019
150513,990,1014
150514,1001,1013
150515,1014,1013
150516,1034,1017
150517,1055,1014
150518,1082,1009
150519,1106,995
150520,1134,987
150521,1166,984
150522,1194,986
150523,1216,992
150524,1231,1004
150525,1231,1016
150526,1220,1028
150527,1193,1034
150528,1157,1037
150529,1116,1042
150530,1072,1049
150531,1024,1057
150532,984,1069
150533,957,1078
150534,949,1080
150535,951,1077
150536,952,1063
150537,951,1049
150538,950,1044
150539,950,1037
150540,951,1038
150541,952,1034
150542,949,1032
150543,945,1030
150544,940,1030
150545,940,1036
150546,941,1036
150547,942,1036
150548,938,1036
150549,936,1033
150550,931,1032
150551,931,1036
150552,933,1042
150553,933,1047
150554,935,1049
150555,932,1043
150556,931,1039
150557,932,1039
150558,935,1032
150559,938,1028
150560,937,1025
150561,934,1023
150562,932,1026
150563,933,1028
150564,936,1033
150565,941,1033
150566,937,1032
150567,939,1027
150568,936,1026
150569,938,1029
150570,941,1030
150571,944,1030
150572,942,1028
150573,942,1027
150574,939,1028
150575,942,1031
150576,946,1035
150577,949,1035
150578,948,1032
150579,944,1034
150580,943,1036
150581,945,1040
150582,949,1047
150583,952,1047
150584,952,1043
150585,950,1036
150586,950,1034
150587,951,1032
150588,953,1034
150589,954,1031
150590,954,1026
150591,951,1022
150592,950,1020
150593,949,1021
150594,950,1021
150595,955,1020
150596,954,1017
150597,951,1013
150598,949,1012
150599,949,1013
150600,955,1015
150601,957,1014
150602,954,1010
150603,955,1006
150604,952,1007
150605,955,1006
150606,957,1008
150607,960,1007
150608,957,1002
150609,960,998
150610,959,999
150611,963,1000
150612,964,1001
150613,967,999
150614,966,998
150615,965,996
150616,963,997
150617,967,998
150618,970,1002
150619,975,999
150620,974,996
150621,975,994
150622,972,1003
150623,975,1012
150624,978,1017
150625,984,1017
150626,985,1012
150627,985,998
150628,987,987
150629,989,985
150630,995,984
150631,997,983
150632,995,984
150633,992,990
150634,992,1000
150635,994,1008
150636,998,1012
150637,1002,1008
150638,1001,1007
150639,999,1004
150640,993,1003
150641,996,1007
150642,998,1007
150643,995,1010
150644,992,1011
150645,986,1009
150646,982,1014
150647,982,1018
150648,979,1025
150649,981,1025
150650,977,1026
150651,973,1026
150652,967,1029
150653,968,1032
150654,969,1036
150655,968,1035
150656,964,1032
150657,959,1034
150658,959,1036
150659,956,1037
150660,960,1041
150661,962,1041
150662,958,1038
150663,955,1035
150664,951,1037
150665,954,1040
150666,957,1041
150667,959,1041
150668,959,1040
150669,957,1036
150670,956,1037
150671,956,1041
150672,959,1045
150673,962,1043
150674,964,1042
150675,961,1041
150676,960,1039
150677,963,1044
150678,964,1043
150679,968,1044
150680,969,1042
150681,965,1040
150682,963,1040
150683,967,1041
150684,967,1040
150685,971,1039
150686,974,1034
150687,968,1030
150688,967,1028
150689,970,1030
150690,973,1033
150691,974,1032
150692,971,1029
150693,969,1029
150694,967,1033
150695,969,1038
150696,970,1041
150697,973,1036
150698,970,1030
150699,968,1026
150700,964,1027
150701,967,1028
150702,967,1029
150703,969,1028
150704,969,1024
150705,967,1022
150706,965,1020
150707,966,1025
150708,966,1027
150709,969,1024
150710,967,1022
150711,965,1016
150712,964,1018
150713,965,1020
150714,965,1021
150715,966,1020
150716,966,1018
150717,964,1019
150718,960,1020
150719,961,1025
150720,965,1028
150721,967,1031
150722,966,1032
150723,960,1028
150724,959,1031
150725,959,1033
150726,964,1036
150727,966,1037
150728,965,1036
150729,962,1035
150730,960,1038
150731,963,1044
150732,964,1045
150733,968,1046
150734,964,1042
150735,963,1035
150736,958,1034
150737,962,1034
150738,964,1034
150739,967,1030
150740,969,1024
150741,965,1024
150742,962,1025
150743,964,1029
150744,963,1032
150745,966,1031
150746,965,1029
150747,960,1023
150748,960,1024
150749,960,1027
150750,963,1035
150751,966,1038
150752,962,1039
150753,961,1040
150754,957,1042
150755,957,1040
150756,961,1033
150757,962,1027
150758,959,1024
150759,956,1028
150760,955,1029
150761,954,1032
150762,958,1033
150763,960,1034
150764,957,1031
150765,952,1030
150766,953,1029
150767,953,1035
150768,955,1040
150769,959,1038
150770,959,1035
150771,955,1033
150772,952,1028
150773,957,1029
150774,960,1031
150775,962,1029
150776,961,1029
150777,959,1027
150778,957,1026
150779,959,1028
150780,962,1030
150781,965,1029
150782,963,1028
150783,960,1030
150784,960,1027
150785,962,1031
150786,965,1034
150787,969,1035
150788,967,1032
150789,962,1028
150790,960,1029
150791,965,1039
150792,966,1045
150793,970,1042
150794,975,1038
150795,973,1037
150796,973,1042
150797,978,1046
150798,984,1042
150799,995,1025
150800,1006,1013
150801,1015,1006
150802,1032,1007
150803,1055,1015
150804,1083,1016
150805,1114,1006
150806,1145,988
150807,1172,973
150808,1201,971
150809,1231,974
150810,1253,988
150811,1265,1004
150812,1248,1012
150813,1214,1016
150814,1167,1023
150815,1117,1034
150816,1068,1049
150817,1019,1058
150818,975,1063
150819,949,1064
150820,943,1066
150821,949,1061
150822,958,1055
150823,962,1046
150824,960,1038
150825,957,1037
150826,953,1038
150827,953,1041
150828,955,1039
150829,956,1040
150830,954,1039
150831,951,1036
150832,950,1034
150833,949,1034
150834,951,1035
150835,950,1036
150836,951,1034
150837,943,1037
150838,943,1043
150839,943,1046
150840,945,1046
150841,949,1037
150842,948,1031
150843,943,1026
150844,942,1029
150845,942,1035
150846,945,1035
150847,948,1033
150848,946,1035
150849,943,1033
150850,943,1034
150851,944,1036
150852,945,1036
150853,949,1033
150854,949,1028
150855,944,1024
150856,940,1024
150857,942,1030
150858,945,1031
150859,948,1031
150860,948,1033
150861,944,1035
150862,943,1034
150863,943,1034
150864,949,1036
150865,947,1035
150866,947,1033
150867,944,1032
150868,943,1032
150869,945,1030
150870,949,1031
150871,952,1027
150872,950,1026
150873,949,1029
150874,948,1032
150875,947,1034
150876,952,1032
150877,956,1027
150878,958,1021
150879,959,1017
150880,956,1016
150881,960,1017
150882,961,1019
150883,966,1019
150884,967,1019
150885,966,1018
150886,968,1014
150887,969,1013
150888,974,1009
150889,979,1005
150890,975,1003
150891,975,1004
150892,976,1000
150893,978,1002
150894,983,1005
150895,985,1005
150896,984,1004
150897,983,1001
150898,980,1000
150899,982,999
150900,983,1002
150901,987,1006
150902,988,1004
150903,983,1002
150904,983,1004
150905,989,1003
150906,993,1007
150907,994,1008
150908,991,1010
150909,990,1015
150910,989,1022
150911,991,1019
150912,995,1008
150913,997,1000
150914,996,996
150915,993,998
150916,991,1006
150917,989,1015
150918,990,1020
150919,992,1016
150920,989,1015
150921,987,1015
150922,984,1016
150923,982,1021
150924,982,1026
150925,981,1029
150926,978,1033
150927,974,1034
150928,971,1033
150929,972,1029
150930,972,1028
150931,974,1022
150932,969,1022
150933,966,1019
150934,963,1024
150935,967,1030
150936,968,1034
150937,971,1032
150938,966,1032
150939,962,1030
150940,962,1033
150941,962,1035
150942,965,1039
150943,966,1038
150944,965,1036
150945,960,1033
150946,958,1035
150947,958,1035
150948,963,1041
150949,963,1038
150950,960,1037
150951,958,1034
150952,956,1033
150953,957,1037
150954,964,1037
150955,964,1037
150956,963,1036
150957,964,1034
150958,963,1032
150959,964,1037
150960,968,1043
150961,970,1043
150962,970,1041
150963,968,1034
150964,967,1032
150965,973,1032
150966,973,1033
150967,974,1034
150968,972,1033
150969,970,1030
150970,967,1034
150971,966,1042
150972,969,1055
150973,973,1063
150974,971,1060
150975,970,1044
150976,969,1029
150977,971,1019
150978,974,1018
150979,976,1016
150980,974,1016
150981,971,1015
150982,972,1020
150983,970,1025
150984,970,1029
150985,974,1030
150986,971,1030
150987,970,1027
150988,967,1027
150989,967,1031
150990,969,1032
150991,968,1033
150992,967,1033
150993,965,1029
150994,963,1030
150995,965,1033
150996,966,1037
150997,968,1035
150998,969,1033
150999,966,1030
151000,965,1031
151001,965,1035
151002,965,1037
151003,968,1038
151004,966,1038
151005,962,1033
151006,963,1035
151007,964,1036
151008,969,1038
151009,968,1037
151010,965,1035
151011,960,1033
151012,961,1034
151013,961,1036
151014,965,1038
151015,969,1038
151016,965,1034
151017,962,1031
151018,961,1035
151019,963,1033
151020,966,1033
151021,970,1033
151022,967,1030
151023,965,1032
151024,965,1038
151025,967,1040
151026,971,1039
151027,975,1026
151028,976,1015
151029,970,1013
151030,969,1016
151031,969,1022
151032,970,1026
151033,972,1025
151034,974,1022
151035,970,1019
151036,970,1017
151037,969,1023
151038,970,1024
151039,969,1024
151040,970,1025
151041,965,1025
151042,962,1025
151043,966,1027
151044,967,1029
151045,970,1029
151046,969,1028
151047,966,1026
151048,967,1028
151049,968,1032
151050,970,1035
151051,971,1034
151052,969,1033
151053,963,1034
151054,959,1030
151055,958,1033
151056,966,1036
151057,968,1034
151058,966,1029
151059,963,1028
151060,960,1031
151061,962,1032
151062,965,1036
151063,964,1033
151064,964,1031
151065,961,1030
151066,960,1029
151067,961,1033
151068,962,1034
151069,964,1034
151070,961,1031
151071,961,1029
151072,959,1033
151073,962,1038
151074,963,1038
151075,967,1038
151076,964,1037
151077,963,1035
151078,961,1036
151079,961,1039
151080,965,1047
151081,971,1044
151082,968,1040
151083,967,1032
151084,970,1027
151085,973,1027
151086,974,1030
151087,979,1027
151088,980,1027
151089,980,1022
151090,978,1022
151091,977,1024
151092,980,1027
151093,986,1028
151094,990,1024
151095,995,1019
151096,1005,1016
151097,1022,1016
151098,1043,1019
151099,1069,1015
151100,1095,1005
151101,1125,994
151102,1158,984
151103,1197,983
151104,1238,985
151105,1270,994
151106,1281,1006
151107,1277,1020
151108,1246,1032
151109,1193,1041
151110,1135,1044
151111,1079,1051
151112,1020,1055
151113,972,1061
151114,942,1068
151115,938,1071
151116,954,1061
151117,970,1037
151118,972,1015
151119,966,1005
151120,956,1005
151121,956,1013
151122,960,1019
151123,959,1019
151124,955,1013
151125,953,1013
151126,948,1012
151127,947,1019
151128,951,1022
151129,956,1022
151130,956,1020
151131,953,1020
151132,949,1023
151133,947,1027
151134,948,1032
151135,951,1032
151136,950,1029
151137,948,1026
151138,947,1029
151139,946,1031
151140,953,1035
151141,953,1034
151142,949,1033
151143,949,1032
151144,948,1032
151145,950,1036
151146,955,1038
151147,958,1041
151148,956,1038
151149,955,1037
151150,954,1034
151151,955,1036
151152,959,1035
151153,959,1034
151154,956,1033
151155,954,1033
151156,955,1032
151157,953,1035
151158,956,1037
151159,958,1034
151160,957,1029
151161,953,1023
151162,952,1026
151163,956,1028
151164,960,1028
151165,962,1024
151166,962,1021
151167,961,1017
151168,960,1012
151169,964,1015
151170,968,1016
151171,967,1014
151172,964,1011
151173,966,1012
151174,970,1011
151175,974,1012
151176,976,1013
151177,980,1008
151178,977,1003
151179,974,996
151180,974,991
151181,976,995
151182,980,996
151183,981,994
151184,984,994
151185,983,990
151186,981,993
151187,983,995
151188,988,1002
151189,991,999
151190,988,995
151191,987,993
151192,987,994
151193,994,995
151194,997,997
151195,999,998
151196,999,994
151197,998,991
151198,997,993
151199,1001,999
151200,1006,1004
151201,1006,1001
151202,1005,1001
151203,1006,997
151204,1006,1000
151205,1004,1005
151206,1006,1009
151207,1005,1011
151208,999,1010
151209,994,1011
151210,995,1013
151211,992,1018
151212,989,1022
151213,989,1020
151214,983,1019
151215,981,1015
151216,981,1017
151217,979,1017
151218,979,1021
151219,976,1016
151220,968,1017
151221,967,1017
151222,965,1023
151223,969,1025
151224,970,1026
151225,971,1028
151226,970,1026
151227,966,1027
151228,963,1028
151229,967,1031
151230,968,1035
151231,969,1033
151232,968,1032
151233,965,1033
151234,963,1037
151235,966,1039
151236,970,1039
151237,976,1037
151238,981,1036
151239,982,1038
151240,984,1041
151241,987,1047
151242,994,1052
151243,1002,1050
151244,1009,1046
151245,1011,1043
151246,1016,1043
151247,1030,1043
151248,1049,1038
151249,1067,1025
151250,1078,1003
151251,1088,982
151252,1101,974
151253,1119,961
151254,1141,948
151255,1159,931
151256,1172,909
151257,1183,887
151258,1201,869
151259,1222,854
151260,1244,839
151261,1261,820
151262,1266,808
151263,1262,807
151264,1254,809
151265,1250,814
151266,1246,819
151267,1238,822
151268,1226,828
151269,1206,830
151270,1184,831
151271,1157,840
151272,1131,849
151273,1105,860
151274,1081,867
151275,1055,876
151276,1037,890
151277,1028,908
151278,1026,922
151279,1025,930
151280,1017,935
151281,1009,941
151282,1008,954
151283,1017,969
151284,1035,982
151285,1050,986
151286,1054,986
151287,1048,989
151288,1032,998
151289,1002,1012
151290,972,1023
151291,948,1033
151292,929,1041
151293,920,1049
151294,915,1058
151295,913,1066
151296,911,1072
151297,908,1071
151298,901,1073
151299,894,1074
151300,889,1080
151301,887,1084
151302,888,1089
151303,884,1087
151304,882,1085
151305,878,1089
151306,871,1094
151307,872,1099
151308,879,1099
151309,880,1097
151310,877,1092
151311,873,1091
151312,869,1096
151313,868,1098
151314,867,1101
151315,869,1101
151316,868,1102
151317,862,1106
151318,861,1108
151319,861,1112
151320,860,1117
151321,863,1117
151322,862,1116
151323,859,1117
151324,858,1123
151325,858,1125
151326,855,1129
151327,859,1130
151328,860,1133
151329,856,1134
151330,857,1139
151331,860,1142
151332,863,1140
151333,865,1140
151334,864,1140
151335,862,1140
151336,862,1148
151337,861,1154
151338,865,1158
151339,869,1153
151340,869,1151
151341,867,1149
151342,866,1149
151343,871,1153
151344,874,1155
151345,875,1154
151346,881,1146
151347,882,1140
151348,883,1137
151349,889,1131
151350,894,1132
151351,898,1130
151352,902,1130
151353,900,1127
151354,905,1126
151355,911,1125
151356,919,1123
151357,925,1115
151358,922,1105
151359,925,1101
151360,928,1102
151361,932,1099
151362,936,1096
151363,941,1091
151364,944,1084
151365,940,1077
151366,940,1078
151367,944,1078
151368,947,1076
151369,948,1073
151370,948,1069
151371,948,1058
151372,948,1051
151373,952,1048
151374,952,1046
151375,954,1044
151376,954,1041
151377,951,1033
151378,948,1037
151379,949,1040
151380,954,1044
151381,957,1045
151382,955,1043
151383,951,1034
151384,951,1030
151385,951,1031
151386,956,1032
151387,957,1029
151388,956,1031
151389,950,1028
151390,953,1028
151391,954,1032
151392,957,1032
151393,958,1036
151394,959,1035
151395,953,1033
151396,953,1035
151397,958,1039
151398,963,1042
151399,961,1041
151400,958,1035
151401,961,1034
151402,958,1034
151403,961,1037
151404,963,1038
151405,965,1040
151406,965,1035
151407,963,1029
151408,962,1033
151409,964,1034
151410,968,1036
151411,971,1036
151412,967,1035
151413,962,1035
151414,961,1037
151415,965,1044
151416,969,1046
151417,969,1043
151418,971,1038
151419,965,1030
151420,965,1029
151421,967,1034
151422,970,1042
151423,970,1037
151424,965,1033
151425,964,1029
151426,963,1029
151427,964,1029
151428,967,1031
151429,965,1032
151430,962,1034
151431,959,1034
151432,958,1044
151433,958,1044
151434,961,1047
151435,963,1040
151436,964,1033
151437,960,1028
151438,959,1028
151439,961,1032
151440,964,1035
151441,966,1038
151442,965,1034
151443,960,1035
151444,960,1040
151445,963,1044
151446,968,1044
151447,968,1038
151448,962,1032
151449,962,1034
151450,959,1038
151451,961,1039
151452,966,1042
151453,966,1043
151454,966,1039
151455,962,1033
151456,962,1030
151457,963,1030
151458,966,1033
151459,965,1034
151460,965,1031
151461,961,1031
151462,962,1035
151463,961,1038
151464,963,1041
151465,964,1039
151466,964,1035
151467,961,1033
151468,962,1030
151469,964,1031
151470,966,1033
151471,965,1029
151472,962,1031
151473,959,1027
151474,959,1031
151475,960,1031
151476,960,1037
151477,964,1035
151478,963,1031
151479,958,1034
151480,959,1039
151481,960,1042
151482,962,1045
151483,963,1047
151484,964,1044
151485,960,1037
151486,963,1034
151487,963,1033
151488,967,1031
151489,966,1034
151490,963,1033
151491,960,1034
151492,959,1039
151493,962,1044
151494,966,1047
151495,966,1045
151496,969,1040
151497,966,1034
151498,965,1035
151499,967,1037
151500,968,1039
151501,970,1036
151502,969,1031
151503,965,1030
151504,964,1033
151505,966,1035
151506,968,1037
151507,970,1038
151508,969,1034
151509,968,1035
151510,966,1035
151511,967,1040
151512,968,1040
151513,970,1038
151514,968,1033
151515,964,1029
151516,961,1031
151517,963,1033
151518,964,1035
151519,965,1033
151520,965,1030
151521,965,1027
151522,963,1030
151523,967,1035
151524,966,1042
151525,967,1043
151526,966,1045
151527,964,1040
151528,962,1039
151529,965,1041
151530,968,1041
151531,970,1041
151532,969,1039
151533,966,1039
151534,965,1044
151535,968,1045
151536,970,1043
151537,972,1043
151538,968,1038
151539,965,1033
151540,966,1034
151541,967,1034
151542,971,1035
151543,974,1033
151544,971,1029
151545,969,1028
151546,969,1031
151547,969,1033
151548,973,1037
151549,973,1037
151550,969,1039
151551,970,1037
151552,970,1036
151553,972,1036
151554,973,1036
151555,975,1036
151556,972,1032
151557,969,1030
151558,967,1031
151559,968,1033
151560,971,1037
151561,972,1037
151562,971,1032
151563,971,1032
151564,969,1035
151565,968,1040
151566,971,1046
151567,971,1042
151568,972,1038
151569,969,1030
151570,969,1029
151571,972,1030
151572,974,1035
151573,975,1040
151574,974,1041
151575,974,1039
151576,974,1038
151577,974,1034
151578,978,1031
151579,978,1030
151580,979,1028
151581,978,1037
151582,978,1041
151583,984,1045
151584,986,1039
151585,990,1032
151586,986,1024
151587,989,1021
151588,996,1021
151589,1009,1021
151590,1027,1023
151591,1054,1020
151592,1077,1015
151593,1106,1012
151594,1142,1007
151595,1183,999
151596,1223,993
151597,1260,991
151598,1292,990
151599,1314,1000
151600,1313,1014
151601,1292,1027
151602,1247,1033
151603,1181,1035
151604,1116,1038
151605,1050,1043
151606,997,1047
151607,963,1052
151608,955,1054
151609,963,1050
151610,971,1038
151611,974,1031
151612,971,1027
151613,970,1028
151614,970,1032
151615,969,1031
151616,965,1031
151617,961,1033
151618,957,1038
151619,959,1039
151620,962,1037
151621,962,1034
151622,959,1034
151623,952,1030
151624,952,1036
151625,954,1042
151626,956,1050
151627,957,1046
151628,953,1039
151629,952,1030
151630,951,1029
151631,955,1032
151632,959,1032
151633,960,1029
151634,958,1026
151635,955,1026
151636,953,1028
151637,955,1034
151638,959,1039
151639,957,1039
151640,955,1036
151641,954,1034
151642,955,1035
151643,960,1038
151644,962,1040
151645,964,1039
151646,958,1036
151647,955,1034
151648,954,1035
151649,957,1038
151650,959,1041
151651,962,1040
151652,958,1039
151653,955,1036
151654,955,1037
151655,957,1036
151656,961,1037
151657,962,1036
151658,961,1030
151659,960,1030
151660,962,1031
151661,963,1033
151662,969,1035
151663,968,1032
151664,967,1031
151665,967,1030
151666,969,1033
151667,970,1033
151668,974,1036
151669,975,1033
151670,977,1029
151671,975,1028
151672,974,1030
151673,977,1030
151674,983,1028
151675,985,1022
151676,984,1015
151677,984,1011
151678,984,1013
151679,988,1012
151680,991,1019
151681,991,1014
151682,992,1008
151683,990,1005
151684,991,1005
151685,993,1010
151686,1000,1011
151687,1001,1009
151688,1000,1006
151689,995,1004
151690,998,1004
151691,1003,1006
151692,1007,1008
151693,1009,1007
151694,1008,1008
151695,1008,1005
151696,1005,1006
151697,1006,1008
151698,1009,1011
151699,1013,1011
151700,1013,1013
151701,1013,1013
151702,1010,1014
151703,1013,1016
151704,1015,1020
151705,1017,1018
151706,1017,1017
151707,1015,1015
151708,1011,1021
151709,1011,1023
151710,1014,1028
151711,1013,1031
151712,1011,1026
151713,1003,1027
151714,1000,1037
151715,995,1042
151716,995,1049
151717,998,1044
151718,996,1038
151719,995,1025
151720,990,1021
151721,991,1018
151722,990,1021
151723,990,1022
151724,985,1020
151725,980,1021
151726,979,1023
151727,976,1026
151728,979,1032
151729,976,1030
151730,974,1031
151731,971,1028
151732,970,1030
151733,972,1030
151734,974,1036
151735,974,1037
151736,975,1034
151737,972,1033
151738,971,1037
151739,973,1038
151740,978,1041
151741,978,1042
151742,976,1041
151743,975,1039
151744,976,1042
151745,978,1041
151746,979,1045
151747,979,1044
151748,980,1039
151749,975,1038
151750,977,1040
151751,981,1044
151752,984,1047
151753,986,1044
151754,983,1038
151755,984,1032
151756,983,1032
151757,986,1032
151758,991,1033
151759,991,1032
151760,989,1030
151761,988,1030
151762,986,1035
151763,990,1033
151764,993,1033
151765,994,1029
151766,992,1023
151767,989,1021
151768,987,1020
151769,986,1017
151770,990,1022
151771,991,1018
151772,989,1018
151773,986,1015
151774,984,1018
151775,984,1020
151776,985,1024
151777,984,1026
151778,981,1025
151779,982,1024
151780,978,1028
151781,978,1030
151782,982,1031
151783,983,1028
151784,983,1025
151785,982,1022
151786,980,1025
151787,984,1029
151788,983,1030
151789,986,1029
151790,986,1030
151791,982,1029
151792,979,1028
151793,978,1032
151794,983,1034
151795,983,1032
151796,982,1030
151797,978,1029
151798,979,1031
151799,980,1035
151800,985,1036
151801,986,1037
151802,986,1035
151803,983,1036
151804,983,1037
151805,986,1037
151806,988,1036
151807,988,1034
151808,985,1030
151809,983,1031
151810,982,1032
151811,986,1038
151812,985,1041
151813,988,1035
151814,988,1032
151815,986,1026
151816,987,1023
151817,989,1022
151818,990,1019
151819,990,1016
151820,987,1013
151821,985,1011
151822,984,1017
151823,986,1020
151824,986,1023
151825,990,1020
151826,986,1020
151827,985,1019
151828,985,1020
151829,989,1019
151830,1001,1019
151831,1011,1016
151832,1023,1013
151833,1038,1008
151834,1064,1011
151835,1098,1013
151836,1139,1007
151837,1178,999
151838,1222,989
151839,1259,983
151840,1297,988
151841,1329,1000
151842,1338,1016
151843,1316,1029
151844,1266,1025
151845,1206,1028
151846,1139,1037
151847,1065,1049
151848,1003,1057
151849,961,1058
151850,943,1053
151851,952,1047
151852,966,1040
151853,978,1037
151854,983,1033
151855,984,1029
151856,981,1027
151857,975,1026
151858,973,1025
151859,975,1026
151860,976,1027
151861,975,1023
151862,972,1020
151863,968,1014
151864,969,1015
151865,968,1016
151866,972,1021
151867,971,1022
151868,970,1020
151869,968,1017
151870,967,1021
151871,968,1025
151872,972,1028
151873,972,1028
151874,969,1027
151875,964,1025
151876,964,1026
151877,964,1029
151878,968,1032
151879,967,1030
151880,963,1027
151881,962,1027
151882,959,1028
151883,961,1034
151884,965,1039
151885,966,1040
151886,965,1036
151887,962,1035
151888,962,1036
151889,964,1036
151890,969,1036
151891,969,1030
151892,970,1025
151893,967,1028
151894,964,1035
151895,969,1032
151896,971,1031
151897,971,1026
151898,969,1023
151899,968,1017
151900,967,1018
151901,973,1019
151902,974,1022
151903,974,1023
151904,972,1021
151905,970,1015
151906,970,1015
151907,976,1014
151908,981,1015
151909,982,1012
151910,984,1010
151911,982,1009
151912,980,1007
151913,986,1005
151914,991,1004
151915,992,1000
151916,993,997
151917,990,995
151918,993,997
151919,998,999
151920,1003,1000
151921,1002,999
151922,1003,998
151923,1002,993
151924,1002,995
151925,1006,999
151926,1009,1001
151927,1011,999
151928,1010,996
151929,1007,994
151930,1007,993
151931,1011,993
151932,1014,996
151933,1014,995
151934,1013,995
151935,1012,990
151936,1011,993
151937,1016,993
151938,1015,998
151939,1013,997
151940,1014,995
151941,1012,997
151942,1012,1000
151943,1013,998
151944,1016,998
151945,1015,1000
151946,1010,1000
151947,1004,1004
151948,1001,1014
151949,1002,1017
151950,1004,1017
151951,1006,1008
151952,1002,997
151953,997,994
151954,996,1000
151955,995,1007
151956,994,1014
151957,995,1018
151958,990,1019
151959,986,1016
151960,986,1016
151961,989,1016
151962,989,1021
151963,989,1020
151964,984,1020
151965,981,1022
151966,980,1023
151967,981,1027
151968,984,1031
151969,981,1027
151970,980,1027
151971,978,1027
151972,978,1031
151973,980,1034
151974,981,1037
151975,980,1035
151976,976,1035
151977,976,1032
151978,977,1034
151979,980,1036
151980,985,1037
151981,986,1037
151982,985,1031
151983,981,1028
151984,980,1027
151985,982,1030
151986,985,1036
151987,988,1036
151988,985,1030
151989,983,1025
151990,982,1029
151991,986,1030
151992,985,1032
151993,984,1032
151994,985,1031
151995,984,1025
151996,982,1020
151997,984,1016
151998,988,1019
151999,991,1023
152000,988,1021
152001,986,1018
152002,988,1017
152003,989,1017
152004,994,1021
152005,995,1024
152006,994,1024
152007,990,1023
152008,990,1025
152009,992,1025
152010,994,1021
152011,997,1016
152012,990,1012
152013,992,1013
152014,988,1017
152015,992,1022
152016,993,1025
152017,993,1026
152018,990,1023
152019,987,1021
152020,985,1024
152021,984,1028
152022,986,1028
152023,988,1030
152024,986,1028
152025,982,1026
152026,980,1029
152027,982,1029
152028,985,1035
152029,986,1033
152030,982,1033
152031,982,1031
152032,981,1031
152033,983,1031
152034,986,1030
152035,985,1029
152036,984,1030
152037,980,1028
152038,980,1025
152039,979,1030
152040,983,1030
152041,982,1028
152042,980,1024
152043,976,1020
152044,976,1025
152045,979,1025
152046,982,1027
152047,983,1028
152048,979,1026
152049,976,1021
152050,980,1018
152051,981,1020
152052,982,1022
152053,982,1022
152054,984,1020
152055,982,1023
152056,983,1025
152057,988,1026
152058,990,1026
152059,989,1025
152060,985,1020
152061,980,1018
152062,983,1023
152063,985,1027
152064,993,1030
152065,990,1029
152066,987,1027
152067,984,1025
152068,986,1027
152069,986,1034
152070,986,1037
152071,982,1038
152072,981,1034
152073,979,1033
152074,979,1032
152075,984,1035
152076,984,1036
152077,985,1029
152078,984,1027
152079,978,1027
152080,979,1029
152081,977,1032
152082,980,1033
152083,979,1027
152084,975,1024
152085,975,1023
152086,975,1027
152087,976,1031
152088,978,1032
152089,983,1032
152090,981,1026
152091,981,1020
152092,981,1022
152093,982,1025
152094,988,1026
152095,989,1022
152096,987,1017
152097,986,1011
152098,984,1011
152099,986,1014
152100,987,1018
152101,987,1019
152102,986,1019
152103,985,1019
152104,988,1022
152105,992,1025
152106,994,1028
152107,996,1028
152108,995,1027
152109,991,1026
152110,994,1026
152111,995,1028
152112,998,1028
152113,1000,1028
152114,997,1026
152115,995,1028
152116,991,1030
152117,992,1031
152118,995,1036
152119,995,1037
152120,994,1034
152121,988,1031
152122,990,1033
152123,993,1035
152124,995,1039
152125,998,1033
152126,996,1026
152127,993,1021
152128,992,1025
152129,995,1029
152130,997,1031
152131,995,1030
152132,991,1029
152133,989,1029
152134,990,1035
152135,992,1035
152136,993,1037
152137,994,1030
152138,991,1025
152139,989,1017
152140,991,1020
152141,994,1023
152142,995,1025
152143,996,1025
152144,997,1022
152145,994,1019
152146,994,1015
152147,1003,1012
152148,1017,1012
152149,1029,1008
152150,1046,1006
152151,1064,1007
152152,1092,1004
152153,1124,1005
152154,1166,1000
152155,1205,992
152156,1242,983
152157,1278,981
152158,1317,986
152159,1338,997
152160,1337,1017
152161,1310,1023
152162,1269,1024
152163,1222,1024
152164,1169,1029
152165,1121,1041
152166,1070,1052
152167,1018,1057
152168,977,1061
152169,960,1063
152170,966,1061
152171,984,1053
152172,997,1044
152173,999,1036
152174,994,1034
152175,988,1034
152176,983,1035
152177,984,1038
152178,985,1038
152179,987,1033
152180,983,1030
152181,979,1025
152182,977,1029
152183,980,1031
152184,983,1028
152185,980,1026
152186,978,1028
152187,978,1029
152188,972,1032
152189,972,1034
152190,977,1035
152191,976,1031
152192,975,1026
152193,970,1024
152194,970,1024
152195,970,1027
152196,975,1029
152197,975,1030
152198,975,1029
152199,973,1024
152200,972,1028
152201,976,1031
152202,979,1034
152203,979,1034
152204,978,1031
152205,972,1030
152206,970,1032
152207,974,1034
152208,980,1035
152209,984,1031
152210,982,1026
152211,976,1029
152212,970,1033
152213,973,1035
152214,979,1038
152215,980,1038
152216,981,1036
152217,978,1042
152218,975,1042
152219,978,1044
152220,982,1039
152221,985,1036
152222,986,1030
152223,980,1031
152224,980,1033
152225,984,1041
152226,988,1047
152227,987,1047
152228,988,1038
152229,989,1027
152230,992,1023
152231,993,1017
152232,993,1019
152233,991,1023
152234,992,1025
152235,993,1023
152236,994,1022
152237,997,1022
152238,1000,1020
152239,1003,1016
152240,1001,1016
152241,999,1014
152242,1002,1014
152243,1004,1013
152244,1008,1015
152245,1012,1012
152246,1013,1007
152247,1010,1004
152248,1011,1003
152249,1013,1004
152250,1016,1006
152251,1016,1003
152252,1013,1003
152253,1013,1001
152254,1015,1001
152255,1021,1003
152256,1023,1004
152257,1023,1003
152258,1020,1000
152259,1019,1001
152260,1023,1001
152261,1028,1005
152262,1033,1007
152263,1031,1004
152264,1031,1001
152265,1029,1001
152266,1032,1002
152267,1032,1005
152268,1034,1007
152269,1031,1006
152270,1031,1009
152271,1029,1009
152272,1028,1014
152273,1029,1022
152274,1027,1029
152275,1023,1034
152276,1022,1032
152277,1019,1029
152278,1017,1029
152279,1019,1029
152280,1019,1030
152281,1022,1026
152282,1016,1026
152283,1012,1026
152284,1012,1033
152285,1010,1036
152286,1009,1039
152287,1008,1038
152288,1004,1034
152289,1001,1032
152290,999,1034
152291,997,1036
152292,1001,1038
152293,1001,1037
152294,996,1036
152295,993,1035
152296,992,1035
152297,993,1042
152298,994,1042
152299,992,1041
152300,991,1041
152301,990,1039
152302,992,1040
152303,995,1043
152304,1001,1044
152305,1005,1041
152306,1005,1039
152307,1007,1040
152308,1012,1043
152309,1019,1044
152310,1023,1047
152311,1026,1049
152312,1027,1047
152313,1031,1049
152314,1039,1051
152315,1054,1051
152316,1070,1049
152317,1084,1035
152318,1094,1018
152319,1103,1001
152320,1119,991
152321,1137,986
152322,1155,973
152323,1167,958
152324,1178,943
152325,1191,926
152326,1207,907
152327,1228,889
152328,1252,868
152329,1269,848
152330,1279,833
152331,1281,822
152332,1273,824
152333,1273,829
152334,1272,831
152335,1264,834
152336,1256,839
152337,1242,841
152338,1225,847
152339,1203,855
152340,1182,864
152341,1158,871
152342,1134,877
152343,1109,886
152344,1087,897
152345,1070,912
152346,1055,924
152347,1042,935
152348,1039,948
152349,1031,958
152350,1027,970
152351,1026,982
152352,1030,989
152353,1033,996
152354,1040,1003
152355,1053,1005
152356,1056,1008
152357,1049,1010
152358,1040,1021
152359,1017,1022
152360,990,1028
152361,964,1032
152362,947,1045
152363,943,1057
152364,941,1068
152365,937,1075
152366,933,1078
152367,929,1078
152368,925,1085
152369,925,1085
152370,924,1091
152371,915,1087
152372,912,1089
152373,907,1090
152374,907,1092
152375,907,1097
152376,908,1096
152377,904,1097
152378,899,1095
152379,890,1094
152380,889,1095
152381,890,1095
152382,893,1094
152383,892,1094
152384,888,1093
152385,883,1095
152386,883,1099
152387,886,1105
152388,891,1110
152389,890,1109
152390,885,1107
152391,878,1106
152392,877,1110
152393,879,1114
152394,881,1117
152395,882,1117
152396,877,1113
152397,873,1117
152398,872,1120
152399,872,1122
152400,874,1126
152401,873,1128
152402,874,1130
152403,873,1131
152404,870,1136
152405,872,1140
152406,874,1143
152407,874,1141
152408,876,1138
152409,877,1138
152410,872,1141
152411,879,1144
152412,883,1150
152413,883,1150
152414,885,1149
152415,884,1149
152416,886,1149
152417,888,1147
152418,890,1146
152419,895,1142
152420,895,1139
152421,895,1141
152422,900,1146
152423,906,1149
152424,913,1150
152425,916,1142
152426,920,1134
152427,916,1128
152428,916,1127
152429,927,1125
152430,935,1120
152431,939,1109
152432,938,1103
152433,936,1099
152434,937,1096
152435,944,1098
152436,950,1093
152437,951,1088
152438,951,1082
152439,953,1078
152440,957,1074
152441,962,1075
152442,966,1068
152443,965,1063
152444,965,1059
152445,963,1056
152446,962,1056
152447,967,1056
152448,971,1054
152449,973,1054
152450,972,1050
152451,970,1046
152452,968,1048
152453,970,1050
152454,971,1049
152455,973,1046
152456,972,1045
152457,972,1046
152458,973,1049
152459,976,1053
152460,975,1054
152461,977,1054
152462,977,1044
152463,975,1042
152464,975,1041
152465,976,1046
152466,979,1048
152467,982,1046
152468,978,1046
152469,979,1042
152470,976,1040
152471,979,1043
152472,977,1044
152473,979,1041
152474,977,1043
152475,977,1045
152476,982,1047
152477,983,1051
152478,986,1052
152479,983,1050
152480,978,1047
152481,975,1048
152482,978,1047
152483,981,1050
152484,984,1049
152485,984,1046
152486,981,1041
152487,978,1040
152488,977,1043
152489,977,1042
152490,982,1045
152491,985,1043
152492,981,1041
152493,977,1043
152494,975,1043
152495,974,1043
152496,979,1045
152497,982,1047
152498,979,1044
152499,975,1044
152500,974,1046
152501,973,1051
152502,978,1056
152503,978,1054
152504,978,1046
152505,976,1041
152506,972,1040
152507,974,1042
152508,978,1044
152509,977,1044
152510,975,1043
152511,974,1042
152512,974,1044
152513,976,1046
152514,981,1048
152515,984,1048
152516,981,1045
152517,979,1038
152518,977,1038
152519,977,1041
152520,980,1039
152521,981,1041
152522,978,1041
152523,978,1041
152524,977,1043
152525,980,1044
152526,982,1044
152527,978,1044
152528,977,1041
152529,979,1042
152530,980,1045
152531,982,1046
152532,983,1044
152533,983,1041
152534,980,1038
152535,975,1036
152536,979,1039
152537,984,1039
152538,985,1040
152539,983,1039
152540,979,1037
152541,979,1036
152542,978,1036
152543,979,1039
152544,981,1041
152545,983,1034
152546,981,1030
152547,977,1030
152548,974,1033
152549,979,1036
152550,981,1039
152551,984,1040
152552,980,1036
152553,977,1033
152554,975,1035
152555,971,1039
152556,978,1038
152557,976,1036
152558,973,1036
152559,975,1035
152560,974,1040
152561,976,1039
152562,978,1039
152563,977,1037
152564,975,1037
152565,973,1039
152566,975,1039
152567,974,1044
152568,976,1045
152569,978,1046
152570,975,1044
152571,975,1042
152572,973,1043
152573,976,1048
152574,979,1051
152575,980,1047
152576,975,1041
152577,974,1036
152578,972,1039
152579,975,1043
152580,979,1045
152581,979,1044
152582,978,1039
152583,979,1035
152584,979,1034
152585,979,1039
152586,979,1038
152587,976,1038
152588,976,1034
152589,975,1031
152590,978,1035
152591,980,1037
152592,982,1040
152593,978,1039
152594,977,1036
152595,976,1034
152596,975,1035
152597,978,1039
152598,981,1039
152599,980,1035
152600,976,1035
152601,975,1034
152602,974,1033
152603,975,1034
152604,978,1038
152605,978,1037
152606,975,1036
152607,975,1032
152608,974,1033
152609,974,1036
152610,977,1036
152611,977,1033
152612,976,1031
152613,975,1031
152614,974,1033
152615,976,1035
152616,979,1040
152617,976,1039
152618,974,1037
152619,971,1037
152620,973,1039
152621,974,1039
152622,979,1041
152623,978,1042
152624,977,1039
152625,972,1038
152626,973,1037
152627,976,1034
152628,976,1036
152629,975,1038
152630,974,1036
152631,976,1036
152632,977,1037
152633,978,1040
152634,982,1040
152635,979,1034
152636,979,1030
152637,979,1029
152638,979,1030
152639,982,1035
152640,986,1035
152641,986,1034
152642,982,1031
152643,979,1030
152644,981,1032
152645,983,1035
152646,986,1036
152647,986,1035
152648,985,1031
152649,983,1032
152650,982,1033
152651,985,1038
152652,991,1035
152653,990,1034
152654,986,1031
152655,983,1031
152656,983,1030
152657,985,1032
152658,989,1030
152659,988,1028
152660,985,1026
152661,981,1025
152662,978,1028
152663,980,1032
152664,985,1032
152665,983,1031
152666,979,1028
152667,974,1029
152668,975,1033
152669,977,1036
152670,983,1034
152671,983,1033
152672,984,1031
152673,978,1032
152674,977,1038
152675,981,1039
152676,983,1039
152677,986,1038
152678,984,1033
152679,981,1036
152680,986,1036
152681,990,1037
152682,998,1040
152683,1007,1034
152684,1016,1028
152685,1029,1027
152686,1048,1028
152687,1071,1029
152688,1104,1025
152689,1137,1014
152690,1172,1003
152691,1205,997
152692,1239,997
152693,1274,1004
152694,1306,1016
152695,1313,1025
152696,1301,1032
152697,1263,1036
152698,1209,1034
152699,1155,1041
152700,1102,1046
152701,1037,1054
152702,983,1058
152703,949,1060
152704,944,1061
152705,955,1057
152706,967,1051
152707,976,1041
152708,980,1031
152709,977,1025
152710,975,1024
152711,972,1027
152712,974,1026
152713,970,1026
152714,968,1024
152715,965,1022
152716,964,1022
152717,965,1024
152718,965,1028
152719,965,1027
152720,962,1024
152721,961,1026
152722,961,1026
152723,959,1029
152724,964,1034
152725,961,1033
152726,960,1033
152727,960,1032
152728,960,1032
152729,962,1037
152730,966,1036
152731,964,1034
152732,963,1035
152733,963,1031
152734,963,1035
152735,967,1037
152736,969,1039
152737,967,1040
152738,962,1033
152739,957,1036
152740,960,1039
152741,962,1040
152742,966,1038
152743,967,1037
152744,963,1034
152745,962,1034
152746,962,1037
152747,964,1036
152748,965,1040
152749,967,1036
152750,963,1033
152751,962,1033
152752,960,1034
152753,963,1037
152754,965,1037
152755,966,1035
152756,964,1028
152757,964,1024
152758,967,1024
152759,971,1025
152760,973,1024
152761,972,1023
152762,971,1022
152763,970,1020
152764,971,1023
152765,974,1028
152766,979,1028
152767,981,1025
152768,981,1018
152769,979,1018
152770,978,1018
152771,984,1021
152772,986,1021
152773,987,1019
152774,985,1016
152775,983,1011
152776,985,1014
152777,988,1017
152778,994,1019
152779,993,1014
152780,991,1010
152781,990,1011
152782,991,1013
152783,996,1013
152784,1000,1011
152785,996,1007
152786,995,1003
152787,995,1000
152788,998,1005
152789,1001,1006
152790,1005,1004
152791,1003,1000
152792,1004,999
152793,1001,998
152794,1002,999
152795,1005,1000
152796,1006,1000
152797,1008,999
152798,1006,998
152799,1006,999
152800,1007,1001
152801,1010,1008
152802,1015,1008
152803,1014,1007
152804,1009,1007
152805,1008,1008
152806,1008,1013
152807,1008,1014
152808,1012,1018
152809,1008,1019
152810,1006,1019
152811,1003,1023
152812,1001,1026
152813,999,1029
152814,997,1029
152815,995,1030
152816,992,1030
152817,988,1031
152818,985,1036
152819,988,1040
152820,991,1043
152821,989,1043
152822,985,1036
152823,981,1038
152824,982,1041
152825,985,1042
152826,987,1042
152827,986,1040
152828,984,1033
152829,980,1036
152830,981,1039
152831,981,1040
152832,982,1039
152833,983,1036
152834,982,1033
152835,983,1033
152836,980,1037
152837,983,1036
152838,985,1035
152839,984,1035
152840,983,1033
152841,978,1037
152842,980,1039
152843,982,1042
152844,987,1042
152845,986,1039
152846,982,1033
152847,979,1033
152848,978,1033
152849,983,1040
152850,988,1039
152851,987,1040
152852,986,1038
152853,984,1036
152854,984,1036
152855,986,1041
152856,989,1042
152857,988,1042
152858,985,1035
152859,982,1031
152860,986,1033
152861,988,1034
152862,988,1035
152863,987,1033
152864,985,1030
152865,985,1029
152866,985,1031
152867,988,1030
152868,991,1030
152869,990,1027
152870,990,1025
152871,987,1024
152872,989,1025
152873,990,1030
152874,993,1031
152875,993,1029
152876,990,1030
152877,987,1029
152878,987,1033
152879,992,1039
152880,993,1041
152881,991,1041
152882,988,1037
152883,985,1035
152884,985,1034
152885,987,1036
152886,990,1037
152887,989,1033
152888,987,1029
152889,982,1028
152890,983,1032
152891,984,1033
152892,988,1034
152893,986,1037
152894,981,1036
152895,976,1036
152896,977,1040
152897,978,1046
152898,984,1047
152899,981,1045
152900,980,1037
152901,979,1039
152902,976,1042
152903,980,1042
152904,982,1044
152905,981,1043
152906,978,1034
152907,978,1030
152908,977,1033
152909,982,1039
152910,983,1040
152911,981,1041
152912,976,1046
152913,976,1049
152914,978,1050
152915,979,1047
152916,985,1039
152917,985,1031
152918,981,1024
152919,980,1023
152920,982,1025
152921,982,1028
152922,986,1030
152923,987,1030
152924,986,1027
152925,982,1027
152926,982,1027
152927,981,1030
152928,986,1030
152929,982,1032
152930,982,1031
152931,979,1034
152932,980,1035
152933,985,1032
152934,990,1033
152935,988,1030
152936,985,1029
152937,982,1033
152938,985,1037
152939,989,1039
152940,993,1035
152941,993,1030
152942,1000,1027
152943,1007,1026
152944,1021,1026
152945,1038,1029
152946,1061,1027
152947,1091,1020
152948,1127,1010
152949,1167,1004
152950,1208,1002
152951,1250,1000
152952,1289,1003
152953,1315,1006
152954,1321,1013
152955,1298,1022
152956,1255,1027
152957,1201,1031
152958,1139,1037
152959,1072,1047
152960,1005,1057
152961,955,1065
152962,934,1071
152963,940,1068
152964,958,1059
152965,967,1048
152966,972,1038
152967,972,1033
152968,969,1034
152969,969,1034
152970,975,1034
152971,970,1031
152972,966,1029
152973,962,1029
152974,964,1032
152975,967,1033
152976,968,1031
152977,966,1029
152978,964,1027
152979,963,1024
152980,961,1029
152981,963,1033
152982,964,1036
152983,961,1035
152984,962,1037
152985,964,1039
152986,963,1043
152987,965,1042
152988,966,1037
152989,968,1036
152990,966,1032
152991,962,1032
152992,962,1036
152993,965,1035
152994,970,1035
152995,968,1031
152996,966,1032
152997,964,1030
152998,965,1032
152999,965,1039
153000,970,1041
153001,968,1041
153002,968,1036
153003,966,1036
153004,964,1039
153005,969,1039
153006,971,1039
153007,970,1033
153008,966,1030
153009,964,1029
153010,964,1033
153011,968,1032
153012,972,1032
153013,974,1033
153014,971,1030
153015,970,1030
153016,968,1031
153017,973,1033
153018,976,1032
153019,977,1025
153020,975,1021
153021,973,1019
153022,976,1019
153023,978,1022
153024,983,1021
153025,984,1017
153026,984,1013
153027,982,1013
153028,984,1017
153029,987,1022
153030,991,1022
153031,992,1017
153032,991,1013
153033,994,1010
153034,993,1008
153035,996,1009
153036,1003,1008
153037,1003,1007
153038,1000,1001
153039,1002,1000
153040,1004,1000
153041,1008,999
153042,1011,998
153043,1012,993
153044,1012,990
153045,1008,988
153046,1010,990
153047,1011,992
153048,1017,993
153049,1016,993
153050,1012,991
153051,1010,994
153052,1011,997
153053,1015,1001
153054,1017,1000
153055,1016,999
153056,1012,997
153057,1010,999
153058,1008,1002
153059,1008,1006
153060,1008,1011
153061,1003,1011
153062,1000,1011
153063,994,1012
153064,993,1014
153065,994,1019
153066,995,1023
153067,993,1025
153068,990,1026
153069,985,1027
153070,986,1031
153071,988,1035
153072,987,1035
153073,983,1034
153074,981,1034
153075,979,1037
153076,978,1037
153077,981,1042
153078,981,1044
153079,979,1043
153080,978,1040
153081,977,1038
153082,977,1039
153083,977,1045
153084,981,1043
153085,979,1043
153086,975,1042
153087,976,1044
153088,977,1050
153089,978,1053
153090,980,1053
153091,980,1048
153092,983,1047
153093,984,1044
153094,985,1040
153095,987,1040
153096,990,1041
153097,991,1042
153098,988,1041
153099,986,1044
153100,986,1047
153101,987,1050
153102,989,1044
153103,992,1035
153104,989,1029
153105,989,1029
153106,990,1030
153107,996,1032
153108,999,1033
153109,1000,1031
153110,1004,1029
153111,1007,1032
153112,1010,1035
153113,1014,1041
153114,1019,1041
153115,1023,1040
153116,1025,1037
153117,1032,1038
153118,1045,1038
153119,1058,1030
153120,1073,1019
153121,1087,1001
153122,1096,984
153123,1108,971
153124,1123,963
153125,1142,951
153126,1158,937
153127,1176,922
153128,1187,900
153129,1206,884
153130,1220,869
153131,1241,861
153132,1256,849
153133,1259,841
153134,1255,835
153135,1250,833
153136,1244,833
153137,1240,829
153138,1237,831
153139,1230,830
153140,1212,827
153141,1193,828
153142,1176,832
153143,1158,835
153144,1141,839
153145,1116,850
153146,1090,857
153147,1067,864
153148,1048,878
153149,1038,888
153150,1035,899
153151,1031,911
153152,1028,917
153153,1022,929
153154,1019,941
153155,1021,951
153156,1030,960
153157,1042,968
153158,1060,975
153159,1079,981
153160,1101,987
153161,1108,989
153162,1094,992
153163,1055,997
153164,1010,1006
153165,971,1015
153166,946,1032
153167,937,1048
153168,932,1063
153169,930,1071
153170,926,1075
153171,920,1077
153172,913,1084
153173,913,1092
153174,911,1096
153175,910,1096
153176,904,1094
153177,901,1094
153178,896,1096
153179,899,1099
153180,902,1101
153181,900,1105
153182,894,1104
153183,889,1105
153184,889,1108
153185,890,1110
153186,890,1111
153187,886,1111
153188,883,1112
153189,881,1114
153190,882,1119
153191,887,1122
153192,888,1118
153193,887,1122
153194,885,1121
153195,882,1127
153196,882,1133
153197,883,1136
153198,885,1138
153199,886,1140
153200,883,1137
153201,880,1140
153202,881,1143
153203,881,1147
153204,885,1150
153205,884,1152
153206,881,1151
153207,883,1155
153208,882,1158
153209,882,1165
153210,884,1169
153211,886,1170
153212,885,1168
153213,886,1168
153214,888,1169
153215,891,1175
153216,897,1178
153217,898,1178
153218,899,1180
153219,899,1178
153220,901,1180
153221,905,1181
153222,911,1179
153223,914,1178
153224,918,1176
153225,920,1172
153226,922,1171
153227,929,1169
153228,937,1163
153229,938,1159
153230,937,1153
153231,939,1148
153232,946,1146
153233,952,1144
153234,955,1137
153235,956,1131
153236,957,1122
153237,958,1119
153238,962,1117
153239,965,1113
153240,970,1106
153241,972,1098
153242,967,1087
153243,963,1084
153244,967,1082
153245,968,1082
153246,972,1074
153247,971,1068
153248,970,1062
153249,967,1059
153250,967,1056
153251,967,1056
153252,970,1053
153253,969,1052
153254,964,1049
153255,964,1050
153256,962,1049
153257,961,1052
153258,963,1050
153259,962,1049
153260,960,1045
153261,960,1046
153262,962,1047
153263,961,1047
153264,964,1047
153265,964,1044
153266,962,1042
153267,958,1046
153268,957,1048
153269,957,1052
153270,962,1052
153271,963,1050
153272,962,1044
153273,962,1042
153274,960,1045
153275,962,1048
153276,965,1047
153277,966,1044
153278,965,1043
153279,965,1042
153280,964,1042
153281,967,1045
153282,970,1047
153283,970,1045
153284,969,1039
153285,968,1034
153286,970,1031
153287,973,1029
153288,975,1027
153289,975,1026
153290,971,1024
153291,969,1023
153292,972,1026
153293,975,1026
153294,977,1028
153295,975,1024
153296,972,1024
153297,969,1022
153298,970,1025
153299,971,1025
153300,974,1028
153301,973,1026
153302,971,1024
153303,971,1025
153304,970,1029
153305,973,1032
153306,976,1031
153307,974,1032
153308,971,1032
153309,972,1032
153310,970,1035
153311,973,1038
153312,975,1036
153313,973,1032
153314,970,1028
153315,968,1027
153316,970,1031
153317,970,1036
153318,974,1035
153319,973,1033
153320,969,1033
153321,968,1033
153322,969,1040
153323,972,1045
153324,973,1043
153325,973,1037
153326,970,1033
153327,969,1031
153328,969,1030
153329,973,1029
153330,978,1028
153331,978,1024
153332,973,1026
153333,970,1027
153334,971,1026
153335,971,1030
153336,978,1029
153337,976,1029
153338,973,1024
153339,969,1020
153340,971,1021
153341,973,1025
153342,975,1024
153343,974,1022
153344,969,1021
153345,969,1022
153346,970,1023
153347,974,1027
153348,978,1026
153349,976,1022
153350,971,1022
153351,967,1023
153352,970,1025
153353,972,1029
153354,975,1030
153355,973,1026
153356,970,1023
153357,966,1025
153358,966,1027
153359,970,1029
153360,974,1030
153361,971,1027
153362,971,1024
153363,969,1025
153364,967,1031
153365,972,1035
153366,978,1035
153367,975,1033
153368,972,1028
153369,971,1028
153370,970,1031
153371,974,1032
153372,976,1030
153373,977,1029
153374,977,1026
153375,975,1026
153376,975,1027
153377,975,1031
153378,975,1030
153379,977,1029
153380,977,1028
153381,975,1029
153382,976,1029
153383,982,1027
153384,989,1021
153385,993,1015
153386,999,1008
153387,1012,1011
153388,1026,1016
153389,1048,1017
153390,1075,1018
153391,1108,1010
153392,1142,992
153393,1179,978
153394,1214,970
153395,1251,967
153396,1285,976
153397,1307,990
153398,1309,1003
153399,1280,1016
153400,1231,1023
153401,1170,1030
153402,1107,1038
153403,1037,1051
153404,979,1053
153405,942,1057
153406,938,1058
153407,949,1057
153408,967,1047
153409,974,1035
153410,975,1028
153411,969,1025
153412,967,1025
153413,967,1027
153414,969,1027
153415,968,1029
153416,964,1028
153417,960,1028
153418,960,1026
153419,959,1029
153420,961,1026
153421,961,1024
153422,955,1018
153423,953,1016
153424,953,1019
153425,958,1022
153426,959,1024
153427,958,1023
153428,956,1020
153429,953,1023
153430,953,1026
153431,957,1029
153432,959,1028
153433,959,1031
153434,956,1029
153435,953,1030
153436,957,1031
153437,960,1030
153438,962,1028
153439,963,1029
153440,959,1028
153441,958,1026
153442,960,1028
153443,963,1030
153444,962,1029
153445,964,1026
153446,960,1025
153447,958,1025
153448,957,1027
153449,960,1026
153450,967,1030
153451,969,1026
153452,964,1022
153453,965,1015
153454,967,1011
153455,967,1016
153456,970,1018
153457,969,1016
153458,966,1014
153459,965,1014
153460,965,1017
153461,970,1018
153462,973,1016
153463,973,1014
153464,971,1008
153465,967,1007
153466,970,1008
153467,973,1011
153468,976,1012
153469,975,1006
153470,975,1004
153471,977,1003
153472,979,1007
153473,985,1006
153474,985,1006
153475,987,1004
153476,987,1000
153477,985,1002
153478,992,1001
153479,993,1001
153480,995,1000
153481,995,996
153482,995,990
153483,996,991
153484,998,996
153485,1001,999
153486,1006,998
153487,1006,991
153488,1007,989
153489,1005,988
153490,1009,990
153491,1012,991
153492,1017,993
153493,1016,991
153494,1015,987
153495,1015,989
153496,1015,992
153497,1019,999
153498,1022,1000
153499,1021,997
153500,1017,992
153501,1012,992
153502,1012,997
153503,1012,1002
153504,1016,1007
153505,1011,1009
153506,1005,1011
153507,997,1014
153508,994,1019
153509,995,1024
153510,999,1023
153511,997,1021
153512,990,1017
153513,988,1017
153514,988,1020
153515,989,1026
153516,990,1029
153517,989,1026
153518,986,1025
153519,980,1029
153520,979,1032
153521,980,1040
153522,982,1041
153523,984,1040
153524,978,1034
153525,979,1031
153526,977,1033
153527,978,1036
153528,981,1036
153529,981,1036
153530,978,1034
153531,977,1033
153532,978,1032
153533,980,1035
153534,983,1036
153535,983,1033
153536,983,1023
153537,982,1018
153538,986,1019
153539,989,1020
153540,992,1020
153541,993,1019
153542,988,1020
153543,983,1020
153544,986,1023
153545,986,1029
153546,990,1026
153547,990,1026
153548,986,1025
153549,983,1021
153550,986,1019
153551,989,1020
153552,989,1020
153553,985,1019
153554,983,1019
153555,978,1018
153556,980,1023
153557,984,1029
153558,985,1032
153559,984,1031
153560,981,1028
153561,975,1027
153562,976,1030
153563,977,1033
153564,984,1031
153565,984,1030
153566,982,1026
153567,977,1024
153568,980,1027
153569,985,1028
153570,988,1028
153571,988,1026
153572,984,1026
153573,978,1028
153574,979,1035
153575,981,1039
153576,985,1041
153577,984,1041
153578,983,1033
153579,980,1029
153580,982,1032
153581,983,1033
153582,984,1034
153583,983,1030
153584,978,1024
153585,976,1026
153586,977,1024
153587,979,1025
153588,985,1024
153589,987,1019
153590,985,1017
153591,986,1017
153592,986,1020
153593,984,1023
153594,981,1025
153595,983,1024
153596,980,1022
153597,982,1026
153598,984,1028
153599,985,1028
153600,986,1028
153601,983,1024
153602,978,1022
153603,975,1025
153604,977,1028
153605,978,1030
153606,977,1030
153607,976,1028
153608,973,1026
153609,973,1027
153610,974,1031
153611,976,1032
153612,981,1032
153613,978,1032
153614,975,1029
153615,972,1031
153616,971,1038
153617,975,1041
153618,979,1040
153619,976,1039
153620,975,1028
153621,973,1025
153622,975,1030
153623,978,1035
153624,982,1038
153625,982,1041
153626,980,1040
153627,978,1040
153628,978,1041
153629,982,1038
153630,988,1035
153631,986,1033
153632,983,1030
153633,981,1029
153634,982,1032
153635,985,1031
153636,990,1030
153637,990,1025
153638,992,1022
153639,997,1016
153640,1010,1018
153641,1027,1019
153642,1045,1018
153643,1068,1015
153644,1094,1010
153645,1126,998
153646,1167,988
153647,1213,985
153648,1256,985
153649,1291,992
153650,1303,1008
153651,1288,1026
153652,1246,1040
153653,1190,1045
153654,1129,1052
153655,1059,1062
153656,993,1075
153657,947,1087
153658,931,1097
153659,943,1091
153660,963,1069
153661,974,1048
153662,976,1030
153663,975,1020
153664,972,1018
153665,968,1023
153666,971,1025
153667,971,1025
153668,968,1024
153669,962,1023
153670,962,1023
153671,963,1027
153672,963,1030
153673,963,1031
153674,961,1028
153675,957,1029
153676,958,1033
153677,961,1033
153678,965,1033
153679,967,1033
153680,962,1032
153681,958,1028
153682,959,1031
153683,963,1036
153684,965,1035
153685,964,1034
153686,966,1028
153687,964,1033
153688,961,1032
153689,961,1038
153690,962,1038
153691,962,1036
153692,958,1032
153693,957,1029
153694,959,1029
153695,963,1030
153696,968,1028
153697,967,1027
153698,965,1025
153699,962,1024
153700,963,1030
153701,965,1033
153702,970,1037
153703,967,1034
153704,966,1032
153705,965,1033
153706,970,1034
153707,971,1035
153708,971,1037
153709,969,1036
153710,970,1028
153711,972,1025
153712,972,1027
153713,971,1030
153714,973,1024
153715,974,1025
153716,974,1020
153717,975,1018
153718,976,1018
153719,979,1018
153720,984,1016
153721,984,1012
153722,983,1007
153723,979,1011
153724,981,1013
153725,985,1016
153726,991,1013
153727,989,1009
153728,987,1002
153729,985,1004
153730,988,1007
153731,991,1011
153732,997,1004
153733,994,1002
153734,992,993
153735,994,997
153736,996,999
153737,998,1005
153738,1000,1005
153739,1001,1005
153740,1000,1001
153741,995,999
153742,998,999
153743,1004,1003
153744,1012,1004
153745,1010,1005
153746,1006,1004
153747,1002,1005
153748,1003,1013
153749,1006,1015
153750,1009,1015
153751,1004,1015
153752,1002,1011
153753,995,1012
153754,994,1016
153755,996,1024
153756,995,1023
153757,996,1021
153758,990,1018
153759,986,1019
153760,987,1023
153761,988,1029
153762,987,1033
153763,987,1035
153764,982,1031
153765,981,1030
153766,981,1032
153767,982,1034
153768,979,1039
153769,980,1038
153770,977,1038
153771,971,1036
153772,973,1039
153773,974,1041
153774,980,1041
153775,981,1040
153776,978,1040
153777,978,1045
153778,977,1048
153779,982,1047
153780,983,1043
153781,980,1038
153782,978,1037
153783,976,1037
153784,981,1040
153785,983,1041
153786,986,1044
153787,985,1043
153788,982,1042
153789,979,1043
153790,982,1047
153791,983,1049
153792,984,1056
153793,982,1053
153794,981,1052
153795,979,1052
153796,979,1054
153797,978,1053
153798,982,1051
153799,983,1048
153800,980,1045
153801,978,1043
153802,980,1039
153803,980,1038
153804,988,1036
153805,987,1032
153806,983,1029
153807,982,1029
153808,982,1031
153809,984,1033
153810,987,1033
153811,989,1031
153812,984,1029
153813,980,1032
153814,976,1037
153815,983,1038
153816,987,1037
153817,984,1039
153818,982,1039
153819,976,1044
153820,979,1044
153821,981,1043
153822,985,1039
153823,983,1034
153824,983,1028
153825,982,1028
153826,985,1031
153827,985,1035
153828,988,1035
153829,984,1038
153830,982,1039
153831,981,1047
153832,980,1059
153833,982,1066
153834,983,1063
153835,984,1049
153836,985,1034
153837,984,1024
153838,986,1027
153839,988,1034
153840,990,1036
153841,985,1035
153842,983,1035
153843,980,1040
153844,983,1039
153845,985,1042
153846,985,1043
153847,986,1041
153848,984,1038
153849,981,1040
153850,983,1040
153851,984,1040
153852,986,1036
153853,984,1032
153854,982,1032
153855,982,1029
153856,981,1033
153857,986,1032
153858,992,1029
153859,996,1028
153860,998,1021
153861,1007,1022
153862,1021,1022
153863,1038,1025
153864,1058,1020
153865,1085,1017
153866,1112,1006
153867,1144,997
153868,1181,996
153869,1215,997
153870,1245,1006
153871,1263,1020
153872,1262,1034
153873,1240,1045
153874,1207,1051
153875,1162,1052
153876,1115,1059
153877,1057,1068
153878,1002,1078
153879,964,1092
153880,946,1102
153881,948,1108
153882,956,1098
153883,963,1081
153884,963,1071
153885,968,1066
153886,971,1060
153887,977,1054
153888,973,1048
153889,968,1042
153890,965,1040
153891,962,1039
153892,963,1039
153893,964,1040
153894,966,1038
153895,964,1035
153896,962,1036
153897,959,1036
153898,958,1036
153899,962,1039
153900,964,1037
153901,962,1035
153902,959,1035
153903,957,1034
153904,960,1040
153905,960,1040
153906,962,1041
153907,959,1034
153908,957,1031
153909,957,1029
153910,960,1031
153911,962,1032
153912,965,1031
153913,962,1031
153914,960,1030
153915,958,1033
153916,958,1034
153917,961,1038
153918,965,1034
153919,962,1029
153920,961,1026
153921,956,1023
153922,958,1027
153923,961,1030
153924,962,1029
153925,963,1025
153926,964,1022
153927,963,1023
153928,965,1028
153929,967,1031
153930,971,1030
153931,971,1033
153932,967,1028
153933,967,1026
153934,969,1025
153935,971,1024
153936,974,1020
153937,975,1020
153938,972,1016
153939,970,1017
153940,977,1017
153941,977,1016
153942,981,1012
153943,981,1008
153944,980,1000
153945,978,998
153946,981,1000
153947,983,1000
153948,988,999
153949,987,996
153950,987,994
153951,985,992
153952,988,992
153953,990,993
153954,994,990
153955,994,987
153956,992,983
153957,992,984
153958,992,986
153959,995,989
153960,999,989
153961,998,988
153962,995,987
153963,995,988
153964,996,990
153965,998,996
153966,1001,996
153967,997,996
153968,999,995
153969,997,997
153970,996,999
153971,999,1007
153972,1001,1010
153973,1000,1011
153974,998,1011
153975,994,1017
153976,995,1020
153977,995,1025
153978,997,1029
153979,994,1030
153980,990,1027
153981,985,1028
153982,984,1033
153983,984,1036
153984,987,1039
153985,985,1039
153986,979,1036
153987,975,1041
153988,975,1044
153989,976,1048
153990,977,1047
153991,977,1045
153992,973,1044
153993,971,1042
153994,971,1045
153995,972,1047
153996,974,1047
153997,974,1046
153998,970,1045
153999,968,1044
154000,970,1049
154001,972,1052
154002,974,1051
154003,973,1050
154004,971,1052
154005,967,1057
154006,970,1064
154007,974,1065
154008,976,1055
154009,975,1047
154010,974,1038
154011,969,1036
154012,975,1038
154013,978,1041
154014,980,1039
154015,980,1031
154016,977,1029
154017,976,1032
154018,977,1034
154019,980,1037
154020,983,1040
154021,982,1038
154022,981,1039
154023,979,1041
154024,982,1041
154025,987,1046
154026,991,1043
154027,986,1040
154028,984,1036
154029,984,1037
154030,984,1039
154031,988,1040
154032,990,1038
154033,991,1037
154034,989,1033
154035,986,1033
154036,988,1036
154037,988,1038
154038,989,1038
154039,987,1033
154040,983,1031
154041,983,1031
154042,982,1033
154043,987,1036
154044,987,1036
154045,984,1034
154046,983,1032
154047,980,1033
154048,979,1033
154049,982,1038
154050,986,1039
154051,984,1036
154052,981,1035
154053,979,1036
154054,984,1035
154055,984,1038
154056,987,1039
154057,984,1036
154058,984,1034
154059,979,1035
154060,980,1041
154061,980,1044
154062,981,1044
154063,979,1042
154064,978,1042
154065,976,1041
154066,978,1044
154067,981,1048
154068,983,1044
154069,982,1037
154070,983,1034
154071,980,1031
154072,980,1033
154073,982,1034
154074,985,1035
154075,985,1033
154076,981,1032
154077,982,1034
154078,985,1036
154079,990,1037
154080,994,1038
154081,995,1037
154082,997,1033
154083,1000,1033
154084,1009,1032
154085,1017,1035
154086,1034,1035
154087,1049,1031
154088,1064,1028
154089,1083,1025
154090,1111,1018
154091,1140,1014
154092,1172,1006
154093,1198,999
154094,1217,1000
154095,1231,1014
154096,1237,1031
154097,1228,1045
154098,1205,1047
154099,1166,1045
154100,1120,1048
154101,1073,1061
154102,1032,1074
154103,1003,1085
154104,987,1089
154105,982,1083
154106,979,1072
154107,979,1071
154108,980,1066
154109,982,1061
154110,983,1048
154111,981,1036
154112,979,1030
154113,975,1025
154114,972,1029
154115,974,1034
154116,975,1036
154117,974,1036
154118,969,1034
154119,967,1030
154120,967,1035
154121,969,1036
154122,968,1039
154123,968,1034
154124,965,1032
154125,962,1032
154126,963,1033
154127,964,1037
154128,967,1034
154129,966,1037
154130,963,1032
154131,962,1031
154132,962,1033
154133,964,1036
154134,968,1035
154135,966,1032
154136,962,1031
154137,961,1032
154138,961,1035
154139,965,1038
154140,969,1038
154141,968,1037
154142,968,1034
154143,967,1037
154144,967,1038
154145,971,1041
154146,971,1041
154147,972,1042
154148,970,1041
154149,971,1043
154150,974,1040
154151,976,1040
154152,978,1033
154153,976,1030
154154,976,1031
154155,973,1030
154156,972,1033
154157,976,1034
154158,981,1029
154159,980,1021
154160,978,1017
154161,978,1016
154162,978,1017
154163,981,1017
154164,984,1016
154165,983,1013
154166,984,1008
154167,983,1009
154168,984,1011
154169,989,1014
154170,992,1011
154171,993,1004
154172,991,1002
154173,991,1002
154174,993,1002
154175,996,1004
154176,1000,1001
154177,1000,997
154178,999,993
154179,998,994
154180,1001,996
154181,1002,998
154182,1005,998
154183,1005,998
154184,1003,994
154185,1003,995
154186,1007,999
154187,1007,1004
154188,1009,1007
154189,1007,1005
154190,1007,1009
154191,1006,1011
154192,1007,1015
154193,1010,1015
154194,1011,1011
154195,1010,1010
154196,1007,1009
154197,1004,1012
154198,1006,1020
154199,1008,1024
154200,1007,1024
154201,1005,1019
154202,1003,1016
154203,998,1018
154204,998,1025
154205,999,1029
154206,998,1029
154207,995,1027
154208,992,1026
154209,988,1027
154210,985,1032
154211,990,1037
154212,988,1037
154213,989,1036
154214,985,1032
154215,981,1034
154216,984,1035
154217,983,1041
154218,987,1040
154219,986,1039
154220,982,1036
154221,981,1036
154222,980,1039
154223,986,1045
154224,985,1044
154225,985,1043
154226,986,1039
154227,981,1038
154228,987,1040
154229,988,1045
154230,994,1045
154231,991,1044
154232,989,1041
154233,988,1041
154234,990,1047
154235,995,1048
154236,996,1050
154237,996,1048
154238,995,1045
154239,994,1046
154240,998,1049
154241,1003,1051
154242,1008,1050
154243,1009,1051
154244,1010,1045
154245,1014,1046
154246,1019,1049
154247,1027,1049
154248,1036,1048
154249,1040,1044
154250,1044,1039
154251,1052,1038
154252,1065,1032
154253,1077,1024
154254,1089,1011
154255,1100,993
154256,1109,981
154257,1120,968
154258,1133,958
154259,1149,947
154260,1162,927
154261,1174,905
154262,1185,881
154263,1198,861
154264,1209,848
154265,1221,839
154266,1229,829
154267,1231,822
154268,1226,822
154269,1223,825
154270,1218,825
154271,1214,829
154272,1212,828
154273,1202,825
154274,1185,824
154275,1171,827
154276,1155,835
154277,1140,846
154278,1125,854
154279,1108,860
154280,1086,871
154281,1071,882
154282,1061,896
154283,1060,909
154284,1057,920
154285,1053,926
154286,1046,932
154287,1044,943
154288,1042,955
154289,1048,966
154290,1052,972
154291,1058,979
154292,1066,982
154293,1074,989
154294,1079,997
154295,1078,1005
154296,1063,1014
154297,1036,1023
154298,1005,1028
154299,979,1042
154300,962,1055
154301,954,1070
154302,951,1081
154303,944,1088
154304,938,1088
154305,928,1086
154306,926,1087
154307,926,1088
154308,924,1090
154309,920,1084
154310,912,1085
154311,910,1090
154312,907,1094
154313,907,1101
154314,908,1103
154315,904,1105
154316,900,1102
154317,896,1106
154318,896,1110
154319,898,1116
154320,899,1116
154321,896,1114
154322,892,1113
154323,892,1116
154324,892,1120
154325,895,1124
154326,894,1124
154327,891,1127
154328,889,1124
154329,889,1127
154330,887,1134
154331,890,1139
154332,893,1141
154333,891,1141
154334,889,1138
154335,886,1142
154336,887,1147
154337,892,1152
154338,893,1154
154339,893,1157
154340,889,1156
154341,888,1158
154342,890,1164
154343,893,1171
154344,896,1170
154345,897,1169
154346,896,1169
154347,895,1170
154348,898,1173
154349,902,1178
154350,904,1181
154351,905,1181
154352,904,1180
154353,905,1180
154354,908,1182
154355,911,1185
154356,916,1185
154357,916,1180
154358,915,1174
154359,916,1178
154360,920,1180
154361,926,1182
154362,928,1175
154363,931,1171
154364,930,1168
154365,931,1165
154366,935,1165
154367,942,1162
154368,946,1158
154369,949,1151
154370,950,1145
154371,949,1142
154372,951,1139
154373,958,1140
154374,963,1135
154375,962,1126
154376,961,1120
154377,961,1117
154378,965,1114
154379,969,1112
154380,970,1103
154381,972,1096
154382,971,1091
154383,967,1088
154384,967,1086
154385,970,1085
154386,972,1081
154387,970,1074
154388,967,1069
154389,965,1068
154390,968,1069
154391,969,1073
154392,971,1070
154393,968,1063
154394,968,1058
154395,966,1055
154396,970,1057
154397,974,1059
154398,976,1061
154399,974,1058
154400,971,1054
154401,970,1052
154402,972,1050
154403,974,1046
154404,979,1045
154405,975,1043
154406,972,1041
154407,971,1041
154408,971,1041
154409,975,1041
154410,975,1038
154411,974,1038
154412,968,1036
154413,967,1038
154414,969,1041
154415,971,1045
154416,972,1044
154417,970,1042
154418,968,1040
154419,969,1041
154420,971,1044
154421,972,1045
154422,976,1044
154423,975,1041
154424,974,1040
154425,971,1042
154426,973,1044
154427,975,1046
154428,979,1042
154429,978,1037
154430,975,1036
154431,973,1037
154432,974,1039
154433,980,1043
154434,979,1043
154435,979,1043
154436,975,1036
154437,973,1037
154438,976,1040
154439,981,1045
154440,981,1043
154441,982,1042
154442,979,1039
154443,976,1039
154444,980,1041
154445,984,1039
154446,987,1032
154447,986,1030
154448,984,1027
154449,982,1033
154450,983,1037
154451,987,1041
154452,988,1039
154453,985,1034
154454,984,1031
154455,981,1030
154456,980,1034
154457,984,1039
154458,987,1039
154459,984,1037
154460,982,1035
154461,978,1036
154462,979,1036
154463,982,1039
154464,985,1034
154465,984,1032
154466,980,1031
154467,978,1030
154468,980,1037
154469,983,1041
154470,983,1043
154471,981,1037
154472,977,1034
154473,976,1036
154474,977,1039
154475,978,1040
154476,977,1036
154477,976,1031
154478,975,1031
154479,972,1030
154480,974,1033
154481,975,1036
154482,976,1035
154483,974,1033
154484,974,1031
154485,974,1031
154486,974,1035
154487,979,1043
154488,982,1044
154489,978,1041
154490,976,1037
154491,975,1037
154492,977,1042
154493,981,1045
154494,984,1046
154495,982,1035
154496,978,1027
154497,977,1024
154498,981,1028
154499,982,1033
154500,985,1033
154501,983,1031
154502,980,1028
154503,979,1028
154504,977,1033
154505,981,1034
154506,982,1037
154507,983,1036
154508,980,1035
154509,980,1034
154510,978,1037
154511,980,1037
154512,984,1038
154513,982,1034
154514,981,1034
154515,976,1036
154516,979,1041
154517,981,1042
154518,983,1045
154519,983,1044
154520,979,1039
154521,978,1037
154522,979,1041
154523,983,1046
154524,985,1040
154525,984,1037
154526,981,1035
154527,977,1037
154528,981,1041
154529,986,1041
154530,987,1034
154531,987,1026
154532,984,1025
154533,979,1026
154534,983,1026
154535,983,1031
154536,986,1034
154537,986,1032
154538,983,1029
154539,984,1032
154540,982,1032
154541,985,1035
154542,989,1035
154543,988,1033
154544,986,1032
154545,981,1035
154546,981,1038
154547,985,1040
154548,988,1042
154549,986,1035
154550,984,1032
154551,985,1034
154552,982,1036
154553,984,1039
154554,988,1038
154555,983,1035
154556,981,1036
154557,981,1035
154558,984,1038
154559,985,1040
154560,987,1039
154561,985,1038
154562,985,1035
154563,982,1036
154564,985,1039
154565,989,1042
154566,992,1039
154567,989,1038
154568,986,1035
154569,989,1036
154570,993,1037
154571,996,1040
154572,996,1041
154573,995,1045
154574,992,1048
154575,992,1052
154576,996,1054
154577,1000,1051
154578,1005,1039
154579,1007,1026
154580,1008,1018
154581,1018,1014
154582,1034,1013
154583,1054,1014
154584,1079,1018
154585,1105,1021
154586,1134,1016
154587,1170,999
154588,1212,982
154589,1251,975
154590,1287,979
154591,1310,990
154592,1320,1005
154593,1307,1020
154594,1275,1026
154595,1222,1032
154596,1163,1039
154597,1102,1046
154598,1043,1059
154599,996,1071
154600,976,1081
154601,971,1077
154602,982,1057
154603,987,1033
154604,990,1019
154605,986,1014
154606,987,1015
154607,987,1018
154608,988,1019
154609,983,1019
154610,979,1020
154611,976,1025
154612,977,1026
154613,975,1033
154614,977,1031
154615,975,1031
154616,973,1027
154617,970,1028
154618,970,1031
154619,973,1034
154620,973,1033
154621,974,1033
154622,968,1030
154623,968,1031
154624,970,1035
154625,974,1040
154626,978,1036
154627,972,1034
154628,971,1031
154629,970,1032
154630,972,1034
154631,974,1038
154632,975,1036
154633,973,1033
154634,970,1029
154635,970,1031
154636,971,1030
154637,974,1033
154638,976,1032
154639,974,1030
154640,972,1029
154641,971,1027
154642,971,1032
154643,973,1033
154644,975,1030
154645,972,1029
154646,972,1029
154647,971,1029
154648,973,1032
154649,973,1034
154650,980,1032
154651,978,1031
154652,975,1026
154653,975,1027
154654,975,1029
154655,982,1032
154656,985,1029
154657,982,1025
154658,983,1023
154659,984,1024
154660,987,1025
154661,991,1027
154662,992,1028
154663,994,1027
154664,990,1026
154665,990,1029
154666,994,1030
154667,1000,1033
154668,1003,1022
154669,1007,1009
154670,1005,999
154671,1006,996
154672,1009,997
154673,1015,1000
154674,1014,998
154675,1017,995
154676,1014,994
154677,1015,994
154678,1019,998
154679,1022,1001
154680,1024,1001
154681,1023,999
154682,1021,998
154683,1022,996
154684,1025,996
154685,1027,1000
154686,1031,1001
154687,1029,1001
154688,1026,998
154689,1025,998
154690,1031,1003
154691,1034,1006
154692,1039,1007
154693,1037,1002
154694,1036,1000
154695,1035,1005
154696,1035,1009
154697,1037,1010
154698,1039,1010
154699,1037,1010
154700,1032,1008
154701,1029,1014
154702,1033,1016
154703,1033,1020
154704,1032,1022
154705,1027,1023
154706,1023,1024
154707,1017,1030
154708,1019,1033
154709,1018,1032
154710,1019,1029
154711,1015,1027
154712,1010,1021
154713,1007,1028
154714,1004,1033
154715,1007,1036
154716,1012,1030
154717,1008,1023
154718,1003,1021
154719,1000,1019
154720,1001,1021
154721,1000,1026
154722,999,1025
154723,998,1025
154724,995,1024
154725,991,1026
154726,993,1029
154727,995,1029
154728,996,1028
154729,994,1027
154730,990,1025
154731,990,1028
154732,992,1032
154733,993,1036
154734,994,1035
154735,993,1036
154736,987,1034
154737,987,1035
154738,990,1037
154739,992,1042
154740,995,1040
154741,993,1038
154742,989,1034
154743,989,1036
154744,989,1034
154745,993,1038
154746,993,1039
154747,991,1038
154748,988,1034
154749,986,1032
154750,992,1034
154751,995,1038
154752,996,1035
154753,994,1032
154754,993,1029
154755,994,1032
154756,995,1033
154757,997,1036
154758,996,1033
154759,997,1031
154760,994,1028
154761,992,1026
154762,997,1029
154763,1000,1030
154764,999,1030
154765,996,1024
154766,991,1026
154767,991,1025
154768,995,1031
154769,996,1034
154770,997,1029
154771,994,1026
154772,994,1020
154773,992,1015
154774,992,1021
154775,997,1024
154776,997,1026
154777,998,1024
154778,993,1023
154779,991,1024
154780,992,1024
154781,995,1028
154782,998,1027
154783,997,1024
154784,997,1023
154785,993,1026
154786,994,1028
154787,996,1031
154788,993,1031
154789,992,1027
154790,990,1026
154791,988,1024
154792,989,1029
154793,993,1031
154794,993,1031
154795,992,1030
154796,991,1028
154797,988,1029
154798,988,1029
154799,990,1033
154800,991,1031
154801,991,1029
154802,989,1028
154803,988,1029
154804,993,1031
154805,994,1031
154806,996,1027
154807,994,1021
154808,992,1020
154809,992,1018
154810,998,1018
154811,1012,1017
154812,1026,1013
154813,1041,1010
154814,1059,1008
154815,1083,1005
154816,1117,1005
154817,1156,1004
154818,1198,995
154819,1234,991
154820,1268,997
154821,1300,1009
154822,1321,1026
154823,1321,1042
154824,1292,1046
154825,1247,1044
154826,1189,1047
154827,1128,1057
154828,1067,1069
154829,1015,1075
154830,976,1071
154831,961,1067
154832,961,1058
154833,970,1050
154834,977,1045
154835,982,1041
154836,985,1035
154837,985,1027
154838,980,1026
154839,980,1024
154840,982,1028
154841,980,1031
154842,980,1032
154843,975,1029
154844,967,1027
154845,968,1027
154846,968,1029
154847,969,1032
154848,970,1032
154849,967,1030
154850,965,1026
154851,962,1027
154852,963,1029
154853,966,1030
154854,966,1029
154855,965,1025
154856,960,1019
154857,956,1021
154858,956,1024
154859,961,1024
154860,960,1025
154861,959,1025
154862,956,1021
154863,955,1025
154864,954,1027
154865,959,1028
154866,958,1029
154867,957,1024
154868,957,1024
154869,956,1024
154870,959,1029
154871,963,1031
154872,965,1030
154873,963,1027
154874,959,1027
154875,961,1027
154876,959,1031
154877,963,1033
154878,968,1030
154879,969,1028
154880,968,1022
154881,967,1026
154882,970,1028
154883,972,1028
154884,976,1025
154885,975,1021
154886,969,1018
154887,971,1016
154888,973,1021
154889,978,1019
154890,982,1017
154891,981,1011
154892,978,1008
154893,976,1007
154894,981,1007
154895,985,1008
154896,987,1006
154897,984,1001
154898,983,996
154899,981,995
154900,984,998
154901,985,997
154902,986,993
154903,987,990
154904,982,988
154905,981,987
154906,987,989
154907,990,988
154908,993,986
154909,991,981
154910,988,977
154911,989,980
154912,991,982
154913,994,984
154914,994,984
154915,994,982
154916,993,979
154917,992,981
154918,997,985
154919,999,988
154920,1002,987
154921,1001,989
154922,1001,986
154923,999,991
154924,1001,998
154925,1008,1000
154926,1008,1001
154927,1006,1000
154928,1003,1002
154929,1003,1003
154930,1004,1009
154931,1006,1014
154932,1005,1017
154933,1003,1017
154934,998,1013
154935,997,1015
154936,995,1020
154937,998,1022
154938,997,1023
154939,998,1020
154940,990,1021
154941,990,1023
154942,992,1024
154943,994,1027
154944,992,1026
154945,990,1027
154946,988,1024
154947,984,1027
154948,984,1028
154949,982,1030
154950,983,1030
154951,981,1027
154952,979,1024
154953,975,1024
154954,976,1031
154955,980,1035
154956,978,1035
154957,975,1033
154958,972,1031
154959,970,1031
154960,972,1033
154961,975,1037
154962,975,1034
154963,973,1034
154964,971,1031
154965,969,1034
154966,972,1033
154967,975,1039
154968,977,1037
154969,974,1037
154970,973,1034
154971,974,1037
154972,974,1038
154973,979,1040
154974,978,1040
154975,979,1037
154976,977,1036
154977,975,1036
154978,979,1039
154979,983,1041
154980,985,1038
154981,980,1036
154982,980,1033
154983,978,1033
154984,980,1035
154985,983,1035
154986,984,1032
154987,984,1029
154988,980,1026
154989,982,1027
154990,983,1027
154991,984,1030
154992,986,1029
154993,985,1027
154994,983,1025
154995,980,1025
154996,984,1027
154997,988,1029
154998,989,1025
154999,989,1023
155000,986,1024
155001,985,1025
155002,986,1027
155003,989,1030
155004,990,1032
155005,986,1030
155006,986,1025
155007,982,1026
155008,984,1028
155009,985,1031
155010,986,1031
155011,985,1029
155012,980,1026
155013,978,1031
155014,978,1029
155015,982,1033
155016,986,1032
155017,981,1030
155018,979,1028
155019,978,1030
155020,977,1033
155021,978,1036
155022,982,1033
155023,977,1032
155024,976,1035
155025,977,1034
155026,977,1036
155027,980,1041
155028,984,1039
155029,982,1037
155030,980,1035
155031,979,1035
155032,982,1038
155033,984,1038
155034,985,1037
155035,983,1034
155036,980,1031
155037,981,1033
155038,982,1033
155039,985,1037
155040,986,1035
155041,984,1030
155042,982,1029
155043,981,1031
155044,986,1033
155045,986,1033
155046,986,1034
155047,986,1030
155048,984,1027
155049,981,1029
155050,984,1031
155051,986,1031
155052,989,1030
155053,987,1028
155054,984,1024
155055,983,1028
155056,983,1029
155057,989,1034
155058,990,1035
155059,989,1029
155060,985,1029
155061,985,1028
155062,985,1031
155063,986,1034
155064,989,1032
155065,984,1031
155066,981,1031
155067,983,1033
155068,984,1033
155069,987,1035
155070,986,1034
155071,984,1035
155072,980,1031
155073,979,1033
155074,980,1034
155075,980,1039
155076,984,1036
155077,981,1034
155078,978,1030
155079,978,1032
155080,977,1036
155081,982,1039
155082,986,1038
155083,981,1039
155084,980,1036
155085,979,1037
155086,982,1036
155087,985,1038
155088,987,1035
155089,986,1031
155090,982,1028
155091,982,1030
155092,983,1032
155093,990,1033
155094,989,1031
155095,990,1029
155096,989,1027
155097,987,1024
155098,995,1024
155099,1004,1023
155100,1014,1022
155101,1028,1017
155102,1043,1014
155103,1066,1013
155104,1094,1010
155105,1127,1003
155106,1162,988
155107,1197,978
155108,1232,972
155109,1264,979
155110,1293,993
155111,1307,1015
155112,1298,1030
155113,1259,1039
155114,1204,1037
155115,1149,1043
155116,1093,1055
155117,1039,1065
155118,991,1072
155119,962,1073
155120,951,1072
155121,959,1065
155122,972,1059
155123,982,1051
155124,985,1041
155125,983,1035
155126,974,1033
155127,969,1034
155128,968,1035
155129,971,1039
155130,972,1036
155131,969,1035
155132,964,1031
155133,964,1031
155134,966,1035
155135,967,1036
155136,968,1036
155137,965,1036
155138,961,1033
155139,960,1034
155140,961,1033
155141,964,1036
155142,967,1033
155143,964,1031
155144,964,1031
155145,964,1030
155146,965,1032
155147,965,1037
155148,967,1035
155149,966,1036
155150,965,1031
155151,963,1034
155152,964,1035
155153,966,1038
155154,967,1038
155155,967,1034
155156,965,1033
155157,965,1034
155158,966,1037
155159,972,1038
155160,972,1039
155161,971,1036
155162,969,1032
155163,967,1034
155164,969,1033
155165,973,1033
155166,973,1035
155167,971,1033
155168,970,1032
155169,967,1034
155170,972,1037
155171,972,1038
155172,975,1036
155173,974,1033
155174,970,1031
155175,970,1031
155176,970,1035
155177,975,1033
155178,980,1030
155179,977,1026
155180,973,1023
155181,973,1023
155182,979,1024
155183,983,1024
155184,986,1022
155185,984,1020
155186,982,1017
155187,982,1017
155188,984,1017
155189,991,1018
155190,990,1018
155191,994,1014
155192,991,1009
155193,993,1009
155194,996,1010
155195,998,1013
155196,1000,1011
155197,1000,1007
155198,999,1006
155199,1001,1005
155200,1003,1007
155201,1008,1006
155202,1009,1005
155203,1009,1003
155204,1008,1001
155205,1009,998
155206,1012,1000
155207,1017,1005
155208,1018,1001
155209,1016,1001
155210,1016,998
155211,1018,998
155212,1020,1000
155213,1023,1003
155214,1024,1001
155215,1023,1002
155216,1021,1001
155217,1019,1005
155218,1021,1008
155219,1022,1012
155220,1022,1014
155221,1019,1014
155222,1014,1013
155223,1013,1016
155224,1012,1022
155225,1013,1024
155226,1012,1029
155227,1009,1026
155228,1007,1026
155229,1006,1027
155230,1005,1034
155231,1005,1035
155232,1004,1033
155233,1000,1034
155234,995,1035
155235,995,1038
155236,995,1039
155237,996,1043
155238,994,1040
155239,991,1040
155240,988,1039
155241,986,1042
155242,988,1044
155243,988,1044
155244,991,1046
155245,989,1043
155246,984,1042
155247,984,1041
155248,985,1044
155249,990,1048
155250,991,1046
155251,990,1043
155252,985,1041
155253,987,1042
155254,989,1045
155255,993,1047
155256,995,1043
155257,991,1040
155258,988,1037
155259,989,1042
155260,988,1041
155261,992,1045
155262,994,1041
155263,992,1041
155264,990,1038
155265,992,1039
155266,994,1040
155267,999,1042
155268,998,1039
155269,996,1035
155270,993,1031
155271,991,1031
155272,991,1031
155273,995,1032
155274,994,1033
155275,993,1031
155276,994,1027
155277,994,1031
155278,997,1031
155279,999,1036
155280,1000,1035
155281,997,1033
155282,997,1033
155283,996,1035
155284,999,1036
155285,1003,1040
155286,1003,1037
155287,1003,1033
155288,1001,1034
155289,999,1035
155290,1002,1039
155291,1004,1037
155292,1002,1036
155293,1000,1035
155294,997,1035
155295,995,1032
155296,996,1034
155297,998,1035
155298,997,1035
155299,998,1035
155300,995,1032
155301,994,1033
155302,996,1034
155303,1001,1036
155304,1001,1031
155305,998,1031
155306,996,1028
155307,996,1032
155308,997,1034
155309,1000,1036
155310,999,1036
155311,1000,1032
155312,996,1032
155313,994,1034
155314,991,1036
155315,996,1038
155316,997,1037
155317,996,1035
155318,994,1031
155319,993,1032
155320,996,1034
155321,995,1037
155322,997,1038
155323,995,1032
155324,991,1032
155325,992,1036
155326,994,1035
155327,996,1039
155328,996,1038
155329,994,1036
155330,990,1035
155331,992,1038
155332,991,1038
155333,994,1041
155334,994,1038
155335,994,1035
155336,990,1034
155337,991,1035
155338,994,1038
155339,998,1039
155340,997,1037
155341,993,1036
155342,995,1033
155343,993,1035
155344,996,1036
155345,1000,1036
155346,999,1037
155347,996,1033
155348,995,1031
155349,996,1033
155350,998,1037
155351,1001,1038
155352,1005,1038
155353,1004,1033
155354,1004,1028
155355,1010,1027
155356,1025,1031
155357,1043,1029
155358,1062,1023
155359,1085,1013
155360,1115,1006
155361,1152,998
155362,1193,991
155363,1234,991
155364,1273,990
155365,1306,998
155366,1312,1007
155367,1297,1022
155368,1258,1029
155369,1203,1032
155370,1141,1038
155371,1077,1047
155372,1019,1055
155373,975,1061
155374,962,1067
155375,967,1065
155376,978,1054
155377,988,1044
155378,989,1035
155379,989,1032
155380,988,1032
155381,988,1035
155382,988,1033
155383,981,1032
155384,978,1032
155385,976,1032
155386,978,1035
155387,981,1037
155388,981,1038
155389,981,1033
155390,977,1033
155391,973,1033
155392,974,1036
155393,978,1038
155394,979,1035
155395,978,1033
155396,972,1032
155397,972,1033
155398,975,1036
155399,976,1037
155400,978,1035
155401,977,1033
155402,973,1032
155403,971,1034
155404,973,1033
155405,977,1036
155406,977,1036
155407,975,1033
155408,972,1032
155409,970,1034
155410,972,1035
155411,973,1039
155412,974,1037
155413,974,1036
155414,973,1034
155415,973,1033
155416,973,1036
155417,978,1037
155418,977,1038
155419,976,1035
155420,974,1034
155421,976,1033
155422,978,1037
155423,981,1035
155424,984,1034
155425,983,1030
155426,980,1025
155427,981,1026
155428,983,1024
155429,987,1027
155430,989,1022
155431,990,1016
155432,988,1013
155433,984,1011
155434,989,1015
155435,993,1015
155436,996,1010
155437,995,1008
155438,995,1002
155439,992,1003
155440,994,1004
155441,999,1004
155442,1000,1001
155443,998,1000
155444,998,994
155445,1000,996
155446,1003,995
155447,1009,996
155448,1009,995
155449,1007,993
155450,1006,990
155451,1007,993
155452,1011,994
155453,1013,997
155454,1015,996
155455,1014,991
155456,1013,990
155457,1012,995
155458,1016,997
155459,1021,1000
155460,1019,1001
155461,1017,1000
155462,1014,1003
155463,1014,1002
155464,1016,1006
155465,1016,1009
155466,1016,1010
155467,1013,1008
155468,1010,1009
155469,1010,1011
155470,1009,1019
155471,1009,1024
155472,1009,1023
155473,1005,1023
155474,1001,1025
155475,999,1029
155476,999,1033
155477,998,1036
155478,1000,1033
155479,997,1032
155480,993,1030
155481,988,1034
155482,989,1037
155483,992,1040
155484,991,1039
155485,991,1037
155486,985,1033
155487,984,1036
155488,982,1038
155489,985,1041
155490,984,1038
155491,985,1038
155492,982,1037
155493,980,1039
155494,980,1043
155495,985,1046
155496,986,1043
155497,987,1041
155498,985,1039
155499,984,1044
155500,987,1047
155501,987,1047
155502,988,1046
155503,987,1046
155504,987,1042
155505,986,1041
155506,986,1046
155507,993,1045
155508,991,1043
155509,987,1041
155510,986,1039
155511,990,1038
155512,993,1040
155513,995,1042
155514,995,1040
155515,992,1038
155516,993,1037
155517,992,1039
155518,996,1038
155519,998,1040
155520,998,1040
155521,996,1038
155522,995,1039
155523,994,1040
155524,994,1039
155525,997,1043
155526,998,1042
155527,1000,1039
155528,997,1037
155529,995,1038
155530,996,1040
155531,999,1045
155532,999,1043
155533,998,1038
155534,992,1035
155535,990,1037
155536,994,1040
155537,996,1041
155538,997,1041
155539,998,1038
155540,993,1037
155541,993,1040
155542,996,1045
155543,998,1047
155544,998,1046
155545,996,1042
155546,994,1040
155547,993,1040
155548,994,1040
155549,994,1040
155550,993,1038
155551,992,1038
155552,990,1038
155553,988,1039
155554,990,1040
155555,993,1045
155556,994,1042
155557,992,1042
155558,990,1039
155559,989,1044
155560,991,1045
155561,995,1045
155562,993,1044
155563,993,1042
155564,990,1040
155565,992,1040
155566,994,1046
155567,998,1049
155568,998,1045
155569,997,1043
155570,996,1038
155571,998,1038
155572,1007,1038
155573,1020,1038
155574,1033,1033
155575,1049,1030
155576,1065,1028
155577,1094,1026
155578,1134,1022
155579,1180,1020
155580,1223,1012
155581,1262,1013
155582,1294,1021
155583,1310,1040
155584,1306,1053
155585,1271,1063
155586,1219,1061
155587,1156,1061
155588,1093,1068
155589,1032,1079
155590,984,1087
155591,958,1093
155592,957,1086
155593,966,1078
155594,976,1065
155595,983,1058
155596,984,1055
155597,987,1051
155598,983,1048
155599,977,1045
155600,972,1041
155601,971,1044
155602,967,1047
155603,972,1050
155604,973,1047
155605,969,1045
155606,968,1044
155607,971,1043
155608,972,1046
155609,973,1050
155610,971,1048
155611,971,1044
155612,967,1045
155613,971,1047
155614,972,1049
155615,973,1051
155616,974,1051
155617,975,1045
155618,971,1044
155619,969,1046
155620,969,1049
155621,973,1051
155622,975,1048
155623,973,1042
155624,970,1043
155625,972,1044
155626,974,1046
155627,977,1047
155628,976,1046
155629,974,1044
155630,969,1043
155631,970,1044
155632,975,1047
155633,976,1049
155634,976,1046
155635,973,1041
155636,969,1039
155637,968,1038
155638,971,1042
155639,973,1044
155640,975,1042
155641,975,1039
155642,974,1038
155643,976,1036
155644,978,1038
155645,983,1039
155646,984,1035
155647,982,1033
155648,980,1032
155649,979,1030
155650,984,1030
155651,987,1030
155652,990,1031
155653,990,1023
155654,986,1022
155655,988,1019
155656,994,1020
155657,998,1019
155658,1000,1017
155659,1000,1014
155660,998,1013
155661,1002,1013
155662,1007,1013
155663,1011,1014
155664,1010,1012
155665,1010,1009
155666,1006,1008
155667,1006,1010
155668,1009,1012
155669,1014,1011
155670,1013,1010
155671,1015,1006
155672,1013,1006
155673,1016,1009
155674,1019,1011
155675,1021,1014
155676,1021,1015
155677,1018,1012
155678,1016,1014
155679,1012,1016
155680,1014,1019
155681,1020,1026
155682,1020,1024
155683,1014,1026
155684,1012,1027
155685,1010,1033
155686,1010,1037
155687,1007,1040
155688,1006,1041
155689,1006,1044
155690,999,1043
155691,999,1044
155692,994,1052
155693,997,1057
155694,997,1056
155695,994,1053
155696,992,1054
155697,989,1056
155698,990,1058
155699,991,1063
155700,992,1062
155701,991,1059
155702,987,1060
155703,986,1062
155704,987,1063
155705,992,1064
155706,990,1061
155707,986,1060
155708,985,1060
155709,985,1061
155710,984,1063
155711,988,1063
155712,990,1063
155713,989,1060
155714,987,1058
155715,987,1059
155716,990,1061
155717,993,1062
155718,994,1064
155719,990,1062
155720,987,1060
155721,990,1062
155722,996,1065
155723,999,1066
155724,1000,1063
155725,1001,1058
155726,997,1059
155727,997,1059
155728,999,1063
155729,1003,1066
155730,1002,1065
155731,1002,1060
155732,998,1059
155733,999,1060
155734,998,1065
155735,1004,1066
155736,1002,1064
155737,1000,1063
155738,999,1059
155739,996,1062
155740,997,1062
155741,1002,1069
155742,1002,1063
155743,1003,1062
155744,997,1060
155745,996,1062
155746,995,1063
155747,998,1066
155748,999,1062
155749,997,1061
155750,991,1062
155751,990,1061
155752,991,1066
155753,994,1065
155754,993,1065
155755,993,1059
155756,989,1059
155757,989,1058
155758,993,1060
155759,997,1060
155760,993,1060
155761,991,1059
155762,988,1058
155763,988,1062
155764,991,1064
155765,993,1065
155766,993,1067
155767,989,1063
155768,985,1062
155769,986,1062
155770,986,1065
155771,987,1066
155772,989,1066
155773,986,1064
155774,985,1062
155775,987,1066
155776,986,1068
155777,990,1066
155778,991,1066
155779,986,1062
155780,986,1061
155781,984,1062
155782,987,1064
155783,989,1068
155784,990,1067
155785,988,1062
155786,985,1060
155787,985,1063
155788,986,1064
155789,985,1066
155790,987,1066
155791,986,1062
155792,983,1056
155793,982,1060
155794,984,1062
155795,991,1066
155796,991,1064
155797,991,1062
155798,985,1062
155799,985,1066
155800,988,1067
155801,990,1067
155802,990,1063
155803,989,1064
155804,986,1061
155805,985,1064
155806,989,1064
155807,992,1068
155808,990,1064
155809,992,1061
155810,989,1058
155811,989,1061
155812,991,1064
155813,994,1065
155814,996,1063
155815,994,1064
155816,991,1059
155817,993,1062
155818,995,1062
155819,1001,1066
155820,1000,1063
155821,1001,1060
155822,1001,1057
155823,1010,1055
155824,1024,1054
155825,1042,1053
155826,1063,1049
155827,1088,1042
155828,1120,1037
155829,1158,1028
155830,1204,1023
155831,1249,1022
155832,1284,1029
155833,1305,1041
155834,1301,1055
155835,1273,1063
155836,1219,1072
155837,1159,1073
155838,1094,1080
155839,1031,1090
155840,980,1093
155841,956,1096
155842,956,1094
155843,973,1089
155844,986,1080
155845,986,1070
155846,982,1064
155847,980,1063
155848,979,1066
155849,982,1068
155850,980,1067
155851,978,1063
155852,972,1063
155853,970,1060
155854,972,1065
155855,974,1068
155856,972,1067
155857,974,1066
155858,970,1066
155859,968,1066
155860,972,1069
155861,972,1071
155862,970,1069
155863,969,1066
155864,965,1064
155865,966,1063
155866,967,1066
155867,970,1070
155868,969,1067
155869,967,1067
155870,964,1066
155871,965,1067
155872,967,1067
155873,971,1065
155874,971,1063
155875,967,1062
155876,961,1061
155877,961,1058
155878,961,1064
155879,964,1061
155880,965,1063
155881,963,1063
155882,959,1061
155883,961,1063
155884,965,1066
155885,968,1066
155886,971,1063
155887,971,1058
155888,969,1056
155889,971,1059
155890,973,1061
155891,982,1064
155892,984,1059
155893,983,1056
155894,982,1055
155895,985,1054
155896,989,1057
155897,995,1057
155898,994,1055
155899,993,1051
155900,993,1046
155901,996,1049
155902,1001,1049
155903,1006,1050
155904,1005,1047
155905,1004,1046
155906,1002,1042
155907,1005,1040
155908,1008,1041
155909,1014,1044
155910,1014,1043
155911,1011,1039
155912,1011,1036
155913,1012,1038
155914,1012,1038
155915,1016,1036
155916,1013,1035
155917,1013,1033
155918,1011,1032
155919,1011,1034
155920,1013,1035
155921,1015,1038
155922,1016,1035
155923,1015,1032
155924,1009,1032
155925,1010,1036
155926,1011,1041
155927,1014,1043
155928,1012,1044
155929,1009,1043
155930,1008,1041
155931,1005,1049
155932,1008,1052
155933,1011,1058
155934,1006,1056
155935,1008,1055
155936,1004,1057
155937,1002,1061
155938,1004,1068
155939,1004,1070
155940,1004,1070
155941,1000,1067
155942,995,1069
155943,995,1069
155944,995,1073
155945,995,1076
155946,995,1073
155947,991,1073
155948,988,1071
155949,986,1077
155950,987,1078
155951,987,1078
155952,988,1076
155953,986,1074
155954,984,1074
155955,983,1074
155956,982,1076
155957,984,1078
155958,984,1078
155959,981,1074
155960,978,1071
155961,978,1072
155962,978,1077
155963,983,1077
155964,984,1073
155965,981,1072
155966,980,1069
155967,980,1075
155968,979,1074
155969,982,1076
155970,986,1075
155971,982,1070
155972,979,1068
155973,978,1070
155974,980,1069
155975,983,1071
155976,984,1071
155977,981,1065
155978,977,1065
155979,979,1067
155980,982,1069
155981,987,1074
155982,988,1071
155983,987,1068
155984,983,1063
155985,986,1065
155986,989,1068
155987,991,1070
155988,992,1071
155989,991,1066
155990,987,1065
155991,986,1070
155992,990,1072
155993,991,1072
155994,991,1068
155995,990,1066
155996,988,1066
155997,986,1068
155998,989,1075
155999,992,1071
156000,992,1070
156001,988,1064
156002,985,1067
156003,986,1069
156004,986,1072
156005,991,1072
156006,990,1073
156007,987,1069
156008,985,1067
156009,987,1069
156010,987,1072
156011,990,1073
156012,988,1070
156013,986,1067
156014,982,1066
156015,979,1072
156016,983,1075
156017,987,1074
156018,986,1073
156019,986,1070
156020,980,1069
156021,980,1072
156022,982,1072
156023,985,1073
156024,985,1075
156025,983,1071
156026,977,1071
156027,975,1074
156028,980,1074
156029,983,1077
156030,983,1076
156031,983,1073
156032,978,1072
156033,980,1077
156034,984,1077
156035,986,1079
156036,985,1078
156037,983,1076
156038,980,1075
156039,981,1077
156040,986,1078
156041,986,1082
156042,985,1077
156043,983,1074
156044,979,1071
156045,979,1070
156046,982,1070
156047,984,1073
156048,984,1069
156049,982,1068
156050,980,1067
156051,979,1067
156052,981,1070
156053,984,1068
156054,983,1066
156055,980,1065
156056,977,1062
156057,979,1063
156058,980,1067
156059,984,1065
156060,978,1065
156061,976,1063
156062,974,1061
156063,971,1065
156064,973,1066
156065,979,1069
156066,979,1068
156067,977,1067
156068,973,1068
156069,972,1071
156070,972,1072
156071,979,1074
156072,981,1071
156073,979,1069
156074,976,1067
156075,977,1070
156076,981,1073
156077,984,1074
156078,984,1071
156079,982,1070
156080,975,1071
156081,978,1071
156082,980,1075
156083,983,1077
156084,983,1074
156085,981,1072
156086,980,1066
156087,981,1071
156088,982,1073
156089,984,1070
156090,984,1069
156091,982,1064
156092,981,1062
156093,983,1066
156094,985,1067
156095,986,1070
156096,985,1066
156097,979,1063
156098,978,1063
156099,980,1066
156100,984,1066
156101,986,1069
156102,983,1065
156103,980,1062
156104,978,1063
156105,978,1062
156106,979,1063
156107,981,1065
156108,981,1065
156109,980,1063
156110,977,1063
156111,977,1066
156112,979,1069
156113,983,1073
156114,982,1070
156115,981,1066
156116,978,1064
156117,976,1068
156118,980,1067
156119,983,1069
156120,986,1067
156121,984,1063
156122,982,1063
156123,985,1063
156124,990,1063
156125,991,1063
156126,996,1059
156127,1003,1052
156128,1018,1047
156129,1037,1045
156130,1061,1044
156131,1095,1044
156132,1133,1038
156133,1177,1027
156134,1220,1018
156135,1264,1017
156136,1309,1023
156137,1340,1035
156138,1346,1049
156139,1315,1057
156140,1253,1059
156141,1181,1064
156142,1113,1074
156143,1048,1077
156144,995,1079
156145,963,1075
156146,959,1072
156147,973,1067
156148,990,1062
156149,995,1060
156150,991,1054
156151,984,1050
156152,976,1053
156153,972,1054
156154,970,1058
156155,972,1063
156156,971,1061
156157,970,1059
156158,962,1059
156159,958,1060
156160,961,1063
156161,964,1064
156162,963,1064
156163,963,1062
156164,960,1059
156165,958,1063
156166,960,1064
156167,961,1065
156168,960,1064
156169,960,1064
156170,957,1062
156171,958,1061
156172,959,1064
156173,965,1063
156174,969,1065
156175,965,1059
156176,964,1059
156177,964,1060
156178,969,1062
156179,970,1059
156180,968,1060
156181,966,1058
156182,965,1055
156183,966,1056
156184,971,1058
156185,972,1059
156186,972,1057
156187,969,1055
156188,966,1054
156189,970,1056
156190,972,1059
156191,977,1059
156192,976,1057
156193,972,1054
156194,970,1053
156195,972,1053
156196,976,1057
156197,981,1055
156198,983,1054
156199,980,1049
156200,981,1046
156201,985,1049
156202,986,1048
156203,992,1049
156204,992,1047
156205,990,1046
156206,989,1042
156207,988,1043
156208,992,1042
156209,994,1038
156210,997,1036
156211,999,1032
156212,997,1031
156213,998,1033
156214,1002,1037
156215,1008,1034
156216,1010,1029
156217,1008,1029
156218,1008,1024
156219,1010,1023
156220,1013,1025
156221,1018,1026
156222,1016,1025
156223,1015,1023
156224,1011,1020
156225,1014,1022
156226,1020,1022
156227,1020,1024
156228,1021,1022
156229,1022,1023
156230,1018,1023
156231,1016,1027
156232,1021,1030
156233,1024,1031
156234,1019,1029
156235,1020,1029
156236,1016,1028
156237,1014,1030
156238,1021,1037
156239,1023,1040
156240,1022,1042
156241,1014,1043
156242,1009,1044
156243,1005,1048
156244,1006,1053
156245,1008,1054
156246,1005,1053
156247,998,1050
156248,992,1049
156249,993,1048
156250,991,1055
156251,992,1056
156252,990,1053
156253,988,1053
156254,985,1053
156255,985,1054
156256,989,1057
156257,987,1057
156258,986,1057
156259,980,1053
156260,979,1053
156261,978,1056
156262,982,1057
156263,983,1058
156264,981,1056
156265,980,1054
156266,976,1055
156267,976,1056
156268,979,1058
156269,983,1059
156270,983,1058
156271,987,1056
156272,988,1058
156273,993,1061
156274,1004,1067
156275,1008,1071
156276,1012,1070
156277,1015,1068
156278,1022,1069
156279,1032,1070
156280,1047,1069
156281,1067,1060
156282,1083,1041
156283,1095,1024
156284,1109,1008
156285,1123,998
156286,1144,988
156287,1165,975
156288,1180,957
156289,1195,937
156290,1211,915
156291,1231,897
156292,1254,885
156293,1276,871
156294,1288,856
156295,1289,847
156296,1285,843
156297,1280,846
156298,1280,848
156299,1272,845
156300,1262,844
156301,1247,844
156302,1224,848
156303,1200,855
156304,1175,860
156305,1145,868
156306,1118,876
156307,1086,886
156308,1064,893
156309,1049,909
156310,1043,926
156311,1042,940
156312,1037,950
156313,1027,962
156314,1020,969
156315,1023,980
156316,1034,996
156317,1054,1002
156318,1074,1009
156319,1080,1009
156320,1073,1013
156321,1051,1023
156322,1019,1033
156323,985,1045
156324,957,1052
156325,935,1059
156326,929,1071
156327,924,1080
156328,926,1093
156329,925,1092
156330,921,1092
156331,915,1092
156332,911,1093
156333,907,1099
156334,909,1100
156335,907,1105
156336,900,1104
156337,895,1104
156338,892,1105
156339,890,1108
156340,890,1110
156341,892,1113
156342,890,1115
156343,886,1114
156344,883,1117
156345,882,1117
156346,886,1121
156347,885,1125
156348,884,1126
156349,881,1123
156350,878,1124
156351,879,1131
156352,878,1132
156353,880,1131
156354,879,1134
156355,877,1128
156356,873,1130
156357,874,1137
156358,875,1144
156359,876,1144
156360,879,1145
156361,876,1144
156362,870,1147
156363,873,1151
156364,877,1156
156365,879,1159
156366,879,1156
156367,878,1156
156368,876,1158
156369,878,1162
156370,882,1170
156371,885,1175
156372,887,1173
156373,889,1169
156374,887,1170
156375,891,1170
156376,895,1173
156377,899,1175
156378,902,1174
156379,903,1171
156380,904,1170
156381,907,1171
156382,914,1171
156383,922,1171
156384,923,1167
156385,924,1160
156386,922,1160
156387,925,1159
156388,930,1157
156389,936,1158
156390,940,1153
156391,939,1148
156392,939,1145
156393,946,1139
156394,952,1139
156395,957,1133
156396,957,1128
156397,956,1122
156398,954,1116
156399,954,1113
156400,960,1113
156401,965,1110
156402,964,1100
156403,966,1093
156404,962,1087
156405,963,1087
156406,966,1086
156407,970,1085
156408,968,1078
156409,965,1073
156410,966,1067
156411,966,1070
156412,967,1069
156413,973,1071
156414,974,1067
156415,971,1062
156416,965,1059
156417,966,1060
156418,973,1061
156419,974,1061
156420,976,1057
156421,973,1054
156422,974,1051
156423,972,1054
156424,977,1056
156425,980,1057
156426,977,1055
156427,975,1053
156428,975,1050
156429,975,1051
156430,976,1054
156431,980,1053
156432,979,1051
156433,978,1050
156434,973,1050
156435,974,1050
156436,978,1054
156437,979,1056
156438,980,1054
156439,980,1052
156440,978,1049
156441,979,1052
156442,982,1051
156443,980,1053
156444,979,1050
156445,980,1046
156446,978,1046
156447,981,1049
156448,982,1051
156449,985,1054
156450,985,1053
156451,985,1047
156452,982,1047
156453,980,1048
156454,983,1052
156455,984,1054
156456,982,1052
156457,979,1051
156458,980,1048
156459,980,1048
156460,981,1055
156461,983,1057
156462,979,1053
156463,978,1051
156464,976,1050
156465,974,1052
156466,976,1053
156467,979,1051
156468,978,1055
156469,976,1049
156470,972,1051
156471,972,1052
156472,974,1054
156473,974,1055
156474,975,1053
156475,973,1052
156476,969,1054
156477,968,1058
156478,969,1061
156479,975,1063
156480,974,1059
156481,974,1056
156482,974,1053
156483,975,1049
156484,977,1051
156485,980,1048
156486,974,1049
156487,973,1044
156488,972,1044
156489,972,1047
156490,975,1051
156491,980,1054
156492,977,1052
156493,976,1048
156494,974,1046
156495,972,1042
156496,974,1045
156497,977,1047
156498,976,1046
156499,973,1045
156500,974,1045
156501,975,1046
156502,977,1048
156503,980,1052
156504,982,1047
156505,980,1044
156506,977,1045
156507,975,1047
156508,977,1050
156509,979,1050
156510,977,1048
156511,977,1046
156512,974,1047
156513,974,1049
156514,977,1052
156515,980,1054
156516,976,1050
156517,975,1049
156518,974,1046
156519,976,1048
156520,979,1050
156521,981,1050
156522,979,1050
156523,977,1047
156524,973,1048
156525,975,1050
156526,977,1055
156527,980,1054
156528,979,1053
156529,974,1048
156530,971,1046
156531,972,1049
156532,973,1052
156533,977,1054
156534,975,1053
156535,974,1052
156536,974,1049
156537,972,1053
156538,975,1055
156539,979,1052
156540,979,1049
156541,978,1044
156542,973,1043
156543,976,1046
156544,978,1047
156545,979,1048
156546,981,1048
156547,980,1048
156548,978,1046
156549,979,1048
156550,982,1049
156551,983,1049
156552,982,1048
156553,979,1047
156554,977,1047
156555,980,1049
156556,982,1049
156557,986,1050
156558,981,1050
156559,982,1046
156560,980,1046
156561,979,1049
156562,983,1053
156563,986,1054
156564,985,1054
156565,981,1048
156566,980,1048
156567,978,1046
156568,979,1048
156569,980,1045
156570,978,1043
156571,976,1045
156572,974,1045
156573,976,1047
156574,979,1048
156575,977,1049
156576,979,1050
156577,974,1047
156578,972,1046
156579,972,1050
156580,973,1054
156581,978,1053
156582,977,1049
156583,976,1047
156584,974,1046
156585,974,1047
156586,977,1048
156587,979,1048
156588,977,1047
156589,976,1046
156590,972,1043
156591,976,1047
156592,980,1050
156593,983,1049
156594,982,1051
156595,980,1048
156596,978,1047
156597,979,1051
156598,984,1051
156599,988,1051
156600,989,1050
156601,987,1049
156602,985,1047
156603,982,1051
156604,986,1049
156605,988,1054
156606,987,1049
156607,983,1044
156608,981,1044
156609,982,1045
156610,986,1049
156611,988,1050
156612,986,1049
156613,985,1045
156614,981,1042
156615,982,1044
156616,984,1047
156617,988,1049
156618,986,1047
156619,984,1045
156620,982,1042
156621,983,1043
156622,985,1046
156623,989,1044
156624,991,1041
156625,985,1038
156626,986,1039
156627,986,1042
156628,985,1044
156629,989,1043
156630,991,1040
156631,986,1037
156632,985,1037
156633,985,1040
156634,987,1042
156635,990,1042
156636,989,1040
156637,986,1040
156638,986,1039
156639,986,1040
156640,990,1043
156641,992,1043
156642,992,1043
156643,990,1043
156644,987,1041
156645,989,1043
156646,992,1046
156647,995,1046
156648,994,1044
156649,993,1041
156650,992,1043
156651,993,1042
156652,996,1045
156653,997,1043
156654,995,1041
156655,994,1037
156656,991,1039
156657,992,1040
156658,998,1044
156659,1011,1042
156660,1022,1038
156661,1034,1034
156662,1051,1034
156663,1076,1034
156664,1107,1033
156665,1146,1027
156666,1181,1015
156667,1217,999
156668,1252,997
156669,1289,999
156670,1323,1006
156671,1339,1025
156672,1333,1039
156673,1297,1046
156674,1244,1050
156675,1185,1056
156676,1125,1061
156677,1072,1066
156678,1015,1066
156679,979,1061
156680,968,1061
156681,978,1057
156682,992,1052
156683,1002,1049
156684,1000,1038
156685,995,1036
156686,991,1034
156687,990,1034
156688,988,1039
156689,991,1039
156690,989,1037
156691,985,1036
156692,980,1036
156693,979,1038
156694,980,1041
156695,983,1040
156696,981,1045
156697,979,1042
156698,975,1041
156699,974,1041
156700,974,1043
156701,977,1042
156702,975,1040
156703,970,1039
156704,967,1038
156705,966,1040
156706,969,1045
156707,975,1047
156708,974,1046
156709,973,1047
156710,970,1042
156711,971,1045
156712,972,1048
156713,975,1048
156714,975,1043
156715,974,1040
156716,971,1037
156717,970,1041
156718,972,1042
156719,974,1045
156720,973,1046
156721,971,1049
156722,967,1049
156723,968,1047
156724,975,1046
156725,978,1041
156726,979,1037
156727,976,1030
156728,974,1026
156729,975,1029
156730,977,1031
156731,978,1031
156732,980,1032
156733,978,1028
156734,978,1032
156735,978,1034
156736,984,1036
156737,989,1035
156738,989,1033
156739,984,1028
156740,984,1027
156741,986,1030
156742,990,1032
156743,994,1031
156744,993,1028
156745,994,1028
156746,993,1027
156747,993,1028
156748,995,1031
156749,999,1034
156750,1003,1034
156751,1000,1035
156752,1003,1032
156753,1006,1032
156754,1010,1033
156755,1015,1033
156756,1014,1028
156757,1012,1026
156758,1010,1026
156759,1011,1029
156760,1014,1032
156761,1019,1034
156762,1016,1030
156763,1019,1029
156764,1014,1028
156765,1018,1024
156766,1020,1022
156767,1023,1022
156768,1024,1021
156769,1022,1019
156770,1020,1018
156771,1021,1018
156772,1028,1019
156773,1033,1019
156774,1034,1015
156775,1030,1009
156776,1031,1012
156777,1031,1016
156778,1036,1016
156779,1040,1015
156780,1037,1012
156781,1036,1007
156782,1032,1009
156783,1036,1011
156784,1035,1011
156785,1039,1012
156786,1038,1011
156787,1035,1012
156788,1028,1012
156789,1027,1017
156790,1027,1021
156791,1028,1023
156792,1026,1023
156793,1022,1021
156794,1018,1025
156795,1015,1029
156796,1018,1034
156797,1019,1036
156798,1014,1035
156799,1010,1030
156800,1006,1034
156801,1004,1036
156802,1008,1039
156803,1010,1042
156804,1008,1039
156805,1005,1039
156806,1003,1037
156807,1003,1039
156808,1004,1041
156809,1009,1042
156810,1005,1041
156811,1003,1040
156812,1000,1042
156813,1003,1043
156814,1004,1046
156815,1003,1046
156816,999,1040
156817,999,1039
156818,998,1039
156819,996,1042
156820,1000,1044
156821,1002,1042
156822,1000,1041
156823,996,1038
156824,996,1037
156825,997,1037
156826,997,1038
156827,1000,1040
156828,1001,1034
156829,998,1035
156830,996,1032
156831,996,1036
156832,995,1036
156833,1001,1036
156834,1001,1036
156835,997,1035
156836,996,1036
156837,999,1038
156838,1001,1040
156839,1002,1042
156840,1002,1038
156841,1004,1037
156842,1001,1033
156843,1000,1034
156844,1004,1035
156845,1006,1034
156846,1004,1034
156847,1005,1030
156848,1002,1034
156849,1002,1036
156850,1008,1039
156851,1009,1038
156852,1010,1036
156853,1006,1037
156854,1005,1035
156855,1005,1036
156856,1006,1037
156857,1009,1040
156858,1010,1039
156859,1006,1037
156860,1005,1036
156861,1005,1043
156862,1006,1041
156863,1009,1042
156864,1008,1038
156865,1006,1037
156866,1003,1035
156867,1001,1038
156868,1004,1041
156869,1004,1042
156870,1004,1041
156871,1001,1039
156872,997,1038
156873,999,1039
156874,1000,1042
156875,1000,1036
156876,1000,1034
156877,997,1030
156878,995,1034
156879,995,1036
156880,995,1039
156881,1001,1038
156882,998,1034
156883,998,1029
156884,997,1028
156885,999,1029
156886,1002,1031
156887,1002,1033
156888,1001,1031
156889,997,1029
156890,994,1031
156891,995,1031
156892,999,1039
156893,1001,1040
156894,999,1036
156895,997,1032
156896,994,1034
156897,995,1034
156898,997,1035
156899,1002,1035
156900,1002,1036
156901,997,1032
156902,995,1031
156903,998,1036
156904,998,1040
156905,1004,1043
156906,1004,1039
156907,999,1038
156908,999,1037
156909,997,1038
156910,1000,1040
156911,1002,1041
156912,1000,1040
156913,1000,1039
156914,998,1039
156915,999,1043
156916,998,1044
156917,1003,1039
156918,1004,1032
156919,999,1029
156920,997,1030
156921,999,1030
156922,1001,1031
156923,1010,1030
156924,1017,1029
156925,1027,1023
156926,1038,1020
156927,1059,1023
156928,1087,1026
156929,1124,1022
156930,1163,1010
156931,1204,999
156932,1243,988
156933,1285,988
156934,1324,994
156935,1349,1010
156936,1346,1029
156937,1315,1039
156938,1262,1038
156939,1194,1040
156940,1128,1049
156941,1060,1057
156942,995,1068
156943,957,1070
156944,947,1072
156945,962,1073
156946,976,1064
156947,990,1054
156948,993,1041
156949,994,1034
156950,990,1032
156951,990,1033
156952,988,1038
156953,990,1039
156954,989,1039
156955,986,1036
156956,983,1033
156957,985,1035
156958,984,1037
156959,986,1038
156960,983,1042
156961,981,1039
156962,978,1038
156963,980,1041
156964,980,1038
156965,982,1036
156966,980,1034
156967,977,1029
156968,976,1029
156969,976,1033
156970,976,1034
156971,981,1033
156972,978,1034
156973,975,1035
156974,975,1037
156975,973,1039
156976,976,1040
156977,979,1037
156978,978,1032
156979,974,1025
156980,973,1024
156981,974,1026
156982,975,1031
156983,977,1030
156984,976,1031
156985,975,1027
156986,973,1026
156987,975,1027
156988,981,1030
156989,982,1029
156990,980,1029
156991,982,1026
156992,981,1024
156993,983,1025
156994,988,1028
156995,990,1026
156996,988,1025
156997,989,1022
156998,983,1024
156999,990,1029
157000,993,1031
157001,997,1031
157002,998,1029
157003,997,1025
157004,995,1025
157005,998,1028
157006,1005,1028
157007,1006,1024
157008,1007,1023
157009,1006,1021
157010,1003,1020
157011,1004,1019
157012,1004,1022
157013,1009,1021
157014,1011,1022
157015,1013,1013
157016,1010,1008
157017,1014,1008
157018,1017,1007
157019,1023,1002
157020,1023,998
157021,1021,995
157022,1018,996
157023,1019,1000
157024,1020,1006
157025,1026,1006
157026,1023,1006
157027,1022,999
157028,1020,993
157029,1019,991
157030,1025,993
157031,1028,995
157032,1027,994
157033,1025,995
157034,1021,997
157035,1024,999
157036,1026,1000
157037,1030,1000
157038,1028,998
157039,1024,998
157040,1018,1001
157041,1019,1006
157042,1021,1011
157043,1022,1013
157044,1022,1015
157045,1016,1014
157046,1012,1017
157047,1013,1023
157048,1012,1029
157049,1016,1031
157050,1012,1030
157051,1008,1029
157052,1003,1031
157053,1000,1037
157054,1001,1046
157055,1005,1045
157056,998,1042
157057,997,1037
157058,990,1038
157059,989,1043
157060,994,1047
157061,995,1048
157062,992,1046
157063,987,1044
157064,988,1046
157065,988,1047
157066,989,1049
157067,990,1041
157068,990,1036
157069,989,1034
157070,985,1038
157071,985,1043
157072,986,1044
157073,989,1041
157074,988,1035
157075,991,1033
157076,988,1031
157077,991,1032
157078,993,1038
157079,996,1036
157080,996,1033
157081,993,1029
157082,990,1033
157083,994,1035
157084,996,1037
157085,1000,1039
157086,996,1038
157087,995,1034
157088,994,1034
157089,997,1036
157090,998,1036
157091,999,1036
157092,999,1033
157093,997,1030
157094,993,1033
157095,995,1038
157096,995,1040
157097,998,1041
157098,997,1038
157099,991,1036
157100,991,1039
157101,991,1043
157102,993,1043
157103,995,1043
157104,994,1040
157105,992,1039
157106,989,1038
157107,992,1040
157108,991,1043
157109,996,1042
157110,994,1039
157111,992,1039
157112,989,1036
157113,990,1041
157114,993,1047
157115,997,1049
157116,994,1049
157117,995,1041
157118,994,1036
157119,994,1034
157120,997,1033
157121,999,1032
157122,999,1036
157123,996,1037
157124,996,1035
157125,997,1036
157126,1002,1038
157127,1004,1035
157128,1003,1035
157129,997,1029
157130,996,1029
157131,994,1031
157132,996,1036
157133,998,1036
157134,997,1036
157135,994,1035
157136,990,1034
157137,994,1036
157138,995,1037
157139,996,1037
157140,994,1036
157141,990,1033
157142,987,1032
157143,990,1034
157144,992,1037
157145,991,1036
157146,991,1034
157147,988,1030
157148,984,1033
157149,986,1037
157150,988,1042
157151,992,1040
157152,992,1039
157153,990,1038
157154,985,1039
157155,988,1047
157156,987,1046
157157,995,1042
157158,994,1037
157159,992,1035
157160,990,1034
157161,992,1038
157162,993,1042
157163,996,1044
157164,994,1039
157165,993,1039
157166,991,1037
157167,992,1038
157168,995,1040
157169,1000,1038
157170,999,1033
157171,997,1030
157172,996,1030
157173,999,1032
157174,1006,1033
157175,1017,1029
157176,1025,1027
157177,1035,1023
157178,1052,1022
157179,1075,1023
157180,1105,1022
157181,1143,1019
157182,1183,1006
157183,1220,996
157184,1253,990
157185,1292,991
157186,1327,1000
157187,1346,1014
157188,1338,1029
157189,1303,1033
157190,1244,1036
157191,1181,1041
157192,1116,1051
157193,1051,1062
157194,990,1066
157195,951,1068
157196,941,1068
157197,948,1068
157198,965,1063
157199,977,1053
157200,981,1043
157201,981,1035
157202,978,1035
157203,980,1036
157204,978,1038
157205,983,1036
157206,981,1032
157207,977,1028
157208,973,1029
157209,975,1031
157210,978,1033
157211,978,1034
157212,977,1037
157213,975,1038
157214,971,1040
157215,973,1043
157216,977,1042
157217,981,1038
157218,980,1032
157219,977,1030
157220,975,1030
157221,972,1035
157222,976,1038
157223,979,1040
157224,976,1040
157225,973,1035
157226,969,1036
157227,967,1036
157228,972,1038
157229,975,1037
157230,975,1034
157231,972,1030
157232,969,1030
157233,970,1031
157234,973,1037
157235,975,1037
157236,974,1033
157237,974,1029
157238,970,1031
157239,972,1032
157240,974,1036
157241,976,1035
157242,976,1031
157243,974,1026
157244,973,1021
157245,974,1024
157246,975,1028
157247,979,1033
157248,977,1032
157249,976,1031
157250,972,1028
157251,975,1026
157252,979,1025
157253,981,1028
157254,981,1025
157255,984,1022
157256,980,1021
157257,980,1025
157258,981,1027
157259,983,1027
157260,983,1029
157261,981,1025
157262,983,1023
157263,987,1020
157264,992,1016
157265,994,1012
157266,994,1007
157267,992,1005
157268,994,1008
157269,998,1008
157270,1001,1012
157271,1006,1012
157272,1006,1010
157273,1007,1005
157274,1007,1003
157275,1007,1006
157276,1009,1004
157277,1019,1003
157278,1016,1001
157279,1015,995
157280,1014,999
157281,1017,999
157282,1021,1001
157283,1024,998
157284,1025,997
157285,1021,992
157286,1017,993
157287,1023,999
157288,1025,1000
157289,1024,1001
157290,1026,1001
157291,1023,1000
157292,1019,1003
157293,1022,1003
157294,1022,1004
157295,1024,1006
157296,1020,1008
157297,1015,1011
157298,1012,1010
157299,1011,1016
157300,1011,1018
157301,1011,1019
157302,1014,1018
157303,1008,1017
157304,1003,1023
157305,999,1030
157306,999,1036
157307,1002,1037
157308,999,1039
157309,997,1041
157310,991,1040
157311,992,1043
157312,991,1043
157313,994,1044
157314,988,1039
157315,987,1035
157316,982,1038
157317,981,1046
157318,981,1053
157319,982,1047
157320,982,1041
157321,982,1036
157322,979,1036
157323,978,1041
157324,980,1044
157325,981,1041
157326,985,1038
157327,984,1034
157328,983,1036
157329,984,1037
157330,988,1041
157331,988,1041
157332,992,1040
157333,988,1034
157334,988,1035
157335,986,1034
157336,989,1036
157337,991,1038
157338,992,1036
157339,987,1035
157340,985,1035
157341,986,1037
157342,988,1038
157343,991,1040
157344,991,1038
157345,990,1037
157346,987,1037
157347,987,1037
157348,991,1043
157349,995,1043
157350,993,1040
157351,988,1037
157352,987,1037
157353,987,1041
157354,990,1040
157355,992,1041
157356,991,1040
157357,989,1041
157358,985,1041
157359,987,1045
157360,990,1051
157361,993,1044
157362,993,1036
157363,990,1029
157364,986,1030
157365,986,1031
157366,989,1034
157367,992,1033
157368,990,1031
157369,989,1027
157370,986,1028
157371,987,1032
157372,990,1031
157373,989,1031
157374,989,1028
157375,988,1029
157376,987,1030
157377,989,1032
157378,992,1036
157379,994,1037
157380,992,1035
157381,990,1033
157382,986,1033
157383,986,1036
157384,990,1037
157385,994,1036
157386,997,1033
157387,998,1033
157388,991,1033
157389,988,1038
157390,990,1044
157391,993,1044
157392,993,1039
157393,993,1035
157394,998,1034
157395,1005,1035
157396,1021,1038
157397,1036,1039
157398,1057,1039
157399,1085,1038
157400,1119,1028
157401,1161,1012
157402,1208,1002
157403,1251,1000
157404,1291,1008
157405,1323,1024
157406,1333,1039
157407,1319,1052
157408,1284,1053
157409,1224,1049
157410,1151,1052
157411,1077,1059
157412,1008,1070
157413,959,1079
157414,946,1083
157415,953,1075
157416,966,1059
157417,974,1043
157418,977,1038
157419,977,1036
157420,978,1037
157421,981,1036
157422,978,1034
157423,974,1031
157424,971,1034
157425,969,1039
157426,970,1040
157427,972,1039
157428,973,1035
157429,971,1033
157430,967,1033
157431,967,1035
157432,971,1041
157433,975,1040
157434,973,1038
157435,970,1033
157436,965,1034
157437,965,1039
157438,965,1044
157439,969,1044
157440,966,1046
157441,967,1038
157442,966,1039
157443,964,1043
157444,966,1045
157445,968,1046
157446,968,1044
157447,966,1041
157448,963,1043
157449,967,1042
157450,969,1041
157451,971,1033
157452,969,1033
157453,963,1034
157454,961,1036
157455,962,1039
157456,965,1041
157457,968,1037
157458,967,1034
157459,967,1033
157460,966,1035
157461,968,1036
157462,968,1039
157463,970,1039
157464,973,1034
157465,973,1029
157466,969,1025
157467,970,1027
157468,974,1028
157469,975,1028
157470,979,1024
157471,976,1019
157472,977,1016
157473,979,1017
157474,981,1018
157475,988,1018
157476,989,1014
157477,992,1008
157478,990,1006
157479,995,1005
157480,998,1006
157481,999,1005
157482,1000,1004
157483,1002,999
157484,999,997
157485,998,995
157486,1002,997
157487,1006,999
157488,1006,1001
157489,1006,1001
157490,1005,998
157491,1006,997
157492,1008,994
157493,1012,990
157494,1012,986
157495,1010,982
157496,1008,983
157497,1011,984
157498,1014,990
157499,1014,992
157500,1015,994
157501,1009,995
157502,1007,996
157503,1006,996
157504,1010,1003
157505,1010,1002
157506,1013,1004
157507,1007,1006
157508,1004,1010
157509,1002,1017
157510,1004,1021
157511,1006,1024
157512,1001,1023
157513,999,1023
157514,997,1026
157515,996,1031
157516,992,1035
157517,993,1036
157518,990,1037
157519,988,1035
157520,986,1039
157521,989,1044
157522,992,1048
157523,993,1048
157524,988,1044
157525,987,1041
157526,984,1043
157527,986,1041
157528,988,1044
157529,988,1040
157530,986,1042
157531,984,1041
157532,983,1042
157533,986,1047
157534,990,1050
157535,991,1048
157536,987,1043
157537,986,1040
157538,985,1041
157539,986,1048
157540,990,1052
157541,992,1046
157542,989,1043
157543,985,1038
157544,985,1041
157545,987,1046
157546,990,1051
157547,993,1048
157548,992,1047
157549,987,1042
157550,984,1041
157551,986,1043
157552,989,1044
157553,991,1042
157554,989,1042
157555,989,1039
157556,986,1042
157557,988,1043
157558,992,1047
157559,994,1044
157560,995,1045
157561,995,1044
157562,997,1045
157563,1002,1046
157564,1009,1050
157565,1013,1053
157566,1015,1054
157567,1015,1047
157568,1016,1052
157569,1022,1053
157570,1033,1057
157571,1047,1053
157572,1060,1044
157573,1067,1026
157574,1078,1009
157575,1092,994
157576,1111,985
157577,1127,967
157578,1144,950
157579,1156,937
157580,1171,923
157581,1190,907
157582,1207,888
157583,1223,870
157584,1235,855
157585,1242,845
157586,1249,838
157587,1258,835
157588,1258,833
157589,1257,831
157590,1250,830
157591,1247,825
157592,1242,826
157593,1235,830
157594,1227,834
157595,1213,838
157596,1194,842
157597,1175,847
157598,1154,858
157599,1134,866
157600,1120,877
157601,1103,886
157602,1092,895
157603,1080,903
157604,1070,913
157605,1067,922
157606,1067,933
157607,1065,943
157608,1059,948
157609,1053,954
157610,1053,966
157611,1061,976
157612,1076,989
157613,1095,991
157614,1106,988
157615,1100,986
157616,1067,994
157617,1021,1001
157618,982,1019
157619,955,1035
157620,939,1050
157621,934,1062
157622,927,1071
157623,927,1075
157624,927,1080
157625,920,1082
157626,917,1083
157627,912,1083
157628,905,1086
157629,905,1092
157630,905,1098
157631,906,1099
157632,900,1097
157633,898,1098
157634,895,1100
157635,893,1109
157636,896,1114
157637,895,1115
157638,892,1116
157639,890,1114
157640,885,1115
157641,886,1118
157642,889,1119
157643,889,1120
157644,884,1120
157645,880,1119
157646,879,1119
157647,877,1126
157648,878,1129
157649,878,1134
157650,877,1134
157651,875,1133
157652,870,1134
157653,867,1140
157654,869,1142
157655,866,1150
157656,865,1151
157657,862,1152
157658,862,1154
157659,859,1158
157660,864,1163
157661,865,1163
157662,862,1166
157663,856,1166
157664,854,1171
157665,855,1174
157666,860,1174
157667,861,1176
157668,858,1176
157669,856,1178
157670,856,1181
157671,858,1186
157672,863,1188
157673,866,1187
157674,867,1186
157675,866,1181
157676,865,1177
157677,870,1180
157678,873,1177
157679,879,1177
157680,882,1174
157681,882,1172
157682,887,1168
157683,890,1172
157684,898,1169
157685,906,1161
157686,911,1148
157687,915,1140
157688,918,1135
157689,918,1133
157690,926,1134
157691,931,1127
157692,935,1120
157693,935,1114
157694,935,1110
157695,939,1109
157696,944,1104
157697,950,1099
157698,953,1088
157699,954,1081
157700,955,1078
157701,955,1077
157702,957,1077
157703,962,1075
157704,964,1072
157705,962,1069
157706,961,1069
157707,964,1069
157708,969,1068
157709,973,1062
157710,968,1056
157711,963,1053
157712,962,1055
157713,966,1054
157714,969,1054
157715,973,1054
157716,973,1052
157717,972,1049
157718,970,1050
157719,974,1050
157720,976,1050
157721,977,1047
157722,974,1040
157723,969,1038
157724,965,1041
157725,969,1044
157726,972,1049
157727,974,1046
157728,975,1042
157729,975,1040
157730,974,1044
157731,974,1046
157732,978,1047
157733,979,1042
157734,979,1036
157735,976,1034
157736,974,1035
157737,974,1042
157738,980,1044
157739,984,1041
157740,983,1039
157741,982,1037
157742,978,1039
157743,980,1037
157744,981,1039
157745,983,1037
157746,982,1038
157747,976,1037
157748,974,1038
157749,977,1037
157750,981,1043
157751,985,1042
157752,984,1040
157753,981,1038
157754,980,1039
157755,979,1045
157756,979,1047
157757,983,1045
157758,983,1039
157759,982,1035
157760,982,1033
157761,984,1034
157762,986,1037
157763,988,1037
157764,987,1033
157765,985,1028
157766,983,1035
157767,983,1039
157768,986,1039
157769,989,1038
157770,988,1039
157771,983,1035
157772,980,1031
157773,982,1034
157774,986,1037
157775,990,1035
157776,992,1033
157777,989,1033
157778,985,1033
157779,981,1038
157780,983,1043
157781,987,1040
157782,988,1031
157783,984,1027
157784,981,1031
157785,984,1034
157786,984,1041
157787,989,1040
157788,987,1035
157789,983,1035
157790,981,1035
157791,981,1037
157792,983,1040
157793,984,1038
157794,981,1035
157795,980,1031
157796,978,1037
157797,976,1039
157798,981,1038
157799,986,1035
157800,986,1035
157801,983,1035
157802,981,1036
157803,984,1035
157804,984,1033
157805,987,1030
157806,987,1028
157807,982,1027
157808,983,1026
157809,984,1032
157810,987,1032
157811,991,1035
157812,989,1036
157813,987,1033
157814,985,1030
157815,985,1031
157816,988,1032
157817,988,1037
157818,990,1038
157819,988,1034
157820,988,1032
157821,986,1031
157822,987,1036
157823,991,1039
157824,991,1034
157825,988,1029
157826,987,1027
157827,989,1027
157828,990,1031
157829,992,1029
157830,994,1030
157831,991,1031
157832,990,1032
157833,993,1032
157834,996,1034
157835,996,1030
157836,996,1027
157837,1000,1020
157838,1008,1021
157839,1025,1023
157840,1046,1023
157841,1074,1023
157842,1106,1016
157843,1145,1006
157844,1187,996
157845,1234,994
157846,1278,999
157847,1316,1009
157848,1331,1024
157849,1316,1038
157850,1274,1047
157851,1211,1047
157852,1144,1057
157853,1074,1066
157854,1003,1074
157855,957,1076
157856,941,1075
157857,954,1071
157858,971,1063
157859,984,1045
157860,985,1028
157861,981,1021
157862,976,1022
157863,976,1023
157864,977,1025
157865,973,1026
157866,974,1027
157867,971,1025
157868,970,1027
157869,970,1026
157870,968,1029
157871,971,1031
157872,970,1029
157873,967,1025
157874,965,1026
157875,965,1029
157876,966,1035
157877,966,1034
157878,968,1034
157879,966,1034
157880,961,1034
157881,963,1037
157882,967,1038
157883,970,1036
157884,968,1035
157885,961,1032
157886,960,1031
157887,963,1032
157888,966,1036
157889,968,1034
157890,967,1032
157891,966,1032
157892,965,1034
157893,969,1036
157894,971,1037
157895,971,1029
157896,971,1023
157897,969,1022
157898,966,1024
157899,970,1028
157900,973,1032
157901,976,1028
157902,975,1023
157903,975,1022
157904,974,1021
157905,976,1021
157906,982,1024
157907,981,1022
157908,981,1017
157909,980,1015
157910,981,1014
157911,981,1015
157912,987,1019
157913,993,1015
157914,994,1010
157915,992,1004
157916,994,1006
157917,996,1009
157918,1001,1010
157919,1007,1006
157920,1006,1005
157921,1006,1003
157922,1005,1001
157923,1007,1001
157924,1009,1001
157925,1011,995
157926,1011,989
157927,1012,987
157928,1007,992
157929,1013,996
157930,1017,998
157931,1017,996
157932,1015,994
157933,1015,994
157934,1016,993
157935,1019,996
157936,1023,998
157937,1027,993
157938,1028,992
157939,1027,994
157940,1026,996
157941,1028,998
157942,1030,1004
157943,1031,1002
157944,1033,1000
157945,1029,997
157946,1027,1000
157947,1025,1006
157948,1027,1012
157949,1027,1015
157950,1022,1013
157951,1017,1013
157952,1013,1019
157953,1013,1023
157954,1016,1028
157955,1015,1029
157956,1013,1029
157957,1010,1027
157958,1006,1025
157959,1006,1029
157960,1008,1033
157961,1004,1033
157962,1003,1035
157963,999,1035
157964,996,1034
157965,993,1041
157966,995,1041
157967,996,1036
157968,994,1032
157969,990,1031
157970,985,1034
157971,988,1037
157972,986,1041
157973,989,1042
157974,987,1041
157975,982,1036
157976,981,1035
157977,984,1034
157978,986,1035
157979,989,1035
157980,989,1034
157981,986,1032
157982,986,1038
157983,989,1043
157984,992,1044
157985,997,1042
157986,994,1035
157987,988,1034
157988,988,1038
157989,990,1042
157990,996,1040
157991,1000,1034
157992,997,1029
157993,995,1029
157994,994,1034
157995,998,1037
157996,999,1039
157997,1007,1034
157998,1005,1029
157999,1002,1021
158000,1002,1022
158001,1002,1023
158002,1004,1030
158003,1005,1036
158004,1004,1035
158005,1002,1032
158006,1002,1027
158007,1004,1027
158008,1006,1030
158009,1003,1028
158010,1004,1027
158011,1002,1025
158012,1000,1023
158013,1002,1028
158014,1002,1033
158015,1002,1032
158016,1001,1031
158017,997,1027
158018,996,1030
158019,995,1028
158020,995,1029
158021,996,1030
158022,991,1025
158023,991,1026
158024,988,1028
158025,990,1029
158026,993,1029
158027,994,1030
158028,993,1028
158029,990,1026
158030,989,1030
158031,991,1038
158032,994,1038
158033,997,1034
158034,995,1033
158035,993,1029
158036,993,1030
158037,996,1033
158038,998,1040
158039,1001,1039
158040,1002,1037
158041,998,1031
158042,998,1027
158043,1002,1023
158044,1012,1024
158045,1024,1023
158046,1036,1019
158047,1048,1014
158048,1069,1016
158049,1104,1016
158050,1146,1015
158051,1191,1010
158052,1236,1007
158053,1284,1010
158054,1324,1016
158055,1353,1026
158056,1362,1035
158057,1341,1039
158058,1289,1037
158059,1215,1037
158060,1137,1047
158061,1061,1058
158062,998,1063
158063,966,1061
158064,959,1051
158065,970,1037
158066,982,1028
158067,985,1023
158068,983,1026
158069,981,1025
158070,979,1023
158071,973,1027
158072,970,1026
158073,971,1029
158074,970,1034
158075,970,1030
158076,968,1029
158077,963,1024
158078,963,1024
158079,966,1030
158080,970,1030
158081,972,1030
158082,971,1029
158083,967,1030
158084,969,1035
158085,971,1038
158086,975,1037
158087,976,1030
158088,970,1023
158089,967,1024
158090,968,1025
158091,969,1032
158092,972,1037
158093,974,1033
158094,972,1035
158095,970,1033
158096,968,1028
158097,971,1027
158098,975,1026
158099,975,1031
158100,973,1027
158101,967,1025
158102,965,1025
158103,969,1029
158104,973,1031
158105,975,1029
158106,973,1023
158107,972,1021
158108,969,1019
158109,972,1022
158110,977,1026
158111,975,1023
158112,973,1022
158113,971,1018
158114,970,1018
158115,973,1018
158116,976,1017
158117,979,1016
158118,981,1011
158119,977,1012
158120,979,1015
158121,980,1016
158122,987,1015
158123,992,1013
158124,993,1009
158125,991,1001
158126,991,997
158127,992,999
158128,996,1007
158129,995,1001
158130,996,993
158131,996,986
158132,997,987
158133,999,990
158134,1005,993
158135,1006,990
158136,1004,989
158137,1001,984
158138,1001,986
158139,1002,987
158140,1006,991
158141,1009,988
158142,1009,987
158143,1008,985
158144,1009,987
158145,1010,988
158146,1014,991
158147,1015,995
158148,1013,993
158149,1013,992
158150,1010,998
158151,1011,1000
158152,1011,1008
158153,1012,1008
158154,1008,1005
158155,1005,1005
158156,1001,1008
158157,1001,1014
158158,998,1017
158159,999,1021
158160,997,1020
158161,993,1015
158162,988,1013
158163,987,1019
158164,987,1022
158165,989,1022
158166,987,1024
158167,983,1021
158168,982,1023
158169,982,1026
158170,986,1027
158171,989,1029
158172,985,1029
158173,979,1031
158174,979,1036
158175,981,1042
158176,985,1042
158177,984,1033
158178,981,1026
158179,976,1022
158180,976,1023
158181,976,1030
158182,979,1035
158183,979,1037
158184,978,1036
158185,975,1033
158186,974,1034
158187,979,1035
158188,981,1036
158189,984,1032
158190,984,1028
158191,983,1027
158192,983,1031
158193,983,1034
158194,985,1037
158195,987,1036
158196,985,1035
158197,985,1031
158198,983,1036
158199,987,1037
158200,991,1040
158201,990,1036
158202,989,1034
158203,985,1030
158204,984,1030
158205,987,1032
158206,987,1037
158207,988,1036
158208,988,1036
158209,982,1034
158210,985,1030
158211,986,1025
158212,989,1024
158213,992,1023
158214,988,1021
158215,986,1020
158216,981,1023
158217,985,1023
158218,987,1026
158219,987,1024
158220,986,1022
158221,985,1018
158222,984,1019
158223,985,1020
158224,986,1022
158225,986,1020
158226,983,1018
158227,982,1017
158228,980,1019
158229,980,1022
158230,982,1025
158231,984,1022
158232,981,1022
158233,977,1018
158234,975,1023
158235,975,1024
158236,978,1027
158237,980,1027
158238,979,1028
158239,977,1027
158240,977,1027
158241,980,1026
158242,981,1029
158243,983,1028
158244,982,1028
158245,981,1030
158246,979,1030
158247,983,1036
158248,985,1037
158249,984,1034
158250,985,1029
158251,980,1027
158252,978,1030
158253,979,1032
158254,982,1041
158255,983,1038
158256,982,1033
158257,977,1031
158258,976,1032
158259,976,1033
158260,984,1035
158261,984,1035
158262,981,1032
158263,983,1025
158264,981,1022
158265,985,1021
158266,986,1022
158267,986,1023
158268,985,1023
158269,984,1020
158270,982,1023
158271,984,1024
158272,987,1026
158273,991,1024
158274,991,1021
158275,995,1018
158276,1003,1015
158277,1019,1018
158278,1037,1019
158279,1059,1014
158280,1090,1009
158281,1124,1006
158282,1170,997
158283,1217,993
158284,1264,990
158285,1303,988
158286,1330,995
158287,1334,1009
158288,1316,1022
158289,1267,1028
158290,1204,1034
158291,1131,1039
158292,1052,1049
158293,984,1056
158294,946,1061
158295,940,1060
158296,951,1056
158297,968,1045
158298,978,1030
158299,977,1023
158300,976,1019
158301,973,1022
158302,973,1027
158303,972,1027
158304,971,1027
158305,965,1023
158306,962,1026
158307,963,1029
158308,962,1030
158309,960,1027
158310,958,1026
158311,958,1025
158312,956,1025
158313,956,1027
158314,958,1029
158315,963,1027
158316,959,1025
158317,958,1023
158318,953,1022
158319,953,1026
158320,957,1026
158321,957,1027
158322,954,1026
158323,952,1027
158324,951,1029
158325,956,1032
158326,957,1036
158327,961,1032
158328,958,1027
158329,956,1024
158330,956,1027
158331,955,1031
158332,959,1032
158333,960,1033
158334,959,1033
158335,956,1034
158336,955,1041
158337,958,1043
158338,960,1043
158339,964,1032
158340,963,1021
158341,963,1012
158342,963,1012
158343,964,1013
158344,969,1018
158345,970,1016
158346,969,1017
158347,964,1016
158348,965,1020
158349,968,1019
158350,973,1025
158351,972,1024
158352,978,1019
158353,975,1015
158354,976,1016
158355,978,1016
158356,984,1019
158357,984,1017
158358,987,1012
158359,985,1010
158360,986,1008
158361,986,1008
158362,994,1011
158363,994,1009
158364,997,1007
158365,996,1003
158366,995,1002
158367,997,1002
158368,998,1006
158369,1002,1005
158370,1001,998
158371,1000,994
158372,999,994
158373,1002,998
158374,1007,1002
158375,1011,1001
158376,1010,996
158377,1009,991
158378,1009,988
158379,1012,992
158380,1017,994
158381,1018,995
158382,1018,994
158383,1016,996
158384,1016,995
158385,1019,1000
158386,1019,1003
158387,1018,1005
158388,1020,1003
158389,1014,1001
158390,1011,1004
158391,1011,1007
158392,1012,1012
158393,1010,1014
158394,1005,1015
158395,1003,1013
158396,1000,1017
158397,999,1019
158398,1002,1024
158399,999,1024
158400,994,1027
158401,989,1027
158402,984,1029
158403,986,1036
158404,986,1033
158405,987,1028
158406,981,1022
158407,979,1021
158408,979,1022
158409,977,1027
158410,981,1031
158411,980,1027
158412,977,1029
158413,974,1031
158414,975,1029
158415,974,1030
158416,979,1034
158417,980,1031
158418,979,1031
158419,976,1028
158420,974,1031
158421,975,1037
158422,978,1037
158423,981,1035
158424,978,1034
158425,974,1032
158426,977,1030
158427,977,1036
158428,982,1038
158429,984,1036
158430,983,1034
158431,980,1029
158432,981,1029
158433,982,1032
158434,986,1033
158435,985,1031
158436,982,1030
158437,980,1028
158438,983,1030
158439,982,1034
158440,989,1035
158441,989,1031
158442,988,1031
158443,986,1030
158444,986,1028
158445,985,1031
158446,985,1030
158447,987,1031
158448,987,1026
158449,985,1026
158450,984,1030
158451,986,1029
158452,990,1035
158453,990,1028
158454,985,1020
158455,983,1018
158456,984,1020
158457,987,1025
158458,988,1029
158459,989,1027
158460,986,1023
158461,984,1020
158462,980,1021
158463,982,1024
158464,982,1028
158465,986,1027
158466,983,1025
158467,981,1023
158468,979,1023
158469,982,1027
158470,983,1030
158471,984,1028
158472,982,1028
158473,978,1023
158474,976,1026
158475,979,1027
158476,980,1031
158477,982,1029
158478,980,1025
158479,977,1022
158480,978,1023
158481,980,1030
158482,982,1032
158483,983,1030
158484,981,1024
158485,983,1019
158486,977,1023
158487,981,1027
158488,982,1030
158489,979,1029
158490,980,1025
158491,979,1023
158492,977,1024
158493,982,1029
158494,988,1030
158495,987,1031
158496,985,1028
158497,980,1028
158498,976,1026
158499,977,1028
158500,983,1031
158501,986,1028
158502,983,1025
158503,980,1022
158504,979,1023
158505,979,1027
158506,981,1028
158507,982,1027
158508,985,1024
158509,981,1022
158510,981,1021
158511,981,1023
158512,978,1026
158513,977,1024
158514,974,1024
158515,973,1024
158516,973,1024
158517,975,1022
158518,979,1023
158519,978,1020
158520,976,1017
158521,970,1015
158522,972,1021
158523,969,1022
158524,971,1024
158525,973,1024
158526,973,1022
158527,970,1020
158528,969,1020
158529,968,1024
158530,972,1026
158531,974,1027
158532,972,1025
158533,969,1020
158534,968,1021
158535,971,1023
158536,975,1026
158537,975,1026
158538,974,1022
158539,972,1020
158540,973,1020
158541,974,1023
158542,973,1025
158543,974,1023
158544,973,1022
158545,971,1020
158546,967,1024
158547,972,1025
158548,975,1028
158549,976,1027
158550,971,1026
158551,970,1025
158552,970,1030
158553,972,1032
158554,977,1032
158555,978,1032
158556,977,1030
158557,975,1024
158558,972,1025
158559,972,1026
158560,977,1026
158561,977,1024
158562,973,1024
158563,967,1019
158564,966,1021
158565,967,1023
158566,968,1025
158567,966,1024
158568,967,1022
158569,967,1019
158570,969,1022
158571,967,1023
158572,967,1024
158573,964,1025
158574,964,1023
158575,965,1020
158576,966,1023
158577,968,1025
158578,972,1028
158579,976,1028
158580,973,1023
158581,970,1021
158582,970,1023
158583,972,1026
158584,974,1028
158585,975,1026
158586,973,1022
158587,970,1017
158588,970,1019
158589,969,1019
158590,974,1021
158591,974,1021
158592,973,1018
158593,970,1012
158594,972,1017
158595,977,1016
158596,980,1020
158597,980,1019
158598,978,1015
158599,977,1015
158600,979,1019
158601,981,1019
158602,982,1021
158603,981,1021
158604,978,1018
158605,978,1016
158606,978,1017
158607,986,1015
158608,990,1015
158609,999,1012
158610,1013,1006
158611,1026,1002
158612,1050,1002
158613,1084,1002
158614,1119,996
158615,1158,986
158616,1196,976
158617,1237,973
158618,1277,975
158619,1315,989
158620,1329,1008
158621,1317,1021
158622,1274,1022
158623,1211,1022
158624,1150,1027
158625,1090,1037
158626,1035,1043
158627,982,1043
158628,953,1041
158629,943,1035
158630,956,1026
158631,972,1019
158632,978,1017
158633,973,1013
158634,966,1012
158635,959,1011
158636,960,1013
158637,962,1015
158638,964,1018
158639,963,1017
158640,960,1017
158641,960,1017
158642,958,1017
158643,952,1019
158644,953,1021
158645,954,1018
158646,955,1020
158647,951,1017
158648,950,1020
158649,954,1025
158650,956,1027
158651,956,1022
158652,951,1021
158653,945,1019
158654,945,1022
158655,950,1024
158656,951,1027
158657,953,1024
158658,950,1022
158659,946,1017
158660,947,1018
158661,950,1022
158662,952,1025
158663,953,1021
158664,953,1019
158665,948,1016
158666,948,1018
158667,951,1018
158668,951,1022
158669,952,1023
158670,950,1021
158671,948,1019
158672,949,1020
158673,951,1023
158674,957,1022
158675,956,1022
158676,956,1019
158677,955,1016
158678,957,1014
158679,957,1016
158680,959,1017
158681,960,1019
158682,962,1013
158683,961,1010
158684,961,1011
158685,964,1012
158686,970,1017
158687,970,1012
158688,969,1011
158689,968,1005
158690,967,1006
158691,972,1010
158692,977,1009
158693,978,1009
158694,975,1008
158695,975,1005
158696,978,1004
158697,980,1004
158698,984,1004
158699,989,1001
158700,989,994
158701,988,991
158702,984,991
158703,983,994
158704,987,994
158705,990,994
158706,990,990
158707,987,987
158708,988,988
158709,992,988
158710,994,987
158711,994,986
158712,996,982
158713,994,980
158714,996,982
158715,999,985
158716,1002,988
158717,1000,990
158718,1000,987
158719,998,987
158720,1000,990
158721,1002,994
158722,1008,998
158723,1006,998
158724,1006,995
158725,1001,997
158726,998,1000
158727,1001,1005
158728,1003,1006
158729,1002,1005
158730,999,1004
158731,998,1006
158732,994,1004
158733,994,1011
158734,997,1016
158735,996,1019
158736,992,1014
158737,988,1017
158738,985,1018
158739,988,1020
158740,988,1025
158741,986,1022
158742,981,1021
158743,975,1020
158744,974,1023
158745,977,1025
158746,977,1029
158747,977,1026
158748,973,1023
158749,971,1021
158750,970,1024
158751,972,1026
158752,973,1027
158753,971,1026
158754,968,1023
158755,967,1020
158756,967,1024
158757,965,1026
158758,970,1027
158759,970,1025
158760,970,1024
158761,972,1020
158762,972,1024
158763,972,1026
158764,975,1027
158765,975,1025
158766,975,1022
158767,971,1022
158768,971,1021
158769,978,1024
158770,979,1026
158771,977,1025
158772,975,1023
158773,974,1020
158774,973,1021
158775,974,1025
158776,978,1029
158777,980,1028
158778,980,1026
158779,975,1024
158780,977,1025
158781,977,1025
158782,981,1029
158783,978,1027
158784,977,1027
158785,974,1025
158786,974,1025
158787,978,1030
158788,982,1030
158789,983,1026
158790,979,1023
158791,977,1023
158792,974,1024
158793,975,1026
158794,977,1028
158795,979,1028
158796,978,1024
158797,975,1020
158798,977,1019
158799,977,1020
158800,981,1023
158801,980,1021
158802,979,1017
158803,976,1018
158804,976,1019
158805,976,1022
158806,977,1024
158807,979,1025
158808,979,1021
158809,977,1019
158810,979,1021
158811,981,1024
158812,982,1022
158813,983,1022
158814,980,1019
158815,979,1021
158816,978,1021
158817,980,1025
158818,982,1024
158819,985,1023
158820,982,1023
158821,978,1020
158822,978,1023
158823,978,1023
158824,984,1027
158825,983,1024
158826,980,1023
158827,979,1021
158828,976,1022
158829,977,1022
158830,978,1025
158831,982,1019
158832,987,1015
158833,990,1010
158834,999,1011
158835,1005,1014
158836,1021,1016
158837,1041,1013
158838,1068,1007
158839,1098,1001
158840,1141,996
158841,1186,992
158842,1234,995
158843,1277,1004
158844,1310,1013
158845,1322,1030
158846,1321,1044
158847,1297,1051
158848,1254,1049
158849,1192,1044
158850,1119,1045
158851,1037,1050
158852,968,1061
158853,929,1071
158854,922,1072
158855,933,1060
158856,942,1046
158857,946,1031
158858,951,1025
158859,961,1024
158860,964,1022
158861,965,1018
158862,960,1017
158863,958,1015
158864,956,1016
158865,956,1018
158866,959,1021
158867,959,1020
158868,957,1019
158869,949,1018
158870,950,1018
158871,951,1023
158872,953,1023
158873,953,1024
158874,952,1018
158875,952,1019
158876,952,1019
158877,954,1021
158878,956,1022
158879,956,1019
158880,952,1018
158881,950,1013
158882,948,1018
158883,953,1021
158884,954,1022
158885,954,1021
158886,952,1018
158887,951,1017
158888,949,1017
158889,951,1023
158890,953,1024
158891,953,1023
158892,950,1021
158893,948,1019
158894,947,1019
158895,951,1021
158896,954,1024
158897,953,1020
158898,952,1017
158899,946,1014
158900,946,1018
158901,951,1019
158902,953,1023
158903,952,1020
158904,951,1015
158905,947,1012
158906,949,1012
158907,951,1012
158908,955,1014
158909,955,1011
158910,954,1007
158911,952,1004
158912,953,1004
158913,957,1006
158914,962,1005
158915,962,999
158916,959,996
158917,958,992
158918,961,993
158919,964,994
158920,968,994
158921,969,989
158922,967,986
158923,968,987
158924,970,987
158925,970,986
158926,975,985
158927,975,984
158928,975,979
158929,974,975
158930,973,975
158931,977,974
158932,981,976
158933,980,972
158934,977,970
158935,975,969
158936,974,970
158937,979,975
158938,983,977
158939,983,975
158940,984,968
158941,981,966
158942,983,968
158943,987,974
158944,989,974
158945,993,974
158946,992,971
158947,991,969
158948,990,975
158949,992,978
158950,997,984
158951,999,983
158952,996,982
158953,992,986
158954,988,990
158955,991,993
158956,993,1000
158957,993,1000
158958,990,1002
158959,985,1001
158960,983,1007
158961,984,1011
158962,986,1016
158963,986,1013
158964,984,1014
158965,978,1015
158966,976,1016
158967,976,1022
158968,979,1025
158969,978,1026
158970,973,1025
158971,967,1024
158972,968,1027
158973,967,1028
158974,969,1030
158975,967,1026
158976,964,1025
158977,961,1024
158978,961,1028
158979,962,1033
158980,963,1035
158981,966,1032
158982,962,1033
158983,960,1030
158984,959,1033
158985,963,1036
158986,965,1036
158987,969,1032
158988,966,1026
158989,965,1025
158990,963,1027
158991,963,1031
158992,966,1032
158993,968,1032
158994,967,1028
158995,962,1027
158996,963,1029
158997,963,1030
158998,966,1033
158999,969,1030
159000,967,1027
159001,969,1025
159002,967,1023
159003,965,1025
159004,971,1028
159005,971,1025
159006,969,1026
159007,967,1023
159008,969,1022
159009,971,1024
159010,973,1026
159011,976,1025
159012,975,1024
159013,973,1021
159014,971,1021
159015,974,1023
159016,978,1023
159017,978,1020
159018,976,1015
159019,974,1015
159020,972,1014
159021,976,1018
159022,978,1019
159023,977,1020
159024,973,1016
159025,971,1019
159026,973,1019
159027,975,1022
159028,976,1022
159029,975,1021
159030,973,1018
159031,972,1015
159032,971,1016
159033,974,1022
159034,977,1022
159035,975,1020
159036,970,1020
159037,967,1018
159038,967,1021
159039,970,1024
159040,974,1026
159041,971,1026
159042,971,1025
159043,967,1024
159044,965,1023
159045,969,1026
159046,971,1028
159047,972,1027
159048,971,1029
159049,967,1024
159050,967,1026
159051,972,1030
159052,972,1030
159053,973,1031
159054,971,1027
159055,967,1025
159056,968,1027
159057,971,1030
159058,974,1029
159059,971,1026
159060,968,1026
159061,965,1024
159062,966,1025
159063,967,1028
159064,972,1028
159065,969,1025
159066,968,1021
159067,965,1019
159068,965,1020
159069,967,1020
159070,973,1023
159071,973,1025
159072,972,1022
159073,968,1021
159074,967,1023
159075,971,1023
159076,975,1024
159077,976,1024
159078,973,1024
159079,971,1025
159080,974,1026
159081,975,1030
159082,979,1033
159083,980,1032
159084,979,1027
159085,976,1024
159086,976,1026
159087,978,1027
159088,983,1025
159089,989,1023
159090,993,1015
159091,1000,1009
159092,1016,1011
159093,1038,1011
159094,1066,1012
159095,1101,1005
159096,1137,994
159097,1174,987
159098,1214,982
159099,1256,980
159100,1296,982
159101,1328,987
159102,1335,1004
159103,1313,1015
159104,1268,1023
159105,1205,1029
159106,1141,1029
159107,1070,1036
159108,1005,1041
159109,952,1043
159110,926,1047
159111,926,1048
159112,940,1046
159113,953,1038
159114,962,1027
159115,959,1021
159116,956,1021
159117,956,1021
159118,957,1022
159119,957,1020
159120,955,1019
159121,949,1015
159122,946,1022
159123,948,1026
159124,948,1028
159125,948,1028
159126,945,1027
159127,945,1024
159128,943,1028
159129,946,1034
159130,949,1035
159131,948,1032
159132,949,1030
159133,948,1030
159134,946,1034
159135,945,1037
159136,947,1038
159137,946,1034
159138,946,1031
159139,945,1030
159140,946,1034
159141,950,1033
159142,954,1032
159143,955,1028
159144,954,1026
159145,949,1030
159146,949,1031
159147,951,1034
159148,955,1034
159149,955,1027
159150,954,1023
159151,953,1018
159152,952,1021
159153,954,1025
159154,953,1026
159155,953,1028
159156,952,1025
159157,950,1023
159158,950,1027
159159,951,1026
159160,953,1027
159161,952,1024
159162,951,1021
159163,949,1017
159164,954,1017
159165,953,1017
159166,960,1016
159167,960,1014
159168,960,1013
159169,959,1010
159170,961,1008
159171,964,1011
159172,969,1010
159173,971,1008
159174,969,1008
159175,968,1008
159176,971,1009
159177,976,1007
159178,981,1006
159179,984,1002
159180,982,999
159181,983,995
159182,986,993
159183,990,995
159184,989,999
159185,993,999
159186,990,997
159187,988,993
159188,991,996
159189,993,996
159190,998,1001
159191,1000,998
159192,1002,997
159193,1001,993
159194,1000,997
159195,1001,999
159196,1006,1000
159197,1008,1002
159198,1003,998
159199,1001,1000
159200,1002,1001
159201,1002,1007
159202,1005,1010
159203,1003,1011
159204,1002,1009
159205,996,1011
159206,995,1010
159207,995,1013
159208,994,1014
159209,992,1015
159210,992,1014
159211,983,1014
159212,981,1014
159213,980,1021
159214,982,1027
159215,982,1027
159216,978,1027
159217,972,1022
159218,971,1025
159219,973,1023
159220,976,1025
159221,972,1026
159222,970,1025
159223,964,1025
159224,967,1027
159225,969,1031
159226,973,1035
159227,973,1037
159228,971,1038
159229,969,1034
159230,967,1035
159231,971,1034
159232,974,1034
159233,974,1029
159234,972,1024
159235,969,1026
159236,971,1031
159237,971,1033
159238,972,1035
159239,974,1036
159240,972,1035
159241,970,1034
159242,970,1040
159243,976,1041
159244,978,1041
159245,978,1037
159246,973,1033
159247,971,1035
159248,969,1040
159249,975,1046
159250,978,1048
159251,978,1040
159252,974,1038
159253,969,1033
159254,968,1032
159255,969,1031
159256,971,1031
159257,970,1028
159258,970,1027
159259,967,1029
159260,970,1032
159261,973,1034
159262,976,1032
159263,976,1030
159264,972,1028
159265,971,1023
159266,975,1023
159267,977,1025
159268,979,1026
159269,978,1024
159270,977,1025
159271,974,1025
159272,971,1027
159273,975,1030
159274,980,1034
159275,981,1032
159276,981,1029
159277,978,1026
159278,976,1027
159279,981,1031
159280,983,1032
159281,982,1033
159282,978,1031
159283,975,1031
159284,976,1035
159285,977,1033
159286,978,1037
159287,980,1037
159288,979,1038
159289,977,1038
159290,975,1043
159291,979,1045
159292,983,1042
159293,984,1038
159294,982,1032
159295,977,1027
159296,978,1025
159297,979,1028
159298,982,1030
159299,982,1031
159300,980,1031
159301,977,1030
159302,976,1031
159303,979,1032
159304,981,1032
159305,978,1029
159306,978,1026
159307,974,1025
159308,974,1028
159309,975,1032
159310,976,1032
159311,973,1029
159312,970,1025
159313,969,1022
159314,970,1026
159315,971,1026
159316,977,1029
159317,975,1028
159318,971,1027
159319,970,1029
159320,969,1028
159321,971,1031
159322,976,1032
159323,977,1027
159324,975,1023
159325,972,1025
159326,972,1026
159327,977,1032
159328,978,1036
159329,978,1035
159330,980,1033
159331,975,1033
159332,982,1035
159333,989,1034
159334,1002,1030
159335,1015,1028
159336,1031,1022
159337,1053,1021
159338,1088,1018
159339,1127,1017
159340,1173,1009
159341,1218,999
159342,1259,992
159343,1293,991
159344,1321,999
159345,1337,1017
159346,1326,1030
159347,1288,1034
159348,1227,1032
159349,1158,1034
159350,1090,1045
159351,1029,1053
159352,973,1058
159353,941,1054
159354,934,1051
159355,940,1042
159356,956,1037
159357,966,1032
159358,974,1029
159359,973,1025
159360,970,1022
159361,966,1020
159362,965,1025
159363,967,1031
159364,967,1034
159365,965,1032
159366,959,1031
159367,956,1029
159368,957,1031
159369,958,1033
159370,957,1039
159371,957,1037
159372,957,1035
159373,952,1029
159374,952,1026
159375,953,1026
159376,955,1025
159377,955,1028
159378,950,1024
159379,948,1024
159380,947,1028
159381,948,1030
159382,950,1032
159383,949,1028
159384,947,1029
159385,942,1027
159386,943,1030
159387,946,1034
159388,949,1037
159389,950,1032
159390,950,1032
159391,947,1034
159392,949,1036
159393,952,1038
159394,958,1038
159395,958,1036
159396,957,1033
159397,954,1032
159398,954,1035
159399,955,1035
159400,961,1038
159401,963,1037
159402,960,1033
159403,960,1033
159404,961,1033
159405,965,1037
159406,967,1039
159407,967,1034
159408,968,1031
159409,967,1027
159410,966,1030
159411,966,1031
159412,969,1033
159413,972,1030
159414,969,1027
159415,969,1023
159416,971,1020
159417,975,1021
159418,978,1020
159419,978,1015
159420,975,1013
159421,976,1009
159422,977,1011
159423,982,1011
159424,986,1011
159425,984,1008
159426,982,1003
159427,981,1000
159428,982,1002
159429,984,1002
159430,991,1003
159431,989,1000
159432,989,995
159433,989,991
159434,990,990
159435,995,990
159436,999,994
159437,1004,993
159438,1001,988
159439,999,990
159440,996,997
159441,1001,999
159442,1006,999
159443,1006,995
159444,1004,991
159445,1002,995
159446,1000,997
159447,1003,999
159448,1005,1004
159449,1004,1004
159450,1001,1004
159451,999,1007
159452,997,1011
159453,997,1015
159454,998,1021
159455,995,1025
159456,994,1022
159457,991,1020
159458,989,1024
159459,987,1030
159460,989,1034
159461,987,1036
159462,987,1034
159463,981,1036
159464,979,1040
159465,976,1046
159466,978,1050
159467,977,1051
159468,975,1047
159469,971,1046
159470,970,1048
159471,973,1046
159472,976,1044
159473,975,1040
159474,973,1037
159475,970,1036
159476,969,1031
159477,971,1035
159478,971,1039
159479,970,1041
159480,969,1037
159481,966,1035
159482,966,1033
159483,968,1030
159484,971,1032
159485,973,1029
159486,973,1026
159487,968,1026
159488,970,1027
159489,972,1032
159490,975,1033
159491,972,1036
159492,973,1036
159493,969,1033
159494,972,1035
159495,975,1033
159496,978,1035
159497,973,1036
159498,973,1032
159499,968,1033
159500,973,1038
159501,972,1043
159502,976,1047
159503,976,1043
159504,978,1040
159505,975,1037
159506,974,1039
159507,977,1041
159508,982,1043
159509,979,1039
159510,978,1035
159511,974,1035
159512,977,1038
159513,977,1043
159514,982,1047
159515,981,1041
159516,979,1033
159517,977,1032
159518,975,1034
159519,975,1037
159520,978,1041
159521,977,1040
159522,975,1038
159523,974,1034
159524,977,1035
159525,979,1036
159526,982,1035
159527,978,1034
159528,978,1032
159529,972,1033
159530,975,1033
159531,975,1038
159532,980,1038
159533,980,1031
159534,979,1027
159535,973,1023
159536,974,1028
159537,978,1030
159538,980,1029
159539,979,1029
159540,975,1027
159541,974,1029
159542,973,1032
159543,976,1037
159544,978,1040
159545,977,1037
159546,974,1034
159547,970,1029
159548,971,1031
159549,973,1035
159550,980,1039
159551,978,1043
159552,976,1039
159553,973,1037
159554,976,1037
159555,976,1041
159556,981,1041
159557,980,1036
159558,977,1031
159559,976,1030
159560,975,1033
159561,976,1039
159562,978,1041
159563,977,1046
159564,975,1044
159565,975,1043
159566,974,1044
159567,978,1044
159568,980,1040
159569,982,1031
159570,980,1027
159571,979,1028
159572,978,1030
159573,980,1033
159574,982,1035
159575,985,1034
159576,986,1033
159577,986,1031
159578,992,1036
159579,1004,1035
159580,1020,1031
159581,1039,1022
159582,1058,1017
159583,1086,1012
159584,1123,1011
159585,1167,1010
159586,1215,1004
159587,1257,1000
159588,1296,993
159589,1330,996
159590,1350,1006
159591,1347,1017
159592,1315,1026
159593,1260,1028
159594,1189,1030
159595,1120,1037
159596,1046,1046
159597,985,1051
159598,949,1052
159599,940,1048
159600,947,1043
159601,959,1036
159602,970,1030
159603,975,1031
159604,973,1031
159605,970,1031
159606,965,1031
159607,964,1028
159608,960,1035
159609,961,1041
159610,966,1042
159611,966,1037
159612,964,1030
159613,958,1026
159614,959,1030
159615,959,1037
159616,959,1043
159617,959,1046
159618,958,1042
159619,956,1036
159620,955,1036
159621,957,1037
159622,959,1034
159623,957,1029
159624,956,1027
159625,953,1030
159626,953,1033
159627,954,1038
159628,958,1039
159629,957,1040
159630,956,1039
159631,952,1038
159632,951,1036
159633,953,1039
159634,955,1041
159635,956,1038
159636,953,1035
159637,949,1037
159638,947,1038
159639,954,1041
159640,958,1042
159641,958,1037
159642,952,1032
159643,951,1029
159644,951,1028
159645,953,1028
159646,958,1031
159647,957,1028
159648,956,1026
159649,955,1024
159650,955,1027
159651,958,1032
159652,961,1033
159653,963,1033
159654,962,1031
159655,964,1027
159656,964,1024
159657,968,1024
159658,971,1023
159659,973,1019
159660,973,1016
159661,974,1014
159662,975,1016
159663,977,1016
159664,980,1017
159665,984,1014
159666,983,1010
159667,982,1011
159668,982,1011
159669,985,1013
159670,991,1015
159671,991,1013
159672,989,1008
159673,989,1003
159674,990,1002
159675,994,1006
159676,995,1010
159677,994,1009
159678,991,1006
159679,991,1009
159680,992,1013
159681,995,1016
159682,997,1012
159683,1000,1004
159684,1000,1001
159685,1001,1001
159686,1001,1002
159687,1003,1001
159688,1006,1003
159689,1006,1005
159690,1003,1007
159691,1001,1006
159692,1002,1006
159693,1006,1007
159694,1009,1007
159695,1008,1006
159696,1005,1006
159697,1003,1009
159698,1000,1012
159699,1001,1018
159700,1002,1023
159701,998,1026
159702,994,1026
159703,991,1028
159704,990,1026
159705,989,1026
159706,993,1029
159707,990,1025
159708,988,1026
159709,983,1025
159710,982,1028
159711,982,1037
159712,984,1037
159713,983,1040
159714,980,1038
159715,975,1037
159716,974,1041
159717,979,1045
159718,984,1046
159719,984,1046
159720,978,1044
159721,975,1044
159722,973,1046
159723,973,1048
159724,975,1048
159725,976,1043
159726,973,1038
159727,969,1035
159728,967,1034
159729,970,1039
159730,977,1039
159731,978,1037
159732,973,1033
159733,972,1035
159734,971,1036
159735,974,1034
159736,979,1036
159737,977,1035
159738,974,1032
159739,972,1034
159740,973,1034
159741,977,1038
159742,981,1039
159743,982,1037
159744,979,1033
159745,976,1031
159746,979,1035
159747,981,1037
159748,986,1037
159749,984,1038
159750,981,1035
159751,979,1034
159752,979,1036
159753,980,1039
159754,986,1039
159755,986,1040
159756,983,1038
159757,983,1041
159758,980,1043
159759,985,1043
159760,984,1043
159761,986,1037
159762,984,1035
159763,981,1030
159764,980,1030
159765,985,1033
159766,988,1035
159767,988,1033
159768,984,1030
159769,980,1032
159770,982,1030
159771,985,1031
159772,988,1031
159773,983,1032
159774,981,1030
159775,978,1033
159776,978,1035
159777,979,1033
159778,984,1034
159779,980,1032
159780,979,1031
159781,973,1032
159782,974,1035
159783,976,1034
159784,980,1033
159785,979,1030
159786,977,1026
159787,974,1028
159788,973,1031
159789,976,1035
159790,978,1041
159791,979,1041
159792,974,1041
159793,972,1037
159794,974,1040
159795,974,1042
159796,978,1047
159797,980,1043
159798,979,1037
159799,978,1036
159800,974,1033
159801,979,1037
159802,983,1038
159803,982,1037
159804,981,1036
159805,979,1032
159806,980,1035
159807,985,1033
159808,992,1032
159809,1002,1027
159810,1011,1023
159811,1029,1022
159812,1053,1020
159813,1089,1018
159814,1133,1015
159815,1176,1005
159816,1221,995
159817,1265,993
159818,1309,1000
159819,1345,1014
159820,1356,1028
159821,1330,1033
159822,1276,1031
159823,1200,1031
159824,1129,1041
159825,1056,1052
159826,992,1056
159827,951,1053
159828,939,1049
159829,949,1041
159830,968,1038
159831,980,1035
159832,981,1033
159833,977,1033
159834,972,1030
159835,969,1029
159836,968,1030
159837,970,1030
159838,971,1029
159839,967,1029
159840,961,1031
159841,961,1033
159842,961,1036
159843,963,1041
159844,965,1040
159845,963,1036
159846,957,1035
159847,956,1036
159848,954,1037
159849,955,1037
159850,958,1032
159851,958,1027
159852,954,1022
159853,951,1026
159854,950,1028
159855,953,1035
159856,957,1036
159857,956,1034
159858,954,1031
159859,948,1030
159860,952,1030
159861,954,1034
159862,961,1032
159863,962,1033
159864,958,1033
159865,957,1031
159866,957,1038
159867,960,1040
159868,964,1040
159869,965,1040
159870,964,1036
159871,963,1033
159872,964,1029
159873,968,1028
159874,973,1029
159875,970,1030
159876,966,1030
159877,965,1031
159878,966,1028
159879,970,1028
159880,973,1023
159881,975,1021
159882,973,1018
159883,971,1017
159884,971,1017
159885,974,1020
159886,976,1019
159887,977,1013
159888,976,1011
159889,977,1009
159890,978,1010
159891,984,1013
159892,985,1015
159893,989,1015
159894,988,1010
159895,986,1005
159896,988,1006
159897,991,1008
159898,995,1006
159899,996,1005
159900,996,1005
159901,995,1004
159902,994,1007
159903,997,1010
159904,1002,1006
159905,1000,1004
159906,999,1000
159907,1002,1000
159908,1004,1005
159909,1007,1009
159910,1009,1008
159911,1010,1006
159912,1009,1004
159913,1002,1003
159914,1004,1010
159915,1008,1015
159916,1009,1015
159917,1007,1013
159918,1006,1012
159919,1001,1011
159920,999,1018
159921,999,1025
159922,1000,1028
159923,995,1029
159924,989,1028
159925,984,1031
159926,982,1032
159927,986,1034
159928,986,1034
159929,985,1033
159930,979,1031
159931,974,1033
159932,975,1039
159933,976,1043
159934,978,1041
159935,976,1032
159936,974,1027
159937,971,1029
159938,974,1032
159939,973,1039
159940,974,1045
159941,972,1042
159942,970,1037
159943,968,1034
159944,971,1037
159945,974,1041
159946,976,1039
159947,976,1037
159948,972,1038
159949,971,1038
159950,973,1037
159951,976,1041
159952,981,1040
159953,979,1034
159954,977,1031
159955,976,1035
159956,974,1037
159957,976,1038
159958,979,1040
159959,980,1036
159960,979,1033
159961,977,1033
159962,977,1036
159963,980,1041
159964,983,1042
159965,983,1037
159966,980,1032
159967,979,1028
159968,981,1030
159969,985,1030
159970,987,1028
159971,986,1027
159972,984,1024
159973,981,1023
159974,983,1025
159975,983,1030
159976,986,1033
159977,985,1034
159978,981,1033
159979,980,1033
159980,980,1034
159981,979,1036
159982,981,1033
159983,980,1031
159984,977,1030
159985,975,1031
159986,974,1034
159987,979,1038
159988,981,1036
159989,985,1034
159990,983,1028
159991,978,1029
159992,978,1031
159993,983,1033
159994,985,1032
159995,982,1029
159996,980,1028
159997,973,1029
159998,974,1034
159999,977,1036
160000,980,1038
160001,980,1034
160002,980,1029
160003,979,1029
160004,977,1032
160005,978,1037
160006,983,1038
160007,983,1036
160008,982,1035
160009,979,1034
160010,979,1038
160011,982,1039
160012,983,1039
160013,984,1036
160014,982,1034
160015,980,1031
160016,980,1033
160017,981,1034
160018,985,1035
160019,984,1031
160020,980,1029
160021,980,1031
160022,979,1031
160023,981,1033
160024,984,1035
160025,985,1035
160026,984,1032
160027,979,1029
160028,981,1028
160029,986,1027
160030,989,1027
160031,986,1030
160032,985,1029
160033,982,1029
160034,983,1027
160035,991,1022
160036,1006,1019
160037,1019,1019
160038,1033,1015
160039,1055,1015
160040,1084,1012
160041,1124,1013
160042,1168,1003
160043,1210,992
160044,1248,982
160045,1285,979
160046,1320,987
160047,1337,1003
160048,1327,1015
160049,1282,1020
160050,1219,1018
160051,1151,1027
160052,1079,1043
160053,1019,1052
160054,971,1055
160055,944,1056
160056,942,1049
160057,953,1043
160058,968,1039
160059,981,1036
160060,985,1032
160061,982,1030
160062,977,1026
160063,977,1027
160064,974,1031
160065,973,1035
160066,974,1039
160067,971,1036
160068,969,1028
160069,965,1028
160070,964,1029
160071,967,1036
160072,968,1034
160073,969,1032
160074,964,1032
160075,961,1039
160076,963,1042
160077,963,1041
160078,969,1037
160079,968,1031
160080,964,1028
160081,961,1028
160082,960,1029
160083,962,1031
160084,966,1030
160085,965,1027
160086,963,1025
160087,962,1023
160088,959,1028
160089,964,1032
160090,965,1031
160091,966,1028
160092,960,1024
160093,961,1025
160094,960,1029
160095,960,1034
160096,964,1036
160097,966,1034
160098,964,1030
160099,962,1033
160100,964,1032
160101,967,1032
160102,972,1037
160103,969,1034
160104,969,1032
160105,969,1029
160106,970,1028
160107,973,1024
160108,975,1021
160109,977,1018
160110,976,1016
160111,974,1017
160112,977,1020
160113,978,1021
160114,981,1023
160115,981,1018
160116,981,1013
160117,979,1012
160118,983,1013
160119,984,1013
160120,986,1011
160121,985,1008
160122,984,1004
160123,986,1003
160124,987,1005
160125,989,1004
160126,991,1006
160127,993,1003
160128,993,1000
160129,994,1001
160130,994,1002
160131,1000,1003
160132,1004,1002
160133,1004,998
160134,1002,994
160135,999,994
160136,1001,995
160137,1004,995
160138,1009,998
160139,1009,996
160140,1009,989
160141,1009,987
160142,1011,991
160143,1010,996
160144,1016,1000
160145,1018,1001
160146,1016,1002
160147,1010,1008
160148,1012,1009
160149,1014,1012
160150,1016,1008
160151,1015,1005
160152,1011,1004
160153,1008,1005
160154,1005,1014
160155,1006,1020
160156,1003,1024
160157,1000,1020
160158,998,1018
160159,997,1021
160160,997,1025
160161,998,1025
160162,1001,1027
160163,1000,1027
160164,994,1026
160165,988,1030
160166,988,1033
160167,989,1034
160168,990,1036
160169,990,1032
160170,984,1030
160171,985,1027
160172,986,1031
160173,988,1035
160174,988,1039
160175,987,1041
160176,987,1038
160177,987,1034
160178,988,1038
160179,991,1042
160180,992,1040
160181,992,1034
160182,989,1025
160183,988,1025
160184,987,1029
160185,990,1033
160186,993,1034
160187,994,1033
160188,991,1031
160189,989,1031
160190,991,1034
160191,993,1040
160192,995,1039
160193,993,1040
160194,995,1034
160195,992,1026
160196,994,1024
160197,996,1025
160198,997,1030
160199,996,1027
160200,992,1026
160201,988,1027
160202,989,1028
160203,991,1030
160204,992,1029
160205,992,1028
160206,991,1025
160207,990,1025
160208,992,1028
160209,993,1027
160210,997,1025
160211,993,1022
160212,991,1018
160213,989,1020
160214,988,1022
160215,991,1026
160216,992,1030
160217,990,1029
160218,989,1027
160219,984,1030
160220,986,1031
160221,988,1037
160222,990,1035
160223,990,1039
160224,992,1035
160225,986,1038
160226,989,1036
160227,992,1038
160228,995,1035
160229,995,1031
160230,995,1028
160231,993,1025
160232,995,1030
160233,994,1033
160234,1000,1036
160235,997,1034
160236,995,1032
160237,993,1032
160238,993,1034
160239,996,1033
160240,1003,1028
160241,1003,1025
160242,1002,1023
160243,999,1018
160244,1002,1019
160245,1010,1020
160246,1025,1018
160247,1039,1019
160248,1059,1014
160249,1086,1008
160250,1127,1004
160251,1170,1001
160252,1215,993
160253,1258,988
160254,1297,991
160255,1332,1006
160256,1348,1030
160257,1332,1044
160258,1284,1046
160259,1211,1052
160260,1132,1058
160261,1057,1063
160262,998,1062
160263,970,1056
160264,970,1048
160265,978,1036
160266,988,1026
160267,987,1021
160268,984,1021
160269,980,1027
160270,981,1027
160271,981,1028
160272,975,1024
160273,971,1028
160274,972,1032
160275,971,1035
160276,973,1034
160277,973,1035
160278,970,1030
160279,968,1031
160280,968,1028
160281,971,1028
160282,973,1027
160283,971,1026
160284,967,1024
160285,965,1025
160286,965,1027
160287,966,1028
160288,968,1027
160289,966,1027
160290,963,1024
160291,963,1025
160292,962,1026
160293,965,1030
160294,967,1032
160295,970,1031
160296,967,1026
160297,965,1027
160298,966,1029
160299,967,1030
160300,970,1032
160301,968,1027
160302,967,1027
160303,967,1030
160304,968,1031
160305,971,1033
160306,973,1033
160307,975,1034
160308,974,1033
160309,972,1032
160310,974,1036
160311,977,1032
160312,978,1033
160313,980,1024
160314,978,1020
160315,976,1018
160316,976,1018
160317,977,1017
160318,984,1017
160319,985,1013
160320,982,1010
160321,980,1010
160322,982,1010
160323,983,1010
160324,987,1008
160325,989,1006
160326,988,1003
160327,986,1001
160328,990,1000
160329,995,1002
160330,998,1000
160331,997,998
160332,995,992
160333,994,990
160334,997,995
160335,1000,997
160336,1006,1001
160337,1005,1000
160338,1004,999
160339,1001,996
160340,1003,999
160341,1007,995
160342,1012,993
160343,1012,988
160344,1010,986
160345,1007,983
160346,1010,985
160347,1012,992
160348,1014,992
160349,1014,994
160350,1013,993
160351,1010,999
160352,1009,1006
160353,1013,1011
160354,1014,1015
160355,1014,1013
160356,1010,1011
160357,1008,1011
160358,1007,1014
160359,1007,1020
160360,1009,1025
160361,1004,1025
160362,999,1027
160363,997,1029
160364,996,1029
160365,995,1033
160366,996,1036
160367,994,1036
160368,991,1037
160369,988,1036
160370,989,1037
160371,989,1036
160372,990,1036
160373,986,1033
160374,987,1031
160375,983,1031
160376,984,1038
160377,985,1041
160378,987,1038
160379,985,1034
160380,984,1032
160381,981,1031
160382,982,1031
160383,986,1035
160384,988,1033
160385,990,1031
160386,983,1029
160387,979,1030
160388,982,1034
160389,986,1036
160390,989,1037
160391,990,1034
160392,985,1034
160393,985,1033
160394,986,1037
160395,990,1039
160396,991,1037
160397,989,1036
160398,988,1032
160399,985,1034
160400,986,1032
160401,991,1037
160402,995,1033
160403,991,1032
160404,991,1029
160405,988,1028
160406,989,1033
160407,993,1034
160408,994,1031
160409,991,1032
160410,987,1032
160411,985,1029
160412,989,1032
160413,990,1027
160414,993,1026
160415,990,1023
160416,989,1020
160417,985,1022
160418,987,1027
160419,988,1027
160420,992,1029
160421,991,1028
160422,986,1027
160423,985,1028
160424,985,1029
160425,986,1030
160426,988,1025
160427,987,1026
160428,983,1023
160429,981,1023
160430,983,1029
160431,984,1032
160432,982,1030
160433,984,1027
160434,982,1027
160435,978,1027
160436,982,1031
160437,982,1035
160438,985,1033
160439,983,1031
160440,980,1032
160441,977,1036
160442,982,1040
160443,980,1043
160444,984,1040
160445,985,1036
160446,983,1035
160447,981,1035
160448,983,1037
160449,985,1041
160450,989,1041
160451,988,1041
160452,985,1041
160453,984,1042
160454,985,1047
160455,987,1051
160456,992,1049
160457,993,1046
160458,989,1037
160459,989,1033
160460,989,1037
160461,994,1037
160462,998,1033
160463,1003,1027
160464,1007,1021
160465,1015,1017
160466,1033,1017
160467,1055,1019
160468,1082,1017
160469,1111,1015
160470,1144,1004
160471,1182,997
160472,1223,991
160473,1264,994
160474,1298,1000
160475,1313,1014
160476,1304,1025
160477,1271,1029
160478,1220,1031
160479,1163,1035
160480,1103,1044
160481,1042,1053
160482,989,1055
160483,959,1057
160484,954,1056
160485,967,1051
160486,979,1044
160487,984,1033
160488,982,1027
160489,978,1027
160490,975,1025
160491,974,1031
160492,981,1030
160493,978,1028
160494,976,1027
160495,971,1030
160496,970,1032
160497,975,1032
160498,980,1035
160499,975,1034
160500,974,1034
160501,971,1035
160502,971,1039
160503,972,1044
160504,972,1045
160505,970,1049
160506,967,1046
160507,968,1045
160508,968,1039
160509,969,1038
160510,970,1033
160511,968,1034
160512,964,1029
160513,965,1031
160514,965,1035
160515,969,1038
160516,969,1038
160517,968,1038
160518,960,1035
160519,960,1037
160520,963,1041
160521,962,1041
160522,965,1042
160523,963,1039
160524,960,1034
160525,957,1030
160526,958,1028
160527,961,1033
160528,964,1031
160529,965,1029
160530,964,1028
160531,961,1029
160532,964,1031
160533,966,1034
160534,971,1034
160535,971,1036
160536,967,1036
160537,967,1033
160538,972,1032
160539,973,1033
160540,979,1031
160541,978,1028
160542,978,1028
160543,977,1028
160544,978,1030
160545,982,1031
160546,987,1034
160547,989,1031
160548,986,1028
160549,984,1024
160550,985,1023
160551,989,1023
160552,994,1022
160553,990,1019
160554,991,1014
160555,994,1009
160556,994,1010
160557,998,1012
160558,998,1008
160559,999,1002
160560,996,997
160561,996,999
160562,999,1004
160563,1001,1001
160564,1000,1003
160565,1003,1000
160566,1000,998
160567,1002,997
160568,1001,996
160569,1005,998
160570,1010,998
160571,1010,998
160572,1007,997
160573,1004,996
160574,1008,999
160575,1013,1003
160576,1014,1003
160577,1014,1002
160578,1011,1003
160579,1009,1000
160580,1010,1007
160581,1010,1013
160582,1012,1015
160583,1011,1014
160584,1007,1017
160585,1007,1021
160586,1006,1026
160587,1007,1032
160588,1009,1032
160589,1009,1031
160590,1005,1031
160591,999,1035
160592,1001,1040
160593,1001,1043
160594,1005,1039
160595,1001,1033
160596,998,1030
160597,994,1030
160598,992,1032
160599,996,1038
160600,999,1039
160601,995,1037
160602,992,1034
160603,988,1040
160604,988,1043
160605,989,1045
160606,988,1045
160607,989,1044
160608,987,1043
160609,986,1040
160610,987,1043
160611,989,1045
160612,991,1048
160613,989,1044
160614,987,1040
160615,984,1038
160616,989,1038
160617,991,1038
160618,994,1034
160619,992,1031
160620,988,1027
160621,989,1028
160622,991,1030
160623,993,1031
160624,995,1037
160625,996,1033
160626,994,1033
160627,992,1034
160628,994,1037
160629,995,1041
160630,998,1042
160631,997,1039
160632,998,1037
160633,995,1036
160634,997,1036
160635,997,1039
160636,1002,1040
160637,999,1036
160638,997,1034
160639,992,1038
160640,995,1039
160641,1000,1043
160642,1001,1040
160643,1001,1040
160644,997,1037
160645,995,1038
160646,996,1039
160647,997,1042
160648,999,1045
160649,1000,1046
160650,998,1047
160651,995,1044
160652,994,1042
160653,995,1039
160654,997,1037
160655,996,1038
160656,992,1032
160657,991,1029
160658,992,1026
160659,992,1026
160660,994,1025
160661,993,1025
160662,991,1022
160663,990,1023
160664,992,1027
160665,993,1032
160666,993,1032
160667,990,1030
160668,988,1028
160669,988,1028
160670,989,1032
160671,993,1034
160672,996,1035
160673,995,1034
160674,995,1032
160675,990,1028
160676,991,1028
160677,994,1032
160678,996,1030
160679,993,1027
160680,993,1027
160681,992,1031
160682,994,1033
160683,993,1040
160684,996,1039
160685,998,1041
160686,996,1037
160687,994,1033
160688,998,1029
160689,1004,1028
160690,1018,1027
160691,1027,1023
160692,1041,1018
160693,1061,1020
160694,1095,1019
160695,1136,1014
160696,1183,1002
160697,1224,993
160698,1264,988
160699,1299,998
160700,1321,1019
160701,1318,1037
160702,1282,1045
160703,1222,1045
160704,1153,1046
160705,1086,1059
160706,1026,1070
160707,979,1072
160708,960,1068
160709,956,1061
160710,968,1048
160711,979,1038
160712,989,1031
160713,993,1030
160714,994,1025
160715,988,1025
160716,982,1020
160717,981,1022
160718,978,1025
160719,980,1029
160720,982,1028
160721,978,1030
160722,977,1030
160723,969,1029
160724,970,1034
160725,973,1037
160726,973,1036
160727,971,1034
160728,972,1034
160729,970,1037
160730,969,1038
160731,971,1039
160732,971,1039
160733,973,1039
160734,969,1040
160735,969,1038
160736,968,1034
160737,972,1033
160738,975,1033
160739,973,1034
160740,973,1033
160741,969,1036
160742,967,1042
160743,973,1044
160744,975,1045
160745,974,1044
160746,972,1037
160747,969,1039
160748,971,1039
160749,972,1036
160750,976,1027
160751,976,1018
160752,974,1013
160753,973,1010
160754,973,1017
160755,974,1020
160756,976,1020
160757,973,1020
160758,975,1017
160759,975,1015
160760,976,1015
160761,979,1016
160762,981,1017
160763,980,1013
160764,980,1009
160765,978,1010
160766,978,1013
160767,982,1011
160768,985,1011
160769,984,1006
160770,982,1004
160771,980,999
160772,983,1004
160773,986,1004
160774,990,1009
160775,989,1005
160776,989,1000
160777,985,1002
160778,987,1001
160779,990,1001
160780,996,998
160781,995,993
160782,991,991
160783,991,991
160784,993,996
160785,996,999
160786,998,999
160787,999,999
160788,999,995
160789,999,992
160790,1001,993
160791,1004,997
160792,1012,998
160793,1011,999
160794,1010,997
160795,1010,999
160796,1014,1006
160797,1018,1010
160798,1021,1008
160799,1020,1009
160800,1018,1007
160801,1018,1007
160802,1017,1007
160803,1019,1008
160804,1021,1008
160805,1015,1007
160806,1012,1005
160807,1006,1006
160808,1009,1008
160809,1010,1012
160810,1009,1013
160811,1007,1017
160812,1003,1018
160813,1001,1017
160814,1001,1023
160815,1001,1024
160816,999,1025
160817,999,1024
160818,997,1020
160819,995,1023
160820,994,1028
160821,996,1030
160822,995,1031
160823,995,1031
160824,993,1028
160825,990,1027
160826,990,1034
160827,995,1036
160828,995,1035
160829,995,1034
160830,992,1029
160831,990,1027
160832,991,1030
160833,993,1033
160834,997,1033
160835,997,1031
160836,998,1031
160837,996,1031
160838,997,1035
160839,998,1037
160840,1002,1039
160841,1001,1036
160842,997,1035
160843,1000,1032
160844,998,1031
160845,1003,1033
160846,1006,1029
160847,1004,1028
160848,1003,1024
160849,1003,1025
160850,1006,1026
160851,1011,1028
160852,1015,1031
160853,1019,1029
160854,1020,1028
160855,1022,1025
160856,1023,1028
160857,1030,1033
160858,1037,1036
160859,1040,1036
160860,1043,1037
160861,1050,1036
160862,1064,1037
160863,1076,1028
160864,1094,1011
160865,1104,993
160866,1115,977
160867,1125,960
160868,1142,948
160869,1159,936
160870,1173,920
160871,1190,900
160872,1209,875
160873,1224,850
160874,1241,831
160875,1262,818
160876,1277,808
160877,1284,796
160878,1280,787
160879,1273,790
160880,1269,794
160881,1265,797
160882,1259,798
160883,1243,793
160884,1225,787
160885,1203,792
160886,1183,794
160887,1162,798
160888,1143,803
160889,1119,809
160890,1092,816
160891,1071,829
160892,1058,842
160893,1051,859
160894,1048,871
160895,1040,884
160896,1040,895
160897,1036,905
160898,1033,913
160899,1034,924
160900,1040,931
160901,1045,939
160902,1054,946
160903,1067,956
160904,1085,965
160905,1102,970
160906,1105,969
160907,1089,976
160908,1058,984
160909,1020,995
160910,986,1011
160911,966,1028
160912,961,1039
160913,953,1053
160914,950,1063
160915,943,1072
160916,942,1080
160917,942,1084
160918,939,1085
160919,936,1083
160920,930,1087
160921,924,1092
160922,922,1095
160923,921,1101
160924,923,1101
160925,920,1104
160926,917,1101
160927,913,1103
160928,913,1105
160929,914,1106
160930,913,1109
160931,909,1108
160932,905,1110
160933,901,1112
160934,902,1118
160935,905,1121
160936,905,1122
160937,903,1123
160938,900,1123
160939,898,1127
160940,898,1130
160941,899,1131
160942,900,1132
160943,898,1132
160944,896,1132
160945,892,1137
160946,893,1142
160947,898,1144
160948,902,1147
160949,899,1149
160950,895,1151
160951,892,1158
160952,894,1164
160953,896,1168
160954,899,1172
160955,895,1175
160956,896,1176
160957,895,1183
160958,898,1185
160959,902,1189
160960,906,1191
160961,903,1189
160962,900,1188
160963,900,1192
160964,902,1196
160965,905,1201
160966,911,1200
160967,913,1196
160968,910,1193
160969,913,1196
160970,918,1194
160971,921,1197
160972,927,1191
160973,927,1189
160974,927,1183
160975,929,1175
160976,933,1173
160977,941,1175
160978,946,1168
160979,946,1163
160980,945,1155
160981,945,1155
160982,949,1153
160983,955,1150
160984,960,1146
160985,963,1136
160986,961,1132
160987,961,1125
160988,964,1127
160989,968,1123
160990,969,1115
160991,969,1107
160992,970,1099
160993,967,1092
160994,969,1089
160995,973,1087
160996,975,1084
160997,975,1078
160998,975,1073
160999,974,1070
161000,979,1072
161001,980,1072
161002,981,1069
161003,982,1065
161004,980,1060
161005,980,1061
161006,982,1061
161007,985,1061
161008,987,1058
161009,987,1054
161010,988,1051
161011,985,1050
161012,985,1051
161013,988,1052
161014,993,1048
161015,987,1044
161016,988,1041
161017,984,1039
161018,986,1041
161019,987,1042
161020,991,1040
161021,989,1039
161022,986,1035
161023,985,1037
161024,986,1040
161025,990,1042
161026,990,1041
161027,989,1039
161028,989,1034
161029,989,1034
161030,989,1035
161031,990,1038
161032,992,1039
161033,993,1035
161034,990,1035
161035,988,1035
161036,991,1037
161037,996,1038
161038,997,1037
161039,996,1032
161040,992,1031
161041,992,1034
161042,992,1035
161043,994,1039
161044,994,1037
161045,998,1034
161046,995,1034
161047,993,1030
161048,995,1033
161049,996,1033
161050,998,1032
161051,998,1032
161052,997,1030
161053,993,1029
161054,995,1033
161055,997,1032
161056,1000,1033
161057,997,1029
161058,993,1030
161059,991,1033
161060,993,1034
161061,1000,1035
161062,1003,1033
161063,1001,1025
161064,998,1019
161065,999,1018
161066,1000,1020
161067,1002,1023
161068,1002,1023
161069,1002,1021
161070,1003,1019
161071,1000,1020
161072,997,1024
161073,999,1028
161074,1002,1027
161075,998,1024
161076,996,1023
161077,995,1023
161078,997,1023
161079,1000,1028
161080,998,1029
161081,998,1027
161082,996,1022
161083,994,1024
161084,996,1029
161085,999,1031
161086,1001,1031
161087,999,1030
161088,994,1027
161089,993,1029
161090,994,1030
161091,997,1032
161092,999,1029
161093,999,1025
161094,994,1024
161095,995,1025
161096,998,1030
161097,1001,1034
161098,1002,1031
161099,1003,1031
161100,999,1028
161101,998,1024
161102,998,1029
161103,999,1030
161104,1001,1027
161105,997,1030
161106,998,1028
161107,996,1029
161108,998,1032
161109,998,1032
161110,1002,1031
161111,1001,1026
161112,1000,1024
161113,997,1022
161114,1001,1027
161115,1004,1027
161116,1006,1026
161117,1003,1022
161118,1001,1024
161119,1002,1022
161120,1004,1023
161121,1004,1026
161122,1004,1027
161123,1003,1026
161124,1001,1023
161125,999,1025
161126,999,1027
161127,998,1027
161128,1003,1028
161129,999,1024
161130,997,1023
161131,996,1025
161132,995,1027
161133,1000,1030
161134,1001,1029
161135,999,1029
161136,995,1024
161137,997,1026
161138,998,1028
161139,1002,1033
161140,1004,1029
161141,1003,1031
161142,1000,1029
161143,998,1030
161144,1002,1032
161145,1003,1035
161146,1006,1032
161147,1005,1028
161148,1002,1022
161149,999,1022
161150,1002,1024
161151,1007,1025
161152,1007,1022
161153,1006,1020
161154,1002,1018
161155,999,1019
161156,1002,1022
161157,1004,1026
161158,1005,1024
161159,1000,1021
161160,1002,1017
161161,1001,1018
161162,1002,1022
161163,1002,1024
161164,1004,1024
161165,1002,1025
161166,997,1023
161167,1000,1024
161168,1000,1023
161169,1004,1027
161170,1008,1023
161171,1008,1023
161172,1004,1019
161173,1003,1022
161174,1003,1025
161175,1005,1026
161176,1009,1027
161177,1007,1027
161178,1007,1023
161179,1005,1024
161180,1007,1027
161181,1008,1033
161182,1010,1034
161183,1008,1029
161184,1009,1027
161185,1006,1028
161186,1006,1028
161187,1011,1030
161188,1014,1028
161189,1013,1025
161190,1010,1023
161191,1009,1022
161192,1008,1024
161193,1009,1028
161194,1014,1025
161195,1010,1025
161196,1009,1021
161197,1007,1019
161198,1007,1025
161199,1011,1024
161200,1010,1022
161201,1007,1020
161202,1005,1018
161203,1005,1020
161204,1005,1020
161205,1006,1022
161206,1005,1022
161207,1003,1019
161208,1003,1017
161209,1000,1022
161210,1002,1025
161211,1004,1027
161212,1005,1026
161213,1005,1025
161214,1003,1022
161215,999,1024
161216,1001,1025
161217,1007,1028
161218,1009,1028
161219,1007,1025
161220,1005,1019
161221,1004,1022
161222,1007,1027
161223,1008,1029
161224,1009,1029
161225,1008,1026
161226,1008,1024
161227,1006,1023
161228,1008,1026
161229,1010,1029
161230,1015,1025
161231,1016,1022
161232,1013,1022
161233,1011,1020
161234,1012,1023
161235,1013,1027
161236,1016,1025
161237,1014,1024
161238,1013,1021
161239,1013,1019
161240,1015,1019
161241,1015,1020
161242,1017,1022
161243,1017,1018
161244,1016,1016
161245,1015,1018
161246,1014,1022
161247,1015,1022
161248,1017,1020
161249,1018,1017
161250,1015,1017
161251,1012,1016
161252,1014,1020
161253,1018,1023
161254,1019,1022
161255,1016,1020
161256,1014,1016
161257,1013,1020
161258,1011,1023
161259,1013,1024
161260,1017,1025
161261,1014,1022
161262,1009,1020
161263,1012,1020
161264,1015,1022
161265,1018,1024
161266,1020,1022
161267,1018,1019
161268,1021,1014
161269,1026,1010
161270,1041,1007
161271,1057,1009
161272,1072,1005
161273,1092,1004
161274,1117,1002
161275,1146,993
161276,1182,984
161277,1219,977
161278,1252,966
161279,1286,963
161280,1313,966
161281,1333,981
161282,1332,1005
161283,1308,1023
161284,1265,1023
161285,1206,1021
161286,1149,1024
161287,1091,1035
161288,1040,1044
161289,1006,1054
161290,990,1052
161291,993,1045
161292,1002,1035
161293,1012,1029
161294,1018,1022
161295,1022,1020
161296,1021,1021
161297,1016,1016
161298,1012,1013
161299,1008,1015
161300,1007,1017
161301,1008,1022
161302,1007,1023
161303,1004,1020
161304,1000,1021
161305,999,1019
161306,998,1024
161307,1002,1029
161308,1002,1026
161309,999,1022
161310,995,1022
161311,993,1025
161312,994,1029
161313,996,1033
161314,997,1031
161315,995,1029
161316,995,1028
161317,995,1027
161318,997,1027
161319,998,1028
161320,997,1027
161321,996,1022
161322,997,1019
161323,995,1021
161324,994,1020
161325,995,1022
161326,996,1021
161327,997,1018
161328,994,1021
161329,993,1021
161330,996,1024
161331,997,1021
161332,1001,1020
161333,999,1019
161334,997,1017
161335,997,1017
161336,996,1018
161337,1000,1023
161338,1002,1023
161339,1000,1019
161340,999,1015
161341,1000,1011
161342,1000,1014
161343,1003,1017
161344,1006,1016
161345,1005,1015
161346,1003,1010
161347,1004,1010
161348,1007,1012
161349,1011,1015
161350,1015,1012
161351,1013,1011
161352,1014,1008
161353,1012,1007
161354,1015,1008
161355,1021,1007
161356,1022,1008
161357,1025,1006
161358,1023,1003
161359,1024,1006
161360,1025,1008
161361,1030,1010
161362,1032,1006
161363,1032,1002
161364,1029,1000
161365,1027,1001
161366,1030,1001
161367,1032,1003
161368,1036,998
161369,1036,992
161370,1036,987
161371,1035,985
161372,1039,986
161373,1043,988
161374,1046,986
161375,1048,984
161376,1050,980
161377,1049,980
161378,1052,981
161379,1056,984
161380,1060,982
161381,1062,979
161382,1061,978
161383,1060,981
161384,1066,984
161385,1070,984
161386,1073,984
161387,1075,983
161388,1073,981
161389,1073,985
161390,1071,986
161391,1074,989
161392,1075,990
161393,1073,991
161394,1067,990
161395,1066,992
161396,1067,997
161397,1067,1000
161398,1066,1002
161399,1060,1003
161400,1057,1003
161401,1053,1008
161402,1049,1012
161403,1052,1016
161404,1052,1016
161405,1048,1017
161406,1042,1016
161407,1036,1022
161408,1037,1028
161409,1041,1031
161410,1040,1029
161411,1037,1028
161412,1033,1023
161413,1030,1023
161414,1029,1025
161415,1030,1026
161416,1027,1026
161417,1027,1022
161418,1023,1021
161419,1018,1019
161420,1020,1020
161421,1022,1021
161422,1023,1019
161423,1022,1016
161424,1019,1014
161425,1019,1012
161426,1016,1010
161427,1020,1013
161428,1021,1012
161429,1019,1009
161430,1018,1010
161431,1018,1009
161432,1022,1013
161433,1020,1016
161434,1025,1016
161435,1024,1013
161436,1020,1014
161437,1019,1014
161438,1021,1014
161439,1023,1016
161440,1025,1018
161441,1024,1014
161442,1017,1011
161443,1018,1010
161444,1021,1009
161445,1025,1012
161446,1025,1012
161447,1024,1011
161448,1023,1010
161449,1019,1010
161450,1024,1016
161451,1028,1018
161452,1028,1016
161453,1027,1016
161454,1021,1015
161455,1020,1014
161456,1019,1021
161457,1025,1023
161458,1024,1021
161459,1023,1021
161460,1021,1019
161461,1019,1019
161462,1021,1022
161463,1022,1019
161464,1021,1018
161465,1021,1017
161466,1017,1014
161467,1016,1013
161468,1018,1018
161469,1022,1023
161470,1019,1020
161471,1017,1018
161472,1012,1016
161473,1009,1018
161474,1013,1017
161475,1017,1020
161476,1018,1017
161477,1018,1016
161478,1014,1015
161479,1013,1016
161480,1014,1018
161481,1017,1021
161482,1020,1019
161483,1021,1017
161484,1016,1013
161485,1016,1014
161486,1015,1016
161487,1015,1020
161488,1016,1020
161489,1018,1018
161490,1016,1016
161491,1013,1017
161492,1018,1018
161493,1019,1023
161494,1021,1019
161495,1020,1017
161496,1013,1016
161497,1010,1019
161498,1012,1020
161499,1012,1023
161500,1015,1022
161501,1015,1020
161502,1011,1019
161503,1009,1019
161504,1010,1022
161505,1012,1031
161506,1014,1032
161507,1012,1027
161508,1010,1027
161509,1010,1028
161510,1010,1028
161511,1011,1031
161512,1015,1029
161513,1013,1023
161514,1010,1019
161515,1005,1015
161516,1010,1018
161517,1012,1020
161518,1010,1020
161519,1009,1017
161520,1011,1015
161521,1007,1016
161522,1008,1017
161523,1010,1020
161524,1013,1018
161525,1010,1015
161526,1005,1012
161527,1004,1010
161528,1009,1014
161529,1018,1011
161530,1027,1005
161531,1035,1002
161532,1043,999
161533,1060,999
161534,1086,1001
161535,1117,999
161536,1152,988
161537,1191,971
161538,1225,963
161539,1265,962
161540,1300,970
161541,1321,990
161542,1319,1010
161543,1287,1017
161544,1230,1017
161545,1170,1019
161546,1104,1030
161547,1045,1046
161548,991,1059
161549,963,1064
161550,956,1066
161551,964,1061
161552,977,1050
161553,985,1040
161554,995,1032
161555,999,1023
161556,997,1020
161557,993,1022
161558,991,1024
161559,992,1028
161560,993,1024
161561,990,1023
161562,984,1026
161563,982,1027
161564,982,1028
161565,983,1033
161566,985,1031
161567,985,1028
161568,981,1023
161569,979,1022
161570,978,1024
161571,981,1024
161572,984,1025
161573,982,1021
161574,976,1017
161575,975,1019
161576,977,1021
161577,979,1023
161578,981,1020
161579,975,1017
161580,975,1011
161581,973,1015
161582,976,1023
161583,978,1023
161584,981,1025
161585,983,1023
161586,982,1016
161587,979,1015
161588,978,1017
161589,980,1019
161590,980,1018
161591,978,1014
161592,974,1011
161593,976,1012
161594,975,1014
161595,981,1015
161596,983,1014
161597,981,1010
161598,983,1006
161599,981,1008
161600,982,1012
161601,985,1014
161602,988,1010
161603,987,1010
161604,983,1005
161605,984,1006
161606,986,1010
161607,991,1011
161608,995,1008
161609,994,1008
161610,993,1004
161611,990,1005
161612,990,1005
161613,994,1007
161614,997,1004
161615,998,998
161616,994,995
161617,993,994
161618,997,996
161619,999,993
161620,1000,991
161621,998,986
161622,995,982
161623,994,982
161624,996,984
161625,997,988
161626,1000,984
161627,1001,979
161628,999,976
161629,998,975
161630,999,976
161631,1002,977
161632,1002,972
161633,1005,969
161634,1001,969
161635,1001,971
161636,1003,976
161637,1008,975
161638,1008,974
161639,1009,974
161640,1006,969
161641,1007,971
161642,1009,976
161643,1013,982
161644,1011,982
161645,1011,982
161646,1009,979
161647,1008,983
161648,1009,986
161649,1013,991
161650,1013,993
161651,1010,995
161652,1008,992
161653,1006,996
161654,1009,1000
161655,1014,1008
161656,1014,1009
161657,1009,1008
161658,1007,1007
161659,1004,1010
161660,1005,1015
161661,1008,1024
161662,1008,1026
161663,1005,1023
161664,1001,1021
161665,998,1023
161666,998,1025
161667,1000,1029
161668,1000,1032
161669,997,1029
161670,994,1028
161671,993,1028
161672,993,1027
161673,996,1029
161674,998,1028
161675,995,1026
161676,990,1023
161677,988,1023
161678,989,1025
161679,991,1028
161680,992,1028
161681,990,1024
161682,988,1023
161683,992,1024
161684,993,1026
161685,998,1029
161686,1000,1028
161687,997,1025
161688,994,1023
161689,996,1021
161690,996,1020
161691,999,1025
161692,999,1025
161693,998,1020
161694,995,1020
161695,992,1023
161696,997,1021
161697,1001,1023
161698,1003,1022
161699,1001,1019
161700,997,1016
161701,993,1018
161702,992,1019
161703,994,1021
161704,994,1018
161705,996,1017
161706,995,1016
161707,994,1018
161708,997,1022
161709,1002,1023
161710,999,1022
161711,997,1016
161712,995,1017
161713,996,1018
161714,997,1024
161715,998,1025
161716,1001,1026
161717,999,1024
161718,994,1020
161719,992,1021
161720,996,1023
161721,999,1024
161722,999,1023
161723,995,1020
161724,991,1015
161725,993,1018
161726,996,1021
161727,997,1022
161728,997,1021
161729,996,1020
161730,994,1016
161731,995,1016
161732,999,1020
161733,1000,1023
161734,998,1020
161735,994,1020
161736,991,1018
161737,989,1019
161738,995,1019
161739,999,1023
161740,1000,1023
161741,1000,1018
161742,993,1017
161743,993,1018
161744,997,1022
161745,1001,1026
161746,1001,1023
161747,999,1019
161748,997,1019
161749,994,1019
161750,997,1022
161751,1001,1021
161752,1002,1018
161753,1003,1016
161754,1000,1011
161755,1002,1011
161756,1007,1010
161757,1011,1010
161758,1016,1006
161759,1027,1002
161760,1036,1002
161761,1052,1000
161762,1073,1002
161763,1104,1003
161764,1136,994
161765,1171,988
161766,1209,981
161767,1244,985
161768,1282,996
161769,1310,1013
161770,1326,1032
161771,1317,1047
161772,1283,1050
161773,1237,1046
161774,1180,1046
161775,1121,1056
161776,1058,1068
161777,998,1075
161778,960,1083
161779,945,1086
161780,958,1084
161781,970,1075
161782,983,1060
161783,988,1045
161784,989,1035
161785,991,1029
161786,991,1027
161787,991,1028
161788,988,1028
161789,987,1025
161790,984,1026
161791,985,1026
161792,986,1026
161793,985,1028
161794,983,1029
161795,984,1027
161796,981,1025
161797,981,1025
161798,983,1023
161799,985,1025
161800,983,1022
161801,975,1022
161802,973,1020
161803,972,1021
161804,976,1024
161805,976,1025
161806,980,1024
161807,979,1021
161808,978,1020
161809,978,1020
161810,977,1024
161811,977,1027
161812,978,1026
161813,979,1020
161814,977,1014
161815,978,1020
161816,977,1019
161817,981,1023
161818,978,1023
161819,973,1020
161820,971,1016
161821,969,1020
161822,974,1017
161823,978,1018
161824,981,1017
161825,980,1014
161826,977,1011
161827,976,1016
161828,979,1018
161829,983,1019
161830,983,1017
161831,981,1014
161832,976,1011
161833,977,1012
161834,982,1012
161835,984,1012
161836,985,1010
161837,985,1008
161838,983,1005
161839,982,1004
161840,980,1003
161841,984,1005
161842,987,1004
161843,987,1001
161844,986,995
161845,984,993
161846,989,994
161847,992,994
161848,1000,989
161849,1000,984
161850,999,978
161851,999,980
161852,1000,981
161853,1006,981
161854,1008,979
161855,1008,975
161856,1004,970
161857,1001,970
161858,1003,973
161859,1010,974
161860,1010,973
161861,1009,972
161862,1008,969
161863,1011,972
161864,1013,974
161865,1018,979
161866,1017,977
161867,1018,978
161868,1016,979
161869,1018,982
161870,1021,985
161871,1023,988
161872,1022,986
161873,1021,985
161874,1020,985
161875,1019,988
161876,1022,992
161877,1023,996
161878,1023,998
161879,1020,999
161880,1017,1001
161881,1014,1007
161882,1015,1015
161883,1017,1018
161884,1017,1022
161885,1014,1020
161886,1010,1020
161887,1009,1020
161888,1009,1026
161889,1011,1029
161890,1011,1029
161891,1009,1028
161892,1007,1027
161893,1006,1032
161894,1006,1033
161895,1004,1034
161896,1006,1033
161897,1007,1030
161898,1003,1025
161899,1001,1026
161900,1002,1030
161901,1005,1031
161902,1004,1033
161903,1005,1028
161904,1004,1026
161905,1003,1026
161906,1004,1028
161907,1005,1032
161908,1006,1032
161909,1003,1028
161910,1003,1027
161911,1001,1028
161912,1005,1031
161913,1007,1032
161914,1008,1031
161915,1008,1028
161916,1000,1027
161917,1002,1026
161918,1004,1029
161919,1005,1030
161920,1008,1028
161921,1008,1027
161922,1007,1025
161923,1006,1024
161924,1009,1026
161925,1013,1025
161926,1016,1023
161927,1017,1018
161928,1015,1021
161929,1014,1023
161930,1019,1027
161931,1027,1031
161932,1035,1033
161933,1034,1034
161934,1035,1035
161935,1038,1040
161936,1041,1042
161937,1056,1042
161938,1071,1036
161939,1085,1021
161940,1096,1002
161941,1110,987
161942,1126,978
161943,1145,966
161944,1162,950
161945,1176,935
161946,1190,919
161947,1208,900
161948,1224,880
161949,1243,863
161950,1258,847
161951,1270,833
161952,1277,821
161953,1283,815
161954,1284,815
161955,1282,821
161956,1279,823
161957,1277,823
161958,1268,821
161959,1257,826
161960,1248,829
161961,1237,838
161962,1222,844
161963,1199,850
161964,1179,857
161965,1155,864
161966,1134,873
161967,1122,882
161968,1114,893
161969,1104,901
161970,1095,909
161971,1091,919
161972,1089,932
161973,1085,944
161974,1081,950
161975,1078,957
161976,1077,962
161977,1086,969
161978,1100,977
161979,1115,984
161980,1117,982
161981,1091,985
161982,1048,990
161983,1003,1001
161984,975,1020
161985,964,1036
161986,959,1050
161987,952,1058
161988,946,1064
161989,941,1068
161990,942,1073
161991,941,1075
161992,936,1077
161993,932,1078
161994,926,1078
161995,924,1082
161996,925,1087
161997,928,1091
161998,925,1093
161999,923,1094
162000,918,1090
162001,915,1094
162002,913,1100
162003,916,1096
162004,916,1098
162005,913,1101
162006,907,1102
162007,905,1109
162008,906,1112
162009,905,1117
162010,903,1120
162011,899,1120
162012,894,1121
162013,892,1127
162014,893,1132
162015,892,1136
162016,890,1135
162017,888,1133
162018,884,1131
162019,879,1137
162020,881,1140
162021,883,1145
162022,883,1147
162023,880,1147
162024,876,1149
162025,876,1152
162026,873,1156
162027,874,1166
162028,875,1165
162029,876,1167
162030,872,1166
162031,875,1173
162032,876,1175
162033,880,1179
162034,882,1181
162035,883,1180
162036,883,1178
162037,885,1180
162038,888,1181
162039,891,1186
162040,895,1184
162041,894,1181
162042,896,1175
162043,900,1170
162044,904,1168
162045,911,1165
162046,916,1159
162047,916,1155
162048,917,1148
162049,920,1146
162050,927,1144
162051,932,1144
162052,934,1137
162053,940,1130
162054,942,1122
162055,942,1117
162056,948,1114
162057,954,1112
162058,960,1107
162059,963,1099
162060,959,1097
162061,962,1095
162062,968,1094
162063,972,1092
162064,970,1086
162065,970,1079
162066,970,1072
162067,971,1070
162068,975,1069
162069,978,1069
162070,982,1063
162071,981,1056
162072,976,1053
162073,977,1051
162074,983,1053
162075,985,1052
162076,986,1050
162077,988,1044
162078,987,1038
162079,987,1038
162080,994,1042
162081,995,1042
162082,996,1041
162083,995,1038
162084,992,1034
162085,993,1035
162086,995,1036
162087,1001,1038
162088,1004,1037
162089,1000,1034
162090,998,1032
162091,997,1031
162092,997,1031
162093,1005,1035
162094,1006,1032
162095,1003,1031
162096,1002,1026
162097,1000,1029
162098,1002,1029
162099,1002,1029
162100,1002,1027
162101,1003,1025
162102,1001,1023
162103,999,1022
162104,1004,1026
162105,1007,1027
162106,1006,1026
162107,1005,1025
162108,1002,1022
162109,1002,1024
162110,1001,1024
162111,1005,1024
162112,1006,1020
162113,1005,1018
162114,1003,1017
162115,1002,1017
162116,1002,1020
162117,1006,1024
162118,1008,1021
162119,1005,1020
162120,1002,1019
162121,1000,1022
162122,1002,1023
162123,1005,1025
162124,1005,1024
162125,1006,1021
162126,1004,1017
162127,1003,1019
162128,1004,1024
162129,1007,1025
162130,1008,1023
162131,1008,1019
162132,1005,1018
162133,1007,1018
162134,1004,1021
162135,1012,1025
162136,1012,1022
162137,1011,1021
162138,1009,1018
162139,1009,1021
162140,1008,1022
162141,1012,1023
162142,1014,1023
162143,1013,1020
162144,1012,1021
162145,1008,1021
162146,1012,1022
162147,1014,1026
162148,1013,1024
162149,1013,1020
162150,1008,1019
162151,1006,1023
162152,1013,1025
162153,1015,1025
162154,1018,1026
162155,1013,1022
162156,1010,1019
162157,1009,1022
162158,1011,1023
162159,1014,1023
162160,1014,1022
162161,1013,1018
162162,1006,1016
162163,1006,1018
162164,1008,1022
162165,1011,1026
162166,1014,1022
162167,1010,1021
162168,1006,1019
162169,1004,1019
162170,1008,1025
162171,1011,1026
162172,1011,1026
162173,1009,1023
162174,1009,1018
162175,1008,1023
162176,1011,1026
162177,1011,1027
162178,1010,1027
162179,1010,1021
162180,1008,1022
162181,1007,1021
162182,1010,1022
162183,1014,1027
162184,1015,1023
162185,1011,1022
162186,1009,1016
162187,1011,1016
162188,1012,1020
162189,1016,1023
162190,1017,1021
162191,1016,1020
162192,1014,1019
162193,1012,1019
162194,1017,1019
162195,1023,1018
162196,1031,1015
162197,1041,1012
162198,1054,1009
162199,1074,1008
162200,1099,1006
162201,1137,1005
162202,1173,996
162203,1213,984
162204,1249,974
162205,1288,971
162206,1328,977
162207,1356,992
162208,1366,1006
162209,1351,1017
162210,1307,1020
162211,1246,1021
162212,1182,1030
162213,1115,1048
162214,1050,1052
162215,1001,1055
162216,977,1052
162217,982,1047
162218,1000,1040
162219,1014,1032
162220,1019,1024
162221,1014,1013
162222,1010,1014
162223,1005,1013
162224,1005,1016
162225,1004,1020
162226,1004,1020
162227,999,1019
162228,997,1014
162229,993,1016
162230,994,1019
162231,996,1024
162232,999,1020
162233,993,1018
162234,992,1013
162235,994,1018
162236,994,1022
162237,997,1023
162238,996,1022
162239,995,1020
162240,993,1021
162241,994,1020
162242,997,1023
162243,1000,1025
162244,1003,1025
162245,1001,1020
162246,997,1018
162247,999,1020
162248,1001,1020
162249,1004,1023
162250,1006,1023
162251,1005,1018
162252,1002,1016
162253,999,1019
162254,1003,1021
162255,1006,1021
162256,1005,1018
162257,1003,1014
162258,1000,1011
162259,1002,1013
162260,1004,1014
162261,1008,1014
162262,1006,1012
162263,1004,1006
162264,998,1005
162265,999,1008
162266,1002,1010
162267,1005,1012
162268,1005,1011
162269,1001,1007
162270,1003,1007
162271,1002,1006
162272,1005,1008
162273,1009,1010
162274,1010,1007
162275,1010,1001
162276,1012,997
162277,1013,999
162278,1017,999
162279,1021,1001
162280,1019,999
162281,1018,994
162282,1017,993
162283,1020,993
162284,1023,993
162285,1025,994
162286,1029,992
162287,1030,987
162288,1030,984
162289,1034,984
162290,1035,985
162291,1040,989
162292,1041,988
162293,1041,984
162294,1041,982
162295,1041,981
162296,1046,984
162297,1048,983
162298,1053,983
162299,1052,979
162300,1054,975
162301,1055,975
162302,1057,976
162303,1060,976
162304,1058,978
162305,1052,977
162306,1050,980
162307,1052,982
162308,1055,987
162309,1056,989
162310,1054,989
162311,1051,990
162312,1045,989
162313,1043,994
162314,1042,998
162315,1045,1004
162316,1043,1009
162317,1041,1008
162318,1039,1007
162319,1035,1010
162320,1036,1014
162321,1037,1018
162322,1036,1016
162323,1031,1017
162324,1030,1018
162325,1026,1021
162326,1029,1022
162327,1031,1024
162328,1030,1026
162329,1030,1024
162330,1024,1020
162331,1024,1021
162332,1026,1025
162333,1030,1028
162334,1030,1025
162335,1029,1022
162336,1027,1022
162337,1023,1025
162338,1024,1025
162339,1027,1028
162340,1027,1025
162341,1024,1022
162342,1022,1022
162343,1021,1023
162344,1021,1026
162345,1024,1024
162346,1026,1020
162347,1023,1018
162348,1020,1014
162349,1017,1014
162350,1020,1017
162351,1022,1017
162352,1024,1015
162353,1021,1012
162354,1018,1008
162355,1017,1012
162356,1021,1015
162357,1021,1014
162358,1021,1016
162359,1019,1012
162360,1016,1011
162361,1016,1016
162362,1019,1016
162363,1020,1020
162364,1024,1020
162365,1024,1018
162366,1022,1013
162367,1021,1015
162368,1022,1016
162369,1025,1019
162370,1026,1016
162371,1026,1013
162372,1022,1014
162373,1022,1016
162374,1024,1016
162375,1026,1018
162376,1030,1019
162377,1029,1021
162378,1029,1018
162379,1030,1021
162380,1029,1024
162381,1030,1021
162382,1029,1022
162383,1027,1017
162384,1025,1014
162385,1026,1018
162386,1029,1021
162387,1031,1022
162388,1031,1019
162389,1029,1016
162390,1026,1012
162391,1025,1014
162392,1028,1014
162393,1030,1016
162394,1031,1013
162395,1026,1013
162396,1022,1013
162397,1021,1015
162398,1023,1017
162399,1025,1021
162400,1025,1021
162401,1022,1019
162402,1018,1016
162403,1018,1020
162404,1019,1021
162405,1024,1023
162406,1022,1021
162407,1020,1020
162408,1018,1022
162409,1015,1020
162410,1021,1027
162411,1024,1027
162412,1025,1022
162413,1027,1018
162414,1032,1014
162415,1043,1015
162416,1060,1017
162417,1084,1017
162418,1112,1011
162419,1150,1004
162420,1195,992
162421,1245,983
162422,1298,984
162423,1344,985
162424,1377,997
162425,1385,1013
162426,1359,1024
162427,1303,1026
162428,1233,1030
162429,1158,1040
162430,1084,1051
162431,1023,1050
162432,993,1047
162433,992,1042
162434,1010,1038
162435,1023,1026
162436,1025,1020
162437,1022,1014
162438,1016,1015
162439,1013,1020
162440,1015,1025
162441,1015,1025
162442,1010,1025
162443,1007,1023
162444,1004,1023
162445,1002,1026
162446,1004,1027
162447,1005,1030
162448,1005,1027
162449,1002,1024
162450,998,1023
162451,995,1023
162452,997,1027
162453,1001,1030
162454,1002,1030
162455,999,1027
162456,998,1027
162457,997,1028
162458,999,1027
162459,1001,1028
162460,1003,1028
162461,1001,1024
162462,998,1023
162463,1001,1024
162464,1005,1026
162465,1007,1027
162466,1008,1023
162467,1007,1022
162468,1006,1022
162469,1004,1022
162470,1007,1025
162471,1012,1027
162472,1010,1023
162473,1006,1021
162474,1004,1019
162475,1004,1022
162476,1008,1025
162477,1012,1025
162478,1011,1026
162479,1011,1021
162480,1009,1016
162481,1011,1018
162482,1013,1018
162483,1017,1018
162484,1018,1016
162485,1017,1011
162486,1016,1014
162487,1016,1010
162488,1018,1014
162489,1023,1013
162490,1023,1009
162491,1023,1006
162492,1020,1002
162493,1020,1000
162494,1026,1002
162495,1024,1001
162496,1027,998
162497,1025,995
162498,1023,990
162499,1021,993
162500,1025,995
162501,1030,995
162502,1031,994
162503,1030,988
162504,1027,988
162505,1030,991
162506,1031,989
162507,1034,993
162508,1037,990
162509,1037,989
162510,1034,990
162511,1037,992
162512,1040,994
162513,1047,998
162514,1047,996
162515,1048,992
162516,1045,994
162517,1043,997
162518,1045,1002
162519,1048,1004
162520,1048,1004
162521,1048,1002
162522,1042,1002
162523,1043,1006
162524,1046,1012
162525,1046,1014
162526,1044,1018
162527,1042,1014
162528,1037,1016
162529,1036,1019
162530,1036,1022
162531,1036,1023
162532,1035,1024
162533,1032,1022
162534,1027,1021
162535,1027,1025
162536,1028,1027
162537,1027,1032
162538,1028,1030
162539,1024,1027
162540,1021,1025
162541,1018,1029
162542,1021,1031
162543,1021,1033
162544,1019,1032
162545,1015,1030
162546,1012,1032
162547,1012,1034
162548,1016,1035
162549,1023,1034
162550,1026,1031
162551,1025,1030
162552,1025,1028
162553,1028,1027
162554,1032,1027
162555,1031,1026
162556,1023,1023
162557,1015,1025
162558,1011,1026
162559,1014,1029
162560,1019,1033
162561,1024,1036
162562,1026,1032
162563,1025,1030
162564,1024,1026
162565,1024,1030
162566,1027,1033
162567,1030,1034
162568,1032,1030
162569,1028,1027
162570,1028,1026
162571,1022,1027
162572,1024,1027
162573,1028,1030
162574,1028,1024
162575,1026,1022
162576,1022,1021
162577,1022,1022
162578,1024,1024
162579,1028,1026
162580,1028,1026
162581,1027,1024
162582,1020,1026
162583,1017,1028
162584,1023,1034
162585,1024,1036
162586,1023,1033
162587,1022,1026
162588,1020,1024
162589,1022,1024
162590,1025,1029
162591,1026,1030
162592,1026,1031
162593,1023,1031
162594,1020,1032
162595,1021,1034
162596,1024,1034
162597,1026,1034
162598,1028,1030
162599,1029,1026
162600,1026,1027
162601,1025,1030
162602,1027,1035
162603,1029,1036
162604,1030,1034
162605,1025,1031
162606,1021,1029
162607,1025,1029
162608,1030,1031
162609,1032,1032
162610,1029,1033
162611,1028,1029
162612,1026,1029
162613,1027,1034
162614,1028,1034
162615,1030,1035
162616,1028,1036
162617,1024,1028
162618,1025,1027
162619,1023,1023
162620,1025,1025
162621,1025,1031
162622,1026,1032
162623,1025,1034
162624,1023,1033
162625,1023,1034
162626,1025,1031
162627,1029,1028
162628,1028,1022
162629,1028,1020
162630,1035,1018
162631,1043,1022
162632,1057,1026
162633,1077,1027
162634,1099,1023
162635,1128,1014
162636,1166,1004
162637,1209,997
162638,1256,993
162639,1298,994
162640,1337,997
162641,1364,1008
162642,1365,1027
162643,1334,1040
162644,1280,1042
162645,1213,1044
162646,1141,1049
162647,1070,1062
162648,1014,1068
162649,986,1075
162650,981,1074
162651,993,1066
162652,1007,1051
162653,1016,1041
162654,1018,1028
162655,1016,1029
162656,1018,1031
162657,1018,1030
162658,1018,1027
162659,1016,1023
162660,1010,1022
162661,1009,1027
162662,1008,1031
162663,1010,1032
162664,1012,1029
162665,1012,1028
162666,1008,1026
162667,1008,1027
162668,1009,1030
162669,1008,1035
162670,1008,1034
162671,1003,1032
162672,1003,1028
162673,1004,1031
162674,1005,1033
162675,1007,1035
162676,1008,1029
162677,1008,1025
162678,1005,1024
162679,1003,1029
162680,999,1035
162681,998,1041
162682,999,1041
162683,997,1039
162684,996,1035
162685,996,1038
162686,1000,1040
162687,1004,1040
162688,1006,1039
162689,1003,1034
162690,1000,1037
162691,1001,1038
162692,1006,1042
162693,1006,1041
162694,1008,1035
162695,1007,1026
162696,1006,1024
162697,1007,1026
162698,1008,1031
162699,1010,1031
162700,1011,1027
162701,1009,1025
162702,1009,1022
162703,1009,1021
162704,1014,1025
162705,1016,1026
162706,1017,1022
162707,1018,1018
162708,1015,1013
162709,1019,1014
162710,1023,1017
162711,1026,1017
162712,1028,1012
162713,1026,1008
162714,1023,1003
162715,1021,1000
162716,1025,1003
162717,1032,1001
162718,1033,1000
162719,1030,996
162720,1030,996
162721,1027,997
162722,1034,1001
162723,1037,1001
162724,1039,997
162725,1036,994
162726,1035,992
162727,1040,993
162728,1044,992
162729,1049,994
162730,1055,995
162731,1052,994
162732,1043,994
162733,1037,991
162734,1037,998
162735,1040,999
162736,1044,999
162737,1043,998
162738,1045,1000
162739,1044,1002
162740,1048,1007
162741,1048,1012
162742,1046,1017
162743,1046,1017
162744,1045,1018
162745,1043,1016
162746,1046,1017
162747,1045,1018
162748,1043,1022
162749,1038,1023
162750,1036,1029
162751,1033,1032
162752,1034,1036
162753,1038,1036
162754,1035,1031
162755,1034,1029
162756,1030,1023
162757,1026,1025
162758,1028,1027
162759,1029,1031
162760,1027,1029
162761,1024,1031
162762,1019,1030
162763,1020,1032
162764,1020,1036
162765,1020,1039
162766,1016,1037
162767,1014,1037
162768,1015,1034
162769,1014,1037
162770,1016,1040
162771,1016,1040
162772,1018,1040
162773,1016,1037
162774,1014,1034
162775,1016,1036
162776,1018,1037
162777,1018,1038
162778,1020,1034
162779,1022,1031
162780,1022,1030
162781,1022,1032
162782,1022,1034
162783,1026,1037
162784,1024,1041
162785,1024,1041
162786,1023,1035
162787,1024,1033
162788,1029,1029
162789,1033,1031
162790,1032,1035
162791,1030,1037
162792,1027,1034
162793,1027,1026
162794,1028,1027
162795,1032,1029
162796,1033,1027
162797,1031,1023
162798,1031,1026
162799,1034,1027
162800,1039,1031
162801,1046,1030
162802,1051,1028
162803,1050,1026
162804,1052,1027
162805,1056,1031
162806,1064,1037
162807,1068,1038
162808,1067,1040
162809,1064,1042
162810,1071,1038
162811,1087,1032
162812,1105,1016
162813,1121,999
162814,1138,984
162815,1151,966
162816,1166,947
162817,1181,932
162818,1197,918
162819,1211,903
162820,1227,881
162821,1238,858
162822,1247,842
162823,1261,832
162824,1273,823
162825,1287,816
162826,1286,814
162827,1282,813
162828,1275,810
162829,1271,810
162830,1263,808
162831,1261,808
162832,1248,805
162833,1230,807
162834,1207,814
162835,1188,829
162836,1165,846
162837,1147,860
162838,1129,871
162839,1114,878
162840,1105,878
162841,1099,885
162842,1094,895
162843,1094,908
162844,1088,920
162845,1081,933
162846,1080,940
162847,1087,955
162848,1103,968
162849,1122,970
162850,1138,975
162851,1136,976
162852,1104,985
162853,1054,999
162854,1014,1017
162855,990,1033
162856,983,1051
162857,980,1060
162858,976,1072
162859,973,1079
162860,970,1084
162861,966,1089
162862,966,1093
162863,961,1092
162864,954,1098
162865,952,1107
162866,950,1115
162867,951,1115
162868,949,1111
162869,948,1101
162870,942,1097
162871,942,1096
162872,941,1099
162873,943,1101
162874,943,1099
162875,941,1101
162876,940,1098
162877,935,1104
162878,937,1110
162879,937,1112
162880,935,1113
162881,930,1115
162882,924,1120
162883,922,1126
162884,924,1131
162885,926,1133
162886,922,1129
162887,921,1131
162888,916,1132
162889,913,1138
162890,916,1145
162891,917,1148
162892,918,1148
162893,916,1151
162894,913,1156
162895,911,1160
162896,912,1166
162897,914,1169
162898,916,1170
162899,914,1166
162900,911,1167
162901,911,1173
162902,913,1179
162903,916,1186
162904,915,1188
162905,914,1190
162906,910,1195
162907,910,1201
162908,914,1208
162909,917,1209
162910,920,1201
162911,920,1192
162912,919,1190
162913,920,1190
162914,924,1191
162915,928,1198
162916,931,1194
162917,933,1193
162918,934,1192
162919,939,1190
162920,944,1192
162921,950,1191
162922,953,1185
162923,954,1177
162924,957,1166
162925,958,1164
162926,964,1160
162927,969,1151
162928,971,1146
162929,974,1139
162930,977,1131
162931,981,1130
162932,986,1127
162933,992,1124
162934,991,1114
162935,992,1107
162936,992,1099
162937,994,1098
162938,997,1097
162939,1001,1093
162940,1004,1088
162941,1002,1082
162942,998,1076
162943,1002,1078
162944,1004,1076
162945,1008,1074
162946,1009,1074
162947,1007,1071
162948,1006,1066
162949,1010,1057
162950,1012,1052
162951,1014,1051
162952,1012,1047
162953,1008,1045
162954,1006,1045
162955,1006,1049
162956,1005,1051
162957,1008,1054
162958,1006,1053
162959,1006,1052
162960,1006,1051
162961,1008,1049
162962,1008,1049
162963,1011,1048
162964,1014,1046
162965,1009,1042
162966,1009,1042
162967,1010,1046
162968,1011,1048
162969,1015,1048
162970,1018,1046
162971,1017,1043
162972,1014,1043
162973,1014,1048
162974,1018,1050
162975,1020,1051
162976,1022,1044
162977,1021,1036
162978,1018,1030
162979,1017,1030
162980,1020,1033
162981,1021,1033
162982,1020,1031
162983,1019,1033
162984,1017,1029
162985,1017,1032
162986,1021,1034
162987,1023,1035
162988,1024,1031
162989,1023,1030
162990,1021,1028
162991,1019,1031
162992,1021,1034
162993,1024,1034
162994,1025,1034
162995,1023,1031
162996,1020,1031
162997,1022,1032
162998,1021,1037
162999,1026,1039
163000,1027,1038
163001,1027,1034
163002,1021,1034
163003,1023,1039
163004,1023,1046
163005,1026,1045
163006,1023,1040
163007,1020,1031
163008,1020,1035
163009,1021,1043
163010,1022,1048
163011,1024,1045
163012,1021,1040
163013,1017,1039
163014,1020,1036
163015,1021,1039
163016,1023,1036
163017,1030,1027
163018,1028,1022
163019,1029,1021
163020,1028,1021
163021,1028,1024
163022,1027,1028
163023,1027,1028
163024,1026,1026
163025,1023,1026
163026,1023,1027
163027,1024,1027
163028,1028,1028
163029,1028,1030
163030,1030,1029
163031,1027,1025
163032,1019,1028
163033,1019,1031
163034,1020,1033
163035,1021,1033
163036,1023,1027
163037,1021,1024
163038,1020,1024
163039,1020,1025
163040,1024,1028
163041,1025,1031
163042,1025,1029
163043,1022,1028
163044,1018,1028
163045,1019,1029
163046,1020,1032
163047,1020,1032
163048,1019,1031
163049,1021,1029
163050,1017,1028
163051,1018,1031
163052,1022,1032
163053,1026,1035
163054,1024,1033
163055,1022,1029
163056,1019,1027
163057,1021,1030
163058,1022,1033
163059,1024,1034
163060,1022,1035
163061,1018,1030
163062,1017,1029
163063,1018,1029
163064,1025,1033
163065,1027,1032
163066,1024,1034
163067,1022,1034
163068,1021,1035
163069,1020,1037
163070,1023,1041
163071,1028,1041
163072,1028,1037
163073,1025,1033
163074,1026,1031
163075,1025,1032
163076,1028,1033
163077,1031,1031
163078,1028,1030
163079,1024,1025
163080,1023,1025
163081,1022,1029
163082,1027,1030
163083,1030,1032
163084,1030,1030
163085,1031,1027
163086,1029,1028
163087,1032,1033
163088,1033,1036
163089,1033,1038
163090,1029,1040
163091,1027,1036
163092,1023,1037
163093,1022,1036
163094,1020,1033
163095,1025,1030
163096,1025,1027
163097,1026,1023
163098,1024,1028
163099,1024,1036
163100,1026,1040
163101,1031,1036
163102,1030,1026
163103,1028,1018
163104,1027,1018
163105,1025,1021
163106,1028,1029
163107,1032,1034
163108,1034,1036
163109,1031,1035
163110,1030,1033
163111,1033,1029
163112,1037,1025
163113,1042,1021
163114,1046,1013
163115,1050,1010
163116,1062,1012
163117,1079,1015
163118,1100,1016
163119,1132,1018
163120,1171,1009
163121,1208,996
163122,1245,986
163123,1286,986
163124,1330,989
163125,1358,999
163126,1362,1015
163127,1333,1023
163128,1276,1024
163129,1212,1033
163130,1155,1045
163131,1095,1055
163132,1039,1058
163133,1005,1058
163134,996,1056
163135,1009,1052
163136,1029,1045
163137,1041,1037
163138,1037,1032
163139,1026,1029
163140,1019,1027
163141,1018,1027
163142,1021,1026
163143,1022,1024
163144,1020,1022
163145,1014,1019
163146,1014,1023
163147,1010,1026
163148,1014,1033
163149,1015,1039
163150,1017,1043
163151,1014,1038
163152,1011,1029
163153,1012,1020
163154,1017,1016
163155,1016,1020
163156,1015,1020
163157,1013,1021
163158,1012,1023
163159,1011,1023
163160,1014,1025
163161,1015,1027
163162,1016,1025
163163,1013,1027
163164,1011,1025
163165,1010,1031
163166,1012,1035
163167,1011,1037
163168,1013,1037
163169,1013,1034
163170,1011,1034
163171,1011,1032
163172,1014,1035
163173,1018,1033
163174,1019,1029
163175,1016,1026
163176,1016,1026
163177,1014,1029
163178,1018,1033
163179,1022,1034
163180,1022,1036
163181,1021,1034
163182,1021,1030
163183,1023,1031
163184,1026,1027
163185,1025,1022
163186,1028,1013
163187,1026,1008
163188,1024,1008
163189,1023,1011
163190,1024,1014
163191,1030,1016
163192,1025,1015
163193,1028,1011
163194,1030,1008
163195,1031,1010
163196,1034,1011
163197,1039,1010
163198,1037,1012
163199,1039,1008
163200,1037,1006
163201,1036,1003
163202,1040,1000
163203,1042,997
163204,1044,994
163205,1041,988
163206,1039,990
163207,1042,992
163208,1047,993
163209,1052,995
163210,1052,991
163211,1052,989
163212,1051,989
163213,1053,993
163214,1060,996
163215,1064,996
163216,1065,994
163217,1065,993
163218,1067,992
163219,1069,992
163220,1072,995
163221,1076,994
163222,1079,990
163223,1077,988
163224,1078,988
163225,1075,990
163226,1079,994
163227,1083,999
163228,1081,997
163229,1079,1002
163230,1077,1002
163231,1073,1006
163232,1078,1009
163233,1080,1010
163234,1079,1009
163235,1074,1009
163236,1069,1010
163237,1065,1014
163238,1063,1018
163239,1063,1018
163240,1060,1016
163241,1055,1016
163242,1049,1015
163243,1050,1020
163244,1049,1022
163245,1050,1021
163246,1045,1018
163247,1043,1015
163248,1037,1012
163249,1035,1016
163250,1036,1019
163251,1039,1022
163252,1039,1019
163253,1036,1019
163254,1032,1020
163255,1033,1025
163256,1038,1028
163257,1041,1026
163258,1039,1023
163259,1038,1020
163260,1036,1022
163261,1037,1023
163262,1040,1029
163263,1043,1028
163264,1045,1027
163265,1041,1024
163266,1039,1026
163267,1040,1027
163268,1044,1030
163269,1048,1030
163270,1047,1027
163271,1045,1025
163272,1042,1024
163273,1043,1024
163274,1047,1028
163275,1049,1024
163276,1051,1024
163277,1048,1023
163278,1047,1026
163279,1046,1027
163280,1049,1030
163281,1051,1028
163282,1049,1023
163283,1047,1024
163284,1044,1023
163285,1043,1024
163286,1046,1025
163287,1047,1028
163288,1045,1030
163289,1044,1028
163290,1043,1025
163291,1045,1023
163292,1046,1023
163293,1047,1020
163294,1042,1017
163295,1040,1011
163296,1040,1010
163297,1039,1010
163298,1041,1011
163299,1041,1011
163300,1041,1011
163301,1037,1009
163302,1034,1012
163303,1038,1016
163304,1038,1017
163305,1040,1019
163306,1040,1020
163307,1037,1018
163308,1033,1016
163309,1032,1019
163310,1036,1025
163311,1041,1024
163312,1038,1023
163313,1036,1020
163314,1034,1022
163315,1035,1025
163316,1037,1029
163317,1037,1028
163318,1037,1026
163319,1035,1024
163320,1034,1027
163321,1033,1027
163322,1036,1031
163323,1036,1030
163324,1037,1029
163325,1035,1027
163326,1034,1027
163327,1034,1028
163328,1035,1032
163329,1039,1033
163330,1036,1034
163331,1034,1033
163332,1030,1033
163333,1031,1038
163334,1033,1041
163335,1036,1041
163336,1034,1039
163337,1032,1035
163338,1030,1030
163339,1032,1028
163340,1035,1027
163341,1037,1026
163342,1037,1027
163343,1033,1027
163344,1030,1025
163345,1028,1016
163346,1031,1013
163347,1035,1014
163348,1033,1014
163349,1038,1012
163350,1045,1010
163351,1054,1010
163352,1070,1008
163353,1088,1006
163354,1113,1002
163355,1139,1001
163356,1174,992
163357,1214,986
163358,1257,985
163359,1299,980
163360,1333,983
163361,1356,994
163362,1359,1011
163363,1339,1026
163364,1294,1032
163365,1233,1035
163366,1167,1041
163367,1102,1050
163368,1045,1056
163369,1010,1061
163370,999,1066
163371,1005,1061
163372,1015,1049
163373,1024,1038
163374,1029,1031
163375,1027,1030
163376,1027,1031
163377,1028,1031
163378,1026,1031
163379,1026,1027
163380,1024,1027
163381,1023,1032
163382,1021,1034
163383,1019,1036
163384,1014,1036
163385,1011,1032
163386,1008,1033
163387,1008,1037
163388,1011,1037
163389,1008,1035
163390,1002,1035
163391,995,1031
163392,993,1028
163393,995,1028
163394,998,1029
163395,1001,1026
163396,1001,1025
163397,998,1024
163398,995,1022
163399,997,1024
163400,1001,1028
163401,1001,1027
163402,1001,1026
163403,1002,1024
163404,999,1024
163405,1001,1027
163406,1002,1028
163407,1004,1030
163408,1007,1028
163409,1004,1026
163410,1004,1027
163411,1006,1027
163412,1007,1031
163413,1012,1029
163414,1009,1032
163415,1009,1030
163416,1007,1034
163417,1009,1037
163418,1013,1038
163419,1017,1035
163420,1018,1028
163421,1015,1026
163422,1012,1028
163423,1014,1030
163424,1016,1037
163425,1019,1042
163426,1020,1043
163427,1022,1039
163428,1022,1028
163429,1019,1018
163430,1023,1011
163431,1024,1008
163432,1023,1005
163433,1021,1002
163434,1020,1001
163435,1018,1005
163436,1023,1007
163437,1027,1008
163438,1026,1004
163439,1022,999
163440,1022,998
163441,1020,1000
163442,1022,1004
163443,1027,1001
163444,1026,997
163445,1027,992
163446,1024,991
163447,1025,991
163448,1027,993
163449,1030,994
163450,1028,991
163451,1028,989
163452,1025,990
163453,1026,992
163454,1030,995
163455,1037,995
163456,1035,991
163457,1036,990
163458,1037,990
163459,1038,991
163460,1041,997
163461,1049,996
163462,1050,995
163463,1048,992
163464,1043,993
163465,1038,998
163466,1040,1003
163467,1043,1007
163468,1043,1010
163469,1042,1012
163470,1037,1013
163471,1039,1013
163472,1042,1013
163473,1044,1015
163474,1041,1017
163475,1038,1020
163476,1035,1025
163477,1036,1035
163478,1039,1042
163479,1036,1045
163480,1033,1041
163481,1031,1032
163482,1027,1022
163483,1025,1019
163484,1027,1021
163485,1026,1019
163486,1022,1019
163487,1017,1020
163488,1014,1024
163489,1014,1025
163490,1016,1030
163491,1019,1028
163492,1018,1028
163493,1017,1024
163494,1013,1024
163495,1015,1028
163496,1016,1033
163497,1019,1034
163498,1016,1033
163499,1017,1031
163500,1014,1031
163501,1017,1029
163502,1019,1034
163503,1022,1035
163504,1020,1033
163505,1020,1033
163506,1016,1032
163507,1019,1034
163508,1021,1035
163509,1023,1037
163510,1022,1035
163511,1018,1035
163512,1017,1034
163513,1019,1037
163514,1022,1038
163515,1022,1035
163516,1021,1031
163517,1021,1027
163518,1020,1026
163519,1020,1029
163520,1024,1031
163521,1025,1033
163522,1023,1029
163523,1019,1028
163524,1018,1031
163525,1019,1034
163526,1022,1039
163527,1028,1039
163528,1028,1037
163529,1027,1034
163530,1024,1030
163531,1024,1028
163532,1026,1028
163533,1029,1029
163534,1029,1030
163535,1024,1033
163536,1021,1039
163537,1019,1046
163538,1020,1046
163539,1021,1041
163540,1016,1037
163541,1013,1031
163542,1015,1027
163543,1018,1027
163544,1020,1030
163545,1020,1031
163546,1018,1028
163547,1015,1019
163548,1012,1018
163549,1014,1020
163550,1012,1024
163551,1016,1024
163552,1017,1024
163553,1017,1025
163554,1013,1024
163555,1016,1025
163556,1021,1029
163557,1021,1027
163558,1019,1025
163559,1015,1024
163560,1014,1027
163561,1018,1029
163562,1020,1035
163563,1022,1035
163564,1019,1033
163565,1013,1030
163566,1013,1033
163567,1011,1034
163568,1014,1036
163569,1015,1036
163570,1018,1036
163571,1017,1033
163572,1016,1033
163573,1016,1035
163574,1019,1037
163575,1023,1038
163576,1021,1038
163577,1016,1034
163578,1018,1034
163579,1016,1036
163580,1017,1039
163581,1023,1038
163582,1024,1039
163583,1022,1035
163584,1018,1032
163585,1018,1036
163586,1021,1038
163587,1021,1038
163588,1020,1036
163589,1018,1034
163590,1019,1034
163591,1019,1036
163592,1018,1038
163593,1021,1038
163594,1021,1038
163595,1018,1039
163596,1014,1037
163597,1014,1036
163598,1015,1035
163599,1019,1034
163600,1017,1032
163601,1015,1034
163602,1012,1041
163603,1016,1056
163604,1018,1068
163605,1020,1066
163606,1021,1052
163607,1021,1033
163608,1017,1024
163609,1020,1023
163610,1020,1031
163611,1022,1039
163612,1027,1038
163613,1026,1025
163614,1025,1016
163615,1029,1012
163616,1040,1014
163617,1053,1016
163618,1070,1015
163619,1086,1009
163620,1106,1008
163621,1137,1009
163622,1175,1001
163623,1212,991
163624,1248,980
163625,1281,973
163626,1310,978
163627,1332,992
163628,1336,1012
163629,1319,1027
163630,1274,1033
163631,1217,1030
163632,1162,1036
163633,1104,1052
163634,1050,1062
163635,1008,1069
163636,983,1070
163637,979,1070
163638,988,1061
163639,1002,1057
163640,1011,1050
163641,1018,1041
163642,1017,1034
163643,1008,1031
163644,1002,1035
163645,1003,1037
163646,1006,1041
163647,1005,1040
163648,1004,1039
163649,999,1035
163650,997,1037
163651,997,1037
163652,999,1042
163653,1002,1041
163654,999,1037
163655,996,1038
163656,994,1039
163657,997,1040
163658,997,1044
163659,1000,1043
163660,996,1040
163661,996,1035
163662,995,1037
163663,996,1036
163664,999,1041
163665,1001,1041
163666,999,1039
163667,997,1038
163668,996,1039
163669,994,1040
163670,998,1043
163671,1000,1040
163672,1001,1038
163673,998,1037
163674,996,1038
163675,998,1041
163676,997,1045
163677,1002,1041
163678,1000,1038
163679,998,1031
163680,994,1027
163681,998,1026
163682,1001,1030
163683,1003,1032
163684,1004,1035
163685,1002,1039
163686,1000,1044
163687,1002,1041
163688,1004,1037
163689,1008,1027
163690,1009,1022
163691,1007,1020
163692,1006,1017
163693,1007,1020
163694,1010,1020
163695,1013,1022
163696,1009,1018
163697,1008,1017
163698,1008,1017
163699,1012,1020
163700,1015,1021
163701,1018,1021
163702,1017,1020
163703,1016,1014
163704,1016,1012
163705,1015,1014
163706,1018,1014
163707,1023,1014
163708,1023,1010
163709,1024,1005
163710,1020,1006
163711,1020,1007
163712,1021,1008
163713,1027,1006
163714,1027,1004
163715,1027,1001
163716,1027,1001
163717,1028,1003
163718,1031,1005
163719,1035,1002
163720,1033,1001
163721,1029,996
163722,1027,998
163723,1030,999
163724,1035,1000
163725,1040,999
163726,1040,996
163727,1041,993
163728,1038,995
163729,1040,998
163730,1046,1002
163731,1047,1003
163732,1049,1004
163733,1046,1004
163734,1040,1009
163735,1043,1020
163736,1045,1034
163737,1049,1043
163738,1049,1041
163739,1045,1032
163740,1044,1029
163741,1044,1027
163742,1045,1024
163743,1048,1018
163744,1042,1013
163745,1038,1009
163746,1030,1012
163747,1027,1017
163748,1028,1026
163749,1030,1030
163750,1030,1028
163751,1028,1023
163752,1023,1021
163753,1024,1024
163754,1025,1028
163755,1028,1032
163756,1027,1031
163757,1021,1030
163758,1018,1031
163759,1018,1034
163760,1016,1036
163761,1020,1035
163762,1019,1034
163763,1016,1032
163764,1013,1035
163765,1011,1036
163766,1019,1036
163767,1021,1034
163768,1019,1034
163769,1014,1031
163770,1012,1032
163771,1015,1035
163772,1017,1036
163773,1022,1038
163774,1020,1035
163775,1018,1032
163776,1016,1030
163777,1014,1034
163778,1017,1038
163779,1023,1035
163780,1022,1032
163781,1019,1033
163782,1017,1033
163783,1018,1034
163784,1019,1034
163785,1024,1034
163786,1022,1031
163787,1019,1030
163788,1015,1031
163789,1017,1034
163790,1019,1037
163791,1021,1037
163792,1020,1035
163793,1019,1031
163794,1017,1031
163795,1019,1033
163796,1018,1036
163797,1020,1038
163798,1018,1036
163799,1016,1033
163800,1012,1034
163801,1013,1038
163802,1018,1040
163803,1020,1040
163804,1020,1038
163805,1017,1039
163806,1016,1040
163807,1021,1048
163808,1022,1059
163809,1021,1061
163810,1019,1057
163811,1015,1045
163812,1013,1036
163813,1015,1029
163814,1018,1025
163815,1019,1028
163816,1017,1034
163817,1016,1044
163818,1014,1045
163819,1016,1040
163820,1019,1029
163821,1024,1019
163822,1020,1015
163823,1016,1012
163824,1014,1016
163825,1014,1020
163826,1020,1024
163827,1016,1026
163828,1017,1027
163829,1015,1026
163830,1014,1028
163831,1011,1031
163832,1014,1035
163833,1017,1033
163834,1013,1034
163835,1012,1032
163836,1008,1033
163837,1010,1034
163838,1013,1037
163839,1016,1039
163840,1014,1038
163841,1011,1036
163842,1010,1035
163843,1011,1041
163844,1013,1043
163845,1012,1043
163846,1009,1041
163847,1006,1036
163848,1007,1033
163849,1006,1036
163850,1011,1035
163851,1012,1037
163852,1012,1039
163853,1006,1038
163854,1004,1040
163855,1006,1038
163856,1010,1041
163857,1013,1039
163858,1012,1037
163859,1009,1038
163860,1005,1037
163861,1007,1042
163862,1010,1043
163863,1014,1045
163864,1014,1042
163865,1008,1041
163866,1008,1040
163867,1007,1047
163868,1010,1050
163869,1014,1050
163870,1010,1042
163871,1011,1034
163872,1007,1034
163873,1006,1036
163874,1007,1039
163875,1010,1045
163876,1008,1051
163877,1007,1057
163878,1006,1055
163879,1006,1049
163880,1009,1039
163881,1013,1028
163882,1012,1023
163883,1008,1019
163884,1006,1022
163885,1007,1028
163886,1011,1030
163887,1013,1031
163888,1012,1031
163889,1009,1028
163890,1008,1030
163891,1012,1031
163892,1015,1033
163893,1016,1034
163894,1015,1033
163895,1011,1035
163896,1010,1035
163897,1012,1036
163898,1013,1039
163899,1017,1037
163900,1014,1037
163901,1011,1032
163902,1010,1032
163903,1012,1035
163904,1017,1039
163905,1018,1041
163906,1019,1040
163907,1014,1035
163908,1015,1033
163909,1018,1039
163910,1020,1042
163911,1024,1045
163912,1028,1045
163913,1034,1046
163914,1043,1048
163915,1058,1046
163916,1079,1036
163917,1108,1024
163918,1134,1009
163919,1164,994
163920,1194,982
163921,1229,973
163922,1262,974
163923,1291,981
163924,1307,992
163925,1304,1013
163926,1282,1031
163927,1236,1038
163928,1181,1046
163929,1125,1055
163930,1066,1067
163931,1018,1073
163932,992,1075
163933,990,1074
163934,1000,1065
163935,1011,1054
163936,1015,1045
163937,1011,1038
163938,1008,1035
163939,1007,1035
163940,1011,1038
163941,1011,1034
163942,1008,1034
163943,1007,1033
163944,1001,1031
163945,1000,1036
163946,1001,1038
163947,1002,1038
163948,1000,1038
163949,997,1037
163950,997,1037
163951,998,1043
163952,1000,1049
163953,999,1047
163954,998,1044
163955,995,1052
163956,990,1061
163957,993,1066
163958,995,1065
163959,999,1057
163960,997,1043
163961,997,1029
163962,995,1019
163963,998,1020
163964,998,1023
163965,1003,1022
163966,1002,1027
163967,1002,1023
163968,1001,1026
163969,1003,1029
163970,1003,1033
163971,1004,1032
163972,1002,1032
163973,999,1028
163974,994,1032
163975,997,1033
163976,999,1036
163977,1002,1035
163978,1003,1030
163979,1000,1028
163980,998,1029
163981,1004,1029
163982,1003,1031
163983,1006,1029
163984,1004,1026
163985,1004,1023
163986,1003,1026
163987,1005,1027
163988,1008,1027
163989,1013,1024
163990,1013,1023
163991,1012,1017
163992,1011,1019
163993,1014,1020
163994,1016,1021
163995,1019,1022
163996,1018,1019
163997,1019,1015
163998,1017,1017
163999,1019,1019
164000,1024,1020
164001,1030,1017
164002,1030,1016
164003,1027,1015
164004,1025,1018
164005,1026,1022
164006,1027,1018
164007,1033,1006
164008,1032,997
164009,1032,996
164010,1031,996
164011,1036,994
164012,1035,1000
164013,1040,998
164014,1040,997
164015,1039,995
164016,1040,999
164017,1043,998
164018,1046,1002
164019,1046,1001
164020,1044,1000
164021,1043,997
164022,1042,999
164023,1043,1006
164024,1045,1007
164025,1048,1009
164026,1044,1009
164027,1043,1012
164028,1040,1016
164029,1040,1028
164030,1041,1037
164031,1039,1046
164032,1034,1048
164033,1028,1042
164034,1027,1030
164035,1028,1022
164036,1029,1018
164037,1030,1016
164038,1027,1017
164039,1022,1020
164040,1017,1022
164041,1015,1025
164042,1019,1028
164043,1019,1030
164044,1020,1033
164045,1013,1034
164046,1013,1035
164047,1014,1039
164048,1016,1041
164049,1021,1039
164050,1020,1039
164051,1019,1036
164052,1017,1034
164053,1020,1039
164054,1024,1042
164055,1033,1042
164056,1034,1043
164057,1038,1040
164058,1041,1043
164059,1046,1044
164060,1055,1045
164061,1060,1041
164062,1062,1039
164063,1063,1035
164064,1068,1037
164065,1080,1032
164066,1097,1030
164067,1116,1016
164068,1127,1000
164069,1138,980
164070,1152,965
164071,1170,955
164072,1187,945
164073,1201,931
164074,1213,913
164075,1223,893
164076,1240,874
164077,1260,855
164078,1280,844
164079,1295,829
164080,1302,820
164081,1299,811
164082,1292,813
164083,1290,814
164084,1287,814
164085,1283,816
164086,1274,815
164087,1258,812
164088,1236,812
164089,1210,814
164090,1186,819
164091,1159,821
164092,1130,831
164093,1100,843
164094,1073,860
164095,1063,878
164096,1059,901
164097,1056,917
164098,1052,931
164099,1044,937
164100,1047,946
164101,1054,958
164102,1071,971
164103,1088,979
164104,1097,983
164105,1095,984
164106,1081,990
164107,1057,998
164108,1029,1007
164109,1003,1014
164110,985,1021
164111,976,1031
164112,967,1043
164113,962,1060
164114,957,1074
164115,957,1080
164116,950,1078
164117,944,1075
164118,940,1077
164119,938,1077
164120,940,1084
164121,939,1088
164122,933,1090
164123,930,1095
164124,929,1096
164125,928,1102
164126,930,1105
164127,928,1104
164128,925,1106
164129,919,1105
164130,917,1108
164131,919,1114
164132,921,1116
164133,923,1120
164134,922,1124
164135,918,1128
164136,916,1137
164137,914,1136
164138,912,1138
164139,916,1131
164140,916,1124
164141,914,1122
164142,913,1122
164143,914,1123
164144,917,1128
164145,921,1129
164146,923,1127
164147,918,1127
164148,917,1130
164149,920,1136
164150,922,1143
164151,925,1144
164152,926,1142
164153,923,1137
164154,924,1139
164155,927,1144
164156,932,1148
164157,935,1148
164158,936,1148
164159,932,1148
164160,932,1149
164161,937,1153
164162,943,1158
164163,945,1158
164164,945,1156
164165,945,1152
164166,947,1152
164167,952,1154
164168,956,1153
164169,963,1153
164170,964,1149
164171,964,1143
164172,966,1140
164173,972,1140
164174,976,1138
164175,981,1132
164176,981,1124
164177,982,1116
164178,984,1112
164179,985,1112
164180,988,1107
164181,992,1100
164182,992,1096
164183,990,1090
164184,990,1089
164185,992,1089
164186,997,1090
164187,998,1080
164188,999,1074
164189,996,1065
164190,994,1061
164191,995,1057
164192,998,1055
164193,1000,1046
164194,999,1043
164195,996,1041
164196,991,1039
164197,993,1036
164198,996,1030
164199,1000,1024
164200,999,1025
164201,996,1026
164202,993,1029
164203,998,1034
164204,996,1035
164205,1001,1031
164206,1000,1029
164207,996,1025
164208,994,1028
164209,994,1032
164210,999,1033
164211,1000,1033
164212,1000,1033
164213,1000,1030
164214,994,1030
164215,996,1033
164216,999,1037
164217,1000,1036
164218,999,1034
164219,996,1035
164220,995,1035
164221,997,1038
164222,1000,1039
164223,1003,1038
164224,1002,1033
164225,999,1029
164226,1000,1028
164227,1000,1033
164228,1004,1040
164229,1006,1038
164230,1008,1035
164231,1005,1031
164232,1002,1032
164233,1005,1032
164234,1006,1035
164235,1008,1032
164236,1007,1027
164237,1005,1023
164238,1004,1026
164239,1007,1027
164240,1005,1030
164241,1010,1025
164242,1007,1024
164243,1003,1023
164244,1002,1027
164245,1003,1031
164246,1003,1035
164247,1006,1033
164248,1002,1030
164249,999,1027
164250,996,1028
164251,997,1029
164252,1000,1036
164253,1003,1034
164254,1002,1033
164255,998,1029
164256,996,1030
164257,996,1035
164258,1001,1036
164259,1000,1034
164260,1000,1034
164261,997,1031
164262,996,1032
164263,996,1034
164264,998,1035
164265,998,1038
164266,998,1046
164267,995,1050
164268,994,1056
164269,997,1052
164270,1002,1048
164271,1002,1027
164272,999,1010
164273,998,1002
164274,999,1008
164275,1000,1017
164276,1003,1024
164277,1003,1024
164278,1003,1025
164279,1002,1025
164280,1003,1026
164281,1004,1025
164282,1005,1023
164283,1005,1023
164284,1004,1023
164285,1001,1023
164286,997,1025
164287,999,1031
164288,1000,1032
164289,1000,1035
164290,997,1030
164291,997,1027
164292,995,1029
164293,996,1030
164294,998,1031
164295,999,1034
164296,999,1029
164297,996,1027
164298,996,1028
164299,995,1031
164300,995,1033
164301,998,1032
164302,997,1033
164303,996,1028
164304,995,1030
164305,995,1030
164306,1000,1035
164307,1002,1032
164308,1002,1034
164309,998,1032
164310,995,1031
164311,996,1038
164312,998,1041
164313,1001,1042
164314,998,1039
164315,997,1045
164316,993,1056
164317,994,1063
164318,998,1056
164319,997,1035
164320,998,1021
164321,997,1013
164322,996,1009
164323,996,1018
164324,1002,1020
164325,1005,1024
164326,1008,1023
164327,1007,1024
164328,1004,1023
164329,1000,1023
164330,994,1029
164331,995,1030
164332,993,1028
164333,994,1025
164334,995,1028
164335,997,1029
164336,1000,1032
164337,1001,1032
164338,1001,1031
164339,998,1027
164340,996,1029
164341,997,1031
164342,1001,1033
164343,999,1032
164344,998,1031
164345,997,1028
164346,995,1029
164347,996,1030
164348,1000,1034
164349,1000,1033
164350,1002,1031
164351,1000,1031
164352,1000,1031
164353,1002,1035
164354,1005,1037
164355,1004,1035
164356,1004,1034
164357,999,1031
164358,997,1032
164359,998,1038
164360,1003,1042
164361,1004,1044
164362,1003,1040
164363,1000,1037
164364,997,1036
164365,1000,1045
164366,1002,1060
164367,1005,1064
164368,1003,1054
164369,1003,1029
164370,1002,1014
164371,1003,1008
164372,1004,1011
164373,1003,1013
164374,1003,1014
164375,1000,1014
164376,995,1017
164377,998,1020
164378,1002,1028
164379,1004,1028
164380,1004,1027
164381,997,1025
164382,1000,1026
164383,1000,1030
164384,999,1036
164385,1002,1032
164386,1002,1031
164387,1001,1029
164388,1000,1030
164389,1002,1034
164390,1002,1036
164391,1008,1036
164392,1004,1033
164393,1004,1028
164394,1003,1029
164395,1002,1030
164396,1003,1035
164397,1006,1033
164398,1004,1029
164399,1004,1029
164400,1004,1030
164401,1004,1032
164402,1008,1035
164403,1009,1033
164404,1010,1030
164405,1011,1028
164406,1011,1029
164407,1008,1029
164408,1006,1031
164409,1003,1034
164410,1002,1040
164411,1002,1046
164412,1001,1061
164413,1005,1075
164414,1010,1069
164415,1015,1040
164416,1014,1010
164417,1018,995
164418,1025,995
164419,1040,1004
164420,1062,1008
164421,1085,1005
164422,1109,1002
164423,1137,993
164424,1167,984
164425,1208,978
164426,1245,974
164427,1284,978
164428,1311,984
164429,1322,1002
164430,1304,1023
164431,1264,1033
164432,1207,1040
164433,1149,1041
164434,1093,1046
164435,1038,1053
164436,997,1057
164437,981,1060
164438,987,1061
164439,1001,1051
164440,1010,1039
164441,1013,1030
164442,1008,1026
164443,1003,1030
164444,1003,1032
164445,1004,1030
164446,1000,1031
164447,997,1028
164448,992,1031
164449,992,1035
164450,994,1040
164451,996,1038
164452,994,1038
164453,992,1041
164454,987,1044
164455,989,1045
164456,995,1038
164457,993,1032
164458,988,1030
164459,986,1035
164460,985,1050
164461,983,1057
164462,988,1051
164463,990,1035
164464,989,1023
164465,986,1015
164466,985,1017
164467,987,1024
164468,992,1031
164469,994,1031
164470,992,1027
164471,985,1026
164472,985,1027
164473,985,1034
164474,986,1036
164475,988,1035
164476,989,1033
164477,990,1030
164478,995,1029
164479,1000,1032
164480,1002,1034
164481,1004,1034
164482,1000,1032
164483,997,1029
164484,996,1029
164485,996,1031
164486,998,1032
164487,1000,1031
164488,1000,1026
164489,998,1023
164490,997,1024
164491,1000,1025
164492,1002,1031
164493,1006,1029
164494,1004,1026
164495,1004,1025
164496,1003,1025
164497,1007,1027
164498,1009,1029
164499,1011,1025
164500,1010,1018
164501,1010,1015
164502,1010,1016
164503,1010,1018
164504,1013,1023
164505,1015,1021
164506,1015,1015
164507,1014,1008
164508,1016,1004
164509,1017,1005
164510,1018,1008
164511,1017,1010
164512,1020,1015
164513,1020,1019
164514,1022,1016
164515,1023,1008
164516,1027,1002
164517,1031,1001
164518,1032,1000
164519,1031,998
164520,1035,1000
164521,1038,1001
164522,1042,1003
164523,1048,998
164524,1047,994
164525,1044,991
164526,1048,994
164527,1052,997
164528,1054,1002
164529,1056,1005
164530,1055,1006
164531,1052,1008
164532,1049,1008
164533,1051,1005
164534,1052,1008
164535,1052,1009
164536,1047,1010
164537,1040,1013
164538,1039,1017
164539,1037,1021
164540,1038,1025
164541,1037,1024
164542,1035,1023
164543,1029,1025
164544,1026,1026
164545,1024,1031
164546,1024,1032
164547,1024,1031
164548,1021,1027
164549,1018,1027
164550,1016,1030
164551,1016,1035
164552,1018,1037
164553,1019,1035
164554,1016,1033
164555,1011,1034
164556,1010,1035
164557,1012,1039
164558,1013,1043
164559,1016,1039
164560,1015,1038
164561,1012,1039
164562,1011,1040
164563,1011,1046
164564,1012,1046
164565,1015,1047
164566,1015,1037
164567,1012,1026
164568,1010,1018
164569,1011,1020
164570,1016,1023
164571,1018,1024
164572,1016,1025
164573,1012,1024
164574,1013,1028
164575,1014,1029
164576,1019,1032
164577,1020,1029
164578,1019,1028
164579,1015,1025
164580,1014,1026
164581,1015,1029
164582,1018,1032
164583,1020,1033
164584,1014,1031
164585,1012,1030
164586,1014,1028
164587,1016,1031
164588,1017,1034
164589,1019,1034
164590,1020,1033
164591,1019,1034
164592,1019,1036
164593,1019,1039
164594,1021,1042
164595,1022,1036
164596,1021,1031
164597,1016,1027
164598,1013,1024
164599,1015,1028
164600,1018,1032
164601,1015,1031
164602,1014,1027
164603,1012,1027
164604,1013,1027
164605,1016,1030
164606,1019,1033
164607,1020,1029
164608,1017,1028
164609,1013,1028
164610,1013,1030
164611,1014,1029
164612,1016,1032
164613,1015,1033
164614,1014,1033
164615,1011,1032
164616,1009,1031
164617,1011,1030
164618,1012,1034
164619,1011,1034
164620,1009,1035
164621,1011,1034
164622,1011,1031
164623,1012,1030
164624,1015,1030
164625,1016,1027
164626,1011,1024
164627,1008,1025
164628,1009,1030
164629,1009,1035
164630,1013,1037
164631,1012,1037
164632,1013,1034
164633,1011,1030
164634,1010,1028
164635,1012,1031
164636,1014,1032
164637,1015,1036
164638,1015,1033
164639,1014,1032
164640,1011,1034
164641,1015,1036
164642,1015,1040
164643,1018,1041
164644,1013,1038
164645,1011,1036
164646,1009,1038
164647,1011,1039
164648,1013,1042
164649,1016,1040
164650,1013,1036
164651,1010,1035
164652,1008,1038
164653,1009,1042
164654,1010,1041
164655,1016,1039
164656,1011,1035
164657,1009,1032
164658,1012,1033
164659,1016,1033
164660,1025,1032
164661,1037,1027
164662,1055,1017
164663,1063,1013
164664,1086,1015
164665,1114,1012
164666,1151,1006
164667,1191,995
164668,1225,986
164669,1260,981
164670,1292,986
164671,1314,1005
164672,1315,1028
164673,1281,1038
164674,1221,1037
164675,1154,1039
164676,1083,1059
164677,1023,1075
164678,983,1087
164679,970,1083
164680,976,1074
164681,986,1059
164682,995,1048
164683,1002,1041
164684,1007,1039
164685,1007,1040
164686,1004,1039
164687,999,1035
164688,994,1035
164689,994,1037
164690,998,1038
164691,997,1039
164692,997,1033
164693,995,1032
164694,991,1032
164695,991,1034
164696,995,1035
164697,995,1036
164698,992,1034
164699,990,1031
164700,987,1030
164701,989,1031
164702,990,1033
164703,990,1033
164704,987,1032
164705,982,1029
164706,984,1032
164707,985,1039
164708,986,1043
164709,988,1042
164710,985,1034
164711,981,1029
164712,981,1025
164713,984,1026
164714,987,1030
164715,984,1030
164716,986,1027
164717,984,1028
164718,983,1030
164719,988,1032
164720,988,1036
164721,990,1035
164722,988,1033
164723,987,1031
164724,990,1032
164725,992,1033
164726,997,1033
164727,995,1031
164728,993,1028
164729,993,1023
164730,993,1024
164731,995,1026
164732,997,1028
164733,1000,1023
164734,999,1021
164735,997,1015
164736,997,1016
164737,1000,1015
164738,1004,1015
164739,1005,1013
164740,1004,1007
164741,1004,1005
164742,1005,1004
164743,1007,1006
164744,1009,1004
164745,1013,1000
164746,1010,997
164747,1009,993
164748,1010,992
164749,1013,995
164750,1017,998
164751,1020,998
164752,1019,996
164753,1016,992
164754,1014,991
164755,1017,992
164756,1019,992
164757,1020,994
164758,1018,991
164759,1019,988
164760,1018,992
164761,1021,994
164762,1025,994
164763,1026,996
164764,1025,994
164765,1023,994
164766,1022,999
164767,1021,1006
164768,1024,1011
164769,1024,1011
164770,1022,1011
164771,1015,1009
164772,1013,1013
164773,1015,1017
164774,1017,1020
164775,1016,1019
164776,1015,1017
164777,1008,1014
164778,1004,1017
164779,1003,1020
164780,1008,1024
164781,1008,1025
164782,1003,1025
164783,1001,1023
164784,1000,1027
164785,999,1029
164786,1002,1030
164787,1001,1032
164788,1000,1031
164789,997,1029
164790,996,1031
164791,996,1034
164792,998,1037
164793,999,1039
164794,998,1037
164795,995,1033
164796,995,1035
164797,996,1037
164798,998,1038
164799,996,1038
164800,995,1036
164801,996,1036
164802,995,1037
164803,1000,1042
164804,1003,1044
164805,1000,1041
164806,1001,1041
164807,999,1039
164808,999,1039
164809,1001,1039
164810,1003,1043
164811,1006,1042
164812,1006,1039
164813,1001,1036
164814,1004,1036
164815,1006,1038
164816,1010,1039
164817,1013,1037
164818,1018,1034
164819,1018,1030
164820,1027,1032
164821,1031,1034
164822,1036,1036
164823,1041,1038
164824,1041,1038
164825,1045,1035
164826,1056,1031
164827,1071,1024
164828,1087,1012
164829,1104,993
164830,1117,977
164831,1128,964
164832,1146,952
164833,1164,939
164834,1183,925
164835,1200,907
164836,1216,881
164837,1231,857
164838,1246,840
164839,1266,831
164840,1277,824
164841,1286,814
164842,1285,807
164843,1278,804
164844,1272,806
164845,1271,808
164846,1269,813
164847,1262,809
164848,1248,811
164849,1229,810
164850,1209,814
164851,1193,823
164852,1174,832
164853,1151,843
164854,1129,846
164855,1101,853
164856,1084,865
164857,1073,879
164858,1067,894
164859,1062,906
164860,1059,917
164861,1055,926
164862,1048,935
164863,1048,945
164864,1051,955
164865,1060,963
164866,1069,969
164867,1080,973
164868,1093,973
164869,1102,979
164870,1095,986
164871,1066,993
164872,1027,998
164873,987,1008
164874,966,1021
164875,958,1039
164876,955,1051
164877,950,1064
164878,944,1070
164879,938,1073
164880,935,1076
164881,933,1081
164882,932,1084
164883,928,1089
164884,929,1089
164885,925,1091
164886,924,1092
164887,924,1097
164888,927,1101
164889,925,1101
164890,920,1102
164891,915,1100
164892,915,1103
164893,918,1110
164894,917,1113
164895,915,1113
164896,913,1115
164897,910,1116
164898,910,1121
164899,910,1124
164900,911,1130
164901,909,1129
164902,907,1128
164903,905,1130
164904,902,1134
164905,905,1136
164906,907,1140
164907,907,1139
164908,903,1138
164909,899,1137
164910,900,1140
164911,900,1144
164912,902,1150
164913,902,1154
164914,897,1155
164915,896,1156
164916,897,1157
164917,897,1162
164918,896,1165
164919,898,1168
164920,897,1167
164921,894,1166
164922,893,1173
164923,896,1176
164924,902,1177
164925,903,1179
164926,902,1179
164927,899,1179
164928,903,1180
164929,905,1183
164930,912,1188
164931,912,1185
164932,914,1183
164933,913,1180
164934,915,1180
164935,923,1183
164936,929,1182
164937,935,1179
164938,934,1177
164939,938,1172
164940,939,1170
164941,946,1169
164942,952,1167
164943,957,1162
164944,960,1155
164945,959,1149
164946,963,1148
164947,964,1146
164948,970,1141
164949,974,1136
164950,971,1127
164951,971,1118
164952,973,1113
164953,976,1108
164954,980,1107
164955,981,1098
164956,980,1088
164957,978,1083
164958,978,1081
164959,982,1076
164960,983,1075
164961,983,1073
164962,983,1067
164963,978,1062
164964,978,1061
164965,979,1061
164966,981,1061
164967,984,1057
164968,983,1054
164969,980,1047
164970,980,1046
164971,983,1048
164972,985,1049
164973,988,1045
164974,985,1038
164975,984,1034
164976,982,1034
164977,985,1040
164978,986,1037
164979,982,1033
164980,980,1031
164981,976,1030
164982,977,1032
164983,983,1037
164984,984,1035
164985,987,1033
164986,986,1032
164987,982,1029
164988,981,1030
164989,983,1034
164990,985,1037
164991,987,1035
164992,984,1033
164993,984,1029
164994,983,1033
164995,987,1037
164996,990,1039
164997,994,1039
164998,991,1038
164999,990,1036
165000,990,1041
165001,990,1042
165002,994,1045
165003,995,1040
165004,992,1034
165005,987,1030
165006,984,1030
165007,988,1034
165008,991,1035
165009,992,1034
165010,992,1033
165011,987,1028
165012,989,1030
165013,989,1033
165014,992,1034
165015,992,1031
165016,988,1027
165017,987,1026
165018,990,1027
165019,994,1029
165020,997,1032
165021,995,1029
165022,990,1028
165023,988,1027
165024,987,1028
165025,990,1033
165026,993,1032
165027,994,1031
165028,991,1029
165029,989,1026
165030,989,1026
165031,991,1032
165032,996,1032
165033,999,1030
165034,996,1027
165035,991,1028
165036,991,1028
165037,993,1030
165038,996,1029
165039,999,1027
165040,994,1026
165041,994,1024
165042,992,1028
165043,996,1030
165044,1000,1030
165045,999,1029
165046,999,1028
165047,996,1024
165048,991,1025
165049,994,1028
165050,997,1029
165051,997,1029
165052,997,1026
165053,991,1026
165054,988,1028
165055,991,1034
165056,992,1034
165057,994,1033
165058,992,1030
165059,987,1027
165060,986,1031
165061,990,1032
165062,994,1037
165063,998,1030
165064,995,1026
165065,992,1023
165066,992,1026
165067,996,1029
165068,1002,1030
165069,1001,1026
165070,996,1023
165071,994,1022
165072,995,1023
165073,996,1025
165074,998,1028
165075,996,1025
165076,993,1022
165077,990,1021
165078,990,1022
165079,995,1026
165080,998,1026
165081,997,1025
165082,998,1022
165083,995,1019
165084,994,1020
165085,995,1021
165086,998,1024
165087,999,1023
165088,998,1019
165089,995,1018
165090,993,1019
165091,1001,1023
165092,1000,1024
165093,1002,1024
165094,998,1022
165095,996,1019
165096,994,1023
165097,996,1027
165098,1003,1029
165099,1004,1026
165100,997,1021
165101,993,1018
165102,994,1022
165103,994,1027
165104,1000,1030
165105,1002,1027
165106,1002,1028
165107,1000,1023
165108,998,1026
165109,996,1027
165110,996,1028
165111,995,1026
165112,994,1025
165113,991,1022
165114,993,1026
165115,995,1026
165116,995,1030
165117,995,1032
165118,995,1029
165119,995,1026
165120,996,1029
165121,1001,1030
165122,1004,1032
165123,1002,1031
165124,999,1028
165125,999,1026
165126,997,1026
165127,996,1030
165128,1000,1031
165129,1002,1031
165130,1000,1026
165131,1000,1024
165132,1000,1026
165133,1002,1029
165134,1004,1030
165135,1006,1027
165136,1003,1026
165137,1000,1027
165138,999,1028
165139,1002,1029
165140,1006,1032
165141,1011,1028
165142,1010,1025
165143,1007,1021
165144,1008,1025
165145,1011,1027
165146,1014,1028
165147,1013,1025
165148,1013,1023
165149,1010,1022
165150,1007,1020
165151,1015,1023
165152,1020,1022
165153,1022,1016
165154,1025,1008
165155,1032,1001
165156,1040,1006
165157,1057,1008
165158,1077,1011
165159,1101,1004
165160,1128,995
165161,1156,982
165162,1193,974
165163,1232,972
165164,1267,975
165165,1297,985
165166,1316,999
165167,1315,1019
165168,1298,1036
165169,1262,1042
165170,1211,1045
165171,1151,1049
165172,1091,1057
165173,1031,1065
165174,981,1072
165175,957,1073
165176,963,1071
165177,976,1060
165178,988,1048
165179,988,1037
165180,992,1029
165181,995,1030
165182,999,1030
165183,997,1026
165184,993,1025
165185,986,1020
165186,985,1024
165187,985,1023
165188,988,1026
165189,989,1026
165190,988,1025
165191,986,1025
165192,986,1026
165193,987,1026
165194,989,1028
165195,990,1023
165196,985,1023
165197,984,1022
165198,981,1027
165199,984,1027
165200,989,1031
165201,990,1030
165202,987,1027
165203,986,1025
165204,987,1024
165205,990,1025
165206,991,1025
165207,991,1024
165208,990,1021
165209,986,1021
165210,988,1017
165211,991,1022
165212,992,1022
165213,987,1020
165214,986,1018
165215,983,1015
165216,985,1019
165217,985,1019
165218,987,1025
165219,988,1022
165220,988,1016
165221,985,1015
165222,983,1018
165223,982,1024
165224,984,1026
165225,987,1025
165226,989,1025
165227,988,1021
165228,988,1023
165229,990,1024
165230,994,1024
165231,993,1020
165232,991,1016
165233,987,1016
165234,987,1019
165235,990,1020
165236,997,1018
165237,996,1016
165238,993,1010
165239,992,1011
165240,994,1011
165241,1001,1011
165242,1005,1011
165243,1005,1006
165244,1004,1004
165245,1003,1003
165246,1004,1001
165247,1007,1004
165248,1012,1002
165249,1012,999
165250,1012,992
165251,1007,992
165252,1007,993
165253,1011,994
165254,1017,993
165255,1021,994
165256,1018,991
165257,1015,986
165258,1013,987
165259,1016,988
165260,1016,988
165261,1021,982
165262,1022,980
165263,1019,979
165264,1018,982
165265,1020,985
165266,1026,983
165267,1029,981
165268,1032,978
165269,1030,978
165270,1030,982
165271,1035,983
165272,1038,987
165273,1037,987
165274,1039,985
165275,1039,984
165276,1040,986
165277,1044,991
165278,1044,995
165279,1042,995
165280,1041,996
165281,1037,996
165282,1034,998
165283,1036,1005
165284,1038,1006
165285,1038,1008
165286,1035,1008
165287,1030,1010
165288,1027,1012
165289,1026,1015
165290,1027,1020
165291,1024,1018
165292,1021,1018
165293,1015,1020
165294,1012,1022
165295,1014,1025
165296,1015,1029
165297,1015,1027
165298,1015,1026
165299,1011,1021
165300,1010,1024
165301,1010,1028
165302,1014,1026
165303,1013,1027
165304,1009,1022
165305,1006,1022
165306,1004,1024
165307,1004,1026
165308,1005,1028
165309,1008,1027
165310,1005,1025
165311,1004,1022
165312,1005,1028
165313,1007,1029
165314,1009,1033
165315,1009,1029
165316,1006,1029
165317,1004,1025
165318,999,1029
165319,1004,1033
165320,1007,1034
165321,1008,1031
165322,1010,1032
165323,1009,1029
165324,1008,1028
165325,1010,1034
165326,1012,1033
165327,1013,1031
165328,1011,1030
165329,1011,1027
165330,1011,1026
165331,1015,1029
165332,1016,1031
165333,1015,1028
165334,1012,1026
165335,1007,1024
165336,1008,1026
165337,1011,1028
165338,1015,1028
165339,1015,1026
165340,1015,1026
165341,1012,1021
165342,1013,1022
165343,1015,1025
165344,1018,1025
165345,1017,1024
165346,1014,1022
165347,1014,1021
165348,1013,1022
165349,1016,1025
165350,1017,1025
165351,1016,1022
165352,1012,1021
165353,1008,1020
165354,1007,1020
165355,1009,1024
165356,1013,1022
165357,1012,1020
165358,1010,1019
165359,1009,1018
165360,1007,1023
165361,1005,1025
165362,1008,1025
165363,1008,1025
165364,1005,1025
165365,1004,1023
165366,1003,1025
165367,1004,1027
165368,1008,1028
165369,1007,1025
165370,1005,1024
165371,1004,1022
165372,1002,1026
165373,1005,1030
165374,1007,1031
165375,1006,1028
165376,1004,1021
165377,1001,1021
165378,1000,1024
165379,1004,1026
165380,1005,1028
165381,1006,1026
165382,1003,1023
165383,1001,1023
165384,1001,1023
165385,1002,1024
165386,1004,1025
165387,1005,1026
165388,1000,1024
165389,998,1023
165390,999,1024
165391,1000,1023
165392,1001,1028
165393,1001,1027
165394,1002,1025
165395,1002,1024
165396,1000,1024
165397,1002,1027
165398,1004,1028
165399,1002,1027
165400,999,1024
165401,997,1023
165402,1000,1025
165403,999,1029
165404,1002,1031
165405,1002,1030
165406,997,1029
165407,995,1025
165408,996,1029
165409,1001,1031
165410,1001,1033
165411,999,1030
165412,998,1030
165413,998,1026
165414,997,1028
165415,999,1029
165416,1003,1031
165417,1001,1029
165418,1000,1027
165419,995,1026
165420,995,1026
165421,999,1028
165422,1002,1032
165423,1002,1029
165424,1000,1028
165425,996,1029
165426,996,1029
165427,1001,1030
165428,1004,1032
165429,1002,1030
165430,1001,1029
165431,1000,1028
165432,1001,1027
165433,1007,1031
165434,1012,1029
165435,1016,1023
165436,1017,1019
165437,1019,1017
165438,1026,1014
165439,1039,1017
165440,1057,1015
165441,1075,1013
165442,1097,1003
165443,1123,998
165444,1158,990
165445,1193,986
165446,1234,983
165447,1270,979
165448,1303,986
165449,1324,998
165450,1329,1017
165451,1316,1029
165452,1283,1034
165453,1228,1034
165454,1170,1035
165455,1109,1042
165456,1049,1059
165457,998,1070
165458,966,1075
165459,954,1077
165460,958,1068
165461,965,1053
165462,971,1042
165463,983,1039
165464,989,1033
165465,988,1029
165466,986,1022
165467,982,1018
165468,979,1024
165469,980,1025
165470,983,1027
165471,982,1026
165472,977,1024
165473,976,1024
165474,973,1024
165475,973,1027
165476,976,1029
165477,978,1028
165478,977,1025
165479,975,1024
165480,974,1028
165481,976,1028
165482,977,1028
165483,977,1027
165484,978,1026
165485,976,1024
165486,975,1027
165487,975,1027
165488,977,1028
165489,976,1027
165490,971,1027
165491,969,1028
165492,971,1029
165493,971,1035
165494,976,1034
165495,976,1030
165496,974,1028
165497,971,1025
165498,972,1029
165499,975,1027
165500,977,1028
165501,976,1026
165502,977,1027
165503,975,1026
165504,973,1024
165505,976,1026
165506,979,1031
165507,980,1026
165508,976,1021
165509,975,1018
165510,975,1021
165511,977,1024
165512,981,1025
165513,982,1024
165514,980,1020
165515,979,1021
165516,979,1023
165517,985,1022
165518,989,1021
165519,989,1019
165520,984,1018
165521,981,1014
165522,982,1014
165523,985,1016
165524,990,1015
165525,991,1013
165526,992,1008
165527,989,1005
165528,990,1005
165529,992,1007
165530,995,1008
165531,994,1006
165532,996,1003
165533,994,1000
165534,990,999
165535,995,1003
165536,1001,999
165537,1004,997
165538,1001,995
165539,997,989
165540,999,989
165541,1000,994
165542,1003,992
165543,999,989
165544,999,987
165545,999,985
165546,998,984
165547,998,984
165548,1001,988
165549,1001,988
165550,1000,984
165551,999,979
165552,1001,982
165553,1006,986
165554,1009,986
165555,1009,985
165556,1009,982
165557,1010,983
165558,1010,987
165559,1015,991
165560,1019,994
165561,1017,995
165562,1014,994
165563,1014,994
165564,1012,998
165565,1013,1001
165566,1014,1005
165567,1013,1007
165568,1008,1004
165569,1006,1005
165570,1006,1009
165571,1006,1014
165572,1006,1017
165573,1007,1018
165574,1001,1015
165575,995,1015
165576,991,1021
165577,995,1022
165578,997,1027
165579,996,1025
165580,993,1025
165581,990,1027
165582,988,1028
165583,989,1032
165584,991,1035
165585,991,1033
165586,990,1031
165587,989,1031
165588,988,1035
165589,989,1036
165590,992,1040
165591,992,1036
165592,990,1035
165593,989,1033
165594,988,1035
165595,991,1038
165596,993,1037
165597,992,1036
165598,990,1031
165599,988,1029
165600,988,1027
165601,989,1033
165602,994,1030
165603,993,1028
165604,991,1025
165605,989,1022
165606,987,1027
165607,990,1027
165608,992,1030
165609,992,1028
165610,993,1029
165611,989,1028
165612,991,1029
165613,993,1031
165614,997,1033
165615,994,1031
165616,994,1029
165617,992,1026
165618,994,1025
165619,994,1028
165620,998,1029
165621,1000,1027
165622,996,1026
165623,995,1024
165624,994,1025
165625,999,1029
165626,999,1028
165627,1000,1027
165628,996,1025
165629,994,1024
165630,995,1025
165631,1000,1028
165632,1002,1026
165633,999,1023
165634,1000,1023
165635,996,1023
165636,996,1025
165637,999,1028
165638,1002,1028
165639,1003,1028
165640,1001,1026
165641,998,1029
165642,1000,1030
165643,1003,1031
165644,1003,1029
165645,1002,1028
165646,1001,1024
165647,998,1023
165648,998,1026
165649,1000,1024
165650,1003,1026
165651,1000,1023
165652,998,1020
165653,996,1020
165654,996,1022
165655,1000,1026
165656,1002,1030
165657,1002,1028
165658,1002,1024
165659,1000,1025
165660,999,1026
165661,1002,1031
165662,1005,1032
165663,1004,1029
165664,1000,1027
165665,1003,1023
165666,1009,1024
165667,1025,1026
165668,1038,1026
165669,1058,1023
165670,1084,1015
165671,1114,1014
165672,1156,1006
165673,1199,1002
165674,1245,999
165675,1285,999
165676,1323,1005
165677,1352,1019
165678,1363,1039
165679,1348,1051
165680,1302,1054
165681,1234,1057
165682,1161,1064
165683,1091,1069
165684,1026,1067
165685,986,1062
165686,976,1055
165687,983,1045
165688,991,1034
165689,995,1026
165690,994,1025
165691,991,1025
165692,992,1028
165693,988,1026
165694,984,1026
165695,979,1025
165696,979,1029
165697,982,1030
165698,984,1031
165699,984,1027
165700,980,1027
165701,978,1025
165702,979,1026
165703,982,1029
165704,985,1031
165705,982,1030
165706,980,1028
165707,978,1028
165708,977,1032
165709,978,1032
165710,981,1036
165711,980,1032
165712,976,1031
165713,970,1032
165714,970,1031
165715,971,1035
165716,974,1037
165717,974,1038
165718,974,1035
165719,971,1035
165720,972,1038
165721,971,1040
165722,975,1040
165723,976,1036
165724,973,1033
165725,971,1035
165726,970,1035
165727,974,1037
165728,976,1038
165729,974,1036
165730,974,1031
165731,975,1030
165732,978,1033
165733,980,1034
165734,981,1035
165735,980,1031
165736,982,1028
165737,981,1027
165738,982,1026
165739,985,1027
165740,988,1029
165741,987,1023
165742,985,1021
165743,982,1018
165744,983,1019
165745,986,1018
165746,991,1016
165747,991,1014
165748,989,1008
165749,987,1007
165750,990,1006
165751,994,1007
165752,998,1007
165753,998,1006
165754,998,1000
165755,999,1000
165756,1002,998
165757,1006,1000
165758,1012,1001
165759,1014,1000
165760,1010,997
165761,1008,995
165762,1009,995
165763,1013,999
165764,1019,999
165765,1019,996
165766,1018,995
165767,1016,995
165768,1018,994
165769,1019,998
165770,1022,997
165771,1021,999
165772,1022,998
165773,1019,997
165774,1021,999
165775,1022,1007
165776,1026,1005
165777,1024,1003
165778,1021,1005
165779,1020,1004
165780,1018,1008
165781,1019,1012
165782,1020,1015
165783,1019,1015
165784,1016,1016
165785,1008,1018
165786,1008,1022
165787,1006,1026
165788,1010,1028
165789,1006,1031
165790,1001,1027
165791,999,1029
165792,993,1033
165793,994,1035
165794,997,1037
165795,996,1036
165796,992,1034
165797,987,1032
165798,988,1034
165799,989,1037
165800,992,1038
165801,992,1037
165802,989,1037
165803,986,1037
165804,989,1041
165805,990,1044
165806,994,1045
165807,990,1042
165808,991,1041
165809,988,1043
165810,987,1043
165811,988,1045
165812,992,1045
165813,994,1043
165814,991,1041
165815,990,1042
165816,992,1041
165817,997,1042
165818,1001,1043
165819,999,1041
165820,997,1039
165821,995,1037
165822,995,1038
165823,997,1040
165824,999,1043
165825,998,1039
165826,997,1033
165827,992,1033
165828,991,1034
165829,993,1037
165830,996,1040
165831,996,1038
165832,994,1032
165833,990,1033
165834,988,1032
165835,989,1036
165836,994,1037
165837,994,1036
165838,992,1035
165839,989,1033
165840,991,1035
165841,992,1037
165842,998,1039
165843,996,1037
165844,994,1036
165845,993,1036
165846,993,1037
165847,994,1039
165848,998,1038
165849,998,1036
165850,994,1035
165851,991,1032
165852,993,1038
165853,990,1039
165854,999,1040
165855,999,1039
165856,997,1036
165857,992,1036
165858,994,1039
165859,994,1042
165860,997,1044
165861,997,1043
165862,994,1042
165863,993,1042
165864,992,1041
165865,993,1045
165866,997,1046
165867,998,1044
165868,996,1039
165869,994,1037
165870,993,1041
165871,996,1044
165872,999,1046
165873,998,1043
165874,993,1038
165875,987,1036
165876,986,1037
165877,989,1043
165878,994,1042
165879,995,1037
165880,993,1036
165881,990,1036
165882,990,1037
165883,992,1041
165884,998,1043
165885,996,1039
165886,996,1039
165887,992,1036
165888,992,1039
165889,995,1040
165890,998,1041
165891,998,1039
165892,994,1037
165893,996,1036
165894,996,1037
165895,998,1039
165896,1000,1040
165897,1000,1039
165898,998,1035
165899,997,1036
165900,996,1037
165901,1002,1039
165902,1004,1037
165903,1001,1035
165904,999,1036
165905,999,1033
165906,1006,1033
165907,1010,1034
165908,1024,1031
165909,1035,1028
165910,1047,1027
165911,1064,1025
165912,1090,1026
165913,1125,1023
165914,1166,1017
165915,1203,1005
165916,1246,996
165917,1284,994
165918,1322,1002
165919,1345,1019
165920,1342,1036
165921,1301,1039
165922,1239,1037
165923,1168,1045
165924,1097,1058
165925,1035,1067
165926,989,1069
165927,964,1068
165928,965,1061
165929,975,1048
165930,986,1043
165931,993,1038
165932,996,1039
165933,992,1035
165934,989,1036
165935,987,1033
165936,989,1037
165937,991,1042
165938,991,1043
165939,990,1040
165940,986,1037
165941,983,1034
165942,981,1038
165943,981,1041
165944,984,1040
165945,985,1039
165946,982,1039
165947,982,1037
165948,978,1037
165949,981,1041
165950,986,1042
165951,983,1040
165952,978,1034
165953,977,1034
165954,975,1038
165955,978,1042
165956,981,1041
165957,977,1040
165958,976,1036
165959,974,1037
165960,971,1038
165961,975,1042
165962,976,1043
165963,973,1042
165964,971,1042
165965,968,1042
165966,970,1046
165967,973,1047
165968,972,1051
165969,974,1048
165970,973,1045
165971,970,1043
165972,971,1046
165973,973,1046
165974,980,1049
165975,980,1048
165976,978,1044
165977,976,1041
165978,979,1042
165979,983,1044
165980,988,1042
165981,988,1039
165982,984,1037
165983,981,1034
165984,981,1033
165985,986,1037
165986,990,1035
165987,992,1032
165988,989,1029
165989,989,1027
165990,990,1026
165991,994,1027
165992,998,1028
165993,998,1021
165994,998,1016
165995,999,1010
165996,996,1015
165997,1002,1015
165998,1003,1017
165999,1005,1016
166000,1004,1011
166001,1003,1010
166002,1001,1012
166003,1005,1013
166004,1005,1014
166005,1004,1012
166006,1000,1009
166007,1002,1010
166008,1005,1008
166009,1010,1010
166010,1013,1011
166011,1014,1008
166012,1014,1006
166013,1013,1004
166014,1014,1006
166015,1017,1008
166016,1017,1013
166017,1020,1015
166018,1021,1012
166019,1020,1013
166020,1022,1018
166021,1022,1020
166022,1026,1023
166023,1022,1024
166024,1022,1019
166025,1018,1020
166026,1019,1027
166027,1019,1028
166028,1019,1032
166029,1019,1034
166030,1017,1031
166031,1013,1034
166032,1009,1037
166033,1010,1040
166034,1012,1040
166035,1011,1038
166036,1007,1040
166037,1003,1036
166038,1002,1041
166039,1003,1042
166040,1004,1043
166041,1002,1041
166042,999,1039
166043,997,1036
166044,994,1041
166045,995,1043
166046,998,1042
166047,998,1041
166048,998,1040
166049,994,1039
166050,997,1040
166051,998,1043
166052,1002,1041
166053,1001,1037
166054,999,1035
166055,997,1035
166056,997,1037
166057,1003,1038
166058,1005,1040
166059,1005,1039
166060,1004,1038
166061,1005,1036
166062,1009,1041
166063,1020,1044
166064,1028,1045
166065,1030,1045
166066,1032,1043
166067,1031,1046
166068,1037,1050
166069,1045,1054
166070,1059,1053
166071,1071,1045
166072,1083,1029
166073,1093,1010
166074,1105,995
166075,1123,984
166076,1141,974
166077,1155,958
166078,1167,941
166079,1181,925
166080,1197,908
166081,1217,887
166082,1237,866
166083,1254,850
166084,1269,832
166085,1280,822
166086,1287,818
166087,1287,817
166088,1286,815
166089,1284,808
166090,1279,802
166091,1273,800
166092,1262,800
166093,1247,802
166094,1227,800
166095,1203,799
166096,1177,799
166097,1152,803
166098,1128,814
166099,1100,828
166100,1077,841
166101,1058,852
166102,1044,864
166103,1039,876
166104,1037,896
166105,1035,914
166106,1032,924
166107,1028,931
166108,1030,940
166109,1040,952
166110,1060,962
166111,1082,974
166112,1101,980
166113,1102,984
166114,1085,990
166115,1052,1002
166116,1016,1015
166117,985,1030
166118,967,1045
166119,954,1059
166120,942,1068
166121,938,1078
166122,934,1088
166123,930,1092
166124,931,1097
166125,926,1099
166126,920,1100
166127,916,1102
166128,913,1104
166129,911,1110
166130,912,1112
166131,909,1113
166132,903,1114
166133,900,1114
166134,898,1117
166135,902,1124
166136,903,1126
166137,902,1123
166138,897,1121
166139,895,1122
166140,892,1124
166141,895,1129
166142,895,1132
166143,895,1133
166144,892,1133
166145,891,1132
166146,890,1136
166147,894,1142
166148,898,1147
166149,898,1147
166150,895,1145
166151,893,1144
166152,892,1149
166153,894,1153
166154,897,1157
166155,895,1159
166156,895,1158
166157,893,1158
166158,894,1163
166159,898,1169
166160,901,1170
166161,899,1172
166162,897,1174
166163,897,1176
166164,898,1178
166165,904,1183
166166,908,1185
166167,907,1187
166168,906,1186
166169,908,1186
166170,913,1188
166171,916,1192
166172,919,1193
166173,921,1192
166174,918,1189
166175,917,1185
166176,920,1185
166177,927,1187
166178,930,1186
166179,934,1184
166180,936,1177
166181,936,1174
166182,936,1170
166183,940,1169
166184,944,1164
166185,947,1159
166186,948,1153
166187,951,1147
166188,955,1145
166189,960,1142
166190,964,1138
166191,963,1134
166192,964,1124
166193,965,1118
166194,967,1115
166195,974,1113
166196,975,1109
166197,976,1102
166198,974,1094
166199,973,1089
166200,972,1091
166201,974,1087
166202,978,1082
166203,979,1079
166204,976,1071
166205,975,1066
166206,975,1065
166207,978,1066
166208,983,1064
166209,981,1059
166210,981,1052
166211,977,1054
166212,973,1055
166213,981,1056
166214,983,1056
166215,983,1053
166216,979,1047
166217,976,1042
166218,978,1043
166219,982,1044
166220,986,1045
166221,986,1041
166222,982,1039
166223,981,1037
166224,981,1041
166225,985,1043
166226,985,1043
166227,984,1040
166228,981,1036
166229,978,1037
166230,979,1038
166231,984,1036
166232,985,1038
166233,983,1035
166234,977,1035
166235,973,1033
166236,977,1035
166237,978,1036
166238,982,1037
166239,981,1037
166240,980,1033
166241,979,1033
166242,980,1035
166243,981,1040
166244,982,1041
166245,985,1035
166246,980,1034
166247,980,1033
166248,981,1039
166249,986,1037
166250,990,1037
166251,987,1037
166252,985,1033
166253,981,1035
166254,983,1036
166255,984,1040
166256,988,1042
166257,985,1041
166258,985,1038
166259,981,1038
166260,983,1039
166261,985,1042
166262,989,1040
166263,987,1035
166264,985,1033
166265,984,1033
166266,984,1036
166267,990,1038
166268,990,1039
166269,986,1037
166270,983,1034
166271,980,1034
166272,984,1036
166273,985,1036
166274,988,1035
166275,988,1032
166276,983,1030
166277,981,1033
166278,982,1033
166279,984,1035
166280,989,1037
166281,988,1034
166282,985,1031
166283,980,1029
166284,980,1030
166285,985,1035
166286,989,1033
166287,989,1033
166288,984,1031
166289,982,1028
166290,985,1033
166291,987,1035
166292,990,1034
166293,989,1035
166294,986,1031
166295,982,1033
166296,983,1033
166297,987,1038
166298,988,1036
166299,984,1037
166300,986,1033
166301,984,1032
166302,985,1034
166303,988,1034
166304,988,1037
166305,986,1035
166306,988,1034
166307,986,1031
166308,982,1032
166309,983,1035
166310,986,1036
166311,986,1034
166312,983,1031
166313,981,1031
166314,982,1035
166315,987,1037
166316,990,1037
166317,992,1035
166318,987,1034
166319,983,1032
166320,982,1032
166321,984,1033
166322,987,1034
166323,987,1033
166324,984,1033
166325,982,1031
166326,986,1035
166327,987,1036
166328,991,1037
166329,987,1035
166330,984,1032
166331,982,1030
166332,983,1032
166333,988,1035
166334,991,1035
166335,990,1031
166336,985,1028
166337,988,1026
166338,986,1031
166339,985,1035
166340,990,1036
166341,988,1033
166342,985,1033
166343,981,1032
166344,985,1034
166345,987,1034
166346,991,1037
166347,990,1034
166348,988,1029
166349,988,1030
166350,985,1033
166351,988,1035
166352,991,1037
166353,991,1034
166354,985,1029
166355,984,1030
166356,981,1029
166357,982,1031
166358,987,1029
166359,989,1028
166360,987,1026
166361,984,1023
166362,984,1030
166363,985,1034
166364,988,1032
166365,989,1029
166366,988,1029
166367,985,1025
166368,985,1028
166369,989,1033
166370,991,1032
166371,991,1030
166372,988,1027
166373,984,1030
166374,987,1034
166375,990,1037
166376,995,1036
166377,996,1033
166378,995,1033
166379,993,1032
166380,992,1032
166381,993,1034
166382,997,1037
166383,995,1033
166384,990,1031
166385,988,1033
166386,989,1034
166387,993,1035
166388,997,1035
166389,999,1035
166390,996,1029
166391,994,1030
166392,992,1029
166393,995,1031
166394,997,1032
166395,999,1029
166396,996,1025
166397,992,1024
166398,996,1025
166399,1000,1026
166400,1003,1025
166401,997,1023
166402,994,1018
166403,989,1021
166404,990,1019
166405,992,1026
166406,995,1027
166407,993,1025
166408,991,1024
166409,986,1024
166410,989,1023
166411,992,1029
166412,994,1028
166413,995,1028
166414,995,1027
166415,994,1026
166416,994,1029
166417,996,1031
166418,999,1034
166419,1000,1030
166420,1001,1030
166421,999,1029
166422,1001,1033
166423,1001,1034
166424,1005,1032
166425,1005,1033
166426,1001,1030
166427,1000,1030
166428,1001,1034
166429,1005,1036
166430,1009,1037
166431,1008,1033
166432,1003,1031
166433,1002,1028
166434,1011,1025
166435,1015,1022
166436,1025,1018
166437,1034,1016
166438,1047,1009
166439,1068,1009
166440,1096,1008
166441,1133,1002
166442,1175,990
166443,1218,979
166444,1259,974
166445,1295,980
166446,1322,996
166447,1329,1018
166448,1307,1027
166449,1255,1031
166450,1189,1030
166451,1124,1037
166452,1059,1051
166453,1003,1065
166454,972,1068
166455,964,1065
166456,970,1054
166457,984,1044
166458,995,1035
166459,999,1033
166460,1000,1031
166461,992,1027
166462,989,1023
166463,985,1024
166464,990,1029
166465,987,1032
166466,992,1033
166467,987,1034
166468,985,1030
166469,979,1031
166470,982,1032
166471,983,1036
166472,987,1035
166473,986,1032
166474,982,1030
166475,982,1029
166476,981,1032
166477,983,1033
166478,987,1033
166479,985,1030
166480,982,1029
166481,982,1029
166482,981,1030
166483,986,1032
166484,990,1030
166485,987,1030
166486,984,1026
166487,983,1028
166488,984,1031
166489,988,1033
166490,989,1029
166491,989,1030
166492,986,1026
166493,984,1026
166494,986,1030
166495,989,1032
166496,990,1027
166497,988,1025
166498,983,1022
166499,979,1022
166500,978,1025
166501,981,1028
166502,986,1027
166503,987,1025
166504,984,1019
166505,987,1019
166506,992,1019
166507,993,1021
166508,996,1020
166509,995,1017
166510,993,1018
166511,994,1018
166512,999,1018
166513,1003,1023
166514,1005,1021
166515,1006,1019
166516,1002,1016
166517,1003,1015
166518,1003,1016
166519,1005,1014
166520,1007,1013
166521,1010,1008
166522,1008,1004
166523,1007,1004
166524,1010,1004
166525,1016,1006
166526,1019,1003
166527,1019,1001
166528,1019,996
166529,1014,996
166530,1016,999
166531,1018,1001
166532,1024,1001
166533,1027,997
166534,1028,993
166535,1026,993
166536,1031,995
166537,1034,997
166538,1040,996
166539,1040,997
166540,1038,994
166541,1036,992
166542,1042,996
166543,1045,999
166544,1050,1000
166545,1049,997
166546,1047,996
166547,1044,997
166548,1041,1002
166549,1044,1005
166550,1046,1007
166551,1046,1008
166552,1042,1004
166553,1036,1008
166554,1036,1015
166555,1039,1017
166556,1039,1020
166557,1038,1020
166558,1035,1018
166559,1030,1019
166560,1027,1021
166561,1030,1026
166562,1032,1028
166563,1029,1029
166564,1023,1026
166565,1020,1026
166566,1020,1029
166567,1023,1033
166568,1027,1032
166569,1024,1032
166570,1020,1030
166571,1019,1031
166572,1018,1035
166573,1019,1035
166574,1020,1037
166575,1020,1035
166576,1017,1033
166577,1014,1033
166578,1015,1035
166579,1017,1039
166580,1019,1037
166581,1016,1034
166582,1016,1031
166583,1012,1034
166584,1014,1035
166585,1016,1038
166586,1019,1036
166587,1017,1033
166588,1016,1029
166589,1013,1031
166590,1015,1034
166591,1018,1036
166592,1021,1035
166593,1019,1031
166594,1015,1029
166595,1014,1029
166596,1016,1029
166597,1017,1031
166598,1022,1031
166599,1022,1029
166600,1018,1027
166601,1013,1026
166602,1015,1031
166603,1016,1031
166604,1019,1029
166605,1019,1026
166606,1017,1024
166607,1017,1023
166608,1019,1024
166609,1021,1027
166610,1022,1025
166611,1018,1025
166612,1016,1022
166613,1014,1025
166614,1016,1027
166615,1019,1032
166616,1023,1033
166617,1020,1032
166618,1021,1031
166619,1018,1029
166620,1015,1031
166621,1018,1036
166622,1021,1035
166623,1019,1031
166624,1015,1031
166625,1012,1033
166626,1015,1034
166627,1015,1036
166628,1018,1035
166629,1018,1033
166630,1015,1031
166631,1012,1030
166632,1014,1032
166633,1015,1035
166634,1016,1034
166635,1014,1033
166636,1012,1028
166637,1011,1029
166638,1012,1032
166639,1016,1036
166640,1019,1034
166641,1017,1031
166642,1014,1027
166643,1011,1028
166644,1009,1031
166645,1012,1034
166646,1014,1035
166647,1012,1035
166648,1009,1030
166649,1005,1030
166650,1010,1031
166651,1012,1030
166652,1013,1031
166653,1013,1027
166654,1010,1026
166655,1008,1025
166656,1009,1028
166657,1012,1029
166658,1015,1028
166659,1014,1030
166660,1010,1028
166661,1008,1030
166662,1013,1033
166663,1017,1034
166664,1023,1035
166665,1021,1034
166666,1019,1030
166667,1020,1030
166668,1024,1029
166669,1033,1030
166670,1045,1028
166671,1056,1024
166672,1069,1022
166673,1088,1022
166674,1119,1020
166675,1158,1017
166676,1203,1006
166677,1246,996
166678,1287,991
166679,1321,1000
166680,1346,1018
166681,1349,1036
166682,1322,1039
166683,1267,1038
166684,1202,1040
166685,1132,1053
166686,1066,1066
166687,1012,1074
166688,987,1073
166689,984,1066
166690,992,1052
166691,997,1041
166692,1005,1036
166693,1007,1033
166694,1012,1032
166695,1011,1030
166696,1006,1027
166697,1002,1028
166698,1001,1032
166699,1002,1035
166700,1004,1035
166701,1001,1034
166702,998,1027
166703,994,1028
166704,989,1029
166705,993,1032
166706,996,1033
166707,993,1032
166708,989,1029
166709,988,1030
166710,988,1032
166711,989,1035
166712,993,1036
166713,994,1036
166714,992,1035
166715,989,1037
166716,992,1039
166717,993,1043
166718,996,1040
166719,997,1039
166720,996,1038
166721,995,1036
166722,995,1041
166723,997,1044
166724,998,1042
166725,999,1039
166726,995,1038
166727,994,1038
166728,996,1040
166729,996,1044
166730,1001,1042
166731,1000,1039
166732,999,1038
166733,997,1034
166734,999,1034
166735,1002,1035
166736,1004,1035
166737,1003,1033
166738,1003,1029
166739,999,1027
166740,1002,1030
166741,1003,1029
166742,1006,1026
166743,1005,1021
166744,1003,1018
166745,1001,1015
166746,1005,1017
166747,1009,1017
166748,1015,1013
166749,1012,1010
166750,1012,1009
166751,1011,1002
166752,1014,1005
166753,1014,1007
166754,1017,1006
166755,1017,1003
166756,1016,997
166757,1014,998
166758,1018,1001
166759,1022,1003
166760,1026,1003
166761,1026,999
166762,1023,995
166763,1023,995
166764,1026,999
166765,1028,1003
166766,1031,1004
166767,1029,1004
166768,1030,998
166769,1029,1000
166770,1032,1004
166771,1037,1007
166772,1040,1006
166773,1038,1005
166774,1038,1005
166775,1034,1007
166776,1037,1012
166777,1040,1017
166778,1043,1018
166779,1040,1017
166780,1037,1014
166781,1034,1016
166782,1036,1022
166783,1039,1026
166784,1040,1027
166785,1037,1028
166786,1034,1025
166787,1028,1029
166788,1027,1033
166789,1026,1036
166790,1028,1035
166791,1020,1037
166792,1020,1035
166793,1014,1038
166794,1014,1040
166795,1016,1044
166796,1018,1043
166797,1015,1042
166798,1010,1037
166799,1005,1039
166800,1005,1044
166801,1009,1046
166802,1012,1047
166803,1009,1043
166804,1006,1040
166805,1003,1045
166806,1001,1047
166807,1006,1048
166808,1008,1048
166809,1006,1047
166810,1003,1044
166811,1002,1049
166812,1003,1051
166813,1007,1054
166814,1009,1053
166815,1008,1047
166816,1007,1046
166817,1004,1046
166818,1006,1049
166819,1013,1052
166820,1014,1051
166821,1012,1048
166822,1012,1049
166823,1013,1048
166824,1014,1048
166825,1019,1050
166826,1019,1048
166827,1016,1043
166828,1012,1040
166829,1013,1037
166830,1016,1040
166831,1015,1040
166832,1019,1040
166833,1018,1037
166834,1017,1036
166835,1017,1037
166836,1018,1038
166837,1020,1042
166838,1023,1038
166839,1020,1037
166840,1019,1033
166841,1018,1036
166842,1017,1039
166843,1018,1041
166844,1021,1041
166845,1020,1038
166846,1016,1037
166847,1013,1039
166848,1016,1040
166849,1013,1043
166850,1015,1042
166851,1014,1041
166852,1011,1040
166853,1009,1041
166854,1009,1045
166855,1013,1048
166856,1016,1048
166857,1013,1049
166858,1010,1046
166859,1011,1047
166860,1014,1048
166861,1017,1050
166862,1019,1052
166863,1017,1049
166864,1014,1043
166865,1010,1045
166866,1009,1048
166867,1015,1050
166868,1020,1047
166869,1016,1045
166870,1016,1042
166871,1013,1047
166872,1013,1048
166873,1015,1051
166874,1019,1050
166875,1016,1046
166876,1012,1042
166877,1011,1045
166878,1014,1048
166879,1015,1047
166880,1022,1049
166881,1019,1043
166882,1018,1043
166883,1015,1042
166884,1016,1043
166885,1017,1047
166886,1020,1047
166887,1017,1044
166888,1015,1044
166889,1010,1043
166890,1014,1046
166891,1017,1049
166892,1020,1048
166893,1018,1047
166894,1016,1045
166895,1013,1045
166896,1017,1049
166897,1022,1051
166898,1020,1051
166899,1020,1049
166900,1015,1045
166901,1014,1044
166902,1012,1044
166903,1017,1046
166904,1018,1046
166905,1018,1045
166906,1015,1039
166907,1011,1040
166908,1014,1045
166909,1017,1047
166910,1018,1045
166911,1018,1044
166912,1020,1042
166913,1022,1044
166914,1023,1048
166915,1026,1048
166916,1028,1043
166917,1032,1041
166918,1036,1035
166919,1046,1035
166920,1060,1037
166921,1077,1035
166922,1101,1037
166923,1124,1032
166924,1156,1023
166925,1194,1012
166926,1233,1005
166927,1272,1000
166928,1309,1000
166929,1331,1008
166930,1336,1023
166931,1316,1034
166932,1276,1038
166933,1225,1046
166934,1169,1053
166935,1114,1066
166936,1062,1073
166937,1016,1078
166938,996,1080
166939,995,1075
166940,1006,1062
166941,1012,1051
166942,1015,1042
166943,1012,1039
166944,1013,1041
166945,1014,1042
166946,1019,1045
166947,1015,1044
166948,1010,1039
166949,1007,1041
166950,1005,1046
166951,1003,1048
166952,1003,1047
166953,1001,1047
166954,997,1046
166955,996,1046
166956,999,1050
166957,1000,1053
166958,1002,1050
166959,1002,1048
166960,998,1047
166961,992,1048
166962,992,1051
166963,999,1055
166964,1002,1055
166965,1000,1051
166966,997,1051
166967,998,1052
166968,998,1053
166969,1000,1056
166970,1003,1057
166971,1003,1054
166972,1000,1054
166973,997,1054
166974,995,1057
166975,1001,1059
166976,1005,1059
166977,1003,1055
166978,998,1052
166979,999,1052
166980,998,1051
166981,1004,1052
166982,1006,1050
166983,1005,1050
166984,1002,1044
166985,1002,1044
166986,1003,1043
166987,1005,1047
166988,1010,1047
166989,1007,1041
166990,1006,1038
166991,1005,1039
166992,1006,1039
166993,1008,1041
166994,1010,1038
166995,1010,1033
166996,1011,1031
166997,1006,1031
166998,1007,1033
166999,1012,1035
167000,1014,1032
167001,1012,1028
167002,1010,1026
167003,1008,1026
167004,1009,1029
167005,1014,1030
167006,1015,1030
167007,1015,1029
167008,1016,1024
167009,1015,1024
167010,1019,1029
167011,1025,1026
167012,1028,1025
167013,1026,1021
167014,1026,1018
167015,1025,1015
167016,1026,1018
167017,1033,1021
167018,1035,1020
167019,1035,1018
167020,1034,1013
167021,1033,1013
167022,1036,1018
167023,1038,1021
167024,1043,1020
167025,1042,1016
167026,1039,1010
167027,1041,1014
167028,1045,1020
167029,1047,1018
167030,1053,1017
167031,1048,1014
167032,1046,1010
167033,1044,1015
167034,1047,1019
167035,1051,1022
167036,1055,1020
167037,1053,1020
167038,1049,1017
167039,1044,1018
167040,1043,1023
167041,1044,1027
167042,1045,1024
167043,1042,1029
167044,1037,1026
167045,1034,1029
167046,1033,1033
167047,1032,1036
167048,1029,1037
167049,1028,1037
167050,1023,1036
167051,1021,1037
167052,1020,1043
167053,1024,1047
167054,1026,1046
167055,1021,1046
167056,1015,1046
167057,1016,1049
167058,1015,1052
167059,1019,1054
167060,1021,1053
167061,1020,1050
167062,1015,1050
167063,1016,1053
167064,1018,1054
167065,1021,1058
167066,1020,1058
167067,1016,1056
167068,1014,1054
167069,1012,1053
167070,1018,1057
167071,1019,1058
167072,1020,1057
167073,1020,1054
167074,1017,1048
167075,1016,1048
167076,1019,1049
167077,1024,1051
167078,1027,1049
167079,1025,1049
167080,1022,1047
167081,1023,1047
167082,1023,1049
167083,1026,1048
167084,1029,1049
167085,1034,1043
167086,1035,1042
167087,1037,1042
167088,1040,1043
167089,1047,1046
167090,1054,1049
167091,1057,1048
167092,1058,1051
167093,1062,1053
167094,1068,1056
167095,1078,1054
167096,1088,1046
167097,1099,1031
167098,1110,1016
167099,1122,999
167100,1139,988
167101,1157,975
167102,1174,958
167103,1187,941
167104,1200,926
167105,1216,908
167106,1231,888
167107,1248,869
167108,1267,854
167109,1281,838
167110,1294,826
167111,1297,820
167112,1298,821
167113,1297,825
167114,1294,826
167115,1288,823
167116,1278,818
167117,1267,816
167118,1255,823
167119,1243,829
167120,1227,833
167121,1203,836
167122,1176,841
167123,1148,850
167124,1129,862
167125,1114,873
167126,1104,885
167127,1096,895
167128,1087,904
167129,1083,914
167130,1083,929
167131,1080,941
167132,1079,949
167133,1074,954
167134,1073,961
167135,1077,972
167136,1090,984
167137,1104,993
167138,1119,995
167139,1122,996
167140,1109,1000
167141,1077,1011
167142,1041,1024
167143,1010,1038
167144,989,1052
167145,974,1064
167146,969,1077
167147,961,1089
167148,959,1098
167149,957,1102
167150,953,1103
167151,949,1103
167152,942,1104
167153,937,1107
167154,938,1110
167155,937,1115
167156,937,1115
167157,930,1114
167158,929,1114
167159,931,1116
167160,929,1122
167161,926,1125
167162,926,1126
167163,925,1127
167164,922,1123
167165,920,1128
167166,922,1129
167167,923,1132
167168,921,1133
167169,916,1132
167170,914,1130
167171,913,1132
167172,914,1135
167173,916,1139
167174,917,1138
167175,916,1136
167176,913,1137
167177,911,1139
167178,911,1141
167179,912,1146
167180,915,1148
167181,913,1148
167182,913,1148
167183,910,1152
167184,912,1154
167185,913,1161
167186,915,1161
167187,916,1163
167188,913,1163
167189,911,1167
167190,914,1174
167191,915,1178
167192,916,1181
167193,912,1181
167194,913,1179
167195,916,1184
167196,918,1187
167197,922,1188
167198,925,1189
167199,925,1188
167200,926,1186
167201,928,1185
167202,929,1188
167203,934,1192
167204,935,1191
167205,938,1186
167206,940,1183
167207,943,1181
167208,948,1179
167209,952,1177
167210,956,1170
167211,956,1165
167212,956,1158
167213,962,1154
167214,965,1150
167215,969,1147
167216,971,1142
167217,974,1133
167218,974,1128
167219,978,1123
167220,979,1117
167221,982,1115
167222,984,1110
167223,983,1103
167224,983,1098
167225,982,1094
167226,984,1094
167227,991,1091
167228,993,1083
167229,990,1078
167230,989,1075
167231,990,1073
167232,991,1071
167233,995,1073
167234,998,1073
167235,996,1066
167236,996,1063
167237,997,1062
167238,998,1065
167239,999,1062
167240,1002,1062
167241,1002,1062
167242,1003,1058
167243,1002,1057
167244,1002,1057
167245,998,1058
167246,1000,1059
167247,999,1056
167248,997,1054
167249,997,1052
167250,998,1055
167251,1001,1057
167252,1005,1057
167253,1002,1055
167254,1000,1051
167255,997,1052
167256,997,1052
167257,1002,1054
167258,1006,1051
167259,1004,1048
167260,1002,1046
167261,1003,1047
167262,1007,1049
167263,1012,1050
167264,1012,1049
167265,1008,1046
167266,1005,1045
167267,1003,1045
167268,1004,1046
167269,1010,1048
167270,1010,1048
167271,1007,1045
167272,1003,1044
167273,1003,1043
167274,1005,1049
167275,1006,1050
167276,1006,1050
167277,1004,1045
167278,1005,1045
167279,1003,1044
167280,1005,1046
167281,1005,1049
167282,1007,1047
167283,1007,1047
167284,1005,1042
167285,1007,1044
167286,1010,1048
167287,1011,1048
167288,1012,1047
167289,1010,1044
167290,1008,1042
167291,1004,1042
167292,1006,1047
167293,1009,1049
167294,1009,1045
167295,1008,1044
167296,1005,1041
167297,1006,1042
167298,1008,1044
167299,1009,1047
167300,1008,1045
167301,1005,1046
167302,1003,1043
167303,1001,1044
167304,1004,1045
167305,1008,1049
167306,1009,1044
167307,1007,1040
167308,1006,1041
167309,1007,1042
167310,1007,1044
167311,1011,1047
167312,1010,1043
167313,1008,1042
167314,1006,1042
167315,1005,1041
167316,1007,1045
167317,1008,1048
167318,1008,1046
167319,1006,1041
167320,1002,1042
167321,1002,1043
167322,1004,1046
167323,1006,1050
167324,1008,1050
167325,1003,1048
167326,1002,1042
167327,1002,1044
167328,1005,1047
167329,1007,1048
167330,1007,1048
167331,1005,1045
167332,1002,1043
167333,1002,1041
167334,1004,1044
167335,1007,1047
167336,1009,1046
167337,1008,1045
167338,1003,1044
167339,1002,1042
167340,1005,1046
167341,1005,1050
167342,1009,1049
167343,1008,1047
167344,1006,1042
167345,1002,1043
167346,1004,1048
167347,1008,1050
167348,1009,1050
167349,1009,1046
167350,1004,1046
167351,1002,1045
167352,1007,1047
167353,1008,1051
167354,1008,1049
167355,1006,1047
167356,1006,1043
167357,1007,1044
167358,1010,1045
167359,1011,1049
167360,1008,1044
167361,1007,1042
167362,1005,1040
167363,1003,1040
167364,1006,1044
167365,1010,1046
167366,1013,1045
167367,1012,1045
167368,1010,1043
167369,1007,1042
167370,1008,1046
167371,1011,1049
167372,1013,1049
167373,1011,1047
167374,1010,1043
167375,1007,1042
167376,1010,1045
167377,1013,1045
167378,1011,1043
167379,1008,1041
167380,1005,1038
167381,1005,1042
167382,1009,1042
167383,1013,1045
167384,1013,1043
167385,1011,1038
167386,1007,1038
167387,1007,1039
167388,1008,1040
167389,1008,1045
167390,1009,1043
167391,1008,1043
167392,1003,1039
167393,1003,1039
167394,1007,1041
167395,1007,1042
167396,1007,1044
167397,1005,1040
167398,1004,1039
167399,1002,1040
167400,1004,1041
167401,1008,1044
167402,1011,1043
167403,1009,1041
167404,1009,1040
167405,1009,1039
167406,1010,1044
167407,1015,1046
167408,1019,1046
167409,1018,1045
167410,1016,1043
167411,1018,1046
167412,1019,1050
167413,1019,1052
167414,1021,1049
167415,1020,1048
167416,1016,1042
167417,1017,1044
167418,1022,1045
167419,1022,1047
167420,1023,1046
167421,1021,1043
167422,1018,1039
167423,1017,1042
167424,1017,1041
167425,1021,1042
167426,1022,1042
167427,1022,1041
167428,1018,1038
167429,1020,1038
167430,1023,1042
167431,1024,1042
167432,1026,1039
167433,1029,1032
167434,1030,1031
167435,1038,1029
167436,1051,1031
167437,1068,1033
167438,1087,1030
167439,1111,1023
167440,1135,1017
167441,1167,1012
167442,1209,1005
167443,1248,1004
167444,1286,1004
167445,1314,1007
167446,1331,1016
167447,1329,1033
167448,1311,1045
167449,1273,1049
167450,1218,1046
167451,1160,1053
167452,1096,1063
167453,1035,1072
167454,994,1078
167455,982,1082
167456,990,1075
167457,1001,1063
167458,1008,1051
167459,1013,1047
167460,1010,1043
167461,1010,1047
167462,1008,1046
167463,1006,1045
167464,1001,1040
167465,997,1045
167466,999,1047
167467,1003,1051
167468,1005,1047
167469,1003,1046
167470,999,1044
167471,995,1044
167472,998,1048
167473,999,1049
167474,1000,1049
167475,999,1048
167476,993,1043
167477,990,1043
167478,990,1044
167479,994,1046
167480,995,1048
167481,992,1044
167482,991,1039
167483,991,1040
167484,990,1042
167485,990,1043
167486,991,1042
167487,989,1040
167488,989,1036
167489,989,1039
167490,990,1037
167491,994,1041
167492,997,1040
167493,994,1037
167494,987,1037
167495,989,1040
167496,991,1044
167497,994,1045
167498,995,1042
167499,993,1040
167500,990,1039
167501,989,1041
167502,989,1042
167503,994,1043
167504,993,1042
167505,992,1040
167506,989,1038
167507,993,1039
167508,993,1044
167509,1000,1045
167510,1000,1043
167511,1000,1041
167512,996,1039
167513,998,1042
167514,998,1044
167515,1004,1046
167516,1007,1044
167517,1009,1040
167518,1005,1040
167519,1004,1037
167520,1009,1042
167521,1010,1043
167522,1014,1040
167523,1011,1037
167524,1010,1031
167525,1010,1033
167526,1015,1034
167527,1019,1038
167528,1022,1035
167529,1020,1029
167530,1017,1028
167531,1017,1027
167532,1021,1031
167533,1023,1027
167534,1025,1025
167535,1024,1020
167536,1020,1017
167537,1022,1017
167538,1027,1017
167539,1031,1019
167540,1033,1018
167541,1033,1014
167542,1031,1013
167543,1033,1016
167544,1037,1015
167545,1040,1017
167546,1044,1012
167547,1044,1009
167548,1044,1006
167549,1042,1008
167550,1047,1012
167551,1048,1012
167552,1053,1012
167553,1050,1010
167554,1049,1008
167555,1048,1010
167556,1047,1013
167557,1050,1017
167558,1050,1017
167559,1052,1018
167560,1048,1017
167561,1046,1020
167562,1046,1026
167563,1047,1031
167564,1045,1031
167565,1043,1031
167566,1041,1032
167567,1035,1032
167568,1036,1036
167569,1040,1041
167570,1037,1041
167571,1035,1041
167572,1029,1042
167573,1028,1045
167574,1027,1050
167575,1028,1052
167576,1030,1054
167577,1025,1051
167578,1018,1053
167579,1016,1051
167580,1020,1054
167581,1019,1058
167582,1018,1060
167583,1017,1057
167584,1014,1056
167585,1013,1056
167586,1017,1059
167587,1018,1062
167588,1018,1059
167589,1016,1056
167590,1014,1055
167591,1013,1055
167592,1015,1056
167593,1017,1060
167594,1020,1060
167595,1017,1056
167596,1015,1055
167597,1013,1057
167598,1013,1058
167599,1017,1059
167600,1019,1057
167601,1017,1054
167602,1013,1053
167603,1012,1051
167604,1016,1050
167605,1019,1054
167606,1021,1053
167607,1018,1049
167608,1016,1045
167609,1015,1047
167610,1016,1049
167611,1019,1053
167612,1019,1051
167613,1016,1051
167614,1015,1047
167615,1013,1048
167616,1016,1049
167617,1018,1052
167618,1020,1051
167619,1020,1046
167620,1013,1045
167621,1016,1047
167622,1019,1051
167623,1020,1053
167624,1020,1049
167625,1018,1048
167626,1017,1046
167627,1014,1047
167628,1016,1051
167629,1019,1053
167630,1021,1053
167631,1017,1049
167632,1014,1048
167633,1014,1049
167634,1013,1049
167635,1014,1053
167636,1017,1054
167637,1016,1051
167638,1014,1048
167639,1014,1049
167640,1015,1054
167641,1018,1057
167642,1022,1055
167643,1021,1049
167644,1016,1051
167645,1015,1050
167646,1017,1052
167647,1020,1054
167648,1021,1053
167649,1017,1051
167650,1015,1046
167651,1013,1048
167652,1015,1048
167653,1016,1054
167654,1018,1051
167655,1014,1050
167656,1010,1048
167657,1010,1046
167658,1011,1047
167659,1014,1050
167660,1015,1051
167661,1014,1047
167662,1012,1046
167663,1010,1047
167664,1012,1049
167665,1012,1053
167666,1014,1051
167667,1011,1051
167668,1008,1049
167669,1009,1052
167670,1011,1052
167671,1015,1056
167672,1015,1054
167673,1015,1055
167674,1011,1052
167675,1010,1054
167676,1012,1057
167677,1016,1060
167678,1016,1060
167679,1016,1057
167680,1013,1054
167681,1013,1058
167682,1014,1059
167683,1016,1061
167684,1017,1061
167685,1014,1055
167686,1009,1054
167687,1014,1052
167688,1017,1052
167689,1029,1051
167690,1040,1048
167691,1051,1045
167692,1063,1042
167693,1084,1046
167694,1114,1045
167695,1147,1040
167696,1190,1030
167697,1231,1018
167698,1274,1014
167699,1312,1016
167700,1340,1029
167701,1346,1047
167702,1321,1054
167703,1272,1050
167704,1209,1050
167705,1147,1057
167706,1082,1076
167707,1025,1082
167708,990,1082
167709,977,1081
167710,978,1073
167711,989,1061
167712,998,1057
167713,1005,1053
167714,1005,1051
167715,1000,1048
167716,994,1048
167717,990,1050
167718,994,1052
167719,995,1054
167720,994,1056
167721,988,1053
167722,986,1051
167723,985,1054
167724,985,1058
167725,988,1058
167726,986,1059
167727,985,1055
167728,980,1052
167729,981,1057
167730,984,1058
167731,987,1059
167732,988,1061
167733,984,1058
167734,981,1055
167735,978,1058
167736,976,1058
167737,979,1061
167738,983,1061
167739,984,1059
167740,979,1056
167741,977,1057
167742,979,1061
167743,981,1065
167744,980,1063
167745,977,1061
167746,974,1055
167747,973,1058
167748,974,1059
167749,978,1060
167750,976,1055
167751,975,1052
167752,975,1048
167753,975,1049
167754,977,1050
167755,981,1052
167756,982,1051
167757,983,1047
167758,982,1044
167759,982,1042
167760,984,1044
167761,988,1046
167762,988,1046
167763,988,1042
167764,983,1039
167765,986,1041
167766,988,1044
167767,994,1044
167768,994,1042
167769,996,1039
167770,991,1040
167771,992,1040
167772,995,1043
167773,997,1042
167774,1000,1036
167775,999,1035
167776,1000,1032
167777,1001,1033
167778,1004,1031
167779,1006,1031
167780,1007,1031
167781,1005,1028
167782,1004,1025
167783,1005,1028
167784,1005,1028
167785,1008,1028
167786,1009,1029
167787,1011,1024
167788,1010,1023
167789,1007,1020
167790,1012,1025
167791,1014,1025
167792,1018,1023
167793,1015,1019
167794,1012,1019
167795,1012,1023
167796,1014,1025
167797,1017,1025
167798,1017,1025
167799,1019,1025
167800,1017,1025
167801,1016,1028
167802,1021,1030
167803,1020,1032
167804,1021,1032
167805,1022,1028
167806,1018,1026
167807,1015,1032
167808,1017,1037
167809,1018,1039
167810,1017,1040
167811,1013,1041
167812,1009,1036
167813,1007,1043
167814,1004,1046
167815,1005,1050
167816,1004,1050
167817,1000,1050
167818,1000,1048
167819,996,1053
167820,995,1058
167821,995,1060
167822,993,1058
167823,992,1058
167824,987,1055
167825,988,1061
167826,988,1066
167827,989,1067
167828,992,1067
167829,989,1066
167830,981,1063
167831,982,1065
167832,982,1070
167833,985,1071
167834,984,1071
167835,984,1067
167836,981,1064
167837,981,1068
167838,979,1069
167839,986,1071
167840,988,1068
167841,986,1064
167842,983,1062
167843,984,1062
167844,985,1062
167845,988,1066
167846,989,1061
167847,985,1058
167848,983,1056
167849,984,1055
167850,986,1057
167851,989,1058
167852,990,1059
167853,991,1058
167854,989,1060
167855,985,1058
167856,989,1058
167857,994,1061
167858,995,1059
167859,996,1059
167860,991,1055
167861,991,1058
167862,993,1060
167863,997,1060
167864,1000,1061
167865,999,1058
167866,996,1055
167867,995,1056
167868,992,1058
167869,996,1060
167870,999,1060
167871,997,1058
167872,993,1054
167873,997,1057
167874,996,1060
167875,998,1063
167876,1001,1061
167877,997,1060
167878,994,1058
167879,993,1055
167880,994,1061
167881,997,1064
167882,997,1064
167883,994,1061
167884,990,1054
167885,991,1058
167886,990,1062
167887,993,1065
167888,995,1063
167889,994,1061
167890,989,1063
167891,989,1062
167892,990,1063
167893,992,1065
167894,992,1060
167895,990,1058
167896,988,1055
167897,989,1055
167898,988,1057
167899,990,1058
167900,990,1061
167901,985,1057
167902,986,1054
167903,985,1057
167904,990,1058
167905,990,1060
167906,990,1060
167907,990,1057
167908,988,1056
167909,984,1060
167910,991,1061
167911,993,1066
167912,996,1064
167913,996,1063
167914,991,1058
167915,992,1059
167916,993,1062
167917,996,1064
167918,997,1057
167919,997,1055
167920,1002,1050
167921,1012,1049
167922,1026,1051
167923,1043,1053
167924,1062,1048
167925,1086,1046
167926,1116,1039
167927,1153,1035
167928,1196,1030
167929,1240,1029
167930,1280,1031
167931,1308,1038
167932,1316,1054
167933,1305,1064
167934,1273,1071
167935,1224,1070
167936,1165,1074
167937,1097,1081
167938,1033,1089
167939,987,1096
167940,964,1101
167941,964,1096
167942,974,1083
167943,978,1069
167944,979,1060
167945,981,1057
167946,979,1056
167947,981,1056
167948,979,1056
167949,976,1051
167950,972,1049
167951,972,1051
167952,972,1058
167953,972,1059
167954,972,1055
167955,975,1055
167956,968,1054
167957,969,1057
167958,971,1060
167959,975,1064
167960,973,1059
167961,971,1059
167962,967,1057
167963,968,1057
167964,968,1063
167965,970,1063
167966,970,1059
167967,969,1057
167968,968,1057
167969,967,1058
167970,971,1061
167971,970,1064
167972,972,1060
167973,970,1058
167974,971,1057
167975,971,1058
167976,974,1061
167977,973,1059
167978,973,1057
167979,974,1058
167980,971,1056
167981,970,1059
167982,972,1060
167983,974,1061
167984,977,1062
167985,973,1061
167986,970,1058
167987,969,1061
167988,972,1064
167989,976,1066
167990,978,1063
167991,977,1057
167992,971,1052
167993,971,1052
167994,975,1056
167995,978,1059
167996,976,1056
167997,976,1054
167998,976,1049
167999,977,1054
168000,978,1053
168001,982,1054
168002,985,1048
168003,983,1046
168004,983,1043
168005,982,1041
168006,986,1042
168007,988,1041
168008,991,1039
168009,993,1036
168010,991,1031
168011,991,1029
168012,990,1028
168013,994,1029
168014,996,1027
168015,994,1023
168016,995,1022
168017,996,1020
168018,999,1019
168019,1004,1021
168020,1002,1017
168021,1002,1015
168022,997,1013
168023,999,1014
168024,1003,1014
168025,1009,1015
168026,1009,1016
168027,1008,1015
168028,1007,1013
168029,1006,1017
168030,1008,1021
168031,1010,1024
168032,1010,1021
168033,1011,1021
168034,1010,1019
168035,1014,1024
168036,1015,1028
168037,1014,1034
168038,1011,1034
168039,1007,1034
168040,1001,1036
168041,1002,1039
168042,1005,1045
168043,1006,1049
168044,1004,1051
168045,1001,1050
168046,998,1049
168047,998,1054
168048,997,1060
168049,996,1061
168050,997,1062
168051,994,1059
168052,990,1061
168053,989,1063
168054,988,1069
168055,990,1068
168056,987,1067
168057,983,1066
168058,982,1064
168059,981,1068
168060,985,1069
168061,985,1070
168062,985,1070
168063,980,1068
168064,974,1068
168065,974,1069
168066,976,1070
168067,978,1070
168068,979,1070
168069,975,1068
168070,975,1066
168071,973,1067
168072,975,1070
168073,980,1072
168074,979,1071
168075,978,1070
168076,975,1066
168077,977,1069
168078,977,1070
168079,979,1074
168080,983,1074
168081,984,1071
168082,982,1069
168083,984,1069
168084,983,1070
168085,989,1074
168086,990,1072
168087,989,1071
168088,984,1067
168089,985,1070
168090,988,1072
168091,992,1070
168092,993,1070
168093,991,1067
168094,988,1063
168095,989,1066
168096,990,1067
168097,993,1068
168098,993,1067
168099,991,1063
168100,988,1062
168101,987,1064
168102,986,1067
168103,985,1068
168104,988,1067
168105,986,1063
168106,984,1061
168107,984,1060
168108,987,1062
168109,990,1066
168110,991,1064
168111,989,1061
168112,983,1060
168113,980,1063
168114,981,1066
168115,981,1069
168116,979,1070
168117,979,1070
168118,977,1066
168119,975,1067
168120,978,1071
168121,980,1075
168122,981,1072
168123,978,1069
168124,975,1067
168125,977,1068
168126,977,1068
168127,982,1071
168128,982,1072
168129,982,1068
168130,979,1069
168131,978,1068
168132,983,1069
168133,984,1071
168134,984,1071
168135,981,1067
168136,978,1065
168137,977,1065
168138,979,1071
168139,983,1071
168140,986,1068
168141,984,1065
168142,980,1062
168143,979,1067
168144,981,1070
168145,981,1076
168146,981,1071
168147,981,1068
168148,978,1068
168149,977,1066
168150,980,1070
168151,980,1072
168152,982,1070
168153,979,1065
168154,976,1063
168155,974,1065
168156,976,1066
168157,979,1069
168158,979,1070
168159,977,1064
168160,974,1060
168161,973,1063
168162,977,1068
168163,982,1069
168164,983,1069
168165,979,1064
168166,976,1063
168167,976,1065
168168,977,1070
168169,976,1073
168170,977,1072
168171,974,1072
168172,972,1072
168173,971,1073
168174,973,1075
168175,975,1078
168176,980,1076
168177,979,1074
168178,976,1075
168179,974,1076
168180,978,1078
168181,981,1077
168182,982,1076
168183,981,1074
168184,976,1071
168185,976,1071
168186,978,1076
168187,982,1077
168188,981,1078
168189,981,1073
168190,977,1071
168191,977,1074
168192,977,1076
168193,981,1075
168194,982,1070
168195,977,1068
168196,975,1067
168197,976,1067
168198,978,1071
168199,980,1070
168200,984,1068
168201,979,1066
168202,976,1061
168203,975,1065
168204,976,1067
168205,978,1066
168206,980,1064
168207,976,1061
168208,975,1059
168209,972,1061
168210,974,1061
168211,980,1064
168212,975,1061
168213,977,1061
168214,974,1058
168215,973,1060
168216,976,1061
168217,979,1065
168218,980,1064
168219,979,1062
168220,976,1059
168221,974,1064
168222,983,1067
168223,984,1069
168224,984,1069
168225,980,1069
168226,980,1066
168227,979,1068
168228,984,1071
168229,988,1076
168230,987,1074
168231,987,1071
168232,981,1070
168233,983,1071
168234,987,1075
168235,992,1076
168236,990,1074
168237,991,1073
168238,985,1071
168239,985,1072
168240,986,1074
168241,990,1078
168242,992,1076
168243,990,1072
168244,985,1069
168245,987,1069
168246,992,1071
168247,992,1073
168248,993,1069
168249,991,1066
168250,987,1067
168251,988,1066
168252,991,1068
168253,994,1071
168254,994,1067
168255,991,1065
168256,987,1060
168257,985,1063
168258,987,1064
168259,991,1068
168260,994,1064
168261,990,1064
168262,985,1060
168263,985,1062
168264,990,1065
168265,996,1065
168266,1001,1057
168267,1005,1051
168268,1011,1048
168269,1027,1050
168270,1046,1050
168271,1067,1053
168272,1093,1049
168273,1120,1043
168274,1148,1033
168275,1181,1027
168276,1216,1025
168277,1254,1028
168278,1286,1029
168279,1308,1039
168280,1313,1051
168281,1297,1060
168282,1261,1067
168283,1212,1071
168284,1157,1077
168285,1104,1082
168286,1050,1089
168287,1004,1095
168288,980,1097
168289,976,1097
168290,981,1087
168291,987,1077
168292,991,1069
168293,990,1068
168294,989,1068
168295,989,1070
168296,983,1065
168297,978,1063
168298,977,1063
168299,975,1065
168300,975,1066
168301,976,1068
168302,976,1068
168303,975,1063
168304,972,1061
168305,972,1061
168306,974,1064
168307,974,1066
168308,973,1064
168309,971,1060
168310,968,1060
168311,966,1064
168312,965,1065
168313,968,1068
168314,970,1067
168315,967,1063
168316,967,1063
168317,968,1068
168318,971,1069
168319,971,1072
168320,969,1071
168321,966,1070
168322,965,1066
168323,964,1068
168324,969,1072
168325,970,1071
168326,971,1073
168327,969,1069
168328,965,1068
168329,964,1070
168330,968,1073
168331,972,1074
168332,971,1072
168333,973,1068
168334,970,1067
168335,972,1066
168336,974,1070
168337,976,1071
168338,971,1069
168339,972,1066
168340,970,1062
168341,972,1066
168342,974,1068
168343,978,1071
168344,979,1068
168345,977,1066
168346,976,1064
168347,978,1064
168348,981,1066
168349,985,1068
168350,987,1066
168351,985,1061
168352,983,1057
168353,985,1057
168354,988,1061
168355,994,1061
168356,994,1059
168357,995,1055
168358,994,1052
168359,994,1050
168360,1000,1053
168361,1003,1052
168362,1004,1050
168363,1002,1047
168364,1000,1043
168365,1002,1042
168366,1006,1045
168367,1010,1044
168368,1010,1041
168369,1008,1037
168370,1007,1036
168371,1010,1038
168372,1014,1040
168373,1010,1040
168374,1011,1037
168375,1011,1034
168376,1009,1032
168377,1011,1031
168378,1015,1034
168379,1021,1037
168380,1021,1034
168381,1018,1032
168382,1014,1031
168383,1016,1033
168384,1017,1035
168385,1018,1041
168386,1019,1038
168387,1017,1038
168388,1012,1039
168389,1012,1044
168390,1015,1048
168391,1017,1051
168392,1016,1052
168393,1015,1051
168394,1010,1052
168395,1010,1052
168396,1009,1056
168397,1013,1060
168398,1014,1062
168399,1011,1059
168400,1008,1060
168401,1006,1062
168402,1006,1064
168403,1005,1068
168404,1007,1068
168405,1004,1069
168406,998,1068
168407,997,1069
168408,998,1071
168409,1001,1073
168410,998,1073
168411,997,1071
168412,995,1072
168413,992,1071
168414,994,1074
168415,996,1076
168416,995,1074
168417,992,1073
168418,990,1068
168419,990,1072
168420,990,1074
168421,993,1075
168422,994,1078
168423,990,1078
168424,988,1074
168425,991,1076
168426,995,1080
168427,998,1081
168428,994,1078
168429,995,1076
168430,991,1074
168431,991,1076
168432,993,1073
168433,993,1079
168434,995,1076
168435,993,1070
168436,991,1071
168437,993,1073
168438,994,1075
168439,999,1077
168440,1000,1068
168441,998,1068
168442,994,1063
168443,996,1065
168444,997,1068
168445,997,1070
168446,998,1066
168447,992,1063
168448,991,1064
168449,994,1068
168450,998,1068
168451,1002,1070
168452,1000,1070
168453,999,1063
168454,999,1063
168455,996,1062
168456,995,1063
168457,999,1064
168458,999,1061
168459,996,1059
168460,995,1055
168461,995,1060
168462,997,1062
168463,1000,1065
168464,999,1063
168465,999,1058
168466,994,1057
168467,994,1059
168468,998,1060
168469,1001,1064
168470,1001,1063
168471,999,1059
168472,994,1059
168473,994,1060
168474,994,1062
168475,998,1065
168476,1002,1064
168477,998,1064
168478,995,1062
168479,995,1065
168480,998,1067
168481,999,1067
168482,998,1067
168483,996,1066
168484,992,1063
168485,994,1066
168486,997,1070
168487,999,1068
168488,1000,1068
168489,999,1066
168490,997,1065
168491,995,1065
168492,999,1068
168493,1002,1068
168494,1000,1066
168495,998,1064
168496,997,1064
168497,998,1063
168498,1000,1066
168499,1006,1068
168500,1004,1069
168501,1002,1066
168502,1000,1065
168503,1003,1063
168504,1004,1063
168505,1011,1060
168506,1018,1056
168507,1028,1052
168508,1035,1045
168509,1054,1046
168510,1077,1047
168511,1114,1047
168512,1151,1040
168513,1191,1031
168514,1229,1025
168515,1268,1026
168516,1304,1035
168517,1329,1052
168518,1324,1063
168519,1294,1063
168520,1240,1063
168521,1176,1069
168522,1116,1086
168523,1057,1100
168524,1005,1105
168525,975,1102
168526,968,1095
168527,979,1085
168528,990,1075
168529,998,1067
168530,999,1059
168531,994,1056
168532,989,1055
168533,987,1058
168534,985,1060
168535,986,1062
168536,986,1060
168537,983,1059
168538,978,1055
168539,977,1058
168540,980,1063
168541,980,1064
168542,978,1062
168543,976,1062
168544,976,1057
168545,975,1060
168546,976,1062
168547,981,1063
168548,981,1065
168549,977,1061
168550,975,1059
168551,973,1059
168552,978,1064
168553,981,1066
168554,980,1066
168555,974,1061
168556,972,1062
168557,973,1063
168558,981,1066
168559,984,1069
168560,984,1069
168561,976,1068
168562,976,1066
168563,975,1067
168564,979,1067
168565,984,1068
168566,982,1066
168567,981,1065
168568,975,1065
168569,976,1066
168570,979,1068
168571,983,1071
168572,984,1067
168573,984,1063
168574,979,1059
168575,982,1058
168576,984,1060
168577,988,1060
168578,988,1057
168579,985,1054
168580,987,1052
168581,991,1052
168582,995,1052
168583,999,1049
168584,998,1041
168585,998,1037
168586,996,1036
168587,997,1037
168588,1001,1037
168589,1005,1039
168590,1007,1035
168591,1006,1031
168592,1003,1024
168593,1006,1026
168594,1010,1026
168595,1016,1030
168596,1015,1024
168597,1014,1024
168598,1011,1020
168599,1011,1023
168600,1015,1025
168601,1019,1025
168602,1018,1026
168603,1019,1020
168604,1021,1021
168605,1021,1026
168606,1025,1027
168607,1024,1030
168608,1025,1028
168609,1023,1029
168610,1020,1030
168611,1018,1034
168612,1020,1036
168613,1023,1036
168614,1021,1037
168615,1016,1037
168616,1014,1035
168617,1009,1039
168618,1012,1045
168619,1012,1050
168620,1014,1052
168621,1010,1050
168622,1005,1050
168623,1003,1057
168624,1005,1060
168625,1006,1065
168626,1006,1064
168627,1001,1063
168628,998,1062
168629,996,1064
168630,998,1066
168631,1000,1070
168632,996,1066
168633,995,1067
168634,992,1064
168635,990,1068
168636,992,1069
168637,993,1071
168638,991,1068
168639,989,1067
168640,987,1068
168641,986,1070
168642,988,1074
168643,991,1073
168644,989,1076
168645,988,1075
168646,985,1071
168647,984,1078
168648,986,1083
168649,990,1084
168650,987,1079
168651,988,1077
168652,985,1073
168653,980,1075
168654,983,1073
168655,984,1072
168656,987,1071
168657,987,1071
168658,985,1066
168659,985,1066
168660,988,1068
168661,994,1068
168662,993,1067
168663,990,1062
168664,989,1063
168665,988,1064
168666,993,1067
168667,995,1070
168668,994,1068
168669,991,1065
168670,988,1065
168671,990,1066
168672,995,1067
168673,997,1071
168674,997,1068
168675,996,1064
168676,992,1063
168677,994,1067
168678,997,1069
168679,999,1072
168680,1000,1072
168681,1000,1065
168682,996,1063
168683,994,1059
168684,999,1064
168685,997,1066
168686,998,1062
168687,997,1064
168688,994,1067
168689,993,1073
168690,997,1079
168691,999,1078
168692,996,1076
168693,992,1069
168694,991,1068
168695,994,1069
168696,994,1070
168697,996,1069
168698,997,1068
168699,994,1064
168700,993,1062
168701,988,1062
168702,992,1063
168703,994,1067
168704,994,1063
168705,987,1061
168706,987,1061
168707,987,1062
168708,984,1064
168709,991,1070
168710,989,1067
168711,989,1068
168712,985,1065
168713,983,1066
168714,986,1073
168715,990,1077
168716,992,1071
168717,989,1066
168718,989,1064
168719,989,1061
168720,994,1062
168721,995,1067
168722,992,1066
168723,995,1065
168724,990,1062
168725,992,1062
168726,997,1066
168727,1001,1068
168728,1002,1063
168729,998,1059
168730,998,1056
168731,997,1056
168732,1003,1058
168733,1010,1060
168734,1016,1059
168735,1031,1055
168736,1044,1049
168737,1066,1048
168738,1095,1046
168739,1131,1041
168740,1169,1036
168741,1206,1027
168742,1241,1022
168743,1276,1026
168744,1309,1034
168745,1323,1051
168746,1309,1057
168747,1269,1059
168748,1212,1059
168749,1153,1069
168750,1091,1083
168751,1037,1091
168752,992,1091
168753,967,1091
168754,965,1086
168755,976,1079
168756,986,1072
168757,993,1065
168758,990,1065
168759,989,1062
168760,983,1065
168761,983,1068
168762,982,1069
168763,982,1070
168764,981,1068
168765,973,1067
168766,972,1066
168767,971,1070
168768,972,1070
168769,974,1068
168770,970,1069
168771,970,1070
168772,971,1069
168773,971,1071
168774,972,1071
168775,975,1071
168776,976,1073
168777,972,1068
168778,970,1066
168779,969,1063
168780,972,1066
168781,974,1070
168782,972,1069
168783,971,1068
168784,970,1069
168785,971,1069
168786,971,1065
168787,972,1061
168788,969,1058
168789,967,1054
168790,962,1055
168791,964,1057
168792,967,1058
168793,969,1057
168794,971,1051
168795,969,1048
168796,968,1049
168797,968,1054
168798,967,1058
168799,967,1059
168800,966,1060
168801,965,1058
168802,964,1055
168803,966,1060
168804,971,1063
168805,974,1065
168806,974,1060
168807,975,1057
168808,975,1059
168809,977,1060
168810,977,1057
168811,984,1059
168812,986,1057
168813,982,1054
168814,982,1052
168815,981,1047
168816,987,1044
168817,992,1042
168818,995,1040
168819,994,1037
168820,992,1035
168821,994,1033
168822,1000,1036
168823,1004,1038
168824,1002,1036
168825,1000,1031
168826,998,1027
168827,1001,1024
168828,1005,1025
168829,1011,1024
168830,1009,1020
168831,1006,1020
168832,1003,1021
168833,1004,1030
168834,1007,1036
168835,1012,1041
168836,1011,1044
168837,1009,1045
168838,1009,1036
168839,1009,1028
168840,1010,1023
168841,1013,1021
168842,1012,1020
168843,1011,1031
168844,1011,1031
168845,1009,1035
168846,1011,1038
168847,1008,1039
168848,1006,1039
168849,1002,1038
168850,998,1041
168851,997,1047
168852,999,1050
168853,1001,1050
168854,997,1047
168855,992,1051
168856,985,1051
168857,984,1054
168858,985,1061
168859,987,1062
168860,982,1062
168861,978,1063
168862,976,1064
168863,975,1068
168864,979,1069
168865,983,1073
168866,983,1071
168867,981,1068
168868,978,1064
168869,979,1066
168870,978,1067
168871,982,1065
168872,985,1067
168873,983,1068
168874,981,1067
168875,980,1067
168876,983,1064
168877,985,1061
168878,984,1061
168879,980,1059
168880,980,1060
168881,983,1063
168882,985,1065
168883,993,1070
168884,994,1067
168885,998,1065
168886,999,1066
168887,1006,1073
168888,1012,1081
168889,1020,1087
168890,1022,1087
168891,1023,1087
168892,1025,1080
168893,1035,1075
168894,1050,1073
168895,1069,1067
168896,1083,1056
168897,1095,1035
168898,1107,1008
168899,1126,981
168900,1147,957
168901,1165,943
168902,1184,919
168903,1199,895
168904,1213,870
168905,1230,853
168906,1249,842
168907,1261,835
168908,1257,829
168909,1252,827
168910,1248,825
168911,1241,825
168912,1238,827
168913,1230,828
168914,1212,827
168915,1190,826
168916,1162,831
168917,1135,840
168918,1108,856
168919,1084,870
168920,1062,882
168921,1044,894
168922,1033,910
168923,1031,929
168924,1030,949
168925,1030,961
168926,1024,972
168927,1022,979
168928,1031,986
168929,1043,997
168930,1063,1008
168931,1082,1012
168932,1086,1017
168933,1073,1019
168934,1044,1027
168935,1007,1039
168936,977,1055
168937,959,1074
168938,944,1087
168939,934,1102
168940,927,1114
168941,921,1120
168942,919,1125
168943,917,1127
168944,914,1126
168945,909,1117
168946,900,1112
168947,898,1111
168948,896,1120
168949,897,1120
168950,894,1117
168951,891,1114
168952,883,1117
168953,883,1120
168954,885,1125
168955,887,1129
168956,883,1130
168957,882,1132
168958,879,1135
168959,878,1139
168960,876,1145
168961,882,1147
168962,882,1147
168963,878,1148
168964,879,1152
168965,878,1156
168966,880,1160
168967,883,1164
168968,880,1166
168969,879,1164
168970,875,1165
168971,876,1172
168972,878,1177
168973,881,1182
168974,881,1181
168975,881,1181
168976,879,1185
168977,878,1184
168978,880,1191
168979,882,1194
168980,883,1196
168981,883,1197
168982,885,1200
168983,886,1205
168984,889,1201
168985,892,1196
168986,894,1194
168987,892,1192
168988,890,1192
168989,893,1200
168990,900,1203
168991,904,1203
168992,904,1201
168993,907,1197
168994,908,1195
168995,913,1193
168996,919,1190
168997,929,1182
168998,931,1176
168999,936,1167
169000,934,1162
169001,940,1158
169002,943,1158
169003,947,1156
169004,951,1149
169005,953,1148
169006,953,1141
169007,954,1134
169008,958,1130
169009,963,1125
169010,963,1118
169011,962,1112
169012,961,1110
169013,961,1107
169014,963,1105
169015,965,1098
169016,964,1090
169017,960,1082
169018,959,1082
169019,962,1081
169020,964,1084
169021,969,1082
169022,968,1077
169023,965,1073
169024,963,1072
169025,964,1075
169026,964,1077
169027,967,1077
169028,965,1076
169029,963,1074
169030,959,1072
169031,962,1070
169032,965,1069
169033,965,1067
169034,965,1070
169035,961,1066
169036,960,1067
169037,961,1070
169038,966,1072
169039,969,1074
169040,970,1076
169041,971,1072
169042,970,1070
169043,966,1070
169044,968,1068
169045,970,1072
169046,970,1072
169047,968,1070
169048,965,1069
169049,964,1076
169050,966,1084
169051,970,1089
169052,969,1083
169053,970,1070
169054,967,1057
169055,968,1054
169056,970,1054
169057,975,1059
169058,976,1058
169059,974,1056
169060,973,1054
169061,975,1057
169062,971,1059
169063,975,1063
169064,975,1062
169065,974,1060
169066,974,1060
169067,973,1060
169068,976,1064
169069,978,1067
169070,975,1065
169071,971,1064
169072,969,1067
169073,971,1070
169074,972,1074
169075,974,1075
169076,975,1073
169077,971,1070
169078,970,1068
169079,967,1072
169080,970,1080
169081,972,1085
169082,974,1081
169083,973,1078
169084,972,1073
169085,970,1070
169086,973,1073
169087,978,1068
169088,977,1062
169089,975,1054
169090,974,1053
169091,975,1058
169092,975,1064
169093,976,1069
169094,975,1062
169095,974,1056
169096,972,1053
169097,971,1053
169098,971,1056
169099,974,1056
169100,975,1058
169101,974,1057
169102,975,1057
169103,974,1060
169104,977,1060
169105,978,1062
169106,974,1061
169107,973,1059
169108,972,1058
169109,975,1063
169110,975,1062
169111,979,1063
169112,976,1061
169113,974,1062
169114,972,1063
169115,972,1066
169116,974,1071
169117,978,1071
169118,975,1073
169119,974,1070
169120,973,1068
169121,972,1065
169122,974,1068
169123,976,1065
169124,974,1065
169125,973,1063
169126,970,1062
169127,972,1065
169128,975,1068
169129,976,1069
169130,976,1066
169131,975,1067
169132,973,1067
169133,974,1065
169134,980,1067
169135,983,1066
169136,984,1065
169137,982,1059
169138,978,1057
169139,973,1058
169140,978,1059
169141,981,1062
169142,979,1061
169143,978,1054
169144,973,1055
169145,975,1054
169146,979,1059
169147,980,1060
169148,979,1059
169149,976,1054
169150,974,1054
169151,973,1057
169152,974,1061
169153,975,1062
169154,974,1064
169155,973,1063
169156,970,1060
169157,971,1061
169158,973,1060
169159,978,1061
169160,979,1060
169161,977,1058
169162,976,1059
169163,974,1060
169164,976,1062
169165,979,1063
169166,977,1062
169167,975,1059
169168,975,1061
169169,975,1063
169170,978,1065
169171,979,1067
169172,979,1067
169173,977,1063
169174,975,1061
169175,972,1063
169176,977,1064
169177,980,1060
169178,981,1060
169179,981,1059
169180,976,1058
169181,980,1060
169182,981,1065
169183,985,1064
169184,985,1061
169185,984,1059
169186,981,1058
169187,979,1061
169188,981,1065
169189,987,1063
169190,986,1065
169191,984,1060
169192,982,1059
169193,983,1058
169194,986,1062
169195,989,1060
169196,989,1059
169197,987,1059
169198,987,1059
169199,987,1065
169200,993,1066
169201,998,1058
169202,997,1052
169203,995,1048
169204,991,1045
169205,992,1050
169206,996,1054
169207,1000,1052
169208,1007,1049
169209,1018,1044
169210,1030,1036
169211,1049,1037
169212,1076,1039
169213,1110,1035
169214,1144,1023
169215,1174,1010
169216,1206,1007
169217,1240,1008
169218,1273,1023
169219,1293,1037
169220,1287,1051
169221,1255,1054
169222,1205,1058
169223,1150,1065
169224,1097,1076
169225,1051,1086
169226,1007,1086
169227,978,1085
169228,969,1080
169229,974,1074
169230,986,1069
169231,995,1065
169232,991,1059
169233,985,1058
169234,979,1062
169235,978,1065
169236,977,1071
169237,981,1069
169238,977,1064
169239,974,1061
169240,974,1060
169241,971,1062
169242,973,1063
169243,975,1061
169244,971,1060
169245,972,1061
169246,966,1063
169247,965,1063
169248,970,1063
169249,974,1061
169250,974,1049
169251,971,1048
169252,967,1048
169253,966,1053
169254,967,1057
169255,968,1059
169256,967,1059
169257,966,1055
169258,963,1054
169259,964,1056
169260,966,1055
169261,969,1059
169262,969,1059
169263,966,1055
169264,967,1058
169265,967,1058
169266,970,1058
169267,971,1057
169268,970,1058
169269,967,1056
169270,968,1055
169271,970,1058
169272,973,1061
169273,976,1062
169274,977,1058
169275,973,1055
169276,972,1056
169277,975,1056
169278,977,1061
169279,983,1061
169280,983,1059
169281,981,1060
169282,977,1065
169283,978,1066
169284,981,1066
169285,987,1056
169286,989,1044
169287,989,1039
169288,987,1039
169289,989,1042
169290,992,1047
169291,996,1044
169292,997,1043
169293,996,1037
169294,996,1035
169295,997,1036
169296,1000,1035
169297,1000,1034
169298,1001,1030
169299,998,1026
169300,998,1026
169301,1001,1029
169302,1004,1032
169303,1007,1032
169304,1007,1031
169305,1004,1027
169306,1004,1026
169307,1008,1027
169308,1012,1028
169309,1015,1028
169310,1013,1028
169311,1013,1023
169312,1013,1024
169313,1017,1027
169314,1022,1029
169315,1028,1032
169316,1029,1031
169317,1026,1030
169318,1023,1030
169319,1023,1035
169320,1028,1039
169321,1028,1043
169322,1028,1043
169323,1023,1044
169324,1020,1048
169325,1022,1048
169326,1023,1054
169327,1023,1054
169328,1020,1058
169329,1016,1059
169330,1014,1063
169331,1010,1064
169332,1012,1066
169333,1012,1064
169334,1009,1060
169335,1004,1056
169336,1001,1055
169337,999,1061
169338,1002,1065
169339,1003,1063
169340,1003,1061
169341,999,1056
169342,993,1055
169343,994,1059
169344,995,1063
169345,997,1062
169346,996,1062
169347,991,1059
169348,988,1061
169349,988,1062
169350,989,1063
169351,992,1061
169352,991,1062
169353,989,1060
169354,987,1058
169355,989,1062
169356,990,1064
169357,992,1062
169358,991,1059
169359,985,1057
169360,985,1056
169361,987,1061
169362,992,1062
169363,995,1063
169364,994,1060
169365,989,1056
169366,989,1056
169367,989,1059
169368,991,1065
169369,995,1065
169370,994,1064
169371,989,1063
169372,987,1063
169373,991,1064
169374,990,1065
169375,999,1066
169376,995,1064
169377,996,1061
169378,994,1060
169379,992,1062
169380,997,1065
169381,1000,1064
169382,998,1059
169383,995,1057
169384,995,1060
169385,998,1065
169386,998,1071
169387,1002,1076
169388,998,1070
169389,998,1061
169390,996,1050
169391,995,1044
169392,998,1045
169393,1002,1043
169394,1000,1041
169395,997,1039
169396,993,1042
169397,995,1048
169398,997,1050
169399,999,1053
169400,998,1050
169401,996,1049
169402,994,1047
169403,994,1051
169404,995,1054
169405,996,1056
169406,992,1052
169407,991,1050
169408,985,1049
169409,986,1053
169410,990,1056
169411,994,1054
169412,993,1057
169413,989,1056
169414,987,1058
169415,988,1064
169416,992,1066
169417,995,1065
169418,994,1066
169419,992,1065
169420,991,1064
169421,990,1067
169422,995,1073
169423,1000,1072
169424,1000,1069
169425,997,1062
169426,999,1057
169427,1004,1057
169428,1016,1058
169429,1028,1061
169430,1043,1061
169431,1062,1056
169432,1088,1048
169433,1121,1041
169434,1160,1035
169435,1202,1031
169436,1242,1032
169437,1274,1035
169438,1295,1045
169439,1303,1059
169440,1288,1068
169441,1249,1066
169442,1193,1065
169443,1128,1074
169444,1068,1082
169445,1020,1091
169446,984,1091
169447,970,1088
169448,972,1079
169449,977,1068
169450,980,1055
169451,983,1050
169452,986,1050
169453,986,1047
169454,983,1046
169455,979,1046
169456,975,1047
169457,973,1049
169458,975,1056
169459,975,1059
169460,971,1058
169461,971,1056
169462,966,1055
169463,968,1057
169464,968,1061
169465,971,1057
169466,969,1055
169467,966,1055
169468,963,1056
169469,963,1058
169470,964,1063
169471,967,1062
169472,967,1061
169473,964,1060
169474,961,1059
169475,959,1063
169476,966,1062
169477,968,1064
169478,967,1057
169479,966,1054
169480,962,1054
169481,962,1060
169482,965,1061
169483,968,1063
169484,967,1057
169485,965,1054
169486,963,1053
169487,965,1055
169488,968,1058
169489,969,1058
169490,968,1056
169491,964,1056
169492,964,1059
169493,965,1063
169494,969,1067
169495,970,1063
169496,970,1059
169497,968,1052
169498,969,1054
169499,969,1054
169500,971,1056
169501,976,1054
169502,976,1052
169503,974,1046
169504,970,1044
169505,971,1045
169506,972,1043
169507,975,1040
169508,974,1030
169509,972,1027
169510,969,1025
169511,971,1027
169512,977,1028
169513,980,1028
169514,980,1026
169515,979,1021
169516,976,1023
169517,979,1026
169518,984,1025
169519,987,1027
169520,989,1026
169521,988,1023
169522,985,1022
169523,986,1021
169524,989,1022
169525,992,1019
169526,992,1016
169527,991,1013
169528,991,1015
169529,994,1018
169530,994,1020
169531,999,1019
169532,1001,1020
169533,1000,1014
169534,998,1015
169535,1001,1016
169536,1006,1015
169537,1007,1016
169538,1005,1013
169539,1005,1013
169540,1002,1014
169541,1003,1017
169542,1006,1022
169543,1010,1019
169544,1010,1017
169545,1005,1015
169546,1003,1019
169547,1004,1022
169548,1006,1029
169549,1009,1030
169550,1007,1033
169551,1004,1031
169552,1002,1032
169553,1001,1039
169554,1000,1047
169555,999,1048
169556,998,1049
169557,996,1050
169558,991,1052
169559,989,1053
169560,992,1053
169561,992,1055
169562,989,1051
169563,982,1050
169564,976,1049
169565,976,1052
169566,976,1056
169567,979,1056
169568,978,1057
169569,976,1054
169570,971,1055
169571,973,1058
169572,976,1061
169573,976,1061
169574,976,1062
169575,974,1059
169576,972,1060
169577,973,1061
169578,975,1065
169579,982,1065
169580,980,1065
169581,977,1063
169582,977,1066
169583,974,1066
169584,978,1070
169585,979,1069
169586,979,1066
169587,977,1064
169588,976,1066
169589,976,1067
169590,979,1067
169591,984,1069
169592,983,1067
169593,983,1065
169594,979,1065
169595,983,1067
169596,987,1067
169597,989,1066
169598,989,1067
169599,987,1065
169600,987,1069
169601,986,1070
169602,989,1070
169603,993,1064
169604,989,1057
169605,989,1053
169606,986,1053
169607,984,1054
169608,987,1056
169609,988,1055
169610,987,1052
169611,984,1052
169612,983,1052
169613,985,1054
169614,987,1056
169615,987,1055
169616,988,1052
169617,984,1051
169618,983,1049
169619,985,1050
169620,985,1053
169621,987,1052
169622,987,1048
169623,985,1046
169624,981,1048
169625,982,1050
169626,986,1055
169627,987,1055
169628,987,1054
169629,985,1050
169630,983,1053
169631,983,1059
169632,988,1061
169633,990,1061
169634,990,1060
169635,987,1054
169636,986,1054
169637,987,1055
169638,992,1060
169639,993,1060
169640,991,1058
169641,989,1059
169642,985,1059
169643,986,1062
169644,990,1063
169645,991,1063
169646,990,1059
169647,988,1057
169648,985,1058
169649,983,1059
169650,987,1063
169651,990,1063
169652,993,1060
169653,990,1056
169654,987,1056
169655,988,1058
169656,992,1058
169657,997,1058
169658,1000,1052
169659,1005,1046
169660,1018,1044
169661,1033,1045
169662,1053,1047
169663,1078,1046
169664,1109,1039
169665,1142,1025
169666,1173,1017
169667,1213,1017
169668,1253,1023
169669,1288,1034
169670,1307,1053
169671,1304,1068
169672,1278,1070
169673,1229,1067
169674,1174,1068
169675,1117,1073
169676,1055,1080
169677,1004,1081
169678,968,1081
169679,961,1079
169680,968,1072
169681,980,1065
169682,985,1055
169683,984,1049
169684,980,1049
169685,977,1053
169686,979,1056
169687,978,1055
169688,976,1057
169689,973,1056
169690,970,1060
169691,969,1063
169692,972,1070
169693,976,1066
169694,972,1068
169695,972,1066
169696,969,1066
169697,970,1065
169698,973,1066
169699,974,1065
169700,972,1061
169701,969,1060
169702,966,1059
169703,967,1061
169704,970,1063
169705,970,1061
169706,969,1059
169707,966,1054
169708,961,1055
169709,960,1055
169710,964,1059
169711,965,1060
169712,967,1060
169713,964,1056
169714,961,1054
169715,960,1056
169716,965,1056
169717,966,1055
169718,967,1051
169719,963,1049
169720,962,1050
169721,963,1052
169722,963,1056
169723,967,1055
169724,966,1054
169725,964,1048
169726,959,1046
169727,961,1050
169728,967,1052
169729,967,1051
169730,967,1048
169731,968,1044
169732,968,1043
169733,971,1045
169734,971,1048
169735,978,1048
169736,977,1045
169737,978,1044
169738,977,1041
169739,981,1045
169740,983,1046
169741,986,1047
169742,989,1045
169743,986,1039
169744,987,1038
169745,988,1036
169746,990,1040
169747,997,1039
169748,992,1038
169749,993,1037
169750,993,1036
169751,994,1034
169752,999,1030
169753,999,1026
169754,1000,1023
169755,997,1022
169756,995,1026
169757,996,1028
169758,1000,1033
169759,1004,1030
169760,1006,1021
169761,1007,1008
169762,1005,1002
169763,1008,1006
169764,1012,1010
169765,1015,1011
169766,1012,1013
169767,1011,1012
169768,1009,1014
169769,1007,1021
169770,1009,1023
169771,1013,1023
169772,1010,1022
169773,1006,1025
169774,1003,1028
169775,1002,1031
169776,1001,1035
169777,1002,1038
169778,999,1033
169779,995,1037
169780,993,1040
169781,991,1043
169782,992,1047
169783,994,1050
169784,992,1049
169785,987,1048
169786,984,1051
169787,985,1054
169788,990,1058
169789,988,1059
169790,989,1058
169791,986,1057
169792,982,1061
169793,987,1064
169794,991,1066
169795,995,1068
169796,992,1066
169797,990,1065
169798,989,1061
169799,990,1064
169800,990,1064
169801,992,1067
169802,990,1065
169803,987,1060
169804,984,1060
169805,989,1060
169806,989,1065
169807,994,1067
169808,990,1069
169809,992,1066
169810,990,1069
169811,994,1071
169812,999,1070
169813,1006,1062
169814,1007,1050
169815,1008,1046
169816,1012,1046
169817,1017,1055
169818,1023,1059
169819,1028,1060
169820,1030,1059
169821,1033,1057
169822,1038,1058
169823,1052,1054
169824,1071,1045
169825,1085,1030
169826,1092,1014
169827,1104,998
169828,1118,987
169829,1135,975
169830,1152,969
169831,1169,954
169832,1180,935
169833,1192,913
169834,1207,891
169835,1225,873
169836,1242,861
169837,1260,851
169838,1266,840
169839,1265,833
169840,1261,831
169841,1258,832
169842,1259,833
169843,1255,834
169844,1247,829
169845,1235,825
169846,1220,824
169847,1204,826
169848,1184,833
169849,1164,837
169850,1136,844
169851,1111,850
169852,1084,863
169853,1061,881
169854,1049,899
169855,1045,911
169856,1039,924
169857,1036,935
169858,1029,949
169859,1024,962
169860,1026,967
169861,1035,970
169862,1041,974
169863,1054,979
169864,1063,987
169865,1076,995
169866,1074,999
169867,1060,1011
169868,1028,1018
169869,992,1025
169870,967,1038
169871,947,1052
169872,940,1070
169873,937,1081
169874,932,1091
169875,925,1096
169876,920,1098
169877,916,1103
169878,915,1110
169879,914,1115
169880,908,1116
169881,904,1117
169882,900,1122
169883,901,1128
169884,902,1133
169885,904,1136
169886,899,1136
169887,897,1136
169888,898,1140
169889,895,1142
169890,896,1147
169891,898,1146
169892,898,1144
169893,895,1142
169894,891,1141
169895,891,1143
169896,897,1149
169897,897,1148
169898,892,1147
169899,889,1146
169900,888,1148
169901,888,1153
169902,889,1157
169903,889,1158
169904,883,1159
169905,881,1158
169906,878,1160
169907,881,1167
169908,886,1170
169909,886,1171
169910,886,1173
169911,885,1172
169912,883,1175
169913,884,1181
169914,889,1183
169915,890,1184
169916,892,1181
169917,891,1181
169918,889,1180
169919,890,1183
169920,892,1188
169921,895,1191
169922,897,1188
169923,897,1189
169924,894,1191
169925,898,1193
169926,904,1198
169927,908,1200
169928,908,1194
169929,906,1195
169930,909,1195
169931,914,1197
169932,918,1196
169933,922,1193
169934,925,1188
169935,925,1184
169936,927,1178
169937,931,1179
169938,938,1177
169939,944,1176
169940,944,1171
169941,943,1168
169942,944,1166
169943,948,1169
169944,950,1172
169945,954,1166
169946,956,1155
169947,955,1144
169948,956,1135
169949,959,1128
169950,963,1125
169951,966,1118
169952,967,1111
169953,965,1105
169954,965,1102
169955,967,1098
169956,969,1098
169957,971,1094
169958,972,1089
169959,970,1084
169960,969,1083
169961,971,1083
169962,975,1083
169963,979,1080
169964,978,1075
169965,976,1070
169966,974,1069
169967,974,1070
169968,975,1070
169969,980,1066
169970,977,1064
169971,974,1061
169972,975,1060
169973,974,1064
169974,978,1064
169975,978,1061
169976,977,1059
169977,973,1058
169978,971,1059
169979,973,1063
169980,975,1065
169981,979,1066
169982,979,1067
169983,976,1068
169984,977,1071
169985,980,1075
169986,983,1071
169987,986,1068
169988,985,1058
169989,982,1051
169990,981,1049
169991,980,1050
169992,990,1052
169993,990,1052
169994,988,1049
169995,985,1048
169996,984,1049
169997,985,1053
169998,986,1059
169999,986,1057
170000,984,1055
170001,979,1053
170002,978,1053
170003,979,1058
170004,982,1062
170005,983,1062
170006,982,1060
170007,980,1055
170008,978,1052
170009,982,1056
170010,987,1056
170011,987,1055
170012,988,1055
170013,986,1051
170014,985,1051
170015,986,1052
170016,989,1053
170017,990,1054
170018,992,1051
170019,990,1048
170020,986,1051
170021,988,1053
170022,989,1054
170023,991,1055
170024,989,1053
170025,988,1049
170026,984,1049
170027,986,1053
170028,988,1055
170029,988,1054
170030,985,1051
170031,983,1053
170032,984,1052
170033,983,1057
170034,987,1059
170035,989,1056
170036,989,1057
170037,986,1055
170038,985,1054
170039,985,1056
170040,992,1059
170041,993,1062
170042,992,1058
170043,990,1055
170044,987,1052
170045,989,1055
170046,989,1060
170047,990,1061
170048,990,1063
170049,987,1064
170050,986,1066
170051,986,1070
170052,986,1071
170053,993,1061
170054,992,1050
170055,991,1040
170056,988,1038
170057,989,1041
170058,991,1048
170059,986,1049
170060,988,1051
170061,985,1049
170062,982,1050
170063,982,1055
170064,986,1056
170065,984,1051
170066,984,1052
170067,979,1049
170068,978,1049
170069,982,1051
170070,987,1054
170071,991,1056
170072,990,1053
170073,986,1051
170074,987,1053
170075,987,1057
170076,989,1057
170077,993,1057
170078,992,1054
170079,987,1054
170080,986,1053
170081,986,1054
170082,987,1056
170083,987,1059
170084,987,1059
170085,986,1056
170086,982,1058
170087,984,1058
170088,987,1062
170089,989,1063
170090,988,1061
170091,984,1058
170092,984,1055
170093,984,1057
170094,989,1061
170095,989,1061
170096,992,1060
170097,984,1057
170098,986,1057
170099,986,1058
170100,989,1057
170101,991,1054
170102,989,1052
170103,988,1052
170104,986,1054
170105,986,1054
170106,990,1056
170107,993,1053
170108,991,1052
170109,988,1052
170110,987,1053
170111,992,1058
170112,992,1059
170113,994,1056
170114,990,1052
170115,990,1047
170116,989,1046
170117,990,1051
170118,992,1054
170119,992,1054
170120,991,1053
170121,986,1052
170122,988,1054
170123,990,1057
170124,993,1058
170125,996,1058
170126,994,1052
170127,996,1050
170128,994,1047
170129,994,1047
170130,1002,1048
170131,1001,1048
170132,1000,1044
170133,997,1043
170134,994,1045
170135,996,1048
170136,999,1050
170137,1004,1051
170138,1000,1051
170139,999,1049
170140,998,1049
170141,1000,1051
170142,1004,1055
170143,1004,1052
170144,1005,1050
170145,1004,1047
170146,1005,1048
170147,1007,1046
170148,1014,1045
170149,1025,1042
170150,1033,1037
170151,1048,1034
170152,1063,1036
170153,1086,1034
170154,1116,1030
170155,1147,1023
170156,1181,1010
170157,1211,1001
170158,1242,997
170159,1272,1008
170160,1289,1026
170161,1291,1042
170162,1262,1048
170163,1214,1048
170164,1158,1052
170165,1106,1067
170166,1058,1078
170167,1018,1085
170168,991,1080
170169,980,1077
170170,984,1067
170171,994,1062
170172,1000,1056
170173,999,1045
170174,997,1042
170175,992,1042
170176,990,1042
170177,991,1047
170178,993,1051
170179,997,1052
170180,994,1050
170181,988,1048
170182,986,1046
170183,985,1050
170184,988,1051
170185,989,1054
170186,989,1052
170187,986,1051
170188,982,1054
170189,985,1055
170190,987,1054
170191,988,1049
170192,986,1044
170193,983,1040
170194,982,1042
170195,980,1046
170196,984,1050
170197,984,1049
170198,983,1047
170199,981,1047
170200,977,1046
170201,980,1047
170202,983,1051
170203,985,1051
170204,980,1048
170205,977,1043
170206,977,1042
170207,980,1044
170208,985,1045
170209,988,1043
170210,987,1041
170211,986,1039
170212,984,1040
170213,987,1045
170214,990,1049
170215,991,1050
170216,990,1046
170217,988,1044
170218,987,1041
170219,990,1045
170220,992,1046
170221,996,1046
170222,994,1044
170223,990,1042
170224,991,1046
170225,994,1050
170226,996,1051
170227,999,1050
170228,1001,1042
170229,1000,1036
170230,997,1036
170231,1000,1037
170232,1003,1039
170233,1007,1039
170234,1007,1033
170235,1003,1026
170236,1005,1024
170237,1004,1027
170238,1008,1027
170239,1012,1024
170240,1009,1023
170241,1006,1020
170242,1009,1018
170243,1010,1021
170244,1011,1019
170245,1017,1015
170246,1017,1013
170247,1013,1008
170248,1013,1008
170249,1017,1007
170250,1020,1011
170251,1023,1013
170252,1022,1011
170253,1021,1007
170254,1020,1000
170255,1024,1000
170256,1027,1001
170257,1031,1002
170258,1031,1002
170259,1030,1000
170260,1031,1002
170261,1036,1003
170262,1039,1007
170263,1043,1009
170264,1044,1010
170265,1043,1009
170266,1041,1009
170267,1043,1015
170268,1045,1023
170269,1049,1022
170270,1046,1025
170271,1044,1023
170272,1042,1026
170273,1043,1031
170274,1043,1038
170275,1043,1038
170276,1040,1034
170277,1035,1034
170278,1033,1038
170279,1031,1044
170280,1033,1046
170281,1033,1046
170282,1030,1044
170283,1023,1042
170284,1022,1041
170285,1022,1044
170286,1023,1046
170287,1025,1047
170288,1022,1045
170289,1017,1044
170290,1014,1044
170291,1016,1046
170292,1018,1051
170293,1020,1050
170294,1017,1048
170295,1014,1046
170296,1013,1046
170297,1013,1047
170298,1015,1049
170299,1018,1048
170300,1015,1046
170301,1014,1043
170302,1010,1039
170303,1011,1040
170304,1016,1043
170305,1015,1043
170306,1014,1040
170307,1011,1038
170308,1009,1040
170309,1009,1044
170310,1012,1049
170311,1014,1046
170312,1015,1045
170313,1012,1043
170314,1010,1046
170315,1012,1046
170316,1014,1050
170317,1016,1049
170318,1015,1049
170319,1016,1044
170320,1014,1046
170321,1015,1047
170322,1016,1050
170323,1018,1048
170324,1015,1045
170325,1013,1041
170326,1011,1043
170327,1013,1048
170328,1013,1046
170329,1015,1046
170330,1013,1046
170331,1012,1039
170332,1009,1043
170333,1013,1045
170334,1014,1047
170335,1014,1046
170336,1014,1043
170337,1011,1039
170338,1010,1046
170339,1012,1047
170340,1013,1048
170341,1014,1045
170342,1014,1048
170343,1011,1048
170344,1010,1048
170345,1010,1049
170346,1011,1048
170347,1015,1042
170348,1013,1038
170349,1013,1036
170350,1003,1040
170351,1009,1046
170352,1011,1047
170353,1013,1045
170354,1012,1038
170355,1012,1032
170356,1006,1032
170357,1007,1034
170358,1007,1037
170359,1008,1037
170360,1007,1037
170361,1004,1036
170362,1002,1039
170363,1004,1043
170364,1007,1047
170365,1009,1048
170366,1009,1046
170367,1004,1044
170368,1003,1046
170369,1007,1048
170370,1011,1050
170371,1013,1050
170372,1010,1048
170373,1007,1046
170374,1004,1045
170375,1006,1047
170376,1006,1047
170377,1008,1045
170378,1009,1040
170379,1005,1036
170380,1006,1037
170381,1007,1043
170382,1010,1042
170383,1007,1042
170384,1007,1040
170385,1005,1038
170386,1004,1040
170387,1005,1046
170388,1008,1051
170389,1010,1050
170390,1008,1044
170391,1003,1039
170392,1004,1040
170393,1004,1042
170394,1004,1045
170395,1007,1046
170396,1008,1046
170397,1005,1044
170398,1003,1045
170399,1004,1047
170400,1007,1051
170401,1010,1052
170402,1005,1053
170403,1001,1051
170404,1002,1050
170405,1002,1045
170406,1007,1044
170407,1008,1044
170408,1007,1042
170409,1006,1040
170410,1006,1041
170411,1005,1044
170412,1009,1045
170413,1016,1044
170414,1023,1039
170415,1030,1031
170416,1040,1033
170417,1054,1034
170418,1076,1039
170419,1102,1038
170420,1128,1026
170421,1155,1012
170422,1185,1003
170423,1220,999
170424,1252,1001
170425,1280,1009
170426,1291,1020
170427,1286,1035
170428,1260,1041
170429,1214,1046
170430,1169,1051
170431,1117,1057
170432,1065,1070
170433,1015,1074
170434,983,1082
170435,972,1080
170436,977,1077
170437,985,1063
170438,994,1050
170439,997,1040
170440,997,1037
170441,997,1039
170442,996,1043
170443,998,1043
170444,995,1042
170445,993,1040
170446,991,1042
170447,989,1043
170448,988,1047
170449,991,1045
170450,987,1046
170451,984,1045
170452,980,1044
170453,978,1046
170454,981,1050
170455,984,1048
170456,982,1048
170457,978,1046
170458,976,1046
170459,977,1049
170460,978,1052
170461,981,1051
170462,984,1048
170463,979,1046
170464,977,1047
170465,976,1049
170466,978,1051
170467,979,1055
170468,979,1053
170469,979,1051
170470,979,1052
170471,984,1055
170472,986,1056
170473,990,1051
170474,988,1051
170475,984,1049
170476,983,1050
170477,984,1052
170478,987,1055
170479,988,1048
170480,987,1048
170481,986,1041
170482,980,1043
170483,980,1048
170484,980,1052
170485,986,1050
170486,987,1041
170487,988,1035
170488,988,1033
170489,988,1038
170490,989,1042
170491,992,1047
170492,989,1041
170493,989,1032
170494,988,1025
170495,993,1022
170496,996,1022
170497,998,1017
170498,996,1014
170499,993,1014
170500,994,1015
170501,995,1017
170502,996,1018
170503,1000,1015
170504,1002,1013
170505,998,1008
170506,996,1008
170507,1002,1009
170508,1002,1011
170509,1004,1008
170510,1003,1003
170511,1002,1001
170512,998,1000
170513,1000,1002
170514,1004,1004
170515,1008,1001
170516,1008,1002
170517,1009,999
170518,1009,1001
170519,1012,1001
170520,1016,1006
170521,1019,1002
170522,1020,1004
170523,1017,1006
170524,1016,1005
170525,1018,1008
170526,1022,1013
170527,1023,1014
170528,1021,1016
170529,1018,1018
170530,1013,1021
170531,1013,1024
170532,1014,1029
170533,1016,1031
170534,1013,1029
170535,1012,1031
170536,1010,1037
170537,1009,1042
170538,1008,1048
170539,1010,1053
170540,1008,1052
170541,1006,1047
170542,1002,1045
170543,998,1044
170544,997,1045
170545,996,1047
170546,994,1046
170547,989,1045
170548,989,1047
170549,989,1048
170550,993,1051
170551,994,1048
170552,992,1047
170553,988,1045
170554,985,1044
170555,986,1048
170556,988,1051
170557,990,1052
170558,987,1051
170559,983,1045
170560,984,1044
170561,987,1046
170562,989,1047
170563,991,1049
170564,991,1046
170565,991,1046
170566,988,1046
170567,990,1047
170568,990,1048
170569,993,1050
170570,997,1045
170571,995,1041
170572,993,1043
170573,992,1047
170574,995,1049
170575,995,1047
170576,992,1043
170577,990,1042
170578,990,1042
170579,993,1043
170580,995,1043
170581,998,1043
170582,996,1038
170583,995,1037
170584,992,1037
170585,991,1041
170586,995,1043
170587,997,1044
170588,996,1042
170589,996,1039
170590,993,1044
170591,995,1048
170592,997,1049
170593,997,1046
170594,995,1042
170595,990,1039
170596,988,1042
170597,993,1040
170598,995,1043
170599,995,1045
170600,994,1041
170601,989,1037
170602,989,1041
170603,987,1042
170604,992,1045
170605,993,1043
170606,992,1040
170607,988,1035
170608,986,1041
170609,989,1045
170610,991,1052
170611,991,1055
170612,988,1053
170613,987,1049
170614,985,1047
170615,986,1043
170616,988,1048
170617,986,1047
170618,986,1046
170619,983,1043
170620,979,1044
170621,980,1043
170622,984,1046
170623,986,1047
170624,983,1042
170625,981,1034
170626,977,1036
170627,976,1038
170628,980,1041
170629,984,1044
170630,982,1042
170631,983,1040
170632,984,1044
170633,987,1047
170634,987,1051
170635,988,1049
170636,989,1046
170637,987,1045
170638,986,1046
170639,988,1050
170640,992,1051
170641,993,1052
170642,991,1053
170643,987,1047
170644,990,1049
170645,992,1054
170646,995,1050
170647,998,1046
170648,996,1040
170649,995,1036
170650,996,1034
170651,1002,1030
170652,1009,1033
170653,1022,1029
170654,1034,1023
170655,1049,1019
170656,1070,1021
170657,1101,1017
170658,1137,1007
170659,1172,996
170660,1205,989
170661,1237,988
170662,1263,999
170663,1280,1019
170664,1279,1042
170665,1254,1047
170666,1207,1044
170667,1152,1041
170668,1088,1054
170669,1033,1071
170670,988,1087
170671,959,1093
170672,949,1092
170673,955,1080
170674,967,1065
170675,974,1057
170676,979,1051
170677,980,1042
170678,975,1042
170679,968,1039
170680,966,1041
170681,967,1046
170682,969,1049
170683,969,1049
170684,970,1047
170685,967,1045
170686,964,1044
170687,966,1047
170688,969,1047
170689,971,1049
170690,968,1045
170691,965,1045
170692,963,1044
170693,966,1048
170694,968,1049
170695,970,1048
170696,968,1044
170697,964,1039
170698,965,1040
170699,967,1043
170700,970,1045
170701,971,1044
170702,967,1041
170703,966,1039
170704,967,1042
170705,966,1041
170706,970,1046
170707,973,1045
170708,970,1045
170709,969,1043
170710,966,1041
170711,969,1045
170712,971,1052
170713,973,1054
170714,972,1054
170715,970,1049
170716,968,1046
170717,971,1045
170718,972,1040
170719,975,1036
170720,974,1031
170721,971,1032
170722,969,1032
170723,973,1037
170724,975,1037
170725,977,1034
170726,978,1029
170727,978,1028
170728,976,1028
170729,979,1027
170730,982,1030
170731,984,1028
170732,985,1024
170733,981,1020
170734,984,1022
170735,984,1023
170736,989,1024
170737,992,1021
170738,993,1018
170739,993,1015
170740,994,1011
170741,996,1012
170742,1000,1016
170743,1002,1014
170744,1003,1009
170745,999,1002
170746,999,1005
170747,1001,1006
170748,1007,1009
170749,1012,1006
170750,1011,1000
170751,1009,997
170752,1010,1000
170753,1013,1002
170754,1018,1005
170755,1020,1004
170756,1021,1005
170757,1017,1004
170758,1015,1006
170759,1017,1010
170760,1017,1017
170761,1016,1020
170762,1014,1022
170763,1011,1022
170764,1011,1026
170765,1013,1031
170766,1012,1034
170767,1009,1029
170768,1007,1024
170769,1001,1022
170770,996,1027
170771,999,1033
170772,998,1039
170773,1000,1046
170774,996,1045
170775,994,1050
170776,991,1048
170777,990,1048
170778,994,1045
170779,993,1041
170780,989,1037
170781,987,1037
170782,983,1039
170783,987,1045
170784,988,1049
170785,987,1048
170786,987,1047
170787,982,1048
170788,981,1046
170789,986,1050
170790,989,1053
170791,990,1051
170792,991,1047
170793,986,1046
170794,986,1044
170795,990,1048
170796,990,1054
170797,994,1052
170798,994,1049
170799,991,1047
170800,989,1047
170801,989,1049
170802,992,1053
170803,995,1055
170804,993,1054
170805,988,1050
170806,988,1046
170807,991,1046
170808,991,1050
170809,993,1047
170810,991,1046
170811,988,1040
170812,986,1039
170813,989,1044
170814,994,1044
170815,994,1044
170816,995,1040
170817,995,1038
170818,993,1037
170819,996,1042
170820,999,1041
170821,1002,1042
170822,1001,1041
170823,996,1041
170824,995,1043
170825,996,1046
170826,995,1048
170827,997,1046
170828,995,1046
170829,993,1045
170830,992,1044
170831,995,1046
170832,996,1050
170833,996,1048
170834,996,1046
170835,989,1044
170836,992,1047
170837,993,1051
170838,993,1054
170839,995,1053
170840,994,1047
170841,990,1045
170842,990,1046
170843,990,1051
170844,993,1056
170845,992,1054
170846,992,1054
170847,991,1049
170848,985,1050
170849,987,1050
170850,991,1048
170851,994,1045
170852,991,1041
170853,987,1040
170854,986,1039
170855,988,1043
170856,992,1044
170857,991,1044
170858,990,1042
170859,987,1039
170860,987,1041
170861,989,1045
170862,989,1048
170863,990,1047
170864,987,1041
170865,983,1042
170866,985,1043
170867,988,1045
170868,989,1049
170869,991,1050
170870,988,1047
170871,987,1049
170872,983,1055
170873,985,1061
170874,992,1061
170875,993,1058
170876,992,1050
170877,989,1042
170878,986,1039
170879,989,1042
170880,992,1045
170881,997,1042
170882,993,1044
170883,989,1043
170884,991,1049
170885,991,1056
170886,995,1056
170887,996,1055
170888,996,1047
170889,993,1039
170890,993,1037
170891,993,1041
170892,996,1048
170893,997,1050
170894,992,1049
170895,987,1049
170896,986,1045
170897,990,1044
170898,991,1045
170899,993,1043
170900,990,1044
170901,985,1043
170902,983,1042
170903,985,1046
170904,988,1048
170905,989,1046
170906,988,1044
170907,986,1045
170908,986,1045
170909,991,1048
170910,995,1050
170911,998,1050
170912,997,1049
170913,993,1045
170914,991,1045
170915,993,1049
170916,996,1048
170917,999,1048
170918,999,1047
170919,997,1045
170920,998,1045
170921,999,1048
170922,1002,1051
170923,1004,1051
170924,1003,1045
170925,1005,1040
170926,1010,1037
170927,1023,1036
170928,1039,1038
170929,1057,1035
170930,1079,1033
170931,1109,1028
170932,1144,1016
170933,1184,1003
170934,1223,997
170935,1261,996
170936,1292,1005
170937,1300,1027
170938,1287,1051
170939,1246,1066
170940,1194,1076
170941,1135,1077
170942,1078,1078
170943,1023,1076
170944,988,1073
170945,977,1066
170946,985,1058
170947,995,1043
170948,999,1028
170949,994,1026
170950,990,1029
170951,985,1033
170952,986,1037
170953,986,1040
170954,981,1040
170955,976,1037
170956,974,1042
170957,975,1048
170958,977,1048
170959,981,1046
170960,977,1043
170961,973,1044
170962,971,1044
170963,971,1049
170964,974,1053
170965,975,1054
170966,974,1052
170967,973,1048
170968,970,1052
170969,971,1052
170970,975,1056
170971,973,1054
170972,972,1052
170973,972,1048
170974,970,1049
170975,971,1052
170976,976,1053
170977,975,1052
170978,975,1048
170979,970,1050
170980,970,1048
170981,974,1053
170982,977,1054
170983,978,1054
170984,976,1055
170985,974,1054
170986,973,1053
170987,974,1058
170988,976,1056
170989,979,1049
170990,979,1042
170991,976,1036
170992,976,1038
170993,975,1044
170994,980,1050
170995,980,1050
170996,978,1046
170997,978,1041
170998,979,1039
170999,982,1038
171000,987,1037
171001,990,1037
171002,993,1039
171003,993,1037
171004,993,1033
171005,996,1029
171006,1001,1023
171007,1007,1020
171008,1005,1014
171009,1004,1012
171010,1000,1016
171011,1006,1018
171012,1012,1020
171013,1014,1019
171014,1013,1014
171015,1014,1015
171016,1012,1015
171017,1014,1015
171018,1017,1018
171019,1021,1018
171020,1019,1015
171021,1018,1015
171022,1017,1017
171023,1020,1018
171024,1022,1019
171025,1024,1017
171026,1022,1018
171027,1021,1015
171028,1020,1017
171029,1021,1020
171030,1025,1024
171031,1024,1023
171032,1023,1023
171033,1018,1021
171034,1015,1026
171035,1017,1030
171036,1018,1032
171037,1018,1039
171038,1015,1035
171039,1010,1034
171040,1006,1038
171041,1006,1042
171042,1006,1044
171043,1003,1045
171044,997,1043
171045,993,1041
171046,989,1046
171047,988,1053
171048,988,1057
171049,990,1057
171050,991,1050
171051,985,1043
171052,985,1043
171053,988,1048
171054,989,1051
171055,991,1053
171056,990,1053
171057,987,1048
171058,984,1048
171059,987,1050
171060,987,1050
171061,987,1048
171062,987,1050
171063,983,1050
171064,986,1054
171065,985,1057
171066,990,1059
171067,986,1054
171068,987,1051
171069,987,1048
171070,985,1050
171071,986,1055
171072,990,1056
171073,990,1053
171074,988,1052
171075,985,1052
171076,985,1054
171077,987,1058
171078,992,1057
171079,992,1057
171080,989,1060
171081,985,1062
171082,984,1070
171083,987,1068
171084,989,1062
171085,992,1047
171086,989,1030
171087,988,1023
171088,985,1028
171089,988,1033
171090,990,1041
171091,991,1039
171092,988,1029
171093,983,1026
171094,983,1027
171095,986,1035
171096,988,1035
171097,990,1036
171098,988,1035
171099,984,1034
171100,987,1036
171101,988,1038
171102,996,1045
171103,997,1046
171104,997,1042
171105,993,1042
171106,993,1044
171107,993,1048
171108,995,1052
171109,996,1050
171110,994,1047
171111,989,1046
171112,991,1049
171113,989,1050
171114,993,1054
171115,994,1053
171116,994,1052
171117,992,1049
171118,988,1052
171119,990,1053
171120,991,1056
171121,991,1052
171122,988,1049
171123,985,1047
171124,985,1050
171125,985,1055
171126,987,1056
171127,990,1055
171128,985,1051
171129,982,1046
171130,984,1048
171131,987,1050
171132,988,1051
171133,990,1048
171134,988,1046
171135,982,1043
171136,983,1045
171137,984,1048
171138,983,1049
171139,984,1048
171140,983,1046
171141,979,1042
171142,981,1044
171143,983,1042
171144,985,1042
171145,989,1041
171146,986,1036
171147,983,1031
171148,980,1034
171149,983,1038
171150,984,1042
171151,986,1047
171152,986,1046
171153,984,1044
171154,986,1047
171155,986,1051
171156,988,1053
171157,989,1054
171158,987,1053
171159,984,1052
171160,980,1048
171161,979,1049
171162,983,1053
171163,986,1056
171164,984,1055
171165,977,1048
171166,973,1046
171167,978,1048
171168,980,1051
171169,984,1050
171170,982,1047
171171,980,1045
171172,980,1045
171173,982,1047
171174,984,1048
171175,985,1050
171176,983,1049
171177,981,1047
171178,980,1051
171179,982,1052
171180,985,1053
171181,986,1052
171182,986,1049
171183,983,1045
171184,980,1044
171185,981,1045
171186,982,1050
171187,983,1048
171188,981,1044
171189,977,1042
171190,974,1044
171191,978,1047
171192,982,1048
171193,981,1046
171194,980,1039
171195,976,1038
171196,971,1037
171197,973,1041
171198,976,1043
171199,980,1043
171200,978,1039
171201,976,1039
171202,975,1042
171203,975,1042
171204,982,1044
171205,986,1046
171206,984,1044
171207,985,1045
171208,983,1045
171209,984,1048
171210,987,1051
171211,989,1050
171212,987,1048
171213,987,1047
171214,985,1046
171215,987,1051
171216,988,1052
171217,987,1052
171218,987,1047
171219,987,1045
171220,983,1046
171221,984,1049
171222,990,1050
171223,988,1051
171224,988,1048
171225,983,1048
171226,980,1048
171227,983,1048
171228,985,1052
171229,987,1051
171230,985,1049
171231,980,1049
171232,979,1052
171233,981,1056
171234,983,1059
171235,987,1061
171236,987,1064
171237,986,1065
171238,982,1065
171239,985,1059
171240,989,1049
171241,988,1041
171242,985,1037
171243,983,1033
171244,983,1031
171245,986,1030
171246,986,1030
171247,986,1028
171248,981,1027
171249,980,1028
171250,981,1029
171251,982,1035
171252,987,1035
171253,984,1035
171254,981,1036
171255,978,1035
171256,983,1037
171257,984,1040
171258,988,1043
171259,987,1044
171260,985,1043
171261,984,1041
171262,983,1044
171263,987,1047
171264,989,1050
171265,990,1050
171266,988,1047
171267,985,1047
171268,986,1047
171269,987,1048
171270,992,1050
171271,992,1050
171272,989,1047
171273,986,1045
171274,984,1047
171275,987,1048
171276,988,1055
171277,989,1056
171278,987,1053
171279,985,1050
171280,985,1049
171281,984,1048
171282,986,1049
171283,989,1048
171284,985,1047
171285,983,1042
171286,982,1044
171287,984,1048
171288,987,1050
171289,987,1050
171290,984,1050
171291,983,1047
171292,980,1053
171293,984,1058
171294,987,1057
171295,987,1051
171296,986,1038
171297,982,1034
171298,984,1031
171299,984,1029
171300,988,1032
171301,988,1031
171302,986,1031
171303,984,1031
171304,982,1038
171305,986,1040
171306,991,1046
171307,993,1045
171308,990,1043
171309,988,1044
171310,990,1043
171311,993,1043
171312,993,1046
171313,994,1044
171314,993,1041
171315,993,1044
171316,993,1047
171317,996,1050
171318,1000,1053
171319,1003,1048
171320,1001,1046
171321,999,1044
171322,999,1045
171323,998,1044
171324,1002,1048
171325,1002,1044
171326,1003,1040
171327,1004,1039
171328,1010,1037
171329,1021,1035
171330,1037,1037
171331,1050,1033
171332,1069,1030
171333,1085,1023
171334,1113,1019
171335,1145,1014
171336,1178,1008
171337,1211,997
171338,1241,985
171339,1267,982
171340,1286,991
171341,1297,1011
171342,1280,1028
171343,1235,1029
171344,1176,1029
171345,1120,1033
171346,1067,1041
171347,1022,1043
171348,990,1049
171349,974,1047
171350,976,1042
171351,985,1033
171352,989,1025
171353,989,1025
171354,991,1028
171355,987,1027
171356,983,1025
171357,980,1025
171358,977,1028
171359,979,1036
171360,979,1041
171361,976,1042
171362,972,1046
171363,971,1049
171364,969,1051
171365,971,1053
171366,973,1054
171367,973,1049
171368,971,1047
171369,968,1044
171370,968,1040
171371,971,1042
171372,974,1047
171373,977,1046
171374,973,1043
171375,971,1040
171376,969,1042
171377,972,1047
171378,976,1050
171379,976,1045
171380,972,1044
171381,966,1041
171382,967,1042
171383,968,1046
171384,971,1051
171385,974,1051
171386,972,1051
171387,969,1049
171388,967,1051
171389,969,1052
171390,969,1050
171391,969,1046
171392,966,1042
171393,964,1041
171394,965,1040
171395,968,1043
171396,969,1044
171397,969,1040
171398,967,1039
171399,964,1034
171400,964,1033
171401,969,1033
171402,972,1036
171403,973,1032
171404,975,1031
171405,972,1025
171406,972,1026
171407,974,1031
171408,978,1033
171409,978,1033
171410,976,1035
171411,976,1036
171412,982,1037
171413,986,1041
171414,988,1039
171415,989,1035
171416,989,1025
171417,986,1022
171418,988,1021
171419,992,1022
171420,995,1024
171421,996,1020
171422,999,1019
171423,997,1016
171424,999,1016
171425,1003,1019
171426,1009,1022
171427,1012,1019
171428,1011,1016
171429,1009,1013
171430,1008,1015
171431,1012,1016
171432,1014,1016
171433,1015,1011
171434,1014,1012
171435,1012,1007
171436,1012,1010
171437,1016,1012
171438,1015,1015
171439,1020,1012
171440,1015,1011
171441,1011,1011
171442,1011,1009
171443,1013,1013
171444,1017,1012
171445,1018,1013
171446,1018,1010
171447,1014,1012
171448,1014,1012
171449,1015,1021
171450,1016,1024
171451,1013,1025
171452,1008,1024
171453,1002,1025
171454,1002,1032
171455,1004,1036
171456,1005,1040
171457,1003,1036
171458,998,1031
171459,994,1028
171460,993,1029
171461,993,1031
171462,996,1032
171463,994,1031
171464,992,1031
171465,987,1027
171466,983,1028
171467,987,1029
171468,989,1036
171469,986,1033
171470,985,1031
171471,981,1033
171472,978,1038
171473,979,1041
171474,982,1043
171475,984,1043
171476,980,1043
171477,978,1042
171478,980,1045
171479,983,1049
171480,985,1051
171481,983,1051
171482,980,1046
171483,979,1045
171484,974,1047
171485,975,1050
171486,976,1052
171487,980,1050
171488,981,1047
171489,980,1045
171490,976,1047
171491,976,1055
171492,981,1060
171493,980,1057
171494,980,1050
171495,978,1045
171496,979,1043
171497,979,1042
171498,981,1042
171499,981,1039
171500,979,1033
171501,976,1030
171502,976,1031
171503,978,1032
171504,980,1034
171505,981,1035
171506,977,1036
171507,976,1036
171508,978,1037
171509,982,1037
171510,984,1038
171511,986,1037
171512,984,1034
171513,984,1032
171514,985,1033
171515,985,1036
171516,985,1040
171517,988,1041
171518,989,1040
171519,983,1037
171520,983,1041
171521,984,1042
171522,989,1048
171523,989,1045
171524,985,1045
171525,983,1041
171526,979,1042
171527,985,1044
171528,987,1045
171529,986,1043
171530,984,1042
171531,979,1040
171532,978,1042
171533,977,1046
171534,978,1051
171535,982,1050
171536,980,1047
171537,979,1043
171538,979,1043
171539,981,1043
171540,983,1043
171541,983,1040
171542,979,1038
171543,978,1037
171544,977,1040
171545,980,1045
171546,984,1043
171547,981,1042
171548,978,1043
171549,976,1045
171550,977,1047
171551,977,1045
171552,979,1037
171553,982,1027
171554,982,1020
171555,973,1018
171556,974,1023
171557,973,1028
171558,978,1029
171559,976,1027
171560,976,1027
171561,972,1025
171562,973,1027
171563,974,1034
171564,978,1041
171565,979,1039
171566,976,1037
171567,972,1037
171568,972,1036
171569,975,1041
171570,979,1041
171571,977,1040
171572,975,1036
171573,971,1034
171574,970,1038
171575,972,1042
171576,972,1046
171577,975,1047
171578,974,1044
171579,970,1040
171580,969,1042
171581,970,1045
171582,970,1048
171583,972,1044
171584,970,1044
171585,968,1042
171586,967,1045
171587,971,1048
171588,973,1047
171589,973,1044
171590,971,1044
171591,967,1042
171592,968,1044
171593,970,1048
171594,974,1048
171595,973,1046
171596,971,1045
171597,967,1042
171598,967,1045
171599,970,1048
171600,973,1050
171601,974,1045
171602,970,1038
171603,968,1033
171604,969,1032
171605,970,1032
171606,976,1030
171607,978,1030
171608,978,1026
171609,975,1021
171610,975,1025
171611,975,1027
171612,975,1030
171613,976,1028
171614,974,1027
171615,971,1027
171616,970,1030
171617,972,1035
171618,976,1035
171619,976,1037
171620,974,1035
171621,973,1032
171622,974,1036
171623,974,1039
171624,978,1040
171625,978,1039
171626,975,1038
171627,973,1038
171628,971,1041
171629,974,1045
171630,974,1051
171631,978,1050
171632,972,1051
171633,971,1049
171634,970,1048
171635,976,1047
171636,977,1048
171637,976,1045
171638,975,1041
171639,972,1040
171640,969,1044
171641,975,1047
171642,975,1053
171643,978,1051
171644,975,1046
171645,972,1041
171646,972,1041
171647,978,1037
171648,981,1039
171649,982,1038
171650,975,1037
171651,975,1037
171652,975,1038
171653,979,1039
171654,981,1043
171655,983,1042
171656,980,1040
171657,978,1039
171658,977,1039
171659,980,1041
171660,986,1041
171661,988,1034
171662,992,1029
171663,998,1024
171664,1008,1022
171665,1018,1020
171666,1038,1022
171667,1058,1017
171668,1080,1013
171669,1104,1005
171670,1137,999
171671,1174,994
171672,1209,995
171673,1240,996
171674,1265,1002
171675,1278,1014
171676,1276,1031
171677,1258,1043
171678,1217,1050
171679,1166,1051
171680,1108,1054
171681,1048,1058
171682,998,1068
171683,963,1074
171684,953,1078
171685,953,1075
171686,959,1067
171687,960,1058
171688,966,1053
171689,973,1051
171690,976,1051
171691,973,1046
171692,970,1046
171693,965,1044
171694,965,1046
171695,966,1046
171696,966,1050
171697,964,1050
171698,958,1045
171699,956,1040
171700,957,1042
171701,959,1045
171702,960,1043
171703,960,1038
171704,959,1034
171705,957,1033
171706,956,1033
171707,957,1037
171708,960,1042
171709,960,1039
171710,957,1038
171711,955,1037
171712,952,1041
171713,956,1041
171714,959,1045
171715,962,1044
171716,962,1041
171717,958,1039
171718,958,1039
171719,960,1042
171720,963,1041
171721,962,1039
171722,962,1033
171723,960,1030
171724,960,1031
171725,962,1034
171726,968,1037
171727,964,1035
171728,963,1033
171729,961,1031
171730,963,1033
171731,965,1038
171732,967,1038
171733,968,1035
171734,966,1033
171735,962,1030
171736,964,1032
171737,968,1034
171738,971,1036
171739,973,1036
171740,972,1031
171741,970,1029
171742,967,1030
171743,972,1033
171744,975,1033
171745,978,1034
171746,977,1031
171747,975,1030
171748,976,1030
171749,980,1035
171750,984,1034
171751,984,1031
171752,979,1026
171753,982,1021
171754,982,1020
171755,986,1022
171756,992,1023
171757,992,1016
171758,991,1015
171759,992,1011
171760,993,1011
171761,996,1012
171762,1004,1012
171763,1002,1011
171764,1001,1008
171765,999,1003
171766,998,1004
171767,1005,1005
171768,1010,1003
171769,1010,1000
171770,1010,995
171771,1008,993
171772,1010,995
171773,1011,998
171774,1013,999
171775,1015,998
171776,1014,1000
171777,1010,996
171778,1010,999
171779,1012,1004
171780,1014,1008
171781,1015,1007
171782,1012,1005
171783,1010,1005
171784,1011,1009
171785,1012,1012
171786,1015,1017
171787,1013,1015
171788,1009,1018
171789,1004,1019
171790,1000,1026
171791,1003,1031
171792,1003,1035
171793,1002,1036
171794,999,1036
171795,992,1035
171796,989,1038
171797,993,1040
171798,991,1040
171799,990,1041
171800,987,1040
171801,982,1039
171802,980,1042
171803,981,1049
171804,983,1050
171805,982,1047
171806,977,1044
171807,980,1039
171808,981,1040
171809,980,1043
171810,984,1043
171811,984,1041
171812,981,1038
171813,978,1040
171814,981,1039
171815,981,1045
171816,983,1046
171817,983,1044
171818,979,1043
171819,978,1041
171820,979,1042
171821,982,1046
171822,984,1047
171823,984,1046
171824,981,1045
171825,977,1043
171826,979,1046
171827,978,1048
171828,984,1048
171829,985,1049
171830,982,1043
171831,982,1040
171832,982,1045
171833,987,1047
171834,988,1049
171835,989,1046
171836,985,1044
171837,987,1044
171838,984,1045
171839,987,1047
171840,987,1050
171841,986,1048
171842,984,1046
171843,981,1044
171844,982,1048
171845,985,1050
171846,989,1052
171847,989,1053
171848,988,1052
171849,986,1050
171850,986,1053
171851,988,1053
171852,987,1056
171853,989,1053
171854,985,1045
171855,981,1038
171856,980,1036
171857,982,1036
171858,986,1036
171859,988,1039
171860,989,1037
171861,984,1035
171862,983,1037
171863,989,1042
171864,991,1045
171865,989,1041
171866,991,1040
171867,986,1037
171868,987,1042
171869,991,1042
171870,994,1044
171871,993,1043
171872,993,1040
171873,989,1039
171874,989,1041
171875,990,1044
171876,996,1043
171877,995,1043
171878,993,1040
171879,989,1040
171880,987,1041
171881,990,1043
171882,991,1046
171883,990,1044
171884,987,1043
171885,986,1041
171886,985,1044
171887,986,1045
171888,988,1047
171889,987,1046
171890,984,1043
171891,984,1042
171892,986,1043
171893,985,1044
171894,986,1050
171895,986,1046
171896,985,1045
171897,982,1050
171898,982,1046
171899,983,1052
171900,983,1051
171901,983,1044
171902,984,1042
171903,980,1038
171904,978,1039
171905,982,1043
171906,987,1046
171907,985,1044
171908,979,1041
171909,980,1042
171910,981,1045
171911,982,1045
171912,986,1045
171913,987,1046
171914,984,1044
171915,983,1042
171916,983,1045
171917,987,1048
171918,989,1046
171919,993,1046
171920,991,1045
171921,988,1041
171922,989,1045
171923,992,1047
171924,995,1049
171925,994,1048
171926,992,1042
171927,989,1043
171928,990,1045
171929,992,1046
171930,996,1048
171931,995,1048
171932,990,1045
171933,987,1041
171934,991,1044
171935,994,1048
171936,997,1051
171937,995,1047
171938,995,1042
171939,989,1043
171940,989,1041
171941,990,1046
171942,994,1052
171943,993,1050
171944,989,1046
171945,988,1045
171946,989,1046
171947,989,1049
171948,994,1049
171949,995,1045
171950,992,1038
171951,993,1035
171952,990,1039
171953,993,1041
171954,994,1046
171955,993,1043
171956,994,1041
171957,989,1040
171958,990,1041
171959,993,1043
171960,997,1043
171961,995,1044
171962,994,1040
171963,1000,1035
171964,1005,1034
171965,1016,1036
171966,1032,1035
171967,1048,1032
171968,1069,1028
171969,1091,1023
171970,1120,1018
171971,1159,1009
171972,1195,1003
171973,1230,994
171974,1260,994
171975,1285,1002
171976,1296,1018
171977,1296,1031
171978,1275,1042
171979,1228,1046
171980,1178,1050
171981,1127,1059
171982,1073,1068
171983,1024,1075
171984,992,1075
171985,976,1073
171986,973,1065
171987,982,1057
171988,991,1051
171989,997,1047
171990,999,1045
171991,993,1042
171992,988,1040
171993,984,1040
171994,981,1042
171995,983,1047
171996,984,1053
171997,981,1057
171998,982,1060
171999,979,1059
172000,976,1054
172001,977,1046
172002,978,1041
172003,977,1036
172004,976,1030
172005,973,1032
172006,971,1039
172007,973,1039
172008,975,1043
172009,975,1043
172010,968,1042
172011,970,1043
172012,969,1045
172013,972,1048
172014,972,1050
172015,970,1048
172016,970,1046
172017,966,1046
172018,969,1049
172019,972,1051
172020,975,1052
172021,974,1047
172022,972,1047
172023,972,1044
172024,973,1046
172025,974,1049
172026,976,1050
172027,977,1047
172028,976,1045
172029,976,1043
172030,978,1044
172031,980,1045
172032,984,1048
172033,982,1045
172034,982,1044
172035,980,1041
172036,981,1043
172037,985,1045
172038,991,1045
172039,992,1039
172040,989,1038
172041,988,1034
172042,989,1038
172043,994,1037
172044,997,1038
172045,998,1039
172046,997,1034
172047,993,1035
172048,995,1035
172049,1000,1036
172050,1004,1033
172051,1005,1029
172052,1006,1025
172053,1003,1022
172054,1006,1021
172055,1009,1022
172056,1012,1024
172057,1012,1022
172058,1009,1020
172059,1009,1018
172060,1009,1018
172061,1014,1020
172062,1018,1021
172063,1018,1019
172064,1016,1015
172065,1015,1013
172066,1015,1012
172067,1018,1013
172068,1021,1013
172069,1021,1014
172070,1020,1014
172071,1018,1014
172072,1016,1019
172073,1021,1021
172074,1024,1024
172075,1023,1022
172076,1024,1014
172077,1024,1008
172078,1024,1008
172079,1026,1010
172080,1025,1016
172081,1027,1015
172082,1025,1013
172083,1023,1014
172084,1019,1015
172085,1024,1018
172086,1026,1020
172087,1024,1018
172088,1021,1020
172089,1017,1021
172090,1011,1024
172091,1013,1028
172092,1014,1030
172093,1009,1031
172094,1006,1032
172095,1001,1033
172096,1002,1035
172097,1003,1040
172098,1005,1040
172099,1003,1039
172100,995,1037
172101,995,1037
172102,991,1041
172103,994,1043
172104,995,1044
172105,996,1042
172106,994,1042
172107,991,1042
172108,985,1046
172109,988,1050
172110,986,1051
172111,988,1049
172112,986,1050
172113,982,1050
172114,983,1052
172115,985,1052
172116,986,1057
172117,989,1056
172118,988,1056
172119,985,1055
172120,985,1055
172121,989,1060
172122,991,1056
172123,990,1053
172124,989,1051
172125,988,1051
172126,987,1054
172127,993,1059
172128,1003,1066
172129,1006,1067
172130,1008,1066
172131,1014,1065
172132,1020,1068
172133,1029,1071
172134,1040,1069
172135,1054,1054
172136,1066,1036
172137,1076,1016
172138,1089,999
172139,1103,988
172140,1119,976
172141,1133,967
172142,1147,948
172143,1158,932
172144,1174,917
172145,1195,898
172146,1215,877
172147,1234,860
172148,1245,843
172149,1253,828
172150,1260,822
172151,1260,822
172152,1262,821
172153,1259,817
172154,1255,814
172155,1246,814
172156,1236,818
172157,1227,820
172158,1215,823
172159,1194,825
172160,1166,827
172161,1138,834
172162,1112,847
172163,1090,861
172164,1073,873
172165,1055,886
172166,1048,896
172167,1040,911
172168,1039,926
172169,1035,942
172170,1031,949
172171,1025,954
172172,1022,958
172173,1028,968
172174,1042,983
172175,1058,994
172176,1066,999
172177,1062,1000
172178,1048,1003
172179,1024,1009
172180,995,1023
172181,971,1037
172182,954,1050
172183,945,1065
172184,937,1079
172185,930,1088
172186,922,1097
172187,920,1102
172188,917,1102
172189,913,1094
172190,908,1093
172191,902,1092
172192,898,1089
172193,898,1094
172194,899,1101
172195,900,1102
172196,895,1103
172197,892,1106
172198,889,1111
172199,888,1118
172200,888,1121
172201,889,1123
172202,886,1120
172203,885,1120
172204,887,1123
172205,888,1126
172206,892,1125
172207,888,1124
172208,882,1122
172209,878,1121
172210,878,1124
172211,882,1127
172212,884,1131
172213,881,1131
172214,877,1132
172215,873,1133
172216,872,1136
172217,876,1141
172218,881,1142
172219,879,1142
172220,876,1138
172221,873,1140
172222,873,1143
172223,877,1148
172224,878,1150
172225,879,1149
172226,879,1148
172227,876,1151
172228,876,1153
172229,881,1155
172230,882,1158
172231,885,1161
172232,884,1161
172233,884,1161
172234,885,1163
172235,891,1165
172236,894,1171
172237,897,1168
172238,896,1166
172239,897,1168
172240,899,1169
172241,904,1171
172242,911,1171
172243,912,1168
172244,913,1162
172245,916,1159
172246,918,1161
172247,926,1162
172248,930,1161
172249,938,1154
172250,939,1151
172251,939,1149
172252,942,1148
172253,949,1144
172254,956,1136
172255,954,1125
172256,953,1116
172257,957,1107
172258,960,1105
172259,961,1101
172260,962,1097
172261,960,1091
172262,958,1083
172263,957,1078
172264,960,1075
172265,963,1072
172266,969,1069
172267,968,1064
172268,964,1059
172269,957,1056
172270,960,1055
172271,963,1058
172272,966,1057
172273,963,1056
172274,959,1055
172275,958,1053
172276,957,1055
172277,960,1057
172278,961,1058
172279,960,1054
172280,958,1051
172281,954,1054
172282,956,1058
172283,957,1062
172284,962,1066
172285,963,1063
172286,963,1058
172287,961,1059
172288,961,1061
172289,963,1063
172290,970,1063
172291,970,1062
172292,970,1058
172293,967,1058
172294,968,1058
172295,969,1058
172296,966,1060
172297,970,1059
172298,967,1056
172299,967,1057
172300,967,1058
172301,968,1061
172302,970,1063
172303,972,1061
172304,970,1054
172305,972,1051
172306,974,1052
172307,976,1055
172308,980,1056
172309,976,1057
172310,973,1053
172311,971,1055
172312,976,1058
172313,979,1063
172314,979,1058
172315,978,1053
172316,974,1045
172317,969,1046
172318,970,1045
172319,974,1039
172320,975,1033
172321,972,1031
172322,973,1029
172323,969,1034
172324,969,1038
172325,973,1043
172326,974,1044
172327,973,1043
172328,968,1042
172329,966,1039
172330,964,1040
172331,966,1044
172332,968,1043
172333,968,1044
172334,968,1044
172335,965,1048
172336,966,1055
172337,969,1055
172338,974,1055
172339,972,1054
172340,968,1052
172341,970,1051
172342,968,1055
172343,969,1059
172344,974,1059
172345,971,1056
172346,970,1053
172347,971,1057
172348,971,1055
172349,973,1061
172350,977,1059
172351,976,1058
172352,973,1055
172353,973,1056
172354,973,1056
172355,975,1058
172356,976,1059
172357,975,1058
172358,972,1056
172359,973,1059
172360,971,1063
172361,972,1066
172362,975,1062
172363,973,1060
172364,974,1056
172365,972,1056
172366,972,1055
172367,972,1058
172368,974,1060
172369,971,1059
172370,967,1060
172371,968,1057
172372,968,1058
172373,973,1054
172374,976,1050
172375,976,1045
172376,971,1039
172377,965,1037
172378,966,1037
172379,972,1042
172380,975,1043
172381,973,1041
172382,970,1042
172383,971,1044
172384,971,1047
172385,975,1049
172386,976,1050
172387,974,1051
172388,970,1043
172389,970,1047
172390,973,1048
172391,976,1051
172392,977,1052
172393,978,1049
172394,974,1048
172395,972,1047
172396,978,1047
172397,978,1051
172398,979,1053
172399,978,1052
172400,975,1048
172401,972,1049
172402,975,1048
172403,977,1051
172404,978,1051
172405,979,1050
172406,979,1048
172407,974,1051
172408,976,1050
172409,980,1053
172410,981,1053
172411,979,1050
172412,976,1046
172413,976,1046
172414,976,1049
172415,978,1051
172416,980,1054
172417,981,1052
172418,978,1049
172419,977,1048
172420,978,1052
172421,981,1055
172422,981,1053
172423,980,1050
172424,977,1050
172425,975,1051
172426,973,1054
172427,974,1055
172428,973,1059
172429,970,1058
172430,969,1056
172431,968,1052
172432,969,1051
172433,972,1052
172434,975,1053
172435,974,1054
172436,974,1048
172437,974,1039
172438,973,1041
172439,974,1042
172440,980,1044
172441,977,1042
172442,974,1040
172443,973,1043
172444,973,1047
172445,976,1048
172446,979,1047
172447,978,1045
172448,976,1043
172449,975,1045
172450,973,1045
172451,978,1050
172452,978,1052
172453,978,1048
172454,978,1047
172455,975,1050
172456,976,1051
172457,977,1053
172458,980,1056
172459,982,1054
172460,978,1052
172461,972,1052
172462,974,1054
172463,977,1055
172464,979,1054
172465,980,1050
172466,977,1047
172467,977,1047
172468,977,1051
172469,979,1052
172470,980,1053
172471,978,1051
172472,975,1048
172473,973,1050
172474,973,1054
172475,974,1053
172476,979,1053
172477,976,1049
172478,975,1048
172479,972,1048
172480,975,1050
172481,976,1054
172482,980,1053
172483,980,1052
172484,977,1047
172485,975,1045
172486,979,1046
172487,982,1049
172488,985,1053
172489,982,1052
172490,980,1049
172491,977,1047
172492,981,1046
172493,983,1044
172494,986,1044
172495,985,1039
172496,983,1037
172497,979,1038
172498,979,1039
172499,979,1044
172500,983,1044
172501,984,1043
172502,983,1041
172503,982,1040
172504,981,1045
172505,985,1046
172506,987,1050
172507,987,1047
172508,985,1047
172509,982,1044
172510,982,1045
172511,986,1050
172512,988,1052
172513,988,1049
172514,984,1045
172515,982,1042
172516,982,1042
172517,984,1047
172518,990,1051
172519,989,1046
172520,987,1044
172521,987,1039
172522,988,1039
172523,989,1040
172524,993,1043
172525,992,1041
172526,989,1041
172527,986,1040
172528,988,1045
172529,993,1049
172530,1001,1045
172531,1008,1039
172532,1013,1033
172533,1024,1029
172534,1040,1029
172535,1061,1028
172536,1088,1024
172537,1114,1016
172538,1144,1004
172539,1170,1001
172540,1206,999
172541,1238,1007
172542,1267,1016
172543,1278,1033
172544,1271,1040
172545,1245,1042
172546,1201,1041
172547,1157,1049
172548,1115,1058
172549,1067,1066
172550,1024,1072
172551,991,1081
172552,978,1082
172553,977,1079
172554,985,1067
172555,989,1055
172556,988,1043
172557,986,1038
172558,981,1039
172559,984,1044
172560,984,1042
172561,981,1040
172562,980,1041
172563,975,1043
172564,973,1046
172565,974,1053
172566,978,1054
172567,973,1052
172568,971,1048
172569,968,1045
172570,968,1046
172571,970,1048
172572,972,1045
172573,969,1044
172574,967,1044
172575,967,1045
172576,967,1045
172577,968,1045
172578,972,1044
172579,971,1041
172580,966,1040
172581,965,1043
172582,961,1048
172583,964,1048
172584,966,1051
172585,966,1047
172586,963,1040
172587,961,1041
172588,961,1046
172589,962,1049
172590,967,1049
172591,966,1046
172592,966,1045
172593,963,1043
172594,963,1046
172595,968,1050
172596,972,1050
172597,972,1049
172598,972,1043
172599,969,1041
172600,971,1047
172601,973,1047
172602,978,1048
172603,979,1047
172604,977,1042
172605,975,1045
172606,976,1044
172607,980,1047
172608,985,1045
172609,986,1044
172610,982,1040
172611,981,1042
172612,982,1043
172613,985,1049
172614,986,1049
172615,988,1043
172616,987,1039
172617,985,1040
172618,989,1040
172619,990,1046
172620,992,1044
172621,993,1038
172622,994,1033
172623,991,1030
172624,993,1031
172625,996,1027
172626,999,1023
172627,998,1019
172628,999,1016
172629,996,1017
172630,999,1021
172631,999,1023
172632,1004,1020
172633,1006,1018
172634,1004,1015
172635,1002,1017
172636,1003,1020
172637,1007,1023
172638,1011,1023
172639,1011,1022
172640,1011,1020
172641,1008,1018
172642,1013,1021
172643,1017,1026
172644,1021,1024
172645,1021,1023
172646,1020,1023
172647,1020,1023
172648,1019,1024
172649,1018,1030
172650,1023,1033
172651,1019,1034
172652,1017,1034
172653,1013,1037
172654,1011,1043
172655,1012,1049
172656,1014,1050
172657,1011,1039
172658,1007,1036
172659,1003,1049
172660,999,1071
172661,1003,1080
172662,1007,1064
172663,1004,1036
172664,1002,1017
172665,997,1013
172666,996,1021
172667,996,1031
172668,995,1035
172669,992,1037
172670,991,1036
172671,988,1039
172672,987,1044
172673,991,1049
172674,994,1050
172675,991,1048
172676,989,1046
172677,986,1047
172678,986,1053
172679,988,1053
172680,990,1054
172681,989,1054
172682,986,1051
172683,985,1052
172684,983,1056
172685,989,1057
172686,990,1058
172687,990,1055
172688,985,1051
172689,985,1049
172690,982,1052
172691,984,1053
172692,986,1054
172693,986,1055
172694,988,1052
172695,984,1052
172696,985,1056
172697,990,1058
172698,992,1057
172699,993,1055
172700,990,1050
172701,989,1050
172702,987,1050
172703,992,1052
172704,993,1053
172705,992,1049
172706,993,1046
172707,991,1049
172708,992,1051
172709,997,1056
172710,998,1058
172711,997,1057
172712,996,1054
172713,992,1054
172714,997,1057
172715,996,1059
172716,997,1059
172717,997,1058
172718,995,1054
172719,992,1053
172720,992,1056
172721,996,1055
172722,997,1057
172723,997,1056
172724,994,1053
172725,992,1053
172726,992,1055
172727,993,1059
172728,997,1059
172729,994,1058
172730,992,1059
172731,987,1067
172732,989,1082
172733,991,1096
172734,994,1085
172735,993,1060
172736,990,1035
172737,987,1022
172738,989,1024
172739,991,1029
172740,992,1029
172741,990,1028
172742,986,1026
172743,985,1028
172744,986,1030
172745,989,1035
172746,989,1038
172747,988,1039
172748,984,1035
172749,984,1040
172750,984,1040
172751,986,1048
172752,988,1048
172753,990,1046
172754,985,1044
172755,982,1043
172756,982,1048
172757,988,1054
172758,990,1052
172759,988,1050
172760,988,1049
172761,985,1047
172762,987,1050
172763,989,1054
172764,992,1053
172765,994,1053
172766,989,1052
172767,986,1051
172768,987,1053
172769,990,1058
172770,992,1056
172771,992,1056
172772,990,1054
172773,989,1054
172774,991,1056
172775,993,1058
172776,999,1059
172777,1000,1056
172778,997,1053
172779,999,1053
172780,1003,1052
172781,1011,1052
172782,1021,1051
172783,1031,1049
172784,1041,1043
172785,1058,1039
172786,1082,1036
172787,1117,1029
172788,1150,1019
172789,1182,1008
172790,1211,1002
172791,1236,1003
172792,1258,1017
172793,1260,1035
172794,1246,1045
172795,1209,1044
172796,1159,1043
172797,1107,1051
172798,1056,1069
172799,1015,1083
172800,988,1091
172801,973,1090
172802,970,1080
172803,970,1068
172804,978,1064
172805,981,1062
172806,981,1061
172807,979,1059
172808,976,1057
172809,974,1058
172810,974,1065
172811,973,1065
172812,977,1065
172813,974,1060
172814,973,1058
172815,969,1068
172816,971,1074
172817,973,1077
172818,977,1074
172819,973,1064
172820,971,1051
172821,967,1045
172822,969,1046
172823,971,1049
172824,974,1050
172825,970,1049
172826,969,1044
172827,964,1045
172828,965,1047
172829,967,1049
172830,968,1049
172831,969,1047
172832,968,1046
172833,965,1045
172834,965,1047
172835,967,1050
172836,970,1046
172837,970,1045
172838,969,1041
172839,968,1038
172840,968,1040
172841,968,1041
172842,972,1042
172843,974,1042
172844,969,1037
172845,968,1039
172846,967,1039
172847,971,1043
172848,973,1043
172849,974,1041
172850,971,1038
172851,972,1037
172852,974,1039
172853,976,1042
172854,979,1040
172855,976,1041
172856,976,1040
172857,975,1039
172858,978,1040
172859,984,1039
172860,985,1040
172861,986,1038
172862,985,1034
172863,986,1032
172864,988,1033
172865,990,1035
172866,994,1034
172867,995,1031
172868,994,1027
172869,994,1023
172870,993,1021
172871,995,1024
172872,1000,1022
172873,1002,1019
172874,1001,1014
172875,1003,1013
172876,1004,1012
172877,1005,1012
172878,1011,1006
172879,1008,1006
172880,1006,1004
172881,1006,1003
172882,1008,1005
172883,1007,1004
172884,1010,1004
172885,1012,1000
172886,1010,1001
172887,1009,1002
172888,1008,1004
172889,1011,1010
172890,1015,1010
172891,1013,1007
172892,1007,1009
172893,1006,1014
172894,1005,1018
172895,1007,1021
172896,1011,1025
172897,1009,1026
172898,1004,1026
172899,1001,1029
172900,1000,1034
172901,1000,1038
172902,1001,1042
172903,999,1044
172904,994,1042
172905,990,1044
172906,991,1050
172907,989,1055
172908,990,1057
172909,988,1060
172910,984,1058
172911,981,1057
172912,981,1059
172913,985,1061
172914,985,1060
172915,982,1059
172916,977,1053
172917,972,1055
172918,975,1055
172919,977,1057
172920,982,1056
172921,980,1057
172922,977,1053
172923,975,1052
172924,976,1054
172925,978,1056
172926,981,1055
172927,981,1052
172928,980,1048
172929,978,1050
172930,980,1051
172931,981,1053
172932,982,1052
172933,982,1050
172934,980,1048
172935,980,1046
172936,981,1048
172937,983,1050
172938,984,1051
172939,983,1052
172940,981,1050
172941,978,1052
172942,981,1051
172943,981,1055
172944,985,1056
172945,985,1052
172946,982,1053
172947,981,1051
172948,979,1053
172949,985,1056
172950,987,1056
172951,986,1053
172952,983,1051
172953,977,1052
172954,975,1056
172955,978,1060
172956,980,1060
172957,983,1062
172958,979,1058
172959,978,1055
172960,979,1060
172961,981,1060
172962,986,1058
172963,984,1056
172964,984,1053
172965,982,1053
172966,983,1055
172967,986,1059
172968,987,1060
172969,984,1057
172970,980,1052
172971,979,1053
172972,980,1054
172973,985,1055
172974,986,1056
172975,985,1056
172976,981,1054
172977,979,1054
172978,977,1056
172979,981,1057
172980,978,1058
172981,976,1057
172982,976,1059
172983,976,1062
172984,975,1063
172985,979,1063
172986,980,1063
172987,979,1058
172988,980,1052
172989,975,1049
172990,977,1052
172991,979,1054
172992,983,1051
172993,980,1050
172994,981,1047
172995,977,1049
172996,976,1051
172997,980,1057
172998,981,1058
172999,979,1057
173000,977,1053
173001,973,1051
173002,977,1053
173003,980,1055
173004,983,1052
173005,984,1055
173006,981,1049
173007,979,1050
173008,980,1052
173009,983,1056
173010,987,1057
173011,985,1053
173012,986,1050
173013,985,1048
173014,985,1050
173015,991,1049
173016,1001,1048
173017,1011,1043
173018,1026,1038
173019,1042,1035
173020,1068,1038
173021,1104,1033
173022,1144,1022
173023,1184,1014
173024,1221,1007
173025,1252,1018
173026,1271,1036
173027,1271,1055
173028,1248,1062
173029,1197,1062
173030,1136,1064
173031,1075,1078
173032,1014,1094
173033,967,1106
173034,949,1111
173035,948,1107
173036,957,1093
173037,961,1078
173038,965,1071
173039,970,1070
173040,972,1062
173041,969,1056
173042,964,1055
173043,962,1056
173044,962,1061
173045,961,1063
173046,965,1066
173047,965,1065
173048,964,1063
173049,961,1064
173050,960,1065
173051,961,1069
173052,959,1070
173053,962,1063
173054,961,1060
173055,956,1059
173056,955,1062
173057,959,1062
173058,961,1063
173059,959,1061
173060,954,1056
173061,951,1056
173062,956,1057
173063,957,1054
173064,957,1055
173065,957,1053
173066,955,1053
173067,955,1052
173068,954,1052
173069,959,1051
173070,963,1050
173071,963,1046
173072,960,1045
173073,958,1047
173074,960,1048
173075,961,1053
173076,963,1057
173077,963,1051
173078,959,1050
173079,958,1048
173080,960,1046
173081,966,1047
173082,969,1047
173083,968,1041
173084,965,1042
173085,962,1040
173086,966,1046
173087,966,1047
173088,972,1044
173089,971,1039
173090,971,1034
173091,969,1032
173092,972,1035
173093,974,1035
173094,977,1038
173095,976,1039
173096,977,1037
173097,979,1037
173098,983,1034
173099,985,1034
173100,990,1031
173101,991,1027
173102,992,1025
173103,988,1023
173104,989,1029
173105,993,1026
173106,999,1028
173107,993,1022
173108,992,1016
173109,993,1017
173110,995,1017
173111,997,1019
173112,1001,1016
173113,999,1015
173114,997,1013
173115,998,1013
173116,1001,1016
173117,1001,1022
173118,1005,1018
173119,1003,1018
173120,1001,1016
173121,998,1019
173122,1001,1023
173123,1004,1024
173124,1004,1027
173125,1003,1027
173126,1000,1031
173127,1001,1032
173128,1000,1035
173129,1003,1036
173130,1003,1037
173131,999,1040
173132,995,1038
173133,990,1042
173134,991,1047
173135,991,1048
173136,993,1052
173137,988,1053
173138,985,1054
173139,982,1055
173140,981,1060
173141,981,1064
173142,985,1065
173143,982,1062
173144,980,1061
173145,974,1062
173146,977,1064
173147,976,1071
173148,979,1071
173149,977,1068
173150,974,1066
173151,974,1067
173152,975,1074
173153,976,1078
173154,978,1073
173155,975,1074
173156,973,1074
173157,972,1074
173158,974,1073
173159,977,1072
173160,980,1069
173161,978,1065
173162,975,1061
173163,973,1063
173164,975,1061
173165,979,1067
173166,980,1068
173167,979,1065
173168,979,1063
173169,977,1061
173170,978,1064
173171,980,1065
173172,983,1064
173173,982,1060
173174,979,1054
173175,979,1055
173176,978,1056
173177,981,1059
173178,986,1059
173179,987,1056
173180,983,1055
173181,981,1053
173182,981,1057
173183,985,1056
173184,988,1056
173185,986,1055
173186,983,1052
173187,979,1052
173188,982,1057
173189,984,1057
173190,985,1058
173191,983,1056
173192,980,1055
173193,977,1057
173194,977,1061
173195,984,1063
173196,984,1066
173197,984,1063
173198,980,1062
173199,976,1062
173200,976,1067
173201,978,1069
173202,983,1070
173203,981,1067
173204,980,1062
173205,975,1063
173206,977,1065
173207,978,1068
173208,981,1069
173209,978,1066
173210,976,1065
173211,974,1065
173212,975,1068
173213,978,1071
173214,980,1068
173215,978,1067
173216,976,1065
173217,974,1064
173218,977,1063
173219,980,1064
173220,980,1059
173221,977,1060
173222,977,1056
173223,976,1058
173224,977,1062
173225,977,1066
173226,982,1066
173227,982,1059
173228,978,1058
173229,972,1058
173230,971,1063
173231,976,1063
173232,976,1067
173233,980,1064
173234,978,1062
173235,979,1063
173236,979,1065
173237,983,1067
173238,986,1070
173239,984,1068
173240,984,1062
173241,983,1059
173242,986,1059
173243,989,1062
173244,991,1062
173245,993,1057
173246,991,1054
173247,991,1053
173248,995,1053
173249,1003,1052
173250,1012,1051
173251,1022,1047
173252,1033,1043
173253,1044,1043
173254,1068,1045
173255,1104,1042
173256,1140,1032
173257,1179,1022
173258,1214,1017
173259,1251,1021
173260,1280,1034
173261,1295,1049
173262,1289,1062
173263,1250,1062
173264,1192,1060
173265,1133,1070
173266,1070,1084
173267,1015,1096
173268,975,1102
173269,952,1104
173270,949,1100
173271,958,1089
173272,967,1078
173273,975,1078
173274,976,1073
173275,974,1063
173276,971,1057
173277,965,1056
173278,963,1055
173279,964,1059
173280,964,1061
173281,963,1061
173282,960,1058
173283,957,1059
173284,955,1062
173285,960,1063
173286,962,1062
173287,960,1058
173288,960,1055
173289,958,1056
173290,956,1062
173291,960,1064
173292,962,1062
173293,962,1062
173294,959,1060
173295,955,1060
173296,955,1064
173297,959,1066
173298,962,1065
173299,960,1064
173300,956,1059
173301,952,1061
173302,955,1062
173303,955,1065
173304,959,1063
173305,958,1063
173306,955,1060
173307,953,1063
173308,956,1064
173309,957,1067
173310,959,1067
173311,956,1065
173312,958,1063
173313,956,1065
173314,958,1059
173315,960,1059
173316,960,1058
173317,964,1058
173318,960,1056
173319,958,1056
173320,961,1060
173321,965,1064
173322,968,1062
173323,967,1058
173324,966,1053
173325,964,1051
173326,966,1049
173327,972,1048
173328,975,1047
173329,979,1042
173330,977,1037
173331,977,1039
173332,978,1037
173333,982,1040
173334,984,1035
173335,987,1030
173336,986,1025
173337,986,1026
173338,988,1026
173339,989,1028
173340,993,1026
173341,994,1023
173342,992,1019
173343,992,1018
173344,995,1022
173345,996,1023
173346,996,1020
173347,998,1016
173348,996,1010
173349,997,1013
173350,998,1016
173351,1002,1021
173352,1004,1019
173353,1001,1019
173354,1001,1017
173355,998,1021
173356,999,1026
173357,1003,1031
173358,1004,1031
173359,1002,1033
173360,997,1036
173361,994,1039
173362,994,1043
173363,997,1045
173364,995,1049
173365,992,1049
173366,983,1048
173367,982,1056
173368,982,1063
173369,986,1064
173370,987,1065
173371,986,1066
173372,981,1067
173373,976,1065
173374,975,1066
173375,975,1069
173376,979,1066
173377,975,1064
173378,972,1067
173379,971,1067
173380,975,1070
173381,974,1072
173382,977,1069
173383,974,1066
173384,971,1062
173385,969,1060
173386,971,1063
173387,972,1067
173388,973,1068
173389,973,1068
173390,973,1063
173391,971,1062
173392,973,1064
173393,975,1064
173394,977,1066
173395,978,1061
173396,974,1061
173397,976,1060
173398,976,1060
173399,978,1063
173400,979,1062
173401,975,1060
173402,975,1059
173403,975,1059
173404,977,1060
173405,979,1063
173406,978,1063
173407,978,1059
173408,976,1058
173409,975,1060
173410,978,1061
173411,980,1066
173412,983,1065
173413,983,1060
173414,981,1060
173415,979,1062
173416,980,1064
173417,983,1070
173418,985,1070
173419,984,1066
173420,983,1062
173421,981,1057
173422,979,1060
173423,985,1060
173424,987,1056
173425,986,1058
173426,984,1054
173427,983,1056
173428,982,1055
173429,981,1061
173430,981,1060
173431,980,1059
173432,976,1055
173433,972,1057
173434,977,1060
173435,981,1060
173436,982,1057
173437,982,1053
173438,977,1053
173439,973,1053
173440,974,1056
173441,974,1060
173442,977,1059
173443,975,1058
173444,974,1051
173445,973,1054
173446,975,1059
173447,978,1062
173448,978,1064
173449,973,1061
173450,971,1055
173451,970,1055
173452,973,1058
173453,976,1064
173454,979,1066
173455,978,1066
173456,976,1061
173457,975,1060
173458,976,1061
173459,978,1062
173460,979,1063
173461,978,1059
173462,973,1059
173463,970,1064
173464,974,1065
173465,979,1070
173466,981,1068
173467,981,1065
173468,977,1061
173469,973,1061
173470,973,1061
173471,974,1063
173472,977,1060
173473,977,1056
173474,972,1054
173475,970,1055
173476,969,1058
173477,970,1063
173478,972,1064
173479,972,1062
173480,970,1060
173481,971,1059
173482,972,1062
173483,974,1065
173484,975,1062
173485,975,1061
173486,975,1058
173487,976,1061
173488,973,1063
173489,973,1067
173490,976,1063
173491,974,1062
173492,973,1060
173493,973,1061
173494,977,1063
173495,980,1065
173496,981,1065
173497,976,1063
173498,974,1060
173499,976,1060
173500,976,1062
173501,981,1068
173502,983,1069
173503,980,1068
173504,975,1063
173505,971,1062
173506,974,1064
173507,979,1065
173508,981,1068
173509,980,1067
173510,976,1065
173511,975,1065
173512,982,1067
173513,985,1067
173514,988,1067
173515,983,1062
173516,978,1060
173517,977,1058
173518,979,1059
173519,985,1061
173520,987,1058
173521,980,1055
173522,978,1055
173523,978,1055
173524,980,1057
173525,986,1059
173526,986,1057
173527,984,1055
173528,981,1052
173529,979,1057
173530,982,1058
173531,984,1062
173532,984,1059
173533,981,1057
173534,977,1054
173535,977,1057
173536,979,1058
173537,982,1059
173538,984,1058
173539,982,1055
173540,981,1053
173541,976,1056
173542,980,1061
173543,981,1063
173544,985,1064
173545,984,1064
173546,977,1058
173547,981,1058
173548,982,1058
173549,984,1062
173550,984,1060
173551,982,1061
173552,979,1061
173553,979,1064
173554,979,1068
173555,981,1072
173556,983,1072
173557,982,1067
173558,980,1060
173559,982,1061
173560,985,1062
173561,988,1063
173562,988,1059
173563,988,1059
173564,985,1057
173565,985,1058
173566,988,1058
173567,991,1059
173568,996,1057
173569,996,1055
173570,991,1054
173571,989,1055
173572,994,1055
173573,1003,1054
173574,1015,1049
173575,1025,1041
173576,1042,1037
173577,1063,1036
173578,1087,1033
173579,1118,1030
173580,1157,1021
173581,1193,1010
173582,1226,1004
173583,1258,1011
173584,1285,1024
173585,1296,1044
173586,1290,1063
173587,1260,1063
173588,1221,1059
173589,1170,1059
173590,1123,1071
173591,1075,1080
173592,1027,1086
173593,990,1084
173594,971,1083
173595,971,1078
173596,980,1072
173597,989,1069
173598,990,1066
173599,991,1061
173600,984,1058
173601,980,1055
173602,981,1056
173603,979,1061
173604,979,1061
173605,978,1057
173606,974,1055
173607,972,1051
173608,969,1054
173609,971,1058
173610,972,1059
173611,972,1054
173612,970,1053
173613,968,1055
173614,970,1056
173615,974,1056
173616,971,1059
173617,968,1059
173618,966,1055
173619,966,1053
173620,965,1052
173621,969,1056
173622,971,1054
173623,968,1053
173624,964,1049
173625,963,1052
173626,965,1055
173627,970,1061
173628,972,1058
173629,968,1057
173630,963,1053
173631,961,1055
173632,961,1057
173633,965,1061
173634,967,1060
173635,965,1056
173636,964,1055
173637,962,1056
173638,962,1059
173639,964,1066
173640,968,1065
173641,967,1061
173642,967,1060
173643,965,1058
173644,969,1060
173645,973,1064
173646,974,1060
173647,970,1055
173648,970,1053
173649,971,1052
173650,974,1054
173651,979,1051
173652,980,1050
173653,979,1048
173654,980,1043
173655,984,1042
173656,989,1046
173657,989,1047
173658,995,1046
173659,994,1041
173660,993,1038
173661,990,1035
173662,989,1040
173663,995,1040
173664,1000,1039
173665,999,1035
173666,998,1030
173667,997,1029
173668,1000,1027
173669,1006,1027
173670,1009,1026
173671,1010,1020
173672,1010,1016
173673,1010,1019
173674,1011,1019
173675,1011,1019
173676,1016,1018
173677,1014,1016
173678,1013,1012
173679,1014,1016
173680,1014,1019
173681,1016,1021
173682,1017,1018
173683,1017,1016
173684,1015,1015
173685,1015,1018
173686,1017,1020
173687,1019,1021
173688,1019,1019
173689,1017,1017
173690,1014,1017
173691,1012,1023
173692,1011,1026
173693,1014,1027
173694,1016,1025
173695,1018,1022
173696,1016,1021
173697,1011,1023
173698,1010,1027
173699,1010,1031
173700,1009,1035
173701,1007,1036
173702,1002,1034
173703,994,1036
173704,995,1041
173705,1000,1045
173706,1002,1045
173707,1003,1043
173708,999,1043
173709,993,1044
173710,989,1046
173711,989,1050
173712,989,1050
173713,989,1049
173714,986,1048
173715,988,1047
173716,989,1051
173717,988,1053
173718,990,1055
173719,989,1050
173720,987,1050
173721,984,1050
173722,987,1051
173723,987,1052
173724,986,1052
173725,983,1048
173726,977,1048
173727,981,1052
173728,982,1057
173729,982,1059
173730,984,1058
173731,984,1056
173732,982,1058
173733,982,1059
173734,985,1062
173735,988,1068
173736,987,1068
173737,986,1067
173738,983,1065
173739,982,1069
173740,984,1066
173741,986,1071
173742,984,1069
173743,984,1065
173744,984,1060
173745,982,1060
173746,987,1061
173747,990,1061
173748,992,1058
173749,987,1055
173750,985,1053
173751,984,1055
173752,984,1058
173753,987,1061
173754,989,1060
173755,988,1059
173756,988,1055
173757,987,1052
173758,992,1055
173759,995,1055
173760,995,1057
173761,993,1054
173762,992,1050
173763,990,1051
173764,993,1052
173765,996,1056
173766,998,1055
173767,998,1047
173768,991,1043
173769,987,1044
173770,989,1047
173771,996,1048
173772,998,1051
173773,998,1048
173774,998,1046
173775,995,1045
173776,997,1050
173777,1002,1053
173778,1002,1049
173779,997,1048
173780,992,1050
173781,989,1050
173782,990,1053
173783,992,1055
173784,992,1059
173785,995,1055
173786,993,1054
173787,989,1053
173788,991,1055
173789,995,1055
173790,995,1053
173791,994,1051
173792,991,1049
173793,988,1050
173794,989,1051
173795,996,1054
173796,998,1052
173797,992,1051
173798,983,1047
173799,987,1050
173800,986,1050
173801,991,1055
173802,991,1052
173803,992,1052
173804,990,1051
173805,985,1050
173806,986,1052
173807,991,1057
173808,994,1055
173809,991,1051
173810,988,1048
173811,987,1047
173812,986,1050
173813,986,1055
173814,988,1052
173815,988,1052
173816,989,1048
173817,986,1050
173818,988,1050
173819,988,1052
173820,990,1050
173821,988,1048
173822,988,1048
173823,989,1047
173824,988,1053
173825,989,1055
173826,990,1056
173827,991,1058
173828,989,1056
173829,987,1056
173830,988,1059
173831,990,1063
173832,992,1059
173833,988,1059
173834,987,1057
173835,988,1057
173836,988,1062
173837,991,1060
173838,992,1059
173839,989,1057
173840,985,1055
173841,984,1057
173842,984,1059
173843,992,1059
173844,990,1057
173845,990,1058
173846,987,1057
173847,987,1056
173848,988,1058
173849,993,1064
173850,993,1062
173851,992,1061
173852,991,1061
173853,990,1059
173854,990,1061
173855,992,1063
173856,993,1062
173857,994,1061
173858,992,1060
173859,993,1060
173860,994,1060
173861,998,1064
173862,998,1060
173863,998,1057
173864,995,1051
173865,996,1054
173866,995,1055
173867,998,1059
173868,1000,1059
173869,999,1056
173870,999,1052
173871,997,1052
173872,1002,1049
173873,1009,1050
173874,1017,1046
173875,1027,1041
173876,1037,1038
173877,1049,1035
173878,1072,1034
173879,1101,1032
173880,1134,1023
173881,1167,1013
173882,1199,1003
173883,1233,1005
173884,1269,1019
173885,1295,1041
173886,1300,1061
173887,1283,1070
173888,1237,1066
173889,1179,1064
173890,1121,1074
173891,1064,1088
173892,1009,1097
173893,970,1100
173894,955,1099
173895,964,1095
173896,977,1085
173897,986,1077
173898,990,1067
173899,989,1059
173900,988,1056
173901,985,1056
173902,983,1056
173903,986,1057
173904,986,1054
173905,983,1050
173906,979,1051
173907,978,1051
173908,979,1052
173909,981,1054
173910,980,1051
173911,976,1052
173912,976,1050
173913,974,1052
173914,973,1052
173915,980,1057
173916,982,1054
173917,979,1050
173918,974,1049
173919,972,1047
173920,975,1053
173921,977,1056
173922,978,1055
173923,978,1053
173924,978,1051
173925,976,1051
173926,978,1054
173927,979,1056
173928,981,1056
173929,978,1050
173930,976,1050
173931,974,1050
173932,976,1055
173933,980,1056
173934,980,1054
173935,975,1051
173936,973,1048
173937,971,1049
173938,973,1054
173939,976,1057
173940,980,1057
173941,978,1051
173942,971,1048
173943,971,1050
173944,974,1051
173945,978,1055
173946,977,1052
173947,973,1050
173948,973,1047
173949,974,1047
173950,979,1049
173951,984,1049
173952,987,1047
173953,985,1044
173954,986,1039
173955,987,1039
173956,992,1043
173957,994,1044
173958,995,1042
173959,995,1039
173960,994,1034
173961,1000,1034
173962,1004,1030
173963,1008,1031
173964,1010,1030
173965,1010,1025
173966,1009,1022
173967,1006,1018
173968,1008,1019
173969,1012,1021
173970,1014,1018
173971,1014,1012
173972,1014,1006
173973,1015,1007
173974,1018,1005
173975,1020,1006
173976,1020,1003
173977,1020,1004
173978,1017,1000
173979,1015,1001
173980,1017,1005
173981,1021,1006
173982,1024,1003
173983,1024,1000
173984,1018,999
173985,1016,1002
173986,1016,1008
173987,1019,1013
173988,1022,1011
173989,1023,1012
173990,1018,1012
173991,1017,1011
173992,1019,1018
173993,1024,1021
173994,1025,1020
173995,1025,1021
173996,1022,1023
173997,1017,1025
173998,1015,1030
173999,1016,1034
174000,1017,1036
174001,1013,1035
174002,1008,1034
174003,1008,1039
174004,1006,1044
174005,1008,1045
174006,1006,1044
174007,1005,1042
174008,1001,1043
174009,998,1047
174010,998,1052
174011,998,1055
174012,1002,1051
174013,1002,1051
174014,998,1047
174015,998,1048
174016,998,1049
174017,998,1055
174018,997,1052
174019,994,1052
174020,994,1050
174021,993,1050
174022,994,1052
174023,997,1056
174024,999,1053
174025,995,1052
174026,995,1050
174027,994,1052
174028,994,1054
174029,997,1059
174030,997,1058
174031,998,1059
174032,998,1057
174033,999,1059
174034,1000,1061
174035,1008,1064
174036,1015,1062
174037,1017,1063
174038,1019,1064
174039,1025,1065
174040,1029,1069
174041,1039,1074
174042,1044,1077
174043,1052,1072
174044,1059,1064
174045,1074,1051
174046,1087,1040
174047,1101,1028
174048,1115,1013
174049,1124,998
174050,1137,984
174051,1153,971
174052,1170,960
174053,1186,949
174054,1195,931
174055,1209,907
174056,1225,883
174057,1242,868
174058,1258,859
174059,1270,852
174060,1276,843
174061,1275,842
174062,1269,841
174063,1268,842
174064,1266,845
174065,1266,848
174066,1264,848
174067,1251,849
174068,1233,852
174069,1211,859
174070,1193,868
174071,1172,881
174072,1149,888
174073,1125,896
174074,1099,904
174075,1084,918
174076,1075,930
174077,1068,949
174078,1065,959
174079,1058,965
174080,1049,975
174081,1043,985
174082,1046,997
174083,1055,1005
174084,1068,1012
174085,1080,1013
174086,1085,1014
174087,1085,1016
174088,1078,1023
174089,1062,1033
174090,1034,1041
174091,1002,1046
174092,980,1052
174093,965,1062
174094,960,1072
174095,955,1082
174096,951,1090
174097,944,1094
174098,940,1095
174099,938,1095
174100,933,1099
174101,933,1105
174102,927,1106
174103,923,1106
174104,915,1105
174105,914,1104
174106,915,1107
174107,914,1110
174108,911,1107
174109,905,1107
174110,901,1108
174111,899,1112
174112,900,1116
174113,900,1118
174114,902,1118
174115,894,1121
174116,892,1123
174117,890,1124
174118,891,1126
174119,896,1128
174120,895,1129
174121,893,1129
174122,890,1129
174123,886,1133
174124,889,1135
174125,889,1140
174126,892,1141
174127,888,1140
174128,885,1141
174129,886,1143
174130,887,1149
174131,890,1153
174132,893,1152
174133,890,1154
174134,889,1156
174135,887,1157
174136,889,1166
174137,893,1171
174138,895,1170
174139,894,1168
174140,891,1164
174141,890,1166
174142,895,1167
174143,901,1169
174144,903,1169
174145,903,1169
174146,900,1168
174147,901,1167
174148,901,1177
174149,908,1177
174150,912,1176
174151,913,1176
174152,912,1172
174153,914,1171
174154,918,1173
174155,922,1173
174156,924,1169
174157,926,1164
174158,926,1160
174159,927,1160
174160,930,1159
174161,933,1157
174162,939,1151
174163,941,1143
174164,941,1135
174165,944,1132
174166,949,1131
174167,956,1128
174168,959,1122
174169,961,1113
174170,957,1108
174171,956,1109
174172,962,1102
174173,964,1103
174174,967,1100
174175,965,1094
174176,962,1088
174177,961,1086
174178,965,1083
174179,968,1081
174180,971,1074
174181,973,1072
174182,966,1066
174183,968,1066
174184,969,1070
174185,973,1066
174186,975,1067
174187,975,1062
174188,975,1059
174189,977,1062
174190,977,1062
174191,983,1061
174192,984,1058
174193,981,1059
174194,977,1057
174195,977,1056
174196,979,1058
174197,985,1059
174198,985,1056
174199,979,1055
174200,979,1049
174201,981,1051
174202,985,1055
174203,985,1056
174204,987,1058
174205,982,1058
174206,979,1056
174207,973,1055
174208,979,1057
174209,984,1061
174210,985,1061
174211,984,1054
174212,982,1055
174213,983,1056
174214,984,1060
174215,989,1059
174216,989,1055
174217,988,1053
174218,987,1049
174219,985,1053
174220,983,1057
174221,984,1061
174222,988,1061
174223,984,1057
174224,980,1054
174225,978,1055
174226,978,1056
174227,979,1059
174228,981,1058
174229,981,1056
174230,980,1053
174231,980,1052
174232,979,1060
174233,983,1061
174234,983,1059
174235,982,1056
174236,980,1053
174237,982,1056
174238,986,1057
174239,989,1059
174240,987,1055
174241,984,1055
174242,981,1055
174243,981,1052
174244,983,1052
174245,988,1053
174246,988,1051
174247,987,1047
174248,985,1044
174249,982,1045
174250,987,1046
174251,992,1053
174252,994,1050
174253,993,1050
174254,987,1045
174255,984,1048
174256,988,1052
174257,992,1054
174258,992,1051
174259,992,1048
174260,989,1047
174261,986,1050
174262,989,1053
174263,989,1053
174264,988,1052
174265,986,1051
174266,985,1049
174267,984,1050
174268,985,1053
174269,985,1055
174270,984,1050
174271,983,1049
174272,983,1048
174273,988,1049
174274,988,1051
174275,989,1055
174276,989,1055
174277,989,1053
174278,984,1049
174279,982,1053
174280,982,1058
174281,985,1061
174282,985,1061
174283,983,1056
174284,981,1054
174285,979,1056
174286,978,1059
174287,981,1063
174288,984,1060
174289,980,1056
174290,979,1048
174291,979,1050
174292,978,1051
174293,980,1055
174294,982,1052
174295,983,1049
174296,981,1046
174297,980,1048
174298,983,1052
174299,988,1053
174300,990,1052
174301,988,1048
174302,987,1047
174303,988,1049
174304,988,1051
174305,994,1054
174306,991,1053
174307,988,1050
174308,984,1046
174309,986,1048
174310,987,1052
174311,991,1054
174312,991,1051
174313,989,1050
174314,987,1045
174315,988,1050
174316,989,1052
174317,994,1053
174318,993,1052
174319,993,1050
174320,988,1047
174321,984,1047
174322,984,1052
174323,986,1057
174324,988,1054
174325,986,1051
174326,984,1051
174327,983,1052
174328,984,1054
174329,988,1057
174330,988,1052
174331,985,1052
174332,983,1047
174333,982,1050
174334,986,1051
174335,989,1053
174336,990,1053
174337,985,1047
174338,983,1048
174339,983,1049
174340,984,1052
174341,988,1053
174342,990,1051
174343,987,1048
174344,982,1045
174345,982,1047
174346,986,1048
174347,989,1051
174348,990,1050
174349,987,1048
174350,986,1044
174351,988,1047
174352,986,1052
174353,985,1056
174354,987,1055
174355,988,1052
174356,986,1049
174357,990,1050
174358,993,1052
174359,997,1056
174360,997,1053
174361,997,1049
174362,995,1048
174363,994,1051
174364,996,1055
174365,999,1056
174366,1001,1056
174367,999,1053
174368,994,1050
174369,990,1050
174370,993,1051
174371,997,1055
174372,1000,1052
174373,999,1048
174374,993,1048
174375,989,1049
174376,992,1049
174377,996,1051
174378,1000,1051
174379,999,1048
174380,991,1047
174381,995,1048
174382,997,1049
174383,999,1050
174384,997,1050
174385,995,1049
174386,991,1049
174387,991,1050
174388,991,1052
174389,992,1053
174390,994,1051
174391,992,1045
174392,987,1045
174393,986,1042
174394,988,1046
174395,995,1049
174396,996,1046
174397,994,1043
174398,989,1044
174399,985,1043
174400,990,1047
174401,996,1051
174402,995,1049
174403,995,1048
174404,992,1046
174405,990,1046
174406,994,1050
174407,995,1053
174408,997,1050
174409,993,1049
174410,993,1048
174411,993,1050
174412,995,1052
174413,999,1051
174414,1000,1047
174415,1000,1044
174416,997,1044
174417,1003,1045
174418,1004,1047
174419,1007,1048
174420,1007,1051
174421,1004,1049
174422,1002,1044
174423,1002,1047
174424,1006,1048
174425,1014,1048
174426,1014,1042
174427,1017,1039
174428,1019,1031
174429,1024,1031
174430,1038,1032
174431,1057,1033
174432,1075,1026
174433,1100,1022
174434,1124,1010
174435,1156,1002
174436,1192,998
174437,1225,1001
174438,1259,1008
174439,1287,1024
174440,1294,1042
174441,1286,1058
174442,1256,1065
174443,1209,1064
174444,1156,1062
174445,1105,1064
174446,1049,1072
174447,999,1081
174448,970,1091
174449,966,1096
174450,972,1090
174451,978,1076
174452,982,1063
174453,984,1056
174454,988,1053
174455,989,1052
174456,989,1050
174457,983,1045
174458,976,1043
174459,978,1045
174460,982,1049
174461,987,1050
174462,986,1051
174463,985,1048
174464,980,1043
174465,979,1046
174466,981,1048
174467,982,1051
174468,984,1049
174469,980,1046
174470,979,1046
174471,976,1047
174472,978,1047
174473,982,1052
174474,980,1052
174475,979,1047
174476,975,1044
174477,973,1044
174478,977,1046
174479,984,1047
174480,986,1048
174481,981,1043
174482,976,1042
174483,976,1041
174484,976,1045
174485,982,1043
174486,983,1044
174487,982,1038
174488,979,1036
174489,976,1038
174490,977,1039
174491,978,1042
174492,981,1039
174493,979,1037
174494,973,1036
174495,970,1038
174496,973,1039
174497,978,1042
174498,980,1042
174499,977,1039
174500,976,1036
174501,975,1037
174502,976,1039
174503,982,1042
174504,984,1040
174505,985,1034
174506,983,1032
174507,984,1030
174508,987,1031
174509,992,1032
174510,989,1034
174511,990,1033
174512,989,1032
174513,992,1029
174514,996,1033
174515,1000,1031
174516,1001,1028
174517,1001,1022
174518,999,1021
174519,1000,1022
174520,1003,1025
174521,1005,1026
174522,1011,1027
174523,1012,1028
174524,1015,1026
174525,1013,1029
174526,1012,1029
174527,1014,1026
174528,1016,1016
174529,1019,1009
174530,1015,1001
174531,1020,998
174532,1023,1001
174533,1025,1003
174534,1028,999
174535,1025,996
174536,1023,992
174537,1021,995
174538,1022,997
174539,1025,1000
174540,1024,995
174541,1024,993
174542,1021,992
174543,1018,995
174544,1020,997
174545,1024,1001
174546,1024,1003
174547,1022,1003
174548,1017,1006
174549,1017,1010
174550,1020,1016
174551,1025,1019
174552,1024,1019
174553,1021,1018
174554,1017,1019
174555,1016,1023
174556,1016,1027
174557,1019,1033
174558,1018,1034
174559,1016,1032
174560,1012,1033
174561,1010,1035
174562,1010,1039
174563,1011,1046
174564,1008,1046
174565,1005,1045
174566,1004,1044
174567,1005,1047
174568,1008,1049
174569,1010,1055
174570,1008,1053
174571,1004,1052
174572,1000,1052
174573,1001,1050
174574,1004,1054
174575,1007,1053
174576,1007,1050
174577,1004,1049
174578,1000,1049
174579,1001,1049
174580,1004,1054
174581,1005,1056
174582,1005,1052
174583,1005,1053
174584,1004,1049
174585,1000,1052
174586,1001,1052
174587,1005,1054
174588,1003,1052
174589,1004,1050
174590,999,1049
174591,996,1050
174592,996,1050
174593,1001,1052
174594,1001,1050
174595,996,1049
174596,997,1045
174597,997,1043
174598,998,1045
174599,1000,1049
174600,1003,1050
174601,1002,1046
174602,1002,1045
174603,1001,1043
174604,1005,1048
174605,1003,1052
174606,1003,1053
174607,1001,1050
174608,999,1046
174609,1003,1046
174610,1005,1047
174611,1011,1048
174612,1012,1045
174613,1010,1045
174614,1006,1043
174615,1005,1044
174616,1006,1047
174617,1007,1047
174618,1006,1048
174619,1006,1044
174620,1003,1045
174621,1001,1046
174622,1006,1046
174623,1010,1048
174624,1011,1047
174625,1007,1047
174626,1007,1045
174627,1008,1042
174628,1011,1044
174629,1011,1043
174630,1010,1040
174631,1007,1039
174632,1005,1038
174633,1006,1038
174634,1006,1040
174635,1009,1042
174636,1009,1041
174637,1003,1040
174638,1004,1037
174639,1004,1040
174640,1008,1044
174641,1008,1043
174642,1008,1042
174643,1004,1039
174644,1000,1038
174645,998,1040
174646,1001,1041
174647,1002,1045
174648,1003,1045
174649,1001,1042
174650,999,1038
174651,999,1039
174652,1003,1045
174653,1002,1043
174654,997,1043
174655,996,1040
174656,992,1043
174657,991,1044
174658,995,1048
174659,998,1054
174660,995,1057
174661,991,1054
174662,986,1055
174663,986,1053
174664,987,1052
174665,991,1049
174666,993,1044
174667,993,1040
174668,988,1043
174669,988,1045
174670,991,1047
174671,994,1046
174672,995,1046
174673,991,1040
174674,986,1044
174675,985,1043
174676,990,1043
174677,994,1047
174678,996,1045
174679,993,1044
174680,991,1039
174681,994,1041
174682,995,1043
174683,999,1044
174684,1002,1041
174685,999,1040
174686,999,1037
174687,999,1041
174688,997,1043
174689,1000,1047
174690,999,1044
174691,998,1042
174692,998,1039
174693,996,1042
174694,1003,1045
174695,1004,1049
174696,1000,1047
174697,997,1044
174698,995,1042
174699,996,1046
174700,995,1047
174701,1001,1046
174702,1003,1045
174703,999,1043
174704,996,1043
174705,994,1043
174706,997,1047
174707,1002,1051
174708,1002,1050
174709,1002,1050
174710,1000,1047
174711,1000,1049
174712,1001,1051
174713,1004,1055
174714,1001,1053
174715,1002,1048
174716,1000,1046
174717,1003,1046
174718,1004,1046
174719,1008,1048
174720,1017,1043
174721,1025,1042
174722,1033,1040
174723,1045,1037
174724,1064,1034
174725,1090,1030
174726,1119,1017
174727,1148,1003
174728,1180,994
174729,1216,994
174730,1251,1004
174731,1280,1026
174732,1293,1049
174733,1286,1067
174734,1257,1073
174735,1213,1074
174736,1165,1075
174737,1119,1078
174738,1068,1085
174739,1018,1087
174740,978,1090
174741,968,1092
174742,974,1089
174743,986,1080
174744,994,1069
174745,996,1060
174746,996,1055
174747,996,1057
174748,994,1058
174749,993,1063
174750,994,1065
174751,990,1061
174752,987,1057
174753,988,1049
174754,993,1039
174755,995,1032
174756,992,1025
174757,990,1023
174758,987,1023
174759,985,1026
174760,986,1031
174761,986,1034
174762,986,1037
174763,986,1035
174764,983,1036
174765,983,1039
174766,984,1044
174767,986,1044
174768,985,1046
174769,983,1043
174770,977,1041
174771,977,1038
174772,979,1040
174773,979,1041
174774,981,1043
174775,983,1038
174776,980,1039
174777,979,1041
174778,979,1039
174779,978,1041
174780,982,1041
174781,980,1037
174782,978,1038
174783,977,1033
174784,978,1035
174785,982,1038
174786,981,1038
174787,981,1037
174788,977,1038
174789,978,1037
174790,981,1041
174791,986,1038
174792,984,1036
174793,982,1029
174794,982,1025
174795,984,1026
174796,988,1027
174797,993,1028
174798,993,1029
174799,994,1027
174800,992,1023
174801,995,1021
174802,998,1021
174803,1000,1020
174804,1002,1016
174805,1001,1012
174806,999,1010
174807,1001,1011
174808,1002,1009
174809,1007,1009
174810,1007,1004
174811,1006,996
174812,1004,990
174813,1007,993
174814,1010,996
174815,1013,996
174816,1017,992
174817,1016,988
174818,1013,984
174819,1014,988
174820,1018,991
174821,1020,993
174822,1020,991
174823,1016,989
174824,1013,989
174825,1015,987
174826,1018,988
174827,1023,989
174828,1022,991
174829,1019,989
174830,1018,987
174831,1014,992
174832,1020,997
174833,1023,999
174834,1025,997
174835,1022,996
174836,1019,997
174837,1019,998
174838,1020,1002
174839,1023,1004
174840,1022,1005
174841,1021,1005
174842,1015,1003
174843,1013,1004
174844,1013,1010
174845,1011,1018
174846,1011,1021
174847,1009,1024
174848,1006,1024
174849,1003,1026
174850,1005,1031
174851,1008,1032
174852,1009,1031
174853,1006,1031
174854,1002,1032
174855,1001,1035
174856,1002,1038
174857,1006,1039
174858,1007,1038
174859,1004,1036
174860,1001,1037
174861,1000,1040
174862,1002,1042
174863,1006,1045
174864,1006,1044
174865,1003,1043
174866,1001,1042
174867,999,1042
174868,999,1042
174869,1006,1041
174870,1004,1038
174871,1005,1038
174872,1003,1036
174873,1004,1036
174874,1005,1042
174875,1011,1047
174876,1014,1046
174877,1019,1041
174878,1021,1038
174879,1023,1039
174880,1028,1043
174881,1038,1051
174882,1041,1056
174883,1041,1059
174884,1046,1057
174885,1057,1056
174886,1073,1048
174887,1088,1035
174888,1100,1017
174889,1109,997
174890,1117,982
174891,1129,969
174892,1147,960
174893,1162,949
174894,1174,937
174895,1183,916
174896,1195,897
174897,1215,879
174898,1236,862
174899,1255,852
174900,1267,838
174901,1271,830
174902,1268,833
174903,1265,836
174904,1266,842
174905,1268,843
174906,1265,841
174907,1259,843
174908,1243,841
174909,1223,848
174910,1203,855
174911,1179,867
174912,1156,874
174913,1132,882
174914,1105,890
174915,1086,907
174916,1073,922
174917,1070,937
174918,1066,947
174919,1058,953
174920,1050,959
174921,1048,971
174922,1051,983
174923,1058,995
174924,1070,1002
174925,1080,1003
174926,1090,1003
174927,1097,1009
174928,1094,1017
174929,1082,1022
174930,1056,1022
174931,1026,1020
174932,994,1024
174933,974,1036
174934,962,1051
174935,958,1062
174936,955,1067
174937,948,1070
174938,941,1069
174939,938,1071
174940,938,1078
174941,936,1082
174942,932,1087
174943,926,1086
174944,919,1085
174945,916,1089
174946,915,1092
174947,918,1097
174948,920,1095
174949,918,1092
174950,914,1094
174951,913,1099
174952,911,1103
174953,915,1106
174954,913,1105
174955,910,1105
174956,906,1102
174957,908,1104
174958,909,1111
174959,912,1113
174960,911,1112
174961,911,1112
174962,907,1116
174963,904,1122
174964,907,1129
174965,910,1134
174966,909,1131
174967,907,1127
174968,905,1123
174969,907,1123
174970,911,1130
174971,912,1132
174972,913,1133
174973,912,1133
174974,909,1139
174975,911,1144
174976,910,1147
174977,915,1154
174978,913,1153
174979,912,1152
174980,910,1151
174981,911,1152
174982,916,1154
174983,921,1155
174984,922,1157
174985,920,1158
174986,918,1154
174987,923,1156
174988,929,1158
174989,936,1161
174990,938,1157
174991,938,1156
174992,935,1154
174993,939,1154
174994,944,1157
174995,947,1155
174996,950,1148
174997,949,1144
174998,951,1136
174999,954,1135
175000,959,1139
175001,967,1143
175002,969,1141
175003,970,1136
175004,970,1137
175005,973,1134
175006,980,1123
175007,983,1110
175008,985,1096
175009,982,1087
175010,980,1079
175011,978,1080
175012,982,1084
175013,988,1086
175014,987,1080
175015,985,1077
175016,984,1070
175017,988,1064
175018,992,1065
175019,995,1061
175020,992,1061
175021,991,1059
175022,990,1054
175023,986,1051
175024,989,1053
175025,997,1052
175026,999,1047
175027,1000,1040
175028,994,1039
175029,993,1042
175030,994,1040
175031,995,1044
175032,996,1046
175033,994,1045
175034,995,1039
175035,996,1038
175036,998,1039
175037,1000,1040
175038,1002,1038
175039,997,1039
175040,996,1039
175041,994,1045
175042,997,1052
175043,1002,1052
175044,1001,1048
175045,1002,1044
175046,998,1047
175047,994,1049
175048,995,1055
175049,999,1052
175050,999,1044
175051,998,1036
175052,996,1031
175053,993,1033
175054,995,1040
175055,999,1051
175056,1000,1052
175057,997,1041
175058,993,1028
175059,996,1021
175060,1000,1018
175061,1001,1023
175062,1003,1026
175063,1000,1029
175064,996,1034
175065,995,1042
175066,998,1051
175067,1004,1058
175068,1006,1050
175069,1005,1035
175070,1003,1023
175071,1002,1017
175072,1003,1021
175073,1008,1027
175074,1009,1029
175075,1007,1032
175076,1004,1033
175077,1004,1036
175078,1003,1038
175079,1006,1037
175080,1006,1035
175081,1002,1031
175082,1000,1029
175083,998,1032
175084,1000,1036
175085,1002,1041
175086,1003,1040
175087,1001,1040
175088,999,1039
175089,998,1040
175090,1001,1043
175091,1003,1043
175092,1005,1037
175093,1005,1029
175094,1001,1024
175095,997,1022
175096,997,1033
175097,1002,1037
175098,1003,1039
175099,1001,1037
175100,1000,1036
175101,998,1040
175102,1000,1046
175103,1002,1051
175104,1004,1052
175105,1001,1043
175106,996,1029
175107,998,1026
175108,1000,1029
175109,1005,1031
175110,1005,1029
175111,1002,1029
175112,1000,1032
175113,999,1038
175114,1001,1049
175115,1002,1055
175116,1000,1053
175117,1000,1045
175118,995,1033
175119,997,1025
175120,1000,1026
175121,1003,1029
175122,1001,1031
175123,1003,1032
175124,1002,1032
175125,1000,1032
175126,1003,1039
175127,1004,1042
175128,1004,1039
175129,1003,1033
175130,1000,1030
175131,1001,1029
175132,1002,1033
175133,1004,1036
175134,1005,1036
175135,1004,1030
175136,1001,1034
175137,999,1038
175138,1001,1045
175139,1004,1052
175140,1006,1051
175141,1005,1048
175142,1003,1037
175143,1006,1036
175144,1006,1039
175145,1009,1034
175146,1008,1025
175147,1007,1014
175148,1003,1013
175149,1004,1016
175150,1004,1021
175151,1007,1026
175152,1005,1029
175153,1002,1028
175154,1001,1027
175155,1003,1029
175156,1001,1033
175157,1005,1037
175158,1001,1036
175159,999,1028
175160,994,1024
175161,997,1029
175162,1000,1035
175163,1004,1037
175164,1003,1035
175165,1003,1034
175166,1001,1030
175167,1003,1034
175168,1007,1038
175169,1010,1037
175170,1010,1039
175171,1010,1034
175172,1007,1033
175173,1006,1035
175174,1011,1038
175175,1015,1039
175176,1017,1036
175177,1016,1031
175178,1012,1026
175179,1014,1027
175180,1017,1032
175181,1022,1034
175182,1025,1033
175183,1033,1034
175184,1042,1038
175185,1060,1042
175186,1085,1044
175187,1114,1034
175188,1147,1008
175189,1182,986
175190,1217,977
175191,1257,973
175192,1295,980
175193,1321,991
175194,1328,1006
175195,1311,1022
175196,1270,1031
175197,1210,1034
175198,1151,1042
175199,1095,1044
175200,1045,1043
175201,1012,1033
175202,1000,1031
175203,1005,1029
175204,1014,1028
175205,1015,1027
175206,1009,1025
175207,1003,1026
175208,999,1027
175209,997,1031
175210,998,1037
175211,998,1040
175212,995,1038
175213,992,1035
175214,988,1036
175215,988,1036
175216,989,1041
175217,993,1043
175218,990,1045
175219,987,1047
175220,985,1049
175221,987,1052
175222,985,1058
175223,988,1050
175224,988,1033
175225,985,1019
175226,981,1016
175227,981,1020
175228,983,1027
175229,987,1031
175230,987,1037
175231,985,1040
175232,986,1038
175233,986,1039
175234,986,1041
175235,989,1044
175236,988,1048
175237,986,1053
175238,988,1055
175239,989,1044
175240,991,1028
175241,995,1018
175242,993,1017
175243,991,1015
175244,988,1018
175245,987,1020
175246,990,1023
175247,993,1027
175248,996,1025
175249,994,1025
175250,992,1027
175251,991,1030
175252,993,1034
175253,998,1034
175254,999,1028
175255,994,1026
175256,993,1025
175257,994,1025
175258,999,1028
175259,1000,1029
175260,1001,1028
175261,1001,1029
175262,1004,1031
175263,1006,1033
175264,1011,1032
175265,1014,1032
175266,1012,1025
175267,1012,1021
175268,1010,1012
175269,1014,1009
175270,1021,1011
175271,1025,1013
175272,1027,1012
175273,1026,1012
175274,1024,1013
175275,1025,1013
175276,1029,1018
175277,1031,1019
175278,1032,1017
175279,1029,1014
175280,1028,1013
175281,1031,1015
175282,1035,1013
175283,1039,1013
175284,1040,1012
175285,1039,1013
175286,1039,1017
175287,1041,1023
175288,1043,1024
175289,1048,1020
175290,1048,1016
175291,1046,1009
175292,1041,1006
175293,1043,1005
175294,1043,1013
175295,1043,1021
175296,1045,1025
175297,1042,1023
175298,1037,1017
175299,1035,1013
175300,1036,1015
175301,1040,1016
175302,1038,1018
175303,1030,1018
175304,1023,1020
175305,1020,1021
175306,1022,1027
175307,1024,1031
175308,1021,1031
175309,1017,1029
175310,1014,1030
175311,1012,1031
175312,1010,1036
175313,1011,1038
175314,1013,1038
175315,1009,1038
175316,1004,1039
175317,1004,1045
175318,1005,1048
175319,1009,1050
175320,1008,1044
175321,1005,1044
175322,1005,1043
175323,1006,1048
175324,1012,1048
175325,1014,1048
175326,1008,1044
175327,1010,1044
175328,1005,1043
175329,1002,1047
175330,1008,1049
175331,1008,1049
175332,1008,1049
175333,1004,1047
175334,1005,1041
175335,1005,1036
175336,1008,1037
175337,1009,1037
175338,1008,1034
175339,1006,1037
175340,1004,1040
175341,1003,1044
175342,1003,1038
175343,1009,1035
175344,1009,1032
175345,1010,1026
175346,1010,1028
175347,1009,1030
175348,1011,1031
175349,1012,1031
175350,1010,1032
175351,1009,1032
175352,1005,1032
175353,1006,1039
175354,1009,1039
175355,1011,1040
175356,1009,1038
175357,1008,1034
175358,1006,1035
175359,1007,1035
175360,1007,1036
175361,1009,1036
175362,1009,1035
175363,1005,1033
175364,1004,1035
175365,1004,1040
175366,1005,1042
175367,1004,1046
175368,1005,1041
175369,1003,1038
175370,1002,1039
175371,1002,1043
175372,1005,1044
175373,1008,1043
175374,1007,1040
175375,1010,1039
175376,1007,1041
175377,1006,1046
175378,1003,1049
175379,1008,1047
175380,1008,1042
175381,1006,1034
175382,1007,1030
175383,1008,1031
175384,1011,1035
175385,1013,1036
175386,1011,1036
175387,1009,1036
175388,1006,1038
175389,1008,1038
175390,1012,1039
175391,1016,1039
175392,1017,1035
175393,1012,1034
175394,1009,1028
175395,1011,1026
175396,1011,1026
175397,1015,1031
175398,1013,1031
175399,1011,1028
175400,1008,1028
175401,1007,1034
175402,1011,1037
175403,1012,1041
175404,1011,1039
175405,1009,1034
175406,1008,1034
175407,1008,1039
175408,1010,1037
175409,1014,1034
175410,1015,1029
175411,1018,1028
175412,1020,1029
175413,1035,1030
175414,1048,1034
175415,1069,1035
175416,1094,1033
175417,1123,1022
175418,1158,1008
175419,1202,998
175420,1248,999
175421,1288,1010
175422,1312,1022
175423,1314,1033
175424,1290,1038
175425,1242,1036
175426,1182,1044
175427,1124,1055
175428,1064,1063
175429,1015,1063
175430,983,1064
175431,980,1063
175432,996,1060
175433,1009,1047
175434,1010,1031
175435,1004,1020
175436,998,1017
175437,994,1019
175438,993,1025
175439,997,1031
175440,993,1033
175441,992,1031
175442,987,1030
175443,986,1033
175444,987,1036
175445,988,1036
175446,988,1036
175447,984,1035
175448,980,1028
175449,978,1028
175450,978,1030
175451,981,1033
175452,980,1032
175453,978,1028
175454,975,1028
175455,973,1036
175456,977,1041
175457,980,1043
175458,980,1043
175459,977,1038
175460,975,1037
175461,976,1037
175462,977,1038
175463,980,1042
175464,980,1042
175465,978,1036
175466,975,1037
175467,974,1039
175468,977,1045
175469,982,1046
175470,981,1045
175471,980,1045
175472,979,1049
175473,982,1048
175474,983,1048
175475,987,1046
175476,988,1041
175477,987,1033
175478,989,1028
175479,992,1031
175480,994,1030
175481,999,1032
175482,1000,1035
175483,997,1034
175484,1001,1035
175485,1002,1030
175486,1005,1026
175487,1011,1020
175488,1010,1013
175489,1008,1008
175490,1006,1004
175491,1006,1006
175492,1009,1006
175493,1012,1006
175494,1010,1002
175495,1009,1003
175496,1010,1003
175497,1012,1003
175498,1013,1003
175499,1020,1003
175500,1019,1004
175501,1015,1003
175502,1011,999
175503,1013,1000
175504,1017,1002
175505,1018,1006
175506,1020,1007
175507,1018,1006
175508,1018,1006
175509,1018,1004
175510,1021,1009
175511,1023,1012
175512,1021,1012
175513,1019,1015
175514,1015,1022
175515,1016,1028
175516,1019,1023
175517,1022,1017
175518,1022,1014
175519,1018,1015
175520,1012,1017
175521,1013,1016
175522,1016,1019
175523,1016,1020
175524,1012,1023
175525,1008,1024
175526,1005,1027
175527,1000,1032
175528,1006,1035
175529,1006,1035
175530,1004,1032
175531,1001,1029
175532,996,1028
175533,997,1032
175534,999,1037
175535,998,1038
175536,999,1039
175537,994,1037
175538,994,1035
175539,993,1037
175540,992,1040
175541,994,1045
175542,992,1043
175543,991,1037
175544,986,1036
175545,990,1038
175546,991,1045
175547,993,1053
175548,989,1055
175549,985,1054
175550,984,1049
175551,985,1049
175552,989,1045
175553,993,1043
175554,995,1046
175555,994,1042
175556,991,1040
175557,990,1039
175558,991,1044
175559,994,1042
175560,998,1043
175561,997,1042
175562,995,1038
175563,997,1036
175564,999,1039
175565,1001,1040
175566,1000,1042
175567,997,1039
175568,994,1037
175569,996,1039
175570,999,1041
175571,1005,1043
175572,1005,1037
175573,1001,1035
175574,999,1033
175575,999,1035
175576,998,1046
175577,999,1047
175578,998,1047
175579,996,1043
175580,996,1047
175581,994,1048
175582,1000,1051
175583,1007,1042
175584,1009,1032
175585,1007,1028
175586,1000,1028
175587,996,1029
175588,995,1032
175589,997,1036
175590,996,1034
175591,992,1034
175592,988,1034
175593,989,1036
175594,989,1038
175595,990,1042
175596,991,1042
175597,987,1042
175598,985,1041
175599,983,1039
175600,986,1041
175601,987,1043
175602,989,1046
175603,986,1049
175604,983,1051
175605,986,1052
175606,988,1052
175607,991,1048
175608,990,1045
175609,989,1044
175610,986,1044
175611,987,1048
175612,990,1044
175613,990,1042
175614,990,1041
175615,990,1038
175616,989,1040
175617,985,1039
175618,985,1040
175619,990,1037
175620,987,1031
175621,985,1028
175622,984,1029
175623,985,1032
175624,986,1038
175625,989,1041
175626,986,1042
175627,985,1038
175628,983,1037
175629,984,1036
175630,989,1041
175631,993,1041
175632,994,1040
175633,991,1032
175634,986,1033
175635,985,1034
175636,986,1043
175637,995,1044
175638,991,1042
175639,990,1041
175640,988,1042
175641,989,1044
175642,990,1047
175643,993,1049
175644,992,1047
175645,991,1041
175646,989,1043
175647,992,1043
175648,997,1046
175649,1000,1045
175650,993,1041
175651,988,1036
175652,985,1031
175653,983,1035
175654,989,1034
175655,994,1034
175656,992,1034
175657,988,1036
175658,989,1039
175659,987,1045
175660,994,1045
175661,994,1043
175662,993,1041
175663,993,1040
175664,992,1044
175665,993,1047
175666,996,1050
175667,997,1049
175668,998,1046
175669,994,1043
175670,993,1042
175671,992,1041
175672,996,1041
175673,996,1040
175674,995,1037
175675,990,1039
175676,986,1040
175677,988,1043
175678,987,1048
175679,988,1045
175680,991,1040
175681,989,1035
175682,990,1035
175683,992,1041
175684,995,1042
175685,998,1040
175686,995,1035
175687,993,1037
175688,990,1039
175689,990,1041
175690,995,1039
175691,1000,1035
175692,1003,1031
175693,999,1035
175694,997,1036
175695,993,1043
175696,997,1046
175697,1000,1046
175698,1000,1043
175699,999,1035
175700,999,1029
175701,1007,1027
175702,1015,1030
175703,1030,1034
175704,1043,1038
175705,1056,1036
175706,1078,1037
175707,1105,1028
175708,1133,1013
175709,1165,997
175710,1197,982
175711,1227,978
175712,1256,981
175713,1285,990
175714,1307,1006
175715,1307,1022
175716,1276,1029
175717,1224,1036
175718,1166,1045
175719,1104,1059
175720,1054,1073
175721,1013,1078
175722,991,1076
175723,985,1064
175724,989,1051
175725,1002,1041
175726,1008,1041
175727,1007,1045
175728,997,1048
175729,991,1049
175730,989,1043
175731,986,1035
175732,988,1030
175733,988,1027
175734,985,1026
175735,984,1026
175736,981,1029
175737,977,1035
175738,979,1045
175739,980,1043
175740,983,1039
175741,982,1037
175742,981,1039
175743,982,1043
175744,984,1041
175745,985,1034
175746,981,1029
175747,975,1030
175748,976,1031
175749,978,1035
175750,980,1037
175751,982,1035
175752,982,1033
175753,980,1031
175754,978,1034
175755,976,1038
175756,981,1041
175757,981,1038
175758,978,1036
175759,981,1036
175760,977,1035
175761,978,1039
175762,980,1041
175763,984,1044
175764,983,1039
175765,981,1039
175766,980,1039
175767,981,1037
175768,983,1040
175769,986,1039
175770,983,1041
175771,982,1038
175772,980,1035
175773,981,1038
175774,988,1039
175775,990,1042
175776,991,1039
175777,990,1037
175778,991,1042
175779,994,1048
175780,1000,1056
175781,1006,1052
175782,1004,1046
175783,1005,1035
175784,1004,1026
175785,1005,1018
175786,1007,1017
175787,1014,1014
175788,1016,1011
175789,1018,1005
175790,1020,1003
175791,1021,1004
175792,1028,1006
175793,1033,1010
175794,1032,1007
175795,1027,1004
175796,1021,1005
175797,1019,1006
175798,1025,1009
175799,1030,1008
175800,1031,1006
175801,1029,1003
175802,1028,1000
175803,1032,1003
175804,1034,1007
175805,1038,1005
175806,1038,1006
175807,1038,1008
175808,1034,1007
175809,1036,1014
175810,1038,1019
175811,1040,1018
175812,1041,1011
175813,1038,1006
175814,1035,1001
175815,1034,1007
175816,1034,1011
175817,1035,1016
175818,1032,1020
175819,1029,1023
175820,1023,1025
175821,1022,1024
175822,1024,1027
175823,1024,1027
175824,1021,1028
175825,1017,1025
175826,1012,1027
175827,1013,1031
175828,1009,1034
175829,1008,1037
175830,1006,1039
175831,1002,1037
175832,999,1041
175833,998,1046
175834,1000,1048
175835,1002,1047
175836,1001,1045
175837,999,1040
175838,996,1038
175839,996,1034
175840,999,1038
175841,1001,1043
175842,1001,1040
175843,1001,1036
175844,997,1036
175845,998,1037
175846,1002,1040
175847,1001,1044
175848,999,1042
175849,997,1040
175850,998,1041
175851,1002,1039
175852,1003,1035
175853,1003,1034
175854,1001,1035
175855,1001,1037
175856,999,1043
175857,999,1046
175858,1001,1049
175859,1004,1048
175860,1005,1047
175861,1001,1043
175862,998,1035
175863,999,1029
175864,1001,1024
175865,1004,1025
175866,1002,1028
175867,1002,1035
175868,999,1036
175869,999,1036
175870,1001,1032
175871,1005,1032
175872,1003,1025
175873,999,1022
175874,998,1027
175875,994,1029
175876,998,1033
175877,1001,1035
175878,1000,1033
175879,997,1038
175880,994,1037
175881,994,1042
175882,997,1044
175883,997,1047
175884,994,1050
175885,991,1049
175886,988,1041
175887,991,1035
175888,995,1028
175889,1000,1023
175890,1000,1020
175891,999,1022
175892,999,1024
175893,1000,1029
175894,1001,1032
175895,1007,1035
175896,1005,1035
175897,1004,1034
175898,1002,1036
175899,1003,1039
175900,1004,1041
175901,1006,1038
175902,1007,1031
175903,1001,1028
175904,999,1030
175905,999,1031
175906,1002,1035
175907,1007,1036
175908,1006,1035
175909,1001,1036
175910,1000,1039
175911,1001,1042
175912,1002,1044
175913,1002,1042
175914,1004,1039
175915,998,1038
175916,996,1041
175917,993,1043
175918,998,1041
175919,998,1034
175920,998,1030
175921,995,1029
175922,993,1033
175923,994,1038
175924,997,1046
175925,1000,1050
175926,1001,1053
175927,996,1050
175928,995,1039
175929,999,1033
175930,999,1031
175931,1002,1033
175932,1000,1035
175933,994,1038
175934,996,1043
175935,996,1046
175936,992,1049
175937,998,1050
175938,996,1042
175939,994,1035
175940,994,1038
175941,993,1047
175942,996,1057
175943,998,1056
175944,997,1046
175945,995,1035
175946,992,1032
175947,996,1030
175948,1000,1034
175949,1003,1032
175950,1006,1030
175951,1005,1029
175952,1007,1028
175953,1015,1024
175954,1026,1022
175955,1038,1020
175956,1048,1017
175957,1061,1012
175958,1078,1007
175959,1103,1004
175960,1134,1002
175961,1165,995
175962,1196,982
175963,1223,981
175964,1248,982
175965,1269,999
175966,1276,1018
175967,1265,1029
175968,1228,1031
175969,1182,1027
175970,1128,1029
175971,1076,1044
175972,1028,1059
175973,996,1072
175974,978,1078
175975,973,1077
175976,980,1070
175977,986,1052
175978,996,1035
175979,998,1019
175980,997,1012
175981,991,1014
175982,983,1026
175983,979,1038
175984,982,1047
175985,983,1055
175986,979,1056
175987,980,1056
175988,978,1051
175989,978,1041
175990,982,1030
175991,984,1022
175992,984,1018
175993,980,1021
175994,979,1025
175995,978,1037
175996,981,1040
175997,983,1038
175998,983,1034
175999,980,1027
176000,974,1025
176001,974,1028
176002,976,1027
176003,979,1033
176004,977,1032
176005,975,1031
176006,974,1035
176007,976,1036
176008,976,1040
176009,978,1043
176010,976,1045
176011,973,1050
176012,970,1058
176013,968,1059
176014,973,1053
176015,976,1041
176016,975,1029
176017,973,1023
176018,968,1026
176019,973,1030
176020,974,1037
176021,978,1038
176022,978,1038
176023,976,1031
176024,973,1029
176025,974,1031
176026,978,1033
176027,984,1032
176028,983,1026
176029,980,1023
176030,979,1020
176031,982,1022
176032,985,1023
176033,990,1026
176034,989,1027
176035,989,1026
176036,990,1025
176037,992,1021
176038,993,1022
176039,999,1024
176040,998,1022
176041,998,1018
176042,996,1016
176043,997,1019
176044,1001,1024
176045,1006,1023
176046,1009,1018
176047,1007,1012
176048,1007,1008
176049,1009,1009
176050,1010,1007
176051,1016,1003
176052,1017,1003
176053,1014,999
176054,1013,997
176055,1012,999
176056,1015,1002
176057,1019,1003
176058,1016,1003
176059,1012,1001
176060,1011,1001
176061,1014,1000
176062,1018,1002
176063,1020,1001
176064,1019,1001
176065,1016,999
176066,1013,1002
176067,1014,1004
176068,1016,1011
176069,1018,1013
176070,1014,1020
176071,1014,1022
176072,1011,1025
176073,1012,1025
176074,1013,1024
176075,1013,1018
176076,1011,1016
176077,1007,1010
176078,1003,1008
176079,1001,1011
176080,1002,1018
176081,1004,1026
176082,1002,1033
176083,999,1033
176084,995,1036
176085,996,1037
176086,997,1035
176087,999,1036
176088,997,1035
176089,993,1036
176090,991,1036
176091,990,1039
176092,992,1041
176093,995,1043
176094,994,1046
176095,992,1045
176096,988,1046
176097,990,1049
176098,993,1050
176099,995,1053
176100,991,1051
176101,988,1050
176102,987,1049
176103,987,1052
176104,991,1052
176105,992,1053
176106,990,1052
176107,988,1054
176108,987,1053
176109,986,1055
176110,988,1054
176111,993,1055
176112,991,1053
176113,988,1053
176114,983,1053
176115,987,1058
176116,991,1064
176117,994,1064
176118,992,1054
176119,989,1041
176120,987,1036
176121,987,1038
176122,987,1044
176123,992,1049
176124,989,1049
176125,989,1047
176126,985,1048
176127,984,1053
176128,985,1058
176129,986,1059
176130,988,1052
176131,986,1041
176132,983,1030
176133,984,1030
176134,989,1036
176135,993,1038
176136,992,1038
176137,990,1038
176138,987,1035
176139,989,1039
176140,993,1041
176141,994,1039
176142,995,1040
176143,993,1036
176144,990,1038
176145,990,1037
176146,991,1040
176147,995,1042
176148,992,1042
176149,991,1041
176150,987,1042
176151,987,1042
176152,990,1043
176153,992,1045
176154,991,1043
176155,987,1042
176156,986,1045
176157,988,1047
176158,989,1046
176159,990,1046
176160,986,1043
176161,987,1041
176162,982,1043
176163,982,1046
176164,982,1056
176165,985,1059
176166,981,1060
176167,981,1058
176168,980,1056
176169,980,1055
176170,983,1052
176171,984,1054
176172,982,1060
176173,982,1058
176174,977,1053
176175,976,1047
176176,979,1041
176177,979,1039
176178,979,1037
176179,974,1032
176180,969,1037
176181,970,1046
176182,972,1049
176183,975,1044
176184,975,1034
176185,973,1029
176186,974,1025
176187,975,1029
176188,978,1033
176189,981,1035
176190,979,1034
176191,978,1034
176192,977,1036
176193,975,1038
176194,978,1041
176195,980,1042
176196,977,1043
176197,978,1039
176198,976,1042
176199,974,1043
176200,976,1046
176201,978,1046
176202,977,1043
176203,974,1038
176204,969,1037
176205,970,1040
176206,972,1042
176207,975,1043
176208,976,1044
176209,973,1042
176210,974,1045
176211,975,1049
176212,976,1054
176213,978,1053
176214,979,1047
176215,976,1042
176216,973,1043
176217,974,1046
176218,976,1055
176219,976,1059
176220,976,1067
176221,971,1068
176222,970,1066
176223,973,1060
176224,976,1048
176225,983,1038
176226,983,1028
176227,978,1027
176228,978,1034
176229,974,1040
176230,977,1047
176231,982,1049
176232,982,1050
176233,980,1046
176234,982,1047
176235,982,1048
176236,984,1049
176237,985,1047
176238,984,1044
176239,979,1041
176240,975,1039
176241,978,1038
176242,980,1045
176243,981,1047
176244,980,1047
176245,979,1044
176246,976,1048
176247,976,1045
176248,979,1047
176249,980,1044
176250,982,1045
176251,978,1041
176252,977,1040
176253,976,1042
176254,979,1047
176255,979,1049
176256,984,1049
176257,979,1044
176258,979,1044
176259,981,1049
176260,982,1049
176261,985,1042
176262,984,1039
176263,982,1034
176264,980,1034
176265,983,1036
176266,984,1041
176267,986,1040
176268,987,1040
176269,985,1040
176270,983,1042
176271,984,1044
176272,988,1048
176273,991,1049
176274,992,1048
176275,992,1044
176276,992,1049
176277,992,1055
176278,996,1062
176279,1001,1063
176280,1007,1059
176281,1012,1058
176282,1020,1057
176283,1036,1055
176284,1058,1047
176285,1081,1029
176286,1108,1008
176287,1137,989
176288,1162,985
176289,1192,988
176290,1219,1000
176291,1245,1012
176292,1250,1029
176293,1238,1043
176294,1208,1049
176295,1165,1055
176296,1122,1062
176297,1081,1073
176298,1035,1080
176299,1000,1085
176300,979,1084
176301,978,1084
176302,983,1077
176303,990,1069
176304,996,1055
176305,991,1046
176306,987,1045
176307,982,1044
176308,982,1048
176309,983,1049
176310,981,1051
176311,978,1049
176312,973,1053
176313,972,1063
176314,978,1067
176315,980,1066
176316,979,1055
176317,975,1048
176318,974,1039
176319,973,1034
176320,972,1038
176321,979,1044
176322,976,1047
176323,975,1050
176324,967,1051
176325,974,1052
176326,976,1049
176327,978,1041
176328,974,1036
176329,970,1037
176330,969,1041
176331,972,1045
176332,974,1045
176333,976,1041
176334,975,1037
176335,973,1032
176336,970,1032
176337,971,1036
176338,971,1040
176339,974,1042
176340,974,1042
176341,971,1039
176342,967,1048
176343,970,1056
176344,974,1057
176345,979,1046
176346,976,1034
176347,975,1025
176348,973,1026
176349,972,1029
176350,975,1032
176351,980,1035
176352,979,1036
176353,975,1039
176354,973,1039
176355,978,1041
176356,978,1042
176357,983,1034
176358,984,1031
176359,980,1026
176360,980,1029
176361,984,1031
176362,989,1036
176363,990,1031
176364,993,1026
176365,989,1017
176366,990,1016
176367,995,1014
176368,996,1016
176369,1000,1014
176370,1002,1014
176371,1001,1011
176372,998,1014
176373,1001,1015
176374,1006,1019
176375,1007,1021
176376,1008,1022
176377,1008,1015
176378,1006,1010
176379,1006,1007
176380,1009,1010
176381,1012,1009
176382,1011,1008
176383,1010,1000
176384,1008,994
176385,1009,992
176386,1012,994
176387,1014,995
176388,1013,995
176389,1012,993
176390,1008,993
176391,1011,996
176392,1015,1002
176393,1021,1005
176394,1016,1008
176395,1016,1006
176396,1013,1009
176397,1012,1011
176398,1020,1016
176399,1023,1013
176400,1019,1014
176401,1017,1019
176402,1015,1024
176403,1015,1028
176404,1015,1032
176405,1014,1039
176406,1013,1040
176407,1009,1037
176408,1004,1036
176409,1008,1038
176410,1011,1041
176411,1011,1042
176412,1008,1040
176413,1005,1042
176414,1000,1046
176415,1002,1049
176416,1003,1053
176417,1005,1057
176418,1004,1058
176419,999,1060
176420,995,1061
176421,996,1063
176422,997,1067
176423,1001,1076
176424,998,1080
176425,995,1074
176426,994,1066
176427,995,1064
176428,997,1068
176429,997,1067
176430,995,1057
176431,990,1045
176432,987,1037
176433,988,1038
176434,992,1044
176435,994,1049
176436,993,1048
176437,992,1047
176438,987,1048
176439,989,1050
176440,992,1052
176441,994,1050
176442,994,1053
176443,991,1050
176444,989,1050
176445,991,1052
176446,996,1053
176447,997,1052
176448,996,1053
176449,995,1050
176450,992,1052
176451,993,1053
176452,995,1054
176453,999,1059
176454,997,1058
176455,994,1052
176456,992,1053
176457,994,1057
176458,993,1059
176459,998,1061
176460,997,1057
176461,998,1054
176462,995,1050
176463,996,1054
176464,998,1057
176465,1000,1057
176466,1001,1057
176467,995,1055
176468,994,1055
176469,997,1056
176470,1000,1062
176471,1001,1067
176472,998,1068
176473,998,1067
176474,997,1068
176475,997,1063
176476,1000,1060
176477,1001,1052
176478,1001,1049
176479,997,1047
176480,997,1048
176481,996,1052
176482,997,1053
176483,1002,1057
176484,999,1058
176485,998,1060
176486,995,1063
176487,995,1063
176488,996,1057
176489,1001,1044
176490,1000,1034
176491,998,1035
176492,995,1035
176493,997,1039
176494,998,1042
176495,1000,1045
176496,999,1045
176497,999,1046
176498,998,1048
176499,997,1051
176500,999,1055
176501,1000,1051
176502,1000,1046
176503,999,1041
176504,995,1043
176505,996,1044
176506,999,1045
176507,1001,1047
176508,1000,1048
176509,998,1048
176510,995,1053
176511,993,1058
176512,996,1062
176513,998,1061
176514,999,1057
176515,999,1053
176516,997,1055
176517,999,1058
176518,1002,1061
176519,1005,1060
176520,1007,1055
176521,1004,1048
176522,1004,1044
176523,1006,1044
176524,1013,1047
176525,1016,1041
176526,1023,1043
176527,1026,1038
176528,1036,1040
176529,1052,1039
176530,1071,1044
176531,1095,1041
176532,1120,1033
176533,1146,1017
176534,1175,1012
176535,1205,1013
176536,1235,1021
176537,1259,1032
176538,1272,1049
176539,1267,1063
176540,1251,1072
176541,1225,1070
176542,1189,1067
176543,1149,1069
176544,1102,1078
176545,1053,1091
176546,1017,1101
176547,998,1103
176548,995,1100
176549,1000,1088
176550,1005,1073
176551,1006,1060
176552,1004,1053
176553,1003,1048
176554,1005,1045
176555,1007,1047
176556,1003,1045
176557,998,1045
176558,997,1044
176559,994,1047
176560,994,1049
176561,993,1053
176562,992,1056
176563,988,1057
176564,984,1059
176565,986,1059
176566,987,1057
176567,987,1052
176568,985,1050
176569,985,1046
176570,982,1051
176571,981,1055
176572,983,1058
176573,987,1054
176574,986,1050
176575,984,1045
176576,980,1045
176577,982,1050
176578,985,1052
176579,986,1047
176580,986,1042
176581,986,1041
176582,985,1044
176583,986,1048
176584,990,1055
176585,991,1056
176586,989,1057
176587,987,1050
176588,985,1048
176589,985,1044
176590,987,1047
176591,991,1046
176592,991,1045
176593,990,1040
176594,987,1042
176595,988,1046
176596,992,1048
176597,994,1048
176598,997,1048
176599,993,1043
176600,991,1042
176601,993,1039
176602,996,1041
176603,1001,1039
176604,998,1036
176605,997,1035
176606,997,1038
176607,999,1038
176608,1005,1038
176609,1009,1037
176610,1010,1034
176611,1010,1032
176612,1008,1031
176613,1011,1030
176614,1014,1028
176615,1019,1025
176616,1018,1023
176617,1016,1020
176618,1013,1017
176619,1016,1018
176620,1020,1027
176621,1023,1025
176622,1023,1021
176623,1023,1016
176624,1023,1009
176625,1023,1006
176626,1026,1008
176627,1031,1005
176628,1030,1000
176629,1028,996
176630,1026,994
176631,1028,996
176632,1031,1002
176633,1035,1005
176634,1038,1006
176635,1035,1005
176636,1033,1006
176637,1035,1010
176638,1036,1017
176639,1039,1018
176640,1036,1021
176641,1035,1021
176642,1034,1016
176643,1036,1012
176644,1037,1011
176645,1038,1010
176646,1035,1017
176647,1032,1018
176648,1029,1023
176649,1028,1030
176650,1030,1038
176651,1030,1040
176652,1028,1039
176653,1023,1039
176654,1020,1039
176655,1019,1037
176656,1019,1037
176657,1020,1040
176658,1018,1039
176659,1015,1035
176660,1010,1041
176661,1007,1046
176662,1010,1050
176663,1012,1049
176664,1010,1048
176665,1006,1046
176666,1003,1050
176667,1006,1051
176668,1005,1054
176669,1008,1052
176670,1007,1050
176671,1005,1049
176672,1002,1048
176673,1003,1054
176674,1003,1056
176675,1007,1055
176676,1007,1054
176677,1004,1051
176678,1000,1048
176679,1000,1049
176680,1002,1053
176681,1005,1055
176682,1005,1056
176683,1001,1054
176684,1001,1059
176685,1002,1057
176686,1002,1059
176687,1007,1059
176688,1004,1057
176689,1003,1054
176690,1001,1054
176691,1004,1059
176692,1007,1069
176693,1011,1073
176694,1011,1073
176695,1008,1062
176696,1007,1050
176697,1008,1043
176698,1008,1039
176699,1015,1041
176700,1013,1040
176701,1011,1042
176702,1010,1047
176703,1008,1048
176704,1011,1051
176705,1010,1050
176706,1010,1045
176707,1008,1045
176708,1009,1047
176709,1011,1048
176710,1011,1053
176711,1012,1048
176712,1011,1047
176713,1006,1044
176714,1004,1045
176715,1002,1053
176716,1007,1056
176717,1010,1051
176718,1007,1043
176719,1005,1038
176720,1002,1039
176721,1000,1042
176722,1004,1043
176723,1005,1039
176724,1004,1035
176725,1000,1033
176726,997,1037
176727,998,1042
176728,1003,1047
176729,1004,1043
176730,1004,1044
176731,1000,1041
176732,998,1043
176733,1002,1048
176734,1006,1052
176735,1006,1050
176736,1005,1046
176737,1002,1046
176738,997,1050
176739,999,1051
176740,1003,1043
176741,1004,1040
176742,1003,1043
176743,1000,1042
176744,999,1048
176745,998,1046
176746,1001,1047
176747,1003,1045
176748,1002,1043
176749,999,1039
176750,999,1044
176751,1000,1047
176752,1002,1049
176753,1003,1049
176754,1003,1046
176755,1001,1046
176756,998,1050
176757,999,1051
176758,1001,1049
176759,1003,1048
176760,1002,1050
176761,1001,1051
176762,999,1057
176763,999,1064
176764,1004,1073
176765,1005,1063
176766,1005,1050
176767,1000,1035
176768,996,1034
176769,1000,1040
176770,1003,1048
176771,1005,1055
176772,1007,1057
176773,1005,1055
176774,1002,1052
176775,1003,1046
176776,1005,1042
176777,1009,1040
176778,1007,1043
176779,1004,1042
176780,1005,1043
176781,1008,1045
176782,1011,1046
176783,1013,1049
176784,1015,1046
176785,1013,1043
176786,1010,1044
176787,1013,1047
176788,1018,1048
176789,1026,1048
176790,1032,1042
176791,1040,1038
176792,1050,1038
176793,1068,1038
176794,1091,1040
176795,1116,1036
176796,1145,1026
176797,1172,1015
176798,1200,1008
176799,1231,1010
176800,1261,1014
176801,1279,1017
176802,1286,1027
176803,1277,1036
176804,1252,1044
176805,1214,1048
176806,1170,1055
176807,1123,1058
176808,1075,1059
176809,1035,1063
176810,1008,1063
176811,998,1067
176812,1001,1065
176813,1008,1062
176814,1008,1048
176815,1005,1037
176816,998,1035
176817,996,1039
176818,994,1044
176819,996,1043
176820,991,1041
176821,987,1036
176822,985,1034
176823,985,1039
176824,986,1044
176825,985,1045
176826,982,1045
176827,978,1039
176828,976,1038
176829,976,1040
176830,978,1047
176831,980,1047
176832,980,1046
176833,978,1046
176834,975,1045
176835,974,1049
176836,976,1048
176837,981,1049
176838,979,1047
176839,976,1045
176840,974,1047
176841,975,1052
176842,978,1057
176843,979,1058
176844,979,1058
176845,978,1056
176846,975,1057
176847,981,1057
176848,985,1061
176849,985,1055
176850,984,1048
176851,981,1040
176852,980,1045
176853,985,1050
176854,985,1052
176855,989,1051
176856,988,1053
176857,983,1050
176858,982,1050
176859,983,1052
176860,988,1058
176861,988,1068
176862,988,1067
176863,988,1054
176864,987,1036
176865,989,1026
176866,992,1026
176867,995,1027
176868,997,1027
176869,991,1026
176870,991,1028
176871,996,1032
176872,1003,1036
176873,1008,1032
176874,1010,1031
176875,1008,1027
176876,1010,1028
176877,1006,1028
176878,1010,1032
176879,1010,1033
176880,1008,1030
176881,1008,1026
176882,1009,1025
176883,1013,1025
176884,1018,1028
176885,1023,1026
176886,1025,1025
176887,1027,1017
176888,1028,1015
176889,1028,1012
176890,1028,1021
176891,1029,1028
176892,1024,1029
176893,1024,1022
176894,1026,1016
176895,1028,1013
176896,1034,1012
176897,1036,1016
176898,1037,1019
176899,1035,1019
176900,1033,1018
176901,1035,1021
176902,1039,1023
176903,1041,1026
176904,1037,1025
176905,1032,1022
176906,1030,1023
176907,1031,1025
176908,1032,1029
176909,1036,1033
176910,1033,1032
176911,1027,1026
176912,1025,1031
176913,1024,1031
176914,1024,1035
176915,1026,1036
176916,1020,1035
176917,1015,1036
176918,1009,1038
176919,1008,1041
176920,1008,1044
176921,1010,1044
176922,1009,1046
176923,1004,1045
176924,998,1047
176925,995,1048
176926,996,1051
176927,999,1049
176928,997,1044
176929,994,1042
176930,992,1044
176931,991,1049
176932,992,1055
176933,995,1057
176934,994,1054
176935,992,1044
176936,988,1041
176937,988,1044
176938,991,1046
176939,995,1043
176940,993,1041
176941,990,1040
176942,989,1043
176943,989,1048
176944,991,1056
176945,995,1063
176946,991,1063
176947,989,1057
176948,988,1049
176949,989,1044
176950,993,1045
176951,997,1049
176952,996,1051
176953,995,1053
176954,992,1055
176955,994,1059
176956,997,1062
176957,996,1060
176958,995,1061
176959,994,1054
176960,993,1055
176961,995,1057
176962,996,1059
176963,997,1057
176964,999,1055
176965,998,1052
176966,997,1049
176967,999,1051
176968,1002,1051
176969,1006,1050
176970,1003,1052
176971,1004,1049
176972,999,1058
176973,994,1069
176974,995,1077
176975,996,1076
176976,997,1063
176977,995,1046
176978,992,1031
176979,994,1028
176980,997,1034
176981,1000,1039
176982,997,1046
176983,995,1049
176984,992,1055
176985,993,1049
176986,999,1038
176987,1002,1029
176988,999,1026
176989,995,1029
176990,993,1035
176991,994,1044
176992,996,1047
176993,998,1046
176994,995,1042
176995,992,1032
176996,990,1033
176997,988,1036
176998,991,1045
176999,992,1045
177000,994,1048
177001,992,1049
177002,990,1053
177003,989,1059
177004,994,1064
177005,995,1065
177006,994,1058
177007,993,1045
177008,992,1037
177009,993,1036
177010,995,1042
177011,996,1051
177012,997,1053
177013,995,1054
177014,993,1055
177015,996,1050
177016,999,1047
177017,1003,1038
177018,1005,1032
177019,1000,1031
177020,1002,1033
177021,1003,1036
177022,1009,1038
177023,1016,1039
177024,1021,1033
177025,1029,1031
177026,1042,1032
177027,1061,1033
177028,1088,1036
177029,1121,1033
177030,1157,1024
177031,1191,1015
177032,1227,1011
177033,1261,1015
177034,1283,1033
177035,1289,1044
177036,1271,1052
177037,1226,1052
177038,1174,1057
177039,1113,1067
177040,1060,1076
177041,1016,1075
177042,992,1070
177043,985,1063
177044,990,1056
177045,996,1051
177046,999,1049
177047,999,1045
177048,990,1048
177049,984,1046
177050,984,1048
177051,982,1050
177052,985,1055
177053,984,1055
177054,981,1054
177055,978,1053
177056,973,1052
177057,976,1058
177058,979,1062
177059,978,1058
177060,978,1055
177061,974,1055
177062,971,1058
177063,970,1062
177064,973,1066
177065,975,1068
177066,972,1067
177067,971,1066
177068,968,1062
177069,971,1056
177070,974,1046
177071,975,1035
177072,971,1033
177073,970,1037
177074,969,1039
177075,971,1046
177076,972,1047
177077,975,1048
177078,976,1047
177079,971,1044
177080,970,1046
177081,971,1045
177082,972,1049
177083,973,1049
177084,972,1047
177085,969,1045
177086,969,1043
177087,969,1047
177088,971,1048
177089,975,1048
177090,973,1041
177091,971,1039
177092,970,1039
177093,971,1043
177094,973,1048
177095,977,1045
177096,979,1040
177097,977,1033
177098,977,1032
177099,978,1034
177100,982,1036
177101,986,1036
177102,990,1037
177103,988,1035
177104,987,1034
177105,992,1030
177106,997,1026
177107,1000,1024
177108,1001,1021
177109,1001,1023
177110,1001,1022
177111,1005,1023
177112,1009,1024
177113,1014,1022
177114,1015,1018
177115,1011,1010
177116,1012,1012
177117,1016,1013
177118,1019,1020
177119,1022,1016
177120,1021,1019
177121,1020,1018
177122,1021,1019
177123,1023,1018
177124,1023,1019
177125,1028,1015
177126,1027,1011
177127,1024,1006
177128,1021,1004
177129,1020,1011
177130,1022,1019
177131,1023,1023
177132,1020,1027
177133,1015,1026
177134,1009,1028
177135,1007,1030
177136,1011,1034
177137,1009,1033
177138,1008,1034
177139,1003,1031
177140,994,1033
177141,992,1041
177142,992,1043
177143,994,1044
177144,990,1043
177145,987,1039
177146,986,1042
177147,985,1049
177148,986,1055
177149,987,1057
177150,982,1058
177151,978,1058
177152,974,1059
177153,974,1057
177154,975,1058
177155,977,1061
177156,977,1064
177157,977,1059
177158,977,1052
177159,977,1050
177160,979,1057
177161,983,1057
177162,981,1055
177163,978,1056
177164,978,1060
177165,981,1065
177166,986,1066
177167,989,1065
177168,986,1064
177169,983,1061
177170,981,1063
177171,982,1062
177172,986,1062
177173,988,1060
177174,986,1056
177175,985,1056
177176,984,1059
177177,983,1065
177178,987,1069
177179,986,1075
177180,985,1075
177181,981,1074
177182,980,1070
177183,984,1060
177184,985,1052
177185,987,1040
177186,984,1036
177187,983,1036
177188,980,1044
177189,983,1049
177190,984,1049
177191,988,1043
177192,990,1041
177193,986,1038
177194,984,1041
177195,982,1044
177196,984,1047
177197,983,1048
177198,980,1048
177199,979,1045
177200,978,1043
177201,982,1046
177202,985,1048
177203,987,1049
177204,985,1048
177205,982,1047
177206,977,1050
177207,976,1054
177208,979,1058
177209,981,1057
177210,982,1053
177211,981,1051
177212,978,1054
177213,983,1054
177214,985,1062
177215,984,1062
177216,981,1063
177217,976,1063
177218,971,1066
177219,971,1075
177220,975,1079
177221,979,1070
177222,979,1057
177223,975,1046
177224,972,1049
177225,972,1052
177226,974,1054
177227,978,1053
177228,979,1047
177229,977,1046
177230,974,1048
177231,977,1053
177232,980,1061
177233,981,1064
177234,977,1064
177235,977,1056
177236,974,1050
177237,975,1046
177238,977,1046
177239,981,1048
177240,979,1046
177241,977,1048
177242,976,1049
177243,976,1051
177244,978,1053
177245,981,1054
177246,981,1051
177247,975,1050
177248,974,1050
177249,979,1053
177250,979,1055
177251,978,1056
177252,981,1052
177253,979,1051
177254,976,1052
177255,978,1055
177256,978,1059
177257,980,1058
177258,978,1058
177259,975,1056
177260,973,1058
177261,977,1060
177262,980,1067
177263,986,1064
177264,983,1056
177265,982,1049
177266,980,1052
177267,983,1058
177268,987,1068
177269,988,1068
177270,985,1073
177271,980,1072
177272,977,1065
177273,978,1056
177274,980,1050
177275,981,1047
177276,978,1045
177277,977,1046
177278,976,1050
177279,977,1055
177280,982,1056
177281,986,1055
177282,984,1049
177283,982,1046
177284,978,1046
177285,980,1050
177286,983,1054
177287,987,1054
177288,983,1051
177289,981,1048
177290,980,1049
177291,982,1054
177292,985,1055
177293,987,1053
177294,988,1054
177295,983,1050
177296,980,1052
177297,982,1051
177298,985,1053
177299,989,1052
177300,986,1050
177301,985,1046
177302,984,1047
177303,986,1051
177304,987,1052
177305,991,1053
177306,992,1050
177307,990,1050
177308,990,1052
177309,993,1060
177310,997,1061
177311,998,1059
177312,1002,1048
177313,1005,1038
177314,1015,1036
177315,1029,1039
177316,1044,1044
177317,1063,1042
177318,1083,1037
177319,1105,1031
177320,1132,1023
177321,1166,1018
177322,1201,1015
177323,1231,1018
177324,1255,1028
177325,1267,1038
177326,1263,1046
177327,1242,1048
177328,1204,1049
177329,1157,1056
177330,1104,1065
177331,1053,1069
177332,1015,1069
177333,991,1066
177334,985,1066
177335,989,1058
177336,994,1047
177337,996,1039
177338,992,1039
177339,988,1044
177340,987,1051
177341,987,1051
177342,983,1047
177343,980,1043
177344,974,1041
177345,974,1045
177346,975,1048
177347,977,1046
177348,976,1045
177349,973,1049
177350,968,1049
177351,969,1054
177352,971,1056
177353,973,1055
177354,968,1049
177355,966,1048
177356,963,1050
177357,965,1052
177358,968,1052
177359,971,1053
177360,967,1055
177361,965,1051
177362,965,1054
177363,963,1056
177364,968,1063
177365,973,1067
177366,970,1067
177367,966,1065
177368,964,1059
177369,965,1056
177370,963,1055
177371,966,1053
177372,963,1051
177373,961,1046
177374,956,1046
177375,963,1045
177376,967,1047
177377,969,1049
177378,970,1048
177379,969,1049
177380,967,1048
177381,971,1046
177382,972,1046
177383,974,1045
177384,974,1043
177385,973,1038
177386,972,1039
177387,972,1042
177388,977,1046
177389,981,1045
177390,982,1042
177391,980,1039
177392,979,1036
177393,980,1041
177394,987,1041
177395,991,1038
177396,991,1034
177397,990,1029
177398,988,1027
177399,991,1032
177400,994,1033
177401,1001,1031
177402,1002,1029
177403,1003,1027
177404,1004,1025
177405,1005,1024
177406,1010,1025
177407,1012,1026
177408,1011,1025
177409,1009,1023
177410,1008,1026
177411,1013,1028
177412,1014,1032
177413,1018,1032
177414,1018,1029
177415,1017,1022
177416,1017,1019
177417,1021,1019
177418,1023,1024
177419,1026,1023
177420,1026,1025
177421,1024,1025
177422,1022,1028
177423,1022,1037
177424,1023,1040
177425,1024,1040
177426,1022,1033
177427,1020,1027
177428,1020,1024
177429,1017,1027
177430,1022,1031
177431,1019,1035
177432,1016,1035
177433,1012,1033
177434,1010,1036
177435,1007,1041
177436,1009,1045
177437,1007,1043
177438,1003,1041
177439,996,1037
177440,997,1039
177441,997,1043
177442,995,1046
177443,997,1047
177444,992,1044
177445,984,1044
177446,983,1045
177447,985,1049
177448,986,1053
177449,987,1051
177450,985,1050
177451,981,1049
177452,979,1053
177453,980,1057
177454,983,1061
177455,985,1062
177456,983,1060
177457,980,1057
177458,978,1052
177459,979,1050
177460,981,1053
177461,982,1054
177462,982,1056
177463,981,1054
177464,979,1057
177465,980,1061
177466,985,1065
177467,989,1064
177468,987,1053
177469,987,1044
177470,983,1040
177471,988,1046
177472,990,1051
177473,990,1049
177474,990,1045
177475,985,1042
177476,981,1043
177477,984,1045
177478,985,1052
177479,988,1052
177480,987,1046
177481,984,1045
177482,980,1045
177483,982,1049
177484,985,1050
177485,991,1048
177486,989,1044
177487,988,1043
177488,985,1046
177489,987,1051
177490,992,1053
177491,993,1052
177492,992,1049
177493,991,1050
177494,988,1054
177495,987,1057
177496,990,1060
177497,989,1057
177498,986,1050
177499,983,1042
177500,985,1045
177501,984,1048
177502,988,1056
177503,987,1059
177504,985,1056
177505,984,1053
177506,980,1047
177507,983,1047
177508,984,1051
177509,985,1054
177510,987,1053
177511,986,1051
177512,982,1050
177513,983,1047
177514,983,1053
177515,986,1051
177516,984,1051
177517,983,1048
177518,980,1048
177519,981,1048
177520,983,1051
177521,987,1050
177522,982,1048
177523,977,1043
177524,975,1044
177525,978,1045
177526,982,1047
177527,984,1045
177528,981,1042
177529,979,1039
177530,978,1041
177531,980,1049
177532,984,1053
177533,984,1051
177534,982,1047
177535,980,1044
177536,979,1044
177537,978,1048
177538,980,1056
177539,984,1054
177540,983,1052
177541,981,1049
177542,977,1044
177543,977,1039
177544,981,1039
177545,982,1041
177546,981,1042
177547,979,1044
177548,977,1045
177549,979,1050
177550,983,1053
177551,984,1048
177552,981,1047
177553,980,1045
177554,978,1047
177555,977,1052
177556,979,1051
177557,980,1054
177558,981,1054
177559,980,1053
177560,975,1054
177561,976,1055
177562,977,1057
177563,978,1057
177564,976,1054
177565,975,1054
177566,973,1054
177567,975,1057
177568,980,1060
177569,981,1058
177570,981,1056
177571,974,1052
177572,976,1053
177573,979,1053
177574,979,1053
177575,981,1052
177576,979,1053
177577,979,1053
177578,976,1052
177579,975,1055
177580,979,1051
177581,980,1051
177582,977,1046
177583,977,1050
177584,975,1053
177585,976,1053
177586,978,1054
177587,980,1050
177588,978,1047
177589,974,1042
177590,976,1042
177591,975,1049
177592,979,1053
177593,980,1051
177594,979,1053
177595,978,1049
177596,975,1048
177597,975,1049
177598,979,1051
177599,982,1051
177600,979,1050
177601,977,1046
177602,977,1047
177603,977,1053
177604,981,1055
177605,982,1054
177606,982,1054
177607,981,1048
177608,979,1053
177609,979,1054
177610,981,1056
177611,982,1052
177612,983,1048
177613,981,1046
177614,979,1047
177615,980,1049
177616,982,1053
177617,982,1053
177618,980,1049
177619,978,1045
177620,979,1043
177621,979,1046
177622,979,1049
177623,981,1048
177624,979,1048
177625,977,1048
177626,977,1049
177627,978,1050
177628,980,1052
177629,979,1050
177630,979,1050
177631,976,1049
177632,976,1048
177633,974,1050
177634,980,1055
177635,980,1053
177636,978,1054
177637,974,1058
177638,972,1059
177639,975,1060
177640,979,1054
177641,980,1048
177642,979,1045
177643,973,1045
177644,972,1045
177645,975,1049
177646,977,1053
177647,978,1053
177648,981,1048
177649,978,1045
177650,978,1045
177651,978,1047
177652,982,1049
177653,985,1047
177654,983,1046
177655,979,1045
177656,979,1046
177657,979,1048
177658,981,1049
177659,983,1049
177660,982,1046
177661,981,1046
177662,978,1048
177663,979,1055
177664,981,1056
177665,986,1055
177666,982,1050
177667,979,1043
177668,979,1044
177669,977,1049
177670,982,1050
177671,984,1049
177672,984,1050
177673,979,1052
177674,977,1055
177675,981,1055
177676,985,1057
177677,985,1053
177678,984,1049
177679,982,1051
177680,981,1056
177681,981,1064
177682,984,1067
177683,987,1062
177684,985,1046
177685,982,1038
177686,980,1036
177687,981,1040
177688,985,1046
177689,987,1047
177690,988,1047
177691,987,1044
177692,985,1048
177693,988,1044
177694,991,1051
177695,992,1048
177696,990,1048
177697,988,1042
177698,988,1045
177699,988,1048
177700,992,1050
177701,993,1048
177702,992,1047
177703,989,1047
177704,989,1049
177705,991,1050
177706,994,1054
177707,997,1052
177708,997,1049
177709,998,1047
177710,997,1047
177711,1000,1051
177712,1003,1051
177713,1010,1048
177714,1012,1043
177715,1015,1039
177716,1024,1037
177717,1034,1034
177718,1053,1036
177719,1071,1032
177720,1090,1030
177721,1110,1024
177722,1131,1015
177723,1156,1005
177724,1180,1002
177725,1200,1001
177726,1209,1008
177727,1206,1019
177728,1185,1031
177729,1154,1040
177730,1120,1046
177731,1083,1050
177732,1050,1051
177733,1020,1052
177734,1004,1054
177735,1000,1056
177736,1005,1055
177737,1006,1047
177738,1003,1039
177739,995,1038
177740,991,1038
177741,988,1043
177742,988,1046
177743,987,1047
177744,983,1046
177745,980,1043
177746,977,1045
177747,977,1050
177748,978,1051
177749,980,1051
177750,977,1049
177751,974,1048
177752,969,1048
177753,971,1049
177754,971,1056
177755,975,1056
177756,972,1048
177757,970,1046
177758,966,1048
177759,968,1051
177760,971,1054
177761,972,1054
177762,971,1050
177763,968,1049
177764,967,1049
177765,968,1054
177766,972,1060
177767,972,1058
177768,972,1053
177769,966,1044
177770,966,1041
177771,972,1042
177772,973,1047
177773,977,1052
177774,973,1049
177775,971,1051
177776,973,1052
177777,972,1054
177778,976,1057
177779,978,1056
177780,977,1052
177781,976,1052
177782,973,1052
177783,975,1054
177784,979,1053
177785,981,1050
177786,979,1049
177787,978,1048
177788,977,1051
177789,979,1049
177790,986,1052
177791,987,1048
177792,986,1045
177793,986,1044
177794,985,1044
177795,989,1046
177796,992,1045
177797,996,1043
177798,998,1038
177799,997,1035
177800,998,1036
177801,1000,1039
177802,1002,1040
177803,1003,1041
177804,1006,1035
177805,1005,1034
177806,1006,1029
177807,1007,1028
177808,1010,1028
177809,1013,1026
177810,1012,1023
177811,1009,1018
177812,1008,1016
177813,1010,1017
177814,1015,1022
177815,1018,1021
177816,1015,1017
177817,1014,1015
177818,1013,1015
177819,1016,1018
177820,1020,1021
177821,1021,1021
177822,1020,1018
177823,1019,1019
177824,1017,1020
177825,1021,1023
177826,1022,1023
177827,1021,1022
177828,1019,1017
177829,1019,1018
177830,1017,1021
177831,1016,1024
177832,1018,1029
177833,1018,1031
177834,1016,1032
177835,1012,1031
177836,1008,1033
177837,1010,1039
177838,1010,1042
177839,1011,1041
177840,1006,1038
177841,1003,1037
177842,1000,1041
177843,998,1046
177844,1000,1047
177845,1000,1050
177846,997,1048
177847,991,1046
177848,988,1048
177849,989,1053
177850,992,1055
177851,993,1055
177852,988,1051
177853,985,1048
177854,983,1050
177855,984,1053
177856,986,1059
177857,987,1054
177858,983,1050
177859,982,1046
177860,980,1046
177861,981,1049
177862,983,1055
177863,986,1056
177864,984,1055
177865,980,1055
177866,980,1055
177867,982,1055
177868,984,1054
177869,986,1050
177870,984,1049
177871,982,1050
177872,981,1049
177873,983,1056
177874,984,1055
177875,985,1055
177876,985,1054
177877,984,1048
177878,980,1048
177879,981,1048
177880,987,1055
177881,986,1056
177882,984,1056
177883,982,1054
177884,980,1052
177885,981,1052
177886,985,1055
177887,988,1050
177888,986,1045
177889,983,1044
177890,982,1049
177891,983,1054
177892,984,1054
177893,983,1048
177894,982,1049
177895,980,1042
177896,979,1042
177897,980,1045
177898,984,1048
177899,985,1049
177900,984,1048
177901,979,1047
177902,980,1046
177903,983,1047
177904,985,1049
177905,985,1046
177906,984,1042
177907,979,1041
177908,979,1042
177909,979,1044
177910,981,1050
177911,984,1049
177912,983,1046
177913,980,1045
177914,977,1048
177915,976,1052
177916,978,1055
177917,980,1052
177918,981,1045
177919,977,1044
177920,975,1044
177921,975,1046
177922,979,1048
177923,981,1046
177924,977,1043
177925,974,1042
177926,971,1044
177927,974,1049
177928,977,1049
177929,978,1046
177930,976,1041
177931,969,1039
177932,971,1040
177933,973,1044
177934,974,1047
177935,975,1048
177936,971,1045
177937,969,1045
177938,969,1045
177939,970,1048
177940,971,1053
177941,974,1049
177942,972,1051
177943,968,1049
177944,967,1051
177945,971,1053
177946,971,1058
177947,974,1056
177948,974,1052
177949,972,1049
177950,971,1052
177951,970,1056
177952,974,1058
177953,973,1055
177954,971,1054
177955,969,1051
177956,968,1051
177957,968,1053
177958,972,1052
177959,973,1047
177960,973,1044
177961,970,1044
177962,966,1046
177963,969,1053
177964,971,1058
177965,974,1054
177966,973,1050
177967,970,1047
177968,969,1050
177969,969,1051
177970,973,1053
177971,974,1048
177972,972,1046
177973,973,1043
177974,972,1045
177975,976,1048
177976,977,1048
177977,980,1046
177978,976,1040
177979,976,1037
177980,972,1041
177981,974,1045
177982,977,1049
177983,979,1047
177984,978,1046
177985,976,1043
177986,976,1049
177987,977,1049
177988,983,1055
177989,985,1053
177990,986,1051
177991,988,1045
177992,991,1045
177993,998,1042
177994,1010,1040
177995,1021,1038
177996,1030,1031
177997,1040,1027
177998,1053,1029
177999,1072,1026
178000,1089,1022
178001,1109,1011
178002,1124,1004
178003,1141,1002
178004,1155,1012
178005,1166,1026
178006,1168,1050
178007,1160,1060
178008,1138,1065
178009,1109,1063
178010,1077,1072
178011,1046,1088
178012,1021,1103
178013,995,1107
178014,982,1111
178015,973,1103
178016,971,1092
178017,975,1077
178018,976,1068
178019,977,1057
178020,972,1052
178021,968,1049
178022,965,1046
178023,966,1047
178024,965,1050
178025,966,1048
178026,963,1046
178027,958,1044
178028,954,1046
178029,956,1046
178030,956,1050
178031,955,1047
178032,949,1046
178033,951,1042
178034,949,1042
178035,950,1043
178036,952,1047
178037,952,1046
178038,952,1047
178039,947,1046
178040,945,1048
178041,949,1053
178042,950,1057
178043,951,1059
178044,951,1059
178045,947,1056
178046,947,1054
178047,950,1053
178048,951,1051
178049,953,1046
178050,953,1045
178051,952,1038
178052,950,1040
178053,952,1041
178054,956,1043
178055,958,1041
178056,955,1044
178057,956,1039
178058,953,1043
178059,955,1045
178060,957,1047
178061,960,1046
178062,959,1043
178063,953,1041
178064,954,1043
178065,955,1044
178066,957,1047
178067,960,1045
178068,959,1041
178069,956,1041
178070,957,1035
178071,959,1038
178072,961,1038
178073,962,1035
178074,964,1032
178075,964,1028
178076,965,1029
178077,967,1030
178078,970,1029
178079,975,1029
178080,975,1024
178081,971,1025
178082,972,1023
178083,975,1025
178084,980,1026
178085,982,1027
178086,984,1019
178087,983,1013
178088,983,1009
178089,986,1011
178090,989,1013
178091,993,1011
178092,991,1010
178093,988,1006
178094,989,1010
178095,990,1014
178096,995,1016
178097,997,1014
178098,994,1008
178099,993,1000
178100,993,1000
178101,995,1001
178102,1001,1002
178103,1003,1003
178104,1001,1000
178105,1000,1001
178106,998,1000
178107,997,1002
178108,1000,1003
178109,1004,1005
178110,1000,1005
178111,996,1004
178112,993,1009
178113,995,1014
178114,994,1019
178115,997,1020
178116,996,1021
178117,992,1018
178118,991,1020
178119,990,1024
178120,994,1025
178121,991,1028
178122,988,1028
178123,983,1030
178124,980,1035
178125,981,1039
178126,984,1038
178127,984,1036
178128,979,1034
178129,973,1038
178130,972,1043
178131,972,1049
178132,974,1055
178133,973,1052
178134,973,1049
178135,968,1047
178136,966,1047
178137,968,1052
178138,971,1055
178139,971,1055
178140,968,1051
178141,963,1051
178142,961,1052
178143,963,1059
178144,965,1061
178145,967,1061
178146,963,1059
178147,961,1057
178148,962,1062
178149,964,1068
178150,969,1070
178151,968,1068
178152,968,1067
178153,963,1065
178154,964,1070
178155,967,1073
178156,973,1071
178157,973,1064
178158,970,1063
178159,968,1060
178160,968,1063
178161,969,1070
178162,972,1071
178163,975,1066
178164,974,1060
178165,971,1057
178166,972,1059
178167,975,1059
178168,980,1061
178169,984,1062
178170,984,1057
178171,984,1055
178172,985,1055
178173,990,1061
178174,1000,1064
178175,1005,1063
178176,1005,1061
178177,1005,1058
178178,1008,1061
178179,1015,1065
178180,1025,1066
178181,1034,1061
178182,1044,1050
178183,1050,1035
178184,1057,1021
178185,1067,1014
178186,1077,1002
178187,1086,992
178188,1094,978
178189,1103,964
178190,1112,956
178191,1124,947
178192,1135,937
178193,1146,920
178194,1154,901
178195,1162,883
178196,1174,872
178197,1186,866
178198,1194,863
178199,1201,858
178200,1200,857
178201,1196,861
178202,1195,866
178203,1192,870
178204,1191,874
178205,1184,875
178206,1175,874
178207,1159,879
178208,1144,880
178209,1131,886
178210,1117,899
178211,1101,909
178212,1082,918
178213,1063,927
178214,1048,935
178215,1041,946
178216,1036,957
178217,1030,963
178218,1022,968
178219,1016,975
178220,1011,984
178221,1012,995
178222,1014,1000
178223,1016,996
178224,1014,996
178225,1015,995
178226,1021,1000
178227,1028,1008
178228,1036,1011
178229,1032,1009
178230,1019,1009
178231,996,1012
178232,970,1022
178233,951,1035
178234,943,1046
178235,935,1058
178236,925,1064
178237,914,1071
178238,906,1080
178239,905,1085
178240,903,1088
178241,904,1087
178242,898,1088
178243,896,1089
178244,891,1093
178245,891,1097
178246,889,1101
178247,890,1101
178248,886,1101
178249,883,1100
178250,876,1104
178251,876,1109
178252,880,1111
178253,878,1113
178254,876,1115
178255,870,1111
178256,868,1113
178257,871,1117
178258,870,1119
178259,869,1120
178260,866,1120
178261,862,1119
178262,861,1123
178263,865,1127
178264,867,1132
178265,867,1133
178266,862,1132
178267,856,1131
178268,856,1133
178269,858,1134
178270,862,1137
178271,863,1136
178272,861,1137
178273,855,1132
178274,851,1135
178275,851,1138
178276,855,1144
178277,858,1142
178278,855,1140
178279,855,1138
178280,849,1141
178281,849,1146
178282,851,1153
178283,848,1152
178284,848,1151
178285,844,1151
178286,845,1153
178287,846,1158
178288,848,1162
178289,852,1162
178290,850,1159
178291,853,1160
178292,853,1159
178293,857,1164
178294,862,1168
178295,862,1168
178296,869,1165
178297,870,1163
178298,874,1161
178299,877,1164
178300,881,1162
178301,886,1157
178302,890,1151
178303,889,1147
178304,893,1146
178305,899,1146
178306,908,1140
178307,914,1133
178308,915,1127
178309,914,1124
178310,918,1120
178311,924,1119
178312,929,1122
178313,934,1115
178314,934,1110
178315,934,1104
178316,937,1102
178317,940,1104
178318,946,1102
178319,949,1096
178320,949,1091
178321,947,1086
178322,947,1088
178323,949,1089
178324,953,1090
178325,953,1083
178326,955,1077
178327,953,1072
178328,950,1068
178329,950,1067
178330,949,1069
178331,952,1066
178332,949,1064
178333,946,1063
178334,945,1066
178335,945,1065
178336,949,1067
178337,949,1064
178338,949,1063
178339,945,1062
178340,941,1065
178341,942,1072
178342,947,1077
178343,949,1077
178344,946,1073
178345,943,1066
178346,944,1064
178347,947,1064
178348,947,1068
178349,949,1067
178350,948,1067
178351,944,1065
178352,944,1062
178353,948,1067
178354,952,1070
178355,951,1069
178356,951,1066
178357,949,1060
178358,946,1062
178359,947,1066
178360,951,1067
178361,951,1067
178362,948,1063
178363,947,1063
178364,948,1064
178365,949,1068
178366,951,1070
178367,952,1069
178368,951,1066
178369,949,1065
178370,946,1064
178371,951,1063
178372,953,1059
178373,951,1055
178374,951,1054
178375,946,1052
178376,948,1055
178377,952,1060
178378,956,1063
178379,956,1061
178380,955,1053
178381,951,1051
178382,949,1055
178383,950,1057
178384,950,1060
178385,951,1057
178386,949,1056
178387,950,1054
178388,950,1056
178389,952,1058
178390,958,1062
178391,956,1060
178392,954,1056
178393,952,1057
178394,951,1058
178395,954,1060
178396,958,1063
178397,958,1062
178398,953,1061
178399,951,1061
178400,949,1066
178401,953,1064
178402,956,1067
178403,956,1066
178404,953,1063
178405,952,1062
178406,948,1063
178407,951,1063
178408,956,1061
178409,957,1060
178410,955,1055
178411,952,1050
178412,951,1049
178413,951,1050
178414,953,1054
178415,953,1055
178416,955,1047
178417,953,1045
178418,947,1045
178419,948,1047
178420,951,1053
178421,953,1052
178422,951,1052
178423,948,1049
178424,945,1048
178425,947,1053
178426,950,1054
178427,951,1050
178428,950,1047
178429,945,1048
178430,948,1050
178431,949,1055
178432,952,1055
178433,955,1055
178434,951,1054
178435,950,1053
178436,949,1055
178437,951,1055
178438,954,1055
178439,955,1053
178440,953,1051
178441,949,1052
178442,949,1054
178443,952,1059
178444,957,1055
178445,956,1053
178446,953,1051
178447,948,1049
178448,946,1050
178449,950,1054
178450,955,1059
178451,955,1055
178452,955,1055
178453,953,1053
178454,951,1053
178455,953,1055
178456,956,1059
178457,955,1055
178458,956,1052
178459,951,1048
178460,951,1045
178461,954,1046
178462,958,1048
178463,958,1048
178464,956,1046
178465,953,1048
178466,952,1047
178467,954,1048
178468,958,1051
178469,958,1050
178470,957,1049
178471,953,1051
178472,953,1053
178473,954,1058
178474,956,1058
178475,959,1057
178476,958,1054
178477,957,1048
178478,955,1050
178479,954,1052
178480,959,1055
178481,958,1054
178482,958,1052
178483,954,1048
178484,954,1052
178485,954,1054
178486,956,1054
178487,957,1053
178488,959,1051
178489,955,1048
178490,956,1049
178491,956,1053
178492,959,1057
178493,964,1058
178494,963,1056
178495,960,1055
178496,954,1055
178497,957,1055
178498,960,1058
178499,961,1057
178500,959,1059
178501,956,1056
178502,956,1058
178503,960,1058
178504,963,1055
178505,962,1050
178506,962,1043
178507,959,1041
178508,961,1040
178509,961,1044
178510,965,1046
178511,968,1043
178512,964,1038
178513,960,1031
178514,957,1034
178515,959,1041
178516,960,1047
178517,965,1047
178518,961,1043
178519,961,1042
178520,960,1043
178521,963,1045
178522,967,1047
178523,969,1046
178524,966,1044
178525,964,1042
178526,964,1042
178527,967,1045
178528,970,1050
178529,967,1048
178530,968,1046
178531,969,1043
178532,966,1047
178533,969,1048
178534,973,1052
178535,975,1050
178536,973,1048
178537,970,1046
178538,971,1045
178539,970,1046
178540,975,1049
178541,976,1051
178542,975,1050
178543,972,1045
178544,978,1046
178545,984,1047
178546,990,1046
178547,1003,1040
178548,1012,1037
178549,1024,1033
178550,1039,1031
178551,1061,1033
178552,1080,1036
178553,1102,1030
178554,1125,1020
178555,1148,1013
178556,1177,1009
178557,1203,1014
178558,1224,1023
178559,1240,1032
178560,1247,1044
178561,1239,1054
178562,1221,1059
178563,1188,1061
178564,1147,1065
178565,1100,1070
178566,1050,1075
178567,1006,1078
178568,977,1081
178569,969,1083
178570,972,1082
178571,977,1072
178572,980,1061
178573,981,1055
178574,979,1050
178575,979,1049
178576,980,1049
178577,977,1045
178578,974,1042
178579,967,1040
178580,966,1044
178581,965,1048
178582,965,1051
178583,968,1050
178584,964,1046
178585,961,1047
178586,961,1047
178587,963,1048
178588,962,1053
178589,965,1051
178590,961,1048
178591,955,1046
178592,955,1049
178593,956,1049
178594,958,1052
178595,957,1049
178596,953,1046
178597,953,1040
178598,950,1040
178599,952,1041
178600,955,1041
178601,954,1042
178602,955,1039
178603,953,1038
178604,954,1037
178605,956,1041
178606,958,1044
178607,962,1043
178608,956,1040
178609,956,1039
178610,955,1042
178611,960,1045
178612,962,1046
178613,962,1043
178614,962,1040
178615,961,1040
178616,959,1042
178617,962,1045
178618,964,1046
178619,965,1042
178620,965,1041
178621,964,1038
178622,966,1042
178623,967,1046
178624,972,1048
178625,972,1048
178626,969,1043
178627,968,1035
178628,969,1035
178629,974,1036
178630,981,1036
178631,980,1034
178632,979,1032
178633,978,1032
178634,980,1027
178635,982,1029
178636,987,1029
178637,986,1029
178638,986,1026
178639,985,1023
178640,986,1025
178641,990,1026
178642,991,1027
178643,995,1024
178644,996,1020
178645,994,1018
178646,994,1016
178647,997,1021
178648,1002,1021
178649,1003,1018
178650,1003,1015
178651,1002,1011
178652,1001,1013
178653,1005,1012
178654,1008,1014
178655,1010,1013
178656,1011,1008
178657,1010,1006
178658,1010,1008
178659,1015,1009
178660,1018,1011
178661,1017,1011
178662,1019,1010
178663,1018,1008
178664,1021,1009
178665,1022,1012
178666,1025,1015
178667,1028,1014
178668,1026,1013
178669,1022,1014
178670,1022,1016
178671,1026,1020
178672,1027,1025
178673,1026,1027
178674,1024,1027
178675,1022,1025
178676,1019,1030
178677,1019,1031
178678,1021,1035
178679,1020,1034
178680,1015,1032
178681,1012,1033
178682,1008,1034
178683,1009,1040
178684,1010,1043
178685,1008,1042
178686,1005,1040
178687,1002,1039
178688,1001,1042
178689,1003,1042
178690,1002,1046
178691,1002,1045
178692,999,1045
178693,994,1044
178694,993,1048
178695,995,1052
178696,996,1058
178697,997,1057
178698,995,1053
178699,990,1053
178700,987,1054
178701,989,1062
178702,994,1060
178703,994,1058
178704,989,1054
178705,989,1051
178706,988,1050
178707,988,1051
178708,992,1049
178709,992,1046
178710,988,1043
178711,987,1039
178712,984,1041
178713,989,1045
178714,992,1047
178715,993,1046
178716,994,1045
178717,992,1041
178718,993,1044
178719,994,1045
178720,996,1047
178721,999,1049
178722,998,1044
178723,997,1044
178724,997,1047
178725,998,1049
178726,1002,1048
178727,1004,1044
178728,1002,1042
178729,998,1041
178730,994,1041
178731,1000,1046
178732,1001,1045
178733,1003,1044
178734,1002,1040
178735,1001,1039
178736,1002,1040
178737,1000,1043
178738,1005,1047
178739,1007,1043
178740,1004,1041
178741,1001,1036
178742,999,1036
178743,1002,1038
178744,1005,1040
178745,1004,1039
178746,1003,1039
178747,998,1037
178748,1000,1039
178749,998,1040
178750,1001,1044
178751,1002,1045
178752,1001,1042
178753,998,1046
178754,999,1049
178755,998,1054
178756,1000,1059
178757,1000,1059
178758,999,1054
178759,996,1049
178760,997,1048
178761,998,1046
178762,1001,1046
178763,1001,1045
178764,1000,1041
178765,996,1040
178766,994,1040
178767,996,1042
178768,996,1048
178769,999,1048
178770,996,1045
178771,995,1043
178772,993,1045
178773,994,1044
178774,999,1045
178775,999,1044
178776,997,1043
178777,991,1042
178778,992,1047
178779,994,1052
178780,997,1050
178781,998,1045
178782,998,1043
178783,994,1036
178784,993,1038
178785,999,1040
178786,1000,1045
178787,1001,1044
178788,998,1042
178789,996,1041
178790,992,1043
178791,997,1045
178792,1002,1049
178793,1006,1049
178794,1005,1050
178795,1001,1049
178796,1000,1044
178797,1003,1043
178798,1008,1044
178799,1009,1041
178800,1013,1039
178801,1011,1034
178802,1013,1033
178803,1021,1031
178804,1030,1035
178805,1039,1031
178806,1049,1029
178807,1066,1029
178808,1087,1032
178809,1118,1033
178810,1151,1028
178811,1184,1017
178812,1218,1010
178813,1247,1005
178814,1277,1010
178815,1294,1024
178816,1290,1039
178817,1263,1048
178818,1217,1046
178819,1163,1048
178820,1108,1060
178821,1056,1070
178822,1015,1076
178823,988,1076
178824,979,1074
178825,983,1066
178826,989,1059
178827,994,1051
178828,997,1050
178829,997,1043
178830,993,1040
178831,988,1040
178832,983,1040
178833,988,1039
178834,990,1041
178835,986,1042
178836,983,1038
178837,980,1036
178838,979,1039
178839,980,1043
178840,983,1046
178841,982,1042
178842,980,1041
178843,978,1039
178844,975,1039
178845,978,1046
178846,981,1048
178847,981,1046
178848,979,1041
178849,975,1038
178850,975,1039
178851,978,1041
178852,978,1044
178853,979,1043
178854,977,1042
178855,975,1035
178856,974,1038
178857,977,1041
178858,980,1043
178859,982,1045
178860,980,1044
178861,980,1046
178862,983,1050
178863,985,1048
178864,990,1049
178865,988,1044
178866,989,1039
178867,984,1038
178868,984,1038
178869,990,1041
178870,993,1043
178871,992,1039
178872,991,1036
178873,990,1037
178874,989,1038
178875,991,1040
178876,992,1042
178877,992,1037
178878,993,1033
178879,989,1031
178880,990,1030
178881,999,1031
178882,1004,1034
178883,1004,1034
178884,1001,1032
178885,1001,1030
178886,1002,1027
178887,1005,1026
178888,1010,1025
178889,1013,1022
178890,1015,1018
178891,1011,1015
178892,1013,1017
178893,1018,1015
178894,1022,1018
178895,1023,1013
178896,1023,1010
178897,1022,1007
178898,1019,1004
178899,1023,1008
178900,1023,1007
178901,1026,1005
178902,1025,1003
178903,1022,1000
178904,1021,1001
178905,1024,1005
178906,1027,1007
178907,1030,1003
178908,1030,1002
178909,1029,1000
178910,1029,1003
178911,1033,1008
178912,1038,1015
178913,1038,1012
178914,1036,1008
178915,1034,1007
178916,1031,1007
178917,1030,1014
178918,1034,1019
178919,1031,1022
178920,1028,1023
178921,1026,1024
178922,1024,1026
178923,1021,1031
178924,1021,1035
178925,1021,1036
178926,1017,1035
178927,1013,1035
178928,1009,1035
178929,1007,1041
178930,1009,1044
178931,1005,1044
178932,1001,1042
178933,999,1042
178934,996,1043
178935,998,1045
178936,999,1047
178937,999,1048
178938,997,1042
178939,993,1046
178940,990,1047
178941,991,1049
178942,995,1054
178943,994,1056
178944,989,1055
178945,987,1050
178946,987,1049
178947,987,1049
178948,991,1052
178949,991,1049
178950,989,1047
178951,986,1047
178952,988,1050
178953,992,1055
178954,992,1059
178955,995,1059
178956,993,1056
178957,989,1054
178958,992,1057
178959,995,1061
178960,1002,1062
178961,1002,1057
178962,1001,1053
178963,998,1050
178964,999,1052
178965,1002,1056
178966,1005,1061
178967,1004,1060
178968,1002,1060
178969,999,1058
178970,998,1056
178971,1005,1055
178972,1006,1061
178973,1007,1057
178974,1004,1053
178975,1001,1047
178976,1000,1048
178977,1005,1051
178978,1002,1053
178979,1004,1051
178980,1002,1048
178981,999,1046
178982,999,1048
178983,1000,1047
178984,1002,1049
178985,1003,1052
178986,999,1048
178987,997,1046
178988,993,1049
178989,994,1050
178990,999,1050
178991,999,1049
178992,997,1045
178993,994,1044
178994,994,1046
178995,996,1047
178996,999,1051
178997,998,1046
178998,993,1044
178999,993,1042
179000,992,1046
179001,993,1046
179002,997,1049
179003,998,1049
179004,997,1049
179005,994,1042
179006,992,1046
179007,995,1047
179008,997,1049
179009,997,1051
179010,995,1048
179011,992,1045
179012,992,1046
179013,996,1052
179014,1000,1056
179015,999,1059
179016,997,1057
179017,995,1055
179018,992,1057
179019,997,1056
179020,1001,1055
179021,1001,1051
179022,1001,1050
179023,998,1050
179024,1000,1053
179025,1002,1052
179026,1005,1052
179027,1003,1046
179028,1000,1041
179029,997,1035
179030,999,1041
179031,1001,1044
179032,1003,1049
179033,1001,1043
179034,1001,1041
179035,999,1040
179036,999,1042
179037,1001,1045
179038,1006,1046
179039,1007,1046
179040,1007,1040
179041,1008,1040
179042,1012,1039
179043,1018,1039
179044,1036,1041
179045,1054,1040
179046,1072,1039
179047,1095,1036
179048,1123,1032
179049,1158,1027
179050,1190,1022
179051,1225,1017
179052,1252,1016
179053,1279,1018
179054,1295,1035
179055,1294,1053
179056,1270,1062
179057,1229,1058
179058,1181,1057
179059,1127,1064
179060,1073,1072
179061,1029,1079
179062,1004,1078
179063,994,1073
179064,995,1066
179065,998,1061
179066,1002,1057
179067,1004,1054
179068,1004,1055
179069,1000,1058
179070,994,1057
179071,990,1053
179072,987,1054
179073,985,1051
179074,986,1050
179075,984,1044
179076,981,1040
179077,974,1041
179078,978,1044
179079,981,1045
179080,981,1048
179081,977,1048
179082,976,1045
179083,971,1042
179084,971,1044
179085,971,1046
179086,973,1046
179087,974,1042
179088,973,1044
179089,968,1041
179090,972,1044
179091,972,1046
179092,973,1050
179093,975,1049
179094,972,1046
179095,968,1047
179096,969,1049
179097,972,1051
179098,975,1054
179099,977,1050
179100,976,1049
179101,975,1048
179102,972,1050
179103,976,1054
179104,980,1057
179105,980,1058
179106,980,1055
179107,978,1050
179108,977,1046
179109,979,1047
179110,983,1046
179111,983,1046
179112,981,1044
179113,979,1043
179114,980,1046
179115,982,1053
179116,987,1052
179117,986,1053
179118,985,1049
179119,986,1048
179120,988,1043
179121,990,1041
179122,994,1035
179123,994,1031
179124,995,1027
179125,993,1024
179126,994,1027
179127,999,1027
179128,1004,1026
179129,1006,1023
179130,1005,1018
179131,1004,1015
179132,1005,1016
179133,1008,1016
179134,1012,1017
179135,1013,1016
179136,1012,1012
179137,1010,1012
179138,1013,1014
179139,1017,1018
179140,1021,1017
179141,1022,1016
179142,1022,1012
179143,1020,1011
179144,1021,1014
179145,1023,1019
179146,1030,1016
179147,1030,1018
179148,1029,1017
179149,1026,1017
179150,1026,1022
179151,1029,1023
179152,1032,1026
179153,1031,1026
179154,1025,1023
179155,1023,1029
179156,1023,1034
179157,1023,1036
179158,1023,1038
179159,1022,1035
179160,1015,1033
179161,1010,1033
179162,1012,1034
179163,1012,1041
179164,1012,1040
179165,1011,1042
179166,1006,1041
179167,999,1040
179168,1002,1045
179169,1001,1049
179170,1002,1052
179171,999,1050
179172,995,1048
179173,990,1045
179174,988,1046
179175,990,1049
179176,991,1054
179177,988,1052
179178,987,1048
179179,980,1047
179180,979,1045
179181,982,1047
179182,985,1047
179183,982,1046
179184,981,1044
179185,979,1042
179186,978,1045
179187,979,1050
179188,983,1054
179189,982,1055
179190,979,1056
179191,974,1054
179192,973,1054
179193,978,1055
179194,981,1054
179195,983,1051
179196,981,1048
179197,981,1048
179198,978,1048
179199,982,1051
179200,984,1054
179201,988,1055
179202,983,1058
179203,981,1059
179204,983,1063
179205,988,1067
179206,990,1066
179207,989,1056
179208,988,1046
179209,988,1042
179210,985,1041
179211,990,1043
179212,991,1044
179213,990,1043
179214,990,1041
179215,988,1036
179216,987,1040
179217,989,1043
179218,993,1042
179219,993,1042
179220,991,1040
179221,989,1041
179222,985,1044
179223,989,1045
179224,992,1047
179225,991,1047
179226,989,1041
179227,985,1038
179228,985,1044
179229,984,1045
179230,989,1049
179231,990,1047
179232,988,1045
179233,987,1044
179234,985,1043
179235,986,1044
179236,986,1043
179237,984,1042
179238,983,1041
179239,984,1042
179240,981,1044
179241,984,1046
179242,983,1048
179243,985,1047
179244,983,1046
179245,982,1043
179246,982,1045
179247,984,1051
179248,984,1053
179249,984,1051
179250,981,1049
179251,978,1048
179252,979,1046
179253,981,1048
179254,983,1051
179255,984,1050
179256,985,1049
179257,980,1049
179258,981,1054
179259,981,1057
179260,987,1058
179261,987,1053
179262,985,1048
179263,985,1046
179264,981,1046
179265,986,1048
179266,987,1052
179267,985,1048
179268,982,1048
179269,979,1047
179270,978,1049
179271,982,1051
179272,983,1052
179273,984,1050
179274,981,1048
179275,975,1047
179276,978,1052
179277,976,1055
179278,980,1054
179279,979,1050
179280,981,1046
179281,977,1042
179282,976,1045
179283,978,1045
179284,983,1039
179285,982,1038
179286,981,1036
179287,980,1034
179288,977,1036
179289,981,1037
179290,983,1044
179291,983,1043
179292,979,1040
179293,978,1041
179294,980,1038
179295,984,1039
179296,986,1043
179297,985,1043
179298,981,1041
179299,983,1039
179300,982,1037
179301,986,1041
179302,982,1038
179303,985,1038
179304,983,1034
179305,983,1033
179306,984,1037
179307,982,1041
179308,985,1045
179309,986,1046
179310,984,1045
179311,982,1044
179312,981,1044
179313,982,1047
179314,985,1047
179315,986,1046
179316,985,1042
179317,982,1043
179318,981,1046
179319,984,1048
179320,984,1050
179321,987,1048
179322,984,1046
179323,982,1047
179324,980,1046
179325,984,1051
179326,985,1053
179327,985,1050
179328,983,1048
179329,980,1045
179330,982,1046
179331,985,1048
179332,988,1047
179333,989,1045
179334,987,1040
179335,986,1039
179336,985,1040
179337,989,1045
179338,994,1045
179339,996,1044
179340,993,1039
179341,993,1037
179342,994,1037
179343,998,1042
179344,1000,1040
179345,1005,1034
179346,1011,1031
179347,1019,1025
179348,1030,1024
179349,1050,1025
179350,1072,1023
179351,1096,1021
179352,1119,1014
179353,1145,1011
179354,1172,1005
179355,1207,1004
179356,1237,1007
179357,1262,1009
179358,1271,1019
179359,1264,1032
179360,1243,1042
179361,1209,1052
179362,1166,1059
179363,1124,1061
179364,1077,1062
179365,1036,1063
179366,1005,1064
179367,993,1061
179368,995,1056
179369,1001,1047
179370,1004,1039
179371,996,1035
179372,994,1034
179373,992,1037
179374,989,1039
179375,987,1036
179376,983,1032
179377,977,1030
179378,974,1031
179379,973,1034
179380,977,1037
179381,976,1037
179382,970,1034
179383,969,1033
179384,970,1034
179385,969,1035
179386,973,1035
179387,969,1032
179388,971,1027
179389,969,1026
179390,966,1026
179391,967,1029
179392,969,1034
179393,970,1032
179394,967,1031
179395,968,1028
179396,966,1032
179397,967,1034
179398,970,1038
179399,968,1039
179400,966,1037
179401,964,1036
179402,963,1038
179403,964,1043
179404,965,1044
179405,968,1041
179406,965,1039
179407,962,1037
179408,960,1039
179409,963,1041
179410,966,1043
179411,966,1040
179412,967,1038
179413,967,1035
179414,968,1039
179415,968,1037
179416,972,1039
179417,975,1037
179418,974,1035
179419,970,1034
179420,972,1033
179421,974,1033
179422,978,1035
179423,980,1034
179424,980,1028
179425,978,1029
179426,978,1028
179427,982,1030
179428,987,1031
179429,990,1027
179430,992,1024
179431,990,1021
179432,993,1023
179433,994,1025
179434,999,1023
179435,1003,1021
179436,1000,1017
179437,999,1014
179438,1000,1015
179439,1001,1017
179440,1004,1017
179441,1003,1016
179442,1006,1011
179443,1002,1007
179444,999,1007
179445,1003,1008
179446,1008,1008
179447,1010,1008
179448,1008,1005
179449,1004,1003
179450,1005,1006
179451,1010,1009
179452,1015,1011
179453,1013,1007
179454,1010,1005
179455,1007,1005
179456,1006,1006
179457,1007,1007
179458,1010,1006
179459,1011,1007
179460,1010,1003
179461,1004,1003
179462,1000,1007
179463,1002,1011
179464,1002,1014
179465,1000,1011
179466,996,1011
179467,990,1010
179468,991,1013
179469,992,1020
179470,993,1025
179471,990,1025
179472,986,1024
179473,982,1025
179474,980,1026
179475,981,1032
179476,981,1036
179477,982,1036
179478,978,1032
179479,974,1032
179480,974,1035
179481,977,1038
179482,977,1040
179483,976,1037
179484,975,1037
179485,970,1037
179486,971,1038
179487,973,1044
179488,975,1045
179489,978,1043
179490,975,1043
179491,971,1043
179492,971,1045
179493,973,1046
179494,975,1047
179495,974,1046
179496,972,1044
179497,975,1043
179498,974,1044
179499,973,1048
179500,975,1049
179501,977,1048
179502,977,1047
179503,973,1044
179504,973,1042
179505,976,1045
179506,981,1044
179507,981,1039
179508,978,1034
179509,977,1031
179510,975,1031
179511,978,1035
179512,978,1034
179513,980,1034
179514,979,1034
179515,975,1029
179516,973,1034
179517,976,1038
179518,977,1039
179519,975,1038
179520,975,1036
179521,971,1033
179522,973,1035
179523,975,1039
179524,978,1040
179525,977,1039
179526,975,1035
179527,971,1033
179528,972,1033
179529,973,1035
179530,973,1036
179531,973,1031
179532,971,1027
179533,966,1024
179534,968,1026
179535,970,1030
179536,973,1032
179537,974,1028
179538,971,1026
179539,969,1027
179540,968,1027
179541,971,1030
179542,975,1031
179543,975,1029
179544,972,1030
179545,970,1029
179546,969,1029
179547,973,1030
179548,972,1035
179549,973,1030
179550,970,1028
179551,970,1028
179552,968,1034
179553,973,1034
179554,976,1036
179555,973,1034
179556,973,1034
179557,970,1034
179558,969,1035
179559,972,1038
179560,975,1042
179561,976,1039
179562,974,1036
179563,971,1033
179564,974,1035
179565,976,1037
179566,979,1037
179567,979,1035
179568,978,1032
179569,975,1030
179570,979,1029
179571,988,1029
179572,998,1028
179573,1009,1025
179574,1023,1023
179575,1043,1020
179576,1066,1018
179577,1098,1017
179578,1132,1013
179579,1170,1009
179580,1197,1008
179581,1220,1015
179582,1231,1028
179583,1225,1040
179584,1203,1049
179585,1158,1050
179586,1102,1049
179587,1047,1056
179588,997,1064
179589,968,1071
179590,959,1073
179591,962,1065
179592,965,1057
179593,969,1047
179594,967,1042
179595,966,1039
179596,966,1040
179597,961,1041
179598,959,1036
179599,954,1038
179600,955,1038
179601,954,1043
179602,953,1045
179603,954,1040
179604,951,1039
179605,946,1037
179606,949,1036
179607,951,1039
179608,950,1039
179609,951,1036
179610,946,1031
179611,946,1026
179612,944,1027
179613,945,1028
179614,946,1029
179615,946,1028
179616,945,1026
179617,942,1024
179618,941,1029
179619,945,1029
179620,948,1031
179621,945,1029
179622,944,1027
179623,940,1026
179624,940,1029
179625,943,1032
179626,946,1034
179627,948,1031
179628,946,1026
179629,945,1023
179630,944,1023
179631,946,1024
179632,950,1026
179633,948,1024
179634,945,1022
179635,944,1019
179636,945,1021
179637,949,1024
179638,952,1026
179639,954,1023
179640,953,1021
179641,948,1022
179642,954,1021
179643,955,1023
179644,958,1024
179645,961,1019
179646,958,1019
179647,957,1018
179648,957,1020
179649,962,1019
179650,968,1016
179651,969,1012
179652,969,1007
179653,969,1005
179654,971,1002
179655,976,1003
179656,977,1001
179657,981,995
179658,980,993
179659,977,990
179660,979,990
179661,983,992
179662,985,992
179663,988,989
179664,986,986
179665,985,984
179666,984,984
179667,988,987
179668,991,988
179669,991,988
179670,990,986
179671,985,983
179672,987,987
179673,990,990
179674,993,993
179675,992,993
179676,992,990
179677,988,993
179678,988,999
179679,987,1002
179680,990,1007
179681,992,1008
179682,989,1009
179683,986,1011
179684,984,1013
179685,983,1019
179686,984,1024
179687,982,1026
179688,976,1024
179689,969,1024
179690,969,1028
179691,972,1030
179692,975,1037
179693,971,1036
179694,969,1036
179695,964,1037
179696,966,1036
179697,969,1041
179698,971,1040
179699,970,1042
179700,967,1039
179701,964,1040
179702,963,1042
179703,963,1044
179704,967,1044
179705,967,1045
179706,967,1041
179707,962,1042
179708,964,1043
179709,963,1044
179710,966,1045
179711,969,1044
179712,967,1042
179713,964,1040
179714,964,1043
179715,967,1045
179716,971,1044
179717,973,1041
179718,971,1037
179719,970,1038
179720,967,1039
179721,966,1039
179722,969,1043
179723,972,1038
179724,973,1037
179725,967,1037
179726,968,1037
179727,968,1039
179728,974,1040
179729,972,1037
179730,971,1034
179731,968,1033
179732,970,1036
179733,973,1036
179734,976,1035
179735,976,1032
179736,975,1027
179737,970,1024
179738,971,1027
179739,975,1031
179740,979,1033
179741,975,1031
179742,975,1027
179743,973,1027
179744,972,1029
179745,974,1036
179746,977,1037
179747,976,1034
179748,975,1032
179749,973,1031
179750,971,1031
179751,974,1033
179752,978,1033
179753,975,1034
179754,975,1030
179755,972,1027
179756,970,1031
179757,973,1034
179758,975,1034
179759,976,1030
179760,972,1030
179761,970,1029
179762,970,1031
179763,972,1030
179764,976,1033
179765,976,1033
179766,972,1029
179767,969,1029
179768,970,1028
179769,972,1033
179770,975,1035
179771,974,1032
179772,970,1033
179773,968,1031
179774,969,1034
179775,971,1036
179776,975,1036
179777,973,1035
179778,974,1032
179779,972,1030
179780,971,1032
179781,972,1036
179782,972,1035
179783,973,1034
179784,971,1029
179785,968,1029
179786,971,1033
179787,972,1032
179788,976,1035
179789,977,1033
179790,974,1035
179791,971,1033
179792,972,1034
179793,976,1037
179794,978,1039
179795,977,1035
179796,976,1037
179797,974,1036
179798,973,1037
179799,977,1040
179800,979,1040
179801,980,1041
179802,979,1036
179803,974,1037
179804,974,1037
179805,977,1038
179806,981,1039
179807,980,1037
179808,978,1031
179809,979,1027
179810,976,1028
179811,982,1032
179812,986,1032
179813,986,1028
179814,985,1024
179815,986,1021
179816,992,1022
179817,1002,1022
179818,1016,1021
179819,1029,1014
179820,1043,1012
179821,1064,1010
179822,1091,1007
179823,1126,1007
179824,1160,997
179825,1188,990
179826,1216,984
179827,1235,985
179828,1250,996
179829,1252,1011
179830,1236,1023
179831,1201,1026
179832,1153,1027
179833,1101,1034
179834,1053,1046
179835,1013,1057
179836,987,1062
179837,977,1059
179838,975,1054
179839,977,1042
179840,982,1038
179841,982,1035
179842,983,1035
179843,980,1035
179844,976,1029
179845,972,1031
179846,972,1031
179847,973,1036
179848,972,1035
179849,971,1034
179850,968,1033
179851,966,1030
179852,964,1030
179853,966,1037
179854,968,1039
179855,968,1035
179856,967,1029
179857,963,1027
179858,961,1028
179859,963,1029
179860,968,1031
179861,967,1028
179862,966,1025
179863,960,1025
179864,960,1027
179865,965,1030
179866,966,1030
179867,966,1029
179868,963,1028
179869,960,1027
179870,960,1029
179871,964,1031
179872,966,1032
179873,966,1032
179874,965,1028
179875,963,1029
179876,962,1031
179877,963,1031
179878,965,1033
179879,969,1030
179880,965,1028
179881,963,1026
179882,962,1029
179883,966,1033
179884,970,1031
179885,969,1030
179886,968,1027
179887,969,1025
179888,970,1026
179889,973,1028
179890,976,1029
179891,976,1026
179892,976,1023
179893,974,1021
179894,975,1020
179895,979,1019
179896,983,1016
179897,983,1012
179898,982,1007
179899,983,1006
179900,983,1006
179901,988,1008
179902,995,1005
179903,995,1001
179904,993,998
179905,994,994
179906,995,998
179907,1000,996
179908,1005,995
179909,1006,994
179910,1004,989
179911,1000,986
179912,1002,988
179913,1007,990
179914,1011,991
179915,1011,986
179916,1011,987
179917,1008,985
179918,1009,990
179919,1014,991
179920,1015,991
179921,1016,992
179922,1013,991
179923,1009,990
179924,1012,994
179925,1012,997
179926,1012,1001
179927,1014,1001
179928,1011,1002
179929,1007,1002
179930,1007,1008
179931,1007,1016
179932,1009,1021
179933,1009,1020
179934,1003,1020
179935,997,1021
179936,996,1023
179937,999,1026
179938,1000,1027
179939,998,1028
179940,992,1027
179941,988,1026
179942,990,1030
179943,987,1031
179944,989,1030
179945,986,1029
179946,985,1030
179947,984,1029
179948,983,1032
179949,985,1035
179950,990,1037
179951,990,1034
179952,988,1032
179953,987,1032
179954,992,1033
179955,994,1036
179956,998,1036
179957,1001,1035
179958,999,1032
179959,1002,1030
179960,1005,1034
179961,1012,1037
179962,1021,1040
179963,1023,1039
179964,1025,1039
179965,1031,1040
179966,1041,1040
179967,1053,1038
179968,1067,1026
179969,1079,1011
179970,1088,994
179971,1098,975
179972,1110,965
179973,1128,954
179974,1147,942
179975,1159,927
179976,1172,909
179977,1184,889
179978,1203,870
179979,1221,856
179980,1239,841
179981,1247,826
179982,1249,819
179983,1246,813
179984,1243,813
179985,1240,813
179986,1239,813
179987,1232,810
179988,1220,809
179989,1206,806
179990,1189,810
179991,1175,816
179992,1161,820
179993,1140,824
179994,1118,831
179995,1094,840
179996,1074,855
179997,1060,866
179998,1049,879
179999,1045,893
180000,1038,902
180001,1032,912
180002,1029,921
180003,1024,933
180004,1027,940
180005,1032,951
180006,1037,957
180007,1045,966
180008,1054,972
180009,1061,984
180010,1058,987
180011,1041,993
180012,1014,998
180013,985,1007
180014,963,1018
180015,952,1034
180016,945,1044
180017,938,1052
180018,931,1059
180019,926,1063
180020,924,1067
180021,921,1072
180022,919,1078
180023,914,1080
180024,909,1081
180025,904,1082
180026,901,1086
180027,901,1091
180028,901,1097
180029,900,1096
180030,896,1096
180031,891,1094
180032,888,1099
180033,890,1103
180034,892,1106
180035,890,1105
180036,888,1104
180037,884,1105
180038,882,1109
180039,884,1115
180040,889,1117
180041,887,1115
180042,885,1112
180043,882,1115
180044,884,1117
180045,884,1123
180046,889,1125
180047,886,1126
180048,884,1125
180049,880,1127
180050,880,1128
180051,883,1135
180052,888,1138
180053,885,1137
180054,884,1133
180055,883,1133
180056,884,1135
180057,888,1142
180058,890,1143
180059,887,1144
180060,887,1144
180061,888,1145
180062,887,1147
180063,893,1150
180064,897,1153
180065,896,1152
180066,895,1151
180067,894,1149
180068,897,1154
180069,904,1157
180070,907,1157
180071,906,1156
180072,907,1153
180073,903,1153
180074,905,1155
180075,910,1158
180076,919,1158
180077,917,1154
180078,919,1150
180079,918,1146
180080,922,1145
180081,927,1142
180082,932,1141
180083,936,1134
180084,935,1129
180085,934,1121
180086,938,1118
180087,945,1117
180088,950,1111
180089,952,1107
180090,950,1099
180091,950,1095
180092,953,1092
180093,956,1092
180094,960,1088
180095,960,1085
180096,958,1078
180097,956,1074
180098,953,1074
180099,959,1074
180100,966,1069
180101,967,1064
180102,962,1056
180103,962,1052
180104,960,1053
180105,963,1051
180106,966,1050
180107,965,1047
180108,964,1044
180109,960,1041
180110,962,1042
180111,964,1040
180112,968,1040
180113,966,1038
180114,965,1035
180115,966,1033
180116,965,1038
180117,968,1042
180118,971,1039
180119,970,1038
180120,967,1037
180121,965,1034
180122,965,1040
180123,969,1042
180124,973,1043
180125,973,1043
180126,969,1041
180127,970,1042
180128,968,1043
180129,969,1046
180130,972,1049
180131,970,1046
180132,970,1041
180133,970,1039
180134,968,1039
180135,971,1040
180136,978,1040
180137,977,1038
180138,974,1034
180139,974,1031
180140,971,1034
180141,973,1038
180142,977,1038
180143,975,1033
180144,972,1033
180145,971,1032
180146,971,1032
180147,972,1035
180148,976,1036
180149,975,1034
180150,974,1032
180151,970,1029
180152,971,1032
180153,971,1036
180154,974,1037
180155,973,1035
180156,971,1030
180157,969,1029
180158,969,1032
180159,968,1029
180160,971,1032
180161,972,1029
180162,972,1029
180163,969,1029
180164,969,1031
180165,969,1035
180166,972,1037
180167,970,1037
180168,968,1037
180169,965,1035
180170,965,1038
180171,970,1038
180172,972,1041
180173,970,1037
180174,968,1032
180175,967,1028
180176,967,1029
180177,967,1029
180178,974,1032
180179,973,1030
180180,970,1029
180181,969,1030
180182,969,1030
180183,971,1032
180184,976,1032
180185,975,1031
180186,971,1028
180187,971,1026
180188,971,1027
180189,974,1030
180190,977,1028
180191,976,1029
180192,974,1022
180193,972,1026
180194,971,1030
180195,974,1034
180196,977,1035
180197,976,1028
180198,973,1025
180199,971,1024
180200,971,1025
180201,974,1027
180202,976,1027
180203,976,1028
180204,970,1024
180205,969,1024
180206,970,1027
180207,970,1028
180208,973,1031
180209,972,1030
180210,969,1025
180211,964,1025
180212,966,1028
180213,968,1030
180214,973,1032
180215,971,1032
180216,967,1031
180217,966,1032
180218,966,1034
180219,969,1039
180220,971,1039
180221,969,1037
180222,968,1035
180223,966,1034
180224,967,1035
180225,968,1039
180226,970,1037
180227,967,1035
180228,969,1031
180229,967,1032
180230,964,1034
180231,972,1033
180232,973,1035
180233,972,1031
180234,968,1033
180235,970,1032
180236,972,1034
180237,976,1036
180238,976,1035
180239,979,1033
180240,975,1031
180241,974,1029
180242,971,1030
180243,974,1032
180244,977,1034
180245,977,1034
180246,975,1032
180247,971,1030
180248,972,1031
180249,974,1035
180250,977,1033
180251,975,1031
180252,972,1030
180253,971,1029
180254,970,1034
180255,975,1035
180256,978,1034
180257,977,1031
180258,975,1027
180259,969,1026
180260,972,1027
180261,973,1032
180262,975,1029
180263,972,1028
180264,973,1028
180265,968,1030
180266,969,1032
180267,972,1036
180268,977,1035
180269,978,1034
180270,975,1031
180271,976,1033
180272,976,1033
180273,982,1036
180274,981,1034
180275,983,1029
180276,981,1028
180277,978,1027
180278,979,1025
180279,983,1026
180280,989,1027
180281,991,1025
180282,988,1021
180283,987,1022
180284,988,1027
180285,992,1030
180286,996,1027
180287,997,1020
180288,1004,1011
180289,1012,1010
180290,1024,1011
180291,1044,1014
180292,1070,1012
180293,1092,1004
180294,1121,993
180295,1150,984
180296,1181,980
180297,1213,979
180298,1241,986
180299,1258,994
180300,1258,1009
180301,1240,1020
180302,1199,1029
180303,1155,1034
180304,1107,1041
180305,1058,1050
180306,1014,1055
180307,983,1057
180308,976,1057
180309,981,1055
180310,988,1048
180311,992,1040
180312,988,1034
180313,981,1031
180314,979,1032
180315,980,1035
180316,981,1036
180317,979,1035
180318,974,1030
180319,970,1029
180320,970,1030
180321,970,1033
180322,971,1032
180323,970,1031
180324,967,1025
180325,966,1029
180326,967,1030
180327,972,1029
180328,976,1031
180329,975,1030
180330,969,1027
180331,968,1024
180332,968,1026
180333,971,1030
180334,969,1029
180335,970,1030
180336,967,1027
180337,966,1025
180338,967,1024
180339,969,1029
180340,970,1028
180341,970,1027
180342,966,1027
180343,963,1029
180344,964,1027
180345,966,1033
180346,970,1031
180347,969,1033
180348,965,1028
180349,965,1029
180350,964,1033
180351,968,1035
180352,972,1035
180353,971,1034
180354,968,1034
180355,965,1032
180356,968,1034
180357,972,1035
180358,977,1038
180359,977,1035
180360,972,1033
180361,974,1036
180362,974,1039
180363,977,1040
180364,980,1039
180365,979,1030
180366,978,1025
180367,976,1021
180368,979,1020
180369,981,1018
180370,982,1016
180371,983,1011
180372,983,1006
180373,982,1007
180374,983,1005
180375,986,1008
180376,990,1007
180377,991,1003
180378,991,1000
180379,992,999
180380,992,999
180381,996,1000
180382,999,998
180383,999,998
180384,997,994
180385,997,997
180386,997,995
180387,1003,999
180388,1007,998
180389,1005,996
180390,1002,994
180391,1004,992
180392,1004,991
180393,1008,997
180394,1012,992
180395,1013,994
180396,1010,991
180397,1009,994
180398,1011,997
180399,1017,1002
180400,1021,1001
180401,1021,997
180402,1019,998
180403,1020,1001
180404,1020,1009
180405,1020,1011
180406,1023,1011
180407,1024,1015
180408,1022,1017
180409,1019,1018
180410,1017,1026
180411,1022,1027
180412,1021,1029
180413,1020,1023
180414,1015,1019
180415,1010,1021
180416,1008,1027
180417,1009,1032
180418,1010,1035
180419,1007,1033
180420,1005,1029
180421,1001,1026
180422,1000,1026
180423,1002,1029
180424,1002,1031
180425,1001,1030
180426,997,1027
180427,994,1029
180428,991,1032
180429,994,1031
180430,998,1033
180431,997,1033
180432,993,1031
180433,989,1031
180434,990,1032
180435,989,1034
180436,991,1033
180437,991,1031
180438,988,1028
180439,985,1028
180440,985,1029
180441,991,1033
180442,995,1036
180443,995,1037
180444,994,1034
180445,991,1034
180446,989,1033
180447,992,1038
180448,994,1040
180449,994,1038
180450,990,1032
180451,989,1033
180452,992,1035
180453,992,1033
180454,994,1034
180455,996,1031
180456,993,1028
180457,992,1027
180458,991,1027
180459,997,1029
180460,997,1030
180461,994,1028
180462,993,1022
180463,992,1023
180464,994,1024
180465,996,1027
180466,1001,1027
180467,999,1024
180468,994,1022
180469,994,1019
180470,993,1018
180471,996,1020
180472,1000,1022
180473,997,1022
180474,996,1017
180475,995,1019
180476,996,1019
180477,998,1022
180478,997,1026
180479,996,1025
180480,993,1022
180481,991,1019
180482,994,1023
180483,993,1025
180484,997,1028
180485,995,1028
180486,992,1027
180487,989,1030
180488,988,1032
180489,991,1033
180490,993,1030
180491,992,1023
180492,991,1019
180493,986,1020
180494,989,1025
180495,990,1031
180496,991,1030
180497,992,1029
180498,989,1026
180499,987,1026
180500,988,1031
180501,991,1037
180502,992,1035
180503,992,1033
180504,988,1028
180505,985,1029
180506,985,1034
180507,985,1037
180508,990,1037
180509,990,1036
180510,985,1034
180511,985,1034
180512,984,1037
180513,989,1039
180514,990,1038
180515,989,1038
180516,987,1035
180517,983,1036
180518,988,1038
180519,989,1039
180520,990,1038
180521,990,1034
180522,987,1028
180523,986,1023
180524,987,1028
180525,990,1030
180526,992,1030
180527,989,1029
180528,988,1027
180529,986,1028
180530,988,1032
180531,991,1033
180532,992,1033
180533,988,1030
180534,991,1024
180535,988,1024
180536,991,1026
180537,992,1030
180538,995,1029
180539,994,1026
180540,990,1026
180541,990,1028
180542,991,1029
180543,994,1028
180544,998,1029
180545,997,1026
180546,994,1022
180547,993,1025
180548,995,1027
180549,998,1032
180550,1004,1030
180551,1006,1026
180552,1008,1018
180553,1014,1018
180554,1026,1021
180555,1039,1023
180556,1059,1024
180557,1080,1021
180558,1104,1013
180559,1129,1006
180560,1158,998
180561,1191,991
180562,1219,988
180563,1242,991
180564,1254,999
180565,1253,1013
180566,1240,1027
180567,1214,1036
180568,1177,1036
180569,1132,1040
180570,1087,1046
180571,1040,1056
180572,1006,1067
180573,983,1075
180574,984,1071
180575,986,1061
180576,989,1049
180577,989,1039
180578,989,1032
180579,991,1036
180580,993,1034
180581,989,1033
180582,984,1031
180583,979,1030
180584,978,1029
180585,977,1029
180586,978,1029
180587,978,1028
180588,974,1024
180589,967,1025
180590,969,1030
180591,970,1032
180592,973,1035
180593,972,1033
180594,970,1030
180595,968,1029
180596,966,1029
180597,970,1034
180598,972,1035
180599,970,1034
180600,966,1034
180601,964,1035
180602,965,1035
180603,967,1040
180604,969,1038
180605,966,1038
180606,964,1034
180607,960,1034
180608,962,1038
180609,964,1038
180610,969,1041
180611,965,1042
180612,965,1038
180613,963,1038
180614,964,1040
180615,966,1041
180616,967,1043
180617,968,1038
180618,965,1032
180619,960,1027
180620,960,1030
180621,963,1031
180622,967,1033
180623,965,1029
180624,965,1027
180625,963,1025
180626,965,1025
180627,968,1027
180628,973,1028
180629,971,1026
180630,969,1023
180631,969,1023
180632,972,1025
180633,978,1027
180634,981,1027
180635,979,1027
180636,980,1023
180637,980,1022
180638,977,1023
180639,982,1022
180640,986,1020
180641,985,1019
180642,985,1019
180643,983,1023
180644,985,1027
180645,988,1028
180646,995,1024
180647,994,1009
180648,993,1000
180649,993,994
180650,993,996
180651,998,1002
180652,1001,1005
180653,1002,1004
180654,1001,1001
180655,997,998
180656,997,997
180657,1002,1001
180658,1004,1000
180659,1006,998
180660,1003,999
180661,1002,996
180662,1003,1000
180663,1008,1001
180664,1010,1001
180665,1010,998
180666,1010,996
180667,1005,995
180668,1007,997
180669,1008,1003
180670,1011,1006
180671,1009,1007
180672,1007,1007
180673,1001,1012
180674,1003,1016
180675,1006,1021
180676,1006,1023
180677,1004,1022
180678,998,1021
180679,994,1020
180680,996,1024
180681,997,1028
180682,998,1031
180683,995,1030
180684,991,1031
180685,989,1033
180686,986,1039
180687,988,1042
180688,988,1045
180689,988,1045
180690,985,1045
180691,980,1046
180692,982,1050
180693,984,1051
180694,986,1052
180695,984,1052
180696,981,1047
180697,980,1049
180698,979,1051
180699,983,1054
180700,985,1055
180701,986,1052
180702,982,1048
180703,980,1047
180704,978,1050
180705,983,1053
180706,985,1053
180707,984,1053
180708,981,1047
180709,982,1047
180710,984,1045
180711,989,1046
180712,989,1043
180713,988,1043
180714,986,1039
180715,984,1041
180716,984,1045
180717,988,1048
180718,989,1046
180719,989,1043
180720,989,1035
180721,985,1035
180722,984,1038
180723,986,1038
180724,989,1035
180725,990,1033
180726,988,1029
180727,987,1029
180728,984,1029
180729,987,1031
180730,987,1031
180731,990,1031
180732,986,1030
180733,983,1033
180734,983,1043
180735,984,1055
180736,987,1059
180737,985,1052
180738,985,1043
180739,984,1035
180740,982,1031
180741,985,1029
180742,986,1029
180743,986,1028
180744,983,1028
180745,979,1027
180746,979,1032
180747,983,1035
180748,988,1038
180749,986,1036
180750,985,1036
180751,984,1037
180752,983,1038
180753,982,1041
180754,986,1041
180755,985,1041
180756,982,1040
180757,981,1042
180758,982,1043
180759,985,1046
180760,986,1045
180761,984,1044
180762,982,1041
180763,979,1041
180764,978,1045
180765,981,1043
180766,982,1044
180767,980,1042
180768,979,1040
180769,977,1039
180770,978,1042
180771,979,1046
180772,982,1040
180773,978,1040
180774,975,1036
180775,975,1035
180776,976,1037
180777,979,1039
180778,982,1039
180779,979,1037
180780,978,1037
180781,974,1040
180782,973,1042
180783,975,1046
180784,977,1047
180785,979,1043
180786,979,1040
180787,975,1039
180788,977,1039
180789,978,1045
180790,981,1044
180791,980,1043
180792,978,1041
180793,974,1039
180794,975,1042
180795,976,1046
180796,978,1045
180797,978,1044
180798,976,1039
180799,975,1041
180800,977,1043
180801,980,1047
180802,980,1050
180803,980,1050
180804,978,1054
180805,978,1056
180806,978,1054
180807,982,1049
180808,984,1044
180809,983,1038
180810,981,1033
180811,980,1031
180812,981,1035
180813,981,1039
180814,986,1039
180815,986,1039
180816,985,1037
180817,983,1037
180818,988,1035
180819,993,1035
180820,999,1033
180821,1006,1030
180822,1014,1026
180823,1022,1026
180824,1037,1027
180825,1058,1028
180826,1083,1026
180827,1111,1015
180828,1141,997
180829,1170,988
180830,1205,988
180831,1236,999
180832,1254,1016
180833,1249,1036
180834,1218,1044
180835,1169,1049
180836,1118,1056
180837,1069,1069
180838,1026,1083
180839,985,1091
180840,964,1095
180841,959,1094
180842,969,1086
180843,976,1075
180844,983,1064
180845,982,1052
180846,975,1043
180847,971,1041
180848,970,1041
180849,970,1044
180850,969,1042
180851,966,1037
180852,965,1039
180853,962,1037
180854,963,1041
180855,963,1043
180856,965,1043
180857,964,1042
180858,959,1039
180859,959,1040
180860,960,1040
180861,962,1040
180862,960,1043
180863,956,1045
180864,950,1043
180865,952,1047
180866,953,1053
180867,954,1052
180868,956,1037
180869,956,1029
180870,955,1024
180871,952,1028
180872,954,1035
180873,957,1035
180874,959,1034
180875,957,1029
180876,955,1029
180877,954,1027
180878,954,1031
180879,959,1036
180880,959,1039
180881,960,1038
180882,957,1037
180883,955,1036
180884,957,1037
180885,957,1041
180886,960,1041
180887,960,1038
180888,957,1037
180889,955,1035
180890,956,1039
180891,962,1041
180892,966,1040
180893,966,1035
180894,965,1033
180895,963,1031
180896,963,1032
180897,966,1037
180898,968,1033
180899,968,1028
180900,966,1025
180901,964,1026
180902,965,1026
180903,969,1027
180904,974,1025
180905,975,1020
180906,973,1013
180907,970,1012
180908,974,1013
180909,978,1015
180910,980,1013
180911,981,1010
180912,976,1008
180913,979,1009
180914,981,1014
180915,985,1016
180916,987,1017
180917,986,1018
180918,983,1014
180919,982,1005
180920,984,997
180921,990,993
180922,993,994
180923,992,990
180924,990,991
180925,988,994
180926,987,995
180927,995,997
180928,996,996
180929,998,995
180930,995,994
180931,994,999
180932,994,1002
180933,995,1003
180934,996,1006
180935,994,1006
180936,992,1004
180937,994,1007
180938,993,1014
180939,993,1018
180940,994,1021
180941,990,1023
180942,989,1024
180943,985,1025
180944,984,1027
180945,985,1032
180946,984,1035
180947,981,1037
180948,978,1034
180949,976,1036
180950,975,1039
180951,976,1042
180952,974,1046
180953,970,1046
180954,969,1045
180955,969,1050
180956,970,1051
180957,971,1053
180958,973,1048
180959,972,1046
180960,967,1044
180961,965,1041
180962,966,1047
180963,968,1048
180964,970,1050
180965,969,1049
180966,968,1046
180967,967,1046
180968,967,1047
180969,970,1050
180970,971,1049
180971,970,1046
180972,968,1043
180973,965,1047
180974,964,1053
180975,969,1055
180976,972,1051
180977,974,1048
180978,972,1040
180979,968,1041
180980,969,1042
180981,972,1048
180982,978,1046
180983,977,1046
180984,974,1044
180985,974,1045
180986,978,1046
180987,981,1049
180988,987,1048
180989,991,1049
180990,989,1048
180991,991,1051
180992,998,1058
180993,1005,1065
180994,1013,1068
180995,1019,1070
180996,1025,1066
180997,1035,1062
180998,1050,1050
180999,1063,1034
181000,1079,1010
181001,1091,989
181002,1100,969
181003,1110,953
181004,1126,943
181005,1139,934
181006,1155,928
181007,1168,911
181008,1179,889
181009,1190,864
181010,1203,845
181011,1214,835
181012,1224,823
181013,1224,816
181014,1227,816
181015,1224,822
181016,1219,830
181017,1218,835
181018,1213,839
181019,1204,842
181020,1187,848
181021,1169,852
181022,1149,858
181023,1129,873
181024,1113,882
181025,1092,892
181026,1070,897
181027,1056,909
181028,1048,920
181029,1047,929
181030,1043,942
181031,1037,949
181032,1032,959
181033,1027,970
181034,1021,985
181035,1025,999
181036,1033,1006
181037,1042,1009
181038,1048,1005
181039,1050,996
181040,1044,993
181041,1026,1000
181042,1005,1006
181043,974,1017
181044,948,1029
181045,932,1050
181046,923,1068
181047,922,1078
181048,923,1080
181049,918,1081
181050,911,1073
181051,905,1075
181052,900,1081
181053,901,1088
181054,903,1093
181055,899,1095
181056,891,1095
181057,883,1094
181058,882,1095
181059,885,1096
181060,887,1099
181061,882,1099
181062,880,1101
181063,877,1101
181064,878,1104
181065,876,1107
181066,873,1106
181067,870,1107
181068,867,1107
181069,867,1111
181070,867,1116
181071,867,1120
181072,869,1121
181073,868,1121
181074,866,1119
181075,861,1122
181076,857,1129
181077,858,1134
181078,860,1137
181079,859,1136
181080,859,1136
181081,858,1136
181082,856,1144
181083,855,1151
181084,858,1153
181085,859,1153
181086,855,1152
181087,853,1157
181088,850,1161
181089,857,1167
181090,859,1169
181091,859,1167
181092,858,1163
181093,857,1168
181094,859,1176
181095,860,1179
181096,864,1174
181097,864,1164
181098,864,1154
181099,864,1152
181100,867,1153
181101,872,1157
181102,876,1156
181103,876,1155
181104,876,1151
181105,879,1152
181106,884,1151
181107,889,1154
181108,896,1152
181109,900,1144
181110,901,1139
181111,901,1136
181112,906,1134
181113,912,1136
181114,918,1135
181115,919,1132
181116,922,1125
181117,924,1120
181118,929,1120
181119,934,1119
181120,944,1116
181121,944,1112
181122,944,1109
181123,945,1103
181124,948,1099
181125,954,1099
181126,959,1099
181127,955,1094
181128,956,1091
181129,956,1087
181130,957,1087
181131,959,1087
181132,961,1088
181133,959,1083
181134,959,1080
181135,955,1075
181136,956,1074
181137,961,1071
181138,962,1066
181139,962,1063
181140,960,1060
181141,954,1066
181142,954,1071
181143,955,1076
181144,960,1079
181145,960,1077
181146,960,1074
181147,957,1066
181148,958,1063
181149,959,1057
181150,961,1054
181151,959,1053
181152,957,1052
181153,955,1054
181154,954,1058
181155,960,1059
181156,961,1055
181157,961,1054
181158,959,1051
181159,956,1049
181160,955,1056
181161,957,1059
181162,960,1063
181163,960,1061
181164,958,1059
181165,957,1057
181166,958,1059
181167,956,1062
181168,961,1063
181169,962,1065
181170,961,1063
181171,963,1062
181172,965,1063
181173,968,1062
181174,969,1061
181175,967,1063
181176,966,1060
181177,964,1062
181178,967,1064
181179,967,1065
181180,967,1065
181181,968,1064
181182,966,1060
181183,964,1063
181184,964,1065
181185,968,1068
181186,970,1071
181187,970,1071
181188,970,1070
181189,965,1072
181190,968,1075
181191,967,1071
181192,973,1063
181193,972,1053
181194,971,1044
181195,969,1048
181196,972,1055
181197,971,1057
181198,974,1055
181199,972,1053
181200,969,1054
181201,965,1057
181202,965,1061
181203,969,1064
181204,972,1057
181205,970,1049
181206,968,1042
181207,964,1040
181208,966,1041
181209,968,1046
181210,967,1043
181211,963,1040
181212,964,1038
181213,961,1039
181214,961,1041
181215,961,1045
181216,964,1044
181217,962,1045
181218,960,1044
181219,958,1045
181220,958,1048
181221,963,1053
181222,965,1053
181223,961,1050
181224,957,1048
181225,955,1051
181226,959,1056
181227,960,1061
181228,963,1063
181229,961,1063
181230,963,1060
181231,958,1055
181232,962,1055
181233,964,1057
181234,969,1059
181235,969,1059
181236,966,1056
181237,964,1055
181238,967,1052
181239,967,1055
181240,971,1051
181241,971,1048
181242,967,1047
181243,963,1049
181244,964,1052
181245,967,1055
181246,970,1055
181247,967,1055
181248,965,1055
181249,964,1055
181250,966,1058
181251,965,1060
181252,969,1060
181253,965,1056
181254,961,1054
181255,960,1054
181256,962,1055
181257,962,1058
181258,965,1060
181259,966,1058
181260,964,1059
181261,962,1060
181262,960,1061
181263,963,1057
181264,966,1051
181265,965,1048
181266,964,1046
181267,961,1059
181268,960,1073
181269,967,1083
181270,968,1077
181271,968,1056
181272,964,1036
181273,965,1031
181274,963,1029
181275,968,1039
181276,967,1045
181277,966,1054
181278,961,1054
181279,963,1051
181280,963,1044
181281,967,1040
181282,968,1036
181283,967,1034
181284,965,1034
181285,962,1038
181286,966,1039
181287,969,1046
181288,973,1049
181289,972,1047
181290,970,1046
181291,968,1048
181292,966,1048
181293,968,1051
181294,973,1051
181295,974,1050
181296,970,1053
181297,967,1055
181298,967,1066
181299,970,1067
181300,973,1067
181301,971,1058
181302,968,1046
181303,966,1042
181304,967,1044
181305,970,1043
181306,975,1042
181307,973,1039
181308,971,1039
181309,969,1042
181310,971,1043
181311,974,1046
181312,977,1042
181313,974,1042
181314,971,1039
181315,968,1041
181316,969,1041
181317,973,1046
181318,975,1046
181319,976,1044
181320,976,1040
181321,975,1042
181322,975,1047
181323,976,1050
181324,976,1052
181325,976,1057
181326,972,1058
181327,972,1059
181328,974,1056
181329,977,1052
181330,982,1048
181331,984,1048
181332,981,1049
181333,978,1046
181334,983,1046
181335,986,1047
181336,989,1054
181337,989,1058
181338,987,1054
181339,987,1049
181340,992,1045
181341,996,1044
181342,1005,1038
181343,1016,1036
181344,1025,1033
181345,1037,1033
181346,1058,1031
181347,1086,1024
181348,1116,1015
181349,1146,1005
181350,1177,1000
181351,1205,998
181352,1233,1008
181353,1254,1024
181354,1262,1043
181355,1248,1059
181356,1221,1060
181357,1180,1065
181358,1132,1069
181359,1087,1077
181360,1040,1082
181361,1001,1083
181362,974,1089
181363,966,1094
181364,973,1095
181365,982,1083
181366,990,1064
181367,988,1047
181368,983,1040
181369,977,1043
181370,977,1045
181371,978,1048
181372,976,1044
181373,976,1040
181374,974,1036
181375,969,1038
181376,970,1041
181377,972,1047
181378,973,1047
181379,970,1043
181380,968,1041
181381,964,1041
181382,966,1045
181383,968,1050
181384,972,1052
181385,973,1054
181386,968,1055
181387,965,1061
181388,964,1066
181389,970,1064
181390,970,1056
181391,970,1056
181392,968,1060
181393,965,1062
181394,965,1057
181395,968,1051
181396,971,1046
181397,970,1043
181398,968,1045
181399,966,1043
181400,967,1037
181401,967,1029
181402,968,1025
181403,968,1024
181404,968,1025
181405,964,1029
181406,963,1034
181407,966,1038
181408,968,1044
181409,969,1044
181410,969,1044
181411,969,1041
181412,972,1042
181413,975,1046
181414,979,1047
181415,977,1041
181416,979,1038
181417,977,1040
181418,980,1043
181419,981,1045
181420,986,1044
181421,987,1039
181422,986,1037
181423,985,1039
181424,986,1043
181425,990,1044
181426,994,1041
181427,993,1038
181428,992,1032
181429,992,1030
181430,995,1031
181431,998,1036
181432,1003,1033
181433,1004,1032
181434,1000,1031
181435,999,1036
181436,1000,1052
181437,1006,1068
181438,1011,1064
181439,1012,1043
181440,1010,1012
181441,1010,996
181442,1010,995
181443,1013,997
181444,1012,1000
181445,1012,997
181446,1011,1002
181447,1013,1002
181448,1014,1003
181449,1016,1004
181450,1020,1005
181451,1020,1004
181452,1019,1002
181453,1018,1001
181454,1019,1008
181455,1024,1012
181456,1025,1014
181457,1025,1011
181458,1023,1010
181459,1023,1007
181460,1024,1012
181461,1029,1018
181462,1031,1019
181463,1032,1020
181464,1027,1020
181465,1025,1021
181466,1027,1026
181467,1028,1031
181468,1030,1035
181469,1027,1034
181470,1026,1035
181471,1021,1041
181472,1019,1044
181473,1022,1049
181474,1024,1051
181475,1021,1053
181476,1016,1051
181477,1014,1055
181478,1014,1055
181479,1014,1060
181480,1016,1060
181481,1014,1060
181482,1007,1056
181483,1005,1054
181484,1007,1059
181485,1005,1058
181486,1006,1062
181487,1004,1064
181488,1001,1065
181489,997,1068
181490,999,1072
181491,999,1068
181492,1002,1060
181493,1001,1055
181494,997,1051
181495,995,1057
181496,996,1055
181497,1002,1050
181498,1003,1043
181499,1002,1040
181500,1000,1037
181501,1000,1035
181502,1001,1042
181503,1005,1044
181504,1009,1048
181505,1008,1046
181506,1004,1045
181507,1001,1047
181508,1005,1048
181509,1008,1050
181510,1007,1052
181511,1008,1048
181512,1006,1047
181513,1006,1047
181514,1009,1049
181515,1012,1052
181516,1015,1050
181517,1015,1048
181518,1010,1048
181519,1009,1048
181520,1012,1052
181521,1016,1054
181522,1019,1052
181523,1015,1052
181524,1013,1048
181525,1012,1047
181526,1013,1053
181527,1015,1055
181528,1020,1055
181529,1019,1057
181530,1013,1052
181531,1010,1056
181532,1012,1060
181533,1014,1066
181534,1015,1057
181535,1013,1049
181536,1010,1046
181537,1009,1050
181538,1006,1056
181539,1009,1066
181540,1008,1066
181541,1007,1062
181542,1005,1052
181543,1002,1041
181544,1003,1033
181545,1007,1035
181546,1007,1033
181547,1004,1032
181548,1005,1034
181549,1005,1038
181550,1005,1044
181551,1006,1048
181552,1010,1047
181553,1007,1045
181554,1006,1043
181555,1003,1044
181556,1005,1049
181557,1006,1053
181558,1011,1049
181559,1010,1048
181560,1009,1045
181561,1006,1047
181562,1009,1048
181563,1012,1055
181564,1013,1055
181565,1011,1055
181566,1008,1058
181567,1006,1059
181568,1007,1064
181569,1011,1062
181570,1015,1057
181571,1016,1049
181572,1015,1047
181573,1015,1045
181574,1021,1048
181575,1032,1048
181576,1044,1043
181577,1058,1036
181578,1072,1030
181579,1090,1033
181580,1120,1034
181581,1148,1033
181582,1184,1033
181583,1221,1038
181584,1255,1034
181585,1282,1027
181586,1300,1027
181587,1299,1036
181588,1279,1044
181589,1236,1048
181590,1181,1050
181591,1124,1064
181592,1069,1079
181593,1024,1090
181594,998,1091
181595,990,1093
181596,995,1085
181597,1002,1076
181598,1009,1066
181599,1012,1058
181600,1006,1053
181601,1003,1052
181602,1000,1051
181603,998,1048
181604,996,1049
181605,997,1053
181606,998,1059
181607,994,1060
181608,991,1058
181609,988,1055
181610,991,1054
181611,989,1053
181612,991,1055
181613,989,1059
181614,986,1066
181615,982,1082
181616,983,1091
181617,987,1085
181618,989,1056
181619,991,1036
181620,988,1032
181621,985,1045
181622,985,1059
181623,989,1059
181624,988,1046
181625,988,1035
181626,985,1032
181627,983,1038
181628,985,1038
181629,985,1042
181630,985,1044
181631,985,1050
181632,984,1051
181633,981,1053
181634,984,1056
181635,988,1059
181636,988,1056
181637,989,1060
181638,984,1056
181639,985,1058
181640,987,1058
181641,993,1061
181642,993,1059
181643,995,1056
181644,993,1050
181645,994,1051
181646,995,1053
181647,1002,1053
181648,1002,1051
181649,1004,1047
181650,1002,1041
181651,1001,1042
181652,1006,1042
181653,1011,1044
181654,1017,1040
181655,1016,1036
181656,1013,1034
181657,1014,1036
181658,1015,1039
181659,1021,1042
181660,1023,1039
181661,1022,1035
181662,1019,1037
181663,1020,1042
181664,1023,1048
181665,1027,1044
181666,1029,1039
181667,1031,1035
181668,1025,1027
181669,1027,1017
181670,1031,1010
181671,1035,1004
181672,1036,1002
181673,1035,1001
181674,1031,1000
181675,1028,1007
181676,1031,1012
181677,1034,1019
181678,1031,1023
181679,1032,1024
181680,1029,1024
181681,1028,1023
181682,1027,1027
181683,1025,1034
181684,1028,1036
181685,1025,1039
181686,1023,1041
181687,1019,1042
181688,1019,1048
181689,1018,1051
181690,1020,1054
181691,1018,1055
181692,1016,1054
181693,1014,1056
181694,1011,1059
181695,1012,1065
181696,1014,1069
181697,1010,1072
181698,1007,1073
181699,1005,1073
181700,1003,1077
181701,1006,1082
181702,1006,1083
181703,1008,1085
181704,1004,1083
181705,1001,1083
181706,1002,1083
181707,1002,1079
181708,1004,1074
181709,1002,1072
181710,997,1074
181711,999,1080
181712,1001,1078
181713,1003,1071
181714,1005,1063
181715,1002,1065
181716,1000,1070
181717,997,1080
181718,1001,1083
181719,1004,1074
181720,1007,1057
181721,1005,1048
181722,1001,1051
181723,999,1052
181724,1000,1056
181725,1001,1060
181726,1006,1060
181727,1005,1057
181728,1003,1055
181729,1002,1057
181730,1004,1058
181731,1005,1062
181732,1004,1065
181733,1003,1063
181734,1000,1061
181735,1002,1058
181736,1000,1060
181737,1004,1062
181738,1005,1064
181739,1002,1063
181740,997,1063
181741,997,1062
181742,998,1067
181743,1001,1069
181744,1003,1070
181745,1002,1068
181746,998,1068
181747,997,1068
181748,999,1068
181749,1001,1070
181750,1003,1071
181751,1002,1072
181752,1000,1071
181753,997,1075
181754,996,1078
181755,1001,1079
181756,1003,1079
181757,1004,1082
181758,1001,1075
181759,999,1072
181760,998,1068
181761,1001,1064
181762,1003,1061
181763,1001,1057
181764,998,1058
181765,995,1060
181766,997,1062
181767,1001,1065
181768,1005,1062
181769,1001,1059
181770,1002,1056
181771,999,1059
181772,1002,1063
181773,1003,1067
181774,1006,1067
181775,1002,1067
181776,1000,1065
181777,996,1065
181778,1001,1065
181779,1003,1070
181780,1006,1069
181781,1002,1066
181782,998,1066
181783,996,1067
181784,998,1071
181785,1001,1073
181786,1005,1073
181787,1004,1071
181788,998,1068
181789,997,1069
181790,998,1072
181791,1001,1075
181792,1001,1072
181793,1001,1069
181794,996,1070
181795,995,1074
181796,998,1079
181797,1001,1080
181798,1003,1070
181799,1002,1064
181800,1001,1059
181801,997,1063
181802,1001,1068
181803,1003,1072
181804,1006,1073
181805,1004,1075
181806,1003,1077
181807,1001,1077
181808,1001,1070
181809,1005,1063
181810,1009,1056
181811,1008,1058
181812,1001,1059
181813,1003,1065
181814,1003,1065
181815,1007,1061
181816,1008,1053
181817,1007,1051
181818,1003,1051
181819,1003,1057
181820,1008,1060
181821,1008,1062
181822,1010,1058
181823,1009,1053
181824,1005,1053
181825,1007,1059
181826,1009,1062
181827,1012,1064
181828,1017,1064
181829,1016,1062
181830,1013,1064
181831,1012,1064
181832,1020,1066
181833,1027,1063
181834,1037,1059
181835,1045,1052
181836,1059,1049
181837,1077,1045
181838,1100,1048
181839,1132,1047
181840,1167,1036
181841,1200,1024
181842,1227,1018
181843,1257,1019
181844,1287,1034
181845,1301,1050
181846,1300,1061
181847,1273,1065
181848,1226,1068
181849,1172,1074
181850,1121,1090
181851,1073,1096
181852,1034,1099
181853,1007,1099
181854,999,1095
181855,1003,1089
181856,1012,1087
181857,1018,1085
181858,1018,1083
181859,1012,1074
181860,1005,1065
181861,1001,1059
181862,999,1060
181863,1002,1064
181864,1001,1063
181865,997,1063
181866,993,1061
181867,991,1058
181868,990,1057
181869,992,1063
181870,992,1062
181871,992,1063
181872,986,1059
181873,987,1060
181874,985,1060
181875,988,1065
181876,989,1064
181877,988,1064
181878,985,1059
181879,982,1058
181880,987,1061
181881,989,1063
181882,991,1064
181883,989,1064
181884,986,1063
181885,984,1065
181886,988,1070
181887,991,1070
181888,994,1065
181889,993,1062
181890,990,1062
181891,990,1063
181892,990,1067
181893,991,1065
181894,993,1061
181895,994,1061
181896,995,1063
181897,993,1064
181898,994,1064
181899,997,1065
181900,1000,1061
181901,998,1056
181902,998,1052
181903,996,1050
181904,999,1053
181905,1002,1059
181906,1004,1055
181907,1004,1055
181908,1001,1054
181909,1001,1056
181910,1003,1062
181911,1007,1062
181912,1007,1058
181913,1009,1054
181914,1010,1050
181915,1009,1044
181916,1013,1044
181917,1017,1043
181918,1016,1042
181919,1018,1041
181920,1019,1039
181921,1019,1040
181922,1021,1040
181923,1026,1042
181924,1029,1042
181925,1030,1041
181926,1029,1039
181927,1028,1038
181928,1030,1037
181929,1036,1038
181930,1040,1037
181931,1040,1033
181932,1038,1031
181933,1038,1034
181934,1041,1033
181935,1047,1035
181936,1050,1034
181937,1048,1031
181938,1047,1031
181939,1044,1030
181940,1047,1034
181941,1049,1035
181942,1047,1035
181943,1046,1036
181944,1042,1037
181945,1041,1041
181946,1041,1047
181947,1042,1050
181948,1042,1046
181949,1040,1042
181950,1035,1040
181951,1031,1041
181952,1030,1048
181953,1030,1058
181954,1032,1058
181955,1027,1060
181956,1023,1059
181957,1019,1059
181958,1018,1062
181959,1018,1063
181960,1018,1060
181961,1014,1063
181962,1009,1064
181963,1008,1065
181964,1006,1066
181965,1009,1065
181966,1011,1065
181967,1008,1064
181968,1004,1065
181969,1004,1063
181970,1003,1068
181971,1006,1070
181972,1008,1066
181973,1006,1065
181974,1002,1061
181975,999,1059
181976,1000,1062
181977,1001,1064
181978,1004,1062
181979,1006,1064
181980,1004,1063
181981,1002,1067
181982,1005,1069
181983,1008,1070
181984,1011,1064
181985,1010,1058
181986,1008,1055
181987,1007,1058
181988,1009,1065
181989,1012,1068
181990,1013,1067
181991,1012,1065
181992,1011,1063
181993,1011,1064
181994,1013,1066
181995,1015,1070
181996,1016,1073
181997,1015,1074
181998,1011,1070
181999,1008,1068
182000,1012,1062
182001,1014,1061
182002,1016,1056
182003,1014,1060
182004,1014,1060
182005,1012,1061
182006,1014,1064
182007,1017,1066
182008,1022,1066
182009,1018,1063
182010,1015,1059
182011,1010,1059
182012,1009,1063
182013,1015,1065
182014,1017,1065
182015,1014,1066
182016,1010,1066
182017,1007,1063
182018,1010,1061
182019,1013,1058
182020,1014,1054
182021,1014,1052
182022,1008,1051
182023,1008,1055
182024,1008,1058
182025,1012,1059
182026,1013,1061
182027,1011,1057
182028,1006,1057
182029,1003,1057
182030,1005,1061
182031,1009,1064
182032,1009,1064
182033,1008,1065
182034,1005,1061
182035,1005,1064
182036,1008,1065
182037,1010,1067
182038,1012,1065
182039,1009,1063
182040,1006,1061
182041,1006,1059
182042,1008,1065
182043,1009,1069
182044,1008,1069
182045,1005,1069
182046,1003,1064
182047,1003,1068
182048,1002,1073
182049,1005,1075
182050,1010,1070
182051,1008,1059
182052,1007,1051
182053,1004,1050
182054,1005,1057
182055,1009,1060
182056,1010,1060
182057,1007,1059
182058,1006,1057
182059,1002,1057
182060,1004,1061
182061,1006,1064
182062,1007,1061
182063,1005,1062
182064,1004,1056
182065,1002,1053
182066,1005,1060
182067,1007,1065
182068,1010,1065
182069,1009,1062
182070,1005,1060
182071,1003,1059
182072,1003,1063
182073,1006,1065
182074,1008,1066
182075,1005,1065
182076,1003,1063
182077,1001,1061
182078,1002,1058
182079,1004,1062
182080,1005,1066
182081,1002,1069
182082,1000,1071
182083,996,1076
182084,998,1078
182085,1000,1074
182086,1003,1061
182087,999,1057
182088,1000,1054
182089,998,1058
182090,1002,1058
182091,1003,1055
182092,1006,1056
182093,1003,1056
182094,1001,1055
182095,1000,1056
182096,1002,1062
182097,1004,1061
182098,1007,1063
182099,1008,1057
182100,1005,1057
182101,1004,1062
182102,1005,1064
182103,1007,1066
182104,1006,1064
182105,1006,1063
182106,1007,1060
182107,1007,1061
182108,1005,1065
182109,1009,1071
182110,1011,1068
182111,1010,1067
182112,1008,1064
182113,1008,1062
182114,1011,1061
182115,1012,1064
182116,1015,1068
182117,1013,1070
182118,1009,1071
182119,1009,1078
182120,1012,1081
182121,1013,1077
182122,1015,1064
182123,1014,1057
182124,1014,1051
182125,1013,1054
182126,1014,1058
182127,1015,1061
182128,1014,1061
182129,1011,1058
182130,1009,1057
182131,1006,1057
182132,1010,1058
182133,1014,1060
182134,1017,1058
182135,1014,1058
182136,1016,1056
182137,1016,1059
182138,1017,1063
182139,1021,1067
182140,1022,1066
182141,1024,1059
182142,1028,1055
182143,1037,1052
182144,1054,1053
182145,1076,1053
182146,1102,1051
182147,1128,1045
182148,1155,1039
182149,1184,1030
182150,1220,1021
182151,1254,1023
182152,1281,1027
182153,1300,1034
182154,1299,1044
182155,1277,1057
182156,1236,1064
182157,1189,1071
182158,1140,1080
182159,1086,1078
182160,1041,1079
182161,1018,1083
182162,1014,1083
182163,1024,1081
182164,1032,1070
182165,1027,1056
182166,1020,1053
182167,1014,1055
182168,1010,1055
182169,1007,1056
182170,1009,1054
182171,1003,1058
182172,1000,1059
182173,999,1064
182174,998,1068
182175,1003,1073
182176,1003,1072
182177,999,1066
182178,994,1059
182179,993,1058
182180,994,1061
182181,994,1064
182182,993,1065
182183,994,1061
182184,990,1064
182185,988,1060
182186,986,1058
182187,991,1063
182188,993,1065
182189,995,1064
182190,994,1059
182191,993,1061
182192,992,1062
182193,993,1068
182194,992,1066
182195,993,1064
182196,990,1063
182197,987,1062
182198,992,1073
182199,996,1075
182200,998,1077
182201,994,1073
182202,992,1069
182203,994,1072
182204,992,1071
182205,997,1068
182206,999,1064
182207,996,1060
182208,995,1056
182209,998,1059
182210,1000,1063
182211,1001,1067
182212,1004,1066
182213,1002,1061
182214,1000,1058
182215,998,1059
182216,1001,1059
182217,1005,1062
182218,1008,1057
182219,1010,1054
182220,1007,1048
182221,1007,1052
182222,1010,1053
182223,1014,1052
182224,1018,1050
182225,1021,1046
182226,1021,1043
182227,1019,1046
182228,1021,1046
182229,1024,1047
182230,1028,1043
182231,1028,1038
182232,1027,1038
182233,1028,1042
182234,1030,1047
182235,1035,1048
182236,1039,1043
182237,1038,1038
182238,1036,1033
182239,1033,1031
182240,1034,1032
182241,1039,1039
182242,1041,1041
182243,1041,1043
182244,1039,1038
182245,1039,1033
182246,1042,1028
182247,1046,1031
182248,1049,1030
182249,1047,1029
182250,1045,1028
182251,1046,1032
182252,1046,1032
182253,1047,1036
182254,1048,1036
182255,1044,1033
182256,1040,1031
182257,1037,1035
182258,1038,1039
182259,1041,1045
182260,1042,1047
182261,1040,1046
182262,1038,1046
182263,1034,1051
182264,1031,1054
182265,1031,1064
182266,1036,1066
182267,1033,1065
182268,1030,1060
182269,1025,1060
182270,1026,1062
182271,1027,1062
182272,1028,1061
182273,1023,1060
182274,1019,1061
182275,1017,1062
182276,1014,1069
182277,1019,1067
182278,1021,1059
182279,1019,1054
182280,1014,1053
182281,1014,1053
182282,1014,1058
182283,1018,1060
182284,1021,1063
182285,1018,1060
182286,1016,1061
182287,1014,1064
182288,1015,1068
182289,1020,1070
182290,1022,1069
182291,1024,1070
182292,1022,1066
182293,1026,1063
182294,1036,1067
182295,1043,1074
182296,1047,1073
182297,1050,1075
182298,1050,1073
182299,1055,1077
182300,1067,1077
182301,1083,1072
182302,1099,1057
182303,1111,1039
182304,1120,1019
182305,1132,1009
182306,1148,999
182307,1169,992
182308,1183,976
182309,1198,959
182310,1207,939
182311,1223,924
182312,1243,907
182313,1263,890
182314,1277,870
182315,1283,854
182316,1282,846
182317,1277,850
182318,1274,846
182319,1272,844
182320,1268,847
182321,1261,848
182322,1242,844
182323,1222,847
182324,1200,850
182325,1177,857
182326,1152,869
182327,1124,876
182328,1100,888
182329,1081,899
182330,1071,914
182331,1067,931
182332,1061,942
182333,1056,954
182334,1048,962
182335,1042,973
182336,1048,986
182337,1056,996
182338,1071,1007
182339,1078,1010
182340,1075,1012
182341,1060,1018
182342,1040,1034
182343,1018,1048
182344,995,1057
182345,980,1068
182346,968,1075
182347,962,1081
182348,959,1090
182349,958,1098
182350,957,1099
182351,952,1100
182352,946,1100
182353,941,1106
182354,942,1114
182355,941,1112
182356,940,1112
182357,938,1110
182358,933,1111
182359,932,1114
182360,930,1116
182361,932,1119
182362,929,1115
182363,926,1118
182364,919,1121
182365,916,1125
182366,921,1129
182367,921,1135
182368,923,1136
182369,916,1134
182370,914,1134
182371,913,1134
182372,913,1136
182373,914,1143
182374,914,1146
182375,912,1144
182376,906,1146
182377,904,1149
182378,907,1155
182379,910,1157
182380,912,1154
182381,912,1153
182382,907,1153
182383,909,1158
182384,906,1166
182385,910,1172
182386,910,1174
182387,913,1171
182388,911,1165
182389,910,1164
182390,913,1163
182391,915,1165
182392,918,1171
182393,920,1172
182394,918,1173
182395,916,1171
182396,921,1167
182397,926,1166
182398,931,1163
182399,931,1165
182400,933,1165
182401,930,1166
182402,936,1167
182403,942,1168
182404,947,1167
182405,947,1163
182406,948,1159
182407,946,1161
182408,954,1161
182409,960,1159
182410,966,1158
182411,968,1155
182412,970,1153
182413,971,1151
182414,973,1143
182415,981,1139
182416,984,1129
182417,985,1123
182418,984,1118
182419,986,1114
182420,988,1114
182421,992,1111
182422,994,1106
182423,992,1101
182424,992,1094
182425,994,1093
182426,994,1092
182427,998,1092
182428,996,1086
182429,995,1083
182430,995,1076
182431,991,1074
182432,993,1077
182433,996,1076
182434,994,1076
182435,992,1070
182436,988,1068
182437,988,1068
182438,993,1066
182439,995,1070
182440,998,1065
182441,996,1065
182442,992,1065
182443,992,1068
182444,990,1074
182445,994,1076
182446,997,1069
182447,995,1060
182448,995,1056
182449,993,1059
182450,996,1063
182451,999,1065
182452,1001,1060
182453,1000,1058
182454,996,1054
182455,993,1056
182456,996,1059
182457,999,1064
182458,1000,1060
182459,997,1054
182460,995,1052
182461,993,1056
182462,996,1056
182463,1000,1059
182464,1000,1061
182465,997,1060
182466,995,1057
182467,995,1056
182468,997,1059
182469,999,1061
182470,1003,1061
182471,1001,1057
182472,998,1057
182473,997,1057
182474,997,1061
182475,999,1065
182476,1001,1063
182477,999,1061
182478,995,1057
182479,994,1057
182480,995,1058
182481,996,1060
182482,998,1061
182483,996,1059
182484,995,1056
182485,993,1051
182486,995,1050
182487,998,1055
182488,999,1051
182489,998,1052
182490,996,1050
182491,995,1052
182492,998,1055
182493,1000,1059
182494,1002,1056
182495,1000,1056
182496,996,1053
182497,995,1056
182498,997,1062
182499,998,1062
182500,1001,1060
182501,999,1059
182502,996,1057
182503,993,1059
182504,994,1066
182505,998,1070
182506,1002,1075
182507,999,1074
182508,1000,1072
182509,997,1067
182510,995,1065
182511,998,1067
182512,1000,1068
182513,999,1061
182514,997,1055
182515,995,1056
182516,995,1064
182517,999,1062
182518,1001,1060
182519,998,1053
182520,995,1049
182521,994,1049
182522,996,1054
182523,998,1061
182524,1000,1061
182525,997,1057
182526,995,1055
182527,992,1052
182528,993,1055
182529,993,1058
182530,996,1059
182531,996,1056
182532,994,1051
182533,991,1053
182534,991,1057
182535,991,1059
182536,992,1058
182537,993,1054
182538,990,1051
182539,990,1052
182540,988,1056
182541,989,1058
182542,989,1056
182543,992,1052
182544,987,1048
182545,988,1048
182546,989,1055
182547,992,1058
182548,993,1057
182549,995,1058
182550,990,1055
182551,994,1053
182552,994,1053
182553,997,1059
182554,998,1057
182555,997,1057
182556,995,1057
182557,994,1061
182558,996,1065
182559,998,1067
182560,999,1065
182561,999,1065
182562,996,1063
182563,995,1068
182564,997,1070
182565,998,1071
182566,1001,1068
182567,998,1066
182568,994,1066
182569,994,1066
182570,997,1066
182571,997,1067
182572,998,1066
182573,998,1062
182574,993,1058
182575,991,1061
182576,995,1064
182577,996,1067
182578,997,1067
182579,995,1066
182580,994,1066
182581,992,1065
182582,995,1061
182583,998,1062
182584,999,1055
182585,995,1054
182586,990,1052
182587,987,1056
182588,990,1061
182589,992,1063
182590,997,1060
182591,996,1055
182592,991,1051
182593,990,1053
182594,991,1054
182595,995,1053
182596,996,1050
182597,994,1048
182598,990,1045
182599,991,1047
182600,992,1051
182601,994,1054
182602,997,1052
182603,997,1053
182604,993,1054
182605,995,1058
182606,993,1064
182607,998,1069
182608,1000,1068
182609,999,1072
182610,996,1073
182611,995,1065
182612,997,1056
182613,999,1053
182614,1001,1048
182615,998,1048
182616,995,1052
182617,999,1053
182618,1002,1058
182619,1005,1060
182620,1004,1055
182621,1003,1054
182622,997,1054
182623,996,1059
182624,998,1061
182625,1002,1067
182626,1004,1066
182627,1004,1064
182628,1003,1063
182629,1003,1057
182630,1005,1056
182631,1006,1056
182632,1005,1056
182633,1003,1054
182634,999,1053
182635,1000,1054
182636,1002,1057
182637,1005,1060
182638,1006,1057
182639,1005,1055
182640,1000,1053
182641,1001,1055
182642,1005,1056
182643,1008,1056
182644,1011,1051
182645,1014,1049
182646,1015,1052
182647,1023,1056
182648,1039,1064
182649,1056,1065
182650,1075,1059
182651,1093,1044
182652,1112,1027
182653,1138,1009
182654,1167,1001
182655,1196,996
182656,1226,996
182657,1249,1002
182658,1266,1014
182659,1267,1034
182660,1255,1053
182661,1227,1062
182662,1185,1063
182663,1137,1067
182664,1093,1069
182665,1051,1080
182666,1019,1084
182667,1002,1089
182668,996,1087
182669,997,1081
182670,999,1071
182671,1001,1065
182672,1003,1063
182673,1004,1066
182674,1003,1067
182675,1000,1066
182676,994,1066
182677,992,1064
182678,993,1059
182679,993,1055
182680,996,1050
182681,991,1047
182682,988,1048
182683,985,1049
182684,986,1053
182685,986,1058
182686,986,1061
182687,986,1064
182688,984,1063
182689,980,1062
182690,980,1063
182691,983,1059
182692,983,1048
182693,979,1041
182694,977,1038
182695,971,1044
182696,972,1048
182697,977,1051
182698,981,1054
182699,981,1053
182700,978,1052
182701,976,1055
182702,978,1056
182703,977,1060
182704,980,1059
182705,979,1053
182706,973,1052
182707,968,1053
182708,974,1058
182709,978,1063
182710,978,1062
182711,979,1057
182712,977,1055
182713,977,1054
182714,979,1059
182715,981,1061
182716,985,1060
182717,984,1057
182718,981,1055
182719,977,1054
182720,984,1056
182721,988,1055
182722,989,1056
182723,991,1052
182724,990,1046
182725,989,1047
182726,993,1048
182727,994,1050
182728,999,1047
182729,999,1045
182730,995,1042
182731,994,1046
182732,998,1050
182733,999,1058
182734,999,1062
182735,999,1054
182736,998,1040
182737,996,1034
182738,998,1033
182739,1001,1036
182740,1002,1036
182741,1001,1039
182742,999,1039
182743,996,1040
182744,1003,1038
182745,1005,1037
182746,1004,1032
182747,1005,1030
182748,1004,1025
182749,1004,1023
182750,1007,1020
182751,1011,1021
182752,1015,1023
182753,1013,1023
182754,1014,1021
182755,1011,1025
182756,1013,1027
182757,1019,1029
182758,1021,1022
182759,1023,1020
182760,1018,1017
182761,1017,1018
182762,1019,1022
182763,1024,1023
182764,1029,1023
182765,1029,1019
182766,1027,1019
182767,1026,1023
182768,1026,1027
182769,1030,1031
182770,1033,1029
182771,1029,1029
182772,1026,1028
182773,1023,1033
182774,1020,1039
182775,1022,1046
182776,1019,1047
182777,1022,1049
182778,1015,1050
182779,1012,1051
182780,1014,1056
182781,1014,1059
182782,1016,1059
182783,1014,1058
182784,1007,1057
182785,1004,1058
182786,1004,1061
182787,1007,1063
182788,1008,1065
182789,1005,1061
182790,1002,1061
182791,995,1059
182792,995,1063
182793,1000,1064
182794,999,1062
182795,997,1060
182796,994,1059
182797,995,1065
182798,995,1071
182799,998,1080
182800,1000,1081
182801,997,1071
182802,996,1055
182803,991,1047
182804,997,1043
182805,995,1048
182806,998,1051
182807,996,1048
182808,992,1045
182809,991,1046
182810,994,1052
182811,995,1053
182812,996,1053
182813,994,1049
182814,990,1050
182815,992,1049
182816,995,1051
182817,997,1052
182818,998,1051
182819,995,1051
182820,990,1048
182821,991,1051
182822,994,1052
182823,996,1060
182824,999,1061
182825,999,1062
182826,996,1063
182827,994,1064
182828,995,1059
182829,997,1051
182830,996,1047
182831,996,1048
182832,994,1051
182833,993,1056
182834,995,1056
182835,998,1054
182836,1001,1049
182837,1001,1043
182838,998,1035
182839,998,1035
182840,996,1043
182841,995,1047
182842,997,1047
182843,995,1047
182844,994,1048
182845,992,1048
182846,994,1049
182847,996,1051
182848,997,1048
182849,998,1044
182850,995,1044
182851,989,1045
182852,991,1050
182853,994,1053
182854,993,1051
182855,992,1049
182856,991,1047
182857,989,1045
182858,989,1050
182859,993,1053
182860,994,1052
182861,990,1050
182862,987,1048
182863,983,1049
182864,983,1051
182865,985,1054
182866,985,1055
182867,984,1051
182868,985,1051
182869,984,1051
182870,984,1057
182871,986,1059
182872,987,1060
182873,983,1060
182874,982,1060
182875,979,1057
182876,982,1056
182877,984,1053
182878,986,1051
182879,984,1051
182880,979,1058
182881,981,1063
182882,979,1071
182883,985,1070
182884,984,1065
182885,979,1053
182886,979,1044
182887,978,1039
182888,983,1040
182889,985,1039
182890,985,1041
182891,984,1042
182892,977,1039
182893,979,1039
182894,978,1044
182895,983,1047
182896,984,1047
182897,981,1045
182898,977,1045
182899,978,1046
182900,979,1049
182901,982,1052
182902,982,1053
182903,981,1049
182904,978,1048
182905,978,1049
182906,977,1051
182907,979,1054
182908,982,1054
182909,980,1052
182910,977,1052
182911,978,1053
182912,977,1057
182913,979,1061
182914,983,1060
182915,983,1058
182916,980,1050
182917,978,1049
182918,979,1054
182919,980,1060
182920,979,1064
182921,979,1061
182922,976,1059
182923,975,1061
182924,978,1061
182925,981,1065
182926,982,1058
182927,981,1053
182928,980,1051
182929,978,1049
182930,980,1050
182931,985,1054
182932,987,1052
182933,984,1049
182934,983,1042
182935,983,1041
182936,984,1044
182937,988,1047
182938,991,1045
182939,989,1041
182940,990,1041
182941,993,1042
182942,997,1043
182943,1005,1043
182944,1007,1039
182945,1017,1035
182946,1023,1034
182947,1034,1035
182948,1054,1037
182949,1076,1036
182950,1100,1028
182951,1126,1016
182952,1149,1008
182953,1178,1004
182954,1206,1008
182955,1230,1021
182956,1245,1031
182957,1243,1045
182958,1226,1056
182959,1195,1063
182960,1157,1068
182961,1116,1076
182962,1074,1083
182963,1033,1090
182964,997,1095
182965,978,1101
182966,975,1103
182967,981,1101
182968,987,1088
182969,986,1071
182970,986,1059
182971,984,1053
182972,983,1055
182973,982,1064
182974,982,1065
182975,980,1064
182976,977,1056
182977,974,1051
182978,972,1047
182979,974,1043
182980,974,1045
182981,972,1046
182982,970,1047
182983,968,1047
182984,970,1052
182985,971,1052
182986,972,1049
182987,971,1048
182988,970,1044
182989,966,1045
182990,970,1047
182991,973,1048
182992,972,1046
182993,971,1045
182994,969,1044
182995,970,1047
182996,970,1045
182997,974,1050
182998,976,1048
182999,973,1044
183000,972,1044
183001,972,1045
183002,972,1049
183003,977,1051
183004,978,1050
183005,977,1049
183006,973,1047
183007,972,1047
183008,975,1050
183009,979,1053
183010,980,1051
183011,978,1050
183012,976,1049
183013,977,1048
183014,975,1048
183015,980,1053
183016,980,1051
183017,978,1054
183018,978,1050
183019,978,1056
183020,982,1059
183021,984,1059
183022,988,1057
183023,987,1051
183024,984,1045
183025,984,1049
183026,985,1062
183027,990,1069
183028,993,1065
183029,993,1050
183030,994,1040
183031,996,1033
183032,995,1033
183033,999,1036
183034,1002,1035
183035,1002,1031
183036,1001,1024
183037,1001,1024
183038,1005,1024
183039,1010,1027
183040,1011,1025
183041,1012,1021
183042,1011,1016
183043,1009,1016
183044,1010,1014
183045,1014,1017
183046,1015,1014
183047,1014,1012
183048,1014,1009
183049,1013,1010
183050,1018,1012
183051,1018,1017
183052,1021,1016
183053,1019,1014
183054,1020,1011
183055,1021,1011
183056,1024,1014
183057,1024,1017
183058,1026,1015
183059,1027,1016
183060,1027,1014
183061,1027,1019
183062,1030,1021
183063,1031,1024
183064,1031,1023
183065,1030,1025
183066,1027,1026
183067,1028,1029
183068,1028,1034
183069,1030,1035
183070,1033,1036
183071,1027,1035
183072,1025,1035
183073,1019,1043
183074,1021,1048
183075,1024,1056
183076,1023,1063
183077,1022,1065
183078,1015,1065
183079,1012,1070
183080,1009,1076
183081,1011,1076
183082,1010,1076
183083,1009,1076
183084,1007,1071
183085,1006,1066
183086,1008,1058
183087,1012,1054
183088,1009,1051
183089,1005,1049
183090,1003,1049
183091,1002,1052
183092,1002,1055
183093,1004,1058
183094,1005,1057
183095,1004,1054
183096,1002,1052
183097,1001,1052
183098,1002,1056
183099,1007,1059
183100,1009,1058
183101,1007,1054
183102,1006,1053
183103,1009,1053
183104,1011,1057
183105,1014,1058
183106,1018,1058
183107,1020,1056
183108,1019,1054
183109,1023,1054
183110,1032,1058
183111,1038,1059
183112,1044,1062
183113,1049,1058
183114,1051,1058
183115,1058,1061
183116,1069,1062
183117,1082,1059
183118,1094,1048
183119,1104,1036
183120,1112,1016
183121,1120,1007
183122,1133,999
183123,1150,990
183124,1164,979
183125,1179,965
183126,1188,950
183127,1200,935
183128,1219,921
183129,1236,905
183130,1253,887
183131,1264,871
183132,1270,863
183133,1271,866
183134,1272,870
183135,1269,873
183136,1266,871
183137,1259,866
183138,1249,861
183139,1237,858
183140,1224,860
183141,1208,863
183142,1186,869
183143,1161,873
183144,1136,878
183145,1116,887
183146,1100,902
183147,1086,914
183148,1074,924
183149,1066,932
183150,1057,942
183151,1053,955
183152,1049,968
183153,1048,977
183154,1043,981
183155,1048,984
183156,1050,988
183157,1061,999
183158,1073,1006
183159,1085,1012
183160,1087,1010
183161,1078,1014
183162,1053,1015
183163,1029,1026
183164,1007,1038
183165,990,1052
183166,984,1070
183167,972,1087
183168,966,1104
183169,960,1113
183170,960,1108
183171,957,1096
183172,954,1085
183173,949,1078
183174,943,1080
183175,940,1087
183176,940,1097
183177,939,1106
183178,939,1109
183179,936,1110
183180,931,1109
183181,927,1111
183182,925,1117
183183,926,1125
183184,926,1126
183185,922,1127
183186,919,1127
183187,918,1133
183188,918,1137
183189,922,1139
183190,924,1143
183191,922,1139
183192,915,1137
183193,911,1140
183194,912,1143
183195,915,1146
183196,914,1144
183197,913,1142
183198,910,1138
183199,911,1142
183200,912,1144
183201,913,1148
183202,915,1148
183203,914,1149
183204,910,1148
183205,910,1150
183206,910,1157
183207,912,1163
183208,918,1161
183209,917,1161
183210,915,1163
183211,916,1166
183212,919,1169
183213,926,1175
183214,928,1174
183215,927,1172
183216,928,1172
183217,927,1173
183218,930,1177
183219,930,1180
183220,935,1180
183221,937,1183
183222,934,1180
183223,936,1180
183224,940,1177
183225,947,1177
183226,952,1172
183227,955,1168
183228,955,1164
183229,959,1162
183230,963,1165
183231,969,1168
183232,972,1164
183233,972,1160
183234,970,1154
183235,978,1154
183236,981,1154
183237,985,1151
183238,989,1145
183239,991,1140
183240,989,1132
183241,990,1129
183242,995,1127
183243,993,1127
183244,995,1123
183245,993,1116
183246,990,1109
183247,990,1105
183248,991,1098
183249,991,1093
183250,994,1081
183251,994,1074
183252,991,1069
183253,989,1068
183254,991,1068
183255,992,1069
183256,994,1068
183257,994,1065
183258,990,1063
183259,990,1063
183260,991,1062
183261,995,1062
183262,995,1058
183263,995,1057
183264,992,1055
183265,992,1058
183266,995,1059
183267,996,1061
183268,999,1058
183269,998,1056
183270,992,1053
183271,993,1055
183272,992,1058
183273,995,1063
183274,997,1060
183275,996,1056
183276,994,1054
183277,995,1057
183278,997,1061
183279,1001,1067
183280,999,1064
183281,996,1060
183282,993,1058
183283,991,1058
183284,994,1060
183285,998,1068
183286,1000,1068
183287,1000,1064
183288,997,1061
183289,996,1064
183290,997,1067
183291,997,1071
183292,999,1068
183293,999,1060
183294,994,1055
183295,992,1055
183296,995,1059
183297,996,1062
183298,999,1057
183299,996,1054
183300,995,1051
183301,995,1051
183302,996,1053
183303,1000,1056
183304,997,1056
183305,996,1055
183306,994,1055
183307,993,1055
183308,996,1056
183309,998,1055
183310,998,1050
183311,997,1045
183312,997,1047
183313,997,1051
183314,999,1057
183315,999,1062
183316,1000,1063
183317,1000,1061
183318,997,1055
183319,995,1052
183320,997,1048
183321,998,1048
183322,999,1050
183323,998,1049
183324,997,1050
183325,994,1053
183326,998,1053
183327,1002,1055
183328,1003,1056
183329,1000,1052
183330,998,1054
183331,993,1058
183332,993,1060
183333,997,1061
183334,999,1061
183335,997,1059
183336,995,1054
183337,995,1061
183338,994,1066
183339,998,1067
183340,996,1065
183341,995,1063
183342,991,1062
183343,990,1066
183344,995,1067
183345,999,1066
183346,1002,1062
183347,1001,1055
183348,998,1047
183349,997,1047
183350,997,1050
183351,1001,1054
183352,1002,1054
183353,1000,1049
183354,999,1044
183355,996,1046
183356,998,1048
183357,1002,1052
183358,1004,1053
183359,1000,1052
183360,998,1049
183361,999,1051
183362,998,1051
183363,1005,1053
183364,1002,1054
183365,1001,1051
183366,998,1050
183367,999,1056
183368,1006,1059
183369,1009,1060
183370,1007,1054
183371,1002,1049
183372,994,1047
183373,995,1053
183374,996,1057
183375,998,1059
183376,1001,1058
183377,1000,1055
183378,996,1056
183379,994,1064
183380,994,1068
183381,998,1066
183382,1000,1057
183383,998,1048
183384,994,1047
183385,994,1049
183386,995,1055
183387,1000,1060
183388,999,1060
183389,999,1060
183390,995,1060
183391,991,1061
183392,996,1064
183393,999,1063
183394,1000,1061
183395,998,1060
183396,995,1057
183397,996,1059
183398,997,1064
183399,1000,1067
183400,1004,1065
183401,1004,1059
183402,1000,1051
183403,999,1052
183404,997,1053
183405,999,1057
183406,1003,1055
183407,1001,1051
183408,998,1049
183409,997,1052
183410,1002,1052
183411,1004,1055
183412,1005,1055
183413,1004,1052
183414,1003,1052
183415,1000,1054
183416,1003,1058
183417,1007,1062
183418,1009,1059
183419,1007,1054
183420,1007,1049
183421,1007,1046
183422,1010,1048
183423,1013,1049
183424,1013,1048
183425,1009,1048
183426,1003,1046
183427,997,1051
183428,997,1053
183429,999,1058
183430,1001,1059
183431,997,1057
183432,996,1057
183433,997,1059
183434,997,1064
183435,1001,1069
183436,1001,1065
183437,999,1062
183438,998,1060
183439,998,1060
183440,999,1063
183441,1002,1064
183442,1003,1058
183443,1004,1056
183444,1001,1051
183445,1001,1052
183446,1002,1053
183447,1006,1056
183448,1007,1057
183449,1005,1055
183450,1004,1050
183451,1003,1044
183452,1004,1049
183453,1005,1048
183454,1007,1050
183455,1006,1045
183456,1002,1044
183457,1002,1045
183458,1002,1048
183459,1006,1053
183460,1007,1050
183461,1007,1047
183462,1001,1047
183463,1001,1051
183464,1005,1056
183465,1008,1055
183466,1009,1050
183467,1012,1046
183468,1010,1043
183469,1010,1047
183470,1012,1052
183471,1016,1053
183472,1018,1052
183473,1015,1052
183474,1015,1050
183475,1012,1055
183476,1017,1057
183477,1021,1055
183478,1023,1050
183479,1022,1045
183480,1021,1044
183481,1020,1046
183482,1025,1051
183483,1029,1054
183484,1032,1053
183485,1041,1050
183486,1046,1047
183487,1058,1046
183488,1076,1046
183489,1097,1044
183490,1123,1038
183491,1151,1022
183492,1177,1009
183493,1207,1002
183494,1237,1005
183495,1262,1012
183496,1277,1023
183497,1274,1034
183498,1251,1039
183499,1211,1046
183500,1167,1055
183501,1121,1068
183502,1073,1077
183503,1031,1084
183504,1008,1086
183505,1000,1088
183506,1003,1079
183507,1011,1071
183508,1013,1054
183509,1012,1038
183510,1005,1032
183511,1003,1037
183512,1000,1035
183513,1000,1040
183514,1002,1039
183515,997,1040
183516,989,1041
183517,990,1045
183518,991,1046
183519,992,1052
183520,994,1050
183521,994,1043
183522,990,1044
183523,991,1048
183524,994,1052
183525,995,1053
183526,997,1055
183527,995,1055
183528,990,1050
183529,989,1054
183530,991,1054
183531,997,1059
183532,995,1059
183533,995,1057
183534,991,1053
183535,988,1050
183536,990,1053
183537,994,1056
183538,995,1063
183539,993,1059
183540,991,1060
183541,990,1065
183542,992,1070
183543,997,1070
183544,1000,1068
183545,997,1063
183546,994,1058
183547,992,1057
183548,996,1061
183549,997,1056
183550,997,1054
183551,997,1049
183552,996,1050
183553,994,1048
183554,996,1050
183555,1002,1052
183556,1003,1045
183557,1000,1036
183558,998,1030
183559,998,1034
183560,1001,1035
183561,1003,1041
183562,1008,1041
183563,1005,1037
183564,1003,1032
183565,1003,1032
183566,1005,1035
183567,1009,1035
183568,1013,1032
183569,1011,1030
183570,1009,1025
183571,1010,1027
183572,1014,1028
183573,1015,1031
183574,1017,1029
183575,1017,1024
183576,1017,1023
183577,1017,1026
183578,1020,1027
183579,1023,1027
183580,1026,1025
183581,1028,1021
183582,1026,1017
183583,1028,1019
183584,1031,1023
183585,1037,1032
183586,1038,1029
183587,1038,1019
183588,1038,1015
183589,1039,1012
183590,1040,1018
183591,1042,1020
183592,1045,1019
183593,1044,1018
183594,1041,1018
183595,1041,1021
183596,1044,1027
183597,1046,1031
183598,1047,1032
183599,1046,1031
183600,1045,1029
183601,1044,1028
183602,1045,1026
183603,1049,1026
183604,1049,1027
183605,1045,1028
183606,1044,1029
183607,1041,1033
183608,1038,1039
183609,1040,1040
183610,1037,1041
183611,1033,1042
183612,1029,1039
183613,1028,1040
183614,1026,1048
183615,1026,1058
183616,1027,1065
183617,1023,1060
183618,1018,1046
183619,1012,1037
183620,1016,1038
183621,1017,1044
183622,1018,1044
183623,1018,1043
183624,1012,1040
183625,1012,1043
183626,1012,1044
183627,1014,1046
183628,1013,1051
183629,1012,1046
183630,1010,1046
183631,1012,1049
183632,1011,1052
183633,1015,1053
183634,1012,1051
183635,1013,1050
183636,1009,1049
183637,1009,1050
183638,1012,1052
183639,1014,1054
183640,1014,1051
183641,1011,1049
183642,1008,1047
183643,1008,1051
183644,1012,1052
183645,1014,1055
183646,1014,1051
183647,1012,1046
183648,1013,1044
183649,1010,1044
183650,1013,1042
183651,1017,1045
183652,1016,1043
183653,1015,1041
183654,1009,1040
183655,1010,1043
183656,1014,1048
183657,1019,1045
183658,1017,1039
183659,1014,1039
183660,1011,1039
183661,1012,1042
183662,1013,1042
183663,1016,1046
183664,1016,1040
183665,1012,1033
183666,1009,1032
183667,1009,1037
183668,1013,1043
183669,1016,1050
183670,1016,1047
183671,1012,1043
183672,1011,1036
183673,1011,1030
183674,1012,1030
183675,1014,1034
183676,1016,1033
183677,1011,1035
183678,1007,1030
183679,1008,1033
183680,1009,1037
183681,1010,1041
183682,1008,1041
183683,1007,1042
183684,1001,1039
183685,999,1044
183686,1000,1047
183687,1003,1050
183688,1001,1053
183689,1002,1051
183690,1001,1051
183691,1000,1052
183692,1004,1053
183693,1007,1054
183694,1005,1050
183695,1001,1048
183696,998,1047
183697,996,1048
183698,1000,1053
183699,1002,1051
183700,1003,1048
183701,1000,1046
183702,996,1044
183703,995,1048
183704,996,1049
183705,999,1050
183706,999,1048
183707,997,1040
183708,995,1037
183709,994,1042
183710,997,1047
183711,1002,1048
183712,1005,1046
183713,999,1045
183714,996,1040
183715,994,1040
183716,997,1047
183717,999,1046
183718,999,1046
183719,998,1044
183720,996,1041
183721,993,1043
183722,996,1045
183723,999,1049
183724,999,1046
183725,999,1045
183726,993,1048
183727,988,1052
183728,991,1050
183729,996,1046
183730,997,1043
183731,995,1037
183732,993,1034
183733,994,1035
183734,995,1039
183735,998,1044
183736,999,1045
183737,996,1044
183738,994,1044
183739,990,1044
183740,993,1046
183741,994,1048
183742,996,1049
183743,995,1044
183744,994,1042
183745,993,1043
183746,990,1046
183747,993,1049
183748,994,1045
183749,992,1041
183750,988,1040
183751,988,1043
183752,992,1047
183753,997,1048
183754,999,1044
183755,996,1038
183756,992,1039
183757,989,1043
183758,992,1046
183759,995,1049
183760,996,1045
183761,996,1043
183762,991,1043
183763,992,1045
183764,995,1049
183765,997,1051
183766,997,1050
183767,995,1047
183768,991,1046
183769,992,1047
183770,996,1046
183771,998,1051
183772,1000,1049
183773,997,1048
183774,995,1048
183775,996,1053
183776,997,1058
183777,1001,1061
183778,1002,1061
183779,997,1058
183780,997,1053
183781,996,1049
183782,998,1048
183783,1000,1048
183784,998,1048
183785,995,1048
183786,992,1054
183787,992,1054
183788,996,1051
183789,997,1051
183790,995,1053
183791,993,1050
183792,988,1047
183793,992,1043
183794,992,1046
183795,999,1047
183796,998,1046
183797,996,1044
183798,992,1041
183799,990,1039
183800,985,1040
183801,988,1043
183802,991,1043
183803,992,1041
183804,989,1039
183805,989,1038
183806,992,1043
183807,996,1044
183808,994,1044
183809,992,1039
183810,988,1038
183811,988,1041
183812,990,1045
183813,994,1046
183814,996,1045
183815,996,1042
183816,993,1042
183817,993,1043
183818,996,1047
183819,1000,1049
183820,1004,1047
183821,1000,1044
183822,996,1040
183823,995,1043
183824,996,1043
183825,999,1047
183826,1000,1048
183827,998,1047
183828,993,1046
183829,990,1044
183830,994,1047
183831,994,1049
183832,997,1047
183833,996,1043
183834,992,1040
183835,988,1041
183836,992,1045
183837,996,1045
183838,996,1045
183839,992,1045
183840,988,1044
183841,993,1045
183842,993,1046
183843,997,1045
183844,996,1044
183845,992,1043
183846,990,1041
183847,991,1049
183848,993,1054
183849,995,1052
183850,997,1051
183851,996,1047
183852,993,1044
183853,995,1049
183854,999,1052
183855,1000,1054
183856,1002,1052
183857,997,1046
183858,995,1045
183859,994,1043
183860,999,1045
183861,999,1049
183862,998,1051
183863,997,1051
183864,995,1044
183865,997,1038
183866,998,1036
183867,1003,1037
183868,1004,1040
183869,1002,1037
183870,999,1036
183871,999,1037
183872,1001,1042
183873,1005,1044
183874,1005,1039
183875,1000,1039
183876,1000,1038
183877,997,1038
183878,999,1044
183879,1001,1048
183880,999,1046
183881,997,1044
183882,993,1041
183883,992,1044
183884,995,1046
183885,999,1050
183886,999,1048
183887,997,1045
183888,997,1042
183889,992,1045
183890,994,1050
183891,994,1060
183892,998,1061
183893,999,1055
183894,1001,1045
183895,1000,1036
183896,1002,1035
183897,1003,1040
183898,1004,1038
183899,999,1038
183900,1000,1040
183901,1000,1044
183902,1003,1046
183903,1007,1048
183904,1009,1045
183905,1009,1043
183906,1008,1042
183907,1010,1039
183908,1011,1039
183909,1012,1044
183910,1013,1046
183911,1014,1044
183912,1014,1036
183913,1016,1032
183914,1025,1032
183915,1036,1031
183916,1048,1034
183917,1063,1029
183918,1078,1028
183919,1103,1025
183920,1134,1019
183921,1168,1008
183922,1198,1006
183923,1226,1009
183924,1246,1020
183925,1266,1034
183926,1271,1046
183927,1255,1045
183928,1220,1037
183929,1168,1036
183930,1119,1045
183931,1071,1060
183932,1026,1076
183933,1000,1087
183934,993,1087
183935,997,1080
183936,1003,1067
183937,1005,1055
183938,1008,1047
183939,1006,1046
183940,1003,1046
183941,999,1043
183942,996,1042
183943,995,1042
183944,998,1047
183945,997,1048
183946,994,1045
183947,991,1047
183948,987,1041
183949,985,1044
183950,987,1045
183951,990,1046
183952,992,1045
183953,992,1043
183954,990,1040
183955,989,1043
183956,992,1048
183957,994,1049
183958,994,1046
183959,989,1040
183960,987,1040
183961,985,1039
183962,987,1047
183963,988,1046
183964,991,1047
183965,988,1045
183966,985,1043
183967,983,1048
183968,987,1052
183969,993,1057
183970,992,1058
183971,991,1055
183972,985,1046
183973,986,1042
183974,988,1043
183975,991,1046
183976,988,1047
183977,990,1041
183978,987,1036
183979,988,1040
183980,988,1044
183981,990,1047
183982,995,1045
183983,995,1043
183984,995,1041
183985,996,1041
183986,995,1044
183987,1001,1045
183988,1004,1044
183989,1004,1039
183990,1004,1034
183991,1002,1031
183992,1008,1033
183993,1011,1036
183994,1014,1032
183995,1012,1028
183996,1013,1026
183997,1014,1027
183998,1016,1031
183999,1018,1030
184000,1021,1029
184001,1021,1026
184002,1020,1023
184003,1018,1023
184004,1019,1025
184005,1024,1028
184006,1027,1027
184007,1025,1023
184008,1022,1020
184009,1023,1021
184010,1025,1023
184011,1030,1027
184012,1029,1020
184013,1030,1015
184014,1028,1009
184015,1027,1006
184016,1031,1006
184017,1031,1010
184018,1032,1015
184019,1031,1014
184020,1028,1013
184021,1030,1016
184022,1031,1018
184023,1033,1024
184024,1032,1028
184025,1030,1027
184026,1028,1026
184027,1028,1027
184028,1030,1029
184029,1033,1033
184030,1034,1034
184031,1031,1035
184032,1027,1034
184033,1024,1039
184034,1025,1041
184035,1027,1046
184036,1026,1046
184037,1022,1048
184038,1018,1050
184039,1017,1055
184040,1017,1060
184041,1021,1066
184042,1020,1068
184043,1018,1065
184044,1017,1061
184045,1016,1063
184046,1017,1062
184047,1014,1056
184048,1014,1048
184049,1013,1041
184050,1010,1049
184051,1009,1058
184052,1010,1059
184053,1014,1059
184054,1017,1052
184055,1011,1047
184056,1006,1046
184057,1007,1047
184058,1009,1053
184059,1015,1059
184060,1016,1063
184061,1015,1056
184062,1011,1044
184063,1011,1039
184064,1011,1041
184065,1013,1054
184066,1015,1064
184067,1010,1066
184068,1010,1056
184069,1009,1041
184070,1013,1036
184071,1017,1040
184072,1013,1044
184073,1012,1045
184074,1008,1046
184075,1008,1045
184076,1010,1049
184077,1014,1051
184078,1016,1051
184079,1014,1049
184080,1011,1047
184081,1011,1050
184082,1013,1055
184083,1017,1056
184084,1019,1053
184085,1016,1051
184086,1014,1045
184087,1013,1049
184088,1014,1052
184089,1019,1058
184090,1017,1054
184091,1017,1057
184092,1013,1057
184093,1014,1057
184094,1019,1054
184095,1020,1050
184096,1019,1048
184097,1016,1044
184098,1015,1038
184099,1014,1040
184100,1016,1042
184101,1022,1043
184102,1020,1041
184103,1020,1038
184104,1016,1037
184105,1016,1040
184106,1020,1045
184107,1025,1046
184108,1023,1047
184109,1022,1043
184110,1017,1043
184111,1018,1046
184112,1021,1050
184113,1020,1050
184114,1021,1052
184115,1019,1047
184116,1016,1044
184117,1017,1051
184118,1019,1055
184119,1020,1059
184120,1020,1062
184121,1018,1057
184122,1016,1055
184123,1014,1057
184124,1015,1062
184125,1017,1067
184126,1018,1067
184127,1016,1062
184128,1011,1051
184129,1013,1049
184130,1013,1053
184131,1017,1053
184132,1021,1051
184133,1021,1048
184134,1018,1049
184135,1017,1056
184136,1017,1059
184137,1021,1062
184138,1021,1054
184139,1020,1046
184140,1017,1044
184141,1018,1044
184142,1018,1048
184143,1023,1051
184144,1024,1049
184145,1020,1046
184146,1016,1046
184147,1013,1049
184148,1017,1050
184149,1023,1050
184150,1024,1048
184151,1024,1045
184152,1021,1043
184153,1025,1046
184154,1030,1044
184155,1041,1042
184156,1048,1037
184157,1057,1030
184158,1067,1027
184159,1088,1028
184160,1113,1030
184161,1144,1023
184162,1179,1012
184163,1211,1004
184164,1239,1002
184165,1267,1016
184166,1285,1040
184167,1286,1059
184168,1261,1065
184169,1221,1064
184170,1173,1067
184171,1124,1075
184172,1075,1079
184173,1037,1087
184174,1009,1089
184175,1000,1089
184176,1000,1083
184177,1007,1076
184178,1015,1066
184179,1020,1061
184180,1018,1056
184181,1014,1049
184182,1011,1049
184183,1008,1053
184184,1010,1053
184185,1009,1053
184186,1010,1051
184187,1008,1046
184188,1003,1047
184189,1002,1047
184190,1006,1050
184191,1006,1051
184192,1006,1048
184193,1006,1047
184194,998,1048
184195,999,1048
184196,1000,1049
184197,1002,1051
184198,1004,1049
184199,1001,1042
184200,997,1044
184201,997,1046
184202,999,1048
184203,1004,1050
184204,1004,1048
184205,1001,1045
184206,997,1045
184207,999,1043
184208,1002,1049
184209,1003,1049
184210,1003,1049
184211,1003,1046
184212,1001,1050
184213,1001,1056
184214,1005,1063
184215,1009,1063
184216,1007,1059
184217,1006,1051
184218,1003,1049
184219,1006,1049
184220,1008,1052
184221,1012,1054
184222,1014,1053
184223,1013,1050
184224,1009,1050
184225,1011,1051
184226,1014,1054
184227,1015,1061
184228,1016,1067
184229,1017,1062
184230,1017,1055
184231,1018,1045
184232,1023,1033
184233,1025,1026
184234,1028,1021
184235,1026,1017
184236,1025,1016
184237,1027,1022
184238,1030,1026
184239,1034,1035
184240,1036,1034
184241,1037,1029
184242,1035,1018
184243,1038,1009
184244,1042,1003
184245,1045,1005
184246,1048,1002
184247,1048,998
184248,1047,998
184249,1047,998
184250,1050,1000
184251,1053,1002
184252,1052,1001
184253,1051,998
184254,1050,998
184255,1052,1001
184256,1056,1009
184257,1057,1016
184258,1060,1024
184259,1066,1025
184260,1067,1021
184261,1065,1010
184262,1058,1002
184263,1047,997
184264,1043,999
184265,1038,1001
184266,1037,1011
184267,1036,1021
184268,1034,1025
184269,1036,1031
184270,1033,1032
184271,1029,1038
184272,1023,1056
184273,1023,1073
184274,1023,1071
184275,1027,1053
184276,1027,1027
184277,1024,1022
184278,1022,1025
184279,1017,1035
184280,1018,1044
184281,1024,1047
184282,1021,1050
184283,1021,1046
184284,1016,1046
184285,1015,1050
184286,1015,1053
184287,1018,1057
184288,1016,1058
184289,1016,1056
184290,1012,1055
184291,1011,1058
184292,1009,1058
184293,1016,1060
184294,1012,1061
184295,1009,1060
184296,1006,1058
184297,1008,1058
184298,1010,1063
184299,1014,1063
184300,1014,1062
184301,1014,1058
184302,1011,1057
184303,1011,1058
184304,1012,1061
184305,1014,1062
184306,1014,1058
184307,1013,1055
184308,1010,1056
184309,1010,1061
184310,1013,1062
184311,1016,1062
184312,1016,1062
184313,1014,1055
184314,1012,1053
184315,1011,1053
184316,1010,1058
184317,1016,1063
184318,1013,1066
184319,1012,1067
184320,1010,1068
184321,1010,1069
184322,1015,1067
184323,1018,1058
184324,1020,1047
184325,1017,1035
184326,1014,1034
184327,1016,1038
184328,1014,1043
184329,1020,1046
184330,1017,1046
184331,1018,1049
184332,1016,1049
184333,1014,1047
184334,1018,1048
184335,1019,1046
184336,1020,1048
184337,1019,1046
184338,1016,1045
184339,1016,1048
184340,1017,1050
184341,1020,1050
184342,1018,1052
184343,1017,1049
184344,1017,1051
184345,1015,1054
184346,1018,1058
184347,1023,1062
184348,1020,1062
184349,1017,1060
184350,1016,1060
184351,1012,1061
184352,1016,1057
184353,1019,1056
184354,1018,1050
184355,1018,1049
184356,1015,1051
184357,1012,1053
184358,1015,1058
184359,1020,1058
184360,1021,1053
184361,1019,1053
184362,1021,1051
184363,1019,1056
184364,1023,1060
184365,1027,1066
184366,1028,1063
184367,1027,1055
184368,1031,1046
184369,1037,1043
184370,1050,1049
184371,1064,1060
184372,1079,1068
184373,1100,1061
184374,1125,1036
184375,1154,1007
184376,1188,997
184377,1219,998
184378,1248,1001
184379,1269,1010
184380,1280,1031
184381,1278,1046
184382,1255,1057
184383,1219,1061
184384,1167,1066
184385,1112,1074
184386,1060,1079
184387,1023,1081
184388,1008,1084
184389,1003,1083
184390,1006,1074
184391,1013,1064
184392,1012,1058
184393,1011,1055
184394,1012,1057
184395,1010,1055
184396,1009,1049
184397,1007,1048
184398,1002,1046
184399,999,1044
184400,999,1048
184401,1001,1049
184402,1000,1048
184403,997,1046
184404,993,1048
184405,991,1052
184406,995,1058
184407,995,1060
184408,994,1058
184409,990,1058
184410,989,1057
184411,989,1059
184412,989,1065
184413,994,1071
184414,996,1069
184415,995,1062
184416,993,1055
184417,992,1053
184418,993,1060
184419,996,1071
184420,996,1075
184421,996,1064
184422,993,1051
184423,993,1046
184424,998,1050
184425,999,1053
184426,998,1050
184427,998,1046
184428,994,1041
184429,993,1045
184430,995,1048
184431,999,1051
184432,997,1051
184433,993,1049
184434,989,1046
184435,989,1041
184436,994,1042
184437,997,1047
184438,997,1042
184439,993,1042
184440,992,1040
184441,993,1043
184442,995,1045
184443,998,1044
184444,999,1044
184445,999,1039
184446,999,1037
184447,1001,1038
184448,1003,1041
184449,1005,1046
184450,1004,1044
184451,1006,1043
184452,1003,1039
184453,1003,1040
184454,1009,1039
184455,1014,1037
184456,1016,1028
184457,1017,1017
184458,1013,1009
184459,1015,1010
184460,1019,1013
184461,1023,1015
184462,1025,1014
184463,1023,1014
184464,1024,1014
184465,1026,1015
184466,1028,1022
184467,1029,1027
184468,1029,1032
184469,1029,1025
184470,1028,1009
184471,1030,1003
184472,1032,1001
184473,1038,1003
184474,1039,1006
184475,1038,1004
184476,1037,1005
184477,1037,1008
184478,1037,1015
184479,1040,1016
184480,1036,1014
184481,1032,1011
184482,1030,1008
184483,1033,1013
184484,1031,1017
184485,1032,1021
184486,1031,1023
184487,1030,1021
184488,1027,1022
184489,1026,1029
184490,1025,1035
184491,1025,1040
184492,1022,1041
184493,1017,1041
184494,1014,1042
184495,1009,1044
184496,1011,1047
184497,1013,1049
184498,1014,1050
184499,1009,1050
184500,1004,1050
184501,1003,1052
184502,1003,1056
184503,1004,1059
184504,1004,1058
184505,1001,1056
184506,998,1056
184507,998,1057
184508,999,1060
184509,1001,1061
184510,1000,1062
184511,996,1059
184512,993,1058
184513,994,1063
184514,998,1064
184515,1002,1065
184516,999,1061
184517,1001,1060
184518,996,1061
184519,996,1064
184520,999,1066
184521,1003,1070
184522,1004,1068
184523,999,1063
184524,996,1064
184525,999,1069
184526,1002,1077
184527,1005,1081
184528,1005,1071
184529,1004,1062
184530,1003,1053
184531,1001,1059
184532,1004,1063
184533,1004,1064
184534,1006,1053
184535,1003,1046
184536,1002,1045
184537,1002,1047
184538,1004,1052
184539,1005,1053
184540,1005,1052
184541,1003,1050
184542,999,1052
184543,1002,1052
184544,1003,1056
184545,1009,1058
184546,1009,1054
184547,1008,1054
184548,1002,1053
184549,1001,1056
184550,1004,1055
184551,1007,1057
184552,1011,1053
184553,1008,1053
184554,1004,1050
184555,1004,1052
184556,1005,1055
184557,1007,1055
184558,1004,1054
184559,1001,1054
184560,1001,1051
184561,1002,1055
184562,1003,1057
184563,1005,1062
184564,1000,1060
184565,1000,1055
184566,997,1052
184567,998,1049
184568,1001,1052
184569,1003,1055
184570,1003,1058
184571,1003,1051
184572,998,1049
184573,999,1049
184574,1000,1051
184575,1003,1050
184576,1001,1048
184577,997,1045
184578,995,1044
184579,999,1048
184580,1001,1055
184581,1002,1054
184582,1002,1053
184583,999,1047
184584,996,1044
184585,999,1047
184586,1000,1052
184587,1002,1053
184588,1004,1051
184589,1001,1051
184590,997,1048
184591,997,1053
184592,997,1056
184593,1003,1055
184594,1002,1056
184595,1002,1051
184596,998,1053
184597,998,1055
184598,998,1060
184599,1003,1058
184600,1000,1057
184601,1001,1056
184602,997,1056
184603,998,1057
184604,1002,1059
184605,1003,1059
184606,1003,1055
184607,1001,1052
184608,997,1056
184609,996,1058
184610,999,1060
184611,1004,1061
184612,1003,1060
184613,1003,1059
184614,1001,1058
184615,1002,1059
184616,1005,1059
184617,1009,1059
184618,1010,1060
184619,1008,1057
184620,1006,1059
184621,1006,1064
184622,1008,1068
184623,1010,1064
184624,1014,1056
184625,1018,1048
184626,1022,1039
184627,1031,1038
184628,1045,1038
184629,1060,1038
184630,1076,1035
184631,1093,1029
184632,1115,1023
184633,1144,1015
184634,1176,1008
184635,1210,1004
184636,1234,1011
184637,1250,1023
184638,1256,1038
184639,1244,1051
184640,1221,1056
184641,1190,1060
184642,1148,1061
184643,1105,1069
184644,1059,1080
184645,1023,1095
184646,998,1104
184647,988,1111
184648,986,1108
184649,990,1097
184650,991,1084
184651,993,1077
184652,996,1071
184653,997,1068
184654,999,1062
184655,993,1058
184656,986,1054
184657,984,1049
184658,990,1049
184659,991,1047
184660,990,1044
184661,985,1041
184662,981,1039
184663,980,1043
184664,982,1046
184665,985,1049
184666,985,1050
184667,984,1048
184668,979,1044
184669,981,1045
184670,983,1046
184671,984,1046
184672,983,1047
184673,980,1044
184674,974,1045
184675,975,1045
184676,981,1048
184677,983,1050
184678,979,1048
184679,981,1047
184680,978,1049
184681,978,1052
184682,980,1056
184683,984,1058
184684,984,1055
184685,982,1050
184686,979,1049
184687,976,1053
184688,978,1057
184689,982,1061
184690,983,1057
184691,982,1053
184692,978,1048
184693,978,1045
184694,984,1046
184695,987,1044
184696,985,1040
184697,982,1041
184698,980,1038
184699,980,1042
184700,983,1045
184701,988,1046
184702,987,1046
184703,984,1043
184704,983,1043
184705,984,1040
184706,985,1044
184707,989,1045
184708,990,1045
184709,983,1041
184710,983,1042
184711,983,1038
184712,985,1040
184713,990,1039
184714,990,1038
184715,990,1032
184716,988,1029
184717,988,1026
184718,992,1026
184719,995,1027
184720,999,1022
184721,997,1019
184722,995,1018
184723,998,1020
184724,999,1025
184725,1004,1025
184726,1007,1022
184727,1004,1018
184728,1004,1016
184729,1003,1015
184730,1007,1017
184731,1013,1022
184732,1013,1024
184733,1010,1024
184734,1007,1020
184735,1008,1015
184736,1013,1012
184737,1019,1010
184738,1024,1006
184739,1023,1004
184740,1020,1000
184741,1020,1003
184742,1019,1009
184743,1024,1010
184744,1028,1011
184745,1027,1010
184746,1026,1007
184747,1028,1012
184748,1027,1017
184749,1028,1018
184750,1029,1016
184751,1024,1014
184752,1021,1012
184753,1019,1017
184754,1019,1022
184755,1022,1025
184756,1020,1026
184757,1017,1028
184758,1011,1029
184759,1010,1033
184760,1010,1036
184761,1010,1037
184762,1010,1039
184763,1003,1038
184764,998,1044
184765,995,1053
184766,1002,1058
184767,1003,1058
184768,1002,1053
184769,1001,1047
184770,996,1046
184771,994,1045
184772,994,1050
184773,995,1053
184774,995,1056
184775,993,1056
184776,991,1061
184777,992,1065
184778,998,1067
184779,998,1060
184780,997,1051
184781,996,1045
184782,991,1047
184783,992,1052
184784,995,1054
184785,998,1061
184786,996,1058
184787,994,1058
184788,989,1056
184789,993,1056
184790,998,1060
184791,1000,1060
184792,1002,1061
184793,999,1057
184794,996,1056
184795,997,1060
184796,999,1061
184797,1003,1064
184798,1001,1057
184799,998,1052
184800,997,1049
184801,1000,1054
184802,1001,1056
184803,1004,1056
184804,1006,1058
184805,1005,1052
184806,999,1052
184807,998,1060
184808,1001,1067
184809,1002,1071
184810,1002,1068
184811,1002,1057
184812,1003,1048
184813,1003,1038
184814,1003,1034
184815,1006,1031
184816,1006,1030
184817,1004,1029
184818,1001,1032
184819,999,1036
184820,1002,1037
184821,1005,1040
184822,1004,1040
184823,1000,1038
184824,999,1039
184825,1001,1043
184826,1005,1048
184827,1005,1053
184828,1007,1050
184829,1006,1047
184830,1000,1047
184831,1003,1048
184832,1004,1052
184833,1006,1055
184834,1003,1054
184835,1000,1052
184836,1000,1051
184837,1001,1052
184838,1004,1055
184839,1008,1053
184840,1008,1053
184841,1004,1049
184842,1003,1050
184843,1002,1053
184844,1004,1054
184845,1006,1056
184846,1006,1051
184847,1003,1051
184848,1001,1050
184849,998,1053
184850,1002,1059
184851,1003,1064
184852,1002,1057
184853,1002,1051
184854,999,1045
184855,1001,1045
184856,1003,1048
184857,1005,1052
184858,1004,1051
184859,1002,1049
184860,1000,1047
184861,999,1052
184862,999,1059
184863,1005,1062
184864,1006,1064
184865,1003,1056
184866,1000,1045
184867,1004,1044
184868,1004,1045
184869,1011,1047
184870,1010,1044
184871,1009,1042
184872,1009,1038
184873,1007,1038
184874,1010,1042
184875,1016,1043
184876,1016,1042
184877,1019,1037
184878,1021,1037
184879,1032,1036
184880,1044,1040
184881,1061,1039
184882,1079,1036
184883,1105,1031
184884,1131,1020
184885,1163,1015
184886,1199,1012
184887,1236,1015
184888,1264,1017
184889,1278,1029
184890,1281,1043
184891,1267,1052
184892,1237,1051
184893,1198,1051
184894,1147,1057
184895,1093,1066
184896,1043,1077
184897,1004,1091
184898,984,1094
184899,990,1091
184900,995,1078
184901,1000,1066
184902,1001,1057
184903,999,1051
184904,999,1052
184905,1002,1052
184906,999,1049
184907,994,1047
184908,990,1048
184909,990,1049
184910,990,1052
184911,992,1052
184912,992,1052
184913,989,1048
184914,984,1046
184915,986,1052
184916,986,1055
184917,987,1056
184918,987,1050
184919,986,1042
184920,982,1043
184921,981,1047
184922,982,1053
184923,986,1057
184924,985,1059
184925,985,1054
184926,984,1051
184927,984,1046
184928,990,1045
184929,994,1044
184930,993,1046
184931,990,1045
184932,986,1043
184933,985,1047
184934,986,1049
184935,989,1052
184936,985,1054
184937,984,1059
184938,982,1065
184939,984,1061
184940,988,1048
184941,990,1039
184942,988,1032
184943,982,1030
184944,981,1033
184945,981,1036
184946,984,1040
184947,988,1041
184948,990,1038
184949,987,1037
184950,983,1036
184951,984,1039
184952,989,1042
184953,991,1043
184954,993,1041
184955,992,1040
184956,989,1038
184957,993,1039
184958,996,1039
184959,1002,1037
184960,1005,1033
184961,1002,1032
184962,1003,1030
184963,1004,1030
184964,1007,1031
184965,1014,1028
184966,1014,1028
184967,1013,1022
184968,1011,1020
184969,1015,1019
184970,1019,1020
184971,1022,1021
184972,1022,1016
184973,1022,1011
184974,1019,1011
184975,1020,1013
184976,1023,1016
184977,1025,1017
184978,1026,1012
184979,1024,1008
184980,1024,1006
184981,1024,1009
184982,1027,1009
184983,1030,1008
184984,1031,1007
184985,1029,1004
184986,1025,1005
184987,1027,1009
184988,1030,1012
184989,1031,1014
184990,1030,1014
184991,1025,1012
184992,1021,1013
184993,1022,1022
184994,1024,1030
184995,1027,1036
184996,1023,1034
184997,1020,1030
184998,1015,1035
184999,1011,1037
185000,1015,1036
185001,1017,1031
185002,1017,1026
185003,1014,1028
185004,1011,1032
185005,1007,1040
185006,1009,1047
185007,1011,1050
185008,1008,1052
185009,1005,1054
185010,1004,1060
185011,1003,1059
185012,1005,1056
185013,1010,1047
185014,1010,1041
185015,1007,1043
185016,1000,1045
185017,997,1053
185018,997,1059
185019,1003,1060
185020,1004,1056
185021,1004,1049
185022,1002,1047
185023,998,1049
185024,1003,1054
185025,1005,1055
185026,1007,1054
185027,1004,1053
185028,1000,1052
185029,999,1058
185030,1000,1061
185031,1005,1059
185032,1002,1060
185033,1002,1058
185034,1000,1058
185035,1002,1061
185036,1002,1063
185037,1006,1063
185038,1003,1060
185039,1003,1059
185040,1002,1054
185041,1001,1055
185042,1004,1057
185043,1007,1058
185044,1006,1056
185045,1005,1053
185046,1002,1051
185047,1003,1055
185048,1003,1059
185049,1006,1059
185050,1008,1056
185051,1006,1054
185052,1003,1053
185053,1002,1058
185054,1004,1061
185055,1008,1063
185056,1009,1060
185057,1005,1059
185058,1006,1056
185059,1003,1056
185060,1009,1053
185061,1011,1052
185062,1011,1048
185063,1011,1045
185064,1008,1042
185065,1010,1044
185066,1011,1047
185067,1015,1048
185068,1013,1046
185069,1012,1044
185070,1008,1046
185071,1005,1056
185072,1008,1071
185073,1009,1087
185074,1010,1094
185075,1012,1078
185076,1010,1048
185077,1014,1024
185078,1013,1018
185079,1018,1021
185080,1014,1026
185081,1012,1028
185082,1006,1027
185083,1006,1034
185084,1008,1039
185085,1009,1040
185086,1011,1041
185087,1008,1038
185088,1006,1039
185089,1008,1043
185090,1009,1048
185091,1013,1049
185092,1011,1048
185093,1009,1047
185094,1007,1047
185095,1006,1048
185096,1009,1050
185097,1012,1050
185098,1010,1051
185099,1008,1051
185100,1006,1051
185101,1003,1053
185102,1004,1055
185103,1010,1057
185104,1007,1056
185105,1005,1055
185106,1004,1055
185107,1004,1055
185108,1007,1059
185109,1010,1061
185110,1008,1058
185111,1005,1054
185112,1004,1051
185113,1005,1053
185114,1010,1054
185115,1012,1056
185116,1014,1054
185117,1011,1051
185118,1008,1048
185119,1014,1049
185120,1017,1049
185121,1020,1051
185122,1023,1048
185123,1029,1048
185124,1036,1039
185125,1049,1036
185126,1060,1038
185127,1074,1043
185128,1093,1047
185129,1114,1041
185130,1142,1030
185131,1172,1018
185132,1208,1009
185133,1241,1005
185134,1269,1004
185135,1286,1009
185136,1295,1021
185137,1287,1036
185138,1264,1046
185139,1229,1046
185140,1182,1053
185141,1129,1067
185142,1078,1078
185143,1037,1086
185144,1008,1096
185145,997,1106
185146,994,1111
185147,993,1112
185148,999,1106
185149,1004,1092
185150,1010,1070
185151,1012,1047
185152,1007,1027
185153,1003,1016
185154,1000,1015
185155,998,1024
185156,998,1033
185157,998,1037
185158,998,1035
185159,994,1037
185160,992,1037
185161,990,1043
185162,993,1046
185163,996,1046
185164,995,1045
185165,994,1041
185166,991,1043
185167,989,1043
185168,994,1045
185169,992,1047
185170,985,1050
185171,979,1047
185172,982,1047
185173,980,1048
185174,982,1048
185175,987,1049
185176,988,1047
185177,984,1045
185178,980,1044
185179,981,1048
185180,985,1051
185181,989,1052
185182,989,1050
185183,985,1050
185184,984,1050
185185,982,1052
185186,989,1055
185187,990,1055
185188,993,1053
185189,988,1051
185190,986,1050
185191,985,1053
185192,990,1051
185193,994,1053
185194,993,1050
185195,991,1048
185196,988,1048
185197,990,1051
185198,991,1051
185199,998,1049
185200,997,1051
185201,997,1046
185202,993,1047
185203,994,1047
185204,999,1050
185205,998,1046
185206,1000,1044
185207,998,1040
185208,999,1041
185209,1000,1045
185210,1003,1045
185211,1008,1048
185212,1008,1044
185213,1007,1038
185214,1005,1033
185215,1006,1036
185216,1013,1041
185217,1016,1039
185218,1018,1028
185219,1014,1015
185220,1014,1010
185221,1016,1015
185222,1020,1022
185223,1025,1025
185224,1025,1021
185225,1024,1018
185226,1023,1016
185227,1025,1018
185228,1029,1017
185229,1035,1013
185230,1034,1005
185231,1033,1003
185232,1033,1000
185233,1032,1003
185234,1036,1011
185235,1038,1013
185236,1037,1011
185237,1034,1011
185238,1033,1010
185239,1032,1013
185240,1034,1019
185241,1038,1020
185242,1035,1021
185243,1031,1022
185244,1031,1025
185245,1028,1032
185246,1029,1038
185247,1029,1041
185248,1028,1038
185249,1026,1035
185250,1023,1034
185251,1020,1040
185252,1021,1045
185253,1022,1049
185254,1018,1047
185255,1013,1047
185256,1010,1049
185257,1006,1054
185258,1009,1063
185259,1012,1064
185260,1010,1061
185261,1004,1059
185262,999,1054
185263,998,1053
185264,1000,1055
185265,1002,1054
185266,1001,1052
185267,998,1049
185268,994,1045
185269,994,1048
185270,995,1052
185271,998,1053
185272,998,1056
185273,994,1052
185274,994,1056
185275,995,1059
185276,994,1067
185277,997,1075
185278,999,1075
185279,995,1066
185280,996,1056
185281,997,1047
185282,1001,1044
185283,1004,1046
185284,1002,1044
185285,999,1046
185286,997,1045
185287,997,1050
185288,1002,1053
185289,1006,1052
185290,1005,1051
185291,1001,1049
185292,997,1050
185293,998,1054
185294,1002,1055
185295,1004,1056
185296,1004,1053
185297,1000,1049
185298,995,1051
185299,997,1053
185300,998,1057
185301,998,1058
185302,998,1059
185303,998,1056
185304,994,1055
185305,994,1057
185306,992,1060
185307,994,1060
185308,993,1054
185309,995,1046
185310,994,1044
185311,996,1050
185312,1001,1052
185313,1003,1050
185314,1001,1049
185315,997,1048
185316,996,1047
185317,1000,1049
185318,1006,1047
185319,1007,1045
185320,1006,1042
185321,1004,1039
185322,1000,1039
185323,997,1043
185324,995,1046
185325,999,1047
185326,1000,1049
185327,1000,1045
185328,999,1043
185329,998,1044
185330,1003,1046
185331,1003,1048
185332,1004,1046
185333,1002,1044
185334,998,1045
185335,999,1048
185336,1002,1052
185337,1004,1052
185338,1004,1051
185339,1000,1048
185340,997,1047
185341,998,1049
185342,999,1052
185343,1002,1051
185344,1000,1050
185345,997,1051
185346,993,1052
185347,997,1052
185348,999,1053
185349,999,1055
185350,997,1051
185351,996,1050
185352,994,1049
185353,994,1050
185354,996,1050
185355,999,1053
185356,996,1051
185357,995,1050
185358,992,1049
185359,994,1050
185360,996,1049
185361,999,1049
185362,999,1047
185363,995,1047
185364,994,1046
185365,996,1045
185366,998,1049
185367,1001,1053
185368,999,1050
185369,999,1048
185370,997,1045
185371,998,1046
185372,999,1047
185373,1004,1047
185374,1003,1045
185375,1001,1045
185376,1001,1044
185377,1002,1048
185378,1006,1048
185379,1011,1051
185380,1011,1045
185381,1018,1044
185382,1023,1041
185383,1038,1044
185384,1056,1050
185385,1077,1048
185386,1099,1039
185387,1124,1023
185388,1151,1010
185389,1188,1002
185390,1226,1003
185391,1258,1003
185392,1274,1003
185393,1283,1013
185394,1269,1025
185395,1235,1032
185396,1193,1036
185397,1145,1044
185398,1087,1055
185399,1036,1063
185400,995,1068
185401,979,1072
185402,981,1071
185403,993,1065
185404,997,1053
185405,995,1044
185406,990,1041
185407,988,1044
185408,989,1049
185409,989,1050
185410,987,1048
185411,982,1042
185412,979,1037
185413,978,1042
185414,979,1045
185415,984,1047
185416,982,1047
185417,978,1043
185418,976,1041
185419,976,1044
185420,979,1049
185421,981,1051
185422,979,1050
185423,977,1052
185424,977,1049
185425,974,1049
185426,976,1052
185427,981,1054
185428,982,1053
185429,979,1048
185430,974,1049
185431,976,1050
185432,981,1050
185433,982,1053
185434,981,1052
185435,978,1049
185436,975,1050
185437,974,1049
185438,977,1049
185439,978,1051
185440,979,1049
185441,978,1042
185442,975,1040
185443,975,1041
185444,977,1044
185445,981,1045
185446,978,1045
185447,978,1043
185448,978,1039
185449,978,1038
185450,981,1040
185451,986,1042
185452,984,1039
185453,982,1030
185454,981,1025
185455,985,1027
185456,989,1029
185457,989,1029
185458,990,1029
185459,989,1027
185460,990,1026
185461,993,1026
185462,995,1028
185463,997,1031
185464,995,1028
185465,994,1028
185466,994,1030
185467,996,1030
185468,1005,1030
185469,1009,1026
185470,1011,1021
185471,1011,1015
185472,1009,1017
185473,1012,1018
185474,1013,1024
185475,1016,1025
185476,1017,1018
185477,1017,1012
185478,1016,1012
185479,1019,1013
185480,1021,1018
185481,1026,1017
185482,1024,1013
185483,1023,1007
185484,1023,1003
185485,1023,1007
185486,1026,1010
185487,1030,1011
185488,1030,1010
185489,1027,1006
185490,1023,1008
185491,1024,1011
185492,1028,1016
185493,1027,1017
185494,1023,1017
185495,1021,1016
185496,1017,1017
185497,1016,1021
185498,1017,1025
185499,1019,1028
185500,1017,1028
185501,1014,1027
185502,1011,1029
185503,1011,1031
185504,1009,1035
185505,1012,1039
185506,1011,1041
185507,1006,1040
185508,1002,1040
185509,1002,1042
185510,1002,1047
185511,1001,1048
185512,1002,1046
185513,1000,1042
185514,997,1045
185515,993,1047
185516,997,1050
185517,1000,1051
185518,999,1054
185519,997,1051
185520,993,1052
185521,994,1050
185522,996,1051
185523,1001,1049
185524,1003,1049
185525,1001,1049
185526,1000,1052
185527,1000,1059
185528,1004,1060
185529,1005,1056
185530,1005,1046
185531,1004,1038
185532,1000,1033
185533,1003,1040
185534,1006,1049
185535,1010,1053
185536,1013,1053
185537,1014,1056
185538,1019,1059
185539,1023,1066
185540,1028,1072
185541,1040,1064
185542,1045,1049
185543,1052,1040
185544,1059,1033
185545,1074,1028
185546,1086,1022
185547,1099,1008
185548,1108,990
185549,1120,979
185550,1130,966
185551,1144,959
185552,1157,951
185553,1171,935
185554,1183,917
185555,1197,893
185556,1211,877
185557,1227,866
185558,1241,862
185559,1253,852
185560,1256,846
185561,1252,844
185562,1245,846
185563,1243,851
185564,1238,855
185565,1236,854
185566,1226,851
185567,1209,851
185568,1191,853
185569,1174,858
185570,1155,864
185571,1137,871
185572,1111,880
185573,1090,886
185574,1069,898
185575,1057,912
185576,1051,926
185577,1049,938
185578,1047,948
185579,1040,954
185580,1034,962
185581,1033,970
185582,1038,979
185583,1049,992
185584,1059,998
185585,1069,1001
185586,1078,998
185587,1079,1002
185588,1069,1014
185589,1048,1023
185590,1021,1029
185591,990,1037
185592,969,1049
185593,959,1062
185594,956,1076
185595,953,1084
185596,948,1085
185597,940,1086
185598,934,1087
185599,928,1092
185600,927,1099
185601,928,1101
185602,923,1103
185603,921,1104
185604,916,1107
185605,914,1107
185606,917,1113
185607,917,1115
185608,915,1116
185609,911,1116
185610,907,1113
185611,905,1110
185612,908,1115
185613,907,1121
185614,904,1123
185615,899,1120
185616,894,1118
185617,892,1118
185618,897,1121
185619,900,1124
185620,900,1123
185621,896,1121
185622,893,1115
185623,891,1118
185624,894,1120
185625,897,1124
185626,896,1124
185627,891,1123
185628,888,1126
185629,891,1130
185630,895,1134
185631,897,1135
185632,900,1135
185633,896,1137
185634,896,1140
185635,896,1146
185636,901,1150
185637,904,1152
185638,905,1150
185639,902,1152
185640,902,1152
185641,906,1157
185642,911,1159
185643,919,1164
185644,919,1162
185645,919,1160
185646,918,1160
185647,923,1161
185648,930,1167
185649,935,1165
185650,936,1163
185651,936,1160
185652,937,1159
185653,940,1163
185654,946,1163
185655,950,1159
185656,951,1155
185657,955,1151
185658,958,1147
185659,964,1138
185660,969,1134
185661,971,1128
185662,970,1122
185663,970,1120
185664,967,1115
185665,969,1111
185666,975,1107
185667,976,1099
185668,977,1094
185669,974,1089
185670,972,1087
185671,973,1082
185672,976,1079
185673,978,1074
185674,976,1068
185675,974,1064
185676,971,1061
185677,973,1062
185678,975,1061
185679,978,1060
185680,978,1056
185681,973,1054
185682,973,1055
185683,972,1055
185684,975,1057
185685,978,1057
185686,977,1057
185687,976,1053
185688,973,1054
185689,973,1057
185690,978,1059
185691,983,1056
185692,985,1051
185693,984,1049
185694,980,1049
185695,983,1054
185696,985,1055
185697,987,1055
185698,986,1053
185699,983,1050
185700,981,1050
185701,982,1050
185702,986,1053
185703,988,1052
185704,987,1053
185705,983,1047
185706,983,1050
185707,983,1051
185708,982,1055
185709,986,1055
185710,985,1055
185711,983,1050
185712,980,1048
185713,980,1052
185714,983,1054
185715,987,1052
185716,985,1050
185717,982,1047
185718,980,1044
185719,978,1044
185720,980,1049
185721,982,1048
185722,983,1041
185723,983,1033
185724,984,1033
185725,985,1035
185726,987,1039
185727,990,1042
185728,989,1039
185729,987,1038
185730,983,1038
185731,983,1041
185732,989,1040
185733,990,1040
185734,989,1039
185735,987,1036
185736,983,1037
185737,985,1040
185738,988,1040
185739,990,1041
185740,988,1041
185741,987,1038
185742,986,1040
185743,987,1042
185744,988,1044
185745,991,1047
185746,991,1044
185747,989,1045
185748,986,1044
185749,988,1047
185750,991,1051
185751,994,1048
185752,991,1050
185753,990,1045
185754,989,1046
185755,988,1052
185756,989,1066
185757,993,1066
185758,993,1049
185759,990,1028
185760,988,1020
185761,985,1026
185762,987,1031
185763,992,1036
185764,988,1034
185765,985,1034
185766,982,1036
185767,983,1041
185768,986,1045
185769,990,1045
185770,988,1042
185771,983,1042
185772,981,1041
185773,983,1046
185774,985,1051
185775,987,1050
185776,988,1045
185777,986,1042
185778,984,1041
185779,985,1043
185780,986,1047
185781,987,1049
185782,988,1050
185783,985,1045
185784,985,1047
185785,985,1048
185786,987,1050
185787,989,1048
185788,989,1046
185789,987,1040
185790,985,1041
185791,986,1044
185792,988,1045
185793,992,1047
185794,992,1045
185795,990,1038
185796,987,1037
185797,987,1039
185798,989,1043
185799,990,1045
185800,991,1044
185801,988,1041
185802,984,1045
185803,982,1046
185804,985,1052
185805,987,1051
185806,986,1047
185807,986,1045
185808,983,1044
185809,981,1042
185810,984,1038
185811,987,1031
185812,989,1029
185813,986,1031
185814,983,1040
185815,983,1053
185816,985,1064
185817,988,1063
185818,989,1052
185819,986,1042
185820,985,1039
185821,986,1045
185822,988,1052
185823,989,1049
185824,987,1043
185825,984,1036
185826,982,1035
185827,983,1035
185828,987,1039
185829,989,1042
185830,985,1038
185831,983,1037
185832,981,1038
185833,987,1042
185834,991,1044
185835,992,1044
185836,990,1043
185837,986,1041
185838,984,1039
185839,986,1038
185840,989,1042
185841,992,1046
185842,988,1042
185843,985,1040
185844,980,1040
185845,979,1045
185846,986,1044
185847,992,1043
185848,991,1041
185849,988,1040
185850,988,1039
185851,988,1042
185852,992,1042
185853,993,1042
185854,992,1041
185855,988,1040
185856,986,1040
185857,986,1040
185858,986,1045
185859,991,1048
185860,989,1046
185861,987,1043
185862,983,1044
185863,986,1048
185864,987,1052
185865,989,1052
185866,989,1049
185867,986,1042
185868,986,1042
185869,989,1044
185870,993,1049
185871,994,1049
185872,992,1046
185873,990,1046
185874,987,1042
185875,987,1045
185876,992,1044
185877,993,1046
185878,990,1045
185879,989,1040
185880,985,1040
185881,985,1041
185882,986,1045
185883,987,1042
185884,985,1040
185885,980,1038
185886,978,1040
185887,980,1042
185888,982,1046
185889,986,1048
185890,986,1046
185891,984,1041
185892,983,1037
185893,983,1041
185894,986,1046
185895,990,1053
185896,989,1055
185897,989,1058
185898,990,1059
185899,991,1061
185900,995,1057
185901,997,1047
185902,995,1034
185903,991,1024
185904,989,1026
185905,993,1028
185906,992,1035
185907,994,1035
185908,993,1036
185909,990,1034
185910,987,1037
185911,989,1037
185912,993,1041
185913,995,1041
185914,993,1043
185915,990,1042
185916,987,1046
185917,988,1044
185918,991,1051
185919,996,1048
185920,992,1047
185921,989,1044
185922,988,1039
185923,988,1039
185924,988,1041
185925,991,1044
185926,989,1041
185927,989,1039
185928,984,1038
185929,990,1041
185930,991,1044
185931,994,1045
185932,992,1043
185933,992,1040
185934,987,1042
185935,991,1044
185936,994,1047
185937,997,1045
185938,996,1047
185939,992,1044
185940,993,1044
185941,993,1047
185942,997,1051
185943,999,1054
185944,998,1055
185945,995,1048
185946,993,1046
185947,996,1043
185948,999,1042
185949,1002,1042
185950,1002,1040
185951,1002,1037
185952,997,1038
185953,995,1042
185954,1000,1045
185955,1002,1043
185956,1000,1041
185957,997,1039
185958,997,1042
185959,997,1046
185960,1001,1049
185961,1002,1046
185962,1003,1043
185963,1000,1040
185964,1003,1042
185965,1011,1039
185966,1022,1039
185967,1035,1037
185968,1047,1036
185969,1061,1036
185970,1080,1028
185971,1108,1014
185972,1140,995
185973,1175,979
185974,1202,970
185975,1228,974
185976,1245,988
185977,1260,1006
185978,1256,1024
185979,1230,1031
185980,1184,1033
185981,1131,1038
185982,1081,1049
185983,1036,1058
185984,1007,1066
185985,990,1071
185986,989,1064
185987,992,1052
185988,996,1043
185989,998,1041
185990,997,1042
185991,999,1042
185992,994,1041
185993,990,1039
185994,987,1041
185995,986,1042
185996,987,1047
185997,989,1050
185998,987,1049
185999,984,1045
186000,981,1044
186001,979,1047
186002,982,1052
186003,983,1052
186004,981,1050
186005,977,1049
186006,976,1044
186007,979,1045
186008,981,1044
186009,984,1043
186010,981,1040
186011,978,1042
186012,974,1043
186013,974,1047
186014,976,1050
186015,978,1050
186016,975,1046
186017,972,1046
186018,972,1045
186019,972,1047
186020,974,1055
186021,977,1058
186022,974,1058
186023,972,1053
186024,970,1053
186025,971,1052
186026,974,1049
186027,976,1046
186028,977,1043
186029,973,1040
186030,970,1039
186031,975,1039
186032,979,1043
186033,982,1045
186034,980,1041
186035,980,1042
186036,978,1039
186037,979,1043
186038,985,1045
186039,988,1042
186040,986,1040
186041,987,1038
186042,984,1039
186043,986,1042
186044,989,1044
186045,993,1041
186046,992,1039
186047,991,1034
186048,990,1032
186049,993,1035
186050,996,1035
186051,1000,1032
186052,1004,1030
186053,1001,1025
186054,999,1024
186055,1003,1028
186056,1007,1033
186057,1010,1026
186058,1008,1024
186059,1005,1018
186060,1006,1019
186061,1007,1022
186062,1012,1023
186063,1016,1021
186064,1018,1020
186065,1018,1016
186066,1018,1015
186067,1019,1018
186068,1021,1021
186069,1026,1020
186070,1026,1020
186071,1025,1019
186072,1025,1016
186073,1029,1023
186074,1031,1023
186075,1034,1024
186076,1034,1021
186077,1030,1021
186078,1028,1020
186079,1029,1022
186080,1030,1026
186081,1032,1027
186082,1031,1026
186083,1031,1025
186084,1028,1027
186085,1026,1030
186086,1027,1035
186087,1025,1038
186088,1023,1036
186089,1018,1034
186090,1014,1034
186091,1015,1041
186092,1014,1045
186093,1018,1045
186094,1013,1044
186095,1009,1039
186096,1005,1039
186097,1005,1044
186098,1005,1046
186099,1006,1046
186100,1000,1050
186101,1001,1049
186102,994,1048
186103,996,1051
186104,999,1055
186105,1001,1057
186106,997,1056
186107,996,1053
186108,993,1050
186109,993,1051
186110,996,1053
186111,998,1052
186112,999,1049
186113,995,1048
186114,993,1048
186115,993,1049
186116,994,1050
186117,998,1056
186118,995,1051
186119,994,1050
186120,993,1049
186121,993,1053
186122,994,1051
186123,995,1052
186124,995,1048
186125,994,1046
186126,994,1047
186127,994,1046
186128,996,1049
186129,1001,1047
186130,999,1045
186131,998,1041
186132,995,1045
186133,996,1042
186134,998,1047
186135,1000,1045
186136,1000,1040
186137,997,1036
186138,995,1037
186139,995,1037
186140,994,1040
186141,996,1041
186142,995,1041
186143,996,1041
186144,994,1040
186145,996,1041
186146,997,1046
186147,1000,1048
186148,1001,1045
186149,999,1041
186150,994,1041
186151,994,1045
186152,997,1049
186153,999,1048
186154,996,1045
186155,994,1043
186156,994,1043
186157,993,1042
186158,992,1046
186159,996,1046
186160,996,1043
186161,993,1036
186162,990,1038
186163,987,1042
186164,989,1049
186165,991,1048
186166,991,1048
186167,987,1047
186168,985,1050
186169,986,1050
186170,988,1048
186171,993,1044
186172,988,1041
186173,986,1040
186174,983,1046
186175,985,1048
186176,986,1049
186177,989,1049
186178,986,1048
186179,982,1044
186180,980,1044
186181,980,1046
186182,981,1051
186183,988,1052
186184,989,1049
186185,987,1043
186186,986,1042
186187,984,1047
186188,985,1053
186189,986,1051
186190,985,1051
186191,985,1047
186192,981,1046
186193,985,1052
186194,987,1053
186195,989,1055
186196,985,1052
186197,981,1048
186198,978,1047
186199,980,1050
186200,985,1053
186201,988,1053
186202,986,1053
186203,984,1052
186204,981,1053
186205,984,1056
186206,987,1056
186207,990,1051
186208,991,1047
186209,987,1043
186210,986,1042
186211,985,1046
186212,985,1048
186213,986,1049
186214,988,1046
186215,986,1043
186216,983,1041
186217,984,1045
186218,984,1048
186219,991,1048
186220,991,1047
186221,989,1044
186222,989,1045
186223,989,1045
186224,993,1048
186225,996,1044
186226,998,1040
186227,1002,1033
186228,1011,1034
186229,1026,1032
186230,1044,1034
186231,1064,1034
186232,1085,1027
186233,1112,1015
186234,1143,1004
186235,1173,999
186236,1206,1002
186237,1235,1009
186238,1253,1028
186239,1250,1045
186240,1222,1052
186241,1182,1057
186242,1134,1065
186243,1083,1074
186244,1029,1089
186245,982,1096
186246,959,1102
186247,958,1102
186248,969,1091
186249,978,1079
186250,981,1066
186251,978,1054
186252,975,1049
186253,973,1048
186254,976,1051
186255,975,1049
186256,973,1050
186257,969,1046
186258,965,1048
186259,964,1051
186260,965,1052
186261,966,1051
186262,963,1050
186263,960,1049
186264,960,1050
186265,960,1051
186266,962,1055
186267,963,1057
186268,962,1057
186269,961,1055
186270,958,1051
186271,959,1048
186272,964,1046
186273,969,1046
186274,968,1044
186275,966,1042
186276,964,1044
186277,965,1049
186278,969,1052
186279,971,1053
186280,968,1051
186281,967,1049
186282,963,1049
186283,968,1053
186284,971,1055
186285,973,1055
186286,970,1057
186287,964,1056
186288,963,1058
186289,965,1057
186290,969,1056
186291,971,1048
186292,970,1044
186293,965,1044
186294,963,1043
186295,966,1045
186296,969,1044
186297,972,1042
186298,969,1041
186299,966,1035
186300,963,1032
186301,966,1035
186302,970,1037
186303,972,1039
186304,972,1037
186305,970,1032
186306,970,1029
186307,971,1028
186308,974,1029
186309,975,1025
186310,977,1023
186311,978,1022
186312,977,1022
186313,982,1022
186314,987,1025
186315,990,1022
186316,992,1020
186317,986,1017
186318,987,1016
186319,991,1018
186320,993,1017
186321,999,1013
186322,999,1009
186323,999,1006
186324,997,1007
186325,1000,1008
186326,1000,1011
186327,1003,1010
186328,1003,1009
186329,1005,1004
186330,1001,1005
186331,1005,1009
186332,1008,1010
186333,1009,1011
186334,1008,1011
186335,1007,1010
186336,1003,1010
186337,1005,1012
186338,1006,1018
186339,1006,1018
186340,1004,1018
186341,999,1019
186342,998,1021
186343,1000,1028
186344,1002,1034
186345,999,1037
186346,999,1038
186347,993,1039
186348,991,1039
186349,990,1043
186350,992,1047
186351,993,1052
186352,989,1047
186353,984,1044
186354,983,1052
186355,984,1055
186356,985,1059
186357,986,1058
186358,982,1063
186359,979,1066
186360,978,1070
186361,978,1070
186362,983,1065
186363,982,1062
186364,982,1065
186365,978,1064
186366,977,1065
186367,979,1059
186368,983,1051
186369,984,1047
186370,981,1046
186371,980,1050
186372,976,1050
186373,975,1053
186374,975,1057
186375,980,1058
186376,980,1057
186377,980,1056
186378,977,1054
186379,980,1057
186380,982,1058
186381,985,1055
186382,980,1054
186383,980,1052
186384,979,1053
186385,980,1055
186386,985,1057
186387,988,1056
186388,983,1059
186389,981,1052
186390,981,1053
186391,983,1055
186392,985,1059
186393,986,1059
186394,984,1057
186395,983,1055
186396,983,1060
186397,984,1061
186398,987,1061
186399,990,1060
186400,992,1057
186401,989,1055
186402,988,1053
186403,988,1057
186404,991,1058
186405,991,1057
186406,986,1054
186407,985,1050
186408,987,1051
186409,987,1055
186410,990,1058
186411,992,1060
186412,987,1057
186413,985,1055
186414,985,1055
186415,985,1057
186416,987,1059
186417,987,1059
186418,988,1057
186419,985,1052
186420,983,1053
186421,984,1057
186422,988,1063
186423,988,1064
186424,986,1062
186425,982,1061
186426,982,1063
186427,982,1066
186428,987,1066
186429,988,1060
186430,989,1053
186431,986,1051
186432,983,1053
186433,985,1053
186434,987,1057
186435,989,1056
186436,988,1054
186437,985,1054
186438,985,1057
186439,987,1063
186440,988,1066
186441,989,1066
186442,989,1066
186443,989,1063
186444,983,1061
186445,988,1057
186446,992,1059
186447,995,1058
186448,992,1055
186449,990,1052
186450,989,1051
186451,990,1053
186452,991,1055
186453,994,1055
186454,990,1052
186455,988,1053
186456,987,1052
186457,988,1054
186458,989,1057
186459,990,1055
186460,992,1052
186461,988,1051
186462,986,1055
186463,989,1057
186464,991,1059
186465,991,1057
186466,992,1055
186467,988,1051
186468,986,1050
186469,988,1056
186470,990,1059
186471,992,1059
186472,989,1058
186473,987,1056
186474,987,1055
186475,990,1062
186476,993,1062
186477,996,1063
186478,994,1063
186479,993,1060
186480,995,1063
186481,1001,1059
186482,1010,1058
186483,1021,1053
186484,1027,1047
186485,1035,1043
186486,1048,1044
186487,1070,1044
186488,1095,1042
186489,1127,1032
186490,1157,1019
186491,1183,1010
186492,1213,1009
186493,1242,1022
186494,1263,1046
186495,1266,1064
186496,1244,1067
186497,1205,1060
186498,1154,1059
186499,1108,1068
186500,1059,1077
186501,1015,1087
186502,983,1092
186503,969,1088
186504,973,1087
186505,982,1080
186506,992,1072
186507,997,1063
186508,997,1054
186509,988,1050
186510,986,1052
186511,984,1055
186512,988,1053
186513,991,1055
186514,990,1054
186515,984,1051
186516,979,1055
186517,980,1057
186518,981,1062
186519,980,1060
186520,978,1058
186521,973,1056
186522,970,1060
186523,969,1061
186524,974,1065
186525,973,1062
186526,974,1058
186527,970,1056
186528,967,1060
186529,969,1063
186530,973,1068
186531,973,1069
186532,971,1067
186533,969,1066
186534,967,1068
186535,971,1070
186536,972,1072
186537,975,1070
186538,973,1062
186539,970,1053
186540,971,1050
186541,972,1050
186542,972,1053
186543,974,1054
186544,973,1055
186545,968,1051
186546,970,1051
186547,974,1057
186548,977,1062
186549,978,1060
186550,978,1054
186551,978,1045
186552,979,1039
186553,981,1037
186554,983,1040
186555,982,1038
186556,979,1038
186557,981,1037
186558,980,1042
186559,983,1045
186560,987,1052
186561,992,1059
186562,991,1054
186563,991,1045
186564,988,1041
186565,991,1043
186566,994,1045
186567,1001,1038
186568,1001,1030
186569,999,1024
186570,999,1024
186571,1000,1027
186572,1004,1031
186573,1009,1033
186574,1011,1029
186575,1009,1028
186576,1003,1027
186577,1004,1027
186578,1008,1029
186579,1012,1024
186580,1013,1026
186581,1009,1023
186582,1008,1024
186583,1010,1022
186584,1014,1022
186585,1018,1018
186586,1015,1017
186587,1013,1016
186588,1011,1015
186589,1013,1018
186590,1018,1022
186591,1019,1020
186592,1019,1017
186593,1018,1019
186594,1017,1020
186595,1019,1024
186596,1019,1030
186597,1023,1029
186598,1023,1027
186599,1021,1025
186600,1016,1030
186601,1015,1034
186602,1017,1032
186603,1017,1031
186604,1014,1030
186605,1008,1031
186606,1006,1040
186607,1006,1052
186608,1005,1059
186609,1008,1057
186610,1008,1049
186611,1006,1040
186612,1003,1040
186613,1002,1041
186614,1003,1049
186615,1007,1052
186616,1002,1053
186617,998,1055
186618,997,1057
186619,996,1063
186620,998,1066
186621,999,1065
186622,997,1065
186623,998,1064
186624,993,1061
186625,992,1062
186626,991,1064
186627,995,1061
186628,994,1057
186629,994,1052
186630,993,1051
186631,994,1053
186632,997,1058
186633,997,1060
186634,993,1061
186635,992,1062
186636,991,1070
186637,991,1072
186638,995,1073
186639,1000,1068
186640,995,1066
186641,995,1059
186642,994,1055
186643,999,1051
186644,1003,1051
186645,1012,1057
186646,1017,1060
186647,1019,1062
186648,1021,1063
186649,1024,1075
186650,1029,1084
186651,1042,1086
186652,1048,1069
186653,1056,1041
186654,1069,1023
186655,1082,1014
186656,1100,1009
186657,1115,1004
186658,1125,990
186659,1140,978
186660,1150,968
186661,1167,956
186662,1182,943
186663,1198,927
186664,1214,908
186665,1226,887
186666,1239,875
186667,1253,867
186668,1265,866
186669,1270,861
186670,1271,861
186671,1267,863
186672,1261,866
186673,1258,870
186674,1255,877
186675,1247,877
186676,1233,874
186677,1216,871
186678,1197,872
186679,1178,881
186680,1159,893
186681,1138,905
186682,1115,911
186683,1096,918
186684,1081,929
186685,1073,939
186686,1068,945
186687,1064,955
186688,1057,965
186689,1055,972
186690,1050,982
186691,1049,993
186692,1051,1005
186693,1054,1012
186694,1053,1020
186695,1063,1025
186696,1072,1026
186697,1082,1026
186698,1084,1026
186699,1075,1028
186700,1054,1031
186701,1025,1036
186702,994,1049
186703,972,1067
186704,957,1081
186705,951,1089
186706,944,1089
186707,939,1090
186708,931,1094
186709,930,1098
186710,926,1104
186711,927,1109
186712,920,1108
186713,919,1102
186714,915,1100
186715,915,1104
186716,914,1108
186717,911,1110
186718,908,1110
186719,904,1111
186720,901,1110
186721,899,1111
186722,901,1114
186723,904,1116
186724,903,1117
186725,900,1118
186726,897,1119
186727,896,1121
186728,898,1126
186729,898,1128
186730,897,1127
186731,892,1126
186732,892,1128
186733,894,1135
186734,896,1141
186735,897,1145
186736,895,1146
186737,892,1149
186738,888,1148
186739,888,1149
186740,891,1151
186741,893,1153
186742,891,1155
186743,888,1157
186744,886,1166
186745,884,1179
186746,887,1188
186747,891,1196
186748,890,1192
186749,891,1179
186750,890,1165
186751,894,1157
186752,898,1157
186753,902,1157
186754,899,1157
186755,895,1155
186756,891,1160
186757,891,1168
186758,894,1176
186759,899,1175
186760,898,1171
186761,896,1172
186762,899,1174
186763,902,1173
186764,907,1173
186765,912,1172
186766,912,1170
186767,911,1164
186768,914,1164
186769,920,1165
186770,921,1166
186771,923,1165
186772,923,1164
186773,921,1160
186774,924,1155
186775,929,1154
186776,934,1148
186777,940,1139
186778,943,1127
186779,942,1120
186780,944,1118
186781,950,1122
186782,955,1121
186783,958,1116
186784,960,1108
186785,959,1105
186786,960,1099
186787,964,1102
186788,970,1100
186789,972,1097
186790,971,1093
186791,968,1091
186792,966,1090
186793,972,1089
186794,975,1087
186795,978,1084
186796,977,1079
186797,975,1073
186798,974,1069
186799,975,1073
186800,974,1077
186801,975,1074
186802,977,1069
186803,976,1065
186804,974,1069
186805,974,1070
186806,977,1072
186807,978,1070
186808,978,1066
186809,975,1062
186810,975,1062
186811,974,1064
186812,978,1070
186813,976,1068
186814,978,1064
186815,974,1062
186816,976,1065
186817,975,1071
186818,976,1075
186819,978,1077
186820,976,1074
186821,974,1071
186822,972,1072
186823,975,1075
186824,974,1080
186825,975,1080
186826,973,1081
186827,974,1073
186828,973,1066
186829,976,1059
186830,980,1057
186831,980,1050
186832,976,1045
186833,976,1037
186834,974,1041
186835,977,1045
186836,978,1054
186837,978,1055
186838,979,1054
186839,977,1050
186840,978,1052
186841,980,1056
186842,981,1058
186843,984,1057
186844,982,1057
186845,978,1050
186846,978,1053
186847,977,1057
186848,981,1061
186849,988,1059
186850,987,1055
186851,983,1055
186852,980,1055
186853,981,1059
186854,983,1065
186855,988,1062
186856,987,1057
186857,987,1053
186858,983,1056
186859,981,1062
186860,980,1068
186861,981,1069
186862,981,1066
186863,979,1058
186864,978,1056
186865,980,1054
186866,986,1054
186867,985,1051
186868,985,1048
186869,984,1046
186870,980,1051
186871,980,1057
186872,983,1062
186873,986,1056
186874,983,1049
186875,981,1042
186876,980,1042
186877,980,1048
186878,984,1052
186879,986,1054
186880,986,1053
186881,981,1050
186882,980,1052
186883,982,1056
186884,984,1057
186885,983,1056
186886,984,1052
186887,980,1048
186888,978,1053
186889,976,1054
186890,978,1061
186891,981,1060
186892,981,1057
186893,975,1055
186894,977,1053
186895,979,1055
186896,982,1056
186897,986,1056
186898,986,1053
186899,982,1052
186900,978,1060
186901,977,1070
186902,981,1076
186903,984,1077
186904,985,1075
186905,983,1068
186906,980,1051
186907,982,1040
186908,984,1038
186909,987,1046
186910,988,1050
186911,984,1049
186912,981,1049
186913,985,1049
186914,987,1048
186915,989,1049
186916,986,1046
186917,985,1045
186918,986,1047
186919,988,1049
186920,988,1054
186921,992,1052
186922,991,1050
186923,987,1050
186924,984,1054
186925,991,1054
186926,992,1061
186927,994,1056
186928,991,1050
186929,987,1050
186930,985,1050
186931,984,1055
186932,988,1060
186933,986,1060
186934,985,1060
186935,984,1059
186936,983,1061
186937,987,1066
186938,990,1071
186939,992,1071
186940,992,1066
186941,991,1058
186942,987,1048
186943,986,1045
186944,988,1045
186945,988,1041
186946,987,1043
186947,982,1042
186948,985,1050
186949,985,1052
186950,995,1054
186951,996,1059
186952,997,1060
186953,996,1062
186954,998,1061
186955,1004,1053
186956,1015,1045
186957,1024,1038
186958,1032,1028
186959,1044,1023
186960,1062,1022
186961,1087,1019
186962,1117,1013
186963,1148,1005
186964,1179,999
186965,1208,999
186966,1233,1010
186967,1256,1027
186968,1270,1045
186969,1270,1061
186970,1251,1068
186971,1215,1071
186972,1162,1073
186973,1113,1081
186974,1068,1090
186975,1024,1098
186976,988,1101
186977,970,1105
186978,970,1106
186979,979,1102
186980,988,1092
186981,992,1077
186982,990,1065
186983,983,1055
186984,982,1050
186985,982,1051
186986,984,1051
186987,985,1049
186988,980,1048
186989,977,1052
186990,973,1057
186991,973,1061
186992,978,1063
186993,978,1062
186994,976,1060
186995,974,1063
186996,973,1070
186997,973,1075
186998,973,1076
186999,976,1062
187000,974,1045
187001,971,1035
187002,972,1031
187003,975,1037
187004,974,1043
187005,975,1044
187006,975,1044
187007,971,1044
187008,970,1043
187009,972,1046
187010,976,1048
187011,978,1047
187012,975,1046
187013,973,1041
187014,971,1042
187015,971,1043
187016,974,1048
187017,973,1051
187018,974,1048
187019,971,1044
187020,969,1041
187021,971,1041
187022,974,1043
187023,975,1044
187024,972,1043
187025,967,1048
187026,968,1051
187027,973,1055
187028,976,1060
187029,977,1057
187030,977,1053
187031,973,1047
187032,976,1043
187033,977,1044
187034,978,1045
187035,982,1044
187036,982,1040
187037,983,1039
187038,980,1042
187039,983,1046
187040,986,1049
187041,990,1044
187042,990,1039
187043,989,1036
187044,987,1045
187045,987,1054
187046,991,1056
187047,994,1049
187048,996,1035
187049,992,1025
187050,992,1018
187051,993,1017
187052,996,1014
187053,1001,1011
187054,999,1007
187055,998,1007
187056,997,1010
187057,1001,1013
187058,1004,1013
187059,1007,1013
187060,1007,1006
187061,1008,1004
187062,1004,1002
187063,1006,1006
187064,1007,1010
187065,1007,1009
187066,1007,1008
187067,1006,1007
187068,1007,1008
187069,1010,1007
187070,1013,1012
187071,1013,1013
187072,1012,1011
187073,1011,1010
187074,1012,1011
187075,1013,1012
187076,1017,1019
187077,1018,1021
187078,1016,1022
187079,1015,1020
187080,1014,1027
187081,1015,1035
187082,1019,1042
187083,1018,1044
187084,1018,1042
187085,1017,1040
187086,1013,1037
187087,1016,1040
187088,1014,1047
187089,1015,1052
187090,1012,1061
187091,1010,1066
187092,1006,1070
187093,1005,1065
187094,1008,1058
187095,1009,1050
187096,1007,1043
187097,1004,1041
187098,1000,1046
187099,1001,1048
187100,1002,1053
187101,1001,1055
187102,1000,1054
187103,995,1052
187104,993,1057
187105,993,1061
187106,995,1062
187107,996,1059
187108,994,1056
187109,993,1056
187110,987,1059
187111,993,1061
187112,997,1063
187113,997,1060
187114,996,1058
187115,993,1058
187116,990,1060
187117,994,1059
187118,994,1062
187119,997,1060
187120,998,1058
187121,996,1055
187122,994,1058
187123,992,1061
187124,988,1071
187125,989,1071
187126,989,1063
187127,991,1057
187128,990,1055
187129,993,1053
187130,995,1057
187131,999,1054
187132,999,1051
187133,995,1049
187134,995,1049
187135,997,1056
187136,999,1062
187137,1004,1070
187138,1002,1067
187139,1002,1067
187140,1001,1068
187141,1002,1068
187142,1005,1058
187143,1007,1042
187144,1004,1032
187145,1001,1027
187146,1000,1037
187147,1003,1040
187148,1005,1045
187149,1008,1043
187150,1004,1042
187151,999,1042
187152,998,1044
187153,1001,1045
187154,1002,1050
187155,1004,1049
187156,1004,1047
187157,1000,1045
187158,1001,1045
187159,997,1051
187160,998,1053
187161,1000,1052
187162,1000,1050
187163,999,1051
187164,995,1048
187165,997,1052
187166,999,1056
187167,1001,1056
187168,998,1052
187169,997,1046
187170,994,1048
187171,998,1053
187172,998,1057
187173,1001,1055
187174,998,1055
187175,994,1055
187176,995,1055
187177,999,1059
187178,997,1063
187179,1000,1058
187180,998,1057
187181,997,1053
187182,997,1053
187183,1000,1055
187184,1003,1060
187185,1001,1061
187186,999,1060
187187,995,1057
187188,992,1062
187189,993,1067
187190,1000,1076
187191,1001,1084
187192,1000,1083
187193,1001,1072
187194,999,1058
187195,1000,1047
187196,1003,1044
187197,1006,1047
187198,1005,1058
187199,1004,1065
187200,1004,1067
187201,1010,1056
187202,1018,1043
187203,1015,1030
187204,1002,1029
187205,987,1033
187206,977,1042
187207,981,1051
187208,986,1054
187209,990,1055
187210,990,1052
187211,986,1050
187212,986,1050
187213,988,1054
187214,991,1059
187215,995,1056
187216,992,1053
187217,989,1049
187218,987,1053
187219,992,1056
187220,994,1057
187221,996,1057
187222,996,1051
187223,995,1049
187224,994,1051
187225,994,1053
187226,996,1056
187227,999,1055
187228,999,1051
187229,998,1054
187230,997,1053
187231,1000,1058
187232,1002,1061
187233,1002,1056
187234,1000,1056
187235,999,1053
187236,996,1055
187237,996,1059
187238,997,1062
187239,1002,1061
187240,1000,1060
187241,998,1056
187242,996,1055
187243,997,1057
187244,1001,1061
187245,1001,1060
187246,1003,1057
187247,998,1054
187248,997,1055
187249,999,1062
187250,1002,1067
187251,1005,1063
187252,1004,1056
187253,1002,1054
187254,1002,1055
187255,1002,1058
187256,1008,1058
187257,1011,1053
187258,1015,1044
187259,1018,1043
187260,1025,1042
187261,1036,1042
187262,1054,1040
187263,1075,1032
187264,1098,1024
187265,1121,1013
187266,1152,1004
187267,1189,996
187268,1225,998
187269,1256,1001
187270,1277,1012
187271,1280,1027
187272,1269,1042
187273,1238,1052
187274,1191,1059
187275,1141,1064
187276,1089,1073
187277,1042,1076
187278,1006,1079
187279,991,1085
187280,994,1083
187281,1003,1072
187282,1007,1062
187283,1008,1051
187284,1004,1051
187285,1001,1053
187286,1003,1051
187287,1004,1050
187288,1001,1049
187289,995,1051
187290,992,1051
187291,992,1052
187292,994,1057
187293,993,1052
187294,994,1049
187295,990,1046
187296,991,1049
187297,993,1051
187298,993,1055
187299,993,1055
187300,989,1052
187301,985,1053
187302,982,1054
187303,982,1055
187304,982,1058
187305,984,1056
187306,981,1053
187307,980,1049
187308,978,1042
187309,980,1044
187310,981,1049
187311,983,1054
187312,984,1053
187313,982,1051
187314,980,1050
187315,982,1054
187316,983,1054
187317,983,1051
187318,984,1045
187319,979,1045
187320,979,1043
187321,982,1046
187322,985,1044
187323,987,1039
187324,986,1040
187325,984,1042
187326,983,1049
187327,985,1048
187328,991,1051
187329,990,1048
187330,990,1041
187331,989,1040
187332,991,1039
187333,993,1041
187334,997,1044
187335,998,1043
187336,996,1038
187337,994,1036
187338,994,1037
187339,998,1036
187340,1002,1041
187341,1006,1037
187342,1005,1033
187343,1005,1031
187344,1006,1033
187345,1009,1036
187346,1012,1034
187347,1015,1031
187348,1016,1026
187349,1017,1022
187350,1014,1021
187351,1016,1020
187352,1018,1022
187353,1018,1019
187354,1016,1019
187355,1013,1017
187356,1013,1014
187357,1017,1013
187358,1023,1013
187359,1026,1008
187360,1025,1002
187361,1022,995
187362,1021,995
187363,1021,997
187364,1027,1002
187365,1029,1006
187366,1027,1007
187367,1026,1005
187368,1025,1005
187369,1027,1006
187370,1028,1009
187371,1030,1012
187372,1029,1012
187373,1026,1013
187374,1023,1019
187375,1027,1022
187376,1031,1025
187377,1031,1023
187378,1027,1023
187379,1026,1023
187380,1022,1029
187381,1020,1033
187382,1018,1037
187383,1021,1040
187384,1019,1040
187385,1016,1041
187386,1012,1042
187387,1014,1049
187388,1015,1056
187389,1014,1054
187390,1012,1051
187391,1007,1051
187392,1005,1052
187393,1009,1053
187394,1012,1057
187395,1014,1057
187396,1012,1056
187397,1005,1054
187398,1003,1052
187399,1004,1055
187400,1010,1057
187401,1011,1054
187402,1006,1052
187403,1002,1054
187404,1001,1055
187405,1003,1059
187406,1007,1058
187407,1009,1054
187408,1005,1050
187409,1002,1052
187410,1000,1055
187411,1003,1060
187412,1007,1059
187413,1010,1054
187414,1009,1048
187415,1009,1044
187416,1010,1044
187417,1017,1051
187418,1024,1053
187419,1030,1056
187420,1036,1052
187421,1037,1052
187422,1036,1053
187423,1044,1062
187424,1051,1069
187425,1063,1067
187426,1069,1058
187427,1078,1045
187428,1093,1035
187429,1106,1022
187430,1124,1010
187431,1140,991
187432,1152,970
187433,1163,952
187434,1175,938
187435,1188,926
187436,1205,911
187437,1222,886
187438,1240,861
187439,1250,847
187440,1264,837
187441,1273,832
187442,1279,831
187443,1280,833
187444,1273,833
187445,1266,831
187446,1259,837
187447,1254,843
187448,1247,849
187449,1233,853
187450,1215,855
187451,1190,860
187452,1168,871
187453,1146,884
187454,1127,896
187455,1111,906
187456,1092,920
187457,1079,929
187458,1072,946
187459,1069,964
187460,1068,973
187461,1064,976
187462,1059,972
187463,1059,971
187464,1061,980
187465,1070,991
187466,1080,1005
187467,1091,1010
187468,1094,1012
187469,1087,1011
187470,1065,1017
187471,1034,1023
187472,1007,1030
187473,982,1042
187474,966,1054
187475,958,1062
187476,952,1072
187477,951,1080
187478,948,1086
187479,944,1086
187480,941,1084
187481,937,1089
187482,934,1096
187483,933,1100
187484,933,1104
187485,930,1106
187486,923,1106
187487,915,1109
187488,913,1110
187489,914,1112
187490,915,1110
187491,913,1109
187492,911,1104
187493,907,1106
187494,907,1112
187495,905,1116
187496,908,1123
187497,908,1124
187498,903,1123
187499,902,1124
187500,903,1127
187501,901,1131
187502,905,1133
187503,904,1136
187504,902,1136
187505,901,1138
187506,896,1142
187507,901,1144
187508,903,1146
187509,900,1146
187510,898,1146
187511,895,1144
187512,892,1146
187513,895,1148
187514,899,1152
187515,900,1152
187516,897,1150
187517,894,1153
187518,894,1161
187519,896,1167
187520,899,1169
187521,900,1167
187522,899,1163
187523,897,1158
187524,895,1162
187525,900,1165
187526,905,1170
187527,904,1167
187528,905,1164
187529,903,1163
187530,906,1164
187531,907,1168
187532,913,1168
187533,919,1163
187534,920,1159
187535,920,1152
187536,922,1149
187537,926,1152
187538,931,1150
187539,935,1148
187540,933,1146
187541,938,1142
187542,938,1140
187543,944,1138
187544,950,1140
187545,952,1137
187546,954,1132
187547,955,1123
187548,955,1121
187549,965,1117
187550,970,1116
187551,971,1108
187552,972,1103
187553,970,1095
187554,968,1092
187555,970,1092
187556,976,1087
187557,978,1084
187558,979,1082
187559,977,1080
187560,977,1079
187561,977,1083
187562,984,1079
187563,984,1072
187564,983,1067
187565,982,1062
187566,981,1057
187567,985,1059
187568,987,1058
187569,987,1061
187570,984,1057
187571,982,1056
187572,979,1058
187573,981,1059
187574,986,1062
187575,986,1062
187576,984,1055
187577,983,1053
187578,979,1053
187579,981,1055
187580,987,1058
187581,986,1053
187582,987,1045
187583,982,1043
187584,980,1046
187585,982,1053
187586,986,1056
187587,981,1059
187588,983,1059
187589,979,1054
187590,982,1053
187591,987,1054
187592,987,1057
187593,988,1050
187594,985,1045
187595,983,1041
187596,984,1044
187597,987,1048
187598,989,1049
187599,992,1047
187600,990,1042
187601,989,1044
187602,988,1047
187603,987,1047
187604,991,1053
187605,993,1052
187606,993,1050
187607,992,1048
187608,987,1049
187609,992,1052
187610,995,1054
187611,997,1054
187612,994,1048
187613,989,1052
187614,989,1051
187615,990,1054
187616,992,1055
187617,995,1052
187618,991,1048
187619,987,1046
187620,988,1052
187621,990,1060
187622,993,1063
187623,993,1064
187624,987,1066
187625,986,1059
187626,987,1051
187627,989,1043
187628,994,1039
187629,995,1036
187630,993,1037
187631,989,1037
187632,986,1043
187633,989,1047
187634,994,1050
187635,996,1049
187636,994,1046
187637,990,1042
187638,989,1038
187639,991,1038
187640,993,1039
187641,993,1038
187642,991,1036
187643,991,1036
187644,987,1042
187645,988,1048
187646,991,1049
187647,992,1047
187648,990,1046
187649,988,1046
187650,988,1049
187651,990,1050
187652,994,1054
187653,991,1053
187654,992,1053
187655,990,1052
187656,992,1054
187657,990,1056
187658,993,1059
187659,994,1063
187660,994,1067
187661,990,1067
187662,990,1064
187663,994,1054
187664,996,1048
187665,994,1043
187666,993,1048
187667,989,1053
187668,988,1059
187669,990,1058
187670,993,1048
187671,996,1035
187672,994,1029
187673,990,1030
187674,989,1033
187675,992,1038
187676,992,1044
187677,993,1043
187678,991,1043
187679,990,1042
187680,987,1043
187681,990,1045
187682,992,1049
187683,993,1048
187684,991,1048
187685,988,1047
187686,986,1050
187687,988,1047
187688,990,1050
187689,992,1049
187690,989,1046
187691,987,1046
187692,988,1047
187693,988,1059
187694,989,1063
187695,988,1069
187696,990,1066
187697,990,1056
187698,989,1047
187699,992,1040
187700,997,1041
187701,999,1040
187702,997,1041
187703,993,1043
187704,992,1046
187705,994,1048
187706,997,1052
187707,994,1056
187708,991,1055
187709,990,1055
187710,988,1058
187711,990,1061
187712,993,1056
187713,994,1048
187714,991,1040
187715,990,1036
187716,991,1039
187717,993,1045
187718,997,1050
187719,997,1053
187720,997,1055
187721,994,1056
187722,992,1056
187723,996,1055
187724,1000,1052
187725,998,1055
187726,995,1051
187727,992,1053
187728,992,1055
187729,992,1060
187730,995,1060
187731,998,1059
187732,998,1053
187733,992,1048
187734,991,1049
187735,992,1053
187736,996,1058
187737,998,1058
187738,994,1054
187739,991,1052
187740,992,1052
187741,991,1054
187742,993,1059
187743,994,1060
187744,994,1059
187745,991,1054
187746,992,1051
187747,994,1045
187748,997,1044
187749,999,1044
187750,994,1044
187751,993,1046
187752,993,1049
187753,995,1052
187754,996,1051
187755,997,1048
187756,994,1047
187757,993,1048
187758,991,1049
187759,992,1052
187760,995,1052
187761,997,1050
187762,997,1048
187763,994,1049
187764,994,1054
187765,994,1059
187766,995,1064
187767,1000,1064
187768,996,1061
187769,994,1058
187770,994,1059
187771,997,1057
187772,1000,1059
187773,1001,1056
187774,999,1052
187775,995,1052
187776,994,1057
187777,995,1058
187778,999,1059
187779,1001,1055
187780,1000,1052
187781,997,1050
187782,992,1054
187783,995,1061
187784,998,1065
187785,1000,1063
187786,1000,1058
187787,994,1051
187788,994,1053
187789,996,1054
187790,999,1053
187791,999,1046
187792,999,1044
187793,996,1043
187794,999,1047
187795,1000,1050
187796,1000,1056
187797,1001,1056
187798,1000,1056
187799,996,1048
187800,996,1040
187801,1003,1036
187802,1004,1034
187803,1007,1036
187804,1005,1039
187805,1004,1040
187806,1004,1044
187807,1008,1046
187808,1011,1053
187809,1013,1050
187810,1014,1047
187811,1012,1046
187812,1015,1048
187813,1019,1049
187814,1026,1047
187815,1033,1043
187816,1044,1040
187817,1057,1036
187818,1076,1037
187819,1099,1039
187820,1130,1032
187821,1160,1020
187822,1189,1009
187823,1216,1000
187824,1244,1003
187825,1272,1012
187826,1291,1030
187827,1292,1047
187828,1272,1057
187829,1234,1064
187830,1190,1072
187831,1144,1081
187832,1104,1088
187833,1063,1090
187834,1024,1087
187835,998,1084
187836,988,1078
187837,994,1073
187838,1005,1066
187839,1008,1056
187840,1006,1050
187841,998,1049
187842,994,1052
187843,994,1049
187844,995,1048
187845,993,1046
187846,990,1049
187847,984,1050
187848,985,1052
187849,984,1054
187850,988,1055
187851,989,1054
187852,987,1051
187853,982,1053
187854,981,1058
187855,983,1062
187856,984,1062
187857,983,1062
187858,982,1057
187859,982,1054
187860,981,1055
187861,982,1060
187862,987,1067
187863,986,1069
187864,985,1068
187865,980,1066
187866,978,1065
187867,984,1061
187868,988,1058
187869,989,1054
187870,987,1053
187871,983,1053
187872,984,1056
187873,985,1057
187874,988,1057
187875,987,1054
187876,984,1050
187877,982,1046
187878,983,1043
187879,987,1046
187880,988,1051
187881,988,1053
187882,988,1054
187883,984,1051
187884,982,1052
187885,986,1055
187886,989,1059
187887,989,1056
187888,988,1054
187889,987,1050
187890,988,1049
187891,991,1051
187892,994,1052
187893,995,1053
187894,991,1049
187895,991,1045
187896,989,1045
187897,992,1046
187898,995,1052
187899,999,1055
187900,999,1053
187901,1000,1054
187902,1003,1055
187903,1005,1057
187904,1008,1055
187905,1013,1049
187906,1010,1040
187907,1009,1033
187908,1010,1034
187909,1012,1039
187910,1018,1046
187911,1023,1043
187912,1025,1039
187913,1021,1034
187914,1023,1031
187915,1025,1031
187916,1031,1030
187917,1033,1025
187918,1032,1023
187919,1030,1022
187920,1030,1019
187921,1031,1022
187922,1040,1019
187923,1039,1016
187924,1037,1014
187925,1034,1014
187926,1034,1019
187927,1036,1023
187928,1041,1028
187929,1040,1027
187930,1042,1025
187931,1041,1025
187932,1041,1028
187933,1037,1035
187934,1040,1039
187935,1039,1039
187936,1037,1037
187937,1033,1037
187938,1030,1039
187939,1034,1044
187940,1032,1047
187941,1030,1047
187942,1029,1047
187943,1025,1045
187944,1021,1052
187945,1021,1055
187946,1021,1059
187947,1019,1057
187948,1018,1060
187949,1012,1060
187950,1012,1063
187951,1013,1067
187952,1013,1066
187953,1013,1064
187954,1010,1064
187955,1008,1064
187956,1006,1070
187957,1006,1074
187958,1009,1077
187959,1012,1074
187960,1013,1067
187961,1010,1063
187962,1011,1066
187963,1010,1068
187964,1014,1070
187965,1014,1067
187966,1013,1064
187967,1010,1064
187968,1009,1065
187969,1007,1065
187970,1011,1066
187971,1014,1065
187972,1013,1067
187973,1010,1062
187974,1008,1062
187975,1006,1059
187976,1005,1061
187977,1004,1058
187978,1003,1056
187979,1001,1056
187980,1000,1060
187981,1004,1063
187982,1006,1069
187983,1009,1067
187984,1008,1068
187985,1004,1063
187986,1004,1065
187987,1007,1062
187988,1007,1064
187989,1009,1062
187990,1009,1060
187991,1008,1063
187992,1007,1063
187993,1012,1066
187994,1015,1068
187995,1014,1064
187996,1010,1059
187997,1008,1056
187998,1008,1056
187999,1009,1060
188000,1010,1069
188001,1012,1070
188002,1011,1061
188003,1009,1053
188004,1008,1054
188005,1009,1056
188006,1012,1061
188007,1014,1059
188008,1014,1061
188009,1009,1062
188010,1011,1060
188011,1014,1063
188012,1018,1063
188013,1017,1056
188014,1017,1051
188015,1013,1047
188016,1013,1051
188017,1015,1055
188018,1015,1059
188019,1013,1055
188020,1012,1054
188021,1010,1053
188022,1008,1057
188023,1010,1058
188024,1013,1062
188025,1012,1061
188026,1011,1059
188027,1008,1059
188028,1006,1063
188029,1010,1064
188030,1014,1069
188031,1014,1065
188032,1013,1062
188033,1010,1063
188034,1011,1066
188035,1012,1068
188036,1013,1070
188037,1014,1070
188038,1014,1067
188039,1015,1063
188040,1015,1064
188041,1016,1065
188042,1022,1065
188043,1023,1058
188044,1027,1049
188045,1029,1043
188046,1041,1046
188047,1058,1052
188048,1080,1053
188049,1107,1048
188050,1140,1038
188051,1173,1021
188052,1210,1021
188053,1249,1026
188054,1279,1042
188055,1298,1058
188056,1296,1072
188057,1268,1074
188058,1226,1078
188059,1175,1081
188060,1125,1100
188061,1071,1105
188062,1021,1111
188063,991,1109
188064,985,1105
188065,995,1093
188066,1004,1082
188067,1011,1075
188068,1011,1068
188069,1008,1064
188070,1005,1061
188071,1004,1065
188072,1004,1066
188073,1004,1066
188074,999,1061
188075,993,1057
188076,989,1058
188077,991,1063
188078,992,1068
188079,991,1064
188080,990,1065
188081,989,1062
188082,986,1067
188083,985,1070
188084,990,1073
188085,990,1071
188086,987,1072
188087,982,1066
188088,981,1068
188089,981,1070
188090,985,1068
188091,986,1069
188092,984,1069
188093,980,1070
188094,978,1067
188095,979,1069
188096,983,1069
188097,984,1064
188098,985,1059
188099,984,1049
188100,984,1049
188101,986,1051
188102,989,1056
188103,991,1055
188104,990,1052
188105,986,1054
188106,983,1055
188107,987,1060
188108,990,1064
188109,993,1063
188110,993,1061
188111,989,1057
188112,988,1055
188113,992,1054
188114,992,1055
188115,994,1053
188116,995,1051
188117,992,1047
188118,994,1049
188119,997,1052
188120,1001,1057
188121,1000,1056
188122,1001,1053
188123,1000,1046
188124,1004,1044
188125,1005,1046
188126,1007,1045
188127,1007,1038
188128,1007,1034
188129,1005,1030
188130,1005,1033
188131,1007,1033
188132,1008,1041
188133,1008,1040
188134,1008,1039
188135,1005,1031
188136,1008,1023
188137,1015,1017
188138,1021,1019
188139,1021,1022
188140,1021,1016
188141,1019,1013
188142,1020,1012
188143,1025,1010
188144,1027,1010
188145,1025,1009
188146,1024,1009
188147,1022,1012
188148,1022,1016
188149,1026,1017
188150,1032,1022
188151,1028,1023
188152,1023,1026
188153,1019,1029
188154,1014,1033
188155,1016,1036
188156,1021,1041
188157,1021,1039
188158,1016,1044
188159,1015,1046
188160,1015,1051
188161,1016,1059
188162,1016,1066
188163,1013,1068
188164,1008,1071
188165,1007,1070
188166,1008,1063
188167,1010,1059
188168,1009,1053
188169,1008,1056
188170,1004,1061
188171,999,1066
188172,998,1069
188173,1000,1076
188174,1002,1084
188175,1002,1084
188176,999,1086
188177,997,1079
188178,999,1070
188179,999,1067
188180,1001,1066
188181,999,1069
188182,994,1067
188183,993,1071
188184,992,1074
188185,997,1071
188186,1002,1069
188187,1003,1067
188188,1002,1067
188189,1000,1066
188190,996,1068
188191,998,1071
188192,1000,1077
188193,999,1075
188194,997,1073
188195,991,1070
188196,990,1071
188197,993,1073
188198,996,1077
188199,999,1077
188200,996,1073
188201,995,1071
188202,993,1071
188203,997,1072
188204,997,1073
188205,997,1075
188206,995,1075
188207,989,1074
188208,990,1072
188209,998,1065
188210,1003,1061
188211,1004,1063
188212,1004,1065
188213,999,1064
188214,1000,1064
188215,1003,1065
188216,1003,1071
188217,1003,1068
188218,1001,1061
188219,1002,1057
188220,1005,1061
188221,1008,1066
188222,1008,1073
188223,1005,1072
188224,1002,1069
188225,1002,1065
188226,1000,1067
188227,1001,1070
188228,1003,1076
188229,1003,1078
188230,1002,1080
188231,1000,1077
188232,1003,1078
188233,1006,1076
188234,1005,1069
188235,1004,1063
188236,1003,1052
188237,999,1048
188238,998,1050
188239,1000,1058
188240,1001,1065
188241,1002,1065
188242,1007,1066
188243,1004,1063
188244,1005,1063
188245,1006,1060
188246,1011,1057
188247,1015,1053
188248,1024,1049
188249,1036,1047
188250,1058,1050
188251,1089,1048
188252,1126,1041
188253,1167,1031
188254,1206,1026
188255,1242,1033
188256,1271,1054
188257,1290,1079
188258,1289,1099
188259,1264,1101
188260,1218,1094
188261,1153,1095
188262,1089,1111
188263,1033,1121
188264,995,1129
188265,977,1128
188266,977,1121
188267,985,1110
188268,992,1099
188269,998,1093
188270,1002,1085
188271,1001,1080
188272,994,1078
188273,986,1081
188274,982,1090
188275,984,1095
188276,986,1088
188277,986,1069
188278,985,1052
188279,979,1048
188280,977,1049
188281,978,1054
188282,981,1054
188283,980,1057
188284,975,1062
188285,975,1061
188286,975,1063
188287,977,1062
188288,978,1057
188289,978,1056
188290,978,1051
188291,975,1053
188292,971,1057
188293,971,1060
188294,974,1066
188295,975,1066
188296,970,1069
188297,968,1070
188298,967,1075
188299,971,1071
188300,974,1065
188301,973,1058
188302,973,1056
188303,970,1060
188304,968,1064
188305,971,1065
188306,977,1066
188307,978,1062
188308,977,1057
188309,973,1057
188310,975,1064
188311,979,1066
188312,980,1068
188313,979,1060
188314,980,1051
188315,977,1045
188316,977,1043
188317,981,1047
188318,985,1052
188319,989,1048
188320,990,1045
188321,987,1041
188322,984,1042
188323,987,1046
188324,990,1047
188325,990,1044
188326,990,1044
188327,987,1039
188328,988,1035
188329,991,1030
188330,994,1031
188331,998,1028
188332,994,1023
188333,990,1023
188334,989,1023
188335,990,1026
188336,994,1029
188337,996,1034
188338,994,1036
188339,997,1033
188340,1001,1029
188341,1004,1020
188342,1006,1012
188343,1010,1009
188344,1008,1008
188345,1009,1010
188346,1010,1013
188347,1012,1020
188348,1019,1026
188349,1020,1028
188350,1018,1029
188351,1013,1029
188352,1014,1031
188353,1015,1033
188354,1019,1032
188355,1020,1027
188356,1018,1026
188357,1014,1033
188358,1012,1038
188359,1013,1047
188360,1016,1050
188361,1011,1050
188362,1009,1050
188363,1005,1046
188364,1003,1049
188365,1005,1052
188366,1004,1056
188367,1004,1055
188368,1002,1053
188369,995,1056
188370,992,1063
188371,995,1069
188372,997,1071
188373,999,1074
188374,997,1070
188375,996,1071
188376,995,1072
188377,998,1077
188378,998,1077
188379,996,1077
188380,994,1073
188381,989,1072
188382,992,1076
188383,991,1075
188384,995,1080
188385,994,1081
188386,990,1079
188387,985,1081
188388,987,1083
188389,989,1087
188390,996,1089
188391,998,1083
188392,996,1082
188393,990,1078
188394,992,1081
188395,995,1084
188396,1000,1083
188397,1001,1077
188398,1000,1068
188399,994,1059
188400,995,1055
188401,995,1057
188402,1000,1058
188403,1001,1058
188404,1000,1059
188405,996,1059
188406,997,1062
188407,998,1066
188408,1002,1066
188409,1002,1063
188410,998,1064
188411,998,1062
188412,999,1065
188413,999,1068
188414,1000,1068
188415,998,1065
188416,998,1063
188417,998,1057
188418,997,1056
188419,999,1055
188420,1004,1058
188421,1003,1057
188422,1000,1057
188423,998,1058
188424,1000,1060
188425,1001,1066
188426,1001,1067
188427,1003,1066
188428,1002,1068
188429,999,1068
188430,998,1070
188431,1000,1071
188432,1002,1072
188433,1002,1071
188434,1003,1072
188435,998,1069
188436,1000,1069
188437,1001,1069
188438,1004,1066
188439,1006,1067
188440,1003,1065
188441,1001,1063
188442,1001,1065
188443,1001,1067
188444,1005,1074
188445,1005,1071
188446,1004,1072
188447,1004,1064
188448,1004,1061
188449,1005,1059
188450,1008,1065
188451,1008,1065
188452,1006,1067
188453,1004,1066
188454,1001,1068
188455,1006,1071
188456,1012,1069
188457,1014,1062
188458,1015,1056
188459,1019,1053
188460,1026,1050
188461,1039,1050
188462,1058,1050
188463,1081,1047
188464,1107,1037
188465,1141,1027
188466,1182,1020
188467,1224,1018
188468,1264,1028
188469,1295,1047
188470,1304,1065
188471,1291,1077
188472,1259,1077
188473,1212,1078
188474,1163,1081
188475,1105,1091
188476,1044,1103
188477,994,1113
188478,968,1119
188479,967,1121
188480,978,1110
188481,990,1096
188482,990,1084
188483,988,1081
188484,986,1081
188485,987,1082
188486,989,1078
188487,992,1069
188488,985,1060
188489,981,1058
188490,980,1062
188491,982,1068
188492,984,1070
188493,985,1066
188494,984,1061
188495,980,1057
188496,980,1052
188497,982,1056
188498,985,1057
188499,984,1056
188500,980,1055
188501,979,1056
188502,976,1056
188503,978,1058
188504,982,1059
188505,982,1057
188506,982,1055
188507,977,1057
188508,976,1059
188509,977,1062
188510,981,1065
188511,980,1066
188512,978,1068
188513,975,1068
188514,979,1066
188515,979,1071
188516,983,1071
188517,984,1063
188518,983,1056
188519,980,1050
188520,982,1051
188521,985,1056
188522,987,1059
188523,982,1060
188524,984,1059
188525,983,1054
188526,984,1049
188527,988,1049
188528,987,1050
188529,988,1048
188530,986,1049
188531,984,1046
188532,984,1047
188533,985,1048
188534,989,1047
188535,991,1041
188536,989,1041
188537,989,1039
188538,990,1041
188539,993,1045
188540,994,1043
188541,995,1041
188542,996,1037
188543,996,1035
188544,997,1039
188545,998,1035
188546,1005,1031
188547,1007,1027
188548,1004,1024
188549,1005,1023
188550,1006,1023
188551,1008,1027
188552,1009,1030
188553,1008,1028
188554,1009,1019
188555,1011,1009
188556,1014,1010
188557,1018,1012
188558,1020,1015
188559,1019,1018
188560,1020,1016
188561,1019,1012
188562,1018,1012
188563,1022,1015
188564,1023,1019
188565,1024,1023
188566,1022,1025
188567,1020,1026
188568,1020,1023
188569,1023,1024
188570,1024,1024
188571,1021,1026
188572,1018,1027
188573,1017,1031
188574,1018,1038
188575,1023,1043
188576,1023,1047
188577,1023,1047
188578,1016,1048
188579,1009,1051
188580,1006,1048
188581,1007,1050
188582,1009,1052
188583,1008,1052
188584,1006,1052
188585,1005,1053
188586,1002,1058
188587,1003,1061
188588,1005,1062
188589,1004,1065
188590,999,1063
188591,994,1061
188592,998,1064
188593,1000,1068
188594,1002,1073
188595,1003,1069
188596,1001,1064
188597,997,1065
188598,996,1071
188599,999,1075
188600,1001,1079
188601,1004,1080
188602,1000,1076
188603,996,1072
188604,999,1069
188605,1003,1068
188606,1005,1068
188607,1006,1069
188608,1000,1069
188609,998,1066
188610,998,1069
188611,1002,1065
188612,1006,1065
188613,1009,1062
188614,1011,1056
188615,1010,1054
188616,1009,1056
188617,1009,1061
188618,1014,1067
188619,1016,1072
188620,1019,1071
188621,1022,1066
188622,1024,1062
188623,1032,1062
188624,1040,1063
188625,1042,1065
188626,1043,1063
188627,1045,1064
188628,1056,1063
188629,1075,1058
188630,1090,1044
188631,1103,1025
188632,1114,1007
188633,1125,993
188634,1143,982
188635,1159,973
188636,1177,960
188637,1198,938
188638,1213,914
188639,1229,895
188640,1241,883
188641,1258,871
188642,1269,859
188643,1279,851
188644,1272,847
188645,1264,849
188646,1259,855
188647,1260,861
188648,1253,863
188649,1242,867
188650,1229,870
188651,1207,872
188652,1187,880
188653,1169,894
188654,1153,903
188655,1131,903
188656,1109,905
188657,1091,915
188658,1082,933
188659,1077,951
188660,1080,961
188661,1076,966
188662,1071,970
188663,1063,974
188664,1067,985
188665,1076,997
188666,1093,1009
188667,1108,1010
188668,1121,1008
188669,1117,1006
188670,1100,1012
188671,1063,1027
188672,1021,1040
188673,986,1053
188674,967,1064
188675,956,1077
188676,955,1091
188677,952,1100
188678,953,1104
188679,947,1104
188680,943,1106
188681,938,1109
188682,934,1114
188683,934,1115
188684,932,1116
188685,928,1117
188686,926,1116
188687,921,1117
188688,920,1121
188689,924,1126
188690,925,1129
188691,920,1131
188692,919,1128
188693,914,1126
188694,913,1121
188695,911,1121
188696,915,1125
188697,914,1125
188698,911,1124
188699,907,1128
188700,906,1135
188701,907,1141
188702,909,1145
188703,906,1148
188704,903,1151
188705,901,1153
188706,899,1163
188707,900,1167
188708,900,1166
188709,899,1164
188710,896,1160
188711,893,1161
188712,893,1165
188713,896,1174
188714,898,1180
188715,896,1184
188716,894,1185
188717,894,1185
188718,895,1185
188719,896,1187
188720,900,1187
188721,901,1186
188722,900,1184
188723,897,1186
188724,899,1193
188725,904,1200
188726,908,1201
188727,913,1197
188728,916,1190
188729,918,1181
188730,922,1182
188731,923,1185
188732,930,1187
188733,938,1187
188734,939,1182
188735,944,1177
188736,947,1172
188737,956,1169
188738,962,1169
188739,967,1168
188740,967,1161
188741,970,1151
188742,977,1140
188743,981,1129
188744,985,1121
188745,989,1114
188746,990,1113
188747,987,1111
188748,989,1108
188749,991,1108
188750,997,1108
188751,996,1106
188752,993,1098
188753,990,1092
188754,987,1093
188755,990,1094
188756,993,1091
188757,994,1087
188758,992,1085
188759,989,1082
188760,987,1082
188761,990,1083
188762,990,1081
188763,991,1080
188764,989,1078
188765,985,1078
188766,986,1079
188767,987,1082
188768,988,1082
188769,988,1077
188770,985,1071
188771,982,1073
188772,983,1075
188773,988,1074
188774,993,1075
188775,993,1064
188776,990,1056
188777,991,1049
188778,987,1056
188779,989,1063
188780,990,1065
188781,990,1059
188782,988,1053
188783,987,1050
188784,988,1050
188785,991,1054
188786,995,1058
188787,996,1054
188788,992,1053
188789,993,1053
188790,994,1052
188791,996,1053
188792,1000,1056
188793,1001,1057
188794,996,1055
188795,997,1055
188796,999,1056
188797,1002,1059
188798,1005,1056
188799,1007,1055
188800,1003,1053
188801,1001,1053
188802,1002,1055
188803,1004,1059
188804,1007,1061
188805,1009,1060
188806,1004,1056
188807,1002,1053
188808,1000,1053
188809,1005,1054
188810,1006,1057
188811,1005,1058
188812,999,1059
188813,997,1063
188814,998,1064
188815,1001,1065
188816,1003,1060
188817,1004,1051
188818,1003,1040
188819,999,1035
188820,997,1036
188821,1002,1042
188822,1004,1046
188823,1004,1050
188824,1001,1053
188825,998,1055
188826,999,1057
188827,1002,1058
188828,1004,1056
188829,1004,1054
188830,1001,1049
188831,1000,1047
188832,1001,1044
188833,1002,1045
188834,1004,1049
188835,1006,1046
188836,1004,1047
188837,1001,1049
188838,1001,1054
188839,1003,1060
188840,1004,1063
188841,1005,1059
188842,1001,1054
188843,1001,1052
188844,1002,1053
188845,1005,1060
188846,1009,1063
188847,1009,1052
188848,1007,1045
188849,1009,1040
188850,1010,1039
188851,1014,1042
188852,1016,1046
188853,1014,1047
188854,1011,1046
188855,1009,1046
188856,1010,1051
188857,1010,1055
188858,1013,1056
188859,1012,1055
188860,1009,1052
188861,1010,1051
188862,1008,1055
188863,1010,1056
188864,1009,1055
188865,1007,1051
188866,1006,1052
188867,1006,1051
188868,1008,1058
188869,1012,1060
188870,1011,1062
188871,1010,1060
188872,1007,1056
188873,1007,1053
188874,1005,1055
188875,1008,1058
188876,1010,1059
188877,1007,1059
188878,1005,1054
188879,1003,1054
188880,1002,1059
188881,1004,1061
188882,1007,1064
188883,1005,1063
188884,1003,1065
188885,1000,1068
188886,999,1072
188887,1000,1065
188888,1006,1054
188889,1006,1045
188890,1003,1037
188891,1000,1037
188892,998,1039
188893,1005,1044
188894,1005,1051
188895,1004,1051
188896,1004,1051
188897,1000,1049
188898,1003,1046
188899,1007,1043
188900,1010,1041
188901,1012,1038
188902,1011,1039
188903,1006,1041
188904,1007,1043
188905,1008,1046
188906,1010,1048
188907,1012,1048
188908,1010,1048
188909,1007,1050
188910,1008,1052
188911,1012,1055
188912,1017,1054
188913,1016,1050
188914,1014,1050
188915,1013,1057
188916,1014,1060
188917,1015,1063
188918,1020,1057
188919,1020,1053
188920,1018,1048
188921,1015,1046
188922,1013,1048
188923,1017,1046
188924,1023,1047
188925,1023,1042
188926,1030,1037
188927,1041,1034
188928,1058,1033
188929,1079,1034
188930,1105,1035
188931,1136,1024
188932,1166,1011
188933,1203,1000
188934,1238,1001
188935,1275,1010
188936,1307,1027
188937,1318,1042
188938,1306,1053
188939,1265,1053
188940,1212,1058
188941,1157,1067
188942,1102,1078
188943,1044,1086
188944,998,1090
188945,980,1088
188946,986,1081
188947,999,1071
188948,1010,1063
188949,1009,1053
188950,1002,1045
188951,995,1042
188952,997,1041
188953,1000,1040
188954,1002,1044
188955,1003,1042
188956,1002,1041
188957,999,1038
188958,1001,1040
188959,1004,1046
188960,1005,1048
188961,1002,1047
188962,998,1045
188963,996,1042
188964,995,1044
188965,996,1050
188966,1000,1050
188967,999,1048
188968,995,1045
188969,993,1043
188970,991,1044
188971,996,1046
188972,1000,1047
188973,997,1042
188974,994,1039
188975,993,1037
188976,993,1040
188977,993,1044
188978,997,1044
188979,994,1043
188980,992,1041
188981,989,1044
188982,988,1041
188983,993,1044
188984,994,1046
188985,995,1044
188986,994,1038
188987,989,1039
188988,988,1037
188989,989,1039
188990,991,1038
188991,990,1039
188992,985,1040
188993,986,1043
188994,987,1049
188995,991,1055
188996,997,1053
188997,996,1049
188998,994,1043
188999,990,1038
189000,991,1039
189001,998,1035
189002,1001,1031
189003,1004,1025
189004,1004,1022
189005,1002,1023
189006,1002,1027
189007,1005,1029
189008,1008,1029
189009,1008,1027
189010,1009,1023
189011,1009,1019
189012,1010,1023
189013,1014,1023
189014,1018,1021
189015,1022,1021
189016,1023,1016
189017,1022,1014
189018,1023,1015
189019,1027,1017
189020,1029,1015
189021,1029,1010
189022,1031,1007
189023,1031,1007
189024,1033,1009
189025,1037,1010
189026,1041,1012
189027,1043,1011
189028,1041,1010
189029,1037,1014
189030,1038,1018
189031,1042,1018
189032,1046,1012
189033,1047,1000
189034,1043,994
189035,1040,992
189036,1043,995
189037,1046,1003
189038,1048,1008
189039,1047,1008
189040,1041,1004
189041,1038,1005
189042,1035,1010
189043,1036,1016
189044,1038,1020
189045,1039,1016
189046,1037,1017
189047,1032,1017
189048,1029,1020
189049,1029,1026
189050,1029,1030
189051,1027,1035
189052,1024,1031
189053,1019,1028
189054,1021,1028
189055,1020,1038
189056,1021,1041
189057,1022,1044
189058,1020,1044
189059,1015,1045
189060,1013,1049
189061,1014,1052
189062,1019,1050
189063,1018,1048
189064,1016,1046
189065,1014,1045
189066,1011,1049
189067,1015,1055
189068,1019,1056
189069,1022,1055
189070,1018,1048
189071,1015,1045
189072,1015,1052
189073,1016,1052
189074,1014,1052
189075,1014,1050
189076,1014,1049
189077,1013,1050
189078,1013,1050
189079,1016,1051
189080,1021,1051
189081,1020,1045
189082,1019,1044
189083,1016,1045
189084,1014,1051
189085,1017,1053
189086,1021,1050
189087,1022,1043
189088,1018,1037
189089,1017,1033
189090,1013,1033
189091,1015,1037
189092,1017,1040
189093,1012,1038
189094,1012,1037
189095,1010,1038
189096,1009,1038
189097,1014,1041
189098,1018,1044
189099,1014,1037
189100,1010,1031
189101,1005,1029
189102,1002,1037
189103,1005,1042
189104,1010,1046
189105,1009,1042
189106,1009,1032
189107,1009,1023
189108,1008,1023
189109,1012,1028
189110,1016,1030
189111,1015,1034
189112,1011,1035
189113,1007,1033
189114,1009,1033
189115,1013,1036
189116,1017,1039
189117,1017,1034
189118,1016,1031
189119,1012,1031
189120,1013,1033
189121,1018,1036
189122,1017,1038
189123,1017,1039
189124,1012,1034
189125,1011,1034
189126,1011,1036
189127,1017,1040
189128,1022,1042
189129,1024,1041
189130,1019,1038
189131,1017,1038
189132,1015,1040
189133,1020,1039
189134,1022,1042
189135,1021,1039
189136,1015,1038
189137,1008,1037
189138,1010,1039
189139,1010,1044
189140,1016,1046
189141,1014,1048
189142,1009,1054
189143,1006,1059
189144,1004,1064
189145,1005,1058
189146,1009,1046
189147,1011,1032
189148,1009,1022
189149,1009,1018
189150,1010,1025
189151,1011,1030
189152,1011,1039
189153,1007,1038
189154,1003,1034
189155,1003,1029
189156,1003,1029
189157,1007,1028
189158,1010,1029
189159,1010,1029
189160,1009,1029
189161,1009,1030
189162,1006,1032
189163,1012,1032
189164,1018,1030
189165,1023,1029
189166,1029,1025
189167,1037,1023
189168,1050,1024
189169,1074,1027
189170,1106,1025
189171,1138,1018
189172,1171,1005
189173,1209,996
189174,1249,998
189175,1285,1007
189176,1313,1021
189177,1322,1039
189178,1309,1052
189179,1277,1051
189180,1230,1055
189181,1178,1060
189182,1126,1074
189183,1064,1080
189184,1009,1087
189185,979,1090
189186,972,1090
189187,985,1087
189188,997,1071
189189,1001,1056
189190,1004,1047
189191,1004,1039
189192,1003,1038
189193,1005,1038
189194,1002,1041
189195,998,1037
189196,995,1036
189197,989,1037
189198,988,1039
189199,992,1041
189200,997,1038
189201,992,1036
189202,989,1033
189203,984,1031
189204,986,1035
189205,985,1039
189206,987,1035
189207,981,1032
189208,981,1028
189209,979,1031
189210,980,1035
189211,984,1039
189212,987,1039
189213,984,1042
189214,981,1039
189215,978,1041
189216,975,1039
189217,976,1041
189218,978,1040
189219,981,1037
189220,982,1033
189221,981,1036
189222,980,1039
189223,984,1047
189224,986,1049
189225,986,1044
189226,981,1040
189227,978,1037
189228,980,1035
189229,983,1034
189230,986,1032
189231,986,1031
189232,983,1028
189233,982,1030
189234,983,1033
189235,985,1035
189236,987,1031
189237,987,1028
189238,986,1025
189239,985,1026
189240,986,1030
189241,989,1027
189242,992,1028
189243,991,1024
189244,989,1019
189245,992,1021
189246,991,1025
189247,995,1025
189248,995,1025
189249,994,1019
189250,996,1013
189251,994,1012
189252,993,1013
189253,998,1015
189254,1004,1013
189255,1004,1013
189256,1000,1012
189257,998,1008
189258,1001,1013
189259,1004,1015
189260,1008,1013
189261,1008,1007
189262,1005,1000
189263,1002,999
189264,1003,1003
189265,1011,1008
189266,1014,1006
189267,1014,1004
189268,1014,999
189269,1011,994
189270,1011,996
189271,1012,994
189272,1015,994
189273,1011,991
189274,1012,989
189275,1009,987
189276,1011,989
189277,1019,991
189278,1025,993
189279,1025,994
189280,1023,994
189281,1020,991
189282,1019,994
189283,1020,1000
189284,1023,1006
189285,1024,1010
189286,1018,1015
189287,1015,1014
189288,1015,1014
189289,1018,1017
189290,1020,1018
189291,1017,1019
189292,1015,1019
189293,1010,1021
189294,1012,1028
189295,1011,1032
189296,1014,1037
189297,1011,1038
189298,1007,1040
189299,1005,1043
189300,1002,1046
189301,1003,1052
189302,1005,1056
189303,1001,1057
189304,999,1056
189305,997,1053
189306,998,1051
189307,1001,1052
189308,1003,1051
189309,1000,1045
189310,995,1047
189311,995,1051
189312,994,1056
189313,995,1062
189314,997,1060
189315,996,1063
189316,993,1059
189317,993,1060
189318,994,1054
189319,997,1051
189320,1000,1044
189321,1001,1038
189322,998,1037
189323,995,1035
189324,996,1037
189325,999,1041
189326,1002,1045
189327,1005,1041
189328,1006,1041
189329,1002,1039
189330,1004,1044
189331,1005,1048
189332,1008,1050
189333,1009,1047
189334,1005,1044
189335,1004,1043
189336,1005,1046
189337,1008,1049
189338,1013,1050
189339,1009,1048
189340,1006,1045
189341,1003,1049
189342,1004,1052
189343,1007,1053
189344,1011,1053
189345,1009,1052
189346,1008,1048
189347,1005,1046
189348,1006,1049
189349,1008,1052
189350,1010,1055
189351,1008,1056
189352,1002,1055
189353,1000,1051
189354,1001,1047
189355,1002,1044
189356,1005,1046
189357,1006,1048
189358,1002,1046
189359,1000,1053
189360,999,1059
189361,1000,1060
189362,1002,1052
189363,1003,1043
189364,998,1038
189365,996,1037
189366,996,1038
189367,1000,1040
189368,1004,1044
189369,1005,1045
189370,1002,1039
189371,1001,1037
189372,999,1041
189373,1002,1043
189374,1004,1043
189375,1002,1040
189376,999,1040
189377,999,1039
189378,1001,1041
189379,1005,1043
189380,1005,1044
189381,1002,1043
189382,999,1043
189383,998,1045
189384,1000,1044
189385,1004,1050
189386,1007,1051
189387,1005,1047
189388,1004,1044
189389,1002,1045
189390,1003,1048
189391,1002,1053
189392,1006,1053
189393,1005,1055
189394,1003,1052
189395,1002,1055
189396,1000,1059
189397,1003,1063
189398,1007,1062
189399,1007,1054
189400,1006,1048
189401,1004,1042
189402,1006,1046
189403,1006,1047
189404,1008,1047
189405,1003,1040
189406,1007,1037
189407,1014,1034
189408,1028,1036
189409,1046,1036
189410,1061,1031
189411,1081,1023
189412,1110,1015
189413,1142,1010
189414,1179,1004
189415,1218,1002
189416,1257,1000
189417,1291,1006
189418,1313,1021
189419,1318,1037
189420,1298,1046
189421,1258,1052
189422,1206,1054
189423,1143,1059
189424,1083,1070
189425,1025,1081
189426,985,1096
189427,969,1101
189428,974,1098
189429,985,1082
189430,991,1068
189431,996,1058
189432,997,1055
189433,999,1057
189434,1000,1056
189435,998,1056
189436,995,1052
189437,991,1050
189438,990,1050
189439,993,1052
189440,995,1055
189441,994,1053
189442,991,1049
189443,989,1049
189444,986,1050
189445,987,1053
189446,989,1052
189447,988,1049
189448,986,1045
189449,985,1042
189450,984,1043
189451,987,1049
189452,987,1052
189453,984,1048
189454,982,1046
189455,979,1046
189456,980,1051
189457,982,1057
189458,986,1058
189459,984,1054
189460,982,1053
189461,979,1052
189462,979,1052
189463,978,1054
189464,980,1055
189465,980,1051
189466,977,1051
189467,973,1057
189468,977,1059
189469,975,1060
189470,981,1055
189471,982,1048
189472,981,1042
189473,978,1036
189474,978,1040
189475,982,1046
189476,987,1048
189477,987,1052
189478,983,1048
189479,982,1047
189480,982,1041
189481,988,1040
189482,992,1035
189483,992,1028
189484,990,1024
189485,984,1023
189486,989,1028
189487,992,1029
189488,998,1029
189489,999,1029
189490,996,1025
189491,996,1026
189492,996,1025
189493,1002,1026
189494,1004,1026
189495,1003,1024
189496,1004,1018
189497,1008,1017
189498,1008,1020
189499,1013,1022
189500,1015,1021
189501,1016,1020
189502,1015,1015
189503,1014,1014
189504,1016,1016
189505,1017,1016
189506,1023,1017
189507,1025,1018
189508,1025,1018
189509,1021,1018
189510,1021,1019
189511,1024,1021
189512,1030,1019
189513,1029,1016
189514,1026,1015
189515,1023,1016
189516,1024,1021
189517,1027,1020
189518,1027,1018
189519,1029,1010
189520,1029,1003
189521,1027,1003
189522,1027,1009
189523,1028,1016
189524,1028,1016
189525,1025,1018
189526,1021,1016
189527,1021,1021
189528,1021,1028
189529,1020,1033
189530,1023,1036
189531,1018,1036
189532,1018,1035
189533,1015,1037
189534,1012,1039
189535,1011,1044
189536,1014,1046
189537,1012,1046
189538,1007,1044
189539,1001,1049
189540,1000,1050
189541,1003,1058
189542,1005,1058
189543,1006,1059
189544,1008,1058
189545,1001,1059
189546,1003,1057
189547,1004,1057
189548,1005,1054
189549,1004,1054
189550,1000,1056
189551,1002,1063
189552,1003,1071
189553,1007,1073
189554,1009,1068
189555,1008,1059
189556,1005,1051
189557,1003,1052
189558,1005,1055
189559,1007,1059
189560,1013,1061
189561,1016,1061
189562,1015,1060
189563,1019,1060
189564,1023,1064
189565,1030,1067
189566,1034,1072
189567,1039,1070
189568,1040,1064
189569,1044,1062
189570,1053,1057
189571,1071,1048
189572,1082,1036
189573,1096,1020
189574,1107,1005
189575,1117,991
189576,1135,981
189577,1153,972
189578,1168,963
189579,1178,946
189580,1189,929
189581,1201,909
189582,1221,894
189583,1241,880
189584,1259,869
189585,1274,857
189586,1278,845
189587,1279,842
189588,1278,846
189589,1274,854
189590,1273,856
189591,1264,854
189592,1257,849
189593,1242,848
189594,1229,851
189595,1211,858
189596,1191,864
189597,1169,869
189598,1139,876
189599,1116,883
189600,1093,904
189601,1076,924
189602,1063,936
189603,1054,940
189604,1053,941
189605,1049,949
189606,1046,963
189607,1043,981
189608,1044,998
189609,1049,1010
189610,1057,1017
189611,1070,1021
189612,1088,1021
189613,1104,1019
189614,1109,1016
189615,1094,1017
189616,1066,1019
189617,1030,1028
189618,997,1040
189619,976,1051
189620,964,1059
189621,956,1066
189622,948,1073
189623,942,1080
189624,941,1085
189625,939,1091
189626,938,1093
189627,934,1095
189628,926,1098
189629,921,1101
189630,918,1106
189631,916,1113
189632,916,1110
189633,915,1106
189634,915,1099
189635,911,1097
189636,911,1105
189637,911,1111
189638,913,1119
189639,912,1122
189640,909,1122
189641,906,1116
189642,905,1119
189643,906,1123
189644,907,1128
189645,907,1128
189646,902,1132
189647,901,1139
189648,902,1147
189649,904,1149
189650,905,1146
189651,901,1139
189652,899,1133
189653,895,1132
189654,896,1139
189655,898,1147
189656,903,1153
189657,901,1160
189658,901,1162
189659,897,1164
189660,896,1169
189661,899,1169
189662,900,1168
189663,899,1167
189664,895,1160
189665,897,1155
189666,900,1160
189667,902,1170
189668,905,1175
189669,908,1176
189670,908,1168
189671,908,1163
189672,910,1163
189673,911,1166
189674,918,1171
189675,919,1171
189676,919,1171
189677,920,1168
189678,926,1167
189679,932,1171
189680,937,1174
189681,940,1170
189682,938,1166
189683,941,1162
189684,946,1162
189685,947,1169
189686,958,1173
189687,959,1169
189688,961,1160
189689,961,1152
189690,963,1149
189691,970,1150
189692,974,1146
189693,975,1144
189694,974,1135
189695,974,1130
189696,976,1127
189697,982,1123
189698,989,1120
189699,988,1111
189700,984,1099
189701,981,1093
189702,982,1090
189703,980,1092
189704,984,1091
189705,983,1087
189706,981,1082
189707,979,1083
189708,979,1086
189709,984,1085
189710,985,1076
189711,986,1063
189712,982,1058
189713,979,1056
189714,979,1062
189715,982,1065
189716,984,1064
189717,985,1062
189718,982,1056
189719,978,1056
189720,982,1058
189721,984,1059
189722,984,1057
189723,987,1057
189724,984,1057
189725,981,1058
189726,984,1065
189727,989,1069
189728,992,1076
189729,991,1077
189730,992,1070
189731,991,1060
189732,990,1055
189733,992,1053
189734,993,1052
189735,990,1052
189736,988,1052
189737,988,1057
189738,990,1062
189739,994,1068
189740,998,1061
189741,999,1054
189742,995,1050
189743,994,1052
189744,994,1056
189745,997,1063
189746,1001,1058
189747,997,1050
189748,994,1045
189749,990,1044
189750,992,1052
189751,995,1061
189752,999,1058
189753,999,1051
189754,995,1045
189755,992,1041
189756,993,1045
189757,995,1048
189758,999,1050
189759,998,1053
189760,996,1055
189761,993,1057
189762,990,1058
189763,995,1059
189764,998,1053
189765,998,1048
189766,995,1044
189767,994,1049
189768,996,1055
189769,997,1060
189770,999,1054
189771,999,1046
189772,994,1039
189773,991,1044
189774,991,1045
189775,994,1052
189776,995,1061
189777,993,1066
189778,991,1066
189779,989,1059
189780,990,1050
189781,995,1040
189782,995,1035
189783,992,1031
189784,991,1027
189785,989,1031
189786,988,1033
189787,989,1037
189788,996,1042
189789,994,1046
189790,992,1048
189791,987,1053
189792,988,1052
189793,990,1047
189794,995,1042
189795,994,1037
189796,991,1033
189797,988,1035
189798,990,1037
189799,992,1039
189800,995,1041
189801,993,1042
189802,992,1042
189803,988,1040
189804,986,1040
189805,988,1041
189806,989,1042
189807,988,1042
189808,989,1040
189809,989,1043
189810,991,1047
189811,995,1046
189812,995,1044
189813,995,1044
189814,990,1048
189815,989,1048
189816,990,1049
189817,991,1048
189818,996,1042
189819,994,1046
189820,989,1058
189821,991,1073
189822,992,1074
189823,995,1053
189824,998,1028
189825,994,1013
189826,994,1010
189827,989,1016
189828,989,1020
189829,992,1024
189830,994,1026
189831,993,1028
189832,992,1026
189833,992,1026
189834,992,1026
189835,993,1034
189836,994,1034
189837,994,1035
189838,991,1032
189839,987,1030
189840,989,1032
189841,990,1034
189842,994,1030
189843,992,1027
189844,989,1023
189845,987,1028
189846,987,1033
189847,987,1037
189848,991,1038
189849,993,1035
189850,991,1033
189851,990,1032
189852,988,1035
189853,993,1043
189854,995,1052
189855,994,1049
189856,992,1034
189857,991,1018
189858,993,1011
189859,995,1013
189860,999,1017
189861,1001,1021
189862,1002,1030
189863,1004,1034
189864,1010,1031
189865,1022,1021
189866,1035,1008
189867,1051,1000
189868,1070,1001
189869,1091,1004
189870,1123,1002
189871,1160,995
189872,1200,986
189873,1233,982
189874,1260,988
189875,1279,1004
189876,1289,1026
189877,1281,1043
189878,1253,1045
189879,1202,1044
189880,1146,1042
189881,1091,1049
189882,1031,1060
189883,992,1070
189884,973,1070
189885,969,1056
189886,972,1044
189887,979,1031
189888,986,1027
189889,988,1027
189890,987,1030
189891,984,1033
189892,978,1040
189893,978,1048
189894,977,1043
189895,976,1025
189896,979,1011
189897,978,1008
189898,973,1013
189899,970,1013
189900,970,1009
189901,975,1012
189902,974,1015
189903,972,1015
189904,969,1016
189905,967,1009
189906,968,1003
189907,974,1002
189908,975,1004
189909,974,1007
189910,971,1009
189911,969,1012
189912,971,1014
189913,972,1015
189914,977,1016
189915,978,1017
189916,976,1019
189917,974,1027
189918,975,1032
189919,978,1032
189920,981,1025
189921,977,1023
189922,972,1021
189923,973,1020
189924,971,1016
189925,975,1013
189926,978,1013
189927,976,1015
189928,975,1014
189929,972,1016
189930,974,1020
189931,979,1023
189932,981,1020
189933,977,1016
189934,975,1011
189935,974,1011
189936,974,1015
189937,977,1016
189938,977,1016
189939,976,1019
189940,972,1027
189941,972,1034
189942,973,1038
189943,980,1041
189944,984,1040
189945,986,1026
189946,986,1006
189947,983,982
189948,985,975
189949,991,979
189950,992,992
189951,993,998
189952,993,1001
189953,997,997
189954,1002,988
189955,1006,976
189956,1005,970
189957,1005,969
189958,999,975
189959,1000,984
189960,1007,986
189961,1011,986
189962,1014,987
189963,1013,987
189964,1011,982
189965,1011,981
189966,1014,978
189967,1018,980
189968,1019,982
189969,1020,980
189970,1018,974
189971,1022,979
189972,1020,984
189973,1024,991
189974,1026,998
189975,1026,999
189976,1027,994
189977,1025,992
189978,1024,999
189979,1023,1016
189980,1024,1029
189981,1027,1029
189982,1029,1011
189983,1027,989
189984,1028,982
189985,1027,990
189986,1026,999
189987,1023,1007
189988,1017,1016
189989,1010,1033
189990,1011,1047
189991,1011,1042
189992,1016,1021
189993,1018,995
189994,1014,980
189995,1010,982
189996,1006,993
189997,1005,1001
189998,1008,1002
189999,1006,1003
190000,1003,1004
190001,999,1007
190002,998,1013
190003,999,1016
190004,997,1013
190005,998,1012
190006,995,1014
190007,993,1017
190008,993,1025
190009,994,1029
190010,995,1031
190011,995,1030
190012,997,1027
190013,996,1019
190014,998,1014
190015,1002,1010
190016,1002,1008
190017,999,1009
190018,994,1011
190019,993,1024
190020,995,1036
190021,999,1047
190022,1002,1047
190023,1001,1037
190024,1000,1015
190025,1001,1004
190026,999,1006
190027,1001,1016
190028,1005,1021
190029,1005,1021
190030,1004,1015
190031,1001,1011
190032,1002,1012
190033,1004,1019
190034,1008,1022
190035,1006,1024
190036,1001,1025
190037,998,1033
190038,998,1035
190039,1002,1031
190040,1005,1022
190041,1003,1014
190042,999,1018
190043,997,1032
190044,997,1050
190045,1000,1068
190046,1005,1063
190047,1005,1032
190048,1005,1004
190049,1002,998
190050,1003,1003
190051,1004,1008
190052,1004,1013
190053,1006,1014
190054,1005,1010
190055,999,1005
190056,1002,1004
190057,1002,1004
190058,1002,1003
190059,1004,999
190060,1002,999
190061,997,1000
190062,996,1006
190063,998,1010
190064,1002,1011
190065,1001,1008
190066,999,1008
190067,992,1009
190068,994,1009
190069,996,1011
190070,997,1018
190071,995,1016
190072,994,1019
190073,995,1021
190074,998,1022
190075,1001,1023
190076,1003,1023
190077,1000,1020
190078,997,1019
190079,995,1018
190080,996,1023
190081,1000,1028
190082,1005,1029
190083,1004,1025
190084,1002,1020
190085,998,1020
190086,995,1022
190087,997,1023
190088,1002,1025
190089,1000,1023
190090,998,1027
190091,998,1037
190092,997,1043
190093,1000,1039
190094,1002,1025
190095,1000,1015
190096,997,1014
190097,995,1018
190098,993,1031
190099,999,1045
190100,1000,1054
190101,1000,1042
190102,999,1019
190103,999,1003
190104,1004,998
190105,1009,1000
190106,1022,1006
190107,1030,1004
190108,1040,1005
190109,1051,1007
190110,1077,1011
190111,1109,1012
190112,1144,1001
190113,1181,991
190114,1217,983
190115,1256,986
190116,1292,998
190117,1314,1017
190118,1310,1032
190119,1271,1036
190120,1214,1031
190121,1150,1034
190122,1085,1046
190123,1023,1062
190124,971,1069
190125,946,1070
190126,944,1066
190127,963,1058
190128,980,1049
190129,993,1045
190130,1000,1040
190131,995,1032
190132,992,1022
190133,986,1018
190134,988,1019
190135,990,1026
190136,989,1027
190137,986,1024
190138,982,1024
190139,978,1024
190140,983,1026
190141,984,1028
190142,987,1031
190143,982,1031
190144,981,1034
190145,981,1039
190146,983,1037
190147,984,1033
190148,986,1020
190149,983,1016
190150,981,1018
190151,976,1022
190152,973,1034
190153,974,1045
190154,978,1038
190155,978,1020
190156,974,1003
190157,970,1001
190158,971,1009
190159,975,1017
190160,977,1021
190161,977,1022
190162,973,1021
190163,973,1018
190164,975,1015
190165,978,1019
190166,979,1023
190167,975,1020
190168,973,1019
190169,971,1020
190170,973,1025
190171,978,1026
190172,982,1026
190173,980,1022
190174,977,1021
190175,974,1020
190176,975,1023
190177,977,1026
190178,980,1025
190179,978,1023
190180,978,1017
190181,977,1016
190182,982,1018
190183,987,1018
190184,987,1017
190185,985,1015
190186,984,1014
190187,986,1012
190188,992,1013
190189,994,1016
190190,997,1014
190191,998,1009
190192,997,1006
190193,997,1003
190194,998,1008
190195,1003,1017
190196,1003,1037
190197,1000,1076
190198,999,1082
190199,1002,1028
190200,1009,960
190201,1012,938
190202,1013,950
190203,1013,967
190204,1010,973
190205,1011,977
190206,1009,983
190207,1015,990
190208,1017,993
190209,1018,995
190210,1014,994
190211,1010,997
190212,1009,1003
190213,1011,1008
190214,1012,1010
190215,1013,1007
190216,1008,1008
190217,1004,1012
190218,1007,1018
190219,1007,1026
190220,1008,1030
190221,1007,1029
190222,1005,1026
190223,999,1028
190224,997,1032
190225,999,1037
190226,998,1041
190227,997,1040
190228,992,1038
190229,993,1041
190230,991,1043
190231,995,1050
190232,995,1048
190233,994,1047
190234,988,1045
190235,986,1046
190236,986,1047
190237,992,1057
190238,994,1068
190239,991,1082
190240,985,1085
190241,983,1064
190242,985,1036
190243,990,1021
190244,991,1017
190245,990,1024
190246,989,1026
190247,985,1036
190248,986,1039
190249,984,1044
190250,988,1046
190251,986,1048
190252,984,1044
190253,983,1046
190254,983,1045
190255,989,1047
190256,990,1046
190257,987,1047
190258,986,1046
190259,982,1049
190260,985,1049
190261,987,1049
190262,990,1047
190263,988,1048
190264,990,1048
190265,990,1049
190266,994,1051
190267,995,1053
190268,999,1053
190269,996,1049
190270,992,1048
190271,991,1052
190272,988,1054
190273,994,1052
190274,1001,1046
190275,1005,1039
190276,1000,1037
190277,994,1041
190278,993,1044
190279,992,1053
190280,994,1059
190281,993,1061
190282,992,1062
190283,990,1051
190284,992,1041
190285,995,1038
190286,997,1037
190287,994,1040
190288,994,1042
190289,988,1045
190290,988,1050
190291,991,1051
190292,994,1049
190293,989,1046
190294,987,1046
190295,986,1051
190296,989,1057
190297,995,1055
190298,996,1047
190299,994,1039
190300,988,1037
190301,983,1043
190302,981,1052
190303,986,1065
190304,989,1076
190305,989,1085
190306,985,1079
190307,983,1053
190308,983,1033
190309,984,1031
190310,987,1036
190311,987,1045
190312,984,1048
190313,981,1054
190314,983,1064
190315,988,1060
190316,992,1049
190317,990,1035
190318,989,1035
190319,984,1041
190320,985,1048
190321,990,1050
190322,990,1051
190323,988,1047
190324,984,1048
190325,981,1048
190326,987,1050
190327,988,1049
190328,990,1049
190329,986,1045
190330,986,1044
190331,985,1047
190332,985,1051
190333,988,1056
190334,990,1057
190335,990,1051
190336,992,1046
190337,988,1045
190338,989,1048
190339,990,1052
190340,989,1051
190341,987,1053
190342,986,1052
190343,985,1051
190344,988,1051
190345,992,1054
190346,997,1055
190347,996,1053
190348,991,1049
190349,990,1052
190350,989,1054
190351,993,1056
190352,995,1056
190353,996,1056
190354,998,1058
190355,1000,1056
190356,1004,1051
190357,1007,1047
190358,1012,1046
190359,1018,1043
190360,1026,1043
190361,1041,1044
190362,1064,1042
190363,1095,1039
190364,1129,1028
190365,1168,1020
190366,1206,1015
190367,1247,1023
190368,1285,1032
190369,1309,1051
190370,1316,1065
190371,1298,1072
190372,1253,1068
190373,1195,1066
190374,1133,1071
190375,1072,1088
190376,1011,1097
190377,966,1101
190378,950,1097
190379,953,1090
190380,967,1077
190381,979,1069
190382,984,1060
190383,983,1055
190384,979,1051
190385,973,1055
190386,974,1062
190387,977,1068
190388,981,1061
190389,975,1051
190390,970,1044
190391,965,1054
190392,965,1077
190393,970,1097
190394,971,1097
190395,975,1066
190396,971,1033
190397,976,1012
190398,977,1011
190399,977,1020
190400,978,1029
190401,977,1034
190402,974,1037
190403,975,1042
190404,978,1045
190405,980,1046
190406,983,1041
190407,979,1040
190408,978,1040
190409,979,1040
190410,977,1045
190411,976,1047
190412,977,1046
190413,976,1046
190414,975,1042
190415,972,1046
190416,973,1048
190417,979,1052
190418,984,1048
190419,986,1048
190420,981,1042
190421,978,1046
190422,981,1048
190423,984,1050
190424,982,1047
190425,977,1048
190426,970,1044
190427,972,1045
190428,977,1048
190429,982,1045
190430,982,1040
190431,979,1035
190432,979,1030
190433,979,1032
190434,981,1035
190435,985,1037
190436,991,1037
190437,989,1033
190438,987,1032
190439,987,1040
190440,990,1051
190441,995,1056
190442,998,1047
190443,1003,1027
190444,1001,1009
190445,1001,1004
190446,1004,1007
190447,1009,1014
190448,1012,1013
190449,1012,1014
190450,1012,1014
190451,1014,1013
190452,1015,1015
190453,1020,1016
190454,1022,1017
190455,1023,1013
190456,1023,1008
190457,1019,1010
190458,1024,1013
190459,1025,1018
190460,1028,1017
190461,1023,1012
190462,1020,1014
190463,1019,1018
190464,1021,1022
190465,1026,1028
190466,1027,1025
190467,1026,1019
190468,1026,1014
190469,1023,1022
190470,1024,1030
190471,1019,1039
190472,1016,1052
190473,1013,1058
190474,1016,1051
190475,1013,1038
190476,1012,1030
190477,1011,1031
190478,1010,1036
190479,1005,1037
190480,1001,1039
190481,1002,1044
190482,997,1050
190483,996,1059
190484,997,1061
190485,997,1057
190486,997,1050
190487,995,1048
190488,998,1050
190489,999,1057
190490,1000,1062
190491,999,1062
190492,998,1063
190493,996,1063
190494,995,1064
190495,998,1065
190496,1001,1065
190497,999,1065
190498,999,1066
190499,998,1067
190500,1000,1073
190501,1004,1075
190502,1011,1068
190503,1014,1064
190504,1015,1065
190505,1021,1067
190506,1028,1070
190507,1033,1076
190508,1038,1078
190509,1044,1075
190510,1052,1070
190511,1068,1061
190512,1083,1048
190513,1101,1032
190514,1119,1016
190515,1131,998
190516,1143,982
190517,1159,970
190518,1177,962
190519,1191,951
190520,1209,938
190521,1227,921
190522,1241,902
190523,1257,891
190524,1267,886
190525,1278,884
190526,1284,885
190527,1280,881
190528,1277,879
190529,1269,880
190530,1261,884
190531,1256,889
190532,1245,896
190533,1225,902
190534,1201,909
190535,1170,915
190536,1149,927
190537,1126,944
190538,1106,954
190539,1083,958
190540,1065,962
190541,1051,973
190542,1043,982
190543,1043,982
190544,1045,984
190545,1042,985
190546,1042,991
190547,1050,1005
190548,1066,1012
190549,1078,1018
190550,1090,1021
190551,1085,1023
190552,1066,1028
190553,1027,1034
190554,989,1046
190555,968,1064
190556,955,1073
190557,946,1082
190558,938,1086
190559,931,1090
190560,930,1094
190561,930,1100
190562,927,1103
190563,926,1102
190564,919,1101
190565,912,1104
190566,910,1105
190567,909,1107
190568,909,1107
190569,909,1106
190570,903,1106
190571,900,1108
190572,900,1112
190573,901,1115
190574,904,1116
190575,901,1114
190576,895,1115
190577,891,1118
190578,889,1119
190579,892,1124
190580,891,1125
190581,884,1132
190582,877,1142
190583,875,1154
190584,880,1159
190585,883,1148
190586,884,1130
190587,882,1119
190588,878,1117
190589,875,1124
190590,875,1132
190591,877,1142
190592,880,1142
190593,880,1144
190594,878,1143
190595,875,1150
190596,878,1154
190597,878,1158
190598,881,1158
190599,882,1157
190600,876,1156
190601,877,1156
190602,877,1158
190603,884,1161
190604,886,1158
190605,888,1158
190606,884,1154
190607,886,1153
190608,888,1160
190609,895,1162
190610,902,1159
190611,900,1154
190612,901,1148
190613,907,1147
190614,911,1146
190615,916,1145
190616,922,1138
190617,922,1130
190618,927,1124
190619,932,1124
190620,939,1123
190621,945,1121
190622,948,1117
190623,950,1114
190624,953,1109
190625,953,1107
190626,959,1106
190627,963,1107
190628,967,1106
190629,964,1106
190630,965,1108
190631,967,1105
190632,974,1094
190633,978,1079
190634,978,1069
190635,974,1069
190636,970,1071
190637,974,1071
190638,980,1072
190639,982,1072
190640,984,1067
190641,982,1071
190642,979,1070
190643,978,1065
190644,981,1062
190645,987,1052
190646,988,1052
190647,990,1053
190648,988,1051
190649,984,1055
190650,981,1057
190651,983,1063
190652,987,1060
190653,985,1061
190654,985,1059
190655,984,1059
190656,984,1062
190657,987,1066
190658,988,1065
190659,985,1061
190660,984,1063
190661,983,1065
190662,984,1064
190663,989,1066
190664,991,1063
190665,989,1062
190666,989,1061
190667,989,1063
190668,988,1066
190669,993,1066
190670,994,1068
190671,994,1063
190672,991,1059
190673,986,1062
190674,988,1059
190675,994,1059
190676,995,1059
190677,990,1059
190678,986,1058
190679,987,1061
190680,986,1064
190681,988,1064
190682,990,1065
190683,989,1059
190684,989,1054
190685,990,1051
190686,995,1047
190687,997,1048
190688,997,1047
190689,994,1045
190690,991,1048
190691,991,1052
190692,994,1054
190693,996,1055
190694,1000,1056
190695,999,1049
190696,996,1047
190697,993,1049
190698,994,1051
190699,998,1055
190700,996,1058
190701,990,1057
190702,986,1057
190703,987,1055
190704,991,1055
190705,994,1059
190706,993,1057
190707,989,1059
190708,986,1057
190709,988,1057
190710,990,1057
190711,991,1060
190712,989,1059
190713,989,1062
190714,987,1064
190715,985,1064
190716,988,1065
190717,991,1066
190718,988,1066
190719,989,1061
190720,985,1062
190721,988,1065
190722,988,1066
190723,990,1065
190724,995,1063
190725,991,1059
190726,986,1060
190727,983,1060
190728,985,1059
190729,989,1059
190730,996,1059
190731,993,1053
190732,990,1051
190733,988,1052
190734,987,1054
190735,990,1058
190736,990,1058
190737,987,1060
190738,983,1056
190739,981,1059
190740,986,1059
190741,991,1062
190742,994,1059
190743,993,1057
190744,992,1060
190745,989,1062
190746,992,1063
190747,992,1065
190748,997,1067
190749,997,1062
190750,995,1060
190751,993,1060
190752,993,1063
190753,992,1065
190754,994,1064
190755,995,1058
190756,993,1053
190757,990,1055
190758,993,1056
190759,996,1059
190760,998,1056
190761,996,1056
190762,996,1052
190763,993,1053
190764,993,1055
190765,994,1059
190766,997,1059
190767,996,1054
190768,996,1051
190769,998,1052
190770,998,1060
190771,1001,1069
190772,1004,1068
190773,1004,1064
190774,1004,1053
190775,1006,1044
190776,1010,1039
190777,1018,1036
190778,1029,1035
190779,1041,1038
190780,1054,1036
190781,1074,1038
190782,1106,1038
190783,1146,1033
190784,1186,1026
190785,1228,1019
190786,1266,1018
190787,1302,1033
190788,1328,1050
190789,1336,1065
190790,1320,1068
190791,1269,1065
190792,1203,1066
190793,1128,1078
190794,1061,1093
190795,1004,1102
190796,973,1101
190797,964,1097
190798,975,1085
190799,988,1072
190800,999,1064
190801,1001,1061
190802,996,1055
190803,991,1053
190804,986,1053
190805,986,1054
190806,987,1055
190807,988,1058
190808,988,1060
190809,984,1057
190810,981,1055
190811,978,1052
190812,978,1053
190813,979,1056
190814,983,1056
190815,979,1052
190816,977,1049
190817,975,1051
190818,978,1056
190819,985,1062
190820,985,1060
190821,983,1054
190822,978,1048
190823,974,1047
190824,975,1049
190825,976,1055
190826,976,1052
190827,976,1052
190828,972,1057
190829,972,1061
190830,971,1064
190831,974,1063
190832,974,1055
190833,975,1047
190834,972,1046
190835,967,1047
190836,966,1055
190837,971,1061
190838,978,1059
190839,979,1051
190840,979,1048
190841,980,1047
190842,978,1046
190843,981,1050
190844,981,1053
190845,984,1053
190846,983,1046
190847,983,1046
190848,987,1047
190849,988,1051
190850,991,1049
190851,988,1047
190852,987,1043
190853,988,1040
190854,990,1040
190855,997,1041
190856,1001,1042
190857,1001,1040
190858,1000,1040
190859,1001,1041
190860,1004,1043
190861,1008,1035
190862,1011,1022
190863,1010,1017
190864,1012,1015
190865,1012,1017
190866,1014,1022
190867,1017,1023
190868,1019,1022
190869,1020,1018
190870,1018,1017
190871,1019,1013
190872,1020,1011
190873,1022,1012
190874,1023,1008
190875,1022,1006
190876,1020,1002
190877,1021,1001
190878,1024,1003
190879,1024,1008
190880,1025,1008
190881,1022,1012
190882,1019,1013
190883,1020,1017
190884,1025,1021
190885,1031,1021
190886,1035,1017
190887,1034,1015
190888,1028,1014
190889,1027,1014
190890,1033,1020
190891,1033,1026
190892,1028,1027
190893,1025,1031
190894,1024,1031
190895,1023,1031
190896,1025,1035
190897,1028,1041
190898,1027,1042
190899,1022,1044
190900,1013,1045
190901,1011,1048
190902,1012,1050
190903,1012,1052
190904,1014,1045
190905,1014,1043
190906,1011,1041
190907,1010,1046
190908,1008,1056
190909,1007,1061
190910,1006,1059
190911,1005,1055
190912,1003,1049
190913,1002,1050
190914,1004,1053
190915,1004,1061
190916,1004,1061
190917,1002,1058
190918,1001,1050
190919,998,1044
190920,999,1044
190921,1004,1046
190922,1002,1047
190923,998,1049
190924,996,1047
190925,997,1049
190926,1000,1052
190927,1002,1058
190928,1004,1054
190929,1003,1051
190930,999,1052
190931,999,1054
190932,1001,1056
190933,1003,1060
190934,1005,1057
190935,1003,1053
190936,1000,1054
190937,999,1053
190938,1000,1055
190939,1003,1057
190940,1005,1056
190941,1007,1052
190942,1003,1051
190943,1001,1049
190944,1003,1052
190945,1006,1052
190946,1007,1050
190947,1009,1048
190948,1008,1047
190949,1009,1048
190950,1007,1050
190951,1010,1050
190952,1011,1049
190953,1009,1047
190954,1007,1045
190955,1010,1049
190956,1014,1053
190957,1017,1052
190958,1013,1048
190959,1011,1046
190960,1008,1049
190961,1007,1051
190962,1007,1053
190963,1013,1051
190964,1013,1046
190965,1012,1042
190966,1010,1044
190967,1010,1046
190968,1010,1048
190969,1012,1050
190970,1011,1047
190971,1008,1045
190972,1005,1044
190973,1003,1045
190974,1008,1048
190975,1010,1052
190976,1010,1051
190977,1009,1049
190978,1006,1050
190979,1004,1050
190980,1007,1053
190981,1006,1055
190982,1006,1054
190983,1002,1049
190984,1000,1048
190985,998,1048
190986,998,1050
190987,996,1058
190988,999,1058
190989,1000,1060
190990,1000,1056
190991,1001,1052
190992,1003,1049
190993,1004,1045
190994,1005,1046
190995,999,1049
190996,996,1050
190997,995,1053
190998,996,1053
190999,1002,1054
191000,1000,1050
191001,995,1046
191002,992,1042
191003,991,1041
191004,995,1042
191005,1001,1047
191006,1002,1047
191007,1001,1049
191008,1000,1046
191009,999,1043
191010,997,1044
191011,998,1050
191012,997,1050
191013,997,1049
191014,995,1045
191015,996,1048
191016,1002,1051
191017,1002,1056
191018,1002,1054
191019,1001,1054
191020,1004,1052
191021,1002,1052
191022,1004,1055
191023,1004,1057
191024,1005,1056
191025,1004,1054
191026,1001,1054
191027,1001,1056
191028,1003,1060
191029,1006,1060
191030,1008,1058
191031,1009,1055
191032,1007,1052
191033,1002,1052
191034,999,1054
191035,1002,1054
191036,1003,1055
191037,999,1054
191038,1001,1053
191039,999,1056
191040,1001,1053
191041,1003,1057
191042,1005,1054
191043,1004,1053
191044,1003,1050
191045,1002,1051
191046,1001,1052
191047,1002,1055
191048,1005,1052
191049,1009,1048
191050,1011,1048
191051,1010,1048
191052,1003,1053
191053,1002,1056
191054,1006,1059
191055,1006,1061
191056,1005,1057
191057,1005,1058
191058,1005,1057
191059,1012,1054
191060,1012,1047
191061,1011,1041
191062,1017,1035
191063,1025,1035
191064,1037,1040
191065,1052,1040
191066,1073,1041
191067,1094,1035
191068,1123,1029
191069,1160,1023
191070,1204,1019
191071,1244,1017
191072,1286,1019
191073,1323,1029
191074,1353,1042
191075,1361,1060
191076,1348,1069
191077,1309,1075
191078,1251,1073
191079,1189,1075
191080,1129,1081
191081,1064,1092
191082,1012,1100
191083,981,1104
191084,974,1100
191085,979,1089
191086,988,1075
191087,997,1066
191088,1004,1063
191089,1004,1061
191090,1003,1057
191091,996,1053
191092,991,1050
191093,988,1050
191094,990,1053
191095,991,1059
191096,994,1056
191097,992,1057
191098,987,1054
191099,982,1055
191100,982,1055
191101,987,1057
191102,988,1055
191103,988,1052
191104,984,1048
191105,981,1049
191106,986,1051
191107,989,1054
191108,988,1051
191109,985,1052
191110,978,1050
191111,976,1051
191112,979,1052
191113,981,1054
191114,982,1057
191115,983,1055
191116,982,1052
191117,978,1049
191118,980,1052
191119,980,1057
191120,979,1056
191121,975,1053
191122,970,1052
191123,971,1055
191124,975,1055
191125,981,1053
191126,981,1051
191127,981,1051
191128,977,1049
191129,972,1052
191130,976,1055
191131,980,1057
191132,982,1053
191133,980,1048
191134,977,1042
191135,979,1044
191136,982,1048
191137,987,1048
191138,987,1043
191139,982,1038
191140,978,1033
191141,974,1035
191142,978,1035
191143,984,1039
191144,986,1038
191145,985,1036
191146,987,1033
191147,988,1034
191148,993,1037
191149,997,1042
191150,996,1041
191151,995,1038
191152,992,1032
191153,991,1033
191154,996,1037
191155,1002,1035
191156,1006,1035
191157,1006,1028
191158,1006,1024
191159,1007,1023
191160,1010,1025
191161,1009,1027
191162,1012,1024
191163,1013,1020
191164,1016,1022
191165,1014,1019
191166,1018,1019
191167,1019,1015
191168,1023,1015
191169,1026,1011
191170,1023,1008
191171,1021,1005
191172,1021,1005
191173,1025,1009
191174,1029,1011
191175,1026,1008
191176,1022,1005
191177,1020,1011
191178,1019,1015
191179,1025,1016
191180,1027,1016
191181,1025,1017
191182,1019,1016
191183,1017,1020
191184,1017,1025
191185,1020,1032
191186,1018,1031
191187,1015,1030
191188,1013,1030
191189,1010,1033
191190,1011,1036
191191,1012,1041
191192,1012,1042
191193,1012,1043
191194,1009,1040
191195,1004,1046
191196,1004,1050
191197,1005,1058
191198,1002,1057
191199,1000,1054
191200,996,1052
191201,994,1054
191202,992,1056
191203,994,1058
191204,995,1061
191205,992,1057
191206,990,1057
191207,988,1058
191208,988,1063
191209,988,1065
191210,994,1061
191211,992,1061
191212,990,1062
191213,987,1061
191214,988,1063
191215,988,1063
191216,988,1064
191217,986,1062
191218,983,1058
191219,984,1062
191220,988,1064
191221,992,1066
191222,992,1065
191223,991,1060
191224,986,1058
191225,986,1062
191226,992,1065
191227,996,1065
191228,1001,1062
191229,1004,1059
191230,1002,1060
191231,1005,1060
191232,1011,1064
191233,1020,1069
191234,1023,1069
191235,1026,1066
191236,1026,1063
191237,1026,1068
191238,1032,1072
191239,1045,1071
191240,1059,1059
191241,1071,1046
191242,1081,1030
191243,1092,1018
191244,1108,1014
191245,1122,1005
191246,1139,994
191247,1152,978
191248,1159,961
191249,1174,949
191250,1191,934
191251,1209,920
191252,1230,905
191253,1249,892
191254,1262,880
191255,1273,875
191256,1276,875
191257,1277,877
191258,1273,878
191259,1268,878
191260,1264,879
191261,1259,877
191262,1254,879
191263,1247,885
191264,1237,884
191265,1220,884
191266,1197,887
191267,1180,895
191268,1163,903
191269,1146,914
191270,1123,913
191271,1098,919
191272,1075,923
191273,1063,932
191274,1054,944
191275,1052,955
191276,1050,966
191277,1047,971
191278,1047,978
191279,1041,986
191280,1042,996
191281,1053,1004
191282,1059,1010
191283,1075,1011
191284,1093,1011
191285,1100,1013
191286,1096,1021
191287,1076,1030
191288,1038,1034
191289,1003,1040
191290,971,1044
191291,951,1054
191292,936,1066
191293,929,1075
191294,925,1083
191295,921,1087
191296,914,1089
191297,909,1089
191298,908,1097
191299,907,1103
191300,908,1103
191301,905,1102
191302,898,1099
191303,895,1101
191304,896,1108
191305,897,1112
191306,899,1114
191307,897,1112
191308,890,1109
191309,887,1109
191310,889,1114
191311,890,1117
191312,890,1117
191313,888,1116
191314,883,1118
191315,878,1120
191316,878,1125
191317,881,1129
191318,880,1129
191319,877,1127
191320,874,1127
191321,872,1127
191322,870,1134
191323,874,1138
191324,870,1141
191325,871,1138
191326,864,1140
191327,866,1139
191328,866,1144
191329,869,1147
191330,867,1147
191331,862,1144
191332,860,1145
191333,859,1148
191334,862,1154
191335,866,1156
191336,867,1155
191337,864,1155
191338,859,1155
191339,857,1155
191340,858,1159
191341,864,1163
191342,866,1162
191343,865,1163
191344,863,1165
191345,864,1165
191346,867,1171
191347,867,1174
191348,868,1175
191349,867,1173
191350,867,1169
191351,870,1172
191352,874,1174
191353,879,1179
191354,883,1177
191355,886,1173
191356,889,1167
191357,891,1168
191358,892,1170
191359,899,1165
191360,902,1167
191361,907,1164
191362,907,1158
191363,910,1154
191364,920,1154
191365,925,1151
191366,928,1147
191367,930,1140
191368,930,1134
191369,935,1131
191370,935,1128
191371,942,1124
191372,947,1119
191373,950,1113
191374,948,1106
191375,949,1103
191376,952,1104
191377,955,1100
191378,960,1097
191379,956,1092
191380,956,1088
191381,956,1084
191382,960,1083
191383,962,1083
191384,965,1081
191385,962,1076
191386,964,1071
191387,964,1072
191388,964,1072
191389,969,1072
191390,970,1070
191391,968,1066
191392,965,1063
191393,966,1062
191394,969,1063
191395,972,1067
191396,974,1063
191397,974,1059
191398,971,1056
191399,971,1056
191400,973,1058
191401,976,1061
191402,977,1059
191403,975,1056
191404,974,1054
191405,971,1056
191406,973,1058
191407,977,1060
191408,974,1059
191409,971,1056
191410,968,1054
191411,969,1055
191412,972,1055
191413,975,1058
191414,977,1056
191415,972,1053
191416,973,1050
191417,972,1054
191418,971,1056
191419,975,1059
191420,976,1059
191421,976,1056
191422,974,1051
191423,975,1052
191424,977,1055
191425,977,1057
191426,980,1057
191427,978,1056
191428,976,1055
191429,975,1059
191430,978,1064
191431,980,1062
191432,983,1059
191433,981,1056
191434,977,1053
191435,977,1054
191436,981,1056
191437,984,1058
191438,985,1057
191439,981,1055
191440,978,1052
191441,978,1054
191442,980,1054
191443,985,1058
191444,984,1055
191445,981,1054
191446,980,1052
191447,979,1054
191448,981,1055
191449,984,1059
191450,983,1058
191451,983,1055
191452,980,1055
191453,979,1053
191454,980,1054
191455,982,1055
191456,984,1056
191457,981,1053
191458,983,1050
191459,978,1048
191460,977,1052
191461,983,1056
191462,985,1052
191463,981,1053
191464,979,1049
191465,978,1052
191466,981,1054
191467,982,1056
191468,979,1053
191469,977,1050
191470,975,1047
191471,973,1052
191472,975,1053
191473,976,1057
191474,975,1052
191475,975,1051
191476,972,1051
191477,973,1052
191478,976,1054
191479,977,1056
191480,975,1053
191481,972,1049
191482,969,1050
191483,970,1053
191484,971,1056
191485,974,1058
191486,976,1058
191487,976,1053
191488,972,1049
191489,971,1053
191490,971,1057
191491,973,1061
191492,974,1058
191493,973,1055
191494,972,1054
191495,973,1056
191496,973,1061
191497,977,1060
191498,979,1058
191499,981,1058
191500,977,1053
191501,976,1056
191502,978,1059
191503,982,1058
191504,983,1059
191505,980,1057
191506,976,1053
191507,977,1055
191508,979,1056
191509,982,1058
191510,979,1055
191511,979,1056
191512,978,1054
191513,982,1053
191514,983,1052
191515,985,1056
191516,981,1052
191517,981,1050
191518,977,1047
191519,975,1052
191520,975,1053
191521,978,1057
191522,977,1056
191523,976,1053
191524,974,1051
191525,974,1052
191526,972,1053
191527,978,1058
191528,977,1054
191529,976,1052
191530,974,1050
191531,972,1050
191532,974,1054
191533,976,1056
191534,975,1056
191535,976,1054
191536,974,1051
191537,974,1052
191538,975,1056
191539,978,1057
191540,981,1059
191541,979,1053
191542,973,1052
191543,973,1052
191544,976,1057
191545,976,1057
191546,979,1057
191547,979,1056
191548,975,1052
191549,974,1052
191550,977,1055
191551,978,1057
191552,979,1058
191553,976,1053
191554,973,1051
191555,974,1053
191556,976,1052
191557,978,1057
191558,981,1058
191559,982,1057
191560,979,1051
191561,976,1050
191562,978,1053
191563,979,1055
191564,979,1058
191565,977,1055
191566,973,1051
191567,972,1051
191568,974,1051
191569,977,1054
191570,980,1052
191571,981,1047
191572,973,1047
191573,974,1048
191574,975,1052
191575,977,1055
191576,979,1050
191577,980,1051
191578,979,1048
191579,977,1047
191580,979,1049
191581,977,1053
191582,979,1051
191583,980,1049
191584,974,1051
191585,974,1051
191586,975,1054
191587,978,1055
191588,982,1053
191589,978,1048
191590,976,1045
191591,976,1047
191592,979,1051
191593,979,1053
191594,979,1052
191595,979,1051
191596,977,1050
191597,978,1050
191598,983,1050
191599,984,1052
191600,987,1051
191601,986,1051
191602,983,1051
191603,981,1055
191604,983,1058
191605,984,1062
191606,986,1060
191607,989,1057
191608,991,1052
191609,996,1046
191610,1008,1044
191611,1026,1046
191612,1047,1045
191613,1068,1040
191614,1090,1041
191615,1124,1034
191616,1165,1028
191617,1207,1022
191618,1247,1014
191619,1286,1015
191620,1319,1020
191621,1339,1038
191622,1342,1053
191623,1314,1060
191624,1262,1059
191625,1200,1054
191626,1139,1056
191627,1077,1062
191628,1023,1066
191629,989,1068
191630,971,1064
191631,968,1057
191632,977,1050
191633,986,1044
191634,991,1043
191635,991,1043
191636,986,1040
191637,978,1038
191638,973,1038
191639,976,1040
191640,975,1042
191641,979,1043
191642,975,1042
191643,972,1041
191644,966,1039
191645,960,1042
191646,962,1045
191647,967,1048
191648,965,1046
191649,966,1045
191650,964,1042
191651,961,1044
191652,964,1050
191653,966,1052
191654,965,1052
191655,962,1049
191656,960,1047
191657,961,1050
191658,961,1051
191659,968,1053
191660,968,1053
191661,964,1054
191662,964,1055
191663,962,1057
191664,965,1056
191665,965,1056
191666,963,1054
191667,961,1052
191668,961,1054
191669,962,1054
191670,966,1058
191671,971,1061
191672,967,1060
191673,964,1058
191674,958,1057
191675,961,1053
191676,964,1054
191677,963,1053
191678,964,1050
191679,965,1045
191680,964,1044
191681,965,1045
191682,967,1048
191683,970,1047
191684,966,1043
191685,964,1038
191686,963,1036
191687,963,1039
191688,967,1041
191689,974,1043
191690,975,1040
191691,976,1035
191692,975,1033
191693,979,1037
191694,982,1035
191695,981,1035
191696,984,1033
191697,984,1030
191698,985,1028
191699,988,1028
191700,991,1028
191701,995,1030
191702,998,1027
191703,998,1025
191704,997,1022
191705,1000,1024
191706,1002,1025
191707,1006,1027
191708,1007,1028
191709,1008,1026
191710,1006,1020
191711,1006,1023
191712,1013,1023
191713,1017,1025
191714,1017,1025
191715,1013,1023
191716,1012,1021
191717,1015,1023
191718,1019,1025
191719,1021,1025
191720,1022,1022
191721,1020,1016
191722,1018,1014
191723,1018,1016
191724,1019,1017
191725,1022,1015
191726,1021,1018
191727,1020,1017
191728,1020,1016
191729,1016,1019
191730,1017,1024
191731,1021,1028
191732,1022,1027
191733,1018,1028
191734,1020,1026
191735,1017,1030
191736,1016,1035
191737,1016,1042
191738,1014,1039
191739,1010,1037
191740,1003,1038
191741,1000,1042
191742,1003,1047
191743,1009,1050
191744,1009,1048
191745,1004,1047
191746,998,1045
191747,996,1046
191748,998,1045
191749,997,1048
191750,993,1046
191751,992,1045
191752,989,1043
191753,989,1046
191754,991,1049
191755,994,1052
191756,1001,1048
191757,1002,1046
191758,994,1042
191759,989,1045
191760,990,1051
191761,987,1051
191762,980,1053
191763,978,1052
191764,975,1051
191765,979,1052
191766,983,1057
191767,988,1060
191768,989,1059
191769,984,1059
191770,978,1059
191771,977,1058
191772,981,1062
191773,987,1064
191774,985,1064
191775,983,1063
191776,976,1060
191777,978,1063
191778,979,1065
191779,981,1066
191780,980,1063
191781,980,1057
191782,983,1052
191783,986,1051
191784,988,1054
191785,989,1056
191786,986,1051
191787,983,1050
191788,983,1050
191789,983,1050
191790,988,1052
191791,991,1052
191792,990,1053
191793,985,1049
191794,983,1045
191795,981,1044
191796,982,1049
191797,986,1049
191798,990,1047
191799,990,1043
191800,986,1043
191801,985,1045
191802,984,1047
191803,987,1046
191804,988,1043
191805,986,1043
191806,984,1042
191807,982,1043
191808,988,1047
191809,994,1048
191810,992,1047
191811,988,1045
191812,986,1042
191813,984,1045
191814,984,1050
191815,983,1054
191816,985,1056
191817,985,1057
191818,983,1050
191819,986,1051
191820,988,1052
191821,992,1051
191822,993,1050
191823,993,1044
191824,989,1040
191825,982,1042
191826,974,1046
191827,973,1051
191828,974,1051
191829,976,1049
191830,976,1050
191831,978,1052
191832,978,1051
191833,981,1051
191834,983,1048
191835,982,1044
191836,978,1043
191837,977,1047
191838,975,1052
191839,975,1054
191840,977,1056
191841,977,1050
191842,974,1049
191843,972,1048
191844,973,1047
191845,978,1050
191846,981,1045
191847,976,1042
191848,974,1041
191849,976,1043
191850,979,1045
191851,976,1047
191852,974,1047
191853,975,1043
191854,974,1039
191855,974,1039
191856,980,1040
191857,982,1040
191858,989,1038
191859,1004,1037
191860,1011,1031
191861,1021,1033
191862,1043,1032
191863,1077,1029
191864,1112,1023
191865,1149,1015
191866,1187,1006
191867,1240,1011
191868,1286,1026
191869,1323,1051
191870,1333,1072
191871,1314,1085
191872,1260,1080
191873,1188,1083
191874,1115,1091
191875,1051,1104
191876,984,1110
191877,931,1112
191878,916,1108
191879,930,1104
191880,950,1090
191881,961,1077
191882,967,1066
191883,967,1055
191884,964,1051
191885,962,1048
191886,957,1048
191887,958,1050
191888,957,1053
191889,957,1050
191890,956,1048
191891,954,1046
191892,956,1048
191893,960,1050
191894,960,1045
191895,959,1043
191896,955,1041
191897,952,1043
191898,955,1045
191899,961,1046
191900,963,1042
191901,960,1037
191902,953,1034
191903,951,1036
191904,947,1037
191905,948,1039
191906,952,1041
191907,951,1041
191908,949,1039
191909,949,1041
191910,951,1049
191911,951,1049
191912,950,1048
191913,946,1047
191914,944,1048
191915,946,1048
191916,950,1045
191917,953,1046
191918,950,1048
191919,950,1047
191920,950,1043
191921,948,1047
191922,949,1050
191923,951,1049
191924,954,1046
191925,956,1043
191926,955,1040
191927,956,1037
191928,959,1039
191929,958,1038
191930,955,1036
191931,953,1034
191932,954,1029
191933,963,1030
191934,970,1031
191935,970,1032
191936,967,1024
191937,965,1022
191938,965,1019
191939,967,1017
191940,969,1018
191941,970,1018
191942,968,1016
191943,966,1010
191944,967,1007
191945,966,1005
191946,975,1006
191947,980,1005
191948,983,1004
191949,983,1000
191950,979,998
191951,981,1002
191952,984,1005
191953,987,1007
191954,989,1005
191955,986,999
191956,984,997
191957,984,996
191958,989,999
191959,995,1000
191960,995,999
191961,992,995
191962,991,997
191963,988,1005
191964,988,1011
191965,991,1016
191966,993,1016
191967,995,1018
191968,996,1018
191969,994,1023
191970,993,1029
191971,1000,1030
191972,999,1029
191973,997,1027
191974,992,1025
191975,990,1030
191976,992,1032
191977,994,1042
191978,994,1042
191979,988,1041
191980,984,1038
191981,977,1040
191982,978,1042
191983,982,1045
191984,978,1043
191985,976,1041
191986,971,1043
191987,968,1043
191988,970,1050
191989,973,1055
191990,973,1057
191991,970,1055
191992,967,1057
191993,967,1055
191994,974,1057
191995,978,1056
191996,977,1055
191997,973,1055
191998,965,1055
191999,963,1055
192000,971,1054
192001,975,1057
192002,978,1056
192003,978,1051
192004,974,1050
192005,975,1051
192006,976,1054
192007,979,1055
192008,982,1052
192009,981,1048
192010,978,1046
192011,978,1043
192012,979,1042
192013,980,1044
192014,979,1045
192015,978,1045
192016,979,1044
192017,979,1043
192018,980,1044
192019,983,1047
192020,983,1044
192021,985,1041
192022,982,1041
192023,977,1043
192024,978,1050
192025,978,1052
192026,981,1053
192027,981,1049
192028,978,1047
192029,981,1045
192030,982,1045
192031,981,1047
192032,983,1045
192033,982,1045
192034,977,1047
192035,979,1047
192036,982,1051
192037,983,1053
192038,981,1051
192039,981,1046
192040,979,1044
192041,982,1045
192042,987,1048
192043,987,1053
192044,988,1050
192045,987,1047
192046,986,1043
192047,983,1045
192048,986,1053
192049,984,1060
192050,981,1061
192051,980,1057
192052,976,1050
192053,979,1050
192054,982,1050
192055,987,1055
192056,987,1052
192057,983,1053
192058,977,1060
192059,974,1068
192060,979,1071
192061,984,1072
192062,984,1068
192063,983,1054
192064,983,1039
192065,982,1030
192066,985,1028
192067,989,1032
192068,987,1035
192069,983,1034
192070,978,1034
192071,979,1035
192072,984,1037
192073,985,1039
192074,984,1039
192075,984,1042
192076,979,1046
192077,976,1048
192078,976,1049
192079,979,1052
192080,983,1050
192081,984,1048
192082,982,1049
192083,981,1048
192084,982,1055
192085,985,1056
192086,987,1055
192087,985,1056
192088,981,1053
192089,982,1053
192090,986,1053
192091,987,1053
192092,985,1049
192093,981,1047
192094,976,1048
192095,976,1053
192096,982,1054
192097,985,1056
192098,983,1054
192099,981,1052
192100,978,1046
192101,982,1050
192102,984,1052
192103,989,1055
192104,990,1051
192105,983,1050
192106,978,1046
192107,978,1048
192108,983,1052
192109,987,1054
192110,986,1051
192111,983,1046
192112,979,1044
192113,978,1045
192114,982,1047
192115,985,1050
192116,988,1049
192117,983,1048
192118,978,1048
192119,978,1053
192120,981,1055
192121,983,1056
192122,983,1058
192123,984,1062
192124,977,1067
192125,976,1079
192126,982,1088
192127,982,1091
192128,982,1080
192129,983,1059
192130,991,1039
192131,1011,1025
192132,1035,1017
192133,1053,1015
192134,1075,1009
192135,1103,1005
192136,1138,995
192137,1180,988
192138,1225,990
192139,1268,1000
192140,1303,1016
192141,1329,1036
192142,1334,1055
192143,1318,1064
192144,1276,1069
192145,1219,1069
192146,1153,1075
192147,1088,1078
192148,1024,1082
192149,973,1089
192150,952,1087
192151,956,1081
192152,971,1071
192153,982,1056
192154,985,1047
192155,986,1043
192156,986,1044
192157,987,1044
192158,979,1039
192159,975,1037
192160,970,1035
192161,968,1038
192162,967,1040
192163,969,1040
192164,969,1041
192165,967,1040
192166,965,1040
192167,966,1044
192168,967,1044
192169,967,1047
192170,967,1043
192171,962,1040
192172,961,1039
192173,962,1043
192174,963,1043
192175,966,1045
192176,969,1043
192177,968,1043
192178,966,1039
192179,963,1040
192180,964,1045
192181,963,1047
192182,962,1048
192183,964,1045
192184,963,1043
192185,962,1044
192186,964,1047
192187,966,1050
192188,970,1050
192189,965,1050
192190,961,1050
192191,961,1051
192192,961,1053
192193,961,1055
192194,960,1051
192195,957,1045
192196,958,1041
192197,957,1040
192198,960,1042
192199,964,1043
192200,967,1037
192201,964,1035
192202,963,1035
192203,963,1034
192204,965,1039
192205,970,1041
192206,971,1043
192207,969,1045
192208,966,1049
192209,965,1051
192210,966,1049
192211,972,1042
192212,975,1035
192213,977,1025
192214,977,1014
192215,979,1009
192216,985,1006
192217,989,1007
192218,988,1005
192219,986,1000
192220,982,999
192221,983,999
192222,985,1006
192223,989,1007
192224,994,1007
192225,996,1003
192226,996,1001
192227,996,1003
192228,996,1005
192229,1003,1008
192230,1002,1005
192231,1002,1004
192232,998,1002
192233,1000,1005
192234,999,1010
192235,1009,1009
192236,1008,1009
192237,1010,1009
192238,1008,1013
192239,1006,1013
192240,1007,1018
192241,1012,1020
192242,1014,1022
192243,1010,1020
192244,1009,1023
192245,1006,1026
192246,1007,1030
192247,1009,1033
192248,1004,1030
192249,1000,1029
192250,994,1032
192251,994,1039
192252,996,1040
192253,996,1045
192254,992,1042
192255,989,1043
192256,987,1041
192257,984,1043
192258,986,1050
192259,985,1051
192260,986,1050
192261,986,1048
192262,982,1047
192263,981,1049
192264,984,1053
192265,987,1055
192266,985,1054
192267,984,1053
192268,980,1054
192269,979,1055
192270,981,1061
192271,989,1065
192272,985,1068
192273,982,1062
192274,981,1056
192275,984,1053
192276,991,1055
192277,992,1060
192278,991,1057
192279,990,1047
192280,992,1040
192281,998,1043
192282,1005,1046
192283,1012,1051
192284,1016,1053
192285,1020,1052
192286,1023,1054
192287,1033,1052
192288,1046,1051
192289,1062,1042
192290,1076,1025
192291,1088,1006
192292,1098,994
192293,1112,980
192294,1133,971
192295,1155,956
192296,1174,937
192297,1190,916
192298,1209,892
192299,1232,873
192300,1251,859
192301,1269,846
192302,1280,836
192303,1276,832
192304,1274,835
192305,1265,836
192306,1266,842
192307,1263,843
192308,1253,843
192309,1235,840
192310,1212,845
192311,1192,849
192312,1172,864
192313,1149,873
192314,1120,884
192315,1093,895
192316,1076,909
192317,1064,924
192318,1058,944
192319,1060,961
192320,1061,971
192321,1061,976
192322,1056,987
192323,1062,1001
192324,1072,1014
192325,1094,1021
192326,1116,1021
192327,1122,1017
192328,1107,1018
192329,1070,1023
192330,1028,1031
192331,989,1041
192332,957,1049
192333,941,1058
192334,933,1071
192335,927,1082
192336,930,1095
192337,926,1096
192338,921,1095
192339,917,1092
192340,911,1097
192341,905,1097
192342,902,1100
192343,903,1104
192344,902,1102
192345,900,1102
192346,899,1103
192347,896,1107
192348,894,1114
192349,895,1116
192350,895,1116
192351,892,1115
192352,886,1116
192353,883,1120
192354,883,1127
192355,885,1131
192356,879,1129
192357,876,1129
192358,874,1129
192359,877,1132
192360,879,1134
192361,879,1139
192362,877,1142
192363,873,1142
192364,868,1140
192365,868,1144
192366,872,1151
192367,873,1158
192368,872,1161
192369,871,1160
192370,867,1163
192371,863,1168
192372,866,1172
192373,874,1173
192374,875,1166
192375,876,1161
192376,867,1162
192377,863,1165
192378,866,1170
192379,873,1171
192380,875,1168
192381,873,1167
192382,866,1169
192383,868,1171
192384,876,1176
192385,884,1177
192386,886,1172
192387,887,1168
192388,885,1165
192389,890,1163
192390,896,1164
192391,901,1163
192392,904,1156
192393,905,1150
192394,909,1143
192395,914,1142
192396,922,1142
192397,930,1143
192398,934,1134
192399,935,1126
192400,936,1120
192401,937,1118
192402,942,1114
192403,946,1111
192404,946,1102
192405,947,1098
192406,949,1092
192407,952,1091
192408,956,1089
192409,957,1093
192410,956,1088
192411,952,1085
192412,950,1085
192413,952,1088
192414,950,1088
192415,953,1090
192416,960,1089
192417,961,1086
192418,964,1082
192419,964,1072
192420,964,1064
192421,968,1057
192422,970,1052
192423,968,1051
192424,968,1050
192425,966,1048
192426,964,1049
192427,967,1050
192428,967,1050
192429,963,1050
192430,960,1050
192431,962,1049
192432,967,1056
192433,969,1059
192434,969,1055
192435,965,1053
192436,963,1051
192437,964,1055
192438,967,1058
192439,972,1059
192440,972,1056
192441,966,1055
192442,962,1055
192443,967,1056
192444,971,1057
192445,974,1057
192446,970,1056
192447,966,1052
192448,962,1052
192449,963,1055
192450,969,1058
192451,972,1056
192452,967,1053
192453,964,1051
192454,964,1052
192455,961,1052
192456,963,1055
192457,966,1057
192458,962,1054
192459,965,1052
192460,963,1049
192461,963,1053
192462,962,1058
192463,965,1059
192464,973,1058
192465,974,1051
192466,969,1052
192467,964,1058
192468,967,1059
192469,973,1061
192470,970,1056
192471,967,1051
192472,965,1050
192473,968,1050
192474,969,1053
192475,970,1055
192476,972,1054
192477,976,1050
192478,973,1048
192479,968,1045
192480,968,1047
192481,970,1049
192482,977,1050
192483,979,1046
192484,972,1043
192485,966,1043
192486,969,1044
192487,971,1046
192488,974,1043
192489,972,1041
192490,970,1038
192491,967,1044
192492,965,1044
192493,968,1048
192494,966,1047
192495,962,1045
192496,959,1044
192497,958,1048
192498,959,1051
192499,963,1051
192500,960,1049
192501,956,1048
192502,955,1045
192503,956,1048
192504,960,1052
192505,963,1050
192506,963,1047
192507,962,1048
192508,958,1048
192509,960,1051
192510,961,1055
192511,964,1052
192512,965,1051
192513,965,1049
192514,964,1051
192515,965,1053
192516,968,1057
192517,970,1058
192518,969,1058
192519,969,1057
192520,965,1057
192521,968,1058
192522,973,1062
192523,977,1061
192524,973,1059
192525,969,1053
192526,966,1050
192527,965,1044
192528,968,1045
192529,972,1043
192530,974,1042
192531,975,1040
192532,974,1039
192533,973,1047
192534,974,1048
192535,972,1048
192536,971,1050
192537,966,1045
192538,967,1050
192539,970,1047
192540,974,1049
192541,977,1052
192542,977,1049
192543,974,1047
192544,971,1048
192545,966,1051
192546,969,1055
192547,972,1053
192548,971,1053
192549,968,1047
192550,965,1047
192551,967,1047
192552,969,1051
192553,972,1051
192554,970,1051
192555,965,1047
192556,961,1048
192557,964,1050
192558,967,1049
192559,972,1048
192560,970,1045
192561,968,1043
192562,967,1040
192563,969,1043
192564,971,1045
192565,973,1048
192566,972,1047
192567,968,1046
192568,966,1047
192569,969,1047
192570,972,1049
192571,975,1050
192572,970,1048
192573,971,1046
192574,969,1047
192575,974,1045
192576,976,1047
192577,976,1045
192578,977,1043
192579,975,1041
192580,975,1041
192581,973,1044
192582,978,1048
192583,984,1053
192584,985,1048
192585,986,1044
192586,986,1037
192587,994,1038
192588,1008,1041
192589,1024,1043
192590,1037,1041
192591,1059,1032
192592,1090,1021
192593,1131,1011
192594,1176,1003
192595,1223,1002
192596,1260,1014
192597,1288,1033
192598,1305,1055
192599,1296,1075
192600,1259,1079
192601,1193,1073
192602,1118,1075
192603,1045,1084
192604,978,1094
192605,939,1101
192606,934,1100
192607,949,1090
192608,962,1075
192609,972,1060
192610,971,1052
192611,971,1054
192612,969,1053
192613,968,1055
192614,967,1049
192615,960,1046
192616,958,1046
192617,961,1046
192618,961,1049
192619,960,1051
192620,960,1049
192621,959,1046
192622,959,1042
192623,957,1047
192624,958,1048
192625,961,1050
192626,964,1050
192627,965,1047
192628,960,1046
192629,958,1044
192630,958,1048
192631,963,1048
192632,963,1049
192633,960,1046
192634,957,1048
192635,960,1051
192636,965,1053
192637,969,1055
192638,963,1053
192639,957,1051
192640,950,1049
192641,951,1048
192642,954,1044
192643,961,1043
192644,960,1039
192645,955,1036
192646,951,1034
192647,954,1034
192648,956,1032
192649,960,1033
192650,963,1028
192651,962,1025
192652,961,1026
192653,961,1028
192654,962,1030
192655,965,1031
192656,962,1028
192657,962,1025
192658,960,1025
192659,961,1022
192660,963,1023
192661,965,1026
192662,964,1022
192663,967,1020
192664,968,1018
192665,972,1020
192666,979,1021
192667,980,1017
192668,979,1016
192669,981,1015
192670,974,1015
192671,972,1016
192672,979,1017
192673,984,1018
192674,982,1012
192675,980,1008
192676,982,1007
192677,982,1005
192678,983,1009
192679,987,1015
192680,987,1014
192681,988,1014
192682,982,1013
192683,984,1013
192684,985,1015
192685,992,1013
192686,996,1008
192687,1000,1005
192688,997,1007
192689,997,1010
192690,999,1014
192691,1002,1018
192692,1001,1013
192693,1002,1009
192694,996,1010
192695,993,1012
192696,996,1018
192697,999,1021
192698,1002,1016
192699,1000,1015
192700,997,1018
192701,994,1022
192702,995,1026
192703,997,1031
192704,993,1031
192705,987,1032
192706,982,1033
192707,983,1038
192708,985,1043
192709,983,1044
192710,977,1043
192711,976,1039
192712,977,1040
192713,976,1046
192714,978,1050
192715,980,1053
192716,976,1054
192717,976,1053
192718,978,1055
192719,981,1056
192720,984,1057
192721,986,1061
192722,983,1060
192723,979,1056
192724,978,1053
192725,981,1057
192726,983,1058
192727,984,1056
192728,983,1054
192729,984,1053
192730,980,1054
192731,981,1057
192732,981,1058
192733,982,1057
192734,981,1060
192735,979,1057
192736,975,1057
192737,974,1056
192738,982,1059
192739,987,1062
192740,988,1062
192741,983,1059
192742,973,1055
192743,975,1054
192744,982,1054
192745,988,1050
192746,987,1042
192747,984,1037
192748,982,1037
192749,983,1038
192750,985,1041
192751,986,1043
192752,987,1038
192753,989,1035
192754,984,1031
192755,977,1037
192756,981,1039
192757,985,1043
192758,986,1040
192759,983,1037
192760,981,1036
192761,979,1037
192762,980,1046
192763,987,1045
192764,985,1047
192765,979,1043
192766,975,1043
192767,976,1046
192768,982,1048
192769,988,1051
192770,988,1050
192771,980,1048
192772,979,1049
192773,983,1051
192774,985,1052
192775,988,1052
192776,982,1050
192777,982,1049
192778,977,1051
192779,977,1054
192780,982,1053
192781,984,1056
192782,983,1055
192783,980,1056
192784,972,1055
192785,971,1052
192786,976,1051
192787,982,1051
192788,978,1051
192789,974,1047
192790,971,1045
192791,971,1045
192792,973,1046
192793,974,1048
192794,974,1050
192795,971,1046
192796,968,1047
192797,970,1043
192798,973,1048
192799,980,1048
192800,975,1046
192801,973,1039
192802,967,1039
192803,968,1040
192804,972,1045
192805,976,1047
192806,977,1048
192807,975,1044
192808,976,1043
192809,976,1048
192810,979,1046
192811,977,1050
192812,977,1048
192813,975,1048
192814,969,1048
192815,969,1051
192816,970,1054
192817,977,1053
192818,980,1055
192819,978,1054
192820,978,1055
192821,977,1057
192822,979,1058
192823,981,1060
192824,981,1059
192825,985,1056
192826,982,1054
192827,982,1056
192828,984,1059
192829,992,1059
192830,992,1055
192831,987,1050
192832,986,1042
192833,991,1043
192834,997,1045
192835,1009,1045
192836,1020,1047
192837,1036,1044
192838,1062,1040
192839,1095,1031
192840,1133,1021
192841,1177,1014
192842,1222,1012
192843,1272,1021
192844,1307,1043
192845,1327,1066
192846,1320,1081
192847,1284,1080
192848,1220,1075
192849,1150,1078
192850,1082,1088
192851,1010,1103
192852,960,1111
192853,938,1111
192854,944,1100
192855,961,1084
192856,972,1072
192857,979,1062
192858,980,1063
192859,981,1060
192860,977,1056
192861,972,1055
192862,968,1056
192863,969,1058
192864,974,1059
192865,975,1057
192866,974,1054
192867,974,1051
192868,972,1049
192869,969,1048
192870,970,1051
192871,973,1053
192872,970,1050
192873,968,1048
192874,966,1047
192875,967,1052
192876,972,1054
192877,971,1054
192878,973,1053
192879,971,1052
192880,964,1052
192881,965,1055
192882,968,1057
192883,966,1056
192884,961,1051
192885,954,1050
192886,954,1051
192887,954,1057
192888,964,1059
192889,967,1060
192890,968,1054
192891,969,1047
192892,968,1044
192893,966,1045
192894,971,1044
192895,972,1047
192896,970,1047
192897,966,1046
192898,966,1047
192899,965,1046
192900,967,1047
192901,972,1046
192902,974,1042
192903,973,1034
192904,972,1033
192905,971,1037
192906,976,1038
192907,979,1038
192908,979,1036
192909,978,1032
192910,977,1031
192911,979,1033
192912,984,1033
192913,990,1034
192914,989,1032
192915,983,1027
192916,985,1024
192917,987,1022
192918,990,1021
192919,990,1020
192920,987,1017
192921,990,1014
192922,990,1010
192923,997,1010
192924,1000,1010
192925,1004,1009
192926,1003,1008
192927,1001,1005
192928,1003,1003
192929,1006,1006
192930,1007,1009
192931,1005,1012
192932,1002,1012
192933,1001,1006
192934,1002,1005
192935,1004,1004
192936,1008,1003
192937,1013,1005
192938,1012,1004
192939,1008,1001
192940,1004,1003
192941,1001,1006
192942,1006,1012
192943,1008,1014
192944,1005,1014
192945,1004,1013
192946,1005,1021
192947,1006,1024
192948,1008,1028
192949,1008,1028
192950,1010,1028
192951,1010,1027
192952,1006,1026
192953,1005,1030
192954,1005,1034
192955,1006,1036
192956,1004,1039
192957,1000,1040
192958,996,1044
192959,994,1049
192960,999,1055
192961,1001,1052
192962,997,1052
192963,994,1049
192964,994,1051
192965,995,1054
192966,997,1057
192967,997,1059
192968,994,1058
192969,990,1056
192970,989,1059
192971,987,1061
192972,988,1064
192973,988,1063
192974,985,1061
192975,984,1058
192976,982,1057
192977,984,1062
192978,985,1063
192979,989,1063
192980,986,1060
192981,988,1059
192982,984,1056
192983,982,1057
192984,985,1060
192985,991,1059
192986,992,1058
192987,991,1060
192988,989,1061
192989,988,1061
192990,993,1061
192991,1000,1058
192992,1000,1054
192993,998,1050
192994,992,1053
192995,989,1054
192996,993,1056
192997,997,1056
192998,995,1055
192999,993,1051
193000,990,1051
193001,990,1051
193002,993,1051
193003,998,1052
193004,998,1048
193005,994,1046
193006,990,1046
193007,993,1048
193008,997,1048
193009,1002,1049
193010,1000,1046
193011,992,1049
193012,989,1045
193013,991,1045
193014,997,1046
193015,1000,1044
193016,999,1047
193017,994,1046
193018,992,1045
193019,994,1051
193020,992,1051
193021,996,1052
193022,995,1049
193023,992,1048
193024,988,1049
193025,991,1050
193026,996,1055
193027,1001,1056
193028,995,1052
193029,988,1050
193030,986,1048
193031,987,1050
193032,992,1052
193033,995,1050
193034,997,1050
193035,995,1049
193036,995,1051
193037,998,1053
193038,1002,1055
193039,1000,1059
193040,993,1056
193041,980,1054
193042,977,1054
193043,984,1056
193044,996,1057
193045,1001,1056
193046,999,1052
193047,993,1051
193048,989,1054
193049,990,1058
193050,991,1056
193051,995,1057
193052,991,1051
193053,992,1050
193054,991,1050
193055,994,1053
193056,998,1058
193057,999,1057
193058,996,1049
193059,993,1047
193060,993,1046
193061,996,1048
193062,997,1048
193063,996,1050
193064,997,1045
193065,996,1040
193066,994,1041
193067,992,1042
193068,995,1047
193069,996,1048
193070,995,1051
193071,993,1047
193072,988,1047
193073,987,1051
193074,988,1051
193075,992,1051
193076,993,1049
193077,992,1050
193078,989,1050
193079,988,1051
193080,990,1055
193081,994,1054
193082,995,1051
193083,992,1051
193084,989,1051
193085,991,1054
193086,994,1056
193087,997,1057
193088,996,1054
193089,995,1053
193090,993,1052
193091,994,1052
193092,996,1054
193093,995,1053
193094,997,1051
193095,997,1047
193096,995,1047
193097,992,1048
193098,994,1050
193099,998,1051
193100,995,1050
193101,996,1049
193102,995,1050
193103,994,1051
193104,998,1053
193105,1005,1049
193106,1004,1047
193107,998,1044
193108,994,1043
193109,994,1047
193110,998,1053
193111,1003,1051
193112,1004,1050
193113,1000,1048
193114,999,1049
193115,997,1050
193116,1001,1055
193117,1002,1058
193118,999,1055
193119,994,1049
193120,994,1047
193121,998,1049
193122,1000,1054
193123,1003,1057
193124,1005,1055
193125,1004,1052
193126,1001,1052
193127,1000,1055
193128,1001,1060
193129,1003,1061
193130,1002,1060
193131,1002,1056
193132,1003,1055
193133,1003,1055
193134,1005,1059
193135,1007,1060
193136,1005,1059
193137,1003,1054
193138,1001,1054
193139,1001,1054
193140,1002,1056
193141,1008,1054
193142,1004,1053
193143,1003,1054
193144,999,1056
193145,1001,1061
193146,1005,1065
193147,1008,1061
193148,1008,1056
193149,1009,1048
193150,1007,1049
193151,1010,1048
193152,1011,1053
193153,1013,1050
193154,1013,1042
193155,1012,1036
193156,1008,1035
193157,1009,1037
193158,1011,1041
193159,1014,1045
193160,1014,1043
193161,1013,1041
193162,1009,1043
193163,1012,1042
193164,1021,1042
193165,1032,1038
193166,1044,1034
193167,1052,1031
193168,1065,1031
193169,1084,1034
193170,1113,1035
193171,1153,1031
193172,1192,1021
193173,1230,1015
193174,1273,1014
193175,1319,1020
193176,1362,1035
193177,1384,1054
193178,1371,1067
193179,1334,1069
193180,1272,1070
193181,1210,1074
193182,1161,1079
193183,1112,1081
193184,1058,1079
193185,1011,1074
193186,988,1075
193187,990,1068
193188,1005,1064
193189,1017,1056
193190,1017,1048
193191,1010,1043
193192,1002,1043
193193,1000,1044
193194,1003,1049
193195,1002,1049
193196,1001,1048
193197,995,1045
193198,992,1044
193199,992,1045
193200,996,1048
193201,999,1050
193202,995,1049
193203,992,1046
193204,987,1048
193205,990,1048
193206,991,1054
193207,996,1049
193208,995,1048
193209,993,1049
193210,990,1051
193211,989,1051
193212,995,1057
193213,996,1059
193214,995,1060
193215,995,1057
193216,992,1053
193217,993,1055
193218,996,1059
193219,1000,1060
193220,998,1059
193221,995,1058
193222,997,1061
193223,998,1062
193224,1004,1061
193225,1005,1059
193226,1006,1055
193227,1006,1055
193228,1002,1054
193229,1003,1055
193230,1003,1057
193231,1007,1055
193232,1005,1053
193233,1003,1049
193234,1002,1048
193235,1004,1049
193236,1007,1051
193237,1007,1051
193238,1008,1047
193239,1005,1045
193240,1000,1043
193241,1000,1045
193242,1003,1048
193243,1009,1047
193244,1008,1041
193245,1005,1040
193246,1004,1039
193247,1008,1041
193248,1013,1041
193249,1016,1040
193250,1015,1034
193251,1011,1031
193252,1010,1031
193253,1011,1034
193254,1016,1036
193255,1021,1034
193256,1023,1030
193257,1024,1030
193258,1025,1027
193259,1027,1029
193260,1031,1027
193261,1034,1029
193262,1034,1028
193263,1033,1025
193264,1030,1026
193265,1029,1024
193266,1034,1028
193267,1040,1027
193268,1040,1025
193269,1041,1023
193270,1039,1025
193271,1041,1027
193272,1042,1027
193273,1044,1029
193274,1045,1026
193275,1045,1024
193276,1046,1027
193277,1049,1031
193278,1051,1034
193279,1055,1030
193280,1056,1026
193281,1053,1024
193282,1051,1024
193283,1048,1028
193284,1050,1033
193285,1052,1033
193286,1055,1035
193287,1051,1035
193288,1051,1034
193289,1048,1034
193290,1048,1033
193291,1055,1033
193292,1052,1031
193293,1045,1031
193294,1038,1032
193295,1036,1036
193296,1034,1039
193297,1036,1043
193298,1034,1042
193299,1031,1044
193300,1027,1044
193301,1028,1049
193302,1025,1050
193303,1026,1052
193304,1023,1050
193305,1019,1050
193306,1018,1051
193307,1019,1055
193308,1020,1055
193309,1022,1055
193310,1020,1055
193311,1016,1052
193312,1015,1052
193313,1014,1053
193314,1019,1055
193315,1021,1057
193316,1017,1055
193317,1016,1051
193318,1013,1055
193319,1014,1055
193320,1017,1059
193321,1019,1061
193322,1020,1062
193323,1020,1058
193324,1015,1058
193325,1015,1059
193326,1020,1063
193327,1022,1064
193328,1022,1063
193329,1017,1059
193330,1015,1059
193331,1016,1063
193332,1018,1066
193333,1023,1066
193334,1022,1063
193335,1020,1063
193336,1018,1061
193337,1021,1060
193338,1019,1062
193339,1023,1057
193340,1026,1055
193341,1026,1054
193342,1023,1056
193343,1023,1058
193344,1025,1061
193345,1027,1063
193346,1025,1061
193347,1022,1058
193348,1016,1054
193349,1018,1056
193350,1021,1057
193351,1025,1059
193352,1021,1053
193353,1017,1051
193354,1016,1049
193355,1018,1051
193356,1023,1052
193357,1027,1052
193358,1023,1050
193359,1019,1045
193360,1015,1047
193361,1017,1048
193362,1019,1051
193363,1018,1052
193364,1019,1049
193365,1018,1051
193366,1017,1054
193367,1017,1059
193368,1019,1059
193369,1022,1057
193370,1018,1056
193371,1017,1052
193372,1016,1050
193373,1018,1054
193374,1022,1056
193375,1024,1059
193376,1023,1055
193377,1018,1055
193378,1015,1051
193379,1013,1051
193380,1017,1053
193381,1017,1050
193382,1016,1047
193383,1014,1044
193384,1011,1047
193385,1013,1048
193386,1015,1052
193387,1016,1051
193388,1015,1047
193389,1010,1044
193390,1009,1045
193391,1014,1047
193392,1017,1050
193393,1019,1048
193394,1015,1045
193395,1013,1041
193396,1011,1042
193397,1011,1048
193398,1016,1052
193399,1017,1050
193400,1016,1050
193401,1013,1045
193402,1009,1048
193403,1008,1050
193404,1012,1053
193405,1016,1053
193406,1014,1050
193407,1013,1049
193408,1009,1051
193409,1007,1056
193410,1011,1057
193411,1011,1059
193412,1012,1056
193413,1008,1049
193414,1006,1051
193415,1007,1055
193416,1010,1056
193417,1019,1051
193418,1027,1051
193419,1037,1048
193420,1048,1052
193421,1063,1056
193422,1087,1051
193423,1117,1047
193424,1150,1040
193425,1188,1027
193426,1228,1026
193427,1271,1023
193428,1316,1027
193429,1354,1034
193430,1382,1046
193431,1390,1058
193432,1369,1066
193433,1325,1067
193434,1267,1066
193435,1204,1069
193436,1134,1074
193437,1063,1080
193438,1004,1079
193439,977,1078
193440,976,1075
193441,989,1066
193442,1001,1056
193443,1004,1045
193444,1004,1040
193445,1002,1039
193446,1001,1044
193447,1001,1045
193448,998,1041
193449,995,1043
193450,988,1041
193451,990,1045
193452,986,1046
193453,986,1045
193454,986,1041
193455,983,1042
193456,981,1045
193457,981,1048
193458,981,1052
193459,988,1052
193460,986,1055
193461,983,1053
193462,980,1052
193463,980,1054
193464,982,1056
193465,989,1058
193466,985,1051
193467,982,1052
193468,978,1051
193469,980,1055
193470,982,1058
193471,984,1058
193472,985,1054
193473,982,1048
193474,983,1049
193475,985,1052
193476,985,1056
193477,989,1056
193478,988,1055
193479,987,1049
193480,984,1048
193481,984,1053
193482,986,1055
193483,989,1052
193484,985,1051
193485,983,1047
193486,981,1045
193487,982,1051
193488,985,1051
193489,990,1049
193490,992,1046
193491,986,1042
193492,983,1039
193493,987,1043
193494,990,1044
193495,994,1044
193496,992,1042
193497,992,1038
193498,994,1036
193499,997,1036
193500,1000,1037
193501,1004,1038
193502,1001,1033
193503,998,1030
193504,998,1029
193505,999,1029
193506,1006,1031
193507,1009,1028
193508,1013,1025
193509,1009,1021
193510,1013,1022
193511,1013,1021
193512,1017,1022
193513,1018,1023
193514,1018,1024
193515,1015,1019
193516,1013,1017
193517,1018,1018
193518,1022,1020
193519,1026,1018
193520,1023,1018
193521,1022,1015
193522,1018,1015
193523,1023,1013
193524,1028,1015
193525,1033,1018
193526,1032,1016
193527,1031,1014
193528,1030,1015
193529,1031,1019
193530,1034,1020
193531,1033,1020
193532,1030,1018
193533,1025,1018
193534,1023,1024
193535,1023,1028
193536,1024,1031
193537,1025,1035
193538,1020,1034
193539,1019,1033
193540,1018,1035
193541,1016,1039
193542,1017,1043
193543,1017,1046
193544,1011,1044
193545,1004,1042
193546,1000,1045
193547,1001,1047
193548,1006,1051
193549,1009,1052
193550,1006,1052
193551,1003,1048
193552,1000,1050
193553,996,1051
193554,996,1053
193555,997,1054
193556,995,1052
193557,992,1052
193558,991,1054
193559,990,1057
193560,992,1062
193561,994,1060
193562,992,1059
193563,991,1055
193564,991,1055
193565,993,1058
193566,993,1062
193567,996,1061
193568,994,1059
193569,993,1058
193570,991,1059
193571,992,1062
193572,997,1065
193573,1002,1063
193574,1000,1065
193575,999,1060
193576,992,1059
193577,994,1063
193578,999,1066
193579,1006,1063
193580,1004,1061
193581,999,1057
193582,999,1059
193583,999,1059
193584,1000,1063
193585,1004,1062
193586,1004,1059
193587,999,1056
193588,997,1057
193589,1001,1059
193590,1006,1063
193591,1011,1062
193592,1009,1057
193593,1005,1052
193594,1002,1050
193595,1006,1050
193596,1006,1054
193597,1008,1054
193598,1007,1053
193599,1000,1049
193600,996,1050
193601,1000,1053
193602,1005,1057
193603,1005,1054
193604,1002,1053
193605,997,1050
193606,994,1049
193607,997,1053
193608,998,1055
193609,1002,1054
193610,1001,1052
193611,997,1050
193612,995,1053
193613,994,1056
193614,994,1059
193615,997,1060
193616,998,1058
193617,996,1055
193618,993,1055
193619,993,1058
193620,997,1061
193621,999,1059
193622,997,1062
193623,992,1058
193624,989,1057
193625,995,1057
193626,999,1057
193627,1002,1057
193628,999,1055
193629,995,1056
193630,994,1056
193631,995,1057
193632,999,1060
193633,1000,1058
193634,1004,1055
193635,999,1055
193636,995,1058
193637,994,1061
193638,997,1063
193639,1003,1062
193640,1004,1059
193641,1000,1055
193642,997,1055
193643,998,1058
193644,1002,1060
193645,1004,1062
193646,1003,1061
193647,998,1057
193648,994,1056
193649,993,1060
193650,996,1065
193651,1000,1060
193652,1002,1059
193653,999,1056
193654,995,1058
193655,997,1058
193656,1000,1059
193657,1003,1057
193658,1003,1053
193659,997,1052
193660,990,1053
193661,989,1058
193662,992,1060
193663,996,1056
193664,998,1055
193665,993,1055
193666,991,1056
193667,994,1060
193668,997,1060
193669,1001,1058
193670,997,1059
193671,996,1056
193672,995,1058
193673,996,1058
193674,1000,1059
193675,1003,1057
193676,1003,1049
193677,998,1049
193678,997,1049
193679,997,1050
193680,1002,1053
193681,1004,1051
193682,1005,1051
193683,1003,1047
193684,999,1048
193685,1000,1049
193686,1004,1050
193687,1008,1050
193688,1017,1046
193689,1027,1043
193690,1042,1042
193691,1059,1044
193692,1082,1042
193693,1112,1037
193694,1142,1030
193695,1179,1020
193696,1219,1016
193697,1264,1022
193698,1306,1035
193699,1341,1052
193700,1348,1065
193701,1328,1071
193702,1284,1070
193703,1223,1070
193704,1166,1079
193705,1112,1086
193706,1053,1091
193707,1002,1089
193708,975,1088
193709,973,1086
193710,984,1083
193711,997,1070
193712,1001,1057
193713,997,1053
193714,992,1051
193715,993,1052
193716,995,1057
193717,994,1057
193718,987,1056
193719,982,1056
193720,977,1056
193721,974,1059
193722,977,1064
193723,979,1062
193724,979,1061
193725,976,1059
193726,973,1056
193727,975,1057
193728,979,1059
193729,984,1056
193730,977,1053
193731,971,1053
193732,970,1056
193733,972,1059
193734,977,1061
193735,981,1062
193736,978,1059
193737,978,1056
193738,977,1057
193739,981,1060
193740,981,1060
193741,982,1061
193742,984,1060
193743,979,1056
193744,973,1055
193745,971,1058
193746,975,1061
193747,976,1060
193748,979,1059
193749,977,1055
193750,974,1056
193751,973,1058
193752,974,1067
193753,978,1067
193754,977,1063
193755,979,1056
193756,976,1052
193757,974,1051
193758,975,1052
193759,980,1049
193760,978,1049
193761,974,1047
193762,972,1047
193763,973,1048
193764,977,1047
193765,984,1044
193766,989,1043
193767,982,1040
193768,983,1040
193769,984,1041
193770,985,1041
193771,990,1038
193772,986,1036
193773,988,1037
193774,989,1037
193775,990,1035
193776,992,1038
193777,995,1037
193778,996,1032
193779,996,1027
193780,995,1028
193781,998,1030
193782,1000,1031
193783,1002,1030
193784,1001,1027
193785,1002,1023
193786,1002,1023
193787,1003,1023
193788,1007,1023
193789,1016,1023
193790,1014,1020
193791,1011,1016
193792,1009,1019
193793,1009,1020
193794,1014,1021
193795,1017,1023
193796,1019,1026
193797,1014,1021
193798,1013,1021
193799,1016,1023
193800,1023,1027
193801,1023,1024
193802,1022,1026
193803,1016,1023
193804,1015,1025
193805,1018,1030
193806,1018,1033
193807,1018,1034
193808,1016,1034
193809,1013,1033
193810,1012,1034
193811,1009,1039
193812,1012,1044
193813,1009,1043
193814,1008,1042
193815,1003,1039
193816,997,1044
193817,999,1046
193818,1001,1048
193819,1005,1045
193820,1001,1046
193821,997,1045
193822,993,1046
193823,992,1050
193824,995,1055
193825,998,1056
193826,997,1056
193827,991,1054
193828,987,1053
193829,984,1055
193830,989,1059
193831,994,1060
193832,996,1059
193833,992,1056
193834,990,1058
193835,989,1060
193836,988,1064
193837,991,1066
193838,994,1063
193839,992,1061
193840,992,1062
193841,993,1063
193842,997,1069
193843,998,1070
193844,996,1074
193845,989,1070
193846,994,1068
193847,998,1066
193848,1002,1066
193849,1002,1064
193850,1000,1067
193851,999,1065
193852,998,1064
193853,997,1067
193854,1000,1071
193855,1002,1069
193856,1000,1064
193857,1003,1061
193858,1003,1060
193859,1008,1060
193860,1013,1066
193861,1015,1066
193862,1017,1069
193863,1017,1066
193864,1015,1071
193865,1023,1074
193866,1030,1078
193867,1035,1077
193868,1046,1071
193869,1059,1057
193870,1069,1043
193871,1084,1028
193872,1101,1016
193873,1121,999
193874,1135,982
193875,1145,960
193876,1158,947
193877,1176,934
193878,1198,913
193879,1215,889
193880,1231,867
193881,1244,853
193882,1255,839
193883,1262,833
193884,1271,831
193885,1274,833
193886,1272,833
193887,1264,834
193888,1261,833
193889,1257,835
193890,1251,840
193891,1240,842
193892,1226,847
193893,1208,852
193894,1185,862
193895,1165,877
193896,1147,891
193897,1136,901
193898,1121,913
193899,1110,926
193900,1100,940
193901,1096,954
193902,1098,967
193903,1094,977
193904,1088,982
193905,1084,991
193906,1085,999
193907,1091,1007
193908,1104,1012
193909,1120,1012
193910,1123,1012
193911,1108,1007
193912,1076,1016
193913,1033,1026
193914,987,1039
193915,959,1050
193916,938,1062
193917,931,1072
193918,926,1083
193919,926,1090
193920,925,1092
193921,922,1093
193922,917,1089
193923,912,1093
193924,909,1097
193925,909,1102
193926,906,1106
193927,906,1111
193928,902,1109
193929,898,1109
193930,895,1112
193931,895,1117
193932,897,1122
193933,898,1125
193934,896,1125
193935,890,1126
193936,887,1128
193937,883,1130
193938,883,1135
193939,886,1135
193940,885,1135
193941,882,1136
193942,880,1140
193943,879,1144
193944,880,1148
193945,881,1153
193946,880,1152
193947,877,1152
193948,875,1155
193949,876,1158
193950,875,1161
193951,875,1163
193952,876,1162
193953,873,1161
193954,864,1161
193955,864,1163
193956,868,1168
193957,867,1171
193958,865,1172
193959,859,1171
193960,855,1173
193961,855,1180
193962,858,1184
193963,862,1186
193964,860,1187
193965,857,1184
193966,857,1184
193967,858,1186
193968,860,1189
193969,862,1188
193970,861,1185
193971,862,1184
193972,866,1183
193973,870,1184
193974,877,1185
193975,883,1182
193976,882,1178
193977,885,1175
193978,885,1171
193979,887,1170
193980,893,1171
193981,902,1168
193982,908,1161
193983,912,1151
193984,913,1147
193985,919,1147
193986,928,1149
193987,935,1139
193988,934,1131
193989,936,1124
193990,937,1123
193991,941,1120
193992,946,1120
193993,950,1115
193994,955,1109
193995,957,1104
193996,958,1096
193997,957,1092
193998,957,1090
193999,962,1089
194000,966,1083
194001,970,1078
194002,969,1078
194003,970,1077
194004,971,1077
194005,977,1076
194006,975,1073
194007,973,1069
194008,969,1069
194009,967,1071
194010,966,1070
194011,972,1067
194012,973,1060
194013,973,1055
194014,973,1052
194015,980,1054
194016,987,1054
194017,985,1053
194018,980,1052
194019,974,1052
194020,972,1055
194021,979,1056
194022,982,1055
194023,984,1054
194024,987,1053
194025,986,1054
194026,986,1056
194027,984,1058
194028,982,1063
194029,981,1061
194030,980,1057
194031,975,1054
194032,976,1059
194033,979,1063
194034,984,1064
194035,987,1060
194036,988,1057
194037,985,1055
194038,980,1054
194039,982,1057
194040,986,1055
194041,989,1054
194042,990,1051
194043,988,1048
194044,989,1046
194045,994,1052
194046,995,1055
194047,995,1053
194048,996,1052
194049,995,1050
194050,993,1052
194051,994,1056
194052,995,1057
194053,1001,1055
194054,998,1053
194055,997,1049
194056,993,1048
194057,994,1048
194058,991,1050
194059,995,1052
194060,994,1047
194061,996,1043
194062,994,1043
194063,993,1047
194064,992,1047
194065,995,1046
194066,991,1046
194067,987,1042
194068,988,1044
194069,991,1045
194070,994,1046
194071,995,1044
194072,992,1042
194073,992,1037
194074,990,1038
194075,989,1045
194076,985,1045
194077,988,1048
194078,993,1045
194079,992,1042
194080,987,1047
194081,985,1050
194082,988,1052
194083,995,1052
194084,989,1050
194085,987,1047
194086,986,1049
194087,990,1053
194088,993,1053
194089,991,1053
194090,990,1053
194091,991,1046
194092,994,1046
194093,998,1052
194094,1003,1051
194095,1002,1050
194096,997,1049
194097,989,1047
194098,984,1048
194099,992,1054
194100,997,1056
194101,999,1054
194102,1001,1052
194103,999,1049
194104,998,1051
194105,995,1055
194106,995,1060
194107,999,1057
194108,997,1054
194109,995,1051
194110,995,1053
194111,1000,1055
194112,1006,1055
194113,1002,1052
194114,997,1055
194115,992,1057
194116,993,1054
194117,995,1058
194118,994,1056
194119,998,1053
194120,1002,1042
194121,1004,1032
194122,1008,1026
194123,1019,1027
194124,1032,1029
194125,1049,1028
194126,1070,1025
194127,1096,1018
194128,1128,1009
194129,1172,1005
194130,1222,1002
194131,1273,1004
194132,1316,1014
194133,1343,1029
194134,1345,1048
194135,1323,1061
194136,1279,1065
194137,1216,1065
194138,1146,1068
194139,1071,1074
194140,1005,1084
194141,961,1095
194142,952,1096
194143,968,1091
194144,986,1076
194145,992,1061
194146,994,1053
194147,992,1049
194148,990,1047
194149,994,1044
194150,993,1042
194151,990,1042
194152,986,1042
194153,986,1045
194154,986,1049
194155,990,1050
194156,986,1049
194157,980,1047
194158,979,1049
194159,979,1052
194160,981,1055
194161,984,1054
194162,986,1052
194163,984,1048
194164,979,1050
194165,981,1052
194166,981,1052
194167,985,1049
194168,984,1047
194169,985,1043
194170,978,1043
194171,975,1044
194172,976,1050
194173,982,1047
194174,983,1044
194175,975,1039
194176,970,1038
194177,970,1038
194178,970,1039
194179,973,1037
194180,974,1038
194181,972,1034
194182,969,1032
194183,972,1035
194184,973,1039
194185,976,1039
194186,973,1037
194187,971,1031
194188,964,1031
194189,965,1035
194190,970,1042
194191,973,1040
194192,972,1038
194193,971,1033
194194,970,1031
194195,971,1030
194196,977,1029
194197,978,1026
194198,975,1027
194199,971,1022
194200,976,1021
194201,984,1025
194202,992,1024
194203,995,1024
194204,996,1021
194205,994,1020
194206,996,1022
194207,996,1023
194208,997,1020
194209,1002,1018
194210,1004,1011
194211,1005,1008
194212,1003,1007
194213,1007,1011
194214,1012,1011
194215,1017,1007
194216,1019,1003
194217,1014,997
194218,1010,997
194219,1006,999
194220,1016,999
194221,1020,999
194222,1018,996
194223,1015,993
194224,1015,990
194225,1018,990
194226,1020,991
194227,1021,990
194228,1019,988
194229,1016,986
194230,1016,989
194231,1020,994
194232,1023,1000
194233,1026,1000
194234,1023,997
194235,1022,996
194236,1021,1001
194237,1023,1007
194238,1022,1009
194239,1022,1011
194240,1020,1015
194241,1016,1015
194242,1015,1018
194243,1017,1022
194244,1018,1029
194245,1020,1031
194246,1016,1031
194247,1010,1031
194248,1004,1035
194249,1004,1038
194250,1006,1047
194251,1007,1047
194252,1003,1044
194253,998,1043
194254,999,1046
194255,1001,1051
194256,1007,1054
194257,1013,1050
194258,1008,1048
194259,1003,1046
194260,997,1050
194261,997,1054
194262,1002,1059
194263,1003,1061
194264,1003,1060
194265,1000,1056
194266,1004,1055
194267,1006,1054
194268,1003,1057
194269,1002,1056
194270,998,1054
194271,996,1052
194272,994,1051
194273,993,1051
194274,994,1052
194275,995,1051
194276,996,1050
194277,992,1047
194278,993,1047
194279,994,1046
194280,997,1050
194281,995,1051
194282,994,1047
194283,991,1044
194284,985,1046
194285,990,1051
194286,996,1053
194287,999,1051
194288,999,1042
194289,991,1041
194290,991,1039
194291,992,1040
194292,996,1044
194293,1000,1045
194294,997,1042
194295,994,1035
194296,993,1038
194297,995,1040
194298,1001,1042
194299,1003,1041
194300,1003,1036
194301,999,1036
194302,994,1037
194303,996,1041
194304,1001,1041
194305,1003,1042
194306,1005,1039
194307,1004,1034
194308,999,1033
194309,997,1040
194310,1001,1042
194311,1003,1042
194312,1003,1042
194313,1002,1038
194314,999,1040
194315,1000,1042
194316,1002,1045
194317,1001,1045
194318,998,1044
194319,994,1043
194320,992,1045
194321,992,1046
194322,996,1048
194323,997,1045
194324,995,1044
194325,993,1042
194326,991,1043
194327,994,1046
194328,993,1049
194329,991,1047
194330,987,1047
194331,984,1043
194332,985,1041
194333,987,1045
194334,990,1046
194335,994,1045
194336,994,1045
194337,990,1044
194338,988,1046
194339,989,1049
194340,987,1051
194341,988,1049
194342,989,1047
194343,991,1046
194344,990,1045
194345,993,1048
194346,997,1049
194347,997,1050
194348,994,1046
194349,991,1044
194350,991,1044
194351,991,1049
194352,993,1048
194353,995,1046
194354,993,1046
194355,991,1041
194356,992,1043
194357,994,1048
194358,996,1050
194359,996,1049
194360,997,1048
194361,998,1043
194362,997,1042
194363,1001,1047
194364,1006,1050
194365,1006,1049
194366,1004,1044
194367,1003,1039
194368,1000,1035
194369,1006,1036
194370,1019,1035
194371,1032,1033
194372,1044,1027
194373,1060,1027
194374,1083,1024
194375,1115,1024
194376,1155,1016
194377,1199,1010
194378,1241,1004
194379,1278,1002
194380,1308,1012
194381,1336,1032
194382,1341,1051
194383,1317,1057
194384,1270,1057
194385,1204,1057
194386,1134,1066
194387,1065,1078
194388,1010,1086
194389,968,1089
194390,951,1087
194391,955,1080
194392,967,1072
194393,979,1065
194394,989,1061
194395,991,1052
194396,992,1045
194397,986,1040
194398,981,1041
194399,980,1044
194400,981,1046
194401,980,1048
194402,979,1049
194403,977,1044
194404,974,1045
194405,975,1046
194406,976,1049
194407,978,1046
194408,976,1047
194409,976,1043
194410,974,1046
194411,975,1047
194412,977,1049
194413,976,1050
194414,977,1048
194415,977,1047
194416,976,1048
194417,976,1050
194418,978,1052
194419,978,1052
194420,976,1049
194421,973,1045
194422,974,1046
194423,977,1049
194424,977,1051
194425,975,1051
194426,976,1049
194427,974,1048
194428,969,1047
194429,967,1049
194430,967,1052
194431,970,1047
194432,969,1047
194433,968,1043
194434,967,1042
194435,970,1043
194436,972,1046
194437,978,1040
194438,974,1037
194439,968,1035
194440,966,1036
194441,965,1038
194442,976,1038
194443,977,1037
194444,978,1033
194445,976,1032
194446,979,1032
194447,981,1031
194448,985,1033
194449,990,1031
194450,988,1031
194451,985,1027
194452,982,1026
194453,984,1026
194454,990,1026
194455,995,1021
194456,996,1019
194457,995,1013
194458,997,1015
194459,997,1017
194460,1000,1018
194461,1002,1015
194462,1004,1011
194463,1003,1008
194464,1003,1009
194465,1004,1011
194466,1009,1012
194467,1010,1010
194468,1009,1008
194469,1004,1005
194470,1005,1007
194471,1005,1009
194472,1011,1013
194473,1013,1013
194474,1013,1009
194475,1011,1007
194476,1007,1006
194477,1012,1012
194478,1011,1012
194479,1013,1014
194480,1010,1011
194481,1010,1014
194482,1009,1017
194483,1011,1022
194484,1012,1026
194485,1012,1026
194486,1011,1027
194487,1008,1026
194488,1008,1027
194489,1006,1032
194490,1011,1034
194491,1010,1037
194492,1003,1037
194493,1000,1034
194494,997,1035
194495,998,1040
194496,1001,1044
194497,1000,1044
194498,1001,1045
194499,996,1045
194500,992,1046
194501,993,1049
194502,995,1054
194503,997,1051
194504,994,1048
194505,993,1047
194506,992,1051
194507,994,1052
194508,996,1056
194509,996,1056
194510,997,1053
194511,992,1049
194512,992,1050
194513,996,1053
194514,998,1057
194515,1001,1053
194516,1003,1050
194517,999,1050
194518,999,1051
194519,997,1050
194520,997,1053
194521,999,1055
194522,998,1052
194523,994,1048
194524,995,1048
194525,995,1052
194526,997,1055
194527,1000,1053
194528,999,1051
194529,994,1051
194530,992,1050
194531,993,1054
194532,997,1056
194533,999,1051
194534,996,1048
194535,994,1047
194536,993,1048
194537,996,1052
194538,998,1053
194539,1000,1051
194540,997,1050
194541,996,1047
194542,996,1048
194543,999,1047
194544,1004,1052
194545,1005,1049
194546,1006,1045
194547,1007,1045
194548,1006,1044
194549,1005,1047
194550,1005,1050
194551,1003,1049
194552,1002,1046
194553,1002,1044
194554,1004,1047
194555,1006,1048
194556,1011,1051
194557,1011,1047
194558,1004,1047
194559,1002,1044
194560,999,1045
194561,1003,1051
194562,1006,1050
194563,1008,1051
194564,1012,1049
194565,1010,1044
194566,1008,1046
194567,1008,1051
194568,1013,1053
194569,1014,1051
194570,1010,1047
194571,1005,1043
194572,1002,1043
194573,1001,1046
194574,1005,1050
194575,1008,1053
194576,1007,1048
194577,1005,1046
194578,1002,1047
194579,1004,1047
194580,1006,1046
194581,1004,1044
194582,998,1042
194583,997,1042
194584,992,1047
194585,998,1049
194586,999,1051
194587,1001,1050
194588,999,1046
194589,998,1045
194590,997,1044
194591,997,1048
194592,1001,1052
194593,1001,1049
194594,998,1047
194595,996,1044
194596,994,1046
194597,999,1047
194598,1001,1047
194599,1004,1049
194600,1003,1048
194601,999,1044
194602,995,1043
194603,997,1045
194604,1001,1047
194605,1004,1048
194606,1004,1046
194607,999,1044
194608,998,1046
194609,997,1047
194610,999,1048
194611,1000,1049
194612,997,1045
194613,995,1044
194614,998,1046
194615,1002,1049
194616,1007,1051
194617,1008,1050
194618,1005,1048
194619,1002,1046
194620,1000,1047
194621,1000,1050
194622,1000,1050
194623,999,1046
194624,1001,1046
194625,1003,1044
194626,998,1047
194627,1002,1048
194628,1005,1052
194629,1005,1050
194630,1004,1049
194631,1001,1048
194632,999,1046
194633,999,1050
194634,1003,1051
194635,1005,1050
194636,1006,1050
194637,1006,1050
194638,1004,1047
194639,1005,1053
194640,1005,1053
194641,1007,1053
194642,1006,1051
194643,1005,1047
194644,1002,1048
194645,1006,1053
194646,1009,1055
194647,1014,1052
194648,1013,1050
194649,1010,1047
194650,1008,1048
194651,1010,1054
194652,1011,1053
194653,1012,1052
194654,1012,1052
194655,1010,1049
194656,1009,1049
194657,1011,1053
194658,1012,1052
194659,1014,1051
194660,1013,1047
194661,1008,1047
194662,1005,1046
194663,1011,1048
194664,1015,1050
194665,1017,1048
194666,1015,1047
194667,1012,1045
194668,1008,1045
194669,1011,1048
194670,1012,1051
194671,1010,1050
194672,1010,1043
194673,1012,1039
194674,1019,1035
194675,1031,1036
194676,1047,1039
194677,1067,1034
194678,1089,1032
194679,1119,1025
194680,1154,1021
194681,1192,1013
194682,1239,1007
194683,1286,1005
194684,1328,1003
194685,1362,1013
194686,1376,1030
194687,1359,1042
194688,1316,1050
194689,1252,1054
194690,1178,1058
194691,1110,1060
194692,1044,1061
194693,1000,1064
194694,981,1062
194695,990,1059
194696,1005,1048
194697,1015,1042
194698,1012,1040
194699,1009,1044
194700,1006,1047
194701,1006,1046
194702,1002,1044
194703,997,1044
194704,993,1045
194705,993,1050
194706,992,1054
194707,991,1050
194708,994,1048
194709,988,1048
194710,986,1050
194711,985,1050
194712,989,1057
194713,992,1052
194714,991,1049
194715,986,1045
194716,987,1050
194717,992,1052
194718,993,1057
194719,991,1055
194720,985,1055
194721,982,1052
194722,982,1054
194723,990,1054
194724,989,1060
194725,989,1057
194726,986,1056
194727,981,1052
194728,980,1056
194729,981,1056
194730,985,1055
194731,983,1054
194732,984,1050
194733,979,1048
194734,978,1048
194735,977,1049
194736,979,1053
194737,981,1049
194738,982,1045
194739,981,1045
194740,978,1043
194741,982,1042
194742,987,1045
194743,990,1045
194744,994,1043
194745,994,1038
194746,993,1041
194747,992,1043
194748,996,1046
194749,998,1042
194750,1000,1038
194751,1000,1036
194752,1004,1038
194753,1007,1037
194754,1009,1038
194755,1011,1035
194756,1008,1031
194757,1010,1032
194758,1009,1031
194759,1015,1034
194760,1017,1032
194761,1020,1031
194762,1019,1024
194763,1019,1023
194764,1018,1022
194765,1022,1023
194766,1026,1024
194767,1025,1021
194768,1025,1014
194769,1025,1013
194770,1027,1013
194771,1026,1013
194772,1030,1017
194773,1028,1013
194774,1027,1013
194775,1028,1009
194776,1025,1010
194777,1025,1009
194778,1028,1012
194779,1029,1012
194780,1030,1012
194781,1030,1012
194782,1030,1013
194783,1026,1015
194784,1026,1020
194785,1023,1020
194786,1023,1020
194787,1021,1023
194788,1020,1026
194789,1021,1028
194790,1024,1032
194791,1027,1035
194792,1024,1033
194793,1019,1034
194794,1018,1040
194795,1018,1046
194796,1020,1049
194797,1019,1052
194798,1013,1053
194799,1010,1049
194800,1009,1049
194801,1011,1054
194802,1014,1058
194803,1012,1057
194804,1007,1052
194805,1002,1053
194806,1002,1053
194807,1003,1056
194808,1006,1059
194809,1005,1058
194810,1000,1056
194811,995,1055
194812,993,1056
194813,992,1059
194814,990,1060
194815,994,1058
194816,992,1055
194817,992,1054
194818,992,1052
194819,993,1055
194820,997,1053
194821,999,1049
194822,999,1049
194823,998,1047
194824,995,1047
194825,998,1049
194826,996,1050
194827,997,1049
194828,997,1047
194829,996,1045
194830,996,1044
194831,993,1049
194832,996,1052
194833,995,1049
194834,996,1046
194835,995,1048
194836,996,1048
194837,998,1051
194838,1003,1054
194839,1005,1052
194840,1006,1052
194841,1003,1051
194842,1001,1050
194843,1002,1051
194844,1002,1053
194845,1005,1050
194846,1010,1051
194847,1013,1050
194848,1011,1051
194849,1007,1052
194850,1008,1054
194851,1008,1054
194852,1009,1051
194853,1005,1048
194854,1000,1047
194855,1001,1048
194856,1006,1051
194857,1007,1048
194858,1005,1047
194859,1002,1042
194860,1002,1042
194861,1000,1043
194862,1000,1047
194863,1002,1047
194864,1003,1046
194865,1002,1041
194866,1001,1043
194867,1002,1046
194868,1001,1049
194869,1002,1048
194870,1001,1046
194871,995,1040
194872,998,1043
194873,997,1048
194874,1001,1049
194875,998,1046
194876,997,1046
194877,993,1042
194878,990,1045
194879,995,1046
194880,998,1049
194881,999,1049
194882,995,1044
194883,991,1043
194884,991,1045
194885,996,1047
194886,1000,1054
194887,1003,1053
194888,1004,1050
194889,1000,1047
194890,999,1045
194891,999,1048
194892,999,1052
194893,1001,1055
194894,998,1053
194895,998,1051
194896,998,1050
194897,999,1054
194898,1004,1058
194899,1002,1055
194900,1000,1054
194901,997,1053
194902,1000,1052
194903,1005,1053
194904,1007,1053
194905,1008,1051
194906,1004,1050
194907,1003,1047
194908,1001,1049
194909,1003,1052
194910,1006,1053
194911,1007,1053
194912,1007,1050
194913,1004,1050
194914,1003,1051
194915,1004,1053
194916,1006,1055
194917,1011,1052
194918,1007,1053
194919,1003,1050
194920,1001,1050
194921,1005,1051
194922,1008,1055
194923,1009,1052
194924,1007,1051
194925,1005,1049
194926,1005,1050
194927,1002,1050
194928,1003,1054
194929,1006,1051
194930,1010,1043
194931,1012,1037
194932,1024,1039
194933,1041,1040
194934,1058,1038
194935,1082,1034
194936,1108,1030
194937,1135,1017
194938,1178,1007
194939,1226,1002
194940,1276,1006
194941,1325,1015
194942,1357,1032
194943,1360,1049
194944,1332,1059
194945,1277,1062
194946,1201,1068
194947,1126,1078
194948,1049,1088
194949,990,1093
194950,958,1096
194951,958,1093
194952,975,1084
194953,993,1068
194954,999,1057
194955,999,1048
194956,993,1049
194957,991,1050
194958,991,1053
194959,992,1052
194960,989,1047
194961,987,1043
194962,985,1043
194963,983,1049
194964,986,1053
194965,987,1050
194966,983,1047
194967,979,1046
194968,978,1046
194969,979,1048
194970,980,1051
194971,983,1050
194972,982,1047
194973,982,1045
194974,980,1048
194975,981,1048
194976,983,1052
194977,984,1052
194978,980,1049
194979,978,1047
194980,978,1051
194981,983,1051
194982,987,1055
194983,986,1055
194984,986,1051
194985,983,1049
194986,978,1050
194987,981,1051
194988,977,1053
194989,979,1053
194990,978,1050
194991,977,1048
194992,976,1046
194993,981,1049
194994,983,1055
194995,985,1054
194996,985,1047
194997,981,1046
194998,981,1045
194999,984,1048
195000,988,1050
195001,987,1046
195002,987,1044
195003,987,1043
195004,987,1040
195005,991,1042
195006,993,1041
195007,996,1039
195008,993,1035
195009,994,1031
195010,996,1032
195011,1002,1030
195012,1006,1031
195013,1004,1032
195014,1003,1027
195015,999,1023
195016,999,1021
195017,1006,1018
195018,1009,1020
195019,1013,1018
195020,1012,1013
195021,1009,1013
195022,1006,1010
195023,1009,1009
195024,1013,1011
195025,1015,1009
195026,1013,1001
195027,1010,1001
195028,1006,1002
195029,1010,1005
195030,1014,1007
195031,1018,1006
195032,1020,1003
195033,1019,1000
195034,1015,1006
195035,1015,1008
195036,1020,1013
195037,1020,1013
195038,1018,1014
195039,1017,1014
195040,1020,1013
195041,1021,1019
195042,1023,1026
195043,1023,1025
195044,1018,1025
195045,1013,1028
195046,1013,1030
195047,1011,1034
195048,1013,1039
195049,1014,1042
195050,1013,1041
195051,1009,1040
195052,1006,1043
195053,1004,1044
195054,1004,1054
195055,1002,1052
195056,998,1050
195057,992,1050
195058,991,1052
195059,995,1057
195060,999,1060
195061,998,1058
195062,996,1058
195063,995,1054
195064,993,1055
195065,992,1056
195066,995,1058
195067,995,1056
195068,994,1053
195069,991,1055
195070,988,1056
195071,992,1059
195072,991,1060
195073,992,1062
195074,990,1057
195075,987,1056
195076,987,1055
195077,987,1058
195078,992,1061
195079,996,1060
195080,997,1054
195081,993,1054
195082,996,1057
195083,997,1060
195084,997,1062
195085,996,1061
195086,994,1058
195087,993,1055
195088,993,1055
195089,997,1058
195090,1000,1060
195091,1000,1060
195092,998,1055
195093,991,1054
195094,991,1055
195095,993,1058
195096,997,1058
195097,999,1058
195098,999,1053
195099,998,1050
195100,999,1052
195101,1002,1053
195102,1005,1055
195103,1004,1053
195104,1005,1049
195105,997,1046
195106,997,1047
195107,999,1048
195108,1001,1047
195109,1000,1047
195110,1002,1043
195111,997,1044
195112,998,1047
195113,1000,1047
195114,1004,1051
195115,1002,1050
195116,998,1047
195117,995,1044
195118,995,1046
195119,999,1049
195120,1004,1051
195121,1002,1050
195122,999,1050
195123,992,1047
195124,994,1049
195125,996,1050
195126,1000,1052
195127,997,1053
195128,998,1050
195129,996,1049
195130,997,1051
195131,1001,1053
195132,1005,1054
195133,1006,1053
195134,1005,1049
195135,998,1048
195136,996,1052
195137,1001,1056
195138,1003,1057
195139,1005,1055
195140,1002,1053
195141,1000,1052
195142,1002,1054
195143,1002,1053
195144,1002,1056
195145,998,1055
195146,997,1051
195147,999,1050
195148,1002,1049
195149,1003,1053
195150,1001,1054
195151,998,1051
195152,997,1051
195153,993,1048
195154,993,1048
195155,994,1049
195156,997,1050
195157,1000,1045
195158,999,1039
195159,1005,1034
195160,1017,1031
195161,1032,1033
195162,1053,1035
195163,1079,1032
195164,1115,1023
195165,1157,1014
195166,1212,1007
195167,1268,1007
195168,1318,1018
195169,1353,1036
195170,1359,1052
195171,1324,1063
195172,1257,1065
195173,1181,1068
195174,1106,1082
195175,1031,1094
195176,972,1099
195177,947,1101
195178,956,1097
195179,977,1087
195180,995,1075
195181,1002,1064
195182,1004,1053
195183,998,1049
195184,992,1045
195185,992,1046
195186,995,1048
195187,993,1045
195188,986,1041
195189,986,1039
195190,984,1042
195191,983,1044
195192,982,1049
195193,980,1047
195194,978,1044
195195,975,1044
195196,973,1043
195197,975,1048
195198,977,1048
195199,978,1048
195200,975,1044
195201,972,1042
195202,970,1042
195203,972,1048
195204,973,1049
195205,973,1048
195206,968,1046
195207,968,1045
195208,969,1047
195209,975,1048
195210,977,1050
195211,976,1048
195212,973,1045
195213,970,1043
195214,972,1046
195215,978,1048
195216,982,1050
195217,984,1048
195218,983,1048
195219,981,1044
195220,977,1042
195221,976,1045
195222,981,1047
195223,983,1044
195224,980,1040
195225,979,1038
195226,980,1039
195227,985,1038
195228,989,1038
195229,990,1035
195230,983,1033
195231,982,1029
195232,982,1026
195233,983,1028
195234,987,1024
195235,990,1022
195236,992,1021
195237,992,1014
195238,991,1014
195239,994,1015
195240,999,1016
195241,999,1012
195242,1001,1010
195243,1000,1004
195244,1001,1006
195245,1006,1008
195246,1007,1006
195247,1009,1008
195248,1005,1001
195249,1001,999
195250,1002,1001
195251,1009,1002
195252,1015,1005
195253,1019,1002
195254,1016,999
195255,1012,998
195256,1010,997
195257,1012,1000
195258,1014,1000
195259,1015,1001
195260,1011,1000
195261,1010,1004
195262,1010,1006
195263,1015,1008
195264,1022,1012
195265,1022,1012
195266,1016,1014
195267,1016,1015
195268,1013,1018
195269,1014,1023
195270,1017,1032
195271,1018,1030
195272,1013,1028
195273,1010,1028
195274,1009,1030
195275,1011,1039
195276,1012,1041
195277,1008,1041
195278,1004,1041
195279,997,1041
195280,995,1043
195281,995,1048
195282,996,1049
195283,997,1051
195284,996,1048
195285,992,1047
195286,990,1050
195287,993,1051
195288,995,1053
195289,996,1050
195290,995,1050
195291,991,1047
195292,989,1050
195293,987,1054
195294,995,1057
195295,994,1057
195296,992,1055
195297,987,1051
195298,986,1054
195299,991,1056
195300,996,1059
195301,996,1057
195302,995,1053
195303,993,1051
195304,993,1053
195305,994,1055
195306,992,1055
195307,993,1055
195308,995,1054
195309,993,1051
195310,991,1052
195311,992,1056
195312,998,1056
195313,999,1054
195314,999,1052
195315,998,1050
195316,997,1050
195317,998,1053
195318,1004,1056
195319,1004,1054
195320,1004,1050
195321,1002,1048
195322,1004,1050
195323,1001,1051
195324,1006,1053
195325,1005,1051
195326,1002,1047
195327,1001,1047
195328,1000,1047
195329,1004,1051
195330,1007,1053
195331,1009,1050
195332,1008,1050
195333,1000,1048
195334,998,1050
195335,1003,1050
195336,1006,1054
195337,1005,1050
195338,1004,1049
195339,1000,1043
195340,1000,1043
195341,1003,1048
195342,1006,1048
195343,1006,1049
195344,1003,1045
195345,997,1043
195346,999,1043
195347,1000,1044
195348,1003,1045
195349,1001,1045
195350,999,1042
195351,998,1041
195352,1000,1042
195353,1004,1046
195354,1002,1048
195355,1005,1047
195356,1002,1041
195357,995,1040
195358,996,1042
195359,996,1048
195360,997,1050
195361,1000,1050
195362,998,1046
195363,995,1043
195364,995,1046
195365,996,1048
195366,999,1050
195367,994,1048
195368,991,1047
195369,988,1046
195370,986,1050
195371,990,1051
195372,997,1053
195373,1002,1054
195374,998,1052
195375,997,1055
195376,996,1056
195377,1002,1055
195378,1008,1055
195379,1005,1053
195380,1002,1050
195381,999,1046
195382,1010,1044
195383,1024,1043
195384,1039,1044
195385,1057,1043
195386,1077,1038
195387,1103,1031
195388,1142,1026
195389,1188,1022
195390,1238,1017
195391,1286,1018
195392,1327,1019
195393,1354,1032
195394,1367,1049
195395,1353,1066
195396,1307,1066
195397,1239,1066
195398,1163,1069
195399,1091,1077
195400,1022,1088
195401,972,1093
195402,954,1098
195403,961,1093
195404,975,1082
195405,984,1070
195406,991,1062
195407,995,1056
195408,996,1055
195409,998,1051
195410,997,1048
195411,992,1044
195412,988,1044
195413,987,1045
195414,988,1047
195415,988,1050
195416,984,1045
195417,981,1045
195418,980,1047
195419,982,1048
195420,985,1049
195421,986,1050
195422,979,1047
195423,976,1047
195424,975,1050
195425,979,1052
195426,979,1053
195427,979,1051
195428,978,1047
195429,973,1045
195430,972,1052
195431,976,1053
195432,981,1058
195433,982,1055
195434,979,1053
195435,974,1050
195436,975,1051
195437,976,1052
195438,978,1051
195439,977,1049
195440,975,1050
195441,977,1049
195442,975,1049
195443,979,1052
195444,980,1055
195445,982,1051
195446,981,1051
195447,978,1047
195448,980,1047
195449,979,1049
195450,983,1050
195451,984,1049
195452,983,1049
195453,981,1043
195454,977,1045
195455,979,1047
195456,979,1052
195457,985,1047
195458,986,1042
195459,987,1041
195460,989,1039
195461,989,1038
195462,992,1036
195463,990,1035
195464,991,1028
195465,990,1023
195466,992,1022
195467,997,1023
195468,998,1023
195469,999,1020
195470,998,1017
195471,997,1015
195472,999,1015
195473,1003,1018
195474,1006,1018
195475,1008,1016
195476,1008,1012
195477,1007,1011
195478,1008,1009
195479,1009,1010
195480,1012,1012
195481,1012,1009
195482,1011,1007
195483,1009,1004
195484,1011,1007
195485,1015,1010
195486,1019,1010
195487,1021,1009
195488,1019,1005
195489,1016,1004
195490,1017,1009
195491,1018,1012
195492,1022,1013
195493,1022,1012
195494,1024,1008
195495,1021,1010
195496,1021,1014
195497,1022,1018
195498,1022,1024
195499,1018,1022
195500,1018,1022
195501,1014,1023
195502,1014,1027
195503,1013,1030
195504,1020,1037
195505,1016,1035
195506,1014,1033
195507,1010,1035
195508,1008,1040
195509,1005,1044
195510,1007,1048
195511,1007,1048
195512,1002,1046
195513,1000,1046
195514,999,1048
195515,999,1051
195516,1000,1051
195517,1000,1050
195518,998,1049
195519,993,1048
195520,995,1051
195521,998,1053
195522,999,1057
195523,999,1053
195524,999,1056
195525,996,1052
195526,993,1056
195527,998,1059
195528,1000,1062
195529,1000,1058
195530,997,1058
195531,992,1056
195532,992,1055
195533,994,1052
195534,996,1054
195535,998,1052
195536,998,1050
195537,997,1052
195538,997,1050
195539,1004,1053
195540,1010,1057
195541,1011,1054
195542,1009,1048
195543,1013,1047
195544,1018,1052
195545,1024,1053
195546,1030,1057
195547,1033,1058
195548,1034,1058
195549,1035,1058
195550,1037,1060
195551,1050,1060
195552,1066,1053
195553,1082,1037
195554,1095,1018
195555,1103,1003
195556,1117,990
195557,1137,981
195558,1156,967
195559,1175,950
195560,1193,932
195561,1206,911
195562,1224,889
195563,1247,873
195564,1267,861
195565,1282,844
195566,1286,832
195567,1281,824
195568,1278,825
195569,1274,825
195570,1274,825
195571,1268,823
195572,1255,818
195573,1234,818
195574,1218,820
195575,1200,829
195576,1182,841
195577,1160,850
195578,1136,859
195579,1111,866
195580,1093,880
195581,1081,895
195582,1075,911
195583,1071,924
195584,1070,935
195585,1070,946
195586,1062,960
195587,1068,972
195588,1076,982
195589,1091,993
195590,1103,996
195591,1119,1000
195592,1138,1002
195593,1144,1008
195594,1131,1016
195595,1089,1025
195596,1036,1033
195597,989,1043
195598,964,1054
195599,953,1066
195600,949,1078
195601,945,1086
195602,943,1090
195603,937,1090
195604,930,1092
195605,927,1098
195606,926,1104
195607,922,1102
195608,921,1101
195609,916,1102
195610,913,1106
195611,913,1109
195612,914,1112
195613,910,1112
195614,906,1114
195615,905,1112
195616,905,1115
195617,905,1119
195618,905,1124
195619,900,1122
195620,894,1124
195621,892,1120
195622,891,1123
195623,894,1127
195624,893,1132
195625,892,1135
195626,888,1138
195627,884,1138
195628,886,1140
195629,885,1147
195630,887,1153
195631,888,1155
195632,886,1151
195633,880,1154
195634,878,1159
195635,877,1165
195636,885,1169
195637,887,1168
195638,882,1170
195639,874,1171
195640,877,1176
195641,880,1183
195642,883,1188
195643,885,1190
195644,887,1189
195645,884,1192
195646,886,1196
195647,890,1200
195648,898,1203
195649,896,1199
195650,897,1195
195651,897,1194
195652,899,1195
195653,904,1198
195654,909,1199
195655,911,1195
195656,915,1191
195657,913,1187
195658,920,1189
195659,925,1189
195660,929,1187
195661,931,1180
195662,936,1175
195663,935,1170
195664,939,1169
195665,944,1165
195666,951,1162
195667,954,1155
195668,957,1148
195669,957,1141
195670,958,1138
195671,965,1133
195672,970,1130
195673,971,1123
195674,972,1117
195675,972,1110
195676,972,1108
195677,976,1105
195678,983,1101
195679,986,1096
195680,982,1089
195681,973,1084
195682,977,1083
195683,980,1084
195684,983,1081
195685,983,1079
195686,981,1075
195687,978,1070
195688,976,1070
195689,979,1070
195690,980,1073
195691,982,1068
195692,978,1066
195693,975,1065
195694,975,1065
195695,979,1066
195696,986,1068
195697,986,1065
195698,984,1061
195699,976,1057
195700,979,1057
195701,982,1055
195702,987,1054
195703,985,1053
195704,984,1050
195705,981,1049
195706,981,1053
195707,984,1052
195708,989,1054
195709,991,1050
195710,988,1047
195711,985,1043
195712,984,1044
195713,987,1047
195714,988,1050
195715,990,1046
195716,988,1047
195717,986,1043
195718,987,1048
195719,990,1050
195720,990,1052
195721,990,1051
195722,986,1046
195723,984,1043
195724,983,1045
195725,987,1046
195726,989,1047
195727,987,1044
195728,985,1041
195729,985,1039
195730,987,1038
195731,989,1043
195732,990,1045
195733,990,1042
195734,986,1040
195735,986,1039
195736,987,1039
195737,989,1041
195738,992,1047
195739,991,1041
195740,991,1044
195741,988,1042
195742,989,1045
195743,991,1046
195744,995,1047
195745,994,1045
195746,991,1042
195747,987,1041
195748,986,1045
195749,991,1047
195750,994,1050
195751,992,1046
195752,992,1046
195753,984,1045
195754,986,1050
195755,988,1055
195756,992,1051
195757,989,1046
195758,990,1041
195759,989,1041
195760,991,1040
195761,992,1044
195762,994,1044
195763,992,1040
195764,992,1039
195765,990,1037
195766,990,1037
195767,990,1041
195768,993,1040
195769,993,1040
195770,992,1036
195771,994,1036
195772,991,1038
195773,991,1039
195774,993,1042
195775,994,1042
195776,991,1038
195777,989,1038
195778,987,1040
195779,988,1044
195780,993,1046
195781,992,1050
195782,992,1048
195783,990,1043
195784,988,1042
195785,992,1045
195786,994,1044
195787,995,1042
195788,994,1039
195789,991,1040
195790,992,1041
195791,994,1046
195792,996,1050
195793,997,1048
195794,994,1042
195795,989,1042
195796,987,1043
195797,990,1046
195798,994,1048
195799,991,1047
195800,991,1044
195801,990,1042
195802,990,1043
195803,994,1045
195804,999,1045
195805,999,1041
195806,996,1037
195807,990,1038
195808,994,1037
195809,997,1041
195810,999,1042
195811,999,1038
195812,997,1035
195813,995,1033
195814,995,1036
195815,999,1040
195816,1002,1042
195817,1001,1041
195818,997,1041
195819,992,1039
195820,991,1040
195821,994,1043
195822,998,1043
195823,999,1043
195824,995,1042
195825,993,1042
195826,992,1041
195827,994,1045
195828,998,1047
195829,997,1043
195830,995,1040
195831,992,1040
195832,993,1041
195833,993,1047
195834,997,1049
195835,998,1048
195836,995,1042
195837,993,1042
195838,993,1045
195839,993,1048
195840,996,1051
195841,997,1049
195842,996,1045
195843,995,1041
195844,997,1042
195845,1000,1047
195846,1001,1049
195847,1000,1048
195848,997,1045
195849,993,1044
195850,993,1044
195851,995,1044
195852,998,1043
195853,1001,1041
195854,1002,1039
195855,998,1041
195856,998,1043
195857,999,1047
195858,1002,1047
195859,1006,1040
195860,1012,1031
195861,1018,1024
195862,1035,1024
195863,1054,1022
195864,1079,1023
195865,1112,1019
195866,1147,1010
195867,1183,1001
195868,1225,997
195869,1265,999
195870,1307,1009
195871,1336,1020
195872,1352,1035
195873,1339,1047
195874,1302,1054
195875,1247,1059
195876,1182,1063
195877,1115,1067
195878,1053,1076
195879,1002,1078
195880,971,1079
195881,968,1075
195882,976,1069
195883,989,1058
195884,999,1046
195885,998,1040
195886,999,1039
195887,996,1037
195888,996,1037
195889,995,1032
195890,991,1028
195891,988,1026
195892,983,1029
195893,984,1032
195894,984,1035
195895,984,1034
195896,981,1033
195897,978,1031
195898,976,1031
195899,978,1034
195900,977,1037
195901,975,1034
195902,973,1035
195903,970,1032
195904,970,1034
195905,973,1038
195906,977,1040
195907,978,1039
195908,972,1039
195909,969,1037
195910,969,1042
195911,972,1042
195912,978,1045
195913,979,1040
195914,975,1038
195915,969,1037
195916,972,1036
195917,972,1039
195918,978,1042
195919,977,1039
195920,974,1035
195921,968,1035
195922,971,1036
195923,973,1039
195924,975,1040
195925,976,1036
195926,976,1037
195927,974,1034
195928,973,1037
195929,978,1034
195930,981,1035
195931,980,1036
195932,978,1033
195933,975,1032
195934,978,1032
195935,983,1035
195936,983,1036
195937,989,1034
195938,988,1030
195939,983,1026
195940,981,1027
195941,983,1027
195942,987,1027
195943,990,1023
195944,986,1020
195945,984,1016
195946,988,1019
195947,993,1020
195948,999,1017
195949,1000,1013
195950,997,1007
195951,996,1008
195952,995,1010
195953,1000,1016
195954,1006,1016
195955,1007,1013
195956,1008,1008
195957,1007,1008
195958,1007,1009
195959,1009,1010
195960,1016,1012
195961,1016,1013
195962,1018,1006
195963,1017,1005
195964,1017,1007
195965,1023,1013
195966,1028,1015
195967,1026,1012
195968,1025,1008
195969,1024,1002
195970,1027,1001
195971,1031,1006
195972,1033,1006
195973,1032,1010
195974,1030,1013
195975,1028,1014
195976,1030,1013
195977,1032,1011
195978,1034,1005
195979,1028,1001
195980,1027,1001
195981,1026,1001
195982,1026,1003
195983,1026,1010
195984,1023,1013
195985,1022,1015
195986,1018,1013
195987,1013,1015
195988,1010,1019
195989,1009,1020
195990,1010,1025
195991,1009,1025
195992,1006,1024
195993,1002,1025
195994,999,1028
195995,1000,1034
195996,1001,1035
195997,1000,1036
195998,997,1034
195999,993,1034
196000,995,1040
196001,996,1043
196002,999,1046
196003,998,1043
196004,996,1041
196005,995,1044
196006,997,1043
196007,1000,1049
196008,1001,1049
196009,998,1048
196010,996,1046
196011,994,1045
196012,998,1047
196013,1002,1049
196014,1006,1048
196015,1004,1044
196016,999,1042
196017,996,1042
196018,995,1048
196019,998,1054
196020,1002,1054
196021,1003,1052
196022,1000,1047
196023,996,1038
196024,996,1040
196025,999,1035
196026,1000,1037
196027,1003,1035
196028,1004,1029
196029,998,1024
196030,997,1021
196031,1001,1022
196032,1002,1023
196033,1006,1022
196034,1004,1019
196035,998,1021
196036,997,1022
196037,998,1024
196038,1000,1025
196039,996,1027
196040,990,1023
196041,987,1022
196042,989,1022
196043,996,1028
196044,999,1029
196045,998,1029
196046,998,1029
196047,996,1029
196048,995,1031
196049,995,1033
196050,994,1036
196051,996,1037
196052,997,1034
196053,995,1032
196054,995,1035
196055,999,1036
196056,1004,1038
196057,1004,1036
196058,1002,1034
196059,997,1033
196060,995,1034
196061,997,1035
196062,1002,1036
196063,1001,1035
196064,1001,1037
196065,997,1037
196066,996,1039
196067,999,1041
196068,1000,1038
196069,997,1036
196070,991,1033
196071,986,1032
196072,987,1033
196073,993,1038
196074,999,1040
196075,998,1035
196076,994,1028
196077,988,1027
196078,988,1031
196079,991,1030
196080,996,1031
196081,995,1029
196082,995,1029
196083,993,1029
196084,994,1032
196085,995,1035
196086,1001,1033
196087,1001,1035
196088,994,1034
196089,990,1032
196090,988,1034
196091,992,1031
196092,994,1028
196093,996,1023
196094,998,1020
196095,1003,1018
196096,1015,1021
196097,1031,1020
196098,1052,1022
196099,1076,1020
196100,1106,1016
196101,1142,1002
196102,1186,995
196103,1233,997
196104,1276,1002
196105,1309,1013
196106,1329,1030
196107,1326,1048
196108,1293,1057
196109,1237,1062
196110,1176,1066
196111,1106,1074
196112,1039,1080
196113,978,1085
196114,941,1089
196115,937,1088
196116,956,1081
196117,971,1064
196118,981,1054
196119,982,1046
196120,981,1043
196121,981,1044
196122,981,1044
196123,979,1042
196124,973,1043
196125,971,1041
196126,969,1041
196127,970,1041
196128,974,1043
196129,973,1038
196130,972,1032
196131,966,1028
196132,965,1028
196133,963,1031
196134,963,1034
196135,965,1030
196136,964,1028
196137,963,1029
196138,965,1033
196139,968,1033
196140,969,1034
196141,968,1031
196142,965,1024
196143,961,1024
196144,958,1021
196145,958,1024
196146,961,1025
196147,963,1025
196148,960,1024
196149,956,1025
196150,956,1027
196151,957,1030
196152,961,1031
196153,961,1029
196154,960,1027
196155,956,1028
196156,963,1033
196157,967,1034
196158,969,1037
196159,961,1036
196160,962,1030
196161,961,1028
196162,961,1029
196163,964,1032
196164,968,1034
196165,960,1031
196166,960,1027
196167,960,1025
196168,963,1026
196169,968,1033
196170,971,1035
196171,971,1037
196172,966,1029
196173,967,1022
196174,970,1017
196175,976,1014
196176,979,1016
196177,974,1018
196178,973,1022
196179,970,1024
196180,974,1026
196181,982,1023
196182,985,1016
196183,986,1004
196184,983,995
196185,978,987
196186,981,985
196187,985,986
196188,988,987
196189,982,984
196190,980,983
196191,979,984
196192,979,988
196193,981,992
196194,989,992
196195,989,993
196196,988,994
196197,985,1000
196198,982,1018
196199,985,1043
196200,993,1064
196201,1001,1046
196202,1002,1006
196203,1004,974
196204,1005,957
196205,1004,963
196206,1002,969
196207,999,978
196208,1003,981
196209,1004,983
196210,1001,988
196211,1004,994
196212,1005,1000
196213,1002,1003
196214,998,1005
196215,990,1008
196216,991,1015
196217,996,1020
196218,1001,1021
196219,1000,1023
196220,997,1022
196221,992,1025
196222,989,1027
196223,989,1032
196224,990,1033
196225,987,1034
196226,984,1033
196227,981,1034
196228,980,1036
196229,983,1041
196230,985,1042
196231,985,1041
196232,979,1040
196233,976,1041
196234,977,1043
196235,976,1045
196236,980,1050
196237,977,1049
196238,973,1049
196239,969,1052
196240,968,1063
196241,970,1077
196242,973,1094
196243,976,1100
196244,974,1081
196245,976,1053
196246,980,1035
196247,986,1031
196248,986,1036
196249,984,1041
196250,984,1044
196251,982,1046
196252,991,1036
196253,994,1024
196254,996,1019
196255,996,1016
196256,990,1015
196257,990,1018
196258,990,1021
196259,993,1026
196260,997,1031
196261,998,1030
196262,997,1026
196263,996,1027
196264,997,1029
196265,999,1031
196266,999,1032
196267,997,1028
196268,994,1029
196269,995,1030
196270,993,1030
196271,994,1035
196272,997,1033
196273,995,1031
196274,995,1032
196275,992,1031
196276,989,1034
196277,992,1039
196278,992,1038
196279,987,1040
196280,987,1037
196281,982,1039
196282,985,1041
196283,986,1041
196284,989,1042
196285,986,1040
196286,985,1040
196287,981,1039
196288,979,1039
196289,982,1042
196290,987,1041
196291,984,1039
196292,979,1036
196293,979,1038
196294,981,1041
196295,985,1046
196296,986,1045
196297,985,1040
196298,985,1038
196299,983,1037
196300,982,1041
196301,988,1046
196302,987,1046
196303,989,1042
196304,987,1036
196305,983,1035
196306,983,1038
196307,985,1042
196308,990,1043
196309,992,1046
196310,990,1043
196311,988,1040
196312,991,1042
196313,995,1042
196314,999,1040
196315,997,1040
196316,993,1037
196317,991,1034
196318,991,1038
196319,994,1037
196320,994,1039
196321,997,1038
196322,994,1035
196323,993,1034
196324,995,1038
196325,997,1038
196326,999,1040
196327,999,1039
196328,994,1037
196329,993,1041
196330,993,1043
196331,993,1046
196332,995,1049
196333,998,1049
196334,996,1045
196335,993,1039
196336,995,1041
196337,1004,1036
196338,1015,1037
196339,1026,1036
196340,1036,1033
196341,1052,1031
196342,1078,1030
196343,1117,1028
196344,1162,1015
196345,1207,1007
196346,1247,997
196347,1288,998
196348,1323,1012
196349,1348,1031
196350,1343,1045
196351,1307,1048
196352,1248,1047
196353,1178,1051
196354,1111,1061
196355,1046,1075
196356,987,1086
196357,952,1087
196358,941,1083
196359,950,1074
196360,967,1062
196361,983,1053
196362,992,1044
196363,992,1036
196364,989,1030
196365,985,1032
196366,982,1033
196367,984,1035
196368,985,1037
196369,980,1035
196370,980,1033
196371,971,1032
196372,974,1036
196373,976,1037
196374,975,1036
196375,976,1039
196376,977,1038
196377,973,1037
196378,973,1037
196379,974,1039
196380,977,1035
196381,976,1032
196382,973,1029
196383,974,1031
196384,972,1035
196385,975,1040
196386,979,1040
196387,978,1039
196388,976,1038
196389,973,1040
196390,973,1039
196391,975,1043
196392,977,1045
196393,973,1053
196394,972,1056
196395,972,1061
196396,974,1058
196397,975,1051
196398,979,1045
196399,980,1034
196400,977,1028
196401,974,1024
196402,977,1022
196403,978,1023
196404,981,1023
196405,982,1024
196406,978,1024
196407,977,1023
196408,976,1025
196409,979,1028
196410,983,1031
196411,981,1031
196412,979,1026
196413,980,1023
196414,981,1022
196415,985,1023
196416,991,1021
196417,989,1021
196418,987,1018
196419,987,1016
196420,985,1018
196421,990,1019
196422,992,1019
196423,992,1019
196424,995,1016
196425,994,1012
196426,996,1013
196427,997,1014
196428,998,1013
196429,999,1007
196430,998,1007
196431,995,1005
196432,998,1007
196433,1001,1008
196434,1007,1004
196435,1007,1002
196436,1006,997
196437,1004,996
196438,1004,998
196439,1007,1000
196440,1012,1000
196441,1015,999
196442,1016,1002
196443,1017,1003
196444,1018,1008
196445,1018,1011
196446,1019,1010
196447,1017,1005
196448,1018,999
196449,1017,1001
196450,1019,1001
196451,1023,1009
196452,1028,1016
196453,1029,1019
196454,1024,1014
196455,1023,1013
196456,1018,1014
196457,1016,1020
196458,1016,1023
196459,1014,1027
196460,1009,1027
196461,1007,1030
196462,1009,1035
196463,1010,1042
196464,1008,1044
196465,1007,1044
196466,1005,1040
196467,1001,1040
196468,999,1042
196469,1000,1049
196470,1000,1050
196471,996,1050
196472,992,1049
196473,990,1047
196474,993,1047
196475,992,1050
196476,994,1048
196477,993,1049
196478,993,1048
196479,990,1047
196480,994,1044
196481,997,1042
196482,1001,1040
196483,1004,1039
196484,1004,1039
196485,1002,1040
196486,1004,1042
196487,1003,1044
196488,1004,1041
196489,1007,1041
196490,1008,1039
196491,1010,1037
196492,1010,1036
196493,1014,1040
196494,1018,1043
196495,1020,1042
196496,1020,1040
196497,1021,1039
196498,1025,1042
196499,1033,1048
196500,1040,1056
196501,1044,1060
196502,1043,1059
196503,1046,1052
196504,1052,1046
196505,1069,1038
196506,1085,1026
196507,1096,1011
196508,1109,996
196509,1119,982
196510,1134,977
196511,1150,970
196512,1169,960
196513,1186,942
196514,1201,924
196515,1218,898
196516,1234,882
196517,1250,871
196518,1265,853
196519,1278,838
196520,1284,825
196521,1282,825
196522,1281,826
196523,1280,834
196524,1282,836
196525,1274,832
196526,1261,824
196527,1244,820
196528,1226,822
196529,1210,830
196530,1194,838
196531,1172,846
196532,1148,849
196533,1125,858
196534,1104,871
196535,1089,887
196536,1080,901
196537,1072,909
196538,1066,918
196539,1062,928
196540,1062,939
196541,1059,953
196542,1061,965
196543,1068,978
196544,1080,982
196545,1096,992
196546,1119,997
196547,1133,1004
196548,1126,1009
196549,1092,1012
196550,1043,1010
196551,996,1019
196552,969,1036
196553,955,1053
196554,953,1066
196555,949,1076
196556,944,1078
196557,938,1080
196558,930,1081
196559,926,1084
196560,928,1084
196561,928,1087
196562,923,1087
196563,920,1091
196564,918,1096
196565,917,1099
196566,913,1101
196567,910,1100
196568,909,1100
196569,905,1104
196570,905,1109
196571,908,1114
196572,910,1117
196573,905,1119
196574,898,1122
196575,895,1127
196576,896,1135
196577,895,1134
196578,899,1134
196579,897,1127
196580,894,1123
196581,890,1126
196582,891,1141
196583,889,1154
196584,891,1159
196585,888,1149
196586,885,1134
196587,883,1120
196588,883,1121
196589,885,1130
196590,885,1142
196591,882,1149
196592,883,1151
196593,883,1153
196594,883,1156
196595,886,1164
196596,889,1168
196597,889,1166
196598,884,1159
196599,882,1160
196600,886,1165
196601,892,1173
196602,898,1176
196603,899,1173
196604,895,1172
196605,896,1172
196606,897,1178
196607,902,1178
196608,908,1178
196609,908,1175
196610,912,1173
196611,913,1173
196612,917,1171
196613,924,1172
196614,930,1169
196615,929,1161
196616,929,1158
196617,934,1158
196618,937,1162
196619,941,1162
196620,947,1162
196621,951,1156
196622,951,1151
196623,955,1136
196624,961,1120
196625,965,1106
196626,970,1098
196627,967,1094
196628,966,1093
196629,968,1090
196630,967,1087
196631,971,1084
196632,976,1076
196633,980,1063
196634,976,1052
196635,968,1051
196636,968,1054
196637,971,1056
196638,974,1059
196639,972,1057
196640,971,1054
196641,970,1054
196642,974,1055
196643,976,1056
196644,981,1053
196645,980,1052
196646,976,1050
196647,973,1051
196648,973,1050
196649,974,1050
196650,982,1051
196651,981,1051
196652,975,1047
196653,973,1045
196654,975,1045
196655,977,1050
196656,979,1050
196657,975,1052
196658,975,1046
196659,972,1045
196660,976,1046
196661,982,1047
196662,985,1048
196663,984,1046
196664,981,1043
196665,976,1042
196666,974,1048
196667,975,1056
196668,981,1058
196669,983,1054
196670,985,1047
196671,985,1042
196672,986,1038
196673,987,1040
196674,987,1043
196675,986,1046
196676,985,1046
196677,979,1052
196678,978,1058
196679,980,1059
196680,987,1052
196681,990,1038
196682,993,1025
196683,987,1020
196684,983,1022
196685,984,1027
196686,989,1029
196687,987,1027
196688,983,1024
196689,977,1026
196690,975,1030
196691,979,1035
196692,983,1038
196693,987,1035
196694,983,1033
196695,981,1030
196696,980,1031
196697,982,1031
196698,984,1030
196699,986,1032
196700,983,1030
196701,982,1030
196702,983,1034
196703,984,1035
196704,984,1044
196705,982,1046
196706,983,1044
196707,984,1040
196708,985,1038
196709,986,1035
196710,987,1035
196711,987,1032
196712,984,1032
196713,980,1033
196714,981,1034
196715,983,1040
196716,989,1041
196717,987,1039
196718,983,1034
196719,982,1034
196720,986,1035
196721,988,1037
196722,988,1036
196723,979,1035
196724,977,1032
196725,976,1033
196726,978,1035
196727,980,1041
196728,983,1044
196729,981,1042
196730,979,1037
196731,976,1034
196732,979,1031
196733,980,1027
196734,982,1029
196735,979,1028
196736,976,1028
196737,974,1031
196738,973,1036
196739,978,1042
196740,982,1044
196741,982,1039
196742,983,1030
196743,978,1027
196744,981,1025
196745,982,1026
196746,983,1024
196747,982,1024
196748,980,1024
196749,979,1028
196750,980,1031
196751,979,1032
196752,981,1034
196753,976,1033
196754,973,1031
196755,975,1034
196756,977,1038
196757,982,1040
196758,986,1037
196759,986,1033
196760,981,1030
196761,978,1033
196762,978,1036
196763,979,1042
196764,979,1043
196765,982,1046
196766,981,1044
196767,983,1042
196768,984,1039
196769,983,1038
196770,983,1044
196771,982,1038
196772,981,1036
196773,979,1039
196774,982,1039
196775,983,1038
196776,984,1040
196777,983,1041
196778,981,1039
196779,980,1037
196780,982,1036
196781,985,1036
196782,983,1033
196783,985,1029
196784,981,1027
196785,981,1029
196786,981,1028
196787,984,1033
196788,987,1035
196789,985,1033
196790,982,1032
196791,977,1030
196792,980,1033
196793,979,1039
196794,979,1037
196795,980,1036
196796,984,1030
196797,979,1031
196798,982,1035
196799,981,1037
196800,984,1037
196801,982,1037
196802,981,1030
196803,979,1028
196804,980,1031
196805,983,1033
196806,987,1032
196807,987,1030
196808,986,1031
196809,980,1032
196810,980,1033
196811,983,1034
196812,987,1031
196813,986,1029
196814,983,1028
196815,982,1028
196816,981,1030
196817,985,1034
196818,987,1033
196819,985,1033
196820,980,1028
196821,981,1025
196822,983,1028
196823,987,1029
196824,988,1030
196825,989,1029
196826,988,1025
196827,986,1024
196828,989,1030
196829,993,1034
196830,993,1035
196831,992,1031
196832,992,1028
196833,987,1032
196834,990,1032
196835,993,1034
196836,996,1032
196837,996,1035
196838,992,1033
196839,990,1033
196840,993,1036
196841,995,1035
196842,997,1032
196843,998,1029
196844,1000,1028
196845,999,1030
196846,998,1032
196847,1001,1035
196848,1002,1033
196849,1001,1028
196850,1004,1024
196851,1011,1021
196852,1024,1022
196853,1046,1025
196854,1069,1024
196855,1097,1018
196856,1128,1009
196857,1167,1000
196858,1206,990
196859,1255,993
196860,1293,998
196861,1321,1011
196862,1324,1025
196863,1292,1038
196864,1238,1044
196865,1176,1051
196866,1113,1066
196867,1048,1074
196868,992,1076
196869,961,1070
196870,960,1067
196871,971,1060
196872,988,1050
196873,997,1035
196874,997,1030
196875,989,1029
196876,987,1034
196877,986,1044
196878,986,1045
196879,985,1044
196880,986,1038
196881,984,1035
196882,986,1033
196883,986,1035
196884,988,1036
196885,985,1036
196886,979,1032
196887,977,1035
196888,977,1038
196889,981,1036
196890,982,1037
196891,981,1032
196892,978,1031
196893,975,1030
196894,979,1033
196895,980,1032
196896,980,1032
196897,981,1025
196898,979,1023
196899,977,1023
196900,977,1027
196901,977,1031
196902,979,1034
196903,975,1032
196904,973,1027
196905,973,1024
196906,976,1024
196907,978,1027
196908,982,1027
196909,982,1028
196910,979,1026
196911,978,1029
196912,978,1033
196913,982,1034
196914,986,1025
196915,985,1018
196916,980,1013
196917,978,1013
196918,978,1018
196919,984,1020
196920,988,1023
196921,990,1019
196922,986,1019
196923,986,1019
196924,990,1020
196925,996,1022
196926,1000,1022
196927,1002,1019
196928,1000,1016
196929,1000,1019
196930,1001,1020
196931,1006,1022
196932,1008,1022
196933,1009,1019
196934,1006,1018
196935,1007,1021
196936,1008,1021
196937,1014,1018
196938,1017,1009
196939,1014,1000
196940,1012,998
196941,1009,998
196942,1013,1001
196943,1018,1003
196944,1018,1006
196945,1019,1007
196946,1018,1008
196947,1016,1011
196948,1016,1010
196949,1021,1003
196950,1023,998
196951,1024,990
196952,1024,984
196953,1025,986
196954,1027,992
196955,1030,997
196956,1034,997
196957,1034,996
196958,1035,996
196959,1033,1000
196960,1035,1004
196961,1038,1010
196962,1039,1016
196963,1037,1022
196964,1035,1027
196965,1032,1029
196966,1034,1021
196967,1035,1020
196968,1036,1017
196969,1035,1015
196970,1030,1017
196971,1025,1024
196972,1024,1033
196973,1023,1039
196974,1026,1034
196975,1025,1023
196976,1022,1017
196977,1021,1016
196978,1019,1022
196979,1017,1027
196980,1017,1027
196981,1014,1027
196982,1013,1026
196983,1011,1024
196984,1011,1026
196985,1013,1030
196986,1012,1028
196987,1008,1027
196988,1006,1025
196989,1004,1025
196990,1003,1027
196991,1005,1032
196992,1008,1032
196993,1011,1032
196994,1010,1031
196995,1010,1038
196996,1009,1043
196997,1011,1046
196998,1008,1040
196999,1011,1036
197000,1008,1028
197001,1006,1029
197002,1009,1034
197003,1012,1042
197004,1014,1039
197005,1015,1032
197006,1014,1026
197007,1012,1025
197008,1010,1025
197009,1013,1024
197010,1015,1022
197011,1016,1019
197012,1013,1016
197013,1010,1017
197014,1011,1023
197015,1013,1031
197016,1015,1035
197017,1016,1036
197018,1017,1034
197019,1016,1028
197020,1017,1021
197021,1019,1022
197022,1022,1021
197023,1018,1020
197024,1016,1020
197025,1012,1021
197026,1011,1028
197027,1010,1033
197028,1012,1035
197029,1011,1034
197030,1008,1027
197031,1005,1017
197032,1008,1016
197033,1011,1018
197034,1013,1017
197035,1009,1018
197036,1007,1018
197037,1005,1020
197038,1010,1022
197039,1011,1027
197040,1015,1027
197041,1014,1027
197042,1007,1025
197043,1007,1027
197044,1011,1033
197045,1017,1039
197046,1020,1037
197047,1016,1037
197048,1011,1037
197049,1010,1039
197050,1012,1039
197051,1016,1034
197052,1019,1033
197053,1018,1032
197054,1018,1035
197055,1011,1032
197056,1011,1032
197057,1014,1032
197058,1015,1033
197059,1012,1028
197060,1010,1025
197061,1009,1027
197062,1012,1030
197063,1014,1033
197064,1019,1034
197065,1016,1036
197066,1013,1036
197067,1008,1036
197068,1010,1039
197069,1013,1035
197070,1010,1033
197071,1009,1034
197072,1009,1031
197073,1007,1032
197074,1007,1036
197075,1007,1037
197076,1009,1037
197077,1007,1036
197078,1004,1036
197079,1002,1037
197080,1002,1037
197081,1006,1035
197082,1010,1033
197083,1009,1028
197084,1006,1023
197085,1006,1024
197086,1007,1028
197087,1013,1030
197088,1015,1025
197089,1015,1025
197090,1013,1019
197091,1009,1024
197092,1008,1031
197093,1012,1036
197094,1013,1034
197095,1013,1033
197096,1008,1032
197097,1008,1028
197098,1010,1029
197099,1012,1028
197100,1013,1027
197101,1011,1027
197102,1012,1031
197103,1010,1031
197104,1011,1032
197105,1015,1032
197106,1019,1033
197107,1016,1029
197108,1015,1026
197109,1013,1027
197110,1014,1029
197111,1018,1032
197112,1021,1031
197113,1020,1027
197114,1019,1023
197115,1019,1022
197116,1024,1022
197117,1033,1023
197118,1049,1024
197119,1060,1022
197120,1076,1022
197121,1102,1019
197122,1133,1012
197123,1169,1009
197124,1210,1005
197125,1252,1005
197126,1287,1002
197127,1318,1005
197128,1335,1018
197129,1332,1034
197130,1305,1041
197131,1253,1041
197132,1192,1039
197133,1127,1050
197134,1062,1063
197135,1007,1073
197136,982,1076
197137,979,1065
197138,990,1054
197139,1003,1045
197140,1011,1038
197141,1011,1037
197142,1009,1036
197143,1006,1032
197144,1002,1029
197145,996,1028
197146,997,1033
197147,999,1036
197148,999,1036
197149,993,1033
197150,992,1032
197151,990,1035
197152,997,1036
197153,1000,1039
197154,1000,1039
197155,993,1038
197156,990,1036
197157,988,1036
197158,989,1040
197159,989,1044
197160,991,1042
197161,990,1037
197162,988,1026
197163,988,1026
197164,988,1027
197165,988,1032
197166,991,1033
197167,990,1033
197168,991,1025
197169,989,1024
197170,989,1023
197171,991,1029
197172,994,1031
197173,994,1029
197174,992,1023
197175,993,1024
197176,995,1024
197177,999,1024
197178,999,1021
197179,999,1019
197180,998,1019
197181,996,1016
197182,998,1016
197183,999,1021
197184,1003,1023
197185,999,1021
197186,994,1019
197187,994,1018
197188,995,1018
197189,1002,1020
197190,1005,1015
197191,1005,1009
197192,1005,1007
197193,1005,1004
197194,1009,1008
197195,1010,1011
197196,1011,1013
197197,1012,1013
197198,1014,1018
197199,1015,1018
197200,1018,1021
197201,1018,1019
197202,1022,1013
197203,1017,996
197204,1015,986
197205,1015,987
197206,1014,994
197207,1018,1002
197208,1021,993
197209,1022,985
197210,1020,983
197211,1020,985
197212,1020,984
197213,1022,988
197214,1022,990
197215,1024,995
197216,1028,993
197217,1026,993
197218,1031,994
197219,1034,993
197220,1040,992
197221,1038,993
197222,1033,993
197223,1027,998
197224,1028,1003
197225,1032,1007
197226,1035,1008
197227,1036,1005
197228,1035,1004
197229,1033,1007
197230,1029,1014
197231,1029,1015
197232,1031,1018
197233,1031,1016
197234,1023,1020
197235,1017,1029
197236,1012,1033
197237,1014,1041
197238,1020,1041
197239,1015,1035
197240,1012,1027
197241,1009,1027
197242,1008,1034
197243,1009,1038
197244,1013,1041
197245,1012,1031
197246,1008,1024
197247,1009,1019
197248,1008,1018
197249,1005,1021
197250,1005,1024
197251,1003,1022
197252,997,1018
197253,994,1022
197254,992,1022
197255,998,1023
197256,1003,1023
197257,1002,1022
197258,996,1024
197259,994,1029
197260,999,1034
197261,1001,1037
197262,1002,1036
197263,1004,1033
197264,1002,1031
197265,1000,1032
197266,1006,1028
197267,1015,1030
197268,1020,1035
197269,1018,1036
197270,1021,1031
197271,1026,1026
197272,1037,1023
197273,1044,1028
197274,1046,1031
197275,1047,1036
197276,1050,1035
197277,1054,1037
197278,1065,1037
197279,1082,1030
197280,1097,1012
197281,1111,996
197282,1124,980
197283,1140,962
197284,1157,952
197285,1175,944
197286,1190,929
197287,1205,907
197288,1218,887
197289,1233,869
197290,1251,854
197291,1267,848
197292,1280,835
197293,1282,826
197294,1278,822
197295,1269,827
197296,1265,835
197297,1264,839
197298,1262,830
197299,1249,819
197300,1232,812
197301,1211,817
197302,1188,828
197303,1171,840
197304,1148,853
197305,1126,863
197306,1101,872
197307,1083,888
197308,1072,903
197309,1065,917
197310,1064,930
197311,1066,938
197312,1059,945
197313,1054,957
197314,1056,971
197315,1068,980
197316,1088,987
197317,1111,986
197318,1123,987
197319,1118,989
197320,1095,998
197321,1050,1011
197322,1002,1021
197323,970,1032
197324,958,1046
197325,955,1058
197326,951,1072
197327,946,1079
197328,945,1079
197329,941,1070
197330,937,1063
197331,931,1066
197332,929,1076
197333,926,1086
197334,925,1091
197335,922,1089
197336,921,1082
197337,921,1084
197338,918,1089
197339,917,1096
197340,916,1093
197341,915,1089
197342,911,1085
197343,911,1086
197344,910,1094
197345,911,1103
197346,913,1108
197347,912,1109
197348,911,1110
197349,908,1110
197350,906,1116
197351,905,1121
197352,907,1120
197353,905,1113
197354,899,1113
197355,891,1122
197356,892,1133
197357,894,1141
197358,899,1145
197359,898,1142
197360,895,1132
197361,894,1127
197362,894,1132
197363,896,1141
197364,897,1146
197365,896,1148
197366,891,1144
197367,893,1151
197368,898,1154
197369,899,1160
197370,905,1160
197371,902,1159
197372,899,1159
197373,899,1161
197374,903,1163
197375,907,1166
197376,912,1166
197377,913,1165
197378,915,1157
197379,917,1152
197380,919,1151
197381,921,1152
197382,927,1152
197383,927,1146
197384,926,1142
197385,926,1140
197386,940,1137
197387,948,1132
197388,953,1121
197389,952,1117
197390,953,1111
197391,958,1109
197392,962,1113
197393,967,1107
197394,972,1097
197395,973,1088
197396,973,1081
197397,974,1083
197398,978,1083
197399,982,1084
197400,985,1077
197401,982,1073
197402,978,1070
197403,977,1069
197404,975,1070
197405,976,1073
197406,981,1072
197407,979,1070
197408,978,1064
197409,982,1059
197410,983,1055
197411,985,1057
197412,987,1057
197413,987,1051
197414,985,1049
197415,983,1044
197416,982,1045
197417,986,1046
197418,987,1048
197419,989,1043
197420,989,1043
197421,986,1041
197422,985,1042
197423,992,1044
197424,995,1037
197425,990,1033
197426,988,1029
197427,986,1033
197428,986,1040
197429,988,1049
197430,995,1051
197431,992,1050
197432,991,1044
197433,986,1036
197434,987,1037
197435,989,1041
197436,995,1043
197437,995,1040
197438,994,1041
197439,994,1044
197440,996,1047
197441,995,1052
197442,1000,1054
197443,999,1048
197444,998,1048
197445,994,1050
197446,992,1058
197447,995,1063
197448,1001,1060
197449,1000,1051
197450,996,1043
197451,992,1040
197452,994,1038
197453,996,1040
197454,999,1037
197455,999,1034
197456,994,1031
197457,995,1035
197458,998,1039
197459,999,1044
197460,1001,1046
197461,995,1045
197462,995,1045
197463,990,1047
197464,992,1048
197465,999,1046
197466,1001,1040
197467,999,1034
197468,993,1031
197469,994,1035
197470,996,1038
197471,997,1040
197472,998,1039
197473,997,1037
197474,994,1036
197475,994,1041
197476,995,1044
197477,997,1046
197478,998,1046
197479,998,1047
197480,994,1046
197481,994,1051
197482,995,1057
197483,998,1062
197484,1001,1055
197485,1002,1042
197486,996,1034
197487,996,1033
197488,997,1037
197489,998,1043
197490,1002,1043
197491,996,1043
197492,993,1038
197493,993,1043
197494,994,1050
197495,998,1058
197496,996,1062
197497,995,1053
197498,995,1042
197499,995,1043
197500,996,1047
197501,999,1050
197502,1000,1046
197503,997,1039
197504,997,1039
197505,995,1038
197506,996,1038
197507,1000,1046
197508,1004,1047
197509,1004,1046
197510,1000,1042
197511,997,1042
197512,1000,1045
197513,1003,1047
197514,1000,1047
197515,999,1046
197516,1002,1044
197517,1004,1041
197518,1004,1041
197519,1004,1046
197520,1004,1052
197521,1001,1056
197522,998,1051
197523,997,1049
197524,1000,1044
197525,1005,1044
197526,1007,1040
197527,1006,1036
197528,1001,1032
197529,1000,1035
197530,1003,1037
197531,1003,1039
197532,1002,1038
197533,1002,1039
197534,997,1043
197535,995,1046
197536,998,1053
197537,1001,1062
197538,1002,1058
197539,1001,1052
197540,998,1040
197541,998,1036
197542,1000,1035
197543,1001,1042
197544,1005,1045
197545,1004,1049
197546,999,1046
197547,1001,1045
197548,1003,1046
197549,1004,1045
197550,1004,1044
197551,1003,1042
197552,1001,1041
197553,999,1044
197554,1002,1048
197555,1004,1050
197556,1006,1049
197557,1006,1046
197558,1004,1041
197559,1006,1040
197560,1006,1039
197561,1008,1043
197562,1015,1040
197563,1020,1037
197564,1027,1033
197565,1042,1031
197566,1062,1032
197567,1089,1033
197568,1121,1028
197569,1155,1018
197570,1192,1008
197571,1234,1006
197572,1277,1006
197573,1321,1019
197574,1352,1038
197575,1356,1049
197576,1332,1055
197577,1278,1056
197578,1210,1062
197579,1144,1075
197580,1076,1090
197581,1011,1096
197582,971,1096
197583,963,1088
197584,976,1073
197585,995,1059
197586,1007,1048
197587,1006,1042
197588,1001,1041
197589,995,1033
197590,992,1026
197591,994,1027
197592,995,1026
197593,993,1026
197594,986,1027
197595,983,1033
197596,984,1036
197597,987,1042
197598,987,1041
197599,987,1041
197600,986,1038
197601,985,1041
197602,986,1042
197603,987,1047
197604,986,1048
197605,984,1045
197606,983,1045
197607,982,1046
197608,984,1049
197609,989,1050
197610,991,1049
197611,990,1047
197612,988,1045
197613,986,1045
197614,987,1048
197615,987,1053
197616,989,1052
197617,989,1050
197618,987,1047
197619,988,1049
197620,992,1050
197621,994,1051
197622,997,1049
197623,996,1051
197624,991,1051
197625,989,1058
197626,990,1061
197627,998,1063
197628,1001,1059
197629,996,1055
197630,993,1054
197631,992,1050
197632,995,1041
197633,996,1033
197634,996,1024
197635,993,1022
197636,990,1022
197637,991,1027
197638,992,1030
197639,995,1034
197640,1000,1033
197641,998,1032
197642,995,1031
197643,993,1031
197644,995,1036
197645,999,1033
197646,1000,1033
197647,997,1029
197648,996,1030
197649,995,1031
197650,1000,1032
197651,1002,1034
197652,1007,1031
197653,1006,1028
197654,1003,1023
197655,1004,1024
197656,1007,1027
197657,1009,1036
197658,1014,1050
197659,1012,1067
197660,1010,1077
197661,1012,1062
197662,1016,1039
197663,1022,1009
197664,1025,994
197665,1021,998
197666,1014,1020
197667,1013,1039
197668,1018,1039
197669,1028,1019
197670,1037,990
197671,1038,974
197672,1037,971
197673,1035,981
197674,1038,990
197675,1041,997
197676,1043,996
197677,1043,996
197678,1040,996
197679,1041,1001
197680,1043,1003
197681,1043,1009
197682,1045,1008
197683,1041,1008
197684,1037,1010
197685,1034,1016
197686,1034,1019
197687,1034,1022
197688,1038,1022
197689,1033,1025
197690,1028,1024
197691,1024,1027
197692,1028,1032
197693,1029,1037
197694,1027,1040
197695,1023,1040
197696,1016,1039
197697,1016,1040
197698,1020,1048
197699,1021,1049
197700,1019,1051
197701,1019,1050
197702,1015,1045
197703,1012,1047
197704,1011,1051
197705,1011,1057
197706,1012,1061
197707,1009,1056
197708,1008,1055
197709,1010,1055
197710,1010,1061
197711,1009,1064
197712,1011,1063
197713,1012,1058
197714,1009,1056
197715,1007,1056
197716,1009,1059
197717,1013,1061
197718,1013,1063
197719,1010,1062
197720,1006,1063
197721,1006,1074
197722,1008,1099
197723,1012,1120
197724,1015,1123
197725,1015,1095
197726,1018,1052
197727,1019,1024
197728,1019,1024
197729,1017,1036
197730,1019,1040
197731,1020,1032
197732,1021,1028
197733,1021,1023
197734,1020,1021
197735,1023,1018
197736,1023,1018
197737,1017,1018
197738,1015,1022
197739,1013,1027
197740,1015,1029
197741,1018,1033
197742,1021,1033
197743,1023,1034
197744,1020,1035
197745,1017,1036
197746,1018,1037
197747,1019,1044
197748,1020,1044
197749,1017,1042
197750,1017,1038
197751,1019,1039
197752,1018,1043
197753,1021,1048
197754,1022,1048
197755,1020,1047
197756,1019,1046
197757,1019,1047
197758,1020,1049
197759,1021,1052
197760,1022,1052
197761,1021,1049
197762,1019,1048
197763,1018,1047
197764,1018,1050
197765,1019,1052
197766,1021,1050
197767,1019,1049
197768,1016,1047
197769,1016,1046
197770,1015,1049
197771,1016,1052
197772,1018,1046
197773,1017,1045
197774,1012,1042
197775,1010,1043
197776,1010,1046
197777,1011,1049
197778,1010,1047
197779,1009,1043
197780,1008,1043
197781,1007,1044
197782,1006,1048
197783,1008,1051
197784,1011,1054
197785,1006,1059
197786,1001,1075
197787,999,1107
197788,1000,1130
197789,1005,1115
197790,1013,1059
197791,1017,1012
197792,1015,1000
197793,1012,1017
197794,1013,1033
197795,1019,1038
197796,1019,1030
197797,1019,1020
197798,1013,1012
197799,1009,1015
197800,1010,1027
197801,1011,1034
197802,1012,1035
197803,1014,1033
197804,1011,1031
197805,1010,1031
197806,1009,1037
197807,1013,1040
197808,1015,1042
197809,1013,1044
197810,1007,1041
197811,1006,1043
197812,1010,1046
197813,1014,1050
197814,1014,1050
197815,1014,1049
197816,1011,1047
197817,1010,1047
197818,1007,1049
197819,1013,1050
197820,1015,1048
197821,1012,1047
197822,1010,1045
197823,1009,1045
197824,1009,1047
197825,1014,1047
197826,1016,1047
197827,1015,1044
197828,1010,1042
197829,1009,1043
197830,1012,1046
197831,1016,1051
197832,1017,1048
197833,1014,1046
197834,1012,1044
197835,1008,1047
197836,1009,1052
197837,1013,1054
197838,1015,1051
197839,1015,1049
197840,1010,1046
197841,1009,1048
197842,1006,1054
197843,1008,1067
197844,1012,1064
197845,1013,1057
197846,1007,1042
197847,1007,1040
197848,1008,1047
197849,1014,1057
197850,1016,1056
197851,1016,1043
197852,1017,1030
197853,1013,1026
197854,1015,1030
197855,1018,1035
197856,1020,1038
197857,1021,1039
197858,1015,1041
197859,1017,1045
197860,1022,1046
197861,1031,1044
197862,1039,1038
197863,1044,1029
197864,1053,1027
197865,1067,1034
197866,1091,1043
197867,1126,1040
197868,1168,1022
197869,1208,1003
197870,1247,993
197871,1289,995
197872,1329,1006
197873,1362,1025
197874,1369,1043
197875,1354,1053
197876,1308,1056
197877,1248,1055
197878,1190,1060
197879,1134,1069
197880,1070,1072
197881,1017,1069
197882,986,1066
197883,983,1061
197884,993,1055
197885,1010,1048
197886,1023,1037
197887,1025,1033
197888,1020,1032
197889,1011,1034
197890,1008,1038
197891,1011,1040
197892,1013,1039
197893,1009,1038
197894,1004,1035
197895,1001,1037
197896,997,1040
197897,1000,1045
197898,1000,1043
197899,1000,1044
197900,993,1042
197901,990,1042
197902,989,1044
197903,994,1049
197904,996,1049
197905,994,1047
197906,990,1042
197907,990,1042
197908,991,1045
197909,992,1046
197910,991,1050
197911,992,1054
197912,989,1057
197913,989,1056
197914,993,1053
197915,997,1053
197916,999,1044
197917,993,1037
197918,992,1030
197919,990,1028
197920,993,1031
197921,993,1035
197922,994,1035
197923,994,1033
197924,993,1034
197925,992,1033
197926,996,1039
197927,998,1042
197928,1002,1042
197929,1003,1040
197930,999,1038
197931,998,1039
197932,1003,1040
197933,1005,1043
197934,1010,1040
197935,1004,1040
197936,1003,1036
197937,1003,1038
197938,1005,1040
197939,1006,1041
197940,1008,1041
197941,1007,1037
197942,1007,1036
197943,1004,1032
197944,1005,1038
197945,1007,1042
197946,1009,1048
197947,1005,1055
197948,1003,1057
197949,1008,1051
197950,1012,1033
197951,1014,1019
197952,1015,1012
197953,1014,1014
197954,1011,1017
197955,1012,1013
197956,1017,1010
197957,1020,1009
197958,1021,1010
197959,1017,1010
197960,1017,1015
197961,1017,1024
197962,1018,1029
197963,1020,1029
197964,1021,1020
197965,1025,1010
197966,1023,996
197967,1023,988
197968,1028,985
197969,1032,991
197970,1031,993
197971,1026,996
197972,1025,994
197973,1022,1000
197974,1026,1001
197975,1031,1007
197976,1032,1005
197977,1031,1004
197978,1034,1004
197979,1035,1005
197980,1034,1008
197981,1036,1013
197982,1038,1011
197983,1038,1009
197984,1036,1009
197985,1032,1013
197986,1033,1017
197987,1035,1022
197988,1037,1023
197989,1037,1024
197990,1034,1022
197991,1029,1027
197992,1030,1029
197993,1031,1035
197994,1033,1033
197995,1026,1036
197996,1023,1036
197997,1018,1038
197998,1020,1039
197999,1023,1041
198000,1022,1037
198001,1018,1038
198002,1013,1038
198003,1008,1042
198004,1009,1048
198005,1011,1053
198006,1013,1051
198007,1010,1058
198008,1003,1060
198009,1002,1072
198010,1003,1078
198011,1009,1080
198012,1016,1069
198013,1013,1051
198014,1010,1037
198015,1007,1033
198016,1010,1030
198017,1013,1036
198018,1012,1035
198019,1010,1035
198020,1009,1034
198021,1011,1037
198022,1011,1043
198023,1018,1044
198024,1020,1040
198025,1019,1038
198026,1018,1037
198027,1015,1038
198028,1014,1041
198029,1019,1045
198030,1021,1043
198031,1024,1040
198032,1028,1039
198033,1032,1040
198034,1037,1043
198035,1042,1049
198036,1047,1051
198037,1044,1050
198038,1045,1049
198039,1046,1052
198040,1054,1053
198041,1068,1050
198042,1084,1039
198043,1098,1024
198044,1106,1005
198045,1123,993
198046,1139,983
198047,1154,972
198048,1165,959
198049,1178,944
198050,1190,927
198051,1208,911
198052,1228,896
198053,1247,883
198054,1266,869
198055,1279,858
198056,1290,847
198057,1293,840
198058,1290,839
198059,1286,847
198060,1285,848
198061,1280,843
198062,1273,839
198063,1262,838
198064,1250,838
198065,1231,844
198066,1216,846
198067,1193,845
198068,1168,845
198069,1142,853
198070,1121,870
198071,1103,881
198072,1086,890
198073,1074,900
198074,1065,908
198075,1061,924
198076,1062,941
198077,1062,956
198078,1055,967
198079,1049,972
198080,1051,978
198081,1065,985
198082,1081,992
198083,1102,998
198084,1122,997
198085,1131,993
198086,1120,992
198087,1086,998
198088,1043,1011
198089,1003,1022
198090,975,1033
198091,960,1043
198092,948,1051
198093,944,1064
198094,943,1075
198095,945,1082
198096,943,1083
198097,939,1082
198098,931,1084
198099,927,1087
198100,921,1092
198101,921,1097
198102,921,1098
198103,915,1099
198104,911,1097
198105,908,1099
198106,908,1107
198107,910,1111
198108,910,1114
198109,907,1113
198110,903,1110
198111,900,1112
198112,899,1114
198113,904,1117
198114,908,1117
198115,903,1114
198116,896,1113
198117,896,1116
198118,898,1122
198119,900,1128
198120,903,1127
198121,900,1126
198122,896,1124
198123,893,1125
198124,892,1129
198125,897,1134
198126,898,1134
198127,898,1134
198128,895,1132
198129,894,1137
198130,893,1142
198131,892,1151
198132,894,1154
198133,891,1151
198134,891,1147
198135,893,1144
198136,896,1143
198137,900,1147
198138,903,1151
198139,899,1151
198140,896,1152
198141,894,1157
198142,897,1161
198143,901,1165
198144,907,1161
198145,909,1160
198146,910,1160
198147,911,1162
198148,912,1163
198149,917,1168
198150,920,1167
198151,922,1164
198152,925,1158
198153,926,1155
198154,930,1152
198155,937,1154
198156,942,1150
198157,949,1144
198158,948,1137
198159,949,1136
198160,957,1133
198161,962,1133
198162,967,1128
198163,968,1122
198164,966,1118
198165,966,1123
198166,968,1123
198167,974,1123
198168,980,1117
198169,980,1107
198170,979,1092
198171,982,1083
198172,986,1067
198173,989,1054
198174,988,1050
198175,987,1048
198176,981,1050
198177,981,1048
198178,982,1050
198179,984,1049
198180,982,1048
198181,982,1044
198182,978,1046
198183,979,1048
198184,982,1051
198185,985,1048
198186,986,1048
198187,981,1045
198188,981,1043
198189,978,1053
198190,980,1063
198191,984,1067
198192,986,1061
198193,986,1046
198194,980,1033
198195,982,1032
198196,984,1034
198197,986,1038
198198,989,1040
198199,990,1042
198200,988,1043
198201,985,1051
198202,979,1073
198203,978,1115
198204,976,1150
198205,984,1145
198206,995,1095
198207,1004,1045
198208,1007,1014
198209,1004,1011
198210,993,1011
198211,985,1004
198212,983,996
198213,986,994
198214,989,1001
198215,988,1012
198216,992,1016
198217,994,1016
198218,992,1015
198219,992,1018
198220,994,1025
198221,997,1029
198222,995,1030
198223,994,1029
198224,990,1026
198225,987,1028
198226,991,1033
198227,994,1034
198228,1000,1035
198229,999,1034
198230,997,1031
198231,995,1035
198232,997,1036
198233,1000,1042
198234,1001,1039
198235,996,1039
198236,996,1036
198237,993,1038
198238,995,1040
198239,1000,1042
198240,1000,1043
198241,995,1042
198242,992,1041
198243,990,1045
198244,990,1052
198245,992,1062
198246,994,1061
198247,994,1048
198248,990,1038
198249,990,1035
198250,993,1037
198251,997,1037
198252,999,1031
198253,994,1029
198254,990,1030
198255,989,1034
198256,992,1042
198257,996,1049
198258,995,1051
198259,996,1051
198260,992,1041
198261,991,1038
198262,998,1039
198263,998,1039
198264,1000,1037
198265,998,1034
198266,992,1032
198267,989,1035
198268,989,1037
198269,992,1044
198270,995,1042
198271,994,1043
198272,992,1043
198273,990,1044
198274,992,1043
198275,993,1044
198276,995,1033
198277,995,1028
198278,996,1022
198279,996,1021
198280,997,1028
198281,997,1034
198282,997,1036
198283,996,1040
198284,989,1043
198285,986,1051
198286,989,1054
198287,994,1044
198288,1001,1031
198289,999,1023
198290,995,1023
198291,995,1029
198292,996,1037
198293,997,1046
198294,996,1048
198295,992,1051
198296,988,1056
198297,991,1061
198298,995,1058
198299,997,1046
198300,1000,1033
198301,999,1024
198302,993,1019
198303,990,1021
198304,991,1028
198305,992,1036
198306,993,1037
198307,996,1035
198308,996,1029
198309,996,1028
198310,998,1024
198311,999,1025
198312,998,1026
198313,993,1027
198314,990,1028
198315,988,1031
198316,992,1039
198317,995,1039
198318,997,1038
198319,998,1035
198320,993,1034
198321,994,1033
198322,994,1034
198323,994,1038
198324,996,1035
198325,996,1033
198326,996,1029
198327,993,1030
198328,997,1033
198329,996,1034
198330,997,1032
198331,995,1033
198332,993,1031
198333,995,1032
198334,997,1035
198335,998,1036
198336,999,1033
198337,996,1031
198338,995,1031
198339,994,1032
198340,999,1035
198341,1003,1038
198342,1004,1035
198343,1000,1036
198344,997,1037
198345,994,1045
198346,1001,1050
198347,1001,1054
198348,1003,1056
198349,1003,1053
198350,1001,1039
198351,999,1031
198352,1001,1030
198353,1004,1039
198354,1006,1040
198355,1003,1039
198356,1001,1037
198357,1000,1042
198358,1002,1046
198359,1005,1041
198360,1013,1033
198361,1019,1023
198362,1025,1020
198363,1031,1022
198364,1048,1028
198365,1065,1030
198366,1090,1023
198367,1123,1018
198368,1155,1002
198369,1194,997
198370,1231,987
198371,1269,988
198372,1306,993
198373,1336,1001
198374,1346,1013
198375,1334,1030
198376,1298,1037
198377,1240,1040
198378,1171,1045
198379,1105,1050
198380,1042,1056
198381,990,1063
198382,964,1064
198383,965,1067
198384,979,1059
198385,993,1044
198386,997,1034
198387,996,1031
198388,995,1032
198389,995,1034
198390,995,1033
198391,991,1030
198392,987,1029
198393,984,1033
198394,986,1037
198395,985,1040
198396,986,1044
198397,988,1037
198398,986,1033
198399,984,1029
198400,984,1031
198401,984,1035
198402,986,1040
198403,983,1041
198404,981,1041
198405,981,1041
198406,982,1046
198407,984,1046
198408,984,1046
198409,987,1038
198410,985,1026
198411,985,1020
198412,986,1019
198413,987,1022
198414,985,1024
198415,982,1029
198416,979,1031
198417,980,1036
198418,978,1036
198419,980,1037
198420,980,1031
198421,979,1030
198422,975,1030
198423,976,1029
198424,978,1031
198425,981,1034
198426,978,1031
198427,975,1029
198428,974,1027
198429,973,1027
198430,975,1028
198431,979,1030
198432,982,1028
198433,983,1026
198434,980,1024
198435,980,1027
198436,982,1028
198437,985,1028
198438,986,1029
198439,984,1026
198440,985,1023
198441,986,1026
198442,989,1028
198443,993,1030
198444,996,1026
198445,997,1020
198446,995,1016
198447,994,1018
198448,997,1021
198449,1000,1024
198450,1005,1017
198451,1006,1012
198452,1007,1006
198453,1007,1008
198454,1008,1011
198455,1012,1014
198456,1012,1015
198457,1012,1014
198458,1012,1007
198459,1013,1003
198460,1016,1005
198461,1018,1007
198462,1019,1008
198463,1017,1009
198464,1018,1008
198465,1017,1008
198466,1019,1013
198467,1022,1015
198468,1022,1011
198469,1019,1002
198470,1018,1000
198471,1020,1000
198472,1023,1002
198473,1027,1005
198474,1030,1006
198475,1029,1005
198476,1027,1007
198477,1026,1017
198478,1027,1026
198479,1029,1032
198480,1028,1030
198481,1028,1020
198482,1027,1009
198483,1027,1000
198484,1028,995
198485,1031,997
198486,1029,1005
198487,1027,1008
198488,1021,1013
198489,1018,1016
198490,1017,1022
198491,1019,1030
198492,1018,1031
198493,1016,1031
198494,1008,1028
198495,1008,1031
198496,1009,1035
198497,1010,1042
198498,1009,1043
198499,1008,1038
198500,1007,1040
198501,1006,1044
198502,1006,1049
198503,1007,1054
198504,1010,1052
198505,1008,1047
198506,1009,1042
198507,1005,1041
198508,1007,1044
198509,1009,1045
198510,1008,1043
198511,1007,1042
198512,1005,1040
198513,1006,1040
198514,1006,1041
198515,1008,1042
198516,1009,1045
198517,1007,1045
198518,1005,1041
198519,1004,1040
198520,1004,1040
198521,1005,1039
198522,1009,1037
198523,1007,1035
198524,1004,1037
198525,1002,1039
198526,1005,1041
198527,1007,1043
198528,1009,1042
198529,1009,1038
198530,1004,1032
198531,1003,1031
198532,1007,1032
198533,1008,1033
198534,1008,1034
198535,1005,1032
198536,1005,1031
198537,1005,1032
198538,1011,1034
198539,1011,1039
198540,1011,1039
198541,1008,1035
198542,1007,1033
198543,1007,1034
198544,1007,1039
198545,1007,1044
198546,1007,1046
198547,1003,1042
198548,998,1037
198549,1001,1040
198550,1006,1043
198551,1013,1041
198552,1014,1041
198553,1011,1039
198554,1008,1037
198555,1007,1040
198556,1008,1043
198557,1009,1041
198558,1010,1036
198559,1008,1030
198560,1002,1029
198561,999,1027
198562,1002,1031
198563,1005,1037
198564,1005,1038
198565,1002,1033
198566,999,1032
198567,999,1035
198568,1000,1038
198569,1002,1039
198570,1002,1041
198571,1002,1037
198572,1000,1033
198573,999,1033
198574,1001,1036
198575,1002,1042
198576,999,1041
198577,997,1040
198578,996,1037
198579,995,1039
198580,997,1041
198581,999,1043
198582,999,1043
198583,998,1041
198584,996,1039
198585,994,1039
198586,999,1043
198587,1001,1044
198588,999,1043
198589,1001,1038
198590,998,1037
198591,1000,1038
198592,1002,1044
198593,1006,1047
198594,1004,1048
198595,1002,1044
198596,997,1042
198597,996,1043
198598,999,1045
198599,1005,1045
198600,1017,1041
198601,1028,1032
198602,1042,1029
198603,1062,1031
198604,1092,1031
198605,1132,1027
198606,1176,1012
198607,1221,1004
198608,1268,999
198609,1314,1004
198610,1348,1016
198611,1352,1036
198612,1320,1048
198613,1257,1047
198614,1183,1045
198615,1109,1054
198616,1040,1071
198617,985,1083
198618,955,1084
198619,958,1080
198620,971,1068
198621,985,1058
198622,992,1052
198623,997,1047
198624,997,1043
198625,990,1038
198626,985,1036
198627,982,1036
198628,982,1039
198629,983,1041
198630,981,1040
198631,976,1041
198632,971,1041
198633,971,1045
198634,972,1048
198635,976,1051
198636,978,1046
198637,977,1044
198638,978,1043
198639,977,1042
198640,978,1038
198641,979,1036
198642,980,1035
198643,976,1035
198644,971,1036
198645,969,1039
198646,973,1044
198647,975,1044
198648,976,1044
198649,971,1042
198650,967,1041
198651,968,1042
198652,968,1046
198653,968,1048
198654,970,1047
198655,969,1043
198656,964,1040
198657,967,1041
198658,971,1045
198659,973,1046
198660,974,1043
198661,971,1041
198662,969,1039
198663,969,1040
198664,973,1041
198665,975,1042
198666,978,1041
198667,980,1036
198668,980,1033
198669,977,1035
198670,980,1040
198671,984,1043
198672,986,1042
198673,985,1031
198674,985,1026
198675,984,1022
198676,987,1021
198677,989,1023
198678,991,1018
198679,990,1015
198680,988,1011
198681,986,1013
198682,988,1015
198683,990,1015
198684,993,1008
198685,992,1005
198686,990,1006
198687,993,1008
198688,993,1012
198689,998,1013
198690,996,1011
198691,996,1010
198692,992,1007
198693,995,1007
198694,1000,1011
198695,1003,1011
198696,1003,1009
198697,1002,1010
198698,1001,1011
198699,1002,1010
198700,1006,1012
198701,1008,1013
198702,1010,1009
198703,1008,1009
198704,1004,1006
198705,1006,1010
198706,1008,1009
198707,1009,1015
198708,1007,1014
198709,1005,1017
198710,1002,1018
198711,1003,1018
198712,1003,1020
198713,1001,1022
198714,1004,1027
198715,1007,1024
198716,1005,1029
198717,1002,1028
198718,1002,1036
198719,1001,1039
198720,999,1041
198721,992,1040
198722,991,1041
198723,987,1043
198724,989,1047
198725,993,1048
198726,995,1052
198727,990,1049
198728,985,1050
198729,983,1050
198730,982,1053
198731,985,1054
198732,985,1053
198733,985,1051
198734,984,1050
198735,980,1052
198736,982,1054
198737,987,1056
198738,989,1055
198739,986,1053
198740,981,1052
198741,980,1052
198742,986,1055
198743,991,1055
198744,991,1052
198745,992,1047
198746,989,1048
198747,989,1049
198748,993,1054
198749,996,1058
198750,997,1055
198751,994,1052
198752,991,1048
198753,990,1047
198754,991,1049
198755,994,1051
198756,994,1050
198757,995,1047
198758,994,1045
198759,990,1048
198760,992,1050
198761,995,1050
198762,991,1047
198763,993,1045
198764,989,1046
198765,988,1052
198766,992,1058
198767,996,1060
198768,998,1056
198769,996,1045
198770,992,1032
198771,993,1030
198772,993,1031
198773,993,1033
198774,994,1032
198775,992,1029
198776,994,1029
198777,995,1034
198778,994,1041
198779,998,1043
198780,996,1042
198781,994,1038
198782,996,1038
198783,995,1041
198784,997,1045
198785,997,1047
198786,1000,1045
198787,999,1043
198788,997,1042
198789,995,1042
198790,998,1046
198791,1000,1048
198792,1000,1045
198793,998,1043
198794,996,1040
198795,996,1038
198796,998,1038
198797,1008,1037
198798,1018,1035
198799,1031,1034
198800,1047,1033
198801,1069,1031
198802,1103,1029
198803,1144,1026
198804,1189,1019
198805,1232,1014
198806,1272,1015
198807,1313,1028
198808,1349,1049
198809,1363,1071
198810,1347,1080
198811,1298,1079
198812,1230,1077
198813,1154,1087
198814,1079,1100
198815,1018,1103
198816,979,1094
198817,967,1084
198818,975,1070
198819,987,1062
198820,993,1056
198821,996,1050
198822,992,1047
198823,988,1042
198824,984,1041
198825,980,1043
198826,980,1049
198827,979,1049
198828,974,1046
198829,970,1046
198830,968,1046
198831,964,1051
198832,966,1056
198833,972,1062
198834,971,1059
198835,968,1056
198836,964,1044
198837,967,1042
198838,967,1040
198839,972,1037
198840,970,1037
198841,964,1032
198842,964,1034
198843,961,1036
198844,963,1042
198845,965,1047
198846,964,1041
198847,964,1037
198848,964,1036
198849,965,1037
198850,966,1040
198851,966,1041
198852,966,1039
198853,963,1039
198854,961,1037
198855,963,1041
198856,968,1044
198857,969,1048
198858,970,1046
198859,968,1042
198860,965,1040
198861,966,1040
198862,968,1043
198863,975,1042
198864,979,1039
198865,979,1036
198866,977,1036
198867,976,1034
198868,977,1036
198869,980,1035
198870,981,1031
198871,981,1028
198872,980,1026
198873,979,1025
198874,980,1025
198875,987,1027
198876,987,1023
198877,985,1018
198878,984,1016
198879,983,1014
198880,984,1015
198881,989,1016
198882,992,1013
198883,988,1007
198884,988,1004
198885,986,1003
198886,993,1005
198887,996,1008
198888,997,1006
198889,994,1002
198890,995,1003
198891,996,1002
198892,996,1001
198893,1003,1001
198894,1007,995
198895,1003,990
198896,1002,993
198897,1006,998
198898,1008,1001
198899,1012,1003
198900,1015,1004
198901,1013,1004
198902,1010,1003
198903,1010,1009
198904,1010,1013
198905,1009,1020
198906,1007,1021
198907,1004,1023
198908,1002,1025
198909,1000,1031
198910,1000,1039
198911,1005,1043
198912,1004,1040
198913,1005,1039
198914,997,1036
198915,994,1038
198916,993,1042
198917,995,1045
198918,992,1046
198919,993,1049
198920,989,1050
198921,990,1055
198922,991,1054
198923,990,1050
198924,988,1047
198925,985,1044
198926,984,1045
198927,981,1045
198928,984,1047
198929,986,1049
198930,986,1047
198931,985,1046
198932,985,1043
198933,982,1050
198934,986,1049
198935,987,1048
198936,990,1048
198937,986,1048
198938,984,1046
198939,985,1050
198940,988,1053
198941,989,1055
198942,989,1053
198943,988,1049
198944,987,1044
198945,989,1048
198946,991,1051
198947,992,1052
198948,993,1052
198949,992,1048
198950,989,1048
198951,992,1049
198952,991,1052
198953,995,1054
198954,995,1050
198955,994,1047
198956,989,1044
198957,990,1043
198958,990,1046
198959,994,1047
198960,994,1046
198961,992,1042
198962,991,1042
198963,986,1042
198964,988,1046
198965,989,1045
198966,991,1044
198967,988,1043
198968,987,1044
198969,989,1045
198970,991,1046
198971,992,1049
198972,988,1047
198973,985,1048
198974,986,1042
198975,986,1040
198976,987,1041
198977,991,1042
198978,994,1036
198979,991,1036
198980,990,1034
198981,987,1036
198982,989,1039
198983,989,1039
198984,990,1043
198985,989,1038
198986,988,1039
198987,988,1042
198988,991,1044
198989,997,1046
198990,999,1043
198991,996,1042
198992,993,1041
198993,993,1041
198994,993,1045
198995,996,1046
198996,996,1046
198997,995,1042
198998,989,1038
198999,993,1037
199000,998,1038
199001,1006,1038
199002,1015,1034
199003,1030,1031
199004,1053,1026
199005,1087,1024
199006,1127,1020
199007,1175,1014
199008,1224,1008
199009,1269,1008
199010,1309,1017
199011,1334,1037
199012,1337,1055
199013,1307,1065
199014,1246,1063
199015,1171,1063
199016,1095,1073
199017,1029,1082
199018,981,1086
199019,959,1087
199020,957,1078
199021,970,1064
199022,976,1053
199023,985,1044
199024,984,1044
199025,985,1044
199026,985,1044
199027,981,1038
199028,975,1038
199029,973,1039
199030,972,1045
199031,974,1045
199032,969,1046
199033,969,1041
199034,965,1038
199035,967,1042
199036,972,1042
199037,973,1046
199038,971,1044
199039,969,1039
199040,965,1038
199041,965,1039
199042,967,1044
199043,967,1047
199044,967,1047
199045,964,1041
199046,959,1040
199047,957,1039
199048,961,1041
199049,965,1043
199050,966,1040
199051,967,1036
199052,966,1033
199053,965,1034
199054,968,1037
199055,969,1040
199056,966,1040
199057,964,1040
199058,961,1038
199059,960,1039
199060,963,1039
199061,967,1039
199062,965,1038
199063,966,1038
199064,961,1034
199065,959,1037
199066,961,1038
199067,965,1039
199068,965,1035
199069,964,1034
199070,965,1032
199071,971,1030
199072,974,1027
199073,978,1032
199074,977,1028
199075,973,1024
199076,967,1021
199077,968,1021
199078,973,1023
199079,978,1024
199080,980,1021
199081,977,1019
199082,975,1018
199083,976,1016
199084,981,1017
199085,984,1017
199086,982,1014
199087,982,1007
199088,979,1008
199089,982,1007
199090,985,1011
199091,994,1012
199092,996,1011
199093,993,1008
199094,994,1007
199095,993,1009
199096,994,1011
199097,995,1011
199098,993,1012
199099,992,1006
199100,992,1006
199101,999,1004
199102,1003,1008
199103,1009,1006
199104,1007,1007
199105,1006,1006
199106,1004,1006
199107,1002,1012
199108,1002,1016
199109,1006,1020
199110,1005,1021
199111,1004,1022
199112,1003,1023
199113,1002,1025
199114,1000,1034
199115,1001,1037
199116,1004,1039
199117,1000,1041
199118,996,1037
199119,994,1037
199120,993,1040
199121,996,1042
199122,995,1043
199123,991,1039
199124,985,1040
199125,982,1039
199126,983,1044
199127,984,1049
199128,985,1046
199129,983,1042
199130,979,1046
199131,980,1048
199132,984,1047
199133,987,1051
199134,987,1047
199135,983,1046
199136,982,1046
199137,981,1050
199138,984,1051
199139,987,1053
199140,991,1050
199141,987,1049
199142,985,1045
199143,988,1047
199144,988,1047
199145,990,1050
199146,990,1050
199147,984,1044
199148,986,1043
199149,989,1044
199150,990,1047
199151,993,1047
199152,993,1048
199153,992,1044
199154,987,1045
199155,987,1045
199156,991,1049
199157,994,1050
199158,992,1048
199159,990,1046
199160,987,1042
199161,987,1041
199162,989,1042
199163,990,1045
199164,989,1044
199165,987,1044
199166,986,1042
199167,988,1046
199168,992,1048
199169,994,1051
199170,992,1049
199171,989,1045
199172,986,1044
199173,983,1046
199174,987,1051
199175,990,1051
199176,993,1049
199177,987,1045
199178,984,1044
199179,985,1046
199180,987,1051
199181,990,1051
199182,994,1048
199183,987,1047
199184,986,1043
199185,985,1044
199186,984,1047
199187,991,1048
199188,989,1046
199189,988,1043
199190,984,1044
199191,984,1043
199192,985,1046
199193,985,1050
199194,985,1048
199195,985,1047
199196,981,1044
199197,981,1047
199198,981,1048
199199,985,1048
199200,987,1046
199201,987,1044
199202,984,1040
199203,984,1042
199204,984,1045
199205,989,1047
199206,988,1047
199207,985,1044
199208,983,1040
199209,984,1038
199210,986,1041
199211,990,1042
199212,987,1041
199213,984,1041
199214,979,1042
199215,978,1046
199216,983,1048
199217,989,1050
199218,989,1048
199219,986,1048
199220,983,1048
199221,981,1047
199222,982,1051
199223,985,1053
199224,986,1049
199225,983,1048
199226,982,1046
199227,984,1047
199228,988,1046
199229,990,1047
199230,987,1048
199231,984,1044
199232,980,1041
199233,979,1045
199234,985,1046
199235,989,1046
199236,991,1045
199237,989,1042
199238,986,1041
199239,984,1044
199240,987,1046
199241,991,1047
199242,990,1046
199243,988,1044
199244,992,1038
199245,1002,1039
199246,1018,1039
199247,1039,1037
199248,1062,1031
199249,1089,1026
199250,1123,1019
199251,1164,1007
199252,1208,999
199253,1251,996
199254,1289,1001
199255,1313,1016
199256,1301,1038
199257,1256,1056
199258,1191,1061
199259,1115,1065
199260,1039,1075
199261,978,1084
199262,948,1089
199263,951,1092
199264,969,1082
199265,983,1073
199266,989,1063
199267,988,1051
199268,983,1046
199269,979,1045
199270,979,1048
199271,976,1051
199272,973,1051
199273,969,1047
199274,967,1049
199275,968,1052
199276,968,1052
199277,969,1051
199278,968,1044
199279,967,1041
199280,966,1038
199281,966,1041
199282,969,1047
199283,970,1049
199284,969,1049
199285,966,1048
199286,965,1048
199287,962,1047
199288,962,1050
199289,964,1048
199290,965,1046
199291,965,1040
199292,965,1039
199293,964,1041
199294,966,1043
199295,968,1048
199296,968,1047
199297,964,1047
199298,961,1046
199299,961,1048
199300,966,1051
199301,969,1051
199302,969,1049
199303,971,1046
199304,969,1044
199305,971,1045
199306,971,1045
199307,976,1046
199308,974,1046
199309,974,1041
199310,973,1041
199311,973,1040
199312,977,1040
199313,979,1043
199314,978,1042
199315,979,1041
199316,976,1038
199317,977,1037
199318,978,1035
199319,981,1030
199320,985,1028
199321,985,1022
199322,983,1020
199323,981,1022
199324,985,1026
199325,986,1027
199326,986,1024
199327,986,1019
199328,985,1016
199329,984,1017
199330,989,1019
199331,989,1018
199332,988,1017
199333,987,1016
199334,984,1013
199335,982,1015
199336,989,1013
199337,995,1014
199338,999,1012
199339,997,1009
199340,996,1008
199341,1000,1012
199342,1003,1016
199343,1007,1018
199344,1008,1018
199345,1009,1018
199346,1010,1015
199347,1010,1021
199348,1011,1026
199349,1013,1027
199350,1016,1027
199351,1016,1024
199352,1008,1024
199353,1009,1030
199354,1011,1032
199355,1012,1038
199356,1013,1039
199357,1011,1038
199358,1006,1037
199359,1004,1038
199360,1003,1044
199361,1001,1047
199362,997,1046
199363,994,1048
199364,987,1045
199365,984,1051
199366,986,1056
199367,990,1054
199368,992,1051
199369,988,1045
199370,982,1044
199371,984,1046
199372,986,1051
199373,988,1054
199374,990,1051
199375,990,1049
199376,987,1049
199377,988,1049
199378,991,1050
199379,993,1052
199380,989,1050
199381,985,1048
199382,979,1050
199383,983,1053
199384,985,1056
199385,989,1055
199386,991,1050
199387,992,1045
199388,986,1045
199389,984,1047
199390,988,1046
199391,989,1049
199392,991,1051
199393,990,1046
199394,988,1045
199395,988,1045
199396,991,1050
199397,993,1048
199398,994,1049
199399,993,1050
199400,989,1048
199401,988,1049
199402,996,1049
199403,997,1052
199404,995,1049
199405,992,1047
199406,991,1041
199407,993,1044
199408,994,1045
199409,1000,1048
199410,999,1047
199411,996,1044
199412,995,1045
199413,994,1045
199414,996,1046
199415,1002,1048
199416,1002,1046
199417,1000,1044
199418,995,1043
199419,996,1045
199420,994,1046
199421,998,1048
199422,999,1047
199423,999,1043
199424,997,1044
199425,998,1046
199426,998,1047
199427,1000,1048
199428,1002,1045
199429,998,1046
199430,997,1047
199431,997,1045
199432,998,1044
199433,1002,1045
199434,1005,1041
199435,1013,1036
199436,1018,1035
199437,1032,1035
199438,1052,1033
199439,1082,1032
199440,1120,1021
199441,1160,1016
199442,1203,1010
199443,1252,1014
199444,1300,1031
199445,1328,1055
199446,1339,1077
199447,1318,1087
199448,1261,1087
199449,1194,1091
199450,1124,1097
199451,1059,1110
199452,1008,1111
199453,973,1107
199454,969,1098
199455,975,1089
199456,990,1078
199457,998,1066
199458,998,1055
199459,991,1047
199460,984,1044
199461,983,1047
199462,984,1048
199463,988,1050
199464,987,1048
199465,983,1046
199466,978,1043
199467,974,1044
199468,978,1048
199469,978,1048
199470,975,1045
199471,972,1045
199472,972,1045
199473,972,1047
199474,974,1049
199475,974,1048
199476,975,1046
199477,971,1042
199478,968,1041
199479,968,1041
199480,970,1046
199481,974,1047
199482,973,1044
199483,968,1038
199484,965,1040
199485,966,1043
199486,969,1047
199487,969,1047
199488,969,1048
199489,971,1046
199490,969,1042
199491,971,1046
199492,974,1048
199493,977,1050
199494,978,1048
199495,973,1043
199496,968,1040
199497,969,1041
199498,971,1043
199499,972,1044
199500,972,1043
199501,970,1037
199502,969,1037
199503,970,1039
199504,972,1040
199505,976,1038
199506,974,1034
199507,971,1031
199508,967,1029
199509,970,1031
199510,970,1033
199511,971,1035
199512,973,1030
199513,975,1028
199514,975,1025
199515,974,1025
199516,979,1025
199517,982,1024
199518,984,1020
199519,981,1016
199520,981,1011
199521,984,1013
199522,987,1013
199523,988,1013
199524,990,1011
199525,989,1008
199526,986,1006
199527,986,1007
199528,988,1005
199529,989,1004
199530,990,1005
199531,986,1000
199532,987,1000
199533,991,1001
199534,996,999
199535,1000,1005
199536,1004,1002
199537,1001,999
199538,1001,1002
199539,1001,1004
199540,1004,1007
199541,1009,1007
199542,1008,1009
199543,1007,1005
199544,1007,1004
199545,1009,1007
199546,1013,1012
199547,1013,1017
199548,1010,1014
199549,1006,1016
199550,1004,1017
199551,1003,1021
199552,1000,1025
199553,1005,1031
199554,1005,1030
199555,1005,1030
199556,1001,1028
199557,996,1032
199558,995,1036
199559,997,1040
199560,997,1038
199561,995,1039
199562,992,1038
199563,994,1040
199564,993,1047
199565,992,1051
199566,991,1049
199567,987,1049
199568,982,1046
199569,982,1051
199570,985,1054
199571,989,1055
199572,990,1050
199573,987,1053
199574,983,1051
199575,982,1053
199576,987,1053
199577,989,1056
199578,989,1052
199579,988,1051
199580,984,1049
199581,984,1052
199582,985,1053
199583,990,1054
199584,992,1054
199585,992,1051
199586,987,1050
199587,986,1053
199588,987,1056
199589,989,1056
199590,986,1053
199591,985,1053
199592,986,1051
199593,988,1053
199594,991,1054
199595,996,1053
199596,995,1049
199597,994,1044
199598,989,1043
199599,989,1046
199600,992,1049
199601,996,1049
199602,994,1047
199603,994,1043
199604,991,1041
199605,991,1044
199606,995,1045
199607,996,1046
199608,992,1044
199609,990,1043
199610,988,1039
199611,990,1043
199612,989,1048
199613,994,1046
199614,995,1045
199615,997,1042
199616,994,1040
199617,992,1043
199618,993,1045
199619,994,1047
199620,995,1046
199621,992,1043
199622,992,1045
199623,991,1044
199624,998,1049
199625,1001,1054
199626,1001,1053
199627,995,1051
199628,993,1047
199629,992,1050
199630,991,1053
199631,991,1054
199632,992,1055
199633,991,1050
199634,990,1047
199635,990,1050
199636,994,1050
199637,994,1051
199638,993,1048
199639,990,1044
199640,988,1041
199641,987,1045
199642,992,1048
199643,995,1049
199644,995,1048
199645,991,1046
199646,989,1043
199647,991,1043
199648,991,1045
199649,988,1047
199650,988,1046
199651,986,1043
199652,983,1043
199653,984,1045
199654,986,1048
199655,991,1049
199656,991,1045
199657,989,1043
199658,987,1043
199659,983,1042
199660,983,1045
199661,987,1046
199662,993,1043
199663,992,1043
199664,986,1039
199665,988,1039
199666,993,1037
199667,1001,1040
199668,1010,1035
199669,1021,1032
199670,1034,1029
199671,1060,1033
199672,1091,1034
199673,1129,1027
199674,1171,1016
199675,1214,1005
199676,1256,999
199677,1297,1001
199678,1325,1015
199679,1330,1037
199680,1301,1052
199681,1247,1056
199682,1179,1051
199683,1112,1056
199684,1051,1069
199685,1009,1079
199686,979,1085
199687,963,1085
199688,962,1084
199689,972,1081
199690,983,1072
199691,993,1065
199692,992,1053
199693,991,1045
199694,985,1044
199695,983,1044
199696,981,1046
199697,982,1045
199698,977,1046
199699,974,1042
199700,971,1042
199701,971,1041
199702,970,1045
199703,974,1048
199704,976,1046
199705,971,1044
199706,968,1045
199707,969,1046
199708,967,1048
199709,970,1051
199710,973,1049
199711,969,1046
199712,964,1043
199713,963,1046
199714,967,1049
199715,969,1050
199716,968,1047
199717,970,1041
199718,964,1042
199719,964,1045
199720,965,1045
199721,968,1048
199722,968,1046
199723,967,1042
199724,965,1039
199725,967,1041
199726,970,1044
199727,973,1047
199728,975,1044
199729,973,1041
199730,968,1042
199731,969,1041
199732,970,1044
199733,972,1045
199734,972,1043
199735,973,1040
199736,973,1039
199737,971,1038
199738,972,1038
199739,975,1042
199740,978,1039
199741,977,1035
199742,972,1034
199743,975,1036
199744,978,1037
199745,981,1036
199746,983,1034
199747,984,1030
199748,981,1029
199749,983,1029
199750,985,1032
199751,990,1029
199752,987,1027
199753,983,1022
199754,985,1018
199755,985,1018
199756,989,1017
199757,991,1019
199758,990,1016
199759,988,1011
199760,988,1010
199761,987,1012
199762,989,1013
199763,993,1012
199764,995,1011
199765,993,1004
199766,992,1006
199767,991,1006
199768,994,1005
199769,999,1005
199770,997,1006
199771,997,999
199772,992,998
199773,992,1003
199774,995,1006
199775,1000,1009
199776,1003,1007
199777,1006,1009
199778,1004,1007
199779,1005,1008
199780,1007,1012
199781,1010,1014
199782,1008,1015
199783,1006,1014
199784,1002,1015
199785,1000,1019
199786,1002,1023
199787,1005,1026
199788,1005,1026
199789,1006,1026
199790,1005,1025
199791,1004,1027
199792,1003,1035
199793,1005,1038
199794,1006,1041
199795,1003,1041
199796,1003,1043
199797,1003,1045
199798,1003,1048
199799,1004,1049
199800,998,1050
199801,994,1050
199802,989,1045
199803,988,1053
199804,988,1054
199805,990,1052
199806,992,1049
199807,989,1047
199808,986,1045
199809,987,1046
199810,992,1050
199811,993,1050
199812,988,1047
199813,985,1044
199814,978,1043
199815,982,1045
199816,987,1048
199817,989,1050
199818,992,1046
199819,988,1047
199820,982,1046
199821,981,1046
199822,984,1046
199823,989,1048
199824,990,1048
199825,989,1045
199826,990,1042
199827,991,1041
199828,992,1043
199829,997,1045
199830,1000,1043
199831,1001,1042
199832,1005,1041
199833,1011,1043
199834,1018,1048
199835,1024,1050
199836,1024,1051
199837,1025,1050
199838,1023,1050
199839,1029,1052
199840,1045,1052
199841,1063,1047
199842,1073,1035
199843,1081,1014
199844,1091,998
199845,1105,989
199846,1124,980
199847,1144,968
199848,1159,953
199849,1170,937
199850,1185,921
199851,1202,904
199852,1219,885
199853,1237,867
199854,1249,850
199855,1257,839
199856,1260,827
199857,1257,821
199858,1256,819
199859,1254,820
199860,1252,821
199861,1248,819
199862,1243,819
199863,1236,820
199864,1228,823
199865,1215,826
199866,1194,828
199867,1171,832
199868,1146,839
199869,1119,851
199870,1102,865
199871,1087,875
199872,1077,882
199873,1066,892
199874,1054,901
199875,1049,917
199876,1049,930
199877,1044,941
199878,1041,949
199879,1039,956
199880,1043,965
199881,1057,974
199882,1076,983
199883,1095,987
199884,1106,990
199885,1098,987
199886,1062,992
199887,1015,1002
199888,977,1016
199889,956,1032
199890,942,1043
199891,936,1055
199892,927,1066
199893,920,1080
199894,919,1089
199895,916,1096
199896,908,1095
199897,902,1098
199898,896,1098
199899,895,1099
199900,895,1101
199901,895,1105
199902,895,1104
199903,890,1104
199904,887,1105
199905,883,1108
199906,887,1112
199907,890,1112
199908,891,1112
199909,886,1111
199910,883,1114
199911,881,1115
199912,879,1122
199913,880,1122
199914,877,1121
199915,875,1121
199916,869,1120
199917,866,1124
199918,865,1128
199919,868,1132
199920,865,1131
199921,864,1128
199922,860,1131
199923,861,1132
199924,864,1137
199925,866,1142
199926,861,1143
199927,857,1145
199928,854,1148
199929,852,1149
199930,857,1156
199931,856,1159
199932,855,1156
199933,853,1156
199934,848,1156
199935,846,1159
199936,847,1164
199937,850,1168
199938,850,1169
199939,844,1168
199940,844,1171
199941,846,1173
199942,851,1180
199943,856,1184
199944,858,1181
199945,857,1181
199946,857,1178
199947,858,1184
199948,860,1187
199949,862,1188
199950,863,1186
199951,862,1183
199952,866,1181
199953,870,1177
199954,875,1180
199955,878,1179
199956,880,1175
199957,883,1168
199958,887,1160
199959,896,1159
199960,902,1156
199961,907,1155
199962,911,1148
199963,912,1141
199964,911,1136
199965,913,1134
199966,919,1134
199967,925,1131
199968,928,1125
199969,929,1117
199970,930,1112
199971,933,1108
199972,938,1109
199973,943,1108
199974,945,1100
199975,945,1093
199976,945,1088
199977,949,1088
199978,953,1087
199979,958,1085
199980,956,1076
199981,950,1071
199982,949,1068
199983,953,1067
199984,958,1069
199985,963,1066
199986,966,1062
199987,965,1055
199988,960,1055
199989,963,1056
199990,967,1058
199991,969,1060
199992,966,1059
199993,967,1052
199994,967,1051
199995,966,1052
199996,968,1052
199997,972,1052
199998,974,1046
199999,971,1041
200000,971,1039
200001,971,1040
200002,971,1045
200003,974,1045
200004,975,1044
200005,971,1037
200006,971,1039
200007,971,1037
200008,974,1040
200009,974,1041
200010,972,1042
200011,970,1038
200012,967,1039
200013,965,1040
200014,968,1043
200015,972,1045
200016,975,1044
200017,974,1040
200018,973,1042
200019,976,1039
200020,979,1044
200021,982,1045
200022,982,1044
200023,982,1040
200024,983,1038
200025,983,1039
200026,984,1039
200027,985,1040
200028,984,1037
200029,983,1034
200030,980,1035
200031,981,1036
200032,985,1035
200033,984,1036
200034,984,1035
200035,983,1035
200036,982,1034
200037,980,1037
200038,977,1038
200039,981,1038
200040,980,1039
200041,983,1034
200042,981,1035
200043,979,1037
200044,979,1038
200045,982,1040
200046,980,1035
200047,978,1034
200048,978,1035
200049,982,1035
200050,984,1038
200051,988,1038
200052,984,1036
200053,978,1032
200054,976,1034
200055,977,1037
200056,978,1040
200057,980,1041
200058,978,1037
200059,975,1032
200060,976,1031
200061,978,1033
200062,977,1035
200063,981,1039
200064,981,1037
200065,978,1036
200066,975,1035
200067,976,1036
200068,980,1039
200069,983,1043
200070,984,1045
200071,981,1041
200072,980,1039
200073,981,1043
200074,985,1044
200075,990,1048
200076,986,1043
200077,982,1042
200078,977,1040
200079,978,1043
200080,986,1046
200081,986,1047
200082,983,1045
200083,980,1039
200084,980,1037
200085,982,1036
200086,983,1034
200087,981,1035
200088,982,1032
200089,983,1030
200090,982,1030
200091,984,1032
200092,986,1032
200093,989,1034
200094,983,1028
200095,977,1027
200096,975,1027
200097,977,1035
200098,983,1034
200099,982,1033
200100,980,1032
200101,980,1035
200102,974,1033
200103,974,1035
200104,980,1036
200105,982,1036
200106,983,1035
200107,977,1033
200108,971,1031
200109,970,1033
200110,973,1036
200111,976,1038
200112,978,1038
200113,978,1035
200114,975,1035
200115,975,1036
200116,977,1039
200117,980,1038
200118,982,1039
200119,984,1038
200120,983,1036
200121,984,1040
200122,988,1042
200123,988,1042
200124,984,1039
200125,984,1039
200126,981,1038
200127,979,1040
200128,981,1042
200129,984,1044
200130,984,1041
200131,979,1040
200132,977,1040
200133,980,1041
200134,984,1042
200135,986,1043
200136,986,1038
200137,982,1036
200138,981,1034
200139,984,1037
200140,986,1040
200141,990,1037
200142,988,1036
200143,982,1032
200144,981,1034
200145,982,1035
200146,987,1038
200147,989,1038
200148,984,1036
200149,981,1036
200150,979,1037
200151,981,1039
200152,983,1042
200153,984,1041
200154,982,1039
200155,977,1035
200156,975,1035
200157,978,1037
200158,983,1039
200159,988,1038
200160,987,1035
200161,984,1032
200162,982,1033
200163,981,1034
200164,985,1036
200165,990,1038
200166,989,1036
200167,990,1034
200168,987,1032
200169,985,1034
200170,985,1035
200171,988,1038
200172,991,1036
200173,991,1032
200174,988,1032
200175,987,1035
200176,987,1037
200177,987,1039
200178,992,1037
200179,989,1036
200180,988,1034
200181,986,1036
200182,992,1039
200183,997,1038
200184,992,1037
200185,986,1033
200186,982,1032
200187,983,1037
200188,985,1039
200189,988,1041
200190,989,1038
200191,985,1036
200192,982,1035
200193,985,1038
200194,987,1040
200195,988,1040
200196,986,1039
200197,984,1034
200198,984,1034
200199,983,1036
200200,988,1039
200201,994,1038
200202,990,1033
200203,989,1033
200204,987,1031
200205,986,1030
200206,989,1035
200207,992,1037
200208,993,1034
200209,991,1028
200210,990,1026
200211,989,1028
200212,992,1029
200213,994,1032
200214,991,1027
200215,989,1023
200216,986,1022
200217,984,1027
200218,990,1029
200219,997,1031
200220,1001,1029
200221,1006,1027
200222,1014,1020
200223,1025,1022
200224,1042,1018
200225,1061,1019
200226,1080,1017
200227,1108,1012
200228,1140,1007
200229,1180,1000
200230,1225,997
200231,1265,994
200232,1301,993
200233,1328,1000
200234,1336,1017
200235,1323,1035
200236,1284,1047
200237,1228,1047
200238,1168,1044
200239,1107,1046
200240,1039,1055
200241,979,1067
200242,949,1076
200243,951,1079
200244,967,1078
200245,972,1063
200246,978,1050
200247,982,1041
200248,986,1041
200249,989,1036
200250,985,1031
200251,981,1029
200252,977,1028
200253,973,1028
200254,971,1031
200255,974,1031
200256,973,1031
200257,970,1026
200258,967,1024
200259,969,1028
200260,970,1030
200261,970,1029
200262,969,1029
200263,967,1028
200264,965,1027
200265,965,1030
200266,967,1031
200267,966,1031
200268,965,1029
200269,966,1025
200270,964,1025
200271,965,1026
200272,968,1031
200273,974,1032
200274,975,1030
200275,974,1027
200276,969,1027
200277,965,1030
200278,968,1033
200279,972,1034
200280,967,1031
200281,967,1031
200282,969,1033
200283,971,1031
200284,974,1034
200285,975,1036
200286,974,1031
200287,968,1027
200288,964,1029
200289,961,1031
200290,966,1031
200291,969,1031
200292,970,1026
200293,966,1023
200294,968,1023
200295,970,1025
200296,971,1024
200297,975,1025
200298,975,1021
200299,974,1017
200300,971,1012
200301,969,1015
200302,971,1016
200303,978,1016
200304,981,1015
200305,979,1011
200306,975,1010
200307,976,1007
200308,981,1010
200309,986,1009
200310,984,1004
200311,983,1003
200312,984,1000
200313,987,998
200314,994,1002
200315,1000,1002
200316,1000,998
200317,999,995
200318,995,995
200319,994,999
200320,997,1003
200321,1003,1004
200322,1007,1001
200323,1003,998
200324,1002,997
200325,1004,999
200326,1008,1001
200327,1014,1000
200328,1013,1000
200329,1008,996
200330,1006,995
200331,1008,997
200332,1012,998
200333,1017,1002
200334,1017,998
200335,1016,994
200336,1015,997
200337,1016,999
200338,1019,1002
200339,1023,1003
200340,1020,1001
200341,1016,1000
200342,1015,1003
200343,1012,1002
200344,1012,1008
200345,1016,1010
200346,1016,1007
200347,1014,1007
200348,1009,1006
200349,1008,1007
200350,1008,1012
200351,1010,1015
200352,1009,1013
200353,1009,1013
200354,1004,1014
200355,1003,1018
200356,1003,1022
200357,1004,1022
200358,1000,1022
200359,996,1019
200360,991,1018
200361,990,1024
200362,993,1026
200363,997,1029
200364,1001,1028
200365,996,1026
200366,990,1026
200367,989,1029
200368,991,1033
200369,994,1033
200370,990,1033
200371,987,1032
200372,985,1031
200373,988,1032
200374,990,1038
200375,994,1038
200376,994,1038
200377,990,1036
200378,989,1034
200379,990,1036
200380,995,1040
200381,997,1039
200382,994,1037
200383,988,1035
200384,985,1033
200385,988,1037
200386,991,1038
200387,995,1039
200388,992,1039
200389,989,1032
200390,991,1031
200391,993,1032
200392,995,1035
200393,999,1033
200394,999,1032
200395,999,1028
200396,999,1026
200397,1000,1028
200398,1000,1029
200399,1002,1032
200400,1004,1030
200401,1003,1025
200402,1000,1024
200403,996,1025
200404,1001,1027
200405,1006,1027
200406,1007,1025
200407,1008,1023
200408,1000,1020
200409,1000,1024
200410,1003,1024
200411,1005,1025
200412,1007,1025
200413,1005,1023
200414,1004,1023
200415,1006,1024
200416,1006,1024
200417,1008,1023
200418,1005,1022
200419,1001,1018
200420,1001,1018
200421,1002,1026
200422,1003,1030
200423,1006,1025
200424,1003,1025
200425,1002,1021
200426,1001,1020
200427,1000,1021
200428,1000,1024
200429,1004,1025
200430,1005,1022
200431,1004,1022
200432,1003,1021
200433,996,1024
200434,992,1027
200435,994,1027
200436,995,1025
200437,996,1022
200438,992,1023
200439,997,1027
200440,999,1031
200441,1000,1032
200442,999,1029
200443,994,1025
200444,991,1027
200445,990,1027
200446,993,1029
200447,995,1031
200448,994,1030
200449,990,1028
200450,986,1026
200451,988,1028
200452,987,1031
200453,991,1033
200454,991,1029
200455,989,1026
200456,988,1023
200457,989,1023
200458,991,1028
200459,994,1029
200460,994,1028
200461,990,1024
200462,990,1024
200463,993,1026
200464,997,1028
200465,1000,1028
200466,996,1025
200467,992,1023
200468,994,1025
200469,994,1026
200470,996,1029
200471,1002,1026
200472,1009,1022
200473,1018,1018
200474,1026,1015
200475,1040,1016
200476,1068,1016
200477,1102,1016
200478,1134,1010
200479,1174,997
200480,1217,989
200481,1263,987
200482,1301,992
200483,1332,1002
200484,1345,1018
200485,1335,1034
200486,1302,1042
200487,1249,1049
200488,1194,1052
200489,1132,1054
200490,1063,1060
200491,991,1067
200492,943,1078
200493,927,1088
200494,937,1096
200495,959,1090
200496,971,1076
200497,975,1059
200498,976,1045
200499,977,1039
200500,979,1039
200501,981,1035
200502,983,1033
200503,980,1027
200504,972,1022
200505,969,1023
200506,969,1026
200507,973,1026
200508,971,1026
200509,964,1021
200510,964,1020
200511,965,1025
200512,972,1024
200513,970,1024
200514,967,1023
200515,961,1020
200516,960,1020
200517,960,1023
200518,965,1023
200519,969,1021
200520,966,1021
200521,967,1021
200522,966,1020
200523,965,1021
200524,966,1024
200525,969,1022
200526,970,1023
200527,969,1018
200528,963,1020
200529,965,1024
200530,970,1030
200531,973,1029
200532,971,1028
200533,969,1025
200534,969,1028
200535,971,1027
200536,972,1030
200537,975,1030
200538,971,1028
200539,968,1022
200540,969,1022
200541,969,1025
200542,970,1027
200543,975,1026
200544,977,1025
200545,977,1019
200546,975,1019
200547,974,1017
200548,976,1020
200549,980,1021
200550,980,1017
200551,981,1014
200552,980,1011
200553,980,1012
200554,984,1015
200555,987,1009
200556,988,1006
200557,983,1000
200558,984,997
200559,990,995
200560,993,995
200561,997,993
200562,996,989
200563,994,985
200564,993,983
200565,994,983
200566,997,983
200567,1002,986
200568,1003,981
200569,1004,978
200570,1002,977
200571,1004,976
200572,1004,980
200573,1007,980
200574,1009,978
200575,1008,975
200576,1008,975
200577,1008,979
200578,1010,983
200579,1013,981
200580,1014,984
200581,1012,980
200582,1013,985
200583,1011,989
200584,1015,992
200585,1016,996
200586,1013,997
200587,1008,995
200588,1007,1002
200589,1006,1006
200590,1005,1010
200591,1006,1012
200592,1006,1014
200593,1002,1014
200594,997,1015
200595,995,1017
200596,996,1022
200597,997,1025
200598,996,1024
200599,990,1024
200600,984,1023
200601,982,1024
200602,982,1028
200603,984,1030
200604,981,1030
200605,976,1029
200606,973,1029
200607,970,1033
200608,969,1037
200609,975,1041
200610,975,1037
200611,975,1035
200612,972,1032
200613,975,1035
200614,977,1036
200615,976,1039
200616,972,1034
200617,973,1032
200618,972,1030
200619,975,1032
200620,978,1037
200621,980,1038
200622,981,1036
200623,980,1033
200624,977,1032
200625,976,1036
200626,982,1040
200627,988,1040
200628,989,1035
200629,984,1035
200630,981,1033
200631,987,1037
200632,995,1039
200633,994,1040
200634,992,1038
200635,989,1036
200636,990,1037
200637,992,1037
200638,994,1037
200639,1000,1039
200640,999,1034
200641,995,1030
200642,995,1029
200643,994,1030
200644,994,1035
200645,995,1032
200646,993,1029
200647,992,1027
200648,989,1027
200649,989,1029
200650,990,1031
200651,994,1028
200652,992,1025
200653,989,1025
200654,986,1025
200655,984,1028
200656,987,1032
200657,992,1032
200658,990,1029
200659,990,1025
200660,987,1026
200661,988,1029
200662,990,1031
200663,992,1031
200664,991,1031
200665,988,1029
200666,987,1029
200667,986,1032
200668,991,1037
200669,995,1036
200670,995,1031
200671,995,1031
200672,992,1032
200673,989,1034
200674,990,1037
200675,992,1035
200676,992,1036
200677,993,1032
200678,991,1030
200679,990,1032
200680,993,1034
200681,995,1035
200682,998,1033
200683,998,1029
200684,995,1029
200685,994,1028
200686,997,1029
200687,1010,1025
200688,1022,1021
200689,1031,1017
200690,1045,1017
200691,1070,1018
200692,1103,1021
200693,1148,1020
200694,1195,1010
200695,1240,1000
200696,1282,999
200697,1320,1007
200698,1350,1021
200699,1355,1038
200700,1330,1049
200701,1277,1047
200702,1206,1044
200703,1126,1048
200704,1047,1058
200705,980,1070
200706,942,1078
200707,937,1079
200708,952,1076
200709,961,1068
200710,973,1058
200711,981,1051
200712,979,1043
200713,977,1034
200714,972,1031
200715,967,1030
200716,969,1029
200717,970,1032
200718,965,1027
200719,964,1027
200720,962,1026
200721,962,1030
200722,966,1032
200723,970,1032
200724,967,1028
200725,964,1028
200726,966,1026
200727,966,1030
200728,970,1031
200729,977,1034
200730,976,1030
200731,973,1027
200732,969,1024
200733,969,1029
200734,970,1030
200735,973,1031
200736,973,1032
200737,970,1027
200738,970,1027
200739,974,1030
200740,974,1032
200741,976,1030
200742,977,1030
200743,972,1026
200744,971,1026
200745,970,1028
200746,973,1032
200747,977,1032
200748,977,1030
200749,973,1029
200750,968,1026
200751,971,1029
200752,973,1030
200753,975,1031
200754,976,1026
200755,974,1023
200756,970,1022
200757,969,1023
200758,972,1026
200759,976,1024
200760,977,1020
200761,977,1014
200762,978,1011
200763,977,1009
200764,980,1009
200765,984,1008
200766,986,1005
200767,989,1000
200768,996,999
200769,999,998
200770,999,997
200771,996,999
200772,991,1000
200773,989,998
200774,988,993
200775,991,994
200776,999,994
200777,1004,993
200778,1008,989
200779,1009,985
200780,1010,982
200781,1015,987
200782,1018,988
200783,1020,986
200784,1020,984
200785,1019,982
200786,1017,981
200787,1016,985
200788,1020,988
200789,1025,990
200790,1021,991
200791,1021,990
200792,1019,987
200793,1017,994
200794,1019,998
200795,1021,1003
200796,1021,1001
200797,1020,1003
200798,1015,1006
200799,1016,1010
200800,1016,1014
200801,1016,1017
200802,1012,1018
200803,1003,1017
200804,1000,1018
200805,995,1024
200806,999,1026
200807,999,1027
200808,995,1025
200809,989,1024
200810,988,1025
200811,986,1025
200812,986,1029
200813,983,1030
200814,983,1030
200815,981,1032
200816,978,1028
200817,976,1033
200818,980,1033
200819,984,1034
200820,984,1034
200821,981,1030
200822,977,1030
200823,978,1032
200824,982,1033
200825,987,1036
200826,983,1035
200827,980,1036
200828,974,1034
200829,979,1035
200830,982,1043
200831,987,1042
200832,988,1037
200833,988,1035
200834,989,1036
200835,989,1037
200836,996,1042
200837,1000,1040
200838,1001,1040
200839,998,1038
200840,998,1040
200841,1001,1039
200842,1006,1044
200843,1010,1046
200844,1013,1042
200845,1016,1038
200846,1018,1041
200847,1025,1045
200848,1031,1051
200849,1040,1051
200850,1047,1050
200851,1055,1047
200852,1065,1040
200853,1077,1031
200854,1089,1022
200855,1103,1006
200856,1118,992
200857,1132,977
200858,1148,966
200859,1164,953
200860,1183,942
200861,1203,926
200862,1218,903
200863,1233,879
200864,1247,866
200865,1258,859
200866,1263,849
200867,1260,842
200868,1254,838
200869,1248,837
200870,1244,836
200871,1243,838
200872,1237,840
200873,1228,840
200874,1210,838
200875,1190,840
200876,1170,845
200877,1150,856
200878,1132,869
200879,1112,877
200880,1092,885
200881,1078,893
200882,1070,902
200883,1068,917
200884,1069,933
200885,1073,940
200886,1069,945
200887,1067,951
200888,1072,960
200889,1089,969
200890,1113,978
200891,1138,982
200892,1147,985
200893,1134,988
200894,1094,992
200895,1043,1001
200896,999,1015
200897,973,1030
200898,953,1039
200899,943,1051
200900,936,1062
200901,931,1070
200902,932,1079
200903,930,1081
200904,924,1081
200905,920,1079
200906,914,1083
200907,910,1085
200908,909,1092
200909,909,1095
200910,905,1096
200911,902,1095
200912,900,1098
200913,896,1101
200914,899,1106
200915,900,1106
200916,897,1109
200917,893,1107
200918,890,1110
200919,884,1113
200920,886,1116
200921,887,1118
200922,885,1116
200923,880,1116
200924,876,1119
200925,880,1123
200926,882,1127
200927,880,1129
200928,879,1128
200929,876,1129
200930,875,1130
200931,875,1136
200932,879,1141
200933,880,1142
200934,878,1145
200935,874,1145
200936,874,1149
200937,874,1153
200938,873,1156
200939,875,1163
200940,874,1162
200941,875,1165
200942,875,1167
200943,877,1170
200944,882,1175
200945,885,1178
200946,887,1177
200947,888,1175
200948,889,1178
200949,890,1178
200950,895,1183
200951,901,1180
200952,905,1178
200953,905,1176
200954,905,1175
200955,912,1174
200956,918,1174
200957,924,1172
200958,928,1166
200959,927,1160
200960,929,1155
200961,937,1156
200962,946,1154
200963,953,1149
200964,956,1144
200965,959,1137
200966,961,1133
200967,967,1130
200968,974,1124
200969,980,1120
200970,982,1112
200971,980,1104
200972,978,1099
200973,979,1095
200974,984,1091
200975,988,1085
200976,988,1076
200977,982,1070
200978,978,1065
200979,980,1065
200980,980,1063
200981,983,1062
200982,986,1054
200983,983,1052
200984,980,1046
200985,977,1050
200986,982,1050
200987,985,1048
200988,985,1044
200989,980,1040
200990,978,1042
200991,978,1043
200992,980,1042
200993,984,1043
200994,986,1041
200995,981,1038
200996,979,1039
200997,978,1038
200998,982,1040
200999,984,1039
201000,984,1038
201001,984,1034
201002,984,1036
201003,982,1038
201004,985,1040
201005,988,1039
201006,987,1038
201007,983,1037
201008,985,1039
201009,987,1042
201010,989,1043
201011,990,1041
201012,992,1041
201013,988,1036
201014,989,1036
201015,990,1039
201016,993,1040
201017,995,1041
201018,993,1039
201019,993,1038
201020,992,1036
201021,993,1039
201022,995,1038
201023,998,1032
201024,997,1030
201025,993,1025
201026,988,1024
201027,990,1027
201028,993,1027
201029,999,1025
201030,998,1024
201031,994,1021
201032,990,1021
201033,989,1025
201034,990,1028
201035,993,1031
201036,993,1029
201037,987,1025
201038,984,1027
201039,984,1027
201040,989,1032
201041,990,1030
201042,993,1029
201043,986,1027
201044,984,1027
201045,986,1028
201046,985,1029
201047,990,1028
201048,988,1026
201049,985,1021
201050,984,1024
201051,988,1026
201052,993,1030
201053,1000,1033
201054,998,1029
201055,993,1029
201056,991,1028
201057,990,1030
201058,993,1035
201059,996,1033
201060,997,1032
201061,995,1031
201062,993,1032
201063,993,1034
201064,993,1039
201065,998,1036
201066,995,1033
201067,996,1028
201068,995,1024
201069,994,1024
201070,997,1027
201071,1001,1027
201072,1000,1025
201073,992,1021
201074,993,1018
201075,995,1021
201076,995,1024
201077,999,1022
201078,998,1022
201079,996,1018
201080,994,1020
201081,994,1023
201082,995,1025
201083,999,1023
201084,997,1022
201085,995,1016
201086,993,1017
201087,993,1018
201088,996,1018
201089,996,1020
201090,995,1021
201091,993,1022
201092,991,1023
201093,991,1026
201094,992,1025
201095,993,1025
201096,993,1024
201097,993,1021
201098,991,1021
201099,990,1022
201100,994,1025
201101,997,1026
201102,996,1026
201103,992,1022
201104,987,1020
201105,986,1026
201106,989,1030
201107,991,1031
201108,990,1029
201109,986,1026
201110,984,1027
201111,988,1032
201112,991,1035
201113,994,1038
201114,992,1036
201115,990,1032
201116,988,1034
201117,991,1035
201118,991,1035
201119,996,1032
201120,995,1030
201121,992,1028
201122,988,1027
201123,988,1030
201124,990,1032
201125,994,1029
201126,995,1025
201127,993,1021
201128,992,1021
201129,993,1024
201130,998,1025
201131,999,1025
201132,997,1025
201133,992,1021
201134,990,1021
201135,994,1024
201136,997,1026
201137,998,1026
201138,997,1023
201139,996,1020
201140,995,1021
201141,994,1026
201142,996,1028
201143,999,1026
201144,1001,1025
201145,997,1019
201146,994,1022
201147,995,1026
201148,999,1029
201149,1003,1031
201150,1004,1026
201151,1002,1023
201152,1001,1025
201153,998,1029
201154,999,1032
201155,1005,1032
201156,1000,1028
201157,1002,1028
201158,999,1024
201159,1003,1026
201160,1013,1025
201161,1024,1027
201162,1037,1020
201163,1054,1014
201164,1081,1014
201165,1115,1014
201166,1158,1011
201167,1203,1005
201168,1243,999
201169,1280,990
201170,1316,994
201171,1341,1006
201172,1346,1022
201173,1326,1033
201174,1279,1036
201175,1217,1034
201176,1154,1037
201177,1093,1047
201178,1036,1052
201179,999,1054
201180,983,1053
201181,980,1049
201182,989,1043
201183,998,1034
201184,1002,1025
201185,1004,1023
201186,999,1017
201187,990,1017
201188,988,1016
201189,988,1018
201190,990,1024
201191,991,1022
201192,990,1022
201193,986,1020
201194,979,1022
201195,978,1025
201196,979,1026
201197,982,1027
201198,984,1025
201199,980,1023
201200,978,1021
201201,974,1026
201202,975,1030
201203,976,1031
201204,975,1029
201205,974,1026
201206,971,1028
201207,972,1031
201208,975,1034
201209,977,1034
201210,975,1031
201211,973,1026
201212,973,1029
201213,973,1032
201214,976,1032
201215,978,1031
201216,977,1030
201217,974,1028
201218,975,1030
201219,974,1031
201220,978,1035
201221,978,1034
201222,977,1032
201223,975,1030
201224,974,1030
201225,974,1032
201226,978,1033
201227,980,1029
201228,980,1026
201229,980,1022
201230,978,1021
201231,979,1025
201232,982,1028
201233,983,1024
201234,984,1024
201235,983,1020
201236,986,1021
201237,987,1020
201238,991,1019
201239,993,1019
201240,991,1018
201241,994,1014
201242,991,1016
201243,995,1012
201244,997,1013
201245,1001,1011
201246,1002,1010
201247,1002,1009
201248,1004,1008
201249,1005,1009
201250,1006,1010
201251,1009,1011
201252,1007,1006
201253,1006,1001
201254,1005,1002
201255,1008,1002
201256,1010,1001
201257,1015,1001
201258,1018,996
201259,1018,995
201260,1020,996
201261,1022,997
201262,1023,999
201263,1026,999
201264,1027,997
201265,1025,997
201266,1025,996
201267,1026,999
201268,1030,1002
201269,1032,1002
201270,1032,1003
201271,1028,996
201272,1025,997
201273,1025,998
201274,1028,1001
201275,1033,1003
201276,1029,1003
201277,1030,1000
201278,1027,1000
201279,1022,1005
201280,1025,1010
201281,1024,1011
201282,1021,1012
201283,1015,1010
201284,1014,1011
201285,1011,1013
201286,1014,1020
201287,1015,1019
201288,1012,1018
201289,1010,1016
201290,1006,1019
201291,1005,1023
201292,1004,1026
201293,1008,1026
201294,1006,1023
201295,1001,1021
201296,1002,1024
201297,999,1029
201298,1002,1035
201299,1005,1034
201300,1001,1032
201301,995,1029
201302,995,1032
201303,995,1037
201304,996,1040
201305,998,1042
201306,1000,1036
201307,994,1035
201308,993,1038
201309,994,1040
201310,995,1043
201311,1000,1042
201312,999,1040
201313,998,1037
201314,993,1036
201315,995,1038
201316,996,1042
201317,999,1039
201318,999,1035
201319,996,1035
201320,993,1036
201321,993,1037
201322,995,1036
201323,1000,1035
201324,1000,1033
201325,997,1030
201326,994,1028
201327,997,1031
201328,1001,1034
201329,1005,1028
201330,1004,1028
201331,1000,1024
201332,998,1021
201333,1000,1025
201334,1001,1026
201335,1006,1025
201336,1005,1021
201337,1000,1017
201338,998,1018
201339,1000,1020
201340,1004,1020
201341,1004,1022
201342,1002,1020
201343,1002,1016
201344,1001,1019
201345,999,1022
201346,1006,1024
201347,1008,1024
201348,1007,1024
201349,1003,1023
201350,1001,1023
201351,999,1026
201352,1001,1030
201353,1003,1033
201354,1000,1030
201355,1000,1028
201356,998,1029
201357,1000,1031
201358,1002,1035
201359,1003,1034
201360,999,1029
201361,996,1027
201362,993,1027
201363,993,1026
201364,995,1030
201365,997,1032
201366,996,1029
201367,994,1026
201368,991,1028
201369,987,1032
201370,989,1034
201371,992,1029
201372,992,1026
201373,989,1022
201374,985,1020
201375,988,1023
201376,990,1028
201377,995,1029
201378,993,1025
201379,988,1023
201380,989,1023
201381,990,1024
201382,992,1029
201383,994,1031
201384,992,1029
201385,990,1022
201386,987,1023
201387,992,1027
201388,993,1031
201389,996,1029
201390,994,1027
201391,993,1028
201392,988,1025
201393,991,1031
201394,994,1034
201395,996,1037
201396,997,1034
201397,996,1031
201398,993,1032
201399,995,1035
201400,996,1036
201401,997,1034
201402,995,1031
201403,994,1030
201404,990,1030
201405,993,1032
201406,994,1035
201407,995,1035
201408,991,1031
201409,985,1031
201410,989,1031
201411,991,1032
201412,994,1033
201413,997,1032
201414,995,1028
201415,992,1025
201416,989,1027
201417,990,1029
201418,991,1030
201419,994,1031
201420,993,1028
201421,990,1028
201422,986,1030
201423,985,1034
201424,992,1037
201425,998,1035
201426,996,1035
201427,997,1032
201428,995,1034
201429,996,1035
201430,1001,1034
201431,1006,1033
201432,1009,1027
201433,1016,1021
201434,1020,1015
201435,1036,1014
201436,1051,1016
201437,1075,1017
201438,1098,1015
201439,1122,1007
201440,1152,1004
201441,1185,999
201442,1218,995
201443,1248,993
201444,1270,999
201445,1280,1013
201446,1271,1031
201447,1246,1044
201448,1203,1044
201449,1157,1046
201450,1102,1051
201451,1050,1058
201452,1015,1062
201453,995,1063
201454,991,1063
201455,1001,1052
201456,1003,1039
201457,1000,1030
201458,994,1027
201459,992,1029
201460,993,1033
201461,993,1030
201462,992,1026
201463,986,1024
201464,979,1026
201465,980,1027
201466,983,1027
201467,985,1027
201468,981,1027
201469,977,1028
201470,975,1027
201471,976,1031
201472,977,1035
201473,979,1034
201474,975,1034
201475,974,1032
201476,970,1034
201477,972,1038
201478,975,1040
201479,977,1038
201480,979,1038
201481,975,1035
201482,972,1035
201483,977,1036
201484,980,1036
201485,982,1035
201486,983,1030
201487,984,1030
201488,981,1032
201489,981,1035
201490,983,1036
201491,988,1034
201492,985,1033
201493,983,1028
201494,980,1029
201495,977,1026
201496,981,1028
201497,983,1024
201498,983,1025
201499,980,1024
201500,978,1026
201501,981,1029
201502,984,1028
201503,988,1027
201504,988,1025
201505,983,1020
201506,984,1022
201507,987,1019
201508,985,1024
201509,989,1024
201510,992,1020
201511,990,1016
201512,989,1015
201513,993,1020
201514,994,1018
201515,998,1015
201516,995,1013
201517,996,1009
201518,995,1008
201519,998,1010
201520,1003,1013
201521,1006,1012
201522,1007,1008
201523,1006,1005
201524,1004,1004
201525,1008,1005
201526,1010,1005
201527,1013,1005
201528,1016,1002
201529,1013,994
201530,1013,995
201531,1016,998
201532,1018,999
201533,1020,998
201534,1021,994
201535,1022,989
201536,1021,991
201537,1024,995
201538,1027,998
201539,1031,1000
201540,1027,1000
201541,1027,995
201542,1023,1003
201543,1022,1004
201544,1024,1007
201545,1028,1009
201546,1024,1009
201547,1022,1007
201548,1017,1011
201549,1017,1015
201550,1018,1023
201551,1017,1020
201552,1016,1020
201553,1009,1020
201554,1005,1024
201555,1005,1030
201556,1005,1033
201557,1008,1034
201558,1003,1034
201559,1002,1032
201560,998,1032
201561,1001,1034
201562,1003,1038
201563,1004,1039
201564,1000,1037
201565,997,1036
201566,996,1039
201567,994,1039
201568,1000,1043
201569,1000,1045
201570,1001,1040
201571,1000,1037
201572,997,1037
201573,999,1042
201574,1002,1046
201575,1004,1047
201576,1002,1045
201577,1002,1043
201578,1001,1042
201579,1005,1046
201580,1010,1047
201581,1012,1045
201582,1012,1041
201583,1011,1039
201584,1015,1038
201585,1018,1042
201586,1026,1046
201587,1032,1046
201588,1036,1044
201589,1039,1044
201590,1045,1047
201591,1051,1048
201592,1060,1050
201593,1071,1044
201594,1078,1034
201595,1088,1019
201596,1098,1007
201597,1110,997
201598,1122,987
201599,1137,970
201600,1146,955
201601,1157,936
201602,1169,919
201603,1182,901
201604,1198,885
201605,1210,868
201606,1220,850
201607,1222,833
201608,1227,824
201609,1226,822
201610,1228,822
201611,1227,823
201612,1221,822
201613,1211,819
201614,1201,818
201615,1190,819
201616,1178,821
201617,1165,821
201618,1150,826
201619,1128,833
201620,1111,845
201621,1093,861
201622,1080,871
201623,1070,887
201624,1058,898
201625,1051,908
201626,1047,922
201627,1043,933
201628,1044,944
201629,1048,953
201630,1052,959
201631,1058,966
201632,1064,970
201633,1069,979
201634,1075,985
201635,1069,991
201636,1052,998
201637,1029,1003
201638,1004,1014
201639,989,1027
201640,979,1043
201641,970,1053
201642,963,1060
201643,954,1063
201644,947,1069
201645,944,1074
201646,943,1080
201647,942,1079
201648,936,1082
201649,930,1081
201650,925,1086
201651,927,1087
201652,924,1092
201653,922,1092
201654,923,1092
201655,918,1092
201656,914,1096
201657,912,1101
201658,914,1103
201659,917,1106
201660,915,1103
201661,909,1099
201662,906,1103
201663,908,1110
201664,906,1115
201665,905,1115
201666,904,1116
201667,899,1116
201668,895,1123
201669,898,1128
201670,898,1131
201671,901,1134
201672,899,1135
201673,895,1135
201674,893,1141
201675,894,1144
201676,898,1147
201677,901,1146
201678,897,1145
201679,896,1145
201680,892,1150
201681,895,1151
201682,897,1156
201683,900,1155
201684,900,1156
201685,897,1156
201686,896,1159
201687,900,1165
201688,905,1166
201689,907,1166
201690,907,1166
201691,907,1167
201692,906,1166
201693,909,1169
201694,912,1170
201695,914,1171
201696,915,1168
201697,917,1167
201698,919,1164
201699,923,1163
201700,931,1165
201701,932,1163
201702,937,1162
201703,939,1155
201704,938,1152
201705,941,1150
201706,947,1149
201707,951,1142
201708,952,1136
201709,956,1130
201710,957,1124
201711,960,1121
201712,966,1120
201713,969,1113
201714,970,1109
201715,970,1103
201716,970,1099
201717,973,1098
201718,978,1097
201719,980,1090
201720,979,1084
201721,978,1078
201722,976,1073
201723,980,1075
201724,983,1075
201725,983,1072
201726,982,1068
201727,978,1064
201728,977,1062
201729,980,1061
201730,982,1059
201731,984,1056
201732,983,1054
201733,982,1046
201734,981,1047
201735,981,1047
201736,983,1048
201737,985,1049
201738,984,1046
201739,980,1041
201740,978,1039
201741,978,1040
201742,983,1042
201743,986,1043
201744,986,1039
201745,983,1038
201746,983,1038
201747,983,1038
201748,987,1040
201749,988,1039
201750,987,1036
201751,986,1035
201752,988,1037
201753,990,1036
201754,993,1041
201755,993,1036
201756,991,1033
201757,988,1031
201758,985,1030
201759,987,1033
201760,989,1035
201761,988,1036
201762,988,1033
201763,986,1031
201764,984,1032
201765,986,1037
201766,989,1041
201767,990,1039
201768,990,1036
201769,986,1032
201770,984,1031
201771,985,1035
201772,989,1034
201773,992,1035
201774,990,1034
201775,988,1029
201776,986,1030
201777,985,1035
201778,989,1039
201779,991,1040
201780,990,1035
201781,986,1033
201782,984,1031
201783,982,1036
201784,987,1037
201785,988,1034
201786,988,1032
201787,985,1029
201788,982,1027
201789,986,1028
201790,991,1031
201791,992,1030
201792,992,1026
201793,987,1025
201794,985,1026
201795,985,1027
201796,989,1030
201797,993,1029
201798,988,1028
201799,987,1026
201800,985,1025
201801,987,1030
201802,990,1031
201803,992,1030
201804,990,1028
201805,988,1026
201806,984,1027
201807,984,1031
201808,990,1035
201809,988,1033
201810,986,1035
201811,985,1031
201812,982,1032
201813,985,1034
201814,988,1039
201815,990,1037
201816,988,1036
201817,985,1041
201818,982,1039
201819,983,1045
201820,987,1047
201821,990,1041
201822,986,1037
201823,984,1034
201824,983,1033
201825,984,1035
201826,987,1037
201827,991,1034
201828,990,1034
201829,987,1031
201830,986,1034
201831,988,1035
201832,991,1040
201833,992,1038
201834,989,1036
201835,982,1035
201836,981,1036
201837,984,1038
201838,987,1041
201839,990,1038
201840,990,1035
201841,989,1032
201842,991,1033
201843,991,1034
201844,993,1036
201845,995,1032
201846,994,1031
201847,990,1031
201848,991,1029
201849,992,1035
201850,996,1036
201851,997,1035
201852,991,1034
201853,987,1029
201854,985,1032
201855,988,1033
201856,988,1034
201857,991,1035
201858,988,1034
201859,986,1032
201860,982,1031
201861,985,1037
201862,988,1041
201863,991,1039
201864,991,1036
201865,988,1033
201866,985,1034
201867,989,1039
201868,991,1041
201869,994,1041
201870,994,1036
201871,990,1034
201872,987,1036
201873,987,1041
201874,990,1042
201875,990,1042
201876,990,1037
201877,988,1034
201878,986,1034
201879,987,1036
201880,988,1040
201881,989,1038
201882,987,1038
201883,984,1036
201884,986,1037
201885,988,1038
201886,991,1041
201887,993,1041
201888,990,1038
201889,988,1034
201890,988,1037
201891,988,1038
201892,995,1039
201893,999,1041
201894,996,1039
201895,994,1037
201896,992,1034
201897,993,1037
201898,994,1039
201899,995,1037
201900,995,1037
201901,990,1034
201902,989,1032
201903,990,1035
201904,992,1037
201905,992,1038
201906,994,1037
201907,991,1034
201908,988,1033
201909,992,1034
201910,994,1035
201911,993,1034
201912,991,1030
201913,988,1032
201914,986,1032
201915,983,1031
201916,986,1034
201917,988,1034
201918,988,1031
201919,985,1031
201920,981,1032
201921,985,1035
201922,985,1038
201923,985,1037
201924,985,1036
201925,982,1030
201926,982,1029
201927,983,1033
201928,986,1037
201929,987,1034
201930,985,1030
201931,982,1029
201932,979,1031
201933,980,1032
201934,982,1038
201935,987,1035
201936,986,1034
201937,989,1031
201938,987,1031
201939,988,1031
201940,993,1033
201941,992,1033
201942,991,1031
201943,988,1030
201944,988,1032
201945,990,1033
201946,991,1038
201947,992,1033
201948,991,1031
201949,986,1027
201950,984,1027
201951,985,1030
201952,987,1034
201953,989,1034
201954,990,1032
201955,989,1026
201956,990,1029
201957,994,1027
201958,993,1032
201959,1001,1029
201960,996,1028
201961,993,1026
201962,992,1023
201963,995,1025
201964,1003,1026
201965,1010,1021
201966,1024,1020
201967,1039,1018
201968,1063,1016
201969,1099,1017
201970,1140,1013
201971,1179,1006
201972,1219,996
201973,1257,989
201974,1294,994
201975,1319,1006
201976,1327,1024
201977,1306,1033
201978,1256,1037
201979,1191,1037
201980,1130,1039
201981,1073,1046
201982,1024,1056
201983,985,1055
201984,966,1054
201985,966,1049
201986,973,1041
201987,985,1038
201988,995,1036
201989,994,1032
201990,988,1031
201991,985,1029
201992,982,1030
201993,981,1031
201994,982,1035
201995,980,1034
201996,982,1034
201997,977,1031
201998,973,1030
201999,972,1033
202000,972,1037
202001,975,1035
202002,972,1032
202003,971,1027
202004,965,1028
202005,969,1028
202006,971,1032
202007,975,1032
202008,974,1028
202009,969,1027
202010,970,1028
202011,970,1030
202012,973,1031
202013,973,1033
202014,972,1031
202015,970,1029
202016,969,1029
202017,971,1035
202018,973,1036
202019,973,1034
202020,972,1030
202021,970,1028
202022,964,1028
202023,965,1031
202024,966,1038
202025,970,1034
202026,969,1030
202027,970,1030
202028,971,1031
202029,976,1031
202030,977,1033
202031,977,1032
202032,976,1028
202033,970,1024
202034,971,1027
202035,974,1028
202036,979,1026
202037,980,1027
202038,980,1026
202039,976,1024
202040,977,1025
202041,979,1028
202042,983,1031
202043,986,1030
202044,983,1028
202045,984,1027
202046,982,1028
202047,986,1026
202048,991,1030
202049,991,1027
202050,992,1025
202051,991,1019
202052,991,1018
202053,992,1018
202054,993,1022
202055,995,1018
202056,997,1017
202057,996,1013
202058,993,1015
202059,997,1015
202060,999,1016
202061,1002,1012
202062,1002,1011
202063,1001,1006
202064,1000,1008
202065,1003,1004
202066,1006,1006
202067,1010,1006
202068,1009,1005
202069,1007,1003
202070,1006,1003
202071,1010,1007
202072,1015,1007
202073,1016,1007
202074,1017,1008
202075,1015,1002
202076,1014,999
202077,1017,1003
202078,1020,1007
202079,1024,1005
202080,1025,1002
202081,1022,1000
202082,1022,1002
202083,1025,1005
202084,1031,1010
202085,1033,1011
202086,1029,1009
202087,1025,1008
202088,1023,1011
202089,1027,1017
202090,1029,1018
202091,1028,1021
202092,1029,1022
202093,1027,1023
202094,1022,1026
202095,1023,1029
202096,1024,1033
202097,1026,1035
202098,1022,1035
202099,1020,1032
202100,1018,1036
202101,1018,1043
202102,1018,1046
202103,1018,1045
202104,1017,1043
202105,1014,1037
202106,1009,1039
202107,1008,1041
202108,1007,1045
202109,1009,1041
202110,1005,1040
202111,1007,1042
202112,1004,1040
202113,1005,1043
202114,1005,1044
202115,1005,1043
202116,1001,1039
202117,1002,1035
202118,997,1037
202119,1000,1039
202120,1002,1043
202121,1006,1039
202122,1008,1036
202123,1005,1034
202124,1005,1034
202125,1005,1038
202126,1007,1039
202127,1009,1038
202128,1007,1033
202129,1004,1032
202130,1005,1031
202131,1004,1031
202132,1006,1034
202133,1006,1033
202134,1004,1031
202135,1004,1027
202136,1002,1031
202137,1006,1035
202138,1009,1038
202139,1012,1036
202140,1009,1037
202141,1007,1032
202142,1009,1034
202143,1012,1035
202144,1016,1038
202145,1019,1035
202146,1016,1036
202147,1013,1033
202148,1013,1036
202149,1015,1035
202150,1019,1039
202151,1023,1038
202152,1022,1034
202153,1017,1033
202154,1018,1031
202155,1018,1036
202156,1019,1038
202157,1023,1037
202158,1020,1033
202159,1015,1030
202160,1016,1032
202161,1019,1035
202162,1020,1039
202163,1023,1038
202164,1021,1035
202165,1014,1033
202166,1013,1034
202167,1012,1035
202168,1015,1040
202169,1016,1038
202170,1011,1037
202171,1011,1033
202172,1008,1034
202173,1011,1036
202174,1011,1040
202175,1014,1039
202176,1009,1033
202177,1008,1032
202178,1006,1033
202179,1007,1035
202180,1008,1040
202181,1010,1038
202182,1009,1035
202183,1007,1033
202184,1008,1031
202185,1009,1033
202186,1011,1036
202187,1009,1034
202188,1007,1035
202189,1004,1032
202190,1004,1035
202191,1004,1037
202192,1007,1041
202193,1008,1040
202194,1005,1038
202195,1000,1035
202196,1002,1038
202197,1003,1039
202198,1005,1043
202199,1004,1043
202200,1003,1040
202201,1001,1036
202202,1000,1036
202203,1003,1041
202204,1006,1043
202205,1008,1044
202206,1006,1039
202207,1002,1037
202208,999,1039
202209,1001,1044
202210,1006,1045
202211,1008,1041
202212,1004,1038
202213,1001,1034
202214,1001,1034
202215,1005,1035
202216,1009,1040
202217,1008,1038
202218,1004,1036
202219,998,1035
202220,994,1035
202221,999,1038
202222,1003,1040
202223,1001,1040
202224,999,1035
202225,995,1035
202226,995,1037
202227,999,1039
202228,1000,1039
202229,1002,1038
202230,1002,1034
202231,1001,1032
202232,999,1037
202233,999,1038
202234,1002,1041
202235,1005,1039
202236,1005,1040
202237,1004,1035
202238,1005,1039
202239,1005,1041
202240,1008,1047
202241,1008,1046
202242,1008,1044
202243,1007,1038
202244,1009,1037
202245,1016,1037
202246,1028,1037
202247,1038,1035
202248,1050,1030
202249,1063,1028
202250,1089,1027
202251,1124,1025
202252,1162,1019
202253,1205,1014
202254,1251,1009
202255,1288,1012
202256,1320,1022
202257,1335,1039
202258,1323,1054
202259,1281,1055
202260,1219,1055
202261,1148,1057
202262,1083,1067
202263,1025,1072
202264,989,1080
202265,975,1078
202266,983,1071
202267,991,1060
202268,997,1052
202269,1002,1046
202270,1005,1045
202271,1004,1039
202272,997,1036
202273,990,1031
202274,986,1031
202275,987,1035
202276,990,1036
202277,989,1035
202278,986,1032
202279,979,1030
202280,979,1032
202281,982,1033
202282,985,1039
202283,982,1040
202284,983,1034
202285,980,1033
202286,978,1034
202287,980,1037
202288,984,1041
202289,987,1038
202290,983,1037
202291,978,1035
202292,979,1038
202293,981,1040
202294,984,1042
202295,984,1042
202296,982,1038
202297,979,1038
202298,980,1038
202299,982,1040
202300,983,1043
202301,983,1039
202302,982,1037
202303,980,1036
202304,977,1036
202305,979,1040
202306,981,1039
202307,984,1038
202308,983,1035
202309,977,1034
202310,977,1036
202311,980,1038
202312,984,1037
202313,985,1036
202314,982,1031
202315,982,1031
202316,984,1033
202317,986,1033
202318,987,1036
202319,987,1034
202320,988,1030
202321,987,1027
202322,987,1028
202323,988,1029
202324,992,1032
202325,996,1026
202326,995,1023
202327,994,1020
202328,995,1022
202329,995,1023
202330,999,1023
202331,999,1022
202332,998,1019
202333,998,1014
202334,996,1013
202335,994,1013
202336,1002,1016
202337,1006,1016
202338,1006,1012
202339,1004,1009
202340,1002,1011
202341,1006,1012
202342,1008,1010
202343,1008,1009
202344,1007,1005
202345,1007,1001
202346,1007,1006
202347,1009,1006
202348,1015,1009
202349,1016,1007
202350,1015,1005
202351,1014,1003
202352,1010,1002
202353,1015,1006
202354,1017,1008
202355,1020,1006
202356,1016,1001
202357,1013,1000
202358,1012,1002
202359,1016,1005
202360,1020,1008
202361,1021,1008
202362,1019,1006
202363,1016,1006
202364,1010,1012
202365,1012,1014
202366,1013,1018
202367,1017,1018
202368,1014,1018
202369,1011,1019
202370,1010,1023
202371,1011,1026
202372,1014,1033
202373,1013,1033
202374,1009,1032
202375,1004,1030
202376,1003,1033
202377,1005,1037
202378,1008,1041
202379,1008,1040
202380,1006,1040
202381,1002,1038
202382,999,1040
202383,999,1043
202384,999,1045
202385,1002,1047
202386,996,1041
202387,990,1039
202388,989,1041
202389,992,1047
202390,996,1047
202391,999,1050
202392,996,1049
202393,994,1045
202394,994,1049
202395,996,1051
202396,999,1053
202397,997,1053
202398,998,1050
202399,996,1048
202400,997,1050
202401,1002,1052
202402,1006,1053
202403,1006,1052
202404,1003,1048
202405,1000,1047
202406,998,1046
202407,1002,1049
202408,1005,1050
202409,1007,1050
202410,1008,1046
202411,1008,1043
202412,1006,1046
202413,1011,1047
202414,1012,1048
202415,1013,1046
202416,1009,1044
202417,1005,1044
202418,1004,1045
202419,1007,1047
202420,1011,1047
202421,1011,1047
202422,1009,1043
202423,1008,1041
202424,1009,1043
202425,1009,1043
202426,1009,1044
202427,1009,1045
202428,1008,1042
202429,1002,1041
202430,1003,1040
202431,1007,1045
202432,1008,1046
202433,1010,1043
202434,1006,1039
202435,1004,1038
202436,1001,1041
202437,1002,1042
202438,1004,1043
202439,1005,1041
202440,1003,1039
202441,1000,1038
202442,1002,1042
202443,1003,1040
202444,1004,1044
202445,1008,1041
202446,1007,1042
202447,1002,1038
202448,1001,1042
202449,1003,1043
202450,1006,1047
202451,1008,1046
202452,1006,1044
202453,1002,1042
202454,1002,1046
202455,1006,1046
202456,1009,1047
202457,1009,1043
202458,1010,1043
202459,1009,1042
202460,1007,1043
202461,1008,1044
202462,1008,1049
202463,1007,1050
202464,1007,1048
202465,1004,1046
202466,1007,1050
202467,1006,1051
202468,1007,1055
202469,1008,1049
202470,1002,1048
202471,1001,1046
202472,999,1047
202473,1004,1050
202474,1006,1051
202475,1006,1053
202476,1003,1050
202477,1001,1051
202478,1000,1054
202479,1000,1053
202480,1004,1055
202481,1007,1055
202482,1007,1051
202483,1005,1048
202484,1003,1047
202485,1005,1050
202486,1007,1054
202487,1008,1049
202488,1007,1045
202489,1002,1043
202490,1003,1041
202491,1009,1041
202492,1019,1040
202493,1030,1037
202494,1042,1035
202495,1055,1032
202496,1078,1034
202497,1113,1032
202498,1149,1028
202499,1188,1018
202500,1230,1011
202501,1271,1010
202502,1308,1014
202503,1338,1034
202504,1346,1052
202505,1323,1063
202506,1270,1064
202507,1202,1061
202508,1138,1068
202509,1074,1081
202510,1021,1094
202511,982,1098
202512,965,1097
202513,968,1094
202514,980,1086
202515,992,1080
202516,1001,1073
202517,1004,1067
202518,1005,1059
202519,1005,1054
202520,999,1055
202521,997,1052
202522,998,1052
202523,997,1049
202524,996,1047
202525,987,1046
202526,986,1045
202527,989,1052
202528,992,1053
202529,993,1051
202530,993,1048
202531,988,1047
202532,987,1046
202533,985,1049
202534,987,1053
202535,989,1055
202536,988,1049
202537,989,1045
202538,987,1046
202539,988,1047
202540,992,1051
202541,993,1051
202542,986,1050
202543,981,1046
202544,977,1046
202545,979,1049
202546,981,1050
202547,982,1048
202548,981,1043
202549,978,1039
202550,977,1040
202551,977,1044
202552,981,1047
202553,985,1045
202554,981,1043
202555,980,1039
202556,982,1042
202557,985,1047
202558,991,1049
202559,992,1048
202560,989,1045
202561,987,1045
202562,986,1044
202563,991,1048
202564,990,1050
202565,989,1048
202566,989,1048
202567,990,1043
202568,991,1045
202569,995,1046
202570,998,1047
202571,998,1044
202572,997,1038
202573,996,1037
202574,995,1037
202575,999,1037
202576,1001,1039
202577,1003,1034
202578,1002,1031
202579,1005,1028
202580,1006,1027
202581,1008,1028
202582,1013,1027
202583,1016,1024
202584,1013,1018
202585,1014,1015
202586,1012,1016
202587,1016,1016
202588,1018,1016
202589,1016,1011
202590,1018,1008
202591,1016,1002
202592,1016,1001
202593,1016,1000
202594,1020,1003
202595,1019,999
202596,1020,1000
202597,1018,997
202598,1018,995
202599,1019,1000
202600,1021,1001
202601,1025,999
202602,1023,998
202603,1022,998
202604,1021,1001
202605,1020,1004
202606,1022,1010
202607,1024,1009
202608,1019,1010
202609,1016,1012
202610,1013,1014
202611,1015,1023
202612,1018,1029
202613,1018,1030
202614,1019,1032
202615,1017,1035
202616,1019,1038
202617,1020,1043
202618,1021,1049
202619,1021,1051
202620,1015,1052
202621,1010,1052
202622,1011,1058
202623,1011,1062
202624,1011,1065
202625,1012,1063
202626,1012,1062
202627,1008,1060
202628,1007,1062
202629,1010,1066
202630,1012,1068
202631,1009,1066
202632,1005,1063
202633,1004,1059
202634,1003,1063
202635,1005,1065
202636,1007,1064
202637,1004,1063
202638,1002,1060
202639,1001,1055
202640,1000,1057
202641,1002,1058
202642,1005,1059
202643,1004,1055
202644,1001,1053
202645,999,1051
202646,999,1053
202647,1004,1054
202648,1006,1057
202649,1009,1055
202650,1009,1052
202651,1008,1046
202652,1005,1048
202653,1004,1050
202654,1005,1054
202655,1006,1051
202656,1006,1051
202657,1005,1047
202658,1007,1048
202659,1006,1048
202660,1008,1052
202661,1003,1052
202662,1007,1053
202663,1005,1049
202664,1005,1051
202665,1006,1053
202666,1009,1057
202667,1013,1057
202668,1014,1054
202669,1013,1053
202670,1011,1055
202671,1015,1055
202672,1014,1059
202673,1017,1063
202674,1014,1057
202675,1013,1055
202676,1015,1054
202677,1016,1055
202678,1017,1058
202679,1016,1053
202680,1016,1048
202681,1014,1052
202682,1014,1049
202683,1015,1055
202684,1019,1057
202685,1021,1055
202686,1022,1050
202687,1018,1049
202688,1016,1050
202689,1018,1052
202690,1013,1055
202691,1013,1053
202692,1010,1051
202693,1007,1049
202694,1006,1050
202695,1009,1052
202696,1011,1052
202697,1014,1052
202698,1010,1049
202699,1006,1049
202700,1005,1048
202701,1007,1050
202702,1011,1052
202703,1009,1052
202704,1005,1049
202705,1000,1049
202706,1002,1050
202707,1005,1053
202708,1008,1055
202709,1008,1054
202710,1004,1051
202711,1000,1049
202712,1001,1052
202713,1002,1055
202714,1005,1055
202715,1006,1057
202716,1002,1053
202717,1000,1051
202718,998,1050
202719,996,1054
202720,999,1058
202721,999,1056
202722,999,1054
202723,994,1052
202724,998,1052
202725,1001,1056
202726,1009,1057
202727,1011,1056
202728,1009,1054
202729,1006,1054
202730,1007,1055
202731,1011,1058
202732,1011,1060
202733,1012,1057
202734,1009,1056
202735,1007,1054
202736,1009,1056
202737,1009,1058
202738,1012,1061
202739,1012,1059
202740,1010,1056
202741,1003,1053
202742,1004,1053
202743,1008,1057
202744,1011,1059
202745,1013,1058
202746,1011,1055
202747,1008,1053
202748,1006,1053
202749,1011,1058
202750,1015,1060
202751,1013,1057
202752,1012,1055
202753,1008,1052
202754,1008,1055
202755,1012,1057
202756,1013,1057
202757,1016,1058
202758,1013,1055
202759,1014,1055
202760,1010,1055
202761,1014,1056
202762,1016,1057
202763,1015,1054
202764,1008,1052
202765,1003,1049
202766,1003,1054
202767,1011,1054
202768,1020,1054
202769,1030,1047
202770,1041,1044
202771,1052,1038
202772,1066,1039
202773,1092,1041
202774,1125,1040
202775,1161,1031
202776,1198,1023
202777,1236,1018
202778,1276,1023
202779,1311,1036
202780,1336,1054
202781,1332,1068
202782,1297,1074
202783,1243,1074
202784,1185,1079
202785,1132,1084
202786,1081,1093
202787,1030,1096
202788,994,1097
202789,978,1096
202790,980,1093
202791,991,1088
202792,1003,1080
202793,1008,1071
202794,1007,1063
202795,1000,1057
202796,1001,1057
202797,1001,1058
202798,1003,1056
202799,1001,1053
202800,999,1049
202801,991,1046
202802,987,1048
202803,989,1051
202804,989,1054
202805,991,1051
202806,989,1048
202807,987,1044
202808,989,1045
202809,991,1048
202810,990,1049
202811,986,1050
202812,983,1045
202813,981,1042
202814,984,1043
202815,985,1045
202816,989,1049
202817,989,1047
202818,988,1046
202819,986,1045
202820,986,1047
202821,987,1049
202822,987,1051
202823,984,1052
202824,984,1052
202825,981,1048
202826,980,1050
202827,983,1055
202828,990,1055
202829,988,1053
202830,988,1051
202831,984,1051
202832,985,1051
202833,987,1053
202834,988,1054
202835,987,1054
202836,985,1052
202837,985,1051
202838,985,1052
202839,990,1053
202840,993,1050
202841,993,1051
202842,992,1050
202843,987,1046
202844,986,1047
202845,991,1048
202846,995,1049
202847,991,1047
202848,992,1046
202849,990,1042
202850,993,1043
202851,995,1044
202852,1001,1046
202853,1002,1041
202854,1002,1037
202855,999,1033
202856,1001,1031
202857,1007,1032
202858,1009,1033
202859,1012,1028
202860,1009,1027
202861,1010,1024
202862,1010,1022
202863,1011,1022
202864,1012,1023
202865,1010,1020
202866,1009,1018
202867,1009,1017
202868,1009,1017
202869,1013,1016
202870,1016,1018
202871,1019,1015
202872,1014,1012
202873,1013,1013
202874,1015,1014
202875,1018,1018
202876,1021,1019
202877,1023,1019
202878,1020,1016
202879,1022,1015
202880,1022,1015
202881,1025,1020
202882,1028,1022
202883,1031,1023
202884,1030,1024
202885,1024,1025
202886,1021,1026
202887,1023,1030
202888,1027,1035
202889,1028,1034
202890,1027,1035
202891,1022,1037
202892,1021,1041
202893,1021,1044
202894,1020,1050
202895,1021,1050
202896,1019,1049
202897,1012,1046
202898,1008,1050
202899,1011,1051
202900,1012,1056
202901,1008,1053
202902,1004,1050
202903,1002,1050
202904,1002,1052
202905,1004,1052
202906,1008,1056
202907,1008,1056
202908,1003,1055
202909,999,1053
202910,999,1057
202911,999,1058
202912,1004,1060
202913,1001,1060
202914,1000,1054
202915,997,1053
202916,998,1057
202917,1002,1058
202918,1007,1060
202919,1007,1058
202920,1004,1056
202921,1001,1055
202922,1002,1058
202923,1006,1060
202924,1009,1059
202925,1010,1056
202926,1011,1057
202927,1018,1059
202928,1023,1060
202929,1031,1066
202930,1036,1069
202931,1038,1070
202932,1039,1069
202933,1044,1069
202934,1053,1070
202935,1067,1067
202936,1083,1061
202937,1099,1047
202938,1111,1027
202939,1120,1016
202940,1134,1004
202941,1152,992
202942,1171,981
202943,1186,969
202944,1202,951
202945,1219,930
202946,1238,913
202947,1259,901
202948,1277,888
202949,1290,874
202950,1294,864
202951,1294,861
202952,1290,860
202953,1294,861
202954,1299,861
202955,1294,860
202956,1280,858
202957,1263,856
202958,1245,861
202959,1230,866
202960,1212,875
202961,1186,880
202962,1159,887
202963,1134,896
202964,1113,908
202965,1097,920
202966,1092,933
202967,1085,944
202968,1080,954
202969,1076,962
202970,1071,974
202971,1072,984
202972,1077,995
202973,1085,1003
202974,1095,1008
202975,1105,1012
202976,1114,1014
202977,1111,1022
202978,1087,1029
202979,1050,1035
202980,1009,1040
202981,973,1047
202982,956,1058
202983,948,1074
202984,947,1086
202985,942,1093
202986,936,1096
202987,929,1097
202988,926,1100
202989,924,1103
202990,922,1109
202991,921,1110
202992,915,1109
202993,909,1110
202994,911,1110
202995,912,1115
202996,913,1115
202997,909,1118
202998,906,1116
202999,902,1117
203000,904,1118
203001,904,1124
203002,904,1127
203003,900,1129
203004,898,1130
203005,896,1131
203006,894,1134
203007,894,1137
203008,897,1141
203009,895,1141
203010,894,1141
203011,891,1140
203012,889,1145
203013,890,1150
203014,892,1154
203015,889,1154
203016,887,1154
203017,885,1153
203018,884,1157
203019,887,1160
203020,890,1165
203021,889,1168
203022,885,1167
203023,880,1167
203024,882,1172
203025,881,1175
203026,883,1180
203027,884,1180
203028,887,1178
203029,885,1181
203030,884,1182
203031,886,1183
203032,890,1188
203033,888,1185
203034,890,1184
203035,890,1180
203036,894,1181
203037,898,1185
203038,906,1181
203039,908,1178
203040,910,1174
203041,908,1165
203042,913,1166
203043,918,1166
203044,923,1166
203045,926,1159
203046,929,1151
203047,929,1146
203048,934,1145
203049,939,1143
203050,945,1143
203051,947,1136
203052,951,1130
203053,951,1124
203054,954,1122
203055,959,1121
203056,962,1119
203057,967,1112
203058,968,1107
203059,969,1102
203060,971,1102
203061,976,1098
203062,980,1098
203063,979,1093
203064,977,1089
203065,978,1087
203066,979,1085
203067,983,1084
203068,986,1083
203069,986,1080
203070,987,1075
203071,985,1072
203072,989,1073
203073,989,1074
203074,990,1074
203075,987,1071
203076,983,1069
203077,984,1066
203078,984,1066
203079,989,1069
203080,993,1069
203081,993,1069
203082,992,1064
203083,988,1061
203084,992,1061
203085,994,1063
203086,993,1064
203087,993,1062
203088,992,1062
203089,990,1060
203090,990,1061
203091,993,1060
203092,998,1060
203093,997,1060
203094,995,1055
203095,992,1056
203096,991,1052
203097,991,1058
203098,996,1057
203099,998,1053
203100,998,1054
203101,998,1051
203102,996,1052
203103,995,1056
203104,998,1058
203105,999,1056
203106,999,1056
203107,997,1056
203108,996,1058
203109,997,1060
203110,1004,1061
203111,1006,1060
203112,1004,1057
203113,1001,1055
203114,999,1056
203115,1001,1056
203116,1003,1059
203117,1002,1055
203118,999,1056
203119,1001,1054
203120,998,1057
203121,1002,1059
203122,1008,1061
203123,1006,1060
203124,1002,1057
203125,998,1054
203126,1000,1056
203127,999,1058
203128,1002,1060
203129,1002,1057
203130,1002,1052
203131,1000,1050
203132,1000,1052
203133,1001,1055
203134,1002,1057
203135,1003,1057
203136,1000,1055
203137,996,1054
203138,997,1054
203139,1000,1057
203140,1002,1058
203141,1001,1058
203142,998,1052
203143,996,1053
203144,994,1055
203145,999,1057
203146,1001,1057
203147,999,1055
203148,997,1053
203149,996,1051
203150,997,1056
203151,998,1057
203152,1001,1058
203153,1000,1058
203154,998,1055
203155,995,1051
203156,996,1054
203157,999,1060
203158,1002,1060
203159,1002,1059
203160,998,1053
203161,999,1054
203162,996,1055
203163,1000,1059
203164,1002,1059
203165,1002,1059
203166,999,1056
203167,999,1054
203168,998,1055
203169,1000,1059
203170,1007,1060
203171,1003,1058
203172,1000,1054
203173,997,1054
203174,996,1054
203175,998,1058
203176,1003,1055
203177,1002,1055
203178,1000,1052
203179,997,1050
203180,1001,1051
203181,1003,1053
203182,1005,1055
203183,1006,1053
203184,1005,1050
203185,1002,1050
203186,1003,1053
203187,1005,1055
203188,1008,1059
203189,1008,1058
203190,1005,1052
203191,1001,1052
203192,1000,1051
203193,1003,1056
203194,1007,1058
203195,1006,1055
203196,1004,1054
203197,998,1049
203198,1000,1054
203199,1004,1055
203200,1008,1058
203201,1008,1059
203202,1006,1056
203203,1003,1055
203204,1004,1057
203205,1007,1058
203206,1010,1062
203207,1010,1055
203208,1008,1050
203209,1009,1051
203210,1008,1050
203211,1013,1053
203212,1018,1055
203213,1020,1048
203214,1022,1045
203215,1026,1040
203216,1039,1038
203217,1055,1041
203218,1080,1041
203219,1110,1034
203220,1143,1031
203221,1178,1023
203222,1218,1023
203223,1262,1026
203224,1298,1030
203225,1322,1037
203226,1328,1045
203227,1307,1054
203228,1265,1061
203229,1208,1064
203230,1150,1066
203231,1088,1073
203232,1026,1075
203233,989,1077
203234,977,1080
203235,987,1078
203236,997,1072
203237,1004,1063
203238,1005,1055
203239,1003,1051
203240,1000,1049
203241,1000,1051
203242,998,1053
203243,995,1053
203244,994,1052
203245,992,1050
203246,989,1054
203247,992,1056
203248,994,1058
203249,990,1056
203250,985,1055
203251,981,1053
203252,982,1057
203253,985,1061
203254,988,1060
203255,987,1057
203256,987,1054
203257,986,1051
203258,986,1053
203259,987,1057
203260,989,1059
203261,989,1056
203262,988,1054
203263,984,1049
203264,983,1053
203265,986,1054
203266,992,1054
203267,991,1052
203268,987,1047
203269,984,1045
203270,981,1051
203271,982,1052
203272,983,1053
203273,984,1053
203274,981,1050
203275,981,1047
203276,983,1047
203277,987,1047
203278,989,1049
203279,988,1046
203280,987,1044
203281,983,1042
203282,983,1044
203283,987,1045
203284,992,1045
203285,993,1042
203286,994,1039
203287,992,1036
203288,991,1040
203289,993,1043
203290,997,1043
203291,998,1040
203292,997,1032
203293,995,1030
203294,995,1031
203295,1000,1034
203296,1006,1031
203297,1007,1029
203298,1003,1023
203299,1001,1022
203300,1002,1022
203301,1006,1024
203302,1007,1025
203303,1011,1021
203304,1010,1018
203305,1011,1015
203306,1012,1019
203307,1012,1018
203308,1018,1018
203309,1019,1017
203310,1019,1014
203311,1017,1010
203312,1016,1011
203313,1018,1014
203314,1021,1016
203315,1021,1013
203316,1019,1010
203317,1018,1009
203318,1022,1010
203319,1026,1013
203320,1028,1014
203321,1026,1013
203322,1025,1012
203323,1024,1012
203324,1028,1017
203325,1029,1020
203326,1034,1023
203327,1033,1023
203328,1033,1022
203329,1029,1023
203330,1028,1027
203331,1031,1034
203332,1034,1037
203333,1031,1037
203334,1027,1038
203335,1025,1039
203336,1022,1040
203337,1026,1046
203338,1027,1051
203339,1025,1051
203340,1020,1048
203341,1017,1049
203342,1017,1052
203343,1014,1055
203344,1018,1055
203345,1015,1053
203346,1014,1052
203347,1012,1050
203348,1012,1050
203349,1012,1053
203350,1010,1055
203351,1010,1054
203352,1006,1051
203353,1005,1052
203354,1004,1057
203355,1006,1060
203356,1011,1060
203357,1007,1059
203358,1006,1058
203359,1006,1053
203360,1005,1054
203361,1007,1055
203362,1010,1056
203363,1009,1057
203364,1008,1054
203365,1007,1052
203366,1011,1054
203367,1013,1057
203368,1012,1058
203369,1010,1058
203370,1009,1051
203371,1007,1050
203372,1008,1051
203373,1011,1052
203374,1016,1052
203375,1017,1049
203376,1013,1047
203377,1011,1043
203378,1010,1047
203379,1010,1050
203380,1013,1051
203381,1010,1051
203382,1009,1050
203383,1009,1046
203384,1011,1051
203385,1015,1049
203386,1016,1051
203387,1015,1050
203388,1014,1047
203389,1010,1047
203390,1012,1050
203391,1015,1051
203392,1018,1050
203393,1019,1047
203394,1016,1045
203395,1014,1043
203396,1012,1044
203397,1013,1047
203398,1016,1048
203399,1014,1048
203400,1012,1046
203401,1008,1046
203402,1010,1047
203403,1013,1050
203404,1015,1052
203405,1015,1049
203406,1010,1048
203407,1008,1044
203408,1009,1047
203409,1014,1053
203410,1018,1052
203411,1018,1050
203412,1017,1048
203413,1014,1048
203414,1012,1051
203415,1013,1053
203416,1019,1054
203417,1016,1054
203418,1016,1051
203419,1015,1052
203420,1017,1055
203421,1017,1055
203422,1021,1057
203423,1022,1053
203424,1019,1052
203425,1016,1048
203426,1012,1051
203427,1012,1051
203428,1018,1052
203429,1017,1049
203430,1019,1043
203431,1021,1039
203432,1031,1040
203433,1045,1042
203434,1066,1043
203435,1088,1039
203436,1118,1034
203437,1159,1031
203438,1209,1028
203439,1259,1029
203440,1308,1027
203441,1341,1034
203442,1354,1042
203443,1342,1052
203444,1298,1062
203445,1236,1061
203446,1164,1067
203447,1089,1072
203448,1019,1076
203449,975,1080
203450,965,1081
203451,979,1077
203452,995,1067
203453,1002,1056
203454,1001,1050
203455,1000,1045
203456,995,1048
203457,997,1050
203458,999,1053
203459,996,1051
203460,992,1050
203461,990,1046
203462,988,1045
203463,989,1045
203464,992,1047
203465,989,1047
203466,986,1047
203467,983,1044
203468,986,1046
203469,989,1048
203470,994,1050
203471,991,1050
203472,990,1048
203473,984,1048
203474,988,1051
203475,991,1053
203476,996,1055
203477,996,1048
203478,991,1049
203479,989,1048
203480,986,1050
203481,989,1052
203482,990,1055
203483,988,1052
203484,991,1051
203485,987,1052
203486,989,1053
203487,991,1056
203488,993,1055
203489,992,1053
203490,990,1049
203491,988,1047
203492,988,1050
203493,994,1052
203494,997,1049
203495,999,1051
203496,999,1044
203497,993,1043
203498,994,1048
203499,994,1049
203500,998,1051
203501,999,1044
203502,997,1041
203503,994,1038
203504,993,1038
203505,997,1039
203506,1004,1038
203507,1002,1032
203508,1000,1029
203509,1002,1026
203510,1006,1027
203511,1008,1027
203512,1010,1027
203513,1008,1024
203514,1008,1021
203515,1007,1019
203516,1011,1018
203517,1013,1019
203518,1016,1017
203519,1013,1015
203520,1012,1014
203521,1013,1013
203522,1015,1014
203523,1019,1016
203524,1023,1015
203525,1026,1014
203526,1026,1014
203527,1026,1013
203528,1025,1015
203529,1029,1016
203530,1031,1019
203531,1034,1017
203532,1032,1016
203533,1025,1018
203534,1026,1022
203535,1028,1025
203536,1031,1026
203537,1026,1026
203538,1028,1024
203539,1023,1025
203540,1022,1032
203541,1022,1033
203542,1022,1036
203543,1021,1035
203544,1018,1038
203545,1012,1034
203546,1009,1041
203547,1011,1047
203548,1012,1050
203549,1008,1048
203550,1004,1048
203551,1000,1050
203552,1002,1053
203553,1006,1056
203554,1007,1057
203555,1004,1055
203556,999,1052
203557,996,1053
203558,995,1056
203559,1001,1060
203560,1002,1061
203561,1001,1060
203562,1001,1056
203563,994,1057
203564,997,1061
203565,1003,1066
203566,1005,1064
203567,1001,1059
203568,996,1057
203569,995,1060
203570,996,1064
203571,1002,1062
203572,1003,1062
203573,1001,1057
203574,1000,1055
203575,995,1054
203576,995,1053
203577,997,1057
203578,1000,1058
203579,1002,1059
203580,1001,1056
203581,999,1052
203582,1000,1056
203583,1004,1058
203584,1007,1059
203585,1004,1054
203586,1007,1052
203587,1004,1050
203588,1002,1053
203589,1003,1055
203590,1009,1054
203591,1014,1047
203592,1013,1045
203593,1010,1045
203594,1006,1048
203595,1007,1049
203596,1014,1053
203597,1011,1053
203598,1008,1051
203599,1003,1052
203600,1004,1054
203601,1004,1058
203602,1009,1055
203603,1008,1050
203604,1010,1044
203605,1005,1044
203606,1003,1049
203607,1007,1053
203608,1012,1053
203609,1008,1050
203610,1006,1048
203611,1009,1050
203612,1006,1051
203613,1008,1056
203614,1008,1054
203615,1005,1051
203616,1003,1051
203617,1001,1051
203618,999,1053
203619,1004,1057
203620,1006,1055
203621,1005,1056
203622,1000,1050
203623,1001,1053
203624,999,1052
203625,1003,1054
203626,1009,1054
203627,1008,1053
203628,1012,1051
203629,1010,1048
203630,1010,1050
203631,1013,1055
203632,1010,1053
203633,1008,1052
203634,1007,1049
203635,1009,1049
203636,1016,1047
203637,1027,1045
203638,1041,1044
203639,1057,1040
203640,1084,1037
203641,1113,1033
203642,1155,1033
203643,1203,1032
203644,1252,1026
203645,1300,1025
203646,1338,1030
203647,1357,1041
203648,1347,1057
203649,1308,1066
203650,1250,1066
203651,1177,1070
203652,1105,1072
203653,1038,1078
203654,985,1085
203655,966,1090
203656,969,1086
203657,983,1077
203658,996,1065
203659,999,1057
203660,1002,1053
203661,999,1051
203662,1000,1049
203663,997,1050
203664,995,1047
203665,992,1048
203666,991,1049
203667,994,1053
203668,996,1052
203669,994,1050
203670,993,1048
203671,991,1047
203672,987,1047
203673,986,1047
203674,989,1050
203675,986,1052
203676,986,1053
203677,984,1051
203678,983,1053
203679,985,1056
203680,986,1055
203681,984,1053
203682,984,1052
203683,985,1054
203684,982,1051
203685,985,1052
203686,984,1051
203687,985,1050
203688,982,1049
203689,986,1047
203690,984,1049
203691,983,1048
203692,981,1048
203693,981,1045
203694,979,1046
203695,975,1047
203696,979,1049
203697,980,1052
203698,984,1052
203699,987,1051
203700,986,1047
203701,985,1045
203702,983,1047
203703,984,1048
203704,992,1046
203705,994,1045
203706,990,1042
203707,987,1040
203708,988,1043
203709,995,1045
203710,998,1045
203711,998,1044
203712,999,1037
203713,997,1033
203714,996,1038
203715,999,1040
203716,1006,1041
203717,1008,1037
203718,1006,1030
203719,1003,1030
203720,1004,1031
203721,1006,1034
203722,1011,1033
203723,1010,1027
203724,1011,1025
203725,1010,1023
203726,1011,1024
203727,1015,1025
203728,1020,1026
203729,1020,1018
203730,1019,1012
203731,1014,1012
203732,1016,1015
203733,1021,1018
203734,1023,1020
203735,1022,1017
203736,1019,1018
203737,1018,1016
203738,1022,1016
203739,1025,1021
203740,1027,1021
203741,1026,1016
203742,1024,1015
203743,1022,1015
203744,1023,1016
203745,1024,1021
203746,1027,1024
203747,1027,1024
203748,1028,1026
203749,1022,1026
203750,1022,1031
203751,1023,1035
203752,1024,1040
203753,1022,1040
203754,1018,1036
203755,1015,1037
203756,1013,1040
203757,1015,1045
203758,1016,1048
203759,1018,1048
203760,1011,1050
203761,1005,1051
203762,1001,1054
203763,1001,1057
203764,1004,1057
203765,1003,1056
203766,1003,1056
203767,1000,1057
203768,1003,1062
203769,1004,1067
203770,1007,1069
203771,1003,1066
203772,998,1057
203773,996,1058
203774,996,1059
203775,999,1061
203776,999,1062
203777,998,1060
203778,991,1059
203779,995,1060
203780,1000,1061
203781,1005,1061
203782,1006,1060
203783,1002,1060
203784,1001,1056
203785,999,1059
203786,1000,1060
203787,1004,1063
203788,1006,1064
203789,1008,1059
203790,1005,1054
203791,1002,1054
203792,1004,1052
203793,1007,1055
203794,1009,1056
203795,1008,1054
203796,1006,1052
203797,1007,1051
203798,1009,1055
203799,1012,1056
203800,1015,1056
203801,1015,1053
203802,1013,1053
203803,1015,1051
203804,1019,1054
203805,1025,1056
203806,1030,1060
203807,1033,1061
203808,1035,1060
203809,1035,1061
203810,1039,1067
203811,1047,1071
203812,1057,1071
203813,1068,1063
203814,1079,1046
203815,1089,1031
203816,1107,1017
203817,1125,1004
203818,1143,990
203819,1156,969
203820,1170,949
203821,1187,931
203822,1203,911
203823,1218,894
203824,1231,880
203825,1243,868
203826,1253,856
203827,1254,849
203828,1256,850
203829,1256,853
203830,1262,855
203831,1257,849
203832,1249,843
203833,1235,843
203834,1218,847
203835,1204,853
203836,1189,859
203837,1170,865
203838,1146,869
203839,1122,876
203840,1104,888
203841,1094,901
203842,1087,915
203843,1081,927
203844,1074,937
203845,1069,943
203846,1065,951
203847,1062,961
203848,1068,969
203849,1077,977
203850,1089,985
203851,1103,992
203852,1120,999
203853,1126,1005
203854,1104,1013
203855,1061,1019
203856,1010,1027
203857,978,1041
203858,962,1061
203859,958,1076
203860,959,1086
203861,956,1093
203862,948,1091
203863,940,1093
203864,935,1098
203865,933,1106
203866,933,1107
203867,929,1109
203868,922,1106
203869,920,1110
203870,918,1116
203871,919,1119
203872,917,1125
203873,914,1123
203874,912,1122
203875,910,1120
203876,910,1124
203877,908,1132
203878,909,1134
203879,905,1135
203880,901,1132
203881,900,1134
203882,903,1138
203883,904,1142
203884,902,1145
203885,897,1147
203886,892,1146
203887,890,1147
203888,894,1154
203889,894,1159
203890,899,1163
203891,895,1162
203892,888,1162
203893,882,1167
203894,881,1172
203895,883,1175
203896,885,1178
203897,882,1177
203898,876,1179
203899,877,1189
203900,878,1194
203901,880,1195
203902,884,1193
203903,884,1195
203904,883,1191
203905,880,1194
203906,880,1194
203907,883,1200
203908,888,1201
203909,890,1196
203910,894,1195
203911,894,1192
203912,899,1195
203913,903,1198
203914,912,1194
203915,915,1193
203916,915,1185
203917,914,1183
203918,920,1181
203919,928,1179
203920,935,1177
203921,942,1168
203922,943,1162
203923,947,1160
203924,951,1158
203925,956,1155
203926,962,1148
203927,966,1140
203928,968,1134
203929,966,1130
203930,971,1128
203931,977,1127
203932,981,1123
203933,982,1117
203934,982,1108
203935,980,1104
203936,981,1104
203937,980,1100
203938,982,1099
203939,983,1095
203940,981,1091
203941,982,1087
203942,982,1086
203943,982,1085
203944,984,1083
203945,982,1077
203946,980,1078
203947,977,1076
203948,977,1080
203949,981,1081
203950,980,1081
203951,980,1076
203952,977,1074
203953,975,1072
203954,976,1073
203955,983,1074
203956,985,1071
203957,982,1071
203958,982,1064
203959,980,1064
203960,984,1065
203961,983,1068
203962,988,1067
203963,986,1062
203964,983,1059
203965,981,1060
203966,981,1060
203967,985,1063
203968,990,1062
203969,990,1061
203970,990,1057
203971,985,1059
203972,991,1063
203973,992,1063
203974,993,1060
203975,991,1058
203976,985,1057
203977,983,1060
203978,986,1059
203979,992,1063
203980,993,1062
203981,994,1059
203982,989,1057
203983,986,1055
203984,987,1058
203985,991,1061
203986,995,1061
203987,993,1059
203988,989,1056
203989,988,1061
203990,989,1063
203991,993,1064
203992,994,1064
203993,989,1061
203994,987,1060
203995,987,1061
203996,991,1063
203997,996,1065
203998,996,1063
203999,993,1065
204000,992,1063
204001,995,1064
204002,996,1066
204003,997,1071
204004,998,1066
204005,998,1063
204006,996,1056
204007,995,1055
204008,996,1053
204009,995,1051
204010,999,1053
204011,1000,1049
204012,999,1049
204013,995,1047
204014,998,1050
204015,1001,1050
204016,1001,1048
204017,1002,1046
204018,1000,1043
204019,996,1041
204020,998,1044
204021,998,1047
204022,1000,1046
204023,999,1044
204024,996,1039
204025,993,1042
204026,993,1046
204027,997,1046
204028,1003,1044
204029,1004,1042
204030,1004,1039
204031,1000,1040
204032,1000,1043
204033,1001,1046
204034,1002,1044
204035,1002,1044
204036,999,1040
204037,997,1042
204038,997,1047
204039,998,1049
204040,999,1050
204041,1000,1048
204042,999,1045
204043,995,1047
204044,995,1050
204045,997,1052
204046,997,1053
204047,996,1048
204048,993,1047
204049,992,1049
204050,992,1051
204051,995,1055
204052,996,1056
204053,995,1057
204054,991,1056
204055,988,1055
204056,990,1057
204057,995,1061
204058,999,1060
204059,1000,1059
204060,998,1056
204061,995,1057
204062,998,1057
204063,1002,1060
204064,1005,1060
204065,1005,1057
204066,999,1055
204067,996,1056
204068,1000,1055
204069,1002,1054
204070,1005,1055
204071,1004,1052
204072,1003,1052
204073,1002,1047
204074,1004,1049
204075,1008,1050
204076,1012,1046
204077,1011,1044
204078,1009,1040
204079,1010,1037
204080,1019,1037
204081,1029,1037
204082,1042,1036
204083,1058,1032
204084,1074,1029
204085,1101,1028
204086,1135,1027
204087,1174,1020
204088,1219,1012
204089,1258,1004
204090,1294,1003
204091,1319,1014
204092,1333,1032
204093,1320,1053
204094,1282,1059
204095,1216,1060
204096,1148,1062
204097,1081,1071
204098,1020,1083
204099,981,1090
204100,972,1091
204101,977,1085
204102,988,1076
204103,997,1067
204104,1004,1060
204105,1003,1059
204106,1005,1058
204107,1000,1056
204108,994,1053
204109,990,1054
204110,991,1057
204111,993,1063
204112,999,1062
204113,993,1062
204114,992,1061
204115,991,1062
204116,992,1064
204117,994,1068
204118,994,1063
204119,992,1059
204120,990,1055
204121,988,1051
204122,990,1051
204123,990,1050
204124,989,1049
204125,991,1044
204126,991,1041
204127,986,1043
204128,987,1043
204129,991,1048
204130,994,1043
204131,993,1043
204132,990,1041
204133,984,1040
204134,984,1043
204135,985,1045
204136,989,1045
204137,986,1043
204138,983,1039
204139,980,1038
204140,981,1040
204141,986,1043
204142,989,1043
204143,987,1042
204144,986,1038
204145,982,1037
204146,985,1038
204147,992,1040
204148,994,1040
204149,992,1038
204150,989,1037
204151,986,1036
204152,990,1036
204153,994,1041
204154,1000,1041
204155,998,1041
204156,996,1039
204157,993,1037
204158,997,1038
204159,1001,1041
204160,1006,1043
204161,1009,1038
204162,1006,1033
204163,1007,1032
204164,1010,1033
204165,1010,1035
204166,1014,1036
204167,1014,1034
204168,1012,1029
204169,1012,1029
204170,1017,1030
204171,1023,1034
204172,1027,1031
204173,1027,1029
204174,1025,1023
204175,1023,1022
204176,1025,1023
204177,1027,1021
204178,1030,1020
204179,1029,1017
204180,1030,1009
204181,1031,1007
204182,1033,1003
204183,1034,1006
204184,1039,1008
204185,1037,1004
204186,1034,1002
204187,1033,1001
204188,1034,1005
204189,1036,1004
204190,1039,1007
204191,1037,1007
204192,1038,1005
204193,1038,1005
204194,1038,1009
204195,1038,1012
204196,1043,1013
204197,1041,1013
204198,1035,1012
204199,1032,1016
204200,1031,1020
204201,1031,1026
204202,1033,1028
204203,1032,1028
204204,1028,1030
204205,1025,1037
204206,1024,1039
204207,1029,1044
204208,1027,1045
204209,1025,1042
204210,1022,1043
204211,1019,1046
204212,1020,1051
204213,1021,1055
204214,1022,1058
204215,1020,1057
204216,1017,1052
204217,1014,1056
204218,1014,1060
204219,1017,1062
204220,1018,1061
204221,1014,1060
204222,1014,1057
204223,1011,1058
204224,1012,1062
204225,1016,1064
204226,1021,1062
204227,1019,1060
204228,1016,1058
204229,1014,1060
204230,1014,1062
204231,1017,1063
204232,1020,1060
204233,1019,1055
204234,1018,1052
204235,1014,1054
204236,1018,1053
204237,1021,1055
204238,1022,1053
204239,1022,1051
204240,1019,1048
204241,1017,1049
204242,1017,1050
204243,1019,1048
204244,1021,1050
204245,1021,1045
204246,1018,1043
204247,1017,1046
204248,1014,1049
204249,1019,1048
204250,1021,1051
204251,1019,1048
204252,1019,1045
204253,1019,1049
204254,1023,1048
204255,1022,1051
204256,1022,1050
204257,1019,1048
204258,1016,1045
204259,1015,1045
204260,1017,1050
204261,1021,1051
204262,1023,1049
204263,1024,1050
204264,1021,1047
204265,1018,1047
204266,1015,1050
204267,1019,1053
204268,1022,1053
204269,1020,1050
204270,1016,1051
204271,1015,1050
204272,1016,1053
204273,1019,1059
204274,1018,1057
204275,1019,1056
204276,1016,1054
204277,1015,1053
204278,1017,1058
204279,1017,1059
204280,1017,1057
204281,1015,1052
204282,1013,1050
204283,1010,1049
204284,1013,1050
204285,1014,1054
204286,1017,1052
204287,1017,1050
204288,1018,1048
204289,1013,1047
204290,1011,1047
204291,1010,1051
204292,1011,1051
204293,1011,1053
204294,1007,1052
204295,1007,1050
204296,1011,1052
204297,1013,1052
204298,1014,1052
204299,1011,1053
204300,1011,1051
204301,1008,1049
204302,1009,1053
204303,1010,1056
204304,1014,1054
204305,1013,1054
204306,1011,1050
204307,1008,1052
204308,1010,1054
204309,1009,1057
204310,1010,1057
204311,1010,1054
204312,1006,1051
204313,1004,1053
204314,1006,1055
204315,1010,1059
204316,1011,1059
204317,1011,1055
204318,1008,1054
204319,1004,1053
204320,1006,1056
204321,1011,1064
204322,1013,1062
204323,1012,1061
204324,1011,1060
204325,1008,1060
204326,1008,1063
204327,1010,1066
204328,1011,1061
204329,1011,1059
204330,1008,1053
204331,1008,1053
204332,1010,1055
204333,1011,1056
204334,1015,1058
204335,1014,1055
204336,1011,1047
204337,1008,1047
204338,1009,1052
204339,1012,1056
204340,1013,1056
204341,1010,1054
204342,1005,1052
204343,1005,1050
204344,1006,1051
204345,1007,1054
204346,1010,1054
204347,1008,1054
204348,1006,1051
204349,1007,1052
204350,1006,1057
204351,1009,1060
204352,1011,1059
204353,1010,1056
204354,1010,1057
204355,1007,1054
204356,1007,1056
204357,1012,1057
204358,1012,1059
204359,1011,1058
204360,1011,1054
204361,1010,1054
204362,1008,1056
204363,1011,1058
204364,1012,1057
204365,1012,1055
204366,1011,1053
204367,1010,1054
204368,1009,1059
204369,1014,1062
204370,1017,1061
204371,1016,1057
204372,1012,1055
204373,1011,1054
204374,1010,1059
204375,1015,1062
204376,1016,1063
204377,1013,1057
204378,1013,1054
204379,1011,1054
204380,1011,1053
204381,1016,1055
204382,1019,1055
204383,1015,1054
204384,1015,1052
204385,1010,1055
204386,1015,1055
204387,1016,1057
204388,1019,1055
204389,1016,1053
204390,1012,1050
204391,1011,1051
204392,1012,1053
204393,1014,1054
204394,1016,1055
204395,1015,1052
204396,1011,1051
204397,1010,1049
204398,1012,1051
204399,1015,1055
204400,1016,1054
204401,1015,1053
204402,1015,1050
204403,1013,1054
204404,1014,1058
204405,1020,1057
204406,1021,1057
204407,1021,1055
204408,1019,1053
204409,1014,1054
204410,1018,1055
204411,1022,1057
204412,1024,1058
204413,1025,1058
204414,1023,1057
204415,1021,1057
204416,1024,1057
204417,1033,1058
204418,1041,1055
204419,1055,1050
204420,1073,1048
204421,1094,1047
204422,1121,1046
204423,1155,1042
204424,1193,1035
204425,1228,1023
204426,1263,1016
204427,1299,1012
204428,1338,1015
204429,1363,1024
204430,1370,1039
204431,1344,1051
204432,1294,1055
204433,1232,1058
204434,1171,1062
204435,1114,1071
204436,1061,1075
204437,1022,1073
204438,998,1068
204439,995,1067
204440,1004,1066
204441,1016,1063
204442,1023,1056
204443,1021,1051
204444,1013,1047
204445,1008,1045
204446,1004,1048
204447,1004,1051
204448,1003,1050
204449,1000,1049
204450,998,1048
204451,998,1049
204452,997,1053
204453,1002,1058
204454,1003,1054
204455,997,1053
204456,995,1052
204457,994,1051
204458,993,1053
204459,994,1056
204460,995,1055
204461,994,1054
204462,993,1052
204463,989,1053
204464,993,1057
204465,992,1059
204466,992,1060
204467,992,1059
204468,991,1055
204469,987,1055
204470,987,1059
204471,990,1064
204472,994,1063
204473,997,1057
204474,996,1054
204475,992,1053
204476,995,1054
204477,996,1057
204478,996,1055
204479,995,1053
204480,991,1051
204481,991,1052
204482,994,1054
204483,996,1054
204484,998,1055
204485,994,1051
204486,994,1049
204487,992,1049
204488,995,1050
204489,996,1053
204490,999,1051
204491,997,1047
204492,996,1047
204493,994,1047
204494,997,1048
204495,1001,1050
204496,1003,1048
204497,999,1045
204498,995,1041
204499,998,1043
204500,998,1044
204501,999,1045
204502,1003,1044
204503,1005,1039
204504,1004,1034
204505,1004,1037
204506,1005,1039
204507,1008,1041
204508,1012,1038
204509,1013,1037
204510,1016,1034
204511,1013,1032
204512,1015,1035
204513,1016,1037
204514,1020,1035
204515,1015,1030
204516,1014,1030
204517,1012,1031
204518,1013,1032
204519,1020,1034
204520,1023,1033
204521,1023,1029
204522,1018,1025
204523,1018,1025
204524,1018,1027
204525,1022,1029
204526,1026,1027
204527,1027,1026
204528,1025,1021
204529,1023,1024
204530,1025,1024
204531,1031,1027
204532,1033,1025
204533,1034,1025
204534,1030,1023
204535,1031,1022
204536,1031,1024
204537,1036,1027
204538,1039,1027
204539,1036,1027
204540,1033,1025
204541,1031,1027
204542,1031,1030
204543,1036,1033
204544,1038,1032
204545,1038,1030
204546,1031,1032
204547,1026,1032
204548,1029,1038
204549,1029,1040
204550,1027,1042
204551,1025,1041
204552,1022,1040
204553,1018,1042
204554,1018,1043
204555,1020,1050
204556,1020,1049
204557,1014,1046
204558,1011,1046
204559,1007,1045
204560,1006,1049
204561,1009,1053
204562,1014,1053
204563,1013,1050
204564,1012,1053
204565,1007,1054
204566,1006,1055
204567,1007,1060
204568,1007,1057
204569,1006,1055
204570,1005,1054
204571,1004,1056
204572,1009,1057
204573,1015,1060
204574,1016,1059
204575,1014,1055
204576,1010,1050
204577,1007,1051
204578,1006,1057
204579,1008,1059
204580,1011,1056
204581,1010,1056
204582,1007,1053
204583,1009,1054
204584,1011,1055
204585,1016,1057
204586,1017,1053
204587,1015,1053
204588,1012,1048
204589,1006,1047
204590,1010,1050
204591,1014,1054
204592,1016,1053
204593,1012,1048
204594,1010,1048
204595,1008,1044
204596,1014,1047
204597,1015,1051
204598,1017,1046
204599,1013,1045
204600,1010,1043
204601,1010,1045
204602,1011,1046
204603,1012,1049
204604,1017,1046
204605,1016,1044
204606,1014,1041
204607,1010,1045
204608,1010,1046
204609,1012,1051
204610,1014,1049
204611,1013,1047
204612,1013,1043
204613,1012,1042
204614,1015,1045
204615,1014,1048
204616,1019,1048
204617,1019,1045
204618,1019,1043
204619,1013,1045
204620,1013,1047
204621,1015,1051
204622,1017,1051
204623,1018,1048
204624,1016,1044
204625,1015,1045
204626,1014,1045
204627,1015,1048
204628,1018,1048
204629,1016,1046
204630,1013,1044
204631,1009,1045
204632,1007,1048
204633,1007,1049
204634,1011,1048
204635,1010,1045
204636,1009,1042
204637,1009,1043
204638,1009,1047
204639,1013,1048
204640,1013,1049
204641,1012,1044
204642,1009,1044
204643,1005,1044
204644,1004,1048
204645,1006,1050
204646,1010,1049
204647,1008,1045
204648,1005,1044
204649,1004,1046
204650,1008,1049
204651,1007,1050
204652,1008,1049
204653,1007,1050
204654,1004,1045
204655,1005,1046
204656,1007,1049
204657,1008,1050
204658,1011,1054
204659,1007,1053
204660,1005,1050
204661,1001,1049
204662,1003,1053
204663,1004,1057
204664,1006,1056
204665,1007,1052
204666,1002,1050
204667,1001,1050
204668,1002,1054
204669,1009,1057
204670,1009,1057
204671,1008,1054
204672,1005,1049
204673,1003,1050
204674,1004,1052
204675,1008,1054
204676,1010,1052
204677,1011,1049
204678,1009,1048
204679,1008,1046
204680,1009,1051
204681,1016,1053
204682,1015,1049
204683,1015,1048
204684,1012,1044
204685,1008,1042
204686,1006,1044
204687,1009,1047
204688,1014,1049
204689,1013,1044
204690,1008,1041
204691,1007,1043
204692,1007,1044
204693,1012,1047
204694,1012,1045
204695,1009,1042
204696,1008,1038
204697,1009,1038
204698,1010,1041
204699,1014,1041
204700,1015,1038
204701,1023,1034
204702,1030,1031
204703,1040,1031
204704,1059,1033
204705,1083,1034
204706,1112,1030
204707,1145,1023
204708,1175,1010
204709,1209,1000
204710,1254,1002
204711,1297,1010
204712,1326,1020
204713,1331,1035
204714,1312,1050
204715,1271,1059
204716,1212,1066
204717,1152,1069
204718,1095,1076
204719,1037,1082
204720,988,1086
204721,965,1092
204722,967,1091
204723,981,1089
204724,995,1075
204725,1001,1060
204726,1000,1051
204727,998,1047
204728,998,1050
204729,1001,1050
204730,999,1047
204731,995,1043
204732,991,1041
204733,987,1040
204734,991,1043
204735,991,1048
204736,996,1045
204737,991,1046
204738,988,1041
204739,988,1041
204740,989,1041
204741,991,1044
204742,992,1041
204743,990,1041
204744,981,1038
204745,986,1042
204746,989,1046
204747,992,1048
204748,992,1043
204749,985,1041
204750,988,1040
204751,988,1041
204752,990,1046
204753,994,1047
204754,993,1046
204755,993,1046
204756,989,1043
204757,989,1043
204758,987,1048
204759,990,1048
204760,993,1048
204761,994,1049
204762,993,1048
204763,993,1047
204764,991,1049
204765,993,1052
204766,993,1050
204767,994,1048
204768,992,1045
204769,989,1045
204770,990,1045
204771,993,1045
204772,996,1043
204773,996,1037
204774,992,1035
204775,988,1035
204776,992,1038
204777,993,1040
204778,998,1036
204779,996,1034
204780,992,1031
204781,995,1030
204782,1000,1029
204783,1003,1028
204784,1006,1025
204785,1007,1021
204786,1002,1018
204787,1004,1017
204788,1009,1019
204789,1014,1019
204790,1016,1019
204791,1017,1011
204792,1016,1009
204793,1014,1010
204794,1019,1010
204795,1022,1009
204796,1023,1006
204797,1019,1003
204798,1019,1003
204799,1017,1002
204800,1020,1005
204801,1024,1006
204802,1027,1007
204803,1022,1004
204804,1019,1001
204805,1019,999
204806,1024,1004
204807,1029,1008
204808,1026,1007
204809,1027,1005
204810,1023,1002
204811,1024,1003
204812,1030,1010
204813,1033,1011
204814,1035,1009
204815,1032,1009
204816,1026,1009
204817,1024,1015
204818,1025,1018
204819,1029,1024
204820,1025,1024
204821,1018,1023
204822,1018,1023
204823,1021,1025
204824,1023,1029
204825,1024,1031
204826,1022,1034
204827,1016,1030
204828,1014,1032
204829,1009,1036
204830,1009,1038
204831,1009,1044
204832,1012,1044
204833,1015,1045
204834,1011,1044
204835,1007,1045
204836,1008,1046
204837,1008,1051
204838,1009,1049
204839,1008,1048
204840,1004,1046
204841,999,1048
204842,1001,1052
204843,1003,1054
204844,1005,1053
204845,1006,1051
204846,1002,1050
204847,999,1051
204848,1002,1054
204849,1002,1055
204850,1003,1053
204851,1003,1049
204852,999,1050
204853,1000,1051
204854,1004,1055
204855,1005,1059
204856,1004,1057
204857,1001,1055
204858,1003,1050
204859,1001,1049
204860,1004,1052
204861,1009,1057
204862,1009,1056
204863,1009,1052
204864,1005,1048
204865,1005,1052
204866,1008,1053
204867,1008,1053
204868,1007,1052
204869,1003,1051
204870,1000,1047
204871,999,1047
204872,1006,1049
204873,1010,1053
204874,1012,1048
204875,1009,1045
204876,1005,1046
204877,1004,1045
204878,1004,1049
204879,1008,1051
204880,1009,1048
204881,1007,1048
204882,1006,1045
204883,1009,1045
204884,1008,1047
204885,1011,1051
204886,1012,1050
204887,1010,1045
204888,1008,1042
204889,1007,1045
204890,1008,1046
204891,1012,1048
204892,1015,1047
204893,1014,1048
204894,1009,1044
204895,1008,1044
204896,1009,1047
204897,1011,1049
204898,1014,1050
204899,1013,1047
204900,1011,1040
204901,1013,1045
204902,1014,1049
204903,1014,1052
204904,1014,1052
204905,1011,1051
204906,1010,1048
204907,1008,1047
204908,1006,1049
204909,1009,1052
204910,1011,1050
204911,1009,1048
204912,1008,1049
204913,1007,1050
204914,1012,1053
204915,1016,1056
204916,1015,1052
204917,1011,1050
204918,1007,1049
204919,1007,1051
204920,1010,1055
204921,1015,1056
204922,1013,1054
204923,1009,1051
204924,1010,1048
204925,1011,1049
204926,1013,1049
204927,1017,1050
204928,1023,1046
204929,1028,1041
204930,1035,1037
204931,1048,1038
204932,1071,1038
204933,1101,1042
204934,1140,1035
204935,1179,1026
204936,1220,1019
204937,1261,1019
204938,1305,1025
204939,1336,1040
204940,1346,1053
204941,1335,1065
204942,1290,1062
204943,1229,1060
204944,1166,1063
204945,1104,1073
204946,1046,1084
204947,991,1089
204948,958,1091
204949,959,1095
204950,974,1090
204951,991,1082
204952,1001,1068
204953,1002,1057
204954,1004,1051
204955,1003,1047
204956,1002,1048
204957,999,1048
204958,997,1047
204959,992,1047
204960,992,1047
204961,992,1049
204962,989,1049
204963,987,1052
204964,988,1050
204965,989,1048
204966,989,1047
204967,985,1048
204968,984,1051
204969,986,1052
204970,987,1049
204971,984,1047
204972,980,1049
204973,981,1049
204974,983,1053
204975,984,1057
204976,987,1053
204977,986,1052
204978,982,1049
204979,978,1050
204980,980,1052
204981,981,1055
204982,985,1056
204983,983,1051
204984,981,1050
204985,979,1053
204986,982,1054
204987,984,1057
204988,987,1055
204989,984,1053
204990,980,1049
204991,979,1049
204992,981,1052
204993,984,1053
204994,990,1053
204995,991,1049
204996,990,1045
204997,991,1049
204998,992,1050
204999,996,1055
205000,998,1052
205001,998,1052
205002,995,1050
205003,995,1046
205004,999,1046
205005,1004,1048
205006,1006,1039
205007,1007,1034
205008,1007,1031
205009,1004,1031
205010,1003,1032
205011,1007,1032
205012,1010,1029
205013,1011,1024
205014,1011,1022
205015,1009,1023
205016,1015,1023
205017,1018,1025
205018,1023,1021
205019,1020,1016
205020,1018,1013
205021,1019,1014
205022,1020,1016
205023,1025,1017
205024,1026,1013
205025,1024,1011
205026,1025,1007
205027,1025,1008
205028,1027,1009
205029,1033,1010
205030,1033,1009
205031,1027,1006
205032,1027,1003
205033,1028,1008
205034,1030,1009
205035,1034,1015
205036,1033,1014
205037,1034,1013
205038,1030,1012
205039,1024,1013
205040,1027,1021
205041,1028,1023
205042,1027,1025
205043,1026,1026
205044,1022,1025
205045,1019,1028
205046,1022,1033
205047,1024,1037
205048,1025,1039
205049,1023,1039
205050,1018,1037
205051,1016,1042
205052,1017,1044
205053,1018,1049
205054,1016,1049
205055,1011,1048
205056,1009,1050
205057,1008,1050
205058,1010,1055
205059,1011,1055
205060,1010,1053
205061,1006,1055
205062,999,1054
205063,1000,1056
205064,1000,1059
205065,1004,1062
205066,1007,1063
205067,1005,1061
205068,999,1059
205069,998,1062
205070,1000,1065
205071,1002,1066
205072,1000,1063
205073,999,1061
205074,999,1060
205075,999,1062
205076,1000,1066
205077,1004,1068
205078,1007,1065
205079,1006,1065
205080,1002,1061
205081,1000,1060
205082,1001,1063
205083,1004,1069
205084,1006,1067
205085,1008,1066
205086,1006,1064
205087,1008,1065
205088,1011,1066
205089,1010,1070
205090,1011,1069
205091,1009,1066
205092,1007,1062
205093,1010,1065
205094,1012,1065
205095,1017,1065
205096,1016,1063
205097,1015,1058
205098,1014,1054
205099,1015,1054
205100,1017,1052
205101,1018,1054
205102,1016,1051
205103,1015,1048
205104,1014,1047
205105,1013,1050
205106,1015,1051
205107,1018,1053
205108,1017,1050
205109,1016,1048
205110,1013,1045
205111,1011,1048
205112,1012,1050
205113,1015,1052
205114,1017,1053
205115,1016,1049
205116,1013,1049
205117,1010,1050
205118,1009,1055
205119,1009,1057
205120,1011,1054
205121,1009,1052
205122,1005,1052
205123,1004,1054
205124,1004,1055
205125,1009,1059
205126,1013,1059
205127,1014,1057
205128,1011,1055
205129,1009,1057
205130,1004,1061
205131,1009,1063
205132,1011,1062
205133,1009,1062
205134,1007,1056
205135,1005,1060
205136,1007,1062
205137,1011,1065
205138,1012,1060
205139,1010,1058
205140,1006,1056
205141,1006,1059
205142,1010,1060
205143,1013,1062
205144,1015,1060
205145,1014,1056
205146,1019,1050
205147,1027,1046
205148,1040,1049
205149,1059,1051
205150,1085,1048
205151,1118,1044
205152,1154,1039
205153,1198,1032
205154,1246,1029
205155,1295,1027
205156,1339,1029
205157,1364,1036
205158,1367,1048
205159,1334,1059
205160,1280,1065
205161,1212,1067
205162,1136,1073
205163,1062,1079
205164,1002,1080
205165,975,1080
205166,975,1079
205167,992,1074
205168,1006,1065
205169,1011,1061
205170,1007,1055
205171,1003,1054
205172,1001,1058
205173,1000,1061
205174,1002,1064
205175,997,1061
205176,995,1056
205177,991,1057
205178,993,1058
205179,993,1060
205180,995,1058
205181,995,1056
205182,991,1054
205183,988,1056
205184,994,1058
205185,995,1060
205186,990,1058
205187,988,1056
205188,985,1056
205189,984,1058
205190,987,1061
205191,991,1062
205192,990,1062
205193,988,1057
205194,985,1053
205195,983,1053
205196,985,1059
205197,989,1061
205198,991,1061
205199,986,1058
205200,983,1056
205201,981,1057
205202,985,1063
205203,987,1064
205204,987,1061
205205,985,1055
205206,983,1056
205207,981,1056
205208,983,1058
205209,986,1060
205210,988,1058
205211,987,1056
205212,985,1052
205213,986,1053
205214,989,1054
205215,989,1054
205216,994,1052
205217,992,1046
205218,989,1043
205219,990,1044
205220,994,1044
205221,1000,1046
205222,1004,1044
205223,1007,1038
205224,1007,1037
205225,1006,1034
205226,1009,1033
205227,1010,1033
205228,1011,1032
205229,1012,1028
205230,1013,1026
205231,1015,1026
205232,1018,1031
205233,1021,1027
205234,1019,1023
205235,1019,1022
205236,1019,1020
205237,1018,1019
205238,1021,1022
205239,1026,1023
205240,1029,1023
205241,1031,1021
205242,1028,1019
205243,1027,1021
205244,1029,1024
205245,1029,1028
205246,1033,1029
205247,1030,1023
205248,1029,1023
205249,1028,1024
205250,1030,1029
205251,1033,1036
205252,1029,1036
205253,1026,1035
205254,1022,1036
205255,1018,1038
205256,1019,1041
205257,1019,1043
205258,1022,1044
205259,1015,1041
205260,1011,1038
205261,1008,1043
205262,1008,1046
205263,1012,1050
205264,1010,1050
205265,1005,1048
205266,1004,1044
205267,1005,1047
205268,1007,1052
205269,1009,1057
205270,1006,1055
205271,1003,1052
205272,1000,1053
205273,998,1054
205274,999,1057
205275,1004,1061
205276,1005,1062
205277,1006,1058
205278,999,1055
205279,1000,1062
205280,1004,1064
205281,1005,1062
205282,1005,1064
205283,1003,1062
205284,997,1062
205285,999,1063
205286,1002,1064
205287,1007,1068
205288,1008,1069
205289,1006,1065
205290,1001,1063
205291,1002,1064
205292,1008,1065
205293,1009,1068
205294,1010,1066
205295,1009,1064
205296,1007,1058
205297,1004,1059
205298,1007,1061
205299,1012,1063
205300,1016,1061
205301,1019,1062
205302,1020,1056
205303,1026,1060
205304,1036,1063
205305,1039,1066
205306,1042,1066
205307,1047,1066
205308,1058,1062
205309,1072,1056
205310,1087,1050
205311,1101,1036
205312,1113,1019
205313,1129,1002
205314,1140,988
205315,1153,975
205316,1171,964
205317,1191,952
205318,1210,931
205319,1227,906
205320,1240,887
205321,1255,872
205322,1270,867
205323,1276,858
205324,1276,851
205325,1275,849
205326,1270,848
205327,1267,847
205328,1261,851
205329,1249,849
205330,1232,850
205331,1209,851
205332,1188,850
205333,1165,858
205334,1144,870
205335,1124,884
205336,1102,892
205337,1082,902
205338,1068,910
205339,1062,925
205340,1064,938
205341,1066,950
205342,1063,955
205343,1056,958
205344,1057,964
205345,1064,974
205346,1081,985
205347,1102,994
205348,1118,998
205349,1129,998
205350,1116,1000
205351,1086,1010
205352,1040,1023
205353,1000,1032
205354,973,1045
205355,958,1057
205356,947,1066
205357,944,1080
205358,944,1090
205359,942,1095
205360,938,1094
205361,933,1098
205362,929,1098
205363,926,1104
205364,927,1109
205365,928,1113
205366,926,1115
205367,922,1114
205368,919,1114
205369,918,1117
205370,919,1122
205371,922,1126
205372,919,1125
205373,917,1127
205374,912,1130
205375,914,1131
205376,911,1134
205377,911,1138
205378,911,1139
205379,907,1140
205380,904,1141
205381,906,1146
205382,909,1150
205383,908,1156
205384,911,1157
205385,905,1162
205386,901,1163
205387,894,1166
205388,895,1170
205389,898,1171
205390,897,1173
205391,892,1174
205392,890,1174
205393,890,1177
205394,895,1181
205395,898,1187
205396,896,1189
205397,894,1188
205398,891,1185
205399,893,1189
205400,895,1194
205401,900,1198
205402,901,1199
205403,901,1200
205404,902,1197
205405,902,1201
205406,909,1207
205407,916,1207
205408,919,1205
205409,922,1204
205410,922,1198
205411,927,1198
205412,934,1200
205413,939,1200
205414,944,1196
205415,946,1190
205416,947,1186
205417,951,1184
205418,958,1181
205419,967,1180
205420,971,1173
205421,974,1167
205422,975,1158
205423,977,1154
205424,981,1150
205425,987,1146
205426,989,1140
205427,989,1134
205428,990,1123
205429,989,1122
205430,990,1119
205431,990,1116
205432,992,1110
205433,991,1103
205434,986,1094
205435,985,1093
205436,985,1092
205437,987,1088
205438,988,1084
205439,985,1078
205440,983,1074
205441,980,1075
205442,979,1072
205443,983,1075
205444,983,1075
205445,978,1067
205446,975,1064
205447,975,1064
205448,977,1067
205449,982,1067
205450,983,1065
205451,984,1062
205452,980,1060
205453,979,1060
205454,978,1063
205455,984,1063
205456,984,1063
205457,983,1060
205458,981,1058
205459,982,1057
205460,986,1064
205461,990,1065
205462,992,1064
205463,990,1062
205464,985,1058
205465,988,1059
205466,991,1065
205467,994,1064
205468,995,1063
205469,995,1060
205470,992,1055
205471,994,1060
205472,995,1062
205473,1000,1064
205474,1001,1061
205475,999,1059
205476,994,1058
205477,993,1058
205478,994,1058
205479,996,1059
205480,996,1055
205481,998,1054
205482,998,1049
205483,995,1052
205484,997,1054
205485,995,1055
205486,996,1055
205487,992,1053
205488,989,1049
205489,991,1051
205490,995,1055
205491,998,1057
205492,996,1058
205493,995,1055
205494,990,1054
205495,989,1054
205496,990,1057
205497,992,1059
205498,994,1056
205499,995,1054
205500,992,1052
205501,990,1054
205502,990,1054
205503,993,1057
205504,994,1056
205505,993,1053
205506,993,1054
205507,992,1052
205508,993,1055
205509,996,1060
205510,998,1059
205511,996,1057
205512,993,1054
205513,994,1057
205514,992,1058
205515,995,1058
205516,996,1056
205517,995,1051
205518,992,1049
205519,990,1053
205520,990,1052
205521,994,1054
205522,994,1053
205523,993,1049
205524,992,1047
205525,993,1046
205526,996,1046
205527,998,1051
205528,1001,1047
205529,998,1042
205530,996,1043
205531,994,1045
205532,995,1048
205533,994,1049
205534,992,1049
205535,989,1044
205536,990,1043
205537,987,1043
205538,989,1047
205539,992,1048
205540,992,1046
205541,986,1044
205542,981,1043
205543,981,1043
205544,985,1048
205545,988,1049
205546,988,1047
205547,985,1048
205548,980,1046
205549,982,1049
205550,984,1052
205551,986,1055
205552,984,1054
205553,987,1050
205554,984,1048
205555,984,1047
205556,987,1052
205557,989,1053
205558,991,1052
205559,989,1052
205560,989,1051
205561,988,1051
205562,990,1052
205563,992,1054
205564,991,1052
205565,993,1051
205566,989,1047
205567,992,1050
205568,994,1054
205569,999,1054
205570,998,1053
205571,996,1048
205572,992,1046
205573,992,1048
205574,993,1050
205575,997,1048
205576,998,1050
205577,997,1045
205578,998,1046
205579,997,1045
205580,998,1047
205581,1002,1048
205582,1002,1047
205583,998,1047
205584,996,1047
205585,994,1046
205586,998,1050
205587,997,1049
205588,995,1048
205589,994,1044
205590,992,1043
205591,991,1045
205592,995,1048
205593,998,1051
205594,999,1049
205595,997,1045
205596,996,1045
205597,997,1043
205598,1001,1043
205599,1008,1043
205600,1014,1041
205601,1025,1034
205602,1038,1032
205603,1062,1034
205604,1091,1035
205605,1129,1030
205606,1167,1021
205607,1206,1004
205608,1243,998
205609,1285,999
205610,1320,1011
205611,1340,1031
205612,1325,1047
205613,1278,1051
205614,1211,1054
205615,1143,1058
205616,1078,1068
205617,1021,1075
205618,980,1073
205619,972,1070
205620,978,1062
205621,991,1055
205622,1001,1048
205623,1003,1043
205624,1000,1040
205625,994,1039
205626,990,1037
205627,985,1039
205628,986,1041
205629,985,1043
205630,987,1044
205631,983,1041
205632,980,1038
205633,978,1042
205634,979,1042
205635,981,1046
205636,980,1046
205637,977,1044
205638,972,1042
205639,971,1042
205640,974,1046
205641,978,1049
205642,978,1048
205643,977,1044
205644,977,1045
205645,976,1045
205646,978,1048
205647,980,1052
205648,977,1051
205649,970,1049
205650,969,1046
205651,971,1050
205652,975,1050
205653,977,1053
205654,979,1050
205655,978,1048
205656,977,1046
205657,977,1049
205658,977,1051
205659,983,1056
205660,983,1054
205661,979,1049
205662,983,1049
205663,985,1049
205664,989,1049
205665,991,1052
205666,991,1048
205667,989,1043
205668,987,1039
205669,987,1041
205670,990,1040
205671,989,1040
205672,990,1037
205673,989,1035
205674,989,1033
205675,990,1030
205676,992,1031
205677,992,1031
205678,992,1028
205679,992,1023
205680,990,1022
205681,991,1021
205682,996,1025
205683,1001,1024
205684,1003,1021
205685,1006,1018
205686,1001,1018
205687,996,1015
205688,999,1018
205689,1001,1018
205690,1007,1015
205691,1009,1013
205692,1008,1011
205693,1010,1011
205694,1016,1014
205695,1019,1017
205696,1020,1014
205697,1017,1009
205698,1015,1007
205699,1018,1005
205700,1024,1008
205701,1026,1009
205702,1032,1007
205703,1031,1005
205704,1031,1003
205705,1032,1004
205706,1035,1008
205707,1039,1011
205708,1041,1012
205709,1038,1010
205710,1036,1010
205711,1040,1012
205712,1045,1017
205713,1047,1020
205714,1046,1020
205715,1040,1018
205716,1036,1022
205717,1036,1023
205718,1036,1029
205719,1036,1030
205720,1034,1031
205721,1031,1031
205722,1022,1029
205723,1021,1034
205724,1023,1037
205725,1026,1041
205726,1024,1038
205727,1019,1036
205728,1014,1035
205729,1008,1041
205730,1007,1044
205731,1011,1050
205732,1011,1049
205733,1009,1046
205734,1009,1047
205735,1006,1049
205736,1007,1050
205737,1006,1053
205738,1005,1051
205739,1000,1049
205740,1001,1046
205741,1002,1049
205742,1003,1053
205743,1005,1055
205744,1004,1051
205745,1003,1048
205746,1001,1049
205747,999,1048
205748,1000,1049
205749,1004,1055
205750,1005,1054
205751,1006,1051
205752,1003,1050
205753,1007,1053
205754,1010,1052
205755,1011,1054
205756,1011,1052
205757,1006,1050
205758,1006,1049
205759,1008,1048
205760,1011,1050
205761,1012,1048
205762,1010,1044
205763,1013,1042
205764,1011,1040
205765,1011,1041
205766,1014,1041
205767,1015,1044
205768,1015,1040
205769,1014,1040
205770,1012,1036
205771,1012,1038
205772,1014,1039
205773,1013,1041
205774,1018,1042
205775,1015,1040
205776,1013,1039
205777,1011,1039
205778,1012,1042
205779,1012,1045
205780,1013,1045
205781,1012,1040
205782,1010,1039
205783,1012,1040
205784,1014,1043
205785,1014,1043
205786,1014,1045
205787,1012,1042
205788,1006,1041
205789,1004,1044
205790,1006,1045
205791,1013,1048
205792,1014,1044
205793,1015,1041
205794,1011,1039
205795,1007,1042
205796,1007,1045
205797,1011,1046
205798,1010,1044
205799,1009,1042
205800,1005,1041
205801,1009,1042
205802,1010,1045
205803,1014,1046
205804,1013,1045
205805,1011,1043
205806,1004,1045
205807,1003,1045
205808,1005,1045
205809,1004,1047
205810,1005,1044
205811,1002,1041
205812,998,1041
205813,999,1043
205814,1001,1045
205815,1004,1046
205816,1005,1044
205817,1003,1043
205818,1001,1042
205819,1001,1042
205820,1002,1043
205821,1005,1044
205822,1005,1043
205823,1000,1042
205824,998,1041
205825,996,1041
205826,999,1044
205827,1003,1047
205828,1001,1045
205829,1000,1043
205830,997,1044
205831,996,1045
205832,1000,1048
205833,1005,1048
205834,1003,1045
205835,1000,1044
205836,996,1043
205837,995,1046
205838,998,1049
205839,1002,1049
205840,1002,1050
205841,1000,1046
205842,1000,1042
205843,996,1045
205844,995,1049
205845,997,1049
205846,999,1049
205847,999,1046
205848,996,1045
205849,996,1046
205850,1001,1049
205851,1003,1049
205852,1002,1049
205853,1001,1044
205854,998,1044
205855,996,1043
205856,999,1048
205857,1004,1048
205858,1006,1048
205859,1004,1048
205860,1000,1046
205861,1002,1047
205862,1003,1049
205863,1006,1050
205864,1007,1047
205865,1005,1047
205866,1005,1044
205867,1006,1041
205868,1012,1041
205869,1021,1041
205870,1034,1038
205871,1045,1033
205872,1062,1032
205873,1086,1031
205874,1116,1032
205875,1154,1025
205876,1195,1010
205877,1232,1000
205878,1270,998
205879,1309,1007
205880,1337,1025
205881,1338,1044
205882,1299,1050
205883,1236,1049
205884,1163,1053
205885,1097,1065
205886,1032,1075
205887,988,1080
205888,968,1080
205889,970,1074
205890,983,1063
205891,996,1052
205892,1000,1049
205893,1001,1048
205894,997,1045
205895,991,1041
205896,988,1042
205897,986,1042
205898,988,1045
205899,990,1047
205900,989,1046
205901,986,1045
205902,981,1043
205903,981,1045
205904,981,1049
205905,983,1049
205906,982,1046
205907,977,1041
205908,978,1044
205909,975,1047
205910,973,1049
205911,977,1049
205912,976,1048
205913,973,1047
205914,970,1046
205915,972,1046
205916,980,1050
205917,983,1051
205918,984,1048
205919,980,1047
205920,978,1048
205921,978,1048
205922,980,1048
205923,985,1051
205924,986,1047
205925,981,1046
205926,982,1042
205927,981,1046
205928,985,1048
205929,983,1047
205930,984,1046
205931,983,1041
205932,982,1042
205933,984,1043
205934,985,1043
205935,988,1045
205936,985,1040
205937,986,1039
205938,987,1035
205939,987,1038
205940,987,1039
205941,989,1038
205942,991,1035
205943,992,1031
205944,989,1030
205945,992,1030
205946,994,1031
205947,999,1031
205948,998,1028
205949,1000,1023
205950,997,1022
205951,996,1024
205952,1000,1026
205953,1004,1028
205954,1008,1024
205955,1007,1023
205956,1005,1019
205957,1005,1020
205958,1004,1022
205959,1008,1025
205960,1010,1021
205961,1009,1018
205962,1008,1013
205963,1010,1015
205964,1011,1016
205965,1013,1018
205966,1016,1017
205967,1013,1012
205968,1012,1012
205969,1011,1014
205970,1014,1015
205971,1019,1017
205972,1017,1021
205973,1018,1016
205974,1016,1015
205975,1018,1019
205976,1018,1021
205977,1022,1024
205978,1022,1025
205979,1018,1021
205980,1016,1024
205981,1016,1025
205982,1018,1031
205983,1019,1033
205984,1016,1033
205985,1014,1032
205986,1009,1033
205987,1006,1036
205988,1009,1039
205989,1008,1043
205990,1007,1043
205991,1004,1041
205992,1001,1043
205993,999,1044
205994,1001,1046
205995,1002,1049
205996,1002,1047
205997,1000,1044
205998,996,1046
205999,997,1048
206000,997,1049
206001,1000,1052
206002,1000,1051
206003,999,1049
206004,995,1048
206005,995,1052
206006,997,1055
206007,1001,1057
206008,1005,1058
206009,1004,1056
206010,1002,1052
206011,1003,1050
206012,1005,1051
206013,1009,1051
206014,1011,1049
206015,1009,1046
206016,1006,1042
206017,1010,1046
206018,1014,1048
206019,1023,1050
206020,1027,1047
206021,1032,1048
206022,1030,1044
206023,1033,1049
206024,1039,1053
206025,1047,1053
206026,1055,1054
206027,1070,1048
206028,1081,1036
206029,1093,1020
206030,1102,1009
206031,1122,997
206032,1140,984
206033,1158,970
206034,1171,953
206035,1187,940
206036,1205,922
206037,1224,901
206038,1241,877
206039,1259,859
206040,1274,845
206041,1282,836
206042,1287,832
206043,1287,829
206044,1279,828
206045,1274,822
206046,1263,823
206047,1258,820
206048,1245,822
206049,1232,819
206050,1210,820
206051,1186,819
206052,1160,825
206053,1133,835
206054,1108,850
206055,1088,862
206056,1069,875
206057,1060,885
206058,1053,896
206059,1049,911
206060,1053,926
206061,1054,938
206062,1051,945
206063,1048,950
206064,1060,960
206065,1078,970
206066,1098,981
206067,1116,989
206068,1122,991
206069,1109,993
206070,1076,997
206071,1036,1010
206072,999,1025
206073,973,1037
206074,958,1051
206075,947,1057
206076,942,1071
206077,939,1081
206078,940,1086
206079,938,1091
206080,931,1090
206081,927,1089
206082,926,1090
206083,921,1094
206084,921,1099
206085,921,1100
206086,919,1103
206087,914,1102
206088,911,1102
206089,905,1105
206090,913,1111
206091,915,1118
206092,914,1117
206093,911,1116
206094,907,1117
206095,903,1120
206096,903,1126
206097,905,1130
206098,905,1129
206099,905,1129
206100,901,1131
206101,898,1135
206102,899,1140
206103,902,1141
206104,900,1144
206105,898,1144
206106,893,1145
206107,896,1146
206108,900,1148
206109,902,1150
206110,904,1145
206111,902,1146
206112,901,1149
206113,899,1151
206114,904,1157
206115,906,1159
206116,905,1160
206117,904,1159
206118,903,1162
206119,904,1164
206120,907,1168
206121,911,1170
206122,912,1169
206123,911,1168
206124,911,1170
206125,911,1172
206126,917,1175
206127,922,1175
206128,920,1175
206129,925,1172
206130,921,1169
206131,928,1170
206132,934,1171
206133,939,1168
206134,943,1166
206135,941,1164
206136,941,1161
206137,946,1158
206138,952,1157
206139,957,1153
206140,960,1151
206141,962,1143
206142,961,1140
206143,964,1139
206144,970,1137
206145,978,1135
206146,979,1129
206147,978,1124
206148,978,1116
206149,980,1116
206150,983,1114
206151,986,1114
206152,989,1107
206153,988,1102
206154,988,1097
206155,989,1095
206156,990,1094
206157,991,1090
206158,990,1085
206159,987,1078
206160,982,1071
206161,984,1070
206162,984,1069
206163,987,1067
206164,989,1062
206165,986,1055
206166,988,1054
206167,987,1051
206168,988,1052
206169,992,1054
206170,991,1049
206171,989,1046
206172,988,1045
206173,989,1047
206174,996,1049
206175,1000,1048
206176,996,1047
206177,991,1043
206178,987,1043
206179,986,1044
206180,989,1047
206181,993,1046
206182,992,1045
206183,990,1041
206184,984,1042
206185,989,1042
206186,991,1044
206187,992,1046
206188,993,1045
206189,990,1042
206190,985,1041
206191,984,1043
206192,985,1044
206193,989,1046
206194,989,1046
206195,986,1041
206196,985,1043
206197,985,1044
206198,987,1046
206199,991,1050
206200,991,1048
206201,988,1044
206202,986,1046
206203,987,1047
206204,989,1048
206205,993,1046
206206,995,1040
206207,995,1037
206208,993,1034
206209,991,1036
206210,993,1040
206211,995,1041
206212,996,1039
206213,994,1035
206214,990,1033
206215,989,1034
206216,996,1034
206217,996,1034
206218,999,1035
206219,998,1031
206220,996,1030
206221,993,1034
206222,993,1035
206223,997,1035
206224,996,1033
206225,994,1028
206226,992,1029
206227,991,1028
206228,995,1033
206229,999,1033
206230,1001,1033
206231,998,1027
206232,995,1028
206233,997,1030
206234,996,1032
206235,1000,1031
206236,1000,1033
206237,999,1032
206238,997,1029
206239,997,1032
206240,998,1036
206241,1003,1038
206242,1003,1034
206243,998,1032
206244,996,1029
206245,994,1033
206246,995,1035
206247,996,1038
206248,992,1037
206249,991,1037
206250,990,1036
206251,990,1040
206252,995,1042
206253,999,1042
206254,1000,1040
206255,997,1038
206256,992,1034
206257,990,1037
206258,994,1038
206259,997,1041
206260,998,1039
206261,997,1035
206262,995,1037
206263,996,1039
206264,998,1039
206265,1000,1040
206266,999,1037
206267,996,1036
206268,994,1036
206269,993,1039
206270,997,1042
206271,1001,1039
206272,999,1038
206273,995,1034
206274,992,1035
206275,993,1035
206276,996,1041
206277,999,1039
206278,996,1034
206279,994,1033
206280,992,1032
206281,993,1033
206282,996,1034
206283,996,1036
206284,996,1035
206285,994,1030
206286,991,1029
206287,992,1032
206288,994,1035
206289,995,1035
206290,996,1035
206291,995,1032
206292,994,1029
206293,993,1034
206294,993,1036
206295,997,1037
206296,996,1034
206297,994,1031
206298,992,1031
206299,996,1034
206300,999,1037
206301,1000,1038
206302,1002,1037
206303,1000,1031
206304,995,1033
206305,994,1036
206306,996,1035
206307,997,1038
206308,999,1034
206309,998,1032
206310,995,1031
206311,994,1030
206312,997,1031
206313,999,1033
206314,999,1033
206315,995,1028
206316,992,1027
206317,992,1029
206318,998,1034
206319,1003,1035
206320,1001,1033
206321,996,1030
206322,998,1029
206323,998,1034
206324,1001,1033
206325,1003,1036
206326,1000,1031
206327,998,1028
206328,998,1029
206329,999,1030
206330,1001,1032
206331,1003,1032
206332,1002,1033
206333,1004,1028
206334,1002,1027
206335,1004,1026
206336,1005,1033
206337,1007,1033
206338,1008,1032
206339,1005,1028
206340,1003,1029
206341,1003,1031
206342,1004,1032
206343,1009,1033
206344,1009,1029
206345,1009,1027
206346,1010,1023
206347,1015,1021
206348,1025,1023
206349,1041,1022
206350,1061,1020
206351,1083,1015
206352,1108,1012
206353,1143,1009
206354,1183,1000
206355,1229,992
206356,1263,986
206357,1297,983
206358,1320,994
206359,1328,1011
206360,1314,1027
206361,1276,1034
206362,1216,1033
206363,1152,1037
206364,1090,1042
206365,1033,1051
206366,997,1058
206367,981,1058
206368,983,1053
206369,989,1042
206370,996,1034
206371,1002,1028
206372,1003,1028
206373,1003,1030
206374,999,1027
206375,993,1024
206376,990,1026
206377,987,1029
206378,987,1033
206379,987,1030
206380,986,1028
206381,989,1026
206382,986,1027
206383,985,1027
206384,990,1032
206385,990,1035
206386,988,1032
206387,986,1030
206388,983,1030
206389,984,1032
206390,986,1033
206391,987,1036
206392,986,1033
206393,984,1032
206394,982,1031
206395,983,1033
206396,984,1034
206397,986,1033
206398,983,1030
206399,981,1029
206400,978,1027
206401,977,1029
206402,978,1029
206403,983,1031
206404,984,1030
206405,979,1027
206406,978,1028
206407,980,1028
206408,982,1031
206409,985,1030
206410,986,1028
206411,982,1025
206412,981,1025
206413,981,1026
206414,980,1031
206415,983,1030
206416,980,1026
206417,979,1024
206418,978,1025
206419,980,1025
206420,983,1029
206421,985,1024
206422,986,1021
206423,984,1021
206424,982,1021
206425,982,1022
206426,986,1022
206427,992,1024
206428,994,1020
206429,993,1018
206430,993,1015
206431,995,1017
206432,999,1019
206433,1002,1019
206434,1003,1014
206435,1002,1012
206436,1001,1008
206437,1003,1011
206438,1005,1014
206439,1012,1014
206440,1013,1013
206441,1010,1009
206442,1009,1004
206443,1009,1009
206444,1012,1007
206445,1018,1006
206446,1016,1005
206447,1017,1002
206448,1019,1000
206449,1019,1001
206450,1024,1000
206451,1024,1002
206452,1026,1001
206453,1019,995
206454,1018,995
206455,1021,999
206456,1024,998
206457,1031,999
206458,1032,998
206459,1032,993
206460,1033,994
206461,1034,994
206462,1038,998
206463,1039,997
206464,1038,996
206465,1038,997
206466,1038,997
206467,1037,1001
206468,1038,1005
206469,1043,1008
206470,1042,1006
206471,1038,1002
206472,1033,1004
206473,1031,1006
206474,1034,1008
206475,1034,1010
206476,1032,1010
206477,1029,1008
206478,1023,1010
206479,1023,1015
206480,1023,1018
206481,1024,1019
206482,1022,1020
206483,1020,1021
206484,1017,1019
206485,1019,1021
206486,1017,1026
206487,1017,1029
206488,1015,1029
206489,1012,1026
206490,1009,1029
206491,1009,1032
206492,1009,1033
206493,1011,1033
206494,1010,1031
206495,1010,1031
206496,1010,1030
206497,1009,1035
206498,1006,1036
206499,1012,1037
206500,1013,1037
206501,1009,1032
206502,1006,1033
206503,1005,1034
206504,1010,1036
206505,1013,1033
206506,1012,1032
206507,1007,1030
206508,1005,1031
206509,1009,1034
206510,1011,1036
206511,1012,1036
206512,1011,1032
206513,1011,1030
206514,1012,1030
206515,1011,1033
206516,1015,1032
206517,1017,1032
206518,1014,1030
206519,1011,1027
206520,1012,1029
206521,1014,1030
206522,1017,1032
206523,1018,1031
206524,1019,1030
206525,1014,1025
206526,1013,1024
206527,1015,1028
206528,1015,1029
206529,1016,1027
206530,1014,1024
206531,1012,1022
206532,1009,1023
206533,1010,1024
206534,1015,1028
206535,1020,1026
206536,1017,1024
206537,1017,1023
206538,1011,1022
206539,1014,1025
206540,1013,1028
206541,1013,1026
206542,1011,1027
206543,1010,1024
206544,1012,1024
206545,1012,1024
206546,1013,1028
206547,1014,1025
206548,1013,1025
206549,1011,1023
206550,1008,1026
206551,1007,1027
206552,1007,1030
206553,1009,1031
206554,1010,1029
206555,1008,1024
206556,1007,1026
206557,1008,1027
206558,1009,1029
206559,1012,1030
206560,1010,1027
206561,1006,1023
206562,1004,1026
206563,1004,1027
206564,1006,1030
206565,1009,1031
206566,1010,1033
206567,1009,1034
206568,1009,1028
206569,1010,1032
206570,1011,1036
206571,1012,1036
206572,1012,1031
206573,1006,1029
206574,1005,1033
206575,1007,1032
206576,1010,1036
206577,1011,1037
206578,1009,1034
206579,1006,1031
206580,1002,1031
206581,1002,1032
206582,1003,1032
206583,1004,1034
206584,1000,1032
206585,998,1030
206586,997,1029
206587,996,1031
206588,999,1033
206589,1002,1032
206590,1004,1031
206591,998,1029
206592,996,1031
206593,998,1032
206594,1003,1037
206595,1005,1034
206596,1004,1033
206597,1005,1029
206598,1002,1028
206599,1003,1030
206600,1005,1033
206601,1006,1034
206602,1006,1033
206603,1003,1028
206604,1001,1030
206605,1001,1031
206606,1003,1034
206607,1007,1031
206608,1001,1034
206609,1002,1029
206610,1000,1026
206611,1005,1030
206612,1006,1034
206613,1009,1034
206614,1008,1035
206615,1005,1032
206616,1002,1029
206617,1000,1034
206618,1004,1038
206619,1008,1039
206620,1005,1036
206621,1005,1033
206622,1007,1032
206623,1009,1035
206624,1010,1039
206625,1012,1039
206626,1009,1039
206627,1006,1038
206628,1008,1035
206629,1007,1039
206630,1009,1040
206631,1012,1040
206632,1010,1036
206633,1009,1035
206634,1005,1036
206635,1006,1037
206636,1007,1039
206637,1008,1039
206638,1008,1032
206639,1008,1026
206640,1010,1024
206641,1017,1026
206642,1033,1027
206643,1045,1025
206644,1060,1022
206645,1081,1019
206646,1110,1014
206647,1151,1009
206648,1192,999
206649,1232,993
206650,1272,986
206651,1304,988
206652,1318,1001
206653,1316,1021
206654,1290,1036
206655,1246,1041
206656,1188,1038
206657,1129,1042
206658,1067,1053
206659,1011,1067
206660,975,1074
206661,960,1076
206662,964,1070
206663,972,1063
206664,983,1054
206665,992,1045
206666,998,1041
206667,1003,1041
206668,1002,1036
206669,999,1032
206670,993,1032
206671,991,1035
206672,994,1036
206673,992,1037
206674,992,1035
206675,991,1034
206676,987,1033
206677,984,1038
206678,987,1039
206679,993,1041
206680,992,1040
206681,987,1039
206682,982,1036
206683,984,1039
206684,986,1040
206685,987,1041
206686,984,1040
206687,980,1034
206688,977,1035
206689,980,1039
206690,983,1041
206691,984,1039
206692,980,1037
206693,976,1033
206694,973,1034
206695,973,1036
206696,976,1039
206697,980,1039
206698,977,1037
206699,979,1034
206700,974,1034
206701,973,1037
206702,976,1040
206703,978,1039
206704,978,1035
206705,975,1035
206706,973,1031
206707,977,1036
206708,979,1038
206709,981,1039
206710,983,1037
206711,982,1032
206712,980,1030
206713,981,1036
206714,981,1033
206715,983,1035
206716,984,1030
206717,986,1029
206718,984,1029
206719,989,1028
206720,990,1029
206721,992,1028
206722,991,1025
206723,990,1022
206724,989,1021
206725,991,1019
206726,993,1020
206727,996,1017
206728,996,1013
206729,996,1008
206730,996,1007
206731,999,1013
206732,998,1011
206733,1000,1011
206734,998,1008
206735,997,1004
206736,995,1001
206737,998,1006
206738,1000,1007
206739,1005,1008
206740,1005,1004
206741,1002,1001
206742,999,999
206743,1002,1003
206744,1003,1003
206745,1006,1005
206746,1010,1003
206747,1010,1001
206748,1009,1002
206749,1012,1005
206750,1016,1007
206751,1018,1009
206752,1019,1007
206753,1016,1006
206754,1014,1006
206755,1016,1010
206756,1017,1015
206757,1021,1019
206758,1023,1017
206759,1020,1015
206760,1018,1017
206761,1017,1020
206762,1017,1027
206763,1017,1027
206764,1015,1028
206765,1009,1025
206766,1004,1026
206767,1004,1030
206768,1004,1038
206769,1007,1038
206770,1001,1041
206771,997,1038
206772,994,1039
206773,998,1040
206774,996,1044
206775,997,1042
206776,996,1042
206777,990,1039
206778,989,1040
206779,992,1044
206780,994,1046
206781,995,1047
206782,991,1043
206783,988,1041
206784,986,1040
206785,987,1042
206786,991,1046
206787,991,1045
206788,992,1048
206789,991,1042
206790,988,1042
206791,990,1043
206792,988,1044
206793,993,1046
206794,994,1045
206795,991,1043
206796,989,1046
206797,992,1047
206798,994,1050
206799,999,1048
206800,999,1047
206801,997,1043
206802,994,1041
206803,994,1045
206804,996,1046
206805,999,1044
206806,999,1042
206807,1000,1039
206808,998,1038
206809,999,1040
206810,1001,1043
206811,1004,1041
206812,1003,1038
206813,994,1036
206814,992,1037
206815,995,1040
206816,999,1044
206817,1004,1040
206818,1005,1042
206819,1002,1037
206820,1002,1037
206821,1001,1037
206822,1004,1038
206823,1004,1038
206824,1002,1037
206825,998,1035
206826,998,1033
206827,998,1036
206828,998,1037
206829,1001,1039
206830,998,1038
206831,998,1037
206832,995,1036
206833,999,1036
206834,998,1040
206835,997,1039
206836,995,1037
206837,994,1037
206838,992,1036
206839,993,1037
206840,993,1039
206841,995,1041
206842,994,1039
206843,992,1037
206844,991,1037
206845,992,1037
206846,994,1039
206847,993,1035
206848,993,1034
206849,992,1035
206850,990,1035
206851,993,1038
206852,992,1041
206853,996,1041
206854,994,1040
206855,991,1038
206856,990,1039
206857,989,1041
206858,993,1046
206859,994,1045
206860,997,1044
206861,997,1039
206862,996,1039
206863,997,1042
206864,997,1046
206865,1001,1044
206866,1000,1044
206867,998,1041
206868,995,1040
206869,999,1042
206870,1003,1045
206871,1004,1045
206872,1004,1043
206873,1000,1041
206874,994,1039
206875,993,1040
206876,995,1042
206877,997,1043
206878,998,1040
206879,998,1041
206880,996,1039
206881,998,1040
206882,998,1044
206883,998,1045
206884,996,1042
206885,993,1039
206886,992,1036
206887,994,1035
206888,999,1034
206889,1011,1030
206890,1021,1027
206891,1036,1023
206892,1049,1019
206893,1074,1020
206894,1103,1023
206895,1140,1015
206896,1178,1005
206897,1221,992
206898,1262,990
206899,1301,993
206900,1327,1001
206901,1333,1020
206902,1309,1033
206903,1257,1035
206904,1191,1037
206905,1126,1045
206906,1064,1059
206907,1009,1067
206908,965,1076
206909,952,1077
206910,957,1074
206911,974,1069
206912,987,1062
206913,999,1053
206914,997,1046
206915,993,1040
206916,988,1038
206917,985,1038
206918,987,1045
206919,990,1045
206920,985,1044
206921,983,1040
206922,981,1042
206923,982,1042
206924,983,1045
206925,985,1045
206926,981,1041
206927,976,1039
206928,976,1040
206929,979,1040
206930,980,1044
206931,981,1043
206932,978,1040
206933,973,1038
206934,969,1033
206935,969,1036
206936,973,1040
206937,980,1039
206938,978,1039
206939,977,1036
206940,973,1036
206941,971,1038
206942,977,1043
206943,977,1039
206944,978,1039
206945,974,1036
206946,969,1038
206947,970,1039
206948,972,1040
206949,975,1042
206950,975,1040
206951,973,1034
206952,972,1034
206953,974,1036
206954,975,1038
206955,975,1038
206956,974,1037
206957,972,1033
206958,971,1033
206959,975,1038
206960,977,1039
206961,980,1038
206962,977,1036
206963,978,1033
206964,979,1033
206965,979,1031
206966,984,1036
206967,986,1033
206968,984,1029
206969,982,1026
206970,980,1025
206971,987,1024
206972,992,1025
206973,995,1023
206974,994,1018
206975,995,1015
206976,991,1014
206977,992,1016
206978,994,1019
206979,998,1014
206980,998,1012
206981,998,1007
206982,999,1008
206983,1004,1009
206984,1010,1008
206985,1011,1006
206986,1008,1002
206987,1005,998
206988,1003,998
206989,1004,1001
206990,1007,1005
206991,1013,1004
206992,1012,1000
206993,1009,999
206994,1008,999
206995,1010,1000
206996,1013,1004
206997,1012,1004
206998,1013,1001
206999,1010,999
207000,1009,1001
207001,1011,1005
207002,1010,1007
207003,1016,1009
207004,1014,1010
207005,1009,1010
207006,1006,1010
207007,1006,1018
207008,1010,1021
207009,1011,1022
207010,1008,1025
207011,1002,1024
207012,1002,1027
207013,1000,1029
207014,1002,1037
207015,1006,1038
207016,1001,1039
207017,997,1035
207018,992,1039
207019,991,1042
207020,991,1048
207021,991,1047
207022,993,1045
207023,992,1041
207024,988,1044
207025,990,1047
207026,993,1049
207027,995,1048
207028,992,1045
207029,992,1046
207030,987,1047
207031,991,1050
207032,996,1053
207033,999,1051
207034,997,1053
207035,993,1046
207036,989,1047
207037,989,1050
207038,991,1057
207039,995,1053
207040,994,1049
207041,988,1048
207042,987,1050
207043,988,1052
207044,992,1050
207045,993,1052
207046,997,1048
207047,992,1043
207048,990,1040
207049,990,1045
207050,992,1046
207051,994,1045
207052,996,1043
207053,996,1037
207054,994,1039
207055,996,1041
207056,999,1044
207057,998,1042
207058,996,1040
207059,994,1039
207060,993,1037
207061,996,1037
207062,1003,1042
207063,1012,1044
207064,1017,1044
207065,1017,1041
207066,1014,1046
207067,1018,1053
207068,1021,1058
207069,1027,1059
207070,1034,1056
207071,1040,1049
207072,1054,1037
207073,1066,1025
207074,1081,1012
207075,1092,996
207076,1107,983
207077,1119,967
207078,1129,950
207079,1145,939
207080,1164,924
207081,1189,903
207082,1202,879
207083,1214,859
207084,1224,847
207085,1238,839
207086,1246,832
207087,1249,825
207088,1244,821
207089,1235,822
207090,1233,823
207091,1233,824
207092,1232,829
207093,1224,826
207094,1213,828
207095,1190,827
207096,1171,831
207097,1151,841
207098,1134,850
207099,1116,858
207100,1097,863
207101,1085,872
207102,1072,885
207103,1066,900
207104,1064,914
207105,1065,922
207106,1059,932
207107,1049,940
207108,1042,953
207109,1048,965
207110,1063,979
207111,1085,986
207112,1102,984
207113,1110,985
207114,1098,991
207115,1068,999
207116,1023,1010
207117,985,1019
207118,957,1034
207119,941,1046
207120,935,1061
207121,933,1078
207122,935,1087
207123,932,1088
207124,926,1088
207125,921,1090
207126,918,1094
207127,918,1098
207128,917,1105
207129,915,1105
207130,910,1103
207131,909,1100
207132,905,1103
207133,902,1105
207134,906,1111
207135,907,1114
207136,904,1112
207137,898,1113
207138,894,1116
207139,892,1118
207140,895,1124
207141,896,1122
207142,891,1124
207143,885,1123
207144,881,1127
207145,886,1133
207146,890,1137
207147,892,1137
207148,889,1138
207149,883,1136
207150,878,1139
207151,878,1146
207152,877,1151
207153,881,1152
207154,879,1155
207155,874,1154
207156,870,1156
207157,868,1166
207158,867,1169
207159,869,1171
207160,868,1170
207161,864,1170
207162,862,1174
207163,864,1180
207164,867,1185
207165,869,1188
207166,872,1187
207167,871,1185
207168,870,1187
207169,872,1188
207170,874,1192
207171,881,1192
207172,882,1191
207173,884,1188
207174,885,1187
207175,890,1189
207176,899,1190
207177,903,1184
207178,906,1179
207179,906,1173
207180,909,1168
207181,912,1168
207182,924,1166
207183,931,1161
207184,935,1156
207185,936,1147
207186,936,1143
207187,941,1142
207188,948,1136
207189,952,1133
207190,955,1123
207191,955,1116
207192,956,1113
207193,961,1111
207194,968,1110
207195,971,1105
207196,971,1099
207197,967,1091
207198,964,1090
207199,968,1088
207200,971,1090
207201,971,1082
207202,971,1080
207203,969,1073
207204,969,1072
207205,967,1073
207206,967,1072
207207,969,1070
207208,966,1068
207209,962,1063
207210,959,1062
207211,961,1064
207212,964,1065
207213,969,1064
207214,966,1060
207215,962,1058
207216,961,1056
207217,960,1057
207218,959,1059
207219,964,1060
207220,964,1054
207221,958,1053
207222,959,1055
207223,964,1055
207224,967,1057
207225,969,1055
207226,966,1054
207227,961,1052
207228,960,1052
207229,964,1053
207230,968,1056
207231,973,1053
207232,973,1050
207233,969,1047
207234,967,1048
207235,967,1052
207236,971,1054
207237,974,1055
207238,970,1051
207239,970,1051
207240,969,1048
207241,973,1053
207242,975,1053
207243,980,1055
207244,978,1052
207245,972,1045
207246,971,1048
207247,971,1051
207248,976,1053
207249,980,1052
207250,978,1050
207251,978,1045
207252,974,1044
207253,977,1046
207254,982,1048
207255,984,1048
207256,979,1045
207257,973,1045
207258,971,1043
207259,974,1048
207260,981,1047
207261,983,1047
207262,980,1046
207263,976,1040
207264,975,1040
207265,976,1042
207266,976,1044
207267,979,1045
207268,980,1042
207269,975,1041
207270,970,1041
207271,972,1044
207272,975,1047
207273,978,1045
207274,974,1043
207275,968,1041
207276,968,1043
207277,968,1042
207278,974,1044
207279,975,1045
207280,975,1043
207281,974,1039
207282,974,1040
207283,974,1041
207284,973,1046
207285,973,1044
207286,967,1045
207287,966,1045
207288,971,1044
207289,972,1047
207290,975,1049
207291,978,1047
207292,977,1045
207293,976,1044
207294,973,1045
207295,977,1048
207296,977,1049
207297,981,1048
207298,975,1047
207299,975,1044
207300,976,1046
207301,977,1047
207302,978,1048
207303,975,1047
207304,976,1046
207305,973,1039
207306,971,1041
207307,975,1042
207308,980,1045
207309,982,1044
207310,980,1043
207311,975,1039
207312,974,1040
207313,972,1042
207314,975,1043
207315,978,1045
207316,976,1045
207317,973,1039
207318,971,1038
207319,972,1040
207320,975,1040
207321,978,1040
207322,979,1038
207323,978,1038
207324,978,1037
207325,977,1039
207326,977,1042
207327,979,1038
207328,975,1036
207329,973,1037
207330,970,1036
207331,974,1039
207332,980,1043
207333,982,1042
207334,978,1040
207335,978,1037
207336,975,1037
207337,978,1040
207338,982,1043
207339,985,1042
207340,985,1040
207341,983,1037
207342,983,1037
207343,983,1038
207344,986,1043
207345,984,1043
207346,981,1039
207347,977,1038
207348,979,1039
207349,983,1041
207350,990,1044
207351,989,1040
207352,986,1037
207353,984,1033
207354,984,1034
207355,986,1032
207356,999,1033
207357,1008,1031
207358,1019,1027
207359,1036,1025
207360,1059,1024
207361,1094,1024
207362,1133,1019
207363,1173,1005
207364,1211,996
207365,1248,992
207366,1283,1002
207367,1309,1021
207368,1314,1044
207369,1293,1053
207370,1244,1050
207371,1182,1047
207372,1115,1049
207373,1048,1063
207374,987,1076
207375,944,1084
207376,930,1086
207377,940,1082
207378,955,1070
207379,964,1062
207380,972,1055
207381,979,1047
207382,978,1039
207383,974,1034
207384,970,1035
207385,971,1035
207386,973,1035
207387,970,1035
207388,968,1033
207389,963,1029
207390,962,1030
207391,963,1029
207392,963,1032
207393,967,1032
207394,964,1030
207395,961,1029
207396,958,1028
207397,955,1031
207398,958,1033
207399,960,1031
207400,961,1025
207401,961,1027
207402,962,1027
207403,962,1034
207404,962,1036
207405,966,1034
207406,965,1031
207407,965,1029
207408,963,1030
207409,964,1035
207410,967,1036
207411,969,1035
207412,967,1034
207413,967,1031
207414,966,1034
207415,966,1035
207416,969,1039
207417,969,1037
207418,966,1035
207419,967,1031
207420,966,1033
207421,971,1031
207422,969,1030
207423,967,1030
207424,968,1026
207425,965,1023
207426,964,1022
207427,963,1021
207428,967,1024
207429,972,1019
207430,973,1016
207431,971,1010
207432,967,1012
207433,969,1014
207434,974,1018
207435,978,1012
207436,978,1008
207437,977,1005
207438,978,1004
207439,985,1005
207440,990,1007
207441,993,1005
207442,991,1002
207443,987,998
207444,992,994
207445,992,997
207446,992,1000
207447,994,997
207448,996,994
207449,998,991
207450,1002,990
207451,997,991
207452,1000,995
207453,1006,995
207454,1008,991
207455,1007,990
207456,1006,988
207457,1008,991
207458,1013,995
207459,1017,995
207460,1018,995
207461,1017,992
207462,1015,993
207463,1012,994
207464,1015,996
207465,1017,994
207466,1019,994
207467,1018,993
207468,1010,997
207469,1011,999
207470,1012,1003
207471,1015,1002
207472,1011,1005
207473,1000,1001
207474,995,1005
207475,996,1010
207476,998,1014
207477,1000,1014
207478,996,1015
207479,994,1016
207480,987,1018
207481,987,1023
207482,986,1027
207483,988,1028
207484,985,1028
207485,986,1029
207486,986,1034
207487,986,1035
207488,987,1040
207489,984,1039
207490,981,1039
207491,977,1035
207492,979,1037
207493,976,1040
207494,983,1046
207495,988,1046
207496,986,1044
207497,984,1041
207498,981,1045
207499,983,1046
207500,985,1048
207501,988,1046
207502,986,1045
207503,986,1043
207504,983,1045
207505,986,1046
207506,991,1051
207507,991,1051
207508,988,1046
207509,983,1041
207510,983,1043
207511,987,1039
207512,989,1041
207513,990,1037
207514,990,1034
207515,989,1031
207516,985,1029
207517,986,1031
207518,991,1033
207519,990,1033
207520,990,1028
207521,984,1028
207522,987,1027
207523,989,1025
207524,988,1029
207525,992,1027
207526,993,1023
207527,991,1021
207528,991,1023
207529,990,1026
207530,993,1027
207531,995,1025
207532,994,1023
207533,993,1022
207534,990,1026
207535,988,1028
207536,989,1032
207537,992,1033
207538,992,1034
207539,988,1031
207540,985,1033
207541,986,1034
207542,989,1036
207543,991,1036
207544,991,1036
207545,991,1031
207546,989,1035
207547,988,1037
207548,989,1042
207549,992,1041
207550,991,1036
207551,990,1034
207552,989,1032
207553,990,1035
207554,994,1035
207555,997,1033
207556,998,1029
207557,995,1027
207558,991,1028
207559,991,1030
207560,989,1035
207561,992,1032
207562,988,1032
207563,988,1029
207564,988,1026
207565,988,1028
207566,988,1030
207567,992,1028
207568,987,1026
207569,983,1026
207570,981,1029
207571,984,1026
207572,986,1032
207573,987,1030
207574,986,1028
207575,982,1026
207576,982,1025
207577,985,1025
207578,993,1026
207579,1005,1022
207580,1013,1019
207581,1024,1015
207582,1042,1014
207583,1072,1018
207584,1111,1013
207585,1154,1003
207586,1200,994
207587,1246,993
207588,1289,999
207589,1317,1016
207590,1319,1040
207591,1284,1052
207592,1222,1051
207593,1152,1051
207594,1072,1060
207595,1000,1075
207596,944,1091
207597,926,1101
207598,936,1099
207599,953,1088
207600,960,1074
207601,969,1065
207602,980,1064
207603,986,1053
207604,984,1047
207605,978,1043
207606,974,1036
207607,972,1037
207608,972,1035
207609,971,1033
207610,969,1030
207611,967,1027
207612,965,1028
207613,967,1031
207614,968,1034
207615,969,1030
207616,965,1029
207617,959,1028
207618,958,1029
207619,960,1029
207620,963,1032
207621,964,1031
207622,960,1028
207623,958,1025
207624,957,1027
207625,956,1027
207626,955,1028
207627,957,1027
207628,956,1027
207629,951,1025
207630,951,1024
207631,953,1027
207632,957,1027
207633,961,1030
207634,959,1025
207635,955,1023
207636,953,1025
207637,953,1027
207638,957,1031
207639,961,1027
207640,962,1027
207641,956,1024
207642,955,1024
207643,956,1027
207644,959,1029
207645,962,1025
207646,963,1024
207647,959,1022
207648,960,1025
207649,967,1023
207650,969,1026
207651,974,1026
207652,973,1022
207653,971,1020
207654,970,1019
207655,970,1019
207656,976,1020
207657,975,1019
207658,974,1011
207659,975,1004
207660,977,1004
207661,980,1003
207662,983,1004
207663,985,1000
207664,983,999
207665,984,994
207666,983,992
207667,985,992
207668,987,995
207669,989,991
207670,988,987
207671,987,983
207672,989,981
207673,991,983
207674,995,986
207675,996,984
207676,994,982
207677,993,984
207678,992,983
207679,996,988
207680,1000,989
207681,1003,989
207682,1002,990
207683,999,990
207684,996,993
207685,997,999
207686,998,1001
207687,1000,1004
207688,998,1005
207689,992,1006
207690,992,1012
207691,992,1019
207692,992,1023
207693,989,1022
207694,986,1021
207695,981,1025
207696,977,1030
207697,982,1034
207698,984,1039
207699,985,1039
207700,983,1038
207701,979,1035
207702,973,1037
207703,971,1037
207704,973,1040
207705,974,1042
207706,974,1042
207707,972,1041
207708,972,1042
207709,974,1046
207710,975,1047
207711,975,1048
207712,972,1043
207713,970,1043
207714,970,1041
207715,970,1044
207716,973,1046
207717,975,1046
207718,976,1042
207719,972,1039
207720,969,1041
207721,972,1042
207722,975,1046
207723,974,1042
207724,977,1038
207725,976,1037
207726,976,1037
207727,979,1039
207728,983,1041
207729,986,1039
207730,983,1039
207731,979,1035
207732,980,1038
207733,981,1037
207734,986,1039
207735,986,1039
207736,983,1038
207737,982,1038
207738,982,1037
207739,983,1039
207740,987,1043
207741,986,1042
207742,988,1042
207743,983,1039
207744,984,1042
207745,984,1042
207746,985,1045
207747,985,1045
207748,983,1041
207749,983,1038
207750,982,1037
207751,983,1040
207752,984,1041
207753,986,1039
207754,983,1035
207755,980,1035
207756,979,1035
207757,981,1037
207758,987,1039
207759,985,1038
207760,983,1034
207761,979,1035
207762,977,1034
207763,975,1038
207764,979,1041
207765,981,1039
207766,980,1036
207767,978,1034
207768,978,1036
207769,980,1041
207770,981,1040
207771,984,1038
207772,983,1036
207773,979,1034
207774,978,1036
207775,979,1039
207776,980,1041
207777,986,1037
207778,984,1038
207779,978,1036
207780,978,1035
207781,978,1037
207782,984,1039
207783,987,1037
207784,985,1035
207785,983,1031
207786,981,1033
207787,985,1038
207788,987,1041
207789,989,1037
207790,984,1035
207791,978,1031
207792,978,1034
207793,979,1036
207794,985,1039
207795,984,1037
207796,986,1036
207797,985,1035
207798,992,1036
207799,1004,1037
207800,1017,1040
207801,1031,1039
207802,1045,1031
207803,1066,1029
207804,1096,1026
207805,1132,1022
207806,1177,1016
207807,1223,1009
207808,1268,1006
207809,1304,1011
207810,1322,1026
207811,1319,1044
207812,1288,1052
207813,1229,1048
207814,1157,1048
207815,1082,1056
207816,1011,1068
207817,963,1078
207818,948,1084
207819,956,1075
207820,969,1063
207821,975,1051
207822,977,1043
207823,978,1040
207824,979,1043
207825,978,1041
207826,972,1041
207827,967,1036
207828,965,1037
207829,965,1042
207830,965,1045
207831,967,1043
207832,964,1041
207833,961,1041
207834,960,1037
207835,960,1040
207836,964,1041
207837,965,1042
207838,961,1037
207839,959,1035
207840,956,1033
207841,957,1035
207842,958,1039
207843,963,1037
207844,962,1035
207845,958,1035
207846,961,1036
207847,959,1037
207848,960,1041
207849,963,1038
207850,962,1039
207851,957,1037
207852,958,1037
207853,959,1040
207854,964,1045
207855,966,1043
207856,962,1041
207857,961,1040
207858,960,1040
207859,961,1039
207860,963,1044
207861,965,1040
207862,964,1038
207863,963,1037
207864,963,1036
207865,964,1038
207866,969,1038
207867,970,1039
207868,969,1034
207869,968,1033
207870,967,1030
207871,970,1035
207872,973,1033
207873,973,1030
207874,972,1027
207875,970,1023
207876,969,1023
207877,974,1022
207878,977,1021
207879,979,1019
207880,977,1015
207881,977,1010
207882,980,1012
207883,979,1009
207884,983,1011
207885,987,1008
207886,985,1004
207887,983,1005
207888,983,1005
207889,987,1005
207890,990,1008
207891,992,1007
207892,993,1002
207893,994,1002
207894,994,1005
207895,997,1009
207896,1000,1011
207897,1002,1006
207898,1001,1003
207899,1000,1003
207900,1000,1005
207901,1004,1008
207902,1008,1010
207903,1011,1012
207904,1011,1012
207905,1005,1007
207906,1004,1013
207907,1008,1016
207908,1008,1021
207909,1010,1022
207910,1008,1018
207911,1003,1018
207912,1001,1024
207913,1001,1026
207914,1004,1031
207915,1004,1031
207916,1001,1030
207917,996,1030
207918,991,1033
207919,990,1038
207920,990,1039
207921,988,1040
207922,986,1039
207923,981,1036
207924,980,1037
207925,981,1039
207926,979,1044
207927,979,1044
207928,975,1041
207929,971,1038
207930,972,1042
207931,977,1044
207932,978,1042
207933,980,1044
207934,974,1043
207935,970,1042
207936,970,1046
207937,971,1048
207938,973,1051
207939,975,1051
207940,975,1048
207941,972,1048
207942,973,1049
207943,975,1051
207944,980,1054
207945,980,1053
207946,978,1051
207947,975,1050
207948,977,1048
207949,979,1051
207950,986,1053
207951,988,1052
207952,987,1049
207953,987,1045
207954,989,1046
207955,995,1047
207956,1003,1051
207957,1010,1048
207958,1013,1044
207959,1012,1047
207960,1015,1049
207961,1020,1055
207962,1028,1058
207963,1037,1061
207964,1049,1054
207965,1059,1043
207966,1070,1025
207967,1086,1011
207968,1101,1000
207969,1116,984
207970,1130,969
207971,1141,955
207972,1156,944
207973,1175,927
207974,1194,907
207975,1211,885
207976,1221,866
207977,1232,850
207978,1244,839
207979,1246,832
207980,1248,832
207981,1243,832
207982,1239,831
207983,1232,829
207984,1224,825
207985,1211,827
207986,1197,830
207987,1178,833
207988,1154,839
207989,1129,844
207990,1105,857
207991,1084,869
207992,1070,883
207993,1060,894
207994,1047,909
207995,1042,919
207996,1042,933
207997,1039,942
207998,1039,954
207999,1043,960
208000,1049,967
208001,1061,973
208002,1076,986
208003,1101,990
208004,1116,997
208005,1104,1000
208006,1065,1006
208007,1014,1013
208008,966,1027
208009,945,1042
208010,936,1056
208011,934,1067
208012,930,1072
208013,924,1078
208014,920,1083
208015,916,1089
208016,915,1095
208017,913,1095
208018,911,1094
208019,905,1095
208020,902,1098
208021,902,1101
208022,902,1107
208023,903,1110
208024,898,1110
208025,893,1107
208026,892,1110
208027,893,1114
208028,896,1122
208029,895,1121
208030,891,1118
208031,886,1123
208032,882,1126
208033,880,1129
208034,880,1133
208035,881,1133
208036,878,1132
208037,874,1130
208038,872,1133
208039,872,1141
208040,872,1142
208041,871,1147
208042,867,1146
208043,863,1147
208044,861,1150
208045,863,1154
208046,863,1158
208047,865,1159
208048,862,1158
208049,861,1160
208050,859,1163
208051,863,1167
208052,864,1171
208053,864,1171
208054,864,1173
208055,858,1173
208056,859,1176
208057,864,1182
208058,867,1183
208059,871,1185
208060,873,1181
208061,871,1182
208062,874,1183
208063,879,1185
208064,883,1188
208065,885,1185
208066,888,1181
208067,889,1178
208068,896,1176
208069,905,1176
208070,911,1176
208071,916,1172
208072,915,1169
208073,914,1165
208074,917,1163
208075,925,1163
208076,931,1160
208077,938,1158
208078,942,1147
208079,944,1144
208080,950,1139
208081,955,1135
208082,962,1135
208083,966,1129
208084,965,1121
208085,959,1112
208086,961,1110
208087,964,1108
208088,970,1106
208089,973,1102
208090,971,1094
208091,973,1087
208092,969,1085
208093,968,1083
208094,969,1084
208095,968,1079
208096,965,1073
208097,964,1068
208098,962,1068
208099,963,1069
208100,966,1070
208101,966,1065
208102,962,1060
208103,961,1054
208104,957,1053
208105,958,1056
208106,963,1057
208107,963,1054
208108,962,1053
208109,960,1051
208110,958,1051
208111,962,1051
208112,965,1054
208113,967,1050
208114,965,1049
208115,964,1047
208116,960,1048
208117,966,1047
208118,969,1049
208119,969,1046
208120,969,1043
208121,962,1041
208122,963,1040
208123,963,1039
208124,968,1044
208125,967,1043
208126,967,1040
208127,967,1034
208128,965,1035
208129,970,1039
208130,971,1043
208131,972,1041
208132,970,1041
208133,968,1036
208134,967,1036
208135,972,1041
208136,974,1041
208137,977,1041
208138,978,1036
208139,972,1034
208140,973,1035
208141,976,1038
208142,977,1042
208143,980,1041
208144,978,1037
208145,976,1035
208146,974,1035
208147,975,1038
208148,979,1042
208149,979,1039
208150,977,1035
208151,976,1035
208152,973,1034
208153,977,1037
208154,979,1038
208155,978,1034
208156,977,1034
208157,975,1030
208158,976,1031
208159,976,1031
208160,979,1034
208161,978,1036
208162,973,1032
208163,972,1029
208164,972,1031
208165,973,1034
208166,977,1034
208167,975,1032
208168,972,1030
208169,973,1029
208170,970,1033
208171,974,1034
208172,974,1035
208173,973,1034
208174,973,1028
208175,968,1029
208176,969,1028
208177,972,1030
208178,976,1032
208179,978,1033
208180,978,1033
208181,976,1030
208182,974,1033
208183,975,1036
208184,980,1040
208185,981,1039
208186,979,1036
208187,976,1034
208188,978,1035
208189,978,1040
208190,979,1042
208191,980,1042
208192,976,1039
208193,974,1038
208194,975,1039
208195,975,1039
208196,979,1042
208197,979,1042
208198,974,1037
208199,973,1037
208200,976,1039
208201,978,1041
208202,981,1042
208203,982,1039
208204,979,1037
208205,975,1036
208206,974,1038
208207,977,1041
208208,978,1043
208209,979,1038
208210,977,1039
208211,977,1034
208212,977,1035
208213,979,1036
208214,982,1038
208215,981,1036
208216,978,1032
208217,973,1032
208218,973,1032
208219,977,1035
208220,980,1033
208221,981,1035
208222,983,1031
208223,980,1029
208224,979,1029
208225,979,1031
208226,980,1033
208227,980,1032
208228,977,1031
208229,975,1027
208230,972,1031
208231,975,1031
208232,977,1036
208233,979,1033
208234,975,1030
208235,971,1028
208236,965,1028
208237,970,1031
208238,973,1035
208239,975,1032
208240,970,1030
208241,971,1029
208242,972,1033
208243,973,1038
208244,978,1037
208245,975,1036
208246,975,1032
208247,970,1033
208248,971,1034
208249,973,1035
208250,974,1037
208251,975,1038
208252,973,1032
208253,970,1033
208254,973,1034
208255,976,1039
208256,978,1040
208257,979,1039
208258,978,1033
208259,974,1031
208260,971,1034
208261,974,1035
208262,976,1039
208263,979,1037
208264,979,1036
208265,979,1032
208266,979,1033
208267,978,1032
208268,976,1033
208269,978,1032
208270,978,1029
208271,978,1028
208272,977,1031
208273,979,1035
208274,980,1037
208275,983,1032
208276,978,1033
208277,975,1029
208278,973,1033
208279,974,1036
208280,980,1038
208281,977,1036
208282,975,1034
208283,973,1031
208284,970,1032
208285,974,1035
208286,975,1035
208287,976,1034
208288,974,1032
208289,970,1030
208290,971,1032
208291,974,1035
208292,977,1039
208293,978,1037
208294,976,1035
208295,974,1032
208296,975,1035
208297,976,1037
208298,977,1039
208299,978,1035
208300,975,1037
208301,972,1034
208302,972,1035
208303,976,1039
208304,979,1039
208305,979,1036
208306,978,1035
208307,975,1030
208308,975,1032
208309,975,1036
208310,977,1035
208311,979,1035
208312,977,1035
208313,975,1033
208314,976,1034
208315,975,1035
208316,977,1038
208317,979,1036
208318,979,1030
208319,975,1031
208320,976,1031
208321,978,1034
208322,982,1036
208323,984,1036
208324,982,1032
208325,980,1028
208326,979,1029
208327,983,1035
208328,986,1036
208329,984,1037
208330,982,1035
208331,977,1031
208332,977,1033
208333,980,1038
208334,983,1038
208335,983,1037
208336,982,1034
208337,980,1034
208338,980,1034
208339,982,1035
208340,985,1040
208341,983,1037
208342,977,1035
208343,976,1031
208344,979,1032
208345,982,1032
208346,983,1032
208347,984,1031
208348,982,1027
208349,983,1027
208350,981,1027
208351,982,1031
208352,984,1031
208353,985,1031
208354,984,1027
208355,983,1025
208356,983,1025
208357,983,1030
208358,985,1030
208359,986,1029
208360,987,1027
208361,984,1025
208362,986,1028
208363,991,1028
208364,994,1028
208365,992,1023
208366,993,1016
208367,1000,1016
208368,1013,1014
208369,1032,1019
208370,1054,1020
208371,1079,1016
208372,1108,1010
208373,1139,1001
208374,1173,995
208375,1209,990
208376,1248,990
208377,1287,990
208378,1311,995
208379,1317,1009
208380,1300,1029
208381,1255,1035
208382,1197,1039
208383,1135,1041
208384,1074,1045
208385,1018,1043
208386,978,1047
208387,966,1049
208388,969,1049
208389,982,1042
208390,989,1034
208391,987,1028
208392,980,1026
208393,977,1031
208394,975,1038
208395,976,1032
208396,971,1028
208397,968,1031
208398,969,1034
208399,971,1037
208400,973,1039
208401,970,1038
208402,969,1034
208403,964,1031
208404,963,1033
208405,966,1036
208406,970,1038
208407,970,1037
208408,969,1035
208409,965,1033
208410,963,1036
208411,967,1038
208412,969,1043
208413,969,1040
208414,965,1037
208415,960,1032
208416,959,1036
208417,963,1040
208418,964,1045
208419,967,1042
208420,966,1040
208421,963,1035
208422,958,1038
208423,959,1040
208424,962,1045
208425,964,1042
208426,963,1038
208427,960,1038
208428,958,1039
208429,959,1039
208430,961,1043
208431,960,1040
208432,961,1037
208433,955,1035
208434,952,1034
208435,959,1037
208436,965,1037
208437,965,1034
208438,961,1030
208439,960,1028
208440,961,1028
208441,966,1034
208442,972,1033
208443,968,1030
208444,970,1025
208445,970,1022
208446,973,1025
208447,976,1025
208448,980,1026
208449,981,1023
208450,981,1019
208451,979,1018
208452,981,1019
208453,986,1022
208454,990,1020
208455,993,1019
208456,990,1016
208457,986,1012
208458,987,1015
208459,992,1016
208460,998,1019
208461,999,1015
208462,998,1011
208463,996,1009
208464,996,1009
208465,999,1011
208466,1000,1013
208467,1004,1014
208468,1002,1009
208469,1001,1009
208470,1003,1008
208471,1009,1010
208472,1012,1010
208473,1011,1010
208474,1009,1005
208475,1008,1004
208476,1007,1004
208477,1014,1008
208478,1015,1012
208479,1013,1011
208480,1011,1010
208481,1007,1011
208482,1008,1012
208483,1010,1017
208484,1012,1019
208485,1010,1019
208486,1008,1017
208487,1006,1017
208488,1007,1020
208489,1010,1023
208490,1011,1028
208491,1011,1028
208492,1007,1026
208493,1001,1025
208494,999,1027
208495,1000,1030
208496,1001,1035
208497,1000,1034
208498,994,1031
208499,991,1029
208500,988,1034
208501,988,1036
208502,985,1041
208503,983,1040
208504,980,1037
208505,978,1036
208506,980,1040
208507,982,1043
208508,982,1047
208509,984,1045
208510,981,1043
208511,978,1041
208512,975,1042
208513,974,1045
208514,981,1045
208515,980,1044
208516,978,1040
208517,974,1038
208518,976,1039
208519,978,1042
208520,981,1045
208521,977,1044
208522,976,1041
208523,973,1040
208524,969,1038
208525,971,1040
208526,974,1040
208527,974,1037
208528,974,1035
208529,975,1033
208530,974,1035
208531,974,1038
208532,977,1038
208533,982,1037
208534,980,1033
208535,979,1033
208536,980,1033
208537,983,1036
208538,988,1039
208539,989,1038
208540,986,1035
208541,983,1032
208542,983,1032
208543,982,1033
208544,985,1036
208545,985,1035
208546,983,1033
208547,979,1033
208548,980,1033
208549,981,1037
208550,986,1041
208551,987,1038
208552,984,1034
208553,979,1033
208554,977,1032
208555,980,1035
208556,982,1035
208557,984,1034
208558,982,1031
208559,979,1031
208560,981,1033
208561,980,1035
208562,984,1037
208563,983,1037
208564,982,1033
208565,977,1033
208566,979,1036
208567,982,1038
208568,986,1040
208569,986,1039
208570,982,1037
208571,980,1036
208572,979,1036
208573,979,1040
208574,982,1040
208575,981,1038
208576,982,1037
208577,981,1036
208578,981,1037
208579,981,1043
208580,985,1042
208581,985,1042
208582,985,1039
208583,980,1035
208584,980,1040
208585,983,1038
208586,983,1040
208587,983,1036
208588,987,1031
208589,990,1025
208590,1001,1027
208591,1014,1027
208592,1030,1025
208593,1051,1025
208594,1080,1018
208595,1110,1010
208596,1153,1004
208597,1202,1001
208598,1247,1003
208599,1287,1005
208600,1319,1017
208601,1326,1033
208602,1308,1050
208603,1266,1056
208604,1211,1052
208605,1145,1056
208606,1078,1062
208607,1009,1071
208608,958,1077
208609,935,1083
208610,938,1079
208611,950,1065
208612,958,1053
208613,962,1041
208614,962,1039
208615,967,1037
208616,968,1036
208617,963,1036
208618,961,1033
208619,959,1036
208620,956,1039
208621,956,1042
208622,955,1042
208623,954,1042
208624,953,1040
208625,949,1037
208626,949,1039
208627,951,1040
208628,956,1040
208629,957,1039
208630,955,1034
208631,951,1034
208632,948,1034
208633,949,1039
208634,953,1038
208635,953,1037
208636,951,1036
208637,950,1036
208638,951,1040
208639,952,1042
208640,956,1042
208641,956,1041
208642,952,1038
208643,948,1035
208644,948,1039
208645,950,1038
208646,954,1039
208647,955,1038
208648,952,1034
208649,950,1032
208650,950,1033
208651,952,1037
208652,955,1037
208653,953,1033
208654,949,1031
208655,947,1029
208656,947,1030
208657,951,1033
208658,956,1033
208659,957,1028
208660,954,1025
208661,953,1024
208662,954,1024
208663,956,1025
208664,958,1027
208665,960,1023
208666,956,1020
208667,956,1018
208668,956,1016
208669,959,1017
208670,964,1015
208671,967,1010
208672,964,1008
208673,959,1002
208674,960,1002
208675,962,1005
208676,968,1006
208677,971,1004
208678,971,1000
208679,967,998
208680,971,1000
208681,976,1002
208682,981,1002
208683,979,998
208684,980,996
208685,975,995
208686,976,995
208687,979,998
208688,982,999
208689,985,996
208690,984,993
208691,983,992
208692,982,992
208693,985,996
208694,985,998
208695,986,997
208696,985,995
208697,984,996
208698,986,998
208699,989,1005
208700,991,1008
208701,992,1010
208702,990,1008
208703,987,1011
208704,987,1014
208705,988,1021
208706,992,1020
208707,990,1021
208708,985,1022
208709,982,1024
208710,980,1024
208711,980,1030
208712,982,1033
208713,983,1030
208714,978,1026
208715,972,1023
208716,967,1026
208717,969,1030
208718,973,1033
208719,969,1033
208720,968,1031
208721,966,1033
208722,966,1035
208723,966,1038
208724,964,1041
208725,963,1039
208726,957,1038
208727,956,1037
208728,952,1038
208729,957,1041
208730,960,1045
208731,960,1041
208732,959,1038
208733,957,1042
208734,955,1043
208735,958,1048
208736,959,1051
208737,959,1047
208738,958,1046
208739,959,1045
208740,960,1050
208741,962,1051
208742,967,1052
208743,967,1051
208744,967,1049
208745,964,1048
208746,960,1050
208747,964,1048
208748,969,1050
208749,969,1047
208750,967,1046
208751,967,1043
208752,964,1047
208753,966,1047
208754,971,1047
208755,966,1045
208756,968,1044
208757,966,1042
208758,968,1045
208759,971,1047
208760,972,1047
208761,971,1047
208762,973,1043
208763,965,1041
208764,966,1040
208765,969,1044
208766,973,1045
208767,974,1043
208768,967,1039
208769,967,1038
208770,965,1039
208771,968,1040
208772,972,1045
208773,972,1041
208774,970,1037
208775,965,1038
208776,962,1037
208777,962,1041
208778,963,1042
208779,963,1040
208780,961,1037
208781,961,1038
208782,963,1042
208783,963,1045
208784,963,1046
208785,960,1046
208786,957,1045
208787,957,1045
208788,962,1045
208789,966,1047
208790,971,1048
208791,967,1046
208792,964,1043
208793,961,1044
208794,964,1045
208795,966,1047
208796,968,1051
208797,971,1050
208798,968,1047
208799,965,1045
208800,965,1047
208801,965,1048
208802,968,1047
208803,969,1044
208804,965,1040
208805,960,1037
208806,961,1040
208807,960,1042
208808,968,1044
208809,968,1041
208810,964,1039
208811,961,1036
208812,960,1039
208813,960,1041
208814,963,1042
208815,963,1043
208816,958,1042
208817,957,1041
208818,959,1042
208819,964,1044
208820,966,1043
208821,965,1043
208822,963,1042
208823,959,1040
208824,959,1042
208825,960,1041
208826,960,1044
208827,962,1043
208828,961,1039
208829,958,1039
208830,957,1043
208831,959,1045
208832,962,1047
208833,959,1043
208834,960,1040
208835,957,1040
208836,959,1043
208837,960,1044
208838,963,1046
208839,964,1046
208840,962,1043
208841,962,1045
208842,961,1043
208843,963,1047
208844,969,1049
208845,968,1046
208846,966,1041
208847,963,1042
208848,966,1044
208849,968,1048
208850,975,1047
208851,974,1045
208852,969,1043
208853,966,1046
208854,965,1046
208855,971,1050
208856,974,1051
208857,971,1048
208858,969,1046
208859,969,1046
208860,967,1046
208861,971,1048
208862,974,1047
208863,978,1042
208864,981,1035
208865,987,1032
208866,1003,1034
208867,1021,1032
208868,1042,1029
208869,1064,1025
208870,1097,1016
208871,1133,1008
208872,1169,1001
208873,1213,1001
208874,1258,1006
208875,1295,1020
208876,1303,1036
208877,1283,1046
208878,1238,1051
208879,1182,1057
208880,1127,1062
208881,1071,1068
208882,1012,1074
208883,960,1075
208884,937,1077
208885,938,1078
208886,950,1070
208887,961,1062
208888,967,1049
208889,967,1041
208890,963,1038
208891,960,1040
208892,961,1043
208893,959,1040
208894,958,1034
208895,956,1036
208896,955,1039
208897,955,1041
208898,956,1042
208899,958,1040
208900,954,1038
208901,950,1037
208902,948,1040
208903,953,1045
208904,955,1045
208905,954,1046
208906,952,1043
208907,949,1040
208908,948,1043
208909,950,1046
208910,950,1049
208911,953,1048
208912,950,1044
208913,950,1043
208914,952,1044
208915,952,1048
208916,952,1048
208917,950,1048
208918,946,1045
208919,944,1045
208920,944,1046
208921,946,1047
208922,951,1049
208923,951,1048
208924,947,1045
208925,944,1043
208926,945,1044
208927,947,1047
208928,948,1049
208929,945,1048
208930,942,1044
208931,943,1041
208932,945,1042
208933,941,1045
208934,945,1043
208935,946,1039
208936,947,1035
208937,945,1035
208938,945,1038
208939,949,1038
208940,954,1041
208941,956,1036
208942,955,1033
208943,957,1033
208944,955,1034
208945,961,1034
208946,965,1034
208947,963,1030
208948,962,1026
208949,960,1022
208950,963,1023
208951,970,1022
208952,973,1022
208953,972,1020
208954,970,1015
208955,971,1014
208956,973,1017
208957,976,1014
208958,981,1015
208959,979,1013
208960,980,1009
208961,979,1007
208962,982,1009
208963,984,1009
208964,987,1010
208965,986,1010
208966,985,1007
208967,984,1004
208968,982,1007
208969,984,1009
208970,989,1008
208971,993,1010
208972,991,1006
208973,988,1007
208974,987,1012
208975,990,1016
208976,995,1017
208977,997,1016
208978,998,1016
208979,994,1014
208980,994,1019
208981,993,1020
208982,997,1022
208983,998,1021
208984,995,1022
208985,990,1023
208986,991,1029
208987,991,1032
208988,991,1033
208989,992,1032
208990,985,1030
208991,979,1033
208992,977,1039
208993,977,1043
208994,981,1045
208995,982,1042
208996,978,1043
208997,975,1043
208998,974,1046
208999,975,1050
209000,978,1051
209001,974,1049
209002,974,1046
209003,969,1049
209004,970,1049
209005,973,1051
209006,975,1055
209007,977,1054
209008,974,1052
209009,971,1050
209010,973,1052
209011,971,1053
209012,975,1053
209013,975,1053
209014,973,1050
209015,973,1052
209016,976,1053
209017,982,1056
209018,987,1058
209019,992,1056
209020,996,1055
209021,997,1055
209022,1001,1058
209023,1006,1063
209024,1011,1064
209025,1018,1063
209026,1029,1058
209027,1040,1047
209028,1051,1036
209029,1068,1025
209030,1083,1011
209031,1097,997
209032,1110,983
209033,1120,968
209034,1135,959
209035,1153,948
209036,1171,932
209037,1186,911
209038,1206,886
209039,1222,870
209040,1240,854
209041,1255,844
209042,1263,835
209043,1262,831
209044,1257,828
209045,1253,827
209046,1253,827
209047,1251,829
209048,1249,826
209049,1240,823
209050,1224,823
209051,1204,821
209052,1179,825
209053,1160,830
209054,1134,840
209055,1103,844
209056,1076,855
209057,1051,864
209058,1034,879
209059,1029,896
209060,1028,910
209061,1024,921
209062,1017,929
209063,1008,941
209064,1005,955
209065,1014,965
209066,1023,977
209067,1039,985
209068,1056,994
209069,1065,999
209070,1066,1006
209071,1055,1015
209072,1035,1024
209073,1001,1031
209074,967,1037
209075,942,1043
209076,927,1058
209077,918,1067
209078,915,1080
209079,914,1083
209080,910,1089
209081,902,1089
209082,900,1093
209083,898,1098
209084,898,1099
209085,893,1099
209086,888,1101
209087,883,1102
209088,882,1103
209089,882,1109
209090,884,1108
209091,881,1109
209092,874,1110
209093,872,1111
209094,870,1116
209095,874,1121
209096,873,1125
209097,871,1124
209098,867,1125
209099,865,1125
209100,864,1132
209101,867,1135
209102,869,1139
209103,868,1139
209104,866,1135
209105,863,1138
209106,859,1142
209107,860,1146
209108,862,1150
209109,863,1152
209110,862,1150
209111,860,1153
209112,860,1158
209113,862,1160
209114,864,1164
209115,864,1164
209116,860,1164
209117,860,1162
209118,858,1167
209119,862,1171
209120,866,1176
209121,868,1174
209122,867,1172
209123,867,1176
209124,867,1178
209125,872,1181
209126,877,1182
209127,876,1179
209128,875,1181
209129,875,1180
209130,877,1182
209131,881,1183
209132,888,1184
209133,893,1182
209134,892,1178
209135,892,1175
209136,897,1175
209137,901,1173
209138,906,1173
209139,909,1170
209140,911,1161
209141,910,1158
209142,911,1155
209143,919,1155
209144,925,1149
209145,927,1144
209146,927,1136
209147,928,1134
209148,932,1132
209149,934,1132
209150,938,1129
209151,939,1123
209152,939,1115
209153,939,1107
209154,941,1103
209155,946,1106
209156,948,1101
209157,949,1096
209158,946,1090
209159,947,1085
209160,949,1082
209161,953,1082
209162,955,1081
209163,954,1075
209164,951,1070
209165,952,1066
209166,954,1066
209167,954,1068
209168,954,1067
209169,956,1065
209170,953,1060
209171,952,1057
209172,954,1058
209173,957,1060
209174,960,1063
209175,957,1060
209176,954,1057
209177,951,1056
209178,954,1059
209179,957,1061
209180,963,1061
209181,962,1058
209182,958,1055
209183,955,1051
209184,958,1054
209185,961,1057
209186,968,1057
209187,968,1054
209188,963,1050
209189,959,1051
209190,959,1053
209191,961,1054
209192,967,1053
209193,966,1053
209194,965,1051
209195,964,1047
209196,968,1050
209197,972,1054
209198,972,1054
209199,968,1050
209200,961,1049
209201,957,1049
209202,955,1050
209203,962,1054
209204,966,1054
209205,970,1050
209206,965,1048
209207,961,1052
209208,959,1054
209209,962,1057
209210,962,1056
209211,960,1055
209212,961,1054
209213,962,1055
209214,964,1054
209215,966,1054
209216,969,1051
209217,965,1050
209218,966,1044
209219,964,1042
209220,962,1043
209221,965,1045
209222,967,1045
209223,967,1042
209224,968,1041
209225,968,1038
209226,969,1041
209227,967,1046
209228,967,1047
209229,965,1048
209230,962,1045
209231,960,1044
209232,961,1046
209233,967,1049
209234,970,1049
209235,971,1043
209236,965,1044
209237,963,1042
209238,961,1045
209239,962,1048
209240,967,1050
209241,967,1047
209242,964,1046
209243,962,1044
209244,961,1046
209245,965,1050
209246,967,1050
209247,966,1051
209248,963,1049
209249,963,1050
209250,965,1052
209251,965,1052
209252,966,1051
209253,965,1053
209254,960,1052
209255,963,1053
209256,961,1054
209257,965,1055
209258,968,1052
209259,967,1050
209260,960,1045
209261,956,1049
209262,960,1052
209263,964,1054
209264,966,1050
209265,967,1050
209266,961,1047
209267,956,1047
209268,960,1048
209269,962,1048
209270,964,1051
209271,961,1048
209272,962,1044
209273,961,1044
209274,956,1047
209275,953,1053
209276,958,1054
209277,958,1053
209278,954,1049
209279,954,1050
209280,955,1053
209281,959,1053
209282,963,1053
209283,968,1052
209284,966,1049
209285,963,1048
209286,959,1052
209287,959,1053
209288,960,1056
209289,963,1054
209290,961,1052
209291,963,1050
209292,962,1057
209293,967,1059
209294,972,1054
209295,971,1054
209296,966,1052
209297,964,1051
209298,965,1052
209299,967,1056
209300,971,1059
209301,971,1054
209302,963,1052
209303,964,1047
209304,968,1045
209305,973,1043
209306,974,1046
209307,973,1045
209308,974,1042
209309,970,1038
209310,971,1043
209311,971,1044
209312,973,1046
209313,971,1046
209314,970,1044
209315,968,1041
209316,968,1045
209317,965,1047
209318,969,1047
209319,972,1046
209320,971,1043
209321,969,1044
209322,969,1045
209323,970,1049
209324,972,1051
209325,973,1048
209326,972,1048
209327,970,1049
209328,973,1046
209329,978,1049
209330,992,1042
209331,1005,1040
209332,1019,1033
209333,1033,1033
209334,1059,1032
209335,1094,1032
209336,1138,1021
209337,1178,1014
209338,1215,1011
209339,1248,1014
209340,1283,1033
209341,1299,1055
209342,1289,1066
209343,1242,1067
209344,1178,1060
209345,1113,1064
209346,1054,1074
209347,996,1085
209348,957,1092
209349,941,1092
209350,945,1087
209351,958,1076
209352,966,1066
209353,971,1059
209354,972,1059
209355,969,1052
209356,966,1048
209357,956,1045
209358,958,1049
209359,960,1052
209360,965,1050
209361,959,1049
209362,957,1045
209363,956,1044
209364,957,1046
209365,955,1053
209366,956,1055
209367,953,1050
209368,953,1049
209369,952,1049
209370,953,1051
209371,956,1051
209372,958,1052
209373,955,1051
209374,952,1048
209375,951,1046
209376,949,1050
209377,950,1053
209378,955,1054
209379,955,1054
209380,952,1050
209381,945,1048
209382,946,1051
209383,950,1054
209384,953,1054
209385,954,1053
209386,950,1053
209387,948,1047
209388,949,1044
209389,945,1046
209390,950,1048
209391,949,1048
209392,952,1043
209393,951,1042
209394,952,1041
209395,952,1042
209396,954,1042
209397,955,1040
209398,951,1035
209399,951,1033
209400,954,1035
209401,954,1037
209402,955,1039
209403,952,1038
209404,951,1035
209405,955,1033
209406,955,1035
209407,957,1035
209408,957,1037
209409,961,1032
209410,962,1028
209411,962,1025
209412,963,1028
209413,968,1030
209414,968,1031
209415,968,1027
209416,965,1026
209417,966,1025
209418,974,1024
209419,976,1027
209420,978,1026
209421,975,1022
209422,971,1018
209423,970,1015
209424,970,1018
209425,975,1021
209426,980,1018
209427,977,1015
209428,979,1011
209429,979,1009
209430,982,1012
209431,983,1012
209432,988,1012
209433,994,1012
209434,990,1007
209435,987,1008
209436,988,1010
209437,994,1013
209438,999,1012
209439,1002,1010
209440,998,1005
209441,993,1007
209442,992,1012
209443,1001,1015
209444,1004,1016
209445,1003,1016
209446,1002,1018
209447,999,1018
209448,999,1025
209449,997,1026
209450,998,1028
209451,999,1029
209452,996,1029
209453,992,1032
209454,991,1036
209455,990,1041
209456,987,1045
209457,987,1045
209458,980,1045
209459,977,1045
209460,979,1053
209461,981,1054
209462,982,1056
209463,982,1054
209464,976,1055
209465,973,1056
209466,975,1059
209467,979,1063
209468,977,1062
209469,979,1061
209470,975,1057
209471,973,1058
209472,976,1059
209473,977,1061
209474,979,1064
209475,976,1063
209476,975,1060
209477,974,1057
209478,974,1061
209479,976,1062
209480,976,1062
209481,974,1059
209482,970,1054
209483,968,1052
209484,970,1052
209485,976,1053
209486,979,1055
209487,977,1051
209488,974,1049
209489,972,1043
209490,971,1046
209491,976,1048
209492,979,1049
209493,981,1045
209494,975,1045
209495,975,1044
209496,977,1045
209497,979,1047
209498,986,1046
209499,983,1043
209500,977,1041
209501,976,1040
209502,977,1044
209503,982,1048
209504,984,1044
209505,982,1044
209506,981,1042
209507,983,1043
209508,981,1045
209509,983,1046
209510,983,1046
209511,978,1042
209512,973,1042
209513,973,1041
209514,973,1045
209515,979,1048
209516,981,1048
209517,976,1047
209518,974,1045
209519,973,1046
209520,977,1049
209521,979,1051
209522,984,1050
209523,979,1049
209524,979,1047
209525,977,1048
209526,980,1050
209527,985,1053
209528,985,1052
209529,983,1050
209530,982,1048
209531,974,1049
209532,975,1052
209533,976,1055
209534,979,1054
209535,975,1050
209536,975,1048
209537,971,1048
209538,973,1051
209539,974,1056
209540,980,1056
209541,984,1052
209542,980,1045
209543,978,1046
209544,973,1047
209545,972,1052
209546,973,1052
209547,973,1048
209548,977,1049
209549,976,1047
209550,977,1051
209551,978,1052
209552,984,1051
209553,981,1049
209554,976,1047
209555,975,1047
209556,975,1051
209557,976,1055
209558,979,1057
209559,978,1054
209560,976,1051
209561,974,1051
209562,973,1053
209563,977,1058
209564,979,1057
209565,981,1052
209566,978,1051
209567,974,1048
209568,976,1050
209569,979,1059
209570,981,1058
209571,976,1056
209572,976,1053
209573,977,1052
209574,978,1053
209575,980,1056
209576,980,1054
209577,979,1054
209578,975,1051
209579,977,1051
209580,980,1051
209581,983,1053
209582,985,1053
209583,982,1051
209584,981,1050
209585,976,1047
209586,977,1048
209587,983,1049
209588,989,1043
209589,997,1035
209590,1003,1033
209591,1014,1031
209592,1029,1034
209593,1057,1034
209594,1092,1028
209595,1131,1018
209596,1174,1006
209597,1224,1002
209598,1275,1013
209599,1314,1030
209600,1330,1054
209601,1316,1067
209602,1275,1067
209603,1212,1068
209604,1143,1074
209605,1071,1085
209606,1000,1097
209607,945,1104
209608,928,1106
209609,940,1105
209610,958,1092
209611,972,1081
209612,977,1070
209613,976,1060
209614,977,1055
209615,971,1054
209616,967,1053
209617,965,1055
209618,967,1053
209619,962,1052
209620,959,1051
209621,959,1051
209622,959,1052
209623,959,1055
209624,959,1051
209625,958,1050
209626,955,1051
209627,954,1049
209628,955,1051
209629,956,1051
209630,960,1052
209631,956,1049
209632,953,1050
209633,951,1051
209634,954,1051
209635,957,1051
209636,958,1050
209637,957,1050
209638,958,1049
209639,959,1047
209640,957,1051
209641,960,1051
209642,959,1049
209643,956,1048
209644,955,1047
209645,953,1046
209646,952,1047
209647,957,1049
209648,963,1048
209649,964,1044
209650,961,1041
209651,958,1042
209652,960,1044
209653,965,1045
209654,968,1045
209655,965,1042
209656,964,1038
209657,963,1038
209658,962,1040
209659,963,1042
209660,967,1040
209661,971,1038
209662,969,1033
209663,966,1032
209664,970,1030
209665,973,1031
209666,979,1031
209667,982,1027
209668,978,1025
209669,974,1023
209670,973,1023
209671,978,1023
209672,982,1018
209673,982,1017
209674,980,1012
209675,981,1014
209676,982,1013
209677,985,1015
209678,989,1011
209679,988,1010
209680,990,1008
209681,987,1005
209682,988,1005
209683,994,1005
209684,995,1005
209685,995,1003
209686,993,1000
209687,992,1001
209688,994,1005
209689,994,1005
209690,999,1005
209691,998,1006
209692,1000,1006
209693,997,1005
209694,998,1008
209695,1004,1013
209696,1007,1014
209697,1007,1013
209698,1003,1014
209699,996,1017
209700,996,1022
209701,996,1030
209702,998,1032
209703,997,1030
209704,991,1030
209705,987,1031
209706,985,1039
209707,985,1043
209708,985,1043
209709,985,1045
209710,981,1045
209711,978,1043
209712,978,1049
209713,981,1053
209714,982,1054
209715,981,1052
209716,980,1052
209717,976,1052
209718,979,1056
209719,977,1059
209720,979,1060
209721,977,1061
209722,978,1060
209723,976,1057
209724,977,1061
209725,977,1060
209726,978,1064
209727,981,1062
209728,979,1060
209729,976,1063
209730,978,1065
209731,980,1063
209732,986,1061
209733,985,1060
209734,985,1056
209735,983,1053
209736,985,1055
209737,990,1057
209738,993,1053
209739,990,1052
209740,990,1048
209741,988,1049
209742,993,1054
209743,998,1057
209744,1005,1054
209745,1008,1053
209746,1008,1052
209747,1007,1051
209748,1012,1057
209749,1015,1061
209750,1020,1061
209751,1023,1063
209752,1028,1060
209753,1040,1059
209754,1053,1052
209755,1065,1039
209756,1080,1024
209757,1091,1010
209758,1101,994
209759,1113,981
209760,1128,968
209761,1146,961
209762,1162,947
209763,1178,927
209764,1194,901
209765,1207,883
209766,1223,871
209767,1236,863
209768,1251,855
209769,1252,844
209770,1247,836
209771,1239,839
209772,1239,842
209773,1242,845
209774,1239,845
209775,1231,842
209776,1219,839
209777,1208,845
209778,1197,853
209779,1187,860
209780,1171,865
209781,1152,875
209782,1129,881
209783,1107,890
209784,1092,902
209785,1085,915
209786,1078,927
209787,1068,936
209788,1061,941
209789,1056,956
209790,1051,969
209791,1051,979
209792,1058,987
209793,1068,991
209794,1082,995
209795,1096,998
209796,1110,1002
209797,1111,1007
209798,1087,1012
209799,1042,1021
209800,997,1027
209801,963,1038
209802,943,1056
209803,939,1072
209804,936,1083
209805,933,1090
209806,925,1093
209807,920,1094
209808,917,1099
209809,917,1105
209810,915,1106
209811,913,1105
209812,906,1103
209813,905,1106
209814,905,1111
209815,908,1115
209816,909,1116
209817,904,1118
209818,899,1117
209819,894,1121
209820,892,1124
209821,891,1126
209822,894,1131
209823,894,1130
209824,889,1130
209825,887,1132
209826,884,1138
209827,886,1145
209828,885,1142
209829,883,1142
209830,878,1140
209831,874,1141
209832,876,1144
209833,879,1149
209834,881,1151
209835,876,1151
209836,871,1152
209837,867,1155
209838,868,1160
209839,870,1162
209840,872,1163
209841,873,1163
209842,869,1162
209843,866,1167
209844,868,1170
209845,866,1174
209846,872,1174
209847,869,1177
209848,870,1173
209849,871,1177
209850,871,1181
209851,876,1186
209852,877,1188
209853,877,1187
209854,880,1184
209855,878,1186
209856,881,1187
209857,888,1189
209858,898,1187
209859,900,1181
209860,900,1177
209861,900,1175
209862,906,1173
209863,911,1175
209864,921,1171
209865,927,1164
209866,928,1157
209867,929,1154
209868,936,1150
209869,940,1148
209870,945,1144
209871,950,1135
209872,951,1130
209873,954,1126
209874,960,1122
209875,968,1121
209876,972,1112
209877,974,1106
209878,972,1102
209879,970,1094
209880,973,1091
209881,976,1088
209882,979,1085
209883,977,1078
209884,976,1072
209885,975,1068
209886,977,1066
209887,977,1066
209888,981,1062
209889,980,1060
209890,976,1055
209891,973,1057
209892,976,1057
209893,979,1058
209894,982,1059
209895,979,1056
209896,974,1054
209897,970,1055
209898,973,1055
209899,975,1057
209900,979,1057
209901,979,1055
209902,977,1052
209903,975,1054
209904,976,1055
209905,979,1057
209906,982,1055
209907,980,1053
209908,977,1055
209909,974,1051
209910,974,1054
209911,979,1058
209912,982,1060
209913,980,1055
209914,976,1053
209915,973,1053
209916,974,1055
209917,980,1057
209918,984,1056
209919,984,1053
209920,982,1050
209921,978,1049
209922,978,1052
209923,981,1055
209924,985,1055
209925,983,1052
209926,980,1048
209927,981,1048
209928,980,1050
209929,984,1053
209930,989,1051
209931,988,1046
209932,985,1041
209933,983,1041
209934,983,1041
209935,991,1045
209936,993,1045
209937,993,1041
209938,987,1037
209939,988,1038
209940,982,1040
209941,987,1042
209942,988,1043
209943,986,1042
209944,987,1039
209945,987,1042
209946,989,1045
209947,991,1047
209948,992,1047
209949,991,1045
209950,991,1041
209951,986,1041
209952,985,1046
209953,988,1048
209954,987,1047
209955,988,1043
209956,987,1042
209957,989,1048
209958,990,1046
209959,990,1047
209960,992,1048
209961,988,1045
209962,982,1043
209963,979,1042
209964,983,1046
209965,985,1048
209966,984,1047
209967,984,1047
209968,981,1041
209969,978,1039
209970,981,1045
209971,988,1043
209972,988,1044
209973,987,1042
209974,984,1037
209975,983,1036
209976,985,1037
209977,986,1043
209978,990,1042
209979,989,1042
209980,987,1039
209981,986,1041
209982,989,1042
209983,990,1043
209984,993,1044
209985,991,1040
209986,990,1038
209987,985,1039
209988,988,1044
209989,989,1043
209990,990,1043
209991,991,1041
209992,989,1042
209993,989,1043
209994,991,1044
209995,995,1048
209996,997,1048
209997,996,1043
209998,992,1042
209999,990,1044
210000,993,1044
210001,996,1045
210002,1000,1044
210003,998,1044
210004,996,1041
210005,994,1042
210006,996,1044
210007,996,1043
210008,1001,1042
210009,998,1034
210010,1002,1030
210011,1009,1026
210012,1024,1024
210013,1041,1027
210014,1064,1026
210015,1092,1018
210016,1127,1010
210017,1164,1003
210018,1211,997
210019,1255,999
210020,1297,1005
210021,1326,1020
210022,1341,1036
210023,1329,1050
210024,1295,1057
210025,1242,1056
210026,1179,1062
210027,1106,1069
210028,1036,1077
210029,976,1082
210030,952,1087
210031,961,1082
210032,981,1068
210033,990,1055
210034,992,1046
210035,988,1043
210036,988,1042
210037,985,1044
210038,986,1041
210039,981,1040
210040,979,1039
210041,972,1041
210042,972,1041
210043,977,1044
210044,981,1046
210045,977,1043
210046,974,1039
210047,972,1041
210048,971,1042
210049,975,1047
210050,974,1042
210051,972,1044
210052,974,1042
210053,973,1041
210054,973,1042
210055,975,1046
210056,975,1045
210057,974,1041
210058,972,1039
210059,971,1039
210060,972,1041
210061,974,1044
210062,975,1042
210063,969,1040
210064,969,1038
210065,966,1037
210066,968,1040
210067,972,1042
210068,976,1038
210069,976,1038
210070,973,1035
210071,967,1035
210072,969,1037
210073,971,1040
210074,972,1037
210075,973,1033
210076,972,1030
210077,969,1031
210078,974,1031
210079,976,1032
210080,980,1030
210081,980,1029
210082,979,1023
210083,976,1025
210084,980,1026
210085,978,1026
210086,988,1021
210087,989,1018
210088,986,1016
210089,986,1016
210090,990,1016
210091,994,1013
210092,998,1010
210093,999,1009
210094,998,1005
210095,1001,1004
210096,1005,1004
210097,1007,1003
210098,1009,999
210099,1006,998
210100,1010,994
210101,1010,993
210102,1014,995
210103,1016,997
210104,1020,994
210105,1020,993
210106,1017,986
210107,1016,985
210108,1021,991
210109,1025,993
210110,1027,994
210111,1027,990
210112,1024,991
210113,1024,994
210114,1027,997
210115,1029,1003
210116,1031,1004
210117,1029,1004
210118,1025,1005
210119,1025,1005
210120,1024,1013
210121,1020,1016
210122,1019,1019
210123,1016,1020
210124,1013,1019
210125,1011,1022
210126,1012,1025
210127,1009,1030
210128,1007,1033
210129,1002,1033
210130,1002,1029
210131,1000,1032
210132,998,1036
210133,1002,1040
210134,1004,1039
210135,1003,1038
210136,999,1039
210137,993,1039
210138,992,1041
210139,996,1045
210140,999,1045
210141,997,1044
210142,992,1039
210143,993,1041
210144,993,1043
210145,996,1050
210146,996,1048
210147,997,1049
210148,997,1048
210149,995,1047
210150,995,1051
210151,998,1051
210152,998,1052
210153,997,1048
210154,1001,1046
210155,996,1045
210156,1002,1051
210157,1003,1052
210158,1005,1052
210159,1005,1049
210160,1000,1046
210161,1003,1046
210162,1005,1048
210163,1004,1050
210164,1008,1050
210165,1008,1046
210166,1002,1043
210167,1000,1043
210168,1003,1043
210169,1004,1047
210170,1008,1044
210171,1004,1040
210172,999,1038
210173,993,1039
210174,997,1038
210175,1002,1040
210176,1002,1037
210177,1001,1031
210178,998,1029
210179,998,1033
210180,1002,1035
210181,1006,1040
210182,1008,1033
210183,1005,1034
210184,1002,1031
210185,997,1031
210186,998,1033
210187,1002,1036
210188,1001,1037
210189,1003,1034
210190,999,1033
210191,994,1031
210192,997,1037
210193,999,1039
210194,1003,1037
210195,1001,1036
210196,996,1034
210197,997,1035
210198,995,1042
210199,996,1043
210200,995,1045
210201,996,1040
210202,998,1040
210203,996,1041
210204,996,1046
210205,998,1050
210206,999,1049
210207,996,1047
210208,994,1043
210209,994,1042
210210,995,1044
210211,1000,1049
210212,1000,1045
210213,998,1042
210214,995,1039
210215,996,1044
210216,996,1046
210217,994,1046
210218,998,1050
210219,995,1047
210220,989,1046
210221,989,1044
210222,991,1047
210223,994,1048
210224,993,1045
210225,991,1045
210226,986,1043
210227,987,1045
210228,990,1045
210229,993,1050
210230,994,1047
210231,989,1045
210232,989,1043
210233,988,1042
210234,990,1047
210235,991,1049
210236,995,1051
210237,994,1045
210238,993,1042
210239,992,1044
210240,995,1047
210241,994,1050
210242,994,1049
210243,996,1043
210244,996,1041
210245,994,1042
210246,993,1043
210247,990,1048
210248,992,1047
210249,993,1045
210250,991,1042
210251,993,1042
210252,994,1045
210253,996,1046
210254,996,1047
210255,994,1047
210256,991,1044
210257,992,1046
210258,992,1043
210259,995,1045
210260,999,1043
210261,998,1041
210262,997,1037
210263,998,1036
210264,1003,1035
210265,1015,1036
210266,1029,1031
210267,1043,1026
210268,1061,1023
210269,1085,1020
210270,1124,1014
210271,1171,1007
210272,1218,998
210273,1262,1000
210274,1298,1006
210275,1324,1025
210276,1337,1046
210277,1322,1059
210278,1278,1063
210279,1217,1061
210280,1149,1061
210281,1078,1074
210282,1017,1087
210283,977,1090
210284,966,1088
210285,972,1080
210286,978,1066
210287,986,1055
210288,994,1050
210289,995,1050
210290,993,1043
210291,990,1040
210292,984,1034
210293,982,1034
210294,980,1036
210295,979,1043
210296,979,1040
210297,973,1040
210298,971,1035
210299,969,1036
210300,970,1038
210301,974,1041
210302,980,1040
210303,979,1039
210304,975,1034
210305,972,1037
210306,968,1041
210307,972,1046
210308,974,1044
210309,971,1044
210310,970,1038
210311,968,1040
210312,966,1041
210313,969,1047
210314,973,1045
210315,973,1045
210316,970,1041
210317,966,1040
210318,967,1045
210319,966,1049
210320,971,1047
210321,973,1046
210322,967,1043
210323,967,1042
210324,969,1046
210325,973,1046
210326,976,1046
210327,972,1043
210328,969,1041
210329,968,1044
210330,971,1044
210331,969,1044
210332,969,1042
210333,971,1039
210334,970,1037
210335,971,1035
210336,975,1036
210337,975,1037
210338,975,1034
210339,978,1030
210340,977,1027
210341,973,1028
210342,977,1027
210343,982,1028
210344,987,1026
210345,987,1021
210346,984,1018
210347,979,1019
210348,984,1018
210349,988,1017
210350,992,1016
210351,992,1014
210352,989,1012
210353,992,1007
210354,997,1010
210355,998,1010
210356,1003,1007
210357,1004,1005
210358,1002,1004
210359,1000,1003
210360,1006,1006
210361,1009,1009
210362,1012,1008
210363,1008,1007
210364,1004,1009
210365,1007,1011
210366,1010,1011
210367,1013,1015
210368,1016,1013
210369,1014,1012
210370,1011,1010
210371,1010,1007
210372,1009,1008
210373,1012,1013
210374,1013,1011
210375,1014,1011
210376,1011,1010
210377,1013,1013
210378,1008,1017
210379,1008,1024
210380,1010,1024
210381,1011,1022
210382,1006,1024
210383,1004,1027
210384,1005,1028
210385,1004,1030
210386,1001,1035
210387,997,1031
210388,994,1030
210389,991,1033
210390,993,1033
210391,994,1040
210392,993,1039
210393,991,1037
210394,988,1038
210395,985,1037
210396,985,1041
210397,985,1040
210398,987,1041
210399,986,1039
210400,983,1042
210401,984,1040
210402,984,1045
210403,983,1049
210404,984,1048
210405,980,1047
210406,978,1045
210407,977,1048
210408,978,1053
210409,984,1057
210410,987,1058
210411,983,1057
210412,977,1056
210413,976,1056
210414,982,1054
210415,989,1059
210416,992,1059
210417,991,1056
210418,989,1055
210419,984,1054
210420,987,1054
210421,991,1055
210422,995,1053
210423,992,1049
210424,987,1046
210425,987,1047
210426,990,1050
210427,995,1053
210428,996,1047
210429,996,1046
210430,991,1043
210431,989,1043
210432,990,1043
210433,991,1044
210434,994,1045
210435,992,1042
210436,990,1039
210437,990,1039
210438,989,1043
210439,994,1048
210440,996,1045
210441,994,1039
210442,994,1036
210443,992,1036
210444,994,1038
210445,994,1043
210446,998,1043
210447,996,1039
210448,991,1038
210449,989,1039
210450,987,1046
210451,989,1047
210452,995,1047
210453,991,1044
210454,994,1044
210455,992,1043
210456,994,1049
210457,993,1049
210458,995,1050
210459,993,1049
210460,988,1045
210461,990,1049
210462,992,1051
210463,993,1054
210464,995,1053
210465,995,1050
210466,992,1048
210467,992,1046
210468,993,1045
210469,996,1047
210470,999,1045
210471,998,1039
210472,996,1038
210473,994,1039
210474,994,1044
210475,993,1045
210476,998,1044
210477,996,1042
210478,990,1039
210479,990,1040
210480,993,1042
210481,995,1044
210482,995,1043
210483,994,1038
210484,992,1036
210485,990,1035
210486,993,1039
210487,997,1041
210488,997,1038
210489,994,1037
210490,991,1034
210491,990,1034
210492,994,1035
210493,1001,1035
210494,1004,1028
210495,1012,1023
210496,1019,1020
210497,1031,1021
210498,1048,1021
210499,1075,1024
210500,1109,1018
210501,1147,1011
210502,1192,1002
210503,1240,1001
210504,1283,1009
210505,1323,1026
210506,1346,1041
210507,1347,1055
210508,1323,1060
210509,1278,1060
210510,1218,1065
210511,1154,1073
210512,1075,1084
210513,998,1091
210514,949,1098
210515,938,1097
210516,952,1093
210517,968,1082
210518,979,1069
210519,982,1060
210520,983,1049
210521,983,1045
210522,982,1046
210523,981,1044
210524,979,1043
210525,975,1039
210526,973,1039
210527,971,1038
210528,971,1040
210529,971,1041
210530,975,1040
210531,970,1039
210532,968,1038
210533,966,1038
210534,969,1039
210535,970,1042
210536,972,1040
210537,969,1037
210538,965,1037
210539,967,1033
210540,970,1037
210541,972,1039
210542,973,1038
210543,975,1034
210544,972,1034
210545,972,1035
210546,975,1034
210547,977,1042
210548,978,1039
210549,972,1036
210550,974,1037
210551,973,1038
210552,974,1039
210553,975,1043
210554,977,1042
210555,978,1040
210556,974,1039
210557,974,1039
210558,977,1040
210559,977,1038
210560,978,1035
210561,975,1032
210562,974,1028
210563,971,1028
210564,973,1029
210565,977,1031
210566,978,1028
210567,978,1027
210568,974,1023
210569,975,1022
210570,976,1022
210571,981,1023
210572,982,1021
210573,984,1016
210574,980,1013
210575,982,1008
210576,986,1010
210577,988,1009
210578,991,1006
210579,993,1004
210580,992,999
210581,992,999
210582,997,1002
210583,1000,1001
210584,1002,998
210585,1003,992
210586,999,990
210587,1000,990
210588,1004,992
210589,1008,993
210590,1010,991
210591,1008,987
210592,1006,986
210593,1004,988
210594,1009,992
210595,1014,993
210596,1018,993
210597,1020,990
210598,1018,990
210599,1017,991
210600,1017,996
210601,1018,1002
210602,1018,1002
210603,1018,1002
210604,1012,1002
210605,1010,1007
210606,1011,1011
210607,1013,1017
210608,1012,1017
210609,1008,1018
210610,1008,1018
210611,1004,1024
210612,1001,1027
210613,1001,1031
210614,1002,1030
210615,1002,1032
210616,997,1031
210617,991,1033
210618,993,1038
210619,996,1041
210620,995,1041
210621,992,1040
210622,989,1041
210623,984,1039
210624,985,1044
210625,989,1047
210626,990,1045
210627,989,1043
210628,985,1040
210629,982,1043
210630,983,1046
210631,985,1050
210632,987,1047
210633,984,1048
210634,981,1045
210635,980,1044
210636,984,1047
210637,989,1049
210638,989,1050
210639,989,1044
210640,985,1046
210641,985,1045
210642,991,1047
210643,993,1045
210644,990,1043
210645,986,1038
210646,987,1037
210647,987,1037
210648,991,1039
210649,990,1041
210650,994,1040
210651,993,1038
210652,991,1038
210653,989,1037
210654,992,1040
210655,995,1042
210656,998,1039
210657,995,1036
210658,991,1034
210659,992,1036
210660,994,1038
210661,996,1038
210662,998,1037
210663,998,1036
210664,995,1033
210665,994,1035
210666,994,1038
210667,995,1041
210668,996,1039
210669,995,1037
210670,993,1034
210671,993,1034
210672,992,1039
210673,995,1039
210674,996,1038
210675,994,1033
210676,991,1033
210677,993,1034
210678,993,1037
210679,998,1042
210680,997,1038
210681,997,1039
210682,992,1037
210683,991,1037
210684,991,1043
210685,991,1043
210686,992,1043
210687,994,1040
210688,992,1038
210689,992,1042
210690,994,1042
210691,995,1043
210692,997,1041
210693,995,1039
210694,991,1037
210695,989,1037
210696,989,1040
210697,993,1042
210698,994,1043
210699,990,1041
210700,987,1040
210701,984,1042
210702,984,1047
210703,990,1047
210704,990,1045
210705,988,1044
210706,985,1039
210707,985,1040
210708,986,1043
210709,989,1045
210710,986,1049
210711,984,1044
210712,981,1043
210713,982,1043
210714,981,1049
210715,987,1049
210716,989,1046
210717,986,1044
210718,983,1043
210719,982,1043
210720,985,1044
210721,993,1048
210722,994,1047
210723,991,1045
210724,988,1043
210725,987,1043
210726,987,1045
210727,993,1048
210728,994,1045
210729,994,1042
210730,990,1039
210731,990,1040
210732,993,1040
210733,993,1042
210734,995,1041
210735,993,1038
210736,991,1035
210737,989,1036
210738,990,1039
210739,992,1040
210740,993,1038
210741,990,1036
210742,988,1035
210743,989,1037
210744,990,1038
210745,994,1040
210746,995,1038
210747,994,1035
210748,990,1036
210749,990,1039
210750,989,1040
210751,994,1042
210752,996,1043
210753,993,1039
210754,990,1039
210755,986,1040
210756,990,1040
210757,995,1042
210758,995,1041
210759,993,1040
210760,990,1037
210761,991,1036
210762,993,1037
210763,1000,1036
210764,1008,1034
210765,1018,1031
210766,1030,1030
210767,1045,1028
210768,1070,1030
210769,1099,1028
210770,1134,1024
210771,1168,1017
210772,1207,1007
210773,1248,1010
210774,1293,1017
210775,1329,1031
210776,1342,1046
210777,1332,1053
210778,1290,1054
210779,1227,1056
210780,1170,1062
210781,1113,1069
210782,1057,1070
210783,1004,1067
210784,973,1065
210785,969,1063
210786,978,1058
210787,991,1055
210788,996,1049
210789,994,1044
210790,984,1043
210791,980,1042
210792,978,1043
210793,979,1045
210794,978,1042
210795,975,1040
210796,970,1042
210797,968,1043
210798,970,1048
210799,971,1050
210800,971,1050
210801,969,1044
210802,968,1041
210803,963,1042
210804,966,1044
210805,968,1047
210806,973,1046
210807,971,1043
210808,967,1040
210809,961,1040
210810,965,1042
210811,968,1047
210812,969,1045
210813,966,1040
210814,964,1038
210815,962,1039
210816,965,1040
210817,966,1045
210818,965,1044
210819,965,1042
210820,963,1040
210821,959,1040
210822,962,1041
210823,966,1046
210824,971,1049
210825,971,1046
210826,971,1044
210827,972,1044
210828,973,1046
210829,975,1047
210830,977,1048
210831,974,1045
210832,971,1041
210833,970,1044
210834,973,1045
210835,974,1047
210836,977,1044
210837,975,1040
210838,971,1038
210839,969,1041
210840,969,1041
210841,973,1044
210842,974,1041
210843,974,1040
210844,973,1035
210845,974,1035
210846,975,1037
210847,978,1039
210848,985,1034
210849,985,1035
210850,982,1030
210851,985,1027
210852,987,1028
210853,990,1030
210854,992,1029
210855,992,1025
210856,994,1019
210857,994,1018
210858,998,1018
210859,1000,1018
210860,1001,1018
210861,1002,1016
210862,1001,1012
210863,1004,1011
210864,1004,1016
210865,1005,1014
210866,1006,1011
210867,1006,1010
210868,1003,1006
210869,1005,1008
210870,1008,1011
210871,1010,1011
210872,1010,1010
210873,1011,1005
210874,1006,1005
210875,1007,1004
210876,1010,1010
210877,1012,1017
210878,1011,1015
210879,1011,1014
210880,1007,1015
210881,1006,1017
210882,1009,1018
210883,1009,1024
210884,1008,1023
210885,1002,1026
210886,999,1025
210887,996,1028
210888,998,1034
210889,999,1037
210890,995,1039
210891,992,1038
210892,985,1041
210893,980,1041
210894,984,1045
210895,986,1051
210896,985,1049
210897,986,1048
210898,980,1044
210899,980,1044
210900,979,1047
210901,978,1049
210902,983,1050
210903,977,1046
210904,975,1044
210905,971,1046
210906,974,1051
210907,977,1053
210908,976,1052
210909,978,1048
210910,974,1048
210911,975,1048
210912,977,1052
210913,981,1052
210914,980,1051
210915,979,1049
210916,975,1045
210917,975,1051
210918,979,1052
210919,979,1054
210920,981,1057
210921,978,1055
210922,975,1049
210923,975,1052
210924,981,1055
210925,979,1057
210926,982,1054
210927,979,1051
210928,976,1047
210929,977,1051
210930,979,1052
210931,979,1055
210932,980,1051
210933,980,1053
210934,978,1049
210935,978,1052
210936,976,1053
210937,975,1056
210938,976,1053
210939,976,1049
210940,974,1048
210941,976,1048
210942,979,1051
210943,981,1050
210944,982,1053
210945,979,1051
210946,977,1046
210947,977,1047
210948,979,1049
210949,980,1051
210950,982,1048
210951,981,1047
210952,978,1045
210953,978,1048
210954,978,1048
210955,984,1050
210956,983,1047
210957,982,1046
210958,978,1046
210959,975,1047
210960,982,1047
210961,983,1051
210962,984,1051
210963,981,1047
210964,978,1046
210965,977,1051
210966,980,1053
210967,983,1055
210968,983,1052
210969,980,1052
210970,979,1050
210971,975,1053
210972,976,1050
210973,979,1054
210974,982,1052
210975,981,1047
210976,982,1047
210977,979,1049
210978,980,1051
210979,979,1053
210980,982,1054
210981,980,1049
210982,978,1044
210983,977,1046
210984,981,1046
210985,981,1047
210986,977,1045
210987,971,1045
210988,972,1044
210989,969,1046
210990,974,1049
210991,975,1048
210992,977,1048
210993,973,1045
210994,972,1042
210995,970,1045
210996,974,1048
210997,978,1051
210998,978,1050
210999,975,1046
211000,971,1044
211001,970,1050
211002,972,1051
211003,974,1053
211004,977,1051
211005,977,1052
211006,974,1048
211007,969,1051
211008,971,1055
211009,973,1058
211010,975,1052
211011,973,1049
211012,969,1047
211013,967,1049
211014,971,1052
211015,973,1055
211016,975,1052
211017,976,1049
211018,970,1045
211019,971,1048
211020,970,1053
211021,974,1054
211022,974,1054
211023,975,1050
211024,973,1050
211025,969,1048
211026,972,1053
211027,975,1056
211028,978,1057
211029,975,1050
211030,972,1048
211031,970,1050
211032,975,1052
211033,978,1054
211034,978,1052
211035,977,1051
211036,973,1050
211037,971,1050
211038,973,1051
211039,976,1055
211040,976,1050
211041,974,1050
211042,972,1049
211043,971,1050
211044,973,1052
211045,977,1054
211046,978,1052
211047,979,1046
211048,982,1040
211049,992,1039
211050,1004,1039
211051,1024,1040
211052,1043,1037
211053,1067,1034
211054,1096,1026
211055,1130,1017
211056,1168,1014
211057,1210,1013
211058,1253,1014
211059,1287,1019
211060,1309,1032
211061,1315,1048
211062,1295,1061
211063,1252,1065
211064,1190,1070
211065,1128,1072
211066,1065,1076
211067,1011,1078
211068,973,1080
211069,959,1075
211070,963,1069
211071,975,1059
211072,983,1050
211073,981,1047
211074,978,1046
211075,977,1049
211076,972,1052
211077,969,1050
211078,966,1049
211079,964,1050
211080,965,1051
211081,967,1054
211082,965,1053
211083,959,1053
211084,956,1049
211085,953,1052
211086,951,1055
211087,955,1055
211088,956,1054
211089,954,1053
211090,950,1047
211091,950,1050
211092,953,1055
211093,953,1055
211094,953,1053
211095,948,1053
211096,945,1053
211097,947,1056
211098,948,1057
211099,953,1058
211100,955,1058
211101,954,1056
211102,953,1053
211103,952,1057
211104,953,1059
211105,954,1059
211106,954,1059
211107,951,1057
211108,951,1056
211109,953,1055
211110,956,1058
211111,962,1060
211112,963,1058
211113,962,1056
211114,956,1056
211115,953,1056
211116,958,1055
211117,965,1056
211118,964,1053
211119,962,1048
211120,957,1047
211121,955,1048
211122,958,1050
211123,963,1052
211124,967,1049
211125,962,1043
211126,961,1040
211127,961,1043
211128,967,1041
211129,971,1043
211130,970,1040
211131,970,1035
211132,967,1033
211133,969,1036
211134,973,1036
211135,977,1037
211136,975,1034
211137,973,1031
211138,972,1030
211139,974,1028
211140,979,1031
211141,984,1029
211142,983,1028
211143,984,1025
211144,982,1024
211145,984,1026
211146,988,1024
211147,991,1024
211148,994,1023
211149,994,1020
211150,992,1018
211151,992,1019
211152,994,1022
211153,996,1024
211154,1000,1023
211155,1001,1020
211156,999,1018
211157,999,1019
211158,1001,1024
211159,1003,1025
211160,1005,1023
211161,1004,1020
211162,1000,1019
211163,1001,1020
211164,1003,1022
211165,1005,1027
211166,1008,1025
211167,1005,1024
211168,1000,1024
211169,999,1026
211170,999,1033
211171,999,1035
211172,1000,1039
211173,995,1036
211174,992,1037
211175,991,1039
211176,988,1043
211177,992,1046
211178,992,1046
211179,986,1042
211180,982,1045
211181,976,1048
211182,978,1052
211183,980,1053
211184,981,1053
211185,975,1050
211186,972,1049
211187,969,1050
211188,974,1052
211189,975,1053
211190,975,1050
211191,970,1049
211192,965,1046
211193,963,1050
211194,966,1050
211195,967,1054
211196,972,1055
211197,969,1052
211198,966,1052
211199,967,1051
211200,967,1055
211201,970,1059
211202,969,1056
211203,966,1054
211204,965,1054
211205,967,1057
211206,969,1060
211207,970,1062
211208,973,1062
211209,972,1059
211210,971,1056
211211,970,1058
211212,970,1060
211213,975,1064
211214,977,1060
211215,976,1057
211216,974,1055
211217,970,1060
211218,974,1061
211219,982,1064
211220,984,1062
211221,980,1058
211222,979,1057
211223,976,1058
211224,978,1059
211225,982,1061
211226,983,1060
211227,980,1057
211228,978,1057
211229,980,1060
211230,983,1060
211231,985,1059
211232,982,1057
211233,982,1053
211234,982,1054
211235,981,1057
211236,984,1057
211237,984,1058
211238,983,1059
211239,981,1054
211240,979,1052
211241,977,1052
211242,978,1055
211243,980,1058
211244,982,1055
211245,980,1049
211246,977,1048
211247,975,1044
211248,975,1044
211249,979,1048
211250,979,1047
211251,979,1043
211252,978,1044
211253,977,1046
211254,980,1049
211255,982,1050
211256,983,1050
211257,980,1050
211258,976,1048
211259,976,1047
211260,982,1051
211261,983,1054
211262,983,1055
211263,981,1051
211264,976,1049
211265,977,1049
211266,981,1053
211267,983,1057
211268,982,1055
211269,981,1050
211270,978,1048
211271,976,1052
211272,981,1054
211273,983,1055
211274,983,1054
211275,986,1051
211276,980,1049
211277,980,1052
211278,982,1056
211279,982,1059
211280,981,1057
211281,981,1055
211282,977,1051
211283,975,1052
211284,979,1056
211285,981,1060
211286,982,1056
211287,978,1053
211288,976,1052
211289,975,1053
211290,978,1055
211291,982,1058
211292,981,1054
211293,976,1051
211294,974,1049
211295,974,1050
211296,976,1055
211297,980,1053
211298,977,1053
211299,978,1051
211300,974,1049
211301,973,1050
211302,975,1056
211303,978,1057
211304,980,1055
211305,976,1052
211306,975,1050
211307,979,1052
211308,980,1053
211309,982,1054
211310,983,1053
211311,980,1052
211312,975,1050
211313,975,1049
211314,975,1054
211315,978,1058
211316,980,1058
211317,981,1060
211318,977,1057
211319,976,1060
211320,978,1062
211321,981,1064
211322,986,1061
211323,984,1060
211324,981,1055
211325,980,1059
211326,978,1060
211327,980,1062
211328,982,1060
211329,983,1057
211330,984,1055
211331,982,1054
211332,984,1058
211333,986,1060
211334,983,1057
211335,980,1053
211336,978,1052
211337,978,1053
211338,979,1054
211339,980,1057
211340,983,1054
211341,981,1050
211342,978,1051
211343,980,1051
211344,982,1051
211345,987,1052
211346,983,1050
211347,985,1047
211348,981,1047
211349,980,1047
211350,984,1051
211351,990,1052
211352,990,1051
211353,989,1048
211354,986,1047
211355,987,1046
211356,994,1046
211357,1000,1048
211358,1010,1043
211359,1019,1038
211360,1031,1035
211361,1055,1034
211362,1082,1036
211363,1122,1031
211364,1159,1021
211365,1194,1012
211366,1234,1003
211367,1275,1006
211368,1312,1019
211369,1336,1039
211370,1332,1050
211371,1299,1057
211372,1239,1061
211373,1177,1069
211374,1117,1076
211375,1058,1082
211376,1006,1079
211377,975,1073
211378,967,1068
211379,976,1063
211380,990,1055
211381,1000,1049
211382,999,1044
211383,992,1039
211384,984,1040
211385,980,1040
211386,980,1048
211387,981,1048
211388,980,1049
211389,974,1046
211390,969,1043
211391,969,1046
211392,969,1051
211393,969,1053
211394,972,1052
211395,969,1050
211396,966,1047
211397,965,1051
211398,966,1054
211399,968,1057
211400,969,1056
211401,969,1055
211402,966,1053
211403,965,1057
211404,966,1058
211405,967,1062
211406,965,1057
211407,964,1055
211408,961,1055
211409,961,1055
211410,962,1060
211411,967,1060
211412,964,1059
211413,961,1056
211414,961,1055
211415,961,1055
211416,963,1054
211417,964,1055
211418,964,1052
211419,963,1047
211420,962,1047
211421,963,1043
211422,965,1047
211423,966,1049
211424,970,1048
211425,971,1045
211426,970,1041
211427,971,1041
211428,973,1042
211429,978,1044
211430,977,1043
211431,976,1040
211432,974,1037
211433,977,1038
211434,980,1039
211435,984,1038
211436,985,1034
211437,984,1032
211438,985,1029
211439,987,1029
211440,991,1033
211441,992,1032
211442,989,1027
211443,988,1022
211444,988,1023
211445,989,1022
211446,992,1024
211447,997,1029
211448,999,1025
211449,1001,1020
211450,998,1019
211451,1000,1018
211452,1001,1022
211453,1004,1023
211454,1006,1018
211455,1005,1017
211456,1002,1019
211457,1002,1016
211458,1005,1021
211459,1008,1020
211460,1010,1019
211461,1011,1016
211462,1014,1014
211463,1012,1016
211464,1012,1017
211465,1013,1022
211466,1014,1019
211467,1012,1017
211468,1007,1016
211469,1008,1021
211470,1010,1020
211471,1015,1027
211472,1013,1029
211473,1010,1031
211474,1004,1029
211475,1002,1033
211476,1003,1033
211477,1004,1032
211478,1004,1032
211479,999,1030
211480,995,1030
211481,994,1033
211482,995,1036
211483,998,1039
211484,998,1038
211485,997,1035
211486,991,1032
211487,988,1037
211488,987,1043
211489,988,1047
211490,988,1047
211491,986,1045
211492,983,1046
211493,983,1048
211494,987,1050
211495,990,1051
211496,986,1051
211497,982,1049
211498,979,1050
211499,977,1050
211500,981,1054
211501,983,1056
211502,981,1056
211503,976,1056
211504,973,1053
211505,979,1054
211506,987,1059
211507,990,1062
211508,996,1060
211509,998,1056
211510,999,1057
211511,1003,1058
211512,1008,1065
211513,1011,1068
211514,1022,1066
211515,1028,1062
211516,1039,1056
211517,1052,1047
211518,1066,1036
211519,1081,1022
211520,1093,1006
211521,1104,992
211522,1118,979
211523,1135,963
211524,1150,952
211525,1170,937
211526,1188,914
211527,1203,889
211528,1216,870
211529,1230,854
211530,1244,842
211531,1260,835
211532,1266,825
211533,1262,822
211534,1256,819
211535,1250,819
211536,1248,822
211537,1245,829
211538,1236,827
211539,1216,826
211540,1191,827
211541,1162,838
211542,1143,849
211543,1122,860
211544,1096,866
211545,1074,876
211546,1055,889
211547,1042,906
211548,1037,920
211549,1035,938
211550,1032,947
211551,1026,956
211552,1024,968
211553,1030,982
211554,1044,997
211555,1064,1008
211556,1077,1004
211557,1075,1002
211558,1057,1007
211559,1030,1012
211560,998,1024
211561,968,1035
211562,949,1044
211563,933,1056
211564,922,1066
211565,920,1074
211566,920,1082
211567,920,1081
211568,913,1081
211569,910,1079
211570,903,1082
211571,901,1082
211572,897,1086
211573,900,1092
211574,899,1093
211575,893,1096
211576,887,1099
211577,883,1100
211578,887,1102
211579,888,1104
211580,889,1106
211581,884,1104
211582,881,1106
211583,883,1108
211584,882,1112
211585,884,1118
211586,883,1119
211587,880,1118
211588,879,1116
211589,880,1120
211590,879,1125
211591,880,1128
211592,881,1127
211593,879,1129
211594,876,1128
211595,873,1130
211596,874,1134
211597,879,1138
211598,876,1139
211599,873,1138
211600,868,1139
211601,871,1142
211602,874,1148
211603,876,1153
211604,875,1151
211605,871,1152
211606,871,1152
211607,871,1154
211608,873,1153
211609,876,1159
211610,877,1157
211611,878,1160
211612,876,1153
211613,880,1149
211614,882,1146
211615,888,1148
211616,890,1149
211617,890,1146
211618,889,1149
211619,890,1149
211620,897,1145
211621,904,1140
211622,907,1132
211623,906,1130
211624,909,1133
211625,915,1141
211626,923,1146
211627,927,1142
211628,930,1136
211629,931,1124
211630,934,1114
211631,942,1109
211632,945,1103
211633,950,1100
211634,953,1096
211635,954,1093
211636,956,1088
211637,956,1085
211638,960,1081
211639,965,1080
211640,966,1076
211641,965,1072
211642,966,1065
211643,968,1064
211644,970,1062
211645,975,1062
211646,973,1058
211647,970,1053
211648,967,1051
211649,969,1050
211650,970,1048
211651,975,1050
211652,975,1046
211653,973,1043
211654,969,1040
211655,971,1038
211656,973,1042
211657,973,1045
211658,973,1042
211659,968,1037
211660,964,1036
211661,965,1038
211662,969,1041
211663,973,1043
211664,975,1041
211665,976,1038
211666,975,1034
211667,970,1035
211668,974,1036
211669,977,1039
211670,978,1038
211671,977,1037
211672,973,1037
211673,974,1039
211674,975,1043
211675,979,1044
211676,978,1043
211677,977,1042
211678,976,1042
211679,978,1044
211680,983,1049
211681,988,1050
211682,988,1047
211683,987,1043
211684,985,1041
211685,982,1041
211686,985,1041
211687,982,1043
211688,983,1039
211689,982,1039
211690,983,1036
211691,986,1036
211692,986,1039
211693,987,1042
211694,987,1042
211695,982,1039
211696,981,1040
211697,979,1041
211698,984,1043
211699,984,1046
211700,982,1054
211701,981,1054
211702,979,1054
211703,978,1044
211704,983,1036
211705,985,1028
211706,988,1025
211707,986,1022
211708,984,1021
211709,979,1023
211710,983,1027
211711,985,1030
211712,984,1028
211713,981,1023
211714,979,1021
211715,978,1023
211716,979,1027
211717,985,1030
211718,983,1031
211719,984,1030
211720,984,1029
211721,981,1032
211722,984,1035
211723,984,1037
211724,983,1038
211725,983,1037
211726,979,1037
211727,978,1040
211728,980,1039
211729,983,1041
211730,984,1041
211731,984,1038
211732,981,1039
211733,981,1042
211734,983,1041
211735,986,1042
211736,986,1037
211737,984,1036
211738,981,1034
211739,977,1034
211740,979,1040
211741,982,1040
211742,983,1039
211743,981,1044
211744,978,1044
211745,978,1044
211746,982,1044
211747,984,1042
211748,982,1036
211749,980,1031
211750,975,1028
211751,977,1034
211752,981,1038
211753,984,1039
211754,985,1037
211755,983,1029
211756,977,1024
211757,979,1021
211758,982,1022
211759,980,1026
211760,982,1028
211761,984,1029
211762,983,1027
211763,981,1030
211764,984,1030
211765,983,1031
211766,983,1032
211767,979,1030
211768,977,1030
211769,979,1031
211770,980,1036
211771,982,1039
211772,982,1038
211773,981,1036
211774,978,1032
211775,981,1036
211776,985,1040
211777,986,1043
211778,985,1045
211779,985,1046
211780,984,1048
211781,982,1048
211782,988,1055
211783,995,1057
211784,995,1047
211785,991,1034
211786,987,1026
211787,984,1028
211788,986,1034
211789,988,1039
211790,993,1038
211791,992,1037
211792,989,1036
211793,986,1037
211794,989,1035
211795,991,1034
211796,991,1032
211797,991,1029
211798,986,1029
211799,987,1028
211800,990,1033
211801,994,1033
211802,991,1034
211803,992,1030
211804,987,1027
211805,987,1028
211806,988,1033
211807,991,1035
211808,991,1035
211809,986,1031
211810,982,1029
211811,982,1030
211812,985,1034
211813,989,1032
211814,989,1030
211815,989,1032
211816,985,1030
211817,984,1034
211818,988,1038
211819,988,1042
211820,993,1043
211821,989,1043
211822,984,1045
211823,983,1047
211824,984,1047
211825,993,1043
211826,994,1038
211827,995,1037
211828,992,1036
211829,994,1041
211830,995,1040
211831,1000,1030
211832,1001,1020
211833,1000,1017
211834,998,1019
211835,1000,1023
211836,1004,1025
211837,1006,1028
211838,1006,1022
211839,1005,1015
211840,1004,1013
211841,1013,1012
211842,1024,1011
211843,1043,1011
211844,1062,1006
211845,1085,1001
211846,1118,994
211847,1164,986
211848,1209,984
211849,1252,985
211850,1290,996
211851,1314,1012
211852,1313,1029
211853,1284,1041
211854,1226,1045
211855,1160,1054
211856,1090,1063
211857,1023,1073
211858,975,1078
211859,957,1079
211860,966,1072
211861,985,1061
211862,996,1049
211863,998,1041
211864,989,1038
211865,984,1042
211866,987,1047
211867,989,1044
211868,988,1038
211869,983,1039
211870,980,1040
211871,979,1046
211872,985,1046
211873,985,1043
211874,985,1039
211875,984,1036
211876,981,1034
211877,979,1033
211878,982,1032
211879,983,1036
211880,982,1038
211881,981,1036
211882,977,1031
211883,980,1033
211884,984,1034
211885,986,1037
211886,981,1036
211887,982,1035
211888,979,1033
211889,975,1034
211890,976,1034
211891,980,1038
211892,975,1035
211893,975,1034
211894,971,1033
211895,969,1031
211896,971,1033
211897,974,1030
211898,976,1030
211899,974,1028
211900,973,1025
211901,972,1025
211902,973,1028
211903,976,1029
211904,977,1024
211905,975,1019
211906,972,1020
211907,974,1024
211908,982,1027
211909,986,1028
211910,984,1027
211911,981,1027
211912,979,1025
211913,980,1025
211914,985,1024
211915,989,1021
211916,984,1022
211917,987,1018
211918,988,1018
211919,991,1015
211920,998,1012
211921,1001,1012
211922,1002,1009
211923,1002,1007
211924,1002,1006
211925,1002,1013
211926,1003,1013
211927,1008,1012
211928,1008,1005
211929,1006,998
211930,1005,991
211931,1008,992
211932,1006,995
211933,1005,1001
211934,1007,1000
211935,1008,997
211936,1009,1001
211937,1011,1005
211938,1016,1010
211939,1022,1015
211940,1024,1009
211941,1022,998
211942,1020,996
211943,1019,998
211944,1023,1007
211945,1027,1012
211946,1026,1013
211947,1023,1007
211948,1021,1003
211949,1020,1003
211950,1023,1009
211951,1025,1012
211952,1021,1013
211953,1021,1015
211954,1017,1019
211955,1014,1024
211956,1015,1028
211957,1015,1032
211958,1016,1029
211959,1014,1028
211960,1009,1030
211961,1005,1031
211962,1005,1039
211963,1006,1045
211964,1007,1040
211965,1002,1028
211966,1000,1024
211967,995,1028
211968,998,1032
211969,999,1034
211970,996,1037
211971,993,1034
211972,990,1031
211973,991,1031
211974,992,1032
211975,991,1039
211976,992,1036
211977,990,1038
211978,989,1040
211979,989,1043
211980,991,1044
211981,993,1046
211982,993,1045
211983,988,1039
211984,990,1042
211985,992,1045
211986,995,1044
211987,996,1046
211988,995,1045
211989,994,1041
211990,991,1040
211991,986,1048
211992,992,1057
211993,997,1062
211994,998,1054
211995,996,1041
211996,996,1031
211997,995,1026
211998,999,1026
211999,1003,1028
212000,1003,1032
212001,999,1031
212002,997,1033
212003,999,1034
212004,999,1037
212005,1005,1035
212006,998,1027
212007,998,1021
212008,992,1021
212009,997,1025
212010,997,1030
212011,997,1031
212012,991,1024
212013,989,1025
212014,988,1026
212015,992,1030
212016,992,1037
212017,993,1040
212018,995,1038
212019,995,1031
212020,994,1028
212021,994,1035
212022,994,1037
212023,995,1037
212024,995,1037
212025,996,1036
212026,992,1037
212027,992,1045
212028,997,1049
212029,1002,1046
212030,1003,1040
212031,996,1034
212032,992,1037
212033,991,1048
212034,993,1053
212035,996,1057
212036,998,1049
212037,996,1038
212038,993,1034
212039,990,1031
212040,991,1032
212041,997,1038
212042,995,1039
212043,991,1034
212044,990,1035
212045,988,1039
212046,991,1039
212047,990,1039
212048,989,1037
212049,987,1034
212050,983,1034
212051,984,1035
212052,984,1037
212053,988,1038
212054,986,1035
212055,984,1036
212056,979,1036
212057,978,1037
212058,982,1041
212059,986,1043
212060,984,1044
212061,980,1043
212062,978,1044
212063,973,1049
212064,973,1055
212065,979,1052
212066,981,1046
212067,983,1037
212068,981,1033
212069,984,1037
212070,984,1040
212071,987,1045
212072,987,1045
212073,985,1041
212074,981,1039
212075,983,1043
212076,987,1047
212077,991,1047
212078,990,1045
212079,984,1041
212080,981,1035
212081,984,1033
212082,989,1034
212083,993,1036
212084,1000,1033
212085,1009,1026
212086,1022,1025
212087,1038,1026
212088,1059,1027
212089,1086,1023
212090,1125,1014
212091,1167,1000
212092,1211,992
212093,1252,997
212094,1285,1014
212095,1302,1041
212096,1282,1053
212097,1229,1054
212098,1156,1055
212099,1087,1062
212100,1021,1079
212101,969,1095
212102,942,1101
212103,944,1094
212104,959,1076
212105,973,1059
212106,980,1054
212107,984,1053
212108,984,1050
212109,983,1050
212110,978,1047
212111,974,1048
212112,974,1044
212113,971,1042
212114,968,1041
212115,967,1043
212116,966,1041
212117,966,1040
212118,970,1042
212119,969,1044
212120,969,1045
212121,962,1047
212122,958,1047
212123,960,1045
212124,966,1042
212125,967,1040
212126,966,1043
212127,962,1041
212128,958,1042
212129,955,1041
212130,960,1043
212131,962,1041
212132,963,1037
212133,959,1032
212134,959,1031
212135,958,1038
212136,962,1044
212137,966,1048
212138,966,1043
212139,967,1037
212140,960,1034
212141,959,1038
212142,963,1037
212143,965,1032
212144,963,1026
212145,959,1025
212146,959,1031
212147,960,1034
212148,968,1036
212149,970,1035
212150,968,1033
212151,968,1027
212152,967,1024
212153,968,1024
212154,971,1026
212155,977,1026
212156,979,1023
212157,979,1020
212158,976,1018
212159,977,1018
212160,978,1021
212161,978,1029
212162,978,1024
212163,976,1017
212164,974,1010
212165,974,1005
212166,976,1002
212167,984,1003
212168,986,1002
212169,987,1000
212170,987,999
212171,986,1000
212172,988,1000
212173,989,1006
212174,992,1007
212175,991,1006
212176,988,1007
212177,993,1009
212178,999,1008
212179,1001,998
212180,1000,988
212181,999,985
212182,993,989
212183,995,994
212184,999,999
212185,1005,1001
212186,1005,1005
212187,1002,1006
212188,995,1002
212189,994,1006
212190,996,1012
212191,999,1015
212192,994,1014
212193,991,1016
212194,987,1019
212195,991,1024
212196,992,1026
212197,991,1029
212198,986,1029
212199,981,1033
212200,978,1036
212201,978,1040
212202,983,1048
212203,984,1052
212204,979,1044
212205,973,1036
212206,971,1034
212207,971,1038
212208,979,1041
212209,980,1044
212210,973,1043
212211,972,1040
212212,969,1040
212213,970,1042
212214,972,1043
212215,974,1049
212216,974,1052
212217,970,1051
212218,969,1044
212219,966,1042
212220,969,1043
212221,974,1047
212222,974,1046
212223,970,1046
212224,971,1045
212225,973,1050
212226,977,1051
212227,981,1049
212228,979,1046
212229,971,1045
212230,970,1047
212231,973,1050
212232,976,1051
212233,979,1051
212234,977,1052
212235,974,1047
212236,970,1048
212237,973,1048
212238,980,1049
212239,985,1048
212240,986,1044
212241,983,1040
212242,975,1042
212243,976,1047
212244,979,1052
212245,982,1053
212246,978,1052
212247,975,1049
212248,973,1043
212249,974,1043
212250,977,1044
212251,977,1047
212252,977,1046
212253,974,1042
212254,970,1042
212255,973,1043
212256,975,1047
212257,976,1046
212258,974,1045
212259,971,1043
212260,969,1040
212261,970,1040
212262,975,1045
212263,979,1046
212264,980,1044
212265,977,1042
212266,973,1041
212267,972,1044
212268,975,1046
212269,978,1046
212270,976,1047
212271,973,1047
212272,970,1046
212273,971,1042
212274,977,1039
212275,982,1041
212276,980,1040
212277,979,1040
212278,976,1042
212279,977,1046
212280,979,1049
212281,979,1047
212282,977,1045
212283,975,1045
212284,975,1043
212285,977,1048
212286,977,1051
212287,978,1054
212288,973,1051
212289,973,1051
212290,972,1050
212291,975,1049
212292,978,1048
212293,983,1044
212294,982,1041
212295,975,1044
212296,972,1045
212297,969,1048
212298,971,1050
212299,974,1052
212300,975,1050
212301,972,1049
212302,969,1051
212303,973,1053
212304,976,1048
212305,978,1047
212306,978,1044
212307,973,1042
212308,971,1041
212309,971,1045
212310,971,1049
212311,978,1052
212312,980,1051
212313,978,1053
212314,974,1052
212315,974,1053
212316,976,1055
212317,981,1048
212318,978,1043
212319,978,1041
212320,977,1042
212321,972,1046
212322,977,1048
212323,980,1051
212324,979,1053
212325,978,1046
212326,981,1041
212327,984,1038
212328,997,1037
212329,1008,1037
212330,1023,1035
212331,1037,1030
212332,1060,1029
212333,1088,1027
212334,1127,1019
212335,1170,1011
212336,1208,1004
212337,1246,1006
212338,1275,1024
212339,1291,1051
212340,1291,1074
212341,1258,1075
212342,1206,1069
212343,1140,1069
212344,1076,1078
212345,1012,1097
212346,961,1107
212347,939,1112
212348,940,1107
212349,954,1095
212350,966,1081
212351,972,1073
212352,979,1066
212353,984,1060
212354,982,1053
212355,977,1045
212356,972,1047
212357,973,1049
212358,975,1051
212359,976,1050
212360,972,1041
212361,968,1035
212362,964,1035
212363,966,1039
212364,966,1042
212365,969,1041
212366,966,1037
212367,963,1038
212368,955,1040
212369,954,1046
212370,957,1052
212371,962,1054
212372,961,1048
212373,962,1044
212374,960,1045
212375,960,1044
212376,963,1048
212377,963,1050
212378,963,1049
212379,964,1045
212380,959,1043
212381,959,1045
212382,961,1048
212383,963,1047
212384,966,1044
212385,964,1041
212386,960,1041
212387,960,1048
212388,960,1049
212389,966,1050
212390,969,1047
212391,967,1044
212392,966,1043
212393,963,1045
212394,967,1044
212395,972,1043
212396,974,1040
212397,970,1037
212398,969,1036
212399,967,1038
212400,969,1037
212401,972,1038
212402,973,1035
212403,971,1030
212404,968,1029
212405,972,1028
212406,978,1031
212407,981,1028
212408,982,1027
212409,980,1027
212410,977,1029
212411,977,1029
212412,982,1021
212413,984,1010
212414,987,1003
212415,986,1002
212416,989,1006
212417,988,1006
212418,994,1008
212419,994,1006
212420,997,1009
212421,995,1003
212422,999,999
212423,998,998
212424,1001,1000
212425,1006,1002
212426,1005,1003
212427,1001,1000
212428,997,1001
212429,998,1007
212430,1001,1012
212431,1007,1010
212432,1007,1007
212433,1003,1003
212434,1000,1001
212435,999,1005
212436,1003,1007
212437,1007,1009
212438,1010,1009
212439,1007,1009
212440,1002,1010
212441,1002,1010
212442,1004,1017
212443,1001,1023
212444,1000,1028
212445,999,1025
212446,999,1021
212447,998,1022
212448,998,1028
212449,995,1030
212450,990,1034
212451,982,1032
212452,979,1031
212453,978,1034
212454,983,1037
212455,986,1042
212456,984,1040
212457,979,1041
212458,974,1043
212459,975,1046
212460,977,1051
212461,981,1051
212462,981,1050
212463,978,1046
212464,976,1044
212465,976,1047
212466,982,1053
212467,987,1053
212468,985,1049
212469,985,1046
212470,981,1046
212471,980,1053
212472,983,1059
212473,985,1058
212474,985,1056
212475,981,1054
212476,981,1051
212477,981,1054
212478,984,1057
212479,991,1052
212480,989,1048
212481,985,1046
212482,983,1049
212483,982,1051
212484,984,1056
212485,989,1052
212486,989,1051
212487,988,1048
212488,989,1043
212489,988,1048
212490,991,1050
212491,995,1048
212492,995,1043
212493,994,1040
212494,995,1038
212495,1001,1043
212496,1011,1043
212497,1016,1041
212498,1019,1039
212499,1017,1039
212500,1018,1044
212501,1022,1048
212502,1031,1050
212503,1046,1043
212504,1059,1026
212505,1073,1012
212506,1085,996
212507,1098,989
212508,1110,979
212509,1124,967
212510,1139,952
212511,1157,935
212512,1173,913
212513,1191,890
212514,1206,872
212515,1221,862
212516,1229,856
212517,1237,845
212518,1245,839
212519,1246,840
212520,1244,844
212521,1243,843
212522,1240,833
212523,1230,826
212524,1217,831
212525,1208,840
212526,1195,850
212527,1183,861
212528,1165,868
212529,1144,876
212530,1117,884
212531,1099,893
212532,1087,908
212533,1083,921
212534,1070,932
212535,1062,942
212536,1052,957
212537,1047,975
212538,1047,987
212539,1056,993
212540,1068,994
212541,1080,995
212542,1093,993
212543,1107,995
212544,1107,1002
212545,1080,1009
212546,1033,1019
212547,981,1028
212548,952,1043
212549,939,1062
212550,936,1082
212551,937,1092
212552,935,1087
212553,926,1076
212554,920,1075
212555,918,1078
212556,918,1085
212557,921,1095
212558,917,1094
212559,915,1092
212560,911,1095
212561,911,1102
212562,913,1112
212563,911,1114
212564,906,1117
212565,902,1118
212566,899,1117
212567,897,1114
212568,900,1116
212569,896,1117
212570,897,1119
212571,894,1119
212572,887,1121
212573,884,1125
212574,884,1131
212575,887,1137
212576,886,1136
212577,882,1138
212578,880,1140
212579,878,1138
212580,880,1139
212581,881,1141
212582,880,1145
212583,875,1148
212584,873,1150
212585,874,1153
212586,876,1156
212587,873,1158
212588,869,1159
212589,866,1161
212590,865,1165
212591,867,1173
212592,868,1176
212593,867,1171
212594,870,1162
212595,869,1159
212596,865,1159
212597,867,1166
212598,872,1169
212599,877,1173
212600,878,1175
212601,879,1173
212602,882,1169
212603,885,1163
212604,892,1165
212605,897,1168
212606,898,1164
212607,900,1157
212608,898,1153
212609,907,1152
212610,912,1148
212611,918,1146
212612,924,1140
212613,927,1134
212614,931,1133
212615,937,1131
212616,941,1127
212617,944,1119
212618,947,1110
212619,945,1103
212620,952,1099
212621,954,1094
212622,961,1097
212623,964,1092
212624,963,1089
212625,962,1079
212626,967,1075
212627,968,1074
212628,971,1076
212629,975,1074
212630,973,1070
212631,972,1065
212632,971,1064
212633,970,1064
212634,977,1066
212635,979,1063
212636,978,1058
212637,973,1054
212638,970,1054
212639,972,1056
212640,971,1056
212641,971,1057
212642,970,1056
212643,966,1051
212644,963,1048
212645,966,1047
212646,966,1052
212647,969,1049
212648,971,1048
212649,969,1046
212650,967,1047
212651,967,1051
212652,968,1056
212653,972,1056
212654,972,1051
212655,969,1048
212656,968,1049
212657,968,1055
212658,973,1059
212659,979,1058
212660,976,1052
212661,970,1048
212662,967,1048
212663,970,1046
212664,976,1051
212665,980,1048
212666,980,1047
212667,973,1044
212668,969,1045
212669,969,1049
212670,971,1049
212671,976,1049
212672,974,1048
212673,973,1046
212674,972,1047
212675,972,1051
212676,973,1048
212677,978,1048
212678,977,1043
212679,977,1041
212680,975,1040
212681,975,1045
212682,978,1046
212683,977,1046
212684,974,1045
212685,974,1045
212686,975,1042
212687,977,1044
212688,977,1047
212689,981,1046
212690,977,1047
212691,975,1046
212692,974,1047
212693,975,1048
212694,977,1049
212695,979,1049
212696,983,1047
212697,979,1044
212698,977,1046
212699,975,1046
212700,979,1047
212701,982,1047
212702,982,1044
212703,980,1040
212704,979,1042
212705,979,1043
212706,980,1045
212707,983,1044
212708,983,1042
212709,978,1042
212710,977,1039
212711,977,1042
212712,980,1043
212713,982,1044
212714,982,1042
212715,981,1039
212716,978,1038
212717,977,1043
212718,980,1040
212719,987,1037
212720,985,1035
212721,983,1033
212722,982,1033
212723,980,1035
212724,980,1034
212725,979,1033
212726,980,1032
212727,979,1030
212728,981,1030
212729,981,1033
212730,985,1034
212731,986,1035
212732,986,1032
212733,983,1031
212734,978,1032
212735,979,1034
212736,982,1040
212737,986,1039
212738,984,1038
212739,983,1034
212740,980,1038
212741,980,1039
212742,979,1043
212743,979,1043
212744,979,1042
212745,979,1040
212746,978,1038
212747,982,1039
212748,982,1043
212749,980,1040
212750,981,1040
212751,981,1039
212752,979,1043
212753,978,1039
212754,981,1039
212755,987,1035
212756,993,1036
212757,1000,1031
212758,1006,1028
212759,1022,1029
212760,1043,1033
212761,1067,1026
212762,1094,1015
212763,1126,1003
212764,1166,996
212765,1207,996
212766,1245,1001
212767,1275,1010
212768,1297,1028
212769,1305,1046
212770,1288,1057
212771,1254,1060
212772,1212,1063
212773,1163,1067
212774,1107,1073
212775,1048,1077
212776,996,1086
212777,958,1092
212778,941,1098
212779,947,1098
212780,956,1087
212781,963,1073
212782,968,1061
212783,979,1055
212784,984,1050
212785,985,1047
212786,983,1042
212787,976,1038
212788,971,1037
212789,971,1036
212790,972,1041
212791,970,1039
212792,967,1035
212793,964,1035
212794,962,1033
212795,961,1035
212796,964,1036
212797,967,1037
212798,968,1037
212799,964,1034
212800,958,1034
212801,959,1037
212802,961,1035
212803,964,1039
212804,962,1034
212805,956,1029
212806,956,1030
212807,960,1032
212808,963,1036
212809,966,1036
212810,963,1033
212811,959,1027
212812,958,1027
212813,959,1027
212814,963,1032
212815,965,1033
212816,961,1032
212817,961,1027
212818,961,1024
212819,965,1023
212820,970,1024
212821,973,1022
212822,973,1018
212823,968,1020
212824,962,1018
212825,964,1023
212826,968,1025
212827,969,1027
212828,967,1024
212829,963,1017
212830,963,1018
212831,969,1019
212832,973,1021
212833,977,1019
212834,975,1016
212835,972,1013
212836,971,1011
212837,974,1013
212838,978,1013
212839,979,1011
212840,979,1008
212841,980,1003
212842,979,1003
212843,981,1003
212844,985,1005
212845,989,1002
212846,989,999
212847,989,997
212848,990,995
212849,994,993
212850,997,995
212851,999,989
212852,999,984
212853,998,983
212854,995,980
212855,994,981
212856,997,984
212857,1001,985
212858,1000,983
212859,1000,979
212860,999,979
212861,1002,978
212862,1006,982
212863,1012,982
212864,1010,983
212865,1006,980
212866,1006,980
212867,1009,987
212868,1010,992
212869,1014,994
212870,1011,997
212871,1011,997
212872,1008,998
212873,1007,1003
212874,1011,1009
212875,1016,1009
212876,1013,1006
212877,1008,1007
212878,1000,1008
212879,999,1013
212880,1003,1022
212881,1005,1021
212882,1003,1024
212883,998,1025
212884,993,1027
212885,993,1031
212886,993,1035
212887,993,1036
212888,991,1038
212889,985,1036
212890,982,1036
212891,984,1039
212892,987,1042
212893,985,1041
212894,983,1040
212895,980,1039
212896,977,1038
212897,980,1039
212898,983,1041
212899,985,1042
212900,981,1040
212901,980,1037
212902,979,1037
212903,980,1038
212904,986,1041
212905,986,1042
212906,988,1042
212907,983,1039
212908,983,1039
212909,985,1042
212910,987,1041
212911,991,1041
212912,986,1036
212913,986,1035
212914,983,1034
212915,985,1037
212916,992,1039
212917,991,1038
212918,993,1037
212919,988,1035
212920,985,1035
212921,987,1036
212922,989,1038
212923,994,1037
212924,995,1036
212925,993,1032
212926,989,1035
212927,990,1038
212928,993,1039
212929,997,1038
212930,996,1036
212931,993,1033
212932,988,1034
212933,987,1036
212934,990,1037
212935,992,1039
212936,992,1036
212937,988,1035
212938,986,1037
212939,991,1036
212940,991,1039
212941,994,1038
212942,992,1034
212943,989,1033
212944,988,1034
212945,988,1038
212946,991,1039
212947,993,1040
212948,990,1038
212949,989,1034
212950,986,1036
212951,985,1036
212952,984,1040
212953,987,1041
212954,987,1041
212955,982,1036
212956,982,1034
212957,983,1038
212958,984,1042
212959,985,1040
212960,983,1039
212961,985,1037
212962,979,1037
212963,980,1039
212964,989,1041
212965,990,1042
212966,988,1040
212967,987,1037
212968,988,1038
212969,990,1039
212970,993,1042
212971,993,1042
212972,993,1039
212973,989,1034
212974,986,1033
212975,984,1036
212976,987,1038
212977,991,1038
212978,986,1036
212979,985,1032
212980,984,1036
212981,984,1039
212982,988,1042
212983,992,1037
212984,993,1035
212985,993,1029
212986,994,1027
212987,1003,1027
212988,1019,1030
212989,1034,1030
212990,1053,1026
212991,1072,1021
212992,1101,1016
212993,1136,1014
212994,1173,1011
212995,1218,1011
212996,1257,1015
212997,1286,1023
212998,1305,1039
212999,1305,1057
213000,1276,1063
213001,1229,1063
213002,1166,1064
213003,1102,1070
213004,1037,1081
213005,984,1088
213006,954,1094
213007,950,1093
213008,959,1081
213009,967,1067
213010,971,1057
213011,976,1053
213012,980,1052
213013,981,1049
213014,977,1046
213015,971,1042
213016,969,1039
213017,968,1041
213018,975,1045
213019,974,1043
213020,974,1042
213021,972,1036
213022,968,1038
213023,965,1041
213024,966,1043
213025,967,1043
213026,967,1043
213027,966,1041
213028,965,1042
213029,967,1043
213030,966,1047
213031,968,1047
213032,967,1043
213033,963,1038
213034,958,1038
213035,958,1040
213036,959,1041
213037,960,1044
213038,962,1042
213039,960,1038
213040,956,1040
213041,958,1043
213042,959,1043
213043,961,1044
213044,962,1042
213045,958,1038
213046,957,1041
213047,956,1043
213048,959,1045
213049,962,1044
213050,963,1042
213051,961,1041
213052,957,1039
213053,960,1038
213054,960,1039
213055,963,1038
213056,959,1035
213057,957,1033
213058,952,1033
213059,955,1033
213060,957,1035
213061,960,1034
213062,958,1030
213063,960,1025
213064,961,1024
213065,964,1025
213066,967,1024
213067,970,1025
213068,970,1022
213069,970,1019
213070,969,1015
213071,970,1016
213072,974,1017
213073,975,1016
213074,975,1015
213075,973,1009
213076,976,1008
213077,980,1009
213078,981,1008
213079,983,1008
213080,987,1002
213081,983,1002
213082,982,1001
213083,985,1004
213084,987,1006
213085,991,1000
213086,992,998
213087,989,997
213088,982,997
213089,984,1001
213090,989,1004
213091,995,1005
213092,995,1000
213093,993,1001
213094,989,1001
213095,988,1003
213096,993,1005
213097,993,1005
213098,992,1006
213099,989,1004
213100,987,1008
213101,990,1011
213102,991,1015
213103,991,1016
213104,988,1015
213105,985,1013
213106,984,1016
213107,984,1021
213108,983,1026
213109,986,1026
213110,982,1027
213111,978,1024
213112,974,1027
213113,974,1030
213114,977,1035
213115,980,1037
213116,977,1036
213117,975,1034
213118,971,1036
213119,969,1039
213120,972,1041
213121,972,1045
213122,973,1042
213123,971,1041
213124,970,1039
213125,974,1043
213126,976,1045
213127,977,1047
213128,977,1045
213129,974,1040
213130,968,1043
213131,969,1043
213132,974,1050
213133,977,1049
213134,977,1045
213135,975,1045
213136,972,1045
213137,972,1049
213138,973,1052
213139,974,1052
213140,970,1049
213141,969,1047
213142,970,1047
213143,974,1050
213144,979,1052
213145,980,1051
213146,977,1049
213147,973,1045
213148,974,1046
213149,976,1049
213150,978,1052
213151,984,1048
213152,986,1046
213153,984,1044
213154,982,1045
213155,982,1048
213156,983,1051
213157,988,1047
213158,985,1046
213159,983,1043
213160,981,1043
213161,981,1044
213162,984,1046
213163,984,1046
213164,984,1045
213165,981,1041
213166,981,1041
213167,978,1042
213168,978,1044
213169,981,1044
213170,979,1044
213171,976,1041
213172,977,1042
213173,977,1044
213174,979,1047
213175,981,1047
213176,981,1042
213177,979,1042
213178,977,1044
213179,978,1046
213180,981,1046
213181,982,1046
213182,982,1045
213183,979,1044
213184,978,1044
213185,979,1045
213186,982,1047
213187,984,1046
213188,981,1045
213189,982,1044
213190,981,1042
213191,981,1045
213192,980,1047
213193,981,1047
213194,981,1044
213195,978,1042
213196,979,1043
213197,980,1041
213198,981,1045
213199,982,1044
213200,980,1043
213201,977,1040
213202,980,1041
213203,980,1042
213204,982,1046
213205,983,1044
213206,983,1043
213207,979,1041
213208,977,1041
213209,981,1043
213210,983,1045
213211,987,1045
213212,985,1042
213213,983,1039
213214,981,1042
213215,979,1045
213216,985,1049
213217,986,1047
213218,984,1045
213219,982,1042
213220,979,1044
213221,981,1044
213222,986,1046
213223,987,1047
213224,985,1044
213225,980,1042
213226,979,1043
213227,983,1045
213228,985,1047
213229,987,1047
213230,987,1045
213231,985,1045
213232,984,1044
213233,984,1049
213234,987,1050
213235,990,1051
213236,988,1047
213237,987,1044
213238,987,1045
213239,990,1045
213240,993,1042
213241,1003,1039
213242,1007,1038
213243,1019,1035
213244,1030,1034
213245,1052,1035
213246,1079,1034
213247,1112,1027
213248,1146,1016
213249,1181,1008
213250,1219,1004
213251,1259,1011
213252,1297,1023
213253,1317,1041
213254,1314,1050
213255,1281,1048
213256,1230,1053
213257,1173,1059
213258,1121,1071
213259,1068,1080
213260,1016,1077
213261,975,1076
213262,963,1072
213263,965,1067
213264,978,1061
213265,989,1053
213266,991,1045
213267,985,1044
213268,979,1042
213269,978,1043
213270,976,1044
213271,977,1044
213272,975,1042
213273,967,1041
213274,965,1041
213275,964,1044
213276,964,1047
213277,966,1049
213278,964,1046
213279,962,1043
213280,962,1046
213281,963,1046
213282,967,1049
213283,970,1050
213284,971,1047
213285,965,1046
213286,963,1045
213287,962,1049
213288,967,1050
213289,970,1051
213290,968,1050
213291,965,1050
213292,966,1050
213293,968,1054
213294,970,1054
213295,972,1052
213296,973,1050
213297,970,1046
213298,969,1044
213299,970,1050
213300,970,1053
213301,972,1052
213302,972,1047
213303,968,1043
213304,969,1043
213305,969,1045
213306,973,1046
213307,971,1045
213308,970,1045
213309,966,1041
213310,964,1042
213311,966,1044
213312,969,1047
213313,971,1042
213314,973,1041
213315,970,1038
213316,970,1036
213317,969,1038
213318,973,1040
213319,975,1037
213320,974,1035
213321,969,1030
213322,972,1030
213323,975,1032
213324,976,1031
213325,980,1028
213326,980,1028
213327,978,1022
213328,980,1019
213329,982,1020
213330,986,1022
213331,989,1019
213332,990,1019
213333,990,1012
213334,989,1013
213335,994,1016
213336,996,1017
213337,1000,1013
213338,1003,1007
213339,1002,1006
213340,1000,1007
213341,1003,1009
213342,1008,1011
213343,1012,1009
213344,1014,1006
213345,1014,1002
213346,1013,1004
213347,1015,1009
213348,1018,1013
213349,1019,1012
213350,1017,1009
213351,1013,1010
213352,1009,1012
213353,1009,1016
213354,1013,1024
213355,1015,1023
213356,1014,1024
213357,1010,1023
213358,1008,1024
213359,1004,1029
213360,1005,1034
213361,1006,1036
213362,1005,1034
213363,998,1033
213364,996,1037
213365,993,1040
213366,996,1044
213367,997,1044
213368,994,1046
213369,989,1045
213370,986,1047
213371,984,1051
213372,984,1053
213373,983,1054
213374,983,1053
213375,980,1051
213376,979,1052
213377,982,1055
213378,983,1056
213379,983,1055
213380,983,1052
213381,981,1049
213382,977,1048
213383,980,1052
213384,983,1053
213385,984,1051
213386,985,1048
213387,981,1047
213388,981,1046
213389,987,1050
213390,989,1054
213391,994,1053
213392,993,1051
213393,991,1048
213394,986,1048
213395,992,1049
213396,997,1051
213397,1000,1048
213398,1000,1047
213399,997,1043
213400,996,1044
213401,1000,1050
213402,1007,1052
213403,1013,1051
213404,1018,1050
213405,1020,1051
213406,1015,1053
213407,1018,1056
213408,1025,1061
213409,1031,1063
213410,1037,1060
213411,1047,1053
213412,1056,1047
213413,1070,1034
213414,1083,1020
213415,1096,1006
213416,1108,991
213417,1122,978
213418,1137,964
213419,1152,950
213420,1172,936
213421,1194,912
213422,1211,888
213423,1225,868
213424,1238,856
213425,1254,844
213426,1265,836
213427,1270,829
213428,1264,825
213429,1256,822
213430,1253,822
213431,1250,822
213432,1246,822
213433,1237,820
213434,1223,819
213435,1202,820
213436,1185,826
213437,1168,838
213438,1152,849
213439,1131,862
213440,1108,869
213441,1091,880
213442,1080,897
213443,1074,911
213444,1074,925
213445,1073,936
213446,1068,947
213447,1061,953
213448,1062,962
213449,1070,975
213450,1082,987
213451,1098,992
213452,1113,995
213453,1123,997
213454,1118,1005
213455,1094,1014
213456,1061,1027
213457,1022,1034
213458,981,1044
213459,955,1055
213460,937,1066
213461,931,1079
213462,935,1086
213463,931,1092
213464,920,1089
213465,911,1088
213466,907,1089
213467,904,1092
213468,903,1096
213469,896,1098
213470,892,1096
213471,889,1099
213472,887,1103
213473,885,1109
213474,887,1114
213475,886,1115
213476,889,1112
213477,884,1112
213478,880,1113
213479,875,1117
213480,878,1121
213481,881,1119
213482,878,1122
213483,876,1122
213484,873,1123
213485,874,1130
213486,875,1133
213487,874,1135
213488,873,1133
213489,872,1133
213490,869,1137
213491,870,1141
213492,870,1147
213493,872,1153
213494,869,1152
213495,867,1152
213496,865,1153
213497,866,1159
213498,869,1165
213499,870,1166
213500,866,1164
213501,860,1165
213502,859,1170
213503,861,1175
213504,864,1181
213505,867,1181
213506,868,1180
213507,867,1177
213508,867,1180
213509,868,1183
213510,872,1187
213511,876,1186
213512,875,1182
213513,873,1181
213514,876,1183
213515,878,1184
213516,883,1185
213517,887,1182
213518,888,1180
213519,885,1175
213520,888,1171
213521,892,1171
213522,898,1170
213523,903,1165
213524,909,1157
213525,908,1148
213526,907,1144
213527,911,1145
213528,920,1142
213529,930,1137
213530,933,1130
213531,936,1124
213532,935,1120
213533,940,1117
213534,947,1114
213535,952,1109
213536,951,1107
213537,947,1097
213538,950,1093
213539,954,1093
213540,956,1094
213541,956,1087
213542,958,1083
213543,956,1079
213544,956,1076
213545,958,1077
213546,961,1076
213547,963,1071
213548,959,1069
213549,953,1065
213550,954,1063
213551,957,1063
213552,955,1063
213553,959,1061
213554,960,1059
213555,959,1053
213556,953,1050
213557,949,1051
213558,952,1051
213559,954,1049
213560,957,1047
213561,953,1043
213562,953,1043
213563,955,1045
213564,958,1047
213565,957,1047
213566,954,1043
213567,950,1041
213568,948,1042
213569,952,1044
213570,954,1048
213571,956,1046
213572,956,1045
213573,953,1041
213574,950,1042
213575,952,1042
213576,957,1046
213577,958,1044
213578,958,1042
213579,956,1039
213580,953,1041
213581,955,1044
213582,961,1045
213583,967,1044
213584,965,1043
213585,959,1040
213586,957,1042
213587,960,1044
213588,964,1050
213589,970,1048
213590,969,1044
213591,962,1042
213592,959,1042
213593,961,1047
213594,962,1048
213595,962,1050
213596,964,1049
213597,964,1045
213598,965,1045
213599,970,1047
213600,972,1047
213601,972,1045
213602,968,1044
213603,963,1041
213604,963,1041
213605,966,1041
213606,969,1048
213607,970,1045
213608,967,1040
213609,964,1036
213610,962,1036
213611,962,1040
213612,965,1043
213613,968,1041
213614,965,1038
213615,963,1037
213616,960,1037
213617,961,1041
213618,965,1043
213619,968,1041
213620,966,1039
213621,966,1036
213622,961,1035
213623,963,1039
213624,968,1042
213625,967,1042
213626,964,1040
213627,958,1040
213628,952,1041
213629,955,1043
213630,960,1044
213631,963,1042
213632,964,1041
213633,961,1038
213634,959,1040
213635,958,1043
213636,962,1048
213637,963,1046
213638,964,1045
213639,965,1042
213640,965,1042
213641,964,1047
213642,969,1046
213643,969,1045
213644,964,1043
213645,965,1043
213646,963,1042
213647,967,1043
213648,966,1045
213649,965,1042
213650,959,1043
213651,956,1041
213652,954,1043
213653,956,1049
213654,957,1048
213655,959,1043
213656,959,1039
213657,957,1036
213658,957,1039
213659,960,1043
213660,962,1050
213661,964,1048
213662,964,1042
213663,962,1038
213664,963,1037
213665,963,1040
213666,964,1040
213667,964,1037
213668,959,1032
213669,957,1030
213670,961,1029
213671,964,1030
213672,962,1030
213673,963,1030
213674,960,1025
213675,957,1024
213676,958,1026
213677,958,1031
213678,961,1035
213679,965,1033
213680,963,1030
213681,963,1029
213682,958,1034
213683,963,1039
213684,966,1039
213685,965,1038
213686,961,1035
213687,962,1037
213688,965,1039
213689,967,1044
213690,968,1045
213691,968,1043
213692,963,1045
213693,961,1044
213694,961,1046
213695,962,1047
213696,965,1050
213697,969,1050
213698,967,1050
213699,968,1045
213700,965,1044
213701,969,1046
213702,969,1048
213703,969,1044
213704,967,1042
213705,965,1036
213706,967,1033
213707,965,1035
213708,968,1041
213709,972,1039
213710,970,1036
213711,968,1035
213712,969,1034
213713,972,1038
213714,969,1038
213715,972,1036
213716,972,1032
213717,972,1031
213718,970,1035
213719,970,1039
213720,970,1042
213721,967,1041
213722,965,1035
213723,966,1032
213724,964,1029
213725,968,1032
213726,969,1033
213727,973,1035
213728,972,1032
213729,970,1032
213730,966,1034
213731,967,1040
213732,970,1041
213733,973,1042
213734,973,1042
213735,971,1038
213736,970,1040
213737,970,1044
213738,973,1049
213739,976,1048
213740,972,1046
213741,968,1044
213742,967,1043
213743,967,1048
213744,968,1049
213745,970,1043
213746,972,1040
213747,969,1038
213748,967,1037
213749,969,1038
213750,969,1041
213751,969,1039
213752,967,1036
213753,968,1036
213754,967,1034
213755,967,1037
213756,971,1038
213757,973,1039
213758,970,1033
213759,967,1031
213760,968,1031
213761,971,1032
213762,973,1035
213763,975,1035
213764,969,1031
213765,965,1030
213766,965,1031
213767,969,1034
213768,974,1034
213769,977,1034
213770,974,1029
213771,973,1028
213772,972,1032
213773,968,1036
213774,970,1038
213775,971,1035
213776,971,1034
213777,972,1034
213778,970,1034
213779,972,1036
213780,971,1043
213781,971,1043
213782,973,1039
213783,972,1038
213784,972,1040
213785,971,1043
213786,977,1049
213787,980,1047
213788,977,1045
213789,973,1039
213790,972,1040
213791,981,1042
213792,984,1040
213793,984,1038
213794,984,1039
213795,983,1035
213796,978,1038
213797,984,1039
213798,990,1040
213799,993,1036
213800,989,1032
213801,986,1030
213802,983,1027
213803,988,1025
213804,994,1025
213805,1000,1021
213806,1009,1020
213807,1021,1015
213808,1040,1016
213809,1064,1015
213810,1099,1010
213811,1136,999
213812,1175,990
213813,1213,989
213814,1252,1001
213815,1284,1021
213816,1294,1045
213817,1279,1054
213818,1238,1053
213819,1178,1053
213820,1113,1060
213821,1052,1074
213822,998,1085
213823,968,1085
213824,957,1077
213825,958,1058
213826,965,1046
213827,975,1039
213828,980,1037
213829,981,1033
213830,974,1026
213831,969,1025
213832,965,1025
213833,970,1032
213834,971,1033
213835,970,1030
213836,972,1027
213837,969,1028
213838,964,1026
213839,963,1026
213840,964,1031
213841,967,1029
213842,965,1030
213843,962,1027
213844,959,1031
213845,958,1029
213846,959,1035
213847,960,1031
213848,959,1030
213849,956,1028
213850,953,1028
213851,956,1032
213852,959,1036
213853,961,1034
213854,959,1035
213855,957,1033
213856,955,1033
213857,956,1032
213858,957,1034
213859,955,1032
213860,955,1030
213861,955,1030
213862,958,1031
213863,960,1034
213864,962,1036
213865,963,1036
213866,960,1035
213867,956,1035
213868,954,1037
213869,955,1036
213870,961,1036
213871,962,1034
213872,962,1030
213873,958,1029
213874,958,1031
213875,964,1035
213876,968,1039
213877,969,1037
213878,969,1036
213879,968,1032
213880,969,1033
213881,972,1031
213882,979,1027
213883,981,1024
213884,985,1016
213885,985,1012
213886,986,1009
213887,990,1010
213888,993,1009
213889,997,1008
213890,998,1005
213891,998,1001
213892,994,1000
213893,996,1001
213894,998,1007
213895,1000,1005
213896,997,1000
213897,995,996
213898,993,996
213899,995,999
213900,1003,1003
213901,1004,1001
213902,1004,998
213903,999,996
213904,1000,994
213905,1003,999
213906,1004,1003
213907,1005,1002
213908,1003,999
213909,1003,997
213910,1001,999
213911,1007,998
213912,1009,1002
213913,1011,999
213914,1011,999
213915,1008,1002
213916,1009,1004
213917,1009,1013
213918,1010,1016
213919,1011,1019
213920,1010,1022
213921,1008,1019
213922,1004,1022
213923,1005,1021
213924,1004,1022
213925,1007,1018
213926,1004,1014
213927,1002,1016
213928,999,1020
213929,998,1025
213930,999,1035
213931,999,1045
213932,999,1048
213933,996,1041
213934,995,1033
213935,994,1034
213936,994,1032
213937,993,1030
213938,992,1031
213939,990,1031
213940,990,1033
213941,994,1039
213942,997,1042
213943,996,1040
213944,992,1034
213945,986,1031
213946,987,1030
213947,988,1036
213948,993,1042
213949,991,1039
213950,989,1036
213951,988,1037
213952,985,1040
213953,986,1041
213954,985,1045
213955,986,1042
213956,989,1039
213957,989,1040
213958,986,1041
213959,988,1041
213960,989,1044
213961,990,1044
213962,989,1042
213963,985,1036
213964,986,1037
213965,987,1038
213966,990,1043
213967,992,1040
213968,993,1038
213969,987,1035
213970,986,1035
213971,992,1038
213972,994,1039
213973,995,1040
213974,993,1038
213975,993,1033
213976,991,1037
213977,994,1036
213978,994,1040
213979,995,1039
213980,993,1038
213981,989,1038
213982,988,1045
213983,988,1052
213984,993,1061
213985,992,1066
213986,992,1063
213987,990,1052
213988,985,1040
213989,990,1031
213990,995,1028
213991,996,1024
213992,996,1020
213993,993,1019
213994,996,1021
213995,998,1024
213996,998,1025
213997,999,1025
213998,998,1024
213999,993,1019
214000,994,1022
214001,996,1026
214002,997,1031
214003,998,1028
214004,998,1030
214005,993,1026
214006,993,1030
214007,994,1037
214008,995,1037
214009,995,1035
214010,995,1037
214011,992,1036
214012,989,1038
214013,989,1041
214014,991,1043
214015,992,1042
214016,991,1041
214017,985,1036
214018,981,1036
214019,984,1036
214020,987,1038
214021,989,1039
214022,986,1039
214023,982,1044
214024,981,1050
214025,982,1050
214026,985,1052
214027,985,1046
214028,985,1040
214029,983,1035
214030,986,1036
214031,986,1040
214032,987,1042
214033,987,1043
214034,992,1043
214035,987,1043
214036,988,1049
214037,987,1051
214038,989,1052
214039,991,1045
214040,989,1038
214041,989,1036
214042,987,1039
214043,988,1045
214044,989,1046
214045,992,1046
214046,992,1042
214047,991,1038
214048,989,1041
214049,990,1042
214050,991,1043
214051,991,1040
214052,988,1038
214053,985,1038
214054,983,1042
214055,986,1049
214056,990,1049
214057,993,1046
214058,993,1043
214059,990,1041
214060,990,1038
214061,993,1040
214062,994,1044
214063,997,1048
214064,999,1050
214065,996,1056
214066,994,1066
214067,998,1064
214068,1000,1057
214069,1008,1044
214070,1017,1030
214071,1027,1018
214072,1042,1015
214073,1065,1019
214074,1093,1023
214075,1127,1016
214076,1162,1006
214077,1199,997
214078,1239,997
214079,1282,1013
214080,1310,1036
214081,1317,1051
214082,1295,1055
214083,1249,1053
214084,1189,1060
214085,1126,1070
214086,1068,1085
214087,1013,1088
214088,978,1088
214089,963,1082
214090,968,1074
214091,984,1067
214092,993,1063
214093,995,1053
214094,991,1044
214095,984,1037
214096,983,1034
214097,984,1037
214098,986,1040
214099,987,1041
214100,981,1038
214101,978,1039
214102,974,1041
214103,974,1044
214104,978,1047
214105,976,1045
214106,976,1043
214107,974,1039
214108,974,1044
214109,977,1046
214110,978,1051
214111,978,1045
214112,974,1046
214113,972,1039
214114,971,1038
214115,975,1038
214116,977,1038
214117,979,1037
214118,978,1038
214119,976,1037
214120,974,1036
214121,974,1043
214122,978,1047
214123,977,1043
214124,978,1043
214125,975,1037
214126,972,1040
214127,975,1044
214128,981,1044
214129,983,1043
214130,982,1038
214131,978,1035
214132,977,1037
214133,976,1040
214134,981,1043
214135,981,1042
214136,983,1038
214137,978,1035
214138,978,1035
214139,978,1037
214140,982,1038
214141,984,1035
214142,982,1035
214143,982,1030
214144,982,1030
214145,986,1034
214146,988,1036
214147,987,1032
214148,987,1031
214149,985,1030
214150,984,1031
214151,988,1030
214152,995,1032
214153,998,1028
214154,997,1023
214155,997,1019
214156,994,1022
214157,999,1027
214158,1003,1028
214159,1007,1021
214160,1009,1012
214161,1007,1003
214162,1006,997
214163,1011,995
214164,1014,997
214165,1014,995
214166,1012,996
214167,1011,997
214168,1010,997
214169,1011,1002
214170,1013,1004
214171,1017,1002
214172,1017,1002
214173,1015,1007
214174,1014,1007
214175,1016,1011
214176,1022,1013
214177,1024,1017
214178,1022,1016
214179,1018,1014
214180,1017,1019
214181,1015,1025
214182,1016,1028
214183,1017,1031
214184,1013,1030
214185,1011,1028
214186,1006,1027
214187,1005,1029
214188,1005,1033
214189,1002,1030
214190,1001,1028
214191,994,1027
214192,994,1031
214193,991,1035
214194,992,1039
214195,994,1038
214196,992,1038
214197,989,1041
214198,990,1045
214199,992,1046
214200,992,1052
214201,993,1056
214202,990,1055
214203,991,1056
214204,991,1051
214205,988,1050
214206,993,1052
214207,995,1051
214208,996,1046
214209,993,1043
214210,992,1043
214211,994,1047
214212,997,1050
214213,995,1049
214214,995,1051
214215,996,1050
214216,998,1054
214217,999,1056
214218,1004,1057
214219,1008,1057
214220,1011,1057
214221,1012,1054
214222,1016,1057
214223,1021,1062
214224,1029,1067
214225,1035,1070
214226,1036,1068
214227,1038,1069
214228,1043,1068
214229,1057,1065
214230,1073,1056
214231,1086,1035
214232,1096,1018
214233,1105,1002
214234,1115,991
214235,1133,983
214236,1148,970
214237,1161,956
214238,1174,931
214239,1190,909
214240,1208,889
214241,1230,877
214242,1249,869
214243,1263,855
214244,1269,846
214245,1261,838
214246,1257,834
214247,1258,831
214248,1259,830
214249,1251,831
214250,1236,831
214251,1217,833
214252,1200,836
214253,1181,844
214254,1162,855
214255,1140,863
214256,1115,872
214257,1093,885
214258,1079,900
214259,1070,916
214260,1066,932
214261,1068,945
214262,1063,955
214263,1058,963
214264,1054,975
214265,1059,983
214266,1068,997
214267,1083,1003
214268,1104,1007
214269,1113,1006
214270,1111,1014
214271,1094,1021
214272,1060,1033
214273,1017,1042
214274,981,1052
214275,958,1059
214276,946,1073
214277,946,1088
214278,946,1093
214279,943,1098
214280,938,1095
214281,931,1100
214282,925,1098
214283,920,1102
214284,920,1103
214285,919,1104
214286,914,1102
214287,909,1104
214288,904,1106
214289,902,1110
214290,904,1114
214291,904,1112
214292,901,1114
214293,898,1112
214294,895,1112
214295,894,1116
214296,895,1121
214297,893,1124
214298,890,1127
214299,888,1126
214300,882,1130
214301,883,1139
214302,887,1143
214303,889,1138
214304,889,1136
214305,885,1135
214306,886,1138
214307,888,1148
214308,891,1152
214309,888,1153
214310,883,1152
214311,880,1150
214312,880,1156
214313,883,1161
214314,886,1166
214315,887,1169
214316,884,1170
214317,882,1169
214318,881,1171
214319,883,1175
214320,888,1177
214321,889,1175
214322,889,1173
214323,887,1173
214324,888,1175
214325,893,1177
214326,899,1179
214327,902,1183
214328,902,1178
214329,903,1179
214330,903,1178
214331,906,1180
214332,912,1182
214333,915,1178
214334,918,1172
214335,918,1168
214336,921,1166
214337,927,1166
214338,935,1166
214339,937,1160
214340,938,1153
214341,934,1146
214342,937,1144
214343,943,1144
214344,947,1141
214345,952,1136
214346,952,1128
214347,953,1122
214348,953,1122
214349,955,1121
214350,961,1120
214351,964,1111
214352,965,1098
214353,962,1086
214354,963,1082
214355,967,1083
214356,971,1083
214357,973,1076
214358,972,1074
214359,969,1066
214360,967,1064
214361,970,1066
214362,971,1065
214363,971,1065
214364,968,1062
214365,968,1058
214366,969,1060
214367,972,1062
214368,975,1062
214369,976,1063
214370,974,1059
214371,971,1054
214372,970,1056
214373,973,1060
214374,979,1059
214375,979,1060
214376,976,1057
214377,976,1055
214378,976,1054
214379,979,1058
214380,979,1060
214381,979,1057
214382,978,1055
214383,975,1054
214384,973,1056
214385,975,1060
214386,982,1060
214387,982,1055
214388,978,1053
214389,974,1052
214390,973,1054
214391,979,1056
214392,982,1058
214393,982,1058
214394,980,1054
214395,977,1051
214396,975,1055
214397,976,1053
214398,980,1055
214399,981,1055
214400,983,1049
214401,983,1045
214402,981,1047
214403,980,1049
214404,983,1049
214405,983,1045
214406,982,1042
214407,978,1042
214408,975,1045
214409,977,1047
214410,980,1050
214411,980,1049
214412,975,1048
214413,973,1048
214414,973,1047
214415,974,1046
214416,979,1049
214417,982,1045
214418,980,1046
214419,979,1044
214420,977,1048
214421,980,1052
214422,981,1057
214423,984,1056
214424,983,1053
214425,979,1047
214426,979,1044
214427,978,1043
214428,982,1045
214429,985,1045
214430,985,1039
214431,980,1040
214432,978,1042
214433,979,1048
214434,983,1052
214435,983,1047
214436,981,1042
214437,977,1039
214438,979,1042
214439,980,1046
214440,983,1046
214441,982,1045
214442,979,1044
214443,978,1045
214444,976,1045
214445,979,1048
214446,978,1048
214447,980,1045
214448,978,1044
214449,976,1040
214450,975,1040
214451,975,1044
214452,980,1045
214453,980,1045
214454,980,1043
214455,976,1042
214456,977,1043
214457,978,1046
214458,980,1049
214459,979,1047
214460,978,1045
214461,973,1045
214462,972,1047
214463,975,1048
214464,980,1052
214465,982,1055
214466,979,1050
214467,975,1047
214468,977,1049
214469,979,1053
214470,979,1055
214471,981,1055
214472,980,1053
214473,977,1050
214474,975,1049
214475,978,1049
214476,981,1050
214477,982,1049
214478,981,1050
214479,980,1046
214480,978,1050
214481,981,1055
214482,984,1060
214483,983,1060
214484,981,1057
214485,981,1052
214486,979,1053
214487,981,1056
214488,983,1057
214489,981,1053
214490,982,1050
214491,981,1048
214492,979,1047
214493,981,1048
214494,983,1044
214495,984,1042
214496,982,1034
214497,975,1033
214498,973,1035
214499,980,1039
214500,981,1042
214501,982,1043
214502,977,1043
214503,974,1038
214504,971,1043
214505,979,1044
214506,981,1042
214507,981,1038
214508,981,1037
214509,978,1035
214510,975,1040
214511,974,1042
214512,979,1044
214513,978,1042
214514,979,1041
214515,974,1040
214516,972,1043
214517,971,1044
214518,976,1046
214519,976,1043
214520,976,1040
214521,976,1040
214522,977,1041
214523,979,1045
214524,980,1046
214525,981,1045
214526,981,1046
214527,979,1043
214528,978,1042
214529,981,1044
214530,985,1044
214531,988,1044
214532,982,1041
214533,982,1041
214534,981,1043
214535,984,1047
214536,985,1051
214537,984,1052
214538,982,1048
214539,982,1042
214540,979,1045
214541,979,1048
214542,982,1050
214543,981,1051
214544,980,1048
214545,979,1044
214546,979,1042
214547,981,1046
214548,981,1048
214549,983,1047
214550,984,1044
214551,982,1044
214552,981,1047
214553,983,1050
214554,985,1055
214555,988,1054
214556,989,1050
214557,984,1043
214558,981,1044
214559,982,1044
214560,986,1044
214561,987,1042
214562,986,1041
214563,980,1040
214564,981,1037
214565,981,1039
214566,985,1041
214567,988,1039
214568,982,1037
214569,979,1031
214570,978,1032
214571,982,1036
214572,986,1037
214573,986,1038
214574,987,1034
214575,985,1035
214576,988,1036
214577,987,1043
214578,995,1043
214579,997,1042
214580,995,1038
214581,993,1033
214582,992,1037
214583,993,1038
214584,1000,1037
214585,1005,1039
214586,1012,1031
214587,1021,1027
214588,1034,1026
214589,1051,1025
214590,1071,1028
214591,1097,1023
214592,1127,1012
214593,1156,1002
214594,1192,997
214595,1229,1000
214596,1265,1013
214597,1292,1029
214598,1301,1045
214599,1284,1050
214600,1244,1056
214601,1187,1061
214602,1134,1065
214603,1077,1072
214604,1023,1075
214605,979,1072
214606,966,1071
214607,968,1065
214608,980,1058
214609,988,1052
214610,989,1046
214611,982,1043
214612,975,1044
214613,975,1040
214614,977,1039
214615,979,1034
214616,973,1031
214617,970,1031
214618,968,1034
214619,970,1038
214620,972,1038
214621,973,1038
214622,971,1035
214623,969,1035
214624,968,1036
214625,967,1036
214626,970,1040
214627,970,1039
214628,969,1039
214629,963,1040
214630,963,1041
214631,966,1041
214632,968,1040
214633,969,1040
214634,965,1038
214635,962,1035
214636,965,1034
214637,967,1037
214638,972,1042
214639,972,1040
214640,969,1038
214641,966,1037
214642,964,1036
214643,971,1044
214644,974,1043
214645,974,1037
214646,972,1035
214647,968,1032
214648,966,1033
214649,966,1040
214650,971,1041
214651,972,1038
214652,972,1034
214653,968,1033
214654,967,1035
214655,967,1041
214656,972,1041
214657,974,1038
214658,976,1034
214659,972,1030
214660,973,1034
214661,974,1035
214662,977,1038
214663,977,1030
214664,978,1026
214665,979,1022
214666,978,1026
214667,981,1022
214668,982,1024
214669,986,1019
214670,987,1016
214671,988,1013
214672,988,1015
214673,991,1017
214674,993,1020
214675,993,1017
214676,990,1014
214677,989,1010
214678,989,1007
214679,992,1009
214680,995,1009
214681,996,1005
214682,999,1005
214683,996,1002
214684,997,1005
214685,1000,1008
214686,1004,1009
214687,1003,1009
214688,1006,1008
214689,1004,1004
214690,1005,1006
214691,1009,1008
214692,1013,1007
214693,1014,1006
214694,1011,1005
214695,1010,1007
214696,1011,1012
214697,1013,1016
214698,1016,1018
214699,1016,1017
214700,1016,1018
214701,1014,1020
214702,1013,1021
214703,1014,1024
214704,1017,1026
214705,1017,1028
214706,1013,1027
214707,1009,1027
214708,1008,1031
214709,1011,1036
214710,1012,1039
214711,1010,1042
214712,1008,1041
214713,1003,1039
214714,998,1044
214715,1001,1047
214716,1004,1050
214717,1001,1050
214718,996,1048
214719,988,1043
214720,984,1043
214721,988,1037
214722,990,1034
214723,995,1029
214724,991,1030
214725,986,1033
214726,986,1034
214727,988,1032
214728,991,1036
214729,991,1031
214730,989,1029
214731,987,1028
214732,985,1031
214733,985,1037
214734,988,1039
214735,989,1038
214736,988,1036
214737,985,1037
214738,986,1036
214739,987,1037
214740,990,1037
214741,989,1035
214742,987,1037
214743,984,1038
214744,986,1039
214745,990,1039
214746,994,1042
214747,994,1039
214748,989,1040
214749,988,1038
214750,988,1041
214751,990,1044
214752,992,1044
214753,991,1043
214754,988,1044
214755,986,1041
214756,984,1044
214757,990,1048
214758,996,1050
214759,996,1047
214760,995,1043
214761,993,1044
214762,994,1043
214763,995,1045
214764,998,1043
214765,999,1041
214766,998,1037
214767,992,1033
214768,993,1035
214769,997,1038
214770,995,1041
214771,997,1039
214772,996,1035
214773,990,1031
214774,990,1033
214775,991,1033
214776,998,1033
214777,999,1031
214778,999,1028
214779,996,1024
214780,996,1028
214781,997,1032
214782,1000,1035
214783,1002,1034
214784,999,1029
214785,997,1027
214786,996,1028
214787,993,1029
214788,999,1032
214789,996,1035
214790,993,1034
214791,988,1036
214792,990,1041
214793,991,1042
214794,992,1044
214795,993,1037
214796,991,1033
214797,989,1026
214798,986,1032
214799,986,1032
214800,991,1036
214801,993,1032
214802,992,1029
214803,989,1030
214804,988,1033
214805,989,1036
214806,988,1038
214807,992,1040
214808,990,1037
214809,988,1037
214810,988,1035
214811,992,1036
214812,996,1038
214813,1002,1035
214814,1006,1035
214815,1013,1031
214816,1031,1032
214817,1048,1033
214818,1080,1032
214819,1111,1023
214820,1144,1013
214821,1177,1005
214822,1214,1009
214823,1255,1014
214824,1290,1028
214825,1309,1045
214826,1312,1056
214827,1292,1060
214828,1251,1061
214829,1199,1065
214830,1140,1073
214831,1079,1081
214832,1021,1082
214833,977,1083
214834,962,1080
214835,965,1075
214836,977,1064
214837,982,1052
214838,985,1044
214839,984,1039
214840,983,1040
214841,983,1044
214842,982,1046
214843,979,1044
214844,974,1037
214845,968,1035
214846,963,1035
214847,967,1036
214848,967,1034
214849,965,1033
214850,965,1029
214851,963,1028
214852,960,1029
214853,963,1030
214854,965,1031
214855,966,1031
214856,963,1029
214857,959,1029
214858,958,1030
214859,959,1035
214860,962,1036
214861,962,1037
214862,961,1039
214863,958,1037
214864,956,1041
214865,957,1046
214866,962,1049
214867,962,1049
214868,959,1046
214869,959,1043
214870,958,1044
214871,961,1043
214872,965,1044
214873,964,1043
214874,965,1037
214875,962,1032
214876,960,1032
214877,960,1031
214878,966,1035
214879,966,1033
214880,965,1033
214881,961,1033
214882,962,1033
214883,965,1035
214884,969,1037
214885,971,1036
214886,972,1034
214887,971,1033
214888,967,1034
214889,971,1035
214890,972,1035
214891,973,1031
214892,975,1025
214893,971,1020
214894,969,1017
214895,973,1018
214896,976,1016
214897,977,1015
214898,974,1011
214899,972,1009
214900,971,1015
214901,975,1017
214902,979,1021
214903,981,1021
214904,979,1013
214905,978,1001
214906,976,995
214907,976,989
214908,981,991
214909,983,990
214910,982,989
214911,978,990
214912,981,995
214913,987,1000
214914,988,1002
214915,990,998
214916,989,994
214917,989,990
214918,990,992
214919,993,996
214920,994,994
214921,996,994
214922,994,997
214923,990,1000
214924,989,1006
214925,997,1007
214926,1001,1010
214927,1003,1008
214928,1000,1006
214929,995,1007
214930,995,1003
214931,995,1006
214932,996,1007
214933,997,1009
214934,995,1010
214935,991,1013
214936,989,1015
214937,992,1022
214938,995,1029
214939,995,1026
214940,988,1027
214941,983,1026
214942,984,1032
214943,986,1034
214944,985,1038
214945,985,1037
214946,979,1036
214947,976,1034
214948,975,1037
214949,976,1040
214950,978,1044
214951,977,1043
214952,975,1045
214953,969,1047
214954,967,1047
214955,969,1049
214956,972,1056
214957,973,1053
214958,967,1051
214959,963,1050
214960,962,1051
214961,963,1054
214962,963,1054
214963,963,1055
214964,965,1050
214965,963,1045
214966,965,1044
214967,967,1048
214968,967,1052
214969,968,1050
214970,967,1044
214971,964,1040
214972,963,1039
214973,967,1040
214974,971,1043
214975,972,1043
214976,972,1042
214977,972,1036
214978,970,1036
214979,972,1038
214980,975,1040
214981,975,1039
214982,974,1034
214983,973,1030
214984,975,1028
214985,977,1032
214986,981,1036
214987,980,1038
214988,979,1036
214989,975,1037
214990,974,1040
214991,976,1040
214992,983,1036
214993,980,1031
214994,976,1026
214995,969,1025
214996,970,1031
214997,971,1033
214998,975,1035
214999,974,1036
215000,974,1034
215001,968,1038
215002,968,1039
215003,970,1041
215004,969,1038
215005,969,1039
215006,968,1037
215007,965,1038
215008,964,1045
215009,964,1050
215010,966,1055
215011,967,1047
215012,970,1039
215013,968,1033
215014,965,1036
215015,967,1040
215016,970,1043
215017,971,1042
215018,968,1039
215019,968,1036
215020,970,1037
215021,974,1041
215022,973,1041
215023,972,1042
215024,970,1040
215025,968,1041
215026,971,1043
215027,971,1048
215028,973,1048
215029,973,1041
215030,969,1032
215031,968,1030
215032,970,1031
215033,970,1038
215034,973,1042
215035,972,1042
215036,970,1037
215037,967,1037
215038,968,1044
215039,969,1045
215040,971,1048
215041,971,1048
215042,966,1040
215043,967,1037
215044,967,1035
215045,966,1038
215046,967,1041
215047,967,1039
215048,967,1036
215049,966,1035
215050,965,1039
215051,968,1044
215052,973,1048
215053,972,1048
215054,969,1049
215055,964,1051
215056,965,1057
215057,963,1058
215058,966,1058
215059,966,1048
215060,963,1036
215061,959,1032
215062,960,1037
215063,963,1044
215064,963,1049
215065,962,1058
215066,962,1058
215067,960,1057
215068,961,1047
215069,965,1039
215070,969,1035
215071,969,1030
215072,967,1027
215073,961,1025
215074,963,1031
215075,962,1035
215076,968,1040
215077,969,1039
215078,966,1038
215079,967,1036
215080,966,1037
215081,965,1038
215082,966,1041
215083,966,1037
215084,967,1037
215085,964,1035
215086,964,1036
215087,967,1040
215088,969,1043
215089,970,1041
215090,966,1040
215091,964,1037
215092,964,1041
215093,966,1041
215094,967,1044
215095,969,1043
215096,967,1041
215097,965,1040
215098,966,1039
215099,968,1041
215100,969,1041
215101,967,1041
215102,964,1037
215103,962,1037
215104,962,1037
215105,963,1039
215106,968,1040
215107,968,1042
215108,967,1041
215109,965,1043
215110,961,1048
215111,965,1052
215112,966,1056
215113,967,1051
215114,968,1046
215115,966,1043
215116,965,1049
215117,968,1056
215118,973,1063
215119,974,1063
215120,971,1052
215121,969,1041
215122,967,1037
215123,966,1035
215124,970,1035
215125,971,1033
215126,967,1031
215127,968,1029
215128,967,1034
215129,970,1035
215130,972,1036
215131,974,1033
215132,970,1034
215133,967,1032
215134,964,1034
215135,965,1039
215136,971,1045
215137,975,1042
215138,974,1040
215139,966,1037
215140,967,1036
215141,969,1039
215142,975,1044
215143,974,1041
215144,970,1040
215145,968,1038
215146,971,1042
215147,971,1040
215148,977,1039
215149,980,1033
215150,984,1027
215151,989,1026
215152,1005,1027
215153,1028,1030
215154,1054,1027
215155,1082,1019
215156,1114,1005
215157,1144,999
215158,1183,999
215159,1225,1006
215160,1262,1017
215161,1283,1028
215162,1283,1037
215163,1265,1044
215164,1227,1050
215165,1178,1057
215166,1128,1068
215167,1079,1068
215168,1027,1066
215169,981,1058
215170,955,1057
215171,949,1053
215172,958,1052
215173,964,1042
215174,969,1034
215175,965,1029
215176,964,1031
215177,962,1035
215178,962,1032
215179,962,1027
215180,958,1024
215181,952,1022
215182,948,1023
215183,950,1028
215184,949,1031
215185,949,1031
215186,947,1028
215187,945,1027
215188,944,1029
215189,948,1032
215190,949,1036
215191,947,1036
215192,946,1033
215193,941,1035
215194,942,1036
215195,942,1040
215196,944,1043
215197,943,1043
215198,941,1039
215199,939,1037
215200,938,1038
215201,944,1042
215202,944,1043
215203,946,1044
215204,945,1039
215205,944,1038
215206,942,1038
215207,945,1045
215208,946,1043
215209,948,1045
215210,948,1039
215211,944,1038
215212,945,1039
215213,942,1041
215214,949,1045
215215,948,1045
215216,944,1045
215217,942,1051
215218,943,1059
215219,948,1062
215220,951,1060
215221,948,1044
215222,946,1028
215223,943,1018
215224,946,1013
215225,948,1014
215226,949,1013
215227,948,1016
215228,948,1016
215229,948,1016
215230,949,1017
215231,953,1018
215232,954,1018
215233,956,1018
215234,957,1014
215235,952,1015
215236,954,1016
215237,959,1019
215238,963,1016
215239,964,1015
215240,960,1011
215241,957,1012
215242,961,1013
215243,966,1013
215244,970,1015
215245,972,1012
215246,970,1012
215247,969,1009
215248,970,1011
215249,971,1013
215250,976,1015
215251,977,1011
215252,975,1006
215253,973,1004
215254,978,1001
215255,976,1002
215256,983,1005
215257,985,1000
215258,985,999
215259,986,998
215260,988,1001
215261,993,1001
215262,997,1001
215263,994,1003
215264,988,1001
215265,984,1003
215266,985,1004
215267,986,1008
215268,990,1011
215269,991,1011
215270,991,1010
215271,990,1012
215272,990,1015
215273,992,1021
215274,995,1024
215275,990,1022
215276,987,1015
215277,983,1013
215278,981,1016
215279,983,1020
215280,986,1022
215281,983,1023
215282,977,1023
215283,973,1024
215284,974,1029
215285,976,1031
215286,975,1033
215287,975,1032
215288,971,1032
215289,967,1029
215290,961,1034
215291,962,1040
215292,965,1042
215293,967,1041
215294,964,1040
215295,961,1039
215296,961,1043
215297,962,1044
215298,965,1048
215299,962,1045
215300,961,1043
215301,958,1039
215302,957,1040
215303,959,1044
215304,965,1043
215305,964,1046
215306,966,1043
215307,959,1045
215308,961,1052
215309,963,1056
215310,964,1054
215311,968,1041
215312,967,1031
215313,968,1022
215314,964,1022
215315,966,1027
215316,968,1032
215317,969,1034
215318,969,1032
215319,967,1029
215320,965,1033
215321,970,1035
215322,976,1036
215323,975,1035
215324,971,1032
215325,969,1033
215326,970,1036
215327,970,1038
215328,973,1040
215329,973,1039
215330,969,1034
215331,967,1032
215332,963,1038
215333,967,1041
215334,970,1046
215335,974,1044
215336,971,1039
215337,968,1040
215338,971,1041
215339,973,1042
215340,975,1039
215341,974,1038
215342,971,1036
215343,972,1033
215344,971,1034
215345,972,1037
215346,974,1039
215347,972,1035
215348,972,1032
215349,971,1031
215350,970,1031
215351,971,1034
215352,972,1038
215353,972,1041
215354,970,1035
215355,969,1034
215356,966,1034
215357,968,1039
215358,969,1044
215359,970,1040
215360,967,1039
215361,964,1042
215362,962,1047
215363,964,1050
215364,965,1049
215365,969,1043
215366,967,1030
215367,965,1026
215368,961,1026
215369,967,1029
215370,967,1036
215371,967,1035
215372,966,1032
215373,964,1031
215374,964,1032
215375,969,1036
215376,971,1038
215377,972,1036
215378,971,1032
215379,965,1033
215380,964,1037
215381,968,1038
215382,972,1040
215383,971,1036
215384,970,1035
215385,968,1036
215386,966,1040
215387,970,1044
215388,973,1047
215389,974,1048
215390,972,1043
215391,972,1041
215392,971,1038
215393,974,1039
215394,977,1037
215395,978,1033
215396,980,1027
215397,988,1024
215398,1000,1027
215399,1018,1029
215400,1040,1026
215401,1063,1020
215402,1096,1011
215403,1130,1002
215404,1170,1000
215405,1212,1003
215406,1251,1017
215407,1279,1033
215408,1285,1050
215409,1270,1058
215410,1232,1057
215411,1188,1058
215412,1134,1062
215413,1069,1075
215414,1006,1086
215415,954,1095
215416,929,1100
215417,933,1100
215418,950,1086
215419,958,1071
215420,960,1054
215421,956,1044
215422,957,1042
215423,959,1042
215424,960,1041
215425,957,1038
215426,955,1035
215427,952,1038
215428,944,1040
215429,945,1040
215430,949,1041
215431,948,1040
215432,948,1035
215433,944,1038
215434,942,1039
215435,942,1044
215436,945,1046
215437,947,1043
215438,943,1036
215439,941,1034
215440,940,1034
215441,943,1036
215442,947,1034
215443,946,1029
215444,944,1024
215445,940,1027
215446,941,1030
215447,944,1035
215448,947,1033
215449,945,1033
215450,941,1029
215451,940,1033
215452,939,1037
215453,943,1039
215454,946,1039
215455,944,1037
215456,943,1034
215457,939,1033
215458,938,1034
215459,941,1040
215460,941,1044
215461,942,1041
215462,941,1038
215463,939,1036
215464,941,1032
215465,942,1033
215466,947,1034
215467,946,1032
215468,947,1027
215469,945,1024
215470,947,1022
215471,947,1020
215472,953,1020
215473,955,1016
215474,953,1011
215475,954,1009
215476,954,1010
215477,955,1014
215478,961,1014
215479,961,1010
215480,960,1007
215481,958,1001
215482,961,1000
215483,964,1002
215484,970,1003
215485,969,1000
215486,969,998
215487,966,994
215488,967,996
215489,972,997
215490,975,997
215491,978,995
215492,976,994
215493,978,992
215494,977,988
215495,979,988
215496,983,988
215497,982,988
215498,983,985
215499,982,985
215500,983,988
215501,986,993
215502,986,996
215503,985,994
215504,978,994
215505,980,994
215506,977,1002
215507,983,1009
215508,985,1013
215509,987,1014
215510,983,1011
215511,981,1009
215512,978,1013
215513,977,1019
215514,979,1023
215515,981,1025
215516,974,1024
215517,969,1029
215518,971,1031
215519,971,1035
215520,973,1040
215521,969,1041
215522,965,1036
215523,962,1031
215524,960,1032
215525,958,1040
215526,961,1043
215527,960,1042
215528,958,1040
215529,956,1039
215530,956,1042
215531,956,1046
215532,959,1049
215533,958,1046
215534,957,1043
215535,954,1043
215536,954,1046
215537,956,1050
215538,959,1053
215539,957,1051
215540,955,1051
215541,951,1047
215542,953,1053
215543,955,1055
215544,958,1055
215545,956,1053
215546,958,1049
215547,957,1047
215548,957,1049
215549,961,1051
215550,964,1051
215551,962,1050
215552,964,1047
215553,960,1047
215554,959,1050
215555,962,1048
215556,966,1048
215557,966,1045
215558,964,1043
215559,964,1044
215560,964,1046
215561,967,1047
215562,971,1049
215563,969,1047
215564,964,1042
215565,961,1039
215566,959,1043
215567,963,1048
215568,963,1046
215569,964,1047
215570,959,1038
215571,959,1039
215572,956,1043
215573,957,1046
215574,962,1046
215575,962,1044
215576,961,1041
215577,958,1043
215578,957,1045
215579,959,1048
215580,966,1049
215581,963,1048
215582,961,1043
215583,961,1045
215584,960,1047
215585,961,1051
215586,963,1047
215587,964,1043
215588,959,1042
215589,958,1042
215590,959,1046
215591,962,1050
215592,966,1051
215593,964,1050
215594,963,1045
215595,962,1044
215596,962,1044
215597,964,1046
215598,969,1044
215599,969,1042
215600,966,1040
215601,962,1041
215602,963,1044
215603,967,1045
215604,969,1047
215605,969,1044
215606,965,1045
215607,965,1045
215608,964,1047
215609,965,1051
215610,967,1053
215611,969,1053
215612,967,1048
215613,965,1049
215614,964,1051
215615,966,1052
215616,965,1053
215617,966,1049
215618,964,1046
215619,964,1045
215620,964,1045
215621,967,1044
215622,967,1043
215623,966,1039
215624,963,1038
215625,961,1041
215626,963,1045
215627,966,1049
215628,970,1049
215629,971,1051
215630,968,1049
215631,963,1044
215632,964,1049
215633,967,1049
215634,971,1052
215635,971,1049
215636,973,1043
215637,973,1043
215638,980,1040
215639,991,1042
215640,1001,1041
215641,1014,1040
215642,1029,1036
215643,1049,1033
215644,1080,1032
215645,1114,1025
215646,1154,1012
215647,1193,1003
215648,1226,1001
215649,1255,1011
215650,1278,1028
215651,1293,1048
215652,1288,1054
215653,1260,1055
215654,1214,1052
215655,1159,1059
215656,1105,1068
215657,1052,1080
215658,1000,1085
215659,964,1089
215660,944,1082
215661,945,1074
215662,953,1062
215663,962,1056
215664,970,1053
215665,968,1046
215666,967,1041
215667,962,1041
215668,960,1042
215669,961,1044
215670,963,1048
215671,959,1045
215672,952,1042
215673,947,1042
215674,951,1044
215675,951,1046
215676,954,1049
215677,953,1047
215678,948,1044
215679,943,1047
215680,944,1049
215681,947,1053
215682,950,1053
215683,949,1050
215684,945,1042
215685,948,1042
215686,945,1045
215687,948,1050
215688,949,1050
215689,948,1050
215690,946,1047
215691,946,1047
215692,950,1052
215693,953,1055
215694,956,1055
215695,953,1053
215696,952,1049
215697,949,1046
215698,950,1046
215699,954,1048
215700,957,1047
215701,954,1045
215702,954,1039
215703,954,1038
215704,956,1039
215705,957,1041
215706,962,1044
215707,959,1042
215708,959,1037
215709,954,1035
215710,956,1039
215711,957,1038
215712,962,1038
215713,960,1035
215714,959,1031
215715,955,1027
215716,957,1030
215717,959,1036
215718,964,1037
215719,966,1035
215720,965,1030
215721,963,1028
215722,966,1027
215723,970,1023
215724,976,1022
215725,974,1016
215726,973,1014
215727,972,1014
215728,972,1014
215729,981,1018
215730,985,1015
215731,986,1011
215732,984,1008
215733,983,1008
215734,983,1012
215735,988,1016
215736,993,1013
215737,991,1009
215738,988,1007
215739,987,1001
215740,991,1003
215741,992,1006
215742,1000,1006
215743,999,1004
215744,999,1004
215745,997,1006
215746,996,1009
215747,1000,1011
215748,1003,1013
215749,1001,1015
215750,998,1013
215751,996,1017
215752,998,1021
215753,1000,1025
215754,1002,1028
215755,1003,1028
215756,999,1024
215757,996,1023
215758,992,1029
215759,994,1036
215760,992,1041
215761,990,1047
215762,981,1053
215763,977,1053
215764,975,1048
215765,980,1044
215766,979,1040
215767,978,1036
215768,975,1036
215769,970,1038
215770,970,1039
215771,968,1044
215772,972,1044
215773,968,1043
215774,966,1044
215775,963,1045
215776,964,1047
215777,966,1051
215778,971,1054
215779,969,1056
215780,965,1054
215781,962,1055
215782,964,1056
215783,967,1059
215784,967,1057
215785,968,1056
215786,970,1053
215787,967,1055
215788,968,1053
215789,972,1057
215790,974,1059
215791,972,1057
215792,973,1054
215793,970,1052
215794,973,1055
215795,975,1055
215796,976,1054
215797,980,1050
215798,978,1044
215799,976,1044
215800,979,1046
215801,982,1049
215802,984,1048
215803,983,1045
215804,982,1042
215805,979,1045
215806,980,1048
215807,981,1050
215808,982,1053
215809,983,1054
215810,978,1057
215811,976,1057
215812,977,1051
215813,980,1052
215814,985,1043
215815,984,1042
215816,978,1036
215817,974,1035
215818,972,1039
215819,976,1042
215820,978,1038
215821,976,1035
215822,977,1031
215823,973,1028
215824,972,1032
215825,975,1037
215826,977,1038
215827,977,1040
215828,974,1037
215829,973,1038
215830,973,1042
215831,978,1046
215832,982,1046
215833,979,1042
215834,977,1042
215835,972,1039
215836,975,1042
215837,978,1042
215838,983,1045
215839,981,1044
215840,978,1043
215841,978,1041
215842,977,1046
215843,981,1047
215844,984,1047
215845,981,1047
215846,977,1044
215847,974,1046
215848,975,1053
215849,976,1056
215850,980,1054
215851,979,1049
215852,980,1049
215853,978,1051
215854,979,1053
215855,981,1053
215856,983,1054
215857,981,1054
215858,979,1048
215859,978,1043
215860,978,1047
215861,981,1049
215862,982,1047
215863,981,1045
215864,978,1039
215865,979,1040
215866,979,1044
215867,980,1048
215868,982,1041
215869,983,1035
215870,991,1025
215871,1002,1022
215872,1014,1025
215873,1033,1027
215874,1058,1028
215875,1082,1019
215876,1115,1009
215877,1153,1005
215878,1195,1002
215879,1239,1004
215880,1276,1015
215881,1299,1030
215882,1295,1042
215883,1262,1046
215884,1207,1049
215885,1149,1060
215886,1091,1068
215887,1029,1073
215888,982,1073
215889,953,1071
215890,949,1066
215891,958,1058
215892,972,1047
215893,976,1038
215894,976,1033
215895,968,1036
215896,965,1039
215897,966,1043
215898,968,1048
215899,964,1048
215900,962,1047
215901,958,1046
215902,957,1046
215903,958,1046
215904,956,1045
215905,960,1044
215906,957,1040
215907,954,1042
215908,956,1046
215909,960,1047
215910,961,1046
215911,959,1043
215912,955,1041
215913,951,1038
215914,952,1037
215915,954,1036
215916,956,1035
215917,956,1032
215918,952,1031
215919,951,1031
215920,951,1032
215921,954,1035
215922,958,1039
215923,959,1036
215924,953,1032
215925,950,1036
215926,950,1038
215927,953,1037
215928,955,1038
215929,954,1037
215930,950,1034
215931,949,1034
215932,951,1035
215933,952,1036
215934,958,1039
215935,957,1036
215936,955,1035
215937,955,1033
215938,956,1034
215939,959,1038
215940,964,1039
215941,961,1038
215942,964,1034
215943,962,1036
215944,962,1041
215945,960,1043
215946,965,1040
215947,964,1036
215948,964,1030
215949,961,1028
215950,964,1026
215951,970,1026
215952,975,1027
215953,976,1024
215954,973,1019
215955,974,1018
215956,977,1019
215957,980,1020
215958,986,1014
215959,987,1011
215960,985,1002
215961,985,1002
215962,989,1005
215963,992,1008
215964,995,1006
215965,995,1001
215966,994,997
215967,994,995
215968,993,993
215969,997,992
215970,999,990
215971,1001,992
215972,1000,990
215973,995,989
215974,993,993
215975,994,996
215976,996,998
215977,994,999
215978,988,997
215979,984,1002
215980,982,1009
215981,986,1016
215982,989,1017
215983,987,1014
215984,982,1009
215985,978,1011
215986,978,1019
215987,979,1025
215988,981,1030
215989,978,1031
215990,975,1029
215991,973,1028
215992,973,1034
215993,976,1039
215994,976,1041
215995,973,1039
215996,974,1040
215997,971,1039
215998,969,1045
215999,971,1045
216000,967,1047
216001,965,1044
216002,965,1045
216003,964,1040
216004,963,1039
216005,963,1043
216006,965,1045
216007,966,1043
216008,962,1042
216009,958,1039
216010,956,1040
216011,958,1042
216012,965,1042
216013,965,1041
216014,962,1038
216015,958,1037
216016,959,1038
216017,965,1041
216018,967,1042
216019,970,1040
216020,969,1037
216021,970,1038
216022,972,1038
216023,979,1042
216024,989,1046
216025,995,1042
216026,997,1044
216027,1000,1049
216028,999,1057
216029,1007,1061
216030,1017,1056
216031,1027,1044
216032,1039,1026
216033,1049,1010
216034,1062,1000
216035,1076,990
216036,1090,980
216037,1103,964
216038,1114,946
216039,1124,934
216040,1140,919
216041,1159,904
216042,1180,883
216043,1197,866
216044,1210,853
216045,1220,844
216046,1231,837
216047,1239,835
216048,1239,840
216049,1237,840
216050,1230,837
216051,1227,836
216052,1224,838
216053,1217,839
216054,1207,838
216055,1191,836
216056,1171,833
216057,1149,842
216058,1126,856
216059,1104,871
216060,1087,881
216061,1070,891
216062,1056,898
216063,1042,912
216064,1039,928
216065,1036,942
216066,1036,952
216067,1033,958
216068,1026,963
216069,1029,972
216070,1038,985
216071,1053,993
216072,1069,998
216073,1077,996
216074,1072,999
216075,1049,1010
216076,1015,1021
216077,975,1032
216078,949,1046
216079,930,1055
216080,919,1061
216081,914,1067
216082,910,1070
216083,908,1076
216084,907,1083
216085,899,1081
216086,890,1084
216087,886,1086
216088,885,1093
216089,887,1096
216090,887,1098
216091,880,1101
216092,875,1100
216093,874,1101
216094,871,1105
216095,872,1108
216096,875,1108
216097,872,1111
216098,868,1111
216099,863,1114
216100,864,1119
216101,862,1124
216102,864,1129
216103,861,1128
216104,856,1127
216105,854,1126
216106,857,1129
216107,860,1132
216108,861,1131
216109,857,1131
216110,854,1133
216111,851,1133
216112,854,1137
216113,852,1141
216114,851,1141
216115,847,1143
216116,845,1147
216117,845,1151
216118,847,1158
216119,852,1167
216120,854,1161
216121,854,1161
216122,853,1160
216123,850,1163
216124,853,1163
216125,860,1163
216126,865,1162
216127,865,1162
216128,862,1162
216129,858,1161
216130,863,1162
216131,867,1163
216132,872,1163
216133,875,1158
216134,873,1153
216135,875,1149
216136,880,1152
216137,886,1150
216138,893,1149
216139,893,1145
216140,897,1137
216141,900,1131
216142,907,1128
216143,915,1127
216144,920,1121
216145,920,1115
216146,919,1105
216147,919,1102
216148,923,1102
216149,930,1100
216150,936,1096
216151,935,1088
216152,934,1081
216153,928,1079
216154,933,1081
216155,937,1081
216156,941,1074
216157,941,1070
216158,938,1062
216159,936,1060
216160,939,1062
216161,939,1066
216162,945,1060
216163,945,1054
216164,943,1045
216165,942,1043
216166,946,1044
216167,949,1049
216168,952,1049
216169,948,1047
216170,945,1043
216171,943,1043
216172,945,1048
216173,949,1047
216174,954,1048
216175,951,1040
216176,947,1039
216177,946,1038
216178,949,1043
216179,953,1044
216180,958,1040
216181,954,1032
216182,950,1028
216183,947,1029
216184,951,1032
216185,956,1034
216186,956,1036
216187,956,1036
216188,952,1036
216189,951,1033
216190,954,1033
216191,957,1037
216192,960,1039
216193,959,1037
216194,955,1035
216195,953,1035
216196,953,1038
216197,957,1039
216198,956,1037
216199,955,1036
216200,953,1035
216201,952,1038
216202,951,1042
216203,956,1042
216204,957,1039
216205,957,1036
216206,957,1031
216207,952,1031
216208,953,1034
216209,956,1038
216210,961,1034
216211,959,1033
216212,958,1029
216213,958,1030
216214,959,1032
216215,959,1036
216216,958,1036
216217,958,1034
216218,959,1033
216219,955,1031
216220,952,1037
216221,957,1040
216222,959,1038
216223,958,1031
216224,954,1029
216225,954,1028
216226,955,1031
216227,960,1031
216228,962,1031
216229,959,1031
216230,956,1027
216231,953,1028
216232,953,1031
216233,959,1036
216234,964,1035
216235,962,1033
216236,962,1030
216237,960,1029
216238,959,1032
216239,962,1033
216240,965,1032
216241,961,1031
216242,957,1029
216243,955,1030
216244,957,1034
216245,960,1038
216246,965,1036
216247,962,1034
216248,958,1032
216249,955,1033
216250,958,1036
216251,958,1037
216252,959,1037
216253,956,1040
216254,957,1034
216255,956,1034
216256,959,1036
216257,961,1034
216258,963,1034
216259,963,1033
216260,960,1033
216261,957,1033
216262,959,1034
216263,958,1031
216264,960,1032
216265,962,1032
216266,962,1029
216267,960,1033
216268,960,1037
216269,962,1041
216270,961,1040
216271,961,1035
216272,960,1033
216273,959,1029
216274,961,1033
216275,964,1036
216276,966,1036
216277,964,1036
216278,962,1033
216279,959,1033
216280,961,1035
216281,965,1035
216282,969,1037
216283,969,1033
216284,964,1032
216285,964,1034
216286,966,1038
216287,967,1039
216288,970,1038
216289,970,1037
216290,969,1033
216291,967,1033
216292,969,1038
216293,973,1041
216294,975,1043
216295,973,1039
216296,969,1031
216297,970,1032
216298,970,1030
216299,973,1034
216300,973,1033
216301,972,1027
216302,971,1026
216303,973,1026
216304,973,1026
216305,983,1025
216306,995,1022
216307,1007,1020
216308,1018,1015
216309,1037,1016
216310,1062,1015
216311,1094,1011
216312,1126,999
216313,1161,993
216314,1194,992
216315,1226,999
216316,1254,1022
216317,1270,1041
216318,1263,1051
216319,1227,1049
216320,1173,1051
216321,1112,1054
216322,1056,1064
216323,1004,1071
216324,966,1072
216325,947,1069
216326,945,1062
216327,951,1050
216328,962,1045
216329,966,1043
216330,965,1036
216331,962,1035
216332,956,1033
216333,953,1032
216334,952,1036
216335,955,1039
216336,956,1039
216337,953,1034
216338,948,1032
216339,947,1031
216340,948,1032
216341,948,1032
216342,951,1033
216343,949,1030
216344,946,1028
216345,942,1030
216346,942,1032
216347,947,1033
216348,948,1032
216349,945,1030
216350,943,1026
216351,941,1027
216352,944,1027
216353,947,1031
216354,949,1030
216355,946,1028
216356,943,1028
216357,940,1029
216358,942,1032
216359,942,1033
216360,946,1033
216361,943,1038
216362,942,1032
216363,940,1029
216364,942,1032
216365,945,1035
216366,947,1035
216367,947,1033
216368,945,1027
216369,941,1029
216370,943,1031
216371,946,1031
216372,950,1030
216373,950,1028
216374,948,1025
216375,947,1029
216376,950,1030
216377,952,1031
216378,956,1027
216379,955,1024
216380,952,1020
216381,954,1020
216382,956,1022
216383,957,1022
216384,962,1015
216385,961,1011
216386,959,1008
216387,960,1008
216388,962,1010
216389,964,1014
216390,968,1013
216391,967,1006
216392,967,1001
216393,965,998
216394,969,1000
216395,969,1006
216396,975,1008
216397,973,1003
216398,974,998
216399,972,996
216400,975,998
216401,981,1001
216402,985,1000
216403,985,998
216404,984,996
216405,983,997
216406,985,996
216407,990,998
216408,992,997
216409,992,997
216410,992,995
216411,990,994
216412,993,997
216413,994,1001
216414,996,1006
216415,995,1003
216416,989,1003
216417,988,1004
216418,988,1009
216419,992,1013
216420,991,1015
216421,990,1015
216422,987,1014
216423,982,1012
216424,981,1019
216425,982,1024
216426,982,1026
216427,978,1027
216428,977,1026
216429,970,1027
216430,973,1031
216431,974,1033
216432,977,1030
216433,972,1030
216434,967,1027
216435,962,1031
216436,965,1038
216437,967,1041
216438,970,1043
216439,965,1046
216440,963,1048
216441,959,1050
216442,959,1053
216443,962,1054
216444,964,1052
216445,966,1051
216446,963,1048
216447,962,1049
216448,965,1049
216449,969,1048
216450,973,1046
216451,971,1040
216452,970,1036
216453,965,1035
216454,967,1037
216455,968,1039
216456,972,1039
216457,973,1038
216458,970,1036
216459,968,1034
216460,971,1037
216461,975,1041
216462,978,1040
216463,977,1038
216464,973,1035
216465,973,1034
216466,973,1035
216467,975,1035
216468,976,1031
216469,974,1030
216470,972,1031
216471,971,1031
216472,972,1032
216473,971,1036
216474,974,1037
216475,973,1030
216476,970,1030
216477,968,1029
216478,970,1033
216479,972,1036
216480,971,1036
216481,968,1037
216482,965,1034
216483,968,1036
216484,969,1039
216485,972,1041
216486,973,1041
216487,968,1040
216488,968,1037
216489,967,1040
216490,966,1042
216491,968,1043
216492,970,1044
216493,966,1044
216494,966,1039
216495,964,1036
216496,964,1041
216497,968,1041
216498,970,1041
216499,967,1041
216500,964,1037
216501,961,1034
216502,963,1036
216503,967,1038
216504,974,1035
216505,972,1036
216506,969,1029
216507,964,1030
216508,963,1031
216509,968,1034
216510,969,1034
216511,966,1033
216512,964,1031
216513,962,1032
216514,962,1032
216515,963,1037
216516,965,1036
216517,962,1036
216518,958,1033
216519,957,1031
216520,958,1036
216521,960,1039
216522,962,1037
216523,963,1036
216524,957,1031
216525,957,1038
216526,960,1045
216527,962,1051
216528,965,1047
216529,962,1044
216530,961,1043
216531,963,1043
216532,965,1045
216533,966,1045
216534,971,1041
216535,967,1039
216536,964,1038
216537,962,1040
216538,962,1045
216539,965,1047
216540,968,1045
216541,970,1040
216542,966,1038
216543,962,1041
216544,962,1045
216545,966,1045
216546,969,1045
216547,969,1042
216548,965,1039
216549,967,1036
216550,970,1039
216551,969,1043
216552,973,1039
216553,970,1037
216554,967,1036
216555,963,1036
216556,964,1038
216557,967,1043
216558,968,1043
216559,968,1042
216560,965,1038
216561,962,1039
216562,961,1040
216563,964,1042
216564,966,1040
216565,964,1040
216566,961,1040
216567,958,1041
216568,962,1049
216569,964,1049
216570,967,1046
216571,966,1042
216572,959,1039
216573,957,1044
216574,959,1044
216575,961,1048
216576,962,1046
216577,963,1047
216578,962,1045
216579,959,1049
216580,958,1048
216581,959,1049
216582,961,1048
216583,961,1046
216584,964,1043
216585,964,1046
216586,962,1045
216587,962,1049
216588,963,1046
216589,963,1043
216590,961,1037
216591,960,1036
216592,959,1037
216593,957,1041
216594,960,1043
216595,962,1039
216596,961,1036
216597,960,1035
216598,961,1039
216599,963,1043
216600,966,1042
216601,964,1040
216602,962,1035
216603,959,1032
216604,960,1034
216605,966,1037
216606,970,1038
216607,966,1036
216608,964,1037
216609,959,1038
216610,960,1042
216611,963,1042
216612,966,1041
216613,966,1037
216614,965,1038
216615,961,1036
216616,964,1041
216617,961,1043
216618,965,1043
216619,966,1045
216620,963,1042
216621,962,1044
216622,964,1046
216623,963,1049
216624,966,1051
216625,966,1048
216626,962,1048
216627,962,1046
216628,965,1048
216629,969,1045
216630,972,1041
216631,971,1039
216632,968,1039
216633,965,1036
216634,965,1039
216635,965,1042
216636,965,1040
216637,967,1038
216638,962,1034
216639,962,1036
216640,961,1041
216641,962,1047
216642,963,1048
216643,961,1041
216644,958,1036
216645,957,1037
216646,955,1044
216647,957,1047
216648,962,1044
216649,961,1041
216650,960,1037
216651,961,1039
216652,965,1041
216653,966,1046
216654,965,1050
216655,966,1046
216656,962,1044
216657,959,1043
216658,957,1043
216659,960,1047
216660,964,1046
216661,961,1046
216662,960,1043
216663,957,1045
216664,961,1047
216665,964,1045
216666,967,1042
216667,966,1039
216668,964,1039
216669,965,1042
216670,965,1043
216671,969,1043
216672,970,1039
216673,964,1040
216674,963,1038
216675,964,1039
216676,965,1042
216677,969,1042
216678,970,1042
216679,966,1043
216680,964,1043
216681,966,1044
216682,967,1050
216683,971,1052
216684,970,1049
216685,969,1047
216686,966,1039
216687,968,1035
216688,971,1036
216689,972,1037
216690,972,1042
216691,967,1040
216692,966,1038
216693,966,1036
216694,967,1040
216695,973,1045
216696,974,1045
216697,970,1038
216698,966,1035
216699,967,1036
216700,972,1040
216701,977,1042
216702,979,1038
216703,976,1036
216704,975,1036
216705,972,1036
216706,972,1040
216707,975,1041
216708,980,1038
216709,987,1034
216710,993,1028
216711,1001,1028
216712,1019,1030
216713,1043,1032
216714,1064,1029
216715,1093,1020
216716,1120,1008
216717,1154,997
216718,1194,999
216719,1229,1003
216720,1262,1010
216721,1282,1021
216722,1286,1031
216723,1270,1041
216724,1241,1051
216725,1200,1057
216726,1152,1063
216727,1102,1061
216728,1048,1060
216729,1001,1058
216730,968,1062
216731,960,1065
216732,968,1059
216733,977,1049
216734,979,1043
216735,973,1043
216736,971,1044
216737,966,1048
216738,967,1047
216739,965,1044
216740,960,1042
216741,956,1044
216742,957,1046
216743,956,1047
216744,956,1046
216745,954,1046
216746,952,1042
216747,951,1044
216748,951,1049
216749,950,1051
216750,951,1048
216751,950,1048
216752,944,1040
216753,946,1041
216754,948,1044
216755,951,1046
216756,950,1047
216757,948,1044
216758,947,1043
216759,945,1043
216760,947,1044
216761,951,1048
216762,954,1048
216763,953,1042
216764,951,1043
216765,949,1045
216766,951,1047
216767,951,1051
216768,952,1051
216769,951,1044
216770,949,1038
216771,946,1037
216772,948,1039
216773,952,1047
216774,955,1044
216775,953,1041
216776,952,1039
216777,950,1040
216778,953,1043
216779,954,1049
216780,956,1046
216781,954,1043
216782,950,1041
216783,950,1041
216784,951,1040
216785,957,1042
216786,962,1041
216787,959,1039
216788,958,1035
216789,955,1036
216790,959,1038
216791,965,1038
216792,969,1034
216793,965,1034
216794,964,1034
216795,962,1031
216796,967,1032
216797,972,1036
216798,977,1035
216799,975,1032
216800,974,1027
216801,973,1026
216802,974,1027
216803,977,1031
216804,982,1029
216805,982,1025
216806,979,1020
216807,980,1018
216808,984,1023
216809,988,1023
216810,991,1020
216811,992,1015
216812,990,1010
216813,994,1013
216814,994,1012
216815,995,1020
216816,997,1020
216817,995,1017
216818,992,1014
216819,991,1020
216820,991,1023
216821,991,1031
216822,995,1030
216823,996,1028
216824,992,1019
216825,987,1014
216826,992,1013
216827,995,1018
216828,996,1018
216829,991,1020
216830,988,1017
216831,984,1025
216832,983,1032
216833,984,1038
216834,983,1043
216835,981,1043
216836,976,1034
216837,975,1031
216838,975,1030
216839,976,1036
216840,977,1039
216841,974,1038
216842,970,1035
216843,963,1039
216844,967,1046
216845,970,1047
216846,971,1046
216847,968,1043
216848,966,1043
216849,964,1044
216850,964,1043
216851,966,1047
216852,968,1047
216853,969,1045
216854,965,1042
216855,962,1045
216856,966,1047
216857,968,1050
216858,969,1049
216859,963,1048
216860,960,1046
216861,957,1047
216862,956,1053
216863,961,1057
216864,966,1057
216865,972,1055
216866,971,1054
216867,971,1051
216868,971,1053
216869,972,1056
216870,974,1055
216871,975,1051
216872,971,1049
216873,970,1049
216874,972,1051
216875,975,1057
216876,980,1058
216877,977,1053
216878,974,1051
216879,970,1049
216880,971,1048
216881,977,1046
216882,983,1042
216883,981,1041
216884,974,1037
216885,968,1041
216886,969,1044
216887,970,1046
216888,975,1045
216889,976,1041
216890,973,1035
216891,972,1035
216892,972,1039
216893,974,1042
216894,975,1042
216895,976,1037
216896,974,1035
216897,972,1036
216898,975,1039
216899,980,1041
216900,982,1041
216901,980,1040
216902,976,1038
216903,973,1042
216904,973,1045
216905,974,1048
216906,976,1049
216907,975,1044
216908,974,1041
216909,973,1040
216910,973,1042
216911,980,1042
216912,980,1045
216913,975,1043
216914,971,1038
216915,969,1039
216916,971,1042
216917,973,1044
216918,975,1043
216919,975,1042
216920,972,1040
216921,971,1040
216922,973,1040
216923,976,1045
216924,975,1045
216925,972,1043
216926,973,1039
216927,971,1043
216928,971,1047
216929,974,1050
216930,976,1047
216931,972,1046
216932,971,1042
216933,970,1041
216934,970,1043
216935,972,1044
216936,971,1043
216937,969,1040
216938,966,1038
216939,965,1042
216940,963,1043
216941,964,1047
216942,965,1046
216943,965,1042
216944,964,1042
216945,963,1041
216946,963,1044
216947,961,1047
216948,964,1051
216949,966,1051
216950,967,1048
216951,967,1046
216952,968,1048
216953,971,1047
216954,973,1044
216955,970,1045
216956,966,1046
216957,968,1044
216958,970,1047
216959,973,1047
216960,977,1050
216961,978,1048
216962,976,1044
216963,976,1046
216964,974,1047
216965,976,1049
216966,981,1048
216967,979,1047
216968,978,1044
216969,977,1044
216970,979,1047
216971,980,1048
216972,981,1047
216973,979,1047
216974,979,1043
216975,977,1043
216976,982,1048
216977,984,1050
216978,986,1051
216979,983,1044
216980,981,1040
216981,981,1041
216982,988,1039
216983,998,1040
216984,1008,1036
216985,1024,1031
216986,1037,1027
216987,1058,1021
216988,1088,1015
216989,1125,1006
216990,1164,996
216991,1205,995
216992,1239,1000
216993,1270,1018
216994,1287,1038
216995,1283,1054
216996,1254,1052
216997,1203,1051
216998,1146,1059
216999,1088,1075
217000,1031,1085
217001,985,1091
217002,951,1094
217003,949,1084
217004,957,1071
217005,967,1059
217006,973,1058
217007,979,1056
217008,980,1053
217009,976,1047
217010,972,1047
217011,969,1048
217012,970,1048
217013,972,1052
217014,972,1052
217015,972,1050
217016,968,1048
217017,968,1047
217018,965,1046
217019,968,1050
217020,970,1049
217021,968,1048
217022,963,1046
217023,960,1047
217024,960,1049
217025,963,1052
217026,965,1050
217027,963,1046
217028,960,1044
217029,959,1044
217030,959,1047
217031,963,1048
217032,963,1048
217033,960,1046
217034,954,1043
217035,952,1043
217036,953,1047
217037,956,1051
217038,957,1051
217039,957,1050
217040,954,1046
217041,953,1047
217042,957,1043
217043,959,1045
217044,960,1043
217045,959,1040
217046,957,1035
217047,959,1038
217048,962,1040
217049,965,1042
217050,966,1042
217051,965,1038
217052,965,1040
217053,966,1037
217054,970,1038
217055,970,1041
217056,970,1038
217057,968,1037
217058,966,1033
217059,968,1031
217060,975,1034
217061,980,1036
217062,982,1034
217063,984,1031
217064,984,1027
217065,985,1027
217066,987,1029
217067,990,1028
217068,996,1024
217069,996,1020
217070,995,1018
217071,996,1014
217072,1000,1013
217073,1001,1015
217074,1001,1011
217075,999,1008
217076,997,1004
217077,995,1002
217078,999,1005
217079,1004,1005
217080,1006,1002
217081,1004,1000
217082,1003,996
217083,1000,999
217084,1003,1001
217085,1005,1003
217086,1008,1003
217087,1004,1001
217088,1002,1000
217089,999,999
217090,1001,1005
217091,1002,1008
217092,1008,1009
217093,1008,1007
217094,1005,1009
217095,1006,1011
217096,1000,1019
217097,1005,1023
217098,1004,1020
217099,1003,1023
217100,996,1022
217101,994,1024
217102,995,1029
217103,995,1034
217104,994,1038
217105,991,1037
217106,985,1038
217107,982,1041
217108,982,1042
217109,982,1046
217110,982,1047
217111,979,1045
217112,976,1044
217113,971,1048
217114,971,1050
217115,971,1055
217116,973,1056
217117,972,1053
217118,971,1050
217119,970,1050
217120,971,1054
217121,975,1058
217122,977,1056
217123,974,1059
217124,972,1055
217125,968,1052
217126,969,1058
217127,975,1058
217128,978,1059
217129,981,1054
217130,978,1049
217131,975,1052
217132,977,1053
217133,979,1058
217134,980,1056
217135,981,1054
217136,981,1050
217137,981,1049
217138,983,1050
217139,989,1051
217140,993,1050
217141,996,1048
217142,997,1048
217143,1000,1050
217144,1005,1057
217145,1012,1060
217146,1015,1062
217147,1019,1061
217148,1025,1055
217149,1034,1051
217150,1048,1045
217151,1060,1034
217152,1072,1018
217153,1083,1003
217154,1094,990
217155,1107,978
217156,1121,971
217157,1137,961
217158,1154,946
217159,1167,928
217160,1179,904
217161,1191,888
217162,1209,874
217163,1227,865
217164,1240,855
217165,1245,845
217166,1244,840
217167,1240,843
217168,1239,844
217169,1239,845
217170,1236,846
217171,1226,845
217172,1210,842
217173,1191,846
217174,1171,853
217175,1155,861
217176,1136,868
217177,1116,875
217178,1092,885
217179,1074,895
217180,1062,907
217181,1058,920
217182,1057,928
217183,1054,943
217184,1049,951
217185,1043,961
217186,1043,970
217187,1049,980
217188,1058,988
217189,1068,992
217190,1078,994
217191,1091,1001
217192,1096,1001
217193,1093,1009
217194,1070,1018
217195,1029,1026
217196,987,1037
217197,956,1050
217198,944,1065
217199,936,1082
217200,932,1092
217201,927,1094
217202,915,1094
217203,913,1090
217204,912,1094
217205,910,1096
217206,908,1101
217207,902,1103
217208,894,1100
217209,891,1101
217210,891,1103
217211,892,1108
217212,889,1112
217213,885,1111
217214,882,1111
217215,883,1114
217216,883,1121
217217,885,1122
217218,887,1124
217219,885,1123
217220,880,1124
217221,878,1125
217222,878,1125
217223,878,1132
217224,880,1133
217225,877,1135
217226,873,1134
217227,867,1134
217228,872,1142
217229,875,1148
217230,873,1149
217231,870,1148
217232,869,1147
217233,865,1148
217234,868,1154
217235,871,1160
217236,870,1162
217237,871,1166
217238,868,1163
217239,865,1166
217240,866,1168
217241,868,1173
217242,872,1177
217243,870,1175
217244,865,1173
217245,864,1177
217246,865,1183
217247,868,1188
217248,873,1186
217249,874,1182
217250,875,1178
217251,876,1179
217252,879,1181
217253,883,1182
217254,884,1178
217255,887,1178
217256,886,1173
217257,892,1174
217258,898,1175
217259,905,1175
217260,908,1170
217261,908,1164
217262,906,1154
217263,908,1153
217264,913,1153
217265,922,1151
217266,927,1148
217267,929,1141
217268,926,1138
217269,927,1136
217270,932,1134
217271,940,1132
217272,943,1128
217273,945,1117
217274,944,1111
217275,945,1109
217276,948,1107
217277,951,1108
217278,955,1101
217279,954,1093
217280,951,1087
217281,951,1085
217282,953,1082
217283,956,1087
217284,959,1083
217285,959,1079
217286,956,1075
217287,955,1071
217288,958,1072
217289,959,1072
217290,959,1070
217291,955,1065
217292,952,1060
217293,953,1060
217294,955,1060
217295,958,1058
217296,958,1057
217297,954,1052
217298,952,1050
217299,951,1052
217300,955,1052
217301,961,1053
217302,962,1049
217303,961,1047
217304,957,1045
217305,957,1049
217306,957,1050
217307,961,1056
217308,958,1054
217309,958,1052
217310,957,1050
217311,957,1047
217312,960,1049
217313,964,1052
217314,964,1050
217315,962,1050
217316,956,1050
217317,952,1052
217318,951,1055
217319,954,1062
217320,953,1059
217321,952,1058
217322,951,1056
217323,953,1058
217324,954,1056
217325,959,1059
217326,962,1057
217327,964,1053
217328,962,1051
217329,958,1052
217330,961,1050
217331,966,1052
217332,967,1050
217333,963,1046
217334,962,1045
217335,961,1048
217336,964,1051
217337,964,1052
217338,963,1051
217339,961,1046
217340,960,1044
217341,961,1045
217342,963,1048
217343,966,1045
217344,968,1044
217345,965,1039
217346,961,1038
217347,958,1038
217348,960,1039
217349,964,1042
217350,968,1039
217351,971,1036
217352,964,1032
217353,964,1035
217354,965,1040
217355,968,1041
217356,970,1039
217357,968,1034
217358,963,1035
217359,958,1037
217360,959,1041
217361,963,1044
217362,965,1042
217363,962,1039
217364,957,1039
217365,956,1040
217366,958,1047
217367,963,1050
217368,964,1050
217369,963,1050
217370,956,1046
217371,955,1045
217372,959,1053
217373,964,1059
217374,966,1062
217375,960,1059
217376,956,1051
217377,953,1050
217378,957,1049
217379,960,1048
217380,965,1044
217381,965,1045
217382,962,1045
217383,962,1051
217384,965,1054
217385,969,1055
217386,967,1052
217387,962,1049
217388,956,1046
217389,957,1045
217390,960,1044
217391,963,1040
217392,968,1031
217393,968,1023
217394,970,1017
217395,967,1020
217396,965,1024
217397,969,1030
217398,967,1032
217399,965,1029
217400,962,1030
217401,961,1032
217402,965,1037
217403,968,1040
217404,969,1039
217405,966,1035
217406,960,1034
217407,958,1035
217408,961,1040
217409,963,1042
217410,965,1038
217411,964,1039
217412,962,1038
217413,963,1040
217414,963,1040
217415,966,1044
217416,968,1045
217417,964,1043
217418,959,1044
217419,957,1043
217420,957,1045
217421,962,1046
217422,965,1048
217423,963,1045
217424,960,1045
217425,960,1047
217426,961,1053
217427,965,1057
217428,966,1062
217429,963,1061
217430,961,1056
217431,960,1053
217432,960,1051
217433,962,1047
217434,963,1044
217435,962,1041
217436,957,1039
217437,957,1041
217438,960,1049
217439,961,1055
217440,964,1061
217441,962,1055
217442,963,1042
217443,962,1032
217444,967,1028
217445,971,1027
217446,968,1026
217447,966,1028
217448,962,1029
217449,965,1033
217450,969,1039
217451,973,1039
217452,974,1039
217453,970,1040
217454,964,1036
217455,961,1036
217456,965,1034
217457,970,1035
217458,967,1033
217459,967,1033
217460,964,1032
217461,963,1036
217462,968,1041
217463,969,1046
217464,967,1051
217465,966,1053
217466,961,1050
217467,963,1044
217468,969,1042
217469,974,1042
217470,977,1039
217471,974,1039
217472,968,1043
217473,967,1045
217474,967,1049
217475,969,1054
217476,971,1057
217477,969,1054
217478,969,1051
217479,971,1046
217480,973,1041
217481,976,1042
217482,975,1041
217483,973,1038
217484,971,1040
217485,968,1046
217486,969,1051
217487,970,1056
217488,974,1044
217489,975,1031
217490,971,1024
217491,969,1024
217492,969,1027
217493,971,1031
217494,973,1030
217495,974,1031
217496,974,1034
217497,978,1037
217498,983,1038
217499,982,1039
217500,977,1036
217501,971,1035
217502,969,1036
217503,970,1035
217504,973,1039
217505,975,1042
217506,975,1041
217507,973,1041
217508,971,1042
217509,971,1043
217510,973,1049
217511,974,1053
217512,975,1060
217513,977,1054
217514,977,1043
217515,978,1035
217516,988,1028
217517,1002,1024
217518,1012,1021
217519,1023,1024
217520,1035,1022
217521,1057,1024
217522,1085,1023
217523,1115,1018
217524,1148,1012
217525,1179,1005
217526,1206,1002
217527,1238,1008
217528,1265,1025
217529,1282,1048
217530,1278,1064
217531,1257,1061
217532,1213,1052
217533,1161,1050
217534,1108,1056
217535,1064,1068
217536,1020,1075
217537,982,1076
217538,958,1078
217539,957,1079
217540,961,1074
217541,971,1066
217542,976,1057
217543,977,1047
217544,972,1039
217545,965,1036
217546,962,1036
217547,966,1036
217548,966,1038
217549,963,1044
217550,961,1045
217551,957,1040
217552,958,1032
217553,957,1025
217554,960,1023
217555,959,1024
217556,956,1025
217557,956,1029
217558,956,1036
217559,959,1038
217560,960,1034
217561,956,1033
217562,952,1035
217563,950,1036
217564,954,1044
217565,956,1046
217566,957,1048
217567,953,1045
217568,949,1038
217569,948,1040
217570,949,1042
217571,954,1048
217572,957,1054
217573,955,1056
217574,953,1061
217575,949,1062
217576,949,1055
217577,954,1048
217578,956,1036
217579,956,1030
217580,954,1027
217581,954,1029
217582,955,1033
217583,957,1041
217584,957,1043
217585,958,1041
217586,954,1035
217587,955,1030
217588,956,1029
217589,959,1028
217590,962,1028
217591,963,1025
217592,960,1026
217593,959,1026
217594,960,1026
217595,963,1029
217596,965,1029
217597,964,1028
217598,960,1027
217599,959,1026
217600,964,1029
217601,965,1030
217602,968,1028
217603,964,1024
217604,963,1020
217605,963,1022
217606,967,1026
217607,971,1029
217608,972,1025
217609,972,1020
217610,971,1018
217611,971,1022
217612,973,1029
217613,977,1031
217614,978,1035
217615,977,1030
217616,979,1024
217617,980,1013
217618,985,1009
217619,986,1005
217620,987,998
217621,986,993
217622,988,986
217623,990,987
217624,991,994
217625,994,997
217626,994,997
217627,994,992
217628,991,989
217629,990,993
217630,992,999
217631,998,1002
217632,998,1002
217633,1000,1000
217634,998,998
217635,1000,1002
217636,1003,1004
217637,1006,1006
217638,1006,1007
217639,1003,1007
217640,999,1008
217641,998,1009
217642,1001,1012
217643,1004,1014
217644,1004,1014
217645,1002,1016
217646,1001,1016
217647,1000,1023
217648,1000,1029
217649,1000,1034
217650,998,1032
217651,995,1029
217652,989,1026
217653,986,1030
217654,989,1035
217655,991,1039
217656,991,1042
217657,984,1042
217658,980,1043
217659,980,1043
217660,980,1042
217661,979,1043
217662,979,1044
217663,975,1042
217664,972,1046
217665,970,1055
217666,971,1057
217667,975,1062
217668,977,1058
217669,977,1051
217670,974,1042
217671,974,1039
217672,977,1041
217673,976,1046
217674,978,1044
217675,976,1042
217676,971,1049
217677,971,1063
217678,975,1072
217679,976,1067
217680,984,1045
217681,978,1031
217682,976,1025
217683,972,1033
217684,972,1037
217685,975,1040
217686,977,1037
217687,978,1037
217688,974,1035
217689,974,1043
217690,976,1045
217691,980,1045
217692,979,1042
217693,979,1037
217694,978,1031
217695,978,1034
217696,981,1042
217697,986,1049
217698,986,1053
217699,983,1054
217700,980,1050
217701,982,1045
217702,987,1040
217703,989,1036
217704,986,1029
217705,986,1024
217706,986,1026
217707,983,1036
217708,987,1042
217709,989,1045
217710,989,1041
217711,986,1034
217712,981,1028
217713,978,1029
217714,978,1033
217715,982,1036
217716,984,1036
217717,981,1035
217718,981,1033
217719,980,1037
217720,980,1038
217721,984,1041
217722,986,1041
217723,982,1038
217724,980,1039
217725,981,1040
217726,986,1043
217727,985,1047
217728,985,1048
217729,985,1043
217730,984,1036
217731,984,1036
217732,982,1038
217733,984,1040
217734,983,1037
217735,981,1033
217736,979,1033
217737,980,1032
217738,982,1036
217739,981,1040
217740,981,1038
217741,979,1041
217742,976,1047
217743,974,1054
217744,977,1064
217745,982,1065
217746,982,1054
217747,980,1038
217748,977,1025
217749,978,1021
217750,979,1025
217751,983,1032
217752,980,1035
217753,979,1034
217754,975,1037
217755,977,1041
217756,979,1041
217757,980,1041
217758,981,1043
217759,978,1037
217760,977,1034
217761,978,1033
217762,981,1037
217763,982,1040
217764,980,1043
217765,976,1036
217766,974,1039
217767,971,1043
217768,975,1046
217769,980,1050
217770,978,1052
217771,977,1050
217772,974,1049
217773,973,1045
217774,976,1042
217775,980,1040
217776,982,1039
217777,985,1034
217778,985,1033
217779,983,1040
217780,990,1046
217781,992,1045
217782,994,1039
217783,994,1035
217784,995,1031
217785,1003,1029
217786,1015,1028
217787,1029,1027
217788,1044,1024
217789,1060,1021
217790,1084,1013
217791,1113,1007
217792,1147,1003
217793,1189,1003
217794,1226,1006
217795,1257,1015
217796,1278,1034
217797,1285,1054
217798,1271,1066
217799,1235,1067
217800,1190,1065
217801,1136,1068
217802,1075,1078
217803,1017,1092
217804,972,1102
217805,954,1110
217806,953,1106
217807,962,1094
217808,966,1076
217809,969,1066
217810,973,1063
217811,978,1057
217812,977,1046
217813,974,1043
217814,967,1042
217815,965,1045
217816,965,1047
217817,965,1041
217818,966,1039
217819,964,1037
217820,960,1037
217821,961,1038
217822,959,1044
217823,963,1047
217824,961,1042
217825,958,1040
217826,957,1039
217827,957,1038
217828,956,1039
217829,956,1043
217830,955,1042
217831,954,1038
217832,953,1038
217833,952,1041
217834,953,1042
217835,955,1041
217836,956,1038
217837,954,1035
217838,951,1031
217839,951,1031
217840,953,1036
217841,959,1040
217842,960,1040
217843,957,1037
217844,956,1035
217845,955,1034
217846,958,1044
217847,962,1048
217848,962,1053
217849,961,1047
217850,959,1034
217851,959,1026
217852,960,1026
217853,966,1030
217854,968,1029
217855,967,1025
217856,960,1024
217857,960,1027
217858,964,1028
217859,968,1032
217860,970,1031
217861,971,1029
217862,969,1029
217863,972,1029
217864,974,1029
217865,978,1030
217866,980,1023
217867,975,1017
217868,973,1013
217869,974,1015
217870,978,1016
217871,982,1017
217872,981,1018
217873,981,1015
217874,985,1013
217875,986,1011
217876,990,1006
217877,993,1007
217878,996,1004
217879,997,998
217880,994,996
217881,994,994
217882,998,996
217883,1002,999
217884,1000,998
217885,1001,996
217886,997,997
217887,998,997
217888,1001,1000
217889,1002,1008
217890,1004,1016
217891,1002,1018
217892,1001,1012
217893,1002,1008
217894,1003,1008
217895,1002,1015
217896,1006,1017
217897,1003,1019
217898,1002,1012
217899,997,1010
217900,1001,1015
217901,1001,1019
217902,1001,1024
217903,998,1026
217904,995,1027
217905,992,1031
217906,992,1038
217907,991,1044
217908,990,1045
217909,989,1048
217910,986,1043
217911,982,1044
217912,983,1046
217913,982,1047
217914,981,1046
217915,975,1048
217916,970,1046
217917,971,1045
217918,973,1049
217919,977,1050
217920,976,1051
217921,973,1051
217922,970,1047
217923,972,1050
217924,973,1052
217925,976,1051
217926,975,1052
217927,975,1048
217928,973,1046
217929,971,1044
217930,971,1049
217931,974,1051
217932,976,1047
217933,976,1045
217934,975,1041
217935,972,1041
217936,972,1044
217937,978,1045
217938,977,1045
217939,975,1042
217940,970,1043
217941,974,1048
217942,974,1052
217943,977,1054
217944,978,1050
217945,979,1044
217946,976,1043
217947,975,1045
217948,977,1050
217949,985,1052
217950,985,1048
217951,981,1044
217952,980,1041
217953,980,1043
217954,980,1045
217955,983,1047
217956,985,1046
217957,984,1046
217958,979,1047
217959,979,1052
217960,982,1053
217961,984,1052
217962,985,1050
217963,982,1048
217964,980,1047
217965,977,1046
217966,979,1049
217967,978,1050
217968,976,1049
217969,979,1044
217970,977,1044
217971,978,1047
217972,981,1051
217973,983,1055
217974,984,1053
217975,982,1050
217976,978,1050
217977,980,1050
217978,981,1051
217979,982,1051
217980,980,1049
217981,981,1046
217982,976,1047
217983,974,1049
217984,977,1054
217985,980,1055
217986,979,1053
217987,978,1050
217988,974,1051
217989,971,1055
217990,975,1057
217991,978,1056
217992,975,1046
217993,978,1044
217994,974,1046
217995,973,1052
217996,975,1060
217997,977,1063
217998,978,1054
217999,975,1046
218000,971,1040
218001,974,1043
218002,978,1045
218003,979,1048
218004,978,1043
218005,975,1045
218006,970,1046
218007,971,1048
218008,972,1047
218009,975,1046
218010,973,1040
218011,972,1034
218012,971,1032
218013,971,1038
218014,975,1044
218015,979,1049
218016,978,1051
218017,976,1047
218018,972,1042
218019,972,1042
218020,974,1043
218021,977,1045
218022,979,1044
218023,976,1040
218024,976,1037
218025,977,1042
218026,979,1045
218027,984,1049
218028,985,1051
218029,983,1047
218030,982,1042
218031,982,1045
218032,984,1044
218033,986,1045
218034,985,1044
218035,984,1040
218036,983,1039
218037,989,1039
218038,998,1038
218039,1012,1037
218040,1025,1037
218041,1040,1035
218042,1053,1033
218043,1079,1027
218044,1113,1024
218045,1152,1017
218046,1189,1011
218047,1225,1012
218048,1255,1025
218049,1281,1047
218050,1290,1064
218051,1274,1068
218052,1240,1066
218053,1182,1064
218054,1127,1070
218055,1067,1080
218056,1014,1089
218057,976,1095
218058,961,1093
218059,960,1086
218060,967,1072
218061,974,1064
218062,978,1061
218063,982,1058
218064,979,1055
218065,974,1053
218066,968,1047
218067,966,1048
218068,964,1050
218069,967,1051
218070,966,1051
218071,962,1047
218072,960,1046
218073,954,1044
218074,957,1046
218075,962,1049
218076,961,1051
218077,959,1049
218078,957,1047
218079,954,1050
218080,960,1053
218081,961,1053
218082,962,1054
218083,959,1058
218084,959,1058
218085,960,1059
218086,960,1052
218087,964,1051
218088,964,1045
218089,961,1044
218090,953,1047
218091,954,1050
218092,956,1051
218093,958,1055
218094,957,1055
218095,958,1051
218096,956,1049
218097,954,1048
218098,956,1050
218099,963,1051
218100,962,1049
218101,961,1046
218102,957,1044
218103,959,1046
218104,963,1047
218105,965,1046
218106,965,1041
218107,964,1037
218108,963,1036
218109,966,1034
218110,968,1032
218111,973,1035
218112,972,1032
218113,972,1031
218114,969,1032
218115,972,1030
218116,973,1028
218117,976,1031
218118,977,1029
218119,976,1022
218120,976,1020
218121,975,1023
218122,978,1025
218123,985,1027
218124,985,1023
218125,984,1017
218126,981,1015
218127,984,1014
218128,991,1013
218129,995,1016
218130,994,1017
218131,996,1013
218132,992,1009
218133,995,1008
218134,997,1004
218135,1001,1006
218136,999,1002
218137,1000,999
218138,997,999
218139,997,999
218140,1001,1004
218141,1003,1007
218142,1002,1009
218143,1002,1009
218144,1000,1006
218145,1003,1006
218146,1006,1010
218147,1011,1014
218148,1009,1015
218149,1004,1016
218150,1002,1016
218151,1001,1020
218152,1004,1023
218153,1006,1030
218154,1004,1032
218155,999,1036
218156,996,1044
218157,992,1042
218158,993,1042
218159,996,1041
218160,994,1037
218161,990,1033
218162,987,1030
218163,983,1028
218164,984,1034
218165,985,1041
218166,982,1043
218167,980,1046
218168,977,1045
218169,976,1047
218170,979,1047
218171,978,1049
218172,974,1046
218173,971,1046
218174,967,1046
218175,965,1050
218176,966,1053
218177,971,1057
218178,971,1055
218179,967,1053
218180,964,1052
218181,967,1057
218182,968,1059
218183,971,1061
218184,972,1061
218185,969,1058
218186,971,1055
218187,972,1055
218188,974,1055
218189,979,1051
218190,977,1050
218191,975,1049
218192,974,1049
218193,975,1051
218194,980,1051
218195,986,1050
218196,989,1048
218197,990,1043
218198,988,1042
218199,994,1047
218200,1003,1048
218201,1010,1050
218202,1016,1054
218203,1018,1053
218204,1018,1053
218205,1021,1053
218206,1028,1058
218207,1040,1057
218208,1051,1048
218209,1060,1031
218210,1068,1012
218211,1082,1000
218212,1098,988
218213,1116,977
218214,1132,962
218215,1146,948
218216,1161,931
218217,1178,910
218218,1197,894
218219,1215,877
218220,1232,865
218221,1243,851
218222,1249,839
218223,1251,842
218224,1246,850
218225,1246,854
218226,1243,851
218227,1237,846
218228,1226,844
218229,1213,846
218230,1202,854
218231,1188,860
218232,1171,863
218233,1150,870
218234,1128,881
218235,1109,892
218236,1092,904
218237,1079,919
218238,1069,931
218239,1062,942
218240,1058,956
218241,1057,972
218242,1058,984
218243,1059,989
218244,1062,985
218245,1063,989
218246,1073,993
218247,1086,991
218248,1103,988
218249,1106,997
218250,1086,1005
218251,1043,1013
218252,994,1024
218253,958,1041
218254,943,1056
218255,939,1068
218256,934,1076
218257,928,1079
218258,920,1082
218259,916,1087
218260,915,1096
218261,913,1098
218262,913,1097
218263,906,1095
218264,897,1095
218265,891,1099
218266,892,1106
218267,892,1110
218268,890,1109
218269,886,1109
218270,880,1108
218271,877,1112
218272,879,1115
218273,880,1116
218274,876,1115
218275,874,1116
218276,871,1116
218277,869,1121
218278,869,1125
218279,870,1130
218280,868,1130
218281,865,1129
218282,862,1132
218283,862,1134
218284,860,1143
218285,863,1146
218286,859,1150
218287,856,1146
218288,852,1146
218289,853,1150
218290,854,1156
218291,856,1160
218292,859,1163
218293,858,1164
218294,855,1170
218295,857,1172
218296,859,1171
218297,863,1165
218298,862,1166
218299,861,1168
218300,859,1172
218301,861,1176
218302,865,1182
218303,871,1185
218304,874,1180
218305,874,1176
218306,875,1170
218307,879,1170
218308,884,1171
218309,889,1166
218310,893,1159
218311,896,1152
218312,898,1150
218313,900,1147
218314,909,1146
218315,914,1142
218316,917,1133
218317,918,1127
218318,919,1117
218319,922,1112
218320,927,1109
218321,935,1109
218322,937,1103
218323,939,1096
218324,939,1086
218325,941,1081
218326,942,1081
218327,948,1078
218328,948,1074
218329,949,1068
218330,947,1064
218331,948,1064
218332,952,1066
218333,954,1069
218334,953,1074
218335,949,1077
218336,948,1084
218337,949,1073
218338,951,1059
218339,954,1043
218340,958,1035
218341,956,1032
218342,954,1035
218343,951,1039
218344,952,1044
218345,954,1047
218346,956,1047
218347,954,1045
218348,952,1048
218349,952,1050
218350,953,1053
218351,956,1050
218352,957,1048
218353,956,1044
218354,952,1044
218355,951,1048
218356,954,1052
218357,961,1052
218358,957,1048
218359,957,1045
218360,957,1044
218361,957,1047
218362,960,1050
218363,961,1049
218364,962,1050
218365,960,1046
218366,957,1043
218367,959,1048
218368,961,1048
218369,963,1050
218370,966,1048
218371,964,1045
218372,958,1046
218373,961,1043
218374,963,1048
218375,965,1048
218376,966,1044
218377,963,1039
218378,961,1038
218379,962,1042
218380,966,1047
218381,967,1049
218382,966,1046
218383,966,1042
218384,965,1042
218385,965,1046
218386,968,1047
218387,969,1049
218388,970,1047
218389,968,1047
218390,966,1048
218391,965,1047
218392,971,1052
218393,974,1050
218394,971,1049
218395,969,1046
218396,966,1043
218397,967,1046
218398,970,1048
218399,973,1052
218400,970,1050
218401,968,1044
218402,967,1041
218403,966,1041
218404,968,1044
218405,967,1045
218406,969,1047
218407,965,1043
218408,963,1046
218409,966,1044
218410,969,1046
218411,973,1050
218412,972,1050
218413,966,1051
218414,967,1049
218415,967,1055
218416,970,1059
218417,973,1055
218418,974,1043
218419,971,1032
218420,972,1028
218421,971,1031
218422,973,1032
218423,975,1032
218424,974,1032
218425,972,1029
218426,969,1029
218427,970,1030
218428,970,1035
218429,973,1035
218430,974,1037
218431,971,1035
218432,967,1033
218433,965,1035
218434,971,1040
218435,975,1041
218436,975,1041
218437,972,1039
218438,971,1041
218439,972,1042
218440,972,1048
218441,975,1049
218442,973,1048
218443,974,1046
218444,973,1045
218445,971,1048
218446,975,1053
218447,977,1052
218448,977,1051
218449,972,1046
218450,970,1044
218451,968,1048
218452,970,1053
218453,973,1055
218454,973,1048
218455,974,1041
218456,973,1034
218457,970,1034
218458,971,1037
218459,974,1040
218460,973,1040
218461,973,1040
218462,969,1042
218463,970,1045
218464,974,1046
218465,977,1042
218466,980,1037
218467,976,1036
218468,974,1037
218469,975,1039
218470,977,1041
218471,975,1042
218472,977,1042
218473,976,1036
218474,975,1033
218475,975,1037
218476,978,1043
218477,983,1043
218478,985,1041
218479,983,1037
218480,981,1039
218481,980,1038
218482,987,1038
218483,992,1040
218484,1001,1034
218485,1011,1030
218486,1021,1026
218487,1038,1026
218488,1065,1028
218489,1098,1023
218490,1135,1012
218491,1170,1004
218492,1203,1006
218493,1242,1015
218494,1279,1027
218495,1294,1042
218496,1291,1048
218497,1260,1051
218498,1205,1059
218499,1149,1072
218500,1098,1087
218501,1048,1082
218502,998,1067
218503,972,1046
218504,962,1036
218505,965,1034
218506,973,1039
218507,980,1043
218508,978,1040
218509,972,1027
218510,969,1015
218511,967,1016
218512,968,1019
218513,970,1024
218514,966,1026
218515,961,1026
218516,958,1027
218517,955,1033
218518,958,1033
218519,957,1035
218520,956,1037
218521,948,1035
218522,949,1037
218523,950,1039
218524,955,1042
218525,956,1043
218526,956,1040
218527,956,1037
218528,952,1035
218529,949,1039
218530,949,1040
218531,955,1041
218532,959,1039
218533,956,1038
218534,954,1039
218535,951,1042
218536,955,1043
218537,957,1039
218538,958,1040
218539,956,1036
218540,956,1036
218541,957,1038
218542,954,1037
218543,957,1038
218544,955,1039
218545,954,1042
218546,952,1042
218547,952,1039
218548,955,1035
218549,958,1031
218550,959,1025
218551,955,1025
218552,952,1024
218553,952,1024
218554,956,1024
218555,959,1024
218556,960,1024
218557,958,1021
218558,957,1017
218559,958,1021
218560,962,1020
218561,970,1022
218562,970,1017
218563,969,1014
218564,969,1012
218565,971,1010
218566,975,1011
218567,978,1005
218568,977,1002
218569,978,999
218570,972,999
218571,975,1000
218572,982,999
218573,989,998
218574,991,997
218575,992,992
218576,992,992
218577,993,994
218578,996,995
218579,1000,1001
218580,1000,998
218581,1000,997
218582,1001,998
218583,1002,999
218584,1007,1003
218585,1010,1004
218586,1006,1003
218587,1003,997
218588,1002,993
218589,1002,994
218590,1000,999
218591,1005,1006
218592,1004,1009
218593,1004,1006
218594,1004,1003
218595,999,1000
218596,997,1002
218597,999,1005
218598,998,1011
218599,993,1011
218600,989,1012
218601,990,1015
218602,989,1023
218603,991,1026
218604,986,1026
218605,982,1025
218606,978,1024
218607,976,1028
218608,977,1031
218609,978,1031
218610,973,1029
218611,970,1029
218612,969,1028
218613,965,1032
218614,965,1034
218615,968,1037
218616,967,1036
218617,967,1034
218618,966,1033
218619,965,1035
218620,966,1040
218621,967,1038
218622,972,1036
218623,969,1038
218624,968,1040
218625,967,1046
218626,969,1055
218627,972,1056
218628,971,1052
218629,973,1047
218630,970,1037
218631,969,1040
218632,970,1049
218633,970,1053
218634,971,1050
218635,970,1040
218636,970,1038
218637,973,1041
218638,974,1045
218639,977,1040
218640,977,1035
218641,975,1032
218642,966,1028
218643,966,1030
218644,970,1033
218645,973,1032
218646,971,1029
218647,969,1025
218648,966,1024
218649,964,1027
218650,967,1031
218651,975,1030
218652,976,1026
218653,975,1022
218654,975,1022
218655,973,1021
218656,975,1023
218657,979,1029
218658,978,1029
218659,974,1024
218660,973,1023
218661,975,1027
218662,979,1029
218663,977,1033
218664,969,1035
218665,969,1030
218666,967,1032
218667,967,1033
218668,965,1037
218669,968,1037
218670,972,1038
218671,971,1036
218672,968,1039
218673,970,1041
218674,972,1043
218675,977,1043
218676,973,1040
218677,971,1036
218678,971,1033
218679,972,1034
218680,974,1037
218681,976,1039
218682,972,1040
218683,973,1040
218684,970,1041
218685,970,1042
218686,975,1039
218687,977,1034
218688,974,1028
218689,972,1027
218690,972,1029
218691,972,1032
218692,977,1033
218693,981,1032
218694,977,1032
218695,974,1030
218696,972,1030
218697,970,1033
218698,972,1033
218699,969,1034
218700,966,1034
218701,966,1032
218702,969,1033
218703,974,1034
218704,977,1037
218705,978,1039
218706,977,1039
218707,978,1037
218708,976,1033
218709,980,1028
218710,984,1027
218711,1000,1025
218712,1010,1022
218713,1019,1020
218714,1035,1018
218715,1064,1013
218716,1098,1008
218717,1141,999
218718,1183,996
218719,1219,999
218720,1249,1016
218721,1271,1038
218722,1278,1054
218723,1264,1057
218724,1222,1055
218725,1163,1053
218726,1102,1061
218727,1041,1078
218728,988,1093
218729,948,1102
218730,935,1105
218731,936,1097
218732,949,1078
218733,958,1061
218734,965,1047
218735,967,1046
218736,964,1045
218737,962,1036
218738,961,1026
218739,956,1020
218740,957,1018
218741,960,1020
218742,961,1023
218743,960,1025
218744,957,1025
218745,951,1026
218746,951,1025
218747,951,1023
218748,951,1024
218749,953,1020
218750,953,1018
218751,955,1017
218752,956,1018
218753,958,1021
218754,957,1021
218755,955,1022
218756,955,1023
218757,955,1027
218758,954,1028
218759,955,1030
218760,956,1030
218761,954,1031
218762,953,1030
218763,954,1032
218764,957,1034
218765,957,1036
218766,957,1038
218767,955,1033
218768,951,1030
218769,953,1030
218770,956,1031
218771,958,1031
218772,957,1033
218773,952,1029
218774,949,1028
218775,949,1034
218776,953,1037
218777,957,1039
218778,956,1038
218779,952,1040
218780,952,1045
218781,948,1050
218782,953,1052
218783,960,1044
218784,958,1030
218785,958,1017
218786,957,1007
218787,958,1003
218788,962,1003
218789,963,1001
218790,964,997
218791,961,994
218792,962,990
218793,965,993
218794,970,994
218795,971,991
218796,973,990
218797,972,988
218798,972,985
218799,975,986
218800,980,989
218801,984,991
218802,984,988
218803,982,986
218804,978,988
218805,982,990
218806,982,985
218807,989,983
218808,992,985
218809,991,983
218810,988,993
218811,985,999
218812,988,1004
218813,992,1001
218814,991,1003
218815,994,1003
218816,992,1001
218817,991,1006
218818,989,1016
218819,993,1023
218820,990,1022
218821,987,1015
218822,982,1006
218823,985,1000
218824,986,1000
218825,988,1002
218826,987,1010
218827,981,1014
218828,977,1027
218829,977,1038
218830,979,1042
218831,982,1040
218832,983,1030
218833,979,1026
218834,974,1024
218835,971,1031
218836,974,1036
218837,975,1034
218838,972,1029
218839,972,1027
218840,970,1025
218841,973,1030
218842,976,1033
218843,978,1035
218844,975,1037
218845,971,1038
218846,965,1038
218847,964,1042
218848,965,1044
218849,973,1046
218850,974,1042
218851,974,1035
218852,972,1037
218853,969,1038
218854,971,1043
218855,972,1043
218856,972,1043
218857,971,1037
218858,969,1041
218859,968,1041
218860,969,1044
218861,975,1047
218862,974,1045
218863,970,1039
218864,974,1039
218865,972,1041
218866,973,1045
218867,977,1044
218868,975,1039
218869,972,1037
218870,971,1033
218871,974,1036
218872,977,1040
218873,979,1050
218874,977,1055
218875,976,1050
218876,970,1046
218877,974,1043
218878,976,1038
218879,976,1032
218880,977,1026
218881,975,1021
218882,975,1021
218883,976,1027
218884,980,1031
218885,981,1031
218886,979,1034
218887,978,1031
218888,975,1029
218889,976,1033
218890,978,1032
218891,980,1030
218892,978,1028
218893,977,1030
218894,977,1030
218895,977,1034
218896,982,1034
218897,982,1035
218898,979,1035
218899,975,1035
218900,974,1034
218901,974,1039
218902,977,1043
218903,981,1044
218904,982,1040
218905,983,1040
218906,980,1037
218907,981,1036
218908,980,1044
218909,981,1043
218910,979,1045
218911,975,1042
218912,975,1041
218913,976,1044
218914,974,1047
218915,976,1051
218916,975,1049
218917,972,1044
218918,974,1040
218919,974,1039
218920,977,1041
218921,981,1040
218922,978,1040
218923,975,1038
218924,970,1036
218925,971,1034
218926,975,1032
218927,978,1034
218928,976,1031
218929,972,1027
218930,969,1030
218931,973,1035
218932,979,1039
218933,982,1038
218934,982,1033
218935,981,1027
218936,977,1024
218937,977,1025
218938,981,1029
218939,986,1030
218940,986,1029
218941,985,1026
218942,981,1027
218943,986,1024
218944,995,1025
218945,1009,1021
218946,1019,1019
218947,1033,1017
218948,1050,1016
218949,1077,1017
218950,1112,1012
218951,1151,1005
218952,1189,1002
218953,1226,1003
218954,1262,1012
218955,1290,1031
218956,1298,1048
218957,1275,1054
218958,1226,1052
218959,1166,1055
218960,1104,1065
218961,1043,1076
218962,995,1084
218963,960,1083
218964,953,1078
218965,956,1065
218966,965,1053
218967,972,1045
218968,977,1044
218969,976,1044
218970,971,1041
218971,966,1037
218972,960,1037
218973,964,1039
218974,965,1043
218975,965,1046
218976,963,1047
218977,961,1043
218978,957,1042
218979,955,1040
218980,956,1038
218981,960,1037
218982,962,1036
218983,963,1033
218984,959,1036
218985,957,1037
218986,959,1035
218987,963,1032
218988,964,1027
218989,962,1024
218990,957,1027
218991,957,1032
218992,956,1036
218993,959,1036
218994,959,1034
218995,957,1032
218996,957,1034
218997,960,1036
218998,960,1037
218999,962,1038
219000,963,1038
219001,961,1039
219002,957,1041
219003,960,1045
219004,962,1048
219005,964,1044
219006,966,1035
219007,961,1024
219008,957,1023
219009,960,1026
219010,963,1033
219011,967,1031
219012,964,1029
219013,961,1026
219014,956,1028
219015,957,1031
219016,963,1029
219017,967,1022
219018,966,1019
219019,967,1014
219020,965,1011
219021,968,1016
219022,973,1018
219023,979,1018
219024,978,1016
219025,978,1010
219026,979,1003
219027,979,1000
219028,984,998
219029,988,1000
219030,984,997
219031,987,994
219032,986,992
219033,991,994
219034,996,993
219035,998,999
219036,998,999
219037,997,997
219038,998,994
219039,1004,993
219040,1008,999
219041,1009,996
219042,1003,995
219043,996,997
219044,992,1004
219045,993,1014
219046,998,1014
219047,1004,1011
219048,1005,1004
219049,1002,999
219050,1001,1002
219051,1001,1012
219052,1004,1017
219053,1005,1023
219054,1001,1023
219055,995,1020
219056,992,1022
219057,988,1025
219058,990,1031
219059,989,1033
219060,990,1032
219061,982,1031
219062,980,1031
219063,982,1035
219064,982,1045
219065,982,1050
219066,981,1053
219067,977,1048
219068,972,1041
219069,974,1036
219070,977,1031
219071,980,1031
219072,979,1032
219073,974,1032
219074,971,1033
219075,969,1040
219076,972,1042
219077,975,1040
219078,973,1038
219079,969,1036
219080,968,1040
219081,971,1041
219082,973,1043
219083,975,1042
219084,972,1041
219085,966,1040
219086,965,1043
219087,971,1044
219088,976,1045
219089,979,1046
219090,978,1043
219091,975,1042
219092,970,1044
219093,968,1047
219094,966,1046
219095,969,1047
219096,968,1048
219097,967,1052
219098,964,1057
219099,966,1063
219100,971,1063
219101,975,1051
219102,975,1042
219103,972,1034
219104,969,1035
219105,971,1038
219106,973,1039
219107,974,1040
219108,976,1039
219109,975,1037
219110,975,1036
219111,977,1041
219112,978,1039
219113,980,1042
219114,979,1040
219115,976,1038
219116,976,1039
219117,976,1039
219118,980,1041
219119,985,1040
219120,984,1037
219121,981,1039
219122,980,1040
219123,981,1041
219124,983,1044
219125,985,1051
219126,982,1056
219127,978,1057
219128,976,1053
219129,977,1045
219130,976,1041
219131,981,1036
219132,982,1035
219133,979,1032
219134,977,1032
219135,979,1035
219136,982,1041
219137,985,1042
219138,983,1040
219139,978,1038
219140,975,1037
219141,977,1037
219142,977,1041
219143,982,1038
219144,980,1038
219145,978,1039
219146,976,1039
219147,976,1040
219148,976,1041
219149,979,1039
219150,975,1038
219151,973,1037
219152,970,1035
219153,971,1036
219154,977,1038
219155,979,1038
219156,981,1036
219157,977,1033
219158,976,1033
219159,978,1037
219160,980,1038
219161,980,1038
219162,977,1035
219163,973,1031
219164,971,1035
219165,971,1038
219166,974,1040
219167,977,1040
219168,975,1038
219169,974,1035
219170,970,1037
219171,973,1036
219172,974,1040
219173,978,1037
219174,978,1033
219175,975,1030
219176,972,1034
219177,973,1035
219178,976,1037
219179,979,1037
219180,977,1035
219181,975,1034
219182,973,1036
219183,974,1040
219184,978,1046
219185,983,1046
219186,982,1046
219187,983,1042
219188,979,1044
219189,979,1052
219190,982,1062
219191,985,1061
219192,986,1054
219193,987,1042
219194,989,1034
219195,997,1031
219196,1012,1026
219197,1030,1020
219198,1046,1018
219199,1065,1009
219200,1086,1006
219201,1117,1003
219202,1151,999
219203,1186,995
219204,1217,996
219205,1247,1001
219206,1271,1013
219207,1286,1030
219208,1283,1044
219209,1256,1049
219210,1210,1049
219211,1157,1052
219212,1106,1060
219213,1060,1071
219214,1016,1076
219215,980,1074
219216,958,1070
219217,954,1062
219218,960,1055
219219,968,1048
219220,975,1044
219221,976,1042
219222,971,1039
219223,966,1036
219224,965,1036
219225,966,1036
219226,967,1040
219227,969,1038
219228,964,1034
219229,957,1030
219230,955,1030
219231,956,1036
219232,959,1043
219233,964,1044
219234,963,1045
219235,964,1042
219236,958,1039
219237,954,1039
219238,952,1038
219239,958,1039
219240,960,1040
219241,959,1043
219242,955,1043
219243,953,1042
219244,956,1036
219245,959,1028
219246,959,1024
219247,956,1023
219248,955,1027
219249,960,1032
219250,961,1033
219251,963,1031
219252,961,1031
219253,956,1030
219254,955,1034
219255,957,1036
219256,963,1036
219257,963,1036
219258,960,1032
219259,955,1032
219260,952,1033
219261,956,1036
219262,959,1038
219263,960,1039
219264,958,1036
219265,956,1035
219266,954,1037
219267,955,1038
219268,957,1045
219269,961,1045
219270,962,1043
219271,958,1037
219272,958,1035
219273,963,1036
219274,963,1039
219275,965,1038
219276,962,1035
219277,964,1031
219278,961,1026
219279,963,1025
219280,968,1016
219281,971,1015
219282,974,1008
219283,969,1006
219284,968,1007
219285,968,1010
219286,974,1013
219287,977,1013
219288,977,1010
219289,979,1005
219290,979,1004
219291,979,1007
219292,983,1013
219293,987,1008
219294,990,1005
219295,989,1001
219296,989,1003
219297,991,1004
219298,996,1007
219299,997,1008
219300,994,1004
219301,990,1003
219302,990,1006
219303,994,1007
219304,998,1007
219305,1000,1004
219306,1000,1002
219307,997,998
219308,997,1002
219309,1000,1006
219310,1002,1005
219311,1005,1008
219312,1003,1006
219313,1001,1004
219314,995,1012
219315,996,1013
219316,999,1014
219317,1000,1012
219318,997,1011
219319,990,1013
219320,987,1017
219321,987,1024
219322,989,1027
219323,991,1026
219324,986,1028
219325,981,1024
219326,977,1029
219327,976,1032
219328,979,1036
219329,981,1032
219330,978,1027
219331,977,1024
219332,973,1026
219333,974,1028
219334,972,1030
219335,973,1027
219336,972,1030
219337,971,1029
219338,970,1032
219339,973,1039
219340,971,1047
219341,973,1047
219342,974,1043
219343,970,1036
219344,969,1031
219345,968,1033
219346,971,1037
219347,970,1040
219348,969,1040
219349,965,1041
219350,964,1041
219351,967,1047
219352,971,1050
219353,976,1049
219354,972,1046
219355,969,1043
219356,966,1045
219357,968,1049
219358,972,1053
219359,974,1051
219360,974,1049
219361,970,1045
219362,965,1047
219363,968,1055
219364,972,1057
219365,973,1053
219366,972,1047
219367,970,1038
219368,970,1035
219369,971,1035
219370,973,1037
219371,974,1035
219372,972,1034
219373,967,1032
219374,967,1032
219375,967,1035
219376,971,1037
219377,974,1039
219378,971,1037
219379,966,1036
219380,966,1033
219381,965,1038
219382,971,1039
219383,972,1036
219384,971,1035
219385,967,1034
219386,964,1033
219387,965,1036
219388,971,1040
219389,974,1038
219390,973,1032
219391,970,1026
219392,969,1027
219393,970,1032
219394,973,1036
219395,972,1043
219396,972,1041
219397,972,1035
219398,974,1034
219399,974,1032
219400,978,1035
219401,978,1033
219402,978,1027
219403,975,1026
219404,970,1031
219405,969,1043
219406,972,1054
219407,974,1058
219408,977,1056
219409,978,1049
219410,974,1036
219411,978,1027
219412,984,1021
219413,990,1016
219414,993,1014
219415,1001,1012
219416,1012,1011
219417,1027,1014
219418,1050,1013
219419,1080,1011
219420,1113,1002
219421,1148,997
219422,1183,1001
219423,1221,1013
219424,1258,1032
219425,1283,1050
219426,1289,1062
219427,1274,1059
219428,1246,1057
219429,1200,1056
219430,1148,1064
219431,1091,1074
219432,1031,1079
219433,980,1081
219434,944,1079
219435,937,1078
219436,945,1071
219437,956,1056
219438,959,1044
219439,959,1036
219440,962,1031
219441,960,1032
219442,960,1034
219443,960,1035
219444,958,1031
219445,953,1030
219446,948,1031
219447,948,1033
219448,948,1033
219449,952,1033
219450,951,1028
219451,949,1030
219452,947,1030
219453,949,1035
219454,953,1036
219455,955,1037
219456,950,1038
219457,947,1038
219458,942,1041
219459,944,1045
219460,951,1051
219461,952,1049
219462,950,1045
219463,947,1033
219464,943,1026
219465,945,1023
219466,947,1027
219467,950,1027
219468,951,1026
219469,947,1023
219470,945,1021
219471,943,1023
219472,949,1026
219473,952,1026
219474,950,1026
219475,946,1024
219476,943,1024
219477,946,1026
219478,948,1027
219479,950,1028
219480,949,1024
219481,948,1023
219482,943,1024
219483,944,1023
219484,947,1024
219485,950,1024
219486,951,1022
219487,947,1018
219488,945,1017
219489,949,1017
219490,953,1019
219491,955,1017
219492,951,1015
219493,949,1009
219494,952,1009
219495,955,1009
219496,959,1008
219497,960,1007
219498,958,1005
219499,957,1002
219500,960,999
219501,963,1002
219502,968,1002
219503,968,1002
219504,970,998
219505,970,993
219506,968,993
219507,968,994
219508,973,997
219509,978,995
219510,977,996
219511,977,994
219512,976,995
219513,979,999
219514,984,995
219515,985,990
219516,984,987
219517,984,984
219518,984,984
219519,985,984
219520,989,984
219521,992,985
219522,988,988
219523,985,987
219524,985,988
219525,992,990
219526,994,990
219527,993,991
219528,990,989
219529,986,987
219530,985,994
219531,987,997
219532,986,1004
219533,989,1007
219534,988,1008
219535,985,1006
219536,980,1008
219537,976,1010
219538,979,1017
219539,981,1020
219540,980,1018
219541,975,1018
219542,973,1022
219543,971,1026
219544,973,1028
219545,971,1032
219546,971,1032
219547,971,1036
219548,972,1040
219549,970,1040
219550,969,1042
219551,966,1048
219552,964,1053
219553,957,1054
219554,954,1052
219555,951,1043
219556,956,1037
219557,959,1031
219558,959,1027
219559,955,1028
219560,953,1032
219561,956,1038
219562,960,1043
219563,962,1041
219564,964,1039
219565,964,1038
219566,961,1041
219567,963,1044
219568,967,1049
219569,969,1051
219570,968,1046
219571,967,1042
219572,962,1043
219573,964,1045
219574,970,1048
219575,977,1047
219576,973,1045
219577,974,1037
219578,971,1039
219579,970,1039
219580,974,1041
219581,976,1038
219582,978,1037
219583,974,1034
219584,974,1034
219585,974,1036
219586,979,1040
219587,980,1038
219588,977,1035
219589,973,1033
219590,970,1031
219591,972,1037
219592,976,1041
219593,976,1040
219594,973,1037
219595,969,1035
219596,967,1034
219597,968,1035
219598,973,1039
219599,974,1038
219600,971,1034
219601,969,1033
219602,967,1038
219603,970,1040
219604,971,1042
219605,971,1039
219606,969,1036
219607,968,1034
219608,970,1034
219609,976,1037
219610,977,1043
219611,978,1041
219612,975,1039
219613,971,1038
219614,969,1038
219615,972,1044
219616,974,1045
219617,980,1047
219618,978,1043
219619,973,1047
219620,972,1048
219621,971,1050
219622,974,1051
219623,976,1050
219624,972,1049
219625,971,1043
219626,972,1041
219627,971,1042
219628,975,1042
219629,980,1040
219630,982,1036
219631,978,1031
219632,977,1032
219633,977,1032
219634,977,1036
219635,975,1035
219636,972,1035
219637,971,1041
219638,971,1048
219639,971,1051
219640,973,1051
219641,974,1042
219642,973,1033
219643,972,1026
219644,969,1028
219645,971,1031
219646,972,1033
219647,972,1036
219648,969,1032
219649,968,1032
219650,970,1036
219651,973,1040
219652,977,1044
219653,980,1043
219654,978,1039
219655,973,1037
219656,970,1038
219657,968,1039
219658,969,1044
219659,970,1043
219660,970,1040
219661,968,1036
219662,967,1036
219663,972,1043
219664,975,1044
219665,975,1045
219666,973,1044
219667,970,1040
219668,970,1043
219669,968,1044
219670,976,1046
219671,977,1047
219672,975,1044
219673,975,1043
219674,970,1044
219675,974,1047
219676,976,1049
219677,977,1045
219678,971,1044
219679,970,1047
219680,968,1052
219681,971,1053
219682,976,1050
219683,981,1044
219684,979,1035
219685,978,1029
219686,979,1030
219687,980,1033
219688,982,1037
219689,983,1037
219690,982,1039
219691,983,1034
219692,983,1029
219693,984,1028
219694,989,1029
219695,999,1026
219696,1008,1022
219697,1016,1018
219698,1030,1018
219699,1049,1018
219700,1070,1016
219701,1092,1013
219702,1117,1005
219703,1144,997
219704,1175,995
219705,1209,1001
219706,1246,1011
219707,1271,1024
219708,1284,1039
219709,1283,1045
219710,1258,1048
219711,1219,1051
219712,1172,1056
219713,1121,1065
219714,1071,1068
219715,1023,1070
219716,984,1074
219717,963,1078
219718,958,1071
219719,965,1062
219720,972,1054
219721,971,1047
219722,973,1045
219723,975,1044
219724,970,1046
219725,969,1043
219726,964,1041
219727,961,1042
219728,958,1045
219729,959,1044
219730,959,1049
219731,961,1047
219732,961,1044
219733,961,1040
219734,959,1034
219735,963,1034
219736,966,1034
219737,966,1035
219738,967,1032
219739,962,1032
219740,962,1035
219741,964,1037
219742,965,1039
219743,965,1041
219744,962,1040
219745,960,1039
219746,960,1038
219747,962,1041
219748,967,1042
219749,967,1039
219750,963,1035
219751,963,1035
219752,962,1037
219753,963,1039
219754,965,1036
219755,962,1039
219756,962,1035
219757,960,1034
219758,956,1034
219759,961,1037
219760,965,1040
219761,965,1039
219762,966,1034
219763,962,1031
219764,960,1033
219765,962,1037
219766,966,1036
219767,965,1032
219768,963,1028
219769,962,1027
219770,961,1026
219771,962,1028
219772,965,1033
219773,968,1030
219774,966,1030
219775,963,1029
219776,964,1030
219777,967,1033
219778,973,1029
219779,974,1024
219780,976,1018
219781,975,1015
219782,975,1012
219783,976,1015
219784,981,1017
219785,986,1015
219786,988,1010
219787,989,1006
219788,987,1003
219789,987,1007
219790,992,1005
219791,993,1001
219792,996,998
219793,995,993
219794,997,992
219795,1000,1000
219796,1002,999
219797,1005,999
219798,1005,998
219799,1005,998
219800,1007,998
219801,1010,998
219802,1012,1002
219803,1014,1000
219804,1011,1000
219805,1009,996
219806,1006,1000
219807,1008,1004
219808,1010,1007
219809,1011,1009
219810,1008,1010
219811,1004,1009
219812,1004,1012
219813,1006,1015
219814,1006,1019
219815,1005,1025
219816,1004,1027
219817,999,1028
219818,995,1030
219819,997,1035
219820,998,1043
219821,994,1042
219822,993,1040
219823,987,1032
219824,986,1033
219825,986,1036
219826,988,1037
219827,986,1037
219828,984,1031
219829,981,1030
219830,977,1032
219831,977,1035
219832,980,1038
219833,984,1037
219834,981,1035
219835,980,1031
219836,980,1031
219837,981,1032
219838,984,1037
219839,985,1037
219840,986,1035
219841,984,1033
219842,983,1032
219843,985,1035
219844,988,1037
219845,987,1038
219846,985,1036
219847,984,1037
219848,985,1039
219849,987,1042
219850,993,1044
219851,993,1043
219852,991,1036
219853,989,1035
219854,992,1034
219855,997,1037
219856,1005,1038
219857,1014,1041
219858,1017,1045
219859,1018,1047
219860,1021,1049
219861,1025,1054
219862,1035,1059
219863,1041,1054
219864,1048,1050
219865,1059,1036
219866,1070,1023
219867,1087,1013
219868,1101,1001
219869,1116,987
219870,1129,973
219871,1144,957
219872,1157,943
219873,1174,930
219874,1193,912
219875,1212,890
219876,1232,870
219877,1244,850
219878,1260,839
219879,1271,835
219880,1276,836
219881,1273,836
219882,1268,832
219883,1260,827
219884,1251,823
219885,1245,825
219886,1238,829
219887,1219,827
219888,1200,824
219889,1176,824
219890,1152,833
219891,1133,846
219892,1110,861
219893,1090,874
219894,1072,881
219895,1062,888
219896,1054,900
219897,1054,914
219898,1058,930
219899,1053,943
219900,1051,949
219901,1048,953
219902,1054,964
219903,1074,976
219904,1091,986
219905,1109,989
219906,1113,993
219907,1097,998
219908,1069,1012
219909,1031,1028
219910,995,1042
219911,971,1048
219912,950,1055
219913,939,1062
219914,933,1075
219915,931,1085
219916,929,1091
219917,926,1091
219918,922,1087
219919,916,1082
219920,910,1086
219921,908,1096
219922,908,1099
219923,907,1099
219924,904,1099
219925,901,1098
219926,897,1099
219927,898,1101
219928,897,1097
219929,897,1098
219930,891,1093
219931,888,1095
219932,886,1097
219933,888,1102
219934,890,1105
219935,892,1107
219936,887,1106
219937,884,1103
219938,882,1107
219939,885,1112
219940,887,1118
219941,888,1120
219942,883,1119
219943,882,1116
219944,881,1119
219945,884,1122
219946,887,1128
219947,886,1129
219948,880,1129
219949,876,1129
219950,876,1137
219951,880,1141
219952,882,1146
219953,884,1145
219954,882,1149
219955,880,1156
219956,881,1163
219957,883,1170
219958,889,1164
219959,892,1160
219960,890,1156
219961,892,1155
219962,893,1157
219963,898,1165
219964,901,1169
219965,903,1170
219966,906,1167
219967,908,1162
219968,909,1159
219969,915,1160
219970,919,1163
219971,922,1159
219972,925,1157
219973,925,1151
219974,929,1149
219975,935,1149
219976,940,1146
219977,942,1144
219978,946,1138
219979,946,1132
219980,947,1132
219981,948,1130
219982,958,1130
219983,960,1120
219984,961,1111
219985,958,1101
219986,963,1095
219987,965,1090
219988,969,1087
219989,970,1082
219990,969,1080
219991,967,1075
219992,966,1075
219993,968,1071
219994,972,1071
219995,972,1067
219996,970,1057
219997,968,1050
219998,966,1044
219999,968,1049
220000,970,1047
220001,970,1047
220002,967,1045
220003,965,1043
220004,964,1044
220005,966,1044
220006,966,1047
220007,966,1045
220008,969,1038
220009,969,1036
220010,965,1039
220011,967,1045
220012,969,1048
220013,971,1051
220014,972,1049
220015,970,1050
220016,967,1049
220017,969,1042
220018,968,1038
220019,969,1034
220020,972,1032
220021,972,1033
220022,969,1034
220023,970,1039
220024,975,1039
220025,976,1035
220026,974,1031
220027,973,1028
220028,968,1031
220029,971,1033
220030,975,1038
220031,976,1034
220032,970,1030
220033,972,1029
220034,973,1030
220035,976,1031
220036,981,1036
220037,982,1036
220038,980,1035
220039,977,1037
220040,977,1042
220041,979,1039
220042,982,1033
220043,982,1026
220044,981,1021
220045,979,1016
220046,976,1018
220047,980,1022
220048,981,1022
220049,982,1024
220050,979,1023
220051,976,1024
220052,978,1027
220053,977,1029
220054,981,1032
220055,982,1031
220056,979,1030
220057,974,1026
220058,974,1028
220059,975,1033
220060,976,1031
220061,977,1031
220062,975,1030
220063,972,1027
220064,973,1029
220065,975,1033
220066,978,1033
220067,979,1035
220068,977,1032
220069,975,1031
220070,973,1033
220071,973,1035
220072,976,1039
220073,978,1035
220074,979,1031
220075,975,1027
220076,976,1031
220077,978,1035
220078,980,1037
220079,980,1040
220080,981,1040
220081,978,1049
220082,976,1062
220083,978,1066
220084,982,1059
220085,985,1038
220086,979,1020
220087,979,1006
220088,978,1005
220089,980,1009
220090,983,1016
220091,983,1020
220092,986,1020
220093,983,1022
220094,983,1032
220095,984,1035
220096,986,1027
220097,985,1017
220098,986,1014
220099,981,1014
220100,980,1018
220101,983,1020
220102,984,1024
220103,984,1020
220104,983,1018
220105,976,1018
220106,975,1020
220107,977,1022
220108,982,1024
220109,982,1023
220110,981,1023
220111,975,1020
220112,973,1024
220113,978,1028
220114,979,1031
220115,981,1029
220116,980,1026
220117,976,1025
220118,976,1026
220119,976,1029
220120,980,1029
220121,979,1027
220122,977,1023
220123,974,1021
220124,975,1024
220125,977,1031
220126,980,1036
220127,981,1032
220128,979,1031
220129,978,1031
220130,978,1035
220131,978,1039
220132,982,1040
220133,982,1035
220134,981,1027
220135,978,1021
220136,975,1025
220137,978,1030
220138,980,1035
220139,980,1036
220140,979,1033
220141,977,1025
220142,977,1022
220143,980,1023
220144,983,1027
220145,982,1026
220146,981,1024
220147,978,1021
220148,979,1020
220149,981,1022
220150,980,1024
220151,982,1023
220152,980,1021
220153,974,1018
220154,975,1021
220155,977,1019
220156,981,1024
220157,983,1020
220158,979,1017
220159,977,1014
220160,977,1018
220161,979,1020
220162,983,1021
220163,980,1021
220164,982,1016
220165,978,1019
220166,977,1019
220167,975,1021
220168,981,1023
220169,983,1021
220170,981,1020
220171,979,1021
220172,979,1020
220173,982,1027
220174,985,1028
220175,986,1023
220176,985,1019
220177,981,1014
220178,980,1018
220179,982,1023
220180,986,1026
220181,989,1029
220182,987,1027
220183,984,1026
220184,981,1028
220185,981,1026
220186,983,1028
220187,984,1026
220188,984,1025
220189,982,1027
220190,981,1034
220191,983,1040
220192,988,1040
220193,992,1032
220194,988,1021
220195,986,1016
220196,982,1015
220197,983,1022
220198,986,1027
220199,986,1028
220200,982,1028
220201,980,1027
220202,980,1029
220203,980,1027
220204,985,1028
220205,986,1026
220206,981,1023
220207,979,1023
220208,981,1023
220209,983,1023
220210,987,1028
220211,990,1030
220212,991,1033
220213,993,1035
220214,992,1039
220215,1005,1044
220216,1015,1039
220217,1028,1019
220218,1046,998
220219,1062,988
220220,1084,991
220221,1120,1014
220222,1155,1031
220223,1189,1022
220224,1220,991
220225,1248,959
220226,1278,953
220227,1300,974
220228,1298,999
220229,1270,1010
220230,1219,1012
220231,1163,1015
220232,1108,1022
220233,1054,1030
220234,1013,1032
220235,987,1029
220236,978,1025
220237,984,1017
220238,992,1017
220239,996,1015
220240,996,1018
220241,991,1017
220242,984,1015
220243,980,1016
220244,979,1021
220245,976,1027
220246,978,1030
220247,976,1030
220248,976,1026
220249,971,1024
220250,970,1022
220251,968,1025
220252,970,1027
220253,970,1024
220254,965,1022
220255,962,1022
220256,962,1024
220257,962,1024
220258,965,1027
220259,964,1028
220260,963,1027
220261,957,1024
220262,959,1025
220263,962,1027
220264,961,1028
220265,963,1027
220266,962,1025
220267,960,1023
220268,959,1024
220269,962,1027
220270,966,1031
220271,965,1028
220272,966,1026
220273,961,1023
220274,961,1026
220275,963,1025
220276,964,1032
220277,964,1025
220278,964,1021
220279,963,1018
220280,961,1016
220281,965,1020
220282,967,1024
220283,966,1022
220284,965,1020
220285,963,1019
220286,965,1023
220287,968,1030
220288,975,1033
220289,976,1028
220290,975,1018
220291,976,1008
220292,977,1003
220293,978,1008
220294,983,1015
220295,983,1017
220296,983,1014
220297,983,1008
220298,986,1001
220299,987,998
220300,991,996
220301,989,991
220302,990,989
220303,989,991
220304,990,994
220305,992,998
220306,995,1000
220307,999,996
220308,999,991
220309,998,987
220310,998,987
220311,1003,991
220312,1005,990
220313,1006,988
220314,1009,987
220315,1004,986
220316,1005,988
220317,1008,991
220318,1013,989
220319,1015,990
220320,1014,990
220321,1012,989
220322,1013,992
220323,1015,994
220324,1016,995
220325,1017,998
220326,1014,994
220327,1012,992
220328,1011,997
220329,1013,1001
220330,1014,1005
220331,1013,1005
220332,1009,1002
220333,1005,1007
220334,1006,1012
220335,1006,1013
220336,1008,1018
220337,1006,1018
220338,1004,1019
220339,998,1020
220340,998,1021
220341,999,1027
220342,999,1030
220343,999,1030
220344,997,1028
220345,992,1020
220346,990,1017
220347,993,1022
220348,993,1025
220349,992,1024
220350,988,1020
220351,982,1015
220352,982,1017
220353,980,1017
220354,984,1020
220355,979,1020
220356,979,1020
220357,975,1018
220358,976,1023
220359,978,1026
220360,980,1025
220361,980,1023
220362,982,1018
220363,981,1016
220364,977,1020
220365,979,1025
220366,981,1027
220367,984,1024
220368,981,1023
220369,978,1023
220370,977,1024
220371,978,1029
220372,980,1029
220373,986,1023
220374,984,1018
220375,983,1015
220376,983,1022
220377,986,1027
220378,988,1035
220379,988,1031
220380,989,1026
220381,986,1019
220382,984,1021
220383,987,1017
220384,991,1012
220385,993,1009
220386,991,1006
220387,987,1006
220388,987,1010
220389,991,1013
220390,995,1015
220391,995,1017
220392,993,1012
220393,990,1011
220394,986,1014
220395,985,1016
220396,988,1019
220397,988,1014
220398,985,1013
220399,979,1010
220400,977,1016
220401,978,1020
220402,978,1025
220403,978,1026
220404,976,1026
220405,976,1024
220406,975,1024
220407,981,1021
220408,983,1013
220409,983,1005
220410,980,1000
220411,978,1003
220412,978,1010
220413,979,1013
220414,981,1014
220415,982,1016
220416,979,1013
220417,974,1013
220418,975,1016
220419,977,1018
220420,980,1023
220421,977,1019
220422,977,1017
220423,973,1017
220424,974,1018
220425,977,1023
220426,976,1026
220427,976,1026
220428,973,1025
220429,970,1028
220430,967,1037
220431,969,1040
220432,973,1035
220433,973,1025
220434,974,1016
220435,971,1013
220436,970,1018
220437,974,1023
220438,980,1027
220439,978,1024
220440,974,1025
220441,969,1027
220442,972,1027
220443,974,1023
220444,975,1017
220445,974,1016
220446,971,1019
220447,969,1022
220448,969,1019
220449,971,1016
220450,974,1013
220451,975,1008
220452,972,1008
220453,968,1007
220454,966,1010
220455,968,1013
220456,972,1013
220457,972,1015
220458,975,1014
220459,971,1017
220460,971,1015
220461,969,1021
220462,969,1021
220463,970,1020
220464,971,1016
220465,968,1014
220466,969,1019
220467,973,1023
220468,975,1026
220469,974,1025
220470,972,1025
220471,967,1023
220472,966,1024
220473,969,1025
220474,970,1032
220475,967,1031
220476,969,1029
220477,966,1028
220478,966,1029
220479,971,1031
220480,971,1032
220481,972,1029
220482,968,1022
220483,965,1019
220484,965,1021
220485,967,1023
220486,969,1029
220487,970,1029
220488,971,1027
220489,967,1026
220490,968,1027
220491,972,1033
220492,976,1039
220493,977,1038
220494,972,1031
220495,968,1020
220496,969,1014
220497,974,1014
220498,976,1014
220499,976,1015
220500,969,1015
220501,963,1016
220502,964,1018
220503,966,1022
220504,971,1020
220505,973,1018
220506,969,1017
220507,967,1016
220508,964,1019
220509,965,1023
220510,968,1026
220511,971,1026
220512,969,1027
220513,966,1025
220514,965,1024
220515,967,1027
220516,971,1029
220517,974,1027
220518,972,1024
220519,968,1023
220520,966,1024
220521,970,1026
220522,972,1028
220523,974,1026
220524,973,1026
220525,968,1026
220526,967,1029
220527,970,1028
220528,970,1027
220529,973,1022
220530,969,1019
220531,965,1018
220532,968,1018
220533,967,1019
220534,972,1020
220535,972,1017
220536,971,1017
220537,966,1020
220538,968,1027
220539,973,1029
220540,974,1031
220541,977,1027
220542,973,1023
220543,972,1021
220544,971,1018
220545,974,1015
220546,974,1017
220547,972,1019
220548,975,1018
220549,973,1012
220550,973,1010
220551,974,1016
220552,977,1021
220553,978,1020
220554,975,1021
220555,970,1018
220556,970,1019
220557,973,1023
220558,976,1025
220559,975,1021
220560,974,1016
220561,975,1013
220562,978,1017
220563,979,1020
220564,979,1023
220565,978,1022
220566,977,1022
220567,979,1021
220568,980,1023
220569,984,1028
220570,988,1027
220571,991,1026
220572,995,1019
220573,996,1011
220574,1012,1008
220575,1032,1009
220576,1057,1011
220577,1084,1004
220578,1115,995
220579,1144,988
220580,1181,989
220581,1219,995
220582,1254,1007
220583,1280,1013
220584,1279,1020
220585,1258,1020
220586,1217,1021
220587,1164,1031
220588,1111,1046
220589,1057,1054
220590,1005,1053
220591,967,1044
220592,954,1033
220593,963,1027
220594,976,1024
220595,982,1015
220596,980,1013
220597,974,1010
220598,968,1008
220599,967,1010
220600,964,1013
220601,962,1012
220602,958,1009
220603,955,1007
220604,956,1012
220605,957,1016
220606,958,1020
220607,957,1018
220608,954,1017
220609,952,1018
220610,950,1019
220611,953,1026
220612,954,1027
220613,954,1026
220614,953,1026
220615,950,1025
220616,949,1028
220617,951,1029
220618,952,1033
220619,958,1029
220620,956,1023
220621,954,1019
220622,953,1022
220623,952,1025
220624,953,1028
220625,957,1027
220626,953,1023
220627,949,1022
220628,950,1025
220629,950,1025
220630,954,1025
220631,951,1026
220632,953,1023
220633,951,1020
220634,952,1024
220635,952,1023
220636,958,1030
220637,954,1028
220638,954,1021
220639,954,1019
220640,953,1019
220641,956,1022
220642,960,1024
220643,961,1026
220644,958,1025
220645,957,1020
220646,960,1025
220647,963,1028
220648,968,1025
220649,969,1014
220650,969,1008
220651,969,1004
220652,975,1008
220653,977,1009
220654,980,1005
220655,979,1004
220656,977,998
220657,976,999
220658,976,999
220659,982,999
220660,986,999
220661,987,1000
220662,987,996
220663,985,997
220664,984,994
220665,985,995
220666,987,1001
220667,983,998
220668,981,994
220669,978,992
220670,977,994
220671,984,996
220672,989,997
220673,990,996
220674,987,993
220675,985,992
220676,986,996
220677,987,1001
220678,990,1003
220679,988,1001
220680,987,1000
220681,985,1001
220682,988,1003
220683,990,1009
220684,994,1010
220685,993,1006
220686,991,1005
220687,989,1005
220688,989,1006
220689,992,1012
220690,991,1018
220691,990,1019
220692,984,1020
220693,979,1020
220694,980,1022
220695,983,1023
220696,984,1020
220697,984,1019
220698,981,1017
220699,976,1018
220700,974,1023
220701,975,1027
220702,977,1029
220703,978,1027
220704,977,1025
220705,971,1027
220706,971,1029
220707,973,1035
220708,974,1039
220709,974,1041
220710,973,1041
220711,968,1042
220712,970,1039
220713,969,1035
220714,973,1031
220715,971,1027
220716,968,1026
220717,966,1028
220718,967,1031
220719,968,1035
220720,969,1039
220721,970,1037
220722,968,1034
220723,965,1035
220724,965,1041
220725,971,1044
220726,972,1048
220727,972,1040
220728,972,1032
220729,970,1026
220730,969,1027
220731,969,1032
220732,971,1037
220733,970,1036
220734,972,1031
220735,971,1033
220736,971,1034
220737,977,1031
220738,981,1031
220739,982,1031
220740,979,1030
220741,974,1033
220742,975,1034
220743,978,1037
220744,981,1035
220745,983,1034
220746,979,1028
220747,976,1027
220748,979,1029
220749,979,1032
220750,984,1035
220751,983,1035
220752,980,1029
220753,976,1026
220754,977,1028
220755,978,1031
220756,984,1033
220757,981,1028
220758,979,1025
220759,975,1023
220760,975,1026
220761,976,1029
220762,980,1030
220763,980,1031
220764,977,1030
220765,971,1029
220766,969,1035
220767,971,1040
220768,976,1040
220769,971,1038
220770,971,1028
220771,968,1014
220772,970,1011
220773,972,1013
220774,975,1014
220775,978,1014
220776,975,1016
220777,972,1017
220778,973,1025
220779,972,1032
220780,973,1034
220781,975,1031
220782,970,1024
220783,968,1021
220784,968,1023
220785,971,1026
220786,973,1029
220787,974,1025
220788,971,1027
220789,966,1027
220790,965,1030
220791,969,1037
220792,973,1040
220793,972,1037
220794,970,1028
220795,966,1024
220796,965,1024
220797,970,1030
220798,973,1032
220799,972,1032
220800,971,1030
220801,969,1030
220802,970,1030
220803,973,1031
220804,976,1035
220805,976,1039
220806,972,1040
220807,969,1034
220808,970,1031
220809,971,1027
220810,975,1027
220811,975,1027
220812,972,1027
220813,971,1025
220814,968,1029
220815,975,1031
220816,980,1031
220817,980,1026
220818,979,1021
220819,980,1019
220820,986,1025
220821,997,1028
220822,1011,1028
220823,1026,1025
220824,1046,1021
220825,1073,1014
220826,1110,1005
220827,1151,994
220828,1198,986
220829,1238,985
220830,1272,998
220831,1290,1018
220832,1280,1031
220833,1248,1043
220834,1195,1047
220835,1131,1056
220836,1066,1064
220837,1002,1070
220838,956,1074
220839,940,1076
220840,947,1068
220841,959,1055
220842,969,1042
220843,971,1033
220844,971,1028
220845,971,1029
220846,973,1027
220847,970,1025
220848,964,1024
220849,959,1028
220850,956,1027
220851,960,1029
220852,964,1030
220853,960,1031
220854,955,1029
220855,951,1029
220856,952,1032
220857,954,1034
220858,954,1034
220859,955,1033
220860,952,1031
220861,950,1031
220862,950,1033
220863,951,1035
220864,955,1037
220865,950,1037
220866,946,1037
220867,945,1038
220868,945,1039
220869,948,1041
220870,951,1040
220871,950,1037
220872,949,1033
220873,945,1028
220874,947,1030
220875,952,1034
220876,955,1034
220877,956,1031
220878,952,1029
220879,952,1025
220880,953,1027
220881,955,1027
220882,957,1027
220883,959,1023
220884,955,1020
220885,955,1019
220886,955,1019
220887,959,1018
220888,966,1018
220889,961,1018
220890,962,1019
220891,957,1016
220892,959,1017
220893,963,1017
220894,966,1017
220895,969,1015
220896,966,1015
220897,965,1009
220898,967,1011
220899,970,1007
220900,974,1007
220901,977,1004
220902,973,1001
220903,972,999
220904,972,1002
220905,975,1007
220906,975,1009
220907,977,1005
220908,978,999
220909,977,995
220910,979,997
220911,985,997
220912,989,1000
220913,990,998
220914,988,992
220915,991,991
220916,993,993
220917,992,997
220918,998,997
220919,994,994
220920,993,992
220921,994,994
220922,997,997
220923,999,1000
220924,1001,996
220925,999,994
220926,998,989
220927,996,987
220928,996,990
220929,998,996
220930,1001,1002
220931,1003,1002
220932,1000,1005
220933,994,1009
220934,992,1012
220935,995,1016
220936,997,1016
220937,996,1013
220938,991,1010
220939,990,1015
220940,985,1017
220941,987,1020
220942,986,1022
220943,983,1021
220944,979,1024
220945,975,1022
220946,972,1025
220947,972,1029
220948,970,1029
220949,968,1029
220950,962,1031
220951,961,1029
220952,959,1031
220953,964,1037
220954,962,1034
220955,961,1032
220956,960,1031
220957,960,1031
220958,957,1034
220959,960,1038
220960,965,1041
220961,964,1041
220962,962,1039
220963,961,1043
220964,960,1043
220965,964,1047
220966,966,1047
220967,965,1046
220968,961,1043
220969,958,1040
220970,960,1044
220971,963,1048
220972,967,1052
220973,968,1047
220974,967,1036
220975,967,1027
220976,963,1030
220977,968,1034
220978,972,1035
220979,973,1030
220980,973,1027
220981,971,1028
220982,969,1032
220983,974,1036
220984,976,1036
220985,975,1034
220986,974,1031
220987,973,1031
220988,972,1033
220989,975,1034
220990,980,1037
220991,979,1036
220992,979,1032
220993,976,1029
220994,975,1029
220995,972,1036
220996,978,1037
220997,977,1041
220998,972,1041
220999,968,1039
221000,971,1037
221001,971,1036
221002,977,1033
221003,975,1026
221004,973,1024
221005,973,1027
221006,974,1029
221007,976,1032
221008,978,1033
221009,975,1034
221010,973,1033
221011,970,1035
221012,970,1035
221013,971,1036
221014,973,1032
221015,972,1030
221016,968,1027
221017,968,1028
221018,966,1033
221019,970,1036
221020,973,1038
221021,970,1038
221022,967,1034
221023,964,1030
221024,965,1028
221025,969,1031
221026,972,1037
221027,971,1037
221028,967,1032
221029,966,1031
221030,967,1035
221031,974,1039
221032,977,1041
221033,980,1039
221034,975,1038
221035,971,1038
221036,970,1043
221037,973,1044
221038,975,1041
221039,975,1040
221040,975,1037
221041,974,1042
221042,976,1049
221043,977,1051
221044,979,1044
221045,980,1037
221046,974,1028
221047,974,1021
221048,973,1022
221049,972,1023
221050,974,1026
221051,973,1027
221052,970,1024
221053,968,1025
221054,967,1028
221055,969,1031
221056,974,1031
221057,973,1031
221058,974,1028
221059,971,1028
221060,972,1030
221061,971,1034
221062,971,1038
221063,975,1036
221064,974,1039
221065,967,1037
221066,969,1044
221067,969,1042
221068,973,1042
221069,973,1045
221070,973,1047
221071,967,1046
221072,965,1038
221073,972,1027
221074,977,1020
221075,976,1012
221076,977,1011
221077,980,1011
221078,987,1016
221079,1004,1015
221080,1022,1015
221081,1040,1013
221082,1062,1011
221083,1088,1001
221084,1123,993
221085,1162,984
221086,1203,984
221087,1238,987
221088,1266,1001
221089,1279,1021
221090,1270,1036
221091,1242,1043
221092,1190,1047
221093,1130,1054
221094,1073,1062
221095,1022,1068
221096,982,1077
221097,957,1081
221098,956,1072
221099,964,1059
221100,971,1044
221101,975,1040
221102,976,1042
221103,977,1047
221104,978,1046
221105,974,1043
221106,966,1038
221107,963,1034
221108,961,1033
221109,964,1037
221110,966,1040
221111,963,1041
221112,959,1039
221113,957,1037
221114,956,1037
221115,958,1038
221116,958,1038
221117,958,1035
221118,956,1028
221119,954,1026
221120,955,1029
221121,956,1037
221122,959,1039
221123,958,1041
221124,957,1036
221125,955,1035
221126,955,1032
221127,954,1031
221128,960,1029
221129,956,1029
221130,953,1027
221131,950,1025
221132,952,1025
221133,953,1027
221134,959,1028
221135,958,1028
221136,954,1029
221137,953,1026
221138,953,1027
221139,954,1029
221140,958,1030
221141,955,1028
221142,954,1022
221143,952,1024
221144,956,1027
221145,959,1029
221146,962,1030
221147,960,1028
221148,957,1027
221149,955,1026
221150,957,1024
221151,960,1030
221152,966,1025
221153,968,1020
221154,966,1017
221155,963,1014
221156,965,1014
221157,971,1012
221158,973,1012
221159,973,1009
221160,973,1005
221161,974,1003
221162,974,1003
221163,977,1007
221164,980,1008
221165,977,1009
221166,978,1010
221167,978,1012
221168,977,1008
221169,981,1002
221170,987,993
221171,986,985
221172,987,979
221173,985,982
221174,986,986
221175,991,992
221176,996,994
221177,996,997
221178,995,997
221179,992,1000
221180,993,1002
221181,996,1005
221182,1000,1004
221183,1001,1002
221184,998,996
221185,998,994
221186,998,999
221187,1001,1005
221188,1002,1006
221189,1003,1005
221190,998,1006
221191,996,1007
221192,996,1011
221193,999,1020
221194,1001,1021
221195,996,1020
221196,989,1018
221197,987,1023
221198,988,1028
221199,988,1034
221200,988,1031
221201,983,1029
221202,978,1029
221203,977,1030
221204,975,1034
221205,977,1039
221206,977,1037
221207,975,1034
221208,970,1031
221209,965,1031
221210,966,1034
221211,967,1042
221212,968,1046
221213,966,1046
221214,964,1041
221215,959,1037
221216,963,1036
221217,962,1034
221218,966,1031
221219,965,1029
221220,960,1028
221221,959,1029
221222,961,1031
221223,965,1033
221224,969,1036
221225,968,1037
221226,965,1035
221227,963,1035
221228,965,1036
221229,966,1041
221230,971,1043
221231,974,1039
221232,971,1040
221233,966,1042
221234,968,1045
221235,970,1047
221236,976,1044
221237,978,1046
221238,978,1044
221239,976,1046
221240,976,1049
221241,981,1050
221242,990,1040
221243,993,1036
221244,995,1035
221245,997,1035
221246,1002,1038
221247,1005,1041
221248,1008,1043
221249,1011,1043
221250,1015,1041
221251,1023,1039
221252,1034,1033
221253,1048,1021
221254,1062,1005
221255,1075,990
221256,1084,972
221257,1098,955
221258,1116,943
221259,1133,931
221260,1150,916
221261,1167,895
221262,1181,872
221263,1193,850
221264,1209,840
221265,1224,835
221266,1235,830
221267,1242,820
221268,1238,812
221269,1234,806
221270,1232,801
221271,1231,799
221272,1228,799
221273,1219,801
221274,1205,804
221275,1193,808
221276,1176,821
221277,1164,831
221278,1149,847
221279,1131,868
221280,1108,880
221281,1087,891
221282,1070,891
221283,1064,888
221284,1060,886
221285,1050,893
221286,1042,906
221287,1039,922
221288,1036,936
221289,1034,950
221290,1037,962
221291,1041,972
221292,1046,978
221293,1058,983
221294,1077,988
221295,1086,993
221296,1081,1000
221297,1058,1006
221298,1020,1009
221299,979,1017
221300,945,1033
221301,930,1047
221302,926,1053
221303,923,1064
221304,915,1068
221305,908,1070
221306,906,1077
221307,906,1077
221308,906,1079
221309,899,1079
221310,893,1081
221311,890,1082
221312,888,1089
221313,892,1094
221314,891,1094
221315,889,1092
221316,885,1093
221317,880,1096
221318,881,1099
221319,881,1104
221320,883,1106
221321,880,1107
221322,875,1109
221323,868,1113
221324,872,1121
221325,871,1127
221326,873,1131
221327,868,1129
221328,869,1122
221329,866,1114
221330,865,1115
221331,867,1119
221332,871,1127
221333,867,1133
221334,862,1134
221335,858,1137
221336,859,1141
221337,863,1144
221338,862,1141
221339,862,1135
221340,856,1132
221341,852,1132
221342,852,1136
221343,854,1144
221344,855,1144
221345,858,1144
221346,857,1148
221347,855,1154
221348,857,1159
221349,860,1162
221350,860,1166
221351,857,1168
221352,854,1168
221353,850,1171
221354,853,1177
221355,856,1181
221356,862,1187
221357,861,1189
221358,859,1188
221359,858,1185
221360,860,1180
221361,864,1175
221362,868,1169
221363,870,1162
221364,872,1158
221365,874,1159
221366,877,1162
221367,880,1168
221368,883,1170
221369,888,1176
221370,889,1175
221371,891,1170
221372,898,1159
221373,905,1141
221374,912,1125
221375,916,1115
221376,917,1114
221377,922,1109
221378,927,1105
221379,928,1101
221380,932,1098
221381,931,1092
221382,934,1086
221383,937,1086
221384,939,1084
221385,945,1084
221386,949,1082
221387,947,1074
221388,943,1070
221389,941,1069
221390,944,1069
221391,947,1068
221392,952,1066
221393,953,1060
221394,951,1055
221395,946,1054
221396,942,1054
221397,944,1054
221398,949,1054
221399,949,1051
221400,946,1048
221401,944,1048
221402,946,1045
221403,947,1049
221404,949,1049
221405,949,1048
221406,948,1043
221407,947,1045
221408,946,1046
221409,947,1047
221410,948,1048
221411,949,1043
221412,946,1043
221413,943,1040
221414,944,1044
221415,948,1047
221416,950,1051
221417,950,1052
221418,949,1051
221419,945,1050
221420,947,1049
221421,950,1047
221422,953,1044
221423,953,1046
221424,951,1043
221425,947,1046
221426,951,1051
221427,952,1053
221428,952,1054
221429,952,1049
221430,952,1036
221431,951,1031
221432,950,1032
221433,954,1041
221434,957,1046
221435,958,1046
221436,955,1045
221437,954,1040
221438,956,1037
221439,961,1042
221440,963,1040
221441,962,1039
221442,958,1034
221443,955,1031
221444,962,1034
221445,962,1037
221446,966,1038
221447,963,1036
221448,963,1032
221449,963,1035
221450,962,1040
221451,963,1045
221452,965,1048
221453,963,1047
221454,963,1046
221455,961,1051
221456,960,1053
221457,960,1055
221458,963,1054
221459,964,1046
221460,962,1040
221461,959,1041
221462,957,1048
221463,960,1059
221464,962,1063
221465,965,1052
221466,963,1034
221467,962,1022
221468,958,1020
221469,960,1026
221470,962,1028
221471,962,1028
221472,960,1026
221473,958,1030
221474,959,1029
221475,961,1033
221476,966,1034
221477,964,1030
221478,962,1029
221479,961,1029
221480,961,1028
221481,964,1032
221482,966,1032
221483,963,1031
221484,961,1029
221485,960,1029
221486,961,1034
221487,963,1036
221488,967,1037
221489,965,1035
221490,959,1033
221491,957,1038
221492,962,1040
221493,965,1041
221494,966,1039
221495,962,1039
221496,960,1039
221497,959,1041
221498,962,1043
221499,962,1045
221500,964,1045
221501,964,1042
221502,964,1041
221503,960,1040
221504,961,1042
221505,962,1042
221506,965,1042
221507,963,1041
221508,958,1043
221509,959,1048
221510,959,1052
221511,963,1053
221512,965,1051
221513,964,1042
221514,961,1038
221515,960,1033
221516,960,1030
221517,961,1030
221518,965,1028
221519,964,1027
221520,963,1025
221521,960,1023
221522,961,1026
221523,963,1030
221524,963,1031
221525,965,1035
221526,963,1033
221527,962,1034
221528,964,1035
221529,963,1033
221530,968,1035
221531,968,1037
221532,964,1042
221533,963,1052
221534,961,1058
221535,962,1054
221536,967,1039
221537,964,1027
221538,964,1023
221539,960,1027
221540,961,1032
221541,964,1028
221542,968,1028
221543,966,1024
221544,963,1027
221545,961,1029
221546,966,1032
221547,970,1037
221548,971,1039
221549,968,1039
221550,967,1038
221551,965,1039
221552,968,1041
221553,973,1040
221554,972,1041
221555,968,1040
221556,965,1039
221557,965,1041
221558,965,1038
221559,969,1041
221560,974,1036
221561,972,1031
221562,970,1032
221563,967,1031
221564,967,1035
221565,970,1039
221566,973,1037
221567,969,1038
221568,969,1035
221569,965,1033
221570,969,1032
221571,970,1034
221572,972,1032
221573,968,1029
221574,965,1031
221575,963,1031
221576,964,1035
221577,965,1041
221578,969,1045
221579,966,1042
221580,967,1039
221581,961,1037
221582,965,1035
221583,968,1033
221584,969,1034
221585,966,1035
221586,966,1031
221587,967,1032
221588,967,1038
221589,970,1041
221590,974,1042
221591,971,1038
221592,970,1032
221593,970,1030
221594,971,1033
221595,973,1037
221596,974,1038
221597,975,1035
221598,973,1032
221599,974,1037
221600,974,1041
221601,970,1045
221602,973,1046
221603,974,1041
221604,971,1037
221605,971,1034
221606,973,1038
221607,978,1040
221608,980,1039
221609,981,1037
221610,979,1033
221611,978,1032
221612,977,1033
221613,978,1035
221614,983,1034
221615,985,1029
221616,987,1024
221617,997,1023
221618,1007,1023
221619,1024,1024
221620,1043,1023
221621,1066,1015
221622,1097,1007
221623,1127,999
221624,1165,996
221625,1204,998
221626,1241,1007
221627,1272,1027
221628,1287,1047
221629,1276,1060
221630,1242,1060
221631,1190,1059
221632,1128,1060
221633,1071,1065
221634,1013,1067
221635,972,1066
221636,954,1070
221637,954,1074
221638,966,1072
221639,971,1067
221640,973,1056
221641,969,1047
221642,971,1040
221643,972,1032
221644,971,1021
221645,969,1017
221646,966,1014
221647,963,1019
221648,961,1021
221649,963,1023
221650,965,1026
221651,962,1027
221652,959,1026
221653,956,1026
221654,955,1030
221655,959,1034
221656,961,1035
221657,959,1033
221658,957,1029
221659,955,1031
221660,956,1034
221661,957,1036
221662,960,1034
221663,960,1034
221664,957,1030
221665,952,1034
221666,951,1038
221667,955,1040
221668,958,1038
221669,959,1039
221670,956,1034
221671,957,1037
221672,957,1040
221673,957,1047
221674,959,1048
221675,957,1050
221676,955,1046
221677,953,1047
221678,955,1045
221679,956,1049
221680,960,1053
221681,957,1051
221682,954,1050
221683,953,1046
221684,956,1046
221685,960,1049
221686,962,1047
221687,962,1043
221688,960,1036
221689,958,1033
221690,962,1033
221691,967,1036
221692,969,1032
221693,965,1025
221694,963,1024
221695,962,1023
221696,963,1029
221697,968,1037
221698,971,1037
221699,972,1028
221700,969,1018
221701,968,1012
221702,972,1005
221703,974,1004
221704,978,1004
221705,980,1003
221706,975,1002
221707,974,1002
221708,976,1005
221709,979,1008
221710,982,1005
221711,982,1004
221712,978,1000
221713,979,1001
221714,980,1003
221715,984,1009
221716,987,1010
221717,987,1007
221718,983,1004
221719,984,1005
221720,989,1008
221721,990,1010
221722,996,1011
221723,992,1006
221724,994,1005
221725,993,1007
221726,996,1008
221727,1001,1008
221728,1002,1009
221729,1002,1006
221730,1003,1006
221731,1002,1011
221732,1003,1017
221733,1010,1023
221734,1014,1025
221735,1015,1023
221736,1011,1014
221737,1009,1005
221738,1009,1002
221739,1013,1005
221740,1014,1005
221741,1012,1005
221742,1011,1004
221743,1011,1004
221744,1012,1007
221745,1014,1015
221746,1009,1017
221747,1010,1019
221748,1001,1020
221749,996,1021
221750,995,1028
221751,999,1029
221752,1000,1032
221753,997,1030
221754,993,1031
221755,990,1034
221756,987,1037
221757,989,1040
221758,989,1040
221759,986,1039
221760,983,1032
221761,977,1038
221762,978,1040
221763,979,1045
221764,978,1045
221765,979,1043
221766,975,1043
221767,969,1046
221768,969,1050
221769,971,1053
221770,973,1057
221771,973,1057
221772,969,1055
221773,967,1052
221774,970,1053
221775,974,1055
221776,978,1054
221777,977,1047
221778,973,1040
221779,971,1038
221780,972,1045
221781,975,1058
221782,977,1072
221783,977,1079
221784,976,1067
221785,977,1044
221786,981,1023
221787,982,1016
221788,987,1020
221789,985,1023
221790,984,1026
221791,981,1030
221792,982,1039
221793,984,1051
221794,987,1056
221795,985,1050
221796,984,1035
221797,986,1023
221798,988,1019
221799,994,1020
221800,993,1023
221801,992,1023
221802,990,1022
221803,990,1025
221804,991,1029
221805,992,1031
221806,995,1031
221807,990,1031
221808,989,1030
221809,985,1030
221810,987,1033
221811,990,1035
221812,991,1036
221813,989,1034
221814,986,1031
221815,983,1034
221816,985,1037
221817,986,1043
221818,987,1040
221819,984,1035
221820,981,1036
221821,978,1034
221822,984,1038
221823,987,1040
221824,988,1033
221825,985,1032
221826,982,1031
221827,980,1033
221828,981,1036
221829,984,1039
221830,984,1036
221831,981,1034
221832,976,1034
221833,976,1038
221834,977,1044
221835,980,1045
221836,981,1041
221837,979,1039
221838,977,1036
221839,975,1034
221840,978,1038
221841,982,1041
221842,983,1047
221843,978,1049
221844,977,1047
221845,976,1041
221846,977,1036
221847,978,1038
221848,982,1039
221849,983,1039
221850,978,1040
221851,977,1039
221852,976,1043
221853,979,1048
221854,982,1047
221855,981,1046
221856,980,1042
221857,981,1042
221858,982,1040
221859,985,1041
221860,985,1040
221861,984,1038
221862,979,1038
221863,979,1038
221864,978,1041
221865,980,1048
221866,984,1053
221867,984,1052
221868,982,1051
221869,983,1041
221870,984,1037
221871,990,1029
221872,997,1025
221873,1002,1021
221874,1012,1018
221875,1023,1021
221876,1041,1021
221877,1071,1020
221878,1105,1008
221879,1140,991
221880,1175,981
221881,1211,984
221882,1249,995
221883,1281,1010
221884,1291,1026
221885,1279,1036
221886,1240,1039
221887,1190,1042
221888,1132,1056
221889,1076,1078
221890,1019,1092
221891,969,1091
221892,936,1078
221893,934,1068
221894,946,1057
221895,961,1050
221896,968,1037
221897,974,1034
221898,974,1030
221899,971,1028
221900,972,1031
221901,972,1034
221902,968,1034
221903,967,1034
221904,963,1034
221905,960,1034
221906,960,1035
221907,961,1038
221908,964,1038
221909,965,1040
221910,961,1037
221911,958,1042
221912,961,1045
221913,962,1047
221914,963,1043
221915,961,1039
221916,957,1036
221917,954,1036
221918,953,1042
221919,955,1050
221920,957,1054
221921,957,1048
221922,956,1039
221923,954,1035
221924,957,1039
221925,957,1047
221926,953,1045
221927,954,1040
221928,946,1035
221929,945,1038
221930,949,1043
221931,950,1048
221932,951,1043
221933,952,1036
221934,953,1028
221935,952,1027
221936,952,1029
221937,953,1034
221938,955,1031
221939,957,1032
221940,956,1029
221941,955,1031
221942,955,1035
221943,959,1038
221944,963,1039
221945,960,1033
221946,957,1028
221947,956,1026
221948,958,1024
221949,962,1026
221950,960,1022
221951,963,1021
221952,962,1020
221953,962,1018
221954,966,1018
221955,969,1018
221956,974,1016
221957,974,1013
221958,971,1010
221959,970,1014
221960,971,1017
221961,978,1016
221962,979,1009
221963,980,1000
221964,981,994
221965,979,991
221966,983,995
221967,985,1002
221968,986,999
221969,989,999
221970,984,993
221971,980,995
221972,982,998
221973,985,999
221974,989,1000
221975,987,997
221976,984,996
221977,984,996
221978,987,998
221979,987,999
221980,990,1003
221981,987,1002
221982,989,999
221983,985,998
221984,989,994
221985,988,998
221986,988,999
221987,987,1003
221988,985,1008
221989,985,1010
221990,986,1014
221991,985,1014
221992,988,1015
221993,986,1014
221994,982,1014
221995,979,1017
221996,978,1022
221997,980,1025
221998,983,1025
221999,979,1026
222000,973,1027
222001,972,1029
222002,971,1035
222003,972,1041
222004,973,1041
222005,972,1041
222006,968,1039
222007,966,1041
222008,964,1045
222009,967,1050
222010,969,1052
222011,967,1048
222012,961,1050
222013,963,1049
222014,963,1051
222015,965,1057
222016,963,1052
222017,962,1050
222018,962,1047
222019,960,1048
222020,962,1049
222021,963,1053
222022,966,1053
222023,963,1051
222024,959,1047
222025,959,1046
222026,961,1045
222027,967,1045
222028,968,1040
222029,968,1041
222030,966,1041
222031,963,1046
222032,962,1053
222033,964,1057
222034,967,1053
222035,964,1045
222036,965,1034
222037,965,1029
222038,965,1030
222039,967,1032
222040,967,1031
222041,967,1029
222042,966,1026
222043,965,1031
222044,966,1034
222045,968,1040
222046,971,1044
222047,968,1041
222048,966,1041
222049,965,1037
222050,969,1037
222051,969,1039
222052,974,1038
222053,973,1033
222054,969,1034
222055,968,1032
222056,968,1037
222057,972,1038
222058,972,1042
222059,969,1040
222060,965,1043
222061,965,1046
222062,968,1049
222063,969,1050
222064,970,1046
222065,968,1044
222066,966,1040
222067,965,1038
222068,971,1038
222069,971,1038
222070,980,1033
222071,977,1029
222072,970,1031
222073,965,1036
222074,967,1040
222075,970,1045
222076,972,1042
222077,971,1033
222078,968,1022
222079,967,1018
222080,969,1019
222081,973,1021
222082,972,1022
222083,969,1024
222084,966,1024
222085,966,1029
222086,966,1033
222087,967,1036
222088,968,1036
222089,964,1030
222090,961,1030
222091,960,1030
222092,964,1032
222093,969,1035
222094,969,1039
222095,966,1037
222096,965,1034
222097,963,1032
222098,964,1036
222099,966,1042
222100,969,1043
222101,965,1045
222102,962,1039
222103,963,1040
222104,968,1039
222105,969,1043
222106,972,1042
222107,970,1039
222108,965,1039
222109,965,1042
222110,969,1046
222111,967,1053
222112,971,1051
222113,967,1048
222114,964,1048
222115,967,1045
222116,976,1040
222117,987,1033
222118,1001,1027
222119,1008,1020
222120,1017,1015
222121,1033,1015
222122,1059,1013
222123,1091,1011
222124,1126,1004
222125,1159,997
222126,1193,994
222127,1222,999
222128,1256,1009
222129,1278,1025
222130,1280,1032
222131,1259,1037
222132,1218,1034
222133,1166,1039
222134,1110,1049
222135,1058,1066
222136,1002,1074
222137,959,1080
222138,934,1086
222139,931,1087
222140,941,1078
222141,954,1064
222142,962,1053
222143,962,1042
222144,959,1036
222145,955,1034
222146,953,1034
222147,956,1037
222148,956,1037
222149,956,1042
222150,950,1047
222151,948,1050
222152,950,1052
222153,950,1056
222154,952,1049
222155,949,1045
222156,949,1039
222157,943,1038
222158,947,1041
222159,950,1045
222160,951,1048
222161,952,1045
222162,949,1042
222163,946,1041
222164,943,1040
222165,947,1042
222166,948,1041
222167,948,1039
222168,943,1037
222169,941,1036
222170,946,1038
222171,947,1039
222172,949,1034
222173,950,1032
222174,947,1032
222175,948,1032
222176,950,1032
222177,951,1036
222178,951,1038
222179,950,1038
222180,949,1034
222181,949,1029
222182,951,1024
222183,955,1025
222184,953,1026
222185,953,1025
222186,952,1022
222187,951,1023
222188,951,1027
222189,954,1031
222190,959,1031
222191,960,1029
222192,956,1026
222193,957,1024
222194,958,1023
222195,964,1024
222196,965,1019
222197,964,1012
222198,963,1010
222199,963,1011
222200,966,1015
222201,971,1019
222202,973,1021
222203,970,1018
222204,969,1016
222205,968,1008
222206,976,1009
222207,979,1007
222208,980,1007
222209,980,1008
222210,981,1007
222211,982,1012
222212,984,1016
222213,986,1015
222214,985,1001
222215,988,996
222216,984,990
222217,986,992
222218,990,994
222219,994,998
222220,997,997
222221,995,997
222222,989,994
222223,986,991
222224,988,997
222225,990,999
222226,993,996
222227,994,993
222228,991,993
222229,991,997
222230,989,1003
222231,993,1005
222232,993,1006
222233,992,1003
222234,988,1006
222235,987,1014
222236,986,1017
222237,988,1024
222238,986,1022
222239,984,1021
222240,976,1020
222241,975,1022
222242,975,1030
222243,979,1036
222244,980,1035
222245,976,1036
222246,973,1034
222247,971,1033
222248,972,1036
222249,974,1038
222250,974,1037
222251,971,1036
222252,966,1039
222253,965,1041
222254,968,1048
222255,970,1055
222256,971,1055
222257,971,1053
222258,970,1050
222259,968,1050
222260,969,1049
222261,972,1053
222262,974,1051
222263,974,1051
222264,970,1048
222265,970,1045
222266,968,1046
222267,975,1045
222268,976,1043
222269,974,1041
222270,972,1041
222271,968,1047
222272,971,1051
222273,974,1049
222274,976,1040
222275,977,1034
222276,975,1031
222277,972,1028
222278,973,1027
222279,975,1027
222280,976,1024
222281,976,1025
222282,971,1027
222283,972,1029
222284,971,1035
222285,973,1037
222286,977,1035
222287,976,1032
222288,974,1031
222289,972,1034
222290,974,1036
222291,978,1039
222292,979,1041
222293,978,1038
222294,978,1038
222295,977,1039
222296,978,1041
222297,980,1043
222298,981,1044
222299,982,1043
222300,978,1044
222301,978,1046
222302,982,1048
222303,983,1054
222304,986,1052
222305,985,1048
222306,982,1040
222307,981,1037
222308,981,1037
222309,985,1042
222310,986,1041
222311,982,1039
222312,981,1034
222313,982,1034
222314,982,1038
222315,984,1039
222316,986,1038
222317,986,1035
222318,982,1031
222319,979,1029
222320,983,1033
222321,985,1037
222322,987,1036
222323,982,1034
222324,980,1034
222325,981,1036
222326,985,1039
222327,986,1041
222328,986,1039
222329,985,1035
222330,981,1033
222331,981,1034
222332,984,1035
222333,985,1035
222334,988,1032
222335,984,1030
222336,981,1031
222337,982,1035
222338,986,1033
222339,988,1035
222340,994,1030
222341,1002,1027
222342,1010,1023
222343,1021,1025
222344,1044,1029
222345,1071,1030
222346,1105,1026
222347,1139,1013
222348,1174,1010
222349,1214,1010
222350,1254,1014
222351,1289,1028
222352,1299,1043
222353,1284,1055
222354,1237,1055
222355,1169,1057
222356,1104,1071
222357,1048,1082
222358,991,1091
222359,957,1092
222360,946,1086
222361,956,1079
222362,971,1070
222363,981,1062
222364,985,1051
222365,982,1039
222366,975,1031
222367,970,1030
222368,973,1033
222369,973,1034
222370,972,1035
222371,969,1032
222372,964,1031
222373,961,1033
222374,960,1036
222375,965,1039
222376,966,1038
222377,963,1039
222378,959,1036
222379,959,1033
222380,956,1031
222381,963,1030
222382,962,1029
222383,963,1027
222384,960,1025
222385,958,1028
222386,959,1035
222387,962,1039
222388,966,1038
222389,965,1038
222390,962,1035
222391,959,1039
222392,963,1039
222393,965,1044
222394,968,1043
222395,962,1038
222396,960,1038
222397,959,1041
222398,962,1040
222399,966,1041
222400,966,1038
222401,963,1037
222402,961,1035
222403,960,1034
222404,961,1036
222405,962,1033
222406,965,1036
222407,963,1031
222408,960,1030
222409,958,1036
222410,961,1038
222411,967,1042
222412,968,1041
222413,965,1039
222414,966,1038
222415,961,1038
222416,966,1038
222417,972,1033
222418,975,1023
222419,975,1013
222420,973,1008
222421,973,1008
222422,978,1009
222423,982,1013
222424,986,1011
222425,988,1006
222426,982,1003
222427,982,1003
222428,984,1006
222429,988,1007
222430,993,1005
222431,991,1001
222432,989,999
222433,989,1003
222434,992,1007
222435,996,1006
222436,998,1007
222437,999,1001
222438,995,998
222439,994,1000
222440,996,1004
222441,1001,1008
222442,1005,1007
222443,1004,1008
222444,1000,1006
222445,1000,1007
222446,999,1010
222447,1003,1012
222448,1007,1013
222449,1006,1014
222450,1001,1017
222451,999,1022
222452,1000,1024
222453,1002,1023
222454,1002,1023
222455,998,1024
222456,994,1026
222457,990,1035
222458,990,1039
222459,990,1038
222460,989,1035
222461,984,1033
222462,982,1031
222463,980,1037
222464,981,1041
222465,983,1044
222466,984,1045
222467,981,1045
222468,975,1043
222469,975,1043
222470,977,1046
222471,977,1047
222472,978,1046
222473,977,1046
222474,975,1045
222475,971,1043
222476,974,1049
222477,974,1050
222478,975,1054
222479,970,1050
222480,971,1050
222481,968,1051
222482,971,1051
222483,975,1053
222484,976,1048
222485,973,1045
222486,971,1039
222487,970,1040
222488,974,1044
222489,976,1046
222490,978,1046
222491,982,1043
222492,978,1039
222493,982,1039
222494,985,1045
222495,988,1049
222496,989,1046
222497,993,1046
222498,994,1044
222499,998,1044
222500,1004,1047
222501,1010,1052
222502,1015,1052
222503,1018,1054
222504,1021,1052
222505,1024,1059
222506,1036,1061
222507,1050,1059
222508,1063,1052
222509,1074,1037
222510,1082,1020
222511,1100,1000
222512,1116,986
222513,1133,976
222514,1149,961
222515,1161,944
222516,1173,924
222517,1191,900
222518,1211,878
222519,1230,861
222520,1244,846
222521,1254,831
222522,1259,823
222523,1259,825
222524,1257,829
222525,1257,831
222526,1250,827
222527,1247,821
222528,1236,815
222529,1221,817
222530,1205,822
222531,1188,829
222532,1170,833
222533,1148,839
222534,1123,846
222535,1098,858
222536,1080,874
222537,1069,888
222538,1057,901
222539,1051,913
222540,1048,928
222541,1045,943
222542,1046,956
222543,1049,967
222544,1052,974
222545,1055,979
222546,1064,982
222547,1078,991
222548,1095,999
222549,1100,1005
222550,1085,1010
222551,1051,1015
222552,1007,1020
222553,968,1030
222554,947,1049
222555,937,1065
222556,935,1079
222557,928,1086
222558,920,1094
222559,915,1098
222560,914,1100
222561,914,1104
222562,912,1103
222563,904,1096
222564,898,1094
222565,896,1097
222566,898,1105
222567,898,1109
222568,898,1109
222569,896,1108
222570,891,1108
222571,888,1113
222572,888,1122
222573,887,1124
222574,886,1126
222575,884,1125
222576,879,1128
222577,877,1132
222578,878,1139
222579,881,1143
222580,880,1140
222581,876,1139
222582,871,1137
222583,872,1136
222584,873,1141
222585,874,1146
222586,876,1149
222587,870,1149
222588,866,1150
222589,862,1151
222590,865,1156
222591,869,1162
222592,871,1166
222593,865,1167
222594,864,1167
222595,862,1170
222596,864,1175
222597,867,1177
222598,867,1176
222599,867,1172
222600,864,1172
222601,861,1176
222602,866,1182
222603,868,1185
222604,869,1186
222605,873,1185
222606,873,1184
222607,875,1185
222608,880,1187
222609,886,1191
222610,890,1189
222611,892,1186
222612,893,1183
222613,898,1177
222614,906,1171
222615,910,1169
222616,912,1163
222617,917,1160
222618,918,1156
222619,923,1153
222620,930,1153
222621,935,1151
222622,937,1146
222623,941,1142
222624,940,1133
222625,939,1125
222626,945,1119
222627,951,1118
222628,952,1115
222629,952,1108
222630,949,1098
222631,950,1094
222632,952,1088
222633,954,1086
222634,958,1082
222635,957,1078
222636,954,1071
222637,953,1070
222638,954,1073
222639,956,1074
222640,957,1072
222641,957,1070
222642,955,1066
222643,953,1066
222644,954,1062
222645,958,1060
222646,957,1057
222647,955,1051
222648,954,1047
222649,957,1047
222650,955,1046
222651,961,1052
222652,963,1053
222653,961,1051
222654,958,1049
222655,959,1051
222656,959,1055
222657,963,1060
222658,965,1059
222659,963,1057
222660,962,1055
222661,958,1054
222662,962,1055
222663,965,1057
222664,967,1057
222665,968,1056
222666,965,1054
222667,964,1054
222668,966,1058
222669,968,1058
222670,970,1059
222671,973,1056
222672,968,1053
222673,969,1054
222674,970,1057
222675,971,1060
222676,974,1057
222677,973,1055
222678,971,1054
222679,968,1056
222680,968,1057
222681,975,1054
222682,976,1050
222683,974,1047
222684,974,1044
222685,974,1047
222686,978,1052
222687,979,1054
222688,981,1051
222689,979,1043
222690,975,1038
222691,973,1039
222692,975,1043
222693,979,1045
222694,978,1047
222695,974,1047
222696,972,1049
222697,973,1045
222698,976,1041
222699,981,1042
222700,978,1039
222701,980,1037
222702,977,1038
222703,975,1039
222704,976,1044
222705,979,1050
222706,978,1051
222707,977,1047
222708,976,1046
222709,977,1047
222710,980,1048
222711,982,1050
222712,982,1043
222713,981,1041
222714,978,1038
222715,979,1041
222716,981,1043
222717,982,1052
222718,980,1048
222719,980,1046
222720,976,1046
222721,975,1049
222722,977,1049
222723,980,1047
222724,981,1045
222725,976,1042
222726,975,1037
222727,975,1041
222728,977,1043
222729,979,1047
222730,977,1047
222731,974,1049
222732,971,1050
222733,970,1052
222734,974,1053
222735,977,1052
222736,976,1053
222737,975,1049
222738,973,1045
222739,972,1046
222740,974,1046
222741,974,1046
222742,975,1045
222743,975,1049
222744,976,1047
222745,974,1046
222746,978,1043
222747,979,1042
222748,982,1040
222749,978,1039
222750,976,1043
222751,973,1053
222752,976,1057
222753,979,1050
222754,979,1040
222755,980,1028
222756,976,1024
222757,976,1030
222758,981,1039
222759,982,1043
222760,984,1046
222761,983,1041
222762,981,1036
222763,978,1032
222764,980,1035
222765,983,1038
222766,986,1036
222767,983,1034
222768,980,1037
222769,977,1040
222770,978,1041
222771,982,1044
222772,984,1043
222773,981,1042
222774,977,1039
222775,975,1039
222776,978,1042
222777,980,1045
222778,980,1048
222779,975,1047
222780,974,1046
222781,970,1046
222782,973,1046
222783,975,1048
222784,974,1047
222785,975,1050
222786,971,1049
222787,973,1052
222788,976,1056
222789,979,1056
222790,981,1054
222791,982,1049
222792,980,1048
222793,984,1050
222794,984,1050
222795,989,1054
222796,990,1053
222797,990,1049
222798,987,1043
222799,983,1043
222800,987,1044
222801,989,1045
222802,992,1039
222803,992,1033
222804,993,1027
222805,1003,1028
222806,1022,1032
222807,1040,1034
222808,1061,1034
222809,1086,1025
222810,1116,1006
222811,1151,993
222812,1191,985
222813,1227,991
222814,1259,997
222815,1278,1011
222816,1273,1025
222817,1248,1037
222818,1202,1044
222819,1150,1053
222820,1094,1064
222821,1037,1070
222822,988,1075
222823,960,1081
222824,959,1081
222825,971,1076
222826,978,1066
222827,979,1051
222828,979,1039
222829,971,1038
222830,969,1041
222831,966,1044
222832,966,1046
222833,961,1045
222834,960,1046
222835,959,1047
222836,963,1047
222837,967,1047
222838,968,1041
222839,962,1036
222840,958,1033
222841,958,1034
222842,960,1039
222843,961,1042
222844,962,1043
222845,958,1041
222846,955,1036
222847,955,1042
222848,958,1046
222849,958,1050
222850,959,1051
222851,956,1048
222852,952,1048
222853,954,1046
222854,955,1043
222855,959,1043
222856,960,1039
222857,955,1032
222858,952,1032
222859,953,1038
222860,954,1039
222861,956,1039
222862,957,1043
222863,955,1039
222864,953,1039
222865,950,1042
222866,955,1041
222867,959,1041
222868,958,1038
222869,955,1039
222870,954,1038
222871,958,1041
222872,964,1044
222873,968,1046
222874,964,1047
222875,962,1042
222876,957,1037
222877,961,1036
222878,962,1036
222879,966,1039
222880,968,1036
222881,965,1033
222882,964,1026
222883,966,1024
222884,968,1025
222885,974,1025
222886,974,1023
222887,971,1018
222888,973,1014
222889,973,1015
222890,978,1020
222891,978,1024
222892,982,1023
222893,980,1025
222894,979,1023
222895,980,1023
222896,984,1022
222897,989,1017
222898,991,1002
222899,990,994
222900,985,992
222901,986,996
222902,987,1001
222903,990,1004
222904,993,1008
222905,998,1005
222906,996,1001
222907,999,999
222908,1002,1003
222909,1005,1005
222910,1004,1005
222911,1001,1001
222912,1003,1001
222913,1005,1002
222914,1011,1006
222915,1012,1013
222916,1015,1015
222917,1011,1015
222918,1007,1016
222919,1005,1022
222920,1004,1028
222921,1005,1033
222922,1005,1031
222923,1003,1032
222924,1001,1027
222925,998,1031
222926,997,1037
222927,997,1043
222928,995,1043
222929,993,1043
222930,986,1045
222931,981,1046
222932,985,1050
222933,985,1050
222934,988,1048
222935,984,1041
222936,980,1039
222937,981,1046
222938,980,1052
222939,984,1059
222940,983,1060
222941,984,1057
222942,980,1055
222943,979,1049
222944,980,1052
222945,980,1055
222946,979,1059
222947,977,1059
222948,975,1057
222949,975,1056
222950,979,1058
222951,981,1057
222952,975,1054
222953,976,1047
222954,974,1048
222955,977,1051
222956,985,1053
222957,986,1054
222958,985,1051
222959,980,1050
222960,978,1052
222961,979,1055
222962,982,1060
222963,984,1062
222964,984,1056
222965,983,1045
222966,979,1040
222967,981,1039
222968,983,1043
222969,987,1044
222970,986,1042
222971,986,1041
222972,982,1041
222973,983,1044
222974,986,1045
222975,989,1048
222976,989,1046
222977,987,1044
222978,986,1040
222979,982,1048
222980,983,1052
222981,985,1054
222982,985,1056
222983,983,1050
222984,981,1043
222985,982,1042
222986,986,1045
222987,987,1049
222988,988,1048
222989,987,1042
222990,984,1042
222991,983,1044
222992,982,1049
222993,984,1054
222994,984,1055
222995,985,1052
222996,982,1047
222997,979,1046
222998,984,1049
222999,986,1052
223000,983,1052
223001,979,1051
223002,974,1048
223003,976,1051
223004,978,1055
223005,982,1060
223006,982,1057
223007,981,1054
223008,976,1050
223009,979,1054
223010,979,1055
223011,983,1053
223012,980,1044
223013,982,1043
223014,981,1041
223015,983,1046
223016,983,1048
223017,988,1046
223018,988,1045
223019,987,1044
223020,982,1043
223021,982,1041
223022,987,1042
223023,998,1039
223024,1003,1039
223025,1009,1034
223026,1020,1033
223027,1040,1032
223028,1068,1033
223029,1107,1028
223030,1145,1022
223031,1187,1017
223032,1224,1023
223033,1261,1035
223034,1284,1053
223035,1282,1070
223036,1250,1079
223037,1200,1079
223038,1144,1072
223039,1080,1076
223040,1018,1088
223041,972,1102
223042,946,1109
223043,944,1106
223044,952,1095
223045,962,1081
223046,968,1072
223047,974,1065
223048,973,1060
223049,968,1055
223050,961,1048
223051,959,1048
223052,958,1051
223053,963,1051
223054,963,1052
223055,959,1046
223056,956,1044
223057,954,1045
223058,956,1050
223059,956,1053
223060,956,1049
223061,954,1042
223062,954,1039
223063,950,1040
223064,952,1046
223065,954,1051
223066,956,1049
223067,955,1049
223068,955,1045
223069,952,1044
223070,955,1046
223071,959,1051
223072,957,1052
223073,954,1053
223074,951,1050
223075,953,1044
223076,954,1042
223077,959,1043
223078,960,1044
223079,956,1043
223080,952,1039
223081,948,1041
223082,949,1043
223083,955,1049
223084,956,1041
223085,958,1037
223086,957,1034
223087,956,1037
223088,960,1041
223089,963,1038
223090,964,1033
223091,962,1029
223092,959,1025
223093,960,1027
223094,962,1029
223095,964,1031
223096,967,1033
223097,967,1029
223098,966,1029
223099,970,1027
223100,972,1023
223101,975,1020
223102,973,1016
223103,972,1011
223104,971,1012
223105,971,1007
223106,976,1010
223107,979,1009
223108,981,1010
223109,980,1008
223110,978,1003
223111,977,1001
223112,979,999
223113,986,999
223114,987,999
223115,986,999
223116,984,998
223117,985,995
223118,985,991
223119,988,991
223120,993,993
223121,991,996
223122,988,997
223123,990,1001
223124,995,1004
223125,999,1011
223126,996,1012
223127,992,1015
223128,992,1014
223129,992,1019
223130,996,1024
223131,999,1023
223132,999,1017
223133,994,1019
223134,990,1021
223135,989,1027
223136,992,1033
223137,992,1038
223138,991,1044
223139,988,1044
223140,984,1046
223141,981,1048
223142,982,1046
223143,985,1049
223144,982,1045
223145,982,1047
223146,978,1043
223147,976,1050
223148,979,1057
223149,976,1063
223150,980,1064
223151,979,1060
223152,975,1057
223153,974,1058
223154,977,1057
223155,982,1057
223156,980,1060
223157,977,1061
223158,974,1058
223159,973,1059
223160,975,1059
223161,978,1059
223162,979,1058
223163,975,1059
223164,970,1056
223165,971,1059
223166,974,1062
223167,978,1063
223168,979,1059
223169,981,1058
223170,978,1057
223171,979,1059
223172,984,1059
223173,986,1059
223174,987,1054
223175,986,1048
223176,984,1044
223177,985,1046
223178,988,1052
223179,988,1060
223180,990,1056
223181,986,1055
223182,987,1051
223183,987,1051
223184,987,1054
223185,992,1050
223186,994,1046
223187,991,1042
223188,990,1041
223189,987,1047
223190,986,1052
223191,991,1056
223192,994,1055
223193,994,1055
223194,987,1053
223195,984,1055
223196,987,1059
223197,989,1058
223198,991,1060
223199,987,1058
223200,988,1053
223201,989,1052
223202,993,1052
223203,997,1055
223204,993,1049
223205,991,1047
223206,987,1043
223207,986,1052
223208,991,1056
223209,992,1059
223210,992,1058
223211,989,1056
223212,987,1050
223213,987,1049
223214,990,1047
223215,992,1052
223216,996,1052
223217,992,1053
223218,992,1050
223219,991,1050
223220,990,1048
223221,995,1050
223222,995,1050
223223,993,1048
223224,991,1048
223225,991,1051
223226,991,1056
223227,995,1058
223228,992,1055
223229,992,1057
223230,987,1053
223231,987,1049
223232,989,1045
223233,993,1049
223234,994,1051
223235,990,1050
223236,988,1052
223237,989,1057
223238,995,1063
223239,998,1065
223240,1000,1067
223241,999,1061
223242,996,1055
223243,996,1054
223244,999,1055
223245,1009,1056
223246,1016,1051
223247,1026,1045
223248,1032,1042
223249,1046,1041
223250,1067,1045
223251,1097,1044
223252,1131,1035
223253,1164,1024
223254,1195,1017
223255,1231,1019
223256,1265,1027
223257,1288,1040
223258,1292,1053
223259,1284,1064
223260,1255,1068
223261,1210,1065
223262,1162,1066
223263,1110,1074
223264,1055,1079
223265,1004,1081
223266,969,1083
223267,959,1090
223268,969,1088
223269,979,1079
223270,985,1066
223271,990,1055
223272,985,1047
223273,984,1042
223274,982,1044
223275,984,1045
223276,984,1040
223277,985,1041
223278,979,1042
223279,975,1046
223280,977,1046
223281,978,1046
223282,976,1044
223283,972,1040
223284,969,1042
223285,968,1048
223286,970,1054
223287,973,1063
223288,974,1065
223289,972,1060
223290,970,1052
223291,973,1050
223292,975,1050
223293,976,1052
223294,975,1049
223295,974,1048
223296,971,1048
223297,974,1053
223298,973,1053
223299,974,1053
223300,973,1047
223301,973,1048
223302,970,1049
223303,971,1053
223304,970,1059
223305,974,1064
223306,976,1063
223307,974,1063
223308,971,1054
223309,973,1047
223310,974,1042
223311,980,1042
223312,978,1042
223313,975,1042
223314,974,1040
223315,974,1045
223316,976,1049
223317,979,1051
223318,980,1052
223319,982,1046
223320,978,1038
223321,978,1034
223322,982,1033
223323,983,1029
223324,985,1026
223325,984,1025
223326,982,1026
223327,987,1027
223328,990,1025
223329,995,1025
223330,996,1022
223331,993,1022
223332,992,1022
223333,993,1021
223334,996,1022
223335,999,1020
223336,999,1020
223337,996,1017
223338,994,1021
223339,994,1029
223340,996,1032
223341,998,1030
223342,1001,1024
223343,1001,1013
223344,999,1009
223345,999,1007
223346,1001,1007
223347,1004,1007
223348,1003,1007
223349,1005,1003
223350,1006,1003
223351,1006,1006
223352,1010,1009
223353,1011,1014
223354,1013,1014
223355,1010,1016
223356,1006,1016
223357,1007,1017
223358,1009,1025
223359,1012,1026
223360,1013,1024
223361,1013,1020
223362,1008,1013
223363,1008,1019
223364,1011,1024
223365,1013,1026
223366,1011,1031
223367,1007,1030
223368,1002,1033
223369,1002,1045
223370,1004,1052
223371,1005,1055
223372,1002,1047
223373,999,1037
223374,995,1035
223375,994,1036
223376,997,1037
223377,997,1041
223378,997,1041
223379,994,1044
223380,989,1049
223381,988,1054
223382,991,1059
223383,995,1063
223384,994,1058
223385,992,1054
223386,990,1050
223387,991,1054
223388,996,1053
223389,998,1058
223390,998,1058
223391,996,1055
223392,994,1054
223393,994,1059
223394,995,1061
223395,995,1066
223396,995,1067
223397,997,1065
223398,993,1063
223399,994,1058
223400,996,1059
223401,1000,1058
223402,1003,1058
223403,999,1056
223404,999,1053
223405,999,1054
223406,1004,1057
223407,1010,1054
223408,1014,1052
223409,1014,1048
223410,1016,1050
223411,1020,1052
223412,1028,1054
223413,1034,1055
223414,1038,1057
223415,1043,1061
223416,1047,1064
223417,1053,1063
223418,1070,1058
223419,1084,1044
223420,1094,1023
223421,1108,1000
223422,1116,984
223423,1134,975
223424,1149,964
223425,1169,957
223426,1185,938
223427,1200,921
223428,1212,900
223429,1228,881
223430,1243,867
223431,1258,857
223432,1263,848
223433,1265,840
223434,1263,837
223435,1261,834
223436,1258,841
223437,1256,841
223438,1250,843
223439,1237,844
223440,1221,847
223441,1207,846
223442,1190,853
223443,1174,857
223444,1155,862
223445,1136,869
223446,1115,878
223447,1099,891
223448,1089,904
223449,1082,919
223450,1076,927
223451,1074,938
223452,1070,948
223453,1069,966
223454,1070,977
223455,1072,988
223456,1075,992
223457,1083,991
223458,1088,991
223459,1099,992
223460,1109,994
223461,1107,998
223462,1084,1004
223463,1050,1008
223464,1014,1021
223465,985,1034
223466,968,1051
223467,960,1064
223468,956,1072
223469,949,1072
223470,938,1076
223471,932,1081
223472,930,1090
223473,929,1094
223474,926,1095
223475,923,1095
223476,922,1096
223477,920,1099
223478,919,1100
223479,921,1103
223480,919,1104
223481,916,1106
223482,911,1107
223483,909,1113
223484,907,1117
223485,911,1122
223486,910,1123
223487,907,1121
223488,900,1127
223489,900,1128
223490,903,1132
223491,906,1133
223492,904,1128
223493,899,1130
223494,896,1132
223495,896,1138
223496,898,1140
223497,899,1139
223498,898,1140
223499,893,1139
223500,894,1143
223501,891,1151
223502,895,1156
223503,898,1161
223504,895,1157
223505,893,1154
223506,889,1153
223507,891,1155
223508,896,1166
223509,895,1170
223510,898,1171
223511,894,1171
223512,893,1170
223513,895,1171
223514,901,1173
223515,907,1174
223516,903,1174
223517,900,1172
223518,903,1172
223519,904,1172
223520,908,1175
223521,910,1180
223522,912,1183
223523,914,1182
223524,912,1176
223525,916,1173
223526,917,1171
223527,925,1169
223528,927,1168
223529,930,1165
223530,934,1163
223531,936,1163
223532,939,1165
223533,946,1163
223534,946,1155
223535,950,1144
223536,951,1136
223537,953,1133
223538,960,1133
223539,965,1129
223540,968,1126
223541,967,1116
223542,966,1111
223543,968,1110
223544,969,1107
223545,970,1103
223546,972,1097
223547,970,1091
223548,969,1086
223549,968,1081
223550,971,1079
223551,976,1080
223552,974,1078
223553,976,1069
223554,974,1059
223555,976,1055
223556,979,1057
223557,981,1060
223558,980,1059
223559,978,1059
223560,976,1053
223561,977,1048
223562,978,1048
223563,980,1045
223564,979,1042
223565,979,1044
223566,977,1043
223567,980,1043
223568,982,1046
223569,986,1043
223570,985,1041
223571,985,1041
223572,984,1041
223573,983,1046
223574,987,1049
223575,991,1050
223576,991,1045
223577,991,1042
223578,986,1042
223579,986,1046
223580,987,1047
223581,991,1048
223582,992,1048
223583,989,1051
223584,988,1053
223585,987,1055
223586,988,1054
223587,994,1049
223588,990,1043
223589,988,1039
223590,986,1038
223591,987,1046
223592,988,1054
223593,989,1055
223594,988,1053
223595,986,1046
223596,984,1044
223597,981,1045
223598,989,1045
223599,992,1044
223600,989,1043
223601,987,1040
223602,984,1033
223603,986,1030
223604,985,1030
223605,989,1030
223606,987,1029
223607,988,1029
223608,986,1033
223609,989,1035
223610,991,1038
223611,995,1039
223612,996,1038
223613,993,1034
223614,991,1032
223615,992,1033
223616,993,1036
223617,998,1037
223618,998,1038
223619,995,1035
223620,994,1031
223621,994,1031
223622,996,1034
223623,1000,1035
223624,1002,1034
223625,999,1036
223626,995,1037
223627,993,1045
223628,996,1053
223629,998,1054
223630,998,1046
223631,996,1039
223632,995,1033
223633,995,1032
223634,996,1034
223635,999,1033
223636,999,1031
223637,998,1030
223638,995,1034
223639,995,1036
223640,996,1035
223641,1001,1028
223642,1002,1028
223643,997,1031
223644,995,1028
223645,995,1035
223646,997,1035
223647,1002,1038
223648,999,1035
223649,997,1031
223650,994,1033
223651,993,1036
223652,992,1042
223653,998,1039
223654,999,1036
223655,996,1034
223656,993,1033
223657,992,1038
223658,994,1041
223659,995,1040
223660,995,1037
223661,993,1033
223662,990,1032
223663,990,1038
223664,995,1041
223665,995,1042
223666,995,1040
223667,992,1036
223668,993,1037
223669,991,1036
223670,995,1042
223671,999,1043
223672,997,1046
223673,997,1048
223674,995,1051
223675,996,1048
223676,999,1039
223677,1001,1031
223678,1003,1026
223679,1001,1024
223680,999,1028
223681,998,1032
223682,1000,1032
223683,1005,1037
223684,1001,1035
223685,1002,1036
223686,1000,1034
223687,1001,1031
223688,1005,1033
223689,1008,1035
223690,1005,1035
223691,1006,1031
223692,1004,1030
223693,1008,1028
223694,1017,1029
223695,1029,1029
223696,1039,1022
223697,1049,1022
223698,1066,1019
223699,1088,1022
223700,1116,1022
223701,1149,1015
223702,1182,1003
223703,1215,996
223704,1246,993
223705,1273,1007
223706,1289,1030
223707,1287,1051
223708,1257,1066
223709,1211,1071
223710,1157,1071
223711,1108,1075
223712,1061,1083
223713,1018,1081
223714,987,1083
223715,975,1079
223716,978,1066
223717,988,1055
223718,1000,1049
223719,1004,1045
223720,999,1044
223721,992,1044
223722,989,1047
223723,986,1042
223724,989,1034
223725,990,1027
223726,991,1022
223727,986,1022
223728,983,1024
223729,980,1026
223730,983,1028
223731,985,1030
223732,983,1031
223733,981,1031
223734,980,1032
223735,978,1035
223736,978,1039
223737,979,1038
223738,975,1036
223739,972,1031
223740,970,1030
223741,970,1033
223742,972,1036
223743,975,1046
223744,978,1046
223745,975,1039
223746,973,1038
223747,969,1040
223748,973,1043
223749,975,1043
223750,977,1039
223751,973,1036
223752,972,1031
223753,974,1029
223754,977,1032
223755,980,1037
223756,976,1038
223757,975,1044
223758,976,1043
223759,979,1041
223760,981,1041
223761,981,1041
223762,979,1041
223763,979,1033
223764,978,1024
223765,980,1022
223766,981,1025
223767,982,1023
223768,982,1025
223769,981,1024
223770,979,1022
223771,977,1024
223772,982,1026
223773,986,1027
223774,985,1023
223775,982,1018
223776,982,1018
223777,985,1018
223778,987,1023
223779,990,1025
223780,991,1021
223781,992,1014
223782,990,1013
223783,991,1015
223784,995,1019
223785,995,1018
223786,997,1013
223787,996,1007
223788,997,1007
223789,997,1016
223790,997,1024
223791,1002,1024
223792,1002,1012
223793,1003,997
223794,999,983
223795,1001,983
223796,1005,989
223797,1008,992
223798,1011,992
223799,1009,987
223800,1009,990
223801,1010,996
223802,1014,997
223803,1020,995
223804,1017,994
223805,1018,995
223806,1016,996
223807,1017,1004
223808,1018,1012
223809,1023,1013
223810,1023,1012
223811,1021,1004
223812,1020,999
223813,1020,1001
223814,1022,1006
223815,1021,1008
223816,1019,1010
223817,1015,1012
223818,1014,1014
223819,1011,1019
223820,1014,1026
223821,1012,1030
223822,1012,1027
223823,1008,1025
223824,1006,1023
223825,1003,1026
223826,1004,1029
223827,1003,1031
223828,1002,1033
223829,998,1029
223830,995,1032
223831,995,1034
223832,998,1037
223833,997,1041
223834,996,1041
223835,992,1042
223836,986,1040
223837,989,1042
223838,992,1046
223839,996,1052
223840,994,1053
223841,993,1052
223842,990,1049
223843,988,1050
223844,993,1051
223845,994,1049
223846,993,1046
223847,992,1042
223848,988,1040
223849,989,1041
223850,990,1040
223851,994,1039
223852,993,1038
223853,992,1035
223854,991,1039
223855,993,1041
223856,993,1043
223857,995,1045
223858,994,1043
223859,994,1041
223860,993,1038
223861,994,1040
223862,1000,1043
223863,999,1046
223864,998,1046
223865,993,1043
223866,993,1041
223867,995,1041
223868,996,1044
223869,995,1045
223870,994,1036
223871,994,1034
223872,993,1029
223873,995,1028
223874,998,1027
223875,998,1027
223876,996,1029
223877,994,1031
223878,990,1032
223879,991,1036
223880,995,1039
223881,999,1039
223882,998,1034
223883,995,1031
223884,992,1029
223885,989,1032
223886,992,1036
223887,995,1037
223888,996,1037
223889,991,1039
223890,988,1041
223891,988,1047
223892,992,1048
223893,997,1052
223894,996,1048
223895,992,1039
223896,986,1032
223897,984,1028
223898,984,1031
223899,986,1036
223900,990,1037
223901,989,1032
223902,988,1027
223903,987,1028
223904,989,1026
223905,992,1028
223906,988,1023
223907,985,1023
223908,982,1023
223909,984,1026
223910,988,1032
223911,991,1029
223912,991,1030
223913,987,1029
223914,987,1028
223915,988,1033
223916,985,1039
223917,989,1039
223918,989,1033
223919,986,1028
223920,986,1028
223921,985,1033
223922,985,1036
223923,989,1038
223924,989,1034
223925,987,1034
223926,987,1032
223927,989,1034
223928,991,1037
223929,992,1041
223930,989,1041
223931,984,1041
223932,981,1042
223933,983,1045
223934,984,1047
223935,987,1048
223936,987,1045
223937,985,1041
223938,982,1042
223939,982,1049
223940,986,1052
223941,988,1051
223942,988,1046
223943,985,1039
223944,980,1039
223945,984,1041
223946,983,1039
223947,985,1037
223948,983,1036
223949,980,1033
223950,977,1030
223951,982,1027
223952,988,1027
223953,992,1028
223954,988,1030
223955,984,1029
223956,979,1031
223957,983,1033
223958,986,1037
223959,991,1038
223960,989,1035
223961,986,1029
223962,982,1030
223963,982,1031
223964,983,1036
223965,987,1038
223966,988,1040
223967,982,1038
223968,983,1040
223969,983,1045
223970,988,1049
223971,993,1050
223972,991,1044
223973,989,1037
223974,990,1032
223975,991,1031
223976,994,1034
223977,996,1037
223978,992,1040
223979,989,1041
223980,988,1040
223981,991,1044
223982,990,1044
223983,994,1041
223984,994,1035
223985,993,1032
223986,992,1030
223987,992,1030
223988,995,1032
223989,993,1034
223990,990,1029
223991,989,1032
223992,987,1031
223993,992,1036
223994,993,1037
223995,993,1039
223996,989,1040
223997,989,1035
223998,986,1034
223999,986,1037
224000,990,1037
224001,993,1037
224002,993,1034
224003,990,1032
224004,989,1033
224005,990,1036
224006,990,1036
224007,993,1037
224008,990,1034
224009,988,1032
224010,986,1031
224011,987,1033
224012,991,1037
224013,992,1035
224014,993,1030
224015,990,1026
224016,984,1023
224017,984,1025
224018,984,1033
224019,987,1040
224020,987,1045
224021,986,1044
224022,985,1040
224023,986,1035
224024,986,1031
224025,992,1028
224026,994,1027
224027,993,1025
224028,990,1026
224029,989,1028
224030,991,1035
224031,995,1035
224032,998,1038
224033,997,1036
224034,998,1035
224035,1001,1036
224036,1005,1036
224037,1009,1035
224038,1011,1026
224039,1014,1023
224040,1023,1020
224041,1040,1023
224042,1061,1024
224043,1087,1023
224044,1113,1015
224045,1141,1007
224046,1172,997
224047,1208,996
224048,1236,999
224049,1268,1003
224050,1289,1012
224051,1292,1025
224052,1276,1035
224053,1250,1046
224054,1215,1049
224055,1176,1055
224056,1130,1062
224057,1083,1066
224058,1037,1068
224059,1000,1068
224060,983,1076
224061,978,1084
224062,982,1082
224063,986,1076
224064,989,1062
224065,993,1046
224066,995,1035
224067,991,1022
224068,988,1018
224069,983,1016
224070,979,1018
224071,976,1026
224072,976,1035
224073,976,1041
224074,972,1048
224075,968,1036
224076,967,1025
224077,969,1018
224078,973,1018
224079,974,1020
224080,972,1019
224081,969,1021
224082,967,1021
224083,968,1025
224084,968,1027
224085,971,1032
224086,970,1028
224087,970,1026
224088,971,1028
224089,974,1031
224090,976,1034
224091,977,1036
224092,975,1034
224093,971,1032
224094,969,1033
224095,971,1034
224096,976,1034
224097,979,1037
224098,977,1032
224099,974,1031
224100,973,1033
224101,976,1036
224102,979,1037
224103,980,1036
224104,981,1034
224105,979,1032
224106,974,1033
224107,973,1035
224108,975,1039
224109,979,1039
224110,978,1035
224111,978,1031
224112,977,1035
224113,977,1042
224114,979,1053
224115,981,1056
224116,984,1050
224117,984,1042
224118,979,1037
224119,980,1039
224120,983,1039
224121,988,1027
224122,987,1011
224123,985,997
224124,981,996
224125,984,1000
224126,988,1007
224127,994,1008
224128,992,1011
224129,989,1012
224130,990,1017
224131,993,1021
224132,996,1019
224133,998,1011
224134,998,1002
224135,996,994
224136,996,990
224137,997,996
224138,1002,1000
224139,1003,1001
224140,1005,1000
224141,1004,998
224142,1000,999
224143,1004,1003
224144,1006,1005
224145,1011,1007
224146,1009,1008
224147,1007,1006
224148,1005,1007
224149,1009,1007
224150,1013,1009
224151,1017,1005
224152,1011,1003
224153,1011,998
224154,1012,1004
224155,1016,1008
224156,1019,1012
224157,1021,1014
224158,1020,1012
224159,1020,1010
224160,1016,1016
224161,1015,1022
224162,1017,1027
224163,1017,1030
224164,1014,1031
224165,1010,1029
224166,1006,1032
224167,1006,1035
224168,1008,1038
224169,1008,1040
224170,1007,1035
224171,1001,1028
224172,997,1024
224173,997,1025
224174,998,1031
224175,1000,1035
224176,999,1040
224177,996,1045
224178,992,1050
224179,991,1053
224180,994,1051
224181,996,1047
224182,997,1038
224183,994,1032
224184,992,1028
224185,993,1032
224186,993,1036
224187,998,1038
224188,997,1036
224189,992,1034
224190,990,1037
224191,991,1041
224192,995,1053
224193,998,1053
224194,997,1059
224195,996,1055
224196,994,1048
224197,996,1044
224198,999,1039
224199,1001,1037
224200,1002,1037
224201,998,1035
224202,997,1039
224203,1000,1043
224204,1004,1045
224205,1005,1046
224206,1004,1049
224207,1002,1047
224208,999,1050
224209,1000,1054
224210,1002,1061
224211,1003,1058
224212,1003,1051
224213,1001,1045
224214,1002,1040
224215,1004,1040
224216,1008,1039
224217,1010,1038
224218,1009,1035
224219,1004,1032
224220,1001,1032
224221,1001,1035
224222,1003,1042
224223,1005,1044
224224,1004,1044
224225,1004,1043
224226,1000,1036
224227,1000,1030
224228,1002,1028
224229,1001,1028
224230,1000,1032
224231,999,1038
224232,998,1048
224233,998,1049
224234,1004,1044
224235,1007,1032
224236,1005,1026
224237,1003,1024
224238,1001,1026
224239,1001,1029
224240,1001,1034
224241,1003,1038
224242,1006,1040
224243,1001,1039
224244,1003,1043
224245,1004,1045
224246,1006,1044
224247,1009,1039
224248,1010,1036
224249,1005,1039
224250,1002,1040
224251,1003,1045
224252,1003,1044
224253,1007,1039
224254,1005,1034
224255,1003,1028
224256,1002,1028
224257,999,1033
224258,1004,1036
224259,1007,1037
224260,1008,1034
224261,1004,1031
224262,1002,1034
224263,1003,1039
224264,1004,1040
224265,1004,1042
224266,1005,1040
224267,1001,1035
224268,998,1036
224269,999,1039
224270,998,1045
224271,1000,1050
224272,999,1048
224273,995,1043
224274,994,1042
224275,995,1043
224276,998,1044
224277,1001,1041
224278,1001,1039
224279,994,1038
224280,994,1036
224281,994,1037
224282,998,1039
224283,999,1038
224284,1001,1039
224285,1001,1033
224286,1000,1027
224287,1000,1031
224288,1006,1037
224289,1008,1039
224290,1006,1039
224291,1002,1039
224292,1002,1040
224293,1001,1041
224294,1004,1043
224295,1007,1040
224296,1006,1041
224297,1004,1041
224298,1003,1042
224299,1004,1044
224300,1007,1045
224301,1011,1046
224302,1009,1044
224303,1008,1040
224304,1004,1038
224305,1008,1037
224306,1013,1039
224307,1017,1040
224308,1014,1040
224309,1006,1036
224310,1005,1035
224311,1009,1035
224312,1017,1032
224313,1028,1026
224314,1036,1022
224315,1045,1017
224316,1061,1017
224317,1087,1022
224318,1114,1024
224319,1148,1016
224320,1184,1006
224321,1217,997
224322,1248,1000
224323,1279,1006
224324,1301,1015
224325,1307,1029
224326,1291,1040
224327,1255,1045
224328,1204,1050
224329,1151,1053
224330,1098,1064
224331,1041,1075
224332,990,1084
224333,965,1088
224334,966,1081
224335,979,1069
224336,991,1058
224337,1000,1048
224338,1000,1039
224339,996,1035
224340,993,1031
224341,993,1034
224342,992,1035
224343,998,1033
224344,995,1034
224345,990,1035
224346,986,1038
224347,987,1040
224348,988,1043
224349,990,1040
224350,989,1034
224351,986,1030
224352,983,1031
224353,985,1037
224354,985,1041
224355,986,1043
224356,984,1043
224357,984,1038
224358,984,1034
224359,984,1029
224360,987,1031
224361,988,1029
224362,988,1028
224363,986,1030
224364,984,1035
224365,983,1041
224366,984,1046
224367,987,1049
224368,985,1047
224369,981,1040
224370,984,1034
224371,986,1033
224372,989,1030
224373,991,1033
224374,992,1031
224375,991,1031
224376,990,1034
224377,994,1038
224378,996,1041
224379,998,1039
224380,996,1037
224381,994,1031
224382,988,1031
224383,990,1031
224384,992,1032
224385,997,1031
224386,999,1029
224387,997,1027
224388,995,1025
224389,997,1028
224390,999,1030
224391,1002,1028
224392,1003,1026
224393,1002,1021
224394,1002,1018
224395,1003,1020
224396,1007,1021
224397,1010,1020
224398,1008,1017
224399,1005,1015
224400,1003,1013
224401,1004,1018
224402,1009,1023
224403,1014,1022
224404,1013,1015
224405,1013,1008
224406,1013,1005
224407,1016,1004
224408,1018,1002
224409,1023,1000
224410,1020,1002
224411,1019,1005
224412,1018,1013
224413,1019,1026
224414,1024,1027
224415,1028,1013
224416,1030,992
224417,1026,979
224418,1021,983
224419,1022,992
224420,1024,996
224421,1025,999
224422,1025,997
224423,1020,998
224424,1018,1003
224425,1021,1007
224426,1022,1009
224427,1024,1011
224428,1023,1011
224429,1017,1011
224430,1014,1014
224431,1016,1018
224432,1016,1021
224433,1015,1024
224434,1013,1023
224435,1008,1023
224436,1003,1025
224437,1004,1030
224438,1003,1035
224439,1006,1035
224440,1002,1036
224441,1000,1037
224442,996,1038
224443,997,1045
224444,999,1047
224445,1001,1050
224446,1000,1047
224447,998,1042
224448,995,1041
224449,994,1044
224450,997,1050
224451,999,1058
224452,999,1063
224453,993,1063
224454,990,1066
224455,992,1076
224456,996,1077
224457,1000,1053
224458,1001,1029
224459,1000,1014
224460,996,1015
224461,996,1027
224462,996,1039
224463,995,1041
224464,996,1041
224465,995,1041
224466,994,1045
224467,996,1049
224468,1000,1051
224469,1002,1049
224470,1000,1045
224471,996,1042
224472,995,1043
224473,997,1045
224474,999,1049
224475,1005,1049
224476,1006,1046
224477,1003,1043
224478,1001,1043
224479,1001,1046
224480,1002,1048
224481,1001,1048
224482,1002,1048
224483,1001,1048
224484,1001,1045
224485,1000,1043
224486,1005,1045
224487,1007,1048
224488,1005,1047
224489,1004,1045
224490,999,1046
224491,1002,1048
224492,1005,1048
224493,1008,1050
224494,1005,1051
224495,1003,1059
224496,999,1064
224497,1003,1064
224498,1004,1053
224499,1006,1039
224500,1005,1028
224501,1005,1025
224502,1004,1028
224503,1002,1033
224504,1005,1038
224505,1008,1041
224506,1007,1039
224507,1002,1038
224508,1002,1041
224509,1003,1044
224510,1006,1049
224511,1009,1048
224512,1008,1041
224513,1003,1037
224514,1004,1035
224515,1003,1037
224516,1005,1039
224517,1005,1038
224518,1002,1039
224519,999,1038
224520,997,1040
224521,997,1042
224522,997,1049
224523,999,1056
224524,995,1068
224525,992,1079
224526,994,1078
224527,996,1058
224528,1002,1043
224529,1003,1026
224530,999,1016
224531,994,1008
224532,993,1010
224533,992,1015
224534,995,1021
224535,997,1026
224536,996,1026
224537,993,1026
224538,991,1031
224539,993,1037
224540,997,1040
224541,1001,1041
224542,1000,1041
224543,998,1040
224544,997,1039
224545,997,1043
224546,1003,1044
224547,1004,1048
224548,1002,1046
224549,1001,1044
224550,1000,1046
224551,1003,1046
224552,1010,1045
224553,1020,1040
224554,1031,1034
224555,1043,1030
224556,1059,1031
224557,1084,1030
224558,1115,1030
224559,1153,1021
224560,1194,1013
224561,1230,1004
224562,1267,1006
224563,1297,1010
224564,1316,1025
224565,1307,1038
224566,1273,1045
224567,1216,1046
224568,1151,1050
224569,1091,1061
224570,1038,1070
224571,997,1075
224572,975,1074
224573,969,1070
224574,980,1065
224575,991,1059
224576,999,1052
224577,995,1046
224578,993,1045
224579,986,1047
224580,978,1054
224581,977,1068
224582,982,1076
224583,984,1067
224584,981,1048
224585,978,1033
224586,975,1032
224587,975,1042
224588,977,1043
224589,980,1039
224590,975,1034
224591,976,1032
224592,972,1030
224593,973,1028
224594,976,1034
224595,978,1032
224596,976,1033
224597,973,1035
224598,970,1036
224599,971,1043
224600,973,1048
224601,975,1052
224602,974,1051
224603,973,1048
224604,970,1045
224605,971,1040
224606,974,1038
224607,978,1035
224608,978,1033
224609,976,1034
224610,977,1034
224611,977,1034
224612,979,1039
224613,982,1039
224614,981,1037
224615,977,1036
224616,975,1037
224617,977,1041
224618,981,1045
224619,980,1044
224620,980,1039
224621,979,1036
224622,978,1037
224623,980,1040
224624,982,1046
224625,982,1044
224626,983,1047
224627,981,1047
224628,981,1042
224629,986,1040
224630,991,1037
224631,994,1028
224632,992,1027
224633,991,1026
224634,993,1027
224635,994,1031
224636,997,1034
224637,1001,1036
224638,1001,1037
224639,1002,1033
224640,1002,1029
224641,1002,1022
224642,1010,1016
224643,1012,1009
224644,1009,1007
224645,1007,1005
224646,1005,1009
224647,1007,1012
224648,1011,1009
224649,1014,1003
224650,1015,997
224651,1014,993
224652,1011,992
224653,1015,993
224654,1016,999
224655,1018,1000
224656,1019,1002
224657,1016,1002
224658,1016,1010
224659,1016,1023
224660,1021,1033
224661,1021,1031
224662,1022,1018
224663,1019,1005
224664,1016,1004
224665,1017,1010
224666,1018,1017
224667,1020,1019
224668,1016,1017
224669,1015,1011
224670,1012,1014
224671,1010,1019
224672,1012,1026
224673,1010,1030
224674,1007,1033
224675,1002,1032
224676,998,1036
224677,996,1041
224678,995,1047
224679,995,1045
224680,993,1049
224681,990,1049
224682,988,1050
224683,987,1049
224684,993,1047
224685,985,1041
224686,986,1039
224687,982,1035
224688,981,1039
224689,982,1046
224690,986,1047
224691,986,1046
224692,985,1041
224693,982,1040
224694,981,1042
224695,979,1048
224696,982,1054
224697,988,1050
224698,985,1046
224699,982,1041
224700,981,1038
224701,982,1042
224702,985,1047
224703,986,1048
224704,983,1044
224705,983,1045
224706,985,1047
224707,982,1050
224708,989,1051
224709,991,1046
224710,989,1045
224711,989,1042
224712,985,1046
224713,988,1049
224714,990,1054
224715,991,1054
224716,989,1056
224717,989,1054
224718,987,1053
224719,993,1051
224720,993,1054
224721,998,1049
224722,995,1045
224723,992,1042
224724,992,1042
224725,992,1048
224726,996,1056
224727,997,1060
224728,992,1067
224729,991,1072
224730,993,1073
224731,993,1062
224732,996,1046
224733,1000,1033
224734,998,1027
224735,994,1029
224736,996,1031
224737,995,1033
224738,997,1033
224739,997,1034
224740,995,1032
224741,993,1033
224742,989,1034
224743,987,1041
224744,990,1043
224745,992,1045
224746,988,1045
224747,987,1046
224748,984,1047
224749,983,1050
224750,985,1050
224751,988,1050
224752,986,1048
224753,981,1046
224754,977,1047
224755,980,1047
224756,983,1050
224757,982,1055
224758,984,1064
224759,983,1065
224760,980,1056
224761,984,1046
224762,986,1041
224763,986,1043
224764,985,1044
224765,984,1037
224766,984,1024
224767,986,1020
224768,990,1021
224769,992,1024
224770,992,1027
224771,991,1026
224772,992,1032
224773,997,1036
224774,1001,1040
224775,1004,1040
224776,1002,1038
224777,1002,1037
224778,1003,1036
224779,1011,1038
224780,1022,1039
224781,1038,1036
224782,1055,1035
224783,1075,1031
224784,1101,1030
224785,1136,1027
224786,1177,1026
224787,1216,1018
224788,1251,1013
224789,1276,1013
224790,1292,1024
224791,1288,1043
224792,1258,1057
224793,1207,1055
224794,1145,1055
224795,1080,1060
224796,1021,1071
224797,981,1074
224798,963,1077
224799,965,1069
224800,976,1058
224801,981,1049
224802,983,1045
224803,981,1044
224804,984,1046
224805,980,1043
224806,977,1040
224807,974,1038
224808,969,1044
224809,967,1053
224810,968,1066
224811,967,1073
224812,964,1071
224813,961,1059
224814,961,1049
224815,963,1044
224816,967,1042
224817,969,1040
224818,966,1039
224819,963,1030
224820,963,1035
224821,963,1034
224822,967,1037
224823,963,1031
224824,961,1026
224825,961,1026
224826,958,1034
224827,960,1040
224828,964,1045
224829,965,1047
224830,962,1044
224831,960,1044
224832,960,1044
224833,962,1048
224834,964,1052
224835,967,1052
224836,963,1048
224837,963,1046
224838,961,1046
224839,963,1047
224840,965,1052
224841,969,1056
224842,969,1061
224843,963,1058
224844,962,1048
224845,964,1046
224846,968,1038
224847,970,1029
224848,970,1014
224849,968,1007
224850,967,1010
224851,970,1016
224852,974,1019
224853,975,1019
224854,975,1021
224855,974,1022
224856,976,1025
224857,977,1020
224858,982,1019
224859,986,1013
224860,986,1007
224861,983,1006
224862,986,1007
224863,986,1009
224864,992,1013
224865,993,1010
224866,995,1011
224867,994,1007
224868,997,1011
224869,997,1015
224870,1000,1020
224871,1004,1017
224872,1001,1017
224873,1000,1014
224874,999,1012
224875,1001,1014
224876,1003,1018
224877,1005,1020
224878,1001,1022
224879,1000,1022
224880,997,1031
224881,996,1047
224882,1000,1070
224883,1003,1079
224884,1003,1067
224885,1002,1035
224886,1000,1007
224887,998,1002
224888,998,1016
224889,997,1026
224890,996,1030
224891,992,1022
224892,988,1012
224893,986,1012
224894,985,1016
224895,986,1023
224896,984,1026
224897,977,1026
224898,977,1028
224899,978,1034
224900,978,1042
224901,978,1044
224902,978,1039
224903,973,1040
224904,971,1043
224905,971,1049
224906,974,1050
224907,977,1051
224908,974,1051
224909,973,1049
224910,971,1050
224911,974,1051
224912,976,1052
224913,978,1051
224914,977,1048
224915,972,1050
224916,975,1051
224917,976,1057
224918,981,1058
224919,982,1056
224920,984,1055
224921,981,1057
224922,984,1054
224923,988,1055
224924,996,1058
224925,1002,1054
224926,1006,1051
224927,1007,1050
224928,1011,1052
224929,1018,1056
224930,1027,1059
224931,1039,1052
224932,1050,1041
224933,1062,1026
224934,1072,1013
224935,1086,1006
224936,1103,995
224937,1118,981
224938,1132,963
224939,1144,947
224940,1155,932
224941,1173,916
224942,1193,898
224943,1209,876
224944,1222,861
224945,1228,852
224946,1230,846
224947,1231,845
224948,1231,847
224949,1228,838
224950,1219,832
224951,1206,826
224952,1193,829
224953,1178,836
224954,1163,841
224955,1143,844
224956,1119,853
224957,1099,860
224958,1076,871
224959,1058,884
224960,1046,900
224961,1038,913
224962,1032,926
224963,1027,938
224964,1024,949
224965,1022,964
224966,1025,972
224967,1032,978
224968,1037,985
224969,1045,988
224970,1055,995
224971,1065,1000
224972,1064,1007
224973,1048,1009
224974,1022,1010
224975,988,1016
224976,963,1025
224977,946,1043
224978,939,1057
224979,936,1069
224980,930,1079
224981,920,1085
224982,913,1086
224983,914,1089
224984,911,1092
224985,910,1097
224986,908,1100
224987,902,1102
224988,896,1099
224989,898,1096
224990,899,1098
224991,897,1099
224992,894,1101
224993,889,1104
224994,887,1103
224995,887,1111
224996,888,1117
224997,888,1121
224998,885,1124
224999,880,1124
225000,879,1127
225001,880,1130
225002,881,1136
225003,881,1140
225004,880,1136
225005,878,1134
225006,875,1136
225007,875,1141
225008,878,1144
225009,879,1145
225010,876,1141
225011,874,1141
225012,872,1142
225013,874,1147
225014,872,1155
225015,877,1155
225016,874,1155
225017,872,1155
225018,873,1161
225019,875,1167
225020,879,1170
225021,881,1168
225022,880,1171
225023,878,1169
225024,878,1171
225025,881,1176
225026,887,1178
225027,891,1179
225028,891,1179
225029,890,1176
225030,893,1172
225031,900,1172
225032,904,1174
225033,910,1172
225034,911,1167
225035,912,1166
225036,917,1163
225037,922,1164
225038,927,1163
225039,930,1162
225040,934,1153
225041,935,1144
225042,936,1135
225043,944,1130
225044,949,1128
225045,950,1120
225046,950,1113
225047,949,1109
225048,950,1106
225049,953,1105
225050,959,1103
225051,961,1098
225052,962,1089
225053,958,1084
225054,957,1079
225055,956,1076
225056,957,1074
225057,963,1073
225058,961,1066
225059,958,1062
225060,958,1062
225061,960,1063
225062,964,1063
225063,963,1064
225064,960,1061
225065,959,1056
225066,958,1057
225067,959,1057
225068,961,1058
225069,960,1052
225070,960,1049
225071,959,1050
225072,959,1052
225073,961,1054
225074,964,1056
225075,967,1055
225076,966,1052
225077,962,1050
225078,959,1052
225079,961,1054
225080,964,1056
225081,967,1052
225082,965,1051
225083,963,1047
225084,964,1043
225085,967,1045
225086,973,1045
225087,975,1043
225088,974,1043
225089,970,1041
225090,966,1041
225091,972,1045
225092,976,1047
225093,978,1046
225094,978,1042
225095,976,1040
225096,975,1040
225097,975,1043
225098,979,1043
225099,979,1042
225100,980,1041
225101,975,1039
225102,973,1042
225103,976,1043
225104,979,1044
225105,981,1045
225106,981,1045
225107,975,1042
225108,976,1047
225109,979,1048
225110,980,1050
225111,982,1044
225112,977,1040
225113,974,1040
225114,976,1047
225115,980,1048
225116,981,1047
225117,982,1042
225118,979,1036
225119,976,1035
225120,974,1036
225121,974,1041
225122,976,1042
225123,977,1038
225124,976,1033
225125,976,1033
225126,978,1036
225127,979,1037
225128,981,1037
225129,980,1037
225130,980,1034
225131,975,1033
225132,973,1036
225133,978,1039
225134,982,1042
225135,982,1042
225136,980,1041
225137,976,1040
225138,976,1038
225139,978,1041
225140,978,1041
225141,980,1043
225142,977,1038
225143,973,1036
225144,973,1037
225145,975,1038
225146,975,1041
225147,977,1039
225148,977,1038
225149,976,1035
225150,974,1037
225151,975,1043
225152,978,1045
225153,980,1044
225154,979,1040
225155,976,1038
225156,975,1040
225157,980,1042
225158,982,1044
225159,982,1043
225160,979,1042
225161,977,1040
225162,976,1040
225163,978,1046
225164,980,1048
225165,981,1045
225166,977,1040
225167,976,1037
225168,975,1039
225169,980,1041
225170,983,1042
225171,985,1042
225172,985,1037
225173,984,1032
225174,981,1034
225175,982,1045
225176,986,1048
225177,986,1044
225178,985,1037
225179,982,1033
225180,983,1031
225181,983,1033
225182,987,1034
225183,988,1034
225184,989,1033
225185,984,1028
225186,985,1031
225187,984,1032
225188,986,1035
225189,986,1032
225190,985,1030
225191,983,1031
225192,980,1030
225193,982,1033
225194,985,1035
225195,988,1038
225196,985,1034
225197,981,1034
225198,981,1032
225199,984,1037
225200,985,1040
225201,984,1040
225202,982,1035
225203,983,1036
225204,982,1040
225205,982,1044
225206,983,1047
225207,982,1045
225208,983,1043
225209,982,1042
225210,980,1045
225211,983,1047
225212,982,1050
225213,986,1044
225214,985,1041
225215,985,1038
225216,987,1038
225217,988,1040
225218,991,1044
225219,995,1044
225220,991,1047
225221,992,1044
225222,991,1045
225223,997,1047
225224,1004,1048
225225,1006,1040
225226,1008,1031
225227,1010,1022
225228,1014,1019
225229,1024,1018
225230,1039,1017
225231,1052,1013
225232,1066,1011
225233,1082,1008
225234,1104,1001
225235,1129,992
225236,1153,990
225237,1176,989
225238,1190,998
225239,1199,1014
225240,1193,1035
225241,1180,1045
225242,1153,1045
225243,1119,1048
225244,1082,1055
225245,1048,1064
225246,1020,1078
225247,1002,1085
225248,997,1085
225249,997,1076
225250,997,1063
225251,994,1051
225252,993,1046
225253,992,1047
225254,994,1042
225255,992,1045
225256,988,1044
225257,982,1042
225258,982,1044
225259,981,1047
225260,984,1046
225261,983,1042
225262,978,1038
225263,974,1034
225264,973,1034
225265,973,1038
225266,975,1035
225267,972,1037
225268,974,1031
225269,970,1031
225270,970,1032
225271,968,1036
225272,974,1037
225273,972,1035
225274,970,1034
225275,967,1030
225276,967,1032
225277,967,1034
225278,973,1034
225279,974,1033
225280,972,1035
225281,967,1030
225282,964,1032
225283,966,1035
225284,969,1034
225285,969,1034
225286,966,1032
225287,964,1027
225288,962,1029
225289,964,1034
225290,967,1035
225291,970,1033
225292,968,1028
225293,964,1028
225294,965,1029
225295,968,1035
225296,970,1036
225297,969,1032
225298,970,1032
225299,968,1030
225300,968,1032
225301,972,1033
225302,975,1037
225303,977,1037
225304,978,1036
225305,975,1035
225306,975,1035
225307,975,1036
225308,982,1034
225309,984,1031
225310,986,1025
225311,984,1015
225312,984,1006
225313,984,1001
225314,988,1003
225315,989,1005
225316,988,1007
225317,985,1009
225318,985,1007
225319,986,1005
225320,991,999
225321,992,994
225322,992,990
225323,991,988
225324,987,987
225325,992,990
225326,995,992
225327,997,990
225328,997,989
225329,993,989
225330,994,991
225331,1000,993
225332,1003,993
225333,1001,993
225334,1002,994
225335,1001,991
225336,1003,992
225337,1004,996
225338,1009,1000
225339,1010,1001
225340,1008,1000
225341,1007,1000
225342,1006,1003
225343,1006,1006
225344,1013,1010
225345,1015,1012
225346,1012,1012
225347,1009,1012
225348,1007,1014
225349,1010,1021
225350,1011,1025
225351,1012,1027
225352,1009,1029
225353,1005,1030
225354,1003,1031
225355,1002,1034
225356,1003,1038
225357,1000,1038
225358,997,1040
225359,996,1042
225360,994,1053
225361,996,1063
225362,998,1064
225363,998,1052
225364,995,1039
225365,992,1030
225366,990,1034
225367,993,1039
225368,993,1043
225369,993,1041
225370,992,1041
225371,987,1041
225372,985,1041
225373,987,1043
225374,989,1045
225375,990,1048
225376,990,1044
225377,987,1041
225378,984,1042
225379,985,1045
225380,990,1047
225381,992,1048
225382,991,1046
225383,987,1041
225384,987,1040
225385,989,1045
225386,990,1043
225387,994,1046
225388,989,1041
225389,986,1037
225390,987,1041
225391,988,1041
225392,991,1043
225393,991,1041
225394,990,1041
225395,989,1037
225396,988,1039
225397,989,1041
225398,993,1046
225399,994,1045
225400,994,1042
225401,990,1039
225402,991,1037
225403,995,1038
225404,997,1041
225405,995,1043
225406,996,1038
225407,995,1036
225408,995,1040
225409,998,1044
225410,1002,1048
225411,1000,1048
225412,1001,1044
225413,996,1040
225414,995,1040
225415,995,1041
225416,999,1043
225417,999,1043
225418,996,1042
225419,993,1042
225420,990,1042
225421,991,1043
225422,990,1043
225423,992,1040
225424,992,1042
225425,989,1038
225426,989,1033
225427,992,1032
225428,994,1032
225429,997,1030
225430,994,1031
225431,991,1029
225432,988,1032
225433,988,1037
225434,993,1039
225435,993,1037
225436,989,1032
225437,986,1032
225438,984,1030
225439,986,1034
225440,988,1033
225441,987,1033
225442,988,1031
225443,984,1028
225444,981,1029
225445,985,1034
225446,985,1036
225447,984,1037
225448,982,1035
225449,978,1034
225450,979,1037
225451,983,1043
225452,984,1046
225453,987,1047
225454,986,1042
225455,982,1044
225456,983,1043
225457,983,1047
225458,987,1047
225459,988,1045
225460,987,1043
225461,983,1040
225462,980,1043
225463,983,1048
225464,986,1051
225465,988,1047
225466,986,1044
225467,985,1043
225468,984,1048
225469,984,1057
225470,988,1064
225471,990,1061
225472,989,1052
225473,986,1042
225474,986,1039
225475,988,1038
225476,991,1037
225477,992,1035
225478,987,1035
225479,985,1034
225480,985,1039
225481,990,1041
225482,990,1044
225483,990,1043
225484,987,1038
225485,985,1036
225486,984,1038
225487,984,1037
225488,988,1039
225489,988,1039
225490,987,1038
225491,985,1037
225492,986,1037
225493,989,1038
225494,990,1040
225495,989,1039
225496,986,1035
225497,981,1035
225498,979,1036
225499,982,1039
225500,986,1043
225501,985,1045
225502,984,1044
225503,983,1044
225504,984,1045
225505,987,1045
225506,989,1046
225507,992,1043
225508,989,1040
225509,984,1040
225510,987,1042
225511,989,1045
225512,992,1045
225513,990,1043
225514,993,1042
225515,987,1041
225516,987,1040
225517,991,1043
225518,994,1045
225519,998,1044
225520,994,1042
225521,992,1042
225522,993,1042
225523,999,1040
225524,1002,1042
225525,1005,1038
225526,1007,1032
225527,1011,1029
225528,1021,1032
225529,1039,1031
225530,1058,1033
225531,1080,1030
225532,1105,1023
225533,1130,1019
225534,1164,1011
225535,1201,1006
225536,1233,1007
225537,1258,1016
225538,1270,1028
225539,1266,1043
225540,1245,1054
225541,1212,1054
225542,1167,1056
225543,1116,1059
225544,1063,1066
225545,1019,1074
225546,983,1084
225547,973,1088
225548,975,1087
225549,981,1074
225550,981,1058
225551,980,1048
225552,981,1044
225553,982,1044
225554,983,1047
225555,979,1050
225556,976,1052
225557,973,1055
225558,971,1055
225559,975,1049
225560,977,1042
225561,976,1035
225562,972,1029
225563,968,1026
225564,968,1030
225565,971,1032
225566,973,1034
225567,972,1033
225568,971,1033
225569,968,1033
225570,967,1038
225571,968,1036
225572,972,1039
225573,971,1034
225574,968,1034
225575,967,1027
225576,970,1030
225577,972,1034
225578,975,1039
225579,974,1035
225580,973,1032
225581,968,1032
225582,969,1033
225583,967,1036
225584,971,1037
225585,974,1036
225586,975,1035
225587,971,1031
225588,971,1037
225589,970,1036
225590,973,1042
225591,973,1040
225592,970,1037
225593,969,1035
225594,967,1038
225595,970,1040
225596,973,1041
225597,973,1035
225598,971,1032
225599,970,1028
225600,970,1027
225601,972,1025
225602,972,1029
225603,973,1028
225604,972,1023
225605,974,1016
225606,976,1015
225607,977,1013
225608,980,1015
225609,981,1016
225610,980,1014
225611,980,1015
225612,980,1016
225613,980,1017
225614,987,1011
225615,988,1005
225616,991,1002
225617,992,999
225618,993,1000
225619,997,998
225620,999,998
225621,997,993
225622,996,989
225623,997,987
225624,996,986
225625,998,989
225626,1003,993
225627,1007,994
225628,1007,994
225629,1004,990
225630,1001,993
225631,1002,993
225632,1003,993
225633,1006,997
225634,1004,997
225635,1001,999
225636,1005,997
225637,1008,1001
225638,1009,1005
225639,1009,1007
225640,1008,1006
225641,1005,1005
225642,1004,1008
225643,1005,1011
225644,1005,1015
225645,1005,1018
225646,999,1019
225647,994,1020
225648,995,1027
225649,995,1029
225650,998,1036
225651,997,1035
225652,992,1034
225653,987,1031
225654,984,1031
225655,987,1036
225656,990,1041
225657,987,1042
225658,984,1041
225659,981,1041
225660,980,1043
225661,982,1048
225662,982,1052
225663,984,1056
225664,981,1057
225665,977,1058
225666,979,1058
225667,981,1056
225668,983,1051
225669,983,1044
225670,978,1040
225671,977,1041
225672,978,1043
225673,982,1049
225674,984,1051
225675,985,1049
225676,981,1049
225677,979,1046
225678,978,1047
225679,981,1048
225680,984,1053
225681,985,1048
225682,984,1048
225683,981,1048
225684,982,1048
225685,983,1050
225686,988,1052
225687,988,1050
225688,986,1048
225689,985,1046
225690,984,1048
225691,984,1051
225692,990,1051
225693,992,1049
225694,987,1045
225695,987,1043
225696,988,1042
225697,989,1045
225698,991,1044
225699,992,1045
225700,990,1044
225701,987,1042
225702,991,1043
225703,994,1046
225704,995,1047
225705,993,1044
225706,991,1039
225707,989,1037
225708,991,1039
225709,990,1039
225710,991,1041
225711,992,1041
225712,991,1040
225713,988,1039
225714,986,1038
225715,988,1043
225716,991,1044
225717,989,1038
225718,986,1035
225719,983,1037
225720,984,1039
225721,989,1041
225722,988,1045
225723,987,1043
225724,985,1043
225725,983,1043
225726,985,1042
225727,986,1045
225728,988,1045
225729,989,1046
225730,986,1044
225731,981,1043
225732,983,1044
225733,989,1044
225734,989,1043
225735,990,1042
225736,985,1042
225737,981,1042
225738,983,1048
225739,988,1053
225740,990,1056
225741,987,1055
225742,985,1051
225743,979,1048
225744,982,1048
225745,987,1048
225746,987,1047
225747,989,1047
225748,987,1048
225749,986,1046
225750,985,1048
225751,987,1047
225752,989,1047
225753,989,1048
225754,987,1044
225755,984,1041
225756,981,1041
225757,985,1045
225758,987,1048
225759,987,1046
225760,984,1044
225761,979,1042
225762,980,1046
225763,984,1048
225764,986,1048
225765,986,1046
225766,985,1046
225767,982,1043
225768,979,1049
225769,982,1049
225770,984,1051
225771,985,1050
225772,983,1047
225773,980,1047
225774,981,1048
225775,983,1052
225776,987,1055
225777,988,1054
225778,986,1051
225779,983,1046
225780,982,1048
225781,986,1052
225782,988,1050
225783,988,1047
225784,984,1046
225785,987,1048
225786,985,1052
225787,988,1055
225788,989,1055
225789,990,1051
225790,987,1044
225791,985,1039
225792,983,1043
225793,986,1042
225794,994,1047
225795,994,1045
225796,992,1041
225797,991,1038
225798,990,1040
225799,998,1043
225800,999,1044
225801,997,1044
225802,996,1043
225803,996,1041
225804,999,1043
225805,1008,1042
225806,1022,1041
225807,1030,1037
225808,1041,1036
225809,1057,1034
225810,1079,1033
225811,1110,1026
225812,1141,1021
225813,1171,1014
225814,1200,1004
225815,1227,1000
225816,1252,1011
225817,1270,1030
225818,1272,1054
225819,1253,1072
225820,1220,1075
225821,1175,1070
225822,1125,1067
225823,1077,1076
225824,1032,1085
225825,989,1095
225826,971,1097
225827,966,1097
225828,974,1089
225829,982,1079
225830,984,1070
225831,984,1064
225832,983,1054
225833,981,1049
225834,979,1045
225835,979,1043
225836,982,1042
225837,981,1040
225838,976,1035
225839,971,1036
225840,971,1037
225841,972,1040
225842,972,1041
225843,970,1038
225844,968,1036
225845,965,1037
225846,966,1038
225847,970,1037
225848,972,1039
225849,972,1041
225850,968,1038
225851,967,1038
225852,965,1042
225853,968,1043
225854,970,1043
225855,972,1043
225856,970,1039
225857,967,1038
225858,970,1039
225859,971,1040
225860,973,1039
225861,972,1039
225862,969,1038
225863,964,1038
225864,965,1042
225865,968,1046
225866,970,1046
225867,972,1042
225868,969,1036
225869,966,1034
225870,965,1030
225871,965,1033
225872,969,1033
225873,970,1030
225874,966,1028
225875,968,1026
225876,970,1027
225877,972,1031
225878,973,1030
225879,973,1026
225880,971,1024
225881,970,1022
225882,970,1022
225883,976,1026
225884,982,1027
225885,981,1023
225886,979,1023
225887,978,1018
225888,980,1018
225889,984,1020
225890,988,1019
225891,989,1015
225892,991,1012
225893,992,1008
225894,992,1009
225895,995,1009
225896,1000,1010
225897,999,1005
225898,999,1000
225899,998,999
225900,1000,998
225901,1004,999
225902,1007,1001
225903,1006,1000
225904,1003,995
225905,1003,994
225906,1002,996
225907,1005,1000
225908,1007,1005
225909,1009,1003
225910,1008,996
225911,1004,990
225912,1004,991
225913,1007,993
225914,1010,993
225915,1010,997
225916,1008,991
225917,1007,993
225918,1003,994
225919,1006,999
225920,1007,1001
225921,1005,1004
225922,1003,1005
225923,1002,1005
225924,1002,1010
225925,1002,1015
225926,1002,1017
225927,1000,1020
225928,996,1019
225929,993,1020
225930,991,1026
225931,992,1031
225932,993,1034
225933,988,1034
225934,988,1034
225935,983,1034
225936,982,1039
225937,982,1045
225938,984,1047
225939,983,1048
225940,983,1047
225941,976,1046
225942,976,1051
225943,978,1054
225944,979,1054
225945,978,1054
225946,978,1051
225947,973,1053
225948,974,1052
225949,978,1055
225950,978,1060
225951,977,1058
225952,975,1056
225953,972,1056
225954,971,1054
225955,972,1056
225956,975,1054
225957,975,1054
225958,973,1049
225959,971,1049
225960,972,1050
225961,978,1052
225962,978,1050
225963,974,1048
225964,970,1043
225965,969,1044
225966,973,1048
225967,978,1050
225968,980,1047
225969,980,1043
225970,978,1038
225971,979,1040
225972,977,1041
225973,983,1043
225974,986,1043
225975,986,1041
225976,986,1041
225977,982,1040
225978,983,1042
225979,989,1044
225980,992,1047
225981,992,1046
225982,989,1042
225983,988,1042
225984,989,1045
225985,992,1048
225986,992,1048
225987,991,1046
225988,993,1045
225989,990,1046
225990,990,1048
225991,992,1050
225992,996,1046
225993,995,1046
225994,991,1042
225995,990,1042
225996,990,1044
225997,994,1046
225998,994,1047
225999,992,1043
226000,992,1041
226001,988,1039
226002,986,1042
226003,990,1043
226004,992,1043
226005,987,1042
226006,987,1038
226007,983,1037
226008,984,1038
226009,986,1040
226010,987,1038
226011,987,1036
226012,986,1035
226013,985,1035
226014,984,1039
226015,986,1039
226016,988,1039
226017,987,1036
226018,982,1032
226019,982,1032
226020,980,1034
226021,985,1036
226022,989,1037
226023,989,1035
226024,988,1033
226025,984,1033
226026,986,1035
226027,987,1040
226028,990,1044
226029,990,1048
226030,989,1045
226031,986,1050
226032,988,1054
226033,992,1055
226034,995,1052
226035,998,1046
226036,1000,1041
226037,1009,1035
226038,1016,1032
226039,1029,1032
226040,1047,1034
226041,1061,1034
226042,1081,1028
226043,1103,1025
226044,1132,1019
226045,1166,1017
226046,1201,1016
226047,1228,1018
226048,1247,1027
226049,1255,1038
226050,1251,1054
226051,1234,1063
226052,1205,1066
226053,1167,1064
226054,1122,1064
226055,1077,1070
226056,1031,1082
226057,1001,1089
226058,982,1096
226059,976,1092
226060,973,1083
226061,973,1073
226062,975,1064
226063,979,1061
226064,984,1052
226065,983,1047
226066,978,1040
226067,974,1037
226068,971,1041
226069,970,1039
226070,975,1039
226071,972,1038
226072,968,1035
226073,965,1036
226074,963,1039
226075,965,1042
226076,967,1046
226077,966,1044
226078,964,1041
226079,961,1038
226080,962,1042
226081,965,1045
226082,967,1046
226083,966,1050
226084,964,1048
226085,963,1048
226086,963,1050
226087,966,1052
226088,969,1049
226089,968,1048
226090,966,1042
226091,964,1041
226092,964,1040
226093,966,1040
226094,968,1039
226095,966,1039
226096,963,1035
226097,963,1038
226098,961,1037
226099,966,1041
226100,969,1040
226101,965,1039
226102,962,1035
226103,960,1033
226104,964,1034
226105,964,1036
226106,970,1036
226107,971,1034
226108,968,1029
226109,967,1026
226110,967,1029
226111,970,1029
226112,973,1027
226113,971,1025
226114,970,1022
226115,967,1019
226116,969,1019
226117,970,1020
226118,971,1020
226119,974,1016
226120,973,1013
226121,971,1009
226122,972,1013
226123,975,1014
226124,979,1014
226125,979,1011
226126,978,1003
226127,975,1006
226128,977,1007
226129,983,1006
226130,988,1009
226131,988,1006
226132,987,1002
226133,987,1001
226134,988,1003
226135,989,1000
226136,996,998
226137,997,996
226138,994,993
226139,994,992
226140,995,993
226141,1000,996
226142,1003,996
226143,1004,997
226144,1001,990
226145,1002,990
226146,1001,991
226147,1006,996
226148,1005,1002
226149,1007,998
226150,1004,1000
226151,1001,1000
226152,999,1002
226153,1004,1003
226154,1007,1005
226155,1007,1006
226156,1003,1005
226157,1000,1005
226158,998,1009
226159,1001,1015
226160,1004,1017
226161,1000,1017
226162,997,1019
226163,994,1023
226164,994,1026
226165,993,1031
226166,996,1033
226167,994,1035
226168,987,1034
226169,984,1037
226170,984,1046
226171,986,1052
226172,988,1054
226173,985,1045
226174,980,1034
226175,980,1030
226176,976,1033
226177,975,1039
226178,979,1045
226179,979,1048
226180,975,1049
226181,971,1049
226182,971,1046
226183,971,1047
226184,973,1049
226185,972,1050
226186,970,1048
226187,969,1048
226188,967,1047
226189,969,1051
226190,972,1050
226191,969,1043
226192,967,1045
226193,963,1044
226194,962,1048
226195,965,1049
226196,970,1052
226197,970,1049
226198,968,1044
226199,968,1041
226200,969,1043
226201,971,1046
226202,976,1047
226203,975,1043
226204,974,1044
226205,974,1042
226206,975,1045
226207,977,1046
226208,981,1047
226209,980,1047
226210,977,1042
226211,975,1041
226212,975,1042
226213,979,1047
226214,981,1046
226215,981,1042
226216,978,1040
226217,978,1041
226218,977,1042
226219,980,1043
226220,989,1045
226221,985,1042
226222,981,1039
226223,981,1039
226224,980,1041
226225,982,1044
226226,986,1044
226227,988,1042
226228,986,1040
226229,980,1040
226230,981,1043
226231,983,1045
226232,985,1043
226233,984,1043
226234,984,1042
226235,979,1043
226236,980,1048
226237,982,1053
226238,986,1052
226239,982,1048
226240,979,1044
226241,975,1037
226242,976,1038
226243,977,1042
226244,980,1044
226245,976,1042
226246,976,1040
226247,973,1037
226248,974,1041
226249,974,1042
226250,978,1042
226251,978,1039
226252,977,1036
226253,975,1036
226254,974,1037
226255,975,1039
226256,980,1038
226257,976,1038
226258,973,1036
226259,973,1038
226260,976,1039
226261,977,1045
226262,980,1045
226263,980,1045
226264,978,1043
226265,978,1043
226266,976,1047
226267,977,1050
226268,978,1048
226269,980,1045
226270,976,1042
226271,972,1045
226272,974,1047
226273,976,1050
226274,981,1049
226275,980,1047
226276,979,1046
226277,974,1048
226278,977,1049
226279,976,1051
226280,978,1052
226281,980,1050
226282,979,1045
226283,975,1046
226284,976,1049
226285,980,1047
226286,983,1050
226287,981,1050
226288,979,1047
226289,977,1046
226290,977,1046
226291,979,1052
226292,983,1050
226293,981,1052
226294,978,1049
226295,977,1051
226296,976,1048
226297,980,1050
226298,982,1053
226299,983,1055
226300,981,1055
226301,977,1052
226302,975,1049
226303,977,1042
226304,982,1038
226305,979,1033
226306,981,1024
226307,979,1025
226308,981,1029
226309,984,1033
226310,985,1034
226311,988,1034
226312,984,1031
226313,982,1034
226314,984,1035
226315,987,1041
226316,989,1041
226317,991,1041
226318,993,1040
226319,992,1038
226320,996,1038
226321,1001,1037
226322,1006,1034
226323,1015,1029
226324,1026,1026
226325,1037,1027
226326,1052,1026
226327,1074,1028
226328,1100,1024
226329,1127,1015
226330,1155,1006
226331,1185,1002
226332,1220,1006
226333,1250,1010
226334,1276,1022
226335,1285,1038
226336,1276,1049
226337,1247,1048
226338,1205,1053
226339,1159,1059
226340,1114,1066
226341,1066,1076
226342,1020,1076
226343,997,1077
226344,986,1077
226345,992,1072
226346,999,1067
226347,999,1060
226348,996,1050
226349,987,1043
226350,987,1041
226351,987,1040
226352,986,1040
226353,980,1041
226354,976,1040
226355,972,1041
226356,974,1044
226357,971,1048
226358,970,1044
226359,969,1040
226360,968,1037
226361,965,1041
226362,963,1043
226363,967,1045
226364,968,1045
226365,967,1044
226366,965,1043
226367,962,1048
226368,961,1053
226369,961,1052
226370,965,1049
226371,965,1044
226372,964,1039
226373,960,1037
226374,962,1038
226375,967,1043
226376,969,1042
226377,968,1043
226378,965,1043
226379,961,1042
226380,963,1045
226381,966,1050
226382,969,1046
226383,967,1040
226384,967,1035
226385,966,1031
226386,971,1034
226387,974,1039
226388,976,1043
226389,977,1043
226390,973,1041
226391,968,1041
226392,972,1042
226393,970,1042
226394,975,1039
226395,976,1034
226396,976,1030
226397,973,1030
226398,976,1031
226399,978,1037
226400,982,1033
226401,985,1032
226402,979,1029
226403,977,1025
226404,981,1028
226405,983,1029
226406,988,1027
226407,988,1024
226408,987,1022
226409,988,1020
226410,990,1021
226411,994,1019
226412,999,1017
226413,1000,1013
226414,1000,1012
226415,998,1012
226416,999,1011
226417,1003,1012
226418,1007,1012
226419,1007,1010
226420,1006,1004
226421,1005,1005
226422,1008,1008
226423,1010,1012
226424,1013,1016
226425,1015,1013
226426,1010,1010
226427,1009,1005
226428,1012,1004
226429,1017,1005
226430,1018,1007
226431,1017,1006
226432,1017,1003
226433,1013,1006
226434,1015,1008
226435,1015,1015
226436,1016,1018
226437,1014,1018
226438,1012,1015
226439,1006,1019
226440,1004,1025
226441,1008,1030
226442,1007,1032
226443,1005,1034
226444,999,1029
226445,994,1031
226446,990,1033
226447,990,1036
226448,992,1038
226449,992,1036
226450,989,1034
226451,981,1036
226452,982,1042
226453,983,1047
226454,984,1048
226455,984,1046
226456,982,1045
226457,980,1046
226458,976,1048
226459,979,1051
226460,983,1051
226461,981,1050
226462,976,1051
226463,976,1054
226464,976,1058
226465,980,1061
226466,980,1060
226467,982,1055
226468,979,1048
226469,978,1047
226470,980,1050
226471,980,1053
226472,982,1048
226473,981,1048
226474,978,1044
226475,976,1044
226476,977,1046
226477,978,1049
226478,986,1047
226479,982,1045
226480,981,1041
226481,980,1041
226482,983,1044
226483,983,1048
226484,989,1045
226485,985,1044
226486,984,1041
226487,982,1042
226488,983,1043
226489,986,1047
226490,984,1047
226491,984,1045
226492,979,1043
226493,978,1045
226494,982,1049
226495,986,1050
226496,986,1051
226497,986,1050
226498,981,1048
226499,978,1052
226500,979,1055
226501,983,1062
226502,989,1062
226503,987,1059
226504,988,1050
226505,985,1043
226506,986,1041
226507,986,1040
226508,990,1040
226509,988,1040
226510,987,1039
226511,984,1040
226512,985,1045
226513,990,1044
226514,993,1044
226515,992,1043
226516,990,1041
226517,987,1043
226518,988,1050
226519,990,1054
226520,994,1056
226521,993,1057
226522,991,1050
226523,989,1046
226524,990,1044
226525,992,1042
226526,995,1041
226527,994,1035
226528,990,1034
226529,987,1037
226530,987,1039
226531,993,1045
226532,994,1042
226533,993,1042
226534,990,1042
226535,987,1039
226536,988,1042
226537,991,1047
226538,994,1046
226539,992,1042
226540,988,1042
226541,987,1041
226542,990,1045
226543,989,1046
226544,991,1044
226545,991,1043
226546,986,1041
226547,984,1041
226548,985,1043
226549,989,1046
226550,990,1047
226551,990,1047
226552,988,1045
226553,986,1046
226554,988,1047
226555,993,1047
226556,1002,1045
226557,1009,1045
226558,1019,1039
226559,1030,1038
226560,1053,1040
226561,1080,1039
226562,1111,1035
226563,1144,1027
226564,1175,1019
226565,1210,1018
226566,1246,1021
226567,1275,1033
226568,1291,1045
226569,1282,1060
226570,1248,1065
226571,1206,1070
226572,1152,1068
226573,1100,1071
226574,1050,1069
226575,1004,1068
226576,980,1068
226577,970,1067
226578,975,1062
226579,983,1055
226580,988,1049
226581,987,1044
226582,983,1039
226583,979,1039
226584,975,1043
226585,979,1045
226586,978,1047
226587,977,1042
226588,977,1041
226589,972,1038
226590,972,1042
226591,970,1041
226592,970,1041
226593,969,1041
226594,966,1040
226595,961,1040
226596,961,1044
226597,961,1047
226598,962,1047
226599,963,1045
226600,956,1041
226601,952,1041
226602,955,1044
226603,958,1045
226604,961,1045
226605,958,1044
226606,956,1045
226607,953,1044
226608,955,1047
226609,954,1052
226610,960,1050
226611,958,1045
226612,959,1041
226613,955,1037
226614,958,1037
226615,961,1040
226616,962,1038
226617,960,1039
226618,959,1039
226619,958,1039
226620,960,1043
226621,965,1042
226622,968,1042
226623,967,1037
226624,965,1036
226625,964,1036
226626,966,1036
226627,973,1041
226628,970,1037
226629,971,1034
226630,969,1033
226631,967,1031
226632,968,1031
226633,973,1035
226634,978,1034
226635,977,1032
226636,975,1028
226637,977,1026
226638,978,1029
226639,980,1029
226640,984,1027
226641,987,1025
226642,985,1019
226643,984,1020
226644,984,1021
226645,987,1021
226646,991,1020
226647,991,1016
226648,990,1013
226649,988,1015
226650,992,1014
226651,994,1017
226652,996,1016
226653,998,1011
226654,998,1012
226655,995,1010
226656,995,1015
226657,999,1015
226658,1003,1013
226659,1000,1012
226660,1000,1012
226661,997,1013
226662,997,1016
226663,1001,1020
226664,1006,1027
226665,1005,1026
226666,1000,1030
226667,998,1037
226668,1001,1041
226669,1001,1039
226670,1003,1036
226671,999,1045
226672,993,1062
226673,989,1078
226674,986,1065
226675,988,1031
226676,990,998
226677,992,985
226678,986,987
226679,983,999
226680,979,1010
226681,984,1018
226682,985,1019
226683,982,1022
226684,979,1024
226685,975,1028
226686,977,1032
226687,977,1039
226688,979,1039
226689,978,1041
226690,974,1038
226691,974,1039
226692,971,1043
226693,975,1047
226694,974,1049
226695,975,1047
226696,975,1045
226697,972,1049
226698,971,1050
226699,971,1052
226700,972,1051
226701,970,1049
226702,968,1049
226703,970,1049
226704,971,1052
226705,973,1054
226706,976,1055
226707,975,1052
226708,973,1049
226709,971,1050
226710,973,1052
226711,977,1056
226712,977,1053
226713,977,1051
226714,974,1048
226715,972,1047
226716,971,1050
226717,973,1051
226718,976,1052
226719,976,1051
226720,975,1048
226721,972,1049
226722,976,1053
226723,978,1053
226724,979,1051
226725,980,1046
226726,978,1045
226727,979,1046
226728,979,1048
226729,981,1051
226730,986,1052
226731,986,1049
226732,983,1049
226733,981,1054
226734,982,1059
226735,984,1068
226736,985,1064
226737,984,1055
226738,986,1047
226739,983,1041
226740,983,1040
226741,985,1040
226742,986,1039
226743,984,1042
226744,982,1041
226745,978,1048
226746,979,1052
226747,983,1052
226748,986,1046
226749,981,1041
226750,977,1034
226751,976,1031
226752,975,1030
226753,975,1035
226754,979,1034
226755,978,1031
226756,976,1030
226757,971,1033
226758,974,1036
226759,977,1039
226760,976,1043
226761,977,1041
226762,973,1039
226763,973,1038
226764,972,1043
226765,978,1047
226766,980,1046
226767,978,1042
226768,975,1041
226769,970,1043
226770,971,1046
226771,975,1048
226772,979,1047
226773,976,1045
226774,976,1041
226775,973,1043
226776,975,1046
226777,980,1049
226778,980,1045
226779,979,1043
226780,977,1039
226781,975,1041
226782,975,1044
226783,979,1046
226784,976,1047
226785,980,1047
226786,977,1045
226787,976,1048
226788,980,1047
226789,984,1044
226790,985,1046
226791,982,1041
226792,979,1038
226793,975,1037
226794,977,1039
226795,982,1041
226796,983,1042
226797,981,1042
226798,978,1039
226799,977,1038
226800,976,1039
226801,978,1043
226802,982,1045
226803,979,1040
226804,975,1036
226805,969,1032
226806,974,1037
226807,979,1039
226808,980,1042
226809,977,1041
226810,973,1038
226811,973,1040
226812,973,1044
226813,977,1046
226814,981,1047
226815,980,1045
226816,978,1042
226817,975,1043
226818,976,1045
226819,980,1049
226820,982,1050
226821,979,1049
226822,978,1047
226823,977,1049
226824,976,1055
226825,978,1056
226826,978,1054
226827,976,1057
226828,975,1057
226829,974,1052
226830,978,1041
226831,983,1029
226832,986,1020
226833,986,1015
226834,983,1016
226835,979,1020
226836,980,1025
226837,983,1026
226838,985,1027
226839,987,1025
226840,987,1025
226841,985,1026
226842,985,1030
226843,988,1035
226844,991,1037
226845,990,1035
226846,990,1034
226847,990,1037
226848,991,1038
226849,994,1039
226850,996,1037
226851,993,1033
226852,997,1030
226853,1002,1028
226854,1011,1028
226855,1028,1030
226856,1049,1030
226857,1067,1025
226858,1088,1022
226859,1117,1018
226860,1149,1016
226861,1187,1014
226862,1227,1012
226863,1257,1013
226864,1279,1019
226865,1279,1033
226866,1261,1044
226867,1223,1051
226868,1174,1050
226869,1119,1053
226870,1066,1055
226871,1025,1057
226872,995,1059
226873,984,1055
226874,986,1050
226875,991,1043
226876,992,1034
226877,989,1034
226878,985,1035
226879,983,1036
226880,983,1032
226881,982,1028
226882,978,1026
226883,972,1029
226884,974,1030
226885,974,1034
226886,976,1038
226887,974,1033
226888,969,1034
226889,968,1034
226890,968,1038
226891,971,1040
226892,972,1039
226893,970,1040
226894,968,1035
226895,963,1035
226896,964,1044
226897,968,1043
226898,971,1040
226899,969,1035
226900,969,1032
226901,964,1034
226902,965,1039
226903,966,1039
226904,968,1040
226905,964,1038
226906,963,1037
226907,958,1039
226908,959,1044
226909,962,1044
226910,964,1042
226911,965,1033
226912,964,1031
226913,962,1034
226914,962,1038
226915,964,1039
226916,966,1038
226917,968,1035
226918,965,1030
226919,963,1028
226920,966,1030
226921,970,1033
226922,972,1031
226923,971,1030
226924,969,1026
226925,972,1026
226926,974,1027
226927,980,1030
226928,982,1027
226929,982,1025
226930,981,1022
226931,980,1024
226932,985,1027
226933,991,1029
226934,997,1030
226935,995,1025
226936,993,1020
226937,994,1015
226938,999,1015
226939,1003,1019
226940,1005,1013
226941,1005,1007
226942,1004,999
226943,1003,1001
226944,1004,1000
226945,1008,1005
226946,1009,1003
226947,1009,1003
226948,1008,1001
226949,1008,1003
226950,1009,1005
226951,1012,1009
226952,1017,1005
226953,1014,1001
226954,1013,1000
226955,1013,1004
226956,1015,1008
226957,1016,1010
226958,1021,1010
226959,1017,1008
226960,1015,1008
226961,1012,1012
226962,1013,1016
226963,1015,1020
226964,1014,1022
226965,1011,1023
226966,1008,1018
226967,1003,1024
226968,1005,1029
226969,1005,1031
226970,1006,1032
226971,1001,1032
226972,996,1031
226973,995,1035
226974,995,1038
226975,996,1042
226976,994,1041
226977,992,1039
226978,988,1037
226979,982,1040
226980,985,1042
226981,984,1044
226982,985,1040
226983,983,1038
226984,982,1037
226985,978,1039
226986,979,1039
226987,979,1045
226988,979,1044
226989,979,1046
226990,978,1043
226991,976,1044
226992,976,1043
226993,979,1043
226994,982,1039
226995,981,1037
226996,979,1034
226997,974,1038
226998,976,1040
226999,981,1047
227000,985,1047
227001,985,1041
227002,984,1039
227003,976,1035
227004,979,1036
227005,983,1038
227006,984,1039
227007,984,1038
227008,986,1038
227009,981,1038
227010,983,1042
227011,985,1044
227012,987,1046
227013,985,1045
227014,985,1039
227015,984,1039
227016,985,1040
227017,988,1044
227018,990,1043
227019,988,1039
227020,988,1037
227021,988,1038
227022,989,1040
227023,990,1043
227024,993,1044
227025,991,1041
227026,988,1039
227027,988,1039
227028,987,1044
227029,991,1046
227030,994,1045
227031,992,1041
227032,989,1038
227033,989,1037
227034,989,1040
227035,989,1043
227036,992,1042
227037,988,1040
227038,986,1037
227039,987,1037
227040,987,1042
227041,989,1046
227042,992,1043
227043,990,1042
227044,985,1038
227045,985,1037
227046,986,1037
227047,988,1041
227048,990,1041
227049,990,1038
227050,988,1036
227051,985,1039
227052,986,1044
227053,990,1044
227054,990,1040
227055,990,1038
227056,988,1033
227057,985,1035
227058,987,1041
227059,989,1042
227060,990,1045
227061,990,1045
227062,986,1040
227063,983,1042
227064,981,1044
227065,987,1052
227066,990,1049
227067,988,1048
227068,984,1042
227069,981,1040
227070,984,1042
227071,984,1043
227072,987,1037
227073,986,1033
227074,982,1032
227075,980,1034
227076,981,1036
227077,982,1039
227078,987,1041
227079,984,1039
227080,981,1036
227081,978,1038
227082,982,1039
227083,984,1045
227084,986,1045
227085,984,1043
227086,980,1040
227087,979,1043
227088,981,1044
227089,982,1046
227090,981,1046
227091,980,1044
227092,978,1041
227093,978,1041
227094,979,1044
227095,982,1044
227096,985,1045
227097,983,1043
227098,980,1039
227099,982,1043
227100,980,1045
227101,985,1050
227102,984,1047
227103,983,1044
227104,983,1043
227105,981,1039
227106,982,1042
227107,985,1048
227108,986,1048
227109,982,1045
227110,982,1040
227111,980,1040
227112,979,1042
227113,982,1046
227114,981,1047
227115,985,1043
227116,982,1041
227117,979,1040
227118,978,1040
227119,978,1043
227120,983,1045
227121,981,1042
227122,979,1038
227123,978,1039
227124,978,1042
227125,980,1046
227126,984,1044
227127,981,1042
227128,979,1041
227129,978,1044
227130,979,1045
227131,982,1049
227132,983,1046
227133,982,1043
227134,979,1043
227135,979,1044
227136,981,1048
227137,983,1049
227138,984,1052
227139,982,1048
227140,980,1045
227141,979,1045
227142,982,1046
227143,987,1049
227144,986,1051
227145,986,1051
227146,983,1051
227147,984,1051
227148,985,1051
227149,990,1050
227150,992,1045
227151,989,1043
227152,986,1038
227153,982,1039
227154,984,1044
227155,987,1046
227156,987,1044
227157,987,1042
227158,985,1040
227159,982,1040
227160,982,1040
227161,984,1043
227162,985,1040
227163,984,1036
227164,981,1033
227165,977,1036
227166,975,1039
227167,980,1043
227168,985,1044
227169,981,1040
227170,980,1035
227171,978,1039
227172,976,1041
227173,979,1046
227174,982,1045
227175,982,1041
227176,978,1041
227177,975,1040
227178,978,1045
227179,980,1045
227180,983,1043
227181,981,1040
227182,981,1040
227183,980,1043
227184,980,1045
227185,983,1053
227186,984,1062
227187,980,1068
227188,977,1077
227189,975,1083
227190,977,1069
227191,986,1052
227192,988,1041
227193,985,1045
227194,979,1071
227195,973,1105
227196,975,1104
227197,983,1066
227198,992,1021
227199,993,994
227200,991,994
227201,987,1005
227202,988,1014
227203,992,1021
227204,993,1023
227205,991,1025
227206,988,1025
227207,987,1028
227208,988,1032
227209,989,1037
227210,991,1040
227211,991,1040
227212,986,1037
227213,986,1037
227214,989,1040
227215,987,1045
227216,990,1042
227217,988,1042
227218,985,1038
227219,984,1040
227220,988,1041
227221,988,1045
227222,987,1046
227223,986,1044
227224,984,1042
227225,984,1041
227226,984,1046
227227,987,1046
227228,987,1044
227229,985,1042
227230,982,1040
227231,980,1038
227232,981,1041
227233,986,1045
227234,986,1042
227235,985,1038
227236,985,1039
227237,983,1038
227238,983,1044
227239,988,1047
227240,988,1046
227241,987,1044
227242,982,1039
227243,981,1043
227244,983,1042
227245,987,1047
227246,987,1046
227247,986,1045
227248,984,1039
227249,981,1043
227250,987,1045
227251,989,1047
227252,991,1049
227253,989,1044
227254,987,1043
227255,988,1045
227256,989,1045
227257,991,1051
227258,992,1054
227259,989,1057
227260,988,1051
227261,987,1051
227262,988,1048
227263,992,1041
227264,991,1039
227265,994,1035
227266,990,1035
227267,987,1039
227268,990,1042
227269,991,1042
227270,991,1038
227271,991,1034
227272,990,1031
227273,988,1030
227274,988,1033
227275,990,1035
227276,990,1036
227277,990,1032
227278,987,1031
227279,984,1032
227280,988,1034
227281,991,1035
227282,992,1035
227283,992,1032
227284,989,1032
227285,987,1035
227286,989,1038
227287,991,1042
227288,994,1041
227289,995,1039
227290,992,1038
227291,990,1039
227292,992,1041
227293,995,1041
227294,999,1042
227295,997,1038
227296,994,1039
227297,994,1041
227298,998,1042
227299,1001,1046
227300,1004,1041
227301,1006,1037
227302,1013,1032
227303,1019,1025
227304,1038,1026
227305,1057,1026
227306,1081,1027
227307,1103,1023
227308,1129,1018
227309,1162,1011
227310,1200,1004
227311,1236,1004
227312,1272,1004
227313,1301,1004
227314,1306,1015
227315,1290,1029
227316,1254,1041
227317,1205,1052
227318,1151,1058
227319,1100,1065
227320,1047,1067
227321,1010,1068
227322,992,1062
227323,992,1049
227324,1000,1035
227325,1005,1023
227326,1001,1019
227327,994,1021
227328,989,1026
227329,985,1030
227330,985,1029
227331,979,1029
227332,977,1026
227333,974,1027
227334,977,1032
227335,976,1037
227336,973,1038
227337,971,1036
227338,966,1036
227339,964,1037
227340,966,1042
227341,967,1045
227342,970,1044
227343,969,1043
227344,963,1041
227345,963,1041
227346,962,1044
227347,968,1046
227348,968,1048
227349,972,1043
227350,967,1041
227351,966,1044
227352,970,1043
227353,971,1048
227354,971,1047
227355,970,1044
227356,967,1041
227357,967,1042
227358,969,1043
227359,973,1045
227360,971,1043
227361,969,1038
227362,970,1037
227363,967,1038
227364,972,1041
227365,974,1043
227366,977,1041
227367,974,1039
227368,971,1037
227369,971,1038
227370,973,1042
227371,975,1047
227372,976,1046
227373,975,1046
227374,974,1043
227375,973,1047
227376,978,1052
227377,979,1052
227378,979,1042
227379,980,1031
227380,978,1022
227381,976,1018
227382,980,1017
227383,986,1018
227384,987,1019
227385,987,1016
227386,985,1018
227387,987,1019
227388,990,1021
227389,996,1024
227390,999,1024
227391,1000,1024
227392,999,1020
227393,1001,1017
227394,1004,1019
227395,1006,1021
227396,1005,1020
227397,1006,1019
227398,1007,1019
227399,1006,1020
227400,1009,1022
227401,1011,1023
227402,1014,1020
227403,1014,1020
227404,1010,1017
227405,1012,1018
227406,1015,1022
227407,1019,1023
227408,1022,1020
227409,1020,1019
227410,1019,1018
227411,1018,1017
227412,1018,1020
227413,1019,1026
227414,1022,1024
227415,1019,1023
227416,1017,1025
227417,1018,1021
227418,1017,1025
227419,1019,1029
227420,1017,1029
227421,1015,1028
227422,1012,1026
227423,1009,1029
227424,1008,1036
227425,1007,1040
227426,1008,1038
227427,1005,1035
227428,1000,1035
227429,996,1036
227430,998,1040
227431,998,1044
227432,996,1045
227433,994,1041
227434,990,1037
227435,989,1036
227436,988,1038
227437,992,1039
227438,990,1037
227439,989,1034
227440,986,1034
227441,985,1034
227442,986,1037
227443,987,1041
227444,987,1040
227445,985,1040
227446,981,1038
227447,978,1040
227448,979,1042
227449,985,1046
227450,986,1043
227451,985,1042
227452,980,1039
227453,981,1042
227454,979,1047
227455,983,1052
227456,986,1051
227457,984,1050
227458,985,1048
227459,983,1047
227460,985,1052
227461,984,1052
227462,987,1051
227463,986,1045
227464,982,1041
227465,983,1040
227466,984,1044
227467,984,1045
227468,986,1042
227469,985,1042
227470,985,1041
227471,985,1045
227472,988,1047
227473,987,1050
227474,990,1048
227475,987,1044
227476,987,1040
227477,987,1043
227478,989,1046
227479,994,1047
227480,994,1045
227481,994,1040
227482,989,1039
227483,990,1039
227484,993,1040
227485,996,1042
227486,999,1039
227487,996,1038
227488,994,1036
227489,995,1037
227490,1000,1041
227491,1000,1040
227492,1002,1038
227493,1000,1035
227494,998,1031
227495,995,1035
227496,998,1037
227497,999,1038
227498,1001,1035
227499,994,1034
227500,994,1031
227501,992,1034
227502,992,1036
227503,993,1039
227504,994,1040
227505,991,1040
227506,991,1038
227507,990,1041
227508,993,1043
227509,995,1044
227510,996,1042
227511,993,1039
227512,986,1037
227513,985,1039
227514,987,1048
227515,988,1049
227516,990,1047
227517,989,1042
227518,984,1040
227519,986,1042
227520,986,1043
227521,989,1044
227522,988,1043
227523,989,1040
227524,985,1038
227525,982,1041
227526,986,1044
227527,989,1043
227528,989,1041
227529,986,1041
227530,985,1037
227531,988,1040
227532,987,1043
227533,990,1046
227534,989,1045
227535,988,1044
227536,985,1039
227537,985,1043
227538,984,1045
227539,988,1049
227540,991,1045
227541,988,1043
227542,985,1038
227543,982,1040
227544,984,1043
227545,986,1053
227546,986,1057
227547,984,1056
227548,983,1047
227549,981,1037
227550,984,1027
227551,986,1025
227552,984,1024
227553,985,1024
227554,981,1022
227555,978,1029
227556,979,1028
227557,983,1035
227558,983,1036
227559,981,1033
227560,978,1032
227561,977,1035
227562,979,1037
227563,983,1039
227564,983,1038
227565,982,1035
227566,979,1035
227567,980,1036
227568,982,1039
227569,984,1041
227570,987,1041
227571,982,1038
227572,981,1037
227573,981,1039
227574,984,1042
227575,984,1044
227576,986,1043
227577,984,1041
227578,983,1039
227579,982,1042
227580,983,1044
227581,986,1046
227582,987,1044
227583,986,1040
227584,985,1037
227585,984,1037
227586,986,1040
227587,989,1041
227588,985,1041
227589,984,1036
227590,977,1033
227591,981,1033
227592,983,1036
227593,986,1034
227594,987,1035
227595,984,1036
227596,981,1033
227597,981,1032
227598,982,1030
227599,983,1032
227600,981,1030
227601,979,1030
227602,978,1026
227603,978,1032
227604,980,1039
227605,981,1046
227606,982,1048
227607,984,1049
227608,981,1048
227609,978,1044
227610,982,1042
227611,982,1039
227612,983,1036
227613,983,1036
227614,979,1032
227615,979,1032
227616,983,1035
227617,986,1036
227618,988,1033
227619,987,1031
227620,983,1028
227621,982,1026
227622,985,1031
227623,985,1036
227624,985,1032
227625,984,1031
227626,985,1028
227627,983,1032
227628,984,1035
227629,987,1036
227630,986,1034
227631,986,1031
227632,983,1026
227633,983,1024
227634,985,1028
227635,987,1032
227636,990,1031
227637,985,1026
227638,986,1023
227639,985,1024
227640,987,1027
227641,989,1030
227642,989,1029
227643,988,1026
227644,984,1025
227645,984,1025
227646,986,1027
227647,989,1031
227648,992,1031
227649,991,1030
227650,987,1028
227651,986,1030
227652,989,1033
227653,993,1036
227654,993,1034
227655,993,1031
227656,989,1030
227657,989,1030
227658,988,1031
227659,992,1036
227660,992,1038
227661,992,1034
227662,990,1033
227663,992,1034
227664,995,1037
227665,997,1039
227666,996,1038
227667,995,1033
227668,991,1033
227669,992,1037
227670,995,1037
227671,1000,1040
227672,1001,1039
227673,1002,1037
227674,999,1032
227675,1000,1029
227676,1006,1024
227677,1015,1026
227678,1027,1025
227679,1039,1022
227680,1055,1018
227681,1075,1015
227682,1106,1008
227683,1141,1000
227684,1176,990
227685,1210,979
227686,1238,975
227687,1269,980
227688,1293,994
227689,1299,1013
227690,1280,1024
227691,1234,1027
227692,1175,1026
227693,1117,1032
227694,1065,1039
227695,1018,1047
227696,988,1049
227697,978,1044
227698,979,1038
227699,989,1034
227700,995,1029
227701,992,1028
227702,987,1030
227703,984,1026
227704,980,1024
227705,977,1026
227706,978,1028
227707,979,1031
227708,978,1033
227709,975,1031
227710,973,1031
227711,974,1034
227712,975,1039
227713,978,1039
227714,979,1040
227715,979,1035
227716,973,1034
227717,973,1036
227718,976,1039
227719,975,1040
227720,975,1040
227721,975,1035
227722,970,1032
227723,971,1032
227724,970,1034
227725,972,1038
227726,972,1034
227727,972,1031
227728,968,1025
227729,967,1029
227730,971,1030
227731,974,1031
227732,970,1031
227733,970,1029
227734,968,1029
227735,969,1030
227736,968,1034
227737,971,1034
227738,972,1032
227739,972,1030
227740,968,1028
227741,966,1026
227742,969,1030
227743,971,1031
227744,973,1030
227745,972,1027
227746,970,1025
227747,970,1026
227748,974,1027
227749,979,1030
227750,979,1024
227751,977,1022
227752,975,1021
227753,976,1023
227754,978,1027
227755,981,1028
227756,987,1028
227757,985,1025
227758,985,1023
227759,985,1020
227760,988,1020
227761,994,1020
227762,994,1019
227763,996,1016
227764,993,1013
227765,994,1012
227766,1003,1013
227767,1006,1015
227768,1007,1010
227769,1003,1008
227770,1002,1003
227771,1004,1002
227772,1009,1004
227773,1013,1005
227774,1015,1003
227775,1012,999
227776,1011,1000
227777,1013,1001
227778,1015,1001
227779,1017,1002
227780,1018,1000
227781,1017,997
227782,1015,995
227783,1018,995
227784,1018,998
227785,1022,1001
227786,1021,999
227787,1019,996
227788,1016,995
227789,1016,997
227790,1018,998
227791,1019,1006
227792,1021,1002
227793,1016,1002
227794,1015,999
227795,1013,1004
227796,1012,1008
227797,1011,1013
227798,1010,1012
227799,1006,1010
227800,1004,1007
227801,1003,1009
227802,1004,1014
227803,1005,1019
227804,1003,1018
227805,998,1020
227806,996,1021
227807,996,1023
227808,993,1027
227809,996,1031
227810,994,1030
227811,989,1029
227812,985,1030
227813,982,1032
227814,981,1035
227815,984,1039
227816,983,1036
227817,979,1034
227818,976,1032
227819,974,1035
227820,976,1036
227821,977,1042
227822,979,1042
227823,978,1038
227824,977,1037
227825,976,1038
227826,980,1039
227827,981,1040
227828,981,1038
227829,980,1039
227830,980,1037
227831,976,1041
227832,975,1041
227833,978,1042
227834,975,1041
227835,977,1038
227836,975,1039
227837,979,1038
227838,978,1041
227839,982,1043
227840,979,1040
227841,976,1040
227842,972,1039
227843,975,1041
227844,979,1044
227845,983,1045
227846,984,1043
227847,983,1040
227848,979,1037
227849,978,1038
227850,980,1042
227851,983,1042
227852,985,1041
227853,984,1036
227854,981,1031
227855,980,1032
227856,980,1034
227857,983,1035
227858,982,1036
227859,982,1034
227860,981,1031
227861,978,1033
227862,980,1034
227863,982,1036
227864,982,1036
227865,981,1036
227866,980,1036
227867,980,1043
227868,983,1041
227869,985,1039
227870,985,1038
227871,983,1035
227872,979,1036
227873,979,1035
227874,981,1034
227875,985,1034
227876,985,1031
227877,982,1029
227878,980,1029
227879,978,1031
227880,980,1032
227881,982,1037
227882,983,1034
227883,983,1031
227884,982,1032
227885,979,1035
227886,982,1037
227887,987,1039
227888,984,1038
227889,985,1036
227890,984,1036
227891,982,1035
227892,985,1037
227893,983,1041
227894,984,1040
227895,979,1038
227896,973,1034
227897,974,1033
227898,977,1039
227899,979,1040
227900,978,1033
227901,976,1029
227902,973,1028
227903,972,1028
227904,979,1031
227905,977,1032
227906,975,1029
227907,977,1027
227908,975,1027
227909,978,1029
227910,980,1031
227911,977,1032
227912,976,1030
227913,975,1029
227914,974,1030
227915,975,1031
227916,975,1038
227917,977,1043
227918,977,1051
227919,976,1055
227920,975,1054
227921,978,1048
227922,981,1035
227923,981,1027
227924,980,1025
227925,979,1024
227926,976,1024
227927,979,1029
227928,982,1034
227929,984,1037
227930,985,1034
227931,982,1033
227932,979,1030
227933,978,1030
227934,983,1034
227935,987,1039
227936,988,1037
227937,988,1037
227938,986,1034
227939,984,1038
227940,987,1038
227941,993,1040
227942,995,1035
227943,997,1032
227944,998,1022
227945,1005,1026
227946,1022,1026
227947,1043,1028
227948,1067,1024
227949,1095,1019
227950,1128,1003
227951,1166,997
227952,1204,995
227953,1243,996
227954,1272,1005
227955,1284,1021
227956,1275,1036
227957,1243,1048
227958,1199,1049
227959,1146,1054
227960,1088,1058
227961,1027,1066
227962,976,1076
227963,948,1084
227964,943,1090
227965,954,1087
227966,966,1076
227967,974,1058
227968,977,1045
227969,977,1038
227970,978,1041
227971,978,1038
227972,974,1036
227973,968,1034
227974,961,1032
227975,959,1035
227976,961,1040
227977,963,1043
227978,961,1040
227979,958,1037
227980,956,1035
227981,957,1035
227982,957,1038
227983,960,1039
227984,957,1035
227985,957,1032
227986,955,1026
227987,958,1029
227988,959,1031
227989,965,1033
227990,964,1031
227991,961,1030
227992,960,1027
227993,959,1032
227994,963,1031
227995,964,1035
227996,967,1032
227997,964,1025
227998,961,1023
227999,960,1026
228000,961,1029
228001,965,1028
228002,962,1023
228003,959,1023
228004,954,1022
228005,955,1023
228006,959,1025
228007,961,1024
228008,961,1024
228009,959,1018
228010,957,1015
228011,962,1016
228012,964,1016
228013,966,1021
228014,969,1020
228015,970,1021
228016,966,1015
228017,967,1016
228018,965,1016
228019,971,1019
228020,972,1016
228021,972,1014
228022,971,1013
228023,974,1013
228024,976,1016
228025,981,1014
228026,980,1008
228027,981,1000
228028,980,999
228029,982,997
228030,988,999
228031,991,997
228032,994,996
228033,996,990
228034,993,987
228035,996,986
228036,1001,989
228037,1005,986
228038,1007,985
228039,1007,981
228040,1007,981
228041,1009,977
228042,1013,978
228043,1014,978
228044,1013,974
228045,1013,970
228046,1010,968
228047,1015,969
228048,1017,969
228049,1020,975
228050,1019,975
228051,1015,973
228052,1012,972
228053,1007,974
228054,1010,979
228055,1015,983
228056,1015,981
228057,1010,983
228058,1007,986
228059,1005,994
228060,1002,1000
228061,1006,1006
228062,1004,1005
228063,1000,1005
228064,996,1007
228065,995,1012
228066,994,1018
228067,996,1021
228068,992,1023
228069,988,1022
228070,986,1023
228071,984,1025
228072,986,1027
228073,983,1034
228074,981,1030
228075,977,1030
228076,973,1028
228077,975,1032
228078,975,1036
228079,978,1039
228080,977,1034
228081,974,1033
228082,970,1029
228083,969,1032
228084,971,1033
228085,974,1036
228086,974,1037
228087,973,1032
228088,972,1029
228089,974,1033
228090,975,1036
228091,975,1035
228092,974,1036
228093,971,1033
228094,969,1030
228095,968,1030
228096,971,1034
228097,975,1034
228098,975,1035
228099,974,1034
228100,973,1033
228101,976,1037
228102,980,1038
228103,983,1039
228104,986,1041
228105,984,1034
228106,981,1036
228107,981,1039
228108,985,1039
228109,988,1041
228110,989,1035
228111,990,1028
228112,986,1023
228113,989,1026
228114,987,1031
228115,990,1031
228116,989,1028
228117,989,1029
228118,986,1030
228119,987,1035
228120,991,1035
228121,992,1031
228122,992,1028
228123,990,1025
228124,988,1023
228125,984,1025
228126,989,1028
228127,991,1031
228128,989,1031
228129,986,1026
228130,981,1025
228131,983,1028
228132,984,1028
228133,987,1031
228134,982,1029
228135,977,1030
228136,975,1027
228137,976,1027
228138,979,1027
228139,980,1028
228140,979,1030
228141,976,1027
228142,973,1024
228143,977,1027
228144,980,1032
228145,983,1035
228146,982,1031
228147,978,1028
228148,974,1027
228149,977,1029
228150,983,1031
228151,985,1033
228152,982,1031
228153,981,1030
228154,979,1028
228155,979,1031
228156,981,1034
228157,984,1036
228158,984,1033
228159,983,1030
228160,983,1030
228161,980,1033
228162,985,1036
228163,990,1038
228164,991,1036
228165,985,1033
228166,980,1032
228167,979,1033
228168,979,1039
228169,985,1038
228170,984,1037
228171,979,1037
228172,979,1036
228173,981,1039
228174,982,1041
228175,983,1042
228176,981,1041
228177,979,1044
228178,978,1045
228179,978,1048
228180,982,1046
228181,982,1042
228182,986,1035
228183,987,1030
228184,987,1028
228185,987,1028
228186,986,1029
228187,987,1031
228188,991,1027
228189,989,1023
228190,986,1019
228191,987,1021
228192,990,1022
228193,996,1022
228194,1002,1017
228195,1010,1013
228196,1019,1012
228197,1035,1011
228198,1055,1011
228199,1080,1010
228200,1109,1002
228201,1140,997
228202,1167,984
228203,1205,982
228204,1242,992
228205,1275,1006
228206,1290,1022
228207,1283,1036
228208,1251,1049
228209,1206,1049
228210,1157,1052
228211,1110,1060
228212,1053,1070
228213,1001,1081
228214,962,1087
228215,950,1094
228216,958,1093
228217,972,1084
228218,976,1070
228219,975,1057
228220,979,1047
228221,981,1043
228222,982,1043
228223,983,1040
228224,979,1035
228225,974,1033
228226,974,1034
228227,971,1035
228228,971,1034
228229,972,1035
228230,972,1032
228231,969,1028
228232,964,1026
228233,962,1028
228234,965,1028
228235,969,1029
228236,967,1029
228237,961,1025
228238,962,1022
228239,961,1024
228240,962,1028
228241,967,1030
228242,966,1031
228243,962,1028
228244,957,1028
228245,958,1030
228246,960,1035
228247,966,1035
228248,966,1032
228249,963,1028
228250,962,1026
228251,963,1028
228252,965,1028
228253,968,1029
228254,968,1027
228255,962,1023
228256,960,1024
228257,958,1024
228258,964,1026
228259,966,1026
228260,968,1027
228261,968,1023
228262,965,1018
228263,965,1019
228264,967,1023
228265,970,1026
228266,971,1021
228267,970,1017
228268,970,1016
228269,971,1018
228270,974,1018
228271,978,1018
228272,978,1018
228273,974,1012
228274,973,1009
228275,973,1011
228276,977,1011
228277,980,1011
228278,985,1008
228279,985,1003
228280,983,1001
228281,984,1001
228282,986,1004
228283,988,1002
228284,991,999
228285,990,994
228286,990,994
228287,989,989
228288,992,990
228289,995,992
228290,997,989
228291,996,983
228292,995,979
228293,995,980
228294,996,984
228295,1003,982
228296,1008,983
228297,1008,979
228298,1005,980
228299,1004,983
228300,1010,986
228301,1016,988
228302,1013,987
228303,1011,985
228304,1009,986
228305,1010,989
228306,1013,992
228307,1015,994
228308,1018,993
228309,1012,992
228310,1008,994
228311,1007,999
228312,1011,1005
228313,1014,1006
228314,1013,1005
228315,1010,1005
228316,1005,1004
228317,1003,1010
228318,1006,1014
228319,1009,1019
228320,1008,1017
228321,1003,1015
228322,996,1017
228323,994,1023
228324,996,1026
228325,995,1027
228326,997,1029
228327,992,1026
228328,989,1025
228329,988,1027
228330,988,1033
228331,987,1035
228332,985,1034
228333,982,1034
228334,978,1034
228335,977,1037
228336,977,1040
228337,978,1041
228338,975,1038
228339,972,1036
228340,971,1039
228341,970,1039
228342,975,1042
228343,980,1040
228344,980,1039
228345,975,1037
228346,969,1037
228347,972,1039
228348,975,1042
228349,978,1041
228350,981,1040
228351,979,1041
228352,977,1037
228353,974,1039
228354,976,1044
228355,981,1045
228356,985,1040
228357,983,1038
228358,982,1035
228359,979,1038
228360,984,1037
228361,988,1037
228362,986,1034
228363,984,1029
228364,984,1025
228365,982,1025
228366,984,1033
228367,990,1032
228368,991,1030
228369,989,1023
228370,987,1023
228371,986,1026
228372,986,1029
228373,989,1027
228374,989,1026
228375,986,1024
228376,985,1024
228377,985,1027
228378,988,1028
228379,991,1029
228380,992,1028
228381,990,1025
228382,989,1023
228383,987,1028
228384,986,1031
228385,990,1033
228386,989,1029
228387,984,1027
228388,980,1029
228389,978,1030
228390,984,1035
228391,988,1037
228392,986,1036
228393,985,1034
228394,982,1032
228395,987,1035
228396,988,1036
228397,990,1036
228398,991,1034
228399,988,1032
228400,989,1032
228401,985,1037
228402,987,1039
228403,991,1041
228404,992,1041
228405,991,1036
228406,984,1036
228407,986,1038
228408,986,1038
228409,986,1039
228410,988,1038
228411,989,1032
228412,987,1033
228413,987,1031
228414,987,1036
228415,991,1039
228416,989,1036
228417,988,1031
228418,984,1029
228419,984,1031
228420,988,1033
228421,992,1032
228422,993,1030
228423,994,1030
228424,990,1027
228425,992,1026
228426,994,1030
228427,996,1032
228428,994,1033
228429,994,1033
228430,993,1031
228431,991,1032
228432,995,1033
228433,997,1031
228434,1002,1027
228435,1008,1026
228436,1016,1023
228437,1029,1019
228438,1051,1026
228439,1084,1025
228440,1111,1018
228441,1140,1007
228442,1173,997
228443,1215,993
228444,1258,998
228445,1293,1007
228446,1303,1020
228447,1299,1032
228448,1274,1042
228449,1231,1046
228450,1181,1049
228451,1131,1052
228452,1072,1061
228453,1013,1071
228454,969,1079
228455,956,1086
228456,961,1083
228457,977,1072
228458,983,1055
228459,983,1041
228460,979,1036
228461,978,1034
228462,981,1031
228463,982,1028
228464,978,1026
228465,973,1022
228466,968,1024
228467,968,1027
228468,970,1030
228469,973,1030
228470,975,1027
228471,972,1023
228472,968,1021
228473,960,1024
228474,958,1026
228475,963,1027
228476,963,1028
228477,960,1026
228478,962,1026
228479,962,1028
228480,963,1031
228481,969,1033
228482,966,1030
228483,967,1029
228484,962,1026
228485,962,1030
228486,967,1030
228487,970,1032
228488,967,1031
228489,963,1031
228490,962,1029
228491,962,1033
228492,962,1035
228493,965,1034
228494,966,1034
228495,967,1031
228496,964,1031
228497,966,1028
228498,967,1030
228499,970,1028
228500,968,1025
228501,971,1020
228502,969,1020
228503,969,1022
228504,972,1024
228505,974,1024
228506,973,1019
228507,968,1017
228508,964,1019
228509,968,1018
228510,971,1020
228511,971,1020
228512,971,1017
228513,971,1013
228514,973,1011
228515,976,1009
228516,976,1013
228517,980,1013
228518,981,1010
228519,983,1005
228520,984,1000
228521,986,1002
228522,990,1002
228523,998,999
228524,995,995
228525,994,992
228526,994,990
228527,997,990
228528,1004,993
228529,1009,993
228530,1008,991
228531,1006,990
228532,1006,989
228533,1008,988
228534,1013,987
228535,1018,986
228536,1015,982
228537,1011,979
228538,1010,981
228539,1010,984
228540,1015,988
228541,1018,991
228542,1018,990
228543,1018,989
228544,1018,987
228545,1014,991
228546,1013,992
228547,1016,994
228548,1017,989
228549,1019,992
228550,1014,991
228551,1010,995
228552,1009,1003
228553,1009,1006
228554,1009,1007
228555,1007,1007
228556,1004,1009
228557,1006,1012
228558,1006,1017
228559,1007,1020
228560,1004,1019
228561,999,1020
228562,998,1021
228563,992,1023
228564,992,1029
228565,989,1033
228566,985,1034
228567,984,1030
228568,983,1029
228569,983,1030
228570,985,1033
228571,984,1036
228572,985,1036
228573,981,1032
228574,975,1032
228575,979,1036
228576,983,1039
228577,988,1036
228578,988,1035
228579,985,1034
228580,981,1032
228581,979,1036
228582,978,1041
228583,980,1042
228584,983,1042
228585,983,1039
228586,978,1038
228587,976,1041
228588,979,1042
228589,983,1043
228590,980,1042
228591,981,1039
228592,982,1033
228593,984,1036
228594,987,1039
228595,988,1040
228596,988,1040
228597,986,1038
228598,986,1036
228599,988,1038
228600,990,1039
228601,994,1040
228602,996,1039
228603,995,1037
228604,992,1036
228605,983,1039
228606,985,1042
228607,988,1044
228608,991,1040
228609,989,1038
228610,987,1036
228611,990,1038
228612,993,1039
228613,993,1040
228614,989,1040
228615,990,1037
228616,990,1035
228617,990,1040
228618,995,1041
228619,999,1041
228620,996,1037
228621,991,1033
228622,987,1035
228623,990,1039
228624,993,1041
228625,998,1040
228626,998,1039
228627,993,1035
228628,986,1034
228629,988,1033
228630,993,1034
228631,996,1034
228632,996,1032
228633,990,1032
228634,987,1028
228635,989,1032
228636,992,1036
228637,995,1036
228638,991,1036
228639,985,1035
228640,988,1034
228641,991,1037
228642,992,1039
228643,992,1039
228644,992,1037
228645,992,1035
228646,992,1036
228647,993,1036
228648,992,1038
228649,993,1040
228650,992,1036
228651,991,1034
228652,987,1032
228653,989,1034
228654,991,1037
228655,994,1038
228656,993,1035
228657,987,1031
228658,986,1032
228659,985,1036
228660,990,1033
228661,994,1036
228662,990,1033
228663,984,1033
228664,983,1034
228665,985,1038
228666,988,1041
228667,991,1039
228668,987,1032
228669,983,1033
228670,985,1032
228671,982,1034
228672,986,1040
228673,987,1041
228674,985,1041
228675,983,1037
228676,986,1036
228677,985,1038
228678,986,1042
228679,994,1040
228680,993,1036
228681,990,1033
228682,986,1032
228683,983,1035
228684,987,1038
228685,989,1040
228686,991,1037
228687,987,1034
228688,985,1034
228689,988,1035
228690,990,1037
228691,993,1037
228692,993,1032
228693,990,1033
228694,991,1033
228695,986,1032
228696,990,1032
228697,997,1032
228698,993,1033
228699,990,1033
228700,989,1031
228701,990,1035
228702,992,1042
228703,998,1040
228704,998,1039
228705,998,1035
228706,995,1035
228707,998,1039
228708,1000,1040
228709,1003,1043
228710,999,1040
228711,996,1038
228712,994,1039
228713,1001,1042
228714,1004,1042
228715,1007,1040
228716,1012,1035
228717,1021,1033
228718,1031,1031
228719,1052,1029
228720,1077,1030
228721,1109,1024
228722,1141,1017
228723,1174,1006
228724,1212,1000
228725,1251,1004
228726,1283,1016
228727,1304,1036
228728,1301,1049
228729,1280,1054
228730,1235,1051
228731,1183,1052
228732,1133,1061
228733,1078,1070
228734,1022,1076
228735,980,1077
228736,967,1077
228737,970,1078
228738,982,1074
228739,992,1063
228740,994,1047
228741,994,1037
228742,988,1033
228743,985,1032
228744,986,1035
228745,989,1031
228746,987,1032
228747,982,1027
228748,977,1028
228749,976,1032
228750,977,1034
228751,976,1035
228752,974,1036
228753,972,1031
228754,970,1031
228755,973,1035
228756,974,1038
228757,977,1038
228758,974,1037
228759,971,1035
228760,971,1038
228761,970,1044
228762,973,1044
228763,971,1043
228764,971,1039
228765,969,1040
228766,965,1037
228767,967,1039
228768,965,1041
228769,969,1043
228770,964,1040
228771,964,1036
228772,963,1037
228773,965,1037
228774,970,1039
228775,971,1040
228776,971,1036
228777,972,1033
228778,968,1032
228779,968,1032
228780,971,1032
228781,975,1033
228782,975,1027
228783,973,1024
228784,970,1026
228785,971,1029
228786,976,1032
228787,980,1031
228788,979,1028
228789,978,1025
228790,975,1021
228791,981,1021
228792,987,1024
228793,993,1024
228794,991,1021
228795,987,1018
228796,988,1017
228797,986,1021
228798,993,1023
228799,998,1019
228800,1001,1015
228801,1000,1009
228802,999,1007
228803,1002,1009
228804,1006,1011
228805,1012,1006
228806,1013,1002
228807,1012,1000
228808,1012,1000
228809,1011,1004
228810,1010,1005
228811,1013,1006
228812,1012,1002
228813,1011,1000
228814,1010,998
228815,1013,1002
228816,1015,1005
228817,1017,1002
228818,1012,997
228819,1012,992
228820,1009,993
228821,1013,993
228822,1012,995
228823,1015,996
228824,1013,997
228825,1009,994
228826,1006,997
228827,1005,1000
228828,1009,1003
228829,1008,1007
228830,1006,1008
228831,997,1010
228832,994,1011
228833,993,1020
228834,997,1025
228835,997,1028
228836,995,1027
228837,988,1026
228838,983,1030
228839,983,1033
228840,986,1037
228841,987,1038
228842,984,1038
228843,980,1036
228844,979,1038
228845,981,1042
228846,980,1045
228847,980,1045
228848,982,1043
228849,978,1040
228850,973,1043
228851,973,1045
228852,979,1047
228853,982,1049
228854,981,1048
228855,980,1046
228856,976,1047
228857,976,1049
228858,977,1052
228859,982,1052
228860,986,1047
228861,983,1043
228862,981,1044
228863,975,1044
228864,975,1050
228865,979,1053
228866,981,1048
228867,981,1044
228868,979,1044
228869,984,1048
228870,984,1049
228871,986,1051
228872,986,1048
228873,984,1047
228874,985,1046
228875,988,1044
228876,989,1046
228877,992,1045
228878,994,1042
228879,991,1040
228880,989,1041
228881,990,1044
228882,991,1046
228883,993,1045
228884,992,1045
228885,990,1041
228886,987,1043
228887,988,1047
228888,992,1048
228889,996,1048
228890,992,1044
228891,989,1036
228892,989,1033
228893,991,1034
228894,994,1041
228895,996,1042
228896,993,1042
228897,991,1037
228898,992,1036
228899,993,1037
228900,995,1042
228901,996,1043
228902,992,1039
228903,991,1039
228904,990,1038
228905,990,1040
228906,994,1041
228907,998,1041
228908,996,1039
228909,995,1038
228910,992,1036
228911,992,1039
228912,993,1042
228913,995,1043
228914,996,1043
228915,994,1037
228916,993,1037
228917,991,1037
228918,995,1035
228919,1001,1035
228920,1010,1035
228921,1020,1029
228922,1029,1028
228923,1043,1030
228924,1073,1030
228925,1106,1029
228926,1141,1022
228927,1177,1015
228928,1217,1018
228929,1257,1023
228930,1288,1041
228931,1308,1063
228932,1304,1073
228933,1278,1076
228934,1232,1071
228935,1173,1075
228936,1113,1079
228937,1050,1091
228938,993,1100
228939,958,1103
228940,953,1104
228941,963,1093
228942,973,1077
228943,978,1066
228944,979,1057
228945,979,1046
228946,976,1045
228947,977,1048
228948,978,1048
228949,979,1045
228950,975,1043
228951,972,1038
228952,968,1038
228953,969,1041
228954,971,1040
228955,974,1042
228956,971,1044
228957,968,1041
228958,964,1041
228959,965,1039
228960,967,1040
228961,971,1039
228962,969,1039
228963,965,1037
228964,963,1036
228965,961,1035
228966,963,1038
228967,965,1041
228968,966,1040
228969,962,1037
228970,955,1039
228971,956,1041
228972,959,1044
228973,965,1042
228974,966,1039
228975,964,1033
228976,960,1034
228977,961,1036
228978,963,1038
228979,966,1036
228980,965,1035
228981,962,1032
228982,965,1032
228983,963,1034
228984,968,1037
228985,970,1037
228986,970,1035
228987,966,1031
228988,965,1028
228989,968,1028
228990,968,1028
228991,973,1028
228992,972,1026
228993,971,1025
228994,969,1028
228995,974,1026
228996,981,1025
228997,985,1020
228998,985,1017
228999,985,1014
229000,984,1014
229001,987,1013
229002,990,1016
229003,998,1014
229004,997,1010
229005,997,1006
229006,994,1002
229007,998,1002
229008,1003,1004
229009,1007,1002
229010,1008,996
229011,1008,994
229012,1007,995
229013,1009,997
229014,1009,1003
229015,1013,1002
229016,1017,999
229017,1010,989
229018,1009,986
229019,1007,986
229020,1012,989
229021,1018,987
229022,1015,986
229023,1013,988
229024,1011,988
229025,1009,991
229026,1012,995
229027,1017,998
229028,1015,994
229029,1010,995
229030,1010,991
229031,1005,997
229032,1005,1002
229033,1009,1006
229034,1005,1008
229035,999,1006
229036,995,1011
229037,996,1015
229038,997,1022
229039,996,1023
229040,991,1023
229041,986,1025
229042,983,1028
229043,984,1036
229044,988,1040
229045,988,1039
229046,988,1043
229047,986,1041
229048,985,1042
229049,985,1044
229050,988,1052
229051,990,1049
229052,988,1046
229053,987,1047
229054,984,1046
229055,983,1050
229056,983,1052
229057,989,1053
229058,988,1051
229059,981,1050
229060,979,1050
229061,982,1052
229062,984,1057
229063,986,1056
229064,985,1053
229065,983,1052
229066,980,1053
229067,986,1056
229068,986,1057
229069,989,1057
229070,987,1054
229071,986,1056
229072,982,1055
229073,982,1058
229074,986,1061
229075,988,1060
229076,986,1057
229077,984,1052
229078,983,1049
229079,985,1050
229080,988,1049
229081,991,1048
229082,988,1045
229083,984,1043
229084,978,1044
229085,980,1050
229086,985,1053
229087,989,1049
229088,988,1045
229089,986,1044
229090,984,1042
229091,987,1043
229092,987,1045
229093,990,1043
229094,989,1039
229095,987,1035
229096,985,1034
229097,987,1036
229098,990,1039
229099,993,1039
229100,993,1035
229101,985,1035
229102,986,1037
229103,989,1041
229104,989,1044
229105,991,1042
229106,993,1039
229107,990,1038
229108,986,1036
229109,987,1040
229110,991,1045
229111,995,1041
229112,998,1040
229113,995,1033
229114,993,1037
229115,990,1039
229116,991,1043
229117,994,1044
229118,994,1043
229119,993,1041
229120,991,1041
229121,993,1041
229122,994,1044
229123,996,1045
229124,992,1045
229125,991,1043
229126,987,1039
229127,987,1041
229128,988,1043
229129,991,1044
229130,994,1047
229131,993,1046
229132,989,1048
229133,993,1048
229134,996,1048
229135,1000,1039
229136,1001,1035
229137,1001,1034
229138,1006,1033
229139,1016,1032
229140,1031,1031
229141,1052,1030
229142,1074,1028
229143,1104,1021
229144,1135,1017
229145,1176,1009
229146,1217,1013
229147,1255,1016
229148,1280,1026
229149,1291,1038
229150,1289,1056
229151,1265,1068
229152,1226,1069
229153,1172,1069
229154,1107,1074
229155,1045,1081
229156,994,1084
229157,970,1090
229158,970,1088
229159,980,1075
229160,989,1062
229161,990,1051
229162,990,1044
229163,989,1044
229164,986,1043
229165,985,1043
229166,982,1041
229167,976,1037
229168,974,1038
229169,974,1040
229170,975,1043
229171,974,1046
229172,972,1046
229173,972,1047
229174,968,1049
229175,968,1050
229176,969,1046
229177,973,1045
229178,969,1041
229179,966,1036
229180,963,1036
229181,966,1038
229182,964,1040
229183,970,1044
229184,968,1044
229185,967,1044
229186,965,1042
229187,966,1044
229188,967,1044
229189,969,1044
229190,969,1042
229191,966,1038
229192,964,1039
229193,965,1042
229194,967,1043
229195,969,1045
229196,967,1046
229197,966,1044
229198,962,1046
229199,965,1047
229200,966,1050
229201,970,1048
229202,969,1046
229203,965,1041
229204,962,1039
229205,968,1042
229206,972,1041
229207,978,1034
229208,977,1031
229209,975,1025
229210,969,1026
229211,973,1028
229212,977,1031
229213,981,1032
229214,980,1027
229215,981,1025
229216,979,1023
229217,984,1027
229218,986,1028
229219,990,1027
229220,990,1021
229221,990,1017
229222,992,1013
229223,994,1013
229224,1000,1015
229225,1001,1014
229226,1001,1010
229227,1001,1010
229228,1002,1010
229229,1005,1011
229230,1009,1010
229231,1014,1009
229232,1014,1004
229233,1013,1001
229234,1011,1002
229235,1012,1004
229236,1015,1004
229237,1019,1007
229238,1016,1006
229239,1018,1007
229240,1014,1007
229241,1013,1010
229242,1013,1015
229243,1014,1018
229244,1013,1019
229245,1011,1020
229246,1009,1020
229247,1006,1023
229248,1009,1027
229249,1010,1028
229250,1006,1027
229251,999,1026
229252,998,1028
229253,996,1032
229254,997,1034
229255,997,1038
229256,999,1037
229257,993,1036
229258,989,1037
229259,987,1041
229260,985,1043
229261,989,1044
229262,988,1046
229263,985,1046
229264,980,1049
229265,979,1053
229266,980,1058
229267,986,1060
229268,984,1056
229269,981,1052
229270,982,1052
229271,984,1052
229272,987,1056
229273,988,1056
229274,986,1059
229275,987,1056
229276,986,1059
229277,984,1059
229278,987,1061
229279,991,1058
229280,989,1052
229281,990,1049
229282,985,1048
229283,984,1052
229284,989,1056
229285,991,1054
229286,990,1052
229287,989,1051
229288,986,1052
229289,986,1055
229290,990,1058
229291,990,1058
229292,991,1054
229293,987,1053
229294,984,1053
229295,986,1058
229296,987,1059
229297,991,1056
229298,988,1051
229299,983,1046
229300,983,1045
229301,982,1047
229302,985,1050
229303,987,1049
229304,984,1050
229305,983,1053
229306,984,1055
229307,986,1062
229308,987,1063
229309,992,1055
229310,990,1052
229311,988,1054
229312,985,1055
229313,986,1051
229314,990,1045
229315,994,1037
229316,992,1034
229317,990,1033
229318,985,1037
229319,986,1042
229320,989,1044
229321,992,1044
229322,991,1043
229323,989,1040
229324,987,1043
229325,989,1047
229326,992,1049
229327,992,1052
229328,992,1049
229329,993,1047
229330,992,1049
229331,993,1049
229332,993,1054
229333,996,1053
229334,991,1052
229335,991,1049
229336,990,1048
229337,988,1051
229338,992,1051
229339,991,1054
229340,990,1053
229341,987,1051
229342,985,1054
229343,983,1056
229344,987,1056
229345,990,1055
229346,990,1054
229347,985,1050
229348,983,1050
229349,985,1051
229350,988,1050
229351,990,1048
229352,990,1043
229353,986,1039
229354,981,1042
229355,979,1047
229356,983,1049
229357,984,1046
229358,984,1044
229359,978,1045
229360,976,1048
229361,977,1049
229362,982,1054
229363,984,1053
229364,984,1052
229365,984,1047
229366,980,1048
229367,981,1051
229368,984,1057
229369,987,1055
229370,985,1051
229371,983,1044
229372,985,1043
229373,987,1045
229374,989,1048
229375,993,1046
229376,993,1044
229377,990,1042
229378,990,1041
229379,990,1046
229380,993,1049
229381,997,1050
229382,994,1051
229383,994,1050
229384,994,1050
229385,997,1053
229386,1001,1053
229387,1002,1052
229388,1000,1054
229389,1003,1049
229390,1004,1048
229391,1008,1045
229392,1017,1044
229393,1029,1040
229394,1039,1035
229395,1053,1030
229396,1068,1031
229397,1095,1031
229398,1126,1028
229399,1160,1021
229400,1195,1010
229401,1226,1008
229402,1257,1010
229403,1285,1024
229404,1300,1043
229405,1294,1055
229406,1262,1058
229407,1205,1059
229408,1144,1066
229409,1086,1076
229410,1038,1082
229411,1004,1081
229412,985,1072
229413,983,1065
229414,990,1058
229415,996,1054
229416,994,1049
229417,995,1048
229418,987,1048
229419,983,1041
229420,980,1043
229421,979,1045
229422,978,1048
229423,979,1049
229424,976,1049
229425,972,1047
229426,969,1048
229427,970,1052
229428,974,1054
229429,972,1055
229430,973,1052
229431,970,1050
229432,967,1049
229433,966,1051
229434,969,1053
229435,970,1051
229436,967,1048
229437,966,1046
229438,963,1045
229439,965,1047
229440,966,1049
229441,967,1049
229442,966,1047
229443,964,1047
229444,961,1048
229445,963,1048
229446,964,1047
229447,966,1046
229448,966,1042
229449,963,1041
229450,963,1042
229451,964,1049
229452,966,1055
229453,966,1055
229454,965,1052
229455,961,1045
229456,958,1041
229457,962,1040
229458,964,1042
229459,968,1040
229460,968,1039
229461,967,1037
229462,964,1037
229463,966,1040
229464,970,1040
229465,972,1041
229466,975,1038
229467,972,1034
229468,972,1035
229469,974,1036
229470,981,1039
229471,984,1036
229472,982,1034
229473,983,1031
229474,982,1029
229475,984,1031
229476,988,1031
229477,991,1030
229478,992,1026
229479,995,1020
229480,995,1020
229481,998,1023
229482,1001,1025
229483,1005,1021
229484,1005,1017
229485,1003,1013
229486,1001,1014
229487,1006,1014
229488,1010,1015
229489,1014,1015
229490,1014,1012
229491,1012,1008
229492,1012,1006
229493,1013,1009
229494,1016,1012
229495,1018,1015
229496,1016,1011
229497,1016,1012
229498,1015,1011
229499,1013,1016
229500,1017,1018
229501,1017,1019
229502,1013,1017
229503,1011,1014
229504,1008,1016
229505,1010,1019
229506,1010,1023
229507,1011,1027
229508,1008,1027
229509,1005,1027
229510,1001,1031
229511,1002,1036
229512,1001,1040
229513,1002,1039
229514,1000,1040
229515,996,1041
229516,994,1042
229517,995,1043
229518,993,1047
229519,993,1046
229520,990,1043
229521,990,1043
229522,986,1042
229523,986,1044
229524,988,1047
229525,989,1046
229526,989,1046
229527,986,1043
229528,984,1045
229529,985,1049
229530,984,1049
229531,986,1048
229532,986,1048
229533,984,1045
229534,982,1049
229535,982,1051
229536,985,1056
229537,989,1056
229538,988,1055
229539,988,1051
229540,987,1050
229541,986,1050
229542,988,1051
229543,993,1052
229544,993,1050
229545,988,1048
229546,986,1049
229547,987,1051
229548,991,1051
229549,990,1050
229550,991,1047
229551,989,1046
229552,989,1048
229553,988,1051
229554,991,1052
229555,994,1055
229556,993,1051
229557,994,1047
229558,992,1045
229559,992,1048
229560,997,1048
229561,1000,1046
229562,1000,1042
229563,997,1040
229564,994,1041
229565,995,1044
229566,999,1047
229567,1002,1047
229568,1000,1042
229569,997,1040
229570,995,1042
229571,999,1048
229572,1004,1050
229573,1007,1049
229574,1006,1046
229575,1003,1044
229576,1004,1042
229577,1006,1045
229578,1009,1048
229579,1010,1049
229580,1004,1046
229581,1000,1045
229582,1001,1045
229583,1001,1050
229584,1005,1052
229585,1008,1051
229586,1006,1050
229587,1001,1048
229588,999,1049
229589,1003,1052
229590,1005,1051
229591,1006,1048
229592,1007,1041
229593,1006,1041
229594,1005,1041
229595,1011,1043
229596,1020,1038
229597,1031,1033
229598,1044,1029
229599,1060,1026
229600,1084,1028
229601,1118,1028
229602,1155,1023
229603,1202,1018
229604,1245,1014
229605,1280,1019
229606,1312,1037
229607,1332,1057
229608,1324,1070
229609,1293,1072
229610,1234,1067
229611,1174,1072
229612,1113,1082
229613,1062,1087
229614,1022,1091
229615,998,1086
229616,992,1075
229617,994,1064
229618,1000,1054
229619,1001,1047
229620,1003,1044
229621,1003,1043
229622,996,1043
229623,991,1043
229624,988,1044
229625,989,1047
229626,988,1053
229627,987,1056
229628,984,1055
229629,981,1054
229630,979,1050
229631,979,1049
229632,979,1049
229633,982,1047
229634,979,1045
229635,977,1045
229636,972,1045
229637,974,1048
229638,975,1045
229639,974,1041
229640,975,1037
229641,972,1034
229642,970,1036
229643,971,1041
229644,977,1041
229645,978,1038
229646,978,1039
229647,974,1035
229648,975,1039
229649,974,1044
229650,979,1047
229651,980,1046
229652,977,1037
229653,975,1034
229654,973,1036
229655,976,1039
229656,978,1044
229657,980,1040
229658,977,1039
229659,974,1038
229660,973,1037
229661,975,1039
229662,977,1040
229663,979,1038
229664,980,1036
229665,979,1033
229666,977,1035
229667,978,1034
229668,983,1035
229669,984,1033
229670,986,1030
229671,984,1027
229672,987,1028
229673,989,1029
229674,991,1031
229675,996,1026
229676,996,1023
229677,994,1014
229678,995,1011
229679,995,1008
229680,999,1011
229681,1001,1012
229682,1001,1009
229683,1001,1002
229684,1000,1002
229685,1004,1004
229686,1004,1004
229687,1006,1004
229688,1006,1001
229689,1005,998
229690,1005,996
229691,1006,996
229692,1010,997
229693,1011,997
229694,1012,994
229695,1007,996
229696,1011,997
229697,1013,1000
229698,1015,1004
229699,1015,1007
229700,1018,1008
229701,1015,1010
229702,1013,1012
229703,1015,1017
229704,1017,1021
229705,1018,1020
229706,1014,1018
229707,1011,1018
229708,1007,1022
229709,1006,1029
229710,1010,1034
229711,1011,1036
229712,1008,1036
229713,1004,1035
229714,999,1039
229715,999,1042
229716,997,1041
229717,996,1045
229718,995,1043
229719,989,1042
229720,985,1043
229721,990,1047
229722,994,1050
229723,998,1046
229724,994,1043
229725,991,1039
229726,986,1038
229727,989,1046
229728,991,1053
229729,993,1053
229730,994,1048
229731,989,1043
229732,987,1040
229733,989,1045
229734,993,1048
229735,993,1048
229736,992,1042
229737,990,1037
229738,987,1035
229739,988,1038
229740,992,1045
229741,991,1044
229742,992,1043
229743,987,1041
229744,987,1044
229745,989,1048
229746,990,1051
229747,994,1049
229748,992,1047
229749,991,1048
229750,992,1046
229751,994,1047
229752,995,1051
229753,995,1053
229754,993,1053
229755,990,1050
229756,989,1051
229757,992,1053
229758,994,1054
229759,992,1051
229760,991,1046
229761,990,1043
229762,990,1045
229763,990,1049
229764,993,1053
229765,993,1050
229766,991,1049
229767,990,1044
229768,988,1042
229769,990,1045
229770,992,1049
229771,995,1048
229772,991,1042
229773,988,1041
229774,988,1044
229775,990,1047
229776,994,1046
229777,997,1041
229778,995,1034
229779,990,1034
229780,990,1031
229781,991,1034
229782,994,1039
229783,994,1039
229784,993,1038
229785,990,1037
229786,986,1041
229787,989,1043
229788,992,1045
229789,995,1046
229790,992,1040
229791,990,1041
229792,988,1044
229793,989,1048
229794,993,1052
229795,994,1049
229796,992,1046
229797,989,1045
229798,987,1048
229799,986,1053
229800,992,1056
229801,995,1055
229802,991,1053
229803,989,1049
229804,989,1050
229805,992,1051
229806,993,1054
229807,995,1050
229808,994,1047
229809,992,1043
229810,990,1042
229811,993,1044
229812,997,1047
229813,998,1045
229814,995,1043
229815,993,1044
229816,992,1045
229817,992,1045
229818,993,1049
229819,995,1045
229820,994,1043
229821,992,1044
229822,990,1047
229823,991,1051
229824,996,1059
229825,997,1062
229826,997,1061
229827,996,1047
229828,994,1032
229829,998,1025
229830,1000,1029
229831,1001,1033
229832,1001,1031
229833,996,1034
229834,993,1033
229835,995,1035
229836,998,1038
229837,998,1037
229838,996,1038
229839,993,1036
229840,991,1039
229841,992,1042
229842,997,1046
229843,994,1045
229844,995,1044
229845,994,1044
229846,989,1045
229847,990,1046
229848,992,1047
229849,996,1051
229850,995,1049
229851,992,1052
229852,992,1049
229853,993,1048
229854,995,1049
229855,998,1045
229856,994,1044
229857,990,1047
229858,991,1047
229859,992,1050
229860,996,1054
229861,996,1050
229862,994,1043
229863,992,1040
229864,991,1042
229865,995,1045
229866,997,1046
229867,996,1046
229868,993,1043
229869,991,1041
229870,995,1042
229871,997,1045
229872,999,1047
229873,1003,1046
229874,1001,1046
229875,997,1043
229876,998,1041
229877,999,1041
229878,1002,1043
229879,1005,1043
229880,1006,1039
229881,1002,1034
229882,1002,1034
229883,1005,1040
229884,1007,1043
229885,1008,1044
229886,1008,1042
229887,1010,1039
229888,1009,1043
229889,1009,1044
229890,1013,1046
229891,1012,1044
229892,1014,1040
229893,1014,1038
229894,1016,1038
229895,1020,1039
229896,1028,1040
229897,1035,1039
229898,1048,1034
229899,1062,1026
229900,1081,1025
229901,1109,1026
229902,1140,1023
229903,1174,1013
229904,1206,1002
229905,1234,998
229906,1267,1001
229907,1294,1010
229908,1314,1027
229909,1318,1044
229910,1302,1053
229911,1261,1052
229912,1207,1051
229913,1153,1058
229914,1105,1067
229915,1060,1070
229916,1021,1065
229917,999,1061
229918,999,1055
229919,1007,1050
229920,1015,1043
229921,1014,1039
229922,1006,1034
229923,1000,1033
229924,996,1031
229925,995,1035
229926,994,1039
229927,994,1036
229928,992,1035
229929,989,1031
229930,987,1030
229931,987,1030
229932,988,1037
229933,985,1040
229934,982,1045
229935,981,1043
229936,981,1046
229937,983,1044
229938,985,1038
229939,986,1033
229940,982,1033
229941,980,1034
229942,979,1037
229943,982,1041
229944,985,1048
229945,987,1051
229946,985,1051
229947,982,1051
229948,980,1049
229949,984,1045
229950,987,1046
229951,986,1041
229952,984,1037
229953,983,1041
229954,982,1043
229955,982,1047
229956,987,1051
229957,990,1049
229958,988,1045
229959,982,1044
229960,979,1045
229961,982,1048
229962,984,1049
229963,986,1044
229964,984,1038
229965,980,1035
229966,984,1036
229967,986,1039
229968,990,1041
229969,988,1037
229970,985,1034
229971,982,1036
229972,986,1040
229973,988,1042
229974,995,1039
229975,994,1030
229976,993,1024
229977,989,1024
229978,991,1026
229979,994,1028
229980,997,1029
229981,1001,1028
229982,1003,1027
229983,1001,1026
229984,1002,1026
229985,1006,1030
229986,1013,1029
229987,1011,1024
229988,1012,1020
229989,1013,1015
229990,1014,1008
229991,1020,1010
229992,1021,1016
229993,1023,1014
229994,1024,1012
229995,1023,1009
229996,1023,1010
229997,1025,1011
229998,1027,1011
229999,1030,1011
230000,1029,1011
230001,1027,1010
230002,1025,1010
230003,1028,1014
230004,1031,1015
230005,1034,1012
230006,1029,1009
230007,1027,1009
230008,1024,1008
230009,1027,1012
230010,1030,1021
230011,1030,1019
230012,1029,1022
230013,1024,1027
230014,1025,1037
230015,1027,1039
230016,1028,1036
230017,1026,1024
230018,1022,1018
230019,1021,1018
230020,1019,1022
230021,1017,1027
230022,1018,1031
230023,1019,1037
230024,1014,1042
230025,1013,1043
230026,1009,1048
230027,1006,1047
230028,1007,1047
230029,1007,1039
230030,1008,1032
230031,1004,1030
230032,1002,1026
230033,1004,1028
230034,1002,1033
230035,1005,1030
230036,1000,1034
230037,999,1036
230038,996,1039
230039,1001,1043
230040,1002,1046
230041,1000,1043
230042,999,1041
230043,998,1038
230044,996,1042
230045,997,1043
230046,996,1050
230047,999,1049
230048,1000,1045
230049,994,1043
230050,993,1045
230051,996,1050
230052,1001,1052
230053,1000,1049
230054,1001,1045
230055,996,1042
230056,996,1047
230057,998,1048
230058,1000,1050
230059,1001,1047
230060,998,1044
230061,993,1038
230062,998,1036
230063,1002,1040
230064,1003,1040
230065,1000,1042
230066,1000,1041
230067,996,1042
230068,998,1048
230069,1001,1046
230070,1006,1041
230071,1003,1033
230072,1002,1033
230073,995,1032
230074,994,1035
230075,1002,1039
230076,1004,1037
230077,1007,1037
230078,1005,1034
230079,1001,1034
230080,1000,1038
230081,1001,1040
230082,1004,1043
230083,1007,1037
230084,1006,1036
230085,1003,1040
230086,1000,1049
230087,1004,1057
230088,1006,1053
230089,1007,1044
230090,1006,1033
230091,1002,1029
230092,999,1031
230093,1001,1036
230094,1005,1039
230095,1005,1041
230096,1001,1037
230097,1000,1036
230098,997,1036
230099,1001,1038
230100,1004,1041
230101,1002,1040
230102,1003,1039
230103,1000,1037
230104,999,1037
230105,999,1040
230106,1000,1041
230107,1004,1042
230108,1001,1039
230109,999,1037
230110,992,1040
230111,997,1040
230112,1001,1041
230113,999,1038
230114,994,1038
230115,991,1035
230116,992,1034
230117,995,1037
230118,997,1041
230119,995,1039
230120,994,1039
230121,992,1037
230122,994,1040
230123,996,1039
230124,998,1040
230125,999,1040
230126,1002,1039
230127,1000,1038
230128,999,1039
230129,998,1041
230130,997,1047
230131,999,1045
230132,998,1044
230133,998,1041
230134,1000,1040
230135,1000,1043
230136,1005,1048
230137,1005,1044
230138,1001,1043
230139,998,1040
230140,996,1047
230141,1000,1053
230142,1002,1060
230143,1005,1067
230144,1004,1075
230145,1001,1074
230146,1001,1063
230147,1003,1042
230148,1006,1030
230149,1010,1022
230150,1008,1023
230151,1004,1025
230152,1004,1031
230153,1002,1033
230154,1002,1037
230155,1003,1037
230156,1003,1036
230157,1004,1036
230158,1005,1040
230159,1010,1041
230160,1011,1042
230161,1010,1041
230162,1009,1038
230163,1013,1035
230164,1020,1034
230165,1035,1036
230166,1052,1038
230167,1071,1033
230168,1091,1028
230169,1115,1022
230170,1145,1017
230171,1178,1014
230172,1213,1010
230173,1244,1016
230174,1270,1020
230175,1285,1034
230176,1287,1054
230177,1273,1068
230178,1242,1073
230179,1194,1070
230180,1140,1073
230181,1088,1076
230182,1033,1080
230183,997,1088
230184,982,1091
230185,986,1088
230186,995,1076
230187,997,1066
230188,1001,1058
230189,1002,1052
230190,1006,1048
230191,1001,1043
230192,999,1040
230193,996,1035
230194,995,1034
230195,996,1034
230196,993,1041
230197,993,1040
230198,991,1043
230199,989,1040
230200,986,1042
230201,984,1039
230202,986,1045
230203,988,1040
230204,987,1041
230205,985,1041
230206,983,1042
230207,983,1046
230208,985,1046
230209,987,1043
230210,985,1038
230211,980,1037
230212,978,1041
230213,979,1040
230214,980,1040
230215,981,1043
230216,980,1043
230217,977,1043
230218,979,1043
230219,983,1045
230220,980,1048
230221,978,1045
230222,974,1041
230223,974,1040
230224,973,1040
230225,975,1042
230226,979,1046
230227,979,1044
230228,977,1041
230229,978,1042
230230,977,1041
230231,979,1041
230232,980,1039
230233,982,1037
230234,981,1033
230235,982,1030
230236,981,1031
230237,988,1035
230238,993,1037
230239,996,1036
230240,993,1034
230241,988,1026
230242,990,1025
230243,995,1023
230244,1002,1025
230245,1005,1021
230246,1008,1019
230247,1006,1014
230248,1006,1015
230249,1008,1014
230250,1012,1017
230251,1013,1012
230252,1016,1010
230253,1014,1008
230254,1015,1008
230255,1018,1006
230256,1023,1005
230257,1026,1002
230258,1023,1000
230259,1023,1000
230260,1020,998
230261,1019,1000
230262,1018,1003
230263,1020,1000
230264,1024,999
230265,1023,996
230266,1022,998
230267,1024,999
230268,1026,1005
230269,1029,1004
230270,1027,1005
230271,1023,1004
230272,1025,1007
230273,1030,1005
230274,1027,1006
230275,1025,1006
230276,1021,1006
230277,1018,1006
230278,1018,1011
230279,1021,1016
230280,1022,1020
230281,1020,1018
230282,1017,1019
230283,1013,1018
230284,1012,1017
230285,1016,1026
230286,1018,1028
230287,1017,1028
230288,1010,1027
230289,1007,1027
230290,1004,1032
230291,1007,1035
230292,1007,1038
230293,1003,1041
230294,1001,1038
230295,998,1036
230296,996,1037
230297,995,1039
230298,1000,1042
230299,999,1044
230300,997,1045
230301,993,1042
230302,991,1045
230303,993,1045
230304,996,1047
230305,999,1045
230306,995,1043
230307,991,1040
230308,990,1043
230309,993,1045
230310,996,1049
230311,992,1051
230312,991,1050
230313,989,1050
230314,992,1051
230315,994,1053
230316,997,1054
230317,998,1048
230318,993,1044
230319,995,1044
230320,993,1048
230321,991,1051
230322,991,1052
230323,994,1053
230324,995,1050
230325,991,1049
230326,992,1050
230327,994,1056
230328,998,1058
230329,999,1054
230330,998,1050
230331,996,1048
230332,993,1047
230333,996,1046
230334,996,1051
230335,995,1051
230336,995,1046
230337,993,1041
230338,997,1043
230339,1000,1044
230340,1007,1049
230341,1003,1047
230342,1001,1044
230343,999,1042
230344,1000,1046
230345,1003,1048
230346,1006,1053
230347,1006,1053
230348,1004,1046
230349,1005,1037
230350,1003,1033
230351,1008,1033
230352,1007,1037
230353,1007,1036
230354,1003,1035
230355,1002,1034
230356,999,1036
230357,1003,1036
230358,1007,1040
230359,1008,1041
230360,1006,1041
230361,1002,1041
230362,1001,1041
230363,1003,1044
230364,1004,1049
230365,1005,1048
230366,1000,1046
230367,993,1045
230368,993,1049
230369,995,1054
230370,1000,1049
230371,1002,1048
230372,999,1044
230373,997,1043
230374,996,1047
230375,995,1050
230376,998,1053
230377,999,1049
230378,995,1045
230379,994,1045
230380,994,1046
230381,999,1048
230382,1001,1052
230383,1003,1050
230384,1002,1047
230385,1004,1041
230386,1005,1041
230387,1007,1043
230388,1012,1036
230389,1014,1031
230390,1017,1025
230391,1024,1018
230392,1038,1020
230393,1051,1022
230394,1072,1023
230395,1095,1020
230396,1126,1013
230397,1157,1008
230398,1198,1004
230399,1242,1005
230400,1274,1013
230401,1299,1029
230402,1302,1048
230403,1288,1057
230404,1255,1061
230405,1212,1058
230406,1166,1063
230407,1109,1068
230408,1050,1075
230409,998,1084
230410,973,1095
230411,967,1097
230412,979,1095
230413,986,1081
230414,990,1067
230415,989,1056
230416,992,1051
230417,991,1048
230418,989,1051
230419,987,1048
230420,982,1045
230421,979,1041
230422,978,1045
230423,980,1046
230424,980,1048
230425,981,1045
230426,978,1042
230427,974,1041
230428,973,1043
230429,976,1044
230430,979,1045
230431,979,1042
230432,974,1040
230433,973,1039
230434,970,1040
230435,974,1041
230436,975,1040
230437,973,1039
230438,966,1038
230439,963,1036
230440,962,1037
230441,966,1039
230442,966,1039
230443,971,1040
230444,966,1037
230445,965,1034
230446,962,1034
230447,966,1037
230448,973,1039
230449,972,1041
230450,970,1037
230451,968,1040
230452,966,1049
230453,970,1052
230454,974,1048
230455,976,1041
230456,972,1041
230457,972,1043
230458,974,1051
230459,977,1055
230460,980,1052
230461,980,1043
230462,975,1031
230463,972,1029
230464,971,1037
230465,978,1048
230466,984,1052
230467,983,1043
230468,986,1025
230469,984,1006
230470,986,1000
230471,988,1003
230472,993,1006
230473,994,1008
230474,995,1005
230475,991,1003
230476,995,1005
230477,1001,1009
230478,1002,1010
230479,1004,1009
230480,1001,1003
230481,998,1003
230482,1001,1006
230483,1006,1004
230484,1009,1007
230485,1012,1002
230486,1011,999
230487,1006,995
230488,1008,992
230489,1014,993
230490,1019,992
230491,1018,991
230492,1015,984
230493,1015,983
230494,1012,985
230495,1014,986
230496,1018,990
230497,1020,988
230498,1017,986
230499,1013,986
230500,1014,990
230501,1018,994
230502,1021,999
230503,1019,1002
230504,1014,1001
230505,1011,1001
230506,1011,1006
230507,1013,1013
230508,1017,1013
230509,1016,1014
230510,1013,1014
230511,1004,1018
230512,1005,1021
230513,1007,1024
230514,1010,1028
230515,1008,1029
230516,1005,1029
230517,997,1030
230518,996,1037
230519,1000,1038
230520,1003,1045
230521,1002,1044
230522,995,1043
230523,988,1043
230524,987,1045
230525,989,1050
230526,992,1053
230527,991,1054
230528,989,1048
230529,988,1047
230530,989,1050
230531,990,1051
230532,991,1052
230533,988,1053
230534,985,1048
230535,981,1051
230536,983,1055
230537,983,1058
230538,983,1058
230539,980,1054
230540,981,1053
230541,981,1050
230542,981,1050
230543,980,1051
230544,982,1054
230545,983,1051
230546,983,1046
230547,980,1046
230548,980,1046
230549,981,1050
230550,985,1051
230551,983,1045
230552,979,1046
230553,978,1047
230554,979,1048
230555,978,1053
230556,980,1054
230557,981,1055
230558,981,1052
230559,982,1053
230560,979,1057
230561,980,1058
230562,983,1058
230563,985,1053
230564,981,1050
230565,979,1047
230566,982,1050
230567,987,1051
230568,991,1053
230569,992,1049
230570,991,1046
230571,989,1043
230572,989,1043
230573,988,1041
230574,992,1044
230575,992,1042
230576,988,1037
230577,988,1039
230578,986,1043
230579,987,1044
230580,987,1049
230581,986,1047
230582,986,1041
230583,988,1034
230584,989,1033
230585,991,1033
230586,994,1036
230587,993,1034
230588,988,1035
230589,987,1034
230590,989,1033
230591,992,1035
230592,992,1040
230593,992,1038
230594,987,1037
230595,985,1035
230596,985,1037
230597,990,1042
230598,990,1045
230599,991,1044
230600,982,1042
230601,978,1040
230602,979,1044
230603,985,1044
230604,989,1048
230605,991,1046
230606,987,1046
230607,986,1045
230608,984,1047
230609,987,1050
230610,988,1051
230611,988,1047
230612,986,1047
230613,979,1042
230614,980,1046
230615,980,1048
230616,984,1052
230617,985,1049
230618,985,1047
230619,985,1045
230620,982,1047
230621,986,1049
230622,987,1053
230623,986,1051
230624,985,1049
230625,981,1045
230626,983,1048
230627,986,1050
230628,989,1051
230629,988,1051
230630,987,1051
230631,982,1048
230632,982,1049
230633,982,1049
230634,986,1051
230635,985,1046
230636,983,1044
230637,983,1042
230638,979,1042
230639,984,1044
230640,985,1046
230641,980,1044
230642,978,1041
230643,979,1041
230644,980,1043
230645,983,1045
230646,987,1047
230647,987,1045
230648,985,1043
230649,981,1044
230650,980,1044
230651,982,1045
230652,987,1048
230653,986,1049
230654,984,1048
230655,979,1045
230656,976,1047
230657,982,1052
230658,986,1055
230659,988,1053
230660,983,1050
230661,981,1048
230662,980,1052
230663,981,1054
230664,984,1057
230665,987,1057
230666,983,1053
230667,982,1050
230668,978,1047
230669,982,1044
230670,986,1045
230671,986,1042
230672,986,1040
230673,983,1036
230674,983,1036
230675,986,1039
230676,989,1041
230677,991,1039
230678,986,1038
230679,987,1039
230680,986,1040
230681,990,1041
230682,997,1041
230683,996,1039
230684,996,1033
230685,996,1034
230686,1002,1034
230687,1007,1035
230688,1016,1037
230689,1023,1033
230690,1031,1028
230691,1042,1027
230692,1065,1027
230693,1094,1026
230694,1128,1022
230695,1160,1012
230696,1194,1005
230697,1228,1003
230698,1257,1012
230699,1279,1027
230700,1290,1044
230701,1283,1056
230702,1259,1057
230703,1218,1054
230704,1168,1054
230705,1121,1066
230706,1066,1078
230707,1021,1083
230708,985,1085
230709,969,1085
230710,970,1082
230711,978,1075
230712,984,1068
230713,986,1059
230714,987,1051
230715,985,1047
230716,983,1042
230717,983,1044
230718,984,1041
230719,983,1041
230720,978,1038
230721,972,1038
230722,974,1039
230723,975,1041
230724,975,1039
230725,973,1037
230726,966,1035
230727,963,1036
230728,963,1038
230729,967,1041
230730,970,1040
230731,968,1034
230732,965,1030
230733,961,1030
230734,960,1036
230735,962,1040
230736,966,1039
230737,963,1040
230738,960,1036
230739,958,1033
230740,961,1034
230741,964,1037
230742,971,1039
230743,971,1038
230744,968,1035
230745,965,1033
230746,966,1035
230747,965,1035
230748,965,1035
230749,965,1034
230750,965,1032
230751,964,1033
230752,965,1034
230753,968,1035
230754,970,1036
230755,968,1035
230756,966,1031
230757,965,1030
230758,967,1030
230759,971,1033
230760,975,1036
230761,974,1036
230762,973,1036
230763,971,1031
230764,973,1033
230765,976,1032
230766,976,1027
230767,976,1027
230768,977,1027
230769,978,1024
230770,980,1025
230771,982,1026
230772,987,1026
230773,989,1025
230774,991,1021
230775,989,1019
230776,991,1017
230777,995,1016
230778,999,1015
230779,997,1016
230780,998,1011
230781,999,1008
230782,998,1009
230783,1006,1010
230784,1011,1007
230785,1008,1002
230786,1007,999
230787,1008,1000
230788,1009,1002
230789,1013,1004
230790,1016,1002
230791,1015,997
230792,1016,993
230793,1014,996
230794,1017,999
230795,1016,1004
230796,1020,1005
230797,1023,1000
230798,1019,998
230799,1019,994
230800,1018,994
230801,1021,1000
230802,1021,1001
230803,1022,1001
230804,1022,1000
230805,1017,1001
230806,1016,1007
230807,1016,1010
230808,1018,1015
230809,1015,1015
230810,1008,1013
230811,1004,1017
230812,1002,1018
230813,1003,1020
230814,1005,1025
230815,1003,1023
230816,998,1022
230817,995,1020
230818,990,1022
230819,992,1027
230820,995,1029
230821,995,1030
230822,991,1030
230823,988,1033
230824,985,1035
230825,982,1040
230826,985,1042
230827,984,1037
230828,982,1039
230829,979,1036
230830,979,1039
230831,983,1043
230832,984,1046
230833,982,1047
230834,980,1044
230835,977,1041
230836,976,1043
230837,980,1046
230838,982,1046
230839,982,1047
230840,980,1042
230841,977,1044
230842,977,1050
230843,980,1054
230844,982,1058
230845,979,1054
230846,979,1050
230847,981,1044
230848,981,1045
230849,982,1048
230850,985,1043
230851,985,1043
230852,983,1040
230853,980,1040
230854,981,1041
230855,983,1043
230856,987,1045
230857,989,1044
230858,985,1042
230859,980,1044
230860,984,1046
230861,985,1047
230862,992,1043
230863,990,1035
230864,987,1031
230865,984,1032
230866,984,1033
230867,986,1038
230868,989,1035
230869,989,1034
230870,988,1029
230871,985,1027
230872,983,1033
230873,983,1035
230874,988,1036
230875,988,1036
230876,985,1034
230877,983,1032
230878,986,1035
230879,988,1035
230880,989,1038
230881,990,1035
230882,986,1033
230883,986,1030
230884,984,1034
230885,988,1036
230886,991,1038
230887,991,1034
230888,989,1034
230889,986,1033
230890,988,1037
230891,991,1038
230892,994,1039
230893,994,1036
230894,990,1036
230895,990,1035
230896,989,1036
230897,990,1038
230898,993,1035
230899,990,1037
230900,988,1034
230901,986,1036
230902,987,1036
230903,990,1042
230904,992,1044
230905,991,1041
230906,990,1039
230907,987,1038
230908,991,1038
230909,994,1039
230910,993,1043
230911,993,1039
230912,992,1034
230913,991,1028
230914,999,1028
230915,1010,1029
230916,1021,1027
230917,1035,1026
230918,1050,1020
230919,1074,1023
230920,1107,1020
230921,1148,1014
230922,1190,1006
230923,1235,1004
230924,1267,1006
230925,1286,1022
230926,1285,1040
230927,1269,1054
230928,1239,1062
230929,1193,1058
230930,1134,1057
230931,1070,1063
230932,1007,1074
230933,964,1086
230934,956,1095
230935,960,1093
230936,967,1078
230937,967,1063
230938,969,1057
230939,977,1052
230940,983,1046
230941,980,1039
230942,976,1035
230943,974,1034
230944,969,1035
230945,970,1040
230946,968,1039
230947,967,1038
230948,964,1032
230949,960,1032
230950,961,1034
230951,963,1036
230952,964,1037
230953,963,1033
230954,957,1031
230955,955,1030
230956,956,1033
230957,961,1034
230958,964,1035
230959,961,1034
230960,962,1032
230961,961,1032
230962,962,1034
230963,964,1037
230964,965,1039
230965,960,1033
230966,955,1030
230967,954,1027
230968,957,1031
230969,961,1030
230970,967,1030
230971,965,1027
230972,963,1024
230973,960,1023
230974,960,1025
230975,965,1027
230976,969,1026
230977,970,1027
230978,966,1020
230979,964,1023
230980,961,1022
230981,966,1019
230982,968,1022
230983,968,1022
230984,970,1016
230985,970,1014
230986,973,1010
230987,978,1015
230988,980,1014
230989,982,1012
230990,978,1005
230991,980,1004
230992,981,1008
230993,988,1008
230994,990,1006
230995,993,1004
230996,994,1001
230997,991,997
230998,990,1001
230999,996,1001
231000,1001,999
231001,1003,997
231002,1003,992
231003,1003,992
231004,1002,993
231005,1009,995
231006,1011,994
231007,1009,992
231008,1008,993
231009,1008,988
231010,1010,989
231011,1014,992
231012,1019,993
231013,1017,993
231014,1018,992
231015,1016,990
231016,1016,991
231017,1020,998
231018,1024,998
231019,1022,996
231020,1017,996
231021,1014,998
231022,1013,999
231023,1014,1004
231024,1016,1006
231025,1015,1008
231026,1010,1010
231027,1003,1010
231028,1003,1013
231029,1006,1018
231030,1006,1017
231031,998,1017
231032,993,1020
231033,990,1021
231034,989,1022
231035,993,1026
231036,997,1033
231037,993,1030
231038,989,1027
231039,984,1030
231040,983,1033
231041,984,1033
231042,985,1034
231043,982,1031
231044,979,1029
231045,977,1027
231046,974,1034
231047,979,1036
231048,981,1039
231049,980,1037
231050,979,1034
231051,977,1034
231052,976,1037
231053,982,1040
231054,983,1041
231055,982,1042
231056,979,1040
231057,979,1039
231058,980,1042
231059,983,1043
231060,987,1045
231061,993,1044
231062,993,1043
231063,995,1042
231064,996,1046
231065,1004,1049
231066,1008,1055
231067,1011,1056
231068,1014,1058
231069,1018,1056
231070,1028,1058
231071,1041,1054
231072,1056,1044
231073,1067,1027
231074,1076,1010
231075,1079,996
231076,1093,989
231077,1107,981
231078,1125,972
231079,1140,958
231080,1151,947
231081,1160,932
231082,1170,918
231083,1189,904
231084,1206,886
231085,1219,869
231086,1222,858
231087,1219,857
231088,1214,868
231089,1218,872
231090,1220,874
231091,1217,871
231092,1210,869
231093,1201,867
231094,1189,874
231095,1182,879
231096,1170,887
231097,1154,890
231098,1131,898
231099,1109,906
231100,1095,917
231101,1085,929
231102,1077,941
231103,1065,952
231104,1056,961
231105,1053,970
231106,1053,977
231107,1053,985
231108,1055,991
231109,1060,991
231110,1068,996
231111,1077,997
231112,1085,1002
231113,1084,1004
231114,1067,1013
231115,1039,1017
231116,1002,1020
231117,968,1029
231118,951,1039
231119,945,1051
231120,939,1061
231121,933,1068
231122,926,1066
231123,918,1067
231124,917,1071
231125,915,1072
231126,912,1074
231127,908,1072
231128,901,1071
231129,893,1071
231130,891,1073
231131,891,1078
231132,897,1079
231133,893,1078
231134,887,1076
231135,880,1077
231136,876,1079
231137,879,1085
231138,880,1086
231139,877,1088
231140,875,1088
231141,868,1091
231142,871,1094
231143,871,1101
231144,868,1099
231145,867,1102
231146,863,1100
231147,858,1103
231148,856,1107
231149,857,1112
231150,859,1116
231151,858,1115
231152,851,1114
231153,850,1115
231154,850,1120
231155,849,1126
231156,850,1128
231157,845,1129
231158,844,1131
231159,841,1133
231160,844,1137
231161,847,1142
231162,851,1143
231163,847,1142
231164,844,1143
231165,844,1142
231166,846,1144
231167,849,1146
231168,855,1147
231169,856,1145
231170,860,1140
231171,860,1137
231172,865,1138
231173,870,1139
231174,877,1136
231175,881,1129
231176,880,1129
231177,882,1128
231178,889,1125
231179,897,1127
231180,904,1123
231181,907,1116
231182,911,1111
231183,915,1106
231184,920,1105
231185,928,1104
231186,934,1102
231187,939,1096
231188,939,1087
231189,938,1084
231190,946,1084
231191,949,1081
231192,954,1078
231193,959,1074
231194,959,1068
231195,959,1066
231196,960,1065
231197,962,1066
231198,967,1061
231199,965,1058
231200,964,1053
231201,964,1051
231202,963,1053
231203,962,1056
231204,964,1050
231205,960,1047
231206,957,1046
231207,956,1046
231208,956,1046
231209,962,1047
231210,963,1045
231211,962,1039
231212,963,1039
231213,960,1032
231214,962,1037
231215,963,1040
231216,969,1038
231217,966,1033
231218,963,1030
231219,962,1030
231220,963,1035
231221,967,1035
231222,968,1035
231223,969,1036
231224,966,1033
231225,966,1034
231226,965,1034
231227,969,1034
231228,972,1034
231229,969,1033
231230,968,1033
231231,966,1032
231232,968,1034
231233,972,1039
231234,975,1037
231235,974,1036
231236,967,1033
231237,966,1032
231238,971,1033
231239,976,1035
231240,981,1034
231241,978,1035
231242,971,1032
231243,970,1030
231244,968,1030
231245,972,1034
231246,975,1034
231247,974,1034
231248,971,1031
231249,970,1029
231250,971,1030
231251,973,1033
231252,978,1032
231253,974,1029
231254,973,1027
231255,970,1023
231256,974,1027
231257,975,1026
231258,982,1029
231259,981,1025
231260,977,1023
231261,972,1023
231262,973,1027
231263,973,1027
231264,977,1031
231265,976,1029
231266,973,1027
231267,970,1024
231268,969,1027
231269,970,1029
231270,976,1030
231271,975,1029
231272,973,1026
231273,974,1027
231274,973,1028
231275,976,1033
231276,979,1038
231277,980,1035
231278,977,1029
231279,972,1030
231280,976,1033
231281,975,1036
231282,973,1040
231283,972,1035
231284,971,1034
231285,971,1031
231286,974,1032
231287,976,1035
231288,977,1037
231289,976,1035
231290,972,1029
231291,972,1031
231292,971,1030
231293,976,1032
231294,978,1030
231295,975,1026
231296,975,1022
231297,972,1025
231298,973,1026
231299,974,1028
231300,974,1031
231301,973,1033
231302,972,1030
231303,971,1028
231304,971,1021
231305,975,1021
231306,976,1020
231307,977,1020
231308,975,1018
231309,973,1017
231310,971,1018
231311,972,1022
231312,978,1021
231313,978,1022
231314,980,1023
231315,973,1023
231316,973,1025
231317,976,1031
231318,977,1032
231319,978,1029
231320,976,1030
231321,974,1031
231322,978,1031
231323,980,1034
231324,982,1035
231325,980,1035
231326,979,1035
231327,976,1035
231328,978,1034
231329,980,1036
231330,981,1036
231331,979,1036
231332,979,1035
231333,975,1035
231334,977,1038
231335,979,1039
231336,980,1039
231337,981,1033
231338,978,1027
231339,975,1028
231340,977,1032
231341,982,1035
231342,984,1036
231343,983,1037
231344,979,1033
231345,976,1033
231346,978,1034
231347,979,1033
231348,983,1030
231349,983,1028
231350,980,1023
231351,978,1026
231352,975,1027
231353,978,1028
231354,978,1030
231355,975,1028
231356,974,1025
231357,972,1026
231358,974,1029
231359,977,1035
231360,978,1034
231361,978,1028
231362,977,1021
231363,978,1022
231364,976,1026
231365,978,1030
231366,980,1032
231367,981,1029
231368,980,1029
231369,978,1029
231370,977,1032
231371,978,1038
231372,981,1036
231373,982,1033
231374,980,1032
231375,977,1032
231376,980,1035
231377,980,1037
231378,981,1035
231379,980,1035
231380,981,1033
231381,980,1032
231382,979,1031
231383,980,1034
231384,982,1034
231385,984,1034
231386,982,1029
231387,982,1033
231388,982,1032
231389,986,1033
231390,986,1036
231391,984,1034
231392,982,1033
231393,978,1028
231394,984,1029
231395,985,1032
231396,987,1032
231397,989,1030
231398,988,1029
231399,985,1029
231400,987,1033
231401,988,1031
231402,992,1027
231403,991,1026
231404,988,1026
231405,983,1023
231406,987,1028
231407,988,1031
231408,993,1032
231409,992,1031
231410,990,1033
231411,987,1032
231412,987,1034
231413,990,1031
231414,991,1031
231415,991,1028
231416,989,1022
231417,990,1023
231418,992,1024
231419,999,1027
231420,1003,1022
231421,1012,1019
231422,1019,1012
231423,1032,1012
231424,1054,1013
231425,1078,1015
231426,1112,1011
231427,1146,1005
231428,1179,999
231429,1213,993
231430,1247,1000
231431,1277,1013
231432,1292,1029
231433,1284,1038
231434,1257,1040
231435,1215,1044
231436,1165,1050
231437,1119,1062
231438,1067,1070
231439,1021,1064
231440,991,1058
231441,979,1050
231442,987,1046
231443,997,1039
231444,1002,1033
231445,1002,1027
231446,994,1026
231447,989,1027
231448,984,1030
231449,981,1033
231450,983,1032
231451,979,1032
231452,977,1028
231453,974,1027
231454,972,1030
231455,974,1031
231456,976,1034
231457,973,1028
231458,967,1025
231459,964,1028
231460,962,1030
231461,967,1033
231462,971,1032
231463,967,1030
231464,963,1027
231465,962,1030
231466,962,1037
231467,964,1040
231468,968,1039
231469,969,1034
231470,965,1033
231471,960,1033
231472,962,1031
231473,966,1034
231474,968,1033
231475,968,1033
231476,965,1031
231477,965,1031
231478,963,1031
231479,967,1034
231480,970,1034
231481,967,1033
231482,963,1032
231483,959,1031
231484,961,1032
231485,963,1033
231486,966,1032
231487,965,1030
231488,960,1028
231489,961,1025
231490,963,1031
231491,967,1032
231492,972,1035
231493,971,1029
231494,970,1021
231495,968,1016
231496,970,1018
231497,976,1023
231498,978,1025
231499,979,1020
231500,979,1012
231501,979,1010
231502,982,1008
231503,984,1013
231504,990,1010
231505,992,1005
231506,991,1001
231507,989,1002
231508,988,1003
231509,991,1005
231510,995,1005
231511,997,1004
231512,995,999
231513,995,999
231514,1000,1001
231515,1004,1000
231516,1010,1004
231517,1005,998
231518,1006,998
231519,1004,996
231520,1006,1000
231521,1010,1001
231522,1015,1001
231523,1016,1002
231524,1014,999
231525,1012,997
231526,1013,1002
231527,1015,1005
231528,1016,1006
231529,1014,1008
231530,1014,1005
231531,1011,1006
231532,1014,1009
231533,1016,1010
231534,1018,1010
231535,1014,1012
231536,1008,1012
231537,1008,1016
231538,1005,1020
231539,1005,1023
231540,1005,1023
231541,1003,1020
231542,1001,1018
231543,996,1019
231544,994,1021
231545,994,1025
231546,991,1027
231547,988,1026
231548,985,1027
231549,982,1027
231550,983,1030
231551,984,1033
231552,986,1034
231553,983,1030
231554,982,1028
231555,980,1028
231556,977,1032
231557,979,1038
231558,981,1037
231559,979,1036
231560,976,1033
231561,977,1032
231562,977,1034
231563,982,1039
231564,981,1037
231565,980,1038
231566,975,1037
231567,974,1039
231568,976,1043
231569,976,1047
231570,980,1046
231571,982,1047
231572,981,1045
231573,978,1047
231574,978,1045
231575,983,1046
231576,984,1048
231577,983,1048
231578,985,1048
231579,982,1045
231580,985,1047
231581,991,1049
231582,995,1050
231583,994,1042
231584,987,1036
231585,981,1034
231586,985,1038
231587,989,1039
231588,995,1037
231589,993,1031
231590,989,1027
231591,989,1025
231592,989,1029
231593,990,1029
231594,992,1028
231595,991,1028
231596,987,1023
231597,985,1025
231598,990,1028
231599,996,1031
231600,994,1029
231601,992,1027
231602,987,1024
231603,987,1026
231604,986,1030
231605,988,1033
231606,991,1033
231607,989,1032
231608,988,1028
231609,986,1026
231610,986,1030
231611,988,1034
231612,990,1034
231613,989,1031
231614,985,1031
231615,981,1031
231616,980,1037
231617,980,1040
231618,985,1040
231619,981,1039
231620,982,1037
231621,977,1040
231622,979,1042
231623,980,1044
231624,982,1046
231625,982,1044
231626,982,1040
231627,980,1040
231628,984,1043
231629,985,1047
231630,989,1044
231631,989,1041
231632,986,1034
231633,987,1033
231634,986,1036
231635,992,1036
231636,997,1029
231637,1001,1026
231638,1006,1020
231639,1018,1018
231640,1035,1020
231641,1059,1023
231642,1090,1019
231643,1127,1014
231644,1167,1006
231645,1208,1002
231646,1248,1008
231647,1280,1023
231648,1293,1042
231649,1270,1053
231650,1226,1054
231651,1166,1053
231652,1102,1062
231653,1040,1072
231654,994,1080
231655,965,1081
231656,959,1075
231657,965,1062
231658,973,1049
231659,977,1043
231660,980,1037
231661,976,1032
231662,973,1031
231663,968,1033
231664,968,1034
231665,967,1041
231666,968,1041
231667,966,1045
231668,961,1050
231669,957,1050
231670,956,1051
231671,959,1049
231672,961,1048
231673,960,1043
231674,958,1039
231675,956,1038
231676,955,1039
231677,956,1040
231678,960,1039
231679,957,1037
231680,958,1032
231681,957,1032
231682,957,1035
231683,957,1038
231684,960,1037
231685,958,1034
231686,953,1032
231687,950,1035
231688,953,1035
231689,955,1040
231690,959,1038
231691,957,1038
231692,957,1036
231693,956,1034
231694,954,1035
231695,956,1036
231696,957,1035
231697,957,1031
231698,954,1028
231699,953,1029
231700,957,1028
231701,957,1033
231702,961,1031
231703,960,1027
231704,961,1025
231705,960,1020
231706,961,1027
231707,965,1026
231708,969,1026
231709,969,1024
231710,968,1016
231711,968,1018
231712,972,1021
231713,976,1024
231714,981,1021
231715,981,1020
231716,977,1015
231717,980,1016
231718,982,1013
231719,986,1014
231720,990,1013
231721,990,1007
231722,986,1002
231723,986,1000
231724,985,1000
231725,989,1000
231726,992,1000
231727,989,998
231728,989,993
231729,987,996
231730,989,998
231731,993,1000
231732,997,1000
231733,994,995
231734,991,993
231735,990,990
231736,992,995
231737,994,1000
231738,994,999
231739,993,999
231740,990,1003
231741,989,1005
231742,990,1012
231743,990,1017
231744,992,1015
231745,989,1013
231746,987,1011
231747,982,1014
231748,983,1020
231749,982,1026
231750,983,1023
231751,982,1024
231752,976,1025
231753,975,1028
231754,975,1030
231755,973,1034
231756,975,1034
231757,974,1034
231758,972,1034
231759,970,1038
231760,970,1046
231761,973,1050
231762,974,1055
231763,975,1053
231764,971,1051
231765,971,1052
231766,973,1053
231767,975,1056
231768,976,1054
231769,976,1051
231770,976,1049
231771,973,1048
231772,971,1047
231773,974,1046
231774,974,1046
231775,975,1042
231776,973,1039
231777,972,1039
231778,972,1042
231779,973,1044
231780,971,1044
231781,970,1042
231782,967,1038
231783,965,1039
231784,967,1040
231785,971,1041
231786,973,1041
231787,970,1039
231788,968,1035
231789,968,1034
231790,970,1038
231791,975,1039
231792,976,1042
231793,975,1038
231794,975,1034
231795,974,1034
231796,978,1034
231797,984,1036
231798,989,1037
231799,989,1038
231800,989,1031
231801,987,1024
231802,987,1024
231803,989,1028
231804,991,1023
231805,986,1019
231806,980,1012
231807,974,1013
231808,976,1011
231809,977,1008
231810,974,1006
231811,969,999
231812,962,988
231813,958,970
231814,949,950
231815,935,932
231816,920,907
231817,904,877
231818,884,847
231819,869,820
231820,862,802
231821,863,789
231822,869,777
231823,872,764
231824,870,752
231825,867,749
231826,871,759
231827,877,776
231828,883,791
231829,888,806
231830,888,822
231831,889,835
231832,891,846
231833,893,853
231834,896,858
231835,898,857
231836,898,858
231837,895,864
231838,896,874
231839,901,881
231840,904,889
231841,905,892
231842,906,898
231843,906,911
231844,910,920
231845,914,933
231846,926,941
231847,927,946
231848,932,953
231849,937,966
231850,946,980
231851,954,994
231852,961,1002
231853,965,1010
231854,967,1017
231855,968,1026
231856,973,1041
231857,980,1052
231858,988,1065
231859,993,1074
231860,993,1081
231861,994,1088
231862,998,1097
231863,1001,1103
231864,1007,1107
231865,1008,1111
231866,1011,1109
231867,1013,1111
231868,1014,1115
231869,1020,1121
231870,1023,1124
231871,1025,1126
231872,1027,1123
231873,1030,1130
231874,1035,1137
231875,1039,1146
231876,1041,1145
231877,1045,1147
231878,1049,1150
231879,1052,1155
231880,1056,1163
231881,1064,1167
231882,1070,1167
231883,1070,1168
231884,1073,1167
231885,1075,1169
231886,1081,1171
231887,1087,1175
231888,1093,1176
231889,1095,1178
231890,1100,1181
231891,1101,1184
231892,1107,1191
231893,1114,1197
231894,1120,1198
231895,1127,1198
231896,1127,1201
231897,1130,1205
231898,1138,1210
231899,1145,1214
231900,1150,1215
231901,1154,1218
231902,1156,1216
231903,1155,1218
231904,1161,1224
231905,1167,1226
231906,1171,1227
231907,1172,1223
231908,1171,1222
231909,1170,1219
231910,1172,1218
231911,1173,1218
231912,1173,1216
231913,1172,1213
231914,1168,1210
231915,1165,1208
231916,1165,1207
231917,1165,1204
231918,1163,1198
231919,1158,1195
231920,1154,1187
231921,1149,1184
231922,1144,1180
231923,1142,1176
231924,1139,1167
231925,1131,1161
231926,1122,1154
231927,1115,1147
231928,1113,1145
231929,1107,1141
231930,1102,1137
231931,1094,1130
231932,1085,1124
231933,1076,1118
231934,1072,1113
231935,1069,1112
231936,1062,1105
231937,1058,1100
231938,1051,1088
231939,1043,1085
231940,1038,1083
231941,1035,1084
231942,1034,1078
231943,1027,1076
231944,1021,1067
231945,1016,1065
231946,1013,1066
231947,1010,1065
231948,1012,1063
231949,1005,1059
231950,1000,1053
231951,995,1053
231952,997,1053
231953,997,1052
231954,998,1049
231955,994,1050
231956,988,1045
231957,987,1047
231958,988,1046
231959,988,1047
231960,988,1044
231961,989,1045
231962,985,1042
231963,982,1042
231964,984,1041
231965,986,1044
231966,985,1045
231967,982,1045
231968,980,1042
231969,978,1043
231970,976,1044
231971,978,1045
231972,980,1048
231973,976,1047
231974,973,1049
231975,971,1049
231976,971,1052
231977,975,1052
231978,977,1052
231979,975,1050
231980,972,1048
231981,970,1049
231982,974,1051
231983,972,1052
231984,975,1050
231985,974,1046
231986,972,1040
231987,970,1041
231988,971,1043
231989,973,1045
231990,976,1046
231991,974,1042
231992,969,1039
231993,969,1040
231994,973,1041
231995,975,1044
231996,975,1040
231997,971,1039
231998,968,1036
231999,967,1037
232000,968,1039
232001,969,1040
232002,971,1039
232003,969,1034
232004,966,1033
232005,963,1032
232006,964,1037
232007,965,1037
232008,967,1035
232009,967,1033
232010,965,1032
232011,960,1032
232012,962,1034
232013,966,1035
232014,966,1033
232015,967,1031
232016,964,1030
232017,963,1034
232018,963,1039
232019,965,1039
232020,968,1037
232021,967,1033
232022,964,1033
232023,961,1033
232024,963,1038
232025,965,1041
232026,965,1041
232027,959,1043
232028,954,1043
232029,954,1042
232030,955,1044
232031,960,1050
232032,963,1046
232033,960,1041
232034,958,1040
232035,956,1039
232036,958,1040
232037,959,1042
232038,961,1043
232039,959,1040
232040,958,1039
232041,954,1037
232042,957,1040
232043,958,1042
232044,963,1042
232045,961,1039
232046,959,1034
232047,957,1034
232048,957,1036
232049,961,1039
232050,962,1039
232051,960,1036
232052,956,1033
232053,956,1034
232054,961,1038
232055,964,1037
232056,964,1039
232057,962,1035
232058,959,1034
232059,958,1034
232060,961,1036
232061,960,1038
232062,964,1036
232063,962,1033
232064,958,1030
232065,957,1030
232066,961,1031
232067,964,1033
232068,963,1030
232069,964,1027
232070,961,1029
232071,960,1028
232072,962,1029
232073,964,1030
232074,963,1028
232075,958,1026
232076,957,1025
232077,957,1028
232078,957,1028
232079,959,1031
232080,962,1028
232081,964,1030
232082,961,1028
232083,960,1029
232084,959,1031
232085,960,1035
232086,961,1035
232087,960,1032
232088,960,1031
232089,960,1031
232090,961,1032
232091,964,1035
232092,964,1034
232093,967,1031
232094,967,1031
232095,963,1031
232096,966,1033
232097,966,1036
232098,970,1036
232099,970,1034
232100,968,1031
232101,971,1031
232102,973,1035
232103,975,1037
232104,980,1032
232105,981,1025
232106,983,1023
232107,988,1020
232108,1004,1020
232109,1022,1021
232110,1044,1020
232111,1066,1016
232112,1092,1006
232113,1122,997
232114,1157,997
232115,1199,996
232116,1228,1001
232117,1251,1011
232118,1255,1025
232119,1243,1037
232120,1210,1047
232121,1166,1050
232122,1117,1052
232123,1064,1055
232124,1014,1056
232125,974,1057
232126,954,1055
232127,952,1055
232128,961,1044
232129,962,1033
232130,963,1026
232131,960,1025
232132,959,1027
232133,959,1027
232134,959,1029
232135,955,1025
232136,951,1024
232137,949,1028
232138,948,1027
232139,949,1029
232140,951,1029
232141,948,1026
232142,945,1024
232143,940,1023
232144,942,1027
232145,942,1029
232146,945,1028
232147,944,1025
232148,942,1023
232149,940,1025
232150,941,1026
232151,942,1029
232152,944,1031
232153,943,1027
232154,941,1025
232155,939,1023
232156,940,1027
232157,939,1030
232158,941,1030
232159,940,1028
232160,938,1027
232161,939,1027
232162,940,1028
232163,939,1029
232164,944,1028
232165,941,1026
232166,936,1026
232167,932,1026
232168,933,1029
232169,935,1029
232170,938,1027
232171,936,1025
232172,933,1022
232173,932,1021
232174,935,1023
232175,937,1026
232176,938,1024
232177,936,1021
232178,934,1017
232179,931,1017
232180,935,1021
232181,936,1020
232182,938,1019
232183,942,1015
232184,938,1013
232185,940,1013
232186,943,1015
232187,947,1017
232188,946,1014
232189,947,1011
232190,941,1006
232191,943,1005
232192,945,1006
232193,948,1006
232194,953,1006
232195,952,1001
232196,953,996
232197,952,997
232198,956,999
232199,960,998
232200,964,998
232201,964,995
232202,961,991
232203,964,989
232204,963,989
232205,967,992
232206,968,991
232207,970,986
232208,968,985
232209,963,986
232210,967,989
232211,970,989
232212,974,987
232213,973,985
232214,971,983
232215,969,985
232216,974,988
232217,977,993
232218,979,990
232219,977,988
232220,976,985
232221,978,985
232222,979,992
232223,984,994
232224,983,993
232225,984,993
232226,977,993
232227,976,999
232228,976,1004
232229,977,1010
232230,977,1012
232231,975,1014
232232,972,1012
232233,971,1016
232234,972,1018
232235,974,1024
232236,975,1024
232237,971,1025
232238,969,1024
232239,966,1028
232240,963,1030
232241,966,1034
232242,967,1033
232243,966,1029
232244,963,1028
232245,960,1030
232246,962,1030
232247,964,1035
232248,962,1036
232249,959,1029
232250,960,1029
232251,958,1029
232252,961,1030
232253,963,1034
232254,965,1033
232255,963,1031
232256,962,1029
232257,961,1027
232258,962,1031
232259,966,1031
232260,969,1029
232261,967,1027
232262,965,1022
232263,960,1022
232264,962,1025
232265,966,1030
232266,967,1029
232267,968,1026
232268,963,1021
232269,960,1026
232270,962,1025
232271,966,1029
232272,967,1027
232273,968,1024
232274,965,1021
232275,962,1023
232276,963,1026
232277,966,1030
232278,967,1027
232279,963,1026
232280,961,1023
232281,961,1027
232282,963,1027
232283,968,1031
232284,970,1030
232285,969,1031
232286,965,1027
232287,962,1031
232288,964,1034
232289,968,1037
232290,969,1036
232291,965,1028
232292,964,1027
232293,964,1026
232294,967,1030
232295,969,1030
232296,973,1026
232297,970,1019
232298,970,1018
232299,969,1017
232300,968,1020
232301,969,1020
232302,968,1023
232303,967,1019
232304,965,1021
232305,964,1021
232306,966,1024
232307,968,1027
232308,971,1029
232309,970,1027
232310,968,1026
232311,969,1024
232312,973,1025
232313,977,1027
232314,978,1021
232315,974,1018
232316,963,1018
232317,961,1019
232318,963,1024
232319,968,1027
232320,968,1026
232321,965,1022
232322,963,1020
232323,960,1022
232324,963,1023
232325,967,1027
232326,965,1026
232327,964,1025
232328,963,1023
232329,960,1025
232330,961,1026
232331,960,1031
232332,960,1029
232333,959,1027
232334,956,1025
232335,955,1026
232336,958,1030
232337,962,1032
232338,963,1031
232339,962,1028
232340,960,1025
232341,957,1028
232342,961,1031
232343,962,1033
232344,962,1034
232345,962,1032
232346,957,1030
232347,960,1031
232348,960,1033
232349,964,1036
232350,967,1035
232351,967,1034
232352,965,1033
232353,963,1031
232354,966,1035
232355,970,1036
232356,972,1039
232357,974,1036
232358,971,1035
232359,968,1036
232360,971,1037
232361,973,1039
232362,976,1035
232363,975,1035
232364,970,1029
232365,968,1028
232366,973,1029
232367,976,1031
232368,983,1026
232369,986,1022
232370,995,1016
232371,1006,1016
232372,1026,1019
232373,1047,1022
232374,1075,1016
232375,1104,1007
232376,1133,996
232377,1167,992
232378,1204,997
232379,1235,1005
232380,1258,1020
232381,1264,1036
232382,1244,1044
232383,1208,1046
232384,1156,1047
232385,1107,1056
232386,1056,1064
232387,1006,1070
232388,965,1070
232389,947,1070
232390,946,1069
232391,953,1063
232392,961,1050
232393,964,1043
232394,964,1036
232395,958,1032
232396,957,1030
232397,958,1031
232398,956,1028
232399,953,1026
232400,948,1026
232401,947,1027
232402,945,1030
232403,950,1031
232404,952,1032
232405,950,1027
232406,947,1027
232407,948,1030
232408,947,1031
232409,951,1037
232410,953,1033
232411,952,1029
232412,948,1028
232413,945,1031
232414,946,1036
232415,949,1039
232416,949,1039
232417,945,1038
232418,943,1034
232419,941,1034
232420,945,1036
232421,947,1038
232422,947,1037
232423,947,1035
232424,942,1030
232425,941,1032
232426,944,1034
232427,945,1039
232428,948,1038
232429,944,1035
232430,941,1034
232431,942,1033
232432,942,1035
232433,945,1035
232434,946,1035
232435,942,1034
232436,941,1030
232437,942,1029
232438,943,1031
232439,946,1031
232440,948,1033
232441,947,1028
232442,946,1025
232443,943,1022
232444,945,1027
232445,948,1029
232446,951,1029
232447,952,1025
232448,953,1025
232449,953,1022
232450,957,1022
232451,961,1018
232452,961,1012
232453,962,1007
232454,962,1005
232455,963,1004
232456,961,1005
232457,966,1006
232458,969,1003
232459,971,1000
232460,971,1002
232461,970,1003
232462,974,1002
232463,978,1005
232464,979,1000
232465,977,1001
232466,977,999
232467,974,997
232468,977,1000
232469,979,1002
232470,978,1003
232471,978,998
232472,975,997
232473,974,997
232474,976,1000
232475,978,1003
232476,978,1002
232477,980,998
232478,974,999
232479,976,998
232480,976,1004
232481,982,1008
232482,982,1005
232483,982,1005
232484,977,1007
232485,976,1009
232486,978,1016
232487,978,1018
232488,981,1017
232489,978,1017
232490,974,1017
232491,970,1021
232492,973,1026
232493,975,1029
232494,975,1032
232495,971,1032
232496,965,1032
232497,963,1034
232498,966,1036
232499,963,1042
232500,965,1039
232501,965,1038
232502,960,1036
232503,958,1036
232504,960,1039
232505,962,1044
232506,960,1041
232507,957,1040
232508,953,1038
232509,951,1042
232510,954,1041
232511,957,1044
232512,959,1043
232513,958,1045
232514,955,1041
232515,954,1044
232516,957,1045
232517,958,1049
232518,960,1046
232519,960,1039
232520,956,1036
232521,955,1039
232522,957,1042
232523,962,1045
232524,962,1042
232525,960,1039
232526,958,1035
232527,956,1039
232528,960,1040
232529,962,1044
232530,962,1041
232531,958,1038
232532,955,1034
232533,954,1035
232534,959,1038
232535,960,1042
232536,961,1039
232537,957,1037
232538,953,1035
232539,952,1036
232540,954,1039
232541,957,1039
232542,959,1040
232543,960,1037
232544,957,1035
232545,957,1035
232546,960,1038
232547,966,1042
232548,965,1039
232549,962,1039
232550,961,1036
232551,960,1040
232552,962,1042
232553,966,1044
232554,967,1042
232555,968,1035
232556,966,1029
232557,962,1030
232558,965,1031
232559,967,1032
232560,971,1029
232561,971,1028
232562,965,1029
232563,964,1030
232564,965,1034
232565,969,1037
232566,968,1033
232567,966,1032
232568,962,1032
232569,965,1032
232570,963,1034
232571,967,1037
232572,968,1036
232573,967,1036
232574,965,1038
232575,963,1035
232576,964,1037
232577,968,1039
232578,970,1036
232579,966,1036
232580,962,1032
232581,962,1033
232582,962,1036
232583,965,1036
232584,965,1037
232585,962,1036
232586,961,1032
232587,958,1032
232588,961,1037
232589,960,1039
232590,961,1038
232591,959,1034
232592,954,1036
232593,954,1037
232594,956,1039
232595,958,1041
232596,962,1040
232597,959,1039
232598,954,1034
232599,957,1038
232600,957,1039
232601,962,1045
232602,960,1044
232603,961,1042
232604,957,1042
232605,960,1045
232606,962,1047
232607,964,1044
232608,965,1039
232609,963,1036
232610,963,1034
232611,959,1034
232612,961,1038
232613,963,1039
232614,966,1038
232615,967,1034
232616,962,1035
232617,963,1035
232618,967,1037
232619,967,1040
232620,969,1039
232621,967,1039
232622,966,1038
232623,966,1038
232624,968,1040
232625,971,1042
232626,972,1043
232627,972,1040
232628,967,1038
232629,967,1042
232630,967,1043
232631,966,1048
232632,967,1047
232633,967,1044
232634,967,1042
232635,966,1046
232636,966,1045
232637,970,1045
232638,972,1045
232639,969,1041
232640,965,1039
232641,962,1038
232642,965,1042
232643,969,1044
232644,968,1043
232645,966,1039
232646,965,1037
232647,959,1039
232648,962,1039
232649,964,1042
232650,965,1040
232651,962,1036
232652,961,1034
232653,960,1035
232654,964,1037
232655,969,1039
232656,971,1034
232657,971,1033
232658,967,1029
232659,968,1032
232660,969,1036
232661,969,1035
232662,971,1035
232663,968,1036
232664,970,1034
232665,967,1036
232666,972,1040
232667,974,1042
232668,974,1043
232669,974,1039
232670,971,1037
232671,971,1038
232672,972,1040
232673,976,1044
232674,979,1044
232675,977,1041
232676,974,1039
232677,972,1041
232678,973,1044
232679,980,1049
232680,979,1044
232681,978,1042
232682,974,1039
232683,973,1044
232684,975,1045
232685,978,1048
232686,978,1045
232687,979,1046
232688,975,1046
232689,969,1045
232690,971,1048
232691,975,1050
232692,975,1049
232693,972,1045
232694,972,1040
232695,967,1039
232696,970,1040
232697,974,1042
232698,974,1036
232699,975,1031
232700,974,1032
232701,974,1032
232702,975,1036
232703,976,1038
232704,978,1036
232705,975,1038
232706,973,1033
232707,970,1034
232708,973,1037
232709,973,1039
232710,976,1038
232711,975,1035
232712,974,1034
232713,974,1037
232714,976,1039
232715,982,1041
232716,983,1039
232717,984,1038
232718,980,1037
232719,981,1036
232720,985,1039
232721,989,1041
232722,992,1042
232723,994,1036
232724,996,1030
232725,1003,1031
232726,1018,1031
232727,1034,1035
232728,1055,1030
232729,1072,1025
232730,1095,1021
232731,1123,1019
232732,1154,1015
232733,1193,1010
232734,1226,1003
232735,1256,999
232736,1280,1000
232737,1295,1017
232738,1298,1035
232739,1280,1047
232740,1240,1052
232741,1188,1051
232742,1133,1049
232743,1084,1054
232744,1040,1056
232745,1009,1059
232746,986,1054
232747,981,1048
232748,982,1042
232749,988,1037
232750,989,1032
232751,987,1032
232752,982,1033
232753,976,1030
232754,971,1028
232755,969,1030
232756,965,1033
232757,966,1036
232758,967,1035
232759,965,1034
232760,961,1032
232761,958,1035
232762,960,1036
232763,960,1040
232764,962,1037
232765,958,1038
232766,958,1035
232767,956,1036
232768,956,1039
232769,960,1041
232770,960,1041
232771,958,1040
232772,958,1037
232773,956,1040
232774,959,1045
232775,964,1047
232776,963,1046
232777,961,1046
232778,957,1041
232779,957,1042
232780,957,1045
232781,961,1046
232782,961,1046
232783,960,1045
232784,958,1040
232785,959,1042
232786,961,1042
232787,962,1046
232788,963,1046
232789,962,1043
232790,961,1040
232791,961,1041
232792,965,1041
232793,967,1044
232794,968,1041
232795,968,1037
232796,964,1035
232797,964,1035
232798,966,1037
232799,968,1038
232800,973,1035
232801,971,1029
232802,968,1024
232803,968,1025
232804,970,1026
232805,975,1028
232806,975,1026
232807,975,1024
232808,972,1020
232809,970,1020
232810,975,1024
232811,980,1026
232812,980,1023
232813,979,1020
232814,979,1017
232815,980,1020
232816,982,1018
232817,988,1024
232818,987,1020
232819,987,1017
232820,985,1014
232821,986,1017
232822,990,1016
232823,997,1018
232824,998,1018
232825,998,1013
232826,998,1008
232827,999,1012
232828,1001,1014
232829,1002,1016
232830,1004,1014
232831,1006,1009
232832,1001,1011
232833,1001,1014
232834,1005,1014
232835,1011,1018
232836,1013,1018
232837,1013,1016
232838,1009,1013
232839,1006,1014
232840,1009,1015
232841,1010,1016
232842,1012,1017
232843,1012,1013
232844,1011,1015
232845,1009,1017
232846,1010,1019
232847,1009,1025
232848,1010,1025
232849,1007,1023
232850,1002,1024
232851,1003,1025
232852,1004,1030
232853,1006,1035
232854,1006,1033
232855,1000,1031
232856,998,1032
232857,995,1031
232858,997,1034
232859,997,1038
232860,994,1039
232861,991,1034
232862,986,1035
232863,986,1037
232864,989,1040
232865,989,1043
232866,989,1043
232867,985,1042
232868,982,1039
232869,981,1040
232870,981,1043
232871,986,1046
232872,985,1046
232873,981,1042
232874,979,1040
232875,979,1040
232876,982,1042
232877,983,1046
232878,983,1045
232879,983,1042
232880,978,1038
232881,978,1040
232882,978,1042
232883,982,1045
232884,982,1045
232885,984,1044
232886,984,1042
232887,981,1043
232888,980,1045
232889,985,1046
232890,985,1043
232891,986,1040
232892,982,1038
232893,980,1038
232894,984,1040
232895,987,1040
232896,987,1038
232897,986,1036
232898,983,1036
232899,982,1036
232900,983,1038
232901,986,1037
232902,987,1038
232903,988,1035
232904,987,1033
232905,986,1033
232906,987,1036
232907,989,1038
232908,991,1034
232909,988,1035
232910,986,1031
232911,984,1032
232912,984,1034
232913,988,1035
232914,992,1036
232915,991,1036
232916,987,1031
232917,987,1033
232918,989,1035
232919,992,1037
232920,990,1036
232921,988,1035
232922,983,1032
232923,985,1033
232924,989,1034
232925,990,1038
232926,992,1038
232927,989,1037
232928,988,1033
232929,987,1037
232930,988,1038
232931,990,1038
232932,992,1037
232933,988,1036
232934,986,1032
232935,983,1035
232936,984,1037
232937,988,1041
232938,986,1039
232939,987,1039
232940,985,1036
232941,984,1037
232942,986,1040
232943,987,1041
232944,989,1038
232945,986,1034
232946,980,1030
232947,980,1033
232948,983,1036
232949,986,1038
232950,989,1036
232951,986,1031
232952,985,1030
232953,983,1030
232954,985,1034
232955,990,1036
232956,994,1033
232957,991,1030
232958,987,1029
232959,988,1028
232960,991,1027
232961,997,1029
232962,1010,1027
232963,1023,1023
232964,1034,1019
232965,1050,1020
232966,1076,1020
232967,1111,1017
232968,1149,1009
232969,1184,1001
232970,1220,997
232971,1257,999
232972,1288,1012
232973,1302,1034
232974,1300,1049
232975,1271,1049
232976,1224,1047
232977,1171,1048
232978,1113,1057
232979,1057,1071
232980,1009,1077
232981,971,1080
232982,959,1074
232983,961,1070
232984,973,1059
232985,982,1049
232986,984,1040
232987,981,1033
232988,973,1030
232989,970,1032
232990,968,1038
232991,969,1043
232992,968,1039
232993,966,1040
232994,962,1037
232995,961,1038
232996,962,1037
232997,963,1038
232998,965,1038
232999,962,1034
233000,958,1034
233001,956,1033
233002,959,1036
233003,958,1037
233004,959,1037
233005,955,1032
233006,952,1031
233007,951,1032
233008,953,1035
233009,955,1035
233010,957,1032
233011,956,1030
233012,952,1029
233013,953,1029
233014,956,1029
233015,960,1035
233016,962,1033
233017,962,1030
233018,958,1026
233019,960,1027
233020,963,1031
233021,964,1032
233022,963,1033
233023,960,1029
233024,956,1026
233025,957,1031
233026,961,1031
233027,964,1030
233028,965,1031
233029,962,1025
233030,963,1025
233031,963,1026
233032,965,1029
233033,966,1029
233034,967,1029
233035,965,1024
233036,963,1021
233037,965,1019
233038,965,1021
233039,968,1020
233040,973,1019
233041,972,1014
233042,970,1010
233043,970,1011
233044,973,1013
233045,977,1013
233046,978,1010
233047,979,1008
233048,979,1004
233049,979,1003
233050,981,1005
233051,983,1006
233052,987,1000
233053,986,994
233054,987,989
233055,988,990
233056,993,992
233057,996,994
233058,995,991
233059,992,986
233060,991,986
233061,995,984
233062,996,986
233063,999,989
233064,997,986
233065,998,981
233066,995,981
233067,996,984
233068,999,985
233069,1001,990
233070,1001,989
233071,1000,985
233072,997,987
233073,1000,989
233074,998,992
233075,1000,996
233076,1001,1001
233077,1000,1000
233078,997,1001
233079,993,1004
233080,992,1009
233081,992,1011
233082,992,1012
233083,989,1015
233084,986,1016
233085,983,1020
233086,982,1025
233087,983,1031
233088,981,1031
233089,979,1033
233090,974,1031
233091,972,1036
233092,977,1042
233093,977,1042
233094,976,1042
233095,976,1045
233096,975,1041
233097,972,1039
233098,975,1039
233099,976,1044
233100,976,1044
233101,972,1040
233102,966,1038
233103,966,1040
233104,968,1042
233105,971,1046
233106,973,1044
233107,970,1041
233108,965,1039
233109,967,1038
233110,965,1041
233111,969,1046
233112,968,1040
233113,966,1042
233114,967,1039
233115,969,1042
233116,969,1041
233117,971,1041
233118,971,1038
233119,971,1036
233120,965,1032
233121,969,1033
233122,968,1035
233123,973,1036
233124,975,1033
233125,973,1031
233126,973,1028
233127,971,1027
233128,973,1029
233129,974,1030
233130,976,1029
233131,974,1027
233132,972,1026
233133,970,1026
233134,970,1028
233135,975,1033
233136,978,1031
233137,976,1030
233138,974,1029
233139,972,1033
233140,972,1033
233141,975,1037
233142,978,1037
233143,976,1033
233144,974,1033
233145,974,1035
233146,977,1035
233147,978,1039
233148,978,1037
233149,973,1036
233150,970,1035
233151,972,1037
233152,973,1042
233153,977,1042
233154,972,1043
233155,972,1039
233156,969,1039
233157,967,1042
233158,970,1043
233159,970,1045
233160,971,1044
233161,969,1040
233162,966,1039
233163,965,1039
233164,968,1041
233165,969,1040
233166,970,1039
233167,969,1038
233168,968,1034
233169,966,1034
233170,969,1039
233171,973,1041
233172,974,1038
233173,972,1037
233174,967,1036
233175,970,1037
233176,972,1042
233177,974,1043
233178,968,1041
233179,972,1037
233180,968,1038
233181,969,1038
233182,968,1042
233183,972,1044
233184,973,1042
233185,973,1041
233186,969,1038
233187,968,1039
233188,972,1041
233189,974,1043
233190,973,1044
233191,970,1040
233192,969,1040
233193,969,1038
233194,974,1042
233195,979,1044
233196,981,1041
233197,981,1039
233198,979,1033
233199,977,1029
233200,981,1031
233201,991,1027
233202,1002,1024
233203,1010,1022
233204,1025,1019
233205,1044,1021
233206,1074,1021
233207,1114,1018
233208,1151,1004
233209,1193,995
233210,1229,993
233211,1259,1002
233212,1283,1021
233213,1288,1038
233214,1267,1047
233215,1218,1047
233216,1156,1047
233217,1089,1053
233218,1030,1069
233219,981,1078
233220,954,1080
233221,945,1073
233222,950,1063
233223,959,1053
233224,966,1046
233225,970,1044
233226,968,1038
233227,965,1032
233228,956,1033
233229,955,1036
233230,956,1039
233231,959,1042
233232,958,1040
233233,959,1035
233234,954,1033
233235,955,1035
233236,959,1039
233237,959,1041
233238,959,1038
233239,960,1036
233240,956,1036
233241,958,1035
233242,958,1042
233243,960,1042
233244,960,1042
233245,957,1040
233246,949,1037
233247,949,1038
233248,951,1040
233249,955,1038
233250,955,1036
233251,955,1034
233252,951,1031
233253,952,1033
233254,952,1034
233255,956,1040
233256,958,1038
233257,954,1034
233258,954,1033
233259,953,1034
233260,955,1035
233261,959,1036
233262,958,1033
233263,958,1030
233264,957,1030
233265,956,1031
233266,956,1033
233267,961,1033
233268,960,1029
233269,957,1025
233270,954,1025
233271,954,1025
233272,956,1027
233273,959,1027
233274,960,1024
233275,960,1021
233276,956,1019
233277,957,1022
233278,962,1024
233279,963,1026
233280,966,1019
233281,966,1015
233282,964,1011
233283,965,1010
233284,967,1010
233285,974,1011
233286,975,1008
233287,974,1003
233288,973,1000
233289,974,1002
233290,980,1003
233291,984,1005
233292,985,1001
233293,985,996
233294,979,993
233295,979,994
233296,985,996
233297,988,997
233298,989,996
233299,988,993
233300,988,991
233301,990,991
233302,996,992
233303,999,996
233304,1000,995
233305,999,993
233306,996,991
233307,998,995
233308,1000,998
233309,1002,1004
233310,1000,1002
233311,997,1003
233312,996,1003
233313,994,1007
233314,993,1012
233315,993,1017
233316,992,1016
233317,992,1017
233318,985,1022
233319,985,1025
233320,988,1031
233321,987,1035
233322,985,1037
233323,984,1032
233324,980,1032
233325,978,1032
233326,978,1035
233327,978,1039
233328,978,1039
233329,977,1033
233330,976,1032
233331,975,1037
233332,976,1040
233333,979,1043
233334,976,1043
233335,976,1041
233336,975,1041
233337,978,1041
233338,982,1043
233339,983,1045
233340,984,1043
233341,984,1039
233342,981,1039
233343,982,1041
233344,984,1041
233345,988,1043
233346,986,1040
233347,983,1038
233348,982,1036
233349,986,1038
233350,985,1039
233351,988,1042
233352,989,1042
233353,989,1036
233354,988,1035
233355,992,1038
233356,999,1040
233357,1006,1041
233358,1010,1041
233359,1011,1040
233360,1011,1044
233361,1015,1058
233362,1024,1061
233363,1040,1062
233364,1055,1047
233365,1068,1030
233366,1079,1007
233367,1094,987
233368,1118,964
233369,1139,948
233370,1155,930
233371,1173,909
233372,1192,885
233373,1214,861
233374,1231,844
233375,1247,831
233376,1255,818
233377,1260,807
233378,1261,803
233379,1261,803
233380,1261,807
233381,1259,811
233382,1250,807
233383,1239,805
233384,1221,804
233385,1203,808
233386,1187,817
233387,1171,826
233388,1152,833
233389,1127,842
233390,1106,852
233391,1090,865
233392,1083,884
233393,1080,903
233394,1078,916
233395,1071,926
233396,1061,937
233397,1058,947
233398,1068,960
233399,1085,973
233400,1099,980
233401,1110,984
233402,1105,986
233403,1082,995
233404,1043,1007
233405,1000,1018
233406,964,1028
233407,939,1041
233408,929,1054
233409,923,1067
233410,918,1076
233411,920,1081
233412,916,1082
233413,910,1082
233414,905,1084
233415,901,1087
233416,902,1091
233417,901,1096
233418,899,1098
233419,897,1097
233420,892,1098
233421,890,1101
233422,889,1104
233423,892,1108
233424,890,1109
233425,886,1106
233426,881,1106
233427,879,1111
233428,878,1117
233429,883,1121
233430,885,1120
233431,881,1121
233432,878,1123
233433,874,1127
233434,877,1135
233435,876,1141
233436,877,1144
233437,872,1145
233438,870,1146
233439,868,1152
233440,871,1158
233441,872,1162
233442,872,1163
233443,871,1160
233444,866,1160
233445,863,1167
233446,863,1173
233447,866,1176
233448,863,1180
233449,865,1179
233450,861,1182
233451,862,1182
233452,866,1186
233453,869,1190
233454,869,1190
233455,868,1191
233456,866,1190
233457,869,1193
233458,870,1193
233459,876,1195
233460,877,1194
233461,881,1188
233462,882,1186
233463,883,1184
233464,889,1182
233465,895,1183
233466,900,1178
233467,903,1174
233468,904,1170
233469,909,1166
233470,917,1164
233471,922,1161
233472,925,1155
233473,927,1145
233474,926,1139
233475,933,1137
233476,938,1135
233477,942,1134
233478,946,1125
233479,947,1117
233480,946,1109
233481,947,1107
233482,952,1106
233483,957,1104
233484,959,1091
233485,956,1082
233486,951,1076
233487,955,1073
233488,957,1074
233489,962,1075
233490,962,1069
233491,959,1062
233492,955,1060
233493,954,1057
233494,955,1056
233495,958,1055
233496,961,1052
233497,959,1049
233498,957,1047
233499,956,1047
233500,960,1049
233501,961,1049
233502,963,1047
233503,956,1042
233504,957,1040
233505,960,1041
233506,964,1043
233507,967,1043
233508,966,1044
233509,964,1041
233510,959,1040
233511,958,1041
233512,961,1042
233513,963,1046
233514,963,1044
233515,962,1042
233516,963,1041
233517,964,1040
233518,966,1041
233519,970,1044
233520,970,1040
233521,966,1040
233522,963,1034
233523,964,1037
233524,966,1038
233525,969,1040
233526,970,1038
233527,970,1035
233528,968,1033
233529,967,1037
233530,969,1040
233531,972,1041
233532,971,1038
233533,968,1034
233534,963,1036
233535,966,1037
233536,970,1038
233537,975,1038
233538,976,1038
233539,974,1036
233540,970,1035
233541,968,1035
233542,971,1038
233543,972,1039
233544,974,1038
233545,971,1036
233546,971,1033
233547,969,1035
233548,971,1037
233549,973,1038
233550,973,1037
233551,969,1034
233552,965,1033
233553,966,1034
233554,973,1040
233555,975,1040
233556,977,1036
233557,973,1033
233558,973,1032
233559,971,1038
233560,973,1039
233561,977,1039
233562,973,1039
233563,972,1038
233564,970,1035
233565,972,1038
233566,973,1041
233567,976,1042
233568,973,1040
233569,970,1038
233570,968,1037
233571,969,1041
233572,970,1045
233573,975,1046
233574,974,1040
233575,974,1034
233576,972,1031
233577,968,1033
233578,970,1034
233579,973,1033
233580,970,1032
233581,968,1030
233582,964,1029
233583,962,1034
233584,968,1037
233585,968,1041
233586,970,1038
233587,967,1037
233588,964,1034
233589,966,1035
233590,967,1038
233591,973,1039
233592,971,1037
233593,970,1033
233594,968,1035
233595,968,1035
233596,971,1038
233597,973,1038
233598,968,1036
233599,963,1037
233600,959,1034
233601,967,1039
233602,971,1039
233603,974,1041
233604,971,1042
233605,969,1038
233606,966,1035
233607,969,1036
233608,971,1039
233609,973,1041
233610,974,1042
233611,975,1035
233612,973,1032
233613,971,1036
233614,975,1038
233615,979,1040
233616,982,1038
233617,978,1035
233618,974,1031
233619,972,1035
233620,973,1039
233621,975,1042
233622,979,1039
233623,977,1034
233624,975,1032
233625,974,1037
233626,973,1039
233627,977,1039
233628,973,1038
233629,972,1033
233630,967,1028
233631,971,1028
233632,971,1031
233633,975,1030
233634,976,1029
233635,973,1025
233636,968,1027
233637,965,1032
233638,968,1034
233639,973,1035
233640,976,1031
233641,975,1027
233642,971,1026
233643,972,1028
233644,974,1032
233645,978,1035
233646,980,1034
233647,979,1030
233648,980,1028
233649,978,1029
233650,979,1033
233651,982,1037
233652,984,1036
233653,981,1031
233654,982,1028
233655,986,1028
233656,992,1028
233657,1003,1025
233658,1013,1022
233659,1026,1017
233660,1038,1017
233661,1062,1015
233662,1095,1013
233663,1134,1007
233664,1170,996
233665,1206,991
233666,1240,995
233667,1266,1010
233668,1282,1031
233669,1276,1050
233670,1238,1054
233671,1182,1051
233672,1123,1053
233673,1063,1063
233674,1003,1074
233675,970,1079
233676,956,1074
233677,959,1067
233678,967,1052
233679,975,1044
233680,977,1038
233681,974,1035
233682,974,1033
233683,969,1026
233684,966,1028
233685,966,1027
233686,966,1032
233687,965,1032
233688,963,1027
233689,960,1028
233690,957,1029
233691,960,1033
233692,961,1037
233693,963,1035
233694,962,1032
233695,960,1028
233696,955,1028
233697,958,1030
233698,958,1036
233699,961,1037
233700,960,1034
233701,960,1033
233702,954,1033
233703,950,1033
233704,953,1038
233705,959,1039
233706,961,1038
233707,960,1036
233708,956,1033
233709,953,1035
233710,952,1037
233711,956,1041
233712,954,1042
233713,952,1036
233714,950,1034
233715,949,1035
233716,953,1034
233717,958,1036
233718,959,1030
233719,956,1026
233720,950,1023
233721,952,1025
233722,955,1028
233723,957,1028
233724,958,1028
233725,957,1023
233726,954,1021
233727,955,1025
233728,957,1024
233729,964,1023
233730,963,1020
233731,959,1012
233732,955,1012
233733,958,1017
233734,960,1020
233735,964,1018
233736,963,1014
233737,962,1012
233738,964,1007
233739,968,1008
233740,973,1011
233741,974,1010
233742,977,1007
233743,976,1002
233744,973,1002
233745,973,1000
233746,980,1005
233747,985,1003
233748,985,1001
233749,983,999
233750,980,996
233751,981,996
233752,986,998
233753,991,1001
233754,992,994
233755,990,994
233756,991,994
233757,994,996
233758,999,997
233759,1005,996
233760,1006,994
233761,1000,991
233762,997,992
233763,1000,993
233764,1006,997
233765,1009,996
233766,1008,994
233767,1006,992
233768,1004,994
233769,1004,996
233770,1008,1000
233771,1008,1004
233772,1007,1004
233773,1003,1002
233774,999,1003
233775,998,1009
233776,1000,1013
233777,1002,1016
233778,1001,1016
233779,1000,1014
233780,994,1015
233781,991,1018
233782,990,1022
233783,992,1027
233784,989,1027
233785,984,1023
233786,979,1027
233787,979,1031
233788,980,1034
233789,982,1034
233790,980,1032
233791,976,1030
233792,971,1028
233793,972,1034
233794,975,1038
233795,977,1035
233796,976,1036
233797,974,1033
233798,971,1032
233799,975,1037
233800,979,1038
233801,982,1039
233802,977,1036
233803,974,1034
233804,973,1037
233805,970,1041
233806,975,1044
233807,975,1043
233808,981,1040
233809,979,1037
233810,977,1037
233811,977,1037
233812,977,1040
233813,976,1038
233814,979,1037
233815,976,1033
233816,973,1033
233817,972,1033
233818,972,1035
233819,977,1038
233820,977,1033
233821,974,1031
233822,971,1030
233823,971,1030
233824,973,1030
233825,978,1032
233826,978,1026
233827,976,1025
233828,970,1022
233829,969,1027
233830,973,1028
233831,976,1031
233832,974,1024
233833,973,1024
233834,969,1024
233835,969,1025
233836,974,1030
233837,979,1034
233838,977,1029
233839,971,1025
233840,968,1021
233841,969,1025
233842,976,1030
233843,981,1030
233844,978,1031
233845,981,1028
233846,977,1031
233847,977,1032
233848,978,1036
233849,976,1037
233850,977,1036
233851,974,1032
233852,971,1034
233853,969,1035
233854,971,1039
233855,974,1040
233856,974,1042
233857,971,1037
233858,970,1038
233859,967,1038
233860,972,1040
233861,971,1038
233862,970,1037
233863,967,1038
233864,964,1039
233865,966,1044
233866,968,1041
233867,970,1041
233868,971,1036
233869,964,1031
233870,961,1030
233871,963,1030
233872,966,1034
233873,972,1037
233874,972,1033
233875,969,1029
233876,965,1026
233877,967,1025
233878,973,1026
233879,978,1022
233880,979,1016
233881,983,1011
233882,991,1010
233883,999,1009
233884,1016,1013
233885,1037,1016
233886,1060,1012
233887,1091,1007
233888,1119,999
233889,1158,998
233890,1202,1001
233891,1238,1010
233892,1266,1026
233893,1271,1042
233894,1256,1053
233895,1222,1055
233896,1176,1055
233897,1125,1059
233898,1071,1069
233899,1015,1080
233900,965,1089
233901,934,1100
233902,931,1104
233903,944,1095
233904,952,1079
233905,957,1063
233906,953,1050
233907,957,1044
233908,959,1042
233909,961,1042
233910,954,1038
233911,949,1033
233912,945,1033
233913,944,1037
233914,947,1038
233915,952,1040
233916,950,1034
233917,947,1033
233918,943,1029
233919,940,1031
233920,946,1032
233921,947,1034
233922,948,1035
233923,947,1034
233924,943,1032
233925,942,1031
233926,943,1028
233927,947,1029
233928,945,1026
233929,947,1024
233930,943,1022
233931,940,1025
233932,940,1027
233933,943,1029
233934,944,1026
233935,944,1027
233936,940,1026
233937,940,1033
233938,943,1036
233939,946,1034
233940,945,1030
233941,941,1031
233942,942,1030
233943,943,1032
233944,947,1032
233945,950,1033
233946,950,1036
233947,947,1032
233948,946,1030
233949,946,1031
233950,948,1032
233951,954,1029
233952,954,1026
233953,954,1022
233954,951,1018
233955,948,1020
233956,952,1022
233957,955,1021
233958,953,1016
233959,951,1014
233960,951,1009
233961,950,1011
233962,955,1010
233963,958,1010
233964,960,1008
233965,956,1001
233966,957,1001
233967,957,1001
233968,964,1003
233969,965,1000
233970,965,996
233971,967,988
233972,965,985
233973,962,984
233974,966,985
233975,968,986
233976,971,985
233977,972,980
233978,972,978
233979,972,979
233980,973,982
233981,974,983
233982,973,982
233983,974,977
233984,972,976
233985,972,976
233986,974,981
233987,978,984
233988,979,985
233989,980,986
233990,981,985
233991,982,991
233992,982,999
233993,984,1002
233994,984,1002
233995,984,1004
233996,981,1002
233997,979,1009
233998,979,1013
233999,980,1018
234000,978,1018
234001,979,1015
234002,974,1017
234003,972,1018
234004,973,1024
234005,974,1028
234006,970,1031
234007,967,1030
234008,970,1031
234009,969,1034
234010,970,1039
234011,973,1042
234012,971,1041
234013,970,1038
234014,966,1038
234015,966,1041
234016,965,1040
234017,968,1044
234018,967,1042
234019,965,1042
234020,964,1039
234021,964,1040
234022,967,1042
234023,966,1041
234024,965,1042
234025,963,1041
234026,959,1039
234027,962,1041
234028,967,1040
234029,971,1039
234030,968,1039
234031,967,1035
234032,964,1032
234033,964,1033
234034,961,1035
234035,961,1035
234036,960,1035
234037,960,1033
234038,960,1032
234039,966,1036
234040,970,1036
234041,968,1035
234042,968,1036
234043,967,1033
234044,967,1035
234045,969,1037
234046,968,1040
234047,973,1043
234048,972,1042
234049,970,1039
234050,969,1036
234051,971,1037
234052,973,1039
234053,975,1043
234054,974,1040
234055,968,1038
234056,967,1035
234057,968,1036
234058,970,1040
234059,976,1038
234060,973,1036
234061,971,1031
234062,967,1032
234063,966,1033
234064,972,1036
234065,976,1036
234066,973,1034
234067,972,1033
234068,972,1028
234069,969,1034
234070,974,1037
234071,977,1039
234072,974,1037
234073,970,1033
234074,968,1033
234075,967,1034
234076,971,1038
234077,974,1040
234078,974,1038
234079,973,1035
234080,973,1036
234081,973,1036
234082,974,1039
234083,975,1040
234084,974,1040
234085,967,1038
234086,965,1040
234087,964,1039
234088,966,1043
234089,973,1044
234090,974,1041
234091,971,1039
234092,971,1036
234093,969,1038
234094,972,1039
234095,975,1041
234096,972,1037
234097,970,1037
234098,969,1037
234099,973,1041
234100,975,1044
234101,976,1046
234102,975,1044
234103,972,1042
234104,969,1039
234105,969,1042
234106,973,1044
234107,975,1045
234108,973,1045
234109,970,1041
234110,967,1041
234111,967,1037
234112,970,1040
234113,975,1040
234114,972,1039
234115,971,1036
234116,968,1035
234117,969,1033
234118,970,1040
234119,976,1039
234120,977,1035
234121,979,1027
234122,985,1023
234123,992,1025
234124,1006,1027
234125,1023,1027
234126,1043,1025
234127,1069,1022
234128,1099,1015
234129,1135,1008
234130,1177,1007
234131,1216,1005
234132,1248,1013
234133,1271,1029
234134,1275,1047
234135,1258,1057
234136,1220,1061
234137,1169,1061
234138,1109,1067
234139,1046,1076
234140,989,1084
234141,951,1093
234142,936,1098
234143,947,1091
234144,956,1074
234145,963,1060
234146,964,1050
234147,968,1048
234148,967,1045
234149,971,1043
234150,965,1036
234151,961,1035
234152,957,1033
234153,954,1035
234154,959,1037
234155,960,1035
234156,959,1033
234157,959,1031
234158,957,1034
234159,955,1035
234160,954,1038
234161,954,1037
234162,955,1035
234163,953,1030
234164,950,1032
234165,948,1035
234166,951,1035
234167,951,1038
234168,952,1037
234169,949,1034
234170,947,1035
234171,944,1038
234172,947,1043
234173,948,1041
234174,950,1040
234175,950,1035
234176,947,1035
234177,949,1039
234178,950,1041
234179,957,1040
234180,956,1035
234181,952,1035
234182,950,1034
234183,947,1037
234184,951,1037
234185,954,1038
234186,954,1037
234187,952,1035
234188,951,1034
234189,950,1034
234190,953,1036
234191,957,1035
234192,957,1034
234193,956,1033
234194,958,1028
234195,958,1028
234196,961,1032
234197,965,1031
234198,964,1028
234199,963,1023
234200,960,1021
234201,963,1022
234202,966,1021
234203,967,1022
234204,967,1016
234205,967,1015
234206,965,1012
234207,964,1013
234208,968,1012
234209,970,1005
234210,970,1004
234211,965,1000
234212,964,995
234213,969,997
234214,975,998
234215,982,1000
234216,979,997
234217,974,994
234218,976,993
234219,978,995
234220,983,998
234221,985,997
234222,987,993
234223,986,991
234224,984,990
234225,987,994
234226,988,996
234227,991,995
234228,994,997
234229,994,994
234230,990,994
234231,991,998
234232,995,999
234233,998,1002
234234,999,1004
234235,998,1004
234236,998,1004
234237,996,1007
234238,997,1016
234239,998,1015
234240,997,1017
234241,994,1019
234242,993,1020
234243,988,1024
234244,988,1027
234245,994,1032
234246,991,1031
234247,989,1030
234248,985,1032
234249,984,1035
234250,986,1034
234251,985,1037
234252,982,1037
234253,977,1035
234254,972,1038
234255,973,1042
234256,976,1046
234257,978,1047
234258,976,1045
234259,972,1047
234260,970,1047
234261,970,1051
234262,972,1055
234263,976,1052
234264,975,1051
234265,975,1044
234266,971,1041
234267,972,1042
234268,973,1043
234269,977,1043
234270,981,1040
234271,976,1037
234272,976,1037
234273,976,1038
234274,981,1038
234275,985,1038
234276,985,1036
234277,984,1034
234278,982,1031
234279,982,1033
234280,985,1037
234281,989,1042
234282,993,1036
234283,995,1036
234284,995,1033
234285,1001,1035
234286,1007,1039
234287,1014,1038
234288,1017,1042
234289,1021,1042
234290,1025,1043
234291,1032,1043
234292,1046,1040
234293,1062,1030
234294,1073,1011
234295,1080,992
234296,1091,980
234297,1105,972
234298,1127,960
234299,1146,947
234300,1160,930
234301,1174,908
234302,1186,884
234303,1202,862
234304,1221,844
234305,1236,830
234306,1245,817
234307,1248,808
234308,1247,804
234309,1244,805
234310,1242,806
234311,1244,806
234312,1240,803
234313,1230,797
234314,1217,799
234315,1202,804
234316,1188,811
234317,1175,819
234318,1158,826
234319,1139,830
234320,1119,840
234321,1101,852
234322,1087,863
234323,1079,872
234324,1071,879
234325,1063,888
234326,1059,901
234327,1056,918
234328,1059,927
234329,1058,938
234330,1055,942
234331,1054,946
234332,1061,954
234333,1072,967
234334,1085,978
234335,1100,984
234336,1108,987
234337,1102,989
234338,1081,993
234339,1047,1003
234340,1016,1014
234341,991,1024
234342,966,1032
234343,951,1043
234344,938,1054
234345,934,1067
234346,932,1079
234347,929,1083
234348,925,1083
234349,913,1083
234350,913,1087
234351,909,1092
234352,908,1096
234353,909,1100
234354,905,1102
234355,900,1098
234356,893,1100
234357,891,1103
234358,893,1110
234359,895,1111
234360,894,1110
234361,889,1110
234362,884,1108
234363,880,1115
234364,883,1118
234365,885,1120
234366,884,1122
234367,882,1123
234368,878,1123
234369,875,1130
234370,877,1134
234371,880,1133
234372,877,1137
234373,875,1136
234374,872,1140
234375,870,1146
234376,872,1150
234377,873,1153
234378,871,1155
234379,867,1156
234380,864,1154
234381,862,1160
234382,864,1166
234383,865,1170
234384,864,1168
234385,862,1170
234386,859,1170
234387,861,1176
234388,865,1177
234389,870,1185
234390,871,1184
234391,870,1183
234392,872,1184
234393,873,1189
234394,877,1189
234395,882,1192
234396,882,1193
234397,881,1190
234398,880,1189
234399,882,1192
234400,890,1194
234401,890,1191
234402,893,1189
234403,893,1183
234404,896,1183
234405,903,1180
234406,906,1181
234407,912,1178
234408,913,1171
234409,914,1165
234410,915,1160
234411,917,1156
234412,923,1155
234413,933,1149
234414,934,1146
234415,935,1137
234416,936,1129
234417,938,1125
234418,944,1126
234419,948,1121
234420,946,1114
234421,949,1108
234422,947,1103
234423,947,1101
234424,950,1099
234425,954,1098
234426,956,1092
234427,953,1083
234428,952,1079
234429,949,1077
234430,952,1077
234431,955,1074
234432,955,1068
234433,952,1066
234434,951,1060
234435,949,1060
234436,951,1060
234437,954,1059
234438,951,1058
234439,951,1054
234440,950,1049
234441,951,1049
234442,952,1052
234443,958,1049
234444,958,1048
234445,953,1043
234446,954,1046
234447,955,1046
234448,961,1048
234449,963,1048
234450,963,1042
234451,957,1039
234452,956,1038
234453,956,1039
234454,961,1043
234455,962,1043
234456,964,1042
234457,959,1038
234458,959,1038
234459,957,1040
234460,960,1042
234461,963,1041
234462,961,1038
234463,959,1039
234464,957,1036
234465,955,1038
234466,958,1042
234467,962,1041
234468,963,1038
234469,962,1035
234470,964,1034
234471,962,1035
234472,961,1035
234473,965,1035
234474,965,1033
234475,961,1029
234476,959,1028
234477,957,1030
234478,961,1034
234479,965,1034
234480,964,1031
234481,960,1029
234482,957,1027
234483,960,1028
234484,962,1030
234485,967,1032
234486,964,1030
234487,964,1028
234488,962,1028
234489,962,1028
234490,964,1032
234491,967,1028
234492,967,1027
234493,963,1025
234494,961,1027
234495,962,1030
234496,965,1031
234497,968,1031
234498,968,1030
234499,965,1027
234500,965,1026
234501,966,1028
234502,968,1032
234503,971,1029
234504,969,1031
234505,965,1026
234506,963,1025
234507,963,1028
234508,967,1031
234509,972,1031
234510,970,1028
234511,969,1026
234512,965,1029
234513,964,1031
234514,967,1030
234515,969,1030
234516,970,1029
234517,966,1024
234518,966,1024
234519,967,1028
234520,969,1030
234521,971,1032
234522,973,1028
234523,971,1025
234524,969,1023
234525,968,1025
234526,970,1025
234527,972,1028
234528,971,1028
234529,971,1022
234530,967,1022
234531,967,1026
234532,967,1028
234533,968,1026
234534,965,1025
234535,964,1024
234536,963,1019
234537,964,1023
234538,965,1025
234539,967,1030
234540,967,1027
234541,964,1025
234542,959,1026
234543,960,1030
234544,962,1029
234545,966,1034
234546,968,1032
234547,966,1030
234548,964,1031
234549,964,1034
234550,971,1035
234551,972,1034
234552,972,1032
234553,969,1033
234554,967,1033
234555,967,1032
234556,966,1035
234557,970,1034
234558,970,1033
234559,971,1029
234560,971,1029
234561,973,1028
234562,974,1031
234563,975,1032
234564,975,1031
234565,972,1030
234566,969,1029
234567,972,1030
234568,978,1029
234569,982,1029
234570,978,1027
234571,978,1024
234572,978,1025
234573,977,1028
234574,978,1029
234575,979,1029
234576,977,1028
234577,973,1024
234578,972,1023
234579,974,1026
234580,972,1026
234581,974,1028
234582,972,1029
234583,973,1024
234584,972,1025
234585,974,1026
234586,975,1029
234587,977,1028
234588,973,1029
234589,970,1027
234590,969,1024
234591,971,1025
234592,976,1030
234593,978,1030
234594,977,1028
234595,971,1023
234596,972,1025
234597,970,1024
234598,969,1027
234599,975,1028
234600,976,1030
234601,972,1029
234602,970,1028
234603,967,1030
234604,974,1032
234605,977,1031
234606,978,1030
234607,978,1028
234608,979,1027
234609,977,1026
234610,980,1032
234611,984,1030
234612,984,1028
234613,979,1025
234614,974,1026
234615,975,1028
234616,976,1031
234617,981,1034
234618,977,1029
234619,976,1027
234620,975,1025
234621,973,1029
234622,975,1034
234623,980,1032
234624,980,1030
234625,975,1026
234626,971,1026
234627,970,1027
234628,975,1029
234629,978,1030
234630,980,1030
234631,981,1026
234632,975,1025
234633,973,1027
234634,977,1031
234635,980,1033
234636,983,1030
234637,980,1028
234638,972,1029
234639,975,1033
234640,977,1033
234641,981,1034
234642,981,1032
234643,980,1029
234644,977,1028
234645,981,1034
234646,983,1036
234647,988,1037
234648,987,1033
234649,984,1029
234650,981,1028
234651,982,1027
234652,984,1032
234653,988,1034
234654,989,1030
234655,984,1026
234656,981,1025
234657,984,1028
234658,986,1029
234659,993,1029
234660,991,1026
234661,985,1025
234662,981,1024
234663,983,1029
234664,985,1032
234665,991,1031
234666,988,1029
234667,986,1027
234668,984,1026
234669,988,1027
234670,992,1029
234671,992,1027
234672,994,1026
234673,991,1023
234674,988,1023
234675,994,1023
234676,998,1022
234677,1003,1020
234678,1009,1015
234679,1015,1011
234680,1025,1008
234681,1046,1009
234682,1069,1011
234683,1098,1009
234684,1130,1002
234685,1159,991
234686,1193,982
234687,1232,980
234688,1268,986
234689,1297,995
234690,1306,1014
234691,1289,1023
234692,1247,1032
234693,1194,1038
234694,1146,1043
234695,1099,1048
234696,1053,1048
234697,1009,1048
234698,981,1045
234699,977,1044
234700,982,1039
234701,994,1034
234702,999,1027
234703,995,1024
234704,987,1025
234705,982,1025
234706,981,1028
234707,982,1028
234708,979,1022
234709,976,1023
234710,970,1023
234711,966,1024
234712,967,1028
234713,970,1030
234714,974,1027
234715,973,1027
234716,970,1027
234717,966,1030
234718,967,1034
234719,967,1033
234720,968,1033
234721,965,1030
234722,964,1030
234723,963,1033
234724,965,1035
234725,968,1037
234726,972,1035
234727,968,1031
234728,964,1032
234729,963,1035
234730,967,1037
234731,972,1039
234732,971,1036
234733,968,1030
234734,966,1032
234735,961,1033
234736,965,1035
234737,968,1038
234738,964,1034
234739,963,1029
234740,961,1032
234741,962,1033
234742,969,1035
234743,968,1035
234744,968,1035
234745,964,1031
234746,962,1029
234747,959,1028
234748,961,1032
234749,966,1034
234750,965,1032
234751,965,1026
234752,966,1025
234753,966,1026
234754,966,1031
234755,969,1028
234756,967,1027
234757,967,1023
234758,961,1021
234759,963,1022
234760,971,1021
234761,974,1020
234762,976,1018
234763,976,1015
234764,976,1013
234765,979,1015
234766,983,1020
234767,981,1017
234768,980,1016
234769,979,1014
234770,978,1013
234771,979,1012
234772,986,1015
234773,991,1015
234774,994,1012
234775,992,1010
234776,989,1009
234777,992,1010
234778,998,1008
234779,999,1007
234780,999,1004
234781,999,1000
234782,996,1000
234783,999,999
234784,1001,1004
234785,1006,1000
234786,1008,998
234787,1006,995
234788,1002,993
234789,1002,994
234790,1004,996
234791,1008,996
234792,1008,996
234793,1007,994
234794,1010,996
234795,1010,999
234796,1012,999
234797,1014,1001
234798,1012,1002
234799,1011,1000
234800,1011,999
234801,1011,1002
234802,1014,1007
234803,1014,1011
234804,1012,1010
234805,1010,1010
234806,1007,1010
234807,1007,1010
234808,1008,1015
234809,1007,1016
234810,1007,1016
234811,1000,1018
234812,998,1016
234813,1000,1023
234814,1001,1027
234815,1001,1030
234816,997,1029
234817,994,1030
234818,992,1031
234819,992,1032
234820,992,1035
234821,992,1035
234822,992,1034
234823,990,1034
234824,988,1034
234825,987,1037
234826,990,1039
234827,991,1040
234828,988,1040
234829,982,1036
234830,978,1036
234831,981,1035
234832,983,1036
234833,986,1035
234834,986,1033
234835,982,1032
234836,979,1030
234837,978,1035
234838,981,1035
234839,984,1034
234840,983,1031
234841,981,1029
234842,980,1028
234843,979,1031
234844,982,1034
234845,983,1031
234846,983,1029
234847,979,1025
234848,976,1024
234849,977,1026
234850,978,1029
234851,979,1031
234852,982,1030
234853,981,1027
234854,979,1026
234855,982,1028
234856,984,1031
234857,989,1027
234858,986,1027
234859,986,1025
234860,985,1025
234861,981,1024
234862,980,1027
234863,987,1028
234864,984,1028
234865,984,1028
234866,983,1025
234867,985,1028
234868,990,1032
234869,992,1033
234870,992,1029
234871,992,1029
234872,986,1027
234873,986,1031
234874,990,1032
234875,988,1032
234876,988,1029
234877,985,1026
234878,983,1027
234879,984,1030
234880,985,1033
234881,987,1029
234882,985,1025
234883,979,1025
234884,981,1027
234885,978,1028
234886,979,1029
234887,979,1029
234888,978,1026
234889,977,1024
234890,976,1024
234891,978,1027
234892,980,1031
234893,977,1030
234894,973,1026
234895,971,1025
234896,973,1025
234897,976,1025
234898,977,1027
234899,980,1028
234900,979,1028
234901,977,1026
234902,978,1027
234903,982,1029
234904,985,1030
234905,987,1029
234906,987,1025
234907,987,1023
234908,984,1024
234909,987,1027
234910,987,1028
234911,988,1025
234912,992,1022
234913,997,1017
234914,1005,1021
234915,1016,1020
234916,1035,1023
234917,1059,1021
234918,1089,1015
234919,1120,1004
234920,1155,1001
234921,1198,1004
234922,1241,1013
234923,1274,1033
234924,1290,1054
234925,1284,1062
234926,1256,1065
234927,1210,1065
234928,1155,1069
234929,1095,1075
234930,1031,1085
234931,977,1091
234932,944,1096
234933,944,1095
234934,957,1084
234935,971,1065
234936,974,1050
234937,974,1040
234938,969,1031
234939,969,1030
234940,969,1029
234941,970,1029
234942,962,1026
234943,959,1024
234944,954,1027
234945,957,1028
234946,955,1030
234947,958,1032
234948,954,1030
234949,949,1026
234950,944,1028
234951,948,1026
234952,951,1029
234953,952,1028
234954,953,1028
234955,952,1026
234956,951,1025
234957,951,1026
234958,954,1028
234959,957,1031
234960,959,1029
234961,956,1028
234962,953,1029
234963,953,1034
234964,956,1036
234965,962,1036
234966,961,1035
234967,953,1032
234968,949,1032
234969,949,1035
234970,953,1036
234971,955,1031
234972,955,1032
234973,954,1029
234974,954,1029
234975,957,1031
234976,957,1035
234977,965,1032
234978,964,1027
234979,958,1021
234980,954,1017
234981,956,1020
234982,959,1019
234983,960,1018
234984,960,1013
234985,961,1011
234986,956,1008
234987,954,1010
234988,958,1007
234989,963,1008
234990,965,1004
234991,962,999
234992,959,999
234993,961,1001
234994,964,997
234995,967,997
234996,967,991
234997,967,990
234998,963,986
234999,962,987
235000,966,990
235001,972,987
235002,972,984
235003,973,978
235004,971,978
235005,970,978
235006,973,982
235007,979,983
235008,979,979
235009,976,977
235010,976,975
235011,979,978
235012,981,980
235013,986,982
235014,987,983
235015,986,978
235016,982,980
235017,981,985
235018,986,990
235019,991,991
235020,991,992
235021,987,989
235022,989,990
235023,989,994
235024,990,999
235025,996,999
235026,995,1004
235027,994,1004
235028,989,1007
235029,988,1011
235030,989,1014
235031,990,1018
235032,986,1018
235033,984,1019
235034,978,1020
235035,982,1023
235036,985,1027
235037,989,1030
235038,985,1029
235039,978,1027
235040,968,1030
235041,971,1035
235042,971,1038
235043,973,1037
235044,971,1036
235045,968,1034
235046,967,1036
235047,966,1038
235048,972,1041
235049,973,1041
235050,973,1041
235051,968,1036
235052,964,1040
235053,965,1042
235054,968,1043
235055,970,1045
235056,969,1039
235057,964,1036
235058,960,1039
235059,962,1044
235060,966,1047
235061,972,1044
235062,968,1041
235063,965,1034
235064,961,1037
235065,962,1036
235066,966,1038
235067,972,1034
235068,972,1034
235069,970,1031
235070,967,1033
235071,968,1033
235072,973,1037
235073,976,1038
235074,974,1034
235075,976,1034
235076,971,1031
235077,973,1033
235078,973,1036
235079,977,1037
235080,977,1034
235081,976,1031
235082,973,1034
235083,971,1032
235084,973,1035
235085,976,1036
235086,979,1033
235087,976,1030
235088,975,1031
235089,975,1033
235090,975,1035
235091,979,1034
235092,977,1032
235093,974,1033
235094,971,1036
235095,971,1039
235096,976,1037
235097,976,1036
235098,976,1034
235099,976,1031
235100,974,1033
235101,974,1037
235102,975,1039
235103,978,1040
235104,976,1036
235105,975,1033
235106,972,1033
235107,971,1036
235108,973,1037
235109,973,1037
235110,972,1037
235111,969,1031
235112,967,1030
235113,970,1033
235114,974,1036
235115,976,1035
235116,976,1037
235117,972,1031
235118,970,1032
235119,971,1034
235120,970,1040
235121,971,1038
235122,973,1036
235123,968,1035
235124,969,1035
235125,964,1036
235126,970,1042
235127,973,1039
235128,969,1036
235129,969,1035
235130,966,1032
235131,969,1036
235132,972,1040
235133,975,1038
235134,976,1037
235135,974,1033
235136,973,1034
235137,970,1038
235138,973,1040
235139,975,1040
235140,970,1039
235141,967,1039
235142,963,1037
235143,968,1039
235144,973,1041
235145,977,1040
235146,975,1039
235147,974,1036
235148,969,1037
235149,971,1043
235150,972,1041
235151,972,1043
235152,973,1040
235153,972,1040
235154,970,1038
235155,974,1041
235156,976,1042
235157,978,1039
235158,981,1041
235159,976,1036
235160,971,1037
235161,970,1038
235162,976,1039
235163,980,1038
235164,978,1035
235165,976,1033
235166,974,1033
235167,977,1035
235168,978,1039
235169,983,1036
235170,982,1030
235171,983,1024
235172,988,1024
235173,1000,1025
235174,1014,1024
235175,1029,1024
235176,1047,1018
235177,1065,1014
235178,1095,1006
235179,1128,1004
235180,1163,1001
235181,1203,1000
235182,1242,1002
235183,1270,1014
235184,1283,1033
235185,1275,1051
235186,1254,1055
235187,1208,1053
235188,1151,1053
235189,1093,1059
235190,1035,1071
235191,981,1080
235192,949,1086
235193,947,1086
235194,951,1078
235195,962,1061
235196,964,1051
235197,966,1047
235198,969,1046
235199,971,1043
235200,967,1041
235201,961,1035
235202,958,1033
235203,956,1035
235204,959,1038
235205,965,1040
235206,960,1039
235207,958,1034
235208,957,1038
235209,952,1038
235210,954,1039
235211,954,1041
235212,951,1038
235213,951,1035
235214,945,1038
235215,951,1040
235216,953,1043
235217,955,1038
235218,955,1038
235219,950,1034
235220,947,1033
235221,949,1033
235222,955,1038
235223,956,1037
235224,954,1036
235225,955,1033
235226,953,1031
235227,951,1033
235228,954,1037
235229,959,1035
235230,956,1033
235231,949,1029
235232,947,1030
235233,950,1034
235234,951,1038
235235,953,1036
235236,949,1031
235237,950,1029
235238,945,1027
235239,947,1029
235240,948,1030
235241,956,1031
235242,953,1025
235243,951,1024
235244,949,1021
235245,946,1023
235246,953,1023
235247,958,1025
235248,959,1024
235249,958,1018
235250,958,1019
235251,957,1020
235252,959,1018
235253,959,1018
235254,957,1014
235255,957,1013
235256,957,1012
235257,959,1014
235258,965,1013
235259,970,1012
235260,973,1008
235261,972,1006
235262,969,1005
235263,972,1004
235264,976,1004
235265,978,1000
235266,979,999
235267,976,993
235268,974,994
235269,978,994
235270,980,997
235271,983,996
235272,984,991
235273,981,988
235274,980,987
235275,982,991
235276,985,992
235277,988,991
235278,987,991
235279,987,989
235280,985,988
235281,985,989
235282,986,994
235283,990,995
235284,989,995
235285,992,994
235286,987,998
235287,987,1002
235288,990,1009
235289,993,1011
235290,990,1011
235291,988,1006
235292,986,1006
235293,988,1008
235294,991,1016
235295,987,1020
235296,987,1023
235297,984,1022
235298,982,1021
235299,981,1027
235300,977,1032
235301,976,1036
235302,975,1034
235303,973,1032
235304,971,1031
235305,972,1035
235306,973,1039
235307,973,1041
235308,975,1040
235309,972,1039
235310,968,1038
235311,969,1043
235312,972,1043
235313,975,1044
235314,968,1043
235315,969,1040
235316,966,1040
235317,969,1042
235318,971,1045
235319,971,1042
235320,972,1035
235321,971,1031
235322,968,1031
235323,968,1036
235324,969,1036
235325,972,1038
235326,970,1036
235327,969,1032
235328,967,1030
235329,967,1032
235330,969,1035
235331,975,1032
235332,975,1030
235333,975,1026
235334,972,1029
235335,970,1032
235336,973,1033
235337,979,1034
235338,975,1032
235339,971,1027
235340,968,1029
235341,972,1031
235342,977,1034
235343,979,1032
235344,979,1030
235345,974,1028
235346,974,1029
235347,978,1030
235348,979,1031
235349,981,1030
235350,977,1029
235351,972,1025
235352,970,1028
235353,974,1031
235354,976,1033
235355,980,1032
235356,977,1031
235357,972,1031
235358,973,1031
235359,973,1032
235360,975,1035
235361,978,1034
235362,977,1032
235363,975,1030
235364,970,1033
235365,970,1033
235366,972,1035
235367,976,1033
235368,974,1031
235369,966,1030
235370,969,1030
235371,967,1033
235372,968,1036
235373,972,1034
235374,970,1033
235375,966,1030
235376,962,1029
235377,962,1031
235378,964,1034
235379,970,1033
235380,968,1033
235381,966,1030
235382,964,1031
235383,967,1033
235384,968,1039
235385,968,1037
235386,969,1034
235387,967,1032
235388,965,1034
235389,962,1037
235390,963,1042
235391,967,1039
235392,965,1040
235393,963,1032
235394,960,1034
235395,962,1037
235396,964,1040
235397,965,1041
235398,966,1040
235399,962,1037
235400,959,1039
235401,964,1041
235402,965,1039
235403,966,1035
235404,962,1029
235405,960,1026
235406,961,1025
235407,961,1029
235408,966,1033
235409,969,1030
235410,968,1029
235411,965,1026
235412,965,1027
235413,965,1031
235414,966,1032
235415,966,1032
235416,967,1029
235417,965,1027
235418,962,1029
235419,964,1032
235420,966,1035
235421,972,1037
235422,971,1034
235423,969,1029
235424,964,1029
235425,963,1031
235426,966,1037
235427,969,1036
235428,969,1035
235429,970,1034
235430,964,1033
235431,966,1036
235432,968,1037
235433,973,1036
235434,972,1034
235435,967,1031
235436,964,1030
235437,968,1033
235438,970,1036
235439,972,1037
235440,968,1034
235441,963,1034
235442,962,1035
235443,964,1037
235444,966,1041
235445,969,1040
235446,970,1037
235447,967,1034
235448,966,1035
235449,966,1037
235450,969,1040
235451,973,1039
235452,972,1040
235453,970,1034
235454,963,1033
235455,966,1038
235456,968,1039
235457,970,1038
235458,970,1037
235459,966,1033
235460,964,1031
235461,962,1037
235462,966,1038
235463,968,1038
235464,967,1032
235465,960,1032
235466,957,1033
235467,961,1033
235468,963,1036
235469,968,1037
235470,967,1032
235471,966,1028
235472,962,1029
235473,964,1029
235474,967,1032
235475,963,1031
235476,963,1026
235477,963,1026
235478,960,1027
235479,961,1027
235480,966,1029
235481,968,1031
235482,969,1028
235483,964,1025
235484,962,1027
235485,961,1028
235486,965,1031
235487,967,1032
235488,970,1028
235489,967,1027
235490,962,1027
235491,965,1029
235492,968,1033
235493,969,1033
235494,969,1031
235495,966,1029
235496,965,1030
235497,967,1032
235498,973,1035
235499,976,1033
235500,976,1031
235501,975,1029
235502,972,1028
235503,972,1029
235504,972,1033
235505,972,1035
235506,973,1032
235507,970,1029
235508,969,1032
235509,971,1032
235510,975,1035
235511,977,1034
235512,973,1032
235513,970,1029
235514,968,1029
235515,970,1030
235516,973,1032
235517,972,1030
235518,970,1028
235519,967,1027
235520,965,1025
235521,966,1030
235522,970,1033
235523,976,1035
235524,974,1032
235525,973,1030
235526,971,1029
235527,973,1030
235528,974,1034
235529,975,1033
235530,973,1030
235531,972,1026
235532,972,1029
235533,971,1031
235534,977,1033
235535,978,1034
235536,976,1030
235537,971,1030
235538,972,1030
235539,975,1033
235540,977,1035
235541,981,1038
235542,979,1036
235543,978,1033
235544,976,1032
235545,976,1036
235546,980,1040
235547,983,1039
235548,982,1038
235549,981,1037
235550,979,1035
235551,984,1037
235552,988,1038
235553,992,1034
235554,989,1028
235555,994,1020
235556,995,1016
235557,1010,1017
235558,1029,1016
235559,1050,1014
235560,1069,1011
235561,1093,1004
235562,1122,998
235563,1154,992
235564,1191,984
235565,1226,982
235566,1261,978
235567,1284,985
235568,1296,1001
235569,1288,1014
235570,1261,1024
235571,1215,1028
235572,1158,1030
235573,1104,1032
235574,1050,1035
235575,1006,1038
235576,977,1038
235577,970,1035
235578,972,1026
235579,977,1018
235580,977,1013
235581,978,1017
235582,974,1022
235583,970,1021
235584,968,1019
235585,963,1018
235586,961,1019
235587,961,1021
235588,961,1029
235589,962,1029
235590,959,1028
235591,959,1028
235592,955,1030
235593,956,1032
235594,960,1032
235595,962,1032
235596,961,1035
235597,958,1030
235598,958,1031
235599,957,1035
235600,960,1038
235601,962,1039
235602,960,1036
235603,955,1032
235604,955,1032
235605,957,1038
235606,960,1037
235607,962,1038
235608,959,1035
235609,958,1032
235610,954,1032
235611,955,1034
235612,957,1036
235613,958,1037
235614,958,1032
235615,955,1031
235616,953,1031
235617,953,1035
235618,955,1038
235619,956,1036
235620,956,1032
235621,949,1027
235622,949,1027
235623,950,1031
235624,953,1034
235625,958,1028
235626,958,1029
235627,953,1027
235628,954,1029
235629,954,1030
235630,958,1033
235631,962,1032
235632,960,1026
235633,959,1021
235634,958,1019
235635,961,1024
235636,964,1024
235637,971,1025
235638,969,1022
235639,968,1020
235640,968,1018
235641,970,1021
235642,974,1022
235643,981,1023
235644,985,1017
235645,983,1012
235646,980,1009
235647,984,1011
235648,990,1012
235649,992,1010
235650,992,1008
235651,991,1003
235652,990,1004
235653,993,1009
235654,993,1009
235655,994,1010
235656,992,1005
235657,992,1003
235658,990,1005
235659,994,1004
235660,998,1006
235661,1000,1004
235662,999,1003
235663,996,1001
235664,993,1001
235665,995,1005
235666,1002,1006
235667,1003,1008
235668,1001,1004
235669,997,1003
235670,996,1003
235671,995,1011
235672,997,1011
235673,999,1013
235674,999,1010
235675,995,1008
235676,990,1009
235677,993,1013
235678,992,1016
235679,990,1016
235680,988,1015
235681,983,1013
235682,980,1015
235683,979,1019
235684,980,1022
235685,983,1025
235686,981,1025
235687,978,1026
235688,973,1028
235689,974,1031
235690,977,1031
235691,977,1035
235692,980,1034
235693,979,1032
235694,979,1031
235695,980,1034
235696,980,1039
235697,983,1040
235698,981,1038
235699,974,1031
235700,971,1031
235701,971,1036
235702,977,1039
235703,978,1037
235704,976,1035
235705,974,1033
235706,973,1034
235707,972,1037
235708,975,1040
235709,975,1039
235710,976,1039
235711,975,1035
235712,971,1035
235713,975,1037
235714,977,1039
235715,979,1037
235716,976,1033
235717,976,1031
235718,976,1033
235719,976,1035
235720,981,1036
235721,984,1032
235722,982,1029
235723,980,1025
235724,978,1025
235725,983,1025
235726,984,1028
235727,982,1026
235728,984,1024
235729,981,1020
235730,980,1022
235731,981,1023
235732,982,1028
235733,984,1026
235734,981,1024
235735,979,1023
235736,977,1021
235737,979,1023
235738,982,1029
235739,987,1027
235740,987,1022
235741,987,1021
235742,985,1022
235743,983,1025
235744,987,1026
235745,985,1026
235746,985,1024
235747,981,1022
235748,977,1027
235749,981,1026
235750,984,1032
235751,987,1030
235752,984,1028
235753,983,1025
235754,982,1024
235755,981,1027
235756,982,1029
235757,984,1028
235758,983,1026
235759,977,1023
235760,978,1025
235761,979,1029
235762,978,1032
235763,979,1032
235764,980,1031
235765,979,1027
235766,979,1030
235767,975,1031
235768,978,1036
235769,982,1031
235770,981,1032
235771,978,1028
235772,977,1028
235773,977,1028
235774,980,1032
235775,983,1028
235776,980,1029
235777,980,1026
235778,979,1027
235779,980,1027
235780,982,1026
235781,983,1025
235782,983,1025
235783,981,1024
235784,979,1024
235785,976,1031
235786,977,1033
235787,980,1034
235788,981,1033
235789,980,1029
235790,981,1030
235791,981,1030
235792,988,1033
235793,988,1032
235794,986,1030
235795,982,1028
235796,978,1030
235797,977,1032
235798,982,1035
235799,985,1033
235800,985,1033
235801,984,1029
235802,984,1029
235803,983,1032
235804,986,1037
235805,990,1037
235806,988,1032
235807,989,1030
235808,986,1029
235809,990,1028
235810,1001,1028
235811,1014,1024
235812,1028,1019
235813,1041,1013
235814,1059,1014
235815,1088,1012
235816,1120,1004
235817,1159,992
235818,1199,980
235819,1231,975
235820,1260,983
235821,1280,999
235822,1282,1018
235823,1258,1027
235824,1205,1028
235825,1143,1031
235826,1084,1046
235827,1028,1057
235828,990,1065
235829,968,1062
235830,963,1053
235831,967,1044
235832,974,1036
235833,981,1031
235834,983,1031
235835,983,1030
235836,976,1028
235837,971,1025
235838,969,1028
235839,972,1029
235840,970,1031
235841,970,1028
235842,965,1028
235843,962,1028
235844,960,1029
235845,960,1031
235846,961,1035
235847,965,1032
235848,963,1029
235849,960,1031
235850,957,1031
235851,958,1031
235852,960,1036
235853,960,1035
235854,957,1032
235855,955,1031
235856,953,1031
235857,957,1034
235858,960,1036
235859,965,1035
235860,965,1031
235861,961,1030
235862,959,1029
235863,959,1032
235864,960,1035
235865,962,1035
235866,960,1031
235867,959,1027
235868,959,1026
235869,961,1029
235870,962,1030
235871,966,1028
235872,963,1027
235873,960,1023
235874,958,1028
235875,961,1030
235876,966,1033
235877,971,1033
235878,973,1028
235879,972,1025
235880,974,1026
235881,976,1027
235882,979,1028
235883,978,1026
235884,978,1023
235885,977,1022
235886,976,1021
235887,979,1020
235888,982,1019
235889,986,1017
235890,983,1014
235891,982,1011
235892,981,1009
235893,985,1010
235894,987,1009
235895,989,1007
235896,991,1006
235897,987,1000
235898,988,1000
235899,990,1001
235900,994,1002
235901,993,999
235902,994,995
235903,994,993
235904,993,995
235905,996,993
235906,1003,993
235907,1007,991
235908,1004,984
235909,999,982
235910,994,987
235911,998,992
235912,999,993
235913,1005,993
235914,1005,988
235915,1002,985
235916,999,987
235917,1001,991
235918,1003,997
235919,1006,995
235920,1004,995
235921,998,994
235922,995,997
235923,994,1002
235924,997,1008
235925,998,1010
235926,996,1009
235927,990,1011
235928,987,1016
235929,991,1019
235930,990,1023
235931,990,1025
235932,985,1028
235933,981,1026
235934,980,1027
235935,981,1031
235936,984,1033
235937,983,1033
235938,982,1031
235939,978,1031
235940,974,1031
235941,974,1030
235942,976,1035
235943,976,1034
235944,972,1035
235945,969,1032
235946,967,1034
235947,966,1037
235948,964,1039
235949,968,1042
235950,967,1039
235951,966,1039
235952,964,1039
235953,966,1043
235954,968,1043
235955,971,1039
235956,972,1036
235957,969,1033
235958,966,1038
235959,968,1038
235960,971,1041
235961,974,1040
235962,974,1036
235963,971,1033
235964,971,1036
235965,975,1039
235966,978,1039
235967,978,1038
235968,974,1038
235969,972,1035
235970,971,1036
235971,975,1037
235972,976,1037
235973,979,1034
235974,979,1033
235975,978,1030
235976,975,1029
235977,976,1033
235978,979,1035
235979,981,1034
235980,979,1032
235981,979,1028
235982,977,1030
235983,979,1031
235984,981,1035
235985,981,1034
235986,980,1032
235987,979,1027
235988,975,1028
235989,973,1028
235990,975,1035
235991,978,1033
235992,980,1030
235993,980,1029
235994,977,1030
235995,983,1033
235996,984,1034
235997,984,1033
235998,979,1033
235999,979,1031
236000,978,1033
236001,977,1036
236002,984,1038
236003,985,1037
236004,985,1033
236005,979,1031
236006,976,1031
236007,977,1032
236008,980,1034
236009,982,1036
236010,978,1033
236011,978,1033
236012,976,1033
236013,975,1035
236014,979,1037
236015,982,1037
236016,980,1038
236017,973,1035
236018,970,1037
236019,973,1039
236020,976,1041
236021,978,1038
236022,978,1039
236023,974,1039
236024,975,1034
236025,978,1040
236026,977,1041
236027,977,1039
236028,978,1035
236029,973,1030
236030,973,1031
236031,975,1034
236032,978,1035
236033,979,1032
236034,977,1032
236035,975,1030
236036,976,1030
236037,975,1031
236038,978,1033
236039,983,1032
236040,980,1032
236041,977,1029
236042,976,1032
236043,977,1033
236044,978,1036
236045,980,1035
236046,979,1034
236047,978,1033
236048,976,1032
236049,980,1036
236050,980,1040
236051,985,1041
236052,984,1038
236053,982,1033
236054,981,1035
236055,980,1035
236056,984,1037
236057,985,1038
236058,985,1036
236059,982,1033
236060,979,1033
236061,982,1037
236062,985,1039
236063,988,1039
236064,987,1035
236065,984,1033
236066,983,1032
236067,984,1035
236068,990,1036
236069,994,1031
236070,997,1024
236071,1007,1019
236072,1020,1018
236073,1040,1020
236074,1068,1023
236075,1097,1019
236076,1128,1005
236077,1162,991
236078,1197,982
236079,1231,985
236080,1269,995
236081,1294,1012
236082,1294,1028
236083,1268,1034
236084,1217,1041
236085,1157,1049
236086,1100,1061
236087,1048,1069
236088,1002,1068
236089,972,1065
236090,964,1060
236091,969,1057
236092,983,1050
236093,988,1043
236094,986,1035
236095,981,1031
236096,978,1032
236097,977,1037
236098,976,1037
236099,978,1037
236100,974,1037
236101,974,1035
236102,972,1034
236103,971,1036
236104,972,1037
236105,968,1039
236106,966,1037
236107,962,1035
236108,959,1038
236109,961,1037
236110,966,1037
236111,966,1034
236112,963,1032
236113,962,1027
236114,959,1025
236115,961,1030
236116,961,1034
236117,964,1034
236118,961,1032
236119,961,1031
236120,962,1031
236121,964,1033
236122,966,1037
236123,967,1035
236124,965,1033
236125,960,1033
236126,958,1031
236127,965,1034
236128,967,1036
236129,969,1039
236130,966,1037
236131,966,1036
236132,965,1039
236133,969,1039
236134,973,1041
236135,974,1039
236136,972,1036
236137,971,1034
236138,967,1032
236139,969,1036
236140,972,1038
236141,976,1033
236142,977,1031
236143,974,1027
236144,973,1026
236145,978,1026
236146,982,1027
236147,983,1024
236148,980,1021
236149,979,1016
236150,980,1017
236151,982,1017
236152,987,1018
236153,988,1017
236154,989,1009
236155,990,1006
236156,989,1005
236157,989,1003
236158,995,1006
236159,997,1004
236160,996,999
236161,993,997
236162,994,999
236163,998,997
236164,1003,1000
236165,1004,997
236166,999,996
236167,999,994
236168,998,992
236169,1002,997
236170,1005,999
236171,1009,997
236172,1007,994
236173,1006,993
236174,1005,995
236175,1006,997
236176,1008,1001
236177,1008,1002
236178,1009,1002
236179,1005,1001
236180,1001,1004
236181,1006,1013
236182,1007,1016
236183,1011,1018
236184,1007,1016
236185,1003,1015
236186,1003,1020
236187,1002,1023
236188,1003,1025
236189,1001,1026
236190,994,1024
236191,990,1023
236192,987,1027
236193,983,1029
236194,985,1032
236195,986,1034
236196,984,1032
236197,979,1032
236198,978,1033
236199,977,1035
236200,981,1037
236201,982,1039
236202,982,1036
236203,980,1034
236204,978,1037
236205,979,1039
236206,983,1038
236207,986,1041
236208,988,1039
236209,984,1034
236210,984,1036
236211,984,1040
236212,989,1043
236213,988,1045
236214,988,1044
236215,983,1044
236216,983,1045
236217,987,1046
236218,990,1049
236219,994,1049
236220,991,1045
236221,990,1042
236222,991,1043
236223,995,1046
236224,999,1048
236225,1004,1044
236226,1008,1044
236227,1008,1045
236228,1011,1049
236229,1014,1052
236230,1020,1056
236231,1028,1055
236232,1034,1050
236233,1040,1047
236234,1050,1042
236235,1061,1030
236236,1078,1015
236237,1091,999
236238,1108,983
236239,1120,967
236240,1136,954
236241,1151,941
236242,1167,927
236243,1186,907
236244,1202,880
236245,1215,856
236246,1230,838
236247,1247,827
236248,1262,816
236249,1271,807
236250,1271,796
236251,1263,792
236252,1258,792
236253,1249,789
236254,1245,787
236255,1233,784
236256,1212,784
236257,1192,784
236258,1168,795
236259,1146,807
236260,1122,818
236261,1099,834
236262,1077,847
236263,1059,861
236264,1053,880
236265,1050,898
236266,1053,914
236267,1051,922
236268,1050,933
236269,1047,939
236270,1050,955
236271,1062,969
236272,1081,983
236273,1099,991
236274,1110,990
236275,1103,994
236276,1075,1001
236277,1034,1013
236278,992,1026
236279,965,1039
236280,951,1051
236281,939,1063
236282,935,1071
236283,931,1080
236284,930,1084
236285,929,1086
236286,924,1088
236287,918,1089
236288,914,1093
236289,913,1094
236290,912,1101
236291,912,1100
236292,907,1100
236293,901,1100
236294,897,1105
236295,899,1106
236296,904,1109
236297,905,1108
236298,903,1111
236299,899,1108
236300,893,1114
236301,896,1118
236302,900,1123
236303,899,1124
236304,897,1123
236305,894,1126
236306,891,1129
236307,892,1138
236308,892,1141
236309,895,1141
236310,894,1145
236311,892,1143
236312,888,1146
236313,889,1152
236314,891,1155
236315,892,1159
236316,888,1158
236317,885,1161
236318,882,1166
236319,884,1169
236320,887,1175
236321,890,1176
236322,886,1176
236323,880,1176
236324,879,1181
236325,882,1185
236326,886,1188
236327,888,1189
236328,884,1188
236329,887,1186
236330,888,1189
236331,894,1191
236332,896,1196
236333,902,1195
236334,900,1192
236335,903,1187
236336,904,1187
236337,905,1192
236338,910,1192
236339,917,1187
236340,918,1180
236341,920,1178
236342,918,1176
236343,923,1177
236344,930,1172
236345,935,1167
236346,936,1162
236347,937,1154
236348,940,1150
236349,944,1148
236350,950,1145
236351,956,1137
236352,956,1131
236353,954,1122
236354,955,1120
236355,961,1115
236356,965,1113
236357,966,1106
236358,967,1100
236359,966,1091
236360,967,1087
236361,966,1088
236362,966,1085
236363,967,1079
236364,969,1074
236365,966,1067
236366,964,1067
236367,964,1068
236368,968,1069
236369,970,1063
236370,970,1058
236371,968,1056
236372,963,1054
236373,961,1059
236374,964,1057
236375,966,1055
236376,964,1049
236377,960,1045
236378,959,1044
236379,961,1047
236380,964,1049
236381,969,1044
236382,968,1041
236383,963,1038
236384,961,1038
236385,962,1041
236386,966,1044
236387,968,1042
236388,966,1041
236389,962,1038
236390,960,1037
236391,964,1036
236392,966,1043
236393,968,1040
236394,967,1037
236395,964,1033
236396,963,1034
236397,967,1034
236398,973,1035
236399,970,1032
236400,971,1032
236401,967,1028
236402,969,1030
236403,967,1033
236404,971,1035
236405,975,1034
236406,973,1032
236407,971,1028
236408,969,1031
236409,968,1032
236410,970,1035
236411,972,1035
236412,973,1034
236413,970,1030
236414,970,1031
236415,972,1031
236416,974,1034
236417,973,1034
236418,973,1031
236419,970,1028
236420,968,1029
236421,972,1030
236422,977,1033
236423,977,1033
236424,973,1031
236425,966,1027
236426,969,1030
236427,972,1031
236428,975,1034
236429,972,1034
236430,970,1034
236431,966,1031
236432,970,1033
236433,973,1034
236434,976,1037
236435,980,1032
236436,976,1029
236437,970,1031
236438,968,1031
236439,970,1034
236440,975,1035
236441,976,1034
236442,971,1033
236443,968,1029
236444,967,1031
236445,971,1032
236446,973,1035
236447,976,1035
236448,976,1033
236449,974,1031
236450,975,1032
236451,975,1035
236452,978,1038
236453,980,1035
236454,975,1032
236455,973,1034
236456,973,1035
236457,975,1038
236458,980,1039
236459,980,1040
236460,976,1035
236461,977,1036
236462,971,1036
236463,970,1036
236464,972,1037
236465,973,1038
236466,972,1033
236467,970,1030
236468,966,1035
236469,968,1034
236470,969,1039
236471,975,1037
236472,974,1033
236473,972,1031
236474,969,1028
236475,972,1031
236476,975,1033
236477,979,1031
236478,978,1028
236479,976,1026
236480,973,1026
236481,974,1028
236482,979,1030
236483,978,1029
236484,974,1027
236485,968,1029
236486,968,1028
236487,971,1031
236488,976,1033
236489,977,1031
236490,975,1030
236491,970,1029
236492,969,1027
236493,971,1028
236494,973,1033
236495,974,1029
236496,975,1029
236497,974,1027
236498,974,1025
236499,976,1028
236500,976,1031
236501,979,1029
236502,976,1028
236503,974,1025
236504,974,1029
236505,976,1031
236506,982,1036
236507,984,1033
236508,980,1032
236509,978,1028
236510,978,1033
236511,980,1035
236512,980,1035
236513,980,1035
236514,979,1033
236515,978,1030
236516,983,1032
236517,984,1035
236518,984,1036
236519,984,1033
236520,981,1029
236521,979,1028
236522,975,1028
236523,976,1031
236524,980,1035
236525,979,1034
236526,977,1031
236527,978,1030
236528,978,1031
236529,984,1031
236530,987,1036
236531,988,1035
236532,982,1032
236533,978,1030
236534,977,1031
236535,981,1033
236536,985,1035
236537,985,1034
236538,984,1032
236539,984,1029
236540,983,1031
236541,983,1033
236542,984,1036
236543,987,1032
236544,986,1031
236545,982,1028
236546,983,1029
236547,982,1031
236548,986,1035
236549,987,1033
236550,985,1031
236551,983,1028
236552,980,1027
236553,981,1030
236554,989,1033
236555,990,1032
236556,991,1028
236557,986,1026
236558,983,1026
236559,985,1029
236560,989,1029
236561,990,1028
236562,989,1024
236563,987,1020
236564,989,1018
236565,996,1020
236566,1011,1021
236567,1022,1017
236568,1034,1016
236569,1053,1010
236570,1080,1009
236571,1110,1003
236572,1145,998
236573,1183,987
236574,1225,984
236575,1260,993
236576,1290,1009
236577,1302,1035
236578,1293,1051
236579,1253,1053
236580,1197,1049
236581,1137,1054
236582,1078,1066
236583,1023,1075
236584,985,1082
236585,970,1080
236586,966,1072
236587,972,1059
236588,976,1050
236589,983,1045
236590,989,1045
236591,986,1041
236592,981,1039
236593,975,1033
236594,972,1032
236595,972,1031
236596,974,1031
236597,975,1033
236598,970,1029
236599,965,1025
236600,962,1025
236601,963,1030
236602,966,1029
236603,969,1029
236604,966,1026
236605,964,1024
236606,961,1026
236607,963,1025
236608,966,1029
236609,965,1027
236610,965,1022
236611,963,1023
236612,960,1022
236613,962,1026
236614,966,1027
236615,966,1028
236616,966,1027
236617,961,1024
236618,963,1027
236619,965,1030
236620,964,1029
236621,960,1029
236622,960,1026
236623,954,1024
236624,954,1026
236625,960,1030
236626,962,1033
236627,965,1030
236628,965,1026
236629,966,1023
236630,963,1022
236631,965,1024
236632,968,1025
236633,969,1025
236634,964,1023
236635,963,1018
236636,965,1020
236637,971,1019
236638,974,1020
236639,974,1017
236640,973,1015
236641,970,1014
236642,970,1011
236643,972,1013
236644,975,1013
236645,975,1013
236646,975,1007
236647,973,1006
236648,975,1007
236649,981,1010
236650,985,1009
236651,988,1005
236652,983,1001
236653,979,999
236654,979,998
236655,981,1000
236656,983,999
236657,986,999
236658,987,994
236659,985,987
236660,985,989
236661,988,994
236662,990,994
236663,989,992
236664,991,989
236665,991,984
236666,990,985
236667,992,989
236668,997,990
236669,999,990
236670,999,988
236671,997,987
236672,1000,989
236673,1005,993
236674,1011,996
236675,1013,997
236676,1013,992
236677,1007,992
236678,1006,997
236679,1010,997
236680,1012,1004
236681,1015,1002
236682,1013,1000
236683,1011,999
236684,1011,1000
236685,1012,1004
236686,1015,1008
236687,1013,1010
236688,1012,1012
236689,1009,1010
236690,1005,1013
236691,1006,1016
236692,1008,1022
236693,1007,1022
236694,1003,1021
236695,998,1020
236696,996,1024
236697,996,1026
236698,999,1029
236699,997,1029
236700,996,1027
236701,992,1025
236702,988,1028
236703,991,1029
236704,990,1031
236705,989,1031
236706,988,1027
236707,984,1028
236708,983,1030
236709,983,1030
236710,988,1035
236711,988,1034
236712,986,1031
236713,982,1027
236714,977,1027
236715,979,1027
236716,983,1030
236717,984,1028
236718,982,1025
236719,980,1026
236720,979,1027
236721,983,1028
236722,984,1034
236723,984,1033
236724,982,1028
236725,980,1025
236726,982,1026
236727,987,1030
236728,990,1029
236729,990,1029
236730,987,1025
236731,985,1021
236732,986,1023
236733,989,1027
236734,993,1030
236735,995,1030
236736,994,1027
236737,989,1026
236738,990,1027
236739,992,1031
236740,994,1033
236741,996,1029
236742,992,1027
236743,991,1026
236744,986,1026
236745,987,1026
236746,990,1030
236747,997,1027
236748,993,1027
236749,992,1023
236750,993,1027
236751,995,1031
236752,997,1032
236753,998,1030
236754,994,1028
236755,991,1026
236756,993,1028
236757,994,1029
236758,994,1032
236759,996,1034
236760,997,1031
236761,989,1030
236762,988,1028
236763,987,1033
236764,988,1035
236765,990,1035
236766,990,1033
236767,987,1031
236768,985,1034
236769,985,1037
236770,988,1033
236771,991,1031
236772,989,1026
236773,983,1025
236774,981,1026
236775,982,1027
236776,986,1031
236777,987,1031
236778,986,1026
236779,983,1026
236780,984,1024
236781,986,1029
236782,984,1032
236783,987,1031
236784,986,1026
236785,984,1024
236786,982,1026
236787,983,1030
236788,986,1034
236789,986,1032
236790,986,1031
236791,983,1025
236792,983,1030
236793,981,1031
236794,987,1035
236795,988,1035
236796,984,1030
236797,980,1029
236798,983,1030
236799,986,1031
236800,988,1036
236801,990,1034
236802,987,1031
236803,983,1028
236804,984,1030
236805,986,1031
236806,987,1036
236807,986,1033
236808,988,1034
236809,987,1032
236810,983,1034
236811,987,1038
236812,990,1038
236813,990,1040
236814,986,1039
236815,982,1035
236816,984,1033
236817,983,1036
236818,988,1040
236819,991,1039
236820,990,1034
236821,986,1034
236822,985,1034
236823,986,1038
236824,987,1038
236825,987,1039
236826,981,1034
236827,980,1032
236828,983,1034
236829,986,1035
236830,991,1039
236831,989,1038
236832,986,1036
236833,984,1033
236834,983,1035
236835,986,1036
236836,993,1040
236837,993,1038
236838,992,1033
236839,989,1032
236840,990,1033
236841,992,1034
236842,999,1035
236843,1001,1033
236844,1004,1027
236845,1009,1024
236846,1022,1021
236847,1034,1024
236848,1058,1025
236849,1079,1019
236850,1108,1013
236851,1142,1001
236852,1180,993
236853,1220,993
236854,1258,997
236855,1292,1005
236856,1317,1018
236857,1323,1029
236858,1305,1042
236859,1269,1044
236860,1218,1049
236861,1158,1056
236862,1097,1065
236863,1037,1071
236864,988,1073
236865,968,1075
236866,970,1072
236867,979,1059
236868,988,1045
236869,992,1033
236870,991,1033
236871,992,1033
236872,991,1035
236873,989,1032
236874,986,1029
236875,978,1026
236876,976,1029
236877,975,1033
236878,976,1033
236879,973,1036
236880,973,1032
236881,972,1026
236882,969,1031
236883,973,1031
236884,972,1034
236885,969,1034
236886,968,1028
236887,965,1028
236888,963,1032
236889,965,1031
236890,966,1034
236891,967,1031
236892,966,1029
236893,964,1028
236894,963,1032
236895,966,1035
236896,965,1037
236897,966,1036
236898,969,1036
236899,965,1035
236900,966,1036
236901,969,1038
236902,969,1040
236903,969,1040
236904,968,1035
236905,966,1035
236906,967,1034
236907,969,1034
236908,972,1036
236909,973,1035
236910,973,1033
236911,971,1029
236912,970,1029
236913,975,1031
236914,975,1033
236915,975,1029
236916,974,1027
236917,973,1026
236918,973,1027
236919,978,1025
236920,980,1029
236921,981,1027
236922,981,1022
236923,981,1018
236924,982,1017
236925,984,1019
236926,987,1021
236927,989,1018
236928,985,1015
236929,984,1011
236930,984,1010
236931,989,1009
236932,993,1010
236933,993,1008
236934,992,1003
236935,988,1001
236936,990,1001
236937,993,1003
236938,996,1001
236939,999,1001
236940,996,998
236941,995,996
236942,997,994
236943,997,995
236944,999,998
236945,1000,997
236946,997,992
236947,995,989
236948,995,991
236949,999,996
236950,1001,998
236951,1003,999
236952,1002,998
236953,1002,997
236954,1005,999
236955,1006,1002
236956,1011,1004
236957,1013,1005
236958,1011,1002
236959,1009,1002
236960,1008,1003
236961,1010,1007
236962,1010,1012
236963,1010,1011
236964,1009,1011
236965,1007,1009
236966,1005,1013
236967,1006,1016
236968,1009,1019
236969,1008,1020
236970,1006,1016
236971,1001,1017
236972,1000,1019
236973,998,1020
236974,1001,1027
236975,1001,1028
236976,1000,1026
236977,994,1024
236978,993,1027
236979,993,1031
236980,995,1034
236981,994,1032
236982,993,1032
236983,991,1031
236984,988,1035
236985,988,1039
236986,988,1040
236987,988,1041
236988,986,1037
236989,984,1035
236990,983,1038
236991,984,1040
236992,986,1043
236993,988,1041
236994,987,1038
236995,985,1038
236996,985,1038
236997,988,1039
236998,990,1042
236999,990,1039
237000,989,1037
237001,988,1035
237002,989,1038
237003,992,1039
237004,996,1042
237005,999,1040
237006,999,1036
237007,997,1032
237008,997,1032
237009,999,1039
237010,1006,1042
237011,1009,1039
237012,1013,1038
237013,1015,1040
237014,1018,1041
237015,1022,1048
237016,1031,1054
237017,1039,1055
237018,1044,1054
237019,1047,1049
237020,1056,1043
237021,1074,1032
237022,1088,1021
237023,1101,1003
237024,1113,989
237025,1125,972
237026,1141,962
237027,1159,953
237028,1178,939
237029,1192,919
237030,1207,896
237031,1220,872
237032,1234,852
237033,1252,843
237034,1269,831
237035,1280,816
237036,1284,808
237037,1282,803
237038,1280,802
237039,1278,800
237040,1280,798
237041,1274,795
237042,1262,790
237043,1245,785
237044,1231,789
237045,1216,796
237046,1201,804
237047,1180,810
237048,1156,818
237049,1129,827
237050,1105,842
237051,1092,858
237052,1083,872
237053,1076,883
237054,1070,892
237055,1066,902
237056,1058,912
237057,1058,924
237058,1059,934
237059,1063,942
237060,1066,949
237061,1080,955
237062,1097,963
237063,1113,969
237064,1115,974
237065,1099,984
237066,1061,994
237067,1017,1003
237068,980,1018
237069,958,1035
237070,948,1053
237071,938,1065
237072,931,1074
237073,926,1079
237074,922,1082
237075,920,1086
237076,920,1092
237077,917,1092
237078,913,1092
237079,910,1092
237080,905,1095
237081,906,1099
237082,907,1102
237083,904,1102
237084,902,1103
237085,898,1104
237086,895,1106
237087,896,1110
237088,897,1114
237089,897,1115
237090,891,1112
237091,888,1115
237092,883,1119
237093,884,1122
237094,888,1126
237095,889,1128
237096,886,1129
237097,881,1129
237098,878,1133
237099,881,1138
237100,881,1141
237101,881,1140
237102,879,1144
237103,878,1143
237104,879,1145
237105,879,1150
237106,881,1154
237107,879,1155
237108,877,1153
237109,874,1154
237110,870,1158
237111,874,1163
237112,874,1166
237113,874,1166
237114,871,1166
237115,868,1167
237116,870,1170
237117,873,1178
237118,877,1179
237119,878,1180
237120,876,1179
237121,874,1179
237122,873,1183
237123,873,1187
237124,876,1195
237125,880,1191
237126,881,1189
237127,882,1187
237128,884,1187
237129,890,1188
237130,896,1190
237131,899,1189
237132,902,1184
237133,902,1180
237134,906,1178
237135,907,1180
237136,916,1177
237137,918,1175
237138,921,1167
237139,921,1161
237140,923,1159
237141,929,1158
237142,939,1155
237143,942,1148
237144,943,1142
237145,942,1138
237146,945,1133
237147,950,1131
237148,953,1127
237149,959,1123
237150,957,1115
237151,956,1108
237152,955,1107
237153,961,1103
237154,965,1098
237155,967,1092
237156,966,1085
237157,964,1079
237158,966,1075
237159,966,1074
237160,970,1071
237161,971,1066
237162,971,1058
237163,967,1053
237164,966,1051
237165,963,1052
237166,967,1049
237167,971,1046
237168,968,1042
237169,965,1039
237170,965,1040
237171,968,1044
237172,969,1043
237173,971,1044
237174,968,1039
237175,964,1039
237176,965,1039
237177,965,1042
237178,970,1044
237179,970,1042
237180,970,1039
237181,965,1038
237182,965,1038
237183,970,1043
237184,976,1045
237185,977,1042
237186,972,1039
237187,968,1037
237188,969,1038
237189,972,1041
237190,975,1043
237191,976,1043
237192,975,1040
237193,976,1040
237194,974,1041
237195,978,1042
237196,981,1045
237197,978,1041
237198,976,1040
237199,979,1038
237200,978,1037
237201,981,1038
237202,985,1040
237203,984,1038
237204,981,1034
237205,980,1032
237206,980,1035
237207,980,1036
237208,980,1038
237209,984,1033
237210,983,1028
237211,980,1027
237212,980,1031
237213,980,1033
237214,985,1034
237215,983,1032
237216,984,1029
237217,981,1029
237218,979,1030
237219,980,1031
237220,981,1033
237221,981,1033
237222,983,1030
237223,981,1027
237224,981,1029
237225,982,1034
237226,983,1033
237227,980,1032
237228,979,1029
237229,976,1025
237230,975,1028
237231,972,1032
237232,972,1033
237233,976,1030
237234,977,1030
237235,975,1028
237236,976,1030
237237,978,1033
237238,980,1036
237239,981,1032
237240,978,1031
237241,973,1033
237242,973,1033
237243,976,1034
237244,980,1034
237245,983,1030
237246,981,1029
237247,978,1030
237248,978,1032
237249,979,1035
237250,983,1038
237251,982,1033
237252,983,1033
237253,979,1027
237254,979,1032
237255,979,1031
237256,983,1032
237257,983,1031
237258,980,1029
237259,980,1028
237260,979,1030
237261,981,1031
237262,984,1034
237263,985,1032
237264,983,1031
237265,979,1029
237266,978,1029
237267,982,1030
237268,982,1034
237269,981,1032
237270,981,1028
237271,978,1029
237272,976,1028
237273,976,1032
237274,979,1033
237275,978,1030
237276,976,1030
237277,975,1029
237278,972,1032
237279,971,1034
237280,974,1032
237281,975,1031
237282,978,1027
237283,979,1027
237284,977,1030
237285,981,1034
237286,982,1033
237287,984,1034
237288,981,1031
237289,978,1029
237290,978,1029
237291,980,1034
237292,981,1036
237293,978,1034
237294,977,1033
237295,976,1030
237296,976,1036
237297,979,1036
237298,984,1039
237299,985,1038
237300,986,1032
237301,984,1031
237302,985,1033
237303,986,1036
237304,987,1036
237305,989,1038
237306,987,1033
237307,987,1031
237308,986,1033
237309,989,1036
237310,993,1035
237311,995,1033
237312,989,1032
237313,985,1027
237314,986,1030
237315,988,1031
237316,993,1034
237317,991,1032
237318,993,1032
237319,989,1029
237320,990,1031
237321,992,1036
237322,995,1035
237323,994,1033
237324,995,1030
237325,994,1027
237326,994,1027
237327,994,1028
237328,996,1028
237329,997,1025
237330,1002,1021
237331,1008,1016
237332,1020,1017
237333,1040,1018
237334,1060,1022
237335,1085,1018
237336,1113,1011
237337,1143,997
237338,1181,994
237339,1224,993
237340,1266,998
237341,1303,1000
237342,1331,1013
237343,1341,1031
237344,1328,1044
237345,1294,1047
237346,1237,1052
237347,1171,1059
237348,1102,1062
237349,1034,1070
237350,987,1075
237351,961,1076
237352,965,1071
237353,976,1057
237354,986,1046
237355,988,1037
237356,983,1037
237357,984,1038
237358,983,1038
237359,981,1034
237360,980,1029
237361,975,1027
237362,974,1028
237363,972,1033
237364,972,1033
237365,968,1030
237366,969,1028
237367,965,1026
237368,963,1029
237369,964,1032
237370,967,1032
237371,967,1027
237372,968,1027
237373,962,1026
237374,962,1027
237375,959,1031
237376,963,1033
237377,963,1030
237378,963,1028
237379,960,1026
237380,959,1029
237381,964,1032
237382,968,1033
237383,968,1031
237384,968,1030
237385,965,1030
237386,962,1031
237387,964,1035
237388,966,1039
237389,967,1036
237390,965,1032
237391,963,1032
237392,963,1036
237393,967,1040
237394,971,1040
237395,973,1041
237396,970,1038
237397,968,1034
237398,967,1035
237399,972,1035
237400,975,1036
237401,978,1035
237402,976,1030
237403,974,1028
237404,971,1030
237405,972,1035
237406,977,1033
237407,978,1031
237408,978,1029
237409,975,1027
237410,978,1026
237411,981,1029
237412,986,1028
237413,987,1027
237414,986,1022
237415,982,1022
237416,985,1025
237417,988,1024
237418,994,1022
237419,994,1017
237420,993,1012
237421,993,1011
237422,992,1012
237423,995,1013
237424,999,1014
237425,998,1009
237426,999,1005
237427,996,1002
237428,997,1002
237429,1003,1001
237430,1010,1004
237431,1008,999
237432,1007,996
237433,1003,995
237434,1006,994
237435,1010,997
237436,1014,998
237437,1015,996
237438,1012,995
237439,1010,994
237440,1013,995
237441,1016,998
237442,1018,1000
237443,1018,998
237444,1018,998
237445,1016,999
237446,1015,1003
237447,1018,1006
237448,1024,1008
237449,1025,1014
237450,1024,1015
237451,1020,1016
237452,1019,1021
237453,1021,1027
237454,1022,1030
237455,1023,1031
237456,1017,1031
237457,1010,1032
237458,1007,1035
237459,1010,1039
237460,1011,1041
237461,1011,1039
237462,1007,1038
237463,1000,1037
237464,1001,1040
237465,1002,1044
237466,1006,1043
237467,1002,1042
237468,1001,1041
237469,998,1041
237470,997,1041
237471,998,1042
237472,998,1043
237473,996,1045
237474,993,1039
237475,992,1038
237476,993,1039
237477,998,1041
237478,1000,1040
237479,997,1036
237480,993,1031
237481,992,1029
237482,995,1030
237483,999,1031
237484,1002,1033
237485,998,1031
237486,993,1031
237487,990,1029
237488,989,1028
237489,993,1031
237490,998,1036
237491,996,1033
237492,996,1027
237493,992,1028
237494,992,1030
237495,995,1033
237496,999,1032
237497,998,1031
237498,996,1030
237499,994,1027
237500,993,1032
237501,995,1035
237502,999,1037
237503,998,1037
237504,1000,1035
237505,996,1035
237506,998,1040
237507,999,1040
237508,1004,1040
237509,1003,1044
237510,1002,1038
237511,996,1033
237512,997,1035
237513,999,1039
237514,1002,1034
237515,1003,1035
237516,1000,1030
237517,994,1029
237518,995,1032
237519,994,1035
237520,1001,1036
237521,1003,1032
237522,1001,1031
237523,995,1030
237524,990,1031
237525,988,1032
237526,995,1033
237527,997,1031
237528,997,1027
237529,991,1027
237530,994,1027
237531,997,1032
237532,995,1034
237533,996,1030
237534,993,1031
237535,988,1029
237536,989,1031
237537,989,1033
237538,992,1034
237539,991,1035
237540,986,1031
237541,984,1028
237542,985,1033
237543,991,1034
237544,992,1036
237545,992,1032
237546,987,1031
237547,985,1031
237548,984,1031
237549,985,1034
237550,986,1036
237551,989,1039
237552,987,1035
237553,985,1036
237554,986,1038
237555,987,1041
237556,989,1041
237557,985,1040
237558,984,1038
237559,982,1036
237560,983,1039
237561,984,1038
237562,988,1041
237563,986,1033
237564,984,1032
237565,982,1030
237566,984,1030
237567,985,1034
237568,985,1040
237569,985,1036
237570,983,1033
237571,981,1030
237572,984,1035
237573,986,1038
237574,987,1039
237575,991,1037
237576,989,1034
237577,987,1030
237578,986,1035
237579,986,1038
237580,986,1038
237581,989,1037
237582,989,1036
237583,982,1038
237584,980,1039
237585,982,1039
237586,985,1041
237587,985,1037
237588,981,1039
237589,979,1036
237590,979,1038
237591,983,1042
237592,984,1044
237593,985,1040
237594,981,1038
237595,977,1036
237596,980,1036
237597,981,1035
237598,984,1035
237599,984,1035
237600,981,1033
237601,980,1032
237602,981,1033
237603,981,1034
237604,982,1037
237605,980,1037
237606,977,1038
237607,975,1034
237608,976,1035
237609,980,1037
237610,985,1035
237611,986,1034
237612,981,1031
237613,974,1031
237614,974,1034
237615,979,1037
237616,983,1037
237617,984,1036
237618,980,1033
237619,975,1032
237620,971,1033
237621,975,1037
237622,980,1040
237623,980,1038
237624,984,1035
237625,979,1035
237626,981,1038
237627,983,1041
237628,986,1044
237629,985,1042
237630,986,1038
237631,984,1037
237632,983,1041
237633,980,1044
237634,985,1046
237635,987,1044
237636,988,1041
237637,985,1040
237638,985,1038
237639,987,1040
237640,989,1043
237641,989,1042
237642,985,1041
237643,983,1036
237644,984,1038
237645,985,1040
237646,987,1039
237647,981,1036
237648,981,1032
237649,976,1030
237650,975,1031
237651,979,1034
237652,984,1034
237653,985,1037
237654,988,1032
237655,984,1032
237656,983,1033
237657,985,1036
237658,986,1035
237659,987,1034
237660,984,1033
237661,983,1033
237662,984,1036
237663,986,1037
237664,989,1039
237665,988,1039
237666,989,1039
237667,988,1038
237668,989,1038
237669,991,1039
237670,993,1042
237671,995,1038
237672,995,1037
237673,993,1035
237674,994,1037
237675,999,1037
237676,1004,1036
237677,1011,1034
237678,1014,1030
237679,1021,1025
237680,1039,1026
237681,1062,1029
237682,1091,1028
237683,1128,1022
237684,1164,1011
237685,1203,1006
237686,1251,1005
237687,1296,1007
237688,1341,1019
237689,1362,1030
237690,1354,1038
237691,1320,1038
237692,1264,1040
237693,1203,1047
237694,1144,1056
237695,1076,1062
237696,1009,1059
237697,966,1060
237698,955,1057
237699,967,1052
237700,984,1046
237701,992,1037
237702,992,1032
237703,986,1031
237704,979,1032
237705,978,1036
237706,978,1037
237707,977,1035
237708,974,1034
237709,969,1035
237710,969,1037
237711,971,1041
237712,972,1039
237713,970,1040
237714,966,1037
237715,962,1035
237716,963,1040
237717,965,1043
237718,967,1043
237719,967,1041
237720,966,1038
237721,961,1041
237722,962,1042
237723,964,1043
237724,967,1043
237725,968,1042
237726,968,1039
237727,965,1041
237728,960,1041
237729,962,1043
237730,967,1046
237731,965,1044
237732,966,1040
237733,965,1039
237734,964,1042
237735,969,1042
237736,971,1044
237737,972,1042
237738,969,1039
237739,964,1037
237740,965,1038
237741,968,1038
237742,970,1037
237743,970,1033
237744,967,1030
237745,965,1026
237746,964,1028
237747,969,1032
237748,970,1034
237749,968,1032
237750,967,1027
237751,968,1026
237752,971,1028
237753,975,1030
237754,977,1029
237755,977,1027
237756,978,1025
237757,976,1026
237758,978,1027
237759,979,1030
237760,986,1030
237761,990,1030
237762,993,1024
237763,992,1023
237764,992,1025
237765,997,1025
237766,999,1028
237767,1002,1023
237768,1001,1019
237769,997,1019
237770,995,1018
237771,996,1021
237772,1000,1022
237773,1005,1020
237774,1004,1017
237775,1000,1015
237776,1000,1016
237777,1003,1018
237778,1007,1018
237779,1009,1016
237780,1008,1011
237781,1004,1009
237782,1004,1010
237783,1006,1013
237784,1010,1013
237785,1008,1012
237786,1005,1010
237787,1005,1008
237788,1005,1014
237789,1005,1016
237790,1011,1021
237791,1013,1019
237792,1012,1017
237793,1006,1019
237794,1006,1023
237795,1006,1025
237796,1009,1027
237797,1005,1028
237798,1004,1025
237799,1000,1028
237800,998,1030
237801,1000,1033
237802,1004,1039
237803,1002,1038
237804,998,1038
237805,994,1036
237806,992,1042
237807,995,1044
237808,997,1045
237809,996,1044
237810,994,1043
237811,989,1040
237812,990,1045
237813,991,1049
237814,991,1049
237815,994,1047
237816,988,1044
237817,987,1045
237818,985,1045
237819,988,1047
237820,990,1046
237821,989,1041
237822,987,1040
237823,986,1038
237824,987,1040
237825,991,1044
237826,993,1046
237827,992,1046
237828,988,1045
237829,991,1041
237830,996,1039
237831,997,1044
237832,997,1043
237833,995,1042
237834,993,1039
237835,989,1040
237836,990,1040
237837,995,1042
237838,999,1043
237839,999,1042
237840,998,1038
237841,996,1038
237842,995,1041
237843,999,1040
237844,1001,1043
237845,1003,1037
237846,1002,1036
237847,1000,1032
237848,1000,1034
237849,1001,1038
237850,1007,1038
237851,1005,1034
237852,1003,1032
237853,1000,1029
237854,999,1033
237855,1003,1036
237856,1007,1036
237857,1007,1035
237858,1003,1034
237859,1002,1036
237860,1001,1037
237861,1001,1037
237862,1005,1040
237863,1003,1039
237864,1001,1036
237865,999,1036
237866,997,1038
237867,1000,1041
237868,1001,1040
237869,1001,1038
237870,1004,1037
237871,1001,1034
237872,1004,1035
237873,1007,1041
237874,1010,1043
237875,1009,1040
237876,1005,1040
237877,999,1040
237878,1002,1040
237879,1000,1044
237880,1004,1046
237881,999,1045
237882,995,1043
237883,994,1041
237884,993,1044
237885,997,1045
237886,1002,1047
237887,1000,1046
237888,995,1043
237889,992,1041
237890,990,1042
237891,991,1040
237892,992,1044
237893,991,1042
237894,991,1039
237895,987,1035
237896,988,1036
237897,989,1039
237898,991,1038
237899,991,1040
237900,991,1036
237901,990,1034
237902,992,1037
237903,997,1040
237904,1000,1041
237905,997,1039
237906,995,1036
237907,993,1038
237908,989,1037
237909,993,1040
237910,996,1040
237911,995,1038
237912,991,1034
237913,992,1035
237914,999,1038
237915,1001,1042
237916,1002,1042
237917,999,1041
237918,998,1039
237919,998,1038
237920,997,1043
237921,1001,1042
237922,1001,1044
237923,999,1044
237924,995,1040
237925,995,1039
237926,992,1042
237927,998,1044
237928,1001,1044
237929,999,1045
237930,996,1042
237931,993,1042
237932,993,1045
237933,994,1048
237934,998,1046
237935,995,1043
237936,994,1038
237937,996,1033
237938,1000,1034
237939,1016,1034
237940,1033,1032
237941,1053,1030
237942,1074,1026
237943,1104,1021
237944,1147,1013
237945,1197,1005
237946,1252,1005
237947,1303,1010
237948,1337,1023
237949,1354,1041
237950,1344,1051
237951,1304,1054
237952,1241,1060
237953,1170,1067
237954,1089,1078
237955,1015,1085
237956,971,1085
237957,965,1082
237958,980,1069
237959,996,1056
237960,1002,1047
237961,1003,1040
237962,998,1041
237963,996,1042
237964,998,1042
237965,996,1040
237966,990,1036
237967,986,1037
237968,986,1040
237969,987,1041
237970,989,1046
237971,986,1042
237972,984,1039
237973,980,1040
237974,975,1039
237975,976,1042
237976,980,1043
237977,978,1040
237978,976,1035
237979,971,1036
237980,970,1039
237981,972,1040
237982,974,1040
237983,975,1040
237984,972,1040
237985,970,1037
237986,970,1038
237987,973,1041
237988,975,1040
237989,977,1040
237990,971,1038
237991,967,1036
237992,968,1038
237993,972,1043
237994,976,1042
237995,977,1041
237996,977,1035
237997,977,1035
237998,974,1038
237999,974,1039
238000,977,1040
238001,974,1036
238002,970,1031
238003,969,1032
238004,978,1031
238005,977,1032
238006,984,1032
238007,986,1031
238008,981,1027
238009,983,1024
238010,982,1026
238011,989,1028
238012,993,1026
238013,993,1025
238014,994,1023
238015,990,1021
238016,995,1022
238017,995,1023
238018,1001,1025
238019,1000,1019
238020,1002,1018
238021,1001,1017
238022,1005,1018
238023,1010,1017
238024,1014,1016
238025,1015,1011
238026,1013,1009
238027,1009,1007
238028,1010,1010
238029,1014,1010
238030,1018,1011
238031,1017,1007
238032,1012,1005
238033,1012,1002
238034,1015,1003
238035,1018,1005
238036,1019,1006
238037,1016,1003
238038,1012,1004
238039,1011,1000
238040,1012,1006
238041,1016,1006
238042,1017,1008
238043,1014,1007
238044,1012,1008
238045,1014,1009
238046,1012,1010
238047,1014,1013
238048,1015,1015
238049,1012,1016
238050,1009,1015
238051,1006,1014
238052,1003,1019
238053,1003,1024
238054,1004,1030
238055,1003,1031
238056,998,1029
238057,991,1031
238058,990,1033
238059,987,1039
238060,993,1041
238061,996,1038
238062,992,1039
238063,989,1041
238064,989,1044
238065,993,1047
238066,995,1048
238067,993,1047
238068,989,1047
238069,987,1049
238070,990,1048
238071,990,1053
238072,989,1053
238073,989,1051
238074,988,1050
238075,988,1047
238076,987,1050
238077,990,1054
238078,991,1054
238079,992,1052
238080,989,1050
238081,982,1048
238082,985,1051
238083,990,1056
238084,993,1053
238085,989,1052
238086,985,1049
238087,986,1047
238088,988,1048
238089,993,1047
238090,994,1049
238091,990,1044
238092,988,1040
238093,986,1041
238094,989,1041
238095,992,1045
238096,994,1046
238097,992,1040
238098,995,1039
238099,992,1040
238100,990,1042
238101,992,1046
238102,994,1048
238103,995,1042
238104,992,1042
238105,990,1041
238106,993,1043
238107,992,1045
238108,993,1047
238109,990,1044
238110,989,1042
238111,992,1042
238112,993,1042
238113,994,1045
238114,994,1045
238115,993,1044
238116,993,1042
238117,986,1042
238118,983,1046
238119,988,1048
238120,991,1050
238121,991,1049
238122,990,1046
238123,989,1046
238124,987,1047
238125,986,1050
238126,990,1050
238127,988,1049
238128,985,1048
238129,985,1048
238130,987,1046
238131,989,1049
238132,989,1050
238133,990,1050
238134,983,1043
238135,984,1044
238136,986,1048
238137,989,1050
238138,993,1052
238139,990,1047
238140,985,1045
238141,982,1043
238142,981,1042
238143,987,1043
238144,990,1042
238145,989,1038
238146,986,1038
238147,984,1037
238148,988,1040
238149,986,1044
238150,987,1044
238151,989,1041
238152,989,1039
238153,983,1039
238154,982,1042
238155,984,1044
238156,990,1046
238157,987,1045
238158,984,1042
238159,982,1042
238160,983,1045
238161,985,1049
238162,992,1049
238163,989,1047
238164,986,1045
238165,980,1045
238166,981,1047
238167,981,1051
238168,982,1051
238169,980,1051
238170,978,1046
238171,982,1048
238172,983,1051
238173,982,1055
238174,983,1056
238175,983,1052
238176,983,1050
238177,981,1048
238178,981,1052
238179,982,1055
238180,985,1056
238181,984,1055
238182,983,1051
238183,981,1051
238184,981,1055
238185,983,1055
238186,984,1059
238187,982,1057
238188,979,1052
238189,980,1054
238190,983,1052
238191,986,1057
238192,989,1057
238193,989,1053
238194,987,1052
238195,983,1050
238196,983,1051
238197,989,1051
238198,993,1049
238199,993,1047
238200,993,1040
238201,986,1040
238202,983,1043
238203,989,1044
238204,992,1044
238205,995,1043
238206,997,1040
238207,994,1040
238208,994,1040
238209,995,1042
238210,1004,1039
238211,1007,1034
238212,1017,1030
238213,1028,1030
238214,1042,1028
238215,1064,1030
238216,1093,1026
238217,1129,1016
238218,1172,1006
238219,1218,1001
238220,1272,1010
238221,1319,1030
238222,1350,1045
238223,1345,1059
238224,1307,1059
238225,1238,1059
238226,1160,1069
238227,1089,1079
238228,1020,1088
238229,970,1089
238230,955,1082
238231,961,1068
238232,977,1059
238233,986,1055
238234,990,1053
238235,989,1049
238236,985,1047
238237,977,1043
238238,973,1046
238239,975,1051
238240,974,1050
238241,972,1051
238242,972,1047
238243,971,1046
238244,971,1051
238245,972,1054
238246,973,1054
238247,970,1052
238248,969,1051
238249,969,1050
238250,969,1053
238251,967,1056
238252,972,1052
238253,971,1048
238254,972,1049
238255,972,1049
238256,971,1052
238257,971,1053
238258,976,1055
238259,974,1053
238260,970,1054
238261,971,1050
238262,971,1053
238263,975,1056
238264,976,1054
238265,977,1053
238266,975,1052
238267,972,1047
238268,972,1046
238269,974,1048
238270,977,1048
238271,974,1046
238272,972,1042
238273,970,1039
238274,972,1045
238275,976,1047
238276,981,1045
238277,980,1042
238278,979,1038
238279,977,1039
238280,976,1040
238281,978,1043
238282,979,1040
238283,980,1037
238284,986,1033
238285,986,1033
238286,988,1037
238287,992,1039
238288,992,1040
238289,991,1035
238290,991,1033
238291,989,1032
238292,989,1034
238293,994,1033
238294,999,1033
238295,998,1030
238296,996,1027
238297,992,1025
238298,996,1025
238299,999,1025
238300,1006,1025
238301,1008,1023
238302,1009,1019
238303,1005,1019
238304,1005,1019
238305,1007,1022
238306,1011,1021
238307,1013,1017
238308,1012,1014
238309,1011,1015
238310,1014,1020
238311,1017,1023
238312,1023,1021
238313,1021,1021
238314,1020,1022
238315,1016,1020
238316,1019,1024
238317,1022,1026
238318,1025,1028
238319,1024,1028
238320,1020,1026
238321,1017,1029
238322,1018,1029
238323,1017,1036
238324,1020,1039
238325,1014,1038
238326,1009,1037
238327,1009,1039
238328,1007,1044
238329,1010,1049
238330,1010,1047
238331,1009,1050
238332,1007,1049
238333,1004,1050
238334,1004,1050
238335,1002,1051
238336,1003,1052
238337,998,1048
238338,994,1047
238339,992,1048
238340,991,1051
238341,993,1053
238342,996,1056
238343,996,1054
238344,993,1053
238345,986,1054
238346,986,1056
238347,986,1059
238348,987,1059
238349,986,1057
238350,984,1055
238351,984,1054
238352,988,1058
238353,995,1061
238354,999,1059
238355,1002,1059
238356,1003,1059
238357,1011,1061
238358,1014,1066
238359,1025,1071
238360,1034,1074
238361,1038,1075
238362,1043,1070
238363,1055,1062
238364,1072,1048
238365,1088,1035
238366,1108,1018
238367,1122,1004
238368,1139,991
238369,1155,976
238370,1173,963
238371,1195,948
238372,1220,925
238373,1240,902
238374,1260,879
238375,1276,865
238376,1293,852
238377,1310,845
238378,1316,841
238379,1316,835
238380,1312,830
238381,1309,823
238382,1308,825
238383,1304,824
238384,1296,822
238385,1279,820
238386,1253,821
238387,1227,828
238388,1197,839
238389,1174,850
238390,1149,858
238391,1128,868
238392,1108,878
238393,1090,890
238394,1082,905
238395,1076,924
238396,1073,936
238397,1064,941
238398,1057,950
238399,1057,958
238400,1067,974
238401,1085,986
238402,1109,994
238403,1121,1000
238404,1115,1001
238405,1091,1012
238406,1054,1023
238407,1015,1036
238408,977,1048
238409,952,1059
238410,937,1070
238411,928,1085
238412,925,1095
238413,922,1101
238414,920,1101
238415,917,1104
238416,907,1105
238417,899,1106
238418,898,1111
238419,899,1115
238420,901,1116
238421,897,1116
238422,891,1115
238423,885,1116
238424,881,1120
238425,884,1126
238426,884,1126
238427,883,1124
238428,880,1123
238429,876,1126
238430,878,1130
238431,880,1131
238432,880,1137
238433,877,1133
238434,875,1131
238435,872,1136
238436,872,1138
238437,872,1142
238438,874,1142
238439,873,1145
238440,870,1145
238441,865,1146
238442,865,1151
238443,866,1158
238444,868,1160
238445,865,1161
238446,861,1163
238447,857,1162
238448,858,1165
238449,859,1167
238450,863,1172
238451,865,1172
238452,864,1174
238453,860,1175
238454,863,1179
238455,865,1185
238456,868,1186
238457,869,1186
238458,866,1186
238459,868,1187
238460,869,1192
238461,872,1199
238462,876,1196
238463,874,1196
238464,873,1192
238465,877,1190
238466,882,1188
238467,886,1191
238468,891,1189
238469,893,1182
238470,893,1179
238471,896,1177
238472,899,1173
238473,906,1175
238474,915,1168
238475,922,1163
238476,921,1156
238477,922,1151
238478,925,1149
238479,932,1147
238480,937,1139
238481,940,1135
238482,939,1126
238483,940,1119
238484,946,1116
238485,953,1113
238486,963,1105
238487,966,1098
238488,963,1091
238489,960,1087
238490,957,1086
238491,960,1091
238492,962,1087
238493,961,1081
238494,959,1078
238495,958,1074
238496,959,1075
238497,964,1076
238498,971,1072
238499,970,1070
238500,968,1063
238501,965,1061
238502,968,1064
238503,971,1067
238504,976,1064
238505,976,1061
238506,972,1056
238507,967,1055
238508,968,1055
238509,970,1059
238510,976,1058
238511,977,1052
238512,975,1048
238513,972,1049
238514,971,1051
238515,972,1053
238516,977,1054
238517,978,1051
238518,974,1048
238519,971,1050
238520,972,1049
238521,973,1053
238522,974,1051
238523,974,1050
238524,974,1046
238525,974,1046
238526,978,1050
238527,980,1049
238528,980,1052
238529,983,1048
238530,978,1045
238531,975,1048
238532,975,1051
238533,978,1055
238534,978,1050
238535,978,1051
238536,972,1047
238537,973,1047
238538,976,1048
238539,978,1054
238540,981,1053
238541,983,1050
238542,977,1046
238543,972,1045
238544,972,1048
238545,978,1054
238546,980,1052
238547,979,1050
238548,973,1049
238549,973,1049
238550,973,1054
238551,975,1054
238552,977,1053
238553,978,1046
238554,976,1041
238555,975,1043
238556,974,1044
238557,976,1048
238558,977,1045
238559,976,1042
238560,970,1037
238561,969,1040
238562,969,1040
238563,970,1045
238564,978,1043
238565,979,1042
238566,977,1040
238567,974,1043
238568,972,1045
238569,973,1046
238570,975,1047
238571,975,1045
238572,974,1040
238573,973,1042
238574,976,1043
238575,976,1045
238576,979,1047
238577,978,1043
238578,974,1038
238579,969,1041
238580,972,1044
238581,976,1044
238582,980,1047
238583,978,1047
238584,977,1045
238585,975,1046
238586,975,1047
238587,973,1050
238588,974,1047
238589,972,1044
238590,972,1041
238591,973,1043
238592,973,1046
238593,977,1046
238594,976,1044
238595,974,1044
238596,970,1041
238597,969,1042
238598,969,1045
238599,973,1047
238600,976,1046
238601,973,1044
238602,974,1044
238603,972,1043
238604,972,1041
238605,976,1042
238606,976,1041
238607,973,1041
238608,969,1040
238609,966,1043
238610,966,1047
238611,966,1051
238612,963,1049
238613,967,1050
238614,966,1046
238615,969,1045
238616,973,1045
238617,978,1047
238618,972,1045
238619,968,1043
238620,962,1041
238621,961,1041
238622,962,1042
238623,965,1047
238624,968,1047
238625,970,1046
238626,965,1044
238627,966,1045
238628,970,1048
238629,974,1048
238630,977,1049
238631,973,1048
238632,966,1047
238633,964,1046
238634,970,1049
238635,976,1050
238636,981,1048
238637,979,1046
238638,973,1040
238639,966,1040
238640,969,1043
238641,973,1046
238642,976,1042
238643,974,1041
238644,969,1035
238645,967,1034
238646,971,1033
238647,974,1035
238648,976,1036
238649,976,1035
238650,975,1036
238651,971,1038
238652,971,1039
238653,971,1044
238654,972,1044
238655,971,1043
238656,970,1040
238657,967,1039
238658,969,1042
238659,972,1045
238660,972,1046
238661,973,1042
238662,971,1042
238663,971,1043
238664,975,1045
238665,976,1047
238666,976,1050
238667,972,1046
238668,971,1046
238669,967,1047
238670,969,1048
238671,973,1051
238672,977,1050
238673,971,1049
238674,967,1045
238675,968,1045
238676,972,1047
238677,973,1049
238678,976,1049
238679,975,1047
238680,975,1044
238681,972,1046
238682,970,1046
238683,972,1049
238684,974,1049
238685,975,1046
238686,973,1043
238687,971,1041
238688,972,1042
238689,977,1043
238690,979,1040
238691,971,1036
238692,971,1034
238693,970,1034
238694,974,1035
238695,979,1040
238696,982,1036
238697,978,1037
238698,979,1031
238699,979,1030
238700,983,1030
238701,994,1034
238702,1006,1032
238703,1018,1028
238704,1031,1025
238705,1050,1022
238706,1082,1021
238707,1120,1015
238708,1160,1008
238709,1201,1004
238710,1241,1007
238711,1275,1019
238712,1308,1038
238713,1327,1056
238714,1322,1061
238715,1280,1063
238716,1221,1059
238717,1151,1067
238718,1088,1081
238719,1031,1089
238720,986,1090
238721,951,1091
238722,946,1083
238723,954,1076
238724,964,1068
238725,969,1062
238726,976,1056
238727,972,1048
238728,970,1046
238729,964,1045
238730,961,1048
238731,957,1049
238732,958,1051
238733,955,1047
238734,950,1044
238735,948,1044
238736,946,1046
238737,949,1046
238738,954,1046
238739,954,1043
238740,952,1040
238741,946,1039
238742,945,1039
238743,944,1043
238744,949,1040
238745,948,1041
238746,944,1040
238747,946,1039
238748,948,1041
238749,953,1043
238750,952,1043
238751,953,1039
238752,950,1034
238753,946,1037
238754,949,1039
238755,951,1040
238756,955,1043
238757,954,1041
238758,952,1037
238759,946,1038
238760,947,1041
238761,952,1044
238762,952,1040
238763,951,1040
238764,946,1038
238765,945,1037
238766,947,1039
238767,951,1041
238768,953,1040
238769,954,1040
238770,951,1036
238771,950,1037
238772,951,1037
238773,953,1039
238774,955,1035
238775,953,1035
238776,952,1031
238777,951,1032
238778,956,1031
238779,956,1032
238780,960,1031
238781,957,1026
238782,958,1023
238783,958,1023
238784,958,1022
238785,958,1026
238786,956,1026
238787,957,1022
238788,960,1019
238789,961,1023
238790,961,1021
238791,963,1021
238792,966,1021
238793,966,1018
238794,965,1015
238795,965,1014
238796,968,1016
238797,973,1016
238798,976,1015
238799,978,1016
238800,977,1011
238801,977,1012
238802,978,1015
238803,981,1016
238804,984,1014
238805,983,1012
238806,979,1009
238807,981,1010
238808,985,1011
238809,989,1015
238810,989,1015
238811,992,1011
238812,987,1011
238813,990,1012
238814,993,1014
238815,996,1018
238816,998,1015
238817,999,1015
238818,999,1014
238819,995,1017
238820,998,1020
238821,1000,1024
238822,1001,1022
238823,1000,1024
238824,998,1024
238825,993,1026
238826,994,1027
238827,995,1031
238828,996,1035
238829,993,1032
238830,990,1031
238831,988,1034
238832,989,1038
238833,992,1040
238834,991,1041
238835,987,1040
238836,982,1038
238837,979,1038
238838,979,1043
238839,981,1048
238840,983,1048
238841,982,1048
238842,979,1046
238843,975,1046
238844,977,1045
238845,980,1050
238846,980,1046
238847,979,1044
238848,978,1041
238849,970,1041
238850,974,1044
238851,979,1047
238852,979,1049
238853,978,1048
238854,975,1044
238855,972,1043
238856,975,1047
238857,976,1049
238858,982,1050
238859,976,1047
238860,975,1047
238861,971,1049
238862,976,1052
238863,980,1056
238864,983,1056
238865,980,1053
238866,977,1050
238867,977,1050
238868,977,1049
238869,980,1050
238870,986,1053
238871,983,1048
238872,979,1044
238873,979,1047
238874,980,1048
238875,984,1053
238876,986,1051
238877,986,1051
238878,984,1047
238879,978,1044
238880,978,1049
238881,982,1050
238882,982,1047
238883,985,1047
238884,987,1043
238885,983,1043
238886,980,1047
238887,979,1051
238888,986,1051
238889,987,1050
238890,984,1050
238891,978,1048
238892,983,1055
238893,986,1056
238894,992,1052
238895,989,1051
238896,990,1045
238897,985,1043
238898,985,1047
238899,985,1051
238900,987,1050
238901,986,1048
238902,982,1042
238903,982,1045
238904,983,1049
238905,985,1049
238906,988,1047
238907,988,1047
238908,983,1041
238909,982,1043
238910,982,1047
238911,980,1049
238912,984,1050
238913,985,1047
238914,983,1045
238915,983,1041
238916,984,1042
238917,985,1050
238918,986,1050
238919,984,1050
238920,982,1046
238921,981,1046
238922,979,1049
238923,983,1053
238924,984,1051
238925,984,1045
238926,981,1043
238927,981,1040
238928,984,1040
238929,992,1042
238930,1004,1039
238931,1018,1035
238932,1029,1033
238933,1051,1031
238934,1082,1028
238935,1120,1025
238936,1163,1022
238937,1209,1021
238938,1255,1026
238939,1298,1040
238940,1329,1065
238941,1341,1081
238942,1323,1082
238943,1281,1077
238944,1225,1072
238945,1162,1081
238946,1098,1092
238947,1034,1104
238948,979,1107
238949,946,1104
238950,943,1093
238951,952,1084
238952,964,1073
238953,972,1067
238954,977,1060
238955,975,1053
238956,971,1045
238957,967,1046
238958,964,1047
238959,965,1050
238960,963,1051
238961,962,1048
238962,960,1044
238963,958,1046
238964,958,1048
238965,960,1049
238966,960,1049
238967,959,1047
238968,955,1045
238969,952,1045
238970,949,1047
238971,951,1048
238972,955,1049
238973,954,1045
238974,951,1043
238975,948,1045
238976,948,1046
238977,949,1048
238978,954,1047
238979,954,1045
238980,952,1043
238981,950,1043
238982,950,1046
238983,955,1048
238984,956,1048
238985,956,1048
238986,954,1044
238987,951,1047
238988,953,1049
238989,957,1052
238990,959,1049
238991,958,1049
238992,955,1045
238993,953,1044
238994,955,1044
238995,959,1045
238996,962,1043
238997,963,1044
238998,960,1038
238999,958,1039
239000,960,1039
239001,961,1042
239002,965,1041
239003,961,1038
239004,959,1034
239005,961,1031
239006,963,1033
239007,967,1031
239008,969,1029
239009,968,1026
239010,964,1020
239011,966,1022
239012,971,1022
239013,974,1023
239014,976,1022
239015,975,1021
239016,974,1018
239017,977,1017
239018,979,1016
239019,983,1015
239020,987,1011
239021,983,1010
239022,980,1006
239023,979,1005
239024,984,1006
239025,986,1007
239026,986,1004
239027,988,1003
239028,987,998
239029,984,996
239030,986,999
239031,989,999
239032,990,1000
239033,991,997
239034,989,995
239035,987,995
239036,991,996
239037,993,999
239038,996,1000
239039,996,999
239040,998,997
239041,997,1002
239042,996,1006
239043,996,1010
239044,1000,1012
239045,1002,1013
239046,997,1013
239047,995,1016
239048,996,1021
239049,997,1027
239050,999,1026
239051,996,1029
239052,992,1028
239053,988,1030
239054,986,1037
239055,987,1044
239056,985,1044
239057,983,1043
239058,981,1041
239059,982,1043
239060,984,1048
239061,986,1050
239062,987,1051
239063,983,1051
239064,975,1050
239065,969,1054
239066,968,1057
239067,969,1061
239068,975,1061
239069,973,1057
239070,971,1054
239071,970,1057
239072,967,1056
239073,971,1060
239074,971,1061
239075,970,1057
239076,967,1054
239077,964,1053
239078,967,1057
239079,969,1059
239080,971,1054
239081,974,1054
239082,972,1053
239083,973,1052
239084,973,1056
239085,976,1058
239086,978,1056
239087,977,1052
239088,975,1051
239089,975,1051
239090,974,1054
239091,975,1055
239092,979,1056
239093,979,1052
239094,974,1051
239095,974,1051
239096,979,1052
239097,985,1053
239098,983,1052
239099,981,1049
239100,978,1046
239101,976,1047
239102,982,1049
239103,982,1049
239104,987,1049
239105,986,1045
239106,984,1044
239107,984,1044
239108,987,1048
239109,989,1050
239110,991,1048
239111,989,1046
239112,987,1044
239113,986,1044
239114,986,1044
239115,986,1047
239116,987,1045
239117,987,1044
239118,984,1041
239119,984,1042
239120,987,1047
239121,986,1047
239122,987,1046
239123,985,1044
239124,980,1042
239125,979,1043
239126,978,1044
239127,984,1047
239128,984,1043
239129,987,1040
239130,980,1038
239131,977,1040
239132,978,1043
239133,980,1047
239134,984,1046
239135,980,1045
239136,977,1043
239137,975,1045
239138,976,1049
239139,981,1050
239140,981,1049
239141,978,1045
239142,974,1044
239143,973,1047
239144,978,1050
239145,979,1052
239146,980,1050
239147,978,1048
239148,974,1046
239149,974,1046
239150,976,1052
239151,979,1053
239152,982,1052
239153,980,1051
239154,975,1048
239155,975,1050
239156,978,1051
239157,979,1050
239158,984,1049
239159,980,1046
239160,980,1044
239161,978,1046
239162,981,1047
239163,980,1050
239164,983,1048
239165,981,1048
239166,980,1048
239167,979,1048
239168,981,1049
239169,985,1052
239170,988,1049
239171,989,1047
239172,986,1044
239173,986,1041
239174,986,1046
239175,991,1050
239176,987,1043
239177,985,1039
239178,981,1039
239179,979,1044
239180,979,1045
239181,984,1046
239182,985,1045
239183,981,1043
239184,982,1041
239185,984,1042
239186,984,1045
239187,987,1044
239188,987,1047
239189,985,1042
239190,982,1043
239191,979,1044
239192,982,1047
239193,988,1048
239194,995,1045
239195,998,1040
239196,1003,1040
239197,1010,1037
239198,1025,1040
239199,1047,1042
239200,1071,1039
239201,1104,1027
239202,1136,1015
239203,1173,1007
239204,1217,1002
239205,1262,1007
239206,1303,1016
239207,1327,1032
239208,1330,1041
239209,1310,1050
239210,1268,1053
239211,1218,1057
239212,1158,1066
239213,1097,1071
239214,1035,1075
239215,987,1077
239216,960,1081
239217,955,1078
239218,966,1068
239219,974,1059
239220,978,1049
239221,978,1045
239222,980,1044
239223,982,1045
239224,979,1044
239225,978,1038
239226,974,1037
239227,970,1037
239228,970,1041
239229,971,1045
239230,971,1045
239231,966,1042
239232,966,1037
239233,966,1040
239234,967,1039
239235,969,1045
239236,967,1043
239237,968,1042
239238,965,1042
239239,966,1040
239240,963,1044
239241,965,1049
239242,963,1048
239243,963,1047
239244,962,1049
239245,961,1051
239246,964,1050
239247,966,1053
239248,967,1050
239249,966,1045
239250,965,1045
239251,962,1047
239252,963,1050
239253,967,1053
239254,968,1050
239255,969,1048
239256,961,1045
239257,956,1046
239258,959,1049
239259,963,1050
239260,963,1046
239261,965,1046
239262,962,1041
239263,959,1042
239264,956,1045
239265,959,1047
239266,959,1046
239267,959,1045
239268,960,1041
239269,958,1041
239270,960,1043
239271,961,1043
239272,965,1043
239273,964,1039
239274,960,1037
239275,960,1038
239276,963,1039
239277,968,1040
239278,970,1037
239279,970,1032
239280,968,1025
239281,966,1026
239282,971,1027
239283,970,1027
239284,973,1027
239285,973,1023
239286,976,1020
239287,977,1019
239288,980,1021
239289,985,1021
239290,985,1019
239291,981,1018
239292,980,1011
239293,980,1010
239294,986,1009
239295,989,1013
239296,993,1011
239297,992,1007
239298,989,1005
239299,993,1006
239300,993,1008
239301,996,1008
239302,997,1009
239303,996,1006
239304,995,1003
239305,992,1004
239306,992,1009
239307,995,1011
239308,998,1014
239309,1001,1013
239310,1001,1007
239311,999,1009
239312,1002,1015
239313,1005,1019
239314,1006,1020
239315,1000,1021
239316,999,1020
239317,998,1022
239318,1001,1026
239319,1005,1031
239320,1005,1034
239321,1002,1031
239322,996,1032
239323,996,1034
239324,998,1041
239325,996,1044
239326,996,1042
239327,993,1042
239328,991,1041
239329,985,1041
239330,985,1043
239331,987,1046
239332,989,1045
239333,991,1044
239334,988,1039
239335,986,1042
239336,984,1044
239337,981,1046
239338,981,1047
239339,979,1043
239340,981,1041
239341,978,1041
239342,980,1044
239343,982,1046
239344,986,1045
239345,983,1043
239346,984,1042
239347,985,1044
239348,987,1047
239349,986,1051
239350,993,1050
239351,997,1047
239352,1003,1046
239353,1008,1052
239354,1010,1053
239355,1016,1058
239356,1022,1059
239357,1028,1060
239358,1035,1056
239359,1044,1048
239360,1064,1042
239361,1080,1029
239362,1091,1012
239363,1106,997
239364,1122,980
239365,1139,971
239366,1158,960
239367,1172,945
239368,1186,926
239369,1204,901
239370,1222,880
239371,1243,862
239372,1262,851
239373,1276,841
239374,1285,835
239375,1284,830
239376,1280,824
239377,1275,824
239378,1273,820
239379,1267,821
239380,1254,818
239381,1234,816
239382,1210,819
239383,1189,826
239384,1166,835
239385,1144,846
239386,1117,856
239387,1088,867
239388,1067,877
239389,1054,895
239390,1053,913
239391,1055,930
239392,1053,940
239393,1047,948
239394,1037,955
239395,1034,969
239396,1046,983
239397,1063,993
239398,1081,999
239399,1086,1001
239400,1072,1006
239401,1044,1013
239402,1007,1025
239403,973,1037
239404,943,1047
239405,925,1058
239406,917,1069
239407,908,1080
239408,908,1090
239409,909,1095
239410,908,1098
239411,903,1096
239412,894,1095
239413,886,1099
239414,885,1105
239415,884,1110
239416,885,1111
239417,882,1110
239418,875,1110
239419,874,1114
239420,872,1118
239421,874,1119
239422,873,1118
239423,871,1119
239424,866,1118
239425,867,1121
239426,862,1121
239427,865,1125
239428,866,1126
239429,867,1126
239430,862,1126
239431,855,1127
239432,855,1132
239433,858,1137
239434,858,1140
239435,856,1137
239436,854,1138
239437,847,1140
239438,846,1147
239439,846,1151
239440,847,1152
239441,848,1152
239442,845,1152
239443,845,1155
239444,846,1158
239445,846,1162
239446,849,1160
239447,848,1160
239448,845,1161
239449,845,1160
239450,847,1165
239451,852,1170
239452,856,1172
239453,856,1168
239454,855,1167
239455,852,1171
239456,851,1174
239457,855,1178
239458,861,1176
239459,863,1172
239460,864,1170
239461,867,1167
239462,871,1169
239463,877,1172
239464,885,1166
239465,886,1165
239466,884,1158
239467,890,1154
239468,895,1156
239469,901,1154
239470,909,1146
239471,912,1139
239472,913,1134
239473,914,1129
239474,915,1129
239475,922,1126
239476,930,1118
239477,932,1114
239478,929,1110
239479,930,1108
239480,931,1103
239481,942,1105
239482,944,1098
239483,948,1091
239484,946,1088
239485,942,1085
239486,943,1083
239487,948,1082
239488,952,1076
239489,950,1071
239490,947,1068
239491,946,1065
239492,949,1063
239493,953,1062
239494,957,1061
239495,956,1056
239496,954,1053
239497,955,1053
239498,959,1052
239499,960,1054
239500,961,1055
239501,962,1052
239502,960,1051
239503,960,1047
239504,962,1052
239505,968,1057
239506,972,1055
239507,969,1054
239508,967,1051
239509,967,1050
239510,970,1053
239511,974,1057
239512,976,1055
239513,973,1055
239514,969,1050
239515,967,1053
239516,970,1056
239517,975,1060
239518,978,1058
239519,979,1055
239520,974,1049
239521,968,1051
239522,968,1052
239523,971,1055
239524,974,1053
239525,974,1052
239526,973,1047
239527,971,1046
239528,971,1049
239529,973,1053
239530,975,1051
239531,973,1051
239532,968,1047
239533,966,1050
239534,969,1049
239535,972,1055
239536,972,1052
239537,971,1046
239538,970,1043
239539,973,1043
239540,979,1045
239541,980,1048
239542,979,1046
239543,976,1045
239544,974,1044
239545,973,1044
239546,973,1047
239547,978,1050
239548,978,1049
239549,976,1046
239550,976,1044
239551,974,1045
239552,975,1047
239553,974,1051
239554,979,1049
239555,980,1046
239556,976,1045
239557,978,1050
239558,983,1052
239559,982,1055
239560,979,1051
239561,977,1048
239562,975,1045
239563,975,1046
239564,976,1050
239565,976,1052
239566,975,1053
239567,977,1048
239568,975,1049
239569,976,1051
239570,977,1052
239571,978,1053
239572,980,1050
239573,981,1049
239574,973,1045
239575,970,1046
239576,972,1049
239577,975,1054
239578,975,1051
239579,974,1047
239580,971,1045
239581,970,1047
239582,968,1050
239583,970,1051
239584,971,1049
239585,971,1049
239586,966,1046
239587,968,1046
239588,971,1048
239589,972,1050
239590,977,1051
239591,974,1048
239592,973,1049
239593,973,1050
239594,978,1052
239595,979,1057
239596,981,1053
239597,977,1051
239598,976,1047
239599,975,1048
239600,976,1051
239601,980,1057
239602,982,1053
239603,978,1054
239604,974,1051
239605,971,1050
239606,976,1056
239607,978,1057
239608,978,1056
239609,977,1053
239610,976,1050
239611,976,1052
239612,979,1053
239613,978,1055
239614,981,1050
239615,978,1046
239616,973,1045
239617,969,1045
239618,974,1046
239619,980,1047
239620,980,1049
239621,975,1046
239622,970,1042
239623,969,1042
239624,971,1046
239625,975,1048
239626,975,1048
239627,973,1047
239628,970,1047
239629,968,1046
239630,970,1045
239631,973,1045
239632,974,1045
239633,974,1042
239634,976,1038
239635,979,1042
239636,982,1045
239637,985,1048
239638,985,1048
239639,985,1045
239640,983,1044
239641,979,1046
239642,983,1048
239643,985,1051
239644,987,1048
239645,982,1046
239646,981,1045
239647,981,1044
239648,985,1045
239649,991,1052
239650,992,1052
239651,991,1047
239652,989,1047
239653,984,1051
239654,986,1053
239655,987,1054
239656,990,1051
239657,988,1050
239658,985,1049
239659,984,1050
239660,985,1051
239661,989,1055
239662,986,1055
239663,983,1053
239664,984,1051
239665,987,1049
239666,987,1052
239667,988,1055
239668,991,1051
239669,989,1047
239670,990,1045
239671,988,1046
239672,989,1048
239673,992,1047
239674,995,1049
239675,993,1045
239676,990,1039
239677,992,1040
239678,995,1039
239679,1004,1038
239680,1016,1037
239681,1028,1031
239682,1040,1028
239683,1067,1029
239684,1102,1024
239685,1142,1019
239686,1189,1012
239687,1235,1007
239688,1281,1008
239689,1316,1019
239690,1349,1043
239691,1359,1057
239692,1339,1062
239693,1288,1059
239694,1221,1062
239695,1151,1069
239696,1085,1080
239697,1023,1085
239698,984,1081
239699,966,1075
239700,969,1064
239701,975,1053
239702,988,1048
239703,994,1045
239704,994,1044
239705,987,1040
239706,979,1037
239707,977,1038
239708,975,1043
239709,972,1049
239710,970,1049
239711,968,1047
239712,967,1045
239713,968,1042
239714,972,1044
239715,976,1048
239716,977,1048
239717,974,1044
239718,974,1043
239719,970,1046
239720,971,1047
239721,971,1050
239722,971,1049
239723,969,1049
239724,966,1042
239725,965,1042
239726,965,1046
239727,968,1046
239728,970,1045
239729,968,1042
239730,966,1040
239731,966,1041
239732,965,1041
239733,968,1043
239734,971,1042
239735,970,1039
239736,964,1035
239737,966,1034
239738,969,1040
239739,972,1043
239740,971,1038
239741,967,1036
239742,966,1036
239743,963,1037
239744,965,1038
239745,971,1040
239746,973,1040
239747,973,1039
239748,969,1037
239749,968,1035
239750,970,1039
239751,973,1042
239752,976,1037
239753,975,1034
239754,969,1031
239755,971,1032
239756,976,1037
239757,983,1039
239758,984,1035
239759,982,1034
239760,981,1030
239761,978,1031
239762,983,1034
239763,987,1037
239764,989,1033
239765,988,1030
239766,989,1024
239767,987,1025
239768,993,1024
239769,997,1028
239770,998,1026
239771,993,1021
239772,990,1017
239773,989,1015
239774,994,1019
239775,998,1020
239776,1002,1015
239777,1002,1012
239778,1000,1011
239779,1001,1013
239780,1004,1014
239781,1010,1015
239782,1010,1012
239783,1008,1007
239784,1009,1002
239785,1007,1004
239786,1009,1003
239787,1014,1005
239788,1017,1004
239789,1017,1001
239790,1021,997
239791,1020,1000
239792,1019,1003
239793,1024,1004
239794,1022,1005
239795,1019,1004
239796,1015,1004
239797,1016,1009
239798,1018,1011
239799,1019,1019
239800,1019,1017
239801,1018,1017
239802,1012,1022
239803,1014,1025
239804,1020,1031
239805,1022,1035
239806,1020,1036
239807,1013,1034
239808,1010,1034
239809,1002,1038
239810,1002,1043
239811,1006,1046
239812,1006,1045
239813,1007,1045
239814,1004,1038
239815,1002,1044
239816,999,1048
239817,1003,1051
239818,1001,1051
239819,999,1046
239820,994,1043
239821,994,1042
239822,1001,1044
239823,1002,1048
239824,1002,1047
239825,999,1045
239826,996,1042
239827,1000,1043
239828,1004,1046
239829,1007,1046
239830,1008,1045
239831,1008,1042
239832,1001,1037
239833,1001,1038
239834,1002,1042
239835,1007,1045
239836,1008,1042
239837,1005,1040
239838,1000,1036
239839,998,1037
239840,1000,1043
239841,1001,1042
239842,1000,1040
239843,994,1034
239844,987,1030
239845,988,1033
239846,992,1035
239847,996,1037
239848,999,1034
239849,999,1030
239850,997,1026
239851,997,1030
239852,1000,1034
239853,1000,1036
239854,1001,1034
239855,1005,1033
239856,1000,1027
239857,998,1028
239858,1000,1031
239859,1000,1032
239860,1002,1034
239861,1003,1034
239862,999,1031
239863,999,1036
239864,999,1035
239865,1002,1034
239866,1005,1032
239867,1005,1031
239868,1001,1030
239869,999,1032
239870,1000,1034
239871,1000,1039
239872,1001,1036
239873,1001,1034
239874,1000,1029
239875,1000,1032
239876,1000,1032
239877,1005,1036
239878,1003,1033
239879,999,1033
239880,993,1031
239881,994,1031
239882,1001,1033
239883,1003,1037
239884,999,1036
239885,995,1036
239886,991,1035
239887,994,1035
239888,996,1040
239889,999,1041
239890,998,1040
239891,995,1038
239892,994,1038
239893,995,1039
239894,999,1042
239895,997,1040
239896,996,1039
239897,994,1034
239898,992,1032
239899,995,1034
239900,1000,1040
239901,1002,1043
239902,1003,1037
239903,997,1032
239904,994,1027
239905,998,1027
239906,1011,1028
239907,1025,1028
239908,1039,1027
239909,1059,1026
239910,1085,1022
239911,1131,1017
239912,1180,1012
239913,1237,1014
239914,1295,1019
239915,1346,1031
239916,1375,1050
239917,1382,1062
239918,1356,1067
239919,1300,1067
239920,1216,1070
239921,1125,1074
239922,1033,1078
239923,966,1082
239924,942,1083
239925,952,1075
239926,971,1060
239927,984,1045
239928,989,1037
239929,985,1036
239930,984,1033
239931,982,1034
239932,979,1036
239933,972,1036
239934,966,1034
239935,964,1033
239936,966,1036
239937,969,1040
239938,969,1038
239939,964,1035
239940,963,1032
239941,962,1033
239942,968,1037
239943,973,1042
239944,974,1039
239945,967,1038
239946,962,1035
239947,962,1036
239948,965,1039
239949,969,1039
239950,969,1038
239951,968,1036
239952,963,1038
239953,961,1037
239954,963,1036
239955,963,1034
239956,966,1033
239957,966,1028
239958,965,1027
239959,963,1029
239960,963,1031
239961,964,1032
239962,966,1028
239963,967,1024
239964,960,1022
239965,962,1022
239966,965,1023
239967,969,1025
239968,971,1022
239969,968,1018
239970,960,1013
239971,962,1014
239972,965,1018
239973,970,1020
239974,971,1018
239975,973,1012
239976,972,1009
239977,975,1010
239978,979,1014
239979,978,1017
239980,977,1016
239981,978,1011
239982,979,1007
239983,984,1006
239984,987,1007
239985,991,1009
239986,994,1008
239987,993,1004
239988,995,1002
239989,996,997
239990,999,1004
239991,1002,1006
239992,1002,1006
239993,1001,1001
239994,1001,997
239995,1001,997
239996,1005,997
239997,1008,999
239998,1007,998
239999,1005,997
240000,1004,994
240001,1002,995
240002,1007,994
240003,1007,995
240004,1013,996
240005,1012,993
240006,1009,993
240007,1009,996
240008,1006,998
240009,1008,1003
240010,1009,1003
240011,1008,1003
240012,1008,1002
240013,1004,1006
240014,1003,1012
240015,1002,1016
240016,997,1016
240017,994,1015
240018,990,1017
240019,992,1018
240020,994,1025
240021,993,1028
240022,990,1028
240023,988,1027
240024,984,1027
240025,984,1029
240026,984,1030
240027,982,1034
240028,981,1036
240029,976,1036
240030,973,1035
240031,972,1040
240032,972,1043
240033,973,1042
240034,976,1043
240035,978,1040
240036,973,1039
240037,973,1043
240038,970,1045
240039,970,1045
240040,973,1047
240041,973,1046
240042,974,1041
240043,973,1041
240044,975,1045
240045,980,1046
240046,982,1047
240047,980,1043
240048,974,1040
240049,971,1040
240050,978,1043
240051,981,1044
240052,984,1042
240053,983,1040
240054,981,1036
240055,981,1036
240056,982,1039
240057,991,1042
240058,994,1038
240059,992,1039
240060,988,1037
240061,984,1035
240062,985,1036
240063,990,1036
240064,991,1034
240065,992,1031
240066,991,1029
240067,985,1029
240068,987,1031
240069,988,1033
240070,988,1033
240071,989,1032
240072,986,1028
240073,984,1029
240074,984,1031
240075,986,1036
240076,986,1036
240077,982,1031
240078,980,1030
240079,981,1032
240080,983,1037
240081,984,1037
240082,980,1037
240083,980,1034
240084,981,1035
240085,980,1036
240086,982,1038
240087,986,1044
240088,986,1042
240089,984,1038
240090,981,1039
240091,981,1041
240092,980,1043
240093,980,1044
240094,980,1044
240095,979,1044
240096,978,1039
240097,976,1040
240098,978,1043
240099,980,1047
240100,981,1045
240101,976,1043
240102,975,1036
240103,975,1038
240104,978,1038
240105,982,1041
240106,985,1037
240107,986,1037
240108,978,1033
240109,976,1035
240110,979,1035
240111,979,1038
240112,978,1034
240113,976,1032
240114,972,1027
240115,973,1029
240116,978,1031
240117,984,1035
240118,985,1036
240119,981,1031
240120,972,1029
240121,973,1031
240122,976,1033
240123,981,1032
240124,983,1032
240125,981,1031
240126,981,1030
240127,981,1032
240128,986,1035
240129,985,1039
240130,984,1036
240131,983,1035
240132,981,1031
240133,980,1033
240134,984,1035
240135,991,1039
240136,996,1036
240137,992,1032
240138,987,1033
240139,986,1032
240140,994,1034
240141,1008,1034
240142,1024,1030
240143,1039,1032
240144,1053,1030
240145,1081,1026
240146,1121,1019
240147,1167,1010
240148,1213,1001
240149,1258,997
240150,1299,1008
240151,1335,1031
240152,1341,1050
240153,1317,1057
240154,1261,1058
240155,1189,1061
240156,1114,1067
240157,1034,1077
240158,972,1083
240159,943,1086
240160,942,1082
240161,958,1065
240162,969,1051
240163,975,1042
240164,982,1041
240165,982,1038
240166,980,1036
240167,974,1033
240168,963,1031
240169,963,1031
240170,967,1035
240171,967,1036
240172,966,1037
240173,964,1034
240174,957,1032
240175,954,1032
240176,957,1033
240177,956,1036
240178,958,1034
240179,956,1032
240180,955,1031
240181,951,1035
240182,949,1039
240183,955,1041
240184,960,1041
240185,961,1040
240186,955,1037
240187,952,1039
240188,954,1044
240189,957,1046
240190,961,1048
240191,960,1042
240192,960,1038
240193,961,1038
240194,964,1039
240195,963,1043
240196,965,1040
240197,963,1034
240198,962,1031
240199,964,1032
240200,965,1031
240201,967,1034
240202,966,1031
240203,960,1028
240204,961,1027
240205,964,1029
240206,965,1031
240207,965,1032
240208,964,1027
240209,965,1023
240210,962,1019
240211,957,1018
240212,963,1023
240213,965,1023
240214,967,1020
240215,967,1013
240216,971,1014
240217,971,1011
240218,973,1015
240219,971,1016
240220,974,1010
240221,976,1010
240222,978,1006
240223,976,1005
240224,979,1005
240225,980,1007
240226,984,1004
240227,977,1001
240228,973,999
240229,975,998
240230,984,1000
240231,990,1002
240232,989,1000
240233,984,997
240234,976,992
240235,974,994
240236,980,995
240237,986,999
240238,990,1000
240239,991,995
240240,993,994
240241,993,996
240242,993,998
240243,991,1004
240244,998,1004
240245,1004,1003
240246,1004,1000
240247,1004,1004
240248,1003,1007
240249,1004,1011
240250,1008,1012
240251,1008,1011
240252,1006,1009
240253,1002,1014
240254,1005,1020
240255,1005,1022
240256,1003,1024
240257,999,1023
240258,997,1024
240259,996,1027
240260,997,1029
240261,994,1034
240262,988,1037
240263,985,1034
240264,980,1032
240265,976,1034
240266,977,1037
240267,978,1040
240268,978,1041
240269,980,1041
240270,975,1039
240271,975,1043
240272,976,1045
240273,974,1046
240274,975,1046
240275,972,1044
240276,970,1045
240277,966,1047
240278,967,1049
240279,968,1052
240280,967,1049
240281,963,1046
240282,958,1042
240283,959,1044
240284,963,1049
240285,969,1046
240286,971,1045
240287,972,1043
240288,973,1041
240289,972,1040
240290,973,1042
240291,977,1044
240292,978,1043
240293,978,1038
240294,973,1035
240295,969,1035
240296,970,1039
240297,979,1039
240298,982,1039
240299,985,1033
240300,979,1028
240301,976,1030
240302,978,1035
240303,984,1038
240304,986,1037
240305,985,1033
240306,983,1031
240307,979,1031
240308,981,1032
240309,982,1035
240310,984,1034
240311,980,1033
240312,979,1029
240313,978,1035
240314,978,1035
240315,978,1036
240316,975,1035
240317,974,1034
240318,976,1031
240319,977,1031
240320,978,1034
240321,974,1036
240322,973,1035
240323,969,1035
240324,966,1035
240325,967,1036
240326,967,1039
240327,969,1043
240328,971,1037
240329,971,1036
240330,968,1035
240331,966,1036
240332,967,1040
240333,970,1041
240334,967,1040
240335,962,1034
240336,961,1033
240337,963,1032
240338,970,1037
240339,972,1038
240340,970,1040
240341,968,1036
240342,966,1034
240343,961,1034
240344,966,1037
240345,972,1039
240346,972,1038
240347,972,1036
240348,971,1033
240349,971,1034
240350,974,1038
240351,973,1039
240352,973,1038
240353,970,1036
240354,971,1031
240355,972,1035
240356,974,1037
240357,975,1041
240358,978,1041
240359,977,1036
240360,975,1034
240361,974,1033
240362,977,1035
240363,983,1037
240364,987,1030
240365,993,1028
240366,1005,1025
240367,1013,1024
240368,1030,1026
240369,1058,1024
240370,1093,1018
240371,1131,1007
240372,1174,997
240373,1223,999
240374,1269,1008
240375,1312,1029
240376,1340,1048
240377,1330,1059
240378,1288,1062
240379,1223,1060
240380,1153,1065
240381,1078,1084
240382,999,1094
240383,934,1101
240384,904,1102
240385,909,1097
240386,926,1084
240387,942,1071
240388,949,1056
240389,959,1047
240390,959,1039
240391,958,1035
240392,956,1034
240393,957,1037
240394,957,1036
240395,957,1032
240396,952,1030
240397,952,1032
240398,951,1032
240399,955,1035
240400,954,1032
240401,951,1030
240402,953,1027
240403,949,1027
240404,951,1030
240405,955,1033
240406,957,1033
240407,953,1030
240408,947,1026
240409,946,1030
240410,951,1032
240411,952,1034
240412,947,1034
240413,948,1031
240414,949,1031
240415,947,1032
240416,947,1033
240417,945,1032
240418,948,1033
240419,951,1028
240420,950,1028
240421,946,1030
240422,945,1034
240423,947,1034
240424,948,1035
240425,944,1030
240426,943,1025
240427,943,1028
240428,947,1028
240429,948,1034
240430,949,1029
240431,948,1027
240432,945,1022
240433,944,1024
240434,946,1025
240435,952,1028
240436,951,1025
240437,949,1020
240438,942,1016
240439,938,1017
240440,940,1014
240441,950,1010
240442,953,1009
240443,955,1006
240444,958,1002
240445,962,1003
240446,967,1004
240447,970,1004
240448,972,1002
240449,969,995
240450,967,992
240451,970,993
240452,977,995
240453,980,995
240454,981,992
240455,980,990
240456,979,988
240457,980,987
240458,978,987
240459,978,989
240460,975,988
240461,975,986
240462,976,986
240463,981,988
240464,983,991
240465,988,994
240466,989,992
240467,985,991
240468,985,988
240469,985,992
240470,988,995
240471,987,1001
240472,986,1003
240473,984,1002
240474,983,1001
240475,981,1006
240476,979,1010
240477,979,1014
240478,981,1015
240479,982,1017
240480,980,1018
240481,979,1021
240482,978,1026
240483,978,1032
240484,975,1034
240485,976,1033
240486,973,1033
240487,972,1037
240488,972,1039
240489,972,1045
240490,967,1043
240491,961,1040
240492,956,1037
240493,954,1036
240494,960,1034
240495,966,1038
240496,964,1034
240497,959,1033
240498,957,1033
240499,956,1034
240500,956,1038
240501,959,1038
240502,962,1036
240503,963,1032
240504,960,1030
240505,961,1034
240506,960,1038
240507,966,1039
240508,965,1037
240509,960,1037
240510,959,1033
240511,960,1037
240512,960,1038
240513,960,1043
240514,959,1039
240515,957,1038
240516,959,1038
240517,962,1039
240518,964,1039
240519,967,1041
240520,967,1039
240521,966,1036
240522,961,1037
240523,962,1039
240524,966,1043
240525,973,1044
240526,977,1043
240527,975,1037
240528,970,1037
240529,965,1039
240530,967,1043
240531,967,1043
240532,971,1045
240533,971,1039
240534,967,1039
240535,965,1042
240536,968,1044
240537,974,1044
240538,975,1045
240539,976,1040
240540,973,1036
240541,971,1040
240542,971,1044
240543,973,1045
240544,971,1045
240545,967,1042
240546,966,1042
240547,966,1042
240548,963,1045
240549,966,1049
240550,964,1045
240551,964,1040
240552,965,1041
240553,962,1042
240554,967,1041
240555,971,1041
240556,973,1038
240557,970,1033
240558,969,1028
240559,970,1032
240560,969,1036
240561,968,1036
240562,969,1034
240563,967,1031
240564,967,1033
240565,970,1031
240566,973,1032
240567,969,1033
240568,965,1033
240569,962,1028
240570,969,1025
240571,981,1024
240572,995,1025
240573,1011,1027
240574,1032,1025
240575,1059,1019
240576,1095,1010
240577,1141,1008
240578,1198,1011
240579,1248,1019
240580,1292,1029
240581,1325,1048
240582,1332,1056
240583,1310,1064
240584,1264,1065
240585,1198,1071
240586,1122,1074
240587,1039,1084
240588,957,1095
240589,905,1103
240590,897,1107
240591,917,1103
240592,936,1091
240593,943,1074
240594,943,1062
240595,946,1058
240596,954,1053
240597,955,1051
240598,954,1045
240599,949,1040
240600,946,1040
240601,945,1043
240602,945,1045
240603,946,1043
240604,941,1044
240605,934,1043
240606,932,1044
240607,935,1044
240608,937,1044
240609,945,1044
240610,944,1039
240611,940,1034
240612,931,1029
240613,933,1032
240614,935,1033
240615,937,1034
240616,938,1034
240617,941,1033
240618,939,1029
240619,938,1034
240620,939,1036
240621,937,1039
240622,934,1038
240623,933,1030
240624,932,1028
240625,931,1027
240626,935,1033
240627,936,1035
240628,934,1033
240629,933,1033
240630,932,1030
240631,934,1033
240632,934,1034
240633,933,1035
240634,932,1034
240635,933,1027
240636,935,1025
240637,937,1028
240638,943,1030
240639,940,1029
240640,935,1029
240641,934,1026
240642,932,1023
240643,934,1024
240644,938,1026
240645,940,1027
240646,940,1023
240647,943,1017
240648,940,1013
240649,945,1015
240650,947,1014
240651,952,1016
240652,955,1014
240653,956,1010
240654,952,1006
240655,953,1008
240656,954,1009
240657,962,1011
240658,967,1007
240659,972,1004
240660,971,999
240661,972,1001
240662,975,1002
240663,977,1000
240664,977,997
240665,975,991
240666,975,988
240667,980,988
240668,983,987
240669,979,986
240670,976,983
240671,975,983
240672,975,981
240673,975,982
240674,978,986
240675,979,989
240676,984,989
240677,981,989
240678,976,989
240679,978,992
240680,980,999
240681,983,1003
240682,980,1003
240683,978,1001
240684,978,1005
240685,975,1010
240686,972,1017
240687,978,1023
240688,976,1020
240689,972,1017
240690,969,1016
240691,966,1024
240692,965,1031
240693,967,1034
240694,965,1035
240695,956,1034
240696,948,1033
240697,952,1038
240698,958,1045
240699,964,1049
240700,962,1046
240701,955,1046
240702,952,1045
240703,951,1048
240704,953,1049
240705,955,1049
240706,953,1044
240707,950,1046
240708,949,1045
240709,955,1049
240710,954,1052
240711,954,1055
240712,957,1056
240713,956,1055
240714,947,1050
240715,944,1052
240716,950,1055
240717,957,1057
240718,956,1053
240719,952,1051
240720,945,1046
240721,946,1046
240722,948,1050
240723,954,1050
240724,953,1051
240725,951,1046
240726,950,1042
240727,950,1042
240728,952,1046
240729,948,1048
240730,949,1047
240731,950,1043
240732,954,1041
240733,955,1041
240734,956,1046
240735,955,1047
240736,959,1044
240737,959,1039
240738,952,1036
240739,952,1038
240740,958,1044
240741,961,1046
240742,960,1042
240743,952,1037
240744,947,1036
240745,952,1037
240746,957,1043
240747,966,1042
240748,966,1041
240749,961,1039
240750,957,1037
240751,959,1041
240752,967,1042
240753,966,1041
240754,958,1043
240755,958,1043
240756,958,1042
240757,961,1041
240758,960,1045
240759,963,1050
240760,961,1050
240761,955,1045
240762,949,1041
240763,952,1045
240764,957,1049
240765,960,1052
240766,959,1053
240767,957,1053
240768,955,1049
240769,950,1049
240770,946,1048
240771,956,1052
240772,963,1046
240773,961,1041
240774,951,1038
240775,948,1041
240776,952,1042
240777,958,1039
240778,962,1038
240779,960,1037
240780,952,1035
240781,949,1037
240782,949,1038
240783,951,1040
240784,957,1037
240785,953,1037
240786,949,1036
240787,948,1039
240788,952,1041
240789,963,1043
240790,967,1039
240791,962,1035
240792,949,1035
240793,950,1037
240794,956,1043
240795,960,1043
240796,959,1040
240797,956,1039
240798,956,1035
240799,958,1035
240800,964,1038
240801,967,1041
240802,964,1040
240803,962,1038
240804,961,1039
240805,958,1041
240806,960,1042
240807,963,1044
240808,968,1042
240809,967,1037
240810,973,1034
240811,979,1034
240812,996,1037
240813,1010,1034
240814,1023,1035
240815,1040,1029
240816,1074,1024
240817,1119,1019
240818,1171,1017
240819,1220,1017
240820,1264,1025
240821,1293,1041
240822,1303,1059
240823,1295,1079
240824,1263,1083
240825,1207,1082
240826,1135,1081
240827,1057,1085
240828,981,1093
240829,915,1104
240830,886,1107
240831,895,1104
240832,915,1089
240833,929,1074
240834,932,1062
240835,936,1053
240836,941,1051
240837,951,1051
240838,952,1046
240839,946,1042
240840,941,1039
240841,939,1039
240842,940,1039
240843,942,1039
240844,943,1037
240845,936,1036
240846,933,1031
240847,937,1033
240848,941,1033
240849,945,1039
240850,941,1036
240851,937,1031
240852,940,1032
240853,938,1034
240854,940,1037
240855,943,1040
240856,949,1040
240857,942,1036
240858,935,1035
240859,933,1039
240860,937,1038
240861,941,1041
240862,942,1039
240863,939,1038
240864,938,1037
240865,936,1039
240866,942,1041
240867,947,1041
240868,943,1039
240869,942,1037
240870,935,1035
240871,935,1037
240872,940,1039
240873,944,1041
240874,945,1041
240875,940,1034
240876,935,1034
240877,935,1036
240878,945,1036
240879,949,1033
240880,946,1031
240881,942,1031
240882,940,1027
240883,942,1026
240884,948,1026
240885,951,1024
240886,951,1021
240887,950,1019
240888,949,1015
240889,950,1011
240890,959,1015
240891,965,1013
240892,966,1011
240893,961,1005
240894,953,1003
240895,954,1004
240896,960,1005
240897,969,1007
240898,970,1003
240899,967,1001
240900,966,996
240901,971,999
240902,979,1000
240903,982,999
240904,978,996
240905,973,992
240906,971,991
240907,973,991
240908,980,997
240909,988,997
240910,988,995
240911,987,991
240912,981,992
240913,979,995
240914,983,996
240915,988,1001
240916,990,1000
240917,987,999
240918,988,996
240919,985,1002
240920,985,1007
240921,990,1012
240922,994,1014
240923,990,1014
240924,984,1014
240925,984,1019
240926,985,1023
240927,987,1026
240928,986,1029
240929,981,1027
240930,976,1030
240931,975,1035
240932,980,1039
240933,981,1039
240934,979,1042
240935,976,1040
240936,973,1038
240937,970,1040
240938,973,1039
240939,975,1038
240940,975,1033
240941,972,1031
240942,966,1028
240943,964,1029
240944,966,1033
240945,968,1036
240946,963,1035
240947,960,1034
240948,956,1032
240949,956,1033
240950,964,1037
240951,970,1036
240952,974,1035
240953,970,1033
240954,962,1033
240955,957,1034
240956,957,1038
240957,962,1040
240958,968,1039
240959,965,1035
240960,964,1036
240961,964,1037
240962,966,1042
240963,968,1043
240964,965,1042
240965,964,1039
240966,960,1038
240967,962,1038
240968,962,1040
240969,970,1041
240970,973,1041
240971,976,1039
240972,976,1041
240973,980,1044
240974,983,1050
240975,990,1052
240976,994,1050
240977,995,1051
240978,998,1054
240979,1002,1060
240980,1006,1063
240981,1017,1063
240982,1030,1054
240983,1042,1044
240984,1055,1030
240985,1066,1019
240986,1078,1006
240987,1090,1003
240988,1106,991
240989,1123,982
240990,1135,967
240991,1149,958
240992,1166,943
240993,1187,932
240994,1207,915
240995,1223,901
240996,1233,888
240997,1243,877
240998,1248,872
240999,1248,873
241000,1243,873
241001,1238,872
241002,1239,872
241003,1241,873
241004,1236,874
241005,1233,875
241006,1225,874
241007,1208,878
241008,1187,883
241009,1165,890
241010,1141,899
241011,1123,913
241012,1105,918
241013,1091,927
241014,1079,935
241015,1069,944
241016,1061,952
241017,1059,968
241018,1055,973
241019,1050,976
241020,1044,982
241021,1046,989
241022,1054,998
241023,1065,1005
241024,1086,1005
241025,1095,1004
241026,1094,1005
241027,1072,1010
241028,1039,1020
241029,1002,1026
241030,961,1035
241031,933,1044
241032,916,1051
241033,908,1065
241034,908,1076
241035,911,1079
241036,908,1080
241037,899,1079
241038,891,1082
241039,885,1086
241040,881,1090
241041,885,1092
241042,887,1092
241043,881,1089
241044,878,1091
241045,876,1094
241046,877,1098
241047,876,1098
241048,878,1096
241049,874,1095
241050,869,1093
241051,865,1095
241052,865,1096
241053,866,1099
241054,864,1099
241055,862,1095
241056,855,1095
241057,853,1100
241058,849,1104
241059,852,1108
241060,852,1110
241061,850,1108
241062,844,1108
241063,840,1113
241064,842,1117
241065,844,1122
241066,839,1122
241067,837,1121
241068,834,1121
241069,830,1124
241070,829,1130
241071,831,1135
241072,833,1136
241073,833,1135
241074,828,1134
241075,829,1138
241076,831,1144
241077,835,1147
241078,833,1149
241079,830,1148
241080,832,1148
241081,832,1154
241082,837,1159
241083,843,1158
241084,847,1157
241085,845,1155
241086,843,1155
241087,848,1158
241088,854,1161
241089,863,1157
241090,866,1155
241091,865,1150
241092,868,1144
241093,874,1146
241094,880,1147
241095,888,1145
241096,893,1142
241097,899,1132
241098,902,1129
241099,906,1125
241100,911,1123
241101,919,1118
241102,927,1111
241103,928,1104
241104,931,1098
241105,935,1091
241106,939,1089
241107,947,1085
241108,950,1079
241109,949,1075
241110,946,1070
241111,950,1068
241112,952,1068
241113,958,1066
241114,963,1062
241115,962,1056
241116,962,1053
241117,957,1054
241118,956,1052
241119,962,1055
241120,961,1050
241121,961,1048
241122,954,1044
241123,950,1046
241124,952,1048
241125,956,1049
241126,960,1045
241127,960,1043
241128,960,1041
241129,958,1046
241130,963,1046
241131,967,1048
241132,964,1043
241133,959,1043
241134,957,1043
241135,962,1043
241136,965,1048
241137,969,1050
241138,967,1049
241139,966,1049
241140,964,1047
241141,966,1051
241142,969,1052
241143,973,1051
241144,973,1048
241145,970,1043
241146,966,1041
241147,970,1042
241148,970,1042
241149,973,1042
241150,972,1039
241151,972,1036
241152,967,1035
241153,970,1034
241154,973,1038
241155,979,1039
241156,974,1036
241157,975,1032
241158,975,1031
241159,971,1029
241160,970,1033
241161,976,1033
241162,978,1031
241163,980,1026
241164,982,1026
241165,983,1028
241166,982,1033
241167,980,1036
241168,979,1031
241169,975,1029
241170,973,1028
241171,974,1028
241172,978,1030
241173,982,1033
241174,980,1032
241175,982,1028
241176,977,1026
241177,974,1031
241178,977,1033
241179,976,1040
241180,975,1035
241181,976,1033
241182,975,1035
241183,975,1034
241184,980,1040
241185,984,1042
241186,984,1041
241187,976,1041
241188,975,1037
241189,974,1038
241190,979,1040
241191,981,1044
241192,980,1040
241193,979,1037
241194,976,1039
241195,976,1042
241196,978,1048
241197,981,1050
241198,981,1046
241199,980,1041
241200,975,1038
241201,975,1038
241202,980,1038
241203,983,1038
241204,982,1035
241205,979,1033
241206,976,1033
241207,976,1034
241208,978,1036
241209,981,1037
241210,981,1037
241211,978,1034
241212,978,1030
241213,977,1031
241214,980,1035
241215,981,1035
241216,986,1034
241217,982,1031
241218,976,1032
241219,975,1032
241220,978,1035
241221,982,1034
241222,981,1032
241223,981,1031
241224,979,1030
241225,977,1029
241226,981,1032
241227,983,1033
241228,983,1031
241229,981,1031
241230,978,1031
241231,980,1033
241232,984,1035
241233,983,1037
241234,983,1036
241235,980,1036
241236,977,1037
241237,975,1038
241238,975,1042
241239,979,1044
241240,979,1041
241241,975,1037
241242,975,1040
241243,976,1042
241244,982,1044
241245,983,1048
241246,985,1047
241247,981,1045
241248,978,1040
241249,975,1043
241250,981,1045
241251,984,1048
241252,987,1045
241253,982,1040
241254,983,1035
241255,982,1036
241256,986,1039
241257,987,1037
241258,986,1033
241259,984,1030
241260,981,1028
241261,982,1030
241262,982,1031
241263,982,1032
241264,980,1029
241265,979,1026
241266,977,1025
241267,979,1029
241268,983,1030
241269,987,1031
241270,985,1030
241271,983,1029
241272,980,1029
241273,981,1032
241274,982,1032
241275,987,1032
241276,985,1032
241277,980,1032
241278,978,1030
241279,976,1032
241280,978,1034
241281,984,1035
241282,984,1036
241283,983,1032
241284,981,1031
241285,980,1031
241286,982,1036
241287,986,1036
241288,983,1036
241289,981,1035
241290,977,1033
241291,978,1041
241292,981,1040
241293,984,1045
241294,983,1043
241295,982,1040
241296,979,1041
241297,980,1044
241298,983,1049
241299,988,1049
241300,985,1048
241301,984,1047
241302,978,1046
241303,979,1050
241304,982,1052
241305,987,1053
241306,985,1050
241307,984,1043
241308,980,1042
241309,979,1040
241310,983,1042
241311,987,1041
241312,984,1038
241313,983,1035
241314,980,1032
241315,981,1034
241316,984,1038
241317,988,1038
241318,986,1036
241319,983,1031
241320,980,1032
241321,983,1031
241322,982,1035
241323,986,1036
241324,988,1033
241325,989,1033
241326,986,1031
241327,986,1033
241328,990,1035
241329,992,1038
241330,994,1037
241331,993,1034
241332,991,1028
241333,991,1031
241334,997,1032
241335,1004,1030
241336,1011,1026
241337,1018,1024
241338,1031,1020
241339,1048,1021
241340,1072,1024
241341,1110,1021
241342,1151,1015
241343,1190,1006
241344,1225,1000
241345,1266,1006
241346,1308,1015
241347,1342,1030
241348,1357,1043
241349,1351,1050
241350,1311,1052
241351,1253,1055
241352,1186,1063
241353,1124,1070
241354,1052,1072
241355,989,1073
241356,960,1069
241357,959,1064
241358,973,1056
241359,984,1048
241360,985,1038
241361,980,1032
241362,974,1030
241363,973,1033
241364,975,1034
241365,976,1034
241366,973,1033
241367,965,1032
241368,963,1029
241369,963,1031
241370,962,1034
241371,965,1037
241372,965,1035
241373,963,1032
241374,958,1032
241375,962,1036
241376,964,1036
241377,963,1036
241378,962,1035
241379,959,1035
241380,957,1031
241381,960,1035
241382,964,1037
241383,967,1038
241384,966,1038
241385,963,1036
241386,960,1034
241387,961,1036
241388,965,1038
241389,966,1041
241390,964,1038
241391,961,1035
241392,963,1033
241393,965,1035
241394,964,1037
241395,965,1038
241396,963,1034
241397,961,1032
241398,959,1032
241399,959,1036
241400,964,1036
241401,967,1039
241402,967,1036
241403,969,1033
241404,965,1034
241405,964,1035
241406,968,1038
241407,972,1039
241408,973,1037
241409,971,1036
241410,972,1034
241411,973,1036
241412,975,1036
241413,980,1035
241414,979,1034
241415,979,1030
241416,979,1023
241417,982,1023
241418,985,1024
241419,987,1021
241420,992,1018
241421,990,1014
241422,989,1010
241423,989,1011
241424,993,1015
241425,994,1013
241426,995,1011
241427,995,1008
241428,994,1004
241429,1000,1006
241430,1003,1007
241431,1009,1006
241432,1008,1005
241433,1008,1002
241434,1004,999
241435,1004,1001
241436,1008,1003
241437,1015,1003
241438,1016,999
241439,1014,997
241440,1014,996
241441,1016,999
241442,1023,1001
241443,1026,999
241444,1024,998
241445,1023,994
241446,1020,996
241447,1022,997
241448,1027,1001
241449,1029,1002
241450,1027,999
241451,1024,998
241452,1024,998
241453,1023,1001
241454,1024,1006
241455,1029,1006
241456,1026,1008
241457,1023,1006
241458,1020,1009
241459,1021,1012
241460,1019,1020
241461,1020,1023
241462,1019,1022
241463,1018,1024
241464,1016,1023
241465,1009,1029
241466,1009,1032
241467,1011,1033
241468,1008,1037
241469,1005,1036
241470,998,1034
241471,995,1037
241472,995,1039
241473,998,1042
241474,996,1036
241475,995,1032
241476,990,1029
241477,988,1035
241478,988,1036
241479,990,1036
241480,991,1036
241481,985,1034
241482,982,1031
241483,981,1033
241484,981,1036
241485,985,1036
241486,983,1035
241487,980,1035
241488,977,1035
241489,977,1037
241490,980,1039
241491,982,1039
241492,982,1037
241493,977,1038
241494,976,1036
241495,975,1038
241496,976,1040
241497,983,1043
241498,985,1045
241499,983,1042
241500,982,1040
241501,980,1041
241502,987,1045
241503,990,1045
241504,988,1042
241505,987,1040
241506,983,1040
241507,983,1039
241508,985,1042
241509,989,1044
241510,990,1042
241511,991,1040
241512,989,1041
241513,988,1044
241514,992,1046
241515,996,1048
241516,994,1046
241517,988,1044
241518,986,1043
241519,986,1048
241520,987,1047
241521,992,1048
241522,992,1046
241523,992,1041
241524,990,1036
241525,992,1035
241526,993,1038
241527,998,1038
241528,996,1037
241529,994,1034
241530,992,1034
241531,991,1036
241532,992,1036
241533,997,1037
241534,996,1037
241535,991,1031
241536,989,1031
241537,988,1035
241538,993,1036
241539,995,1039
241540,996,1032
241541,994,1034
241542,991,1034
241543,987,1035
241544,989,1039
241545,992,1040
241546,990,1037
241547,990,1038
241548,989,1037
241549,985,1041
241550,986,1041
241551,989,1043
241552,991,1042
241553,988,1039
241554,985,1041
241555,982,1043
241556,986,1043
241557,988,1045
241558,989,1043
241559,985,1039
241560,981,1040
241561,978,1042
241562,982,1043
241563,983,1048
241564,984,1046
241565,978,1042
241566,973,1043
241567,974,1046
241568,976,1051
241569,979,1053
241570,978,1051
241571,976,1046
241572,973,1044
241573,975,1045
241574,979,1046
241575,981,1044
241576,981,1040
241577,975,1038
241578,969,1037
241579,968,1039
241580,976,1043
241581,980,1042
241582,982,1041
241583,980,1038
241584,977,1035
241585,973,1040
241586,977,1041
241587,979,1040
241588,978,1041
241589,976,1037
241590,978,1037
241591,978,1038
241592,978,1040
241593,982,1041
241594,981,1040
241595,977,1040
241596,975,1038
241597,977,1039
241598,981,1043
241599,982,1043
241600,982,1043
241601,983,1036
241602,981,1037
241603,985,1042
241604,987,1042
241605,990,1041
241606,987,1040
241607,985,1039
241608,985,1037
241609,988,1040
241610,989,1046
241611,993,1045
241612,994,1044
241613,990,1039
241614,988,1039
241615,990,1040
241616,997,1036
241617,1006,1034
241618,1016,1032
241619,1028,1027
241620,1048,1023
241621,1074,1024
241622,1108,1023
241623,1149,1015
241624,1191,1007
241625,1234,1003
241626,1275,1010
241627,1311,1024
241628,1338,1043
241629,1343,1057
241630,1321,1062
241631,1273,1059
241632,1211,1061
241633,1140,1071
241634,1073,1082
241635,1007,1084
241636,962,1084
241637,949,1078
241638,954,1068
241639,967,1060
241640,975,1053
241641,980,1046
241642,978,1039
241643,976,1036
241644,972,1035
241645,968,1038
241646,970,1041
241647,969,1040
241648,968,1038
241649,965,1036
241650,961,1035
241651,961,1038
241652,964,1038
241653,969,1042
241654,965,1040
241655,964,1034
241656,961,1035
241657,960,1035
241658,960,1038
241659,959,1040
241660,957,1039
241661,957,1035
241662,957,1033
241663,957,1036
241664,960,1040
241665,962,1042
241666,962,1038
241667,960,1037
241668,958,1037
241669,956,1041
241670,960,1046
241671,964,1044
241672,962,1042
241673,964,1039
241674,960,1037
241675,960,1040
241676,962,1041
241677,964,1041
241678,964,1038
241679,963,1032
241680,960,1034
241681,959,1035
241682,961,1038
241683,967,1037
241684,967,1035
241685,964,1034
241686,961,1030
241687,961,1031
241688,963,1034
241689,964,1033
241690,963,1029
241691,961,1025
241692,961,1024
241693,965,1026
241694,971,1025
241695,977,1025
241696,978,1024
241697,977,1021
241698,976,1017
241699,975,1017
241700,980,1022
241701,985,1021
241702,986,1018
241703,986,1014
241704,986,1009
241705,986,1012
241706,990,1013
241707,995,1012
241708,994,1006
241709,995,1003
241710,995,1001
241711,998,1003
241712,1001,1004
241713,1004,1004
241714,1006,1001
241715,1004,1000
241716,1002,998
241717,1005,1001
241718,1006,1005
241719,1011,1008
241720,1010,1004
241721,1007,1003
241722,1008,1002
241723,1008,1001
241724,1008,1003
241725,1013,1004
241726,1014,1004
241727,1013,1000
241728,1010,1001
241729,1008,1006
241730,1011,1010
241731,1012,1012
241732,1011,1011
241733,1005,1010
241734,1005,1013
241735,1004,1018
241736,1004,1021
241737,1001,1023
241738,999,1020
241739,994,1021
241740,991,1021
241741,993,1026
241742,996,1030
241743,994,1032
241744,986,1032
241745,981,1032
241746,980,1029
241747,979,1032
241748,980,1036
241749,983,1040
241750,982,1039
241751,980,1036
241752,977,1035
241753,977,1038
241754,979,1041
241755,981,1040
241756,977,1039
241757,975,1032
241758,970,1033
241759,969,1036
241760,971,1039
241761,977,1039
241762,977,1036
241763,971,1036
241764,971,1038
241765,970,1043
241766,973,1044
241767,976,1045
241768,975,1043
241769,969,1043
241770,969,1041
241771,970,1044
241772,971,1046
241773,973,1044
241774,974,1043
241775,973,1042
241776,973,1038
241777,975,1041
241778,978,1045
241779,986,1044
241780,987,1041
241781,991,1040
241782,990,1041
241783,994,1044
241784,1000,1052
241785,1005,1055
241786,1008,1054
241787,1010,1054
241788,1013,1053
241789,1026,1051
241790,1042,1043
241791,1064,1032
241792,1077,1012
241793,1087,1000
241794,1097,989
241795,1112,980
241796,1129,969
241797,1148,954
241798,1162,938
241799,1176,915
241800,1191,895
241801,1210,877
241802,1231,865
241803,1249,855
241804,1261,844
241805,1260,834
241806,1257,832
241807,1254,837
241808,1255,838
241809,1255,838
241810,1251,834
241811,1236,832
241812,1226,834
241813,1211,840
241814,1195,847
241815,1179,852
241816,1155,858
241817,1132,865
241818,1111,875
241819,1097,890
241820,1088,905
241821,1081,917
241822,1074,926
241823,1070,935
241824,1071,943
241825,1065,952
241826,1063,960
241827,1068,971
241828,1079,981
241829,1091,986
241830,1109,990
241831,1126,994
241832,1127,1002
241833,1108,1010
241834,1062,1016
241835,1010,1023
241836,964,1032
241837,937,1046
241838,927,1061
241839,926,1069
241840,920,1076
241841,913,1075
241842,907,1076
241843,900,1080
241844,898,1085
241845,899,1089
241846,895,1089
241847,890,1088
241848,884,1089
241849,885,1092
241850,888,1096
241851,891,1098
241852,885,1097
241853,880,1093
241854,877,1095
241855,878,1101
241856,877,1101
241857,876,1103
241858,874,1103
241859,871,1102
241860,866,1104
241861,862,1107
241862,860,1111
241863,858,1110
241864,854,1112
241865,855,1110
241866,852,1115
241867,851,1119
241868,849,1122
241869,849,1126
241870,845,1125
241871,842,1123
241872,836,1126
241873,835,1132
241874,839,1137
241875,841,1142
241876,837,1141
241877,834,1145
241878,832,1144
241879,830,1150
241880,832,1154
241881,835,1157
241882,832,1159
241883,829,1159
241884,827,1160
241885,831,1163
241886,838,1169
241887,844,1169
241888,843,1168
241889,841,1167
241890,838,1167
241891,841,1169
241892,852,1172
241893,863,1171
241894,869,1168
241895,869,1164
241896,867,1158
241897,872,1159
241898,881,1157
241899,893,1154
241900,897,1149
241901,899,1141
241902,897,1139
241903,903,1139
241904,909,1136
241905,920,1131
241906,926,1123
241907,928,1115
241908,929,1109
241909,932,1103
241910,935,1101
241911,938,1100
241912,940,1090
241913,939,1081
241914,940,1077
241915,942,1076
241916,945,1077
241917,950,1072
241918,947,1067
241919,945,1061
241920,940,1058
241921,946,1058
241922,949,1060
241923,955,1059
241924,955,1054
241925,955,1049
241926,953,1047
241927,953,1047
241928,954,1049
241929,957,1046
241930,955,1042
241931,953,1038
241932,952,1039
241933,951,1041
241934,953,1042
241935,954,1041
241936,956,1041
241937,957,1035
241938,954,1035
241939,956,1037
241940,959,1036
241941,963,1038
241942,963,1035
241943,961,1031
241944,960,1032
241945,959,1036
241946,959,1036
241947,960,1036
241948,959,1032
241949,955,1031
241950,954,1032
241951,957,1034
241952,961,1036
241953,963,1037
241954,966,1034
241955,966,1032
241956,964,1029
241957,962,1034
241958,963,1036
241959,964,1034
241960,968,1031
241961,969,1026
241962,965,1029
241963,968,1031
241964,966,1034
241965,966,1034
241966,968,1032
241967,968,1027
241968,964,1028
241969,961,1027
241970,961,1032
241971,965,1031
241972,964,1030
241973,966,1027
241974,963,1028
241975,966,1030
241976,970,1032
241977,970,1030
241978,972,1028
241979,970,1024
241980,969,1022
241981,967,1022
241982,969,1025
241983,968,1024
241984,966,1023
241985,962,1023
241986,958,1021
241987,957,1026
241988,961,1026
241989,967,1025
241990,970,1024
241991,967,1022
241992,959,1022
241993,959,1026
241994,958,1027
241995,963,1026
241996,961,1023
241997,957,1021
241998,959,1024
241999,957,1024
242000,960,1028
242001,962,1030
242002,960,1025
242003,959,1024
242004,959,1026
242005,963,1028
242006,965,1031
242007,964,1033
242008,960,1030
242009,958,1028
242010,957,1028
242011,958,1032
242012,963,1037
242013,966,1035
242014,965,1029
242015,959,1027
242016,956,1030
242017,959,1030
242018,963,1034
242019,964,1035
242020,962,1035
242021,956,1029
242022,954,1030
242023,954,1032
242024,963,1031
242025,967,1031
242026,962,1028
242027,954,1025
242028,954,1025
242029,956,1027
242030,955,1030
242031,960,1029
242032,955,1026
242033,955,1023
242034,955,1022
242035,959,1022
242036,963,1023
242037,965,1025
242038,963,1025
242039,962,1022
242040,958,1022
242041,958,1023
242042,962,1027
242043,965,1028
242044,965,1026
242045,958,1023
242046,954,1022
242047,958,1026
242048,962,1026
242049,964,1029
242050,965,1027
242051,964,1022
242052,967,1022
242053,965,1024
242054,964,1027
242055,962,1027
242056,965,1026
242057,963,1023
242058,961,1022
242059,963,1025
242060,963,1028
242061,966,1029
242062,967,1027
242063,965,1023
242064,961,1024
242065,964,1026
242066,966,1023
242067,964,1027
242068,967,1024
242069,963,1021
242070,961,1022
242071,963,1025
242072,964,1029
242073,970,1027
242074,973,1023
242075,970,1021
242076,963,1019
242077,961,1019
242078,969,1019
242079,981,1017
242080,993,1015
242081,1005,1006
242082,1026,1004
242083,1060,1002
242084,1102,995
242085,1147,990
242086,1196,986
242087,1240,984
242088,1279,996
242089,1311,1014
242090,1324,1032
242091,1304,1037
242092,1252,1035
242093,1186,1035
242094,1116,1038
242095,1042,1053
242096,972,1065
242097,928,1073
242098,920,1072
242099,932,1055
242100,943,1043
242101,952,1037
242102,955,1035
242103,959,1029
242104,956,1025
242105,953,1023
242106,953,1023
242107,951,1026
242108,949,1029
242109,949,1026
242110,947,1030
242111,945,1026
242112,942,1026
242113,945,1028
242114,951,1028
242115,956,1027
242116,951,1023
242117,942,1020
242118,938,1025
242119,937,1026
242120,941,1029
242121,944,1027
242122,945,1023
242123,943,1020
242124,934,1019
242125,932,1021
242126,933,1024
242127,940,1023
242128,941,1020
242129,943,1019
242130,939,1018
242131,933,1023
242132,939,1026
242133,943,1024
242134,940,1022
242135,936,1018
242136,930,1019
242137,928,1022
242138,931,1024
242139,933,1024
242140,935,1021
242141,936,1021
242142,933,1018
242143,934,1019
242144,937,1023
242145,943,1020
242146,939,1016
242147,938,1013
242148,937,1012
242149,937,1014
242150,943,1020
242151,949,1019
242152,945,1014
242153,942,1009
242154,939,1008
242155,941,1008
242156,941,1006
242157,948,1006
242158,949,1001
242159,949,999
242160,950,996
242161,957,999
242162,963,1000
242163,967,998
242164,960,994
242165,959,992
242166,958,989
242167,960,989
242168,965,992
242169,972,987
242170,976,984
242171,973,979
242172,969,979
242173,969,981
242174,970,984
242175,977,982
242176,978,983
242177,976,979
242178,977,975
242179,977,977
242180,982,981
242181,983,982
242182,982,980
242183,982,979
242184,981,981
242185,982,982
242186,984,987
242187,988,992
242188,985,990
242189,983,988
242190,978,988
242191,979,992
242192,984,999
242193,989,1001
242194,984,1003
242195,975,999
242196,968,1004
242197,967,1006
242198,968,1012
242199,970,1013
242200,969,1013
242201,967,1013
242202,960,1014
242203,962,1020
242204,962,1023
242205,962,1024
242206,958,1023
242207,955,1021
242208,951,1023
242209,952,1027
242210,955,1026
242211,961,1029
242212,962,1027
242213,959,1025
242214,953,1026
242215,951,1031
242216,952,1032
242217,954,1036
242218,956,1035
242219,954,1030
242220,949,1031
242221,949,1031
242222,953,1032
242223,955,1031
242224,954,1031
242225,953,1030
242226,950,1029
242227,950,1034
242228,953,1036
242229,956,1035
242230,954,1031
242231,953,1027
242232,952,1027
242233,955,1030
242234,957,1034
242235,960,1031
242236,954,1032
242237,950,1031
242238,949,1029
242239,951,1031
242240,955,1033
242241,957,1032
242242,960,1031
242243,957,1027
242244,957,1024
242245,958,1024
242246,960,1026
242247,960,1025
242248,960,1023
242249,959,1022
242250,956,1021
242251,961,1019
242252,960,1018
242253,964,1022
242254,964,1018
242255,961,1018
242256,961,1018
242257,963,1019
242258,969,1024
242259,970,1023
242260,968,1021
242261,970,1018
242262,970,1020
242263,971,1023
242264,970,1028
242265,968,1027
242266,970,1026
242267,968,1024
242268,966,1024
242269,966,1026
242270,967,1026
242271,971,1029
242272,970,1027
242273,968,1024
242274,966,1024
242275,967,1028
242276,972,1032
242277,972,1034
242278,970,1033
242279,965,1031
242280,964,1028
242281,964,1032
242282,967,1034
242283,971,1033
242284,968,1031
242285,966,1027
242286,964,1025
242287,965,1026
242288,969,1027
242289,971,1028
242290,968,1026
242291,965,1025
242292,962,1021
242293,964,1024
242294,966,1027
242295,969,1026
242296,968,1024
242297,967,1021
242298,967,1017
242299,976,1014
242300,987,1016
242301,1001,1016
242302,1014,1013
242303,1032,1011
242304,1061,1010
242305,1102,1005
242306,1148,1000
242307,1204,994
242308,1262,995
242309,1307,1001
242310,1340,1021
242311,1345,1040
242312,1315,1052
242313,1253,1051
242314,1173,1052
242315,1087,1060
242316,1001,1074
242317,937,1081
242318,918,1089
242319,934,1078
242320,950,1065
242321,959,1048
242322,958,1040
242323,962,1037
242324,965,1038
242325,963,1035
242326,958,1034
242327,953,1030
242328,948,1030
242329,949,1031
242330,953,1037
242331,955,1036
242332,952,1033
242333,949,1027
242334,946,1026
242335,946,1027
242336,948,1032
242337,951,1033
242338,949,1029
242339,945,1026
242340,942,1024
242341,944,1026
242342,946,1031
242343,947,1030
242344,947,1026
242345,947,1022
242346,945,1025
242347,946,1028
242348,946,1031
242349,946,1030
242350,945,1030
242351,940,1024
242352,937,1023
242353,939,1026
242354,942,1028
242355,946,1029
242356,945,1026
242357,946,1025
242358,951,1022
242359,950,1023
242360,951,1027
242361,955,1026
242362,957,1024
242363,955,1018
242364,951,1018
242365,952,1018
242366,956,1017
242367,958,1017
242368,957,1016
242369,958,1012
242370,956,1013
242371,957,1014
242372,962,1014
242373,964,1011
242374,966,1011
242375,968,1007
242376,970,1001
242377,969,1003
242378,972,1006
242379,979,1001
242380,979,997
242381,979,994
242382,979,995
242383,975,995
242384,980,998
242385,985,994
242386,985,992
242387,986,988
242388,980,989
242389,978,991
242390,983,991
242391,988,990
242392,987,985
242393,986,984
242394,982,987
242395,983,988
242396,989,990
242397,991,987
242398,991,987
242399,993,986
242400,990,991
242401,990,993
242402,991,996
242403,996,999
242404,993,997
242405,992,994
242406,989,997
242407,992,1001
242408,994,1004
242409,997,1007
242410,992,1008
242411,986,1010
242412,986,1012
242413,986,1015
242414,987,1020
242415,987,1021
242416,987,1018
242417,987,1020
242418,983,1022
242419,984,1026
242420,983,1031
242421,984,1035
242422,981,1031
242423,976,1033
242424,974,1032
242425,974,1036
242426,977,1038
242427,977,1042
242428,976,1040
242429,973,1038
242430,972,1038
242431,970,1041
242432,974,1045
242433,977,1045
242434,976,1043
242435,971,1046
242436,968,1042
242437,970,1045
242438,970,1047
242439,975,1048
242440,973,1049
242441,971,1048
242442,968,1047
242443,969,1048
242444,973,1048
242445,977,1049
242446,980,1045
242447,978,1042
242448,973,1042
242449,973,1043
242450,976,1047
242451,980,1045
242452,981,1044
242453,979,1042
242454,981,1040
242455,980,1043
242456,983,1044
242457,982,1043
242458,983,1039
242459,981,1038
242460,980,1037
242461,982,1040
242462,985,1040
242463,987,1042
242464,988,1038
242465,985,1036
242466,983,1036
242467,986,1036
242468,988,1039
242469,987,1038
242470,985,1037
242471,984,1037
242472,985,1034
242473,988,1037
242474,992,1039
242475,992,1039
242476,991,1036
242477,987,1032
242478,985,1033
242479,987,1035
242480,990,1037
242481,995,1037
242482,991,1035
242483,992,1037
242484,989,1037
242485,989,1038
242486,992,1041
242487,995,1040
242488,993,1036
242489,993,1035
242490,992,1036
242491,992,1037
242492,995,1038
242493,996,1035
242494,992,1035
242495,988,1033
242496,984,1037
242497,987,1037
242498,993,1038
242499,1000,1038
242500,997,1036
242501,993,1036
242502,993,1036
242503,991,1038
242504,992,1038
242505,995,1038
242506,992,1035
242507,992,1031
242508,989,1027
242509,995,1030
242510,1004,1029
242511,1019,1030
242512,1033,1026
242513,1046,1023
242514,1067,1023
242515,1100,1024
242516,1142,1021
242517,1193,1013
242518,1239,1007
242519,1286,1011
242520,1325,1021
242521,1361,1040
242522,1374,1059
242523,1362,1065
242524,1315,1066
242525,1253,1061
242526,1180,1066
242527,1099,1074
242528,1030,1083
242529,978,1088
242530,951,1087
242531,950,1079
242532,962,1068
242533,979,1059
242534,986,1052
242535,991,1046
242536,988,1041
242537,986,1037
242538,981,1036
242539,977,1039
242540,975,1043
242541,978,1042
242542,972,1039
242543,967,1038
242544,965,1038
242545,967,1039
242546,970,1043
242547,974,1041
242548,972,1041
242549,968,1035
242550,965,1037
242551,966,1039
242552,968,1042
242553,972,1041
242554,968,1039
242555,966,1033
242556,967,1034
242557,964,1035
242558,968,1036
242559,970,1037
242560,967,1034
242561,962,1031
242562,963,1034
242563,960,1037
242564,963,1038
242565,967,1038
242566,966,1034
242567,964,1028
242568,962,1028
242569,966,1028
242570,970,1029
242571,971,1027
242572,969,1025
242573,968,1020
242574,964,1020
242575,964,1023
242576,967,1024
242577,972,1021
242578,973,1019
242579,970,1016
242580,969,1013
242581,972,1016
242582,979,1018
242583,981,1018
242584,978,1015
242585,978,1011
242586,977,1009
242587,976,1011
242588,975,1014
242589,985,1012
242590,989,1010
242591,990,1005
242592,987,1005
242593,985,1005
242594,989,1007
242595,996,1007
242596,996,1002
242597,996,995
242598,994,995
242599,999,998
242600,1002,1001
242601,1004,999
242602,1003,996
242603,1003,990
242604,1001,990
242605,1000,992
242606,1001,995
242607,1002,995
242608,1005,992
242609,1004,987
242610,1002,989
242611,1005,992
242612,1005,993
242613,1009,993
242614,1007,990
242615,1003,986
242616,997,988
242617,1001,992
242618,1005,997
242619,1002,999
242620,1000,998
242621,997,996
242622,998,999
242623,1000,1004
242624,1001,1012
242625,1006,1013
242626,1006,1011
242627,1001,1012
242628,997,1014
242629,998,1018
242630,996,1022
242631,998,1026
242632,996,1026
242633,990,1024
242634,986,1026
242635,985,1030
242636,986,1032
242637,989,1036
242638,986,1037
242639,981,1036
242640,976,1036
242641,977,1039
242642,983,1041
242643,984,1044
242644,979,1042
242645,977,1040
242646,971,1041
242647,973,1045
242648,978,1047
242649,978,1047
242650,978,1043
242651,976,1042
242652,973,1043
242653,974,1042
242654,977,1045
242655,978,1042
242656,976,1041
242657,974,1037
242658,972,1037
242659,972,1037
242660,978,1042
242661,984,1040
242662,986,1038
242663,984,1034
242664,978,1033
242665,979,1036
242666,979,1037
242667,983,1038
242668,981,1033
242669,980,1032
242670,975,1033
242671,980,1035
242672,984,1035
242673,991,1034
242674,990,1032
242675,987,1028
242676,986,1029
242677,985,1031
242678,988,1034
242679,991,1035
242680,991,1034
242681,986,1031
242682,984,1032
242683,985,1035
242684,988,1038
242685,992,1037
242686,991,1036
242687,990,1035
242688,989,1035
242689,987,1038
242690,990,1040
242691,990,1040
242692,990,1039
242693,987,1038
242694,985,1038
242695,982,1040
242696,980,1043
242697,981,1044
242698,985,1045
242699,987,1039
242700,987,1036
242701,985,1036
242702,986,1038
242703,989,1037
242704,986,1034
242705,984,1031
242706,985,1034
242707,982,1037
242708,987,1038
242709,988,1038
242710,987,1034
242711,987,1033
242712,988,1033
242713,991,1038
242714,995,1037
242715,995,1037
242716,995,1032
242717,994,1027
242718,1001,1026
242719,1018,1026
242720,1037,1030
242721,1055,1028
242722,1081,1026
242723,1115,1016
242724,1160,1013
242725,1211,1011
242726,1264,1016
242727,1315,1023
242728,1353,1039
242729,1363,1053
242730,1348,1068
242731,1305,1069
242732,1239,1071
242733,1166,1072
242734,1084,1078
242735,1006,1082
242736,949,1090
242737,936,1087
242738,949,1081
242739,966,1066
242740,973,1055
242741,973,1047
242742,971,1044
242743,974,1044
242744,973,1046
242745,972,1047
242746,968,1045
242747,962,1042
242748,962,1044
242749,963,1046
242750,963,1049
242751,966,1051
242752,964,1047
242753,959,1046
242754,956,1046
242755,958,1049
242756,957,1049
242757,960,1050
242758,957,1040
242759,954,1037
242760,952,1035
242761,953,1036
242762,952,1037
242763,956,1036
242764,957,1035
242765,950,1032
242766,950,1033
242767,953,1034
242768,956,1033
242769,958,1035
242770,957,1032
242771,954,1027
242772,951,1028
242773,952,1030
242774,955,1033
242775,956,1031
242776,959,1027
242777,958,1025
242778,958,1026
242779,957,1028
242780,958,1028
242781,957,1026
242782,954,1024
242783,950,1019
242784,950,1020
242785,953,1021
242786,956,1023
242787,956,1023
242788,953,1019
242789,953,1016
242790,952,1017
242791,955,1018
242792,958,1020
242793,961,1016
242794,964,1015
242795,965,1011
242796,965,1008
242797,968,1011
242798,974,1011
242799,978,1012
242800,978,1009
242801,977,1008
242802,979,1008
242803,981,1008
242804,985,1013
242805,989,1013
242806,988,1009
242807,987,1006
242808,988,1006
242809,988,1005
242810,993,1006
242811,994,1001
242812,994,999
242813,992,993
242814,991,996
242815,990,998
242816,994,1003
242817,993,1001
242818,993,999
242819,990,998
242820,989,1000
242821,991,1002
242822,997,1007
242823,997,1007
242824,996,1006
242825,990,1008
242826,987,1008
242827,987,1014
242828,988,1017
242829,989,1023
242830,982,1021
242831,979,1020
242832,976,1023
242833,976,1026
242834,973,1030
242835,973,1034
242836,968,1035
242837,970,1032
242838,968,1035
242839,969,1039
242840,968,1042
242841,967,1043
242842,966,1041
242843,965,1042
242844,960,1043
242845,954,1047
242846,957,1049
242847,960,1050
242848,959,1048
242849,952,1048
242850,954,1050
242851,958,1053
242852,963,1058
242853,964,1056
242854,962,1054
242855,959,1054
242856,958,1054
242857,960,1053
242858,965,1056
242859,967,1053
242860,967,1047
242861,963,1044
242862,962,1043
242863,966,1045
242864,970,1047
242865,974,1046
242866,973,1043
242867,969,1039
242868,969,1039
242869,969,1040
242870,970,1040
242871,978,1040
242872,978,1037
242873,975,1032
242874,974,1031
242875,975,1034
242876,978,1039
242877,982,1036
242878,980,1033
242879,977,1030
242880,973,1030
242881,973,1031
242882,971,1033
242883,978,1035
242884,980,1032
242885,979,1033
242886,980,1034
242887,984,1035
242888,987,1042
242889,992,1046
242890,990,1047
242891,987,1048
242892,985,1053
242893,991,1057
242894,999,1060
242895,1017,1054
242896,1031,1041
242897,1040,1024
242898,1053,1008
242899,1067,998
242900,1081,990
242901,1095,976
242902,1107,961
242903,1122,947
242904,1136,933
242905,1154,922
242906,1171,912
242907,1182,900
242908,1194,890
242909,1204,881
242910,1218,872
242911,1229,867
242912,1237,867
242913,1236,864
242914,1238,864
242915,1241,861
242916,1244,861
242917,1243,861
242918,1242,861
242919,1238,860
242920,1233,858
242921,1221,863
242922,1206,865
242923,1196,877
242924,1180,883
242925,1162,892
242926,1140,898
242927,1123,903
242928,1115,917
242929,1106,929
242930,1098,940
242931,1090,947
242932,1087,955
242933,1077,958
242934,1075,970
242935,1076,978
242936,1084,987
242937,1098,991
242938,1108,995
242939,1118,992
242940,1114,997
242941,1094,1001
242942,1060,1009
242943,1019,1016
242944,976,1020
242945,942,1029
242946,920,1040
242947,913,1052
242948,913,1063
242949,915,1072
242950,911,1073
242951,903,1071
242952,900,1075
242953,894,1078
242954,893,1085
242955,891,1087
242956,888,1089
242957,885,1087
242958,881,1092
242959,881,1097
242960,882,1100
242961,882,1102
242962,877,1101
242963,871,1100
242964,864,1106
242965,863,1108
242966,863,1114
242967,865,1114
242968,861,1118
242969,857,1118
242970,850,1120
242971,848,1123
242972,849,1126
242973,847,1128
242974,844,1125
242975,841,1123
242976,837,1123
242977,840,1132
242978,835,1134
242979,840,1138
242980,835,1137
242981,829,1139
242982,823,1142
242983,823,1149
242984,820,1152
242985,820,1154
242986,816,1155
242987,812,1154
242988,808,1157
242989,809,1161
242990,812,1165
242991,811,1168
242992,810,1166
242993,807,1164
242994,804,1166
242995,802,1170
242996,808,1172
242997,812,1172
242998,814,1166
242999,816,1164
243000,820,1164
243001,822,1166
243002,827,1168
243003,833,1168
243004,836,1162
243005,838,1157
243006,841,1157
243007,847,1154
243008,853,1155
243009,862,1151
243010,864,1144
243011,870,1139
243012,873,1136
243013,878,1138
243014,886,1136
243015,895,1132
243016,898,1125
243017,900,1119
243018,907,1115
243019,912,1114
243020,921,1112
243021,929,1107
243022,937,1103
243023,933,1096
243024,931,1093
243025,932,1092
243026,938,1091
243027,941,1088
243028,945,1085
243029,948,1076
243030,947,1075
243031,952,1074
243032,954,1075
243033,957,1071
243034,956,1066
243035,955,1062
243036,955,1062
243037,956,1063
243038,955,1063
243039,957,1060
243040,953,1058
243041,953,1051
243042,952,1053
243043,955,1054
243044,958,1055
243045,958,1055
243046,957,1052
243047,954,1048
243048,951,1048
243049,950,1050
243050,953,1052
243051,957,1051
243052,957,1047
243053,954,1045
243054,955,1045
243055,957,1046
243056,959,1047
243057,960,1045
243058,962,1044
243059,957,1041
243060,957,1042
243061,957,1042
243062,963,1043
243063,966,1042
243064,965,1040
243065,963,1037
243066,959,1039
243067,961,1039
243068,966,1042
243069,969,1041
243070,967,1038
243071,968,1033
243072,966,1034
243073,970,1035
243074,975,1039
243075,976,1035
243076,975,1034
243077,972,1032
243078,970,1032
243079,970,1035
243080,972,1040
243081,974,1040
243082,975,1038
243083,975,1034
243084,976,1035
243085,978,1034
243086,979,1038
243087,980,1038
243088,979,1034
243089,977,1033
243090,979,1034
243091,981,1037
243092,984,1040
243093,987,1038
243094,984,1037
243095,982,1034
243096,978,1032
243097,978,1034
243098,976,1040
243099,979,1036
243100,975,1035
243101,974,1030
243102,974,1031
243103,977,1030
243104,980,1034
243105,986,1033
243106,984,1031
243107,980,1030
243108,977,1029
243109,978,1031
243110,979,1032
243111,981,1033
243112,980,1029
243113,979,1027
243114,976,1027
243115,977,1031
243116,981,1033
243117,987,1032
243118,982,1028
243119,977,1029
243120,978,1028
243121,978,1030
243122,981,1034
243123,984,1035
243124,981,1031
243125,978,1032
243126,976,1030
243127,977,1030
243128,981,1034
243129,981,1034
243130,978,1032
243131,978,1029
243132,979,1030
243133,982,1031
243134,987,1033
243135,990,1033
243136,989,1032
243137,986,1029
243138,983,1033
243139,982,1037
243140,985,1035
243141,989,1037
243142,987,1036
243143,984,1031
243144,984,1032
243145,986,1034
243146,989,1036
243147,991,1037
243148,989,1035
243149,983,1032
243150,983,1031
243151,982,1033
243152,990,1036
243153,992,1035
243154,990,1033
243155,987,1030
243156,985,1029
243157,984,1031
243158,991,1033
243159,994,1029
243160,992,1029
243161,986,1027
243162,987,1026
243163,987,1029
243164,989,1032
243165,992,1030
243166,991,1028
243167,985,1028
243168,986,1026
243169,988,1028
243170,989,1031
243171,988,1029
243172,988,1027
243173,984,1027
243174,983,1026
243175,987,1030
243176,987,1032
243177,987,1032
243178,988,1029
243179,986,1025
243180,984,1028
243181,984,1030
243182,984,1032
243183,984,1031
243184,985,1028
243185,984,1027
243186,986,1025
243187,988,1026
243188,995,1030
243189,995,1029
243190,994,1028
243191,995,1024
243192,992,1026
243193,991,1029
243194,995,1032
243195,995,1031
243196,997,1029
243197,992,1024
243198,989,1028
243199,987,1030
243200,996,1035
243201,998,1032
243202,998,1029
243203,995,1025
243204,992,1027
243205,992,1030
243206,994,1030
243207,998,1030
243208,999,1026
243209,997,1023
243210,996,1022
243211,998,1025
243212,998,1024
243213,1003,1018
243214,1010,1016
243215,1018,1015
243216,1032,1013
243217,1055,1015
243218,1085,1018
243219,1124,1011
243220,1165,1004
243221,1204,998
243222,1248,998
243223,1301,999
243224,1348,1012
243225,1380,1024
243226,1390,1035
243227,1370,1038
243228,1324,1042
243229,1257,1045
243230,1189,1054
243231,1117,1060
243232,1044,1060
243233,984,1057
243234,957,1056
243235,961,1052
243236,980,1046
243237,992,1036
243238,993,1030
243239,988,1025
243240,986,1024
243241,983,1023
243242,987,1025
243243,985,1023
243244,985,1023
243245,978,1021
243246,974,1022
243247,971,1025
243248,973,1027
243249,974,1026
243250,973,1025
243251,972,1023
243252,970,1025
243253,971,1025
243254,972,1030
243255,973,1031
243256,971,1028
243257,970,1027
243258,969,1024
243259,969,1030
243260,970,1030
243261,970,1031
243262,970,1027
243263,963,1024
243264,961,1027
243265,965,1030
243266,966,1032
243267,969,1031
243268,968,1028
243269,967,1028
243270,962,1027
243271,959,1029
243272,957,1025
243273,960,1028
243274,962,1029
243275,967,1029
243276,969,1027
243277,977,1027
243278,978,1026
243279,975,1022
243280,968,1019
243281,961,1022
243282,956,1024
243283,954,1025
243284,958,1027
243285,963,1027
243286,966,1024
243287,967,1021
243288,969,1021
243289,970,1022
243290,974,1026
243291,977,1027
243292,978,1024
243293,979,1020
243294,976,1015
243295,982,1013
243296,985,1012
243297,989,1006
243298,991,1003
243299,991,997
243300,990,999
243301,998,1000
243302,1003,1001
243303,1008,999
243304,1008,994
243305,1007,990
243306,1010,988
243307,1014,992
243308,1023,994
243309,1025,992
243310,1025,989
243311,1022,985
243312,1020,983
243313,1026,987
243314,1030,989
243315,1033,986
243316,1031,984
243317,1025,980
243318,1024,983
243319,1029,983
243320,1033,988
243321,1035,988
243322,1036,983
243323,1034,983
243324,1034,986
243325,1033,988
243326,1034,993
243327,1034,995
243328,1034,995
243329,1032,992
243330,1029,996
243331,1029,999
243332,1032,1002
243333,1031,1003
243334,1027,1003
243335,1023,1004
243336,1021,1007
243337,1021,1015
243338,1021,1018
243339,1020,1021
243340,1019,1020
243341,1016,1021
243342,1013,1020
243343,1009,1022
243344,1015,1026
243345,1018,1025
243346,1018,1025
243347,1010,1024
243348,999,1025
243349,994,1030
243350,999,1032
243351,1002,1033
243352,998,1035
243353,995,1033
243354,991,1035
243355,995,1037
243356,995,1040
243357,1001,1041
243358,998,1038
243359,995,1035
243360,992,1038
243361,993,1039
243362,999,1043
243363,998,1037
243364,996,1036
243365,995,1033
243366,993,1035
243367,994,1035
243368,998,1037
243369,1002,1038
243370,1004,1034
243371,1003,1033
243372,997,1032
243373,998,1034
243374,1003,1036
243375,1007,1032
243376,1008,1031
243377,1005,1027
243378,1005,1027
243379,1009,1028
243380,1014,1032
243381,1013,1027
243382,1017,1024
243383,1013,1023
243384,1011,1024
243385,1008,1027
243386,1009,1027
243387,1010,1023
243388,1007,1021
243389,1005,1020
243390,1002,1019
243391,1008,1021
243392,1011,1023
243393,1013,1020
243394,1013,1021
243395,1010,1019
243396,1007,1019
243397,1008,1023
243398,1009,1024
243399,1010,1024
243400,1009,1023
243401,1007,1021
243402,1006,1022
243403,1005,1025
243404,1011,1028
243405,1015,1029
243406,1016,1029
243407,1013,1024
243408,1010,1026
243409,1007,1026
243410,1009,1033
243411,1011,1030
243412,1009,1031
243413,1005,1027
243414,1005,1029
243415,1007,1032
243416,1008,1035
243417,1010,1032
243418,1009,1030
243419,1004,1031
243420,999,1029
243421,1002,1033
243422,1002,1036
243423,1004,1034
243424,1001,1033
243425,999,1031
243426,995,1030
243427,997,1033
243428,998,1037
243429,1002,1035
243430,1001,1032
243431,1001,1029
243432,1000,1028
243433,1000,1029
243434,1001,1031
243435,1001,1031
243436,998,1030
243437,995,1025
243438,992,1027
243439,992,1027
243440,992,1028
243441,998,1027
243442,1002,1027
243443,1006,1024
243444,1002,1026
243445,1003,1029
243446,1003,1031
243447,1005,1028
243448,1003,1025
243449,1002,1026
243450,1001,1027
243451,1001,1027
243452,1003,1030
243453,1004,1029
243454,1003,1029
243455,1001,1027
243456,997,1027
243457,996,1032
243458,998,1034
243459,1002,1034
243460,999,1032
243461,993,1025
243462,991,1028
243463,994,1030
243464,999,1032
243465,999,1033
243466,997,1032
243467,993,1031
243468,992,1033
243469,995,1034
243470,1000,1037
243471,1004,1036
243472,1006,1034
243473,1000,1032
243474,997,1030
243475,997,1033
243476,1001,1034
243477,1002,1034
243478,1001,1031
243479,998,1030
243480,997,1026
243481,995,1031
243482,1001,1030
243483,1010,1026
243484,1014,1021
243485,1023,1019
243486,1033,1017
243487,1045,1021
243488,1067,1018
243489,1097,1014
243490,1135,1007
243491,1170,995
243492,1209,991
243493,1255,992
243494,1303,998
243495,1346,1005
243496,1374,1019
243497,1378,1034
243498,1354,1042
243499,1305,1044
243500,1244,1052
243501,1169,1058
243502,1089,1062
243503,1017,1066
243504,973,1067
243505,968,1068
243506,979,1064
243507,989,1053
243508,996,1044
243509,993,1035
243510,990,1032
243511,990,1033
243512,988,1032
243513,988,1029
243514,982,1027
243515,978,1028
243516,974,1032
243517,975,1034
243518,975,1033
243519,980,1034
243520,977,1033
243521,972,1030
243522,970,1029
243523,970,1030
243524,972,1031
243525,970,1030
243526,967,1029
243527,966,1026
243528,965,1030
243529,967,1034
243530,967,1037
243531,967,1037
243532,970,1032
243533,969,1030
243534,974,1030
243535,973,1034
243536,975,1035
243537,975,1035
243538,970,1030
243539,968,1029
243540,965,1027
243541,968,1030
243542,971,1035
243543,973,1033
243544,970,1027
243545,970,1026
243546,969,1028
243547,974,1029
243548,977,1030
243549,977,1024
243550,976,1021
243551,972,1021
243552,972,1021
243553,977,1023
243554,976,1025
243555,979,1027
243556,977,1024
243557,973,1024
243558,972,1024
243559,977,1026
243560,977,1028
243561,983,1028
243562,982,1024
243563,978,1019
243564,979,1018
243565,981,1018
243566,987,1019
243567,988,1018
243568,988,1013
243569,982,1010
243570,981,1009
243571,984,1011
243572,990,1012
243573,994,1009
243574,995,1003
243575,994,998
243576,996,999
243577,998,999
243578,1001,1002
243579,1002,999
243580,1000,995
243581,999,991
243582,998,988
243583,1000,989
243584,1008,992
243585,1011,991
243586,1012,989
243587,1009,990
243588,1005,989
243589,1005,994
243590,1007,996
243591,1008,995
243592,1010,991
243593,1010,987
243594,1006,990
243595,1011,992
243596,1015,997
243597,1017,997
243598,1013,994
243599,1006,994
243600,1003,997
243601,1001,1001
243602,1003,1006
243603,1003,1004
243604,1001,1005
243605,999,1009
243606,994,1011
243607,996,1016
243608,999,1017
243609,1000,1022
243610,995,1024
243611,992,1025
243612,990,1026
243613,990,1027
243614,993,1032
243615,995,1032
243616,994,1032
243617,988,1031
243618,982,1032
243619,984,1037
243620,986,1041
243621,988,1038
243622,988,1035
243623,984,1034
243624,984,1034
243625,984,1037
243626,984,1039
243627,984,1037
243628,984,1035
243629,982,1032
243630,981,1037
243631,983,1037
243632,985,1039
243633,985,1041
243634,985,1038
243635,983,1035
243636,983,1038
243637,987,1040
243638,990,1042
243639,990,1040
243640,985,1037
243641,985,1035
243642,985,1037
243643,986,1035
243644,987,1038
243645,990,1039
243646,987,1034
243647,987,1032
243648,985,1031
243649,984,1034
243650,988,1032
243651,992,1031
243652,990,1027
243653,990,1026
243654,987,1026
243655,989,1028
243656,993,1029
243657,994,1031
243658,998,1028
243659,998,1029
243660,996,1029
243661,998,1034
243662,1001,1036
243663,1007,1034
243664,1008,1033
243665,1009,1036
243666,1011,1037
243667,1015,1039
243668,1022,1047
243669,1022,1048
243670,1022,1047
243671,1017,1048
243672,1012,1056
243673,1016,1061
243674,1026,1064
243675,1040,1062
243676,1051,1049
243677,1062,1031
243678,1073,1016
243679,1086,1002
243680,1100,993
243681,1115,979
243682,1131,961
243683,1141,946
243684,1154,932
243685,1173,922
243686,1192,909
243687,1207,894
243688,1218,876
243689,1226,865
243690,1237,858
243691,1252,850
243692,1264,846
243693,1268,844
243694,1265,845
243695,1260,848
243696,1260,851
243697,1262,855
243698,1262,857
243699,1259,853
243700,1248,852
243701,1237,854
243702,1224,859
243703,1211,868
243704,1196,874
243705,1177,883
243706,1158,885
243707,1144,894
243708,1135,907
243709,1129,922
243710,1126,932
243711,1121,936
243712,1115,941
243713,1107,945
243714,1105,957
243715,1114,968
243716,1123,977
243717,1136,981
243718,1149,980
243719,1154,983
243720,1141,989
243721,1104,995
243722,1052,1004
243723,1002,1013
243724,968,1022
243725,953,1032
243726,948,1046
243727,947,1060
243728,947,1068
243729,941,1070
243730,934,1071
243731,930,1070
243732,923,1074
243733,921,1077
243734,922,1080
243735,919,1080
243736,917,1079
243737,914,1079
243738,910,1080
243739,910,1085
243740,908,1091
243741,904,1092
243742,897,1089
243743,894,1087
243744,889,1090
243745,887,1094
243746,889,1098
243747,890,1099
243748,886,1099
243749,881,1097
243750,877,1099
243751,878,1107
243752,877,1109
243753,875,1113
243754,869,1110
243755,866,1111
243756,861,1115
243757,860,1120
243758,858,1124
243759,856,1123
243760,852,1122
243761,846,1122
243762,846,1124
243763,847,1129
243764,847,1136
243765,849,1140
243766,847,1143
243767,844,1142
243768,842,1147
243769,841,1152
243770,845,1159
243771,844,1159
243772,845,1162
243773,839,1158
243774,837,1161
243775,844,1163
243776,849,1167
243777,856,1168
243778,859,1165
243779,859,1162
243780,860,1162
243781,864,1164
243782,867,1167
243783,872,1164
243784,877,1159
243785,881,1154
243786,886,1153
243787,894,1152
243788,900,1151
243789,906,1147
243790,911,1144
243791,915,1138
243792,919,1135
243793,925,1130
243794,931,1128
243795,938,1121
243796,943,1116
243797,944,1110
243798,949,1104
243799,951,1104
243800,959,1100
243801,965,1095
243802,967,1091
243803,967,1085
243804,968,1083
243805,969,1083
243806,973,1080
243807,978,1075
243808,980,1069
243809,979,1062
243810,976,1061
243811,977,1059
243812,982,1059
243813,983,1056
243814,977,1050
243815,974,1044
243816,976,1046
243817,979,1046
243818,981,1047
243819,984,1044
243820,985,1041
243821,984,1037
243822,983,1039
243823,984,1042
243824,988,1043
243825,989,1044
243826,988,1041
243827,986,1041
243828,987,1046
243829,990,1047
243830,995,1049
243831,997,1047
243832,993,1047
243833,991,1042
243834,988,1043
243835,992,1046
243836,995,1050
243837,996,1047
243838,995,1045
243839,993,1042
243840,992,1042
243841,995,1046
243842,997,1048
243843,1000,1047
243844,994,1046
243845,991,1045
243846,989,1043
243847,988,1046
243848,993,1047
243849,998,1045
243850,998,1041
243851,995,1040
243852,993,1039
243853,995,1041
243854,999,1042
243855,999,1042
243856,996,1038
243857,993,1035
243858,989,1035
243859,993,1036
243860,996,1039
243861,999,1037
243862,999,1035
243863,995,1032
243864,993,1035
243865,995,1038
243866,997,1039
243867,1000,1038
243868,995,1034
243869,994,1032
243870,994,1033
243871,994,1034
243872,997,1036
243873,999,1033
243874,997,1026
243875,995,1025
243876,997,1025
243877,997,1028
243878,999,1030
243879,1001,1031
243880,1002,1029
243881,1001,1029
243882,999,1031
243883,1002,1033
243884,1005,1035
243885,1005,1035
243886,1007,1033
243887,1006,1031
243888,1004,1030
243889,1004,1034
243890,1005,1037
243891,1004,1039
243892,1002,1035
243893,1008,1034
243894,1005,1035
243895,1007,1037
243896,1010,1041
243897,1010,1040
243898,1009,1035
243899,1005,1033
243900,1003,1033
243901,1003,1036
243902,1008,1040
243903,1008,1039
243904,1008,1039
243905,1005,1036
243906,1003,1037
243907,1004,1039
243908,1009,1041
243909,1010,1042
243910,1008,1040
243911,1007,1035
243912,1006,1034
243913,1004,1036
243914,1004,1038
243915,1006,1038
243916,1007,1035
243917,1000,1032
243918,999,1031
243919,999,1036
243920,1003,1037
243921,1002,1034
243922,1003,1033
243923,1001,1031
243924,998,1032
243925,1000,1034
243926,1002,1036
243927,1003,1032
243928,1002,1027
243929,999,1027
243930,1001,1029
243931,1002,1029
243932,1002,1032
243933,1004,1028
243934,1003,1027
243935,1001,1024
243936,1001,1027
243937,1003,1028
243938,1005,1033
243939,1007,1033
243940,1007,1029
243941,1007,1031
243942,1005,1031
243943,1006,1034
243944,1009,1036
243945,1011,1035
243946,1012,1033
243947,1009,1031
243948,1007,1034
243949,1006,1036
243950,1011,1039
243951,1013,1038
243952,1014,1034
243953,1012,1033
243954,1010,1032
243955,1011,1037
243956,1016,1037
243957,1017,1036
243958,1014,1032
243959,1011,1031
243960,1010,1031
243961,1011,1034
243962,1014,1036
243963,1016,1034
243964,1012,1031
243965,1010,1030
243966,1011,1031
243967,1014,1034
243968,1017,1037
243969,1020,1033
243970,1017,1032
243971,1012,1029
243972,1010,1029
243973,1012,1031
243974,1015,1035
243975,1018,1033
243976,1016,1029
243977,1013,1027
243978,1009,1027
243979,1008,1030
243980,1009,1031
243981,1014,1029
243982,1019,1024
243983,1026,1019
243984,1039,1016
243985,1060,1018
243986,1088,1019
243987,1122,1016
243988,1155,1008
243989,1193,1001
243990,1237,1001
243991,1286,1007
243992,1331,1019
243993,1365,1031
243994,1376,1044
243995,1358,1053
243996,1311,1057
243997,1245,1059
243998,1180,1067
243999,1112,1067
244000,1046,1072
244001,1001,1072
244002,987,1071
244003,996,1064
244004,1012,1056
244005,1020,1047
244006,1023,1035
244007,1015,1035
244008,1012,1032
244009,1008,1035
244010,1006,1034
244011,1004,1034
244012,1002,1031
244013,998,1029
244014,1000,1032
244015,1000,1033
244016,1002,1035
244017,1001,1031
244018,999,1032
244019,994,1027
244020,991,1031
244021,995,1032
244022,996,1034
244023,997,1033
244024,995,1032
244025,994,1032
244026,992,1034
244027,991,1037
244028,994,1039
244029,992,1038
244030,990,1035
244031,985,1036
244032,986,1035
244033,989,1040
244034,990,1038
244035,990,1035
244036,987,1033
244037,985,1032
244038,986,1031
244039,987,1034
244040,989,1035
244041,991,1031
244042,989,1027
244043,987,1027
244044,985,1028
244045,991,1032
244046,990,1031
244047,994,1030
244048,992,1024
244049,990,1024
244050,991,1025
244051,993,1028
244052,994,1028
244053,999,1027
244054,998,1024
244055,995,1019
244056,995,1020
244057,999,1020
244058,1004,1024
244059,1009,1020
244060,1005,1015
244061,1005,1011
244062,1006,1014
244063,1011,1015
244064,1017,1016
244065,1019,1010
244066,1017,1007
244067,1014,1003
244068,1016,1003
244069,1019,1004
244070,1024,1006
244071,1022,1003
244072,1025,1002
244073,1026,997
244074,1026,996
244075,1030,997
244076,1033,999
244077,1035,996
244078,1031,994
244079,1031,991
244080,1029,993
244081,1032,994
244082,1037,997
244083,1040,996
244084,1041,994
244085,1041,992
244086,1041,994
244087,1043,998
244088,1045,1000
244089,1041,999
244090,1039,997
244091,1038,996
244092,1038,998
244093,1038,1003
244094,1041,1007
244095,1039,1006
244096,1034,1007
244097,1033,1010
244098,1034,1014
244099,1035,1018
244100,1034,1025
244101,1034,1028
244102,1033,1024
244103,1030,1024
244104,1028,1029
244105,1029,1032
244106,1029,1036
244107,1026,1038
244108,1021,1036
244109,1019,1035
244110,1018,1039
244111,1016,1040
244112,1016,1044
244113,1019,1042
244114,1017,1038
244115,1011,1040
244116,1010,1043
244117,1011,1047
244118,1012,1050
244119,1014,1050
244120,1013,1047
244121,1008,1048
244122,1008,1048
244123,1008,1050
244124,1011,1053
244125,1010,1050
244126,1009,1046
244127,1009,1043
244128,1010,1045
244129,1010,1047
244130,1011,1049
244131,1012,1048
244132,1012,1043
244133,1008,1044
244134,1005,1046
244135,1010,1047
244136,1012,1048
244137,1013,1045
244138,1012,1046
244139,1010,1042
244140,1011,1041
244141,1013,1044
244142,1014,1043
244143,1015,1042
244144,1012,1038
244145,1010,1033
244146,1011,1032
244147,1012,1035
244148,1016,1036
244149,1015,1033
244150,1019,1030
244151,1021,1031
244152,1021,1031
244153,1019,1033
244154,1022,1036
244155,1021,1034
244156,1019,1031
244157,1020,1029
244158,1020,1031
244159,1023,1033
244160,1024,1035
244161,1022,1034
244162,1021,1033
244163,1018,1031
244164,1018,1032
244165,1019,1037
244166,1022,1039
244167,1022,1038
244168,1021,1038
244169,1019,1036
244170,1018,1037
244171,1017,1039
244172,1018,1044
244173,1020,1041
244174,1017,1042
244175,1018,1043
244176,1018,1041
244177,1018,1041
244178,1021,1044
244179,1020,1043
244180,1017,1038
244181,1013,1037
244182,1014,1038
244183,1016,1039
244184,1015,1042
244185,1016,1040
244186,1016,1038
244187,1011,1036
244188,1011,1035
244189,1015,1038
244190,1018,1042
244191,1017,1040
244192,1014,1038
244193,1012,1037
244194,1009,1037
244195,1009,1037
244196,1010,1040
244197,1013,1036
244198,1009,1037
244199,1004,1034
244200,1005,1035
244201,1009,1036
244202,1016,1039
244203,1014,1039
244204,1014,1037
244205,1013,1037
244206,1009,1038
244207,1014,1039
244208,1017,1042
244209,1020,1039
244210,1021,1037
244211,1018,1036
244212,1017,1037
244213,1019,1039
244214,1023,1042
244215,1021,1040
244216,1018,1039
244217,1017,1036
244218,1019,1039
244219,1020,1044
244220,1020,1044
244221,1022,1041
244222,1018,1036
244223,1015,1033
244224,1020,1036
244225,1035,1034
244226,1048,1036
244227,1065,1033
244228,1087,1030
244229,1115,1026
244230,1152,1023
244231,1196,1017
244232,1247,1015
244233,1295,1017
244234,1334,1024
244235,1362,1039
244236,1371,1059
244237,1353,1071
244238,1310,1076
244239,1245,1074
244240,1173,1076
244241,1099,1083
244242,1035,1090
244243,994,1097
244244,981,1097
244245,988,1086
244246,997,1073
244247,1002,1059
244248,1007,1053
244249,1010,1049
244250,1011,1048
244251,1004,1046
244252,997,1043
244253,994,1040
244254,989,1039
244255,992,1040
244256,996,1040
244257,997,1036
244258,993,1035
244259,991,1033
244260,991,1035
244261,990,1039
244262,995,1042
244263,994,1040
244264,991,1039
244265,987,1035
244266,984,1036
244267,988,1040
244268,990,1041
244269,992,1041
244270,988,1039
244271,987,1037
244272,989,1039
244273,992,1043
244274,994,1045
244275,992,1040
244276,990,1040
244277,991,1039
244278,989,1041
244279,994,1045
244280,996,1045
244281,997,1042
244282,998,1038
244283,995,1037
244284,993,1037
244285,995,1042
244286,997,1043
244287,999,1041
244288,1000,1037
244289,998,1035
244290,999,1036
244291,1001,1038
244292,1004,1041
244293,1004,1039
244294,1004,1036
244295,1003,1035
244296,1006,1037
244297,1008,1036
244298,1012,1036
244299,1009,1036
244300,1009,1030
244301,1010,1025
244302,1013,1022
244303,1015,1021
244304,1014,1018
244305,1014,1014
244306,1011,1010
244307,1012,1008
244308,1012,1006
244309,1014,1007
244310,1014,1006
244311,1017,1002
244312,1016,1000
244313,1013,997
244314,1012,999
244315,1015,1001
244316,1019,1002
244317,1017,998
244318,1017,995
244319,1014,996
244320,1010,996
244321,1013,1001
244322,1021,1000
244323,1023,1003
244324,1023,1001
244325,1022,999
244326,1021,1000
244327,1025,1005
244328,1027,1010
244329,1028,1008
244330,1027,1007
244331,1029,1009
244332,1028,1013
244333,1030,1018
244334,1035,1025
244335,1036,1024
244336,1030,1024
244337,1026,1026
244338,1021,1031
244339,1021,1035
244340,1026,1040
244341,1027,1040
244342,1021,1041
244343,1017,1039
244344,1016,1043
244345,1013,1044
244346,1013,1050
244347,1017,1047
244348,1013,1048
244349,1009,1046
244350,1007,1047
244351,1009,1049
244352,1013,1051
244353,1013,1050
244354,1010,1048
244355,1007,1047
244356,1004,1048
244357,1006,1050
244358,1006,1052
244359,1004,1051
244360,1006,1048
244361,1003,1044
244362,1005,1045
244363,1008,1048
244364,1006,1054
244365,1009,1052
244366,1007,1050
244367,1004,1047
244368,1001,1048
244369,1005,1051
244370,1009,1053
244371,1009,1051
244372,1005,1046
244373,1006,1044
244374,1004,1045
244375,1005,1051
244376,1009,1054
244377,1011,1049
244378,1016,1044
244379,1012,1041
244380,1004,1042
244381,1005,1054
244382,1009,1064
244383,1022,1062
244384,1023,1053
244385,1015,1041
244386,1008,1038
244387,1009,1049
244388,1012,1059
244389,1013,1060
244390,1012,1055
244391,1007,1053
244392,1007,1050
244393,1005,1052
244394,1008,1056
244395,1011,1054
244396,1009,1051
244397,1004,1046
244398,1005,1050
244399,1006,1052
244400,1009,1054
244401,1009,1050
244402,1008,1044
244403,1008,1041
244404,1009,1044
244405,1007,1048
244406,1009,1051
244407,1007,1050
244408,1007,1049
244409,1006,1050
244410,1007,1050
244411,1010,1051
244412,1011,1053
244413,1011,1053
244414,1006,1051
244415,1004,1048
244416,1005,1049
244417,1006,1051
244418,1007,1054
244419,1010,1051
244420,1011,1050
244421,1010,1051
244422,1008,1052
244423,1012,1053
244424,1015,1054
244425,1014,1053
244426,1011,1051
244427,1009,1050
244428,1010,1054
244429,1010,1058
244430,1015,1059
244431,1014,1056
244432,1010,1058
244433,1009,1056
244434,1010,1055
244435,1017,1055
244436,1019,1053
244437,1014,1051
244438,1008,1049
244439,1005,1047
244440,1008,1050
244441,1014,1052
244442,1016,1050
244443,1018,1042
244444,1013,1041
244445,1008,1040
244446,1008,1043
244447,1013,1045
244448,1024,1043
244449,1034,1039
244450,1044,1036
244451,1056,1034
244452,1074,1034
244453,1105,1035
244454,1144,1028
244455,1185,1021
244456,1231,1013
244457,1275,1017
244458,1319,1029
244459,1350,1052
244460,1358,1073
244461,1328,1085
244462,1271,1080
244463,1196,1079
244464,1124,1087
244465,1056,1103
244466,1006,1112
244467,980,1113
244468,978,1104
244469,988,1089
244470,999,1075
244471,1005,1069
244472,1010,1066
244473,1008,1061
244474,1001,1061
244475,992,1057
244476,991,1055
244477,990,1053
244478,991,1050
244479,991,1050
244480,985,1049
244481,981,1049
244482,982,1054
244483,991,1060
244484,994,1061
244485,997,1058
244486,992,1059
244487,988,1050
244488,985,1050
244489,987,1051
244490,989,1055
244491,990,1053
244492,990,1052
244493,988,1049
244494,988,1050
244495,989,1054
244496,994,1053
244497,993,1052
244498,995,1050
244499,992,1050
244500,989,1050
244501,991,1053
244502,995,1056
244503,998,1050
244504,995,1047
244505,993,1045
244506,993,1048
244507,994,1050
244508,995,1052
244509,993,1047
244510,989,1046
244511,990,1040
244512,991,1045
244513,996,1043
244514,998,1041
244515,997,1041
244516,995,1037
244517,991,1035
244518,991,1035
244519,994,1036
244520,998,1037
244521,1001,1036
244522,1004,1029
244523,1005,1026
244524,1005,1022
244525,1007,1025
244526,1008,1025
244527,1010,1024
244528,1012,1017
244529,1008,1016
244530,1010,1017
244531,1014,1017
244532,1019,1014
244533,1019,1013
244534,1018,1008
244535,1015,1006
244536,1014,1006
244537,1021,1007
244538,1024,1010
244539,1027,1007
244540,1027,1005
244541,1024,1005
244542,1025,1010
244543,1028,1010
244544,1031,1010
244545,1030,1010
244546,1032,1010
244547,1027,1008
244548,1027,1013
244549,1033,1014
244550,1037,1021
244551,1035,1019
244552,1033,1020
244553,1027,1020
244554,1026,1025
244555,1028,1028
244556,1033,1030
244557,1029,1033
244558,1025,1031
244559,1021,1034
244560,1020,1035
244561,1016,1041
244562,1016,1045
244563,1012,1046
244564,1008,1045
244565,1007,1044
244566,1006,1048
244567,1006,1054
244568,1009,1055
244569,1006,1057
244570,1004,1057
244571,1002,1062
244572,1001,1064
244573,1000,1065
244574,1002,1068
244575,1003,1066
244576,1003,1065
244577,1000,1064
244578,1002,1065
244579,1006,1067
244580,1007,1071
244581,1006,1065
244582,1003,1065
244583,1002,1061
244584,1002,1063
244585,1006,1065
244586,1010,1067
244587,1012,1065
244588,1013,1060
244589,1007,1061
244590,1007,1066
244591,1008,1069
244592,1014,1067
244593,1012,1068
244594,1012,1063
244595,1012,1060
244596,1013,1059
244597,1015,1059
244598,1018,1060
244599,1018,1059
244600,1016,1057
244601,1016,1050
244602,1015,1053
244603,1019,1054
244604,1022,1055
244605,1021,1053
244606,1013,1051
244607,1016,1047
244608,1016,1046
244609,1019,1049
244610,1022,1052
244611,1022,1051
244612,1022,1049
244613,1017,1047
244614,1018,1049
244615,1022,1054
244616,1027,1055
244617,1026,1053
244618,1024,1050
244619,1021,1048
244620,1020,1050
244621,1019,1053
244622,1020,1057
244623,1021,1057
244624,1016,1054
244625,1012,1050
244626,1011,1051
244627,1016,1054
244628,1021,1060
244629,1018,1060
244630,1016,1056
244631,1012,1055
244632,1013,1054
244633,1013,1056
244634,1016,1058
244635,1017,1060
244636,1017,1060
244637,1015,1060
244638,1013,1062
244639,1015,1059
244640,1014,1058
244641,1014,1057
244642,1012,1057
244643,1016,1056
244644,1016,1059
244645,1019,1060
244646,1018,1057
244647,1016,1054
244648,1012,1056
244649,1010,1056
244650,1013,1059
244651,1018,1062
244652,1021,1062
244653,1022,1059
244654,1016,1053
244655,1019,1054
244656,1017,1058
244657,1019,1061
244658,1021,1066
244659,1025,1063
244660,1025,1057
244661,1021,1057
244662,1023,1061
244663,1023,1061
244664,1027,1062
244665,1026,1060
244666,1022,1057
244667,1016,1057
244668,1014,1058
244669,1019,1065
244670,1023,1065
244671,1028,1059
244672,1023,1056
244673,1021,1055
244674,1019,1053
244675,1025,1053
244676,1038,1057
244677,1053,1056
244678,1067,1049
244679,1082,1044
244680,1109,1041
244681,1144,1036
244682,1187,1028
244683,1234,1022
244684,1283,1019
244685,1328,1030
244686,1368,1048
244687,1386,1071
244688,1375,1086
244689,1329,1088
244690,1259,1087
244691,1187,1088
244692,1118,1099
244693,1056,1103
244694,1010,1111
244695,994,1111
244696,1001,1106
244697,1011,1096
244698,1020,1084
244699,1026,1079
244700,1030,1071
244701,1033,1061
244702,1029,1054
244703,1026,1050
244704,1019,1053
244705,1016,1056
244706,1018,1056
244707,1022,1058
244708,1021,1052
244709,1014,1049
244710,1005,1052
244711,1002,1051
244712,1003,1054
244713,1005,1057
244714,1005,1056
244715,1002,1059
244716,1002,1059
244717,1006,1061
244718,1010,1063
244719,1010,1058
244720,1009,1057
244721,1005,1056
244722,1002,1059
244723,1005,1061
244724,1008,1063
244725,1007,1063
244726,1004,1058
244727,1002,1058
244728,1003,1059
244729,1007,1061
244730,1008,1058
244731,1000,1058
244732,995,1056
244733,993,1055
244734,997,1058
244735,1003,1059
244736,1010,1063
244737,1008,1062
244738,1005,1056
244739,1000,1056
244740,1001,1054
244741,1004,1056
244742,1006,1055
244743,1009,1052
244744,1007,1048
244745,1006,1047
244746,1009,1049
244747,1012,1051
244748,1017,1050
244749,1017,1045
244750,1019,1043
244751,1017,1041
244752,1017,1041
244753,1019,1039
244754,1022,1037
244755,1024,1036
244756,1028,1032
244757,1025,1028
244758,1024,1027
244759,1026,1029
244760,1032,1027
244761,1031,1021
244762,1030,1018
244763,1029,1016
244764,1032,1017
244765,1036,1018
244766,1038,1021
244767,1040,1017
244768,1043,1013
244769,1039,1008
244770,1038,1009
244771,1037,1014
244772,1043,1014
244773,1043,1015
244774,1043,1013
244775,1041,1011
244776,1037,1007
244777,1038,1007
244778,1042,1012
244779,1042,1016
244780,1042,1016
244781,1039,1016
244782,1037,1019
244783,1039,1022
244784,1041,1026
244785,1046,1025
244786,1044,1025
244787,1038,1026
244788,1035,1030
244789,1039,1034
244790,1039,1039
244791,1041,1041
244792,1033,1040
244793,1027,1042
244794,1027,1045
244795,1028,1048
244796,1030,1053
244797,1030,1053
244798,1028,1050
244799,1025,1051
244800,1021,1054
244801,1022,1058
244802,1025,1058
244803,1023,1058
244804,1021,1057
244805,1018,1056
244806,1017,1059
244807,1020,1060
244808,1022,1062
244809,1021,1059
244810,1014,1057
244811,1011,1057
244812,1015,1059
244813,1017,1061
244814,1021,1063
244815,1021,1061
244816,1020,1057
244817,1018,1059
244818,1019,1060
244819,1020,1062
244820,1023,1063
244821,1024,1061
244822,1022,1058
244823,1018,1056
244824,1014,1059
244825,1017,1059
244826,1019,1060
244827,1020,1058
244828,1015,1056
244829,1012,1056
244830,1011,1057
244831,1015,1061
244832,1019,1058
244833,1019,1057
244834,1019,1053
244835,1016,1050
244836,1013,1053
244837,1015,1052
244838,1017,1052
244839,1018,1052
244840,1016,1051
244841,1015,1052
244842,1016,1053
244843,1016,1054
244844,1019,1057
244845,1021,1053
244846,1022,1050
244847,1022,1049
244848,1017,1052
244849,1019,1052
244850,1022,1053
244851,1023,1048
244852,1020,1049
244853,1015,1046
244854,1012,1049
244855,1015,1051
244856,1019,1053
244857,1021,1048
244858,1020,1045
244859,1019,1046
244860,1015,1047
244861,1016,1048
244862,1018,1050
244863,1023,1051
244864,1022,1049
244865,1018,1046
244866,1018,1047
244867,1021,1049
244868,1022,1052
244869,1021,1049
244870,1020,1048
244871,1018,1044
244872,1022,1049
244873,1025,1052
244874,1026,1049
244875,1023,1049
244876,1016,1048
244877,1012,1047
244878,1013,1051
244879,1014,1054
244880,1018,1054
244881,1023,1054
244882,1019,1049
244883,1014,1048
244884,1013,1050
244885,1012,1052
244886,1013,1055
244887,1016,1052
244888,1014,1048
244889,1013,1045
244890,1015,1046
244891,1019,1047
244892,1022,1045
244893,1025,1039
244894,1034,1037
244895,1049,1035
244896,1071,1037
244897,1103,1036
244898,1140,1030
244899,1178,1020
244900,1222,1011
244901,1271,1012
244902,1322,1022
244903,1363,1040
244904,1382,1063
244905,1361,1077
244906,1308,1078
244907,1233,1078
244908,1150,1082
244909,1074,1094
244910,1011,1104
244911,976,1106
244912,967,1105
244913,979,1096
244914,997,1084
244915,1008,1074
244916,1012,1067
244917,1012,1059
244918,1010,1051
244919,1002,1052
244920,1001,1048
244921,1002,1049
244922,1004,1049
244923,999,1044
244924,1000,1043
244925,993,1042
244926,996,1046
244927,997,1049
244928,999,1050
244929,997,1049
244930,992,1048
244931,987,1046
244932,992,1046
244933,997,1050
244934,999,1050
244935,993,1050
244936,987,1048
244937,984,1051
244938,981,1050
244939,989,1052
244940,995,1053
244941,991,1051
244942,984,1046
244943,982,1045
244944,983,1048
244945,986,1047
244946,989,1049
244947,986,1048
244948,985,1044
244949,983,1043
244950,984,1045
244951,985,1047
244952,988,1045
244953,988,1044
244954,986,1041
244955,981,1037
244956,982,1042
244957,986,1042
244958,991,1042
244959,989,1039
244960,988,1034
244961,986,1032
244962,985,1032
244963,991,1036
244964,997,1036
244965,996,1032
244966,997,1030
244967,995,1027
244968,992,1030
244969,994,1029
244970,999,1029
244971,1000,1024
244972,1000,1018
244973,995,1020
244974,995,1019
244975,1002,1021
244976,1004,1021
244977,1004,1020
244978,1001,1016
244979,1000,1016
244980,1004,1016
244981,1008,1017
244982,1011,1017
244983,1011,1017
244984,1009,1011
244985,1009,1009
244986,1011,1011
244987,1015,1010
244988,1016,1011
244989,1015,1009
244990,1012,1004
244991,1012,1005
244992,1012,1005
244993,1019,1007
244994,1022,1010
244995,1021,1009
244996,1020,1007
244997,1017,1008
244998,1019,1012
244999,1022,1013
245000,1023,1017
245001,1021,1016
245002,1018,1014
245003,1019,1015
245004,1020,1015
245005,1022,1022
245006,1021,1025
245007,1021,1026
245008,1017,1024
245009,1012,1025
245010,1014,1029
245011,1015,1034
245012,1022,1035
245013,1020,1031
245014,1016,1033
245015,1010,1034
245016,1007,1039
245017,1011,1043
245018,1011,1046
245019,1009,1047
245020,1004,1045
245021,1005,1046
245022,1005,1048
245023,1005,1054
245024,1009,1057
245025,1009,1056
245026,1007,1054
245027,1002,1051
245028,1002,1055
245029,1006,1059
245030,1010,1059
245031,1010,1057
245032,1005,1056
245033,1004,1056
245034,1004,1057
245035,1003,1060
245036,1005,1062
245037,1004,1062
245038,1003,1057
245039,1001,1059
245040,1001,1059
245041,1003,1063
245042,1006,1064
245043,1007,1060
245044,1004,1059
245045,1005,1056
245046,1002,1057
245047,1003,1058
245048,1005,1057
245049,1004,1055
245050,1002,1050
245051,1007,1048
245052,1004,1051
245053,1006,1050
245054,1011,1050
245055,1012,1053
245056,1013,1048
245057,1009,1048
245058,1010,1047
245059,1010,1050
245060,1010,1049
245061,1010,1047
245062,1008,1044
245063,1007,1043
245064,1007,1045
245065,1013,1047
245066,1015,1046
245067,1017,1045
245068,1013,1043
245069,1010,1042
245070,1010,1045
245071,1013,1046
245072,1017,1046
245073,1019,1045
245074,1017,1043
245075,1013,1045
245076,1016,1047
245077,1017,1049
245078,1021,1051
245079,1018,1048
245080,1018,1046
245081,1014,1046
245082,1010,1048
245083,1010,1053
245084,1014,1055
245085,1012,1053
245086,1014,1050
245087,1013,1050
245088,1014,1054
245089,1018,1054
245090,1018,1057
245091,1017,1056
245092,1009,1052
245093,1007,1052
245094,1008,1054
245095,1010,1051
245096,1011,1053
245097,1008,1051
245098,1004,1047
245099,1001,1049
245100,1002,1048
245101,1006,1050
245102,1008,1048
245103,1008,1046
245104,1003,1046
245105,1002,1044
245106,1002,1045
245107,1006,1046
245108,1010,1047
245109,1006,1045
245110,1002,1043
245111,998,1040
245112,996,1041
245113,996,1046
245114,997,1044
245115,996,1043
245116,1001,1041
245117,998,1041
245118,998,1044
245119,999,1045
245120,1003,1046
245121,1005,1044
245122,1002,1041
245123,1000,1040
245124,1000,1043
245125,1003,1046
245126,1007,1047
245127,1005,1046
245128,1002,1043
245129,1003,1044
245130,1003,1047
245131,1009,1050
245132,1011,1051
245133,1011,1050
245134,1010,1048
245135,1008,1049
245136,1009,1051
245137,1010,1054
245138,1011,1053
245139,1013,1051
245140,1012,1048
245141,1009,1047
245142,1007,1049
245143,1011,1051
245144,1015,1054
245145,1017,1051
245146,1017,1048
245147,1015,1048
245148,1012,1049
245149,1014,1052
245150,1014,1052
245151,1012,1053
245152,1011,1047
245153,1006,1048
245154,1007,1051
245155,1009,1052
245156,1011,1051
245157,1010,1049
245158,1010,1045
245159,1010,1038
245160,1008,1036
245161,1016,1035
245162,1030,1032
245163,1042,1027
245164,1057,1023
245165,1077,1022
245166,1107,1020
245167,1148,1017
245168,1195,1011
245169,1239,1006
245170,1283,1007
245171,1321,1018
245172,1352,1043
245173,1361,1066
245174,1338,1081
245175,1285,1078
245176,1218,1077
245177,1148,1079
245178,1086,1090
245179,1031,1100
245180,997,1102
245181,989,1099
245182,996,1089
245183,1004,1076
245184,1011,1068
245185,1014,1061
245186,1019,1056
245187,1015,1051
245188,1008,1046
245189,1002,1046
245190,999,1047
245191,999,1049
245192,996,1047
245193,995,1046
245194,993,1044
245195,991,1045
245196,988,1048
245197,990,1049
245198,992,1052
245199,991,1047
245200,987,1044
245201,984,1044
245202,982,1046
245203,986,1050
245204,991,1048
245205,991,1048
245206,990,1041
245207,983,1041
245208,980,1044
245209,982,1045
245210,982,1048
245211,979,1043
245212,978,1039
245213,976,1042
245214,977,1042
245215,978,1046
245216,979,1046
245217,976,1047
245218,976,1045
245219,977,1042
245220,976,1043
245221,977,1042
245222,979,1042
245223,978,1038
245224,977,1035
245225,974,1039
245226,973,1038
245227,975,1041
245228,982,1040
245229,983,1038
245230,982,1036
245231,981,1032
245232,984,1034
245233,982,1036
245234,987,1034
245235,983,1033
245236,980,1028
245237,978,1026
245238,982,1025
245239,988,1026
245240,994,1027
245241,988,1024
245242,988,1019
245243,990,1018
245244,993,1021
245245,995,1020
245246,995,1020
245247,991,1015
245248,991,1014
245249,996,1012
245250,997,1013
245251,998,1013
245252,1004,1012
245253,1005,1007
245254,1009,1006
245255,1009,1003
245256,1008,1003
245257,1007,1003
245258,1009,1004
245259,1009,1001
245260,1008,998
245261,1008,996
245262,1011,997
245263,1011,997
245264,1011,997
245265,1012,996
245266,1013,992
245267,1011,994
245268,1013,998
245269,1016,1005
245270,1022,1009
245271,1022,1014
245272,1022,1012
245273,1019,1011
245274,1022,1012
245275,1022,1018
245276,1024,1022
245277,1027,1023
245278,1026,1021
245279,1020,1023
245280,1017,1027
245281,1014,1033
245282,1015,1036
245283,1011,1036
245284,1007,1037
245285,1003,1036
245286,1000,1041
245287,1002,1046
245288,1005,1045
245289,1005,1047
245290,1002,1047
245291,998,1047
245292,995,1051
245293,995,1056
245294,1002,1057
245295,1002,1058
245296,1002,1054
245297,1000,1055
245298,1000,1055
245299,1001,1058
245300,997,1055
245301,990,1054
245302,991,1050
245303,993,1051
245304,996,1053
245305,997,1057
245306,997,1056
245307,996,1054
245308,998,1052
245309,996,1049
245310,998,1050
245311,1000,1050
245312,1001,1047
245313,996,1047
245314,994,1043
245315,994,1041
245316,998,1044
245317,1005,1047
245318,1011,1050
245319,1016,1049
245320,1016,1047
245321,1017,1049
245322,1022,1055
245323,1027,1058
245324,1029,1061
245325,1030,1061
245326,1031,1060
245327,1041,1061
245328,1057,1059
245329,1074,1052
245330,1088,1038
245331,1097,1019
245332,1110,1001
245333,1126,988
245334,1142,977
245335,1159,965
245336,1178,952
245337,1195,933
245338,1213,909
245339,1231,888
245340,1248,872
245341,1265,862
245342,1286,856
245343,1296,844
245344,1295,837
245345,1290,840
245346,1290,848
245347,1294,855
245348,1296,859
245349,1295,861
245350,1285,859
245351,1273,866
245352,1259,873
245353,1247,881
245354,1230,890
245355,1204,897
245356,1175,906
245357,1150,915
245358,1136,929
245359,1131,942
245360,1124,955
245361,1113,961
245362,1106,970
245363,1098,978
245364,1093,990
245365,1093,1002
245366,1094,1008
245367,1096,1011
245368,1101,1013
245369,1108,1018
245370,1117,1019
245371,1121,1023
245372,1100,1023
245373,1055,1025
245374,1003,1029
245375,959,1037
245376,936,1046
245377,929,1062
245378,925,1073
245379,924,1080
245380,918,1083
245381,920,1084
245382,915,1088
245383,912,1091
245384,908,1094
245385,907,1094
245386,900,1094
245387,898,1098
245388,898,1103
245389,895,1106
245390,897,1104
245391,896,1103
245392,891,1104
245393,885,1105
245394,882,1110
245395,880,1113
245396,881,1116
245397,881,1117
245398,874,1117
245399,868,1119
245400,865,1124
245401,867,1128
245402,868,1127
245403,864,1130
245404,860,1127
245405,855,1131
245406,856,1138
245407,858,1141
245408,856,1143
245409,854,1142
245410,849,1143
245411,849,1144
245412,845,1145
245413,846,1152
245414,844,1152
245415,840,1153
245416,833,1150
245417,829,1152
245418,831,1159
245419,832,1163
245420,836,1164
245421,831,1165
245422,829,1166
245423,824,1169
245424,824,1171
245425,823,1175
245426,829,1176
245427,826,1172
245428,826,1170
245429,826,1172
245430,828,1174
245431,832,1178
245432,835,1177
245433,835,1175
245434,836,1168
245435,838,1170
245436,843,1169
245437,850,1171
245438,858,1167
245439,862,1160
245440,866,1155
245441,869,1151
245442,875,1152
245443,883,1149
245444,890,1146
245445,894,1140
245446,899,1133
245447,902,1131
245448,908,1128
245449,914,1124
245450,921,1121
245451,924,1118
245452,925,1111
245453,925,1106
245454,928,1104
245455,934,1101
245456,940,1097
245457,947,1093
245458,952,1089
245459,954,1084
245460,958,1083
245461,961,1082
245462,963,1082
245463,960,1078
245464,961,1075
245465,962,1072
245466,964,1070
245467,967,1073
245468,972,1070
245469,972,1067
245470,972,1067
245471,969,1064
245472,972,1065
245473,974,1066
245474,974,1067
245475,976,1065
245476,973,1062
245477,972,1059
245478,972,1061
245479,974,1057
245480,975,1060
245481,972,1055
245482,970,1053
245483,970,1052
245484,973,1053
245485,979,1054
245486,984,1053
245487,983,1052
245488,978,1049
245489,976,1049
245490,978,1052
245491,980,1054
245492,984,1057
245493,985,1054
245494,983,1050
245495,980,1050
245496,977,1055
245497,980,1055
245498,983,1053
245499,983,1053
245500,976,1050
245501,975,1051
245502,977,1053
245503,983,1055
245504,986,1051
245505,986,1050
245506,981,1044
245507,978,1047
245508,979,1048
245509,985,1050
245510,987,1050
245511,987,1046
245512,983,1043
245513,979,1044
245514,979,1045
245515,984,1047
245516,989,1051
245517,992,1045
245518,992,1044
245519,985,1044
245520,982,1045
245521,981,1048
245522,990,1047
245523,990,1044
245524,988,1042
245525,984,1043
245526,984,1044
245527,989,1047
245528,993,1046
245529,991,1043
245530,989,1040
245531,986,1042
245532,987,1046
245533,985,1048
245534,989,1048
245535,988,1046
245536,988,1043
245537,985,1042
245538,984,1045
245539,986,1046
245540,987,1046
245541,984,1044
245542,983,1042
245543,979,1038
245544,979,1042
245545,987,1044
245546,991,1044
245547,987,1039
245548,979,1037
245549,978,1039
245550,978,1041
245551,980,1044
245552,982,1043
245553,984,1043
245554,982,1041
245555,980,1041
245556,981,1044
245557,983,1045
245558,987,1045
245559,984,1043
245560,984,1041
245561,980,1040
245562,984,1044
245563,982,1044
245564,986,1043
245565,985,1042
245566,981,1043
245567,982,1042
245568,985,1043
245569,986,1045
245570,990,1044
245571,990,1042
245572,985,1039
245573,983,1038
245574,980,1042
245575,982,1043
245576,986,1043
245577,986,1042
245578,988,1041
245579,991,1042
245580,989,1045
245581,992,1047
245582,993,1048
245583,992,1046
245584,987,1044
245585,987,1043
245586,994,1047
245587,996,1049
245588,998,1050
245589,997,1047
245590,995,1044
245591,994,1048
245592,993,1048
245593,996,1051
245594,998,1049
245595,998,1046
245596,996,1044
245597,990,1043
245598,995,1045
245599,995,1045
245600,1000,1046
245601,1003,1043
245602,1001,1041
245603,994,1037
245604,993,1041
245605,993,1044
245606,997,1043
245607,995,1038
245608,990,1037
245609,984,1036
245610,986,1038
245611,992,1037
245612,998,1036
245613,1005,1029
245614,1012,1026
245615,1023,1024
245616,1038,1025
245617,1061,1026
245618,1088,1019
245619,1126,1013
245620,1164,1005
245621,1206,998
245622,1253,1000
245623,1299,1012
245624,1338,1031
245625,1354,1049
245626,1335,1060
245627,1288,1066
245628,1222,1066
245629,1161,1073
245630,1103,1081
245631,1044,1087
245632,993,1089
245633,967,1089
245634,970,1088
245635,984,1080
245636,998,1067
245637,999,1058
245638,995,1053
245639,990,1047
245640,987,1048
245641,987,1051
245642,987,1047
245643,985,1042
245644,982,1039
245645,978,1038
245646,974,1038
245647,975,1044
245648,978,1043
245649,979,1042
245650,978,1039
245651,972,1039
245652,972,1041
245653,972,1044
245654,973,1045
245655,974,1045
245656,967,1042
245657,963,1041
245658,964,1043
245659,970,1044
245660,973,1045
245661,973,1042
245662,970,1039
245663,968,1038
245664,967,1039
245665,968,1039
245666,968,1040
245667,966,1040
245668,966,1037
245669,963,1036
245670,963,1039
245671,968,1042
245672,967,1039
245673,964,1037
245674,961,1035
245675,957,1033
245676,960,1034
245677,962,1035
245678,966,1034
245679,964,1035
245680,963,1032
245681,961,1028
245682,964,1031
245683,969,1032
245684,973,1032
245685,970,1030
245686,965,1026
245687,963,1026
245688,963,1030
245689,970,1033
245690,977,1030
245691,978,1031
245692,981,1026
245693,977,1025
245694,981,1028
245695,981,1029
245696,984,1027
245697,981,1024
245698,980,1022
245699,980,1019
245700,978,1019
245701,978,1019
245702,980,1016
245703,979,1011
245704,978,1007
245705,977,1005
245706,981,1005
245707,988,1008
245708,989,1008
245709,988,1003
245710,987,1002
245711,987,1001
245712,986,998
245713,988,999
245714,992,998
245715,995,994
245716,994,992
245717,996,992
245718,997,995
245719,1001,999
245720,1006,996
245721,1005,994
245722,1005,990
245723,1004,994
245724,1007,995
245725,1006,999
245726,1008,1001
245727,1008,999
245728,1004,998
245729,1004,1001
245730,1004,1003
245731,1006,1008
245732,1011,1013
245733,1011,1014
245734,1008,1012
245735,1007,1015
245736,1009,1020
245737,1008,1024
245738,1008,1024
245739,1001,1024
245740,997,1024
245741,996,1026
245742,995,1030
245743,1001,1037
245744,1005,1039
245745,1005,1041
245746,1000,1039
245747,992,1039
245748,991,1042
245749,990,1047
245750,992,1047
245751,990,1048
245752,987,1047
245753,980,1048
245754,980,1053
245755,981,1057
245756,985,1056
245757,986,1053
245758,984,1051
245759,979,1051
245760,976,1051
245761,981,1054
245762,986,1052
245763,988,1052
245764,989,1049
245765,982,1049
245766,981,1057
245767,982,1054
245768,984,1053
245769,984,1053
245770,984,1049
245771,982,1049
245772,980,1054
245773,982,1056
245774,986,1053
245775,987,1053
245776,987,1045
245777,984,1043
245778,984,1048
245779,991,1047
245780,994,1050
245781,992,1047
245782,986,1044
245783,982,1042
245784,983,1045
245785,987,1046
245786,991,1047
245787,993,1045
245788,992,1042
245789,993,1039
245790,994,1042
245791,998,1045
245792,997,1045
245793,991,1041
245794,991,1039
245795,991,1038
245796,992,1040
245797,990,1040
245798,990,1039
245799,991,1041
245800,988,1039
245801,984,1037
245802,983,1042
245803,986,1041
245804,987,1040
245805,987,1042
245806,983,1040
245807,983,1040
245808,983,1045
245809,985,1048
245810,985,1049
245811,983,1047
245812,981,1046
245813,982,1044
245814,984,1047
245815,986,1047
245816,982,1049
245817,978,1046
245818,978,1045
245819,982,1046
245820,984,1047
245821,982,1049
245822,979,1050
245823,979,1050
245824,977,1049
245825,974,1051
245826,977,1053
245827,980,1055
245828,985,1055
245829,983,1052
245830,979,1051
245831,975,1052
245832,982,1053
245833,985,1055
245834,989,1056
245835,988,1054
245836,982,1054
245837,978,1052
245838,978,1052
245839,984,1056
245840,987,1057
245841,985,1056
245842,982,1051
245843,978,1051
245844,981,1053
245845,986,1056
245846,990,1052
245847,987,1050
245848,981,1048
245849,979,1045
245850,980,1044
245851,987,1045
245852,1000,1043
245853,1006,1039
245854,1014,1034
245855,1025,1036
245856,1050,1038
245857,1086,1034
245858,1124,1025
245859,1166,1016
245860,1209,1011
245861,1250,1015
245862,1293,1027
245863,1321,1049
245864,1321,1071
245865,1292,1079
245866,1238,1081
245867,1171,1078
245868,1105,1085
245869,1045,1098
245870,991,1107
245871,951,1115
245872,938,1117
245873,945,1116
245874,958,1108
245875,969,1097
245876,974,1083
245877,976,1073
245878,975,1066
245879,972,1062
245880,969,1061
245881,965,1058
245882,962,1053
245883,959,1053
245884,953,1049
245885,951,1048
245886,951,1052
245887,954,1051
245888,955,1052
245889,955,1053
245890,951,1048
245891,950,1049
245892,945,1050
245893,951,1052
245894,956,1053
245895,956,1051
245896,951,1049
245897,947,1050
245898,946,1049
245899,948,1051
245900,950,1053
245901,956,1047
245902,953,1047
245903,951,1049
245904,954,1049
245905,954,1050
245906,955,1050
245907,954,1051
245908,949,1049
245909,946,1050
245910,947,1053
245911,948,1052
245912,951,1052
245913,952,1048
245914,950,1046
245915,945,1047
245916,946,1050
245917,947,1051
245918,950,1050
245919,948,1047
245920,946,1043
245921,946,1042
245922,944,1044
245923,947,1047
245924,951,1045
245925,945,1043
245926,941,1039
245927,941,1038
245928,945,1039
245929,950,1039
245930,955,1040
245931,953,1037
245932,951,1031
245933,951,1029
245934,953,1029
245935,960,1032
245936,961,1030
245937,958,1030
245938,954,1020
245939,952,1020
245940,955,1021
245941,960,1022
245942,965,1020
245943,965,1017
245944,966,1014
245945,964,1011
245946,967,1015
245947,970,1016
245948,975,1016
245949,974,1012
245950,973,1011
245951,977,1008
245952,979,1009
245953,982,1016
245954,982,1015
245955,980,1012
245956,978,1007
245957,979,1010
245958,984,1007
245959,991,1013
245960,994,1012
245961,992,1013
245962,990,1010
245963,989,1010
245964,992,1016
245965,993,1016
245966,995,1019
245967,992,1018
245968,990,1017
245969,986,1020
245970,986,1024
245971,989,1028
245972,990,1030
245973,987,1030
245974,986,1031
245975,981,1033
245976,977,1037
245977,978,1042
245978,980,1046
245979,977,1047
245980,972,1044
245981,971,1044
245982,972,1048
245983,972,1051
245984,969,1053
245985,965,1050
245986,965,1048
245987,964,1050
245988,965,1054
245989,972,1058
245990,976,1059
245991,972,1056
245992,966,1055
245993,963,1055
245994,966,1057
245995,968,1063
245996,971,1063
245997,971,1063
245998,969,1063
245999,967,1060
246000,971,1061
246001,972,1062
246002,974,1063
246003,974,1062
246004,971,1060
246005,970,1060
246006,968,1061
246007,974,1066
246008,980,1064
246009,982,1061
246010,980,1059
246011,979,1057
246012,978,1061
246013,981,1061
246014,986,1059
246015,984,1056
246016,982,1057
246017,977,1058
246018,978,1055
246019,982,1059
246020,983,1059
246021,982,1057
246022,980,1053
246023,981,1052
246024,979,1057
246025,982,1058
246026,984,1058
246027,983,1053
246028,984,1052
246029,983,1050
246030,984,1052
246031,984,1052
246032,982,1053
246033,980,1052
246034,977,1048
246035,976,1051
246036,975,1050
246037,978,1050
246038,979,1052
246039,980,1049
246040,976,1047
246041,973,1047
246042,975,1050
246043,976,1057
246044,979,1055
246045,976,1055
246046,973,1052
246047,972,1050
246048,976,1054
246049,977,1055
246050,982,1057
246051,981,1055
246052,976,1051
246053,976,1053
246054,977,1056
246055,978,1059
246056,983,1060
246057,982,1062
246058,981,1055
246059,981,1055
246060,979,1057
246061,980,1063
246062,977,1060
246063,977,1059
246064,976,1054
246065,975,1055
246066,976,1057
246067,975,1062
246068,977,1060
246069,976,1058
246070,975,1055
246071,970,1056
246072,967,1059
246073,970,1061
246074,973,1061
246075,972,1057
246076,970,1054
246077,970,1055
246078,972,1059
246079,976,1060
246080,979,1059
246081,979,1054
246082,977,1049
246083,975,1049
246084,975,1051
246085,977,1052
246086,981,1050
246087,980,1050
246088,980,1046
246089,978,1044
246090,980,1048
246091,986,1045
246092,995,1045
246093,1007,1041
246094,1019,1037
246095,1037,1035
246096,1058,1036
246097,1089,1034
246098,1130,1030
246099,1172,1019
246100,1214,1015
246101,1259,1020
246102,1299,1032
246103,1326,1056
246104,1321,1075
246105,1279,1082
246106,1210,1082
246107,1138,1080
246108,1073,1094
246109,1020,1106
246110,976,1114
246111,952,1115
246112,954,1111
246113,964,1100
246114,975,1085
246115,982,1079
246116,984,1071
246117,982,1067
246118,974,1061
246119,969,1056
246120,964,1055
246121,962,1058
246122,960,1057
246123,954,1055
246124,951,1052
246125,953,1055
246126,955,1059
246127,958,1058
246128,956,1057
246129,951,1053
246130,950,1052
246131,951,1053
246132,951,1056
246133,956,1055
246134,958,1054
246135,954,1051
246136,952,1048
246137,950,1051
246138,952,1051
246139,953,1055
246140,956,1055
246141,954,1055
246142,952,1053
246143,952,1053
246144,953,1058
246145,955,1058
246146,956,1055
246147,952,1052
246148,948,1050
246149,945,1053
246150,945,1055
246151,949,1057
246152,953,1056
246153,952,1054
246154,949,1049
246155,948,1050
246156,948,1052
246157,950,1050
246158,951,1047
246159,953,1048
246160,949,1041
246161,947,1045
246162,949,1046
246163,948,1047
246164,953,1045
246165,952,1038
246166,949,1035
246167,947,1033
246168,949,1034
246169,947,1033
246170,951,1034
246171,952,1030
246172,952,1027
246173,955,1024
246174,957,1027
246175,958,1029
246176,963,1027
246177,964,1024
246178,962,1021
246179,962,1015
246180,962,1018
246181,971,1020
246182,972,1016
246183,974,1015
246184,973,1012
246185,972,1014
246186,975,1015
246187,977,1017
246188,979,1015
246189,980,1012
246190,977,1009
246191,977,1011
246192,981,1015
246193,983,1017
246194,986,1017
246195,987,1013
246196,987,1012
246197,986,1015
246198,986,1020
246199,988,1024
246200,987,1025
246201,985,1024
246202,984,1023
246203,986,1026
246204,985,1033
246205,985,1036
246206,986,1039
246207,983,1039
246208,978,1040
246209,977,1040
246210,975,1042
246211,975,1049
246212,976,1049
246213,974,1050
246214,972,1048
246215,968,1053
246216,965,1056
246217,964,1063
246218,962,1060
246219,960,1060
246220,956,1056
246221,954,1058
246222,957,1059
246223,960,1065
246224,963,1066
246225,961,1064
246226,957,1063
246227,955,1064
246228,954,1065
246229,958,1068
246230,964,1068
246231,963,1067
246232,960,1062
246233,958,1062
246234,963,1066
246235,964,1065
246236,967,1066
246237,968,1063
246238,965,1059
246239,963,1058
246240,963,1058
246241,971,1061
246242,976,1058
246243,972,1056
246244,972,1053
246245,967,1051
246246,970,1056
246247,971,1059
246248,976,1058
246249,976,1056
246250,976,1052
246251,977,1052
246252,983,1054
246253,988,1055
246254,994,1054
246255,995,1057
246256,991,1054
246257,992,1055
246258,993,1060
246259,997,1064
246260,1004,1066
246261,1016,1067
246262,1030,1056
246263,1045,1043
246264,1060,1023
246265,1077,1011
246266,1099,996
246267,1116,980
246268,1130,959
246269,1148,941
246270,1172,923
246271,1193,905
246272,1215,882
246273,1228,864
246274,1238,851
246275,1249,839
246276,1257,830
246277,1265,828
246278,1269,828
246279,1266,827
246280,1263,826
246281,1257,827
246282,1248,831
246283,1235,835
246284,1221,839
246285,1199,846
246286,1176,853
246287,1154,864
246288,1131,876
246289,1116,888
246290,1106,902
246291,1094,915
246292,1083,927
246293,1076,943
246294,1075,954
246295,1072,969
246296,1070,983
246297,1066,990
246298,1067,996
246299,1077,1005
246300,1091,1011
246301,1104,1018
246302,1097,1017
246303,1059,1019
246304,1001,1019
246305,948,1027
246306,915,1041
246307,903,1054
246308,901,1070
246309,898,1080
246310,891,1082
246311,885,1087
246312,880,1093
246313,878,1101
246314,875,1103
246315,871,1106
246316,867,1106
246317,866,1109
246318,867,1117
246319,866,1120
246320,867,1122
246321,864,1124
246322,858,1122
246323,853,1127
246324,852,1129
246325,852,1135
246326,854,1134
246327,849,1134
246328,844,1133
246329,840,1134
246330,839,1139
246331,841,1145
246332,841,1146
246333,838,1145
246334,834,1148
246335,828,1151
246336,826,1154
246337,823,1157
246338,822,1159
246339,817,1159
246340,813,1158
246341,810,1162
246342,807,1165
246343,810,1171
246344,811,1174
246345,809,1178
246346,803,1175
246347,802,1181
246348,803,1183
246349,804,1190
246350,807,1188
246351,807,1187
246352,803,1187
246353,803,1192
246354,807,1195
246355,812,1199
246356,816,1199
246357,817,1199
246358,819,1194
246359,819,1196
246360,822,1198
246361,829,1200
246362,836,1196
246363,837,1194
246364,841,1190
246365,844,1187
246366,851,1190
246367,860,1186
246368,869,1180
246369,874,1173
246370,877,1166
246371,880,1163
246372,884,1164
246373,894,1161
246374,901,1154
246375,906,1147
246376,908,1139
246377,909,1133
246378,914,1128
246379,919,1127
246380,924,1122
246381,924,1117
246382,927,1109
246383,925,1105
246384,925,1102
246385,928,1099
246386,928,1093
246387,929,1091
246388,928,1085
246389,925,1080
246390,925,1080
246391,932,1081
246392,935,1078
246393,932,1071
246394,929,1067
246395,929,1065
246396,932,1066
246397,937,1066
246398,940,1064
246399,940,1062
246400,938,1059
246401,934,1060
246402,939,1061
246403,941,1062
246404,945,1056
246405,944,1057
246406,941,1053
246407,942,1054
246408,943,1055
246409,946,1058
246410,949,1056
246411,950,1055
246412,945,1053
246413,940,1053
246414,943,1056
246415,945,1059
246416,947,1059
246417,949,1057
246418,947,1054
246419,945,1054
246420,947,1055
246421,954,1059
246422,958,1059
246423,953,1056
246424,948,1056
246425,947,1053
246426,948,1056
246427,953,1058
246428,956,1057
246429,955,1058
246430,952,1054
246431,949,1056
246432,949,1055
246433,952,1056
246434,956,1052
246435,954,1048
246436,953,1042
246437,948,1043
246438,948,1048
246439,949,1050
246440,949,1051
246441,949,1051
246442,945,1044
246443,945,1045
246444,947,1048
246445,951,1051
246446,955,1052
246447,956,1048
246448,952,1049
246449,954,1046
246450,955,1047
246451,956,1052
246452,959,1049
246453,958,1049
246454,955,1046
246455,951,1044
246456,952,1044
246457,954,1049
246458,959,1047
246459,960,1042
246460,958,1039
246461,953,1039
246462,955,1043
246463,959,1043
246464,959,1046
246465,957,1043
246466,952,1042
246467,952,1043
246468,953,1045
246469,952,1048
246470,954,1046
246471,951,1044
246472,948,1043
246473,948,1043
246474,950,1046
246475,954,1045
246476,960,1042
246477,956,1042
246478,951,1041
246479,948,1044
246480,948,1045
246481,954,1044
246482,957,1044
246483,955,1043
246484,952,1038
246485,949,1041
246486,952,1042
246487,955,1046
246488,956,1045
246489,952,1044
246490,951,1044
246491,949,1043
246492,952,1046
246493,954,1048
246494,954,1048
246495,951,1044
246496,949,1046
246497,950,1048
246498,955,1048
246499,956,1047
246500,957,1048
246501,953,1045
246502,952,1038
246503,951,1043
246504,953,1043
246505,956,1045
246506,955,1045
246507,954,1042
246508,949,1042
246509,948,1041
246510,952,1043
246511,957,1046
246512,961,1048
246513,960,1043
246514,957,1041
246515,955,1041
246516,952,1045
246517,955,1048
246518,957,1047
246519,960,1046
246520,958,1042
246521,957,1044
246522,956,1049
246523,960,1050
246524,965,1047
246525,960,1045
246526,958,1042
246527,956,1042
246528,953,1045
246529,958,1049
246530,956,1047
246531,958,1045
246532,955,1042
246533,953,1041
246534,953,1044
246535,954,1046
246536,957,1047
246537,958,1046
246538,956,1043
246539,956,1045
246540,959,1047
246541,963,1052
246542,965,1051
246543,963,1046
246544,959,1040
246545,957,1042
246546,957,1045
246547,959,1049
246548,960,1049
246549,961,1047
246550,959,1045
246551,956,1045
246552,955,1046
246553,957,1048
246554,962,1047
246555,959,1042
246556,957,1041
246557,959,1041
246558,962,1043
246559,965,1046
246560,967,1043
246561,965,1041
246562,961,1042
246563,960,1043
246564,959,1045
246565,965,1046
246566,970,1046
246567,967,1043
246568,967,1040
246569,966,1043
246570,967,1044
246571,971,1046
246572,972,1043
246573,975,1037
246574,979,1032
246575,987,1029
246576,1004,1031
246577,1024,1031
246578,1049,1026
246579,1074,1027
246580,1110,1020
246581,1148,1011
246582,1193,1007
246583,1241,1006
246584,1289,1005
246585,1317,1018
246586,1323,1038
246587,1287,1055
246588,1224,1063
246589,1151,1067
246590,1085,1074
246591,1026,1078
246592,978,1080
246593,950,1081
246594,948,1078
246595,962,1073
246596,971,1061
246597,973,1046
246598,969,1043
246599,964,1042
246600,960,1040
246601,955,1045
246602,954,1043
246603,952,1042
246604,945,1039
246605,941,1044
246606,945,1046
246607,947,1050
246608,951,1049
246609,949,1047
246610,944,1045
246611,942,1044
246612,946,1048
246613,948,1049
246614,949,1048
246615,947,1048
246616,943,1043
246617,942,1046
246618,946,1051
246619,944,1051
246620,947,1048
246621,947,1043
246622,946,1040
246623,944,1041
246624,947,1042
246625,950,1046
246626,953,1045
246627,953,1041
246628,950,1037
246629,946,1035
246630,943,1040
246631,945,1039
246632,948,1034
246633,946,1032
246634,945,1028
246635,943,1032
246636,944,1031
246637,950,1035
246638,952,1033
246639,951,1031
246640,947,1026
246641,944,1031
246642,946,1031
246643,950,1034
246644,954,1033
246645,953,1031
246646,949,1027
246647,948,1031
246648,950,1030
246649,955,1032
246650,957,1030
246651,955,1027
246652,953,1023
246653,952,1023
246654,956,1026
246655,961,1025
246656,965,1022
246657,963,1017
246658,960,1016
246659,960,1017
246660,961,1016
246661,963,1020
246662,965,1016
246663,966,1014
246664,964,1013
246665,965,1011
246666,967,1011
246667,972,1012
246668,975,1013
246669,975,1010
246670,973,1005
246671,974,1005
246672,976,1006
246673,985,1006
246674,989,1007
246675,986,1005
246676,983,999
246677,983,1000
246678,989,1001
246679,997,1006
246680,1001,1002
246681,1000,1000
246682,998,998
246683,1001,1003
246684,1003,1008
246685,1003,1010
246686,1003,1010
246687,999,1011
246688,996,1011
246689,992,1014
246690,992,1023
246691,993,1027
246692,995,1026
246693,992,1027
246694,988,1029
246695,986,1034
246696,985,1037
246697,986,1042
246698,985,1040
246699,982,1042
246700,980,1040
246701,980,1044
246702,983,1044
246703,982,1050
246704,982,1049
246705,977,1043
246706,972,1042
246707,971,1045
246708,972,1050
246709,974,1054
246710,977,1051
246711,974,1048
246712,970,1046
246713,965,1047
246714,966,1049
246715,969,1053
246716,971,1052
246717,971,1050
246718,967,1048
246719,968,1049
246720,971,1050
246721,975,1053
246722,975,1051
246723,975,1051
246724,970,1047
246725,967,1042
246726,969,1040
246727,973,1042
246728,979,1040
246729,977,1036
246730,974,1030
246731,973,1031
246732,973,1032
246733,977,1033
246734,978,1034
246735,977,1032
246736,975,1034
246737,978,1032
246738,980,1035
246739,980,1037
246740,981,1038
246741,981,1038
246742,980,1034
246743,978,1033
246744,979,1036
246745,979,1041
246746,982,1039
246747,981,1039
246748,975,1034
246749,974,1034
246750,978,1034
246751,984,1035
246752,982,1036
246753,979,1034
246754,977,1032
246755,973,1036
246756,976,1038
246757,978,1042
246758,983,1040
246759,981,1036
246760,978,1034
246761,975,1036
246762,976,1039
246763,977,1044
246764,979,1043
246765,979,1039
246766,976,1038
246767,975,1037
246768,977,1042
246769,977,1047
246770,980,1046
246771,974,1043
246772,971,1043
246773,972,1042
246774,976,1045
246775,979,1043
246776,979,1040
246777,978,1037
246778,978,1036
246779,976,1031
246780,984,1029
246781,997,1030
246782,1009,1030
246783,1025,1027
246784,1046,1026
246785,1080,1024
246786,1123,1024
246787,1171,1018
246788,1221,1016
246789,1269,1020
246790,1307,1028
246791,1327,1053
246792,1320,1075
246793,1281,1091
246794,1219,1088
246795,1141,1089
246796,1068,1092
246797,1003,1103
246798,960,1110
246799,950,1107
246800,955,1098
246801,966,1081
246802,973,1066
246803,974,1058
246804,973,1052
246805,973,1050
246806,972,1048
246807,967,1042
246808,961,1041
246809,957,1042
246810,953,1043
246811,954,1045
246812,953,1044
246813,950,1046
246814,948,1039
246815,943,1041
246816,945,1043
246817,946,1046
246818,948,1046
246819,946,1042
246820,944,1038
246821,941,1038
246822,942,1042
246823,944,1046
246824,944,1045
246825,943,1043
246826,940,1035
246827,938,1035
246828,941,1036
246829,944,1038
246830,944,1036
246831,941,1037
246832,937,1032
246833,933,1032
246834,935,1036
246835,942,1039
246836,943,1040
246837,940,1037
246838,936,1034
246839,934,1034
246840,937,1036
246841,944,1040
246842,946,1035
246843,947,1030
246844,942,1029
246845,940,1031
246846,945,1035
246847,950,1034
246848,953,1031
246849,949,1028
246850,948,1025
246851,948,1027
246852,949,1025
246853,955,1025
246854,954,1022
246855,952,1017
246856,948,1017
246857,946,1016
246858,948,1017
246859,953,1019
246860,955,1016
246861,956,1012
246862,955,1009
246863,954,1007
246864,952,1008
246865,956,1009
246866,960,1008
246867,963,1005
246868,961,1003
246869,959,1001
246870,960,1004
246871,962,1005
246872,965,1002
246873,966,998
246874,961,996
246875,963,996
246876,965,998
246877,970,998
246878,972,995
246879,974,993
246880,973,990
246881,970,998
246882,972,1000
246883,973,1005
246884,971,1006
246885,971,1003
246886,972,1003
246887,974,1006
246888,975,1013
246889,977,1018
246890,977,1021
246891,976,1020
246892,971,1020
246893,970,1024
246894,968,1029
246895,970,1036
246896,971,1035
246897,970,1034
246898,966,1035
246899,963,1037
246900,963,1041
246901,963,1045
246902,967,1046
246903,961,1044
246904,959,1045
246905,960,1046
246906,960,1050
246907,961,1054
246908,962,1049
246909,961,1050
246910,960,1047
246911,956,1045
246912,953,1049
246913,956,1053
246914,960,1056
246915,960,1050
246916,956,1046
246917,956,1045
246918,957,1049
246919,962,1050
246920,965,1049
246921,963,1047
246922,961,1042
246923,961,1043
246924,962,1044
246925,967,1047
246926,970,1044
246927,967,1041
246928,965,1038
246929,961,1042
246930,963,1044
246931,966,1046
246932,970,1045
246933,968,1045
246934,964,1038
246935,964,1042
246936,966,1043
246937,966,1046
246938,967,1045
246939,965,1044
246940,961,1041
246941,960,1040
246942,965,1044
246943,968,1046
246944,969,1046
246945,967,1041
246946,965,1041
246947,964,1044
246948,963,1044
246949,966,1050
246950,966,1047
246951,966,1044
246952,963,1045
246953,963,1045
246954,965,1048
246955,970,1048
246956,969,1047
246957,970,1044
246958,968,1042
246959,962,1042
246960,965,1043
246961,968,1045
246962,971,1043
246963,970,1044
246964,967,1040
246965,964,1041
246966,966,1042
246967,968,1045
246968,971,1045
246969,970,1043
246970,969,1042
246971,968,1041
246972,968,1040
246973,969,1042
246974,970,1039
246975,968,1038
246976,966,1040
246977,964,1040
246978,962,1042
246979,965,1047
246980,966,1046
246981,968,1044
246982,964,1041
246983,965,1042
246984,963,1046
246985,970,1047
246986,969,1045
246987,968,1045
246988,962,1042
246989,959,1045
246990,965,1046
246991,965,1046
246992,968,1045
246993,968,1043
246994,965,1039
246995,964,1040
246996,968,1042
246997,968,1047
246998,971,1046
246999,969,1041
247000,969,1041
247001,968,1042
247002,970,1044
247003,973,1050
247004,974,1050
247005,974,1049
247006,970,1046
247007,968,1046
247008,971,1047
247009,975,1050
247010,978,1046
247011,972,1047
247012,971,1042
247013,971,1041
247014,974,1044
247015,975,1049
247016,974,1045
247017,971,1044
247018,970,1044
247019,970,1042
247020,969,1042
247021,972,1046
247022,977,1042
247023,975,1040
247024,968,1037
247025,967,1040
247026,968,1041
247027,972,1046
247028,975,1045
247029,976,1042
247030,975,1040
247031,975,1042
247032,976,1044
247033,976,1044
247034,978,1045
247035,978,1041
247036,972,1038
247037,974,1035
247038,982,1031
247039,997,1033
247040,1013,1030
247041,1029,1027
247042,1046,1023
247043,1073,1022
247044,1109,1020
247045,1147,1014
247046,1189,1007
247047,1227,999
247048,1267,1002
247049,1301,1014
247050,1319,1038
247051,1314,1064
247052,1277,1074
247053,1213,1076
247054,1144,1075
247055,1076,1081
247056,1023,1091
247057,985,1098
247058,967,1096
247059,967,1090
247060,975,1077
247061,983,1072
247062,989,1066
247063,993,1059
247064,990,1051
247065,982,1045
247066,976,1039
247067,968,1038
247068,968,1042
247069,968,1042
247070,968,1040
247071,966,1040
247072,961,1038
247073,958,1039
247074,956,1044
247075,958,1045
247076,960,1043
247077,957,1039
247078,953,1040
247079,947,1039
247080,949,1043
247081,952,1044
247082,953,1044
247083,951,1042
247084,948,1041
247085,944,1038
247086,947,1040
247087,947,1045
247088,952,1043
247089,951,1042
247090,948,1040
247091,943,1041
247092,948,1044
247093,952,1046
247094,953,1042
247095,951,1041
247096,949,1039
247097,950,1041
247098,951,1043
247099,955,1045
247100,952,1043
247101,953,1041
247102,952,1039
247103,952,1039
247104,951,1040
247105,959,1042
247106,960,1038
247107,958,1037
247108,954,1035
247109,954,1032
247110,957,1036
247111,958,1039
247112,963,1037
247113,961,1031
247114,960,1030
247115,962,1029
247116,963,1031
247117,963,1034
247118,963,1031
247119,963,1028
247120,963,1025
247121,961,1027
247122,964,1026
247123,966,1028
247124,971,1023
247125,969,1020
247126,968,1015
247127,965,1015
247128,966,1012
247129,969,1015
247130,971,1013
247131,971,1011
247132,967,1008
247133,968,1008
247134,971,1009
247135,971,1010
247136,972,1008
247137,974,1005
247138,971,1004
247139,971,1004
247140,972,1007
247141,976,1008
247142,979,1004
247143,979,1002
247144,978,1001
247145,975,1002
247146,983,1005
247147,989,1009
247148,991,1007
247149,989,1002
247150,986,1001
247151,986,1002
247152,990,1009
247153,996,1013
247154,999,1015
247155,999,1012
247156,994,1013
247157,995,1015
247158,995,1018
247159,997,1024
247160,994,1023
247161,990,1023
247162,988,1028
247163,987,1030
247164,987,1035
247165,989,1039
247166,990,1039
247167,990,1039
247168,989,1039
247169,989,1040
247170,987,1046
247171,987,1049
247172,988,1048
247173,987,1046
247174,983,1045
247175,978,1044
247176,979,1047
247177,979,1051
247178,979,1048
247179,976,1046
247180,973,1044
247181,973,1046
247182,977,1048
247183,979,1050
247184,976,1046
247185,970,1046
247186,968,1046
247187,970,1045
247188,974,1048
247189,978,1049
247190,976,1047
247191,972,1046
247192,966,1042
247193,966,1044
247194,967,1050
247195,971,1048
247196,970,1048
247197,970,1045
247198,968,1041
247199,966,1045
247200,968,1046
247201,971,1051
247202,977,1052
247203,977,1049
247204,975,1048
247205,974,1047
247206,975,1051
247207,978,1053
247208,981,1048
247209,978,1047
247210,975,1044
247211,973,1045
247212,977,1047
247213,982,1050
247214,979,1048
247215,975,1045
247216,972,1045
247217,974,1046
247218,978,1047
247219,977,1049
247220,981,1048
247221,983,1046
247222,979,1044
247223,976,1045
247224,973,1049
247225,973,1048
247226,975,1046
247227,977,1043
247228,976,1042
247229,975,1041
247230,975,1044
247231,977,1045
247232,980,1043
247233,980,1041
247234,977,1037
247235,973,1036
247236,976,1041
247237,977,1041
247238,977,1041
247239,974,1042
247240,969,1039
247241,968,1040
247242,969,1042
247243,974,1046
247244,972,1046
247245,970,1039
247246,967,1040
247247,967,1039
247248,968,1043
247249,971,1047
247250,969,1043
247251,967,1043
247252,969,1040
247253,967,1044
247254,967,1044
247255,966,1049
247256,965,1050
247257,963,1047
247258,961,1046
247259,963,1049
247260,967,1049
247261,969,1054
247262,970,1053
247263,967,1049
247264,965,1048
247265,963,1046
247266,965,1050
247267,969,1050
247268,970,1049
247269,969,1045
247270,967,1044
247271,967,1042
247272,964,1041
247273,965,1048
247274,966,1048
247275,966,1045
247276,966,1041
247277,965,1041
247278,965,1045
247279,967,1044
247280,969,1044
247281,967,1043
247282,964,1041
247283,959,1041
247284,962,1044
247285,967,1047
247286,968,1046
247287,968,1041
247288,962,1040
247289,961,1041
247290,963,1043
247291,968,1045
247292,971,1046
247293,972,1047
247294,969,1044
247295,966,1045
247296,971,1047
247297,972,1050
247298,975,1050
247299,972,1045
247300,967,1044
247301,964,1045
247302,971,1046
247303,975,1051
247304,975,1049
247305,974,1045
247306,972,1044
247307,969,1045
247308,969,1048
247309,970,1052
247310,968,1049
247311,968,1046
247312,965,1046
247313,964,1046
247314,968,1049
247315,972,1054
247316,975,1053
247317,974,1049
247318,968,1046
247319,967,1047
247320,969,1049
247321,974,1051
247322,974,1050
247323,972,1045
247324,974,1040
247325,976,1039
247326,983,1038
247327,994,1035
247328,1006,1032
247329,1020,1029
247330,1035,1026
247331,1055,1025
247332,1084,1025
247333,1123,1021
247334,1168,1008
247335,1212,1002
247336,1251,1003
247337,1284,1016
247338,1301,1039
247339,1294,1068
247340,1264,1086
247341,1211,1088
247342,1148,1085
247343,1085,1089
247344,1029,1101
247345,983,1112
247346,954,1115
247347,947,1114
247348,958,1107
247349,967,1093
247350,976,1084
247351,978,1075
247352,981,1064
247353,978,1056
247354,972,1050
247355,968,1047
247356,965,1047
247357,964,1046
247358,962,1042
247359,960,1040
247360,957,1035
247361,954,1037
247362,952,1039
247363,953,1038
247364,956,1038
247365,951,1037
247366,947,1035
247367,942,1035
247368,947,1037
247369,951,1040
247370,953,1038
247371,949,1033
247372,946,1032
247373,949,1036
247374,953,1037
247375,956,1041
247376,954,1041
247377,954,1039
247378,950,1036
247379,951,1033
247380,953,1039
247381,956,1039
247382,958,1039
247383,958,1037
247384,955,1035
247385,954,1038
247386,955,1039
247387,957,1040
247388,959,1037
247389,956,1034
247390,950,1031
247391,954,1031
247392,956,1034
247393,958,1036
247394,961,1034
247395,955,1032
247396,950,1029
247397,946,1030
247398,952,1030
247399,958,1032
247400,958,1031
247401,959,1027
247402,957,1025
247403,953,1024
247404,957,1027
247405,962,1027
247406,964,1028
247407,963,1023
247408,958,1018
247409,960,1020
247410,961,1020
247411,962,1022
247412,962,1016
247413,963,1012
247414,966,1008
247415,965,1010
247416,965,1013
247417,968,1016
247418,969,1013
247419,968,1007
247420,968,1005
247421,970,1006
247422,969,1006
247423,973,1006
247424,975,1006
247425,978,999
247426,972,996
247427,971,1002
247428,972,1003
247429,979,1001
247430,982,1000
247431,981,998
247432,983,999
247433,983,997
247434,986,997
247435,990,1004
247436,992,1003
247437,993,1002
247438,989,1001
247439,991,1002
247440,995,1006
247441,997,1011
247442,1003,1010
247443,999,1010
247444,998,1012
247445,996,1011
247446,998,1017
247447,1000,1021
247448,1002,1021
247449,992,1022
247450,984,1021
247451,984,1024
247452,986,1030
247453,988,1034
247454,990,1033
247455,989,1034
247456,982,1033
247457,978,1036
247458,978,1041
247459,979,1047
247460,980,1048
247461,979,1044
247462,971,1043
247463,968,1042
247464,974,1044
247465,974,1047
247466,976,1048
247467,973,1046
247468,970,1044
247469,969,1050
247470,976,1051
247471,981,1055
247472,977,1051
247473,975,1049
247474,974,1049
247475,972,1048
247476,975,1050
247477,981,1052
247478,983,1051
247479,982,1051
247480,979,1045
247481,980,1047
247482,980,1051
247483,984,1050
247484,984,1049
247485,983,1046
247486,980,1045
247487,980,1043
247488,985,1048
247489,990,1047
247490,991,1046
247491,991,1044
247492,986,1042
247493,984,1040
247494,986,1045
247495,988,1045
247496,989,1047
247497,990,1041
247498,989,1039
247499,988,1040
247500,991,1042
247501,995,1044
247502,996,1042
247503,993,1040
247504,989,1039
247505,986,1038
247506,993,1040
247507,995,1041
247508,996,1043
247509,993,1039
247510,989,1038
247511,990,1039
247512,989,1041
247513,990,1046
247514,990,1043
247515,988,1041
247516,986,1039
247517,985,1039
247518,987,1042
247519,991,1043
247520,991,1043
247521,992,1038
247522,989,1037
247523,988,1040
247524,991,1042
247525,994,1045
247526,993,1040
247527,990,1041
247528,988,1038
247529,985,1037
247530,986,1040
247531,988,1044
247532,990,1046
247533,989,1043
247534,986,1037
247535,983,1040
247536,983,1044
247537,986,1047
247538,984,1046
247539,982,1043
247540,980,1041
247541,975,1043
247542,982,1045
247543,984,1044
247544,986,1043
247545,984,1041
247546,980,1036
247547,976,1036
247548,979,1041
247549,980,1044
247550,982,1044
247551,985,1043
247552,984,1040
247553,981,1039
247554,982,1044
247555,983,1047
247556,982,1046
247557,983,1044
247558,980,1042
247559,980,1042
247560,981,1046
247561,985,1049
247562,988,1047
247563,987,1045
247564,985,1043
247565,986,1046
247566,990,1049
247567,990,1051
247568,992,1051
247569,989,1050
247570,989,1051
247571,988,1051
247572,991,1050
247573,994,1052
247574,996,1048
247575,994,1043
247576,991,1038
247577,991,1042
247578,995,1044
247579,998,1046
247580,998,1044
247581,995,1044
247582,993,1041
247583,992,1041
247584,994,1043
247585,995,1047
247586,994,1048
247587,993,1045
247588,988,1044
247589,988,1044
247590,987,1043
247591,990,1044
247592,990,1040
247593,989,1036
247594,989,1036
247595,986,1038
247596,986,1040
247597,990,1042
247598,990,1041
247599,987,1039
247600,986,1036
247601,987,1039
247602,992,1042
247603,994,1042
247604,994,1039
247605,992,1038
247606,985,1036
247607,985,1036
247608,989,1041
247609,993,1043
247610,994,1044
247611,992,1041
247612,989,1039
247613,989,1037
247614,995,1039
247615,1004,1039
247616,1016,1036
247617,1027,1030
247618,1040,1029
247619,1062,1028
247620,1089,1028
247621,1123,1030
247622,1158,1021
247623,1195,1008
247624,1231,1001
247625,1271,1007
247626,1309,1017
247627,1335,1037
247628,1332,1057
247629,1307,1071
247630,1252,1075
247631,1193,1075
247632,1137,1084
247633,1090,1091
247634,1042,1094
247635,1002,1092
247636,979,1089
247637,978,1087
247638,989,1083
247639,995,1077
247640,999,1067
247641,1000,1053
247642,993,1045
247643,992,1044
247644,988,1045
247645,988,1046
247646,989,1044
247647,987,1041
247648,982,1041
247649,978,1041
247650,981,1043
247651,978,1048
247652,979,1045
247653,979,1044
247654,974,1039
247655,975,1042
247656,975,1040
247657,979,1045
247658,979,1048
247659,976,1043
247660,970,1044
247661,971,1048
247662,974,1047
247663,976,1048
247664,973,1047
247665,970,1047
247666,968,1043
247667,969,1046
247668,973,1047
247669,976,1046
247670,974,1043
247671,972,1040
247672,969,1040
247673,969,1043
247674,973,1048
247675,977,1055
247676,978,1060
247677,976,1059
247678,975,1048
247679,974,1038
247680,978,1034
247681,983,1031
247682,981,1028
247683,981,1026
247684,977,1026
247685,975,1030
247686,979,1031
247687,978,1033
247688,979,1033
247689,977,1030
247690,977,1028
247691,976,1030
247692,978,1033
247693,980,1034
247694,979,1033
247695,978,1030
247696,972,1026
247697,976,1027
247698,981,1029
247699,983,1030
247700,984,1030
247701,985,1025
247702,984,1023
247703,983,1024
247704,985,1024
247705,988,1025
247706,989,1024
247707,987,1021
247708,986,1017
247709,985,1014
247710,992,1016
247711,995,1016
247712,998,1016
247713,998,1012
247714,996,1010
247715,998,1007
247716,1001,1007
247717,1002,1006
247718,1006,1005
247719,1004,1000
247720,1002,999
247721,1002,1001
247722,1002,1004
247723,1004,1009
247724,1005,1009
247725,1005,1008
247726,1003,1005
247727,1004,1007
247728,1007,1010
247729,1012,1013
247730,1017,1014
247731,1016,1009
247732,1012,1009
247733,1010,1013
247734,1013,1017
247735,1013,1021
247736,1016,1022
247737,1015,1022
247738,1012,1022
247739,1011,1024
247740,1014,1030
247741,1017,1031
247742,1016,1030
247743,1010,1031
247744,1005,1029
247745,1005,1033
247746,1007,1039
247747,1008,1041
247748,1008,1043
247749,1002,1042
247750,997,1038
247751,996,1044
247752,998,1047
247753,997,1049
247754,995,1049
247755,991,1045
247756,990,1043
247757,990,1044
247758,990,1050
247759,995,1054
247760,996,1053
247761,994,1049
247762,988,1046
247763,989,1049
247764,990,1049
247765,994,1051
247766,993,1049
247767,992,1049
247768,991,1046
247769,990,1050
247770,993,1051
247771,994,1054
247772,997,1052
247773,994,1049
247774,991,1045
247775,989,1050
247776,992,1051
247777,994,1057
247778,1003,1054
247779,1005,1050
247780,1006,1045
247781,1013,1044
247782,1019,1046
247783,1026,1051
247784,1030,1050
247785,1030,1049
247786,1029,1049
247787,1037,1055
247788,1050,1059
247789,1063,1059
247790,1079,1048
247791,1090,1031
247792,1101,1011
247793,1118,997
247794,1134,990
247795,1152,979
247796,1167,965
247797,1183,949
247798,1198,933
247799,1216,913
247800,1238,892
247801,1262,871
247802,1281,849
247803,1294,833
247804,1297,820
247805,1297,816
247806,1299,816
247807,1300,820
247808,1294,823
247809,1280,825
247810,1263,822
247811,1243,827
247812,1224,836
247813,1206,846
247814,1183,854
247815,1156,862
247816,1128,871
247817,1107,886
247818,1094,901
247819,1088,918
247820,1080,932
247821,1070,940
247822,1062,953
247823,1057,968
247824,1057,981
247825,1062,992
247826,1070,998
247827,1078,1004
247828,1091,1008
247829,1103,1013
247830,1106,1014
247831,1090,1017
247832,1054,1019
247833,1008,1025
247834,967,1028
247835,942,1040
247836,934,1054
247837,937,1067
247838,937,1075
247839,931,1078
247840,920,1080
247841,912,1081
247842,910,1083
247843,913,1087
247844,909,1090
247845,905,1085
247846,897,1087
247847,893,1090
247848,895,1094
247849,898,1097
247850,896,1093
247851,894,1095
247852,893,1091
247853,892,1093
247854,892,1096
247855,894,1098
247856,890,1101
247857,887,1100
247858,887,1101
247859,886,1105
247860,887,1106
247861,885,1110
247862,884,1110
247863,881,1112
247864,877,1113
247865,877,1115
247866,880,1119
247867,881,1124
247868,877,1124
247869,871,1124
247870,869,1129
247871,864,1131
247872,864,1137
247873,866,1141
247874,866,1141
247875,863,1142
247876,861,1141
247877,863,1147
247878,864,1151
247879,868,1154
247880,871,1157
247881,872,1158
247882,869,1156
247883,869,1156
247884,870,1162
247885,875,1166
247886,874,1165
247887,873,1161
247888,870,1162
247889,873,1164
247890,881,1166
247891,888,1166
247892,893,1164
247893,890,1159
247894,890,1152
247895,891,1149
247896,895,1150
247897,900,1148
247898,905,1145
247899,907,1140
247900,911,1130
247901,917,1125
247902,927,1117
247903,935,1113
247904,936,1108
247905,940,1103
247906,944,1095
247907,948,1091
247908,951,1091
247909,957,1092
247910,960,1087
247911,959,1081
247912,960,1078
247913,957,1076
247914,961,1074
247915,965,1072
247916,970,1070
247917,969,1063
247918,969,1059
247919,968,1058
247920,970,1061
247921,974,1060
247922,976,1056
247923,976,1054
247924,973,1051
247925,972,1053
247926,977,1053
247927,980,1052
247928,981,1050
247929,981,1048
247930,978,1046
247931,981,1044
247932,983,1045
247933,983,1045
247934,979,1044
247935,973,1044
247936,972,1042
247937,973,1042
247938,979,1045
247939,980,1047
247940,980,1043
247941,979,1039
247942,980,1036
247943,981,1039
247944,982,1040
247945,986,1040
247946,985,1041
247947,986,1038
247948,982,1036
247949,982,1036
247950,984,1037
247951,984,1039
247952,984,1034
247953,983,1029
247954,977,1027
247955,976,1028
247956,975,1032
247957,981,1033
247958,980,1033
247959,978,1032
247960,979,1031
247961,983,1031
247962,984,1035
247963,986,1037
247964,986,1035
247965,979,1035
247966,979,1036
247967,978,1037
247968,983,1042
247969,988,1042
247970,988,1040
247971,986,1037
247972,984,1034
247973,982,1038
247974,983,1045
247975,987,1047
247976,986,1047
247977,982,1043
247978,985,1036
247979,986,1033
247980,991,1033
247981,994,1036
247982,990,1034
247983,988,1036
247984,982,1031
247985,985,1032
247986,987,1031
247987,995,1030
247988,996,1029
247989,991,1027
247990,987,1029
247991,990,1030
247992,993,1032
247993,997,1037
247994,996,1035
247995,990,1030
247996,989,1028
247997,991,1027
247998,991,1031
247999,994,1032
248000,992,1030
248001,987,1030
248002,987,1027
248003,983,1029
248004,986,1033
248005,989,1035
248006,989,1035
248007,986,1031
248008,983,1030
248009,982,1034
248010,986,1035
248011,988,1037
248012,990,1035
248013,989,1034
248014,987,1034
248015,987,1036
248016,988,1040
248017,992,1042
248018,991,1041
248019,988,1039
248020,987,1039
248021,989,1040
248022,989,1041
248023,990,1045
248024,988,1043
248025,986,1038
248026,985,1038
248027,984,1040
248028,986,1042
248029,989,1044
248030,991,1042
248031,992,1041
248032,990,1036
248033,991,1038
248034,992,1040
248035,991,1045
248036,990,1043
248037,991,1041
248038,990,1040
248039,990,1042
248040,993,1041
248041,997,1044
248042,995,1040
248043,994,1035
248044,991,1031
248045,992,1031
248046,994,1032
248047,995,1035
248048,998,1035
248049,993,1034
248050,991,1035
248051,991,1035
248052,993,1039
248053,995,1041
248054,995,1039
248055,994,1036
248056,994,1031
248057,992,1030
248058,992,1033
248059,993,1034
248060,994,1036
248061,996,1035
248062,993,1036
248063,993,1037
248064,994,1039
248065,996,1045
248066,995,1041
248067,996,1036
248068,992,1034
248069,992,1035
248070,993,1040
248071,997,1039
248072,998,1039
248073,994,1035
248074,991,1035
248075,989,1034
248076,989,1038
248077,988,1039
248078,988,1040
248079,986,1037
248080,986,1035
248081,986,1035
248082,986,1037
248083,990,1039
248084,988,1037
248085,988,1037
248086,987,1036
248087,991,1041
248088,991,1042
248089,997,1041
248090,1000,1034
248091,1001,1029
248092,997,1028
248093,996,1032
248094,996,1039
248095,1000,1044
248096,998,1042
248097,997,1037
248098,999,1033
248099,998,1030
248100,1002,1032
248101,1003,1035
248102,1003,1031
248103,1001,1030
248104,1000,1027
248105,1003,1029
248106,1010,1030
248107,1026,1028
248108,1039,1029
248109,1050,1028
248110,1065,1025
248111,1093,1028
248112,1125,1026
248113,1162,1020
248114,1200,1011
248115,1242,1000
248116,1277,1003
248117,1306,1014
248118,1324,1037
248119,1317,1053
248120,1285,1060
248121,1228,1055
248122,1165,1052
248123,1102,1059
248124,1041,1069
248125,991,1079
248126,962,1082
248127,957,1081
248128,967,1073
248129,981,1065
248130,990,1058
248131,994,1053
248132,994,1047
248133,992,1039
248134,982,1040
248135,978,1042
248136,978,1041
248137,977,1040
248138,976,1041
248139,976,1037
248140,974,1037
248141,972,1039
248142,976,1044
248143,979,1044
248144,981,1042
248145,977,1036
248146,973,1029
248147,970,1029
248148,972,1032
248149,976,1035
248150,975,1033
248151,976,1030
248152,973,1027
248153,973,1028
248154,976,1031
248155,978,1036
248156,980,1033
248157,977,1034
248158,972,1032
248159,971,1033
248160,973,1037
248161,976,1038
248162,977,1039
248163,978,1036
248164,975,1034
248165,973,1033
248166,973,1035
248167,975,1037
248168,978,1038
248169,976,1033
248170,974,1031
248171,971,1034
248172,972,1041
248173,975,1041
248174,976,1037
248175,977,1030
248176,976,1022
248177,976,1019
248178,979,1023
248179,980,1025
248180,980,1025
248181,979,1024
248182,977,1024
248183,978,1030
248184,981,1031
248185,985,1033
248186,988,1031
248187,987,1023
248188,986,1015
248189,988,1013
248190,992,1003
248191,997,1001
248192,996,1001
248193,997,1001
248194,994,999
248195,996,1001
248196,999,1003
248197,1003,1007
248198,1005,1005
248199,1007,1002
248200,1006,998
248201,1006,997
248202,1006,1003
248203,1009,1001
248204,1010,1000
248205,1009,998
248206,1008,994
248207,1010,998
248208,1013,998
248209,1011,999
248210,1016,996
248211,1017,993
248212,1017,995
248213,1015,992
248214,1019,997
248215,1025,998
248216,1026,999
248217,1026,995
248218,1027,994
248219,1024,996
248220,1027,1002
248221,1029,1006
248222,1029,1009
248223,1025,1007
248224,1020,1013
248225,1020,1018
248226,1022,1025
248227,1024,1028
248228,1026,1028
248229,1023,1031
248230,1020,1036
248231,1019,1043
248232,1018,1046
248233,1019,1046
248234,1017,1043
248235,1011,1043
248236,1010,1046
248237,1009,1046
248238,1013,1044
248239,1016,1034
248240,1019,1028
248241,1014,1023
248242,1009,1020
248243,1011,1024
248244,1010,1029
248245,1013,1031
248246,1012,1032
248247,1011,1034
248248,1007,1034
248249,1007,1038
248250,1010,1040
248251,1011,1042
248252,1011,1040
248253,1008,1039
248254,1005,1038
248255,1006,1040
248256,1007,1039
248257,1009,1043
248258,1008,1040
248259,1006,1038
248260,1004,1038
248261,1004,1039
248262,1007,1040
248263,1012,1040
248264,1012,1036
248265,1012,1035
248266,1009,1030
248267,1009,1034
248268,1013,1036
248269,1014,1037
248270,1014,1035
248271,1011,1031
248272,1007,1030
248273,1008,1031
248274,1009,1035
248275,1013,1036
248276,1014,1035
248277,1009,1029
248278,1009,1030
248279,1009,1031
248280,1013,1033
248281,1014,1035
248282,1013,1035
248283,1013,1033
248284,1007,1031
248285,1011,1033
248286,1013,1033
248287,1017,1036
248288,1017,1035
248289,1015,1033
248290,1014,1032
248291,1011,1035
248292,1018,1034
248293,1018,1037
248294,1015,1035
248295,1013,1030
248296,1012,1028
248297,1013,1033
248298,1015,1034
248299,1019,1036
248300,1018,1036
248301,1014,1036
248302,1013,1035
248303,1010,1037
248304,1012,1039
248305,1015,1040
248306,1014,1037
248307,1011,1038
248308,1010,1042
248309,1008,1046
248310,1011,1054
248311,1014,1061
248312,1013,1058
248313,1012,1047
248314,1010,1035
248315,1009,1033
248316,1011,1034
248317,1013,1037
248318,1011,1036
248319,1010,1031
248320,1003,1031
248321,1002,1035
248322,1004,1041
248323,1007,1045
248324,1011,1046
248325,1010,1042
248326,1004,1038
248327,1003,1033
248328,1007,1033
248329,1011,1034
248330,1010,1034
248331,1007,1032
248332,1002,1032
248333,1005,1033
248334,1007,1038
248335,1009,1040
248336,1009,1038
248337,1006,1037
248338,1000,1037
248339,999,1042
248340,1002,1048
248341,1005,1049
248342,1004,1046
248343,1002,1041
248344,1000,1039
248345,999,1038
248346,1002,1037
248347,1005,1041
248348,1005,1044
248349,1001,1052
248350,1001,1063
248351,1002,1071
248352,1006,1071
248353,1007,1062
248354,1009,1047
248355,1009,1030
248356,1006,1019
248357,1006,1014
248358,1007,1015
248359,1011,1025
248360,1009,1027
248361,1005,1029
248362,1005,1029
248363,1005,1034
248364,1006,1037
248365,1010,1042
248366,1011,1042
248367,1007,1036
248368,1003,1035
248369,1004,1040
248370,1008,1041
248371,1012,1043
248372,1010,1042
248373,1009,1040
248374,1007,1037
248375,1007,1039
248376,1011,1039
248377,1015,1040
248378,1020,1034
248379,1024,1029
248380,1033,1027
248381,1046,1026
248382,1065,1026
248383,1093,1025
248384,1126,1018
248385,1161,1008
248386,1202,997
248387,1248,994
248388,1291,1003
248389,1326,1017
248390,1340,1035
248391,1326,1051
248392,1285,1060
248393,1228,1065
248394,1166,1069
248395,1107,1076
248396,1044,1082
248397,990,1086
248398,959,1091
248399,962,1091
248400,976,1088
248401,992,1077
248402,997,1064
248403,999,1052
248404,996,1046
248405,993,1043
248406,994,1045
248407,996,1047
248408,994,1045
248409,992,1042
248410,988,1043
248411,986,1044
248412,987,1048
248413,987,1049
248414,986,1045
248415,984,1048
248416,984,1051
248417,982,1055
248418,982,1063
248419,989,1069
248420,990,1063
248421,989,1052
248422,981,1042
248423,977,1041
248424,982,1041
248425,987,1041
248426,990,1039
248427,988,1036
248428,985,1034
248429,982,1040
248430,981,1042
248431,984,1046
248432,986,1039
248433,982,1030
248434,979,1027
248435,977,1029
248436,983,1033
248437,985,1036
248438,984,1038
248439,982,1036
248440,978,1034
248441,975,1039
248442,977,1045
248443,979,1050
248444,977,1054
248445,978,1048
248446,977,1040
248447,979,1036
248448,983,1032
248449,983,1033
248450,985,1031
248451,986,1024
248452,984,1021
248453,979,1024
248454,982,1026
248455,983,1033
248456,985,1038
248457,986,1046
248458,986,1038
248459,987,1026
248460,991,1014
248461,996,1011
248462,997,1007
248463,995,1005
248464,993,1005
248465,992,1008
248466,992,1008
248467,995,1010
248468,998,1006
248469,1000,1005
248470,994,1000
248471,995,1002
248472,995,1004
248473,1000,1006
248474,1002,1003
248475,1003,1001
248476,1002,996
248477,1005,999
248478,1008,1001
248479,1010,1001
248480,1009,998
248481,1005,996
248482,1003,995
248483,1005,999
248484,1004,1003
248485,1011,1005
248486,1014,1001
248487,1013,1000
248488,1009,1002
248489,1009,1005
248490,1010,1011
248491,1012,1015
248492,1011,1016
248493,1008,1017
248494,1004,1017
248495,1005,1020
248496,1012,1024
248497,1011,1027
248498,1009,1027
248499,1003,1029
248500,999,1030
248501,996,1033
248502,1000,1039
248503,997,1044
248504,1000,1044
248505,997,1043
248506,996,1043
248507,997,1045
248508,997,1050
248509,997,1049
248510,997,1048
248511,995,1046
248512,993,1046
248513,994,1050
248514,997,1050
248515,1001,1053
248516,1000,1052
248517,996,1052
248518,994,1052
248519,996,1060
248520,997,1067
248521,1004,1071
248522,1001,1066
248523,1003,1056
248524,1004,1048
248525,1004,1042
248526,1009,1039
248527,1012,1035
248528,1016,1034
248529,1016,1033
248530,1018,1034
248531,1025,1040
248532,1029,1044
248533,1037,1048
248534,1041,1050
248535,1045,1048
248536,1054,1045
248537,1069,1036
248538,1083,1026
248539,1096,1013
248540,1110,999
248541,1122,984
248542,1136,967
248543,1153,956
248544,1170,942
248545,1191,924
248546,1209,902
248547,1225,879
248548,1241,862
248549,1254,852
248550,1267,843
248551,1267,841
248552,1263,841
248553,1256,841
248554,1249,842
248555,1251,845
248556,1242,846
248557,1227,852
248558,1204,853
248559,1180,856
248560,1155,863
248561,1134,879
248562,1111,893
248563,1096,912
248564,1084,926
248565,1073,934
248566,1065,938
248567,1063,947
248568,1061,959
248569,1062,971
248570,1062,981
248571,1070,989
248572,1077,995
248573,1090,1006
248574,1105,1008
248575,1096,1010
248576,1065,1013
248577,1016,1017
248578,973,1025
248579,949,1040
248580,942,1052
248581,937,1067
248582,932,1077
248583,928,1081
248584,923,1082
248585,922,1086
248586,918,1093
248587,914,1096
248588,908,1099
248589,905,1099
248590,902,1098
248591,898,1098
248592,896,1102
248593,897,1106
248594,895,1105
248595,890,1102
248596,885,1103
248597,880,1106
248598,884,1113
248599,885,1118
248600,881,1120
248601,876,1120
248602,871,1122
248603,870,1126
248604,872,1131
248605,871,1140
248606,869,1146
248607,864,1159
248608,860,1165
248609,860,1163
248610,864,1157
248611,865,1142
248612,862,1133
248613,860,1130
248614,856,1126
248615,856,1130
248616,857,1137
248617,858,1144
248618,859,1148
248619,859,1148
248620,857,1151
248621,858,1155
248622,857,1161
248623,860,1165
248624,861,1166
248625,858,1163
248626,857,1163
248627,856,1166
248628,862,1166
248629,863,1169
248630,866,1169
248631,867,1165
248632,867,1164
248633,871,1166
248634,874,1165
248635,881,1164
248636,882,1160
248637,882,1152
248638,880,1147
248639,884,1146
248640,895,1147
248641,903,1145
248642,908,1138
248643,910,1131
248644,912,1125
248645,918,1126
248646,924,1121
248647,930,1118
248648,933,1114
248649,933,1104
248650,935,1100
248651,938,1096
248652,944,1096
248653,950,1091
248654,951,1087
248655,953,1080
248656,952,1077
248657,955,1075
248658,958,1073
248659,965,1072
248660,966,1066
248661,964,1063
248662,961,1060
248663,960,1058
248664,964,1062
248665,973,1060
248666,973,1056
248667,971,1051
248668,968,1050
248669,970,1051
248670,971,1053
248671,972,1052
248672,973,1051
248673,973,1048
248674,973,1049
248675,971,1050
248676,970,1058
248677,973,1058
248678,970,1058
248679,969,1055
248680,967,1052
248681,967,1050
248682,973,1045
248683,975,1050
248684,979,1050
248685,975,1049
248686,974,1044
248687,972,1042
248688,975,1044
248689,979,1043
248690,978,1040
248691,977,1040
248692,973,1040
248693,977,1043
248694,980,1045
248695,982,1047
248696,982,1044
248697,977,1044
248698,974,1043
248699,975,1044
248700,977,1048
248701,980,1044
248702,978,1045
248703,978,1042
248704,977,1045
248705,979,1043
248706,982,1047
248707,985,1048
248708,984,1049
248709,977,1049
248710,977,1052
248711,979,1054
248712,980,1057
248713,986,1055
248714,985,1048
248715,983,1038
248716,980,1036
248717,981,1040
248718,981,1044
248719,983,1047
248720,983,1045
248721,984,1043
248722,983,1039
248723,978,1040
248724,980,1040
248725,982,1042
248726,979,1041
248727,978,1041
248728,978,1038
248729,979,1039
248730,981,1038
248731,985,1040
248732,983,1036
248733,984,1036
248734,981,1037
248735,981,1039
248736,983,1041
248737,985,1042
248738,986,1040
248739,984,1038
248740,982,1038
248741,982,1040
248742,986,1042
248743,987,1043
248744,986,1044
248745,984,1042
248746,983,1040
248747,983,1040
248748,988,1047
248749,988,1048
248750,986,1047
248751,983,1045
248752,981,1046
248753,982,1048
248754,984,1051
248755,986,1050
248756,986,1048
248757,984,1045
248758,981,1044
248759,983,1045
248760,985,1047
248761,987,1047
248762,986,1044
248763,984,1047
248764,982,1049
248765,981,1058
248766,981,1070
248767,985,1076
248768,988,1068
248769,986,1055
248770,984,1053
248771,979,1064
248772,978,1077
248773,979,1072
248774,979,1054
248775,979,1031
248776,977,1020
248777,978,1011
248778,982,1020
248779,984,1024
248780,984,1023
248781,984,1024
248782,979,1025
248783,981,1027
248784,984,1032
248785,986,1036
248786,985,1034
248787,986,1035
248788,984,1034
248789,983,1038
248790,987,1038
248791,992,1042
248792,990,1040
248793,989,1037
248794,987,1038
248795,987,1040
248796,990,1043
248797,991,1043
248798,994,1044
248799,991,1038
248800,988,1038
248801,987,1042
248802,991,1043
248803,994,1043
248804,993,1044
248805,991,1040
248806,990,1039
248807,989,1040
248808,991,1043
248809,992,1042
248810,992,1044
248811,989,1043
248812,984,1041
248813,985,1047
248814,984,1051
248815,990,1050
248816,992,1050
248817,989,1047
248818,987,1047
248819,988,1050
248820,990,1052
248821,992,1052
248822,989,1050
248823,989,1045
248824,986,1039
248825,986,1042
248826,988,1043
248827,991,1043
248828,992,1041
248829,989,1039
248830,990,1037
248831,989,1042
248832,992,1045
248833,994,1045
248834,994,1043
248835,992,1041
248836,990,1040
248837,990,1041
248838,993,1044
248839,1000,1043
248840,995,1042
248841,997,1037
248842,996,1037
248843,997,1037
248844,999,1040
248845,1002,1043
248846,1004,1043
248847,999,1041
248848,1001,1039
248849,1002,1042
248850,1004,1045
248851,1007,1046
248852,1010,1043
248853,1008,1042
248854,1010,1039
248855,1013,1039
248856,1020,1042
248857,1027,1042
248858,1035,1041
248859,1043,1042
248860,1056,1042
248861,1073,1044
248862,1095,1045
248863,1122,1037
248864,1144,1018
248865,1167,999
248866,1192,991
248867,1214,995
248868,1233,1011
248869,1237,1029
248870,1227,1043
248871,1201,1046
248872,1164,1046
248873,1128,1054
248874,1091,1064
248875,1059,1073
248876,1033,1075
248877,1013,1080
248878,1003,1076
248879,1003,1072
248880,1005,1062
248881,1007,1056
248882,1003,1047
248883,1000,1040
248884,993,1038
248885,992,1040
248886,993,1043
248887,994,1043
248888,993,1046
248889,988,1045
248890,984,1043
248891,983,1046
248892,986,1052
248893,985,1050
248894,985,1051
248895,981,1048
248896,977,1046
248897,978,1048
248898,981,1050
248899,985,1054
248900,983,1050
248901,980,1047
248902,976,1043
248903,978,1046
248904,979,1049
248905,981,1050
248906,985,1048
248907,983,1046
248908,979,1043
248909,980,1048
248910,981,1050
248911,985,1051
248912,982,1048
248913,985,1045
248914,981,1040
248915,981,1041
248916,983,1043
248917,987,1042
248918,985,1039
248919,983,1035
248920,981,1034
248921,980,1037
248922,983,1037
248923,988,1038
248924,988,1038
248925,986,1034
248926,982,1034
248927,980,1036
248928,986,1035
248929,985,1036
248930,988,1035
248931,986,1034
248932,985,1031
248933,986,1035
248934,986,1033
248935,989,1033
248936,989,1030
248937,988,1027
248938,989,1031
248939,989,1030
248940,992,1037
248941,994,1041
248942,993,1033
248943,995,1021
248944,994,1013
248945,996,1012
248946,999,1013
248947,1003,1017
248948,1001,1015
248949,1001,1013
248950,999,1016
248951,998,1018
248952,1001,1020
248953,1004,1018
248954,1004,1011
248955,1004,1005
248956,1003,1001
248957,1002,1004
248958,1006,1007
248959,1011,1010
248960,1011,1007
248961,1009,1003
248962,1011,1003
248963,1015,1004
248964,1020,1005
248965,1023,1008
248966,1024,1007
248967,1024,1008
248968,1022,1007
248969,1024,1010
248970,1025,1015
248971,1028,1017
248972,1030,1017
248973,1026,1014
248974,1024,1014
248975,1023,1020
248976,1023,1022
248977,1024,1024
248978,1023,1028
248979,1018,1026
248980,1013,1029
248981,1013,1034
248982,1014,1038
248983,1016,1041
248984,1014,1038
248985,1011,1039
248986,1009,1040
248987,1007,1041
248988,1009,1046
248989,1010,1047
248990,1009,1049
248991,1007,1047
248992,1004,1046
248993,1003,1049
248994,1002,1052
248995,1006,1053
248996,1003,1050
248997,1002,1049
248998,1000,1049
248999,1000,1047
249000,1004,1052
249001,1009,1050
249002,1006,1050
249003,1004,1046
249004,1002,1044
249005,1004,1044
249006,1005,1046
249007,1008,1047
249008,1010,1048
249009,1007,1044
249010,1006,1046
249011,1008,1052
249012,1012,1057
249013,1015,1059
249014,1015,1053
249015,1014,1045
249016,1013,1035
249017,1012,1035
249018,1015,1034
249019,1017,1034
249020,1021,1032
249021,1020,1028
249022,1017,1028
249023,1017,1031
249024,1018,1034
249025,1021,1035
249026,1018,1035
249027,1016,1032
249028,1013,1030
249029,1013,1033
249030,1016,1037
249031,1016,1036
249032,1014,1036
249033,1011,1034
249034,1008,1037
249035,1010,1038
249036,1012,1042
249037,1015,1042
249038,1013,1039
249039,1011,1037
249040,1007,1038
249041,1007,1042
249042,1011,1045
249043,1015,1045
249044,1016,1044
249045,1016,1039
249046,1014,1036
249047,1011,1037
249048,1011,1037
249049,1015,1041
249050,1014,1040
249051,1013,1041
249052,1010,1041
249053,1011,1045
249054,1020,1048
249055,1025,1043
249056,1025,1030
249057,1017,1023
249058,1012,1026
249059,1013,1035
249060,1016,1039
249061,1016,1042
249062,1008,1037
249063,999,1038
249064,991,1045
249065,987,1054
249066,989,1058
249067,994,1056
249068,995,1054
249069,995,1051
249070,997,1053
249071,998,1054
249072,997,1052
249073,1002,1050
249074,996,1048
249075,998,1045
249076,995,1048
249077,995,1049
249078,1000,1051
249079,1004,1053
249080,1004,1051
249081,1000,1050
249082,996,1049
249083,997,1050
249084,1000,1053
249085,1002,1052
249086,1001,1050
249087,995,1049
249088,992,1047
249089,992,1050
249090,996,1054
249091,999,1052
249092,998,1051
249093,999,1040
249094,996,1039
249095,994,1038
249096,1000,1039
249097,1001,1039
249098,999,1038
249099,996,1036
249100,993,1034
249101,994,1038
249102,1000,1044
249103,1004,1044
249104,1007,1042
249105,1009,1036
249106,1008,1036
249107,1009,1037
249108,1006,1042
249109,1002,1045
249110,997,1044
249111,988,1045
249112,987,1048
249113,988,1051
249114,992,1057
249115,997,1055
249116,1000,1055
249117,998,1055
249118,995,1059
249119,997,1069
249120,999,1073
249121,1001,1068
249122,1001,1057
249123,1000,1043
249124,998,1034
249125,997,1034
249126,997,1033
249127,1001,1036
249128,1005,1038
249129,1005,1038
249130,1003,1039
249131,1005,1040
249132,1007,1042
249133,1014,1038
249134,1018,1037
249135,1024,1031
249136,1035,1029
249137,1046,1025
249138,1065,1026
249139,1091,1023
249140,1115,1016
249141,1144,1007
249142,1174,999
249143,1210,997
249144,1247,1002
249145,1279,1016
249146,1294,1039
249147,1285,1056
249148,1253,1062
249149,1204,1065
249150,1153,1067
249151,1103,1075
249152,1052,1083
249153,1009,1086
249154,985,1091
249155,983,1089
249156,991,1079
249157,999,1069
249158,1006,1058
249159,1004,1050
249160,998,1045
249161,997,1048
249162,995,1050
249163,998,1050
249164,996,1047
249165,992,1045
249166,989,1045
249167,989,1046
249168,992,1051
249169,991,1051
249170,992,1048
249171,986,1047
249172,982,1047
249173,981,1048
249174,982,1050
249175,982,1050
249176,980,1048
249177,979,1046
249178,978,1044
249179,978,1043
249180,980,1045
249181,982,1046
249182,982,1045
249183,979,1042
249184,977,1040
249185,977,1045
249186,982,1045
249187,986,1045
249188,984,1044
249189,983,1036
249190,982,1036
249191,982,1033
249192,986,1035
249193,988,1036
249194,989,1034
249195,987,1031
249196,986,1031
249197,986,1031
249198,992,1036
249199,995,1034
249200,993,1032
249201,991,1030
249202,982,1030
249203,981,1035
249204,983,1036
249205,985,1036
249206,988,1037
249207,989,1032
249208,991,1030
249209,992,1031
249210,997,1032
249211,1001,1032
249212,1002,1028
249213,1000,1027
249214,996,1023
249215,992,1024
249216,990,1029
249217,987,1032
249218,985,1036
249219,983,1035
249220,983,1033
249221,989,1034
249222,994,1033
249223,999,1032
249224,998,1029
249225,992,1025
249226,990,1026
249227,990,1024
249228,994,1026
249229,993,1021
249230,993,1015
249231,992,1009
249232,992,1002
249233,994,1003
249234,995,1006
249235,999,1003
249236,998,1006
249237,999,1005
249238,1001,1005
249239,1002,1006
249240,1009,1005
249241,1014,1003
249242,1015,999
249243,1013,996
249244,1010,998
249245,1013,1000
249246,1016,1002
249247,1017,1000
249248,1016,998
249249,1010,995
249250,1006,1002
249251,1006,1004
249252,1010,1008
249253,1008,1010
249254,1011,1010
249255,1009,1011
249256,1010,1016
249257,1009,1022
249258,1010,1026
249259,1015,1023
249260,1008,1022
249261,1001,1024
249262,992,1031
249263,987,1039
249264,991,1045
249265,995,1046
249266,996,1044
249267,995,1040
249268,992,1037
249269,996,1039
249270,998,1042
249271,1000,1046
249272,1000,1044
249273,995,1042
249274,995,1045
249275,994,1046
249276,996,1050
249277,997,1048
249278,997,1049
249279,993,1046
249280,992,1050
249281,992,1049
249282,995,1049
249283,999,1052
249284,999,1050
249285,998,1045
249286,996,1044
249287,997,1045
249288,1000,1046
249289,1003,1046
249290,1002,1048
249291,1002,1041
249292,1001,1041
249293,1004,1046
249294,1009,1048
249295,1016,1047
249296,1019,1046
249297,1020,1046
249298,1021,1047
249299,1027,1051
249300,1034,1053
249301,1041,1057
249302,1045,1056
249303,1056,1048
249304,1070,1039
249305,1084,1024
249306,1100,1009
249307,1112,997
249308,1128,985
249309,1142,969
249310,1153,954
249311,1169,940
249312,1185,923
249313,1208,903
249314,1228,881
249315,1243,857
249316,1255,846
249317,1265,834
249318,1277,827
249319,1280,823
249320,1276,820
249321,1270,818
249322,1264,818
249323,1259,822
249324,1257,823
249325,1249,822
249326,1229,820
249327,1205,825
249328,1181,829
249329,1159,842
249330,1140,856
249331,1126,865
249332,1108,869
249333,1093,883
249334,1081,898
249335,1076,912
249336,1076,932
249337,1084,943
249338,1084,951
249339,1079,958
249340,1071,965
249341,1068,975
249342,1075,988
249343,1089,998
249344,1101,1002
249345,1108,1001
249346,1094,1006
249347,1066,1012
249348,1029,1021
249349,995,1030
249350,965,1035
249351,949,1045
249352,938,1055
249353,933,1071
249354,924,1083
249355,919,1089
249356,912,1092
249357,908,1089
249358,903,1093
249359,902,1099
249360,905,1099
249361,909,1102
249362,909,1101
249363,904,1099
249364,902,1099
249365,901,1103
249366,898,1109
249367,894,1116
249368,885,1116
249369,878,1114
249370,879,1114
249371,881,1119
249372,888,1121
249373,890,1123
249374,889,1122
249375,887,1122
249376,884,1123
249377,880,1125
249378,881,1129
249379,882,1132
249380,881,1131
249381,880,1132
249382,877,1134
249383,875,1135
249384,876,1142
249385,879,1142
249386,877,1142
249387,872,1142
249388,869,1147
249389,870,1152
249390,871,1155
249391,870,1159
249392,869,1157
249393,866,1161
249394,864,1164
249395,866,1165
249396,867,1171
249397,870,1174
249398,869,1172
249399,864,1171
249400,864,1173
249401,863,1174
249402,865,1178
249403,866,1180
249404,867,1177
249405,868,1176
249406,870,1171
249407,874,1172
249408,878,1173
249409,888,1173
249410,890,1169
249411,891,1162
249412,892,1160
249413,897,1161
249414,909,1162
249415,916,1155
249416,918,1150
249417,919,1140
249418,917,1136
249419,920,1134
249420,928,1134
249421,933,1130
249422,934,1124
249423,936,1116
249424,937,1112
249425,940,1109
249426,948,1106
249427,955,1098
249428,956,1096
249429,960,1088
249430,959,1084
249431,968,1082
249432,974,1077
249433,978,1071
249434,972,1064
249435,966,1058
249436,965,1056
249437,974,1058
249438,980,1059
249439,977,1055
249440,962,1052
249441,951,1050
249442,950,1052
249443,960,1054
249444,969,1055
249445,974,1052
249446,975,1048
249447,967,1045
249448,966,1043
249449,965,1045
249450,968,1048
249451,970,1047
249452,974,1042
249453,977,1035
249454,979,1037
249455,977,1039
249456,972,1039
249457,970,1044
249458,969,1042
249459,970,1043
249460,967,1042
249461,972,1043
249462,975,1047
249463,978,1048
249464,977,1048
249465,975,1047
249466,977,1048
249467,984,1047
249468,988,1048
249469,988,1046
249470,985,1042
249471,976,1038
249472,974,1038
249473,976,1043
249474,978,1046
249475,987,1046
249476,986,1045
249477,987,1040
249478,983,1040
249479,983,1040
249480,981,1043
249481,977,1041
249482,973,1042
249483,968,1041
249484,967,1039
249485,971,1042
249486,975,1047
249487,978,1048
249488,977,1045
249489,971,1043
249490,971,1043
249491,971,1044
249492,980,1046
249493,986,1045
249494,986,1042
249495,981,1037
249496,977,1037
249497,976,1040
249498,977,1041
249499,977,1040
249500,974,1038
249501,965,1035
249502,958,1036
249503,961,1040
249504,966,1043
249505,974,1041
249506,976,1040
249507,971,1035
249508,963,1035
249509,960,1036
249510,955,1040
249511,959,1041
249512,961,1043
249513,962,1041
249514,963,1041
249515,967,1041
249516,969,1040
249517,973,1038
249518,975,1034
249519,972,1031
249520,969,1032
249521,966,1033
249522,962,1036
249523,959,1039
249524,961,1037
249525,966,1037
249526,972,1037
249527,980,1041
249528,989,1040
249529,997,1037
249530,997,1034
249531,989,1028
249532,973,1030
249533,965,1035
249534,965,1041
249535,975,1043
249536,975,1042
249537,978,1041
249538,979,1042
249539,983,1042
249540,994,1043
249541,1002,1044
249542,1003,1038
249543,991,1036
249544,975,1033
249545,966,1039
249546,970,1045
249547,983,1049
249548,992,1047
249549,994,1040
249550,990,1039
249551,988,1039
249552,994,1040
249553,999,1039
249554,997,1036
249555,986,1035
249556,971,1040
249557,959,1039
249558,963,1042
249559,976,1045
249560,990,1042
249561,998,1036
249562,994,1035
249563,987,1033
249564,978,1037
249565,976,1037
249566,975,1038
249567,975,1038
249568,976,1036
249569,982,1041
249570,988,1044
249571,995,1044
249572,998,1042
249573,998,1040
249574,995,1039
249575,991,1043
249576,986,1044
249577,986,1045
249578,984,1045
249579,986,1045
249580,988,1046
249581,993,1048
249582,1001,1048
249583,1007,1048
249584,1012,1047
249585,1021,1043
249586,1023,1042
249587,1014,1043
249588,997,1041
249589,986,1045
249590,985,1047
249591,987,1044
249592,992,1045
249593,999,1043
249594,1006,1044
249595,1018,1038
249596,1027,1035
249597,1037,1026
249598,1049,1025
249599,1067,1025
249600,1094,1024
249601,1130,1018
249602,1167,1008
249603,1206,1002
249604,1242,1003
249605,1276,1012
249606,1301,1024
249607,1309,1038
249608,1296,1049
249609,1254,1052
249610,1200,1051
249611,1145,1057
249612,1094,1064
249613,1043,1072
249614,997,1075
249615,966,1074
249616,955,1073
249617,956,1071
249618,964,1068
249619,976,1060
249620,983,1052
249621,985,1045
249622,980,1039
249623,975,1037
249624,972,1039
249625,972,1036
249626,973,1038
249627,973,1035
249628,973,1036
249629,977,1041
249630,978,1042
249631,981,1041
249632,980,1040
249633,973,1039
249634,962,1038
249635,962,1040
249636,972,1046
249637,982,1047
249638,985,1045
249639,978,1041
249640,966,1041
249641,957,1044
249642,959,1048
249643,968,1047
249644,974,1047
249645,975,1041
249646,967,1040
249647,967,1044
249648,964,1043
249649,969,1045
249650,968,1044
249651,967,1041
249652,965,1041
249653,965,1042
249654,966,1044
249655,970,1044
249656,969,1044
249657,968,1037
249658,966,1039
249659,969,1036
249660,973,1041
249661,975,1038
249662,971,1037
249663,969,1035
249664,965,1035
249665,969,1038
249666,974,1041
249667,977,1037
249668,975,1035
249669,974,1033
249670,970,1033
249671,970,1032
249672,971,1035
249673,976,1035
249674,979,1033
249675,976,1027
249676,977,1025
249677,979,1027
249678,986,1029
249679,992,1027
249680,988,1024
249681,980,1021
249682,973,1018
249683,976,1022
249684,989,1024
249685,999,1025
249686,1000,1020
249687,997,1016
249688,988,1014
249689,978,1016
249690,977,1018
249691,981,1017
249692,986,1016
249693,987,1014
249694,984,1011
249695,986,1012
249696,986,1016
249697,990,1013
249698,992,1011
249699,992,1009
249700,992,1008
249701,995,1010
249702,1000,1011
249703,1001,1008
249704,1001,1006
249705,1001,1002
249706,999,1002
249707,1001,1003
249708,1006,1008
249709,1005,1005
249710,1007,1005
249711,1004,1002
249712,1005,1005
249713,1004,1009
249714,1008,1010
249715,1009,1012
249716,1007,1012
249717,1005,1012
249718,1005,1015
249719,1004,1021
249720,1009,1024
249721,1009,1025
249722,1012,1025
249723,1006,1024
249724,998,1025
249725,996,1029
249726,999,1036
249727,1003,1037
249728,1008,1035
249729,1009,1035
249730,1005,1035
249731,999,1038
249732,992,1039
249733,988,1044
249734,987,1045
249735,988,1044
249736,987,1047
249737,994,1047
249738,1000,1051
249739,999,1049
249740,996,1047
249741,988,1046
249742,982,1047
249743,988,1049
249744,991,1054
249745,987,1052
249746,986,1050
249747,984,1052
249748,986,1050
249749,994,1050
249750,999,1052
249751,1011,1052
249752,1010,1049
249753,1002,1045
249754,990,1045
249755,988,1050
249756,991,1053
249757,1000,1055
249758,1001,1051
249759,1000,1048
249760,996,1048
249761,1002,1050
249762,1010,1050
249763,1020,1049
249764,1016,1045
249765,1000,1042
249766,985,1040
249767,982,1043
249768,990,1048
249769,1006,1049
249770,1017,1043
249771,1020,1037
249772,1014,1034
249773,1005,1033
249774,993,1034
249775,984,1037
249776,980,1037
249777,982,1037
249778,984,1039
249779,984,1039
249780,988,1045
249781,991,1044
249782,992,1040
249783,992,1038
249784,995,1040
249785,993,1039
249786,994,1039
249787,995,1042
249788,993,1041
249789,991,1038
249790,989,1036
249791,991,1040
249792,991,1043
249793,993,1042
249794,992,1042
249795,988,1040
249796,987,1038
249797,986,1043
249798,994,1045
249799,997,1046
249800,999,1042
249801,996,1039
249802,989,1038
249803,984,1041
249804,980,1046
249805,986,1048
249806,988,1046
249807,987,1045
249808,981,1044
249809,982,1048
249810,986,1051
249811,994,1052
249812,993,1050
249813,986,1045
249814,981,1044
249815,980,1047
249816,984,1049
249817,990,1050
249818,984,1046
249819,976,1045
249820,970,1043
249821,975,1046
249822,983,1048
249823,989,1046
249824,992,1043
249825,988,1043
249826,977,1041
249827,971,1043
249828,971,1045
249829,975,1044
249830,977,1044
249831,977,1041
249832,974,1036
249833,971,1040
249834,970,1042
249835,973,1047
249836,975,1046
249837,974,1042
249838,977,1045
249839,982,1046
249840,985,1047
249841,988,1047
249842,987,1046
249843,979,1044
249844,974,1042
249845,974,1043
249846,980,1045
249847,993,1041
249848,1004,1036
249849,1015,1033
249850,1030,1031
249851,1060,1033
249852,1094,1033
249853,1136,1023
249854,1170,1012
249855,1205,1001
249856,1237,999
249857,1274,1010
249858,1304,1027
249859,1310,1048
249860,1286,1059
249861,1241,1062
249862,1179,1062
249863,1120,1066
249864,1064,1083
249865,1010,1091
249866,965,1097
249867,943,1099
249868,945,1099
249869,957,1091
249870,964,1080
249871,972,1067
249872,975,1056
249873,975,1046
249874,972,1043
249875,970,1048
249876,971,1048
249877,972,1047
249878,969,1043
249879,963,1038
249880,963,1036
249881,964,1039
249882,970,1041
249883,978,1039
249884,979,1039
249885,971,1036
249886,963,1035
249887,954,1040
249888,951,1039
249889,948,1041
249890,951,1041
249891,953,1041
249892,959,1040
249893,963,1042
249894,970,1043
249895,979,1042
249896,977,1041
249897,964,1036
249898,948,1039
249899,940,1044
249900,945,1048
249901,954,1050
249902,960,1049
249903,960,1046
249904,958,1046
249905,963,1046
249906,965,1050
249907,963,1047
249908,957,1046
249909,952,1044
249910,951,1048
249911,955,1049
249912,957,1050
249913,961,1050
249914,962,1044
249915,957,1042
249916,952,1040
249917,956,1042
249918,959,1043
249919,960,1043
249920,962,1038
249921,961,1037
249922,958,1036
249923,960,1039
249924,964,1038
249925,967,1037
249926,966,1035
249927,963,1028
249928,961,1027
249929,964,1029
249930,965,1028
249931,968,1026
249932,968,1021
249933,967,1020
249934,968,1017
249935,971,1018
249936,973,1017
249937,976,1016
249938,977,1013
249939,974,1011
249940,970,1010
249941,972,1012
249942,975,1012
249943,977,1011
249944,973,1010
249945,973,1012
249946,970,1009
249947,970,1009
249948,971,1013
249949,975,1012
249950,974,1009
249951,973,1008
249952,974,1010
249953,977,1013
249954,984,1016
249955,989,1019
249956,997,1018
249957,999,1016
249958,994,1017
249959,988,1019
249960,981,1023
249961,979,1028
249962,981,1030
249963,984,1029
249964,984,1028
249965,985,1031
249966,984,1035
249967,984,1032
249968,980,1031
249969,975,1028
249970,974,1030
249971,974,1037
249972,977,1041
249973,978,1041
249974,978,1042
249975,975,1039
249976,972,1043
249977,971,1045
249978,970,1048
249979,974,1050
249980,971,1044
249981,969,1042
249982,967,1045
249983,964,1047
249984,971,1051
249985,973,1049
249986,974,1048
249987,966,1044
249988,963,1047
249989,966,1048
249990,971,1050
249991,974,1049
249992,972,1047
249993,969,1046
249994,964,1046
249995,969,1047
249996,969,1053
249997,974,1052
249998,977,1049
249999,975,1045
250000,974,1048
250001,972,1048
250002,973,1051
250003,978,1053
250004,981,1050
250005,978,1049
250006,978,1046
250007,979,1048
250008,979,1053
250009,979,1051
250010,977,1053
250011,975,1052
250012,972,1055
250013,976,1058
250014,978,1056
250015,983,1057
250016,980,1053
250017,977,1051
250018,977,1052
250019,977,1051
250020,984,1054
250021,984,1048
250022,984,1048
250023,984,1045
250024,983,1044
250025,983,1046
250026,985,1049
250027,985,1048
250028,983,1044
250029,982,1043
250030,980,1044
250031,983,1046
250032,986,1048
250033,989,1047
250034,987,1045
250035,982,1043
250036,978,1044
250037,981,1050
250038,987,1052
250039,988,1053
250040,983,1049
250041,980,1048
250042,978,1049
250043,980,1049
250044,986,1052
250045,988,1051
250046,988,1048
250047,986,1041
250048,981,1041
250049,979,1043
250050,979,1044
250051,981,1047
250052,978,1046
250053,977,1042
250054,975,1045
250055,980,1048
250056,981,1050
250057,983,1049
250058,985,1047
250059,982,1044
250060,981,1045
250061,979,1050
250062,978,1053
250063,978,1054
250064,982,1054
250065,982,1052
250066,980,1050
250067,983,1053
250068,986,1055
250069,989,1057
250070,986,1052
250071,983,1049
250072,981,1047
250073,983,1048
250074,986,1050
250075,986,1050
250076,983,1046
250077,978,1043
250078,974,1044
250079,973,1049
250080,974,1049
250081,973,1050
250082,969,1048
250083,968,1045
250084,966,1044
250085,965,1046
250086,965,1047
250087,966,1047
250088,964,1044
250089,962,1043
250090,958,1043
250091,962,1044
250092,968,1045
250093,971,1047
250094,972,1042
250095,971,1042
250096,966,1042
250097,967,1045
250098,970,1047
250099,975,1047
250100,974,1044
250101,971,1040
250102,967,1042
250103,972,1045
250104,975,1049
250105,979,1049
250106,980,1049
250107,981,1048
250108,979,1047
250109,982,1048
250110,986,1050
250111,991,1052
250112,989,1055
250113,983,1060
250114,979,1070
250115,978,1071
250116,983,1069
250117,985,1060
250118,984,1046
250119,978,1037
250120,972,1035
250121,974,1040
250122,977,1042
250123,979,1042
250124,981,1041
250125,980,1038
250126,978,1034
250127,978,1036
250128,977,1038
250129,979,1036
250130,977,1038
250131,971,1036
250132,973,1037
250133,975,1041
250134,979,1041
250135,983,1040
250136,986,1039
250137,983,1038
250138,979,1039
250139,979,1041
250140,983,1044
250141,986,1044
250142,988,1044
250143,982,1039
250144,982,1041
250145,983,1042
250146,985,1045
250147,986,1045
250148,986,1042
250149,984,1043
250150,981,1044
250151,982,1046
250152,984,1046
250153,987,1044
250154,985,1044
250155,980,1043
250156,975,1043
250157,976,1046
250158,979,1049
250159,981,1049
250160,981,1051
250161,978,1051
250162,978,1052
250163,978,1057
250164,981,1059
250165,985,1060
250166,983,1055
250167,980,1055
250168,979,1053
250169,980,1050
250170,986,1048
250171,989,1043
250172,984,1038
250173,978,1036
250174,976,1036
250175,980,1040
250176,989,1043
250177,993,1041
250178,989,1035
250179,990,1029
250180,991,1027
250181,997,1026
250182,1008,1027
250183,1024,1025
250184,1038,1023
250185,1054,1017
250186,1076,1012
250187,1108,1014
250188,1143,1008
250189,1187,1000
250190,1224,998
250191,1261,995
250192,1290,1006
250193,1303,1021
250194,1299,1039
250195,1272,1051
250196,1223,1052
250197,1163,1051
250198,1109,1056
250199,1058,1067
250200,1014,1073
250201,982,1077
250202,968,1076
250203,963,1071
250204,967,1064
250205,974,1059
250206,980,1055
250207,984,1050
250208,981,1044
250209,975,1042
250210,973,1041
250211,972,1045
250212,973,1045
250213,972,1043
250214,964,1041
250215,960,1044
250216,957,1045
250217,958,1045
250218,959,1049
250219,961,1050
250220,961,1047
250221,960,1048
250222,957,1045
250223,956,1048
250224,958,1048
250225,958,1048
250226,957,1045
250227,955,1044
250228,955,1043
250229,957,1043
250230,959,1043
250231,960,1043
250232,958,1042
250233,954,1038
250234,953,1039
250235,957,1039
250236,958,1040
250237,960,1039
250238,961,1038
250239,958,1034
250240,958,1036
250241,957,1039
250242,959,1046
250243,962,1050
250244,964,1050
250245,960,1046
250246,958,1046
250247,956,1048
250248,963,1052
250249,967,1052
250250,969,1048
250251,969,1041
250252,967,1035
250253,965,1034
250254,967,1030
250255,969,1024
250256,967,1019
250257,967,1014
250258,966,1016
250259,968,1020
250260,969,1020
250261,971,1020
250262,970,1021
250263,971,1017
250264,971,1019
250265,970,1023
250266,976,1023
250267,977,1025
250268,976,1024
250269,977,1022
250270,978,1019
250271,981,1022
250272,984,1022
250273,986,1019
250274,984,1017
250275,985,1012
250276,985,1010
250277,989,1010
250278,987,1010
250279,988,1009
250280,987,1006
250281,984,1001
250282,985,1001
250283,988,1002
250284,992,1003
250285,993,1000
250286,993,998
250287,993,991
250288,989,991
250289,988,991
250290,989,997
250291,993,996
250292,992,996
250293,992,992
250294,992,996
250295,992,998
250296,995,1005
250297,998,1005
250298,998,1005
250299,994,1003
250300,993,1004
250301,995,1008
250302,1000,1014
250303,1004,1016
250304,1000,1016
250305,997,1017
250306,993,1018
250307,994,1021
250308,997,1026
250309,995,1030
250310,992,1031
250311,993,1031
250312,992,1033
250313,994,1043
250314,993,1056
250315,992,1069
250316,989,1078
250317,985,1076
250318,975,1064
250319,971,1061
250320,970,1059
250321,972,1051
250322,973,1044
250323,971,1040
250324,972,1033
250325,976,1033
250326,979,1033
250327,980,1031
250328,979,1031
250329,975,1029
250330,968,1032
250331,972,1035
250332,976,1040
250333,980,1039
250334,979,1038
250335,976,1034
250336,976,1034
250337,976,1034
250338,977,1040
250339,978,1039
250340,977,1037
250341,974,1034
250342,971,1035
250343,972,1039
250344,979,1038
250345,980,1038
250346,980,1037
250347,975,1034
250348,973,1034
250349,977,1037
250350,981,1036
250351,985,1038
250352,985,1034
250353,982,1034
250354,980,1034
250355,980,1038
250356,985,1040
250357,988,1037
250358,985,1035
250359,980,1034
250360,979,1035
250361,985,1038
250362,987,1039
250363,989,1041
250364,984,1041
250365,977,1038
250366,977,1039
250367,979,1042
250368,985,1047
250369,985,1043
250370,984,1042
250371,981,1039
250372,982,1037
250373,984,1039
250374,989,1039
250375,990,1040
250376,989,1036
250377,985,1034
250378,982,1034
250379,982,1037
250380,985,1040
250381,987,1038
250382,985,1037
250383,989,1033
250384,988,1034
250385,989,1036
250386,987,1036
250387,985,1035
250388,981,1034
250389,980,1033
250390,979,1035
250391,979,1036
250392,980,1039
250393,977,1038
250394,980,1034
250395,979,1032
250396,977,1033
250397,977,1036
250398,979,1039
250399,977,1039
250400,980,1038
250401,977,1036
250402,978,1036
250403,977,1039
250404,980,1041
250405,984,1039
250406,985,1039
250407,982,1037
250408,979,1036
250409,978,1038
250410,985,1039
250411,986,1038
250412,983,1037
250413,979,1033
250414,977,1035
250415,976,1039
250416,978,1040
250417,977,1040
250418,977,1040
250419,970,1038
250420,969,1039
250421,972,1042
250422,974,1045
250423,977,1047
250424,977,1044
250425,972,1042
250426,970,1045
250427,972,1048
250428,977,1052
250429,981,1052
250430,978,1048
250431,975,1049
250432,974,1050
250433,978,1045
250434,983,1044
250435,984,1039
250436,984,1033
250437,981,1031
250438,976,1032
250439,977,1034
250440,980,1037
250441,984,1038
250442,984,1035
250443,982,1034
250444,981,1038
250445,982,1038
250446,983,1041
250447,987,1039
250448,980,1039
250449,979,1038
250450,976,1039
250451,981,1042
250452,982,1042
250453,987,1039
250454,985,1035
250455,986,1036
250456,982,1037
250457,984,1034
250458,990,1036
250459,994,1034
250460,995,1033
250461,991,1029
250462,991,1029
250463,996,1027
250464,1004,1028
250465,1016,1022
250466,1019,1019
250467,1021,1014
250468,1024,1014
250469,1046,1017
250470,1078,1016
250471,1117,1010
250472,1157,1003
250473,1190,996
250474,1221,1003
250475,1246,1013
250476,1269,1031
250477,1270,1049
250478,1244,1056
250479,1197,1057
250480,1139,1058
250481,1085,1066
250482,1034,1074
250483,986,1080
250484,953,1082
250485,943,1080
250486,954,1079
250487,964,1072
250488,971,1063
250489,976,1056
250490,972,1047
250491,972,1040
250492,969,1041
250493,966,1040
250494,969,1043
250495,970,1040
250496,968,1038
250497,970,1037
250498,968,1039
250499,974,1040
250500,978,1041
250501,982,1041
250502,981,1037
250503,978,1034
250504,971,1036
250505,964,1041
250506,962,1041
250507,962,1042
250508,959,1043
250509,955,1038
250510,954,1038
250511,955,1040
250512,963,1041
250513,968,1041
250514,970,1038
250515,965,1034
250516,959,1035
250517,954,1037
250518,952,1039
250519,952,1038
250520,951,1035
250521,951,1031
250522,949,1031
250523,948,1033
250524,952,1034
250525,955,1032
250526,955,1028
250527,953,1023
250528,949,1023
250529,949,1028
250530,953,1031
250531,957,1031
250532,960,1028
250533,960,1024
250534,960,1024
250535,957,1025
250536,958,1027
250537,960,1028
250538,962,1024
250539,963,1020
250540,962,1022
250541,962,1024
250542,965,1023
250543,968,1024
250544,971,1023
250545,969,1018
250546,971,1017
250547,974,1018
250548,971,1020
250549,976,1017
250550,976,1013
250551,977,1008
250552,977,1006
250553,979,1007
250554,981,1009
250555,984,1005
250556,984,1005
250557,979,996
250558,976,998
250559,978,998
250560,979,1001
250561,983,999
250562,982,996
250563,978,994
250564,979,991
250565,981,996
250566,982,997
250567,985,999
250568,986,996
250569,983,993
250570,981,996
250571,982,996
250572,982,1000
250573,988,1002
250574,984,1000
250575,988,999
250576,984,1000
250577,986,1005
250578,990,1009
250579,990,1009
250580,991,1009
250581,988,1009
250582,987,1012
250583,988,1018
250584,990,1022
250585,991,1024
250586,991,1023
250587,990,1024
250588,986,1028
250589,987,1034
250590,990,1040
250591,995,1040
250592,989,1041
250593,986,1041
250594,984,1045
250595,983,1048
250596,986,1051
250597,984,1052
250598,982,1052
250599,980,1050
250600,978,1051
250601,979,1050
250602,980,1054
250603,976,1053
250604,974,1052
250605,972,1049
250606,970,1048
250607,971,1050
250608,970,1052
250609,970,1052
250610,970,1050
250611,968,1048
250612,967,1048
250613,972,1050
250614,978,1053
250615,981,1051
250616,980,1051
250617,977,1045
250618,977,1050
250619,980,1053
250620,986,1055
250621,997,1055
250622,1003,1051
250623,1007,1049
250624,1011,1049
250625,1023,1052
250626,1032,1051
250627,1046,1043
250628,1059,1031
250629,1072,1016
250630,1082,1006
250631,1100,993
250632,1117,983
250633,1138,968
250634,1153,955
250635,1167,935
250636,1186,918
250637,1204,902
250638,1225,884
250639,1244,872
250640,1255,857
250641,1257,849
250642,1254,845
250643,1251,846
250644,1254,850
250645,1253,846
250646,1246,844
250647,1231,842
250648,1213,844
250649,1195,850
250650,1175,857
250651,1151,864
250652,1129,870
250653,1102,877
250654,1077,886
250655,1066,900
250656,1053,916
250657,1052,928
250658,1049,940
250659,1045,951
250660,1040,963
250661,1040,973
250662,1047,982
250663,1061,990
250664,1078,996
250665,1092,997
250666,1096,1003
250667,1087,1008
250668,1060,1018
250669,1019,1023
250670,980,1033
250671,949,1042
250672,936,1057
250673,932,1071
250674,931,1082
250675,929,1090
250676,926,1092
250677,918,1092
250678,915,1096
250679,912,1102
250680,909,1106
250681,911,1107
250682,908,1111
250683,905,1113
250684,902,1115
250685,900,1118
250686,900,1124
250687,901,1124
250688,901,1124
250689,897,1123
250690,895,1122
250691,892,1127
250692,893,1132
250693,893,1133
250694,891,1131
250695,889,1131
250696,884,1133
250697,879,1141
250698,876,1144
250699,877,1148
250700,879,1148
250701,876,1147
250702,871,1149
250703,872,1155
250704,874,1161
250705,877,1161
250706,874,1160
250707,869,1164
250708,863,1165
250709,861,1169
250710,860,1177
250711,863,1178
250712,862,1177
250713,862,1178
250714,868,1181
250715,875,1184
250716,874,1188
250717,872,1189
250718,870,1192
250719,866,1189
250720,869,1195
250721,879,1195
250722,890,1198
250723,896,1196
250724,898,1193
250725,891,1189
250726,884,1188
250727,887,1191
250728,896,1191
250729,906,1191
250730,912,1184
250731,914,1177
250732,917,1174
250733,925,1170
250734,933,1168
250735,944,1161
250736,950,1154
250737,954,1144
250738,952,1141
250739,948,1136
250740,948,1132
250741,950,1131
250742,951,1123
250743,952,1116
250744,957,1113
250745,960,1109
250746,967,1108
250747,966,1101
250748,958,1091
250749,950,1089
250750,947,1086
250751,953,1086
250752,957,1083
250753,961,1082
250754,964,1075
250755,965,1069
250756,964,1066
250757,967,1067
250758,967,1069
250759,966,1066
250760,964,1064
250761,957,1061
250762,957,1061
250763,959,1063
250764,969,1067
250765,972,1062
250766,969,1060
250767,965,1057
250768,965,1058
250769,969,1058
250770,972,1059
250771,974,1059
250772,971,1055
250773,966,1053
250774,962,1054
250775,964,1058
250776,968,1059
250777,977,1057
250778,983,1058
250779,985,1054
250780,983,1052
250781,981,1055
250782,976,1054
250783,982,1054
250784,984,1052
250785,988,1050
250786,994,1052
250787,998,1054
250788,998,1055
250789,992,1053
250790,985,1051
250791,982,1051
250792,980,1050
250793,977,1050
250794,977,1053
250795,975,1053
250796,975,1051
250797,975,1048
250798,974,1050
250799,973,1052
250800,976,1053
250801,979,1050
250802,980,1051
250803,975,1049
250804,975,1048
250805,976,1052
250806,978,1052
250807,983,1053
250808,980,1053
250809,978,1049
250810,980,1051
250811,982,1052
250812,984,1053
250813,985,1052
250814,985,1050
250815,983,1045
250816,981,1048
250817,984,1050
250818,988,1054
250819,991,1052
250820,991,1048
250821,990,1046
250822,986,1044
250823,986,1048
250824,984,1048
250825,978,1050
250826,975,1046
250827,973,1046
250828,975,1045
250829,978,1047
250830,982,1049
250831,986,1046
250832,985,1044
250833,981,1042
250834,982,1044
250835,985,1045
250836,985,1046
250837,981,1045
250838,975,1043
250839,968,1042
250840,966,1045
250841,968,1049
250842,973,1049
250843,980,1048
250844,977,1045
250845,975,1040
250846,973,1042
250847,973,1045
250848,975,1047
250849,978,1045
250850,977,1047
250851,976,1044
250852,977,1043
250853,977,1045
250854,978,1048
250855,979,1046
250856,978,1045
250857,978,1045
250858,977,1045
250859,979,1048
250860,980,1050
250861,982,1050
250862,989,1048
250863,996,1045
250864,993,1043
250865,981,1043
250866,960,1047
250867,948,1047
250868,944,1049
250869,948,1049
250870,957,1051
250871,966,1048
250872,972,1047
250873,970,1046
250874,969,1046
250875,967,1043
250876,966,1042
250877,969,1048
250878,971,1047
250879,974,1044
250880,972,1043
250881,968,1040
250882,969,1040
250883,971,1045
250884,974,1047
250885,976,1044
250886,976,1041
250887,973,1041
250888,972,1042
250889,979,1046
250890,979,1045
250891,983,1044
250892,983,1042
250893,980,1041
250894,979,1043
250895,980,1046
250896,984,1049
250897,983,1047
250898,984,1044
250899,983,1041
250900,986,1039
250901,993,1040
250902,1008,1040
250903,1023,1039
250904,1037,1034
250905,1055,1028
250906,1084,1026
250907,1123,1022
250908,1165,1019
250909,1210,1010
250910,1250,1006
250911,1287,1008
250912,1311,1022
250913,1316,1043
250914,1293,1057
250915,1243,1060
250916,1179,1058
250917,1116,1060
250918,1052,1066
250919,996,1073
250920,966,1079
250921,964,1077
250922,975,1071
250923,980,1058
250924,975,1048
250925,970,1045
250926,968,1044
250927,967,1040
250928,967,1040
250929,965,1037
250930,964,1038
250931,966,1042
250932,962,1041
250933,957,1040
250934,952,1039
250935,953,1038
250936,952,1040
250937,954,1045
250938,957,1045
250939,958,1044
250940,958,1040
250941,954,1040
250942,952,1041
250943,952,1044
250944,957,1046
250945,958,1046
250946,957,1044
250947,955,1042
250948,955,1043
250949,956,1043
250950,958,1045
250951,959,1044
250952,955,1042
250953,952,1037
250954,947,1038
250955,952,1041
250956,955,1043
250957,957,1041
250958,961,1040
250959,960,1038
250960,959,1038
250961,959,1042
250962,957,1043
250963,959,1040
250964,958,1036
250965,955,1034
250966,956,1034
250967,958,1034
250968,964,1033
250969,964,1035
250970,966,1031
250971,962,1026
250972,961,1024
250973,963,1026
250974,967,1028
250975,970,1024
250976,971,1022
250977,966,1017
250978,965,1017
250979,967,1020
250980,970,1021
250981,969,1022
250982,970,1018
250983,970,1017
250984,975,1017
250985,981,1019
250986,992,1019
250987,989,1015
250988,981,1013
250989,969,1009
250990,965,1010
250991,970,1014
250992,976,1016
250993,982,1015
250994,982,1008
250995,978,1005
250996,979,1004
250997,982,1007
250998,988,1007
250999,989,1003
251000,992,1000
251001,989,998
251002,985,999
251003,990,1004
251004,995,1002
251005,999,1000
251006,998,997
251007,997,993
251008,999,995
251009,1003,999
251010,1004,1003
251011,1005,1001
251012,1000,1004
251013,1000,999
251014,1000,1004
251015,1002,1009
251016,1006,1013
251017,1007,1015
251018,1004,1016
251019,999,1015
251020,996,1019
251021,996,1023
251022,1002,1028
251023,1002,1030
251024,1001,1031
251025,997,1031
251026,993,1031
251027,994,1036
251028,995,1039
251029,994,1037
251030,992,1036
251031,986,1036
251032,984,1038
251033,987,1039
251034,990,1043
251035,988,1046
251036,988,1043
251037,984,1040
251038,983,1039
251039,982,1040
251040,984,1042
251041,988,1042
251042,986,1039
251043,985,1039
251044,987,1039
251045,990,1039
251046,992,1043
251047,992,1039
251048,994,1038
251049,989,1036
251050,986,1035
251051,988,1035
251052,987,1038
251053,990,1035
251054,990,1034
251055,990,1031
251056,992,1031
251057,989,1033
251058,991,1036
251059,995,1033
251060,993,1028
251061,992,1026
251062,991,1026
251063,995,1027
251064,1002,1031
251065,1003,1030
251066,1002,1030
251067,996,1029
251068,992,1032
251069,991,1037
251070,996,1040
251071,1002,1039
251072,1003,1034
251073,1001,1031
251074,996,1032
251075,994,1033
251076,996,1035
251077,997,1034
251078,992,1035
251079,993,1035
251080,993,1032
251081,994,1038
251082,996,1039
251083,995,1038
251084,996,1034
251085,995,1034
251086,996,1032
251087,994,1033
251088,996,1036
251089,993,1035
251090,994,1034
251091,994,1030
251092,997,1031
251093,1002,1030
251094,1007,1033
251095,1021,1033
251096,1029,1026
251097,1021,1021
251098,997,1021
251099,975,1026
251100,967,1034
251101,972,1039
251102,976,1038
251103,982,1036
251104,988,1035
251105,990,1038
251106,994,1038
251107,1000,1035
251108,1002,1031
251109,999,1026
251110,990,1028
251111,981,1030
251112,980,1034
251113,984,1035
251114,988,1034
251115,990,1032
251116,989,1029
251117,991,1035
251118,994,1035
251119,996,1041
251120,996,1038
251121,990,1036
251122,990,1039
251123,992,1037
251124,992,1040
251125,995,1038
251126,998,1035
251127,995,1031
251128,994,1030
251129,994,1033
251130,994,1038
251131,998,1038
251132,997,1035
251133,998,1032
251134,997,1030
251135,998,1031
251136,1001,1034
251137,1004,1034
251138,1003,1028
251139,1001,1022
251140,1002,1021
251141,1008,1022
251142,1022,1025
251143,1039,1022
251144,1059,1017
251145,1085,1012
251146,1126,1009
251147,1167,1000
251148,1203,991
251149,1235,986
251150,1271,992
251151,1301,1005
251152,1308,1026
251153,1281,1040
251154,1233,1044
251155,1172,1044
251156,1107,1053
251157,1038,1060
251158,978,1069
251159,946,1079
251160,950,1079
251161,968,1069
251162,985,1054
251163,989,1045
251164,988,1038
251165,987,1038
251166,987,1038
251167,989,1035
251168,987,1032
251169,984,1029
251170,980,1027
251171,980,1027
251172,980,1030
251173,980,1031
251174,977,1030
251175,978,1029
251176,978,1029
251177,981,1029
251178,985,1031
251179,989,1030
251180,993,1029
251181,986,1025
251182,976,1024
251183,970,1029
251184,970,1032
251185,972,1031
251186,969,1028
251187,969,1029
251188,974,1027
251189,980,1030
251190,988,1031
251191,989,1029
251192,976,1023
251193,958,1023
251194,952,1029
251195,959,1035
251196,971,1040
251197,984,1036
251198,986,1031
251199,979,1028
251200,967,1027
251201,960,1030
251202,964,1033
251203,975,1034
251204,980,1031
251205,974,1026
251206,963,1023
251207,957,1026
251208,961,1030
251209,966,1028
251210,970,1022
251211,972,1019
251212,976,1018
251213,977,1020
251214,977,1018
251215,975,1017
251216,972,1013
251217,969,1010
251218,967,1010
251219,967,1009
251220,970,1010
251221,974,1006
251222,980,1004
251223,985,998
251224,987,996
251225,985,996
251226,977,996
251227,976,996
251228,973,995
251229,978,993
251230,981,994
251231,986,993
251232,992,996
251233,998,993
251234,995,992
251235,988,990
251236,983,992
251237,982,994
251238,988,997
251239,996,1000
251240,1000,996
251241,996,994
251242,987,995
251243,985,998
251244,993,1004
251245,998,1004
251246,999,1002
251247,990,1000
251248,988,1004
251249,987,1010
251250,992,1015
251251,998,1014
251252,995,1013
251253,993,1012
251254,994,1016
251255,995,1017
251256,995,1020
251257,989,1020
251258,980,1020
251259,979,1020
251260,989,1026
251261,1000,1030
251262,1004,1029
251263,1000,1027
251264,987,1029
251265,973,1029
251266,968,1031
251267,973,1035
251268,980,1042
251269,984,1038
251270,985,1034
251271,984,1031
251272,987,1035
251273,991,1034
251274,992,1037
251275,992,1034
251276,983,1031
251277,979,1031
251278,979,1034
251279,984,1038
251280,995,1037
251281,1003,1036
251282,1002,1034
251283,990,1031
251284,977,1031
251285,974,1034
251286,984,1039
251287,997,1040
251288,1000,1035
251289,996,1032
251290,987,1030
251291,982,1033
251292,978,1038
251293,976,1037
251294,974,1035
251295,978,1034
251296,978,1034
251297,981,1033
251298,983,1030
251299,986,1031
251300,986,1029
251301,984,1026
251302,984,1028
251303,981,1029
251304,986,1033
251305,987,1033
251306,991,1031
251307,989,1027
251308,991,1026
251309,994,1030
251310,998,1032
251311,998,1029
251312,997,1027
251313,991,1025
251314,991,1027
251315,996,1030
251316,999,1032
251317,1003,1031
251318,999,1029
251319,997,1028
251320,994,1028
251321,997,1032
251322,1001,1034
251323,1002,1032
251324,1000,1033
251325,995,1031
251326,993,1034
251327,997,1036
251328,1000,1038
251329,1003,1037
251330,1000,1035
251331,995,1035
251332,995,1033
251333,998,1034
251334,997,1039
251335,999,1035
251336,997,1031
251337,996,1030
251338,992,1033
251339,995,1036
251340,997,1039
251341,995,1037
251342,993,1035
251343,989,1032
251344,988,1033
251345,986,1035
251346,993,1040
251347,996,1038
251348,994,1033
251349,989,1030
251350,990,1033
251351,994,1034
251352,995,1038
251353,995,1034
251354,993,1033
251355,993,1029
251356,993,1032
251357,995,1032
251358,1002,1035
251359,1007,1031
251360,1014,1027
251361,1016,1018
251362,1015,1016
251363,1017,1018
251364,1026,1020
251365,1044,1018
251366,1066,1016
251367,1099,1013
251368,1137,1007
251369,1183,999
251370,1227,999
251371,1270,995
251372,1302,1000
251373,1314,1012
251374,1302,1033
251375,1262,1041
251376,1204,1046
251377,1137,1050
251378,1064,1057
251379,998,1065
251380,957,1073
251381,948,1079
251382,957,1075
251383,973,1063
251384,982,1048
251385,984,1037
251386,983,1033
251387,979,1034
251388,977,1035
251389,979,1035
251390,974,1033
251391,971,1033
251392,971,1033
251393,972,1037
251394,972,1036
251395,971,1035
251396,970,1033
251397,968,1033
251398,965,1031
251399,966,1036
251400,967,1036
251401,971,1036
251402,971,1035
251403,967,1034
251404,966,1034
251405,967,1037
251406,970,1038
251407,972,1036
251408,971,1033
251409,967,1031
251410,966,1030
251411,974,1034
251412,977,1035
251413,978,1034
251414,974,1029
251415,973,1026
251416,974,1027
251417,974,1029
251418,972,1032
251419,968,1030
251420,967,1028
251421,967,1029
251422,971,1027
251423,975,1029
251424,976,1029
251425,975,1027
251426,973,1025
251427,973,1021
251428,974,1023
251429,973,1023
251430,976,1026
251431,977,1025
251432,977,1019
251433,975,1017
251434,977,1017
251435,982,1017
251436,983,1016
251437,983,1015
251438,980,1010
251439,978,1006
251440,978,1007
251441,983,1010
251442,990,1008
251443,993,1005
251444,990,1001
251445,983,996
251446,982,995
251447,989,995
251448,998,998
251449,998,994
251450,998,994
251451,992,991
251452,989,985
251453,993,989
251454,997,993
251455,1002,990
251456,1002,987
251457,1003,986
251458,1003,984
251459,1004,986
251460,1008,987
251461,1008,989
251462,1008,988
251463,1008,986
251464,1011,990
251465,1013,993
251466,1015,999
251467,1014,998
251468,1014,999
251469,1011,998
251470,1010,1002
251471,1011,1006
251472,1014,1010
251473,1015,1011
251474,1010,1013
251475,1008,1012
251476,1005,1016
251477,1007,1020
251478,1006,1027
251479,1004,1024
251480,1002,1024
251481,1002,1024
251482,1002,1026
251483,1002,1030
251484,1002,1035
251485,1001,1035
251486,995,1032
251487,990,1032
251488,990,1034
251489,990,1039
251490,989,1043
251491,993,1041
251492,994,1039
251493,990,1038
251494,986,1039
251495,985,1044
251496,991,1045
251497,994,1044
251498,996,1041
251499,994,1039
251500,994,1038
251501,998,1040
251502,1001,1042
251503,1000,1040
251504,997,1033
251505,991,1034
251506,990,1037
251507,996,1040
251508,996,1042
251509,996,1041
251510,995,1036
251511,996,1035
251512,996,1036
251513,997,1037
251514,998,1036
251515,999,1035
251516,997,1028
251517,992,1029
251518,990,1030
251519,994,1034
251520,998,1034
251521,1003,1033
251522,997,1030
251523,998,1027
251524,994,1025
251525,1000,1029
251526,999,1033
251527,1003,1031
251528,1003,1029
251529,1000,1031
251530,996,1031
251531,1001,1032
251532,1003,1034
251533,1008,1032
251534,1004,1030
251535,999,1029
251536,996,1029
251537,1000,1033
251538,1005,1038
251539,1009,1037
251540,1004,1035
251541,998,1031
251542,998,1033
251543,999,1035
251544,1004,1036
251545,1003,1037
251546,998,1032
251547,993,1032
251548,993,1035
251549,996,1038
251550,998,1043
251551,1002,1041
251552,1005,1037
251553,1003,1033
251554,997,1032
251555,999,1039
251556,1001,1039
251557,1006,1038
251558,1005,1034
251559,1005,1033
251560,1003,1032
251561,998,1035
251562,997,1038
251563,999,1038
251564,1000,1036
251565,997,1034
251566,993,1036
251567,994,1034
251568,998,1037
251569,1001,1030
251570,1002,1025
251571,1005,1022
251572,1014,1023
251573,1031,1023
251574,1050,1022
251575,1074,1017
251576,1100,1014
251577,1136,1004
251578,1175,1000
251579,1220,1001
251580,1264,1009
251581,1303,1020
251582,1323,1037
251583,1317,1052
251584,1284,1065
251585,1237,1069
251586,1179,1070
251587,1117,1074
251588,1049,1080
251589,993,1087
251590,958,1096
251591,950,1101
251592,967,1100
251593,981,1090
251594,992,1074
251595,992,1062
251596,994,1053
251597,999,1050
251598,1000,1048
251599,998,1046
251600,993,1041
251601,987,1036
251602,985,1038
251603,988,1040
251604,984,1042
251605,984,1039
251606,981,1036
251607,978,1034
251608,978,1033
251609,981,1033
251610,981,1035
251611,982,1034
251612,981,1030
251613,981,1029
251614,978,1029
251615,979,1030
251616,981,1033
251617,981,1031
251618,980,1027
251619,977,1026
251620,974,1027
251621,975,1033
251622,979,1035
251623,978,1033
251624,979,1031
251625,976,1026
251626,976,1025
251627,978,1028
251628,980,1033
251629,981,1030
251630,978,1030
251631,973,1025
251632,969,1024
251633,971,1029
251634,976,1031
251635,979,1032
251636,976,1027
251637,975,1023
251638,974,1024
251639,975,1026
251640,978,1029
251641,982,1027
251642,980,1024
251643,980,1022
251644,981,1022
251645,981,1023
251646,987,1025
251647,986,1021
251648,989,1020
251649,988,1015
251650,986,1013
251651,990,1016
251652,994,1017
251653,995,1016
251654,995,1012
251655,995,1009
251656,995,1008
251657,998,1011
251658,1000,1012
251659,1002,1009
251660,1004,1004
251661,1002,997
251662,1000,997
251663,1002,997
251664,1006,997
251665,1008,997
251666,1006,994
251667,1002,990
251668,1000,988
251669,1005,991
251670,1008,992
251671,1009,990
251672,1006,984
251673,1002,983
251674,1003,986
251675,1007,988
251676,1012,990
251677,1015,993
251678,1013,988
251679,1012,986
251680,1008,990
251681,1010,990
251682,1014,996
251683,1012,998
251684,1011,996
251685,1010,997
251686,1012,999
251687,1015,1004
251688,1015,1010
251689,1014,1010
251690,1011,1009
251691,1009,1009
251692,1008,1015
251693,1010,1020
251694,1011,1024
251695,1012,1024
251696,1010,1024
251697,1005,1026
251698,1004,1029
251699,1005,1037
251700,1008,1044
251701,1008,1044
251702,1002,1044
251703,999,1041
251704,997,1046
251705,998,1051
251706,1000,1052
251707,1001,1055
251708,1001,1049
251709,998,1046
251710,995,1047
251711,996,1048
251712,1000,1052
251713,1000,1051
251714,998,1050
251715,997,1046
251716,999,1045
251717,1002,1049
251718,1006,1055
251719,1003,1050
251720,1001,1049
251721,998,1043
251722,997,1045
251723,999,1047
251724,1003,1048
251725,1005,1044
251726,1003,1041
251727,1001,1039
251728,1000,1040
251729,1003,1042
251730,1005,1045
251731,1009,1041
251732,1005,1037
251733,1003,1034
251734,1007,1037
251735,1012,1042
251736,1020,1039
251737,1025,1041
251738,1026,1041
251739,1027,1037
251740,1033,1041
251741,1037,1044
251742,1040,1050
251743,1045,1049
251744,1052,1045
251745,1059,1039
251746,1070,1029
251747,1084,1017
251748,1101,1006
251749,1113,995
251750,1128,980
251751,1140,965
251752,1153,956
251753,1171,943
251754,1188,931
251755,1208,910
251756,1223,891
251757,1234,871
251758,1246,859
251759,1263,852
251760,1274,843
251761,1279,832
251762,1275,827
251763,1270,824
251764,1266,826
251765,1265,831
251766,1263,834
251767,1255,830
251768,1243,826
251769,1229,827
251770,1213,834
251771,1198,839
251772,1181,849
251773,1162,856
251774,1140,862
251775,1113,870
251776,1101,883
251777,1090,900
251778,1086,911
251779,1086,922
251780,1082,931
251781,1076,939
251782,1073,950
251783,1071,960
251784,1073,972
251785,1084,977
251786,1091,983
251787,1103,986
251788,1118,991
251789,1122,995
251790,1111,1000
251791,1078,1004
251792,1033,1010
251793,993,1018
251794,965,1031
251795,951,1045
251796,948,1059
251797,942,1071
251798,937,1078
251799,932,1079
251800,930,1085
251801,925,1091
251802,925,1095
251803,924,1098
251804,920,1098
251805,916,1101
251806,913,1105
251807,915,1109
251808,914,1110
251809,916,1113
251810,914,1112
251811,911,1111
251812,909,1117
251813,911,1124
251814,910,1128
251815,908,1129
251816,907,1129
251817,903,1128
251818,901,1126
251819,903,1126
251820,906,1130
251821,907,1131
251822,902,1130
251823,897,1132
251824,893,1138
251825,893,1146
251826,896,1148
251827,893,1151
251828,893,1152
251829,887,1152
251830,888,1162
251831,885,1166
251832,886,1169
251833,886,1168
251834,882,1162
251835,879,1156
251836,878,1161
251837,874,1165
251838,875,1167
251839,876,1171
251840,876,1173
251841,876,1173
251842,875,1178
251843,876,1184
251844,881,1186
251845,883,1185
251846,880,1186
251847,879,1184
251848,880,1189
251849,885,1192
251850,890,1197
251851,894,1194
251852,895,1192
251853,896,1188
251854,899,1186
251855,903,1189
251856,910,1189
251857,913,1185
251858,917,1180
251859,921,1174
251860,926,1170
251861,935,1169
251862,941,1169
251863,943,1159
251864,946,1151
251865,946,1144
251866,948,1138
251867,955,1136
251868,962,1133
251869,965,1125
251870,967,1119
251871,965,1111
251872,965,1111
251873,968,1110
251874,973,1110
251875,975,1107
251876,975,1102
251877,974,1094
251878,974,1087
251879,975,1077
251880,978,1073
251881,982,1067
251882,982,1062
251883,977,1058
251884,975,1057
251885,976,1060
251886,979,1061
251887,980,1058
251888,980,1052
251889,979,1047
251890,981,1046
251891,986,1051
251892,992,1052
251893,992,1050
251894,990,1050
251895,984,1042
251896,980,1042
251897,980,1043
251898,981,1045
251899,982,1044
251900,983,1040
251901,983,1039
251902,986,1039
251903,985,1042
251904,988,1046
251905,988,1043
251906,985,1041
251907,983,1038
251908,984,1038
251909,988,1038
251910,994,1039
251911,994,1038
251912,995,1037
251913,995,1033
251914,991,1035
251915,992,1037
251916,993,1040
251917,991,1040
251918,988,1036
251919,991,1035
251920,992,1035
251921,994,1036
251922,997,1039
251923,995,1036
251924,993,1034
251925,992,1034
251926,993,1034
251927,993,1039
251928,995,1038
251929,995,1037
251930,993,1034
251931,995,1033
251932,995,1032
251933,1000,1036
251934,1001,1037
251935,1000,1035
251936,996,1034
251937,992,1032
251938,992,1030
251939,997,1033
251940,998,1035
251941,998,1033
251942,996,1029
251943,993,1028
251944,992,1030
251945,994,1034
251946,996,1038
251947,995,1036
251948,995,1031
251949,995,1031
251950,996,1033
251951,998,1035
251952,1002,1034
251953,1001,1034
251954,998,1030
251955,994,1030
251956,992,1030
251957,992,1033
251958,996,1036
251959,999,1037
251960,999,1030
251961,999,1028
251962,1001,1031
251963,1006,1035
251964,1006,1039
251965,1006,1043
251966,1006,1046
251967,1002,1045
251968,1003,1039
251969,1006,1032
251970,1010,1024
251971,1007,1022
251972,1000,1021
251973,997,1024
251974,998,1026
251975,1002,1031
251976,1005,1035
251977,1004,1037
251978,1004,1030
251979,998,1025
251980,994,1021
251981,986,1021
251982,986,1022
251983,987,1022
251984,986,1021
251985,988,1020
251986,992,1021
251987,992,1022
251988,995,1025
251989,997,1026
251990,993,1022
251991,989,1020
251992,988,1023
251993,989,1025
251994,988,1027
251995,989,1031
251996,992,1027
251997,987,1024
251998,985,1026
251999,985,1029
252000,987,1029
252001,988,1031
252002,988,1027
252003,988,1026
252004,986,1029
252005,988,1030
252006,990,1034
252007,992,1033
252008,989,1029
252009,985,1028
252010,985,1029
252011,990,1032
252012,993,1036
252013,992,1031
252014,986,1028
252015,983,1027
252016,983,1028
252017,985,1030
252018,987,1031
252019,989,1030
252020,990,1027
252021,989,1026
252022,988,1027
252023,991,1031
252024,993,1032
252025,991,1029
252026,990,1027
252027,988,1025
252028,987,1025
252029,992,1029
252030,993,1029
252031,994,1030
252032,990,1027
252033,986,1024
252034,987,1022
252035,989,1027
252036,992,1028
252037,990,1029
252038,987,1023
252039,985,1023
252040,984,1023
252041,988,1025
252042,992,1028
252043,995,1025
252044,992,1024
252045,988,1024
252046,990,1025
252047,991,1025
252048,996,1029
252049,995,1027
252050,994,1026
252051,990,1024
252052,991,1025
252053,995,1029
252054,998,1032
252055,998,1030
252056,996,1028
252057,992,1026
252058,993,1030
252059,994,1031
252060,996,1033
252061,999,1033
252062,1002,1031
252063,1001,1031
252064,995,1031
252065,999,1033
252066,1002,1035
252067,1002,1036
252068,1000,1032
252069,997,1029
252070,997,1032
252071,1000,1034
252072,1002,1033
252073,1001,1031
252074,998,1029
252075,996,1024
252076,996,1028
252077,996,1029
252078,997,1030
252079,998,1028
252080,998,1026
252081,993,1026
252082,992,1026
252083,994,1030
252084,993,1031
252085,994,1029
252086,992,1026
252087,990,1025
252088,994,1026
252089,994,1027
252090,995,1031
252091,992,1029
252092,988,1024
252093,986,1024
252094,987,1024
252095,994,1029
252096,996,1029
252097,996,1029
252098,993,1027
252099,990,1025
252100,986,1026
252101,988,1029
252102,995,1034
252103,997,1032
252104,997,1028
252105,994,1025
252106,990,1027
252107,995,1027
252108,1000,1030
252109,1003,1029
252110,1002,1027
252111,1000,1024
252112,1000,1026
252113,1000,1028
252114,1003,1028
252115,1005,1027
252116,1011,1019
252117,1016,1016
252118,1025,1018
252119,1044,1018
252120,1066,1019
252121,1094,1019
252122,1125,1012
252123,1154,1000
252124,1180,985
252125,1203,976
252126,1230,973
252127,1262,976
252128,1289,983
252129,1298,998
252130,1287,1013
252131,1250,1025
252132,1198,1029
252133,1140,1032
252134,1089,1033
252135,1038,1037
252136,996,1044
252137,965,1050
252138,962,1050
252139,969,1047
252140,981,1038
252141,990,1031
252142,993,1023
252143,989,1025
252144,988,1027
252145,982,1027
252146,978,1021
252147,975,1021
252148,974,1023
252149,977,1025
252150,978,1030
252151,980,1029
252152,978,1027
252153,972,1026
252154,972,1026
252155,973,1031
252156,977,1033
252157,979,1030
252158,977,1028
252159,972,1026
252160,967,1029
252161,970,1031
252162,978,1034
252163,977,1029
252164,975,1029
252165,974,1026
252166,973,1029
252167,971,1029
252168,974,1034
252169,977,1031
252170,975,1029
252171,973,1029
252172,970,1033
252173,970,1039
252174,972,1052
252175,971,1063
252176,971,1070
252177,972,1061
252178,982,1052
252179,994,1036
252180,1000,1023
252181,999,1007
252182,989,996
252183,969,995
252184,960,1006
252185,961,1014
252186,960,1023
252187,961,1019
252188,957,1014
252189,956,1011
252190,959,1011
252191,964,1015
252192,969,1017
252193,969,1017
252194,967,1014
252195,965,1013
252196,967,1013
252197,972,1013
252198,973,1014
252199,974,1015
252200,974,1012
252201,973,1007
252202,972,1009
252203,977,1011
252204,979,1013
252205,982,1013
252206,982,1010
252207,979,1007
252208,983,1007
252209,984,1008
252210,991,1011
252211,995,1010
252212,995,1004
252213,993,1003
252214,992,1005
252215,994,1006
252216,1000,1007
252217,1004,1003
252218,1005,1001
252219,1006,998
252220,1006,997
252221,1005,1000
252222,1004,1005
252223,1003,1008
252224,1007,1009
252225,1004,1009
252226,1006,1012
252227,1008,1012
252228,1013,1009
252229,1009,998
252230,1002,992
252231,999,986
252232,1004,987
252233,1012,992
252234,1019,1001
252235,1018,1001
252236,1017,1001
252237,1011,998
252238,1005,999
252239,1009,1001
252240,1010,1002
252241,1014,1005
252242,1014,1005
252243,1007,1005
252244,1004,1008
252245,1003,1013
252246,1004,1019
252247,1005,1017
252248,1000,1017
252249,996,1018
252250,994,1024
252251,996,1031
252252,1001,1032
252253,996,1032
252254,994,1033
252255,988,1031
252256,987,1031
252257,984,1031
252258,987,1033
252259,989,1035
252260,988,1033
252261,981,1031
252262,980,1031
252263,979,1035
252264,983,1035
252265,984,1036
252266,983,1035
252267,986,1034
252268,984,1037
252269,984,1039
252270,985,1043
252271,987,1044
252272,987,1042
252273,986,1039
252274,987,1035
252275,990,1035
252276,992,1035
252277,990,1033
252278,982,1032
252279,975,1029
252280,978,1030
252281,977,1032
252282,978,1034
252283,977,1033
252284,980,1031
252285,982,1029
252286,985,1030
252287,986,1031
252288,984,1031
252289,979,1029
252290,974,1026
252291,973,1027
252292,976,1031
252293,979,1035
252294,982,1037
252295,985,1032
252296,982,1030
252297,981,1030
252298,984,1028
252299,986,1028
252300,985,1028
252301,985,1027
252302,980,1025
252303,975,1023
252304,973,1026
252305,975,1029
252306,977,1031
252307,979,1030
252308,978,1031
252309,976,1028
252310,978,1031
252311,978,1033
252312,981,1033
252313,980,1033
252314,982,1028
252315,979,1028
252316,979,1032
252317,982,1034
252318,985,1035
252319,986,1034
252320,985,1030
252321,984,1027
252322,981,1030
252323,983,1032
252324,987,1036
252325,988,1035
252326,983,1029
252327,981,1028
252328,981,1029
252329,982,1032
252330,985,1040
252331,985,1037
252332,985,1036
252333,984,1032
252334,983,1032
252335,982,1035
252336,983,1033
252337,982,1028
252338,980,1024
252339,981,1022
252340,993,1022
252341,1013,1023
252342,1039,1023
252343,1068,1021
252344,1098,1008
252345,1129,1000
252346,1167,999
252347,1208,1008
252348,1248,1021
252349,1272,1034
252350,1273,1053
252351,1249,1063
252352,1205,1067
252353,1152,1067
252354,1099,1074
252355,1041,1080
252356,985,1086
252357,942,1095
252358,924,1100
252359,929,1100
252360,944,1093
252361,955,1078
252362,959,1065
252363,960,1055
252364,964,1045
252365,965,1045
252366,962,1045
252367,960,1045
252368,956,1040
252369,954,1040
252370,952,1044
252371,956,1042
252372,958,1042
252373,958,1036
252374,958,1033
252375,954,1032
252376,952,1034
252377,952,1037
252378,955,1042
252379,956,1043
252380,955,1041
252381,953,1039
252382,950,1041
252383,954,1042
252384,957,1041
252385,956,1036
252386,956,1031
252387,950,1032
252388,947,1035
252389,945,1034
252390,953,1037
252391,952,1036
252392,952,1035
252393,948,1032
252394,948,1035
252395,948,1034
252396,953,1039
252397,953,1036
252398,951,1034
252399,948,1034
252400,946,1038
252401,950,1039
252402,958,1037
252403,959,1032
252404,962,1025
252405,961,1022
252406,961,1022
252407,962,1026
252408,969,1027
252409,969,1023
252410,965,1022
252411,950,1018
252412,945,1021
252413,944,1026
252414,948,1032
252415,950,1029
252416,950,1027
252417,951,1027
252418,956,1027
252419,962,1027
252420,961,1021
252421,957,1014
252422,956,1007
252423,953,1002
252424,955,1003
252425,960,1003
252426,963,1003
252427,963,1002
252428,961,995
252429,965,990
252430,964,986
252431,967,986
252432,972,985
252433,975,979
252434,973,976
252435,973,977
252436,972,977
252437,975,980
252438,978,981
252439,978,980
252440,979,976
252441,979,977
252442,984,978
252443,992,981
252444,995,986
252445,995,984
252446,990,982
252447,986,983
252448,985,987
252449,990,992
252450,994,997
252451,993,998
252452,984,994
252453,977,996
252454,976,1003
252455,980,1009
252456,989,1015
252457,991,1013
252458,992,1013
252459,991,1009
252460,992,1015
252461,988,1016
252462,974,1022
252463,960,1025
252464,950,1030
252465,947,1036
252466,956,1043
252467,965,1044
252468,967,1046
252469,965,1044
252470,965,1042
252471,961,1045
252472,965,1047
252473,966,1047
252474,970,1048
252475,969,1046
252476,967,1045
252477,959,1046
252478,960,1046
252479,962,1052
252480,965,1053
252481,968,1052
252482,968,1047
252483,968,1044
252484,968,1043
252485,969,1044
252486,973,1046
252487,974,1045
252488,970,1044
252489,965,1039
252490,967,1042
252491,969,1045
252492,975,1046
252493,977,1045
252494,975,1040
252495,969,1040
252496,968,1041
252497,970,1042
252498,976,1044
252499,977,1043
252500,976,1039
252501,972,1036
252502,969,1038
252503,975,1041
252504,977,1040
252505,979,1040
252506,979,1038
252507,976,1038
252508,975,1039
252509,976,1039
252510,979,1040
252511,980,1038
252512,979,1033
252513,975,1033
252514,975,1034
252515,981,1036
252516,979,1036
252517,981,1037
252518,978,1034
252519,974,1031
252520,976,1029
252521,980,1036
252522,983,1034
252523,985,1036
252524,981,1030
252525,975,1029
252526,975,1033
252527,977,1036
252528,983,1037
252529,982,1034
252530,977,1030
252531,966,1030
252532,964,1037
252533,966,1040
252534,972,1044
252535,976,1041
252536,973,1038
252537,970,1036
252538,971,1037
252539,972,1041
252540,974,1044
252541,971,1042
252542,970,1039
252543,969,1039
252544,970,1040
252545,973,1043
252546,977,1046
252547,978,1045
252548,976,1041
252549,972,1040
252550,973,1043
252551,974,1050
252552,976,1059
252553,974,1065
252554,974,1069
252555,970,1072
252556,971,1075
252557,973,1070
252558,981,1057
252559,987,1037
252560,994,1022
252561,992,1012
252562,981,1018
252563,972,1025
252564,965,1035
252565,964,1040
252566,965,1043
252567,966,1041
252568,968,1040
252569,972,1038
252570,974,1036
252571,977,1030
252572,974,1027
252573,972,1024
252574,970,1026
252575,974,1030
252576,975,1031
252577,977,1030
252578,977,1030
252579,973,1027
252580,973,1033
252581,975,1035
252582,978,1037
252583,979,1036
252584,980,1034
252585,979,1033
252586,973,1035
252587,973,1038
252588,975,1040
252589,976,1039
252590,974,1037
252591,974,1038
252592,975,1039
252593,978,1038
252594,983,1042
252595,985,1037
252596,983,1037
252597,974,1037
252598,972,1042
252599,976,1045
252600,981,1048
252601,991,1045
252602,993,1047
252603,994,1043
252604,988,1046
252605,982,1048
252606,979,1049
252607,983,1046
252608,986,1039
252609,996,1032
252610,1012,1026
252611,1031,1021
252612,1056,1020
252613,1086,1015
252614,1115,1000
252615,1149,991
252616,1189,981
252617,1233,981
252618,1275,990
252619,1305,1001
252620,1311,1018
252621,1286,1030
252622,1238,1039
252623,1178,1043
252624,1119,1049
252625,1058,1059
252626,997,1065
252627,947,1067
252628,930,1072
252629,941,1069
252630,963,1062
252631,973,1047
252632,975,1036
252633,968,1031
252634,965,1039
252635,967,1043
252636,972,1047
252637,971,1044
252638,968,1041
252639,960,1039
252640,955,1045
252641,954,1051
252642,958,1049
252643,961,1043
252644,957,1033
252645,954,1029
252646,952,1034
252647,958,1047
252648,958,1054
252649,964,1049
252650,960,1040
252651,956,1038
252652,959,1048
252653,963,1060
252654,965,1069
252655,967,1069
252656,964,1058
252657,960,1044
252658,956,1036
252659,958,1031
252660,958,1033
252661,962,1027
252662,964,1017
252663,961,1014
252664,959,1019
252665,962,1030
252666,970,1035
252667,974,1030
252668,963,1021
252669,952,1017
252670,952,1017
252671,959,1020
252672,967,1024
252673,966,1021
252674,964,1018
252675,961,1018
252676,959,1022
252677,959,1027
252678,963,1026
252679,965,1025
252680,960,1024
252681,960,1023
252682,961,1024
252683,964,1027
252684,968,1030
252685,971,1023
252686,969,1019
252687,968,1018
252688,969,1018
252689,972,1020
252690,974,1023
252691,978,1022
252692,979,1019
252693,980,1017
252694,980,1017
252695,984,1021
252696,988,1022
252697,993,1023
252698,990,1025
252699,986,1023
252700,984,1023
252701,987,1025
252702,993,1029
252703,995,1029
252704,994,1026
252705,992,1012
252706,995,999
252707,999,984
252708,1007,979
252709,1009,979
252710,1003,978
252711,997,981
252712,1000,988
252713,1006,993
252714,1008,996
252715,1005,995
252716,1007,995
252717,1010,996
252718,1016,999
252719,1016,1001
252720,1008,1002
252721,1000,1007
252722,1004,1007
252723,1010,1011
252724,1006,1010
252725,995,1012
252726,984,1014
252727,974,1018
252728,965,1022
252729,960,1024
252730,963,1032
252731,970,1037
252732,977,1039
252733,980,1041
252734,978,1041
252735,969,1038
252736,965,1040
252737,965,1043
252738,966,1043
252739,966,1041
252740,966,1036
252741,966,1035
252742,966,1041
252743,962,1056
252744,963,1073
252745,964,1074
252746,966,1072
252747,971,1068
252748,981,1063
252749,982,1051
252750,973,1031
252751,969,1016
252752,972,1012
252753,978,1016
252754,987,1022
252755,988,1028
252756,985,1032
252757,981,1033
252758,981,1030
252759,994,1023
252760,997,1021
252761,992,1023
252762,983,1025
252763,983,1025
252764,986,1026
252765,983,1027
252766,973,1029
252767,964,1033
252768,962,1037
252769,963,1037
252770,965,1037
252771,965,1037
252772,969,1038
252773,978,1039
252774,981,1039
252775,979,1036
252776,974,1033
252777,970,1033
252778,970,1034
252779,977,1039
252780,980,1037
252781,981,1038
252782,979,1035
252783,979,1032
252784,982,1033
252785,982,1035
252786,983,1041
252787,979,1040
252788,979,1037
252789,975,1035
252790,979,1037
252791,976,1038
252792,980,1039
252793,978,1037
252794,977,1036
252795,974,1034
252796,974,1037
252797,975,1040
252798,978,1039
252799,979,1036
252800,978,1031
252801,975,1033
252802,973,1031
252803,975,1030
252804,981,1029
252805,989,1027
252806,998,1025
252807,1002,1023
252808,1012,1020
252809,1034,1021
252810,1069,1016
252811,1106,1005
252812,1148,1001
252813,1196,1003
252814,1242,1015
252815,1280,1039
252816,1295,1063
252817,1278,1078
252818,1233,1075
252819,1168,1075
252820,1092,1081
252821,1021,1093
252822,967,1102
252823,933,1103
252824,927,1098
252825,938,1083
252826,950,1072
252827,964,1061
252828,972,1055
252829,970,1047
252830,964,1041
252831,959,1037
252832,954,1040
252833,956,1042
252834,954,1043
252835,959,1041
252836,962,1037
252837,957,1034
252838,955,1037
252839,955,1038
252840,958,1037
252841,956,1035
252842,952,1033
252843,950,1032
252844,952,1034
252845,956,1036
252846,958,1038
252847,953,1036
252848,943,1037
252849,940,1041
252850,944,1043
252851,956,1041
252852,963,1032
252853,960,1026
252854,950,1022
252855,943,1023
252856,941,1030
252857,944,1036
252858,951,1043
252859,947,1047
252860,941,1063
252861,939,1078
252862,944,1088
252863,955,1077
252864,972,1046
252865,973,1013
252866,965,989
252867,953,985
252868,948,990
252869,948,1003
252870,952,1009
252871,955,1007
252872,955,1005
252873,954,1007
252874,953,1006
252875,954,1008
252876,959,1008
252877,960,1008
252878,959,1004
252879,955,1005
252880,956,1005
252881,959,1004
252882,964,1002
252883,964,998
252884,967,994
252885,963,990
252886,962,989
252887,963,991
252888,967,992
252889,973,987
252890,973,984
252891,973,983
252892,975,983
252893,979,985
252894,976,985
252895,972,981
252896,971,981
252897,970,979
252898,971,980
252899,973,986
252900,981,987
252901,984,987
252902,986,988
252903,992,987
252904,1000,989
252905,1009,993
252906,1013,1003
252907,1015,1012
252908,1008,1022
252909,996,1038
252910,990,1055
252911,995,1061
252912,1000,1051
252913,1002,1031
252914,1000,1010
252915,992,997
252916,986,989
252917,982,989
252918,977,993
252919,967,998
252920,961,1006
252921,958,1013
252922,963,1025
252923,969,1033
252924,972,1036
252925,970,1037
252926,967,1030
252927,966,1024
252928,961,1023
252929,960,1030
252930,964,1035
252931,966,1035
252932,970,1034
252933,965,1034
252934,962,1035
252935,962,1039
252936,965,1039
252937,967,1038
252938,964,1038
252939,961,1037
252940,965,1039
252941,971,1043
252942,976,1045
252943,979,1042
252944,976,1042
252945,970,1045
252946,973,1049
252947,972,1052
252948,975,1054
252949,976,1051
252950,979,1045
252951,978,1039
252952,981,1044
252953,985,1043
252954,987,1041
252955,986,1034
252956,980,1036
252957,978,1034
252958,978,1036
252959,985,1037
252960,990,1036
252961,990,1030
252962,984,1030
252963,979,1030
252964,977,1032
252965,983,1033
252966,983,1036
252967,984,1034
252968,981,1031
252969,979,1032
252970,979,1034
252971,980,1037
252972,981,1038
252973,980,1035
252974,976,1034
252975,976,1035
252976,977,1037
252977,980,1041
252978,981,1044
252979,981,1040
252980,978,1037
252981,972,1037
252982,973,1041
252983,976,1040
252984,978,1043
252985,979,1039
252986,976,1037
252987,976,1035
252988,978,1039
252989,981,1041
252990,984,1046
252991,983,1043
252992,980,1042
252993,983,1038
252994,985,1042
252995,985,1047
252996,986,1047
252997,987,1043
252998,982,1042
252999,985,1042
253000,987,1041
253001,989,1042
253002,988,1042
253003,994,1037
253004,998,1030
253005,1005,1028
253006,1012,1027
253007,1030,1029
253008,1060,1029
253009,1087,1023
253010,1120,1015
253011,1158,1009
253012,1202,1007
253013,1249,1014
253014,1290,1031
253015,1308,1047
253016,1300,1062
253017,1269,1064
253018,1215,1059
253019,1141,1060
253020,1054,1069
253021,969,1082
253022,921,1099
253023,924,1103
253024,950,1101
253025,968,1098
253026,970,1103
253027,964,1116
253028,949,1125
253029,936,1118
253030,936,1094
253031,946,1062
253032,962,1027
253033,966,1001
253034,961,992
253035,955,988
253036,948,994
253037,948,1004
253038,950,1015
253039,948,1023
253040,947,1022
253041,948,1021
253042,952,1019
253043,958,1024
253044,962,1025
253045,961,1026
253046,956,1025
253047,955,1026
253048,955,1029
253049,957,1034
253050,958,1034
253051,961,1038
253052,960,1036
253053,960,1034
253054,963,1034
253055,970,1038
253056,963,1038
253057,952,1036
253058,942,1038
253059,940,1040
253060,945,1044
253061,956,1044
253062,961,1043
253063,962,1040
253064,961,1038
253065,957,1036
253066,954,1035
253067,953,1039
253068,951,1038
253069,948,1035
253070,948,1035
253071,949,1030
253072,952,1031
253073,957,1029
253074,959,1028
253075,960,1028
253076,961,1026
253077,960,1023
253078,963,1021
253079,967,1023
253080,971,1021
253081,970,1018
253082,968,1015
253083,966,1012
253084,970,1012
253085,973,1011
253086,978,1010
253087,979,1008
253088,974,1006
253089,970,1000
253090,969,1002
253091,974,1004
253092,981,1005
253093,983,1003
253094,982,999
253095,979,997
253096,982,998
253097,989,1001
253098,994,1003
253099,996,1002
253100,993,1003
253101,991,1003
253102,990,1004
253103,994,1012
253104,999,1014
253105,1002,1012
253106,999,1013
253107,994,1015
253108,993,1016
253109,995,1024
253110,999,1026
253111,998,1023
253112,991,1025
253113,991,1026
253114,986,1032
253115,988,1037
253116,987,1040
253117,986,1039
253118,985,1038
253119,981,1038
253120,980,1041
253121,977,1044
253122,981,1046
253123,980,1044
253124,977,1042
253125,974,1042
253126,972,1046
253127,973,1049
253128,977,1050
253129,978,1048
253130,976,1048
253131,975,1046
253132,976,1048
253133,977,1052
253134,982,1053
253135,984,1049
253136,984,1049
253137,987,1049
253138,983,1055
253139,974,1062
253140,971,1064
253141,972,1057
253142,974,1053
253143,973,1051
253144,971,1055
253145,970,1059
253146,975,1058
253147,977,1050
253148,981,1044
253149,980,1042
253150,979,1043
253151,979,1043
253152,983,1040
253153,982,1039
253154,983,1038
253155,980,1039
253156,980,1041
253157,981,1045
253158,984,1047
253159,985,1043
253160,982,1042
253161,982,1042
253162,981,1043
253163,984,1045
253164,989,1045
253165,990,1044
253166,989,1044
253167,989,1044
253168,992,1049
253169,997,1054
253170,1004,1057
253171,1006,1056
253172,1002,1054
253173,989,1060
253174,970,1063
253175,959,1068
253176,958,1064
253177,966,1065
253178,974,1068
253179,980,1065
253180,981,1061
253181,987,1047
253182,989,1032
253183,987,1021
253184,982,1013
253185,982,1016
253186,982,1024
253187,983,1032
253188,980,1038
253189,976,1044
253190,975,1043
253191,972,1044
253192,974,1044
253193,977,1041
253194,982,1041
253195,983,1043
253196,979,1041
253197,973,1042
253198,971,1045
253199,974,1046
253200,979,1051
253201,978,1048
253202,978,1048
253203,976,1045
253204,976,1049
253205,977,1053
253206,978,1054
253207,980,1052
253208,978,1048
253209,976,1047
253210,971,1048
253211,976,1054
253212,984,1055
253213,986,1049
253214,987,1042
253215,993,1039
253216,1004,1042
253217,1022,1043
253218,1048,1041
253219,1080,1034
253220,1117,1026
253221,1158,1016
253222,1203,1009
253223,1250,1008
253224,1285,1020
253225,1304,1034
253226,1298,1058
253227,1264,1070
253228,1199,1069
253229,1127,1071
253230,1056,1072
253231,993,1074
253232,949,1072
253233,932,1069
253234,945,1064
253235,966,1055
253236,979,1042
253237,980,1036
253238,974,1034
253239,967,1035
253240,964,1039
253241,967,1044
253242,972,1042
253243,967,1038
253244,964,1032
253245,956,1034
253246,959,1039
253247,962,1043
253248,962,1051
253249,957,1049
253250,958,1050
253251,956,1048
253252,955,1047
253253,955,1047
253254,958,1046
253255,956,1049
253256,954,1048
253257,953,1051
253258,955,1051
253259,959,1053
253260,966,1056
253261,964,1057
253262,964,1058
253263,957,1056
253264,961,1055
253265,962,1057
253266,965,1058
253267,963,1055
253268,961,1053
253269,959,1052
253270,960,1051
253271,964,1052
253272,965,1051
253273,967,1047
253274,963,1044
253275,962,1045
253276,964,1051
253277,962,1055
253278,965,1054
253279,968,1049
253280,967,1042
253281,964,1035
253282,965,1031
253283,963,1031
253284,969,1034
253285,966,1031
253286,966,1028
253287,967,1029
253288,964,1028
253289,968,1031
253290,970,1031
253291,971,1029
253292,973,1027
253293,968,1026
253294,968,1028
253295,972,1028
253296,976,1027
253297,978,1026
253298,977,1025
253299,976,1022
253300,973,1026
253301,974,1026
253302,978,1025
253303,983,1026
253304,981,1024
253305,982,1027
253306,990,1033
253307,994,1034
253308,992,1030
253309,986,1015
253310,980,1006
253311,978,1002
253312,982,1006
253313,986,1011
253314,994,1015
253315,998,1017
253316,1007,1014
253317,1008,1022
253318,1007,1032
253319,999,1040
253320,1001,1038
253321,995,1022
253322,990,1011
253323,988,1007
253324,992,1007
253325,1001,1013
253326,1012,1014
253327,1010,1011
253328,999,1012
253329,985,1018
253330,973,1025
253331,965,1033
253332,967,1036
253333,967,1038
253334,970,1039
253335,970,1039
253336,971,1044
253337,974,1047
253338,975,1049
253339,973,1050
253340,973,1048
253341,969,1049
253342,969,1051
253343,971,1052
253344,975,1055
253345,971,1055
253346,969,1053
253347,969,1055
253348,972,1057
253349,977,1059
253350,977,1057
253351,976,1055
253352,975,1049
253353,976,1049
253354,975,1051
253355,982,1055
253356,986,1054
253357,983,1053
253358,982,1049
253359,985,1050
253360,987,1050
253361,988,1050
253362,993,1052
253363,990,1049
253364,989,1048
253365,990,1046
253366,996,1049
253367,1003,1052
253368,1008,1052
253369,1007,1053
253370,1006,1052
253371,1010,1054
253372,1020,1058
253373,1033,1061
253374,1043,1055
253375,1052,1044
253376,1065,1030
253377,1078,1013
253378,1099,1000
253379,1123,990
253380,1134,973
253381,1138,957
253382,1141,941
253383,1152,926
253384,1174,910
253385,1200,890
253386,1217,873
253387,1230,860
253388,1237,854
253389,1238,845
253390,1240,842
253391,1237,842
253392,1234,855
253393,1231,863
253394,1227,862
253395,1220,846
253396,1212,829
253397,1201,821
253398,1186,815
253399,1161,819
253400,1136,822
253401,1113,831
253402,1089,848
253403,1068,871
253404,1058,891
253405,1051,905
253406,1044,909
253407,1043,918
253408,1039,928
253409,1038,940
253410,1035,952
253411,1035,962
253412,1045,968
253413,1060,979
253414,1078,988
253415,1097,997
253416,1103,999
253417,1090,1005
253418,1051,1010
253419,1002,1020
253420,963,1032
253421,937,1046
253422,930,1060
253423,926,1073
253424,924,1083
253425,920,1090
253426,916,1095
253427,910,1099
253428,903,1101
253429,894,1103
253430,889,1106
253431,887,1107
253432,886,1110
253433,886,1115
253434,894,1118
253435,895,1119
253436,891,1117
253437,884,1117
253438,884,1120
253439,891,1128
253440,897,1128
253441,897,1128
253442,888,1123
253443,878,1125
253444,868,1127
253445,867,1132
253446,870,1136
253447,869,1138
253448,869,1137
253449,870,1138
253450,873,1141
253451,878,1146
253452,883,1150
253453,878,1149
253454,870,1150
253455,861,1152
253456,854,1158
253457,851,1165
253458,858,1170
253459,861,1172
253460,863,1168
253461,866,1169
253462,869,1173
253463,871,1179
253464,866,1179
253465,862,1180
253466,859,1179
253467,861,1184
253468,862,1190
253469,858,1197
253470,861,1200
253471,863,1201
253472,870,1194
253473,871,1187
253474,875,1184
253475,875,1181
253476,880,1176
253477,882,1176
253478,884,1173
253479,887,1174
253480,894,1170
253481,902,1173
253482,910,1170
253483,909,1165
253484,912,1160
253485,918,1153
253486,923,1149
253487,926,1150
253488,928,1146
253489,934,1143
253490,936,1136
253491,938,1131
253492,944,1127
253493,950,1126
253494,948,1121
253495,945,1113
253496,940,1110
253497,941,1107
253498,946,1105
253499,955,1105
253500,960,1095
253501,958,1089
253502,955,1084
253503,952,1082
253504,951,1081
253505,956,1083
253506,959,1079
253507,957,1074
253508,954,1070
253509,954,1067
253510,955,1070
253511,957,1070
253512,959,1067
253513,959,1065
253514,956,1059
253515,959,1058
253516,960,1058
253517,961,1062
253518,962,1061
253519,963,1058
253520,959,1057
253521,961,1055
253522,961,1058
253523,962,1060
253524,966,1063
253525,963,1063
253526,961,1061
253527,961,1063
253528,964,1063
253529,969,1064
253530,970,1062
253531,969,1058
253532,966,1052
253533,962,1050
253534,963,1049
253535,967,1052
253536,971,1050
253537,970,1046
253538,966,1042
253539,963,1044
253540,966,1046
253541,970,1045
253542,975,1051
253543,977,1050
253544,974,1046
253545,974,1043
253546,974,1041
253547,975,1042
253548,975,1043
253549,975,1044
253550,973,1043
253551,974,1045
253552,975,1047
253553,982,1049
253554,987,1050
253555,981,1046
253556,971,1049
253557,960,1055
253558,961,1071
253559,963,1084
253560,972,1080
253561,980,1056
253562,983,1030
253563,984,1015
253564,985,1011
253565,982,1014
253566,978,1020
253567,973,1024
253568,973,1025
253569,971,1026
253570,974,1030
253571,974,1033
253572,974,1035
253573,968,1035
253574,965,1040
253575,964,1043
253576,967,1044
253577,972,1048
253578,977,1046
253579,976,1045
253580,977,1040
253581,978,1041
253582,977,1043
253583,980,1045
253584,984,1045
253585,988,1042
253586,988,1043
253587,981,1040
253588,978,1043
253589,971,1045
253590,969,1048
253591,967,1048
253592,967,1045
253593,971,1046
253594,973,1047
253595,972,1049
253596,976,1050
253597,976,1051
253598,972,1046
253599,967,1047
253600,963,1049
253601,963,1051
253602,965,1049
253603,965,1045
253604,965,1042
253605,963,1041
253606,968,1043
253607,972,1046
253608,974,1047
253609,977,1043
253610,977,1039
253611,970,1042
253612,964,1044
253613,961,1047
253614,964,1046
253615,968,1043
253616,970,1035
253617,970,1034
253618,967,1037
253619,970,1037
253620,972,1038
253621,971,1033
253622,970,1031
253623,971,1032
253624,970,1035
253625,972,1037
253626,976,1037
253627,974,1036
253628,973,1031
253629,969,1029
253630,971,1033
253631,971,1036
253632,974,1038
253633,973,1037
253634,971,1034
253635,969,1036
253636,973,1036
253637,976,1040
253638,981,1043
253639,979,1040
253640,973,1038
253641,974,1035
253642,975,1038
253643,978,1042
253644,979,1042
253645,977,1039
253646,975,1037
253647,974,1037
253648,971,1043
253649,974,1047
253650,975,1046
253651,973,1043
253652,974,1043
253653,970,1039
253654,970,1042
253655,977,1046
253656,979,1046
253657,978,1043
253658,974,1042
253659,972,1040
253660,973,1043
253661,976,1044
253662,979,1046
253663,977,1044
253664,978,1038
253665,977,1037
253666,978,1038
253667,979,1042
253668,978,1040
253669,979,1040
253670,978,1037
253671,975,1036
253672,977,1039
253673,983,1041
253674,987,1041
253675,982,1037
253676,981,1037
253677,979,1036
253678,981,1039
253679,987,1039
253680,989,1038
253681,988,1036
253682,987,1035
253683,980,1034
253684,980,1037
253685,983,1040
253686,986,1041
253687,985,1040
253688,980,1036
253689,982,1036
253690,982,1039
253691,985,1041
253692,990,1041
253693,986,1039
253694,987,1037
253695,987,1037
253696,992,1039
253697,993,1043
253698,990,1040
253699,983,1039
253700,974,1036
253701,975,1035
253702,982,1036
253703,987,1035
253704,998,1034
253705,1009,1031
253706,1020,1028
253707,1037,1028
253708,1062,1030
253709,1093,1031
253710,1128,1026
253711,1162,1015
253712,1194,1003
253713,1225,997
253714,1258,994
253715,1287,998
253716,1298,1009
253717,1287,1020
253718,1249,1024
253719,1191,1027
253720,1130,1034
253721,1071,1048
253722,1016,1057
253723,970,1061
253724,951,1062
253725,949,1059
253726,962,1053
253727,978,1049
253728,985,1039
253729,986,1031
253730,982,1027
253731,978,1021
253732,974,1025
253733,973,1026
253734,978,1027
253735,975,1026
253736,970,1026
253737,969,1027
253738,966,1028
253739,970,1031
253740,972,1033
253741,969,1029
253742,968,1029
253743,965,1028
253744,964,1031
253745,967,1035
253746,964,1036
253747,964,1035
253748,961,1033
253749,961,1031
253750,960,1032
253751,964,1036
253752,966,1036
253753,966,1035
253754,965,1035
253755,963,1031
253756,963,1035
253757,963,1038
253758,963,1038
253759,964,1037
253760,961,1037
253761,961,1036
253762,964,1038
253763,966,1038
253764,968,1037
253765,964,1035
253766,960,1031
253767,960,1032
253768,959,1037
253769,963,1037
253770,961,1035
253771,963,1031
253772,961,1029
253773,959,1031
253774,958,1032
253775,964,1035
253776,968,1034
253777,971,1033
253778,972,1029
253779,972,1027
253780,973,1027
253781,974,1029
253782,976,1029
253783,974,1025
253784,974,1021
253785,972,1022
253786,971,1024
253787,973,1027
253788,978,1023
253789,976,1021
253790,976,1019
253791,974,1017
253792,975,1020
253793,979,1019
253794,983,1019
253795,984,1017
253796,983,1013
253797,981,1011
253798,979,1013
253799,979,1013
253800,984,1014
253801,982,1013
253802,982,1011
253803,981,1017
253804,984,1020
253805,989,1020
253806,996,1017
253807,998,1009
253808,998,995
253809,997,987
253810,995,986
253811,997,984
253812,1003,983
253813,1006,979
253814,1000,978
253815,999,979
253816,1005,981
253817,1009,987
253818,1014,987
253819,1012,985
253820,1008,984
253821,1006,986
253822,1010,989
253823,1014,992
253824,1020,995
253825,1020,994
253826,1017,991
253827,1014,993
253828,1010,1000
253829,1007,1005
253830,1008,1008
253831,1006,1010
253832,1004,1009
253833,1004,1015
253834,1013,1016
253835,1017,1019
253836,1016,1021
253837,1010,1019
253838,1003,1018
253839,991,1021
253840,987,1025
253841,988,1031
253842,987,1033
253843,984,1033
253844,979,1031
253845,976,1032
253846,977,1038
253847,981,1040
253848,983,1043
253849,980,1042
253850,977,1039
253851,973,1038
253852,977,1039
253853,978,1040
253854,980,1042
253855,978,1039
253856,980,1036
253857,980,1036
253858,980,1041
253859,983,1043
253860,983,1042
253861,984,1043
253862,980,1042
253863,980,1041
253864,982,1043
253865,986,1042
253866,988,1038
253867,986,1032
253868,980,1031
253869,981,1031
253870,980,1032
253871,981,1034
253872,982,1033
253873,980,1032
253874,979,1030
253875,979,1028
253876,981,1032
253877,986,1033
253878,991,1035
253879,987,1031
253880,983,1027
253881,981,1028
253882,982,1031
253883,983,1033
253884,985,1031
253885,986,1032
253886,987,1030
253887,986,1026
253888,985,1029
253889,987,1033
253890,986,1034
253891,985,1034
253892,985,1030
253893,987,1029
253894,987,1032
253895,986,1033
253896,985,1035
253897,979,1032
253898,973,1034
253899,969,1040
253900,969,1040
253901,976,1041
253902,983,1035
253903,983,1028
253904,979,1024
253905,974,1022
253906,975,1023
253907,978,1025
253908,984,1026
253909,982,1026
253910,979,1023
253911,972,1025
253912,977,1029
253913,979,1031
253914,980,1025
253915,980,1020
253916,974,1020
253917,973,1020
253918,974,1021
253919,975,1024
253920,977,1025
253921,977,1027
253922,974,1022
253923,971,1023
253924,970,1025
253925,971,1028
253926,971,1028
253927,970,1028
253928,967,1026
253929,966,1027
253930,972,1026
253931,974,1029
253932,977,1029
253933,976,1028
253934,974,1023
253935,968,1024
253936,965,1027
253937,965,1030
253938,970,1031
253939,968,1029
253940,965,1027
253941,962,1027
253942,961,1031
253943,965,1036
253944,964,1035
253945,961,1032
253946,958,1033
253947,961,1036
253948,961,1039
253949,965,1043
253950,970,1042
253951,967,1037
253952,962,1036
253953,958,1035
253954,959,1040
253955,962,1044
253956,966,1043
253957,965,1039
253958,964,1035
253959,959,1035
253960,961,1038
253961,965,1039
253962,966,1038
253963,965,1034
253964,961,1033
253965,963,1032
253966,962,1035
253967,964,1034
253968,966,1038
253969,966,1033
253970,961,1030
253971,961,1031
253972,961,1034
253973,965,1037
253974,969,1037
253975,970,1034
253976,962,1032
253977,962,1032
253978,966,1032
253979,968,1036
253980,966,1036
253981,968,1033
253982,963,1029
253983,962,1030
253984,964,1033
253985,968,1033
253986,972,1033
253987,967,1030
253988,962,1031
253989,961,1030
253990,965,1032
253991,967,1033
253992,972,1028
253993,975,1023
253994,976,1021
253995,982,1019
253996,994,1015
253997,1013,1016
253998,1034,1012
253999,1061,1002
254000,1089,991
254001,1125,978
254002,1170,980
254003,1210,985
254004,1251,994
254005,1272,1011
254006,1273,1030
254007,1249,1042
254008,1204,1051
254009,1149,1054
254010,1093,1056
254011,1031,1065
254012,969,1073
254013,925,1081
254014,914,1085
254015,925,1083
254016,943,1071
254017,953,1057
254018,955,1043
254019,954,1036
254020,956,1035
254021,954,1035
254022,955,1033
254023,951,1028
254024,948,1023
254025,944,1028
254026,944,1025
254027,950,1030
254028,950,1031
254029,944,1027
254030,937,1024
254031,934,1025
254032,934,1029
254033,935,1034
254034,938,1034
254035,939,1033
254036,936,1031
254037,933,1029
254038,934,1030
254039,938,1032
254040,941,1032
254041,939,1029
254042,935,1027
254043,932,1028
254044,931,1029
254045,935,1031
254046,938,1029
254047,938,1026
254048,937,1023
254049,936,1025
254050,935,1024
254051,937,1029
254052,939,1028
254053,936,1027
254054,936,1024
254055,936,1026
254056,938,1026
254057,941,1026
254058,944,1026
254059,944,1023
254060,941,1023
254061,936,1021
254062,940,1022
254063,943,1024
254064,950,1023
254065,944,1019
254066,938,1018
254067,935,1015
254068,942,1013
254069,945,1015
254070,947,1011
254071,947,1007
254072,945,1006
254073,943,1005
254074,944,1006
254075,946,1005
254076,950,1006
254077,949,1001
254078,947,998
254079,945,996
254080,947,996
254081,950,997
254082,955,996
254083,954,992
254084,955,990
254085,955,987
254086,956,989
254087,959,993
254088,963,992
254089,963,987
254090,962,983
254091,960,981
254092,959,982
254093,957,985
254094,959,984
254095,958,983
254096,958,978
254097,957,979
254098,957,983
254099,962,984
254100,963,985
254101,964,984
254102,964,983
254103,960,981
254104,958,984
254105,962,989
254106,963,988
254107,966,991
254108,964,989
254109,961,993
254110,962,997
254111,964,1001
254112,972,1004
254113,972,1004
254114,970,1006
254115,965,1010
254116,968,1013
254117,969,1014
254118,970,1016
254119,966,1014
254120,958,1013
254121,956,1018
254122,959,1022
254123,961,1028
254124,965,1029
254125,965,1030
254126,962,1028
254127,959,1031
254128,955,1032
254129,954,1036
254130,954,1038
254131,956,1038
254132,954,1035
254133,955,1036
254134,953,1041
254135,955,1044
254136,956,1043
254137,956,1039
254138,951,1037
254139,947,1034
254140,953,1035
254141,957,1039
254142,964,1036
254143,960,1034
254144,958,1032
254145,957,1031
254146,960,1029
254147,962,1027
254148,962,1028
254149,958,1025
254150,958,1024
254151,964,1024
254152,970,1026
254153,976,1032
254154,981,1032
254155,979,1033
254156,983,1031
254157,986,1035
254158,991,1039
254159,1001,1041
254160,1013,1037
254161,1023,1027
254162,1034,1011
254163,1043,997
254164,1059,987
254165,1075,980
254166,1090,967
254167,1100,953
254168,1117,939
254169,1130,927
254170,1148,912
254171,1166,897
254172,1185,878
254173,1203,862
254174,1220,852
254175,1228,840
254176,1235,835
254177,1236,837
254178,1234,840
254179,1232,842
254180,1230,839
254181,1229,844
254182,1228,845
254183,1225,850
254184,1215,850
254185,1194,850
254186,1174,853
254187,1153,861
254188,1133,872
254189,1114,881
254190,1093,892
254191,1071,900
254192,1051,904
254193,1037,914
254194,1029,928
254195,1027,940
254196,1031,950
254197,1027,955
254198,1017,962
254199,1012,970
254200,1016,982
254201,1024,990
254202,1036,995
254203,1050,995
254204,1060,994
254205,1059,994
254206,1046,998
254207,1017,1004
254208,981,1013
254209,942,1019
254210,918,1027
254211,903,1037
254212,900,1052
254213,902,1066
254214,900,1071
254215,895,1073
254216,888,1072
254217,882,1074
254218,878,1081
254219,878,1084
254220,879,1087
254221,875,1087
254222,870,1086
254223,867,1088
254224,867,1091
254225,870,1098
254226,870,1099
254227,864,1099
254228,861,1094
254229,858,1096
254230,860,1100
254231,860,1103
254232,864,1101
254233,858,1101
254234,855,1102
254235,852,1102
254236,849,1108
254237,851,1112
254238,855,1111
254239,852,1113
254240,844,1111
254241,840,1113
254242,839,1115
254243,840,1119
254244,837,1120
254245,835,1119
254246,832,1121
254247,828,1123
254248,824,1125
254249,824,1132
254250,830,1134
254251,829,1134
254252,826,1134
254253,823,1136
254254,823,1140
254255,826,1143
254256,826,1146
254257,824,1146
254258,822,1147
254259,821,1149
254260,826,1152
254261,829,1157
254262,832,1157
254263,831,1158
254264,831,1157
254265,833,1156
254266,838,1159
254267,844,1158
254268,845,1158
254269,848,1156
254270,850,1152
254271,853,1151
254272,858,1150
254273,864,1154
254274,869,1149
254275,871,1143
254276,875,1134
254277,877,1134
254278,881,1130
254279,888,1130
254280,895,1126
254281,901,1122
254282,904,1115
254283,905,1111
254284,908,1108
254285,913,1107
254286,918,1102
254287,919,1098
254288,920,1090
254289,917,1087
254290,921,1084
254291,927,1084
254292,930,1082
254293,931,1076
254294,929,1067
254295,929,1062
254296,931,1063
254297,935,1060
254298,936,1054
254299,938,1048
254300,935,1043
254301,934,1045
254302,937,1041
254303,941,1045
254304,945,1040
254305,943,1037
254306,938,1032
254307,935,1033
254308,937,1035
254309,940,1036
254310,943,1033
254311,944,1032
254312,939,1026
254313,934,1031
254314,937,1030
254315,939,1034
254316,943,1035
254317,945,1033
254318,940,1030
254319,940,1030
254320,943,1034
254321,947,1036
254322,950,1036
254323,948,1034
254324,946,1033
254325,946,1033
254326,948,1033
254327,951,1034
254328,956,1035
254329,953,1033
254330,951,1030
254331,951,1030
254332,954,1031
254333,956,1032
254334,959,1033
254335,956,1032
254336,953,1030
254337,952,1030
254338,954,1032
254339,957,1033
254340,959,1032
254341,958,1033
254342,953,1028
254343,951,1029
254344,953,1031
254345,958,1035
254346,961,1036
254347,959,1033
254348,955,1029
254349,954,1029
254350,956,1029
254351,959,1031
254352,961,1031
254353,959,1030
254354,954,1029
254355,955,1030
254356,953,1031
254357,955,1038
254358,958,1034
254359,957,1035
254360,956,1032
254361,955,1030
254362,957,1033
254363,958,1034
254364,960,1032
254365,959,1031
254366,956,1030
254367,954,1028
254368,954,1029
254369,955,1033
254370,958,1032
254371,960,1030
254372,959,1028
254373,957,1027
254374,961,1030
254375,961,1034
254376,964,1031
254377,958,1027
254378,957,1024
254379,954,1027
254380,956,1030
254381,959,1032
254382,960,1033
254383,961,1029
254384,956,1024
254385,954,1026
254386,957,1028
254387,958,1031
254388,961,1030
254389,959,1024
254390,958,1022
254391,956,1023
254392,955,1027
254393,959,1034
254394,960,1030
254395,963,1029
254396,960,1027
254397,956,1028
254398,957,1032
254399,961,1035
254400,962,1034
254401,956,1033
254402,949,1031
254403,947,1030
254404,950,1035
254405,954,1036
254406,958,1036
254407,959,1034
254408,958,1032
254409,955,1033
254410,954,1038
254411,956,1038
254412,960,1036
254413,961,1032
254414,958,1029
254415,956,1028
254416,957,1033
254417,961,1037
254418,968,1034
254419,961,1031
254420,953,1029
254421,950,1028
254422,953,1029
254423,956,1033
254424,960,1032
254425,962,1030
254426,957,1028
254427,952,1028
254428,953,1034
254429,954,1033
254430,956,1032
254431,956,1028
254432,957,1024
254433,955,1025
254434,959,1029
254435,963,1033
254436,965,1035
254437,963,1033
254438,961,1027
254439,960,1024
254440,962,1025
254441,965,1031
254442,967,1031
254443,967,1031
254444,960,1025
254445,956,1025
254446,952,1027
254447,960,1031
254448,958,1031
254449,959,1030
254450,956,1029
254451,957,1033
254452,960,1035
254453,964,1031
254454,969,1029
254455,969,1027
254456,966,1025
254457,960,1025
254458,963,1029
254459,967,1034
254460,970,1032
254461,967,1029
254462,965,1029
254463,961,1027
254464,963,1030
254465,969,1029
254466,973,1025
254467,973,1023
254468,968,1019
254469,969,1016
254470,977,1016
254471,988,1017
254472,1002,1018
254473,1016,1017
254474,1034,1007
254475,1058,1003
254476,1092,998
254477,1135,993
254478,1178,987
254479,1221,989
254480,1255,993
254481,1282,1008
254482,1292,1023
254483,1283,1038
254484,1255,1044
254485,1204,1039
254486,1143,1036
254487,1077,1047
254488,1010,1062
254489,950,1068
254490,923,1074
254491,922,1071
254492,936,1061
254493,948,1050
254494,953,1044
254495,955,1039
254496,952,1035
254497,949,1031
254498,947,1027
254499,944,1027
254500,945,1028
254501,946,1030
254502,949,1028
254503,952,1028
254504,946,1025
254505,943,1025
254506,942,1025
254507,941,1030
254508,943,1024
254509,939,1022
254510,937,1019
254511,938,1023
254512,940,1024
254513,945,1031
254514,946,1029
254515,943,1026
254516,938,1022
254517,932,1019
254518,931,1025
254519,937,1030
254520,942,1026
254521,939,1026
254522,937,1026
254523,935,1022
254524,938,1026
254525,939,1030
254526,937,1031
254527,933,1028
254528,930,1022
254529,927,1021
254530,931,1024
254531,936,1027
254532,938,1027
254533,937,1023
254534,935,1018
254535,933,1017
254536,933,1016
254537,933,1017
254538,939,1017
254539,940,1015
254540,945,1015
254541,945,1017
254542,940,1017
254543,940,1012
254544,945,1005
254545,950,1003
254546,945,1002
254547,943,1004
254548,948,1005
254549,948,1005
254550,954,1002
254551,955,1004
254552,955,998
254553,953,996
254554,952,999
254555,952,998
254556,957,992
254557,960,988
254558,959,984
254559,958,987
254560,958,989
254561,962,988
254562,963,985
254563,963,981
254564,958,979
254565,957,979
254566,962,983
254567,963,984
254568,972,987
254569,970,990
254570,971,985
254571,970,982
254572,976,979
254573,982,980
254574,986,980
254575,981,979
254576,979,981
254577,972,987
254578,977,989
254579,979,996
254580,985,993
254581,983,987
254582,984,980
254583,983,984
254584,984,991
254585,983,997
254586,980,998
254587,976,999
254588,974,1000
254589,969,1002
254590,968,1007
254591,971,1010
254592,972,1009
254593,971,1010
254594,967,1012
254595,965,1014
254596,969,1016
254597,970,1021
254598,972,1024
254599,966,1026
254600,963,1024
254601,962,1025
254602,963,1027
254603,965,1027
254604,967,1024
254605,965,1026
254606,959,1029
254607,955,1032
254608,952,1033
254609,954,1031
254610,958,1031
254611,961,1031
254612,954,1027
254613,950,1027
254614,954,1027
254615,957,1030
254616,959,1029
254617,956,1028
254618,950,1027
254619,947,1025
254620,952,1028
254621,955,1033
254622,956,1033
254623,954,1031
254624,952,1024
254625,950,1028
254626,952,1031
254627,957,1035
254628,958,1038
254629,959,1033
254630,957,1026
254631,955,1023
254632,957,1024
254633,959,1025
254634,966,1023
254635,965,1021
254636,962,1018
254637,963,1018
254638,965,1019
254639,965,1021
254640,965,1019
254641,966,1015
254642,964,1013
254643,963,1014
254644,970,1018
254645,967,1022
254646,971,1019
254647,967,1017
254648,959,1014
254649,962,1015
254650,969,1019
254651,975,1019
254652,978,1018
254653,975,1016
254654,974,1016
254655,970,1016
254656,972,1017
254657,973,1020
254658,969,1019
254659,964,1014
254660,957,1011
254661,959,1011
254662,962,1012
254663,966,1016
254664,966,1018
254665,966,1016
254666,964,1016
254667,962,1017
254668,963,1022
254669,961,1021
254670,964,1021
254671,961,1021
254672,955,1020
254673,953,1023
254674,953,1022
254675,956,1030
254676,961,1031
254677,959,1029
254678,955,1026
254679,950,1027
254680,950,1029
254681,951,1033
254682,953,1032
254683,951,1028
254684,950,1025
254685,947,1022
254686,952,1022
254687,957,1025
254688,959,1025
254689,957,1023
254690,955,1023
254691,949,1022
254692,952,1024
254693,956,1027
254694,957,1026
254695,953,1025
254696,949,1021
254697,950,1024
254698,953,1025
254699,959,1029
254700,963,1028
254701,960,1027
254702,957,1023
254703,952,1023
254704,956,1026
254705,960,1027
254706,962,1026
254707,958,1023
254708,954,1021
254709,946,1023
254710,947,1023
254711,950,1026
254712,956,1025
254713,959,1021
254714,959,1017
254715,959,1020
254716,959,1023
254717,960,1025
254718,960,1023
254719,961,1023
254720,959,1019
254721,957,1023
254722,956,1022
254723,957,1030
254724,963,1027
254725,963,1022
254726,960,1015
254727,957,1014
254728,957,1018
254729,959,1020
254730,962,1020
254731,959,1016
254732,958,1018
254733,958,1020
254734,960,1021
254735,964,1021
254736,964,1019
254737,958,1016
254738,955,1015
254739,955,1013
254740,957,1010
254741,966,1012
254742,977,1008
254743,988,1003
254744,1001,995
254745,1023,995
254746,1054,995
254747,1093,991
254748,1139,981
254749,1188,975
254750,1234,982
254751,1272,1003
254752,1291,1027
254753,1281,1040
254754,1237,1043
254755,1171,1040
254756,1108,1041
254757,1050,1049
254758,992,1063
254759,945,1075
254760,927,1081
254761,929,1077
254762,939,1062
254763,947,1050
254764,949,1040
254765,955,1037
254766,957,1034
254767,953,1028
254768,945,1021
254769,941,1023
254770,942,1024
254771,943,1027
254772,945,1026
254773,944,1022
254774,938,1023
254775,937,1021
254776,939,1022
254777,941,1024
254778,941,1026
254779,941,1023
254780,937,1017
254781,933,1019
254782,935,1022
254783,939,1026
254784,938,1024
254785,937,1022
254786,932,1018
254787,930,1018
254788,934,1023
254789,937,1025
254790,942,1023
254791,944,1020
254792,941,1017
254793,936,1018
254794,936,1016
254795,936,1020
254796,937,1021
254797,936,1018
254798,935,1013
254799,931,1014
254800,932,1017
254801,936,1019
254802,938,1017
254803,935,1015
254804,931,1013
254805,931,1013
254806,933,1015
254807,937,1014
254808,939,1014
254809,938,1010
254810,935,1008
254811,933,1007
254812,939,1007
254813,941,1011
254814,944,1008
254815,946,1004
254816,946,1000
254817,945,998
254818,949,999
254819,950,1000
254820,953,997
254821,953,994
254822,949,993
254823,951,989
254824,951,988
254825,957,992
254826,961,986
254827,961,983
254828,963,980
254829,962,978
254830,966,979
254831,967,982
254832,967,978
254833,969,976
254834,967,972
254835,967,972
254836,969,975
254837,969,974
254838,974,975
254839,976,975
254840,973,972
254841,970,973
254842,973,975
254843,973,979
254844,976,982
254845,974,978
254846,976,979
254847,973,982
254848,975,986
254849,979,991
254850,977,991
254851,974,994
254852,971,995
254853,965,1000
254854,966,1002
254855,968,1008
254856,969,1012
254857,969,1010
254858,965,1011
254859,961,1013
254860,960,1019
254861,961,1024
254862,962,1025
254863,959,1026
254864,958,1023
254865,954,1026
254866,954,1031
254867,957,1035
254868,961,1036
254869,961,1034
254870,956,1032
254871,955,1033
254872,955,1039
254873,956,1041
254874,958,1039
254875,958,1034
254876,957,1031
254877,958,1032
254878,959,1036
254879,958,1036
254880,959,1033
254881,962,1035
254882,957,1031
254883,957,1029
254884,957,1034
254885,961,1030
254886,965,1033
254887,966,1028
254888,965,1026
254889,967,1026
254890,971,1029
254891,978,1030
254892,988,1031
254893,992,1031
254894,991,1029
254895,992,1032
254896,998,1036
254897,1008,1041
254898,1021,1037
254899,1036,1025
254900,1045,1010
254901,1055,996
254902,1066,986
254903,1079,976
254904,1098,961
254905,1113,948
254906,1126,931
254907,1138,918
254908,1159,899
254909,1176,880
254910,1198,864
254911,1215,849
254912,1227,832
254913,1237,823
254914,1240,819
254915,1241,825
254916,1238,824
254917,1232,823
254918,1224,819
254919,1214,818
254920,1205,820
254921,1191,826
254922,1172,828
254923,1147,833
254924,1125,840
254925,1100,848
254926,1082,860
254927,1067,876
254928,1055,888
254929,1047,898
254930,1038,908
254931,1038,919
254932,1036,934
254933,1035,947
254934,1037,955
254935,1040,961
254936,1049,971
254937,1063,978
254938,1083,983
254939,1099,987
254940,1100,990
254941,1078,993
254942,1033,999
254943,985,1010
254944,947,1021
254945,927,1034
254946,919,1045
254947,913,1054
254948,911,1061
254949,905,1068
254950,900,1074
254951,895,1078
254952,893,1079
254953,890,1078
254954,885,1080
254955,882,1081
254956,878,1086
254957,881,1091
254958,885,1091
254959,880,1091
254960,876,1088
254961,874,1092
254962,869,1095
254963,869,1098
254964,867,1098
254965,866,1096
254966,865,1095
254967,863,1097
254968,863,1099
254969,862,1102
254970,861,1105
254971,854,1103
254972,851,1105
254973,850,1109
254974,852,1113
254975,855,1117
254976,856,1120
254977,855,1118
254978,851,1119
254979,847,1120
254980,843,1126
254981,845,1132
254982,847,1134
254983,845,1135
254984,842,1134
254985,839,1139
254986,842,1146
254987,843,1150
254988,844,1154
254989,842,1157
254990,840,1153
254991,841,1157
254992,842,1161
254993,844,1167
254994,843,1163
254995,843,1163
254996,844,1166
254997,845,1167
254998,851,1168
254999,853,1168
255000,859,1163
255001,857,1159
255002,858,1156
255003,860,1154
255004,868,1156
255005,875,1154
255006,880,1149
255007,881,1144
255008,882,1140
255009,885,1135
255010,894,1133
255011,902,1133
255012,906,1123
255013,911,1118
255014,913,1110
255015,916,1106
255016,919,1104
255017,924,1099
255018,929,1094
255019,932,1089
255020,933,1080
255021,934,1075
255022,939,1075
255023,942,1074
255024,945,1068
255025,945,1065
255026,945,1056
255027,941,1053
255028,948,1056
255029,953,1057
255030,955,1055
255031,957,1047
255032,948,1044
255033,949,1042
255034,954,1043
255035,952,1047
255036,954,1043
255037,947,1039
255038,948,1037
255039,947,1036
255040,950,1038
255041,950,1038
255042,952,1037
255043,952,1032
255044,952,1029
255045,953,1026
255046,953,1027
255047,953,1030
255048,951,1027
255049,948,1024
255050,946,1021
255051,944,1023
255052,947,1025
255053,952,1027
255054,956,1024
255055,955,1023
255056,950,1023
255057,943,1017
255058,949,1023
255059,952,1023
255060,954,1020
255061,953,1021
255062,949,1018
255063,950,1019
255064,953,1020
255065,959,1023
255066,961,1024
255067,961,1022
255068,956,1021
255069,954,1018
255070,957,1022
255071,962,1024
255072,962,1023
255073,960,1023
255074,959,1020
255075,957,1021
255076,962,1021
255077,964,1026
255078,966,1022
255079,963,1024
255080,960,1020
255081,955,1024
255082,957,1024
255083,965,1027
255084,967,1024
255085,967,1022
255086,962,1019
255087,960,1020
255088,960,1022
255089,963,1026
255090,959,1024
255091,958,1024
255092,956,1021
255093,955,1020
255094,958,1021
255095,959,1022
255096,961,1020
255097,959,1021
255098,958,1016
255099,956,1016
255100,955,1017
255101,958,1020
255102,958,1022
255103,956,1018
255104,955,1020
255105,954,1020
255106,954,1021
255107,956,1022
255108,960,1021
255109,956,1022
255110,953,1020
255111,950,1022
255112,952,1021
255113,957,1023
255114,961,1022
255115,956,1022
255116,953,1017
255117,948,1016
255118,952,1018
255119,958,1020
255120,961,1018
255121,960,1016
255122,955,1010
255123,951,1014
255124,951,1016
255125,952,1015
255126,951,1013
255127,954,1012
255128,954,1010
255129,955,1011
255130,955,1015
255131,955,1016
255132,958,1014
255133,953,1011
255134,951,1009
255135,949,1008
255136,954,1010
255137,958,1014
255138,962,1015
255139,962,1012
255140,958,1009
255141,958,1011
255142,956,1013
255143,958,1014
255144,958,1012
255145,958,1013
255146,955,1012
255147,957,1013
255148,962,1014
255149,965,1016
255150,967,1015
255151,961,1014
255152,954,1012
255153,952,1011
255154,957,1012
255155,960,1016
255156,960,1018
255157,959,1018
255158,959,1018
255159,958,1018
255160,960,1021
255161,961,1023
255162,960,1023
255163,958,1020
255164,956,1019
255165,957,1020
255166,959,1019
255167,965,1022
255168,966,1020
255169,963,1018
255170,960,1015
255171,960,1021
255172,960,1021
255173,964,1023
255174,969,1022
255175,972,1017
255176,973,1014
255177,968,1014
255178,967,1017
255179,967,1021
255180,966,1019
255181,966,1017
255182,967,1015
255183,967,1013
255184,970,1012
255185,975,1011
255186,985,1007
255187,995,1005
255188,1004,1003
255189,1025,1001
255190,1056,997
255191,1094,991
255192,1136,980
255193,1181,974
255194,1223,980
255195,1263,996
255196,1288,1018
255197,1285,1033
255198,1248,1037
255199,1181,1033
255200,1114,1035
255201,1049,1044
255202,982,1057
255203,936,1064
255204,917,1066
255205,922,1060
255206,936,1044
255207,946,1030
255208,955,1021
255209,958,1018
255210,954,1014
255211,948,1012
255212,948,1010
255213,946,1008
255214,944,1010
255215,945,1011
255216,945,1010
255217,943,1008
255218,937,1003
255219,938,1005
255220,942,1008
255221,948,1012
255222,952,1009
255223,947,1006
255224,940,1002
255225,936,1003
255226,937,1004
255227,938,1012
255228,940,1010
255229,939,1008
255230,936,1006
255231,937,1004
255232,939,1006
255233,941,1009
255234,940,1007
255235,940,1007
255236,939,1005
255237,937,1003
255238,941,1006
255239,940,1007
255240,942,1007
255241,940,1008
255242,939,1003
255243,938,1006
255244,938,1005
255245,942,1009
255246,945,1007
255247,942,1005
255248,941,1003
255249,938,1005
255250,938,1004
255251,941,1006
255252,944,1006
255253,942,1004
255254,940,1002
255255,937,1000
255256,943,1000
255257,945,1000
255258,948,997
255259,946,996
255260,943,991
255261,945,991
255262,947,990
255263,953,990
255264,954,988
255265,952,984
255266,951,980
255267,951,980
255268,954,982
255269,955,983
255270,959,980
255271,962,975
255272,959,971
255273,959,971
255274,963,972
255275,965,975
255276,966,972
255277,964,966
255278,962,963
255279,964,964
255280,971,965
255281,976,966
255282,978,966
255283,979,963
255284,978,961
255285,978,966
255286,981,967
255287,983,973
255288,986,971
255289,985,973
255290,982,972
255291,980,974
255292,981,977
255293,983,974
255294,986,974
255295,984,973
255296,981,975
255297,979,977
255298,981,982
255299,985,989
255300,988,991
255301,982,991
255302,976,992
255303,971,992
255304,971,997
255305,973,1002
255306,975,1004
255307,969,1004
255308,963,1008
255309,960,1006
255310,961,1010
255311,961,1017
255312,962,1017
255313,959,1013
255314,956,1012
255315,956,1012
255316,957,1017
255317,956,1019
255318,958,1021
255319,957,1021
255320,956,1016
255321,955,1018
255322,955,1019
255323,957,1025
255324,960,1023
255325,962,1020
255326,959,1016
255327,956,1019
255328,956,1020
255329,961,1024
255330,965,1019
255331,966,1017
255332,961,1009
255333,959,1010
255334,965,1010
255335,967,1016
255336,971,1014
255337,966,1014
255338,964,1012
255339,968,1011
255340,971,1014
255341,972,1015
255342,974,1011
255343,973,1008
255344,967,1003
255345,964,1004
255346,970,1008
255347,971,1010
255348,974,1011
255349,972,1006
255350,969,1005
255351,966,1007
255352,971,1010
255353,974,1010
255354,976,1009
255355,970,1005
255356,969,1003
255357,967,1005
255358,970,1009
255359,971,1011
255360,973,1011
255361,973,1010
255362,970,1010
255363,970,1010
255364,972,1012
255365,972,1015
255366,973,1014
255367,972,1012
255368,970,1010
255369,969,1012
255370,970,1011
255371,973,1016
255372,974,1013
255373,970,1014
255374,965,1013
255375,965,1015
255376,966,1017
255377,969,1018
255378,971,1017
255379,974,1013
255380,969,1009
255381,968,1009
255382,969,1010
255383,971,1007
255384,972,1007
255385,970,1004
255386,968,1004
255387,972,1005
255388,973,1005
255389,974,1008
255390,976,1007
255391,975,1003
255392,972,1002
255393,970,1002
255394,969,1004
255395,971,1006
255396,971,1006
255397,970,1007
255398,964,1006
255399,962,1008
255400,963,1010
255401,963,1013
255402,964,1011
255403,963,1011
255404,958,1009
255405,958,1009
255406,958,1013
255407,962,1014
255408,964,1012
255409,964,1014
255410,960,1011
255411,954,1011
255412,955,1016
255413,961,1023
255414,963,1020
255415,962,1018
255416,959,1018
255417,956,1017
255418,958,1019
255419,960,1024
255420,964,1021
255421,965,1021
255422,961,1019
255423,962,1016
255424,963,1020
255425,967,1025
255426,966,1024
255427,966,1021
255428,966,1018
255429,966,1015
255430,966,1015
255431,968,1018
255432,969,1021
255433,970,1015
255434,966,1012
255435,965,1010
255436,965,1015
255437,966,1016
255438,967,1016
255439,967,1014
255440,965,1010
255441,963,1008
255442,966,1012
255443,969,1016
255444,970,1014
255445,969,1013
255446,965,1009
255447,961,1009
255448,965,1014
255449,967,1018
255450,967,1019
255451,967,1017
255452,964,1015
255453,961,1014
255454,965,1018
255455,966,1022
255456,968,1019
255457,965,1015
255458,964,1013
255459,961,1012
255460,962,1016
255461,963,1021
255462,965,1018
255463,965,1015
255464,963,1012
255465,966,1013
255466,969,1016
255467,972,1020
255468,971,1018
255469,972,1018
255470,966,1016
255471,966,1016
255472,969,1018
255473,972,1017
255474,974,1017
255475,975,1017
255476,969,1015
255477,970,1018
255478,970,1021
255479,975,1020
255480,976,1019
255481,976,1015
255482,971,1014
255483,970,1015
255484,971,1016
255485,976,1017
255486,978,1014
255487,973,1011
255488,972,1007
255489,970,1011
255490,970,1014
255491,972,1017
255492,976,1018
255493,975,1016
255494,973,1015
255495,973,1017
255496,973,1017
255497,976,1022
255498,975,1020
255499,973,1018
255500,972,1017
255501,970,1017
255502,971,1017
255503,973,1018
255504,976,1017
255505,973,1016
255506,970,1015
255507,968,1015
255508,969,1017
255509,970,1023
255510,975,1021
255511,973,1018
255512,972,1014
255513,971,1018
255514,974,1019
255515,976,1020
255516,978,1021
255517,976,1020
255518,974,1015
255519,973,1017
255520,973,1020
255521,976,1023
255522,978,1022
255523,977,1017
255524,975,1017
255525,974,1017
255526,973,1021
255527,977,1022
255528,977,1022
255529,975,1020
255530,972,1018
255531,971,1017
255532,974,1017
255533,980,1018
255534,981,1017
255535,975,1013
255536,972,1011
255537,968,1011
255538,975,1012
255539,977,1017
255540,980,1015
255541,978,1012
255542,976,1011
255543,970,1011
255544,975,1013
255545,977,1015
255546,976,1014
255547,972,1008
255548,973,1010
255549,972,1009
255550,975,1012
255551,978,1017
255552,978,1019
255553,979,1015
255554,978,1014
255555,973,1016
255556,975,1017
255557,979,1019
255558,981,1015
255559,979,1013
255560,979,1014
255561,976,1014
255562,980,1018
255563,982,1019
255564,983,1018
255565,984,1018
255566,978,1015
255567,977,1016
255568,978,1017
255569,981,1020
255570,982,1021
255571,981,1020
255572,979,1019
255573,978,1017
255574,978,1025
255575,980,1026
255576,984,1023
255577,983,1017
255578,980,1013
255579,980,1012
255580,984,1015
255581,987,1018
255582,987,1016
255583,986,1009
255584,984,1006
255585,991,1004
255586,1008,1004
255587,1026,1005
255588,1051,998
255589,1073,997
255590,1101,992
255591,1134,982
255592,1174,976
255593,1216,977
255594,1256,975
255595,1293,987
255596,1310,1003
255597,1305,1021
255598,1271,1029
255599,1217,1034
255600,1159,1036
255601,1098,1037
255602,1036,1040
255603,984,1044
255604,959,1045
255605,952,1049
255606,966,1038
255607,973,1028
255608,976,1018
255609,975,1019
255610,975,1022
255611,974,1025
255612,972,1023
255613,968,1021
255614,963,1022
255615,963,1024
255616,964,1027
255617,965,1031
255618,966,1028
255619,964,1028
255620,962,1024
255621,960,1024
255622,961,1026
255623,960,1026
255624,962,1023
255625,960,1018
255626,956,1015
255627,957,1016
255628,956,1017
255629,961,1020
255630,962,1019
255631,960,1013
255632,956,1012
255633,955,1013
255634,956,1016
255635,957,1019
255636,959,1018
255637,958,1016
255638,956,1014
255639,955,1014
255640,958,1012
255641,960,1017
255642,963,1016
255643,963,1014
255644,959,1011
255645,958,1010
255646,960,1011
255647,962,1016
255648,964,1012
255649,963,1010
255650,960,1004
255651,957,1010
255652,956,1010
255653,959,1015
255654,963,1014
255655,963,1011
255656,962,1009
255657,961,1011
255658,964,1013
255659,968,1013
255660,968,1010
255661,969,1006
255662,969,1005
255663,969,1008
255664,971,1012
255665,974,1013
255666,974,1009
255667,977,1004
255668,976,1000
255669,977,998
255670,979,1003
255671,982,1002
255672,986,1001
255673,984,994
255674,981,993
255675,981,992
255676,984,992
255677,988,994
255678,992,996
255679,993,994
255680,992,988
255681,990,986
255682,990,989
255683,993,989
255684,996,987
255685,995,984
255686,991,984
255687,990,984
255688,991,985
255689,995,990
255690,997,988
255691,997,985
255692,995,981
255693,995,984
255694,994,987
255695,996,990
255696,1000,990
255697,997,990
255698,993,991
255699,992,989
255700,994,994
255701,995,997
255702,994,997
255703,993,995
255704,991,992
255705,986,993
255706,985,1001
255707,988,1007
255708,988,1010
255709,988,1010
255710,984,1008
255711,983,1009
255712,982,1012
255713,981,1018
255714,980,1016
255715,978,1016
255716,977,1012
255717,975,1018
255718,978,1020
255719,980,1023
255720,981,1025
255721,981,1021
255722,977,1018
255723,973,1020
255724,977,1022
255725,979,1026
255726,977,1025
255727,977,1023
255728,975,1020
255729,973,1023
255730,976,1025
255731,976,1029
255732,979,1026
255733,975,1024
255734,974,1023
255735,972,1023
255736,972,1025
255737,974,1029
255738,975,1028
255739,971,1025
255740,971,1026
255741,973,1027
255742,974,1029
255743,979,1032
255744,978,1028
255745,975,1027
255746,972,1024
255747,974,1025
255748,975,1025
255749,979,1025
255750,982,1023
255751,979,1018
255752,975,1014
255753,970,1013
255754,975,1018
255755,980,1018
255756,980,1016
255757,979,1014
255758,977,1012
255759,980,1012
255760,980,1013
255761,985,1015
255762,987,1014
255763,986,1011
255764,984,1010
255765,979,1010
255766,982,1013
255767,985,1014
255768,987,1013
255769,984,1012
255770,983,1012
255771,984,1014
255772,987,1015
255773,990,1017
255774,991,1016
255775,987,1014
255776,983,1013
255777,980,1014
255778,986,1018
255779,988,1018
255780,992,1017
255781,986,1015
255782,984,1013
255783,982,1012
255784,980,1018
255785,983,1023
255786,983,1025
255787,983,1017
255788,982,1021
255789,981,1021
255790,983,1023
255791,985,1023
255792,986,1021
255793,986,1018
255794,982,1018
255795,980,1021
255796,981,1026
255797,983,1026
255798,983,1024
255799,981,1019
255800,976,1014
255801,976,1019
255802,976,1020
255803,980,1023
255804,979,1022
255805,976,1019
255806,975,1017
255807,974,1016
255808,974,1018
255809,977,1019
255810,980,1018
255811,975,1016
255812,975,1017
255813,975,1019
255814,978,1021
255815,979,1019
255816,981,1022
255817,981,1022
255818,977,1020
255819,979,1025
255820,981,1026
255821,981,1028
255822,980,1024
255823,979,1022
255824,978,1019
255825,979,1024
255826,980,1025
255827,981,1027
255828,981,1027
255829,977,1023
255830,976,1020
255831,975,1021
255832,975,1024
255833,979,1028
255834,983,1026
255835,982,1026
255836,977,1021
255837,979,1018
255838,985,1018
255839,994,1017
255840,1003,1014
255841,1011,1010
255842,1018,1005
255843,1036,1006
255844,1065,1006
255845,1099,1003
255846,1134,993
255847,1169,981
255848,1205,974
255849,1245,981
255850,1284,990
255851,1307,1012
255852,1303,1032
255853,1267,1037
255854,1214,1039
255855,1150,1042
255856,1089,1051
255857,1027,1066
255858,971,1074
255859,938,1074
255860,931,1071
255861,943,1065
255862,956,1053
255863,966,1044
255864,971,1035
255865,974,1029
255866,971,1024
255867,971,1021
255868,970,1022
255869,972,1025
255870,970,1023
255871,969,1021
255872,966,1019
255873,961,1023
255874,964,1025
255875,966,1024
255876,967,1028
255877,962,1023
255878,958,1023
255879,959,1025
255880,960,1028
255881,962,1032
255882,963,1032
255883,960,1030
255884,960,1027
255885,959,1031
255886,958,1033
255887,962,1034
255888,967,1029
255889,962,1023
255890,956,1020
255891,951,1021
255892,953,1025
255893,956,1024
255894,960,1024
255895,957,1019
255896,955,1019
255897,957,1020
255898,959,1020
255899,960,1021
255900,958,1018
255901,956,1018
255902,957,1015
255903,957,1017
255904,961,1018
255905,965,1018
255906,965,1015
255907,966,1011
255908,962,1010
255909,961,1012
255910,962,1015
255911,966,1016
255912,967,1017
255913,964,1012
255914,962,1009
255915,960,1007
255916,960,1010
255917,966,1012
255918,974,1010
255919,975,1007
255920,973,1005
255921,973,1007
255922,975,1006
255923,974,1006
255924,977,1003
255925,978,998
255926,976,997
255927,978,996
255928,984,998
255929,988,998
255930,992,993
255931,992,992
255932,993,989
255933,991,988
255934,991,989
255935,996,990
255936,999,989
255937,1002,983
255938,1000,979
255939,1000,978
255940,1005,979
255941,1006,980
255942,1008,980
255943,1005,977
255944,1004,973
255945,1005,978
255946,1006,981
255947,1010,983
255948,1010,978
255949,1009,979
255950,1008,979
255951,1007,980
255952,1011,985
255953,1013,988
255954,1008,991
255955,1004,989
255956,1002,988
255957,1000,993
255958,1000,997
255959,999,1001
255960,996,1006
255961,994,1005
255962,989,1006
255963,986,1012
255964,984,1016
255965,985,1020
255966,982,1020
255967,978,1022
255968,972,1020
255969,971,1024
255970,970,1028
255971,972,1036
255972,973,1034
255973,968,1031
255974,964,1031
255975,965,1032
255976,964,1033
255977,964,1036
255978,961,1037
255979,962,1035
255980,960,1034
255981,959,1036
255982,961,1039
255983,966,1040
255984,969,1039
255985,964,1037
255986,961,1034
255987,961,1039
255988,966,1038
255989,971,1040
255990,973,1042
255991,971,1037
255992,966,1033
255993,966,1032
255994,967,1035
255995,972,1040
255996,976,1037
255997,974,1032
255998,972,1029
255999,972,1029
256000,974,1032
256001,976,1033
256002,979,1036
256003,979,1031
256004,979,1029
256005,980,1031
256006,984,1032
256007,987,1035
256008,985,1034
256009,983,1031
256010,979,1027
256011,980,1026
256012,981,1029
256013,984,1030
256014,983,1032
256015,979,1029
256016,976,1028
256017,978,1028
256018,981,1032
256019,983,1032
256020,980,1033
256021,978,1030
256022,976,1028
256023,973,1030
256024,974,1034
256025,974,1036
256026,978,1034
256027,975,1033
256028,975,1033
256029,974,1036
256030,972,1038
256031,976,1040
256032,978,1036
256033,977,1033
256034,977,1031
256035,976,1033
256036,975,1035
256037,973,1039
256038,976,1039
256039,974,1032
256040,974,1033
256041,974,1036
256042,973,1038
256043,977,1039
256044,976,1040
256045,973,1035
256046,974,1033
256047,973,1034
256048,975,1034
256049,977,1038
256050,976,1037
256051,974,1033
256052,971,1030
256053,970,1033
256054,972,1033
256055,977,1033
256056,976,1032
256057,977,1027
256058,977,1025
256059,976,1027
256060,977,1030
256061,980,1033
256062,979,1031
256063,981,1029
256064,976,1026
256065,975,1027
256066,975,1030
256067,980,1033
256068,979,1031
256069,980,1030
256070,979,1029
256071,977,1030
256072,977,1035
256073,978,1036
256074,980,1033
256075,976,1032
256076,972,1030
256077,968,1032
256078,971,1037
256079,974,1038
256080,972,1037
256081,973,1033
256082,970,1030
256083,970,1030
256084,973,1036
256085,975,1041
256086,975,1038
256087,972,1037
256088,967,1036
256089,967,1039
256090,968,1039
256091,971,1042
256092,976,1040
256093,976,1039
256094,973,1037
256095,969,1038
256096,975,1038
256097,978,1043
256098,980,1040
256099,975,1039
256100,972,1030
256101,973,1030
256102,974,1028
256103,985,1026
256104,997,1025
256105,1005,1022
256106,1014,1018
256107,1032,1018
256108,1058,1017
256109,1088,1013
256110,1125,1003
256111,1159,992
256112,1198,987
256113,1236,993
256114,1273,1008
256115,1299,1031
256116,1305,1049
256117,1281,1057
256118,1234,1053
256119,1173,1059
256120,1113,1069
256121,1054,1081
256122,1001,1086
256123,961,1087
256124,944,1081
256125,951,1074
256126,962,1065
256127,975,1058
256128,976,1048
256129,977,1041
256130,975,1034
256131,973,1031
256132,972,1035
256133,971,1036
256134,969,1034
256135,965,1033
256136,959,1031
256137,960,1033
256138,962,1035
256139,963,1039
256140,965,1038
256141,959,1039
256142,957,1036
256143,956,1035
256144,955,1041
256145,960,1044
256146,961,1043
256147,956,1039
256148,952,1036
256149,955,1037
256150,957,1038
256151,961,1041
256152,963,1041
256153,962,1037
256154,958,1033
256155,957,1037
256156,955,1040
256157,960,1041
256158,960,1040
256159,958,1035
256160,954,1033
256161,954,1031
256162,956,1034
256163,957,1035
256164,959,1034
256165,959,1029
256166,961,1028
256167,959,1030
256168,955,1034
256169,954,1034
256170,956,1035
256171,962,1031
256172,961,1024
256173,957,1023
256174,956,1026
256175,960,1028
256176,961,1026
256177,962,1021
256178,960,1014
256179,962,1019
256180,965,1021
256181,970,1023
256182,974,1022
256183,972,1016
256184,966,1012
256185,969,1011
256186,972,1015
256187,975,1016
256188,979,1012
256189,978,1007
256190,979,1004
256191,984,1005
256192,986,1007
256193,987,1007
256194,990,1007
256195,989,1002
256196,988,996
256197,987,997
256198,988,998
256199,992,999
256200,996,997
256201,997,995
256202,989,990
256203,987,994
256204,990,996
256205,998,997
256206,1001,995
256207,999,992
256208,996,991
256209,993,990
256210,994,992
256211,999,997
256212,1002,995
256213,1001,994
256214,998,995
256215,996,999
256216,993,998
256217,997,1001
256218,1002,1002
256219,1000,999
256220,991,1002
256221,986,1006
256222,986,1012
256223,990,1016
256224,994,1016
256225,993,1017
256226,991,1018
256227,984,1019
256228,984,1026
256229,984,1027
256230,985,1031
256231,980,1027
256232,978,1027
256233,974,1029
256234,979,1032
256235,979,1037
256236,979,1038
256237,975,1037
256238,969,1036
256239,968,1041
256240,969,1043
256241,974,1047
256242,975,1045
256243,977,1045
256244,968,1043
256245,969,1047
256246,972,1049
256247,976,1053
256248,974,1052
256249,969,1053
256250,966,1050
256251,968,1051
256252,971,1052
256253,975,1052
256254,977,1049
256255,975,1048
256256,967,1046
256257,968,1048
256258,971,1051
256259,978,1050
256260,980,1049
256261,979,1047
256262,976,1046
256263,975,1047
256264,977,1050
256265,981,1050
256266,986,1050
256267,991,1052
256268,992,1051
256269,992,1053
256270,997,1055
256271,1000,1058
256272,1004,1060
256273,1005,1057
256274,1012,1052
256275,1026,1045
256276,1043,1033
256277,1057,1020
256278,1069,1001
256279,1082,987
256280,1093,973
256281,1109,962
256282,1126,951
256283,1141,939
256284,1158,918
256285,1176,891
256286,1193,869
256287,1210,852
256288,1226,843
256289,1242,831
256290,1250,824
256291,1250,824
256292,1241,825
256293,1238,829
256294,1235,835
256295,1233,837
256296,1225,841
256297,1211,841
256298,1193,843
256299,1176,850
256300,1158,864
256301,1148,872
256302,1128,878
256303,1104,886
256304,1082,896
256305,1067,915
256306,1060,928
256307,1058,941
256308,1056,951
256309,1055,961
256310,1049,970
256311,1044,980
256312,1041,992
256313,1047,1002
256314,1058,1007
256315,1072,1011
256316,1084,1010
256317,1092,1011
256318,1085,1014
256319,1059,1024
256320,1014,1027
256321,967,1032
256322,932,1041
256323,917,1056
256324,912,1071
256325,912,1085
256326,908,1091
256327,901,1090
256328,897,1092
256329,892,1095
256330,891,1102
256331,890,1106
256332,887,1105
256333,886,1104
256334,880,1105
256335,879,1108
256336,882,1112
256337,888,1114
256338,889,1110
256339,884,1110
256340,879,1110
256341,873,1117
256342,874,1118
256343,875,1122
256344,874,1123
256345,868,1120
256346,867,1123
256347,866,1125
256348,867,1130
256349,866,1132
256350,864,1134
256351,859,1132
256352,854,1131
256353,851,1135
256354,849,1139
256355,850,1144
256356,849,1147
256357,843,1144
256358,841,1146
256359,837,1153
256360,835,1159
256361,836,1165
256362,836,1163
256363,832,1162
256364,828,1164
256365,826,1167
256366,824,1173
256367,826,1177
256368,826,1175
256369,824,1176
256370,822,1177
256371,825,1181
256372,830,1185
256373,838,1189
256374,841,1192
256375,839,1187
256376,839,1184
256377,841,1186
256378,844,1189
256379,848,1189
256380,848,1184
256381,852,1179
256382,855,1175
256383,858,1175
256384,865,1174
256385,871,1175
256386,879,1169
256387,882,1163
256388,888,1156
256389,892,1153
256390,898,1152
256391,902,1150
256392,908,1141
256393,907,1131
256394,909,1125
256395,909,1120
256396,916,1121
256397,923,1117
256398,925,1111
256399,930,1106
256400,931,1097
256401,935,1095
256402,938,1093
256403,939,1089
256404,940,1084
256405,940,1081
256406,940,1072
256407,942,1071
256408,942,1071
256409,947,1069
256410,946,1067
256411,947,1060
256412,947,1059
256413,949,1059
256414,953,1060
256415,955,1063
256416,954,1059
256417,952,1057
256418,952,1054
256419,953,1054
256420,955,1056
256421,961,1061
256422,961,1058
256423,956,1054
256424,953,1053
256425,950,1054
256426,952,1057
256427,958,1058
256428,961,1056
256429,959,1053
256430,956,1052
256431,957,1054
256432,965,1051
256433,968,1051
256434,973,1050
256435,968,1047
256436,969,1049
256437,967,1048
256438,972,1051
256439,973,1053
256440,973,1050
256441,969,1049
256442,964,1048
256443,963,1047
256444,969,1047
256445,974,1047
256446,978,1045
256447,981,1044
256448,978,1043
256449,974,1043
256450,974,1046
256451,975,1048
256452,974,1047
256453,973,1044
256454,972,1044
256455,967,1046
256456,969,1048
256457,973,1052
256458,973,1048
256459,971,1044
256460,968,1044
256461,965,1048
256462,966,1048
256463,968,1051
256464,970,1049
256465,971,1044
256466,969,1043
256467,968,1045
256468,973,1052
256469,973,1055
256470,971,1051
256471,968,1047
256472,966,1045
256473,966,1051
256474,970,1052
256475,972,1054
256476,974,1052
256477,971,1048
256478,967,1043
256479,964,1044
256480,969,1042
256481,974,1046
256482,975,1046
256483,971,1043
256484,970,1041
256485,971,1041
256486,974,1041
256487,977,1044
256488,976,1044
256489,976,1042
256490,968,1042
256491,968,1044
256492,965,1045
256493,968,1047
256494,966,1045
256495,966,1041
256496,965,1040
256497,964,1042
256498,966,1044
256499,969,1046
256500,971,1041
256501,973,1039
256502,971,1038
256503,972,1044
256504,975,1045
256505,974,1049
256506,974,1047
256507,971,1044
256508,970,1043
256509,970,1047
256510,972,1053
256511,973,1058
256512,971,1058
256513,974,1052
256514,972,1051
256515,970,1049
256516,973,1054
256517,976,1054
256518,977,1052
256519,973,1049
256520,972,1047
256521,974,1050
256522,973,1051
256523,975,1054
256524,975,1054
256525,972,1051
256526,968,1049
256527,971,1048
256528,976,1051
256529,976,1055
256530,973,1053
256531,970,1050
256532,966,1047
256533,967,1050
256534,969,1053
256535,974,1054
256536,972,1053
256537,973,1053
256538,970,1048
256539,969,1053
256540,970,1055
256541,975,1054
256542,975,1053
256543,969,1047
256544,969,1046
256545,972,1050
256546,976,1053
256547,977,1052
256548,973,1049
256549,974,1046
256550,970,1043
256551,974,1042
256552,978,1040
256553,978,1042
256554,980,1039
256555,978,1038
256556,976,1038
256557,978,1041
256558,981,1044
256559,980,1048
256560,978,1052
256561,973,1048
256562,972,1049
256563,971,1046
256564,975,1048
256565,976,1049
256566,976,1052
256567,976,1047
256568,974,1046
256569,973,1048
256570,972,1050
256571,971,1050
256572,975,1047
256573,976,1047
256574,970,1043
256575,966,1047
256576,969,1047
256577,972,1050
256578,976,1048
256579,977,1045
256580,973,1042
256581,970,1043
256582,970,1045
256583,971,1046
256584,971,1046
256585,969,1044
256586,968,1042
256587,973,1045
256588,977,1048
256589,986,1049
256590,989,1046
256591,983,1048
256592,976,1046
256593,971,1047
256594,974,1045
256595,978,1046
256596,979,1043
256597,979,1042
256598,976,1041
256599,976,1044
256600,980,1043
256601,983,1041
256602,986,1037
256603,990,1031
256604,996,1027
256605,1010,1028
256606,1029,1028
256607,1052,1031
256608,1080,1027
256609,1114,1021
256610,1151,1013
256611,1197,1013
256612,1253,1014
256613,1302,1023
256614,1342,1040
256615,1354,1056
256616,1337,1064
256617,1296,1068
256618,1239,1070
256619,1180,1076
256620,1117,1081
256621,1051,1083
256622,994,1083
256623,962,1083
256624,960,1085
256625,971,1077
256626,980,1067
256627,986,1055
256628,982,1050
256629,979,1048
256630,977,1049
256631,978,1052
256632,975,1050
256633,972,1044
256634,966,1041
256635,965,1045
256636,965,1046
256637,967,1052
256638,967,1052
256639,966,1050
256640,959,1047
256641,959,1045
256642,960,1047
256643,961,1049
256644,957,1048
256645,957,1046
256646,957,1044
256647,956,1047
256648,958,1050
256649,959,1052
256650,958,1053
256651,955,1050
256652,956,1048
256653,956,1049
256654,957,1051
256655,959,1052
256656,958,1052
256657,954,1047
256658,955,1042
256659,956,1043
256660,959,1047
256661,960,1050
256662,960,1049
256663,958,1047
256664,958,1044
256665,953,1045
256666,955,1047
256667,958,1048
256668,957,1045
256669,956,1041
256670,953,1042
256671,952,1045
256672,953,1045
256673,957,1048
256674,958,1043
256675,952,1040
256676,955,1039
256677,955,1042
256678,959,1042
256679,962,1042
256680,964,1044
256681,967,1035
256682,964,1033
256683,962,1032
256684,964,1033
256685,966,1033
256686,974,1031
256687,977,1029
256688,975,1025
256689,977,1027
256690,980,1027
256691,979,1026
256692,981,1024
256693,986,1022
256694,989,1018
256695,991,1016
256696,990,1020
256697,990,1026
256698,995,1020
256699,996,1017
256700,998,1017
256701,998,1018
256702,997,1017
256703,999,1018
256704,1001,1019
256705,998,1018
256706,994,1017
256707,997,1018
256708,1002,1019
256709,1005,1021
256710,1002,1016
256711,1000,1012
256712,998,1012
256713,1003,1015
256714,1004,1017
256715,1009,1021
256716,1008,1021
256717,1008,1017
256718,1005,1019
256719,1005,1022
256720,1007,1023
256721,1008,1027
256722,1012,1026
256723,1008,1028
256724,1002,1030
256725,1002,1035
256726,1002,1035
256727,1001,1039
256728,999,1036
256729,995,1038
256730,995,1036
256731,995,1041
256732,997,1044
256733,996,1048
256734,994,1046
256735,990,1047
256736,984,1044
256737,986,1047
256738,991,1052
256739,993,1053
256740,988,1052
256741,983,1051
256742,980,1050
256743,982,1052
256744,986,1056
256745,989,1057
256746,987,1057
256747,987,1055
256748,984,1056
256749,985,1060
256750,987,1064
256751,988,1067
256752,986,1062
256753,982,1058
256754,980,1055
256755,983,1054
256756,986,1059
256757,988,1062
256758,986,1059
256759,982,1055
256760,977,1054
256761,979,1055
256762,981,1056
256763,983,1057
256764,984,1057
256765,982,1055
256766,979,1053
256767,983,1057
256768,986,1055
256769,987,1054
256770,985,1051
256771,983,1049
256772,986,1050
256773,985,1052
256774,991,1053
256775,994,1059
256776,992,1054
256777,993,1051
256778,987,1049
256779,989,1051
256780,994,1052
256781,996,1055
256782,994,1051
256783,993,1048
256784,991,1047
256785,989,1050
256786,994,1047
256787,996,1051
256788,996,1048
256789,994,1045
256790,993,1042
256791,993,1045
256792,993,1048
256793,995,1050
256794,995,1050
256795,993,1045
256796,989,1044
256797,989,1045
256798,989,1053
256799,992,1053
256800,994,1049
256801,992,1047
256802,989,1046
256803,986,1049
256804,988,1051
256805,990,1050
256806,992,1050
256807,987,1047
256808,984,1051
256809,982,1051
256810,984,1056
256811,989,1056
256812,987,1053
256813,988,1049
256814,986,1046
256815,985,1052
256816,984,1051
256817,986,1054
256818,986,1053
256819,986,1051
256820,980,1051
256821,980,1052
256822,982,1054
256823,985,1053
256824,984,1052
256825,981,1051
256826,978,1051
256827,980,1055
256828,983,1058
256829,985,1060
256830,985,1055
256831,983,1052
256832,979,1052
256833,980,1054
256834,982,1057
256835,984,1060
256836,986,1055
256837,985,1055
256838,979,1053
256839,979,1057
256840,983,1060
256841,994,1061
256842,995,1057
256843,991,1052
256844,985,1050
256845,980,1052
256846,981,1055
256847,985,1055
256848,988,1053
256849,988,1049
256850,986,1048
256851,986,1049
256852,988,1054
256853,988,1052
256854,988,1056
256855,986,1053
256856,983,1051
256857,985,1053
256858,987,1059
256859,987,1057
256860,991,1055
256861,988,1051
256862,984,1050
256863,983,1051
256864,985,1054
256865,988,1054
256866,992,1054
256867,991,1052
256868,988,1051
256869,985,1053
256870,986,1059
256871,993,1059
256872,995,1057
256873,990,1055
256874,986,1050
256875,990,1050
256876,988,1050
256877,989,1054
256878,992,1048
256879,992,1041
256880,995,1037
256881,1005,1039
256882,1023,1042
256883,1044,1043
256884,1066,1041
256885,1088,1035
256886,1124,1026
256887,1165,1022
256888,1212,1023
256889,1258,1027
256890,1303,1037
256891,1335,1053
256892,1344,1065
256893,1328,1079
256894,1291,1077
256895,1235,1083
256896,1168,1089
256897,1101,1097
256898,1029,1101
256899,979,1103
256900,963,1105
256901,971,1099
256902,984,1084
256903,993,1068
256904,994,1061
256905,995,1059
256906,994,1057
256907,991,1058
256908,985,1054
256909,977,1052
256910,975,1049
256911,972,1051
256912,972,1054
256913,971,1055
256914,973,1053
256915,968,1049
256916,966,1050
256917,968,1052
256918,969,1055
256919,969,1061
256920,966,1060
256921,963,1057
256922,959,1055
256923,963,1055
256924,965,1056
256925,970,1052
256926,967,1050
256927,962,1048
256928,959,1047
256929,961,1050
256930,961,1053
256931,965,1055
256932,965,1052
256933,964,1051
256934,961,1052
256935,961,1054
256936,964,1057
256937,963,1059
256938,964,1058
256939,963,1058
256940,961,1058
256941,961,1059
256942,966,1063
256943,967,1061
256944,965,1061
256945,963,1059
256946,963,1060
256947,961,1062
256948,963,1059
256949,967,1058
256950,968,1051
256951,968,1047
256952,965,1042
256953,966,1042
256954,969,1044
256955,972,1043
256956,973,1043
256957,974,1041
256958,970,1036
256959,971,1034
256960,976,1035
256961,978,1035
256962,981,1032
256963,978,1028
256964,975,1025
256965,975,1024
256966,977,1026
256967,980,1026
256968,982,1023
256969,980,1020
256970,980,1015
256971,981,1015
256972,984,1016
256973,988,1018
256974,991,1016
256975,986,1011
256976,988,1010
256977,985,1014
256978,992,1017
256979,993,1016
256980,996,1014
256981,993,1011
256982,993,1012
256983,993,1016
256984,997,1017
256985,1003,1020
256986,1003,1018
256987,1003,1019
256988,999,1018
256989,1001,1024
256990,1003,1030
256991,1009,1033
256992,1008,1033
256993,1007,1032
256994,1002,1033
256995,1002,1036
256996,1004,1045
256997,1005,1043
256998,1003,1042
256999,999,1040
257000,995,1038
257001,993,1041
257002,992,1047
257003,992,1050
257004,992,1049
257005,990,1049
257006,988,1049
257007,988,1053
257008,987,1054
257009,987,1056
257010,988,1055
257011,984,1054
257012,981,1056
257013,979,1060
257014,981,1061
257015,982,1061
257016,981,1064
257017,977,1062
257018,976,1061
257019,977,1062
257020,976,1066
257021,975,1064
257022,972,1066
257023,971,1063
257024,974,1061
257025,975,1063
257026,978,1066
257027,978,1067
257028,978,1066
257029,977,1063
257030,973,1062
257031,973,1065
257032,976,1071
257033,978,1070
257034,981,1066
257035,984,1064
257036,981,1066
257037,984,1067
257038,988,1072
257039,993,1072
257040,998,1076
257041,998,1073
257042,999,1073
257043,1002,1077
257044,1005,1082
257045,1013,1085
257046,1017,1084
257047,1020,1082
257048,1027,1072
257049,1042,1065
257050,1057,1048
257051,1071,1034
257052,1083,1017
257053,1092,1002
257054,1107,985
257055,1124,974
257056,1139,960
257057,1162,948
257058,1185,924
257059,1201,897
257060,1218,873
257061,1237,857
257062,1254,844
257063,1274,832
257064,1283,821
257065,1281,815
257066,1277,812
257067,1278,814
257068,1280,815
257069,1279,813
257070,1273,813
257071,1262,811
257072,1244,811
257073,1224,819
257074,1208,829
257075,1193,838
257076,1173,847
257077,1150,856
257078,1128,866
257079,1114,880
257080,1107,899
257081,1102,918
257082,1098,931
257083,1095,940
257084,1086,952
257085,1083,968
257086,1085,981
257087,1091,991
257088,1102,998
257089,1115,997
257090,1129,1001
257091,1140,1006
257092,1139,1014
257093,1114,1026
257094,1061,1035
257095,1004,1046
257096,959,1055
257097,941,1072
257098,933,1087
257099,931,1101
257100,926,1109
257101,918,1108
257102,909,1107
257103,906,1114
257104,906,1120
257105,904,1125
257106,898,1124
257107,899,1123
257108,892,1124
257109,887,1128
257110,888,1131
257111,886,1135
257112,887,1135
257113,885,1135
257114,881,1136
257115,878,1139
257116,877,1144
257117,880,1149
257118,876,1151
257119,872,1147
257120,863,1149
257121,860,1153
257122,863,1158
257123,862,1160
257124,860,1161
257125,856,1159
257126,849,1162
257127,849,1166
257128,845,1171
257129,845,1169
257130,843,1172
257131,837,1173
257132,832,1176
257133,834,1181
257134,838,1187
257135,841,1188
257136,837,1191
257137,833,1190
257138,831,1189
257139,833,1194
257140,836,1200
257141,838,1206
257142,835,1205
257143,834,1206
257144,832,1207
257145,835,1209
257146,837,1214
257147,841,1220
257148,844,1221
257149,840,1220
257150,843,1217
257151,844,1221
257152,850,1219
257153,854,1221
257154,863,1219
257155,866,1211
257156,868,1209
257157,872,1204
257158,880,1204
257159,887,1204
257160,891,1196
257161,894,1192
257162,897,1182
257163,903,1179
257164,910,1178
257165,917,1174
257166,920,1166
257167,923,1158
257168,924,1152
257169,924,1148
257170,932,1141
257171,939,1138
257172,943,1129
257173,943,1121
257174,943,1117
257175,946,1113
257176,950,1108
257177,952,1106
257178,950,1102
257179,951,1097
257180,945,1091
257181,950,1090
257182,952,1089
257183,957,1088
257184,956,1083
257185,956,1078
257186,955,1072
257187,953,1074
257188,955,1074
257189,959,1074
257190,957,1067
257191,952,1065
257192,950,1062
257193,952,1062
257194,953,1065
257195,956,1066
257196,959,1063
257197,954,1063
257198,955,1062
257199,957,1061
257200,960,1062
257201,964,1066
257202,962,1064
257203,963,1062
257204,960,1061
257205,958,1061
257206,958,1063
257207,963,1062
257208,961,1061
257209,959,1056
257210,955,1059
257211,958,1060
257212,963,1060
257213,968,1064
257214,965,1060
257215,963,1057
257216,961,1055
257217,961,1054
257218,967,1058
257219,970,1057
257220,970,1056
257221,970,1055
257222,969,1055
257223,969,1055
257224,971,1055
257225,977,1058
257226,975,1053
257227,974,1051
257228,968,1050
257229,967,1054
257230,970,1053
257231,971,1056
257232,972,1058
257233,974,1054
257234,972,1053
257235,970,1053
257236,972,1057
257237,976,1058
257238,974,1056
257239,971,1052
257240,970,1050
257241,971,1053
257242,975,1057
257243,977,1056
257244,976,1053
257245,976,1050
257246,973,1052
257247,972,1057
257248,974,1058
257249,976,1060
257250,981,1058
257251,979,1057
257252,975,1053
257253,976,1054
257254,979,1058
257255,982,1061
257256,982,1059
257257,977,1053
257258,975,1051
257259,975,1055
257260,978,1060
257261,981,1059
257262,981,1057
257263,973,1055
257264,975,1052
257265,972,1056
257266,975,1059
257267,981,1059
257268,981,1055
257269,980,1053
257270,976,1050
257271,978,1053
257272,981,1055
257273,984,1058
257274,982,1054
257275,977,1052
257276,974,1049
257277,975,1051
257278,978,1052
257279,982,1052
257280,981,1052
257281,977,1050
257282,974,1050
257283,972,1051
257284,975,1054
257285,977,1056
257286,977,1054
257287,975,1052
257288,973,1050
257289,976,1051
257290,979,1054
257291,984,1057
257292,981,1055
257293,979,1053
257294,976,1052
257295,978,1054
257296,980,1056
257297,982,1056
257298,982,1054
257299,980,1049
257300,981,1049
257301,981,1052
257302,980,1055
257303,982,1060
257304,981,1058
257305,982,1056
257306,979,1056
257307,980,1057
257308,981,1060
257309,986,1059
257310,985,1053
257311,985,1048
257312,982,1048
257313,981,1050
257314,981,1050
257315,981,1054
257316,984,1051
257317,985,1048
257318,983,1050
257319,981,1048
257320,983,1048
257321,984,1052
257322,985,1047
257323,982,1045
257324,979,1046
257325,978,1047
257326,984,1051
257327,983,1049
257328,985,1047
257329,983,1042
257330,979,1043
257331,979,1043
257332,983,1043
257333,986,1042
257334,991,1039
257335,997,1035
257336,1009,1033
257337,1028,1033
257338,1052,1032
257339,1083,1031
257340,1119,1022
257341,1157,1012
257342,1201,1007
257343,1245,1012
257344,1293,1027
257345,1326,1050
257346,1334,1066
257347,1312,1072
257348,1259,1072
257349,1191,1076
257350,1129,1084
257351,1074,1094
257352,1013,1095
257353,970,1094
257354,956,1089
257355,966,1077
257356,985,1065
257357,994,1056
257358,997,1054
257359,993,1047
257360,986,1046
257361,983,1048
257362,981,1048
257363,979,1050
257364,975,1047
257365,972,1048
257366,969,1048
257367,968,1052
257368,968,1055
257369,970,1058
257370,969,1054
257371,966,1051
257372,966,1048
257373,968,1048
257374,971,1048
257375,971,1048
257376,964,1045
257377,950,1048
257378,940,1051
257379,942,1058
257380,949,1064
257381,957,1061
257382,963,1054
257383,964,1050
257384,962,1047
257385,960,1054
257386,957,1055
257387,957,1051
257388,952,1042
257389,947,1037
257390,949,1039
257391,954,1044
257392,960,1048
257393,959,1044
257394,951,1039
257395,944,1036
257396,940,1039
257397,940,1040
257398,950,1045
257399,959,1047
257400,962,1046
257401,966,1044
257402,974,1037
257403,982,1037
257404,985,1038
257405,981,1036
257406,969,1038
257407,952,1043
257408,940,1051
257409,941,1057
257410,946,1058
257411,957,1055
257412,961,1043
257413,964,1031
257414,968,1020
257415,970,1019
257416,971,1020
257417,972,1026
257418,972,1034
257419,970,1036
257420,971,1033
257421,971,1028
257422,975,1023
257423,981,1012
257424,984,1004
257425,982,999
257426,980,996
257427,980,996
257428,985,998
257429,985,1002
257430,986,1000
257431,986,1000
257432,983,1000
257433,987,998
257434,992,1003
257435,995,1003
257436,996,1000
257437,993,1000
257438,993,1004
257439,994,1006
257440,997,1012
257441,1002,1018
257442,1004,1018
257443,1007,1016
257444,1009,1016
257445,1008,1022
257446,1008,1023
257447,1003,1028
257448,994,1029
257449,983,1030
257450,979,1032
257451,981,1039
257452,983,1040
257453,985,1043
257454,989,1044
257455,986,1043
257456,983,1042
257457,979,1046
257458,982,1050
257459,983,1050
257460,978,1048
257461,969,1046
257462,962,1047
257463,962,1050
257464,965,1054
257465,970,1053
257466,972,1050
257467,971,1047
257468,968,1045
257469,965,1046
257470,963,1050
257471,966,1051
257472,965,1051
257473,966,1048
257474,966,1045
257475,967,1048
257476,978,1045
257477,985,1044
257478,986,1043
257479,980,1039
257480,973,1042
257481,963,1046
257482,961,1050
257483,962,1053
257484,963,1053
257485,964,1055
257486,965,1052
257487,969,1054
257488,972,1055
257489,977,1059
257490,975,1054
257491,972,1053
257492,970,1052
257493,972,1051
257494,978,1054
257495,981,1057
257496,979,1054
257497,978,1052
257498,976,1048
257499,975,1051
257500,978,1052
257501,983,1051
257502,979,1049
257503,974,1048
257504,973,1048
257505,974,1050
257506,977,1050
257507,980,1051
257508,980,1048
257509,980,1044
257510,978,1043
257511,976,1047
257512,978,1052
257513,983,1051
257514,982,1050
257515,977,1047
257516,971,1047
257517,967,1048
257518,970,1050
257519,974,1053
257520,976,1052
257521,975,1049
257522,975,1049
257523,973,1050
257524,973,1055
257525,975,1055
257526,976,1054
257527,975,1051
257528,970,1050
257529,971,1052
257530,973,1055
257531,977,1055
257532,977,1056
257533,975,1050
257534,978,1050
257535,982,1054
257536,987,1057
257537,988,1057
257538,980,1057
257539,969,1056
257540,968,1061
257541,971,1063
257542,977,1068
257543,979,1072
257544,976,1077
257545,975,1080
257546,972,1080
257547,973,1082
257548,978,1082
257549,990,1075
257550,1002,1060
257551,1022,1040
257552,1046,1025
257553,1076,1014
257554,1121,1005
257555,1168,999
257556,1222,999
257557,1266,1010
257558,1300,1030
257559,1311,1056
257560,1287,1068
257561,1235,1068
257562,1166,1068
257563,1091,1077
257564,1018,1088
257565,957,1097
257566,932,1104
257567,934,1098
257568,949,1085
257569,962,1068
257570,967,1059
257571,970,1054
257572,975,1051
257573,977,1052
257574,974,1049
257575,968,1049
257576,966,1049
257577,963,1047
257578,967,1050
257579,969,1052
257580,960,1047
257581,949,1049
257582,937,1051
257583,933,1053
257584,939,1057
257585,946,1060
257586,948,1055
257587,946,1055
257588,945,1052
257589,944,1055
257590,945,1058
257591,949,1060
257592,951,1058
257593,950,1057
257594,946,1056
257595,945,1056
257596,946,1059
257597,948,1060
257598,947,1062
257599,943,1064
257600,941,1067
257601,944,1073
257602,946,1078
257603,950,1072
257604,952,1066
257605,953,1059
257606,953,1052
257607,951,1051
257608,951,1055
257609,953,1055
257610,953,1050
257611,950,1045
257612,948,1038
257613,949,1034
257614,948,1034
257615,953,1035
257616,956,1034
257617,956,1031
257618,955,1028
257619,957,1029
257620,956,1031
257621,954,1030
257622,953,1030
257623,949,1026
257624,947,1022
257625,953,1023
257626,957,1023
257627,965,1021
257628,964,1014
257629,958,1010
257630,955,1007
257631,950,1010
257632,956,1010
257633,963,1012
257634,964,1006
257635,964,1004
257636,956,999
257637,951,1002
257638,958,1006
257639,963,1007
257640,968,1006
257641,966,1000
257642,962,1002
257643,962,1003
257644,966,1007
257645,975,1010
257646,978,1007
257647,977,1005
257648,973,1008
257649,973,1011
257650,979,1016
257651,981,1019
257652,978,1021
257653,976,1019
257654,978,1017
257655,978,1020
257656,983,1025
257657,988,1029
257658,991,1029
257659,991,1028
257660,986,1027
257661,980,1034
257662,975,1040
257663,976,1046
257664,972,1047
257665,969,1048
257666,965,1050
257667,966,1053
257668,968,1057
257669,971,1061
257670,966,1062
257671,966,1059
257672,961,1059
257673,963,1061
257674,965,1062
257675,965,1063
257676,962,1062
257677,963,1061
257678,963,1063
257679,961,1066
257680,959,1069
257681,960,1072
257682,961,1069
257683,960,1064
257684,960,1062
257685,956,1064
257686,963,1066
257687,969,1064
257688,973,1062
257689,967,1058
257690,958,1060
257691,955,1062
257692,960,1064
257693,966,1065
257694,968,1060
257695,966,1060
257696,966,1058
257697,969,1057
257698,974,1057
257699,978,1057
257700,972,1058
257701,961,1053
257702,956,1053
257703,959,1058
257704,966,1060
257705,973,1060
257706,972,1056
257707,969,1056
257708,967,1056
257709,970,1057
257710,973,1060
257711,972,1066
257712,966,1066
257713,965,1070
257714,968,1068
257715,973,1069
257716,971,1072
257717,969,1076
257718,967,1076
257719,968,1069
257720,968,1063
257721,971,1058
257722,971,1056
257723,974,1056
257724,973,1055
257725,969,1051
257726,965,1050
257727,965,1049
257728,966,1054
257729,971,1057
257730,972,1055
257731,969,1051
257732,968,1050
257733,965,1052
257734,970,1057
257735,977,1055
257736,982,1053
257737,987,1050
257738,986,1045
257739,975,1045
257740,959,1048
257741,953,1054
257742,951,1055
257743,952,1055
257744,957,1052
257745,962,1055
257746,966,1055
257747,972,1055
257748,971,1050
257749,967,1049
257750,963,1048
257751,961,1052
257752,962,1055
257753,963,1058
257754,963,1058
257755,962,1055
257756,962,1053
257757,961,1056
257758,965,1060
257759,971,1063
257760,971,1062
257761,972,1059
257762,969,1060
257763,968,1065
257764,970,1071
257765,974,1073
257766,972,1069
257767,971,1066
257768,970,1061
257769,973,1062
257770,975,1063
257771,977,1060
257772,979,1060
257773,974,1054
257774,970,1051
257775,974,1051
257776,980,1045
257777,989,1048
257778,1000,1046
257779,1011,1041
257780,1022,1036
257781,1046,1038
257782,1083,1030
257783,1120,1021
257784,1160,1010
257785,1201,1009
257786,1242,1019
257787,1284,1045
257788,1312,1070
257789,1312,1079
257790,1271,1074
257791,1199,1071
257792,1117,1080
257793,1041,1094
257794,980,1108
257795,943,1116
257796,935,1114
257797,941,1102
257798,955,1088
257799,963,1074
257800,964,1068
257801,963,1067
257802,959,1061
257803,956,1060
257804,952,1063
257805,949,1066
257806,952,1064
257807,951,1064
257808,952,1061
257809,952,1056
257810,951,1054
257811,955,1054
257812,954,1059
257813,956,1059
257814,954,1059
257815,953,1056
257816,953,1058
257817,952,1063
257818,953,1069
257819,956,1067
257820,952,1062
257821,950,1054
257822,949,1050
257823,951,1046
257824,956,1050
257825,959,1051
257826,958,1051
257827,954,1051
257828,953,1051
257829,953,1053
257830,956,1054
257831,960,1053
257832,960,1049
257833,953,1048
257834,948,1050
257835,950,1051
257836,953,1054
257837,959,1055
257838,957,1053
257839,955,1048
257840,953,1051
257841,955,1050
257842,958,1052
257843,962,1052
257844,960,1052
257845,963,1047
257846,962,1045
257847,960,1046
257848,961,1050
257849,964,1050
257850,966,1046
257851,967,1042
257852,966,1039
257853,969,1041
257854,972,1041
257855,978,1037
257856,980,1036
257857,973,1029
257858,965,1030
257859,956,1033
257860,961,1036
257861,970,1035
257862,976,1030
257863,973,1027
257864,970,1022
257865,969,1020
257866,977,1024
257867,980,1027
257868,983,1030
257869,984,1033
257870,983,1035
257871,985,1033
257872,982,1030
257873,985,1030
257874,984,1030
257875,982,1027
257876,983,1020
257877,985,1012
257878,993,1006
257879,998,1000
257880,999,993
257881,993,995
257882,989,996
257883,989,1001
257884,993,1008
257885,998,1012
257886,1001,1012
257887,1001,1015
257888,1003,1018
257889,1002,1023
257890,999,1031
257891,999,1039
257892,995,1040
257893,992,1043
257894,992,1046
257895,994,1049
257896,998,1050
257897,1001,1051
257898,1001,1048
257899,1004,1046
257900,1003,1049
257901,1003,1051
257902,997,1057
257903,995,1067
257904,990,1069
257905,987,1074
257906,980,1075
257907,971,1077
257908,969,1082
257909,970,1087
257910,977,1093
257911,980,1084
257912,977,1069
257913,979,1059
257914,985,1053
257915,988,1054
257916,987,1057
257917,984,1059
257918,978,1067
257919,980,1071
257920,986,1072
257921,988,1068
257922,987,1058
257923,982,1054
257924,981,1049
257925,984,1057
257926,988,1060
257927,990,1060
257928,989,1056
257929,990,1055
257930,988,1057
257931,988,1059
257932,991,1060
257933,991,1062
257934,990,1061
257935,987,1060
257936,982,1059
257937,982,1061
257938,986,1064
257939,990,1066
257940,993,1062
257941,994,1060
257942,994,1060
257943,993,1062
257944,996,1064
257945,999,1065
257946,1000,1063
257947,997,1059
257948,991,1057
257949,992,1062
257950,994,1064
257951,998,1063
257952,998,1062
257953,995,1056
257954,993,1058
257955,991,1059
257956,992,1061
257957,995,1062
257958,996,1060
257959,998,1057
257960,994,1055
257961,994,1058
257962,995,1062
257963,994,1064
257964,991,1064
257965,989,1060
257966,987,1058
257967,988,1061
257968,993,1063
257969,998,1060
257970,1002,1057
257971,1004,1055
257972,1004,1060
257973,1000,1061
257974,991,1063
257975,990,1064
257976,989,1067
257977,989,1066
257978,987,1067
257979,989,1070
257980,993,1073
257981,993,1076
257982,995,1078
257983,989,1073
257984,988,1063
257985,988,1058
257986,996,1053
257987,997,1054
257988,997,1056
257989,996,1055
257990,991,1055
257991,992,1058
257992,993,1063
257993,1000,1064
257994,1004,1062
257995,1000,1058
257996,1000,1057
257997,998,1059
257998,999,1060
257999,1004,1058
258000,1009,1053
258001,1016,1047
258002,1025,1045
258003,1042,1046
258004,1063,1047
258005,1096,1047
258006,1133,1036
258007,1173,1024
258008,1211,1020
258009,1255,1023
258010,1298,1032
258011,1332,1053
258012,1341,1067
258013,1324,1075
258014,1280,1074
258015,1215,1078
258016,1144,1088
258017,1079,1102
258018,1015,1106
258019,970,1108
258020,957,1107
258021,960,1101
258022,971,1091
258023,986,1084
258024,994,1075
258025,993,1071
258026,988,1070
258027,984,1071
258028,983,1078
258029,982,1080
258030,979,1084
258031,977,1076
258032,972,1068
258033,972,1066
258034,976,1063
258035,977,1065
258036,974,1067
258037,971,1070
258038,966,1082
258039,961,1096
258040,962,1101
258041,967,1092
258042,968,1070
258043,968,1053
258044,967,1042
258045,968,1043
258046,973,1050
258047,977,1053
258048,973,1056
258049,968,1054
258050,964,1056
258051,963,1059
258052,965,1063
258053,966,1063
258054,965,1061
258055,963,1060
258056,961,1059
258057,964,1063
258058,972,1062
258059,984,1060
258060,983,1058
258061,979,1054
258062,963,1054
258063,953,1060
258064,952,1064
258065,958,1069
258066,962,1072
258067,959,1072
258068,959,1072
258069,962,1074
258070,968,1072
258071,977,1067
258072,978,1058
258073,974,1052
258074,972,1052
258075,971,1052
258076,974,1055
258077,978,1057
258078,979,1056
258079,975,1051
258080,976,1044
258081,977,1038
258082,983,1035
258083,986,1032
258084,987,1029
258085,984,1025
258086,984,1027
258087,988,1029
258088,990,1033
258089,995,1030
258090,995,1025
258091,990,1020
258092,989,1019
258093,989,1022
258094,992,1023
258095,994,1023
258096,995,1021
258097,992,1020
258098,992,1019
258099,993,1019
258100,999,1022
258101,997,1021
258102,996,1022
258103,994,1023
258104,988,1023
258105,991,1025
258106,994,1029
258107,1002,1031
258108,999,1028
258109,999,1027
258110,997,1033
258111,996,1038
258112,996,1041
258113,997,1044
258114,994,1046
258115,992,1047
258116,992,1045
258117,993,1050
258118,993,1053
258119,997,1056
258120,990,1058
258121,988,1057
258122,982,1057
258123,981,1063
258124,981,1067
258125,985,1066
258126,980,1068
258127,976,1063
258128,977,1063
258129,976,1067
258130,980,1071
258131,980,1071
258132,980,1071
258133,978,1070
258134,977,1069
258135,978,1071
258136,979,1074
258137,979,1076
258138,977,1075
258139,975,1073
258140,974,1075
258141,976,1074
258142,980,1076
258143,982,1079
258144,982,1076
258145,979,1074
258146,980,1074
258147,981,1077
258148,982,1078
258149,982,1081
258150,985,1077
258151,985,1074
258152,983,1075
258153,978,1076
258154,977,1079
258155,977,1079
258156,978,1077
258157,978,1071
258158,976,1067
258159,975,1072
258160,980,1073
258161,983,1073
258162,983,1071
258163,980,1070
258164,981,1067
258165,980,1070
258166,983,1072
258167,987,1073
258168,984,1069
258169,983,1067
258170,980,1065
258171,979,1067
258172,983,1072
258173,986,1071
258174,987,1070
258175,982,1069
258176,977,1068
258177,977,1070
258178,978,1075
258179,983,1078
258180,982,1080
258181,985,1080
258182,980,1078
258183,982,1076
258184,986,1077
258185,989,1072
258186,985,1067
258187,981,1063
258188,976,1065
258189,980,1070
258190,984,1074
258191,985,1073
258192,985,1068
258193,982,1062
258194,984,1059
258195,985,1058
258196,988,1060
258197,989,1060
258198,986,1058
258199,985,1060
258200,981,1059
258201,983,1063
258202,984,1068
258203,986,1068
258204,983,1066
258205,983,1067
258206,980,1066
258207,980,1069
258208,980,1069
258209,986,1072
258210,984,1072
258211,982,1069
258212,980,1068
258213,980,1071
258214,982,1074
258215,986,1074
258216,985,1072
258217,979,1067
258218,970,1069
258219,968,1071
258220,976,1072
258221,982,1072
258222,981,1069
258223,978,1068
258224,975,1069
258225,975,1069
258226,979,1074
258227,983,1074
258228,982,1074
258229,980,1069
258230,979,1066
258231,976,1067
258232,979,1070
258233,982,1072
258234,983,1072
258235,981,1068
258236,977,1067
258237,977,1068
258238,977,1068
258239,986,1068
258240,993,1063
258241,1000,1058
258242,1004,1057
258243,1014,1058
258244,1022,1057
258245,1039,1058
258246,1065,1051
258247,1091,1042
258248,1121,1032
258249,1159,1027
258250,1199,1028
258251,1245,1034
258252,1286,1039
258253,1315,1056
258254,1320,1076
258255,1304,1090
258256,1261,1098
258257,1203,1103
258258,1138,1116
258259,1077,1129
258260,1018,1136
258261,974,1138
258262,953,1130
258263,957,1115
258264,964,1098
258265,973,1082
258266,976,1071
258267,983,1068
258268,988,1067
258269,988,1066
258270,980,1062
258271,972,1062
258272,969,1062
258273,970,1064
258274,972,1069
258275,974,1068
258276,972,1069
258277,969,1065
258278,964,1067
258279,967,1072
258280,969,1075
258281,969,1076
258282,969,1074
258283,966,1072
258284,960,1070
258285,956,1071
258286,950,1077
258287,952,1078
258288,951,1074
258289,955,1074
258290,954,1073
258291,954,1074
258292,957,1077
258293,962,1078
258294,960,1076
258295,960,1064
258296,958,1066
258297,957,1066
258298,958,1068
258299,960,1062
258300,960,1062
258301,957,1063
258302,958,1063
258303,958,1065
258304,959,1065
258305,960,1066
258306,960,1062
258307,959,1059
258308,957,1056
258309,955,1059
258310,955,1062
258311,959,1062
258312,956,1059
258313,954,1055
258314,955,1057
258315,956,1056
258316,963,1056
258317,966,1054
258318,966,1053
258319,964,1050
258320,961,1049
258321,965,1052
258322,965,1053
258323,968,1051
258324,968,1047
258325,969,1044
258326,967,1041
258327,967,1039
258328,966,1042
258329,968,1038
258330,970,1037
258331,969,1034
258332,970,1034
258333,973,1035
258334,978,1036
258335,979,1034
258336,978,1029
258337,979,1026
258338,978,1025
258339,978,1025
258340,983,1030
258341,986,1026
258342,986,1026
258343,983,1023
258344,984,1020
258345,982,1024
258346,984,1025
258347,987,1026
258348,988,1024
258349,986,1022
258350,986,1024
258351,989,1024
258352,992,1028
258353,994,1030
258354,994,1028
258355,992,1027
258356,992,1028
258357,994,1035
258358,998,1038
258359,998,1041
258360,999,1041
258361,998,1039
258362,998,1044
258363,996,1047
258364,996,1052
258365,997,1053
258366,995,1054
258367,991,1054
258368,989,1054
258369,986,1058
258370,985,1061
258371,986,1065
258372,984,1060
258373,981,1063
258374,974,1062
258375,975,1067
258376,975,1071
258377,975,1073
258378,973,1071
258379,974,1067
258380,976,1065
258381,976,1071
258382,979,1074
258383,980,1074
258384,984,1074
258385,979,1071
258386,977,1072
258387,980,1075
258388,982,1075
258389,981,1076
258390,977,1075
258391,975,1075
258392,973,1075
258393,971,1078
258394,973,1080
258395,977,1080
258396,978,1080
258397,978,1075
258398,981,1075
258399,988,1075
258400,990,1080
258401,988,1077
258402,988,1074
258403,984,1072
258404,982,1072
258405,983,1073
258406,985,1075
258407,991,1076
258408,991,1075
258409,989,1069
258410,985,1069
258411,982,1072
258412,979,1074
258413,983,1074
258414,984,1074
258415,981,1069
258416,982,1067
258417,983,1070
258418,986,1073
258419,985,1073
258420,984,1069
258421,977,1067
258422,978,1068
258423,981,1070
258424,984,1071
258425,988,1072
258426,987,1071
258427,985,1067
258428,980,1069
258429,979,1072
258430,981,1074
258431,986,1071
258432,984,1071
258433,983,1069
258434,981,1067
258435,984,1071
258436,986,1071
258437,992,1074
258438,989,1070
258439,984,1069
258440,977,1068
258441,976,1068
258442,981,1072
258443,985,1071
258444,985,1069
258445,986,1067
258446,984,1067
258447,985,1066
258448,988,1071
258449,991,1072
258450,985,1071
258451,983,1069
258452,980,1070
258453,983,1073
258454,983,1076
258455,980,1075
258456,978,1073
258457,979,1072
258458,981,1072
258459,980,1076
258460,980,1080
258461,975,1079
258462,972,1076
258463,971,1076
258464,975,1074
258465,977,1076
258466,978,1078
258467,978,1080
258468,977,1079
258469,978,1076
258470,976,1076
258471,975,1076
258472,973,1080
258473,978,1076
258474,979,1076
258475,977,1074
258476,976,1074
258477,977,1077
258478,977,1078
258479,981,1077
258480,980,1075
258481,976,1070
258482,973,1073
258483,974,1072
258484,980,1078
258485,981,1079
258486,980,1078
258487,976,1074
258488,974,1068
258489,978,1067
258490,990,1068
258491,1005,1063
258492,1016,1058
258493,1025,1055
258494,1042,1054
258495,1068,1053
258496,1102,1049
258497,1142,1039
258498,1186,1031
258499,1231,1030
258500,1275,1038
258501,1318,1059
258502,1346,1082
258503,1351,1095
258504,1321,1097
258505,1265,1097
258506,1195,1098
258507,1124,1110
258508,1053,1123
258509,994,1128
258510,952,1134
258511,937,1130
258512,944,1118
258513,954,1105
258514,966,1095
258515,972,1090
258516,976,1082
258517,972,1076
258518,968,1075
258519,965,1075
258520,967,1075
258521,969,1074
258522,967,1073
258523,963,1070
258524,959,1070
258525,961,1073
258526,961,1073
258527,958,1074
258528,954,1073
258529,953,1070
258530,954,1069
258531,956,1067
258532,961,1072
258533,963,1070
258534,963,1068
258535,962,1066
258536,957,1065
258537,957,1065
258538,956,1069
258539,958,1067
258540,957,1064
258541,956,1062
258542,953,1063
258543,956,1065
258544,961,1065
258545,964,1067
258546,957,1064
258547,953,1064
258548,951,1062
258549,956,1061
258550,961,1063
258551,960,1063
258552,956,1059
258553,952,1059
258554,953,1058
258555,953,1059
258556,957,1060
258557,964,1061
258558,962,1059
258559,960,1057
258560,955,1056
258561,955,1058
258562,954,1060
258563,958,1058
258564,958,1058
258565,956,1051
258566,957,1054
258567,960,1054
258568,966,1053
258569,972,1054
258570,972,1049
258571,972,1044
258572,969,1044
258573,967,1045
258574,974,1044
258575,978,1041
258576,979,1042
258577,979,1038
258578,978,1038
258579,981,1039
258580,989,1040
258581,994,1038
258582,994,1033
258583,993,1027
258584,988,1024
258585,990,1030
258586,996,1026
258587,999,1027
258588,996,1024
258589,992,1021
258590,994,1018
258591,996,1020
258592,1000,1022
258593,1003,1021
258594,1002,1018
258595,996,1016
258596,995,1015
258597,999,1020
258598,1005,1023
258599,1006,1021
258600,1006,1019
258601,1005,1019
258602,1004,1020
258603,1004,1026
258604,1006,1029
258605,1007,1030
258606,1003,1031
258607,998,1031
258608,997,1033
258609,1001,1037
258610,1003,1041
258611,1004,1043
258612,1000,1045
258613,996,1045
258614,999,1046
258615,1001,1051
258616,1002,1057
258617,998,1062
258618,992,1063
258619,986,1062
258620,979,1063
258621,984,1066
258622,990,1072
258623,990,1072
258624,986,1068
258625,983,1070
258626,979,1068
258627,979,1072
258628,982,1076
258629,981,1077
258630,980,1078
258631,976,1076
258632,975,1074
258633,979,1074
258634,985,1075
258635,989,1076
258636,989,1077
258637,991,1072
258638,991,1072
258639,988,1071
258640,986,1077
258641,988,1075
258642,989,1074
258643,987,1071
258644,981,1072
258645,984,1073
258646,988,1077
258647,994,1074
258648,988,1071
258649,984,1066
258650,986,1068
258651,991,1069
258652,997,1069
258653,1002,1071
258654,1001,1066
258655,996,1065
258656,983,1063
258657,983,1066
258658,988,1068
258659,995,1069
258660,996,1068
258661,992,1068
258662,988,1066
258663,988,1069
258664,992,1073
258665,993,1068
258666,997,1069
258667,993,1068
258668,994,1068
258669,991,1070
258670,995,1072
258671,999,1074
258672,1001,1072
258673,1000,1069
258674,996,1067
258675,995,1071
258676,993,1071
258677,995,1070
258678,993,1069
258679,991,1065
258680,988,1066
258681,987,1067
258682,992,1071
258683,994,1071
258684,989,1070
258685,987,1067
258686,988,1070
258687,990,1068
258688,992,1069
258689,1000,1069
258690,998,1065
258691,995,1061
258692,993,1061
258693,993,1064
258694,997,1069
258695,999,1067
258696,997,1069
258697,998,1065
258698,998,1063
258699,1001,1065
258700,1002,1067
258701,1003,1066
258702,1001,1065
258703,997,1063
258704,995,1060
258705,994,1065
258706,994,1067
258707,994,1069
258708,995,1066
258709,994,1064
258710,995,1063
258711,993,1066
258712,995,1069
258713,999,1071
258714,998,1069
258715,995,1064
258716,994,1067
258717,994,1064
258718,995,1067
258719,997,1071
258720,997,1070
258721,994,1067
258722,996,1069
258723,995,1070
258724,995,1072
258725,997,1074
258726,994,1073
258727,997,1071
258728,998,1069
258729,997,1068
258730,999,1069
258731,1002,1067
258732,1002,1062
258733,1007,1059
258734,1014,1055
258735,1023,1058
258736,1037,1057
258737,1059,1057
258738,1084,1051
258739,1114,1044
258740,1146,1038
258741,1190,1036
258742,1241,1038
258743,1289,1043
258744,1326,1050
258745,1353,1063
258746,1362,1076
258747,1348,1084
258748,1312,1084
258749,1262,1085
258750,1198,1088
258751,1127,1101
258752,1051,1108
258753,987,1116
258754,952,1120
258755,944,1116
258756,954,1106
258757,966,1090
258758,969,1079
258759,976,1075
258760,983,1073
258761,986,1069
258762,983,1066
258763,975,1062
258764,972,1061
258765,971,1063
258766,974,1064
258767,974,1067
258768,968,1066
258769,969,1064
258770,964,1062
258771,970,1063
258772,975,1064
258773,977,1064
258774,977,1062
258775,972,1062
258776,967,1060
258777,967,1063
258778,968,1066
258779,975,1068
258780,975,1063
258781,974,1063
258782,975,1059
258783,975,1063
258784,977,1065
258785,975,1065
258786,972,1063
258787,969,1061
258788,962,1061
258789,968,1062
258790,969,1064
258791,974,1061
258792,970,1061
258793,965,1058
258794,965,1058
258795,966,1060
258796,968,1065
258797,967,1061
258798,965,1062
258799,964,1056
258800,962,1059
258801,964,1060
258802,966,1062
258803,971,1063
258804,969,1061
258805,966,1056
258806,962,1056
258807,965,1057
258808,966,1057
258809,971,1054
258810,974,1052
258811,973,1048
258812,970,1048
258813,978,1048
258814,982,1051
258815,986,1050
258816,987,1043
258817,986,1038
258818,985,1035
258819,989,1033
258820,996,1036
258821,1000,1035
258822,999,1030
258823,1001,1028
258824,1001,1027
258825,1008,1030
258826,1010,1032
258827,1014,1030
258828,1018,1025
258829,1017,1025
258830,1015,1022
258831,1014,1026
258832,1020,1029
258833,1024,1030
258834,1026,1026
258835,1022,1024
258836,1018,1023
258837,1019,1026
258838,1019,1029
258839,1023,1028
258840,1021,1028
258841,1021,1030
258842,1022,1030
258843,1023,1035
258844,1025,1036
258845,1025,1037
258846,1021,1039
258847,1017,1039
258848,1016,1040
258849,1015,1046
258850,1016,1048
258851,1017,1053
258852,1015,1051
258853,1011,1049
258854,1010,1050
258855,1009,1057
258856,1010,1059
258857,1006,1062
258858,1003,1066
258859,1001,1063
258860,994,1065
258861,990,1066
258862,993,1071
258863,997,1073
258864,1000,1071
258865,995,1069
258866,991,1070
258867,992,1075
258868,996,1076
258869,999,1075
258870,999,1074
258871,995,1074
258872,994,1074
258873,992,1075
258874,993,1077
258875,996,1075
258876,994,1075
258877,994,1073
258878,992,1072
258879,991,1075
258880,991,1081
258881,998,1081
258882,997,1077
258883,993,1075
258884,987,1072
258885,991,1078
258886,994,1080
258887,994,1077
258888,996,1072
258889,997,1069
258890,999,1069
258891,1001,1073
258892,1004,1077
258893,1007,1078
258894,1008,1077
258895,1010,1074
258896,1009,1070
258897,1011,1067
258898,1021,1070
258899,1028,1075
258900,1031,1077
258901,1029,1080
258902,1033,1086
258903,1044,1092
258904,1064,1091
258905,1086,1078
258906,1097,1060
258907,1099,1040
258908,1096,1028
258909,1100,1018
258910,1113,1018
258911,1134,1008
258912,1153,1003
258913,1164,987
258914,1178,971
258915,1197,947
258916,1221,930
258917,1244,913
258918,1261,894
258919,1273,871
258920,1279,857
258921,1281,856
258922,1282,858
258923,1285,858
258924,1283,855
258925,1277,852
258926,1271,850
258927,1263,851
258928,1257,855
258929,1244,861
258930,1224,865
258931,1202,877
258932,1180,889
258933,1158,905
258934,1138,920
258935,1124,926
258936,1110,925
258937,1100,928
258938,1087,940
258939,1087,956
258940,1087,972
258941,1086,986
258942,1080,991
258943,1080,992
258944,1085,1003
258945,1098,1013
258946,1116,1020
258947,1140,1019
258948,1151,1020
258949,1147,1025
258950,1119,1035
258951,1077,1049
258952,1027,1063
258953,990,1076
258954,961,1082
258955,937,1086
258956,925,1102
258957,922,1121
258958,924,1135
258959,925,1139
258960,919,1136
258961,912,1132
258962,905,1137
258963,900,1139
258964,899,1143
258965,897,1143
258966,891,1143
258967,888,1140
258968,886,1143
258969,887,1142
258970,889,1140
258971,891,1142
258972,888,1141
258973,883,1139
258974,879,1143
258975,879,1151
258976,884,1153
258977,883,1149
258978,881,1145
258979,877,1143
258980,873,1146
258981,867,1150
258982,861,1159
258983,863,1162
258984,866,1165
258985,873,1157
258986,869,1159
258987,860,1165
258988,852,1179
258989,849,1188
258990,849,1188
258991,847,1189
258992,846,1193
258993,846,1195
258994,847,1198
258995,842,1195
258996,836,1195
258997,836,1193
258998,836,1200
258999,840,1205
259000,840,1214
259001,844,1215
259002,844,1210
259003,844,1209
259004,846,1210
259005,849,1208
259006,852,1208
259007,862,1208
259008,866,1209
259009,868,1211
259010,869,1214
259011,874,1214
259012,880,1211
259013,888,1201
259014,893,1196
259015,895,1188
259016,900,1182
259017,908,1184
259018,919,1187
259019,926,1190
259020,930,1180
259021,936,1167
259022,939,1157
259023,942,1156
259024,945,1158
259025,953,1151
259026,955,1143
259027,958,1133
259028,958,1129
259029,964,1124
259030,970,1122
259031,974,1122
259032,973,1118
259033,967,1112
259034,966,1104
259035,968,1102
259036,976,1097
259037,977,1093
259038,973,1090
259039,966,1091
259040,959,1088
259041,961,1086
259042,968,1086
259043,972,1085
259044,969,1082
259045,963,1080
259046,959,1083
259047,961,1092
259048,960,1094
259049,963,1086
259050,966,1075
259051,962,1071
259052,963,1068
259053,964,1068
259054,969,1069
259055,972,1069
259056,974,1070
259057,966,1072
259058,962,1077
259059,962,1078
259060,965,1077
259061,969,1070
259062,972,1067
259063,968,1065
259064,967,1063
259065,969,1062
259066,971,1065
259067,972,1071
259068,970,1076
259069,970,1080
259070,974,1078
259071,975,1071
259072,975,1066
259073,978,1063
259074,974,1064
259075,977,1062
259076,976,1063
259077,974,1062
259078,979,1065
259079,982,1067
259080,978,1066
259081,976,1065
259082,972,1064
259083,977,1065
259084,980,1067
259085,984,1065
259086,983,1059
259087,978,1051
259088,980,1049
259089,986,1053
259090,988,1060
259091,987,1064
259092,982,1064
259093,978,1060
259094,978,1059
259095,984,1058
259096,987,1053
259097,991,1047
259098,991,1043
259099,985,1046
259100,978,1057
259101,975,1067
259102,979,1069
259103,983,1063
259104,981,1057
259105,978,1053
259106,977,1051
259107,978,1058
259108,981,1066
259109,984,1064
259110,981,1060
259111,977,1051
259112,978,1047
259113,982,1050
259114,988,1050
259115,987,1053
259116,985,1050
259117,983,1048
259118,980,1052
259119,979,1061
259120,983,1064
259121,990,1063
259122,989,1053
259123,988,1046
259124,984,1041
259125,984,1044
259126,986,1048
259127,990,1055
259128,986,1054
259129,980,1050
259130,975,1053
259131,983,1058
259132,986,1062
259133,989,1061
259134,985,1059
259135,986,1055
259136,984,1057
259137,987,1062
259138,990,1064
259139,992,1059
259140,989,1058
259141,985,1055
259142,983,1057
259143,984,1061
259144,984,1062
259145,989,1065
259146,988,1060
259147,991,1052
259148,987,1049
259149,984,1047
259150,991,1047
259151,999,1047
259152,997,1044
259153,990,1043
259154,979,1044
259155,977,1045
259156,984,1048
259157,991,1050
259158,993,1048
259159,986,1046
259160,986,1042
259161,987,1046
259162,991,1052
259163,993,1054
259164,989,1049
259165,985,1047
259166,982,1046
259167,987,1045
259168,992,1048
259169,994,1047
259170,993,1042
259171,993,1039
259172,996,1037
259173,1003,1039
259174,1014,1037
259175,1029,1035
259176,1045,1035
259177,1064,1027
259178,1095,1016
259179,1132,1005
259180,1174,1003
259181,1218,1008
259182,1263,1023
259183,1297,1049
259184,1315,1078
259185,1312,1098
259186,1285,1102
259187,1239,1100
259188,1176,1101
259189,1108,1106
259190,1037,1117
259191,978,1128
259192,945,1134
259193,947,1126
259194,962,1110
259195,971,1091
259196,977,1082
259197,984,1076
259198,987,1072
259199,990,1064
259200,984,1057
259201,980,1051
259202,978,1048
259203,974,1048
259204,975,1050
259205,978,1046
259206,976,1044
259207,975,1042
259208,972,1041
259209,970,1043
259210,970,1043
259211,970,1042
259212,966,1039
259213,964,1038
259214,961,1038
259215,962,1038
259216,967,1042
259217,971,1042
259218,968,1037
259219,967,1036
259220,963,1036
259221,961,1039
259222,967,1043
259223,966,1041
259224,966,1040
259225,961,1036
259226,958,1035
259227,961,1039
259228,963,1040
259229,964,1037
259230,962,1034
259231,961,1032
259232,962,1031
259233,965,1033
259234,969,1035
259235,970,1033
259236,964,1033
259237,963,1027
259238,963,1027
259239,962,1028
259240,964,1029
259241,967,1031
259242,971,1029
259243,974,1027
259244,972,1025
259245,973,1025
259246,978,1027
259247,982,1024
259248,982,1019
259249,980,1016
259250,977,1009
259251,980,1010
259252,982,1010
259253,989,1005
259254,993,999
259255,992,995
259256,989,994
259257,986,993
259258,991,992
259259,996,992
259260,995,987
259261,991,983
259262,991,984
259263,995,983
259264,998,984
259265,1001,984
259266,1002,984
259267,998,979
259268,1000,981
259269,1004,982
259270,1006,984
259271,1009,984
259272,1007,983
259273,1006,984
259274,1001,988
259275,1005,993
259276,1006,994
259277,1010,998
259278,1007,999
259279,1007,1001
259280,1005,1004
259281,1005,1005
259282,1010,1014
259283,1014,1014
259284,1010,1018
259285,1008,1017
259286,1005,1022
259287,1005,1027
259288,1005,1032
259289,1003,1032
259290,1002,1036
259291,996,1036
259292,996,1041
259293,996,1046
259294,998,1051
259295,999,1052
259296,998,1051
259297,993,1050
259298,989,1050
259299,990,1051
259300,991,1054
259301,994,1056
259302,993,1055
259303,988,1050
259304,987,1053
259305,987,1055
259306,987,1060
259307,992,1059
259308,991,1054
259309,989,1054
259310,987,1054
259311,987,1054
259312,989,1059
259313,991,1054
259314,990,1054
259315,988,1050
259316,986,1048
259317,989,1052
259318,992,1053
259319,996,1052
259320,995,1048
259321,994,1043
259322,991,1047
259323,990,1048
259324,991,1048
259325,995,1046
259326,994,1046
259327,990,1043
259328,989,1044
259329,992,1046
259330,994,1048
259331,995,1047
259332,997,1042
259333,994,1039
259334,993,1040
259335,997,1043
259336,996,1048
259337,1001,1048
259338,1001,1050
259339,999,1045
259340,999,1046
259341,1001,1049
259342,1001,1053
259343,1004,1054
259344,1000,1051
259345,996,1048
259346,994,1048
259347,998,1052
259348,1000,1055
259349,1001,1054
259350,998,1052
259351,997,1049
259352,992,1051
259353,991,1054
259354,996,1057
259355,996,1055
259356,994,1052
259357,993,1049
259358,992,1049
259359,992,1053
259360,990,1056
259361,993,1054
259362,992,1050
259363,991,1047
259364,990,1049
259365,991,1051
259366,996,1053
259367,1000,1052
259368,996,1051
259369,994,1048
259370,987,1049
259371,988,1053
259372,992,1054
259373,997,1055
259374,998,1052
259375,999,1051
259376,996,1051
259377,995,1050
259378,1001,1052
259379,1000,1055
259380,999,1053
259381,997,1050
259382,991,1049
259383,993,1053
259384,997,1057
259385,1000,1056
259386,1000,1057
259387,998,1053
259388,996,1052
259389,996,1055
259390,1001,1052
259391,1007,1048
259392,1013,1043
259393,1020,1042
259394,1030,1042
259395,1047,1043
259396,1071,1044
259397,1103,1039
259398,1135,1027
259399,1174,1017
259400,1219,1015
259401,1269,1022
259402,1321,1042
259403,1350,1062
259404,1355,1076
259405,1333,1081
259406,1285,1082
259407,1223,1088
259408,1157,1100
259409,1090,1109
259410,1028,1114
259411,986,1115
259412,975,1109
259413,980,1095
259414,991,1084
259415,1003,1074
259416,1001,1065
259417,996,1058
259418,992,1059
259419,989,1059
259420,988,1061
259421,988,1061
259422,985,1057
259423,984,1052
259424,983,1055
259425,983,1056
259426,984,1058
259427,982,1058
259428,980,1056
259429,979,1056
259430,975,1058
259431,972,1061
259432,975,1061
259433,978,1059
259434,977,1058
259435,975,1057
259436,973,1055
259437,973,1061
259438,975,1061
259439,976,1060
259440,974,1056
259441,973,1053
259442,974,1053
259443,973,1056
259444,976,1057
259445,976,1056
259446,975,1054
259447,973,1049
259448,973,1049
259449,977,1048
259450,978,1049
259451,979,1047
259452,978,1044
259453,973,1040
259454,976,1042
259455,975,1045
259456,976,1046
259457,978,1047
259458,974,1042
259459,972,1040
259460,970,1040
259461,973,1041
259462,981,1043
259463,981,1042
259464,983,1039
259465,980,1037
259466,977,1037
259467,982,1038
259468,982,1040
259469,987,1041
259470,987,1039
259471,985,1033
259472,987,1028
259473,988,1029
259474,993,1027
259475,997,1023
259476,998,1022
259477,998,1018
259478,994,1019
259479,995,1019
259480,999,1021
259481,999,1021
259482,1003,1021
259483,1000,1015
259484,998,1013
259485,1001,1017
259486,1003,1018
259487,1005,1018
259488,1005,1014
259489,1005,1013
259490,1008,1014
259491,1008,1016
259492,1011,1020
259493,1012,1020
259494,1010,1020
259495,1010,1016
259496,1011,1018
259497,1010,1023
259498,1012,1026
259499,1017,1029
259500,1017,1028
259501,1016,1027
259502,1012,1031
259503,1010,1035
259504,1009,1042
259505,1009,1044
259506,1008,1043
259507,1000,1044
259508,999,1047
259509,999,1051
259510,998,1057
259511,1002,1057
259512,999,1057
259513,993,1058
259514,987,1057
259515,987,1063
259516,986,1068
259517,986,1072
259518,983,1078
259519,980,1081
259520,976,1086
259521,972,1085
259522,973,1080
259523,980,1078
259524,984,1070
259525,983,1056
259526,979,1047
259527,981,1045
259528,986,1048
259529,991,1045
259530,991,1046
259531,987,1043
259532,988,1045
259533,987,1048
259534,986,1052
259535,990,1052
259536,989,1053
259537,988,1048
259538,988,1050
259539,991,1052
259540,995,1055
259541,998,1056
259542,998,1054
259543,995,1053
259544,992,1055
259545,992,1055
259546,996,1057
259547,1000,1057
259548,998,1055
259549,996,1055
259550,993,1055
259551,995,1056
259552,997,1060
259553,1001,1058
259554,1000,1056
259555,1000,1054
259556,997,1057
259557,996,1060
259558,999,1059
259559,999,1059
259560,996,1059
259561,996,1054
259562,996,1051
259563,997,1055
259564,1003,1057
259565,1007,1056
259566,1004,1056
259567,1000,1053
259568,993,1052
259569,998,1054
259570,1001,1060
259571,1002,1068
259572,997,1071
259573,995,1078
259574,991,1087
259575,992,1093
259576,994,1091
259577,997,1083
259578,999,1062
259579,997,1040
259580,993,1030
259581,994,1031
259582,993,1036
259583,997,1035
259584,996,1035
259585,997,1033
259586,1000,1035
259587,1004,1037
259588,1006,1039
259589,1007,1040
259590,1007,1041
259591,1000,1039
259592,999,1043
259593,999,1048
259594,1000,1054
259595,1004,1054
259596,1004,1051
259597,999,1050
259598,997,1050
259599,997,1054
259600,998,1058
259601,1000,1055
259602,997,1053
259603,993,1049
259604,990,1051
259605,991,1053
259606,993,1056
259607,994,1059
259608,993,1055
259609,993,1054
259610,990,1056
259611,992,1056
259612,991,1061
259613,994,1061
259614,995,1057
259615,993,1056
259616,991,1057
259617,992,1059
259618,993,1062
259619,995,1069
259620,991,1069
259621,987,1075
259622,988,1081
259623,992,1086
259624,993,1086
259625,996,1079
259626,999,1070
259627,996,1060
259628,994,1058
259629,996,1056
259630,998,1058
259631,1000,1057
259632,1000,1054
259633,997,1046
259634,994,1039
259635,997,1038
259636,1001,1048
259637,1003,1050
259638,998,1049
259639,996,1047
259640,997,1046
259641,999,1047
259642,1002,1048
259643,1008,1047
259644,1012,1040
259645,1017,1033
259646,1027,1031
259647,1048,1032
259648,1075,1034
259649,1108,1024
259650,1148,1014
259651,1192,1004
259652,1240,1004
259653,1290,1017
259654,1326,1037
259655,1346,1056
259656,1332,1063
259657,1285,1063
259658,1214,1069
259659,1145,1079
259660,1080,1089
259661,1026,1089
259662,989,1085
259663,979,1078
259664,985,1070
259665,996,1065
259666,1005,1061
259667,1001,1057
259668,994,1056
259669,992,1054
259670,988,1058
259671,988,1062
259672,987,1071
259673,987,1075
259674,982,1074
259675,977,1071
259676,975,1075
259677,975,1078
259678,978,1073
259679,981,1062
259680,979,1054
259681,978,1048
259682,975,1048
259683,974,1051
259684,977,1052
259685,978,1053
259686,975,1052
259687,973,1046
259688,970,1047
259689,971,1049
259690,976,1050
259691,980,1051
259692,978,1051
259693,972,1047
259694,968,1048
259695,965,1053
259696,968,1056
259697,973,1057
259698,978,1060
259699,981,1057
259700,982,1059
259701,972,1059
259702,962,1064
259703,959,1068
259704,959,1069
259705,959,1068
259706,957,1072
259707,957,1081
259708,957,1089
259709,959,1083
259710,961,1064
259711,963,1049
259712,964,1040
259713,965,1040
259714,971,1040
259715,975,1039
259716,979,1037
259717,979,1041
259718,976,1048
259719,977,1054
259720,982,1052
259721,986,1041
259722,992,1030
259723,992,1021
259724,993,1022
259725,996,1028
259726,997,1031
259727,1000,1031
259728,1002,1030
259729,1001,1024
259730,1000,1025
259731,1003,1027
259732,1009,1030
259733,1011,1030
259734,1008,1025
259735,1009,1020
259736,1005,1022
259737,1007,1019
259738,1008,1023
259739,1010,1021
259740,1013,1019
259741,1006,1019
259742,1007,1022
259743,1007,1024
259744,1014,1025
259745,1018,1025
259746,1012,1027
259747,1007,1028
259748,1005,1034
259749,1007,1044
259750,1007,1057
259751,1014,1055
259752,1012,1045
259753,1010,1035
259754,1004,1029
259755,1005,1034
259756,1006,1043
259757,1008,1043
259758,1006,1048
259759,1000,1048
259760,991,1062
259761,988,1078
259762,990,1090
259763,998,1088
259764,1004,1070
259765,1008,1048
259766,1005,1037
259767,996,1042
259768,986,1056
259769,981,1076
259770,976,1089
259771,978,1100
259772,978,1101
259773,985,1086
259774,988,1060
259775,990,1041
259776,989,1033
259777,988,1035
259778,987,1043
259779,986,1048
259780,983,1055
259781,982,1055
259782,983,1053
259783,981,1052
259784,979,1054
259785,978,1058
259786,978,1062
259787,977,1063
259788,980,1063
259789,979,1058
259790,980,1059
259791,983,1058
259792,988,1063
259793,990,1060
259794,988,1059
259795,983,1056
259796,981,1057
259797,984,1061
259798,987,1063
259799,990,1064
259800,987,1061
259801,984,1061
259802,980,1059
259803,984,1062
259804,987,1064
259805,989,1063
259806,988,1059
259807,986,1057
259808,984,1056
259809,984,1059
259810,986,1062
259811,994,1063
259812,993,1062
259813,992,1058
259814,991,1058
259815,993,1062
259816,996,1062
259817,997,1060
259818,993,1057
259819,992,1053
259820,991,1053
259821,994,1054
259822,996,1057
259823,997,1056
259824,995,1052
259825,995,1055
259826,992,1057
259827,990,1057
259828,992,1060
259829,997,1058
259830,995,1059
259831,995,1056
259832,992,1057
259833,992,1060
259834,994,1060
259835,993,1058
259836,992,1058
259837,987,1055
259838,982,1057
259839,982,1058
259840,986,1063
259841,988,1064
259842,986,1063
259843,981,1062
259844,981,1060
259845,981,1060
259846,980,1060
259847,982,1055
259848,981,1049
259849,982,1049
259850,980,1053
259851,981,1057
259852,982,1060
259853,983,1063
259854,982,1063
259855,978,1059
259856,973,1061
259857,976,1059
259858,976,1062
259859,981,1060
259860,982,1061
259861,985,1058
259862,986,1058
259863,988,1060
259864,990,1062
259865,991,1063
259866,991,1061
259867,989,1059
259868,986,1057
259869,988,1057
259870,992,1058
259871,1001,1057
259872,1015,1055
259873,1028,1046
259874,1042,1043
259875,1067,1041
259876,1104,1033
259877,1145,1028
259878,1185,1021
259879,1225,1018
259880,1266,1026
259881,1299,1040
259882,1321,1060
259883,1313,1068
259884,1280,1068
259885,1227,1064
259886,1158,1071
259887,1089,1083
259888,1023,1091
259889,973,1089
259890,945,1086
259891,942,1074
259892,955,1067
259893,967,1060
259894,976,1055
259895,977,1053
259896,973,1051
259897,969,1049
259898,964,1049
259899,963,1056
259900,965,1061
259901,965,1059
259902,962,1059
259903,960,1057
259904,958,1059
259905,955,1062
259906,961,1067
259907,961,1064
259908,960,1058
259909,955,1058
259910,951,1056
259911,957,1057
259912,961,1060
259913,961,1059
259914,957,1055
259915,956,1055
259916,954,1054
259917,959,1058
259918,963,1060
259919,967,1057
259920,961,1055
259921,958,1053
259922,954,1054
259923,956,1053
259924,959,1055
259925,964,1052
259926,965,1050
259927,961,1047
259928,958,1048
259929,959,1053
259930,959,1055
259931,962,1055
259932,960,1053
259933,961,1050
259934,960,1049
259935,964,1050
259936,963,1054
259937,964,1051
259938,963,1046
259939,962,1045
259940,960,1043
259941,967,1043
259942,968,1046
259943,969,1042
259944,969,1042
259945,968,1038
259946,968,1038
259947,972,1041
259948,976,1041
259949,975,1039
259950,974,1037
259951,974,1035
259952,974,1034
259953,977,1036
259954,980,1038
259955,985,1035
259956,985,1030
259957,983,1026
259958,982,1025
259959,985,1025
259960,987,1029
259961,989,1028
259962,990,1022
259963,989,1018
259964,991,1018
259965,994,1020
259966,997,1023
259967,999,1024
259968,998,1023
259969,995,1018
259970,993,1020
259971,995,1027
259972,1000,1028
259973,1005,1027
259974,1006,1026
259975,1004,1026
259976,1002,1030
259977,1003,1032
259978,1000,1037
259979,1001,1039
259980,999,1036
259981,997,1038
259982,993,1042
259983,991,1045
259984,994,1046
259985,994,1043
259986,991,1041
259987,989,1039
259988,985,1042
259989,982,1040
259990,984,1047
259991,984,1047
259992,982,1046
259993,976,1046
259994,972,1048
259995,973,1056
259996,976,1059
259997,977,1057
259998,972,1057
259999,969,1059
260000,966,1060
260001,967,1062
260002,968,1064
260003,970,1062
260004,969,1061
260005,967,1059
260006,966,1061
260007,972,1064
260008,976,1067
260009,976,1068
260010,974,1065
260011,967,1062
260012,967,1061
260013,965,1063
260014,973,1066
260015,976,1062
260016,977,1059
260017,974,1058
260018,972,1059
260019,974,1062
260020,980,1060
260021,981,1063
260022,982,1059
260023,981,1059
260024,978,1061
260025,983,1063
260026,986,1064
260027,989,1060
260028,988,1058
260029,985,1057
260030,981,1057
260031,982,1058
260032,983,1059
260033,986,1057
260034,983,1055
260035,981,1054
260036,982,1054
260037,984,1059
260038,986,1061
260039,985,1060
260040,981,1057
260041,976,1055
260042,973,1056
260043,970,1057
260044,974,1060
260045,979,1057
260046,979,1054
260047,977,1050
260048,977,1053
260049,978,1052
260050,978,1054
260051,981,1052
260052,979,1049
260053,975,1050
260054,974,1052
260055,977,1053
260056,979,1057
260057,979,1054
260058,979,1053
260059,976,1051
260060,974,1054
260061,977,1057
260062,978,1061
260063,978,1057
260064,976,1057
260065,971,1054
260066,973,1057
260067,975,1059
260068,976,1062
260069,980,1056
260070,978,1058
260071,976,1052
260072,973,1052
260073,972,1055
260074,973,1058
260075,979,1055
260076,978,1055
260077,976,1051
260078,976,1050
260079,978,1052
260080,981,1055
260081,982,1056
260082,981,1054
260083,980,1050
260084,979,1050
260085,980,1053
260086,980,1056
260087,982,1056
260088,985,1052
260089,984,1046
260090,981,1048
260091,981,1053
260092,982,1057
260093,984,1059
260094,982,1056
260095,977,1055
260096,979,1056
260097,980,1055
260098,981,1057
260099,984,1055
260100,984,1053
260101,984,1048
260102,981,1045
260103,982,1044
260104,987,1043
260105,994,1042
260106,1003,1041
260107,1011,1040
260108,1022,1036
260109,1043,1035
260110,1068,1034
260111,1103,1025
260112,1137,1015
260113,1170,1008
260114,1207,1010
260115,1246,1015
260116,1284,1030
260117,1310,1046
260118,1309,1054
260119,1281,1058
260120,1232,1059
260121,1173,1068
260122,1114,1079
260123,1055,1085
260124,995,1086
260125,955,1084
260126,941,1080
260127,948,1074
260128,963,1071
260129,975,1063
260130,979,1056
260131,976,1052
260132,973,1049
260133,971,1054
260134,972,1055
260135,969,1054
260136,964,1052
260137,961,1051
260138,958,1052
260139,958,1055
260140,958,1058
260141,958,1057
260142,958,1052
260143,959,1051
260144,956,1051
260145,956,1055
260146,956,1058
260147,958,1056
260148,956,1053
260149,955,1049
260150,955,1049
260151,958,1051
260152,960,1055
260153,962,1055
260154,960,1053
260155,956,1052
260156,952,1050
260157,954,1049
260158,954,1052
260159,954,1052
260160,952,1051
260161,950,1047
260162,946,1049
260163,950,1051
260164,952,1053
260165,954,1051
260166,952,1049
260167,951,1047
260168,948,1046
260169,949,1047
260170,953,1049
260171,957,1049
260172,955,1048
260173,956,1045
260174,955,1044
260175,956,1047
260176,958,1049
260177,962,1050
260178,961,1046
260179,958,1045
260180,957,1044
260181,958,1045
260182,959,1043
260183,963,1037
260184,962,1037
260185,956,1030
260186,957,1028
260187,960,1031
260188,964,1035
260189,963,1032
260190,966,1028
260191,965,1022
260192,969,1022
260193,971,1021
260194,976,1023
260195,978,1022
260196,978,1017
260197,978,1016
260198,979,1016
260199,982,1015
260200,984,1015
260201,989,1015
260202,991,1010
260203,987,1007
260204,985,1010
260205,985,1010
260206,989,1015
260207,990,1013
260208,992,1011
260209,992,1008
260210,991,1006
260211,991,1007
260212,996,1008
260213,996,1007
260214,994,1005
260215,992,1005
260216,987,1008
260217,989,1012
260218,994,1015
260219,997,1012
260220,995,1012
260221,995,1013
260222,991,1016
260223,994,1019
260224,999,1025
260225,996,1024
260226,996,1024
260227,992,1026
260228,992,1030
260229,991,1034
260230,993,1038
260231,991,1041
260232,988,1039
260233,984,1034
260234,980,1037
260235,980,1039
260236,983,1043
260237,984,1045
260238,981,1042
260239,978,1038
260240,977,1042
260241,975,1043
260242,977,1047
260243,979,1047
260244,976,1044
260245,974,1041
260246,972,1042
260247,972,1044
260248,974,1048
260249,975,1047
260250,975,1043
260251,970,1041
260252,969,1045
260253,971,1048
260254,971,1052
260255,975,1051
260256,973,1048
260257,971,1044
260258,968,1047
260259,971,1047
260260,977,1047
260261,982,1047
260262,980,1046
260263,977,1046
260264,977,1047
260265,979,1052
260266,991,1056
260267,994,1060
260268,998,1059
260269,996,1059
260270,1000,1059
260271,1003,1063
260272,1012,1067
260273,1017,1065
260274,1025,1059
260275,1035,1051
260276,1045,1040
260277,1057,1031
260278,1068,1023
260279,1079,1014
260280,1088,1001
260281,1098,989
260282,1111,975
260283,1124,967
260284,1138,958
260285,1154,942
260286,1170,920
260287,1184,900
260288,1198,879
260289,1216,870
260290,1235,861
260291,1249,850
260292,1256,841
260293,1259,837
260294,1259,834
260295,1259,838
260296,1261,837
260297,1261,836
260298,1252,831
260299,1245,829
260300,1234,832
260301,1222,835
260302,1203,843
260303,1188,845
260304,1165,851
260305,1142,859
260306,1113,870
260307,1088,887
260308,1071,900
260309,1059,910
260310,1046,920
260311,1036,933
260312,1034,947
260313,1033,959
260314,1031,966
260315,1027,975
260316,1026,980
260317,1028,982
260318,1035,990
260319,1043,1000
260320,1058,1006
260321,1075,1007
260322,1074,1010
260323,1066,1012
260324,1043,1020
260325,1012,1027
260326,982,1037
260327,952,1048
260328,928,1055
260329,911,1064
260330,903,1074
260331,901,1086
260332,902,1091
260333,899,1090
260334,892,1091
260335,883,1091
260336,879,1093
260337,878,1100
260338,876,1103
260339,876,1108
260340,874,1107
260341,869,1104
260342,867,1109
260343,870,1112
260344,868,1118
260345,868,1118
260346,865,1115
260347,863,1116
260348,861,1116
260349,861,1119
260350,860,1124
260351,859,1123
260352,857,1125
260353,853,1123
260354,853,1129
260355,852,1129
260356,853,1133
260357,853,1134
260358,852,1132
260359,848,1131
260360,844,1134
260361,840,1138
260362,843,1142
260363,845,1144
260364,841,1143
260365,836,1147
260366,834,1148
260367,835,1152
260368,838,1158
260369,841,1159
260370,838,1158
260371,833,1158
260372,834,1158
260373,834,1162
260374,836,1167
260375,836,1167
260376,838,1167
260377,836,1173
260378,837,1173
260379,840,1177
260380,842,1177
260381,846,1177
260382,845,1173
260383,842,1172
260384,841,1172
260385,847,1173
260386,850,1177
260387,853,1173
260388,854,1172
260389,852,1165
260390,857,1166
260391,863,1166
260392,870,1165
260393,874,1159
260394,874,1153
260395,873,1149
260396,876,1144
260397,881,1140
260398,892,1140
260399,896,1136
260400,901,1133
260401,904,1126
260402,904,1122
260403,911,1118
260404,917,1114
260405,918,1108
260406,921,1101
260407,919,1093
260408,919,1091
260409,924,1094
260410,931,1090
260411,937,1087
260412,937,1081
260413,939,1077
260414,936,1070
260415,938,1069
260416,943,1067
260417,944,1063
260418,942,1059
260419,939,1054
260420,936,1055
260421,939,1057
260422,943,1060
260423,945,1054
260424,944,1054
260425,942,1048
260426,943,1048
260427,945,1048
260428,945,1049
260429,947,1048
260430,943,1045
260431,944,1042
260432,944,1046
260433,947,1046
260434,948,1050
260435,948,1047
260436,945,1047
260437,945,1043
260438,945,1044
260439,948,1045
260440,948,1049
260441,948,1048
260442,950,1045
260443,947,1041
260444,948,1042
260445,952,1043
260446,954,1048
260447,955,1047
260448,954,1042
260449,955,1042
260450,953,1043
260451,955,1048
260452,957,1051
260453,962,1050
260454,959,1048
260455,958,1045
260456,958,1045
260457,958,1047
260458,960,1048
260459,962,1045
260460,958,1046
260461,957,1046
260462,960,1044
260463,962,1048
260464,966,1053
260465,962,1049
260466,963,1045
260467,960,1042
260468,959,1042
260469,957,1045
260470,960,1050
260471,962,1049
260472,962,1046
260473,958,1042
260474,961,1042
260475,965,1043
260476,966,1044
260477,965,1044
260478,962,1041
260479,957,1039
260480,959,1037
260481,958,1040
260482,962,1043
260483,962,1040
260484,962,1038
260485,962,1034
260486,959,1033
260487,961,1036
260488,959,1039
260489,963,1038
260490,962,1033
260491,959,1031
260492,954,1033
260493,958,1037
260494,962,1041
260495,965,1040
260496,961,1037
260497,961,1036
260498,962,1036
260499,963,1038
260500,967,1039
260501,966,1042
260502,966,1041
260503,962,1038
260504,964,1038
260505,965,1041
260506,969,1044
260507,969,1044
260508,967,1041
260509,964,1039
260510,963,1039
260511,964,1041
260512,965,1042
260513,968,1040
260514,967,1037
260515,964,1038
260516,964,1039
260517,965,1041
260518,968,1043
260519,969,1042
260520,968,1036
260521,962,1035
260522,964,1034
260523,964,1037
260524,968,1040
260525,970,1040
260526,969,1036
260527,968,1034
260528,965,1033
260529,966,1035
260530,966,1039
260531,967,1036
260532,965,1035
260533,963,1032
260534,964,1032
260535,965,1036
260536,966,1036
260537,966,1037
260538,962,1036
260539,958,1032
260540,956,1032
260541,957,1035
260542,959,1040
260543,960,1037
260544,961,1038
260545,958,1036
260546,956,1036
260547,960,1037
260548,962,1039
260549,962,1037
260550,959,1036
260551,956,1037
260552,956,1036
260553,956,1039
260554,962,1043
260555,963,1041
260556,962,1038
260557,961,1039
260558,962,1042
260559,963,1042
260560,965,1045
260561,963,1045
260562,959,1040
260563,955,1036
260564,957,1038
260565,959,1039
260566,963,1037
260567,966,1036
260568,965,1033
260569,964,1034
260570,964,1036
260571,968,1037
260572,968,1040
260573,973,1040
260574,970,1036
260575,968,1036
260576,967,1035
260577,969,1036
260578,969,1037
260579,973,1035
260580,969,1032
260581,963,1031
260582,961,1034
260583,963,1037
260584,969,1042
260585,970,1039
260586,970,1037
260587,966,1037
260588,963,1036
260589,965,1040
260590,970,1042
260591,973,1038
260592,974,1034
260593,971,1032
260594,970,1031
260595,973,1031
260596,974,1032
260597,978,1028
260598,984,1022
260599,989,1019
260600,997,1020
260601,1011,1022
260602,1031,1023
260603,1055,1014
260604,1086,1002
260605,1120,992
260606,1160,990
260607,1203,997
260608,1242,1012
260609,1277,1032
260610,1293,1049
260611,1283,1057
260612,1257,1060
260613,1209,1060
260614,1153,1072
260615,1095,1077
260616,1034,1080
260617,982,1082
260618,947,1082
260619,938,1078
260620,947,1069
260621,957,1056
260622,961,1047
260623,961,1039
260624,960,1037
260625,960,1038
260626,960,1040
260627,961,1037
260628,960,1036
260629,958,1034
260630,955,1034
260631,952,1039
260632,954,1039
260633,954,1038
260634,952,1037
260635,949,1037
260636,949,1036
260637,950,1040
260638,954,1041
260639,954,1040
260640,950,1040
260641,947,1037
260642,944,1035
260643,948,1037
260644,950,1044
260645,950,1041
260646,949,1039
260647,949,1037
260648,946,1037
260649,950,1039
260650,951,1042
260651,947,1040
260652,944,1040
260653,938,1036
260654,937,1038
260655,939,1036
260656,944,1036
260657,946,1030
260658,945,1028
260659,944,1025
260660,946,1025
260661,946,1029
260662,948,1030
260663,949,1028
260664,946,1027
260665,942,1024
260666,939,1025
260667,942,1028
260668,947,1028
260669,949,1024
260670,955,1019
260671,967,1014
260672,974,1011
260673,969,1015
260674,956,1018
260675,944,1023
260676,939,1025
260677,938,1025
260678,942,1027
260679,948,1028
260680,954,1031
260681,955,1025
260682,954,1024
260683,956,1020
260684,957,1017
260685,961,1018
260686,967,1019
260687,971,1016
260688,971,1013
260689,971,1011
260690,969,1011
260691,972,1011
260692,975,1014
260693,976,1008
260694,979,1004
260695,972,997
260696,975,996
260697,980,999
260698,981,1002
260699,980,1001
260700,979,998
260701,977,994
260702,976,995
260703,980,998
260704,983,999
260705,984,996
260706,984,992
260707,985,990
260708,984,991
260709,987,995
260710,991,997
260711,993,998
260712,994,994
260713,992,993
260714,988,995
260715,991,1000
260716,995,1004
260717,994,1004
260718,994,1004
260719,989,1003
260720,990,1006
260721,991,1014
260722,992,1020
260723,991,1024
260724,988,1022
260725,989,1026
260726,987,1026
260727,987,1030
260728,986,1036
260729,986,1039
260730,982,1037
260731,979,1036
260732,974,1040
260733,975,1041
260734,976,1046
260735,977,1045
260736,975,1043
260737,971,1041
260738,966,1044
260739,968,1046
260740,971,1048
260741,972,1045
260742,971,1043
260743,963,1039
260744,960,1040
260745,961,1043
260746,965,1043
260747,965,1041
260748,964,1036
260749,960,1038
260750,960,1039
260751,964,1039
260752,968,1043
260753,969,1040
260754,971,1038
260755,969,1033
260756,969,1032
260757,969,1034
260758,977,1040
260759,976,1038
260760,978,1038
260761,976,1036
260762,973,1036
260763,976,1039
260764,976,1041
260765,977,1038
260766,975,1038
260767,973,1037
260768,970,1036
260769,972,1039
260770,974,1045
260771,973,1046
260772,975,1041
260773,972,1041
260774,970,1042
260775,967,1043
260776,974,1047
260777,976,1042
260778,975,1037
260779,968,1035
260780,966,1036
260781,965,1040
260782,972,1042
260783,976,1042
260784,977,1038
260785,974,1035
260786,974,1036
260787,973,1039
260788,971,1041
260789,973,1038
260790,974,1035
260791,974,1029
260792,971,1030
260793,972,1031
260794,973,1036
260795,973,1033
260796,974,1030
260797,971,1028
260798,974,1024
260799,980,1029
260800,981,1032
260801,982,1030
260802,973,1030
260803,964,1030
260804,962,1033
260805,966,1035
260806,973,1039
260807,973,1037
260808,974,1034
260809,971,1028
260810,971,1031
260811,971,1032
260812,971,1037
260813,975,1038
260814,978,1031
260815,978,1034
260816,973,1037
260817,968,1041
260818,965,1042
260819,965,1040
260820,967,1037
260821,971,1030
260822,980,1030
260823,993,1025
260824,1008,1028
260825,1027,1023
260826,1049,1018
260827,1075,1008
260828,1108,1002
260829,1152,1002
260830,1200,1008
260831,1244,1022
260832,1279,1042
260833,1291,1060
260834,1283,1072
260835,1252,1074
260836,1202,1073
260837,1140,1080
260838,1072,1087
260839,1006,1089
260840,952,1091
260841,926,1092
260842,930,1083
260843,944,1065
260844,954,1050
260845,957,1040
260846,960,1035
260847,967,1035
260848,967,1035
260849,966,1033
260850,963,1031
260851,958,1029
260852,959,1024
260853,966,1026
260854,972,1029
260855,971,1027
260856,962,1025
260857,950,1024
260858,941,1026
260859,938,1032
260860,940,1037
260861,941,1037
260862,941,1034
260863,939,1035
260864,941,1035
260865,942,1038
260866,943,1039
260867,946,1038
260868,944,1034
260869,941,1032
260870,941,1035
260871,944,1036
260872,948,1037
260873,949,1039
260874,947,1037
260875,946,1035
260876,945,1035
260877,949,1037
260878,949,1038
260879,947,1038
260880,944,1035
260881,942,1033
260882,942,1035
260883,946,1036
260884,950,1041
260885,953,1038
260886,951,1037
260887,946,1032
260888,944,1034
260889,947,1036
260890,951,1035
260891,952,1030
260892,950,1027
260893,949,1023
260894,948,1022
260895,952,1020
260896,962,1019
260897,967,1016
260898,965,1010
260899,955,1009
260900,947,1010
260901,948,1011
260902,950,1015
260903,953,1013
260904,954,1013
260905,951,1012
260906,949,1007
260907,949,1005
260908,955,1005
260909,960,1000
260910,965,997
260911,967,991
260912,963,988
260913,963,991
260914,962,993
260915,961,993
260916,961,990
260917,958,989
260918,960,987
260919,964,988
260920,969,992
260921,975,992
260922,975,991
260923,973,988
260924,975,986
260925,977,993
260926,982,998
260927,985,999
260928,984,997
260929,980,1000
260930,978,1002
260931,981,1004
260932,984,1008
260933,983,1013
260934,983,1012
260935,984,1009
260936,986,1016
260937,989,1023
260938,986,1025
260939,987,1031
260940,984,1030
260941,979,1030
260942,977,1036
260943,975,1038
260944,979,1043
260945,977,1041
260946,976,1042
260947,975,1038
260948,971,1041
260949,969,1043
260950,968,1047
260951,968,1047
260952,966,1049
260953,962,1050
260954,963,1051
260955,969,1054
260956,973,1056
260957,974,1055
260958,971,1052
260959,968,1051
260960,966,1051
260961,965,1057
260962,969,1059
260963,971,1058
260964,973,1053
260965,970,1049
260966,966,1053
260967,970,1053
260968,973,1055
260969,975,1055
260970,972,1054
260971,968,1051
260972,968,1051
260973,973,1052
260974,975,1056
260975,976,1054
260976,978,1052
260977,973,1051
260978,972,1050
260979,973,1053
260980,975,1055
260981,977,1053
260982,975,1051
260983,974,1050
260984,972,1049
260985,973,1053
260986,974,1055
260987,974,1056
260988,972,1052
260989,969,1051
260990,967,1052
260991,968,1054
260992,969,1054
260993,974,1050
260994,976,1047
260995,971,1047
260996,971,1050
260997,978,1052
260998,980,1054
260999,980,1049
261000,975,1046
261001,969,1046
261002,964,1047
261003,965,1051
261004,968,1054
261005,968,1052
261006,969,1052
261007,968,1051
261008,966,1052
261009,968,1055
261010,974,1051
261011,988,1049
261012,999,1045
261013,992,1039
261014,969,1042
261015,954,1047
261016,951,1052
261017,956,1055
261018,960,1054
261019,965,1049
261020,973,1049
261021,989,1049
261022,998,1050
261023,991,1046
261024,976,1045
261025,958,1047
261026,950,1051
261027,950,1058
261028,955,1062
261029,957,1060
261030,957,1059
261031,953,1056
261032,951,1057
261033,959,1056
261034,964,1056
261035,964,1055
261036,957,1052
261037,951,1053
261038,948,1056
261039,953,1059
261040,957,1060
261041,958,1057
261042,956,1055
261043,953,1056
261044,952,1056
261045,951,1057
261046,955,1062
261047,957,1061
261048,957,1057
261049,956,1057
261050,956,1059
261051,959,1061
261052,960,1067
261053,960,1064
261054,958,1062
261055,960,1056
261056,959,1055
261057,963,1057
261058,968,1059
261059,966,1057
261060,968,1053
261061,967,1052
261062,970,1055
261063,969,1056
261064,969,1056
261065,969,1050
261066,972,1044
261067,977,1040
261068,984,1039
261069,997,1035
261070,1014,1037
261071,1033,1032
261072,1055,1027
261073,1083,1015
261074,1115,1004
261075,1156,999
261076,1194,1000
261077,1236,1006
261078,1275,1019
261079,1298,1037
261080,1305,1054
261081,1287,1059
261082,1244,1061
261083,1173,1066
261084,1100,1078
261085,1034,1087
261086,980,1094
261087,949,1097
261088,944,1095
261089,954,1082
261090,963,1065
261091,967,1053
261092,965,1049
261093,962,1053
261094,963,1056
261095,967,1057
261096,969,1054
261097,969,1051
261098,965,1049
261099,958,1052
261100,950,1055
261101,945,1060
261102,946,1058
261103,953,1050
261104,956,1047
261105,956,1048
261106,953,1055
261107,953,1057
261108,948,1052
261109,942,1046
261110,937,1046
261111,933,1057
261112,935,1063
261113,938,1066
261114,942,1059
261115,941,1052
261116,941,1055
261117,943,1057
261118,943,1060
261119,944,1056
261120,941,1053
261121,938,1049
261122,938,1052
261123,941,1055
261124,947,1056
261125,948,1053
261126,949,1048
261127,951,1043
261128,949,1043
261129,945,1047
261130,937,1053
261131,936,1052
261132,935,1049
261133,937,1047
261134,940,1049
261135,945,1049
261136,948,1050
261137,949,1046
261138,948,1043
261139,946,1040
261140,946,1044
261141,949,1044
261142,951,1043
261143,954,1038
261144,955,1034
261145,955,1030
261146,954,1029
261147,957,1033
261148,958,1034
261149,964,1030
261150,961,1027
261151,961,1024
261152,963,1023
261153,965,1023
261154,969,1025
261155,971,1021
261156,978,1019
261157,983,1011
261158,992,1006
261159,1004,1004
261160,1021,999
261161,1026,992
261162,1011,986
261163,982,986
261164,954,993
261165,945,1001
261166,946,1009
261167,951,1012
261168,957,1009
261169,960,1003
261170,965,1002
261171,971,1003
261172,976,1000
261173,976,997
261174,968,994
261175,963,997
261176,962,1003
261177,969,1008
261178,970,1012
261179,977,1016
261180,979,1014
261181,978,1013
261182,982,1015
261183,983,1020
261184,987,1024
261185,988,1024
261186,988,1021
261187,981,1023
261188,982,1027
261189,982,1033
261190,985,1033
261191,985,1036
261192,983,1037
261193,977,1035
261194,972,1042
261195,973,1046
261196,975,1051
261197,976,1047
261198,973,1046
261199,972,1043
261200,969,1044
261201,973,1048
261202,974,1049
261203,978,1049
261204,976,1047
261205,972,1046
261206,971,1048
261207,970,1049
261208,975,1051
261209,975,1052
261210,975,1050
261211,973,1046
261212,971,1048
261213,974,1047
261214,982,1049
261215,986,1048
261216,984,1045
261217,982,1046
261218,985,1046
261219,990,1050
261220,996,1058
261221,1001,1058
261222,1001,1059
261223,1001,1055
261224,1006,1060
261225,1018,1060
261226,1032,1054
261227,1050,1040
261228,1064,1022
261229,1080,1004
261230,1092,991
261231,1111,979
261232,1136,966
261233,1162,948
261234,1185,927
261235,1192,907
261236,1194,882
261237,1203,866
261238,1224,855
261239,1252,838
261240,1276,822
261241,1297,810
261242,1318,806
261243,1340,798
261244,1338,792
261245,1304,784
261246,1259,788
261247,1231,801
261248,1226,814
261249,1212,819
261250,1190,828
261251,1153,838
261252,1121,849
261253,1093,864
261254,1073,882
261255,1057,899
261256,1045,914
261257,1033,927
261258,1023,945
261259,1014,957
261260,1016,973
261261,1019,984
261262,1024,992
261263,1034,1001
261264,1049,1005
261265,1063,1011
261266,1078,1013
261267,1078,1022
261268,1062,1033
261269,1024,1037
261270,981,1043
261271,946,1050
261272,923,1065
261273,917,1078
261274,915,1092
261275,912,1095
261276,905,1096
261277,898,1095
261278,892,1099
261279,887,1105
261280,879,1109
261281,877,1112
261282,872,1111
261283,868,1116
261284,865,1117
261285,868,1120
261286,868,1122
261287,868,1124
261288,868,1125
261289,864,1124
261290,865,1127
261291,866,1129
261292,868,1133
261293,865,1135
261294,864,1134
261295,858,1135
261296,859,1135
261297,864,1137
261298,871,1134
261299,886,1130
261300,902,1120
261301,900,1120
261302,876,1130
261303,845,1152
261304,830,1173
261305,829,1179
261306,832,1184
261307,834,1186
261308,835,1190
261309,844,1188
261310,852,1186
261311,861,1180
261312,862,1174
261313,854,1178
261314,845,1186
261315,842,1195
261316,841,1202
261317,846,1206
261318,850,1202
261319,848,1198
261320,849,1198
261321,855,1204
261322,870,1201
261323,883,1193
261324,887,1177
261325,875,1175
261326,867,1183
261327,866,1192
261328,873,1192
261329,875,1189
261330,876,1181
261331,871,1176
261332,876,1173
261333,884,1170
261334,897,1166
261335,907,1157
261336,916,1141
261337,916,1132
261338,921,1131
261339,927,1123
261340,928,1116
261341,928,1117
261342,927,1114
261343,921,1109
261344,923,1103
261345,926,1102
261346,932,1101
261347,939,1097
261348,942,1086
261349,940,1082
261350,937,1079
261351,936,1079
261352,940,1082
261353,942,1076
261354,945,1070
261355,942,1063
261356,946,1061
261357,956,1060
261358,967,1056
261359,966,1053
261360,955,1046
261361,943,1047
261362,936,1053
261363,941,1057
261364,950,1056
261365,956,1054
261366,956,1052
261367,950,1048
261368,947,1048
261369,950,1054
261370,952,1055
261371,952,1054
261372,949,1053
261373,947,1050
261374,945,1051
261375,946,1051
261376,951,1052
261377,950,1050
261378,951,1044
261379,954,1040
261380,954,1039
261381,959,1043
261382,964,1046
261383,965,1045
261384,959,1041
261385,954,1039
261386,951,1044
261387,955,1048
261388,959,1050
261389,963,1047
261390,964,1043
261391,963,1039
261392,971,1038
261393,978,1039
261394,981,1035
261395,982,1033
261396,973,1035
261397,964,1038
261398,959,1043
261399,959,1045
261400,972,1047
261401,976,1041
261402,973,1038
261403,958,1037
261404,950,1044
261405,949,1051
261406,953,1054
261407,961,1051
261408,963,1046
261409,965,1041
261410,963,1043
261411,963,1045
261412,964,1049
261413,965,1049
261414,962,1048
261415,960,1045
261416,961,1043
261417,966,1044
261418,970,1043
261419,971,1044
261420,966,1042
261421,962,1041
261422,963,1044
261423,967,1045
261424,969,1045
261425,971,1041
261426,967,1037
261427,966,1033
261428,968,1033
261429,969,1034
261430,970,1036
261431,970,1037
261432,967,1033
261433,964,1030
261434,964,1032
261435,966,1033
261436,967,1035
261437,969,1034
261438,968,1033
261439,969,1032
261440,972,1033
261441,972,1033
261442,971,1038
261443,971,1034
261444,967,1033
261445,966,1031
261446,966,1030
261447,968,1036
261448,971,1039
261449,970,1040
261450,966,1034
261451,968,1031
261452,974,1033
261453,975,1037
261454,975,1043
261455,976,1041
261456,974,1036
261457,972,1037
261458,970,1039
261459,971,1042
261460,974,1043
261461,977,1043
261462,977,1040
261463,972,1041
261464,972,1040
261465,972,1044
261466,976,1046
261467,978,1047
261468,980,1043
261469,982,1038
261470,984,1038
261471,987,1041
261472,988,1041
261473,985,1039
261474,985,1037
261475,984,1036
261476,990,1034
261477,1001,1037
261478,1001,1035
261479,987,1035
261480,967,1039
261481,955,1043
261482,957,1048
261483,966,1049
261484,975,1045
261485,979,1040
261486,973,1037
261487,966,1037
261488,967,1039
261489,972,1036
261490,975,1037
261491,977,1034
261492,978,1032
261493,977,1029
261494,984,1027
261495,999,1023
261496,1018,1016
261497,1031,1003
261498,1027,992
261499,996,993
261500,958,1014
261501,937,1039
261502,934,1057
261503,945,1061
261504,955,1057
261505,966,1045
261506,980,1030
261507,996,1018
261508,1005,1013
261509,994,1015
261510,975,1020
261511,964,1023
261512,956,1027
261513,960,1037
261514,967,1045
261515,976,1044
261516,990,1037
261517,1005,1028
261518,1024,1022
261519,1051,1020
261520,1081,1013
261521,1113,1004
261522,1149,996
261523,1183,995
261524,1224,1005
261525,1262,1019
261526,1288,1045
261527,1285,1059
261528,1254,1061
261529,1199,1058
261530,1133,1067
261531,1073,1078
261532,1020,1085
261533,979,1082
261534,956,1075
261535,954,1065
261536,963,1052
261537,974,1046
261538,982,1040
261539,984,1037
261540,981,1033
261541,974,1028
261542,968,1030
261543,973,1030
261544,975,1034
261545,975,1031
261546,971,1028
261547,965,1027
261548,964,1028
261549,961,1029
261550,965,1033
261551,965,1034
261552,962,1033
261553,958,1030
261554,958,1032
261555,957,1035
261556,960,1038
261557,958,1036
261558,956,1034
261559,951,1036
261560,951,1039
261561,955,1039
261562,958,1043
261563,958,1043
261564,956,1041
261565,951,1040
261566,954,1039
261567,956,1040
261568,958,1041
261569,957,1037
261570,952,1037
261571,950,1033
261572,950,1035
261573,956,1037
261574,962,1037
261575,962,1037
261576,963,1035
261577,960,1030
261578,959,1032
261579,962,1030
261580,965,1031
261581,966,1028
261582,965,1022
261583,961,1021
261584,962,1022
261585,962,1023
261586,966,1026
261587,966,1023
261588,965,1019
261589,965,1017
261590,964,1016
261591,967,1018
261592,972,1019
261593,975,1017
261594,974,1013
261595,969,1009
261596,970,1005
261597,974,1001
261598,976,1000
261599,978,1005
261600,976,1008
261601,977,1005
261602,980,1002
261603,983,1000
261604,989,1002
261605,994,995
261606,995,987
261607,988,982
261608,983,985
261609,987,987
261610,998,987
261611,1002,985
261612,1003,985
261613,1002,988
261614,1000,989
261615,1002,985
261616,1001,992
261617,997,1004
261618,996,1010
261619,1001,997
261620,1003,990
261621,1003,1000
261622,1002,1011
261623,996,1011
261624,996,1011
261625,992,1014
261626,995,1013
261627,1000,1012
261628,1003,1015
261629,1004,1010
261630,1003,1008
261631,1002,1005
261632,1001,1009
261633,999,1014
261634,1001,1016
261635,1002,1018
261636,998,1020
261637,993,1020
261638,994,1023
261639,995,1030
261640,996,1031
261641,997,1030
261642,996,1027
261643,994,1029
261644,993,1030
261645,1004,1030
261646,1019,1029
261647,1028,1021
261648,1026,1016
261649,1009,1018
261650,998,1029
261651,998,1037
261652,1017,1033
261653,1035,1020
261654,1035,1013
261655,1013,1020
261656,984,1031
261657,960,1044
261658,956,1050
261659,968,1050
261660,976,1047
261661,970,1042
261662,957,1045
261663,957,1051
261664,963,1056
261665,975,1048
261666,978,1043
261667,977,1037
261668,979,1035
261669,984,1038
261670,985,1040
261671,989,1035
261672,986,1032
261673,984,1030
261674,985,1030
261675,986,1033
261676,991,1032
261677,993,1031
261678,993,1027
261679,989,1024
261680,987,1027
261681,989,1029
261682,992,1032
261683,992,1031
261684,989,1030
261685,985,1030
261686,988,1031
261687,992,1033
261688,995,1034
261689,995,1031
261690,994,1028
261691,991,1027
261692,989,1027
261693,989,1027
261694,991,1029
261695,995,1027
261696,993,1026
261697,991,1025
261698,988,1025
261699,990,1030
261700,993,1032
261701,990,1031
261702,990,1029
261703,989,1028
261704,989,1032
261705,993,1032
261706,995,1035
261707,994,1033
261708,992,1033
261709,989,1032
261710,988,1035
261711,990,1037
261712,995,1037
261713,996,1036
261714,995,1031
261715,993,1029
261716,994,1030
261717,997,1034
261718,1001,1036
261719,1000,1037
261720,997,1031
261721,995,1030
261722,997,1031
261723,1008,1032
261724,1013,1033
261725,1012,1030
261726,1004,1026
261727,990,1028
261728,979,1037
261729,976,1045
261730,985,1046
261731,1002,1038
261732,1016,1029
261733,1025,1022
261734,1023,1017
261735,1015,1018
261736,992,1025
261737,968,1031
261738,950,1042
261739,946,1046
261740,951,1048
261741,957,1055
261742,968,1057
261743,978,1052
261744,986,1041
261745,988,1032
261746,987,1031
261747,990,1029
261748,985,1037
261749,976,1048
261750,972,1054
261751,974,1053
261752,983,1049
261753,998,1046
261754,1012,1037
261755,1018,1023
261756,1012,1019
261757,995,1030
261758,982,1046
261759,980,1053
261760,985,1055
261761,988,1053
261762,982,1052
261763,985,1044
261764,999,1034
261765,1006,1028
261766,1004,1031
261767,996,1033
261768,1001,1034
261769,1016,1035
261770,1045,1030
261771,1085,1020
261772,1127,1008
261773,1169,998
261774,1210,994
261775,1248,1003
261776,1281,1027
261777,1295,1050
261778,1284,1064
261779,1241,1063
261780,1182,1062
261781,1116,1071
261782,1055,1082
261783,1003,1085
261784,972,1087
261785,962,1078
261786,967,1062
261787,977,1049
261788,984,1039
261789,992,1038
261790,991,1038
261791,988,1038
261792,981,1034
261793,977,1032
261794,976,1036
261795,975,1037
261796,977,1039
261797,979,1040
261798,979,1040
261799,978,1042
261800,978,1042
261801,978,1046
261802,976,1045
261803,975,1045
261804,973,1043
261805,968,1041
261806,967,1042
261807,971,1044
261808,973,1049
261809,971,1047
261810,971,1049
261811,966,1044
261812,967,1043
261813,969,1041
261814,969,1044
261815,968,1047
261816,969,1044
261817,967,1043
261818,973,1046
261819,981,1050
261820,976,1052
261821,965,1048
261822,959,1047
261823,959,1043
261824,964,1045
261825,968,1044
261826,972,1041
261827,971,1036
261828,960,1034
261829,956,1035
261830,955,1040
261831,958,1042
261832,963,1039
261833,967,1036
261834,967,1033
261835,966,1031
261836,966,1032
261837,967,1032
261838,972,1032
261839,970,1029
261840,971,1026
261841,969,1020
261842,969,1022
261843,974,1023
261844,977,1023
261845,980,1023
261846,981,1015
261847,979,1016
261848,979,1016
261849,981,1020
261850,986,1023
261851,987,1019
261852,987,1018
261853,981,1016
261854,982,1018
261855,984,1020
261856,989,1022
261857,994,1015
261858,994,1009
261859,992,1005
261860,990,1007
261861,992,1012
261862,992,1013
261863,993,1013
261864,992,1010
261865,994,1008
261866,995,1007
261867,999,1007
261868,1005,1007
261869,1007,1006
261870,1010,1004
261871,1018,1000
261872,1038,992
261873,1064,984
261874,1062,976
261875,1035,983
261876,1003,1007
261877,983,1016
261878,983,1020
261879,998,1023
261880,1006,1023
261881,1003,1018
261882,988,1020
261883,980,1026
261884,990,1031
261885,1016,1022
261886,1034,1013
261887,1029,1013
261888,999,1012
261889,964,1023
261890,944,1056
261891,937,1081
261892,945,1084
261893,955,1070
261894,962,1060
261895,964,1059
261896,967,1057
261897,973,1056
261898,978,1057
261899,978,1054
261900,976,1049
261901,974,1047
261902,974,1050
261903,976,1052
261904,986,1050
261905,987,1049
261906,985,1047
261907,981,1043
261908,981,1045
261909,987,1048
261910,991,1049
261911,991,1049
261912,995,1045
261913,996,1042
261914,996,1043
261915,1002,1045
261916,1007,1046
261917,1009,1043
261918,1008,1042
261919,1004,1038
261920,1009,1042
261921,1019,1046
261922,1029,1048
261923,1033,1046
261924,1033,1043
261925,1031,1044
261926,1035,1048
261927,1045,1049
261928,1056,1041
261929,1062,1025
261930,1069,1008
261931,1075,991
261932,1088,983
261933,1108,972
261934,1129,959
261935,1147,936
261936,1164,913
261937,1181,888
261938,1203,862
261939,1223,840
261940,1240,825
261941,1253,811
261942,1261,798
261943,1264,789
261944,1265,790
261945,1261,791
261946,1260,794
261947,1256,792
261948,1248,793
261949,1236,792
261950,1221,799
261951,1205,807
261952,1188,815
261953,1168,823
261954,1146,831
261955,1121,842
261956,1096,863
261957,1082,892
261958,1074,914
261959,1069,926
261960,1066,937
261961,1068,946
261962,1069,956
261963,1066,968
261964,1068,973
261965,1075,978
261966,1080,983
261967,1081,989
261968,1089,994
261969,1097,1000
261970,1099,1007
261971,1080,1015
261972,1040,1019
261973,991,1030
261974,953,1052
261975,933,1070
261976,932,1085
261977,932,1094
261978,928,1100
261979,924,1100
261980,920,1099
261981,921,1103
261982,920,1107
261983,919,1109
261984,915,1106
261985,906,1108
261986,903,1118
261987,902,1121
261988,904,1124
261989,903,1124
261990,899,1120
261991,894,1122
261992,889,1128
261993,890,1131
261994,891,1133
261995,891,1133
261996,889,1132
261997,883,1134
261998,883,1137
261999,884,1142
262000,883,1146
262001,881,1147
262002,875,1146
262003,871,1147
262004,871,1150
262005,873,1154
262006,874,1160
262007,875,1161
262008,871,1163
262009,867,1164
262010,867,1168
262011,869,1174
262012,871,1179
262013,871,1180
262014,869,1181
262015,864,1185
262016,864,1187
262017,866,1191
262018,868,1195
262019,865,1196
262020,864,1196
262021,862,1195
262022,866,1201
262023,870,1202
262024,876,1205
262025,877,1206
262026,879,1203
262027,878,1199
262028,882,1202
262029,887,1202
262030,896,1201
262031,897,1196
262032,897,1191
262033,898,1188
262034,902,1185
262035,908,1184
262036,916,1183
262037,922,1175
262038,925,1169
262039,925,1161
262040,931,1157
262041,939,1152
262042,942,1146
262043,946,1137
262044,948,1128
262045,948,1121
262046,958,1113
262047,968,1107
262048,970,1099
262049,962,1095
262050,955,1097
262051,953,1097
262052,957,1098
262053,962,1098
262054,972,1094
262055,990,1084
262056,1010,1068
262057,1017,1045
262058,999,1043
262059,963,1058
262060,936,1084
262061,934,1094
262062,945,1086
262063,956,1075
262064,966,1071
262065,972,1070
262066,986,1062
262067,1004,1051
262068,1018,1036
262069,1010,1027
262070,986,1036
262071,955,1058
262072,936,1070
262073,932,1071
262074,944,1066
262075,961,1059
262076,984,1050
262077,1005,1037
262078,1004,1026
262079,980,1030
262080,953,1046
262081,939,1055
262082,942,1059
262083,949,1062
262084,958,1062
262085,965,1056
262086,966,1049
262087,966,1046
262088,965,1049
262089,971,1049
262090,974,1049
262091,976,1046
262092,973,1042
262093,970,1039
262094,971,1040
262095,975,1041
262096,977,1043
262097,978,1042
262098,975,1039
262099,975,1038
262100,975,1040
262101,981,1040
262102,982,1039
262103,981,1043
262104,979,1043
262105,976,1041
262106,980,1045
262107,985,1044
262108,988,1046
262109,987,1046
262110,985,1042
262111,982,1039
262112,983,1043
262113,990,1046
262114,992,1047
262115,988,1044
262116,985,1042
262117,982,1042
262118,982,1041
262119,984,1046
262120,985,1043
262121,988,1038
262122,985,1034
262123,986,1037
262124,992,1039
262125,1002,1035
262126,1017,1029
262127,1031,1021
262128,1030,1012
262129,1005,1012
262130,969,1025
262131,944,1049
262132,948,1063
262133,961,1064
262134,975,1056
262135,980,1044
262136,984,1038
262137,995,1037
262138,1007,1031
262139,1006,1023
262140,989,1018
262141,970,1025
262142,960,1044
262143,967,1048
262144,983,1046
262145,989,1043
262146,990,1041
262147,982,1038
262148,976,1040
262149,974,1045
262150,974,1048
262151,971,1050
262152,974,1046
262153,976,1042
262154,973,1042
262155,982,1045
262156,986,1039
262157,980,1037
262158,968,1039
262159,959,1046
262160,962,1052
262161,968,1052
262162,976,1049
262163,978,1046
262164,975,1045
262165,973,1045
262166,974,1046
262167,980,1048
262168,984,1048
262169,982,1045
262170,982,1041
262171,981,1039
262172,986,1039
262173,989,1036
262174,992,1039
262175,990,1039
262176,987,1040
262177,989,1038
262178,992,1038
262179,1006,1031
262180,1015,1029
262181,1010,1026
262182,993,1027
262183,979,1035
262184,975,1043
262185,977,1052
262186,980,1052
262187,978,1047
262188,976,1041
262189,970,1040
262190,970,1050
262191,973,1052
262192,979,1050
262193,983,1041
262194,984,1038
262195,982,1039
262196,984,1040
262197,983,1041
262198,980,1044
262199,974,1042
262200,974,1045
262201,973,1045
262202,977,1046
262203,982,1047
262204,986,1050
262205,986,1050
262206,985,1045
262207,984,1046
262208,984,1047
262209,989,1048
262210,994,1048
262211,994,1044
262212,995,1041
262213,992,1041
262214,992,1042
262215,998,1043
262216,1004,1043
262217,1006,1039
262218,1010,1035
262219,1008,1033
262220,1013,1030
262221,1024,1028
262222,1034,1023
262223,1028,1020
262224,1010,1024
262225,989,1030
262226,977,1037
262227,975,1042
262228,987,1047
262229,1009,1035
262230,1016,1023
262231,1008,1019
262232,985,1028
262233,976,1038
262234,983,1037
262235,993,1026
262236,995,1019
262237,987,1021
262238,982,1019
262239,989,1028
262240,1006,1030
262241,1013,1017
262242,1004,998
262243,993,994
262244,994,1007
262245,1006,1026
262246,1013,1030
262247,1004,1031
262248,986,1037
262249,979,1038
262250,986,1039
262251,1000,1034
262252,1005,1030
262253,1003,1027
262254,997,1026
262255,991,1021
262256,987,1022
262257,995,1030
262258,1016,1045
262259,1046,1046
262260,1078,1036
262261,1115,1017
262262,1154,1006
262263,1198,1001
262264,1240,997
262265,1269,1004
262266,1290,1023
262267,1298,1042
262268,1291,1059
262269,1268,1061
262270,1227,1064
262271,1172,1065
262272,1119,1069
262273,1066,1073
262274,1018,1074
262275,985,1079
262276,970,1075
262277,972,1066
262278,981,1051
262279,987,1039
262280,992,1036
262281,992,1034
262282,992,1033
262283,985,1031
262284,977,1031
262285,977,1029
262286,972,1031
262287,973,1034
262288,973,1034
262289,970,1037
262290,966,1033
262291,966,1032
262292,965,1030
262293,966,1034
262294,969,1038
262295,971,1035
262296,972,1030
262297,969,1030
262298,969,1034
262299,972,1035
262300,975,1035
262301,975,1034
262302,973,1033
262303,971,1033
262304,971,1034
262305,971,1037
262306,975,1039
262307,974,1038
262308,970,1035
262309,966,1034
262310,966,1037
262311,971,1039
262312,972,1041
262313,974,1037
262314,968,1034
262315,967,1031
262316,967,1033
262317,970,1036
262318,972,1037
262319,977,1036
262320,975,1030
262321,974,1030
262322,975,1031
262323,978,1036
262324,978,1040
262325,977,1036
262326,976,1035
262327,971,1030
262328,974,1033
262329,978,1033
262330,981,1034
262331,982,1031
262332,981,1029
262333,980,1027
262334,978,1029
262335,980,1032
262336,981,1033
262337,982,1031
262338,983,1026
262339,980,1024
262340,982,1026
262341,985,1028
262342,988,1026
262343,985,1024
262344,982,1022
262345,982,1021
262346,982,1021
262347,986,1022
262348,990,1021
262349,991,1020
262350,989,1015
262351,989,1016
262352,990,1017
262353,991,1016
262354,997,1019
262355,999,1015
262356,998,1012
262357,997,1010
262358,998,1006
262359,999,1008
262360,1005,1010
262361,1006,1006
262362,1004,1003
262363,1004,1001
262364,1007,1004
262365,1012,1006
262366,1016,1007
262367,1017,1005
262368,1016,1002
262369,1016,1003
262370,1020,1003
262371,1023,1006
262372,1031,1008
262373,1037,1006
262374,1044,1002
262375,1049,996
262376,1057,994
262377,1058,998
262378,1055,1006
262379,1040,1016
262380,1025,1017
262381,1016,1019
262382,1019,1025
262383,1031,1031
262384,1040,1031
262385,1036,1026
262386,1022,1028
262387,1008,1035
262388,1004,1046
262389,1003,1054
262390,1007,1055
262391,1013,1052
262392,1014,1042
262393,1016,1033
262394,1013,1028
262395,1011,1040
262396,1009,1053
262397,1004,1056
262398,1002,1048
262399,1001,1039
262400,1006,1033
262401,1005,1030
262402,1007,1035
262403,1003,1039
262404,1000,1040
262405,997,1045
262406,999,1044
262407,1005,1046
262408,1007,1042
262409,1006,1040
262410,1004,1037
262411,1002,1037
262412,1007,1037
262413,1019,1035
262414,1033,1027
262415,1038,1019
262416,1033,1018
262417,1016,1022
262418,1000,1031
262419,985,1040
262420,984,1050
262421,981,1053
262422,979,1053
262423,977,1047
262424,979,1049
262425,986,1053
262426,993,1054
262427,996,1047
262428,994,1043
262429,996,1040
262430,996,1042
262431,995,1040
262432,998,1043
262433,996,1045
262434,993,1043
262435,994,1041
262436,996,1043
262437,1001,1043
262438,1005,1044
262439,1004,1042
262440,1003,1039
262441,1002,1038
262442,1003,1039
262443,1006,1043
262444,1008,1046
262445,1012,1039
262446,1010,1037
262447,1007,1035
262448,1010,1031
262449,1015,1030
262450,1019,1032
262451,1016,1035
262452,1010,1037
262453,1004,1032
262454,998,1037
262455,994,1048
262456,1001,1055
262457,1005,1047
262458,1007,1043
262459,1011,1038
262460,1018,1035
262461,1018,1035
262462,1010,1036
262463,997,1038
262464,989,1040
262465,981,1041
262466,983,1043
262467,987,1045
262468,993,1047
262469,998,1041
262470,1001,1039
262471,1003,1036
262472,1005,1037
262473,1007,1037
262474,1004,1040
262475,1002,1037
262476,998,1036
262477,994,1035
262478,986,1036
262479,978,1041
262480,976,1044
262481,973,1047
262482,978,1047
262483,982,1042
262484,988,1044
262485,994,1044
262486,1005,1042
262487,1012,1039
262488,1014,1037
262489,1012,1032
262490,1007,1037
262491,992,1035
262492,979,1043
262493,969,1054
262494,969,1059
262495,970,1059
262496,975,1058
262497,980,1058
262498,987,1054
262499,992,1050
262500,996,1042
262501,997,1036
262502,993,1036
262503,985,1041
262504,977,1050
262505,977,1056
262506,983,1055
262507,986,1053
262508,989,1047
262509,991,1049
262510,996,1047
262511,992,1045
262512,987,1041
262513,982,1047
262514,982,1046
262515,987,1049
262516,991,1053
262517,993,1048
262518,991,1046
262519,989,1042
262520,991,1043
262521,989,1046
262522,992,1047
262523,992,1045
262524,993,1042
262525,991,1042
262526,993,1045
262527,997,1047
262528,1000,1050
262529,995,1046
262530,986,1043
262531,984,1044
262532,987,1045
262533,997,1048
262534,1005,1046
262535,1015,1044
262536,1021,1038
262537,1010,1035
262538,989,1045
262539,981,1055
262540,981,1058
262541,992,1055
262542,998,1050
262543,1005,1046
262544,1017,1045
262545,1034,1039
262546,1033,1027
262547,1010,1025
262548,987,1025
262549,983,1035
262550,1002,1037
262551,1026,1032
262552,1055,1032
262553,1086,1025
262554,1121,1008
262555,1148,990
262556,1166,987
262557,1194,998
262558,1228,1021
262559,1259,1047
262560,1271,1068
262561,1259,1083
262562,1225,1089
262563,1179,1092
262564,1132,1094
262565,1078,1102
262566,1022,1106
262567,975,1106
262568,954,1103
262569,953,1100
262570,969,1083
262571,982,1065
262572,992,1053
262573,997,1041
262574,989,1038
262575,976,1039
262576,970,1047
262577,969,1052
262578,970,1050
262579,969,1044
262580,966,1044
262581,969,1047
262582,972,1046
262583,975,1046
262584,977,1043
262585,983,1040
262586,986,1038
262587,982,1035
262588,975,1039
262589,963,1044
262590,956,1047
262591,956,1049
262592,963,1049
262593,974,1048
262594,983,1044
262595,992,1041
262596,995,1034
262597,983,1032
262598,965,1039
262599,952,1048
262600,952,1050
262601,956,1047
262602,961,1044
262603,964,1041
262604,967,1040
262605,970,1038
262606,968,1042
262607,964,1042
262608,961,1042
262609,958,1043
262610,956,1044
262611,955,1047
262612,957,1046
262613,959,1048
262614,959,1044
262615,961,1041
262616,960,1038
262617,965,1040
262618,970,1041
262619,971,1037
262620,969,1032
262621,971,1028
262622,971,1029
262623,974,1031
262624,978,1028
262625,978,1027
262626,977,1024
262627,974,1021
262628,975,1023
262629,978,1023
262630,981,1022
262631,981,1015
262632,977,1014
262633,975,1012
262634,977,1015
262635,982,1015
262636,984,1013
262637,987,1008
262638,984,1008
262639,982,1006
262640,981,1005
262641,982,1006
262642,984,1004
262643,987,1003
262644,988,999
262645,986,995
262646,989,995
262647,993,999
262648,997,999
262649,994,999
262650,989,999
262651,988,998
262652,991,1000
262653,994,1004
262654,995,1001
262655,997,1000
262656,996,995
262657,998,997
262658,999,998
262659,1000,1003
262660,1003,1007
262661,1003,1006
262662,1000,1005
262663,997,1008
262664,998,1010
262665,1001,1016
262666,1005,1018
262667,1005,1017
262668,1000,1019
262669,1000,1019
262670,998,1020
262671,998,1025
262672,1001,1027
262673,1002,1029
262674,999,1028
262675,994,1030
262676,994,1035
262677,995,1040
262678,995,1043
262679,995,1040
262680,995,1041
262681,986,1045
262682,986,1045
262683,987,1049
262684,994,1051
262685,993,1048
262686,991,1047
262687,989,1048
262688,988,1047
262689,992,1051
262690,994,1052
262691,997,1051
262692,992,1050
262693,991,1048
262694,993,1050
262695,993,1052
262696,997,1049
262697,998,1050
262698,998,1047
262699,998,1046
262700,996,1046
262701,996,1049
262702,998,1050
262703,997,1048
262704,999,1047
262705,998,1045
262706,997,1050
262707,1000,1051
262708,1007,1053
262709,1009,1052
262710,1013,1047
262711,1011,1048
262712,1015,1053
262713,1020,1056
262714,1025,1059
262715,1027,1056
262716,1027,1056
262717,1028,1057
262718,1035,1053
262719,1052,1048
262720,1070,1031
262721,1081,1008
262722,1089,992
262723,1099,980
262724,1112,971
262725,1129,958
262726,1143,945
262727,1157,931
262728,1172,908
262729,1185,886
262730,1200,872
262731,1213,856
262732,1229,846
262733,1240,832
262734,1250,818
262735,1258,814
262736,1261,816
262737,1262,824
262738,1264,833
262739,1261,833
262740,1259,832
262741,1254,835
262742,1247,840
262743,1242,849
262744,1232,857
262745,1207,866
262746,1179,872
262747,1161,881
262748,1139,895
262749,1119,910
262750,1107,922
262751,1096,934
262752,1089,943
262753,1081,953
262754,1072,965
262755,1068,978
262756,1067,987
262757,1061,993
262758,1055,1000
262759,1058,1007
262760,1063,1011
262761,1076,1017
262762,1089,1015
262763,1100,1013
262764,1097,1010
262765,1076,1013
262766,1045,1023
262767,1006,1033
262768,978,1045
262769,961,1054
262770,952,1065
262771,948,1073
262772,944,1081
262773,943,1083
262774,944,1087
262775,939,1089
262776,930,1088
262777,922,1087
262778,918,1093
262779,917,1095
262780,919,1099
262781,918,1099
262782,916,1097
262783,912,1095
262784,912,1098
262785,911,1103
262786,910,1104
262787,908,1103
262788,907,1103
262789,903,1105
262790,899,1109
262791,901,1113
262792,901,1114
262793,896,1115
262794,892,1115
262795,890,1115
262796,887,1120
262797,885,1122
262798,887,1126
262799,885,1126
262800,883,1124
262801,879,1127
262802,875,1131
262803,876,1134
262804,877,1139
262805,869,1141
262806,868,1141
262807,864,1140
262808,866,1144
262809,869,1149
262810,872,1152
262811,872,1155
262812,872,1153
262813,866,1156
262814,868,1161
262815,870,1166
262816,873,1167
262817,873,1163
262818,869,1163
262819,871,1162
262820,870,1165
262821,872,1170
262822,878,1168
262823,878,1165
262824,878,1162
262825,876,1159
262826,877,1161
262827,883,1162
262828,890,1161
262829,891,1157
262830,890,1152
262831,892,1146
262832,897,1146
262833,903,1143
262834,909,1140
262835,911,1136
262836,911,1127
262837,910,1123
262838,912,1122
262839,921,1118
262840,927,1116
262841,929,1110
262842,930,1102
262843,929,1095
262844,931,1093
262845,940,1094
262846,946,1090
262847,948,1085
262848,949,1079
262849,949,1074
262850,952,1074
262851,956,1071
262852,961,1070
262853,964,1067
262854,967,1063
262855,967,1059
262856,970,1056
262857,971,1059
262858,975,1055
262859,980,1052
262860,981,1049
262861,981,1048
262862,981,1046
262863,984,1053
262864,986,1050
262865,990,1051
262866,982,1049
262867,981,1046
262868,981,1044
262869,985,1048
262870,989,1049
262871,987,1045
262872,986,1040
262873,983,1038
262874,981,1038
262875,981,1037
262876,988,1037
262877,991,1035
262878,987,1036
262879,984,1036
262880,984,1039
262881,987,1043
262882,989,1040
262883,990,1040
262884,991,1034
262885,989,1035
262886,988,1037
262887,991,1037
262888,995,1039
262889,998,1036
262890,995,1034
262891,993,1032
262892,994,1034
262893,994,1034
262894,997,1038
262895,1000,1033
262896,999,1031
262897,997,1031
262898,997,1031
262899,1000,1034
262900,1001,1036
262901,1001,1037
262902,999,1031
262903,996,1031
262904,997,1035
262905,1004,1039
262906,1009,1038
262907,1009,1035
262908,1008,1036
262909,1010,1034
262910,1012,1033
262911,1014,1034
262912,1012,1040
262913,1007,1037
262914,1003,1035
262915,998,1035
262916,998,1039
262917,1002,1043
262918,1004,1045
262919,1003,1043
262920,1001,1040
262921,998,1036
262922,996,1040
262923,1001,1042
262924,1004,1041
262925,1003,1040
262926,1000,1038
262927,997,1037
262928,999,1040
262929,1004,1040
262930,1006,1044
262931,1005,1045
262932,1001,1041
262933,996,1038
262934,996,1041
262935,998,1042
262936,1006,1041
262937,1004,1039
262938,999,1038
262939,995,1039
262940,999,1041
262941,1001,1043
262942,1004,1041
262943,1003,1038
262944,1001,1035
262945,998,1034
262946,999,1032
262947,1001,1034
262948,1005,1034
262949,1002,1031
262950,999,1026
262951,996,1027
262952,996,1030
262953,1000,1030
262954,1004,1031
262955,1002,1028
262956,999,1026
262957,998,1030
262958,999,1030
262959,999,1033
262960,1003,1036
262961,999,1034
262962,1000,1031
262963,997,1030
262964,1000,1032
262965,1003,1036
262966,1005,1034
262967,1000,1035
262968,999,1033
262969,999,1033
262970,999,1035
262971,1002,1039
262972,1001,1040
262973,999,1042
262974,998,1039
262975,1000,1039
262976,1004,1040
262977,1004,1042
262978,1007,1041
262979,1006,1038
262980,1002,1038
262981,1000,1037
262982,1001,1040
262983,1005,1044
262984,1005,1045
262985,1007,1041
262986,1006,1038
262987,1003,1035
262988,1001,1038
262989,1003,1040
262990,1008,1039
262991,1006,1038
262992,1002,1037
262993,1001,1036
262994,1001,1037
262995,1004,1038
262996,1008,1039
262997,1008,1037
262998,1006,1035
262999,1004,1034
263000,1005,1035
263001,1006,1039
263002,1007,1040
263003,1006,1037
263004,1002,1035
263005,999,1034
263006,1002,1037
263007,1001,1039
263008,1008,1039
263009,1007,1040
263010,1004,1038
263011,1000,1036
263012,999,1039
263013,1001,1041
263014,1006,1041
263015,1008,1039
263016,1005,1033
263017,1004,1036
263018,1004,1037
263019,1006,1042
263020,1011,1044
263021,1008,1042
263022,1006,1040
263023,1003,1038
263024,1005,1040
263025,1006,1044
263026,1009,1042
263027,1012,1042
263028,1010,1038
263029,1009,1035
263030,1008,1036
263031,1009,1038
263032,1012,1038
263033,1011,1035
263034,1007,1033
263035,1003,1033
263036,1002,1038
263037,1008,1039
263038,1010,1038
263039,1011,1036
263040,1009,1033
263041,1006,1032
263042,1003,1036
263043,1007,1036
263044,1011,1035
263045,1009,1036
263046,1008,1032
263047,1006,1033
263048,1009,1034
263049,1013,1037
263050,1013,1038
263051,1013,1036
263052,1011,1033
263053,1011,1033
263054,1011,1035
263055,1019,1035
263056,1024,1034
263057,1026,1030
263058,1031,1024
263059,1037,1023
263060,1050,1025
263061,1067,1026
263062,1091,1025
263063,1117,1017
263064,1142,1006
263065,1176,1000
263066,1213,1003
263067,1255,1013
263068,1292,1030
263069,1320,1049
263070,1329,1061
263071,1315,1071
263072,1283,1071
263073,1245,1072
263074,1193,1078
263075,1143,1084
263076,1083,1086
263077,1024,1088
263078,992,1089
263079,984,1084
263080,993,1071
263081,1002,1057
263082,1008,1047
263083,1006,1042
263084,1004,1040
263085,1006,1040
263086,1008,1040
263087,1004,1037
263088,1001,1035
263089,997,1031
263090,996,1032
263091,999,1035
263092,1000,1034
263093,994,1035
263094,992,1032
263095,991,1033
263096,990,1035
263097,992,1037
263098,995,1038
263099,992,1036
263100,991,1036
263101,989,1035
263102,991,1036
263103,993,1037
263104,996,1037
263105,995,1034
263106,994,1034
263107,989,1033
263108,989,1034
263109,991,1037
263110,996,1037
263111,994,1038
263112,992,1032
263113,987,1033
263114,987,1034
263115,988,1039
263116,991,1039
263117,992,1036
263118,991,1034
263119,990,1035
263120,988,1035
263121,990,1036
263122,993,1038
263123,997,1032
263124,994,1029
263125,989,1028
263126,989,1028
263127,995,1031
263128,1000,1033
263129,1001,1029
263130,999,1026
263131,998,1023
263132,1000,1024
263133,1002,1024
263134,1006,1025
263135,1006,1023
263136,1005,1020
263137,1006,1020
263138,1009,1020
263139,1013,1024
263140,1013,1024
263141,1011,1023
263142,1008,1015
263143,1007,1017
263144,1009,1014
263145,1011,1016
263146,1017,1012
263147,1018,1013
263148,1016,1007
263149,1015,1008
263150,1018,1009
263151,1019,1010
263152,1022,1009
263153,1025,1006
263154,1022,1004
263155,1019,1002
263156,1019,1003
263157,1022,1006
263158,1027,1006
263159,1027,1007
263160,1025,1003
263161,1023,1003
263162,1023,1006
263163,1027,1006
263164,1030,1008
263165,1031,1002
263166,1028,1001
263167,1031,1000
263168,1034,1003
263169,1040,1008
263170,1041,1006
263171,1041,1007
263172,1036,1003
263173,1037,1005
263174,1037,1009
263175,1039,1012
263176,1044,1015
263177,1041,1011
263178,1040,1012
263179,1037,1012
263180,1038,1012
263181,1039,1018
263182,1043,1023
263183,1041,1021
263184,1037,1019
263185,1031,1021
263186,1029,1027
263187,1033,1029
263188,1035,1031
263189,1035,1033
263190,1029,1031
263191,1024,1030
263192,1025,1035
263193,1026,1037
263194,1028,1039
263195,1024,1038
263196,1024,1035
263197,1023,1037
263198,1024,1039
263199,1025,1042
263200,1025,1041
263201,1026,1037
263202,1023,1037
263203,1019,1038
263204,1019,1041
263205,1019,1044
263206,1023,1045
263207,1022,1041
263208,1020,1040
263209,1017,1039
263210,1019,1042
263211,1020,1042
263212,1019,1045
263213,1019,1045
263214,1018,1043
263215,1016,1041
263216,1018,1043
263217,1023,1044
263218,1024,1043
263219,1026,1038
263220,1024,1035
263221,1022,1033
263222,1022,1036
263223,1024,1035
263224,1026,1034
263225,1025,1033
263226,1023,1029
263227,1022,1030
263228,1025,1029
263229,1027,1031
263230,1031,1031
263231,1030,1028
263232,1027,1025
263233,1026,1025
263234,1024,1027
263235,1029,1031
263236,1030,1030
263237,1030,1028
263238,1028,1024
263239,1025,1026
263240,1028,1027
263241,1031,1031
263242,1033,1031
263243,1033,1029
263244,1029,1028
263245,1027,1030
263246,1026,1034
263247,1028,1032
263248,1033,1035
263249,1032,1030
263250,1028,1028
263251,1026,1030
263252,1025,1033
263253,1026,1034
263254,1030,1033
263255,1029,1033
263256,1028,1031
263257,1026,1029
263258,1028,1033
263259,1027,1037
263260,1032,1040
263261,1029,1036
263262,1025,1035
263263,1023,1034
263264,1022,1038
263265,1026,1043
263266,1028,1042
263267,1027,1040
263268,1025,1038
263269,1023,1039
263270,1024,1041
263271,1025,1044
263272,1027,1042
263273,1024,1039
263274,1023,1035
263275,1022,1031
263276,1023,1033
263277,1027,1036
263278,1027,1035
263279,1027,1033
263280,1025,1029
263281,1023,1027
263282,1024,1027
263283,1027,1031
263284,1027,1032
263285,1029,1029
263286,1026,1028
263287,1028,1029
263288,1028,1030
263289,1032,1032
263290,1038,1028
263291,1042,1026
263292,1048,1023
263293,1054,1020
263294,1068,1022
263295,1085,1022
263296,1113,1019
263297,1144,1013
263298,1176,1000
263299,1213,995
263300,1253,998
263301,1296,1004
263302,1335,1020
263303,1351,1039
263304,1342,1047
263305,1309,1048
263306,1253,1052
263307,1190,1062
263308,1130,1069
263309,1071,1071
263310,1024,1067
263311,996,1063
263312,991,1056
263313,1003,1048
263314,1014,1042
263315,1020,1033
263316,1017,1029
263317,1012,1029
263318,1011,1033
263319,1010,1036
263320,1012,1038
263321,1010,1039
263322,1005,1035
263323,1001,1034
263324,1000,1033
263325,1005,1037
263326,1005,1034
263327,1002,1034
263328,1001,1032
263329,999,1029
263330,1000,1032
263331,1002,1037
263332,1005,1039
263333,1002,1037
263334,998,1033
263335,995,1036
263336,995,1039
263337,1001,1041
263338,1003,1041
263339,1003,1038
263340,1001,1036
263341,999,1036
263342,998,1038
263343,1000,1040
263344,1001,1042
263345,1000,1043
263346,998,1034
263347,992,1035
263348,993,1039
263349,996,1040
263350,1001,1037
263351,1002,1031
263352,999,1030
263353,998,1026
263354,997,1030
263355,997,1031
263356,999,1029
263357,1004,1026
263358,997,1027
263359,997,1025
263360,998,1028
263361,1002,1029
263362,1003,1027
263363,998,1025
263364,997,1021
263365,998,1024
263366,999,1024
263367,1002,1025
263368,1005,1024
263369,1008,1021
263370,1006,1016
263371,1008,1013
263372,1011,1018
263373,1012,1020
263374,1015,1017
263375,1016,1013
263376,1015,1010
263377,1014,1008
263378,1017,1008
263379,1021,1007
263380,1025,1011
263381,1024,1008
263382,1024,1005
263383,1024,1003
263384,1026,1002
263385,1029,1008
263386,1032,1005
263387,1032,1005
263388,1027,999
263389,1028,997
263390,1030,998
263391,1033,1001
263392,1036,1000
263393,1036,1001
263394,1035,999
263395,1032,999
263396,1033,1001
263397,1035,1006
263398,1037,1008
263399,1036,1005
263400,1034,1006
263401,1031,1005
263402,1029,1004
263403,1030,1010
263404,1031,1014
263405,1028,1016
263406,1024,1016
263407,1021,1018
263408,1022,1020
263409,1024,1026
263410,1024,1027
263411,1023,1030
263412,1018,1029
263413,1013,1030
263414,1014,1035
263415,1013,1038
263416,1015,1039
263417,1016,1039
263418,1012,1037
263419,1008,1038
263420,1010,1040
263421,1010,1042
263422,1012,1044
263423,1013,1043
263424,1009,1039
263425,1007,1038
263426,1010,1043
263427,1011,1043
263428,1014,1046
263429,1013,1044
263430,1012,1042
263431,1006,1046
263432,1007,1047
263433,1009,1048
263434,1014,1049
263435,1012,1045
263436,1010,1041
263437,1008,1042
263438,1010,1046
263439,1013,1049
263440,1015,1048
263441,1013,1042
263442,1012,1040
263443,1008,1043
263444,1008,1046
263445,1007,1049
263446,1010,1047
263447,1008,1044
263448,1005,1042
263449,1001,1039
263450,1004,1040
263451,1006,1042
263452,1009,1041
263453,1009,1044
263454,1006,1040
263455,1003,1039
263456,1004,1041
263457,1008,1044
263458,1012,1043
263459,1010,1042
263460,1009,1040
263461,1006,1041
263462,1009,1043
263463,1009,1044
263464,1014,1043
263465,1013,1040
263466,1009,1037
263467,1011,1039
263468,1012,1041
263469,1013,1041
263470,1016,1040
263471,1012,1037
263472,1012,1034
263473,1010,1035
263474,1012,1038
263475,1015,1042
263476,1018,1042
263477,1016,1042
263478,1014,1038
263479,1011,1037
263480,1012,1039
263481,1017,1039
263482,1019,1040
263483,1016,1041
263484,1011,1039
263485,1008,1043
263486,1007,1044
263487,1011,1046
263488,1014,1045
263489,1012,1043
263490,1010,1043
263491,1007,1047
263492,1008,1048
263493,1011,1051
263494,1013,1050
263495,1011,1047
263496,1009,1047
263497,1007,1048
263498,1010,1049
263499,1010,1052
263500,1013,1051
263501,1011,1049
263502,1009,1046
263503,1008,1046
263504,1006,1044
263505,1007,1047
263506,1011,1048
263507,1009,1047
263508,1005,1045
263509,1005,1043
263510,1004,1045
263511,1008,1044
263512,1009,1041
263513,1009,1040
263514,1006,1040
263515,1005,1039
263516,1004,1041
263517,1007,1043
263518,1010,1042
263519,1008,1039
263520,1006,1037
263521,1005,1034
263522,1006,1035
263523,1008,1038
263524,1012,1040
263525,1009,1038
263526,1008,1036
263527,1004,1041
263528,1005,1042
263529,1010,1042
263530,1014,1041
263531,1014,1038
263532,1011,1036
263533,1007,1038
263534,1011,1040
263535,1016,1045
263536,1016,1047
263537,1016,1044
263538,1013,1039
263539,1012,1040
263540,1017,1036
263541,1026,1038
263542,1038,1036
263543,1050,1033
263544,1063,1032
263545,1082,1028
263546,1110,1027
263547,1148,1019
263548,1185,1009
263549,1221,1002
263550,1259,1004
263551,1289,1020
263552,1309,1041
263553,1312,1058
263554,1292,1062
263555,1245,1063
263556,1182,1064
263557,1123,1070
263558,1064,1079
263559,1015,1082
263560,988,1081
263561,980,1071
263562,983,1057
263563,989,1046
263564,995,1042
263565,999,1038
263566,999,1034
263567,995,1033
263568,992,1030
263569,989,1030
263570,985,1032
263571,986,1039
263572,987,1039
263573,985,1040
263574,981,1036
263575,981,1035
263576,977,1039
263577,982,1041
263578,981,1041
263579,983,1039
263580,979,1037
263581,975,1044
263582,976,1043
263583,980,1043
263584,981,1045
263585,981,1044
263586,979,1042
263587,975,1041
263588,975,1041
263589,978,1044
263590,985,1042
263591,984,1040
263592,981,1039
263593,978,1041
263594,981,1045
263595,986,1048
263596,989,1049
263597,989,1044
263598,987,1041
263599,983,1042
263600,981,1043
263601,985,1046
263602,989,1044
263603,991,1041
263604,990,1039
263605,983,1041
263606,985,1041
263607,989,1041
263608,990,1037
263609,987,1038
263610,987,1034
263611,984,1036
263612,986,1035
263613,986,1037
263614,989,1035
263615,990,1030
263616,986,1026
263617,984,1027
263618,988,1031
263619,992,1035
263620,996,1035
263621,997,1033
263622,995,1023
263623,995,1016
263624,995,1014
263625,999,1018
263626,1000,1020
263627,997,1015
263628,997,1015
263629,997,1018
263630,1000,1020
263631,1004,1020
263632,1008,1019
263633,1009,1014
263634,1006,1012
263635,1004,1014
263636,1008,1015
263637,1013,1016
263638,1015,1014
263639,1017,1010
263640,1016,1007
263641,1018,1006
263642,1017,1006
263643,1020,1011
263644,1024,1012
263645,1021,1011
263646,1017,1010
263647,1016,1009
263648,1020,1012
263649,1024,1013
263650,1028,1014
263651,1025,1013
263652,1023,1014
263653,1022,1016
263654,1023,1017
263655,1024,1019
263656,1027,1021
263657,1022,1022
263658,1020,1022
263659,1016,1022
263660,1018,1029
263661,1020,1034
263662,1021,1037
263663,1018,1035
263664,1014,1038
263665,1009,1038
263666,1006,1042
263667,1007,1045
263668,1007,1043
263669,1005,1043
263670,999,1043
263671,997,1044
263672,998,1049
263673,998,1051
263674,998,1052
263675,996,1048
263676,990,1046
263677,987,1045
263678,990,1048
263679,994,1049
263680,998,1050
263681,997,1050
263682,995,1045
263683,994,1045
263684,995,1049
263685,996,1053
263686,998,1048
263687,997,1048
263688,996,1045
263689,995,1045
263690,997,1043
263691,999,1045
263692,1001,1046
263693,1001,1044
263694,999,1038
263695,997,1038
263696,997,1037
263697,1001,1043
263698,1004,1043
263699,1005,1043
263700,1004,1038
263701,1005,1037
263702,1009,1037
263703,1013,1037
263704,1018,1042
263705,1020,1042
263706,1024,1044
263707,1026,1047
263708,1030,1052
263709,1035,1057
263710,1040,1057
263711,1045,1057
263712,1047,1053
263713,1056,1048
263714,1073,1035
263715,1086,1021
263716,1104,1004
263717,1117,987
263718,1129,972
263719,1143,953
263720,1161,936
263721,1180,917
263722,1199,892
263723,1218,864
263724,1225,848
263725,1238,836
263726,1249,826
263727,1262,818
263728,1270,814
263729,1265,815
263730,1261,812
263731,1255,812
263732,1250,812
263733,1245,819
263734,1237,819
263735,1219,823
263736,1198,826
263737,1177,836
263738,1156,849
263739,1136,861
263740,1116,871
263741,1098,882
263742,1085,895
263743,1076,910
263744,1070,924
263745,1069,933
263746,1068,945
263747,1061,954
263748,1057,965
263749,1061,975
263750,1068,989
263751,1083,997
263752,1096,1001
263753,1103,1005
263754,1092,1010
263755,1062,1018
263756,1019,1032
263757,986,1047
263758,967,1062
263759,952,1070
263760,945,1082
263761,937,1088
263762,932,1092
263763,928,1098
263764,928,1097
263765,926,1100
263766,919,1102
263767,915,1102
263768,915,1108
263769,913,1111
263770,911,1113
263771,910,1111
263772,904,1108
263773,903,1109
263774,905,1112
263775,908,1117
263776,909,1116
263777,907,1117
263778,902,1117
263779,900,1118
263780,894,1120
263781,895,1124
263782,897,1124
263783,893,1125
263784,890,1126
263785,887,1130
263786,883,1136
263787,884,1141
263788,882,1143
263789,879,1146
263790,877,1145
263791,873,1147
263792,873,1153
263793,874,1159
263794,877,1164
263795,875,1164
263796,874,1162
263797,871,1166
263798,871,1172
263799,869,1175
263800,872,1177
263801,873,1178
263802,869,1179
263803,867,1183
263804,866,1187
263805,870,1190
263806,875,1191
263807,877,1192
263808,875,1188
263809,874,1187
263810,878,1189
263811,881,1191
263812,886,1189
263813,893,1186
263814,894,1183
263815,897,1180
263816,901,1178
263817,909,1175
263818,917,1170
263819,920,1160
263820,921,1154
263821,924,1150
263822,930,1145
263823,937,1140
263824,942,1137
263825,945,1130
263826,941,1122
263827,943,1116
263828,947,1113
263829,953,1113
263830,958,1107
263831,962,1099
263832,961,1094
263833,958,1089
263834,958,1089
263835,961,1089
263836,965,1083
263837,965,1074
263838,962,1069
263839,963,1067
263840,965,1066
263841,967,1067
263842,971,1067
263843,969,1060
263844,969,1059
263845,964,1056
263846,967,1057
263847,973,1058
263848,976,1057
263849,976,1053
263850,977,1049
263851,976,1050
263852,976,1052
263853,978,1054
263854,981,1055
263855,981,1052
263856,979,1046
263857,979,1046
263858,983,1050
263859,987,1052
263860,990,1054
263861,987,1053
263862,981,1054
263863,978,1047
263864,982,1047
263865,984,1043
263866,986,1045
263867,986,1042
263868,984,1041
263869,981,1044
263870,983,1047
263871,984,1048
263872,986,1049
263873,985,1048
263874,983,1043
263875,980,1045
263876,979,1045
263877,983,1047
263878,988,1046
263879,987,1042
263880,985,1043
263881,982,1041
263882,984,1042
263883,987,1045
263884,990,1044
263885,990,1042
263886,990,1039
263887,988,1044
263888,990,1044
263889,992,1045
263890,990,1045
263891,989,1042
263892,987,1040
263893,987,1041
263894,987,1046
263895,987,1046
263896,989,1046
263897,988,1044
263898,989,1042
263899,987,1043
263900,984,1046
263901,989,1049
263902,991,1046
263903,988,1043
263904,985,1044
263905,984,1043
263906,987,1047
263907,991,1049
263908,993,1047
263909,995,1044
263910,990,1038
263911,986,1041
263912,985,1041
263913,981,1045
263914,984,1045
263915,985,1042
263916,985,1039
263917,987,1039
263918,989,1041
263919,990,1042
263920,992,1043
263921,989,1039
263922,987,1037
263923,985,1039
263924,988,1042
263925,992,1042
263926,996,1044
263927,994,1039
263928,989,1035
263929,988,1037
263930,989,1040
263931,990,1044
263932,992,1042
263933,991,1036
263934,986,1036
263935,985,1035
263936,989,1041
263937,992,1045
263938,994,1043
263939,990,1044
263940,988,1040
263941,986,1038
263942,988,1040
263943,991,1041
263944,989,1041
263945,990,1040
263946,992,1040
263947,989,1038
263948,990,1042
263949,994,1047
263950,993,1049
263951,990,1043
263952,988,1039
263953,985,1041
263954,985,1042
263955,988,1045
263956,991,1045
263957,989,1044
263958,987,1043
263959,983,1041
263960,986,1042
263961,988,1044
263962,990,1047
263963,992,1048
263964,988,1044
263965,986,1039
263966,987,1045
263967,990,1044
263968,992,1043
263969,992,1039
263970,988,1040
263971,989,1039
263972,988,1042
263973,991,1042
263974,991,1043
263975,992,1043
263976,989,1039
263977,988,1039
263978,989,1039
263979,989,1043
263980,993,1042
263981,992,1042
263982,991,1041
263983,989,1040
263984,991,1042
263985,993,1045
263986,992,1046
263987,994,1042
263988,992,1039
263989,990,1041
263990,990,1041
263991,993,1045
263992,994,1042
263993,994,1039
263994,994,1034
263995,991,1036
263996,990,1038
263997,992,1041
263998,992,1040
263999,993,1040
264000,992,1037
264001,989,1037
264002,986,1039
264003,991,1043
264004,991,1043
264005,993,1041
264006,993,1037
264007,992,1036
264008,993,1040
264009,996,1044
264010,1000,1045
264011,996,1042
264012,992,1041
264013,989,1042
264014,988,1042
264015,992,1042
264016,994,1041
264017,995,1040
264018,995,1041
264019,993,1042
264020,994,1046
264021,995,1046
264022,994,1044
264023,992,1040
264024,990,1038
264025,989,1039
264026,990,1043
264027,996,1044
264028,998,1039
264029,996,1038
264030,992,1037
264031,991,1041
264032,993,1045
264033,995,1047
264034,996,1045
264035,996,1044
264036,996,1044
264037,994,1041
264038,996,1047
264039,995,1047
264040,999,1045
264041,1000,1045
264042,1001,1042
264043,997,1044
264044,999,1044
264045,999,1047
264046,1000,1045
264047,998,1043
264048,996,1039
264049,994,1042
264050,995,1042
264051,999,1046
264052,1000,1045
264053,999,1046
264054,995,1041
264055,992,1038
264056,992,1038
264057,997,1042
264058,999,1038
264059,1000,1038
264060,996,1036
264061,995,1038
264062,996,1041
264063,1000,1040
264064,1000,1039
264065,996,1036
264066,992,1033
264067,991,1034
264068,992,1035
264069,994,1037
264070,996,1038
264071,999,1033
264072,997,1031
264073,995,1028
264074,992,1035
264075,996,1038
264076,998,1040
264077,997,1038
264078,997,1032
264079,994,1035
264080,994,1037
264081,999,1040
264082,997,1038
264083,996,1035
264084,995,1031
264085,993,1035
264086,995,1042
264087,993,1047
264088,997,1044
264089,999,1039
264090,996,1036
264091,991,1037
264092,994,1039
264093,997,1042
264094,999,1044
264095,999,1043
264096,997,1041
264097,996,1041
264098,998,1042
264099,1002,1047
264100,1006,1046
264101,1006,1044
264102,1003,1043
264103,1001,1042
264104,1000,1045
264105,1004,1047
264106,1007,1044
264107,1005,1043
264108,1002,1039
264109,1004,1039
264110,1005,1041
264111,1005,1043
264112,1008,1047
264113,1009,1046
264114,1010,1039
264115,1009,1036
264116,1010,1036
264117,1012,1033
264118,1017,1029
264119,1026,1021
264120,1032,1016
264121,1048,1017
264122,1067,1021
264123,1091,1019
264124,1119,1011
264125,1149,1004
264126,1181,996
264127,1216,1000
264128,1252,1010
264129,1282,1023
264130,1293,1036
264131,1280,1043
264132,1247,1037
264133,1196,1038
264134,1135,1049
264135,1080,1064
264136,1029,1071
264137,985,1075
264138,961,1074
264139,962,1072
264140,974,1065
264141,985,1055
264142,992,1051
264143,993,1043
264144,989,1041
264145,983,1040
264146,981,1042
264147,984,1045
264148,986,1049
264149,984,1046
264150,979,1046
264151,976,1048
264152,980,1048
264153,982,1051
264154,982,1048
264155,981,1042
264156,978,1039
264157,974,1042
264158,976,1048
264159,980,1047
264160,984,1043
264161,979,1041
264162,977,1037
264163,973,1039
264164,975,1040
264165,978,1044
264166,980,1040
264167,980,1035
264168,975,1026
264169,970,1024
264170,972,1024
264171,972,1029
264172,974,1033
264173,971,1030
264174,972,1027
264175,972,1025
264176,975,1030
264177,976,1033
264178,980,1030
264179,982,1029
264180,978,1025
264181,977,1027
264182,976,1029
264183,978,1031
264184,980,1031
264185,977,1031
264186,975,1031
264187,976,1030
264188,980,1027
264189,985,1027
264190,988,1023
264191,986,1021
264192,983,1020
264193,982,1022
264194,985,1024
264195,991,1025
264196,993,1025
264197,993,1024
264198,990,1021
264199,988,1019
264200,991,1022
264201,994,1019
264202,1001,1020
264203,1001,1020
264204,1001,1020
264205,998,1020
264206,1001,1019
264207,1003,1018
264208,1006,1014
264209,1007,1012
264210,1008,1010
264211,1006,1005
264212,1006,1005
264213,1010,1011
264214,1014,1010
264215,1015,1008
264216,1014,1003
264217,1011,1003
264218,1012,1007
264219,1017,1009
264220,1022,1008
264221,1021,1003
264222,1020,1005
264223,1020,1009
264224,1024,1012
264225,1028,1016
264226,1030,1012
264227,1032,1005
264228,1031,1004
264229,1027,1007
264230,1028,1011
264231,1031,1015
264232,1031,1018
264233,1029,1018
264234,1025,1018
264235,1023,1021
264236,1025,1025
264237,1025,1028
264238,1025,1031
264239,1021,1031
264240,1014,1030
264241,1011,1034
264242,1010,1034
264243,1011,1039
264244,1014,1032
264245,1011,1032
264246,1008,1031
264247,1008,1034
264248,1007,1036
264249,1008,1037
264250,1014,1036
264251,1011,1032
264252,1009,1033
264253,1000,1036
264254,1001,1041
264255,1004,1042
264256,1006,1042
264257,1008,1041
264258,1002,1038
264259,1001,1040
264260,1005,1041
264261,1007,1041
264262,1007,1043
264263,1008,1043
264264,1004,1042
264265,1001,1043
264266,1004,1045
264267,1007,1044
264268,1009,1042
264269,1010,1039
264270,1008,1035
264271,1006,1038
264272,1012,1041
264273,1014,1043
264274,1017,1040
264275,1016,1039
264276,1016,1036
264277,1014,1040
264278,1015,1041
264279,1017,1046
264280,1017,1044
264281,1013,1040
264282,1007,1039
264283,1005,1038
264284,1008,1032
264285,1011,1032
264286,1011,1030
264287,1011,1030
264288,1007,1030
264289,1005,1029
264290,1009,1028
264291,1012,1029
264292,1014,1025
264293,1010,1025
264294,1008,1023
264295,1010,1024
264296,1009,1027
264297,1012,1029
264298,1011,1026
264299,1011,1022
264300,1010,1023
264301,1008,1026
264302,1010,1031
264303,1014,1033
264304,1012,1033
264305,1011,1031
264306,1008,1029
264307,1008,1029
264308,1008,1029
264309,1009,1036
264310,1007,1034
264311,1005,1036
264312,1008,1034
264313,1003,1035
264314,1001,1036
264315,1003,1037
264316,1006,1037
264317,1008,1034
264318,1006,1033
264319,1000,1034
264320,999,1036
264321,1003,1042
264322,1005,1038
264323,1003,1035
264324,1003,1034
264325,1001,1035
264326,1005,1036
264327,1009,1041
264328,1012,1043
264329,1005,1042
264330,1004,1038
264331,1002,1037
264332,1001,1039
264333,1003,1042
264334,1004,1040
264335,1002,1042
264336,1001,1041
264337,998,1042
264338,998,1044
264339,1002,1044
264340,1003,1045
264341,1002,1045
264342,997,1041
264343,994,1044
264344,998,1043
264345,1000,1043
264346,1005,1039
264347,1002,1033
264348,1003,1033
264349,1002,1032
264350,1005,1032
264351,1008,1034
264352,1011,1036
264353,1008,1030
264354,1011,1029
264355,1018,1027
264356,1030,1026
264357,1045,1023
264358,1060,1018
264359,1078,1015
264360,1102,1009
264361,1135,1003
264362,1172,1002
264363,1213,1005
264364,1253,1004
264365,1282,1013
264366,1301,1024
264367,1298,1035
264368,1284,1042
264369,1258,1045
264370,1223,1041
264371,1168,1046
264372,1115,1056
264373,1055,1069
264374,1004,1082
264375,971,1088
264376,963,1087
264377,966,1077
264378,972,1062
264379,979,1054
264380,987,1047
264381,992,1045
264382,992,1041
264383,989,1038
264384,984,1033
264385,983,1034
264386,984,1036
264387,985,1038
264388,987,1038
264389,983,1034
264390,979,1030
264391,975,1033
264392,971,1036
264393,975,1041
264394,975,1041
264395,976,1039
264396,975,1035
264397,972,1035
264398,974,1038
264399,977,1042
264400,977,1037
264401,976,1032
264402,969,1026
264403,968,1028
264404,972,1030
264405,974,1037
264406,973,1037
264407,975,1035
264408,972,1029
264409,973,1028
264410,971,1028
264411,973,1031
264412,974,1029
264413,975,1030
264414,970,1028
264415,972,1028
264416,972,1031
264417,979,1036
264418,982,1035
264419,983,1032
264420,982,1029
264421,979,1028
264422,977,1027
264423,978,1029
264424,979,1031
264425,978,1029
264426,977,1029
264427,979,1031
264428,979,1028
264429,986,1027
264430,989,1026
264431,989,1024
264432,985,1020
264433,981,1019
264434,986,1020
264435,989,1023
264436,992,1020
264437,990,1016
264438,988,1009
264439,990,1008
264440,992,1010
264441,997,1010
264442,1001,1007
264443,1000,1004
264444,998,999
264445,998,998
264446,1001,1000
264447,1002,1001
264448,1007,999
264449,1006,996
264450,1008,993
264451,1008,994
264452,1009,994
264453,1010,998
264454,1014,995
264455,1010,992
264456,1008,990
264457,1010,991
264458,1012,993
264459,1012,994
264460,1013,996
264461,1013,996
264462,1014,991
264463,1014,994
264464,1016,1002
264465,1017,1008
264466,1018,1007
264467,1016,1007
264468,1015,1006
264469,1014,1010
264470,1016,1014
264471,1018,1019
264472,1017,1022
264473,1011,1023
264474,1002,1021
264475,1002,1028
264476,1006,1031
264477,1005,1036
264478,1008,1035
264479,1004,1034
264480,1000,1034
264481,996,1037
264482,994,1040
264483,995,1045
264484,994,1046
264485,992,1043
264486,988,1042
264487,984,1045
264488,986,1047
264489,987,1051
264490,988,1053
264491,986,1054
264492,984,1047
264493,981,1045
264494,985,1045
264495,989,1048
264496,988,1045
264497,987,1044
264498,984,1039
264499,982,1043
264500,984,1044
264501,987,1046
264502,986,1043
264503,984,1042
264504,981,1042
264505,979,1042
264506,982,1042
264507,987,1044
264508,992,1043
264509,989,1040
264510,986,1039
264511,986,1039
264512,987,1041
264513,986,1046
264514,992,1048
264515,994,1047
264516,993,1045
264517,990,1046
264518,992,1048
264519,995,1049
264520,1001,1049
264521,997,1045
264522,996,1043
264523,994,1047
264524,993,1048
264525,995,1048
264526,996,1045
264527,995,1042
264528,991,1041
264529,989,1041
264530,991,1045
264531,994,1048
264532,997,1050
264533,996,1046
264534,994,1044
264535,990,1045
264536,989,1047
264537,988,1051
264538,990,1050
264539,990,1044
264540,989,1039
264541,989,1040
264542,990,1041
264543,990,1046
264544,991,1046
264545,989,1043
264546,984,1041
264547,982,1041
264548,982,1042
264549,988,1049
264550,988,1044
264551,988,1043
264552,985,1044
264553,983,1046
264554,986,1044
264555,988,1047
264556,988,1044
264557,984,1041
264558,981,1040
264559,978,1040
264560,983,1043
264561,986,1049
264562,988,1048
264563,987,1045
264564,984,1043
264565,982,1044
264566,983,1044
264567,987,1051
264568,986,1048
264569,986,1045
264570,985,1045
264571,985,1045
264572,986,1045
264573,989,1048
264574,992,1047
264575,989,1040
264576,986,1040
264577,985,1039
264578,987,1040
264579,990,1045
264580,992,1042
264581,991,1040
264582,988,1034
264583,986,1035
264584,987,1038
264585,989,1044
264586,993,1044
264587,991,1040
264588,988,1039
264589,987,1037
264590,991,1040
264591,995,1043
264592,997,1041
264593,997,1039
264594,994,1038
264595,993,1038
264596,996,1042
264597,998,1042
264598,997,1040
264599,998,1037
264600,993,1035
264601,992,1032
264602,996,1036
264603,1005,1039
264604,1017,1034
264605,1031,1031
264606,1041,1027
264607,1058,1028
264608,1081,1029
264609,1111,1029
264610,1140,1019
264611,1174,1013
264612,1208,1008
264613,1245,1015
264614,1277,1027
264615,1299,1042
264616,1296,1050
264617,1268,1050
264618,1217,1050
264619,1156,1055
264620,1094,1070
264621,1041,1084
264622,991,1092
264623,958,1091
264624,950,1083
264625,960,1072
264626,971,1066
264627,979,1061
264628,987,1052
264629,988,1047
264630,982,1044
264631,976,1042
264632,973,1041
264633,975,1043
264634,977,1039
264635,975,1038
264636,972,1035
264637,968,1037
264638,970,1039
264639,970,1037
264640,973,1034
264641,970,1032
264642,966,1029
264643,967,1031
264644,966,1036
264645,968,1038
264646,968,1035
264647,968,1034
264648,962,1034
264649,962,1033
264650,965,1035
264651,967,1039
264652,967,1039
264653,966,1037
264654,959,1037
264655,957,1035
264656,958,1038
264657,961,1038
264658,962,1039
264659,962,1040
264660,957,1038
264661,959,1039
264662,960,1045
264663,965,1045
264664,966,1044
264665,964,1042
264666,962,1040
264667,962,1041
264668,964,1042
264669,968,1045
264670,971,1047
264671,968,1044
264672,966,1041
264673,966,1044
264674,970,1043
264675,971,1046
264676,974,1045
264677,974,1042
264678,974,1041
264679,974,1041
264680,978,1040
264681,983,1040
264682,985,1036
264683,982,1029
264684,982,1024
264685,981,1022
264686,985,1022
264687,986,1024
264688,992,1020
264689,991,1016
264690,991,1014
264691,990,1010
264692,993,1010
264693,994,1008
264694,998,1006
264695,991,1001
264696,991,999
264697,991,999
264698,992,1004
264699,997,1004
264700,998,1003
264701,1000,999
264702,998,995
264703,997,994
264704,997,997
264705,1002,1003
264706,1004,1002
264707,1002,1000
264708,1000,999
264709,998,999
264710,1000,1001
264711,1006,1002
264712,1010,1003
264713,1009,999
264714,1004,1000
264715,1003,1001
264716,1005,1006
264717,1006,1011
264718,1006,1011
264719,1007,1012
264720,1001,1012
264721,1000,1017
264722,1001,1020
264723,1001,1029
264724,1003,1031
264725,1001,1030
264726,1000,1028
264727,998,1028
264728,996,1035
264729,998,1042
264730,997,1043
264731,996,1043
264732,992,1044
264733,991,1044
264734,994,1048
264735,994,1049
264736,992,1051
264737,992,1044
264738,989,1040
264739,986,1042
264740,988,1045
264741,989,1049
264742,989,1046
264743,987,1044
264744,984,1044
264745,982,1045
264746,984,1047
264747,983,1053
264748,984,1047
264749,983,1045
264750,980,1045
264751,978,1047
264752,978,1051
264753,982,1055
264754,985,1053
264755,984,1048
264756,983,1047
264757,982,1046
264758,983,1046
264759,984,1052
264760,987,1049
264761,984,1047
264762,981,1045
264763,982,1044
264764,982,1045
264765,987,1048
264766,991,1048
264767,993,1047
264768,993,1041
264769,990,1041
264770,996,1045
264771,999,1046
264772,1006,1046
264773,1006,1043
264774,1012,1043
264775,1013,1045
264776,1018,1052
264777,1023,1055
264778,1026,1057
264779,1028,1056
264780,1031,1055
264781,1038,1055
264782,1051,1047
264783,1063,1038
264784,1077,1023
264785,1086,1005
264786,1097,991
264787,1110,979
264788,1128,965
264789,1148,956
264790,1164,938
264791,1179,916
264792,1193,892
264793,1208,868
264794,1224,855
264795,1242,847
264796,1255,835
264797,1261,825
264798,1262,819
264799,1259,818
264800,1257,821
264801,1258,821
264802,1257,819
264803,1251,813
264804,1237,812
264805,1221,815
264806,1210,822
264807,1199,828
264808,1179,836
264809,1159,843
264810,1137,850
264811,1115,861
264812,1101,873
264813,1088,886
264814,1078,896
264815,1074,907
264816,1068,915
264817,1064,927
264818,1064,941
264819,1062,953
264820,1060,961
264821,1062,969
264822,1063,971
264823,1070,978
264824,1082,981
264825,1097,987
264826,1099,991
264827,1082,996
264828,1049,1002
264829,1010,1015
264830,978,1031
264831,958,1047
264832,944,1059
264833,933,1068
264834,924,1077
264835,920,1084
264836,916,1087
264837,913,1092
264838,913,1094
264839,907,1097
264840,900,1096
264841,896,1102
264842,897,1109
264843,896,1115
264844,897,1118
264845,893,1113
264846,887,1114
264847,884,1117
264848,883,1121
264849,886,1124
264850,885,1128
264851,883,1126
264852,879,1125
264853,876,1128
264854,873,1130
264855,876,1140
264856,875,1139
264857,872,1139
264858,870,1138
264859,866,1140
264860,867,1144
264861,867,1150
264862,867,1151
264863,860,1151
264864,856,1149
264865,852,1152
264866,848,1159
264867,850,1162
264868,850,1167
264869,847,1166
264870,844,1165
264871,841,1170
264872,843,1175
264873,843,1180
264874,844,1181
264875,840,1180
264876,841,1182
264877,839,1188
264878,842,1193
264879,846,1197
264880,849,1198
264881,848,1199
264882,847,1197
264883,848,1201
264884,853,1202
264885,858,1205
264886,859,1206
264887,863,1203
264888,867,1202
264889,867,1201
264890,873,1200
264891,879,1201
264892,884,1194
264893,887,1187
264894,888,1180
264895,889,1178
264896,899,1176
264897,906,1175
264898,911,1167
264899,916,1159
264900,917,1153
264901,921,1147
264902,927,1144
264903,930,1140
264904,937,1134
264905,938,1127
264906,938,1120
264907,940,1114
264908,947,1109
264909,952,1105
264910,954,1097
264911,958,1090
264912,955,1085
264913,954,1081
264914,956,1082
264915,960,1076
264916,960,1074
264917,958,1069
264918,955,1065
264919,957,1063
264920,957,1061
264921,960,1064
264922,962,1059
264923,959,1055
264924,957,1055
264925,956,1058
264926,958,1060
264927,962,1062
264928,967,1059
264929,966,1059
264930,963,1055
264931,960,1057
264932,961,1058
264933,962,1063
264934,964,1059
264935,964,1058
264936,960,1051
264937,960,1053
264938,964,1055
264939,966,1056
264940,967,1056
264941,967,1051
264942,964,1049
264943,961,1048
264944,962,1050
264945,967,1053
264946,970,1051
264947,970,1048
264948,966,1045
264949,968,1044
264950,969,1044
264951,972,1046
264952,973,1046
264953,973,1043
264954,969,1037
264955,970,1039
264956,972,1041
264957,977,1044
264958,976,1039
264959,977,1037
264960,971,1034
264961,972,1037
264962,970,1038
264963,976,1041
264964,978,1040
264965,976,1038
264966,974,1035
264967,973,1033
264968,979,1036
264969,981,1036
264970,983,1039
264971,981,1034
264972,976,1035
264973,976,1037
264974,977,1039
264975,977,1043
264976,981,1043
264977,978,1041
264978,975,1039
264979,974,1039
264980,975,1043
264981,978,1045
264982,980,1043
264983,978,1043
264984,977,1038
264985,973,1039
264986,977,1042
264987,978,1043
264988,982,1041
264989,982,1038
264990,977,1034
264991,974,1036
264992,975,1037
264993,978,1038
264994,979,1036
264995,976,1036
264996,977,1035
264997,976,1036
264998,979,1038
264999,981,1038
265000,982,1031
265001,976,1029
265002,975,1027
265003,975,1031
265004,977,1033
265005,981,1036
265006,984,1035
265007,984,1032
265008,980,1031
265009,980,1034
265010,982,1035
265011,984,1039
265012,985,1037
265013,983,1037
265014,981,1033
265015,979,1037
265016,983,1038
265017,985,1041
265018,988,1039
265019,986,1038
265020,982,1036
265021,981,1039
265022,980,1040
265023,985,1040
265024,985,1039
265025,981,1036
265026,979,1038
265027,978,1038
265028,982,1041
265029,985,1044
265030,984,1044
265031,984,1039
265032,982,1039
265033,979,1039
265034,982,1043
265035,982,1046
265036,984,1045
265037,985,1038
265038,986,1032
265039,983,1030
265040,985,1032
265041,986,1036
265042,988,1035
265043,987,1030
265044,986,1027
265045,983,1027
265046,985,1028
265047,988,1028
265048,989,1026
265049,989,1024
265050,986,1021
265051,988,1022
265052,989,1024
265053,989,1026
265054,991,1027
265055,989,1024
265056,988,1020
265057,986,1019
265058,991,1025
265059,992,1025
265060,994,1027
265061,992,1025
265062,989,1025
265063,990,1026
265064,994,1029
265065,996,1035
265066,996,1036
265067,998,1032
265068,994,1028
265069,998,1028
265070,998,1031
265071,1000,1033
265072,1003,1037
265073,1000,1033
265074,998,1032
265075,998,1032
265076,1001,1035
265077,1006,1038
265078,1008,1035
265079,1012,1032
265080,1019,1027
265081,1030,1024
265082,1045,1027
265083,1064,1025
265084,1086,1021
265085,1112,1013
265086,1143,1003
265087,1174,998
265088,1210,994
265089,1245,996
265090,1278,1004
265091,1300,1012
265092,1303,1023
265093,1288,1030
265094,1255,1034
265095,1207,1043
265096,1155,1049
265097,1100,1052
265098,1050,1055
265099,1007,1055
265100,985,1058
265101,981,1052
265102,987,1042
265103,993,1031
265104,996,1026
265105,994,1027
265106,992,1029
265107,990,1030
265108,990,1029
265109,986,1027
265110,983,1026
265111,981,1029
265112,980,1032
265113,983,1035
265114,982,1037
265115,978,1040
265116,977,1038
265117,977,1040
265118,977,1043
265119,979,1044
265120,980,1042
265121,978,1040
265122,972,1034
265123,970,1035
265124,975,1038
265125,976,1037
265126,976,1036
265127,975,1034
265128,971,1033
265129,969,1033
265130,970,1034
265131,970,1039
265132,973,1037
265133,972,1031
265134,967,1031
265135,968,1033
265136,969,1034
265137,970,1035
265138,971,1033
265139,968,1031
265140,969,1027
265141,970,1030
265142,972,1033
265143,974,1033
265144,976,1030
265145,974,1027
265146,973,1025
265147,973,1025
265148,975,1030
265149,977,1031
265150,979,1027
265151,980,1025
265152,980,1023
265153,979,1025
265154,979,1027
265155,983,1030
265156,982,1027
265157,984,1024
265158,981,1024
265159,982,1023
265160,984,1027
265161,987,1028
265162,989,1025
265163,991,1022
265164,987,1017
265165,988,1018
265166,992,1020
265167,996,1022
265168,1000,1021
265169,996,1018
265170,997,1014
265171,996,1014
265172,999,1016
265173,1004,1017
265174,1005,1016
265175,1004,1012
265176,1002,1010
265177,1004,1012
265178,1008,1013
265179,1010,1013
265180,1012,1009
265181,1011,1005
265182,1011,1001
265183,1011,1001
265184,1015,1003
265185,1019,1002
265186,1021,1002
265187,1021,998
265188,1018,994
265189,1021,997
265190,1023,998
265191,1027,1003
265192,1027,1002
265193,1027,1000
265194,1027,999
265195,1025,1001
265196,1027,1003
265197,1030,1010
265198,1031,1008
265199,1030,1007
265200,1026,1008
265201,1028,1011
265202,1029,1014
265203,1031,1017
265204,1030,1018
265205,1025,1021
265206,1022,1018
265207,1018,1021
265208,1020,1026
265209,1021,1029
265210,1019,1030
265211,1015,1027
265212,1013,1027
265213,1008,1031
265214,1007,1033
265215,1009,1035
265216,1012,1036
265217,1006,1037
265218,1004,1036
265219,999,1038
265220,999,1038
265221,1001,1041
265222,1002,1039
265223,999,1041
265224,995,1039
265225,993,1040
265226,994,1043
265227,998,1043
265228,993,1043
265229,994,1041
265230,992,1039
265231,989,1042
265232,991,1044
265233,994,1047
265234,994,1044
265235,994,1038
265236,991,1036
265237,993,1037
265238,993,1038
265239,993,1042
265240,996,1039
265241,994,1035
265242,991,1032
265243,990,1034
265244,992,1036
265245,996,1039
265246,999,1036
265247,997,1034
265248,993,1032
265249,996,1035
265250,998,1035
265251,1005,1038
265252,1007,1035
265253,1002,1032
265254,997,1030
265255,999,1030
265256,1001,1033
265257,1005,1035
265258,1005,1036
265259,1004,1031
265260,1000,1031
265261,999,1033
265262,1000,1035
265263,1003,1037
265264,1002,1034
265265,1004,1034
265266,1000,1031
265267,997,1033
265268,1000,1033
265269,1007,1039
265270,1006,1036
265271,1003,1034
265272,1002,1032
265273,1000,1033
265274,1001,1037
265275,1001,1037
265276,1004,1032
265277,1000,1029
265278,1000,1028
265279,996,1030
265280,1001,1031
265281,1003,1033
265282,1005,1031
265283,1003,1028
265284,999,1025
265285,998,1027
265286,1000,1033
265287,1002,1035
265288,1004,1033
265289,1002,1031
265290,997,1028
265291,997,1032
265292,997,1033
265293,1001,1038
265294,999,1035
265295,998,1034
265296,994,1030
265297,994,1031
265298,997,1036
265299,999,1038
265300,1001,1039
265301,996,1037
265302,994,1035
265303,993,1037
265304,996,1038
265305,999,1036
265306,1001,1036
265307,999,1034
265308,994,1034
265309,992,1033
265310,997,1038
265311,998,1040
265312,999,1040
265313,998,1036
265314,992,1036
265315,992,1037
265316,995,1039
265317,999,1042
265318,1001,1043
265319,999,1041
265320,996,1038
265321,994,1040
265322,997,1041
265323,999,1043
265324,997,1041
265325,994,1040
265326,992,1036
265327,990,1039
265328,993,1039
265329,995,1040
265330,995,1041
265331,993,1040
265332,994,1034
265333,993,1038
265334,995,1040
265335,998,1044
265336,999,1042
265337,1001,1039
265338,998,1038
265339,1000,1035
265340,1002,1038
265341,1008,1037
265342,1011,1031
265343,1019,1026
265344,1027,1021
265345,1041,1025
265346,1062,1025
265347,1085,1024
265348,1115,1016
265349,1147,998
265350,1180,987
265351,1215,985
265352,1248,989
265353,1278,1005
265354,1291,1019
265355,1284,1028
265356,1253,1032
265357,1206,1037
265358,1152,1049
265359,1100,1065
265360,1043,1075
265361,996,1078
265362,970,1077
265363,968,1073
265364,975,1065
265365,985,1056
265366,991,1047
265367,990,1038
265368,985,1036
265369,983,1038
265370,983,1040
265371,983,1044
265372,982,1040
265373,977,1038
265374,973,1036
265375,969,1038
265376,970,1040
265377,973,1044
265378,973,1042
265379,973,1038
265380,969,1039
265381,967,1037
265382,968,1040
265383,971,1041
265384,968,1039
265385,968,1038
265386,964,1036
265387,963,1037
265388,967,1040
265389,968,1042
265390,971,1042
265391,969,1038
265392,964,1038
265393,965,1041
265394,968,1039
265395,969,1041
265396,968,1039
265397,966,1036
265398,962,1033
265399,962,1032
265400,968,1035
265401,972,1039
265402,973,1041
265403,971,1037
265404,967,1034
265405,966,1034
265406,969,1039
265407,970,1037
265408,971,1035
265409,972,1031
265410,967,1030
265411,968,1031
265412,969,1033
265413,972,1036
265414,972,1034
265415,972,1030
265416,969,1027
265417,967,1027
265418,970,1027
265419,977,1028
265420,978,1027
265421,979,1024
265422,975,1020
265423,977,1020
265424,980,1019
265425,982,1021
265426,985,1019
265427,981,1016
265428,983,1013
265429,984,1014
265430,988,1016
265431,993,1016
265432,993,1012
265433,992,1005
265434,989,1003
265435,988,1006
265436,991,1006
265437,995,1005
265438,996,1006
265439,995,1004
265440,994,1002
265441,996,1004
265442,998,1004
265443,1004,1006
265444,1002,1004
265445,1000,1002
265446,997,1000
265447,999,1000
265448,1002,1006
265449,1001,1009
265450,1004,1010
265451,1006,1006
265452,1004,1006
265453,1004,1010
265454,1009,1012
265455,1011,1017
265456,1009,1016
265457,1007,1015
265458,1002,1016
265459,1002,1021
265460,1005,1022
265461,1009,1026
265462,1008,1026
265463,1003,1025
265464,1001,1024
265465,998,1027
265466,1001,1032
265467,1000,1034
265468,999,1035
265469,996,1032
265470,992,1031
265471,992,1036
265472,992,1037
265473,994,1041
265474,993,1041
265475,991,1038
265476,988,1037
265477,984,1040
265478,986,1041
265479,987,1045
265480,986,1045
265481,985,1041
265482,981,1042
265483,980,1044
265484,981,1047
265485,985,1053
265486,986,1051
265487,983,1049
265488,980,1047
265489,979,1051
265490,983,1056
265491,985,1055
265492,987,1053
265493,986,1050
265494,982,1048
265495,983,1048
265496,985,1051
265497,987,1054
265498,987,1052
265499,986,1050
265500,985,1049
265501,986,1049
265502,990,1054
265503,992,1053
265504,997,1050
265505,992,1048
265506,989,1047
265507,989,1045
265508,993,1047
265509,996,1049
265510,996,1045
265511,995,1041
265512,994,1037
265513,996,1040
265514,996,1044
265515,1001,1045
265516,998,1042
265517,996,1039
265518,994,1038
265519,994,1040
265520,993,1041
265521,999,1041
265522,998,1040
265523,995,1038
265524,993,1036
265525,992,1041
265526,992,1043
265527,995,1043
265528,993,1040
265529,990,1038
265530,987,1039
265531,988,1040
265532,991,1044
265533,993,1044
265534,994,1043
265535,992,1043
265536,990,1042
265537,990,1045
265538,993,1046
265539,995,1045
265540,995,1042
265541,993,1038
265542,990,1038
265543,989,1039
265544,993,1043
265545,994,1045
265546,994,1044
265547,993,1043
265548,988,1042
265549,988,1043
265550,992,1048
265551,995,1048
265552,998,1049
265553,994,1048
265554,994,1047
265555,995,1048
265556,998,1051
265557,1001,1052
265558,1002,1051
265559,999,1048
265560,997,1049
265561,999,1048
265562,1001,1051
265563,1007,1049
265564,1014,1043
265565,1019,1035
265566,1025,1032
265567,1038,1033
265568,1053,1035
265569,1074,1034
265570,1096,1030
265571,1123,1021
265572,1158,1011
265573,1194,1011
265574,1237,1012
265575,1275,1023
265576,1302,1043
265577,1309,1057
265578,1290,1059
265579,1254,1062
265580,1202,1067
265581,1148,1080
265582,1091,1089
265583,1035,1092
265584,989,1091
265585,967,1088
265586,966,1078
265587,974,1067
265588,982,1054
265589,987,1045
265590,988,1041
265591,986,1042
265592,985,1044
265593,986,1047
265594,983,1046
265595,979,1044
265596,972,1040
265597,971,1044
265598,972,1045
265599,973,1045
265600,972,1046
265601,969,1044
265602,966,1044
265603,966,1045
265604,971,1046
265605,975,1048
265606,973,1046
265607,970,1045
265608,968,1043
265609,968,1046
265610,970,1049
265611,972,1048
265612,973,1048
265613,970,1046
265614,967,1044
265615,967,1046
265616,967,1046
265617,970,1048
265618,969,1047
265619,967,1043
265620,966,1046
265621,964,1047
265622,968,1049
265623,970,1050
265624,970,1047
265625,967,1044
265626,964,1044
265627,967,1046
265628,965,1049
265629,968,1052
265630,967,1050
265631,969,1046
265632,963,1042
265633,964,1045
265634,967,1044
265635,969,1046
265636,971,1043
265637,971,1039
265638,971,1035
265639,972,1033
265640,973,1034
265641,978,1032
265642,978,1029
265643,976,1026
265644,976,1022
265645,976,1023
265646,977,1024
265647,984,1023
265648,986,1018
265649,983,1016
265650,982,1014
265651,983,1010
265652,987,1010
265653,991,1010
265654,992,1009
265655,992,1003
265656,992,1002
265657,995,1003
265658,999,1006
265659,1002,1005
265660,1001,1003
265661,999,999
265662,998,1000
265663,999,1000
265664,1004,1002
265665,1007,1004
265666,1006,1004
265667,1003,1006
265668,1003,1004
265669,1001,1004
265670,1006,1011
265671,1010,1014
265672,1009,1017
265673,1006,1015
265674,1004,1014
265675,1006,1017
265676,1008,1021
265677,1008,1025
265678,1009,1023
265679,1007,1024
265680,1002,1022
265681,1001,1026
265682,1002,1033
265683,1004,1035
265684,1002,1035
265685,999,1034
265686,995,1035
265687,993,1038
265688,995,1044
265689,994,1047
265690,994,1043
265691,989,1041
265692,986,1041
265693,985,1045
265694,988,1046
265695,988,1050
265696,986,1048
265697,983,1045
265698,980,1042
265699,978,1046
265700,979,1047
265701,981,1050
265702,979,1050
265703,978,1049
265704,973,1048
265705,973,1048
265706,977,1048
265707,979,1051
265708,982,1051
265709,979,1050
265710,977,1052
265711,976,1053
265712,981,1053
265713,984,1055
265714,984,1054
265715,982,1053
265716,981,1049
265717,982,1053
265718,985,1054
265719,986,1055
265720,990,1053
265721,987,1049
265722,984,1046
265723,985,1045
265724,989,1048
265725,991,1047
265726,989,1047
265727,986,1044
265728,985,1041
265729,986,1044
265730,990,1044
265731,992,1046
265732,993,1045
265733,990,1042
265734,985,1040
265735,986,1042
265736,988,1043
265737,990,1045
265738,990,1044
265739,989,1041
265740,985,1039
265741,984,1042
265742,984,1046
265743,990,1047
265744,990,1045
265745,986,1044
265746,983,1040
265747,981,1042
265748,985,1046
265749,988,1048
265750,988,1046
265751,985,1044
265752,984,1042
265753,983,1047
265754,985,1048
265755,986,1048
265756,987,1046
265757,987,1043
265758,984,1041
265759,986,1043
265760,988,1044
265761,992,1046
265762,989,1046
265763,990,1043
265764,985,1043
265765,983,1044
265766,984,1046
265767,989,1048
265768,990,1045
265769,988,1043
265770,986,1041
265771,985,1042
265772,990,1044
265773,990,1044
265774,990,1043
265775,988,1040
265776,983,1038
265777,985,1042
265778,988,1045
265779,990,1046
265780,990,1041
265781,988,1042
265782,986,1040
265783,986,1041
265784,987,1043
265785,990,1045
265786,989,1044
265787,987,1041
265788,986,1039
265789,988,1044
265790,994,1046
265791,995,1045
265792,996,1041
265793,995,1036
265794,997,1031
265795,1002,1031
265796,1018,1032
265797,1035,1036
265798,1054,1033
265799,1079,1028
265800,1105,1021
265801,1142,1012
265802,1183,1005
265803,1221,1004
265804,1257,1005
265805,1287,1014
265806,1303,1031
265807,1295,1048
265808,1267,1055
265809,1221,1058
265810,1159,1065
265811,1095,1074
265812,1031,1080
265813,986,1082
265814,967,1078
265815,971,1070
265816,984,1058
265817,990,1047
265818,989,1044
265819,984,1049
265820,985,1049
265821,986,1051
265822,981,1047
265823,975,1048
265824,968,1046
265825,967,1050
265826,971,1049
265827,974,1050
265828,974,1048
265829,968,1044
265830,965,1041
265831,966,1043
265832,966,1045
265833,968,1045
265834,967,1043
265835,966,1039
265836,961,1038
265837,962,1038
265838,965,1041
265839,963,1044
265840,967,1043
265841,962,1040
265842,959,1038
265843,959,1041
265844,962,1045
265845,964,1047
265846,965,1047
265847,964,1045
265848,961,1041
265849,961,1045
265850,965,1046
265851,967,1047
265852,969,1045
265853,965,1042
265854,963,1043
265855,968,1041
265856,970,1043
265857,973,1047
265858,973,1043
265859,972,1039
265860,970,1036
265861,969,1038
265862,973,1039
265863,976,1041
265864,979,1037
265865,975,1037
265866,973,1035
265867,972,1036
265868,978,1038
265869,978,1038
265870,980,1034
265871,980,1028
265872,977,1025
265873,979,1026
265874,981,1024
265875,985,1026
265876,985,1021
265877,984,1015
265878,983,1014
265879,984,1015
265880,986,1017
265881,990,1015
265882,990,1014
265883,988,1010
265884,986,1007
265885,987,1008
265886,990,1009
265887,993,1010
265888,991,1008
265889,991,1002
265890,991,1006
265891,993,1007
265892,997,1011
265893,1002,1014
265894,1003,1010
265895,1002,1012
265896,1001,1013
265897,1002,1016
265898,1005,1018
265899,1009,1024
265900,1007,1022
265901,1005,1020
265902,1003,1022
265903,1002,1024
265904,1006,1028
265905,1007,1029
265906,1006,1031
265907,1003,1028
265908,999,1030
265909,994,1035
265910,994,1039
265911,998,1044
265912,998,1044
265913,993,1044
265914,991,1043
265915,992,1045
265916,994,1046
265917,997,1048
265918,995,1050
265919,991,1046
265920,988,1048
265921,986,1048
265922,985,1050
265923,990,1054
265924,988,1050
265925,983,1050
265926,984,1049
265927,983,1047
265928,986,1054
265929,990,1053
265930,987,1052
265931,988,1046
265932,987,1045
265933,983,1045
265934,989,1050
265935,990,1051
265936,994,1050
265937,991,1046
265938,992,1043
265939,993,1049
265940,997,1050
265941,1004,1052
265942,1008,1053
265943,1010,1052
265944,1015,1052
265945,1020,1057
265946,1027,1061
265947,1035,1062
265948,1041,1059
265949,1050,1052
265950,1063,1039
265951,1075,1025
265952,1087,1011
265953,1102,999
265954,1113,985
265955,1127,967
265956,1141,950
265957,1157,934
265958,1178,919
265959,1199,895
265960,1216,873
265961,1233,853
265962,1247,839
265963,1262,829
265964,1272,825
265965,1274,823
265966,1269,818
265967,1261,812
265968,1253,813
265969,1245,813
265970,1237,813
265971,1223,814
265972,1204,816
265973,1179,819
265974,1152,828
265975,1125,839
265976,1103,857
265977,1084,873
265978,1063,884
265979,1049,898
265980,1042,910
265981,1042,926
265982,1038,940
265983,1041,951
265984,1039,957
265985,1036,966
265986,1043,975
265987,1053,988
265988,1072,997
265989,1089,1000
265990,1091,1005
265991,1074,1010
265992,1045,1022
265993,1005,1036
265994,973,1052
265995,954,1066
265996,942,1076
265997,932,1084
265998,926,1095
265999,920,1097
266000,918,1103
266001,917,1109
266002,911,1110
266003,905,1110
266004,899,1113
266005,895,1117
266006,895,1123
266007,895,1124
266008,890,1125
266009,888,1126
266010,885,1125
266011,881,1130
266012,884,1134
266013,885,1135
266014,885,1136
266015,879,1135
266016,878,1138
266017,877,1145
266018,879,1148
266019,882,1149
266020,879,1148
266021,875,1149
266022,869,1149
266023,867,1153
266024,868,1159
266025,870,1164
266026,873,1164
266027,870,1165
266028,866,1165
266029,865,1170
266030,866,1174
266031,870,1177
266032,872,1177
266033,871,1179
266034,868,1178
266035,870,1182
266036,872,1189
266037,875,1191
266038,878,1192
266039,876,1189
266040,875,1192
266041,877,1197
266042,883,1200
266043,890,1201
266044,890,1201
266045,891,1198
266046,892,1194
266047,896,1198
266048,899,1200
266049,905,1198
266050,904,1195
266051,906,1190
266052,906,1186
266053,911,1186
266054,914,1186
266055,921,1182
266056,924,1175
266057,925,1170
266058,927,1163
266059,932,1162
266060,937,1160
266061,939,1153
266062,941,1148
266063,942,1137
266064,942,1131
266065,941,1130
266066,948,1128
266067,952,1124
266068,952,1116
266069,952,1110
266070,951,1103
266071,951,1102
266072,955,1099
266073,960,1097
266074,957,1094
266075,954,1088
266076,954,1085
266077,955,1083
266078,959,1082
266079,959,1081
266080,960,1076
266081,957,1071
266082,956,1067
266083,960,1068
266084,963,1072
266085,966,1071
266086,966,1065
266087,963,1060
266088,962,1058
266089,962,1058
266090,965,1061
266091,967,1061
266092,966,1059
266093,963,1054
266094,961,1054
266095,963,1058
266096,966,1061
266097,969,1060
266098,966,1057
266099,964,1055
266100,963,1057
266101,963,1060
266102,967,1059
266103,971,1058
266104,972,1055
266105,972,1052
266106,967,1050
266107,966,1053
266108,969,1056
266109,972,1056
266110,972,1051
266111,967,1052
266112,967,1053
266113,964,1054
266114,970,1058
266115,972,1057
266116,973,1054
266117,972,1049
266118,969,1046
266119,967,1049
266120,970,1051
266121,972,1051
266122,972,1050
266123,973,1047
266124,971,1046
266125,968,1045
266126,970,1050
266127,970,1052
266128,973,1048
266129,971,1045
266130,966,1043
266131,963,1047
266132,968,1048
266133,973,1048
266134,972,1047
266135,969,1046
266136,965,1045
266137,967,1048
266138,969,1052
266139,972,1054
266140,970,1049
266141,970,1050
266142,969,1049
266143,971,1050
266144,972,1051
266145,973,1053
266146,972,1051
266147,970,1047
266148,968,1050
266149,967,1049
266150,968,1054
266151,971,1056
266152,971,1055
266153,966,1051
266154,964,1049
266155,964,1051
266156,969,1053
266157,973,1052
266158,970,1051
266159,965,1048
266160,961,1048
266161,962,1051
266162,963,1052
266163,967,1053
266164,966,1052
266165,965,1046
266166,962,1046
266167,961,1047
266168,960,1048
266169,964,1050
266170,964,1046
266171,963,1047
266172,962,1045
266173,964,1048
266174,966,1050
266175,972,1049
266176,973,1046
266177,966,1045
266178,957,1050
266179,954,1053
266180,956,1056
266181,962,1058
266182,961,1058
266183,962,1052
266184,964,1051
266185,968,1049
266186,968,1052
266187,962,1054
266188,956,1052
266189,954,1052
266190,950,1055
266191,953,1056
266192,957,1056
266193,961,1057
266194,960,1052
266195,957,1050
266196,952,1051
266197,948,1054
266198,951,1057
266199,955,1059
266200,959,1056
266201,957,1055
266202,951,1052
266203,953,1055
266204,956,1059
266205,958,1059
266206,960,1057
266207,955,1054
266208,953,1052
266209,954,1055
266210,956,1054
266211,958,1054
266212,954,1054
266213,951,1050
266214,950,1049
266215,951,1051
266216,955,1052
266217,958,1050
266218,959,1051
266219,957,1048
266220,954,1047
266221,957,1051
266222,960,1052
266223,965,1053
266224,964,1050
266225,962,1051
266226,962,1052
266227,965,1050
266228,970,1056
266229,972,1054
266230,968,1053
266231,963,1052
266232,964,1052
266233,966,1053
266234,969,1055
266235,968,1057
266236,965,1056
266237,961,1053
266238,962,1053
266239,967,1052
266240,972,1055
266241,977,1055
266242,975,1050
266243,972,1047
266244,967,1051
266245,965,1055
266246,963,1057
266247,962,1059
266248,959,1060
266249,957,1057
266250,959,1057
266251,969,1057
266252,976,1056
266253,985,1051
266254,981,1045
266255,971,1042
266256,962,1043
266257,962,1040
266258,969,1042
266259,981,1039
266260,990,1037
266261,1002,1032
266262,1023,1032
266263,1052,1027
266264,1092,1019
266265,1131,1005
266266,1168,995
266267,1200,996
266268,1227,1012
266269,1248,1044
266270,1250,1065
266271,1228,1070
266272,1176,1068
266273,1115,1071
266274,1058,1084
266275,1007,1094
266276,966,1102
266277,945,1102
266278,940,1093
266279,947,1079
266280,953,1069
266281,959,1064
266282,961,1063
266283,961,1063
266284,957,1058
266285,952,1055
266286,949,1056
266287,948,1058
266288,949,1061
266289,951,1060
266290,949,1059
266291,949,1058
266292,944,1057
266293,941,1057
266294,943,1061
266295,944,1061
266296,946,1060
266297,940,1057
266298,936,1055
266299,937,1056
266300,937,1062
266301,941,1062
266302,942,1061
266303,938,1057
266304,936,1057
266305,937,1059
266306,940,1062
266307,942,1059
266308,941,1056
266309,937,1055
266310,934,1055
266311,935,1053
266312,940,1058
266313,944,1058
266314,945,1055
266315,944,1051
266316,941,1051
266317,940,1053
266318,942,1054
266319,945,1053
266320,945,1050
266321,942,1049
266322,943,1047
266323,943,1051
266324,947,1054
266325,951,1051
266326,950,1047
266327,947,1043
266328,949,1046
266329,948,1046
266330,951,1050
266331,955,1046
266332,955,1045
266333,954,1041
266334,954,1038
266335,957,1041
266336,959,1042
266337,964,1041
266338,961,1041
266339,959,1034
266340,958,1033
266341,961,1034
266342,962,1035
266343,965,1034
266344,966,1031
266345,962,1025
266346,961,1026
266347,964,1025
266348,965,1028
266349,969,1028
266350,968,1024
266351,968,1020
266352,967,1019
266353,967,1022
266354,971,1024
266355,974,1024
266356,975,1021
266357,975,1019
266358,975,1019
266359,978,1019
266360,986,1021
266361,989,1023
266362,990,1021
266363,989,1020
266364,989,1020
266365,991,1024
266366,993,1028
266367,998,1027
266368,996,1032
266369,998,1027
266370,993,1029
266371,994,1033
266372,999,1038
266373,1005,1039
266374,1001,1039
266375,1003,1035
266376,1001,1036
266377,1002,1040
266378,999,1042
266379,999,1045
266380,992,1045
266381,986,1044
266382,983,1048
266383,982,1051
266384,986,1054
266385,989,1055
266386,985,1054
266387,981,1054
266388,979,1054
266389,983,1055
266390,986,1059
266391,990,1061
266392,991,1058
266393,987,1055
266394,980,1054
266395,977,1057
266396,979,1060
266397,983,1061
266398,982,1058
266399,981,1054
266400,980,1054
266401,981,1058
266402,980,1059
266403,980,1060
266404,976,1058
266405,977,1055
266406,976,1054
266407,979,1055
266408,981,1056
266409,984,1057
266410,978,1057
266411,978,1055
266412,975,1054
266413,978,1056
266414,984,1059
266415,986,1058
266416,987,1057
266417,984,1055
266418,984,1052
266419,985,1057
266420,987,1057
266421,989,1058
266422,989,1056
266423,988,1053
266424,984,1051
266425,984,1053
266426,987,1054
266427,989,1052
266428,990,1053
266429,989,1047
266430,989,1046
266431,993,1047
266432,993,1049
266433,999,1045
266434,999,1043
266435,999,1043
266436,997,1043
266437,993,1044
266438,992,1049
266439,992,1049
266440,993,1050
266441,990,1046
266442,986,1049
266443,985,1051
266444,986,1053
266445,987,1055
266446,985,1053
266447,986,1052
266448,985,1050
266449,987,1052
266450,991,1053
266451,992,1054
266452,991,1052
266453,987,1051
266454,987,1048
266455,985,1050
266456,989,1051
266457,991,1053
266458,992,1052
266459,989,1049
266460,989,1047
266461,990,1052
266462,991,1054
266463,993,1056
266464,990,1055
266465,986,1053
266466,983,1054
266467,981,1057
266468,984,1057
266469,991,1058
266470,990,1053
266471,988,1053
266472,987,1052
266473,988,1052
266474,992,1055
266475,994,1057
266476,994,1054
266477,990,1051
266478,987,1054
266479,988,1055
266480,993,1059
266481,999,1057
266482,1001,1056
266483,998,1053
266484,997,1052
266485,999,1054
266486,1005,1055
266487,1006,1052
266488,1005,1051
266489,1007,1044
266490,1017,1043
266491,1031,1043
266492,1050,1046
266493,1073,1042
266494,1102,1037
266495,1133,1028
266496,1165,1020
266497,1205,1017
266498,1245,1023
266499,1279,1033
266500,1299,1048
266501,1298,1057
266502,1268,1057
266503,1216,1064
266504,1158,1073
266505,1099,1083
266506,1037,1093
266507,990,1093
266508,963,1095
266509,961,1097
266510,970,1093
266511,979,1080
266512,984,1070
266513,985,1061
266514,986,1055
266515,986,1054
266516,987,1055
266517,989,1056
266518,985,1054
266519,979,1052
266520,975,1053
266521,978,1054
266522,977,1057
266523,978,1057
266524,977,1056
266525,971,1053
266526,967,1053
266527,968,1057
266528,967,1058
266529,971,1057
266530,971,1053
266531,967,1053
266532,967,1054
266533,967,1055
266534,968,1057
266535,973,1057
266536,971,1055
266537,967,1055
266538,967,1054
266539,966,1055
266540,970,1057
266541,975,1057
266542,974,1052
266543,970,1051
266544,968,1051
266545,971,1053
266546,972,1058
266547,976,1055
266548,975,1053
266549,972,1047
266550,972,1048
266551,973,1049
266552,975,1051
266553,977,1054
266554,977,1050
266555,974,1047
266556,970,1047
266557,973,1047
266558,975,1047
266559,977,1045
266560,977,1045
266561,976,1042
266562,973,1039
266563,974,1043
266564,979,1042
266565,982,1043
266566,983,1038
266567,981,1036
266568,980,1035
266569,980,1035
266570,984,1036
266571,987,1036
266572,990,1034
266573,987,1029
266574,986,1026
266575,986,1029
266576,988,1031
266577,990,1029
266578,990,1026
266579,988,1021
266580,986,1022
266581,989,1024
266582,988,1026
266583,993,1023
266584,996,1020
266585,992,1018
266586,987,1015
266587,991,1020
266588,992,1022
266589,993,1021
266590,994,1019
266591,992,1014
266592,994,1012
266593,994,1015
266594,997,1017
266595,998,1020
266596,997,1019
266597,997,1017
266598,994,1019
266599,993,1024
266600,995,1029
266601,997,1029
266602,996,1031
266603,994,1027
266604,993,1030
266605,994,1034
266606,997,1037
266607,1000,1041
266608,999,1041
266609,999,1041
266610,997,1040
266611,998,1046
266612,996,1052
266613,1002,1053
266614,1000,1052
266615,997,1052
266616,994,1052
266617,998,1054
266618,998,1059
266619,1002,1057
266620,997,1057
266621,994,1054
266622,989,1053
266623,988,1057
266624,989,1059
266625,991,1060
266626,991,1055
266627,988,1055
266628,985,1053
266629,985,1057
266630,986,1059
266631,990,1060
266632,989,1058
266633,986,1054
266634,986,1055
266635,989,1056
266636,989,1059
266637,992,1059
266638,992,1056
266639,988,1054
266640,986,1053
266641,986,1057
266642,990,1062
266643,991,1060
266644,991,1058
266645,989,1053
266646,991,1054
266647,991,1052
266648,992,1056
266649,993,1055
266650,994,1055
266651,992,1055
266652,990,1057
266653,991,1060
266654,992,1061
266655,995,1059
266656,997,1058
266657,997,1056
266658,996,1054
266659,996,1056
266660,1000,1061
266661,1003,1059
266662,1001,1057
266663,996,1055
266664,996,1056
266665,996,1054
266666,997,1058
266667,997,1057
266668,994,1054
266669,989,1052
266670,988,1052
266671,990,1055
266672,994,1058
266673,995,1058
266674,998,1057
266675,999,1053
266676,997,1054
266677,995,1057
266678,999,1056
266679,1000,1055
266680,999,1053
266681,996,1051
266682,993,1051
266683,991,1053
266684,992,1056
266685,997,1057
266686,995,1053
266687,993,1052
266688,990,1053
266689,994,1055
266690,994,1059
266691,997,1061
266692,996,1058
266693,993,1056
266694,992,1057
266695,993,1058
266696,996,1063
266697,996,1062
266698,997,1059
266699,997,1056
266700,994,1056
266701,993,1058
266702,995,1061
266703,999,1060
266704,997,1059
266705,994,1056
266706,993,1057
266707,996,1059
266708,997,1060
266709,1002,1054
266710,1001,1054
266711,998,1049
266712,998,1050
266713,998,1053
266714,1004,1056
266715,1004,1056
266716,999,1054
266717,997,1051
266718,995,1052
266719,1000,1052
266720,999,1054
266721,1002,1054
266722,1000,1052
266723,1001,1050
266724,996,1049
266725,998,1051
266726,1001,1054
266727,1005,1054
266728,1000,1051
266729,999,1047
266730,999,1048
266731,1001,1051
266732,1002,1051
266733,1009,1050
266734,1007,1050
266735,1007,1045
266736,1004,1048
266737,1006,1049
266738,1009,1054
266739,1013,1055
266740,1010,1052
266741,1008,1048
266742,1008,1046
266743,1014,1046
266744,1022,1048
266745,1035,1045
266746,1048,1042
266747,1062,1037
266748,1083,1034
266749,1110,1030
266750,1142,1022
266751,1179,1014
266752,1212,1009
266753,1240,1008
266754,1262,1009
266755,1289,1021
266756,1302,1036
266757,1304,1048
266758,1282,1054
266759,1244,1051
266760,1196,1057
266761,1148,1069
266762,1102,1082
266763,1056,1087
266764,1013,1090
266765,988,1087
266766,982,1082
266767,988,1077
266768,999,1070
266769,1008,1063
266770,1008,1059
266771,1004,1053
266772,998,1053
266773,995,1054
266774,995,1055
266775,995,1057
266776,994,1058
266777,988,1055
266778,984,1053
266779,985,1058
266780,985,1058
266781,986,1056
266782,985,1055
266783,980,1053
266784,978,1051
266785,976,1056
266786,982,1058
266787,985,1059
266788,981,1057
266789,977,1055
266790,974,1054
266791,974,1056
266792,978,1059
266793,980,1057
266794,980,1052
266795,977,1052
266796,972,1053
266797,974,1056
266798,976,1058
266799,981,1056
266800,983,1053
266801,980,1050
266802,979,1049
266803,981,1053
266804,984,1057
266805,987,1056
266806,984,1055
266807,983,1052
266808,980,1054
266809,981,1057
266810,984,1060
266811,986,1058
266812,985,1056
266813,985,1053
266814,984,1055
266815,986,1055
266816,988,1057
266817,991,1056
266818,988,1053
266819,985,1050
266820,986,1049
266821,987,1050
266822,991,1052
266823,991,1051
266824,991,1048
266825,990,1044
266826,993,1046
266827,994,1047
266828,999,1045
266829,997,1044
266830,996,1042
266831,992,1037
266832,990,1037
266833,988,1038
266834,994,1040
266835,1001,1037
266836,1004,1034
266837,1001,1029
266838,999,1028
266839,1003,1028
266840,1004,1029
266841,1007,1026
266842,1005,1022
266843,1004,1020
266844,1001,1019
266845,1005,1022
266846,1010,1024
266847,1016,1022
266848,1014,1021
266849,1013,1020
266850,1011,1018
266851,1015,1018
266852,1018,1020
266853,1019,1021
266854,1022,1019
266855,1022,1015
266856,1021,1015
266857,1024,1020
266858,1029,1020
266859,1031,1023
266860,1029,1022
266861,1026,1020
266862,1022,1023
266863,1023,1025
266864,1027,1030
266865,1032,1032
266866,1031,1034
266867,1026,1032
266868,1017,1038
266869,1018,1043
266870,1016,1046
266871,1019,1045
266872,1016,1044
266873,1012,1045
266874,1004,1045
266875,1007,1048
266876,1009,1050
266877,1010,1052
266878,1006,1054
266879,1004,1052
266880,998,1053
266881,1001,1056
266882,1002,1057
266883,1003,1057
266884,1004,1056
266885,999,1053
266886,997,1055
266887,1000,1059
266888,1005,1061
266889,1007,1064
266890,1005,1063
266891,1003,1061
266892,1002,1060
266893,1002,1061
266894,1005,1063
266895,1006,1063
266896,1005,1062
266897,1003,1059
266898,999,1060
266899,1000,1063
266900,1003,1064
266901,1007,1065
266902,1007,1060
266903,1005,1058
266904,1004,1058
266905,1005,1063
266906,1005,1060
266907,1010,1061
266908,1009,1059
266909,1006,1058
266910,1004,1056
266911,1005,1058
266912,1006,1060
266913,1009,1058
266914,1010,1059
266915,1009,1055
266916,1006,1053
266917,1006,1056
266918,1008,1056
266919,1011,1055
266920,1007,1051
266921,1007,1050
266922,1004,1050
266923,1003,1052
266924,1006,1057
266925,1007,1056
266926,1006,1057
266927,1004,1052
266928,1001,1053
266929,1000,1056
266930,1003,1060
266931,1008,1059
266932,1009,1058
266933,1009,1052
266934,1008,1054
266935,1006,1057
266936,1009,1058
266937,1015,1057
266938,1014,1056
266939,1011,1054
266940,1010,1052
266941,1010,1056
266942,1012,1061
266943,1014,1059
266944,1011,1058
266945,1007,1056
266946,1005,1055
266947,1006,1057
266948,1008,1060
266949,1010,1060
266950,1010,1056
266951,1013,1054
266952,1010,1054
266953,1011,1055
266954,1014,1060
266955,1016,1059
266956,1013,1054
266957,1011,1054
266958,1006,1053
266959,1009,1054
266960,1011,1058
266961,1014,1056
266962,1013,1053
266963,1007,1053
266964,1007,1052
266965,1009,1054
266966,1014,1057
266967,1017,1056
266968,1016,1056
266969,1009,1051
266970,1007,1051
266971,1011,1051
266972,1019,1051
266973,1032,1047
266974,1039,1044
266975,1047,1041
266976,1061,1040
266977,1078,1039
266978,1103,1040
266979,1138,1033
266980,1175,1024
266981,1211,1017
266982,1251,1023
266983,1290,1036
266984,1318,1052
266985,1325,1068
266986,1303,1073
266987,1250,1072
266988,1186,1081
266989,1121,1093
266990,1067,1100
266991,1026,1098
266992,1002,1088
266993,995,1079
266994,999,1067
266995,1008,1062
266996,1016,1056
266997,1017,1051
266998,1011,1047
266999,1006,1046
267000,1003,1047
267001,1002,1049
267002,1002,1053
267003,1002,1054
267004,997,1050
267005,996,1048
267006,994,1049
267007,995,1052
267008,996,1054
267009,995,1053
267010,992,1052
267011,990,1050
267012,987,1053
267013,988,1052
267014,990,1054
267015,994,1051
267016,991,1051
267017,986,1051
267018,984,1052
267019,983,1055
267020,981,1060
267021,983,1059
267022,982,1057
267023,979,1052
267024,976,1055
267025,979,1059
267026,985,1059
267027,989,1060
267028,986,1059
267029,981,1056
267030,978,1053
267031,980,1058
267032,982,1060
267033,985,1059
267034,983,1055
267035,981,1053
267036,979,1051
267037,981,1052
267038,983,1054
267039,984,1052
267040,987,1048
267041,984,1046
267042,983,1045
267043,983,1044
267044,985,1045
267045,989,1043
267046,987,1039
267047,985,1034
267048,987,1033
267049,988,1033
267050,992,1034
267051,996,1034
267052,997,1028
267053,996,1025
267054,996,1025
267055,997,1024
267056,1000,1025
267057,1007,1021
267058,1006,1021
267059,1005,1019
267060,1004,1018
267061,1005,1019
267062,1007,1018
267063,1010,1020
267064,1013,1016
267065,1012,1015
267066,1010,1014
267067,1013,1017
267068,1018,1018
267069,1020,1015
267070,1020,1010
267071,1019,1010
267072,1018,1009
267073,1019,1011
267074,1022,1012
267075,1025,1013
267076,1024,1013
267077,1020,1014
267078,1019,1015
267079,1023,1017
267080,1027,1022
267081,1025,1019
267082,1025,1019
267083,1025,1020
267084,1022,1023
267085,1025,1030
267086,1026,1035
267087,1025,1037
267088,1023,1035
267089,1023,1031
267090,1020,1034
267091,1017,1039
267092,1018,1044
267093,1016,1043
267094,1012,1045
267095,1005,1046
267096,1005,1050
267097,1007,1051
267098,1010,1049
267099,1014,1041
267100,1011,1032
267101,1008,1028
267102,1005,1033
267103,1006,1035
267104,1007,1042
267105,1007,1043
267106,1007,1045
267107,1005,1042
267108,1002,1045
267109,1007,1047
267110,1008,1051
267111,1010,1054
267112,1008,1052
267113,1001,1051
267114,999,1051
267115,997,1053
267116,999,1061
267117,1000,1057
267118,1001,1055
267119,1001,1052
267120,1001,1052
267121,1000,1057
267122,1002,1057
267123,1003,1056
267124,999,1054
267125,997,1053
267126,999,1053
267127,1001,1055
267128,1003,1058
267129,1005,1055
267130,1007,1054
267131,1002,1052
267132,1002,1052
267133,1003,1055
267134,1004,1057
267135,1006,1057
267136,1005,1057
267137,1001,1055
267138,1004,1054
267139,1005,1056
267140,1008,1056
267141,1010,1054
267142,1008,1050
267143,1005,1048
267144,1003,1047
267145,1004,1051
267146,1010,1050
267147,1013,1052
267148,1009,1051
267149,1006,1048
267150,1005,1046
267151,1007,1049
267152,1010,1053
267153,1010,1050
267154,1010,1049
267155,1008,1045
267156,1007,1045
267157,1007,1050
267158,1011,1054
267159,1012,1050
267160,1012,1052
267161,1010,1049
267162,1006,1053
267163,1007,1053
267164,1010,1055
267165,1014,1056
267166,1015,1053
267167,1012,1050
267168,1011,1051
267169,1012,1055
267170,1013,1058
267171,1014,1059
267172,1012,1058
267173,1007,1054
267174,1003,1055
267175,1007,1057
267176,1009,1062
267177,1011,1058
267178,1010,1052
267179,1009,1045
267180,1007,1044
267181,1007,1044
267182,1010,1049
267183,1012,1051
267184,1011,1048
267185,1008,1048
267186,1007,1049
267187,1008,1053
267188,1012,1053
267189,1013,1053
267190,1015,1053
267191,1013,1049
267192,1013,1049
267193,1013,1051
267194,1018,1050
267195,1021,1049
267196,1027,1043
267197,1029,1039
267198,1035,1035
267199,1045,1039
267200,1059,1038
267201,1076,1036
267202,1098,1032
267203,1121,1026
267204,1149,1017
267205,1187,1013
267206,1227,1010
267207,1264,1013
267208,1296,1025
267209,1313,1037
267210,1311,1054
267211,1288,1060
267212,1246,1060
267213,1190,1066
267214,1131,1074
267215,1073,1078
267216,1022,1083
267217,994,1082
267218,987,1079
267219,990,1069
267220,1000,1057
267221,1003,1047
267222,1003,1044
267223,1001,1045
267224,1003,1046
267225,1001,1047
267226,999,1043
267227,994,1043
267228,991,1045
267229,991,1045
267230,992,1049
267231,992,1047
267232,989,1045
267233,984,1042
267234,983,1045
267235,984,1050
267236,985,1052
267237,989,1054
267238,989,1049
267239,990,1048
267240,989,1049
267241,987,1052
267242,984,1055
267243,981,1054
267244,981,1050
267245,978,1048
267246,976,1051
267247,976,1053
267248,978,1055
267249,979,1055
267250,979,1055
267251,979,1053
267252,978,1054
267253,983,1058
267254,987,1063
267255,989,1059
267256,987,1058
267257,983,1049
267258,979,1046
267259,977,1044
267260,980,1044
267261,981,1040
267262,978,1038
267263,974,1035
267264,976,1036
267265,979,1039
267266,984,1041
267267,986,1039
267268,984,1038
267269,983,1037
267270,982,1037
267271,983,1040
267272,984,1043
267273,988,1042
267274,985,1041
267275,985,1036
267276,986,1034
267277,987,1036
267278,993,1036
267279,995,1033
267280,993,1030
267281,990,1025
267282,991,1026
267283,992,1024
267284,995,1026
267285,999,1023
267286,998,1020
267287,996,1015
267288,995,1014
267289,999,1016
267290,1003,1017
267291,1006,1016
267292,1007,1014
267293,1005,1011
267294,1004,1011
267295,1007,1011
267296,1010,1015
267297,1014,1011
267298,1013,1011
267299,1011,1007
267300,1012,1007
267301,1014,1008
267302,1017,1011
267303,1023,1011
267304,1023,1007
267305,1019,1007
267306,1018,1008
267307,1018,1008
267308,1021,1012
267309,1021,1013
267310,1018,1013
267311,1018,1013
267312,1016,1014
267313,1019,1017
267314,1020,1021
267315,1022,1027
267316,1019,1024
267317,1018,1026
267318,1015,1028
267319,1019,1032
267320,1020,1039
267321,1019,1037
267322,1016,1038
267323,1011,1037
267324,1007,1039
267325,1005,1042
267326,1007,1045
267327,1007,1046
267328,1004,1045
267329,1004,1044
267330,1002,1046
267331,1003,1049
267332,1005,1052
267333,1007,1052
267334,1004,1049
267335,1000,1046
267336,993,1047
267337,994,1051
267338,995,1056
267339,997,1055
267340,998,1051
267341,995,1048
267342,992,1048
267343,993,1049
267344,993,1051
267345,995,1050
267346,994,1048
267347,991,1047
267348,989,1048
267349,992,1049
267350,996,1054
267351,1000,1055
267352,1000,1053
267353,997,1051
267354,996,1052
267355,998,1052
267356,1000,1057
267357,1000,1056
267358,999,1052
267359,997,1048
267360,997,1048
267361,998,1054
267362,1000,1054
267363,1003,1052
267364,1001,1053
267365,999,1048
267366,998,1049
267367,1001,1050
267368,1001,1057
267369,1001,1054
267370,998,1052
267371,995,1050
267372,995,1048
267373,997,1049
267374,1001,1050
267375,1002,1052
267376,1002,1048
267377,998,1046
267378,996,1046
267379,997,1046
267380,999,1049
267381,1000,1051
267382,1001,1048
267383,998,1046
267384,998,1046
267385,996,1048
267386,998,1051
267387,1001,1051
267388,1001,1048
267389,1000,1041
267390,999,1042
267391,999,1045
267392,1000,1048
267393,1000,1049
267394,998,1049
267395,996,1046
267396,994,1046
267397,995,1050
267398,998,1055
267399,1001,1052
267400,999,1052
267401,996,1047
267402,992,1050
267403,995,1050
267404,998,1056
267405,999,1055
267406,995,1053
267407,991,1051
267408,991,1052
267409,993,1055
267410,996,1058
267411,1000,1055
267412,998,1053
267413,997,1051
267414,995,1051
267415,997,1054
267416,997,1056
267417,998,1055
267418,995,1053
267419,994,1050
267420,992,1052
267421,995,1055
267422,999,1057
267423,999,1055
267424,998,1053
267425,993,1049
267426,991,1052
267427,992,1054
267428,995,1055
267429,999,1052
267430,999,1048
267431,996,1044
267432,996,1044
267433,996,1048
267434,998,1050
267435,994,1051
267436,992,1047
267437,987,1044
267438,986,1047
267439,990,1050
267440,995,1051
267441,995,1052
267442,997,1049
267443,992,1047
267444,992,1045
267445,993,1047
267446,995,1050
267447,998,1048
267448,999,1047
267449,993,1045
267450,993,1048
267451,994,1052
267452,998,1056
267453,1001,1050
267454,999,1047
267455,999,1043
267456,1003,1041
267457,1011,1042
267458,1026,1043
267459,1040,1043
267460,1056,1037
267461,1073,1032
267462,1099,1026
267463,1135,1022
267464,1170,1014
267465,1209,1007
267466,1244,1003
267467,1276,1014
267468,1291,1033
267469,1285,1045
267470,1259,1054
267471,1209,1054
267472,1148,1057
267473,1087,1067
267474,1027,1079
267475,982,1086
267476,966,1089
267477,973,1082
267478,984,1067
267479,991,1053
267480,994,1048
267481,993,1048
267482,994,1051
267483,993,1051
267484,989,1050
267485,984,1047
267486,979,1046
267487,975,1051
267488,976,1052
267489,981,1051
267490,978,1051
267491,975,1050
267492,976,1048
267493,976,1054
267494,979,1054
267495,979,1055
267496,976,1052
267497,972,1050
267498,972,1053
267499,972,1055
267500,975,1059
267501,975,1060
267502,975,1055
267503,971,1055
267504,969,1052
267505,970,1055
267506,974,1058
267507,979,1055
267508,977,1053
267509,975,1052
267510,972,1054
267511,974,1055
267512,975,1058
267513,979,1057
267514,977,1053
267515,974,1053
267516,972,1055
267517,973,1058
267518,973,1060
267519,977,1057
267520,975,1057
267521,973,1052
267522,972,1052
267523,976,1051
267524,977,1056
267525,980,1052
267526,980,1051
267527,976,1047
267528,978,1046
267529,975,1046
267530,980,1045
267531,979,1040
267532,980,1039
267533,979,1035
267534,981,1033
267535,983,1034
267536,984,1038
267537,987,1035
267538,982,1030
267539,983,1026
267540,984,1026
267541,987,1028
267542,991,1026
267543,991,1024
267544,993,1021
267545,993,1017
267546,993,1016
267547,999,1020
267548,1001,1019
267549,1004,1020
267550,1000,1017
267551,999,1016
267552,1001,1016
267553,1004,1019
267554,1009,1021
267555,1012,1022
267556,1014,1019
267557,1012,1017
267558,1013,1019
267559,1014,1024
267560,1018,1029
267561,1017,1028
267562,1016,1026
267563,1012,1026
267564,1012,1027
267565,1012,1032
267566,1018,1035
267567,1018,1033
267568,1014,1034
267569,1009,1034
267570,1007,1037
267571,1008,1044
267572,1008,1050
267573,1007,1050
267574,1007,1048
267575,1002,1047
267576,998,1048
267577,996,1053
267578,998,1059
267579,997,1057
267580,995,1056
267581,993,1056
267582,990,1056
267583,990,1061
267584,993,1065
267585,994,1063
267586,989,1060
267587,985,1059
267588,984,1058
267589,985,1060
267590,990,1065
267591,992,1063
267592,989,1060
267593,988,1056
267594,987,1055
267595,989,1060
267596,990,1060
267597,992,1057
267598,991,1055
267599,988,1055
267600,989,1056
267601,994,1059
267602,996,1060
267603,998,1060
267604,997,1057
267605,994,1055
267606,995,1053
267607,998,1055
267608,997,1056
267609,998,1053
267610,996,1052
267611,995,1052
267612,991,1052
267613,995,1055
267614,999,1058
267615,1000,1058
267616,997,1057
267617,995,1055
267618,995,1056
267619,996,1056
267620,998,1056
267621,997,1054
267622,996,1053
267623,994,1049
267624,991,1050
267625,991,1053
267626,995,1054
267627,995,1056
267628,995,1054
267629,994,1052
267630,993,1051
267631,995,1053
267632,997,1056
267633,999,1055
267634,996,1051
267635,993,1048
267636,991,1050
267637,994,1054
267638,996,1056
267639,996,1054
267640,995,1051
267641,991,1049
267642,990,1052
267643,990,1053
267644,990,1054
267645,990,1055
267646,989,1050
267647,988,1048
267648,987,1050
267649,989,1050
267650,992,1053
267651,994,1053
267652,990,1050
267653,987,1051
267654,986,1052
267655,988,1056
267656,992,1061
267657,993,1061
267658,991,1058
267659,987,1058
267660,985,1056
267661,988,1060
267662,990,1060
267663,992,1057
267664,987,1053
267665,985,1053
267666,985,1054
267667,988,1057
267668,990,1062
267669,991,1061
267670,988,1058
267671,984,1056
267672,982,1055
267673,987,1059
267674,991,1060
267675,993,1058
267676,992,1058
267677,985,1055
267678,986,1057
267679,988,1059
267680,988,1059
267681,990,1057
267682,992,1055
267683,989,1053
267684,989,1053
267685,989,1055
267686,993,1057
267687,995,1055
267688,994,1054
267689,991,1053
267690,991,1049
267691,992,1054
267692,994,1056
267693,998,1053
267694,995,1051
267695,992,1047
267696,991,1046
267697,992,1050
267698,994,1051
267699,996,1048
267700,996,1044
267701,996,1038
267702,1005,1040
267703,1016,1039
267704,1033,1040
267705,1054,1038
267706,1077,1032
267707,1101,1023
267708,1132,1016
267709,1168,1012
267710,1206,1011
267711,1237,1014
267712,1264,1026
267713,1268,1042
267714,1253,1059
267715,1216,1064
267716,1163,1073
267717,1100,1082
267718,1040,1089
267719,990,1096
267720,959,1097
267721,954,1094
267722,967,1090
267723,979,1078
267724,983,1067
267725,983,1059
267726,978,1055
267727,978,1054
267728,980,1058
267729,979,1055
267730,977,1052
267731,970,1050
267732,965,1054
267733,966,1057
267734,968,1058
267735,971,1058
267736,966,1056
267737,967,1052
267738,962,1054
267739,962,1055
267740,965,1058
267741,969,1056
267742,966,1053
267743,963,1051
267744,962,1053
267745,962,1055
267746,967,1056
267747,968,1054
267748,968,1052
267749,962,1049
267750,959,1049
267751,961,1052
267752,965,1053
267753,964,1052
267754,965,1051
267755,959,1047
267756,959,1049
267757,960,1054
267758,964,1056
267759,964,1053
267760,958,1051
267761,959,1051
267762,959,1054
267763,963,1055
267764,969,1054
267765,971,1049
267766,968,1042
267767,965,1040
267768,962,1040
267769,964,1042
267770,966,1044
267771,969,1041
267772,969,1038
267773,964,1032
267774,964,1036
267775,966,1039
267776,973,1037
267777,975,1037
267778,976,1033
267779,973,1029
267780,973,1027
267781,977,1031
267782,980,1031
267783,982,1027
267784,979,1023
267785,976,1018
267786,976,1013
267787,981,1015
267788,987,1015
267789,987,1013
267790,985,1008
267791,983,1007
267792,985,1009
267793,988,1009
267794,990,1009
267795,994,1009
267796,992,1004
267797,989,1001
267798,987,999
267799,988,1003
267800,993,1006
267801,998,1005
267802,999,1002
267803,998,1004
267804,995,1007
267805,996,1012
267806,1000,1014
267807,1004,1017
267808,1003,1016
267809,999,1016
267810,996,1020
267811,1001,1024
267812,1004,1027
267813,1007,1029
267814,1003,1028
267815,999,1027
267816,995,1031
267817,994,1036
267818,995,1041
267819,995,1043
267820,995,1043
267821,994,1041
267822,990,1043
267823,988,1048
267824,983,1052
267825,982,1051
267826,984,1048
267827,979,1047
267828,978,1047
267829,982,1052
267830,988,1056
267831,986,1054
267832,983,1051
267833,979,1049
267834,975,1050
267835,979,1056
267836,979,1058
267837,981,1057
267838,983,1056
267839,982,1052
267840,982,1050
267841,983,1051
267842,984,1053
267843,984,1051
267844,984,1050
267845,981,1046
267846,982,1047
267847,985,1048
267848,987,1051
267849,987,1048
267850,986,1046
267851,983,1047
267852,982,1043
267853,986,1046
267854,988,1048
267855,991,1047
267856,990,1043
267857,987,1042
267858,988,1043
267859,994,1047
267860,997,1048
267861,999,1045
267862,995,1044
267863,991,1041
267864,991,1041
267865,992,1042
267866,995,1046
267867,997,1043
267868,993,1041
267869,991,1038
267870,990,1038
267871,992,1039
267872,994,1044
267873,995,1043
267874,991,1038
267875,988,1036
267876,988,1040
267877,988,1041
267878,991,1043
267879,992,1042
267880,989,1038
267881,986,1038
267882,985,1037
267883,987,1042
267884,989,1045
267885,990,1045
267886,988,1042
267887,989,1042
267888,989,1043
267889,990,1046
267890,991,1045
267891,991,1045
267892,989,1041
267893,991,1036
267894,990,1033
267895,996,1035
267896,1001,1035
267897,1007,1031
267898,1013,1026
267899,1020,1021
267900,1032,1021
267901,1054,1022
267902,1084,1022
267903,1119,1016
267904,1150,1011
267905,1186,1015
267906,1228,1032
267907,1263,1056
267908,1283,1076
267909,1271,1082
267910,1235,1080
267911,1175,1075
267912,1114,1087
267913,1054,1099
267914,1004,1108
267915,963,1107
267916,950,1103
267917,958,1090
267918,967,1076
267919,981,1070
267920,990,1062
267921,991,1053
267922,988,1045
267923,982,1041
267924,979,1039
267925,979,1040
267926,981,1043
267927,981,1040
267928,981,1039
267929,976,1037
267930,972,1036
267931,966,1039
267932,969,1041
267933,974,1040
267934,971,1037
267935,967,1034
267936,967,1035
267937,966,1036
267938,968,1041
267939,969,1039
267940,970,1035
267941,966,1034
267942,967,1033
267943,967,1036
267944,970,1037
267945,972,1037
267946,971,1033
267947,968,1030
267948,967,1033
267949,968,1033
267950,973,1036
267951,973,1036
267952,975,1028
267953,971,1029
267954,968,1029
267955,972,1035
267956,975,1036
267957,975,1034
267958,974,1030
267959,972,1027
267960,970,1026
267961,972,1028
267962,976,1030
267963,976,1029
267964,978,1022
267965,973,1019
267966,976,1019
267967,975,1020
267968,975,1019
267969,977,1018
267970,981,1014
267971,977,1012
267972,975,1007
267973,974,1007
267974,983,1009
267975,988,1004
267976,985,998
267977,986,995
267978,988,993
267979,986,991
267980,990,992
267981,990,989
267982,989,986
267983,986,979
267984,986,981
267985,990,983
267986,996,982
267987,999,982
267988,997,977
267989,992,974
267990,994,977
267991,998,980
267992,1000,983
267993,1007,983
267994,1007,982
267995,1007,980
267996,1007,988
267997,1008,992
267998,1008,999
267999,1010,997
268000,1009,1000
268001,1007,998
268002,1009,1005
268003,1012,1011
268004,1014,1015
268005,1014,1020
268006,1011,1018
268007,1007,1018
268008,1006,1021
268009,1009,1026
268010,1010,1031
268011,1007,1033
268012,1004,1032
268013,999,1032
268014,1000,1033
268015,1003,1038
268016,1003,1042
268017,1002,1042
268018,998,1040
268019,993,1040
268020,992,1041
268021,994,1044
268022,997,1046
268023,995,1047
268024,994,1044
268025,991,1041
268026,989,1044
268027,991,1045
268028,992,1047
268029,991,1047
268030,987,1044
268031,987,1044
268032,987,1047
268033,989,1047
268034,994,1049
268035,993,1047
268036,993,1045
268037,992,1041
268038,991,1041
268039,995,1043
268040,1001,1046
268041,1003,1046
268042,1000,1043
268043,997,1040
268044,995,1043
268045,1002,1048
268046,1002,1050
268047,1003,1049
268048,1001,1046
268049,1000,1044
268050,1000,1047
268051,1004,1050
268052,1005,1050
268053,1009,1050
268054,1010,1046
268055,1007,1043
268056,1004,1045
268057,1003,1047
268058,1007,1049
268059,1010,1049
268060,1009,1044
268061,1005,1041
268062,1005,1044
268063,1005,1047
268064,1008,1046
268065,1010,1046
268066,1009,1044
268067,1006,1041
268068,1004,1039
268069,1004,1046
268070,1004,1047
268071,1006,1045
268072,1002,1041
268073,998,1038
268074,998,1038
268075,995,1044
268076,1000,1046
268077,999,1046
268078,995,1044
268079,994,1041
268080,994,1042
268081,996,1047
268082,999,1048
268083,997,1046
268084,997,1047
268085,995,1044
268086,994,1044
268087,996,1047
268088,999,1048
268089,1001,1048
268090,1002,1045
268091,1000,1043
268092,997,1044
268093,1001,1048
268094,1003,1050
268095,1002,1049
268096,1001,1051
268097,997,1050
268098,998,1051
268099,1000,1052
268100,1005,1052
268101,1005,1051
268102,1004,1049
268103,1000,1046
268104,999,1048
268105,1002,1052
268106,1003,1054
268107,1003,1050
268108,1002,1046
268109,997,1046
268110,995,1045
268111,999,1049
268112,999,1050
268113,1004,1048
268114,1000,1043
268115,998,1043
268116,998,1045
268117,999,1046
268118,1001,1051
268119,1001,1049
268120,1000,1048
268121,996,1046
268122,1001,1046
268123,1001,1048
268124,1007,1048
268125,1009,1049
268126,1008,1047
268127,1003,1047
268128,1010,1044
268129,1010,1049
268130,1016,1049
268131,1016,1043
268132,1021,1036
268133,1027,1033
268134,1038,1033
268135,1053,1035
268136,1077,1034
268137,1100,1029
268138,1130,1019
268139,1164,1008
268140,1200,1005
268141,1243,1007
268142,1279,1019
268143,1308,1032
268144,1314,1045
268145,1301,1047
268146,1267,1053
268147,1215,1056
268148,1158,1073
268149,1095,1084
268150,1035,1085
268151,992,1088
268152,973,1087
268153,978,1081
268154,994,1070
268155,1005,1060
268156,1007,1051
268157,1003,1043
268158,999,1043
268159,998,1045
268160,1000,1043
268161,999,1044
268162,997,1043
268163,990,1042
268164,990,1046
268165,988,1048
268166,990,1052
268167,992,1048
268168,989,1046
268169,985,1045
268170,990,1047
268171,990,1050
268172,991,1054
268173,990,1054
268174,989,1051
268175,985,1049
268176,984,1046
268177,987,1052
268178,991,1053
268179,990,1053
268180,989,1051
268181,986,1048
268182,984,1048
268183,987,1053
268184,992,1053
268185,996,1054
268186,991,1050
268187,990,1048
268188,991,1046
268189,992,1049
268190,996,1050
268191,998,1048
268192,998,1044
268193,994,1043
268194,994,1044
268195,996,1048
268196,1000,1047
268197,1001,1045
268198,998,1044
268199,998,1039
268200,998,1039
268201,1002,1041
268202,1010,1040
268203,1010,1039
268204,1011,1034
268205,1009,1033
268206,1007,1034
268207,1010,1033
268208,1014,1036
268209,1016,1031
268210,1014,1028
268211,1014,1023
268212,1014,1024
268213,1015,1026
268214,1020,1026
268215,1022,1020
268216,1018,1017
268217,1018,1015
268218,1018,1018
268219,1020,1018
268220,1020,1020
268221,1022,1017
268222,1021,1014
268223,1021,1011
268224,1020,1011
268225,1024,1013
268226,1028,1017
268227,1031,1014
268228,1030,1013
268229,1028,1014
268230,1030,1016
268231,1035,1018
268232,1037,1023
268233,1039,1021
268234,1038,1019
268235,1037,1019
268236,1035,1023
268237,1037,1028
268238,1040,1033
268239,1037,1033
268240,1037,1031
268241,1033,1031
268242,1030,1036
268243,1030,1039
268244,1032,1040
268245,1029,1041
268246,1025,1041
268247,1020,1040
268248,1021,1046
268249,1022,1052
268250,1025,1053
268251,1025,1051
268252,1022,1050
268253,1019,1044
268254,1018,1047
268255,1015,1048
268256,1015,1051
268257,1014,1049
268258,1014,1045
268259,1011,1046
268260,1011,1048
268261,1012,1050
268262,1011,1051
268263,1011,1048
268264,1009,1047
268265,1005,1044
268266,1005,1046
268267,1005,1050
268268,1008,1053
268269,1009,1051
268270,1009,1050
268271,1006,1049
268272,1011,1051
268273,1010,1057
268274,1008,1057
268275,1013,1057
268276,1014,1052
268277,1012,1047
268278,1012,1050
268279,1016,1051
268280,1016,1055
268281,1020,1052
268282,1018,1047
268283,1016,1048
268284,1015,1050
268285,1018,1053
268286,1020,1056
268287,1021,1056
268288,1022,1054
268289,1018,1052
268290,1018,1050
268291,1019,1051
268292,1023,1055
268293,1023,1053
268294,1021,1050
268295,1015,1049
268296,1016,1048
268297,1018,1053
268298,1019,1052
268299,1022,1045
268300,1017,1046
268301,1015,1041
268302,1015,1043
268303,1014,1047
268304,1015,1052
268305,1016,1049
268306,1013,1048
268307,1012,1044
268308,1011,1041
268309,1015,1044
268310,1019,1045
268311,1019,1046
268312,1016,1043
268313,1011,1044
268314,1010,1044
268315,1011,1047
268316,1016,1049
268317,1017,1050
268318,1014,1049
268319,1011,1049
268320,1012,1050
268321,1014,1052
268322,1017,1052
268323,1012,1052
268324,1012,1048
268325,1010,1050
268326,1012,1047
268327,1013,1051
268328,1017,1055
268329,1017,1056
268330,1014,1052
268331,1009,1050
268332,1010,1052
268333,1013,1054
268334,1016,1054
268335,1016,1052
268336,1013,1050
268337,1012,1050
268338,1008,1050
268339,1011,1050
268340,1013,1051
268341,1012,1049
268342,1013,1047
268343,1010,1048
268344,1012,1047
268345,1017,1051
268346,1019,1053
268347,1019,1051
268348,1012,1046
268349,1012,1043
268350,1012,1048
268351,1014,1048
268352,1018,1049
268353,1020,1049
268354,1018,1044
268355,1016,1038
268356,1018,1039
268357,1025,1035
268358,1035,1037
268359,1049,1035
268360,1061,1032
268361,1077,1028
268362,1099,1027
268363,1133,1025
268364,1170,1020
268365,1204,1013
268366,1237,1006
268367,1271,1003
268368,1299,1010
268369,1320,1029
268370,1322,1046
268371,1292,1053
268372,1240,1051
268373,1176,1059
268374,1113,1070
268375,1056,1077
268376,1015,1079
268377,995,1074
268378,992,1066
268379,1000,1056
268380,1008,1051
268381,1013,1048
268382,1013,1051
268383,1007,1050
268384,1003,1047
268385,999,1046
268386,996,1050
268387,997,1050
268388,998,1052
268389,997,1051
268390,992,1050
268391,987,1050
268392,988,1052
268393,988,1057
268394,991,1060
268395,993,1057
268396,991,1052
268397,989,1047
268398,988,1048
268399,985,1051
268400,987,1056
268401,986,1051
268402,983,1050
268403,980,1049
268404,980,1050
268405,985,1054
268406,987,1054
268407,989,1055
268408,988,1051
268409,986,1052
268410,984,1054
268411,985,1055
268412,990,1057
268413,988,1055
268414,989,1053
268415,987,1052
268416,985,1052
268417,987,1053
268418,992,1054
268419,993,1050
268420,991,1048
268421,986,1047
268422,987,1047
268423,990,1051
268424,994,1051
268425,999,1047
268426,996,1043
268427,994,1042
268428,994,1042
268429,996,1042
268430,999,1046
268431,999,1040
268432,998,1037
268433,999,1034
268434,999,1034
268435,1003,1036
268436,1006,1039
268437,1005,1033
268438,1003,1033
268439,1002,1027
268440,1006,1025
268441,1009,1029
268442,1014,1027
268443,1014,1025
268444,1010,1022
268445,1010,1019
268446,1009,1021
268447,1012,1023
268448,1017,1023
268449,1017,1023
268450,1016,1020
268451,1018,1020
268452,1016,1020
268453,1017,1025
268454,1023,1026
268455,1023,1024
268456,1023,1021
268457,1022,1018
268458,1021,1019
268459,1026,1022
268460,1027,1025
268461,1029,1025
268462,1025,1022
268463,1023,1023
268464,1023,1024
268465,1026,1026
268466,1026,1030
268467,1027,1031
268468,1022,1030
268469,1019,1030
268470,1018,1037
268471,1015,1037
268472,1020,1039
268473,1017,1037
268474,1014,1036
268475,1007,1037
268476,1007,1042
268477,1005,1045
268478,1006,1049
268479,1008,1045
268480,1005,1046
268481,1004,1045
268482,1001,1047
268483,1002,1050
268484,1004,1054
268485,1005,1054
268486,1001,1057
268487,998,1054
268488,997,1053
268489,997,1059
268490,1000,1060
268491,1001,1056
268492,999,1055
268493,996,1057
268494,995,1057
268495,996,1061
268496,997,1060
268497,1001,1056
268498,1001,1053
268499,999,1053
268500,999,1053
268501,1002,1056
268502,1002,1059
268503,1000,1058
268504,998,1056
268505,997,1052
268506,999,1053
268507,1002,1055
268508,1002,1056
268509,1004,1055
268510,1001,1055
268511,997,1051
268512,999,1052
268513,999,1050
268514,998,1055
268515,1001,1054
268516,998,1053
268517,1000,1052
268518,1000,1051
268519,1001,1053
268520,1004,1055
268521,1004,1053
268522,1002,1049
268523,999,1048
268524,1000,1051
268525,1000,1054
268526,1000,1056
268527,1004,1058
268528,1001,1056
268529,997,1055
268530,1001,1057
268531,1001,1058
268532,1004,1061
268533,1003,1061
268534,1000,1058
268535,998,1057
268536,999,1057
268537,1000,1057
268538,1003,1056
268539,1004,1054
268540,1000,1051
268541,995,1046
268542,994,1048
268543,998,1050
268544,998,1053
268545,1000,1050
268546,996,1050
268547,996,1048
268548,997,1048
268549,1000,1051
268550,1002,1053
268551,1000,1052
268552,996,1049
268553,991,1048
268554,992,1049
268555,994,1051
268556,997,1052
268557,996,1052
268558,990,1050
268559,990,1048
268560,994,1052
268561,995,1054
268562,995,1058
268563,995,1055
268564,994,1049
268565,992,1047
268566,991,1048
268567,994,1048
268568,997,1051
268569,996,1052
268570,991,1050
268571,990,1051
268572,989,1051
268573,992,1058
268574,994,1059
268575,993,1058
268576,992,1053
268577,990,1053
268578,992,1056
268579,993,1060
268580,997,1063
268581,994,1062
268582,992,1058
268583,990,1054
268584,990,1055
268585,993,1057
268586,999,1056
268587,996,1055
268588,995,1052
268589,993,1051
268590,996,1053
268591,997,1054
268592,1001,1054
268593,999,1054
268594,997,1051
268595,996,1052
268596,993,1050
268597,997,1051
268598,1000,1054
268599,998,1052
268600,996,1049
268601,992,1048
268602,989,1050
268603,988,1053
268604,993,1055
268605,993,1055
268606,988,1053
268607,987,1054
268608,987,1055
268609,988,1056
268610,993,1058
268611,994,1053
268612,992,1051
268613,990,1051
268614,987,1055
268615,990,1054
268616,990,1058
268617,990,1054
268618,989,1050
268619,983,1048
268620,985,1048
268621,989,1052
268622,991,1054
268623,990,1054
268624,988,1052
268625,988,1050
268626,987,1054
268627,989,1055
268628,990,1059
268629,991,1055
268630,990,1054
268631,990,1051
268632,990,1053
268633,991,1056
268634,993,1059
268635,994,1058
268636,994,1053
268637,993,1051
268638,989,1054
268639,991,1055
268640,996,1055
268641,995,1055
268642,993,1049
268643,990,1050
268644,989,1052
268645,994,1054
268646,998,1057
268647,998,1053
268648,994,1048
268649,992,1044
268650,992,1046
268651,992,1047
268652,995,1049
268653,994,1049
268654,993,1048
268655,991,1049
268656,992,1050
268657,995,1051
268658,998,1055
268659,997,1050
268660,995,1048
268661,991,1049
268662,990,1051
268663,990,1054
268664,989,1056
268665,990,1051
268666,988,1049
268667,987,1047
268668,989,1047
268669,993,1053
268670,994,1055
268671,994,1050
268672,994,1049
268673,991,1047
268674,990,1052
268675,993,1054
268676,996,1054
268677,998,1055
268678,998,1052
268679,996,1052
268680,996,1051
268681,999,1054
268682,1003,1057
268683,1002,1054
268684,1000,1053
268685,996,1051
268686,998,1055
268687,1000,1057
268688,1004,1058
268689,1003,1057
268690,1000,1051
268691,996,1047
268692,998,1046
268693,1008,1042
268694,1019,1044
268695,1024,1039
268696,1034,1038
268697,1048,1034
268698,1065,1032
268699,1088,1030
268700,1115,1025
268701,1145,1011
268702,1168,999
268703,1193,989
268704,1223,986
268705,1255,993
268706,1280,1001
268707,1294,1020
268708,1288,1028
268709,1251,1033
268710,1202,1044
268711,1152,1055
268712,1109,1064
268713,1059,1066
268714,1013,1066
268715,983,1065
268716,976,1064
268717,983,1061
268718,992,1053
268719,997,1046
268720,994,1042
268721,987,1040
268722,984,1043
268723,982,1048
268724,984,1051
268725,982,1049
268726,976,1044
268727,972,1046
268728,970,1047
268729,971,1052
268730,972,1053
268731,971,1054
268732,966,1054
268733,966,1050
268734,965,1052
268735,967,1053
268736,970,1055
268737,969,1052
268738,967,1049
268739,965,1045
268740,963,1047
268741,966,1050
268742,969,1052
268743,969,1050
268744,969,1050
268745,964,1050
268746,967,1056
268747,967,1057
268748,968,1059
268749,966,1055
268750,966,1051
268751,962,1049
268752,962,1049
268753,964,1051
268754,966,1054
268755,968,1055
268756,966,1049
268757,965,1048
268758,964,1049
268759,966,1051
268760,969,1055
268761,969,1054
268762,965,1051
268763,965,1051
268764,964,1051
268765,968,1052
268766,972,1051
268767,974,1048
268768,972,1046
268769,970,1046
268770,970,1050
268771,972,1051
268772,976,1050
268773,979,1044
268774,977,1041
268775,976,1038
268776,979,1037
268777,982,1039
268778,984,1041
268779,988,1041
268780,984,1037
268781,981,1035
268782,983,1038
268783,987,1036
268784,988,1035
268785,990,1029
268786,990,1025
268787,989,1023
268788,991,1022
268789,993,1028
268790,997,1026
268791,998,1022
268792,998,1019
268793,995,1018
268794,996,1018
268795,1003,1019
268796,1006,1021
268797,1006,1019
268798,1003,1013
268799,1001,1014
268800,1002,1015
268801,1007,1016
268802,1010,1017
268803,1011,1014
268804,1008,1015
268805,1004,1013
268806,1010,1015
268807,1013,1019
268808,1017,1021
268809,1018,1018
268810,1016,1016
268811,1012,1014
268812,1011,1015
268813,1016,1021
268814,1019,1025
268815,1020,1025
268816,1018,1025
268817,1012,1025
268818,1011,1027
268819,1014,1029
268820,1015,1032
268821,1018,1033
268822,1013,1035
268823,1008,1031
268824,1006,1034
268825,1007,1038
268826,1011,1044
268827,1007,1043
268828,1004,1042
268829,998,1042
268830,998,1043
268831,1000,1045
268832,999,1049
268833,998,1049
268834,992,1046
268835,989,1046
268836,986,1049
268837,988,1050
268838,989,1054
268839,988,1051
268840,984,1050
268841,982,1046
268842,982,1049
268843,984,1050
268844,987,1053
268845,986,1050
268846,983,1049
268847,980,1044
268848,983,1048
268849,985,1050
268850,985,1052
268851,985,1053
268852,982,1050
268853,981,1047
268854,977,1047
268855,980,1050
268856,981,1053
268857,983,1051
268858,984,1049
268859,980,1047
268860,983,1051
268861,985,1054
268862,988,1054
268863,989,1052
268864,985,1050
268865,985,1047
268866,984,1051
268867,988,1052
268868,990,1053
268869,990,1051
268870,988,1048
268871,985,1046
268872,985,1049
268873,990,1052
268874,994,1053
268875,994,1049
268876,994,1047
268877,990,1047
268878,989,1048
268879,992,1051
268880,996,1052
268881,995,1050
268882,994,1046
268883,991,1043
268884,991,1046
268885,995,1050
268886,998,1048
268887,999,1047
268888,997,1037
268889,993,1039
268890,991,1040
268891,993,1046
268892,996,1048
268893,997,1045
268894,993,1039
268895,989,1038
268896,990,1041
268897,993,1044
268898,995,1046
268899,997,1045
268900,994,1043
268901,992,1041
268902,992,1042
268903,994,1046
268904,998,1048
268905,996,1050
268906,995,1048
268907,995,1046
268908,995,1047
268909,997,1051
268910,999,1052
268911,999,1052
268912,994,1050
268913,993,1049
268914,993,1050
268915,997,1053
268916,999,1051
268917,999,1050
268918,998,1048
268919,997,1046
268920,996,1050
268921,997,1050
268922,998,1049
268923,996,1045
268924,994,1042
268925,992,1041
268926,991,1044
268927,994,1048
268928,998,1050
268929,997,1045
268930,993,1041
268931,989,1041
268932,987,1040
268933,990,1042
268934,992,1047
268935,992,1047
268936,991,1045
268937,990,1045
268938,991,1046
268939,992,1048
268940,992,1047
268941,990,1044
268942,989,1042
268943,984,1041
268944,985,1046
268945,987,1050
268946,992,1050
268947,994,1050
268948,993,1045
268949,989,1045
268950,990,1046
268951,993,1053
268952,997,1056
268953,993,1052
268954,991,1048
268955,985,1044
268956,988,1043
268957,991,1049
268958,993,1051
268959,998,1052
268960,999,1052
268961,998,1051
268962,998,1053
268963,999,1054
268964,1003,1060
268965,1004,1056
268966,1001,1048
268967,1001,1045
268968,999,1045
268969,1001,1049
268970,1005,1050
268971,1005,1047
268972,1008,1044
268973,1012,1040
268974,1020,1041
268975,1038,1038
268976,1056,1033
268977,1077,1028
268978,1103,1022
268979,1135,1011
268980,1169,1005
268981,1204,997
268982,1241,992
268983,1272,997
268984,1292,1007
268985,1287,1025
268986,1261,1038
268987,1217,1047
268988,1164,1057
268989,1105,1068
268990,1041,1080
268991,991,1085
268992,961,1090
268993,955,1092
268994,969,1084
268995,981,1073
268996,986,1062
268997,988,1053
268998,988,1050
268999,984,1048
269000,988,1051
269001,985,1049
269002,982,1046
269003,978,1045
269004,978,1047
269005,976,1051
269006,980,1053
269007,982,1053
269008,981,1052
269009,980,1048
269010,980,1051
269011,984,1055
269012,982,1054
269013,979,1049
269014,975,1045
269015,972,1043
269016,971,1048
269017,972,1050
269018,975,1054
269019,976,1054
269020,974,1052
269021,968,1048
269022,966,1049
269023,968,1046
269024,967,1044
269025,969,1042
269026,968,1041
269027,966,1041
269028,967,1043
269029,971,1045
269030,973,1045
269031,972,1044
269032,972,1041
269033,969,1041
269034,969,1042
269035,972,1047
269036,975,1048
269037,979,1046
269038,977,1046
269039,975,1044
269040,974,1043
269041,977,1044
269042,977,1046
269043,977,1042
269044,973,1038
269045,972,1036
269046,975,1035
269047,979,1039
269048,986,1040
269049,987,1038
269050,985,1035
269051,984,1032
269052,986,1033
269053,990,1035
269054,993,1034
269055,993,1032
269056,994,1025
269057,995,1023
269058,995,1023
269059,998,1025
269060,1002,1026
269061,1001,1024
269062,1002,1020
269063,1000,1017
269064,1002,1017
269065,1005,1016
269066,1008,1016
269067,1009,1012
269068,1008,1011
269069,1007,1009
269070,1006,1009
269071,1008,1013
269072,1011,1013
269073,1009,1010
269074,1005,1006
269075,1003,1007
269076,1003,1010
269077,1009,1013
269078,1013,1013
269079,1013,1014
269080,1013,1012
269081,1009,1011
269082,1012,1012
269083,1014,1016
269084,1016,1019
269085,1013,1019
269086,1011,1018
269087,1008,1020
269088,1010,1023
269089,1010,1027
269090,1012,1031
269091,1011,1033
269092,1008,1032
269093,1002,1035
269094,1003,1037
269095,1004,1042
269096,1004,1041
269097,1003,1039
269098,999,1041
269099,994,1040
269100,989,1044
269101,992,1047
269102,994,1048
269103,993,1049
269104,992,1047
269105,988,1047
269106,988,1048
269107,989,1052
269108,991,1055
269109,991,1054
269110,990,1053
269111,984,1051
269112,985,1051
269113,989,1050
269114,990,1050
269115,989,1049
269116,987,1048
269117,985,1049
269118,987,1051
269119,988,1055
269120,990,1055
269121,989,1054
269122,987,1051
269123,986,1050
269124,984,1054
269125,987,1057
269126,989,1056
269127,987,1055
269128,986,1054
269129,983,1052
269130,985,1050
269131,984,1052
269132,987,1054
269133,988,1050
269134,983,1047
269135,983,1046
269136,979,1048
269137,984,1052
269138,991,1055
269139,989,1053
269140,987,1050
269141,986,1050
269142,980,1053
269143,984,1055
269144,988,1052
269145,985,1048
269146,986,1046
269147,982,1046
269148,986,1046
269149,988,1050
269150,991,1050
269151,993,1050
269152,991,1049
269153,988,1050
269154,988,1052
269155,989,1054
269156,993,1055
269157,992,1054
269158,992,1050
269159,989,1045
269160,987,1049
269161,991,1046
269162,992,1047
269163,990,1047
269164,989,1043
269165,989,1041
269166,987,1044
269167,989,1048
269168,993,1049
269169,994,1048
269170,992,1047
269171,988,1047
269172,985,1048
269173,989,1048
269174,992,1048
269175,992,1045
269176,988,1044
269177,984,1043
269178,987,1044
269179,988,1048
269180,991,1045
269181,993,1046
269182,991,1045
269183,990,1045
269184,988,1048
269185,990,1052
269186,992,1053
269187,990,1051
269188,987,1049
269189,987,1047
269190,989,1046
269191,991,1046
269192,993,1049
269193,991,1048
269194,989,1048
269195,988,1046
269196,989,1046
269197,989,1048
269198,996,1049
269199,996,1048
269200,996,1047
269201,994,1044
269202,992,1046
269203,998,1045
269204,1004,1043
269205,1008,1041
269206,1017,1034
269207,1023,1030
269208,1039,1032
269209,1061,1034
269210,1086,1034
269211,1112,1029
269212,1143,1015
269213,1174,1003
269214,1209,1002
269215,1242,1005
269216,1276,1007
269217,1298,1018
269218,1302,1032
269219,1285,1042
269220,1243,1052
269221,1191,1052
269222,1132,1060
269223,1074,1069
269224,1014,1074
269225,973,1078
269226,959,1079
269227,964,1076
269228,977,1067
269229,986,1055
269230,992,1045
269231,988,1044
269232,983,1046
269233,982,1051
269234,984,1055
269235,981,1053
269236,978,1051
269237,972,1048
269238,972,1050
269239,974,1055
269240,978,1056
269241,976,1057
269242,972,1052
269243,973,1049
269244,971,1050
269245,974,1055
269246,977,1058
269247,977,1058
269248,972,1053
269249,969,1048
269250,966,1047
269251,964,1047
269252,969,1050
269253,967,1052
269254,963,1048
269255,960,1049
269256,960,1053
269257,966,1052
269258,967,1053
269259,966,1051
269260,963,1046
269261,962,1046
269262,963,1048
269263,966,1049
269264,967,1048
269265,967,1048
269266,964,1047
269267,960,1044
269268,961,1044
269269,965,1044
269270,971,1043
269271,970,1040
269272,970,1041
269273,968,1042
269274,970,1044
269275,972,1045
269276,976,1044
269277,977,1040
269278,975,1038
269279,973,1037
269280,974,1040
269281,979,1044
269282,982,1044
269283,985,1038
269284,982,1030
269285,978,1025
269286,979,1025
269287,982,1026
269288,987,1029
269289,991,1024
269290,992,1019
269291,989,1018
269292,991,1022
269293,995,1020
269294,998,1020
269295,1003,1020
269296,1002,1014
269297,1002,1016
269298,1002,1015
269299,1006,1015
269300,1010,1017
269301,1011,1009
269302,1011,1008
269303,1008,1006
269304,1009,1013
269305,1012,1014
269306,1018,1013
269307,1016,1010
269308,1016,1006
269309,1012,1007
269310,1013,1013
269311,1013,1013
269312,1018,1011
269313,1016,1012
269314,1010,1012
269315,1007,1011
269316,1007,1017
269317,1011,1019
269318,1014,1020
269319,1013,1023
269320,1007,1019
269321,1007,1020
269322,1007,1020
269323,1010,1026
269324,1013,1027
269325,1011,1027
269326,1002,1027
269327,1000,1028
269328,998,1034
269329,996,1036
269330,999,1039
269331,995,1039
269332,992,1032
269333,989,1036
269334,988,1039
269335,989,1042
269336,992,1041
269337,990,1040
269338,985,1037
269339,982,1039
269340,982,1041
269341,984,1050
269342,985,1051
269343,985,1052
269344,984,1048
269345,983,1050
269346,981,1053
269347,986,1056
269348,986,1055
269349,985,1054
269350,985,1050
269351,984,1049
269352,985,1052
269353,987,1055
269354,990,1055
269355,993,1053
269356,991,1050
269357,986,1051
269358,986,1051
269359,986,1055
269360,990,1057
269361,990,1053
269362,988,1055
269363,987,1053
269364,990,1054
269365,992,1054
269366,997,1054
269367,998,1050
269368,999,1046
269369,999,1045
269370,1005,1046
269371,1010,1052
269372,1013,1053
269373,1019,1054
269374,1024,1051
269375,1027,1048
269376,1036,1048
269377,1050,1046
269378,1065,1032
269379,1077,1016
269380,1089,996
269381,1101,982
269382,1118,972
269383,1138,958
269384,1157,945
269385,1173,926
269386,1187,903
269387,1203,882
269388,1216,866
269389,1232,856
269390,1249,847
269391,1259,831
269392,1258,820
269393,1254,814
269394,1251,816
269395,1250,816
269396,1247,817
269397,1237,816
269398,1225,813
269399,1207,813
269400,1188,816
269401,1169,825
269402,1153,831
269403,1129,838
269404,1106,844
269405,1079,854
269406,1063,867
269407,1049,884
269408,1044,897
269409,1034,911
269410,1028,922
269411,1026,932
269412,1024,948
269413,1026,957
269414,1029,967
269415,1037,975
269416,1046,983
269417,1062,986
269418,1075,992
269419,1083,996
269420,1075,1004
269421,1043,1012
269422,1005,1021
269423,965,1029
269424,945,1046
269425,935,1062
269426,934,1076
269427,928,1083
269428,924,1085
269429,915,1086
269430,911,1091
269431,910,1097
269432,913,1100
269433,909,1104
269434,904,1101
269435,898,1102
269436,895,1108
269437,896,1114
269438,896,1121
269439,896,1122
269440,890,1123
269441,886,1126
269442,885,1131
269443,888,1137
269444,890,1137
269445,889,1141
269446,883,1136
269447,880,1140
269448,879,1141
269449,881,1145
269450,883,1149
269451,882,1146
269452,880,1145
269453,874,1149
269454,872,1153
269455,871,1158
269456,875,1160
269457,874,1163
269458,871,1164
269459,868,1163
269460,867,1167
269461,872,1175
269462,877,1173
269463,874,1177
269464,871,1180
269465,872,1180
269466,872,1186
269467,874,1192
269468,878,1190
269469,878,1192
269470,878,1191
269471,876,1193
269472,879,1197
269473,882,1201
269474,889,1200
269475,888,1200
269476,889,1196
269477,888,1193
269478,888,1193
269479,895,1195
269480,898,1194
269481,902,1188
269482,906,1184
269483,909,1181
269484,912,1180
269485,919,1185
269486,926,1182
269487,929,1178
269488,930,1174
269489,932,1167
269490,935,1166
269491,940,1164
269492,949,1163
269493,952,1154
269494,954,1143
269495,952,1138
269496,954,1134
269497,955,1133
269498,962,1128
269499,964,1118
269500,960,1111
269501,957,1104
269502,959,1101
269503,962,1100
269504,964,1098
269505,968,1092
269506,964,1085
269507,963,1081
269508,964,1080
269509,965,1079
269510,968,1079
269511,969,1072
269512,968,1067
269513,965,1065
269514,966,1063
269515,968,1068
269516,971,1065
269517,971,1059
269518,967,1054
269519,966,1055
269520,964,1052
269521,968,1055
269522,971,1053
269523,968,1054
269524,967,1050
269525,967,1048
269526,966,1049
269527,969,1050
269528,972,1050
269529,971,1046
269530,966,1043
269531,961,1042
269532,962,1047
269533,968,1047
269534,971,1050
269535,971,1046
269536,968,1045
269537,968,1044
269538,967,1045
269539,968,1048
269540,973,1050
269541,972,1046
269542,966,1046
269543,965,1043
269544,965,1045
269545,970,1048
269546,972,1048
269547,972,1049
269548,968,1044
269549,968,1041
269550,966,1044
269551,969,1046
269552,974,1046
269553,973,1046
269554,969,1043
269555,968,1044
269556,967,1043
269557,971,1047
269558,974,1046
269559,976,1046
269560,972,1042
269561,973,1039
269562,971,1041
269563,973,1045
269564,978,1045
269565,978,1046
269566,975,1043
269567,974,1041
269568,971,1042
269569,975,1043
269570,975,1040
269571,977,1036
269572,973,1033
269573,970,1031
269574,971,1035
269575,972,1037
269576,975,1039
269577,976,1039
269578,972,1036
269579,970,1035
269580,967,1034
269581,968,1039
269582,972,1040
269583,969,1038
269584,971,1035
269585,969,1033
269586,968,1037
269587,972,1039
269588,971,1041
269589,973,1040
269590,970,1039
269591,970,1040
269592,969,1042
269593,970,1042
269594,974,1040
269595,974,1040
269596,970,1038
269597,969,1039
269598,968,1039
269599,972,1040
269600,975,1041
269601,976,1041
269602,977,1039
269603,975,1040
269604,975,1043
269605,977,1048
269606,978,1044
269607,979,1042
269608,975,1039
269609,970,1036
269610,971,1040
269611,974,1041
269612,975,1041
269613,976,1039
269614,971,1037
269615,969,1034
269616,971,1034
269617,971,1036
269618,976,1038
269619,976,1038
269620,972,1034
269621,969,1035
269622,969,1038
269623,969,1042
269624,971,1042
269625,972,1040
269626,970,1036
269627,968,1035
269628,968,1035
269629,968,1039
269630,973,1043
269631,972,1045
269632,971,1040
269633,965,1040
269634,968,1043
269635,969,1043
269636,971,1043
269637,968,1044
269638,967,1040
269639,964,1039
269640,965,1043
269641,967,1045
269642,971,1047
269643,973,1046
269644,970,1041
269645,967,1042
269646,968,1046
269647,971,1045
269648,974,1047
269649,975,1044
269650,971,1038
269651,970,1037
269652,971,1036
269653,976,1036
269654,980,1037
269655,979,1035
269656,977,1032
269657,975,1032
269658,977,1031
269659,977,1033
269660,981,1033
269661,979,1030
269662,979,1027
269663,974,1029
269664,973,1032
269665,979,1035
269666,982,1035
269667,983,1034
269668,981,1030
269669,977,1028
269670,978,1031
269671,980,1035
269672,983,1036
269673,980,1032
269674,977,1031
269675,976,1029
269676,980,1030
269677,986,1031
269678,992,1029
269679,999,1028
269680,1006,1025
269681,1020,1026
269682,1036,1024
269683,1060,1025
269684,1088,1017
269685,1115,1007
269686,1145,997
269687,1176,988
269688,1209,989
269689,1244,996
269690,1270,1008
269691,1275,1028
269692,1257,1043
269693,1216,1048
269694,1161,1055
269695,1109,1062
269696,1059,1073
269697,1007,1078
269698,967,1078
269699,949,1078
269700,951,1075
269701,959,1067
269702,971,1059
269703,975,1048
269704,973,1039
269705,969,1035
269706,968,1034
269707,969,1037
269708,971,1037
269709,970,1035
269710,970,1032
269711,964,1030
269712,963,1034
269713,964,1038
269714,966,1040
269715,966,1037
269716,963,1038
269717,959,1038
269718,959,1037
269719,959,1041
269720,961,1039
269721,961,1036
269722,957,1034
269723,953,1032
269724,954,1036
269725,957,1037
269726,959,1039
269727,961,1039
269728,959,1037
269729,957,1037
269730,956,1039
269731,958,1044
269732,960,1045
269733,956,1042
269734,952,1038
269735,948,1035
269736,951,1038
269737,955,1039
269738,957,1040
269739,958,1039
269740,957,1035
269741,955,1032
269742,958,1035
269743,956,1036
269744,960,1036
269745,960,1033
269746,960,1029
269747,957,1028
269748,959,1031
269749,963,1031
269750,965,1034
269751,964,1030
269752,964,1026
269753,961,1024
269754,964,1028
269755,967,1027
269756,969,1027
269757,971,1024
269758,971,1022
269759,969,1020
269760,971,1021
269761,976,1022
269762,978,1020
269763,979,1015
269764,977,1010
269765,977,1008
269766,977,1011
269767,977,1013
269768,983,1013
269769,984,1011
269770,981,1005
269771,983,1004
269772,982,1006
269773,987,1008
269774,991,1005
269775,989,1003
269776,988,997
269777,987,997
269778,989,998
269779,992,1003
269780,995,1001
269781,995,999
269782,994,997
269783,993,994
269784,998,995
269785,1002,997
269786,1005,997
269787,1006,994
269788,1004,993
269789,1005,994
269790,1005,996
269791,1007,999
269792,1015,1002
269793,1014,1001
269794,1012,997
269795,1010,1000
269796,1014,1004
269797,1013,1010
269798,1017,1012
269799,1016,1013
269800,1017,1012
269801,1013,1013
269802,1012,1017
269803,1009,1022
269804,1012,1023
269805,1008,1023
269806,1005,1025
269807,1000,1025
269808,1002,1029
269809,1001,1036
269810,1005,1036
269811,1002,1037
269812,996,1036
269813,990,1032
269814,990,1037
269815,992,1044
269816,995,1040
269817,992,1037
269818,991,1037
269819,987,1038
269820,985,1039
269821,988,1043
269822,990,1042
269823,987,1039
269824,983,1039
269825,979,1035
269826,981,1037
269827,982,1040
269828,984,1039
269829,984,1037
269830,980,1032
269831,978,1034
269832,979,1035
269833,980,1038
269834,983,1039
269835,981,1036
269836,977,1035
269837,976,1036
269838,975,1038
269839,979,1039
269840,982,1038
269841,979,1039
269842,978,1033
269843,976,1032
269844,977,1035
269845,979,1037
269846,983,1040
269847,980,1036
269848,977,1033
269849,978,1030
269850,981,1033
269851,984,1034
269852,990,1035
269853,988,1035
269854,988,1029
269855,985,1030
269856,987,1032
269857,989,1034
269858,992,1033
269859,992,1031
269860,988,1029
269861,987,1027
269862,987,1030
269863,993,1033
269864,991,1033
269865,990,1033
269866,988,1030
269867,988,1030
269868,989,1032
269869,990,1035
269870,994,1036
269871,991,1033
269872,987,1030
269873,986,1031
269874,985,1032
269875,987,1037
269876,989,1033
269877,986,1032
269878,983,1029
269879,979,1029
269880,980,1031
269881,981,1034
269882,985,1035
269883,982,1031
269884,977,1031
269885,975,1028
269886,976,1030
269887,977,1032
269888,979,1034
269889,978,1035
269890,975,1032
269891,972,1031
269892,973,1033
269893,977,1032
269894,976,1036
269895,976,1036
269896,976,1032
269897,972,1037
269898,972,1038
269899,973,1042
269900,979,1040
269901,978,1038
269902,972,1039
269903,973,1039
269904,972,1042
269905,975,1045
269906,977,1046
269907,980,1043
269908,975,1038
269909,973,1038
269910,973,1041
269911,976,1044
269912,980,1044
269913,982,1044
269914,980,1039
269915,974,1037
269916,975,1039
269917,978,1045
269918,985,1045
269919,982,1041
269920,977,1037
269921,979,1037
269922,978,1037
269923,981,1039
269924,982,1038
269925,983,1034
269926,980,1030
269927,983,1027
269928,992,1025
269929,1001,1027
269930,1016,1025
269931,1035,1021
269932,1056,1014
269933,1079,1010
269934,1111,1003
269935,1144,993
269936,1183,987
269937,1216,986
269938,1242,989
269939,1258,1009
269940,1252,1029
269941,1221,1042
269942,1174,1043
269943,1111,1047
269944,1053,1056
269945,994,1069
269946,953,1082
269947,937,1089
269948,940,1087
269949,949,1078
269950,957,1060
269951,960,1050
269952,964,1047
269953,967,1045
269954,968,1044
269955,964,1040
269956,960,1039
269957,954,1039
269958,955,1040
269959,957,1043
269960,959,1043
269961,956,1039
269962,957,1038
269963,953,1040
269964,950,1039
269965,955,1042
269966,956,1041
269967,953,1042
269968,950,1038
269969,950,1037
269970,950,1039
269971,951,1045
269972,954,1044
269973,950,1041
269974,949,1034
269975,946,1036
269976,944,1037
269977,947,1040
269978,951,1039
269979,951,1037
269980,951,1033
269981,948,1031
269982,949,1029
269983,949,1030
269984,950,1026
269985,949,1023
269986,946,1022
269987,944,1023
269988,942,1027
269989,948,1023
269990,949,1022
269991,947,1020
269992,946,1017
269993,943,1018
269994,945,1022
269995,945,1024
269996,947,1023
269997,947,1023
269998,946,1017
269999,943,1020
270000,947,1020
270001,950,1021
270002,952,1018
270003,954,1019
270004,953,1012
270005,951,1013
270006,953,1015
270007,956,1016
270008,958,1012
270009,959,1011
270010,960,1006
270011,958,1005
270012,960,1008
270013,961,1007
270014,968,1005
270015,967,1005
270016,965,1001
270017,964,1001
270018,965,1001
270019,968,1002
270020,973,1002
270021,971,996
270022,973,994
270023,970,991
270024,970,992
270025,972,995
270026,975,995
270027,976,994
270028,972,992
270029,971,989
270030,973,993
270031,979,996
270032,981,995
270033,980,994
270034,979,993
270035,977,996
270036,978,1001
270037,982,1006
270038,979,1006
270039,983,1007
270040,978,1005
270041,974,1008
270042,974,1013
270043,978,1018
270044,978,1017
270045,976,1018
270046,972,1018
270047,968,1021
270048,967,1026
270049,970,1031
270050,971,1033
270051,970,1032
270052,966,1032
270053,964,1034
270054,960,1037
270055,961,1043
270056,962,1043
270057,960,1040
270058,955,1037
270059,953,1038
270060,957,1040
270061,956,1042
270062,961,1042
270063,962,1039
270064,959,1036
270065,957,1035
270066,957,1037
270067,960,1037
270068,961,1038
270069,962,1034
270070,960,1034
270071,959,1032
270072,959,1033
270073,961,1037
270074,961,1037
270075,961,1037
270076,958,1032
270077,956,1033
270078,957,1034
270079,958,1037
270080,965,1036
270081,967,1034
270082,963,1031
270083,959,1031
270084,962,1032
270085,965,1034
270086,967,1035
270087,964,1033
270088,960,1030
270089,960,1030
270090,960,1031
270091,963,1033
270092,966,1029
270093,964,1029
270094,963,1029
270095,962,1029
270096,961,1032
270097,960,1034
270098,961,1036
270099,960,1033
270100,959,1034
270101,957,1035
270102,960,1037
270103,962,1039
270104,967,1038
270105,962,1038
270106,959,1036
270107,958,1034
270108,963,1034
270109,963,1037
270110,965,1035
270111,964,1035
270112,960,1033
270113,957,1034
270114,961,1036
270115,966,1037
270116,969,1037
270117,966,1033
270118,962,1030
270119,965,1030
270120,966,1033
270121,970,1034
270122,972,1034
270123,972,1031
270124,967,1029
270125,964,1030
270126,964,1033
270127,965,1036
270128,966,1036
270129,966,1032
270130,963,1031
270131,962,1032
270132,962,1032
270133,965,1036
270134,966,1036
270135,964,1032
270136,960,1029
270137,957,1032
270138,958,1034
270139,962,1035
270140,966,1037
270141,966,1035
270142,963,1033
270143,961,1030
270144,960,1033
270145,962,1036
270146,965,1033
270147,965,1034
270148,963,1031
270149,962,1031
270150,964,1035
270151,968,1038
270152,971,1034
270153,973,1028
270154,974,1023
270155,980,1022
270156,993,1024
270157,1012,1025
270158,1033,1021
270159,1061,1021
270160,1087,1008
270161,1120,1001
270162,1158,993
270163,1199,991
270164,1236,996
270165,1257,1005
270166,1265,1020
270167,1248,1034
270168,1211,1038
270169,1159,1038
270170,1100,1048
270171,1034,1061
270172,974,1068
270173,934,1076
270174,932,1075
270175,944,1068
270176,957,1056
270177,963,1045
270178,962,1034
270179,956,1032
270180,956,1032
270181,957,1033
270182,958,1029
270183,957,1029
270184,953,1026
270185,950,1027
270186,947,1030
270187,950,1031
270188,952,1031
270189,949,1031
270190,947,1028
270191,944,1029
270192,940,1031
270193,946,1034
270194,944,1031
270195,943,1031
270196,942,1028
270197,940,1032
270198,940,1034
270199,943,1036
270200,944,1036
270201,940,1034
270202,937,1033
270203,937,1033
270204,940,1036
270205,942,1038
270206,948,1040
270207,948,1035
270208,947,1033
270209,946,1032
270210,946,1036
270211,945,1036
270212,951,1036
270213,948,1034
270214,947,1033
270215,944,1030
270216,945,1033
270217,950,1033
270218,953,1034
270219,953,1029
270220,951,1023
270221,949,1024
270222,948,1025
270223,950,1025
270224,955,1025
270225,956,1021
270226,955,1016
270227,953,1014
270228,952,1016
270229,957,1016
270230,956,1012
270231,955,1010
270232,952,1006
270233,954,1005
270234,957,1007
270235,961,1006
270236,963,1006
270237,966,1001
270238,965,994
270239,963,995
270240,965,996
270241,968,1000
270242,973,995
270243,971,994
270244,969,991
270245,970,990
270246,974,992
270247,979,992
270248,981,991
270249,981,989
270250,977,989
270251,978,989
270252,980,992
270253,983,995
270254,988,996
270255,990,993
270256,986,992
270257,985,994
270258,986,996
270259,988,1001
270260,989,1003
270261,988,1001
270262,986,999
270263,984,1002
270264,984,1010
270265,985,1015
270266,986,1016
270267,982,1017
270268,979,1017
270269,974,1020
270270,972,1024
270271,972,1028
270272,975,1027
270273,973,1027
270274,970,1028
270275,966,1027
270276,967,1033
270277,967,1036
270278,968,1033
270279,965,1034
270280,963,1029
270281,960,1032
270282,962,1032
270283,965,1039
270284,969,1041
270285,968,1037
270286,965,1035
270287,961,1038
270288,963,1039
270289,965,1042
270290,970,1039
270291,968,1037
270292,969,1033
270293,965,1033
270294,968,1036
270295,971,1036
270296,971,1035
270297,972,1032
270298,970,1030
270299,971,1028
270300,972,1030
270301,972,1031
270302,976,1029
270303,976,1029
270304,977,1027
270305,977,1028
270306,984,1032
270307,992,1032
270308,998,1033
270309,1001,1032
270310,1003,1033
270311,1007,1033
270312,1010,1035
270313,1023,1038
270314,1039,1032
270315,1050,1019
270316,1063,999
270317,1075,982
270318,1091,969
270319,1109,957
270320,1131,942
270321,1147,921
270322,1161,900
270323,1181,876
270324,1200,854
270325,1219,835
270326,1234,821
270327,1244,806
270328,1247,794
270329,1240,789
270330,1236,791
270331,1236,791
270332,1232,788
270333,1226,789
270334,1206,786
270335,1186,788
270336,1165,792
270337,1146,798
270338,1123,807
270339,1101,816
270340,1077,822
270341,1055,834
270342,1040,851
270343,1031,869
270344,1029,884
270345,1027,900
270346,1022,908
270347,1016,923
270348,1013,934
270349,1019,945
270350,1031,956
270351,1045,962
270352,1059,964
270353,1069,972
270354,1067,978
270355,1045,988
270356,1009,1000
270357,967,1011
270358,936,1023
270359,919,1039
270360,915,1057
270361,914,1074
270362,913,1081
270363,909,1081
270364,898,1082
270365,894,1086
270366,893,1092
270367,891,1098
270368,891,1099
270369,890,1101
270370,888,1099
270371,881,1101
270372,879,1104
270373,880,1110
270374,881,1114
270375,877,1116
270376,874,1114
270377,872,1117
270378,867,1121
270379,869,1129
270380,872,1130
270381,869,1128
270382,865,1128
270383,860,1132
270384,861,1135
270385,865,1141
270386,867,1142
270387,867,1143
270388,861,1142
270389,856,1147
270390,857,1153
270391,861,1157
270392,861,1160
270393,857,1159
270394,856,1160
270395,853,1164
270396,856,1168
270397,860,1173
270398,864,1175
270399,862,1175
270400,859,1174
270401,859,1179
270402,861,1185
270403,864,1186
270404,871,1192
270405,872,1192
270406,873,1190
270407,873,1191
270408,877,1194
270409,881,1196
270410,886,1195
270411,887,1193
270412,886,1188
270413,890,1188
270414,894,1186
270415,899,1185
270416,906,1183
270417,910,1174
270418,911,1170
270419,913,1164
270420,917,1160
270421,925,1156
270422,930,1150
270423,930,1142
270424,932,1137
270425,935,1129
270426,938,1125
270427,940,1123
270428,943,1117
270429,944,1111
270430,940,1102
270431,935,1097
270432,938,1097
270433,942,1095
270434,948,1091
270435,946,1083
270436,944,1074
270437,943,1072
270438,944,1066
270439,946,1067
270440,944,1065
270441,945,1060
270442,942,1054
270443,941,1051
270444,943,1053
270445,947,1053
270446,950,1049
270447,948,1046
270448,947,1041
270449,945,1041
270450,947,1042
270451,952,1042
270452,951,1041
270453,953,1039
270454,949,1036
270455,951,1035
270456,954,1036
270457,954,1039
270458,959,1037
270459,959,1035
270460,954,1035
270461,954,1033
270462,954,1035
270463,958,1036
270464,961,1033
270465,960,1034
270466,953,1033
270467,952,1031
270468,950,1034
270469,954,1037
270470,957,1036
270471,957,1032
270472,953,1033
270473,950,1030
270474,948,1034
270475,950,1035
270476,953,1037
270477,951,1033
270478,950,1028
270479,947,1029
270480,949,1032
270481,954,1031
270482,954,1033
270483,955,1030
270484,953,1027
270485,949,1026
270486,951,1031
270487,954,1032
270488,955,1032
270489,955,1030
270490,953,1029
270491,954,1027
270492,953,1029
270493,957,1031
270494,960,1034
270495,960,1032
270496,956,1030
270497,958,1030
270498,954,1030
270499,959,1030
270500,962,1029
270501,961,1026
270502,957,1024
270503,958,1024
270504,960,1026
270505,964,1029
270506,966,1031
270507,965,1026
270508,961,1025
270509,957,1025
270510,960,1028
270511,963,1031
270512,963,1030
270513,965,1029
270514,961,1028
270515,958,1029
270516,960,1032
270517,960,1032
270518,961,1031
270519,961,1030
270520,959,1025
270521,956,1023
270522,959,1027
270523,961,1033
270524,962,1031
270525,961,1029
270526,958,1027
270527,955,1024
270528,956,1029
270529,959,1031
270530,959,1032
270531,959,1028
270532,958,1026
270533,956,1026
270534,957,1029
270535,959,1031
270536,957,1031
270537,959,1030
270538,957,1027
270539,955,1027
270540,956,1031
270541,960,1034
270542,963,1034
270543,962,1032
270544,959,1028
270545,958,1027
270546,959,1031
270547,961,1033
270548,963,1032
270549,964,1030
270550,961,1028
270551,961,1029
270552,962,1029
270553,966,1032
270554,968,1032
270555,966,1028
270556,964,1024
270557,963,1025
270558,959,1030
270559,960,1033
270560,966,1029
270561,964,1028
270562,963,1028
270563,962,1026
270564,961,1028
270565,963,1031
270566,964,1030
270567,965,1027
270568,959,1025
270569,957,1023
270570,959,1028
270571,960,1031
270572,967,1033
270573,963,1029
270574,962,1028
270575,959,1027
270576,962,1030
270577,965,1031
270578,967,1033
270579,964,1029
270580,962,1027
270581,958,1025
270582,961,1029
270583,963,1033
270584,966,1033
270585,966,1028
270586,961,1026
270587,958,1026
270588,960,1027
270589,960,1029
270590,963,1031
270591,965,1028
270592,963,1024
270593,961,1025
270594,964,1026
270595,967,1029
270596,967,1027
270597,969,1027
270598,970,1025
270599,969,1023
270600,972,1023
270601,976,1022
270602,981,1020
270603,987,1015
270604,994,1010
270605,1004,1008
270606,1021,1008
270607,1041,1009
270608,1069,1006
270609,1099,994
270610,1128,982
270611,1163,975
270612,1200,972
270613,1235,979
270614,1258,996
270615,1261,1011
270616,1236,1022
270617,1189,1028
270618,1132,1036
270619,1076,1048
270620,1023,1059
270621,978,1062
270622,950,1057
270623,948,1054
270624,956,1049
270625,965,1041
270626,972,1028
270627,968,1024
270628,961,1023
270629,958,1024
270630,960,1026
270631,959,1029
270632,961,1030
270633,956,1028
270634,954,1025
270635,952,1026
270636,952,1027
270637,951,1031
270638,953,1031
270639,952,1031
270640,948,1029
270641,949,1028
270642,951,1029
270643,951,1033
270644,953,1032
270645,952,1030
270646,948,1026
270647,947,1028
270648,950,1028
270649,953,1033
270650,953,1032
270651,953,1034
270652,951,1029
270653,948,1031
270654,950,1033
270655,952,1034
270656,955,1034
270657,953,1030
270658,952,1028
270659,949,1029
270660,950,1029
270661,952,1031
270662,955,1030
270663,954,1027
270664,950,1023
270665,948,1022
270666,949,1023
270667,949,1025
270668,952,1022
270669,952,1019
270670,950,1019
270671,949,1018
270672,949,1019
270673,953,1018
270674,955,1018
270675,958,1016
270676,952,1016
270677,952,1016
270678,953,1016
270679,958,1017
270680,962,1014
270681,963,1009
270682,961,1006
270683,958,1004
270684,963,1007
270685,967,1009
270686,970,1007
270687,969,1001
270688,969,997
270689,970,997
270690,977,998
270691,979,999
270692,982,997
270693,982,994
270694,979,992
270695,980,990
270696,983,993
270697,988,996
270698,995,996
270699,995,988
270700,994,986
270701,995,988
270702,995,990
270703,1000,991
270704,1001,991
270705,1003,986
270706,1003,983
270707,1004,984
270708,1006,988
270709,1008,992
270710,1008,992
270711,1009,991
270712,1008,991
270713,1005,993
270714,1005,997
270715,1007,1000
270716,1008,1005
270717,1005,1005
270718,1001,1005
270719,998,1007
270720,996,1012
270721,997,1014
270722,996,1014
270723,994,1014
270724,989,1014
270725,986,1016
270726,986,1019
270727,988,1025
270728,985,1025
270729,983,1026
270730,979,1026
270731,977,1026
270732,979,1030
270733,980,1034
270734,983,1032
270735,983,1029
270736,980,1028
270737,978,1030
270738,979,1031
270739,981,1033
270740,982,1032
270741,981,1029
270742,980,1027
270743,977,1029
270744,978,1031
270745,979,1036
270746,984,1033
270747,981,1033
270748,982,1025
270749,979,1025
270750,979,1026
270751,981,1030
270752,983,1026
270753,978,1024
270754,978,1022
270755,978,1023
270756,979,1026
270757,982,1027
270758,982,1024
270759,980,1022
270760,979,1021
270761,979,1020
270762,980,1025
270763,981,1023
270764,984,1023
270765,983,1024
270766,981,1022
270767,977,1022
270768,980,1024
270769,983,1026
270770,982,1025
270771,979,1022
270772,978,1021
270773,976,1019
270774,978,1021
270775,982,1024
270776,983,1024
270777,983,1021
270778,980,1019
270779,979,1020
270780,977,1023
270781,980,1024
270782,983,1024
270783,984,1021
270784,983,1020
270785,981,1020
270786,980,1024
270787,981,1026
270788,982,1023
270789,980,1019
270790,978,1019
270791,976,1018
270792,977,1024
270793,981,1025
270794,983,1023
270795,982,1022
270796,978,1019
270797,979,1020
270798,978,1024
270799,981,1029
270800,983,1028
270801,980,1023
270802,979,1026
270803,979,1026
270804,981,1028
270805,982,1029
270806,985,1029
270807,986,1026
270808,982,1024
270809,984,1021
270810,993,1020
270811,1005,1021
270812,1016,1019
270813,1028,1013
270814,1046,1011
270815,1065,1007
270816,1094,1002
270817,1128,1000
270818,1164,990
270819,1203,988
270820,1235,992
270821,1259,1006
270822,1271,1027
270823,1259,1043
270824,1223,1045
270825,1169,1047
270826,1108,1053
270827,1045,1065
270828,993,1073
270829,960,1074
270830,956,1065
270831,961,1055
270832,967,1040
270833,971,1032
270834,975,1027
270835,973,1025
270836,970,1024
270837,966,1023
270838,961,1021
270839,954,1023
270840,956,1025
270841,955,1030
270842,956,1029
270843,957,1028
270844,954,1028
270845,952,1027
270846,952,1028
270847,954,1032
270848,952,1034
270849,952,1030
270850,948,1029
270851,943,1029
270852,946,1032
270853,950,1033
270854,950,1034
270855,950,1031
270856,945,1028
270857,947,1031
270858,947,1030
270859,950,1034
270860,952,1032
270861,948,1030
270862,946,1028
270863,945,1028
270864,947,1029
270865,948,1032
270866,952,1029
270867,947,1028
270868,947,1024
270869,944,1026
270870,945,1028
270871,946,1029
270872,946,1026
270873,948,1022
270874,945,1021
270875,945,1019
270876,948,1022
270877,951,1023
270878,951,1020
270879,946,1017
270880,946,1012
270881,944,1014
270882,947,1015
270883,949,1016
270884,952,1016
270885,953,1012
270886,951,1008
270887,953,1010
270888,954,1008
270889,958,1010
270890,960,1009
270891,961,1005
270892,959,999
270893,960,1000
270894,959,1001
270895,962,1003
270896,965,1000
270897,966,997
270898,961,995
270899,961,995
270900,963,998
270901,967,998
270902,968,997
270903,967,994
270904,964,994
270905,964,994
270906,969,992
270907,974,992
270908,974,990
270909,971,988
270910,969,983
270911,970,983
270912,972,987
270913,976,990
270914,979,990
270915,980,987
270916,977,986
270917,979,991
270918,980,991
270919,983,996
270920,986,996
270921,984,996
270922,979,993
270923,978,995
270924,975,999
270925,979,1005
270926,978,1005
270927,977,1002
270928,973,1005
270929,971,1005
270930,971,1010
270931,973,1015
270932,974,1016
270933,972,1015
270934,970,1015
270935,967,1018
270936,968,1022
270937,971,1025
270938,971,1026
270939,969,1025
270940,966,1026
270941,967,1027
270942,968,1030
270943,971,1032
270944,973,1032
270945,970,1029
270946,966,1030
270947,963,1031
270948,964,1033
270949,967,1037
270950,968,1038
270951,967,1036
270952,961,1031
270953,961,1034
270954,961,1034
270955,962,1039
270956,965,1035
270957,963,1035
270958,961,1033
270959,960,1033
270960,961,1037
270961,964,1038
270962,964,1035
270963,964,1033
270964,963,1031
270965,961,1030
270966,966,1031
270967,968,1032
270968,970,1034
270969,969,1031
270970,964,1029
270971,960,1029
270972,963,1032
270973,968,1032
270974,969,1030
270975,966,1024
270976,964,1021
270977,963,1021
270978,965,1025
270979,969,1028
270980,968,1026
270981,967,1025
270982,965,1021
270983,962,1022
270984,965,1024
270985,969,1030
270986,970,1029
270987,971,1029
270988,970,1025
270989,969,1029
270990,970,1031
270991,972,1032
270992,971,1031
270993,970,1029
270994,966,1029
270995,965,1027
270996,969,1030
270997,970,1035
270998,975,1035
270999,971,1031
271000,968,1034
271001,966,1031
271002,967,1035
271003,970,1037
271004,971,1036
271005,968,1033
271006,964,1033
271007,963,1031
271008,967,1031
271009,969,1034
271010,968,1033
271011,967,1030
271012,964,1025
271013,962,1026
271014,964,1027
271015,966,1030
271016,969,1029
271017,969,1029
271018,967,1027
271019,964,1028
271020,967,1030
271021,967,1029
271022,970,1027
271023,970,1025
271024,965,1022
271025,967,1026
271026,969,1027
271027,970,1030
271028,970,1028
271029,968,1025
271030,962,1025
271031,960,1024
271032,962,1029
271033,967,1032
271034,970,1030
271035,969,1026
271036,964,1026
271037,963,1029
271038,966,1030
271039,969,1035
271040,972,1031
271041,973,1028
271042,969,1027
271043,966,1027
271044,967,1028
271045,974,1033
271046,976,1030
271047,973,1029
271048,972,1027
271049,969,1029
271050,970,1031
271051,973,1036
271052,976,1033
271053,977,1029
271054,975,1027
271055,975,1027
271056,978,1027
271057,985,1025
271058,996,1021
271059,1005,1018
271060,1015,1013
271061,1029,1013
271062,1056,1012
271063,1087,1008
271064,1123,994
271065,1157,984
271066,1188,981
271067,1216,988
271068,1241,1002
271069,1242,1026
271070,1224,1037
271071,1184,1036
271072,1137,1039
271073,1084,1047
271074,1033,1061
271075,988,1078
271076,955,1084
271077,943,1089
271078,942,1082
271079,950,1070
271080,960,1061
271081,967,1054
271082,970,1042
271083,967,1033
271084,963,1027
271085,962,1026
271086,962,1025
271087,963,1028
271088,963,1025
271089,958,1021
271090,954,1021
271091,953,1017
271092,955,1023
271093,957,1024
271094,955,1023
271095,956,1020
271096,953,1019
271097,951,1017
271098,953,1022
271099,955,1024
271100,952,1024
271101,954,1023
271102,950,1017
271103,950,1021
271104,951,1025
271105,953,1026
271106,953,1024
271107,953,1021
271108,949,1021
271109,950,1021
271110,953,1025
271111,954,1027
271112,958,1027
271113,955,1023
271114,954,1023
271115,951,1023
271116,951,1023
271117,956,1024
271118,956,1024
271119,956,1023
271120,953,1023
271121,952,1022
271122,957,1024
271123,961,1023
271124,963,1021
271125,962,1018
271126,959,1018
271127,956,1018
271128,960,1018
271129,962,1018
271130,963,1016
271131,959,1011
271132,960,1010
271133,961,1007
271134,965,1006
271135,969,1008
271136,971,1004
271137,970,1001
271138,969,998
271139,970,994
271140,971,997
271141,974,999
271142,978,997
271143,975,995
271144,975,991
271145,975,990
271146,978,991
271147,981,995
271148,981,992
271149,981,990
271150,977,990
271151,978,989
271152,982,989
271153,986,991
271154,989,990
271155,984,989
271156,986,986
271157,984,985
271158,988,986
271159,991,990
271160,996,987
271161,995,985
271162,994,985
271163,996,987
271164,998,991
271165,1000,992
271166,1005,994
271167,1004,991
271168,1000,996
271169,1000,994
271170,1002,1000
271171,1005,1001
271172,1004,1003
271173,1002,1003
271174,1001,1004
271175,999,1003
271176,999,1012
271177,1000,1013
271178,1001,1017
271179,997,1015
271180,994,1014
271181,989,1017
271182,991,1017
271183,990,1017
271184,990,1020
271185,988,1020
271186,985,1020
271187,983,1018
271188,980,1024
271189,984,1027
271190,985,1026
271191,984,1026
271192,980,1023
271193,979,1024
271194,981,1027
271195,984,1031
271196,985,1030
271197,984,1029
271198,980,1024
271199,978,1026
271200,980,1029
271201,987,1033
271202,987,1033
271203,989,1030
271204,989,1031
271205,991,1030
271206,992,1030
271207,1002,1032
271208,1006,1031
271209,1006,1032
271210,1009,1031
271211,1011,1034
271212,1016,1035
271213,1024,1041
271214,1035,1039
271215,1043,1035
271216,1049,1030
271217,1060,1023
271218,1078,1012
271219,1094,998
271220,1107,983
271221,1118,965
271222,1133,953
271223,1147,939
271224,1162,927
271225,1183,913
271226,1200,891
271227,1215,867
271228,1229,847
271229,1243,833
271230,1254,821
271231,1263,815
271232,1265,808
271233,1259,803
271234,1254,800
271235,1244,802
271236,1242,801
271237,1236,803
271238,1221,800
271239,1201,795
271240,1177,795
271241,1151,797
271242,1131,809
271243,1111,817
271244,1087,825
271245,1062,833
271246,1044,847
271247,1035,861
271248,1028,878
271249,1026,894
271250,1025,908
271251,1021,916
271252,1015,924
271253,1014,934
271254,1017,948
271255,1030,961
271256,1044,966
271257,1056,973
271258,1060,976
271259,1056,983
271260,1042,991
271261,1023,1001
271262,998,1012
271263,970,1016
271264,948,1027
271265,931,1040
271266,926,1057
271267,924,1070
271268,921,1081
271269,920,1080
271270,910,1081
271271,903,1084
271272,900,1091
271273,898,1097
271274,897,1099
271275,893,1096
271276,889,1095
271277,886,1101
271278,884,1102
271279,887,1109
271280,885,1109
271281,883,1109
271282,879,1109
271283,876,1112
271284,875,1115
271285,876,1118
271286,875,1117
271287,873,1118
271288,869,1117
271289,869,1120
271290,870,1125
271291,870,1126
271292,871,1128
271293,867,1129
271294,864,1129
271295,863,1132
271296,862,1136
271297,865,1140
271298,866,1141
271299,864,1142
271300,861,1142
271301,862,1149
271302,864,1151
271303,866,1156
271304,866,1159
271305,868,1157
271306,863,1159
271307,862,1161
271308,864,1167
271309,866,1171
271310,870,1172
271311,871,1171
271312,870,1174
271313,870,1175
271314,873,1179
271315,875,1184
271316,882,1182
271317,883,1179
271318,882,1178
271319,884,1180
271320,888,1185
271321,892,1186
271322,897,1187
271323,896,1183
271324,896,1181
271325,900,1180
271326,902,1180
271327,907,1177
271328,909,1175
271329,911,1170
271330,912,1164
271331,916,1162
271332,919,1159
271333,925,1159
271334,929,1155
271335,927,1146
271336,930,1138
271337,931,1137
271338,937,1133
271339,941,1131
271340,943,1124
271341,946,1118
271342,946,1112
271343,944,1107
271344,947,1105
271345,952,1100
271346,953,1094
271347,952,1086
271348,952,1080
271349,949,1076
271350,953,1074
271351,955,1072
271352,956,1066
271353,958,1062
271354,957,1059
271355,954,1058
271356,955,1058
271357,959,1058
271358,958,1053
271359,956,1046
271360,954,1043
271361,951,1046
271362,954,1044
271363,957,1047
271364,958,1047
271365,954,1044
271366,955,1042
271367,954,1041
271368,954,1041
271369,957,1044
271370,958,1038
271371,958,1035
271372,954,1032
271373,954,1032
271374,959,1034
271375,958,1037
271376,959,1036
271377,959,1033
271378,956,1031
271379,955,1034
271380,955,1035
271381,961,1037
271382,960,1035
271383,962,1032
271384,959,1030
271385,960,1032
271386,961,1034
271387,963,1035
271388,964,1034
271389,963,1033
271390,960,1031
271391,958,1030
271392,962,1031
271393,963,1034
271394,963,1034
271395,965,1032
271396,965,1029
271397,965,1028
271398,964,1035
271399,967,1035
271400,969,1033
271401,969,1028
271402,964,1025
271403,963,1029
271404,964,1032
271405,966,1033
271406,967,1033
271407,965,1033
271408,961,1033
271409,958,1033
271410,965,1035
271411,965,1037
271412,968,1039
271413,968,1035
271414,965,1032
271415,963,1031
271416,966,1033
271417,970,1035
271418,970,1031
271419,969,1030
271420,963,1028
271421,960,1030
271422,964,1032
271423,967,1033
271424,965,1033
271425,964,1032
271426,962,1031
271427,963,1031
271428,962,1033
271429,965,1036
271430,965,1035
271431,962,1031
271432,960,1030
271433,960,1029
271434,962,1032
271435,964,1035
271436,964,1033
271437,962,1032
271438,960,1030
271439,961,1029
271440,964,1029
271441,967,1035
271442,965,1031
271443,966,1029
271444,960,1028
271445,962,1029
271446,964,1031
271447,966,1034
271448,964,1033
271449,966,1027
271450,962,1027
271451,961,1030
271452,959,1032
271453,964,1035
271454,963,1035
271455,962,1032
271456,956,1032
271457,956,1031
271458,955,1033
271459,958,1037
271460,962,1036
271461,960,1033
271462,960,1032
271463,958,1030
271464,960,1035
271465,963,1037
271466,965,1036
271467,961,1033
271468,959,1031
271469,958,1032
271470,958,1034
271471,962,1037
271472,962,1037
271473,962,1032
271474,961,1032
271475,960,1032
271476,964,1035
271477,964,1035
271478,966,1034
271479,961,1033
271480,959,1030
271481,959,1032
271482,961,1036
271483,966,1037
271484,967,1036
271485,967,1035
271486,966,1034
271487,963,1036
271488,965,1038
271489,966,1041
271490,967,1038
271491,966,1033
271492,961,1028
271493,961,1034
271494,967,1035
271495,968,1032
271496,967,1034
271497,963,1033
271498,959,1032
271499,961,1034
271500,962,1036
271501,967,1039
271502,968,1037
271503,967,1036
271504,963,1032
271505,962,1036
271506,964,1038
271507,965,1041
271508,966,1037
271509,964,1036
271510,963,1034
271511,961,1034
271512,960,1037
271513,962,1040
271514,964,1039
271515,966,1038
271516,963,1034
271517,962,1035
271518,961,1036
271519,966,1038
271520,967,1037
271521,964,1033
271522,963,1032
271523,965,1035
271524,968,1037
271525,968,1037
271526,971,1034
271527,966,1031
271528,965,1030
271529,966,1034
271530,967,1032
271531,971,1034
271532,969,1033
271533,969,1031
271534,966,1030
271535,964,1030
271536,964,1035
271537,967,1037
271538,968,1033
271539,967,1032
271540,961,1030
271541,963,1030
271542,966,1032
271543,967,1037
271544,970,1036
271545,971,1034
271546,966,1031
271547,967,1031
271548,969,1035
271549,973,1036
271550,972,1035
271551,971,1035
271552,967,1033
271553,968,1034
271554,971,1037
271555,973,1039
271556,975,1037
271557,974,1032
271558,969,1033
271559,968,1033
271560,972,1036
271561,974,1038
271562,973,1038
271563,972,1032
271564,970,1033
271565,969,1032
271566,971,1033
271567,976,1036
271568,974,1036
271569,973,1032
271570,970,1029
271571,971,1031
271572,970,1034
271573,976,1034
271574,978,1031
271575,979,1031
271576,978,1030
271577,977,1030
271578,979,1030
271579,984,1030
271580,988,1025
271581,994,1023
271582,998,1018
271583,1009,1016
271584,1025,1017
271585,1045,1015
271586,1066,1014
271587,1094,1004
271588,1123,995
271589,1154,990
271590,1187,981
271591,1222,982
271592,1249,989
271593,1264,998
271594,1256,1012
271595,1233,1024
271596,1189,1033
271597,1145,1042
271598,1095,1047
271599,1047,1054
271600,1004,1063
271601,974,1068
271602,960,1070
271603,964,1067
271604,969,1060
271605,974,1047
271606,974,1042
271607,972,1038
271608,972,1038
271609,972,1041
271610,967,1041
271611,966,1036
271612,959,1034
271613,957,1035
271614,953,1037
271615,954,1041
271616,954,1038
271617,952,1034
271618,949,1030
271619,950,1032
271620,951,1034
271621,953,1036
271622,953,1034
271623,951,1034
271624,946,1031
271625,945,1035
271626,948,1036
271627,954,1037
271628,954,1036
271629,954,1033
271630,947,1033
271631,950,1035
271632,955,1036
271633,955,1038
271634,956,1036
271635,954,1034
271636,951,1031
271637,953,1034
271638,956,1036
271639,959,1038
271640,960,1036
271641,958,1033
271642,957,1032
271643,952,1033
271644,958,1035
271645,959,1037
271646,960,1038
271647,957,1034
271648,958,1033
271649,959,1035
271650,961,1036
271651,965,1038
271652,964,1034
271653,959,1034
271654,957,1031
271655,953,1031
271656,956,1034
271657,959,1034
271658,960,1032
271659,960,1027
271660,958,1026
271661,957,1027
271662,961,1026
271663,963,1028
271664,965,1024
271665,965,1022
271666,961,1019
271667,962,1021
271668,964,1021
271669,968,1023
271670,968,1020
271671,967,1016
271672,966,1014
271673,965,1013
271674,966,1014
271675,972,1014
271676,970,1014
271677,969,1010
271678,967,1007
271679,971,1008
271680,974,1009
271681,978,1012
271682,979,1008
271683,978,1007
271684,978,1005
271685,978,1002
271686,982,1006
271687,984,1007
271688,985,1006
271689,984,1003
271690,983,1003
271691,987,1001
271692,994,1004
271693,999,1007
271694,1000,1007
271695,1001,1005
271696,998,1004
271697,1003,1003
271698,1006,1006
271699,1010,1008
271700,1012,1005
271701,1010,1003
271702,1010,1002
271703,1006,1006
271704,1010,1008
271705,1011,1012
271706,1011,1011
271707,1006,1010
271708,1002,1009
271709,1003,1012
271710,1002,1016
271711,1005,1021
271712,1005,1021
271713,1001,1019
271714,997,1020
271715,995,1023
271716,995,1028
271717,995,1030
271718,994,1030
271719,990,1027
271720,988,1024
271721,985,1029
271722,986,1033
271723,990,1037
271724,988,1037
271725,986,1035
271726,982,1034
271727,980,1035
271728,982,1039
271729,985,1040
271730,986,1040
271731,982,1036
271732,980,1033
271733,981,1035
271734,982,1038
271735,983,1040
271736,984,1039
271737,983,1037
271738,977,1037
271739,977,1039
271740,980,1043
271741,984,1045
271742,983,1042
271743,980,1042
271744,977,1040
271745,974,1042
271746,978,1045
271747,979,1045
271748,981,1042
271749,977,1037
271750,976,1037
271751,978,1035
271752,981,1035
271753,984,1037
271754,986,1032
271755,982,1030
271756,977,1025
271757,978,1025
271758,981,1028
271759,982,1030
271760,981,1028
271761,980,1024
271762,977,1024
271763,978,1025
271764,978,1028
271765,981,1031
271766,981,1029
271767,980,1024
271768,979,1025
271769,979,1026
271770,981,1030
271771,983,1030
271772,984,1030
271773,984,1027
271774,980,1024
271775,978,1026
271776,981,1030
271777,982,1032
271778,983,1031
271779,978,1028
271780,977,1027
271781,973,1029
271782,976,1033
271783,978,1036
271784,978,1032
271785,976,1031
271786,972,1030
271787,972,1032
271788,975,1039
271789,976,1042
271790,979,1041
271791,976,1037
271792,976,1037
271793,974,1038
271794,975,1041
271795,979,1042
271796,978,1042
271797,978,1040
271798,975,1037
271799,973,1037
271800,971,1038
271801,974,1039
271802,974,1034
271803,972,1031
271804,974,1028
271805,972,1030
271806,974,1033
271807,974,1033
271808,973,1031
271809,972,1031
271810,968,1029
271811,967,1029
271812,969,1032
271813,970,1034
271814,969,1030
271815,968,1027
271816,964,1025
271817,965,1028
271818,967,1032
271819,971,1035
271820,972,1035
271821,972,1033
271822,968,1033
271823,971,1033
271824,972,1034
271825,974,1040
271826,972,1038
271827,970,1038
271828,968,1034
271829,969,1036
271830,968,1040
271831,973,1042
271832,973,1041
271833,972,1043
271834,967,1040
271835,965,1042
271836,968,1044
271837,970,1048
271838,969,1047
271839,967,1046
271840,964,1043
271841,963,1042
271842,968,1046
271843,971,1047
271844,970,1043
271845,969,1041
271846,967,1037
271847,966,1041
271848,968,1040
271849,970,1043
271850,967,1040
271851,968,1037
271852,966,1035
271853,967,1037
271854,966,1040
271855,970,1040
271856,968,1039
271857,967,1035
271858,964,1033
271859,964,1034
271860,966,1039
271861,971,1038
271862,971,1037
271863,969,1033
271864,965,1031
271865,965,1033
271866,968,1036
271867,967,1037
271868,966,1037
271869,966,1034
271870,964,1031
271871,963,1031
271872,964,1036
271873,967,1036
271874,966,1033
271875,966,1035
271876,960,1034
271877,963,1034
271878,965,1038
271879,966,1041
271880,968,1039
271881,968,1037
271882,968,1037
271883,969,1038
271884,969,1042
271885,972,1045
271886,973,1040
271887,973,1040
271888,967,1040
271889,968,1039
271890,969,1042
271891,971,1043
271892,971,1042
271893,970,1039
271894,967,1035
271895,966,1036
271896,965,1037
271897,970,1042
271898,968,1041
271899,967,1040
271900,965,1036
271901,966,1039
271902,966,1041
271903,969,1043
271904,970,1040
271905,969,1035
271906,963,1033
271907,964,1036
271908,967,1038
271909,968,1040
271910,971,1040
271911,968,1035
271912,968,1035
271913,968,1035
271914,970,1036
271915,970,1039
271916,971,1036
271917,969,1035
271918,964,1034
271919,963,1036
271920,966,1037
271921,967,1039
271922,969,1036
271923,968,1033
271924,966,1031
271925,963,1032
271926,967,1034
271927,971,1039
271928,972,1036
271929,970,1035
271930,969,1036
271931,968,1037
271932,971,1041
271933,971,1044
271934,971,1043
271935,972,1038
271936,969,1040
271937,967,1039
271938,969,1042
271939,971,1043
271940,970,1042
271941,970,1038
271942,970,1037
271943,969,1039
271944,971,1042
271945,975,1042
271946,974,1040
271947,972,1039
271948,969,1035
271949,969,1040
271950,970,1041
271951,972,1042
271952,972,1039
271953,970,1036
271954,967,1034
271955,967,1033
271956,970,1038
271957,971,1037
271958,970,1036
271959,968,1035
271960,962,1032
271961,964,1032
271962,966,1033
271963,970,1038
271964,972,1035
271965,971,1032
271966,968,1030
271967,968,1033
271968,971,1037
271969,974,1040
271970,974,1039
271971,973,1037
271972,973,1035
271973,976,1036
271974,977,1036
271975,978,1038
271976,979,1040
271977,980,1039
271978,975,1037
271979,979,1039
271980,980,1041
271981,984,1046
271982,982,1044
271983,981,1042
271984,979,1040
271985,980,1042
271986,982,1043
271987,985,1043
271988,986,1040
271989,986,1037
271990,984,1035
271991,985,1038
271992,986,1040
271993,990,1041
271994,992,1039
271995,990,1037
271996,985,1034
271997,988,1033
271998,993,1031
271999,1008,1033
272000,1020,1030
272001,1032,1024
272002,1045,1019
272003,1070,1018
272004,1102,1017
272005,1135,1012
272006,1169,997
272007,1202,985
272008,1231,984
272009,1255,991
272010,1274,1005
272011,1267,1023
272012,1235,1035
272013,1184,1038
272014,1129,1040
272015,1077,1049
272016,1030,1060
272017,993,1069
272018,966,1071
272019,960,1067
272020,965,1061
272021,970,1053
272022,979,1052
272023,983,1047
272024,981,1042
272025,975,1039
272026,967,1034
272027,965,1039
272028,966,1041
272029,968,1043
272030,970,1041
272031,964,1041
272032,961,1041
272033,958,1040
272034,962,1043
272035,964,1042
272036,964,1042
272037,961,1039
272038,956,1037
272039,956,1040
272040,955,1041
272041,959,1044
272042,959,1043
272043,957,1041
272044,955,1040
272045,957,1042
272046,958,1043
272047,961,1043
272048,964,1043
272049,961,1043
272050,956,1042
272051,954,1044
272052,957,1047
272053,961,1046
272054,960,1047
272055,958,1042
272056,954,1042
272057,954,1042
272058,954,1045
272059,957,1048
272060,957,1043
272061,955,1041
272062,952,1040
272063,954,1042
272064,956,1045
272065,962,1047
272066,962,1044
272067,959,1041
272068,959,1040
272069,959,1041
272070,963,1044
272071,967,1043
272072,967,1040
272073,968,1039
272074,966,1036
272075,966,1038
272076,972,1039
272077,973,1038
272078,973,1034
272079,971,1032
272080,968,1031
272081,972,1030
272082,971,1033
272083,974,1035
272084,975,1031
272085,972,1025
272086,974,1023
272087,974,1026
272088,980,1026
272089,981,1027
272090,983,1024
272091,981,1021
272092,978,1021
272093,981,1023
272094,983,1026
272095,988,1028
272096,987,1025
272097,986,1020
272098,983,1016
272099,984,1019
272100,990,1020
272101,993,1023
272102,989,1021
272103,990,1018
272104,990,1017
272105,991,1021
272106,995,1021
272107,998,1023
272108,1000,1020
272109,1000,1017
272110,996,1015
272111,998,1018
272112,1000,1021
272113,1006,1021
272114,1004,1018
272115,999,1017
272116,997,1018
272117,1000,1020
272118,1001,1023
272119,1003,1023
272120,1002,1022
272121,998,1022
272122,993,1023
272123,994,1024
272124,994,1027
272125,993,1032
272126,991,1031
272127,984,1031
272128,979,1030
272129,977,1034
272130,980,1036
272131,981,1039
272132,980,1039
272133,979,1036
272134,975,1038
272135,974,1037
272136,974,1040
272137,976,1045
272138,975,1043
272139,972,1042
272140,970,1039
272141,968,1044
272142,971,1047
272143,974,1050
272144,974,1050
272145,971,1045
272146,969,1046
272147,967,1046
272148,969,1051
272149,974,1053
272150,975,1052
272151,969,1049
272152,970,1048
272153,970,1050
272154,973,1053
272155,977,1053
272156,980,1051
272157,978,1046
272158,977,1044
272159,977,1045
272160,977,1045
272161,978,1046
272162,980,1043
272163,978,1042
272164,978,1038
272165,978,1040
272166,979,1044
272167,980,1042
272168,981,1042
272169,979,1040
272170,973,1036
272171,976,1038
272172,975,1040
272173,978,1042
272174,979,1040
272175,978,1034
272176,976,1035
272177,973,1038
272178,974,1038
272179,973,1040
272180,977,1036
272181,975,1034
272182,971,1034
272183,969,1034
272184,970,1037
272185,973,1038
272186,973,1036
272187,972,1035
272188,969,1035
272189,968,1036
272190,971,1040
272191,972,1041
272192,974,1038
272193,973,1036
272194,970,1035
272195,970,1038
272196,971,1042
272197,971,1043
272198,971,1042
272199,967,1040
272200,966,1038
272201,964,1038
272202,968,1043
272203,969,1043
272204,967,1043
272205,969,1041
272206,967,1039
272207,964,1044
272208,967,1045
272209,968,1047
272210,968,1045
272211,970,1042
272212,965,1041
272213,964,1042
272214,963,1042
272215,967,1046
272216,966,1044
272217,965,1040
272218,962,1037
272219,959,1039
272220,965,1043
272221,967,1045
272222,965,1042
272223,965,1041
272224,962,1037
272225,963,1040
272226,966,1044
272227,969,1047
272228,971,1044
272229,963,1043
272230,964,1036
272231,965,1037
272232,970,1040
272233,972,1040
272234,969,1040
272235,967,1035
272236,966,1037
272237,966,1037
272238,965,1038
272239,972,1039
272240,969,1037
272241,970,1034
272242,965,1034
272243,967,1036
272244,966,1039
272245,968,1041
272246,965,1039
272247,963,1035
272248,957,1037
272249,959,1035
272250,964,1041
272251,966,1042
272252,964,1041
272253,963,1035
272254,962,1034
272255,961,1037
272256,964,1037
272257,968,1042
272258,967,1041
272259,964,1040
272260,962,1039
272261,961,1044
272262,959,1047
272263,964,1048
272264,964,1046
272265,963,1046
272266,958,1043
272267,959,1048
272268,962,1050
272269,966,1051
272270,968,1050
272271,967,1049
272272,963,1046
272273,963,1048
272274,962,1048
272275,965,1047
272276,965,1048
272277,966,1044
272278,965,1042
272279,964,1042
272280,966,1046
272281,970,1046
272282,970,1045
272283,971,1042
272284,968,1039
272285,965,1041
272286,969,1042
272287,971,1045
272288,973,1042
272289,971,1039
272290,971,1038
272291,969,1038
272292,968,1042
272293,972,1042
272294,971,1042
272295,970,1038
272296,964,1036
272297,967,1037
272298,970,1039
272299,972,1041
272300,973,1037
272301,970,1035
272302,968,1035
272303,968,1038
272304,971,1043
272305,975,1043
272306,977,1041
272307,976,1039
272308,974,1040
272309,968,1042
272310,973,1045
272311,979,1048
272312,974,1048
272313,970,1043
272314,968,1044
272315,968,1044
272316,972,1049
272317,979,1047
272318,976,1044
272319,973,1045
272320,971,1044
272321,972,1044
272322,974,1048
272323,977,1048
272324,976,1044
272325,973,1042
272326,971,1039
272327,972,1042
272328,974,1043
272329,977,1044
272330,977,1040
272331,970,1039
272332,970,1039
272333,967,1040
272334,969,1044
272335,973,1046
272336,977,1044
272337,974,1039
272338,968,1040
272339,968,1043
272340,970,1043
272341,974,1044
272342,974,1042
272343,973,1040
272344,971,1038
272345,970,1042
272346,970,1043
272347,975,1043
272348,976,1042
272349,974,1038
272350,972,1038
272351,970,1040
272352,975,1041
272353,979,1045
272354,978,1041
272355,976,1040
272356,973,1042
272357,971,1043
272358,968,1044
272359,970,1047
272360,971,1045
272361,971,1044
272362,971,1041
272363,972,1042
272364,973,1043
272365,976,1045
272366,979,1045
272367,976,1042
272368,971,1042
272369,972,1043
272370,974,1047
272371,976,1047
272372,976,1045
272373,976,1041
272374,969,1039
272375,970,1041
272376,971,1044
272377,971,1045
272378,972,1046
272379,973,1043
272380,967,1041
272381,967,1044
272382,970,1047
272383,972,1048
272384,974,1046
272385,970,1045
272386,966,1045
272387,967,1045
272388,969,1051
272389,974,1051
272390,976,1050
272391,975,1045
272392,975,1044
272393,975,1047
272394,980,1048
272395,980,1050
272396,979,1048
272397,977,1047
272398,979,1043
272399,979,1045
272400,983,1048
272401,988,1047
272402,989,1043
272403,987,1041
272404,985,1041
272405,987,1043
272406,991,1043
272407,999,1041
272408,1005,1035
272409,1013,1030
272410,1021,1027
272411,1036,1026
272412,1057,1026
272413,1086,1023
272414,1115,1014
272415,1145,1000
272416,1170,994
272417,1196,995
272418,1225,1008
272419,1240,1026
272420,1235,1039
272421,1208,1051
272422,1167,1052
272423,1119,1055
272424,1075,1068
272425,1034,1077
272426,995,1086
272427,971,1090
272428,958,1093
272429,961,1090
272430,966,1083
272431,972,1072
272432,974,1064
272433,973,1058
272434,970,1054
272435,967,1056
272436,966,1059
272437,967,1057
272438,963,1055
272439,962,1050
272440,960,1052
272441,959,1049
272442,962,1051
272443,966,1050
272444,963,1047
272445,959,1044
272446,957,1043
272447,954,1047
272448,958,1051
272449,960,1048
272450,961,1051
272451,960,1044
272452,960,1043
272453,956,1044
272454,956,1046
272455,959,1047
272456,961,1045
272457,960,1043
272458,959,1041
272459,958,1042
272460,962,1048
272461,961,1048
272462,959,1046
272463,961,1044
272464,959,1044
272465,960,1046
272466,963,1044
272467,966,1048
272468,966,1045
272469,961,1043
272470,959,1042
272471,958,1046
272472,961,1043
272473,964,1045
272474,965,1043
272475,964,1040
272476,961,1041
272477,959,1041
272478,961,1043
272479,965,1043
272480,969,1041
272481,968,1038
272482,968,1038
272483,968,1037
272484,973,1038
272485,975,1038
272486,975,1035
272487,970,1032
272488,970,1028
272489,971,1027
272490,977,1029
272491,981,1026
272492,981,1023
272493,982,1019
272494,981,1016
272495,982,1016
272496,984,1016
272497,988,1016
272498,988,1014
272499,987,1009
272500,988,1009
272501,986,1009
272502,989,1010
272503,989,1009
272504,987,1008
272505,983,1005
272506,985,1003
272507,988,1005
272508,990,1008
272509,994,1008
272510,993,1007
272511,992,1002
272512,990,1004
272513,991,1008
272514,995,1011
272515,998,1012
272516,998,1010
272517,994,1010
272518,991,1012
272519,990,1016
272520,993,1020
272521,998,1023
272522,994,1025
272523,990,1024
272524,989,1024
272525,987,1026
272526,991,1030
272527,993,1035
272528,994,1037
272529,989,1039
272530,986,1036
272531,985,1041
272532,984,1046
272533,987,1048
272534,986,1047
272535,982,1048
272536,981,1045
272537,977,1048
272538,978,1052
272539,979,1055
272540,979,1052
272541,976,1052
272542,974,1049
272543,974,1052
272544,975,1054
272545,977,1057
272546,976,1053
272547,973,1051
272548,972,1051
272549,972,1052
272550,973,1054
272551,977,1053
272552,977,1052
272553,972,1051
272554,972,1049
272555,973,1051
272556,976,1053
272557,979,1054
272558,979,1051
272559,977,1049
272560,977,1046
272561,977,1048
272562,980,1049
272563,981,1052
272564,980,1050
272565,980,1047
272566,976,1047
272567,978,1046
272568,982,1051
272569,982,1049
272570,984,1044
272571,981,1044
272572,981,1039
272573,980,1041
272574,981,1043
272575,987,1043
272576,987,1040
272577,982,1040
272578,980,1038
272579,980,1039
272580,984,1045
272581,986,1045
272582,986,1045
272583,981,1041
272584,978,1043
272585,979,1044
272586,983,1048
272587,987,1049
272588,988,1044
272589,983,1043
272590,978,1043
272591,977,1045
272592,983,1048
272593,985,1047
272594,985,1046
272595,983,1042
272596,978,1042
272597,978,1045
272598,980,1048
272599,979,1049
272600,978,1047
272601,976,1046
272602,973,1045
272603,973,1048
272604,977,1049
272605,978,1050
272606,978,1047
272607,977,1044
272608,974,1043
272609,972,1046
272610,974,1049
272611,980,1050
272612,976,1047
272613,976,1045
272614,974,1044
272615,975,1044
272616,975,1048
272617,979,1051
272618,979,1049
272619,976,1047
272620,975,1046
272621,976,1045
272622,977,1048
272623,978,1047
272624,980,1046
272625,977,1043
272626,975,1043
272627,975,1044
272628,980,1047
272629,980,1044
272630,979,1043
272631,981,1041
272632,977,1039
272633,979,1041
272634,982,1044
272635,984,1047
272636,985,1046
272637,981,1045
272638,981,1043
272639,978,1044
272640,982,1050
272641,990,1050
272642,987,1047
272643,990,1046
272644,992,1042
272645,996,1041
272646,1005,1039
272647,1014,1039
272648,1023,1034
272649,1035,1027
272650,1049,1027
272651,1070,1026
272652,1096,1022
272653,1124,1013
272654,1150,1005
272655,1171,1003
272656,1185,1015
272657,1188,1036
272658,1178,1053
272659,1150,1059
272660,1107,1059
272661,1061,1066
272662,1019,1080
272663,986,1098
272664,973,1111
272665,973,1107
272666,974,1091
272667,972,1073
272668,970,1060
272669,970,1054
272670,972,1051
272671,973,1047
272672,970,1043
272673,965,1040
272674,961,1039
272675,960,1042
272676,962,1046
272677,964,1044
272678,962,1042
272679,959,1042
272680,956,1040
272681,956,1045
272682,958,1045
272683,959,1046
272684,958,1046
272685,956,1045
272686,953,1044
272687,953,1046
272688,955,1047
272689,956,1048
272690,954,1044
272691,951,1044
272692,949,1042
272693,950,1044
272694,951,1047
272695,956,1045
272696,953,1043
272697,953,1039
272698,946,1039
272699,950,1038
272700,953,1040
272701,954,1041
272702,954,1040
272703,954,1036
272704,952,1037
272705,953,1036
272706,955,1039
272707,963,1039
272708,959,1036
272709,959,1033
272710,960,1032
272711,960,1033
272712,965,1035
272713,969,1034
272714,967,1033
272715,965,1028
272716,965,1027
272717,965,1026
272718,971,1026
272719,974,1025
272720,977,1023
272721,974,1018
272722,973,1014
272723,978,1015
272724,981,1017
272725,986,1017
272726,985,1013
272727,983,1007
272728,983,1004
272729,984,1005
272730,988,1006
272731,993,1004
272732,993,1000
272733,993,996
272734,991,997
272735,993,997
272736,997,998
272737,999,1001
272738,999,1000
272739,996,996
272740,995,994
272741,995,996
272742,997,998
272743,999,999
272744,999,999
272745,998,995
272746,993,998
272747,992,1003
272748,994,1004
272749,998,1005
272750,997,1009
272751,995,1007
272752,990,1009
272753,992,1015
272754,992,1018
272755,992,1020
272756,993,1021
272757,984,1020
272758,982,1025
272759,982,1026
272760,980,1033
272761,983,1033
272762,981,1037
272763,979,1036
272764,975,1037
272765,972,1037
272766,975,1042
272767,974,1045
272768,974,1043
272769,971,1042
272770,967,1041
272771,966,1044
272772,965,1050
272773,972,1049
272774,972,1049
272775,967,1048
272776,965,1048
272777,962,1048
272778,966,1053
272779,967,1053
272780,967,1054
272781,967,1051
272782,966,1051
272783,966,1051
272784,966,1056
272785,970,1055
272786,970,1049
272787,968,1046
272788,967,1047
272789,966,1046
272790,969,1051
272791,971,1049
272792,969,1048
272793,969,1045
272794,968,1047
272795,970,1046
272796,970,1048
272797,973,1047
272798,973,1047
272799,971,1043
272800,971,1041
272801,970,1045
272802,974,1047
272803,976,1045
272804,973,1045
272805,970,1043
272806,967,1040
272807,970,1045
272808,974,1045
272809,977,1047
272810,975,1044
272811,975,1042
272812,972,1043
272813,969,1044
272814,973,1047
272815,977,1047
272816,974,1044
272817,971,1045
272818,969,1044
272819,972,1046
272820,973,1049
272821,978,1050
272822,975,1047
272823,972,1046
272824,969,1043
272825,968,1046
272826,967,1048
272827,973,1050
272828,976,1049
272829,971,1045
272830,968,1046
272831,968,1048
272832,969,1051
272833,969,1049
272834,970,1048
272835,968,1047
272836,966,1045
272837,968,1047
272838,971,1049
272839,973,1050
272840,973,1049
272841,972,1047
272842,969,1046
272843,968,1047
272844,971,1049
272845,975,1050
272846,973,1047
272847,971,1045
272848,970,1045
272849,969,1046
272850,972,1051
272851,973,1047
272852,971,1047
272853,968,1046
272854,968,1044
272855,968,1046
272856,973,1048
272857,973,1048
272858,973,1049
272859,970,1046
272860,969,1046
272861,969,1045
272862,972,1049
272863,976,1049
272864,976,1047
272865,974,1042
272866,971,1041
272867,975,1041
272868,975,1047
272869,978,1047
272870,978,1045
272871,973,1041
272872,971,1040
272873,975,1042
272874,977,1045
272875,982,1047
272876,984,1045
272877,982,1044
272878,981,1042
272879,981,1041
272880,992,1042
272881,998,1041
272882,1005,1033
272883,1012,1032
272884,1023,1030
272885,1042,1029
272886,1068,1032
272887,1097,1029
272888,1128,1018
272889,1154,1007
272890,1182,1002
272891,1213,998
272892,1242,1007
272893,1256,1017
272894,1246,1031
272895,1214,1035
272896,1171,1037
272897,1122,1045
272898,1074,1061
272899,1032,1072
272900,990,1078
272901,969,1077
272902,959,1074
272903,965,1066
272904,971,1062
272905,976,1054
272906,974,1045
272907,967,1044
272908,962,1043
272909,958,1043
272910,963,1047
272911,961,1049
272912,959,1049
272913,955,1052
272914,951,1053
272915,952,1057
272916,955,1061
272917,959,1061
272918,960,1058
272919,954,1057
272920,949,1053
272921,950,1053
272922,951,1053
272923,953,1050
272924,949,1048
272925,948,1044
272926,947,1044
272927,950,1046
272928,953,1048
272929,955,1048
272930,954,1049
272931,954,1046
272932,950,1045
272933,950,1048
272934,955,1049
272935,956,1048
272936,955,1047
272937,952,1042
272938,949,1043
272939,948,1043
272940,954,1046
272941,954,1045
272942,955,1042
272943,952,1039
272944,950,1038
272945,954,1039
272946,955,1041
272947,959,1041
272948,956,1042
272949,955,1037
272950,952,1037
272951,952,1037
272952,958,1039
272953,960,1038
272954,962,1034
272955,958,1031
272956,961,1033
272957,961,1031
272958,963,1033
272959,968,1034
272960,967,1030
272961,969,1027
272962,969,1029
272963,973,1029
272964,977,1032
272965,981,1032
272966,981,1027
272967,981,1026
272968,981,1021
272969,983,1023
272970,987,1021
272971,989,1020
272972,992,1018
272973,991,1015
272974,990,1013
272975,992,1014
272976,995,1016
272977,997,1016
272978,1000,1011
272979,996,1009
272980,995,1008
272981,993,1009
272982,996,1011
272983,1000,1014
272984,1003,1011
272985,1002,1009
272986,999,1008
272987,999,1012
272988,1001,1014
272989,1002,1016
272990,1000,1016
272991,995,1012
272992,993,1014
272993,991,1017
272994,993,1023
272995,996,1022
272996,993,1022
272997,990,1021
272998,986,1023
272999,986,1028
273000,983,1033
273001,985,1035
273002,985,1036
273003,980,1036
273004,977,1035
273005,976,1041
273006,978,1045
273007,980,1044
273008,977,1045
273009,974,1043
273010,968,1045
273011,969,1050
273012,973,1052
273013,974,1056
273014,974,1054
273015,973,1049
273016,970,1049
273017,969,1053
273018,969,1055
273019,969,1052
273020,969,1049
273021,966,1048
273022,965,1049
273023,968,1048
273024,969,1052
273025,973,1052
273026,974,1050
273027,970,1047
273028,966,1045
273029,969,1050
273030,973,1051
273031,975,1051
273032,975,1050
273033,977,1045
273034,973,1045
273035,976,1047
273036,983,1047
273037,989,1048
273038,994,1045
273039,995,1044
273040,997,1043
273041,999,1047
273042,1006,1049
273043,1012,1052
273044,1016,1050
273045,1023,1048
273046,1033,1043
273047,1046,1035
273048,1060,1027
273049,1072,1011
273050,1083,999
273051,1094,981
273052,1107,971
273053,1125,961
273054,1141,950
273055,1155,931
273056,1174,910
273057,1186,886
273058,1198,867
273059,1213,854
273060,1227,847
273061,1240,835
273062,1242,823
273063,1237,819
273064,1232,814
273065,1228,815
273066,1226,816
273067,1222,814
273068,1212,810
273069,1197,805
273070,1179,807
273071,1160,812
273072,1141,817
273073,1121,825
273074,1097,834
273075,1074,842
273076,1055,854
273077,1041,868
273078,1033,888
273079,1034,901
273080,1031,913
273081,1022,920
273082,1020,930
273083,1017,944
273084,1024,954
273085,1031,964
273086,1038,972
273087,1047,974
273088,1056,984
273089,1059,987
273090,1055,993
273091,1036,1002
273092,1004,1008
273093,969,1015
273094,940,1030
273095,927,1047
273096,919,1064
273097,917,1074
273098,909,1084
273099,903,1085
273100,898,1089
273101,893,1092
273102,892,1098
273103,893,1105
273104,890,1103
273105,883,1103
273106,881,1104
273107,878,1109
273108,879,1116
273109,881,1115
273110,878,1114
273111,870,1113
273112,865,1115
273113,865,1117
273114,867,1121
273115,871,1122
273116,869,1123
273117,864,1124
273118,862,1125
273119,859,1128
273120,861,1132
273121,863,1136
273122,863,1136
273123,858,1132
273124,855,1134
273125,854,1138
273126,857,1144
273127,854,1148
273128,857,1150
273129,854,1145
273130,851,1150
273131,850,1154
273132,855,1158
273133,855,1162
273134,853,1160
273135,848,1161
273136,847,1166
273137,847,1168
273138,848,1172
273139,850,1174
273140,850,1176
273141,849,1176
273142,845,1177
273143,846,1180
273144,850,1185
273145,851,1187
273146,854,1183
273147,853,1183
273148,851,1185
273149,856,1188
273150,860,1192
273151,863,1195
273152,864,1193
273153,864,1189
273154,865,1189
273155,866,1191
273156,875,1192
273157,881,1190
273158,887,1186
273159,884,1177
273160,887,1173
273161,891,1173
273162,897,1169
273163,902,1167
273164,904,1161
273165,908,1157
273166,910,1150
273167,914,1148
273168,918,1144
273169,923,1139
273170,921,1131
273171,922,1124
273172,923,1118
273173,926,1116
273174,930,1111
273175,934,1107
273176,937,1098
273177,936,1093
273178,935,1088
273179,938,1085
273180,941,1086
273181,944,1084
273182,940,1078
273183,935,1075
273184,934,1069
273185,937,1067
273186,939,1068
273187,941,1067
273188,944,1062
273189,941,1056
273190,942,1055
273191,946,1057
273192,947,1056
273193,946,1055
273194,943,1053
273195,941,1050
273196,943,1047
273197,946,1051
273198,950,1052
273199,949,1051
273200,950,1048
273201,947,1046
273202,948,1047
273203,949,1050
273204,951,1051
273205,954,1051
273206,954,1048
273207,948,1043
273208,946,1042
273209,950,1043
273210,953,1043
273211,957,1042
273212,953,1038
273213,952,1034
273214,949,1033
273215,951,1034
273216,954,1037
273217,956,1039
273218,956,1036
273219,955,1032
273220,953,1035
273221,954,1035
273222,959,1040
273223,962,1041
273224,958,1037
273225,956,1033
273226,949,1034
273227,949,1035
273228,952,1036
273229,955,1038
273230,958,1036
273231,956,1033
273232,956,1033
273233,957,1036
273234,960,1036
273235,962,1039
273236,958,1037
273237,956,1034
273238,953,1032
273239,957,1038
273240,962,1038
273241,961,1038
273242,960,1035
273243,959,1034
273244,960,1035
273245,960,1040
273246,964,1043
273247,964,1041
273248,962,1041
273249,960,1037
273250,960,1037
273251,961,1036
273252,964,1039
273253,966,1038
273254,964,1035
273255,960,1035
273256,959,1033
273257,960,1035
273258,962,1035
273259,962,1033
273260,961,1031
273261,958,1031
273262,958,1028
273263,961,1030
273264,964,1033
273265,965,1032
273266,963,1031
273267,958,1030
273268,958,1032
273269,959,1033
273270,962,1035
273271,964,1034
273272,967,1033
273273,967,1029
273274,964,1028
273275,964,1033
273276,965,1036
273277,966,1035
273278,966,1033
273279,964,1033
273280,961,1033
273281,965,1032
273282,968,1035
273283,972,1034
273284,971,1033
273285,967,1031
273286,967,1030
273287,966,1034
273288,970,1037
273289,975,1034
273290,971,1035
273291,965,1030
273292,964,1031
273293,966,1035
273294,967,1039
273295,970,1039
273296,969,1038
273297,967,1038
273298,966,1039
273299,961,1039
273300,963,1040
273301,969,1043
273302,971,1041
273303,968,1038
273304,962,1037
273305,962,1037
273306,966,1037
273307,968,1034
273308,968,1028
273309,967,1026
273310,966,1026
273311,968,1029
273312,970,1032
273313,974,1033
273314,974,1030
273315,972,1027
273316,969,1028
273317,968,1032
273318,967,1032
273319,973,1031
273320,972,1027
273321,972,1028
273322,971,1027
273323,975,1027
273324,980,1029
273325,983,1024
273326,985,1019
273327,992,1015
273328,1005,1013
273329,1015,1015
273330,1032,1015
273331,1055,1012
273332,1082,1009
273333,1109,1001
273334,1138,996
273335,1172,990
273336,1207,995
273337,1238,999
273338,1260,1005
273339,1270,1020
273340,1259,1033
273341,1232,1042
273342,1191,1046
273343,1143,1049
273344,1085,1054
273345,1028,1062
273346,977,1073
273347,955,1083
273348,953,1086
273349,964,1079
273350,971,1069
273351,970,1061
273352,967,1053
273353,968,1048
273354,971,1050
273355,969,1048
273356,965,1043
273357,961,1040
273358,962,1038
273359,963,1036
273360,965,1037
273361,965,1033
273362,963,1028
273363,956,1028
273364,956,1027
273365,955,1026
273366,954,1029
273367,956,1029
273368,952,1026
273369,951,1026
273370,948,1025
273371,947,1026
273372,951,1028
273373,950,1024
273374,951,1025
273375,947,1023
273376,947,1024
273377,949,1026
273378,954,1030
273379,957,1028
273380,955,1025
273381,950,1022
273382,950,1023
273383,951,1023
273384,955,1026
273385,954,1023
273386,954,1023
273387,950,1019
273388,948,1020
273389,949,1023
273390,952,1025
273391,954,1027
273392,952,1024
273393,947,1021
273394,947,1019
273395,949,1023
273396,954,1020
273397,957,1019
273398,958,1018
273399,952,1016
273400,953,1017
273401,957,1022
273402,962,1022
273403,963,1020
273404,966,1015
273405,960,1010
273406,963,1011
273407,966,1011
273408,967,1012
273409,970,1009
273410,972,1006
273411,970,1003
273412,966,998
273413,968,998
273414,972,998
273415,976,994
273416,977,992
273417,973,987
273418,970,987
273419,971,986
273420,978,988
273421,981,987
273422,981,984
273423,980,979
273424,978,978
273425,976,978
273426,981,979
273427,985,981
273428,988,978
273429,987,976
273430,984,976
273431,986,977
273432,992,981
273433,997,981
273434,998,978
273435,993,975
273436,991,974
273437,995,980
273438,999,984
273439,1002,983
273440,1003,983
273441,999,981
273442,997,984
273443,998,987
273444,1002,993
273445,1008,997
273446,1009,996
273447,1006,993
273448,1004,998
273449,1004,1003
273450,1008,1007
273451,1010,1012
273452,1009,1010
273453,1008,1011
273454,1004,1015
273455,1002,1021
273456,999,1022
273457,997,1023
273458,993,1022
273459,995,1018
273460,994,1019
273461,989,1023
273462,991,1025
273463,991,1026
273464,984,1027
273465,980,1025
273466,979,1027
273467,978,1028
273468,981,1031
273469,983,1030
273470,981,1027
273471,977,1024
273472,973,1028
273473,976,1032
273474,978,1032
273475,981,1032
273476,979,1028
273477,979,1025
273478,978,1026
273479,976,1028
273480,979,1032
273481,980,1032
273482,982,1027
273483,980,1025
273484,981,1024
273485,981,1028
273486,983,1030
273487,984,1030
273488,980,1029
273489,981,1026
273490,978,1026
273491,979,1030
273492,983,1031
273493,988,1032
273494,987,1030
273495,988,1027
273496,985,1026
273497,989,1031
273498,990,1034
273499,991,1034
273500,987,1031
273501,987,1029
273502,987,1029
273503,988,1030
273504,992,1035
273505,996,1032
273506,995,1030
273507,994,1028
273508,993,1024
273509,993,1025
273510,993,1028
273511,995,1026
273512,996,1022
273513,996,1021
273514,997,1020
273515,999,1021
273516,1000,1020
273517,1000,1016
273518,996,1013
273519,994,1008
273520,988,1009
273521,982,1006
273522,978,1007
273523,979,1007
273524,979,1000
273525,973,995
273526,969,992
273527,963,997
273528,962,996
273529,962,985
273530,953,967
273531,939,950
273532,921,925
273533,907,894
273534,893,864
273535,877,829
273536,859,797
273537,848,770
273538,843,751
273539,846,737
273540,850,730
273541,853,727
273542,850,725
273543,848,727
273544,846,739
273545,852,761
273546,859,785
273547,871,804
273548,873,822
273549,876,838
273550,875,849
273551,876,862
273552,884,868
273553,893,871
273554,896,871
273555,896,876
273556,895,887
273557,900,896
273558,909,909
273559,914,914
273560,920,917
273561,921,921
273562,922,927
273563,930,934
273564,937,942
273565,944,948
273566,950,955
273567,953,965
273568,956,980
273569,962,992
273570,971,1008
273571,982,1016
273572,985,1023
273573,987,1030
273574,992,1043
273575,998,1055
273576,1009,1070
273577,1013,1077
273578,1018,1082
273579,1016,1083
273580,1016,1087
273581,1020,1095
273582,1024,1098
273583,1028,1102
273584,1030,1101
273585,1030,1098
273586,1033,1103
273587,1036,1107
273588,1042,1111
273589,1047,1115
273590,1046,1114
273591,1044,1115
273592,1048,1117
273593,1055,1121
273594,1064,1123
273595,1070,1126
273596,1073,1127
273597,1071,1129
273598,1073,1133
273599,1075,1138
273600,1084,1141
273601,1090,1146
273602,1095,1149
273603,1095,1150
273604,1099,1153
273605,1106,1161
273606,1115,1167
273607,1121,1169
273608,1127,1175
273609,1129,1178
273610,1133,1183
273611,1139,1190
273612,1149,1197
273613,1159,1200
273614,1163,1200
273615,1165,1198
273616,1169,1199
273617,1177,1208
273618,1183,1214
273619,1189,1214
273620,1192,1212
273621,1192,1212
273622,1191,1213
273623,1196,1218
273624,1201,1222
273625,1207,1220
273626,1205,1217
273627,1203,1216
273628,1202,1215
273629,1200,1218
273630,1204,1216
273631,1205,1211
273632,1202,1209
273633,1198,1202
273634,1193,1197
273635,1190,1196
273636,1188,1193
273637,1184,1186
273638,1177,1180
273639,1168,1171
273640,1162,1164
273641,1154,1160
273642,1151,1156
273643,1145,1149
273644,1140,1139
273645,1128,1129
273646,1119,1126
273647,1110,1123
273648,1103,1121
273649,1099,1116
273650,1089,1110
273651,1083,1100
273652,1072,1094
273653,1067,1089
273654,1063,1085
273655,1059,1080
273656,1051,1074
273657,1043,1070
273658,1038,1069
273659,1034,1068
273660,1029,1070
273661,1027,1063
273662,1022,1062
273663,1018,1053
273664,1015,1053
273665,1014,1053
273666,1015,1052
273667,1016,1052
273668,1012,1048
273669,1008,1042
273670,1004,1042
273671,1003,1041
273672,1004,1043
273673,1006,1043
273674,1003,1040
273675,997,1033
273676,999,1032
273677,998,1035
273678,999,1035
273679,999,1035
273680,995,1033
273681,992,1031
273682,991,1029
273683,989,1030
273684,990,1033
273685,989,1030
273686,988,1025
273687,988,1028
273688,988,1025
273689,989,1027
273690,991,1031
273691,992,1027
273692,988,1025
273693,987,1023
273694,982,1024
273695,983,1025
273696,982,1028
273697,986,1029
273698,987,1029
273699,983,1025
273700,980,1025
273701,979,1027
273702,982,1031
273703,984,1028
273704,977,1029
273705,972,1027
273706,969,1030
273707,972,1035
273708,974,1035
273709,978,1036
273710,975,1033
273711,972,1030
273712,969,1033
273713,972,1034
273714,972,1036
273715,972,1034
273716,975,1032
273717,972,1029
273718,972,1031
273719,976,1032
273720,976,1034
273721,979,1033
273722,976,1033
273723,972,1030
273724,970,1030
273725,969,1032
273726,975,1034
273727,977,1033
273728,975,1030
273729,973,1028
273730,971,1029
273731,972,1029
273732,973,1031
273733,974,1032
273734,973,1027
273735,969,1025
273736,969,1026
273737,970,1029
273738,972,1031
273739,976,1029
273740,971,1027
273741,971,1022
273742,967,1020
273743,971,1024
273744,972,1026
273745,973,1024
273746,971,1023
273747,971,1023
273748,968,1021
273749,967,1022
273750,969,1024
273751,969,1021
273752,970,1022
273753,968,1021
273754,966,1020
273755,965,1020
273756,966,1027
273757,967,1025
273758,967,1023
273759,965,1020
273760,962,1017
273761,961,1019
273762,964,1021
273763,966,1023
273764,963,1023
273765,962,1022
273766,960,1024
273767,965,1025
273768,969,1025
273769,970,1029
273770,968,1027
273771,967,1024
273772,965,1025
273773,968,1027
273774,971,1032
273775,973,1032
273776,971,1029
273777,969,1026
273778,970,1028
273779,971,1028
273780,975,1029
273781,976,1029
273782,974,1028
273783,975,1026
273784,975,1025
273785,975,1028
273786,979,1029
273787,985,1022
273788,991,1017
273789,996,1013
273790,1007,1011
273791,1024,1015
273792,1043,1013
273793,1070,1012
273794,1096,1002
273795,1124,992
273796,1153,983
273797,1185,979
273798,1216,979
273799,1248,987
273800,1267,998
273801,1270,1013
273802,1253,1023
273803,1220,1028
273804,1178,1031
273805,1130,1038
273806,1071,1048
273807,1015,1053
273808,969,1060
273809,948,1066
273810,951,1066
273811,957,1058
273812,962,1044
273813,963,1033
273814,963,1026
273815,965,1027
273816,964,1028
273817,962,1025
273818,960,1028
273819,954,1025
273820,952,1024
273821,949,1025
273822,952,1027
273823,951,1025
273824,947,1025
273825,945,1024
273826,943,1026
273827,944,1028
273828,947,1032
273829,947,1032
273830,945,1032
273831,943,1028
273832,940,1026
273833,942,1027
273834,945,1031
273835,950,1032
273836,945,1029
273837,943,1027
273838,941,1028
273839,942,1029
273840,943,1032
273841,943,1030
273842,941,1026
273843,939,1023
273844,938,1025
273845,938,1028
273846,941,1028
273847,942,1026
273848,939,1023
273849,937,1022
273850,936,1024
273851,936,1023
273852,941,1028
273853,944,1025
273854,944,1021
273855,942,1019
273856,936,1018
273857,937,1017
273858,938,1020
273859,940,1018
273860,942,1018
273861,943,1014
273862,942,1012
273863,943,1016
273864,947,1015
273865,952,1012
273866,955,1011
273867,952,1007
273868,951,1008
273869,951,1007
273870,954,1010
273871,957,1007
273872,955,1003
273873,954,997
273874,952,998
273875,953,995
273876,956,996
273877,955,996
273878,954,990
273879,952,986
273880,953,987
273881,957,988
273882,958,985
273883,961,985
273884,962,984
273885,961,977
273886,959,976
273887,958,978
273888,962,980
273889,964,977
273890,962,973
273891,959,970
273892,956,974
273893,961,973
273894,964,977
273895,970,975
273896,972,975
273897,971,975
273898,972,976
273899,975,978
273900,978,982
273901,980,983
273902,980,980
273903,980,982
273904,978,987
273905,978,992
273906,981,995
273907,982,999
273908,977,997
273909,977,998
273910,977,1000
273911,976,1006
273912,978,1011
273913,979,1013
273914,978,1013
273915,975,1012
273916,973,1016
273917,972,1017
273918,972,1023
273919,971,1023
273920,972,1021
273921,965,1020
273922,964,1025
273923,965,1027
273924,967,1030
273925,966,1031
273926,967,1028
273927,964,1027
273928,958,1028
273929,957,1030
273930,957,1031
273931,963,1032
273932,960,1030
273933,960,1031
273934,960,1032
273935,962,1033
273936,964,1036
273937,965,1033
273938,965,1031
273939,965,1028
273940,963,1028
273941,965,1033
273942,968,1035
273943,971,1033
273944,971,1030
273945,971,1028
273946,968,1027
273947,972,1028
273948,974,1033
273949,978,1031
273950,978,1029
273951,975,1029
273952,976,1030
273953,982,1031
273954,989,1034
273955,995,1034
273956,998,1031
273957,997,1029
273958,998,1030
273959,1002,1033
273960,1013,1038
273961,1018,1034
273962,1027,1030
273963,1034,1022
273964,1044,1010
273965,1057,999
273966,1070,990
273967,1086,974
273968,1096,960
273969,1106,944
273970,1119,929
273971,1134,919
273972,1153,901
273973,1173,874
273974,1190,851
273975,1200,825
273976,1210,809
273977,1221,800
273978,1228,791
273979,1226,785
273980,1220,783
273981,1213,779
273982,1207,777
273983,1200,777
273984,1192,781
273985,1177,784
273986,1156,787
273987,1131,797
273988,1107,806
273989,1083,819
273990,1068,829
273991,1055,842
273992,1044,855
273993,1034,867
273994,1024,882
273995,1025,897
273996,1029,912
273997,1027,924
273998,1024,930
273999,1021,940
274000,1024,949
274001,1036,961
274002,1049,970
274003,1064,977
274004,1070,982
274005,1052,984
274006,1020,996
274007,982,1007
274008,949,1020
274009,932,1033
274010,916,1047
274011,909,1057
274012,902,1069
274013,900,1077
274014,898,1087
274015,896,1088
274016,889,1088
274017,884,1090
274018,878,1095
274019,874,1099
274020,875,1103
274021,875,1103
274022,869,1103
274023,865,1104
274024,864,1105
274025,863,1112
274026,863,1117
274027,864,1116
274028,859,1113
274029,856,1116
274030,855,1119
274031,857,1125
274032,857,1129
274033,858,1129
274034,855,1130
274035,851,1130
274036,847,1135
274037,848,1137
274038,848,1141
274039,850,1144
274040,848,1145
274041,845,1146
274042,845,1147
274043,844,1153
274044,847,1159
274045,848,1161
274046,848,1164
274047,844,1166
274048,839,1168
274049,842,1173
274050,844,1176
274051,847,1180
274052,846,1182
274053,842,1182
274054,841,1186
274055,845,1190
274056,845,1195
274057,850,1197
274058,846,1195
274059,843,1194
274060,843,1196
274061,848,1199
274062,851,1203
274063,855,1203
274064,857,1199
274065,857,1199
274066,861,1197
274067,864,1198
274068,872,1196
274069,875,1193
274070,877,1186
274071,880,1183
274072,880,1178
274073,889,1177
274074,896,1175
274075,902,1168
274076,904,1162
274077,902,1156
274078,903,1152
274079,907,1149
274080,914,1147
274081,916,1140
274082,917,1130
274083,917,1123
274084,919,1119
274085,925,1115
274086,930,1113
274087,931,1106
274088,931,1098
274089,928,1092
274090,928,1091
274091,930,1088
274092,936,1085
274093,938,1081
274094,940,1076
274095,938,1070
274096,936,1067
274097,940,1066
274098,942,1065
274099,941,1064
274100,940,1058
274101,939,1052
274102,937,1051
274103,942,1051
274104,942,1053
274105,946,1052
274106,944,1046
274107,943,1045
274108,942,1042
274109,943,1042
274110,945,1043
274111,945,1045
274112,945,1042
274113,943,1040
274114,941,1041
274115,942,1041
274116,945,1043
274117,947,1043
274118,943,1038
274119,942,1036
274120,938,1038
274121,942,1039
274122,942,1042
274123,944,1040
274124,939,1037
274125,940,1033
274126,936,1036
274127,938,1038
274128,941,1039
274129,942,1037
274130,942,1034
274131,938,1032
274132,939,1032
274133,940,1032
274134,942,1036
274135,942,1035
274136,943,1030
274137,942,1030
274138,943,1031
274139,945,1030
274140,947,1033
274141,948,1032
274142,946,1032
274143,943,1027
274144,942,1030
274145,946,1033
274146,951,1034
274147,952,1032
274148,953,1029
274149,951,1026
274150,949,1026
274151,951,1027
274152,953,1032
274153,954,1029
274154,953,1027
274155,953,1027
274156,952,1026
274157,955,1027
274158,957,1031
274159,957,1029
274160,956,1028
274161,954,1026
274162,953,1025
274163,954,1027
274164,956,1031
274165,955,1034
274166,953,1033
274167,952,1030
274168,949,1030
274169,950,1036
274170,952,1038
274171,954,1035
274172,951,1034
274173,947,1033
274174,945,1034
274175,946,1037
274176,951,1040
274177,952,1039
274178,947,1035
274179,945,1030
274180,943,1030
274181,944,1032
274182,945,1032
274183,946,1033
274184,944,1029
274185,940,1023
274186,941,1026
274187,947,1028
274188,946,1029
274189,948,1029
274190,947,1027
274191,943,1026
274192,941,1027
274193,943,1028
274194,945,1033
274195,947,1030
274196,947,1031
274197,946,1028
274198,943,1029
274199,945,1029
274200,951,1032
274201,955,1033
274202,955,1028
274203,952,1025
274204,949,1029
274205,952,1031
274206,953,1035
274207,958,1036
274208,956,1032
274209,952,1033
274210,951,1032
274211,952,1034
274212,953,1038
274213,957,1038
274214,953,1038
274215,952,1036
274216,950,1034
274217,953,1037
274218,955,1039
274219,955,1037
274220,956,1035
274221,952,1031
274222,946,1033
274223,948,1034
274224,952,1036
274225,954,1034
274226,952,1034
274227,950,1031
274228,949,1032
274229,949,1032
274230,950,1033
274231,950,1031
274232,950,1029
274233,948,1028
274234,947,1027
274235,951,1029
274236,955,1032
274237,955,1031
274238,954,1027
274239,952,1026
274240,950,1025
274241,951,1029
274242,953,1031
274243,955,1025
274244,954,1023
274245,951,1021
274246,951,1022
274247,954,1025
274248,955,1026
274249,957,1028
274250,956,1027
274251,957,1024
274252,953,1025
274253,954,1030
274254,958,1033
274255,958,1030
274256,956,1029
274257,951,1029
274258,952,1033
274259,953,1034
274260,958,1037
274261,959,1034
274262,959,1035
274263,956,1032
274264,954,1034
274265,953,1033
274266,959,1036
274267,960,1036
274268,957,1035
274269,954,1033
274270,952,1034
274271,953,1036
274272,955,1040
274273,959,1038
274274,957,1037
274275,953,1032
274276,953,1033
274277,955,1033
274278,956,1036
274279,958,1035
274280,957,1033
274281,953,1032
274282,952,1029
274283,953,1032
274284,958,1033
274285,958,1032
274286,957,1028
274287,952,1026
274288,953,1027
274289,956,1028
274290,956,1030
274291,958,1027
274292,956,1025
274293,955,1023
274294,954,1021
274295,958,1023
274296,957,1027
274297,958,1024
274298,961,1022
274299,958,1020
274300,956,1023
274301,959,1027
274302,960,1029
274303,963,1030
274304,963,1026
274305,962,1025
274306,956,1027
274307,962,1030
274308,965,1034
274309,962,1030
274310,965,1032
274311,961,1030
274312,960,1031
274313,962,1034
274314,966,1038
274315,967,1037
274316,966,1034
274317,961,1035
274318,959,1035
274319,962,1039
274320,966,1042
274321,966,1039
274322,964,1037
274323,962,1035
274324,960,1034
274325,962,1035
274326,966,1037
274327,967,1037
274328,967,1033
274329,966,1031
274330,965,1029
274331,967,1030
274332,973,1030
274333,975,1027
274334,980,1021
274335,986,1017
274336,997,1015
274337,1014,1015
274338,1036,1015
274339,1059,1011
274340,1088,1006
274341,1119,995
274342,1152,988
274343,1191,989
274344,1224,994
274345,1244,1004
274346,1245,1016
274347,1217,1027
274348,1170,1037
274349,1121,1041
274350,1076,1047
274351,1029,1053
274352,990,1056
274353,965,1056
274354,955,1054
274355,961,1052
274356,967,1049
274357,969,1045
274358,966,1037
274359,959,1035
274360,952,1036
274361,954,1037
274362,956,1039
274363,952,1037
274364,948,1037
274365,945,1037
274366,944,1036
274367,948,1039
274368,948,1040
274369,953,1037
274370,946,1035
274371,943,1033
274372,944,1034
274373,945,1036
274374,946,1036
274375,946,1036
274376,945,1033
274377,943,1030
274378,941,1031
274379,944,1034
274380,948,1037
274381,946,1035
274382,946,1033
274383,942,1032
274384,939,1032
274385,940,1036
274386,944,1040
274387,946,1037
274388,944,1035
274389,941,1032
274390,938,1035
274391,939,1036
274392,943,1040
274393,945,1039
274394,939,1035
274395,937,1034
274396,938,1033
274397,940,1036
274398,944,1038
274399,945,1040
274400,943,1036
274401,942,1033
274402,941,1036
274403,945,1036
274404,945,1037
274405,949,1034
274406,946,1032
274407,944,1027
274408,944,1026
274409,947,1026
274410,952,1030
274411,954,1029
274412,955,1025
274413,952,1019
274414,951,1020
274415,954,1023
274416,960,1021
274417,963,1019
274418,966,1015
274419,965,1011
274420,966,1012
274421,967,1010
274422,968,1012
274423,974,1008
274424,975,1002
274425,970,1000
274426,973,998
274427,974,1002
274428,977,1003
274429,981,1004
274430,981,1001
274431,977,998
274432,977,999
274433,978,1000
274434,981,1002
274435,985,999
274436,983,998
274437,981,994
274438,982,998
274439,985,1000
274440,988,1003
274441,988,1001
274442,984,997
274443,985,997
274444,984,1002
274445,984,1006
274446,989,1010
274447,989,1010
274448,987,1010
274449,983,1009
274450,983,1013
274451,985,1016
274452,983,1020
274453,982,1020
274454,983,1020
274455,980,1021
274456,976,1022
274457,976,1024
274458,978,1028
274459,977,1031
274460,974,1029
274461,970,1028
274462,965,1031
274463,965,1036
274464,967,1036
274465,968,1037
274466,966,1035
274467,962,1033
274468,962,1035
274469,965,1039
274470,967,1042
274471,969,1039
274472,967,1040
274473,965,1037
274474,960,1039
274475,965,1041
274476,967,1045
274477,967,1041
274478,967,1040
274479,963,1037
274480,963,1036
274481,964,1040
274482,969,1040
274483,969,1038
274484,966,1035
274485,962,1034
274486,962,1035
274487,964,1035
274488,967,1038
274489,965,1038
274490,963,1034
274491,961,1030
274492,960,1029
274493,962,1031
274494,967,1032
274495,967,1032
274496,962,1029
274497,961,1028
274498,961,1030
274499,961,1030
274500,968,1033
274501,969,1030
274502,969,1027
274503,968,1027
274504,969,1026
274505,967,1028
274506,969,1032
274507,971,1031
274508,971,1030
274509,969,1027
274510,967,1028
274511,970,1031
274512,974,1031
274513,973,1027
274514,975,1027
274515,971,1026
274516,970,1029
274517,971,1032
274518,973,1035
274519,973,1034
274520,971,1033
274521,968,1030
274522,967,1031
274523,967,1032
274524,973,1034
274525,973,1034
274526,971,1033
274527,965,1029
274528,963,1031
274529,967,1035
274530,968,1037
274531,969,1036
274532,970,1033
274533,965,1033
274534,965,1034
274535,964,1035
274536,965,1038
274537,967,1037
274538,966,1034
274539,963,1031
274540,962,1030
274541,964,1035
274542,965,1036
274543,967,1035
274544,963,1034
274545,960,1030
274546,959,1033
274547,960,1035
274548,963,1037
274549,965,1037
274550,962,1035
274551,959,1031
274552,960,1033
274553,959,1035
274554,962,1037
274555,962,1036
274556,963,1034
274557,959,1032
274558,959,1032
274559,960,1037
274560,962,1037
274561,964,1039
274562,964,1035
274563,965,1033
274564,964,1034
274565,964,1037
274566,964,1037
274567,966,1037
274568,965,1039
274569,960,1037
274570,960,1040
274571,964,1043
274572,967,1045
274573,965,1040
274574,965,1037
274575,962,1036
274576,961,1037
274577,965,1039
274578,967,1044
274579,965,1040
274580,965,1039
274581,963,1037
274582,963,1039
274583,967,1041
274584,969,1042
274585,969,1041
274586,970,1040
274587,967,1038
274588,964,1037
274589,963,1039
274590,966,1041
274591,965,1043
274592,967,1037
274593,961,1035
274594,963,1035
274595,963,1039
274596,968,1039
274597,972,1042
274598,968,1038
274599,965,1035
274600,963,1037
274601,964,1039
274602,967,1040
274603,969,1039
274604,966,1034
274605,964,1034
274606,961,1035
274607,963,1039
274608,965,1039
274609,968,1040
274610,966,1036
274611,966,1036
274612,963,1037
274613,964,1039
274614,966,1042
274615,967,1042
274616,966,1040
274617,964,1039
274618,965,1042
274619,966,1044
274620,969,1042
274621,972,1041
274622,969,1039
274623,967,1037
274624,967,1038
274625,965,1041
274626,970,1042
274627,971,1044
274628,968,1040
274629,968,1037
274630,967,1036
274631,971,1040
274632,974,1042
274633,975,1040
274634,974,1038
274635,971,1035
274636,968,1036
274637,968,1037
274638,970,1041
274639,975,1041
274640,974,1037
274641,971,1035
274642,971,1034
274643,972,1037
274644,974,1043
274645,973,1042
274646,972,1038
274647,970,1037
274648,968,1040
274649,974,1039
274650,974,1044
274651,976,1043
274652,978,1042
274653,970,1039
274654,969,1038
274655,970,1040
274656,975,1042
274657,976,1039
274658,974,1037
274659,974,1035
274660,973,1033
274661,971,1038
274662,973,1041
274663,973,1038
274664,972,1039
274665,971,1036
274666,970,1039
274667,974,1040
274668,976,1042
274669,978,1038
274670,974,1039
274671,972,1038
274672,971,1037
274673,975,1039
274674,978,1039
274675,977,1040
274676,978,1035
274677,975,1035
274678,977,1037
274679,978,1039
274680,980,1040
274681,978,1042
274682,977,1036
274683,977,1036
274684,974,1035
274685,977,1038
274686,982,1039
274687,984,1038
274688,986,1036
274689,980,1036
274690,978,1038
274691,977,1038
274692,977,1039
274693,980,1042
274694,978,1039
274695,977,1037
274696,976,1039
274697,978,1040
274698,981,1041
274699,981,1042
274700,976,1039
274701,974,1037
274702,972,1039
274703,978,1042
274704,979,1046
274705,982,1044
274706,978,1042
274707,977,1038
274708,975,1040
274709,977,1042
274710,979,1044
274711,979,1043
274712,976,1039
274713,974,1037
274714,975,1042
274715,978,1042
274716,981,1048
274717,984,1044
274718,986,1039
274719,979,1038
274720,981,1039
274721,983,1044
274722,986,1045
274723,989,1043
274724,989,1039
274725,986,1037
274726,985,1036
274727,985,1037
274728,989,1039
274729,987,1035
274730,983,1030
274731,980,1030
274732,980,1034
274733,986,1038
274734,990,1038
274735,991,1036
274736,988,1031
274737,987,1032
274738,984,1032
274739,989,1034
274740,989,1038
274741,991,1037
274742,992,1035
274743,987,1034
274744,987,1037
274745,989,1038
274746,991,1041
274747,990,1039
274748,988,1037
274749,985,1035
274750,986,1035
274751,988,1038
274752,990,1037
274753,993,1038
274754,990,1037
274755,989,1033
274756,985,1036
274757,987,1038
274758,989,1039
274759,993,1038
274760,989,1036
274761,988,1031
274762,987,1034
274763,987,1037
274764,992,1035
274765,991,1036
274766,990,1035
274767,987,1034
274768,986,1037
274769,989,1041
274770,995,1045
274771,995,1042
274772,994,1041
274773,993,1042
274774,990,1041
274775,993,1043
274776,993,1045
274777,994,1047
274778,994,1044
274779,993,1044
274780,994,1043
274781,996,1044
274782,997,1048
274783,1000,1046
274784,997,1044
274785,997,1042
274786,995,1043
274787,997,1047
274788,1001,1049
274789,1002,1047
274790,1002,1044
274791,999,1040
274792,995,1042
274793,997,1045
274794,999,1047
274795,1000,1045
274796,999,1044
274797,994,1042
274798,994,1043
274799,999,1043
274800,998,1044
274801,1001,1043
274802,1000,1039
274803,998,1036
274804,998,1037
274805,998,1039
274806,1002,1042
274807,1001,1037
274808,1002,1031
274809,1001,1029
274810,1001,1030
274811,1003,1035
274812,1006,1035
274813,1008,1033
274814,1006,1032
274815,1007,1028
274816,1012,1029
274817,1026,1026
274818,1039,1028
274819,1055,1026
274820,1075,1020
274821,1097,1017
274822,1125,1011
274823,1162,1003
274824,1196,998
274825,1228,993
274826,1259,990
274827,1283,998
274828,1292,1014
274829,1278,1031
274830,1246,1041
274831,1200,1043
274832,1148,1047
274833,1099,1054
274834,1052,1062
274835,1016,1068
274836,998,1074
274837,993,1072
274838,997,1062
274839,1000,1053
274840,1002,1048
274841,1000,1048
274842,1000,1048
274843,993,1048
274844,991,1042
274845,985,1044
274846,983,1040
274847,983,1045
274848,985,1049
274849,984,1046
274850,984,1044
274851,978,1041
274852,978,1044
274853,978,1046
274854,979,1047
274855,980,1045
274856,979,1040
274857,977,1042
274858,977,1045
274859,978,1048
274860,981,1049
274861,981,1050
274862,979,1044
274863,975,1042
274864,975,1045
274865,979,1043
274866,982,1050
274867,982,1048
274868,982,1045
274869,978,1043
274870,980,1046
274871,984,1046
274872,989,1049
274873,990,1045
274874,986,1044
274875,985,1042
274876,984,1043
274877,983,1046
274878,987,1049
274879,985,1048
274880,984,1045
274881,984,1041
274882,983,1042
274883,983,1046
274884,985,1046
274885,984,1044
274886,977,1043
274887,977,1039
274888,974,1042
274889,980,1043
274890,983,1046
274891,984,1043
274892,980,1042
274893,976,1037
274894,978,1036
274895,984,1037
274896,987,1038
274897,990,1037
274898,987,1034
274899,987,1031
274900,986,1028
274901,989,1032
274902,994,1030
274903,993,1028
274904,994,1023
274905,992,1019
274906,989,1019
274907,994,1021
274908,999,1023
274909,1000,1023
274910,999,1021
274911,1000,1019
274912,999,1019
274913,1003,1023
274914,1007,1025
274915,1006,1023
274916,1005,1016
274917,1006,1014
274918,1008,1013
274919,1010,1018
274920,1015,1019
274921,1016,1016
274922,1018,1011
274923,1014,1009
274924,1013,1011
274925,1015,1013
274926,1017,1018
274927,1019,1020
274928,1016,1016
274929,1011,1017
274930,1013,1016
274931,1014,1019
274932,1017,1023
274933,1018,1023
274934,1016,1023
274935,1009,1022
274936,1008,1023
274937,1010,1029
274938,1011,1032
274939,1008,1033
274940,1005,1029
274941,1002,1029
274942,999,1033
274943,999,1038
274944,1000,1040
274945,1000,1040
274946,995,1037
274947,992,1040
274948,989,1041
274949,992,1045
274950,992,1046
274951,992,1048
274952,991,1045
274953,986,1045
274954,984,1045
274955,986,1050
274956,988,1049
274957,991,1048
274958,988,1047
274959,985,1047
274960,986,1051
274961,991,1053
274962,994,1055
274963,995,1052
274964,992,1050
274965,991,1047
274966,991,1049
274967,994,1049
274968,996,1053
274969,999,1051
274970,997,1047
274971,992,1047
274972,994,1047
274973,992,1048
274974,997,1051
274975,997,1048
274976,995,1043
274977,994,1044
274978,994,1045
274979,995,1044
274980,996,1047
274981,996,1047
274982,997,1045
274983,993,1046
274984,992,1045
274985,992,1049
274986,998,1051
274987,998,1047
274988,996,1047
274989,992,1042
274990,994,1044
274991,995,1045
274992,997,1047
274993,997,1047
274994,996,1043
274995,992,1042
274996,992,1042
274997,995,1045
274998,998,1045
274999,997,1044
275000,998,1040
275001,997,1038
275002,995,1037
275003,996,1039
275004,1000,1040
275005,996,1038
275006,997,1038
275007,994,1036
275008,993,1038
275009,995,1042
275010,999,1046
275011,999,1044
275012,996,1042
275013,995,1041
275014,994,1042
275015,994,1044
275016,998,1046
275017,998,1045
275018,998,1041
275019,994,1037
275020,994,1040
275021,996,1042
275022,997,1046
275023,997,1046
275024,996,1041
275025,993,1041
275026,991,1041
275027,996,1044
275028,999,1047
275029,998,1044
275030,993,1044
275031,992,1041
275032,990,1042
275033,995,1045
275034,998,1047
275035,999,1047
275036,997,1045
275037,994,1043
275038,995,1045
275039,996,1045
275040,999,1047
275041,997,1046
275042,994,1042
275043,994,1041
275044,996,1042
275045,996,1046
275046,999,1046
275047,998,1043
275048,994,1042
275049,990,1041
275050,985,1045
275051,987,1047
275052,987,1048
275053,989,1048
275054,988,1046
275055,987,1043
275056,985,1046
275057,986,1048
275058,988,1047
275059,989,1048
275060,986,1047
275061,983,1047
275062,984,1046
275063,984,1050
275064,988,1053
275065,989,1051
275066,986,1051
275067,984,1048
275068,983,1049
275069,985,1051
275070,984,1053
275071,983,1049
275072,982,1047
275073,979,1045
275074,980,1045
275075,982,1049
275076,986,1049
275077,985,1050
275078,985,1047
275079,982,1045
275080,981,1047
275081,983,1050
275082,988,1051
275083,989,1050
275084,986,1049
275085,984,1048
275086,986,1051
275087,987,1052
275088,988,1054
275089,988,1053
275090,986,1049
275091,983,1045
275092,981,1047
275093,985,1048
275094,988,1046
275095,987,1046
275096,983,1043
275097,980,1042
275098,984,1042
275099,985,1041
275100,985,1045
275101,990,1040
275102,986,1040
275103,984,1037
275104,984,1040
275105,985,1045
275106,987,1047
275107,987,1046
275108,987,1042
275109,982,1041
275110,982,1044
275111,984,1049
275112,985,1047
275113,987,1047
275114,986,1046
275115,985,1042
275116,984,1044
275117,984,1046
275118,986,1047
275119,987,1047
275120,985,1042
275121,982,1043
275122,981,1044
275123,986,1046
275124,989,1047
275125,990,1045
275126,988,1044
275127,985,1042
275128,986,1040
275129,985,1043
275130,991,1047
275131,990,1047
275132,991,1042
275133,990,1038
275134,988,1042
275135,991,1043
275136,994,1043
275137,993,1043
275138,989,1041
275139,988,1041
275140,986,1044
275141,984,1048
275142,987,1049
275143,989,1048
275144,984,1044
275145,981,1043
275146,982,1044
275147,984,1048
275148,984,1053
275149,983,1051
275150,981,1046
275151,981,1046
275152,981,1047
275153,984,1050
275154,986,1050
275155,985,1050
275156,983,1048
275157,982,1044
275158,983,1049
275159,987,1050
275160,987,1053
275161,989,1052
275162,989,1052
275163,989,1049
275164,991,1052
275165,993,1051
275166,993,1054
275167,993,1052
275168,992,1049
275169,991,1050
275170,989,1049
275171,993,1052
275172,997,1052
275173,999,1050
275174,998,1047
275175,995,1043
275176,997,1042
275177,1005,1041
275178,1019,1042
275179,1029,1039
275180,1043,1034
275181,1058,1032
275182,1083,1028
275183,1112,1026
275184,1146,1016
275185,1179,1001
275186,1213,993
275187,1248,990
275188,1277,998
275189,1287,1016
275190,1274,1033
275191,1230,1043
275192,1171,1045
275193,1115,1048
275194,1066,1056
275195,1023,1067
275196,996,1074
275197,979,1075
275198,975,1068
275199,978,1063
275200,985,1055
275201,988,1051
275202,990,1049
275203,986,1042
275204,982,1043
275205,977,1039
275206,974,1042
275207,976,1044
275208,975,1046
275209,973,1045
275210,970,1045
275211,968,1044
275212,966,1044
275213,970,1049
275214,971,1050
275215,969,1048
275216,969,1047
275217,966,1047
275218,965,1050
275219,965,1053
275220,970,1054
275221,970,1053
275222,970,1051
275223,967,1052
275224,966,1052
275225,971,1054
275226,974,1053
275227,973,1053
275228,969,1052
275229,969,1048
275230,970,1050
275231,970,1052
275232,970,1054
275233,971,1049
275234,971,1046
275235,970,1046
275236,967,1050
275237,971,1050
275238,971,1051
275239,971,1050
275240,969,1045
275241,967,1044
275242,965,1043
275243,969,1049
275244,972,1050
275245,973,1045
275246,971,1043
275247,970,1041
275248,968,1041
275249,970,1042
275250,972,1043
275251,972,1041
275252,972,1040
275253,970,1037
275254,973,1037
275255,975,1037
275256,980,1038
275257,981,1035
275258,980,1030
275259,979,1028
275260,978,1030
275261,983,1031
275262,984,1029
275263,986,1025
275264,986,1022
275265,986,1018
275266,990,1020
275267,992,1023
275268,997,1023
275269,999,1022
275270,999,1017
275271,1000,1013
275272,999,1013
275273,1004,1013
275274,1006,1016
275275,1008,1012
275276,1006,1010
275277,1007,1011
275278,1008,1011
275279,1013,1012
275280,1016,1014
275281,1018,1013
275282,1015,1007
275283,1011,1003
275284,1010,1007
275285,1013,1008
275286,1014,1010
275287,1014,1007
275288,1011,1007
275289,1010,1005
275290,1011,1003
275291,1014,1007
275292,1016,1011
275293,1015,1008
275294,1009,1009
275295,1007,1008
275296,1006,1009
275297,1010,1014
275298,1013,1016
275299,1012,1018
275300,1007,1018
275301,1004,1019
275302,1003,1024
275303,1003,1027
275304,1001,1031
275305,1000,1030
275306,999,1029
275307,991,1028
275308,990,1033
275309,991,1036
275310,993,1037
275311,991,1038
275312,992,1035
275313,985,1035
275314,985,1035
275315,986,1038
275316,987,1041
275317,987,1041
275318,986,1040
275319,984,1037
275320,983,1039
275321,986,1041
275322,985,1043
275323,986,1043
275324,981,1040
275325,980,1043
275326,977,1045
275327,980,1049
275328,984,1051
275329,984,1051
275330,983,1047
275331,979,1046
275332,980,1051
275333,982,1053
275334,983,1057
275335,987,1059
275336,986,1058
275337,987,1058
275338,985,1059
275339,986,1064
275340,987,1062
275341,989,1061
275342,985,1059
275343,985,1057
275344,984,1057
275345,987,1057
275346,989,1058
275347,991,1059
275348,989,1053
275349,986,1051
275350,987,1051
275351,991,1056
275352,992,1058
275353,995,1056
275354,991,1052
275355,989,1049
275356,989,1053
275357,992,1052
275358,994,1054
275359,998,1054
275360,997,1053
275361,992,1046
275362,993,1047
275363,995,1050
275364,999,1048
275365,1002,1047
275366,995,1041
275367,991,1037
275368,985,1039
275369,990,1042
275370,990,1046
275371,993,1044
275372,991,1037
275373,990,1036
275374,989,1036
275375,988,1039
275376,993,1039
275377,992,1036
275378,990,1034
275379,987,1034
275380,990,1037
275381,991,1040
275382,996,1041
275383,995,1044
275384,993,1042
275385,989,1042
275386,989,1046
275387,990,1051
275388,995,1052
275389,995,1050
275390,995,1047
275391,990,1047
275392,987,1052
275393,990,1052
275394,995,1053
275395,994,1052
275396,993,1047
275397,988,1045
275398,988,1051
275399,994,1053
275400,1000,1052
275401,1000,1050
275402,994,1047
275403,992,1046
275404,989,1047
275405,990,1049
275406,994,1050
275407,994,1050
275408,987,1048
275409,988,1044
275410,987,1047
275411,987,1050
275412,990,1050
275413,989,1048
275414,989,1047
275415,988,1042
275416,984,1046
275417,987,1046
275418,986,1046
275419,989,1046
275420,986,1041
275421,982,1042
275422,983,1042
275423,981,1044
275424,986,1048
275425,986,1045
275426,983,1042
275427,983,1037
275428,980,1041
275429,982,1046
275430,985,1047
275431,985,1048
275432,983,1047
275433,984,1047
275434,986,1050
275435,987,1055
275436,990,1054
275437,986,1055
275438,986,1054
275439,986,1056
275440,988,1054
275441,991,1060
275442,994,1061
275443,994,1056
275444,993,1052
275445,989,1052
275446,990,1052
275447,991,1055
275448,996,1057
275449,997,1054
275450,997,1052
275451,993,1048
275452,994,1050
275453,994,1053
275454,996,1053
275455,996,1052
275456,994,1049
275457,994,1044
275458,991,1046
275459,992,1047
275460,995,1049
275461,998,1047
275462,994,1045
275463,993,1043
275464,989,1044
275465,991,1046
275466,994,1046
275467,995,1044
275468,993,1042
275469,992,1044
275470,994,1043
275471,996,1048
275472,999,1047
275473,994,1048
275474,993,1045
275475,991,1046
275476,991,1045
275477,990,1048
275478,993,1051
275479,994,1049
275480,994,1045
275481,991,1046
275482,989,1049
275483,992,1053
275484,995,1055
275485,997,1052
275486,994,1048
275487,991,1047
275488,991,1048
275489,994,1053
275490,996,1053
275491,997,1052
275492,996,1050
275493,994,1051
275494,997,1050
275495,997,1054
275496,1000,1056
275497,999,1052
275498,997,1049
275499,997,1046
275500,997,1051
275501,999,1053
275502,1001,1049
275503,999,1049
275504,996,1045
275505,996,1046
275506,996,1047
275507,997,1048
275508,1000,1051
275509,1002,1051
275510,1001,1046
275511,1001,1046
275512,997,1047
275513,1002,1046
275514,1005,1049
275515,1006,1046
275516,1002,1044
275517,1000,1046
275518,996,1047
275519,998,1050
275520,1004,1051
275521,1006,1052
275522,1005,1050
275523,1003,1049
275524,1002,1051
275525,1005,1055
275526,1006,1057
275527,1007,1054
275528,1007,1054
275529,1005,1050
275530,1006,1054
275531,1004,1057
275532,1009,1059
275533,1008,1056
275534,1009,1055
275535,1006,1053
275536,1008,1054
275537,1010,1055
275538,1013,1054
275539,1010,1053
275540,1009,1048
275541,1009,1047
275542,1010,1050
275543,1015,1054
275544,1020,1054
275545,1021,1052
275546,1019,1045
275547,1017,1042
275548,1015,1040
275549,1019,1038
275550,1025,1034
275551,1034,1029
275552,1041,1025
275553,1052,1021
275554,1066,1022
275555,1092,1021
275556,1122,1019
275557,1156,1011
275558,1189,1000
275559,1222,993
275560,1255,991
275561,1289,1000
275562,1310,1015
275563,1306,1030
275564,1278,1043
275565,1234,1049
275566,1180,1053
275567,1132,1064
275568,1082,1074
275569,1030,1081
275570,996,1083
275571,986,1085
275572,991,1086
275573,1001,1079
275574,1011,1072
275575,1015,1063
275576,1012,1058
275577,1004,1055
275578,1001,1051
275579,1001,1052
275580,1002,1052
275581,1001,1049
275582,997,1047
275583,997,1045
275584,996,1049
275585,996,1052
275586,1000,1052
275587,1000,1050
275588,996,1048
275589,992,1044
275590,991,1049
275591,992,1051
275592,995,1055
275593,995,1056
275594,994,1052
275595,990,1046
275596,991,1050
275597,994,1053
275598,997,1052
275599,999,1048
275600,995,1046
275601,993,1044
275602,994,1046
275603,996,1048
275604,999,1047
275605,996,1045
275606,996,1043
275607,995,1043
275608,997,1045
275609,998,1048
275610,1000,1050
275611,1001,1049
275612,1000,1047
275613,998,1044
275614,999,1048
275615,1002,1046
275616,1007,1049
275617,1009,1049
275618,1007,1047
275619,1000,1044
275620,1001,1045
275621,1003,1049
275622,1008,1047
275623,1009,1044
275624,1009,1041
275625,1004,1040
275626,1006,1040
275627,1010,1043
275628,1012,1040
275629,1011,1039
275630,1009,1036
275631,1005,1032
275632,1007,1030
275633,1012,1031
275634,1018,1031
275635,1017,1026
275636,1018,1025
275637,1015,1022
275638,1020,1024
275639,1021,1022
275640,1027,1022
275641,1028,1019
275642,1028,1016
275643,1029,1012
275644,1031,1015
275645,1034,1013
275646,1038,1013
275647,1039,1014
275648,1038,1009
275649,1039,1008
275650,1040,1007
275651,1043,1007
275652,1046,1005
275653,1046,1006
275654,1044,1003
275655,1039,1000
275656,1040,1000
275657,1045,1002
275658,1047,1005
275659,1049,1001
275660,1045,998
275661,1042,998
275662,1039,1002
275663,1045,1006
275664,1048,1008
275665,1048,1009
275666,1043,1005
275667,1043,1007
275668,1044,1009
275669,1046,1013
275670,1047,1016
275671,1045,1016
275672,1041,1018
275673,1039,1017
275674,1038,1021
275675,1037,1024
275676,1039,1027
275677,1037,1026
275678,1031,1024
275679,1029,1024
275680,1023,1025
275681,1024,1032
275682,1025,1036
275683,1023,1036
275684,1022,1033
275685,1019,1031
275686,1018,1037
275687,1019,1039
275688,1021,1040
275689,1022,1041
275690,1018,1041
275691,1016,1040
275692,1014,1043
275693,1016,1045
275694,1018,1048
275695,1020,1046
275696,1019,1045
275697,1019,1043
275698,1017,1044
275699,1019,1047
275700,1021,1048
275701,1021,1048
275702,1017,1045
275703,1015,1046
275704,1013,1048
275705,1015,1053
275706,1018,1050
275707,1019,1050
275708,1016,1048
275709,1014,1047
275710,1013,1045
275711,1016,1044
275712,1019,1049
275713,1020,1050
275714,1016,1046
275715,1014,1047
275716,1014,1050
275717,1018,1052
275718,1020,1053
275719,1021,1051
275720,1023,1049
275721,1017,1048
275722,1017,1049
275723,1019,1050
275724,1022,1050
275725,1019,1048
275726,1020,1042
275727,1016,1042
275728,1017,1043
275729,1018,1046
275730,1023,1045
275731,1024,1044
275732,1021,1042
275733,1018,1039
275734,1019,1041
275735,1022,1044
275736,1025,1043
275737,1023,1039
275738,1021,1038
275739,1019,1036
275740,1020,1039
275741,1024,1041
275742,1028,1041
275743,1027,1042
275744,1026,1038
275745,1020,1036
275746,1024,1039
275747,1027,1040
275748,1031,1041
275749,1031,1043
275750,1027,1040
275751,1024,1042
275752,1023,1041
275753,1027,1045
275754,1030,1042
275755,1028,1043
275756,1025,1040
275757,1022,1040
275758,1023,1044
275759,1025,1043
275760,1025,1043
275761,1026,1039
275762,1021,1038
275763,1017,1039
275764,1015,1042
275765,1021,1045
275766,1021,1046
275767,1020,1045
275768,1018,1042
275769,1017,1041
275770,1019,1045
275771,1024,1046
275772,1024,1045
275773,1023,1045
275774,1021,1041
275775,1020,1041
275776,1018,1042
275777,1023,1046
275778,1025,1045
275779,1026,1046
275780,1024,1042
275781,1022,1043
275782,1022,1045
275783,1023,1046
275784,1027,1045
275785,1026,1042
275786,1023,1039
275787,1020,1039
275788,1022,1046
275789,1021,1048
275790,1028,1047
275791,1029,1045
275792,1025,1042
275793,1023,1040
275794,1026,1042
275795,1029,1045
275796,1029,1044
275797,1025,1043
275798,1026,1039
275799,1024,1039
275800,1026,1041
275801,1031,1041
275802,1036,1037
275803,1041,1034
275804,1047,1030
275805,1057,1026
275806,1069,1027
275807,1087,1029
275808,1115,1028
275809,1149,1018
275810,1181,1010
275811,1216,1000
275812,1254,997
275813,1291,1001
275814,1323,1011
275815,1334,1026
275816,1320,1038
275817,1284,1043
275818,1234,1049
275819,1183,1053
275820,1135,1063
275821,1081,1072
275822,1032,1081
275823,1001,1085
275824,990,1091
275825,997,1093
275826,1010,1084
275827,1015,1071
275828,1019,1058
275829,1022,1050
275830,1022,1048
275831,1022,1047
275832,1022,1046
275833,1019,1046
275834,1016,1041
275835,1013,1040
275836,1009,1042
275837,1009,1048
275838,1008,1051
275839,1006,1048
275840,1004,1044
275841,1001,1046
275842,1005,1048
275843,1007,1050
275844,1007,1049
275845,1006,1048
275846,1005,1046
275847,1005,1043
275848,1002,1042
275849,1003,1044
275850,1005,1043
275851,1006,1044
275852,1003,1041
275853,1002,1041
275854,1002,1042
275855,1005,1044
275856,1008,1045
275857,1007,1045
275858,1004,1043
275859,1001,1044
275860,1000,1046
275861,1003,1048
275862,1007,1048
275863,1006,1046
275864,1008,1044
275865,1007,1044
275866,1007,1043
275867,1011,1047
275868,1015,1048
275869,1011,1043
275870,1009,1041
275871,1008,1041
275872,1008,1042
275873,1013,1042
275874,1020,1043
275875,1021,1039
275876,1018,1035
275877,1015,1033
275878,1015,1033
275879,1015,1032
275880,1023,1032
275881,1024,1030
275882,1023,1026
275883,1025,1024
275884,1024,1024
275885,1028,1024
275886,1031,1024
275887,1033,1021
275888,1033,1017
275889,1032,1014
275890,1033,1013
275891,1035,1012
275892,1040,1012
275893,1037,1007
275894,1039,1006
275895,1039,1002
275896,1041,1000
275897,1044,1000
275898,1048,999
275899,1047,997
275900,1046,993
275901,1045,990
275902,1046,991
275903,1048,994
275904,1052,994
275905,1052,994
275906,1047,991
275907,1043,990
275908,1048,992
275909,1049,997
275910,1053,996
275911,1050,995
275912,1047,993
275913,1046,993
275914,1045,1001
275915,1045,1005
275916,1050,1006
275917,1048,1007
275918,1044,1003
275919,1040,1003
275920,1040,1005
275921,1040,1012
275922,1042,1014
275923,1040,1014
275924,1036,1014
275925,1031,1015
275926,1029,1022
275927,1030,1026
275928,1031,1027
275929,1028,1028
275930,1024,1028
275931,1022,1029
275932,1022,1033
275933,1023,1039
275934,1026,1039
275935,1024,1037
275936,1019,1037
275937,1015,1035
275938,1015,1039
275939,1017,1041
275940,1017,1042
275941,1016,1041
275942,1016,1041
275943,1013,1042
275944,1014,1042
275945,1013,1047
275946,1012,1049
275947,1013,1049
275948,1012,1045
275949,1010,1048
275950,1011,1049
275951,1014,1053
275952,1015,1054
275953,1013,1052
275954,1012,1048
275955,1008,1048
275956,1009,1050
275957,1011,1054
275958,1014,1052
275959,1015,1050
275960,1013,1051
275961,1008,1049
275962,1012,1050
275963,1017,1051
275964,1017,1052
275965,1018,1046
275966,1015,1045
275967,1013,1043
275968,1014,1043
275969,1015,1045
275970,1016,1047
275971,1016,1043
275972,1015,1039
275973,1012,1042
275974,1013,1041
275975,1015,1044
275976,1018,1044
275977,1015,1041
275978,1014,1038
275979,1013,1035
275980,1010,1036
275981,1010,1042
275982,1015,1044
275983,1013,1043
275984,1013,1039
275985,1011,1038
275986,1013,1042
275987,1012,1043
275988,1010,1045
275989,1012,1043
275990,1011,1043
275991,1012,1043
275992,1014,1043
275993,1018,1042
275994,1020,1045
275995,1020,1043
275996,1014,1038
275997,1010,1040
275998,1011,1041
275999,1014,1044
276000,1018,1045
276001,1019,1044
276002,1015,1041
276003,1014,1043
276004,1010,1044
276005,1011,1047
276006,1016,1047
276007,1015,1046
276008,1012,1041
276009,1007,1044
276010,1009,1045
276011,1012,1049
276012,1012,1046
276013,1013,1047
276014,1013,1042
276015,1010,1045
276016,1011,1048
276017,1015,1049
276018,1016,1049
276019,1014,1047
276020,1013,1043
276021,1008,1043
276022,1010,1047
276023,1014,1047
276024,1015,1049
276025,1014,1045
276026,1012,1043
276027,1012,1043
276028,1010,1043
276029,1013,1044
276030,1016,1044
276031,1015,1043
276032,1014,1043
276033,1013,1042
276034,1008,1042
276035,1010,1045
276036,1016,1043
276037,1012,1044
276038,1010,1043
276039,1012,1042
276040,1011,1042
276041,1012,1044
276042,1018,1045
276043,1017,1040
276044,1016,1037
276045,1019,1033
276046,1030,1031
276047,1043,1033
276048,1059,1030
276049,1072,1030
276050,1089,1025
276051,1108,1023
276052,1136,1017
276053,1175,1010
276054,1219,1007
276055,1261,1006
276056,1294,1009
276057,1306,1027
276058,1298,1050
276059,1269,1064
276060,1228,1066
276061,1172,1067
276062,1116,1070
276063,1058,1080
276064,1011,1094
276065,984,1103
276066,984,1106
276067,994,1096
276068,997,1083
276069,1000,1071
276070,1006,1060
276071,1011,1055
276072,1010,1051
276073,1008,1044
276074,1002,1040
276075,999,1039
276076,999,1039
276077,1002,1041
276078,1002,1040
276079,1001,1041
276080,996,1039
276081,994,1039
276082,994,1041
276083,998,1045
276084,1000,1044
276085,999,1040
276086,994,1039
276087,992,1040
276088,993,1040
276089,993,1044
276090,996,1045
276091,1000,1041
276092,995,1038
276093,990,1040
276094,988,1044
276095,992,1045
276096,993,1044
276097,992,1044
276098,990,1039
276099,987,1038
276100,986,1040
276101,990,1042
276102,992,1045
276103,995,1042
276104,991,1041
276105,991,1039
276106,990,1040
276107,994,1042
276108,997,1042
276109,997,1039
276110,996,1033
276111,996,1036
276112,1000,1039
276113,1000,1041
276114,1004,1037
276115,1003,1033
276116,1001,1027
276117,1000,1029
276118,1001,1031
276119,1004,1032
276120,1009,1029
276121,1008,1023
276122,1007,1020
276123,1009,1017
276124,1008,1020
276125,1012,1022
276126,1015,1019
276127,1016,1016
276128,1013,1012
276129,1015,1009
276130,1021,1009
276131,1026,1010
276132,1032,1007
276133,1031,1005
276134,1030,998
276135,1030,997
276136,1032,998
276137,1034,999
276138,1037,997
276139,1037,994
276140,1037,989
276141,1038,989
276142,1036,991
276143,1038,991
276144,1045,989
276145,1042,991
276146,1042,987
276147,1040,981
276148,1039,983
276149,1041,985
276150,1045,984
276151,1043,985
276152,1041,981
276153,1039,982
276154,1040,986
276155,1044,992
276156,1044,995
276157,1045,998
276158,1041,997
276159,1039,1000
276160,1038,1008
276161,1038,1013
276162,1040,1015
276163,1035,1017
276164,1032,1019
276165,1029,1018
276166,1028,1023
276167,1028,1028
276168,1030,1032
276169,1027,1033
276170,1024,1031
276171,1022,1034
276172,1020,1035
276173,1021,1042
276174,1020,1044
276175,1020,1047
276176,1017,1046
276177,1016,1046
276178,1012,1050
276179,1013,1055
276180,1015,1056
276181,1013,1053
276182,1009,1051
276183,1011,1050
276184,1012,1051
276185,1016,1055
276186,1018,1055
276187,1017,1053
276188,1015,1048
276189,1014,1047
276190,1012,1048
276191,1016,1051
276192,1018,1051
276193,1016,1050
276194,1014,1047
276195,1011,1045
276196,1011,1046
276197,1013,1047
276198,1016,1047
276199,1018,1045
276200,1017,1042
276201,1013,1043
276202,1011,1043
276203,1017,1047
276204,1018,1046
276205,1019,1045
276206,1014,1041
276207,1013,1038
276208,1013,1040
276209,1016,1043
276210,1017,1046
276211,1016,1045
276212,1017,1043
276213,1016,1042
276214,1019,1044
276215,1023,1044
276216,1028,1046
276217,1026,1041
276218,1024,1038
276219,1023,1039
276220,1021,1038
276221,1026,1042
276222,1029,1040
276223,1027,1042
276224,1028,1036
276225,1024,1037
276226,1025,1040
276227,1027,1040
276228,1027,1043
276229,1028,1040
276230,1028,1036
276231,1025,1035
276232,1025,1036
276233,1023,1038
276234,1028,1036
276235,1029,1035
276236,1025,1030
276237,1022,1033
276238,1021,1033
276239,1024,1035
276240,1027,1037
276241,1027,1033
276242,1024,1032
276243,1022,1032
276244,1022,1033
276245,1022,1034
276246,1025,1038
276247,1023,1038
276248,1019,1036
276249,1016,1035
276250,1017,1038
276251,1019,1041
276252,1022,1043
276253,1019,1040
276254,1017,1038
276255,1015,1038
276256,1015,1041
276257,1016,1043
276258,1015,1043
276259,1015,1043
276260,1016,1040
276261,1016,1039
276262,1016,1041
276263,1017,1044
276264,1023,1044
276265,1019,1043
276266,1018,1040
276267,1015,1041
276268,1015,1043
276269,1020,1047
276270,1022,1048
276271,1022,1045
276272,1018,1044
276273,1017,1045
276274,1020,1043
276275,1024,1042
276276,1028,1042
276277,1025,1038
276278,1023,1035
276279,1020,1036
276280,1022,1035
276281,1024,1036
276282,1028,1038
276283,1031,1037
276284,1028,1034
276285,1026,1030
276286,1026,1035
276287,1029,1035
276288,1032,1033
276289,1031,1034
276290,1031,1029
276291,1030,1028
276292,1036,1028
276293,1046,1028
276294,1055,1025
276295,1065,1022
276296,1077,1019
276297,1092,1020
276298,1117,1020
276299,1147,1016
276300,1184,1006
276301,1219,999
276302,1256,993
276303,1283,993
276304,1312,1005
276305,1330,1021
276306,1332,1034
276307,1310,1043
276308,1265,1044
276309,1206,1044
276310,1145,1055
276311,1090,1068
276312,1043,1079
276313,1010,1080
276314,997,1079
276315,998,1074
276316,1007,1069
276317,1015,1060
276318,1019,1052
276319,1017,1048
276320,1015,1041
276321,1009,1036
276322,1010,1040
276323,1010,1041
276324,1013,1041
276325,1007,1038
276326,1005,1036
276327,1002,1039
276328,1001,1038
276329,1002,1041
276330,1002,1043
276331,1004,1037
276332,1002,1034
276333,1000,1034
276334,1003,1035
276335,1004,1037
276336,1005,1039
276337,1005,1038
276338,999,1035
276339,996,1037
276340,999,1041
276341,1000,1042
276342,1003,1039
276343,1003,1037
276344,1001,1034
276345,1001,1035
276346,1001,1035
276347,1003,1039
276348,1005,1041
276349,1005,1038
276350,1004,1034
276351,1001,1036
276352,1003,1038
276353,1007,1040
276354,1008,1041
276355,1005,1039
276356,1002,1034
276357,1002,1037
276358,1000,1039
276359,1002,1043
276360,1006,1039
276361,1007,1036
276362,1002,1031
276363,1000,1032
276364,1001,1034
276365,1003,1036
276366,1009,1036
276367,1009,1035
276368,1006,1030
276369,1004,1029
276370,1005,1029
276371,1009,1027
276372,1012,1023
276373,1011,1018
276374,1010,1014
276375,1009,1011
276376,1013,1013
276377,1018,1013
276378,1022,1012
276379,1022,1008
276380,1021,1003
276381,1021,998
276382,1023,998
276383,1027,999
276384,1031,997
276385,1033,994
276386,1033,991
276387,1029,991
276388,1029,990
276389,1035,990
276390,1034,988
276391,1035,987
276392,1034,984
276393,1033,985
276394,1036,987
276395,1042,990
276396,1044,991
276397,1043,990
276398,1042,988
276399,1040,990
276400,1041,995
276401,1045,998
276402,1046,1002
276403,1044,998
276404,1041,998
276405,1038,1000
276406,1037,1002
276407,1040,1005
276408,1042,1009
276409,1040,1008
276410,1035,1007
276411,1033,1010
276412,1033,1016
276413,1033,1021
276414,1035,1022
276415,1033,1023
276416,1029,1028
276417,1026,1029
276418,1023,1034
276419,1023,1036
276420,1022,1036
276421,1023,1033
276422,1017,1032
276423,1013,1031
276424,1012,1034
276425,1013,1039
276426,1015,1038
276427,1014,1036
276428,1010,1033
276429,1009,1034
276430,1010,1034
276431,1013,1037
276432,1014,1037
276433,1014,1035
276434,1012,1033
276435,1011,1032
276436,1012,1037
276437,1013,1038
276438,1017,1036
276439,1017,1038
276440,1011,1033
276441,1010,1035
276442,1014,1039
276443,1019,1042
276444,1021,1042
276445,1022,1040
276446,1018,1038
276447,1018,1036
276448,1021,1040
276449,1026,1043
276450,1031,1042
276451,1037,1041
276452,1039,1039
276453,1041,1040
276454,1044,1042
276455,1053,1048
276456,1059,1052
276457,1065,1053
276458,1070,1048
276459,1079,1043
276460,1094,1032
276461,1104,1020
276462,1117,1003
276463,1130,985
276464,1143,973
276465,1155,956
276466,1171,946
276467,1188,932
276468,1204,910
276469,1220,884
276470,1232,859
276471,1248,837
276472,1264,824
276473,1277,812
276474,1284,800
276475,1281,790
276476,1277,786
276477,1273,783
276478,1267,786
276479,1265,786
276480,1255,784
276481,1238,783
276482,1216,781
276483,1195,788
276484,1173,796
276485,1153,803
276486,1132,815
276487,1109,825
276488,1095,838
276489,1081,855
276490,1077,874
276491,1080,894
276492,1082,906
276493,1079,916
276494,1074,923
276495,1072,936
276496,1079,951
276497,1094,964
276498,1108,973
276499,1122,977
276500,1123,976
276501,1109,988
276502,1079,996
276503,1040,1009
276504,1008,1020
276505,983,1031
276506,963,1042
276507,955,1059
276508,952,1070
276509,949,1080
276510,947,1083
276511,942,1084
276512,938,1085
276513,930,1087
276514,928,1091
276515,927,1096
276516,923,1098
276517,921,1097
276518,915,1097
276519,910,1098
276520,907,1101
276521,911,1105
276522,911,1107
276523,909,1105
276524,904,1106
276525,899,1110
276526,898,1112
276527,898,1118
276528,900,1117
276529,900,1118
276530,900,1118
276531,897,1122
276532,896,1125
276533,895,1130
276534,897,1131
276535,894,1132
276536,891,1136
276537,888,1136
276538,889,1142
276539,890,1146
276540,892,1149
276541,894,1151
276542,889,1153
276543,888,1155
276544,888,1159
276545,890,1166
276546,892,1167
276547,891,1169
276548,889,1168
276549,889,1171
276550,892,1173
276551,893,1178
276552,898,1180
276553,897,1182
276554,896,1180
276555,896,1183
276556,902,1186
276557,903,1188
276558,907,1188
276559,910,1186
276560,909,1185
276561,908,1182
276562,914,1186
276563,919,1184
276564,925,1181
276565,925,1177
276566,926,1173
276567,928,1168
276568,930,1166
276569,934,1161
276570,938,1159
276571,941,1155
276572,943,1149
276573,944,1146
276574,953,1140
276575,959,1137
276576,964,1131
276577,965,1127
276578,968,1117
276579,969,1112
276580,971,1110
276581,974,1105
276582,981,1100
276583,981,1093
276584,979,1087
276585,974,1081
276586,977,1078
276587,981,1078
276588,988,1074
276589,986,1068
276590,984,1065
276591,982,1062
276592,981,1065
276593,984,1064
276594,990,1062
276595,987,1058
276596,986,1054
276597,982,1052
276598,984,1054
276599,990,1056
276600,991,1054
276601,992,1049
276602,988,1047
276603,986,1045
276604,990,1046
276605,993,1048
276606,994,1046
276607,994,1044
276608,991,1042
276609,990,1040
276610,989,1040
276611,993,1045
276612,997,1041
276613,996,1041
276614,996,1038
276615,992,1039
276616,993,1040
276617,991,1040
276618,994,1039
276619,993,1038
276620,991,1036
276621,990,1037
276622,993,1037
276623,996,1041
276624,998,1042
276625,997,1041
276626,994,1039
276627,993,1038
276628,993,1041
276629,994,1041
276630,998,1041
276631,1001,1039
276632,999,1035
276633,995,1032
276634,994,1032
276635,995,1036
276636,1000,1036
276637,1004,1037
276638,1003,1032
276639,1000,1030
276640,1000,1032
276641,1004,1033
276642,1005,1033
276643,1004,1031
276644,1004,1030
276645,1003,1030
276646,1005,1031
276647,1005,1032
276648,1008,1033
276649,1007,1030
276650,1002,1027
276651,1000,1026
276652,1003,1030
276653,1004,1031
276654,1007,1030
276655,1003,1027
276656,1000,1025
276657,996,1024
276658,995,1029
276659,997,1029
276660,1000,1031
276661,998,1030
276662,995,1029
276663,997,1028
276664,996,1029
276665,1000,1033
276666,1001,1031
276667,997,1030
276668,996,1032
276669,994,1030
276670,995,1033
276671,997,1037
276672,1001,1036
276673,1003,1036
276674,1000,1035
276675,996,1033
276676,996,1034
276677,998,1035
276678,1001,1035
276679,1000,1032
276680,998,1031
276681,998,1032
276682,998,1034
276683,1000,1038
276684,1005,1038
276685,1004,1036
276686,1000,1035
276687,998,1029
276688,998,1031
276689,1001,1034
276690,1005,1033
276691,1004,1029
276692,1002,1028
276693,999,1027
276694,999,1029
276695,1001,1033
276696,1002,1028
276697,1002,1028
276698,998,1027
276699,996,1029
276700,995,1032
276701,1002,1034
276702,1008,1034
276703,1006,1030
276704,1002,1029
276705,996,1030
276706,994,1032
276707,1000,1036
276708,1003,1035
276709,1002,1035
276710,998,1030
276711,998,1032
276712,998,1035
276713,1001,1035
276714,1003,1038
276715,1000,1034
276716,997,1031
276717,996,1031
276718,993,1034
276719,999,1034
276720,1002,1036
276721,1000,1029
276722,997,1031
276723,999,1030
276724,1000,1032
276725,1003,1033
276726,1006,1031
276727,1004,1030
276728,1004,1027
276729,1001,1027
276730,1005,1030
276731,1008,1032
276732,1005,1031
276733,1008,1029
276734,1003,1025
276735,1001,1026
276736,1001,1029
276737,1006,1030
276738,1011,1031
276739,1010,1030
276740,1011,1028
276741,1010,1029
276742,1013,1030
276743,1015,1030
276744,1017,1025
276745,1015,1023
276746,1017,1020
276747,1023,1018
276748,1032,1017
276749,1045,1018
276750,1063,1018
276751,1083,1016
276752,1109,1011
276753,1142,1000
276754,1178,992
276755,1221,988
276756,1264,991
276757,1295,1002
276758,1309,1023
276759,1295,1044
276760,1254,1052
276761,1194,1057
276762,1134,1061
276763,1071,1070
276764,1017,1078
276765,983,1085
276766,979,1085
276767,989,1083
276768,999,1070
276769,1006,1053
276770,1004,1045
276771,998,1039
276772,999,1032
276773,1000,1034
276774,999,1031
276775,999,1027
276776,993,1026
276777,992,1024
276778,989,1028
276779,991,1030
276780,993,1032
276781,991,1030
276782,988,1027
276783,981,1027
276784,982,1028
276785,984,1032
276786,989,1033
276787,992,1033
276788,987,1026
276789,985,1029
276790,985,1030
276791,990,1034
276792,991,1032
276793,990,1032
276794,987,1028
276795,986,1029
276796,988,1030
276797,991,1034
276798,990,1036
276799,989,1034
276800,990,1031
276801,988,1030
276802,991,1033
276803,993,1034
276804,993,1033
276805,990,1033
276806,987,1027
276807,990,1030
276808,991,1029
276809,994,1031
276810,996,1028
276811,993,1023
276812,990,1020
276813,986,1022
276814,989,1023
276815,993,1026
276816,997,1022
276817,995,1017
276818,994,1012
276819,993,1013
276820,995,1013
276821,998,1014
276822,998,1011
276823,999,1008
276824,1001,1004
276825,1002,1003
276826,1003,1003
276827,1008,1003
276828,1011,1002
276829,1011,995
276830,1008,994
276831,1009,992
276832,1013,992
276833,1013,993
276834,1022,990
276835,1024,988
276836,1020,984
276837,1018,982
276838,1017,983
276839,1021,986
276840,1024,984
276841,1027,985
276842,1029,983
276843,1027,983
276844,1030,981
276845,1031,986
276846,1035,985
276847,1033,981
276848,1031,982
276849,1031,982
276850,1035,983
276851,1035,987
276852,1041,987
276853,1042,986
276854,1041,984
276855,1037,984
276856,1038,989
276857,1039,993
276858,1037,994
276859,1035,995
276860,1032,996
276861,1031,998
276862,1029,1006
276863,1032,1011
276864,1035,1015
276865,1029,1015
276866,1026,1014
276867,1022,1019
276868,1022,1020
276869,1022,1027
276870,1023,1028
276871,1021,1029
276872,1018,1027
276873,1015,1029
276874,1016,1031
276875,1018,1035
276876,1019,1036
276877,1017,1035
276878,1013,1034
276879,1013,1033
276880,1017,1036
276881,1018,1038
276882,1019,1039
276883,1017,1035
276884,1013,1036
276885,1014,1038
276886,1012,1038
276887,1012,1041
276888,1017,1039
276889,1016,1035
276890,1016,1033
276891,1011,1034
276892,1013,1037
276893,1017,1034
276894,1018,1037
276895,1016,1033
276896,1013,1029
276897,1013,1028
276898,1014,1031
276899,1016,1035
276900,1022,1033
276901,1021,1031
276902,1017,1026
276903,1019,1026
276904,1017,1030
276905,1017,1031
276906,1018,1031
276907,1018,1029
276908,1015,1026
276909,1011,1025
276910,1014,1027
276911,1016,1028
276912,1019,1030
276913,1018,1027
276914,1014,1026
276915,1012,1026
276916,1010,1029
276917,1013,1030
276918,1016,1032
276919,1016,1028
276920,1013,1026
276921,1010,1028
276922,1011,1029
276923,1014,1034
276924,1016,1031
276925,1018,1028
276926,1014,1025
276927,1014,1025
276928,1013,1027
276929,1017,1028
276930,1021,1028
276931,1020,1024
276932,1012,1022
276933,1007,1022
276934,1009,1026
276935,1013,1028
276936,1016,1027
276937,1016,1028
276938,1013,1022
276939,1012,1025
276940,1013,1028
276941,1015,1030
276942,1014,1029
276943,1012,1027
276944,1013,1024
276945,1011,1024
276946,1014,1028
276947,1016,1030
276948,1018,1030
276949,1015,1028
276950,1011,1026
276951,1010,1027
276952,1011,1029
276953,1011,1035
276954,1013,1036
276955,1017,1037
276956,1013,1033
276957,1012,1034
276958,1015,1036
276959,1016,1038
276960,1019,1041
276961,1014,1037
276962,1010,1037
276963,1008,1037
276964,1010,1037
276965,1014,1038
276966,1018,1037
276967,1017,1037
276968,1015,1032
276969,1015,1034
276970,1018,1035
276971,1019,1035
276972,1019,1037
276973,1017,1035
276974,1016,1033
276975,1014,1035
276976,1015,1036
276977,1020,1035
276978,1025,1032
276979,1033,1026
276980,1041,1020
276981,1057,1018
276982,1076,1018
276983,1104,1017
276984,1135,1012
276985,1172,1001
276986,1209,986
276987,1250,981
276988,1284,981
276989,1315,992
276990,1328,1008
276991,1313,1021
276992,1274,1026
276993,1217,1027
276994,1160,1036
276995,1102,1050
276996,1047,1061
276997,1001,1065
276998,978,1065
276999,980,1062
277000,991,1053
277001,1001,1047
277002,1006,1037
277003,1003,1032
277004,999,1029
277005,995,1028
277006,994,1030
277007,995,1035
277008,997,1034
277009,998,1032
277010,992,1033
277011,987,1032
277012,988,1036
277013,994,1040
277014,996,1039
277015,992,1036
277016,989,1033
277017,988,1032
277018,989,1037
277019,990,1040
277020,989,1038
277021,988,1038
277022,985,1033
277023,981,1034
277024,985,1039
277025,988,1041
277026,993,1040
277027,992,1039
277028,988,1035
277029,987,1037
277030,989,1037
277031,990,1039
277032,989,1038
277033,989,1035
277034,987,1033
277035,987,1032
277036,988,1032
277037,991,1032
277038,994,1032
277039,989,1026
277040,986,1023
277041,984,1024
277042,984,1024
277043,989,1027
277044,991,1025
277045,990,1022
277046,988,1019
277047,989,1020
277048,990,1020
277049,992,1022
277050,994,1020
277051,991,1018
277052,990,1015
277053,995,1014
277054,998,1014
277055,999,1016
277056,1002,1012
277057,1000,1008
277058,997,1006
277059,996,1006
277060,1000,1008
277061,1003,1009
277062,1007,1008
277063,1010,1005
277064,1010,1001
277065,1008,1002
277066,1011,1002
277067,1016,1003
277068,1019,1005
277069,1019,999
277070,1017,994
277071,1016,996
277072,1020,999
277073,1023,1001
277074,1028,997
277075,1028,995
277076,1023,995
277077,1020,997
277078,1023,998
277079,1026,999
277080,1030,997
277081,1027,994
277082,1023,989
277083,1021,989
277084,1023,993
277085,1023,994
277086,1023,997
277087,1020,997
277088,1020,997
277089,1017,999
277090,1018,1005
277091,1021,1011
277092,1020,1010
277093,1017,1010
277094,1014,1009
277095,1011,1013
277096,1008,1019
277097,1009,1025
277098,1008,1025
277099,1008,1026
277100,1004,1025
277101,1000,1029
277102,999,1032
277103,1001,1036
277104,1008,1039
277105,1007,1038
277106,1004,1034
277107,1001,1038
277108,1000,1036
277109,999,1040
277110,1001,1040
277111,1000,1038
277112,999,1038
277113,1000,1041
277114,1001,1043
277115,1004,1049
277116,1005,1051
277117,1005,1049
277118,1003,1049
277119,1000,1046
277120,1003,1049
277121,1004,1052
277122,1006,1049
277123,1007,1044
277124,1004,1040
277125,1004,1043
277126,1007,1046
277127,1009,1044
277128,1015,1043
277129,1011,1039
277130,1007,1037
277131,1000,1038
277132,1000,1040
277133,1002,1042
277134,1004,1040
277135,1003,1035
277136,1002,1030
277137,998,1029
277138,998,1030
277139,1003,1034
277140,1004,1032
277141,999,1030
277142,997,1028
277143,995,1028
277144,996,1031
277145,999,1035
277146,1001,1033
277147,1001,1028
277148,999,1029
277149,998,1032
277150,999,1033
277151,1001,1038
277152,999,1036
277153,1000,1034
277154,995,1034
277155,995,1034
277156,996,1039
277157,1001,1041
277158,999,1042
277159,997,1037
277160,1000,1034
277161,1002,1036
277162,1004,1035
277163,1004,1037
277164,1004,1036
277165,1005,1032
277166,1003,1030
277167,1001,1029
277168,1004,1031
277169,1005,1036
277170,1008,1035
277171,1005,1037
277172,1002,1035
277173,999,1036
277174,999,1037
277175,1005,1040
277176,1009,1039
277177,1010,1035
277178,1004,1032
277179,998,1031
277180,999,1035
277181,1002,1038
277182,1004,1037
277183,1005,1038
277184,1002,1035
277185,997,1033
277186,999,1032
277187,1001,1036
277188,1002,1037
277189,1000,1034
277190,997,1031
277191,994,1032
277192,993,1036
277193,998,1041
277194,1003,1038
277195,1002,1038
277196,1000,1035
277197,998,1037
277198,998,1041
277199,1004,1041
277200,1005,1040
277201,1003,1039
277202,999,1033
277203,1003,1034
277204,1005,1035
277205,1001,1038
277206,1005,1040
277207,1003,1038
277208,1005,1035
277209,1003,1033
277210,999,1036
277211,1002,1038
277212,1001,1036
277213,999,1036
277214,1001,1031
277215,1000,1033
277216,1008,1035
277217,1012,1035
277218,1021,1028
277219,1028,1021
277220,1034,1015
277221,1045,1015
277222,1064,1017
277223,1090,1018
277224,1124,1013
277225,1159,997
277226,1196,986
277227,1232,983
277228,1271,993
277229,1299,1009
277230,1309,1031
277231,1289,1046
277232,1245,1048
277233,1187,1047
277234,1124,1058
277235,1062,1073
277236,1007,1091
277237,974,1097
277238,964,1093
277239,969,1089
277240,984,1079
277241,995,1064
277242,1002,1048
277243,1001,1038
277244,996,1035
277245,992,1031
277246,993,1032
277247,990,1032
277248,985,1030
277249,984,1030
277250,984,1030
277251,980,1030
277252,980,1030
277253,980,1036
277254,983,1036
277255,982,1036
277256,980,1031
277257,977,1032
277258,978,1034
277259,982,1039
277260,983,1037
277261,981,1034
277262,980,1032
277263,975,1033
277264,978,1035
277265,982,1037
277266,981,1035
277267,979,1035
277268,979,1031
277269,976,1035
277270,977,1035
277271,982,1039
277272,985,1038
277273,983,1037
277274,978,1031
277275,979,1031
277276,983,1034
277277,985,1039
277278,985,1037
277279,980,1033
277280,979,1029
277281,982,1029
277282,985,1030
277283,989,1029
277284,990,1029
277285,991,1028
277286,988,1027
277287,982,1024
277288,987,1027
277289,991,1024
277290,993,1020
277291,992,1020
277292,991,1016
277293,992,1019
277294,995,1019
277295,1000,1017
277296,1002,1012
277297,1001,1011
277298,1001,1009
277299,1001,1007
277300,1006,1004
277301,1008,1003
277302,1010,999
277303,1012,994
277304,1014,994
277305,1014,994
277306,1016,992
277307,1019,994
277308,1022,990
277309,1022,988
277310,1020,987
277311,1016,986
277312,1019,989
277313,1022,989
277314,1027,988
277315,1027,985
277316,1022,982
277317,1019,984
277318,1019,988
277319,1022,992
277320,1027,988
277321,1027,985
277322,1026,984
277323,1029,986
277324,1031,990
277325,1031,994
277326,1027,996
277327,1025,999
277328,1024,997
277329,1023,999
277330,1022,1001
277331,1027,1004
277332,1027,1007
277333,1026,1010
277334,1021,1008
277335,1015,1013
277336,1014,1018
277337,1016,1021
277338,1016,1024
277339,1011,1023
277340,1011,1021
277341,1009,1025
277342,1011,1031
277343,1012,1036
277344,1007,1037
277345,1002,1038
277346,999,1036
277347,998,1037
277348,1001,1042
277349,1002,1044
277350,1003,1043
277351,998,1039
277352,998,1039
277353,997,1040
277354,999,1046
277355,1001,1044
277356,1001,1044
277357,996,1041
277358,992,1038
277359,990,1042
277360,994,1046
277361,996,1046
277362,997,1044
277363,998,1042
277364,998,1040
277365,998,1038
277366,1000,1041
277367,1000,1040
277368,1000,1039
277369,1001,1038
277370,994,1034
277371,998,1034
277372,1000,1036
277373,1004,1040
277374,1005,1039
277375,1002,1039
277376,1000,1034
277377,1001,1035
277378,1001,1036
277379,1001,1039
277380,1006,1036
277381,1004,1034
277382,1003,1033
277383,1002,1032
277384,1002,1038
277385,1005,1039
277386,1004,1037
277387,1004,1035
277388,1003,1034
277389,1001,1035
277390,1003,1035
277391,1007,1036
277392,1008,1035
277393,1003,1033
277394,1000,1032
277395,1000,1036
277396,1004,1038
277397,1006,1042
277398,1009,1041
277399,1007,1038
277400,1003,1036
277401,1002,1037
277402,1003,1039
277403,1005,1043
277404,1007,1044
277405,1007,1039
277406,1005,1035
277407,1002,1036
277408,1001,1039
277409,1000,1041
277410,1000,1040
277411,998,1039
277412,998,1034
277413,998,1036
277414,998,1038
277415,1001,1038
277416,1001,1037
277417,1000,1032
277418,1000,1033
277419,995,1032
277420,995,1035
277421,1001,1036
277422,1004,1035
277423,999,1035
277424,999,1031
277425,996,1032
277426,996,1037
277427,1000,1040
277428,1001,1039
277429,999,1037
277430,998,1034
277431,993,1036
277432,994,1039
277433,999,1045
277434,1001,1043
277435,1000,1039
277436,997,1036
277437,997,1039
277438,998,1039
277439,999,1043
277440,1001,1039
277441,999,1037
277442,996,1035
277443,996,1037
277444,1000,1039
277445,1005,1044
277446,1005,1042
277447,1005,1038
277448,1003,1038
277449,1001,1039
277450,1002,1039
277451,1005,1042
277452,1008,1037
277453,1011,1036
277454,1014,1030
277455,1028,1028
277456,1040,1028
277457,1056,1029
277458,1078,1028
277459,1099,1023
277460,1127,1013
277461,1161,1004
277462,1205,998
277463,1247,998
277464,1281,1001
277465,1302,1014
277466,1307,1031
277467,1284,1042
277468,1243,1047
277469,1190,1050
277470,1133,1058
277471,1072,1068
277472,1013,1079
277473,972,1089
277474,959,1097
277475,968,1096
277476,979,1085
277477,988,1071
277478,988,1060
277479,985,1053
277480,991,1047
277481,994,1047
277482,993,1042
277483,985,1039
277484,977,1039
277485,978,1040
277486,979,1042
277487,980,1047
277488,981,1048
277489,978,1043
277490,974,1041
277491,971,1039
277492,971,1042
277493,972,1044
277494,977,1044
277495,977,1040
277496,971,1040
277497,970,1041
277498,970,1039
277499,972,1044
277500,975,1042
277501,971,1040
277502,969,1036
277503,970,1035
277504,970,1038
277505,969,1043
277506,972,1041
277507,970,1039
277508,971,1039
277509,969,1038
277510,972,1039
277511,975,1044
277512,975,1041
277513,974,1040
277514,971,1035
277515,971,1035
277516,973,1038
277517,975,1039
277518,979,1040
277519,979,1037
277520,978,1034
277521,975,1031
277522,976,1034
277523,978,1035
277524,983,1033
277525,980,1030
277526,979,1027
277527,980,1027
277528,983,1027
277529,987,1029
277530,990,1026
277531,988,1018
277532,986,1018
277533,987,1018
277534,988,1017
277535,992,1016
277536,994,1014
277537,998,1010
277538,996,1005
277539,996,1005
277540,999,1008
277541,1002,1008
277542,1003,1007
277543,1008,1001
277544,1006,996
277545,1009,993
277546,1008,994
277547,1014,999
277548,1016,997
277549,1011,997
277550,1011,995
277551,1011,993
277552,1012,993
277553,1015,998
277554,1020,993
277555,1021,991
277556,1016,989
277557,1017,988
277558,1020,994
277559,1023,996
277560,1024,996
277561,1022,994
277562,1020,995
277563,1017,998
277564,1019,1002
277565,1021,1005
277566,1019,1006
277567,1017,1009
277568,1016,1007
277569,1012,1010
277570,1014,1016
277571,1016,1023
277572,1016,1021
277573,1012,1021
277574,1007,1020
277575,1003,1023
277576,1001,1030
277577,1004,1034
277578,1003,1037
277579,996,1033
277580,990,1033
277581,985,1039
277582,986,1042
277583,990,1044
277584,988,1046
277585,989,1043
277586,986,1044
277587,984,1043
277588,988,1045
277589,987,1049
277590,986,1045
277591,984,1046
277592,980,1045
277593,976,1046
277594,983,1049
277595,981,1050
277596,985,1047
277597,984,1043
277598,983,1046
277599,981,1045
277600,988,1051
277601,988,1051
277602,988,1049
277603,986,1047
277604,983,1046
277605,987,1047
277606,990,1050
277607,994,1052
277608,996,1053
277609,997,1049
277610,990,1046
277611,991,1046
277612,990,1048
277613,995,1049
277614,998,1049
277615,996,1044
277616,993,1045
277617,993,1045
277618,993,1047
277619,997,1049
277620,998,1045
277621,998,1041
277622,996,1039
277623,994,1041
277624,991,1044
277625,996,1043
277626,996,1043
277627,996,1040
277628,994,1036
277629,991,1037
277630,992,1042
277631,995,1043
277632,995,1042
277633,994,1041
277634,992,1036
277635,991,1039
277636,993,1043
277637,994,1045
277638,995,1046
277639,992,1044
277640,989,1041
277641,989,1044
277642,988,1043
277643,988,1048
277644,993,1047
277645,993,1044
277646,989,1040
277647,985,1043
277648,984,1043
277649,990,1046
277650,993,1046
277651,992,1042
277652,987,1042
277653,983,1043
277654,987,1047
277655,990,1046
277656,990,1043
277657,989,1041
277658,986,1041
277659,986,1042
277660,985,1046
277661,990,1049
277662,990,1046
277663,989,1044
277664,984,1041
277665,987,1043
277666,989,1046
277667,989,1047
277668,992,1045
277669,987,1041
277670,986,1038
277671,989,1040
277672,989,1043
277673,991,1044
277674,992,1043
277675,993,1045
277676,991,1039
277677,989,1039
277678,990,1042
277679,995,1045
277680,995,1043
277681,992,1040
277682,991,1038
277683,989,1039
277684,992,1039
277685,997,1042
277686,1006,1039
277687,1011,1033
277688,1017,1027
277689,1027,1028
277690,1049,1030
277691,1074,1033
277692,1101,1029
277693,1129,1020
277694,1156,1010
277695,1187,1004
277696,1222,1005
277697,1259,1010
277698,1287,1016
277699,1298,1029
277700,1287,1045
277701,1251,1053
277702,1201,1058
277703,1151,1061
277704,1093,1068
277705,1030,1078
277706,979,1083
277707,955,1086
277708,957,1089
277709,965,1086
277710,975,1076
277711,979,1062
277712,977,1055
277713,980,1048
277714,976,1048
277715,979,1046
277716,979,1044
277717,974,1042
277718,971,1041
277719,969,1043
277720,970,1048
277721,973,1047
277722,972,1047
277723,972,1042
277724,966,1039
277725,964,1040
277726,966,1046
277727,967,1047
277728,969,1044
277729,964,1040
277730,961,1041
277731,962,1042
277732,964,1045
277733,964,1046
277734,969,1043
277735,967,1042
277736,961,1039
277737,960,1039
277738,959,1042
277739,964,1048
277740,964,1046
277741,963,1044
277742,959,1041
277743,959,1042
277744,961,1044
277745,961,1046
277746,965,1045
277747,963,1041
277748,960,1038
277749,960,1040
277750,964,1041
277751,963,1043
277752,967,1042
277753,965,1039
277754,964,1038
277755,964,1037
277756,967,1040
277757,967,1039
277758,971,1036
277759,970,1035
277760,971,1027
277761,972,1031
277762,974,1032
277763,981,1036
277764,981,1031
277765,979,1026
277766,978,1024
277767,976,1023
277768,980,1024
277769,988,1022
277770,992,1021
277771,994,1018
277772,988,1013
277773,992,1012
277774,996,1014
277775,1002,1017
277776,1001,1013
277777,999,1010
277778,998,1005
277779,999,1003
277780,1000,1004
277781,1000,1005
277782,1002,1003
277783,1004,998
277784,1000,993
277785,997,991
277786,1003,996
277787,1009,999
277788,1011,996
277789,1010,993
277790,1006,991
277791,1005,994
277792,1007,996
277793,1009,999
277794,1011,1001
277795,1011,1000
277796,1009,995
277797,1005,997
277798,1004,1001
277799,1009,1005
277800,1008,1006
277801,1007,1004
277802,1004,1005
277803,1003,1008
277804,1004,1014
277805,1007,1020
277806,1008,1022
277807,1005,1019
277808,1001,1019
277809,999,1021
277810,999,1026
277811,1002,1031
277812,1003,1032
277813,999,1029
277814,995,1030
277815,994,1033
277816,996,1035
277817,995,1037
277818,993,1038
277819,991,1039
277820,986,1038
277821,987,1039
277822,987,1042
277823,989,1046
277824,992,1046
277825,989,1044
277826,985,1043
277827,983,1045
277828,987,1046
277829,988,1050
277830,990,1047
277831,989,1045
277832,985,1041
277833,984,1043
277834,985,1044
277835,986,1047
277836,984,1048
277837,984,1044
277838,981,1040
277839,979,1043
277840,981,1043
277841,981,1045
277842,983,1044
277843,985,1044
277844,982,1041
277845,982,1039
277846,986,1042
277847,990,1044
277848,998,1046
277849,1005,1044
277850,1007,1040
277851,1006,1043
277852,1011,1048
277853,1015,1051
277854,1018,1051
277855,1027,1055
277856,1035,1049
277857,1047,1040
277858,1062,1028
277859,1078,1017
277860,1089,999
277861,1100,985
277862,1110,969
277863,1123,959
277864,1141,948
277865,1159,936
277866,1177,915
277867,1191,891
277868,1204,867
277869,1219,853
277870,1235,842
277871,1247,830
277872,1251,819
277873,1248,813
277874,1241,813
277875,1237,811
277876,1236,810
277877,1235,812
277878,1221,809
277879,1201,805
277880,1180,805
277881,1155,811
277882,1136,818
277883,1115,827
277884,1093,838
277885,1072,847
277886,1052,859
277887,1041,877
277888,1036,891
277889,1037,910
277890,1035,924
277891,1029,935
277892,1026,944
277893,1021,957
277894,1034,971
277895,1050,984
277896,1067,990
277897,1081,994
277898,1085,995
277899,1073,998
277900,1049,1005
277901,1015,1019
277902,975,1026
277903,946,1036
277904,928,1045
277905,921,1058
277906,915,1074
277907,917,1083
277908,914,1086
277909,906,1088
277910,899,1089
277911,894,1092
277912,892,1096
277913,894,1099
277914,890,1099
277915,890,1100
277916,883,1101
277917,887,1104
277918,885,1107
277919,886,1112
277920,885,1112
277921,879,1116
277922,875,1118
277923,875,1117
277924,877,1121
277925,876,1127
277926,874,1130
277927,872,1131
277928,870,1131
277929,869,1136
277930,867,1136
277931,867,1143
277932,868,1146
277933,867,1145
277934,863,1146
277935,862,1147
277936,863,1153
277937,864,1158
277938,862,1162
277939,861,1161
277940,860,1162
277941,857,1163
277942,859,1169
277943,859,1172
277944,862,1175
277945,859,1174
277946,855,1172
277947,856,1175
277948,860,1181
277949,864,1184
277950,865,1186
277951,863,1186
277952,865,1185
277953,864,1186
277954,871,1190
277955,876,1190
277956,879,1191
277957,880,1185
277958,880,1185
277959,883,1185
277960,887,1184
277961,894,1185
277962,897,1181
277963,902,1175
277964,906,1171
277965,907,1169
277966,915,1168
277967,921,1164
277968,924,1157
277969,926,1152
277970,926,1143
277971,930,1138
277972,934,1133
277973,939,1130
277974,942,1126
277975,946,1117
277976,946,1112
277977,948,1106
277978,950,1105
277979,953,1102
277980,955,1095
277981,954,1087
277982,951,1080
277983,952,1081
277984,953,1078
277985,957,1077
277986,958,1073
277987,958,1068
277988,955,1063
277989,956,1062
277990,955,1062
277991,958,1063
277992,961,1063
277993,959,1057
277994,956,1051
277995,955,1052
277996,958,1056
277997,957,1056
277998,959,1053
277999,957,1053
278000,957,1051
278001,955,1052
278002,955,1051
278003,957,1053
278004,959,1051
278005,957,1046
278006,955,1046
278007,954,1048
278008,955,1049
278009,958,1054
278010,959,1051
278011,957,1048
278012,952,1046
278013,952,1047
278014,957,1048
278015,960,1051
278016,961,1049
278017,962,1048
278018,961,1045
278019,962,1044
278020,964,1044
278021,966,1047
278022,965,1046
278023,966,1046
278024,966,1043
278025,962,1039
278026,966,1043
278027,968,1048
278028,969,1049
278029,967,1044
278030,965,1042
278031,964,1041
278032,964,1041
278033,965,1043
278034,968,1038
278035,963,1030
278036,959,1029
278037,956,1031
278038,960,1031
278039,962,1032
278040,962,1031
278041,957,1031
278042,959,1033
278043,957,1036
278044,961,1037
278045,962,1038
278046,964,1033
278047,962,1030
278048,957,1027
278049,958,1028
278050,958,1030
278051,962,1035
278052,962,1036
278053,961,1033
278054,958,1033
278055,956,1034
278056,959,1037
278057,964,1039
278058,967,1036
278059,965,1033
278060,962,1032
278061,961,1034
278062,961,1035
278063,966,1039
278064,967,1038
278065,968,1037
278066,963,1034
278067,962,1035
278068,963,1040
278069,966,1043
278070,967,1042
278071,965,1039
278072,961,1039
278073,960,1037
278074,963,1041
278075,966,1043
278076,966,1040
278077,966,1036
278078,964,1031
278079,961,1033
278080,961,1035
278081,964,1039
278082,963,1039
278083,964,1038
278084,960,1036
278085,960,1034
278086,959,1037
278087,964,1038
278088,966,1036
278089,963,1035
278090,959,1031
278091,960,1034
278092,960,1039
278093,963,1041
278094,961,1040
278095,957,1035
278096,959,1033
278097,958,1033
278098,961,1037
278099,965,1040
278100,966,1040
278101,964,1037
278102,962,1036
278103,959,1037
278104,960,1040
278105,964,1043
278106,966,1040
278107,966,1038
278108,961,1035
278109,962,1036
278110,962,1039
278111,965,1043
278112,968,1043
278113,965,1042
278114,962,1041
278115,961,1040
278116,965,1044
278117,968,1047
278118,969,1042
278119,968,1039
278120,965,1036
278121,965,1036
278122,969,1038
278123,973,1039
278124,973,1035
278125,970,1030
278126,966,1030
278127,968,1030
278128,971,1033
278129,976,1036
278130,975,1034
278131,970,1034
278132,968,1033
278133,970,1033
278134,969,1038
278135,970,1041
278136,970,1037
278137,967,1037
278138,967,1036
278139,968,1038
278140,971,1039
278141,974,1039
278142,973,1034
278143,971,1032
278144,966,1028
278145,965,1031
278146,965,1033
278147,968,1035
278148,967,1033
278149,967,1032
278150,964,1030
278151,964,1033
278152,964,1037
278153,969,1039
278154,973,1038
278155,971,1033
278156,974,1028
278157,980,1026
278158,994,1026
278159,1010,1023
278160,1024,1020
278161,1041,1013
278162,1064,1010
278163,1092,1007
278164,1129,1001
278165,1161,993
278166,1193,989
278167,1222,990
278168,1243,997
278169,1259,1017
278170,1256,1037
278171,1236,1048
278172,1188,1052
278173,1132,1054
278174,1077,1059
278175,1027,1066
278176,987,1073
278177,960,1076
278178,951,1073
278179,951,1070
278180,956,1060
278181,962,1051
278182,967,1047
278183,969,1045
278184,964,1036
278185,960,1032
278186,956,1029
278187,951,1027
278188,951,1033
278189,953,1040
278190,953,1043
278191,950,1040
278192,949,1042
278193,948,1045
278194,949,1050
278195,948,1050
278196,948,1040
278197,943,1031
278198,942,1026
278199,937,1025
278200,939,1026
278201,941,1032
278202,941,1031
278203,941,1030
278204,940,1028
278205,941,1032
278206,945,1036
278207,948,1040
278208,949,1041
278209,948,1039
278210,946,1037
278211,947,1037
278212,950,1040
278213,956,1040
278214,952,1039
278215,947,1037
278216,945,1037
278217,947,1035
278218,948,1038
278219,954,1038
278220,953,1035
278221,949,1032
278222,947,1032
278223,948,1031
278224,950,1035
278225,951,1033
278226,952,1034
278227,954,1032
278228,951,1028
278229,952,1030
278230,952,1029
278231,954,1030
278232,954,1029
278233,954,1027
278234,951,1023
278235,955,1022
278236,958,1023
278237,961,1024
278238,964,1020
278239,962,1018
278240,961,1014
278241,961,1014
278242,964,1014
278243,966,1016
278244,971,1013
278245,972,1007
278246,968,1001
278247,969,1003
278248,972,1003
278249,976,1004
278250,977,1003
278251,975,997
278252,971,998
278253,970,996
278254,975,998
278255,984,1004
278256,987,1002
278257,988,999
278258,983,998
278259,982,999
278260,985,1002
278261,990,1004
278262,990,997
278263,990,996
278264,992,993
278265,991,995
278266,994,996
278267,1002,1001
278268,1006,999
278269,1007,999
278270,1005,998
278271,1003,997
278272,1005,1004
278273,1005,1005
278274,1004,1006
278275,1008,1003
278276,1005,1002
278277,1005,1005
278278,1007,1011
278279,1009,1015
278280,1008,1016
278281,1004,1014
278282,997,1012
278283,996,1014
278284,995,1019
278285,999,1022
278286,995,1023
278287,991,1024
278288,990,1025
278289,989,1023
278290,988,1028
278291,990,1033
278292,988,1030
278293,980,1034
278294,978,1030
278295,978,1034
278296,975,1039
278297,977,1040
278298,975,1036
278299,971,1035
278300,969,1031
278301,969,1036
278302,973,1037
278303,978,1041
278304,978,1043
278305,976,1042
278306,976,1041
278307,979,1042
278308,982,1047
278309,987,1047
278310,983,1046
278311,982,1043
278312,977,1036
278313,975,1040
278314,974,1042
278315,975,1045
278316,977,1047
278317,976,1042
278318,977,1042
278319,974,1042
278320,979,1043
278321,983,1042
278322,985,1039
278323,987,1037
278324,986,1035
278325,985,1035
278326,987,1034
278327,987,1035
278328,986,1033
278329,983,1030
278330,985,1029
278331,984,1028
278332,983,1030
278333,980,1033
278334,978,1031
278335,974,1031
278336,975,1029
278337,977,1032
278338,980,1035
278339,983,1036
278340,977,1033
278341,974,1031
278342,970,1031
278343,969,1033
278344,969,1035
278345,973,1039
278346,974,1037
278347,975,1034
278348,971,1035
278349,971,1036
278350,973,1039
278351,976,1043
278352,977,1041
278353,976,1036
278354,975,1034
278355,977,1033
278356,981,1037
278357,983,1038
278358,983,1040
278359,980,1034
278360,977,1033
278361,975,1035
278362,977,1035
278363,982,1036
278364,982,1036
278365,977,1030
278366,976,1031
278367,977,1034
278368,979,1034
278369,982,1035
278370,983,1034
278371,979,1029
278372,976,1029
278373,975,1031
278374,976,1033
278375,978,1034
278376,977,1033
278377,974,1031
278378,973,1028
278379,973,1032
278380,971,1034
278381,971,1036
278382,972,1033
278383,971,1031
278384,970,1030
278385,968,1032
278386,967,1033
278387,968,1035
278388,970,1035
278389,971,1034
278390,965,1034
278391,964,1034
278392,966,1038
278393,971,1040
278394,973,1038
278395,968,1036
278396,965,1037
278397,964,1040
278398,968,1042
278399,969,1045
278400,970,1044
278401,968,1040
278402,967,1039
278403,966,1040
278404,964,1043
278405,968,1043
278406,968,1043
278407,966,1041
278408,966,1039
278409,967,1037
278410,969,1039
278411,976,1042
278412,976,1037
278413,975,1035
278414,967,1033
278415,966,1033
278416,968,1037
278417,969,1036
278418,969,1034
278419,968,1035
278420,966,1033
278421,967,1034
278422,965,1039
278423,971,1039
278424,967,1038
278425,968,1034
278426,966,1031
278427,965,1035
278428,968,1034
278429,970,1039
278430,970,1037
278431,967,1036
278432,967,1032
278433,969,1035
278434,973,1037
278435,974,1040
278436,974,1036
278437,972,1036
278438,970,1036
278439,971,1038
278440,969,1042
278441,972,1045
278442,968,1042
278443,966,1042
278444,964,1040
278445,965,1039
278446,966,1045
278447,969,1048
278448,969,1045
278449,971,1046
278450,968,1043
278451,967,1046
278452,966,1048
278453,969,1048
278454,971,1046
278455,969,1045
278456,965,1042
278457,964,1042
278458,968,1044
278459,969,1043
278460,971,1041
278461,971,1035
278462,968,1034
278463,970,1033
278464,972,1034
278465,975,1035
278466,976,1036
278467,975,1033
278468,975,1031
278469,974,1031
278470,980,1032
278471,984,1030
278472,985,1029
278473,987,1021
278474,992,1018
278475,1003,1018
278476,1019,1020
278477,1042,1019
278478,1064,1015
278479,1091,1009
278480,1126,996
278481,1159,991
278482,1199,992
278483,1233,998
278484,1263,1008
278485,1277,1023
278486,1265,1039
278487,1232,1050
278488,1180,1053
278489,1130,1057
278490,1074,1063
278491,1018,1073
278492,966,1078
278493,939,1082
278494,936,1085
278495,946,1079
278496,960,1066
278497,965,1055
278498,963,1046
278499,960,1041
278500,960,1044
278501,962,1043
278502,963,1040
278503,960,1037
278504,953,1035
278505,951,1034
278506,953,1037
278507,955,1040
278508,956,1039
278509,950,1036
278510,946,1035
278511,946,1038
278512,952,1042
278513,954,1042
278514,953,1038
278515,950,1038
278516,947,1036
278517,942,1037
278518,944,1041
278519,948,1043
278520,950,1040
278521,948,1039
278522,948,1035
278523,951,1036
278524,951,1040
278525,949,1039
278526,950,1039
278527,949,1035
278528,949,1036
278529,950,1034
278530,952,1038
278531,957,1040
278532,955,1039
278533,955,1036
278534,950,1035
278535,951,1035
278536,954,1037
278537,959,1039
278538,959,1036
278539,956,1031
278540,953,1032
278541,950,1034
278542,954,1035
278543,955,1036
278544,957,1035
278545,952,1032
278546,950,1027
278547,950,1029
278548,952,1030
278549,958,1029
278550,956,1024
278551,956,1020
278552,953,1020
278553,958,1019
278554,960,1020
278555,963,1022
278556,966,1020
278557,965,1014
278558,966,1014
278559,967,1011
278560,973,1012
278561,973,1014
278562,975,1011
278563,976,1006
278564,974,1004
278565,974,1006
278566,978,1007
278567,981,1008
278568,982,1006
278569,982,1003
278570,980,998
278571,982,1001
278572,983,1002
278573,989,1003
278574,988,1002
278575,986,999
278576,982,997
278577,982,999
278578,988,1002
278579,991,1001
278580,993,1000
278581,994,998
278582,993,998
278583,993,1000
278584,995,1003
278585,996,1005
278586,995,1006
278587,988,1005
278588,988,1005
278589,987,1010
278590,987,1015
278591,989,1016
278592,985,1020
278593,985,1019
278594,979,1022
278595,978,1025
278596,980,1029
278597,980,1032
278598,979,1031
278599,978,1028
278600,970,1030
278601,969,1030
278602,969,1035
278603,969,1040
278604,970,1040
278605,967,1039
278606,961,1037
278607,960,1038
278608,962,1043
278609,967,1045
278610,965,1046
278611,967,1043
278612,962,1044
278613,963,1047
278614,965,1049
278615,967,1052
278616,967,1050
278617,964,1046
278618,964,1047
278619,962,1049
278620,964,1052
278621,969,1053
278622,971,1054
278623,968,1050
278624,966,1047
278625,964,1044
278626,967,1049
278627,968,1048
278628,969,1046
278629,967,1043
278630,965,1040
278631,963,1043
278632,966,1046
278633,968,1048
278634,975,1042
278635,974,1039
278636,970,1035
278637,968,1037
278638,970,1041
278639,973,1043
278640,975,1037
278641,973,1034
278642,969,1033
278643,970,1035
278644,970,1037
278645,971,1038
278646,970,1038
278647,968,1037
278648,964,1035
278649,966,1036
278650,971,1040
278651,974,1040
278652,975,1037
278653,974,1034
278654,971,1032
278655,970,1033
278656,973,1038
278657,974,1038
278658,972,1036
278659,971,1036
278660,970,1035
278661,969,1036
278662,976,1041
278663,977,1044
278664,979,1039
278665,978,1041
278666,974,1036
278667,974,1038
278668,970,1041
278669,969,1044
278670,970,1044
278671,970,1040
278672,966,1039
278673,967,1039
278674,967,1040
278675,966,1044
278676,967,1042
278677,964,1039
278678,964,1035
278679,965,1038
278680,967,1040
278681,970,1042
278682,970,1039
278683,966,1039
278684,963,1036
278685,961,1037
278686,965,1041
278687,970,1044
278688,968,1042
278689,964,1038
278690,958,1039
278691,961,1041
278692,963,1044
278693,967,1046
278694,964,1044
278695,964,1044
278696,962,1039
278697,961,1041
278698,964,1044
278699,967,1042
278700,966,1041
278701,963,1038
278702,963,1036
278703,963,1040
278704,965,1041
278705,966,1041
278706,967,1039
278707,962,1037
278708,961,1036
278709,962,1036
278710,966,1040
278711,969,1040
278712,973,1040
278713,967,1037
278714,967,1037
278715,962,1038
278716,966,1040
278717,967,1043
278718,970,1041
278719,969,1038
278720,964,1036
278721,966,1038
278722,970,1040
278723,972,1041
278724,973,1040
278725,970,1037
278726,967,1037
278727,966,1037
278728,969,1039
278729,970,1039
278730,971,1042
278731,969,1039
278732,966,1037
278733,965,1037
278734,970,1039
278735,973,1039
278736,974,1037
278737,978,1029
278738,983,1025
278739,1000,1026
278740,1020,1025
278741,1046,1025
278742,1075,1020
278743,1104,1010
278744,1140,998
278745,1181,992
278746,1220,994
278747,1255,1004
278748,1275,1018
278749,1265,1030
278750,1233,1039
278751,1181,1043
278752,1125,1052
278753,1062,1062
278754,1002,1069
278755,957,1071
278756,938,1070
278757,944,1065
278758,957,1058
278759,966,1048
278760,968,1039
278761,960,1034
278762,956,1033
278763,954,1035
278764,956,1036
278765,957,1039
278766,956,1039
278767,950,1039
278768,949,1036
278769,948,1037
278770,949,1042
278771,949,1042
278772,947,1044
278773,945,1043
278774,944,1042
278775,945,1042
278776,946,1044
278777,948,1045
278778,949,1040
278779,944,1037
278780,937,1037
278781,938,1039
278782,942,1040
278783,945,1042
278784,948,1040
278785,946,1040
278786,946,1038
278787,945,1038
278788,949,1041
278789,948,1043
278790,949,1040
278791,948,1039
278792,946,1036
278793,946,1040
278794,947,1041
278795,949,1040
278796,952,1037
278797,951,1032
278798,948,1029
278799,947,1028
278800,949,1031
278801,953,1032
278802,952,1029
278803,953,1024
278804,953,1025
278805,955,1025
278806,958,1024
278807,958,1023
278808,958,1022
278809,959,1018
278810,959,1016
278811,962,1017
278812,967,1018
278813,971,1020
278814,973,1015
278815,972,1011
278816,971,1009
278817,974,1010
278818,978,1010
278819,981,1010
278820,983,1006
278821,982,1004
278822,981,1000
278823,982,1001
278824,987,1003
278825,992,1004
278826,993,1002
278827,989,1000
278828,984,997
278829,984,998
278830,983,1002
278831,988,1003
278832,992,1002
278833,990,996
278834,990,994
278835,987,996
278836,991,1000
278837,994,1000
278838,996,1001
278839,995,1000
278840,990,999
278841,990,1004
278842,991,1006
278843,994,1010
278844,989,1010
278845,987,1008
278846,982,1008
278847,981,1010
278848,981,1015
278849,984,1016
278850,980,1020
278851,978,1021
278852,973,1020
278853,973,1023
278854,973,1029
278855,974,1032
278856,971,1032
278857,969,1031
278858,966,1028
278859,966,1031
278860,967,1035
278861,968,1037
278862,968,1036
278863,965,1033
278864,959,1032
278865,958,1035
278866,958,1039
278867,960,1039
278868,962,1041
278869,960,1038
278870,958,1037
278871,955,1043
278872,957,1044
278873,961,1042
278874,960,1041
278875,956,1040
278876,955,1040
278877,956,1040
278878,956,1043
278879,961,1043
278880,959,1041
278881,955,1037
278882,953,1035
278883,953,1037
278884,956,1037
278885,957,1039
278886,957,1036
278887,954,1035
278888,954,1031
278889,957,1036
278890,962,1035
278891,963,1035
278892,964,1037
278893,962,1031
278894,958,1035
278895,956,1037
278896,960,1038
278897,966,1040
278898,967,1035
278899,965,1032
278900,960,1033
278901,962,1034
278902,965,1037
278903,968,1038
278904,968,1039
278905,967,1036
278906,967,1034
278907,968,1036
278908,969,1039
278909,971,1040
278910,968,1039
278911,968,1035
278912,966,1034
278913,963,1037
278914,963,1040
278915,968,1041
278916,970,1040
278917,967,1039
278918,966,1039
278919,968,1041
278920,971,1044
278921,972,1046
278922,965,1043
278923,962,1042
278924,960,1041
278925,962,1042
278926,964,1044
278927,968,1044
278928,968,1043
278929,965,1038
278930,962,1036
278931,961,1037
278932,963,1036
278933,963,1039
278934,966,1037
278935,964,1036
278936,963,1035
278937,963,1034
278938,965,1037
278939,966,1039
278940,965,1037
278941,963,1034
278942,961,1035
278943,960,1036
278944,964,1040
278945,968,1041
278946,969,1036
278947,964,1035
278948,965,1029
278949,964,1036
278950,966,1037
278951,968,1039
278952,967,1038
278953,966,1036
278954,964,1034
278955,964,1036
278956,966,1038
278957,968,1040
278958,966,1037
278959,965,1036
278960,963,1037
278961,962,1037
278962,966,1040
278963,971,1040
278964,972,1036
278965,972,1033
278966,973,1029
278967,984,1027
278968,996,1025
278969,1014,1026
278970,1029,1025
278971,1053,1021
278972,1081,1017
278973,1120,1011
278974,1163,1002
278975,1207,996
278976,1246,993
278977,1278,1001
278978,1293,1017
278979,1279,1033
278980,1239,1041
278981,1181,1042
278982,1116,1048
278983,1056,1056
278984,996,1062
278985,959,1065
278986,947,1067
278987,950,1059
278988,958,1048
278989,962,1039
278990,960,1034
278991,957,1034
278992,957,1036
278993,957,1035
278994,955,1033
278995,953,1033
278996,948,1031
278997,946,1032
278998,945,1038
278999,945,1038
279000,944,1038
279001,941,1032
279002,938,1035
279003,939,1036
279004,942,1038
279005,944,1039
279006,942,1040
279007,942,1038
279008,937,1038
279009,938,1038
279010,942,1042
279011,945,1041
279012,943,1043
279013,943,1040
279014,938,1039
279015,939,1039
279016,942,1043
279017,945,1044
279018,943,1043
279019,942,1040
279020,941,1036
279021,944,1043
279022,946,1044
279023,949,1044
279024,950,1044
279025,947,1040
279026,944,1038
279027,945,1040
279028,947,1040
279029,949,1043
279030,952,1041
279031,951,1039
279032,951,1035
279033,951,1035
279034,953,1036
279035,955,1034
279036,958,1035
279037,957,1024
279038,954,1023
279039,954,1023
279040,956,1024
279041,959,1020
279042,959,1017
279043,956,1014
279044,952,1011
279045,953,1014
279046,957,1012
279047,963,1013
279048,963,1009
279049,967,1006
279050,969,1004
279051,967,1001
279052,967,1004
279053,973,1006
279054,973,1001
279055,975,997
279056,974,996
279057,976,998
279058,979,999
279059,984,1002
279060,984,999
279061,980,996
279062,982,994
279063,982,997
279064,984,997
279065,990,999
279066,988,1000
279067,984,998
279068,982,1000
279069,985,1000
279070,987,1005
279071,991,1004
279072,991,1006
279073,991,1004
279074,989,1005
279075,987,1008
279076,987,1012
279077,988,1014
279078,985,1017
279079,982,1016
279080,978,1017
279081,975,1022
279082,975,1024
279083,976,1028
279084,974,1027
279085,968,1025
279086,964,1024
279087,961,1028
279088,963,1031
279089,964,1034
279090,962,1035
279091,958,1034
279092,954,1034
279093,949,1035
279094,953,1037
279095,955,1041
279096,951,1039
279097,948,1038
279098,948,1039
279099,948,1041
279100,951,1045
279101,951,1045
279102,950,1045
279103,948,1042
279104,945,1042
279105,946,1044
279106,949,1048
279107,950,1049
279108,950,1048
279109,951,1046
279110,950,1047
279111,949,1051
279112,955,1051
279113,959,1049
279114,960,1044
279115,955,1041
279116,955,1039
279117,954,1042
279118,956,1041
279119,957,1044
279120,958,1039
279121,956,1039
279122,953,1035
279123,952,1039
279124,953,1040
279125,957,1040
279126,957,1038
279127,956,1034
279128,953,1033
279129,950,1034
279130,956,1035
279131,956,1037
279132,956,1034
279133,952,1032
279134,950,1030
279135,952,1034
279136,954,1035
279137,956,1035
279138,957,1033
279139,958,1033
279140,954,1032
279141,954,1032
279142,957,1036
279143,959,1038
279144,955,1033
279145,954,1032
279146,951,1031
279147,953,1035
279148,953,1037
279149,955,1034
279150,950,1035
279151,950,1032
279152,949,1030
279153,947,1034
279154,952,1034
279155,954,1038
279156,952,1036
279157,953,1031
279158,950,1030
279159,949,1033
279160,954,1036
279161,956,1039
279162,956,1035
279163,954,1031
279164,951,1033
279165,950,1034
279166,951,1039
279167,954,1040
279168,954,1037
279169,952,1038
279170,951,1034
279171,949,1036
279172,951,1039
279173,951,1040
279174,952,1039
279175,946,1037
279176,946,1040
279177,947,1037
279178,951,1043
279179,950,1043
279180,952,1041
279181,951,1038
279182,948,1034
279183,949,1034
279184,949,1035
279185,950,1036
279186,951,1038
279187,951,1035
279188,949,1036
279189,949,1036
279190,947,1038
279191,950,1039
279192,951,1036
279193,949,1033
279194,948,1031
279195,947,1033
279196,953,1035
279197,959,1035
279198,958,1031
279199,952,1028
279200,947,1025
279201,948,1027
279202,955,1026
279203,963,1024
279204,971,1015
279205,975,1010
279206,987,1008
279207,1004,1010
279208,1030,1012
279209,1063,1008
279210,1091,995
279211,1127,983
279212,1167,979
279213,1205,981
279214,1239,998
279215,1258,1018
279216,1243,1030
279217,1198,1034
279218,1141,1037
279219,1074,1048
279220,1014,1061
279221,964,1073
279222,927,1077
279223,915,1074
279224,917,1067
279225,934,1056
279226,942,1046
279227,946,1040
279228,943,1035
279229,941,1030
279230,938,1030
279231,936,1032
279232,937,1033
279233,941,1035
279234,941,1031
279235,936,1032
279236,935,1033
279237,933,1034
279238,934,1036
279239,933,1036
279240,935,1034
279241,932,1033
279242,932,1032
279243,932,1033
279244,937,1036
279245,941,1036
279246,936,1033
279247,932,1033
279248,927,1027
279249,927,1031
279250,931,1031
279251,934,1032
279252,934,1030
279253,933,1025
279254,930,1026
279255,928,1025
279256,933,1031
279257,932,1028
279258,928,1029
279259,925,1029
279260,925,1027
279261,926,1031
279262,930,1031
279263,934,1031
279264,936,1031
279265,929,1026
279266,927,1025
279267,930,1027
279268,934,1028
279269,937,1028
279270,936,1023
279271,935,1022
279272,932,1021
279273,934,1023
279274,936,1022
279275,938,1019
279276,940,1016
279277,936,1010
279278,939,1009
279279,943,1008
279280,947,1011
279281,950,1010
279282,952,1008
279283,954,1003
279284,955,1002
279285,956,1001
279286,959,999
279287,966,1002
279288,966,998
279289,966,993
279290,964,990
279291,964,990
279292,969,990
279293,971,991
279294,971,988
279295,969,984
279296,968,983
279297,970,987
279298,977,991
279299,978,993
279300,979,992
279301,975,987
279302,974,987
279303,973,990
279304,974,994
279305,982,996
279306,983,996
279307,980,995
279308,978,992
279309,977,996
279310,978,999
279311,978,1002
279312,975,1004
279313,970,1006
279314,968,1007
279315,969,1014
279316,971,1017
279317,971,1022
279318,967,1020
279319,963,1019
279320,961,1021
279321,956,1026
279322,962,1030
279323,961,1036
279324,961,1036
279325,959,1034
279326,957,1033
279327,954,1031
279328,958,1036
279329,962,1038
279330,962,1039
279331,959,1039
279332,956,1040
279333,953,1038
279334,957,1043
279335,958,1044
279336,957,1042
279337,955,1040
279338,953,1038
279339,953,1040
279340,953,1042
279341,955,1044
279342,954,1041
279343,953,1038
279344,950,1036
279345,951,1039
279346,956,1042
279347,961,1041
279348,960,1039
279349,956,1035
279350,956,1036
279351,952,1035
279352,954,1037
279353,959,1036
279354,955,1036
279355,955,1031
279356,951,1034
279357,950,1035
279358,952,1036
279359,955,1038
279360,953,1036
279361,954,1033
279362,954,1031
279363,955,1032
279364,960,1033
279365,960,1034
279366,959,1031
279367,959,1029
279368,957,1030
279369,956,1032
279370,960,1032
279371,962,1034
279372,963,1035
279373,959,1032
279374,962,1030
279375,960,1034
279376,962,1036
279377,963,1040
279378,961,1037
279379,960,1034
279380,958,1030
279381,957,1032
279382,958,1033
279383,963,1036
279384,959,1036
279385,962,1035
279386,960,1035
279387,961,1037
279388,960,1035
279389,963,1037
279390,962,1035
279391,960,1032
279392,958,1033
279393,957,1036
279394,962,1038
279395,964,1041
279396,962,1038
279397,957,1038
279398,955,1036
279399,956,1036
279400,959,1038
279401,961,1040
279402,960,1040
279403,960,1037
279404,957,1038
279405,957,1041
279406,958,1046
279407,959,1044
279408,955,1040
279409,953,1035
279410,954,1034
279411,955,1036
279412,958,1042
279413,963,1043
279414,962,1042
279415,959,1038
279416,960,1039
279417,961,1038
279418,963,1042
279419,964,1043
279420,964,1044
279421,964,1041
279422,964,1044
279423,962,1041
279424,965,1043
279425,967,1042
279426,965,1039
279427,963,1037
279428,960,1040
279429,961,1043
279430,965,1046
279431,970,1046
279432,966,1043
279433,964,1038
279434,960,1033
279435,957,1035
279436,959,1037
279437,961,1037
279438,963,1035
279439,960,1035
279440,959,1033
279441,957,1035
279442,959,1037
279443,962,1038
279444,960,1037
279445,958,1038
279446,958,1036
279447,960,1039
279448,964,1043
279449,966,1042
279450,969,1041
279451,969,1039
279452,966,1040
279453,969,1042
279454,969,1042
279455,970,1041
279456,969,1041
279457,967,1038
279458,965,1039
279459,963,1042
279460,967,1044
279461,974,1043
279462,972,1043
279463,971,1039
279464,967,1038
279465,965,1042
279466,968,1042
279467,971,1045
279468,973,1042
279469,973,1040
279470,967,1040
279471,969,1042
279472,970,1043
279473,975,1043
279474,971,1045
279475,970,1043
279476,967,1041
279477,968,1043
279478,970,1043
279479,974,1045
279480,971,1041
279481,968,1037
279482,968,1036
279483,968,1039
279484,968,1045
279485,970,1043
279486,970,1043
279487,966,1040
279488,966,1042
279489,966,1045
279490,969,1048
279491,970,1046
279492,970,1045
279493,967,1042
279494,966,1038
279495,963,1042
279496,965,1044
279497,971,1044
279498,969,1042
279499,969,1040
279500,966,1041
279501,967,1043
279502,970,1045
279503,973,1044
279504,972,1045
279505,970,1039
279506,969,1038
279507,967,1042
279508,972,1043
279509,974,1043
279510,974,1043
279511,971,1041
279512,969,1041
279513,968,1043
279514,970,1047
279515,971,1048
279516,971,1045
279517,969,1043
279518,969,1041
279519,968,1041
279520,971,1045
279521,973,1042
279522,973,1042
279523,971,1037
279524,971,1039
279525,971,1039
279526,975,1041
279527,977,1041
279528,976,1042
279529,976,1039
279530,970,1039
279531,970,1040
279532,972,1045
279533,980,1046
279534,978,1045
279535,974,1043
279536,972,1040
279537,972,1040
279538,973,1044
279539,978,1045
279540,977,1044
279541,977,1040
279542,975,1040
279543,975,1041
279544,976,1045
279545,979,1046
279546,979,1044
279547,979,1040
279548,978,1042
279549,978,1041
279550,980,1039
279551,984,1040
279552,982,1036
279553,979,1034
279554,979,1032
279555,979,1036
279556,984,1039
279557,986,1042
279558,989,1041
279559,988,1037
279560,987,1037
279561,993,1034
279562,1002,1036
279563,1014,1034
279564,1024,1029
279565,1039,1025
279566,1055,1024
279567,1078,1020
279568,1107,1021
279569,1141,1010
279570,1173,999
279571,1205,991
279572,1238,988
279573,1269,996
279574,1292,1010
279575,1288,1027
279576,1256,1035
279577,1201,1039
279578,1143,1042
279579,1088,1050
279580,1041,1057
279581,1005,1062
279582,980,1059
279583,971,1052
279584,974,1048
279585,983,1044
279586,990,1041
279587,987,1037
279588,979,1037
279589,972,1037
279590,968,1038
279591,967,1040
279592,967,1038
279593,968,1039
279594,964,1039
279595,959,1039
279596,954,1040
279597,954,1043
279598,955,1044
279599,956,1046
279600,960,1044
279601,957,1040
279602,956,1040
279603,956,1041
279604,956,1044
279605,956,1043
279606,958,1043
279607,956,1039
279608,955,1036
279609,956,1039
279610,959,1043
279611,963,1045
279612,960,1046
279613,956,1041
279614,952,1042
279615,955,1044
279616,958,1047
279617,964,1045
279618,964,1045
279619,965,1041
279620,960,1041
279621,956,1043
279622,959,1046
279623,963,1049
279624,964,1046
279625,958,1043
279626,959,1043
279627,958,1045
279628,960,1050
279629,962,1052
279630,962,1055
279631,964,1056
279632,965,1057
279633,967,1053
279634,970,1046
279635,971,1037
279636,969,1027
279637,962,1023
279638,956,1024
279639,956,1027
279640,961,1032
279641,970,1035
279642,972,1034
279643,969,1029
279644,972,1025
279645,973,1026
279646,976,1027
279647,979,1027
279648,979,1027
279649,979,1027
279650,981,1024
279651,985,1025
279652,991,1023
279653,995,1024
279654,996,1020
279655,998,1015
279656,996,1013
279657,996,1013
279658,997,1016
279659,999,1015
279660,999,1016
279661,1000,1010
279662,1002,1008
279663,1006,1011
279664,1009,1012
279665,1013,1009
279666,1008,1008
279667,1001,1008
279668,993,1009
279669,991,1014
279670,992,1016
279671,998,1020
279672,996,1024
279673,994,1024
279674,993,1033
279675,992,1043
279676,995,1053
279677,1001,1056
279678,1002,1049
279679,1002,1037
279680,999,1028
279681,995,1025
279682,997,1030
279683,1000,1029
279684,1003,1018
279685,1000,1007
279686,999,999
279687,999,998
279688,997,999
279689,998,1007
279690,995,1008
279691,992,1008
279692,989,1006
279693,987,1008
279694,981,1013
279695,987,1019
279696,985,1017
279697,980,1018
279698,977,1023
279699,974,1025
279700,979,1033
279701,980,1036
279702,980,1034
279703,977,1033
279704,977,1038
279705,978,1036
279706,980,1037
279707,982,1037
279708,979,1035
279709,975,1035
279710,973,1034
279711,973,1036
279712,975,1042
279713,979,1042
279714,977,1039
279715,976,1036
279716,972,1033
279717,970,1034
279718,973,1038
279719,973,1042
279720,973,1039
279721,972,1040
279722,967,1039
279723,968,1040
279724,971,1043
279725,981,1048
279726,985,1047
279727,985,1044
279728,983,1044
279729,977,1043
279730,971,1052
279731,968,1070
279732,964,1085
279733,965,1085
279734,969,1063
279735,976,1038
279736,983,1024
279737,987,1019
279738,984,1018
279739,979,1021
279740,976,1024
279741,976,1035
279742,981,1040
279743,984,1037
279744,983,1030
279745,980,1022
279746,980,1021
279747,979,1023
279748,981,1029
279749,985,1032
279750,989,1032
279751,989,1027
279752,989,1029
279753,993,1033
279754,993,1039
279755,994,1042
279756,989,1045
279757,987,1041
279758,978,1036
279759,977,1029
279760,978,1028
279761,981,1031
279762,981,1030
279763,977,1036
279764,975,1046
279765,977,1050
279766,982,1048
279767,985,1037
279768,981,1032
279769,977,1031
279770,973,1036
279771,975,1042
279772,978,1048
279773,982,1052
279774,980,1044
279775,980,1037
279776,980,1030
279777,987,1023
279778,987,1026
279779,987,1026
279780,979,1026
279781,977,1025
279782,969,1026
279783,971,1030
279784,974,1037
279785,976,1036
279786,977,1034
279787,974,1025
279788,972,1025
279789,974,1029
279790,977,1030
279791,979,1036
279792,985,1040
279793,987,1041
279794,977,1038
279795,969,1037
279796,967,1036
279797,970,1041
279798,975,1040
279799,978,1039
279800,981,1036
279801,983,1034
279802,983,1036
279803,984,1041
279804,980,1042
279805,973,1055
279806,966,1071
279807,962,1083
279808,965,1082
279809,968,1071
279810,972,1051
279811,971,1034
279812,972,1022
279813,975,1017
279814,977,1018
279815,978,1015
279816,978,1014
279817,973,1017
279818,973,1019
279819,973,1022
279820,976,1027
279821,981,1026
279822,978,1024
279823,975,1024
279824,976,1023
279825,978,1028
279826,982,1031
279827,984,1031
279828,978,1032
279829,970,1029
279830,967,1031
279831,966,1037
279832,970,1040
279833,977,1040
279834,979,1038
279835,979,1033
279836,985,1033
279837,993,1036
279838,992,1034
279839,982,1034
279840,970,1035
279841,962,1035
279842,955,1039
279843,960,1043
279844,968,1043
279845,968,1043
279846,970,1039
279847,968,1036
279848,968,1037
279849,967,1039
279850,970,1041
279851,975,1042
279852,975,1041
279853,975,1039
279854,973,1038
279855,973,1038
279856,974,1042
279857,978,1042
279858,975,1043
279859,975,1045
279860,973,1046
279861,975,1045
279862,978,1046
279863,981,1049
279864,982,1050
279865,979,1051
279866,976,1061
279867,976,1065
279868,977,1070
279869,981,1074
279870,983,1063
279871,978,1047
279872,980,1030
279873,981,1018
279874,984,1016
279875,984,1008
279876,984,1006
279877,978,1007
279878,976,1013
279879,976,1018
279880,980,1023
279881,986,1028
279882,987,1027
279883,985,1025
279884,980,1024
279885,972,1029
279886,971,1038
279887,972,1038
279888,974,1039
279889,973,1036
279890,972,1035
279891,974,1039
279892,976,1044
279893,984,1043
279894,985,1041
279895,980,1035
279896,971,1035
279897,967,1036
279898,967,1041
279899,970,1040
279900,970,1041
279901,970,1040
279902,968,1039
279903,971,1044
279904,973,1046
279905,977,1049
279906,978,1050
279907,974,1050
279908,971,1057
279909,971,1055
279910,974,1054
279911,981,1043
279912,981,1032
279913,979,1027
279914,977,1031
279915,977,1033
279916,980,1034
279917,986,1028
279918,985,1021
279919,984,1018
279920,982,1022
279921,983,1027
279922,984,1036
279923,987,1041
279924,986,1043
279925,986,1038
279926,985,1034
279927,984,1029
279928,984,1027
279929,987,1027
279930,985,1024
279931,983,1024
279932,980,1027
279933,978,1030
279934,980,1033
279935,982,1037
279936,981,1033
279937,980,1030
279938,973,1033
279939,973,1035
279940,975,1039
279941,978,1037
279942,974,1035
279943,973,1034
279944,973,1033
279945,974,1036
279946,977,1037
279947,977,1039
279948,978,1038
279949,976,1036
279950,973,1034
279951,975,1038
279952,975,1040
279953,978,1041
279954,978,1040
279955,977,1037
279956,978,1038
279957,977,1038
279958,982,1041
279959,983,1043
279960,985,1039
279961,981,1036
279962,978,1037
279963,974,1040
279964,977,1042
279965,980,1046
279966,982,1041
279967,980,1035
279968,980,1027
279969,981,1022
279970,985,1021
279971,989,1025
279972,984,1024
279973,979,1025
279974,972,1028
279975,973,1034
279976,979,1035
279977,984,1034
279978,983,1027
279979,982,1026
279980,981,1028
279981,981,1028
279982,984,1034
279983,985,1036
279984,984,1034
279985,982,1034
279986,978,1032
279987,979,1037
279988,980,1038
279989,985,1040
279990,987,1039
279991,983,1036
279992,980,1036
279993,979,1036
279994,980,1037
279995,984,1039
279996,983,1039
279997,984,1035
279998,980,1037
279999,980,1041
280000,984,1045
280001,986,1043
280002,986,1041
280003,985,1040
280004,983,1036
280005,984,1037
280006,984,1033
280007,987,1030
280008,991,1024
280009,989,1024
280010,987,1022
280011,988,1028
280012,990,1028
280013,994,1031
280014,991,1030
280015,986,1024
280016,983,1026
280017,983,1028
280018,984,1032
280019,989,1032
280020,987,1028
280021,989,1027
280022,985,1026
280023,987,1030
280024,987,1033
280025,986,1036
280026,986,1035
280027,983,1034
280028,981,1034
280029,983,1036
280030,982,1039
280031,987,1037
280032,989,1037
280033,989,1036
280034,988,1034
280035,986,1034
280036,991,1035
280037,994,1034
280038,997,1033
280039,998,1028
280040,1002,1028
280041,1012,1027
280042,1029,1029
280043,1050,1025
280044,1067,1023
280045,1087,1016
280046,1113,1011
280047,1143,1002
280048,1179,995
280049,1214,986
280050,1247,983
280051,1274,985
280052,1289,996
280053,1286,1015
280054,1256,1026
280055,1205,1034
280056,1149,1034
280057,1100,1035
280058,1055,1037
280059,1015,1043
280060,993,1050
280061,985,1049
280062,986,1045
280063,990,1037
280064,995,1032
280065,994,1029
280066,988,1028
280067,989,1031
280068,984,1031
280069,982,1029
280070,978,1031
280071,975,1036
280072,977,1037
280073,977,1040
280074,975,1039
280075,971,1036
280076,964,1037
280077,966,1037
280078,966,1039
280079,970,1037
280080,972,1035
280081,968,1031
280082,961,1031
280083,961,1033
280084,961,1037
280085,964,1040
280086,962,1037
280087,963,1034
280088,960,1034
280089,963,1035
280090,968,1034
280091,971,1034
280092,970,1033
280093,968,1036
280094,966,1038
280095,967,1040
280096,969,1041
280097,974,1040
280098,971,1039
280099,968,1038
280100,967,1037
280101,970,1038
280102,972,1043
280103,973,1042
280104,973,1042
280105,973,1040
280106,972,1038
280107,970,1038
280108,973,1038
280109,975,1034
280110,973,1032
280111,972,1029
280112,969,1027
280113,968,1029
280114,971,1031
280115,975,1036
280116,974,1032
280117,975,1031
280118,971,1031
280119,973,1034
280120,977,1042
280121,982,1042
280122,983,1045
280123,980,1038
280124,982,1031
280125,982,1025
280126,987,1022
280127,990,1018
280128,989,1018
280129,986,1021
280130,985,1027
280131,991,1028
280132,999,1025
280133,1003,1017
280134,1004,1007
280135,1003,1000
280136,1000,1000
280137,1001,1005
280138,1005,1010
280139,1008,1007
280140,1009,1004
280141,1009,998
280142,1006,997
280143,1010,999
280144,1008,1002
280145,1015,1000
280146,1014,1001
280147,1010,998
280148,1009,996
280149,1009,998
280150,1012,1003
280151,1015,1003
280152,1013,1002
280153,1010,1005
280154,1007,1008
280155,1008,1009
280156,1013,1009
280157,1015,1010
280158,1011,1013
280159,1008,1016
280160,1004,1022
280161,1005,1023
280162,1007,1023
280163,1007,1015
280164,1007,1013
280165,1003,1011
280166,1002,1012
280167,998,1017
280168,998,1019
280169,995,1023
280170,995,1026
280171,991,1028
280172,988,1039
280173,986,1051
280174,988,1063
280175,992,1057
280176,988,1046
280177,987,1032
280178,983,1024
280179,984,1023
280180,985,1030
280181,984,1032
280182,986,1034
280183,983,1033
280184,983,1037
280185,982,1042
280186,984,1043
280187,986,1041
280188,983,1037
280189,979,1032
280190,977,1034
280191,978,1036
280192,980,1038
280193,983,1043
280194,983,1042
280195,981,1037
280196,977,1037
280197,978,1044
280198,982,1055
280199,983,1058
280200,984,1052
280201,982,1038
280202,982,1031
280203,981,1028
280204,984,1032
280205,985,1037
280206,984,1042
280207,980,1054
280208,980,1068
280209,979,1083
280210,981,1083
280211,988,1059
280212,989,1032
280213,989,1013
280214,985,1008
280215,986,1018
280216,989,1030
280217,990,1041
280218,989,1038
280219,987,1032
280220,982,1027
280221,981,1035
280222,983,1053
280223,987,1062
280224,989,1057
280225,988,1033
280226,990,1013
280227,990,1006
280228,992,1011
280229,995,1018
280230,990,1025
280231,989,1033
280232,984,1044
280233,987,1058
280234,990,1068
280235,994,1063
280236,991,1047
280237,988,1025
280238,986,1015
280239,987,1023
280240,989,1043
280241,990,1063
280242,986,1072
280243,984,1066
280244,984,1047
280245,988,1022
280246,989,1009
280247,989,1015
280248,987,1026
280249,984,1035
280250,983,1041
280251,982,1043
280252,986,1040
280253,990,1035
280254,990,1031
280255,988,1027
280256,987,1031
280257,988,1036
280258,990,1041
280259,992,1037
280260,993,1033
280261,989,1027
280262,987,1027
280263,985,1028
280264,988,1033
280265,992,1039
280266,990,1042
280267,986,1044
280268,984,1045
280269,985,1050
280270,986,1049
280271,987,1045
280272,985,1042
280273,981,1037
280274,981,1038
280275,981,1039
280276,983,1038
280277,985,1037
280278,981,1041
280279,976,1050
280280,973,1063
280281,975,1067
280282,977,1065
280283,982,1052
280284,981,1037
280285,978,1025
280286,975,1026
280287,976,1032
280288,977,1046
280289,980,1061
280290,981,1065
280291,978,1046
280292,976,1023
280293,976,1011
280294,979,1010
280295,981,1016
280296,980,1021
280297,978,1021
280298,975,1024
280299,978,1027
280300,981,1034
280301,984,1034
280302,983,1036
280303,981,1034
280304,979,1034
280305,979,1037
280306,982,1044
280307,985,1044
280308,986,1043
280309,983,1037
280310,980,1038
280311,982,1038
280312,984,1042
280313,987,1046
280314,982,1048
280315,978,1047
280316,978,1043
280317,981,1044
280318,984,1047
280319,985,1047
280320,984,1042
280321,980,1040
280322,975,1047
280323,975,1071
280324,979,1094
280325,981,1099
280326,984,1076
280327,986,1033
280328,984,994
280329,985,984
280330,988,990
280331,992,999
280332,986,1008
280333,984,1013
280334,980,1021
280335,978,1033
280336,981,1042
280337,981,1037
280338,978,1031
280339,976,1023
280340,974,1022
280341,972,1023
280342,972,1028
280343,973,1029
280344,971,1028
280345,969,1027
280346,967,1033
280347,969,1042
280348,972,1048
280349,977,1049
280350,978,1040
280351,977,1035
280352,976,1032
280353,979,1036
280354,981,1040
280355,981,1044
280356,981,1050
280357,978,1051
280358,978,1055
280359,981,1062
280360,986,1064
280361,987,1055
280362,987,1039
280363,983,1033
280364,980,1034
280365,983,1040
280366,988,1042
280367,989,1045
280368,987,1053
280369,986,1057
280370,984,1054
280371,985,1048
280372,986,1044
280373,989,1045
280374,984,1060
280375,982,1078
280376,981,1085
280377,985,1066
280378,988,1021
280379,992,984
280380,989,972
280381,987,982
280382,983,995
280383,985,1007
280384,985,1014
280385,987,1018
280386,984,1017
280387,982,1013
280388,980,1013
280389,981,1020
280390,985,1027
280391,988,1026
280392,986,1023
280393,985,1018
280394,981,1018
280395,980,1020
280396,980,1026
280397,982,1027
280398,984,1025
280399,982,1024
280400,979,1026
280401,980,1030
280402,980,1033
280403,983,1036
280404,983,1034
280405,976,1037
280406,975,1039
280407,974,1047
280408,980,1052
280409,985,1049
280410,985,1040
280411,982,1031
280412,979,1024
280413,980,1028
280414,986,1035
280415,986,1040
280416,986,1045
280417,982,1048
280418,982,1047
280419,981,1046
280420,985,1035
280421,987,1029
280422,989,1029
280423,986,1030
280424,983,1037
280425,980,1042
280426,984,1048
280427,986,1044
280428,987,1034
280429,988,1026
280430,982,1025
280431,985,1025
280432,986,1031
280433,990,1030
280434,989,1029
280435,986,1029
280436,982,1028
280437,979,1032
280438,983,1039
280439,985,1040
280440,985,1038
280441,983,1035
280442,981,1028
280443,982,1031
280444,985,1034
280445,986,1038
280446,985,1042
280447,981,1044
280448,979,1049
280449,984,1046
280450,985,1040
280451,986,1030
280452,985,1024
280453,983,1027
280454,981,1036
280455,980,1038
280456,981,1034
280457,983,1030
280458,981,1023
280459,981,1018
280460,979,1020
280461,980,1028
280462,981,1040
280463,983,1055
280464,982,1058
280465,983,1040
280466,979,1021
280467,983,1012
280468,984,1017
280469,988,1024
280470,988,1031
280471,987,1033
280472,984,1036
280473,986,1037
280474,986,1036
280475,991,1034
280476,991,1031
280477,990,1029
280478,987,1034
280479,989,1034
280480,991,1037
280481,994,1036
280482,994,1035
280483,995,1034
280484,990,1040
280485,989,1045
280486,989,1044
280487,994,1039
280488,992,1032
280489,991,1026
280490,984,1027
280491,987,1034
280492,987,1039
280493,987,1042
280494,984,1040
280495,979,1034
280496,980,1031
280497,981,1030
280498,983,1031
280499,988,1034
280500,986,1035
280501,982,1034
280502,981,1036
280503,981,1036
280504,982,1037
280505,984,1036
280506,984,1038
280507,981,1038
280508,980,1038
280509,979,1038
280510,983,1034
280511,987,1030
280512,985,1030
280513,984,1034
280514,981,1038
280515,982,1040
280516,986,1036
280517,991,1030
280518,992,1028
280519,990,1024
280520,988,1027
280521,989,1032
280522,995,1034
280523,996,1038
280524,997,1032
280525,994,1028
280526,994,1027
280527,995,1032
280528,1003,1036
280529,1005,1037
280530,1006,1031
280531,1005,1025
280532,1008,1021
280533,1014,1018
280534,1024,1021
280535,1042,1021
280536,1058,1020
280537,1078,1019
280538,1103,1014
280539,1135,1005
280540,1171,995
280541,1202,990
280542,1235,985
280543,1265,987
280544,1278,995
280545,1275,1012
280546,1250,1026
280547,1208,1034
280548,1151,1042
280549,1097,1051
280550,1047,1060
280551,1005,1067
280552,978,1060
280553,970,1053
280554,976,1043
280555,983,1029
280556,985,1020
280557,981,1021
280558,982,1027
280559,980,1032
280560,978,1029
280561,975,1023
280562,971,1023
280563,970,1027
280564,970,1032
280565,973,1034
280566,970,1035
280567,968,1036
280568,966,1037
280569,965,1042
280570,965,1042
280571,969,1039
280572,969,1036
280573,965,1033
280574,964,1036
280575,967,1041
280576,968,1044
280577,972,1043
280578,966,1043
280579,966,1046
280580,963,1052
280581,965,1059
280582,969,1057
280583,973,1047
280584,970,1037
280585,970,1031
280586,965,1035
280587,966,1043
280588,971,1053
280589,974,1059
280590,972,1053
280591,967,1046
280592,963,1038
280593,964,1032
280594,970,1028
280595,971,1027
280596,972,1026
280597,969,1022
280598,965,1026
280599,967,1031
280600,969,1032
280601,971,1031
280602,971,1029
280603,970,1026
280604,970,1025
280605,972,1024
280606,975,1027
280607,978,1026
280608,979,1024
280609,974,1022
280610,972,1019
280611,976,1022
280612,978,1024
280613,982,1021
280614,983,1016
280615,983,1014
280616,981,1018
280617,983,1020
280618,984,1021
280619,987,1018
280620,988,1015
280621,988,1013
280622,989,1015
280623,991,1017
280624,992,1017
280625,999,1019
280626,1001,1019
280627,1000,1015
280628,999,1014
280629,1002,1014
280630,1007,1013
280631,1009,1010
280632,1009,1006
280633,1007,1005
280634,1005,1005
280635,1007,1010
280636,1010,1014
280637,1013,1012
280638,1014,1010
280639,1009,1010
280640,1006,1012
280641,1007,1016
280642,1010,1017
280643,1013,1016
280644,1013,1016
280645,1009,1011
280646,1002,1015
280647,1004,1014
280648,1008,1018
280649,1008,1016
280650,1005,1015
280651,1004,1014
280652,1001,1015
280653,1000,1017
280654,1003,1024
280655,1003,1024
280656,998,1024
280657,995,1023
280658,990,1023
280659,988,1026
280660,988,1031
280661,987,1031
280662,988,1034
280663,982,1031
280664,977,1032
280665,979,1033
280666,981,1039
280667,983,1038
280668,981,1039
280669,980,1037
280670,977,1037
280671,974,1042
280672,981,1044
280673,984,1046
280674,982,1045
280675,983,1043
280676,981,1043
280677,982,1045
280678,983,1049
280679,988,1046
280680,983,1048
280681,981,1047
280682,978,1047
280683,982,1047
280684,983,1050
280685,986,1048
280686,985,1047
280687,982,1043
280688,979,1041
280689,979,1042
280690,981,1046
280691,982,1049
280692,983,1042
280693,979,1044
280694,981,1042
280695,982,1043
280696,984,1042
280697,987,1039
280698,986,1035
280699,986,1034
280700,984,1033
280701,987,1035
280702,990,1035
280703,994,1036
280704,993,1032
280705,992,1028
280706,987,1029
280707,987,1033
280708,990,1031
280709,992,1030
280710,989,1031
280711,988,1029
280712,985,1030
280713,986,1032
280714,989,1034
280715,989,1035
280716,988,1034
280717,984,1031
280718,981,1033
280719,981,1036
280720,985,1038
280721,986,1040
280722,986,1037
280723,985,1033
280724,982,1034
280725,983,1036
280726,984,1040
280727,987,1038
280728,986,1035
280729,981,1036
280730,978,1035
280731,981,1035
280732,981,1038
280733,984,1037
280734,981,1035
280735,979,1033
280736,976,1035
280737,978,1041
280738,976,1045
280739,979,1045
280740,980,1042
280741,976,1039
280742,977,1037
280743,979,1040
280744,982,1040
280745,982,1037
280746,983,1035
280747,980,1035
280748,979,1031
280749,979,1034
280750,980,1037
280751,984,1036
280752,985,1034
280753,980,1031
280754,976,1031
280755,977,1036
280756,979,1038
280757,983,1040
280758,980,1036
280759,976,1037
280760,977,1036
280761,976,1036
280762,978,1037
280763,978,1035
280764,977,1033
280765,975,1030
280766,974,1031
280767,974,1034
280768,975,1039
280769,979,1037
280770,978,1035
280771,975,1034
280772,973,1034
280773,973,1036
280774,973,1038
280775,978,1038
280776,978,1040
280777,976,1038
280778,971,1039
280779,973,1038
280780,976,1038
280781,981,1039
280782,977,1039
280783,974,1035
280784,969,1037
280785,972,1041
280786,975,1041
280787,981,1039
280788,977,1040
280789,976,1035
280790,973,1033
280791,976,1037
280792,981,1038
280793,985,1035
280794,982,1030
280795,979,1029
280796,980,1030
280797,979,1032
280798,982,1034
280799,986,1030
280800,986,1026
280801,990,1019
280802,995,1017
280803,1005,1015
280804,1018,1017
280805,1033,1013
280806,1049,1008
280807,1076,1002
280808,1103,995
280809,1144,987
280810,1184,982
280811,1224,983
280812,1255,996
280813,1270,1018
280814,1262,1044
280815,1229,1059
280816,1184,1063
280817,1125,1066
280818,1063,1073
280819,1002,1085
280820,955,1095
280821,938,1103
280822,951,1098
280823,965,1086
280824,973,1071
280825,975,1059
280826,974,1054
280827,972,1052
280828,969,1049
280829,969,1048
280830,970,1045
280831,967,1042
280832,962,1039
280833,965,1046
280834,967,1043
280835,969,1042
280836,965,1037
280837,961,1034
280838,958,1035
280839,960,1034
280840,961,1038
280841,963,1037
280842,963,1035
280843,959,1033
280844,958,1031
280845,959,1034
280846,961,1037
280847,959,1036
280848,959,1034
280849,959,1028
280850,958,1032
280851,960,1032
280852,960,1035
280853,962,1033
280854,958,1031
280855,956,1031
280856,954,1031
280857,957,1031
280858,958,1033
280859,959,1036
280860,960,1031
280861,960,1028
280862,958,1028
280863,959,1029
280864,960,1032
280865,962,1029
280866,963,1028
280867,961,1023
280868,962,1022
280869,964,1023
280870,967,1028
280871,968,1026
280872,967,1025
280873,965,1024
280874,963,1024
280875,965,1024
280876,968,1024
280877,973,1022
280878,976,1016
280879,975,1012
280880,973,1011
280881,979,1009
280882,983,1010
280883,987,1007
280884,985,1001
280885,981,997
280886,983,993
280887,992,993
280888,995,991
280889,999,990
280890,1000,985
280891,997,983
280892,998,980
280893,1002,980
280894,1003,982
280895,1006,982
280896,1008,978
280897,1005,975
280898,1009,975
280899,1011,978
280900,1011,981
280901,1013,979
280902,1011,978
280903,1007,979
280904,1005,983
280905,1008,985
280906,1009,991
280907,1011,994
280908,1009,993
280909,1007,992
280910,1006,995
280911,1007,998
280912,1009,1001
280913,1014,1004
280914,1008,1008
280915,1002,1005
280916,1001,1013
280917,999,1018
280918,1001,1024
280919,1001,1028
280920,995,1028
280921,990,1027
280922,986,1028
280923,987,1032
280924,989,1037
280925,990,1037
280926,985,1039
280927,981,1040
280928,981,1041
280929,980,1045
280930,982,1045
280931,983,1044
280932,980,1041
280933,979,1036
280934,977,1036
280935,976,1039
280936,980,1043
280937,985,1043
280938,982,1042
280939,980,1038
280940,980,1043
280941,982,1044
280942,989,1047
280943,994,1046
280944,997,1042
280945,997,1041
280946,1002,1048
280947,1005,1053
280948,1014,1057
280949,1021,1058
280950,1024,1057
280951,1028,1053
280952,1043,1046
280953,1062,1036
280954,1079,1023
280955,1090,1005
280956,1100,985
280957,1115,968
280958,1129,953
280959,1143,941
280960,1156,931
280961,1175,914
280962,1188,893
280963,1206,870
280964,1227,856
280965,1244,849
280966,1257,845
280967,1265,846
280968,1264,848
280969,1257,853
280970,1254,860
280971,1252,863
280972,1247,868
280973,1239,879
280974,1227,896
280975,1208,911
280976,1186,913
280977,1163,908
280978,1142,899
280979,1120,896
280980,1094,897
280981,1070,903
280982,1057,920
280983,1052,936
280984,1050,953
280985,1045,965
280986,1040,974
280987,1030,982
280988,1021,990
280989,1023,1002
280990,1031,1013
280991,1045,1016
280992,1058,1016
280993,1056,1012
280994,1047,1017
280995,1020,1027
280996,991,1038
280997,962,1048
280998,945,1057
280999,933,1065
281000,930,1077
281001,927,1086
281002,928,1094
281003,926,1093
281004,923,1094
281005,917,1095
281006,910,1096
281007,909,1099
281008,908,1100
281009,908,1099
281010,904,1102
281011,900,1099
281012,897,1103
281013,896,1106
281014,898,1108
281015,899,1107
281016,895,1111
281017,891,1108
281018,885,1110
281019,884,1111
281020,884,1116
281021,886,1116
281022,887,1115
281023,884,1113
281024,881,1119
281025,878,1123
281026,879,1128
281027,883,1127
281028,880,1126
281029,876,1126
281030,872,1130
281031,870,1131
281032,875,1137
281033,876,1138
281034,873,1140
281035,871,1141
281036,869,1143
281037,869,1145
281038,871,1151
281039,872,1153
281040,869,1154
281041,868,1158
281042,871,1158
281043,876,1161
281044,878,1166
281045,880,1168
281046,881,1163
281047,879,1162
281048,878,1164
281049,880,1169
281050,883,1172
281051,888,1171
281052,890,1168
281053,889,1165
281054,891,1164
281055,894,1165
281056,902,1165
281057,903,1163
281058,909,1157
281059,909,1156
281060,909,1155
281061,916,1153
281062,922,1151
281063,929,1147
281064,931,1139
281065,934,1130
281066,934,1130
281067,941,1128
281068,948,1129
281069,955,1123
281070,955,1116
281071,955,1109
281072,956,1104
281073,957,1100
281074,962,1096
281075,965,1092
281076,965,1086
281077,965,1082
281078,962,1083
281079,965,1081
281080,967,1082
281081,972,1076
281082,973,1073
281083,968,1065
281084,969,1062
281085,969,1065
281086,973,1064
281087,974,1060
281088,975,1061
281089,974,1056
281090,974,1058
281091,974,1060
281092,980,1059
281093,983,1058
281094,981,1055
281095,980,1052
281096,978,1053
281097,978,1052
281098,983,1055
281099,986,1053
281100,986,1050
281101,981,1048
281102,980,1051
281103,982,1051
281104,985,1054
281105,985,1055
281106,985,1052
281107,981,1049
281108,977,1048
281109,979,1050
281110,981,1055
281111,984,1055
281112,983,1053
281113,983,1050
281114,981,1051
281115,982,1052
281116,985,1057
281117,985,1056
281118,985,1052
281119,983,1049
281120,981,1046
281121,982,1047
281122,985,1051
281123,988,1050
281124,989,1049
281125,985,1049
281126,983,1049
281127,984,1048
281128,989,1051
281129,987,1047
281130,986,1046
281131,985,1046
281132,982,1045
281133,983,1048
281134,988,1051
281135,986,1048
281136,985,1046
281137,981,1044
281138,980,1044
281139,983,1046
281140,986,1051
281141,988,1051
281142,987,1051
281143,987,1047
281144,984,1047
281145,987,1048
281146,988,1051
281147,992,1050
281148,989,1049
281149,987,1046
281150,986,1046
281151,988,1050
281152,990,1056
281153,991,1052
281154,991,1052
281155,985,1048
281156,982,1047
281157,986,1051
281158,991,1055
281159,990,1053
281160,990,1050
281161,986,1047
281162,984,1047
281163,984,1046
281164,984,1045
281165,987,1042
281166,986,1040
281167,985,1035
281168,984,1039
281169,987,1042
281170,988,1042
281171,990,1041
281172,989,1039
281173,984,1039
281174,984,1040
281175,984,1042
281176,985,1044
281177,986,1044
281178,986,1041
281179,984,1039
281180,981,1037
281181,981,1040
281182,981,1043
281183,986,1044
281184,986,1043
281185,981,1041
281186,980,1040
281187,981,1042
281188,986,1045
281189,987,1044
281190,986,1041
281191,984,1040
281192,980,1041
281193,984,1047
281194,989,1046
281195,988,1045
281196,987,1042
281197,983,1041
281198,981,1042
281199,982,1044
281200,985,1048
281201,986,1049
281202,984,1050
281203,983,1048
281204,984,1051
281205,985,1053
281206,988,1053
281207,990,1054
281208,985,1051
281209,982,1049
281210,981,1047
281211,984,1049
281212,991,1047
281213,990,1042
281214,991,1041
281215,988,1035
281216,985,1036
281217,988,1039
281218,990,1041
281219,991,1042
281220,988,1040
281221,984,1037
281222,983,1038
281223,987,1039
281224,989,1045
281225,989,1043
281226,988,1041
281227,985,1039
281228,985,1042
281229,984,1044
281230,986,1047
281231,989,1046
281232,988,1045
281233,986,1041
281234,984,1044
281235,984,1044
281236,986,1046
281237,988,1044
281238,987,1042
281239,985,1042
281240,984,1042
281241,986,1044
281242,989,1047
281243,991,1043
281244,990,1043
281245,985,1040
281246,984,1041
281247,984,1042
281248,988,1048
281249,991,1049
281250,994,1044
281251,990,1044
281252,987,1044
281253,986,1046
281254,990,1049
281255,991,1048
281256,989,1047
281257,986,1046
281258,985,1046
281259,988,1047
281260,989,1044
281261,993,1041
281262,993,1037
281263,987,1035
281264,986,1036
281265,989,1040
281266,994,1043
281267,994,1039
281268,997,1037
281269,993,1034
281270,995,1031
281271,997,1034
281272,1002,1036
281273,1010,1032
281274,1019,1031
281275,1028,1028
281276,1046,1027
281277,1069,1032
281278,1097,1034
281279,1135,1031
281280,1171,1020
281281,1208,1005
281282,1248,996
281283,1286,996
281284,1308,1011
281285,1307,1026
281286,1275,1033
281287,1221,1039
281288,1153,1043
281289,1093,1058
281290,1036,1067
281291,996,1072
281292,973,1069
281293,972,1063
281294,977,1055
281295,989,1048
281296,995,1048
281297,994,1047
281298,988,1043
281299,980,1044
281300,978,1043
281301,976,1047
281302,974,1054
281303,976,1049
281304,974,1048
281305,972,1048
281306,970,1047
281307,972,1049
281308,974,1050
281309,976,1048
281310,974,1044
281311,969,1039
281312,968,1039
281313,969,1041
281314,973,1041
281315,975,1039
281316,975,1039
281317,971,1039
281318,968,1041
281319,970,1044
281320,970,1046
281321,970,1044
281322,973,1042
281323,969,1039
281324,972,1041
281325,973,1045
281326,976,1047
281327,977,1048
281328,975,1046
281329,972,1042
281330,973,1041
281331,974,1042
281332,976,1047
281333,978,1046
281334,978,1042
281335,977,1042
281336,974,1041
281337,978,1047
281338,979,1047
281339,984,1049
281340,979,1045
281341,979,1044
281342,977,1046
281343,981,1050
281344,984,1050
281345,987,1049
281346,987,1044
281347,985,1036
281348,983,1032
281349,987,1033
281350,989,1037
281351,992,1036
281352,990,1032
281353,991,1027
281354,988,1025
281355,991,1026
281356,994,1030
281357,998,1026
281358,998,1022
281359,996,1015
281360,996,1012
281361,996,1010
281362,1000,1009
281363,1004,1010
281364,1003,1008
281365,1000,1005
281366,999,1003
281367,1002,1006
281368,1001,1007
281369,1008,1005
281370,1004,1002
281371,1003,1001
281372,1005,1004
281373,1008,1006
281374,1013,1007
281375,1016,1006
281376,1017,1003
281377,1015,1004
281378,1013,1001
281379,1016,1007
281380,1018,1012
281381,1019,1009
281382,1018,1011
281383,1017,1011
281384,1016,1013
281385,1021,1020
281386,1022,1021
281387,1022,1023
281388,1019,1021
281389,1018,1020
281390,1016,1022
281391,1015,1025
281392,1016,1031
281393,1013,1031
281394,1009,1028
281395,1006,1029
281396,1003,1033
281397,1003,1037
281398,1002,1041
281399,1000,1044
281400,999,1044
281401,995,1043
281402,993,1045
281403,992,1049
281404,994,1054
281405,997,1054
281406,991,1051
281407,989,1049
281408,987,1052
281409,988,1051
281410,987,1055
281411,987,1051
281412,987,1047
281413,984,1044
281414,980,1045
281415,984,1044
281416,986,1048
281417,990,1045
281418,990,1043
281419,986,1039
281420,985,1042
281421,986,1046
281422,991,1050
281423,992,1050
281424,994,1049
281425,992,1047
281426,989,1045
281427,991,1046
281428,994,1047
281429,995,1048
281430,992,1046
281431,987,1056
281432,987,1062
281433,990,1066
281434,996,1061
281435,998,1048
281436,999,1036
281437,996,1032
281438,996,1030
281439,995,1033
281440,997,1036
281441,998,1037
281442,997,1038
281443,997,1041
281444,996,1054
281445,998,1066
281446,999,1074
281447,1002,1068
281448,998,1051
281449,994,1033
281450,992,1021
281451,993,1019
281452,997,1025
281453,996,1026
281454,996,1026
281455,990,1028
281456,987,1031
281457,987,1033
281458,990,1037
281459,991,1037
281460,992,1035
281461,990,1032
281462,988,1035
281463,991,1037
281464,992,1042
281465,996,1040
281466,994,1037
281467,990,1038
281468,989,1038
281469,990,1042
281470,994,1045
281471,998,1044
281472,995,1043
281473,990,1040
281474,991,1042
281475,992,1042
281476,994,1046
281477,994,1045
281478,992,1045
281479,991,1043
281480,989,1044
281481,989,1048
281482,993,1049
281483,995,1048
281484,992,1046
281485,992,1043
281486,986,1043
281487,991,1048
281488,994,1050
281489,994,1050
281490,992,1049
281491,992,1046
281492,990,1049
281493,993,1051
281494,992,1054
281495,994,1050
281496,993,1050
281497,986,1048
281498,986,1048
281499,986,1051
281500,992,1055
281501,993,1054
281502,991,1052
281503,989,1050
281504,989,1052
281505,989,1055
281506,990,1060
281507,993,1058
281508,992,1056
281509,987,1051
281510,986,1047
281511,990,1045
281512,992,1047
281513,995,1046
281514,995,1043
281515,993,1042
281516,994,1043
281517,995,1044
281518,998,1049
281519,1001,1046
281520,999,1042
281521,1001,1037
281522,1001,1035
281523,1006,1035
281524,1020,1037
281525,1029,1034
281526,1040,1028
281527,1057,1026
281528,1077,1024
281529,1107,1019
281530,1141,1013
281531,1182,1003
281532,1217,994
281533,1252,992
281534,1282,1000
281535,1300,1021
281536,1297,1040
281537,1260,1045
281538,1206,1047
281539,1142,1049
281540,1079,1062
281541,1023,1076
281542,982,1084
281543,964,1089
281544,963,1085
281545,975,1074
281546,983,1063
281547,992,1059
281548,995,1055
281549,996,1049
281550,994,1043
281551,991,1039
281552,987,1037
281553,986,1042
281554,989,1044
281555,987,1048
281556,984,1048
281557,979,1047
281558,973,1045
281559,974,1049
281560,978,1055
281561,980,1058
281562,977,1056
281563,973,1055
281564,973,1056
281565,972,1057
281566,975,1059
281567,978,1057
281568,975,1055
281569,974,1050
281570,972,1048
281571,975,1047
281572,977,1049
281573,979,1051
281574,981,1046
281575,978,1047
281576,974,1046
281577,977,1049
281578,979,1052
281579,982,1049
281580,981,1047
281581,978,1044
281582,976,1045
281583,977,1046
281584,981,1048
281585,980,1048
281586,979,1045
281587,976,1040
281588,973,1039
281589,977,1044
281590,978,1048
281591,982,1048
281592,983,1042
281593,980,1039
281594,978,1035
281595,979,1038
281596,984,1040
281597,985,1038
281598,984,1035
281599,982,1033
281600,985,1033
281601,990,1035
281602,997,1035
281603,999,1033
281604,999,1027
281605,996,1024
281606,997,1025
281607,998,1022
281608,1001,1022
281609,1004,1020
281610,1002,1016
281611,1000,1013
281612,1001,1014
281613,1002,1015
281614,1004,1017
281615,1004,1015
281616,1005,1014
281617,999,1010
281618,1001,1006
281619,1006,1008
281620,1009,1011
281621,1012,1006
281622,1013,1003
281623,1010,1001
281624,1010,998
281625,1010,1002
281626,1014,1005
281627,1019,1006
281628,1017,1001
281629,1017,1001
281630,1014,1000
281631,1017,1005
281632,1019,1009
281633,1021,1008
281634,1019,1008
281635,1015,1007
281636,1012,1011
281637,1014,1016
281638,1017,1021
281639,1017,1021
281640,1013,1024
281641,1011,1025
281642,1008,1026
281643,1009,1030
281644,1011,1036
281645,1013,1038
281646,1008,1038
281647,1004,1040
281648,999,1042
281649,998,1047
281650,999,1052
281651,1002,1050
281652,1000,1042
281653,997,1043
281654,994,1047
281655,995,1055
281656,997,1055
281657,997,1052
281658,993,1048
281659,989,1046
281660,987,1048
281661,988,1053
281662,991,1058
281663,991,1056
281664,990,1053
281665,986,1052
281666,986,1052
281667,987,1054
281668,988,1055
281669,987,1051
281670,986,1051
281671,983,1050
281672,985,1049
281673,983,1049
281674,990,1051
281675,992,1050
281676,991,1048
281677,988,1044
281678,986,1045
281679,987,1047
281680,989,1049
281681,991,1047
281682,995,1041
281683,993,1041
281684,993,1039
281685,994,1040
281686,997,1044
281687,1000,1042
281688,997,1040
281689,993,1040
281690,992,1041
281691,996,1043
281692,998,1046
281693,998,1044
281694,999,1042
281695,997,1042
281696,997,1043
281697,998,1050
281698,1001,1052
281699,999,1050
281700,999,1047
281701,995,1045
281702,995,1046
281703,995,1051
281704,1002,1057
281705,1001,1054
281706,1000,1048
281707,995,1042
281708,993,1043
281709,997,1046
281710,997,1049
281711,999,1054
281712,997,1049
281713,994,1049
281714,993,1049
281715,995,1052
281716,995,1055
281717,995,1054
281718,995,1051
281719,994,1048
281720,991,1049
281721,991,1049
281722,994,1048
281723,998,1047
281724,995,1043
281725,994,1042
281726,992,1042
281727,992,1044
281728,994,1046
281729,996,1045
281730,994,1045
281731,991,1043
281732,989,1043
281733,991,1047
281734,995,1050
281735,997,1047
281736,998,1044
281737,995,1041
281738,996,1044
281739,999,1041
281740,1000,1048
281741,1003,1045
281742,1000,1046
281743,997,1042
281744,996,1043
281745,999,1047
281746,1004,1048
281747,1003,1048
281748,1004,1044
281749,1003,1044
281750,999,1046
281751,1002,1047
281752,1003,1049
281753,1006,1049
281754,1007,1046
281755,1004,1039
281756,1009,1039
281757,1018,1041
281758,1026,1042
281759,1039,1038
281760,1051,1030
281761,1064,1029
281762,1083,1029
281763,1109,1026
281764,1138,1020
281765,1174,1013
281766,1205,1003
281767,1235,1001
281768,1270,1008
281769,1295,1024
281770,1308,1046
281771,1296,1056
281772,1255,1055
281773,1201,1057
281774,1141,1063
281775,1084,1075
281776,1035,1083
281777,995,1087
281778,969,1082
281779,964,1077
281780,972,1069
281781,981,1062
281782,989,1057
281783,994,1055
281784,991,1050
281785,986,1047
281786,979,1049
281787,980,1052
281788,981,1056
281789,980,1052
281790,979,1049
281791,973,1044
281792,973,1041
281793,972,1043
281794,976,1047
281795,980,1045
281796,979,1044
281797,977,1042
281798,973,1043
281799,976,1045
281800,979,1048
281801,978,1047
281802,977,1045
281803,976,1047
281804,972,1044
281805,973,1046
281806,973,1050
281807,976,1049
281808,976,1047
281809,973,1046
281810,974,1048
281811,974,1048
281812,976,1051
281813,983,1052
281814,979,1050
281815,974,1048
281816,972,1049
281817,974,1046
281818,976,1047
281819,980,1044
281820,974,1042
281821,974,1043
281822,975,1043
281823,974,1047
281824,976,1049
281825,977,1048
281826,973,1043
281827,971,1041
281828,969,1042
281829,971,1046
281830,974,1047
281831,977,1045
281832,975,1041
281833,972,1041
281834,973,1039
281835,976,1038
281836,977,1039
281837,979,1037
281838,977,1034
281839,974,1029
281840,975,1029
281841,979,1030
281842,984,1029
281843,987,1028
281844,987,1023
281845,984,1018
281846,986,1017
281847,986,1021
281848,990,1021
281849,993,1018
281850,992,1015
281851,991,1010
281852,994,1012
281853,995,1012
281854,1003,1011
281855,1006,1010
281856,1004,1005
281857,1002,1003
281858,1002,1005
281859,1004,1007
281860,1010,1009
281861,1011,1009
281862,1011,1007
281863,1008,1004
281864,1007,1006
281865,1008,1007
281866,1011,1007
281867,1012,1005
281868,1011,1005
281869,1011,1002
281870,1010,1003
281871,1009,1007
281872,1014,1007
281873,1012,1006
281874,1012,1006
281875,1010,1002
281876,1008,1008
281877,1009,1014
281878,1014,1018
281879,1013,1020
281880,1013,1020
281881,1007,1018
281882,1003,1023
281883,1006,1028
281884,1008,1031
281885,1005,1034
281886,1003,1033
281887,1000,1034
281888,997,1038
281889,997,1043
281890,995,1044
281891,995,1044
281892,991,1044
281893,989,1039
281894,985,1037
281895,987,1042
281896,988,1044
281897,991,1046
281898,989,1044
281899,988,1042
281900,985,1043
281901,986,1047
281902,988,1052
281903,990,1050
281904,987,1049
281905,984,1046
281906,984,1049
281907,989,1048
281908,988,1051
281909,990,1049
281910,989,1049
281911,986,1045
281912,984,1049
281913,985,1051
281914,989,1053
281915,990,1054
281916,989,1048
281917,987,1050
281918,984,1051
281919,986,1053
281920,988,1056
281921,990,1054
281922,987,1050
281923,981,1048
281924,980,1049
281925,982,1050
281926,987,1051
281927,987,1051
281928,988,1048
281929,986,1045
281930,985,1051
281931,987,1053
281932,990,1055
281933,992,1056
281934,989,1052
281935,986,1051
281936,985,1051
281937,987,1052
281938,989,1055
281939,993,1054
281940,992,1051
281941,990,1050
281942,989,1049
281943,992,1052
281944,995,1052
281945,993,1050
281946,993,1046
281947,990,1040
281948,991,1043
281949,993,1045
281950,995,1048
281951,994,1046
281952,994,1043
281953,989,1037
281954,987,1038
281955,988,1041
281956,995,1043
281957,995,1041
281958,992,1040
281959,990,1037
281960,991,1039
281961,991,1044
281962,994,1045
281963,995,1043
281964,993,1037
281965,989,1039
281966,986,1039
281967,986,1043
281968,988,1045
281969,989,1045
281970,988,1042
281971,986,1041
281972,987,1042
281973,987,1047
281974,989,1048
281975,991,1050
281976,988,1049
281977,983,1047
281978,982,1048
281979,983,1051
281980,984,1054
281981,986,1055
281982,986,1053
281983,984,1050
281984,984,1050
281985,987,1050
281986,988,1049
281987,990,1049
281988,989,1049
281989,984,1051
281990,983,1055
281991,984,1056
281992,988,1057
281993,990,1057
281994,986,1055
281995,983,1052
281996,981,1054
281997,983,1056
281998,985,1059
281999,989,1057
282000,991,1053
282001,988,1047
282002,987,1046
282003,989,1048
282004,991,1047
282005,990,1047
282006,990,1043
282007,986,1043
282008,986,1046
282009,987,1048
282010,991,1051
282011,994,1049
282012,993,1046
282013,989,1039
282014,989,1041
282015,991,1041
282016,994,1045
282017,991,1041
282018,991,1042
282019,987,1039
282020,985,1040
282021,988,1043
282022,988,1045
282023,989,1045
282024,988,1041
282025,987,1039
282026,984,1044
282027,986,1046
282028,987,1045
282029,991,1045
282030,989,1045
282031,987,1043
282032,985,1045
282033,985,1047
282034,990,1049
282035,989,1048
282036,990,1050
282037,987,1048
282038,986,1051
282039,990,1049
282040,995,1051
282041,991,1049
282042,989,1047
282043,988,1046
282044,986,1052
282045,989,1057
282046,990,1058
282047,990,1058
282048,989,1049
282049,986,1048
282050,987,1048
282051,990,1049
282052,995,1049
282053,997,1045
282054,996,1041
282055,994,1038
282056,992,1038
282057,992,1040
282058,997,1043
282059,996,1041
282060,997,1041
282061,995,1040
282062,993,1041
282063,996,1043
282064,1000,1044
282065,1000,1041
282066,1000,1036
282067,995,1034
282068,996,1033
282069,998,1039
282070,997,1042
282071,1000,1038
282072,1000,1041
282073,997,1038
282074,994,1040
282075,995,1042
282076,995,1045
282077,995,1047
282078,997,1044
282079,989,1043
282080,990,1042
282081,994,1050
282082,999,1049
282083,999,1049
282084,999,1044
282085,997,1040
282086,996,1041
282087,996,1045
282088,998,1047
282089,999,1048
282090,999,1046
282091,999,1043
282092,998,1041
282093,998,1043
282094,1001,1043
282095,1003,1043
282096,999,1043
282097,994,1042
282098,994,1046
282099,992,1050
282100,997,1054
282101,998,1054
282102,996,1052
282103,996,1047
282104,999,1046
282105,1000,1048
282106,1003,1048
282107,1004,1044
282108,1002,1038
282109,1000,1035
282110,1000,1036
282111,1002,1036
282112,1006,1036
282113,1011,1035
282114,1014,1029
282115,1021,1025
282116,1031,1025
282117,1047,1025
282118,1067,1026
282119,1091,1022
282120,1114,1014
282121,1142,1003
282122,1179,992
282123,1212,988
282124,1248,988
282125,1283,990
282126,1305,1000
282127,1305,1018
282128,1284,1031
282129,1239,1041
282130,1184,1048
282131,1130,1053
282132,1078,1059
282133,1030,1060
282134,998,1063
282135,986,1063
282136,990,1063
282137,1001,1054
282138,1004,1043
282139,997,1037
282140,994,1036
282141,991,1039
282142,993,1041
282143,995,1040
282144,990,1041
282145,985,1041
282146,981,1042
282147,979,1041
282148,980,1042
282149,979,1043
282150,978,1044
282151,977,1047
282152,974,1050
282153,978,1055
282154,983,1055
282155,983,1054
282156,980,1047
282157,975,1043
282158,976,1041
282159,977,1043
282160,978,1046
282161,979,1043
282162,980,1041
282163,976,1040
282164,978,1041
282165,976,1045
282166,977,1045
282167,975,1046
282168,975,1044
282169,972,1043
282170,974,1041
282171,978,1041
282172,983,1044
282173,982,1042
282174,982,1041
282175,981,1036
282176,980,1040
282177,983,1043
282178,983,1048
282179,984,1044
282180,983,1041
282181,981,1041
282182,980,1042
282183,983,1044
282184,988,1042
282185,990,1042
282186,989,1039
282187,989,1037
282188,989,1037
282189,989,1041
282190,992,1040
282191,990,1040
282192,991,1037
282193,990,1035
282194,991,1033
282195,994,1038
282196,998,1042
282197,999,1039
282198,997,1033
282199,997,1030
282200,998,1028
282201,1002,1030
282202,1006,1031
282203,1006,1027
282204,1006,1023
282205,1005,1019
282206,1005,1020
282207,1010,1018
282208,1011,1018
282209,1011,1015
282210,1011,1012
282211,1008,1008
282212,1010,1008
282213,1014,1011
282214,1018,1013
282215,1022,1012
282216,1023,1008
282217,1018,1006
282218,1017,1006
282219,1020,1011
282220,1025,1012
282221,1026,1009
282222,1025,1008
282223,1022,1006
282224,1023,1009
282225,1027,1014
282226,1032,1016
282227,1032,1017
282228,1031,1015
282229,1027,1011
282230,1026,1012
282231,1030,1016
282232,1029,1019
282233,1032,1019
282234,1029,1018
282235,1025,1019
282236,1022,1021
282237,1024,1026
282238,1029,1030
282239,1029,1029
282240,1024,1028
282241,1020,1027
282242,1017,1030
282243,1015,1038
282244,1017,1041
282245,1018,1041
282246,1011,1042
282247,1008,1039
282248,1004,1043
282249,1006,1043
282250,1005,1042
282251,1003,1042
282252,1001,1037
282253,995,1037
282254,994,1039
282255,997,1040
282256,1000,1044
282257,1002,1042
282258,999,1041
282259,994,1040
282260,994,1041
282261,995,1043
282262,998,1046
282263,997,1045
282264,996,1043
282265,993,1040
282266,992,1040
282267,996,1041
282268,999,1042
282269,1001,1041
282270,998,1039
282271,995,1036
282272,995,1036
282273,996,1038
282274,999,1044
282275,1002,1041
282276,1001,1038
282277,998,1036
282278,999,1040
282279,1000,1041
282280,1002,1043
282281,1006,1043
282282,1002,1039
282283,999,1039
282284,999,1042
282285,998,1044
282286,1002,1049
282287,1002,1050
282288,1001,1049
282289,1000,1045
282290,1000,1049
282291,1001,1050
282292,1004,1053
282293,1001,1051
282294,1000,1050
282295,995,1045
282296,994,1048
282297,996,1049
282298,1002,1051
282299,999,1048
282300,998,1043
282301,995,1037
282302,993,1037
282303,995,1037
282304,998,1035
282305,996,1035
282306,993,1030
282307,992,1028
282308,990,1029
282309,994,1033
282310,999,1036
282311,997,1034
282312,993,1034
282313,994,1032
282314,991,1036
282315,994,1038
282316,997,1039
282317,999,1038
282318,997,1032
282319,992,1031
282320,992,1031
282321,996,1035
282322,998,1039
282323,999,1040
282324,998,1037
282325,992,1037
282326,991,1036
282327,994,1040
282328,996,1042
282329,994,1041
282330,996,1037
282331,996,1039
282332,992,1042
282333,994,1044
282334,995,1043
282335,997,1039
282336,994,1036
282337,989,1035
282338,991,1040
282339,991,1043
282340,994,1044
282341,998,1048
282342,994,1045
282343,994,1043
282344,992,1046
282345,995,1052
282346,1000,1055
282347,999,1052
282348,999,1050
282349,995,1050
282350,994,1046
282351,996,1048
282352,998,1043
282353,996,1040
282354,995,1034
282355,991,1033
282356,990,1033
282357,992,1036
282358,995,1039
282359,998,1039
282360,996,1037
282361,995,1034
282362,995,1036
282363,995,1037
282364,996,1038
282365,996,1036
282366,997,1031
282367,993,1028
282368,993,1031
282369,998,1031
282370,1001,1035
282371,998,1035
282372,999,1031
282373,997,1029
282374,995,1033
282375,996,1034
282376,996,1038
282377,997,1036
282378,996,1035
282379,995,1032
282380,997,1037
282381,999,1038
282382,1002,1040
282383,1001,1037
282384,1001,1039
282385,998,1036
282386,997,1035
282387,1004,1034
282388,1009,1033
282389,1020,1031
282390,1032,1025
282391,1041,1021
282392,1058,1022
282393,1084,1020
282394,1116,1014
282395,1148,1003
282396,1180,991
282397,1210,986
282398,1242,987
282399,1270,1001
282400,1284,1025
282401,1274,1047
282402,1241,1054
282403,1192,1055
282404,1139,1059
282405,1088,1071
282406,1038,1086
282407,995,1091
282408,965,1094
282409,958,1086
282410,968,1078
282411,979,1066
282412,990,1056
282413,996,1046
282414,995,1038
282415,987,1032
282416,983,1031
282417,982,1035
282418,983,1035
282419,983,1036
282420,980,1033
282421,977,1031
282422,974,1031
282423,976,1034
282424,976,1035
282425,975,1034
282426,971,1031
282427,969,1030
282428,968,1031
282429,968,1033
282430,971,1038
282431,972,1035
282432,971,1031
282433,968,1031
282434,967,1032
282435,967,1035
282436,971,1039
282437,971,1036
282438,969,1033
282439,963,1032
282440,966,1034
282441,967,1039
282442,972,1039
282443,972,1043
282444,971,1038
282445,969,1035
282446,969,1033
282447,969,1035
282448,971,1034
282449,971,1035
282450,970,1031
282451,969,1029
282452,970,1032
282453,968,1038
282454,972,1041
282455,973,1039
282456,974,1037
282457,972,1038
282458,972,1039
282459,972,1043
282460,975,1044
282461,977,1041
282462,976,1039
282463,973,1036
282464,973,1035
282465,977,1033
282466,979,1035
282467,981,1033
282468,979,1024
282469,975,1021
282470,976,1015
282471,977,1014
282472,983,1016
282473,986,1012
282474,986,1007
282475,984,1004
282476,984,1003
282477,986,1005
282478,989,1006
282479,991,1000
282480,991,997
282481,989,994
282482,992,994
282483,996,994
282484,996,995
282485,996,991
282486,997,987
282487,996,985
282488,994,983
282489,996,987
282490,998,987
282491,1000,988
282492,999,985
282493,997,983
282494,998,983
282495,1002,987
282496,1004,989
282497,1004,991
282498,1004,986
282499,1000,986
282500,1000,991
282501,1004,994
282502,1006,998
282503,1004,999
282504,1002,996
282505,1002,996
282506,1000,1000
282507,1003,1000
282508,1002,1008
282509,1001,1011
282510,995,1011
282511,992,1013
282512,992,1021
282513,992,1030
282514,993,1033
282515,995,1033
282516,989,1030
282517,984,1028
282518,982,1028
282519,984,1031
282520,985,1034
282521,985,1033
282522,982,1031
282523,977,1032
282524,976,1033
282525,979,1038
282526,979,1040
282527,982,1038
282528,981,1036
282529,978,1036
282530,976,1039
282531,977,1039
282532,978,1041
282533,978,1042
282534,974,1039
282535,975,1038
282536,975,1039
282537,977,1043
282538,980,1042
282539,979,1039
282540,979,1037
282541,978,1036
282542,977,1037
282543,980,1037
282544,981,1038
282545,983,1039
282546,982,1036
282547,983,1035
282548,979,1039
282549,982,1041
282550,986,1043
282551,987,1043
282552,990,1040
282553,987,1039
282554,992,1039
282555,995,1041
282556,999,1044
282557,1002,1045
282558,1004,1045
282559,1004,1046
282560,1005,1050
282561,1012,1051
282562,1021,1048
282563,1031,1040
282564,1042,1027
282565,1051,1009
282566,1062,994
282567,1076,982
282568,1093,973
282569,1112,954
282570,1126,940
282571,1137,917
282572,1154,901
282573,1175,882
282574,1195,858
282575,1212,836
282576,1224,819
282577,1234,808
282578,1245,797
282579,1250,794
282580,1252,794
282581,1248,799
282582,1245,797
282583,1240,795
282584,1233,800
282585,1224,806
282586,1215,813
282587,1194,816
282588,1170,822
282589,1152,827
282590,1131,839
282591,1110,853
282592,1092,865
282593,1077,876
282594,1066,888
282595,1055,901
282596,1053,920
282597,1053,935
282598,1052,948
282599,1047,955
282600,1039,957
282601,1036,961
282602,1043,972
282603,1055,979
282604,1066,985
282605,1072,989
282606,1064,989
282607,1039,994
282608,1000,1007
282609,965,1020
282610,941,1034
282611,930,1050
282612,925,1061
282613,921,1072
282614,919,1078
282615,916,1084
282616,910,1085
282617,906,1088
282618,903,1091
282619,898,1090
282620,893,1095
282621,890,1099
282622,892,1103
282623,894,1102
282624,892,1102
282625,888,1102
282626,884,1104
282627,886,1107
282628,886,1113
282629,882,1112
282630,883,1111
282631,877,1110
282632,876,1115
282633,878,1118
282634,880,1122
282635,882,1123
282636,879,1122
282637,875,1120
282638,871,1123
282639,871,1127
282640,871,1130
282641,867,1131
282642,866,1127
282643,862,1130
282644,860,1133
282645,864,1136
282646,864,1142
282647,859,1141
282648,852,1141
282649,850,1142
282650,852,1145
282651,852,1151
282652,859,1158
282653,858,1158
282654,857,1159
282655,853,1162
282656,853,1164
282657,854,1170
282658,859,1174
282659,860,1174
282660,861,1175
282661,858,1174
282662,859,1173
282663,862,1178
282664,868,1179
282665,868,1175
282666,870,1174
282667,870,1170
282668,873,1170
282669,875,1171
282670,879,1172
282671,883,1169
282672,888,1163
282673,889,1159
282674,892,1156
282675,899,1153
282676,904,1151
282677,910,1144
282678,912,1137
282679,912,1133
282680,913,1127
282681,923,1123
282682,928,1123
282683,930,1116
282684,931,1108
282685,932,1103
282686,933,1098
282687,938,1094
282688,945,1093
282689,946,1084
282690,943,1079
282691,941,1071
282692,942,1069
282693,947,1070
282694,949,1069
282695,949,1067
282696,946,1063
282697,949,1060
282698,950,1059
282699,955,1057
282700,957,1055
282701,959,1052
282702,956,1044
282703,952,1042
282704,955,1043
282705,959,1046
282706,962,1046
282707,957,1041
282708,955,1038
282709,954,1036
282710,956,1035
282711,957,1039
282712,959,1042
282713,960,1040
282714,962,1037
282715,959,1036
282716,957,1036
282717,961,1040
282718,964,1043
282719,964,1040
282720,962,1036
282721,958,1034
282722,958,1036
282723,964,1036
282724,966,1035
282725,968,1034
282726,964,1032
282727,961,1033
282728,961,1032
282729,967,1038
282730,973,1038
282731,971,1035
282732,971,1031
282733,969,1031
282734,968,1033
282735,970,1036
282736,973,1036
282737,972,1034
282738,970,1030
282739,968,1027
282740,967,1028
282741,969,1031
282742,969,1031
282743,968,1029
282744,965,1026
282745,966,1024
282746,966,1028
282747,969,1028
282748,973,1029
282749,971,1029
282750,971,1026
282751,965,1021
282752,965,1026
282753,971,1029
282754,972,1030
282755,976,1030
282756,976,1024
282757,974,1024
282758,975,1027
282759,978,1028
282760,985,1029
282761,989,1022
282762,988,1020
282763,987,1021
282764,992,1022
282765,997,1024
282766,1004,1025
282767,1010,1022
282768,1011,1016
282769,1012,1015
282770,1016,1015
282771,1023,1015
282772,1030,1012
282773,1037,1006
282774,1040,999
282775,1045,992
282776,1049,988
282777,1053,984
282778,1058,979
282779,1060,975
282780,1060,968
282781,1066,962
282782,1079,960
282783,1097,957
282784,1116,952
282785,1132,944
282786,1145,931
282787,1157,918
282788,1171,909
282789,1190,896
282790,1207,885
282791,1219,874
282792,1234,862
282793,1256,848
282794,1285,840
282795,1321,851
282796,1342,866
282797,1351,882
282798,1337,902
282799,1298,914
282800,1249,923
282801,1201,934
282802,1152,957
282803,1096,984
282804,1042,1007
282805,1002,1027
282806,983,1035
282807,979,1034
282808,980,1035
282809,968,1034
282810,961,1035
282811,952,1039
282812,946,1044
282813,946,1050
282814,947,1052
282815,944,1053
282816,937,1049
282817,932,1052
282818,929,1051
282819,929,1056
282820,927,1058
282821,926,1058
282822,924,1055
282823,922,1055
282824,919,1060
282825,921,1064
282826,922,1063
282827,923,1066
282828,920,1063
282829,913,1062
282830,915,1066
282831,914,1070
282832,919,1071
282833,917,1068
282834,914,1069
282835,909,1073
282836,908,1077
282837,908,1078
282838,908,1085
282839,907,1086
282840,902,1083
282841,897,1084
282842,896,1084
282843,897,1086
282844,898,1087
282845,896,1087
282846,891,1082
282847,888,1077
282848,882,1077
282849,884,1079
282850,884,1081
282851,881,1077
282852,880,1075
282853,873,1074
282854,875,1077
282855,875,1079
282856,875,1081
282857,876,1081
282858,872,1079
282859,866,1079
282860,864,1083
282861,862,1084
282862,868,1088
282863,868,1085
282864,865,1083
282865,862,1080
282866,862,1086
282867,861,1088
282868,868,1089
282869,867,1088
282870,866,1090
282871,864,1087
282872,866,1091
282873,870,1091
282874,874,1090
282875,877,1083
282876,879,1078
282877,877,1075
282878,886,1073
282879,887,1074
282880,891,1076
282881,893,1073
282882,896,1068
282883,900,1067
282884,902,1067
282885,909,1067
282886,915,1068
282887,919,1063
282888,922,1056
282889,920,1052
282890,922,1052
282891,929,1049
282892,935,1048
282893,938,1042
282894,942,1040
282895,941,1036
282896,942,1034
282897,948,1033
282898,952,1032
282899,954,1030
282900,955,1028
282901,952,1024
282902,957,1023
282903,965,1026
282904,972,1027
282905,977,1024
282906,981,1025
282907,983,1023
282908,991,1024
282909,1000,1030
282910,1007,1034
282911,1013,1035
282912,1016,1035
282913,1020,1033
282914,1034,1031
282915,1054,1025
282916,1072,1015
282917,1086,999
282918,1096,982
282919,1105,968
282920,1120,956
282921,1143,944
282922,1163,932
282923,1182,916
282924,1199,892
282925,1216,873
282926,1235,860
282927,1260,850
282928,1278,843
282929,1289,834
282930,1288,827
282931,1281,822
282932,1273,815
282933,1266,809
282934,1251,802
282935,1235,797
282936,1209,799
282937,1186,800
282938,1163,811
282939,1143,822
282940,1121,832
282941,1097,843
282942,1076,853
282943,1053,866
282944,1035,879
282945,1024,896
282946,1019,913
282947,1017,927
282948,1019,934
282949,1025,942
282950,1032,947
282951,1039,952
282952,1044,958
282953,1047,964
282954,1048,970
282955,1047,976
282956,1041,983
282957,1031,989
282958,1023,998
282959,1008,1004
282960,989,1012
282961,971,1024
282962,958,1036
282963,951,1049
282964,947,1059
282965,941,1066
282966,935,1066
282967,929,1066
282968,926,1075
282969,922,1079
282970,924,1083
282971,924,1089
282972,918,1090
282973,914,1092
282974,913,1097
282975,914,1099
282976,916,1103
282977,915,1103
282978,915,1102
282979,912,1101
282980,912,1108
282981,914,1110
282982,918,1111
282983,918,1112
282984,918,1113
282985,916,1112
282986,918,1117
282987,920,1121
282988,922,1126
282989,922,1125
282990,921,1123
282991,921,1123
282992,923,1125
282993,928,1127
282994,932,1131
282995,935,1130
282996,932,1130
282997,932,1132
282998,934,1136
282999,937,1141
283000,938,1146
283001,941,1148
283002,940,1147
283003,943,1146
283004,943,1148
283005,946,1149
283006,950,1148
283007,952,1145
283008,952,1145
283009,950,1146
283010,954,1148
283011,958,1148
283012,963,1150
283013,966,1151
283014,967,1151
283015,968,1145
283016,969,1146
283017,971,1147
283018,978,1145
283019,980,1143
283020,981,1138
283021,978,1137
283022,981,1135
283023,987,1135
283024,993,1131
283025,995,1125
283026,998,1117
283027,994,1112
283028,995,1109
283029,996,1108
283030,1002,1105
283031,1001,1097
283032,1003,1091
283033,1002,1085
283034,1000,1082
283035,1004,1079
283036,1004,1076
283037,1002,1068
283038,1002,1060
283039,998,1058
283040,999,1054
283041,1004,1055
283042,1006,1052
283043,1003,1046
283044,1001,1043
283045,996,1043
283046,997,1041
283047,997,1044
283048,999,1041
283049,993,1037
283050,992,1034
283051,991,1032
283052,987,1034
283053,988,1038
283054,991,1038
283055,991,1035
283056,988,1031
283057,986,1031
283058,979,1033
283059,979,1036
283060,980,1037
283061,983,1033
283062,979,1031
283063,974,1030
283064,972,1030
283065,974,1034
283066,979,1034
283067,979,1034
283068,979,1031
283069,976,1030
283070,976,1032
283071,979,1035
283072,981,1036
283073,979,1038
283074,978,1035
283075,976,1036
283076,977,1035
283077,978,1034
283078,979,1032
283079,980,1027
283080,981,1028
283081,980,1029
283082,983,1029
283083,984,1034
283084,987,1034
283085,987,1035
283086,990,1034
283087,989,1031
283088,991,1028
283089,992,1028
283090,991,1025
283091,991,1026
283092,989,1025
283093,988,1022
283094,985,1023
283095,984,1025
283096,988,1026
283097,986,1027
283098,989,1026
283099,988,1023
283100,986,1026
283101,991,1025
283102,989,1024
283103,989,1025
283104,986,1025
283105,983,1024
283106,984,1024
283107,985,1029
283108,985,1028
283109,981,1033
283110,979,1031
283111,978,1029
283112,978,1030
283113,977,1034
283114,983,1034
283115,983,1030
283116,982,1029
283117,977,1027
283118,979,1029
283119,980,1031
283120,984,1030
283121,981,1029
283122,981,1027
283123,977,1029
283124,978,1031
283125,981,1030
283126,984,1029
283127,985,1028
283128,982,1027
283129,977,1028
283130,976,1030
283131,984,1033
283132,988,1033
283133,990,1031
283134,988,1028
283135,983,1027
283136,980,1025
283137,985,1028
283138,987,1031
283139,986,1028
283140,986,1029
283141,985,1027
283142,981,1029
283143,983,1031
283144,986,1034
283145,988,1031
283146,986,1028
283147,983,1026
283148,984,1029
283149,987,1031
283150,991,1033
283151,989,1035
283152,987,1033
283153,986,1035
283154,985,1032
283155,987,1033
283156,989,1032
283157,987,1029
283158,987,1029
283159,983,1028
283160,984,1031
283161,985,1033
283162,989,1033
283163,990,1033
283164,989,1033
283165,983,1031
283166,983,1033
283167,982,1034
283168,983,1037
283169,983,1034
283170,983,1032
283171,981,1033
283172,983,1033
283173,985,1034
283174,985,1036
283175,987,1031
283176,985,1028
283177,985,1028
283178,983,1028
283179,989,1032
283180,990,1032
283181,992,1028
283182,990,1025
283183,989,1026
283184,988,1027
283185,986,1033
283186,989,1037
283187,987,1037
283188,981,1036
283189,981,1033
283190,981,1035
283191,984,1035
283192,984,1036
283193,981,1032
283194,981,1031
283195,979,1030
283196,979,1036
283197,981,1045
283198,984,1058
283199,985,1058
283200,985,1045
283201,982,1035
283202,984,1027
283203,989,1025
283204,992,1023
283205,993,1020
283206,990,1016
283207,985,1016
283208,984,1018
283209,988,1021
283210,990,1028
283211,989,1032
283212,988,1032
283213,983,1034
283214,983,1032
283215,987,1031
283216,987,1029
283217,988,1028
283218,985,1026
283219,983,1025
283220,988,1028
283221,991,1033
283222,994,1034
283223,995,1031
283224,993,1031
283225,988,1027
283226,989,1029
283227,988,1032
283228,992,1032
283229,992,1030
283230,990,1027
283231,990,1026
283232,988,1029
283233,988,1031
283234,992,1033
283235,990,1031
283236,991,1031
283237,988,1030
283238,988,1033
283239,990,1038
283240,993,1036
283241,992,1036
283242,988,1035
283243,987,1033
283244,987,1036
283245,991,1039
283246,994,1041
283247,992,1038
283248,992,1035
283249,991,1035
283250,990,1037
283251,991,1037
283252,994,1042
283253,993,1038
283254,991,1035
283255,989,1035
283256,986,1035
283257,988,1037
283258,994,1037
283259,997,1041
283260,999,1037
283261,997,1035
283262,996,1033
283263,998,1038
283264,999,1033
283265,998,1027
283266,995,1023
283267,994,1022
283268,996,1023
283269,1002,1023
283270,1007,1024
283271,1009,1020
283272,1015,1015
283273,1026,1013
283274,1043,1012
283275,1065,1011
283276,1091,1009
283277,1119,999
283278,1148,988
283279,1177,980
283280,1213,977
283281,1249,978
283282,1283,988
283283,1300,1002
283284,1290,1014
283285,1248,1022
283286,1184,1033
283287,1126,1042
283288,1077,1050
283289,1024,1053
283290,989,1051
283291,972,1053
283292,981,1047
283293,995,1039
283294,1002,1034
283295,998,1025
283296,989,1019
283297,983,1016
283298,984,1016
283299,987,1020
283300,983,1027
283301,980,1031
283302,979,1024
283303,975,1022
283304,974,1022
283305,974,1025
283306,972,1027
283307,968,1029
283308,967,1029
283309,966,1031
283310,965,1034
283311,969,1039
283312,970,1037
283313,972,1040
283314,971,1040
283315,970,1041
283316,968,1042
283317,971,1046
283318,976,1049
283319,976,1045
283320,973,1041
283321,972,1038
283322,970,1040
283323,972,1044
283324,979,1044
283325,977,1045
283326,977,1047
283327,975,1049
283328,973,1050
283329,975,1048
283330,976,1049
283331,975,1045
283332,973,1038
283333,973,1031
283334,975,1029
283335,980,1029
283336,985,1031
283337,980,1028
283338,977,1024
283339,973,1025
283340,973,1031
283341,975,1033
283342,977,1030
283343,979,1030
283344,977,1024
283345,974,1019
283346,973,1018
283347,976,1019
283348,981,1018
283349,981,1015
283350,980,1012
283351,977,1015
283352,978,1018
283353,982,1026
283354,988,1026
283355,989,1024
283356,988,1015
283357,984,1009
283358,984,1013
283359,991,1013
283360,996,1015
283361,998,1015
283362,996,1009
283363,1000,1010
283364,999,1012
283365,1002,1015
283366,1002,1013
283367,1003,1011
283368,1003,1006
283369,1002,1005
283370,1003,1003
283371,1006,1009
283372,1010,1010
283373,1013,1009
283374,1014,1005
283375,1014,1007
283376,1013,1007
283377,1016,1012
283378,1019,1014
283379,1020,1012
283380,1020,1006
283381,1021,1006
283382,1019,1011
283383,1025,1012
283384,1028,1017
283385,1028,1015
283386,1027,1012
283387,1024,1011
283388,1024,1017
283389,1021,1019
283390,1019,1022
283391,1015,1026
283392,1011,1024
283393,1007,1028
283394,1004,1033
283395,1006,1034
283396,1010,1032
283397,1011,1028
283398,1003,1029
283399,1000,1027
283400,997,1034
283401,1001,1039
283402,1003,1042
283403,1004,1040
283404,1002,1037
283405,997,1037
283406,996,1040
283407,995,1042
283408,1001,1044
283409,999,1041
283410,997,1041
283411,994,1040
283412,993,1041
283413,998,1040
283414,1002,1043
283415,1000,1047
283416,998,1046
283417,994,1039
283418,993,1034
283419,996,1034
283420,998,1034
283421,999,1034
283422,995,1031
283423,991,1033
283424,992,1037
283425,996,1039
283426,998,1038
283427,999,1035
283428,993,1030
283429,990,1029
283430,990,1035
283431,995,1034
283432,999,1033
283433,998,1033
283434,996,1031
283435,993,1033
283436,994,1036
283437,995,1038
283438,999,1037
283439,999,1028
283440,999,1024
283441,993,1022
283442,993,1025
283443,995,1030
283444,999,1032
283445,1000,1034
283446,998,1031
283447,997,1029
283448,998,1027
283449,999,1027
283450,1006,1026
283451,1009,1025
283452,1002,1023
283453,998,1022
283454,995,1028
283455,996,1031
283456,998,1034
283457,999,1034
283458,1000,1036
283459,998,1033
283460,998,1036
283461,999,1037
283462,1000,1036
283463,1001,1035
283464,997,1036
283465,994,1036
283466,993,1037
283467,997,1039
283468,998,1043
283469,1000,1044
283470,996,1041
283471,990,1037
283472,988,1036
283473,992,1038
283474,994,1033
283475,993,1034
283476,992,1033
283477,987,1042
283478,989,1047
283479,991,1052
283480,994,1045
283481,994,1035
283482,991,1032
283483,989,1032
283484,990,1039
283485,991,1043
283486,996,1043
283487,994,1038
283488,991,1032
283489,988,1032
283490,988,1033
283491,990,1040
283492,993,1042
283493,992,1037
283494,991,1036
283495,987,1033
283496,989,1033
283497,987,1038
283498,989,1036
283499,989,1038
283500,991,1034
283501,988,1035
283502,988,1039
283503,989,1038
283504,994,1041
283505,994,1038
283506,992,1035
283507,989,1035
283508,991,1033
283509,993,1036
283510,996,1033
283511,995,1029
283512,990,1027
283513,990,1030
283514,987,1032
283515,993,1035
283516,998,1037
283517,998,1040
283518,991,1037
283519,990,1037
283520,992,1040
283521,993,1042
283522,997,1043
283523,995,1040
283524,993,1036
283525,989,1037
283526,994,1030
283527,1006,1027
283528,1022,1022
283529,1034,1016
283530,1042,1015
283531,1059,1012
283532,1082,1012
283533,1115,1006
283534,1155,1001
283535,1196,994
283536,1232,994
283537,1262,1007
283538,1279,1031
283539,1268,1050
283540,1232,1056
283541,1174,1053
283542,1115,1054
283543,1055,1063
283544,1003,1071
283545,966,1080
283546,956,1087
283547,957,1081
283548,966,1069
283549,972,1052
283550,981,1043
283551,987,1039
283552,992,1035
283553,987,1034
283554,987,1032
283555,981,1037
283556,975,1038
283557,974,1042
283558,975,1042
283559,975,1037
283560,975,1038
283561,972,1038
283562,972,1036
283563,970,1036
283564,971,1034
283565,972,1029
283566,972,1029
283567,970,1035
283568,968,1038
283569,971,1043
283570,971,1046
283571,971,1044
283572,966,1039
283573,962,1033
283574,961,1030
283575,964,1031
283576,970,1031
283577,970,1031
283578,967,1031
283579,963,1032
283580,967,1034
283581,972,1038
283582,973,1037
283583,972,1033
283584,967,1034
283585,965,1036
283586,964,1040
283587,962,1042
283588,965,1038
283589,965,1034
283590,963,1027
283591,961,1027
283592,963,1030
283593,964,1029
283594,971,1029
283595,973,1027
283596,974,1026
283597,974,1023
283598,976,1024
283599,974,1027
283600,976,1026
283601,974,1029
283602,970,1024
283603,970,1022
283604,970,1018
283605,974,1016
283606,979,1010
283607,978,1003
283608,973,995
283609,970,992
283610,970,996
283611,972,999
283612,977,1001
283613,978,1002
283614,977,1001
283615,975,1002
283616,979,1006
283617,979,1006
283618,984,1003
283619,984,997
283620,981,997
283621,979,997
283622,980,996
283623,983,1000
283624,989,997
283625,986,996
283626,988,992
283627,986,991
283628,987,994
283629,991,997
283630,996,999
283631,998,997
283632,994,998
283633,989,998
283634,988,1000
283635,990,1002
283636,994,1008
283637,998,1007
283638,997,1011
283639,997,1013
283640,999,1015
283641,998,1017
283642,998,1014
283643,996,1013
283644,992,1012
283645,987,1015
283646,992,1023
283647,993,1027
283648,996,1036
283649,997,1037
283650,993,1033
283651,990,1030
283652,991,1026
283653,988,1027
283654,991,1031
283655,989,1033
283656,985,1032
283657,982,1030
283658,981,1031
283659,980,1034
283660,982,1040
283661,983,1039
283662,983,1031
283663,982,1025
283664,980,1029
283665,978,1035
283666,979,1042
283667,979,1040
283668,984,1039
283669,980,1037
283670,981,1039
283671,981,1038
283672,982,1040
283673,981,1038
283674,982,1040
283675,983,1035
283676,983,1037
283677,984,1040
283678,986,1041
283679,986,1043
283680,982,1040
283681,983,1038
283682,983,1036
283683,987,1035
283684,990,1036
283685,990,1032
283686,987,1031
283687,985,1030
283688,985,1034
283689,981,1034
283690,986,1038
283691,987,1035
283692,982,1034
283693,977,1039
283694,978,1039
283695,981,1036
283696,988,1032
283697,988,1028
283698,982,1023
283699,981,1029
283700,980,1034
283701,983,1043
283702,987,1045
283703,985,1036
283704,984,1026
283705,980,1022
283706,982,1029
283707,987,1035
283708,991,1037
283709,986,1035
283710,983,1030
283711,982,1029
283712,987,1033
283713,992,1039
283714,994,1036
283715,987,1032
283716,982,1025
283717,985,1025
283718,986,1030
283719,987,1031
283720,986,1032
283721,986,1031
283722,984,1030
283723,982,1030
283724,986,1033
283725,993,1036
283726,995,1035
283727,996,1036
283728,990,1034
283729,986,1034
283730,981,1035
283731,983,1035
283732,983,1035
283733,983,1035
283734,981,1033
283735,979,1033
283736,982,1038
283737,984,1042
283738,988,1041
283739,989,1038
283740,985,1031
283741,982,1025
283742,980,1025
283743,986,1025
283744,989,1026
283745,986,1025
283746,988,1024
283747,987,1026
283748,984,1028
283749,985,1027
283750,993,1024
283751,1007,1025
283752,1016,1022
283753,1025,1023
283754,1038,1021
283755,1065,1012
283756,1103,1000
283757,1139,991
283758,1177,988
283759,1218,994
283760,1251,1016
283761,1274,1038
283762,1273,1053
283763,1253,1057
283764,1214,1053
283765,1164,1059
283766,1109,1067
283767,1054,1082
283768,1001,1095
283769,957,1099
283770,938,1091
283771,943,1081
283772,958,1067
283773,973,1058
283774,983,1048
283775,982,1037
283776,979,1030
283777,970,1026
283778,971,1029
283779,975,1033
283780,972,1032
283781,973,1033
283782,968,1029
283783,965,1027
283784,965,1031
283785,970,1034
283786,971,1037
283787,970,1034
283788,965,1031
283789,963,1035
283790,961,1038
283791,966,1040
283792,966,1038
283793,969,1034
283794,966,1031
283795,964,1031
283796,963,1030
283797,963,1031
283798,966,1030
283799,967,1033
283800,970,1033
283801,967,1030
283802,966,1033
283803,963,1034
283804,968,1032
283805,973,1032
283806,974,1025
283807,969,1025
283808,966,1028
283809,967,1029
283810,971,1032
283811,973,1030
283812,974,1029
283813,972,1030
283814,968,1025
283815,971,1021
283816,977,1018
283817,975,1016
283818,973,1017
283819,970,1016
283820,974,1020
283821,977,1021
283822,981,1021
283823,980,1019
283824,978,1013
283825,976,1010
283826,975,1010
283827,977,1010
283828,979,1002
283829,981,991
283830,980,986
283831,976,984
283832,973,988
283833,979,989
283834,985,989
283835,985,987
283836,984,985
283837,984,985
283838,983,985
283839,989,986
283840,990,987
283841,991,979
283842,992,980
283843,993,978
283844,994,982
283845,996,983
283846,997,985
283847,994,985
283848,994,987
283849,995,987
283850,1001,990
283851,1005,991
283852,1008,992
283853,1008,990
283854,1006,987
283855,1000,986
283856,1003,990
283857,1005,993
283858,1006,992
283859,1004,997
283860,1004,995
283861,1002,1003
283862,1001,1007
283863,1001,1010
283864,1004,1015
283865,1004,1014
283866,1000,1016
283867,997,1018
283868,995,1023
283869,996,1028
283870,994,1032
283871,993,1031
283872,988,1032
283873,988,1035
283874,988,1042
283875,990,1048
283876,992,1052
283877,992,1051
283878,990,1046
283879,988,1038
283880,986,1034
283881,988,1034
283882,991,1027
283883,991,1028
283884,986,1027
283885,982,1030
283886,981,1038
283887,983,1046
283888,990,1052
283889,990,1056
283890,991,1050
283891,989,1039
283892,990,1031
283893,992,1029
283894,991,1032
283895,989,1034
283896,988,1033
283897,986,1031
283898,988,1031
283899,990,1035
283900,992,1036
283901,991,1035
283902,991,1033
283903,991,1031
283904,990,1032
283905,994,1033
283906,999,1032
283907,998,1029
283908,999,1023
283909,999,1023
283910,998,1027
283911,1000,1030
283912,1002,1032
283913,1003,1030
283914,1000,1026
283915,999,1027
283916,1000,1030
283917,1002,1032
283918,1004,1034
283919,1003,1028
283920,1001,1025
283921,998,1028
283922,997,1029
283923,995,1032
283924,996,1034
283925,995,1032
283926,996,1028
283927,998,1029
283928,1001,1029
283929,1003,1035
283930,1003,1038
283931,999,1040
283932,998,1037
283933,993,1040
283934,990,1042
283935,992,1044
283936,997,1045
283937,998,1040
283938,999,1038
283939,998,1036
283940,998,1039
283941,996,1041
283942,995,1038
283943,993,1035
283944,988,1029
283945,988,1030
283946,992,1032
283947,995,1035
283948,997,1037
283949,995,1038
283950,993,1037
283951,991,1042
283952,992,1044
283953,995,1042
283954,995,1036
283955,992,1031
283956,988,1025
283957,985,1026
283958,990,1029
283959,993,1033
283960,998,1031
283961,997,1033
283962,993,1032
283963,992,1029
283964,991,1035
283965,996,1037
283966,1002,1037
283967,1000,1035
283968,995,1033
283969,992,1032
283970,990,1039
283971,993,1039
283972,999,1038
283973,1000,1035
283974,996,1032
283975,993,1034
283976,995,1036
283977,999,1042
283978,1003,1043
283979,1002,1044
283980,1001,1040
283981,1001,1039
283982,1001,1036
283983,1003,1037
283984,999,1034
283985,1001,1031
283986,1002,1024
283987,1000,1023
283988,1005,1025
283989,1015,1024
283990,1029,1024
283991,1043,1022
283992,1056,1019
283993,1077,1013
283994,1110,1010
283995,1145,1004
283996,1185,999
283997,1222,995
283998,1259,996
283999,1291,1008
284000,1309,1025
284001,1303,1039
284002,1269,1041
284003,1211,1041
284004,1142,1045
284005,1080,1057
284006,1020,1070
284007,979,1079
284008,962,1081
284009,962,1074
284010,976,1061
284011,985,1051
284012,992,1047
284013,995,1046
284014,992,1046
284015,992,1046
284016,983,1045
284017,979,1045
284018,981,1043
284019,986,1044
284020,986,1041
284021,985,1040
284022,982,1042
284023,979,1046
284024,982,1046
284025,983,1048
284026,985,1042
284027,983,1042
284028,979,1040
284029,975,1041
284030,977,1045
284031,977,1048
284032,978,1055
284033,981,1052
284034,983,1036
284035,979,1025
284036,974,1025
284037,976,1036
284038,975,1047
284039,977,1053
284040,977,1044
284041,977,1032
284042,980,1024
284043,981,1021
284044,985,1021
284045,982,1019
284046,981,1018
284047,977,1021
284048,979,1027
284049,980,1032
284050,986,1035
284051,988,1033
284052,985,1028
284053,985,1027
284054,985,1032
284055,988,1033
284056,990,1034
284057,988,1029
284058,982,1028
284059,981,1028
284060,987,1028
284061,990,1030
284062,995,1026
284063,996,1025
284064,994,1021
284065,990,1024
284066,994,1026
284067,993,1025
284068,998,1026
284069,997,1022
284070,995,1017
284071,993,1018
284072,998,1021
284073,1004,1019
284074,1008,1014
284075,1007,1010
284076,1005,1007
284077,1000,1010
284078,999,1015
284079,1002,1020
284080,1006,1019
284081,1008,1015
284082,1011,1005
284083,1010,998
284084,1012,994
284085,1013,993
284086,1015,992
284087,1013,988
284088,1009,988
284089,1009,991
284090,1012,995
284091,1020,998
284092,1023,997
284093,1021,994
284094,1018,992
284095,1013,994
284096,1014,1000
284097,1014,1006
284098,1019,1011
284099,1018,1011
284100,1019,1012
284101,1016,1012
284102,1019,1013
284103,1021,1015
284104,1023,1013
284105,1025,1013
284106,1023,1014
284107,1020,1014
284108,1018,1020
284109,1017,1024
284110,1019,1028
284111,1013,1035
284112,1013,1039
284113,1008,1044
284114,1011,1050
284115,1012,1046
284116,1010,1036
284117,1009,1029
284118,1004,1023
284119,1000,1022
284120,1000,1028
284121,1003,1033
284122,1005,1035
284123,1005,1037
284124,1002,1039
284125,1001,1043
284126,1003,1047
284127,1004,1052
284128,1010,1053
284129,1007,1048
284130,1002,1038
284131,999,1029
284132,1001,1026
284133,1003,1029
284134,1004,1033
284135,1006,1034
284136,1006,1031
284137,1010,1035
284138,1014,1040
284139,1022,1043
284140,1030,1044
284141,1034,1046
284142,1038,1044
284143,1036,1046
284144,1043,1049
284145,1051,1054
284146,1067,1048
284147,1080,1035
284148,1090,1018
284149,1100,1003
284150,1112,990
284151,1130,980
284152,1150,966
284153,1168,949
284154,1179,931
284155,1189,912
284156,1204,899
284157,1222,882
284158,1239,867
284159,1258,849
284160,1270,832
284161,1277,819
284162,1281,818
284163,1280,819
284164,1275,820
284165,1269,816
284166,1265,811
284167,1258,812
284168,1250,815
284169,1235,820
284170,1217,819
284171,1195,824
284172,1169,828
284173,1142,841
284174,1113,856
284175,1096,868
284176,1079,878
284177,1063,887
284178,1055,899
284179,1052,918
284180,1049,939
284181,1047,967
284182,1044,988
284183,1045,995
284184,1053,986
284185,1066,976
284186,1086,968
284187,1103,969
284188,1115,976
284189,1112,984
284190,1090,991
284191,1054,1003
284192,1018,1015
284193,992,1030
284194,972,1043
284195,960,1056
284196,949,1067
284197,943,1078
284198,942,1082
284199,937,1085
284200,936,1087
284201,930,1088
284202,928,1086
284203,925,1091
284204,924,1090
284205,929,1095
284206,926,1097
284207,919,1098
284208,911,1096
284209,905,1103
284210,901,1105
284211,905,1112
284212,904,1110
284213,901,1110
284214,901,1109
284215,898,1110
284216,903,1118
284217,907,1120
284218,910,1120
284219,901,1117
284220,891,1121
284221,885,1131
284222,886,1143
284223,889,1155
284224,895,1158
284225,889,1149
284226,886,1140
284227,886,1134
284228,886,1128
284229,894,1132
284230,894,1135
284231,892,1137
284232,891,1138
284233,890,1143
284234,892,1149
284235,897,1157
284236,899,1161
284237,897,1165
284238,896,1166
284239,893,1170
284240,896,1168
284241,897,1165
284242,901,1163
284243,906,1164
284244,906,1166
284245,907,1165
284246,912,1169
284247,917,1171
284248,921,1173
284249,923,1175
284250,923,1174
284251,922,1172
284252,922,1169
284253,928,1170
284254,934,1169
284255,936,1166
284256,936,1163
284257,939,1161
284258,945,1161
284259,948,1159
284260,953,1155
284261,953,1149
284262,954,1142
284263,956,1136
284264,961,1135
284265,967,1134
284266,973,1130
284267,975,1125
284268,975,1121
284269,975,1116
284270,974,1112
284271,975,1105
284272,976,1101
284273,973,1098
284274,970,1095
284275,967,1095
284276,968,1098
284277,977,1102
284278,981,1103
284279,983,1103
284280,981,1099
284281,981,1082
284282,981,1060
284283,985,1042
284284,985,1038
284285,984,1036
284286,983,1037
284287,983,1042
284288,985,1050
284289,986,1055
284290,986,1055
284291,986,1047
284292,984,1039
284293,982,1027
284294,979,1030
284295,982,1035
284296,988,1038
284297,988,1039
284298,990,1036
284299,991,1038
284300,996,1041
284301,1001,1044
284302,1002,1044
284303,996,1044
284304,990,1042
284305,984,1043
284306,985,1047
284307,990,1048
284308,993,1045
284309,991,1045
284310,991,1043
284311,992,1042
284312,990,1044
284313,994,1045
284314,998,1045
284315,996,1043
284316,993,1038
284317,990,1037
284318,992,1039
284319,994,1040
284320,995,1040
284321,995,1039
284322,993,1036
284323,990,1036
284324,991,1039
284325,993,1041
284326,997,1041
284327,994,1037
284328,994,1035
284329,994,1033
284330,995,1036
284331,999,1035
284332,1003,1034
284333,1003,1031
284334,997,1030
284335,994,1030
284336,994,1033
284337,996,1035
284338,999,1035
284339,1000,1033
284340,997,1029
284341,995,1031
284342,995,1035
284343,999,1038
284344,1002,1035
284345,1003,1034
284346,1003,1031
284347,1003,1033
284348,1005,1035
284349,1009,1036
284350,1013,1034
284351,1009,1033
284352,1006,1027
284353,1001,1025
284354,1002,1030
284355,1002,1032
284356,1004,1034
284357,1002,1034
284358,1000,1031
284359,1001,1032
284360,999,1037
284361,999,1043
284362,995,1045
284363,996,1046
284364,996,1042
284365,995,1036
284366,999,1035
284367,1000,1036
284368,1001,1035
284369,1004,1037
284370,1002,1031
284371,998,1031
284372,998,1029
284373,999,1028
284374,999,1027
284375,997,1024
284376,994,1020
284377,994,1022
284378,994,1023
284379,998,1027
284380,995,1030
284381,998,1029
284382,997,1026
284383,995,1028
284384,998,1030
284385,999,1035
284386,1002,1035
284387,999,1034
284388,995,1031
284389,992,1033
284390,989,1043
284391,991,1051
284392,996,1049
284393,999,1041
284394,999,1026
284395,997,1022
284396,1000,1024
284397,1000,1027
284398,1005,1027
284399,1005,1028
284400,1006,1028
284401,1006,1027
284402,1008,1029
284403,1004,1027
284404,1000,1027
284405,996,1031
284406,994,1030
284407,995,1036
284408,998,1036
284409,1002,1039
284410,1002,1038
284411,1000,1037
284412,998,1033
284413,1002,1035
284414,1006,1039
284415,1008,1042
284416,1004,1045
284417,994,1041
284418,986,1037
284419,982,1036
284420,982,1037
284421,988,1036
284422,994,1035
284423,993,1035
284424,991,1035
284425,994,1035
284426,997,1037
284427,1000,1039
284428,1002,1039
284429,997,1033
284430,995,1031
284431,992,1030
284432,996,1032
284433,1001,1037
284434,1003,1038
284435,1004,1037
284436,1002,1034
284437,1000,1029
284438,999,1029
284439,1000,1033
284440,1000,1035
284441,1001,1032
284442,1001,1030
284443,1001,1026
284444,1002,1026
284445,1006,1027
284446,1007,1027
284447,1009,1025
284448,1006,1026
284449,1005,1025
284450,1006,1029
284451,1009,1031
284452,1011,1030
284453,1008,1029
284454,1004,1026
284455,1005,1028
284456,1013,1030
284457,1018,1029
284458,1020,1029
284459,1007,1028
284460,997,1028
284461,995,1031
284462,1002,1030
284463,1011,1035
284464,1011,1033
284465,1003,1031
284466,991,1034
284467,983,1037
284468,983,1046
284469,989,1053
284470,994,1063
284471,990,1076
284472,985,1098
284473,986,1114
284474,986,1107
284475,993,1067
284476,1000,1018
284477,1003,989
284478,1004,987
284479,1003,994
284480,1004,1003
284481,1006,1010
284482,1005,1012
284483,1005,1012
284484,1001,1012
284485,1000,1014
284486,1003,1021
284487,1006,1022
284488,1009,1026
284489,1008,1024
284490,1006,1023
284491,1003,1025
284492,1004,1029
284493,1005,1031
284494,1007,1032
284495,1007,1032
284496,1004,1029
284497,1001,1032
284498,1003,1033
284499,1004,1036
284500,1005,1036
284501,1005,1035
284502,1001,1035
284503,1001,1033
284504,1002,1038
284505,1005,1039
284506,1008,1039
284507,1006,1034
284508,1004,1031
284509,1001,1030
284510,1000,1034
284511,1005,1035
284512,1006,1034
284513,1006,1032
284514,1003,1029
284515,1004,1030
284516,1010,1034
284517,1015,1036
284518,1021,1037
284519,1016,1031
284520,1007,1030
284521,1004,1032
284522,1001,1035
284523,1002,1037
284524,1007,1037
284525,1009,1038
284526,1010,1043
284527,1016,1046
284528,1019,1050
284529,1018,1052
284530,1009,1047
284531,1001,1042
284532,997,1029
284533,1000,1021
284534,1006,1016
284535,1013,1019
284536,1015,1019
284537,1014,1023
284538,1012,1023
284539,1013,1021
284540,1013,1021
284541,1015,1025
284542,1013,1025
284543,1014,1024
284544,1016,1018
284545,1021,1018
284546,1031,1020
284547,1049,1021
284548,1069,1019
284549,1089,1012
284550,1113,1006
284551,1141,997
284552,1170,988
284553,1206,987
284554,1243,982
284555,1279,984
284556,1306,992
284557,1315,1010
284558,1304,1029
284559,1266,1038
284560,1208,1046
284561,1147,1055
284562,1094,1065
284563,1043,1072
284564,1007,1074
284565,992,1071
284566,997,1056
284567,1008,1040
284568,1017,1023
284569,1015,1011
284570,1011,1007
284571,1005,1011
284572,1003,1014
284573,1000,1017
284574,1001,1019
284575,1000,1025
284576,999,1028
284577,999,1030
284578,998,1026
284579,997,1022
284580,999,1022
284581,1001,1020
284582,997,1027
284583,990,1031
284584,991,1032
284585,992,1032
284586,993,1029
284587,991,1029
284588,991,1033
284589,990,1036
284590,990,1034
284591,983,1034
284592,974,1035
284593,973,1038
284594,978,1040
284595,985,1042
284596,989,1043
284597,990,1040
284598,989,1038
284599,982,1038
284600,980,1044
284601,980,1044
284602,985,1046
284603,984,1046
284604,983,1043
284605,982,1043
284606,985,1045
284607,988,1047
284608,989,1050
284609,985,1050
284610,980,1048
284611,977,1050
284612,981,1048
284613,984,1044
284614,985,1044
284615,987,1041
284616,985,1040
284617,985,1032
284618,988,1027
284619,990,1022
284620,993,1023
284621,991,1020
284622,989,1021
284623,989,1023
284624,993,1024
284625,995,1023
284626,999,1021
284627,996,1017
284628,999,1014
284629,995,1016
284630,1002,1017
284631,1003,1020
284632,1007,1020
284633,1008,1015
284634,1006,1012
284635,1005,1012
284636,1013,1011
284637,1019,1012
284638,1025,1009
284639,1025,1004
284640,1018,1002
284641,1017,1003
284642,1013,1011
284643,1015,1015
284644,1013,1017
284645,1015,1017
284646,1016,1014
284647,1019,1010
284648,1024,1006
284649,1027,1006
284650,1032,1004
284651,1032,1003
284652,1030,1003
284653,1031,1004
284654,1037,1008
284655,1043,1012
284656,1045,1011
284657,1042,1009
284658,1038,1010
284659,1036,1019
284660,1035,1025
284661,1039,1022
284662,1035,1014
284663,1027,1005
284664,1025,1002
284665,1024,1003
284666,1032,1010
284667,1035,1016
284668,1037,1018
284669,1032,1021
284670,1022,1025
284671,1017,1032
284672,1019,1030
284673,1023,1026
284674,1027,1019
284675,1026,1018
284676,1023,1017
284677,1019,1019
284678,1015,1025
284679,1014,1031
284680,1016,1033
284681,1013,1032
284682,1010,1032
284683,1006,1033
284684,1006,1033
284685,1007,1037
284686,1011,1036
284687,1010,1035
284688,1008,1035
284689,1003,1036
284690,1002,1039
284691,1005,1040
284692,1008,1039
284693,1004,1035
284694,1004,1031
284695,1003,1032
284696,1004,1035
284697,1010,1036
284698,1010,1034
284699,1007,1034
284700,1002,1034
284701,999,1039
284702,1000,1044
284703,1001,1046
284704,1005,1045
284705,1003,1037
284706,1003,1028
284707,1002,1025
284708,1003,1026
284709,1005,1029
284710,1006,1026
284711,1004,1027
284712,998,1027
284713,999,1030
284714,1004,1033
284715,1008,1037
284716,1010,1036
284717,1005,1036
284718,1008,1033
284719,1004,1038
284720,1010,1042
284721,1014,1043
284722,1016,1036
284723,1014,1026
284724,1011,1021
284725,1013,1020
284726,1012,1024
284727,998,1027
284728,986,1026
284729,981,1019
284730,984,1010
284731,985,1010
284732,990,1015
284733,992,1019
284734,997,1020
284735,1000,1020
284736,1002,1016
284737,1007,1018
284738,1011,1021
284739,1009,1024
284740,1004,1023
284741,995,1026
284742,988,1024
284743,987,1027
284744,991,1029
284745,996,1030
284746,999,1030
284747,998,1031
284748,996,1026
284749,997,1030
284750,1001,1032
284751,1004,1038
284752,1006,1042
284753,999,1045
284754,993,1046
284755,986,1046
284756,985,1041
284757,990,1038
284758,993,1032
284759,995,1026
284760,994,1021
284761,993,1020
284762,994,1023
284763,997,1027
284764,1000,1034
284765,1003,1030
284766,1002,1027
284767,998,1030
284768,998,1035
284769,1000,1035
284770,1002,1034
284771,1002,1027
284772,999,1024
284773,995,1022
284774,996,1025
284775,1000,1031
284776,1003,1032
284777,1000,1030
284778,996,1027
284779,996,1029
284780,1000,1031
284781,1000,1035
284782,1003,1031
284783,1001,1025
284784,999,1023
284785,1001,1020
284786,1010,1023
284787,1021,1027
284788,1034,1025
284789,1046,1016
284790,1065,1011
284791,1088,1002
284792,1123,998
284793,1160,998
284794,1203,998
284795,1242,1001
284796,1270,1013
284797,1285,1032
284798,1285,1047
284799,1258,1049
284800,1214,1042
284801,1156,1040
284802,1095,1048
284803,1036,1064
284804,987,1075
284805,958,1086
284806,962,1086
284807,966,1078
284808,969,1060
284809,965,1050
284810,969,1039
284811,977,1026
284812,987,1017
284813,986,1011
284814,983,1011
284815,980,1014
284816,980,1018
284817,982,1022
284818,981,1022
284819,979,1019
284820,972,1020
284821,969,1022
284822,972,1026
284823,974,1027
284824,973,1028
284825,971,1025
284826,968,1023
284827,971,1023
284828,972,1024
284829,976,1028
284830,977,1025
284831,973,1027
284832,967,1023
284833,963,1023
284834,965,1025
284835,970,1030
284836,971,1028
284837,967,1024
284838,965,1026
284839,967,1028
284840,967,1029
284841,969,1033
284842,972,1033
284843,972,1033
284844,973,1029
284845,975,1032
284846,978,1035
284847,979,1044
284848,973,1054
284849,967,1058
284850,961,1054
284851,963,1042
284852,968,1026
284853,974,1014
284854,979,1011
284855,976,1012
284856,972,1015
284857,974,1012
284858,975,1014
284859,979,1013
284860,979,1007
284861,976,1003
284862,973,998
284863,974,1001
284864,979,1005
284865,982,1007
284866,980,1004
284867,979,1000
284868,977,998
284869,977,999
284870,979,1002
284871,982,1004
284872,984,1000
284873,983,995
284874,986,993
284875,990,993
284876,994,995
284877,999,996
284878,998,987
284879,994,983
284880,988,978
284881,989,978
284882,993,983
284883,1000,986
284884,1006,989
284885,1008,990
284886,1015,997
284887,1013,1008
284888,1003,1018
284889,988,1023
284890,980,1008
284891,981,991
284892,990,970
284893,994,962
284894,1001,964
284895,1004,971
284896,1005,975
284897,1003,979
284898,1002,979
284899,1000,983
284900,1006,987
284901,1009,990
284902,1010,989
284903,1008,987
284904,1006,991
284905,1001,995
284906,1000,1000
284907,998,1008
284908,999,1009
284909,996,1008
284910,993,1009
284911,989,1013
284912,990,1019
284913,989,1025
284914,991,1025
284915,987,1025
284916,983,1023
284917,982,1024
284918,985,1027
284919,984,1034
284920,988,1033
284921,986,1032
284922,984,1029
284923,985,1032
284924,987,1040
284925,989,1043
284926,992,1042
284927,991,1038
284928,987,1036
284929,983,1041
284930,982,1051
284931,980,1057
284932,979,1054
284933,979,1041
284934,977,1037
284935,978,1035
284936,980,1031
284937,982,1026
284938,985,1020
284939,986,1022
284940,987,1024
284941,987,1030
284942,989,1035
284943,994,1040
284944,996,1041
284945,991,1040
284946,986,1033
284947,985,1033
284948,989,1032
284949,994,1036
284950,996,1034
284951,993,1032
284952,992,1032
284953,989,1031
284954,993,1034
284955,995,1037
284956,997,1036
284957,992,1035
284958,988,1033
284959,992,1031
284960,994,1036
284961,996,1035
284962,998,1036
284963,993,1037
284964,990,1041
284965,987,1047
284966,986,1049
284967,988,1042
284968,991,1033
284969,994,1027
284970,991,1029
284971,988,1028
284972,991,1030
284973,993,1029
284974,992,1030
284975,991,1027
284976,987,1026
284977,988,1028
284978,988,1034
284979,993,1039
284980,994,1038
284981,992,1040
284982,995,1041
284983,995,1040
284984,996,1040
284985,993,1039
284986,988,1037
284987,987,1037
284988,984,1037
284989,983,1037
284990,988,1038
284991,991,1039
284992,992,1040
284993,991,1038
284994,989,1036
284995,989,1035
284996,992,1037
284997,991,1039
284998,995,1035
284999,991,1034
285000,989,1030
285001,986,1033
285002,987,1036
285003,991,1038
285004,992,1038
285005,988,1039
285006,986,1041
285007,987,1044
285008,990,1046
285009,997,1045
285010,998,1034
285011,992,1021
285012,986,1018
285013,981,1021
285014,984,1028
285015,990,1039
285016,995,1037
285017,999,1035
285018,996,1030
285019,991,1027
285020,987,1031
285021,986,1037
285022,986,1037
285023,987,1036
285024,985,1035
285025,984,1035
285026,986,1039
285027,988,1043
285028,992,1045
285029,992,1047
285030,988,1048
285031,987,1046
285032,987,1044
285033,989,1040
285034,989,1038
285035,989,1039
285036,985,1038
285037,982,1042
285038,987,1047
285039,986,1051
285040,989,1048
285041,988,1043
285042,988,1036
285043,987,1038
285044,992,1041
285045,992,1044
285046,993,1043
285047,991,1041
285048,988,1043
285049,986,1049
285050,987,1058
285051,992,1062
285052,992,1054
285053,994,1041
285054,995,1032
285055,995,1033
285056,993,1046
285057,993,1060
285058,990,1069
285059,989,1056
285060,990,1039
285061,992,1027
285062,993,1022
285063,997,1024
285064,992,1027
285065,989,1028
285066,986,1031
285067,984,1033
285068,989,1035
285069,995,1037
285070,996,1034
285071,993,1034
285072,990,1031
285073,989,1029
285074,992,1034
285075,992,1039
285076,991,1038
285077,991,1036
285078,991,1038
285079,991,1044
285080,993,1051
285081,995,1060
285082,998,1058
285083,999,1045
285084,992,1031
285085,988,1025
285086,984,1024
285087,986,1030
285088,988,1033
285089,988,1039
285090,986,1042
285091,987,1050
285092,989,1052
285093,994,1044
285094,994,1038
285095,991,1036
285096,989,1035
285097,987,1041
285098,988,1045
285099,992,1046
285100,996,1042
285101,999,1036
285102,995,1032
285103,993,1032
285104,993,1035
285105,987,1038
285106,987,1039
285107,989,1039
285108,990,1044
285109,992,1049
285110,992,1057
285111,995,1059
285112,998,1052
285113,996,1039
285114,994,1029
285115,992,1026
285116,988,1027
285117,987,1031
285118,990,1031
285119,990,1032
285120,991,1035
285121,989,1037
285122,992,1044
285123,995,1048
285124,997,1046
285125,995,1041
285126,987,1036
285127,987,1037
285128,988,1043
285129,990,1044
285130,993,1038
285131,993,1033
285132,990,1031
285133,990,1033
285134,993,1037
285135,994,1045
285136,993,1047
285137,991,1048
285138,989,1048
285139,987,1044
285140,991,1042
285141,994,1041
285142,993,1037
285143,993,1042
285144,990,1046
285145,990,1043
285146,992,1039
285147,995,1038
285148,997,1036
285149,999,1037
285150,999,1035
285151,994,1037
285152,994,1040
285153,994,1043
285154,995,1042
285155,993,1042
285156,989,1038
285157,988,1040
285158,990,1046
285159,995,1050
285160,1000,1046
285161,998,1040
285162,996,1033
285163,995,1032
285164,998,1034
285165,997,1035
285166,996,1035
285167,997,1034
285168,994,1030
285169,996,1033
285170,997,1035
285171,999,1040
285172,1001,1040
285173,1000,1039
285174,999,1036
285175,999,1038
285176,1001,1042
285177,1000,1044
285178,1003,1043
285179,1000,1040
285180,994,1038
285181,993,1039
285182,997,1041
285183,1001,1041
285184,1001,1038
285185,997,1039
285186,994,1036
285187,994,1038
285188,997,1041
285189,998,1047
285190,997,1046
285191,996,1045
285192,1000,1038
285193,999,1037
285194,1001,1038
285195,1003,1034
285196,1008,1032
285197,1017,1030
285198,1023,1028
285199,1039,1027
285200,1062,1027
285201,1087,1024
285202,1114,1020
285203,1145,1006
285204,1176,990
285205,1211,978
285206,1248,976
285207,1286,985
285208,1310,995
285209,1316,1004
285210,1291,1009
285211,1241,1015
285212,1184,1024
285213,1131,1032
285214,1082,1037
285215,1029,1038
285216,991,1035
285217,973,1040
285218,978,1041
285219,993,1034
285220,1005,1029
285221,1005,1026
285222,995,1029
285223,990,1030
285224,993,1035
285225,995,1038
285226,995,1037
285227,985,1034
285228,978,1036
285229,977,1037
285230,977,1042
285231,978,1044
285232,979,1043
285233,975,1041
285234,973,1040
285235,969,1043
285236,973,1048
285237,973,1053
285238,975,1053
285239,975,1056
285240,972,1051
285241,976,1043
285242,978,1042
285243,981,1041
285244,981,1041
285245,979,1039
285246,979,1037
285247,979,1042
285248,982,1045
285249,988,1048
285250,990,1051
285251,990,1052
285252,983,1049
285253,978,1045
285254,977,1040
285255,980,1039
285256,982,1035
285257,980,1036
285258,981,1035
285259,978,1035
285260,984,1039
285261,988,1042
285262,986,1042
285263,982,1043
285264,984,1042
285265,983,1041
285266,986,1042
285267,989,1039
285268,988,1035
285269,987,1035
285270,981,1034
285271,977,1035
285272,978,1036
285273,979,1038
285274,983,1037
285275,983,1035
285276,980,1032
285277,978,1030
285278,983,1030
285279,990,1031
285280,989,1029
285281,989,1026
285282,987,1025
285283,987,1026
285284,992,1028
285285,1000,1029
285286,1003,1027
285287,1006,1023
285288,1003,1019
285289,1003,1017
285290,1008,1019
285291,1014,1019
285292,1018,1021
285293,1016,1017
285294,1015,1015
285295,1015,1012
285296,1021,1017
285297,1024,1017
285298,1027,1016
285299,1024,1014
285300,1025,1012
285301,1026,1012
285302,1031,1015
285303,1037,1018
285304,1037,1019
285305,1037,1016
285306,1040,1015
285307,1041,1017
285308,1044,1014
285309,1045,1019
285310,1038,1016
285311,1033,1015
285312,1023,1022
285313,1012,1033
285314,1006,1038
285315,1008,1029
285316,1012,1015
285317,1014,1009
285318,1009,1011
285319,1008,1022
285320,1003,1032
285321,1006,1041
285322,1004,1043
285323,1000,1037
285324,997,1029
285325,1000,1023
285326,1000,1023
285327,1001,1027
285328,1000,1031
285329,998,1032
285330,993,1031
285331,990,1036
285332,989,1039
285333,993,1044
285334,995,1042
285335,997,1041
285336,995,1041
285337,992,1039
285338,992,1045
285339,989,1046
285340,990,1047
285341,990,1044
285342,990,1043
285343,991,1042
285344,992,1045
285345,994,1045
285346,996,1046
285347,997,1040
285348,997,1038
285349,994,1036
285350,995,1041
285351,996,1042
285352,995,1041
285353,995,1038
285354,994,1037
285355,994,1037
285356,1000,1039
285357,1002,1043
285358,1002,1049
285359,1000,1047
285360,994,1041
285361,994,1043
285362,995,1050
285363,1001,1047
285364,1004,1037
285365,998,1026
285366,985,1024
285367,984,1025
285368,990,1032
285369,993,1033
285370,995,1031
285371,993,1027
285372,992,1024
285373,991,1026
285374,995,1029
285375,996,1030
285376,996,1030
285377,996,1029
285378,992,1029
285379,989,1029
285380,991,1035
285381,992,1045
285382,994,1052
285383,992,1057
285384,991,1055
285385,991,1043
285386,991,1030
285387,995,1024
285388,995,1021
285389,993,1019
285390,988,1020
285391,987,1026
285392,988,1030
285393,990,1033
285394,992,1030
285395,991,1029
285396,989,1026
285397,987,1027
285398,991,1025
285399,992,1028
285400,990,1028
285401,987,1026
285402,984,1031
285403,986,1031
285404,991,1034
285405,992,1037
285406,990,1036
285407,987,1036
285408,988,1039
285409,988,1042
285410,993,1041
285411,994,1038
285412,994,1029
285413,989,1024
285414,985,1021
285415,985,1023
285416,996,1024
285417,1009,1026
285418,1022,1026
285419,1038,1029
285420,1061,1026
285421,1088,1018
285422,1124,1006
285423,1170,989
285424,1218,983
285425,1263,991
285426,1295,1017
285427,1292,1038
285428,1255,1045
285429,1195,1049
285430,1121,1056
285431,1050,1064
285432,990,1070
285433,948,1073
285434,939,1067
285435,951,1061
285436,968,1047
285437,973,1036
285438,975,1030
285439,974,1027
285440,974,1032
285441,976,1037
285442,975,1036
285443,971,1037
285444,967,1035
285445,961,1038
285446,962,1041
285447,966,1043
285448,968,1039
285449,966,1031
285450,962,1027
285451,960,1026
285452,963,1028
285453,966,1033
285454,963,1033
285455,961,1032
285456,959,1032
285457,959,1035
285458,958,1036
285459,959,1038
285460,961,1034
285461,962,1024
285462,955,1018
285463,958,1020
285464,959,1029
285465,962,1039
285466,962,1040
285467,959,1033
285468,961,1023
285469,960,1013
285470,963,1011
285471,963,1010
285472,963,1011
285473,964,1011
285474,962,1013
285475,963,1015
285476,964,1017
285477,964,1020
285478,959,1021
285479,954,1017
285480,949,1015
285481,948,1019
285482,951,1020
285483,957,1021
285484,964,1020
285485,965,1014
285486,964,1011
285487,961,1009
285488,965,1014
285489,971,1013
285490,972,1013
285491,973,1007
285492,973,1001
285493,975,1002
285494,977,1003
285495,980,1003
285496,980,1003
285497,982,998
285498,982,995
285499,984,995
285500,983,994
285501,984,995
285502,987,989
285503,989,982
285504,989,976
285505,994,973
285506,996,976
285507,997,981
285508,992,978
285509,988,977
285510,985,975
285511,986,980
285512,991,977
285513,996,973
285514,998,966
285515,996,967
285516,991,971
285517,992,981
285518,995,991
285519,998,996
285520,999,991
285521,997,979
285522,988,977
285523,984,983
285524,984,993
285525,988,999
285526,987,1003
285527,984,1004
285528,978,1005
285529,976,1009
285530,979,1016
285531,980,1025
285532,981,1025
285533,976,1029
285534,971,1027
285535,970,1031
285536,973,1035
285537,974,1038
285538,973,1039
285539,970,1038
285540,969,1033
285541,967,1035
285542,967,1038
285543,971,1040
285544,968,1042
285545,970,1039
285546,968,1040
285547,969,1041
285548,970,1044
285549,974,1047
285550,970,1048
285551,968,1046
285552,965,1044
285553,965,1043
285554,966,1043
285555,968,1046
285556,970,1045
285557,968,1043
285558,968,1041
285559,972,1044
285560,978,1046
285561,983,1050
285562,981,1049
285563,974,1043
285564,967,1037
285565,961,1037
285566,966,1038
285567,967,1039
285568,971,1039
285569,973,1038
285570,971,1035
285571,969,1033
285572,972,1038
285573,976,1038
285574,979,1042
285575,980,1041
285576,977,1039
285577,972,1038
285578,974,1037
285579,977,1034
285580,979,1032
285581,977,1029
285582,974,1027
285583,971,1032
285584,975,1036
285585,976,1036
285586,978,1038
285587,977,1035
285588,975,1034
285589,971,1035
285590,972,1038
285591,975,1039
285592,976,1041
285593,972,1038
285594,967,1035
285595,966,1035
285596,969,1037
285597,973,1041
285598,973,1042
285599,966,1039
285600,963,1040
285601,961,1045
285602,960,1043
285603,963,1046
285604,963,1038
285605,959,1034
285606,956,1029
285607,957,1034
285608,959,1034
285609,964,1037
285610,963,1031
285611,965,1030
285612,961,1030
285613,960,1036
285614,965,1042
285615,971,1045
285616,973,1045
285617,968,1044
285618,962,1041
285619,961,1041
285620,967,1040
285621,971,1037
285622,977,1038
285623,977,1038
285624,968,1040
285625,965,1043
285626,965,1046
285627,969,1047
285628,975,1044
285629,977,1038
285630,972,1035
285631,967,1036
285632,967,1043
285633,969,1045
285634,970,1045
285635,967,1041
285636,961,1039
285637,962,1038
285638,964,1038
285639,966,1036
285640,966,1033
285641,962,1031
285642,957,1032
285643,959,1032
285644,963,1039
285645,961,1043
285646,959,1043
285647,959,1041
285648,960,1038
285649,960,1040
285650,962,1043
285651,964,1046
285652,965,1044
285653,961,1045
285654,958,1042
285655,960,1044
285656,964,1043
285657,970,1042
285658,971,1044
285659,967,1042
285660,960,1041
285661,961,1045
285662,965,1043
285663,968,1042
285664,967,1037
285665,965,1033
285666,962,1034
285667,963,1036
285668,968,1038
285669,972,1042
285670,970,1042
285671,968,1040
285672,964,1038
285673,963,1039
285674,963,1046
285675,967,1051
285676,968,1050
285677,968,1046
285678,966,1039
285679,968,1036
285680,971,1037
285681,975,1038
285682,972,1039
285683,967,1037
285684,967,1037
285685,968,1035
285686,969,1036
285687,969,1038
285688,967,1036
285689,963,1038
285690,960,1037
285691,962,1039
285692,965,1042
285693,970,1050
285694,973,1048
285695,967,1044
285696,964,1039
285697,963,1036
285698,963,1035
285699,964,1038
285700,962,1039
285701,961,1041
285702,960,1037
285703,963,1038
285704,965,1042
285705,966,1045
285706,962,1047
285707,963,1046
285708,960,1044
285709,961,1046
285710,961,1047
285711,965,1047
285712,967,1046
285713,965,1041
285714,964,1039
285715,963,1038
285716,967,1036
285717,970,1039
285718,974,1036
285719,973,1037
285720,968,1035
285721,964,1038
285722,963,1044
285723,967,1046
285724,971,1041
285725,974,1038
285726,971,1040
285727,970,1043
285728,970,1045
285729,972,1045
285730,973,1043
285731,969,1037
285732,967,1034
285733,968,1038
285734,970,1043
285735,970,1044
285736,968,1042
285737,964,1039
285738,963,1037
285739,963,1038
285740,964,1040
285741,968,1041
285742,968,1038
285743,967,1036
285744,969,1031
285745,968,1030
285746,969,1033
285747,969,1040
285748,970,1041
285749,967,1041
285750,964,1040
285751,965,1039
285752,970,1039
285753,973,1041
285754,972,1041
285755,970,1040
285756,969,1041
285757,973,1039
285758,974,1037
285759,974,1036
285760,974,1035
285761,971,1035
285762,970,1037
285763,970,1035
285764,972,1040
285765,972,1039
285766,970,1036
285767,970,1034
285768,968,1031
285769,966,1037
285770,968,1038
285771,972,1042
285772,973,1040
285773,971,1041
285774,968,1036
285775,967,1038
285776,970,1044
285777,972,1046
285778,973,1045
285779,972,1042
285780,971,1039
285781,972,1040
285782,978,1040
285783,983,1041
285784,985,1037
285785,984,1036
285786,979,1035
285787,980,1032
285788,982,1032
285789,985,1033
285790,990,1028
285791,998,1027
285792,1011,1023
285793,1027,1024
285794,1046,1023
285795,1071,1014
285796,1103,998
285797,1136,985
285798,1176,982
285799,1217,986
285800,1258,997
285801,1285,1013
285802,1289,1025
285803,1257,1027
285804,1204,1025
285805,1136,1034
285806,1076,1047
285807,1022,1061
285808,972,1070
285809,936,1074
285810,933,1071
285811,944,1065
285812,958,1055
285813,972,1051
285814,976,1042
285815,973,1038
285816,964,1037
285817,963,1039
285818,961,1042
285819,962,1043
285820,960,1042
285821,960,1041
285822,957,1040
285823,960,1041
285824,960,1045
285825,961,1047
285826,958,1044
285827,955,1043
285828,950,1034
285829,952,1033
285830,954,1034
285831,957,1036
285832,958,1033
285833,956,1030
285834,953,1032
285835,951,1034
285836,953,1036
285837,959,1037
285838,955,1034
285839,955,1034
285840,956,1032
285841,954,1035
285842,956,1035
285843,960,1036
285844,964,1036
285845,958,1031
285846,955,1029
285847,955,1033
285848,958,1036
285849,962,1036
285850,963,1037
285851,960,1034
285852,957,1032
285853,959,1033
285854,962,1033
285855,965,1034
285856,964,1030
285857,961,1027
285858,958,1026
285859,960,1032
285860,960,1038
285861,966,1041
285862,967,1040
285863,965,1034
285864,964,1026
285865,965,1024
285866,969,1024
285867,974,1030
285868,977,1032
285869,983,1028
285870,978,1024
285871,972,1024
285872,969,1025
285873,975,1022
285874,977,1009
285875,977,1000
285876,974,994
285877,974,997
285878,978,999
285879,986,1000
285880,985,995
285881,986,994
285882,987,992
285883,987,995
285884,990,996
285885,994,1000
285886,993,998
285887,994,994
285888,993,993
285889,989,995
285890,992,1000
285891,996,1002
285892,1000,1001
285893,998,995
285894,996,996
285895,994,999
285896,998,1003
285897,1004,1008
285898,1005,1005
285899,1005,1004
285900,1002,1004
285901,1004,1005
285902,1003,1010
285903,1004,1013
285904,1004,1015
285905,1003,1012
285906,999,1015
285907,1003,1014
285908,1007,1020
285909,1009,1022
285910,1005,1024
285911,1002,1024
285912,998,1021
285913,997,1026
285914,997,1030
285915,997,1034
285916,995,1034
285917,993,1030
285918,989,1029
285919,988,1030
285920,990,1035
285921,991,1036
285922,988,1035
285923,985,1033
285924,981,1035
285925,979,1039
285926,982,1042
285927,985,1043
285928,983,1037
285929,980,1035
285930,975,1031
285931,975,1032
285932,977,1037
285933,980,1040
285934,978,1038
285935,976,1038
285936,975,1038
285937,976,1040
285938,981,1043
285939,983,1043
285940,985,1039
285941,979,1041
285942,977,1038
285943,975,1039
285944,977,1040
285945,983,1041
285946,985,1040
285947,985,1037
285948,984,1036
285949,984,1038
285950,987,1043
285951,991,1045
285952,991,1042
285953,989,1040
285954,985,1042
285955,984,1043
285956,984,1047
285957,988,1050
285958,990,1047
285959,989,1039
285960,987,1036
285961,986,1038
285962,989,1041
285963,993,1044
285964,994,1043
285965,992,1041
285966,990,1045
285967,990,1047
285968,991,1048
285969,993,1044
285970,992,1038
285971,991,1031
285972,986,1031
285973,984,1034
285974,984,1034
285975,986,1037
285976,990,1036
285977,991,1036
285978,991,1031
285979,988,1034
285980,989,1038
285981,990,1040
285982,988,1039
285983,985,1035
285984,981,1032
285985,981,1033
285986,983,1036
285987,984,1040
285988,982,1037
285989,983,1035
285990,978,1033
285991,977,1033
285992,977,1038
285993,981,1040
285994,982,1040
285995,981,1038
285996,978,1038
285997,981,1041
285998,981,1041
285999,983,1044
286000,982,1044
286001,981,1044
286002,978,1042
286003,978,1040
286004,982,1042
286005,985,1044
286006,987,1045
286007,983,1046
286008,981,1042
286009,979,1042
286010,980,1045
286011,980,1045
286012,981,1046
286013,983,1043
286014,982,1041
286015,981,1045
286016,985,1046
286017,989,1049
286018,988,1048
286019,985,1045
286020,983,1043
286021,981,1044
286022,982,1046
286023,987,1048
286024,989,1043
286025,986,1042
286026,983,1044
286027,982,1046
286028,988,1048
286029,990,1046
286030,990,1042
286031,988,1037
286032,983,1032
286033,986,1035
286034,992,1036
286035,1004,1037
286036,1018,1035
286037,1028,1032
286038,1044,1029
286039,1068,1028
286040,1106,1018
286041,1142,1006
286042,1183,995
286043,1221,987
286044,1257,987
286045,1297,1001
286046,1320,1019
286047,1319,1032
286048,1291,1037
286049,1236,1035
286050,1171,1041
286051,1106,1060
286052,1040,1071
286053,984,1077
286054,944,1081
286055,933,1075
286056,941,1065
286057,953,1058
286058,966,1057
286059,977,1056
286060,979,1051
286061,977,1043
286062,973,1038
286063,971,1039
286064,972,1043
286065,974,1047
286066,970,1045
286067,970,1039
286068,964,1039
286069,964,1042
286070,965,1050
286071,966,1053
286072,962,1052
286073,957,1048
286074,954,1042
286075,953,1041
286076,956,1041
286077,959,1044
286078,960,1042
286079,960,1039
286080,958,1039
286081,956,1042
286082,956,1045
286083,960,1044
286084,958,1041
286085,955,1036
286086,954,1035
286087,957,1036
286088,961,1042
286089,962,1045
286090,963,1045
286091,961,1041
286092,958,1039
286093,956,1041
286094,957,1046
286095,961,1049
286096,963,1050
286097,961,1043
286098,958,1039
286099,957,1039
286100,959,1039
286101,960,1041
286102,964,1042
286103,964,1043
286104,962,1043
286105,960,1043
286106,962,1050
286107,968,1055
286108,970,1054
286109,970,1044
286110,969,1033
286111,969,1029
286112,969,1030
286113,977,1031
286114,980,1031
286115,978,1030
286116,976,1030
286117,977,1032
286118,982,1034
286119,990,1032
286120,988,1025
286121,989,1015
286122,989,1003
286123,988,1003
286124,994,1006
286125,993,1008
286126,997,1005
286127,996,1005
286128,996,1003
286129,1000,1003
286130,1001,1003
286131,1006,1001
286132,1004,1002
286133,1001,999
286134,996,999
286135,998,1002
286136,1003,1001
286137,1007,1002
286138,1011,1002
286139,1008,999
286140,1006,1001
286141,1005,1003
286142,1008,1005
286143,1011,1009
286144,1012,1008
286145,1011,1006
286146,1008,1005
286147,1008,1006
286148,1008,1012
286149,1013,1015
286150,1011,1018
286151,1008,1017
286152,1003,1019
286153,1001,1020
286154,1000,1023
286155,998,1029
286156,996,1032
286157,992,1032
286158,988,1036
286159,987,1040
286160,983,1041
286161,987,1045
286162,986,1044
286163,981,1045
286164,976,1044
286165,974,1048
286166,974,1054
286167,975,1057
286168,975,1056
286169,974,1053
286170,970,1048
286171,970,1046
286172,974,1048
286173,976,1050
286174,975,1050
286175,972,1051
286176,968,1051
286177,968,1059
286178,972,1066
286179,979,1066
286180,979,1061
286181,977,1053
286182,974,1047
286183,971,1047
286184,974,1052
286185,975,1052
286186,976,1049
286187,975,1044
286188,974,1043
286189,975,1043
286190,978,1048
286191,980,1051
286192,980,1051
286193,977,1050
286194,974,1046
286195,974,1051
286196,979,1049
286197,980,1053
286198,983,1049
286199,983,1047
286200,977,1044
286201,976,1046
286202,977,1049
286203,980,1051
286204,981,1050
286205,980,1046
286206,977,1044
286207,976,1044
286208,976,1048
286209,980,1050
286210,977,1049
286211,976,1049
286212,972,1048
286213,971,1045
286214,974,1050
286215,976,1049
286216,974,1049
286217,973,1048
286218,969,1048
286219,972,1052
286220,975,1054
286221,981,1056
286222,983,1053
286223,979,1049
286224,975,1048
286225,971,1050
286226,971,1057
286227,975,1066
286228,973,1063
286229,971,1054
286230,970,1050
286231,971,1048
286232,973,1051
286233,978,1053
286234,978,1058
286235,977,1057
286236,974,1059
286237,973,1064
286238,977,1063
286239,981,1060
286240,981,1051
286241,984,1045
286242,983,1040
286243,984,1044
286244,983,1049
286245,983,1053
286246,983,1052
286247,982,1049
286248,981,1048
286249,981,1051
286250,986,1055
286251,988,1056
286252,987,1053
286253,984,1049
286254,983,1049
286255,981,1050
286256,982,1052
286257,983,1055
286258,983,1055
286259,979,1052
286260,976,1050
286261,976,1051
286262,976,1050
286263,980,1050
286264,980,1048
286265,981,1043
286266,978,1040
286267,980,1036
286268,994,1041
286269,1008,1041
286270,1023,1035
286271,1044,1031
286272,1062,1028
286273,1090,1024
286274,1129,1020
286275,1171,1017
286276,1210,1013
286277,1248,1015
286278,1285,1025
286279,1311,1039
286280,1318,1051
286281,1300,1054
286282,1251,1048
286283,1190,1051
286284,1123,1059
286285,1057,1074
286286,998,1086
286287,960,1093
286288,944,1088
286289,945,1073
286290,957,1054
286291,968,1039
286292,978,1034
286293,978,1038
286294,978,1038
286295,972,1040
286296,967,1040
286297,966,1044
286298,967,1048
286299,965,1050
286300,960,1048
286301,961,1048
286302,957,1049
286303,957,1049
286304,960,1052
286305,961,1054
286306,960,1053
286307,956,1052
286308,953,1050
286309,954,1052
286310,954,1054
286311,957,1055
286312,958,1054
286313,954,1049
286314,953,1049
286315,951,1051
286316,951,1053
286317,954,1056
286318,955,1059
286319,952,1054
286320,950,1051
286321,950,1051
286322,951,1053
286323,954,1056
286324,954,1055
286325,951,1057
286326,945,1056
286327,947,1055
286328,948,1059
286329,955,1052
286330,956,1048
286331,954,1047
286332,951,1046
286333,951,1049
286334,955,1051
286335,959,1053
286336,961,1051
286337,959,1050
286338,960,1047
286339,959,1048
286340,961,1047
286341,963,1052
286342,963,1050
286343,960,1046
286344,961,1045
286345,962,1043
286346,966,1044
286347,969,1043
286348,972,1039
286349,968,1033
286350,967,1029
286351,964,1030
286352,969,1027
286353,970,1029
286354,974,1025
286355,977,1020
286356,975,1019
286357,976,1021
286358,978,1024
286359,983,1024
286360,984,1023
286361,986,1021
286362,984,1020
286363,985,1019
286364,989,1018
286365,996,1020
286366,996,1013
286367,993,1007
286368,991,1006
286369,989,1007
286370,992,1011
286371,993,1012
286372,993,1011
286373,993,1005
286374,993,1004
286375,993,1005
286376,998,1011
286377,1002,1015
286378,1003,1014
286379,1001,1014
286380,997,1014
286381,996,1016
286382,1000,1021
286383,999,1024
286384,1000,1026
286385,999,1024
286386,996,1027
286387,996,1027
286388,998,1030
286389,1000,1033
286390,1002,1035
286391,997,1036
286392,992,1037
286393,988,1042
286394,987,1048
286395,988,1050
286396,983,1050
286397,983,1044
286398,978,1041
286399,976,1042
286400,977,1044
286401,978,1049
286402,976,1046
286403,972,1044
286404,967,1042
286405,967,1047
286406,967,1052
286407,968,1058
286408,970,1058
286409,968,1058
286410,968,1054
286411,969,1052
286412,969,1054
286413,975,1057
286414,971,1056
286415,968,1056
286416,965,1056
286417,963,1055
286418,966,1057
286419,968,1063
286420,969,1061
286421,969,1057
286422,965,1055
286423,964,1060
286424,962,1061
286425,963,1062
286426,963,1060
286427,962,1057
286428,959,1056
286429,963,1054
286430,965,1058
286431,970,1061
286432,970,1061
286433,965,1058
286434,964,1055
286435,962,1054
286436,969,1061
286437,973,1063
286438,973,1062
286439,971,1056
286440,969,1051
286441,967,1049
286442,969,1052
286443,972,1053
286444,970,1057
286445,967,1057
286446,964,1058
286447,965,1058
286448,969,1058
286449,971,1053
286450,974,1049
286451,971,1044
286452,968,1042
286453,970,1045
286454,973,1050
286455,973,1052
286456,974,1048
286457,972,1045
286458,968,1044
286459,968,1046
286460,967,1049
286461,971,1053
286462,971,1050
286463,971,1047
286464,968,1043
286465,967,1046
286466,968,1053
286467,968,1055
286468,966,1059
286469,964,1061
286470,962,1062
286471,964,1067
286472,966,1073
286473,969,1071
286474,966,1070
286475,968,1057
286476,964,1043
286477,964,1034
286478,965,1034
286479,964,1035
286480,966,1038
286481,962,1036
286482,960,1037
286483,960,1041
286484,963,1045
286485,966,1047
286486,964,1046
286487,966,1044
286488,959,1039
286489,959,1041
286490,960,1044
286491,963,1048
286492,964,1049
286493,962,1049
286494,963,1048
286495,965,1051
286496,966,1054
286497,970,1057
286498,967,1056
286499,964,1052
286500,962,1050
286501,960,1054
286502,963,1057
286503,964,1059
286504,966,1055
286505,965,1054
286506,962,1051
286507,960,1051
286508,963,1054
286509,967,1056
286510,967,1055
286511,962,1052
286512,960,1052
286513,961,1052
286514,963,1059
286515,967,1060
286516,967,1061
286517,964,1060
286518,963,1059
286519,961,1059
286520,966,1060
286521,969,1062
286522,968,1058
286523,967,1055
286524,962,1053
286525,967,1056
286526,967,1057
286527,970,1058
286528,968,1056
286529,966,1054
286530,961,1049
286531,960,1047
286532,962,1046
286533,963,1045
286534,963,1045
286535,963,1045
286536,962,1046
286537,962,1051
286538,963,1053
286539,964,1056
286540,964,1058
286541,961,1055
286542,959,1058
286543,958,1059
286544,962,1062
286545,963,1059
286546,968,1053
286547,967,1047
286548,971,1039
286549,974,1038
286550,982,1041
286551,997,1038
286552,1014,1037
286553,1028,1028
286554,1048,1024
286555,1078,1018
286556,1115,1010
286557,1153,1000
286558,1193,994
286559,1228,994
286560,1261,1006
286561,1285,1028
286562,1283,1044
286563,1249,1051
286564,1192,1054
286565,1126,1058
286566,1068,1067
286567,1015,1075
286568,972,1080
286569,946,1083
286570,935,1077
286571,938,1069
286572,946,1057
286573,958,1050
286574,962,1047
286575,961,1046
286576,955,1048
286577,955,1045
286578,951,1046
286579,950,1050
286580,952,1052
286581,951,1055
286582,949,1053
286583,947,1051
286584,943,1050
286585,940,1051
286586,942,1055
286587,943,1059
286588,941,1061
286589,939,1062
286590,938,1059
286591,936,1059
286592,937,1059
286593,938,1059
286594,938,1052
286595,937,1048
286596,937,1048
286597,938,1048
286598,939,1050
286599,942,1050
286600,944,1050
286601,943,1047
286602,940,1047
286603,939,1048
286604,942,1050
286605,944,1051
286606,946,1049
286607,944,1047
286608,941,1048
286609,941,1051
286610,944,1055
286611,949,1057
286612,950,1055
286613,949,1052
286614,948,1051
286615,948,1051
286616,950,1055
286617,951,1052
286618,952,1048
286619,951,1045
286620,948,1042
286621,949,1041
286622,954,1043
286623,956,1046
286624,955,1043
286625,950,1043
286626,948,1039
286627,947,1041
286628,949,1050
286629,955,1060
286630,954,1062
286631,954,1059
286632,956,1045
286633,959,1033
286634,961,1025
286635,964,1023
286636,964,1022
286637,960,1022
286638,959,1019
286639,959,1018
286640,960,1022
286641,965,1021
286642,967,1017
286643,973,1013
286644,979,1006
286645,985,1008
286646,988,1007
286647,980,1012
286648,971,1013
286649,962,1012
286650,963,1014
286651,970,1017
286652,977,1018
286653,980,1018
286654,983,1015
286655,982,1012
286656,982,1013
286657,981,1012
286658,986,1016
286659,991,1018
286660,989,1017
286661,989,1019
286662,989,1017
286663,989,1018
286664,990,1023
286665,992,1027
286666,993,1026
286667,988,1025
286668,983,1027
286669,983,1031
286670,984,1033
286671,986,1040
286672,986,1039
286673,981,1038
286674,978,1041
286675,976,1045
286676,978,1051
286677,978,1051
286678,980,1046
286679,975,1043
286680,969,1040
286681,968,1043
286682,971,1047
286683,974,1047
286684,973,1043
286685,969,1043
286686,966,1043
286687,965,1043
286688,965,1050
286689,960,1050
286690,963,1051
286691,958,1046
286692,956,1050
286693,954,1051
286694,955,1053
286695,954,1055
286696,955,1054
286697,951,1052
286698,950,1051
286699,949,1053
286700,954,1056
286701,958,1054
286702,958,1053
286703,958,1049
286704,955,1048
286705,955,1052
286706,956,1055
286707,961,1054
286708,960,1054
286709,959,1051
286710,956,1053
286711,955,1054
286712,962,1059
286713,968,1057
286714,967,1055
286715,964,1053
286716,960,1049
286717,961,1051
286718,963,1054
286719,966,1054
286720,967,1054
286721,965,1050
286722,962,1049
286723,963,1048
286724,968,1050
286725,970,1051
286726,971,1049
286727,967,1049
286728,963,1048
286729,965,1050
286730,968,1052
286731,977,1052
286732,976,1048
286733,972,1045
286734,968,1045
286735,967,1046
286736,970,1049
286737,973,1052
286738,970,1051
286739,968,1049
286740,965,1047
286741,965,1046
286742,965,1046
286743,964,1049
286744,963,1050
286745,961,1046
286746,959,1043
286747,958,1044
286748,959,1044
286749,960,1047
286750,961,1047
286751,959,1045
286752,958,1043
286753,957,1046
286754,961,1049
286755,965,1050
286756,964,1050
286757,963,1049
286758,959,1049
286759,958,1051
286760,961,1055
286761,963,1055
286762,964,1054
286763,961,1052
286764,959,1053
286765,958,1054
286766,961,1056
286767,963,1058
286768,961,1055
286769,957,1050
286770,954,1050
286771,958,1052
286772,961,1055
286773,966,1058
286774,961,1059
286775,959,1053
286776,956,1051
286777,955,1047
286778,958,1049
286779,963,1046
286780,962,1047
286781,963,1047
286782,960,1047
286783,959,1051
286784,961,1052
286785,963,1050
286786,964,1046
286787,963,1040
286788,961,1040
286789,961,1040
286790,962,1044
286791,966,1044
286792,966,1044
286793,965,1042
286794,961,1040
286795,962,1044
286796,961,1045
286797,963,1048
286798,961,1046
286799,960,1043
286800,955,1044
286801,955,1046
286802,958,1048
286803,961,1049
286804,963,1045
286805,961,1043
286806,958,1045
286807,955,1046
286808,958,1048
286809,961,1050
286810,962,1049
286811,961,1047
286812,962,1045
286813,961,1048
286814,961,1049
286815,961,1052
286816,960,1049
286817,958,1046
286818,958,1044
286819,958,1047
286820,963,1049
286821,966,1051
286822,967,1049
286823,965,1048
286824,958,1050
286825,952,1050
286826,950,1053
286827,953,1054
286828,956,1051
286829,955,1045
286830,954,1045
286831,953,1048
286832,958,1052
286833,962,1050
286834,963,1050
286835,961,1045
286836,962,1048
286837,961,1049
286838,965,1056
286839,971,1060
286840,971,1068
286841,977,1075
286842,985,1073
286843,999,1058
286844,999,1044
286845,980,1037
286846,952,1041
286847,937,1050
286848,937,1053
286849,944,1054
286850,958,1046
286851,966,1045
286852,973,1049
286853,980,1057
286854,994,1057
286855,1015,1050
286856,1043,1032
286857,1079,1012
286858,1114,985
286859,1145,973
286860,1174,970
286861,1209,975
286862,1245,984
286863,1275,1002
286864,1284,1018
286865,1266,1029
286866,1221,1034
286867,1159,1041
286868,1102,1052
286869,1051,1063
286870,1001,1068
286871,957,1065
286872,934,1064
286873,933,1061
286874,944,1055
286875,960,1048
286876,966,1040
286877,963,1038
286878,958,1039
286879,952,1040
286880,955,1046
286881,956,1049
286882,953,1047
286883,946,1043
286884,942,1044
286885,942,1047
286886,944,1049
286887,948,1054
286888,948,1054
286889,946,1053
286890,942,1051
286891,941,1055
286892,946,1057
286893,948,1054
286894,947,1052
286895,947,1046
286896,941,1050
286897,940,1054
286898,943,1059
286899,946,1061
286900,946,1058
286901,945,1058
286902,938,1058
286903,940,1058
286904,942,1061
286905,946,1060
286906,944,1058
286907,942,1056
286908,941,1052
286909,943,1053
286910,944,1055
286911,948,1057
286912,947,1054
286913,944,1050
286914,941,1049
286915,940,1052
286916,941,1054
286917,942,1055
286918,944,1053
286919,943,1050
286920,940,1047
286921,942,1046
286922,944,1049
286923,945,1049
286924,946,1045
286925,946,1043
286926,945,1043
286927,954,1047
286928,964,1047
286929,969,1044
286930,959,1041
286931,944,1040
286932,930,1057
286933,928,1078
286934,934,1093
286935,943,1084
286936,948,1055
286937,955,1026
286938,958,1010
286939,963,1004
286940,964,1009
286941,970,1013
286942,970,1015
286943,970,1010
286944,972,1010
286945,972,1009
286946,976,1014
286947,978,1015
286948,982,1016
286949,983,1011
286950,981,1011
286951,981,1013
286952,992,1015
286953,1002,1016
286954,1011,1013
286955,1013,1007
286956,1005,1006
286957,990,1009
286958,974,1014
286959,969,1021
286960,967,1023
286961,971,1021
286962,975,1019
286963,979,1020
286964,982,1023
286965,984,1024
286966,984,1025
286967,985,1023
286968,982,1023
286969,981,1028
286970,983,1033
286971,984,1041
286972,984,1045
286973,978,1041
286974,976,1034
286975,976,1034
286976,975,1032
286977,976,1029
286978,974,1033
286979,972,1036
286980,970,1046
286981,972,1060
286982,980,1066
286983,984,1063
286984,983,1049
286985,970,1036
286986,953,1028
286987,946,1030
286988,948,1033
286989,959,1036
286990,959,1038
286991,961,1039
286992,960,1040
286993,958,1041
286994,961,1045
286995,963,1048
286996,963,1050
286997,961,1051
286998,957,1048
286999,958,1050
287000,960,1051
287001,966,1052
287002,966,1054
287003,964,1054
287004,964,1054
287005,961,1053
287006,965,1055
287007,968,1057
287008,970,1054
287009,970,1053
287010,973,1051
287011,976,1054
287012,984,1058
287013,991,1059
287014,995,1059
287015,995,1058
287016,995,1057
287017,999,1063
287018,1010,1064
287019,1024,1056
287020,1039,1044
287021,1051,1025
287022,1061,1005
287023,1076,990
287024,1093,981
287025,1112,967
287026,1128,951
287027,1141,931
287028,1154,909
287029,1174,886
287030,1194,870
287031,1219,852
287032,1236,839
287033,1251,821
287034,1254,817
287035,1252,813
287036,1253,812
287037,1253,814
287038,1252,811
287039,1243,812
287040,1233,808
287041,1218,810
287042,1202,814
287043,1182,820
287044,1156,819
287045,1126,827
287046,1097,835
287047,1071,852
287048,1055,870
287049,1045,887
287050,1042,900
287051,1032,913
287052,1030,928
287053,1021,944
287054,1020,961
287055,1022,979
287056,1027,995
287057,1037,1006
287058,1052,1008
287059,1068,1003
287060,1073,1009
287061,1055,1032
287062,1018,1061
287063,978,1079
287064,954,1067
287065,947,1047
287066,932,1041
287067,908,1049
287068,883,1063
287069,874,1078
287070,879,1087
287071,880,1093
287072,881,1096
287073,880,1103
287074,878,1105
287075,873,1106
287076,869,1107
287077,870,1112
287078,871,1117
287079,874,1118
287080,874,1121
287081,871,1119
287082,870,1118
287083,867,1120
287084,868,1126
287085,870,1124
287086,871,1125
287087,866,1125
287088,862,1126
287089,861,1130
287090,865,1135
287091,864,1137
287092,863,1139
287093,862,1138
287094,859,1143
287095,858,1142
287096,858,1147
287097,860,1152
287098,860,1152
287099,858,1155
287100,854,1157
287101,853,1160
287102,855,1164
287103,859,1168
287104,857,1169
287105,853,1170
287106,854,1177
287107,856,1190
287108,863,1209
287109,869,1216
287110,868,1210
287111,862,1194
287112,852,1183
287113,851,1177
287114,857,1177
287115,864,1176
287116,864,1173
287117,870,1174
287118,870,1172
287119,873,1176
287120,879,1178
287121,885,1179
287122,885,1176
287123,885,1171
287124,892,1172
287125,893,1170
287126,899,1170
287127,907,1164
287128,908,1162
287129,912,1153
287130,915,1147
287131,920,1143
287132,925,1141
287133,931,1139
287134,932,1130
287135,931,1122
287136,931,1115
287137,936,1113
287138,939,1109
287139,944,1107
287140,944,1098
287141,944,1092
287142,941,1086
287143,941,1084
287144,945,1081
287145,947,1080
287146,947,1077
287147,944,1068
287148,944,1067
287149,945,1066
287150,946,1067
287151,948,1066
287152,948,1066
287153,946,1060
287154,943,1056
287155,943,1060
287156,947,1059
287157,948,1059
287158,949,1056
287159,948,1052
287160,945,1052
287161,943,1052
287162,944,1055
287163,948,1059
287164,949,1058
287165,946,1054
287166,945,1054
287167,947,1053
287168,947,1056
287169,951,1057
287170,950,1056
287171,950,1053
287172,949,1052
287173,949,1055
287174,951,1056
287175,956,1057
287176,953,1056
287177,954,1050
287178,952,1048
287179,952,1050
287180,955,1053
287181,961,1058
287182,962,1062
287183,955,1066
287184,952,1065
287185,951,1059
287186,955,1048
287187,960,1041
287188,958,1034
287189,951,1031
287190,948,1033
287191,947,1038
287192,949,1041
287193,953,1044
287194,953,1044
287195,951,1041
287196,950,1039
287197,951,1042
287198,951,1045
287199,954,1044
287200,952,1045
287201,949,1040
287202,947,1041
287203,947,1043
287204,950,1047
287205,956,1048
287206,954,1047
287207,953,1046
287208,949,1044
287209,949,1046
287210,953,1049
287211,954,1049
287212,954,1048
287213,954,1044
287214,950,1044
287215,949,1045
287216,951,1044
287217,954,1046
287218,955,1041
287219,952,1037
287220,947,1037
287221,946,1040
287222,951,1043
287223,955,1043
287224,956,1040
287225,954,1037
287226,950,1035
287227,952,1038
287228,951,1041
287229,956,1044
287230,955,1042
287231,951,1037
287232,950,1037
287233,952,1038
287234,953,1040
287235,957,1041
287236,958,1040
287237,952,1037
287238,948,1037
287239,949,1041
287240,953,1044
287241,958,1044
287242,959,1043
287243,957,1039
287244,958,1041
287245,962,1042
287246,963,1040
287247,964,1041
287248,956,1039
287249,950,1039
287250,942,1040
287251,942,1043
287252,946,1045
287253,953,1047
287254,951,1047
287255,948,1048
287256,944,1048
287257,944,1056
287258,948,1075
287259,955,1111
287260,967,1132
287261,980,1119
287262,979,1075
287263,965,1038
287264,948,1011
287265,938,1002
287266,939,1002
287267,942,1003
287268,948,1008
287269,946,1014
287270,945,1020
287271,948,1023
287272,950,1027
287273,950,1024
287274,950,1025
287275,950,1029
287276,953,1034
287277,956,1036
287278,954,1034
287279,949,1033
287280,949,1033
287281,951,1035
287282,954,1038
287283,956,1041
287284,956,1039
287285,954,1037
287286,951,1039
287287,952,1040
287288,955,1042
287289,958,1044
287290,955,1040
287291,953,1038
287292,952,1037
287293,951,1038
287294,955,1043
287295,957,1041
287296,958,1040
287297,954,1032
287298,952,1033
287299,954,1034
287300,953,1036
287301,960,1035
287302,958,1034
287303,958,1031
287304,953,1034
287305,954,1034
287306,957,1039
287307,961,1041
287308,961,1040
287309,959,1038
287310,957,1037
287311,956,1039
287312,961,1041
287313,961,1042
287314,960,1042
287315,960,1041
287316,956,1041
287317,955,1040
287318,957,1041
287319,962,1044
287320,961,1041
287321,959,1039
287322,957,1040
287323,957,1043
287324,962,1044
287325,964,1044
287326,963,1044
287327,961,1040
287328,956,1039
287329,957,1040
287330,963,1040
287331,965,1042
287332,965,1040
287333,961,1037
287334,962,1035
287335,961,1037
287336,965,1040
287337,969,1042
287338,965,1040
287339,963,1034
287340,958,1034
287341,958,1038
287342,961,1039
287343,965,1040
287344,966,1043
287345,964,1043
287346,961,1050
287347,960,1055
287348,957,1055
287349,955,1049
287350,957,1040
287351,955,1027
287352,957,1022
287353,959,1022
287354,962,1026
287355,962,1030
287356,961,1030
287357,961,1029
287358,959,1031
287359,956,1033
287360,962,1037
287361,962,1038
287362,959,1036
287363,958,1030
287364,954,1032
287365,956,1033
287366,957,1035
287367,962,1040
287368,964,1038
287369,960,1035
287370,960,1033
287371,959,1035
287372,962,1035
287373,965,1036
287374,966,1035
287375,967,1031
287376,963,1030
287377,964,1036
287378,966,1036
287379,965,1034
287380,969,1033
287381,966,1028
287382,963,1029
287383,965,1032
287384,964,1034
287385,967,1032
287386,968,1031
287387,961,1029
287388,957,1030
287389,959,1032
287390,960,1038
287391,965,1037
287392,965,1034
287393,963,1031
287394,957,1034
287395,958,1038
287396,962,1044
287397,968,1044
287398,969,1044
287399,966,1043
287400,962,1049
287401,958,1059
287402,960,1063
287403,964,1056
287404,966,1038
287405,972,1023
287406,971,1012
287407,969,1013
287408,967,1022
287409,963,1027
287410,962,1026
287411,960,1028
287412,959,1031
287413,961,1035
287414,963,1038
287415,966,1041
287416,966,1039
287417,966,1035
287418,965,1029
287419,968,1026
287420,971,1024
287421,971,1028
287422,972,1029
287423,968,1025
287424,968,1025
287425,967,1025
287426,972,1030
287427,971,1031
287428,971,1035
287429,967,1034
287430,965,1035
287431,965,1036
287432,966,1036
287433,970,1034
287434,967,1032
287435,966,1029
287436,966,1029
287437,964,1030
287438,968,1035
287439,975,1036
287440,973,1036
287441,971,1033
287442,967,1036
287443,966,1043
287444,969,1047
287445,976,1046
287446,976,1037
287447,973,1028
287448,972,1022
287449,975,1023
287450,987,1019
287451,1001,1015
287452,1015,1009
287453,1030,1004
287454,1052,1004
287455,1081,999
287456,1115,987
287457,1156,975
287458,1199,967
287459,1241,972
287460,1271,991
287461,1275,1013
287462,1255,1027
287463,1204,1031
287464,1142,1033
287465,1086,1042
287466,1031,1050
287467,978,1061
287468,945,1073
287469,937,1072
287470,949,1062
287471,959,1049
287472,965,1039
287473,969,1037
287474,969,1039
287475,968,1041
287476,964,1040
287477,956,1039
287478,952,1038
287479,953,1041
287480,954,1044
287481,957,1044
287482,954,1041
287483,951,1035
287484,951,1031
287485,951,1030
287486,954,1030
287487,957,1027
287488,955,1027
287489,950,1024
287490,950,1025
287491,950,1027
287492,951,1028
287493,953,1029
287494,952,1028
287495,951,1028
287496,949,1028
287497,946,1030
287498,946,1033
287499,951,1037
287500,953,1034
287501,952,1031
287502,951,1032
287503,951,1033
287504,952,1036
287505,956,1034
287506,957,1035
287507,953,1031
287508,951,1026
287509,950,1027
287510,953,1027
287511,954,1027
287512,952,1027
287513,952,1023
287514,949,1025
287515,949,1026
287516,952,1027
287517,955,1027
287518,950,1026
287519,950,1021
287520,952,1019
287521,953,1019
287522,958,1019
287523,961,1020
287524,960,1020
287525,958,1016
287526,957,1012
287527,956,1013
287528,958,1015
287529,963,1017
287530,967,1015
287531,968,1013
287532,967,1009
287533,968,1011
287534,974,1016
287535,979,1016
287536,976,1013
287537,971,1007
287538,968,998
287539,972,998
287540,975,997
287541,979,995
287542,980,993
287543,978,989
287544,976,987
287545,973,990
287546,975,994
287547,977,995
287548,980,992
287549,981,993
287550,982,990
287551,987,989
287552,990,995
287553,995,993
287554,996,993
287555,993,993
287556,992,992
287557,993,993
287558,997,1000
287559,1000,1001
287560,999,1003
287561,997,1000
287562,999,1000
287563,1000,1005
287564,1002,1014
287565,1002,1026
287566,999,1040
287567,997,1049
287568,999,1046
287569,1001,1031
287570,1006,1023
287571,1008,1019
287572,1005,1024
287573,999,1019
287574,997,1006
287575,995,995
287576,998,992
287577,994,998
287578,987,1001
287579,982,1007
287580,981,1009
287581,982,1015
287582,986,1021
287583,982,1024
287584,978,1023
287585,975,1021
287586,975,1023
287587,973,1027
287588,972,1029
287589,977,1030
287590,973,1029
287591,973,1026
287592,972,1028
287593,971,1031
287594,966,1033
287595,968,1034
287596,967,1034
287597,969,1032
287598,972,1032
287599,973,1033
287600,977,1034
287601,979,1034
287602,978,1031
287603,976,1031
287604,974,1030
287605,974,1031
287606,975,1034
287607,978,1031
287608,982,1029
287609,979,1025
287610,977,1027
287611,977,1029
287612,981,1030
287613,984,1034
287614,986,1031
287615,982,1029
287616,981,1030
287617,982,1031
287618,984,1034
287619,988,1030
287620,989,1032
287621,987,1030
287622,983,1030
287623,982,1030
287624,981,1033
287625,981,1032
287626,977,1032
287627,976,1033
287628,974,1040
287629,971,1058
287630,974,1074
287631,977,1080
287632,977,1069
287633,976,1044
287634,978,1023
287635,979,1013
287636,982,1016
287637,984,1023
287638,981,1025
287639,978,1017
287640,980,1010
287641,980,1004
287642,976,1005
287643,976,1008
287644,975,1011
287645,972,1013
287646,971,1019
287647,974,1022
287648,978,1028
287649,983,1028
287650,981,1029
287651,981,1029
287652,981,1027
287653,980,1024
287654,982,1031
287655,982,1032
287656,978,1027
287657,975,1026
287658,974,1025
287659,977,1028
287660,978,1030
287661,981,1031
287662,978,1031
287663,975,1028
287664,972,1029
287665,973,1032
287666,975,1035
287667,980,1033
287668,978,1034
287669,972,1032
287670,971,1032
287671,971,1033
287672,969,1037
287673,975,1037
287674,975,1036
287675,969,1033
287676,970,1032
287677,969,1034
287678,972,1039
287679,973,1038
287680,971,1039
287681,971,1036
287682,969,1034
287683,965,1039
287684,969,1040
287685,975,1040
287686,974,1041
287687,973,1038
287688,971,1040
287689,973,1046
287690,978,1051
287691,978,1052
287692,975,1049
287693,972,1045
287694,969,1041
287695,974,1043
287696,977,1046
287697,977,1050
287698,976,1049
287699,977,1049
287700,977,1040
287701,977,1032
287702,976,1029
287703,974,1024
287704,974,1023
287705,973,1024
287706,967,1024
287707,972,1029
287708,975,1031
287709,978,1033
287710,977,1032
287711,975,1028
287712,970,1030
287713,971,1034
287714,972,1035
287715,971,1037
287716,968,1037
287717,968,1034
287718,963,1035
287719,963,1037
287720,968,1039
287721,971,1041
287722,969,1042
287723,969,1037
287724,966,1038
287725,967,1041
287726,969,1044
287727,974,1048
287728,974,1046
287729,970,1041
287730,970,1041
287731,969,1042
287732,971,1044
287733,976,1047
287734,976,1047
287735,975,1050
287736,975,1049
287737,975,1050
287738,975,1051
287739,979,1053
287740,977,1055
287741,975,1051
287742,977,1047
287743,976,1047
287744,980,1052
287745,982,1057
287746,979,1053
287747,983,1044
287748,983,1036
287749,981,1036
287750,985,1038
287751,988,1036
287752,986,1028
287753,984,1020
287754,982,1015
287755,988,1014
287756,999,1014
287757,1013,1014
287758,1026,1009
287759,1037,1006
287760,1055,1004
287761,1082,999
287762,1117,995
287763,1159,991
287764,1206,989
287765,1248,995
287766,1281,1012
287767,1301,1033
287768,1291,1045
287769,1254,1050
287770,1191,1048
287771,1120,1053
287772,1054,1063
287773,993,1073
287774,946,1084
287775,934,1085
287776,940,1072
287777,953,1056
287778,963,1043
287779,967,1041
287780,968,1041
287781,969,1042
287782,965,1038
287783,964,1037
287784,961,1033
287785,959,1036
287786,961,1043
287787,960,1040
287788,960,1040
287789,959,1039
287790,954,1037
287791,952,1041
287792,953,1049
287793,957,1053
287794,956,1053
287795,955,1049
287796,953,1042
287797,952,1038
287798,955,1040
287799,960,1035
287800,960,1033
287801,955,1029
287802,956,1029
287803,957,1032
287804,959,1039
287805,962,1040
287806,961,1040
287807,956,1037
287808,957,1041
287809,957,1041
287810,962,1042
287811,966,1041
287812,964,1037
287813,961,1036
287814,956,1033
287815,956,1038
287816,956,1039
287817,960,1040
287818,956,1040
287819,958,1035
287820,953,1033
287821,955,1033
287822,960,1036
287823,963,1034
287824,961,1035
287825,959,1027
287826,957,1027
287827,958,1030
287828,965,1031
287829,968,1029
287830,968,1026
287831,966,1018
287832,961,1018
287833,967,1018
287834,973,1021
287835,973,1022
287836,980,1021
287837,979,1018
287838,979,1020
287839,983,1021
287840,987,1021
287841,989,1020
287842,990,1018
287843,988,1014
287844,984,1010
287845,987,1011
287846,992,1006
287847,995,1000
287848,998,992
287849,995,987
287850,996,986
287851,995,989
287852,1003,992
287853,1002,995
287854,1001,993
287855,993,993
287856,994,993
287857,995,998
287858,999,1001
287859,1000,1004
287860,998,1002
287861,994,1000
287862,990,1001
287863,991,1006
287864,991,1012
287865,995,1015
287866,994,1016
287867,993,1017
287868,988,1020
287869,987,1022
287870,989,1028
287871,989,1032
287872,986,1031
287873,985,1033
287874,981,1035
287875,981,1038
287876,981,1043
287877,983,1045
287878,982,1045
287879,978,1043
287880,977,1043
287881,976,1047
287882,976,1050
287883,976,1052
287884,974,1052
287885,972,1052
287886,969,1055
287887,969,1057
287888,973,1059
287889,973,1058
287890,976,1053
287891,975,1047
287892,976,1044
287893,977,1045
287894,979,1049
287895,981,1053
287896,980,1053
287897,977,1051
287898,972,1047
287899,970,1043
287900,972,1040
287901,973,1038
287902,976,1039
287903,973,1038
287904,972,1039
287905,972,1040
287906,975,1045
287907,975,1044
287908,977,1043
287909,975,1042
287910,972,1042
287911,971,1042
287912,978,1047
287913,978,1047
287914,978,1046
287915,975,1041
287916,977,1041
287917,977,1042
287918,976,1043
287919,978,1047
287920,979,1043
287921,976,1038
287922,975,1040
287923,976,1041
287924,977,1041
287925,980,1041
287926,977,1040
287927,976,1038
287928,974,1038
287929,975,1040
287930,977,1044
287931,979,1043
287932,979,1042
287933,977,1038
287934,976,1040
287935,975,1043
287936,981,1044
287937,982,1044
287938,981,1045
287939,977,1045
287940,971,1046
287941,971,1051
287942,971,1053
287943,979,1054
287944,978,1047
287945,975,1040
287946,976,1037
287947,975,1038
287948,975,1043
287949,972,1047
287950,975,1046
287951,974,1047
287952,969,1051
287953,969,1054
287954,975,1057
287955,980,1055
287956,979,1049
287957,977,1045
287958,971,1044
287959,972,1046
287960,971,1048
287961,975,1046
287962,977,1042
287963,977,1038
287964,969,1039
287965,970,1045
287966,974,1049
287967,979,1051
287968,978,1049
287969,972,1046
287970,971,1043
287971,971,1045
287972,974,1050
287973,979,1047
287974,977,1045
287975,974,1042
287976,969,1038
287977,973,1043
287978,977,1045
287979,978,1043
287980,980,1040
287981,978,1037
287982,979,1034
287983,984,1035
287984,997,1034
287985,1010,1033
287986,1029,1029
287987,1047,1026
287988,1073,1021
287989,1108,1017
287990,1147,1009
287991,1191,1005
287992,1237,1000
287993,1274,1006
287994,1301,1017
287995,1308,1035
287996,1288,1045
287997,1243,1045
287998,1173,1048
287999,1102,1056
288000,1032,1070
288001,980,1077
288002,950,1083
288003,943,1079
288004,953,1069
288005,961,1059
288006,966,1051
288007,970,1047
288008,970,1047
288009,969,1051
288010,967,1049
288011,963,1049
288012,961,1044
288013,962,1047
288014,960,1049
288015,959,1051
288016,958,1052
288017,955,1050
288018,950,1049
288019,950,1052
288020,953,1052
288021,955,1051
288022,953,1046
288023,953,1041
288024,950,1043
288025,949,1043
288026,952,1048
288027,951,1047
288028,953,1044
288029,951,1043
288030,947,1043
288031,952,1048
288032,954,1050
288033,956,1051
288034,952,1051
288035,947,1049
288036,948,1049
288037,947,1052
288038,953,1051
288039,954,1050
288040,956,1049
288041,952,1044
288042,956,1041
288043,956,1047
288044,957,1050
288045,957,1051
288046,958,1048
288047,955,1045
288048,953,1046
288049,956,1044
288050,958,1046
288051,962,1044
288052,963,1039
288053,959,1034
288054,956,1035
288055,956,1038
288056,961,1038
288057,965,1040
288058,967,1041
288059,964,1038
288060,965,1041
288061,963,1045
288062,964,1051
288063,966,1044
288064,966,1034
288065,969,1022
288066,972,1011
288067,975,1008
288068,978,1010
288069,985,1009
288070,985,1007
288071,985,1003
288072,979,1005
288073,981,1005
288074,986,1009
288075,988,1008
288076,989,1007
288077,988,1003
288078,984,1003
288079,989,1005
288080,993,1006
288081,997,1006
288082,999,1005
288083,996,1003
288084,997,1001
288085,995,1003
288086,998,1004
288087,999,1008
288088,1001,1008
288089,999,1003
288090,997,1008
288091,997,1012
288092,1002,1016
288093,1003,1017
288094,1002,1017
288095,999,1016
288096,996,1020
288097,993,1021
288098,994,1028
288099,999,1028
288100,996,1029
288101,990,1029
288102,988,1027
288103,988,1033
288104,987,1039
288105,987,1039
288106,983,1037
288107,978,1036
288108,974,1038
288109,976,1038
288110,972,1042
288111,973,1047
288112,971,1047
288113,968,1042
288114,964,1045
288115,965,1045
288116,967,1049
288117,971,1052
288118,971,1053
288119,970,1050
288120,965,1052
288121,965,1059
288122,968,1064
288123,968,1066
288124,967,1063
288125,964,1059
288126,965,1052
288127,968,1051
288128,966,1052
288129,972,1053
288130,972,1052
288131,969,1049
288132,966,1050
288133,968,1051
288134,971,1055
288135,976,1054
288136,972,1054
288137,968,1051
288138,966,1049
288139,966,1053
288140,972,1058
288141,974,1059
288142,975,1054
288143,972,1049
288144,969,1049
288145,969,1047
288146,972,1049
288147,975,1050
288148,976,1050
288149,973,1050
288150,971,1048
288151,974,1050
288152,977,1049
288153,978,1046
288154,976,1041
288155,971,1037
288156,967,1037
288157,968,1039
288158,972,1044
288159,974,1042
288160,974,1038
288161,971,1040
288162,967,1037
288163,967,1042
288164,967,1048
288165,967,1047
288166,971,1044
288167,970,1042
288168,968,1043
288169,967,1047
288170,970,1050
288171,969,1050
288172,973,1053
288173,967,1052
288174,965,1051
288175,964,1053
288176,967,1053
288177,968,1051
288178,973,1045
288179,971,1040
288180,971,1037
288181,969,1036
288182,974,1040
288183,976,1041
288184,972,1040
288185,966,1038
288186,966,1037
288187,965,1041
288188,968,1043
288189,969,1046
288190,969,1046
288191,968,1041
288192,966,1042
288193,965,1045
288194,968,1049
288195,970,1051
288196,968,1049
288197,966,1046
288198,966,1050
288199,968,1052
288200,969,1052
288201,970,1052
288202,968,1045
288203,968,1046
288204,966,1048
288205,965,1051
288206,968,1055
288207,970,1057
288208,973,1056
288209,971,1055
288210,968,1057
288211,970,1056
288212,970,1055
288213,973,1052
288214,971,1043
288215,968,1038
288216,966,1036
288217,969,1038
288218,974,1040
288219,976,1041
288220,977,1039
288221,973,1035
288222,972,1030
288223,975,1030
288224,985,1033
288225,1000,1033
288226,1008,1029
288227,1027,1025
288228,1049,1020
288229,1079,1019
288230,1118,1011
288231,1160,999
288232,1202,992
288233,1239,988
288234,1272,995
288235,1298,1015
288236,1295,1029
288237,1262,1035
288238,1205,1036
288239,1138,1040
288240,1073,1052
288241,1010,1064
288242,963,1069
288243,941,1069
288244,936,1065
288245,945,1052
288246,953,1045
288247,961,1039
288248,966,1038
288249,964,1037
288250,960,1039
288251,954,1037
288252,953,1035
288253,949,1040
288254,951,1043
288255,951,1045
288256,949,1045
288257,945,1044
288258,946,1044
288259,945,1045
288260,947,1048
288261,951,1045
288262,948,1044
288263,947,1043
288264,944,1044
288265,943,1050
288266,946,1055
288267,947,1057
288268,951,1050
288269,949,1046
288270,945,1043
288271,946,1048
288272,950,1049
288273,953,1048
288274,945,1047
288275,947,1044
288276,943,1040
288277,948,1040
288278,949,1043
288279,951,1040
288280,951,1040
288281,948,1036
288282,944,1035
288283,946,1038
288284,948,1039
288285,946,1041
288286,947,1037
288287,949,1037
288288,946,1036
288289,949,1039
288290,950,1040
288291,954,1041
288292,955,1039
288293,955,1037
288294,952,1038
288295,952,1040
288296,953,1041
288297,954,1037
288298,955,1034
288299,952,1027
288300,952,1027
288301,954,1026
288302,958,1031
288303,959,1029
288304,960,1026
288305,957,1024
288306,959,1024
288307,961,1028
288308,964,1033
288309,968,1035
288310,968,1031
288311,969,1023
288312,969,1013
288313,968,1012
288314,976,1012
288315,977,1014
288316,976,1011
288317,978,1007
288318,977,1003
288319,979,1004
288320,983,1008
288321,988,1006
288322,986,1004
288323,985,999
288324,981,998
288325,980,1001
288326,983,1000
288327,988,1000
288328,990,999
288329,992,997
288330,990,995
288331,992,999
288332,997,1002
288333,995,1003
288334,996,1006
288335,992,1005
288336,991,1007
288337,990,1010
288338,991,1012
288339,992,1014
288340,995,1012
288341,990,1011
288342,986,1018
288343,983,1019
288344,986,1023
288345,986,1026
288346,980,1025
288347,981,1022
288348,976,1020
288349,974,1027
288350,977,1032
288351,976,1034
288352,975,1034
288353,971,1033
288354,967,1035
288355,964,1040
288356,963,1042
288357,966,1044
288358,965,1044
288359,963,1045
288360,963,1048
288361,964,1050
288362,963,1055
288363,965,1054
288364,963,1053
288365,956,1054
288366,953,1054
288367,951,1055
288368,953,1055
288369,958,1053
288370,958,1049
288371,954,1044
288372,952,1044
288373,957,1047
288374,961,1049
288375,964,1054
288376,960,1048
288377,957,1048
288378,954,1047
288379,958,1048
288380,962,1050
288381,963,1050
288382,966,1046
288383,964,1042
288384,966,1042
288385,963,1042
288386,964,1046
288387,965,1045
288388,966,1041
288389,963,1041
288390,966,1042
288391,969,1043
288392,971,1046
288393,975,1043
288394,975,1043
288395,972,1040
288396,969,1037
288397,965,1041
288398,967,1042
288399,974,1044
288400,972,1039
288401,970,1036
288402,966,1037
288403,968,1042
288404,973,1042
288405,972,1042
288406,971,1042
288407,967,1037
288408,965,1038
288409,963,1041
288410,963,1044
288411,971,1044
288412,971,1045
288413,969,1043
288414,964,1048
288415,963,1052
288416,965,1050
288417,967,1050
288418,966,1048
288419,964,1046
288420,962,1048
288421,961,1050
288422,963,1052
288423,966,1051
288424,964,1046
288425,960,1045
288426,959,1043
288427,961,1042
288428,961,1042
288429,963,1043
288430,959,1042
288431,960,1040
288432,958,1039
288433,961,1040
288434,961,1044
288435,966,1042
288436,966,1042
288437,964,1039
288438,961,1041
288439,961,1044
288440,962,1046
288441,964,1046
288442,965,1043
288443,963,1044
288444,959,1042
288445,961,1044
288446,963,1048
288447,967,1048
288448,965,1046
288449,965,1046
288450,963,1041
288451,962,1050
288452,964,1049
288453,968,1048
288454,966,1048
288455,962,1043
288456,958,1041
288457,958,1044
288458,965,1046
288459,968,1045
288460,969,1043
288461,964,1038
288462,961,1039
288463,963,1039
288464,964,1046
288465,968,1044
288466,967,1046
288467,963,1045
288468,962,1045
288469,962,1045
288470,964,1041
288471,960,1038
288472,962,1035
288473,957,1032
288474,955,1036
288475,957,1040
288476,964,1044
288477,968,1046
288478,969,1043
288479,967,1040
288480,966,1042
288481,966,1042
288482,973,1040
288483,979,1039
288484,988,1035
288485,995,1031
288486,1009,1030
288487,1024,1031
288488,1045,1030
288489,1078,1026
288490,1106,1016
288491,1138,1006
288492,1169,998
288493,1211,999
288494,1251,1004
288495,1286,1016
288496,1297,1033
288497,1279,1041
288498,1244,1044
288499,1190,1047
288500,1134,1058
288501,1079,1071
288502,1021,1076
288503,965,1084
288504,937,1087
288505,932,1086
288506,942,1081
288507,954,1065
288508,962,1055
288509,963,1046
288510,961,1047
288511,960,1048
288512,958,1049
288513,961,1045
288514,958,1040
288515,958,1037
288516,953,1035
288517,952,1036
288518,953,1038
288519,954,1039
288520,952,1038
288521,946,1033
288522,945,1036
288523,944,1036
288524,945,1039
288525,948,1040
288526,944,1038
288527,943,1036
288528,940,1037
288529,941,1037
288530,943,1043
288531,946,1042
288532,946,1044
288533,946,1043
288534,942,1044
288535,942,1047
288536,944,1052
288537,946,1051
288538,946,1050
288539,946,1046
288540,941,1047
288541,945,1046
288542,944,1048
288543,947,1050
288544,951,1048
288545,949,1048
288546,945,1046
288547,946,1049
288548,949,1053
288549,951,1050
288550,952,1049
288551,948,1046
288552,946,1046
288553,948,1047
288554,949,1051
288555,951,1048
288556,954,1044
288557,951,1041
288558,949,1038
288559,948,1036
288560,956,1040
288561,957,1038
288562,958,1037
288563,955,1033
288564,952,1033
288565,954,1035
288566,961,1036
288567,965,1031
288568,965,1026
288569,959,1019
288570,961,1016
288571,961,1017
288572,965,1018
288573,971,1017
288574,974,1012
288575,973,1011
288576,972,1010
288577,972,1011
288578,976,1013
288579,981,1009
288580,983,1004
288581,979,1004
288582,976,1004
288583,979,1006
288584,982,1009
288585,984,1007
288586,984,1007
288587,982,1001
288588,977,1004
288589,982,1006
288590,986,1010
288591,992,1011
288592,993,1007
288593,991,1006
288594,987,1004
288595,988,1007
288596,989,1012
288597,990,1014
288598,989,1011
288599,988,1006
288600,984,1010
288601,985,1011
288602,988,1018
288603,988,1019
288604,993,1020
288605,991,1020
288606,988,1021
288607,987,1026
288608,989,1026
288609,989,1032
288610,986,1035
288611,979,1031
288612,976,1032
288613,977,1038
288614,980,1040
288615,979,1041
288616,978,1038
288617,977,1038
288618,974,1041
288619,971,1043
288620,969,1046
288621,973,1047
288622,974,1044
288623,972,1042
288624,969,1041
288625,968,1042
288626,973,1046
288627,977,1046
288628,973,1044
288629,973,1041
288630,969,1042
288631,969,1043
288632,969,1048
288633,976,1051
288634,980,1051
288635,978,1050
288636,976,1047
288637,982,1044
288638,989,1046
288639,994,1043
288640,999,1042
288641,997,1041
288642,1000,1045
288643,1006,1049
288644,1014,1051
288645,1025,1050
288646,1040,1038
288647,1051,1021
288648,1059,1006
288649,1070,994
288650,1084,985
288651,1100,973
288652,1120,958
288653,1133,942
288654,1147,922
288655,1164,908
288656,1182,888
288657,1204,866
288658,1223,847
288659,1239,831
288660,1248,820
288661,1255,814
288662,1263,814
288663,1266,812
288664,1260,810
288665,1253,806
288666,1244,807
288667,1238,808
288668,1230,812
288669,1218,813
288670,1193,817
288671,1161,822
288672,1131,830
288673,1105,845
288674,1082,860
288675,1064,873
288676,1051,885
288677,1042,900
288678,1034,918
288679,1030,929
288680,1025,946
288681,1017,957
288682,1012,967
288683,1019,974
288684,1027,983
288685,1046,990
288686,1062,995
288687,1074,995
288688,1064,1001
288689,1035,1002
288690,999,1008
288691,964,1021
288692,942,1036
288693,929,1048
288694,917,1060
288695,908,1070
288696,904,1075
288697,902,1080
288698,901,1086
288699,895,1087
288700,888,1092
288701,885,1092
288702,881,1095
288703,881,1096
288704,880,1102
288705,883,1105
288706,879,1107
288707,877,1108
288708,874,1110
288709,873,1115
288710,877,1114
288711,881,1112
288712,877,1106
288713,871,1108
288714,864,1109
288715,866,1113
288716,868,1118
288717,871,1119
288718,868,1120
288719,864,1118
288720,863,1120
288721,861,1126
288722,865,1130
288723,867,1128
288724,865,1128
288725,860,1128
288726,861,1130
288727,859,1133
288728,862,1138
288729,864,1139
288730,859,1141
288731,856,1137
288732,856,1140
288733,856,1144
288734,859,1147
288735,860,1149
288736,861,1148
288737,863,1148
288738,859,1149
288739,860,1151
288740,861,1158
288741,869,1160
288742,870,1160
288743,872,1162
288744,873,1160
288745,874,1163
288746,875,1169
288747,880,1168
288748,882,1169
288749,882,1165
288750,883,1164
288751,885,1164
288752,889,1161
288753,894,1160
288754,899,1158
288755,900,1155
288756,901,1151
288757,905,1151
288758,911,1148
288759,910,1143
288760,910,1138
288761,915,1130
288762,917,1124
288763,922,1120
288764,926,1118
288765,932,1111
288766,933,1106
288767,932,1097
288768,934,1093
288769,934,1090
288770,939,1086
288771,945,1082
288772,945,1074
288773,944,1071
288774,943,1067
288775,946,1064
288776,948,1061
288777,951,1060
288778,954,1054
288779,951,1048
288780,946,1048
288781,950,1050
288782,954,1050
288783,956,1046
288784,960,1041
288785,957,1037
288786,954,1036
288787,955,1042
288788,961,1043
288789,963,1044
288790,964,1041
288791,957,1035
288792,957,1032
288793,957,1033
288794,963,1035
288795,964,1036
288796,965,1035
288797,962,1030
288798,961,1032
288799,962,1036
288800,966,1037
288801,970,1039
288802,963,1035
288803,960,1033
288804,957,1036
288805,960,1037
288806,964,1041
288807,972,1039
288808,971,1039
288809,965,1037
288810,963,1038
288811,960,1039
288812,961,1039
288813,969,1035
288814,968,1035
288815,967,1030
288816,964,1031
288817,967,1033
288818,966,1034
288819,969,1035
288820,968,1035
288821,966,1031
288822,961,1029
288823,960,1034
288824,967,1036
288825,972,1035
288826,971,1033
288827,969,1030
288828,964,1030
288829,964,1032
288830,969,1036
288831,968,1035
288832,969,1035
288833,965,1031
288834,965,1032
288835,964,1036
288836,968,1039
288837,974,1036
288838,973,1035
288839,970,1033
288840,966,1035
288841,967,1037
288842,971,1042
288843,974,1042
288844,971,1041
288845,970,1039
288846,965,1040
288847,963,1043
288848,968,1043
288849,972,1044
288850,971,1041
288851,971,1038
288852,969,1034
288853,966,1039
288854,968,1039
288855,971,1038
288856,973,1034
288857,971,1032
288858,970,1034
288859,966,1037
288860,970,1039
288861,973,1034
288862,976,1033
288863,973,1026
288864,970,1027
288865,967,1028
288866,968,1029
288867,971,1032
288868,974,1030
288869,973,1027
288870,971,1025
288871,968,1028
288872,974,1032
288873,977,1030
288874,975,1029
288875,968,1028
288876,968,1026
288877,968,1031
288878,971,1033
288879,974,1032
288880,971,1031
288881,967,1027
288882,962,1029
288883,966,1028
288884,968,1034
288885,968,1033
288886,970,1030
288887,967,1029
288888,967,1030
288889,968,1033
288890,970,1032
288891,972,1034
288892,975,1034
288893,972,1031
288894,968,1033
288895,969,1036
288896,970,1040
288897,977,1039
288898,975,1038
288899,976,1035
288900,969,1036
288901,972,1040
288902,974,1042
288903,973,1041
288904,966,1041
288905,963,1039
288906,960,1037
288907,962,1040
288908,967,1039
288909,971,1042
288910,972,1038
288911,969,1036
288912,965,1036
288913,964,1043
288914,968,1048
288915,970,1046
288916,970,1045
288917,968,1038
288918,966,1035
288919,968,1036
288920,972,1037
288921,976,1037
288922,970,1036
288923,967,1036
288924,967,1035
288925,967,1036
288926,972,1035
288927,975,1033
288928,971,1029
288929,971,1027
288930,966,1029
288931,966,1030
288932,967,1031
288933,965,1030
288934,969,1030
288935,967,1026
288936,965,1027
288937,965,1031
288938,967,1032
288939,972,1031
288940,970,1031
288941,966,1029
288942,970,1029
288943,970,1033
288944,976,1034
288945,978,1034
288946,976,1031
288947,971,1029
288948,969,1031
288949,973,1034
288950,975,1036
288951,977,1036
288952,975,1035
288953,975,1033
288954,969,1033
288955,970,1036
288956,973,1039
288957,972,1036
288958,975,1035
288959,974,1033
288960,973,1033
288961,974,1038
288962,974,1041
288963,973,1039
288964,973,1039
288965,970,1038
288966,968,1041
288967,971,1042
288968,974,1046
288969,979,1042
288970,975,1041
288971,972,1039
288972,969,1040
288973,969,1040
288974,973,1043
288975,971,1043
288976,974,1041
288977,971,1034
288978,969,1035
288979,972,1039
288980,973,1037
288981,975,1036
288982,973,1035
288983,969,1031
288984,967,1030
288985,964,1035
288986,969,1037
288987,971,1039
288988,972,1039
288989,972,1033
288990,971,1033
288991,971,1031
288992,974,1033
288993,979,1033
288994,976,1033
288995,976,1031
288996,977,1032
288997,976,1037
288998,974,1034
288999,976,1035
289000,978,1035
289001,975,1030
289002,977,1035
289003,975,1037
289004,980,1040
289005,983,1039
289006,979,1037
289007,976,1036
289008,974,1038
289009,974,1041
289010,974,1039
289011,975,1040
289012,976,1037
289013,975,1034
289014,971,1034
289015,975,1036
289016,974,1042
289017,980,1043
289018,977,1040
289019,972,1040
289020,971,1038
289021,973,1040
289022,973,1041
289023,980,1039
289024,974,1040
289025,974,1038
289026,977,1039
289027,977,1044
289028,979,1048
289029,980,1046
289030,979,1042
289031,977,1039
289032,978,1037
289033,978,1037
289034,982,1037
289035,981,1035
289036,983,1035
289037,977,1034
289038,978,1034
289039,977,1035
289040,980,1039
289041,987,1037
289042,985,1034
289043,982,1033
289044,981,1030
289045,978,1036
289046,981,1042
289047,981,1039
289048,983,1037
289049,980,1033
289050,975,1034
289051,976,1037
289052,979,1039
289053,984,1040
289054,984,1039
289055,981,1037
289056,977,1036
289057,978,1037
289058,981,1040
289059,980,1040
289060,981,1037
289061,980,1034
289062,979,1036
289063,979,1037
289064,983,1039
289065,985,1040
289066,985,1039
289067,983,1037
289068,980,1038
289069,979,1040
289070,982,1045
289071,988,1045
289072,989,1039
289073,984,1038
289074,981,1040
289075,980,1041
289076,983,1045
289077,985,1045
289078,983,1043
289079,977,1037
289080,980,1038
289081,982,1041
289082,985,1042
289083,987,1040
289084,988,1039
289085,984,1033
289086,981,1035
289087,984,1037
289088,983,1044
289089,988,1041
289090,988,1038
289091,987,1032
289092,987,1029
289093,988,1029
289094,990,1033
289095,993,1032
289096,990,1031
289097,983,1031
289098,981,1032
289099,981,1036
289100,982,1042
289101,987,1040
289102,987,1042
289103,988,1041
289104,986,1037
289105,987,1033
289106,988,1030
289107,989,1030
289108,989,1030
289109,985,1029
289110,982,1030
289111,983,1032
289112,986,1036
289113,989,1036
289114,993,1036
289115,989,1034
289116,987,1033
289117,987,1036
289118,989,1040
289119,992,1039
289120,992,1036
289121,993,1033
289122,988,1035
289123,989,1037
289124,990,1041
289125,990,1042
289126,988,1038
289127,987,1034
289128,985,1037
289129,984,1038
289130,988,1038
289131,992,1036
289132,990,1031
289133,984,1030
289134,982,1029
289135,985,1031
289136,990,1031
289137,995,1034
289138,991,1032
289139,987,1032
289140,984,1032
289141,987,1034
289142,991,1037
289143,993,1034
289144,996,1032
289145,993,1030
289146,993,1031
289147,995,1032
289148,999,1033
289149,1002,1032
289150,1007,1030
289151,1012,1025
289152,1027,1023
289153,1047,1018
289154,1070,1018
289155,1097,1012
289156,1129,1001
289157,1159,988
289158,1195,981
289159,1234,981
289160,1275,984
289161,1310,994
289162,1323,1008
289163,1312,1020
289164,1273,1028
289165,1213,1038
289166,1148,1047
289167,1089,1049
289168,1031,1050
289169,982,1049
289170,961,1049
289171,963,1048
289172,975,1046
289173,993,1039
289174,994,1035
289175,990,1030
289176,980,1033
289177,979,1034
289178,981,1034
289179,981,1034
289180,975,1032
289181,971,1031
289182,966,1033
289183,966,1038
289184,967,1040
289185,968,1035
289186,966,1033
289187,963,1030
289188,960,1028
289189,960,1031
289190,962,1037
289191,967,1041
289192,965,1041
289193,965,1038
289194,964,1036
289195,965,1037
289196,969,1041
289197,972,1039
289198,968,1037
289199,964,1037
289200,963,1038
289201,967,1044
289202,970,1049
289203,971,1050
289204,971,1046
289205,967,1042
289206,965,1040
289207,965,1045
289208,968,1048
289209,969,1050
289210,972,1046
289211,973,1040
289212,973,1038
289213,972,1036
289214,970,1037
289215,975,1037
289216,971,1036
289217,966,1032
289218,962,1032
289219,965,1034
289220,965,1035
289221,965,1034
289222,970,1031
289223,966,1030
289224,968,1033
289225,967,1033
289226,970,1036
289227,977,1035
289228,975,1030
289229,972,1027
289230,971,1029
289231,976,1029
289232,982,1031
289233,988,1027
289234,988,1027
289235,988,1026
289236,992,1025
289237,1000,1027
289238,998,1036
289239,989,1044
289240,977,1055
289241,974,1068
289242,983,1070
289243,994,1051
289244,994,1023
289245,986,1000
289246,974,996
289247,965,1006
289248,967,1020
289249,973,1026
289250,981,1029
289251,989,1021
289252,994,1005
289253,996,990
289254,999,984
289255,1003,988
289256,1005,991
289257,1010,991
289258,1010,995
289259,1008,993
289260,1009,996
289261,1012,995
289262,1017,1000
289263,1019,1001
289264,1021,1000
289265,1020,1000
289266,1021,1001
289267,1023,1004
289268,1024,1007
289269,1024,1007
289270,1022,1008
289271,1020,1004
289272,1020,1005
289273,1021,1010
289274,1023,1012
289275,1027,1013
289276,1023,1013
289277,1021,1010
289278,1016,1013
289279,1013,1017
289280,1017,1023
289281,1017,1023
289282,1016,1025
289283,1010,1023
289284,1008,1026
289285,1007,1030
289286,1008,1032
289287,1006,1033
289288,1001,1031
289289,999,1031
289290,995,1033
289291,997,1035
289292,999,1038
289293,1001,1038
289294,999,1034
289295,994,1033
289296,991,1034
289297,990,1034
289298,993,1037
289299,991,1039
289300,990,1035
289301,985,1035
289302,986,1039
289303,986,1042
289304,990,1044
289305,994,1040
289306,992,1037
289307,988,1035
289308,986,1036
289309,985,1039
289310,990,1042
289311,992,1039
289312,991,1036
289313,986,1034
289314,986,1036
289315,990,1037
289316,994,1037
289317,995,1038
289318,995,1038
289319,990,1036
289320,983,1036
289321,990,1037
289322,991,1039
289323,996,1040
289324,994,1039
289325,992,1034
289326,991,1034
289327,987,1038
289328,993,1037
289329,997,1038
289330,994,1039
289331,991,1044
289332,985,1053
289333,986,1060
289334,994,1063
289335,997,1052
289336,999,1035
289337,998,1019
289338,992,1013
289339,992,1015
289340,994,1019
289341,996,1021
289342,995,1023
289343,989,1021
289344,990,1023
289345,989,1025
289346,992,1027
289347,992,1025
289348,987,1021
289349,987,1023
289350,986,1024
289351,990,1027
289352,992,1030
289353,991,1031
289354,985,1030
289355,984,1028
289356,982,1027
289357,983,1030
289358,990,1035
289359,989,1033
289360,983,1033
289361,982,1031
289362,984,1033
289363,987,1035
289364,989,1038
289365,994,1036
289366,990,1032
289367,987,1031
289368,985,1034
289369,987,1036
289370,991,1039
289371,992,1036
289372,989,1035
289373,985,1033
289374,985,1037
289375,988,1040
289376,989,1043
289377,991,1044
289378,991,1045
289379,987,1043
289380,981,1041
289381,983,1038
289382,986,1038
289383,991,1037
289384,994,1031
289385,992,1028
289386,987,1030
289387,989,1031
289388,989,1036
289389,988,1035
289390,992,1033
289391,991,1032
289392,989,1030
289393,990,1030
289394,993,1036
289395,996,1035
289396,993,1031
289397,986,1026
289398,986,1026
289399,988,1025
289400,990,1029
289401,998,1025
289402,1001,1022
289403,1009,1018
289404,1020,1017
289405,1033,1017
289406,1056,1017
289407,1084,1011
289408,1118,999
289409,1155,990
289410,1192,987
289411,1238,992
289412,1284,1010
289413,1312,1028
289414,1308,1041
289415,1268,1045
289416,1209,1046
289417,1142,1053
289418,1077,1069
289419,1013,1083
289420,960,1086
289421,932,1087
289422,937,1081
289423,952,1073
289424,968,1061
289425,975,1052
289426,980,1040
289427,979,1038
289428,976,1036
289429,974,1038
289430,972,1041
289431,970,1040
289432,966,1038
289433,966,1035
289434,961,1038
289435,963,1040
289436,969,1040
289437,970,1040
289438,963,1038
289439,957,1036
289440,955,1037
289441,960,1036
289442,964,1040
289443,965,1038
289444,964,1035
289445,959,1038
289446,957,1035
289447,959,1038
289448,961,1040
289449,967,1037
289450,966,1034
289451,960,1032
289452,955,1033
289453,957,1037
289454,962,1040
289455,965,1040
289456,964,1037
289457,960,1037
289458,956,1036
289459,959,1039
289460,962,1040
289461,963,1035
289462,964,1033
289463,963,1029
289464,962,1028
289465,960,1030
289466,961,1032
289467,962,1031
289468,962,1027
289469,960,1025
289470,960,1024
289471,960,1025
289472,964,1028
289473,968,1025
289474,969,1022
289475,968,1018
289476,966,1016
289477,965,1016
289478,966,1019
289479,968,1015
289480,971,1013
289481,971,1010
289482,970,1005
289483,973,1007
289484,977,1008
289485,980,1005
289486,979,1000
289487,977,998
289488,972,998
289489,974,997
289490,980,997
289491,984,992
289492,986,991
289493,981,987
289494,980,988
289495,985,989
289496,986,989
289497,988,987
289498,985,983
289499,980,981
289500,981,979
289501,982,982
289502,988,988
289503,991,983
289504,991,981
289505,987,980
289506,986,984
289507,987,986
289508,992,990
289509,996,988
289510,994,987
289511,992,988
289512,990,991
289513,993,996
289514,994,1000
289515,996,999
289516,994,998
289517,989,1000
289518,988,1005
289519,992,1010
289520,993,1015
289521,993,1017
289522,990,1018
289523,986,1020
289524,985,1024
289525,986,1024
289526,985,1029
289527,983,1030
289528,979,1034
289529,975,1034
289530,970,1035
289531,974,1040
289532,979,1044
289533,979,1043
289534,977,1040
289535,973,1040
289536,970,1042
289537,971,1045
289538,973,1047
289539,978,1043
289540,977,1041
289541,975,1038
289542,977,1040
289543,978,1039
289544,979,1044
289545,980,1044
289546,978,1042
289547,978,1040
289548,979,1040
289549,978,1042
289550,981,1045
289551,984,1042
289552,982,1040
289553,983,1038
289554,986,1037
289555,991,1039
289556,993,1044
289557,996,1042
289558,1000,1044
289559,1004,1041
289560,1009,1044
289561,1017,1045
289562,1029,1043
289563,1040,1033
289564,1053,1015
289565,1067,997
289566,1082,982
289567,1099,973
289568,1118,962
289569,1138,944
289570,1150,928
289571,1167,907
289572,1182,886
289573,1203,867
289574,1219,852
289575,1243,834
289576,1257,822
289577,1263,811
289578,1268,809
289579,1272,814
289580,1277,819
289581,1274,816
289582,1268,814
289583,1256,814
289584,1243,816
289585,1224,825
289586,1198,834
289587,1178,843
289588,1154,853
289589,1122,863
289590,1098,875
289591,1082,892
289592,1073,908
289593,1067,921
289594,1058,934
289595,1050,946
289596,1046,954
289597,1043,964
289598,1045,974
289599,1054,981
289600,1061,985
289601,1071,988
289602,1079,988
289603,1087,992
289604,1076,1002
289605,1044,1008
289606,1000,1017
289607,961,1027
289608,938,1043
289609,927,1062
289610,926,1076
289611,924,1085
289612,921,1086
289613,913,1085
289614,909,1088
289615,903,1089
289616,901,1100
289617,903,1101
289618,896,1099
289619,889,1097
289620,888,1101
289621,888,1103
289622,887,1108
289623,888,1109
289624,886,1108
289625,882,1108
289626,880,1111
289627,881,1114
289628,883,1118
289629,882,1118
289630,879,1118
289631,877,1117
289632,871,1122
289633,869,1125
289634,871,1133
289635,872,1136
289636,869,1134
289637,869,1137
289638,866,1140
289639,866,1140
289640,867,1147
289641,867,1149
289642,866,1149
289643,860,1149
289644,857,1152
289645,856,1158
289646,859,1164
289647,860,1166
289648,857,1168
289649,853,1168
289650,851,1172
289651,853,1177
289652,856,1180
289653,856,1182
289654,858,1182
289655,853,1180
289656,853,1182
289657,852,1185
289658,854,1191
289659,859,1191
289660,858,1191
289661,860,1185
289662,861,1187
289663,864,1184
289664,867,1187
289665,869,1184
289666,871,1181
289667,873,1176
289668,873,1172
289669,883,1174
289670,890,1174
289671,898,1170
289672,899,1164
289673,900,1155
289674,900,1151
289675,902,1148
289676,913,1146
289677,920,1138
289678,921,1132
289679,925,1125
289680,925,1122
289681,931,1121
289682,938,1121
289683,943,1113
289684,943,1106
289685,942,1100
289686,942,1097
289687,949,1094
289688,951,1093
289689,956,1089
289690,958,1081
289691,956,1077
289692,954,1077
289693,954,1074
289694,956,1075
289695,962,1073
289696,961,1068
289697,960,1064
289698,958,1060
289699,961,1062
289700,964,1061
289701,965,1059
289702,963,1055
289703,961,1048
289704,961,1047
289705,965,1048
289706,968,1052
289707,969,1049
289708,970,1045
289709,965,1043
289710,964,1045
289711,967,1044
289712,968,1045
289713,970,1046
289714,969,1045
289715,967,1041
289716,970,1042
289717,972,1043
289718,975,1047
289719,979,1045
289720,976,1045
289721,974,1041
289722,972,1043
289723,976,1044
289724,982,1050
289725,983,1049
289726,979,1044
289727,979,1043
289728,981,1042
289729,981,1045
289730,984,1047
289731,985,1046
289732,985,1047
289733,979,1043
289734,978,1045
289735,979,1047
289736,983,1048
289737,985,1047
289738,984,1045
289739,982,1041
289740,981,1041
289741,979,1046
289742,980,1049
289743,982,1047
289744,978,1043
289745,977,1041
289746,977,1041
289747,977,1044
289748,979,1046
289749,984,1045
289750,981,1040
289751,979,1039
289752,976,1042
289753,978,1040
289754,980,1044
289755,978,1044
289756,977,1041
289757,976,1038
289758,976,1039
289759,981,1042
289760,984,1045
289761,986,1044
289762,982,1039
289763,981,1041
289764,978,1041
289765,976,1042
289766,981,1044
289767,984,1043
289768,986,1041
289769,983,1038
289770,981,1040
289771,980,1043
289772,986,1047
289773,985,1048
289774,982,1045
289775,982,1043
289776,983,1044
289777,987,1046
289778,990,1049
289779,990,1047
289780,989,1046
289781,985,1044
289782,983,1043
289783,984,1046
289784,988,1047
289785,991,1044
289786,987,1042
289787,988,1042
289788,986,1043
289789,987,1046
289790,991,1048
289791,991,1047
289792,986,1043
289793,984,1041
289794,982,1045
289795,981,1044
289796,984,1048
289797,986,1048
289798,986,1043
289799,986,1041
289800,985,1043
289801,985,1044
289802,988,1047
289803,988,1047
289804,985,1043
289805,987,1040
289806,984,1041
289807,987,1044
289808,990,1044
289809,992,1044
289810,994,1045
289811,993,1043
289812,993,1041
289813,989,1044
289814,989,1046
289815,991,1046
289816,991,1042
289817,987,1039
289818,987,1041
289819,987,1046
289820,988,1048
289821,989,1049
289822,992,1045
289823,986,1042
289824,984,1042
289825,985,1046
289826,988,1050
289827,987,1047
289828,989,1049
289829,986,1044
289830,985,1043
289831,983,1049
289832,988,1051
289833,989,1049
289834,987,1047
289835,990,1046
289836,988,1047
289837,991,1051
289838,991,1054
289839,991,1054
289840,991,1050
289841,989,1048
289842,988,1047
289843,989,1048
289844,994,1051
289845,997,1049
289846,998,1047
289847,996,1043
289848,995,1043
289849,998,1047
289850,999,1049
289851,1002,1046
289852,1001,1044
289853,1000,1042
289854,998,1041
289855,999,1043
289856,1004,1045
289857,1007,1046
289858,1006,1042
289859,1004,1036
289860,1001,1035
289861,1004,1035
289862,1011,1036
289863,1024,1031
289864,1038,1027
289865,1052,1025
289866,1073,1022
289867,1106,1016
289868,1146,1006
289869,1188,996
289870,1231,988
289871,1269,995
289872,1308,1008
289873,1330,1029
289874,1324,1045
289875,1282,1048
289876,1217,1047
289877,1148,1054
289878,1082,1065
289879,1019,1075
289880,977,1078
289881,961,1074
289882,963,1067
289883,976,1054
289884,986,1046
289885,993,1047
289886,995,1045
289887,991,1045
289888,989,1043
289889,983,1041
289890,978,1040
289891,979,1046
289892,981,1049
289893,982,1053
289894,980,1051
289895,979,1048
289896,977,1047
289897,979,1046
289898,981,1048
289899,979,1046
289900,976,1044
289901,973,1040
289902,975,1043
289903,978,1047
289904,981,1050
289905,985,1052
289906,980,1049
289907,978,1048
289908,977,1049
289909,975,1051
289910,976,1055
289911,980,1055
289912,980,1053
289913,977,1049
289914,976,1051
289915,980,1054
289916,981,1058
289917,984,1056
289918,980,1052
289919,974,1048
289920,974,1051
289921,977,1049
289922,984,1051
289923,988,1049
289924,984,1045
289925,979,1044
289926,977,1044
289927,979,1044
289928,977,1048
289929,980,1045
289930,979,1043
289931,978,1039
289932,978,1038
289933,981,1038
289934,986,1041
289935,986,1038
289936,985,1038
289937,984,1033
289938,982,1033
289939,981,1034
289940,986,1037
289941,989,1033
289942,992,1030
289943,989,1024
289944,993,1024
289945,994,1025
289946,997,1026
289947,997,1024
289948,995,1019
289949,994,1015
289950,991,1018
289951,997,1021
289952,1000,1024
289953,1009,1021
289954,1009,1016
289955,1006,1015
289956,1004,1015
289957,1007,1018
289958,1011,1019
289959,1015,1018
289960,1018,1018
289961,1016,1008
289962,1017,1013
289963,1016,1011
289964,1023,1015
289965,1025,1015
289966,1024,1011
289967,1023,1010
289968,1023,1009
289969,1026,1011
289970,1026,1015
289971,1031,1014
289972,1029,1011
289973,1026,1010
289974,1025,1012
289975,1026,1017
289976,1029,1019
289977,1028,1020
289978,1024,1021
289979,1022,1020
289980,1025,1023
289981,1022,1028
289982,1026,1033
289983,1026,1035
289984,1023,1036
289985,1018,1035
289986,1013,1038
289987,1011,1041
289988,1010,1045
289989,1010,1046
289990,1010,1042
289991,1008,1045
289992,1004,1046
289993,1004,1050
289994,1002,1054
289995,1003,1055
289996,1000,1055
289997,1002,1053
289998,1002,1054
289999,1002,1056
290000,1006,1059
290001,1007,1061
290002,1006,1058
290003,1005,1057
290004,1004,1056
290005,1001,1059
290006,1002,1063
290007,1007,1060
290008,1006,1058
290009,1000,1054
290010,1005,1054
290011,1005,1057
290012,1007,1058
290013,1007,1057
290014,1001,1050
290015,997,1045
290016,997,1046
290017,1000,1044
290018,1006,1046
290019,1005,1047
290020,1004,1043
290021,1005,1043
290022,1004,1044
290023,1005,1043
290024,1004,1047
290025,1005,1047
290026,1006,1045
290027,1007,1043
290028,1005,1042
290029,1004,1041
290030,1011,1046
290031,1007,1043
290032,1002,1042
290033,1000,1042
290034,999,1044
290035,997,1046
290036,998,1049
290037,1003,1046
290038,1001,1044
290039,997,1044
290040,995,1043
290041,1000,1046
290042,1004,1049
290043,1007,1047
290044,1003,1046
290045,1001,1044
290046,999,1044
290047,1002,1048
290048,1005,1048
290049,1006,1046
290050,1004,1044
290051,1002,1042
290052,996,1043
290053,994,1045
290054,998,1049
290055,1001,1045
290056,1003,1048
290057,999,1045
290058,996,1047
290059,995,1049
290060,1002,1050
290061,1002,1047
290062,997,1045
290063,993,1046
290064,990,1046
290065,992,1045
290066,994,1050
290067,997,1049
290068,999,1046
290069,996,1043
290070,993,1046
290071,994,1049
290072,999,1052
290073,1002,1054
290074,999,1051
290075,992,1049
290076,989,1049
290077,989,1052
290078,995,1055
290079,997,1054
290080,995,1052
290081,990,1048
290082,988,1048
290083,992,1047
290084,994,1052
290085,995,1050
290086,993,1048
290087,992,1042
290088,993,1044
290089,995,1046
290090,997,1050
290091,998,1051
290092,999,1050
290093,997,1044
290094,994,1046
290095,998,1049
290096,1001,1051
290097,1003,1048
290098,1004,1046
290099,1001,1043
290100,999,1041
290101,1000,1041
290102,1003,1042
290103,1009,1037
290104,1010,1036
290105,1017,1032
290106,1028,1028
290107,1048,1033
290108,1070,1031
290109,1099,1023
290110,1128,1011
290111,1168,1000
290112,1209,995
290113,1251,1003
290114,1294,1017
290115,1323,1039
290116,1318,1048
290117,1283,1055
290118,1222,1054
290119,1156,1061
290120,1097,1072
290121,1037,1083
290122,976,1089
290123,941,1090
290124,939,1089
290125,956,1083
290126,975,1074
290127,988,1064
290128,989,1055
290129,985,1048
290130,984,1044
290131,982,1046
290132,980,1050
290133,981,1049
290134,974,1047
290135,973,1043
290136,968,1043
290137,973,1047
290138,979,1052
290139,982,1051
290140,979,1049
290141,975,1047
290142,970,1049
290143,970,1051
290144,974,1052
290145,980,1053
290146,978,1050
290147,974,1046
290148,974,1048
290149,973,1052
290150,976,1052
290151,978,1051
290152,974,1047
290153,973,1046
290154,971,1048
290155,972,1050
290156,975,1053
290157,976,1049
290158,970,1047
290159,964,1042
290160,963,1042
290161,966,1041
290162,969,1043
290163,972,1043
290164,971,1041
290165,971,1040
290166,972,1039
290167,974,1041
290168,974,1045
290169,974,1043
290170,977,1039
290171,975,1039
290172,975,1037
290173,977,1037
290174,978,1040
290175,979,1038
290176,978,1037
290177,980,1033
290178,979,1029
290179,980,1028
290180,984,1025
290181,985,1023
290182,980,1020
290183,980,1019
290184,981,1019
290185,986,1019
290186,988,1021
290187,989,1018
290188,987,1014
290189,986,1010
290190,990,1013
290191,993,1013
290192,995,1015
290193,994,1011
290194,995,1006
290195,993,1003
290196,993,1004
290197,996,1005
290198,998,1009
290199,1000,1008
290200,1002,1004
290201,995,1002
290202,993,1002
290203,995,1003
290204,1001,1006
290205,1002,1003
290206,998,1002
290207,999,1000
290208,1002,998
290209,1005,1001
290210,1006,1004
290211,1008,1002
290212,1010,1005
290213,1012,1003
290214,1014,1004
290215,1012,1006
290216,1011,1013
290217,1018,1012
290218,1015,1012
290219,1008,1009
290220,1004,1013
290221,1005,1019
290222,1008,1021
290223,1012,1022
290224,1011,1021
290225,1007,1019
290226,1007,1024
290227,1008,1028
290228,1008,1034
290229,1007,1035
290230,1009,1035
290231,1006,1037
290232,1007,1036
290233,1006,1038
290234,1003,1044
290235,1003,1043
290236,998,1044
290237,999,1044
290238,998,1045
290239,996,1048
290240,990,1051
290241,992,1049
290242,988,1051
290243,990,1049
290244,990,1050
290245,992,1052
290246,996,1052
290247,1000,1050
290248,998,1049
290249,991,1047
290250,985,1049
290251,988,1051
290252,992,1053
290253,995,1052
290254,995,1049
290255,989,1049
290256,990,1046
290257,995,1051
290258,997,1053
290259,996,1055
290260,991,1052
290261,987,1050
290262,989,1050
290263,992,1051
290264,992,1053
290265,995,1050
290266,996,1049
290267,996,1048
290268,996,1046
290269,996,1049
290270,1000,1051
290271,999,1051
290272,999,1047
290273,994,1045
290274,992,1045
290275,995,1047
290276,1000,1050
290277,1001,1052
290278,997,1044
290279,997,1043
290280,997,1043
290281,1002,1045
290282,1001,1047
290283,998,1047
290284,997,1042
290285,997,1041
290286,992,1042
290287,989,1043
290288,992,1047
290289,994,1047
290290,993,1045
290291,993,1045
290292,993,1048
290293,998,1048
290294,997,1051
290295,997,1050
290296,990,1044
290297,986,1045
290298,987,1045
290299,993,1049
290300,1001,1050
290301,1000,1048
290302,994,1047
290303,988,1044
290304,984,1047
290305,986,1048
290306,990,1050
290307,994,1050
290308,990,1047
290309,986,1045
290310,988,1046
290311,988,1048
290312,991,1051
290313,992,1051
290314,990,1051
290315,983,1050
290316,986,1052
290317,988,1054
290318,993,1059
290319,998,1055
290320,1000,1052
290321,993,1049
290322,987,1053
290323,987,1054
290324,985,1056
290325,992,1054
290326,985,1051
290327,981,1047
290328,980,1048
290329,980,1049
290330,983,1050
290331,987,1048
290332,985,1043
290333,982,1044
290334,980,1045
290335,979,1048
290336,984,1050
290337,986,1051
290338,987,1047
290339,984,1045
290340,983,1045
290341,988,1048
290342,990,1050
290343,990,1047
290344,987,1043
290345,984,1044
290346,984,1045
290347,987,1047
290348,994,1050
290349,990,1048
290350,984,1044
290351,977,1043
290352,976,1044
290353,980,1044
290354,983,1049
290355,988,1047
290356,985,1045
290357,985,1043
290358,984,1045
290359,985,1047
290360,988,1052
290361,988,1051
290362,987,1048
290363,984,1043
290364,981,1045
290365,981,1046
290366,983,1047
290367,987,1049
290368,990,1047
290369,986,1047
290370,985,1047
290371,987,1049
290372,989,1050
290373,985,1049
290374,984,1048
290375,983,1045
290376,983,1046
290377,984,1048
290378,984,1053
290379,988,1051
290380,987,1049
290381,984,1047
290382,983,1048
290383,985,1050
290384,991,1053
290385,992,1051
290386,988,1048
290387,985,1045
290388,984,1049
290389,984,1049
290390,988,1050
290391,988,1048
290392,990,1046
290393,987,1044
290394,985,1042
290395,985,1044
290396,990,1046
290397,991,1048
290398,989,1046
290399,986,1042
290400,986,1043
290401,987,1049
290402,985,1049
290403,987,1048
290404,988,1042
290405,985,1045
290406,987,1047
290407,989,1048
290408,990,1051
290409,992,1048
290410,991,1048
290411,991,1043
290412,992,1041
290413,991,1045
290414,994,1047
290415,993,1047
290416,993,1045
290417,992,1045
290418,989,1049
290419,989,1050
290420,993,1053
290421,993,1050
290422,992,1049
290423,990,1046
290424,989,1047
290425,989,1049
290426,990,1050
290427,991,1048
290428,990,1046
290429,993,1045
290430,989,1046
290431,988,1048
290432,989,1049
290433,993,1048
290434,988,1045
290435,990,1043
290436,991,1045
290437,992,1046
290438,997,1046
290439,997,1047
290440,995,1044
290441,993,1044
290442,989,1046
290443,992,1047
290444,993,1051
290445,991,1047
290446,992,1043
290447,989,1041
290448,988,1040
290449,986,1040
290450,992,1045
290451,990,1044
290452,986,1041
290453,984,1038
290454,983,1040
290455,984,1041
290456,990,1045
290457,990,1045
290458,987,1040
290459,986,1036
290460,987,1039
290461,988,1043
290462,992,1047
290463,992,1046
290464,994,1045
290465,995,1041
290466,996,1041
290467,1000,1044
290468,1002,1047
290469,1003,1046
290470,998,1041
290471,995,1042
290472,993,1040
290473,992,1045
290474,997,1045
290475,998,1044
290476,997,1042
290477,995,1041
290478,994,1042
290479,998,1046
290480,1001,1048
290481,1002,1045
290482,1000,1045
290483,997,1043
290484,996,1043
290485,998,1048
290486,1001,1049
290487,1003,1049
290488,999,1046
290489,995,1043
290490,993,1043
290491,998,1046
290492,998,1049
290493,1003,1045
290494,1002,1045
290495,997,1044
290496,997,1046
290497,999,1048
290498,1002,1051
290499,1003,1052
290500,1001,1051
290501,997,1049
290502,992,1050
290503,993,1049
290504,1000,1048
290505,1005,1043
290506,1011,1039
290507,1014,1034
290508,1021,1031
290509,1041,1033
290510,1061,1029
290511,1083,1024
290512,1106,1019
290513,1137,1007
290514,1177,999
290515,1217,997
290516,1262,997
290517,1303,1004
290518,1333,1009
290519,1337,1020
290520,1319,1030
290521,1274,1038
290522,1216,1045
290523,1154,1047
290524,1089,1054
290525,1033,1056
290526,989,1061
290527,968,1068
290528,973,1068
290529,985,1061
290530,997,1051
290531,997,1047
290532,995,1043
290533,995,1046
290534,996,1046
290535,995,1047
290536,987,1043
290537,985,1043
290538,986,1045
290539,985,1048
290540,987,1051
290541,984,1050
290542,981,1051
290543,979,1049
290544,981,1050
290545,982,1052
290546,981,1055
290547,980,1053
290548,976,1052
290549,975,1050
290550,973,1052
290551,975,1056
290552,980,1058
290553,981,1057
290554,981,1053
290555,978,1051
290556,980,1052
290557,981,1051
290558,984,1053
290559,984,1052
290560,983,1049
290561,974,1047
290562,972,1047
290563,974,1048
290564,981,1051
290565,981,1054
290566,982,1050
290567,978,1049
290568,977,1047
290569,978,1049
290570,980,1049
290571,981,1051
290572,980,1045
290573,981,1043
290574,982,1043
290575,984,1046
290576,984,1047
290577,985,1045
290578,983,1044
290579,981,1042
290580,983,1044
290581,985,1044
290582,987,1045
290583,986,1045
290584,989,1040
290585,991,1037
290586,989,1041
290587,991,1044
290588,998,1043
290589,997,1044
290590,996,1040
290591,994,1036
290592,994,1037
290593,997,1041
290594,1002,1039
290595,1009,1037
290596,1007,1033
290597,1005,1030
290598,1003,1029
290599,1004,1028
290600,1009,1029
290601,1011,1027
290602,1008,1022
290603,1002,1020
290604,1004,1020
290605,1009,1021
290606,1013,1021
290607,1017,1021
290608,1015,1015
290609,1016,1017
290610,1016,1019
290611,1019,1020
290612,1019,1023
290613,1020,1020
290614,1020,1016
290615,1018,1013
290616,1017,1014
290617,1021,1016
290618,1020,1019
290619,1024,1016
290620,1022,1013
290621,1022,1014
290622,1021,1016
290623,1022,1021
290624,1024,1022
290625,1028,1021
290626,1025,1019
290627,1021,1018
290628,1022,1020
290629,1025,1024
290630,1027,1032
290631,1027,1032
290632,1023,1030
290633,1020,1030
290634,1015,1030
290635,1015,1035
290636,1015,1038
290637,1014,1036
290638,1013,1038
290639,1011,1039
290640,1007,1043
290641,1010,1046
290642,1010,1053
290643,1010,1053
290644,1005,1051
290645,1002,1050
290646,996,1050
290647,1002,1052
290648,1002,1053
290649,999,1054
290650,997,1051
290651,995,1052
290652,996,1052
290653,999,1058
290654,1004,1061
290655,1006,1061
290656,1002,1055
290657,998,1051
290658,996,1050
290659,999,1054
290660,1000,1057
290661,1000,1059
290662,997,1056
290663,994,1052
290664,993,1051
290665,992,1056
290666,993,1058
290667,997,1058
290668,999,1058
290669,994,1055
290670,992,1055
290671,996,1056
290672,997,1056
290673,996,1055
290674,994,1049
290675,990,1046
290676,989,1045
290677,987,1044
290678,995,1045
290679,998,1042
290680,994,1041
290681,991,1043
290682,993,1046
290683,996,1047
290684,996,1050
290685,998,1045
290686,995,1044
290687,993,1043
290688,996,1046
290689,997,1047
290690,998,1050
290691,999,1048
290692,995,1046
290693,993,1043
290694,992,1043
290695,992,1045
290696,996,1049
290697,997,1049
290698,998,1046
290699,996,1043
290700,999,1044
290701,999,1047
290702,1001,1051
290703,1002,1048
290704,998,1045
290705,998,1044
290706,1000,1047
290707,1000,1050
290708,1000,1049
290709,998,1048
290710,998,1046
290711,995,1045
290712,993,1048
290713,995,1054
290714,999,1054
290715,999,1053
290716,997,1048
290717,992,1046
290718,988,1048
290719,993,1049
290720,993,1052
290721,996,1050
290722,991,1042
290723,987,1043
290724,984,1042
290725,986,1045
290726,989,1046
290727,990,1045
290728,986,1043
290729,985,1041
290730,985,1047
290731,990,1050
290732,992,1057
290733,992,1055
290734,992,1053
290735,990,1049
290736,988,1050
290737,985,1051
290738,989,1053
290739,991,1052
290740,992,1051
290741,991,1047
290742,990,1051
290743,990,1055
290744,992,1057
290745,995,1056
290746,989,1054
290747,984,1055
290748,982,1054
290749,982,1055
290750,984,1060
290751,989,1056
290752,988,1054
290753,990,1053
290754,988,1052
290755,988,1055
290756,988,1055
290757,990,1054
290758,989,1052
290759,989,1051
290760,987,1056
290761,987,1060
290762,990,1058
290763,990,1052
290764,987,1047
290765,985,1043
290766,984,1043
290767,989,1042
290768,998,1045
290769,1007,1042
290770,1016,1038
290771,1026,1033
290772,1045,1032
290773,1072,1031
290774,1107,1025
290775,1150,1015
290776,1187,1004
290777,1235,996
290778,1276,1004
290779,1316,1020
290780,1335,1038
290781,1321,1049
290782,1282,1054
290783,1222,1052
290784,1156,1058
290785,1090,1073
290786,1023,1090
290787,970,1098
290788,944,1096
290789,944,1087
290790,959,1076
290791,971,1069
290792,979,1066
290793,984,1061
290794,983,1055
290795,976,1051
290796,972,1053
290797,971,1055
290798,972,1056
290799,970,1055
290800,970,1053
290801,964,1051
290802,962,1055
290803,961,1054
290804,964,1059
290805,966,1060
290806,966,1056
290807,961,1052
290808,960,1054
290809,962,1055
290810,968,1054
290811,967,1049
290812,966,1045
290813,964,1043
290814,964,1046
290815,965,1046
290816,965,1050
290817,966,1051
290818,966,1051
290819,962,1046
290820,964,1048
290821,969,1051
290822,969,1054
290823,969,1057
290824,967,1051
290825,963,1049
290826,961,1049
290827,963,1053
290828,966,1053
290829,968,1054
290830,967,1048
290831,967,1048
290832,964,1048
290833,967,1052
290834,969,1054
290835,968,1056
290836,966,1052
290837,968,1049
290838,966,1050
290839,967,1052
290840,972,1053
290841,975,1050
290842,973,1045
290843,968,1040
290844,969,1040
290845,971,1041
290846,976,1043
290847,978,1041
290848,977,1038
290849,974,1036
290850,975,1039
290851,980,1040
290852,988,1039
290853,990,1034
290854,990,1026
290855,989,1024
290856,989,1023
290857,990,1023
290858,992,1023
290859,996,1021
290860,996,1017
290861,994,1013
290862,994,1013
290863,998,1015
290864,1005,1019
290865,1008,1013
290866,1002,1008
290867,1001,1008
290868,996,1008
290869,1002,1009
290870,1004,1010
290871,1005,1008
290872,1003,1004
290873,1000,1003
290874,1003,1008
290875,1007,1010
290876,1010,1010
290877,1009,1009
290878,1006,1008
290879,1003,1009
290880,1005,1007
290881,1004,1011
290882,1004,1013
290883,1003,1013
290884,1002,1015
290885,1002,1015
290886,1002,1017
290887,1002,1024
290888,1003,1027
290889,1004,1028
290890,1003,1029
290891,996,1028
290892,990,1035
290893,993,1040
290894,996,1045
290895,997,1045
290896,994,1044
290897,990,1045
290898,986,1045
290899,989,1048
290900,986,1049
290901,984,1050
290902,985,1049
290903,982,1048
290904,978,1050
290905,980,1054
290906,981,1059
290907,978,1063
290908,976,1060
290909,973,1057
290910,973,1056
290911,975,1058
290912,972,1065
290913,975,1065
290914,976,1064
290915,971,1063
290916,969,1065
290917,970,1060
290918,969,1062
290919,973,1061
290920,971,1058
290921,968,1056
290922,967,1058
290923,971,1060
290924,974,1062
290925,974,1062
290926,974,1060
290927,971,1060
290928,970,1061
290929,978,1065
290930,980,1065
290931,976,1060
290932,975,1057
290933,974,1053
290934,969,1055
290935,970,1055
290936,976,1057
290937,978,1057
290938,975,1055
290939,972,1052
290940,970,1053
290941,972,1055
290942,977,1057
290943,976,1056
290944,977,1056
290945,974,1053
290946,975,1055
290947,977,1055
290948,981,1055
290949,984,1050
290950,980,1045
290951,977,1041
290952,974,1044
290953,981,1046
290954,984,1048
290955,983,1050
290956,980,1049
290957,975,1047
290958,973,1048
290959,976,1050
290960,981,1054
290961,979,1054
290962,980,1052
290963,975,1049
290964,978,1048
290965,979,1053
290966,981,1053
290967,980,1054
290968,978,1052
290969,972,1050
290970,971,1050
290971,977,1052
290972,976,1057
290973,977,1056
290974,974,1054
290975,971,1051
290976,971,1052
290977,972,1054
290978,976,1054
290979,976,1057
290980,975,1053
290981,974,1053
290982,973,1055
290983,972,1056
290984,973,1057
290985,974,1054
290986,972,1052
290987,970,1052
290988,969,1051
290989,971,1053
290990,975,1054
290991,972,1053
290992,974,1051
290993,969,1050
290994,967,1047
290995,972,1049
290996,973,1052
290997,974,1051
290998,972,1048
290999,972,1045
291000,969,1044
291001,973,1044
291002,977,1050
291003,980,1050
291004,978,1047
291005,972,1046
291006,970,1048
291007,971,1051
291008,976,1055
291009,979,1052
291010,978,1049
291011,978,1047
291012,975,1048
291013,977,1048
291014,979,1052
291015,980,1051
291016,982,1044
291017,984,1038
291018,994,1040
291019,1009,1038
291020,1024,1037
291021,1046,1034
291022,1072,1027
291023,1103,1018
291024,1139,1013
291025,1183,1007
291026,1226,1008
291027,1269,1008
291028,1304,1015
291029,1324,1032
291030,1313,1048
291031,1282,1058
291032,1231,1060
291033,1165,1062
291034,1097,1068
291035,1035,1074
291036,978,1083
291037,942,1087
291038,934,1090
291039,942,1083
291040,952,1072
291041,960,1060
291042,963,1055
291043,968,1055
291044,966,1060
291045,965,1059
291046,961,1060
291047,958,1051
291048,954,1046
291049,955,1042
291050,953,1045
291051,954,1044
291052,953,1043
291053,947,1044
291054,948,1048
291055,949,1053
291056,952,1057
291057,952,1054
291058,950,1048
291059,948,1043
291060,951,1044
291061,953,1042
291062,956,1043
291063,957,1043
291064,950,1041
291065,950,1040
291066,948,1041
291067,951,1044
291068,953,1050
291069,952,1049
291070,952,1046
291071,947,1044
291072,951,1046
291073,953,1048
291074,956,1052
291075,955,1050
291076,951,1047
291077,948,1048
291078,944,1048
291079,942,1050
291080,946,1052
291081,946,1051
291082,945,1046
291083,947,1047
291084,946,1045
291085,948,1049
291086,951,1051
291087,955,1046
291088,953,1042
291089,949,1039
291090,948,1038
291091,952,1040
291092,955,1042
291093,955,1039
291094,955,1033
291095,950,1033
291096,951,1031
291097,955,1033
291098,958,1033
291099,959,1030
291100,959,1027
291101,959,1024
291102,961,1022
291103,966,1021
291104,970,1024
291105,971,1019
291106,972,1017
291107,970,1013
291108,967,1016
291109,972,1016
291110,977,1018
291111,978,1014
291112,978,1015
291113,978,1011
291114,978,1011
291115,982,1014
291116,988,1014
291117,989,1009
291118,989,1007
291119,984,1004
291120,984,1006
291121,983,1011
291122,987,1016
291123,989,1017
291124,987,1013
291125,985,1008
291126,989,1007
291127,992,1006
291128,995,1006
291129,994,1006
291130,993,1005
291131,989,1008
291132,987,1010
291133,990,1014
291134,992,1021
291135,992,1023
291136,989,1021
291137,985,1020
291138,980,1022
291139,981,1025
291140,980,1030
291141,978,1031
291142,973,1030
291143,968,1030
291144,968,1034
291145,968,1038
291146,969,1040
291147,971,1041
291148,965,1036
291149,962,1035
291150,960,1038
291151,959,1042
291152,956,1046
291153,956,1047
291154,959,1045
291155,958,1047
291156,960,1047
291157,961,1048
291158,962,1052
291159,961,1052
291160,959,1050
291161,957,1046
291162,957,1050
291163,960,1054
291164,964,1061
291165,967,1059
291166,962,1057
291167,960,1054
291168,957,1055
291169,958,1056
291170,957,1058
291171,957,1051
291172,958,1051
291173,955,1049
291174,958,1049
291175,961,1053
291176,964,1054
291177,966,1053
291178,966,1050
291179,963,1048
291180,961,1050
291181,966,1054
291182,969,1053
291183,969,1052
291184,969,1047
291185,969,1045
291186,965,1051
291187,970,1055
291188,975,1057
291189,976,1045
291190,973,1035
291191,971,1030
291192,967,1028
291193,969,1031
291194,976,1035
291195,972,1037
291196,974,1033
291197,971,1033
291198,968,1033
291199,968,1034
291200,969,1036
291201,970,1035
291202,963,1034
291203,963,1033
291204,962,1035
291205,964,1038
291206,970,1042
291207,970,1041
291208,970,1041
291209,967,1039
291210,960,1038
291211,962,1040
291212,965,1044
291213,969,1044
291214,968,1041
291215,962,1039
291216,964,1039
291217,970,1041
291218,968,1045
291219,969,1044
291220,966,1043
291221,959,1042
291222,962,1046
291223,964,1048
291224,967,1051
291225,965,1052
291226,962,1052
291227,960,1057
291228,960,1061
291229,961,1061
291230,963,1061
291231,965,1054
291232,965,1048
291233,963,1044
291234,960,1043
291235,962,1045
291236,970,1045
291237,972,1041
291238,971,1039
291239,969,1034
291240,965,1033
291241,963,1035
291242,963,1035
291243,967,1038
291244,971,1034
291245,970,1035
291246,967,1036
291247,968,1040
291248,971,1041
291249,971,1040
291250,968,1039
291251,966,1039
291252,965,1042
291253,966,1043
291254,972,1046
291255,972,1045
291256,970,1043
291257,966,1043
291258,962,1044
291259,966,1049
291260,967,1053
291261,965,1051
291262,967,1046
291263,968,1037
291264,973,1033
291265,981,1033
291266,993,1031
291267,1006,1029
291268,1024,1025
291269,1043,1021
291270,1074,1016
291271,1110,1009
291272,1150,1003
291273,1198,995
291274,1240,991
291275,1275,997
291276,1303,1015
291277,1307,1032
291278,1282,1046
291279,1230,1044
291280,1162,1046
291281,1094,1053
291282,1028,1067
291283,975,1075
291284,944,1079
291285,933,1073
291286,938,1066
291287,947,1056
291288,961,1048
291289,965,1044
291290,966,1044
291291,963,1040
291292,956,1039
291293,951,1035
291294,951,1038
291295,950,1039
291296,948,1045
291297,950,1045
291298,945,1042
291299,943,1040
291300,940,1044
291301,945,1050
291302,946,1054
291303,948,1059
291304,947,1053
291305,945,1049
291306,942,1047
291307,945,1048
291308,949,1050
291309,949,1050
291310,947,1048
291311,941,1044
291312,941,1043
291313,942,1040
291314,945,1037
291315,950,1036
291316,948,1036
291317,946,1036
291318,944,1037
291319,946,1039
291320,947,1037
291321,947,1035
291322,944,1033
291323,943,1034
291324,939,1036
291325,941,1040
291326,945,1043
291327,946,1042
291328,945,1039
291329,941,1038
291330,940,1036
291331,939,1038
291332,942,1040
291333,946,1038
291334,947,1034
291335,947,1032
291336,947,1032
291337,951,1034
291338,953,1034
291339,953,1031
291340,952,1028
291341,947,1028
291342,950,1030
291343,953,1029
291344,954,1033
291345,957,1028
291346,956,1028
291347,956,1023
291348,958,1022
291349,962,1021
291350,964,1020
291351,964,1021
291352,961,1017
291353,960,1018
291354,963,1015
291355,966,1015
291356,970,1015
291357,972,1012
291358,971,1007
291359,969,1006
291360,973,1008
291361,973,1009
291362,976,1010
291363,976,1003
291364,975,997
291365,973,995
291366,975,995
291367,981,995
291368,984,997
291369,984,998
291370,984,998
291371,984,995
291372,981,996
291373,984,996
291374,987,1000
291375,990,998
291376,988,999
291377,986,1000
291378,984,1004
291379,988,1010
291380,991,1012
291381,991,1012
291382,987,1009
291383,981,1012
291384,980,1016
291385,984,1022
291386,986,1024
291387,986,1023
291388,981,1021
291389,978,1023
291390,976,1029
291391,975,1040
291392,978,1048
291393,977,1048
291394,973,1044
291395,970,1036
291396,968,1033
291397,969,1034
291398,969,1036
291399,971,1039
291400,966,1034
291401,962,1033
291402,959,1038
291403,962,1042
291404,962,1045
291405,963,1047
291406,963,1043
291407,958,1040
291408,957,1045
291409,960,1046
291410,960,1047
291411,960,1044
291412,959,1039
291413,957,1039
291414,958,1037
291415,964,1042
291416,973,1045
291417,980,1044
291418,982,1042
291419,984,1042
291420,988,1048
291421,996,1052
291422,1002,1053
291423,1006,1052
291424,1012,1046
291425,1022,1039
291426,1041,1029
291427,1057,1020
291428,1069,1009
291429,1086,991
291430,1101,971
291431,1113,949
291432,1129,933
291433,1149,920
291434,1167,907
291435,1185,884
291436,1201,868
291437,1220,850
291438,1238,839
291439,1254,830
291440,1264,824
291441,1264,817
291442,1260,813
291443,1255,811
291444,1250,809
291445,1246,811
291446,1239,815
291447,1226,814
291448,1206,816
291449,1180,820
291450,1159,827
291451,1132,842
291452,1107,852
291453,1080,859
291454,1052,867
291455,1037,877
291456,1028,895
291457,1027,912
291458,1028,927
291459,1022,941
291460,1013,952
291461,1007,965
291462,1010,977
291463,1018,991
291464,1035,999
291465,1052,1001
291466,1065,995
291467,1063,997
291468,1040,1005
291469,1009,1017
291470,973,1026
291471,939,1034
291472,918,1043
291473,904,1052
291474,898,1063
291475,898,1074
291476,897,1077
291477,893,1077
291478,888,1076
291479,885,1074
291480,877,1079
291481,878,1084
291482,878,1089
291483,874,1090
291484,868,1093
291485,861,1097
291486,859,1101
291487,864,1108
291488,864,1110
291489,865,1112
291490,862,1108
291491,856,1108
291492,854,1115
291493,854,1121
291494,856,1127
291495,854,1130
291496,850,1124
291497,846,1121
291498,848,1121
291499,852,1120
291500,852,1126
291501,850,1124
291502,845,1125
291503,841,1125
291504,837,1134
291505,837,1143
291506,842,1145
291507,844,1149
291508,841,1140
291509,842,1130
291510,841,1128
291511,843,1133
291512,845,1139
291513,845,1142
291514,844,1146
291515,840,1144
291516,843,1147
291517,846,1151
291518,851,1156
291519,855,1156
291520,855,1155
291521,851,1154
291522,853,1158
291523,859,1166
291524,865,1166
291525,867,1165
291526,867,1166
291527,868,1163
291528,869,1166
291529,876,1167
291530,884,1168
291531,886,1170
291532,886,1165
291533,887,1161
291534,888,1163
291535,896,1165
291536,902,1160
291537,908,1153
291538,909,1148
291539,911,1138
291540,913,1130
291541,916,1125
291542,922,1122
291543,926,1118
291544,929,1112
291545,929,1107
291546,929,1100
291547,932,1099
291548,936,1096
291549,939,1087
291550,935,1078
291551,933,1070
291552,931,1066
291553,932,1067
291554,936,1070
291555,938,1064
291556,939,1057
291557,938,1053
291558,940,1053
291559,940,1051
291560,946,1051
291561,945,1047
291562,944,1042
291563,939,1043
291564,938,1046
291565,941,1050
291566,947,1052
291567,950,1048
291568,949,1042
291569,949,1040
291570,945,1038
291571,948,1041
291572,951,1044
291573,953,1043
291574,949,1044
291575,945,1046
291576,943,1053
291577,946,1060
291578,950,1064
291579,951,1063
291580,950,1054
291581,947,1046
291582,950,1042
291583,952,1047
291584,953,1049
291585,954,1048
291586,954,1043
291587,955,1040
291588,955,1042
291589,955,1040
291590,959,1041
291591,959,1040
291592,955,1039
291593,952,1045
291594,952,1054
291595,956,1053
291596,960,1040
291597,959,1024
291598,961,1016
291599,958,1016
291600,954,1020
291601,955,1022
291602,956,1023
291603,957,1022
291604,956,1020
291605,953,1019
291606,950,1023
291607,954,1028
291608,961,1031
291609,958,1030
291610,956,1027
291611,953,1030
291612,952,1033
291613,952,1036
291614,955,1038
291615,957,1036
291616,956,1033
291617,955,1032
291618,952,1035
291619,951,1038
291620,950,1044
291621,949,1051
291622,949,1055
291623,948,1065
291624,949,1061
291625,955,1053
291626,957,1042
291627,956,1032
291628,947,1030
291629,947,1033
291630,948,1041
291631,955,1043
291632,959,1041
291633,959,1033
291634,959,1030
291635,956,1027
291636,954,1027
291637,958,1034
291638,960,1037
291639,962,1036
291640,961,1036
291641,955,1031
291642,953,1034
291643,955,1037
291644,959,1039
291645,960,1040
291646,956,1037
291647,957,1030
291648,956,1025
291649,956,1029
291650,960,1032
291651,959,1031
291652,957,1034
291653,952,1029
291654,954,1031
291655,957,1030
291656,957,1033
291657,957,1030
291658,958,1027
291659,955,1028
291660,951,1032
291661,954,1032
291662,955,1038
291663,957,1039
291664,954,1038
291665,953,1041
291666,951,1049
291667,956,1055
291668,957,1057
291669,956,1049
291670,956,1039
291671,955,1035
291672,954,1034
291673,954,1038
291674,963,1041
291675,958,1041
291676,957,1037
291677,959,1036
291678,958,1035
291679,960,1037
291680,960,1040
291681,961,1045
291682,961,1045
291683,957,1047
291684,958,1047
291685,962,1045
291686,966,1046
291687,965,1042
291688,963,1034
291689,962,1029
291690,958,1030
291691,961,1035
291692,966,1041
291693,967,1043
291694,965,1036
291695,967,1023
291696,964,1011
291697,964,1009
291698,964,1012
291699,961,1011
291700,956,1012
291701,952,1016
291702,953,1023
291703,958,1030
291704,961,1035
291705,962,1038
291706,962,1030
291707,959,1028
291708,955,1025
291709,958,1030
291710,958,1032
291711,960,1032
291712,957,1032
291713,956,1031
291714,960,1033
291715,962,1037
291716,966,1039
291717,968,1040
291718,965,1041
291719,960,1042
291720,960,1039
291721,965,1037
291722,969,1033
291723,971,1030
291724,971,1026
291725,976,1023
291726,987,1023
291727,1003,1023
291728,1024,1022
291729,1045,1016
291730,1068,1007
291731,1095,996
291732,1129,986
291733,1167,982
291734,1209,984
291735,1243,989
291736,1265,1005
291737,1272,1023
291738,1256,1038
291739,1213,1046
291740,1157,1050
291741,1094,1054
291742,1035,1063
291743,977,1068
291744,939,1075
291745,925,1076
291746,934,1071
291747,948,1059
291748,956,1046
291749,958,1036
291750,959,1039
291751,958,1037
291752,958,1040
291753,958,1038
291754,956,1033
291755,953,1032
291756,948,1031
291757,949,1030
291758,949,1028
291759,948,1027
291760,946,1024
291761,944,1019
291762,944,1021
291763,943,1026
291764,944,1030
291765,945,1031
291766,943,1026
291767,940,1025
291768,938,1028
291769,935,1029
291770,938,1034
291771,938,1032
291772,940,1029
291773,935,1029
291774,937,1031
291775,939,1033
291776,945,1036
291777,942,1034
291778,944,1032
291779,941,1030
291780,939,1028
291781,937,1031
291782,941,1034
291783,942,1035
291784,939,1030
291785,933,1028
291786,936,1031
291787,940,1034
291788,944,1037
291789,943,1038
291790,943,1033
291791,940,1033
291792,942,1030
291793,944,1029
291794,942,1028
291795,941,1024
291796,939,1023
291797,939,1023
291798,936,1026
291799,944,1024
291800,945,1017
291801,947,1011
291802,949,1011
291803,946,1009
291804,948,1016
291805,946,1021
291806,950,1025
291807,952,1024
291808,952,1015
291809,953,1007
291810,952,1002
291811,959,1002
291812,963,1002
291813,964,996
291814,959,991
291815,954,990
291816,958,991
291817,960,999
291818,963,1005
291819,966,1009
291820,967,1000
291821,967,990
291822,969,982
291823,969,983
291824,975,986
291825,974,989
291826,975,986
291827,974,986
291828,973,988
291829,978,991
291830,981,991
291831,988,991
291832,989,991
291833,983,990
291834,984,990
291835,987,993
291836,993,992
291837,993,993
291838,990,988
291839,986,990
291840,989,991
291841,992,997
291842,995,1003
291843,998,1004
291844,995,1004
291845,993,1005
291846,991,1014
291847,993,1026
291848,990,1041
291849,992,1050
291850,986,1045
291851,980,1034
291852,981,1019
291853,983,1012
291854,984,1010
291855,986,1013
291856,980,1011
291857,974,1016
291858,970,1023
291859,972,1031
291860,975,1037
291861,979,1036
291862,976,1031
291863,971,1024
291864,968,1023
291865,967,1027
291866,970,1029
291867,971,1027
291868,968,1026
291869,967,1025
291870,968,1028
291871,972,1032
291872,975,1035
291873,974,1037
291874,973,1030
291875,968,1020
291876,968,1018
291877,963,1015
291878,971,1021
291879,975,1022
291880,976,1021
291881,973,1022
291882,973,1025
291883,978,1028
291884,987,1030
291885,987,1026
291886,990,1024
291887,987,1022
291888,987,1024
291889,991,1025
291890,992,1022
291891,990,1019
291892,983,1015
291893,975,1010
291894,972,1012
291895,973,1006
291896,976,1001
291897,970,989
291898,964,977
291899,950,967
291900,933,953
291901,912,941
291902,882,910
291903,851,857
291904,819,806
291905,791,781
291906,779,786
291907,779,792
291908,789,774
291909,802,731
291910,815,696
291911,830,687
291912,850,705
291913,865,734
291914,868,764
291915,861,780
291916,847,796
291917,840,809
291918,843,825
291919,845,839
291920,849,850
291921,850,859
291922,849,868
291923,851,882
291924,859,896
291925,869,908
291926,880,919
291927,888,928
291928,889,931
291929,895,938
291930,902,947
291931,911,955
291932,924,961
291933,930,970
291934,934,980
291935,940,995
291936,946,1014
291937,950,1031
291938,957,1051
291939,958,1068
291940,966,1075
291941,972,1069
291942,984,1062
291943,990,1059
291944,995,1066
291945,996,1071
291946,998,1076
291947,995,1081
291948,995,1087
291949,1005,1094
291950,1012,1099
291951,1017,1099
291952,1018,1100
291953,1019,1102
291954,1025,1106
291955,1026,1112
291956,1035,1115
291957,1035,1117
291958,1041,1116
291959,1040,1116
291960,1043,1121
291961,1049,1126
291962,1053,1128
291963,1056,1128
291964,1061,1129
291965,1065,1130
291966,1068,1133
291967,1073,1136
291968,1082,1141
291969,1088,1142
291970,1093,1144
291971,1096,1146
291972,1105,1151
291973,1110,1156
291974,1117,1158
291975,1125,1153
291976,1127,1149
291977,1134,1149
291978,1143,1155
291979,1149,1167
291980,1158,1176
291981,1159,1181
291982,1168,1174
291983,1179,1158
291984,1187,1152
291985,1190,1155
291986,1196,1157
291987,1196,1157
291988,1196,1156
291989,1190,1157
291990,1193,1162
291991,1190,1164
291992,1194,1163
291993,1191,1154
291994,1190,1136
291995,1186,1128
291996,1177,1127
291997,1176,1127
291998,1173,1126
291999,1168,1118
292000,1161,1108
292001,1149,1104
292002,1139,1104
292003,1139,1102
292004,1134,1097
292005,1129,1095
292006,1118,1085
292007,1103,1080
292008,1092,1079
292009,1081,1077
292010,1077,1074
292011,1070,1071
292012,1066,1067
292013,1059,1064
292014,1051,1065
292015,1052,1074
292016,1053,1078
292017,1048,1080
292018,1037,1069
292019,1013,1056
292020,998,1047
292021,993,1040
292022,993,1035
292023,995,1030
292024,994,1020
292025,992,1014
292026,992,1011
292027,995,1012
292028,995,1011
292029,991,1014
292030,989,1016
292031,982,1021
292032,980,1028
292033,979,1036
292034,981,1041
292035,984,1034
292036,988,1023
292037,988,1009
292038,984,1011
292039,982,1023
292040,982,1030
292041,984,1035
292042,978,1040
292043,973,1047
292044,974,1056
292045,975,1054
292046,978,1047
292047,977,1038
292048,976,1036
292049,973,1039
292050,971,1045
292051,974,1050
292052,976,1058
292053,975,1063
292054,972,1056
292055,971,1042
292056,974,1024
292057,979,1013
292058,982,1014
292059,979,1018
292060,972,1022
292061,967,1022
292062,964,1029
292063,969,1031
292064,969,1033
292065,968,1029
292066,970,1030
292067,966,1028
292068,966,1033
292069,972,1035
292070,973,1038
292071,971,1036
292072,975,1034
292073,972,1032
292074,972,1031
292075,972,1034
292076,971,1036
292077,967,1037
292078,966,1033
292079,966,1034
292080,967,1033
292081,972,1036
292082,976,1036
292083,973,1037
292084,971,1033
292085,969,1031
292086,965,1034
292087,966,1039
292088,970,1040
292089,966,1039
292090,964,1037
292091,962,1036
292092,963,1038
292093,968,1041
292094,972,1040
292095,968,1037
292096,965,1036
292097,963,1035
292098,963,1033
292099,966,1034
292100,969,1035
292101,970,1033
292102,966,1032
292103,963,1033
292104,960,1039
292105,959,1046
292106,960,1053
292107,962,1057
292108,966,1055
292109,970,1046
292110,976,1035
292111,980,1033
292112,983,1035
292113,981,1035
292114,976,1029
292115,965,1025
292116,956,1023
292117,955,1016
292118,959,1018
292119,962,1023
292120,964,1034
292121,965,1044
292122,966,1049
292123,968,1042
292124,969,1034
292125,962,1024
292126,959,1013
292127,955,1006
292128,955,1008
292129,958,1018
292130,963,1027
292131,966,1033
292132,963,1034
292133,956,1037
292134,952,1043
292135,953,1044
292136,957,1041
292137,956,1028
292138,954,1021
292139,956,1018
292140,954,1022
292141,957,1026
292142,962,1029
292143,958,1027
292144,958,1028
292145,958,1027
292146,954,1031
292147,962,1033
292148,961,1034
292149,965,1036
292150,965,1031
292151,967,1031
292152,966,1031
292153,967,1032
292154,970,1035
292155,969,1034
292156,962,1033
292157,963,1031
292158,964,1031
292159,967,1035
292160,970,1033
292161,969,1031
292162,964,1037
292163,964,1045
292164,963,1054
292165,967,1058
292166,970,1043
292167,970,1023
292168,969,1011
292169,967,1016
292170,968,1025
292171,971,1031
292172,970,1038
292173,968,1041
292174,966,1042
292175,966,1038
292176,969,1028
292177,972,1021
292178,977,1016
292179,976,1010
292180,976,1011
292181,970,1015
292182,962,1023
292183,964,1030
292184,964,1031
292185,964,1029
292186,965,1026
292187,967,1020
292188,970,1021
292189,973,1026
292190,975,1030
292191,972,1028
292192,967,1028
292193,963,1027
292194,966,1028
292195,968,1032
292196,970,1034
292197,972,1030
292198,970,1026
292199,969,1027
292200,972,1026
292201,973,1027
292202,975,1030
292203,975,1028
292204,972,1024
292205,971,1020
292206,974,1017
292207,987,1017
292208,1003,1018
292209,1018,1011
292210,1038,1008
292211,1061,1000
292212,1091,994
292213,1134,986
292214,1177,979
292215,1218,975
292216,1257,977
292217,1288,989
292218,1307,1006
292219,1298,1024
292220,1256,1028
292221,1185,1031
292222,1111,1039
292223,1037,1052
292224,973,1064
292225,937,1084
292226,933,1089
292227,951,1073
292228,967,1044
292229,976,1018
292230,977,1009
292231,970,1008
292232,965,1011
292233,962,1012
292234,958,1009
292235,956,1013
292236,954,1020
292237,955,1027
292238,957,1030
292239,954,1028
292240,951,1025
292241,951,1025
292242,947,1024
292243,948,1025
292244,952,1024
292245,952,1020
292246,947,1019
292247,946,1021
292248,946,1025
292249,947,1027
292250,949,1028
292251,947,1028
292252,948,1025
292253,945,1028
292254,946,1028
292255,949,1034
292256,953,1035
292257,953,1031
292258,951,1032
292259,947,1032
292260,943,1035
292261,947,1037
292262,950,1040
292263,951,1038
292264,951,1037
292265,948,1033
292266,947,1034
292267,953,1036
292268,954,1040
292269,954,1044
292270,947,1040
292271,945,1031
292272,950,1022
292273,956,1018
292274,961,1017
292275,960,1017
292276,958,1018
292277,956,1011
292278,954,1012
292279,957,1011
292280,957,1011
292281,956,1009
292282,956,1005
292283,957,1002
292284,956,1004
292285,958,1008
292286,956,1012
292287,958,1011
292288,957,1009
292289,954,1006
292290,956,1006
292291,960,1008
292292,964,1008
292293,960,1007
292294,959,1004
292295,956,1003
292296,959,1006
292297,964,1009
292298,969,1010
292299,967,1005
292300,963,1001
292301,962,998
292302,963,999
292303,969,998
292304,974,995
292305,977,992
292306,979,992
292307,979,990
292308,979,991
292309,981,997
292310,984,999
292311,983,997
292312,987,994
292313,989,990
292314,989,991
292315,994,994
292316,997,988
292317,1000,987
292318,999,985
292319,996,986
292320,994,990
292321,998,996
292322,1000,997
292323,1001,996
292324,1001,995
292325,996,997
292326,994,1003
292327,991,1013
292328,990,1018
292329,988,1018
292330,987,1015
292331,983,1011
292332,984,1014
292333,983,1018
292334,987,1019
292335,986,1020
292336,980,1020
292337,978,1023
292338,974,1028
292339,974,1033
292340,977,1036
292341,977,1037
292342,974,1036
292343,968,1032
292344,967,1025
292345,969,1024
292346,974,1028
292347,975,1027
292348,971,1025
292349,970,1025
292350,973,1026
292351,974,1033
292352,974,1038
292353,974,1037
292354,972,1033
292355,969,1024
292356,969,1021
292357,968,1022
292358,973,1021
292359,971,1018
292360,973,1015
292361,966,1017
292362,971,1021
292363,975,1021
292364,976,1019
292365,973,1017
292366,972,1017
292367,967,1018
292368,965,1022
292369,969,1026
292370,970,1026
292371,967,1024
292372,964,1022
292373,965,1018
292374,965,1020
292375,965,1025
292376,968,1031
292377,969,1033
292378,970,1032
292379,972,1026
292380,973,1023
292381,973,1023
292382,976,1025
292383,976,1025
292384,979,1028
292385,981,1027
292386,981,1030
292387,979,1037
292388,977,1035
292389,970,1023
292390,969,1011
292391,966,1009
292392,968,1016
292393,972,1017
292394,973,1022
292395,968,1022
292396,962,1019
292397,962,1018
292398,960,1019
292399,961,1018
292400,969,1016
292401,969,1013
292402,967,1011
292403,962,1014
292404,961,1021
292405,966,1024
292406,969,1025
292407,967,1024
292408,964,1018
292409,962,1018
292410,958,1022
292411,964,1026
292412,959,1026
292413,960,1023
292414,956,1024
292415,953,1022
292416,951,1027
292417,958,1029
292418,961,1034
292419,958,1033
292420,957,1032
292421,957,1028
292422,957,1026
292423,954,1027
292424,961,1027
292425,963,1028
292426,961,1026
292427,961,1025
292428,959,1029
292429,959,1032
292430,960,1032
292431,962,1031
292432,964,1027
292433,960,1025
292434,959,1030
292435,959,1033
292436,964,1034
292437,963,1031
292438,960,1030
292439,957,1029
292440,956,1029
292441,956,1029
292442,961,1024
292443,962,1021
292444,962,1020
292445,960,1022
292446,964,1025
292447,966,1025
292448,968,1021
292449,969,1017
292450,967,1012
292451,962,1015
292452,960,1021
292453,959,1022
292454,964,1022
292455,965,1021
292456,966,1022
292457,963,1022
292458,960,1024
292459,963,1028
292460,967,1030
292461,963,1032
292462,956,1031
292463,954,1031
292464,956,1035
292465,960,1038
292466,964,1038
292467,960,1036
292468,961,1030
292469,959,1027
292470,961,1030
292471,966,1033
292472,969,1033
292473,964,1031
292474,962,1028
292475,957,1027
292476,957,1030
292477,963,1036
292478,965,1039
292479,964,1034
292480,962,1024
292481,960,1019
292482,956,1018
292483,959,1023
292484,964,1028
292485,965,1028
292486,966,1025
292487,966,1021
292488,968,1020
292489,968,1019
292490,968,1017
292491,970,1014
292492,968,1010
292493,970,1010
292494,974,1013
292495,975,1019
292496,969,1020
292497,963,1022
292498,963,1021
292499,962,1018
292500,956,1021
292501,960,1026
292502,965,1026
292503,962,1022
292504,957,1020
292505,957,1023
292506,957,1026
292507,962,1028
292508,965,1026
292509,965,1028
292510,963,1030
292511,960,1033
292512,962,1038
292513,968,1039
292514,975,1037
292515,972,1035
292516,966,1032
292517,964,1027
292518,962,1027
292519,964,1028
292520,964,1031
292521,961,1035
292522,958,1039
292523,960,1048
292524,960,1057
292525,965,1064
292526,970,1052
292527,969,1035
292528,969,1014
292529,968,1001
292530,967,998
292531,964,1004
292532,962,1010
292533,966,1011
292534,973,1012
292535,976,1012
292536,979,1014
292537,973,1016
292538,970,1018
292539,969,1017
292540,972,1017
292541,973,1018
292542,975,1022
292543,978,1021
292544,975,1019
292545,970,1020
292546,964,1020
292547,961,1020
292548,964,1021
292549,969,1025
292550,973,1027
292551,969,1027
292552,966,1026
292553,960,1025
292554,963,1029
292555,965,1033
292556,969,1031
292557,966,1031
292558,961,1030
292559,959,1028
292560,958,1032
292561,956,1032
292562,959,1034
292563,962,1036
292564,962,1037
292565,966,1040
292566,964,1044
292567,972,1046
292568,975,1039
292569,973,1027
292570,971,1018
292571,968,1017
292572,968,1021
292573,972,1024
292574,979,1028
292575,978,1025
292576,977,1019
292577,973,1010
292578,975,1005
292579,977,1006
292580,979,1007
292581,976,1007
292582,971,1008
292583,970,1010
292584,969,1016
292585,974,1024
292586,979,1026
292587,975,1026
292588,975,1024
292589,973,1021
292590,971,1023
292591,971,1027
292592,975,1026
292593,976,1015
292594,973,1007
292595,971,1003
292596,973,1005
292597,977,1014
292598,979,1016
292599,973,1018
292600,975,1019
292601,971,1019
292602,974,1022
292603,973,1026
292604,975,1028
292605,974,1027
292606,973,1027
292607,969,1026
292608,967,1024
292609,967,1026
292610,975,1025
292611,980,1019
292612,985,1014
292613,997,1011
292614,1016,1012
292615,1036,1009
292616,1067,1007
292617,1098,997
292618,1135,986
292619,1172,978
292620,1219,976
292621,1262,981
292622,1304,992
292623,1330,1002
292624,1328,1014
292625,1294,1020
292626,1236,1023
292627,1173,1028
292628,1114,1034
292629,1050,1042
292630,980,1048
292631,932,1056
292632,916,1063
292633,933,1059
292634,959,1051
292635,973,1040
292636,974,1029
292637,972,1023
292638,971,1021
292639,973,1024
292640,973,1023
292641,966,1021
292642,964,1022
292643,959,1022
292644,958,1022
292645,957,1030
292646,957,1029
292647,958,1028
292648,956,1028
292649,950,1031
292650,947,1033
292651,947,1035
292652,950,1033
292653,949,1030
292654,948,1025
292655,945,1027
292656,944,1029
292657,944,1034
292658,946,1035
292659,948,1031
292660,949,1033
292661,950,1028
292662,941,1031
292663,947,1034
292664,955,1030
292665,956,1024
292666,955,1021
292667,948,1019
292668,948,1022
292669,953,1023
292670,957,1025
292671,956,1023
292672,953,1018
292673,952,1017
292674,948,1018
292675,954,1023
292676,960,1020
292677,961,1018
292678,957,1014
292679,954,1013
292680,957,1014
292681,962,1018
292682,966,1017
292683,967,1015
292684,966,1011
292685,964,1013
292686,963,1009
292687,960,1011
292688,967,1011
292689,964,1006
292690,963,1000
292691,962,996
292692,965,999
292693,969,1000
292694,974,1001
292695,977,1001
292696,976,998
292697,975,997
292698,973,995
292699,976,997
292700,976,1000
292701,979,1001
292702,975,994
292703,971,995
292704,967,998
292705,975,997
292706,981,995
292707,981,992
292708,981,988
292709,977,990
292710,977,992
292711,975,993
292712,976,995
292713,974,994
292714,969,990
292715,967,990
292716,971,994
292717,979,996
292718,987,997
292719,991,997
292720,991,993
292721,990,992
292722,993,990
292723,994,989
292724,998,988
292725,998,984
292726,996,983
292727,997,983
292728,1000,986
292729,1002,988
292730,1002,989
292731,1005,990
292732,1004,990
292733,1003,990
292734,1002,997
292735,1002,997
292736,1005,1000
292737,1004,1002
292738,1001,1000
292739,1001,1002
292740,1002,1006
292741,1003,1011
292742,1001,1013
292743,995,1014
292744,989,1015
292745,986,1013
292746,991,1016
292747,994,1023
292748,994,1025
292749,989,1023
292750,987,1023
292751,988,1023
292752,988,1024
292753,991,1027
292754,988,1028
292755,982,1030
292756,980,1027
292757,974,1029
292758,974,1030
292759,977,1035
292760,981,1035
292761,977,1033
292762,975,1029
292763,973,1027
292764,972,1027
292765,977,1032
292766,978,1031
292767,971,1026
292768,968,1024
292769,964,1023
292770,964,1023
292771,968,1026
292772,967,1030
292773,971,1027
292774,966,1024
292775,963,1024
292776,964,1025
292777,967,1028
292778,974,1028
292779,973,1026
292780,970,1024
292781,973,1025
292782,979,1024
292783,983,1028
292784,987,1028
292785,985,1024
292786,980,1023
292787,979,1022
292788,978,1023
292789,982,1025
292790,990,1026
292791,989,1026
292792,985,1023
292793,980,1024
292794,981,1026
292795,985,1027
292796,984,1029
292797,984,1025
292798,983,1023
292799,981,1023
292800,979,1027
292801,980,1027
292802,981,1028
292803,983,1027
292804,982,1024
292805,976,1022
292806,977,1023
292807,976,1026
292808,978,1025
292809,978,1023
292810,977,1023
292811,973,1022
292812,973,1025
292813,975,1029
292814,975,1026
292815,973,1023
292816,972,1018
292817,973,1021
292818,975,1021
292819,978,1024
292820,979,1027
292821,978,1024
292822,975,1020
292823,969,1022
292824,968,1022
292825,970,1026
292826,974,1027
292827,977,1027
292828,975,1024
292829,974,1026
292830,975,1028
292831,979,1028
292832,982,1031
292833,979,1032
292834,978,1028
292835,977,1027
292836,977,1031
292837,980,1031
292838,982,1035
292839,979,1032
292840,978,1031
292841,969,1027
292842,970,1034
292843,972,1037
292844,977,1036
292845,978,1035
292846,976,1033
292847,974,1031
292848,974,1035
292849,974,1040
292850,976,1038
292851,976,1035
292852,981,1032
292853,978,1031
292854,975,1034
292855,972,1037
292856,974,1035
292857,976,1035
292858,975,1031
292859,969,1033
292860,971,1030
292861,974,1032
292862,979,1030
292863,978,1026
292864,981,1023
292865,992,1020
292866,1000,1020
292867,1014,1019
292868,1033,1017
292869,1055,1014
292870,1080,1008
292871,1111,997
292872,1152,992
292873,1201,994
292874,1245,997
292875,1285,1006
292876,1315,1019
292877,1319,1033
292878,1297,1045
292879,1252,1050
292880,1190,1049
292881,1117,1055
292882,1036,1062
292883,964,1074
292884,916,1085
292885,910,1090
292886,928,1087
292887,944,1072
292888,949,1057
292889,956,1046
292890,958,1041
292891,964,1038
292892,965,1037
292893,959,1034
292894,955,1029
292895,954,1029
292896,952,1033
292897,952,1035
292898,956,1033
292899,956,1031
292900,956,1031
292901,952,1031
292902,950,1032
292903,952,1035
292904,956,1035
292905,955,1034
292906,951,1031
292907,951,1031
292908,949,1030
292909,950,1032
292910,952,1034
292911,949,1032
292912,948,1032
292913,946,1027
292914,945,1028
292915,949,1034
292916,952,1033
292917,951,1033
292918,950,1030
292919,946,1032
292920,947,1032
292921,951,1035
292922,953,1034
292923,953,1035
292924,948,1030
292925,947,1028
292926,948,1029
292927,950,1033
292928,954,1031
292929,956,1030
292930,951,1028
292931,948,1027
292932,948,1029
292933,949,1029
292934,951,1027
292935,952,1023
292936,951,1018
292937,948,1016
292938,951,1019
292939,955,1020
292940,957,1020
292941,956,1018
292942,954,1017
292943,952,1014
292944,951,1016
292945,959,1018
292946,963,1017
292947,962,1012
292948,960,1011
292949,962,1007
292950,965,1011
292951,970,1010
292952,971,1011
292953,973,1004
292954,971,1000
292955,972,1000
292956,974,996
292957,980,999
292958,982,997
292959,983,996
292960,983,990
292961,983,992
292962,985,994
292963,987,992
292964,989,993
292965,991,989
292966,989,986
292967,989,986
292968,990,986
292969,994,986
292970,1000,986
292971,998,984
292972,993,982
292973,993,982
292974,993,983
292975,998,986
292976,1003,989
292977,999,986
292978,996,983
292979,993,985
292980,993,992
292981,997,994
292982,1000,999
292983,1003,999
292984,998,998
292985,994,1000
292986,991,1007
292987,993,1011
292988,992,1013
292989,993,1016
292990,989,1017
292991,987,1017
292992,983,1023
292993,982,1028
292994,982,1033
292995,977,1032
292996,973,1029
292997,966,1033
292998,966,1034
292999,967,1039
293000,971,1042
293001,970,1042
293002,963,1039
293003,962,1042
293004,963,1041
293005,962,1045
293006,965,1047
293007,963,1046
293008,958,1043
293009,956,1044
293010,959,1048
293011,959,1052
293012,960,1052
293013,958,1051
293014,956,1048
293015,953,1050
293016,956,1050
293017,958,1054
293018,960,1053
293019,961,1055
293020,960,1050
293021,956,1051
293022,955,1049
293023,956,1056
293024,961,1055
293025,959,1053
293026,958,1047
293027,956,1050
293028,956,1050
293029,956,1053
293030,961,1052
293031,959,1051
293032,957,1049
293033,960,1049
293034,961,1050
293035,963,1053
293036,966,1051
293037,967,1049
293038,963,1047
293039,960,1045
293040,962,1046
293041,965,1050
293042,967,1049
293043,966,1049
293044,966,1044
293045,964,1041
293046,965,1043
293047,968,1045
293048,968,1043
293049,965,1041
293050,957,1041
293051,958,1038
293052,959,1042
293053,961,1042
293054,963,1044
293055,962,1043
293056,960,1041
293057,961,1041
293058,963,1043
293059,965,1046
293060,966,1047
293061,964,1046
293062,959,1040
293063,956,1040
293064,956,1042
293065,959,1045
293066,962,1044
293067,960,1042
293068,958,1042
293069,956,1040
293070,957,1044
293071,956,1043
293072,957,1046
293073,960,1046
293074,957,1042
293075,953,1042
293076,954,1044
293077,957,1046
293078,961,1045
293079,960,1042
293080,955,1042
293081,951,1041
293082,956,1043
293083,957,1046
293084,961,1047
293085,958,1045
293086,958,1041
293087,956,1041
293088,953,1046
293089,956,1046
293090,959,1046
293091,958,1045
293092,955,1043
293093,950,1043
293094,948,1045
293095,952,1047
293096,955,1047
293097,956,1046
293098,956,1042
293099,952,1040
293100,950,1044
293101,955,1046
293102,957,1047
293103,959,1045
293104,957,1040
293105,952,1042
293106,952,1042
293107,955,1044
293108,959,1045
293109,956,1043
293110,952,1042
293111,947,1042
293112,947,1045
293113,952,1049
293114,954,1049
293115,954,1048
293116,951,1044
293117,949,1043
293118,950,1046
293119,949,1047
293120,953,1048
293121,951,1044
293122,949,1041
293123,944,1043
293124,944,1045
293125,946,1049
293126,948,1048
293127,951,1047
293128,949,1043
293129,947,1047
293130,948,1046
293131,948,1049
293132,952,1047
293133,953,1047
293134,950,1044
293135,947,1045
293136,947,1046
293137,952,1048
293138,955,1051
293139,954,1047
293140,953,1046
293141,951,1046
293142,950,1046
293143,955,1048
293144,958,1050
293145,960,1049
293146,957,1044
293147,951,1047
293148,955,1047
293149,955,1047
293150,961,1048
293151,961,1045
293152,958,1041
293153,954,1039
293154,956,1039
293155,956,1044
293156,959,1046
293157,959,1040
293158,959,1038
293159,955,1034
293160,960,1034
293161,972,1033
293162,983,1030
293163,998,1027
293164,1013,1022
293165,1026,1021
293166,1058,1019
293167,1095,1014
293168,1136,1001
293169,1179,991
293170,1219,984
293171,1257,988
293172,1294,1002
293173,1317,1020
293174,1314,1036
293175,1274,1042
293176,1212,1044
293177,1145,1051
293178,1078,1061
293179,1017,1069
293180,969,1075
293181,936,1072
293182,927,1065
293183,934,1059
293184,949,1055
293185,960,1049
293186,959,1041
293187,950,1039
293188,943,1034
293189,941,1037
293190,941,1037
293191,942,1042
293192,944,1041
293193,941,1041
293194,939,1038
293195,934,1039
293196,932,1039
293197,936,1041
293198,937,1042
293199,936,1043
293200,931,1040
293201,930,1041
293202,935,1043
293203,938,1044
293204,939,1045
293205,936,1043
293206,936,1039
293207,930,1039
293208,931,1043
293209,933,1045
293210,937,1044
293211,933,1044
293212,934,1040
293213,932,1040
293214,933,1041
293215,935,1045
293216,936,1044
293217,934,1042
293218,929,1039
293219,928,1040
293220,931,1040
293221,936,1041
293222,938,1044
293223,937,1040
293224,935,1038
293225,931,1037
293226,931,1039
293227,935,1040
293228,937,1041
293229,935,1041
293230,929,1038
293231,930,1037
293232,933,1038
293233,938,1039
293234,941,1037
293235,941,1035
293236,937,1028
293237,937,1030
293238,940,1029
293239,945,1031
293240,946,1033
293241,949,1029
293242,951,1027
293243,952,1026
293244,956,1027
293245,961,1026
293246,965,1025
293247,965,1022
293248,963,1018
293249,960,1016
293250,960,1017
293251,966,1016
293252,972,1015
293253,976,1014
293254,974,1008
293255,972,1006
293256,976,1008
293257,978,1009
293258,980,1004
293259,983,1001
293260,979,999
293261,976,997
293262,981,998
293263,986,998
293264,991,1000
293265,990,998
293266,988,993
293267,985,990
293268,986,994
293269,985,998
293270,987,996
293271,985,995
293272,987,995
293273,983,993
293274,983,998
293275,988,998
293276,988,1002
293277,985,1003
293278,978,1005
293279,976,1006
293280,974,1010
293281,974,1015
293282,977,1017
293283,976,1019
293284,973,1018
293285,974,1022
293286,971,1028
293287,972,1030
293288,972,1034
293289,971,1033
293290,965,1031
293291,964,1034
293292,961,1034
293293,961,1037
293294,966,1039
293295,962,1037
293296,957,1036
293297,954,1032
293298,955,1039
293299,955,1041
293300,956,1041
293301,952,1040
293302,952,1037
293303,949,1037
293304,951,1036
293305,948,1039
293306,951,1039
293307,951,1038
293308,949,1036
293309,947,1036
293310,946,1038
293311,946,1040
293312,950,1041
293313,951,1040
293314,952,1040
293315,950,1039
293316,953,1040
293317,956,1040
293318,956,1040
293319,954,1037
293320,951,1035
293321,947,1035
293322,952,1038
293323,955,1040
293324,955,1039
293325,955,1036
293326,950,1034
293327,950,1037
293328,952,1037
293329,956,1040
293330,957,1041
293331,954,1039
293332,953,1037
293333,951,1037
293334,955,1039
293335,957,1042
293336,960,1040
293337,958,1037
293338,958,1037
293339,956,1036
293340,955,1037
293341,959,1038
293342,962,1039
293343,961,1035
293344,960,1033
293345,957,1032
293346,960,1033
293347,963,1035
293348,966,1036
293349,962,1030
293350,958,1027
293351,956,1027
293352,957,1028
293353,961,1031
293354,964,1032
293355,962,1029
293356,960,1025
293357,955,1025
293358,956,1029
293359,958,1034
293360,955,1035
293361,957,1031
293362,955,1031
293363,954,1033
293364,956,1036
293365,959,1035
293366,961,1036
293367,961,1036
293368,957,1033
293369,957,1035
293370,955,1037
293371,955,1039
293372,959,1038
293373,959,1036
293374,956,1035
293375,953,1034
293376,953,1037
293377,958,1039
293378,959,1037
293379,960,1034
293380,955,1033
293381,955,1032
293382,951,1036
293383,958,1036
293384,960,1036
293385,961,1036
293386,959,1035
293387,957,1033
293388,955,1037
293389,958,1041
293390,960,1038
293391,959,1037
293392,956,1036
293393,957,1038
293394,958,1037
293395,960,1037
293396,960,1039
293397,959,1035
293398,955,1032
293399,955,1031
293400,957,1032
293401,958,1036
293402,959,1035
293403,956,1035
293404,955,1028
293405,953,1030
293406,952,1033
293407,958,1036
293408,962,1035
293409,960,1034
293410,957,1033
293411,950,1031
293412,955,1034
293413,957,1040
293414,961,1039
293415,962,1037
293416,961,1031
293417,958,1032
293418,958,1037
293419,960,1039
293420,963,1037
293421,962,1036
293422,959,1034
293423,958,1032
293424,959,1033
293425,964,1037
293426,966,1037
293427,963,1033
293428,963,1029
293429,961,1031
293430,960,1030
293431,963,1033
293432,964,1034
293433,965,1030
293434,961,1030
293435,959,1030
293436,959,1032
293437,964,1033
293438,969,1034
293439,966,1033
293440,962,1027
293441,958,1028
293442,962,1033
293443,963,1034
293444,969,1034
293445,969,1037
293446,968,1030
293447,966,1030
293448,968,1031
293449,968,1035
293450,974,1033
293451,974,1026
293452,976,1023
293453,981,1021
293454,990,1020
293455,1010,1023
293456,1029,1021
293457,1050,1016
293458,1078,1009
293459,1113,996
293460,1156,988
293461,1201,983
293462,1245,984
293463,1285,991
293464,1313,1004
293465,1324,1026
293466,1311,1049
293467,1275,1057
293468,1217,1056
293469,1151,1060
293470,1081,1068
293471,1012,1076
293472,955,1083
293473,928,1085
293474,929,1080
293475,942,1073
293476,955,1058
293477,960,1050
293478,964,1043
293479,964,1042
293480,967,1040
293481,967,1035
293482,959,1036
293483,955,1033
293484,951,1036
293485,952,1038
293486,952,1036
293487,950,1034
293488,950,1033
293489,944,1031
293490,939,1033
293491,942,1036
293492,945,1034
293493,942,1035
293494,938,1033
293495,936,1031
293496,934,1030
293497,941,1033
293498,942,1031
293499,940,1030
293500,941,1027
293501,940,1029
293502,941,1029
293503,942,1033
293504,946,1032
293505,945,1031
293506,939,1027
293507,937,1028
293508,940,1030
293509,943,1032
293510,947,1033
293511,944,1032
293512,942,1029
293513,941,1030
293514,942,1032
293515,944,1033
293516,945,1035
293517,946,1033
293518,945,1030
293519,946,1030
293520,946,1032
293521,947,1033
293522,951,1033
293523,950,1031
293524,948,1027
293525,946,1026
293526,948,1027
293527,949,1031
293528,952,1026
293529,955,1026
293530,954,1021
293531,955,1022
293532,956,1022
293533,957,1021
293534,960,1020
293535,958,1016
293536,960,1014
293537,960,1012
293538,965,1013
293539,969,1014
293540,972,1015
293541,972,1008
293542,972,1006
293543,972,1006
293544,973,1005
293545,974,1005
293546,982,1004
293547,983,999
293548,984,996
293549,980,993
293550,982,993
293551,986,997
293552,991,994
293553,989,992
293554,988,989
293555,987,987
293556,990,988
293557,994,992
293558,999,992
293559,999,992
293560,996,990
293561,995,989
293562,997,991
293563,998,996
293564,1001,997
293565,999,995
293566,997,992
293567,996,995
293568,999,998
293569,1000,1002
293570,1001,1003
293571,1000,1002
293572,995,1001
293573,990,1002
293574,989,1007
293575,992,1011
293576,989,1012
293577,986,1009
293578,980,1010
293579,975,1013
293580,977,1016
293581,978,1020
293582,979,1020
293583,977,1019
293584,973,1019
293585,967,1020
293586,967,1024
293587,966,1029
293588,966,1031
293589,961,1029
293590,958,1028
293591,960,1028
293592,963,1033
293593,965,1032
293594,967,1032
293595,966,1032
293596,964,1029
293597,961,1031
293598,963,1033
293599,964,1039
293600,967,1040
293601,968,1035
293602,962,1032
293603,958,1032
293604,960,1034
293605,965,1038
293606,968,1037
293607,969,1037
293608,970,1036
293609,970,1036
293610,976,1041
293611,984,1046
293612,991,1048
293613,994,1049
293614,996,1048
293615,998,1048
293616,1007,1049
293617,1022,1048
293618,1040,1031
293619,1054,1015
293620,1065,994
293621,1077,980
293622,1094,967
293623,1110,959
293624,1127,942
293625,1141,926
293626,1156,906
293627,1175,886
293628,1201,867
293629,1223,853
293630,1247,838
293631,1260,824
293632,1260,813
293633,1256,814
293634,1254,818
293635,1256,825
293636,1257,825
293637,1254,824
293638,1246,823
293639,1234,826
293640,1213,831
293641,1194,834
293642,1173,841
293643,1145,845
293644,1114,853
293645,1086,866
293646,1067,879
293647,1053,900
293648,1047,915
293649,1040,926
293650,1034,937
293651,1023,950
293652,1018,961
293653,1023,975
293654,1036,984
293655,1054,987
293656,1076,989
293657,1084,988
293658,1074,995
293659,1047,1005
293660,1004,1012
293661,960,1017
293662,925,1024
293663,903,1036
293664,897,1052
293665,898,1058
293666,893,1068
293667,890,1067
293668,882,1069
293669,872,1071
293670,871,1080
293671,872,1084
293672,872,1086
293673,864,1085
293674,860,1084
293675,854,1086
293676,852,1089
293677,851,1091
293678,855,1092
293679,852,1094
293680,847,1094
293681,842,1093
293682,840,1097
293683,842,1104
293684,841,1106
293685,837,1105
293686,837,1105
293687,835,1106
293688,835,1110
293689,837,1113
293690,836,1118
293691,832,1118
293692,826,1116
293693,821,1120
293694,821,1124
293695,829,1128
293696,833,1129
293697,825,1131
293698,822,1131
293699,821,1134
293700,821,1138
293701,821,1144
293702,822,1146
293703,821,1146
293704,816,1146
293705,819,1148
293706,823,1153
293707,825,1158
293708,829,1159
293709,829,1157
293710,825,1156
293711,824,1158
293712,824,1162
293713,829,1165
293714,834,1166
293715,837,1165
293716,840,1163
293717,838,1161
293718,843,1164
293719,849,1165
293720,851,1159
293721,855,1157
293722,857,1153
293723,858,1149
293724,865,1147
293725,872,1146
293726,878,1142
293727,885,1135
293728,888,1130
293729,888,1127
293730,893,1122
293731,903,1121
293732,905,1115
293733,905,1107
293734,905,1099
293735,912,1094
293736,917,1092
293737,920,1088
293738,921,1084
293739,924,1074
293740,921,1070
293741,917,1066
293742,921,1064
293743,926,1062
293744,931,1058
293745,930,1051
293746,935,1045
293747,934,1042
293748,938,1038
293749,937,1041
293750,940,1039
293751,941,1034
293752,938,1030
293753,939,1030
293754,940,1035
293755,942,1037
293756,947,1035
293757,945,1033
293758,941,1031
293759,941,1032
293760,940,1033
293761,941,1033
293762,944,1033
293763,941,1032
293764,941,1029
293765,939,1031
293766,942,1030
293767,944,1033
293768,946,1033
293769,942,1026
293770,936,1027
293771,929,1028
293772,935,1029
293773,939,1033
293774,943,1029
293775,940,1028
293776,939,1024
293777,932,1024
293778,932,1026
293779,934,1028
293780,940,1024
293781,942,1024
293782,938,1022
293783,937,1022
293784,938,1023
293785,943,1026
293786,944,1024
293787,942,1023
293788,941,1019
293789,944,1022
293790,940,1023
293791,941,1029
293792,945,1036
293793,944,1049
293794,940,1055
293795,943,1060
293796,949,1064
293797,952,1060
293798,957,1043
293799,956,1023
293800,956,1003
293801,958,989
293802,960,990
293803,964,996
293804,967,1006
293805,966,1010
293806,963,1009
293807,956,1013
293808,952,1017
293809,953,1019
293810,955,1017
293811,954,1016
293812,950,1016
293813,946,1018
293814,948,1023
293815,950,1025
293816,951,1023
293817,949,1022
293818,943,1021
293819,941,1022
293820,940,1025
293821,940,1026
293822,943,1025
293823,940,1024
293824,943,1021
293825,938,1021
293826,938,1022
293827,940,1022
293828,938,1020
293829,940,1016
293830,939,1013
293831,938,1012
293832,938,1015
293833,941,1015
293834,945,1015
293835,942,1012
293836,936,1011
293837,935,1012
293838,935,1016
293839,940,1018
293840,940,1019
293841,940,1016
293842,941,1017
293843,937,1017
293844,936,1019
293845,936,1022
293846,942,1025
293847,939,1023
293848,941,1021
293849,938,1022
293850,941,1025
293851,943,1025
293852,944,1024
293853,945,1020
293854,942,1018
293855,942,1022
293856,938,1024
293857,942,1023
293858,946,1023
293859,951,1021
293860,949,1019
293861,947,1020
293862,951,1020
293863,951,1024
293864,951,1025
293865,946,1022
293866,942,1020
293867,938,1022
293868,939,1024
293869,943,1028
293870,943,1028
293871,941,1025
293872,937,1023
293873,934,1025
293874,933,1027
293875,936,1029
293876,937,1029
293877,937,1031
293878,936,1031
293879,933,1032
293880,936,1029
293881,940,1026
293882,944,1023
293883,942,1013
293884,937,1006
293885,935,1005
293886,939,1008
293887,942,1010
293888,943,1014
293889,947,1013
293890,943,1011
293891,941,1012
293892,942,1018
293893,944,1019
293894,947,1020
293895,945,1018
293896,942,1014
293897,940,1016
293898,944,1019
293899,947,1025
293900,950,1023
293901,949,1022
293902,944,1016
293903,943,1016
293904,942,1022
293905,947,1024
293906,950,1026
293907,948,1022
293908,946,1020
293909,947,1018
293910,943,1020
293911,946,1023
293912,950,1025
293913,947,1024
293914,940,1020
293915,941,1020
293916,942,1025
293917,947,1030
293918,951,1027
293919,952,1022
293920,948,1016
293921,943,1015
293922,944,1015
293923,947,1019
293924,945,1019
293925,946,1020
293926,944,1017
293927,941,1016
293928,942,1018
293929,948,1020
293930,950,1019
293931,948,1016
293932,946,1013
293933,945,1013
293934,948,1014
293935,951,1017
293936,952,1017
293937,950,1017
293938,949,1015
293939,942,1017
293940,946,1018
293941,947,1022
293942,948,1022
293943,948,1018
293944,946,1016
293945,946,1016
293946,949,1018
293947,952,1024
293948,957,1022
293949,954,1021
293950,954,1017
293951,950,1019
293952,956,1023
293953,957,1024
293954,961,1024
293955,960,1023
293956,959,1020
293957,956,1022
293958,957,1025
293959,961,1027
293960,962,1027
293961,957,1022
293962,955,1021
293963,953,1023
293964,951,1027
293965,955,1026
293966,957,1025
293967,954,1023
293968,948,1020
293969,946,1021
293970,948,1020
293971,949,1023
293972,953,1023
293973,955,1023
293974,953,1024
293975,948,1028
293976,947,1031
293977,949,1031
293978,953,1028
293979,951,1022
293980,947,1018
293981,946,1018
293982,951,1020
293983,951,1022
293984,956,1021
293985,954,1019
293986,952,1014
293987,951,1014
293988,953,1016
293989,952,1019
293990,952,1019
293991,953,1018
293992,953,1017
293993,952,1017
293994,952,1023
293995,952,1032
293996,954,1032
293997,952,1028
293998,948,1026
293999,946,1021
294000,948,1025
294001,954,1030
294002,957,1029
294003,957,1024
294004,957,1020
294005,955,1018
294006,954,1023
294007,955,1030
294008,956,1026
294009,954,1024
294010,954,1018
294011,951,1016
294012,955,1015
294013,960,1014
294014,960,1017
294015,958,1020
294016,952,1023
294017,947,1022
294018,950,1019
294019,954,1014
294020,960,1012
294021,960,1013
294022,953,1013
294023,951,1017
294024,952,1022
294025,952,1030
294026,953,1029
294027,952,1024
294028,951,1018
294029,948,1016
294030,954,1019
294031,952,1023
294032,960,1026
294033,960,1024
294034,958,1020
294035,957,1023
294036,953,1027
294037,959,1031
294038,964,1027
294039,965,1021
294040,963,1013
294041,963,1003
294042,964,1001
294043,967,1005
294044,969,1006
294045,964,1008
294046,962,1007
294047,957,1009
294048,961,1011
294049,964,1013
294050,969,1016
294051,968,1018
294052,962,1014
294053,958,1016
294054,959,1019
294055,959,1020
294056,960,1023
294057,959,1023
294058,960,1020
294059,956,1024
294060,960,1027
294061,962,1027
294062,966,1025
294063,964,1025
294064,960,1023
294065,960,1023
294066,958,1024
294067,960,1028
294068,962,1027
294069,961,1028
294070,962,1023
294071,958,1023
294072,960,1021
294073,964,1020
294074,965,1019
294075,964,1016
294076,962,1014
294077,962,1017
294078,960,1023
294079,960,1032
294080,962,1036
294081,960,1030
294082,954,1021
294083,954,1021
294084,958,1029
294085,964,1036
294086,967,1025
294087,967,1013
294088,965,1000
294089,963,1001
294090,961,1006
294091,963,1008
294092,964,1009
294093,964,1009
294094,965,1010
294095,963,1012
294096,965,1013
294097,967,1016
294098,968,1017
294099,966,1015
294100,962,1015
294101,959,1016
294102,962,1020
294103,963,1026
294104,967,1023
294105,969,1023
294106,968,1024
294107,966,1026
294108,964,1029
294109,968,1033
294110,964,1032
294111,960,1028
294112,964,1026
294113,962,1025
294114,965,1030
294115,966,1033
294116,970,1032
294117,970,1024
294118,970,1015
294119,971,1012
294120,971,1011
294121,971,1017
294122,973,1016
294123,972,1010
294124,972,1005
294125,978,1003
294126,989,1002
294127,1004,1004
294128,1023,1007
294129,1045,1000
294130,1073,991
294131,1106,980
294132,1148,972
294133,1190,969
294134,1241,972
294135,1282,981
294136,1311,1000
294137,1314,1025
294138,1289,1042
294139,1236,1047
294140,1172,1050
294141,1106,1049
294142,1034,1052
294143,971,1057
294144,935,1063
294145,931,1063
294146,948,1058
294147,958,1046
294148,964,1035
294149,958,1032
294150,959,1033
294151,961,1036
294152,959,1037
294153,956,1035
294154,955,1034
294155,953,1035
294156,957,1033
294157,956,1030
294158,958,1023
294159,957,1021
294160,951,1018
294161,951,1021
294162,949,1023
294163,947,1031
294164,947,1032
294165,946,1035
294166,943,1036
294167,938,1035
294168,940,1033
294169,946,1032
294170,945,1031
294171,941,1029
294172,943,1030
294173,943,1022
294174,944,1016
294175,944,1010
294176,946,1009
294177,946,1006
294178,940,1006
294179,939,1010
294180,939,1011
294181,936,1018
294182,941,1018
294183,941,1018
294184,941,1016
294185,940,1014
294186,937,1020
294187,937,1022
294188,941,1023
294189,940,1023
294190,940,1020
294191,940,1022
294192,943,1022
294193,945,1024
294194,945,1022
294195,945,1021
294196,941,1021
294197,938,1019
294198,940,1020
294199,949,1022
294200,951,1021
294201,952,1019
294202,952,1016
294203,951,1015
294204,955,1021
294205,958,1026
294206,961,1022
294207,956,1019
294208,956,1016
294209,954,1011
294210,959,1008
294211,967,1004
294212,973,996
294213,972,986
294214,971,978
294215,967,978
294216,965,979
294217,970,987
294218,974,986
294219,977,985
294220,972,983
294221,968,985
294222,971,992
294223,972,992
294224,973,991
294225,974,987
294226,972,986
294227,967,988
294228,973,989
294229,980,989
294230,983,988
294231,982,985
294232,984,982
294233,987,985
294234,989,988
294235,994,992
294236,994,992
294237,995,992
294238,993,991
294239,992,992
294240,992,1001
294241,993,1003
294242,996,1003
294243,1000,1000
294244,1001,993
294245,1002,990
294246,997,993
294247,999,996
294248,998,1001
294249,997,1004
294250,996,1001
294251,993,1004
294252,994,1007
294253,990,1016
294254,990,1020
294255,986,1021
294256,979,1017
294257,978,1018
294258,979,1022
294259,978,1029
294260,977,1028
294261,979,1023
294262,977,1015
294263,976,1011
294264,977,1010
294265,979,1013
294266,979,1009
294267,974,1010
294268,973,1014
294269,965,1016
294270,969,1017
294271,970,1021
294272,972,1023
294273,966,1023
294274,965,1022
294275,958,1025
294276,960,1027
294277,962,1029
294278,965,1028
294279,964,1025
294280,964,1024
294281,960,1023
294282,959,1025
294283,964,1027
294284,968,1027
294285,963,1022
294286,958,1021
294287,955,1021
294288,960,1023
294289,963,1025
294290,968,1023
294291,968,1019
294292,966,1013
294293,966,1016
294294,965,1020
294295,970,1021
294296,971,1016
294297,968,1012
294298,964,1013
294299,960,1014
294300,963,1019
294301,970,1025
294302,972,1029
294303,972,1027
294304,967,1023
294305,966,1017
294306,968,1015
294307,970,1016
294308,974,1014
294309,969,1014
294310,968,1014
294311,969,1012
294312,972,1014
294313,974,1014
294314,972,1014
294315,969,1013
294316,969,1013
294317,968,1014
294318,968,1015
294319,967,1019
294320,968,1018
294321,967,1017
294322,962,1016
294323,962,1017
294324,964,1023
294325,967,1026
294326,970,1024
294327,967,1024
294328,962,1021
294329,961,1024
294330,962,1027
294331,964,1033
294332,967,1029
294333,965,1024
294334,965,1019
294335,960,1018
294336,961,1018
294337,960,1021
294338,965,1023
294339,966,1022
294340,965,1020
294341,962,1020
294342,958,1022
294343,958,1029
294344,964,1026
294345,964,1026
294346,960,1023
294347,958,1023
294348,961,1025
294349,963,1030
294350,964,1027
294351,964,1027
294352,959,1024
294353,955,1023
294354,956,1029
294355,959,1030
294356,963,1031
294357,963,1028
294358,961,1028
294359,958,1027
294360,961,1030
294361,963,1033
294362,966,1029
294363,962,1025
294364,965,1020
294365,968,1017
294366,979,1016
294367,991,1021
294368,1005,1020
294369,1021,1014
294370,1046,1006
294371,1080,1003
294372,1124,995
294373,1176,989
294374,1225,986
294375,1272,995
294376,1301,1016
294377,1305,1044
294378,1275,1061
294379,1216,1065
294380,1148,1063
294381,1072,1066
294382,994,1075
294383,928,1084
294384,902,1092
294385,910,1089
294386,931,1079
294387,945,1062
294388,950,1048
294389,952,1041
294390,954,1040
294391,952,1038
294392,950,1034
294393,947,1030
294394,943,1027
294395,945,1026
294396,942,1028
294397,945,1030
294398,945,1029
294399,942,1025
294400,938,1025
294401,935,1027
294402,934,1029
294403,936,1031
294404,938,1030
294405,935,1029
294406,936,1027
294407,934,1028
294408,934,1030
294409,937,1034
294410,937,1031
294411,933,1028
294412,930,1027
294413,930,1027
294414,932,1028
294415,933,1031
294416,935,1029
294417,938,1028
294418,934,1022
294419,930,1021
294420,930,1022
294421,929,1025
294422,933,1022
294423,932,1017
294424,934,1013
294425,933,1013
294426,935,1013
294427,935,1018
294428,939,1015
294429,937,1013
294430,933,1010
294431,935,1010
294432,943,1014
294433,945,1016
294434,950,1013
294435,948,1011
294436,947,1009
294437,946,1009
294438,950,1008
294439,951,1010
294440,953,1007
294441,953,1004
294442,952,1000
294443,952,998
294444,956,1000
294445,961,997
294446,964,992
294447,965,991
294448,962,988
294449,960,984
294450,963,986
294451,967,986
294452,970,984
294453,969,979
294454,969,977
294455,968,975
294456,968,978
294457,973,979
294458,976,977
294459,976,973
294460,974,969
294461,975,970
294462,975,970
294463,978,976
294464,978,973
294465,977,972
294466,975,969
294467,977,972
294468,976,973
294469,977,977
294470,977,975
294471,973,973
294472,971,975
294473,971,973
294474,973,980
294475,975,983
294476,978,984
294477,973,986
294478,968,987
294479,963,988
294480,964,997
294481,967,1002
294482,967,1003
294483,963,1006
294484,961,1006
294485,953,1012
294486,954,1016
294487,951,1023
294488,950,1023
294489,949,1021
294490,947,1022
294491,944,1022
294492,948,1027
294493,946,1032
294494,948,1029
294495,947,1026
294496,942,1028
294497,937,1028
294498,936,1031
294499,940,1033
294500,942,1031
294501,940,1033
294502,938,1029
294503,936,1033
294504,938,1036
294505,939,1038
294506,938,1037
294507,933,1034
294508,929,1032
294509,928,1033
294510,928,1035
294511,934,1034
294512,938,1035
294513,937,1032
294514,935,1030
294515,932,1029
294516,935,1034
294517,938,1033
294518,938,1030
294519,935,1028
294520,935,1028
294521,932,1027
294522,937,1028
294523,941,1030
294524,939,1030
294525,937,1026
294526,935,1023
294527,935,1025
294528,935,1028
294529,942,1030
294530,945,1030
294531,942,1027
294532,940,1024
294533,938,1025
294534,938,1026
294535,940,1027
294536,939,1027
294537,941,1027
294538,940,1023
294539,935,1025
294540,937,1028
294541,942,1033
294542,941,1031
294543,939,1026
294544,934,1024
294545,931,1025
294546,934,1028
294547,938,1031
294548,939,1029
294549,936,1025
294550,931,1023
294551,930,1022
294552,929,1025
294553,931,1031
294554,936,1029
294555,932,1027
294556,931,1023
294557,929,1023
294558,930,1024
294559,930,1028
294560,933,1027
294561,933,1025
294562,931,1024
294563,929,1025
294564,929,1025
294565,936,1028
294566,934,1029
294567,936,1028
294568,932,1027
294569,934,1027
294570,936,1028
294571,939,1030
294572,944,1028
294573,941,1025
294574,940,1023
294575,938,1025
294576,941,1026
294577,946,1027
294578,951,1023
294579,952,1016
294580,960,1012
294581,969,1010
294582,983,1013
294583,1002,1010
294584,1026,1007
294585,1057,1000
294586,1090,994
294587,1133,989
294588,1186,995
294589,1232,1007
294590,1269,1025
294591,1284,1045
294592,1265,1060
294593,1217,1062
294594,1156,1065
294595,1096,1068
294596,1025,1072
294597,961,1079
294598,910,1082
294599,885,1088
294600,892,1090
294601,909,1080
294602,920,1067
294603,926,1052
294604,927,1044
294605,922,1038
294606,921,1035
294607,920,1036
294608,920,1032
294609,919,1030
294610,915,1026
294611,913,1027
294612,913,1027
294613,911,1029
294614,910,1028
294615,908,1025
294616,909,1023
294617,908,1024
294618,908,1027
294619,908,1028
294620,913,1027
294621,912,1024
294622,910,1021
294623,907,1025
294624,909,1026
294625,911,1026
294626,910,1026
294627,906,1021
294628,906,1018
294629,908,1019
294630,911,1022
294631,916,1028
294632,916,1024
294633,913,1022
294634,907,1021
294635,908,1019
294636,911,1023
294637,915,1021
294638,916,1024
294639,915,1020
294640,913,1018
294641,909,1016
294642,911,1018
294643,917,1021
294644,917,1016
294645,918,1015
294646,916,1013
294647,917,1011
294648,920,1016
294649,918,1017
294650,922,1015
294651,922,1010
294652,919,1008
294653,919,1010
294654,921,1009
294655,923,1010
294656,926,1007
294657,921,1005
294658,920,1000
294659,918,1000
294660,925,999
294661,933,999
294662,933,997
294663,933,991
294664,933,987
294665,931,989
294666,937,991
294667,940,988
294668,941,986
294669,940,982
294670,941,980
294671,937,979
294672,941,979
294673,944,978
294674,947,976
294675,951,974
294676,949,971
294677,950,971
294678,953,971
294679,952,973
294680,956,970
294681,956,968
294682,954,965
294683,953,964
294684,954,968
294685,954,972
294686,957,972
294687,958,970
294688,957,968
294689,955,972
294690,958,976
294691,964,981
294692,962,982
294693,960,982
294694,955,981
294695,956,984
294696,956,989
294697,956,995
294698,954,999
294699,952,998
294700,950,998
294701,948,1004
294702,944,1008
294703,946,1013
294704,946,1012
294705,943,1014
294706,941,1015
294707,941,1015
294708,937,1019
294709,937,1025
294710,934,1023
294711,935,1024
294712,931,1022
294713,930,1024
294714,931,1025
294715,932,1028
294716,929,1029
294717,924,1028
294718,921,1025
294719,920,1027
294720,923,1031
294721,924,1031
294722,930,1032
294723,929,1034
294724,925,1030
294725,926,1034
294726,925,1035
294727,931,1039
294728,931,1040
294729,932,1037
294730,928,1034
294731,930,1036
294732,931,1037
294733,932,1039
294734,936,1036
294735,936,1031
294736,933,1029
294737,932,1029
294738,930,1030
294739,933,1029
294740,935,1031
294741,938,1029
294742,938,1027
294743,936,1027
294744,936,1032
294745,934,1035
294746,938,1036
294747,943,1033
294748,940,1028
294749,939,1030
294750,937,1032
294751,938,1034
294752,946,1031
294753,944,1028
294754,937,1026
294755,937,1028
294756,939,1029
294757,941,1032
294758,943,1030
294759,943,1027
294760,943,1026
294761,937,1025
294762,938,1029
294763,942,1032
294764,942,1030
294765,940,1027
294766,937,1025
294767,936,1024
294768,938,1028
294769,940,1030
294770,941,1032
294771,941,1029
294772,937,1027
294773,930,1030
294774,932,1034
294775,935,1035
294776,938,1034
294777,941,1030
294778,936,1029
294779,937,1027
294780,939,1030
294781,940,1033
294782,942,1030
294783,940,1031
294784,938,1028
294785,937,1030
294786,938,1034
294787,939,1033
294788,942,1031
294789,939,1030
294790,940,1028
294791,937,1029
294792,941,1032
294793,942,1034
294794,942,1035
294795,939,1029
294796,937,1029
294797,938,1030
294798,940,1034
294799,947,1038
294800,951,1038
294801,950,1033
294802,947,1032
294803,944,1034
294804,944,1035
294805,948,1038
294806,947,1035
294807,944,1031
294808,941,1028
294809,941,1027
294810,943,1029
294811,947,1032
294812,952,1029
294813,951,1028
294814,947,1028
294815,946,1027
294816,950,1027
294817,956,1029
294818,964,1025
294819,971,1023
294820,979,1022
294821,995,1020
294822,1017,1022
294823,1052,1021
294824,1089,1012
294825,1129,1002
294826,1172,993
294827,1218,996
294828,1262,1008
294829,1296,1026
294830,1304,1044
294831,1283,1054
294832,1237,1054
294833,1182,1056
294834,1121,1059
294835,1060,1069
294836,996,1076
294837,937,1083
294838,904,1086
294839,900,1086
294840,914,1084
294841,928,1073
294842,934,1059
294843,935,1048
294844,935,1040
294845,935,1038
294846,930,1035
294847,929,1035
294848,930,1034
294849,926,1030
294850,924,1028
294851,920,1029
294852,918,1030
294853,920,1033
294854,921,1029
294855,919,1029
294856,916,1025
294857,913,1025
294858,919,1028
294859,923,1030
294860,927,1029
294861,931,1026
294862,929,1025
294863,926,1026
294864,927,1028
294865,927,1029
294866,929,1029
294867,927,1027
294868,923,1028
294869,925,1025
294870,926,1029
294871,930,1031
294872,933,1029
294873,932,1028
294874,928,1024
294875,925,1027
294876,925,1028
294877,930,1032
294878,932,1030
294879,931,1029
294880,924,1025
294881,924,1026
294882,925,1028
294883,932,1031
294884,933,1029
294885,932,1026
294886,928,1024
294887,929,1025
294888,929,1028
294889,936,1028
294890,939,1025
294891,941,1024
294892,941,1019
294893,940,1019
294894,941,1021
294895,943,1022
294896,945,1020
294897,942,1016
294898,942,1011
294899,941,1008
294900,943,1010
294901,945,1009
294902,948,1005
294903,950,999
294904,951,995
294905,952,995
294906,952,996
294907,953,998
294908,960,994
294909,963,990
294910,961,985
294911,963,984
294912,967,990
294913,970,989
294914,971,988
294915,971,984
294916,971,982
294917,971,983
294918,974,985
294919,978,987
294920,979,986
294921,979,982
294922,975,982
294923,973,985
294924,976,988
294925,977,988
294926,982,988
294927,982,988
294928,978,986
294929,978,988
294930,977,992
294931,977,995
294932,980,993
294933,980,994
294934,977,995
294935,976,997
294936,976,1003
294937,977,1007
294938,973,1008
294939,974,1008
294940,971,1008
294941,968,1012
294942,971,1016
294943,974,1023
294944,973,1023
294945,970,1024
294946,967,1019
294947,963,1026
294948,962,1029
294949,962,1029
294950,963,1030
294951,959,1029
294952,955,1027
294953,954,1027
294954,955,1028
294955,956,1027
294956,959,1027
294957,961,1024
294958,959,1023
294959,957,1025
294960,962,1027
294961,966,1030
294962,964,1028
294963,962,1025
294964,962,1023
294965,963,1027
294966,968,1031
294967,973,1034
294968,976,1035
294969,977,1032
294970,980,1029
294971,978,1032
294972,988,1037
294973,995,1042
294974,998,1043
294975,1001,1041
294976,1002,1043
294977,1005,1045
294978,1011,1049
294979,1025,1047
294980,1038,1039
294981,1048,1024
294982,1056,1010
294983,1065,995
294984,1081,985
294985,1101,976
294986,1118,963
294987,1130,948
294988,1143,933
294989,1156,918
294990,1176,904
294991,1200,887
294992,1220,871
294993,1235,857
294994,1246,841
294995,1251,835
294996,1251,836
294997,1252,841
294998,1248,839
294999,1249,833
295000,1243,828
295001,1236,828
295002,1227,829
295003,1216,829
295004,1196,830
295005,1174,832
295006,1149,836
295007,1121,841
295008,1097,853
295009,1077,865
295010,1061,878
295011,1048,888
295012,1042,895
295013,1039,910
295014,1036,925
295015,1035,936
295016,1032,945
295017,1032,948
295018,1035,953
295019,1045,963
295020,1061,970
295021,1080,978
295022,1095,979
295023,1097,980
295024,1082,984
295025,1053,990
295026,1013,999
295027,976,1013
295028,941,1023
295029,916,1031
295030,905,1043
295031,897,1055
295032,892,1068
295033,892,1075
295034,886,1075
295035,879,1076
295036,873,1075
295037,866,1079
295038,864,1081
295039,867,1086
295040,868,1085
295041,859,1086
295042,852,1085
295043,851,1086
295044,850,1089
295045,852,1094
295046,853,1094
295047,853,1095
295048,849,1094
295049,848,1098
295050,847,1102
295051,850,1106
295052,846,1108
295053,841,1105
295054,833,1103
295055,835,1107
295056,841,1113
295057,846,1117
295058,846,1117
295059,843,1117
295060,838,1119
295061,836,1120
295062,834,1127
295063,840,1129
295064,837,1134
295065,837,1131
295066,836,1131
295067,831,1134
295068,832,1138
295069,836,1144
295070,835,1145
295071,831,1143
295072,828,1144
295073,824,1149
295074,824,1148
295075,825,1155
295076,829,1153
295077,828,1152
295078,829,1151
295079,823,1152
295080,828,1156
295081,832,1159
295082,833,1158
295083,829,1156
295084,829,1155
295085,831,1158
295086,836,1159
295087,844,1162
295088,851,1157
295089,854,1155
295090,857,1151
295091,857,1151
295092,863,1152
295093,870,1149
295094,870,1146
295095,873,1141
295096,870,1138
295097,873,1132
295098,880,1133
295099,890,1131
295100,897,1127
295101,901,1121
295102,901,1117
295103,905,1113
295104,906,1112
295105,912,1111
295106,919,1103
295107,920,1098
295108,921,1089
295109,919,1086
295110,926,1085
295111,933,1084
295112,937,1079
295113,935,1073
295114,935,1069
295115,933,1067
295116,934,1067
295117,938,1066
295118,943,1063
295119,942,1057
295120,941,1052
295121,944,1048
295122,942,1046
295123,944,1048
295124,941,1044
295125,939,1037
295126,942,1033
295127,940,1032
295128,945,1033
295129,948,1035
295130,952,1032
295131,950,1029
295132,943,1024
295133,947,1024
295134,948,1027
295135,947,1028
295136,950,1025
295137,946,1023
295138,943,1021
295139,941,1023
295140,942,1024
295141,945,1026
295142,943,1025
295143,944,1023
295144,944,1022
295145,941,1023
295146,943,1025
295147,946,1028
295148,948,1026
295149,946,1023
295150,943,1023
295151,943,1026
295152,945,1028
295153,951,1029
295154,955,1028
295155,955,1026
295156,952,1020
295157,949,1025
295158,950,1027
295159,952,1030
295160,954,1028
295161,957,1023
295162,956,1022
295163,953,1023
295164,956,1025
295165,960,1028
295166,961,1024
295167,959,1024
295168,957,1023
295169,953,1024
295170,950,1024
295171,956,1024
295172,958,1025
295173,959,1022
295174,953,1018
295175,951,1018
295176,950,1022
295177,951,1023
295178,948,1017
295179,949,1014
295180,949,1013
295181,949,1012
295182,947,1014
295183,953,1018
295184,952,1017
295185,951,1014
295186,947,1012
295187,950,1014
295188,951,1015
295189,953,1017
295190,953,1019
295191,954,1016
295192,954,1015
295193,952,1014
295194,953,1018
295195,955,1019
295196,956,1020
295197,952,1017
295198,946,1016
295199,948,1019
295200,948,1018
295201,948,1022
295202,951,1024
295203,951,1021
295204,950,1019
295205,949,1021
295206,951,1024
295207,952,1024
295208,952,1023
295209,952,1021
295210,947,1021
295211,945,1020
295212,945,1023
295213,946,1026
295214,949,1025
295215,946,1021
295216,944,1019
295217,942,1021
295218,941,1024
295219,945,1026
295220,945,1024
295221,948,1023
295222,947,1019
295223,948,1020
295224,951,1021
295225,956,1026
295226,955,1023
295227,953,1022
295228,953,1019
295229,950,1020
295230,956,1022
295231,959,1023
295232,957,1021
295233,954,1020
295234,947,1018
295235,948,1017
295236,950,1020
295237,955,1022
295238,956,1021
295239,954,1017
295240,951,1017
295241,952,1018
295242,952,1020
295243,953,1022
295244,955,1022
295245,956,1017
295246,954,1016
295247,953,1016
295248,957,1022
295249,957,1024
295250,957,1023
295251,955,1020
295252,948,1016
295253,950,1021
295254,951,1021
295255,954,1021
295256,957,1022
295257,959,1019
295258,958,1017
295259,956,1020
295260,955,1023
295261,960,1027
295262,960,1026
295263,956,1023
295264,955,1021
295265,956,1021
295266,961,1020
295267,964,1023
295268,961,1020
295269,959,1018
295270,958,1016
295271,959,1016
295272,962,1021
295273,966,1021
295274,966,1019
295275,966,1015
295276,964,1016
295277,962,1016
295278,967,1018
295279,972,1020
295280,976,1017
295281,981,1011
295282,990,1005
295283,1002,1003
295284,1023,1005
295285,1052,1002
295286,1085,1001
295287,1125,987
295288,1162,980
295289,1206,977
295290,1251,983
295291,1288,999
295292,1307,1020
295293,1299,1033
295294,1258,1039
295295,1202,1042
295296,1137,1047
295297,1073,1055
295298,1006,1061
295299,954,1065
295300,932,1065
295301,936,1063
295302,951,1053
295303,962,1044
295304,966,1035
295305,968,1027
295306,970,1023
295307,968,1019
295308,969,1022
295309,969,1023
295310,966,1022
295311,959,1020
295312,955,1017
295313,953,1017
295314,957,1017
295315,961,1022
295316,959,1018
295317,958,1015
295318,955,1012
295319,952,1014
295320,954,1019
295321,953,1021
295322,954,1019
295323,957,1017
295324,951,1013
295325,952,1015
295326,952,1017
295327,959,1020
295328,956,1019
295329,953,1021
295330,952,1018
295331,954,1021
295332,954,1023
295333,956,1025
295334,956,1023
295335,956,1020
295336,952,1016
295337,955,1019
295338,953,1021
295339,957,1024
295340,952,1022
295341,953,1017
295342,946,1018
295343,951,1016
295344,957,1018
295345,962,1020
295346,963,1018
295347,960,1017
295348,959,1015
295349,961,1017
295350,962,1018
295351,961,1021
295352,961,1017
295353,959,1015
295354,957,1009
295355,960,1010
295356,962,1012
295357,968,1013
295358,972,1011
295359,969,1009
295360,966,1007
295361,969,1005
295362,972,1006
295363,975,1007
295364,979,1004
295365,979,1000
295366,975,997
295367,978,997
295368,983,999
295369,982,999
295370,984,995
295371,982,991
295372,980,986
295373,979,986
295374,981,986
295375,986,988
295376,986,985
295377,987,985
295378,986,981
295379,987,981
295380,987,985
295381,992,986
295382,994,985
295383,993,983
295384,991,979
295385,988,980
295386,991,982
295387,994,985
295388,996,982
295389,999,980
295390,999,977
295391,1000,978
295392,1006,978
295393,1007,983
295394,1009,982
295395,1005,982
295396,1005,981
295397,1005,984
295398,1005,987
295399,1006,994
295400,1008,995
295401,1005,992
295402,1003,994
295403,1001,997
295404,1002,999
295405,1002,1006
295406,1000,1006
295407,998,1007
295408,992,1007
295409,987,1012
295410,986,1012
295411,988,1015
295412,987,1019
295413,983,1020
295414,978,1021
295415,979,1020
295416,982,1018
295417,985,1021
295418,983,1016
295419,983,1014
295420,978,1013
295421,982,1013
295422,981,1019
295423,980,1021
295424,980,1021
295425,974,1017
295426,971,1016
295427,968,1016
295428,967,1020
295429,971,1022
295430,974,1020
295431,976,1020
295432,975,1018
295433,975,1019
295434,975,1019
295435,979,1022
295436,980,1022
295437,979,1023
295438,974,1017
295439,972,1016
295440,973,1015
295441,978,1020
295442,977,1020
295443,976,1017
295444,974,1012
295445,975,1014
295446,977,1018
295447,981,1022
295448,982,1020
295449,979,1013
295450,976,1010
295451,976,1014
295452,975,1017
295453,981,1016
295454,976,1017
295455,974,1012
295456,968,1009
295457,970,1011
295458,973,1013
295459,973,1016
295460,972,1013
295461,970,1011
295462,969,1010
295463,970,1012
295464,974,1014
295465,974,1016
295466,974,1012
295467,974,1015
295468,973,1011
295469,976,1014
295470,979,1018
295471,981,1019
295472,982,1018
295473,979,1011
295474,971,1010
295475,968,1012
295476,972,1018
295477,974,1023
295478,974,1017
295479,972,1015
295480,972,1011
295481,973,1012
295482,975,1016
295483,976,1016
295484,971,1014
295485,974,1012
295486,970,1013
295487,970,1016
295488,970,1016
295489,974,1020
295490,973,1015
295491,973,1014
295492,970,1009
295493,969,1009
295494,971,1011
295495,973,1014
295496,971,1012
295497,968,1013
295498,964,1010
295499,962,1012
295500,965,1014
295501,972,1016
295502,975,1014
295503,973,1012
295504,973,1012
295505,975,1012
295506,975,1016
295507,975,1018
295508,976,1016
295509,979,1015
295510,978,1013
295511,978,1015
295512,979,1018
295513,981,1021
295514,980,1021
295515,978,1018
295516,974,1018
295517,974,1019
295518,978,1021
295519,984,1022
295520,981,1021
295521,981,1019
295522,978,1017
295523,979,1018
295524,981,1017
295525,982,1021
295526,985,1015
295527,989,1010
295528,993,1005
295529,1003,1007
295530,1017,1008
295531,1039,1009
295532,1062,1007
295533,1089,1000
295534,1119,992
295535,1159,986
295536,1205,981
295537,1251,980
295538,1291,981
295539,1327,986
295540,1344,1003
295541,1330,1020
295542,1293,1030
295543,1238,1030
295544,1176,1031
295545,1103,1037
295546,1029,1045
295547,972,1055
295548,941,1059
295549,944,1062
295550,959,1055
295551,962,1041
295552,965,1027
295553,967,1020
295554,970,1020
295555,972,1018
295556,970,1016
295557,961,1014
295558,957,1011
295559,956,1010
295560,957,1012
295561,958,1013
295562,959,1010
295563,952,1009
295564,943,1007
295565,944,1009
295566,950,1011
295567,949,1017
295568,949,1016
295569,949,1014
295570,946,1014
295571,946,1015
295572,950,1017
295573,954,1022
295574,951,1017
295575,945,1016
295576,942,1012
295577,942,1015
295578,945,1019
295579,945,1022
295580,945,1021
295581,947,1016
295582,944,1014
295583,942,1019
295584,942,1018
295585,947,1017
295586,951,1014
295587,945,1013
295588,939,1011
295589,942,1013
295590,946,1015
295591,951,1017
295592,950,1012
295593,947,1011
295594,946,1009
295595,949,1010
295596,949,1012
295597,952,1012
295598,954,1011
295599,952,1008
295600,943,1004
295601,945,1004
295602,948,1006
295603,950,1007
295604,949,1004
295605,949,999
295606,951,995
295607,950,996
295608,954,997
295609,956,996
295610,960,991
295611,960,988
295612,959,986
295613,962,984
295614,962,986
295615,965,983
295616,968,980
295617,966,980
295618,962,979
295619,960,979
295620,959,982
295621,967,983
295622,973,982
295623,974,978
295624,971,977
295625,972,978
295626,975,979
295627,978,982
295628,980,977
295629,980,974
295630,977,970
295631,977,973
295632,978,975
295633,981,977
295634,980,978
295635,978,975
295636,976,973
295637,975,975
295638,976,979
295639,980,982
295640,981,981
295641,981,979
295642,974,981
295643,972,983
295644,971,990
295645,972,994
295646,974,991
295647,972,993
295648,968,995
295649,968,1000
295650,968,1002
295651,972,1003
295652,969,1007
295653,968,1007
295654,960,1006
295655,958,1007
295656,959,1013
295657,961,1016
295658,960,1014
295659,960,1013
295660,956,1014
295661,959,1019
295662,960,1022
295663,961,1025
295664,958,1023
295665,953,1023
295666,951,1025
295667,948,1027
295668,950,1029
295669,951,1032
295670,955,1028
295671,951,1032
295672,948,1029
295673,947,1034
295674,947,1034
295675,949,1037
295676,949,1035
295677,948,1034
295678,945,1032
295679,948,1033
295680,957,1034
295681,962,1035
295682,961,1032
295683,957,1030
295684,953,1030
295685,953,1028
295686,955,1031
295687,956,1033
295688,959,1031
295689,955,1028
295690,954,1026
295691,955,1026
295692,955,1027
295693,957,1028
295694,957,1024
295695,954,1024
295696,954,1020
295697,953,1023
295698,956,1026
295699,955,1026
295700,956,1024
295701,951,1018
295702,950,1013
295703,952,1014
295704,953,1020
295705,955,1025
295706,959,1023
295707,955,1021
295708,954,1021
295709,953,1021
295710,958,1024
295711,961,1024
295712,962,1025
295713,958,1021
295714,956,1018
295715,953,1021
295716,956,1024
295717,959,1028
295718,954,1028
295719,952,1024
295720,951,1024
295721,951,1028
295722,954,1029
295723,954,1030
295724,959,1029
295725,957,1029
295726,957,1028
295727,954,1028
295728,954,1029
295729,955,1029
295730,957,1031
295731,950,1028
295732,950,1024
295733,952,1026
295734,951,1031
295735,959,1032
295736,955,1031
295737,953,1029
295738,947,1026
295739,946,1028
295740,949,1027
295741,955,1028
295742,960,1028
295743,962,1026
295744,961,1026
295745,957,1027
295746,959,1029
295747,961,1030
295748,960,1030
295749,959,1026
295750,958,1032
295751,958,1033
295752,964,1034
295753,970,1032
295754,969,1032
295755,966,1026
295756,964,1021
295757,967,1020
295758,978,1020
295759,989,1020
295760,1010,1019
295761,1029,1019
295762,1058,1016
295763,1097,1011
295764,1147,1007
295765,1202,1003
295766,1258,1002
295767,1304,1009
295768,1330,1025
295769,1327,1045
295770,1294,1064
295771,1236,1070
295772,1159,1068
295773,1081,1070
295774,1002,1078
295775,944,1086
295776,922,1092
295777,932,1092
295778,949,1078
295779,960,1065
295780,958,1053
295781,959,1047
295782,955,1045
295783,954,1043
295784,951,1037
295785,949,1033
295786,944,1034
295787,943,1034
295788,945,1035
295789,950,1038
295790,948,1035
295791,942,1033
295792,941,1033
295793,941,1036
295794,944,1038
295795,948,1040
295796,948,1040
295797,950,1034
295798,950,1035
295799,948,1035
295800,947,1036
295801,950,1037
295802,950,1035
295803,946,1034
295804,945,1035
295805,947,1034
295806,952,1035
295807,954,1034
295808,950,1035
295809,951,1032
295810,947,1029
295811,948,1029
295812,951,1032
295813,953,1033
295814,955,1030
295815,954,1029
295816,954,1028
295817,952,1030
295818,953,1029
295819,954,1032
295820,953,1030
295821,950,1027
295822,950,1024
295823,947,1024
295824,947,1025
295825,953,1026
295826,955,1026
295827,953,1024
295828,948,1021
295829,950,1022
295830,954,1023
295831,956,1021
295832,957,1020
295833,958,1017
295834,959,1014
295835,959,1014
295836,968,1011
295837,971,1012
295838,975,1010
295839,975,1008
295840,974,1004
295841,975,1001
295842,978,1002
295843,987,1001
295844,985,1002
295845,987,995
295846,985,996
295847,983,997
295848,986,997
295849,992,997
295850,994,994
295851,996,992
295852,996,990
295853,997,990
295854,1000,994
295855,1001,993
295856,997,994
295857,998,994
295858,995,992
295859,992,992
295860,990,995
295861,991,998
295862,996,997
295863,993,996
295864,992,998
295865,988,1002
295866,989,1008
295867,989,1012
295868,985,1012
295869,979,1010
295870,973,1011
295871,971,1017
295872,971,1023
295873,975,1029
295874,973,1025
295875,970,1027
295876,963,1031
295877,962,1032
295878,962,1037
295879,964,1040
295880,963,1039
295881,958,1036
295882,954,1037
295883,954,1040
295884,955,1043
295885,959,1045
295886,960,1043
295887,960,1041
295888,959,1039
295889,958,1040
295890,960,1045
295891,962,1046
295892,960,1045
295893,956,1043
295894,955,1042
295895,954,1043
295896,957,1047
295897,962,1050
295898,959,1049
295899,959,1045
295900,955,1043
295901,955,1047
295902,958,1050
295903,961,1051
295904,961,1048
295905,961,1046
295906,953,1046
295907,950,1046
295908,957,1047
295909,958,1048
295910,958,1047
295911,954,1044
295912,950,1041
295913,950,1042
295914,952,1045
295915,957,1046
295916,955,1044
295917,954,1042
295918,950,1038
295919,946,1039
295920,952,1039
295921,955,1040
295922,956,1037
295923,956,1035
295924,953,1036
295925,950,1036
295926,952,1035
295927,954,1037
295928,960,1035
295929,960,1033
295930,961,1032
295931,959,1031
295932,960,1032
295933,962,1034
295934,962,1034
295935,960,1031
295936,958,1028
295937,956,1032
295938,959,1034
295939,961,1035
295940,961,1033
295941,960,1030
295942,960,1030
295943,960,1033
295944,960,1036
295945,961,1035
295946,958,1034
295947,955,1033
295948,952,1033
295949,946,1034
295950,949,1035
295951,954,1039
295952,955,1037
295953,954,1035
295954,950,1035
295955,949,1037
295956,950,1040
295957,952,1040
295958,953,1040
295959,948,1039
295960,943,1037
295961,947,1038
295962,950,1043
295963,953,1043
295964,952,1042
295965,949,1041
295966,942,1040
295967,943,1044
295968,945,1046
295969,951,1049
295970,952,1048
295971,951,1047
295972,950,1048
295973,951,1050
295974,953,1055
295975,953,1055
295976,956,1050
295977,952,1047
295978,947,1043
295979,949,1043
295980,950,1045
295981,954,1045
295982,955,1042
295983,954,1037
295984,951,1036
295985,949,1037
295986,951,1040
295987,954,1041
295988,955,1038
295989,953,1037
295990,953,1035
295991,954,1036
295992,958,1038
295993,962,1040
295994,959,1038
295995,957,1035
295996,950,1036
295997,951,1041
295998,953,1042
295999,958,1043
296000,956,1038
296001,953,1038
296002,956,1036
296003,956,1039
296004,956,1040
296005,959,1042
296006,955,1041
296007,952,1038
296008,950,1036
296009,954,1038
296010,959,1041
296011,962,1039
296012,960,1040
296013,961,1039
296014,954,1041
296015,954,1042
296016,957,1044
296017,957,1044
296018,955,1045
296019,953,1043
296020,950,1040
296021,953,1045
296022,957,1047
296023,960,1047
296024,962,1044
296025,962,1043
296026,957,1043
296027,957,1043
296028,960,1044
296029,962,1046
296030,962,1047
296031,962,1044
296032,956,1044
296033,958,1043
296034,958,1046
296035,961,1044
296036,961,1043
296037,961,1040
296038,961,1037
296039,962,1039
296040,962,1041
296041,971,1042
296042,970,1039
296043,967,1040
296044,965,1039
296045,961,1039
296046,966,1042
296047,966,1043
296048,965,1042
296049,966,1036
296050,963,1034
296051,962,1037
296052,966,1041
296053,970,1041
296054,972,1037
296055,967,1037
296056,962,1033
296057,964,1034
296058,966,1037
296059,969,1038
296060,967,1037
296061,964,1032
296062,959,1031
296063,955,1031
296064,958,1033
296065,962,1034
296066,964,1033
296067,962,1030
296068,964,1034
296069,965,1035
296070,969,1037
296071,971,1040
296072,973,1039
296073,969,1038
296074,968,1035
296075,965,1036
296076,965,1039
296077,968,1042
296078,970,1041
296079,968,1037
296080,967,1039
296081,969,1040
296082,973,1041
296083,978,1043
296084,977,1040
296085,977,1036
296086,974,1037
296087,974,1039
296088,978,1041
296089,984,1041
296090,989,1037
296091,988,1037
296092,984,1034
296093,980,1040
296094,985,1040
296095,991,1039
296096,987,1036
296097,986,1030
296098,993,1029
296099,1002,1028
296100,1016,1026
296101,1030,1027
296102,1045,1024
296103,1064,1022
296104,1086,1017
296105,1116,1011
296106,1156,1004
296107,1202,996
296108,1238,996
296109,1270,1001
296110,1291,1013
296111,1299,1035
296112,1284,1051
296113,1251,1057
296114,1194,1054
296115,1136,1051
296116,1078,1059
296117,1024,1069
296118,985,1078
296119,967,1077
296120,965,1075
296121,966,1064
296122,970,1053
296123,973,1044
296124,977,1043
296125,979,1041
296126,977,1037
296127,972,1036
296128,970,1034
296129,965,1036
296130,967,1037
296131,970,1039
296132,966,1041
296133,965,1035
296134,958,1034
296135,958,1036
296136,960,1037
296137,958,1040
296138,962,1038
296139,955,1035
296140,952,1034
296141,950,1037
296142,954,1038
296143,956,1039
296144,953,1037
296145,952,1034
296146,950,1032
296147,956,1034
296148,959,1036
296149,964,1038
296150,961,1036
296151,958,1032
296152,955,1033
296153,954,1033
296154,957,1035
296155,961,1037
296156,960,1035
296157,959,1033
296158,956,1030
296159,956,1033
296160,958,1036
296161,961,1035
296162,961,1035
296163,960,1031
296164,960,1032
296165,962,1032
296166,964,1035
296167,965,1034
296168,965,1031
296169,964,1031
296170,962,1030
296171,959,1031
296172,965,1035
296173,967,1035
296174,968,1031
296175,971,1027
296176,969,1020
296177,971,1023
296178,973,1024
296179,978,1021
296180,979,1021
296181,980,1021
296182,979,1017
296183,983,1018
296184,986,1019
296185,989,1016
296186,990,1014
296187,992,1010
296188,991,1008
296189,995,1010
296190,999,1013
296191,1002,1009
296192,1004,1009
296193,1002,1005
296194,1000,1006
296195,1000,1006
296196,1004,1010
296197,1011,1008
296198,1011,1007
296199,1011,998
296200,1012,999
296201,1011,1002
296202,1015,1003
296203,1020,1005
296204,1019,1001
296205,1016,999
296206,1014,996
296207,1015,1000
296208,1017,1001
296209,1021,1003
296210,1021,1006
296211,1017,1004
296212,1014,1005
296213,1016,1007
296214,1018,1012
296215,1022,1015
296216,1023,1014
296217,1019,1014
296218,1014,1013
296219,1013,1016
296220,1013,1018
296221,1014,1022
296222,1011,1020
296223,1007,1019
296224,1001,1020
296225,998,1022
296226,1003,1026
296227,1002,1029
296228,999,1029
296229,996,1025
296230,989,1027
296231,989,1030
296232,990,1031
296233,992,1033
296234,989,1033
296235,990,1029
296236,983,1029
296237,986,1029
296238,991,1034
296239,992,1038
296240,989,1037
296241,986,1034
296242,984,1030
296243,981,1029
296244,985,1034
296245,991,1036
296246,989,1033
296247,985,1033
296248,981,1031
296249,982,1034
296250,984,1036
296251,988,1035
296252,986,1033
296253,987,1031
296254,983,1028
296255,985,1028
296256,988,1030
296257,991,1031
296258,993,1030
296259,990,1027
296260,988,1025
296261,987,1028
296262,991,1030
296263,992,1031
296264,993,1031
296265,991,1030
296266,989,1030
296267,991,1033
296268,995,1035
296269,995,1033
296270,998,1035
296271,995,1033
296272,993,1030
296273,995,1031
296274,998,1034
296275,1001,1034
296276,1002,1031
296277,1002,1029
296278,1002,1026
296279,1000,1029
296280,1003,1033
296281,1007,1032
296282,1004,1029
296283,1002,1027
296284,998,1022
296285,996,1026
296286,998,1032
296287,1001,1031
296288,999,1031
296289,996,1026
296290,992,1027
296291,993,1028
296292,992,1031
296293,998,1035
296294,995,1030
296295,995,1026
296296,994,1024
296297,994,1027
296298,994,1032
296299,997,1031
296300,999,1030
296301,999,1024
296302,994,1022
296303,992,1027
296304,996,1032
296305,1000,1032
296306,997,1027
296307,997,1024
296308,996,1023
296309,994,1023
296310,996,1026
296311,999,1029
296312,996,1026
296313,996,1025
296314,993,1025
296315,993,1024
296316,993,1025
296317,1000,1026
296318,994,1023
296319,993,1023
296320,992,1020
296321,990,1023
296322,988,1025
296323,994,1026
296324,996,1025
296325,997,1028
296326,993,1026
296327,993,1027
296328,995,1030
296329,999,1030
296330,999,1029
296331,998,1029
296332,994,1029
296333,992,1029
296334,994,1033
296335,999,1032
296336,1000,1031
296337,1000,1029
296338,998,1030
296339,998,1031
296340,997,1032
296341,1001,1035
296342,997,1032
296343,998,1029
296344,994,1029
296345,997,1029
296346,1001,1031
296347,1002,1031
296348,1004,1029
296349,1006,1026
296350,1005,1025
296351,1005,1025
296352,1008,1025
296353,1013,1028
296354,1014,1026
296355,1019,1021
296356,1023,1016
296357,1035,1012
296358,1044,1012
296359,1064,1014
296360,1082,1014
296361,1099,1009
296362,1129,1002
296363,1159,993
296364,1190,987
296365,1225,983
296366,1254,984
296367,1274,993
296368,1283,1009
296369,1274,1024
296370,1254,1034
296371,1222,1035
296372,1177,1037
296373,1126,1047
296374,1075,1060
296375,1037,1070
296376,1017,1073
296377,1013,1066
296378,1010,1054
296379,1010,1039
296380,1006,1030
296381,1003,1027
296382,1004,1028
296383,1002,1028
296384,1000,1025
296385,997,1022
296386,990,1020
296387,987,1020
296388,986,1027
296389,990,1027
296390,986,1027
296391,983,1025
296392,979,1023
296393,979,1029
296394,981,1031
296395,983,1031
296396,983,1027
296397,975,1023
296398,975,1021
296399,972,1024
296400,972,1027
296401,974,1028
296402,975,1030
296403,969,1026
296404,969,1025
296405,968,1027
296406,970,1029
296407,969,1028
296408,971,1027
296409,967,1022
296410,968,1023
296411,969,1024
296412,970,1025
296413,974,1027
296414,971,1024
296415,967,1022
296416,964,1021
296417,965,1027
296418,969,1027
296419,970,1028
296420,971,1027
296421,970,1024
296422,972,1022
296423,973,1023
296424,978,1024
296425,982,1023
296426,983,1018
296427,980,1013
296428,980,1013
296429,981,1016
296430,985,1018
296431,989,1018
296432,989,1014
296433,992,1011
296434,991,1006
296435,996,1010
296436,998,1008
296437,1003,1009
296438,1004,1006
296439,1001,1004
296440,1001,1004
296441,1003,1006
296442,1006,1004
296443,1012,1003
296444,1013,998
296445,1015,992
296446,1016,989
296447,1016,987
296448,1018,988
296449,1022,988
296450,1024,985
296451,1024,981
296452,1024,982
296453,1022,982
296454,1025,983
296455,1026,983
296456,1026,984
296457,1025,980
296458,1025,977
296459,1026,979
296460,1027,983
296461,1032,984
296462,1028,983
296463,1026,983
296464,1021,984
296465,1014,988
296466,1020,993
296467,1023,996
296468,1020,997
296469,1016,995
296470,1009,997
296471,1008,1002
296472,1008,1008
296473,1012,1012
296474,1010,1009
296475,1004,1009
296476,1001,1012
296477,1001,1014
296478,1001,1017
296479,1000,1018
296480,1002,1019
296481,998,1019
296482,996,1022
296483,992,1024
296484,990,1031
296485,994,1032
296486,992,1030
296487,989,1027
296488,988,1026
296489,987,1026
296490,989,1031
296491,991,1038
296492,992,1033
296493,989,1028
296494,987,1027
296495,982,1030
296496,985,1035
296497,988,1031
296498,984,1029
296499,983,1024
296500,979,1024
296501,981,1028
296502,983,1030
296503,984,1032
296504,987,1030
296505,988,1028
296506,984,1025
296507,985,1026
296508,987,1031
296509,994,1032
296510,998,1030
296511,998,1029
296512,999,1026
296513,999,1030
296514,1006,1035
296515,1011,1036
296516,1013,1036
296517,1015,1041
296518,1017,1044
296519,1023,1047
296520,1037,1047
296521,1056,1038
296522,1071,1018
296523,1083,994
296524,1092,976
296525,1107,966
296526,1124,954
296527,1146,939
296528,1161,924
296529,1182,902
296530,1194,880
296531,1215,858
296532,1231,842
296533,1255,830
296534,1269,815
296535,1271,806
296536,1270,803
296537,1269,805
296538,1269,808
296539,1273,806
296540,1269,800
296541,1257,797
296542,1244,793
296543,1225,799
296544,1212,809
296545,1191,820
296546,1165,829
296547,1146,837
296548,1130,852
296549,1120,868
296550,1112,885
296551,1115,899
296552,1116,913
296553,1112,918
296554,1111,931
296555,1111,942
296556,1116,958
296557,1128,967
296558,1137,973
296559,1147,976
296560,1145,976
296561,1121,983
296562,1073,997
296563,1026,1007
296564,983,1021
296565,955,1031
296566,939,1042
296567,929,1054
296568,927,1065
296569,926,1067
296570,921,1071
296571,911,1071
296572,900,1076
296573,897,1083
296574,900,1084
296575,901,1081
296576,892,1083
296577,886,1084
296578,887,1089
296579,886,1092
296580,886,1095
296581,883,1091
296582,881,1091
296583,872,1090
296584,865,1091
296585,862,1095
296586,866,1101
296587,871,1107
296588,871,1109
296589,865,1110
296590,859,1112
296591,856,1115
296592,855,1117
296593,853,1120
296594,852,1119
296595,846,1123
296596,841,1126
296597,839,1130
296598,841,1133
296599,840,1137
296600,838,1141
296601,836,1141
296602,832,1141
296603,826,1143
296604,826,1151
296605,831,1151
296606,829,1151
296607,824,1153
296608,820,1153
296609,820,1160
296610,822,1167
296611,823,1168
296612,823,1167
296613,820,1164
296614,819,1166
296615,821,1171
296616,823,1176
296617,833,1179
296618,836,1177
296619,837,1173
296620,834,1168
296621,836,1168
296622,843,1169
296623,851,1166
296624,855,1161
296625,859,1155
296626,866,1151
296627,871,1148
296628,879,1146
296629,886,1143
296630,889,1139
296631,890,1134
296632,894,1127
296633,899,1126
296634,911,1119
296635,917,1115
296636,920,1111
296637,922,1107
296638,924,1099
296639,926,1094
296640,931,1093
296641,936,1090
296642,938,1081
296643,934,1073
296644,934,1070
296645,937,1067
296646,942,1069
296647,945,1065
296648,944,1061
296649,944,1055
296650,942,1053
296651,941,1052
296652,945,1052
296653,945,1052
296654,945,1049
296655,945,1043
296656,946,1042
296657,943,1044
296658,947,1045
296659,952,1047
296660,953,1045
296661,953,1043
296662,949,1041
296663,952,1042
296664,952,1045
296665,956,1043
296666,957,1045
296667,956,1039
296668,952,1035
296669,954,1038
296670,955,1038
296671,960,1039
296672,959,1038
296673,954,1038
296674,949,1037
296675,950,1036
296676,954,1039
296677,960,1039
296678,965,1037
296679,961,1032
296680,959,1031
296681,961,1031
296682,962,1033
296683,966,1026
296684,968,1026
296685,965,1023
296686,962,1022
296687,963,1023
296688,964,1026
296689,968,1026
296690,967,1025
296691,966,1023
296692,963,1021
296693,963,1022
296694,970,1025
296695,971,1023
296696,966,1023
296697,966,1023
296698,964,1023
296699,964,1026
296700,967,1032
296701,971,1030
296702,973,1029
296703,970,1031
296704,966,1029
296705,969,1030
296706,972,1032
296707,971,1029
296708,970,1029
296709,968,1028
296710,967,1028
296711,969,1030
296712,972,1034
296713,975,1035
296714,974,1031
296715,970,1028
296716,966,1027
296717,967,1030
296718,968,1032
296719,969,1033
296720,970,1031
296721,965,1026
296722,963,1024
296723,964,1029
296724,964,1031
296725,966,1031
296726,967,1028
296727,961,1026
296728,956,1023
296729,959,1024
296730,960,1027
296731,963,1029
296732,963,1025
296733,960,1027
296734,959,1023
296735,954,1024
296736,956,1025
296737,959,1025
296738,962,1022
296739,961,1021
296740,959,1021
296741,965,1023
296742,965,1027
296743,968,1026
296744,968,1029
296745,964,1027
296746,959,1025
296747,955,1027
296748,960,1031
296749,963,1031
296750,963,1029
296751,961,1029
296752,960,1028
296753,958,1031
296754,961,1036
296755,966,1035
296756,965,1034
296757,962,1030
296758,959,1031
296759,963,1033
296760,967,1034
296761,968,1034
296762,973,1033
296763,970,1029
296764,967,1028
296765,965,1029
296766,969,1032
296767,972,1034
296768,971,1027
296769,967,1025
296770,968,1024
296771,969,1025
296772,969,1029
296773,970,1027
296774,970,1025
296775,970,1023
296776,970,1023
296777,970,1023
296778,973,1023
296779,975,1023
296780,973,1020
296781,972,1019
296782,970,1018
296783,967,1020
296784,970,1022
296785,973,1022
296786,973,1019
296787,972,1014
296788,969,1017
296789,970,1021
296790,972,1025
296791,975,1025
296792,975,1023
296793,970,1019
296794,967,1019
296795,969,1019
296796,967,1024
296797,966,1025
296798,965,1023
296799,967,1022
296800,965,1023
296801,964,1030
296802,968,1032
296803,970,1032
296804,969,1033
296805,966,1030
296806,965,1030
296807,964,1033
296808,967,1035
296809,967,1034
296810,968,1033
296811,968,1029
296812,965,1029
296813,968,1031
296814,973,1034
296815,976,1032
296816,977,1030
296817,974,1025
296818,972,1026
296819,971,1028
296820,973,1030
296821,974,1027
296822,975,1025
296823,969,1024
296824,969,1021
296825,970,1026
296826,972,1030
296827,976,1028
296828,974,1027
296829,972,1023
296830,971,1022
296831,971,1025
296832,973,1028
296833,974,1026
296834,980,1027
296835,975,1023
296836,973,1025
296837,974,1026
296838,977,1028
296839,979,1027
296840,978,1026
296841,975,1024
296842,975,1025
296843,978,1025
296844,980,1026
296845,982,1027
296846,983,1026
296847,977,1023
296848,974,1022
296849,976,1024
296850,977,1027
296851,980,1030
296852,980,1030
296853,975,1029
296854,974,1032
296855,974,1033
296856,979,1037
296857,979,1040
296858,980,1036
296859,979,1032
296860,980,1025
296861,989,1023
296862,1002,1023
296863,1019,1018
296864,1036,1014
296865,1064,1009
296866,1095,1006
296867,1137,999
296868,1178,993
296869,1223,985
296870,1279,983
296871,1327,983
296872,1359,994
296873,1370,1012
296874,1349,1024
296875,1307,1029
296876,1237,1029
296877,1175,1028
296878,1110,1036
296879,1048,1045
296880,1001,1049
296881,976,1049
296882,968,1044
296883,975,1034
296884,981,1027
296885,984,1023
296886,982,1022
296887,985,1024
296888,974,1020
296889,969,1018
296890,965,1018
296891,963,1022
296892,965,1024
296893,964,1026
296894,961,1024
296895,959,1023
296896,956,1025
296897,956,1027
296898,959,1030
296899,958,1030
296900,956,1031
296901,955,1025
296902,950,1030
296903,950,1035
296904,954,1040
296905,956,1040
296906,959,1036
296907,957,1039
296908,954,1036
296909,954,1034
296910,956,1039
296911,960,1035
296912,959,1035
296913,958,1032
296914,950,1032
296915,956,1033
296916,960,1035
296917,960,1036
296918,961,1031
296919,958,1030
296920,955,1032
296921,954,1033
296922,955,1033
296923,960,1033
296924,960,1031
296925,959,1028
296926,955,1026
296927,956,1028
296928,958,1031
296929,962,1030
296930,960,1028
296931,958,1028
296932,957,1026
296933,960,1027
296934,961,1028
296935,964,1029
296936,963,1025
296937,962,1020
296938,959,1021
296939,962,1023
296940,966,1021
296941,969,1024
296942,970,1019
296943,971,1017
296944,973,1016
296945,974,1020
296946,980,1018
296947,987,1019
296948,988,1018
296949,988,1014
296950,986,1010
296951,988,1013
296952,990,1015
296953,996,1011
296954,996,1005
296955,997,1000
296956,995,997
296957,996,998
296958,997,997
296959,1001,997
296960,998,996
296961,998,993
296962,999,992
296963,1002,993
296964,1003,997
296965,1013,995
296966,1010,993
296967,1010,992
296968,1006,991
296969,1009,993
296970,1013,995
296971,1013,997
296972,1012,996
296973,1010,993
296974,1009,994
296975,1010,996
296976,1010,1000
296977,1012,1003
296978,1012,1003
296979,1008,1003
296980,1006,1003
296981,1007,1006
296982,1009,1010
296983,1007,1012
296984,1006,1013
296985,1002,1014
296986,999,1015
296987,996,1017
296988,997,1023
296989,997,1026
296990,994,1026
296991,991,1028
296992,988,1029
296993,987,1033
296994,984,1035
296995,988,1035
296996,986,1034
296997,982,1031
296998,979,1036
296999,980,1037
297000,978,1040
297001,981,1039
297002,978,1039
297003,977,1036
297004,973,1037
297005,975,1038
297006,976,1042
297007,978,1041
297008,974,1039
297009,971,1039
297010,967,1037
297011,968,1038
297012,970,1043
297013,972,1041
297014,975,1040
297015,971,1039
297016,969,1037
297017,972,1038
297018,975,1039
297019,977,1041
297020,978,1035
297021,974,1035
297022,973,1034
297023,976,1035
297024,977,1038
297025,981,1037
297026,981,1035
297027,980,1035
297028,979,1031
297029,980,1036
297030,980,1036
297031,982,1037
297032,984,1034
297033,982,1032
297034,980,1032
297035,982,1034
297036,984,1034
297037,984,1035
297038,987,1032
297039,984,1029
297040,979,1026
297041,980,1027
297042,981,1027
297043,983,1029
297044,982,1025
297045,981,1025
297046,977,1021
297047,978,1027
297048,978,1028
297049,981,1030
297050,980,1029
297051,976,1024
297052,977,1025
297053,976,1029
297054,981,1030
297055,981,1032
297056,983,1030
297057,976,1028
297058,971,1031
297059,974,1031
297060,974,1032
297061,975,1032
297062,977,1030
297063,977,1027
297064,973,1028
297065,973,1029
297066,973,1031
297067,976,1027
297068,979,1028
297069,975,1026
297070,971,1025
297071,970,1028
297072,975,1030
297073,980,1031
297074,979,1030
297075,976,1024
297076,977,1025
297077,980,1030
297078,982,1030
297079,983,1030
297080,987,1029
297081,983,1026
297082,978,1027
297083,975,1029
297084,979,1031
297085,983,1032
297086,983,1031
297087,982,1030
297088,979,1033
297089,981,1033
297090,985,1034
297091,984,1037
297092,984,1034
297093,979,1032
297094,977,1034
297095,978,1036
297096,981,1038
297097,982,1038
297098,981,1035
297099,979,1033
297100,978,1035
297101,979,1037
297102,981,1041
297103,984,1039
297104,983,1037
297105,980,1035
297106,976,1037
297107,977,1037
297108,979,1039
297109,982,1039
297110,979,1036
297111,975,1033
297112,975,1033
297113,975,1035
297114,978,1039
297115,981,1040
297116,979,1036
297117,978,1033
297118,973,1032
297119,975,1036
297120,981,1037
297121,981,1040
297122,981,1036
297123,976,1032
297124,978,1033
297125,979,1032
297126,983,1035
297127,986,1035
297128,984,1032
297129,979,1029
297130,979,1028
297131,981,1034
297132,984,1034
297133,987,1036
297134,984,1037
297135,983,1035
297136,981,1034
297137,983,1034
297138,984,1039
297139,989,1040
297140,987,1035
297141,985,1030
297142,984,1031
297143,986,1033
297144,986,1035
297145,989,1034
297146,987,1032
297147,986,1028
297148,984,1031
297149,983,1034
297150,984,1035
297151,986,1038
297152,987,1035
297153,983,1031
297154,982,1029
297155,982,1031
297156,986,1037
297157,987,1036
297158,986,1037
297159,982,1033
297160,980,1034
297161,980,1035
297162,982,1036
297163,983,1036
297164,982,1034
297165,980,1034
297166,981,1035
297167,979,1035
297168,983,1036
297169,983,1036
297170,983,1036
297171,982,1032
297172,978,1030
297173,979,1034
297174,981,1036
297175,982,1036
297176,980,1033
297177,977,1032
297178,977,1029
297179,979,1033
297180,981,1036
297181,984,1035
297182,982,1034
297183,982,1032
297184,978,1032
297185,977,1035
297186,981,1036
297187,984,1033
297188,982,1031
297189,981,1029
297190,977,1031
297191,977,1035
297192,982,1039
297193,983,1042
297194,982,1041
297195,977,1039
297196,980,1038
297197,979,1038
297198,982,1040
297199,986,1040
297200,984,1037
297201,984,1036
297202,984,1034
297203,983,1035
297204,986,1039
297205,988,1036
297206,982,1035
297207,985,1032
297208,984,1034
297209,985,1036
297210,989,1037
297211,992,1040
297212,992,1034
297213,990,1034
297214,987,1035
297215,986,1036
297216,986,1039
297217,987,1038
297218,986,1036
297219,983,1033
297220,982,1035
297221,989,1035
297222,993,1036
297223,994,1034
297224,994,1031
297225,988,1031
297226,989,1031
297227,987,1035
297228,991,1035
297229,995,1035
297230,994,1036
297231,991,1035
297232,986,1033
297233,988,1037
297234,989,1040
297235,991,1038
297236,991,1035
297237,988,1033
297238,985,1031
297239,987,1033
297240,989,1035
297241,994,1037
297242,992,1037
297243,990,1036
297244,983,1036
297245,986,1038
297246,988,1043
297247,992,1043
297248,994,1038
297249,989,1032
297250,990,1031
297251,990,1035
297252,995,1038
297253,996,1036
297254,998,1034
297255,996,1032
297256,991,1030
297257,992,1033
297258,995,1033
297259,1001,1028
297260,1005,1026
297261,1015,1021
297262,1024,1018
297263,1043,1021
297264,1063,1021
297265,1091,1022
297266,1127,1011
297267,1165,1000
297268,1207,992
297269,1249,990
297270,1292,994
297271,1333,1001
297272,1353,1014
297273,1343,1026
297274,1307,1039
297275,1252,1043
297276,1193,1047
297277,1137,1053
297278,1072,1059
297279,1010,1062
297280,973,1066
297281,965,1067
297282,976,1067
297283,987,1059
297284,992,1049
297285,991,1041
297286,988,1039
297287,987,1040
297288,987,1042
297289,988,1043
297290,988,1039
297291,983,1041
297292,977,1041
297293,979,1042
297294,978,1046
297295,978,1044
297296,976,1041
297297,974,1035
297298,967,1037
297299,964,1036
297300,969,1041
297301,971,1037
297302,971,1036
297303,967,1033
297304,966,1037
297305,967,1039
297306,968,1043
297307,970,1043
297308,969,1040
297309,968,1039
297310,965,1037
297311,965,1041
297312,970,1042
297313,974,1042
297314,972,1038
297315,970,1037
297316,963,1036
297317,963,1038
297318,969,1043
297319,971,1040
297320,970,1038
297321,967,1033
297322,966,1037
297323,968,1036
297324,972,1039
297325,973,1037
297326,972,1037
297327,968,1030
297328,969,1032
297329,970,1032
297330,975,1037
297331,977,1036
297332,977,1031
297333,974,1030
297334,976,1034
297335,974,1034
297336,979,1033
297337,983,1029
297338,981,1027
297339,978,1021
297340,977,1023
297341,978,1025
297342,983,1029
297343,986,1028
297344,987,1026
297345,985,1020
297346,988,1019
297347,987,1018
297348,992,1018
297349,993,1016
297350,993,1013
297351,993,1011
297352,991,1011
297353,992,1012
297354,994,1014
297355,998,1013
297356,997,1009
297357,996,1007
297358,992,1007
297359,996,1008
297360,998,1010
297361,999,1009
297362,999,1007
297363,999,1005
297364,998,1003
297365,1005,1005
297366,1007,1006
297367,1008,1006
297368,1006,1004
297369,1005,1000
297370,1007,998
297371,1008,1002
297372,1012,1002
297373,1013,1004
297374,1014,1002
297375,1011,998
297376,1010,1000
297377,1011,1005
297378,1011,1008
297379,1011,1008
297380,1012,1007
297381,1009,1005
297382,1007,1008
297383,1006,1013
297384,1009,1015
297385,1012,1016
297386,1010,1017
297387,1003,1018
297388,1000,1017
297389,996,1020
297390,999,1024
297391,997,1026
297392,996,1026
297393,993,1026
297394,989,1025
297395,990,1032
297396,991,1035
297397,990,1036
297398,987,1036
297399,983,1035
297400,979,1036
297401,979,1037
297402,980,1043
297403,982,1044
297404,981,1044
297405,976,1045
297406,973,1044
297407,973,1046
297408,974,1047
297409,977,1046
297410,978,1043
297411,977,1040
297412,975,1039
297413,977,1039
297414,981,1045
297415,983,1046
297416,984,1044
297417,981,1041
297418,977,1042
297419,977,1046
297420,983,1047
297421,988,1048
297422,987,1045
297423,985,1041
297424,981,1041
297425,981,1042
297426,987,1044
297427,990,1043
297428,986,1042
297429,986,1038
297430,985,1038
297431,988,1041
297432,987,1043
297433,991,1042
297434,990,1036
297435,988,1035
297436,986,1034
297437,987,1037
297438,988,1037
297439,992,1036
297440,992,1034
297441,988,1033
297442,984,1032
297443,985,1032
297444,989,1034
297445,992,1036
297446,994,1032
297447,991,1029
297448,991,1028
297449,995,1030
297450,995,1034
297451,993,1030
297452,993,1029
297453,988,1030
297454,986,1030
297455,986,1035
297456,992,1037
297457,989,1040
297458,990,1038
297459,987,1036
297460,985,1036
297461,985,1042
297462,987,1044
297463,983,1046
297464,980,1047
297465,981,1043
297466,981,1043
297467,983,1046
297468,983,1046
297469,984,1044
297470,983,1041
297471,983,1037
297472,977,1039
297473,981,1043
297474,985,1045
297475,986,1043
297476,985,1042
297477,984,1037
297478,983,1041
297479,983,1042
297480,987,1043
297481,987,1044
297482,988,1042
297483,985,1039
297484,981,1039
297485,980,1042
297486,984,1044
297487,986,1042
297488,984,1040
297489,979,1037
297490,973,1039
297491,972,1039
297492,977,1042
297493,984,1045
297494,988,1042
297495,983,1039
297496,979,1038
297497,980,1039
297498,981,1038
297499,986,1036
297500,985,1033
297501,981,1031
297502,981,1033
297503,979,1033
297504,978,1036
297505,983,1037
297506,983,1035
297507,982,1034
297508,980,1033
297509,982,1038
297510,984,1040
297511,984,1040
297512,983,1040
297513,982,1035
297514,977,1035
297515,980,1038
297516,984,1035
297517,986,1035
297518,982,1034
297519,982,1031
297520,978,1031
297521,976,1036
297522,979,1039
297523,981,1040
297524,981,1039
297525,980,1035
297526,977,1039
297527,979,1043
297528,986,1046
297529,990,1047
297530,991,1044
297531,989,1043
297532,987,1042
297533,989,1044
297534,990,1047
297535,992,1047
297536,992,1044
297537,988,1044
297538,986,1041
297539,989,1044
297540,989,1047
297541,994,1046
297542,994,1045
297543,990,1040
297544,984,1041
297545,986,1044
297546,989,1047
297547,997,1047
297548,995,1046
297549,994,1041
297550,989,1042
297551,986,1043
297552,988,1047
297553,989,1044
297554,988,1042
297555,990,1042
297556,988,1039
297557,989,1041
297558,991,1043
297559,993,1045
297560,991,1042
297561,988,1038
297562,984,1040
297563,985,1041
297564,986,1042
297565,990,1043
297566,987,1040
297567,987,1038
297568,985,1038
297569,983,1040
297570,985,1042
297571,987,1040
297572,985,1038
297573,982,1036
297574,977,1036
297575,974,1039
297576,978,1044
297577,985,1042
297578,987,1043
297579,985,1038
297580,985,1041
297581,985,1043
297582,991,1048
297583,992,1046
297584,994,1045
297585,990,1044
297586,984,1041
297587,988,1044
297588,991,1047
297589,994,1047
297590,994,1042
297591,990,1040
297592,989,1041
297593,995,1040
297594,1001,1041
297595,1005,1039
297596,1009,1038
297597,1012,1033
297598,1018,1032
297599,1033,1032
297600,1054,1032
297601,1078,1031
297602,1106,1022
297603,1141,1009
297604,1178,1000
297605,1223,1000
297606,1264,1007
297607,1302,1016
297608,1322,1027
297609,1315,1042
297610,1287,1058
297611,1249,1066
297612,1199,1068
297613,1148,1069
297614,1092,1072
297615,1034,1079
297616,981,1084
297617,951,1091
297618,950,1095
297619,965,1090
297620,975,1079
297621,978,1063
297622,978,1056
297623,978,1050
297624,979,1049
297625,980,1043
297626,976,1040
297627,969,1035
297628,962,1035
297629,962,1036
297630,969,1037
297631,970,1034
297632,966,1033
297633,964,1029
297634,964,1031
297635,968,1034
297636,972,1036
297637,974,1040
297638,970,1040
297639,971,1039
297640,970,1041
297641,974,1041
297642,971,1041
297643,971,1044
297644,972,1042
297645,968,1041
297646,968,1040
297647,968,1043
297648,970,1045
297649,972,1045
297650,974,1042
297651,971,1038
297652,971,1039
297653,968,1039
297654,974,1044
297655,976,1040
297656,975,1039
297657,971,1035
297658,968,1034
297659,968,1036
297660,971,1038
297661,974,1040
297662,974,1035
297663,971,1031
297664,970,1031
297665,971,1032
297666,977,1033
297667,979,1034
297668,983,1031
297669,981,1028
297670,976,1025
297671,974,1030
297672,978,1029
297673,980,1031
297674,980,1027
297675,977,1019
297676,978,1019
297677,981,1019
297678,981,1023
297679,982,1021
297680,980,1018
297681,979,1011
297682,976,1009
297683,981,1011
297684,986,1013
297685,987,1011
297686,990,1006
297687,991,999
297688,990,1000
297689,993,1003
297690,997,1006
297691,1003,1005
297692,1007,998
297693,1010,993
297694,1007,992
297695,1010,993
297696,1013,994
297697,1019,992
297698,1022,987
297699,1021,985
297700,1011,982
297701,1011,984
297702,1015,988
297703,1021,986
297704,1021,984
297705,1020,983
297706,1024,983
297707,1026,985
297708,1026,988
297709,1027,991
297710,1025,989
297711,1021,987
297712,1019,988
297713,1018,991
297714,1023,996
297715,1030,998
297716,1029,1000
297717,1020,999
297718,1016,1000
297719,1012,1005
297720,1015,1007
297721,1016,1008
297722,1013,1009
297723,1009,1009
297724,1007,1012
297725,1009,1019
297726,1013,1022
297727,1009,1023
297728,1002,1025
297729,997,1023
297730,993,1026
297731,994,1029
297732,994,1033
297733,994,1031
297734,992,1033
297735,989,1031
297736,987,1034
297737,986,1038
297738,988,1045
297739,992,1046
297740,987,1043
297741,983,1042
297742,983,1044
297743,984,1048
297744,989,1047
297745,992,1047
297746,994,1045
297747,992,1044
297748,992,1047
297749,992,1051
297750,995,1052
297751,995,1051
297752,997,1045
297753,997,1044
297754,994,1044
297755,996,1045
297756,1001,1048
297757,1002,1048
297758,1002,1045
297759,1001,1039
297760,999,1040
297761,997,1043
297762,999,1046
297763,1002,1045
297764,1001,1044
297765,1001,1039
297766,1004,1040
297767,1007,1040
297768,1006,1040
297769,1010,1039
297770,1010,1037
297771,1008,1035
297772,1008,1037
297773,1013,1036
297774,1015,1037
297775,1017,1037
297776,1019,1036
297777,1015,1035
297778,1016,1034
297779,1016,1036
297780,1017,1034
297781,1017,1032
297782,1013,1031
297783,1007,1030
297784,1005,1029
297785,1007,1035
297786,1010,1035
297787,1013,1035
297788,1010,1035
297789,1006,1030
297790,1003,1030
297791,1000,1035
297792,996,1041
297793,999,1041
297794,1004,1040
297795,1001,1039
297796,999,1040
297797,1000,1039
297798,1001,1043
297799,1003,1042
297800,999,1041
297801,994,1036
297802,990,1038
297803,993,1040
297804,1001,1041
297805,1003,1042
297806,1005,1039
297807,1005,1035
297808,1002,1036
297809,1003,1038
297810,1002,1040
297811,1001,1041
297812,1001,1037
297813,1000,1033
297814,998,1033
297815,1003,1038
297816,1010,1040
297817,1014,1040
297818,1011,1034
297819,1009,1032
297820,1002,1035
297821,1006,1036
297822,1009,1038
297823,1011,1035
297824,1012,1037
297825,1008,1035
297826,1006,1035
297827,1006,1037
297828,1008,1037
297829,1012,1037
297830,1012,1035
297831,1009,1032
297832,1006,1035
297833,1005,1037
297834,1010,1037
297835,1016,1037
297836,1017,1037
297837,1014,1034
297838,1008,1035
297839,1010,1038
297840,1009,1037
297841,1010,1037
297842,1012,1035
297843,1010,1033
297844,1007,1032
297845,1006,1032
297846,1011,1037
297847,1013,1036
297848,1011,1038
297849,1008,1035
297850,1002,1035
297851,1001,1039
297852,1004,1041
297853,1008,1041
297854,1007,1040
297855,1003,1038
297856,998,1038
297857,1001,1041
297858,1000,1046
297859,1008,1046
297860,1006,1045
297861,1004,1041
297862,1005,1040
297863,1006,1042
297864,1012,1044
297865,1015,1041
297866,1014,1036
297867,1011,1034
297868,1009,1037
297869,1009,1040
297870,1012,1042
297871,1015,1040
297872,1013,1036
297873,1009,1035
297874,1009,1035
297875,1010,1037
297876,1012,1040
297877,1018,1038
297878,1016,1037
297879,1012,1034
297880,1009,1035
297881,1012,1037
297882,1016,1038
297883,1015,1040
297884,1013,1037
297885,1014,1036
297886,1011,1036
297887,1012,1039
297888,1016,1043
297889,1018,1040
297890,1016,1038
297891,1012,1034
297892,1013,1035
297893,1012,1037
297894,1015,1041
297895,1019,1039
297896,1014,1038
297897,1013,1033
297898,1011,1035
297899,1010,1036
297900,1016,1040
297901,1017,1035
297902,1017,1034
297903,1013,1030
297904,1014,1033
297905,1017,1034
297906,1020,1038
297907,1022,1035
297908,1019,1034
297909,1009,1032
297910,1007,1033
297911,1007,1036
297912,1010,1041
297913,1012,1039
297914,1011,1037
297915,1011,1036
297916,1009,1035
297917,1012,1035
297918,1016,1036
297919,1020,1033
297920,1017,1030
297921,1024,1025
297922,1027,1022
297923,1036,1020
297924,1052,1021
297925,1066,1019
297926,1082,1015
297927,1101,1014
297928,1132,1010
297929,1168,1009
297930,1211,1006
297931,1255,1002
297932,1293,1003
297933,1322,1012
297934,1338,1028
297935,1332,1047
297936,1305,1057
297937,1261,1060
297938,1201,1058
297939,1138,1058
297940,1074,1065
297941,1019,1075
297942,993,1083
297943,992,1085
297944,1000,1078
297945,1002,1069
297946,1005,1058
297947,1011,1053
297948,1014,1051
297949,1014,1046
297950,1010,1040
297951,1005,1038
297952,1000,1040
297953,1004,1040
297954,1006,1040
297955,1006,1039
297956,1004,1035
297957,1000,1033
297958,998,1033
297959,999,1035
297960,1001,1035
297961,1003,1034
297962,996,1032
297963,993,1031
297964,992,1031
297965,994,1033
297966,997,1035
297967,1000,1035
297968,999,1036
297969,993,1033
297970,991,1032
297971,991,1035
297972,994,1032
297973,996,1033
297974,996,1030
297975,995,1032
297976,992,1031
297977,993,1033
297978,997,1034
297979,1002,1033
297980,1001,1030
297981,999,1030
297982,995,1029
297983,996,1030
297984,998,1033
297985,999,1033
297986,1000,1031
297987,998,1029
297988,998,1029
297989,996,1032
297990,1000,1032
297991,1002,1030
297992,1000,1025
297993,997,1024
297994,993,1023
297995,995,1026
297996,1002,1029
297997,1007,1025
297998,1004,1022
297999,1005,1019
298000,1001,1018
298001,1007,1022
298002,1012,1022
298003,1017,1017
298004,1014,1013
298005,1013,1010
298006,1014,1010
298007,1013,1013
298008,1020,1016
298009,1025,1013
298010,1026,1010
298011,1027,1002
298012,1023,1001
298013,1023,1006
298014,1030,1007
298015,1034,1005
298016,1032,1003
298017,1031,999
298018,1029,997
298019,1033,997
298020,1036,999
298021,1039,995
298022,1036,989
298023,1032,984
298024,1033,986
298025,1033,984
298026,1036,986
298027,1037,983
298028,1038,981
298029,1035,982
298030,1037,979
298031,1039,981
298032,1041,984
298033,1040,984
298034,1036,984
298035,1031,982
298036,1031,983
298037,1032,988
298038,1033,990
298039,1032,990
298040,1033,991
298041,1031,989
298042,1031,994
298043,1033,999
298044,1032,1002
298045,1032,1003
298046,1028,1002
298047,1025,1002
298048,1021,1007
298049,1021,1011
298050,1022,1016
298051,1020,1017
298052,1017,1016
298053,1013,1016
298054,1009,1018
298055,1007,1021
298056,1011,1024
298057,1013,1028
298058,1012,1030
298059,1006,1030
298060,1005,1030
298061,1010,1035
298062,1014,1036
298063,1009,1040
298064,1011,1040
298065,1008,1040
298066,1008,1041
298067,1005,1044
298068,1010,1047
298069,1012,1047
298070,1007,1045
298071,1004,1042
298072,1002,1041
298073,1004,1047
298074,1006,1046
298075,1009,1044
298076,1007,1041
298077,1003,1038
298078,999,1038
298079,998,1037
298080,1001,1039
298081,1008,1037
298082,1006,1035
298083,1003,1033
298084,1002,1031
298085,1001,1033
298086,1005,1036
298087,1006,1036
298088,1003,1031
298089,1002,1029
298090,1002,1030
298091,1001,1033
298092,1005,1036
298093,1003,1034
298094,1001,1033
298095,998,1030
298096,1000,1029
298097,998,1033
298098,1000,1034
298099,1005,1032
298100,1007,1032
298101,1002,1029
298102,1000,1031
298103,1000,1031
298104,1001,1030
298105,1005,1030
298106,1004,1029
298107,1003,1028
298108,1004,1028
298109,1006,1034
298110,1010,1036
298111,1012,1035
298112,1009,1028
298113,1004,1031
298114,1003,1033
298115,1002,1036
298116,1006,1037
298117,1007,1037
298118,1003,1033
298119,1001,1032
298120,1000,1032
298121,1002,1035
298122,1003,1035
298123,1002,1034
298124,999,1028
298125,994,1027
298126,994,1028
298127,992,1033
298128,997,1034
298129,999,1032
298130,996,1033
298131,997,1029
298132,995,1031
298133,998,1031
298134,1001,1031
298135,1003,1031
298136,998,1029
298137,994,1029
298138,996,1029
298139,997,1030
298140,1000,1032
298141,1003,1028
298142,998,1027
298143,993,1027
298144,992,1026
298145,994,1031
298146,999,1034
298147,1002,1034
298148,1002,1029
298149,995,1027
298150,994,1028
298151,995,1029
298152,998,1034
298153,998,1034
298154,996,1030
298155,992,1027
298156,993,1030
298157,991,1033
298158,994,1035
298159,997,1035
298160,995,1032
298161,993,1032
298162,988,1033
298163,989,1038
298164,993,1042
298165,994,1040
298166,992,1041
298167,987,1038
298168,987,1038
298169,996,1041
298170,1000,1044
298171,997,1043
298172,996,1042
298173,993,1041
298174,988,1039
298175,992,1038
298176,996,1041
298177,1000,1039
298178,1000,1037
298179,994,1036
298180,990,1034
298181,993,1035
298182,996,1036
298183,997,1036
298184,999,1033
298185,996,1030
298186,993,1030
298187,997,1033
298188,997,1034
298189,1002,1034
298190,999,1032
298191,995,1029
298192,996,1030
298193,997,1031
298194,999,1035
298195,1003,1035
298196,999,1030
298197,995,1030
298198,994,1032
298199,998,1034
298200,1000,1037
298201,1003,1034
298202,999,1031
298203,992,1031
298204,988,1032
298205,994,1036
298206,997,1037
298207,998,1036
298208,996,1034
298209,992,1032
298210,992,1033
298211,994,1034
298212,994,1037
298213,993,1037
298214,992,1036
298215,987,1034
298216,988,1035
298217,987,1039
298218,990,1042
298219,991,1042
298220,988,1043
298221,989,1039
298222,985,1041
298223,985,1040
298224,986,1043
298225,990,1044
298226,988,1039
298227,985,1035
298228,984,1035
298229,984,1038
298230,986,1043
298231,991,1041
298232,990,1035
298233,987,1034
298234,986,1033
298235,987,1035
298236,989,1039
298237,993,1039
298238,989,1035
298239,987,1034
298240,983,1032
298241,991,1036
298242,995,1037
298243,996,1038
298244,999,1036
298245,993,1035
298246,987,1036
298247,989,1040
298248,990,1037
298249,992,1038
298250,990,1037
298251,987,1033
298252,987,1034
298253,988,1035
298254,993,1038
298255,994,1037
298256,991,1039
298257,990,1034
298258,988,1036
298259,987,1041
298260,988,1041
298261,997,1040
298262,995,1034
298263,995,1031
298264,990,1036
298265,991,1038
298266,994,1041
298267,995,1043
298268,992,1039
298269,988,1038
298270,987,1038
298271,988,1042
298272,992,1044
298273,996,1046
298274,996,1042
298275,988,1039
298276,984,1037
298277,985,1042
298278,988,1044
298279,992,1043
298280,991,1037
298281,990,1037
298282,989,1036
298283,989,1039
298284,994,1041
298285,994,1039
298286,991,1038
298287,989,1037
298288,988,1037
298289,991,1040
298290,996,1042
298291,997,1042
298292,997,1039
298293,995,1034
298294,993,1036
298295,993,1039
298296,997,1040
298297,993,1040
298298,995,1036
298299,993,1035
298300,990,1035
298301,991,1038
298302,996,1039
298303,997,1039
298304,996,1037
298305,991,1033
298306,985,1036
298307,986,1036
298308,990,1040
298309,992,1036
298310,989,1031
298311,987,1032
298312,985,1035
298313,986,1036
298314,988,1038
298315,989,1038
298316,986,1036
298317,987,1035
298318,986,1032
298319,986,1035
298320,990,1036
298321,990,1034
298322,987,1036
298323,985,1031
298324,981,1032
298325,983,1031
298326,984,1034
298327,987,1031
298328,986,1029
298329,986,1029
298330,982,1029
298331,985,1029
298332,988,1033
298333,990,1034
298334,986,1029
298335,986,1027
298336,985,1028
298337,986,1031
298338,988,1033
298339,990,1035
298340,989,1031
298341,988,1029
298342,988,1030
298343,991,1032
298344,990,1035
298345,992,1033
298346,989,1031
298347,983,1030
298348,981,1030
298349,986,1033
298350,990,1033
298351,989,1033
298352,987,1029
298353,987,1028
298354,984,1029
298355,988,1034
298356,989,1035
298357,992,1035
298358,991,1034
298359,986,1032
298360,987,1032
298361,987,1033
298362,991,1037
298363,992,1035
298364,992,1032
298365,993,1031
298366,990,1032
298367,991,1034
298368,994,1034
298369,992,1034
298370,992,1031
298371,988,1029
298372,985,1030
298373,986,1033
298374,990,1038
298375,991,1038
298376,988,1032
298377,986,1030
298378,987,1028
298379,991,1033
298380,993,1035
298381,995,1032
298382,996,1031
298383,995,1029
298384,1000,1031
298385,1012,1034
298386,1030,1035
298387,1048,1032
298388,1066,1026
298389,1092,1018
298390,1126,1008
298391,1165,999
298392,1209,990
298393,1252,990
298394,1290,993
298395,1318,1004
298396,1328,1024
298397,1312,1043
298398,1275,1047
298399,1214,1042
298400,1149,1034
298401,1090,1033
298402,1029,1037
298403,991,1045
298404,975,1047
298405,979,1042
298406,988,1035
298407,994,1025
298408,994,1020
298409,989,1024
298410,989,1023
298411,989,1024
298412,985,1022
298413,979,1020
298414,973,1020
298415,967,1024
298416,972,1026
298417,971,1024
298418,968,1021
298419,967,1020
298420,968,1020
298421,969,1025
298422,970,1029
298423,972,1030
298424,970,1026
298425,962,1027
298426,963,1029
298427,963,1031
298428,967,1034
298429,966,1033
298430,964,1034
298431,959,1031
298432,959,1037
298433,959,1042
298434,958,1044
298435,963,1045
298436,968,1043
298437,963,1041
298438,964,1042
298439,967,1048
298440,972,1051
298441,973,1051
298442,972,1053
298443,969,1048
298444,970,1048
298445,972,1045
298446,974,1034
298447,975,1023
298448,974,1016
298449,973,1015
298450,974,1021
298451,975,1024
298452,976,1026
298453,978,1023
298454,979,1022
298455,979,1020
298456,980,1020
298457,982,1022
298458,986,1025
298459,986,1025
298460,982,1021
298461,984,1017
298462,983,1018
298463,982,1021
298464,987,1022
298465,990,1017
298466,991,1016
298467,988,1012
298468,992,1013
298469,994,1015
298470,996,1015
298471,997,1012
298472,997,1008
298473,998,1004
298474,999,1001
298475,1001,1002
298476,1003,1004
298477,1005,1001
298478,1006,998
298479,1007,992
298480,1006,993
298481,1003,998
298482,1006,1000
298483,1007,1001
298484,1004,1001
298485,1006,1001
298486,1007,1004
298487,1014,1002
298488,1019,1006
298489,1020,1006
298490,1018,1006
298491,1014,1010
298492,1011,1016
298493,1017,1019
298494,1020,1017
298495,1020,1004
298496,1020,992
298497,1019,984
298498,1018,983
298499,1020,988
298500,1023,993
298501,1020,996
298502,1016,998
298503,1011,999
298504,1007,1002
298505,1008,1007
298506,1011,1014
298507,1008,1013
298508,1003,1015
298509,999,1015
298510,994,1014
298511,993,1020
298512,997,1026
298513,995,1025
298514,990,1024
298515,988,1023
298516,989,1023
298517,989,1025
298518,988,1027
298519,988,1029
298520,984,1026
298521,980,1026
298522,976,1027
298523,976,1030
298524,981,1032
298525,982,1032
298526,978,1030
298527,976,1029
298528,976,1032
298529,977,1037
298530,976,1041
298531,981,1041
298532,981,1039
298533,976,1037
298534,974,1038
298535,978,1040
298536,981,1041
298537,986,1039
298538,983,1038
298539,981,1036
298540,984,1040
298541,986,1042
298542,988,1045
298543,988,1040
298544,987,1038
298545,986,1039
298546,987,1038
298547,986,1042
298548,989,1044
298549,990,1044
298550,989,1041
298551,987,1039
298552,986,1046
298553,984,1050
298554,987,1052
298555,989,1048
298556,990,1045
298557,991,1040
298558,990,1037
298559,993,1038
298560,992,1037
298561,988,1040
298562,983,1047
298563,984,1051
298564,984,1055
298565,987,1054
298566,989,1046
298567,992,1033
298568,987,1018
298569,986,1007
298570,981,1005
298571,984,1007
298572,989,1011
298573,987,1011
298574,987,1013
298575,986,1016
298576,984,1019
298577,984,1024
298578,988,1030
298579,987,1026
298580,987,1027
298581,986,1027
298582,985,1028
298583,985,1032
298584,985,1035
298585,989,1036
298586,989,1033
298587,984,1030
298588,986,1030
298589,982,1034
298590,987,1037
298591,987,1033
298592,984,1032
298593,983,1031
298594,982,1032
298595,984,1035
298596,986,1037
298597,988,1036
298598,987,1032
298599,981,1032
298600,983,1033
298601,984,1037
298602,987,1039
298603,986,1037
298604,984,1034
298605,982,1032
298606,980,1035
298607,984,1037
298608,986,1038
298609,986,1037
298610,984,1038
298611,981,1037
298612,979,1039
298613,981,1041
298614,982,1044
298615,982,1042
298616,981,1037
298617,980,1035
298618,981,1035
298619,984,1035
298620,985,1038
298621,988,1037
298622,986,1034
298623,985,1030
298624,983,1033
298625,980,1032
298626,984,1036
298627,985,1037
298628,983,1033
298629,981,1035
298630,979,1037
298631,981,1039
298632,983,1044
298633,983,1042
298634,983,1039
298635,979,1039
298636,977,1039
298637,978,1041
298638,983,1041
298639,985,1034
298640,986,1029
298641,984,1028
298642,984,1030
298643,982,1033
298644,984,1034
298645,987,1034
298646,985,1034
298647,984,1034
298648,981,1036
298649,986,1042
298650,986,1044
298651,989,1040
298652,989,1039
298653,984,1037
298654,985,1039
298655,984,1040
298656,988,1042
298657,987,1042
298658,985,1041
298659,983,1040
298660,978,1041
298661,981,1045
298662,981,1050
298663,984,1050
298664,982,1052
298665,980,1054
298666,977,1050
298667,981,1051
298668,985,1045
298669,991,1036
298670,989,1032
298671,987,1028
298672,983,1030
298673,980,1031
298674,982,1032
298675,982,1033
298676,982,1033
298677,979,1029
298678,979,1031
298679,981,1031
298680,984,1035
298681,986,1032
298682,985,1030
298683,979,1031
298684,979,1032
298685,979,1041
298686,984,1044
298687,986,1039
298688,986,1035
298689,985,1028
298690,985,1029
298691,987,1030
298692,988,1031
298693,989,1030
298694,988,1028
298695,985,1026
298696,984,1026
298697,985,1031
298698,986,1029
298699,988,1029
298700,986,1029
298701,985,1026
298702,980,1029
298703,981,1032
298704,986,1037
298705,987,1038
298706,986,1036
298707,984,1031
298708,987,1034
298709,985,1034
298710,991,1036
298711,991,1037
298712,988,1034
298713,983,1034
298714,980,1034
298715,978,1039
298716,982,1045
298717,985,1043
298718,985,1041
298719,985,1039
298720,981,1046
298721,985,1049
298722,984,1050
298723,989,1046
298724,986,1039
298725,984,1038
298726,985,1037
298727,986,1039
298728,989,1042
298729,991,1037
298730,988,1034
298731,987,1036
298732,986,1035
298733,986,1040
298734,992,1039
298735,990,1038
298736,989,1036
298737,988,1029
298738,990,1025
298739,994,1025
298740,1000,1023
298741,1009,1020
298742,1020,1017
298743,1030,1013
298744,1050,1012
298745,1075,1012
298746,1107,1010
298747,1144,1001
298748,1181,987
298749,1223,983
298750,1261,985
298751,1298,994
298752,1321,1014
298753,1316,1030
298754,1281,1041
298755,1222,1046
298756,1159,1048
298757,1099,1056
298758,1046,1066
298759,1000,1071
298760,967,1069
298761,962,1065
298762,967,1060
298763,979,1052
298764,990,1048
298765,990,1040
298766,984,1040
298767,977,1038
298768,972,1039
298769,971,1040
298770,969,1042
298771,970,1041
298772,962,1038
298773,960,1041
298774,958,1041
298775,960,1048
298776,961,1049
298777,961,1049
298778,959,1045
298779,958,1043
298780,957,1046
298781,958,1049
298782,963,1050
298783,966,1049
298784,966,1046
298785,965,1043
298786,962,1041
298787,963,1043
298788,965,1043
298789,965,1041
298790,960,1033
298791,960,1027
298792,963,1026
298793,964,1025
298794,970,1027
298795,969,1029
298796,966,1025
298797,963,1025
298798,962,1025
298799,964,1026
298800,964,1028
298801,968,1028
298802,964,1025
298803,964,1023
298804,963,1028
298805,965,1026
298806,968,1025
298807,971,1023
298808,971,1019
298809,964,1017
298810,964,1016
298811,965,1020
298812,969,1021
298813,969,1020
298814,968,1017
298815,964,1015
298816,968,1017
298817,970,1019
298818,974,1017
298819,974,1017
298820,976,1013
298821,972,1009
298822,975,1011
298823,981,1013
298824,987,1014
298825,989,1010
298826,987,1008
298827,987,1006
298828,993,1008
298829,994,1012
298830,997,1016
298831,1002,1017
298832,1003,1017
298833,1003,1012
298834,1004,1015
298835,1007,1014
298836,1013,1014
298837,1015,1009
298838,1013,1004
298839,1012,1000
298840,1010,998
298841,1015,997
298842,1017,997
298843,1019,993
298844,1013,989
298845,1013,987
298846,1010,985
298847,1013,986
298848,1016,990
298849,1019,990
298850,1014,988
298851,1011,985
298852,1008,987
298853,1011,989
298854,1012,991
298855,1015,991
298856,1014,988
298857,1008,989
298858,1005,993
298859,1007,997
298860,1009,1001
298861,1003,1001
298862,1002,1005
298863,996,1003
298864,994,1005
298865,993,1010
298866,993,1014
298867,994,1017
298868,990,1018
298869,984,1020
298870,980,1024
298871,980,1030
298872,982,1034
298873,980,1035
298874,977,1029
298875,974,1027
298876,973,1023
298877,976,1027
298878,978,1029
298879,977,1029
298880,975,1029
298881,970,1028
298882,969,1029
298883,971,1033
298884,971,1037
298885,970,1039
298886,969,1036
298887,970,1037
298888,967,1038
298889,972,1039
298890,975,1045
298891,977,1045
298892,976,1044
298893,974,1044
298894,973,1044
298895,975,1045
298896,979,1049
298897,980,1049
298898,979,1045
298899,974,1043
298900,970,1045
298901,971,1046
298902,974,1049
298903,974,1048
298904,972,1049
298905,972,1048
298906,974,1045
298907,975,1048
298908,980,1049
298909,979,1050
298910,979,1048
298911,974,1046
298912,977,1044
298913,981,1038
298914,983,1032
298915,987,1025
298916,985,1019
298917,978,1018
298918,979,1020
298919,979,1024
298920,982,1028
298921,983,1028
298922,978,1029
298923,977,1028
298924,980,1028
298925,979,1029
298926,983,1028
298927,982,1025
298928,980,1024
298929,975,1022
298930,974,1025
298931,975,1029
298932,976,1033
298933,977,1035
298934,976,1035
298935,977,1032
298936,975,1032
298937,976,1033
298938,980,1034
298939,979,1034
298940,976,1030
298941,975,1031
298942,973,1033
298943,978,1035
298944,983,1036
298945,982,1034
298946,982,1031
298947,983,1027
298948,980,1029
298949,980,1032
298950,982,1033
298951,985,1031
298952,983,1029
298953,981,1030
298954,981,1033
298955,982,1039
298956,983,1043
298957,984,1046
298958,982,1045
298959,980,1038
298960,980,1028
298961,986,1021
298962,997,1019
298963,1009,1017
298964,1019,1013
298965,1035,1014
298966,1059,1012
298967,1090,1010
298968,1129,1009
298969,1173,1004
298970,1219,998
298971,1261,1000
298972,1298,1015
298973,1316,1036
298974,1311,1056
298975,1270,1066
298976,1206,1060
298977,1130,1061
298978,1055,1072
298979,987,1082
298980,944,1093
298981,935,1093
298982,946,1082
298983,958,1068
298984,965,1056
298985,970,1052
298986,974,1049
298987,973,1046
298988,969,1041
298989,962,1040
298990,961,1042
298991,960,1043
298992,958,1044
298993,962,1043
298994,961,1040
298995,954,1036
298996,956,1033
298997,955,1039
298998,959,1042
298999,962,1041
299000,959,1043
299001,956,1039
299002,958,1034
299003,959,1032
299004,960,1032
299005,960,1029
299006,960,1027
299007,956,1024
299008,954,1027
299009,954,1028
299010,954,1033
299011,953,1033
299012,956,1030
299013,952,1029
299014,950,1029
299015,952,1029
299016,954,1027
299017,953,1026
299018,952,1023
299019,950,1022
299020,953,1023
299021,954,1028
299022,958,1029
299023,957,1029
299024,962,1024
299025,961,1020
299026,958,1018
299027,958,1018
299028,964,1022
299029,963,1019
299030,964,1018
299031,962,1014
299032,960,1016
299033,964,1020
299034,969,1022
299035,966,1023
299036,962,1018
299037,961,1012
299038,964,1013
299039,968,1013
299040,972,1012
299041,979,1011
299042,977,1006
299043,979,1000
299044,983,1000
299045,986,1001
299046,989,995
299047,990,995
299048,988,991
299049,988,990
299050,988,991
299051,993,994
299052,1000,989
299053,1005,984
299054,1003,979
299055,1002,974
299056,1002,972
299057,1001,974
299058,1004,972
299059,1005,971
299060,998,969
299061,998,967
299062,998,973
299063,999,975
299064,1006,977
299065,1009,977
299066,1008,973
299067,1002,972
299068,1005,975
299069,1003,978
299070,1004,983
299071,1005,985
299072,1003,986
299073,1000,987
299074,998,991
299075,997,999
299076,1001,1006
299077,999,1006
299078,996,1007
299079,993,1008
299080,988,1014
299081,987,1018
299082,989,1025
299083,989,1027
299084,991,1027
299085,984,1028
299086,979,1033
299087,979,1040
299088,978,1043
299089,980,1040
299090,977,1035
299091,971,1033
299092,972,1036
299093,975,1041
299094,976,1044
299095,975,1045
299096,970,1043
299097,967,1043
299098,965,1043
299099,967,1045
299100,972,1052
299101,971,1049
299102,970,1044
299103,967,1031
299104,967,1024
299105,969,1022
299106,969,1026
299107,971,1027
299108,968,1028
299109,964,1030
299110,963,1034
299111,968,1037
299112,973,1040
299113,972,1038
299114,970,1035
299115,969,1031
299116,965,1030
299117,966,1035
299118,970,1038
299119,970,1039
299120,965,1037
299121,965,1037
299122,970,1037
299123,973,1039
299124,972,1038
299125,970,1040
299126,968,1038
299127,966,1036
299128,966,1039
299129,970,1043
299130,973,1044
299131,973,1040
299132,970,1034
299133,970,1031
299134,969,1032
299135,971,1036
299136,971,1040
299137,973,1040
299138,972,1039
299139,969,1037
299140,967,1036
299141,973,1039
299142,977,1042
299143,978,1042
299144,976,1039
299145,971,1035
299146,970,1035
299147,973,1037
299148,974,1033
299149,977,1034
299150,974,1032
299151,971,1033
299152,971,1036
299153,975,1039
299154,977,1039
299155,977,1032
299156,975,1029
299157,970,1029
299158,969,1031
299159,973,1036
299160,977,1039
299161,980,1038
299162,978,1034
299163,976,1029
299164,971,1034
299165,973,1034
299166,975,1041
299167,974,1039
299168,973,1036
299169,972,1032
299170,969,1033
299171,975,1038
299172,975,1043
299173,972,1040
299174,971,1040
299175,967,1040
299176,967,1044
299177,968,1044
299178,971,1046
299179,973,1041
299180,970,1037
299181,969,1032
299182,967,1028
299183,968,1032
299184,972,1035
299185,971,1033
299186,967,1033
299187,961,1030
299188,965,1035
299189,964,1037
299190,968,1041
299191,969,1039
299192,969,1035
299193,966,1034
299194,964,1030
299195,965,1030
299196,968,1037
299197,969,1034
299198,968,1032
299199,963,1032
299200,961,1037
299201,961,1040
299202,965,1044
299203,966,1041
299204,963,1038
299205,960,1043
299206,957,1051
299207,959,1065
299208,962,1065
299209,965,1051
299210,968,1030
299211,966,1014
299212,967,1005
299213,968,1009
299214,970,1016
299215,968,1018
299216,964,1022
299217,963,1022
299218,961,1024
299219,962,1027
299220,966,1033
299221,967,1033
299222,965,1027
299223,962,1026
299224,963,1027
299225,966,1028
299226,966,1031
299227,966,1031
299228,963,1028
299229,961,1028
299230,958,1031
299231,961,1032
299232,964,1034
299233,962,1033
299234,963,1030
299235,959,1031
299236,962,1033
299237,966,1036
299238,970,1035
299239,967,1033
299240,968,1032
299241,963,1031
299242,966,1031
299243,968,1036
299244,969,1037
299245,969,1036
299246,968,1037
299247,966,1035
299248,970,1038
299249,972,1042
299250,973,1044
299251,973,1046
299252,969,1047
299253,970,1046
299254,971,1045
299255,973,1042
299256,974,1038
299257,974,1035
299258,970,1032
299259,970,1030
299260,967,1033
299261,969,1036
299262,972,1035
299263,973,1029
299264,976,1026
299265,971,1026
299266,970,1032
299267,972,1037
299268,976,1038
299269,977,1034
299270,975,1026
299271,974,1025
299272,973,1022
299273,976,1024
299274,980,1027
299275,982,1024
299276,985,1020
299277,985,1014
299278,992,1017
299279,1007,1016
299280,1026,1019
299281,1042,1015
299282,1067,1010
299283,1091,1003
299284,1126,995
299285,1163,988
299286,1203,988
299287,1243,990
299288,1276,998
299289,1290,1011
299290,1283,1029
299291,1255,1041
299292,1210,1048
299293,1150,1049
299294,1093,1055
299295,1036,1063
299296,982,1074
299297,954,1076
299298,947,1075
299299,953,1063
299300,961,1047
299301,966,1038
299302,968,1031
299303,967,1029
299304,966,1029
299305,964,1024
299306,962,1024
299307,958,1020
299308,958,1022
299309,957,1027
299310,958,1029
299311,955,1028
299312,949,1030
299313,948,1029
299314,946,1031
299315,948,1035
299316,953,1036
299317,951,1031
299318,949,1030
299319,946,1031
299320,944,1036
299321,944,1037
299322,945,1044
299323,946,1040
299324,946,1033
299325,943,1028
299326,941,1030
299327,947,1032
299328,951,1035
299329,951,1035
299330,949,1034
299331,947,1030
299332,948,1030
299333,953,1032
299334,960,1032
299335,958,1033
299336,952,1030
299337,946,1029
299338,947,1033
299339,950,1036
299340,956,1039
299341,954,1035
299342,951,1030
299343,953,1030
299344,954,1026
299345,958,1028
299346,959,1027
299347,958,1024
299348,952,1024
299349,949,1022
299350,950,1026
299351,953,1029
299352,955,1033
299353,956,1028
299354,955,1023
299355,953,1017
299356,954,1014
299357,956,1013
299358,963,1012
299359,968,1010
299360,968,1001
299361,967,999
299362,970,998
299363,969,1000
299364,971,1001
299365,976,1000
299366,975,997
299367,977,995
299368,976,996
299369,979,996
299370,985,998
299371,981,994
299372,985,988
299373,984,988
299374,984,991
299375,985,993
299376,986,995
299377,985,994
299378,986,994
299379,985,992
299380,990,990
299381,993,987
299382,996,985
299383,999,979
299384,997,975
299385,995,977
299386,996,976
299387,1001,983
299388,1004,984
299389,1006,981
299390,1006,980
299391,1004,980
299392,1004,980
299393,1003,984
299394,1005,986
299395,1003,986
299396,1001,985
299397,997,988
299398,996,992
299399,998,996
299400,999,999
299401,997,1001
299402,993,998
299403,990,1001
299404,988,1005
299405,988,1007
299406,988,1012
299407,988,1012
299408,988,1010
299409,985,1011
299410,982,1014
299411,982,1019
299412,981,1024
299413,979,1025
299414,977,1023
299415,974,1023
299416,971,1027
299417,972,1034
299418,972,1036
299419,972,1033
299420,973,1027
299421,973,1021
299422,970,1019
299423,973,1020
299424,977,1023
299425,974,1023
299426,968,1022
299427,963,1019
299428,963,1023
299429,966,1025
299430,968,1029
299431,969,1027
299432,968,1026
299433,962,1024
299434,965,1024
299435,967,1028
299436,969,1029
299437,970,1031
299438,968,1030
299439,965,1030
299440,964,1030
299441,966,1033
299442,969,1033
299443,969,1034
299444,971,1035
299445,967,1037
299446,967,1039
299447,969,1037
299448,975,1034
299449,974,1031
299450,976,1026
299451,973,1020
299452,971,1021
299453,974,1024
299454,976,1026
299455,975,1027
299456,976,1025
299457,974,1025
299458,975,1027
299459,977,1028
299460,980,1025
299461,979,1022
299462,980,1020
299463,977,1020
299464,977,1021
299465,982,1024
299466,985,1024
299467,985,1023
299468,986,1022
299469,989,1023
299470,992,1025
299471,996,1029
299472,997,1036
299473,997,1039
299474,997,1044
299475,1000,1048
299476,1008,1053
299477,1022,1051
299478,1035,1039
299479,1045,1023
299480,1054,1008
299481,1060,992
299482,1073,981
299483,1088,970
299484,1104,956
299485,1118,935
299486,1132,917
299487,1145,901
299488,1158,885
299489,1171,875
299490,1184,865
299491,1192,850
299492,1203,834
299493,1210,823
299494,1216,816
299495,1220,818
299496,1223,823
299497,1225,825
299498,1226,826
299499,1220,830
299500,1211,833
299501,1208,835
299502,1200,841
299503,1191,846
299504,1179,844
299505,1159,850
299506,1139,864
299507,1120,878
299508,1113,889
299509,1108,899
299510,1102,909
299511,1089,919
299512,1080,928
299513,1077,938
299514,1073,947
299515,1073,952
299516,1070,956
299517,1070,963
299518,1074,971
299519,1080,984
299520,1093,991
299521,1100,991
299522,1092,988
299523,1062,989
299524,1022,992
299525,981,999
299526,956,1011
299527,939,1022
299528,928,1032
299529,924,1041
299530,919,1054
299531,920,1061
299532,920,1068
299533,917,1068
299534,910,1069
299535,905,1069
299536,903,1074
299537,903,1077
299538,903,1079
299539,901,1083
299540,895,1079
299541,889,1080
299542,886,1082
299543,886,1086
299544,887,1086
299545,889,1086
299546,883,1085
299547,880,1084
299548,878,1088
299549,879,1090
299550,877,1094
299551,874,1095
299552,868,1100
299553,864,1105
299554,859,1109
299555,865,1114
299556,863,1109
299557,869,1102
299558,865,1098
299559,862,1095
299560,858,1099
299561,859,1106
299562,857,1113
299563,858,1119
299564,853,1118
299565,851,1122
299566,848,1127
299567,845,1133
299568,849,1140
299569,848,1138
299570,847,1137
299571,844,1134
299572,841,1138
299573,842,1143
299574,843,1147
299575,842,1147
299576,831,1148
299577,832,1148
299578,832,1153
299579,835,1161
299580,839,1165
299581,838,1165
299582,836,1165
299583,834,1166
299584,833,1165
299585,834,1167
299586,844,1167
299587,844,1164
299588,842,1162
299589,843,1159
299590,844,1161
299591,848,1166
299592,854,1166
299593,858,1165
299594,856,1165
299595,854,1167
299596,859,1164
299597,862,1166
299598,867,1160
299599,879,1150
299600,879,1144
299601,881,1138
299602,887,1137
299603,891,1138
299604,898,1140
299605,902,1136
299606,908,1128
299607,909,1119
299608,914,1115
299609,920,1113
299610,929,1103
299611,934,1087
299612,939,1077
299613,942,1070
299614,942,1068
299615,947,1069
299616,951,1069
299617,953,1069
299618,955,1064
299619,952,1059
299620,952,1057
299621,955,1060
299622,958,1058
299623,958,1056
299624,960,1051
299625,956,1048
299626,958,1045
299627,961,1049
299628,964,1047
299629,963,1044
299630,960,1043
299631,956,1040
299632,957,1042
299633,963,1044
299634,963,1045
299635,964,1045
299636,960,1047
299637,960,1048
299638,956,1052
299639,960,1053
299640,963,1054
299641,962,1053
299642,963,1048
299643,962,1041
299644,961,1034
299645,969,1031
299646,972,1030
299647,971,1032
299648,968,1033
299649,963,1033
299650,962,1037
299651,964,1041
299652,968,1042
299653,967,1041
299654,967,1040
299655,967,1038
299656,968,1037
299657,970,1035
299658,970,1034
299659,971,1032
299660,965,1029
299661,966,1026
299662,967,1031
299663,969,1033
299664,971,1033
299665,976,1034
299666,974,1031
299667,974,1031
299668,971,1033
299669,972,1036
299670,974,1038
299671,974,1036
299672,973,1033
299673,972,1030
299674,969,1032
299675,971,1037
299676,975,1039
299677,971,1039
299678,970,1040
299679,971,1040
299680,969,1044
299681,973,1038
299682,980,1037
299683,983,1026
299684,978,1017
299685,974,1016
299686,976,1017
299687,979,1020
299688,983,1024
299689,982,1026
299690,978,1024
299691,972,1029
299692,972,1030
299693,975,1031
299694,975,1032
299695,977,1027
299696,977,1023
299697,973,1024
299698,973,1028
299699,976,1030
299700,979,1036
299701,978,1034
299702,973,1032
299703,967,1027
299704,970,1032
299705,971,1035
299706,977,1041
299707,976,1035
299708,976,1029
299709,973,1026
299710,972,1029
299711,973,1035
299712,974,1038
299713,971,1035
299714,967,1038
299715,965,1034
299716,964,1039
299717,965,1042
299718,971,1042
299719,975,1035
299720,975,1027
299721,971,1019
299722,971,1018
299723,973,1023
299724,976,1030
299725,977,1030
299726,974,1027
299727,973,1023
299728,970,1025
299729,974,1030
299730,976,1033
299731,978,1031
299732,976,1030
299733,977,1028
299734,974,1029
299735,976,1030
299736,976,1034
299737,980,1034
299738,978,1032
299739,976,1033
299740,977,1034
299741,982,1037
299742,985,1039
299743,988,1038
299744,984,1035
299745,981,1032
299746,978,1030
299747,981,1031
299748,980,1037
299749,980,1031
299750,979,1035
299751,976,1034
299752,975,1039
299753,979,1048
299754,978,1049
299755,981,1046
299756,981,1039
299757,978,1034
299758,979,1032
299759,980,1029
299760,985,1026
299761,987,1017
299762,986,1011
299763,982,1010
299764,984,1015
299765,984,1017
299766,988,1021
299767,990,1020
299768,995,1016
299769,999,1011
299770,1011,1013
299771,1028,1013
299772,1051,1012
299773,1075,1008
299774,1100,1000
299775,1130,992
299776,1167,982
299777,1214,982
299778,1257,984
299779,1289,991
299780,1313,1006
299781,1317,1025
299782,1293,1043
299783,1243,1053
299784,1181,1060
299785,1111,1068
299786,1050,1077
299787,993,1082
299788,957,1084
299789,945,1084
299790,954,1080
299791,969,1070
299792,980,1059
299793,982,1046
299794,977,1046
299795,973,1052
299796,973,1055
299797,968,1053
299798,970,1042
299799,965,1029
299800,962,1023
299801,967,1018
299802,969,1016
299803,969,1014
299804,966,1011
299805,962,1014
299806,958,1017
299807,958,1021
299808,960,1024
299809,957,1026
299810,955,1022
299811,951,1025
299812,953,1026
299813,955,1029
299814,962,1034
299815,961,1032
299816,955,1029
299817,952,1028
299818,949,1032
299819,955,1034
299820,957,1034
299821,959,1035
299822,960,1030
299823,959,1032
299824,956,1035
299825,954,1034
299826,957,1038
299827,957,1034
299828,957,1031
299829,953,1030
299830,952,1030
299831,957,1031
299832,964,1035
299833,963,1035
299834,962,1033
299835,958,1034
299836,957,1031
299837,966,1030
299838,969,1026
299839,970,1025
299840,968,1023
299841,966,1026
299842,966,1027
299843,972,1034
299844,976,1037
299845,978,1032
299846,977,1020
299847,975,1011
299848,977,1011
299849,981,1012
299850,985,1011
299851,987,1009
299852,985,1002
299853,985,1001
299854,985,1002
299855,987,1003
299856,991,1005
299857,991,1001
299858,992,989
299859,990,984
299860,993,984
299861,997,985
299862,1002,987
299863,1003,984
299864,1003,982
299865,1000,982
299866,1002,985
299867,1004,986
299868,1007,988
299869,1009,982
299870,1007,978
299871,1007,975
299872,1006,977
299873,1011,980
299874,1016,982
299875,1020,979
299876,1016,982
299877,1014,982
299878,1015,989
299879,1018,990
299880,1021,992
299881,1022,987
299882,1022,984
299883,1018,983
299884,1015,986
299885,1019,992
299886,1017,997
299887,1014,1001
299888,1009,1004
299889,1005,1008
299890,1005,1011
299891,1004,1015
299892,1006,1015
299893,1002,1009
299894,995,1011
299895,994,1012
299896,991,1018
299897,990,1024
299898,993,1027
299899,991,1025
299900,990,1022
299901,985,1023
299902,984,1025
299903,987,1034
299904,988,1041
299905,983,1042
299906,978,1045
299907,974,1045
299908,975,1044
299909,976,1039
299910,980,1032
299911,983,1028
299912,982,1023
299913,977,1023
299914,974,1026
299915,975,1033
299916,975,1035
299917,974,1036
299918,975,1037
299919,968,1039
299920,969,1039
299921,974,1039
299922,976,1035
299923,976,1032
299924,972,1031
299925,969,1033
299926,968,1037
299927,967,1040
299928,972,1037
299929,975,1033
299930,973,1026
299931,973,1024
299932,974,1026
299933,975,1028
299934,978,1030
299935,978,1028
299936,973,1029
299937,967,1028
299938,967,1031
299939,970,1033
299940,972,1035
299941,977,1034
299942,977,1032
299943,974,1031
299944,973,1033
299945,976,1033
299946,976,1035
299947,973,1031
299948,973,1030
299949,969,1035
299950,969,1045
299951,972,1050
299952,974,1051
299953,977,1047
299954,974,1042
299955,973,1037
299956,972,1032
299957,972,1033
299958,973,1034
299959,974,1029
299960,971,1030
299961,968,1032
299962,970,1037
299963,975,1038
299964,982,1037
299965,976,1030
299966,972,1023
299967,967,1020
299968,966,1019
299969,968,1021
299970,968,1023
299971,970,1027
299972,966,1029
299973,964,1032
299974,968,1036
299975,972,1040
299976,974,1037
299977,974,1029
299978,972,1023
299979,968,1023
299980,970,1026
299981,971,1031
299982,976,1030
299983,974,1025
299984,972,1023
299985,970,1022
299986,971,1027
299987,972,1032
299988,972,1032
299989,971,1030
299990,963,1029
299991,962,1027
299992,965,1029
299993,965,1030
299994,969,1034
299995,968,1035
299996,965,1034
299997,962,1032
299998,961,1035
299999,964,1036
300000,968,1036
300001,966,1034
300002,966,1031
300003,963,1034
300004,962,1035
300005,966,1038
300006,970,1038
300007,976,1030
300008,981,1026
300009,989,1021
300010,1001,1025
300011,1024,1028
300012,1054,1032
300013,1093,1024
300014,1132,1010
300015,1174,993
300016,1225,991
300017,1267,1003
300018,1299,1023
300019,1303,1041
300020,1282,1047
300021,1232,1041
300022,1167,1034
300023,1105,1041
300024,1046,1051
300025,983,1064
300026,935,1069
300027,916,1072
300028,922,1071
300029,942,1066
300030,956,1057
300031,964,1046
300032,965,1036
300033,956,1032
300034,952,1032
300035,950,1034
300036,950,1037
300037,947,1038
300038,941,1033
300039,939,1031
300040,935,1035
300041,940,1038
300042,943,1041
300043,948,1041
300044,945,1038
300045,941,1038
300046,935,1036
300047,938,1040
300048,935,1041
300049,934,1041
300050,933,1044
300051,934,1048
300052,935,1051
300053,939,1058
300054,943,1056
300055,939,1047
300056,940,1035
300057,941,1027
300058,940,1028
300059,943,1033
300060,941,1035
300061,939,1035
300062,931,1031
300063,929,1032
300064,930,1034
300065,933,1036
300066,934,1037
300067,933,1036
300068,928,1035
300069,925,1031
300070,926,1035
300071,931,1036
300072,934,1038
300073,930,1033
300074,927,1031
300075,927,1031
300076,931,1032
300077,938,1035
300078,943,1034
300079,943,1031
300080,944,1025
300081,936,1021
300082,936,1024
300083,939,1026
300084,944,1030
300085,949,1027
300086,949,1019
300087,949,1013
300088,950,1013
300089,952,1014
300090,956,1019
300091,954,1018
300092,956,1014
300093,956,1011
300094,958,1011
300095,964,1014
300096,967,1013
300097,970,1009
300098,972,996
300099,973,985
300100,971,979
300101,971,981
300102,970,979
300103,970,981
300104,965,981
300105,967,981
300106,967,984
300107,973,989
300108,977,992
300109,978,991
300110,976,987
300111,975,982
300112,978,982
300113,986,985
300114,987,988
300115,986,990
300116,984,990
300117,981,990
300118,979,995
300119,989,1001
300120,989,1006
300121,987,1004
300122,983,1004
300123,982,1006
300124,975,1011
300125,973,1016
300126,974,1018
300127,974,1020
300128,971,1021
300129,967,1023
300130,963,1029
300131,964,1034
300132,962,1036
300133,963,1036
300134,961,1035
300135,958,1039
300136,957,1043
300137,958,1048
300138,962,1052
300139,963,1050
300140,953,1044
300141,950,1044
300142,948,1043
300143,954,1047
300144,959,1049
300145,958,1051
300146,952,1053
300147,949,1056
300148,948,1060
300149,950,1061
300150,950,1062
300151,952,1059
300152,952,1054
300153,954,1046
300154,953,1039
300155,953,1039
300156,956,1039
300157,956,1038
300158,949,1040
300159,947,1039
300160,951,1043
300161,954,1046
300162,957,1049
300163,956,1048
300164,955,1047
300165,952,1047
300166,954,1048
300167,957,1048
300168,958,1048
300169,961,1049
300170,959,1046
300171,958,1049
300172,960,1053
300173,961,1056
300174,964,1057
300175,960,1052
300176,956,1050
300177,955,1052
300178,956,1053
300179,958,1052
300180,959,1050
300181,964,1043
300182,965,1039
300183,960,1035
300184,962,1035
300185,963,1035
300186,965,1036
300187,964,1039
300188,957,1040
300189,957,1040
300190,957,1043
300191,959,1049
300192,961,1050
300193,958,1049
300194,961,1044
300195,960,1041
300196,961,1044
300197,963,1047
300198,964,1045
300199,962,1047
300200,953,1058
300201,948,1076
300202,948,1089
300203,957,1086
300204,961,1065
300205,966,1039
300206,966,1022
300207,964,1014
300208,963,1019
300209,961,1028
300210,960,1034
300211,959,1034
300212,955,1036
300213,952,1042
300214,955,1043
300215,955,1048
300216,956,1047
300217,956,1044
300218,957,1043
300219,955,1046
300220,951,1046
300221,953,1050
300222,956,1050
300223,961,1050
300224,959,1047
300225,957,1047
300226,951,1048
300227,955,1053
300228,960,1053
300229,962,1051
300230,960,1048
300231,961,1046
300232,962,1045
300233,973,1051
300234,990,1059
300235,1007,1063
300236,1025,1058
300237,1049,1047
300238,1080,1038
300239,1114,1039
300240,1154,1054
300241,1196,1088
300242,1240,1124
300243,1278,1146
300244,1303,1137
300245,1297,1099
300246,1268,1049
300247,1204,1009
300248,1135,997
300249,1060,1008
300250,984,1028
300251,933,1045
300252,910,1056
300253,918,1059
300254,929,1053
300255,944,1045
300256,953,1040
300257,955,1040
300258,953,1042
300259,951,1040
300260,945,1040
300261,944,1040
300262,940,1041
300263,939,1047
300264,939,1049
300265,941,1049
300266,938,1043
300267,932,1043
300268,931,1047
300269,934,1049
300270,937,1053
300271,937,1050
300272,938,1050
300273,936,1047
300274,936,1049
300275,938,1051
300276,942,1051
300277,938,1049
300278,935,1044
300279,935,1046
300280,934,1047
300281,939,1050
300282,944,1049
300283,943,1049
300284,934,1045
300285,935,1045
300286,936,1046
300287,938,1046
300288,944,1047
300289,944,1044
300290,944,1043
300291,942,1044
300292,941,1049
300293,945,1049
300294,949,1052
300295,949,1051
300296,949,1045
300297,943,1044
300298,945,1045
300299,948,1050
300300,951,1048
300301,952,1047
300302,950,1041
300303,948,1037
300304,949,1039
300305,948,1042
300306,950,1042
300307,947,1045
300308,947,1048
300309,946,1049
300310,951,1046
300311,957,1041
300312,955,1036
300313,955,1028
300314,957,1031
300315,956,1027
300316,962,1021
300317,969,1013
300318,977,1004
300319,974,1000
300320,972,999
300321,969,996
300322,974,992
300323,980,990
300324,985,983
300325,980,980
300326,976,979
300327,974,981
300328,973,986
300329,975,989
300330,980,994
300331,979,991
300332,976,989
300333,977,992
300334,977,997
300335,981,1004
300336,986,1005
300337,987,1003
300338,985,1002
300339,981,1002
300340,981,1003
300341,982,1011
300342,988,1011
300343,988,1013
300344,986,1015
300345,979,1016
300346,978,1019
300347,977,1027
300348,977,1030
300349,971,1029
300350,970,1030
300351,968,1030
300352,965,1036
300353,964,1040
300354,966,1041
300355,966,1043
300356,964,1040
300357,962,1042
300358,960,1044
300359,960,1048
300360,962,1050
300361,959,1050
300362,958,1048
300363,955,1050
300364,956,1051
300365,960,1058
300366,962,1056
300367,960,1053
300368,958,1048
300369,950,1053
300370,950,1057
300371,950,1063
300372,954,1065
300373,956,1060
300374,957,1055
300375,954,1054
300376,956,1052
300377,957,1053
300378,960,1045
300379,962,1035
300380,960,1024
300381,955,1023
300382,957,1032
300383,962,1038
300384,969,1042
300385,973,1037
300386,975,1034
300387,976,1033
300388,982,1037
300389,986,1045
300390,994,1049
300391,998,1050
300392,999,1052
300393,1003,1050
300394,1015,1053
300395,1032,1048
300396,1049,1036
300397,1060,1017
300398,1071,1000
300399,1085,986
300400,1100,971
300401,1118,961
300402,1140,947
300403,1160,929
300404,1174,906
300405,1190,883
300406,1208,865
300407,1227,854
300408,1240,841
300409,1245,829
300410,1240,821
300411,1232,820
300412,1228,830
300413,1227,834
300414,1226,839
300415,1214,835
300416,1198,828
300417,1178,826
300418,1155,830
300419,1138,838
300420,1118,845
300421,1093,857
300422,1070,868
300423,1052,880
300424,1040,894
300425,1033,913
300426,1030,933
300427,1027,944
300428,1025,957
300429,1019,967
300430,1018,976
300431,1030,985
300432,1045,991
300433,1059,992
300434,1076,996
300435,1088,998
300436,1083,1008
300437,1053,1021
300438,1009,1029
300439,959,1033
300440,925,1038
300441,909,1046
300442,904,1055
300443,901,1068
300444,900,1079
300445,896,1086
300446,890,1088
300447,880,1091
300448,880,1098
300449,878,1104
300450,880,1104
300451,879,1104
300452,875,1101
300453,871,1102
300454,869,1107
300455,868,1113
300456,868,1117
300457,864,1118
300458,859,1120
300459,857,1119
300460,856,1122
300461,857,1125
300462,859,1130
300463,855,1128
300464,852,1126
300465,847,1121
300466,846,1124
300467,850,1128
300468,847,1130
300469,841,1130
300470,837,1130
300471,833,1133
300472,833,1137
300473,834,1142
300474,834,1149
300475,830,1153
300476,827,1151
300477,827,1148
300478,827,1149
300479,829,1153
300480,834,1157
300481,836,1160
300482,835,1165
300483,831,1168
300484,828,1174
300485,829,1183
300486,837,1185
300487,834,1188
300488,836,1191
300489,837,1190
300490,836,1194
300491,837,1199
300492,844,1204
300493,846,1203
300494,847,1203
300495,850,1199
300496,855,1194
300497,860,1189
300498,871,1181
300499,874,1172
300500,877,1166
300501,876,1165
300502,881,1170
300503,889,1172
300504,895,1167
300505,900,1161
300506,900,1153
300507,902,1145
300508,906,1142
300509,913,1139
300510,919,1137
300511,921,1130
300512,925,1123
300513,925,1116
300514,923,1115
300515,922,1112
300516,930,1105
300517,931,1103
300518,932,1097
300519,931,1098
300520,933,1099
300521,936,1095
300522,944,1086
300523,944,1074
300524,937,1064
300525,937,1059
300526,939,1061
300527,939,1065
300528,941,1066
300529,939,1065
300530,937,1063
300531,933,1059
300532,938,1056
300533,941,1058
300534,940,1059
300535,938,1058
300536,934,1056
300537,931,1056
300538,935,1061
300539,939,1062
300540,948,1058
300541,946,1050
300542,944,1046
300543,938,1048
300544,941,1053
300545,941,1058
300546,945,1062
300547,943,1063
300548,938,1058
300549,942,1054
300550,946,1050
300551,948,1045
300552,951,1047
300553,943,1046
300554,942,1041
300555,942,1044
300556,942,1046
300557,941,1046
300558,941,1047
300559,942,1044
300560,945,1040
300561,943,1041
300562,944,1044
300563,942,1046
300564,948,1046
300565,945,1042
300566,941,1042
300567,944,1042
300568,943,1045
300569,948,1044
300570,951,1046
300571,950,1045
300572,948,1042
300573,946,1043
300574,944,1052
300575,947,1059
300576,951,1059
300577,953,1052
300578,949,1043
300579,947,1039
300580,948,1038
300581,952,1038
300582,952,1043
300583,953,1040
300584,953,1039
300585,951,1036
300586,953,1038
300587,953,1039
300588,957,1041
300589,957,1045
300590,954,1040
300591,953,1039
300592,953,1038
300593,954,1040
300594,957,1042
300595,954,1039
300596,950,1036
300597,949,1034
300598,948,1038
300599,949,1043
300600,950,1041
300601,949,1041
300602,946,1042
300603,944,1039
300604,944,1045
300605,945,1047
300606,950,1047
300607,951,1044
300608,950,1043
300609,949,1040
300610,947,1035
300611,949,1034
300612,950,1032
300613,951,1031
300614,947,1032
300615,946,1037
300616,946,1038
300617,949,1039
300618,948,1043
300619,951,1040
300620,947,1035
300621,946,1037
300622,945,1038
300623,949,1037
300624,950,1040
300625,952,1039
300626,947,1039
300627,950,1041
300628,948,1042
300629,949,1042
300630,954,1042
300631,955,1043
300632,955,1046
300633,952,1045
300634,954,1045
300635,958,1047
300636,960,1044
300637,959,1041
300638,953,1042
300639,951,1039
300640,948,1041
300641,951,1042
300642,953,1043
300643,949,1042
300644,947,1038
300645,944,1034
300646,941,1037
300647,945,1043
300648,951,1043
300649,949,1036
300650,947,1034
300651,944,1030
300652,946,1035
300653,946,1038
300654,952,1041
300655,953,1041
300656,950,1040
300657,948,1038
300658,950,1042
300659,955,1046
300660,955,1047
300661,952,1046
300662,948,1044
300663,945,1044
300664,949,1045
300665,950,1045
300666,955,1045
300667,953,1041
300668,953,1043
300669,952,1042
300670,953,1042
300671,955,1047
300672,960,1044
300673,960,1044
300674,955,1041
300675,954,1038
300676,955,1042
300677,960,1042
300678,963,1042
300679,961,1038
300680,961,1036
300681,960,1035
300682,960,1040
300683,963,1041
300684,963,1042
300685,962,1042
300686,960,1037
300687,958,1035
300688,958,1034
300689,963,1033
300690,970,1031
300691,982,1026
300692,993,1018
300693,1008,1016
300694,1032,1017
300695,1061,1014
300696,1098,1006
300697,1142,995
300698,1175,985
300699,1219,985
300700,1260,993
300701,1290,1014
300702,1299,1037
300703,1274,1050
300704,1218,1056
300705,1146,1055
300706,1086,1063
300707,1028,1072
300708,973,1078
300709,941,1079
300710,926,1075
300711,932,1071
300712,949,1062
300713,962,1052
300714,970,1044
300715,960,1038
300716,951,1036
300717,945,1036
300718,944,1039
300719,947,1046
300720,948,1045
300721,944,1044
300722,939,1040
300723,936,1037
300724,936,1036
300725,937,1036
300726,941,1035
300727,937,1033
300728,932,1030
300729,929,1032
300730,927,1033
300731,931,1036
300732,935,1037
300733,934,1037
300734,930,1033
300735,927,1035
300736,926,1035
300737,927,1038
300738,933,1039
300739,935,1038
300740,933,1035
300741,932,1031
300742,932,1036
300743,933,1039
300744,936,1041
300745,933,1042
300746,933,1038
300747,931,1038
300748,934,1039
300749,941,1041
300750,941,1040
300751,938,1039
300752,937,1034
300753,934,1034
300754,933,1036
300755,935,1039
300756,940,1038
300757,939,1035
300758,939,1031
300759,937,1033
300760,937,1032
300761,940,1035
300762,947,1035
300763,943,1033
300764,941,1027
300765,941,1026
300766,942,1027
300767,946,1028
300768,952,1028
300769,951,1025
300770,950,1022
300771,949,1019
300772,950,1022
300773,956,1023
300774,960,1021
300775,961,1016
300776,961,1012
300777,962,1008
300778,964,1008
300779,968,1008
300780,969,1007
300781,968,1002
300782,965,999
300783,963,997
300784,962,997
300785,968,1001
300786,971,1001
300787,973,999
300788,975,994
300789,974,993
300790,977,994
300791,984,997
300792,984,996
300793,984,993
300794,984,991
300795,985,992
300796,988,991
300797,990,995
300798,996,994
300799,996,996
300800,991,995
300801,987,995
300802,983,995
300803,986,1001
300804,989,1004
300805,989,1002
300806,990,1002
300807,982,1003
300808,978,1009
300809,979,1015
300810,984,1018
300811,980,1023
300812,975,1019
300813,971,1023
300814,972,1023
300815,975,1027
300816,975,1026
300817,973,1029
300818,967,1029
300819,963,1031
300820,963,1034
300821,965,1036
300822,966,1037
300823,964,1035
300824,962,1033
300825,959,1035
300826,958,1038
300827,963,1042
300828,964,1039
300829,960,1042
300830,957,1038
300831,950,1038
300832,953,1043
300833,956,1046
300834,960,1047
300835,959,1046
300836,956,1042
300837,952,1042
300838,953,1043
300839,955,1043
300840,961,1042
300841,963,1039
300842,960,1034
300843,956,1034
300844,954,1035
300845,956,1036
300846,962,1038
300847,962,1036
300848,959,1033
300849,958,1031
300850,959,1035
300851,960,1035
300852,965,1038
300853,965,1036
300854,961,1033
300855,955,1032
300856,951,1033
300857,951,1037
300858,956,1038
300859,961,1034
300860,960,1032
300861,952,1031
300862,947,1032
300863,951,1036
300864,958,1035
300865,961,1033
300866,958,1032
300867,956,1033
300868,958,1034
300869,961,1036
300870,966,1038
300871,965,1038
300872,960,1035
300873,955,1033
300874,954,1034
300875,956,1035
300876,959,1038
300877,957,1035
300878,953,1035
300879,949,1032
300880,949,1034
300881,951,1040
300882,952,1039
300883,948,1041
300884,947,1036
300885,945,1035
300886,947,1038
300887,948,1038
300888,949,1039
300889,948,1035
300890,944,1031
300891,946,1032
300892,946,1037
300893,947,1039
300894,949,1037
300895,949,1035
300896,948,1033
300897,946,1034
300898,946,1036
300899,949,1039
300900,952,1039
300901,952,1036
300902,949,1034
300903,943,1032
300904,940,1034
300905,942,1039
300906,944,1040
300907,949,1040
300908,943,1038
300909,940,1038
300910,943,1043
300911,945,1045
300912,952,1045
300913,950,1044
300914,945,1043
300915,946,1042
300916,949,1045
300917,955,1046
300918,958,1047
300919,958,1045
300920,952,1044
300921,942,1043
300922,944,1046
300923,946,1049
300924,951,1049
300925,953,1046
300926,950,1044
300927,945,1042
300928,943,1044
300929,945,1045
300930,952,1045
300931,951,1041
300932,945,1040
300933,938,1040
300934,939,1045
300935,944,1046
300936,951,1046
300937,949,1043
300938,947,1041
300939,941,1041
300940,941,1041
300941,948,1046
300942,953,1045
300943,957,1043
300944,955,1041
300945,949,1041
300946,945,1044
300947,950,1048
300948,951,1052
300949,952,1049
300950,952,1044
300951,948,1044
300952,944,1043
300953,945,1048
300954,947,1047
300955,948,1047
300956,947,1047
300957,946,1045
300958,949,1048
300959,954,1048
300960,964,1045
300961,968,1039
300962,975,1038
300963,985,1035
300964,1009,1036
300965,1040,1034
300966,1077,1023
300967,1113,1010
300968,1151,1000
300969,1191,1000
300970,1234,1011
300971,1271,1032
300972,1284,1054
300973,1264,1066
300974,1217,1066
300975,1152,1071
300976,1083,1076
300977,1019,1087
300978,962,1095
300979,921,1097
300980,910,1094
300981,918,1089
300982,932,1083
300983,944,1072
300984,952,1062
300985,951,1058
300986,944,1050
300987,937,1048
300988,936,1047
300989,937,1050
300990,940,1046
300991,935,1045
300992,932,1042
300993,930,1040
300994,928,1040
300995,927,1045
300996,931,1043
300997,930,1042
300998,923,1041
300999,921,1042
301000,921,1044
301001,923,1045
301002,927,1045
301003,925,1042
301004,920,1039
301005,918,1039
301006,918,1042
301007,923,1045
301008,925,1044
301009,926,1042
301010,920,1041
301011,921,1042
301012,923,1042
301013,924,1046
301014,927,1046
301015,927,1044
301016,923,1041
301017,921,1039
301018,924,1040
301019,928,1044
301020,929,1045
301021,929,1044
301022,926,1039
301023,925,1039
301024,925,1042
301025,929,1043
301026,933,1043
301027,934,1042
301028,933,1036
301029,932,1031
301030,933,1035
301031,937,1037
301032,940,1036
301033,939,1030
301034,934,1029
301035,932,1028
301036,930,1029
301037,938,1027
301038,943,1026
301039,948,1021
301040,950,1012
301041,949,1013
301042,949,1015
301043,948,1014
301044,949,1014
301045,948,1010
301046,948,1006
301047,944,1005
301048,950,1002
301049,952,1005
301050,955,1006
301051,956,1002
301052,955,997
301053,955,995
301054,955,994
301055,957,997
301056,963,998
301057,965,995
301058,963,993
301059,961,994
301060,962,995
301061,965,998
301062,968,999
301063,968,996
301064,967,996
301065,967,999
301066,967,1004
301067,970,1004
301068,975,1006
301069,977,1004
301070,975,1008
301071,970,1008
301072,968,1014
301073,970,1018
301074,972,1022
301075,969,1020
301076,965,1021
301077,967,1020
301078,960,1025
301079,966,1031
301080,968,1032
301081,965,1034
301082,960,1030
301083,957,1034
301084,957,1035
301085,959,1041
301086,961,1043
301087,961,1043
301088,961,1044
301089,958,1044
301090,953,1047
301091,955,1050
301092,958,1053
301093,955,1051
301094,951,1048
301095,951,1048
301096,951,1050
301097,954,1055
301098,956,1055
301099,951,1051
301100,947,1049
301101,944,1049
301102,945,1053
301103,949,1053
301104,952,1054
301105,953,1054
301106,948,1049
301107,951,1051
301108,955,1054
301109,963,1058
301110,973,1059
301111,978,1059
301112,980,1054
301113,980,1056
301114,987,1059
301115,995,1057
301116,1007,1056
301117,1023,1046
301118,1038,1029
301119,1048,1012
301120,1060,1003
301121,1073,991
301122,1091,979
301123,1109,964
301124,1123,949
301125,1136,932
301126,1155,915
301127,1173,899
301128,1195,879
301129,1216,859
301130,1231,843
301131,1242,831
301132,1248,824
301133,1249,824
301134,1246,824
301135,1240,822
301136,1236,820
301137,1230,817
301138,1223,821
301139,1212,821
301140,1196,826
301141,1171,829
301142,1142,834
301143,1114,844
301144,1089,857
301145,1070,873
301146,1052,887
301147,1038,900
301148,1030,914
301149,1025,928
301150,1023,943
301151,1019,954
301152,1017,963
301153,1013,972
301154,1015,978
301155,1023,986
301156,1039,997
301157,1058,1001
301158,1075,1006
301159,1076,1005
301160,1052,1006
301161,1011,1013
301162,968,1025
301163,934,1040
301164,916,1051
301165,902,1062
301166,894,1071
301167,888,1081
301168,888,1089
301169,887,1096
301170,883,1098
301171,881,1100
301172,877,1099
301173,871,1099
301174,870,1106
301175,869,1108
301176,869,1111
301177,864,1111
301178,864,1112
301179,859,1110
301180,858,1111
301181,862,1116
301182,861,1119
301183,860,1118
301184,855,1116
301185,856,1115
301186,854,1119
301187,857,1123
301188,855,1127
301189,854,1125
301190,851,1125
301191,845,1131
301192,843,1131
301193,845,1134
301194,846,1137
301195,846,1137
301196,842,1136
301197,838,1137
301198,836,1144
301199,839,1151
301200,842,1154
301201,840,1155
301202,836,1155
301203,830,1157
301204,828,1162
301205,828,1164
301206,832,1168
301207,833,1168
301208,830,1169
301209,830,1169
301210,831,1173
301211,832,1176
301212,835,1179
301213,834,1180
301214,833,1176
301215,830,1179
301216,832,1182
301217,835,1185
301218,843,1188
301219,842,1187
301220,839,1187
301221,842,1188
301222,845,1186
301223,852,1189
301224,854,1190
301225,855,1185
301226,854,1180
301227,858,1178
301228,858,1178
301229,863,1180
301230,868,1178
301231,873,1173
301232,877,1166
301233,876,1162
301234,882,1161
301235,889,1157
301236,893,1154
301237,896,1147
301238,894,1139
301239,895,1138
301240,898,1135
301241,903,1136
301242,912,1133
301243,916,1124
301244,920,1115
301245,919,1112
301246,923,1108
301247,928,1107
301248,930,1105
301249,931,1101
301250,929,1091
301251,931,1091
301252,928,1087
301253,931,1087
301254,937,1084
301255,939,1079
301256,936,1077
301257,935,1072
301258,935,1070
301259,936,1071
301260,939,1069
301261,939,1064
301262,936,1057
301263,936,1055
301264,937,1057
301265,938,1057
301266,940,1055
301267,940,1051
301268,936,1048
301269,933,1046
301270,934,1046
301271,938,1049
301272,943,1047
301273,940,1044
301274,938,1043
301275,937,1041
301276,935,1043
301277,937,1046
301278,939,1046
301279,939,1044
301280,939,1039
301281,935,1040
301282,936,1042
301283,938,1047
301284,942,1047
301285,941,1045
301286,939,1039
301287,940,1039
301288,939,1039
301289,940,1042
301290,944,1044
301291,944,1042
301292,940,1040
301293,938,1038
301294,940,1040
301295,947,1041
301296,949,1045
301297,952,1042
301298,950,1037
301299,945,1039
301300,946,1041
301301,949,1045
301302,952,1046
301303,954,1041
301304,948,1038
301305,949,1037
301306,950,1041
301307,955,1043
301308,957,1043
301309,954,1043
301310,952,1042
301311,949,1040
301312,948,1039
301313,951,1043
301314,953,1042
301315,953,1036
301316,947,1036
301317,947,1037
301318,949,1039
301319,946,1040
301320,948,1040
301321,946,1039
301322,944,1034
301323,942,1036
301324,943,1040
301325,942,1040
301326,946,1043
301327,945,1041
301328,945,1036
301329,943,1036
301330,940,1039
301331,940,1040
301332,945,1041
301333,942,1039
301334,939,1035
301335,940,1037
301336,941,1040
301337,947,1043
301338,950,1042
301339,951,1042
301340,948,1037
301341,947,1039
301342,949,1039
301343,949,1044
301344,952,1043
301345,954,1042
301346,952,1040
301347,948,1039
301348,945,1041
301349,950,1042
301350,954,1045
301351,953,1041
301352,953,1033
301353,950,1034
301354,950,1038
301355,954,1039
301356,960,1040
301357,959,1039
301358,958,1034
301359,954,1036
301360,955,1035
301361,957,1037
301362,957,1033
301363,954,1030
301364,950,1029
301365,951,1030
301366,949,1034
301367,952,1036
301368,952,1034
301369,955,1031
301370,952,1028
301371,951,1029
301372,950,1031
301373,948,1035
301374,952,1035
301375,951,1035
301376,949,1033
301377,949,1034
301378,946,1035
301379,952,1038
301380,955,1038
301381,952,1039
301382,949,1034
301383,945,1033
301384,945,1035
301385,946,1039
301386,952,1040
301387,950,1038
301388,948,1038
301389,945,1037
301390,946,1040
301391,948,1042
301392,952,1043
301393,953,1040
301394,946,1037
301395,947,1038
301396,947,1039
301397,952,1043
301398,956,1043
301399,958,1041
301400,956,1041
301401,954,1038
301402,954,1043
301403,956,1044
301404,958,1048
301405,958,1048
301406,957,1046
301407,955,1045
301408,958,1045
301409,961,1046
301410,967,1044
301411,968,1041
301412,964,1040
301413,961,1037
301414,961,1039
301415,965,1040
301416,964,1040
301417,964,1036
301418,960,1033
301419,953,1032
301420,957,1035
301421,961,1036
301422,966,1036
301423,963,1033
301424,959,1028
301425,956,1030
301426,954,1032
301427,957,1036
301428,957,1034
301429,954,1032
301430,947,1033
301431,951,1034
301432,950,1036
301433,955,1037
301434,953,1037
301435,952,1035
301436,949,1033
301437,946,1033
301438,951,1037
301439,953,1040
301440,955,1041
301441,953,1039
301442,953,1036
301443,947,1036
301444,947,1039
301445,950,1043
301446,950,1044
301447,954,1041
301448,949,1037
301449,948,1035
301450,950,1037
301451,956,1041
301452,958,1043
301453,957,1045
301454,952,1040
301455,952,1040
301456,956,1038
301457,958,1041
301458,963,1043
301459,960,1038
301460,959,1037
301461,960,1038
301462,956,1037
301463,960,1040
301464,963,1039
301465,964,1039
301466,963,1035
301467,960,1035
301468,960,1040
301469,963,1043
301470,967,1042
301471,968,1040
301472,967,1039
301473,964,1034
301474,963,1037
301475,966,1039
301476,968,1040
301477,967,1040
301478,962,1038
301479,961,1035
301480,966,1036
301481,967,1038
301482,967,1040
301483,964,1040
301484,961,1037
301485,962,1036
301486,962,1037
301487,965,1040
301488,964,1041
301489,964,1038
301490,961,1034
301491,960,1036
301492,961,1037
301493,964,1042
301494,965,1040
301495,961,1037
301496,959,1033
301497,955,1034
301498,957,1033
301499,960,1037
301500,961,1039
301501,960,1038
301502,956,1036
301503,958,1034
301504,963,1034
301505,968,1036
301506,972,1036
301507,972,1033
301508,968,1033
301509,964,1033
301510,963,1033
301511,964,1036
301512,968,1032
301513,972,1031
301514,980,1023
301515,989,1023
301516,1002,1024
301517,1019,1025
301518,1041,1020
301519,1068,1015
301520,1098,1007
301521,1128,999
301522,1165,993
301523,1202,990
301524,1239,988
301525,1273,997
301526,1289,1006
301527,1283,1025
301528,1259,1038
301529,1214,1045
301530,1161,1050
301531,1108,1055
301532,1053,1056
301533,1002,1063
301534,960,1067
301535,945,1070
301536,947,1067
301537,958,1059
301538,965,1049
301539,967,1042
301540,963,1041
301541,961,1040
301542,956,1041
301543,955,1039
301544,956,1036
301545,952,1035
301546,948,1037
301547,950,1038
301548,951,1037
301549,950,1036
301550,947,1032
301551,945,1032
301552,946,1034
301553,949,1035
301554,948,1037
301555,947,1035
301556,944,1030
301557,942,1033
301558,944,1037
301559,943,1039
301560,950,1041
301561,947,1039
301562,945,1040
301563,942,1039
301564,939,1043
301565,943,1045
301566,946,1046
301567,949,1044
301568,949,1041
301569,946,1041
301570,945,1041
301571,947,1045
301572,949,1045
301573,948,1043
301574,946,1040
301575,947,1040
301576,946,1044
301577,951,1045
301578,954,1045
301579,952,1042
301580,952,1039
301581,949,1038
301582,948,1039
301583,949,1039
301584,954,1042
301585,953,1038
301586,954,1037
301587,950,1036
301588,951,1037
301589,956,1035
301590,959,1036
301591,960,1031
301592,956,1029
301593,953,1025
301594,956,1029
301595,955,1031
301596,959,1031
301597,961,1028
301598,960,1024
301599,959,1021
301600,963,1020
301601,964,1021
301602,971,1021
301603,970,1018
301604,961,1016
301605,963,1017
301606,964,1017
301607,967,1017
301608,974,1016
301609,971,1013
301610,973,1009
301611,974,1007
301612,972,1012
301613,977,1010
301614,980,1009
301615,982,1007
301616,982,1004
301617,981,1003
301618,984,1004
301619,987,1007
301620,990,1005
301621,992,1006
301622,992,1002
301623,989,1003
301624,988,1005
301625,992,1006
301626,997,1006
301627,996,1004
301628,995,1003
301629,995,1003
301630,998,1006
301631,1002,1007
301632,1005,1005
301633,1004,1001
301634,1000,997
301635,999,999
301636,1002,1001
301637,1004,1005
301638,1007,1006
301639,1008,1005
301640,1007,1008
301641,1006,1007
301642,1006,1011
301643,1006,1015
301644,1006,1014
301645,1003,1014
301646,999,1012
301647,994,1016
301648,997,1018
301649,999,1022
301650,1001,1024
301651,995,1020
301652,994,1019
301653,991,1020
301654,990,1024
301655,990,1029
301656,992,1027
301657,987,1028
301658,982,1026
301659,980,1029
301660,977,1031
301661,979,1035
301662,978,1035
301663,978,1034
301664,976,1030
301665,971,1035
301666,973,1038
301667,976,1042
301668,980,1042
301669,978,1039
301670,975,1041
301671,970,1041
301672,971,1045
301673,976,1046
301674,978,1044
301675,976,1041
301676,976,1035
301677,975,1032
301678,976,1032
301679,980,1035
301680,981,1034
301681,978,1033
301682,978,1032
301683,976,1031
301684,974,1032
301685,978,1036
301686,984,1034
301687,984,1032
301688,981,1027
301689,979,1028
301690,980,1030
301691,982,1033
301692,982,1033
301693,984,1030
301694,984,1028
301695,981,1030
301696,984,1032
301697,986,1032
301698,987,1034
301699,987,1029
301700,984,1029
301701,982,1028
301702,984,1031
301703,983,1034
301704,982,1033
301705,984,1033
301706,984,1032
301707,982,1031
301708,981,1036
301709,983,1039
301710,982,1040
301711,982,1038
301712,982,1033
301713,981,1034
301714,983,1038
301715,981,1040
301716,978,1041
301717,974,1044
301718,975,1046
301719,973,1047
301720,975,1045
301721,976,1043
301722,979,1036
301723,977,1032
301724,976,1025
301725,974,1026
301726,980,1029
301727,980,1034
301728,983,1033
301729,981,1029
301730,979,1027
301731,977,1027
301732,979,1026
301733,982,1029
301734,983,1031
301735,982,1029
301736,979,1026
301737,979,1030
301738,978,1032
301739,984,1036
301740,982,1034
301741,976,1034
301742,975,1036
301743,972,1036
301744,971,1036
301745,976,1039
301746,977,1039
301747,978,1034
301748,975,1035
301749,972,1034
301750,973,1035
301751,976,1039
301752,976,1039
301753,977,1038
301754,973,1034
301755,973,1034
301756,975,1036
301757,977,1038
301758,980,1033
301759,983,1029
301760,988,1024
301761,997,1023
301762,1010,1022
301763,1030,1024
301764,1059,1020
301765,1089,1012
301766,1122,1004
301767,1157,996
301768,1201,996
301769,1242,1002
301770,1283,1017
301771,1297,1032
301772,1289,1049
301773,1253,1058
301774,1196,1063
301775,1135,1069
301776,1080,1076
301777,1019,1083
301778,966,1088
301779,931,1092
301780,922,1097
301781,936,1093
301782,949,1083
301783,956,1069
301784,961,1059
301785,964,1055
301786,966,1048
301787,969,1046
301788,971,1043
301789,970,1040
301790,964,1033
301791,961,1034
301792,960,1038
301793,958,1040
301794,960,1036
301795,959,1032
301796,954,1028
301797,952,1028
301798,952,1031
301799,955,1033
301800,959,1035
301801,956,1035
301802,953,1032
301803,951,1030
301804,951,1032
301805,954,1035
301806,956,1037
301807,957,1034
301808,955,1032
301809,955,1032
301810,954,1035
301811,955,1037
301812,959,1039
301813,956,1038
301814,955,1035
301815,953,1037
301816,952,1034
301817,953,1035
301818,956,1034
301819,954,1030
301820,951,1028
301821,951,1025
301822,952,1028
301823,951,1031
301824,954,1031
301825,953,1032
301826,951,1030
301827,946,1030
301828,950,1031
301829,952,1035
301830,955,1033
301831,955,1029
301832,955,1027
301833,956,1029
301834,955,1028
301835,955,1029
301836,962,1028
301837,962,1025
301838,960,1020
301839,958,1019
301840,957,1019
301841,962,1023
301842,965,1021
301843,964,1017
301844,962,1013
301845,961,1013
301846,962,1017
301847,963,1016
301848,966,1013
301849,970,1011
301850,968,1002
301851,971,994
301852,972,991
301853,976,990
301854,977,985
301855,975,983
301856,973,979
301857,975,982
301858,978,984
301859,982,980
301860,988,979
301861,987,975
301862,986,973
301863,986,973
301864,986,975
301865,984,975
301866,989,975
301867,991,974
301868,989,973
301869,985,971
301870,986,974
301871,990,981
301872,994,984
301873,994,983
301874,989,982
301875,984,984
301876,984,988
301877,986,996
301878,986,997
301879,986,998
301880,982,998
301881,981,999
301882,981,1003
301883,983,1006
301884,985,1010
301885,980,1014
301886,974,1018
301887,966,1024
301888,968,1032
301889,969,1037
301890,974,1037
301891,974,1038
301892,971,1039
301893,969,1042
301894,969,1045
301895,967,1045
301896,969,1042
301897,972,1040
301898,969,1039
301899,963,1041
301900,964,1047
301901,968,1052
301902,970,1052
301903,971,1051
301904,968,1049
301905,966,1048
301906,965,1049
301907,970,1048
301908,971,1047
301909,973,1038
301910,971,1033
301911,962,1032
301912,965,1035
301913,968,1036
301914,974,1034
301915,972,1032
301916,972,1027
301917,969,1029
301918,969,1030
301919,969,1032
301920,973,1032
301921,972,1031
301922,971,1030
301923,969,1027
301924,966,1029
301925,969,1032
301926,971,1031
301927,970,1029
301928,964,1026
301929,963,1028
301930,967,1031
301931,968,1035
301932,973,1036
301933,970,1035
301934,969,1030
301935,964,1031
301936,964,1034
301937,966,1042
301938,973,1041
301939,969,1042
301940,967,1042
301941,968,1043
301942,968,1042
301943,973,1042
301944,976,1036
301945,977,1037
301946,972,1035
301947,967,1041
301948,969,1043
301949,973,1045
301950,978,1043
301951,977,1038
301952,973,1037
301953,974,1036
301954,976,1039
301955,975,1042
301956,974,1039
301957,976,1035
301958,972,1031
301959,969,1030
301960,967,1034
301961,973,1036
301962,977,1036
301963,975,1034
301964,972,1032
301965,968,1032
301966,971,1033
301967,973,1037
301968,972,1036
301969,972,1036
301970,971,1033
301971,969,1035
301972,968,1039
301973,970,1040
301974,972,1040
301975,966,1037
301976,970,1036
301977,969,1037
301978,970,1038
301979,970,1039
301980,971,1041
301981,970,1037
301982,969,1034
301983,967,1036
301984,967,1040
301985,969,1039
301986,971,1042
301987,970,1041
301988,967,1037
301989,962,1043
301990,966,1043
301991,966,1047
301992,967,1046
301993,967,1043
301994,963,1040
301995,962,1041
301996,962,1047
301997,965,1053
301998,965,1056
301999,965,1050
302000,966,1042
302001,967,1040
302002,973,1041
302003,976,1042
302004,980,1039
302005,979,1034
302006,979,1033
302007,978,1032
302008,977,1032
302009,977,1032
302010,981,1030
302011,979,1026
302012,983,1021
302013,988,1020
302014,998,1019
302015,1016,1022
302016,1034,1016
302017,1056,1012
302018,1081,1006
302019,1109,1001
302020,1150,995
302021,1191,996
302022,1234,998
302023,1270,1007
302024,1293,1020
302025,1293,1038
302026,1274,1050
302027,1233,1056
302028,1179,1059
302029,1120,1061
302030,1055,1067
302031,994,1078
302032,950,1084
302033,938,1089
302034,947,1083
302035,959,1073
302036,968,1059
302037,969,1051
302038,973,1048
302039,972,1050
302040,967,1051
302041,964,1046
302042,961,1039
302043,954,1038
302044,955,1037
302045,955,1041
302046,960,1038
302047,957,1037
302048,954,1036
302049,948,1038
302050,948,1042
302051,952,1046
302052,954,1047
302053,954,1044
302054,949,1042
302055,950,1042
302056,953,1044
302057,957,1041
302058,959,1040
302059,959,1037
302060,953,1035
302061,949,1036
302062,950,1037
302063,956,1039
302064,960,1041
302065,956,1038
302066,954,1039
302067,953,1041
302068,952,1044
302069,957,1044
302070,959,1045
302071,959,1042
302072,956,1038
302073,951,1039
302074,949,1042
302075,951,1041
302076,956,1040
302077,958,1037
302078,958,1033
302079,956,1034
302080,956,1036
302081,959,1038
302082,959,1039
302083,958,1035
302084,956,1033
302085,955,1029
302086,957,1029
302087,961,1029
302088,966,1026
302089,967,1025
302090,966,1020
302091,963,1022
302092,963,1022
302093,970,1026
302094,976,1026
302095,975,1025
302096,973,1020
302097,972,1022
302098,975,1020
302099,976,1024
302100,981,1020
302101,981,1019
302102,983,1015
302103,979,1013
302104,979,1015
302105,982,1017
302106,987,1015
302107,987,1009
302108,986,1006
302109,985,1003
302110,987,1003
302111,990,1005
302112,994,1000
302113,992,1001
302114,988,1000
302115,985,997
302116,988,1001
302117,994,1000
302118,996,997
302119,995,996
302120,993,994
302121,994,996
302122,995,997
302123,999,1000
302124,1002,1001
302125,1004,1001
302126,1000,1000
302127,1000,1002
302128,1001,1005
302129,1005,1010
302130,1008,1014
302131,1005,1014
302132,1001,1013
302133,1002,1016
302134,1003,1018
302135,1007,1021
302136,1007,1022
302137,1005,1024
302138,994,1024
302139,992,1029
302140,994,1036
302141,994,1038
302142,998,1039
302143,997,1037
302144,990,1037
302145,986,1038
302146,988,1042
302147,989,1046
302148,991,1047
302149,990,1048
302150,985,1047
302151,982,1046
302152,984,1050
302153,985,1052
302154,982,1050
302155,982,1046
302156,978,1041
302157,979,1040
302158,976,1043
302159,984,1048
302160,984,1049
302161,984,1048
302162,981,1045
302163,977,1046
302164,978,1049
302165,982,1053
302166,984,1052
302167,984,1052
302168,982,1051
302169,982,1053
302170,986,1050
302171,991,1054
302172,991,1050
302173,992,1049
302174,990,1045
302175,989,1042
302176,989,1046
302177,996,1049
302178,1000,1048
302179,1006,1046
302180,1011,1043
302181,1012,1043
302182,1018,1044
302183,1022,1051
302184,1027,1054
302185,1029,1053
302186,1037,1049
302187,1048,1039
302188,1061,1033
302189,1078,1021
302190,1092,1009
302191,1103,993
302192,1114,982
302193,1126,969
302194,1143,958
302195,1158,948
302196,1180,930
302197,1202,907
302198,1218,881
302199,1236,864
302200,1251,852
302201,1264,844
302202,1271,831
302203,1266,827
302204,1260,826
302205,1256,825
302206,1249,827
302207,1243,829
302208,1230,828
302209,1212,827
302210,1194,831
302211,1169,837
302212,1147,848
302213,1126,860
302214,1107,868
302215,1087,877
302216,1071,887
302217,1060,902
302218,1058,920
302219,1061,940
302220,1062,949
302221,1058,961
302222,1049,963
302223,1049,973
302224,1059,985
302225,1077,994
302226,1097,997
302227,1112,998
302228,1112,997
302229,1087,1004
302230,1048,1013
302231,1001,1028
302232,967,1040
302233,949,1054
302234,937,1069
302235,931,1079
302236,931,1087
302237,931,1092
302238,929,1088
302239,921,1091
302240,917,1091
302241,909,1095
302242,911,1102
302243,909,1110
302244,909,1113
302245,908,1113
302246,902,1114
302247,898,1114
302248,901,1114
302249,903,1110
302250,902,1112
302251,900,1111
302252,894,1112
302253,891,1115
302254,895,1121
302255,896,1127
302256,895,1131
302257,892,1133
302258,888,1127
302259,882,1128
302260,884,1133
302261,885,1136
302262,884,1140
302263,882,1141
302264,880,1142
302265,877,1148
302266,876,1154
302267,876,1161
302268,873,1166
302269,873,1167
302270,872,1169
302271,868,1172
302272,870,1174
302273,869,1178
302274,868,1180
302275,870,1183
302276,869,1182
302277,869,1184
302278,870,1183
302279,876,1180
302280,880,1175
302281,879,1175
302282,879,1174
302283,881,1177
302284,879,1181
302285,885,1186
302286,888,1187
302287,887,1189
302288,888,1187
302289,887,1185
302290,894,1183
302291,898,1184
302292,903,1181
302293,901,1178
302294,904,1175
302295,908,1172
302296,913,1168
302297,920,1167
302298,926,1161
302299,928,1154
302300,933,1148
302301,936,1143
302302,939,1136
302303,945,1134
302304,951,1130
302305,953,1123
302306,953,1114
302307,952,1109
302308,957,1109
302309,962,1106
302310,966,1100
302311,966,1094
302312,966,1087
302313,967,1085
302314,966,1086
302315,968,1086
302316,967,1084
302317,969,1077
302318,967,1073
302319,962,1075
302320,963,1075
302321,969,1076
302322,974,1068
302323,978,1067
302324,972,1065
302325,967,1065
302326,967,1073
302327,968,1075
302328,976,1068
302329,976,1057
302330,978,1050
302331,977,1045
302332,977,1046
302333,980,1051
302334,983,1046
302335,981,1045
302336,980,1041
302337,981,1040
302338,982,1045
302339,986,1046
302340,985,1048
302341,981,1047
302342,978,1046
302343,978,1048
302344,976,1050
302345,980,1054
302346,985,1053
302347,984,1051
302348,985,1051
302349,981,1051
302350,980,1051
302351,981,1053
302352,984,1052
302353,980,1049
302354,980,1047
302355,978,1047
302356,977,1048
302357,982,1049
302358,988,1047
302359,988,1046
302360,983,1044
302361,977,1045
302362,980,1046
302363,982,1049
302364,985,1048
302365,986,1048
302366,983,1043
302367,982,1044
302368,984,1050
302369,988,1054
302370,991,1053
302371,986,1052
302372,987,1048
302373,986,1049
302374,988,1054
302375,993,1058
302376,992,1059
302377,992,1053
302378,990,1050
302379,988,1049
302380,988,1048
302381,996,1047
302382,998,1045
302383,995,1044
302384,991,1040
302385,988,1042
302386,989,1041
302387,990,1040
302388,990,1034
302389,992,1029
302390,990,1027
302391,987,1027
302392,990,1032
302393,991,1035
302394,995,1032
302395,993,1035
302396,991,1034
302397,986,1036
302398,982,1038
302399,986,1041
302400,987,1040
302401,989,1042
302402,986,1039
302403,986,1043
302404,983,1043
302405,987,1045
302406,988,1048
302407,988,1044
302408,982,1044
302409,979,1043
302410,979,1046
302411,981,1052
302412,984,1051
302413,984,1050
302414,980,1048
302415,981,1049
302416,982,1053
302417,984,1050
302418,987,1048
302419,987,1048
302420,985,1043
302421,982,1042
302422,984,1044
302423,985,1045
302424,987,1045
302425,989,1041
302426,984,1039
302427,982,1041
302428,981,1044
302429,984,1045
302430,990,1043
302431,990,1046
302432,989,1042
302433,989,1045
302434,990,1050
302435,991,1056
302436,988,1055
302437,990,1052
302438,989,1048
302439,988,1041
302440,989,1038
302441,991,1042
302442,993,1041
302443,992,1042
302444,989,1040
302445,989,1043
302446,990,1045
302447,988,1053
302448,989,1054
302449,990,1056
302450,985,1052
302451,983,1050
302452,989,1051
302453,993,1050
302454,997,1048
302455,994,1044
302456,990,1041
302457,988,1037
302458,990,1039
302459,990,1041
302460,995,1041
302461,994,1040
302462,993,1039
302463,994,1040
302464,999,1040
302465,1004,1043
302466,1006,1042
302467,1000,1040
302468,994,1038
302469,991,1035
302470,992,1037
302471,995,1036
302472,1007,1031
302473,1013,1027
302474,1026,1020
302475,1041,1023
302476,1066,1021
302477,1095,1020
302478,1132,1011
302479,1169,999
302480,1205,992
302481,1240,996
302482,1282,1008
302483,1309,1032
302484,1313,1055
302485,1282,1067
302486,1218,1070
302487,1146,1076
302488,1083,1088
302489,1027,1093
302490,985,1089
302491,967,1079
302492,972,1067
302493,982,1055
302494,995,1050
302495,998,1045
302496,993,1046
302497,985,1043
302498,984,1042
302499,978,1041
302500,981,1041
302501,980,1045
302502,982,1045
302503,978,1042
302504,972,1040
302505,968,1036
302506,971,1039
302507,969,1043
302508,972,1041
302509,969,1040
302510,966,1038
302511,965,1039
302512,968,1040
302513,970,1042
302514,972,1042
302515,972,1039
302516,967,1036
302517,969,1038
302518,971,1043
302519,972,1044
302520,978,1046
302521,977,1040
302522,972,1040
302523,972,1040
302524,969,1042
302525,971,1044
302526,971,1045
302527,975,1043
302528,971,1046
302529,969,1047
302530,970,1049
302531,973,1050
302532,980,1051
302533,978,1046
302534,977,1041
302535,977,1045
302536,976,1048
302537,981,1049
302538,983,1050
302539,983,1047
302540,980,1044
302541,983,1037
302542,982,1036
302543,984,1036
302544,983,1034
302545,983,1031
302546,982,1031
302547,982,1026
302548,985,1027
302549,989,1027
302550,988,1028
302551,990,1023
302552,987,1019
302553,986,1019
302554,989,1020
302555,994,1022
302556,993,1021
302557,995,1019
302558,995,1013
302559,997,1008
302560,997,1009
302561,1002,1003
302562,1007,1002
302563,1003,999
302564,1001,995
302565,1000,997
302566,1003,997
302567,1007,1001
302568,1011,1005
302569,1010,1004
302570,1010,999
302571,1007,999
302572,1009,998
302573,1018,1000
302574,1019,1002
302575,1021,999
302576,1019,999
302577,1021,1002
302578,1026,1005
302579,1029,1007
302580,1031,1009
302581,1027,1008
302582,1028,1006
302583,1025,1008
302584,1025,1012
302585,1026,1018
302586,1028,1021
302587,1027,1021
302588,1024,1021
302589,1020,1022
302590,1019,1026
302591,1020,1032
302592,1018,1034
302593,1013,1035
302594,1010,1034
302595,1006,1037
302596,1008,1037
302597,1009,1038
302598,1009,1043
302599,1003,1044
302600,996,1040
302601,993,1035
302602,995,1035
302603,997,1037
302604,997,1037
302605,995,1037
302606,995,1034
302607,992,1035
302608,991,1039
302609,989,1042
302610,990,1043
302611,990,1040
302612,986,1037
302613,987,1039
302614,987,1040
302615,989,1044
302616,992,1045
302617,990,1042
302618,987,1040
302619,990,1041
302620,991,1042
302621,993,1048
302622,996,1047
302623,997,1046
302624,993,1043
302625,989,1043
302626,995,1043
302627,998,1043
302628,997,1043
302629,996,1040
302630,990,1041
302631,992,1042
302632,993,1042
302633,997,1046
302634,1001,1043
302635,1000,1040
302636,997,1035
302637,994,1034
302638,994,1037
302639,997,1039
302640,1002,1038
302641,998,1037
302642,996,1034
302643,994,1035
302644,993,1034
302645,994,1036
302646,993,1036
302647,988,1037
302648,988,1036
302649,984,1043
302650,986,1048
302651,990,1051
302652,993,1051
302653,991,1049
302654,992,1047
302655,990,1046
302656,989,1043
302657,986,1043
302658,986,1040
302659,987,1037
302660,983,1029
302661,982,1023
302662,981,1021
302663,984,1023
302664,988,1024
302665,986,1022
302666,983,1023
302667,981,1028
302668,981,1032
302669,986,1035
302670,987,1035
302671,988,1035
302672,985,1036
302673,985,1036
302674,987,1038
302675,990,1043
302676,993,1043
302677,991,1040
302678,991,1036
302679,986,1037
302680,987,1041
302681,992,1043
302682,992,1043
302683,994,1039
302684,989,1037
302685,990,1038
302686,990,1041
302687,994,1037
302688,993,1032
302689,997,1025
302690,998,1021
302691,1001,1019
302692,1013,1019
302693,1029,1022
302694,1048,1021
302695,1072,1015
302696,1101,1006
302697,1133,998
302698,1172,993
302699,1207,998
302700,1253,1005
302701,1288,1016
302702,1308,1036
302703,1303,1049
302704,1276,1056
302705,1221,1059
302706,1156,1061
302707,1082,1071
302708,1011,1077
302709,960,1084
302710,937,1091
302711,945,1087
302712,963,1080
302713,973,1072
302714,978,1064
302715,976,1055
302716,973,1046
302717,977,1040
302718,977,1037
302719,975,1036
302720,967,1039
302721,963,1045
302722,962,1056
302723,964,1063
302724,966,1062
302725,967,1054
302726,966,1041
302727,965,1033
302728,965,1030
302729,967,1031
302730,969,1030
302731,969,1027
302732,967,1028
302733,966,1026
302734,969,1030
302735,976,1032
302736,973,1030
302737,970,1028
302738,965,1028
302739,958,1030
302740,956,1032
302741,959,1035
302742,963,1037
302743,965,1036
302744,963,1034
302745,962,1033
302746,963,1035
302747,964,1039
302748,965,1038
302749,968,1035
302750,963,1033
302751,963,1033
302752,961,1033
302753,964,1038
302754,965,1036
302755,965,1034
302756,960,1031
302757,961,1032
302758,964,1035
302759,964,1037
302760,967,1036
302761,967,1033
302762,968,1028
302763,965,1027
302764,966,1028
302765,967,1029
302766,970,1028
302767,972,1024
302768,968,1019
302769,965,1014
302770,971,1014
302771,975,1016
302772,978,1012
302773,978,1008
302774,973,1003
302775,975,999
302776,976,998
302777,978,999
302778,986,996
302779,984,992
302780,982,988
302781,981,986
302782,982,988
302783,986,991
302784,989,989
302785,989,987
302786,987,985
302787,986,983
302788,988,986
302789,992,986
302790,999,986
302791,997,986
302792,998,983
302793,993,984
302794,995,987
302795,996,991
302796,995,992
302797,996,994
302798,992,993
302799,995,997
302800,997,997
302801,1000,1004
302802,1001,1005
302803,1003,1009
302804,998,1006
302805,996,1012
302806,996,1018
302807,997,1023
302808,995,1024
302809,992,1024
302810,989,1028
302811,984,1030
302812,985,1038
302813,986,1045
302814,985,1048
302815,981,1047
302816,973,1050
302817,975,1052
302818,978,1054
302819,981,1054
302820,981,1054
302821,979,1046
302822,973,1043
302823,971,1037
302824,974,1036
302825,977,1037
302826,978,1036
302827,976,1033
302828,970,1032
302829,972,1036
302830,973,1039
302831,980,1042
302832,984,1041
302833,980,1041
302834,978,1041
302835,976,1042
302836,978,1044
302837,978,1047
302838,979,1048
302839,978,1045
302840,976,1044
302841,978,1045
302842,977,1046
302843,983,1051
302844,987,1050
302845,985,1047
302846,985,1043
302847,984,1045
302848,982,1048
302849,982,1053
302850,988,1048
302851,989,1045
302852,987,1041
302853,983,1042
302854,985,1043
302855,987,1045
302856,987,1043
302857,985,1042
302858,985,1037
302859,986,1037
302860,986,1038
302861,988,1042
302862,988,1044
302863,980,1046
302864,981,1048
302865,981,1055
302866,983,1064
302867,982,1074
302868,985,1073
302869,983,1061
302870,981,1044
302871,983,1033
302872,988,1024
302873,990,1024
302874,991,1027
302875,989,1034
302876,985,1037
302877,982,1035
302878,986,1032
302879,985,1031
302880,988,1027
302881,990,1027
302882,985,1027
302883,983,1030
302884,982,1036
302885,980,1042
302886,986,1044
302887,982,1045
302888,982,1041
302889,978,1045
302890,979,1048
302891,984,1051
302892,987,1053
302893,984,1049
302894,983,1044
302895,985,1046
302896,985,1048
302897,984,1051
302898,985,1050
302899,985,1049
302900,980,1046
302901,977,1048
302902,979,1050
302903,982,1052
302904,987,1052
302905,989,1046
302906,988,1044
302907,985,1043
302908,987,1043
302909,988,1047
302910,990,1046
302911,992,1043
302912,986,1042
302913,984,1042
302914,986,1046
302915,988,1050
302916,994,1049
302917,991,1046
302918,986,1042
302919,984,1044
302920,987,1045
302921,995,1047
302922,1007,1045
302923,1021,1038
302924,1033,1032
302925,1051,1030
302926,1082,1026
302927,1120,1020
302928,1163,1011
302929,1204,1000
302930,1242,1001
302931,1280,1008
302932,1315,1029
302933,1328,1049
302934,1317,1064
302935,1272,1069
302936,1208,1068
302937,1137,1076
302938,1073,1093
302939,1013,1108
302940,967,1111
302941,947,1102
302942,949,1088
302943,964,1070
302944,976,1055
302945,988,1047
302946,991,1040
302947,986,1039
302948,981,1032
302949,974,1031
302950,973,1034
302951,975,1039
302952,975,1038
302953,972,1038
302954,971,1039
302955,965,1039
302956,967,1043
302957,969,1046
302958,969,1046
302959,967,1042
302960,962,1039
302961,961,1042
302962,960,1043
302963,965,1046
302964,968,1046
302965,967,1042
302966,964,1042
302967,962,1042
302968,963,1045
302969,963,1047
302970,966,1048
302971,965,1050
302972,961,1043
302973,962,1044
302974,959,1047
302975,960,1052
302976,967,1052
302977,966,1051
302978,959,1046
302979,963,1048
302980,964,1051
302981,967,1052
302982,970,1050
302983,967,1048
302984,970,1047
302985,969,1048
302986,970,1048
302987,972,1051
302988,973,1048
302989,971,1046
302990,969,1046
302991,969,1043
302992,972,1045
302993,977,1045
302994,980,1042
302995,981,1037
302996,978,1033
302997,975,1034
302998,973,1036
302999,973,1039
303000,979,1038
303001,979,1037
303002,978,1031
303003,978,1031
303004,982,1031
303005,981,1034
303006,987,1032
303007,984,1027
303008,982,1019
303009,987,1019
303010,988,1019
303011,989,1020
303012,993,1019
303013,992,1015
303014,991,1013
303015,989,1011
303016,992,1015
303017,996,1017
303018,998,1017
303019,999,1014
303020,994,1012
303021,993,1014
303022,997,1016
303023,1003,1019
303024,1005,1020
303025,1004,1016
303026,1003,1014
303027,1002,1012
303028,1003,1014
303029,1005,1015
303030,1012,1010
303031,1007,1012
303032,1006,1013
303033,1005,1020
303034,1004,1026
303035,1004,1027
303036,1009,1028
303037,1006,1025
303038,1004,1025
303039,1002,1030
303040,1002,1036
303041,1003,1045
303042,1004,1044
303043,1003,1034
303044,998,1025
303045,998,1023
303046,998,1023
303047,1001,1027
303048,997,1033
303049,992,1035
303050,989,1036
303051,985,1038
303052,988,1043
303053,990,1046
303054,990,1047
303055,988,1047
303056,987,1045
303057,981,1048
303058,984,1051
303059,987,1053
303060,992,1053
303061,993,1053
303062,991,1051
303063,992,1052
303064,993,1054
303065,995,1059
303066,995,1061
303067,996,1061
303068,997,1060
303069,998,1059
303070,1004,1062
303071,1011,1066
303072,1014,1065
303073,1019,1063
303074,1018,1063
303075,1022,1062
303076,1029,1060
303077,1046,1060
303078,1059,1047
303079,1074,1030
303080,1086,1013
303081,1098,999
303082,1115,988
303083,1135,974
303084,1153,956
303085,1168,939
303086,1184,916
303087,1201,893
303088,1223,876
303089,1245,861
303090,1264,849
303091,1277,835
303092,1280,828
303093,1274,825
303094,1271,828
303095,1269,826
303096,1265,825
303097,1257,823
303098,1243,818
303099,1222,822
303100,1203,825
303101,1182,835
303102,1162,840
303103,1142,846
303104,1118,855
303105,1091,869
303106,1068,882
303107,1054,903
303108,1047,914
303109,1044,928
303110,1040,941
303111,1035,953
303112,1035,962
303113,1032,972
303114,1036,980
303115,1045,986
303116,1056,991
303117,1072,999
303118,1092,1007
303119,1097,1016
303120,1093,1023
303121,1060,1025
303122,1017,1025
303123,976,1033
303124,946,1047
303125,935,1061
303126,930,1073
303127,927,1083
303128,920,1086
303129,911,1087
303130,911,1094
303131,912,1100
303132,911,1103
303133,906,1102
303134,901,1105
303135,893,1109
303136,891,1116
303137,889,1122
303138,890,1124
303139,889,1122
303140,886,1119
303141,888,1121
303142,887,1123
303143,886,1127
303144,885,1126
303145,884,1128
303146,886,1130
303147,882,1133
303148,884,1138
303149,883,1141
303150,885,1142
303151,882,1140
303152,879,1141
303153,877,1144
303154,878,1147
303155,881,1152
303156,882,1154
303157,880,1155
303158,878,1156
303159,874,1162
303160,879,1167
303161,881,1173
303162,883,1168
303163,882,1167
303164,880,1163
303165,878,1167
303166,876,1173
303167,878,1179
303168,881,1178
303169,879,1179
303170,879,1179
303171,878,1178
303172,883,1179
303173,889,1181
303174,892,1180
303175,889,1180
303176,889,1178
303177,887,1182
303178,892,1187
303179,898,1186
303180,903,1183
303181,905,1181
303182,905,1177
303183,907,1178
303184,911,1176
303185,917,1177
303186,921,1173
303187,924,1168
303188,926,1163
303189,928,1159
303190,931,1157
303191,939,1156
303192,944,1156
303193,946,1151
303194,944,1143
303195,947,1137
303196,952,1136
303197,958,1131
303198,963,1125
303199,964,1116
303200,965,1113
303201,966,1106
303202,966,1107
303203,968,1106
303204,972,1103
303205,967,1102
303206,965,1095
303207,963,1089
303208,964,1084
303209,966,1078
303210,969,1070
303211,971,1066
303212,966,1063
303213,965,1064
303214,967,1063
303215,969,1063
303216,971,1061
303217,971,1057
303218,968,1058
303219,967,1057
303220,969,1059
303221,973,1057
303222,976,1053
303223,976,1046
303224,971,1045
303225,969,1045
303226,973,1049
303227,974,1053
303228,978,1051
303229,976,1048
303230,976,1044
303231,979,1040
303232,985,1046
303233,990,1047
303234,999,1047
303235,997,1043
303236,997,1035
303237,994,1035
303238,996,1034
303239,997,1034
303240,997,1031
303241,992,1022
303242,986,1018
303243,984,1016
303244,985,1011
303245,982,1008
303246,979,997
303247,973,980
303248,961,958
303249,946,928
303250,923,909
303251,900,882
303252,870,853
303253,840,826
303254,812,799
303255,796,778
303256,791,767
303257,791,761
303258,799,751
303259,806,740
303260,809,736
303261,812,740
303262,822,758
303263,833,779
303264,848,797
303265,852,813
303266,852,823
303267,851,835
303268,853,845
303269,857,856
303270,861,863
303271,865,872
303272,867,877
303273,873,889
303274,878,898
303275,887,904
303276,896,909
303277,903,910
303278,908,915
303279,910,927
303280,917,937
303281,925,947
303282,934,957
303283,941,965
303284,947,972
303285,955,988
303286,961,1001
303287,969,1016
303288,979,1026
303289,985,1031
303290,984,1037
303291,992,1051
303292,1002,1065
303293,1008,1084
303294,1014,1091
303295,1015,1101
303296,1013,1103
303297,1013,1108
303298,1018,1112
303299,1022,1118
303300,1029,1122
303301,1028,1123
303302,1032,1122
303303,1032,1125
303304,1037,1127
303305,1040,1132
303306,1046,1134
303307,1046,1132
303308,1049,1131
303309,1051,1134
303310,1054,1137
303311,1064,1141
303312,1072,1141
303313,1076,1143
303314,1076,1143
303315,1078,1144
303316,1086,1153
303317,1091,1155
303318,1099,1158
303319,1102,1161
303320,1105,1161
303321,1111,1165
303322,1117,1167
303323,1126,1173
303324,1135,1170
303325,1139,1168
303326,1143,1168
303327,1148,1173
303328,1155,1178
303329,1165,1182
303330,1174,1182
303331,1176,1183
303332,1180,1183
303333,1182,1185
303334,1191,1190
303335,1195,1191
303336,1202,1192
303337,1206,1191
303338,1205,1193
303339,1210,1194
303340,1212,1199
303341,1216,1201
303342,1223,1199
303343,1223,1196
303344,1225,1192
303345,1222,1191
303346,1222,1193
303347,1224,1191
303348,1224,1185
303349,1220,1183
303350,1216,1179
303351,1212,1176
303352,1210,1174
303353,1206,1173
303354,1202,1167
303355,1197,1158
303356,1189,1153
303357,1181,1150
303358,1173,1147
303359,1171,1145
303360,1168,1139
303361,1160,1131
303362,1151,1125
303363,1142,1124
303364,1136,1119
303365,1131,1116
303366,1125,1109
303367,1116,1105
303368,1107,1095
303369,1093,1093
303370,1091,1089
303371,1085,1086
303372,1085,1081
303373,1075,1074
303374,1068,1065
303375,1062,1064
303376,1058,1065
303377,1054,1064
303378,1052,1061
303379,1044,1058
303380,1041,1055
303381,1035,1053
303382,1031,1054
303383,1032,1054
303384,1029,1053
303385,1025,1050
303386,1022,1048
303387,1017,1046
303388,1018,1048
303389,1019,1048
303390,1018,1044
303391,1013,1040
303392,1005,1039
303393,999,1041
303394,1001,1043
303395,997,1047
303396,999,1043
303397,1002,1039
303398,1000,1036
303399,997,1035
303400,996,1040
303401,995,1043
303402,997,1043
303403,1000,1042
303404,1000,1043
303405,1000,1046
303406,1002,1047
303407,1008,1054
303408,1008,1052
303409,1011,1052
303410,1009,1053
303411,1009,1056
303412,1014,1061
303413,1024,1062
303414,1038,1055
303415,1048,1040
303416,1057,1020
303417,1070,1004
303418,1085,990
303419,1101,978
303420,1117,960
303421,1128,941
303422,1140,921
303423,1155,905
303424,1172,883
303425,1185,866
303426,1198,850
303427,1210,835
303428,1216,821
303429,1223,817
303430,1228,821
303431,1228,823
303432,1225,824
303433,1218,821
303434,1211,818
303435,1200,816
303436,1192,823
303437,1187,827
303438,1178,828
303439,1159,831
303440,1138,835
303441,1113,843
303442,1094,853
303443,1074,866
303444,1063,879
303445,1055,893
303446,1046,906
303447,1042,916
303448,1039,930
303449,1037,945
303450,1034,952
303451,1031,962
303452,1033,971
303453,1044,976
303454,1059,984
303455,1077,991
303456,1080,996
303457,1065,998
303458,1026,1002
303459,980,1014
303460,944,1033
303461,926,1050
303462,922,1066
303463,918,1076
303464,913,1080
303465,907,1081
303466,901,1085
303467,899,1093
303468,900,1093
303469,897,1092
303470,892,1094
303471,885,1095
303472,883,1100
303473,883,1106
303474,882,1106
303475,880,1108
303476,874,1107
303477,871,1111
303478,871,1116
303479,872,1121
303480,872,1120
303481,872,1120
303482,867,1116
303483,860,1121
303484,860,1127
303485,858,1134
303486,857,1135
303487,856,1134
303488,855,1134
303489,854,1137
303490,850,1142
303491,850,1145
303492,848,1146
303493,844,1147
303494,837,1146
303495,834,1152
303496,832,1160
303497,832,1167
303498,834,1172
303499,831,1171
303500,823,1168
303501,823,1163
303502,822,1167
303503,824,1166
303504,828,1169
303505,823,1170
303506,818,1169
303507,818,1172
303508,817,1175
303509,822,1179
303510,820,1179
303511,818,1178
303512,814,1177
303513,812,1179
303514,813,1182
303515,816,1186
303516,817,1185
303517,818,1180
303518,815,1177
303519,817,1174
303520,820,1175
303521,817,1175
303522,817,1172
303523,822,1164
303524,824,1159
303525,829,1158
303526,832,1155
303527,840,1154
303528,846,1149
303529,847,1144
303530,849,1140
303531,851,1134
303532,857,1131
303533,867,1129
303534,873,1123
303535,874,1114
303536,875,1108
303537,878,1104
303538,881,1102
303539,888,1099
303540,896,1097
303541,902,1090
303542,901,1084
303543,903,1079
303544,908,1079
303545,913,1077
303546,918,1076
303547,920,1068
303548,921,1064
303549,927,1060
303550,930,1058
303551,934,1056
303552,938,1054
303553,937,1050
303554,938,1044
303555,934,1043
303556,937,1046
303557,944,1050
303558,949,1048
303559,951,1043
303560,949,1038
303561,949,1038
303562,947,1041
303563,951,1043
303564,952,1041
303565,952,1037
303566,952,1034
303567,953,1033
303568,954,1036
303569,956,1039
303570,959,1040
303571,955,1035
303572,955,1033
303573,955,1035
303574,956,1036
303575,961,1039
303576,966,1038
303577,963,1036
303578,961,1033
303579,960,1035
303580,962,1035
303581,965,1039
303582,967,1043
303583,966,1041
303584,964,1038
303585,964,1032
303586,965,1029
303587,970,1028
303588,974,1032
303589,972,1031
303590,972,1029
303591,966,1027
303592,969,1030
303593,970,1032
303594,973,1030
303595,973,1030
303596,973,1029
303597,973,1031
303598,972,1036
303599,974,1036
303600,977,1032
303601,977,1034
303602,976,1029
303603,973,1027
303604,976,1027
303605,978,1028
303606,978,1029
303607,976,1029
303608,975,1029
303609,972,1029
303610,972,1028
303611,972,1030
303612,974,1026
303613,975,1026
303614,972,1024
303615,971,1022
303616,975,1023
303617,977,1026
303618,978,1023
303619,973,1023
303620,975,1021
303621,977,1023
303622,976,1025
303623,979,1025
303624,984,1025
303625,980,1024
303626,978,1023
303627,976,1027
303628,976,1031
303629,981,1033
303630,980,1032
303631,977,1026
303632,972,1021
303633,974,1020
303634,975,1019
303635,979,1021
303636,983,1022
303637,983,1019
303638,979,1018
303639,979,1023
303640,979,1026
303641,979,1029
303642,982,1030
303643,981,1028
303644,979,1024
303645,975,1023
303646,978,1028
303647,982,1033
303648,984,1031
303649,982,1029
303650,976,1028
303651,974,1028
303652,976,1031
303653,978,1034
303654,980,1035
303655,979,1031
303656,976,1028
303657,976,1031
303658,977,1032
303659,979,1034
303660,983,1033
303661,978,1033
303662,971,1031
303663,973,1030
303664,973,1034
303665,979,1035
303666,982,1034
303667,979,1029
303668,977,1026
303669,979,1028
303670,981,1031
303671,985,1037
303672,987,1033
303673,984,1032
303674,981,1031
303675,977,1033
303676,979,1036
303677,987,1036
303678,991,1037
303679,988,1039
303680,984,1034
303681,981,1030
303682,981,1033
303683,989,1033
303684,990,1027
303685,992,1028
303686,987,1025
303687,986,1027
303688,989,1036
303689,992,1039
303690,992,1040
303691,992,1031
303692,989,1026
303693,982,1029
303694,981,1031
303695,983,1031
303696,987,1031
303697,985,1029
303698,984,1028
303699,983,1027
303700,985,1030
303701,988,1034
303702,991,1031
303703,989,1029
303704,986,1025
303705,988,1028
303706,988,1029
303707,993,1035
303708,993,1033
303709,995,1028
303710,988,1027
303711,991,1028
303712,991,1032
303713,993,1034
303714,990,1034
303715,990,1032
303716,986,1033
303717,986,1035
303718,986,1034
303719,987,1034
303720,992,1032
303721,990,1027
303722,986,1026
303723,990,1025
303724,993,1024
303725,997,1024
303726,1004,1018
303727,1014,1015
303728,1026,1011
303729,1041,1008
303730,1064,1010
303731,1091,1007
303732,1128,999
303733,1162,987
303734,1197,983
303735,1241,989
303736,1279,1006
303737,1307,1028
303738,1315,1044
303739,1292,1048
303740,1245,1044
303741,1186,1046
303742,1130,1057
303743,1072,1074
303744,1019,1082
303745,967,1085
303746,943,1081
303747,946,1072
303748,962,1059
303749,974,1051
303750,983,1043
303751,987,1035
303752,990,1030
303753,984,1025
303754,986,1026
303755,984,1027
303756,986,1026
303757,979,1027
303758,979,1025
303759,976,1026
303760,978,1026
303761,981,1028
303762,980,1028
303763,978,1027
303764,976,1025
303765,972,1024
303766,974,1027
303767,977,1028
303768,979,1027
303769,975,1022
303770,969,1019
303771,968,1022
303772,973,1028
303773,978,1030
303774,979,1029
303775,975,1029
303776,971,1025
303777,969,1029
303778,971,1032
303779,971,1035
303780,972,1038
303781,968,1036
303782,964,1031
303783,967,1031
303784,967,1033
303785,969,1032
303786,968,1030
303787,969,1026
303788,968,1022
303789,970,1021
303790,971,1023
303791,971,1027
303792,975,1027
303793,974,1027
303794,968,1027
303795,967,1028
303796,968,1027
303797,973,1030
303798,976,1025
303799,976,1021
303800,974,1017
303801,973,1017
303802,974,1018
303803,979,1021
303804,983,1015
303805,985,1011
303806,977,1009
303807,974,1011
303808,975,1012
303809,980,1015
303810,986,1012
303811,988,1010
303812,985,1006
303813,986,1007
303814,988,1010
303815,990,1010
303816,996,1004
303817,994,999
303818,993,996
303819,992,995
303820,997,996
303821,1003,1001
303822,1003,998
303823,1001,996
303824,1000,992
303825,999,989
303826,1000,991
303827,1004,992
303828,1007,988
303829,1006,985
303830,1003,984
303831,1004,982
303832,1007,989
303833,1009,990
303834,1015,988
303835,1015,986
303836,1014,979
303837,1013,978
303838,1016,982
303839,1021,983
303840,1024,987
303841,1024,982
303842,1024,983
303843,1023,985
303844,1023,988
303845,1027,991
303846,1032,992
303847,1030,991
303848,1027,990
303849,1026,995
303850,1026,1001
303851,1027,1004
303852,1030,1006
303853,1028,1004
303854,1019,1006
303855,1020,1009
303856,1021,1015
303857,1022,1017
303858,1023,1019
303859,1019,1021
303860,1016,1021
303861,1013,1020
303862,1013,1028
303863,1012,1030
303864,1011,1030
303865,1010,1030
303866,1006,1031
303867,999,1033
303868,1002,1039
303869,1000,1041
303870,1000,1044
303871,999,1041
303872,995,1039
303873,995,1041
303874,996,1041
303875,1002,1040
303876,1005,1036
303877,1003,1032
303878,1001,1026
303879,999,1026
303880,1004,1027
303881,1007,1030
303882,1011,1030
303883,1010,1029
303884,1008,1027
303885,1008,1029
303886,1009,1032
303887,1011,1034
303888,1013,1032
303889,1007,1033
303890,1007,1032
303891,1006,1028
303892,1007,1033
303893,1009,1037
303894,1012,1035
303895,1013,1035
303896,1012,1034
303897,1010,1036
303898,1012,1038
303899,1015,1037
303900,1014,1030
303901,1011,1026
303902,1009,1022
303903,1009,1025
303904,1008,1023
303905,1013,1028
303906,1018,1025
303907,1016,1025
303908,1011,1022
303909,1009,1024
303910,1010,1029
303911,1011,1031
303912,1011,1030
303913,1010,1027
303914,1006,1025
303915,1008,1027
303916,1007,1030
303917,1012,1030
303918,1010,1030
303919,1007,1031
303920,1002,1030
303921,1001,1030
303922,1000,1034
303923,999,1038
303924,999,1039
303925,998,1037
303926,996,1035
303927,995,1035
303928,996,1034
303929,1000,1033
303930,1000,1031
303931,1001,1027
303932,997,1024
303933,996,1027
303934,999,1025
303935,1001,1029
303936,1002,1030
303937,1001,1031
303938,998,1029
303939,995,1029
303940,1000,1032
303941,1001,1032
303942,1000,1033
303943,999,1034
303944,996,1034
303945,993,1034
303946,996,1035
303947,999,1038
303948,1000,1037
303949,999,1035
303950,995,1032
303951,992,1030
303952,992,1032
303953,994,1034
303954,996,1031
303955,995,1032
303956,993,1029
303957,992,1030
303958,995,1035
303959,998,1036
303960,997,1036
303961,996,1033
303962,994,1030
303963,992,1032
303964,995,1037
303965,995,1040
303966,997,1038
303967,996,1037
303968,990,1035
303969,990,1037
303970,991,1042
303971,992,1045
303972,996,1043
303973,992,1042
303974,992,1043
303975,988,1044
303976,990,1048
303977,991,1046
303978,991,1046
303979,990,1041
303980,989,1034
303981,989,1034
303982,988,1034
303983,992,1035
303984,993,1033
303985,991,1032
303986,990,1029
303987,993,1028
303988,992,1033
303989,997,1036
303990,999,1036
303991,995,1033
303992,996,1032
303993,994,1034
303994,994,1041
303995,997,1043
303996,998,1043
303997,996,1042
303998,994,1043
303999,992,1045
304000,997,1047
304001,1000,1045
304002,1000,1041
304003,995,1037
304004,990,1037
304005,991,1036
304006,994,1039
304007,998,1041
304008,1001,1041
304009,999,1042
304010,991,1042
304011,992,1044
304012,992,1045
304013,995,1045
304014,997,1046
304015,996,1040
304016,994,1034
304017,993,1032
304018,994,1036
304019,996,1040
304020,995,1042
304021,994,1043
304022,988,1039
304023,988,1038
304024,984,1039
304025,988,1041
304026,993,1039
304027,992,1037
304028,986,1034
304029,983,1034
304030,989,1034
304031,989,1038
304032,993,1036
304033,992,1032
304034,990,1031
304035,991,1033
304036,990,1036
304037,995,1036
304038,999,1035
304039,997,1035
304040,994,1031
304041,994,1031
304042,997,1034
304043,998,1036
304044,998,1039
304045,995,1038
304046,992,1038
304047,990,1038
304048,994,1039
304049,994,1045
304050,999,1041
304051,997,1042
304052,998,1040
304053,996,1038
304054,994,1038
304055,999,1043
304056,1001,1041
304057,999,1040
304058,997,1037
304059,997,1036
304060,998,1039
304061,1000,1043
304062,1000,1042
304063,997,1043
304064,997,1041
304065,991,1042
304066,992,1049
304067,994,1050
304068,998,1046
304069,996,1044
304070,995,1040
304071,990,1041
304072,995,1042
304073,998,1045
304074,1000,1042
304075,997,1042
304076,994,1039
304077,995,1038
304078,999,1040
304079,1000,1043
304080,1003,1041
304081,1000,1037
304082,998,1035
304083,995,1035
304084,999,1038
304085,1002,1041
304086,1002,1041
304087,1003,1037
304088,1000,1037
304089,999,1034
304090,999,1037
304091,1003,1041
304092,1004,1038
304093,1003,1036
304094,1004,1033
304095,1001,1034
304096,1001,1040
304097,1004,1041
304098,1007,1038
304099,1004,1032
304100,1006,1027
304101,1014,1028
304102,1025,1026
304103,1045,1028
304104,1066,1027
304105,1086,1021
304106,1113,1016
304107,1147,1007
304108,1185,1003
304109,1222,1004
304110,1262,1001
304111,1297,1005
304112,1323,1017
304113,1331,1031
304114,1321,1044
304115,1286,1049
304116,1234,1051
304117,1176,1054
304118,1117,1061
304119,1056,1067
304120,1010,1069
304121,980,1072
304122,974,1065
304123,979,1055
304124,987,1047
304125,993,1038
304126,995,1035
304127,992,1038
304128,990,1034
304129,984,1029
304130,983,1029
304131,978,1031
304132,976,1036
304133,980,1035
304134,980,1035
304135,976,1034
304136,973,1033
304137,969,1032
304138,973,1035
304139,974,1039
304140,972,1040
304141,973,1039
304142,969,1037
304143,968,1036
304144,969,1038
304145,970,1042
304146,973,1042
304147,972,1037
304148,970,1034
304149,969,1039
304150,970,1039
304151,971,1042
304152,972,1042
304153,970,1040
304154,969,1036
304155,970,1038
304156,973,1042
304157,976,1044
304158,975,1042
304159,972,1040
304160,966,1042
304161,966,1041
304162,967,1043
304163,972,1047
304164,974,1044
304165,974,1041
304166,968,1041
304167,970,1039
304168,972,1043
304169,972,1047
304170,975,1044
304171,974,1039
304172,971,1037
304173,970,1038
304174,972,1036
304175,975,1040
304176,975,1039
304177,977,1036
304178,974,1033
304179,970,1032
304180,974,1032
304181,978,1035
304182,979,1033
304183,979,1030
304184,976,1030
304185,978,1029
304186,983,1029
304187,983,1031
304188,982,1028
304189,982,1027
304190,981,1024
304191,980,1024
304192,981,1025
304193,985,1026
304194,987,1023
304195,986,1021
304196,986,1020
304197,986,1019
304198,992,1020
304199,995,1023
304200,993,1022
304201,993,1020
304202,993,1015
304203,992,1018
304204,989,1019
304205,995,1021
304206,996,1014
304207,994,1012
304208,995,1011
304209,997,1008
304210,997,1013
304211,999,1015
304212,999,1015
304213,997,1012
304214,995,1012
304215,995,1014
304216,997,1016
304217,1003,1018
304218,1005,1016
304219,1002,1014
304220,1003,1012
304221,999,1014
304222,1002,1018
304223,1002,1022
304224,1003,1021
304225,1000,1018
304226,998,1018
304227,996,1019
304228,995,1023
304229,996,1026
304230,997,1029
304231,995,1025
304232,991,1023
304233,983,1027
304234,985,1030
304235,985,1032
304236,988,1037
304237,986,1037
304238,985,1035
304239,979,1036
304240,981,1037
304241,984,1043
304242,981,1042
304243,980,1038
304244,976,1040
304245,975,1040
304246,979,1046
304247,982,1048
304248,983,1050
304249,981,1049
304250,978,1048
304251,976,1048
304252,979,1050
304253,980,1054
304254,985,1054
304255,983,1052
304256,979,1054
304257,979,1058
304258,979,1061
304259,980,1063
304260,979,1056
304261,981,1049
304262,979,1041
304263,974,1037
304264,979,1038
304265,986,1038
304266,985,1035
304267,983,1032
304268,980,1030
304269,981,1031
304270,980,1036
304271,984,1039
304272,982,1040
304273,985,1037
304274,980,1035
304275,982,1035
304276,983,1037
304277,985,1040
304278,987,1040
304279,986,1036
304280,981,1033
304281,979,1034
304282,975,1036
304283,978,1038
304284,981,1039
304285,978,1037
304286,980,1034
304287,978,1037
304288,978,1038
304289,980,1039
304290,980,1040
304291,981,1035
304292,978,1034
304293,975,1034
304294,976,1042
304295,976,1045
304296,980,1045
304297,977,1046
304298,975,1044
304299,972,1046
304300,971,1047
304301,975,1052
304302,974,1049
304303,973,1042
304304,972,1044
304305,974,1046
304306,975,1048
304307,976,1050
304308,975,1046
304309,975,1041
304310,971,1039
304311,971,1036
304312,974,1043
304313,971,1041
304314,977,1041
304315,974,1040
304316,970,1039
304317,969,1039
304318,971,1041
304319,974,1044
304320,974,1043
304321,974,1040
304322,970,1039
304323,967,1039
304324,970,1043
304325,973,1046
304326,970,1043
304327,970,1042
304328,967,1041
304329,971,1041
304330,970,1040
304331,971,1046
304332,970,1045
304333,972,1044
304334,971,1041
304335,970,1043
304336,968,1049
304337,975,1050
304338,976,1044
304339,976,1038
304340,972,1035
304341,971,1037
304342,971,1044
304343,976,1044
304344,977,1043
304345,974,1039
304346,973,1036
304347,972,1039
304348,972,1044
304349,976,1046
304350,975,1047
304351,974,1043
304352,972,1040
304353,971,1043
304354,970,1044
304355,971,1046
304356,971,1048
304357,969,1048
304358,969,1045
304359,968,1045
304360,970,1047
304361,975,1048
304362,978,1047
304363,979,1043
304364,977,1042
304365,975,1040
304366,974,1046
304367,976,1053
304368,977,1051
304369,977,1048
304370,975,1048
304371,974,1050
304372,974,1051
304373,978,1053
304374,978,1046
304375,978,1044
304376,973,1041
304377,973,1045
304378,975,1046
304379,980,1050
304380,980,1048
304381,974,1043
304382,975,1042
304383,973,1042
304384,973,1044
304385,978,1044
304386,979,1044
304387,977,1041
304388,976,1043
304389,974,1040
304390,976,1046
304391,979,1047
304392,981,1046
304393,979,1042
304394,974,1044
304395,975,1044
304396,977,1046
304397,978,1045
304398,979,1042
304399,979,1037
304400,974,1033
304401,973,1037
304402,975,1037
304403,981,1040
304404,979,1040
304405,975,1040
304406,974,1039
304407,971,1040
304408,972,1044
304409,975,1047
304410,978,1047
304411,975,1048
304412,976,1046
304413,974,1046
304414,976,1046
304415,978,1050
304416,980,1048
304417,980,1045
304418,980,1044
304419,977,1043
304420,981,1045
304421,980,1045
304422,981,1042
304423,983,1040
304424,980,1038
304425,977,1042
304426,978,1042
304427,981,1044
304428,985,1045
304429,984,1040
304430,982,1039
304431,979,1040
304432,981,1044
304433,986,1046
304434,986,1045
304435,983,1041
304436,980,1037
304437,978,1036
304438,977,1038
304439,984,1040
304440,986,1037
304441,985,1037
304442,980,1035
304443,983,1035
304444,986,1037
304445,987,1038
304446,987,1036
304447,984,1036
304448,982,1031
304449,984,1033
304450,985,1033
304451,990,1035
304452,989,1032
304453,992,1029
304454,991,1024
304455,997,1026
304456,1010,1027
304457,1027,1031
304458,1048,1029
304459,1070,1026
304460,1096,1019
304461,1133,1014
304462,1171,1008
304463,1211,1007
304464,1251,1006
304465,1285,1008
304466,1314,1020
304467,1325,1037
304468,1309,1050
304469,1265,1058
304470,1197,1061
304471,1134,1061
304472,1075,1063
304473,1020,1064
304474,982,1066
304475,968,1068
304476,973,1059
304477,984,1047
304478,988,1041
304479,988,1035
304480,986,1037
304481,985,1038
304482,983,1039
304483,979,1037
304484,975,1034
304485,972,1037
304486,970,1038
304487,968,1040
304488,968,1035
304489,965,1034
304490,963,1032
304491,957,1034
304492,961,1036
304493,963,1036
304494,962,1035
304495,961,1032
304496,959,1031
304497,957,1033
304498,959,1035
304499,959,1038
304500,961,1041
304501,964,1041
304502,958,1037
304503,960,1039
304504,959,1041
304505,962,1044
304506,967,1048
304507,966,1045
304508,963,1041
304509,959,1037
304510,963,1038
304511,967,1039
304512,970,1037
304513,969,1036
304514,967,1034
304515,965,1034
304516,964,1038
304517,968,1044
304518,968,1041
304519,966,1038
304520,963,1034
304521,965,1034
304522,967,1034
304523,971,1037
304524,971,1036
304525,967,1034
304526,964,1032
304527,963,1030
304528,966,1031
304529,971,1030
304530,974,1028
304531,973,1025
304532,973,1023
304533,973,1028
304534,977,1029
304535,977,1031
304536,978,1029
304537,976,1027
304538,974,1024
304539,973,1024
304540,978,1023
304541,983,1022
304542,986,1018
304543,984,1017
304544,984,1013
304545,984,1017
304546,985,1018
304547,991,1020
304548,993,1018
304549,993,1014
304550,995,1012
304551,999,1009
304552,1004,1014
304553,1010,1013
304554,1010,1014
304555,1013,1010
304556,1009,1006
304557,1007,1009
304558,1009,1009
304559,1014,1011
304560,1013,1010
304561,1012,1007
304562,1012,1006
304563,1012,1006
304564,1015,1010
304565,1016,1015
304566,1017,1012
304567,1015,1010
304568,1013,1008
304569,1012,1012
304570,1012,1016
304571,1014,1019
304572,1016,1022
304573,1013,1020
304574,1010,1015
304575,1008,1014
304576,1010,1017
304577,1011,1018
304578,1010,1015
304579,1006,1012
304580,999,1012
304581,997,1016
304582,999,1023
304583,1000,1026
304584,999,1027
304585,996,1026
304586,990,1024
304587,988,1025
304588,985,1028
304589,984,1035
304590,982,1039
304591,982,1038
304592,980,1035
304593,979,1035
304594,983,1039
304595,983,1040
304596,984,1043
304597,982,1044
304598,979,1045
304599,980,1048
304600,981,1049
304601,982,1051
304602,983,1048
304603,984,1042
304604,983,1038
304605,983,1040
304606,986,1043
304607,986,1044
304608,986,1044
304609,984,1043
304610,984,1040
304611,982,1042
304612,983,1046
304613,984,1048
304614,986,1047
304615,986,1043
304616,982,1040
304617,980,1041
304618,986,1042
304619,986,1042
304620,986,1042
304621,984,1038
304622,984,1033
304623,984,1031
304624,985,1033
304625,988,1038
304626,988,1036
304627,988,1037
304628,982,1034
304629,980,1036
304630,982,1036
304631,985,1037
304632,986,1034
304633,986,1030
304634,982,1026
304635,980,1028
304636,983,1029
304637,986,1031
304638,985,1030
304639,983,1030
304640,979,1028
304641,980,1029
304642,986,1031
304643,990,1036
304644,993,1035
304645,992,1031
304646,984,1033
304647,983,1031
304648,985,1036
304649,986,1037
304650,991,1035
304651,992,1032
304652,987,1031
304653,986,1034
304654,986,1037
304655,987,1041
304656,988,1040
304657,985,1040
304658,983,1038
304659,982,1040
304660,985,1042
304661,986,1046
304662,984,1047
304663,984,1042
304664,981,1038
304665,980,1040
304666,979,1041
304667,980,1041
304668,979,1033
304669,978,1030
304670,978,1028
304671,977,1030
304672,979,1033
304673,981,1035
304674,982,1033
304675,980,1032
304676,974,1031
304677,974,1029
304678,978,1031
304679,981,1033
304680,981,1033
304681,981,1031
304682,977,1032
304683,975,1031
304684,976,1034
304685,978,1036
304686,982,1032
304687,974,1032
304688,973,1030
304689,970,1034
304690,975,1035
304691,979,1037
304692,981,1038
304693,977,1036
304694,975,1034
304695,972,1031
304696,975,1031
304697,981,1031
304698,978,1033
304699,982,1029
304700,978,1028
304701,977,1030
304702,980,1033
304703,983,1037
304704,983,1036
304705,976,1035
304706,973,1033
304707,977,1030
304708,981,1031
304709,987,1031
304710,992,1029
304711,995,1026
304712,1004,1023
304713,1017,1022
304714,1037,1019
304715,1063,1014
304716,1092,1006
304717,1127,995
304718,1167,989
304719,1213,991
304720,1255,1003
304721,1287,1021
304722,1302,1037
304723,1291,1043
304724,1252,1043
304725,1191,1044
304726,1125,1055
304727,1064,1070
304728,1007,1080
304729,962,1085
304730,941,1084
304731,940,1077
304732,955,1067
304733,972,1059
304734,978,1046
304735,978,1039
304736,973,1036
304737,966,1036
304738,966,1035
304739,965,1039
304740,967,1036
304741,963,1032
304742,961,1027
304743,959,1027
304744,959,1030
304745,962,1030
304746,963,1031
304747,962,1030
304748,956,1027
304749,953,1029
304750,956,1030
304751,955,1031
304752,956,1032
304753,956,1027
304754,953,1025
304755,954,1028
304756,953,1033
304757,956,1033
304758,957,1030
304759,957,1027
304760,952,1026
304761,953,1028
304762,949,1029
304763,950,1032
304764,957,1029
304765,956,1027
304766,953,1026
304767,955,1024
304768,957,1028
304769,960,1029
304770,961,1026
304771,956,1028
304772,955,1026
304773,954,1025
304774,953,1024
304775,959,1027
304776,960,1023
304777,958,1023
304778,957,1017
304779,957,1019
304780,958,1021
304781,957,1023
304782,958,1021
304783,960,1019
304784,957,1015
304785,958,1017
304786,964,1016
304787,968,1014
304788,969,1013
304789,972,1008
304790,970,1004
304791,969,1002
304792,968,1004
304793,972,1008
304794,977,1007
304795,977,1000
304796,977,998
304797,977,994
304798,980,994
304799,981,992
304800,984,992
304801,987,985
304802,985,982
304803,986,981
304804,988,981
304805,992,984
304806,997,984
304807,995,983
304808,994,980
304809,994,983
304810,996,987
304811,1000,991
304812,1002,988
304813,1001,987
304814,999,984
304815,1000,982
304816,1005,986
304817,1010,987
304818,1014,985
304819,1010,984
304820,1008,985
304821,1004,988
304822,1003,997
304823,1004,999
304824,1002,1001
304825,1000,999
304826,998,1001
304827,997,1004
304828,998,1004
304829,998,1010
304830,995,1011
304831,993,1010
304832,986,1011
304833,983,1016
304834,986,1017
304835,986,1022
304836,984,1020
304837,980,1018
304838,976,1017
304839,973,1020
304840,972,1025
304841,971,1029
304842,971,1027
304843,971,1026
304844,966,1023
304845,964,1027
304846,966,1028
304847,967,1033
304848,972,1032
304849,972,1029
304850,967,1031
304851,965,1032
304852,967,1033
304853,968,1039
304854,969,1037
304855,965,1036
304856,967,1032
304857,968,1034
304858,971,1037
304859,973,1043
304860,973,1041
304861,973,1041
304862,970,1038
304863,973,1039
304864,974,1042
304865,978,1046
304866,981,1047
304867,980,1046
304868,978,1043
304869,978,1042
304870,980,1041
304871,983,1037
304872,982,1034
304873,976,1031
304874,976,1030
304875,977,1030
304876,980,1030
304877,981,1030
304878,979,1027
304879,973,1026
304880,972,1025
304881,971,1024
304882,971,1025
304883,980,1025
304884,978,1024
304885,979,1024
304886,975,1021
304887,977,1026
304888,978,1030
304889,978,1033
304890,980,1036
304891,979,1037
304892,975,1034
304893,977,1036
304894,978,1039
304895,981,1044
304896,984,1041
304897,982,1039
304898,980,1034
304899,977,1034
304900,983,1035
304901,985,1039
304902,984,1039
304903,980,1036
304904,978,1029
304905,975,1029
304906,979,1031
304907,983,1035
304908,984,1032
304909,979,1029
304910,978,1026
304911,977,1030
304912,982,1030
304913,982,1034
304914,983,1033
304915,979,1031
304916,977,1028
304917,976,1029
304918,978,1032
304919,981,1032
304920,981,1029
304921,978,1031
304922,976,1029
304923,975,1031
304924,978,1030
304925,980,1035
304926,979,1033
304927,979,1030
304928,975,1029
304929,971,1031
304930,975,1034
304931,979,1037
304932,976,1037
304933,974,1030
304934,973,1027
304935,978,1024
304936,986,1024
304937,995,1024
304938,1011,1022
304939,1026,1018
304940,1042,1020
304941,1065,1020
304942,1097,1014
304943,1139,1005
304944,1185,999
304945,1229,999
304946,1267,1007
304947,1301,1026
304948,1316,1042
304949,1302,1055
304950,1259,1051
304951,1192,1048
304952,1123,1059
304953,1050,1069
304954,989,1082
304955,949,1087
304956,937,1082
304957,942,1067
304958,956,1053
304959,965,1041
304960,971,1039
304961,975,1039
304962,970,1032
304963,967,1029
304964,965,1028
304965,967,1029
304966,964,1034
304967,965,1036
304968,965,1034
304969,960,1034
304970,960,1027
304971,960,1031
304972,959,1035
304973,961,1038
304974,962,1042
304975,961,1036
304976,959,1035
304977,958,1036
304978,960,1041
304979,961,1041
304980,959,1037
304981,958,1038
304982,954,1038
304983,954,1040
304984,955,1043
304985,962,1045
304986,961,1041
304987,960,1041
304988,958,1040
304989,955,1043
304990,957,1046
304991,958,1047
304992,960,1047
304993,960,1045
304994,956,1039
304995,954,1038
304996,958,1037
304997,963,1037
304998,961,1035
304999,962,1030
305000,959,1026
305001,956,1025
305002,957,1029
305003,960,1031
305004,965,1030
305005,964,1026
305006,963,1019
305007,964,1018
305008,965,1021
305009,965,1021
305010,967,1019
305011,963,1014
305012,966,1012
305013,965,1011
305014,974,1012
305015,977,1012
305016,978,1009
305017,976,1006
305018,975,1003
305019,976,1004
305020,979,1005
305021,986,1007
305022,989,1005
305023,989,1001
305024,988,1001
305025,988,1001
305026,995,1002
305027,996,998
305028,1000,997
305029,1000,994
305030,995,990
305031,994,992
305032,998,994
305033,1001,996
305034,999,997
305035,1004,992
305036,1000,991
305037,1001,992
305038,1004,1000
305039,1006,999
305040,1010,1001
305041,1006,999
305042,1004,998
305043,1005,998
305044,1008,1003
305045,1006,1004
305046,1007,1008
305047,1004,1008
305048,999,1010
305049,997,1013
305050,996,1020
305051,1000,1026
305052,997,1025
305053,995,1026
305054,989,1028
305055,984,1029
305056,986,1032
305057,986,1032
305058,985,1031
305059,982,1031
305060,980,1028
305061,979,1028
305062,982,1035
305063,982,1035
305064,976,1039
305065,976,1039
305066,971,1038
305067,969,1038
305068,972,1041
305069,977,1043
305070,977,1040
305071,979,1043
305072,972,1042
305073,972,1043
305074,974,1043
305075,974,1043
305076,974,1039
305077,976,1036
305078,970,1032
305079,970,1034
305080,974,1037
305081,978,1041
305082,978,1037
305083,978,1035
305084,974,1034
305085,980,1036
305086,981,1038
305087,982,1039
305088,981,1039
305089,979,1036
305090,975,1036
305091,973,1038
305092,979,1041
305093,980,1045
305094,978,1044
305095,973,1041
305096,975,1033
305097,978,1033
305098,985,1037
305099,987,1036
305100,987,1035
305101,985,1036
305102,983,1036
305103,978,1037
305104,979,1038
305105,981,1039
305106,983,1038
305107,981,1033
305108,978,1031
305109,979,1034
305110,981,1037
305111,984,1039
305112,986,1034
305113,985,1031
305114,982,1029
305115,980,1031
305116,981,1034
305117,985,1036
305118,987,1034
305119,985,1034
305120,981,1037
305121,980,1037
305122,981,1040
305123,983,1042
305124,983,1041
305125,979,1038
305126,980,1037
305127,981,1044
305128,981,1043
305129,981,1043
305130,981,1039
305131,980,1036
305132,978,1032
305133,977,1036
305134,979,1040
305135,979,1043
305136,979,1041
305137,982,1032
305138,978,1032
305139,977,1034
305140,977,1039
305141,983,1041
305142,980,1037
305143,979,1034
305144,978,1032
305145,980,1035
305146,982,1039
305147,986,1040
305148,981,1041
305149,979,1040
305150,977,1035
305151,976,1039
305152,978,1037
305153,976,1037
305154,978,1036
305155,981,1033
305156,981,1031
305157,981,1037
305158,979,1042
305159,979,1043
305160,980,1041
305161,980,1036
305162,975,1038
305163,977,1039
305164,977,1041
305165,980,1043
305166,983,1042
305167,976,1039
305168,972,1039
305169,976,1040
305170,977,1044
305171,980,1048
305172,983,1044
305173,982,1037
305174,980,1034
305175,978,1037
305176,980,1038
305177,987,1042
305178,985,1037
305179,983,1035
305180,987,1029
305181,991,1029
305182,1002,1028
305183,1017,1030
305184,1036,1024
305185,1054,1016
305186,1076,1009
305187,1108,999
305188,1148,991
305189,1191,984
305190,1232,982
305191,1269,988
305192,1298,1001
305193,1310,1021
305194,1294,1035
305195,1249,1039
305196,1180,1045
305197,1108,1053
305198,1037,1060
305199,979,1066
305200,949,1069
305201,953,1065
305202,967,1056
305203,979,1042
305204,982,1037
305205,976,1039
305206,974,1041
305207,974,1044
305208,971,1040
305209,966,1042
305210,958,1036
305211,959,1038
305212,961,1040
305213,960,1043
305214,963,1041
305215,960,1036
305216,955,1038
305217,956,1038
305218,956,1039
305219,960,1044
305220,962,1043
305221,957,1044
305222,952,1041
305223,952,1039
305224,956,1038
305225,959,1039
305226,958,1039
305227,956,1038
305228,951,1034
305229,951,1036
305230,954,1036
305231,958,1040
305232,958,1035
305233,957,1035
305234,954,1033
305235,955,1033
305236,956,1037
305237,959,1038
305238,957,1032
305239,956,1028
305240,956,1026
305241,957,1024
305242,958,1029
305243,962,1030
305244,962,1032
305245,960,1029
305246,957,1027
305247,959,1026
305248,961,1031
305249,965,1031
305250,963,1030
305251,965,1028
305252,966,1027
305253,966,1028
305254,969,1031
305255,971,1034
305256,969,1029
305257,967,1027
305258,967,1026
305259,970,1030
305260,974,1026
305261,980,1028
305262,982,1024
305263,981,1021
305264,980,1018
305265,981,1020
305266,984,1023
305267,990,1029
305268,991,1023
305269,989,1014
305270,990,1008
305271,993,1003
305272,996,1005
305273,1000,1006
305274,1000,1006
305275,998,1002
305276,996,1002
305277,995,1001
305278,996,1007
305279,1000,1007
305280,1002,1003
305281,1000,999
305282,1002,999
305283,1003,1001
305284,1006,1002
305285,1008,1005
305286,1007,1003
305287,1007,998
305288,1003,996
305289,1002,995
305290,1006,1003
305291,1006,1006
305292,1007,1005
305293,1009,1005
305294,1004,1005
305295,1001,1009
305296,1003,1015
305297,1001,1016
305298,1003,1018
305299,1001,1017
305300,994,1016
305301,991,1019
305302,995,1023
305303,997,1025
305304,996,1027
305305,994,1025
305306,992,1027
305307,989,1029
305308,990,1035
305309,991,1039
305310,992,1040
305311,988,1039
305312,985,1038
305313,984,1036
305314,983,1036
305315,981,1034
305316,978,1037
305317,973,1038
305318,971,1039
305319,973,1043
305320,975,1041
305321,978,1041
305322,980,1038
305323,977,1039
305324,975,1040
305325,972,1039
305326,974,1039
305327,976,1042
305328,978,1043
305329,977,1039
305330,970,1034
305331,972,1034
305332,976,1039
305333,981,1042
305334,980,1040
305335,975,1039
305336,974,1034
305337,975,1036
305338,977,1037
305339,976,1040
305340,974,1040
305341,976,1040
305342,972,1036
305343,972,1035
305344,976,1036
305345,978,1037
305346,977,1039
305347,973,1038
305348,969,1036
305349,970,1039
305350,969,1038
305351,974,1039
305352,978,1040
305353,977,1037
305354,976,1037
305355,976,1036
305356,980,1035
305357,983,1038
305358,984,1039
305359,984,1040
305360,978,1036
305361,975,1034
305362,979,1036
305363,983,1035
305364,984,1032
305365,984,1026
305366,982,1023
305367,978,1026
305368,979,1029
305369,982,1032
305370,982,1034
305371,979,1029
305372,977,1029
305373,976,1030
305374,979,1032
305375,985,1035
305376,982,1034
305377,978,1032
305378,975,1030
305379,974,1035
305380,974,1034
305381,975,1036
305382,977,1036
305383,975,1036
305384,971,1029
305385,974,1033
305386,974,1035
305387,974,1038
305388,973,1037
305389,969,1032
305390,969,1031
305391,967,1032
305392,971,1036
305393,971,1039
305394,973,1035
305395,973,1032
305396,968,1028
305397,970,1031
305398,970,1035
305399,972,1037
305400,973,1036
305401,970,1038
305402,968,1033
305403,969,1037
305404,972,1039
305405,972,1042
305406,972,1043
305407,971,1042
305408,971,1046
305409,968,1046
305410,970,1049
305411,972,1050
305412,976,1048
305413,975,1044
305414,974,1039
305415,973,1038
305416,975,1041
305417,976,1045
305418,975,1044
305419,975,1040
305420,970,1039
305421,971,1042
305422,975,1042
305423,978,1042
305424,978,1039
305425,977,1036
305426,974,1035
305427,974,1037
305428,977,1037
305429,976,1039
305430,976,1038
305431,974,1034
305432,971,1033
305433,970,1035
305434,973,1039
305435,977,1042
305436,974,1045
305437,974,1041
305438,969,1037
305439,966,1038
305440,969,1043
305441,971,1046
305442,972,1045
305443,970,1037
305444,966,1029
305445,966,1033
305446,967,1036
305447,971,1039
305448,970,1038
305449,973,1033
305450,968,1033
305451,966,1034
305452,971,1037
305453,972,1039
305454,975,1033
305455,973,1030
305456,969,1028
305457,970,1031
305458,975,1036
305459,977,1038
305460,974,1038
305461,974,1035
305462,972,1036
305463,976,1038
305464,978,1042
305465,983,1042
305466,981,1040
305467,980,1039
305468,977,1033
305469,976,1036
305470,978,1036
305471,979,1039
305472,979,1040
305473,980,1040
305474,978,1041
305475,979,1038
305476,977,1040
305477,985,1039
305478,983,1037
305479,980,1035
305480,979,1033
305481,977,1037
305482,981,1038
305483,983,1041
305484,985,1042
305485,982,1040
305486,978,1039
305487,979,1037
305488,983,1037
305489,992,1033
305490,1003,1026
305491,1020,1022
305492,1037,1015
305493,1061,1010
305494,1089,1005
305495,1121,998
305496,1155,987
305497,1190,978
305498,1225,974
305499,1260,985
305500,1299,1001
305501,1314,1022
305502,1299,1030
305503,1252,1034
305504,1188,1040
305505,1125,1048
305506,1070,1058
305507,1016,1061
305508,976,1060
305509,955,1056
305510,953,1049
305511,965,1044
305512,982,1039
305513,990,1039
305514,990,1039
305515,978,1039
305516,972,1037
305517,967,1038
305518,965,1043
305519,968,1045
305520,966,1043
305521,965,1038
305522,962,1034
305523,962,1032
305524,961,1038
305525,966,1035
305526,963,1034
305527,958,1031
305528,955,1031
305529,953,1031
305530,955,1034
305531,957,1035
305532,959,1036
305533,960,1031
305534,954,1031
305535,952,1029
305536,955,1032
305537,956,1035
305538,956,1033
305539,954,1028
305540,950,1026
305541,950,1028
305542,953,1033
305543,956,1036
305544,957,1035
305545,957,1031
305546,954,1030
305547,952,1032
305548,952,1034
305549,954,1037
305550,951,1037
305551,952,1037
305552,946,1035
305553,951,1033
305554,955,1034
305555,957,1037
305556,957,1033
305557,958,1031
305558,957,1030
305559,954,1030
305560,955,1032
305561,961,1033
305562,963,1034
305563,963,1036
305564,963,1033
305565,961,1034
305566,965,1034
305567,968,1033
305568,967,1034
305569,966,1032
305570,965,1030
305571,966,1026
305572,971,1023
305573,976,1020
305574,977,1017
305575,971,1014
305576,973,1012
305577,977,1009
305578,981,1009
305579,984,1007
305580,981,1006
305581,983,1005
305582,981,1002
305583,984,1001
305584,986,1003
305585,992,1002
305586,993,1000
305587,991,1000
305588,990,996
305589,989,997
305590,991,998
305591,998,998
305592,1001,994
305593,1001,993
305594,997,994
305595,995,997
305596,997,997
305597,1001,1001
305598,1000,1002
305599,995,1000
305600,996,1001
305601,1001,1001
305602,1001,1003
305603,1004,1004
305604,1005,1006
305605,1000,1006
305606,995,1004
305607,995,1007
305608,992,1015
305609,994,1018
305610,992,1021
305611,991,1019
305612,984,1018
305613,986,1022
305614,985,1024
305615,986,1024
305616,983,1026
305617,979,1022
305618,976,1022
305619,969,1026
305620,976,1029
305621,977,1033
305622,978,1035
305623,976,1031
305624,974,1028
305625,975,1030
305626,978,1032
305627,978,1035
305628,978,1035
305629,976,1030
305630,973,1029
305631,973,1028
305632,975,1032
305633,980,1032
305634,977,1035
305635,976,1036
305636,971,1036
305637,972,1040
305638,975,1041
305639,980,1040
305640,982,1037
305641,982,1034
305642,981,1034
305643,987,1032
305644,991,1037
305645,1000,1038
305646,999,1039
305647,1000,1041
305648,1005,1043
305649,1011,1044
305650,1023,1041
305651,1037,1033
305652,1054,1020
305653,1063,999
305654,1073,987
305655,1087,975
305656,1106,965
305657,1126,950
305658,1141,932
305659,1152,911
305660,1163,890
305661,1177,871
305662,1198,853
305663,1218,841
305664,1238,828
305665,1248,814
305666,1253,807
305667,1252,805
305668,1252,810
305669,1250,812
305670,1251,808
305671,1243,805
305672,1231,806
305673,1220,810
305674,1201,814
305675,1184,822
305676,1163,829
305677,1138,833
305678,1112,840
305679,1084,850
305680,1067,864
305681,1056,882
305682,1045,895
305683,1039,908
305684,1035,919
305685,1032,930
305686,1028,945
305687,1024,957
305688,1024,963
305689,1029,969
305690,1038,974
305691,1051,978
305692,1067,982
305693,1071,990
305694,1058,996
305695,1029,1001
305696,991,1010
305697,962,1025
305698,940,1040
305699,928,1053
305700,922,1062
305701,917,1068
305702,909,1068
305703,905,1071
305704,904,1077
305705,900,1078
305706,900,1081
305707,895,1080
305708,889,1084
305709,887,1088
305710,888,1093
305711,886,1096
305712,888,1096
305713,882,1096
305714,879,1095
305715,876,1097
305716,877,1103
305717,879,1108
305718,877,1107
305719,878,1109
305720,873,1107
305721,871,1109
305722,872,1111
305723,872,1115
305724,870,1115
305725,870,1118
305726,867,1118
305727,863,1120
305728,865,1120
305729,865,1120
305730,863,1119
305731,866,1119
305732,863,1116
305733,861,1121
305734,865,1124
305735,866,1129
305736,866,1133
305737,862,1134
305738,857,1134
305739,858,1138
305740,858,1139
305741,862,1143
305742,864,1145
305743,862,1146
305744,865,1144
305745,864,1145
305746,866,1148
305747,870,1150
305748,875,1153
305749,876,1150
305750,876,1149
305751,876,1154
305752,879,1156
305753,882,1157
305754,885,1155
305755,883,1154
305756,883,1150
305757,887,1151
305758,893,1151
305759,895,1155
305760,896,1152
305761,894,1144
305762,896,1140
305763,897,1137
305764,904,1135
305765,911,1135
305766,916,1132
305767,919,1127
305768,919,1124
305769,922,1121
305770,929,1120
305771,933,1119
305772,935,1112
305773,936,1109
305774,938,1105
305775,941,1100
305776,946,1092
305777,950,1086
305778,953,1078
305779,954,1074
305780,951,1073
305781,952,1071
305782,954,1071
305783,958,1068
305784,957,1061
305785,961,1055
305786,959,1050
305787,956,1051
305788,962,1051
305789,965,1053
305790,966,1050
305791,965,1044
305792,963,1039
305793,961,1037
305794,964,1038
305795,965,1039
305796,966,1036
305797,967,1034
305798,965,1033
305799,963,1035
305800,963,1037
305801,966,1040
305802,965,1040
305803,965,1036
305804,961,1035
305805,960,1033
305806,963,1033
305807,968,1036
305808,970,1031
305809,968,1029
305810,965,1025
305811,964,1026
305812,968,1030
305813,972,1029
305814,969,1030
305815,968,1025
305816,965,1026
305817,970,1030
305818,975,1034
305819,976,1034
305820,976,1030
305821,977,1031
305822,976,1030
305823,974,1032
305824,976,1034
305825,977,1038
305826,979,1036
305827,979,1035
305828,976,1036
305829,976,1037
305830,977,1038
305831,982,1037
305832,985,1038
305833,984,1037
305834,979,1040
305835,979,1036
305836,979,1035
305837,981,1034
305838,985,1035
305839,980,1035
305840,979,1036
305841,979,1034
305842,980,1033
305843,982,1034
305844,981,1032
305845,979,1028
305846,975,1027
305847,974,1029
305848,978,1034
305849,978,1036
305850,977,1035
305851,974,1030
305852,970,1027
305853,968,1027
305854,968,1027
305855,973,1030
305856,973,1031
305857,971,1029
305858,970,1030
305859,969,1030
305860,974,1032
305861,977,1033
305862,976,1037
305863,973,1036
305864,969,1034
305865,967,1035
305866,972,1034
305867,975,1038
305868,973,1034
305869,975,1034
305870,976,1033
305871,973,1036
305872,975,1041
305873,980,1041
305874,981,1040
305875,980,1034
305876,977,1031
305877,975,1032
305878,981,1038
305879,981,1043
305880,983,1041
305881,984,1038
305882,979,1036
305883,981,1033
305884,981,1035
305885,982,1032
305886,983,1026
305887,978,1022
305888,974,1021
305889,979,1028
305890,977,1029
305891,981,1034
305892,978,1032
305893,977,1030
305894,973,1028
305895,974,1027
305896,979,1031
305897,979,1031
305898,978,1029
305899,977,1026
305900,976,1027
305901,976,1027
305902,979,1027
305903,977,1031
305904,978,1033
305905,972,1031
305906,970,1032
305907,969,1038
305908,974,1039
305909,978,1045
305910,979,1043
305911,975,1039
305912,974,1036
305913,975,1037
305914,977,1040
305915,981,1042
305916,981,1038
305917,980,1039
305918,976,1037
305919,976,1041
305920,980,1042
305921,983,1043
305922,985,1039
305923,984,1034
305924,979,1032
305925,978,1033
305926,976,1035
305927,984,1042
305928,981,1042
305929,978,1043
305930,977,1038
305931,977,1038
305932,980,1034
305933,987,1037
305934,986,1033
305935,984,1030
305936,980,1029
305937,979,1033
305938,980,1039
305939,985,1038
305940,982,1037
305941,980,1036
305942,974,1035
305943,977,1037
305944,981,1039
305945,979,1040
305946,983,1038
305947,982,1035
305948,980,1034
305949,978,1036
305950,982,1043
305951,982,1042
305952,983,1043
305953,977,1037
305954,974,1031
305955,980,1027
305956,986,1028
305957,989,1031
305958,986,1029
305959,982,1025
305960,980,1026
305961,980,1031
305962,983,1037
305963,984,1037
305964,985,1032
305965,985,1028
305966,982,1026
305967,984,1029
305968,989,1037
305969,990,1038
305970,989,1032
305971,987,1030
305972,987,1028
305973,986,1029
305974,988,1037
305975,991,1037
305976,992,1032
305977,988,1031
305978,989,1029
305979,992,1028
305980,996,1027
305981,1006,1028
305982,1019,1022
305983,1033,1016
305984,1048,1012
305985,1073,1014
305986,1105,1009
305987,1140,999
305988,1174,990
305989,1205,983
305990,1236,984
305991,1266,992
305992,1294,1010
305993,1311,1027
305994,1297,1036
305995,1267,1039
305996,1212,1043
305997,1151,1051
305998,1091,1060
305999,1038,1069
306000,989,1068
306001,960,1064
306002,953,1057
306003,966,1053
306004,978,1047
306005,988,1040
306006,989,1033
306007,984,1029
306008,976,1028
306009,977,1028
306010,977,1034
306011,976,1033
306012,975,1032
306013,970,1031
306014,965,1031
306015,966,1029
306016,967,1030
306017,969,1031
306018,969,1031
306019,966,1029
306020,964,1027
306021,965,1031
306022,965,1033
306023,968,1036
306024,969,1033
306025,965,1031
306026,962,1031
306027,962,1032
306028,963,1037
306029,967,1039
306030,968,1038
306031,967,1034
306032,964,1034
306033,961,1038
306034,963,1042
306035,963,1046
306036,965,1049
306037,963,1046
306038,959,1044
306039,962,1041
306040,965,1044
306041,968,1042
306042,967,1040
306043,963,1035
306044,963,1033
306045,961,1039
306046,966,1042
306047,968,1041
306048,967,1039
306049,965,1035
306050,964,1034
306051,965,1033
306052,967,1036
306053,971,1040
306054,969,1038
306055,967,1034
306056,967,1035
306057,967,1035
306058,967,1039
306059,974,1040
306060,976,1036
306061,974,1029
306062,971,1026
306063,971,1025
306064,971,1026
306065,975,1023
306066,974,1018
306067,977,1016
306068,976,1011
306069,975,1016
306070,979,1018
306071,983,1015
306072,984,1015
306073,984,1011
306074,977,1005
306075,982,1006
306076,981,1004
306077,988,1008
306078,986,1008
306079,985,1009
306080,982,1008
306081,984,1009
306082,988,1007
306083,990,1009
306084,995,1004
306085,993,1003
306086,994,999
306087,995,1003
306088,997,1005
306089,999,1007
306090,999,1009
306091,1001,1003
306092,998,1003
306093,1001,1004
306094,1007,1007
306095,1009,1010
306096,1010,1010
306097,1009,1004
306098,1009,1003
306099,1006,999
306100,1010,1003
306101,1014,1007
306102,1015,1009
306103,1013,1011
306104,1013,1014
306105,1013,1017
306106,1012,1021
306107,1015,1022
306108,1013,1021
306109,1011,1019
306110,1008,1017
306111,1004,1019
306112,1005,1025
306113,1009,1030
306114,1007,1031
306115,1003,1031
306116,1001,1024
306117,997,1028
306118,999,1028
306119,998,1029
306120,997,1029
306121,993,1029
306122,991,1029
306123,989,1034
306124,995,1035
306125,997,1041
306126,995,1039
306127,993,1041
306128,989,1041
306129,987,1042
306130,990,1043
306131,992,1046
306132,993,1045
306133,987,1044
306134,984,1042
306135,983,1045
306136,984,1048
306137,985,1048
306138,989,1049
306139,989,1045
306140,987,1044
306141,985,1047
306142,985,1050
306143,989,1049
306144,990,1042
306145,991,1039
306146,990,1037
306147,990,1036
306148,995,1038
306149,993,1039
306150,997,1036
306151,994,1032
306152,993,1029
306153,994,1033
306154,994,1035
306155,996,1034
306156,997,1033
306157,993,1028
306158,991,1025
306159,989,1030
306160,991,1028
306161,993,1030
306162,991,1032
306163,990,1029
306164,986,1028
306165,984,1028
306166,988,1032
306167,991,1030
306168,989,1026
306169,987,1025
306170,987,1025
306171,986,1028
306172,986,1030
306173,990,1030
306174,988,1029
306175,988,1028
306176,983,1029
306177,982,1036
306178,987,1036
306179,988,1035
306180,989,1028
306181,989,1022
306182,987,1022
306183,982,1026
306184,988,1029
306185,987,1034
306186,986,1035
306187,986,1034
306188,981,1036
306189,982,1039
306190,982,1041
306191,989,1044
306192,989,1039
306193,984,1033
306194,984,1030
306195,983,1031
306196,987,1032
306197,988,1036
306198,985,1036
306199,983,1034
306200,982,1032
306201,983,1034
306202,982,1037
306203,985,1043
306204,985,1038
306205,987,1035
306206,981,1031
306207,980,1036
306208,982,1036
306209,984,1039
306210,982,1036
306211,982,1034
306212,981,1032
306213,980,1033
306214,982,1034
306215,985,1035
306216,982,1036
306217,980,1035
306218,977,1034
306219,977,1032
306220,979,1035
306221,983,1038
306222,984,1035
306223,983,1031
306224,980,1031
306225,978,1033
306226,979,1036
306227,980,1040
306228,980,1038
306229,977,1036
306230,975,1034
306231,971,1033
306232,977,1037
306233,982,1039
306234,981,1039
306235,977,1037
306236,976,1039
306237,974,1042
306238,978,1043
306239,979,1044
306240,978,1038
306241,975,1036
306242,975,1036
306243,972,1037
306244,976,1039
306245,978,1041
306246,984,1041
306247,978,1040
306248,975,1043
306249,975,1043
306250,977,1043
306251,978,1042
306252,980,1035
306253,979,1030
306254,976,1026
306255,977,1025
306256,978,1028
306257,978,1032
306258,980,1031
306259,977,1028
306260,975,1029
306261,977,1028
306262,977,1033
306263,981,1036
306264,984,1037
306265,981,1035
306266,983,1030
306267,978,1031
306268,984,1035
306269,983,1035
306270,985,1035
306271,983,1033
306272,980,1033
306273,979,1034
306274,979,1036
306275,982,1036
306276,981,1033
306277,980,1033
306278,976,1033
306279,977,1035
306280,980,1038
306281,982,1039
306282,979,1039
306283,978,1039
306284,974,1038
306285,974,1044
306286,979,1046
306287,981,1047
306288,982,1043
306289,978,1037
306290,974,1037
306291,973,1041
306292,977,1046
306293,978,1047
306294,977,1044
306295,977,1040
306296,972,1036
306297,973,1036
306298,975,1041
306299,978,1042
306300,980,1043
306301,978,1040
306302,973,1039
306303,972,1039
306304,975,1041
306305,975,1039
306306,976,1035
306307,978,1033
306308,977,1031
306309,976,1033
306310,980,1038
306311,983,1037
306312,982,1032
306313,980,1028
306314,978,1027
306315,977,1030
306316,980,1034
306317,984,1036
306318,984,1037
306319,983,1033
306320,981,1032
306321,979,1035
306322,980,1041
306323,982,1043
306324,983,1038
306325,977,1033
306326,979,1035
306327,980,1038
306328,986,1039
306329,987,1037
306330,989,1036
306331,986,1033
306332,984,1031
306333,984,1034
306334,987,1037
306335,990,1037
306336,990,1037
306337,990,1034
306338,986,1033
306339,986,1034
306340,989,1036
306341,991,1039
306342,991,1036
306343,992,1028
306344,996,1024
306345,1001,1020
306346,1014,1018
306347,1032,1015
306348,1051,1017
306349,1076,1010
306350,1100,1006
306351,1136,997
306352,1173,989
306353,1213,985
306354,1247,980
306355,1277,987
306356,1301,999
306357,1310,1016
306358,1305,1029
306359,1280,1036
306360,1225,1041
306361,1162,1043
306362,1104,1051
306363,1043,1060
306364,992,1061
306365,966,1060
306366,961,1052
306367,973,1041
306368,984,1028
306369,989,1024
306370,986,1023
306371,982,1030
306372,978,1029
306373,974,1030
306374,968,1032
306375,967,1035
306376,966,1033
306377,968,1037
306378,966,1033
306379,964,1031
306380,962,1028
306381,960,1032
306382,960,1036
306383,963,1041
306384,965,1042
306385,961,1040
306386,959,1036
306387,960,1038
306388,965,1038
306389,968,1043
306390,966,1041
306391,963,1038
306392,960,1036
306393,961,1037
306394,960,1040
306395,964,1045
306396,963,1043
306397,961,1041
306398,960,1037
306399,960,1036
306400,962,1038
306401,964,1041
306402,959,1042
306403,959,1042
306404,959,1042
306405,959,1045
306406,956,1047
306407,962,1046
306408,964,1046
306409,962,1037
306410,963,1034
306411,962,1033
306412,964,1036
306413,965,1037
306414,968,1037
306415,967,1034
306416,964,1032
306417,965,1034
306418,966,1035
306419,970,1036
306420,968,1037
306421,965,1038
306422,966,1033
306423,967,1027
306424,971,1025
306425,973,1021
306426,974,1020
306427,975,1017
306428,975,1013
306429,977,1015
306430,983,1017
306431,987,1016
306432,985,1014
306433,985,1012
306434,983,1013
306435,984,1013
306436,991,1016
306437,994,1017
306438,994,1010
306439,995,1011
306440,991,1006
306441,993,1007
306442,998,1010
306443,999,1013
306444,1000,1012
306445,998,1010
306446,997,1011
306447,996,1012
306448,996,1015
306449,1002,1014
306450,1003,1010
306451,1002,1010
306452,998,1007
306453,997,1010
306454,999,1010
306455,1006,1014
306456,1004,1014
306457,1000,1013
306458,998,1010
306459,1000,1012
306460,1003,1013
306461,1008,1012
306462,1008,1009
306463,1005,1010
306464,1001,1008
306465,999,1011
306466,998,1015
306467,1003,1019
306468,1004,1015
306469,1001,1013
306470,998,1011
306471,994,1013
306472,999,1016
306473,1000,1021
306474,999,1020
306475,995,1024
306476,989,1022
306477,989,1028
306478,990,1030
306479,994,1032
306480,993,1031
306481,990,1031
306482,986,1029
306483,986,1034
306484,987,1038
306485,989,1041
306486,986,1045
306487,983,1043
306488,979,1046
306489,978,1045
306490,982,1045
306491,988,1046
306492,989,1044
306493,984,1038
306494,982,1037
306495,984,1041
306496,987,1039
306497,991,1039
306498,988,1034
306499,990,1032
306500,986,1033
306501,987,1035
306502,989,1039
306503,990,1039
306504,989,1032
306505,987,1031
306506,984,1030
306507,982,1030
306508,981,1035
306509,983,1035
306510,988,1031
306511,985,1030
306512,983,1027
306513,978,1029
306514,978,1032
306515,984,1030
306516,980,1028
306517,980,1025
306518,977,1026
306519,977,1027
306520,980,1028
306521,984,1027
306522,985,1024
306523,983,1024
306524,981,1026
306525,980,1029
306526,984,1031
306527,986,1029
306528,986,1023
306529,982,1022
306530,981,1022
306531,983,1026
306532,987,1028
306533,991,1033
306534,991,1029
306535,987,1026
306536,984,1024
306537,984,1027
306538,986,1032
306539,989,1029
306540,988,1029
306541,984,1028
306542,983,1032
306543,982,1035
306544,983,1036
306545,986,1037
306546,986,1031
306547,986,1027
306548,985,1025
306549,981,1030
306550,986,1031
306551,989,1031
306552,986,1027
306553,985,1023
306554,986,1023
306555,987,1023
306556,989,1029
306557,990,1031
306558,989,1030
306559,991,1028
306560,989,1028
306561,987,1028
306562,987,1032
306563,986,1031
306564,989,1027
306565,985,1026
306566,983,1025
306567,984,1027
306568,988,1028
306569,990,1030
306570,991,1031
306571,987,1030
306572,987,1031
306573,982,1036
306574,988,1034
306575,989,1035
306576,986,1032
306577,986,1029
306578,984,1029
306579,986,1030
306580,985,1036
306581,991,1038
306582,993,1035
306583,996,1027
306584,997,1024
306585,1007,1019
306586,1018,1013
306587,1041,1009
306588,1062,1005
306589,1088,1001
306590,1117,992
306591,1154,983
306592,1195,984
306593,1239,986
306594,1276,991
306595,1300,1007
306596,1305,1023
306597,1283,1032
306598,1239,1036
306599,1182,1038
306600,1119,1050
306601,1047,1056
306602,991,1060
306603,952,1061
306604,941,1060
306605,950,1050
306606,963,1040
306607,971,1032
306608,973,1027
306609,978,1028
306610,978,1029
306611,976,1029
306612,976,1027
306613,972,1023
306614,969,1023
306615,965,1024
306616,966,1029
306617,967,1031
306618,964,1030
306619,962,1029
306620,960,1027
306621,961,1029
306622,962,1033
306623,966,1035
306624,965,1033
306625,965,1031
306626,962,1028
306627,963,1029
306628,963,1033
306629,965,1033
306630,965,1029
306631,959,1026
306632,958,1022
306633,957,1023
306634,959,1025
306635,962,1025
306636,959,1023
306637,954,1022
306638,952,1024
306639,955,1027
306640,958,1028
306641,960,1030
306642,962,1031
306643,960,1028
306644,958,1025
306645,958,1027
306646,961,1027
306647,967,1027
306648,965,1026
306649,964,1026
306650,962,1026
306651,964,1028
306652,967,1030
306653,970,1028
306654,969,1019
306655,971,1013
306656,970,1013
306657,968,1014
306658,968,1018
306659,974,1017
306660,975,1015
306661,976,1013
306662,972,1011
306663,975,1015
306664,978,1017
306665,980,1015
306666,979,1006
306667,980,1002
306668,978,999
306669,977,995
306670,981,996
306671,985,995
306672,987,995
306673,987,990
306674,986,983
306675,985,981
306676,989,980
306677,994,983
306678,997,985
306679,995,980
306680,993,976
306681,992,981
306682,992,985
306683,995,983
306684,997,980
306685,994,971
306686,994,968
306687,992,970
306688,997,976
306689,999,976
306690,1001,975
306691,999,978
306692,1001,982
306693,1001,987
306694,1003,990
306695,1004,991
306696,1006,995
306697,1001,993
306698,996,995
306699,995,1000
306700,996,1007
306701,1003,1010
306702,1001,1008
306703,998,1008
306704,992,1008
306705,991,1012
306706,994,1017
306707,991,1022
306708,985,1022
306709,981,1024
306710,974,1026
306711,973,1029
306712,974,1031
306713,974,1027
306714,971,1026
306715,968,1023
306716,968,1023
306717,964,1024
306718,965,1025
306719,970,1024
306720,969,1020
306721,966,1022
306722,965,1020
306723,963,1023
306724,968,1027
306725,967,1032
306726,967,1029
306727,968,1025
306728,966,1025
306729,966,1026
306730,969,1031
306731,969,1033
306732,967,1030
306733,969,1028
306734,966,1031
306735,969,1030
306736,971,1034
306737,971,1034
306738,971,1032
306739,971,1029
306740,970,1028
306741,967,1030
306742,971,1032
306743,970,1030
306744,970,1030
306745,970,1028
306746,967,1030
306747,969,1035
306748,971,1040
306749,975,1045
306750,977,1038
306751,975,1028
306752,974,1020
306753,971,1018
306754,973,1022
306755,976,1020
306756,975,1018
306757,974,1014
306758,975,1009
306759,974,1009
306760,975,1014
306761,981,1018
306762,977,1017
306763,973,1014
306764,972,1014
306765,970,1017
306766,973,1020
306767,975,1022
306768,977,1020
306769,976,1019
306770,973,1021
306771,973,1021
306772,967,1027
306773,968,1027
306774,970,1027
306775,967,1023
306776,966,1025
306777,968,1025
306778,971,1028
306779,972,1026
306780,970,1026
306781,967,1024
306782,967,1021
306783,967,1022
306784,968,1022
306785,972,1025
306786,971,1027
306787,970,1025
306788,963,1023
306789,964,1024
306790,968,1027
306791,970,1025
306792,970,1024
306793,966,1019
306794,962,1018
306795,965,1022
306796,970,1025
306797,972,1027
306798,973,1028
306799,973,1030
306800,973,1030
306801,970,1030
306802,971,1021
306803,976,1014
306804,977,1009
306805,979,1006
306806,983,1006
306807,995,1009
306808,1009,1008
306809,1028,1009
306810,1055,1003
306811,1088,988
306812,1130,977
306813,1177,972
306814,1228,980
306815,1273,1002
306816,1293,1026
306817,1282,1036
306818,1236,1033
306819,1173,1039
306820,1105,1052
306821,1043,1064
306822,981,1075
306823,934,1078
306824,924,1071
306825,937,1063
306826,953,1049
306827,966,1035
306828,966,1028
306829,964,1019
306830,960,1017
306831,957,1018
306832,957,1022
306833,958,1026
306834,955,1025
306835,953,1022
306836,949,1018
306837,950,1016
306838,953,1022
306839,955,1021
306840,955,1021
306841,954,1021
306842,951,1023
306843,949,1024
306844,953,1027
306845,955,1026
306846,956,1024
306847,953,1020
306848,951,1019
306849,948,1024
306850,952,1024
306851,954,1027
306852,953,1025
306853,950,1022
306854,948,1022
306855,950,1025
306856,954,1026
306857,957,1025
306858,955,1026
306859,953,1024
306860,952,1023
306861,949,1025
306862,953,1027
306863,955,1028
306864,953,1025
306865,952,1021
306866,949,1018
306867,949,1019
306868,954,1022
306869,960,1023
306870,956,1022
306871,958,1020
306872,953,1022
306873,954,1026
306874,961,1027
306875,963,1024
306876,962,1015
306877,963,1005
306878,963,999
306879,964,995
306880,965,1000
306881,969,999
306882,967,998
306883,968,997
306884,967,1000
306885,967,1007
306886,969,1010
306887,974,1006
306888,975,996
306889,977,986
306890,976,976
306891,976,974
306892,978,976
306893,981,977
306894,981,976
306895,984,976
306896,979,973
306897,981,978
306898,986,982
306899,986,986
306900,984,987
306901,988,986
306902,985,984
306903,982,987
306904,986,989
306905,989,993
306906,990,992
306907,992,987
306908,991,988
306909,991,991
306910,994,993
306911,995,995
306912,997,996
306913,993,994
306914,988,996
306915,988,1003
306916,991,1007
306917,991,1010
306918,989,1011
306919,983,1011
306920,982,1014
306921,980,1018
306922,979,1019
306923,984,1023
306924,982,1023
306925,979,1024
306926,973,1021
306927,973,1027
306928,972,1030
306929,971,1040
306930,974,1043
306931,972,1043
306932,967,1033
306933,966,1029
306934,964,1030
306935,969,1037
306936,969,1034
306937,969,1031
306938,967,1024
306939,968,1025
306940,968,1029
306941,972,1031
306942,972,1031
306943,972,1024
306944,971,1025
306945,973,1025
306946,975,1027
306947,978,1030
306948,975,1032
306949,974,1032
306950,972,1032
306951,973,1032
306952,979,1032
306953,982,1035
306954,982,1033
306955,980,1031
306956,979,1030
306957,977,1034
306958,975,1040
306959,976,1042
306960,971,1039
306961,971,1030
306962,970,1023
306963,972,1023
306964,977,1029
306965,981,1027
306966,980,1026
306967,979,1020
306968,975,1019
306969,974,1022
306970,975,1027
306971,983,1027
306972,984,1024
306973,985,1025
306974,981,1024
306975,981,1026
306976,983,1031
306977,987,1032
306978,984,1029
306979,982,1028
306980,980,1029
306981,979,1032
306982,982,1034
306983,982,1033
306984,984,1032
306985,983,1031
306986,978,1030
306987,973,1032
306988,978,1034
306989,981,1036
306990,977,1033
306991,975,1033
306992,971,1034
306993,973,1037
306994,979,1041
306995,983,1036
306996,979,1033
306997,977,1030
306998,971,1026
306999,972,1031
307000,974,1034
307001,977,1038
307002,977,1042
307003,976,1042
307004,975,1038
307005,978,1030
307006,979,1025
307007,988,1027
307008,984,1033
307009,982,1035
307010,979,1031
307011,982,1024
307012,989,1018
307013,991,1012
307014,992,1011
307015,990,1009
307016,990,1007
307017,996,1007
307018,1012,1008
307019,1028,1005
307020,1042,1003
307021,1060,1000
307022,1091,992
307023,1134,987
307024,1180,987
307025,1228,991
307026,1273,999
307027,1304,1017
307028,1306,1036
307029,1280,1039
307030,1225,1043
307031,1158,1051
307032,1082,1062
307033,1012,1070
307034,954,1070
307035,932,1067
307036,938,1061
307037,958,1051
307038,964,1044
307039,967,1040
307040,966,1036
307041,964,1037
307042,963,1038
307043,966,1041
307044,960,1043
307045,956,1040
307046,954,1036
307047,955,1030
307048,958,1025
307049,963,1025
307050,964,1023
307051,968,1019
307052,962,1019
307053,956,1024
307054,948,1030
307055,947,1034
307056,951,1031
307057,951,1028
307058,953,1025
307059,955,1026
307060,960,1029
307061,961,1030
307062,956,1029
307063,950,1027
307064,947,1028
307065,945,1031
307066,946,1035
307067,952,1033
307068,952,1034
307069,952,1028
307070,948,1028
307071,952,1030
307072,957,1035
307073,957,1034
307074,957,1033
307075,954,1029
307076,951,1029
307077,951,1030
307078,953,1031
307079,956,1036
307080,956,1035
307081,953,1037
307082,952,1035
307083,956,1037
307084,956,1034
307085,959,1030
307086,957,1026
307087,959,1017
307088,958,1015
307089,957,1015
307090,960,1018
307091,962,1016
307092,962,1012
307093,962,1004
307094,961,1005
307095,961,1006
307096,967,1007
307097,970,1003
307098,969,999
307099,970,993
307100,972,992
307101,972,992
307102,974,997
307103,980,996
307104,981,993
307105,980,986
307106,977,987
307107,978,988
307108,979,989
307109,983,990
307110,982,992
307111,978,988
307112,979,988
307113,983,991
307114,984,993
307115,986,995
307116,985,994
307117,983,991
307118,983,989
307119,986,991
307120,990,995
307121,997,996
307122,996,996
307123,991,992
307124,986,999
307125,983,1004
307126,987,1006
307127,991,1007
307128,988,1004
307129,985,1004
307130,979,1004
307131,975,1013
307132,976,1021
307133,980,1024
307134,979,1023
307135,979,1023
307136,976,1018
307137,977,1022
307138,983,1028
307139,988,1030
307140,988,1029
307141,983,1031
307142,974,1034
307143,964,1045
307144,963,1049
307145,967,1049
307146,968,1043
307147,968,1034
307148,968,1032
307149,970,1037
307150,969,1042
307151,970,1041
307152,968,1038
307153,964,1038
307154,964,1039
307155,967,1042
307156,969,1046
307157,971,1047
307158,966,1044
307159,969,1035
307160,970,1030
307161,973,1030
307162,976,1032
307163,981,1033
307164,987,1030
307165,988,1029
307166,993,1029
307167,997,1034
307168,1001,1038
307169,1009,1040
307170,1013,1042
307171,1017,1041
307172,1031,1029
307173,1043,1014
307174,1058,992
307175,1075,977
307176,1092,960
307177,1109,944
307178,1123,924
307179,1139,909
307180,1156,896
307181,1173,874
307182,1191,852
307183,1211,833
307184,1227,819
307185,1242,809
307186,1253,806
307187,1254,806
307188,1251,807
307189,1245,802
307190,1239,799
307191,1235,799
307192,1231,799
307193,1220,800
307194,1200,803
307195,1178,803
307196,1153,810
307197,1129,823
307198,1108,836
307199,1084,850
307200,1061,866
307201,1046,881
307202,1038,900
307203,1035,915
307204,1037,924
307205,1039,927
307206,1035,934
307207,1029,941
307208,1027,952
307209,1043,967
307210,1061,976
307211,1084,981
307212,1096,981
307213,1086,983
307214,1054,998
307215,1012,1011
307216,969,1025
307217,943,1038
307218,929,1051
307219,921,1059
307220,916,1062
307221,914,1064
307222,913,1065
307223,911,1070
307224,906,1073
307225,901,1076
307226,898,1077
307227,895,1085
307228,896,1089
307229,896,1091
307230,895,1095
307231,892,1093
307232,889,1095
307233,887,1099
307234,887,1105
307235,893,1108
307236,893,1107
307237,888,1113
307238,876,1123
307239,865,1142
307240,859,1162
307241,861,1177
307242,867,1171
307243,873,1142
307244,877,1115
307245,886,1101
307246,892,1108
307247,892,1115
307248,886,1123
307249,881,1125
307250,877,1128
307251,877,1134
307252,877,1138
307253,884,1143
307254,882,1145
307255,880,1145
307256,878,1148
307257,878,1152
307258,880,1158
307259,883,1160
307260,885,1158
307261,883,1158
307262,879,1158
307263,878,1161
307264,877,1168
307265,879,1172
307266,881,1171
307267,877,1169
307268,877,1168
307269,877,1171
307270,880,1174
307271,883,1174
307272,888,1173
307273,890,1170
307274,892,1169
307275,893,1172
307276,900,1174
307277,906,1171
307278,908,1169
307279,909,1164
307280,910,1161
307281,915,1159
307282,921,1155
307283,928,1152
307284,927,1142
307285,929,1137
307286,926,1131
307287,928,1129
307288,932,1126
307289,937,1121
307290,938,1114
307291,940,1108
307292,945,1105
307293,947,1103
307294,950,1098
307295,957,1090
307296,960,1079
307297,961,1072
307298,961,1067
307299,963,1071
307300,968,1075
307301,976,1074
307302,976,1068
307303,978,1054
307304,974,1044
307305,975,1041
307306,975,1041
307307,979,1041
307308,979,1039
307309,975,1034
307310,973,1030
307311,966,1030
307312,971,1034
307313,973,1032
307314,974,1031
307315,971,1030
307316,968,1029
307317,968,1033
307318,966,1036
307319,972,1038
307320,972,1040
307321,971,1039
307322,968,1036
307323,965,1035
307324,966,1038
307325,969,1036
307326,971,1032
307327,968,1030
307328,965,1028
307329,970,1031
307330,974,1035
307331,979,1036
307332,977,1034
307333,974,1033
307334,972,1030
307335,973,1035
307336,975,1036
307337,978,1038
307338,973,1033
307339,969,1032
307340,966,1033
307341,968,1035
307342,974,1035
307343,976,1033
307344,974,1029
307345,972,1025
307346,973,1026
307347,974,1027
307348,979,1030
307349,981,1029
307350,980,1032
307351,974,1027
307352,971,1031
307353,975,1032
307354,975,1033
307355,979,1031
307356,976,1030
307357,974,1032
307358,971,1034
307359,971,1032
307360,974,1026
307361,980,1017
307362,981,1009
307363,977,1008
307364,977,1007
307365,978,1012
307366,980,1016
307367,979,1018
307368,977,1017
307369,974,1014
307370,973,1016
307371,977,1017
307372,981,1025
307373,982,1023
307374,986,1022
307375,980,1021
307376,976,1021
307377,975,1021
307378,979,1023
307379,979,1027
307380,982,1026
307381,978,1023
307382,978,1023
307383,981,1024
307384,986,1027
307385,985,1027
307386,986,1023
307387,982,1024
307388,979,1023
307389,981,1025
307390,981,1025
307391,984,1024
307392,981,1024
307393,977,1019
307394,973,1018
307395,976,1022
307396,978,1026
307397,982,1026
307398,979,1025
307399,978,1021
307400,975,1020
307401,975,1022
307402,981,1022
307403,983,1027
307404,981,1030
307405,976,1031
307406,974,1029
307407,975,1029
307408,978,1031
307409,979,1035
307410,978,1036
307411,978,1034
307412,979,1026
307413,981,1020
307414,982,1016
307415,983,1015
307416,987,1013
307417,986,1013
307418,981,1014
307419,982,1019
307420,981,1022
307421,985,1024
307422,984,1023
307423,981,1022
307424,981,1023
307425,979,1025
307426,979,1031
307427,985,1035
307428,986,1033
307429,988,1028
307430,985,1024
307431,981,1024
307432,985,1026
307433,989,1027
307434,986,1023
307435,982,1024
307436,979,1025
307437,980,1026
307438,984,1024
307439,990,1021
307440,989,1018
307441,985,1013
307442,978,1013
307443,981,1019
307444,980,1024
307445,982,1022
307446,984,1019
307447,980,1018
307448,978,1014
307449,980,1018
307450,980,1022
307451,982,1022
307452,981,1024
307453,980,1023
307454,978,1026
307455,977,1027
307456,981,1029
307457,985,1028
307458,985,1026
307459,983,1024
307460,984,1024
307461,984,1030
307462,987,1032
307463,991,1029
307464,990,1021
307465,990,1013
307466,997,1008
307467,1006,1007
307468,1028,1005
307469,1050,1003
307470,1076,995
307471,1103,979
307472,1138,968
307473,1182,969
307474,1229,976
307475,1270,991
307476,1294,1013
307477,1297,1028
307478,1271,1033
307479,1218,1036
307480,1161,1043
307481,1104,1054
307482,1042,1062
307483,984,1066
307484,954,1064
307485,948,1064
307486,960,1053
307487,973,1041
307488,980,1033
307489,979,1023
307490,977,1023
307491,977,1021
307492,976,1023
307493,976,1022
307494,972,1020
307495,967,1019
307496,965,1018
307497,968,1023
307498,967,1027
307499,967,1027
307500,963,1026
307501,962,1024
307502,962,1022
307503,963,1025
307504,966,1026
307505,969,1027
307506,963,1025
307507,960,1029
307508,960,1031
307509,962,1033
307510,965,1036
307511,968,1036
307512,967,1033
307513,964,1029
307514,960,1025
307515,962,1026
307516,967,1025
307517,968,1022
307518,966,1022
307519,963,1020
307520,959,1015
307521,958,1012
307522,961,1016
307523,963,1013
307524,961,1013
307525,962,1012
307526,957,1011
307527,959,1012
307528,961,1018
307529,964,1015
307530,965,1015
307531,960,1012
307532,958,1012
307533,956,1013
307534,962,1014
307535,965,1016
307536,969,1011
307537,965,1009
307538,963,1010
307539,966,1010
307540,969,1010
307541,970,1009
307542,969,1005
307543,968,1003
307544,970,1000
307545,971,1000
307546,974,1005
307547,979,1005
307548,981,1001
307549,981,995
307550,975,993
307551,974,999
307552,976,1005
307553,979,1003
307554,980,997
307555,984,991
307556,982,989
307557,983,989
307558,985,990
307559,986,991
307560,986,989
307561,986,982
307562,986,974
307563,990,968
307564,999,965
307565,1003,965
307566,1006,963
307567,1004,966
307568,1002,968
307569,1003,972
307570,1006,974
307571,1008,975
307572,1009,977
307573,1008,978
307574,1007,977
307575,1006,985
307576,1014,988
307577,1020,988
307578,1017,990
307579,1012,989
307580,1014,992
307581,1013,998
307582,1016,1002
307583,1015,1007
307584,1014,1005
307585,1011,1004
307586,1002,1003
307587,1003,1009
307588,1004,1015
307589,1002,1016
307590,998,1016
307591,994,1014
307592,987,1013
307593,985,1015
307594,988,1016
307595,990,1019
307596,986,1018
307597,981,1016
307598,980,1019
307599,981,1023
307600,983,1025
307601,987,1029
307602,985,1031
307603,984,1029
307604,982,1026
307605,983,1028
307606,984,1030
307607,987,1032
307608,988,1030
307609,984,1028
307610,981,1021
307611,983,1022
307612,986,1024
307613,988,1027
307614,986,1026
307615,988,1025
307616,987,1020
307617,987,1021
307618,991,1022
307619,994,1020
307620,992,1019
307621,989,1018
307622,987,1017
307623,989,1020
307624,993,1020
307625,996,1023
307626,995,1018
307627,992,1012
307628,989,1012
307629,987,1016
307630,994,1017
307631,996,1020
307632,994,1017
307633,990,1016
307634,990,1013
307635,986,1015
307636,991,1017
307637,992,1020
307638,989,1018
307639,986,1016
307640,984,1015
307641,986,1016
307642,989,1021
307643,991,1020
307644,988,1018
307645,989,1014
307646,987,1017
307647,989,1020
307648,988,1025
307649,987,1026
307650,986,1026
307651,984,1030
307652,985,1029
307653,988,1030
307654,991,1032
307655,991,1030
307656,992,1028
307657,988,1024
307658,988,1024
307659,988,1028
307660,989,1031
307661,991,1032
307662,991,1028
307663,989,1023
307664,988,1022
307665,988,1021
307666,990,1024
307667,991,1023
307668,989,1022
307669,989,1020
307670,985,1020
307671,987,1023
307672,991,1023
307673,994,1025
307674,989,1022
307675,990,1021
307676,987,1020
307677,985,1019
307678,984,1023
307679,987,1021
307680,989,1019
307681,985,1017
307682,981,1016
307683,983,1020
307684,987,1021
307685,989,1020
307686,989,1022
307687,989,1021
307688,984,1022
307689,986,1023
307690,987,1024
307691,993,1019
307692,1003,1013
307693,1013,1008
307694,1027,1004
307695,1047,1003
307696,1071,1004
307697,1103,995
307698,1137,987
307699,1176,980
307700,1214,984
307701,1255,998
307702,1286,1019
307703,1303,1039
307704,1291,1047
307705,1253,1044
307706,1202,1050
307707,1144,1062
307708,1084,1079
307709,1026,1089
307710,971,1092
307711,941,1091
307712,937,1085
307713,952,1077
307714,966,1067
307715,971,1058
307716,972,1050
307717,978,1041
307718,978,1035
307719,981,1035
307720,979,1037
307721,976,1034
307722,975,1033
307723,970,1031
307724,965,1032
307725,964,1037
307726,969,1038
307727,968,1036
307728,969,1036
307729,967,1036
307730,965,1034
307731,963,1036
307732,967,1034
307733,969,1032
307734,967,1029
307735,967,1028
307736,965,1030
307737,964,1031
307738,969,1034
307739,968,1027
307740,968,1021
307741,965,1021
307742,961,1022
307743,963,1023
307744,965,1029
307745,967,1029
307746,965,1029
307747,964,1023
307748,962,1025
307749,963,1028
307750,965,1033
307751,965,1033
307752,965,1028
307753,964,1022
307754,962,1021
307755,965,1020
307756,968,1023
307757,970,1024
307758,969,1022
307759,969,1019
307760,966,1021
307761,964,1020
307762,966,1020
307763,965,1017
307764,966,1016
307765,963,1012
307766,963,1014
307767,966,1015
307768,968,1015
307769,970,1009
307770,969,1008
307771,967,1008
307772,966,1011
307773,969,1012
307774,975,1009
307775,981,1006
307776,977,1003
307777,977,1001
307778,975,997
307779,977,998
307780,981,999
307781,983,996
307782,982,995
307783,981,992
307784,980,995
307785,983,994
307786,989,996
307787,992,994
307788,992,990
307789,993,985
307790,992,979
307791,993,977
307792,995,979
307793,996,981
307794,993,981
307795,991,981
307796,989,978
307797,994,977
307798,997,978
307799,998,979
307800,999,977
307801,995,975
307802,994,979
307803,994,985
307804,997,988
307805,1000,991
307806,997,987
307807,995,987
307808,994,987
307809,995,991
307810,997,997
307811,998,1002
307812,1001,1001
307813,1000,1001
307814,996,1002
307815,998,1005
307816,999,1011
307817,1000,1013
307818,998,1013
307819,996,1012
307820,994,1017
307821,995,1020
307822,996,1025
307823,996,1028
307824,996,1028
307825,991,1030
307826,989,1029
307827,989,1032
307828,991,1036
307829,990,1039
307830,988,1039
307831,984,1035
307832,981,1032
307833,981,1034
307834,985,1037
307835,989,1038
307836,984,1040
307837,981,1037
307838,980,1037
307839,977,1038
307840,981,1043
307841,985,1043
307842,984,1039
307843,982,1036
307844,980,1033
307845,982,1038
307846,984,1041
307847,985,1039
307848,982,1033
307849,979,1029
307850,976,1028
307851,977,1034
307852,980,1035
307853,984,1037
307854,983,1037
307855,983,1037
307856,980,1035
307857,981,1037
307858,982,1037
307859,986,1037
307860,985,1035
307861,982,1033
307862,981,1034
307863,984,1035
307864,986,1036
307865,988,1034
307866,983,1033
307867,984,1031
307868,981,1029
307869,985,1031
307870,989,1033
307871,994,1031
307872,994,1034
307873,992,1032
307874,993,1030
307875,993,1032
307876,996,1036
307877,995,1036
307878,994,1033
307879,989,1029
307880,987,1027
307881,989,1028
307882,992,1032
307883,994,1032
307884,992,1030
307885,991,1028
307886,988,1029
307887,985,1032
307888,986,1034
307889,989,1033
307890,988,1033
307891,984,1031
307892,981,1030
307893,981,1034
307894,986,1037
307895,989,1039
307896,988,1037
307897,985,1031
307898,981,1031
307899,981,1031
307900,985,1032
307901,990,1033
307902,984,1033
307903,982,1033
307904,979,1039
307905,979,1042
307906,984,1049
307907,983,1046
307908,981,1040
307909,978,1035
307910,977,1040
307911,976,1042
307912,981,1042
307913,983,1039
307914,981,1034
307915,980,1033
307916,972,1036
307917,976,1038
307918,978,1041
307919,984,1038
307920,984,1035
307921,980,1030
307922,977,1030
307923,981,1031
307924,983,1036
307925,985,1034
307926,983,1036
307927,981,1035
307928,978,1034
307929,979,1038
307930,980,1038
307931,983,1037
307932,981,1035
307933,979,1034
307934,979,1033
307935,985,1035
307936,988,1036
307937,989,1036
307938,985,1035
307939,984,1033
307940,981,1036
307941,982,1039
307942,981,1043
307943,983,1044
307944,984,1042
307945,980,1041
307946,981,1039
307947,985,1039
307948,983,1043
307949,986,1042
307950,984,1042
307951,981,1036
307952,983,1038
307953,983,1038
307954,990,1040
307955,992,1033
307956,996,1029
307957,993,1026
307958,992,1025
307959,996,1029
307960,1005,1031
307961,1016,1026
307962,1023,1021
307963,1033,1016
307964,1050,1014
307965,1071,1008
307966,1100,1002
307967,1136,991
307968,1173,984
307969,1205,979
307970,1235,988
307971,1266,1011
307972,1286,1035
307973,1291,1046
307974,1261,1048
307975,1213,1046
307976,1155,1050
307977,1101,1064
307978,1046,1079
307979,992,1084
307980,955,1087
307981,942,1083
307982,946,1073
307983,956,1066
307984,968,1057
307985,979,1049
307986,982,1040
307987,979,1036
307988,974,1038
307989,970,1038
307990,970,1041
307991,971,1040
307992,972,1041
307993,967,1037
307994,965,1038
307995,963,1034
307996,966,1034
307997,965,1038
307998,964,1036
307999,961,1036
308000,957,1035
308001,963,1037
308002,962,1038
308003,965,1039
308004,963,1040
308005,961,1041
308006,960,1042
308007,959,1041
308008,962,1039
308009,965,1037
308010,963,1040
308011,958,1041
308012,955,1042
308013,959,1044
308014,958,1043
308015,962,1039
308016,960,1036
308017,957,1033
308018,955,1034
308019,957,1040
308020,960,1041
308021,960,1043
308022,963,1039
308023,957,1037
308024,955,1039
308025,958,1040
308026,960,1044
308027,963,1042
308028,961,1039
308029,956,1036
308030,956,1038
308031,958,1035
308032,962,1033
308033,968,1028
308034,965,1021
308035,964,1021
308036,960,1020
308037,963,1021
308038,965,1024
308039,967,1026
308040,966,1023
308041,965,1019
308042,964,1019
308043,967,1021
308044,970,1021
308045,975,1017
308046,972,1011
308047,976,1004
308048,974,1006
308049,976,1009
308050,978,1010
308051,984,1009
308052,985,1008
308053,982,1003
308054,978,1002
308055,978,1005
308056,980,1002
308057,983,999
308058,984,997
308059,980,994
308060,982,997
308061,982,999
308062,988,1004
308063,989,1001
308064,989,1001
308065,986,996
308066,984,995
308067,988,997
308068,991,1000
308069,994,998
308070,995,995
308071,993,993
308072,993,998
308073,991,1004
308074,994,1006
308075,998,1007
308076,998,1004
308077,997,999
308078,995,997
308079,994,1003
308080,994,1006
308081,994,1011
308082,998,1014
308083,996,1015
308084,995,1012
308085,995,1015
308086,997,1016
308087,999,1014
308088,995,1014
308089,992,1015
308090,987,1020
308091,987,1025
308092,988,1033
308093,990,1029
308094,987,1029
308095,982,1029
308096,982,1029
308097,978,1034
308098,980,1037
308099,980,1037
308100,973,1040
308101,970,1043
308102,967,1046
308103,970,1048
308104,970,1048
308105,971,1046
308106,971,1040
308107,971,1035
308108,967,1035
308109,966,1040
308110,969,1044
308111,970,1043
308112,969,1043
308113,967,1038
308114,966,1036
308115,966,1039
308116,971,1043
308117,978,1044
308118,978,1041
308119,974,1039
308120,971,1038
308121,971,1043
308122,974,1049
308123,976,1045
308124,974,1038
308125,975,1034
308126,973,1032
308127,975,1034
308128,975,1034
308129,977,1032
308130,976,1028
308131,973,1028
308132,971,1029
308133,972,1031
308134,975,1033
308135,979,1035
308136,979,1033
308137,980,1028
308138,977,1029
308139,979,1031
308140,982,1034
308141,983,1034
308142,982,1033
308143,977,1033
308144,977,1030
308145,980,1032
308146,982,1034
308147,984,1036
308148,982,1038
308149,983,1037
308150,980,1039
308151,980,1043
308152,983,1046
308153,986,1046
308154,982,1046
308155,980,1042
308156,979,1040
308157,980,1043
308158,984,1040
308159,984,1035
308160,978,1033
308161,980,1033
308162,976,1035
308163,977,1039
308164,977,1037
308165,981,1037
308166,977,1032
308167,976,1028
308168,974,1028
308169,976,1030
308170,980,1032
308171,981,1028
308172,982,1024
308173,977,1025
308174,972,1025
308175,975,1030
308176,977,1032
308177,980,1034
308178,977,1032
308179,974,1027
308180,974,1032
308181,973,1036
308182,976,1035
308183,977,1034
308184,975,1033
308185,973,1029
308186,970,1030
308187,969,1032
308188,970,1035
308189,974,1035
308190,972,1033
308191,969,1031
308192,967,1033
308193,969,1033
308194,970,1039
308195,971,1042
308196,967,1042
308197,966,1043
308198,967,1041
308199,970,1042
308200,975,1045
308201,977,1049
308202,973,1045
308203,974,1037
308204,971,1032
308205,970,1037
308206,974,1039
308207,979,1040
308208,976,1041
308209,975,1037
308210,972,1040
308211,973,1042
308212,974,1044
308213,978,1043
308214,975,1039
308215,969,1038
308216,969,1039
308217,968,1043
308218,969,1043
308219,971,1042
308220,968,1037
308221,971,1034
308222,970,1029
308223,968,1034
308224,972,1038
308225,971,1040
308226,972,1039
308227,968,1033
308228,967,1032
308229,969,1033
308230,970,1035
308231,972,1036
308232,973,1032
308233,969,1030
308234,967,1031
308235,970,1031
308236,968,1034
308237,969,1034
308238,968,1029
308239,965,1030
308240,965,1034
308241,966,1038
308242,970,1039
308243,968,1036
308244,966,1032
308245,968,1028
308246,968,1029
308247,969,1032
308248,973,1033
308249,974,1034
308250,974,1034
308251,970,1035
308252,967,1037
308253,967,1040
308254,972,1039
308255,972,1036
308256,973,1034
308257,971,1026
308258,965,1027
308259,967,1030
308260,970,1034
308261,973,1037
308262,970,1033
308263,969,1033
308264,968,1032
308265,967,1033
308266,972,1037
308267,976,1042
308268,975,1038
308269,970,1034
308270,969,1033
308271,970,1035
308272,972,1037
308273,972,1033
308274,973,1028
308275,972,1027
308276,971,1028
308277,973,1028
308278,972,1035
308279,972,1034
308280,970,1032
308281,968,1032
308282,965,1033
308283,966,1034
308284,971,1036
308285,974,1037
308286,972,1035
308287,971,1033
308288,966,1032
308289,965,1034
308290,967,1039
308291,970,1039
308292,969,1034
308293,967,1030
308294,965,1029
308295,969,1031
308296,974,1034
308297,975,1032
308298,973,1033
308299,972,1029
308300,970,1029
308301,972,1036
308302,974,1043
308303,976,1040
308304,974,1034
308305,972,1026
308306,969,1022
308307,970,1022
308308,975,1025
308309,977,1025
308310,978,1025
308311,974,1021
308312,972,1025
308313,971,1027
308314,971,1028
308315,975,1027
308316,975,1023
308317,972,1022
308318,971,1023
308319,970,1026
308320,971,1029
308321,975,1029
308322,972,1026
308323,969,1026
308324,965,1030
308325,968,1030
308326,969,1036
308327,968,1034
308328,967,1034
308329,961,1033
308330,964,1036
308331,961,1039
308332,964,1041
308333,965,1038
308334,966,1033
308335,964,1029
308336,963,1031
308337,964,1035
308338,967,1039
308339,969,1038
308340,967,1040
308341,966,1036
308342,962,1031
308343,963,1031
308344,970,1033
308345,972,1035
308346,973,1034
308347,971,1024
308348,968,1023
308349,967,1026
308350,974,1025
308351,974,1022
308352,971,1019
308353,974,1017
308354,973,1020
308355,973,1022
308356,971,1023
308357,977,1024
308358,977,1026
308359,975,1025
308360,972,1026
308361,972,1029
308362,976,1029
308363,978,1029
308364,974,1025
308365,969,1024
308366,966,1027
308367,970,1030
308368,970,1036
308369,976,1038
308370,972,1035
308371,967,1032
308372,966,1028
308373,969,1029
308374,974,1031
308375,974,1029
308376,969,1029
308377,969,1027
308378,970,1021
308379,969,1023
308380,975,1023
308381,975,1027
308382,974,1024
308383,972,1023
308384,971,1023
308385,970,1029
308386,975,1034
308387,977,1032
308388,977,1028
308389,973,1022
308390,972,1020
308391,974,1019
308392,978,1023
308393,979,1021
308394,979,1020
308395,980,1017
308396,981,1016
308397,980,1015
308398,982,1018
308399,986,1020
308400,983,1016
308401,979,1017
308402,977,1017
308403,983,1017
308404,989,1021
308405,999,1016
308406,1011,1012
308407,1026,1009
308408,1041,1009
308409,1064,1007
308410,1091,1004
308411,1126,992
308412,1157,980
308413,1185,970
308414,1218,972
308415,1256,984
308416,1286,1006
308417,1299,1026
308418,1277,1037
308419,1229,1037
308420,1168,1040
308421,1109,1051
308422,1057,1057
308423,1010,1056
308424,975,1053
308425,954,1046
308426,954,1040
308427,974,1036
308428,986,1035
308429,986,1032
308430,980,1028
308431,973,1027
308432,968,1027
308433,969,1027
308434,967,1024
308435,966,1024
308436,967,1024
308437,961,1026
308438,955,1026
308439,955,1028
308440,959,1028
308441,961,1023
308442,955,1019
308443,950,1019
308444,949,1021
308445,950,1025
308446,953,1027
308447,958,1027
308448,957,1024
308449,952,1020
308450,951,1022
308451,953,1027
308452,956,1029
308453,958,1029
308454,957,1031
308455,955,1028
308456,954,1030
308457,955,1032
308458,956,1035
308459,960,1035
308460,955,1035
308461,950,1036
308462,950,1037
308463,949,1035
308464,949,1037
308465,954,1034
308466,953,1033
308467,950,1031
308468,950,1030
308469,953,1034
308470,957,1036
308471,958,1035
308472,957,1030
308473,955,1028
308474,956,1026
308475,960,1029
308476,964,1028
308477,967,1027
308478,963,1022
308479,965,1021
308480,965,1020
308481,965,1022
308482,966,1020
308483,964,1016
308484,964,1014
308485,963,1011
308486,964,1011
308487,964,1008
308488,968,1005
308489,969,1004
308490,973,1002
308491,971,1000
308492,971,1002
308493,971,1005
308494,974,1005
308495,979,999
308496,982,995
308497,981,990
308498,981,992
308499,978,994
308500,984,997
308501,987,995
308502,987,991
308503,985,993
308504,984,992
308505,987,993
308506,991,998
308507,991,996
308508,991,995
308509,990,994
308510,989,996
308511,989,997
308512,992,997
308513,992,997
308514,991,995
308515,988,997
308516,986,998
308517,989,1005
308518,994,1006
308519,997,1002
308520,999,996
308521,995,994
308522,994,995
308523,994,1000
308524,997,1004
308525,1001,1007
308526,999,1006
308527,993,1003
308528,990,1003
308529,990,1007
308530,989,1010
308531,992,1011
308532,988,1015
308533,986,1012
308534,981,1011
308535,980,1014
308536,984,1016
308537,983,1015
308538,983,1017
308539,978,1018
308540,977,1023
308541,975,1025
308542,975,1029
308543,976,1025
308544,972,1023
308545,967,1021
308546,962,1025
308547,965,1029
308548,969,1034
308549,968,1036
308550,964,1035
308551,964,1034
308552,962,1032
308553,964,1035
308554,964,1036
308555,969,1037
308556,966,1034
308557,964,1030
308558,963,1032
308559,964,1032
308560,965,1032
308561,970,1034
308562,971,1029
308563,972,1026
308564,970,1028
308565,970,1030
308566,974,1032
308567,977,1032
308568,976,1030
308569,974,1027
308570,972,1025
308571,972,1028
308572,978,1029
308573,980,1027
308574,978,1022
308575,974,1017
308576,973,1020
308577,972,1024
308578,976,1024
308579,980,1023
308580,979,1019
308581,976,1015
308582,977,1013
308583,978,1019
308584,977,1019
308585,984,1017
308586,981,1017
308587,981,1016
308588,980,1017
308589,981,1017
308590,982,1016
308591,983,1018
308592,979,1018
308593,976,1022
308594,978,1024
308595,977,1027
308596,979,1023
308597,982,1021
308598,982,1016
308599,981,1014
308600,980,1016
308601,978,1016
308602,977,1019
308603,981,1016
308604,978,1017
308605,978,1017
308606,974,1019
308607,976,1025
308608,980,1028
308609,981,1029
308610,979,1026
308611,974,1025
308612,970,1028
308613,971,1026
308614,973,1026
308615,976,1023
308616,975,1022
308617,972,1022
308618,969,1024
308619,967,1029
308620,972,1033
308621,975,1034
308622,977,1028
308623,974,1025
308624,972,1025
308625,973,1027
308626,973,1028
308627,979,1030
308628,976,1027
308629,976,1027
308630,972,1025
308631,975,1027
308632,979,1028
308633,979,1027
308634,978,1026
308635,975,1026
308636,973,1027
308637,976,1031
308638,978,1033
308639,979,1031
308640,977,1027
308641,972,1022
308642,972,1022
308643,974,1027
308644,976,1031
308645,977,1035
308646,976,1034
308647,972,1033
308648,969,1038
308649,971,1042
308650,973,1041
308651,976,1035
308652,977,1028
308653,975,1026
308654,973,1024
308655,969,1025
308656,970,1031
308657,974,1032
308658,977,1029
308659,975,1029
308660,968,1030
308661,969,1036
308662,971,1039
308663,974,1036
308664,973,1034
308665,970,1032
308666,971,1034
308667,973,1038
308668,973,1043
308669,976,1044
308670,979,1039
308671,975,1036
308672,971,1030
308673,972,1031
308674,978,1032
308675,981,1033
308676,978,1032
308677,976,1029
308678,976,1028
308679,976,1030
308680,976,1032
308681,982,1030
308682,981,1028
308683,979,1027
308684,976,1026
308685,976,1028
308686,981,1032
308687,983,1028
308688,980,1027
308689,978,1025
308690,976,1029
308691,975,1032
308692,981,1038
308693,981,1039
308694,983,1039
308695,981,1036
308696,980,1037
308697,981,1037
308698,984,1037
308699,990,1028
308700,989,1019
308701,994,1010
308702,1001,1010
308703,1011,1013
308704,1033,1015
308705,1053,1014
308706,1080,1007
308707,1112,989
308708,1147,979
308709,1189,978
308710,1234,990
308711,1274,1004
308712,1299,1023
308713,1298,1036
308714,1269,1044
308715,1214,1051
308716,1149,1062
308717,1084,1071
308718,1018,1080
308719,967,1079
308720,943,1078
308721,945,1069
308722,961,1062
308723,977,1048
308724,978,1035
308725,977,1030
308726,972,1028
308727,971,1032
308728,971,1037
308729,974,1036
308730,970,1030
308731,963,1026
308732,958,1027
308733,959,1034
308734,960,1037
308735,962,1038
308736,960,1038
308737,957,1035
308738,956,1029
308739,959,1032
308740,962,1038
308741,961,1034
308742,960,1029
308743,958,1024
308744,958,1025
308745,959,1032
308746,963,1036
308747,963,1038
308748,961,1034
308749,959,1030
308750,955,1028
308751,955,1034
308752,960,1037
308753,963,1039
308754,964,1037
308755,962,1030
308756,961,1026
308757,962,1028
308758,964,1033
308759,966,1032
308760,968,1032
308761,964,1030
308762,964,1027
308763,965,1028
308764,968,1029
308765,969,1026
308766,972,1023
308767,971,1021
308768,966,1019
308769,969,1024
308770,968,1024
308771,972,1022
308772,973,1021
308773,971,1020
308774,972,1017
308775,975,1016
308776,978,1017
308777,981,1014
308778,977,1011
308779,976,1010
308780,976,1008
308781,978,1011
308782,982,1010
308783,983,1007
308784,982,1006
308785,981,1003
308786,986,1002
308787,986,1000
308788,995,1005
308789,997,1003
308790,995,1000
308791,994,999
308792,996,999
308793,996,998
308794,1003,993
308795,1004,989
308796,1005,986
308797,1002,982
308798,999,988
308799,997,994
308800,1001,996
308801,1005,998
308802,1004,997
308803,1001,992
308804,1001,992
308805,1006,995
308806,1010,1000
308807,1009,1002
308808,1007,1000
308809,1005,997
308810,1000,997
308811,1002,1000
308812,1003,1004
308813,1000,1006
308814,998,1007
308815,996,1007
308816,993,1008
308817,991,1014
308818,993,1018
308819,992,1021
308820,988,1021
308821,982,1020
308822,980,1022
308823,982,1026
308824,982,1031
308825,982,1035
308826,978,1037
308827,978,1038
308828,976,1036
308829,976,1039
308830,976,1040
308831,974,1037
308832,975,1032
308833,974,1029
308834,972,1034
308835,974,1037
308836,974,1041
308837,976,1041
308838,977,1036
308839,976,1032
308840,975,1034
308841,978,1037
308842,981,1041
308843,980,1040
308844,979,1042
308845,977,1038
308846,978,1044
308847,984,1048
308848,993,1055
308849,998,1055
308850,1003,1055
308851,1003,1050
308852,1008,1049
308853,1013,1053
308854,1022,1054
308855,1036,1041
308856,1046,1024
308857,1056,1009
308858,1069,992
308859,1082,980
308860,1096,969
308861,1112,958
308862,1129,944
308863,1140,926
308864,1154,911
308865,1172,893
308866,1192,875
308867,1211,855
308868,1227,840
308869,1239,829
308870,1247,824
308871,1245,830
308872,1245,833
308873,1243,832
308874,1240,829
308875,1234,826
308876,1223,829
308877,1213,826
308878,1197,826
308879,1177,828
308880,1151,835
308881,1124,845
308882,1098,856
308883,1075,868
308884,1056,886
308885,1042,898
308886,1030,913
308887,1023,923
308888,1022,936
308889,1019,947
308890,1014,957
308891,1017,965
308892,1023,973
308893,1035,982
308894,1056,986
308895,1075,989
308896,1084,996
308897,1075,998
308898,1040,1005
308899,1004,1012
308900,967,1024
308901,947,1040
308902,936,1057
308903,934,1072
308904,925,1078
308905,920,1077
308906,914,1081
308907,912,1087
308908,911,1092
308909,911,1092
308910,905,1089
308911,901,1087
308912,899,1089
308913,901,1089
308914,900,1094
308915,898,1095
308916,892,1096
308917,889,1097
308918,885,1101
308919,886,1104
308920,885,1108
308921,888,1109
308922,888,1105
308923,881,1107
308924,881,1110
308925,880,1115
308926,882,1121
308927,884,1124
308928,882,1127
308929,879,1127
308930,878,1129
308931,879,1133
308932,885,1138
308933,886,1139
308934,883,1139
308935,881,1140
308936,878,1142
308937,880,1147
308938,882,1152
308939,883,1151
308940,882,1146
308941,880,1143
308942,881,1141
308943,880,1148
308944,888,1155
308945,886,1157
308946,888,1151
308947,883,1147
308948,881,1147
308949,884,1154
308950,889,1155
308951,896,1158
308952,896,1155
308953,892,1154
308954,894,1155
308955,899,1158
308956,902,1161
308957,905,1158
308958,906,1157
308959,906,1158
308960,909,1158
308961,913,1155
308962,918,1155
308963,923,1156
308964,922,1154
308965,922,1153
308966,923,1149
308967,930,1142
308968,938,1142
308969,944,1134
308970,946,1131
308971,949,1124
308972,947,1123
308973,951,1123
308974,954,1123
308975,956,1119
308976,961,1108
308977,959,1097
308978,960,1093
308979,960,1090
308980,964,1088
308981,963,1086
308982,965,1080
308983,963,1073
308984,960,1071
308985,960,1067
308986,964,1064
308987,966,1062
308988,963,1062
308989,961,1061
308990,960,1063
308991,961,1061
308992,962,1057
308993,961,1049
308994,963,1041
308995,963,1035
308996,962,1033
308997,964,1037
308998,966,1039
308999,968,1043
309000,968,1042
309001,961,1041
309002,960,1039
309003,964,1041
309004,962,1042
309005,967,1042
309006,965,1037
309007,962,1041
309008,960,1043
309009,962,1045
309010,964,1048
309011,963,1049
309012,962,1048
309013,959,1046
309014,958,1046
309015,961,1049
309016,965,1052
309017,968,1048
309018,967,1043
309019,963,1042
309020,963,1041
309021,963,1045
309022,964,1044
309023,971,1043
309024,971,1033
309025,969,1031
309026,965,1031
309027,967,1033
309028,970,1037
309029,971,1035
309030,970,1035
309031,967,1034
309032,967,1041
309033,968,1042
309034,971,1043
309035,973,1038
309036,968,1033
309037,973,1028
309038,968,1028
309039,968,1031
309040,971,1033
309041,974,1032
309042,973,1028
309043,972,1027
309044,971,1027
309045,971,1031
309046,975,1035
309047,973,1034
309048,973,1033
309049,969,1033
309050,964,1038
309051,968,1043
309052,970,1049
309053,972,1046
309054,970,1039
309055,969,1033
309056,968,1034
309057,969,1036
309058,973,1039
309059,974,1038
309060,972,1039
309061,967,1037
309062,964,1037
309063,965,1040
309064,967,1043
309065,967,1040
309066,965,1043
309067,964,1043
309068,962,1048
309069,965,1046
309070,965,1046
309071,966,1042
309072,968,1043
309073,967,1040
309074,962,1041
309075,966,1043
309076,969,1044
309077,973,1046
309078,968,1039
309079,963,1039
309080,963,1035
309081,965,1038
309082,970,1039
309083,974,1041
309084,971,1038
309085,969,1040
309086,967,1036
309087,969,1039
309088,972,1044
309089,974,1042
309090,971,1039
309091,969,1039
309092,968,1041
309093,971,1042
309094,972,1043
309095,976,1044
309096,975,1042
309097,972,1040
309098,970,1041
309099,978,1039
309100,980,1044
309101,979,1041
309102,976,1042
309103,971,1042
309104,971,1049
309105,972,1052
309106,974,1056
309107,977,1054
309108,976,1049
309109,975,1040
309110,970,1036
309111,973,1037
309112,974,1036
309113,981,1034
309114,974,1029
309115,971,1023
309116,970,1021
309117,972,1023
309118,973,1026
309119,971,1029
309120,969,1029
309121,967,1028
309122,966,1028
309123,971,1031
309124,976,1035
309125,974,1035
309126,973,1033
309127,967,1029
309128,964,1035
309129,964,1037
309130,968,1042
309131,970,1043
309132,967,1040
309133,963,1040
309134,960,1042
309135,962,1047
309136,965,1049
309137,967,1053
309138,970,1053
309139,967,1050
309140,966,1048
309141,968,1050
309142,970,1058
309143,972,1062
309144,973,1057
309145,970,1042
309146,974,1033
309147,971,1030
309148,973,1031
309149,976,1032
309150,975,1030
309151,970,1029
309152,970,1030
309153,970,1030
309154,970,1035
309155,971,1040
309156,970,1037
309157,967,1037
309158,965,1037
309159,968,1038
309160,968,1043
309161,968,1044
309162,967,1040
309163,967,1040
309164,965,1039
309165,964,1047
309166,969,1051
309167,970,1052
309168,968,1053
309169,963,1050
309170,962,1048
309171,966,1048
309172,968,1045
309173,973,1040
309174,969,1038
309175,968,1039
309176,967,1040
309177,968,1043
309178,969,1048
309179,973,1051
309180,969,1044
309181,969,1040
309182,965,1036
309183,966,1039
309184,967,1042
309185,973,1040
309186,970,1040
309187,968,1036
309188,967,1039
309189,970,1037
309190,970,1035
309191,970,1037
309192,970,1038
309193,967,1036
309194,969,1035
309195,971,1035
309196,976,1038
309197,977,1037
309198,973,1036
309199,969,1029
309200,968,1031
309201,970,1032
309202,971,1036
309203,974,1032
309204,973,1030
309205,973,1028
309206,971,1032
309207,971,1040
309208,976,1043
309209,976,1039
309210,975,1034
309211,972,1030
309212,977,1028
309213,985,1028
309214,1001,1032
309215,1018,1030
309216,1037,1025
309217,1062,1019
309218,1095,1008
309219,1135,998
309220,1175,994
309221,1215,998
309222,1248,1012
309223,1266,1030
309224,1267,1048
309225,1242,1056
309226,1196,1054
309227,1139,1057
309228,1083,1062
309229,1025,1064
309230,981,1070
309231,951,1074
309232,943,1077
309233,952,1072
309234,962,1062
309235,964,1051
309236,967,1043
309237,965,1040
309238,966,1039
309239,967,1036
309240,962,1037
309241,954,1041
309242,950,1046
309243,954,1053
309244,954,1052
309245,959,1049
309246,958,1043
309247,954,1038
309248,949,1043
309249,948,1047
309250,951,1051
309251,952,1047
309252,949,1039
309253,948,1036
309254,949,1038
309255,950,1043
309256,955,1045
309257,954,1045
309258,950,1048
309259,947,1048
309260,946,1051
309261,945,1054
309262,948,1053
309263,954,1047
309264,951,1047
309265,950,1047
309266,948,1048
309267,950,1052
309268,952,1052
309269,953,1045
309270,952,1042
309271,953,1040
309272,952,1040
309273,951,1043
309274,956,1046
309275,955,1044
309276,952,1045
309277,953,1044
309278,948,1043
309279,953,1043
309280,955,1042
309281,956,1041
309282,953,1037
309283,954,1041
309284,955,1044
309285,957,1046
309286,962,1042
309287,965,1034
309288,963,1026
309289,966,1024
309290,965,1024
309291,967,1026
309292,968,1031
309293,970,1031
309294,969,1035
309295,967,1034
309296,969,1031
309297,970,1031
309298,975,1029
309299,980,1022
309300,980,1015
309301,978,1012
309302,976,1015
309303,978,1021
309304,983,1026
309305,985,1029
309306,986,1028
309307,984,1023
309308,985,1021
309309,989,1018
309310,992,1021
309311,991,1020
309312,990,1021
309313,990,1017
309314,991,1015
309315,993,1012
309316,996,1011
309317,997,1009
309318,995,1008
309319,995,1006
309320,995,1011
309321,993,1016
309322,994,1022
309323,999,1022
309324,999,1024
309325,999,1022
309326,996,1021
309327,999,1019
309328,999,1023
309329,1001,1026
309330,999,1024
309331,995,1021
309332,996,1025
309333,996,1029
309334,995,1032
309335,997,1035
309336,991,1034
309337,989,1036
309338,985,1042
309339,985,1044
309340,990,1048
309341,995,1043
309342,992,1042
309343,987,1040
309344,983,1044
309345,982,1047
309346,984,1049
309347,983,1042
309348,981,1039
309349,980,1037
309350,978,1040
309351,980,1043
309352,983,1046
309353,984,1047
309354,980,1046
309355,980,1045
309356,978,1048
309357,981,1050
309358,980,1050
309359,981,1047
309360,983,1049
309361,981,1049
309362,980,1051
309363,982,1054
309364,986,1054
309365,986,1046
309366,981,1040
309367,975,1038
309368,975,1037
309369,975,1044
309370,983,1055
309371,986,1055
309372,987,1046
309373,981,1040
309374,974,1040
309375,965,1047
309376,969,1053
309377,974,1055
309378,972,1053
309379,968,1048
309380,967,1047
309381,971,1045
309382,973,1046
309383,974,1045
309384,975,1042
309385,972,1043
309386,972,1045
309387,972,1048
309388,976,1048
309389,979,1046
309390,977,1040
309391,975,1035
309392,972,1041
309393,973,1045
309394,977,1045
309395,980,1046
309396,978,1042
309397,976,1037
309398,975,1036
309399,975,1041
309400,978,1048
309401,979,1050
309402,979,1047
309403,979,1043
309404,978,1042
309405,980,1046
309406,980,1048
309407,983,1043
309408,985,1037
309409,980,1032
309410,980,1032
309411,982,1038
309412,981,1041
309413,982,1042
309414,982,1043
309415,978,1037
309416,980,1037
309417,978,1038
309418,982,1042
309419,982,1041
309420,977,1040
309421,974,1039
309422,973,1044
309423,977,1049
309424,980,1049
309425,980,1050
309426,980,1049
309427,975,1045
309428,968,1044
309429,966,1048
309430,968,1049
309431,971,1047
309432,968,1047
309433,969,1044
309434,966,1049
309435,969,1053
309436,971,1060
309437,973,1056
309438,972,1050
309439,968,1046
309440,966,1051
309441,967,1056
309442,968,1063
309443,971,1063
309444,972,1057
309445,970,1047
309446,967,1044
309447,969,1039
309448,972,1041
309449,975,1043
309450,972,1043
309451,971,1046
309452,969,1050
309453,971,1055
309454,976,1058
309455,980,1050
309456,982,1039
309457,982,1025
309458,982,1023
309459,988,1023
309460,999,1028
309461,1010,1028
309462,1028,1026
309463,1044,1021
309464,1070,1018
309465,1098,1010
309466,1133,998
309467,1175,987
309468,1214,988
309469,1249,997
309470,1272,1020
309471,1273,1045
309472,1251,1054
309473,1204,1054
309474,1147,1057
309475,1091,1065
309476,1032,1082
309477,979,1094
309478,944,1099
309479,931,1095
309480,936,1084
309481,951,1070
309482,959,1055
309483,964,1051
309484,969,1047
309485,968,1048
309486,965,1045
309487,963,1042
309488,958,1044
309489,959,1046
309490,959,1050
309491,961,1050
309492,957,1051
309493,955,1048
309494,953,1052
309495,952,1060
309496,954,1067
309497,952,1065
309498,953,1060
309499,949,1050
309500,947,1043
309501,952,1041
309502,952,1043
309503,952,1043
309504,950,1042
309505,950,1043
309506,947,1042
309507,949,1046
309508,951,1050
309509,954,1048
309510,953,1047
309511,948,1044
309512,948,1043
309513,950,1045
309514,954,1049
309515,954,1045
309516,953,1043
309517,947,1040
309518,948,1042
309519,951,1043
309520,953,1042
309521,956,1042
309522,956,1039
309523,956,1035
309524,954,1036
309525,954,1038
309526,955,1039
309527,961,1035
309528,958,1034
309529,957,1032
309530,952,1032
309531,953,1035
309532,955,1040
309533,958,1040
309534,956,1036
309535,954,1035
309536,957,1032
309537,955,1037
309538,960,1037
309539,960,1032
309540,960,1026
309541,961,1023
309542,964,1022
309543,965,1021
309544,970,1023
309545,969,1025
309546,969,1021
309547,967,1014
309548,969,1014
309549,973,1015
309550,976,1015
309551,981,1014
309552,981,1013
309553,980,1009
309554,982,1005
309555,982,1006
309556,984,1006
309557,983,1006
309558,984,1004
309559,981,1002
309560,981,1006
309561,986,1008
309562,991,1010
309563,991,1006
309564,987,1005
309565,986,1002
309566,985,1012
309567,987,1027
309568,990,1031
309569,992,1019
309570,989,1003
309571,991,996
309572,989,999
309573,988,1005
309574,984,1011
309575,986,1010
309576,982,1008
309577,979,1006
309578,977,1007
309579,979,1013
309580,981,1019
309581,982,1024
309582,980,1025
309583,976,1029
309584,971,1033
309585,970,1039
309586,970,1045
309587,973,1047
309588,970,1047
309589,968,1046
309590,963,1049
309591,965,1052
309592,968,1057
309593,970,1057
309594,966,1053
309595,962,1053
309596,959,1053
309597,961,1056
309598,964,1059
309599,966,1057
309600,965,1055
309601,963,1055
309602,960,1053
309603,961,1056
309604,965,1059
309605,967,1056
309606,966,1056
309607,964,1051
309608,965,1050
309609,966,1050
309610,967,1054
309611,971,1054
309612,973,1051
309613,969,1045
309614,967,1048
309615,970,1049
309616,970,1050
309617,973,1050
309618,968,1045
309619,970,1044
309620,965,1047
309621,969,1050
309622,970,1049
309623,972,1051
309624,968,1047
309625,966,1047
309626,964,1047
309627,966,1050
309628,967,1055
309629,967,1050
309630,970,1045
309631,968,1038
309632,969,1040
309633,968,1042
309634,969,1047
309635,972,1046
309636,971,1044
309637,969,1037
309638,968,1039
309639,965,1045
309640,969,1054
309641,972,1063
309642,970,1076
309643,969,1077
309644,967,1072
309645,969,1057
309646,974,1041
309647,975,1027
309648,976,1022
309649,972,1022
309650,969,1025
309651,973,1034
309652,975,1037
309653,977,1038
309654,974,1035
309655,973,1033
309656,971,1035
309657,972,1037
309658,974,1044
309659,975,1042
309660,975,1041
309661,974,1040
309662,973,1038
309663,974,1042
309664,976,1045
309665,976,1045
309666,976,1043
309667,972,1044
309668,973,1045
309669,976,1050
309670,977,1053
309671,981,1051
309672,982,1048
309673,981,1049
309674,980,1048
309675,978,1049
309676,983,1051
309677,983,1049
309678,982,1044
309679,979,1037
309680,983,1037
309681,992,1036
309682,1006,1040
309683,1022,1038
309684,1041,1032
309685,1064,1025
309686,1097,1016
309687,1135,1009
309688,1177,1010
309689,1222,1017
309690,1261,1031
309691,1281,1053
309692,1284,1072
309693,1259,1073
309694,1211,1066
309695,1150,1068
309696,1081,1080
309697,1012,1088
309698,962,1098
309699,936,1103
309700,946,1102
309701,961,1082
309702,972,1059
309703,976,1041
309704,974,1035
309705,974,1036
309706,974,1040
309707,971,1042
309708,968,1043
309709,963,1039
309710,961,1041
309711,962,1045
309712,965,1046
309713,963,1050
309714,963,1044
309715,954,1042
309716,952,1044
309717,952,1045
309718,956,1050
309719,955,1050
309720,956,1045
309721,952,1041
309722,953,1044
309723,951,1045
309724,954,1046
309725,955,1049
309726,952,1044
309727,948,1043
309728,947,1044
309729,949,1048
309730,951,1050
309731,953,1047
309732,953,1049
309733,952,1047
309734,953,1046
309735,953,1049
309736,957,1052
309737,961,1051
309738,956,1049
309739,953,1047
309740,956,1047
309741,957,1050
309742,958,1051
309743,962,1051
309744,962,1049
309745,961,1044
309746,957,1050
309747,961,1055
309748,963,1062
309749,964,1060
309750,963,1051
309751,965,1047
309752,966,1049
309753,965,1049
309754,967,1054
309755,968,1050
309756,968,1045
309757,966,1037
309758,969,1033
309759,972,1034
309760,975,1031
309761,978,1028
309762,979,1025
309763,978,1021
309764,978,1022
309765,979,1024
309766,982,1025
309767,982,1021
309768,981,1019
309769,980,1015
309770,981,1015
309771,983,1015
309772,989,1016
309773,993,1015
309774,992,1011
309775,989,1010
309776,985,1010
309777,991,1010
309778,990,1012
309779,995,1011
309780,993,1009
309781,992,1008
309782,992,1010
309783,992,1012
309784,993,1014
309785,999,1012
309786,999,1012
309787,997,1011
309788,999,1012
309789,1000,1017
309790,1002,1021
309791,1004,1021
309792,1002,1022
309793,999,1021
309794,999,1026
309795,1001,1029
309796,1001,1034
309797,1001,1038
309798,996,1038
309799,994,1034
309800,990,1034
309801,986,1035
309802,992,1040
309803,995,1044
309804,993,1040
309805,991,1042
309806,988,1045
309807,983,1047
309808,987,1050
309809,988,1048
309810,984,1044
309811,981,1048
309812,978,1051
309813,977,1053
309814,979,1059
309815,980,1058
309816,977,1054
309817,974,1051
309818,973,1051
309819,973,1055
309820,973,1059
309821,976,1060
309822,977,1058
309823,974,1055
309824,971,1056
309825,972,1058
309826,976,1062
309827,975,1061
309828,975,1059
309829,973,1059
309830,969,1059
309831,972,1063
309832,971,1062
309833,973,1061
309834,975,1058
309835,972,1055
309836,972,1055
309837,971,1060
309838,976,1063
309839,974,1063
309840,978,1060
309841,976,1059
309842,977,1057
309843,978,1062
309844,982,1066
309845,984,1066
309846,983,1069
309847,980,1068
309848,980,1069
309849,979,1070
309850,979,1065
309851,983,1061
309852,982,1054
309853,982,1050
309854,980,1050
309855,982,1052
309856,981,1055
309857,982,1055
309858,983,1055
309859,979,1052
309860,978,1056
309861,978,1059
309862,982,1060
309863,980,1057
309864,980,1055
309865,980,1049
309866,980,1050
309867,981,1056
309868,983,1056
309869,986,1055
309870,983,1052
309871,981,1049
309872,980,1051
309873,982,1056
309874,983,1060
309875,983,1059
309876,981,1055
309877,979,1054
309878,977,1055
309879,980,1058
309880,980,1060
309881,980,1064
309882,982,1059
309883,979,1054
309884,976,1053
309885,976,1051
309886,975,1056
309887,976,1056
309888,975,1056
309889,975,1053
309890,972,1052
309891,976,1048
309892,979,1048
309893,982,1047
309894,979,1046
309895,978,1044
309896,971,1046
309897,977,1052
309898,980,1055
309899,983,1055
309900,981,1051
309901,982,1052
309902,976,1052
309903,979,1054
309904,982,1058
309905,983,1058
309906,980,1056
309907,979,1053
309908,977,1054
309909,979,1054
309910,982,1057
309911,984,1055
309912,982,1051
309913,980,1048
309914,979,1051
309915,978,1054
309916,981,1055
309917,981,1054
309918,978,1055
309919,975,1053
309920,976,1056
309921,977,1061
309922,977,1064
309923,980,1068
309924,979,1065
309925,976,1059
309926,976,1056
309927,976,1053
309928,978,1054
309929,982,1051
309930,983,1049
309931,979,1046
309932,977,1048
309933,980,1047
309934,978,1050
309935,980,1047
309936,981,1045
309937,979,1044
309938,978,1046
309939,979,1051
309940,983,1053
309941,981,1051
309942,980,1050
309943,979,1049
309944,976,1051
309945,978,1057
309946,982,1062
309947,981,1056
309948,981,1055
309949,978,1055
309950,978,1056
309951,979,1061
309952,981,1064
309953,988,1062
309954,982,1057
309955,981,1055
309956,980,1058
309957,981,1060
309958,986,1059
309959,991,1059
309960,989,1055
309961,987,1052
309962,982,1053
309963,982,1058
309964,986,1062
309965,991,1060
309966,986,1060
309967,986,1059
309968,988,1055
309969,987,1056
309970,992,1057
309971,989,1054
309972,992,1050
309973,991,1044
309974,990,1044
309975,996,1047
309976,1006,1046
309977,1024,1042
309978,1042,1030
309979,1059,1019
309980,1090,1008
309981,1121,999
309982,1159,992
309983,1198,989
309984,1231,989
309985,1261,1001
309986,1282,1019
309987,1287,1039
309988,1265,1048
309989,1218,1056
309990,1153,1064
309991,1095,1072
309992,1041,1080
309993,1002,1089
309994,976,1090
309995,970,1085
309996,973,1073
309997,980,1062
309998,988,1054
309999,987,1055
310000,986,1058
310001,984,1057
310002,982,1056
310003,980,1053
310004,975,1054
310005,976,1053
310006,978,1058
310007,979,1054
310008,975,1053
310009,972,1050
310010,968,1051
310011,968,1055
310012,971,1059
310013,976,1057
310014,975,1056
310015,968,1054
310016,963,1057
310017,964,1060
310018,968,1060
310019,965,1055
310020,963,1050
310021,960,1046
310022,961,1047
310023,961,1049
310024,965,1053
310025,964,1053
310026,964,1050
310027,961,1049
310028,959,1049
310029,961,1049
310030,964,1047
310031,965,1047
310032,963,1048
310033,962,1049
310034,960,1051
310035,960,1051
310036,962,1056
310037,964,1057
310038,962,1057
310039,961,1057
310040,959,1058
310041,964,1057
310042,968,1057
310043,970,1056
310044,969,1055
310045,970,1053
310046,969,1053
310047,972,1055
310048,975,1057
310049,978,1054
310050,979,1049
310051,977,1049
310052,977,1049
310053,975,1054
310054,983,1052
310055,981,1050
310056,984,1047
310057,985,1040
310058,986,1038
310059,988,1040
310060,992,1039
310061,993,1037
310062,991,1034
310063,993,1031
310064,992,1031
310065,996,1029
310066,998,1030
310067,999,1026
310068,1001,1025
310069,998,1021
310070,998,1021
310071,999,1022
310072,1004,1023
310073,1008,1018
310074,1008,1016
310075,1002,1015
310076,1001,1015
310077,1002,1019
310078,1005,1021
310079,1010,1020
310080,1007,1018
310081,1006,1017
310082,1004,1019
310083,1006,1022
310084,1011,1027
310085,1009,1024
310086,1012,1024
310087,1010,1024
310088,1008,1029
310089,1009,1033
310090,1009,1038
310091,1010,1037
310092,1007,1039
310093,1005,1038
310094,1002,1041
310095,1003,1043
310096,1002,1047
310097,1003,1043
310098,1000,1043
310099,999,1040
310100,995,1049
310101,993,1061
310102,995,1065
310103,995,1065
310104,992,1062
310105,989,1055
310106,990,1053
310107,990,1052
310108,992,1056
310109,990,1054
310110,987,1054
310111,985,1055
310112,987,1054
310113,986,1059
310114,985,1060
310115,987,1058
310116,988,1056
310117,982,1055
310118,979,1055
310119,983,1057
310120,983,1060
310121,984,1056
310122,984,1056
310123,984,1052
310124,983,1052
310125,984,1053
310126,984,1054
310127,987,1056
310128,986,1054
310129,979,1054
310130,978,1056
310131,977,1058
310132,980,1060
310133,982,1062
310134,982,1060
310135,976,1059
310136,978,1058
310137,977,1058
310138,981,1058
310139,981,1057
310140,976,1056
310141,976,1053
310142,975,1050
310143,980,1051
310144,979,1052
310145,980,1052
310146,979,1049
310147,978,1046
310148,975,1048
310149,977,1050
310150,981,1055
310151,978,1058
310152,977,1059
310153,976,1058
310154,975,1054
310155,978,1053
310156,980,1053
310157,984,1050
310158,985,1046
310159,982,1048
310160,983,1047
310161,983,1050
310162,982,1051
310163,986,1051
310164,983,1048
310165,985,1050
310166,985,1049
310167,985,1052
310168,987,1059
310169,984,1061
310170,983,1060
310171,979,1059
310172,982,1055
310173,984,1052
310174,987,1052
310175,987,1051
310176,985,1044
310177,980,1044
310178,977,1043
310179,977,1050
310180,982,1054
310181,987,1053
310182,983,1050
310183,981,1050
310184,978,1050
310185,978,1052
310186,980,1056
310187,982,1054
310188,981,1053
310189,978,1048
310190,977,1050
310191,979,1049
310192,981,1051
310193,983,1049
310194,982,1049
310195,977,1048
310196,975,1049
310197,975,1054
310198,977,1059
310199,976,1059
310200,976,1059
310201,975,1057
310202,972,1058
310203,980,1054
310204,984,1051
310205,993,1047
310206,1000,1042
310207,1008,1038
310208,1024,1037
310209,1044,1039
310210,1074,1036
310211,1107,1025
310212,1142,1014
310213,1177,1011
310214,1213,1012
310215,1250,1023
310216,1281,1042
310217,1295,1058
310218,1285,1065
310219,1246,1060
310220,1193,1060
310221,1136,1072
310222,1079,1088
310223,1021,1095
310224,971,1094
310225,941,1092
310226,942,1088
310227,954,1077
310228,966,1068
310229,975,1062
310230,980,1053
310231,977,1047
310232,973,1046
310233,969,1049
310234,972,1049
310235,971,1045
310236,969,1043
310237,963,1040
310238,964,1043
310239,964,1048
310240,961,1053
310241,961,1051
310242,955,1049
310243,956,1046
310244,951,1044
310245,956,1046
310246,957,1046
310247,959,1047
310248,955,1046
310249,956,1043
310250,953,1049
310251,953,1051
310252,954,1059
310253,955,1059
310254,953,1058
310255,950,1057
310256,951,1056
310257,953,1061
310258,952,1063
310259,952,1062
310260,951,1059
310261,951,1054
310262,950,1051
310263,953,1048
310264,957,1052
310265,959,1048
310266,961,1046
310267,956,1042
310268,957,1043
310269,959,1044
310270,958,1046
310271,955,1043
310272,959,1042
310273,954,1036
310274,952,1040
310275,956,1043
310276,963,1041
310277,966,1039
310278,965,1035
310279,962,1033
310280,963,1032
310281,963,1033
310282,962,1035
310283,967,1031
310284,963,1029
310285,967,1028
310286,966,1027
310287,967,1028
310288,972,1030
310289,977,1028
310290,976,1021
310291,975,1019
310292,974,1018
310293,971,1018
310294,980,1020
310295,982,1017
310296,980,1013
310297,978,1013
310298,979,1010
310299,983,1007
310300,986,1009
310301,988,1007
310302,983,1006
310303,983,1004
310304,984,1006
310305,985,1009
310306,990,1011
310307,990,1013
310308,988,1005
310309,988,998
310310,989,994
310311,992,991
310312,995,992
310313,993,993
310314,994,993
310315,990,992
310316,990,993
310317,989,997
310318,991,1001
310319,991,1001
310320,990,1001
310321,988,1003
310322,989,1005
310323,985,1009
310324,991,1018
310325,991,1021
310326,987,1022
310327,985,1023
310328,984,1022
310329,985,1028
310330,987,1033
310331,985,1033
310332,980,1031
310333,979,1030
310334,976,1034
310335,977,1038
310336,979,1041
310337,979,1042
310338,977,1041
310339,975,1043
310340,972,1043
310341,975,1048
310342,974,1050
310343,974,1048
310344,971,1048
310345,969,1043
310346,969,1043
310347,971,1048
310348,973,1050
310349,972,1049
310350,975,1048
310351,971,1048
310352,971,1051
310353,974,1055
310354,977,1058
310355,977,1054
310356,977,1050
310357,974,1049
310358,972,1050
310359,976,1050
310360,979,1053
310361,979,1049
310362,980,1044
310363,977,1042
310364,976,1041
310365,978,1041
310366,979,1044
310367,980,1045
310368,981,1043
310369,977,1042
310370,974,1044
310371,978,1044
310372,979,1047
310373,977,1046
310374,975,1044
310375,971,1041
310376,972,1041
310377,974,1045
310378,974,1047
310379,977,1047
310380,975,1043
310381,972,1041
310382,973,1041
310383,975,1045
310384,978,1047
310385,978,1045
310386,975,1042
310387,974,1041
310388,973,1043
310389,974,1043
310390,977,1044
310391,979,1042
310392,978,1040
310393,975,1034
310394,974,1038
310395,973,1041
310396,976,1044
310397,978,1043
310398,977,1044
310399,974,1041
310400,970,1043
310401,973,1045
310402,978,1044
310403,979,1042
310404,977,1037
310405,973,1035
310406,973,1037
310407,976,1040
310408,980,1046
310409,980,1043
310410,978,1041
310411,976,1040
310412,974,1047
310413,972,1050
310414,978,1048
310415,978,1043
310416,981,1036
310417,974,1032
310418,971,1034
310419,972,1037
310420,975,1043
310421,977,1042
310422,971,1041
310423,968,1040
310424,970,1045
310425,971,1048
310426,975,1050
310427,976,1050
310428,973,1044
310429,971,1045
310430,972,1045
310431,975,1048
310432,980,1050
310433,980,1048
310434,979,1045
310435,976,1044
310436,974,1044
310437,977,1045
310438,978,1045
310439,979,1041
310440,979,1038
310441,976,1037
310442,976,1036
310443,981,1036
310444,981,1041
310445,980,1039
310446,980,1035
310447,975,1033
310448,976,1036
310449,977,1039
310450,982,1043
310451,985,1040
310452,983,1037
310453,979,1035
310454,980,1038
310455,981,1040
310456,986,1041
310457,981,1038
310458,980,1036
310459,981,1035
310460,979,1037
310461,983,1040
310462,985,1041
310463,983,1041
310464,986,1041
310465,985,1041
310466,986,1042
310467,988,1044
310468,991,1044
310469,993,1037
310470,998,1029
310471,1009,1023
310472,1019,1025
310473,1036,1027
310474,1056,1028
310475,1083,1022
310476,1111,1010
310477,1143,995
310478,1174,989
310479,1211,990
310480,1248,1001
310481,1275,1013
310482,1291,1029
310483,1285,1040
310484,1261,1046
310485,1220,1053
310486,1172,1061
310487,1124,1071
310488,1069,1076
310489,1014,1081
310490,971,1086
310491,952,1086
310492,955,1080
310493,966,1068
310494,973,1056
310495,978,1046
310496,977,1043
310497,977,1041
310498,977,1040
310499,978,1039
310500,972,1035
310501,971,1034
310502,967,1037
310503,968,1037
310504,970,1042
310505,969,1043
310506,968,1040
310507,963,1037
310508,960,1038
310509,959,1042
310510,961,1045
310511,963,1043
310512,960,1042
310513,960,1039
310514,960,1041
310515,961,1042
310516,963,1047
310517,962,1047
310518,962,1043
310519,960,1043
310520,961,1047
310521,962,1051
310522,964,1052
310523,966,1050
310524,966,1045
310525,964,1042
310526,962,1044
310527,962,1046
310528,965,1049
310529,966,1046
310530,966,1041
310531,959,1037
310532,962,1038
310533,962,1034
310534,964,1033
310535,964,1031
310536,966,1029
310537,962,1028
310538,959,1027
310539,960,1032
310540,963,1035
310541,963,1033
310542,962,1028
310543,959,1024
310544,957,1025
310545,961,1028
310546,966,1029
310547,970,1028
310548,967,1025
310549,966,1023
310550,964,1021
310551,965,1022
310552,970,1025
310553,972,1024
310554,973,1022
310555,972,1020
310556,969,1022
310557,972,1024
310558,979,1023
310559,980,1020
310560,979,1018
310561,977,1015
310562,980,1017
310563,983,1016
310564,987,1018
310565,989,1017
310566,989,1016
310567,989,1013
310568,990,1011
310569,989,1012
310570,994,1016
310571,995,1014
310572,995,1012
310573,993,1009
310574,989,1009
310575,995,1016
310576,1002,1019
310577,1004,1013
310578,1000,1009
310579,1000,1002
310580,998,1003
310581,1001,1005
310582,1002,1007
310583,1001,1006
310584,1002,1006
310585,998,1003
310586,998,1004
310587,1003,1008
310588,1009,1011
310589,1009,1008
310590,1004,1007
310591,996,1006
310592,996,1008
310593,1000,1015
310594,1005,1018
310595,1003,1020
310596,999,1018
310597,995,1024
310598,992,1029
310599,996,1033
310600,996,1035
310601,994,1034
310602,991,1033
310603,986,1032
310604,985,1034
310605,985,1039
310606,985,1041
310607,985,1042
310608,982,1038
310609,979,1037
310610,978,1039
310611,977,1043
310612,982,1046
310613,982,1048
310614,979,1047
310615,976,1042
310616,976,1046
310617,977,1047
310618,980,1048
310619,980,1049
310620,979,1046
310621,976,1044
310622,974,1050
310623,978,1051
310624,977,1055
310625,982,1051
310626,978,1050
310627,976,1047
310628,976,1049
310629,978,1052
310630,980,1055
310631,982,1053
310632,981,1049
310633,977,1047
310634,975,1047
310635,972,1048
310636,974,1051
310637,978,1051
310638,976,1048
310639,974,1043
310640,971,1041
310641,975,1045
310642,979,1048
310643,979,1042
310644,978,1037
310645,972,1036
310646,972,1037
310647,976,1040
310648,979,1043
310649,981,1041
310650,979,1039
310651,979,1037
310652,978,1033
310653,978,1037
310654,983,1038
310655,983,1036
310656,983,1037
310657,981,1034
310658,977,1034
310659,979,1037
310660,982,1037
310661,982,1036
310662,982,1036
310663,982,1033
310664,982,1037
310665,980,1038
310666,983,1042
310667,982,1042
310668,980,1038
310669,973,1042
310670,977,1043
310671,981,1043
310672,983,1043
310673,982,1040
310674,983,1036
310675,978,1038
310676,979,1039
310677,978,1044
310678,979,1046
310679,981,1048
310680,979,1047
310681,977,1043
310682,978,1041
310683,981,1044
310684,984,1048
310685,982,1044
310686,980,1043
310687,974,1040
310688,975,1043
310689,977,1045
310690,978,1049
310691,978,1046
310692,980,1042
310693,976,1037
310694,977,1041
310695,978,1043
310696,981,1046
310697,981,1044
310698,977,1046
310699,975,1042
310700,974,1043
310701,973,1045
310702,974,1051
310703,976,1049
310704,974,1048
310705,972,1049
310706,972,1046
310707,974,1045
310708,977,1043
310709,979,1043
310710,979,1043
310711,975,1044
310712,974,1046
310713,977,1048
310714,979,1051
310715,980,1052
310716,977,1050
310717,970,1045
310718,973,1038
310719,972,1042
310720,974,1047
310721,976,1047
310722,973,1047
310723,971,1041
310724,968,1043
310725,971,1045
310726,975,1047
310727,977,1044
310728,973,1041
310729,968,1034
310730,968,1034
310731,970,1034
310732,971,1035
310733,975,1038
310734,973,1037
310735,971,1035
310736,969,1037
310737,969,1040
310738,971,1042
310739,971,1043
310740,971,1041
310741,970,1040
310742,969,1043
310743,972,1043
310744,974,1047
310745,976,1046
310746,972,1042
310747,968,1040
310748,971,1044
310749,974,1045
310750,976,1047
310751,976,1047
310752,975,1043
310753,975,1040
310754,971,1042
310755,972,1045
310756,978,1046
310757,977,1044
310758,974,1040
310759,970,1037
310760,970,1041
310761,974,1042
310762,977,1047
310763,975,1047
310764,976,1046
310765,972,1044
310766,973,1046
310767,973,1049
310768,975,1054
310769,975,1052
310770,975,1051
310771,973,1052
310772,971,1059
310773,973,1062
310774,975,1060
310775,976,1054
310776,975,1049
310777,970,1047
310778,972,1048
310779,975,1050
310780,977,1051
310781,978,1045
310782,975,1042
310783,970,1045
310784,970,1048
310785,973,1051
310786,974,1055
310787,975,1052
310788,973,1048
310789,973,1044
310790,972,1044
310791,974,1043
310792,976,1043
310793,981,1041
310794,979,1040
310795,978,1039
310796,975,1043
310797,977,1049
310798,977,1049
310799,976,1045
310800,979,1041
310801,973,1041
310802,975,1040
310803,976,1041
310804,978,1041
310805,978,1039
310806,976,1038
310807,975,1038
310808,974,1036
310809,977,1041
310810,974,1042
310811,978,1041
310812,977,1039
310813,975,1039
310814,974,1042
310815,977,1044
310816,973,1044
310817,977,1042
310818,977,1040
310819,973,1037
310820,973,1040
310821,975,1044
310822,977,1048
310823,977,1045
310824,978,1041
310825,974,1042
310826,971,1043
310827,974,1047
310828,977,1053
310829,975,1051
310830,974,1049
310831,972,1044
310832,975,1044
310833,975,1044
310834,980,1046
310835,979,1044
310836,977,1042
310837,975,1041
310838,971,1048
310839,975,1052
310840,978,1057
310841,979,1056
310842,977,1050
310843,976,1042
310844,976,1037
310845,977,1037
310846,979,1041
310847,981,1041
310848,979,1040
310849,975,1039
310850,976,1041
310851,977,1049
310852,981,1053
310853,981,1050
310854,980,1046
310855,981,1043
310856,980,1044
310857,983,1047
310858,986,1046
310859,982,1042
310860,983,1041
310861,980,1041
310862,980,1045
310863,984,1047
310864,989,1051
310865,987,1051
310866,986,1046
310867,983,1045
310868,984,1045
310869,987,1046
310870,989,1048
310871,985,1047
310872,988,1047
310873,984,1045
310874,981,1050
310875,982,1052
310876,985,1051
310877,985,1049
310878,984,1043
310879,984,1037
310880,985,1037
310881,988,1040
310882,998,1040
310883,1007,1035
310884,1016,1032
310885,1027,1029
310886,1047,1027
310887,1073,1023
310888,1102,1015
310889,1139,998
310890,1169,980
310891,1199,973
310892,1231,977
310893,1268,987
310894,1292,1005
310895,1296,1022
310896,1267,1033
310897,1214,1036
310898,1156,1041
310899,1102,1046
310900,1051,1054
310901,1009,1055
310902,982,1052
310903,974,1047
310904,982,1043
310905,987,1040
310906,996,1039
310907,992,1038
310908,985,1038
310909,979,1035
310910,978,1038
310911,977,1043
310912,980,1045
310913,975,1044
310914,968,1041
310915,965,1041
310916,966,1041
310917,967,1046
310918,969,1049
310919,964,1050
310920,966,1047
310921,964,1044
310922,964,1043
310923,962,1045
310924,966,1045
310925,965,1041
310926,962,1041
310927,957,1039
310928,957,1044
310929,962,1045
310930,963,1049
310931,962,1048
310932,963,1047
310933,961,1044
310934,960,1044
310935,965,1047
310936,964,1050
310937,964,1048
310938,962,1049
310939,961,1046
310940,965,1044
310941,965,1048
310942,967,1050
310943,969,1046
310944,967,1045
310945,962,1046
310946,965,1046
310947,966,1048
310948,970,1047
310949,969,1045
310950,972,1042
310951,969,1038
310952,970,1040
310953,973,1041
310954,975,1045
310955,977,1040
310956,974,1036
310957,971,1037
310958,972,1035
310959,973,1039
310960,978,1038
310961,979,1036
310962,980,1030
310963,979,1027
310964,976,1026
310965,981,1029
310966,984,1031
310967,986,1028
310968,985,1024
310969,982,1020
310970,983,1022
310971,986,1022
310972,989,1021
310973,991,1023
310974,988,1019
310975,987,1017
310976,988,1014
310977,990,1020
310978,995,1021
310979,999,1018
310980,1000,1011
310981,1000,1006
310982,1002,1007
310983,1004,1011
310984,1009,1013
310985,1008,1016
310986,1009,1014
310987,1005,1015
310988,1007,1014
310989,1010,1015
310990,1012,1013
310991,1014,1016
310992,1013,1017
310993,1013,1012
310994,1013,1012
310995,1015,1016
310996,1017,1019
310997,1015,1018
310998,1012,1018
310999,1015,1016
311000,1012,1020
311001,1014,1024
311002,1015,1027
311003,1015,1027
311004,1012,1030
311005,1007,1027
311006,1003,1028
311007,1004,1031
311008,1002,1033
311009,1003,1032
311010,999,1029
311011,994,1025
311012,991,1026
311013,994,1031
311014,992,1036
311015,989,1035
311016,988,1037
311017,986,1032
311018,978,1036
311019,982,1039
311020,985,1040
311021,986,1041
311022,982,1035
311023,979,1038
311024,981,1040
311025,979,1044
311026,983,1045
311027,983,1046
311028,981,1044
311029,977,1042
311030,977,1043
311031,981,1044
311032,985,1047
311033,986,1045
311034,982,1041
311035,981,1037
311036,981,1041
311037,982,1045
311038,981,1047
311039,982,1046
311040,984,1042
311041,981,1040
311042,985,1041
311043,986,1043
311044,992,1043
311045,989,1042
311046,986,1040
311047,983,1037
311048,983,1039
311049,984,1042
311050,986,1041
311051,988,1040
311052,987,1038
311053,984,1037
311054,982,1039
311055,982,1039
311056,984,1040
311057,984,1039
311058,983,1037
311059,981,1036
311060,978,1038
311061,982,1042
311062,985,1040
311063,982,1040
311064,980,1040
311065,979,1035
311066,980,1037
311067,982,1040
311068,985,1044
311069,983,1040
311070,982,1038
311071,981,1034
311072,983,1039
311073,982,1042
311074,986,1044
311075,986,1041
311076,983,1038
311077,977,1039
311078,979,1037
311079,981,1040
311080,983,1042
311081,983,1043
311082,981,1041
311083,978,1038
311084,979,1038
311085,980,1038
311086,982,1042
311087,981,1041
311088,978,1035
311089,976,1034
311090,977,1040
311091,981,1040
311092,984,1045
311093,987,1043
311094,982,1043
311095,975,1042
311096,976,1046
311097,977,1050
311098,983,1049
311099,982,1041
311100,980,1037
311101,977,1033
311102,977,1037
311103,982,1036
311104,985,1038
311105,986,1034
311106,987,1034
311107,983,1031
311108,981,1033
311109,979,1038
311110,977,1043
311111,980,1040
311112,978,1039
311113,975,1037
311114,972,1038
311115,973,1040
311116,973,1043
311117,979,1044
311118,973,1038
311119,971,1037
311120,971,1037
311121,975,1039
311122,980,1043
311123,980,1041
311124,978,1039
311125,974,1036
311126,974,1039
311127,979,1040
311128,981,1041
311129,986,1039
311130,984,1039
311131,980,1036
311132,982,1040
311133,993,1039
311134,1009,1036
311135,1022,1026
311136,1036,1020
311137,1055,1012
311138,1082,1009
311139,1120,1005
311140,1160,999
311141,1200,990
311142,1234,990
311143,1262,1005
311144,1276,1023
311145,1267,1039
311146,1233,1039
311147,1177,1043
311148,1110,1052
311149,1043,1064
311150,986,1075
311151,953,1081
311152,951,1078
311153,960,1066
311154,967,1054
311155,972,1045
311156,974,1042
311157,975,1044
311158,975,1045
311159,974,1043
311160,967,1043
311161,961,1040
311162,959,1044
311163,959,1046
311164,959,1045
311165,956,1044
311166,954,1042
311167,952,1039
311168,952,1041
311169,954,1047
311170,957,1047
311171,959,1047
311172,954,1039
311173,952,1038
311174,952,1035
311175,955,1036
311176,959,1036
311177,960,1035
311178,956,1035
311179,954,1032
311180,953,1036
311181,955,1036
311182,961,1037
311183,962,1035
311184,960,1031
311185,955,1030
311186,957,1033
311187,954,1035
311188,959,1038
311189,959,1035
311190,960,1033
311191,955,1031
311192,956,1030
311193,959,1033
311194,964,1034
311195,966,1033
311196,963,1029
311197,960,1027
311198,960,1028
311199,962,1028
311200,967,1032
311201,968,1030
311202,967,1026
311203,964,1023
311204,964,1025
311205,967,1029
311206,972,1031
311207,973,1030
311208,970,1027
311209,971,1023
311210,974,1022
311211,976,1019
311212,979,1019
311213,982,1017
311214,984,1011
311215,984,1009
311216,983,1008
311217,985,1009
311218,987,1008
311219,993,1006
311220,992,1000
311221,988,995
311222,990,998
311223,992,998
311224,997,1000
311225,1003,999
311226,1003,993
311227,1002,988
311228,1000,992
311229,1000,993
311230,1002,995
311231,1007,994
311232,1007,992
311233,1004,986
311234,1002,987
311235,1003,989
311236,1006,993
311237,1008,992
311238,1002,990
311239,998,991
311240,998,997
311241,1000,999
311242,1004,1003
311243,1001,1004
311244,999,1004
311245,999,1007
311246,997,1010
311247,996,1016
311248,997,1022
311249,993,1025
311250,990,1022
311251,986,1024
311252,984,1026
311253,983,1031
311254,983,1035
311255,981,1034
311256,978,1033
311257,977,1033
311258,975,1038
311259,974,1043
311260,976,1045
311261,976,1041
311262,973,1035
311263,971,1028
311264,969,1034
311265,967,1039
311266,967,1043
311267,967,1041
311268,966,1042
311269,963,1036
311270,960,1037
311271,963,1038
311272,966,1039
311273,966,1043
311274,967,1043
311275,964,1042
311276,961,1040
311277,964,1045
311278,968,1042
311279,970,1043
311280,970,1042
311281,965,1039
311282,964,1043
311283,967,1047
311284,971,1049
311285,973,1046
311286,973,1042
311287,971,1037
311288,969,1043
311289,973,1046
311290,974,1044
311291,976,1046
311292,976,1044
311293,975,1041
311294,976,1043
311295,979,1045
311296,982,1048
311297,977,1047
311298,972,1042
311299,972,1040
311300,971,1037
311301,975,1039
311302,980,1040
311303,981,1040
311304,978,1036
311305,972,1035
311306,973,1034
311307,974,1036
311308,975,1037
311309,977,1035
311310,974,1033
311311,968,1038
311312,970,1042
311313,972,1039
311314,976,1037
311315,973,1030
311316,975,1024
311317,968,1021
311318,968,1023
311319,967,1028
311320,968,1032
311321,968,1033
311322,967,1029
311323,962,1027
311324,965,1030
311325,966,1036
311326,967,1037
311327,966,1037
311328,965,1034
311329,960,1032
311330,964,1036
311331,964,1040
311332,970,1041
311333,970,1044
311334,964,1042
311335,960,1042
311336,961,1044
311337,964,1049
311338,969,1049
311339,966,1044
311340,967,1039
311341,969,1038
311342,968,1040
311343,970,1038
311344,970,1039
311345,973,1037
311346,969,1037
311347,967,1033
311348,967,1035
311349,970,1036
311350,973,1038
311351,974,1035
311352,971,1035
311353,966,1034
311354,968,1034
311355,969,1039
311356,972,1045
311357,971,1042
311358,968,1040
311359,966,1035
311360,966,1038
311361,966,1038
311362,971,1042
311363,971,1046
311364,968,1038
311365,966,1038
311366,965,1037
311367,964,1040
311368,964,1044
311369,968,1046
311370,965,1041
311371,964,1042
311372,967,1043
311373,969,1048
311374,970,1051
311375,968,1045
311376,964,1040
311377,963,1038
311378,963,1040
311379,966,1044
311380,973,1047
311381,974,1045
311382,970,1041
311383,971,1039
311384,970,1041
311385,971,1042
311386,976,1045
311387,972,1047
311388,975,1045
311389,970,1042
311390,972,1043
311391,975,1045
311392,980,1047
311393,981,1045
311394,980,1039
311395,975,1037
311396,975,1037
311397,978,1037
311398,984,1039
311399,985,1036
311400,981,1032
311401,978,1031
311402,980,1034
311403,982,1039
311404,987,1043
311405,988,1046
311406,985,1043
311407,984,1038
311408,980,1034
311409,987,1030
311410,998,1029
311411,1012,1023
311412,1023,1019
311413,1039,1013
311414,1062,1012
311415,1091,1008
311416,1129,999
311417,1165,991
311418,1202,988
311419,1234,994
311420,1264,1013
311421,1281,1034
311422,1276,1050
311423,1242,1055
311424,1190,1057
311425,1129,1063
311426,1075,1074
311427,1024,1085
311428,987,1089
311429,962,1087
311430,953,1081
311431,959,1068
311432,969,1063
311433,978,1056
311434,984,1055
311435,982,1049
311436,975,1044
311437,969,1040
311438,966,1040
311439,968,1042
311440,970,1044
311441,970,1042
311442,968,1040
311443,964,1037
311444,960,1041
311445,964,1045
311446,969,1045
311447,966,1045
311448,965,1044
311449,961,1046
311450,959,1047
311451,963,1046
311452,967,1043
311453,968,1038
311454,961,1035
311455,959,1038
311456,958,1038
311457,961,1042
311458,962,1045
311459,963,1046
311460,961,1043
311461,959,1041
311462,957,1042
311463,958,1043
311464,961,1048
311465,962,1044
311466,960,1039
311467,956,1035
311468,956,1036
311469,957,1037
311470,961,1037
311471,963,1036
311472,963,1033
311473,961,1034
311474,961,1037
311475,963,1038
311476,965,1040
311477,966,1038
311478,966,1038
311479,963,1036
311480,963,1038
311481,963,1040
311482,969,1036
311483,970,1036
311484,969,1035
311485,967,1034
311486,968,1033
311487,969,1031
311488,977,1029
311489,977,1025
311490,978,1024
311491,977,1020
311492,978,1021
311493,984,1022
311494,989,1019
311495,988,1016
311496,987,1017
311497,987,1013
311498,989,1011
311499,993,1011
311500,1000,1011
311501,999,1011
311502,999,1011
311503,997,1009
311504,995,1011
311505,999,1006
311506,1003,1008
311507,1004,1010
311508,1002,1006
311509,996,1009
311510,997,1016
311511,1003,1020
311512,1008,1019
311513,1009,1011
311514,1007,1002
311515,1004,998
311516,1006,1000
311517,1005,1004
311518,1008,1007
311519,1009,1007
311520,1010,1004
311521,1009,1005
311522,1008,1010
311523,1008,1015
311524,1010,1017
311525,1006,1015
311526,1002,1011
311527,1001,1014
311528,1000,1019
311529,1003,1023
311530,1004,1028
311531,1000,1027
311532,996,1029
311533,990,1029
311534,987,1035
311535,989,1035
311536,991,1039
311537,989,1037
311538,987,1034
311539,982,1034
311540,977,1041
311541,981,1046
311542,985,1047
311543,983,1044
311544,981,1043
311545,976,1044
311546,977,1050
311547,980,1051
311548,981,1048
311549,982,1044
311550,984,1041
311551,981,1040
311552,981,1048
311553,981,1052
311554,986,1054
311555,986,1054
311556,985,1049
311557,982,1045
311558,985,1043
311559,989,1044
311560,1001,1048
311561,1005,1048
311562,1008,1048
311563,1009,1051
311564,1014,1054
311565,1019,1057
311566,1029,1054
311567,1040,1044
311568,1050,1028
311569,1065,1015
311570,1076,997
311571,1089,987
311572,1108,973
311573,1121,959
311574,1134,937
311575,1145,923
311576,1161,902
311577,1182,884
311578,1200,862
311579,1219,842
311580,1233,826
311581,1242,816
311582,1244,814
311583,1242,819
311584,1245,821
311585,1240,817
311586,1231,811
311587,1216,808
311588,1201,811
311589,1180,817
311590,1160,825
311591,1137,834
311592,1108,843
311593,1078,859
311594,1055,875
311595,1041,889
311596,1034,902
311597,1027,916
311598,1026,932
311599,1020,941
311600,1014,950
311601,1015,961
311602,1025,972
311603,1037,981
311604,1051,985
311605,1066,987
311606,1071,987
311607,1070,995
311608,1053,1008
311609,1016,1017
311610,979,1027
311611,953,1040
311612,939,1058
311613,934,1072
311614,934,1084
311615,930,1085
311616,923,1085
311617,915,1087
311618,914,1093
311619,913,1100
311620,910,1105
311621,907,1105
311622,904,1105
311623,900,1103
311624,901,1102
311625,899,1102
311626,903,1100
311627,900,1100
311628,896,1101
311629,891,1103
311630,893,1108
311631,892,1116
311632,896,1118
311633,897,1120
311634,890,1119
311635,885,1124
311636,885,1130
311637,886,1134
311638,889,1132
311639,887,1128
311640,881,1125
311641,880,1127
311642,878,1133
311643,882,1139
311644,883,1143
311645,882,1142
311646,878,1145
311647,877,1147
311648,875,1151
311649,876,1159
311650,877,1161
311651,878,1165
311652,878,1162
311653,875,1164
311654,878,1165
311655,881,1167
311656,884,1171
311657,884,1168
311658,882,1167
311659,880,1167
311660,881,1169
311661,888,1176
311662,894,1179
311663,895,1176
311664,897,1173
311665,896,1172
311666,897,1172
311667,903,1173
311668,908,1173
311669,912,1169
311670,913,1164
311671,914,1162
311672,920,1161
311673,927,1159
311674,932,1157
311675,936,1157
311676,939,1150
311677,945,1146
311678,948,1142
311679,955,1139
311680,961,1132
311681,959,1128
311682,963,1124
311683,963,1118
311684,965,1108
311685,971,1100
311686,972,1094
311687,974,1090
311688,971,1087
311689,967,1082
311690,968,1080
311691,968,1080
311692,970,1074
311693,975,1068
311694,972,1062
311695,967,1061
311696,966,1057
311697,967,1058
311698,971,1061
311699,967,1062
311700,968,1060
311701,964,1054
311702,964,1056
311703,967,1054
311704,970,1054
311705,970,1056
311706,966,1049
311707,966,1047
311708,965,1044
311709,968,1047
311710,967,1047
311711,971,1047
311712,969,1044
311713,966,1043
311714,964,1046
311715,968,1050
311716,973,1054
311717,970,1052
311718,968,1045
311719,969,1041
311720,967,1043
311721,969,1043
311722,973,1045
311723,973,1041
311724,973,1034
311725,973,1030
311726,970,1029
311727,970,1031
311728,973,1033
311729,974,1031
311730,975,1029
311731,972,1032
311732,972,1034
311733,974,1034
311734,974,1037
311735,975,1038
311736,976,1035
311737,974,1034
311738,975,1035
311739,975,1036
311740,980,1039
311741,975,1039
311742,973,1039
311743,971,1038
311744,969,1043
311745,972,1045
311746,974,1046
311747,975,1043
311748,971,1042
311749,969,1037
311750,970,1040
311751,969,1044
311752,973,1045
311753,974,1043
311754,972,1039
311755,965,1036
311756,966,1036
311757,968,1040
311758,971,1045
311759,972,1042
311760,971,1039
311761,971,1038
311762,973,1041
311763,972,1041
311764,975,1042
311765,975,1039
311766,973,1035
311767,970,1034
311768,969,1032
311769,973,1034
311770,977,1036
311771,976,1034
311772,975,1030
311773,972,1031
311774,973,1031
311775,974,1036
311776,976,1038
311777,976,1039
311778,971,1039
311779,970,1036
311780,968,1037
311781,967,1038
311782,973,1041
311783,970,1037
311784,969,1031
311785,968,1031
311786,968,1032
311787,970,1036
311788,976,1039
311789,976,1042
311790,972,1040
311791,966,1039
311792,966,1038
311793,967,1037
311794,969,1037
311795,970,1038
311796,969,1038
311797,966,1032
311798,968,1032
311799,967,1038
311800,972,1040
311801,974,1041
311802,969,1041
311803,962,1038
311804,960,1036
311805,962,1037
311806,967,1038
311807,971,1035
311808,967,1029
311809,966,1031
311810,965,1034
311811,971,1037
311812,974,1037
311813,973,1036
311814,971,1028
311815,968,1026
311816,972,1030
311817,976,1033
311818,978,1034
311819,978,1034
311820,977,1030
311821,974,1026
311822,973,1032
311823,975,1035
311824,973,1039
311825,978,1035
311826,976,1032
311827,976,1030
311828,976,1031
311829,981,1033
311830,983,1035
311831,984,1032
311832,984,1024
311833,984,1019
311834,990,1019
311835,1003,1024
311836,1018,1023
311837,1032,1019
311838,1051,1009
311839,1070,999
311840,1104,993
311841,1134,988
311842,1162,990
311843,1191,995
311844,1219,998
311845,1240,1018
311846,1255,1040
311847,1249,1055
311848,1219,1057
311849,1169,1059
311850,1110,1070
311851,1048,1084
311852,995,1099
311853,961,1107
311854,951,1102
311855,956,1086
311856,967,1065
311857,973,1047
311858,977,1041
311859,975,1039
311860,976,1037
311861,972,1033
311862,969,1033
311863,961,1030
311864,959,1034
311865,961,1031
311866,961,1028
311867,959,1025
311868,958,1024
311869,957,1026
311870,957,1029
311871,957,1036
311872,959,1039
311873,960,1037
311874,957,1031
311875,953,1027
311876,952,1027
311877,954,1028
311878,958,1028
311879,958,1031
311880,957,1029
311881,952,1029
311882,955,1035
311883,954,1037
311884,955,1041
311885,955,1041
311886,955,1037
311887,950,1036
311888,952,1040
311889,952,1044
311890,956,1046
311891,954,1047
311892,953,1050
311893,947,1053
311894,949,1050
311895,951,1044
311896,958,1034
311897,956,1030
311898,955,1026
311899,955,1028
311900,958,1029
311901,961,1030
311902,962,1029
311903,962,1028
311904,962,1025
311905,957,1023
311906,957,1023
311907,962,1025
311908,963,1026
311909,962,1025
311910,962,1016
311911,960,1011
311912,959,1011
311913,961,1012
311914,966,1012
311915,969,1012
311916,968,1007
311917,967,1006
311918,967,1005
311919,970,1007
311920,975,1010
311921,976,1006
311922,975,1003
311923,973,1000
311924,972,1001
311925,975,1002
311926,981,1005
311927,982,1007
311928,980,1005
311929,978,1002
311930,979,999
311931,982,999
311932,990,999
311933,992,999
311934,991,993
311935,986,991
311936,991,994
311937,994,996
311938,1000,998
311939,1002,999
311940,1002,995
311941,1001,994
311942,1003,995
311943,1008,996
311944,1011,999
311945,1012,999
311946,1012,997
311947,1007,1000
311948,1009,1002
311949,1010,1004
311950,1013,1008
311951,1014,1007
311952,1011,1009
311953,1007,1009
311954,1006,1015
311955,1003,1022
311956,1003,1027
311957,1002,1028
311958,999,1026
311959,996,1027
311960,992,1031
311961,989,1035
311962,993,1037
311963,990,1038
311964,987,1039
311965,983,1040
311966,982,1045
311967,986,1046
311968,983,1043
311969,986,1036
311970,983,1035
311971,980,1034
311972,980,1035
311973,978,1041
311974,983,1044
311975,984,1045
311976,983,1044
311977,981,1045
311978,981,1049
311979,985,1049
311980,987,1048
311981,990,1044
311982,987,1039
311983,984,1037
311984,984,1036
311985,985,1038
311986,990,1037
311987,990,1038
311988,988,1036
311989,986,1035
311990,986,1035
311991,987,1037
311992,991,1035
311993,992,1032
311994,989,1032
311995,987,1030
311996,987,1035
311997,991,1039
311998,995,1039
311999,992,1039
312000,988,1036
312001,986,1036
312002,984,1044
312003,986,1049
312004,986,1049
312005,989,1038
312006,988,1027
312007,986,1021
312008,985,1020
312009,987,1026
312010,989,1028
312011,988,1028
312012,986,1028
312013,982,1026
312014,981,1027
312015,983,1029
312016,986,1032
312017,988,1034
312018,985,1032
312019,978,1033
312020,981,1033
312021,986,1037
312022,990,1036
312023,992,1036
312024,988,1031
312025,988,1035
312026,984,1038
312027,989,1043
312028,991,1044
312029,992,1042
312030,987,1037
312031,984,1035
312032,984,1039
312033,986,1042
312034,987,1041
312035,989,1039
312036,989,1036
312037,989,1036
312038,987,1037
312039,990,1043
312040,991,1043
312041,992,1038
312042,991,1033
312043,988,1032
312044,987,1032
312045,991,1035
312046,993,1037
312047,993,1041
312048,992,1039
312049,989,1037
312050,989,1038
312051,995,1041
312052,998,1044
312053,997,1042
312054,992,1039
312055,990,1039
312056,991,1039
312057,995,1043
312058,998,1043
312059,999,1034
312060,997,1027
312061,1000,1026
312062,1004,1023
312063,1018,1024
312064,1032,1027
312065,1046,1022
312066,1066,1019
312067,1092,1014
312068,1125,1008
312069,1166,998
312070,1206,993
312071,1240,995
312072,1267,1007
312073,1283,1030
312074,1273,1046
312075,1243,1050
312076,1199,1049
312077,1141,1055
312078,1078,1068
312079,1016,1080
312080,967,1084
312081,953,1090
312082,958,1083
312083,969,1066
312084,976,1055
312085,981,1047
312086,981,1043
312087,982,1038
312088,981,1041
312089,978,1037
312090,973,1035
312091,966,1032
312092,966,1034
312093,968,1036
312094,970,1038
312095,970,1038
312096,969,1033
312097,964,1033
312098,966,1038
312099,965,1042
312100,970,1042
312101,970,1044
312102,967,1039
312103,965,1038
312104,964,1039
312105,966,1040
312106,969,1041
312107,968,1038
312108,968,1036
312109,964,1034
312110,964,1037
312111,971,1040
312112,975,1043
312113,971,1041
312114,974,1042
312115,973,1044
312116,974,1044
312117,975,1049
312118,980,1052
312119,978,1048
312120,978,1044
312121,971,1038
312122,969,1037
312123,972,1039
312124,977,1038
312125,978,1034
312126,977,1030
312127,974,1027
312128,977,1030
312129,978,1030
312130,979,1030
312131,979,1030
312132,976,1027
312133,972,1026
312134,973,1027
312135,975,1029
312136,980,1030
312137,981,1025
312138,979,1022
312139,978,1020
312140,976,1023
312141,980,1025
312142,985,1027
312143,986,1021
312144,984,1014
312145,985,1008
312146,985,1009
312147,985,1015
312148,991,1015
312149,992,1011
312150,991,1005
312151,990,1001
312152,989,1002
312153,995,1006
312154,996,1007
312155,999,1005
312156,1000,1003
312157,999,1004
312158,1000,1005
312159,1003,1006
312160,1006,1006
312161,1005,1004
312162,1005,999
312163,1005,999
312164,1005,997
312165,1009,997
312166,1012,1001
312167,1014,1000
312168,1008,998
312169,1010,1000
312170,1008,1003
312171,1011,1007
312172,1013,1012
312173,1012,1012
312174,1008,1012
312175,1004,1012
312176,1005,1014
312177,1007,1018
312178,1007,1020
312179,1010,1021
312180,1006,1019
312181,1001,1020
312182,997,1024
312183,999,1031
312184,1001,1036
312185,997,1033
312186,994,1033
312187,992,1036
312188,991,1040
312189,990,1045
312190,993,1046
312191,994,1046
312192,990,1045
312193,990,1042
312194,987,1043
312195,989,1044
312196,987,1047
312197,989,1048
312198,991,1048
312199,986,1047
312200,987,1051
312201,986,1054
312202,985,1059
312203,984,1058
312204,987,1060
312205,986,1056
312206,985,1058
312207,990,1055
312208,995,1053
312209,995,1054
312210,993,1050
312211,992,1046
312212,994,1046
312213,998,1046
312214,1000,1046
312215,999,1046
312216,998,1041
312217,995,1039
312218,997,1045
312219,1000,1047
312220,1003,1050
312221,1001,1048
312222,1003,1047
312223,997,1044
312224,999,1048
312225,996,1049
312226,1002,1050
312227,1003,1047
312228,1000,1046
312229,999,1046
312230,998,1052
312231,997,1055
312232,1000,1058
312233,1000,1050
312234,999,1044
312235,997,1040
312236,993,1043
312237,997,1048
312238,998,1047
312239,998,1049
312240,997,1045
312241,993,1046
312242,993,1044
312243,994,1047
312244,997,1051
312245,997,1050
312246,993,1049
312247,993,1045
312248,990,1046
312249,994,1049
312250,996,1049
312251,993,1049
312252,993,1048
312253,991,1051
312254,988,1054
312255,993,1059
312256,994,1060
312257,993,1056
312258,995,1052
312259,994,1051
312260,995,1052
312261,998,1055
312262,996,1054
312263,995,1053
312264,993,1049
312265,991,1048
312266,992,1048
312267,994,1049
312268,996,1046
312269,996,1043
312270,995,1044
312271,993,1042
312272,992,1045
312273,993,1048
312274,992,1051
312275,993,1046
312276,991,1043
312277,991,1039
312278,987,1040
312279,990,1042
312280,993,1046
312281,991,1046
312282,988,1043
312283,984,1044
312284,984,1045
312285,986,1048
312286,989,1051
312287,989,1049
312288,987,1045
312289,984,1047
312290,984,1050
312291,986,1052
312292,989,1053
312293,991,1049
312294,990,1049
312295,986,1045
312296,986,1049
312297,985,1056
312298,989,1060
312299,991,1058
312300,992,1050
312301,989,1045
312302,993,1043
312303,993,1046
312304,996,1049
312305,993,1048
312306,991,1046
312307,985,1050
312308,990,1054
312309,991,1052
312310,996,1053
312311,996,1052
312312,993,1053
312313,993,1052
312314,992,1051
312315,995,1059
312316,998,1061
312317,996,1061
312318,993,1057
312319,992,1053
312320,995,1056
312321,997,1055
312322,999,1052
312323,1000,1049
312324,1000,1044
312325,996,1041
312326,994,1043
312327,996,1046
312328,1000,1051
312329,1002,1049
312330,999,1047
312331,1000,1046
312332,999,1043
312333,1004,1043
312334,1013,1040
312335,1024,1036
312336,1035,1033
312337,1049,1032
312338,1069,1030
312339,1092,1022
312340,1120,1013
312341,1150,1001
312342,1179,994
312343,1206,995
312344,1232,1007
312345,1258,1025
312346,1269,1048
312347,1258,1059
312348,1225,1056
312349,1186,1057
312350,1139,1067
312351,1095,1079
312352,1054,1089
312353,1012,1097
312354,979,1099
312355,966,1102
312356,967,1096
312357,978,1089
312358,988,1075
312359,995,1061
312360,993,1048
312361,988,1044
312362,983,1044
312363,986,1050
312364,988,1051
312365,986,1050
312366,982,1050
312367,974,1051
312368,975,1051
312369,978,1051
312370,980,1050
312371,980,1049
312372,973,1049
312373,969,1047
312374,969,1050
312375,971,1051
312376,976,1050
312377,975,1050
312378,974,1049
312379,970,1047
312380,967,1046
312381,971,1048
312382,975,1051
312383,972,1050
312384,972,1048
312385,971,1050
312386,969,1054
312387,971,1053
312388,972,1054
312389,969,1052
312390,967,1049
312391,967,1049
312392,969,1053
312393,970,1056
312394,977,1055
312395,974,1054
312396,967,1050
312397,965,1049
312398,966,1049
312399,968,1052
312400,971,1053
312401,970,1052
312402,967,1050
312403,960,1051
312404,964,1054
312405,967,1057
312406,971,1053
312407,975,1051
312408,975,1045
312409,971,1046
312410,969,1054
312411,974,1063
312412,979,1061
312413,977,1057
312414,977,1046
312415,979,1039
312416,982,1036
312417,985,1036
312418,986,1035
312419,988,1034
312420,987,1030
312421,985,1027
312422,986,1028
312423,990,1030
312424,994,1034
312425,992,1031
312426,993,1025
312427,992,1021
312428,994,1022
312429,999,1022
312430,1003,1022
312431,1003,1017
312432,1001,1015
312433,1000,1016
312434,1001,1015
312435,1006,1018
312436,1006,1016
312437,1005,1012
312438,1004,1008
312439,1005,1009
312440,1006,1008
312441,1010,1014
312442,1012,1015
312443,1012,1013
312444,1011,1013
312445,1006,1011
312446,1006,1011
312447,1013,1017
312448,1015,1018
312449,1014,1018
312450,1012,1012
312451,1009,1012
312452,1013,1015
312453,1016,1015
312454,1018,1016
312455,1016,1016
312456,1016,1013
312457,1013,1019
312458,1013,1023
312459,1016,1024
312460,1019,1030
312461,1014,1032
312462,1009,1032
312463,1005,1036
312464,1006,1040
312465,1008,1045
312466,1009,1048
312467,1007,1051
312468,1003,1052
312469,1001,1056
312470,1001,1057
312471,1000,1058
312472,1004,1055
312473,1002,1055
312474,998,1053
312475,993,1051
312476,994,1058
312477,994,1062
312478,997,1059
312479,1002,1058
312480,997,1053
312481,995,1054
312482,995,1055
312483,993,1058
312484,998,1060
312485,999,1059
312486,997,1059
312487,994,1060
312488,995,1062
312489,1001,1062
312490,1008,1062
312491,1008,1060
312492,1008,1057
312493,1014,1053
312494,1018,1057
312495,1025,1062
312496,1029,1068
312497,1035,1072
312498,1038,1071
312499,1042,1072
312500,1053,1066
312501,1067,1056
312502,1083,1044
312503,1095,1025
312504,1102,1008
312505,1116,990
312506,1127,975
312507,1143,962
312508,1158,947
312509,1169,927
312510,1181,907
312511,1192,887
312512,1212,872
312513,1229,863
312514,1242,852
312515,1252,840
312516,1256,832
312517,1252,828
312518,1250,832
312519,1243,835
312520,1241,839
312521,1232,840
312522,1229,840
312523,1214,842
312524,1197,848
312525,1180,860
312526,1164,868
312527,1144,876
312528,1122,883
312529,1099,893
312530,1077,906
312531,1062,920
312532,1050,931
312533,1040,941
312534,1035,952
312535,1029,958
312536,1025,971
312537,1022,985
312538,1022,996
312539,1025,1007
312540,1033,1009
312541,1045,1015
312542,1056,1016
312543,1066,1019
312544,1063,1023
312545,1046,1028
312546,1019,1032
312547,991,1036
312548,969,1048
312549,956,1063
312550,950,1077
312551,943,1087
312552,939,1092
312553,935,1092
312554,931,1098
312555,927,1101
312556,929,1106
312557,923,1108
312558,918,1108
312559,912,1107
312560,908,1110
312561,906,1115
312562,907,1115
312563,902,1113
312564,902,1112
312565,900,1113
312566,898,1119
312567,898,1122
312568,899,1123
312569,894,1124
312570,893,1122
312571,891,1123
312572,887,1124
312573,890,1126
312574,892,1126
312575,894,1125
312576,889,1126
312577,885,1126
312578,885,1129
312579,889,1133
312580,889,1135
312581,885,1136
312582,883,1138
312583,878,1136
312584,878,1139
312585,879,1145
312586,885,1147
312587,884,1147
312588,881,1145
312589,876,1146
312590,876,1153
312591,879,1161
312592,885,1164
312593,885,1164
312594,883,1160
312595,882,1161
312596,883,1161
312597,883,1165
312598,888,1168
312599,888,1167
312600,886,1169
312601,885,1167
312602,888,1170
312603,891,1174
312604,894,1176
312605,896,1172
312606,892,1167
312607,895,1167
312608,895,1165
312609,902,1165
312610,907,1161
312611,909,1156
312612,911,1151
312613,911,1152
312614,916,1151
312615,920,1152
312616,926,1146
312617,928,1141
312618,929,1131
312619,930,1130
312620,934,1128
312621,937,1128
312622,943,1126
312623,945,1118
312624,948,1108
312625,947,1102
312626,953,1096
312627,960,1094
312628,965,1093
312629,968,1087
312630,967,1084
312631,965,1081
312632,964,1083
312633,969,1083
312634,973,1083
312635,972,1078
312636,971,1074
312637,971,1072
312638,973,1067
312639,978,1065
312640,984,1059
312641,982,1055
312642,980,1052
312643,977,1052
312644,978,1052
312645,981,1055
312646,983,1053
312647,982,1052
312648,980,1048
312649,980,1046
312650,980,1045
312651,981,1047
312652,984,1048
312653,983,1046
312654,979,1041
312655,977,1045
312656,978,1048
312657,980,1053
312658,983,1049
312659,982,1047
312660,981,1046
312661,980,1045
312662,981,1048
312663,985,1052
312664,988,1057
312665,986,1054
312666,982,1051
312667,982,1050
312668,982,1051
312669,988,1050
312670,991,1051
312671,993,1047
312672,992,1044
312673,989,1045
312674,991,1047
312675,993,1049
312676,998,1051
312677,997,1049
312678,995,1044
312679,993,1048
312680,993,1050
312681,998,1055
312682,1002,1055
312683,1001,1054
312684,999,1049
312685,993,1047
312686,995,1048
312687,997,1046
312688,1001,1045
312689,1002,1042
312690,1000,1037
312691,998,1036
312692,999,1038
312693,1000,1041
312694,1002,1040
312695,1002,1042
312696,1000,1040
312697,997,1039
312698,995,1040
312699,998,1043
312700,1005,1045
312701,1001,1041
312702,999,1035
312703,997,1035
312704,998,1039
312705,997,1044
312706,996,1046
312707,996,1042
312708,996,1039
312709,994,1035
312710,996,1036
312711,997,1042
312712,1000,1043
312713,997,1041
312714,995,1037
312715,994,1037
312716,992,1038
312717,994,1045
312718,997,1046
312719,997,1043
312720,993,1037
312721,991,1037
312722,991,1040
312723,992,1042
312724,996,1043
312725,995,1040
312726,995,1043
312727,993,1044
312728,993,1048
312729,992,1048
312730,998,1049
312731,998,1046
312732,997,1044
312733,997,1045
312734,999,1044
312735,998,1047
312736,1000,1047
312737,1000,1048
312738,995,1047
312739,992,1048
312740,996,1052
312741,997,1057
312742,998,1059
312743,997,1055
312744,998,1048
312745,996,1042
312746,997,1041
312747,999,1046
312748,1001,1045
312749,1001,1046
312750,1000,1042
312751,997,1042
312752,996,1042
312753,1000,1046
312754,1002,1048
312755,1002,1047
312756,999,1048
312757,996,1049
312758,996,1049
312759,998,1051
312760,1000,1054
312761,999,1053
312762,996,1050
312763,994,1048
312764,994,1049
312765,997,1049
312766,998,1047
312767,998,1044
312768,995,1037
312769,993,1040
312770,990,1045
312771,993,1045
312772,996,1048
312773,992,1048
312774,995,1048
312775,994,1048
312776,993,1049
312777,994,1051
312778,998,1050
312779,998,1049
312780,992,1047
312781,991,1047
312782,991,1047
312783,994,1050
312784,997,1049
312785,1000,1050
312786,997,1049
312787,995,1048
312788,993,1049
312789,992,1054
312790,1001,1054
312791,999,1053
312792,997,1050
312793,996,1045
312794,998,1042
312795,1000,1043
312796,1006,1044
312797,1005,1045
312798,1002,1046
312799,998,1046
312800,998,1049
312801,1004,1047
312802,1006,1049
312803,1005,1046
312804,1003,1046
312805,998,1045
312806,1001,1046
312807,1003,1047
312808,1009,1050
312809,1007,1048
312810,1006,1045
312811,1002,1045
312812,1002,1047
312813,1003,1052
312814,1006,1052
312815,1006,1053
312816,1004,1050
312817,999,1050
312818,1003,1050
312819,1006,1051
312820,1010,1050
312821,1010,1050
312822,1004,1047
312823,1002,1046
312824,1002,1050
312825,1002,1052
312826,1005,1051
312827,1002,1045
312828,1002,1038
312829,1001,1039
312830,1002,1042
312831,1004,1048
312832,1008,1048
312833,1010,1044
312834,1004,1044
312835,1005,1044
312836,1004,1046
312837,1007,1049
312838,1010,1047
312839,1008,1044
312840,1007,1044
312841,1005,1042
312842,1011,1041
312843,1016,1039
312844,1026,1035
312845,1034,1033
312846,1044,1031
312847,1059,1026
312848,1081,1022
312849,1108,1023
312850,1139,1016
312851,1169,1009
312852,1198,999
312853,1231,998
312854,1263,1005
312855,1290,1021
312856,1296,1042
312857,1277,1049
312858,1236,1049
312859,1181,1049
312860,1127,1061
312861,1075,1072
312862,1032,1083
312863,996,1084
312864,981,1080
312865,982,1075
312866,988,1065
312867,1001,1060
312868,1005,1054
312869,1005,1047
312870,1000,1043
312871,994,1045
312872,990,1047
312873,988,1052
312874,991,1054
312875,991,1050
312876,986,1046
312877,984,1045
312878,988,1046
312879,986,1050
312880,987,1052
312881,982,1048
312882,983,1043
312883,977,1042
312884,980,1042
312885,981,1044
312886,985,1047
312887,982,1044
312888,980,1041
312889,978,1042
312890,978,1049
312891,980,1054
312892,982,1054
312893,984,1051
312894,978,1047
312895,979,1043
312896,979,1042
312897,984,1045
312898,983,1045
312899,983,1043
312900,979,1040
312901,978,1042
312902,979,1047
312903,983,1049
312904,983,1052
312905,984,1050
312906,984,1049
312907,979,1044
312908,985,1045
312909,982,1044
312910,984,1044
312911,986,1041
312912,985,1034
312913,982,1033
312914,983,1038
312915,982,1041
312916,988,1048
312917,987,1045
312918,985,1043
312919,984,1041
312920,985,1039
312921,987,1039
312922,991,1036
312923,990,1032
312924,990,1030
312925,987,1028
312926,989,1029
312927,993,1031
312928,998,1029
312929,997,1026
312930,998,1022
312931,995,1020
312932,995,1020
312933,999,1023
312934,1003,1021
312935,1005,1017
312936,1005,1011
312937,1006,1009
312938,1006,1011
312939,1011,1012
312940,1015,1014
312941,1013,1011
312942,1012,1010
312943,1010,1008
312944,1012,1007
312945,1018,1007
312946,1022,1006
312947,1021,1002
312948,1021,1001
312949,1021,999
312950,1023,1002
312951,1023,1007
312952,1026,1008
312953,1027,1006
312954,1027,1003
312955,1024,1001
312956,1027,1009
312957,1026,1015
312958,1030,1016
312959,1031,1015
312960,1029,1011
312961,1028,1008
312962,1027,1011
312963,1030,1017
312964,1030,1020
312965,1032,1022
312966,1031,1019
312967,1022,1022
312968,1020,1025
312969,1025,1033
312970,1025,1038
312971,1020,1035
312972,1018,1031
312973,1013,1030
312974,1010,1033
312975,1015,1036
312976,1015,1038
312977,1014,1039
312978,1009,1040
312979,1003,1040
312980,1002,1041
312981,1003,1042
312982,1006,1043
312983,1002,1041
312984,1001,1042
312985,998,1037
312986,998,1039
312987,1002,1041
312988,1005,1042
312989,1004,1045
312990,1000,1040
312991,999,1041
312992,998,1039
312993,1002,1046
312994,1004,1046
312995,1001,1047
312996,1002,1045
312997,1001,1042
312998,1002,1044
312999,1003,1046
313000,1007,1045
313001,1006,1041
313002,1006,1040
313003,1000,1038
313004,1005,1042
313005,1005,1046
313006,1007,1049
313007,1005,1047
313008,1003,1045
313009,1002,1042
313010,1003,1040
313011,1005,1039
313012,1008,1038
313013,1007,1036
313014,1004,1032
313015,1000,1034
313016,1003,1037
313017,1006,1040
313018,1007,1042
313019,1006,1038
313020,1001,1034
313021,1000,1034
313022,1003,1033
313023,1004,1033
313024,1006,1033
313025,1006,1030
313026,1002,1025
313027,1002,1024
313028,1003,1031
313029,1002,1037
313030,1002,1036
313031,1003,1036
313032,999,1033
313033,998,1031
313034,999,1029
313035,1002,1032
313036,1005,1033
313037,1003,1034
313038,999,1033
313039,997,1036
313040,997,1037
313041,1001,1038
313042,1003,1036
313043,1002,1037
313044,998,1033
313045,998,1032
313046,999,1035
313047,1001,1039
313048,1003,1043
313049,1002,1044
313050,1000,1042
313051,997,1043
313052,997,1045
313053,997,1048
313054,998,1047
313055,998,1043
313056,997,1041
313057,994,1044
313058,996,1045
313059,997,1044
313060,999,1043
313061,996,1041
313062,997,1039
313063,996,1038
313064,995,1037
313065,999,1044
313066,1004,1041
313067,1005,1041
313068,1002,1037
313069,996,1041
313070,996,1042
313071,1002,1046
313072,1006,1045
313073,1008,1039
313074,1007,1034
313075,1007,1029
313076,1013,1031
313077,1024,1030
313078,1036,1031
313079,1049,1031
313080,1063,1023
313081,1082,1017
313082,1111,1010
313083,1144,1003
313084,1181,995
313085,1214,988
313086,1242,987
313087,1269,995
313088,1290,1018
313089,1290,1041
313090,1272,1051
313091,1229,1052
313092,1171,1045
313093,1108,1054
313094,1046,1065
313095,992,1083
313096,960,1096
313097,950,1099
313098,955,1090
313099,967,1074
313100,976,1061
313101,983,1054
313102,988,1047
313103,986,1041
313104,975,1040
313105,972,1041
313106,975,1046
313107,974,1048
313108,977,1048
313109,977,1046
313110,973,1041
313111,972,1039
313112,971,1040
313113,969,1044
313114,971,1045
313115,973,1042
313116,969,1040
313117,967,1041
313118,968,1042
313119,970,1040
313120,972,1034
313121,970,1032
313122,966,1030
313123,963,1028
313124,969,1029
313125,971,1034
313126,972,1032
313127,970,1030
313128,971,1031
313129,966,1033
313130,965,1036
313131,967,1038
313132,970,1040
313133,971,1035
313134,968,1030
313135,966,1030
313136,967,1034
313137,970,1038
313138,974,1038
313139,971,1034
313140,970,1031
313141,969,1031
313142,969,1030
313143,972,1031
313144,974,1029
313145,973,1028
313146,970,1030
313147,969,1030
313148,968,1034
313149,975,1035
313150,978,1032
313151,978,1027
313152,975,1025
313153,972,1023
313154,973,1024
313155,976,1026
313156,980,1025
313157,980,1021
313158,981,1013
313159,981,1009
313160,982,1009
313161,984,1010
313162,988,1006
313163,987,1001
313164,988,1000
313165,988,1002
313166,988,1001
313167,993,1002
313168,994,995
313169,998,989
313170,997,985
313171,994,985
313172,992,988
313173,996,991
313174,998,987
313175,1000,985
313176,998,985
313177,997,985
313178,999,990
313179,1002,993
313180,1002,991
313181,1003,991
313182,998,988
313183,999,989
313184,1002,991
313185,1003,995
313186,1001,998
313187,1003,997
313188,998,996
313189,997,999
313190,997,1003
313191,999,1007
313192,999,1009
313193,996,1007
313194,991,1005
313195,989,1011
313196,989,1019
313197,989,1028
313198,991,1032
313199,988,1027
313200,984,1024
313201,982,1023
313202,981,1030
313203,984,1033
313204,986,1035
313205,984,1033
313206,982,1032
313207,977,1030
313208,978,1030
313209,977,1036
313210,977,1038
313211,975,1043
313212,971,1040
313213,967,1039
313214,968,1043
313215,969,1043
313216,975,1041
313217,976,1038
313218,969,1037
313219,966,1036
313220,966,1039
313221,972,1041
313222,972,1043
313223,972,1041
313224,970,1039
313225,968,1038
313226,971,1039
313227,973,1038
313228,975,1040
313229,974,1039
313230,974,1037
313231,973,1037
313232,973,1037
313233,976,1039
313234,980,1038
313235,980,1037
313236,978,1034
313237,975,1034
313238,974,1038
313239,979,1042
313240,983,1041
313241,981,1041
313242,980,1039
313243,976,1038
313244,980,1040
313245,981,1044
313246,984,1042
313247,983,1036
313248,977,1033
313249,975,1034
313250,970,1037
313251,977,1042
313252,980,1041
313253,982,1036
313254,978,1030
313255,974,1032
313256,976,1034
313257,978,1038
313258,981,1035
313259,979,1034
313260,980,1033
313261,974,1034
313262,975,1038
313263,977,1040
313264,980,1040
313265,976,1042
313266,977,1039
313267,973,1041
313268,971,1044
313269,974,1047
313270,977,1047
313271,975,1049
313272,975,1048
313273,972,1047
313274,977,1041
313275,978,1037
313276,983,1040
313277,982,1036
313278,978,1037
313279,980,1034
313280,982,1035
313281,993,1036
313282,1006,1034
313283,1017,1032
313284,1029,1025
313285,1047,1023
313286,1074,1022
313287,1113,1015
313288,1156,1005
313289,1192,998
313290,1225,1002
313291,1253,1017
313292,1270,1042
313293,1265,1058
313294,1227,1063
313295,1169,1062
313296,1105,1065
313297,1036,1076
313298,977,1085
313299,945,1087
313300,941,1081
313301,950,1070
313302,959,1057
313303,964,1046
313304,966,1044
313305,969,1041
313306,972,1038
313307,966,1036
313308,962,1032
313309,956,1034
313310,955,1037
313311,956,1040
313312,957,1036
313313,958,1040
313314,952,1037
313315,951,1038
313316,950,1038
313317,951,1040
313318,953,1042
313319,947,1040
313320,946,1042
313321,946,1040
313322,946,1041
313323,949,1044
313324,952,1043
313325,951,1045
313326,951,1044
313327,947,1045
313328,947,1044
313329,951,1048
313330,956,1048
313331,959,1046
313332,956,1043
313333,954,1043
313334,954,1044
313335,953,1045
313336,960,1044
313337,958,1043
313338,955,1039
313339,955,1036
313340,955,1037
313341,961,1039
313342,964,1037
313343,960,1034
313344,958,1033
313345,955,1032
313346,953,1034
313347,958,1036
313348,962,1032
313349,962,1031
313350,961,1026
313351,960,1024
313352,961,1026
313353,962,1027
313354,965,1020
313355,965,1017
313356,966,1014
313357,961,1014
313358,966,1012
313359,968,1016
313360,969,1016
313361,972,1015
313362,969,1013
313363,968,1009
313364,971,1008
313365,976,1007
313366,980,1002
313367,981,998
313368,982,995
313369,981,993
313370,982,995
313371,985,998
313372,989,996
313373,987,993
313374,988,990
313375,984,988
313376,987,992
313377,988,997
313378,995,999
313379,995,996
313380,992,995
313381,990,998
313382,993,998
313383,995,1001
313384,998,997
313385,994,995
313386,992,994
313387,991,1001
313388,992,1003
313389,992,1011
313390,990,1014
313391,986,1018
313392,984,1022
313393,979,1022
313394,979,1027
313395,980,1028
313396,982,1030
313397,978,1029
313398,973,1031
313399,969,1035
313400,966,1039
313401,969,1042
313402,971,1040
313403,970,1037
313404,965,1030
313405,965,1035
313406,964,1040
313407,964,1046
313408,968,1050
313409,966,1048
313410,964,1047
313411,961,1045
313412,964,1046
313413,965,1043
313414,971,1043
313415,970,1040
313416,968,1038
313417,967,1040
313418,966,1046
313419,969,1047
313420,973,1047
313421,971,1044
313422,970,1042
313423,967,1041
313424,965,1044
313425,970,1047
313426,973,1047
313427,972,1049
313428,973,1047
313429,969,1045
313430,972,1046
313431,973,1047
313432,974,1048
313433,975,1048
313434,974,1043
313435,971,1043
313436,973,1045
313437,972,1047
313438,976,1044
313439,976,1044
313440,974,1041
313441,973,1038
313442,974,1042
313443,976,1046
313444,979,1047
313445,982,1044
313446,982,1036
313447,987,1036
313448,988,1031
313449,989,1038
313450,995,1038
313451,995,1044
313452,995,1045
313453,998,1046
313454,1009,1042
313455,1027,1033
313456,1040,1020
313457,1050,1005
313458,1062,987
313459,1072,975
313460,1082,963
313461,1101,952
313462,1115,935
313463,1131,915
313464,1145,888
313465,1155,871
313466,1167,861
313467,1181,854
313468,1196,846
313469,1202,833
313470,1202,823
313471,1200,824
313472,1197,829
313473,1197,836
313474,1197,836
313475,1193,835
313476,1186,837
313477,1174,839
313478,1163,843
313479,1150,851
313480,1134,860
313481,1114,864
313482,1092,867
313483,1073,877
313484,1059,891
313485,1048,902
313486,1045,914
313487,1034,921
313488,1025,929
313489,1019,943
313490,1013,959
313491,1019,970
313492,1026,981
313493,1036,984
313494,1048,987
313495,1058,990
313496,1066,994
313497,1059,999
313498,1033,1007
313499,989,1018
313500,953,1027
313501,930,1041
313502,922,1056
313503,921,1069
313504,920,1077
313505,913,1079
313506,903,1083
313507,896,1085
313508,896,1091
313509,894,1099
313510,895,1101
313511,888,1101
313512,885,1100
313513,885,1101
313514,883,1106
313515,882,1111
313516,884,1110
313517,882,1109
313518,877,1108
313519,872,1111
313520,870,1114
313521,870,1120
313522,873,1121
313523,873,1121
313524,871,1122
313525,867,1125
313526,865,1132
313527,865,1138
313528,860,1141
313529,859,1138
313530,856,1136
313531,855,1138
313532,854,1144
313533,854,1154
313534,853,1158
313535,851,1156
313536,846,1151
313537,844,1149
313538,844,1153
313539,844,1157
313540,843,1161
313541,844,1164
313542,841,1166
313543,836,1169
313544,835,1173
313545,838,1178
313546,840,1180
313547,836,1181
313548,834,1182
313549,831,1186
313550,833,1190
313551,837,1197
313552,843,1197
313553,848,1194
313554,842,1191
313555,843,1189
313556,846,1191
313557,853,1191
313558,860,1189
313559,862,1184
313560,864,1182
313561,865,1179
313562,872,1177
313563,879,1175
313564,887,1168
313565,892,1162
313566,892,1156
313567,895,1154
313568,902,1150
313569,906,1143
313570,915,1134
313571,916,1124
313572,919,1117
313573,918,1117
313574,922,1115
313575,927,1114
313576,931,1105
313577,930,1093
313578,931,1083
313579,934,1077
313580,935,1077
313581,940,1075
313582,942,1068
313583,942,1062
313584,940,1057
313585,936,1059
313586,938,1057
313587,941,1058
313588,944,1055
313589,943,1055
313590,942,1050
313591,939,1051
313592,940,1054
313593,943,1055
313594,946,1055
313595,944,1053
313596,941,1051
313597,939,1051
313598,938,1053
313599,939,1057
313600,941,1060
313601,939,1058
313602,935,1053
313603,933,1052
313604,933,1055
313605,937,1056
313606,941,1056
313607,937,1051
313608,935,1049
313609,937,1048
313610,940,1051
313611,941,1050
313612,944,1047
313613,941,1046
313614,941,1042
313615,941,1040
313616,944,1045
313617,946,1042
313618,947,1041
313619,946,1040
313620,947,1037
313621,943,1036
313622,945,1038
313623,948,1040
313624,947,1039
313625,945,1037
313626,946,1037
313627,948,1039
313628,949,1039
313629,954,1042
313630,952,1041
313631,951,1040
313632,951,1037
313633,953,1035
313634,950,1038
313635,955,1042
313636,957,1041
313637,957,1040
313638,955,1034
313639,953,1034
313640,954,1040
313641,957,1045
313642,959,1045
313643,956,1043
313644,954,1037
313645,955,1036
313646,956,1038
313647,957,1042
313648,960,1041
313649,957,1039
313650,957,1037
313651,954,1039
313652,954,1045
313653,957,1048
313654,958,1042
313655,960,1041
313656,957,1040
313657,957,1040
313658,957,1039
313659,960,1038
313660,962,1037
313661,960,1036
313662,955,1036
313663,953,1036
313664,957,1034
313665,958,1036
313666,960,1035
313667,960,1031
313668,955,1032
313669,951,1034
313670,955,1039
313671,957,1039
313672,961,1038
313673,959,1036
313674,956,1033
313675,953,1032
313676,955,1036
313677,957,1041
313678,960,1041
313679,959,1038
313680,957,1035
313681,956,1036
313682,957,1038
313683,958,1042
313684,960,1042
313685,959,1043
313686,956,1036
313687,956,1039
313688,953,1038
313689,961,1041
313690,964,1041
313691,965,1041
313692,963,1037
313693,958,1039
313694,960,1042
313695,962,1050
313696,964,1050
313697,963,1047
313698,964,1038
313699,962,1035
313700,961,1035
313701,967,1038
313702,969,1036
313703,965,1032
313704,967,1030
313705,962,1031
313706,963,1036
313707,963,1038
313708,967,1037
313709,968,1030
313710,964,1027
313711,961,1023
313712,965,1024
313713,970,1028
313714,971,1030
313715,968,1028
313716,965,1028
313717,959,1031
313718,960,1032
313719,966,1037
313720,967,1037
313721,966,1036
313722,966,1036
313723,966,1038
313724,963,1041
313725,968,1039
313726,974,1034
313727,980,1028
313728,983,1026
313729,991,1022
313730,1005,1022
313731,1025,1021
313732,1050,1019
313733,1077,1006
313734,1111,991
313735,1141,980
313736,1176,980
313737,1209,989
313738,1237,1003
313739,1252,1023
313740,1247,1037
313741,1224,1045
313742,1180,1048
313743,1126,1051
313744,1077,1059
313745,1023,1063
313746,975,1070
313747,947,1073
313748,944,1069
313749,954,1062
313750,966,1053
313751,971,1044
313752,967,1036
313753,959,1034
313754,958,1036
313755,958,1038
313756,960,1037
313757,955,1037
313758,955,1037
313759,952,1036
313760,950,1039
313761,952,1038
313762,955,1034
313763,952,1029
313764,949,1027
313765,946,1032
313766,947,1032
313767,949,1034
313768,951,1031
313769,947,1026
313770,941,1024
313771,937,1026
313772,937,1031
313773,941,1034
313774,942,1033
313775,942,1033
313776,938,1030
313777,934,1031
313778,936,1034
313779,938,1039
313780,939,1039
313781,939,1035
313782,936,1036
313783,936,1035
313784,937,1036
313785,941,1036
313786,943,1036
313787,940,1037
313788,940,1037
313789,939,1036
313790,942,1035
313791,948,1034
313792,950,1030
313793,948,1025
313794,947,1022
313795,945,1021
313796,946,1022
313797,953,1023
313798,954,1019
313799,954,1019
313800,949,1014
313801,952,1012
313802,954,1014
313803,957,1016
313804,962,1017
313805,964,1012
313806,961,1011
313807,959,1012
313808,961,1011
313809,966,1014
313810,973,1010
313811,971,1008
313812,969,1006
313813,967,1004
313814,970,1008
313815,973,1009
313816,978,1008
313817,977,1003
313818,975,999
313819,975,1000
313820,979,1000
313821,982,1001
313822,986,998
313823,983,995
313824,981,988
313825,979,992
313826,981,992
313827,986,991
313828,989,992
313829,991,989
313830,989,988
313831,991,990
313832,992,993
313833,998,997
313834,1000,999
313835,1000,998
313836,999,995
313837,998,995
313838,1001,995
313839,1004,1000
313840,1008,1000
313841,1005,999
313842,1002,998
313843,997,998
313844,1000,1002
313845,999,1011
313846,1000,1011
313847,1000,1014
313848,999,1015
313849,993,1017
313850,996,1020
313851,996,1022
313852,997,1021
313853,994,1020
313854,990,1018
313855,987,1023
313856,987,1029
313857,987,1035
313858,986,1034
313859,984,1033
313860,979,1031
313861,975,1031
313862,975,1034
313863,977,1038
313864,978,1036
313865,980,1038
313866,976,1035
313867,973,1037
313868,973,1039
313869,978,1046
313870,978,1044
313871,977,1043
313872,975,1038
313873,969,1037
313874,972,1041
313875,975,1040
313876,976,1041
313877,975,1039
313878,970,1035
313879,970,1034
313880,972,1035
313881,977,1038
313882,976,1039
313883,976,1037
313884,976,1033
313885,973,1032
313886,979,1030
313887,982,1030
313888,985,1027
313889,985,1026
313890,982,1022
313891,982,1023
313892,983,1025
313893,982,1029
313894,984,1026
313895,977,1027
313896,978,1025
313897,978,1025
313898,980,1032
313899,984,1036
313900,983,1037
313901,985,1032
313902,980,1028
313903,979,1027
313904,981,1032
313905,983,1033
313906,983,1029
313907,983,1027
313908,982,1024
313909,981,1026
313910,983,1028
313911,983,1032
313912,985,1032
313913,987,1029
313914,980,1030
313915,978,1031
313916,980,1034
313917,984,1041
313918,984,1039
313919,982,1035
313920,978,1029
313921,975,1031
313922,975,1034
313923,978,1038
313924,978,1036
313925,980,1035
313926,974,1031
313927,975,1031
313928,977,1031
313929,980,1034
313930,986,1032
313931,983,1033
313932,981,1033
313933,978,1039
313934,981,1040
313935,985,1039
313936,987,1033
313937,990,1025
313938,991,1023
313939,995,1023
313940,1002,1022
313941,1013,1023
313942,1024,1020
313943,1037,1017
313944,1058,1016
313945,1087,1011
313946,1125,1002
313947,1167,1002
313948,1209,998
313949,1246,1007
313950,1269,1023
313951,1272,1042
313952,1250,1051
313953,1207,1052
313954,1146,1057
313955,1085,1066
313956,1022,1072
313957,973,1074
313958,951,1071
313959,950,1066
313960,961,1054
313961,968,1043
313962,969,1034
313963,968,1029
313964,968,1027
313965,968,1027
313966,967,1027
313967,963,1028
313968,957,1030
313969,952,1034
313970,954,1038
313971,955,1036
313972,958,1033
313973,955,1031
313974,952,1029
313975,948,1028
313976,946,1029
313977,949,1030
313978,955,1033
313979,952,1031
313980,953,1029
313981,946,1029
313982,945,1034
313983,950,1039
313984,952,1039
313985,949,1035
313986,946,1031
313987,944,1031
313988,947,1031
313989,949,1035
313990,952,1030
313991,948,1028
313992,945,1028
313993,944,1029
313994,944,1032
313995,948,1035
313996,952,1033
313997,953,1026
313998,952,1023
313999,946,1024
314000,946,1025
314001,945,1028
314002,951,1026
314003,953,1025
314004,950,1023
314005,947,1023
314006,951,1025
314007,952,1026
314008,955,1020
314009,956,1013
314010,958,1007
314011,956,1005
314012,956,1008
314013,959,1010
314014,963,1006
314015,962,1004
314016,961,1000
314017,960,1000
314018,962,1003
314019,967,1002
314020,969,1002
314021,965,997
314022,966,994
314023,965,992
314024,967,992
314025,973,992
314026,978,990
314027,976,986
314028,971,982
314029,968,983
314030,971,986
314031,973,988
314032,976,988
314033,975,987
314034,974,983
314035,973,982
314036,973,985
314037,976,989
314038,979,988
314039,980,983
314040,978,980
314041,977,979
314042,976,987
314043,978,988
314044,982,990
314045,981,991
314046,980,992
314047,978,994
314048,978,996
314049,982,999
314050,981,1000
314051,980,998
314052,975,1001
314053,973,1002
314054,976,1010
314055,979,1017
314056,980,1017
314057,975,1016
314058,971,1018
314059,969,1023
314060,971,1029
314061,973,1032
314062,974,1029
314063,976,1026
314064,976,1024
314065,973,1026
314066,977,1031
314067,979,1036
314068,979,1036
314069,973,1039
314070,969,1038
314071,966,1040
314072,964,1039
314073,971,1039
314074,975,1035
314075,972,1033
314076,969,1035
314077,966,1035
314078,967,1038
314079,969,1040
314080,972,1039
314081,975,1038
314082,969,1034
314083,968,1033
314084,968,1032
314085,971,1036
314086,975,1032
314087,970,1030
314088,966,1030
314089,964,1032
314090,963,1038
314091,971,1042
314092,970,1042
314093,969,1036
314094,966,1028
314095,967,1028
314096,968,1025
314097,971,1028
314098,973,1026
314099,969,1024
314100,967,1018
314101,966,1020
314102,966,1023
314103,969,1026
314104,977,1028
314105,978,1024
314106,973,1022
314107,970,1022
314108,970,1027
314109,973,1030
314110,975,1031
314111,974,1031
314112,969,1032
314113,968,1031
314114,972,1030
314115,974,1030
314116,975,1029
314117,972,1030
314118,971,1027
314119,971,1032
314120,972,1034
314121,973,1039
314122,973,1038
314123,972,1035
314124,966,1031
314125,962,1028
314126,965,1031
314127,963,1033
314128,968,1032
314129,969,1029
314130,970,1025
314131,965,1022
314132,967,1022
314133,972,1027
314134,974,1026
314135,974,1029
314136,971,1025
314137,966,1024
314138,969,1026
314139,974,1029
314140,975,1029
314141,974,1030
314142,971,1027
314143,967,1030
314144,966,1034
314145,970,1035
314146,972,1034
314147,972,1025
314148,969,1028
314149,969,1028
314150,971,1032
314151,972,1035
314152,974,1033
314153,972,1029
314154,970,1028
314155,972,1032
314156,974,1038
314157,971,1042
314158,974,1041
314159,974,1040
314160,972,1033
314161,972,1028
314162,975,1032
314163,976,1036
314164,982,1034
314165,981,1032
314166,980,1031
314167,979,1032
314168,980,1034
314169,982,1034
314170,990,1030
314171,991,1022
314172,998,1021
314173,1008,1018
314174,1021,1018
314175,1038,1018
314176,1057,1013
314177,1086,1008
314178,1111,999
314179,1141,993
314180,1177,992
314181,1211,998
314182,1241,1003
314183,1266,1014
314184,1270,1025
314185,1259,1037
314186,1231,1039
314187,1188,1040
314188,1136,1043
314189,1077,1053
314190,1015,1062
314191,972,1069
314192,948,1072
314193,950,1069
314194,957,1062
314195,966,1050
314196,971,1042
314197,971,1036
314198,976,1031
314199,975,1028
314200,970,1026
314201,967,1027
314202,960,1026
314203,959,1024
314204,955,1025
314205,957,1027
314206,954,1030
314207,955,1029
314208,948,1030
314209,947,1029
314210,949,1033
314211,953,1035
314212,954,1037
314213,950,1041
314214,951,1040
314215,950,1042
314216,951,1042
314217,954,1039
314218,956,1034
314219,953,1034
314220,952,1029
314221,951,1029
314222,950,1033
314223,954,1036
314224,957,1035
314225,954,1032
314226,954,1028
314227,953,1025
314228,954,1029
314229,957,1031
314230,958,1031
314231,959,1031
314232,957,1030
314233,956,1036
314234,955,1039
314235,957,1043
314236,960,1039
314237,962,1029
314238,961,1022
314239,958,1017
314240,961,1016
314241,963,1016
314242,966,1014
314243,965,1010
314244,960,1009
314245,961,1010
314246,963,1012
314247,967,1015
314248,966,1011
314249,966,1011
314250,965,1010
314251,963,1010
314252,965,1009
314253,967,1009
314254,968,1007
314255,968,1003
314256,967,1000
314257,967,1000
314258,971,1001
314259,976,1002
314260,977,1001
314261,979,996
314262,977,994
314263,978,997
314264,981,1001
314265,982,1003
314266,983,1003
314267,982,999
314268,984,996
314269,984,992
314270,987,992
314271,990,993
314272,992,991
314273,991,987
314274,988,987
314275,988,989
314276,991,992
314277,992,990
314278,997,989
314279,996,988
314280,998,986
314281,998,988
314282,999,991
314283,1004,995
314284,1004,997
314285,1003,993
314286,999,985
314287,998,988
314288,998,992
314289,1001,996
314290,1002,999
314291,1003,998
314292,997,1004
314293,992,1004
314294,994,1008
314295,996,1009
314296,997,1007
314297,994,1007
314298,985,1009
314299,986,1013
314300,986,1016
314301,987,1023
314302,988,1024
314303,984,1028
314304,980,1030
314305,976,1032
314306,977,1030
314307,980,1033
314308,981,1031
314309,980,1028
314310,978,1028
314311,979,1029
314312,979,1032
314313,981,1034
314314,984,1033
314315,979,1029
314316,978,1027
314317,974,1029
314318,978,1033
314319,980,1033
314320,984,1032
314321,985,1030
314322,981,1028
314323,978,1030
314324,980,1034
314325,982,1037
314326,984,1037
314327,982,1034
314328,980,1031
314329,978,1034
314330,979,1038
314331,982,1038
314332,987,1035
314333,987,1035
314334,981,1031
314335,979,1030
314336,986,1031
314337,990,1033
314338,995,1027
314339,993,1026
314340,992,1024
314341,995,1029
314342,997,1028
314343,1000,1028
314344,1002,1029
314345,1004,1030
314346,1005,1035
314347,1007,1042
314348,1012,1045
314349,1018,1044
314350,1023,1038
314351,1028,1034
314352,1034,1030
314353,1042,1032
314354,1054,1030
314355,1068,1022
314356,1080,1006
314357,1093,993
314358,1104,979
314359,1117,967
314360,1134,959
314361,1149,947
314362,1168,928
314363,1183,907
314364,1195,884
314365,1205,868
314366,1216,860
314367,1228,853
314368,1240,843
314369,1248,833
314370,1245,823
314371,1243,823
314372,1243,826
314373,1244,822
314374,1240,818
314375,1236,812
314376,1223,808
314377,1203,811
314378,1188,816
314379,1176,827
314380,1158,834
314381,1139,841
314382,1117,847
314383,1096,858
314384,1081,872
314385,1070,889
314386,1065,899
314387,1060,906
314388,1053,913
314389,1050,919
314390,1046,930
314391,1047,940
314392,1050,948
314393,1054,954
314394,1063,960
314395,1072,970
314396,1085,976
314397,1086,981
314398,1072,985
314399,1038,992
314400,998,998
314401,968,1015
314402,947,1034
314403,941,1051
314404,938,1065
314405,932,1070
314406,926,1068
314407,919,1070
314408,916,1074
314409,914,1082
314410,911,1084
314411,909,1086
314412,906,1085
314413,904,1088
314414,903,1090
314415,901,1095
314416,902,1095
314417,901,1096
314418,894,1094
314419,891,1096
314420,887,1099
314421,891,1101
314422,894,1104
314423,889,1104
314424,887,1109
314425,883,1114
314426,883,1117
314427,885,1121
314428,884,1124
314429,880,1125
314430,880,1125
314431,877,1125
314432,876,1131
314433,880,1134
314434,879,1138
314435,877,1141
314436,871,1144
314437,868,1147
314438,869,1152
314439,867,1154
314440,871,1152
314441,866,1151
314442,863,1156
314443,862,1156
314444,863,1164
314445,864,1169
314446,867,1165
314447,864,1165
314448,862,1161
314449,861,1163
314450,861,1168
314451,864,1173
314452,867,1175
314453,868,1176
314454,867,1177
314455,865,1181
314456,865,1187
314457,868,1190
314458,873,1187
314459,876,1185
314460,877,1179
314461,878,1175
314462,881,1176
314463,890,1176
314464,895,1171
314465,898,1168
314466,900,1163
314467,903,1163
314468,909,1161
314469,914,1158
314470,919,1151
314471,922,1143
314472,924,1136
314473,927,1134
314474,934,1135
314475,941,1134
314476,943,1130
314477,945,1122
314478,948,1112
314479,949,1108
314480,953,1108
314481,954,1108
314482,957,1099
314483,957,1090
314484,958,1084
314485,960,1078
314486,963,1073
314487,966,1068
314488,967,1064
314489,965,1064
314490,962,1057
314491,962,1056
314492,962,1060
314493,963,1061
314494,964,1057
314495,963,1054
314496,962,1049
314497,958,1051
314498,960,1050
314499,961,1052
314500,964,1046
314501,962,1045
314502,962,1040
314503,962,1036
314504,963,1035
314505,963,1040
314506,966,1039
314507,966,1036
314508,962,1033
314509,960,1035
314510,961,1037
314511,963,1040
314512,967,1038
314513,966,1036
314514,961,1032
314515,963,1034
314516,967,1034
314517,969,1035
314518,972,1035
314519,970,1033
314520,967,1033
314521,968,1035
314522,971,1042
314523,976,1041
314524,978,1038
314525,975,1034
314526,974,1031
314527,972,1034
314528,975,1039
314529,979,1043
314530,979,1041
314531,977,1037
314532,975,1033
314533,974,1034
314534,973,1040
314535,977,1041
314536,975,1042
314537,978,1035
314538,977,1027
314539,977,1020
314540,980,1018
314541,981,1019
314542,980,1019
314543,976,1020
314544,972,1017
314545,972,1017
314546,976,1019
314547,979,1021
314548,982,1022
314549,980,1019
314550,976,1018
314551,975,1018
314552,977,1021
314553,978,1026
314554,980,1025
314555,979,1020
314556,975,1018
314557,974,1020
314558,977,1023
314559,978,1028
314560,978,1030
314561,975,1028
314562,974,1024
314563,970,1024
314564,971,1025
314565,972,1032
314566,975,1033
314567,974,1031
314568,973,1029
314569,969,1031
314570,971,1033
314571,972,1034
314572,976,1033
314573,976,1027
314574,972,1024
314575,974,1024
314576,976,1025
314577,975,1026
314578,977,1026
314579,978,1024
314580,976,1023
314581,977,1024
314582,979,1023
314583,979,1025
314584,982,1025
314585,978,1021
314586,975,1020
314587,974,1021
314588,975,1028
314589,974,1033
314590,977,1031
314591,977,1024
314592,974,1018
314593,974,1015
314594,975,1019
314595,975,1025
314596,980,1022
314597,976,1018
314598,975,1018
314599,974,1019
314600,976,1021
314601,979,1023
314602,980,1021
314603,978,1019
314604,975,1018
314605,973,1018
314606,974,1023
314607,974,1024
314608,978,1026
314609,976,1020
314610,977,1019
314611,974,1019
314612,976,1023
314613,978,1026
314614,983,1024
314615,982,1018
314616,981,1016
314617,978,1019
314618,978,1021
314619,979,1024
314620,980,1022
314621,977,1023
314622,977,1023
314623,976,1027
314624,980,1030
314625,981,1033
314626,986,1028
314627,982,1023
314628,979,1019
314629,981,1021
314630,981,1019
314631,980,1022
314632,983,1018
314633,984,1017
314634,980,1017
314635,977,1021
314636,979,1020
314637,983,1023
314638,981,1024
314639,981,1024
314640,979,1022
314641,978,1024
314642,980,1028
314643,983,1030
314644,985,1026
314645,984,1024
314646,984,1021
314647,982,1020
314648,984,1023
314649,988,1025
314650,990,1022
314651,990,1012
314652,993,1003
314653,1003,1000
314654,1015,1000
314655,1030,1002
314656,1047,1002
314657,1064,999
314658,1076,997
314659,1103,990
314660,1136,984
314661,1171,979
314662,1203,975
314663,1230,974
314664,1252,981
314665,1264,995
314666,1269,1012
314667,1257,1024
314668,1220,1025
314669,1166,1027
314670,1109,1034
314671,1056,1040
314672,1007,1049
314673,980,1058
314674,967,1058
314675,960,1049
314676,965,1039
314677,973,1033
314678,982,1026
314679,984,1026
314680,983,1025
314681,975,1023
314682,972,1024
314683,970,1022
314684,971,1020
314685,974,1020
314686,969,1023
314687,966,1023
314688,961,1020
314689,963,1021
314690,961,1024
314691,962,1026
314692,959,1026
314693,960,1021
314694,958,1022
314695,957,1022
314696,958,1023
314697,960,1025
314698,961,1023
314699,961,1018
314700,957,1016
314701,959,1016
314702,955,1019
314703,956,1025
314704,960,1026
314705,957,1029
314706,954,1026
314707,953,1026
314708,956,1024
314709,958,1023
314710,961,1019
314711,959,1015
314712,957,1011
314713,956,1008
314714,959,1012
314715,962,1015
314716,963,1014
314717,960,1014
314718,956,1011
314719,952,1011
314720,954,1012
314721,957,1015
314722,960,1016
314723,956,1013
314724,958,1010
314725,956,1008
314726,962,1010
314727,964,1011
314728,965,1010
314729,961,1009
314730,963,1008
314731,964,1007
314732,967,1010
314733,970,1009
314734,971,1006
314735,969,1005
314736,967,1004
314737,970,1005
314738,972,1007
314739,978,1010
314740,981,1008
314741,983,1004
314742,982,1000
314743,982,1001
314744,986,1003
314745,989,1005
314746,989,1007
314747,990,1003
314748,989,998
314749,989,993
314750,991,992
314751,994,992
314752,998,990
314753,998,987
314754,995,984
314755,992,984
314756,995,986
314757,1000,992
314758,1002,991
314759,998,986
314760,992,982
314761,997,980
314762,1000,979
314763,1006,982
314764,1006,979
314765,1007,981
314766,1005,980
314767,1002,981
314768,1005,984
314769,1007,987
314770,1010,986
314771,1008,990
314772,1005,990
314773,1006,989
314774,1007,994
314775,1007,996
314776,1012,998
314777,1010,994
314778,1004,994
314779,1003,996
314780,1005,1003
314781,1006,1012
314782,1008,1011
314783,1004,1012
314784,1000,1008
314785,998,1009
314786,996,1013
314787,998,1018
314788,998,1019
314789,996,1018
314790,992,1012
314791,993,1014
314792,992,1018
314793,991,1023
314794,994,1026
314795,993,1026
314796,988,1027
314797,988,1029
314798,989,1030
314799,990,1032
314800,987,1031
314801,985,1031
314802,982,1029
314803,981,1027
314804,984,1030
314805,985,1030
314806,986,1029
314807,984,1024
314808,981,1020
314809,977,1020
314810,980,1023
314811,978,1024
314812,983,1023
314813,980,1019
314814,977,1020
314815,979,1022
314816,982,1023
314817,982,1027
314818,986,1026
314819,984,1027
314820,980,1027
314821,980,1029
314822,982,1030
314823,988,1030
314824,988,1023
314825,986,1019
314826,981,1017
314827,976,1019
314828,980,1022
314829,979,1025
314830,977,1029
314831,980,1030
314832,981,1027
314833,981,1025
314834,982,1023
314835,982,1022
314836,984,1020
314837,984,1015
314838,981,1011
314839,977,1014
314840,977,1016
314841,978,1021
314842,983,1020
314843,983,1015
314844,981,1015
314845,982,1019
314846,982,1025
314847,985,1029
314848,983,1031
314849,983,1025
314850,976,1020
314851,977,1021
314852,981,1026
314853,983,1026
314854,984,1022
314855,980,1020
314856,978,1017
314857,976,1018
314858,978,1020
314859,983,1025
314860,980,1023
314861,980,1021
314862,976,1020
314863,976,1019
314864,978,1022
314865,981,1025
314866,985,1021
314867,981,1017
314868,977,1012
314869,973,1017
314870,970,1021
314871,974,1024
314872,974,1021
314873,975,1018
314874,971,1016
314875,971,1017
314876,974,1021
314877,978,1023
314878,977,1023
314879,976,1022
314880,969,1017
314881,963,1014
314882,964,1019
314883,971,1021
314884,971,1023
314885,969,1021
314886,969,1016
314887,967,1015
314888,967,1018
314889,972,1024
314890,972,1023
314891,970,1023
314892,966,1019
314893,966,1020
314894,970,1025
314895,974,1027
314896,977,1025
314897,972,1023
314898,968,1022
314899,970,1021
314900,973,1022
314901,973,1023
314902,974,1024
314903,976,1025
314904,975,1023
314905,974,1024
314906,976,1024
314907,982,1029
314908,982,1028
314909,980,1025
314910,981,1022
314911,983,1015
314912,989,1013
314913,1000,1014
314914,1012,1010
314915,1025,1008
314916,1040,1008
314917,1060,1004
314918,1091,995
314919,1126,985
314920,1164,974
314921,1201,968
314922,1232,971
314923,1256,982
314924,1263,1002
314925,1259,1021
314926,1224,1027
314927,1167,1023
314928,1107,1027
314929,1044,1040
314930,990,1052
314931,956,1060
314932,944,1060
314933,945,1054
314934,950,1044
314935,957,1036
314936,965,1032
314937,970,1029
314938,970,1025
314939,967,1017
314940,962,1013
314941,960,1013
314942,959,1016
314943,960,1024
314944,961,1024
314945,958,1021
314946,954,1015
314947,953,1016
314948,953,1019
314949,953,1023
314950,950,1022
314951,951,1021
314952,947,1018
314953,945,1022
314954,949,1026
314955,951,1027
314956,950,1025
314957,948,1021
314958,945,1021
314959,946,1020
314960,951,1021
314961,951,1023
314962,952,1016
314963,946,1013
314964,946,1010
314965,946,1010
314966,950,1010
314967,953,1014
314968,950,1013
314969,952,1013
314970,950,1011
314971,949,1014
314972,952,1016
314973,954,1018
314974,953,1017
314975,951,1020
314976,954,1015
314977,952,1016
314978,950,1012
314979,954,1013
314980,956,1009
314981,955,1007
314982,952,1007
314983,952,1007
314984,954,1013
314985,956,1016
314986,960,1012
314987,960,1005
314988,958,997
314989,956,995
314990,958,999
314991,960,1001
314992,962,998
314993,964,994
314994,962,990
314995,961,990
314996,960,989
314997,965,993
314998,969,989
314999,966,984
315000,961,983
315001,960,982
315002,965,983
315003,968,988
315004,972,984
315005,971,984
315006,970,979
315007,970,981
315008,971,986
315009,972,988
315010,974,984
315011,975,980
315012,973,976
315013,974,977
315014,973,979
315015,977,981
315016,981,981
315017,976,978
315018,974,975
315019,973,977
315020,977,981
315021,977,983
315022,980,984
315023,980,985
315024,981,983
315025,982,985
315026,987,986
315027,990,991
315028,991,991
315029,988,988
315030,984,990
315031,981,993
315032,983,999
315033,985,999
315034,984,1001
315035,982,998
315036,980,1000
315037,978,1003
315038,979,1008
315039,980,1014
315040,981,1012
315041,974,1015
315042,970,1016
315043,969,1020
315044,970,1024
315045,973,1023
315046,975,1023
315047,974,1021
315048,970,1020
315049,969,1019
315050,974,1024
315051,975,1028
315052,976,1029
315053,973,1029
315054,969,1028
315055,969,1027
315056,971,1027
315057,972,1031
315058,975,1028
315059,972,1023
315060,969,1023
315061,972,1025
315062,974,1026
315063,975,1028
315064,977,1026
315065,976,1023
315066,974,1018
315067,971,1019
315068,971,1022
315069,975,1025
315070,976,1024
315071,973,1020
315072,970,1016
315073,969,1018
315074,969,1019
315075,966,1023
315076,966,1026
315077,964,1027
315078,963,1028
315079,962,1031
315080,968,1032
315081,971,1032
315082,973,1028
315083,974,1028
315084,970,1026
315085,967,1025
315086,968,1026
315087,968,1023
315088,974,1021
315089,974,1020
315090,969,1018
315091,971,1021
315092,973,1023
315093,975,1021
315094,975,1020
315095,975,1017
315096,971,1017
315097,970,1021
315098,972,1023
315099,976,1030
315100,979,1026
315101,977,1019
315102,975,1020
315103,975,1019
315104,975,1024
315105,979,1026
315106,976,1023
315107,976,1020
315108,972,1019
315109,974,1020
315110,977,1024
315111,978,1027
315112,978,1027
315113,976,1023
315114,973,1021
315115,971,1021
315116,972,1024
315117,976,1025
315118,974,1025
315119,975,1025
315120,973,1026
315121,970,1026
315122,971,1023
315123,974,1027
315124,974,1025
315125,969,1026
315126,968,1022
315127,969,1020
315128,970,1024
315129,973,1027
315130,974,1026
315131,973,1023
315132,971,1020
315133,968,1017
315134,971,1018
315135,972,1018
315136,972,1017
315137,970,1016
315138,965,1017
315139,970,1018
315140,971,1024
315141,974,1028
315142,974,1029
315143,972,1028
315144,969,1020
315145,972,1021
315146,975,1021
315147,975,1025
315148,974,1026
315149,973,1025
315150,971,1026
315151,971,1030
315152,972,1030
315153,975,1035
315154,976,1033
315155,979,1029
315156,977,1026
315157,974,1026
315158,978,1028
315159,981,1028
315160,982,1028
315161,978,1027
315162,974,1026
315163,974,1028
315164,976,1033
315165,978,1037
315166,978,1038
315167,977,1034
315168,976,1030
315169,976,1026
315170,978,1025
315171,979,1025
315172,981,1025
315173,977,1023
315174,975,1024
315175,974,1026
315176,976,1027
315177,973,1027
315178,979,1026
315179,981,1023
315180,980,1019
315181,978,1018
315182,979,1022
315183,978,1026
315184,981,1028
315185,979,1024
315186,978,1019
315187,975,1022
315188,977,1024
315189,980,1029
315190,984,1026
315191,985,1023
315192,982,1019
315193,981,1020
315194,982,1025
315195,983,1029
315196,985,1027
315197,982,1029
315198,985,1029
315199,987,1028
315200,987,1030
315201,993,1032
315202,994,1025
315203,991,1019
315204,989,1014
315205,994,1017
315206,1003,1018
315207,1016,1022
315208,1034,1018
315209,1051,1015
315210,1075,1005
315211,1106,995
315212,1144,985
315213,1186,980
315214,1223,978
315215,1259,982
315216,1280,997
315217,1280,1016
315218,1258,1027
315219,1216,1032
315220,1154,1036
315221,1094,1038
315222,1031,1044
315223,985,1054
315224,959,1057
315225,960,1060
315226,976,1053
315227,987,1040
315228,988,1031
315229,989,1027
315230,990,1028
315231,986,1027
315232,983,1025
315233,979,1022
315234,977,1024
315235,974,1027
315236,975,1031
315237,974,1030
315238,973,1029
315239,970,1022
315240,965,1019
315241,966,1021
315242,969,1024
315243,969,1028
315244,967,1031
315245,965,1024
315246,962,1021
315247,961,1021
315248,964,1023
315249,963,1022
315250,965,1022
315251,963,1017
315252,964,1018
315253,958,1017
315254,960,1022
315255,964,1025
315256,967,1018
315257,968,1014
315258,963,1015
315259,961,1019
315260,963,1024
315261,966,1027
315262,968,1027
315263,966,1025
315264,968,1023
315265,968,1020
315266,970,1020
315267,974,1021
315268,974,1021
315269,973,1018
315270,971,1018
315271,972,1017
315272,974,1023
315273,981,1025
315274,981,1023
315275,981,1014
315276,978,1011
315277,979,1010
315278,981,1011
315279,984,1013
315280,987,1014
315281,984,1009
315282,985,1005
315283,984,1005
315284,983,1009
315285,989,1010
315286,992,1008
315287,988,1005
315288,989,1004
315289,988,1002
315290,993,999
315291,995,996
315292,996,990
315293,997,984
315294,994,983
315295,992,991
315296,994,994
315297,999,994
315298,997,990
315299,997,986
315300,996,983
315301,996,985
315302,997,987
315303,998,990
315304,1003,993
315305,1002,988
315306,1002,984
315307,1002,986
315308,1004,992
315309,1008,997
315310,1011,997
315311,1009,995
315312,1010,994
315313,1016,989
315314,1017,988
315315,1021,992
315316,1022,992
315317,1021,991
315318,1017,993
315319,1017,997
315320,1018,1002
315321,1019,1007
315322,1021,1007
315323,1014,1004
315324,1009,1006
315325,1005,1010
315326,1007,1019
315327,1007,1027
315328,1007,1030
315329,1004,1024
315330,1001,1021
315331,1000,1020
315332,996,1022
315333,1001,1025
315334,1001,1025
315335,995,1023
315336,993,1022
315337,990,1025
315338,992,1032
315339,994,1032
315340,994,1033
315341,996,1032
315342,994,1025
315343,992,1024
315344,991,1027
315345,995,1030
315346,993,1030
315347,991,1025
315348,983,1024
315349,983,1024
315350,986,1027
315351,986,1031
315352,987,1031
315353,985,1028
315354,981,1025
315355,983,1024
315356,987,1024
315357,991,1024
315358,991,1023
315359,988,1021
315360,985,1019
315361,985,1018
315362,992,1015
315363,998,1017
315364,998,1016
315365,997,1014
315366,994,1015
315367,992,1018
315368,995,1022
315369,998,1023
315370,998,1024
315371,999,1019
315372,993,1018
315373,996,1019
315374,998,1021
315375,999,1020
315376,1004,1020
315377,999,1017
315378,1000,1018
315379,1000,1020
315380,1001,1027
315381,1003,1034
315382,1006,1037
315383,1004,1032
315384,999,1024
315385,1000,1023
315386,1005,1023
315387,1007,1023
315388,1003,1024
315389,1003,1021
315390,1002,1018
315391,1001,1021
315392,1001,1029
315393,1003,1034
315394,1001,1030
315395,999,1021
315396,995,1015
315397,993,1019
315398,995,1020
315399,998,1022
315400,999,1018
315401,998,1015
315402,992,1013
315403,989,1013
315404,991,1019
315405,992,1026
315406,991,1031
315407,989,1028
315408,987,1022
315409,988,1016
315410,991,1018
315411,992,1022
315412,996,1024
315413,995,1021
315414,990,1020
315415,990,1021
315416,994,1023
315417,997,1027
315418,994,1026
315419,994,1026
315420,991,1026
315421,991,1030
315422,996,1035
315423,1001,1036
315424,1002,1030
315425,1002,1027
315426,1000,1024
315427,1004,1024
315428,1012,1019
315429,1026,1020
315430,1042,1015
315431,1057,1011
315432,1080,1010
315433,1110,1007
315434,1150,1003
315435,1191,994
315436,1232,987
315437,1267,986
315438,1295,989
315439,1307,1009
315440,1294,1026
315441,1251,1032
315442,1189,1033
315443,1117,1038
315444,1052,1048
315445,998,1053
315446,969,1063
315447,966,1066
315448,973,1058
315449,983,1047
315450,984,1033
315451,986,1026
315452,986,1023
315453,984,1020
315454,980,1021
315455,977,1017
315456,970,1015
315457,967,1020
315458,967,1025
315459,970,1026
315460,971,1022
315461,970,1016
315462,969,1012
315463,968,1013
315464,969,1019
315465,973,1025
315466,973,1024
315467,972,1023
315468,969,1020
315469,971,1022
315470,971,1023
315471,976,1028
315472,976,1030
315473,977,1029
315474,973,1029
315475,974,1030
315476,976,1030
315477,977,1028
315478,978,1027
315479,976,1029
315480,974,1027
315481,974,1028
315482,976,1028
315483,981,1030
315484,983,1029
315485,979,1025
315486,978,1019
315487,981,1019
315488,984,1019
315489,982,1023
315490,981,1023
315491,980,1025
315492,977,1022
315493,977,1022
315494,978,1022
315495,981,1026
315496,984,1023
315497,981,1018
315498,979,1015
315499,978,1013
315500,979,1015
315501,982,1015
315502,982,1013
315503,980,1010
315504,981,1008
315505,979,1006
315506,982,1008
315507,983,1009
315508,986,1004
315509,988,998
315510,987,996
315511,986,996
315512,993,1001
315513,998,1003
315514,999,1003
315515,1003,998
315516,1002,991
315517,1000,984
315518,1005,985
315519,1009,991
315520,1010,989
315521,1006,992
315522,1005,991
315523,1003,988
315524,1007,987
315525,1013,988
315526,1015,985
315527,1014,980
315528,1012,977
315529,1012,979
315530,1013,983
315531,1014,987
315532,1017,989
315533,1017,988
315534,1016,989
315535,1015,995
315536,1015,998
315537,1018,1007
315538,1015,1005
315539,1011,1005
315540,1010,1003
315541,1008,1005
315542,1007,1012
315543,1005,1019
315544,1006,1020
315545,1001,1016
315546,996,1013
315547,993,1018
315548,992,1021
315549,996,1022
315550,993,1022
315551,991,1022
315552,985,1024
315553,984,1025
315554,982,1027
315555,987,1027
315556,985,1026
315557,983,1023
315558,980,1025
315559,980,1028
315560,980,1032
315561,982,1036
315562,981,1039
315563,980,1038
315564,976,1032
315565,978,1031
315566,979,1033
315567,986,1037
315568,986,1034
315569,985,1034
315570,985,1030
315571,987,1033
315572,988,1037
315573,990,1043
315574,988,1043
315575,987,1040
315576,986,1036
315577,987,1031
315578,989,1035
315579,991,1038
315580,992,1038
315581,988,1034
315582,990,1035
315583,993,1034
315584,996,1035
315585,998,1031
315586,997,1027
315587,995,1024
315588,990,1022
315589,991,1026
315590,994,1030
315591,999,1032
315592,998,1029
315593,997,1028
315594,993,1024
315595,990,1024
315596,993,1030
315597,995,1034
315598,1000,1037
315599,997,1029
315600,993,1025
315601,989,1024
315602,990,1026
315603,992,1027
315604,990,1022
315605,989,1015
315606,984,1017
315607,980,1019
315608,980,1021
315609,981,1023
315610,987,1024
315611,990,1023
315612,983,1023
315613,984,1023
315614,983,1026
315615,985,1030
315616,986,1031
315617,986,1029
315618,984,1029
315619,983,1031
315620,987,1032
315621,993,1033
315622,994,1031
315623,989,1029
315624,989,1028
315625,986,1035
315626,988,1042
315627,987,1043
315628,989,1039
315629,990,1030
315630,989,1024
315631,992,1023
315632,992,1024
315633,990,1031
315634,990,1033
315635,985,1033
315636,982,1030
315637,983,1028
315638,989,1027
315639,988,1028
315640,989,1026
315641,990,1029
315642,989,1026
315643,988,1030
315644,989,1029
315645,993,1029
315646,992,1024
315647,990,1020
315648,985,1017
315649,984,1019
315650,986,1022
315651,993,1024
315652,992,1024
315653,987,1021
315654,982,1023
315655,978,1027
315656,981,1026
315657,981,1029
315658,983,1027
315659,982,1025
315660,978,1026
315661,980,1025
315662,978,1028
315663,982,1032
315664,984,1030
315665,982,1031
315666,977,1031
315667,979,1035
315668,983,1039
315669,984,1039
315670,987,1034
315671,985,1029
315672,982,1023
315673,980,1026
315674,984,1028
315675,989,1032
315676,988,1029
315677,989,1027
315678,986,1022
315679,987,1025
315680,987,1026
315681,990,1027
315682,994,1023
315683,993,1019
315684,990,1019
315685,989,1024
315686,992,1027
315687,993,1032
315688,995,1032
315689,992,1025
315690,992,1025
315691,991,1027
315692,998,1028
315693,997,1028
315694,993,1029
315695,991,1024
315696,987,1027
315697,987,1029
315698,986,1034
315699,990,1033
315700,991,1027
315701,988,1024
315702,983,1022
315703,982,1025
315704,980,1028
315705,983,1032
315706,983,1030
315707,983,1025
315708,980,1024
315709,979,1023
315710,982,1028
315711,984,1031
315712,986,1030
315713,982,1026
315714,979,1028
315715,982,1031
315716,986,1035
315717,989,1037
315718,985,1032
315719,986,1028
315720,984,1027
315721,984,1029
315722,990,1030
315723,994,1030
315724,996,1028
315725,993,1022
315726,988,1022
315727,986,1019
315728,987,1021
315729,990,1024
315730,992,1024
315731,991,1024
315732,991,1022
315733,991,1025
315734,993,1028
315735,993,1033
315736,994,1031
315737,996,1028
315738,994,1028
315739,991,1029
315740,992,1029
315741,999,1030
315742,996,1027
315743,995,1024
315744,992,1023
315745,988,1027
315746,993,1035
315747,997,1036
315748,999,1031
315749,1000,1025
315750,998,1022
315751,995,1023
315752,999,1021
315753,1004,1022
315754,1016,1022
315755,1031,1015
315756,1047,1014
315757,1071,1008
315758,1096,1002
315759,1132,992
315760,1169,977
315761,1202,966
315762,1229,963
315763,1259,969
315764,1285,983
315765,1293,1004
315766,1273,1015
315767,1231,1016
315768,1174,1016
315769,1122,1028
315770,1073,1039
315771,1032,1051
315772,993,1053
315773,971,1053
315774,967,1048
315775,973,1048
315776,988,1040
315777,995,1036
315778,994,1033
315779,990,1024
315780,987,1024
315781,981,1027
315782,980,1036
315783,982,1037
315784,984,1032
315785,980,1022
315786,976,1022
315787,973,1025
315788,975,1028
315789,981,1027
315790,976,1024
315791,976,1021
315792,975,1024
315793,971,1028
315794,972,1034
315795,973,1036
315796,974,1037
315797,970,1031
315798,965,1025
315799,965,1027
315800,969,1030
315801,969,1029
315802,967,1026
315803,965,1025
315804,962,1025
315805,961,1026
315806,964,1029
315807,969,1031
315808,967,1031
315809,965,1026
315810,965,1020
315811,964,1024
315812,966,1027
315813,970,1030
315814,970,1028
315815,970,1026
315816,968,1025
315817,967,1028
315818,967,1027
315819,970,1028
315820,973,1027
315821,971,1025
315822,966,1026
315823,968,1029
315824,969,1031
315825,973,1029
315826,972,1024
315827,973,1018
315828,971,1016
315829,974,1017
315830,974,1019
315831,980,1022
315832,984,1018
315833,982,1020
315834,981,1018
315835,982,1016
315836,984,1021
315837,986,1020
315838,988,1018
315839,988,1013
315840,987,1009
315841,988,1005
315842,992,1000
315843,997,1000
315844,997,997
315845,997,994
315846,998,989
315847,996,989
315848,997,992
315849,1003,995
315850,1004,991
315851,1003,989
315852,1001,988
315853,1002,992
315854,1003,993
315855,1004,996
315856,1008,995
315857,1005,991
315858,1005,988
315859,1007,992
315860,1010,993
315861,1013,996
315862,1017,995
315863,1015,994
315864,1013,992
315865,1011,996
315866,1013,999
315867,1015,1003
315868,1016,1003
315869,1014,1005
315870,1011,1005
315871,1009,1010
315872,1010,1016
315873,1013,1020
315874,1010,1020
315875,1008,1019
315876,1005,1020
315877,1004,1024
315878,1004,1024
315879,1009,1030
315880,1008,1031
315881,1004,1031
315882,1000,1030
315883,997,1030
315884,1000,1033
315885,1001,1038
315886,999,1042
315887,996,1038
315888,992,1036
315889,992,1033
315890,993,1032
315891,994,1031
315892,990,1030
315893,990,1031
315894,986,1035
315895,985,1036
315896,988,1040
315897,991,1041
315898,991,1041
315899,991,1039
315900,989,1035
315901,988,1038
315902,988,1038
315903,990,1041
315904,992,1040
315905,987,1037
315906,987,1037
315907,987,1038
315908,991,1038
315909,992,1042
315910,993,1039
315911,992,1038
315912,988,1036
315913,990,1036
315914,994,1039
315915,998,1039
315916,996,1034
315917,994,1030
315918,989,1030
315919,993,1032
315920,995,1036
315921,999,1036
315922,1000,1035
315923,997,1030
315924,993,1031
315925,995,1031
315926,996,1035
315927,994,1034
315928,997,1033
315929,997,1030
315930,995,1030
315931,996,1029
315932,996,1035
315933,1000,1036
315934,995,1034
315935,996,1030
315936,995,1031
315937,994,1033
315938,994,1036
315939,1001,1039
315940,999,1040
315941,994,1037
315942,991,1036
315943,992,1034
315944,995,1032
315945,997,1034
315946,998,1034
315947,995,1031
315948,991,1033
315949,990,1034
315950,991,1035
315951,994,1038
315952,995,1036
315953,992,1032
315954,985,1031
315955,987,1031
315956,992,1033
315957,993,1035
315958,994,1031
315959,991,1029
315960,990,1026
315961,988,1027
315962,994,1030
315963,995,1031
315964,998,1031
315965,995,1027
315966,994,1027
315967,992,1027
315968,993,1031
315969,998,1034
315970,997,1031
315971,996,1029
315972,992,1029
315973,989,1032
315974,991,1033
315975,993,1036
315976,994,1036
315977,995,1032
315978,988,1032
315979,988,1031
315980,992,1037
315981,992,1037
315982,996,1036
315983,994,1034
315984,993,1035
315985,994,1034
315986,995,1039
315987,997,1039
315988,996,1038
315989,995,1036
315990,993,1033
315991,992,1033
315992,995,1037
315993,996,1039
315994,997,1039
315995,998,1033
315996,994,1032
315997,999,1036
315998,999,1034
315999,1002,1039
316000,1002,1036
316001,1002,1032
316002,999,1030
316003,1005,1029
316004,1017,1028
316005,1031,1026
316006,1045,1024
316007,1060,1019
316008,1078,1014
316009,1101,1010
316010,1132,1008
316011,1166,996
316012,1202,986
316013,1237,981
316014,1268,982
316015,1295,996
316016,1300,1017
316017,1278,1031
316018,1229,1033
316019,1167,1035
316020,1104,1043
316021,1041,1059
316022,994,1074
316023,969,1082
316024,969,1077
316025,976,1068
316026,988,1056
316027,992,1047
316028,996,1045
316029,995,1042
316030,994,1037
316031,990,1034
316032,985,1030
316033,987,1033
316034,988,1035
316035,989,1033
316036,989,1032
316037,987,1029
316038,982,1028
316039,979,1030
316040,980,1032
316041,982,1035
316042,981,1035
316043,977,1032
316044,977,1030
316045,976,1033
316046,976,1033
316047,978,1035
316048,979,1033
316049,978,1031
316050,973,1028
316051,973,1030
316052,974,1034
316053,980,1036
316054,980,1031
316055,980,1032
316056,975,1032
316057,974,1032
316058,978,1037
316059,980,1039
316060,980,1035
316061,979,1033
316062,977,1031
316063,977,1031
316064,982,1033
316065,984,1034
316066,984,1032
316067,979,1030
316068,978,1027
316069,979,1026
316070,981,1028
316071,984,1029
316072,982,1025
316073,986,1024
316074,981,1018
316075,980,1021
316076,985,1024
316077,987,1026
316078,989,1022
316079,988,1018
316080,988,1018
316081,991,1016
316082,994,1020
316083,996,1019
316084,998,1014
316085,998,1008
316086,996,1004
316087,996,1006
316088,1001,1006
316089,1004,1007
316090,1002,1002
316091,1003,999
316092,1002,994
316093,1006,996
316094,1010,995
316095,1013,996
316096,1016,996
316097,1014,990
316098,1012,989
316099,1013,989
316100,1017,989
316101,1022,991
316102,1021,989
316103,1022,989
316104,1021,985
316105,1020,986
316106,1023,991
316107,1024,993
316108,1026,993
316109,1025,991
316110,1024,989
316111,1024,996
316112,1025,998
316113,1025,1003
316114,1028,1002
316115,1023,1001
316116,1017,1001
316117,1015,1008
316118,1016,1011
316119,1017,1016
316120,1015,1018
316121,1013,1017
316122,1004,1022
316123,1001,1023
316124,1001,1029
316125,1005,1035
316126,1003,1034
316127,1000,1033
316128,996,1030
316129,994,1036
316130,998,1037
316131,999,1041
316132,999,1038
316133,998,1036
316134,990,1037
316135,992,1038
316136,992,1040
316137,995,1043
316138,994,1045
316139,990,1044
316140,987,1041
316141,989,1042
316142,992,1045
316143,995,1046
316144,997,1045
316145,993,1040
316146,991,1041
316147,991,1044
316148,989,1045
316149,994,1046
316150,997,1046
316151,996,1043
316152,993,1036
316153,994,1039
316154,995,1039
316155,997,1039
316156,997,1039
316157,997,1035
316158,996,1035
316159,996,1037
316160,997,1037
316161,1002,1039
316162,1003,1036
316163,1002,1032
316164,1000,1030
316165,997,1032
316166,999,1034
316167,1001,1037
316168,1002,1037
316169,998,1035
316170,1000,1032
316171,998,1035
316172,1003,1038
316173,1006,1039
316174,1006,1037
316175,1002,1035
316176,1002,1032
316177,999,1033
316178,1003,1034
316179,1003,1036
316180,1006,1035
316181,1002,1031
316182,1002,1030
316183,1002,1032
316184,1000,1036
316185,1004,1036
316186,1004,1036
316187,1002,1034
316188,1000,1034
316189,1000,1033
316190,1002,1036
316191,1005,1037
316192,1005,1036
316193,1002,1034
316194,997,1032
316195,996,1032
316196,996,1037
316197,997,1040
316198,997,1038
316199,994,1035
316200,990,1035
316201,991,1034
316202,994,1038
316203,997,1041
316204,998,1038
316205,997,1035
316206,993,1033
316207,996,1035
316208,1000,1036
316209,1005,1037
316210,1007,1035
316211,1003,1032
316212,998,1033
316213,1002,1033
316214,1003,1035
316215,1005,1037
316216,1007,1034
316217,1003,1033
316218,1000,1030
316219,997,1034
316220,999,1036
316221,1002,1038
316222,1004,1038
316223,1001,1036
316224,998,1037
316225,996,1036
316226,1000,1038
316227,1003,1041
316228,1003,1042
316229,1000,1038
316230,1001,1035
316231,1002,1036
316232,1003,1039
316233,1007,1039
316234,1003,1035
316235,1000,1034
316236,997,1030
316237,1005,1027
316238,1013,1027
316239,1025,1025
316240,1037,1021
316241,1050,1017
316242,1066,1015
316243,1097,1013
316244,1133,1005
316245,1172,995
316246,1213,988
316247,1250,983
316248,1280,986
316249,1299,1005
316250,1302,1029
316251,1285,1047
316252,1240,1051
316253,1187,1047
316254,1128,1054
316255,1064,1068
316256,1005,1085
316257,969,1096
316258,955,1099
316259,960,1094
316260,970,1081
316261,979,1070
316262,986,1059
316263,995,1054
316264,994,1048
316265,988,1040
316266,984,1039
316267,984,1038
316268,986,1037
316269,988,1039
316270,987,1040
316271,984,1036
316272,983,1035
316273,982,1039
316274,983,1041
316275,982,1040
316276,983,1038
316277,983,1036
316278,979,1033
316279,978,1036
316280,981,1038
316281,983,1039
316282,983,1034
316283,981,1036
316284,974,1033
316285,976,1035
316286,976,1037
316287,976,1038
316288,976,1039
316289,976,1033
316290,974,1034
316291,977,1036
316292,975,1039
316293,979,1040
316294,978,1037
316295,977,1035
316296,972,1034
316297,972,1037
316298,973,1037
316299,978,1038
316300,978,1038
316301,975,1031
316302,974,1032
316303,976,1032
316304,979,1034
316305,982,1035
316306,980,1034
316307,980,1032
316308,975,1028
316309,976,1031
316310,982,1031
316311,983,1032
316312,988,1029
316313,986,1027
316314,985,1023
316315,984,1025
316316,985,1024
316317,990,1024
316318,990,1020
316319,992,1014
316320,991,1010
316321,990,1011
316322,995,1011
316323,999,1011
316324,1002,1007
316325,1003,1003
316326,999,1000
316327,997,999
316328,1002,1001
316329,1004,999
316330,1006,994
316331,1007,990
316332,1007,987
316333,1007,988
316334,1011,989
316335,1012,993
316336,1011,989
316337,1011,983
316338,1011,984
316339,1007,986
316340,1011,987
316341,1014,986
316342,1012,987
316343,1011,984
316344,1009,981
316345,1012,986
316346,1015,988
316347,1020,990
316348,1017,990
316349,1018,988
316350,1016,989
316351,1014,992
316352,1018,997
316353,1021,1000
316354,1019,1000
316355,1018,1001
316356,1014,1004
316357,1013,1006
316358,1013,1014
316359,1014,1017
316360,1013,1015
316361,1010,1014
316362,1003,1017
316363,1003,1019
316364,1001,1023
316365,1002,1027
316366,1002,1030
316367,998,1028
316368,995,1029
316369,994,1035
316370,992,1036
316371,993,1040
316372,995,1039
316373,994,1036
316374,989,1036
316375,988,1039
316376,990,1042
316377,992,1046
316378,992,1046
316379,989,1042
316380,989,1043
316381,988,1042
316382,991,1045
316383,992,1048
316384,993,1045
316385,991,1041
316386,990,1041
316387,992,1041
316388,995,1044
316389,999,1048
316390,998,1046
316391,998,1042
316392,997,1041
316393,1003,1044
316394,1010,1044
316395,1017,1044
316396,1020,1041
316397,1022,1041
316398,1024,1039
316399,1028,1042
316400,1033,1047
316401,1044,1043
316402,1057,1040
316403,1068,1026
316404,1080,1008
316405,1093,992
316406,1106,982
316407,1121,970
316408,1141,956
316409,1154,936
316410,1164,923
316411,1180,908
316412,1204,890
316413,1224,874
316414,1242,855
316415,1254,843
316416,1260,831
316417,1257,830
316418,1257,837
316419,1251,843
316420,1252,844
316421,1245,842
316422,1236,839
316423,1223,842
316424,1208,848
316425,1196,852
316426,1175,859
316427,1154,860
316428,1129,869
316429,1106,883
316430,1087,896
316431,1074,909
316432,1063,921
316433,1054,932
316434,1044,946
316435,1041,961
316436,1041,975
316437,1039,987
316438,1038,996
316439,1041,1001
316440,1050,1007
316441,1066,1014
316442,1086,1019
316443,1098,1017
316444,1098,1017
316445,1077,1015
316446,1043,1019
316447,1006,1029
316448,976,1037
316449,965,1051
316450,953,1060
316451,947,1068
316452,936,1078
316453,933,1083
316454,929,1086
316455,926,1092
316456,924,1094
316457,918,1091
316458,912,1094
316459,905,1099
316460,906,1100
316461,905,1106
316462,904,1104
316463,900,1103
316464,894,1105
316465,892,1106
316466,894,1113
316467,892,1112
316468,891,1113
316469,889,1111
316470,884,1109
316471,883,1110
316472,884,1114
316473,887,1120
316474,882,1119
316475,881,1119
316476,878,1121
316477,876,1122
316478,876,1127
316479,878,1131
316480,878,1131
316481,873,1131
316482,871,1133
316483,872,1137
316484,872,1140
316485,875,1144
316486,874,1143
316487,870,1145
316488,868,1146
316489,866,1151
316490,868,1154
316491,873,1159
316492,871,1161
316493,869,1159
316494,869,1160
316495,867,1161
316496,873,1165
316497,875,1169
316498,877,1169
316499,875,1165
316500,875,1166
316501,874,1170
316502,881,1175
316503,887,1173
316504,891,1172
316505,891,1169
316506,891,1167
316507,894,1168
316508,899,1168
316509,907,1163
316510,907,1160
316511,912,1154
316512,916,1149
316513,921,1149
316514,927,1144
316515,936,1140
316516,938,1132
316517,943,1127
316518,943,1120
316519,948,1116
316520,950,1112
316521,956,1109
316522,961,1100
316523,960,1095
316524,962,1091
316525,963,1087
316526,969,1088
316527,971,1083
316528,970,1076
316529,970,1073
316530,971,1065
316531,970,1065
316532,976,1067
316533,979,1063
316534,976,1059
316535,973,1052
316536,977,1050
316537,976,1049
316538,979,1049
316539,979,1046
316540,979,1043
316541,978,1040
316542,972,1036
316543,974,1038
316544,978,1041
316545,979,1042
316546,981,1040
316547,980,1037
316548,978,1035
316549,978,1039
316550,979,1039
316551,980,1039
316552,980,1039
316553,982,1036
316554,979,1034
316555,981,1037
316556,985,1038
316557,987,1038
316558,988,1037
316559,985,1033
316560,979,1032
316561,978,1037
316562,981,1036
316563,986,1036
316564,987,1034
316565,986,1032
316566,984,1032
316567,984,1034
316568,985,1038
316569,986,1035
316570,986,1034
316571,986,1031
316572,983,1030
316573,983,1034
316574,985,1033
316575,988,1035
316576,988,1035
316577,985,1032
316578,985,1031
316579,982,1031
316580,985,1034
316581,989,1034
316582,988,1033
316583,987,1030
316584,986,1031
316585,988,1031
316586,987,1032
316587,989,1034
316588,990,1034
316589,988,1028
316590,986,1028
316591,986,1029
316592,985,1029
316593,989,1034
316594,990,1032
316595,990,1031
316596,986,1030
316597,985,1034
316598,989,1035
316599,988,1038
316600,986,1037
316601,986,1033
316602,979,1035
316603,980,1036
316604,986,1036
316605,987,1039
316606,986,1037
316607,985,1034
316608,985,1032
316609,981,1034
316610,981,1037
316611,983,1038
316612,985,1037
316613,983,1035
316614,976,1032
316615,979,1032
316616,983,1033
316617,984,1036
316618,985,1033
316619,985,1031
316620,984,1029
316621,984,1029
316622,987,1032
316623,991,1033
316624,990,1031
316625,989,1030
316626,985,1031
316627,986,1031
316628,989,1033
316629,990,1032
316630,992,1031
316631,988,1029
316632,985,1028
316633,984,1031
316634,985,1032
316635,991,1032
316636,989,1031
316637,991,1027
316638,986,1026
316639,986,1026
316640,990,1031
316641,992,1031
316642,992,1030
316643,991,1028
316644,986,1026
316645,986,1029
316646,989,1030
316647,992,1032
316648,992,1029
316649,988,1026
316650,984,1027
316651,985,1031
316652,987,1035
316653,990,1037
316654,989,1040
316655,985,1036
316656,985,1036
316657,985,1037
316658,987,1040
316659,989,1038
316660,988,1039
316661,982,1040
316662,983,1038
316663,983,1037
316664,987,1040
316665,988,1041
316666,989,1042
316667,983,1038
316668,981,1034
316669,985,1038
316670,987,1038
316671,992,1040
316672,991,1037
316673,989,1033
316674,986,1032
316675,988,1035
316676,989,1035
316677,994,1036
316678,994,1032
316679,996,1031
316680,994,1028
316681,990,1031
316682,994,1031
316683,995,1031
316684,996,1029
316685,995,1027
316686,991,1025
316687,992,1023
316688,996,1026
316689,997,1027
316690,998,1023
316691,994,1020
316692,992,1020
316693,993,1022
316694,996,1025
316695,997,1027
316696,997,1025
316697,995,1024
316698,994,1024
316699,993,1026
316700,995,1028
316701,999,1029
316702,1000,1028
316703,1000,1025
316704,999,1023
316705,1001,1021
316706,1009,1023
316707,1022,1023
316708,1034,1020
316709,1051,1017
316710,1063,1012
316711,1091,1015
316712,1125,1009
316713,1159,997
316714,1194,987
316715,1226,981
316716,1254,987
316717,1279,1003
316718,1295,1025
316719,1287,1049
316720,1261,1057
316721,1218,1057
316722,1162,1052
316723,1109,1057
316724,1059,1068
316725,1011,1078
316726,973,1081
316727,956,1085
316728,958,1080
316729,971,1072
316730,979,1062
316731,988,1051
316732,989,1043
316733,989,1036
316734,985,1032
316735,984,1032
316736,982,1032
316737,985,1031
316738,985,1026
316739,982,1025
316740,978,1021
316741,978,1022
316742,980,1024
316743,982,1025
316744,979,1024
316745,975,1022
316746,973,1022
316747,973,1026
316748,973,1029
316749,974,1029
316750,976,1026
316751,973,1022
316752,969,1025
316753,971,1028
316754,973,1031
316755,975,1031
316756,974,1028
316757,970,1029
316758,967,1030
316759,969,1031
316760,971,1033
316761,972,1033
316762,974,1033
316763,967,1027
316764,966,1030
316765,965,1032
316766,970,1033
316767,972,1036
316768,972,1032
316769,972,1027
316770,968,1030
316771,968,1029
316772,970,1029
316773,975,1031
316774,975,1027
316775,973,1023
316776,970,1022
316777,966,1023
316778,974,1024
316779,975,1024
316780,976,1021
316781,973,1016
316782,972,1014
316783,972,1018
316784,973,1017
316785,979,1019
316786,979,1014
316787,979,1007
316788,976,1008
316789,979,1007
316790,982,1005
316791,988,1006
316792,989,1006
316793,985,1001
316794,984,1000
316795,985,1000
316796,988,1001
316797,990,1001
316798,992,1000
316799,990,995
316800,986,993
316801,989,995
316802,991,995
316803,995,999
316804,997,993
316805,995,991
316806,992,990
316807,994,987
316808,998,989
316809,998,991
316810,998,986
316811,997,984
316812,997,983
316813,999,986
316814,1005,986
316815,1007,987
316816,1007,984
316817,1006,984
316818,1005,979
316819,1006,982
316820,1010,986
316821,1014,987
316822,1016,988
316823,1016,987
316824,1015,987
316825,1015,990
316826,1018,993
316827,1020,995
316828,1022,996
316829,1019,995
316830,1015,996
316831,1012,1000
316832,1013,1004
316833,1014,1007
316834,1011,1010
316835,1007,1006
316836,1004,1008
316837,1003,1011
316838,1003,1015
316839,1005,1016
316840,1002,1017
316841,997,1015
316842,993,1017
316843,993,1022
316844,994,1026
316845,996,1031
316846,994,1030
316847,993,1026
316848,988,1029
316849,987,1030
316850,988,1035
316851,989,1036
316852,989,1033
316853,986,1031
316854,983,1031
316855,981,1035
316856,988,1036
316857,989,1037
316858,989,1036
316859,985,1034
316860,984,1032
316861,987,1033
316862,990,1035
316863,992,1035
316864,991,1032
316865,989,1031
316866,988,1029
316867,989,1031
316868,992,1033
316869,991,1032
316870,994,1032
316871,993,1031
316872,992,1031
316873,992,1032
316874,999,1034
316875,1002,1036
316876,1002,1033
316877,998,1029
316878,998,1027
316879,997,1029
316880,1000,1030
316881,1002,1029
316882,1004,1025
316883,1000,1022
316884,997,1021
316885,994,1022
316886,997,1026
316887,1001,1027
316888,1000,1025
316889,995,1021
316890,992,1021
316891,991,1024
316892,995,1025
316893,998,1026
316894,995,1023
316895,992,1022
316896,985,1022
316897,985,1022
316898,988,1026
316899,990,1027
316900,991,1025
316901,985,1023
316902,984,1024
316903,985,1025
316904,988,1028
316905,990,1031
316906,990,1030
316907,988,1026
316908,982,1024
316909,982,1029
316910,988,1034
316911,992,1033
316912,992,1032
316913,988,1028
316914,985,1026
316915,985,1031
316916,988,1033
316917,991,1036
316918,988,1033
316919,987,1031
316920,985,1030
316921,985,1031
316922,986,1034
316923,990,1032
316924,991,1032
316925,988,1026
316926,987,1025
316927,984,1028
316928,985,1030
316929,990,1028
316930,989,1026
316931,987,1024
316932,985,1024
316933,986,1025
316934,988,1029
316935,992,1032
316936,991,1030
316937,987,1027
316938,985,1024
316939,985,1025
316940,988,1028
316941,991,1031
316942,990,1025
316943,989,1024
316944,987,1023
316945,988,1027
316946,990,1028
316947,992,1030
316948,992,1027
316949,988,1024
316950,989,1023
316951,986,1024
316952,990,1027
316953,991,1029
316954,995,1025
316955,994,1023
316956,993,1021
316957,991,1023
316958,997,1024
316959,1004,1022
316960,1009,1018
316961,1019,1009
316962,1030,1010
316963,1046,1010
316964,1073,1012
316965,1102,1011
316966,1137,996
316967,1171,982
316968,1209,977
316969,1242,976
316970,1276,989
316971,1293,1011
316972,1283,1033
316973,1252,1044
316974,1201,1048
316975,1143,1050
316976,1084,1059
316977,1030,1070
316978,975,1082
316979,948,1086
316980,943,1088
316981,957,1083
316982,971,1076
316983,979,1066
316984,984,1054
316985,984,1045
316986,980,1040
316987,980,1037
316988,973,1038
316989,975,1037
316990,972,1033
316991,969,1029
316992,966,1028
316993,967,1032
316994,969,1034
316995,973,1034
316996,971,1035
316997,967,1030
316998,966,1027
316999,963,1029
317000,965,1030
317001,966,1028
317002,966,1027
317003,962,1027
317004,960,1021
317005,957,1024
317006,963,1028
317007,965,1025
317008,964,1026
317009,962,1021
317010,960,1024
317011,958,1025
317012,962,1030
317013,964,1029
317014,963,1025
317015,963,1022
317016,958,1023
317017,958,1026
317018,956,1027
317019,963,1029
317020,964,1028
317021,960,1024
317022,958,1023
317023,957,1026
317024,961,1028
317025,964,1029
317026,965,1025
317027,963,1020
317028,961,1023
317029,960,1023
317030,965,1027
317031,968,1025
317032,966,1025
317033,962,1021
317034,962,1017
317035,962,1019
317036,967,1022
317037,967,1018
317038,969,1017
317039,967,1013
317040,965,1014
317041,967,1009
317042,969,1011
317043,972,1010
317044,969,1005
317045,971,1000
317046,971,997
317047,970,994
317048,975,994
317049,977,994
317050,977,992
317051,976,988
317052,972,986
317053,974,983
317054,980,986
317055,985,984
317056,985,982
317057,985,976
317058,985,975
317059,982,978
317060,987,978
317061,988,978
317062,989,975
317063,988,970
317064,986,970
317065,990,974
317066,992,976
317067,992,975
317068,993,974
317069,994,974
317070,989,974
317071,991,976
317072,994,982
317073,995,983
317074,997,986
317075,995,984
317076,990,986
317077,992,990
317078,992,995
317079,996,1001
317080,995,999
317081,992,999
317082,990,1001
317083,987,1004
317084,991,1010
317085,991,1011
317086,990,1012
317087,986,1013
317088,980,1013
317089,977,1017
317090,978,1021
317091,979,1023
317092,977,1020
317093,972,1019
317094,968,1020
317095,965,1025
317096,966,1026
317097,966,1028
317098,966,1028
317099,965,1025
317100,963,1025
317101,964,1030
317102,963,1029
317103,968,1031
317104,967,1031
317105,966,1027
317106,964,1029
317107,962,1031
317108,966,1033
317109,969,1033
317110,968,1033
317111,967,1028
317112,966,1028
317113,968,1030
317114,971,1033
317115,972,1032
317116,977,1030
317117,972,1027
317118,970,1027
317119,970,1029
317120,975,1032
317121,977,1030
317122,975,1029
317123,976,1027
317124,969,1025
317125,973,1027
317126,978,1030
317127,980,1029
317128,979,1027
317129,976,1022
317130,976,1021
317131,976,1024
317132,977,1028
317133,982,1024
317134,979,1023
317135,974,1018
317136,971,1020
317137,973,1022
317138,975,1023
317139,978,1024
317140,975,1021
317141,972,1019
317142,968,1020
317143,970,1022
317144,974,1026
317145,976,1027
317146,975,1024
317147,971,1021
317148,967,1021
317149,969,1023
317150,973,1023
317151,976,1025
317152,974,1021
317153,974,1017
317154,974,1019
317155,972,1019
317156,972,1024
317157,973,1024
317158,972,1023
317159,970,1020
317160,967,1020
317161,966,1022
317162,969,1024
317163,972,1026
317164,970,1023
317165,968,1019
317166,964,1018
317167,962,1021
317168,965,1024
317169,968,1026
317170,967,1025
317171,967,1022
317172,964,1023
317173,964,1025
317174,967,1027
317175,971,1027
317176,968,1026
317177,965,1021
317178,959,1018
317179,962,1017
317180,964,1020
317181,968,1021
317182,969,1019
317183,965,1020
317184,963,1018
317185,963,1019
317186,963,1023
317187,967,1023
317188,968,1022
317189,966,1020
317190,962,1019
317191,963,1022
317192,966,1023
317193,964,1024
317194,965,1024
317195,966,1022
317196,964,1021
317197,963,1024
317198,962,1029
317199,963,1028
317200,964,1024
317201,964,1023
317202,962,1023
317203,962,1026
317204,964,1026
317205,966,1025
317206,964,1024
317207,962,1022
317208,958,1022
317209,959,1025
317210,959,1026
317211,966,1026
317212,963,1022
317213,964,1021
317214,963,1022
317215,958,1023
317216,962,1026
317217,964,1024
317218,963,1025
317219,964,1020
317220,962,1021
317221,962,1023
317222,967,1022
317223,970,1023
317224,969,1019
317225,965,1018
317226,961,1019
317227,962,1022
317228,964,1024
317229,969,1023
317230,966,1022
317231,964,1022
317232,963,1021
317233,963,1022
317234,969,1023
317235,972,1029
317236,973,1024
317237,969,1024
317238,969,1022
317239,970,1021
317240,972,1027
317241,977,1026
317242,976,1025
317243,974,1021
317244,969,1020
317245,971,1023
317246,974,1025
317247,978,1024
317248,977,1023
317249,975,1021
317250,970,1021
317251,972,1022
317252,975,1024
317253,978,1026
317254,976,1024
317255,972,1020
317256,968,1020
317257,968,1024
317258,972,1024
317259,975,1024
317260,976,1019
317261,972,1015
317262,977,1013
317263,984,1011
317264,996,1010
317265,1011,1008
317266,1030,1004
317267,1051,999
317268,1075,994
317269,1111,988
317270,1153,982
317271,1193,974
317272,1231,974
317273,1260,983
317274,1272,1008
317275,1269,1032
317276,1243,1052
317277,1195,1054
317278,1134,1051
317279,1073,1055
317280,1016,1061
317281,970,1072
317282,945,1079
317283,947,1076
317284,953,1068
317285,963,1052
317286,967,1040
317287,968,1033
317288,968,1035
317289,966,1035
317290,964,1028
317291,961,1023
317292,960,1025
317293,956,1025
317294,955,1029
317295,957,1028
317296,953,1026
317297,949,1024
317298,948,1024
317299,950,1026
317300,951,1028
317301,952,1026
317302,949,1026
317303,946,1020
317304,945,1021
317305,943,1020
317306,945,1021
317307,950,1024
317308,948,1021
317309,945,1017
317310,942,1016
317311,940,1018
317312,944,1017
317313,944,1020
317314,946,1019
317315,942,1016
317316,940,1013
317317,940,1016
317318,943,1016
317319,946,1019
317320,945,1016
317321,940,1013
317322,939,1012
317323,939,1016
317324,944,1018
317325,945,1018
317326,945,1019
317327,943,1014
317328,944,1015
317329,945,1018
317330,947,1020
317331,951,1017
317332,951,1013
317333,946,1010
317334,943,1009
317335,943,1014
317336,946,1015
317337,949,1013
317338,947,1013
317339,950,1009
317340,950,1007
317341,953,1008
317342,957,1010
317343,959,1008
317344,957,1004
317345,959,1002
317346,955,998
317347,958,998
317348,960,999
317349,968,995
317350,969,993
317351,965,987
317352,968,986
317353,967,987
317354,970,989
317355,976,987
317356,973,983
317357,975,980
317358,975,980
317359,977,981
317360,979,982
317361,984,981
317362,982,980
317363,979,977
317364,974,976
317365,979,978
317366,981,978
317367,985,981
317368,982,978
317369,979,977
317370,980,976
317371,982,976
317372,987,979
317373,984,982
317374,983,980
317375,980,981
317376,976,981
317377,979,983
317378,984,985
317379,985,988
317380,986,985
317381,983,986
317382,980,987
317383,978,992
317384,979,996
317385,979,998
317386,976,1001
317387,972,1001
317388,970,1003
317389,968,1006
317390,973,1012
317391,974,1012
317392,968,1010
317393,966,1012
317394,961,1012
317395,959,1015
317396,963,1020
317397,963,1022
317398,961,1019
317399,956,1017
317400,954,1018
317401,958,1021
317402,958,1024
317403,959,1025
317404,956,1023
317405,955,1022
317406,955,1021
317407,958,1024
317408,963,1027
317409,964,1030
317410,965,1029
317411,964,1026
317412,964,1024
317413,965,1025
317414,970,1029
317415,973,1029
317416,970,1027
317417,963,1019
317418,962,1017
317419,959,1016
317420,958,1014
317421,956,1011
317422,953,1001
317423,947,992
317424,941,980
317425,931,971
317426,922,955
317427,908,928
317428,879,894
317429,850,859
317430,817,825
317431,790,792
317432,777,762
317433,772,736
317434,773,712
317435,778,701
317436,784,692
317437,797,685
317438,811,687
317439,824,696
317440,831,710
317441,832,731
317442,832,754
317443,831,777
317444,832,797
317445,839,810
317446,841,818
317447,841,825
317448,843,832
317449,848,844
317450,856,856
317451,862,870
317452,872,877
317453,873,888
317454,874,899
317455,883,909
317456,893,918
317457,902,928
317458,910,932
317459,913,938
317460,924,949
317461,929,965
317462,941,978
317463,945,994
317464,952,1001
317465,952,1008
317466,954,1021
317467,963,1034
317468,970,1044
317469,978,1055
317470,982,1067
317471,981,1074
317472,984,1084
317473,982,1092
317474,987,1096
317475,994,1099
317476,995,1099
317477,994,1101
317478,995,1107
317479,997,1110
317480,1002,1113
317481,1006,1115
317482,1009,1115
317483,1009,1115
317484,1008,1115
317485,1013,1121
317486,1018,1123
317487,1023,1126
317488,1021,1125
317489,1025,1124
317490,1023,1126
317491,1032,1129
317492,1037,1135
317493,1045,1136
317494,1045,1137
317495,1048,1136
317496,1046,1139
317497,1054,1148
317498,1058,1153
317499,1067,1153
317500,1064,1155
317501,1072,1155
317502,1072,1157
317503,1079,1161
317504,1087,1169
317505,1097,1176
317506,1100,1179
317507,1100,1176
317508,1102,1176
317509,1107,1181
317510,1117,1186
317511,1125,1187
317512,1129,1185
317513,1130,1181
317514,1132,1182
317515,1134,1184
317516,1140,1189
317517,1147,1188
317518,1152,1187
317519,1151,1183
317520,1150,1181
317521,1151,1183
317522,1156,1185
317523,1160,1181
317524,1159,1177
317525,1156,1174
317526,1150,1169
317527,1148,1169
317528,1145,1167
317529,1145,1160
317530,1139,1153
317531,1133,1147
317532,1124,1138
317533,1118,1136
317534,1114,1132
317535,1107,1126
317536,1098,1119
317537,1088,1109
317538,1078,1102
317539,1072,1097
317540,1066,1097
317541,1065,1090
317542,1059,1080
317543,1050,1076
317544,1038,1068
317545,1032,1066
317546,1027,1063
317547,1023,1062
317548,1016,1052
317549,1007,1046
317550,999,1045
317551,992,1045
317552,991,1044
317553,991,1043
317554,985,1038
317555,975,1036
317556,970,1033
317557,972,1033
317558,972,1035
317559,972,1033
317560,969,1031
317561,967,1026
317562,959,1026
317563,961,1025
317564,962,1028
317565,961,1029
317566,958,1027
317567,952,1026
317568,954,1025
317569,955,1025
317570,956,1032
317571,957,1031
317572,954,1030
317573,952,1027
317574,948,1029
317575,948,1031
317576,951,1034
317577,951,1033
317578,949,1032
317579,945,1029
317580,944,1030
317581,946,1032
317582,947,1033
317583,952,1035
317584,949,1036
317585,944,1035
317586,940,1035
317587,939,1037
317588,941,1038
317589,942,1036
317590,941,1034
317591,939,1029
317592,937,1030
317593,938,1030
317594,942,1033
317595,940,1030
317596,941,1028
317597,939,1026
317598,935,1025
317599,936,1026
317600,940,1032
317601,942,1030
317602,939,1027
317603,938,1023
317604,932,1027
317605,935,1029
317606,938,1030
317607,940,1025
317608,939,1022
317609,938,1019
317610,932,1019
317611,934,1019
317612,936,1024
317613,941,1025
317614,940,1027
317615,939,1023
317616,935,1023
317617,937,1029
317618,941,1029
317619,942,1031
317620,943,1030
317621,940,1026
317622,938,1026
317623,937,1027
317624,939,1030
317625,941,1029
317626,940,1029
317627,937,1027
317628,936,1026
317629,935,1026
317630,936,1030
317631,937,1030
317632,935,1027
317633,935,1024
317634,933,1025
317635,935,1030
317636,938,1030
317637,939,1030
317638,937,1027
317639,935,1024
317640,929,1024
317641,928,1028
317642,933,1034
317643,934,1038
317644,932,1037
317645,930,1036
317646,926,1038
317647,928,1035
317648,931,1033
317649,936,1028
317650,937,1026
317651,935,1019
317652,932,1021
317653,931,1021
317654,934,1024
317655,937,1027
317656,937,1024
317657,936,1022
317658,934,1023
317659,935,1025
317660,936,1025
317661,938,1027
317662,937,1027
317663,935,1026
317664,933,1026
317665,935,1030
317666,938,1034
317667,942,1033
317668,940,1033
317669,938,1027
317670,932,1028
317671,935,1030
317672,936,1033
317673,937,1030
317674,937,1029
317675,937,1027
317676,936,1027
317677,935,1026
317678,937,1030
317679,939,1030
317680,937,1028
317681,935,1025
317682,934,1024
317683,932,1026
317684,938,1030
317685,938,1030
317686,936,1028
317687,937,1023
317688,932,1022
317689,931,1025
317690,938,1025
317691,941,1030
317692,941,1024
317693,937,1020
317694,939,1022
317695,938,1024
317696,937,1027
317697,938,1025
317698,938,1026
317699,935,1025
317700,931,1028
317701,934,1031
317702,938,1030
317703,942,1030
317704,941,1031
317705,940,1023
317706,937,1023
317707,938,1025
317708,942,1029
317709,945,1027
317710,945,1027
317711,939,1023
317712,940,1026
317713,941,1029
317714,943,1031
317715,947,1029
317716,946,1027
317717,945,1028
317718,945,1026
317719,945,1030
317720,943,1031
317721,944,1030
317722,943,1030
317723,940,1026
317724,938,1028
317725,941,1031
317726,943,1033
317727,945,1032
317728,944,1028
317729,939,1024
317730,938,1025
317731,934,1029
317732,938,1031
317733,942,1027
317734,939,1025
317735,937,1022
317736,936,1020
317737,939,1023
317738,938,1028
317739,942,1025
317740,941,1028
317741,938,1022
317742,939,1024
317743,940,1028
317744,945,1029
317745,946,1032
317746,947,1031
317747,943,1029
317748,941,1029
317749,942,1035
317750,946,1037
317751,950,1038
317752,948,1032
317753,947,1028
317754,943,1027
317755,943,1023
317756,948,1020
317757,959,1018
317758,968,1014
317759,976,1014
317760,989,1012
317761,1006,1014
317762,1030,1010
317763,1063,1003
317764,1093,995
317765,1125,985
317766,1160,979
317767,1192,988
317768,1227,1009
317769,1236,1036
317770,1222,1060
317771,1182,1066
317772,1123,1067
317773,1065,1071
317774,1013,1079
317775,973,1088
317776,941,1090
317777,931,1086
317778,931,1081
317779,937,1070
317780,945,1059
317781,949,1049
317782,949,1041
317783,944,1034
317784,938,1031
317785,935,1029
317786,934,1029
317787,933,1027
317788,929,1025
317789,927,1023
317790,925,1022
317791,926,1026
317792,929,1024
317793,933,1023
317794,930,1021
317795,929,1020
317796,926,1022
317797,926,1024
317798,928,1027
317799,928,1030
317800,927,1027
317801,926,1027
317802,924,1027
317803,926,1031
317804,931,1031
317805,931,1031
317806,930,1029
317807,926,1029
317808,923,1033
317809,920,1036
317810,924,1039
317811,931,1032
317812,929,1027
317813,927,1023
317814,924,1021
317815,926,1022
317816,931,1027
317817,930,1026
317818,931,1025
317819,929,1023
317820,927,1024
317821,925,1026
317822,929,1030
317823,932,1028
317824,936,1027
317825,931,1021
317826,932,1020
317827,930,1022
317828,932,1025
317829,934,1023
317830,934,1019
317831,933,1014
317832,933,1012
317833,931,1011
317834,934,1013
317835,936,1010
317836,932,1011
317837,931,1004
317838,925,1004
317839,929,1004
317840,929,1006
317841,932,1004
317842,935,1003
317843,935,999
317844,935,998
317845,935,996
317846,938,997
317847,942,995
317848,943,991
317849,944,990
317850,940,990
317851,943,993
317852,946,995
317853,950,994
317854,950,989
317855,950,988
317856,946,990
317857,950,989
317858,952,991
317859,957,990
317860,956,989
317861,956,988
317862,956,988
317863,963,991
317864,967,994
317865,972,989
317866,972,987
317867,973,982
317868,971,982
317869,973,987
317870,976,992
317871,978,992
317872,978,993
317873,974,992
317874,974,996
317875,978,1000
317876,979,1003
317877,981,1006
317878,981,1005
317879,979,1005
317880,974,1006
317881,972,1011
317882,971,1016
317883,972,1019
317884,967,1019
317885,964,1018
317886,960,1018
317887,959,1023
317888,960,1025
317889,961,1028
317890,959,1028
317891,957,1027
317892,954,1028
317893,957,1032
317894,957,1037
317895,962,1039
317896,960,1039
317897,956,1037
317898,956,1036
317899,957,1036
317900,959,1035
317901,960,1033
317902,961,1031
317903,959,1032
317904,959,1034
317905,960,1033
317906,962,1037
317907,965,1035
317908,964,1032
317909,963,1030
317910,961,1034
317911,962,1034
317912,965,1036
317913,968,1036
317914,966,1029
317915,965,1027
317916,963,1027
317917,963,1031
317918,967,1033
317919,971,1030
317920,970,1030
317921,969,1029
317922,967,1027
317923,968,1029
317924,971,1029
317925,971,1027
317926,970,1024
317927,969,1022
317928,966,1021
317929,966,1022
317930,968,1025
317931,971,1024
317932,970,1025
317933,966,1023
317934,962,1023
317935,965,1024
317936,969,1027
317937,973,1026
317938,972,1026
317939,971,1023
317940,971,1025
317941,974,1030
317942,977,1029
317943,979,1028
317944,979,1024
317945,976,1017
317946,973,1020
317947,967,1024
317948,975,1026
317949,977,1030
317950,978,1031
317951,976,1028
317952,973,1028
317953,976,1031
317954,980,1033
317955,981,1032
317956,981,1027
317957,975,1025
317958,978,1029
317959,978,1030
317960,981,1036
317961,984,1035
317962,984,1035
317963,985,1030
317964,982,1028
317965,983,1030
317966,985,1031
317967,990,1026
317968,997,1024
317969,1004,1019
317970,1017,1017
317971,1032,1019
317972,1055,1017
317973,1085,1015
317974,1113,1002
317975,1144,991
317976,1182,993
317977,1223,1002
317978,1256,1025
317979,1269,1052
317980,1250,1073
317981,1213,1076
317982,1158,1074
317983,1102,1077
317984,1047,1085
317985,995,1093
317986,953,1098
317987,935,1101
317988,939,1096
317989,953,1087
317990,963,1076
317991,971,1062
317992,974,1052
317993,973,1038
317994,968,1036
317995,964,1037
317996,963,1039
317997,961,1035
317998,958,1034
317999,953,1031
318000,951,1032
318001,948,1029
318002,951,1033
318003,956,1034
318004,957,1031
318005,956,1031
318006,952,1028
318007,953,1030
318008,957,1032
318009,960,1032
318010,961,1029
318011,958,1027
318012,957,1027
318013,958,1029
318014,959,1028
318015,964,1030
318016,961,1026
318017,961,1025
318018,956,1027
318019,962,1025
318020,962,1026
318021,965,1024
318022,965,1022
318023,960,1018
318024,957,1017
318025,955,1019
318026,957,1022
318027,959,1021
318028,960,1019
318029,957,1016
318030,955,1017
318031,957,1014
318032,955,1014
318033,960,1014
318034,964,1013
318035,958,1011
318036,958,1012
318037,962,1015
318038,965,1014
318039,968,1013
318040,965,1010
318041,966,1006
318042,965,1005
318043,969,1005
318044,973,1007
318045,976,1006
318046,975,1003
318047,971,998
318048,971,997
318049,971,995
318050,974,995
318051,978,994
318052,981,992
318053,979,987
318054,979,984
318055,985,985
318056,991,983
318057,988,976
318058,984,973
318059,986,970
318060,987,973
318061,986,975
318062,988,976
318063,992,974
318064,994,969
318065,993,970
318066,990,968
318067,995,973
318068,997,973
318069,1002,973
318070,1001,971
318071,998,972
318072,993,974
318073,992,978
318074,994,982
318075,996,989
318076,996,990
318077,994,993
318078,987,995
318079,986,1003
318080,988,1007
318081,995,1009
318082,992,1009
318083,990,1006
318084,990,1011
318085,987,1016
318086,984,1025
318087,988,1029
318088,988,1028
318089,984,1028
318090,981,1026
318091,984,1033
318092,987,1037
318093,988,1039
318094,983,1039
318095,981,1037
318096,977,1038
318097,980,1043
318098,983,1043
318099,986,1045
318100,987,1044
318101,988,1043
318102,982,1045
318103,981,1048
318104,988,1051
318105,992,1048
318106,993,1043
318107,989,1033
318108,987,1033
318109,989,1032
318110,987,1033
318111,989,1033
318112,989,1035
318113,985,1032
318114,981,1029
318115,979,1031
318116,984,1031
318117,989,1030
318118,991,1027
318119,986,1027
318120,984,1026
318121,985,1029
318122,988,1033
318123,992,1036
318124,994,1035
318125,991,1031
318126,987,1032
318127,987,1035
318128,994,1039
318129,993,1037
318130,996,1036
318131,993,1032
318132,995,1033
318133,995,1037
318134,997,1039
318135,1002,1042
318136,1003,1038
318137,1001,1030
318138,1000,1032
318139,999,1034
318140,1000,1039
318141,1005,1039
318142,1006,1039
318143,1000,1035
318144,1000,1035
318145,1004,1037
318146,1005,1043
318147,1004,1040
318148,1001,1038
318149,999,1038
318150,995,1037
318151,997,1037
318152,996,1038
318153,1002,1039
318154,1003,1037
318155,1002,1034
318156,996,1030
318157,999,1031
318158,1003,1032
318159,1006,1031
318160,1013,1029
318161,1013,1026
318162,1020,1025
318163,1033,1021
318164,1053,1020
318165,1075,1014
318166,1104,1004
318167,1138,993
318168,1175,993
318169,1215,997
318170,1255,1009
318171,1281,1027
318172,1289,1049
318173,1270,1059
318174,1232,1064
318175,1178,1063
318176,1125,1067
318177,1075,1072
318178,1022,1081
318179,981,1086
318180,962,1091
318181,969,1091
318182,980,1087
318183,989,1076
318184,994,1063
318185,992,1056
318186,991,1045
318187,989,1045
318188,988,1044
318189,987,1040
318190,986,1038
318191,981,1031
318192,973,1033
318193,975,1038
318194,975,1044
318195,977,1046
318196,977,1044
318197,976,1038
318198,978,1033
318199,977,1029
318200,977,1028
318201,979,1029
318202,979,1024
318203,977,1020
318204,972,1021
318205,970,1023
318206,969,1027
318207,976,1034
318208,975,1029
318209,977,1030
318210,974,1029
318211,970,1028
318212,968,1033
318213,967,1032
318214,968,1031
318215,968,1029
318216,967,1028
318217,969,1028
318218,974,1030
318219,976,1029
318220,974,1027
318221,975,1028
318222,972,1026
318223,969,1027
318224,969,1031
318225,973,1027
318226,974,1024
318227,972,1022
318228,972,1018
318229,972,1017
318230,976,1022
318231,979,1022
318232,978,1021
318233,977,1020
318234,972,1019
318235,976,1021
318236,979,1019
318237,979,1016
318238,980,1015
318239,982,1009
318240,983,1006
318241,987,1004
318242,990,1002
318243,992,999
318244,993,994
318245,991,991
318246,990,987
318247,991,987
318248,996,988
318249,1001,990
318250,994,987
318251,995,984
318252,995,981
318253,998,982
318254,1000,984
318255,1004,981
318256,1002,977
318257,998,975
318258,997,978
318259,1002,978
318260,1005,979
318261,1009,976
318262,1007,976
318263,1003,974
318264,999,977
318265,999,984
318266,1003,990
318267,1008,990
318268,1007,986
318269,1004,983
318270,1001,982
318271,999,985
318272,1002,990
318273,1001,990
318274,998,992
318275,997,992
318276,994,999
318277,993,1007
318278,999,1013
318279,1002,1014
318280,1003,1016
318281,1000,1015
318282,998,1016
318283,999,1023
318284,1001,1028
318285,999,1029
318286,999,1028
318287,997,1027
318288,996,1028
318289,996,1035
318290,996,1039
318291,995,1040
318292,994,1038
318293,990,1037
318294,989,1035
318295,988,1038
318296,991,1042
318297,987,1039
318298,986,1040
318299,985,1038
318300,989,1039
318301,990,1043
318302,993,1044
318303,993,1044
318304,992,1043
318305,988,1042
318306,990,1042
318307,993,1045
318308,999,1045
318309,998,1043
318310,993,1040
318311,989,1035
318312,984,1038
318313,990,1041
318314,992,1045
318315,993,1045
318316,991,1041
318317,986,1037
318318,983,1037
318319,983,1038
318320,986,1042
318321,988,1039
318322,989,1035
318323,989,1030
318324,990,1029
318325,991,1030
318326,990,1034
318327,993,1038
318328,992,1038
318329,994,1036
318330,990,1034
318331,995,1034
318332,994,1035
318333,998,1033
318334,999,1030
318335,995,1027
318336,995,1028
318337,995,1031
318338,999,1035
318339,1001,1035
318340,1003,1034
318341,999,1033
318342,995,1031
318343,996,1031
318344,996,1035
318345,999,1033
318346,994,1031
318347,995,1031
318348,992,1031
318349,993,1032
318350,996,1035
318351,1000,1034
318352,994,1029
318353,990,1027
318354,989,1027
318355,991,1031
318356,994,1035
318357,998,1035
318358,997,1034
318359,995,1030
318360,992,1031
318361,991,1031
318362,991,1037
318363,992,1039
318364,991,1038
318365,986,1038
318366,990,1037
318367,990,1041
318368,991,1042
318369,994,1038
318370,991,1038
318371,989,1037
318372,989,1035
318373,987,1038
318374,990,1041
318375,991,1042
318376,993,1040
318377,989,1037
318378,988,1039
318379,989,1039
318380,992,1039
318381,993,1035
318382,994,1033
318383,995,1027
318384,994,1026
318385,990,1030
318386,988,1034
318387,987,1037
318388,992,1037
318389,994,1035
318390,991,1034
318391,988,1035
318392,992,1041
318393,994,1039
318394,998,1037
318395,993,1036
318396,995,1035
318397,995,1039
318398,997,1043
318399,1001,1046
318400,999,1044
318401,997,1039
318402,993,1041
318403,996,1042
318404,994,1045
318405,998,1043
318406,996,1040
318407,993,1036
318408,990,1038
318409,988,1041
318410,992,1046
318411,993,1045
318412,992,1042
318413,989,1039
318414,990,1037
318415,989,1036
318416,993,1039
318417,994,1037
318418,991,1033
318419,989,1034
318420,986,1034
318421,992,1039
318422,995,1043
318423,994,1046
318424,995,1043
318425,992,1040
318426,990,1038
318427,994,1036
318428,1001,1037
318429,1005,1033
318430,1002,1030
318431,996,1032
318432,993,1034
318433,998,1036
318434,997,1040
318435,1004,1038
318436,1006,1036
318437,1003,1032
318438,1000,1031
318439,1002,1033
318440,1008,1035
318441,1012,1032
318442,1018,1027
318443,1018,1020
318444,1024,1019
318445,1034,1021
318446,1048,1020
318447,1067,1016
318448,1092,1012
318449,1120,1009
318450,1147,1002
318451,1183,996
318452,1221,996
318453,1255,999
318454,1284,1008
318455,1295,1029
318456,1284,1047
318457,1261,1060
318458,1216,1063
318459,1164,1063
318460,1107,1067
318461,1051,1073
318462,1002,1081
318463,979,1087
318464,975,1092
318465,984,1086
318466,988,1076
318467,989,1062
318468,992,1055
318469,993,1051
318470,994,1047
318471,993,1045
318472,987,1040
318473,984,1035
318474,981,1034
318475,984,1035
318476,986,1037
318477,989,1036
318478,988,1035
318479,983,1031
318480,982,1032
318481,984,1034
318482,984,1038
318483,985,1039
318484,983,1041
318485,984,1038
318486,982,1036
318487,982,1034
318488,983,1033
318489,985,1032
318490,986,1033
318491,981,1031
318492,979,1031
318493,979,1033
318494,982,1036
318495,987,1036
318496,986,1032
318497,984,1031
318498,980,1030
318499,982,1030
318500,985,1030
318501,990,1029
318502,989,1028
318503,983,1029
318504,981,1028
318505,980,1032
318506,985,1033
318507,992,1035
318508,991,1031
318509,985,1029
318510,985,1031
318511,984,1033
318512,984,1036
318513,987,1035
318514,985,1032
318515,987,1027
318516,987,1027
318517,988,1029
318518,993,1029
318519,995,1031
318520,993,1027
318521,991,1023
318522,993,1023
318523,995,1021
318524,1000,1022
318525,1001,1018
318526,1004,1017
318527,1001,1010
318528,999,1010
318529,1002,1013
318530,1008,1012
318531,1010,1008
318532,1006,1004
318533,1005,1001
318534,1007,1003
318535,1010,1005
318536,1013,1005
318537,1019,1003
318538,1017,1000
318539,1014,994
318540,1010,993
318541,1012,992
318542,1013,994
318543,1019,990
318544,1018,990
318545,1016,984
318546,1019,986
318547,1024,989
318548,1027,992
318549,1026,992
318550,1020,990
318551,1018,986
318552,1019,989
318553,1019,992
318554,1022,994
318555,1026,996
318556,1028,995
318557,1020,995
318558,1021,1002
318559,1023,1008
318560,1021,1012
318561,1024,1011
318562,1023,1016
318563,1018,1017
318564,1013,1023
318565,1017,1035
318566,1019,1043
318567,1021,1044
318568,1017,1036
318569,1012,1028
318570,1010,1028
318571,1010,1030
318572,1013,1034
318573,1014,1038
318574,1013,1037
318575,1008,1035
318576,1008,1035
318577,1007,1037
318578,1009,1039
318579,1012,1041
318580,1011,1038
318581,1008,1037
318582,1005,1041
318583,1008,1042
318584,1009,1043
318585,1006,1042
318586,1006,1041
318587,1005,1041
318588,1004,1041
318589,1006,1044
318590,1008,1044
318591,1009,1041
318592,1009,1038
318593,1004,1037
318594,1004,1037
318595,1008,1040
318596,1009,1042
318597,1013,1041
318598,1010,1038
318599,1009,1036
318600,1007,1038
318601,1006,1041
318602,1011,1045
318603,1016,1046
318604,1014,1045
318605,1008,1043
318606,1011,1038
318607,1010,1036
318608,1010,1035
318609,1010,1033
318610,1009,1031
318611,1004,1031
318612,1005,1032
318613,1008,1035
318614,1009,1040
318615,1013,1041
318616,1015,1039
318617,1012,1035
318618,1008,1032
318619,1008,1030
318620,1009,1036
318621,1014,1036
318622,1012,1036
318623,1011,1033
318624,1008,1031
318625,1011,1031
318626,1011,1034
318627,1014,1033
318628,1015,1035
318629,1011,1033
318630,1009,1035
318631,1010,1038
318632,1014,1039
318633,1012,1036
318634,1009,1034
318635,1009,1033
318636,1008,1034
318637,1007,1039
318638,1008,1041
318639,1007,1043
318640,1007,1040
318641,1004,1040
318642,1000,1040
318643,1000,1043
318644,1004,1047
318645,1007,1045
318646,1007,1042
318647,1004,1038
318648,1000,1037
318649,1002,1038
318650,1005,1040
318651,1010,1035
318652,1007,1032
318653,1003,1031
318654,1002,1038
318655,1006,1041
318656,1004,1041
318657,1009,1037
318658,1008,1033
318659,1005,1029
318660,1002,1029
318661,1002,1029
318662,1003,1033
318663,1007,1034
318664,1009,1034
318665,1003,1034
318666,1005,1033
318667,1006,1037
318668,1011,1038
318669,1011,1038
318670,1010,1036
318671,1010,1035
318672,1010,1034
318673,1015,1038
318674,1018,1039
318675,1017,1037
318676,1017,1037
318677,1013,1032
318678,1012,1033
318679,1016,1036
318680,1019,1036
318681,1030,1033
318682,1040,1029
318683,1051,1026
318684,1066,1023
318685,1092,1020
318686,1123,1019
318687,1159,1013
318688,1193,1008
318689,1224,998
318690,1250,1003
318691,1274,1015
318692,1288,1036
318693,1281,1052
318694,1252,1061
318695,1208,1060
318696,1159,1065
318697,1106,1070
318698,1055,1082
318699,1009,1092
318700,977,1097
318701,970,1096
318702,971,1094
318703,982,1089
318704,993,1080
318705,996,1065
318706,997,1051
318707,997,1042
318708,993,1036
318709,990,1037
318710,988,1038
318711,987,1037
318712,986,1034
318713,984,1033
318714,982,1030
318715,979,1032
318716,983,1034
318717,984,1032
318718,983,1033
318719,977,1029
318720,971,1032
318721,974,1034
318722,976,1035
318723,978,1035
318724,976,1033
318725,974,1031
318726,976,1029
318727,978,1033
318728,980,1033
318729,980,1034
318730,976,1037
318731,975,1038
318732,977,1042
318733,978,1038
318734,985,1034
318735,981,1031
318736,978,1029
318737,975,1023
318738,977,1024
318739,981,1025
318740,984,1025
318741,987,1026
318742,985,1021
318743,980,1020
318744,977,1021
318745,980,1024
318746,983,1027
318747,985,1026
318748,984,1024
318749,983,1022
318750,983,1022
318751,982,1022
318752,985,1023
318753,988,1022
318754,986,1019
318755,981,1017
318756,982,1015
318757,984,1018
318758,985,1021
318759,989,1017
318760,988,1016
318761,984,1013
318762,982,1011
318763,986,1010
318764,990,1008
318765,992,1003
318766,990,1000
318767,989,1001
318768,987,1001
318769,989,1009
318770,992,1009
318771,992,1010
318772,994,1007
318773,992,1002
318774,989,1000
318775,992,997
318776,998,996
318777,1001,992
318778,998,988
318779,999,984
318780,996,984
318781,1001,985
318782,1005,989
318783,1009,986
318784,1008,982
318785,1006,981
318786,1004,980
318787,1007,983
318788,1012,985
318789,1014,986
318790,1009,985
318791,1011,985
318792,1011,988
318793,1014,994
318794,1013,996
318795,1017,995
318796,1016,996
318797,1017,999
318798,1013,1000
318799,1015,1002
318800,1016,1006
318801,1015,1007
318802,1014,1011
318803,1010,1008
318804,1006,1013
318805,1007,1019
318806,1006,1024
318807,1006,1025
318808,1003,1025
318809,997,1023
318810,994,1024
318811,997,1025
318812,996,1026
318813,996,1029
318814,991,1027
318815,986,1030
318816,983,1031
318817,983,1036
318818,987,1039
318819,990,1035
318820,989,1033
318821,986,1033
318822,982,1034
318823,981,1040
318824,985,1044
318825,985,1044
318826,983,1043
318827,978,1041
318828,977,1043
318829,977,1045
318830,984,1049
318831,985,1045
318832,983,1040
318833,982,1037
318834,979,1036
318835,984,1041
318836,988,1043
318837,989,1043
318838,989,1040
318839,984,1036
318840,985,1039
318841,986,1040
318842,992,1042
318843,994,1040
318844,994,1038
318845,991,1037
318846,990,1036
318847,993,1040
318848,997,1042
318849,998,1044
318850,999,1038
318851,996,1036
318852,998,1037
318853,998,1042
318854,1000,1040
318855,1000,1037
318856,999,1032
318857,995,1027
318858,992,1028
318859,991,1030
318860,992,1034
318861,994,1032
318862,994,1027
318863,991,1026
318864,990,1026
318865,988,1029
318866,994,1035
318867,995,1033
318868,992,1033
318869,988,1030
318870,984,1030
318871,989,1034
318872,992,1034
318873,992,1037
318874,990,1036
318875,985,1035
318876,986,1035
318877,987,1037
318878,987,1041
318879,990,1037
318880,987,1035
318881,988,1035
318882,985,1037
318883,986,1040
318884,991,1044
318885,994,1043
318886,993,1040
318887,989,1038
318888,984,1042
318889,985,1043
318890,989,1044
318891,993,1040
318892,993,1035
318893,988,1033
318894,990,1033
318895,991,1034
318896,994,1035
318897,996,1035
318898,997,1037
318899,990,1034
318900,991,1033
318901,993,1033
318902,998,1035
318903,1000,1032
318904,999,1031
318905,995,1032
318906,992,1030
318907,992,1032
318908,994,1036
318909,996,1035
318910,997,1032
318911,994,1031
318912,992,1032
318913,996,1036
318914,999,1038
318915,999,1035
318916,998,1035
318917,996,1033
318918,995,1032
318919,997,1035
318920,1001,1035
318921,1003,1035
318922,1003,1029
318923,1004,1024
318924,1005,1025
318925,1015,1029
318926,1025,1032
318927,1039,1031
318928,1052,1025
318929,1069,1022
318930,1091,1022
318931,1126,1021
318932,1156,1016
318933,1187,1011
318934,1218,1004
318935,1247,1000
318936,1275,1005
318937,1295,1018
318938,1300,1031
318939,1282,1041
318940,1247,1042
318941,1194,1040
318942,1137,1044
318943,1080,1059
318944,1032,1072
318945,997,1075
318946,979,1073
318947,974,1067
318948,977,1061
318949,983,1056
318950,989,1050
318951,993,1045
318952,991,1038
318953,985,1036
318954,982,1036
318955,984,1040
318956,986,1042
318957,982,1039
318958,979,1038
318959,977,1035
318960,974,1034
318961,974,1034
318962,977,1040
318963,976,1041
318964,975,1039
318965,972,1039
318966,973,1038
318967,973,1039
318968,978,1039
318969,977,1035
318970,976,1036
318971,971,1031
318972,970,1031
318973,969,1036
318974,975,1036
318975,974,1037
318976,973,1035
318977,969,1036
318978,966,1041
318979,966,1045
318980,969,1050
318981,973,1049
318982,971,1049
318983,971,1044
318984,969,1042
318985,971,1040
318986,974,1041
318987,978,1044
318988,977,1044
318989,973,1040
318990,972,1038
318991,974,1036
318992,975,1035
318993,977,1033
318994,974,1030
318995,973,1028
318996,975,1031
318997,974,1032
318998,979,1034
318999,981,1032
319000,978,1030
319001,976,1024
319002,979,1023
319003,979,1027
319004,981,1028
319005,986,1026
319006,984,1025
319007,984,1018
319008,984,1018
319009,988,1019
319010,993,1023
319011,994,1020
319012,993,1019
319013,992,1012
319014,992,1016
319015,995,1016
319016,998,1017
319017,1000,1016
319018,1004,1010
319019,1003,1007
319020,1004,1005
319021,1002,1005
319022,1006,1008
319023,1008,1005
319024,1006,1003
319025,1003,999
319026,1006,1000
319027,1007,1004
319028,1011,1003
319029,1016,1005
319030,1015,999
319031,1013,994
319032,1011,995
319033,1011,998
319034,1016,1003
319035,1016,1005
319036,1017,1003
319037,1015,1003
319038,1016,1005
319039,1016,1012
319040,1020,1015
319041,1022,1013
319042,1021,1009
319043,1020,1005
319044,1016,1004
319045,1016,1005
319046,1018,1010
319047,1018,1011
319048,1015,1011
319049,1010,1012
319050,1006,1017
319051,1006,1021
319052,1009,1028
319053,1009,1024
319054,1005,1021
319055,999,1020
319056,993,1024
319057,993,1024
319058,995,1031
319059,996,1030
319060,993,1029
319061,991,1029
319062,989,1035
319063,988,1040
319064,989,1044
319065,989,1043
319066,990,1040
319067,989,1036
319068,985,1033
319069,987,1035
319070,988,1039
319071,989,1037
319072,988,1035
319073,987,1034
319074,985,1037
319075,987,1039
319076,991,1039
319077,992,1041
319078,990,1040
319079,985,1037
319080,984,1039
319081,987,1042
319082,992,1045
319083,994,1047
319084,992,1048
319085,990,1047
319086,989,1053
319087,994,1053
319088,999,1055
319089,1001,1053
319090,1006,1047
319091,1007,1043
319092,1010,1040
319093,1014,1043
319094,1020,1046
319095,1024,1047
319096,1025,1048
319097,1027,1051
319098,1030,1056
319099,1042,1056
319100,1052,1052
319101,1067,1045
319102,1078,1028
319103,1086,1012
319104,1095,999
319105,1107,993
319106,1123,988
319107,1134,977
319108,1144,964
319109,1154,951
319110,1169,936
319111,1184,922
319112,1203,904
319113,1221,883
319114,1233,866
319115,1245,852
319116,1253,844
319117,1256,836
319118,1259,838
319119,1256,839
319120,1253,835
319121,1247,831
319122,1240,829
319123,1232,830
319124,1226,834
319125,1216,837
319126,1197,839
319127,1178,843
319128,1159,851
319129,1141,862
319130,1126,873
319131,1108,880
319132,1089,886
319133,1079,893
319134,1068,909
319135,1064,922
319136,1065,936
319137,1063,947
319138,1060,956
319139,1056,964
319140,1052,974
319141,1057,983
319142,1070,987
319143,1082,990
319144,1095,989
319145,1101,987
319146,1098,990
319147,1085,996
319148,1064,1008
319149,1031,1015
319150,997,1022
319151,969,1028
319152,948,1038
319153,939,1051
319154,939,1058
319155,934,1067
319156,931,1071
319157,918,1073
319158,914,1077
319159,912,1080
319160,913,1084
319161,909,1086
319162,903,1090
319163,899,1088
319164,896,1091
319165,895,1094
319166,897,1103
319167,897,1102
319168,893,1103
319169,892,1106
319170,890,1111
319171,889,1115
319172,889,1118
319173,887,1119
319174,885,1117
319175,881,1118
319176,878,1119
319177,882,1121
319178,881,1122
319179,883,1122
319180,885,1120
319181,879,1122
319182,877,1125
319183,877,1132
319184,880,1137
319185,879,1140
319186,875,1142
319187,876,1144
319188,876,1148
319189,878,1150
319190,878,1151
319191,878,1149
319192,875,1150
319193,872,1148
319194,867,1149
319195,867,1156
319196,872,1160
319197,870,1160
319198,868,1161
319199,869,1159
319200,867,1172
319201,868,1175
319202,870,1178
319203,874,1173
319204,874,1169
319205,868,1167
319206,870,1170
319207,873,1173
319208,881,1175
319209,884,1173
319210,886,1172
319211,886,1170
319212,887,1172
319213,887,1175
319214,892,1180
319215,897,1179
319216,899,1176
319217,902,1170
319218,902,1166
319219,909,1164
319220,912,1163
319221,919,1161
319222,922,1157
319223,925,1151
319224,928,1147
319225,933,1144
319226,939,1140
319227,944,1133
319228,942,1127
319229,946,1119
319230,949,1115
319231,953,1110
319232,958,1108
319233,960,1102
319234,961,1099
319235,955,1093
319236,955,1092
319237,959,1091
319238,961,1088
319239,964,1082
319240,965,1076
319241,966,1071
319242,966,1067
319243,964,1063
319244,970,1067
319245,972,1064
319246,968,1062
319247,967,1057
319248,969,1055
319249,974,1055
319250,977,1052
319251,977,1047
319252,977,1043
319253,972,1039
319254,970,1039
319255,972,1042
319256,975,1046
319257,974,1044
319258,973,1044
319259,969,1042
319260,967,1044
319261,970,1046
319262,976,1049
319263,974,1049
319264,972,1046
319265,969,1043
319266,967,1044
319267,970,1046
319268,974,1047
319269,977,1048
319270,975,1045
319271,972,1042
319272,972,1044
319273,974,1049
319274,975,1052
319275,978,1049
319276,978,1043
319277,978,1044
319278,978,1046
319279,978,1046
319280,981,1046
319281,984,1043
319282,978,1038
319283,978,1031
319284,979,1031
319285,981,1035
319286,981,1039
319287,985,1037
319288,984,1032
319289,980,1025
319290,980,1023
319291,981,1026
319292,986,1030
319293,987,1027
319294,982,1025
319295,981,1026
319296,980,1028
319297,983,1030
319298,984,1033
319299,986,1032
319300,986,1034
319301,984,1029
319302,982,1029
319303,983,1032
319304,987,1036
319305,987,1034
319306,984,1035
319307,979,1034
319308,979,1033
319309,980,1033
319310,982,1034
319311,986,1030
319312,983,1025
319313,977,1024
319314,976,1027
319315,973,1031
319316,979,1034
319317,978,1036
319318,978,1037
319319,973,1034
319320,973,1036
319321,977,1037
319322,979,1040
319323,982,1037
319324,980,1036
319325,972,1035
319326,970,1034
319327,970,1037
319328,975,1045
319329,976,1046
319330,976,1043
319331,972,1035
319332,974,1029
319333,977,1028
319334,980,1031
319335,979,1032
319336,981,1037
319337,982,1032
319338,977,1030
319339,979,1031
319340,984,1030
319341,983,1031
319342,983,1034
319343,981,1032
319344,980,1035
319345,983,1037
319346,985,1039
319347,986,1033
319348,987,1034
319349,983,1032
319350,981,1031
319351,981,1028
319352,990,1031
319353,992,1028
319354,988,1031
319355,983,1031
319356,980,1033
319357,981,1035
319358,983,1040
319359,985,1040
319360,981,1041
319361,976,1040
319362,976,1039
319363,979,1037
319364,980,1035
319365,979,1033
319366,980,1029
319367,973,1029
319368,973,1031
319369,978,1032
319370,979,1038
319371,977,1038
319372,978,1036
319373,977,1033
319374,976,1035
319375,977,1037
319376,979,1036
319377,980,1039
319378,983,1037
319379,979,1035
319380,978,1034
319381,978,1038
319382,981,1041
319383,983,1037
319384,981,1037
319385,978,1034
319386,977,1034
319387,980,1036
319388,981,1035
319389,979,1031
319390,981,1030
319391,980,1029
319392,978,1032
319393,983,1036
319394,987,1037
319395,987,1034
319396,985,1033
319397,983,1028
319398,980,1026
319399,984,1027
319400,987,1027
319401,987,1023
319402,988,1024
319403,988,1022
319404,985,1025
319405,985,1030
319406,986,1034
319407,987,1033
319408,988,1034
319409,989,1029
319410,986,1030
319411,989,1029
319412,993,1030
319413,993,1028
319414,992,1025
319415,989,1027
319416,986,1028
319417,988,1029
319418,993,1031
319419,994,1027
319420,995,1024
319421,990,1022
319422,992,1024
319423,998,1029
319424,1010,1031
319425,1020,1025
319426,1033,1017
319427,1049,1012
319428,1075,1012
319429,1103,1010
319430,1140,1005
319431,1177,997
319432,1210,985
319433,1241,981
319434,1266,987
319435,1282,1002
319436,1281,1024
319437,1259,1037
319438,1215,1040
319439,1160,1040
319440,1102,1046
319441,1047,1056
319442,1004,1065
319443,976,1073
319444,963,1078
319445,964,1074
319446,973,1062
319447,982,1052
319448,989,1042
319449,990,1033
319450,984,1030
319451,978,1029
319452,977,1031
319453,978,1034
319454,980,1039
319455,980,1035
319456,975,1033
319457,969,1032
319458,966,1029
319459,971,1030
319460,971,1032
319461,972,1032
319462,969,1030
319463,967,1029
319464,967,1031
319465,966,1033
319466,970,1035
319467,972,1031
319468,971,1028
319469,968,1026
319470,966,1027
319471,969,1029
319472,973,1032
319473,973,1031
319474,969,1026
319475,965,1026
319476,965,1030
319477,962,1032
319478,967,1032
319479,967,1031
319480,967,1027
319481,963,1022
319482,961,1026
319483,963,1030
319484,966,1032
319485,965,1027
319486,968,1023
319487,965,1022
319488,961,1022
319489,964,1025
319490,970,1027
319491,971,1028
319492,968,1026
319493,964,1026
319494,964,1026
319495,968,1030
319496,970,1031
319497,972,1032
319498,973,1026
319499,970,1025
319500,971,1025
319501,976,1026
319502,981,1028
319503,983,1023
319504,981,1018
319505,978,1016
319506,979,1017
319507,980,1020
319508,985,1022
319509,986,1016
319510,989,1008
319511,987,1001
319512,988,1001
319513,990,1005
319514,996,1006
319515,997,1006
319516,995,1000
319517,992,994
319518,991,993
319519,995,994
319520,998,997
319521,1000,996
319522,998,990
319523,1000,986
319524,997,986
319525,1001,988
319526,1003,991
319527,1007,988
319528,1006,986
319529,1001,986
319530,999,985
319531,1003,990
319532,1008,993
319533,1012,996
319534,1011,999
319535,1011,996
319536,1009,996
319537,1009,996
319538,1010,999
319539,1016,998
319540,1013,999
319541,1010,1002
319542,1009,1004
319543,1008,1011
319544,1014,1013
319545,1013,1014
319546,1012,1013
319547,1007,1013
319548,1004,1018
319549,1006,1021
319550,1007,1024
319551,1006,1024
319552,1004,1024
319553,999,1020
319554,1001,1020
319555,1000,1024
319556,1000,1032
319557,1001,1032
319558,995,1030
319559,990,1027
319560,992,1031
319561,994,1033
319562,996,1034
319563,997,1029
319564,994,1030
319565,990,1026
319566,987,1028
319567,988,1034
319568,991,1037
319569,993,1036
319570,991,1032
319571,986,1027
319572,985,1027
319573,986,1030
319574,986,1036
319575,988,1039
319576,989,1035
319577,987,1033
319578,986,1031
319579,988,1031
319580,992,1033
319581,991,1032
319582,991,1029
319583,988,1029
319584,985,1033
319585,991,1037
319586,993,1038
319587,995,1038
319588,990,1035
319589,986,1029
319590,990,1031
319591,994,1030
319592,996,1032
319593,995,1030
319594,994,1028
319595,988,1028
319596,990,1028
319597,993,1033
319598,995,1035
319599,995,1039
319600,999,1039
319601,994,1034
319602,992,1030
319603,994,1029
319604,998,1029
319605,998,1026
319606,999,1022
319607,995,1021
319608,995,1026
319609,994,1029
319610,1001,1034
319611,1000,1031
319612,1001,1030
319613,993,1026
319614,993,1025
319615,991,1028
319616,994,1032
319617,994,1031
319618,995,1032
319619,994,1029
319620,992,1031
319621,993,1036
319622,995,1037
319623,996,1035
319624,989,1030
319625,989,1027
319626,987,1029
319627,987,1032
319628,990,1036
319629,992,1041
319630,988,1041
319631,986,1038
319632,983,1037
319633,985,1036
319634,986,1037
319635,986,1037
319636,985,1038
319637,977,1033
319638,977,1034
319639,983,1034
319640,984,1033
319641,988,1032
319642,986,1028
319643,985,1024
319644,984,1025
319645,982,1028
319646,989,1028
319647,988,1026
319648,989,1026
319649,988,1024
319650,986,1028
319651,986,1030
319652,987,1033
319653,991,1033
319654,988,1030
319655,987,1029
319656,989,1026
319657,991,1031
319658,995,1034
319659,998,1032
319660,999,1029
319661,998,1022
319662,1002,1016
319663,1009,1016
319664,1019,1016
319665,1031,1015
319666,1043,1011
319667,1057,1010
319668,1084,1010
319669,1117,1013
319670,1151,1008
319671,1189,994
319672,1222,985
319673,1248,987
319674,1262,1007
319675,1258,1028
319676,1229,1044
319677,1179,1048
319678,1119,1047
319679,1059,1054
319680,1005,1072
319681,965,1083
319682,952,1091
319683,956,1086
319684,966,1074
319685,972,1060
319686,977,1048
319687,979,1041
319688,980,1038
319689,981,1032
319690,975,1029
319691,971,1028
319692,968,1029
319693,967,1035
319694,965,1041
319695,966,1040
319696,963,1041
319697,961,1042
319698,963,1038
319699,966,1033
319700,970,1031
319701,969,1024
319702,969,1020
319703,965,1021
319704,964,1024
319705,966,1028
319706,969,1031
319707,969,1029
319708,972,1029
319709,967,1030
319710,968,1034
319711,966,1036
319712,969,1035
319713,969,1029
319714,966,1024
319715,966,1024
319716,966,1027
319717,969,1031
319718,968,1035
319719,969,1030
319720,968,1027
319721,965,1026
319722,962,1027
319723,966,1030
319724,969,1032
319725,971,1027
319726,971,1026
319727,966,1027
319728,966,1026
319729,969,1025
319730,972,1020
319731,973,1021
319732,971,1016
319733,968,1016
319734,968,1022
319735,972,1025
319736,977,1027
319737,978,1019
319738,978,1012
319739,976,1003
319740,969,1001
319741,974,1004
319742,980,1005
319743,983,1000
319744,982,995
319745,981,991
319746,978,987
319747,983,992
319748,985,995
319749,988,993
319750,988,990
319751,985,986
319752,986,985
319753,987,986
319754,993,986
319755,997,987
319756,993,982
319757,991,982
319758,990,987
319759,990,990
319760,993,994
319761,995,987
319762,997,984
319763,994,981
319764,995,984
319765,995,990
319766,1000,998
319767,1001,999
319768,998,997
319769,998,996
319770,995,998
319771,997,1001
319772,995,1005
319773,999,1004
319774,996,1007
319775,994,1009
319776,991,1015
319777,992,1021
319778,992,1026
319779,994,1027
319780,992,1024
319781,987,1024
319782,984,1028
319783,985,1031
319784,988,1034
319785,987,1037
319786,983,1038
319787,979,1039
319788,977,1043
319789,980,1046
319790,979,1048
319791,981,1041
319792,979,1036
319793,978,1030
319794,977,1026
319795,974,1031
319796,978,1034
319797,978,1036
319798,976,1034
319799,973,1034
319800,974,1031
319801,975,1033
319802,981,1031
319803,982,1029
319804,982,1030
319805,979,1030
319806,977,1034
319807,980,1040
319808,981,1041
319809,984,1036
319810,982,1033
319811,978,1030
319812,980,1033
319813,981,1038
319814,984,1040
319815,986,1039
319816,987,1033
319817,987,1028
319818,984,1026
319819,987,1026
319820,993,1027
319821,992,1027
319822,991,1028
319823,989,1029
319824,985,1031
319825,985,1032
319826,990,1034
319827,989,1035
319828,989,1036
319829,987,1032
319830,981,1034
319831,983,1035
319832,989,1036
319833,990,1032
319834,987,1028
319835,986,1025
319836,981,1027
319837,982,1033
319838,984,1035
319839,985,1035
319840,980,1035
319841,974,1035
319842,976,1039
319843,978,1040
319844,977,1041
319845,979,1041
319846,976,1037
319847,979,1033
319848,978,1035
319849,980,1037
319850,980,1042
319851,983,1038
319852,981,1033
319853,979,1029
319854,977,1027
319855,981,1028
319856,983,1030
319857,983,1029
319858,980,1029
319859,978,1030
319860,975,1034
319861,980,1035
319862,983,1039
319863,984,1039
319864,981,1038
319865,976,1036
319866,982,1036
319867,983,1040
319868,985,1044
319869,985,1042
319870,983,1040
319871,980,1035
319872,976,1040
319873,979,1042
319874,983,1044
319875,983,1041
319876,982,1039
319877,979,1037
319878,979,1038
319879,982,1042
319880,985,1038
319881,987,1035
319882,984,1035
319883,982,1032
319884,980,1031
319885,986,1032
319886,990,1033
319887,993,1033
319888,987,1030
319889,981,1030
319890,980,1031
319891,985,1031
319892,991,1033
319893,990,1033
319894,990,1030
319895,990,1029
319896,994,1026
319897,1002,1025
319898,1009,1023
319899,1019,1018
319900,1028,1016
319901,1039,1011
319902,1050,1010
319903,1073,1013
319904,1099,1011
319905,1122,997
319906,1150,987
319907,1171,983
319908,1194,986
319909,1211,1005
319910,1214,1030
319911,1204,1049
319912,1181,1055
319913,1146,1058
319914,1105,1062
319915,1066,1072
319916,1032,1084
319917,1001,1095
319918,983,1098
319919,974,1091
319920,976,1084
319921,980,1073
319922,987,1064
319923,986,1049
319924,985,1038
319925,976,1030
319926,971,1028
319927,973,1032
319928,974,1033
319929,974,1034
319930,971,1034
319931,967,1032
319932,966,1030
319933,967,1031
319934,967,1031
319935,965,1029
319936,965,1029
319937,961,1025
319938,959,1034
319939,961,1035
319940,960,1037
319941,957,1036
319942,958,1034
319943,958,1032
319944,957,1032
319945,958,1035
319946,961,1039
319947,961,1038
319948,960,1038
319949,956,1040
319950,956,1038
319951,962,1036
319952,965,1037
319953,967,1037
319954,965,1037
319955,965,1034
319956,963,1034
319957,965,1034
319958,969,1037
319959,968,1038
319960,966,1034
319961,963,1030
319962,962,1026
319963,965,1025
319964,965,1028
319965,969,1025
319966,964,1023
319967,962,1023
319968,960,1024
319969,963,1028
319970,965,1027
319971,966,1020
319972,968,1016
319973,964,1014
319974,964,1017
319975,968,1021
319976,971,1023
319977,973,1012
319978,974,1003
319979,970,997
319980,969,995
319981,971,999
319982,973,999
319983,974,997
319984,974,994
319985,971,991
319986,972,994
319987,976,993
319988,982,995
319989,983,993
319990,982,990
319991,981,986
319992,980,986
319993,981,990
319994,987,992
319995,990,991
319996,990,989
319997,989,990
319998,989,994
319999,993,999
320000,992,1002
320001,998,997
320002,995,992
320003,993,990
320004,995,988
320005,997,993
320006,1001,995
320007,1002,994
320008,997,995
320009,995,997
320010,994,1005
320011,994,1010
320012,996,1017
320013,998,1018
320014,992,1019
320015,992,1015
320016,991,1018
320017,992,1026
320018,991,1031
320019,991,1031
320020,992,1024
320021,988,1021
320022,985,1024
320023,986,1027
320024,985,1035
320025,984,1034
320026,980,1030
320027,980,1031
320028,981,1034
320029,980,1038
320030,981,1045
320031,983,1044
320032,982,1043
320033,973,1042
320034,973,1045
320035,974,1048
320036,975,1050
320037,979,1049
320038,978,1047
320039,972,1047
320040,976,1049
320041,977,1049
320042,979,1044
320043,984,1040
320044,982,1036
320045,980,1034
320046,981,1034
320047,983,1036
320048,986,1037
320049,989,1037
320050,986,1036
320051,982,1036
320052,983,1036
320053,982,1037
320054,985,1039
320055,986,1037
320056,984,1034
320057,982,1028
320058,983,1030
320059,984,1032
320060,986,1035
320061,990,1031
320062,987,1028
320063,983,1027
320064,983,1028
320065,985,1027
320066,987,1027
320067,988,1027
320068,982,1027
320069,983,1023
320070,982,1026
320071,983,1028
320072,984,1031
320073,985,1032
320074,984,1032
320075,980,1035
320076,980,1041
320077,983,1044
320078,986,1042
320079,985,1038
320080,983,1035
320081,979,1032
320082,977,1032
320083,978,1031
320084,983,1035
320085,984,1032
320086,979,1031
320087,979,1030
320088,980,1031
320089,984,1039
320090,985,1042
320091,985,1042
320092,982,1039
320093,980,1036
320094,980,1037
320095,981,1040
320096,985,1041
320097,984,1036
320098,983,1035
320099,980,1033
320100,980,1037
320101,983,1036
320102,983,1038
320103,982,1033
320104,981,1031
320105,982,1031
320106,981,1039
320107,983,1041
320108,985,1040
320109,985,1041
320110,983,1037
320111,978,1033
320112,978,1031
320113,980,1035
320114,987,1037
320115,988,1036
320116,988,1038
320117,981,1039
320118,983,1043
320119,984,1041
320120,988,1042
320121,986,1041
320122,986,1038
320123,984,1035
320124,987,1037
320125,983,1043
320126,991,1043
320127,995,1044
320128,993,1043
320129,993,1041
320130,990,1042
320131,995,1043
320132,997,1046
320133,1003,1038
320134,1009,1028
320135,1011,1020
320136,1018,1016
320137,1032,1016
320138,1050,1016
320139,1070,1013
320140,1083,1008
320141,1108,997
320142,1132,989
320143,1158,986
320144,1181,988
320145,1195,997
320146,1201,1012
320147,1188,1025
320148,1166,1035
320149,1134,1038
320150,1099,1045
320151,1062,1058
320152,1024,1069
320153,993,1082
320154,981,1089
320155,977,1088
320156,982,1078
320157,983,1064
320158,981,1046
320159,978,1036
320160,979,1031
320161,976,1033
320162,978,1033
320163,978,1037
320164,973,1034
320165,972,1026
320166,971,1029
320167,971,1031
320168,973,1032
320169,973,1030
320170,969,1030
320171,966,1029
320172,966,1030
320173,968,1035
320174,970,1040
320175,972,1042
320176,966,1038
320177,962,1039
320178,963,1037
320179,963,1037
320180,967,1039
320181,965,1042
320182,964,1041
320183,963,1039
320184,963,1041
320185,964,1040
320186,967,1043
320187,967,1042
320188,965,1036
320189,962,1032
320190,958,1032
320191,962,1033
320192,967,1035
320193,969,1036
320194,964,1031
320195,962,1030
320196,961,1031
320197,962,1031
320198,965,1032
320199,964,1030
320200,965,1026
320201,966,1023
320202,962,1025
320203,965,1028
320204,971,1028
320205,969,1030
320206,969,1025
320207,967,1022
320208,966,1027
320209,971,1029
320210,973,1025
320211,975,1018
320212,976,1015
320213,973,1011
320214,970,1010
320215,973,1010
320216,978,1013
320217,980,1011
320218,978,1003
320219,977,1003
320220,976,1006
320221,980,1009
320222,985,1009
320223,987,1003
320224,986,994
320225,987,985
320226,988,981
320227,990,981
320228,991,984
320229,994,981
320230,994,979
320231,993,976
320232,993,976
320233,992,980
320234,995,985
320235,1000,982
320236,996,984
320237,994,984
320238,993,985
320239,998,991
320240,1001,994
320241,1004,993
320242,1001,991
320243,1001,993
320244,998,995
320245,1000,1001
320246,1000,1007
320247,1002,1006
320248,1003,1007
320249,998,1006
320250,999,1011
320251,1000,1016
320252,1003,1017
320253,1002,1023
320254,996,1023
320255,993,1026
320256,992,1031
320257,993,1040
320258,991,1044
320259,992,1045
320260,991,1041
320261,988,1041
320262,986,1041
320263,986,1044
320264,988,1052
320265,987,1052
320266,986,1051
320267,984,1045
320268,983,1046
320269,984,1050
320270,986,1051
320271,984,1050
320272,984,1045
320273,982,1043
320274,982,1045
320275,983,1047
320276,984,1048
320277,985,1045
320278,985,1042
320279,984,1042
320280,983,1044
320281,983,1042
320282,990,1043
320283,990,1040
320284,988,1037
320285,986,1033
320286,986,1034
320287,986,1041
320288,989,1045
320289,992,1047
320290,988,1048
320291,987,1045
320292,989,1041
320293,992,1039
320294,995,1040
320295,995,1038
320296,996,1034
320297,992,1029
320298,991,1029
320299,994,1033
320300,997,1038
320301,998,1041
320302,997,1036
320303,992,1033
320304,993,1032
320305,997,1035
320306,999,1040
320307,1002,1040
320308,999,1043
320309,996,1041
320310,995,1040
320311,998,1042
320312,1001,1043
320313,1001,1040
320314,996,1038
320315,993,1035
320316,992,1039
320317,993,1040
320318,997,1042
320319,997,1039
320320,994,1041
320321,988,1039
320322,989,1043
320323,991,1045
320324,990,1044
320325,994,1041
320326,990,1035
320327,988,1033
320328,987,1036
320329,991,1041
320330,993,1042
320331,993,1039
320332,992,1036
320333,990,1033
320334,988,1031
320335,990,1032
320336,990,1033
320337,991,1036
320338,989,1037
320339,986,1034
320340,983,1040
320341,986,1041
320342,990,1045
320343,991,1044
320344,989,1040
320345,985,1039
320346,986,1040
320347,990,1039
320348,990,1044
320349,992,1046
320350,990,1049
320351,989,1047
320352,988,1049
320353,988,1054
320354,992,1053
320355,993,1054
320356,992,1053
320357,992,1053
320358,992,1056
320359,995,1054
320360,996,1053
320361,998,1043
320362,993,1040
320363,991,1037
320364,989,1042
320365,992,1043
320366,997,1045
320367,997,1042
320368,997,1042
320369,996,1038
320370,995,1040
320371,995,1044
320372,996,1048
320373,997,1044
320374,995,1043
320375,992,1041
320376,992,1042
320377,993,1048
320378,997,1047
320379,1000,1047
320380,997,1042
320381,992,1041
320382,992,1042
320383,992,1042
320384,996,1043
320385,998,1048
320386,997,1044
320387,992,1046
320388,990,1047
320389,995,1051
320390,998,1052
320391,998,1051
320392,997,1045
320393,997,1042
320394,995,1043
320395,996,1047
320396,1002,1048
320397,1005,1045
320398,1009,1040
320399,1011,1031
320400,1019,1029
320401,1029,1033
320402,1047,1033
320403,1064,1029
320404,1088,1021
320405,1110,1013
320406,1140,1007
320407,1177,996
320408,1212,995
320409,1244,994
320410,1267,1002
320411,1274,1019
320412,1264,1035
320413,1234,1045
320414,1188,1051
320415,1136,1053
320416,1085,1061
320417,1039,1068
320418,1005,1074
320419,994,1074
320420,996,1073
320421,1001,1064
320422,1004,1050
320423,1002,1041
320424,998,1040
320425,997,1042
320426,994,1043
320427,993,1044
320428,989,1044
320429,982,1041
320430,983,1042
320431,983,1047
320432,985,1051
320433,983,1048
320434,976,1050
320435,975,1048
320436,974,1049
320437,975,1053
320438,975,1061
320439,974,1054
320440,975,1052
320441,970,1050
320442,971,1045
320443,971,1045
320444,976,1047
320445,978,1046
320446,977,1040
320447,974,1036
320448,972,1036
320449,972,1043
320450,975,1046
320451,975,1046
320452,975,1041
320453,972,1043
320454,974,1047
320455,979,1050
320456,980,1051
320457,982,1048
320458,980,1045
320459,978,1043
320460,979,1043
320461,983,1045
320462,986,1046
320463,986,1041
320464,985,1035
320465,981,1033
320466,982,1038
320467,981,1042
320468,985,1045
320469,988,1043
320470,985,1041
320471,982,1039
320472,987,1034
320473,993,1039
320474,997,1039
320475,997,1034
320476,997,1030
320477,995,1022
320478,999,1024
320479,1000,1024
320480,1004,1024
320481,1003,1022
320482,1003,1017
320483,1002,1015
320484,1002,1014
320485,1003,1013
320486,1007,1013
320487,1010,1011
320488,1009,1008
320489,1008,1005
320490,1006,1007
320491,1009,1011
320492,1011,1013
320493,1015,1013
320494,1017,1011
320495,1013,1007
320496,1015,1006
320497,1018,1001
320498,1019,1001
320499,1023,1000
320500,1022,1000
320501,1020,1001
320502,1018,1004
320503,1021,1007
320504,1025,1013
320505,1025,1015
320506,1023,1018
320507,1020,1019
320508,1020,1018
320509,1021,1021
320510,1024,1025
320511,1021,1028
320512,1018,1030
320513,1013,1033
320514,1011,1038
320515,1011,1042
320516,1013,1043
320517,1013,1040
320518,1007,1038
320519,1005,1035
320520,1004,1034
320521,1008,1039
320522,1006,1042
320523,1004,1047
320524,1002,1045
320525,999,1045
320526,998,1046
320527,999,1046
320528,1002,1046
320529,1001,1043
320530,996,1041
320531,995,1040
320532,991,1045
320533,994,1046
320534,995,1048
320535,995,1045
320536,994,1044
320537,992,1039
320538,990,1041
320539,992,1043
320540,994,1048
320541,994,1050
320542,992,1044
320543,992,1047
320544,991,1049
320545,994,1054
320546,998,1060
320547,1000,1061
320548,995,1061
320549,996,1057
320550,996,1056
320551,998,1054
320552,1002,1055
320553,1001,1055
320554,1001,1049
320555,997,1046
320556,998,1049
320557,1000,1049
320558,1003,1048
320559,1004,1044
320560,1004,1038
320561,1000,1035
320562,1002,1037
320563,1005,1040
320564,1007,1043
320565,1010,1039
320566,1005,1036
320567,1007,1032
320568,1008,1035
320569,1012,1038
320570,1011,1041
320571,1010,1039
320572,1009,1037
320573,1007,1033
320574,1006,1034
320575,1008,1037
320576,1010,1041
320577,1010,1040
320578,1009,1037
320579,1005,1032
320580,1004,1036
320581,1007,1040
320582,1006,1044
320583,1004,1048
320584,1001,1047
320585,998,1047
320586,995,1049
320587,999,1048
320588,1002,1053
320589,1003,1052
320590,1001,1050
320591,993,1046
320592,995,1048
320593,998,1048
320594,1001,1052
320595,1002,1049
320596,999,1050
320597,996,1049
320598,996,1053
320599,999,1055
320600,1003,1055
320601,1000,1054
320602,998,1056
320603,995,1055
320604,996,1051
320605,997,1051
320606,1004,1050
320607,1003,1050
320608,1006,1045
320609,1002,1043
320610,1002,1043
320611,1006,1046
320612,1006,1048
320613,1007,1048
320614,1003,1048
320615,1003,1047
320616,1002,1050
320617,1003,1050
320618,1007,1052
320619,1008,1050
320620,1005,1045
320621,1005,1043
320622,1002,1044
320623,1001,1047
320624,1003,1047
320625,1004,1050
320626,1004,1049
320627,1003,1042
320628,1002,1044
320629,999,1050
320630,1006,1051
320631,1006,1048
320632,1005,1048
320633,1002,1045
320634,999,1045
320635,1002,1043
320636,1002,1043
320637,1004,1044
320638,1003,1044
320639,1000,1044
320640,1001,1042
320641,1003,1046
320642,1006,1046
320643,1006,1048
320644,1004,1048
320645,1001,1047
320646,1002,1049
320647,1006,1049
320648,1008,1053
320649,1013,1050
320650,1014,1046
320651,1020,1039
320652,1030,1040
320653,1046,1040
320654,1065,1041
320655,1083,1035
320656,1108,1028
320657,1131,1019
320658,1165,1007
320659,1198,999
320660,1229,996
320661,1253,997
320662,1271,1003
320663,1272,1017
320664,1254,1032
320665,1217,1039
320666,1172,1044
320667,1123,1051
320668,1073,1061
320669,1029,1068
320670,1000,1076
320671,990,1082
320672,992,1079
320673,1001,1068
320674,1006,1056
320675,1003,1047
320676,1002,1043
320677,997,1046
320678,1000,1049
320679,998,1048
320680,995,1047
320681,987,1044
320682,987,1044
320683,986,1047
320684,992,1049
320685,988,1048
320686,983,1042
320687,982,1044
320688,981,1044
320689,981,1048
320690,984,1049
320691,984,1048
320692,982,1047
320693,979,1045
320694,977,1046
320695,978,1050
320696,980,1052
320697,980,1054
320698,978,1053
320699,976,1048
320700,974,1047
320701,977,1049
320702,979,1049
320703,978,1047
320704,977,1046
320705,974,1045
320706,974,1047
320707,976,1054
320708,979,1048
320709,980,1046
320710,977,1043
320711,976,1040
320712,976,1042
320713,976,1050
320714,979,1052
320715,983,1051
320716,982,1046
320717,979,1042
320718,975,1043
320719,979,1043
320720,984,1044
320721,982,1042
320722,983,1040
320723,980,1038
320724,980,1041
320725,983,1039
320726,987,1041
320727,989,1043
320728,989,1038
320729,986,1037
320730,988,1035
320731,991,1039
320732,994,1039
320733,998,1036
320734,997,1034
320735,996,1031
320736,996,1029
320737,999,1029
320738,1004,1031
320739,1006,1028
320740,1002,1024
320741,1003,1019
320742,1000,1021
320743,1006,1022
320744,1013,1022
320745,1013,1020
320746,1011,1012
320747,1004,1010
320748,1008,1010
320749,1009,1014
320750,1015,1016
320751,1014,1011
320752,1013,1005
320753,1011,1001
320754,1010,1001
320755,1014,1007
320756,1018,1011
320757,1021,1010
320758,1017,1005
320759,1014,1006
320760,1016,1002
320761,1016,1004
320762,1020,1006
320763,1023,1009
320764,1022,1007
320765,1017,1009
320766,1018,1013
320767,1020,1021
320768,1021,1028
320769,1021,1033
320770,1017,1037
320771,1012,1036
320772,1013,1033
320773,1016,1030
320774,1016,1028
320775,1016,1028
320776,1011,1028
320777,1008,1028
320778,1004,1032
320779,1007,1035
320780,1007,1038
320781,1006,1035
320782,1002,1033
320783,998,1033
320784,997,1035
320785,997,1040
320786,998,1041
320787,999,1041
320788,993,1041
320789,989,1039
320790,989,1039
320791,991,1045
320792,991,1045
320793,990,1045
320794,987,1044
320795,985,1040
320796,983,1045
320797,986,1049
320798,987,1051
320799,988,1050
320800,984,1046
320801,982,1045
320802,981,1049
320803,985,1051
320804,988,1052
320805,989,1052
320806,984,1052
320807,982,1049
320808,982,1052
320809,984,1055
320810,989,1055
320811,988,1052
320812,990,1053
320813,988,1052
320814,988,1054
320815,991,1057
320816,994,1058
320817,997,1057
320818,995,1056
320819,994,1054
320820,993,1053
320821,998,1055
320822,999,1055
320823,1002,1052
320824,1002,1048
320825,1002,1046
320826,998,1045
320827,1002,1047
320828,1002,1044
320829,1002,1043
320830,999,1041
320831,999,1039
320832,1002,1040
320833,1003,1043
320834,1006,1045
320835,1007,1041
320836,1006,1039
320837,1003,1040
320838,1002,1041
320839,1002,1041
320840,1004,1046
320841,1003,1046
320842,1002,1043
320843,998,1038
320844,993,1039
320845,996,1041
320846,997,1041
320847,999,1038
320848,997,1036
320849,993,1037
320850,991,1039
320851,991,1040
320852,993,1042
320853,995,1044
320854,993,1042
320855,988,1040
320856,987,1043
320857,988,1044
320858,993,1048
320859,992,1045
320860,992,1044
320861,987,1044
320862,984,1046
320863,989,1049
320864,991,1051
320865,994,1052
320866,994,1051
320867,992,1051
320868,994,1054
320869,995,1056
320870,998,1054
320871,1000,1054
320872,999,1050
320873,997,1047
320874,996,1051
320875,996,1051
320876,998,1056
320877,999,1054
320878,996,1055
320879,995,1052
320880,993,1055
320881,997,1054
320882,998,1056
320883,1001,1055
320884,998,1049
320885,996,1047
320886,997,1046
320887,997,1048
320888,997,1049
320889,997,1049
320890,997,1044
320891,994,1042
320892,993,1046
320893,995,1044
320894,996,1049
320895,995,1048
320896,994,1046
320897,991,1044
320898,992,1046
320899,993,1047
320900,995,1051
320901,997,1050
320902,994,1046
320903,990,1046
320904,987,1049
320905,990,1049
320906,994,1052
320907,994,1050
320908,993,1047
320909,990,1046
320910,990,1049
320911,991,1052
320912,994,1052
320913,993,1051
320914,988,1049
320915,983,1047
320916,986,1048
320917,987,1049
320918,996,1050
320919,994,1048
320920,989,1045
320921,990,1044
320922,994,1048
320923,996,1048
320924,999,1049
320925,1002,1045
320926,1001,1043
320927,998,1040
320928,1000,1040
320929,1004,1040
320930,1007,1042
320931,1009,1040
320932,1007,1037
320933,1006,1034
320934,1011,1032
320935,1018,1037
320936,1030,1036
320937,1040,1031
320938,1056,1026
320939,1072,1023
320940,1094,1022
320941,1125,1023
320942,1153,1018
320943,1188,1004
320944,1219,995
320945,1249,992
320946,1275,995
320947,1297,1008
320948,1298,1023
320949,1280,1032
320950,1237,1035
320951,1183,1036
320952,1131,1046
320953,1080,1059
320954,1038,1069
320955,1005,1073
320956,985,1070
320957,983,1067
320958,990,1064
320959,1002,1058
320960,1003,1055
320961,1003,1048
320962,997,1046
320963,990,1044
320964,985,1047
320965,984,1050
320966,987,1055
320967,985,1056
320968,978,1055
320969,975,1056
320970,978,1058
320971,980,1060
320972,982,1058
320973,978,1051
320974,975,1046
320975,974,1045
320976,973,1047
320977,977,1048
320978,977,1053
320979,977,1048
320980,974,1046
320981,974,1044
320982,975,1046
320983,977,1048
320984,976,1050
320985,978,1052
320986,976,1047
320987,972,1050
320988,972,1049
320989,974,1050
320990,975,1057
320991,976,1052
320992,973,1050
320993,971,1047
320994,973,1049
320995,974,1055
320996,978,1056
320997,978,1053
320998,974,1049
320999,973,1047
321000,968,1048
321001,971,1052
321002,975,1053
321003,975,1053
321004,974,1047
321005,975,1046
321006,973,1046
321007,972,1049
321008,979,1049
321009,976,1050
321010,975,1047
321011,974,1046
321012,975,1048
321013,978,1047
321014,982,1047
321015,986,1045
321016,983,1042
321017,980,1039
321018,979,1041
321019,981,1042
321020,986,1039
321021,989,1034
321022,991,1030
321023,990,1025
321024,992,1025
321025,995,1026
321026,999,1027
321027,1000,1026
321028,1002,1021
321029,1001,1019
321030,1002,1019
321031,1004,1021
321032,1008,1021
321033,1006,1020
321034,1008,1015
321035,1006,1014
321036,1008,1013
321037,1012,1015
321038,1018,1016
321039,1016,1014
321040,1016,1012
321041,1012,1011
321042,1012,1012
321043,1016,1011
321044,1018,1013
321045,1021,1013
321046,1020,1010
321047,1020,1009
321048,1019,1011
321049,1021,1014
321050,1023,1018
321051,1023,1015
321052,1023,1015
321053,1021,1017
321054,1018,1019
321055,1022,1025
321056,1023,1027
321057,1024,1025
321058,1021,1026
321059,1018,1024
321060,1016,1028
321061,1014,1032
321062,1012,1037
321063,1014,1036
321064,1009,1034
321065,1003,1035
321066,1002,1037
321067,1001,1042
321068,1002,1044
321069,1001,1043
321070,999,1042
321071,993,1041
321072,992,1044
321073,991,1047
321074,992,1052
321075,990,1051
321076,990,1049
321077,989,1049
321078,988,1052
321079,991,1055
321080,989,1058
321081,991,1055
321082,986,1054
321083,981,1051
321084,985,1053
321085,988,1054
321086,991,1055
321087,991,1051
321088,989,1052
321089,988,1047
321090,986,1051
321091,991,1050
321092,993,1053
321093,992,1049
321094,991,1048
321095,988,1045
321096,987,1048
321097,991,1048
321098,990,1051
321099,993,1049
321100,990,1047
321101,988,1044
321102,988,1046
321103,989,1049
321104,992,1052
321105,988,1049
321106,987,1050
321107,982,1049
321108,988,1050
321109,992,1054
321110,997,1055
321111,995,1049
321112,992,1049
321113,992,1051
321114,988,1050
321115,992,1052
321116,994,1052
321117,993,1051
321118,991,1048
321119,991,1044
321120,989,1047
321121,991,1049
321122,991,1050
321123,995,1049
321124,993,1047
321125,988,1046
321126,986,1046
321127,989,1050
321128,989,1051
321129,992,1047
321130,992,1041
321131,989,1039
321132,990,1041
321133,992,1042
321134,992,1044
321135,993,1045
321136,991,1044
321137,991,1041
321138,992,1044
321139,992,1046
321140,991,1049
321141,990,1046
321142,991,1044
321143,989,1043
321144,988,1044
321145,990,1048
321146,989,1051
321147,991,1046
321148,992,1045
321149,989,1046
321150,989,1047
321151,990,1051
321152,992,1051
321153,995,1050
321154,990,1048
321155,988,1047
321156,985,1048
321157,987,1052
321158,990,1053
321159,988,1053
321160,988,1048
321161,986,1048
321162,984,1052
321163,988,1054
321164,988,1057
321165,986,1054
321166,985,1052
321167,984,1053
321168,985,1054
321169,989,1054
321170,990,1055
321171,990,1054
321172,988,1051
321173,984,1048
321174,985,1049
321175,988,1052
321176,990,1055
321177,988,1054
321178,986,1050
321179,980,1050
321180,980,1051
321181,983,1052
321182,986,1054
321183,986,1052
321184,983,1049
321185,980,1048
321186,983,1050
321187,985,1053
321188,986,1054
321189,984,1053
321190,984,1049
321191,982,1047
321192,984,1050
321193,985,1051
321194,987,1052
321195,990,1050
321196,991,1046
321197,989,1045
321198,990,1045
321199,992,1046
321200,998,1047
321201,1003,1044
321202,1009,1035
321203,1021,1034
321204,1031,1033
321205,1051,1032
321206,1078,1032
321207,1104,1027
321208,1134,1017
321209,1162,1003
321210,1200,997
321211,1227,998
321212,1255,1003
321213,1269,1014
321214,1259,1025
321215,1231,1037
321216,1188,1045
321217,1139,1051
321218,1092,1063
321219,1041,1074
321220,999,1080
321221,973,1084
321222,964,1092
321223,970,1088
321224,975,1084
321225,978,1073
321226,982,1060
321227,982,1050
321228,978,1049
321229,976,1052
321230,973,1051
321231,977,1046
321232,969,1048
321233,966,1046
321234,962,1050
321235,965,1052
321236,966,1055
321237,963,1056
321238,958,1053
321239,954,1048
321240,954,1050
321241,957,1049
321242,959,1048
321243,957,1047
321244,957,1045
321245,954,1043
321246,955,1044
321247,958,1047
321248,960,1049
321249,959,1049
321250,954,1044
321251,953,1044
321252,952,1047
321253,955,1050
321254,957,1050
321255,959,1052
321256,958,1047
321257,956,1046
321258,956,1045
321259,956,1049
321260,958,1052
321261,960,1047
321262,958,1045
321263,956,1042
321264,953,1043
321265,957,1044
321266,960,1049
321267,962,1045
321268,960,1041
321269,956,1040
321270,952,1039
321271,955,1042
321272,956,1043
321273,955,1040
321274,958,1036
321275,954,1035
321276,955,1036
321277,956,1036
321278,956,1038
321279,961,1036
321280,958,1032
321281,958,1030
321282,957,1029
321283,963,1030
321284,968,1028
321285,966,1025
321286,968,1020
321287,965,1017
321288,970,1018
321289,973,1020
321290,971,1021
321291,972,1018
321292,971,1013
321293,969,1011
321294,969,1006
321295,972,1010
321296,976,1010
321297,978,1007
321298,974,1004
321299,974,1001
321300,973,1003
321301,978,1007
321302,980,1006
321303,980,1006
321304,979,1002
321305,979,1002
321306,980,1004
321307,984,1002
321308,982,1003
321309,983,1002
321310,985,999
321311,980,998
321312,980,1000
321313,982,1003
321314,983,1005
321315,981,1006
321316,979,1004
321317,974,1007
321318,979,1013
321319,982,1016
321320,986,1020
321321,982,1021
321322,978,1019
321323,971,1019
321324,972,1025
321325,976,1029
321326,979,1037
321327,977,1035
321328,972,1036
321329,969,1036
321330,964,1040
321331,969,1043
321332,969,1047
321333,970,1047
321334,973,1045
321335,968,1046
321336,967,1047
321337,967,1050
321338,965,1051
321339,966,1051
321340,963,1051
321341,962,1049
321342,960,1049
321343,963,1052
321344,965,1055
321345,966,1054
321346,963,1051
321347,960,1050
321348,961,1051
321349,962,1051
321350,965,1054
321351,965,1053
321352,963,1050
321353,963,1050
321354,965,1050
321355,964,1054
321356,968,1053
321357,968,1053
321358,969,1049
321359,965,1047
321360,964,1049
321361,967,1050
321362,969,1050
321363,970,1049
321364,967,1046
321365,966,1042
321366,968,1042
321367,972,1045
321368,975,1047
321369,974,1044
321370,971,1042
321371,963,1038
321372,962,1038
321373,969,1043
321374,974,1047
321375,974,1042
321376,970,1040
321377,966,1038
321378,964,1043
321379,970,1046
321380,970,1046
321381,968,1044
321382,967,1041
321383,965,1042
321384,962,1043
321385,966,1047
321386,967,1050
321387,969,1051
321388,968,1046
321389,967,1042
321390,966,1041
321391,968,1042
321392,967,1046
321393,964,1044
321394,964,1040
321395,960,1042
321396,960,1043
321397,967,1045
321398,969,1047
321399,971,1044
321400,969,1040
321401,962,1039
321402,964,1041
321403,966,1046
321404,971,1043
321405,967,1048
321406,966,1041
321407,962,1041
321408,962,1043
321409,964,1048
321410,967,1048
321411,965,1045
321412,963,1043
321413,960,1042
321414,959,1042
321415,962,1043
321416,960,1044
321417,963,1044
321418,964,1042
321419,963,1039
321420,962,1041
321421,963,1041
321422,964,1045
321423,964,1043
321424,963,1042
321425,962,1041
321426,964,1046
321427,964,1046
321428,966,1045
321429,965,1043
321430,964,1039
321431,962,1038
321432,962,1043
321433,964,1047
321434,968,1045
321435,964,1044
321436,962,1043
321437,965,1042
321438,967,1043
321439,964,1045
321440,968,1047
321441,972,1046
321442,972,1043
321443,970,1041
321444,970,1043
321445,977,1044
321446,983,1046
321447,984,1040
321448,982,1034
321449,981,1032
321450,982,1030
321451,993,1029
321452,1009,1027
321453,1018,1024
321454,1033,1020
321455,1046,1014
321456,1070,1011
321457,1099,1010
321458,1131,1001
321459,1163,994
321460,1191,991
321461,1214,994
321462,1234,1009
321463,1239,1028
321464,1225,1044
321465,1195,1049
321466,1150,1052
321467,1103,1055
321468,1053,1066
321469,1007,1076
321470,973,1088
321471,951,1095
321472,948,1093
321473,954,1089
321474,957,1080
321475,963,1072
321476,968,1062
321477,971,1053
321478,968,1045
321479,964,1042
321480,960,1040
321481,961,1042
321482,963,1043
321483,960,1040
321484,957,1038
321485,954,1038
321486,954,1039
321487,955,1041
321488,958,1040
321489,954,1039
321490,954,1036
321491,953,1035
321492,953,1036
321493,954,1040
321494,958,1041
321495,956,1038
321496,955,1035
321497,950,1035
321498,950,1033
321499,953,1036
321500,954,1037
321501,955,1037
321502,952,1031
321503,945,1031
321504,949,1031
321505,952,1035
321506,956,1039
321507,955,1038
321508,954,1037
321509,948,1033
321510,947,1036
321511,946,1039
321512,952,1036
321513,953,1035
321514,952,1033
321515,952,1027
321516,948,1030
321517,948,1032
321518,951,1034
321519,954,1030
321520,948,1025
321521,950,1024
321522,951,1025
321523,954,1026
321524,958,1026
321525,955,1023
321526,953,1020
321527,951,1019
321528,951,1018
321529,956,1019
321530,960,1021
321531,964,1019
321532,958,1014
321533,959,1010
321534,960,1009
321535,963,1008
321536,966,1005
321537,964,1005
321538,966,1000
321539,968,997
321540,969,998
321541,973,1001
321542,975,999
321543,974,996
321544,976,991
321545,976,989
321546,977,990
321547,985,992
321548,989,990
321549,988,988
321550,990,984
321551,984,981
321552,989,987
321553,989,990
321554,996,991
321555,993,989
321556,989,988
321557,984,985
321558,987,989
321559,991,990
321560,992,995
321561,991,992
321562,992,990
321563,989,989
321564,992,993
321565,994,998
321566,996,1000
321567,998,1001
321568,993,1000
321569,989,1000
321570,988,1005
321571,987,1008
321572,989,1013
321573,991,1012
321574,985,1013
321575,985,1016
321576,983,1017
321577,984,1023
321578,984,1024
321579,982,1025
321580,979,1027
321581,976,1024
321582,976,1030
321583,978,1034
321584,980,1039
321585,979,1038
321586,979,1039
321587,974,1038
321588,973,1040
321589,978,1044
321590,982,1044
321591,980,1045
321592,978,1040
321593,975,1037
321594,978,1037
321595,982,1043
321596,984,1042
321597,983,1040
321598,982,1039
321599,982,1041
321600,980,1041
321601,985,1045
321602,991,1046
321603,994,1044
321604,991,1043
321605,993,1040
321606,999,1044
321607,1009,1048
321608,1014,1047
321609,1019,1047
321610,1023,1048
321611,1026,1043
321612,1038,1041
321613,1052,1033
321614,1067,1022
321615,1080,1007
321616,1091,992
321617,1100,980
321618,1112,969
321619,1128,960
321620,1143,947
321621,1160,927
321622,1169,905
321623,1185,888
321624,1201,873
321625,1216,865
321626,1230,856
321627,1238,850
321628,1239,843
321629,1236,835
321630,1233,834
321631,1233,833
321632,1229,834
321633,1219,834
321634,1205,830
321635,1188,835
321636,1170,840
321637,1153,848
321638,1131,858
321639,1113,863
321640,1090,871
321641,1073,882
321642,1058,897
321643,1052,910
321644,1049,924
321645,1045,932
321646,1040,940
321647,1033,951
321648,1033,961
321649,1040,973
321650,1047,982
321651,1056,990
321652,1061,992
321653,1062,996
321654,1050,1002
321655,1031,1010
321656,1006,1019
321657,977,1024
321658,950,1030
321659,932,1040
321660,925,1052
321661,921,1062
321662,920,1072
321663,916,1076
321664,910,1075
321665,900,1076
321666,892,1080
321667,892,1085
321668,892,1088
321669,891,1087
321670,885,1087
321671,877,1088
321672,879,1094
321673,878,1099
321674,878,1102
321675,880,1101
321676,872,1099
321677,869,1100
321678,868,1104
321679,868,1108
321680,869,1111
321681,869,1111
321682,868,1110
321683,863,1113
321684,864,1117
321685,865,1120
321686,871,1122
321687,869,1125
321688,863,1125
321689,860,1125
321690,862,1131
321691,865,1133
321692,866,1137
321693,865,1138
321694,862,1138
321695,857,1140
321696,856,1144
321697,860,1149
321698,865,1152
321699,862,1153
321700,864,1152
321701,864,1153
321702,866,1154
321703,869,1160
321704,870,1162
321705,873,1161
321706,871,1160
321707,871,1163
321708,874,1163
321709,877,1166
321710,882,1169
321711,884,1167
321712,886,1166
321713,886,1164
321714,888,1166
321715,890,1166
321716,897,1167
321717,900,1160
321718,901,1156
321719,900,1151
321720,904,1151
321721,908,1149
321722,915,1146
321723,917,1139
321724,920,1133
321725,919,1128
321726,924,1126
321727,928,1124
321728,935,1119
321729,940,1112
321730,940,1107
321731,940,1099
321732,945,1098
321733,948,1098
321734,954,1093
321735,956,1087
321736,955,1080
321737,953,1077
321738,954,1075
321739,958,1072
321740,963,1072
321741,961,1066
321742,963,1059
321743,964,1058
321744,964,1058
321745,967,1058
321746,971,1052
321747,971,1050
321748,969,1046
321749,967,1043
321750,970,1042
321751,972,1046
321752,972,1046
321753,972,1044
321754,971,1042
321755,969,1043
321756,971,1043
321757,972,1046
321758,975,1050
321759,973,1053
321760,971,1048
321761,970,1046
321762,972,1047
321763,975,1044
321764,978,1042
321765,977,1039
321766,974,1035
321767,970,1033
321768,972,1035
321769,972,1037
321770,978,1038
321771,978,1037
321772,975,1037
321773,974,1035
321774,976,1038
321775,978,1041
321776,981,1041
321777,980,1035
321778,979,1034
321779,978,1031
321780,979,1032
321781,983,1035
321782,987,1036
321783,988,1034
321784,985,1031
321785,984,1030
321786,985,1032
321787,984,1036
321788,989,1037
321789,989,1032
321790,987,1029
321791,986,1030
321792,986,1032
321793,987,1034
321794,991,1034
321795,990,1037
321796,984,1033
321797,981,1032
321798,982,1034
321799,985,1032
321800,990,1032
321801,990,1027
321802,986,1026
321803,982,1024
321804,982,1025
321805,985,1031
321806,990,1030
321807,989,1032
321808,986,1029
321809,983,1030
321810,984,1029
321811,984,1033
321812,987,1034
321813,987,1030
321814,984,1026
321815,985,1025
321816,982,1028
321817,984,1030
321818,987,1031
321819,988,1029
321820,988,1029
321821,985,1028
321822,984,1028
321823,985,1028
321824,989,1031
321825,989,1030
321826,986,1026
321827,985,1027
321828,984,1028
321829,988,1032
321830,992,1031
321831,991,1030
321832,987,1028
321833,987,1026
321834,985,1028
321835,986,1030
321836,988,1029
321837,987,1027
321838,984,1025
321839,984,1024
321840,983,1029
321841,988,1031
321842,990,1031
321843,987,1030
321844,985,1028
321845,982,1029
321846,985,1032
321847,984,1031
321848,987,1033
321849,987,1033
321850,989,1031
321851,986,1029
321852,981,1031
321853,988,1035
321854,987,1036
321855,988,1035
321856,985,1033
321857,983,1031
321858,984,1034
321859,987,1033
321860,990,1035
321861,986,1032
321862,985,1029
321863,984,1028
321864,983,1028
321865,986,1032
321866,989,1033
321867,989,1031
321868,987,1027
321869,983,1028
321870,984,1030
321871,988,1033
321872,989,1034
321873,988,1033
321874,986,1030
321875,985,1028
321876,983,1033
321877,987,1036
321878,990,1038
321879,989,1038
321880,986,1037
321881,984,1036
321882,984,1036
321883,988,1032
321884,991,1030
321885,991,1023
321886,991,1019
321887,987,1020
321888,987,1020
321889,987,1026
321890,990,1028
321891,990,1025
321892,988,1024
321893,986,1025
321894,988,1025
321895,991,1027
321896,992,1027
321897,992,1028
321898,989,1026
321899,989,1026
321900,987,1028
321901,988,1031
321902,993,1032
321903,995,1029
321904,993,1026
321905,990,1026
321906,992,1027
321907,994,1030
321908,992,1031
321909,993,1030
321910,988,1027
321911,988,1027
321912,984,1028
321913,989,1030
321914,991,1030
321915,991,1029
321916,989,1028
321917,986,1027
321918,988,1031
321919,987,1033
321920,992,1035
321921,991,1032
321922,986,1030
321923,984,1031
321924,985,1032
321925,988,1039
321926,991,1038
321927,992,1035
321928,989,1028
321929,984,1027
321930,985,1027
321931,990,1026
321932,994,1025
321933,993,1019
321934,992,1016
321935,991,1015
321936,991,1019
321937,998,1023
321938,1002,1027
321939,1000,1025
321940,997,1020
321941,992,1022
321942,995,1024
321943,997,1027
321944,996,1029
321945,997,1029
321946,994,1026
321947,992,1024
321948,992,1027
321949,994,1030
321950,999,1031
321951,996,1029
321952,992,1027
321953,991,1027
321954,991,1029
321955,994,1029
321956,997,1031
321957,997,1029
321958,995,1027
321959,994,1023
321960,994,1025
321961,999,1028
321962,1002,1033
321963,1002,1027
321964,1000,1025
321965,996,1021
321966,996,1019
321967,999,1023
321968,1002,1022
321969,1004,1021
321970,1004,1019
321971,1001,1018
321972,1003,1020
321973,1005,1021
321974,1010,1021
321975,1012,1017
321976,1017,1009
321977,1023,1010
321978,1037,1009
321979,1061,1009
321980,1087,1007
321981,1116,999
321982,1147,994
321983,1179,983
321984,1217,979
321985,1253,978
321986,1282,978
321987,1300,983
321988,1298,989
321989,1277,1002
321990,1234,1014
321991,1190,1021
321992,1143,1026
321993,1093,1031
321994,1044,1035
321995,1007,1037
321996,987,1043
321997,992,1047
321998,1002,1047
321999,1009,1038
322000,1001,1030
322001,994,1023
322002,992,1021
322003,992,1022
322004,993,1020
322005,989,1019
322006,983,1014
322007,976,1016
322008,977,1021
322009,979,1023
322010,982,1024
322011,982,1024
322012,978,1022
322013,976,1020
322014,974,1023
322015,976,1026
322016,978,1028
322017,979,1025
322018,973,1023
322019,971,1021
322020,971,1026
322021,971,1026
322022,977,1028
322023,976,1023
322024,973,1022
322025,968,1020
322026,968,1024
322027,971,1026
322028,974,1026
322029,974,1025
322030,973,1022
322031,971,1023
322032,970,1029
322033,974,1031
322034,972,1030
322035,972,1028
322036,970,1024
322037,969,1022
322038,969,1024
322039,971,1025
322040,975,1028
322041,978,1026
322042,974,1023
322043,972,1022
322044,973,1024
322045,977,1023
322046,982,1021
322047,980,1021
322048,980,1019
322049,977,1019
322050,977,1019
322051,981,1022
322052,982,1021
322053,987,1018
322054,984,1013
322055,985,1014
322056,986,1013
322057,986,1014
322058,993,1013
322059,993,1012
322060,990,1008
322061,993,1006
322062,993,1007
322063,996,1010
322064,998,1009
322065,996,1008
322066,1001,1004
322067,999,999
322068,997,1003
322069,1001,1005
322070,1006,1006
322071,1011,1003
322072,1006,997
322073,1004,998
322074,1005,1002
322075,1010,1005
322076,1011,1003
322077,1013,1002
322078,1014,1001
322079,1012,1001
322080,1015,1004
322081,1019,1007
322082,1024,1006
322083,1023,1007
322084,1022,1003
322085,1021,1002
322086,1021,1002
322087,1023,1006
322088,1026,1009
322089,1025,1006
322090,1024,1005
322091,1022,1004
322092,1018,1007
322093,1017,1012
322094,1020,1012
322095,1018,1011
322096,1015,1012
322097,1008,1014
322098,1009,1016
322099,1010,1018
322100,1014,1019
322101,1010,1019
322102,1005,1016
322103,1003,1019
322104,1002,1021
322105,1003,1023
322106,1006,1026
322107,1004,1025
322108,1000,1021
322109,999,1021
322110,998,1024
322111,998,1028
322112,1000,1028
322113,999,1027
322114,995,1025
322115,996,1027
322116,995,1027
322117,998,1029
322118,1002,1030
322119,997,1028
322120,994,1031
322121,991,1037
322122,990,1039
322123,996,1038
322124,998,1036
322125,998,1030
322126,994,1023
322127,996,1024
322128,996,1022
322129,998,1023
322130,1000,1022
322131,1001,1022
322132,1001,1022
322133,999,1019
322134,998,1022
322135,1000,1024
322136,1003,1027
322137,1000,1024
322138,1001,1023
322139,997,1025
322140,997,1025
322141,996,1030
322142,999,1032
322143,998,1027
322144,993,1024
322145,993,1023
322146,993,1027
322147,994,1029
322148,999,1032
322149,999,1029
322150,996,1027
322151,995,1024
322152,994,1027
322153,992,1032
322154,1000,1030
322155,998,1032
322156,997,1028
322157,996,1028
322158,997,1030
322159,997,1035
322160,1000,1033
322161,1003,1033
322162,1003,1029
322163,1000,1031
322164,999,1033
322165,1003,1037
322166,1004,1037
322167,1002,1035
322168,999,1033
322169,999,1031
322170,999,1034
322171,1001,1037
322172,1004,1037
322173,1002,1035
322174,999,1033
322175,1000,1028
322176,1000,1030
322177,1002,1031
322178,1003,1030
322179,1002,1027
322180,998,1024
322181,997,1023
322182,997,1026
322183,997,1028
322184,1000,1027
322185,997,1031
322186,997,1029
322187,996,1029
322188,994,1032
322189,996,1034
322190,1001,1031
322191,999,1032
322192,995,1027
322193,992,1024
322194,990,1024
322195,994,1029
322196,996,1027
322197,993,1028
322198,993,1023
322199,990,1027
322200,991,1025
322201,996,1028
322202,1008,1023
322203,1019,1022
322204,1032,1018
322205,1044,1014
322206,1069,1015
322207,1101,1017
322208,1138,1009
322209,1176,1001
322210,1211,994
322211,1245,992
322212,1277,999
322213,1296,1014
322214,1295,1031
322215,1265,1042
322216,1215,1042
322217,1154,1049
322218,1088,1060
322219,1034,1073
322220,992,1079
322221,968,1070
322222,962,1060
322223,970,1054
322224,977,1048
322225,986,1041
322226,989,1036
322227,988,1026
322228,981,1022
322229,976,1020
322230,976,1026
322231,977,1028
322232,976,1032
322233,974,1027
322234,968,1023
322235,968,1024
322236,965,1027
322237,969,1029
322238,967,1030
322239,964,1030
322240,962,1026
322241,961,1029
322242,963,1031
322243,962,1033
322244,966,1035
322245,964,1032
322246,960,1031
322247,956,1030
322248,955,1031
322249,957,1033
322250,960,1032
322251,959,1031
322252,954,1026
322253,951,1026
322254,952,1029
322255,954,1036
322256,955,1037
322257,957,1036
322258,955,1033
322259,954,1036
322260,953,1039
322261,955,1040
322262,962,1037
322263,962,1036
322264,961,1029
322265,960,1029
322266,958,1029
322267,961,1029
322268,966,1031
322269,968,1027
322270,966,1021
322271,964,1020
322272,967,1019
322273,971,1021
322274,976,1018
322275,974,1016
322276,972,1010
322277,971,1013
322278,972,1013
322279,976,1015
322280,977,1013
322281,978,1010
322282,975,1007
322283,977,1006
322284,977,1007
322285,980,1008
322286,981,1007
322287,979,1003
322288,978,1000
322289,978,998
322290,980,997
322291,984,1001
322292,987,999
322293,986,995
322294,986,992
322295,984,993
322296,982,992
322297,985,995
322298,989,994
322299,992,992
322300,989,988
322301,988,992
322302,990,992
322303,994,994
322304,998,997
322305,997,994
322306,995,992
322307,994,993
322308,992,997
322309,995,999
322310,999,1000
322311,1000,1001
322312,1000,1002
322313,995,1002
322314,992,1007
322315,994,1009
322316,998,1013
322317,994,1014
322318,989,1015
322319,983,1018
322320,986,1023
322321,989,1030
322322,992,1033
322323,986,1035
322324,983,1034
322325,980,1036
322326,977,1040
322327,979,1041
322328,981,1039
322329,978,1033
322330,973,1027
322331,970,1022
322332,972,1024
322333,975,1026
322334,976,1028
322335,974,1028
322336,970,1027
322337,967,1027
322338,968,1034
322339,973,1039
322340,975,1041
322341,973,1036
322342,971,1032
322343,970,1027
322344,968,1032
322345,972,1033
322346,976,1033
322347,973,1031
322348,974,1029
322349,971,1028
322350,974,1032
322351,976,1035
322352,978,1034
322353,977,1035
322354,977,1030
322355,975,1029
322356,974,1033
322357,978,1036
322358,976,1037
322359,976,1037
322360,975,1032
322361,974,1031
322362,974,1034
322363,978,1033
322364,980,1033
322365,977,1033
322366,977,1032
322367,976,1033
322368,979,1034
322369,981,1034
322370,981,1031
322371,977,1029
322372,979,1022
322373,977,1023
322374,977,1028
322375,978,1030
322376,981,1029
322377,980,1030
322378,977,1029
322379,972,1030
322380,978,1034
322381,980,1037
322382,980,1038
322383,976,1033
322384,975,1031
322385,972,1030
322386,973,1032
322387,975,1034
322388,973,1034
322389,975,1033
322390,975,1029
322391,973,1030
322392,971,1031
322393,974,1033
322394,977,1035
322395,977,1037
322396,975,1034
322397,973,1035
322398,972,1035
322399,975,1037
322400,973,1039
322401,976,1039
322402,972,1034
322403,970,1034
322404,968,1037
322405,969,1038
322406,973,1037
322407,972,1035
322408,970,1030
322409,968,1032
322410,968,1038
322411,969,1044
322412,975,1045
322413,974,1040
322414,969,1035
322415,969,1030
322416,968,1033
322417,973,1035
322418,975,1036
322419,974,1034
322420,972,1032
322421,971,1033
322422,971,1036
322423,975,1037
322424,974,1039
322425,973,1038
322426,971,1037
322427,968,1041
322428,968,1043
322429,972,1041
322430,974,1036
322431,974,1036
322432,974,1035
322433,970,1034
322434,970,1036
322435,970,1035
322436,969,1033
322437,975,1032
322438,972,1026
322439,970,1026
322440,969,1031
322441,970,1034
322442,975,1036
322443,976,1033
322444,975,1029
322445,972,1028
322446,972,1031
322447,975,1033
322448,979,1034
322449,977,1035
322450,976,1030
322451,973,1031
322452,975,1033
322453,979,1036
322454,982,1033
322455,981,1033
322456,980,1032
322457,975,1033
322458,978,1033
322459,981,1034
322460,989,1031
322461,994,1025
322462,1007,1019
322463,1017,1014
322464,1038,1014
322465,1063,1014
322466,1096,1003
322467,1130,993
322468,1161,979
322469,1192,974
322470,1227,973
322471,1251,987
322472,1256,1000
322473,1233,1013
322474,1185,1016
322475,1124,1022
322476,1068,1032
322477,1020,1048
322478,983,1064
322479,955,1068
322480,952,1064
322481,958,1054
322482,971,1043
322483,980,1034
322484,985,1027
322485,978,1021
322486,970,1019
322487,964,1020
322488,962,1022
322489,960,1026
322490,964,1029
322491,959,1031
322492,953,1030
322493,950,1032
322494,952,1036
322495,954,1041
322496,961,1042
322497,960,1037
322498,958,1027
322499,952,1022
322500,956,1023
322501,959,1027
322502,960,1031
322503,955,1030
322504,954,1033
322505,951,1032
322506,955,1035
322507,959,1036
322508,960,1035
322509,960,1033
322510,957,1032
322511,958,1029
322512,958,1031
322513,956,1032
322514,962,1034
322515,961,1033
322516,959,1029
322517,957,1025
322518,956,1030
322519,963,1029
322520,964,1026
322521,961,1026
322522,962,1021
322523,957,1022
322524,957,1023
322525,961,1027
322526,962,1026
322527,966,1023
322528,965,1022
322529,961,1021
322530,960,1024
322531,965,1026
322532,968,1026
322533,970,1021
322534,965,1018
322535,965,1016
322536,968,1019
322537,967,1020
322538,970,1018
322539,971,1019
322540,970,1010
322541,967,1009
322542,970,1009
322543,973,1009
322544,974,1009
322545,974,1006
322546,969,1003
322547,967,1002
322548,970,1004
322549,977,1008
322550,984,1011
322551,989,1008
322552,988,1003
322553,986,1003
322554,985,1005
322555,990,1007
322556,994,1007
322557,992,1002
322558,988,1001
322559,986,999
322560,994,1002
322561,996,1003
322562,998,1001
322563,999,1001
322564,1001,996
322565,997,993
322566,1002,990
322567,1005,989
322568,1009,987
322569,1008,987
322570,1005,986
322571,1001,989
322572,1004,992
322573,1006,997
322574,1005,998
322575,1005,998
322576,1002,999
322577,997,998
322578,997,1004
322579,997,1009
322580,1000,1011
322581,1001,1013
322582,998,1012
322583,996,1015
322584,994,1020
322585,994,1024
322586,995,1027
322587,992,1024
322588,988,1029
322589,982,1030
322590,983,1031
322591,986,1036
322592,987,1040
322593,984,1037
322594,979,1038
322595,973,1039
322596,976,1039
322597,979,1042
322598,979,1041
322599,979,1043
322600,976,1039
322601,976,1038
322602,971,1036
322603,975,1039
322604,977,1040
322605,975,1034
322606,971,1030
322607,972,1029
322608,973,1029
322609,977,1032
322610,982,1031
322611,984,1028
322612,982,1021
322613,980,1019
322614,981,1020
322615,983,1021
322616,984,1024
322617,979,1023
322618,981,1019
322619,981,1018
322620,982,1023
322621,982,1026
322622,986,1028
322623,987,1025
322624,992,1021
322625,990,1021
322626,991,1025
322627,993,1028
322628,996,1028
322629,995,1026
322630,994,1023
322631,988,1022
322632,985,1025
322633,989,1026
322634,992,1029
322635,990,1025
322636,989,1026
322637,986,1027
322638,983,1029
322639,987,1029
322640,992,1028
322641,991,1025
322642,987,1023
322643,984,1021
322644,983,1023
322645,983,1026
322646,988,1026
322647,986,1025
322648,985,1023
322649,981,1023
322650,979,1025
322651,983,1032
322652,984,1033
322653,984,1031
322654,979,1029
322655,976,1027
322656,982,1028
322657,982,1031
322658,985,1031
322659,985,1033
322660,980,1028
322661,980,1030
322662,977,1032
322663,978,1035
322664,981,1032
322665,980,1032
322666,976,1029
322667,976,1030
322668,976,1033
322669,983,1040
322670,985,1037
322671,986,1035
322672,981,1030
322673,978,1031
322674,982,1031
322675,981,1030
322676,984,1030
322677,983,1028
322678,980,1026
322679,977,1025
322680,975,1030
322681,980,1031
322682,982,1032
322683,980,1033
322684,978,1030
322685,977,1031
322686,978,1031
322687,978,1030
322688,980,1032
322689,978,1032
322690,976,1032
322691,972,1036
322692,976,1034
322693,982,1037
322694,987,1033
322695,988,1023
322696,987,1016
322697,985,1017
322698,992,1019
322699,996,1021
322700,1004,1023
322701,1012,1020
322702,1018,1014
322703,1029,1012
322704,1048,1012
322705,1074,1014
322706,1105,1007
322707,1144,991
322708,1177,978
322709,1211,971
322710,1245,975
322711,1274,982
322712,1290,1000
322713,1278,1013
322714,1243,1021
322715,1192,1021
322716,1132,1023
322717,1074,1035
322718,1026,1044
322719,983,1049
322720,958,1051
322721,954,1055
322722,964,1051
322723,973,1048
322724,983,1038
322725,985,1032
322726,981,1024
322727,974,1023
322728,971,1029
322729,972,1034
322730,975,1035
322731,970,1036
322732,963,1033
322733,960,1033
322734,959,1031
322735,958,1035
322736,962,1034
322737,960,1031
322738,956,1028
322739,955,1030
322740,960,1031
322741,961,1030
322742,964,1031
322743,962,1031
322744,958,1031
322745,957,1034
322746,957,1035
322747,958,1042
322748,961,1039
322749,958,1035
322750,957,1029
322751,956,1027
322752,955,1030
322753,958,1033
322754,963,1031
322755,959,1026
322756,956,1020
322757,954,1019
322758,955,1023
322759,961,1022
322760,965,1024
322761,967,1025
322762,962,1025
322763,959,1023
322764,961,1027
322765,962,1033
322766,965,1034
322767,963,1032
322768,963,1027
322769,960,1028
322770,962,1028
322771,968,1032
322772,969,1033
322773,967,1030
322774,964,1029
322775,962,1028
322776,964,1028
322777,969,1028
322778,971,1027
322779,971,1027
322780,971,1025
322781,969,1026
322782,968,1028
322783,973,1031
322784,973,1031
322785,971,1024
322786,971,1021
322787,970,1016
322788,970,1017
322789,976,1016
322790,980,1014
322791,978,1009
322792,977,1005
322793,975,1004
322794,977,1002
322795,979,1002
322796,981,1000
322797,980,997
322798,978,994
322799,976,996
322800,981,993
322801,983,992
322802,987,990
322803,986,989
322804,985,985
322805,982,986
322806,985,991
322807,987,994
322808,989,995
322809,990,994
322810,987,994
322811,988,993
322812,989,994
322813,992,996
322814,994,995
322815,993,996
322816,990,995
322817,990,996
322818,989,999
322819,991,1004
322820,996,1004
322821,995,1005
322822,995,1006
322823,994,1011
322824,993,1018
322825,991,1021
322826,990,1028
322827,986,1034
322828,981,1035
322829,978,1036
322830,982,1036
322831,978,1036
322832,980,1034
322833,982,1035
322834,978,1030
322835,977,1030
322836,975,1033
322837,975,1039
322838,976,1044
322839,975,1043
322840,972,1043
322841,971,1043
322842,969,1043
322843,975,1045
322844,975,1042
322845,979,1039
322846,976,1034
322847,972,1034
322848,971,1038
322849,974,1039
322850,977,1039
322851,978,1035
322852,976,1033
322853,975,1035
322854,975,1036
322855,976,1037
322856,978,1033
322857,975,1034
322858,973,1033
322859,972,1035
322860,973,1037
322861,975,1039
322862,979,1039
322863,980,1039
322864,977,1034
322865,973,1032
322866,974,1033
322867,979,1036
322868,982,1038
322869,979,1040
322870,979,1033
322871,975,1031
322872,974,1029
322873,980,1030
322874,980,1029
322875,980,1028
322876,981,1026
322877,976,1027
322878,979,1029
322879,983,1031
322880,986,1033
322881,984,1033
322882,981,1032
322883,974,1032
322884,975,1032
322885,978,1034
322886,982,1033
322887,981,1033
322888,977,1032
322889,975,1036
322890,977,1037
322891,979,1039
322892,981,1033
322893,981,1028
322894,981,1026
322895,979,1026
322896,980,1030
322897,978,1033
322898,977,1034
322899,980,1034
322900,975,1033
322901,976,1031
322902,976,1031
322903,977,1032
322904,981,1032
322905,982,1032
322906,982,1030
322907,976,1031
322908,975,1033
322909,977,1033
322910,980,1034
322911,979,1032
322912,978,1032
322913,971,1033
322914,974,1037
322915,978,1039
322916,984,1039
322917,982,1034
322918,980,1032
322919,975,1030
322920,979,1028
322921,986,1029
322922,995,1032
322923,1007,1033
322924,1021,1032
322925,1036,1031
322926,1059,1030
322927,1096,1025
322928,1135,1013
322929,1170,998
322930,1207,989
322931,1242,990
322932,1275,1000
322933,1290,1020
322934,1277,1032
322935,1234,1036
322936,1173,1036
322937,1103,1044
322938,1045,1057
322939,1005,1065
322940,979,1068
322941,969,1065
322942,966,1055
322943,975,1045
322944,988,1039
322945,991,1033
322946,990,1031
322947,983,1028
322948,975,1026
322949,966,1026
322950,964,1030
322951,967,1035
322952,966,1036
322953,962,1032
322954,953,1030
322955,954,1031
322956,959,1034
322957,960,1039
322958,958,1035
322959,955,1032
322960,951,1029
322961,951,1029
322962,951,1034
322963,955,1035
322964,958,1035
322965,962,1029
322966,959,1026
322967,950,1027
322968,945,1027
322969,946,1030
322970,949,1030
322971,950,1034
322972,945,1031
322973,943,1033
322974,944,1034
322975,951,1033
322976,955,1034
322977,954,1032
322978,948,1031
322979,946,1034
322980,951,1035
322981,954,1035
322982,959,1031
322983,957,1026
322984,956,1022
322985,955,1019
322986,956,1017
322987,957,1020
322988,957,1019
322989,953,1016
322990,950,1012
322991,947,1013
322992,947,1015
322993,950,1015
322994,954,1015
322995,956,1014
322996,955,1011
322997,953,1010
322998,951,1011
322999,953,1014
323000,955,1014
323001,958,1012
323002,952,1008
323003,952,1007
323004,953,1007
323005,957,1006
323006,962,1001
323007,960,995
323008,957,990
323009,955,989
323010,956,989
323011,961,990
323012,967,990
323013,968,988
323014,969,986
323015,971,984
323016,973,986
323017,972,986
323018,975,985
323019,971,982
323020,973,979
323021,967,978
323022,972,983
323023,982,984
323024,986,984
323025,987,983
323026,986,982
323027,987,986
323028,983,988
323029,985,992
323030,991,993
323031,989,994
323032,989,994
323033,985,996
323034,985,999
323035,986,1004
323036,989,1002
323037,990,1002
323038,985,1001
323039,981,1005
323040,982,1010
323041,979,1014
323042,980,1020
323043,980,1019
323044,975,1019
323045,972,1019
323046,970,1025
323047,970,1030
323048,974,1030
323049,972,1028
323050,969,1025
323051,962,1028
323052,964,1030
323053,966,1031
323054,966,1028
323055,967,1026
323056,965,1022
323057,962,1023
323058,962,1024
323059,967,1030
323060,970,1029
323061,970,1030
323062,969,1031
323063,967,1034
323064,968,1038
323065,970,1042
323066,973,1041
323067,970,1041
323068,965,1037
323069,965,1038
323070,966,1040
323071,970,1045
323072,971,1044
323073,971,1043
323074,970,1041
323075,970,1040
323076,970,1040
323077,973,1040
323078,976,1038
323079,976,1033
323080,974,1030
323081,971,1033
323082,974,1034
323083,977,1035
323084,979,1035
323085,978,1029
323086,974,1022
323087,973,1023
323088,971,1026
323089,973,1030
323090,972,1034
323091,971,1032
323092,970,1029
323093,971,1034
323094,970,1035
323095,974,1034
323096,977,1033
323097,976,1033
323098,973,1029
323099,969,1028
323100,972,1032
323101,977,1035
323102,981,1035
323103,980,1029
323104,976,1024
323105,978,1022
323106,978,1024
323107,980,1033
323108,983,1035
323109,980,1034
323110,977,1034
323111,973,1034
323112,969,1036
323113,969,1034
323114,976,1035
323115,977,1036
323116,974,1033
323117,971,1032
323118,969,1034
323119,972,1035
323120,977,1034
323121,977,1031
323122,974,1024
323123,972,1025
323124,972,1030
323125,974,1031
323126,975,1032
323127,972,1030
323128,970,1029
323129,966,1030
323130,969,1032
323131,972,1031
323132,976,1033
323133,972,1031
323134,971,1030
323135,971,1030
323136,974,1029
323137,977,1028
323138,979,1028
323139,976,1022
323140,975,1023
323141,971,1024
323142,971,1022
323143,975,1026
323144,978,1028
323145,980,1024
323146,977,1022
323147,979,1019
323148,984,1020
323149,993,1022
323150,1004,1019
323151,1015,1017
323152,1025,1008
323153,1039,1008
323154,1058,1009
323155,1086,1008
323156,1115,999
323157,1147,991
323158,1180,985
323159,1211,987
323160,1242,997
323161,1265,1016
323162,1272,1035
323163,1253,1045
323164,1212,1046
323165,1164,1048
323166,1106,1051
323167,1046,1062
323168,997,1075
323169,955,1086
323170,936,1093
323171,939,1098
323172,947,1092
323173,955,1083
323174,965,1073
323175,971,1061
323176,972,1047
323177,972,1043
323178,968,1039
323179,965,1040
323180,961,1039
323181,962,1037
323182,961,1036
323183,956,1035
323184,956,1039
323185,953,1041
323186,957,1037
323187,956,1035
323188,952,1030
323189,950,1028
323190,949,1030
323191,952,1034
323192,955,1030
323193,957,1032
323194,953,1029
323195,951,1027
323196,956,1030
323197,958,1029
323198,959,1025
323199,955,1027
323200,950,1025
323201,948,1027
323202,948,1031
323203,952,1038
323204,959,1036
323205,955,1031
323206,955,1028
323207,953,1027
323208,954,1025
323209,959,1027
323210,959,1026
323211,959,1024
323212,955,1021
323213,953,1019
323214,953,1020
323215,955,1021
323216,960,1019
323217,960,1015
323218,960,1009
323219,953,1010
323220,954,1011
323221,958,1016
323222,958,1013
323223,960,1012
323224,953,1006
323225,952,1006
323226,952,1010
323227,958,1012
323228,962,1013
323229,961,1011
323230,959,1009
323231,960,1006
323232,959,1007
323233,966,1008
323234,969,1009
323235,970,1007
323236,970,1004
323237,965,997
323238,969,995
323239,972,995
323240,977,992
323241,977,989
323242,973,988
323243,970,986
323244,974,990
323245,975,993
323246,981,992
323247,981,990
323248,981,985
323249,979,986
323250,979,989
323251,984,992
323252,989,992
323253,987,986
323254,984,986
323255,985,985
323256,988,989
323257,989,990
323258,998,992
323259,1001,991
323260,993,991
323261,996,991
323262,993,995
323263,999,995
323264,1002,996
323265,1002,995
323266,998,992
323267,996,994
323268,998,997
323269,999,1005
323270,1004,1008
323271,1002,1007
323272,998,1012
323273,994,1014
323274,995,1020
323275,996,1026
323276,998,1028
323277,995,1023
323278,995,1019
323279,995,1016
323280,997,1020
323281,994,1023
323282,995,1026
323283,992,1028
323284,986,1028
323285,984,1027
323286,983,1031
323287,984,1035
323288,987,1035
323289,990,1031
323290,987,1031
323291,985,1031
323292,984,1033
323293,987,1037
323294,991,1039
323295,989,1035
323296,988,1036
323297,986,1037
323298,988,1040
323299,992,1040
323300,996,1039
323301,995,1036
323302,992,1035
323303,993,1037
323304,996,1039
323305,997,1043
323306,1002,1043
323307,1001,1040
323308,1001,1038
323309,1000,1035
323310,1002,1032
323311,1006,1031
323312,1009,1028
323313,1008,1029
323314,1008,1027
323315,1008,1031
323316,1011,1033
323317,1018,1036
323318,1025,1034
323319,1024,1034
323320,1028,1033
323321,1029,1037
323322,1035,1044
323323,1041,1050
323324,1052,1052
323325,1066,1046
323326,1075,1031
323327,1089,1015
323328,1104,1001
323329,1120,986
323330,1136,975
323331,1149,963
323332,1163,948
323333,1176,934
323334,1195,914
323335,1213,894
323336,1233,871
323337,1244,854
323338,1253,840
323339,1261,831
323340,1264,825
323341,1267,824
323342,1268,823
323343,1265,822
323344,1261,821
323345,1254,819
323346,1242,818
323347,1232,821
323348,1217,824
323349,1198,826
323350,1176,826
323351,1155,834
323352,1135,844
323353,1117,855
323354,1100,867
323355,1082,878
323356,1069,884
323357,1064,898
323358,1063,912
323359,1062,928
323360,1059,937
323361,1051,942
323362,1052,944
323363,1058,953
323364,1073,965
323365,1088,977
323366,1102,976
323367,1105,973
323368,1088,974
323369,1059,986
323370,1017,999
323371,987,1019
323372,968,1030
323373,954,1043
323374,949,1059
323375,943,1071
323376,941,1084
323377,939,1087
323378,937,1088
323379,931,1088
323380,924,1085
323381,923,1089
323382,921,1096
323383,921,1103
323384,922,1104
323385,917,1103
323386,916,1104
323387,910,1105
323388,911,1106
323389,911,1109
323390,914,1109
323391,910,1109
323392,909,1111
323393,906,1114
323394,905,1123
323395,906,1122
323396,909,1123
323397,904,1121
323398,902,1122
323399,899,1125
323400,896,1134
323401,897,1140
323402,901,1139
323403,899,1138
323404,895,1139
323405,892,1142
323406,891,1145
323407,895,1149
323408,897,1150
323409,896,1151
323410,892,1148
323411,889,1154
323412,890,1159
323413,892,1162
323414,895,1165
323415,896,1168
323416,892,1170
323417,891,1173
323418,893,1174
323419,897,1180
323420,899,1183
323421,901,1183
323422,899,1181
323423,900,1186
323424,903,1192
323425,907,1197
323426,910,1194
323427,911,1195
323428,913,1191
323429,912,1191
323430,917,1193
323431,924,1195
323432,929,1192
323433,931,1187
323434,934,1183
323435,935,1174
323436,943,1170
323437,947,1168
323438,955,1164
323439,960,1158
323440,953,1151
323441,956,1147
323442,962,1146
323443,968,1142
323444,972,1137
323445,970,1130
323446,969,1122
323447,968,1120
323448,970,1113
323449,975,1113
323450,978,1109
323451,980,1107
323452,978,1103
323453,980,1099
323454,981,1094
323455,981,1091
323456,986,1084
323457,983,1077
323458,978,1070
323459,975,1066
323460,978,1065
323461,979,1065
323462,981,1065
323463,982,1062
323464,979,1059
323465,978,1058
323466,979,1057
323467,982,1057
323468,982,1054
323469,981,1051
323470,980,1047
323471,978,1050
323472,979,1053
323473,983,1051
323474,984,1046
323475,985,1045
323476,984,1039
323477,978,1043
323478,981,1047
323479,982,1050
323480,985,1048
323481,984,1048
323482,984,1042
323483,984,1043
323484,985,1041
323485,990,1043
323486,992,1040
323487,991,1038
323488,990,1034
323489,985,1033
323490,988,1036
323491,990,1037
323492,993,1036
323493,994,1036
323494,993,1034
323495,989,1038
323496,991,1043
323497,994,1046
323498,997,1045
323499,995,1044
323500,993,1042
323501,990,1043
323502,991,1041
323503,992,1041
323504,998,1040
323505,996,1034
323506,993,1033
323507,992,1030
323508,991,1035
323509,991,1038
323510,994,1038
323511,993,1037
323512,989,1037
323513,987,1035
323514,990,1040
323515,993,1039
323516,998,1036
323517,996,1031
323518,991,1030
323519,991,1033
323520,990,1036
323521,992,1037
323522,992,1031
323523,991,1031
323524,991,1027
323525,988,1029
323526,991,1033
323527,997,1034
323528,997,1035
323529,993,1034
323530,989,1033
323531,988,1033
323532,990,1035
323533,994,1037
323534,997,1031
323535,995,1029
323536,991,1025
323537,989,1023
323538,994,1023
323539,1000,1028
323540,1003,1028
323541,998,1028
323542,998,1026
323543,997,1027
323544,996,1031
323545,995,1031
323546,999,1031
323547,999,1029
323548,994,1029
323549,993,1026
323550,992,1032
323551,995,1036
323552,997,1034
323553,997,1033
323554,995,1030
323555,991,1032
323556,991,1034
323557,991,1036
323558,996,1034
323559,995,1027
323560,994,1025
323561,994,1027
323562,994,1032
323563,997,1036
323564,999,1035
323565,996,1035
323566,994,1031
323567,995,1029
323568,997,1030
323569,999,1031
323570,1002,1030
323571,1000,1029
323572,997,1028
323573,992,1028
323574,993,1029
323575,993,1031
323576,994,1033
323577,993,1034
323578,990,1034
323579,989,1035
323580,991,1034
323581,996,1032
323582,1002,1031
323583,999,1027
323584,996,1026
323585,992,1027
323586,994,1031
323587,997,1032
323588,1002,1031
323589,1000,1029
323590,997,1027
323591,996,1023
323592,995,1023
323593,998,1025
323594,999,1027
323595,997,1025
323596,993,1024
323597,990,1025
323598,994,1029
323599,994,1033
323600,996,1033
323601,997,1028
323602,993,1026
323603,993,1025
323604,991,1027
323605,995,1031
323606,999,1028
323607,995,1027
323608,991,1027
323609,989,1030
323610,993,1028
323611,996,1029
323612,998,1025
323613,996,1024
323614,993,1023
323615,989,1024
323616,989,1026
323617,993,1030
323618,995,1034
323619,992,1039
323620,992,1033
323621,992,1032
323622,996,1030
323623,997,1032
323624,1003,1033
323625,999,1031
323626,998,1029
323627,995,1031
323628,997,1031
323629,1000,1035
323630,1001,1030
323631,1001,1024
323632,998,1024
323633,999,1023
323634,1000,1026
323635,1001,1028
323636,1002,1027
323637,1003,1029
323638,1001,1027
323639,998,1026
323640,1000,1030
323641,1003,1032
323642,1006,1030
323643,1005,1027
323644,1004,1024
323645,1002,1024
323646,1001,1027
323647,1006,1027
323648,1009,1028
323649,1005,1026
323650,1003,1026
323651,1003,1028
323652,1005,1030
323653,1008,1035
323654,1008,1036
323655,1005,1032
323656,1004,1027
323657,1002,1025
323658,1002,1031
323659,1005,1030
323660,1004,1030
323661,1005,1027
323662,1001,1028
323663,1000,1026
323664,1001,1029
323665,1001,1033
323666,1003,1032
323667,1001,1027
323668,1001,1023
323669,997,1026
323670,999,1030
323671,1000,1033
323672,1003,1035
323673,1003,1031
323674,1000,1026
323675,998,1028
323676,1000,1032
323677,999,1032
323678,1007,1034
323679,1006,1030
323680,1006,1029
323681,1005,1028
323682,1008,1031
323683,1010,1032
323684,1010,1031
323685,1011,1030
323686,1013,1028
323687,1016,1026
323688,1029,1023
323689,1043,1019
323690,1062,1014
323691,1083,1007
323692,1110,998
323693,1139,994
323694,1176,986
323695,1212,978
323696,1245,971
323697,1274,969
323698,1297,976
323699,1301,991
323700,1276,1005
323701,1233,1013
323702,1177,1020
323703,1122,1024
323704,1071,1029
323705,1027,1039
323706,1001,1043
323707,997,1043
323708,1005,1035
323709,1015,1028
323710,1016,1018
323711,1012,1020
323712,1009,1018
323713,1005,1024
323714,1006,1025
323715,1001,1023
323716,997,1021
323717,990,1023
323718,992,1024
323719,997,1028
323720,996,1030
323721,995,1027
323722,991,1026
323723,991,1030
323724,992,1032
323725,991,1036
323726,995,1034
323727,992,1030
323728,986,1030
323729,988,1030
323730,988,1031
323731,989,1035
323732,987,1038
323733,988,1037
323734,983,1036
323735,984,1031
323736,984,1034
323737,987,1038
323738,993,1037
323739,989,1038
323740,988,1036
323741,986,1034
323742,989,1038
323743,988,1038
323744,987,1035
323745,985,1032
323746,982,1031
323747,981,1035
323748,984,1038
323749,985,1041
323750,990,1040
323751,988,1033
323752,984,1032
323753,983,1028
323754,983,1029
323755,987,1033
323756,990,1032
323757,989,1032
323758,989,1029
323759,987,1028
323760,990,1027
323761,995,1029
323762,998,1026
323763,999,1024
323764,996,1020
323765,993,1014
323766,995,1012
323767,998,1017
323768,1000,1019
323769,1003,1014
323770,997,1015
323771,999,1016
323772,1001,1014
323773,1006,1016
323774,1006,1012
323775,1008,1007
323776,1006,1002
323777,1005,1000
323778,1006,1001
323779,1009,1002
323780,1013,1000
323781,1014,999
323782,1009,998
323783,1009,996
323784,1008,1002
323785,1014,1003
323786,1019,1002
323787,1019,998
323788,1015,997
323789,1022,999
323790,1027,1000
323791,1031,1003
323792,1034,1005
323793,1033,1007
323794,1032,1004
323795,1034,1001
323796,1037,1001
323797,1041,1003
323798,1042,1002
323799,1041,1002
323800,1041,1002
323801,1037,1006
323802,1040,1011
323803,1042,1016
323804,1043,1014
323805,1040,1010
323806,1038,1006
323807,1036,1005
323808,1036,1010
323809,1036,1014
323810,1036,1017
323811,1036,1020
323812,1030,1020
323813,1024,1025
323814,1025,1032
323815,1024,1035
323816,1026,1035
323817,1022,1029
323818,1020,1025
323819,1014,1026
323820,1016,1031
323821,1016,1031
323822,1017,1031
323823,1016,1027
323824,1012,1027
323825,1010,1027
323826,1008,1025
323827,1011,1028
323828,1012,1026
323829,1008,1024
323830,1006,1023
323831,1004,1025
323832,1007,1029
323833,1010,1031
323834,1010,1032
323835,1006,1033
323836,1003,1031
323837,1003,1033
323838,1003,1035
323839,1008,1039
323840,1008,1037
323841,1007,1037
323842,1003,1035
323843,1002,1034
323844,1004,1035
323845,1007,1037
323846,1011,1037
323847,1008,1032
323848,1005,1031
323849,1004,1033
323850,1003,1034
323851,1004,1039
323852,1008,1041
323853,1007,1038
323854,1006,1033
323855,1003,1032
323856,1007,1034
323857,1005,1034
323858,1005,1037
323859,1004,1034
323860,1005,1026
323861,1003,1026
323862,1001,1023
323863,1002,1024
323864,1003,1022
323865,1002,1021
323866,999,1021
323867,999,1021
323868,1003,1024
323869,1006,1024
323870,1006,1024
323871,1002,1022
323872,1000,1019
323873,997,1020
323874,998,1023
323875,1002,1026
323876,1004,1027
323877,1003,1025
323878,1000,1023
323879,999,1025
323880,1000,1027
323881,1002,1029
323882,1001,1031
323883,998,1030
323884,994,1026
323885,993,1027
323886,997,1028
323887,999,1038
323888,1002,1037
323889,1002,1034
323890,999,1030
323891,996,1030
323892,999,1031
323893,1001,1032
323894,1003,1032
323895,1001,1031
323896,998,1030
323897,995,1035
323898,997,1038
323899,1001,1038
323900,1002,1036
323901,1001,1032
323902,996,1030
323903,993,1031
323904,998,1034
323905,1000,1037
323906,1004,1035
323907,1003,1036
323908,998,1030
323909,997,1031
323910,999,1033
323911,999,1033
323912,1003,1032
323913,1003,1034
323914,999,1028
323915,998,1032
323916,999,1033
323917,999,1038
323918,1004,1035
323919,1001,1033
323920,992,1030
323921,992,1031
323922,996,1035
323923,999,1037
323924,1002,1036
323925,999,1033
323926,995,1028
323927,991,1029
323928,992,1031
323929,996,1035
323930,1000,1033
323931,995,1033
323932,997,1028
323933,995,1033
323934,994,1034
323935,997,1039
323936,1000,1038
323937,999,1032
323938,996,1027
323939,995,1028
323940,995,1029
323941,997,1031
323942,1003,1031
323943,1001,1030
323944,1000,1029
323945,998,1030
323946,999,1031
323947,1000,1039
323948,1003,1038
323949,1002,1038
323950,1000,1038
323951,1000,1038
323952,1002,1038
323953,1008,1038
323954,1009,1034
323955,1004,1034
323956,1004,1030
323957,1003,1029
323958,1006,1032
323959,1008,1031
323960,1009,1031
323961,1009,1030
323962,1007,1028
323963,1004,1027
323964,1010,1029
323965,1016,1026
323966,1024,1023
323967,1028,1018
323968,1040,1014
323969,1052,1012
323970,1073,1014
323971,1100,1011
323972,1128,998
323973,1159,986
323974,1189,976
323975,1224,978
323976,1253,989
323977,1272,1007
323978,1272,1023
323979,1247,1031
323980,1204,1034
323981,1151,1037
323982,1096,1048
323983,1047,1065
323984,1007,1080
323985,979,1088
323986,971,1090
323987,977,1088
323988,985,1077
323989,994,1066
323990,1001,1053
323991,1002,1043
323992,1001,1037
323993,997,1032
323994,997,1034
323995,996,1034
323996,999,1033
323997,998,1031
323998,996,1028
323999,996,1029
324000,991,1031
324001,994,1031
324002,995,1031
324003,994,1028
324004,990,1026
324005,988,1028
324006,987,1032
324007,988,1035
324008,985,1035
324009,983,1032
324010,981,1033
324011,980,1035
324012,981,1036
324013,987,1038
324014,989,1035
324015,987,1033
324016,984,1033
324017,985,1032
324018,987,1036
324019,990,1039
324020,994,1036
324021,991,1031
324022,986,1028
324023,987,1030
324024,988,1034
324025,990,1036
324026,995,1033
324027,993,1029
324028,989,1025
324029,988,1024
324030,990,1027
324031,990,1024
324032,993,1022
324033,988,1018
324034,989,1019
324035,989,1017
324036,989,1020
324037,992,1020
324038,993,1021
324039,995,1016
324040,992,1012
324041,992,1012
324042,994,1014
324043,997,1015
324044,998,1013
324045,998,1009
324046,997,1006
324047,996,1004
324048,999,1008
324049,1000,1007
324050,1000,1004
324051,1003,999
324052,1000,995
324053,1002,995
324054,1000,996
324055,1001,998
324056,1004,997
324057,1002,999
324058,1001,993
324059,1000,994
324060,1002,993
324061,1004,995
324062,1010,991
324063,1007,985
324064,1006,985
324065,1009,984
324066,1012,986
324067,1011,988
324068,1014,989
324069,1012,987
324070,1012,981
324071,1015,985
324072,1018,988
324073,1021,987
324074,1021,990
324075,1020,987
324076,1020,988
324077,1021,992
324078,1022,995
324079,1023,998
324080,1020,1001
324081,1019,1003
324082,1017,1002
324083,1020,1005
324084,1022,1009
324085,1026,1013
324086,1024,1015
324087,1025,1017
324088,1024,1020
324089,1022,1024
324090,1019,1024
324091,1022,1026
324092,1023,1024
324093,1026,1024
324094,1023,1022
324095,1014,1026
324096,1012,1030
324097,1018,1035
324098,1022,1037
324099,1021,1036
324100,1019,1033
324101,1015,1035
324102,1013,1039
324103,1017,1042
324104,1021,1041
324105,1018,1040
324106,1015,1038
324107,1016,1039
324108,1017,1041
324109,1019,1043
324110,1019,1039
324111,1020,1037
324112,1020,1034
324113,1021,1039
324114,1027,1040
324115,1035,1043
324116,1041,1045
324117,1043,1047
324118,1042,1047
324119,1045,1049
324120,1055,1049
324121,1066,1048
324122,1079,1042
324123,1089,1026
324124,1104,1012
324125,1111,997
324126,1124,987
324127,1143,973
324128,1159,961
324129,1173,944
324130,1187,925
324131,1202,904
324132,1224,884
324133,1244,865
324134,1264,848
324135,1280,837
324136,1291,824
324137,1290,821
324138,1287,827
324139,1288,835
324140,1289,839
324141,1286,835
324142,1277,835
324143,1262,836
324144,1246,841
324145,1227,845
324146,1206,852
324147,1181,858
324148,1154,868
324149,1132,880
324150,1114,894
324151,1104,910
324152,1098,923
324153,1093,935
324154,1088,946
324155,1083,957
324156,1080,971
324157,1080,977
324158,1082,985
324159,1085,989
324160,1090,990
324161,1096,990
324162,1099,990
324163,1092,995
324164,1067,1001
324165,1031,1005
324166,1002,1012
324167,981,1024
324168,972,1037
324169,972,1053
324170,969,1064
324171,965,1068
324172,958,1071
324173,950,1076
324174,947,1082
324175,943,1091
324176,939,1090
324177,937,1088
324178,931,1087
324179,929,1090
324180,930,1095
324181,931,1100
324182,933,1102
324183,926,1100
324184,924,1096
324185,920,1101
324186,921,1106
324187,920,1112
324188,923,1114
324189,923,1115
324190,920,1116
324191,918,1119
324192,910,1122
324193,918,1127
324194,917,1126
324195,916,1126
324196,912,1124
324197,910,1125
324198,909,1131
324199,911,1133
324200,912,1135
324201,908,1139
324202,906,1141
324203,902,1145
324204,902,1152
324205,905,1153
324206,907,1151
324207,903,1149
324208,901,1150
324209,901,1152
324210,901,1157
324211,906,1162
324212,908,1164
324213,909,1161
324214,908,1157
324215,907,1161
324216,914,1165
324217,917,1167
324218,919,1168
324219,917,1166
324220,915,1165
324221,916,1162
324222,920,1164
324223,925,1161
324224,931,1159
324225,930,1156
324226,927,1148
324227,931,1150
324228,936,1152
324229,944,1153
324230,951,1147
324231,954,1141
324232,957,1133
324233,957,1131
324234,961,1129
324235,968,1126
324236,974,1119
324237,976,1111
324238,976,1103
324239,977,1099
324240,985,1098
324241,990,1096
324242,993,1089
324243,994,1084
324244,993,1073
324245,994,1068
324246,995,1065
324247,1003,1066
324248,1004,1062
324249,1004,1060
324250,1004,1056
324251,1003,1054
324252,1004,1054
324253,1006,1052
324254,1007,1052
324255,1008,1048
324256,1009,1040
324257,1009,1036
324258,1014,1037
324259,1017,1041
324260,1019,1038
324261,1019,1037
324262,1016,1033
324263,1012,1033
324264,1015,1037
324265,1018,1036
324266,1019,1035
324267,1018,1034
324268,1014,1033
324269,1013,1033
324270,1016,1033
324271,1019,1034
324272,1020,1030
324273,1020,1026
324274,1018,1025
324275,1017,1026
324276,1017,1030
324277,1019,1035
324278,1022,1039
324279,1020,1043
324280,1019,1040
324281,1020,1039
324282,1022,1038
324283,1023,1037
324284,1028,1037
324285,1024,1034
324286,1023,1031
324287,1023,1034
324288,1025,1035
324289,1025,1036
324290,1027,1035
324291,1028,1033
324292,1027,1032
324293,1026,1033
324294,1028,1036
324295,1030,1041
324296,1029,1039
324297,1026,1038
324298,1025,1035
324299,1024,1035
324300,1024,1036
324301,1028,1041
324302,1031,1038
324303,1029,1038
324304,1026,1031
324305,1025,1028
324306,1024,1028
324307,1025,1031
324308,1025,1033
324309,1027,1032
324310,1025,1029
324311,1023,1030
324312,1025,1032
324313,1027,1033
324314,1030,1029
324315,1028,1028
324316,1025,1025
324317,1023,1029
324318,1026,1031
324319,1026,1034
324320,1027,1030
324321,1029,1024
324322,1027,1021
324323,1028,1022
324324,1027,1025
324325,1030,1032
324326,1031,1032
324327,1032,1033
324328,1029,1034
324329,1026,1037
324330,1029,1039
324331,1030,1036
324332,1028,1027
324333,1027,1021
324334,1023,1016
324335,1024,1017
324336,1027,1022
324337,1027,1027
324338,1027,1030
324339,1028,1027
324340,1024,1026
324341,1022,1030
324342,1021,1035
324343,1026,1036
324344,1023,1037
324345,1023,1034
324346,1020,1033
324347,1019,1034
324348,1023,1037
324349,1023,1039
324350,1024,1035
324351,1021,1035
324352,1016,1034
324353,1017,1030
324354,1022,1033
324355,1023,1034
324356,1023,1032
324357,1023,1032
324358,1021,1030
324359,1019,1029
324360,1020,1028
324361,1023,1032
324362,1023,1033
324363,1022,1032
324364,1021,1035
324365,1022,1034
324366,1024,1032
324367,1023,1033
324368,1029,1028
324369,1025,1026
324370,1025,1024
324371,1022,1029
324372,1024,1033
324373,1026,1033
324374,1031,1030
324375,1030,1026
324376,1026,1022
324377,1027,1023
324378,1032,1027
324379,1032,1031
324380,1035,1032
324381,1033,1028
324382,1029,1024
324383,1027,1027
324384,1027,1030
324385,1026,1033
324386,1030,1034
324387,1028,1031
324388,1027,1030
324389,1025,1031
324390,1024,1033
324391,1028,1036
324392,1028,1032
324393,1027,1029
324394,1023,1027
324395,1024,1023
324396,1024,1026
324397,1028,1030
324398,1032,1029
324399,1031,1027
324400,1028,1023
324401,1026,1027
324402,1026,1032
324403,1031,1036
324404,1031,1034
324405,1028,1031
324406,1026,1027
324407,1028,1026
324408,1030,1026
324409,1034,1028
324410,1034,1030
324411,1030,1030
324412,1029,1025
324413,1028,1025
324414,1029,1029
324415,1032,1030
324416,1036,1032
324417,1032,1030
324418,1030,1028
324419,1029,1029
324420,1030,1034
324421,1031,1038
324422,1035,1036
324423,1029,1033
324424,1028,1026
324425,1027,1023
324426,1029,1026
324427,1033,1026
324428,1035,1030
324429,1031,1032
324430,1030,1034
324431,1026,1029
324432,1032,1028
324433,1034,1028
324434,1036,1026
324435,1038,1024
324436,1036,1025
324437,1034,1024
324438,1032,1026
324439,1036,1027
324440,1036,1023
324441,1031,1024
324442,1030,1025
324443,1028,1027
324444,1028,1030
324445,1030,1033
324446,1035,1031
324447,1031,1029
324448,1032,1027
324449,1031,1027
324450,1032,1033
324451,1034,1036
324452,1035,1036
324453,1033,1030
324454,1028,1029
324455,1029,1029
324456,1034,1031
324457,1037,1034
324458,1037,1034
324459,1038,1033
324460,1035,1030
324461,1032,1032
324462,1038,1031
324463,1041,1033
324464,1044,1033
324465,1044,1031
324466,1042,1027
324467,1040,1027
324468,1039,1029
324469,1043,1031
324470,1046,1028
324471,1044,1022
324472,1043,1019
324473,1043,1022
324474,1048,1023
324475,1054,1021
324476,1062,1016
324477,1074,1013
324478,1085,1010
324479,1101,1006
324480,1128,1008
324481,1156,1007
324482,1190,997
324483,1221,986
324484,1250,972
324485,1287,969
324486,1321,970
324487,1340,981
324488,1350,995
324489,1323,1006
324490,1272,1011
324491,1209,1019
324492,1157,1028
324493,1111,1042
324494,1070,1044
324495,1038,1044
324496,1030,1042
324497,1036,1037
324498,1046,1029
324499,1049,1025
324500,1043,1020
324501,1037,1019
324502,1033,1018
324503,1031,1015
324504,1032,1021
324505,1031,1025
324506,1030,1027
324507,1025,1027
324508,1019,1023
324509,1015,1027
324510,1016,1027
324511,1019,1030
324512,1021,1028
324513,1020,1029
324514,1017,1028
324515,1015,1031
324516,1015,1035
324517,1016,1040
324518,1016,1038
324519,1014,1036
324520,1012,1033
324521,1016,1037
324522,1019,1037
324523,1020,1042
324524,1020,1042
324525,1020,1038
324526,1018,1039
324527,1012,1041
324528,1011,1042
324529,1015,1045
324530,1021,1041
324531,1023,1036
324532,1018,1036
324533,1014,1038
324534,1019,1040
324535,1020,1041
324536,1020,1037
324537,1020,1034
324538,1018,1035
324539,1014,1037
324540,1018,1039
324541,1021,1041
324542,1024,1035
324543,1023,1033
324544,1018,1027
324545,1015,1026
324546,1016,1028
324547,1019,1029
324548,1016,1023
324549,1019,1021
324550,1018,1014
324551,1016,1014
324552,1019,1016
324553,1023,1020
324554,1023,1021
324555,1022,1018
324556,1020,1015
324557,1022,1012
324558,1022,1011
324559,1026,1014
324560,1025,1010
324561,1025,1008
324562,1026,1005
324563,1029,1005
324564,1032,1006
324565,1035,1007
324566,1036,1006
324567,1035,1002
324568,1035,1005
324569,1035,1008
324570,1038,1011
324571,1043,1011
324572,1048,1005
324573,1047,999
324574,1045,996
324575,1045,999
324576,1051,1001
324577,1056,1000
324578,1056,996
324579,1058,996
324580,1053,997
324581,1057,998
324582,1060,1000
324583,1062,1006
324584,1066,1005
324585,1064,1004
324586,1064,1004
324587,1060,1005
324588,1064,1009
324589,1065,1012
324590,1064,1008
324591,1063,1005
324592,1057,1002
324593,1055,1002
324594,1053,1006
324595,1055,1015
324596,1055,1016
324597,1051,1020
324598,1048,1019
324599,1044,1019
324600,1046,1025
324601,1046,1032
324602,1048,1034
324603,1045,1032
324604,1043,1032
324605,1037,1035
324606,1037,1040
324607,1038,1045
324608,1042,1041
324609,1039,1035
324610,1036,1032
324611,1035,1034
324612,1035,1037
324613,1036,1041
324614,1036,1039
324615,1033,1040
324616,1028,1034
324617,1026,1034
324618,1029,1037
324619,1030,1037
324620,1034,1034
324621,1034,1034
324622,1027,1033
324623,1029,1035
324624,1030,1035
324625,1035,1035
324626,1037,1036
324627,1035,1034
324628,1031,1031
324629,1029,1034
324630,1033,1034
324631,1034,1038
324632,1036,1036
324633,1034,1034
324634,1032,1030
324635,1030,1032
324636,1031,1036
324637,1037,1039
324638,1037,1032
324639,1035,1026
324640,1031,1024
324641,1030,1026
324642,1035,1031
324643,1037,1035
324644,1036,1036
324645,1037,1035
324646,1032,1035
324647,1034,1033
324648,1036,1036
324649,1038,1036
324650,1037,1037
324651,1036,1030
324652,1035,1027
324653,1033,1026
324654,1034,1027
324655,1036,1032
324656,1036,1031
324657,1032,1031
324658,1030,1031
324659,1029,1032
324660,1030,1032
324661,1036,1036
324662,1037,1028
324663,1036,1023
324664,1030,1021
324665,1029,1024
324666,1032,1028
324667,1033,1032
324668,1033,1033
324669,1034,1031
324670,1033,1027
324671,1030,1029
324672,1029,1032
324673,1029,1035
324674,1033,1037
324675,1031,1041
324676,1030,1043
324677,1025,1046
324678,1027,1048
324679,1031,1045
324680,1033,1033
324681,1029,1028
324682,1026,1027
324683,1023,1025
324684,1023,1028
324685,1026,1034
324686,1030,1032
324687,1029,1028
324688,1029,1028
324689,1026,1029
324690,1028,1033
324691,1030,1038
324692,1030,1042
324693,1030,1044
324694,1030,1039
324695,1030,1040
324696,1027,1041
324697,1032,1042
324698,1033,1040
324699,1031,1036
324700,1029,1033
324701,1027,1030
324702,1025,1031
324703,1027,1033
324704,1029,1033
324705,1026,1033
324706,1024,1033
324707,1022,1035
324708,1026,1035
324709,1026,1039
324710,1030,1038
324711,1028,1038
324712,1026,1034
324713,1022,1033
324714,1026,1032
324715,1028,1037
324716,1032,1037
324717,1030,1037
324718,1026,1032
324719,1026,1033
324720,1028,1034
324721,1030,1039
324722,1030,1038
324723,1032,1037
324724,1028,1034
324725,1029,1036
324726,1028,1036
324727,1031,1042
324728,1035,1038
324729,1041,1032
324730,1044,1027
324731,1053,1023
324732,1071,1023
324733,1089,1021
324734,1116,1018
324735,1141,1008
324736,1170,996
324737,1202,985
324738,1241,983
324739,1278,989
324740,1310,1004
324741,1321,1021
324742,1303,1034
324743,1266,1042
324744,1211,1047
324745,1150,1060
324746,1091,1075
324747,1033,1083
324748,996,1091
324749,988,1097
324750,995,1095
324751,1012,1086
324752,1020,1067
324753,1023,1053
324754,1026,1042
324755,1028,1037
324756,1025,1038
324757,1025,1037
324758,1021,1031
324759,1016,1029
324760,1012,1030
324761,1011,1029
324762,1011,1033
324763,1012,1036
324764,1009,1032
324765,1010,1030
324766,1007,1029
324767,1008,1032
324768,1008,1032
324769,1008,1034
324770,1005,1036
324771,1004,1035
324772,999,1037
324773,997,1039
324774,1001,1042
324775,1004,1045
324776,1006,1041
324777,1003,1035
324778,999,1033
324779,997,1037
324780,999,1041
324781,1003,1046
324782,1007,1047
324783,1005,1042
324784,1003,1039
324785,998,1037
324786,1002,1034
324787,1005,1037
324788,1006,1035
324789,1005,1031
324790,1005,1031
324791,1004,1034
324792,1003,1036
324793,1005,1034
324794,1004,1029
324795,1005,1026
324796,1003,1027
324797,1002,1024
324798,1008,1029
324799,1010,1027
324800,1009,1026
324801,1007,1023
324802,1007,1018
324803,1003,1017
324804,1010,1020
324805,1013,1022
324806,1014,1026
324807,1015,1022
324808,1009,1019
324809,1005,1020
324810,1007,1019
324811,1013,1017
324812,1019,1014
324813,1019,1011
324814,1016,1008
324815,1017,1011
324816,1018,1013
324817,1020,1016
324818,1021,1011
324819,1020,1006
324820,1017,1001
324821,1018,1001
324822,1025,1005
324823,1028,1006
324824,1029,1002
324825,1028,1002
324826,1025,998
324827,1022,998
324828,1025,998
324829,1029,999
324830,1031,998
324831,1032,995
324832,1028,990
324833,1027,990
324834,1031,990
324835,1034,994
324836,1034,994
324837,1032,993
324838,1031,993
324839,1030,992
324840,1034,995
324841,1038,998
324842,1039,998
324843,1037,997
324844,1035,999
324845,1037,997
324846,1037,1000
324847,1037,1003
324848,1035,1007
324849,1030,1007
324850,1029,1010
324851,1028,1016
324852,1032,1021
324853,1032,1025
324854,1031,1026
324855,1027,1026
324856,1025,1026
324857,1022,1032
324858,1018,1037
324859,1022,1043
324860,1024,1041
324861,1022,1039
324862,1023,1039
324863,1017,1040
324864,1019,1047
324865,1026,1050
324866,1029,1053
324867,1026,1054
324868,1019,1055
324869,1020,1059
324870,1019,1066
324871,1022,1071
324872,1025,1065
324873,1022,1063
324874,1021,1055
324875,1022,1055
324876,1021,1054
324877,1025,1050
324878,1024,1045
324879,1025,1042
324880,1019,1040
324881,1019,1042
324882,1023,1045
324883,1026,1045
324884,1027,1046
324885,1025,1044
324886,1024,1042
324887,1022,1042
324888,1025,1047
324889,1029,1049
324890,1031,1045
324891,1030,1045
324892,1023,1042
324893,1021,1045
324894,1025,1045
324895,1028,1049
324896,1029,1047
324897,1029,1044
324898,1024,1042
324899,1025,1046
324900,1026,1051
324901,1027,1055
324902,1029,1051
324903,1023,1044
324904,1023,1041
324905,1019,1037
324906,1021,1035
324907,1025,1037
324908,1025,1034
324909,1024,1036
324910,1019,1035
324911,1021,1036
324912,1022,1041
324913,1028,1040
324914,1031,1039
324915,1027,1038
324916,1022,1037
324917,1023,1038
324918,1022,1041
324919,1023,1044
324920,1025,1042
324921,1023,1043
324922,1025,1042
324923,1023,1044
324924,1020,1045
324925,1021,1050
324926,1023,1049
324927,1025,1047
324928,1023,1045
324929,1021,1043
324930,1018,1044
324931,1021,1048
324932,1025,1048
324933,1026,1040
324934,1023,1040
324935,1022,1042
324936,1022,1051
324937,1024,1054
324938,1024,1055
324939,1025,1047
324940,1021,1037
324941,1020,1035
324942,1018,1033
324943,1025,1036
324944,1024,1037
324945,1021,1034
324946,1016,1034
324947,1016,1035
324948,1018,1040
324949,1020,1046
324950,1019,1048
324951,1019,1045
324952,1017,1041
324953,1017,1044
324954,1020,1044
324955,1020,1048
324956,1024,1049
324957,1023,1050
324958,1020,1046
324959,1023,1048
324960,1020,1050
324961,1023,1053
324962,1022,1051
324963,1022,1052
324964,1022,1051
324965,1024,1050
324966,1023,1057
324967,1025,1058
324968,1027,1059
324969,1026,1059
324970,1021,1057
324971,1019,1056
324972,1020,1055
324973,1023,1055
324974,1026,1057
324975,1027,1055
324976,1025,1049
324977,1023,1047
324978,1027,1050
324979,1029,1054
324980,1031,1051
324981,1023,1047
324982,1023,1043
324983,1022,1044
324984,1022,1048
324985,1028,1052
324986,1030,1051
324987,1027,1043
324988,1022,1037
324989,1020,1036
324990,1022,1036
324991,1029,1039
324992,1027,1038
324993,1027,1038
324994,1024,1039
324995,1023,1042
324996,1020,1044
324997,1024,1047
324998,1025,1048
324999,1022,1045
325000,1021,1041
325001,1016,1042
325002,1021,1043
325003,1021,1047
325004,1022,1045
325005,1022,1045
325006,1021,1040
325007,1018,1044
325008,1015,1047
325009,1020,1052
325010,1019,1053
325011,1021,1051
325012,1021,1050
325013,1020,1054
325014,1020,1057
325015,1023,1057
325016,1029,1053
325017,1027,1043
325018,1023,1037
325019,1022,1040
325020,1025,1044
325021,1026,1049
325022,1025,1047
325023,1025,1044
325024,1026,1042
325025,1023,1044
325026,1028,1048
325027,1030,1051
325028,1033,1051
325029,1032,1051
325030,1028,1046
325031,1026,1048
325032,1029,1048
325033,1035,1050
325034,1037,1050
325035,1034,1049
325036,1028,1050
325037,1025,1049
325038,1028,1050
325039,1031,1051
325040,1033,1047
325041,1031,1046
325042,1030,1043
325043,1029,1044
325044,1031,1045
325045,1037,1045
325046,1046,1043
325047,1058,1038
325048,1070,1033
325049,1091,1030
325050,1118,1025
325051,1151,1017
325052,1190,1010
325053,1231,999
325054,1264,994
325055,1299,999
325056,1322,1014
325057,1327,1032
325058,1304,1042
325059,1259,1044
325060,1203,1044
325061,1148,1051
325062,1096,1067
325063,1053,1079
325064,1021,1084
325065,1005,1086
325066,1005,1082
325067,1013,1070
325068,1022,1063
325069,1030,1059
325070,1030,1054
325071,1023,1051
325072,1018,1046
325073,1016,1046
325074,1017,1046
325075,1019,1048
325076,1015,1048
325077,1011,1048
325078,1010,1046
325079,1009,1047
325080,1012,1048
325081,1013,1051
325082,1015,1048
325083,1014,1047
325084,1011,1045
325085,1005,1047
325086,1009,1050
325087,1012,1049
325088,1014,1044
325089,1010,1045
325090,1006,1043
325091,1005,1048
325092,1006,1052
325093,1010,1054
325094,1013,1055
325095,1011,1049
325096,1008,1050
325097,1005,1050
325098,1004,1052
325099,1009,1054
325100,1007,1052
325101,1007,1048
325102,1003,1046
325103,1007,1049
325104,1008,1049
325105,1011,1049
325106,1013,1044
325107,1014,1041
325108,1006,1038
325109,1006,1040
325110,1007,1045
325111,1013,1048
325112,1012,1047
325113,1011,1043
325114,1009,1044
325115,1007,1045
325116,1011,1047
325117,1016,1045
325118,1016,1043
325119,1015,1040
325120,1016,1036
325121,1011,1036
325122,1013,1034
325123,1019,1038
325124,1023,1037
325125,1022,1035
325126,1018,1032
325127,1021,1033
325128,1021,1036
325129,1023,1037
325130,1025,1032
325131,1023,1030
325132,1022,1024
325133,1023,1025
325134,1026,1024
325135,1029,1026
325136,1030,1024
325137,1030,1022
325138,1028,1020
325139,1030,1018
325140,1029,1018
325141,1028,1021
325142,1033,1019
325143,1035,1014
325144,1037,1010
325145,1037,1010
325146,1041,1013
325147,1045,1014
325148,1041,1011
325149,1040,1007
325150,1035,1007
325151,1035,1006
325152,1041,1010
325153,1044,1014
325154,1047,1014
325155,1045,1012
325156,1047,1013
325157,1045,1014
325158,1045,1019
325159,1047,1019
325160,1049,1019
325161,1046,1018
325162,1041,1018
325163,1042,1021
325164,1041,1024
325165,1049,1026
325166,1049,1024
325167,1047,1025
325168,1046,1022
325169,1042,1024
325170,1043,1027
325171,1044,1034
325172,1041,1037
325173,1039,1039
325174,1035,1042
325175,1033,1044
325176,1039,1048
325177,1037,1052
325178,1038,1049
325179,1034,1049
325180,1030,1048
325181,1030,1048
325182,1028,1052
325183,1030,1057
325184,1032,1055
325185,1032,1052
325186,1025,1052
325187,1022,1059
325188,1023,1061
325189,1027,1062
325190,1026,1063
325191,1025,1060
325192,1021,1061
325193,1020,1062
325194,1022,1062
325195,1026,1061
325196,1027,1058
325197,1023,1056
325198,1021,1055
325199,1020,1059
325200,1022,1062
325201,1025,1064
325202,1027,1059
325203,1028,1054
325204,1021,1053
325205,1021,1055
325206,1028,1059
325207,1030,1063
325208,1031,1062
325209,1027,1057
325210,1026,1052
325211,1025,1054
325212,1025,1052
325213,1029,1053
325214,1031,1049
325215,1032,1047
325216,1029,1046
325217,1031,1047
325218,1031,1049
325219,1033,1051
325220,1034,1051
325221,1034,1045
325222,1031,1043
325223,1033,1044
325224,1035,1047
325225,1038,1048
325226,1039,1046
325227,1039,1046
325228,1035,1045
325229,1035,1045
325230,1035,1048
325231,1035,1050
325232,1034,1048
325233,1033,1043
325234,1031,1045
325235,1033,1044
325236,1034,1047
325237,1034,1050
325238,1038,1052
325239,1035,1050
325240,1034,1050
325241,1034,1049
325242,1034,1048
325243,1035,1052
325244,1035,1052
325245,1030,1051
325246,1030,1046
325247,1027,1048
325248,1030,1050
325249,1031,1053
325250,1029,1052
325251,1029,1049
325252,1027,1046
325253,1022,1048
325254,1023,1051
325255,1028,1053
325256,1031,1055
325257,1026,1054
325258,1025,1053
325259,1024,1054
325260,1027,1054
325261,1030,1055
325262,1031,1054
325263,1032,1052
325264,1029,1049
325265,1028,1051
325266,1027,1052
325267,1031,1051
325268,1035,1049
325269,1035,1047
325270,1035,1040
325271,1043,1040
325272,1051,1041
325273,1066,1038
325274,1081,1034
325275,1101,1031
325276,1124,1026
325277,1155,1023
325278,1191,1020
325279,1232,1018
325280,1271,1016
325281,1307,1019
325282,1329,1030
325283,1336,1046
325284,1323,1062
325285,1290,1067
325286,1236,1063
325287,1177,1066
325288,1118,1075
325289,1059,1089
325290,1025,1097
325291,1007,1104
325292,1007,1100
325293,1014,1089
325294,1022,1077
325295,1028,1067
325296,1031,1060
325297,1032,1053
325298,1032,1050
325299,1026,1049
325300,1019,1050
325301,1020,1053
325302,1019,1054
325303,1018,1058
325304,1015,1055
325305,1014,1053
325306,1012,1049
325307,1013,1050
325308,1016,1053
325309,1018,1052
325310,1017,1050
325311,1014,1047
325312,1011,1048
325313,1008,1050
325314,1012,1054
325315,1016,1058
325316,1013,1055
325317,1015,1050
325318,1012,1048
325319,1011,1052
325320,1011,1052
325321,1013,1055
325322,1013,1058
325323,1011,1054
325324,1008,1054
325325,1008,1055
325326,1006,1056
325327,1012,1059
325328,1015,1057
325329,1011,1055
325330,1008,1056
325331,1008,1053
325332,1011,1057
325333,1013,1056
325334,1015,1054
325335,1015,1053
325336,1011,1050
325337,1012,1051
325338,1013,1055
325339,1015,1059
325340,1016,1056
325341,1015,1056
325342,1011,1054
325343,1008,1055
325344,1013,1056
325345,1017,1057
325346,1016,1055
325347,1018,1049
325348,1010,1046
325349,1012,1043
325350,1018,1045
325351,1020,1043
325352,1024,1038
325353,1025,1033
325354,1023,1025
325355,1021,1024
325356,1026,1024
325357,1030,1022
325358,1032,1017
325359,1033,1014
325360,1031,1012
325361,1033,1013
325362,1038,1013
325363,1042,1013
325364,1044,1011
325365,1043,1010
325366,1042,1005
325367,1041,1008
325368,1043,1012
325369,1047,1013
325370,1052,1013
325371,1052,1008
325372,1051,1007
325373,1052,1008
325374,1053,1010
325375,1056,1013
325376,1054,1014
325377,1059,1009
325378,1057,1007
325379,1054,1010
325380,1055,1012
325381,1057,1015
325382,1057,1014
325383,1055,1010
325384,1054,1011
325385,1052,1013
325386,1058,1018
325387,1055,1024
325388,1056,1026
325389,1053,1028
325390,1050,1028
325391,1049,1034
325392,1051,1039
325393,1051,1040
325394,1050,1038
325395,1046,1038
325396,1040,1037
325397,1037,1040
325398,1036,1045
325399,1038,1049
325400,1036,1049
325401,1033,1052
325402,1028,1051
325403,1027,1055
325404,1028,1059
325405,1030,1066
325406,1029,1065
325407,1025,1062
325408,1020,1060
325409,1022,1063
325410,1022,1069
325411,1025,1072
325412,1025,1069
325413,1026,1065
325414,1026,1063
325415,1026,1066
325416,1026,1066
325417,1026,1070
325418,1028,1069
325419,1028,1066
325420,1027,1062
325421,1027,1066
325422,1027,1067
325423,1030,1071
325424,1031,1069
325425,1029,1068
325426,1026,1064
325427,1025,1064
325428,1028,1064
325429,1032,1067
325430,1034,1066
325431,1030,1064
325432,1030,1064
325433,1031,1064
325434,1027,1067
325435,1037,1069
325436,1038,1069
325437,1033,1066
325438,1031,1066
325439,1029,1067
325440,1030,1070
325441,1036,1072
325442,1037,1070
325443,1034,1065
325444,1032,1061
325445,1031,1065
325446,1032,1064
325447,1035,1070
325448,1036,1067
325449,1034,1065
325450,1029,1065
325451,1029,1069
325452,1028,1074
325453,1036,1076
325454,1036,1069
325455,1035,1064
325456,1030,1063
325457,1031,1065
325458,1034,1066
325459,1037,1067
325460,1036,1066
325461,1035,1062
325462,1034,1058
325463,1031,1059
325464,1038,1062
325465,1042,1064
325466,1040,1061
325467,1040,1057
325468,1033,1053
325469,1034,1053
325470,1033,1057
325471,1035,1061
325472,1039,1059
325473,1038,1058
325474,1035,1058
325475,1032,1061
325476,1035,1066
325477,1037,1070
325478,1036,1067
325479,1037,1065
325480,1034,1061
325481,1033,1061
325482,1035,1066
325483,1038,1069
325484,1039,1066
325485,1039,1066
325486,1036,1064
325487,1035,1066
325488,1038,1068
325489,1041,1073
325490,1040,1069
325491,1041,1066
325492,1038,1065
325493,1037,1065
325494,1041,1066
325495,1045,1063
325496,1049,1060
325497,1053,1053
325498,1061,1051
325499,1072,1052
325500,1087,1052
325501,1105,1054
325502,1128,1050
325503,1157,1043
325504,1185,1034
325505,1223,1026
325506,1263,1027
325507,1299,1032
325508,1335,1037
325509,1353,1049
325510,1348,1058
325511,1322,1063
325512,1281,1065
325513,1227,1067
325514,1169,1071
325515,1112,1077
325516,1062,1077
325517,1023,1080
325518,1008,1080
325519,1015,1081
325520,1027,1073
325521,1031,1063
325522,1033,1057
325523,1029,1063
325524,1027,1067
325525,1028,1066
325526,1026,1067
325527,1023,1063
325528,1019,1064
325529,1016,1065
325530,1018,1067
325531,1017,1069
325532,1017,1067
325533,1015,1064
325534,1012,1062
325535,1011,1065
325536,1012,1069
325537,1015,1073
325538,1014,1074
325539,1010,1073
325540,1008,1072
325541,1007,1073
325542,1011,1074
325543,1012,1074
325544,1012,1072
325545,1009,1069
325546,1005,1066
325547,1003,1070
325548,1006,1076
325549,1008,1080
325550,1012,1078
325551,1011,1070
325552,1010,1066
325553,1008,1063
325554,1006,1065
325555,1010,1067
325556,1011,1065
325557,1010,1064
325558,1006,1065
325559,1006,1065
325560,1008,1069
325561,1010,1067
325562,1008,1065
325563,1010,1062
325564,1009,1058
325565,1009,1056
325566,1014,1060
325567,1016,1058
325568,1014,1058
325569,1011,1054
325570,1009,1053
325571,1011,1051
325572,1015,1055
325573,1020,1058
325574,1020,1058
325575,1018,1057
325576,1015,1053
325577,1015,1052
325578,1019,1050
325579,1025,1052
325580,1028,1048
325581,1026,1046
325582,1026,1038
325583,1025,1038
325584,1026,1038
325585,1029,1041
325586,1029,1041
325587,1029,1034
325588,1030,1034
325589,1033,1032
325590,1032,1035
325591,1039,1036
325592,1041,1033
325593,1044,1028
325594,1041,1028
325595,1039,1029
325596,1043,1030
325597,1044,1033
325598,1046,1031
325599,1045,1032
325600,1041,1028
325601,1040,1028
325602,1047,1027
325603,1051,1026
325604,1051,1026
325605,1050,1021
325606,1048,1020
325607,1047,1021
325608,1047,1026
325609,1051,1029
325610,1051,1028
325611,1050,1026
325612,1044,1026
325613,1041,1032
325614,1045,1037
325615,1049,1043
325616,1049,1044
325617,1045,1042
325618,1043,1042
325619,1039,1046
325620,1042,1051
325621,1042,1053
325622,1042,1055
325623,1039,1055
325624,1033,1058
325625,1031,1062
325626,1032,1063
325627,1032,1065
325628,1034,1064
325629,1031,1061
325630,1025,1062
325631,1024,1062
325632,1022,1066
325633,1023,1070
325634,1024,1071
325635,1023,1072
325636,1020,1072
325637,1016,1071
325638,1017,1075
325639,1019,1075
325640,1020,1076
325641,1019,1074
325642,1017,1073
325643,1018,1075
325644,1022,1078
325645,1024,1080
325646,1025,1080
325647,1023,1079
325648,1020,1076
325649,1020,1075
325650,1022,1075
325651,1021,1075
325652,1023,1073
325653,1023,1069
325654,1019,1065
325655,1020,1067
325656,1021,1071
325657,1025,1074
325658,1025,1072
325659,1024,1070
325660,1021,1068
325661,1021,1068
325662,1024,1069
325663,1025,1069
325664,1026,1066
325665,1024,1065
325666,1025,1064
325667,1026,1067
325668,1027,1069
325669,1032,1072
325670,1032,1072
325671,1030,1069
325672,1027,1068
325673,1027,1068
325674,1030,1069
325675,1031,1070
325676,1030,1067
325677,1028,1065
325678,1028,1066
325679,1027,1065
325680,1030,1070
325681,1034,1069
325682,1034,1072
325683,1034,1071
325684,1028,1069
325685,1027,1070
325686,1029,1074
325687,1035,1075
325688,1034,1070
325689,1034,1065
325690,1028,1062
325691,1030,1061
325692,1033,1064
325693,1034,1069
325694,1033,1067
325695,1031,1068
325696,1026,1067
325697,1026,1069
325698,1028,1071
325699,1030,1072
325700,1031,1072
325701,1027,1068
325702,1023,1068
325703,1023,1070
325704,1022,1075
325705,1025,1079
325706,1023,1078
325707,1021,1076
325708,1019,1073
325709,1017,1072
325710,1019,1072
325711,1023,1072
325712,1024,1068
325713,1023,1065
325714,1020,1063
325715,1018,1063
325716,1020,1066
325717,1022,1070
325718,1024,1070
325719,1022,1069
325720,1018,1068
325721,1019,1072
325722,1017,1076
325723,1019,1074
325724,1019,1073
325725,1019,1069
325726,1015,1068
325727,1014,1070
325728,1014,1076
325729,1019,1079
325730,1021,1080
325731,1022,1075
325732,1021,1074
325733,1022,1071
325734,1023,1072
325735,1025,1073
325736,1027,1074
325737,1023,1071
325738,1020,1068
325739,1017,1070
325740,1020,1073
325741,1023,1073
325742,1025,1070
325743,1022,1069
325744,1020,1065
325745,1018,1066
325746,1017,1068
325747,1022,1072
325748,1022,1071
325749,1020,1069
325750,1015,1066
325751,1015,1065
325752,1016,1070
325753,1021,1073
325754,1021,1073
325755,1021,1071
325756,1017,1070
325757,1017,1073
325758,1020,1078
325759,1024,1083
325760,1025,1078
325761,1025,1072
325762,1021,1063
325763,1024,1060
325764,1025,1059
325765,1025,1060
325766,1025,1062
325767,1021,1063
325768,1019,1062
325769,1020,1064
325770,1021,1063
325771,1024,1065
325772,1024,1064
325773,1026,1063
325774,1023,1064
325775,1021,1065
325776,1027,1071
325777,1027,1072
325778,1028,1070
325779,1027,1067
325780,1025,1065
325781,1026,1065
325782,1030,1066
325783,1035,1065
325784,1037,1063
325785,1041,1058
325786,1042,1053
325787,1049,1054
325788,1062,1052
325789,1084,1058
325790,1102,1050
325791,1124,1040
325792,1152,1027
325793,1182,1016
325794,1219,1010
325795,1257,1011
325796,1289,1018
325797,1309,1028
325798,1310,1047
325799,1290,1062
325800,1249,1073
325801,1194,1078
325802,1137,1085
325803,1085,1093
325804,1040,1098
325805,1007,1107
325806,996,1111
325807,1001,1109
325808,1012,1100
325809,1023,1082
325810,1024,1072
325811,1020,1065
325812,1017,1066
325813,1017,1068
325814,1016,1065
325815,1013,1062
325816,1009,1062
325817,1005,1064
325818,1003,1065
325819,1006,1068
325820,1007,1067
325821,1002,1068
325822,997,1067
325823,998,1063
325824,998,1067
325825,1000,1068
325826,1004,1068
325827,998,1067
325828,995,1064
325829,996,1064
325830,997,1066
325831,997,1069
325832,1002,1066
325833,996,1066
325834,995,1060
325835,998,1062
325836,1000,1066
325837,997,1068
325838,1001,1067
325839,995,1065
325840,994,1062
325841,995,1064
325842,997,1062
325843,1000,1067
325844,1003,1065
325845,1001,1063
325846,997,1061
325847,995,1065
325848,998,1067
325849,1000,1069
325850,998,1068
325851,995,1068
325852,991,1064
325853,995,1067
325854,1001,1071
325855,1004,1072
325856,1003,1069
325857,1001,1065
325858,1002,1061
325859,1002,1062
325860,1003,1065
325861,1006,1065
325862,1009,1063
325863,1008,1055
325864,1008,1050
325865,1009,1046
325866,1012,1046
325867,1015,1045
325868,1015,1043
325869,1017,1037
325870,1015,1039
325871,1012,1036
325872,1016,1041
325873,1017,1040
325874,1019,1037
325875,1018,1034
325876,1015,1032
325877,1016,1032
325878,1016,1036
325879,1019,1037
325880,1018,1034
325881,1020,1032
325882,1021,1027
325883,1022,1029
325884,1023,1033
325885,1025,1033
325886,1028,1034
325887,1028,1035
325888,1029,1030
325889,1025,1029
325890,1026,1027
325891,1028,1030
325892,1028,1026
325893,1032,1023
325894,1032,1025
325895,1031,1026
325896,1032,1032
325897,1035,1035
325898,1037,1034
325899,1036,1031
325900,1034,1031
325901,1036,1031
325902,1038,1039
325903,1037,1047
325904,1040,1045
325905,1040,1042
325906,1038,1040
325907,1037,1041
325908,1039,1047
325909,1043,1052
325910,1041,1057
325911,1039,1059
325912,1035,1058
325913,1033,1057
325914,1034,1060
325915,1036,1061
325916,1036,1061
325917,1027,1060
325918,1018,1063
325919,1014,1068
325920,1019,1071
325921,1023,1073
325922,1023,1073
325923,1019,1074
325924,1016,1068
325925,1016,1066
325926,1018,1061
325927,1022,1063
325928,1022,1062
325929,1018,1061
325930,1015,1062
325931,1012,1066
325932,1011,1071
325933,1016,1072
325934,1017,1070
325935,1019,1070
325936,1017,1066
325937,1018,1065
325938,1020,1065
325939,1024,1067
325940,1028,1065
325941,1025,1063
325942,1022,1062
325943,1025,1064
325944,1031,1067
325945,1040,1071
325946,1043,1071
325947,1045,1073
325948,1043,1073
325949,1048,1077
325950,1053,1083
325951,1063,1082
325952,1080,1073
325953,1093,1057
325954,1105,1041
325955,1114,1027
325956,1126,1017
325957,1144,1007
325958,1160,988
325959,1170,968
325960,1177,951
325961,1197,933
325962,1214,912
325963,1231,895
325964,1244,875
325965,1259,861
325966,1273,847
325967,1280,840
325968,1285,843
325969,1286,848
325970,1279,852
325971,1277,852
325972,1270,849
325973,1262,849
325974,1254,852
325975,1247,857
325976,1232,859
325977,1210,868
325978,1184,872
325979,1162,883
325980,1141,895
325981,1123,907
325982,1107,917
325983,1096,927
325984,1085,941
325985,1083,955
325986,1083,970
325987,1082,983
325988,1076,994
325989,1072,1000
325990,1068,1009
325991,1073,1014
325992,1086,1020
325993,1101,1023
325994,1102,1020
325995,1084,1023
325996,1047,1029
325997,1008,1041
325998,983,1053
325999,969,1069
326000,964,1079
326001,958,1090
326002,953,1096
326003,947,1104
326004,948,1111
326005,946,1115
326006,945,1120
326007,940,1120
326008,932,1120
326009,929,1123
326010,930,1125
326011,933,1129
326012,932,1128
326013,928,1125
326014,924,1125
326015,925,1128
326016,923,1131
326017,925,1134
326018,925,1137
326019,922,1138
326020,914,1141
326021,911,1147
326022,913,1151
326023,913,1154
326024,914,1155
326025,914,1152
326026,908,1148
326027,906,1153
326028,907,1159
326029,907,1166
326030,905,1169
326031,902,1167
326032,900,1163
326033,896,1162
326034,899,1166
326035,901,1169
326036,902,1169
326037,897,1169
326038,895,1172
326039,897,1175
326040,899,1179
326041,900,1183
326042,895,1186
326043,896,1187
326044,894,1188
326045,892,1190
326046,895,1194
326047,898,1202
326048,901,1201
326049,901,1198
326050,898,1197
326051,897,1198
326052,901,1198
326053,902,1201
326054,906,1199
326055,904,1197
326056,902,1194
326057,906,1191
326058,916,1191
326059,921,1188
326060,920,1185
326061,924,1178
326062,925,1176
326063,929,1175
326064,933,1174
326065,939,1173
326066,943,1167
326067,947,1161
326068,947,1155
326069,949,1150
326070,955,1149
326071,959,1146
326072,963,1141
326073,966,1135
326074,964,1130
326075,964,1130
326076,970,1128
326077,976,1125
326078,979,1119
326079,975,1112
326080,977,1103
326081,978,1101
326082,979,1101
326083,985,1101
326084,986,1094
326085,986,1089
326086,984,1085
326087,986,1087
326088,988,1091
326089,993,1094
326090,990,1092
326091,993,1083
326092,993,1077
326093,993,1075
326094,997,1076
326095,1001,1076
326096,1000,1073
326097,1000,1072
326098,997,1070
326099,998,1073
326100,1002,1078
326101,1005,1076
326102,1004,1076
326103,1003,1073
326104,1001,1072
326105,1000,1072
326106,1002,1074
326107,1005,1073
326108,1003,1069
326109,999,1067
326110,1001,1064
326111,1002,1063
326112,1000,1066
326113,1004,1069
326114,1007,1066
326115,1003,1068
326116,1004,1068
326117,1005,1066
326118,1006,1072
326119,1010,1072
326120,1011,1071
326121,1007,1067
326122,1008,1064
326123,1009,1068
326124,1013,1067
326125,1015,1071
326126,1017,1065
326127,1015,1065
326128,1012,1064
326129,1012,1063
326130,1011,1065
326131,1018,1066
326132,1018,1064
326133,1019,1062
326134,1016,1059
326135,1015,1059
326136,1017,1062
326137,1020,1066
326138,1022,1066
326139,1017,1063
326140,1014,1062
326141,1013,1066
326142,1014,1065
326143,1016,1071
326144,1016,1069
326145,1016,1064
326146,1017,1061
326147,1016,1063
326148,1017,1066
326149,1018,1068
326150,1017,1067
326151,1013,1065
326152,1013,1064
326153,1010,1064
326154,1012,1070
326155,1014,1076
326156,1017,1074
326157,1013,1071
326158,1008,1071
326159,1010,1075
326160,1013,1078
326161,1014,1079
326162,1017,1073
326163,1017,1060
326164,1015,1053
326165,1014,1052
326166,1016,1054
326167,1019,1058
326168,1019,1057
326169,1019,1056
326170,1016,1057
326171,1015,1058
326172,1016,1061
326173,1019,1065
326174,1020,1064
326175,1020,1061
326176,1016,1063
326177,1018,1064
326178,1019,1066
326179,1020,1069
326180,1019,1068
326181,1015,1065
326182,1014,1066
326183,1014,1071
326184,1018,1079
326185,1018,1083
326186,1022,1077
326187,1022,1072
326188,1019,1068
326189,1017,1064
326190,1021,1063
326191,1026,1064
326192,1023,1059
326193,1019,1058
326194,1018,1056
326195,1017,1059
326196,1020,1062
326197,1023,1065
326198,1024,1062
326199,1022,1059
326200,1018,1063
326201,1017,1059
326202,1016,1063
326203,1018,1065
326204,1018,1066
326205,1016,1061
326206,1017,1060
326207,1018,1060
326208,1021,1063
326209,1023,1065
326210,1022,1066
326211,1021,1060
326212,1020,1062
326213,1019,1063
326214,1018,1065
326215,1022,1066
326216,1020,1067
326217,1021,1072
326218,1018,1074
326219,1017,1079
326220,1019,1081
326221,1023,1083
326222,1024,1075
326223,1023,1063
326224,1022,1050
326225,1025,1047
326226,1024,1051
326227,1026,1056
326228,1027,1058
326229,1025,1058
326230,1021,1058
326231,1021,1061
326232,1024,1059
326233,1024,1061
326234,1026,1056
326235,1026,1054
326236,1025,1052
326237,1026,1053
326238,1029,1057
326239,1033,1060
326240,1033,1057
326241,1031,1052
326242,1031,1051
326243,1038,1045
326244,1049,1046
326245,1065,1046
326246,1081,1042
326247,1098,1036
326248,1121,1034
326249,1155,1027
326250,1191,1018
326251,1234,1012
326252,1275,1007
326253,1307,1013
326254,1328,1027
326255,1332,1046
326256,1308,1054
326257,1260,1057
326258,1196,1061
326259,1134,1069
326260,1076,1079
326261,1034,1086
326262,1016,1086
326263,1016,1081
326264,1026,1067
326265,1032,1058
326266,1030,1053
326267,1028,1054
326268,1026,1058
326269,1023,1061
326270,1025,1058
326271,1018,1059
326272,1017,1061
326273,1013,1064
326274,1014,1065
326275,1016,1061
326276,1014,1058
326277,1012,1055
326278,1008,1054
326279,1006,1053
326280,1011,1058
326281,1012,1061
326282,1011,1059
326283,1008,1058
326284,1005,1058
326285,1005,1060
326286,1004,1062
326287,1004,1066
326288,1005,1064
326289,1002,1064
326290,1001,1065
326291,1001,1064
326292,1003,1067
326293,1009,1064
326294,1009,1062
326295,1007,1059
326296,1002,1058
326297,1001,1063
326298,1004,1068
326299,1006,1071
326300,1007,1065
326301,1007,1060
326302,1004,1056
326303,1004,1059
326304,1007,1060
326305,1010,1058
326306,1011,1050
326307,1008,1047
326308,1009,1042
326309,1008,1044
326310,1012,1046
326311,1013,1047
326312,1015,1048
326313,1015,1042
326314,1013,1040
326315,1013,1043
326316,1018,1045
326317,1024,1043
326318,1027,1041
326319,1026,1039
326320,1025,1036
326321,1028,1036
326322,1030,1037
326323,1032,1041
326324,1035,1040
326325,1035,1034
326326,1031,1034
326327,1031,1033
326328,1034,1034
326329,1036,1036
326330,1038,1035
326331,1032,1031
326332,1033,1028
326333,1031,1028
326334,1033,1027
326335,1037,1030
326336,1041,1025
326337,1038,1026
326338,1033,1024
326339,1034,1027
326340,1035,1025
326341,1040,1028
326342,1046,1025
326343,1043,1021
326344,1044,1017
326345,1043,1019
326346,1047,1024
326347,1049,1029
326348,1051,1026
326349,1048,1023
326350,1049,1022
326351,1046,1027
326352,1050,1033
326353,1051,1038
326354,1051,1039
326355,1046,1041
326356,1042,1037
326357,1037,1037
326358,1039,1038
326359,1043,1044
326360,1038,1043
326361,1037,1041
326362,1035,1039
326363,1035,1044
326364,1032,1048
326365,1037,1051
326366,1036,1051
326367,1031,1046
326368,1032,1048
326369,1026,1053
326370,1029,1055
326371,1031,1061
326372,1031,1061
326373,1030,1060
326374,1027,1056
326375,1026,1058
326376,1024,1064
326377,1025,1069
326378,1023,1069
326379,1023,1069
326380,1019,1064
326381,1023,1066
326382,1026,1068
326383,1027,1072
326384,1024,1070
326385,1022,1068
326386,1019,1065
326387,1023,1070
326388,1023,1067
326389,1025,1069
326390,1027,1064
326391,1026,1061
326392,1023,1055
326393,1024,1054
326394,1024,1057
326395,1028,1059
326396,1028,1057
326397,1024,1056
326398,1022,1053
326399,1021,1054
326400,1026,1056
326401,1029,1056
326402,1030,1052
326403,1027,1048
326404,1027,1046
326405,1023,1046
326406,1025,1050
326407,1029,1049
326408,1028,1049
326409,1027,1046
326410,1024,1046
326411,1026,1046
326412,1029,1048
326413,1034,1052
326414,1032,1051
326415,1029,1049
326416,1025,1050
326417,1024,1054
326418,1025,1057
326419,1027,1059
326420,1029,1059
326421,1028,1060
326422,1023,1057
326423,1022,1057
326424,1024,1056
326425,1028,1056
326426,1027,1058
326427,1024,1060
326428,1019,1063
326429,1021,1065
326430,1020,1068
326431,1023,1065
326432,1024,1063
326433,1021,1060
326434,1021,1055
326435,1020,1053
326436,1024,1053
326437,1025,1054
326438,1023,1055
326439,1023,1055
326440,1019,1053
326441,1015,1053
326442,1017,1053
326443,1021,1057
326444,1022,1054
326445,1017,1052
326446,1014,1053
326447,1010,1058
326448,1011,1059
326449,1016,1062
326450,1020,1063
326451,1016,1058
326452,1012,1054
326453,1013,1055
326454,1014,1055
326455,1019,1059
326456,1019,1055
326457,1019,1052
326458,1018,1051
326459,1018,1055
326460,1023,1060
326461,1021,1060
326462,1022,1057
326463,1022,1051
326464,1017,1053
326465,1016,1058
326466,1017,1062
326467,1020,1065
326468,1024,1060
326469,1021,1059
326470,1014,1055
326471,1018,1056
326472,1016,1061
326473,1019,1065
326474,1020,1062
326475,1019,1059
326476,1016,1058
326477,1012,1055
326478,1018,1057
326479,1021,1057
326480,1020,1062
326481,1018,1059
326482,1016,1059
326483,1012,1061
326484,1013,1065
326485,1012,1068
326486,1017,1066
326487,1016,1063
326488,1014,1062
326489,1011,1060
326490,1013,1060
326491,1016,1061
326492,1015,1057
326493,1014,1056
326494,1011,1053
326495,1013,1055
326496,1012,1059
326497,1013,1062
326498,1013,1058
326499,1010,1057
326500,1010,1055
326501,1008,1059
326502,1010,1064
326503,1014,1068
326504,1014,1068
326505,1013,1060
326506,1013,1055
326507,1014,1054
326508,1015,1056
326509,1018,1061
326510,1017,1063
326511,1017,1062
326512,1015,1058
326513,1016,1060
326514,1017,1066
326515,1023,1070
326516,1023,1065
326517,1021,1059
326518,1018,1050
326519,1019,1046
326520,1023,1044
326521,1026,1049
326522,1026,1046
326523,1021,1045
326524,1017,1044
326525,1017,1050
326526,1016,1057
326527,1021,1060
326528,1021,1059
326529,1017,1055
326530,1016,1050
326531,1018,1053
326532,1019,1057
326533,1020,1059
326534,1019,1055
326535,1014,1054
326536,1015,1053
326537,1013,1055
326538,1012,1058
326539,1016,1058
326540,1015,1052
326541,1012,1050
326542,1008,1049
326543,1007,1053
326544,1011,1054
326545,1014,1055
326546,1013,1057
326547,1010,1052
326548,1009,1054
326549,1006,1057
326550,1010,1058
326551,1014,1060
326552,1021,1056
326553,1027,1044
326554,1035,1042
326555,1053,1036
326556,1076,1034
326557,1103,1032
326558,1132,1023
326559,1162,1007
326560,1194,995
326561,1232,996
326562,1269,1001
326563,1305,1014
326564,1320,1027
326565,1311,1038
326566,1270,1042
326567,1215,1048
326568,1160,1059
326569,1111,1069
326570,1061,1076
326571,1020,1078
326572,996,1082
326573,998,1074
326574,1009,1061
326575,1023,1054
326576,1028,1047
326577,1017,1045
326578,1008,1042
326579,1001,1043
326580,1004,1044
326581,1007,1048
326582,1003,1048
326583,1000,1048
326584,996,1046
326585,990,1048
326586,995,1051
326587,996,1052
326588,997,1050
326589,994,1051
326590,989,1050
326591,991,1048
326592,990,1052
326593,994,1056
326594,992,1053
326595,986,1051
326596,984,1050
326597,983,1051
326598,984,1056
326599,986,1057
326600,988,1058
326601,988,1052
326602,988,1053
326603,984,1056
326604,985,1059
326605,985,1062
326606,986,1063
326607,986,1060
326608,983,1057
326609,985,1058
326610,987,1059
326611,989,1060
326612,990,1058
326613,992,1054
326614,989,1049
326615,988,1049
326616,987,1051
326617,993,1054
326618,995,1051
326619,996,1048
326620,994,1044
326621,990,1042
326622,988,1043
326623,990,1048
326624,995,1046
326625,995,1043
326626,996,1037
326627,997,1035
326628,997,1033
326629,1004,1033
326630,1006,1029
326631,1004,1026
326632,1003,1022
326633,1001,1024
326634,999,1025
326635,1001,1027
326636,1006,1027
326637,1006,1023
326638,1005,1021
326639,1006,1025
326640,1006,1020
326641,1007,1022
326642,1005,1019
326643,1004,1016
326644,1004,1015
326645,1006,1017
326646,1007,1022
326647,1011,1025
326648,1010,1022
326649,1006,1021
326650,1007,1019
326651,1007,1019
326652,1011,1026
326653,1012,1030
326654,1012,1029
326655,1009,1023
326656,1011,1021
326657,1008,1022
326658,1010,1027
326659,1016,1030
326660,1017,1031
326661,1015,1033
326662,1012,1031
326663,1011,1030
326664,1016,1032
326665,1023,1038
326666,1020,1038
326667,1015,1038
326668,1010,1034
326669,1009,1035
326670,1009,1040
326671,1008,1043
326672,1011,1039
326673,1010,1037
326674,1008,1036
326675,1005,1038
326676,1008,1042
326677,1011,1044
326678,1008,1042
326679,1002,1042
326680,999,1039
326681,999,1041
326682,1002,1046
326683,999,1048
326684,999,1047
326685,997,1044
326686,996,1045
326687,995,1044
326688,994,1049
326689,995,1051
326690,999,1051
326691,999,1050
326692,999,1051
326693,1001,1053
326694,1003,1057
326695,1011,1060
326696,1020,1059
326697,1023,1057
326698,1023,1057
326699,1023,1060
326700,1031,1065
326701,1040,1067
326702,1051,1061
326703,1063,1047
326704,1075,1031
326705,1087,1014
326706,1104,1003
326707,1121,991
326708,1138,976
326709,1152,962
326710,1160,945
326711,1181,923
326712,1202,898
326713,1226,877
326714,1247,857
326715,1262,839
326716,1273,826
326717,1279,819
326718,1279,824
326719,1275,828
326720,1269,829
326721,1266,827
326722,1255,829
326723,1242,832
326724,1229,838
326725,1209,849
326726,1183,858
326727,1154,863
326728,1126,876
326729,1103,889
326730,1088,906
326731,1081,922
326732,1081,936
326733,1074,944
326734,1058,955
326735,1045,969
326736,1043,979
326737,1054,993
326738,1060,999
326739,1068,1003
326740,1072,1006
326741,1071,1011
326742,1062,1019
326743,1045,1024
326744,1015,1027
326745,984,1033
326746,960,1041
326747,948,1057
326748,942,1072
326749,942,1081
326750,938,1082
326751,935,1083
326752,927,1086
326753,922,1091
326754,921,1095
326755,921,1100
326756,919,1099
326757,911,1096
326758,902,1099
326759,899,1103
326760,901,1107
326761,902,1111
326762,896,1110
326763,895,1108
326764,895,1104
326765,897,1106
326766,895,1112
326767,895,1115
326768,891,1115
326769,888,1117
326770,884,1118
326771,882,1124
326772,882,1130
326773,884,1132
326774,884,1129
326775,882,1128
326776,876,1130
326777,874,1136
326778,875,1141
326779,880,1144
326780,880,1144
326781,876,1145
326782,873,1147
326783,868,1151
326784,873,1152
326785,875,1153
326786,871,1150
326787,870,1144
326788,869,1143
326789,869,1143
326790,872,1147
326791,875,1155
326792,879,1155
326793,875,1157
326794,872,1158
326795,871,1162
326796,876,1166
326797,884,1170
326798,887,1167
326799,885,1160
326800,885,1151
326801,890,1146
326802,895,1146
326803,899,1147
326804,902,1142
326805,899,1142
326806,900,1137
326807,903,1136
326808,909,1135
326809,915,1133
326810,918,1131
326811,920,1127
326812,921,1123
326813,926,1119
326814,931,1117
326815,935,1117
326816,941,1112
326817,940,1107
326818,941,1101
326819,942,1104
326820,950,1105
326821,956,1100
326822,958,1094
326823,957,1089
326824,955,1081
326825,957,1079
326826,957,1078
326827,965,1077
326828,965,1071
326829,966,1067
326830,965,1064
326831,966,1060
326832,971,1062
326833,969,1061
326834,973,1060
326835,970,1056
326836,970,1051
326837,974,1051
326838,978,1054
326839,979,1053
326840,978,1052
326841,975,1050
326842,976,1047
326843,974,1050
326844,977,1054
326845,983,1055
326846,981,1051
326847,977,1048
326848,974,1046
326849,976,1046
326850,982,1050
326851,985,1052
326852,984,1047
326853,981,1042
326854,981,1039
326855,982,1042
326856,982,1043
326857,985,1046
326858,986,1047
326859,982,1043
326860,983,1044
326861,983,1045
326862,988,1049
326863,991,1052
326864,992,1050
326865,987,1051
326866,985,1048
326867,985,1050
326868,986,1054
326869,985,1052
326870,988,1053
326871,984,1049
326872,984,1046
326873,983,1048
326874,986,1051
326875,988,1056
326876,987,1057
326877,984,1053
326878,982,1050
326879,982,1051
326880,984,1051
326881,988,1056
326882,988,1052
326883,986,1044
326884,981,1039
326885,980,1039
326886,982,1042
326887,984,1047
326888,989,1044
326889,985,1039
326890,981,1034
326891,983,1035
326892,984,1036
326893,987,1039
326894,986,1034
326895,982,1034
326896,977,1034
326897,978,1037
326898,984,1040
326899,984,1041
326900,983,1041
326901,984,1038
326902,980,1037
326903,981,1042
326904,984,1042
326905,988,1047
326906,986,1045
326907,982,1043
326908,979,1042
326909,980,1045
326910,983,1045
326911,986,1049
326912,986,1049
326913,981,1046
326914,977,1047
326915,980,1046
326916,981,1053
326917,984,1054
326918,985,1051
326919,985,1048
326920,981,1045
326921,982,1046
326922,984,1047
326923,986,1049
326924,985,1049
326925,982,1047
326926,978,1044
326927,980,1046
326928,984,1050
326929,987,1053
326930,986,1050
326931,985,1049
326932,980,1047
326933,979,1049
326934,979,1050
326935,983,1050
326936,983,1050
326937,982,1047
326938,977,1045
326939,975,1049
326940,980,1051
326941,981,1054
326942,984,1052
326943,983,1049
326944,981,1043
326945,979,1043
326946,979,1046
326947,982,1048
326948,981,1048
326949,980,1046
326950,978,1045
326951,978,1050
326952,982,1053
326953,984,1052
326954,983,1047
326955,982,1042
326956,978,1039
326957,977,1041
326958,979,1048
326959,982,1050
326960,981,1049
326961,983,1046
326962,979,1044
326963,980,1046
326964,984,1051
326965,986,1050
326966,984,1047
326967,981,1040
326968,976,1040
326969,982,1040
326970,983,1044
326971,988,1049
326972,988,1046
326973,989,1044
326974,984,1043
326975,983,1045
326976,983,1047
326977,989,1051
326978,988,1050
326979,987,1044
326980,986,1045
326981,985,1048
326982,985,1049
326983,986,1050
326984,986,1049
326985,986,1045
326986,984,1047
326987,985,1048
326988,988,1049
326989,991,1052
326990,993,1048
326991,991,1047
326992,985,1045
326993,985,1046
326994,987,1051
326995,990,1054
326996,986,1055
326997,989,1054
326998,987,1054
326999,985,1054
327000,989,1051
327001,989,1052
327002,989,1047
327003,987,1043
327004,984,1043
327005,985,1046
327006,988,1050
327007,992,1051
327008,990,1048
327009,989,1048
327010,986,1044
327011,986,1045
327012,990,1045
327013,993,1046
327014,993,1045
327015,992,1046
327016,988,1048
327017,987,1050
327018,990,1057
327019,995,1057
327020,993,1051
327021,993,1045
327022,991,1039
327023,992,1040
327024,994,1043
327025,1000,1040
327026,998,1041
327027,995,1035
327028,991,1036
327029,994,1040
327030,993,1042
327031,998,1044
327032,996,1040
327033,996,1040
327034,993,1038
327035,992,1044
327036,995,1048
327037,995,1054
327038,991,1054
327039,990,1055
327040,985,1053
327041,985,1054
327042,987,1053
327043,991,1055
327044,991,1051
327045,990,1046
327046,990,1042
327047,991,1043
327048,990,1044
327049,990,1051
327050,994,1048
327051,992,1050
327052,990,1050
327053,991,1053
327054,997,1049
327055,999,1047
327056,1000,1043
327057,998,1041
327058,996,1036
327059,994,1039
327060,994,1041
327061,998,1047
327062,999,1046
327063,998,1044
327064,995,1042
327065,998,1043
327066,1001,1044
327067,1005,1045
327068,1004,1047
327069,1000,1046
327070,993,1041
327071,995,1044
327072,996,1046
327073,1001,1051
327074,998,1047
327075,997,1046
327076,996,1044
327077,996,1047
327078,998,1049
327079,999,1056
327080,999,1054
327081,995,1049
327082,991,1051
327083,996,1049
327084,997,1052
327085,999,1050
327086,998,1048
327087,993,1044
327088,990,1043
327089,988,1043
327090,993,1046
327091,997,1046
327092,997,1046
327093,995,1041
327094,996,1038
327095,999,1040
327096,1002,1044
327097,1001,1044
327098,1000,1042
327099,996,1044
327100,997,1047
327101,998,1051
327102,1001,1054
327103,1004,1053
327104,1006,1051
327105,1004,1044
327106,1002,1043
327107,1005,1047
327108,1006,1050
327109,1010,1050
327110,1010,1047
327111,1011,1040
327112,1008,1037
327113,1007,1039
327114,1010,1044
327115,1012,1046
327116,1010,1050
327117,1010,1042
327118,1007,1039
327119,1007,1037
327120,1011,1041
327121,1018,1040
327122,1020,1040
327123,1014,1038
327124,1011,1038
327125,1012,1039
327126,1015,1039
327127,1023,1038
327128,1029,1033
327129,1037,1029
327130,1051,1024
327131,1071,1025
327132,1096,1024
327133,1128,1019
327134,1157,1006
327135,1190,998
327136,1222,989
327137,1254,984
327138,1294,989
327139,1320,998
327140,1327,1005
327141,1303,1011
327142,1259,1017
327143,1202,1021
327144,1149,1028
327145,1101,1039
327146,1046,1042
327147,1004,1043
327148,985,1043
327149,990,1043
327150,1003,1041
327151,1014,1041
327152,1013,1038
327153,1005,1036
327154,998,1036
327155,996,1038
327156,998,1042
327157,1000,1046
327158,996,1048
327159,990,1042
327160,987,1040
327161,988,1041
327162,990,1041
327163,991,1044
327164,994,1043
327165,990,1044
327166,986,1042
327167,987,1048
327168,987,1047
327169,989,1049
327170,989,1045
327171,988,1043
327172,984,1040
327173,984,1047
327174,983,1053
327175,987,1056
327176,989,1058
327177,986,1054
327178,984,1049
327179,988,1049
327180,987,1047
327181,992,1047
327182,991,1045
327183,991,1042
327184,989,1040
327185,991,1042
327186,990,1044
327187,994,1044
327188,996,1042
327189,991,1038
327190,988,1041
327191,987,1042
327192,985,1045
327193,991,1046
327194,987,1045
327195,984,1042
327196,981,1041
327197,986,1041
327198,988,1044
327199,990,1044
327200,990,1040
327201,991,1037
327202,990,1033
327203,989,1035
327204,992,1039
327205,999,1039
327206,997,1036
327207,997,1033
327208,995,1031
327209,995,1035
327210,1000,1040
327211,1002,1041
327212,1005,1038
327213,1007,1032
327214,1005,1030
327215,1006,1029
327216,1010,1030
327217,1013,1031
327218,1018,1028
327219,1017,1024
327220,1014,1021
327221,1016,1021
327222,1014,1025
327223,1016,1025
327224,1018,1023
327225,1016,1023
327226,1016,1021
327227,1019,1022
327228,1022,1022
327229,1023,1022
327230,1023,1021
327231,1021,1021
327232,1019,1020
327233,1022,1021
327234,1025,1024
327235,1024,1022
327236,1028,1019
327237,1027,1014
327238,1025,1014
327239,1029,1013
327240,1032,1016
327241,1033,1017
327242,1032,1016
327243,1028,1014
327244,1026,1015
327245,1032,1019
327246,1038,1024
327247,1041,1025
327248,1042,1023
327249,1043,1023
327250,1038,1018
327251,1033,1023
327252,1037,1029
327253,1037,1036
327254,1034,1042
327255,1028,1040
327256,1023,1039
327257,1023,1034
327258,1025,1032
327259,1027,1030
327260,1027,1028
327261,1024,1027
327262,1020,1029
327263,1022,1034
327264,1023,1039
327265,1023,1039
327266,1021,1037
327267,1017,1034
327268,1013,1032
327269,1010,1037
327270,1012,1039
327271,1015,1043
327272,1013,1042
327273,1012,1040
327274,1010,1036
327275,1007,1037
327276,1007,1038
327277,1010,1041
327278,1011,1041
327279,1007,1040
327280,1000,1040
327281,999,1044
327282,1000,1051
327283,1004,1055
327284,1004,1053
327285,1001,1052
327286,999,1046
327287,1000,1044
327288,1005,1042
327289,1008,1042
327290,1012,1039
327291,1011,1035
327292,1010,1032
327293,1008,1034
327294,1006,1037
327295,1009,1041
327296,1013,1040
327297,1010,1037
327298,1007,1034
327299,1005,1034
327300,1009,1036
327301,1011,1035
327302,1012,1034
327303,1010,1032
327304,1006,1027
327305,1008,1032
327306,1011,1035
327307,1015,1038
327308,1015,1038
327309,1015,1035
327310,1011,1035
327311,1009,1038
327312,1010,1039
327313,1014,1040
327314,1016,1040
327315,1011,1038
327316,1009,1037
327317,1008,1038
327318,1010,1040
327319,1013,1040
327320,1014,1035
327321,1009,1031
327322,1007,1028
327323,1009,1031
327324,1010,1035
327325,1011,1034
327326,1008,1031
327327,1005,1025
327328,1003,1024
327329,1004,1026
327330,1009,1029
327331,1013,1033
327332,1012,1031
327333,1011,1031
327334,1005,1029
327335,1002,1035
327336,1006,1036
327337,1009,1038
327338,1008,1036
327339,1006,1038
327340,1006,1036
327341,1002,1040
327342,1004,1040
327343,1004,1042
327344,1001,1039
327345,999,1035
327346,995,1037
327347,1000,1039
327348,1002,1042
327349,1005,1045
327350,1002,1042
327351,1003,1038
327352,1001,1034
327353,997,1039
327354,997,1042
327355,999,1044
327356,1001,1041
327357,1000,1041
327358,999,1040
327359,999,1044
327360,998,1045
327361,1004,1046
327362,1003,1038
327363,1002,1034
327364,997,1031
327365,998,1036
327366,996,1041
327367,999,1046
327368,1001,1043
327369,998,1041
327370,993,1040
327371,994,1043
327372,998,1046
327373,1001,1053
327374,1002,1051
327375,1001,1046
327376,995,1039
327377,999,1037
327378,1001,1034
327379,1004,1039
327380,1002,1042
327381,999,1041
327382,995,1041
327383,995,1042
327384,998,1041
327385,1003,1040
327386,1001,1038
327387,999,1036
327388,999,1035
327389,997,1039
327390,999,1041
327391,1000,1041
327392,1004,1040
327393,998,1036
327394,998,1036
327395,997,1038
327396,999,1040
327397,1006,1043
327398,1003,1040
327399,1002,1040
327400,997,1037
327401,998,1037
327402,1000,1042
327403,1003,1042
327404,1003,1040
327405,1002,1037
327406,1001,1030
327407,1004,1032
327408,1011,1031
327409,1024,1031
327410,1032,1029
327411,1040,1023
327412,1045,1019
327413,1065,1018
327414,1088,1018
327415,1121,1012
327416,1150,1001
327417,1181,989
327418,1213,984
327419,1248,986
327420,1283,996
327421,1303,1011
327422,1297,1022
327423,1265,1024
327424,1213,1029
327425,1155,1039
327426,1101,1051
327427,1050,1066
327428,1004,1072
327429,974,1076
327430,968,1075
327431,978,1073
327432,994,1068
327433,1003,1060
327434,1001,1056
327435,994,1053
327436,991,1047
327437,990,1046
327438,989,1043
327439,991,1042
327440,989,1039
327441,985,1038
327442,977,1037
327443,976,1040
327444,979,1040
327445,981,1042
327446,980,1036
327447,978,1037
327448,975,1037
327449,976,1039
327450,976,1041
327451,979,1042
327452,976,1041
327453,973,1039
327454,968,1040
327455,969,1045
327456,972,1048
327457,977,1048
327458,976,1044
327459,972,1044
327460,969,1043
327461,969,1044
327462,974,1044
327463,975,1047
327464,976,1046
327465,974,1044
327466,971,1041
327467,971,1044
327468,972,1050
327469,977,1048
327470,977,1048
327471,976,1045
327472,973,1044
327473,975,1046
327474,979,1047
327475,982,1049
327476,981,1046
327477,976,1044
327478,971,1042
327479,968,1047
327480,971,1050
327481,980,1051
327482,980,1048
327483,977,1045
327484,977,1039
327485,976,1039
327486,982,1039
327487,985,1040
327488,986,1038
327489,987,1033
327490,984,1031
327491,983,1031
327492,985,1034
327493,992,1031
327494,994,1028
327495,994,1022
327496,990,1017
327497,990,1017
327498,993,1018
327499,995,1018
327500,998,1014
327501,1000,1011
327502,995,1009
327503,997,1006
327504,1001,1009
327505,1004,1008
327506,1002,1006
327507,999,1005
327508,999,1005
327509,998,1004
327510,1005,1009
327511,1008,1009
327512,1011,1007
327513,1007,1003
327514,1005,1004
327515,1006,1008
327516,1007,1009
327517,1014,1010
327518,1014,1012
327519,1011,1009
327520,1007,1009
327521,1008,1010
327522,1008,1013
327523,1014,1017
327524,1014,1017
327525,1010,1019
327526,1007,1018
327527,1009,1023
327528,1012,1025
327529,1013,1025
327530,1013,1024
327531,1009,1021
327532,1007,1021
327533,1007,1025
327534,1006,1031
327535,1002,1033
327536,999,1035
327537,997,1036
327538,995,1036
327539,995,1042
327540,997,1047
327541,996,1047
327542,994,1048
327543,991,1047
327544,987,1047
327545,985,1048
327546,986,1051
327547,985,1049
327548,983,1051
327549,979,1048
327550,974,1049
327551,976,1051
327552,976,1050
327553,979,1051
327554,978,1047
327555,974,1047
327556,975,1045
327557,977,1051
327558,979,1049
327559,980,1052
327560,976,1053
327561,973,1051
327562,974,1051
327563,972,1053
327564,977,1054
327565,979,1055
327566,979,1052
327567,978,1049
327568,976,1048
327569,974,1051
327570,977,1054
327571,978,1055
327572,977,1052
327573,976,1048
327574,976,1049
327575,976,1052
327576,984,1052
327577,988,1053
327578,988,1052
327579,988,1051
327580,985,1049
327581,984,1049
327582,985,1050
327583,990,1052
327584,992,1048
327585,992,1044
327586,989,1044
327587,988,1042
327588,987,1048
327589,988,1048
327590,986,1051
327591,981,1045
327592,979,1042
327593,978,1039
327594,979,1039
327595,987,1041
327596,986,1038
327597,985,1036
327598,981,1037
327599,979,1041
327600,978,1043
327601,983,1045
327602,981,1040
327603,978,1038
327604,978,1038
327605,976,1041
327606,978,1044
327607,982,1047
327608,983,1046
327609,978,1045
327610,975,1045
327611,975,1050
327612,979,1051
327613,983,1052
327614,977,1047
327615,979,1045
327616,977,1046
327617,980,1047
327618,982,1051
327619,982,1053
327620,979,1050
327621,979,1045
327622,975,1043
327623,976,1045
327624,976,1045
327625,978,1047
327626,979,1048
327627,978,1044
327628,978,1046
327629,979,1049
327630,982,1056
327631,983,1056
327632,983,1048
327633,982,1044
327634,979,1040
327635,978,1045
327636,983,1045
327637,986,1050
327638,984,1048
327639,985,1044
327640,986,1037
327641,988,1035
327642,992,1034
327643,1006,1031
327644,1016,1029
327645,1025,1025
327646,1039,1022
327647,1063,1022
327648,1093,1021
327649,1126,1015
327650,1163,1008
327651,1199,1005
327652,1232,1013
327653,1263,1027
327654,1283,1045
327655,1284,1055
327656,1262,1058
327657,1223,1050
327658,1171,1051
327659,1120,1061
327660,1071,1075
327661,1024,1089
327662,978,1096
327663,951,1100
327664,942,1099
327665,949,1089
327666,962,1082
327667,973,1072
327668,979,1062
327669,976,1054
327670,970,1045
327671,967,1044
327672,967,1042
327673,972,1044
327674,969,1039
327675,961,1037
327676,953,1040
327677,953,1045
327678,957,1048
327679,962,1048
327680,961,1041
327681,959,1039
327682,957,1037
327683,959,1038
327684,960,1041
327685,961,1044
327686,959,1039
327687,957,1038
327688,954,1038
327689,953,1039
327690,957,1043
327691,962,1046
327692,964,1047
327693,961,1045
327694,956,1045
327695,955,1048
327696,960,1048
327697,964,1046
327698,966,1041
327699,963,1036
327700,963,1038
327701,960,1041
327702,963,1045
327703,966,1046
327704,968,1044
327705,967,1044
327706,969,1042
327707,967,1043
327708,965,1045
327709,968,1046
327710,969,1043
327711,965,1039
327712,964,1037
327713,964,1038
327714,966,1041
327715,971,1043
327716,967,1040
327717,964,1037
327718,963,1039
327719,961,1038
327720,965,1038
327721,969,1038
327722,970,1034
327723,970,1030
327724,969,1030
327725,969,1031
327726,973,1035
327727,978,1036
327728,975,1035
327729,974,1032
327730,973,1027
327731,972,1024
327732,976,1023
327733,980,1019
327734,982,1011
327735,985,1003
327736,982,1002
327737,985,1005
327738,987,1004
327739,995,1007
327740,993,1002
327741,992,1001
327742,991,999
327743,988,998
327744,992,1000
327745,998,1000
327746,998,996
327747,1000,994
327748,993,994
327749,997,992
327750,998,994
327751,1003,996
327752,1004,996
327753,1002,993
327754,999,994
327755,1000,998
327756,1006,1004
327757,1007,1006
327758,1008,1006
327759,1004,1006
327760,1000,1008
327761,1000,1011
327762,999,1019
327763,1005,1022
327764,1004,1024
327765,1003,1026
327766,999,1027
327767,998,1034
327768,1000,1042
327769,1001,1042
327770,998,1042
327771,993,1041
327772,989,1043
327773,989,1044
327774,992,1046
327775,993,1047
327776,990,1048
327777,989,1047
327778,986,1048
327779,982,1050
327780,984,1055
327781,985,1059
327782,984,1058
327783,982,1058
327784,976,1055
327785,977,1058
327786,980,1057
327787,984,1062
327788,986,1059
327789,982,1059
327790,979,1059
327791,980,1061
327792,981,1066
327793,985,1065
327794,983,1062
327795,981,1062
327796,980,1059
327797,984,1059
327798,986,1061
327799,987,1061
327800,989,1059
327801,987,1057
327802,984,1058
327803,982,1058
327804,983,1061
327805,990,1061
327806,989,1060
327807,987,1059
327808,986,1059
327809,985,1058
327810,985,1063
327811,990,1060
327812,989,1059
327813,985,1058
327814,982,1056
327815,984,1060
327816,990,1061
327817,996,1058
327818,996,1057
327819,993,1054
327820,992,1053
327821,988,1058
327822,991,1061
327823,993,1059
327824,997,1058
327825,995,1058
327826,991,1056
327827,991,1060
327828,994,1063
327829,996,1066
327830,995,1066
327831,993,1064
327832,991,1062
327833,993,1055
327834,991,1054
327835,995,1058
327836,994,1054
327837,992,1051
327838,991,1050
327839,992,1052
327840,994,1055
327841,993,1058
327842,988,1058
327843,986,1054
327844,986,1051
327845,987,1054
327846,989,1057
327847,991,1056
327848,993,1055
327849,991,1053
327850,987,1054
327851,989,1056
327852,992,1061
327853,992,1061
327854,994,1060
327855,993,1056
327856,992,1056
327857,991,1058
327858,994,1060
327859,997,1061
327860,996,1061
327861,995,1055
327862,993,1054
327863,993,1054
327864,998,1054
327865,1007,1049
327866,1016,1046
327867,1024,1040
327868,1034,1039
327869,1052,1040
327870,1077,1040
327871,1111,1034
327872,1149,1028
327873,1189,1026
327874,1227,1031
327875,1265,1044
327876,1290,1060
327877,1288,1071
327878,1258,1070
327879,1204,1061
327880,1149,1063
327881,1088,1073
327882,1033,1090
327883,984,1102
327884,959,1107
327885,955,1098
327886,963,1086
327887,974,1075
327888,984,1071
327889,988,1065
327890,986,1060
327891,980,1055
327892,977,1053
327893,975,1058
327894,973,1059
327895,976,1059
327896,975,1058
327897,970,1058
327898,967,1055
327899,964,1059
327900,969,1062
327901,971,1062
327902,971,1060
327903,968,1060
327904,966,1057
327905,962,1062
327906,966,1063
327907,973,1064
327908,971,1062
327909,969,1063
327910,965,1062
327911,961,1058
327912,962,1059
327913,966,1058
327914,967,1057
327915,964,1055
327916,963,1052
327917,963,1056
327918,965,1058
327919,965,1059
327920,969,1055
327921,966,1056
327922,963,1057
327923,963,1062
327924,962,1063
327925,968,1068
327926,970,1066
327927,967,1063
327928,964,1052
327929,963,1048
327930,967,1048
327931,973,1047
327932,973,1046
327933,971,1042
327934,971,1040
327935,969,1045
327936,974,1046
327937,976,1048
327938,977,1044
327939,975,1040
327940,974,1036
327941,976,1037
327942,979,1040
327943,980,1040
327944,979,1040
327945,978,1034
327946,977,1031
327947,981,1030
327948,983,1029
327949,988,1029
327950,988,1023
327951,986,1022
327952,983,1021
327953,985,1018
327954,988,1020
327955,989,1018
327956,990,1014
327957,990,1011
327958,990,1006
327959,993,1008
327960,997,1012
327961,998,1012
327962,1001,1012
327963,1000,1009
327964,999,1007
327965,1000,1008
327966,1002,1010
327967,1007,1010
327968,1005,1011
327969,1007,1014
327970,1004,1014
327971,1004,1017
327972,1005,1021
327973,1015,1025
327974,1013,1025
327975,1007,1024
327976,998,1024
327977,997,1029
327978,998,1030
327979,999,1033
327980,1000,1030
327981,999,1030
327982,994,1031
327983,995,1035
327984,997,1042
327985,1001,1047
327986,999,1047
327987,995,1047
327988,991,1050
327989,991,1057
327990,990,1058
327991,995,1062
327992,992,1063
327993,987,1062
327994,981,1065
327995,982,1069
327996,979,1072
327997,983,1073
327998,979,1073
327999,979,1068
328000,977,1070
328001,979,1068
328002,982,1070
328003,984,1069
328004,983,1066
328005,977,1065
328006,975,1061
328007,975,1061
328008,979,1063
328009,985,1065
328010,985,1063
328011,985,1066
328012,986,1066
328013,984,1069
328014,986,1069
328015,993,1066
328016,994,1064
328017,995,1064
328018,996,1063
328019,1000,1065
328020,1006,1070
328021,1015,1071
328022,1017,1072
328023,1014,1070
328024,1013,1073
328025,1018,1080
328026,1028,1084
328027,1040,1086
328028,1051,1080
328029,1059,1061
328030,1064,1042
328031,1078,1025
328032,1095,1011
328033,1115,1000
328034,1132,985
328035,1147,967
328036,1164,950
328037,1180,932
328038,1199,910
328039,1215,889
328040,1233,868
328041,1245,852
328042,1254,839
328043,1260,834
328044,1268,831
328045,1266,832
328046,1263,829
328047,1258,825
328048,1250,825
328049,1243,828
328050,1234,831
328051,1218,834
328052,1198,837
328053,1176,843
328054,1151,851
328055,1132,861
328056,1111,875
328057,1095,883
328058,1083,895
328059,1067,906
328060,1063,919
328061,1058,935
328062,1060,948
328063,1059,959
328064,1053,967
328065,1051,970
328066,1050,979
328067,1058,989
328068,1070,998
328069,1089,1003
328070,1095,1002
328071,1091,1004
328072,1076,1011
328073,1045,1024
328074,1011,1034
328075,980,1049
328076,955,1063
328077,940,1074
328078,933,1089
328079,931,1104
328080,932,1111
328081,930,1116
328082,925,1118
328083,917,1117
328084,912,1120
328085,909,1127
328086,909,1130
328087,908,1133
328088,904,1134
328089,898,1133
328090,894,1135
328091,894,1141
328092,896,1144
328093,896,1149
328094,892,1147
328095,886,1148
328096,888,1153
328097,886,1162
328098,887,1165
328099,891,1168
328100,889,1167
328101,887,1168
328102,884,1167
328103,881,1171
328104,881,1178
328105,883,1180
328106,882,1179
328107,883,1177
328108,877,1175
328109,873,1180
328110,871,1185
328111,875,1189
328112,869,1192
328113,869,1190
328114,864,1191
328115,867,1192
328116,870,1197
328117,874,1199
328118,872,1196
328119,869,1196
328120,867,1202
328121,864,1204
328122,867,1209
328123,868,1211
328124,871,1211
328125,871,1210
328126,872,1213
328127,874,1215
328128,874,1218
328129,884,1219
328130,885,1219
328131,882,1214
328132,885,1215
328133,887,1214
328134,891,1214
328135,899,1212
328136,901,1211
328137,898,1204
328138,899,1203
328139,907,1202
328140,914,1203
328141,923,1199
328142,926,1192
328143,929,1186
328144,929,1182
328145,933,1179
328146,937,1181
328147,940,1177
328148,943,1174
328149,941,1166
328150,944,1156
328151,943,1152
328152,948,1147
328153,951,1144
328154,952,1140
328155,948,1131
328156,950,1120
328157,957,1112
328158,963,1106
328159,967,1101
328160,968,1094
328161,965,1087
328162,962,1082
328163,965,1081
328164,968,1079
328165,970,1078
328166,970,1078
328167,971,1074
328168,971,1073
328169,970,1071
328170,972,1073
328171,975,1073
328172,972,1069
328173,970,1064
328174,971,1065
328175,972,1065
328176,972,1069
328177,977,1069
328178,977,1069
328179,971,1065
328180,971,1064
328181,970,1065
328182,974,1068
328183,978,1067
328184,980,1066
328185,978,1065
328186,978,1064
328187,978,1065
328188,981,1067
328189,985,1069
328190,983,1067
328191,983,1064
328192,979,1062
328193,980,1065
328194,986,1066
328195,987,1067
328196,985,1069
328197,981,1066
328198,981,1067
328199,980,1068
328200,980,1073
328201,984,1076
328202,987,1076
328203,984,1073
328204,979,1070
328205,973,1071
328206,977,1074
328207,981,1074
328208,980,1069
328209,980,1066
328210,973,1064
328211,976,1065
328212,978,1063
328213,984,1053
328214,984,1052
328215,982,1043
328216,979,1044
328217,977,1045
328218,980,1049
328219,985,1051
328220,983,1048
328221,980,1047
328222,975,1045
328223,980,1047
328224,981,1052
328225,984,1052
328226,983,1050
328227,979,1051
328228,977,1048
328229,976,1051
328230,977,1051
328231,983,1051
328232,984,1050
328233,980,1050
328234,977,1047
328235,976,1048
328236,981,1051
328237,988,1051
328238,984,1049
328239,986,1048
328240,982,1049
328241,982,1050
328242,986,1054
328243,989,1054
328244,985,1056
328245,986,1055
328246,978,1054
328247,977,1054
328248,980,1055
328249,987,1056
328250,989,1051
328251,988,1052
328252,983,1051
328253,981,1053
328254,982,1058
328255,982,1058
328256,979,1058
328257,976,1060
328258,972,1063
328259,971,1067
328260,977,1068
328261,983,1070
328262,984,1068
328263,984,1063
328264,982,1061
328265,981,1060
328266,981,1065
328267,982,1065
328268,982,1063
328269,982,1058
328270,980,1054
328271,981,1052
328272,984,1050
328273,987,1049
328274,985,1048
328275,977,1046
328276,979,1044
328277,982,1047
328278,984,1047
328279,983,1049
328280,981,1046
328281,983,1042
328282,984,1042
328283,981,1043
328284,983,1052
328285,983,1054
328286,979,1056
328287,978,1054
328288,977,1050
328289,980,1052
328290,984,1051
328291,989,1054
328292,983,1055
328293,979,1052
328294,980,1049
328295,981,1055
328296,982,1058
328297,984,1060
328298,982,1055
328299,984,1049
328300,979,1044
328301,981,1047
328302,983,1052
328303,985,1053
328304,983,1056
328305,983,1053
328306,981,1056
328307,979,1057
328308,986,1062
328309,985,1059
328310,984,1059
328311,981,1057
328312,976,1059
328313,976,1059
328314,981,1059
328315,983,1051
328316,985,1049
328317,980,1043
328318,977,1042
328319,978,1047
328320,977,1051
328321,981,1052
328322,978,1049
328323,974,1044
328324,976,1042
328325,976,1042
328326,980,1045
328327,984,1046
328328,983,1043
328329,981,1042
328330,975,1043
328331,976,1044
328332,981,1050
328333,984,1053
328334,983,1050
328335,982,1050
328336,982,1048
328337,986,1044
328338,990,1045
328339,991,1047
328340,988,1044
328341,982,1043
328342,980,1043
328343,982,1043
328344,985,1045
328345,988,1046
328346,987,1048
328347,984,1045
328348,982,1047
328349,982,1050
328350,984,1055
328351,985,1058
328352,985,1057
328353,985,1054
328354,987,1053
328355,990,1055
328356,993,1056
328357,998,1057
328358,998,1054
328359,993,1051
328360,987,1045
328361,986,1045
328362,989,1043
328363,993,1046
328364,990,1044
328365,987,1043
328366,984,1045
328367,987,1050
328368,992,1052
328369,990,1058
328370,988,1058
328371,985,1053
328372,982,1048
328373,984,1046
328374,986,1045
328375,992,1045
328376,991,1049
328377,989,1045
328378,988,1043
328379,989,1043
328380,994,1044
328381,996,1044
328382,994,1045
328383,990,1048
328384,988,1049
328385,990,1052
328386,992,1053
328387,997,1053
328388,997,1048
328389,991,1046
328390,984,1048
328391,986,1055
328392,989,1058
328393,992,1058
328394,993,1061
328395,991,1058
328396,990,1060
328397,991,1060
328398,994,1057
328399,998,1055
328400,999,1046
328401,999,1042
328402,995,1042
328403,993,1043
328404,993,1046
328405,998,1046
328406,999,1042
328407,999,1040
328408,995,1036
328409,991,1037
328410,995,1041
328411,999,1040
328412,997,1038
328413,993,1036
328414,995,1035
328415,996,1036
328416,999,1041
328417,998,1041
328418,995,1043
328419,991,1041
328420,985,1041
328421,986,1048
328422,988,1052
328423,992,1052
328424,990,1048
328425,990,1048
328426,989,1043
328427,989,1043
328428,990,1045
328429,991,1046
328430,989,1045
328431,989,1046
328432,987,1045
328433,991,1051
328434,994,1050
328435,994,1049
328436,995,1043
328437,995,1042
328438,993,1043
328439,994,1046
328440,996,1049
328441,994,1049
328442,994,1044
328443,996,1040
328444,997,1040
328445,998,1042
328446,999,1045
328447,995,1048
328448,993,1046
328449,995,1043
328450,994,1044
328451,998,1044
328452,1000,1046
328453,1001,1047
328454,995,1046
328455,991,1045
328456,987,1048
328457,990,1051
328458,993,1048
328459,1000,1046
328460,1000,1040
328461,999,1037
328462,996,1034
328463,994,1039
328464,997,1043
328465,998,1045
328466,996,1046
328467,995,1038
328468,993,1041
328469,996,1041
328470,998,1043
328471,1003,1048
328472,1002,1046
328473,1001,1047
328474,1001,1046
328475,998,1047
328476,1000,1052
328477,999,1053
328478,996,1054
328479,996,1055
328480,995,1056
328481,995,1055
328482,998,1054
328483,999,1050
328484,997,1048
328485,998,1046
328486,992,1042
328487,993,1045
328488,996,1048
328489,1000,1045
328490,1001,1042
328491,1001,1039
328492,999,1036
328493,996,1037
328494,1000,1042
328495,1000,1047
328496,998,1046
328497,997,1043
328498,998,1042
328499,999,1038
328500,1000,1037
328501,1002,1034
328502,1005,1034
328503,1003,1031
328504,1001,1033
328505,996,1035
328506,1001,1041
328507,1002,1039
328508,1004,1035
328509,1000,1035
328510,1001,1034
328511,999,1038
328512,999,1042
328513,1005,1041
328514,1002,1039
328515,996,1039
328516,996,1039
328517,994,1042
328518,998,1045
328519,1000,1048
328520,1004,1047
328521,999,1045
328522,996,1045
328523,994,1051
328524,997,1059
328525,999,1061
328526,999,1060
328527,997,1058
328528,997,1061
328529,999,1064
328530,1004,1063
328531,1009,1060
328532,1010,1056
328533,1009,1049
328534,1009,1040
328535,1010,1033
328536,1017,1029
328537,1028,1028
328538,1040,1025
328539,1051,1018
328540,1067,1015
328541,1089,1013
328542,1118,1007
328543,1148,1000
328544,1178,989
328545,1218,989
328546,1253,991
328547,1286,1004
328548,1303,1018
328549,1297,1031
328550,1265,1034
328551,1211,1032
328552,1154,1040
328553,1098,1053
328554,1049,1064
328555,1010,1073
328556,980,1074
328557,970,1070
328558,975,1065
328559,988,1059
328560,996,1056
328561,998,1052
328562,996,1052
328563,987,1052
328564,984,1052
328565,979,1059
328566,981,1067
328567,983,1070
328568,982,1064
328569,982,1053
328570,979,1042
328571,976,1044
328572,975,1049
328573,975,1054
328574,977,1055
328575,975,1054
328576,974,1057
328577,976,1054
328578,979,1057
328579,983,1054
328580,985,1049
328581,980,1045
328582,977,1043
328583,978,1047
328584,976,1048
328585,980,1051
328586,981,1050
328587,978,1047
328588,978,1046
328589,976,1047
328590,974,1052
328591,979,1050
328592,978,1051
328593,972,1047
328594,966,1047
328595,971,1052
328596,975,1059
328597,976,1063
328598,975,1064
328599,971,1058
328600,966,1052
328601,969,1046
328602,976,1042
328603,979,1038
328604,974,1032
328605,972,1026
328606,968,1029
328607,969,1034
328608,970,1040
328609,973,1043
328610,971,1038
328611,969,1037
328612,965,1039
328613,969,1039
328614,972,1044
328615,978,1043
328616,978,1046
328617,978,1043
328618,975,1052
328619,973,1063
328620,976,1068
328621,981,1065
328622,983,1052
328623,983,1037
328624,984,1024
328625,984,1019
328626,985,1014
328627,987,1012
328628,989,1007
328629,994,1010
328630,994,1007
328631,994,1010
328632,996,1013
328633,1000,1012
328634,1002,1010
328635,1000,1010
328636,1001,1011
328637,996,1016
328638,1000,1019
328639,1004,1021
328640,1004,1018
328641,1002,1011
328642,1000,1010
328643,1002,1008
328644,1005,1012
328645,1010,1013
328646,1013,1014
328647,1012,1011
328648,1008,1014
328649,1012,1016
328650,1012,1017
328651,1015,1020
328652,1012,1019
328653,1009,1019
328654,1008,1020
328655,1010,1025
328656,1012,1029
328657,1016,1033
328658,1011,1033
328659,1007,1034
328660,1003,1036
328661,1001,1044
328662,1004,1054
328663,1007,1055
328664,1005,1054
328665,1001,1053
328666,994,1055
328667,994,1060
328668,997,1059
328669,998,1054
328670,998,1044
328671,996,1033
328672,995,1029
328673,992,1030
328674,995,1035
328675,999,1034
328676,994,1036
328677,993,1036
328678,988,1036
328679,984,1039
328680,987,1043
328681,996,1045
328682,998,1042
328683,997,1039
328684,993,1039
328685,990,1044
328686,990,1044
328687,992,1045
328688,993,1043
328689,987,1042
328690,988,1043
328691,989,1045
328692,989,1045
328693,989,1049
328694,988,1047
328695,986,1046
328696,988,1047
328697,988,1050
328698,988,1056
328699,990,1056
328700,986,1055
328701,987,1053
328702,984,1054
328703,982,1056
328704,985,1059
328705,986,1059
328706,989,1057
328707,988,1056
328708,985,1053
328709,982,1060
328710,983,1063
328711,986,1059
328712,988,1059
328713,986,1057
328714,987,1058
328715,987,1058
328716,991,1055
328717,992,1051
328718,991,1043
328719,986,1040
328720,982,1039
328721,985,1038
328722,985,1039
328723,988,1039
328724,986,1040
328725,983,1039
328726,979,1040
328727,976,1043
328728,977,1047
328729,977,1048
328730,976,1048
328731,975,1045
328732,977,1043
328733,978,1043
328734,986,1047
328735,984,1047
328736,982,1044
328737,976,1042
328738,973,1043
328739,974,1045
328740,981,1047
328741,986,1047
328742,985,1047
328743,982,1047
328744,979,1048
328745,978,1054
328746,978,1062
328747,981,1061
328748,976,1058
328749,973,1054
328750,972,1054
328751,975,1061
328752,977,1067
328753,974,1064
328754,970,1060
328755,968,1056
328756,968,1049
328757,966,1053
328758,967,1057
328759,973,1057
328760,971,1056
328761,970,1049
328762,972,1044
328763,970,1043
328764,974,1043
328765,974,1043
328766,973,1044
328767,975,1039
328768,972,1039
328769,975,1043
328770,974,1047
328771,974,1049
328772,972,1047
328773,972,1045
328774,969,1045
328775,969,1045
328776,968,1049
328777,969,1049
328778,968,1046
328779,967,1046
328780,968,1046
328781,968,1047
328782,970,1051
328783,976,1052
328784,977,1052
328785,975,1047
328786,973,1046
328787,969,1052
328788,970,1055
328789,969,1056
328790,966,1052
328791,962,1048
328792,959,1049
328793,964,1050
328794,966,1054
328795,965,1055
328796,965,1057
328797,963,1051
328798,964,1051
328799,964,1054
328800,964,1058
328801,969,1060
328802,968,1061
328803,966,1061
328804,964,1059
328805,964,1060
328806,965,1060
328807,966,1060
328808,969,1058
328809,967,1054
328810,964,1051
328811,963,1055
328812,965,1060
328813,969,1058
328814,972,1053
328815,972,1047
328816,968,1046
328817,969,1049
328818,969,1052
328819,973,1053
328820,971,1055
328821,970,1050
328822,971,1049
328823,970,1053
328824,974,1056
328825,975,1054
328826,972,1054
328827,969,1052
328828,968,1052
328829,968,1052
328830,971,1054
328831,976,1056
328832,972,1054
328833,969,1050
328834,967,1050
328835,967,1051
328836,970,1054
328837,972,1054
328838,971,1053
328839,968,1051
328840,964,1049
328841,966,1053
328842,971,1056
328843,975,1053
328844,973,1053
328845,968,1051
328846,962,1052
328847,964,1052
328848,968,1055
328849,971,1056
328850,966,1055
328851,963,1054
328852,966,1053
328853,962,1051
328854,966,1054
328855,971,1051
328856,970,1048
328857,968,1046
328858,964,1048
328859,965,1050
328860,962,1052
328861,966,1054
328862,969,1053
328863,970,1051
328864,966,1051
328865,965,1049
328866,967,1055
328867,969,1055
328868,970,1058
328869,972,1061
328870,966,1061
328871,964,1064
328872,966,1065
328873,972,1060
328874,974,1055
328875,973,1051
328876,970,1044
328877,970,1043
328878,973,1042
328879,977,1044
328880,976,1042
328881,972,1041
328882,970,1042
328883,968,1044
328884,975,1045
328885,974,1045
328886,971,1044
328887,967,1042
328888,963,1044
328889,960,1050
328890,962,1054
328891,964,1055
328892,963,1055
328893,962,1053
328894,961,1051
328895,963,1055
328896,969,1059
328897,972,1057
328898,969,1055
328899,966,1054
328900,968,1054
328901,967,1055
328902,971,1056
328903,974,1057
328904,972,1053
328905,967,1051
328906,962,1050
328907,961,1054
328908,960,1056
328909,965,1057
328910,967,1056
328911,966,1052
328912,961,1053
328913,964,1053
328914,969,1054
328915,971,1054
328916,971,1053
328917,969,1050
328918,967,1050
328919,967,1052
328920,970,1055
328921,973,1055
328922,967,1051
328923,967,1052
328924,962,1050
328925,969,1049
328926,975,1054
328927,978,1050
328928,976,1050
328929,973,1048
328930,972,1045
328931,973,1045
328932,976,1049
328933,976,1048
328934,973,1046
328935,967,1046
328936,961,1046
328937,959,1051
328938,964,1055
328939,971,1056
328940,973,1053
328941,968,1049
328942,965,1050
328943,968,1050
328944,968,1054
328945,972,1052
328946,969,1049
328947,965,1045
328948,966,1048
328949,966,1052
328950,969,1057
328951,973,1058
328952,972,1057
328953,968,1051
328954,967,1049
328955,967,1050
328956,970,1054
328957,971,1051
328958,970,1048
328959,966,1045
328960,967,1044
328961,966,1046
328962,972,1046
328963,977,1046
328964,978,1048
328965,971,1045
328966,968,1044
328967,969,1048
328968,969,1049
328969,974,1048
328970,972,1048
328971,973,1046
328972,972,1046
328973,972,1048
328974,975,1052
328975,978,1054
328976,973,1051
328977,967,1049
328978,966,1051
328979,967,1053
328980,969,1057
328981,971,1060
328982,975,1063
328983,971,1068
328984,970,1074
328985,970,1081
328986,972,1085
328987,975,1075
328988,973,1064
328989,974,1048
328990,973,1037
328991,977,1040
328992,975,1039
328993,976,1039
328994,975,1037
328995,974,1034
328996,971,1035
328997,975,1036
328998,976,1039
328999,980,1038
329000,980,1037
329001,982,1036
329002,980,1040
329003,980,1041
329004,981,1042
329005,982,1040
329006,980,1041
329007,981,1036
329008,979,1035
329009,981,1037
329010,980,1042
329011,984,1039
329012,982,1039
329013,978,1038
329014,981,1038
329015,980,1041
329016,985,1043
329017,989,1047
329018,985,1044
329019,983,1041
329020,978,1039
329021,980,1039
329022,988,1041
329023,997,1037
329024,1007,1034
329025,1014,1029
329026,1020,1026
329027,1040,1025
329028,1064,1023
329029,1095,1016
329030,1123,1006
329031,1159,997
329032,1197,996
329033,1235,1006
329034,1266,1021
329035,1277,1036
329036,1259,1043
329037,1223,1046
329038,1178,1046
329039,1125,1053
329040,1076,1065
329041,1030,1076
329042,986,1079
329043,955,1086
329044,951,1085
329045,961,1080
329046,974,1071
329047,979,1061
329048,984,1051
329049,977,1043
329050,969,1041
329051,970,1042
329052,970,1043
329053,972,1045
329054,969,1042
329055,965,1039
329056,963,1039
329057,958,1043
329058,960,1046
329059,962,1047
329060,965,1045
329061,958,1042
329062,953,1043
329063,957,1049
329064,958,1050
329065,959,1046
329066,955,1047
329067,954,1044
329068,952,1044
329069,952,1046
329070,959,1049
329071,958,1050
329072,959,1052
329073,955,1048
329074,952,1050
329075,957,1051
329076,960,1053
329077,964,1056
329078,961,1052
329079,955,1051
329080,955,1051
329081,958,1053
329082,958,1057
329083,958,1056
329084,955,1057
329085,950,1061
329086,949,1067
329087,953,1066
329088,953,1056
329089,959,1045
329090,960,1035
329091,962,1030
329092,960,1029
329093,957,1033
329094,957,1037
329095,962,1036
329096,959,1038
329097,957,1034
329098,958,1033
329099,960,1033
329100,962,1037
329101,965,1036
329102,964,1034
329103,962,1030
329104,960,1029
329105,962,1029
329106,963,1027
329107,964,1030
329108,965,1026
329109,968,1025
329110,967,1021
329111,973,1021
329112,977,1023
329113,981,1023
329114,978,1019
329115,975,1017
329116,974,1016
329117,976,1017
329118,982,1019
329119,982,1018
329120,987,1015
329121,984,1015
329122,984,1013
329123,983,1017
329124,983,1020
329125,989,1017
329126,987,1018
329127,986,1014
329128,986,1016
329129,986,1017
329130,985,1019
329131,990,1021
329132,989,1016
329133,985,1011
329134,983,1013
329135,982,1014
329136,984,1014
329137,986,1015
329138,986,1017
329139,982,1014
329140,981,1018
329141,985,1021
329142,987,1023
329143,987,1028
329144,984,1025
329145,982,1025
329146,976,1028
329147,978,1031
329148,979,1037
329149,979,1042
329150,980,1042
329151,977,1045
329152,975,1044
329153,973,1048
329154,976,1048
329155,978,1044
329156,975,1042
329157,970,1040
329158,966,1039
329159,968,1045
329160,972,1047
329161,974,1049
329162,970,1046
329163,967,1044
329164,962,1048
329165,965,1049
329166,969,1054
329167,974,1054
329168,971,1053
329169,971,1052
329170,966,1052
329171,966,1054
329172,969,1058
329173,973,1057
329174,974,1056
329175,970,1053
329176,967,1054
329177,970,1058
329178,971,1059
329179,975,1060
329180,976,1055
329181,971,1054
329182,969,1054
329183,968,1055
329184,967,1059
329185,971,1060
329186,968,1058
329187,969,1054
329188,965,1051
329189,968,1056
329190,969,1059
329191,974,1060
329192,970,1054
329193,966,1052
329194,968,1051
329195,967,1052
329196,971,1052
329197,976,1051
329198,977,1051
329199,975,1047
329200,971,1043
329201,971,1045
329202,971,1051
329203,974,1051
329204,974,1051
329205,972,1047
329206,968,1047
329207,973,1050
329208,978,1048
329209,983,1050
329210,981,1048
329211,979,1045
329212,975,1042
329213,977,1045
329214,978,1047
329215,981,1046
329216,982,1045
329217,975,1040
329218,976,1042
329219,971,1044
329220,974,1048
329221,976,1050
329222,973,1048
329223,968,1047
329224,966,1045
329225,971,1045
329226,975,1050
329227,975,1049
329228,973,1050
329229,972,1049
329230,969,1051
329231,969,1049
329232,968,1052
329233,966,1057
329234,963,1054
329235,964,1050
329236,960,1050
329237,958,1052
329238,963,1053
329239,970,1056
329240,971,1055
329241,969,1051
329242,961,1049
329243,958,1053
329244,958,1055
329245,965,1057
329246,964,1053
329247,965,1051
329248,965,1050
329249,967,1051
329250,963,1053
329251,965,1053
329252,965,1049
329253,964,1045
329254,962,1041
329255,959,1043
329256,960,1045
329257,965,1044
329258,966,1041
329259,968,1040
329260,965,1043
329261,967,1044
329262,969,1050
329263,973,1048
329264,976,1044
329265,974,1039
329266,971,1038
329267,970,1042
329268,972,1045
329269,971,1045
329270,965,1046
329271,957,1047
329272,953,1045
329273,962,1048
329274,964,1052
329275,971,1048
329276,975,1045
329277,978,1044
329278,974,1042
329279,972,1045
329280,966,1052
329281,967,1055
329282,966,1053
329283,967,1052
329284,962,1051
329285,961,1052
329286,959,1055
329287,961,1054
329288,961,1050
329289,959,1049
329290,954,1050
329291,958,1052
329292,960,1056
329293,966,1054
329294,966,1053
329295,964,1049
329296,963,1049
329297,964,1050
329298,969,1053
329299,970,1056
329300,974,1050
329301,971,1048
329302,968,1046
329303,967,1049
329304,967,1051
329305,969,1049
329306,963,1048
329307,959,1044
329308,957,1043
329309,962,1046
329310,968,1045
329311,969,1045
329312,969,1042
329313,968,1042
329314,970,1039
329315,975,1041
329316,974,1043
329317,967,1043
329318,953,1043
329319,950,1042
329320,956,1048
329321,967,1045
329322,977,1048
329323,979,1047
329324,971,1046
329325,970,1044
329326,973,1043
329327,975,1043
329328,973,1047
329329,970,1047
329330,965,1050
329331,962,1053
329332,963,1053
329333,963,1054
329334,963,1056
329335,964,1057
329336,962,1056
329337,963,1050
329338,967,1052
329339,971,1050
329340,975,1056
329341,974,1053
329342,974,1053
329343,971,1047
329344,962,1048
329345,967,1052
329346,970,1053
329347,975,1054
329348,971,1050
329349,967,1046
329350,966,1046
329351,972,1046
329352,980,1049
329353,986,1046
329354,982,1040
329355,978,1036
329356,970,1037
329357,965,1040
329358,963,1045
329359,966,1043
329360,968,1041
329361,967,1035
329362,969,1031
329363,978,1030
329364,993,1028
329365,1012,1027
329366,1030,1021
329367,1052,1013
329368,1079,1006
329369,1113,998
329370,1156,993
329371,1193,995
329372,1231,1003
329373,1257,1012
329374,1275,1030
329375,1269,1046
329376,1236,1052
329377,1179,1052
329378,1116,1055
329379,1065,1062
329380,1020,1073
329381,967,1086
329382,932,1099
329383,923,1102
329384,929,1098
329385,938,1087
329386,944,1076
329387,950,1068
329388,959,1063
329389,967,1056
329390,962,1054
329391,955,1048
329392,954,1047
329393,954,1048
329394,956,1049
329395,957,1049
329396,950,1048
329397,942,1047
329398,940,1048
329399,939,1051
329400,940,1053
329401,943,1049
329402,946,1048
329403,944,1044
329404,942,1045
329405,944,1044
329406,945,1046
329407,948,1048
329408,951,1045
329409,950,1044
329410,945,1042
329411,942,1044
329412,943,1047
329413,943,1043
329414,941,1041
329415,942,1037
329416,943,1037
329417,944,1037
329418,942,1039
329419,939,1040
329420,935,1037
329421,938,1037
329422,940,1035
329423,942,1039
329424,946,1039
329425,945,1041
329426,936,1041
329427,934,1039
329428,934,1040
329429,938,1042
329430,939,1043
329431,941,1043
329432,944,1042
329433,942,1039
329434,941,1036
329435,944,1038
329436,950,1040
329437,958,1036
329438,959,1032
329439,955,1031
329440,953,1032
329441,954,1034
329442,958,1035
329443,956,1035
329444,957,1029
329445,953,1023
329446,951,1023
329447,952,1022
329448,960,1025
329449,967,1024
329450,970,1019
329451,974,1015
329452,971,1011
329453,968,1014
329454,965,1016
329455,967,1016
329456,970,1012
329457,971,1008
329458,977,1004
329459,978,1004
329460,989,1005
329461,989,1002
329462,978,997
329463,973,995
329464,972,996
329465,975,1002
329466,981,1004
329467,986,1001
329468,986,998
329469,982,994
329470,977,997
329471,981,998
329472,987,1001
329473,988,999
329474,988,1000
329475,990,998
329476,990,999
329477,991,1004
329478,989,1005
329479,987,1008
329480,987,1007
329481,986,1006
329482,980,1008
329483,980,1014
329484,985,1020
329485,984,1020
329486,980,1020
329487,977,1020
329488,972,1024
329489,971,1028
329490,975,1032
329491,983,1034
329492,986,1032
329493,982,1033
329494,974,1031
329495,971,1042
329496,966,1044
329497,964,1046
329498,963,1050
329499,963,1048
329500,961,1051
329501,962,1050
329502,962,1055
329503,965,1055
329504,963,1054
329505,965,1051
329506,961,1052
329507,959,1054
329508,962,1056
329509,965,1058
329510,960,1061
329511,954,1056
329512,953,1062
329513,956,1060
329514,956,1062
329515,960,1061
329516,958,1057
329517,957,1054
329518,953,1056
329519,952,1060
329520,956,1061
329521,963,1061
329522,965,1059
329523,958,1056
329524,957,1054
329525,961,1052
329526,962,1055
329527,964,1054
329528,966,1052
329529,970,1048
329530,968,1045
329531,963,1048
329532,963,1050
329533,965,1051
329534,966,1049
329535,965,1046
329536,964,1044
329537,965,1047
329538,968,1050
329539,974,1052
329540,975,1050
329541,978,1048
329542,974,1047
329543,974,1048
329544,977,1051
329545,981,1051
329546,979,1051
329547,972,1046
329548,969,1046
329549,973,1048
329550,981,1049
329551,981,1047
329552,978,1048
329553,976,1043
329554,974,1045
329555,975,1049
329556,979,1049
329557,979,1049
329558,976,1048
329559,972,1042
329560,970,1043
329561,973,1047
329562,975,1051
329563,974,1050
329564,967,1052
329565,963,1050
329566,963,1051
329567,964,1054
329568,968,1058
329569,971,1053
329570,968,1049
329571,968,1041
329572,969,1042
329573,972,1043
329574,969,1047
329575,969,1049
329576,966,1048
329577,967,1043
329578,965,1044
329579,965,1044
329580,971,1047
329581,974,1046
329582,968,1046
329583,964,1045
329584,965,1043
329585,965,1047
329586,969,1048
329587,971,1046
329588,969,1046
329589,970,1045
329590,969,1046
329591,972,1046
329592,972,1047
329593,973,1046
329594,969,1048
329595,968,1044
329596,963,1045
329597,962,1053
329598,966,1055
329599,972,1056
329600,967,1051
329601,962,1049
329602,961,1046
329603,965,1049
329604,971,1050
329605,976,1050
329606,970,1047
329607,961,1046
329608,958,1049
329609,964,1051
329610,969,1055
329611,974,1055
329612,970,1052
329613,962,1053
329614,963,1052
329615,965,1053
329616,967,1053
329617,970,1051
329618,969,1048
329619,966,1046
329620,966,1043
329621,965,1041
329622,968,1047
329623,972,1043
329624,973,1041
329625,972,1040
329626,971,1038
329627,970,1044
329628,974,1048
329629,978,1051
329630,975,1049
329631,967,1047
329632,969,1046
329633,971,1049
329634,973,1051
329635,976,1052
329636,977,1051
329637,976,1046
329638,976,1047
329639,972,1047
329640,971,1052
329641,975,1051
329642,972,1048
329643,971,1049
329644,969,1046
329645,967,1050
329646,967,1053
329647,973,1055
329648,972,1052
329649,972,1047
329650,969,1047
329651,973,1046
329652,975,1047
329653,975,1046
329654,970,1044
329655,967,1044
329656,969,1044
329657,967,1043
329658,973,1049
329659,970,1049
329660,969,1046
329661,967,1044
329662,963,1046
329663,961,1049
329664,962,1051
329665,965,1049
329666,964,1043
329667,965,1040
329668,967,1040
329669,969,1043
329670,974,1045
329671,977,1041
329672,974,1038
329673,975,1038
329674,970,1040
329675,976,1044
329676,976,1049
329677,977,1049
329678,976,1049
329679,972,1044
329680,969,1047
329681,972,1050
329682,972,1052
329683,974,1055
329684,975,1054
329685,974,1045
329686,977,1042
329687,986,1041
329688,995,1037
329689,1004,1037
329690,1012,1033
329691,1023,1032
329692,1037,1031
329693,1060,1029
329694,1094,1022
329695,1129,1013
329696,1166,1005
329697,1206,1003
329698,1243,1008
329699,1279,1023
329700,1301,1042
329701,1299,1053
329702,1269,1055
329703,1215,1053
329704,1149,1055
329705,1087,1068
329706,1034,1079
329707,987,1087
329708,951,1089
329709,938,1089
329710,940,1082
329711,954,1072
329712,959,1065
329713,963,1057
329714,966,1048
329715,963,1041
329716,959,1039
329717,960,1037
329718,962,1040
329719,963,1040
329720,962,1039
329721,955,1035
329722,951,1036
329723,952,1037
329724,951,1039
329725,954,1041
329726,952,1039
329727,949,1037
329728,948,1037
329729,952,1041
329730,954,1042
329731,956,1042
329732,952,1042
329733,947,1041
329734,940,1043
329735,946,1048
329736,950,1052
329737,952,1050
329738,949,1046
329739,949,1044
329740,947,1041
329741,949,1042
329742,954,1045
329743,957,1043
329744,954,1043
329745,952,1038
329746,947,1040
329747,950,1044
329748,950,1048
329749,952,1044
329750,955,1042
329751,955,1039
329752,954,1040
329753,955,1039
329754,959,1042
329755,961,1041
329756,957,1039
329757,955,1035
329758,953,1036
329759,954,1036
329760,959,1037
329761,962,1039
329762,963,1031
329763,957,1031
329764,954,1029
329765,952,1032
329766,958,1033
329767,961,1031
329768,961,1029
329769,958,1025
329770,958,1025
329771,963,1027
329772,968,1026
329773,970,1021
329774,965,1015
329775,965,1010
329776,961,1011
329777,965,1013
329778,970,1012
329779,976,1012
329780,980,1009
329781,979,1004
329782,976,1001
329783,979,1002
329784,983,1004
329785,987,999
329786,987,1000
329787,983,998
329788,984,997
329789,988,997
329790,990,999
329791,995,999
329792,993,998
329793,994,994
329794,990,992
329795,992,993
329796,993,997
329797,996,997
329798,996,994
329799,994,994
329800,994,993
329801,995,997
329802,998,999
329803,1000,1000
329804,999,996
329805,999,996
329806,996,1000
329807,997,1002
329808,1001,1007
329809,1004,1006
329810,998,1007
329811,998,1005
329812,997,1008
329813,997,1009
329814,996,1015
329815,993,1018
329816,989,1021
329817,982,1020
329818,979,1024
329819,978,1027
329820,983,1030
329821,984,1032
329822,980,1032
329823,974,1031
329824,966,1031
329825,965,1037
329826,966,1038
329827,967,1038
329828,968,1034
329829,966,1034
329830,964,1039
329831,963,1037
329832,966,1042
329833,967,1041
329834,965,1040
329835,964,1038
329836,964,1039
329837,960,1041
329838,960,1048
329839,962,1050
329840,961,1047
329841,960,1041
329842,958,1042
329843,961,1042
329844,965,1045
329845,967,1044
329846,966,1042
329847,966,1041
329848,965,1043
329849,963,1046
329850,968,1047
329851,971,1048
329852,974,1042
329853,974,1040
329854,972,1039
329855,973,1041
329856,971,1041
329857,971,1041
329858,966,1038
329859,963,1037
329860,966,1037
329861,970,1040
329862,973,1045
329863,978,1043
329864,978,1038
329865,977,1035
329866,974,1036
329867,975,1038
329868,978,1040
329869,980,1041
329870,979,1039
329871,977,1035
329872,978,1035
329873,978,1035
329874,982,1035
329875,981,1036
329876,977,1036
329877,972,1036
329878,976,1039
329879,979,1040
329880,981,1040
329881,982,1040
329882,983,1035
329883,980,1032
329884,978,1033
329885,978,1036
329886,976,1038
329887,978,1038
329888,972,1034
329889,973,1034
329890,974,1034
329891,976,1036
329892,978,1041
329893,979,1040
329894,980,1038
329895,977,1035
329896,971,1035
329897,968,1037
329898,974,1041
329899,975,1039
329900,975,1036
329901,969,1032
329902,966,1035
329903,967,1037
329904,971,1040
329905,974,1039
329906,973,1038
329907,969,1034
329908,966,1035
329909,966,1035
329910,971,1038
329911,973,1037
329912,973,1033
329913,969,1031
329914,968,1033
329915,965,1036
329916,966,1036
329917,970,1039
329918,971,1035
329919,967,1033
329920,967,1033
329921,968,1034
329922,969,1041
329923,972,1037
329924,972,1036
329925,967,1033
329926,966,1035
329927,972,1034
329928,973,1036
329929,975,1034
329930,973,1034
329931,972,1034
329932,967,1033
329933,971,1035
329934,974,1036
329935,975,1036
329936,973,1033
329937,970,1032
329938,970,1032
329939,969,1036
329940,974,1037
329941,974,1033
329942,974,1031
329943,971,1034
329944,970,1032
329945,971,1033
329946,976,1032
329947,981,1027
329948,985,1024
329949,998,1019
329950,1007,1019
329951,1021,1018
329952,1039,1022
329953,1069,1012
329954,1098,1004
329955,1130,993
329956,1167,990
329957,1209,990
329958,1246,998
329959,1275,1014
329960,1284,1030
329961,1268,1038
329962,1231,1039
329963,1177,1043
329964,1123,1055
329965,1068,1065
329966,1009,1074
329967,963,1076
329968,940,1076
329969,941,1074
329970,951,1068
329971,962,1056
329972,967,1047
329973,968,1040
329974,966,1036
329975,965,1036
329976,963,1037
329977,962,1038
329978,962,1035
329979,957,1030
329980,955,1032
329981,953,1034
329982,953,1037
329983,956,1039
329984,954,1036
329985,953,1034
329986,947,1035
329987,950,1037
329988,952,1036
329989,952,1039
329990,950,1034
329991,946,1031
329992,943,1031
329993,944,1035
329994,948,1035
329995,952,1037
329996,950,1036
329997,946,1035
329998,945,1035
329999,946,1038
330000,949,1039
330001,950,1040
330002,949,1037
330003,949,1037
330004,947,1037
330005,949,1039
330006,950,1042
330007,954,1037
330008,952,1035
330009,949,1033
330010,945,1033
330011,945,1037
330012,949,1038
330013,957,1036
330014,957,1035
330015,957,1034
330016,954,1031
330017,954,1033
330018,956,1035
330019,958,1036
330020,957,1033
330021,954,1030
330022,954,1031
330023,957,1030
330024,957,1034
330025,962,1032
330026,960,1028
330027,959,1026
330028,961,1027
330029,963,1026
330030,968,1025
330031,972,1023
330032,971,1021
330033,969,1016
330034,971,1014
330035,974,1011
330036,978,1011
330037,981,1006
330038,980,1002
330039,982,997
330040,983,995
330041,986,996
330042,991,997
330043,997,997
330044,996,993
330045,998,991
330046,999,992
330047,1003,994
330048,1006,993
330049,1008,995
330050,1007,993
330051,1008,989
330052,1007,987
330053,1007,993
330054,1011,994
330055,1012,995
330056,1014,994
330057,1011,992
330058,1006,994
330059,1008,997
330060,1008,1002
330061,1010,1003
330062,1010,1004
330063,1006,1003
330064,1004,1006
330065,1004,1011
330066,1005,1014
330067,1008,1018
330068,1004,1015
330069,999,1016
330070,994,1019
330071,990,1024
330072,992,1029
330073,990,1027
330074,990,1028
330075,986,1029
330076,982,1030
330077,979,1035
330078,982,1038
330079,982,1035
330080,977,1037
330081,975,1035
330082,975,1038
330083,973,1042
330084,974,1042
330085,975,1043
330086,973,1041
330087,970,1039
330088,965,1037
330089,967,1038
330090,968,1040
330091,969,1039
330092,966,1039
330093,963,1035
330094,961,1035
330095,962,1037
330096,969,1040
330097,971,1040
330098,969,1041
330099,967,1040
330100,963,1041
330101,963,1043
330102,965,1044
330103,966,1045
330104,964,1042
330105,966,1041
330106,965,1046
330107,966,1046
330108,969,1048
330109,973,1047
330110,968,1046
330111,969,1044
330112,970,1045
330113,972,1047
330114,974,1052
330115,974,1051
330116,972,1048
330117,969,1044
330118,972,1045
330119,971,1047
330120,975,1049
330121,979,1047
330122,980,1047
330123,978,1043
330124,975,1043
330125,975,1043
330126,977,1045
330127,980,1045
330128,978,1042
330129,978,1039
330130,976,1039
330131,978,1042
330132,981,1044
330133,980,1041
330134,980,1036
330135,977,1035
330136,974,1036
330137,975,1037
330138,980,1037
330139,982,1034
330140,979,1035
330141,977,1032
330142,976,1033
330143,975,1034
330144,979,1037
330145,982,1035
330146,982,1033
330147,978,1032
330148,976,1030
330149,977,1034
330150,979,1035
330151,980,1034
330152,977,1030
330153,974,1027
330154,974,1027
330155,974,1033
330156,973,1033
330157,980,1036
330158,978,1032
330159,976,1031
330160,974,1033
330161,972,1037
330162,973,1039
330163,980,1040
330164,975,1038
330165,974,1038
330166,973,1038
330167,975,1041
330168,980,1044
330169,984,1043
330170,982,1041
330171,979,1038
330172,979,1037
330173,979,1043
330174,981,1044
330175,980,1045
330176,975,1044
330177,974,1040
330178,973,1043
330179,975,1043
330180,976,1042
330181,979,1040
330182,978,1039
330183,974,1035
330184,972,1038
330185,975,1041
330186,977,1041
330187,978,1035
330188,979,1030
330189,980,1025
330190,984,1022
330191,996,1022
330192,1015,1025
330193,1034,1024
330194,1056,1023
330195,1083,1015
330196,1114,1005
330197,1154,1000
330198,1200,998
330199,1241,994
330200,1283,991
330201,1311,999
330202,1321,1015
330203,1304,1025
330204,1263,1029
330205,1203,1031
330206,1137,1039
330207,1073,1041
330208,1013,1047
330209,972,1048
330210,954,1050
330211,956,1043
330212,966,1036
330213,972,1029
330214,975,1026
330215,974,1027
330216,968,1030
330217,968,1034
330218,963,1033
330219,961,1030
330220,958,1033
330221,961,1035
330222,962,1039
330223,964,1039
330224,961,1040
330225,956,1037
330226,956,1038
330227,958,1040
330228,957,1044
330229,963,1044
330230,960,1040
330231,957,1038
330232,956,1038
330233,954,1042
330234,958,1045
330235,957,1045
330236,954,1043
330237,953,1039
330238,951,1041
330239,950,1043
330240,954,1044
330241,955,1046
330242,952,1043
330243,950,1039
330244,948,1038
330245,949,1041
330246,950,1040
330247,955,1039
330248,954,1038
330249,951,1034
330250,948,1036
330251,950,1036
330252,951,1038
330253,955,1039
330254,952,1033
330255,952,1031
330256,950,1031
330257,948,1033
330258,954,1035
330259,954,1035
330260,955,1032
330261,953,1031
330262,953,1033
330263,958,1036
330264,963,1037
330265,965,1032
330266,961,1030
330267,962,1026
330268,960,1026
330269,964,1027
330270,967,1029
330271,970,1027
330272,970,1024
330273,973,1023
330274,975,1019
330275,975,1019
330276,975,1021
330277,981,1017
330278,984,1015
330279,982,1008
330280,983,1008
330281,988,1008
330282,994,1008
330283,998,1007
330284,997,1003
330285,995,1001
330286,992,1000
330287,994,1003
330288,993,1006
330289,996,1004
330290,994,1000
330291,994,1001
330292,995,996
330293,997,998
330294,1002,1001
330295,1002,1000
330296,997,1002
330297,993,996
330298,994,995
330299,998,998
330300,1000,999
330301,1002,1001
330302,1002,1002
330303,1000,997
330304,997,1000
330305,997,1004
330306,998,1010
330307,1000,1013
330308,994,1013
330309,990,1013
330310,987,1017
330311,986,1021
330312,988,1027
330313,986,1028
330314,983,1028
330315,979,1025
330316,978,1026
330317,976,1030
330318,974,1034
330319,978,1037
330320,979,1031
330321,978,1030
330322,977,1032
330323,978,1034
330324,980,1035
330325,981,1034
330326,977,1032
330327,973,1032
330328,969,1032
330329,968,1037
330330,968,1040
330331,970,1041
330332,971,1038
330333,967,1037
330334,963,1036
330335,966,1041
330336,970,1039
330337,974,1037
330338,974,1036
330339,973,1035
330340,968,1034
330341,967,1037
330342,968,1040
330343,969,1039
330344,970,1039
330345,968,1037
330346,966,1036
330347,970,1038
330348,971,1041
330349,971,1039
330350,972,1038
330351,970,1033
330352,966,1035
330353,964,1035
330354,964,1040
330355,968,1040
330356,968,1037
330357,966,1034
330358,967,1035
330359,965,1038
330360,974,1038
330361,975,1037
330362,973,1034
330363,966,1032
330364,967,1031
330365,966,1034
330366,970,1036
330367,972,1034
330368,974,1031
330369,971,1026
330370,970,1028
330371,971,1032
330372,971,1035
330373,972,1032
330374,969,1034
330375,968,1031
330376,966,1032
330377,968,1033
330378,970,1037
330379,975,1035
330380,972,1034
330381,970,1033
330382,966,1034
330383,968,1034
330384,970,1040
330385,973,1039
330386,971,1037
330387,969,1032
330388,966,1035
330389,966,1037
330390,967,1039
330391,965,1038
330392,965,1036
330393,962,1031
330394,961,1033
330395,961,1035
330396,965,1038
330397,967,1037
330398,965,1034
330399,959,1034
330400,961,1033
330401,964,1036
330402,967,1039
330403,967,1039
330404,965,1035
330405,961,1033
330406,963,1033
330407,964,1037
330408,968,1036
330409,971,1036
330410,967,1034
330411,964,1030
330412,964,1031
330413,965,1029
330414,966,1031
330415,967,1030
330416,969,1027
330417,975,1019
330418,982,1019
330419,994,1015
330420,1012,1017
330421,1030,1015
330422,1057,1008
330423,1089,999
330424,1133,989
330425,1176,988
330426,1226,996
330427,1269,1008
330428,1290,1021
330429,1288,1032
330430,1255,1034
330431,1198,1032
330432,1138,1044
330433,1072,1057
330434,1008,1067
330435,959,1070
330436,935,1070
330437,937,1066
330438,951,1056
330439,960,1046
330440,963,1038
330441,963,1032
330442,960,1029
330443,956,1031
330444,955,1034
330445,953,1035
330446,949,1033
330447,949,1029
330448,949,1029
330449,948,1034
330450,956,1035
330451,953,1035
330452,950,1031
330453,948,1028
330454,941,1028
330455,945,1033
330456,950,1035
330457,955,1031
330458,950,1031
330459,948,1027
330460,943,1030
330461,942,1029
330462,942,1036
330463,943,1035
330464,943,1034
330465,941,1034
330466,941,1033
330467,942,1035
330468,943,1037
330469,948,1037
330470,947,1035
330471,946,1032
330472,945,1032
330473,946,1033
330474,950,1036
330475,954,1036
330476,954,1034
330477,953,1031
330478,955,1030
330479,954,1031
330480,955,1033
330481,956,1032
330482,952,1030
330483,952,1027
330484,953,1027
330485,956,1027
330486,961,1028
330487,962,1025
330488,961,1025
330489,958,1019
330490,955,1019
330491,957,1017
330492,961,1020
330493,966,1020
330494,967,1017
330495,964,1011
330496,959,1010
330497,966,1011
330498,972,1010
330499,973,1007
330500,972,1005
330501,968,1003
330502,966,1003
330503,968,1002
330504,976,1002
330505,984,1003
330506,987,997
330507,986,996
330508,984,995
330509,982,997
330510,986,1001
330511,987,996
330512,988,993
330513,985,990
330514,986,989
330515,988,992
330516,995,995
330517,1000,991
330518,1000,988
330519,997,986
330520,995,988
330521,995,991
330522,997,997
330523,998,996
330524,999,995
330525,1000,994
330526,998,997
330527,995,1000
330528,997,1003
330529,998,1004
330530,1000,1001
330531,996,1004
330532,997,1004
330533,996,1011
330534,994,1014
330535,994,1015
330536,992,1017
330537,989,1015
330538,986,1020
330539,987,1023
330540,992,1028
330541,993,1025
330542,987,1023
330543,981,1023
330544,977,1025
330545,975,1029
330546,979,1033
330547,982,1033
330548,978,1032
330549,973,1032
330550,973,1032
330551,973,1032
330552,977,1039
330553,979,1039
330554,977,1037
330555,975,1035
330556,973,1038
330557,974,1043
330558,977,1046
330559,978,1045
330560,980,1042
330561,976,1040
330562,975,1040
330563,978,1045
330564,981,1048
330565,982,1043
330566,982,1042
330567,983,1039
330568,980,1037
330569,983,1040
330570,985,1043
330571,986,1040
330572,984,1035
330573,983,1034
330574,980,1033
330575,982,1041
330576,984,1040
330577,985,1037
330578,983,1035
330579,980,1030
330580,979,1031
330581,981,1034
330582,985,1036
330583,986,1036
330584,986,1034
330585,984,1032
330586,982,1032
330587,984,1034
330588,987,1035
330589,988,1035
330590,984,1030
330591,984,1028
330592,977,1028
330593,982,1031
330594,988,1032
330595,992,1029
330596,989,1029
330597,991,1026
330598,992,1026
330599,997,1030
330600,1003,1033
330601,1006,1032
330602,1001,1031
330603,1001,1029
330604,995,1031
330605,999,1034
330606,1000,1037
330607,999,1037
330608,997,1033
330609,993,1031
330610,993,1032
330611,993,1037
330612,992,1037
330613,994,1036
330614,991,1035
330615,992,1033
330616,990,1032
330617,991,1034
330618,992,1035
330619,993,1032
330620,995,1031
330621,993,1029
330622,990,1029
330623,994,1031
330624,993,1035
330625,996,1035
330626,993,1033
330627,986,1032
330628,982,1030
330629,985,1032
330630,984,1034
330631,984,1031
330632,984,1028
330633,979,1025
330634,981,1023
330635,982,1022
330636,992,1024
330637,999,1023
330638,1014,1021
330639,1025,1016
330640,1048,1016
330641,1078,1016
330642,1116,1009
330643,1160,1000
330644,1201,997
330645,1245,990
330646,1287,999
330647,1320,1016
330648,1328,1032
330649,1303,1037
330650,1249,1035
330651,1181,1039
330652,1110,1054
330653,1048,1068
330654,998,1072
330655,971,1069
330656,969,1063
330657,976,1050
330658,985,1041
330659,994,1040
330660,995,1037
330661,995,1035
330662,989,1033
330663,980,1030
330664,975,1033
330665,975,1036
330666,976,1036
330667,977,1037
330668,977,1034
330669,973,1029
330670,970,1031
330671,972,1034
330672,972,1037
330673,972,1035
330674,971,1030
330675,965,1028
330676,963,1029
330677,961,1029
330678,962,1030
330679,964,1030
330680,967,1028
330681,964,1029
330682,960,1031
330683,958,1030
330684,966,1033
330685,968,1032
330686,965,1031
330687,966,1032
330688,965,1032
330689,965,1036
330690,965,1039
330691,967,1041
330692,967,1038
330693,966,1035
330694,966,1033
330695,965,1035
330696,968,1038
330697,972,1036
330698,969,1033
330699,967,1032
330700,969,1031
330701,970,1032
330702,970,1035
330703,974,1032
330704,975,1029
330705,972,1025
330706,970,1026
330707,973,1028
330708,976,1028
330709,979,1025
330710,977,1023
330711,972,1020
330712,972,1016
330713,974,1016
330714,977,1015
330715,981,1010
330716,984,1004
330717,983,1003
330718,982,1003
330719,983,1004
330720,990,1005
330721,990,1001
330722,990,999
330723,990,999
330724,986,997
330725,991,998
330726,995,996
330727,1000,994
330728,997,990
330729,995,989
330730,991,993
330731,994,992
330732,996,996
330733,1003,996
330734,1004,993
330735,1005,990
330736,1005,992
330737,1007,996
330738,1009,1000
330739,1010,1003
330740,1009,1000
330741,1008,1001
330742,1006,1001
330743,1008,1008
330744,1007,1012
330745,1011,1013
330746,1010,1012
330747,1006,1012
330748,1002,1016
330749,1004,1022
330750,1006,1024
330751,1004,1025
330752,1003,1023
330753,998,1023
330754,995,1026
330755,990,1030
330756,994,1036
330757,995,1037
330758,988,1032
330759,985,1031
330760,981,1031
330761,982,1035
330762,981,1040
330763,984,1040
330764,986,1037
330765,984,1034
330766,984,1034
330767,983,1038
330768,983,1040
330769,982,1041
330770,982,1042
330771,979,1039
330772,977,1041
330773,979,1043
330774,979,1046
330775,982,1044
330776,982,1038
330777,980,1034
330778,980,1031
330779,985,1035
330780,990,1035
330781,998,1036
330782,998,1035
330783,998,1034
330784,999,1036
330785,1006,1042
330786,1014,1046
330787,1020,1048
330788,1025,1045
330789,1031,1034
330790,1043,1024
330791,1057,1012
330792,1074,1003
330793,1090,985
330794,1106,971
330795,1117,951
330796,1130,933
330797,1147,919
330798,1168,902
330799,1188,876
330800,1208,853
330801,1219,835
330802,1238,822
330803,1252,811
330804,1263,808
330805,1263,802
330806,1260,799
330807,1257,798
330808,1250,798
330809,1245,801
330810,1233,802
330811,1217,807
330812,1192,805
330813,1169,808
330814,1146,819
330815,1121,835
330816,1102,847
330817,1084,864
330818,1069,876
330819,1057,891
330820,1052,903
330821,1055,919
330822,1053,933
330823,1050,943
330824,1046,951
330825,1048,958
330826,1054,968
330827,1066,978
330828,1084,986
330829,1095,987
330830,1083,994
330831,1061,999
330832,1021,1010
330833,982,1020
330834,955,1033
330835,939,1045
330836,930,1058
330837,919,1063
330838,914,1071
330839,912,1078
330840,911,1081
330841,908,1085
330842,899,1088
330843,896,1088
330844,893,1091
330845,889,1098
330846,891,1102
330847,889,1103
330848,887,1105
330849,884,1103
330850,881,1104
330851,882,1107
330852,886,1113
330853,887,1115
330854,881,1114
330855,881,1114
330856,875,1115
330857,875,1120
330858,875,1124
330859,879,1126
330860,875,1127
330861,867,1129
330862,867,1130
330863,866,1137
330864,868,1146
330865,870,1149
330866,867,1145
330867,865,1147
330868,861,1148
330869,861,1153
330870,863,1152
330871,862,1157
330872,862,1155
330873,859,1155
330874,856,1163
330875,856,1168
330876,860,1171
330877,862,1171
330878,862,1170
330879,859,1172
330880,859,1172
330881,862,1175
330882,865,1180
330883,868,1180
330884,869,1180
330885,865,1179
330886,870,1184
330887,872,1186
330888,875,1190
330889,880,1189
330890,882,1185
330891,887,1183
330892,887,1181
330893,894,1179
330894,899,1175
330895,905,1168
330896,904,1163
330897,905,1157
330898,907,1154
330899,912,1156
330900,917,1158
330901,923,1155
330902,926,1149
330903,929,1137
330904,928,1129
330905,928,1122
330906,935,1118
330907,940,1113
330908,940,1106
330909,934,1100
330910,938,1099
330911,940,1098
330912,947,1096
330913,949,1090
330914,951,1084
330915,949,1078
330916,948,1074
330917,950,1073
330918,952,1073
330919,958,1068
330920,958,1063
330921,955,1060
330922,954,1057
330923,956,1061
330924,960,1057
330925,963,1053
330926,961,1047
330927,958,1045
330928,959,1046
330929,961,1047
330930,965,1050
330931,969,1044
330932,965,1042
330933,966,1041
330934,962,1041
330935,963,1046
330936,968,1048
330937,969,1045
330938,966,1040
330939,966,1037
330940,965,1040
330941,969,1042
330942,971,1042
330943,974,1045
330944,973,1040
330945,971,1039
330946,970,1038
330947,971,1039
330948,975,1041
330949,978,1039
330950,974,1037
330951,972,1032
330952,969,1035
330953,971,1039
330954,974,1041
330955,972,1042
330956,970,1039
330957,969,1036
330958,969,1037
330959,971,1040
330960,974,1042
330961,976,1040
330962,975,1035
330963,971,1032
330964,970,1033
330965,973,1038
330966,977,1041
330967,980,1040
330968,977,1041
330969,974,1044
330970,975,1039
330971,976,1040
330972,978,1037
330973,978,1035
330974,973,1029
330975,972,1027
330976,970,1031
330977,970,1033
330978,971,1037
330979,972,1042
330980,972,1043
330981,972,1041
330982,971,1037
330983,972,1036
330984,973,1038
330985,976,1035
330986,975,1032
330987,975,1031
330988,972,1033
330989,971,1037
330990,975,1039
330991,978,1039
330992,978,1038
330993,971,1036
330994,971,1035
330995,971,1039
330996,974,1043
330997,976,1038
330998,974,1035
330999,971,1033
331000,972,1034
331001,972,1037
331002,974,1040
331003,973,1039
331004,971,1037
331005,970,1033
331006,970,1036
331007,972,1036
331008,973,1043
331009,976,1041
331010,974,1038
331011,971,1035
331012,969,1036
331013,972,1038
331014,976,1044
331015,976,1047
331016,971,1051
331017,971,1055
331018,970,1057
331019,972,1056
331020,975,1051
331021,980,1046
331022,981,1036
331023,978,1026
331024,978,1019
331025,978,1020
331026,978,1020
331027,979,1020
331028,975,1025
331029,970,1023
331030,968,1027
331031,970,1030
331032,973,1031
331033,974,1031
331034,973,1028
331035,969,1028
331036,968,1029
331037,970,1033
331038,971,1035
331039,974,1034
331040,975,1032
331041,973,1028
331042,969,1029
331043,967,1031
331044,976,1036
331045,975,1035
331046,976,1032
331047,970,1031
331048,971,1032
331049,973,1037
331050,977,1039
331051,979,1036
331052,979,1038
331053,974,1037
331054,974,1037
331055,974,1043
331056,973,1045
331057,972,1045
331058,971,1043
331059,979,1039
331060,983,1039
331061,989,1040
331062,984,1041
331063,976,1043
331064,971,1041
331065,968,1039
331066,972,1038
331067,982,1038
331068,985,1039
331069,984,1037
331070,975,1036
331071,964,1036
331072,957,1040
331073,963,1045
331074,969,1047
331075,975,1045
331076,977,1044
331077,974,1041
331078,972,1041
331079,976,1040
331080,978,1038
331081,980,1033
331082,981,1028
331083,980,1026
331084,978,1028
331085,980,1031
331086,983,1031
331087,985,1032
331088,985,1031
331089,984,1026
331090,988,1021
331091,997,1022
331092,1007,1021
331093,1023,1017
331094,1039,1014
331095,1060,1006
331096,1086,997
331097,1123,986
331098,1160,981
331099,1200,978
331100,1239,980
331101,1270,993
331102,1285,1016
331103,1282,1034
331104,1246,1042
331105,1185,1044
331106,1117,1054
331107,1056,1061
331108,1006,1068
331109,970,1072
331110,961,1071
331111,969,1059
331112,978,1047
331113,983,1037
331114,979,1034
331115,979,1033
331116,979,1033
331117,977,1033
331118,974,1030
331119,965,1027
331120,961,1030
331121,960,1033
331122,961,1036
331123,964,1037
331124,962,1034
331125,964,1031
331126,959,1030
331127,959,1034
331128,961,1038
331129,959,1041
331130,960,1040
331131,958,1039
331132,958,1041
331133,957,1045
331134,965,1050
331135,964,1050
331136,965,1046
331137,961,1039
331138,960,1044
331139,955,1047
331140,954,1054
331141,954,1050
331142,954,1047
331143,954,1040
331144,953,1038
331145,956,1037
331146,959,1038
331147,962,1038
331148,958,1039
331149,955,1037
331150,956,1038
331151,962,1038
331152,966,1037
331153,966,1032
331154,962,1031
331155,957,1028
331156,953,1032
331157,955,1032
331158,962,1031
331159,964,1026
331160,961,1023
331161,960,1018
331162,962,1020
331163,962,1022
331164,963,1022
331165,969,1021
331166,970,1016
331167,971,1012
331168,969,1011
331169,972,1010
331170,976,1011
331171,974,1008
331172,978,1007
331173,974,1004
331174,974,1005
331175,978,1006
331176,982,1009
331177,984,1005
331178,984,1003
331179,979,1000
331180,982,1003
331181,987,1005
331182,993,1013
331183,996,1014
331184,993,1008
331185,989,1000
331186,984,995
331187,988,992
331188,994,993
331189,1001,991
331190,1001,992
331191,1002,992
331192,1001,993
331193,1004,995
331194,1006,1000
331195,1013,999
331196,1013,999
331197,1007,998
331198,1004,1001
331199,1007,1005
331200,1009,1010
331201,1009,1007
331202,1009,1005
331203,1010,1002
331204,1008,1005
331205,1010,1009
331206,1011,1013
331207,1011,1014
331208,1008,1014
331209,1005,1013
331210,1002,1019
331211,1002,1021
331212,1005,1027
331213,1007,1025
331214,1004,1025
331215,997,1024
331216,995,1025
331217,995,1031
331218,998,1035
331219,998,1033
331220,995,1034
331221,989,1033
331222,984,1032
331223,984,1036
331224,985,1039
331225,985,1042
331226,985,1036
331227,982,1035
331228,977,1036
331229,979,1040
331230,982,1044
331231,980,1044
331232,981,1043
331233,978,1041
331234,979,1042
331235,978,1047
331236,986,1045
331237,987,1045
331238,983,1042
331239,982,1038
331240,978,1039
331241,982,1042
331242,988,1045
331243,986,1043
331244,985,1039
331245,982,1038
331246,981,1038
331247,984,1041
331248,986,1046
331249,987,1043
331250,988,1042
331251,985,1036
331252,989,1031
331253,988,1034
331254,992,1035
331255,991,1030
331256,989,1030
331257,986,1029
331258,985,1030
331259,990,1031
331260,993,1034
331261,990,1032
331262,991,1032
331263,988,1029
331264,987,1031
331265,986,1029
331266,989,1030
331267,990,1027
331268,989,1023
331269,986,1023
331270,980,1023
331271,984,1027
331272,988,1030
331273,991,1029
331274,987,1028
331275,984,1025
331276,982,1028
331277,978,1033
331278,979,1036
331279,983,1036
331280,981,1032
331281,976,1033
331282,975,1035
331283,975,1040
331284,981,1042
331285,983,1043
331286,982,1038
331287,981,1035
331288,982,1036
331289,981,1038
331290,986,1040
331291,985,1041
331292,985,1038
331293,981,1039
331294,978,1043
331295,981,1046
331296,983,1045
331297,985,1045
331298,984,1043
331299,983,1044
331300,983,1045
331301,980,1049
331302,985,1055
331303,986,1055
331304,984,1047
331305,984,1039
331306,982,1033
331307,983,1035
331308,984,1034
331309,988,1034
331310,987,1030
331311,982,1029
331312,982,1029
331313,984,1031
331314,988,1034
331315,988,1032
331316,985,1033
331317,983,1030
331318,981,1033
331319,979,1036
331320,979,1039
331321,981,1038
331322,981,1035
331323,977,1034
331324,975,1035
331325,975,1036
331326,978,1039
331327,979,1041
331328,977,1035
331329,974,1035
331330,971,1038
331331,972,1039
331332,977,1042
331333,975,1039
331334,979,1040
331335,976,1035
331336,975,1038
331337,976,1041
331338,979,1042
331339,980,1040
331340,982,1039
331341,977,1035
331342,975,1036
331343,974,1038
331344,980,1044
331345,983,1040
331346,981,1041
331347,980,1039
331348,982,1040
331349,983,1042
331350,985,1047
331351,984,1045
331352,983,1041
331353,984,1038
331354,983,1037
331355,985,1039
331356,989,1038
331357,996,1034
331358,998,1028
331359,1008,1024
331360,1019,1023
331361,1038,1021
331362,1059,1022
331363,1083,1012
331364,1115,1001
331365,1141,988
331366,1176,986
331367,1216,990
331368,1259,1005
331369,1289,1022
331370,1293,1036
331371,1259,1043
331372,1202,1046
331373,1140,1055
331374,1084,1068
331375,1030,1077
331376,981,1079
331377,956,1082
331378,953,1076
331379,966,1071
331380,979,1061
331381,987,1051
331382,986,1043
331383,984,1041
331384,981,1042
331385,977,1044
331386,975,1045
331387,976,1044
331388,972,1042
331389,968,1042
331390,965,1042
331391,965,1043
331392,970,1046
331393,970,1048
331394,968,1044
331395,962,1044
331396,962,1045
331397,964,1049
331398,964,1051
331399,967,1049
331400,967,1042
331401,965,1041
331402,963,1041
331403,964,1041
331404,966,1046
331405,965,1045
331406,965,1041
331407,961,1042
331408,962,1040
331409,959,1041
331410,964,1041
331411,964,1043
331412,964,1040
331413,963,1037
331414,960,1039
331415,962,1043
331416,963,1046
331417,964,1042
331418,966,1040
331419,960,1039
331420,955,1040
331421,959,1041
331422,961,1044
331423,962,1043
331424,959,1040
331425,958,1033
331426,961,1035
331427,962,1039
331428,966,1040
331429,968,1040
331430,966,1034
331431,962,1030
331432,960,1032
331433,962,1036
331434,967,1036
331435,971,1034
331436,971,1029
331437,971,1026
331438,970,1028
331439,970,1029
331440,978,1031
331441,980,1034
331442,976,1027
331443,972,1027
331444,972,1026
331445,976,1023
331446,983,1018
331447,984,1012
331448,983,1005
331449,979,1006
331450,979,1006
331451,982,1007
331452,989,1010
331453,990,1007
331454,986,1002
331455,984,1000
331456,988,1000
331457,988,1001
331458,993,1004
331459,996,1004
331460,997,1000
331461,992,997
331462,992,999
331463,992,1005
331464,994,1008
331465,993,1007
331466,996,1005
331467,994,1004
331468,995,1007
331469,995,1012
331470,993,1016
331471,992,1018
331472,993,1015
331473,993,1017
331474,990,1019
331475,990,1020
331476,992,1026
331477,997,1027
331478,997,1026
331479,993,1027
331480,988,1027
331481,986,1031
331482,993,1036
331483,994,1036
331484,990,1033
331485,983,1035
331486,980,1038
331487,983,1042
331488,988,1044
331489,985,1042
331490,982,1043
331491,978,1042
331492,976,1045
331493,978,1046
331494,978,1050
331495,980,1047
331496,979,1044
331497,978,1043
331498,973,1045
331499,978,1048
331500,978,1049
331501,981,1046
331502,980,1043
331503,974,1043
331504,971,1046
331505,975,1047
331506,980,1048
331507,986,1045
331508,988,1042
331509,985,1038
331510,982,1038
331511,985,1039
331512,986,1042
331513,990,1039
331514,991,1038
331515,993,1038
331516,993,1038
331517,994,1045
331518,1001,1045
331519,1002,1049
331520,1009,1049
331521,1011,1050
331522,1011,1055
331523,1020,1055
331524,1031,1050
331525,1051,1037
331526,1063,1015
331527,1076,993
331528,1088,976
331529,1106,958
331530,1124,944
331531,1146,926
331532,1165,901
331533,1182,876
331534,1198,852
331535,1214,835
331536,1232,827
331537,1243,814
331538,1253,807
331539,1250,805
331540,1248,805
331541,1246,808
331542,1247,808
331543,1246,808
331544,1236,807
331545,1221,809
331546,1197,815
331547,1180,825
331548,1161,837
331549,1144,846
331550,1121,851
331551,1101,864
331552,1080,874
331553,1072,891
331554,1069,907
331555,1065,922
331556,1060,933
331557,1053,942
331558,1046,953
331559,1045,965
331560,1052,977
331561,1061,983
331562,1073,983
331563,1080,985
331564,1082,989
331565,1073,995
331566,1046,1002
331567,1002,1011
331568,963,1019
331569,934,1031
331570,924,1047
331571,921,1064
331572,919,1075
331573,918,1078
331574,914,1075
331575,909,1077
331576,900,1084
331577,895,1089
331578,897,1096
331579,895,1096
331580,891,1096
331581,887,1094
331582,884,1099
331583,885,1105
331584,888,1111
331585,890,1112
331586,887,1110
331587,881,1111
331588,879,1114
331589,880,1118
331590,879,1123
331591,885,1123
331592,879,1121
331593,877,1121
331594,876,1123
331595,878,1129
331596,879,1133
331597,878,1136
331598,874,1136
331599,873,1134
331600,871,1137
331601,872,1139
331602,871,1146
331603,872,1147
331604,869,1146
331605,867,1145
331606,864,1146
331607,864,1149
331608,863,1153
331609,859,1158
331610,857,1153
331611,854,1153
331612,853,1156
331613,855,1158
331614,858,1160
331615,858,1160
331616,856,1161
331617,853,1161
331618,852,1163
331619,855,1165
331620,858,1167
331621,859,1166
331622,857,1166
331623,856,1165
331624,858,1164
331625,857,1166
331626,863,1168
331627,867,1168
331628,870,1164
331629,869,1162
331630,871,1162
331631,877,1162
331632,887,1163
331633,893,1158
331634,897,1153
331635,898,1145
331636,899,1143
331637,904,1141
331638,913,1138
331639,919,1128
331640,923,1121
331641,924,1111
331642,929,1106
331643,936,1106
331644,940,1102
331645,944,1098
331646,946,1091
331647,945,1084
331648,948,1081
331649,950,1080
331650,955,1079
331651,956,1076
331652,954,1072
331653,952,1068
331654,953,1063
331655,955,1065
331656,956,1062
331657,957,1057
331658,952,1054
331659,951,1049
331660,952,1047
331661,954,1048
331662,958,1050
331663,957,1048
331664,956,1044
331665,952,1040
331666,954,1042
331667,954,1043
331668,956,1045
331669,957,1044
331670,956,1041
331671,954,1036
331672,952,1038
331673,952,1044
331674,956,1045
331675,957,1043
331676,957,1042
331677,954,1040
331678,953,1039
331679,955,1045
331680,956,1045
331681,957,1044
331682,956,1042
331683,956,1041
331684,955,1042
331685,954,1043
331686,960,1046
331687,962,1045
331688,963,1045
331689,959,1041
331690,957,1042
331691,957,1046
331692,964,1047
331693,966,1042
331694,964,1040
331695,967,1038
331696,968,1038
331697,971,1041
331698,972,1043
331699,972,1044
331700,971,1040
331701,969,1039
331702,969,1041
331703,971,1043
331704,974,1048
331705,975,1043
331706,976,1041
331707,978,1032
331708,979,1031
331709,978,1035
331710,977,1038
331711,975,1037
331712,974,1034
331713,971,1032
331714,968,1034
331715,971,1037
331716,978,1043
331717,978,1041
331718,974,1041
331719,972,1037
331720,971,1036
331721,973,1037
331722,971,1044
331723,970,1046
331724,970,1040
331725,971,1039
331726,972,1042
331727,972,1045
331728,973,1046
331729,972,1046
331730,969,1042
331731,966,1037
331732,969,1038
331733,973,1044
331734,978,1046
331735,980,1042
331736,977,1039
331737,972,1035
331738,970,1037
331739,972,1042
331740,974,1042
331741,976,1045
331742,973,1042
331743,973,1039
331744,972,1040
331745,976,1042
331746,976,1046
331747,978,1041
331748,980,1039
331749,975,1035
331750,971,1036
331751,972,1037
331752,977,1040
331753,980,1039
331754,978,1035
331755,976,1032
331756,974,1037
331757,978,1039
331758,982,1041
331759,981,1039
331760,979,1037
331761,972,1037
331762,975,1035
331763,978,1037
331764,980,1043
331765,983,1039
331766,981,1037
331767,979,1035
331768,979,1035
331769,981,1038
331770,983,1043
331771,984,1040
331772,980,1037
331773,972,1036
331774,972,1039
331775,977,1041
331776,980,1045
331777,983,1045
331778,983,1042
331779,981,1039
331780,979,1043
331781,980,1046
331782,983,1050
331783,980,1048
331784,982,1048
331785,980,1045
331786,977,1046
331787,982,1045
331788,986,1045
331789,982,1043
331790,979,1040
331791,975,1038
331792,975,1037
331793,978,1041
331794,984,1043
331795,984,1042
331796,984,1043
331797,979,1045
331798,977,1047
331799,978,1048
331800,983,1045
331801,987,1040
331802,985,1033
331803,980,1033
331804,978,1037
331805,983,1037
331806,983,1039
331807,982,1039
331808,981,1040
331809,981,1035
331810,978,1036
331811,978,1035
331812,981,1037
331813,985,1036
331814,981,1034
331815,977,1032
331816,976,1034
331817,978,1037
331818,983,1042
331819,986,1038
331820,988,1038
331821,983,1038
331822,982,1039
331823,985,1043
331824,985,1047
331825,990,1044
331826,988,1041
331827,985,1037
331828,984,1039
331829,989,1045
331830,991,1048
331831,989,1047
331832,987,1045
331833,985,1041
331834,984,1037
331835,986,1042
331836,989,1044
331837,991,1043
331838,988,1037
331839,985,1034
331840,985,1038
331841,989,1041
331842,991,1044
331843,992,1038
331844,988,1040
331845,983,1035
331846,984,1037
331847,985,1040
331848,987,1041
331849,988,1038
331850,984,1036
331851,984,1034
331852,983,1035
331853,982,1039
331854,983,1042
331855,983,1041
331856,983,1039
331857,979,1034
331858,982,1034
331859,984,1035
331860,988,1038
331861,988,1037
331862,986,1035
331863,981,1034
331864,980,1035
331865,980,1036
331866,982,1039
331867,983,1039
331868,983,1038
331869,983,1033
331870,983,1035
331871,984,1037
331872,985,1040
331873,985,1039
331874,985,1037
331875,981,1037
331876,981,1041
331877,982,1041
331878,987,1045
331879,992,1044
331880,991,1043
331881,990,1042
331882,989,1042
331883,989,1043
331884,994,1043
331885,998,1039
331886,997,1036
331887,993,1034
331888,992,1034
331889,992,1039
331890,993,1038
331891,996,1040
331892,993,1040
331893,993,1037
331894,992,1039
331895,992,1040
331896,996,1039
331897,994,1038
331898,992,1038
331899,992,1035
331900,988,1035
331901,989,1039
331902,989,1041
331903,991,1039
331904,992,1038
331905,989,1034
331906,987,1039
331907,988,1042
331908,991,1042
331909,992,1039
331910,990,1037
331911,988,1035
331912,985,1037
331913,988,1037
331914,991,1040
331915,990,1035
331916,988,1033
331917,982,1031
331918,986,1033
331919,989,1037
331920,992,1039
331921,992,1038
331922,990,1036
331923,987,1035
331924,990,1037
331925,993,1039
331926,995,1042
331927,994,1040
331928,995,1036
331929,989,1032
331930,991,1036
331931,994,1041
331932,995,1043
331933,997,1042
331934,996,1040
331935,994,1037
331936,994,1039
331937,995,1042
331938,995,1045
331939,991,1044
331940,993,1043
331941,992,1040
331942,990,1041
331943,998,1044
331944,1000,1043
331945,999,1044
331946,1000,1041
331947,995,1037
331948,994,1039
331949,995,1039
331950,998,1044
331951,997,1043
331952,998,1040
331953,994,1038
331954,992,1039
331955,994,1041
331956,997,1045
331957,998,1045
331958,996,1042
331959,991,1042
331960,991,1042
331961,992,1045
331962,994,1049
331963,995,1044
331964,992,1041
331965,988,1039
331966,990,1040
331967,993,1046
331968,994,1048
331969,996,1049
331970,993,1043
331971,988,1038
331972,987,1036
331973,991,1041
331974,996,1042
331975,998,1041
331976,998,1035
331977,995,1034
331978,995,1034
331979,997,1034
331980,999,1036
331981,998,1037
331982,998,1035
331983,996,1034
331984,994,1033
331985,995,1036
331986,1001,1039
331987,999,1038
331988,998,1034
331989,998,1035
331990,997,1038
331991,998,1043
331992,1002,1043
331993,998,1040
331994,999,1039
331995,1000,1038
331996,996,1037
331997,999,1037
331998,1003,1041
331999,1003,1039
332000,1001,1037
332001,1000,1035
332002,996,1033
332003,1000,1039
332004,1001,1040
332005,1005,1040
332006,1001,1037
332007,998,1036
332008,998,1036
332009,999,1037
332010,1002,1037
332011,1005,1039
332012,1002,1034
332013,999,1033
332014,997,1034
332015,1001,1040
332016,1004,1039
332017,1006,1041
332018,1006,1036
332019,1002,1034
332020,1003,1035
332021,1004,1037
332022,1006,1038
332023,1005,1035
332024,1008,1029
332025,1010,1023
332026,1018,1022
332027,1031,1024
332028,1050,1023
332029,1066,1022
332030,1086,1014
332031,1114,1007
332032,1145,997
332033,1179,992
332034,1213,992
332035,1253,992
332036,1290,992
332037,1312,1005
332038,1316,1025
332039,1296,1040
332040,1254,1048
332041,1193,1050
332042,1139,1053
332043,1085,1056
332044,1037,1064
332045,1000,1073
332046,984,1076
332047,985,1071
332048,995,1057
332049,1000,1044
332050,1004,1037
332051,1003,1035
332052,1003,1034
332053,999,1033
332054,995,1032
332055,991,1030
332056,984,1031
332057,984,1032
332058,987,1037
332059,989,1037
332060,984,1034
332061,980,1034
332062,979,1036
332063,979,1037
332064,982,1042
332065,982,1036
332066,981,1033
332067,979,1031
332068,977,1032
332069,976,1036
332070,978,1041
332071,979,1039
332072,979,1038
332073,974,1034
332074,975,1036
332075,977,1040
332076,979,1042
332077,979,1041
332078,977,1039
332079,974,1038
332080,975,1042
332081,975,1044
332082,979,1046
332083,977,1047
332084,977,1045
332085,974,1047
332086,973,1049
332087,975,1051
332088,979,1051
332089,982,1048
332090,981,1047
332091,980,1043
332092,977,1045
332093,980,1048
332094,980,1048
332095,981,1045
332096,981,1042
332097,976,1036
332098,978,1038
332099,980,1041
332100,982,1044
332101,981,1042
332102,982,1039
332103,981,1033
332104,983,1032
332105,985,1034
332106,989,1033
332107,990,1031
332108,990,1026
332109,989,1023
332110,990,1025
332111,992,1028
332112,996,1028
332113,999,1026
332114,996,1023
332115,994,1019
332116,993,1023
332117,1000,1022
332118,1000,1022
332119,1000,1020
332120,1001,1016
332121,1000,1013
332122,999,1013
332123,1002,1016
332124,1006,1018
332125,1005,1018
332126,1006,1013
332127,1005,1012
332128,1001,1012
332129,1002,1015
332130,1010,1021
332131,1012,1022
332132,1013,1018
332133,1010,1014
332134,1014,1013
332135,1019,1012
332136,1022,1015
332137,1022,1012
332138,1021,1009
332139,1019,1006
332140,1020,1008
332141,1026,1010
332142,1026,1013
332143,1031,1010
332144,1027,1010
332145,1025,1009
332146,1023,1014
332147,1026,1017
332148,1030,1018
332149,1033,1015
332150,1031,1013
332151,1026,1008
332152,1025,1009
332153,1029,1011
332154,1032,1016
332155,1032,1011
332156,1032,1011
332157,1024,1011
332158,1023,1014
332159,1024,1017
332160,1025,1018
332161,1025,1018
332162,1022,1020
332163,1018,1019
332164,1014,1019
332165,1015,1022
332166,1017,1026
332167,1014,1026
332168,1012,1026
332169,1006,1024
332170,1004,1025
332171,1003,1035
332172,1005,1038
332173,1002,1041
332174,1001,1041
332175,996,1038
332176,994,1037
332177,996,1040
332178,998,1043
332179,1000,1041
332180,996,1039
332181,994,1035
332182,990,1036
332183,991,1039
332184,995,1040
332185,1000,1040
332186,996,1037
332187,992,1034
332188,987,1038
332189,992,1041
332190,993,1041
332191,995,1040
332192,994,1037
332193,989,1032
332194,992,1032
332195,999,1037
332196,999,1037
332197,1003,1034
332198,1000,1034
332199,996,1029
332200,993,1031
332201,997,1032
332202,999,1033
332203,997,1032
332204,997,1029
332205,994,1027
332206,996,1030
332207,998,1033
332208,1000,1034
332209,1001,1031
332210,995,1030
332211,990,1026
332212,991,1026
332213,991,1030
332214,996,1031
332215,998,1029
332216,997,1029
332217,994,1024
332218,994,1029
332219,997,1032
332220,996,1038
332221,999,1033
332222,995,1030
332223,988,1028
332224,989,1027
332225,990,1030
332226,992,1035
332227,991,1028
332228,993,1024
332229,989,1024
332230,986,1026
332231,990,1031
332232,994,1032
332233,994,1032
332234,990,1030
332235,987,1026
332236,986,1026
332237,988,1025
332238,992,1027
332239,993,1028
332240,989,1023
332241,985,1022
332242,982,1023
332243,984,1024
332244,986,1024
332245,988,1026
332246,983,1022
332247,983,1022
332248,984,1021
332249,989,1025
332250,989,1028
332251,988,1027
332252,983,1026
332253,982,1024
332254,982,1027
332255,983,1028
332256,988,1032
332257,989,1029
332258,989,1026
332259,987,1027
332260,981,1030
332261,984,1030
332262,989,1034
332263,988,1033
332264,983,1034
332265,983,1030
332266,980,1031
332267,982,1033
332268,984,1034
332269,987,1032
332270,983,1031
332271,981,1028
332272,982,1027
332273,981,1028
332274,982,1029
332275,983,1027
332276,981,1026
332277,978,1023
332278,976,1028
332279,975,1029
332280,983,1029
332281,984,1027
332282,982,1024
332283,980,1021
332284,979,1018
332285,986,1017
332286,995,1017
332287,1003,1014
332288,1014,1008
332289,1027,1006
332290,1047,1009
332291,1074,1006
332292,1108,998
332293,1144,987
332294,1184,982
332295,1224,983
332296,1260,993
332297,1287,1016
332298,1292,1034
332299,1268,1043
332300,1221,1045
332301,1163,1047
332302,1104,1061
332303,1044,1077
332304,992,1085
332305,952,1092
332306,939,1088
332307,943,1076
332308,957,1062
332309,970,1050
332310,979,1044
332311,983,1035
332312,980,1029
332313,973,1025
332314,970,1025
332315,967,1029
332316,968,1032
332317,969,1031
332318,966,1030
332319,962,1027
332320,956,1030
332321,956,1034
332322,959,1037
332323,961,1035
332324,961,1031
332325,956,1028
332326,951,1032
332327,954,1035
332328,957,1035
332329,960,1031
332330,957,1030
332331,955,1025
332332,954,1026
332333,953,1029
332334,956,1031
332335,957,1031
332336,957,1027
332337,952,1027
332338,954,1027
332339,958,1029
332340,961,1032
332341,961,1030
332342,957,1026
332343,955,1023
332344,957,1026
332345,958,1028
332346,964,1031
332347,966,1028
332348,964,1026
332349,960,1024
332350,957,1024
332351,957,1030
332352,961,1032
332353,966,1030
332354,966,1025
332355,963,1022
332356,958,1018
332357,963,1016
332358,967,1012
332359,967,1007
332360,968,1004
332361,967,1004
332362,969,1005
332363,969,1009
332364,972,1012
332365,969,1010
332366,969,1007
332367,967,1004
332368,970,1005
332369,973,1006
332370,978,1004
332371,984,1004
332372,985,997
332373,984,994
332374,983,997
332375,981,998
332376,985,998
332377,984,996
332378,984,990
332379,980,985
332380,983,987
332381,985,988
332382,991,987
332383,992,984
332384,991,982
332385,990,978
332386,989,978
332387,993,980
332388,994,983
332389,994,982
332390,995,979
332391,996,974
332392,995,975
332393,999,977
332394,1000,983
332395,998,982
332396,996,983
332397,998,981
332398,996,984
332399,997,989
332400,999,994
332401,1001,993
332402,1003,995
332403,998,996
332404,997,1000
332405,995,1007
332406,999,1010
332407,996,1011
332408,996,1012
332409,993,1013
332410,992,1015
332411,991,1019
332412,992,1025
332413,992,1027
332414,987,1027
332415,980,1027
332416,982,1032
332417,982,1034
332418,984,1038
332419,980,1038
332420,979,1036
332421,975,1035
332422,971,1038
332423,975,1041
332424,977,1042
332425,974,1042
332426,970,1040
332427,966,1037
332428,966,1041
332429,966,1044
332430,971,1046
332431,971,1046
332432,973,1043
332433,969,1038
332434,966,1041
332435,969,1043
332436,971,1046
332437,976,1041
332438,974,1033
332439,968,1023
332440,972,1020
332441,976,1020
332442,978,1022
332443,979,1024
332444,977,1022
332445,973,1021
332446,973,1022
332447,978,1026
332448,985,1029
332449,982,1030
332450,985,1029
332451,983,1024
332452,979,1029
332453,982,1031
332454,984,1035
332455,986,1033
332456,985,1030
332457,981,1031
332458,981,1032
332459,986,1032
332460,988,1035
332461,989,1035
332462,987,1032
332463,986,1032
332464,982,1037
332465,983,1038
332466,986,1038
332467,984,1037
332468,984,1036
332469,978,1034
332470,978,1034
332471,981,1036
332472,981,1042
332473,982,1038
332474,979,1037
332475,976,1031
332476,974,1033
332477,978,1033
332478,979,1035
332479,980,1034
332480,978,1033
332481,975,1030
332482,973,1029
332483,973,1031
332484,977,1032
332485,980,1033
332486,977,1034
332487,975,1031
332488,974,1031
332489,978,1032
332490,982,1033
332491,982,1030
332492,978,1031
332493,975,1029
332494,976,1034
332495,978,1039
332496,982,1041
332497,982,1033
332498,983,1031
332499,981,1030
332500,980,1032
332501,982,1034
332502,984,1038
332503,984,1038
332504,983,1034
332505,977,1034
332506,976,1036
332507,982,1037
332508,986,1038
332509,985,1037
332510,986,1033
332511,981,1034
332512,980,1031
332513,982,1032
332514,981,1034
332515,986,1026
332516,988,1020
332517,992,1018
332518,999,1017
332519,1017,1017
332520,1033,1019
332521,1056,1014
332522,1083,1007
332523,1115,994
332524,1157,986
332525,1202,985
332526,1248,992
332527,1285,1008
332528,1302,1026
332529,1291,1035
332530,1252,1037
332531,1197,1038
332532,1137,1046
332533,1076,1057
332534,1010,1065
332535,959,1073
332536,936,1080
332537,940,1075
332538,958,1064
332539,968,1049
332540,974,1038
332541,977,1028
332542,974,1027
332543,975,1028
332544,975,1033
332545,972,1033
332546,968,1032
332547,964,1030
332548,961,1033
332549,964,1037
332550,966,1039
332551,962,1038
332552,961,1034
332553,958,1036
332554,961,1039
332555,965,1039
332556,969,1042
332557,967,1041
332558,960,1037
332559,962,1037
332560,962,1038
332561,961,1041
332562,962,1038
332563,964,1036
332564,963,1033
332565,960,1030
332566,960,1035
332567,966,1036
332568,968,1038
332569,968,1036
332570,967,1036
332571,962,1035
332572,960,1036
332573,960,1040
332574,964,1039
332575,965,1041
332576,961,1035
332577,962,1033
332578,965,1031
332579,966,1034
332580,965,1035
332581,964,1030
332582,963,1025
332583,961,1022
332584,964,1023
332585,965,1025
332586,970,1023
332587,973,1023
332588,970,1022
332589,963,1019
332590,964,1019
332591,967,1021
332592,973,1023
332593,975,1018
332594,974,1011
332595,974,1008
332596,977,1005
332597,977,1008
332598,981,1010
332599,984,1005
332600,986,1004
332601,984,1001
332602,985,1001
332603,989,1003
332604,991,1005
332605,997,1002
332606,997,999
332607,995,997
332608,995,995
332609,999,996
332610,1001,999
332611,1002,999
332612,1000,996
332613,996,994
332614,1000,994
332615,1004,995
332616,1008,996
332617,1007,995
332618,1005,992
332619,1003,990
332620,1002,994
332621,1005,998
332622,1010,998
332623,1012,999
332624,1011,998
332625,1008,998
332626,1008,1000
332627,1009,1003
332628,1011,1007
332629,1010,1008
332630,1012,1008
332631,1005,1008
332632,1000,1011
332633,1004,1013
332634,1003,1014
332635,1004,1017
332636,999,1017
332637,992,1017
332638,994,1023
332639,993,1026
332640,994,1027
332641,992,1028
332642,991,1029
332643,986,1030
332644,983,1033
332645,981,1037
332646,984,1039
332647,985,1041
332648,984,1037
332649,978,1035
332650,975,1038
332651,976,1041
332652,979,1044
332653,980,1044
332654,977,1041
332655,977,1039
332656,976,1041
332657,979,1048
332658,984,1048
332659,984,1047
332660,983,1045
332661,980,1042
332662,979,1048
332663,984,1050
332664,986,1052
332665,988,1051
332666,986,1047
332667,984,1046
332668,982,1045
332669,986,1047
332670,987,1048
332671,989,1046
332672,989,1045
332673,983,1041
332674,982,1043
332675,988,1044
332676,989,1046
332677,993,1043
332678,993,1038
332679,991,1034
332680,993,1036
332681,997,1036
332682,1001,1039
332683,1003,1036
332684,1006,1035
332685,1006,1031
332686,1012,1033
332687,1016,1039
332688,1023,1044
332689,1026,1045
332690,1029,1043
332691,1033,1038
332692,1045,1030
332693,1058,1021
332694,1076,1006
332695,1085,990
332696,1096,978
332697,1109,968
332698,1121,959
332699,1142,944
332700,1159,927
332701,1183,899
332702,1196,867
332703,1209,848
332704,1223,837
332705,1237,827
332706,1248,821
332707,1255,814
332708,1254,811
332709,1248,809
332710,1244,808
332711,1242,812
332712,1240,811
332713,1231,809
332714,1216,808
332715,1199,815
332716,1181,822
332717,1164,832
332718,1145,843
332719,1123,849
332720,1098,857
332721,1081,867
332722,1070,882
332723,1066,899
332724,1065,912
332725,1060,924
332726,1059,930
332727,1050,941
332728,1048,950
332729,1055,960
332730,1073,972
332731,1086,975
332732,1101,977
332733,1110,981
332734,1100,990
332735,1072,1002
332736,1031,1015
332737,990,1028
332738,963,1040
332739,946,1053
332740,937,1070
332741,938,1086
332742,936,1095
332743,932,1094
332744,926,1091
332745,921,1092
332746,918,1099
332747,913,1102
332748,913,1108
332749,913,1109
332750,911,1108
332751,904,1110
332752,900,1111
332753,902,1117
332754,902,1121
332755,904,1123
332756,900,1117
332757,898,1114
332758,894,1116
332759,896,1121
332760,898,1128
332761,892,1126
332762,887,1126
332763,887,1125
332764,887,1127
332765,887,1129
332766,885,1132
332767,883,1134
332768,880,1135
332769,876,1137
332770,874,1143
332771,875,1149
332772,878,1153
332773,877,1153
332774,873,1155
332775,867,1155
332776,866,1159
332777,867,1164
332778,868,1170
332779,868,1172
332780,866,1174
332781,861,1174
332782,860,1180
332783,865,1185
332784,867,1190
332785,869,1191
332786,868,1189
332787,866,1191
332788,867,1194
332789,870,1197
332790,874,1199
332791,877,1197
332792,882,1196
332793,878,1193
332794,884,1195
332795,889,1195
332796,898,1198
332797,899,1191
332798,903,1186
332799,904,1182
332800,910,1178
332801,916,1177
332802,924,1175
332803,926,1168
332804,929,1161
332805,931,1154
332806,935,1153
332807,943,1153
332808,950,1149
332809,953,1142
332810,955,1136
332811,956,1124
332812,959,1119
332813,960,1112
332814,964,1109
332815,966,1098
332816,968,1090
332817,966,1085
332818,963,1081
332819,966,1081
332820,971,1081
332821,973,1076
332822,970,1070
332823,970,1068
332824,972,1066
332825,970,1064
332826,974,1067
332827,975,1062
332828,971,1058
332829,969,1055
332830,968,1056
332831,970,1056
332832,974,1058
332833,973,1057
332834,972,1051
332835,966,1051
332836,966,1053
332837,967,1052
332838,969,1055
332839,971,1051
332840,971,1049
332841,966,1046
332842,963,1046
332843,967,1047
332844,970,1048
332845,969,1043
332846,967,1040
332847,963,1036
332848,967,1036
332849,967,1037
332850,970,1038
332851,969,1038
332852,970,1033
332853,966,1033
332854,967,1035
332855,971,1037
332856,971,1038
332857,974,1036
332858,971,1036
332859,970,1032
332860,967,1033
332861,970,1037
332862,971,1038
332863,973,1034
332864,969,1034
332865,970,1030
332866,970,1031
332867,974,1031
332868,976,1034
332869,978,1031
332870,976,1029
332871,971,1025
332872,973,1027
332873,972,1030
332874,975,1032
332875,972,1035
332876,974,1032
332877,969,1033
332878,970,1035
332879,973,1035
332880,973,1039
332881,972,1039
332882,972,1036
332883,973,1034
332884,973,1034
332885,975,1038
332886,980,1042
332887,980,1040
332888,980,1036
332889,978,1036
332890,973,1039
332891,979,1043
332892,983,1043
332893,983,1039
332894,983,1039
332895,978,1039
332896,979,1043
332897,980,1046
332898,983,1044
332899,983,1038
332900,982,1032
332901,982,1032
332902,981,1034
332903,985,1036
332904,987,1032
332905,985,1026
332906,977,1020
332907,979,1019
332908,980,1023
332909,980,1027
332910,981,1027
332911,980,1030
332912,977,1026
332913,975,1025
332914,973,1029
332915,978,1031
332916,981,1032
332917,978,1028
332918,975,1027
332919,973,1026
332920,973,1028
332921,974,1033
332922,977,1037
332923,977,1034
332924,977,1034
332925,974,1029
332926,972,1033
332927,975,1034
332928,976,1035
332929,976,1036
332930,974,1034
332931,972,1030
332932,971,1027
332933,974,1031
332934,977,1030
332935,979,1028
332936,976,1025
332937,976,1024
332938,975,1024
332939,978,1026
332940,980,1030
332941,981,1028
332942,978,1028
332943,974,1026
332944,976,1027
332945,979,1033
332946,981,1033
332947,983,1031
332948,980,1029
332949,976,1027
332950,976,1030
332951,979,1031
332952,984,1032
332953,982,1032
332954,978,1035
332955,975,1034
332956,978,1035
332957,980,1036
332958,983,1035
332959,984,1032
332960,980,1028
332961,979,1028
332962,979,1029
332963,982,1027
332964,984,1029
332965,984,1025
332966,977,1023
332967,975,1020
332968,978,1020
332969,980,1023
332970,982,1027
332971,981,1027
332972,982,1027
332973,982,1025
332974,981,1028
332975,984,1033
332976,987,1033
332977,987,1031
332978,985,1028
332979,980,1027
332980,981,1031
332981,982,1033
332982,987,1035
332983,987,1033
332984,985,1033
332985,980,1031
332986,981,1031
332987,983,1034
332988,987,1037
332989,985,1038
332990,984,1034
332991,981,1034
332992,979,1034
332993,982,1036
332994,985,1037
332995,985,1035
332996,983,1032
332997,982,1028
332998,981,1029
332999,985,1030
333000,985,1032
333001,987,1029
333002,986,1027
333003,984,1025
333004,985,1025
333005,986,1025
333006,989,1027
333007,987,1026
333008,985,1025
333009,983,1022
333010,982,1024
333011,984,1025
333012,983,1028
333013,984,1025
333014,982,1029
333015,979,1027
333016,978,1034
333017,981,1037
333018,985,1037
333019,987,1036
333020,987,1036
333021,982,1032
333022,983,1031
333023,986,1029
333024,987,1031
333025,986,1027
333026,986,1021
333027,982,1018
333028,983,1023
333029,986,1026
333030,988,1025
333031,987,1026
333032,985,1023
333033,983,1024
333034,984,1025
333035,987,1029
333036,988,1030
333037,989,1029
333038,987,1027
333039,988,1026
333040,988,1033
333041,989,1032
333042,989,1034
333043,990,1032
333044,989,1032
333045,989,1028
333046,988,1027
333047,995,1030
333048,998,1030
333049,996,1030
333050,996,1027
333051,994,1023
333052,994,1026
333053,996,1027
333054,997,1029
333055,995,1028
333056,996,1026
333057,994,1024
333058,991,1024
333059,997,1027
333060,1003,1028
333061,1002,1025
333062,1004,1022
333063,1001,1021
333064,1002,1017
333065,1007,1017
333066,1022,1016
333067,1035,1014
333068,1050,1008
333069,1064,1005
333070,1089,1001
333071,1123,994
333072,1158,986
333073,1193,975
333074,1230,968
333075,1262,971
333076,1293,985
333077,1306,1006
333078,1291,1023
333079,1250,1029
333080,1182,1032
333081,1124,1035
333082,1065,1043
333083,1015,1049
333084,987,1052
333085,974,1046
333086,976,1040
333087,986,1030
333088,991,1029
333089,989,1027
333090,990,1030
333091,984,1029
333092,981,1026
333093,976,1025
333094,977,1029
333095,977,1031
333096,976,1032
333097,974,1031
333098,973,1032
333099,969,1030
333100,969,1030
333101,970,1034
333102,972,1038
333103,972,1037
333104,972,1032
333105,970,1032
333106,969,1034
333107,972,1036
333108,977,1039
333109,975,1040
333110,971,1038
333111,970,1038
333112,970,1037
333113,971,1038
333114,979,1035
333115,979,1033
333116,972,1029
333117,972,1025
333118,972,1026
333119,975,1028
333120,975,1031
333121,975,1031
333122,974,1031
333123,968,1027
333124,968,1025
333125,972,1028
333126,975,1025
333127,977,1025
333128,973,1021
333129,969,1019
333130,968,1025
333131,971,1025
333132,974,1027
333133,975,1022
333134,972,1020
333135,969,1021
333136,971,1022
333137,972,1025
333138,978,1024
333139,979,1024
333140,976,1021
333141,978,1017
333142,978,1020
333143,984,1025
333144,989,1023
333145,992,1020
333146,995,1015
333147,993,1015
333148,993,1013
333149,992,1012
333150,996,1011
333151,995,1010
333152,996,1007
333153,992,1005
333154,995,1005
333155,997,1009
333156,1004,1009
333157,1006,1004
333158,1004,1002
333159,1000,1000
333160,1002,1002
333161,1004,1003
333162,1008,1005
333163,1010,1002
333164,1010,1001
333165,1009,999
333166,1010,1005
333167,1013,1005
333168,1013,1004
333169,1017,999
333170,1015,995
333171,1015,992
333172,1015,995
333173,1017,995
333174,1023,998
333175,1024,1001
333176,1023,1003
333177,1022,1003
333178,1023,1004
333179,1024,1006
333180,1030,1009
333181,1029,1004
333182,1029,1004
333183,1027,1004
333184,1023,1008
333185,1023,1013
333186,1025,1013
333187,1024,1014
333188,1018,1013
333189,1013,1014
333190,1010,1020
333191,1010,1024
333192,1014,1025
333193,1012,1022
333194,1007,1021
333195,999,1018
333196,995,1021
333197,997,1025
333198,996,1028
333199,995,1025
333200,991,1025
333201,988,1027
333202,986,1026
333203,988,1029
333204,990,1032
333205,990,1032
333206,987,1030
333207,982,1027
333208,981,1030
333209,984,1034
333210,987,1035
333211,989,1035
333212,989,1032
333213,988,1028
333214,983,1030
333215,985,1031
333216,990,1036
333217,992,1037
333218,991,1036
333219,989,1035
333220,991,1035
333221,993,1041
333222,997,1045
333223,996,1043
333224,994,1036
333225,991,1030
333226,994,1028
333227,996,1030
333228,1000,1030
333229,999,1029
333230,997,1024
333231,994,1025
333232,994,1025
333233,996,1028
333234,999,1028
333235,998,1029
333236,993,1026
333237,991,1023
333238,993,1024
333239,994,1024
333240,997,1025
333241,997,1024
333242,996,1022
333243,989,1022
333244,989,1024
333245,993,1024
333246,995,1029
333247,993,1025
333248,989,1021
333249,991,1021
333250,993,1024
333251,994,1024
333252,995,1029
333253,991,1029
333254,988,1024
333255,986,1021
333256,987,1024
333257,989,1026
333258,991,1026
333259,991,1023
333260,988,1024
333261,987,1023
333262,987,1023
333263,991,1028
333264,991,1033
333265,991,1034
333266,993,1032
333267,988,1030
333268,990,1029
333269,994,1032
333270,996,1033
333271,997,1029
333272,995,1027
333273,993,1026
333274,992,1023
333275,995,1022
333276,1003,1021
333277,1011,1019
333278,1022,1015
333279,1032,1013
333280,1052,1013
333281,1085,1006
333282,1122,1003
333283,1169,996
333284,1214,997
333285,1255,1005
333286,1295,1028
333287,1319,1048
333288,1316,1056
333289,1277,1053
333290,1213,1052
333291,1143,1060
333292,1075,1073
333293,1008,1082
333294,967,1087
333295,953,1077
333296,959,1062
333297,968,1047
333298,977,1042
333299,987,1040
333300,991,1039
333301,986,1032
333302,984,1025
333303,978,1022
333304,977,1023
333305,979,1027
333306,980,1027
333307,981,1027
333308,978,1027
333309,974,1027
333310,970,1029
333311,971,1032
333312,976,1032
333313,975,1031
333314,973,1030
333315,970,1026
333316,971,1029
333317,972,1032
333318,976,1034
333319,975,1036
333320,975,1033
333321,970,1031
333322,968,1033
333323,973,1035
333324,974,1036
333325,973,1032
333326,969,1029
333327,968,1025
333328,967,1026
333329,970,1030
333330,975,1032
333331,972,1027
333332,970,1026
333333,968,1028
333334,967,1033
333335,968,1035
333336,973,1037
333337,972,1030
333338,969,1022
333339,968,1016
333340,969,1017
333341,970,1019
333342,975,1019
333343,974,1014
333344,971,1015
333345,970,1014
333346,966,1016
333347,970,1021
333348,974,1025
333349,975,1021
333350,976,1020
333351,973,1016
333352,974,1013
333353,980,1014
333354,983,1012
333355,985,1009
333356,980,1002
333357,985,995
333358,987,1000
333359,991,1000
333360,993,1001
333361,993,998
333362,991,994
333363,988,996
333364,994,995
333365,1000,994
333366,1001,993
333367,1003,990
333368,1002,990
333369,1003,987
333370,1002,987
333371,1003,989
333372,1008,990
333373,1009,991
333374,1010,987
333375,1006,985
333376,1011,986
333377,1012,987
333378,1015,986
333379,1015,983
333380,1014,981
333381,1012,983
333382,1014,985
333383,1019,991
333384,1020,994
333385,1022,993
333386,1018,994
333387,1014,995
333388,1013,998
333389,1015,1004
333390,1013,1007
333391,1012,1011
333392,1008,1012
333393,1004,1015
333394,1002,1017
333395,1004,1019
333396,1005,1023
333397,1003,1023
333398,1001,1023
333399,997,1024
333400,992,1029
333401,996,1037
333402,996,1041
333403,993,1038
333404,993,1033
333405,989,1031
333406,989,1035
333407,990,1039
333408,993,1041
333409,990,1042
333410,989,1039
333411,986,1036
333412,987,1039
333413,987,1045
333414,990,1048
333415,989,1045
333416,989,1043
333417,986,1042
333418,986,1044
333419,988,1049
333420,992,1052
333421,993,1050
333422,990,1045
333423,988,1042
333424,991,1043
333425,989,1043
333426,996,1043
333427,995,1041
333428,990,1039
333429,987,1037
333430,990,1038
333431,993,1041
333432,998,1044
333433,999,1041
333434,996,1038
333435,993,1034
333436,992,1037
333437,995,1037
333438,994,1035
333439,994,1032
333440,993,1026
333441,990,1027
333442,989,1030
333443,994,1035
333444,998,1037
333445,999,1037
333446,995,1032
333447,992,1030
333448,989,1031
333449,993,1035
333450,994,1038
333451,994,1037
333452,991,1034
333453,990,1033
333454,990,1034
333455,990,1038
333456,994,1043
333457,993,1041
333458,991,1039
333459,990,1038
333460,988,1041
333461,992,1046
333462,995,1046
333463,998,1038
333464,994,1037
333465,990,1034
333466,989,1036
333467,991,1041
333468,993,1043
333469,989,1043
333470,988,1040
333471,987,1039
333472,987,1044
333473,990,1047
333474,997,1046
333475,996,1042
333476,995,1041
333477,992,1040
333478,988,1042
333479,990,1045
333480,992,1042
333481,992,1038
333482,992,1034
333483,990,1038
333484,989,1040
333485,991,1041
333486,996,1037
333487,997,1031
333488,994,1027
333489,988,1027
333490,986,1031
333491,988,1036
333492,992,1037
333493,991,1038
333494,988,1034
333495,985,1034
333496,987,1034
333497,987,1038
333498,989,1038
333499,989,1037
333500,986,1035
333501,983,1036
333502,982,1037
333503,985,1040
333504,987,1039
333505,988,1040
333506,986,1038
333507,984,1039
333508,983,1043
333509,983,1046
333510,985,1046
333511,987,1048
333512,983,1045
333513,982,1043
333514,982,1048
333515,986,1047
333516,991,1047
333517,992,1046
333518,989,1044
333519,986,1042
333520,988,1049
333521,988,1046
333522,996,1046
333523,994,1043
333524,991,1040
333525,992,1035
333526,995,1036
333527,997,1038
333528,998,1043
333529,997,1044
333530,994,1040
333531,992,1040
333532,992,1040
333533,992,1042
333534,996,1040
333535,1000,1037
333536,999,1036
333537,997,1033
333538,995,1036
333539,997,1038
333540,1002,1041
333541,998,1037
333542,998,1035
333543,994,1031
333544,995,1030
333545,1003,1030
333546,1015,1026
333547,1025,1023
333548,1037,1016
333549,1053,1014
333550,1083,1011
333551,1113,1008
333552,1149,997
333553,1182,985
333554,1219,979
333555,1255,984
333556,1291,1002
333557,1311,1022
333558,1299,1037
333559,1258,1042
333560,1197,1042
333561,1127,1055
333562,1061,1069
333563,1008,1080
333564,975,1082
333565,965,1082
333566,971,1071
333567,984,1061
333568,992,1054
333569,1001,1050
333570,998,1046
333571,993,1043
333572,986,1037
333573,986,1034
333574,986,1036
333575,987,1038
333576,989,1042
333577,987,1041
333578,981,1034
333579,976,1031
333580,975,1032
333581,977,1034
333582,980,1039
333583,980,1035
333584,977,1034
333585,975,1033
333586,973,1037
333587,978,1043
333588,977,1042
333589,975,1040
333590,974,1035
333591,969,1034
333592,967,1038
333593,973,1039
333594,977,1038
333595,976,1039
333596,972,1038
333597,970,1038
333598,969,1040
333599,970,1042
333600,973,1044
333601,972,1041
333602,967,1037
333603,966,1036
333604,964,1037
333605,969,1039
333606,972,1044
333607,972,1040
333608,971,1037
333609,968,1038
333610,967,1041
333611,969,1044
333612,976,1043
333613,976,1038
333614,977,1035
333615,974,1032
333616,975,1035
333617,978,1035
333618,980,1038
333619,981,1033
333620,982,1030
333621,982,1031
333622,982,1029
333623,987,1030
333624,991,1029
333625,992,1027
333626,990,1022
333627,989,1021
333628,988,1020
333629,989,1019
333630,995,1017
333631,996,1013
333632,992,1008
333633,992,1006
333634,994,1006
333635,998,1010
333636,1001,1013
333637,1002,1011
333638,1000,1006
333639,997,1006
333640,996,1006
333641,1002,1006
333642,1004,1006
333643,1003,1002
333644,1000,998
333645,1000,996
333646,1000,1001
333647,1003,1002
333648,1007,999
333649,1011,998
333650,1010,995
333651,1010,998
333652,1013,1001
333653,1015,1006
333654,1021,1008
333655,1021,1007
333656,1018,1007
333657,1015,1008
333658,1015,1009
333659,1019,1012
333660,1024,1015
333661,1024,1014
333662,1021,1016
333663,1018,1013
333664,1017,1018
333665,1017,1025
333666,1016,1028
333667,1015,1027
333668,1006,1031
333669,1002,1030
333670,1001,1034
333671,1000,1036
333672,1003,1038
333673,1002,1039
333674,999,1040
333675,991,1039
333676,991,1042
333677,992,1044
333678,994,1047
333679,995,1047
333680,990,1046
333681,985,1046
333682,987,1050
333683,988,1050
333684,991,1051
333685,992,1044
333686,985,1043
333687,982,1045
333688,980,1046
333689,980,1050
333690,987,1050
333691,983,1050
333692,984,1047
333693,982,1045
333694,983,1050
333695,984,1053
333696,986,1054
333697,987,1048
333698,984,1046
333699,981,1044
333700,984,1045
333701,989,1049
333702,992,1046
333703,992,1045
333704,989,1043
333705,986,1040
333706,988,1043
333707,990,1039
333708,992,1042
333709,992,1039
333710,990,1034
333711,991,1035
333712,991,1037
333713,996,1040
333714,996,1039
333715,997,1037
333716,993,1033
333717,993,1035
333718,992,1038
333719,992,1039
333720,995,1039
333721,995,1040
333722,993,1037
333723,990,1040
333724,992,1043
333725,996,1041
333726,997,1039
333727,995,1037
333728,993,1033
333729,991,1033
333730,993,1035
333731,994,1040
333732,996,1043
333733,997,1044
333734,995,1038
333735,991,1037
333736,992,1038
333737,993,1039
333738,996,1039
333739,994,1039
333740,990,1039
333741,987,1035
333742,987,1043
333743,987,1045
333744,990,1048
333745,989,1050
333746,986,1050
333747,983,1046
333748,980,1047
333749,983,1048
333750,986,1050
333751,986,1046
333752,983,1042
333753,985,1038
333754,986,1042
333755,987,1049
333756,990,1047
333757,990,1045
333758,989,1041
333759,986,1041
333760,985,1043
333761,988,1047
333762,990,1047
333763,990,1043
333764,991,1035
333765,987,1036
333766,985,1038
333767,991,1039
333768,993,1041
333769,991,1039
333770,989,1038
333771,985,1036
333772,987,1040
333773,990,1039
333774,991,1041
333775,993,1042
333776,991,1043
333777,990,1038
333778,990,1040
333779,990,1042
333780,992,1043
333781,994,1041
333782,991,1037
333783,989,1036
333784,990,1038
333785,991,1039
333786,996,1039
333787,995,1037
333788,993,1036
333789,990,1034
333790,988,1039
333791,992,1040
333792,994,1040
333793,994,1039
333794,991,1037
333795,990,1035
333796,987,1035
333797,995,1037
333798,1005,1036
333799,1016,1034
333800,1024,1029
333801,1033,1025
333802,1054,1025
333803,1085,1021
333804,1118,1012
333805,1153,1000
333806,1188,993
333807,1221,991
333808,1262,999
333809,1296,1019
333810,1314,1038
333811,1298,1046
333812,1251,1048
333813,1191,1048
333814,1123,1056
333815,1065,1066
333816,1013,1078
333817,971,1082
333818,954,1080
333819,953,1073
333820,966,1066
333821,978,1057
333822,988,1052
333823,990,1052
333824,988,1044
333825,983,1041
333826,978,1042
333827,980,1041
333828,981,1041
333829,981,1037
333830,976,1035
333831,972,1034
333832,968,1036
333833,971,1037
333834,972,1039
333835,969,1041
333836,969,1037
333837,966,1039
333838,962,1039
333839,969,1043
333840,972,1041
333841,968,1038
333842,967,1034
333843,963,1037
333844,964,1038
333845,966,1043
333846,967,1045
333847,969,1042
333848,966,1040
333849,966,1034
333850,965,1039
333851,967,1040
333852,969,1042
333853,967,1042
333854,963,1042
333855,961,1041
333856,960,1045
333857,963,1042
333858,967,1042
333859,970,1040
333860,966,1038
333861,963,1037
333862,961,1039
333863,965,1044
333864,967,1048
333865,967,1046
333866,964,1040
333867,965,1040
333868,964,1042
333869,968,1040
333870,969,1043
333871,970,1041
333872,969,1037
333873,964,1036
333874,963,1035
333875,966,1037
333876,969,1035
333877,968,1030
333878,970,1023
333879,969,1021
333880,973,1023
333881,979,1022
333882,984,1021
333883,983,1019
333884,979,1015
333885,974,1013
333886,977,1013
333887,978,1016
333888,985,1016
333889,988,1009
333890,985,1007
333891,982,1004
333892,978,1004
333893,984,1008
333894,988,1009
333895,989,1006
333896,991,1003
333897,992,1000
333898,993,1000
333899,992,1002
333900,998,1001
333901,998,1001
333902,995,997
333903,997,994
333904,996,996
333905,998,1000
333906,1001,1000
333907,998,999
333908,999,998
333909,995,996
333910,995,1001
333911,1001,1006
333912,1005,1010
333913,1006,1009
333914,1003,1006
333915,1000,1010
333916,1002,1014
333917,1006,1016
333918,1007,1017
333919,1008,1015
333920,1003,1013
333921,1001,1013
333922,1001,1016
333923,1003,1020
333924,1004,1024
333925,1000,1027
333926,996,1026
333927,992,1030
333928,991,1033
333929,990,1039
333930,996,1039
333931,993,1037
333932,986,1034
333933,985,1035
333934,985,1039
333935,987,1045
333936,988,1046
333937,984,1044
333938,982,1043
333939,978,1044
333940,975,1046
333941,977,1049
333942,979,1049
333943,980,1048
333944,979,1048
333945,974,1047
333946,975,1050
333947,976,1054
333948,977,1055
333949,976,1055
333950,973,1050
333951,969,1043
333952,968,1044
333953,975,1043
333954,979,1043
333955,976,1040
333956,976,1039
333957,973,1039
333958,974,1041
333959,974,1042
333960,977,1041
333961,976,1037
333962,974,1037
333963,970,1034
333964,972,1035
333965,977,1042
333966,981,1042
333967,980,1040
333968,971,1037
333969,970,1037
333970,972,1039
333971,973,1041
333972,976,1040
333973,975,1039
333974,974,1037
333975,973,1037
333976,972,1039
333977,972,1043
333978,976,1043
333979,977,1043
333980,974,1040
333981,974,1042
333982,973,1043
333983,978,1043
333984,982,1044
333985,982,1040
333986,980,1036
333987,976,1035
333988,975,1040
333989,978,1041
333990,982,1040
333991,981,1039
333992,977,1036
333993,977,1038
333994,977,1038
333995,977,1041
333996,980,1043
333997,978,1042
333998,976,1041
333999,972,1038
334000,975,1039
334001,978,1038
334002,979,1038
334003,977,1036
334004,975,1032
334005,975,1033
334006,974,1036
334007,975,1043
334008,978,1042
334009,977,1038
334010,974,1037
334011,974,1035
334012,974,1036
334013,976,1041
334014,977,1041
334015,977,1043
334016,974,1035
334017,971,1034
334018,970,1036
334019,972,1038
334020,978,1039
334021,977,1039
334022,976,1036
334023,974,1039
334024,973,1041
334025,973,1045
334026,978,1046
334027,977,1043
334028,970,1042
334029,969,1040
334030,971,1041
334031,973,1041
334032,978,1040
334033,978,1039
334034,978,1035
334035,979,1035
334036,977,1033
334037,984,1034
334038,988,1032
334039,992,1029
334040,997,1024
334041,1004,1021
334042,1017,1022
334043,1033,1022
334044,1060,1021
334045,1095,1012
334046,1128,1001
334047,1166,994
334048,1204,995
334049,1246,1005
334050,1279,1021
334051,1295,1037
334052,1281,1043
334053,1248,1039
334054,1193,1042
334055,1135,1048
334056,1078,1061
334057,1015,1070
334058,962,1073
334059,937,1076
334060,935,1074
334061,947,1070
334062,956,1060
334063,964,1047
334064,971,1038
334065,971,1032
334066,971,1031
334067,969,1034
334068,968,1035
334069,968,1033
334070,962,1031
334071,956,1033
334072,954,1035
334073,957,1037
334074,963,1037
334075,960,1033
334076,957,1029
334077,955,1029
334078,955,1035
334079,957,1037
334080,959,1037
334081,955,1037
334082,956,1040
334083,954,1036
334084,952,1038
334085,954,1039
334086,959,1039
334087,959,1038
334088,958,1035
334089,953,1036
334090,957,1039
334091,957,1041
334092,956,1044
334093,953,1042
334094,956,1039
334095,951,1040
334096,954,1043
334097,960,1042
334098,965,1041
334099,961,1037
334100,957,1032
334101,951,1031
334102,953,1032
334103,953,1033
334104,959,1034
334105,958,1032
334106,955,1026
334107,953,1025
334108,951,1024
334109,953,1026
334110,957,1024
334111,957,1023
334112,954,1020
334113,954,1021
334114,953,1025
334115,955,1028
334116,961,1030
334117,961,1021
334118,960,1016
334119,958,1013
334120,959,1007
334121,961,1007
334122,968,1005
334123,966,1003
334124,966,999
334125,963,999
334126,964,997
334127,969,1001
334128,975,998
334129,977,996
334130,976,992
334131,974,991
334132,974,995
334133,975,996
334134,980,996
334135,980,991
334136,980,988
334137,980,991
334138,980,991
334139,984,990
334140,987,987
334141,987,989
334142,984,983
334143,983,982
334144,984,984
334145,988,988
334146,991,986
334147,990,985
334148,990,983
334149,989,983
334150,989,992
334151,989,996
334152,994,1000
334153,994,996
334154,991,993
334155,991,994
334156,995,998
334157,997,1003
334158,998,1002
334159,998,1003
334160,994,1002
334161,992,1002
334162,991,1008
334163,990,1015
334164,992,1024
334165,990,1024
334166,986,1023
334167,985,1024
334168,986,1027
334169,987,1032
334170,990,1033
334171,986,1030
334172,982,1028
334173,973,1029
334174,974,1035
334175,973,1034
334176,978,1034
334177,976,1033
334178,973,1030
334179,967,1032
334180,962,1037
334181,968,1040
334182,971,1042
334183,971,1037
334184,971,1029
334185,968,1030
334186,969,1034
334187,974,1036
334188,977,1037
334189,977,1036
334190,974,1038
334191,970,1039
334192,972,1041
334193,976,1044
334194,977,1045
334195,975,1043
334196,970,1042
334197,969,1040
334198,970,1039
334199,973,1043
334200,978,1043
334201,974,1041
334202,975,1039
334203,972,1040
334204,974,1041
334205,979,1044
334206,976,1043
334207,977,1041
334208,973,1039
334209,972,1039
334210,976,1042
334211,979,1046
334212,981,1044
334213,983,1043
334214,980,1038
334215,976,1034
334216,974,1034
334217,977,1036
334218,979,1039
334219,982,1037
334220,978,1035
334221,976,1036
334222,978,1038
334223,981,1040
334224,984,1036
334225,984,1032
334226,982,1030
334227,978,1028
334228,979,1033
334229,980,1037
334230,983,1036
334231,983,1035
334232,977,1034
334233,975,1035
334234,977,1036
334235,980,1039
334236,981,1037
334237,980,1034
334238,976,1031
334239,973,1032
334240,980,1034
334241,981,1036
334242,981,1036
334243,978,1034
334244,977,1037
334245,979,1034
334246,980,1034
334247,981,1035
334248,982,1033
334249,982,1034
334250,980,1035
334251,978,1037
334252,976,1037
334253,983,1040
334254,986,1036
334255,985,1034
334256,983,1030
334257,979,1029
334258,977,1031
334259,981,1034
334260,983,1035
334261,981,1034
334262,980,1033
334263,978,1034
334264,977,1036
334265,980,1038
334266,984,1037
334267,983,1036
334268,973,1034
334269,976,1034
334270,978,1038
334271,978,1043
334272,980,1045
334273,977,1042
334274,979,1041
334275,975,1038
334276,978,1040
334277,982,1039
334278,985,1038
334279,983,1035
334280,980,1031
334281,978,1028
334282,977,1030
334283,983,1031
334284,988,1033
334285,986,1031
334286,984,1027
334287,982,1027
334288,986,1027
334289,994,1027
334290,1001,1030
334291,1008,1025
334292,1017,1022
334293,1027,1020
334294,1049,1021
334295,1081,1016
334296,1119,1008
334297,1160,1000
334298,1202,993
334299,1241,994
334300,1284,1005
334301,1307,1023
334302,1316,1037
334303,1287,1042
334304,1235,1042
334305,1174,1047
334306,1109,1060
334307,1052,1076
334308,1001,1085
334309,963,1088
334310,949,1088
334311,954,1079
334312,967,1069
334313,978,1062
334314,986,1057
334315,988,1050
334316,987,1045
334317,981,1046
334318,978,1045
334319,977,1048
334320,977,1044
334321,977,1040
334322,973,1036
334323,968,1036
334324,966,1038
334325,968,1041
334326,968,1045
334327,964,1044
334328,964,1036
334329,963,1035
334330,968,1036
334331,966,1035
334332,970,1036
334333,969,1029
334334,965,1029
334335,963,1026
334336,961,1029
334337,966,1032
334338,966,1030
334339,965,1030
334340,964,1029
334341,961,1029
334342,963,1031
334343,965,1033
334344,966,1037
334345,965,1034
334346,963,1032
334347,958,1031
334348,960,1035
334349,963,1040
334350,966,1038
334351,964,1036
334352,962,1033
334353,958,1029
334354,961,1029
334355,961,1034
334356,965,1034
334357,964,1032
334358,962,1032
334359,960,1027
334360,961,1031
334361,968,1037
334362,969,1039
334363,968,1036
334364,965,1033
334365,965,1032
334366,968,1033
334367,971,1034
334368,977,1033
334369,976,1030
334370,976,1028
334371,974,1030
334372,974,1031
334373,977,1032
334374,980,1031
334375,981,1026
334376,980,1019
334377,983,1013
334378,983,1012
334379,987,1013
334380,991,1009
334381,992,1007
334382,990,1001
334383,989,999
334384,989,1001
334385,991,1002
334386,994,998
334387,997,995
334388,993,995
334389,992,992
334390,993,991
334391,997,992
334392,1002,989
334393,995,989
334394,992,987
334395,992,987
334396,995,992
334397,999,996
334398,1001,1001
334399,1001,1003
334400,1001,1000
334401,999,1001
334402,998,1001
334403,1001,1000
334404,1006,999
334405,1007,995
334406,1001,997
334407,999,997
334408,1001,1004
334409,1002,1009
334410,1002,1011
334411,1006,1013
334412,1000,1016
334413,996,1017
334414,998,1022
334415,998,1027
334416,996,1031
334417,994,1033
334418,992,1033
334419,990,1033
334420,988,1037
334421,986,1040
334422,989,1043
334423,987,1041
334424,984,1040
334425,981,1040
334426,982,1043
334427,982,1046
334428,982,1049
334429,984,1048
334430,980,1046
334431,979,1046
334432,981,1051
334433,980,1049
334434,984,1047
334435,982,1043
334436,979,1043
334437,977,1046
334438,976,1047
334439,985,1050
334440,987,1049
334441,984,1045
334442,983,1042
334443,982,1042
334444,982,1045
334445,991,1051
334446,996,1050
334447,999,1048
334448,999,1044
334449,1001,1046
334450,1007,1050
334451,1017,1054
334452,1022,1053
334453,1030,1048
334454,1037,1040
334455,1051,1028
334456,1063,1017
334457,1077,1006
334458,1094,990
334459,1105,977
334460,1119,961
334461,1131,945
334462,1151,934
334463,1167,919
334464,1185,897
334465,1205,870
334466,1223,851
334467,1237,835
334468,1254,825
334469,1266,815
334470,1273,805
334471,1274,802
334472,1275,797
334473,1271,796
334474,1264,794
334475,1253,794
334476,1245,794
334477,1225,792
334478,1202,792
334479,1179,797
334480,1159,803
334481,1137,815
334482,1113,826
334483,1086,838
334484,1062,850
334485,1041,863
334486,1038,880
334487,1040,897
334488,1042,913
334489,1037,923
334490,1031,934
334491,1027,944
334492,1033,956
334493,1046,965
334494,1064,970
334495,1080,975
334496,1095,978
334497,1092,985
334498,1072,994
334499,1034,1009
334500,995,1020
334501,957,1033
334502,935,1042
334503,925,1059
334504,921,1072
334505,920,1082
334506,920,1086
334507,917,1087
334508,908,1088
334509,902,1089
334510,900,1097
334511,900,1101
334512,904,1104
334513,900,1107
334514,897,1108
334515,888,1110
334516,886,1113
334517,885,1114
334518,887,1114
334519,884,1114
334520,883,1117
334521,881,1119
334522,880,1124
334523,880,1124
334524,884,1122
334525,879,1123
334526,876,1125
334527,872,1129
334528,870,1135
334529,874,1141
334530,878,1139
334531,875,1139
334532,870,1137
334533,865,1141
334534,864,1147
334535,864,1154
334536,866,1156
334537,866,1158
334538,858,1157
334539,860,1157
334540,861,1162
334541,868,1166
334542,871,1169
334543,868,1169
334544,865,1170
334545,861,1170
334546,864,1174
334547,866,1180
334548,873,1182
334549,876,1185
334550,875,1185
334551,872,1188
334552,874,1194
334553,881,1198
334554,890,1199
334555,889,1193
334556,886,1189
334557,892,1188
334558,897,1191
334559,902,1192
334560,906,1193
334561,908,1184
334562,912,1181
334563,911,1176
334564,916,1174
334565,918,1172
334566,926,1168
334567,929,1164
334568,930,1158
334569,932,1152
334570,938,1149
334571,943,1146
334572,948,1143
334573,948,1136
334574,945,1130
334575,946,1123
334576,952,1122
334577,954,1119
334578,958,1115
334579,956,1107
334580,956,1103
334581,952,1098
334582,957,1095
334583,960,1091
334584,962,1082
334585,959,1075
334586,953,1069
334587,951,1066
334588,953,1062
334589,956,1061
334590,957,1058
334591,956,1056
334592,952,1051
334593,950,1051
334594,950,1052
334595,951,1050
334596,957,1050
334597,953,1051
334598,953,1049
334599,950,1049
334600,953,1050
334601,956,1053
334602,959,1052
334603,958,1049
334604,960,1045
334605,958,1046
334606,955,1050
334607,954,1055
334608,960,1053
334609,961,1047
334610,962,1040
334611,961,1037
334612,958,1038
334613,964,1042
334614,965,1038
334615,964,1038
334616,960,1034
334617,959,1037
334618,957,1038
334619,963,1040
334620,965,1038
334621,965,1036
334622,963,1033
334623,965,1031
334624,964,1037
334625,969,1039
334626,970,1038
334627,966,1035
334628,967,1034
334629,965,1036
334630,966,1038
334631,968,1042
334632,967,1042
334633,963,1039
334634,966,1038
334635,967,1035
334636,969,1038
334637,969,1039
334638,968,1038
334639,965,1037
334640,965,1033
334641,963,1032
334642,966,1035
334643,965,1036
334644,966,1037
334645,963,1034
334646,959,1031
334647,956,1034
334648,953,1033
334649,955,1038
334650,960,1038
334651,961,1036
334652,958,1035
334653,955,1037
334654,952,1041
334655,957,1044
334656,958,1036
334657,959,1032
334658,959,1027
334659,958,1024
334660,959,1026
334661,963,1029
334662,962,1031
334663,964,1029
334664,957,1029
334665,959,1028
334666,958,1028
334667,961,1031
334668,964,1032
334669,963,1030
334670,963,1025
334671,962,1025
334672,964,1028
334673,963,1031
334674,966,1029
334675,962,1027
334676,955,1025
334677,954,1025
334678,957,1029
334679,960,1033
334680,964,1033
334681,957,1031
334682,951,1029
334683,952,1030
334684,957,1035
334685,959,1041
334686,959,1045
334687,958,1045
334688,954,1039
334689,951,1037
334690,953,1033
334691,958,1037
334692,961,1035
334693,958,1029
334694,953,1027
334695,950,1026
334696,952,1029
334697,955,1033
334698,958,1033
334699,952,1033
334700,953,1031
334701,952,1032
334702,954,1033
334703,956,1036
334704,959,1035
334705,959,1034
334706,957,1031
334707,953,1028
334708,953,1033
334709,954,1033
334710,957,1032
334711,958,1034
334712,962,1030
334713,960,1031
334714,961,1032
334715,958,1035
334716,959,1033
334717,960,1031
334718,958,1028
334719,957,1029
334720,960,1029
334721,961,1031
334722,965,1031
334723,963,1030
334724,956,1025
334725,954,1025
334726,957,1032
334727,960,1029
334728,961,1031
334729,961,1031
334730,959,1028
334731,958,1030
334732,957,1031
334733,964,1031
334734,961,1030
334735,962,1029
334736,958,1025
334737,957,1025
334738,955,1030
334739,956,1035
334740,957,1037
334741,957,1041
334742,955,1039
334743,953,1038
334744,953,1035
334745,958,1038
334746,962,1039
334747,960,1038
334748,957,1035
334749,954,1034
334750,956,1035
334751,958,1033
334752,963,1030
334753,962,1026
334754,955,1020
334755,954,1021
334756,956,1025
334757,962,1027
334758,964,1030
334759,963,1027
334760,958,1028
334761,956,1029
334762,965,1034
334763,967,1035
334764,966,1036
334765,959,1034
334766,958,1030
334767,959,1032
334768,959,1030
334769,965,1030
334770,967,1028
334771,968,1025
334772,963,1026
334773,960,1027
334774,963,1029
334775,964,1031
334776,965,1031
334777,965,1030
334778,965,1027
334779,963,1029
334780,960,1029
334781,955,1030
334782,955,1031
334783,952,1029
334784,957,1027
334785,956,1028
334786,955,1028
334787,956,1031
334788,958,1032
334789,960,1033
334790,960,1029
334791,956,1029
334792,960,1030
334793,963,1036
334794,966,1033
334795,963,1032
334796,958,1028
334797,958,1024
334798,959,1029
334799,966,1031
334800,968,1030
334801,965,1027
334802,962,1027
334803,960,1029
334804,960,1030
334805,962,1033
334806,964,1036
334807,964,1033
334808,965,1031
334809,960,1033
334810,965,1036
334811,967,1042
334812,967,1039
334813,965,1035
334814,963,1027
334815,959,1024
334816,961,1024
334817,965,1027
334818,968,1027
334819,966,1027
334820,966,1025
334821,965,1027
334822,968,1029
334823,968,1031
334824,969,1033
334825,967,1029
334826,962,1027
334827,959,1026
334828,962,1029
334829,964,1031
334830,966,1033
334831,966,1031
334832,961,1028
334833,959,1027
334834,956,1028
334835,962,1030
334836,964,1029
334837,966,1026
334838,968,1023
334839,964,1022
334840,965,1021
334841,965,1028
334842,967,1029
334843,964,1027
334844,963,1026
334845,962,1025
334846,963,1027
334847,963,1028
334848,971,1028
334849,970,1027
334850,968,1023
334851,966,1023
334852,966,1024
334853,968,1030
334854,969,1030
334855,969,1027
334856,968,1027
334857,965,1026
334858,966,1029
334859,967,1031
334860,968,1028
334861,969,1024
334862,969,1022
334863,971,1024
334864,969,1026
334865,970,1026
334866,975,1021
334867,980,1015
334868,981,1010
334869,992,1009
334870,1003,1007
334871,1023,1006
334872,1045,1005
334873,1070,996
334874,1104,981
334875,1141,974
334876,1187,977
334877,1236,989
334878,1276,1007
334879,1286,1022
334880,1261,1028
334881,1206,1029
334882,1137,1037
334883,1079,1050
334884,1024,1064
334885,971,1072
334886,939,1077
334887,936,1073
334888,952,1064
334889,967,1057
334890,975,1046
334891,975,1040
334892,968,1031
334893,964,1030
334894,965,1032
334895,966,1035
334896,969,1033
334897,964,1030
334898,958,1025
334899,954,1027
334900,954,1026
334901,955,1029
334902,958,1028
334903,956,1028
334904,952,1025
334905,950,1028
334906,950,1031
334907,950,1031
334908,952,1026
334909,951,1020
334910,949,1016
334911,948,1015
334912,949,1021
334913,951,1022
334914,951,1026
334915,950,1025
334916,947,1023
334917,945,1025
334918,951,1030
334919,952,1039
334920,955,1039
334921,957,1038
334922,954,1035
334923,952,1032
334924,951,1032
334925,952,1033
334926,958,1033
334927,952,1033
334928,953,1030
334929,949,1028
334930,951,1032
334931,958,1034
334932,962,1032
334933,960,1030
334934,955,1028
334935,951,1031
334936,952,1037
334937,955,1042
334938,962,1037
334939,960,1030
334940,959,1020
334941,955,1016
334942,959,1016
334943,963,1016
334944,966,1017
334945,964,1014
334946,965,1012
334947,961,1010
334948,961,1013
334949,967,1017
334950,973,1013
334951,976,1008
334952,975,1004
334953,971,1001
334954,975,1002
334955,975,1004
334956,979,1003
334957,979,998
334958,977,997
334959,979,998
334960,981,998
334961,985,999
334962,986,998
334963,992,997
334964,993,997
334965,992,1000
334966,989,1005
334967,994,1004
334968,1000,1003
334969,1003,1000
334970,1006,996
334971,1004,990
334972,1003,994
334973,1008,997
334974,1012,997
334975,1012,996
334976,1010,996
334977,1009,995
334978,1012,1000
334979,1017,1003
334980,1018,1002
334981,1016,1000
334982,1009,1001
334983,1009,1006
334984,1007,1011
334985,1002,1019
334986,1009,1021
334987,1009,1021
334988,1006,1023
334989,1002,1022
334990,994,1024
334991,997,1030
334992,998,1028
334993,999,1029
334994,996,1023
334995,990,1028
334996,992,1032
334997,994,1036
334998,994,1035
334999,991,1032
335000,986,1032
335001,986,1034
335002,984,1038
335003,988,1037
335004,988,1036
335005,988,1036
335006,988,1032
335007,988,1030
335008,987,1035
335009,987,1034
335010,989,1034
335011,987,1034
335012,985,1032
335013,982,1037
335014,980,1041
335015,985,1046
335016,985,1045
335017,985,1045
335018,981,1044
335019,979,1041
335020,981,1039
335021,986,1036
335022,989,1033
335023,988,1031
335024,985,1031
335025,984,1034
335026,989,1036
335027,987,1036
335028,991,1038
335029,990,1035
335030,988,1035
335031,990,1037
335032,990,1038
335033,993,1039
335034,994,1038
335035,992,1036
335036,992,1034
335037,993,1037
335038,992,1038
335039,994,1039
335040,993,1040
335041,993,1040
335042,992,1034
335043,991,1035
335044,991,1035
335045,995,1034
335046,996,1034
335047,993,1032
335048,991,1030
335049,988,1030
335050,986,1033
335051,987,1036
335052,989,1034
335053,987,1032
335054,986,1034
335055,985,1034
335056,987,1034
335057,987,1030
335058,989,1026
335059,988,1022
335060,982,1022
335061,980,1021
335062,982,1025
335063,985,1028
335064,989,1030
335065,987,1030
335066,984,1029
335067,981,1030
335068,984,1035
335069,984,1038
335070,989,1038
335071,985,1037
335072,984,1036
335073,978,1038
335074,986,1038
335075,989,1041
335076,988,1040
335077,988,1038
335078,984,1038
335079,983,1038
335080,990,1043
335081,1000,1042
335082,1012,1039
335083,1026,1033
335084,1044,1028
335085,1071,1023
335086,1106,1014
335087,1152,1007
335088,1201,1001
335089,1246,997
335090,1285,1005
335091,1309,1022
335092,1307,1039
335093,1278,1044
335094,1220,1046
335095,1148,1051
335096,1070,1065
335097,1005,1076
335098,962,1080
335099,953,1078
335100,964,1066
335101,978,1052
335102,986,1042
335103,988,1035
335104,987,1035
335105,984,1035
335106,980,1037
335107,974,1038
335108,967,1037
335109,964,1038
335110,966,1038
335111,969,1042
335112,970,1042
335113,966,1041
335114,961,1043
335115,961,1042
335116,962,1045
335117,964,1046
335118,966,1045
335119,964,1044
335120,961,1044
335121,958,1049
335122,959,1053
335123,960,1055
335124,959,1054
335125,959,1057
335126,956,1052
335127,953,1053
335128,957,1055
335129,960,1058
335130,962,1050
335131,960,1045
335132,958,1035
335133,951,1033
335134,955,1034
335135,959,1041
335136,959,1037
335137,959,1031
335138,960,1027
335139,959,1026
335140,959,1027
335141,961,1029
335142,963,1030
335143,960,1027
335144,959,1026
335145,959,1027
335146,957,1031
335147,964,1032
335148,966,1031
335149,964,1029
335150,964,1026
335151,960,1028
335152,961,1028
335153,967,1029
335154,971,1029
335155,968,1025
335156,965,1020
335157,967,1019
335158,969,1023
335159,972,1024
335160,975,1026
335161,975,1022
335162,975,1015
335163,975,1009
335164,979,1008
335165,982,1006
335166,986,1003
335167,988,1001
335168,983,997
335169,983,997
335170,986,994
335171,987,995
335172,987,996
335173,990,993
335174,989,989
335175,988,991
335176,989,990
335177,994,994
335178,998,993
335179,999,992
335180,995,991
335181,991,996
335182,991,998
335183,994,1003
335184,997,1006
335185,997,1006
335186,993,1005
335187,992,1005
335188,994,1011
335189,998,1016
335190,997,1018
335191,993,1020
335192,989,1023
335193,983,1025
335194,982,1032
335195,984,1036
335196,984,1040
335197,983,1042
335198,980,1039
335199,976,1042
335200,975,1047
335201,975,1049
335202,978,1049
335203,975,1050
335204,973,1049
335205,968,1053
335206,968,1056
335207,974,1059
335208,977,1056
335209,973,1059
335210,972,1055
335211,971,1053
335212,973,1053
335213,975,1054
335214,976,1053
335215,979,1052
335216,978,1043
335217,977,1043
335218,977,1043
335219,977,1047
335220,982,1045
335221,981,1046
335222,976,1044
335223,974,1046
335224,974,1052
335225,976,1050
335226,980,1050
335227,980,1047
335228,978,1044
335229,977,1045
335230,979,1047
335231,980,1049
335232,981,1050
335233,980,1048
335234,978,1045
335235,975,1044
335236,976,1050
335237,975,1053
335238,977,1052
335239,978,1052
335240,974,1052
335241,970,1053
335242,972,1057
335243,973,1063
335244,978,1062
335245,976,1057
335246,972,1052
335247,972,1046
335248,974,1050
335249,979,1054
335250,980,1052
335251,978,1054
335252,973,1054
335253,971,1054
335254,973,1059
335255,975,1060
335256,980,1061
335257,978,1056
335258,979,1051
335259,975,1051
335260,973,1052
335261,975,1049
335262,973,1042
335263,974,1039
335264,975,1034
335265,973,1037
335266,975,1041
335267,978,1045
335268,979,1047
335269,975,1047
335270,975,1046
335271,976,1043
335272,977,1043
335273,978,1045
335274,979,1042
335275,979,1042
335276,974,1041
335277,969,1041
335278,970,1046
335279,972,1051
335280,971,1049
335281,972,1049
335282,968,1045
335283,967,1046
335284,971,1050
335285,972,1056
335286,971,1056
335287,974,1055
335288,972,1051
335289,968,1052
335290,971,1055
335291,975,1059
335292,976,1062
335293,974,1057
335294,973,1052
335295,972,1045
335296,974,1048
335297,978,1050
335298,978,1052
335299,979,1050
335300,975,1048
335301,976,1047
335302,976,1049
335303,981,1051
335304,983,1049
335305,981,1044
335306,977,1040
335307,977,1039
335308,984,1040
335309,992,1045
335310,1007,1042
335311,1021,1036
335312,1034,1028
335313,1059,1023
335314,1088,1017
335315,1128,1009
335316,1178,998
335317,1219,992
335318,1258,995
335319,1292,1010
335320,1303,1032
335321,1283,1048
335322,1233,1048
335323,1165,1050
335324,1090,1058
335325,1024,1077
335326,967,1088
335327,945,1093
335328,945,1088
335329,955,1077
335330,965,1066
335331,973,1056
335332,977,1057
335333,981,1054
335334,979,1054
335335,971,1052
335336,965,1050
335337,961,1051
335338,961,1053
335339,962,1058
335340,964,1055
335341,958,1050
335342,957,1044
335343,955,1043
335344,956,1044
335345,955,1049
335346,954,1049
335347,955,1046
335348,951,1045
335349,950,1045
335350,952,1046
335351,954,1051
335352,955,1049
335353,954,1048
335354,951,1046
335355,950,1044
335356,949,1048
335357,951,1052
335358,954,1049
335359,952,1049
335360,952,1048
335361,947,1048
335362,952,1050
335363,954,1053
335364,958,1052
335365,957,1050
335366,951,1049
335367,947,1049
335368,950,1054
335369,951,1059
335370,950,1061
335371,952,1060
335372,955,1053
335373,954,1050
335374,956,1047
335375,956,1047
335376,957,1043
335377,955,1042
335378,955,1037
335379,954,1034
335380,956,1036
335381,959,1037
335382,962,1037
335383,960,1041
335384,957,1038
335385,959,1039
335386,961,1040
335387,963,1044
335388,966,1042
335389,964,1037
335390,961,1025
335391,963,1019
335392,966,1018
335393,972,1016
335394,976,1016
335395,977,1013
335396,970,1009
335397,970,1012
335398,971,1015
335399,974,1016
335400,978,1013
335401,979,1010
335402,978,1009
335403,976,1008
335404,978,1008
335405,981,1014
335406,980,1012
335407,976,1007
335408,975,1003
335409,975,1004
335410,982,1007
335411,983,1009
335412,985,1007
335413,985,1005
335414,986,1003
335415,987,1006
335416,987,1010
335417,990,1012
335418,993,1013
335419,992,1012
335420,990,1011
335421,992,1017
335422,990,1018
335423,990,1024
335424,989,1028
335425,988,1029
335426,987,1027
335427,986,1033
335428,987,1037
335429,988,1045
335430,987,1043
335431,986,1043
335432,985,1044
335433,981,1047
335434,981,1053
335435,982,1056
335436,982,1060
335437,982,1059
335438,976,1054
335439,973,1057
335440,972,1058
335441,975,1062
335442,978,1060
335443,979,1061
335444,977,1060
335445,972,1059
335446,972,1062
335447,975,1062
335448,975,1060
335449,973,1060
335450,970,1056
335451,970,1060
335452,973,1064
335453,976,1070
335454,978,1069
335455,974,1066
335456,969,1063
335457,967,1064
335458,968,1064
335459,970,1068
335460,973,1062
335461,971,1052
335462,973,1042
335463,974,1043
335464,975,1045
335465,974,1048
335466,974,1045
335467,971,1046
335468,970,1044
335469,969,1047
335470,970,1049
335471,973,1051
335472,973,1048
335473,975,1047
335474,975,1046
335475,972,1046
335476,974,1050
335477,976,1053
335478,978,1050
335479,976,1050
335480,973,1044
335481,973,1044
335482,979,1047
335483,980,1052
335484,980,1050
335485,977,1047
335486,976,1043
335487,977,1047
335488,976,1049
335489,980,1052
335490,980,1051
335491,976,1048
335492,975,1048
335493,974,1048
335494,974,1050
335495,980,1054
335496,980,1057
335497,977,1058
335498,974,1058
335499,974,1055
335500,975,1055
335501,978,1053
335502,979,1048
335503,980,1046
335504,973,1044
335505,971,1050
335506,971,1053
335507,976,1057
335508,977,1055
335509,977,1050
335510,974,1046
335511,976,1044
335512,976,1047
335513,979,1049
335514,979,1046
335515,976,1044
335516,974,1044
335517,969,1047
335518,972,1048
335519,974,1048
335520,975,1049
335521,973,1044
335522,973,1045
335523,969,1044
335524,974,1047
335525,978,1050
335526,977,1048
335527,977,1048
335528,970,1043
335529,967,1044
335530,968,1048
335531,973,1053
335532,972,1052
335533,973,1051
335534,975,1047
335535,972,1048
335536,975,1051
335537,977,1055
335538,977,1057
335539,978,1059
335540,974,1062
335541,973,1065
335542,976,1067
335543,980,1072
335544,982,1067
335545,980,1058
335546,977,1050
335547,976,1044
335548,976,1046
335549,980,1052
335550,982,1051
335551,978,1048
335552,975,1048
335553,971,1047
335554,973,1051
335555,974,1055
335556,975,1053
335557,972,1050
335558,970,1046
335559,969,1045
335560,973,1050
335561,978,1050
335562,981,1050
335563,984,1046
335564,979,1043
335565,976,1044
335566,977,1041
335567,988,1043
335568,998,1038
335569,1008,1035
335570,1022,1031
335571,1036,1030
335572,1065,1030
335573,1097,1020
335574,1136,1007
335575,1170,993
335576,1207,989
335577,1247,994
335578,1282,1007
335579,1300,1028
335580,1288,1044
335581,1241,1051
335582,1179,1057
335583,1111,1069
335584,1047,1084
335585,999,1089
335586,965,1086
335587,951,1081
335588,956,1073
335589,965,1065
335590,976,1056
335591,987,1051
335592,987,1048
335593,981,1047
335594,976,1044
335595,969,1045
335596,966,1049
335597,964,1053
335598,963,1049
335599,962,1051
335600,958,1050
335601,957,1052
335602,959,1058
335603,959,1060
335604,959,1059
335605,961,1054
335606,957,1056
335607,956,1056
335608,960,1055
335609,960,1055
335610,961,1052
335611,958,1049
335612,954,1049
335613,956,1053
335614,957,1057
335615,957,1054
335616,960,1049
335617,960,1041
335618,959,1040
335619,954,1042
335620,958,1046
335621,961,1050
335622,964,1049
335623,964,1049
335624,962,1049
335625,960,1051
335626,960,1053
335627,961,1051
335628,963,1049
335629,961,1045
335630,958,1041
335631,958,1040
335632,961,1044
335633,966,1048
335634,967,1048
335635,962,1045
335636,961,1043
335637,960,1040
335638,964,1042
335639,965,1043
335640,970,1044
335641,966,1041
335642,965,1038
335643,965,1039
335644,969,1041
335645,969,1045
335646,971,1045
335647,972,1043
335648,968,1043
335649,968,1043
335650,970,1042
335651,976,1040
335652,978,1032
335653,980,1026
335654,976,1022
335655,974,1022
335656,977,1021
335657,983,1020
335658,986,1014
335659,986,1009
335660,984,1006
335661,983,1008
335662,983,1010
335663,988,1014
335664,991,1012
335665,990,1007
335666,986,1006
335667,985,1005
335668,986,1007
335669,992,1012
335670,996,1010
335671,997,1008
335672,997,1005
335673,996,1005
335674,1003,1009
335675,1002,1013
335676,1002,1012
335677,1003,1011
335678,1004,1008
335679,1003,1011
335680,1005,1017
335681,1006,1018
335682,1007,1018
335683,1005,1020
335684,998,1023
335685,999,1026
335686,996,1030
335687,999,1036
335688,999,1038
335689,998,1039
335690,995,1040
335691,992,1044
335692,992,1050
335693,993,1059
335694,995,1058
335695,990,1055
335696,985,1053
335697,982,1049
335698,982,1050
335699,987,1051
335700,988,1053
335701,987,1055
335702,984,1053
335703,982,1054
335704,980,1052
335705,985,1052
335706,984,1052
335707,985,1050
335708,981,1048
335709,979,1051
335710,979,1054
335711,985,1058
335712,985,1057
335713,981,1054
335714,978,1052
335715,977,1053
335716,978,1054
335717,979,1058
335718,978,1058
335719,977,1054
335720,973,1052
335721,973,1054
335722,980,1053
335723,984,1057
335724,983,1053
335725,978,1047
335726,976,1043
335727,976,1042
335728,979,1045
335729,981,1047
335730,984,1045
335731,983,1047
335732,977,1044
335733,981,1044
335734,983,1044
335735,983,1046
335736,983,1042
335737,981,1042
335738,977,1039
335739,978,1041
335740,981,1043
335741,986,1046
335742,988,1044
335743,989,1042
335744,984,1041
335745,983,1042
335746,984,1046
335747,986,1050
335748,983,1049
335749,982,1047
335750,978,1046
335751,978,1050
335752,982,1051
335753,985,1060
335754,985,1057
335755,984,1053
335756,981,1047
335757,979,1045
335758,977,1049
335759,983,1053
335760,987,1056
335761,987,1058
335762,983,1059
335763,978,1066
335764,979,1066
335765,982,1064
335766,982,1056
335767,979,1044
335768,978,1034
335769,979,1033
335770,978,1036
335771,980,1039
335772,981,1040
335773,979,1037
335774,978,1038
335775,975,1037
335776,978,1043
335777,978,1047
335778,980,1050
335779,976,1048
335780,972,1046
335781,975,1046
335782,978,1050
335783,979,1052
335784,983,1052
335785,982,1048
335786,979,1046
335787,979,1048
335788,977,1051
335789,979,1055
335790,980,1052
335791,982,1049
335792,980,1048
335793,979,1046
335794,981,1046
335795,983,1048
335796,986,1048
335797,983,1043
335798,980,1038
335799,984,1033
335800,994,1035
335801,1013,1034
335802,1025,1031
335803,1035,1029
335804,1059,1026
335805,1090,1020
335806,1130,1013
335807,1176,1006
335808,1220,1003
335809,1259,1005
335810,1293,1014
335811,1307,1035
335812,1296,1054
335813,1255,1058
335814,1193,1060
335815,1120,1064
335816,1048,1077
335817,984,1092
335818,942,1102
335819,933,1103
335820,943,1099
335821,956,1081
335822,962,1062
335823,967,1048
335824,971,1040
335825,973,1037
335826,970,1037
335827,961,1037
335828,958,1038
335829,955,1040
335830,955,1045
335831,956,1045
335832,954,1043
335833,953,1041
335834,950,1040
335835,947,1039
335836,949,1042
335837,951,1045
335838,956,1044
335839,953,1039
335840,954,1038
335841,952,1038
335842,955,1040
335843,953,1043
335844,951,1044
335845,949,1041
335846,949,1040
335847,951,1040
335848,952,1042
335849,953,1044
335850,955,1042
335851,953,1041
335852,947,1038
335853,945,1037
335854,946,1041
335855,948,1044
335856,950,1041
335857,947,1038
335858,946,1035
335859,944,1039
335860,947,1042
335861,948,1050
335862,950,1047
335863,950,1042
335864,945,1037
335865,945,1035
335866,948,1035
335867,949,1037
335868,947,1036
335869,952,1034
335870,949,1034
335871,949,1032
335872,951,1034
335873,952,1039
335874,952,1035
335875,952,1033
335876,948,1029
335877,948,1027
335878,950,1031
335879,956,1028
335880,958,1027
335881,954,1023
335882,952,1017
335883,952,1014
335884,956,1016
335885,963,1016
335886,967,1015
335887,966,1011
335888,965,1009
335889,965,1007
335890,971,1006
335891,975,1003
335892,977,999
335893,975,996
335894,976,992
335895,974,993
335896,978,994
335897,985,998
335898,986,1000
335899,983,995
335900,981,994
335901,979,991
335902,984,989
335903,984,990
335904,988,988
335905,988,989
335906,985,987
335907,985,989
335908,984,993
335909,985,999
335910,986,999
335911,989,998
335912,985,997
335913,983,1000
335914,985,1002
335915,986,1007
335916,984,1009
335917,983,1010
335918,978,1009
335919,980,1014
335920,981,1018
335921,982,1024
335922,983,1024
335923,979,1024
335924,975,1026
335925,972,1029
335926,973,1036
335927,972,1039
335928,973,1042
335929,968,1039
335930,967,1036
335931,964,1036
335932,960,1040
335933,965,1044
335934,967,1043
335935,963,1041
335936,961,1040
335937,958,1043
335938,960,1048
335939,962,1052
335940,963,1049
335941,960,1042
335942,962,1039
335943,958,1041
335944,963,1044
335945,962,1046
335946,964,1044
335947,961,1043
335948,958,1044
335949,955,1038
335950,960,1041
335951,963,1043
335952,965,1045
335953,964,1041
335954,961,1043
335955,960,1045
335956,961,1050
335957,964,1048
335958,966,1049
335959,965,1042
335960,962,1042
335961,961,1045
335962,964,1048
335963,967,1051
335964,971,1047
335965,967,1043
335966,966,1041
335967,966,1043
335968,965,1046
335969,970,1047
335970,970,1048
335971,965,1048
335972,965,1043
335973,967,1047
335974,965,1049
335975,968,1052
335976,969,1050
335977,964,1049
335978,961,1043
335979,961,1042
335980,963,1049
335981,967,1048
335982,968,1049
335983,967,1045
335984,965,1039
335985,965,1039
335986,966,1043
335987,970,1045
335988,967,1045
335989,967,1043
335990,962,1042
335991,957,1042
335992,961,1044
335993,963,1043
335994,963,1039
335995,964,1035
335996,958,1032
335997,957,1033
335998,958,1036
335999,958,1038
336000,958,1037
336001,957,1037
336002,952,1040
336003,952,1041
336004,955,1044
336005,961,1046
336006,961,1040
336007,963,1034
336008,959,1029
336009,955,1032
336010,953,1038
336011,959,1039
336012,961,1039
336013,956,1036
336014,954,1034
336015,958,1036
336016,958,1040
336017,958,1043
336018,957,1040
336019,953,1041
336020,951,1039
336021,952,1041
336022,956,1042
336023,959,1045
336024,956,1043
336025,952,1041
336026,950,1041
336027,952,1042
336028,955,1046
336029,956,1048
336030,957,1045
336031,953,1043
336032,953,1038
336033,952,1039
336034,954,1042
336035,956,1045
336036,958,1044
336037,957,1041
336038,953,1038
336039,954,1037
336040,953,1040
336041,956,1041
336042,954,1039
336043,952,1036
336044,948,1031
336045,948,1034
336046,954,1034
336047,955,1040
336048,959,1039
336049,958,1036
336050,956,1033
336051,956,1033
336052,956,1036
336053,954,1040
336054,960,1041
336055,960,1039
336056,955,1037
336057,956,1037
336058,959,1039
336059,960,1041
336060,960,1041
336061,959,1036
336062,958,1037
336063,955,1038
336064,955,1040
336065,956,1045
336066,957,1041
336067,956,1041
336068,955,1039
336069,955,1036
336070,956,1038
336071,957,1041
336072,960,1037
336073,959,1033
336074,956,1034
336075,955,1035
336076,956,1038
336077,961,1039
336078,964,1039
336079,961,1036
336080,960,1035
336081,956,1035
336082,960,1037
336083,965,1037
336084,964,1037
336085,961,1037
336086,960,1035
336087,961,1037
336088,959,1034
336089,963,1035
336090,965,1031
336091,969,1024
336092,977,1018
336093,987,1016
336094,1001,1014
336095,1021,1014
336096,1046,1007
336097,1073,994
336098,1107,980
336099,1143,973
336100,1185,976
336101,1227,983
336102,1264,999
336103,1285,1019
336104,1285,1034
336105,1260,1041
336106,1213,1046
336107,1156,1050
336108,1097,1059
336109,1041,1069
336110,982,1078
336111,935,1090
336112,923,1093
336113,931,1096
336114,940,1081
336115,951,1065
336116,953,1051
336117,957,1042
336118,960,1035
336119,963,1035
336120,960,1029
336121,954,1023
336122,949,1020
336123,947,1022
336124,943,1027
336125,945,1030
336126,945,1028
336127,942,1027
336128,941,1025
336129,938,1026
336130,939,1030
336131,937,1032
336132,938,1033
336133,937,1033
336134,935,1031
336135,937,1029
336136,938,1032
336137,939,1036
336138,940,1031
336139,939,1029
336140,938,1028
336141,936,1029
336142,937,1031
336143,940,1032
336144,941,1032
336145,940,1031
336146,939,1030
336147,937,1032
336148,936,1035
336149,944,1038
336150,944,1032
336151,939,1028
336152,938,1024
336153,936,1026
336154,934,1027
336155,937,1026
336156,941,1024
336157,941,1018
336158,940,1015
336159,943,1017
336160,945,1018
336161,947,1022
336162,945,1019
336163,943,1018
336164,938,1018
336165,941,1017
336166,940,1019
336167,947,1020
336168,948,1018
336169,949,1014
336170,948,1009
336171,947,1009
336172,948,1009
336173,955,1011
336174,956,1008
336175,955,1005
336176,955,998
336177,954,998
336178,956,998
336179,962,1000
336180,965,1000
336181,962,1000
336182,962,997
336183,960,993
336184,966,997
336185,971,998
336186,972,998
336187,970,995
336188,967,998
336189,969,999
336190,971,997
336191,972,999
336192,974,993
336193,975,983
336194,974,973
336195,975,975
336196,977,977
336197,981,981
336198,982,979
336199,980,976
336200,978,976
336201,973,979
336202,977,983
336203,983,986
336204,985,984
336205,986,982
336206,984,981
336207,982,983
336208,985,988
336209,988,993
336210,990,994
336211,990,994
336212,984,995
336213,980,1000
336214,982,1005
336215,982,1012
336216,981,1014
336217,980,1010
336218,979,1012
336219,983,1014
336220,983,1018
336221,984,1024
336222,982,1024
336223,975,1024
336224,971,1026
336225,966,1028
336226,965,1032
336227,970,1033
336228,968,1036
336229,968,1038
336230,963,1035
336231,963,1033
336232,967,1037
336233,965,1040
336234,964,1043
336235,962,1043
336236,957,1041
336237,957,1042
336238,959,1039
336239,963,1039
336240,965,1036
336241,963,1038
336242,959,1034
336243,959,1034
336244,958,1039
336245,962,1042
336246,963,1039
336247,965,1034
336248,961,1030
336249,963,1031
336250,965,1032
336251,967,1036
336252,969,1034
336253,967,1032
336254,963,1029
336255,962,1030
336256,963,1032
336257,967,1034
336258,969,1032
336259,968,1030
336260,965,1024
336261,965,1022
336262,965,1024
336263,970,1026
336264,973,1027
336265,969,1025
336266,965,1027
336267,966,1030
336268,967,1033
336269,967,1032
336270,970,1025
336271,969,1022
336272,966,1021
336273,967,1025
336274,967,1029
336275,969,1032
336276,971,1030
336277,968,1028
336278,964,1026
336279,967,1028
336280,970,1032
336281,974,1035
336282,973,1033
336283,965,1029
336284,964,1026
336285,965,1027
336286,964,1029
336287,964,1033
336288,968,1032
336289,970,1030
336290,968,1028
336291,964,1030
336292,962,1035
336293,965,1038
336294,967,1035
336295,965,1035
336296,963,1033
336297,963,1034
336298,964,1037
336299,967,1035
336300,969,1029
336301,967,1024
336302,962,1022
336303,962,1022
336304,962,1025
336305,965,1025
336306,963,1025
336307,961,1023
336308,959,1021
336309,959,1023
336310,961,1025
336311,963,1026
336312,967,1028
336313,965,1025
336314,964,1022
336315,962,1023
336316,965,1029
336317,964,1033
336318,964,1032
336319,966,1030
336320,960,1027
336321,959,1031
336322,963,1035
336323,966,1040
336324,967,1037
336325,966,1029
336326,962,1026
336327,960,1029
336328,962,1032
336329,965,1035
336330,967,1033
336331,968,1030
336332,967,1026
336333,963,1028
336334,966,1030
336335,965,1033
336336,966,1032
336337,964,1034
336338,962,1030
336339,960,1031
336340,964,1034
336341,967,1037
336342,970,1035
336343,965,1032
336344,963,1029
336345,961,1031
336346,962,1035
336347,965,1038
336348,969,1033
336349,965,1029
336350,964,1023
336351,962,1027
336352,965,1025
336353,967,1030
336354,966,1030
336355,962,1028
336356,960,1026
336357,959,1028
336358,961,1034
336359,964,1037
336360,966,1034
336361,965,1033
336362,964,1030
336363,965,1028
336364,966,1031
336365,966,1031
336366,970,1031
336367,966,1028
336368,966,1022
336369,972,1019
336370,981,1014
336371,995,1013
336372,1005,1007
336373,1023,1005
336374,1044,999
336375,1072,997
336376,1106,991
336377,1150,985
336378,1191,980
336379,1232,980
336380,1269,993
336381,1291,1016
336382,1290,1035
336383,1259,1044
336384,1205,1042
336385,1139,1050
336386,1076,1061
336387,1017,1075
336388,966,1085
336389,944,1082
336390,940,1075
336391,947,1062
336392,954,1048
336393,964,1041
336394,969,1036
336395,973,1032
336396,972,1029
336397,964,1026
336398,962,1026
336399,956,1031
336400,954,1033
336401,957,1035
336402,958,1031
336403,956,1027
336404,953,1025
336405,949,1025
336406,947,1026
336407,949,1027
336408,951,1025
336409,947,1023
336410,942,1018
336411,944,1021
336412,946,1023
336413,945,1029
336414,946,1031
336415,944,1032
336416,943,1027
336417,940,1029
336418,941,1030
336419,944,1030
336420,946,1028
336421,946,1027
336422,940,1027
336423,942,1028
336424,940,1032
336425,946,1034
336426,945,1036
336427,943,1034
336428,942,1035
336429,942,1037
336430,941,1037
336431,947,1040
336432,948,1035
336433,949,1029
336434,946,1024
336435,947,1028
336436,949,1029
336437,952,1031
336438,951,1030
336439,949,1029
336440,946,1029
336441,948,1031
336442,951,1034
336443,957,1032
336444,957,1026
336445,955,1020
336446,956,1014
336447,956,1023
336448,958,1024
336449,958,1028
336450,960,1020
336451,957,1015
336452,958,1011
336453,959,1010
336454,959,1015
336455,961,1017
336456,962,1020
336457,963,1012
336458,964,1000
336459,965,994
336460,973,993
336461,972,994
336462,973,991
336463,971,989
336464,970,989
336465,971,992
336466,974,989
336467,978,995
336468,977,989
336469,976,986
336470,976,986
336471,974,988
336472,977,991
336473,979,995
336474,982,994
336475,983,990
336476,978,986
336477,976,989
336478,980,989
336479,984,991
336480,987,991
336481,983,987
336482,982,986
336483,983,990
336484,983,996
336485,987,999
336486,985,1005
336487,986,1004
336488,984,1005
336489,984,1004
336490,987,1006
336491,989,1006
336492,987,1007
336493,981,1003
336494,981,1006
336495,976,1012
336496,976,1018
336497,977,1027
336498,979,1027
336499,975,1026
336500,971,1026
336501,970,1028
336502,969,1033
336503,968,1037
336504,969,1037
336505,965,1037
336506,960,1031
336507,962,1031
336508,961,1029
336509,963,1034
336510,962,1035
336511,955,1039
336512,956,1038
336513,954,1040
336514,955,1047
336515,956,1051
336516,959,1053
336517,957,1050
336518,953,1044
336519,954,1034
336520,957,1032
336521,957,1031
336522,956,1034
336523,953,1036
336524,951,1036
336525,952,1037
336526,955,1035
336527,959,1036
336528,959,1036
336529,958,1037
336530,958,1033
336531,955,1041
336532,958,1049
336533,961,1053
336534,960,1051
336535,960,1045
336536,959,1040
336537,959,1034
336538,963,1029
336539,964,1030
336540,963,1027
336541,961,1024
336542,960,1021
336543,958,1025
336544,961,1023
336545,966,1027
336546,967,1026
336547,961,1023
336548,957,1020
336549,955,1025
336550,958,1030
336551,958,1032
336552,962,1032
336553,962,1029
336554,960,1028
336555,961,1030
336556,965,1031
336557,967,1033
336558,968,1032
336559,962,1030
336560,961,1029
336561,957,1033
336562,960,1037
336563,966,1037
336564,964,1034
336565,963,1033
336566,959,1032
336567,958,1031
336568,960,1034
336569,959,1038
336570,960,1037
336571,956,1037
336572,956,1036
336573,957,1040
336574,958,1047
336575,959,1060
336576,957,1066
336577,957,1064
336578,951,1058
336579,955,1047
336580,959,1038
336581,960,1027
336582,961,1021
336583,960,1017
336584,958,1022
336585,958,1028
336586,960,1033
336587,961,1035
336588,962,1033
336589,959,1023
336590,957,1021
336591,956,1019
336592,960,1024
336593,961,1028
336594,959,1037
336595,954,1042
336596,951,1043
336597,954,1035
336598,956,1031
336599,962,1025
336600,960,1023
336601,959,1020
336602,954,1023
336603,958,1026
336604,960,1025
336605,963,1028
336606,963,1027
336607,969,1023
336608,976,1021
336609,985,1029
336610,1001,1034
336611,1022,1045
336612,1050,1040
336613,1083,1023
336614,1118,1017
336615,1160,1028
336616,1203,1035
336617,1248,1032
336618,1284,1028
336619,1297,1045
336620,1278,1074
336621,1222,1102
336622,1150,1109
336623,1083,1105
336624,1026,1115
336625,976,1136
336626,946,1142
336627,934,1152
336628,934,1160
336629,931,1126
336630,936,1052
336631,948,983
336632,964,936
336633,976,926
336634,977,934
336635,964,942
336636,947,953
336637,932,969
336638,925,988
336639,932,1003
336640,937,1006
336641,936,1012
336642,933,1016
336643,932,1019
336644,934,1022
336645,933,1025
336646,929,1029
336647,931,1031
336648,932,1029
336649,929,1028
336650,927,1025
336651,926,1029
336652,927,1030
336653,930,1031
336654,933,1029
336655,935,1029
336656,932,1029
336657,935,1028
336658,933,1029
336659,936,1032
336660,938,1032
336661,938,1031
336662,936,1025
336663,938,1027
336664,939,1032
336665,941,1033
336666,940,1030
336667,937,1029
336668,937,1030
336669,936,1026
336670,939,1031
336671,943,1034
336672,943,1035
336673,939,1035
336674,936,1037
336675,938,1039
336676,941,1048
336677,942,1053
336678,944,1056
336679,949,1054
336680,953,1044
336681,958,1022
336682,959,1003
336683,956,991
336684,952,991
336685,949,999
336686,949,1006
336687,948,1010
336688,948,1009
336689,952,1002
336690,958,991
336691,960,979
336692,960,974
336693,959,978
336694,961,982
336695,966,985
336696,966,985
336697,963,983
336698,960,982
336699,961,986
336700,963,987
336701,969,986
336702,971,984
336703,968,985
336704,970,982
336705,970,982
336706,973,985
336707,972,987
336708,974,987
336709,973,983
336710,970,980
336711,972,981
336712,972,984
336713,980,988
336714,977,989
336715,977,989
336716,977,986
336717,978,986
336718,982,990
336719,986,993
336720,984,993
336721,983,994
336722,981,991
336723,980,993
336724,982,996
336725,983,1001
336726,980,1002
336727,977,1002
336728,975,1004
336729,973,1014
336730,973,1026
336731,971,1035
336732,969,1040
336733,967,1033
336734,964,1024
336735,965,1016
336736,965,1014
336737,967,1015
336738,968,1012
336739,963,1010
336740,958,1012
336741,955,1021
336742,954,1032
336743,954,1047
336744,952,1055
336745,952,1052
336746,950,1041
336747,954,1028
336748,958,1019
336749,960,1014
336750,957,1013
336751,959,1016
336752,955,1021
336753,955,1025
336754,953,1028
336755,958,1034
336756,958,1033
336757,957,1030
336758,953,1024
336759,953,1026
336760,954,1028
336761,957,1031
336762,960,1031
336763,957,1030
336764,954,1025
336765,953,1029
336766,957,1031
336767,961,1033
336768,960,1031
336769,957,1028
336770,955,1027
336771,955,1029
336772,958,1031
336773,959,1034
336774,958,1031
336775,960,1030
336776,961,1027
336777,964,1025
336778,968,1029
336779,972,1029
336780,972,1031
336781,968,1032
336782,958,1038
336783,954,1046
336784,957,1050
336785,964,1047
336786,966,1037
336787,966,1024
336788,962,1023
336789,961,1025
336790,963,1030
336791,964,1031
336792,962,1028
336793,958,1029
336794,956,1030
336795,952,1030
336796,956,1028
336797,960,1021
336798,965,1017
336799,964,1011
336800,959,1012
336801,956,1016
336802,960,1023
336803,957,1029
336804,960,1030
336805,955,1027
336806,952,1025
336807,953,1025
336808,956,1026
336809,958,1028
336810,957,1027
336811,956,1023
336812,955,1021
336813,953,1022
336814,955,1027
336815,959,1029
336816,959,1029
336817,956,1028
336818,949,1025
336819,951,1025
336820,952,1027
336821,956,1028
336822,955,1026
336823,953,1026
336824,953,1022
336825,955,1027
336826,955,1030
336827,954,1032
336828,955,1030
336829,957,1030
336830,958,1025
336831,957,1028
336832,957,1031
336833,959,1035
336834,960,1036
336835,958,1035
336836,958,1032
336837,958,1028
336838,960,1027
336839,963,1031
336840,960,1031
336841,955,1036
336842,955,1037
336843,956,1036
336844,965,1031
336845,976,1022
336846,985,1009
336847,997,1005
336848,1005,1006
336849,1025,1008
336850,1055,1010
336851,1093,1010
336852,1134,1002
336853,1179,998
336854,1222,1003
336855,1263,1023
336856,1281,1045
336857,1268,1047
336858,1219,1029
336859,1151,1020
336860,1084,1025
336861,1013,1044
336862,954,1069
336863,920,1079
336864,915,1077
336865,927,1068
336866,939,1052
336867,949,1041
336868,951,1034
336869,959,1031
336870,957,1027
336871,950,1023
336872,945,1018
336873,945,1020
336874,944,1024
336875,948,1029
336876,944,1024
336877,938,1021
336878,932,1021
336879,933,1024
336880,936,1025
336881,944,1030
336882,944,1029
336883,938,1026
336884,932,1024
336885,935,1024
336886,938,1025
336887,938,1026
336888,943,1026
336889,936,1024
336890,937,1022
336891,940,1025
336892,941,1029
336893,946,1031
336894,944,1033
336895,941,1036
336896,941,1037
336897,941,1041
336898,941,1037
336899,940,1033
336900,939,1030
336901,935,1027
336902,934,1029
336903,936,1028
336904,938,1025
336905,940,1020
336906,945,1017
336907,944,1015
336908,943,1017
336909,943,1016
336910,943,1017
336911,944,1016
336912,946,1014
336913,945,1012
336914,942,1009
336915,938,1009
336916,942,1013
336917,944,1012
336918,946,1006
336919,946,1001
336920,940,997
336921,936,998
336922,940,999
336923,948,1002
336924,951,1000
336925,951,993
336926,951,990
336927,957,991
336928,959,992
336929,963,994
336930,963,993
336931,962,993
336932,960,997
336933,960,996
336934,968,987
336935,975,976
336936,976,971
336937,974,974
336938,970,982
336939,969,994
336940,971,1000
336941,974,996
336942,979,981
336943,980,968
336944,982,964
336945,982,964
336946,982,970
336947,985,974
336948,986,974
336949,985,970
336950,981,969
336951,977,973
336952,981,975
336953,983,981
336954,983,985
336955,979,985
336956,980,989
336957,975,995
336958,970,998
336959,971,1002
336960,970,1002
336961,971,1002
336962,967,1001
336963,963,1005
336964,961,1010
336965,964,1016
336966,961,1016
336967,958,1016
336968,953,1020
336969,951,1021
336970,955,1025
336971,955,1027
336972,956,1029
336973,957,1026
336974,953,1025
336975,952,1028
336976,956,1031
336977,957,1032
336978,955,1030
336979,958,1027
336980,955,1028
336981,952,1031
336982,958,1032
336983,960,1039
336984,958,1035
336985,954,1037
336986,952,1039
336987,952,1043
336988,957,1043
336989,958,1045
336990,962,1044
336991,961,1040
336992,960,1034
336993,960,1032
336994,964,1039
336995,966,1041
336996,967,1041
336997,963,1038
336998,962,1037
336999,961,1040
337000,960,1050
337001,964,1060
337002,962,1062
337003,960,1055
337004,959,1038
337005,960,1026
337006,964,1019
337007,967,1019
337008,968,1022
337009,964,1027
337010,961,1030
337011,960,1030
337012,960,1026
337013,967,1022
337014,969,1017
337015,969,1013
337016,966,1012
337017,962,1016
337018,963,1022
337019,966,1024
337020,969,1023
337021,963,1023
337022,962,1022
337023,963,1022
337024,961,1025
337025,963,1028
337026,965,1028
337027,963,1026
337028,962,1024
337029,961,1026
337030,964,1030
337031,969,1032
337032,968,1031
337033,964,1029
337034,962,1030
337035,962,1031
337036,961,1034
337037,963,1038
337038,961,1031
337039,959,1031
337040,960,1029
337041,962,1031
337042,963,1034
337043,960,1039
337044,961,1036
337045,960,1034
337046,960,1037
337047,961,1035
337048,963,1039
337049,966,1043
337050,967,1040
337051,963,1038
337052,961,1034
337053,960,1033
337054,962,1032
337055,964,1030
337056,962,1031
337057,960,1029
337058,959,1029
337059,958,1033
337060,964,1035
337061,963,1037
337062,965,1036
337063,964,1034
337064,959,1031
337065,955,1033
337066,959,1037
337067,961,1038
337068,963,1033
337069,963,1028
337070,960,1025
337071,962,1025
337072,964,1028
337073,968,1032
337074,967,1031
337075,962,1032
337076,956,1034
337077,957,1039
337078,960,1043
337079,962,1043
337080,961,1040
337081,965,1042
337082,959,1044
337083,956,1054
337084,958,1067
337085,961,1070
337086,962,1052
337087,962,1032
337088,963,1019
337089,967,1018
337090,970,1023
337091,973,1026
337092,975,1026
337093,970,1026
337094,965,1032
337095,965,1032
337096,973,1029
337097,986,1023
337098,999,1014
337099,1009,1008
337100,1027,1004
337101,1056,1000
337102,1090,994
337103,1131,989
337104,1176,986
337105,1223,986
337106,1265,1001
337107,1295,1026
337108,1298,1043
337109,1274,1049
337110,1218,1049
337111,1149,1052
337112,1079,1060
337113,1011,1075
337114,947,1087
337115,921,1091
337116,927,1086
337117,939,1072
337118,951,1057
337119,957,1049
337120,963,1046
337121,965,1044
337122,958,1040
337123,954,1037
337124,951,1031
337125,950,1034
337126,951,1037
337127,953,1039
337128,952,1035
337129,948,1035
337130,940,1033
337131,938,1035
337132,939,1037
337133,942,1041
337134,944,1037
337135,942,1039
337136,940,1037
337137,940,1039
337138,942,1042
337139,947,1045
337140,949,1045
337141,945,1042
337142,944,1040
337143,942,1042
337144,946,1046
337145,950,1049
337146,949,1049
337147,945,1042
337148,942,1044
337149,943,1046
337150,945,1049
337151,948,1046
337152,949,1040
337153,948,1037
337154,943,1035
337155,942,1036
337156,948,1038
337157,951,1039
337158,954,1037
337159,949,1032
337160,944,1036
337161,943,1038
337162,949,1044
337163,952,1046
337164,952,1038
337165,946,1030
337166,945,1024
337167,945,1025
337168,949,1028
337169,952,1027
337170,953,1022
337171,952,1016
337172,953,1011
337173,953,1008
337174,953,1004
337175,958,1007
337176,956,1005
337177,956,1005
337178,954,1001
337179,954,1000
337180,956,1001
337181,962,1001
337182,966,1000
337183,964,999
337184,964,997
337185,966,998
337186,970,1000
337187,971,998
337188,974,998
337189,974,998
337190,976,997
337191,971,998
337192,973,1001
337193,978,1001
337194,979,999
337195,979,997
337196,975,998
337197,978,1003
337198,981,1006
337199,986,1011
337200,985,1011
337201,985,1009
337202,983,1006
337203,989,1004
337204,993,1003
337205,994,1002
337206,989,1000
337207,987,1001
337208,986,999
337209,988,1007
337210,990,1012
337211,993,1011
337212,993,1008
337213,990,1006
337214,986,1010
337215,985,1013
337216,987,1019
337217,990,1021
337218,987,1022
337219,982,1022
337220,977,1021
337221,971,1022
337222,970,1021
337223,972,1022
337224,973,1023
337225,970,1026
337226,966,1026
337227,963,1028
337228,965,1030
337229,967,1034
337230,967,1032
337231,964,1032
337232,960,1037
337233,959,1042
337234,955,1043
337235,960,1040
337236,963,1040
337237,962,1042
337238,962,1044
337239,960,1048
337240,961,1054
337241,967,1055
337242,963,1053
337243,963,1049
337244,961,1048
337245,962,1050
337246,965,1050
337247,970,1056
337248,970,1056
337249,968,1054
337250,967,1050
337251,968,1050
337252,970,1053
337253,970,1054
337254,971,1051
337255,968,1049
337256,968,1047
337257,968,1049
337258,971,1056
337259,972,1058
337260,975,1056
337261,972,1051
337262,972,1044
337263,971,1045
337264,972,1052
337265,976,1054
337266,980,1050
337267,978,1042
337268,974,1033
337269,975,1030
337270,980,1030
337271,978,1035
337272,979,1034
337273,973,1032
337274,971,1030
337275,970,1033
337276,970,1031
337277,972,1034
337278,977,1037
337279,974,1033
337280,973,1032
337281,971,1031
337282,970,1038
337283,973,1042
337284,974,1041
337285,974,1041
337286,970,1039
337287,970,1040
337288,975,1044
337289,975,1043
337290,974,1040
337291,971,1038
337292,966,1039
337293,967,1043
337294,970,1050
337295,973,1054
337296,974,1056
337297,970,1053
337298,965,1047
337299,969,1042
337300,969,1040
337301,971,1039
337302,972,1035
337303,967,1030
337304,967,1033
337305,967,1036
337306,971,1039
337307,971,1042
337308,971,1043
337309,972,1042
337310,970,1044
337311,968,1044
337312,970,1047
337313,973,1046
337314,972,1039
337315,968,1038
337316,962,1036
337317,966,1041
337318,966,1039
337319,970,1039
337320,971,1037
337321,969,1034
337322,965,1036
337323,966,1041
337324,970,1043
337325,974,1045
337326,971,1044
337327,968,1041
337328,967,1044
337329,966,1044
337330,971,1047
337331,975,1049
337332,976,1049
337333,971,1048
337334,970,1041
337335,970,1041
337336,973,1043
337337,974,1045
337338,972,1045
337339,973,1045
337340,971,1046
337341,970,1049
337342,971,1050
337343,974,1047
337344,975,1044
337345,974,1041
337346,970,1044
337347,970,1048
337348,970,1049
337349,971,1047
337350,970,1045
337351,966,1043
337352,965,1040
337353,964,1040
337354,968,1037
337355,972,1039
337356,972,1034
337357,971,1031
337358,968,1031
337359,965,1031
337360,968,1034
337361,970,1037
337362,972,1036
337363,975,1038
337364,972,1039
337365,969,1042
337366,973,1044
337367,977,1048
337368,977,1048
337369,975,1043
337370,966,1040
337371,971,1042
337372,974,1044
337373,976,1045
337374,977,1042
337375,975,1041
337376,974,1039
337377,974,1044
337378,975,1043
337379,978,1047
337380,978,1043
337381,978,1043
337382,975,1043
337383,976,1042
337384,977,1045
337385,979,1048
337386,974,1044
337387,973,1043
337388,970,1044
337389,967,1048
337390,971,1049
337391,975,1048
337392,978,1045
337393,976,1042
337394,973,1038
337395,971,1039
337396,973,1044
337397,975,1048
337398,976,1048
337399,974,1046
337400,967,1044
337401,966,1046
337402,971,1046
337403,976,1044
337404,975,1041
337405,974,1036
337406,973,1034
337407,974,1035
337408,970,1037
337409,973,1038
337410,977,1041
337411,976,1039
337412,972,1040
337413,973,1046
337414,978,1050
337415,982,1050
337416,986,1045
337417,986,1040
337418,979,1039
337419,977,1039
337420,975,1042
337421,977,1048
337422,978,1048
337423,981,1044
337424,977,1038
337425,977,1038
337426,981,1041
337427,985,1040
337428,987,1039
337429,988,1038
337430,985,1036
337431,983,1041
337432,983,1044
337433,987,1045
337434,987,1042
337435,983,1040
337436,982,1039
337437,981,1042
337438,986,1043
337439,989,1045
337440,989,1041
337441,987,1041
337442,984,1038
337443,979,1039
337444,980,1041
337445,979,1046
337446,981,1042
337447,982,1039
337448,983,1036
337449,984,1037
337450,987,1038
337451,990,1038
337452,988,1040
337453,985,1038
337454,981,1039
337455,982,1041
337456,988,1041
337457,992,1039
337458,1005,1035
337459,1017,1025
337460,1033,1021
337461,1056,1018
337462,1084,1014
337463,1115,1011
337464,1149,998
337465,1184,989
337466,1220,980
337467,1257,984
337468,1297,994
337469,1323,1008
337470,1315,1022
337471,1273,1029
337472,1207,1032
337473,1144,1038
337474,1092,1047
337475,1039,1053
337476,990,1055
337477,964,1051
337478,961,1044
337479,975,1037
337480,992,1039
337481,997,1036
337482,993,1035
337483,983,1033
337484,977,1035
337485,973,1037
337486,973,1046
337487,972,1049
337488,969,1047
337489,966,1048
337490,966,1047
337491,968,1048
337492,971,1049
337493,970,1051
337494,968,1048
337495,963,1048
337496,962,1046
337497,964,1049
337498,967,1050
337499,968,1052
337500,968,1051
337501,966,1047
337502,961,1041
337503,961,1041
337504,959,1043
337505,964,1047
337506,967,1044
337507,967,1039
337508,964,1040
337509,965,1039
337510,967,1035
337511,968,1034
337512,969,1033
337513,968,1032
337514,965,1033
337515,963,1035
337516,964,1035
337517,966,1037
337518,968,1036
337519,967,1034
337520,966,1033
337521,964,1037
337522,962,1039
337523,969,1040
337524,969,1039
337525,971,1036
337526,965,1036
337527,967,1040
337528,971,1042
337529,976,1038
337530,974,1035
337531,972,1031
337532,970,1032
337533,971,1033
337534,977,1035
337535,979,1038
337536,981,1038
337537,978,1032
337538,977,1026
337539,979,1023
337540,986,1023
337541,987,1025
337542,991,1024
337543,990,1021
337544,989,1017
337545,988,1017
337546,989,1020
337547,995,1019
337548,999,1015
337549,1001,1006
337550,1001,1001
337551,1000,1001
337552,1002,1003
337553,1001,1005
337554,1005,1003
337555,1007,1001
337556,1007,1000
337557,1006,1003
337558,1010,1005
337559,1014,1003
337560,1017,998
337561,1014,996
337562,1012,996
337563,1010,999
337564,1009,1002
337565,1013,1004
337566,1015,1005
337567,1016,1002
337568,1017,1004
337569,1012,1008
337570,1015,1011
337571,1015,1016
337572,1012,1015
337573,1009,1017
337574,1006,1019
337575,1008,1021
337576,1010,1027
337577,1011,1033
337578,1008,1032
337579,1003,1034
337580,996,1035
337581,995,1038
337582,999,1038
337583,1002,1038
337584,998,1035
337585,996,1033
337586,991,1031
337587,988,1039
337588,988,1047
337589,991,1046
337590,985,1049
337591,979,1046
337592,977,1048
337593,977,1049
337594,978,1049
337595,982,1047
337596,983,1038
337597,981,1035
337598,979,1036
337599,978,1042
337600,978,1047
337601,983,1047
337602,983,1042
337603,978,1042
337604,975,1041
337605,977,1043
337606,984,1044
337607,982,1047
337608,985,1041
337609,983,1039
337610,976,1039
337611,977,1042
337612,980,1047
337613,984,1047
337614,980,1045
337615,979,1044
337616,977,1044
337617,979,1045
337618,981,1044
337619,983,1046
337620,985,1044
337621,981,1039
337622,974,1043
337623,975,1046
337624,976,1049
337625,977,1047
337626,977,1047
337627,973,1043
337628,972,1043
337629,971,1046
337630,976,1054
337631,975,1057
337632,975,1057
337633,973,1057
337634,973,1057
337635,975,1054
337636,978,1049
337637,978,1047
337638,978,1045
337639,977,1043
337640,977,1042
337641,981,1045
337642,986,1045
337643,987,1044
337644,983,1038
337645,979,1035
337646,975,1035
337647,978,1038
337648,979,1040
337649,981,1044
337650,983,1041
337651,982,1040
337652,979,1038
337653,979,1041
337654,982,1042
337655,982,1046
337656,981,1046
337657,981,1046
337658,976,1044
337659,974,1045
337660,977,1047
337661,975,1051
337662,974,1049
337663,976,1045
337664,976,1042
337665,978,1043
337666,978,1043
337667,982,1039
337668,978,1038
337669,975,1034
337670,973,1036
337671,976,1039
337672,975,1041
337673,975,1041
337674,971,1043
337675,971,1039
337676,967,1034
337677,968,1039
337678,971,1040
337679,975,1041
337680,973,1040
337681,972,1041
337682,970,1041
337683,968,1043
337684,968,1045
337685,969,1047
337686,973,1045
337687,974,1043
337688,976,1041
337689,972,1043
337690,968,1047
337691,970,1049
337692,972,1049
337693,971,1047
337694,967,1048
337695,964,1052
337696,963,1061
337697,965,1070
337698,968,1082
337699,966,1082
337700,965,1073
337701,968,1059
337702,970,1044
337703,972,1038
337704,972,1035
337705,973,1030
337706,972,1029
337707,971,1029
337708,973,1034
337709,978,1034
337710,979,1032
337711,979,1029
337712,976,1026
337713,971,1030
337714,975,1035
337715,980,1039
337716,982,1040
337717,977,1036
337718,968,1036
337719,969,1038
337720,978,1042
337721,980,1042
337722,975,1039
337723,971,1040
337724,969,1040
337725,971,1044
337726,974,1045
337727,976,1046
337728,978,1043
337729,976,1041
337730,976,1042
337731,973,1045
337732,979,1046
337733,979,1047
337734,976,1045
337735,973,1044
337736,969,1042
337737,965,1044
337738,972,1048
337739,979,1047
337740,981,1044
337741,982,1040
337742,976,1039
337743,973,1040
337744,977,1042
337745,980,1041
337746,979,1036
337747,978,1030
337748,980,1030
337749,986,1031
337750,1000,1030
337751,1016,1026
337752,1038,1021
337753,1064,1015
337754,1095,1006
337755,1132,997
337756,1179,994
337757,1227,997
337758,1265,1008
337759,1295,1026
337760,1301,1043
337761,1281,1057
337762,1234,1063
337763,1166,1067
337764,1097,1079
337765,1031,1085
337766,976,1089
337767,945,1085
337768,939,1083
337769,953,1075
337770,965,1063
337771,972,1054
337772,971,1046
337773,972,1046
337774,967,1046
337775,968,1049
337776,969,1050
337777,965,1043
337778,961,1037
337779,955,1038
337780,953,1039
337781,956,1041
337782,955,1045
337783,952,1042
337784,949,1041
337785,952,1043
337786,952,1044
337787,958,1042
337788,959,1040
337789,954,1038
337790,951,1037
337791,947,1040
337792,948,1042
337793,954,1043
337794,951,1039
337795,950,1037
337796,946,1038
337797,950,1038
337798,954,1042
337799,957,1044
337800,954,1042
337801,952,1039
337802,951,1039
337803,952,1039
337804,951,1041
337805,952,1041
337806,953,1037
337807,954,1034
337808,953,1031
337809,950,1029
337810,950,1033
337811,953,1034
337812,955,1036
337813,959,1033
337814,960,1031
337815,956,1030
337816,955,1033
337817,958,1031
337818,961,1030
337819,956,1025
337820,956,1023
337821,955,1022
337822,957,1021
337823,962,1022
337824,965,1023
337825,963,1018
337826,963,1018
337827,967,1020
337828,971,1019
337829,976,1016
337830,975,1011
337831,973,1012
337832,977,1009
337833,977,1009
337834,981,1010
337835,986,1008
337836,989,1003
337837,989,1000
337838,984,998
337839,986,995
337840,992,996
337841,991,997
337842,991,992
337843,990,989
337844,992,989
337845,994,990
337846,995,993
337847,998,994
337848,998,993
337849,995,990
337850,998,987
337851,999,990
337852,1001,992
337853,1004,992
337854,1002,987
337855,999,986
337856,998,988
337857,1000,991
337858,1002,996
337859,1004,1001
337860,1000,1003
337861,998,1002
337862,995,1005
337863,994,1009
337864,994,1015
337865,997,1016
337866,994,1018
337867,991,1018
337868,987,1022
337869,988,1025
337870,989,1030
337871,990,1030
337872,988,1030
337873,985,1028
337874,980,1030
337875,977,1036
337876,973,1039
337877,975,1043
337878,974,1041
337879,973,1038
337880,972,1037
337881,970,1041
337882,969,1046
337883,973,1043
337884,976,1042
337885,975,1039
337886,973,1039
337887,973,1043
337888,972,1047
337889,972,1046
337890,971,1045
337891,968,1046
337892,970,1045
337893,973,1044
337894,978,1045
337895,984,1044
337896,987,1043
337897,985,1040
337898,987,1042
337899,991,1044
337900,999,1048
337901,1004,1053
337902,1003,1053
337903,1003,1052
337904,1002,1051
337905,1014,1051
337906,1031,1047
337907,1050,1032
337908,1062,1016
337909,1077,997
337910,1084,982
337911,1100,970
337912,1117,960
337913,1139,949
337914,1150,931
337915,1164,911
337916,1177,895
337917,1200,874
337918,1221,861
337919,1242,846
337920,1257,833
337921,1260,825
337922,1257,824
337923,1258,825
337924,1254,829
337925,1255,825
337926,1251,826
337927,1238,821
337928,1225,825
337929,1209,831
337930,1194,839
337931,1177,847
337932,1152,852
337933,1121,860
337934,1092,871
337935,1066,887
337936,1052,899
337937,1042,911
337938,1039,927
337939,1031,937
337940,1027,950
337941,1020,960
337942,1020,972
337943,1023,979
337944,1023,988
337945,1034,993
337946,1049,996
337947,1067,1001
337948,1075,1003
337949,1067,1008
337950,1035,1013
337951,995,1020
337952,955,1031
337953,931,1046
337954,923,1062
337955,919,1073
337956,916,1079
337957,909,1078
337958,903,1081
337959,899,1086
337960,901,1094
337961,898,1096
337962,894,1098
337963,891,1096
337964,886,1096
337965,882,1102
337966,882,1107
337967,886,1111
337968,886,1111
337969,882,1110
337970,880,1109
337971,878,1115
337972,881,1116
337973,881,1118
337974,878,1116
337975,874,1115
337976,873,1115
337977,871,1120
337978,872,1123
337979,876,1126
337980,874,1126
337981,869,1123
337982,869,1123
337983,867,1127
337984,871,1132
337985,871,1131
337986,869,1131
337987,867,1130
337988,866,1132
337989,865,1136
337990,868,1141
337991,868,1145
337992,864,1145
337993,862,1143
337994,860,1146
337995,860,1150
337996,862,1155
337997,866,1158
337998,864,1160
337999,865,1161
338000,863,1162
338001,865,1166
338002,867,1168
338003,870,1167
338004,871,1166
338005,868,1169
338006,866,1170
338007,866,1171
338008,873,1175
338009,879,1173
338010,886,1169
338011,883,1165
338012,879,1166
338013,879,1167
338014,886,1167
338015,894,1163
338016,895,1159
338017,896,1154
338018,896,1151
338019,899,1150
338020,905,1148
338021,913,1143
338022,915,1139
338023,920,1131
338024,925,1125
338025,928,1124
338026,933,1122
338027,939,1118
338028,939,1112
338029,938,1104
338030,939,1102
338031,941,1098
338032,947,1098
338033,953,1095
338034,954,1088
338035,953,1084
338036,954,1080
338037,955,1078
338038,959,1081
338039,962,1075
338040,966,1068
338041,965,1061
338042,960,1056
338043,961,1058
338044,963,1058
338045,967,1057
338046,965,1051
338047,963,1048
338048,961,1047
338049,959,1049
338050,965,1050
338051,964,1051
338052,966,1049
338053,968,1042
338054,967,1040
338055,967,1041
338056,966,1047
338057,970,1047
338058,967,1044
338059,965,1040
338060,964,1038
338061,960,1041
338062,966,1045
338063,969,1047
338064,965,1043
338065,962,1042
338066,959,1040
338067,961,1041
338068,960,1041
338069,965,1042
338070,964,1042
338071,962,1041
338072,959,1038
338073,960,1043
338074,961,1046
338075,963,1047
338076,960,1042
338077,962,1039
338078,965,1040
338079,965,1042
338080,970,1044
338081,971,1044
338082,972,1045
338083,970,1043
338084,972,1040
338085,969,1043
338086,973,1044
338087,973,1043
338088,974,1043
338089,971,1042
338090,970,1039
338091,971,1040
338092,970,1041
338093,971,1045
338094,968,1046
338095,970,1043
338096,967,1041
338097,967,1040
338098,971,1043
338099,974,1041
338100,973,1041
338101,972,1035
338102,968,1036
338103,966,1039
338104,971,1039
338105,972,1039
338106,971,1038
338107,969,1034
338108,968,1034
338109,965,1035
338110,965,1039
338111,971,1038
338112,971,1037
338113,972,1037
338114,967,1034
338115,968,1038
338116,968,1038
338117,967,1039
338118,965,1036
338119,966,1036
338120,964,1035
338121,965,1035
338122,969,1038
338123,970,1040
338124,969,1039
338125,968,1039
338126,965,1041
338127,968,1038
338128,970,1042
338129,975,1044
338130,971,1042
338131,968,1041
338132,966,1040
338133,967,1043
338134,974,1047
338135,976,1046
338136,973,1044
338137,970,1041
338138,969,1039
338139,968,1043
338140,971,1046
338141,980,1047
338142,980,1047
338143,979,1042
338144,976,1044
338145,977,1044
338146,978,1044
338147,979,1043
338148,978,1041
338149,974,1038
338150,970,1036
338151,971,1041
338152,975,1043
338153,978,1041
338154,975,1037
338155,972,1032
338156,968,1032
338157,971,1034
338158,971,1035
338159,975,1037
338160,975,1035
338161,970,1035
338162,970,1032
338163,968,1034
338164,968,1036
338165,972,1038
338166,970,1037
338167,966,1036
338168,968,1035
338169,964,1036
338170,968,1035
338171,968,1038
338172,972,1038
338173,971,1036
338174,972,1034
338175,967,1035
338176,965,1042
338177,967,1043
338178,970,1041
338179,969,1043
338180,969,1039
338181,968,1041
338182,974,1045
338183,979,1045
338184,979,1043
338185,978,1041
338186,973,1039
338187,973,1043
338188,972,1044
338189,975,1043
338190,977,1043
338191,976,1038
338192,975,1041
338193,973,1041
338194,975,1044
338195,974,1041
338196,975,1040
338197,972,1038
338198,972,1038
338199,973,1039
338200,973,1038
338201,975,1038
338202,974,1039
338203,973,1035
338204,970,1033
338205,967,1036
338206,972,1037
338207,974,1037
338208,972,1035
338209,970,1033
338210,969,1032
338211,969,1036
338212,973,1035
338213,975,1033
338214,973,1035
338215,973,1033
338216,973,1034
338217,973,1033
338218,976,1035
338219,977,1035
338220,972,1031
338221,971,1030
338222,968,1033
338223,971,1035
338224,973,1038
338225,976,1036
338226,974,1033
338227,971,1035
338228,973,1038
338229,975,1040
338230,976,1039
338231,978,1045
338232,976,1042
338233,975,1039
338234,974,1041
338235,976,1042
338236,978,1046
338237,978,1045
338238,977,1039
338239,977,1038
338240,975,1037
338241,979,1039
338242,983,1038
338243,988,1039
338244,988,1035
338245,982,1030
338246,980,1030
338247,977,1032
338248,981,1033
338249,983,1031
338250,984,1026
338251,992,1023
338252,1002,1019
338253,1018,1019
338254,1039,1020
338255,1064,1019
338256,1093,1010
338257,1124,997
338258,1156,989
338259,1196,989
338260,1238,990
338261,1276,995
338262,1304,1008
338263,1310,1019
338264,1291,1031
338265,1249,1036
338266,1192,1041
338267,1137,1047
338268,1079,1053
338269,1020,1057
338270,968,1058
338271,946,1060
338272,952,1059
338273,962,1052
338274,976,1041
338275,980,1034
338276,974,1030
338277,971,1031
338278,970,1034
338279,969,1038
338280,967,1037
338281,964,1034
338282,961,1033
338283,960,1036
338284,960,1040
338285,963,1041
338286,962,1040
338287,961,1039
338288,958,1038
338289,957,1038
338290,957,1040
338291,961,1044
338292,959,1040
338293,960,1040
338294,954,1038
338295,954,1043
338296,958,1042
338297,960,1042
338298,958,1042
338299,956,1039
338300,951,1039
338301,951,1043
338302,955,1044
338303,960,1043
338304,962,1042
338305,961,1036
338306,954,1036
338307,954,1037
338308,956,1037
338309,959,1036
338310,958,1034
338311,956,1030
338312,957,1027
338313,957,1030
338314,961,1029
338315,963,1029
338316,963,1026
338317,961,1023
338318,957,1025
338319,954,1027
338320,955,1028
338321,959,1027
338322,959,1026
338323,955,1021
338324,955,1020
338325,957,1023
338326,958,1026
338327,960,1025
338328,963,1025
338329,962,1022
338330,962,1023
338331,963,1024
338332,965,1025
338333,969,1024
338334,970,1021
338335,970,1019
338336,969,1017
338337,971,1018
338338,973,1016
338339,977,1014
338340,974,1011
338341,975,1008
338342,974,1006
338343,978,1006
338344,982,1009
338345,986,1008
338346,991,1002
338347,993,998
338348,990,1000
338349,989,999
338350,993,999
338351,998,999
338352,996,997
338353,992,991
338354,985,994
338355,990,992
338356,997,994
338357,1000,991
338358,1001,992
338359,997,989
338360,995,989
338361,999,991
338362,1005,992
338363,1009,990
338364,1004,992
338365,999,991
338366,995,994
338367,997,997
338368,1000,998
338369,1005,998
338370,1004,1001
338371,998,999
338372,994,1001
338373,995,1010
338374,996,1015
338375,1000,1019
338376,998,1019
338377,993,1018
338378,988,1019
338379,987,1026
338380,987,1030
338381,990,1030
338382,982,1032
338383,981,1030
338384,978,1031
338385,979,1033
338386,983,1037
338387,984,1038
338388,979,1035
338389,975,1035
338390,968,1035
338391,967,1039
338392,972,1040
338393,976,1040
338394,974,1037
338395,974,1034
338396,970,1037
338397,971,1039
338398,970,1042
338399,973,1040
338400,971,1039
338401,970,1036
338402,967,1033
338403,968,1037
338404,970,1037
338405,977,1039
338406,981,1036
338407,978,1031
338408,974,1030
338409,975,1030
338410,976,1034
338411,978,1033
338412,979,1033
338413,974,1030
338414,973,1030
338415,978,1032
338416,979,1033
338417,978,1035
338418,975,1033
338419,972,1032
338420,970,1032
338421,969,1034
338422,969,1034
338423,971,1034
338424,970,1032
338425,975,1027
338426,974,1026
338427,974,1031
338428,977,1032
338429,981,1035
338430,979,1032
338431,979,1027
338432,975,1027
338433,973,1030
338434,974,1033
338435,980,1035
338436,980,1034
338437,975,1031
338438,976,1030
338439,974,1031
338440,975,1034
338441,980,1034
338442,978,1032
338443,979,1029
338444,978,1028
338445,977,1030
338446,980,1032
338447,976,1034
338448,977,1030
338449,972,1028
338450,975,1027
338451,973,1029
338452,974,1031
338453,974,1030
338454,976,1031
338455,974,1025
338456,968,1028
338457,973,1029
338458,974,1034
338459,980,1034
338460,979,1032
338461,974,1032
338462,972,1031
338463,975,1032
338464,976,1033
338465,978,1033
338466,975,1034
338467,972,1032
338468,969,1033
338469,974,1031
338470,972,1035
338471,972,1037
338472,968,1036
338473,966,1034
338474,966,1032
338475,966,1035
338476,965,1037
338477,969,1038
338478,973,1035
338479,976,1030
338480,975,1032
338481,973,1031
338482,976,1037
338483,977,1036
338484,974,1037
338485,969,1035
338486,967,1036
338487,967,1037
338488,971,1037
338489,977,1035
338490,972,1029
338491,970,1025
338492,976,1021
338493,986,1022
338494,999,1021
338495,1011,1018
338496,1027,1014
338497,1046,1009
338498,1069,1004
338499,1107,997
338500,1147,994
338501,1193,989
338502,1233,992
338503,1270,1002
338504,1294,1020
338505,1296,1041
338506,1267,1050
338507,1220,1049
338508,1157,1048
338509,1093,1053
338510,1029,1064
338511,971,1078
338512,933,1089
338513,922,1091
338514,932,1086
338515,943,1069
338516,951,1058
338517,957,1049
338518,961,1045
338519,964,1040
338520,962,1038
338521,957,1034
338522,952,1034
338523,952,1035
338524,953,1038
338525,954,1039
338526,954,1036
338527,947,1034
338528,947,1033
338529,945,1035
338530,950,1034
338531,953,1036
338532,953,1032
338533,947,1030
338534,946,1030
338535,948,1030
338536,949,1034
338537,953,1035
338538,953,1032
338539,953,1028
338540,949,1026
338541,947,1031
338542,951,1030
338543,954,1030
338544,953,1025
338545,950,1025
338546,946,1025
338547,947,1028
338548,949,1030
338549,956,1031
338550,955,1028
338551,951,1024
338552,952,1023
338553,953,1026
338554,954,1026
338555,950,1026
338556,947,1027
338557,949,1026
338558,946,1025
338559,949,1024
338560,950,1028
338561,955,1027
338562,952,1029
338563,955,1024
338564,955,1021
338565,957,1023
338566,958,1024
338567,956,1025
338568,958,1021
338569,956,1021
338570,959,1016
338571,959,1013
338572,959,1015
338573,963,1013
338574,963,1008
338575,963,1005
338576,961,1002
338577,965,1002
338578,967,1002
338579,967,998
338580,967,995
338581,970,990
338582,969,987
338583,972,989
338584,973,988
338585,977,983
338586,974,980
338587,972,977
338588,975,976
338589,977,975
338590,983,974
338591,984,972
338592,983,971
338593,984,970
338594,985,968
338595,987,970
338596,988,973
338597,995,971
338598,994,970
338599,990,969
338600,985,969
338601,987,973
338602,990,976
338603,1000,977
338604,998,978
338605,992,979
338606,991,983
338607,995,990
338608,996,994
338609,998,998
338610,992,994
338611,989,996
338612,988,1002
338613,988,1009
338614,993,1012
338615,993,1017
338616,987,1017
338617,985,1018
338618,984,1021
338619,984,1024
338620,985,1030
338621,984,1029
338622,982,1027
338623,980,1027
338624,973,1029
338625,970,1031
338626,972,1036
338627,974,1037
338628,971,1036
338629,968,1034
338630,963,1034
338631,961,1037
338632,966,1038
338633,969,1037
338634,968,1036
338635,960,1035
338636,957,1036
338637,955,1039
338638,961,1038
338639,968,1038
338640,966,1038
338641,964,1037
338642,959,1033
338643,958,1037
338644,965,1040
338645,969,1040
338646,967,1038
338647,965,1035
338648,963,1035
338649,967,1041
338650,971,1045
338651,972,1042
338652,972,1041
338653,969,1039
338654,968,1040
338655,970,1039
338656,977,1041
338657,980,1042
338658,975,1041
338659,974,1040
338660,972,1041
338661,975,1045
338662,974,1045
338663,974,1043
338664,975,1041
338665,978,1036
338666,976,1034
338667,975,1033
338668,977,1038
338669,979,1038
338670,975,1037
338671,976,1033
338672,976,1032
338673,977,1035
338674,978,1038
338675,981,1039
338676,980,1034
338677,978,1031
338678,974,1032
338679,972,1033
338680,975,1037
338681,976,1036
338682,974,1037
338683,973,1033
338684,971,1031
338685,972,1035
338686,973,1035
338687,976,1034
338688,975,1033
338689,973,1031
338690,972,1029
338691,972,1031
338692,974,1034
338693,977,1036
338694,976,1032
338695,974,1031
338696,966,1029
338697,965,1031
338698,967,1035
338699,973,1037
338700,972,1036
338701,972,1030
338702,966,1031
338703,969,1034
338704,972,1036
338705,973,1038
338706,974,1040
338707,975,1036
338708,973,1034
338709,972,1036
338710,975,1038
338711,974,1042
338712,974,1039
338713,972,1037
338714,970,1038
338715,973,1040
338716,973,1043
338717,973,1044
338718,970,1041
338719,975,1037
338720,974,1040
338721,975,1042
338722,978,1045
338723,980,1045
338724,980,1042
338725,978,1038
338726,977,1038
338727,976,1040
338728,978,1043
338729,979,1043
338730,976,1040
338731,975,1035
338732,973,1037
338733,978,1040
338734,982,1039
338735,986,1037
338736,984,1032
338737,982,1025
338738,987,1022
338739,995,1020
338740,1006,1019
338741,1017,1017
338742,1033,1016
338743,1053,1008
338744,1078,1000
338745,1109,997
338746,1143,994
338747,1188,992
338748,1230,991
338749,1265,997
338750,1292,1013
338751,1303,1033
338752,1288,1050
338753,1252,1054
338754,1191,1054
338755,1125,1059
338756,1059,1071
338757,997,1085
338758,945,1096
338759,924,1100
338760,934,1095
338761,948,1083
338762,957,1071
338763,964,1062
338764,972,1057
338765,975,1051
338766,974,1047
338767,968,1040
338768,963,1039
338769,961,1039
338770,963,1041
338771,962,1043
338772,960,1039
338773,959,1035
338774,958,1036
338775,959,1037
338776,958,1041
338777,956,1042
338778,952,1039
338779,947,1037
338780,947,1036
338781,949,1039
338782,953,1040
338783,957,1040
338784,955,1037
338785,949,1033
338786,948,1030
338787,948,1034
338788,951,1036
338789,953,1036
338790,955,1033
338791,952,1028
338792,952,1028
338793,953,1028
338794,955,1031
338795,958,1031
338796,957,1032
338797,954,1030
338798,953,1030
338799,954,1029
338800,952,1031
338801,958,1032
338802,960,1028
338803,959,1024
338804,953,1025
338805,953,1030
338806,954,1032
338807,958,1033
338808,959,1031
338809,958,1028
338810,954,1027
338811,958,1029
338812,961,1032
338813,964,1029
338814,965,1025
338815,963,1024
338816,962,1020
338817,964,1021
338818,967,1021
338819,971,1021
338820,971,1017
338821,968,1015
338822,970,1013
338823,971,1011
338824,974,1012
338825,978,1011
338826,975,1006
338827,974,1002
338828,972,1001
338829,974,1002
338830,978,1004
338831,982,1001
338832,984,999
338833,990,997
338834,987,994
338835,987,994
338836,989,995
338837,992,992
338838,994,985
338839,992,980
338840,986,979
338841,986,983
338842,987,988
338843,993,987
338844,992,984
338845,993,981
338846,992,979
338847,997,984
338848,1001,986
338849,1004,987
338850,1000,986
338851,1002,988
338852,998,988
338853,1000,993
338854,1002,998
338855,1000,1000
338856,998,1000
338857,994,1003
338858,993,1003
338859,994,1006
338860,993,1011
338861,995,1015
338862,992,1016
338863,992,1018
338864,987,1019
338865,991,1024
338866,992,1028
338867,991,1032
338868,989,1033
338869,987,1031
338870,981,1032
338871,981,1034
338872,979,1039
338873,984,1038
338874,981,1038
338875,981,1038
338876,978,1036
338877,976,1040
338878,978,1044
338879,981,1045
338880,980,1045
338881,973,1043
338882,974,1045
338883,969,1048
338884,973,1051
338885,976,1052
338886,977,1052
338887,969,1050
338888,967,1048
338889,969,1052
338890,972,1055
338891,975,1054
338892,975,1051
338893,972,1050
338894,971,1051
338895,970,1055
338896,974,1055
338897,975,1054
338898,971,1049
338899,968,1046
338900,965,1041
338901,965,1044
338902,967,1044
338903,971,1044
338904,973,1040
338905,971,1036
338906,970,1036
338907,970,1038
338908,974,1040
338909,976,1041
338910,977,1037
338911,975,1035
338912,972,1035
338913,973,1038
338914,977,1039
338915,979,1039
338916,982,1037
338917,981,1035
338918,978,1036
338919,976,1040
338920,981,1044
338921,980,1044
338922,983,1039
338923,980,1037
338924,977,1036
338925,978,1038
338926,979,1042
338927,981,1038
338928,983,1038
338929,981,1035
338930,981,1036
338931,981,1039
338932,985,1041
338933,987,1041
338934,981,1043
338935,976,1041
338936,975,1043
338937,975,1042
338938,979,1043
338939,983,1041
338940,982,1041
338941,977,1039
338942,977,1040
338943,972,1042
338944,971,1042
338945,975,1042
338946,973,1041
338947,975,1035
338948,975,1033
338949,974,1034
338950,975,1039
338951,977,1040
338952,975,1038
338953,975,1035
338954,971,1038
338955,972,1041
338956,976,1043
338957,981,1043
338958,976,1041
338959,971,1038
338960,970,1039
338961,974,1042
338962,976,1044
338963,980,1041
338964,979,1038
338965,977,1034
338966,974,1035
338967,977,1034
338968,979,1036
338969,984,1033
338970,981,1029
338971,980,1024
338972,988,1022
338973,999,1024
338974,1015,1027
338975,1038,1026
338976,1059,1022
338977,1088,1015
338978,1122,1008
338979,1166,1001
338980,1216,1004
338981,1267,1008
338982,1308,1018
338983,1324,1032
338984,1308,1047
338985,1257,1053
338986,1198,1061
338987,1137,1067
338988,1068,1076
338989,1002,1081
338990,955,1087
338991,939,1090
338992,950,1083
338993,967,1069
338994,978,1057
338995,980,1043
338996,975,1041
338997,977,1041
338998,976,1040
338999,976,1039
339000,970,1035
339001,962,1036
339002,957,1038
339003,959,1041
339004,962,1045
339005,963,1042
339006,960,1036
339007,956,1034
339008,952,1033
339009,956,1038
339010,958,1041
339011,959,1038
339012,960,1037
339013,954,1035
339014,953,1035
339015,957,1036
339016,959,1039
339017,960,1040
339018,956,1039
339019,952,1038
339020,950,1036
339021,952,1041
339022,954,1042
339023,961,1039
339024,959,1038
339025,960,1037
339026,959,1038
339027,959,1041
339028,961,1044
339029,963,1042
339030,964,1039
339031,964,1039
339032,963,1042
339033,966,1044
339034,971,1045
339035,975,1044
339036,969,1043
339037,966,1038
339038,964,1038
339039,966,1037
339040,970,1036
339041,972,1034
339042,970,1032
339043,968,1029
339044,966,1030
339045,970,1029
339046,973,1031
339047,978,1030
339048,977,1025
339049,974,1017
339050,975,1017
339051,975,1017
339052,977,1018
339053,979,1016
339054,980,1013
339055,982,1007
339056,980,1005
339057,982,1006
339058,987,1007
339059,988,1007
339060,988,1004
339061,985,1000
339062,987,1000
339063,991,1000
339064,995,1001
339065,998,1000
339066,995,998
339067,995,997
339068,993,994
339069,998,994
339070,1003,995
339071,1009,994
339072,1006,994
339073,1006,992
339074,1004,996
339075,1007,1000
339076,1009,1003
339077,1015,1006
339078,1014,1004
339079,1009,1007
339080,1007,1008
339081,1006,1012
339082,1009,1017
339083,1011,1021
339084,1006,1022
339085,1002,1021
339086,999,1022
339087,1002,1027
339088,1002,1032
339089,1000,1034
339090,995,1035
339091,988,1037
339092,985,1038
339093,985,1043
339094,989,1043
339095,989,1044
339096,990,1044
339097,982,1044
339098,979,1043
339099,980,1043
339100,978,1047
339101,981,1045
339102,979,1044
339103,978,1047
339104,978,1047
339105,978,1049
339106,983,1055
339107,986,1053
339108,983,1053
339109,982,1052
339110,980,1051
339111,982,1053
339112,984,1056
339113,990,1053
339114,988,1050
339115,985,1044
339116,988,1046
339117,993,1051
339118,1000,1058
339119,1012,1056
339120,1017,1056
339121,1019,1055
339122,1022,1062
339123,1027,1066
339124,1036,1067
339125,1048,1064
339126,1059,1051
339127,1072,1039
339128,1081,1025
339129,1094,1011
339130,1115,999
339131,1129,980
339132,1143,958
339133,1156,939
339134,1169,924
339135,1190,908
339136,1212,890
339137,1230,876
339138,1250,861
339139,1262,846
339140,1271,840
339141,1272,837
339142,1275,839
339143,1273,842
339144,1271,842
339145,1266,838
339146,1254,841
339147,1240,845
339148,1224,852
339149,1206,859
339150,1183,867
339151,1162,875
339152,1133,882
339153,1110,898
339154,1090,910
339155,1077,922
339156,1067,934
339157,1059,942
339158,1055,955
339159,1055,969
339160,1054,982
339161,1053,992
339162,1055,998
339163,1064,1001
339164,1079,1009
339165,1100,1014
339166,1114,1019
339167,1117,1015
339168,1090,1021
339169,1044,1027
339170,998,1035
339171,964,1051
339172,947,1061
339173,937,1072
339174,932,1080
339175,928,1087
339176,921,1090
339177,919,1097
339178,913,1099
339179,909,1097
339180,904,1092
339181,902,1094
339182,896,1092
339183,892,1095
339184,891,1099
339185,895,1104
339186,892,1104
339187,891,1103
339188,892,1106
339189,889,1108
339190,887,1114
339191,886,1112
339192,881,1114
339193,879,1114
339194,875,1115
339195,874,1118
339196,875,1124
339197,876,1126
339198,877,1125
339199,878,1124
339200,874,1125
339201,871,1131
339202,869,1134
339203,867,1135
339204,864,1135
339205,860,1135
339206,857,1138
339207,859,1143
339208,861,1147
339209,865,1148
339210,861,1151
339211,859,1149
339212,856,1153
339213,854,1160
339214,855,1161
339215,858,1163
339216,858,1162
339217,859,1161
339218,859,1164
339219,860,1168
339220,869,1171
339221,871,1170
339222,870,1166
339223,866,1161
339224,866,1163
339225,869,1163
339226,875,1163
339227,881,1163
339228,885,1160
339229,888,1156
339230,892,1155
339231,897,1152
339232,905,1153
339233,909,1149
339234,909,1145
339235,914,1138
339236,917,1137
339237,923,1133
339238,929,1129
339239,934,1124
339240,940,1119
339241,943,1112
339242,944,1108
339243,949,1106
339244,955,1104
339245,957,1100
339246,958,1096
339247,957,1090
339248,958,1087
339249,960,1083
339250,964,1086
339251,966,1082
339252,965,1076
339253,962,1070
339254,959,1068
339255,966,1071
339256,970,1072
339257,972,1072
339258,972,1065
339259,966,1060
339260,966,1059
339261,970,1059
339262,971,1060
339263,975,1058
339264,973,1059
339265,970,1056
339266,967,1056
339267,968,1059
339268,971,1061
339269,974,1059
339270,971,1055
339271,970,1050
339272,965,1048
339273,964,1052
339274,969,1054
339275,972,1054
339276,972,1053
339277,966,1048
339278,964,1046
339279,965,1048
339280,968,1049
339281,970,1049
339282,969,1049
339283,970,1046
339284,967,1047
339285,972,1048
339286,970,1051
339287,973,1053
339288,977,1047
339289,971,1044
339290,970,1044
339291,973,1048
339292,974,1050
339293,979,1050
339294,976,1048
339295,975,1047
339296,974,1049
339297,974,1049
339298,973,1050
339299,976,1047
339300,976,1046
339301,975,1046
339302,977,1047
339303,980,1049
339304,984,1050
339305,987,1047
339306,985,1045
339307,985,1041
339308,983,1043
339309,982,1045
339310,983,1048
339311,985,1049
339312,986,1047
339313,982,1045
339314,979,1046
339315,979,1048
339316,981,1050
339317,984,1047
339318,982,1045
339319,980,1042
339320,976,1040
339321,974,1041
339322,979,1042
339323,986,1045
339324,985,1040
339325,979,1040
339326,975,1040
339327,970,1042
339328,974,1045
339329,978,1044
339330,977,1043
339331,974,1039
339332,974,1039
339333,977,1042
339334,979,1044
339335,981,1044
339336,978,1046
339337,976,1045
339338,974,1047
339339,974,1051
339340,976,1051
339341,979,1049
339342,977,1047
339343,974,1048
339344,969,1053
339345,966,1063
339346,964,1080
339347,962,1103
339348,962,1124
339349,959,1131
339350,959,1125
339351,970,1100
339352,977,1067
339353,982,1038
339354,986,1030
339355,982,1043
339356,980,1052
339357,983,1043
339358,985,1023
339359,989,1007
339360,990,1001
339361,989,996
339362,990,1000
339363,989,1010
339364,988,1018
339365,987,1021
339366,985,1022
339367,979,1024
339368,979,1028
339369,980,1032
339370,986,1038
339371,986,1041
339372,986,1039
339373,982,1037
339374,982,1039
339375,980,1044
339376,981,1050
339377,984,1048
339378,982,1047
339379,980,1045
339380,979,1043
339381,979,1047
339382,986,1048
339383,987,1047
339384,985,1048
339385,983,1045
339386,978,1048
339387,977,1053
339388,979,1056
339389,984,1054
339390,980,1050
339391,978,1047
339392,978,1050
339393,982,1053
339394,988,1053
339395,990,1050
339396,989,1049
339397,982,1045
339398,982,1046
339399,986,1048
339400,990,1052
339401,988,1047
339402,982,1044
339403,979,1045
339404,977,1045
339405,978,1047
339406,984,1049
339407,990,1048
339408,989,1045
339409,987,1043
339410,985,1048
339411,986,1050
339412,991,1053
339413,993,1050
339414,991,1048
339415,991,1045
339416,990,1046
339417,991,1046
339418,995,1049
339419,997,1049
339420,995,1048
339421,987,1042
339422,980,1042
339423,979,1043
339424,985,1048
339425,989,1048
339426,989,1050
339427,983,1049
339428,978,1045
339429,982,1046
339430,985,1046
339431,991,1044
339432,989,1045
339433,985,1041
339434,978,1040
339435,984,1044
339436,988,1048
339437,994,1044
339438,994,1042
339439,994,1045
339440,993,1044
339441,991,1043
339442,1001,1040
339443,1011,1033
339444,1024,1028
339445,1036,1024
339446,1052,1022
339447,1085,1022
339448,1126,1019
339449,1176,1009
339450,1221,1003
339451,1267,1000
339452,1309,1010
339453,1341,1026
339454,1344,1046
339455,1319,1052
339456,1258,1050
339457,1184,1052
339458,1114,1063
339459,1046,1074
339460,987,1080
339461,955,1080
339462,958,1068
339463,971,1059
339464,984,1048
339465,993,1044
339466,995,1042
339467,990,1039
339468,985,1034
339469,981,1029
339470,980,1031
339471,977,1039
339472,976,1045
339473,976,1045
339474,974,1043
339475,971,1039
339476,970,1039
339477,967,1043
339478,970,1045
339479,970,1043
339480,970,1040
339481,968,1036
339482,967,1039
339483,967,1043
339484,970,1046
339485,969,1047
339486,970,1042
339487,965,1040
339488,966,1039
339489,966,1041
339490,969,1046
339491,971,1047
339492,969,1047
339493,973,1045
339494,970,1046
339495,973,1046
339496,975,1047
339497,971,1045
339498,971,1045
339499,967,1043
339500,969,1043
339501,971,1045
339502,975,1048
339503,975,1046
339504,975,1043
339505,969,1039
339506,970,1040
339507,970,1039
339508,972,1044
339509,976,1041
339510,976,1039
339511,977,1035
339512,976,1033
339513,977,1034
339514,979,1037
339515,982,1036
339516,981,1032
339517,979,1030
339518,978,1027
339519,983,1028
339520,988,1030
339521,990,1028
339522,989,1024
339523,990,1021
339524,990,1017
339525,992,1018
339526,995,1016
339527,998,1013
339528,1001,1011
339529,999,1007
339530,999,1003
339531,998,1006
339532,1003,1006
339533,1006,1005
339534,1004,1001
339535,1002,999
339536,1003,1000
339537,1002,1001
339538,1004,1003
339539,1010,1002
339540,1010,999
339541,1008,997
339542,1006,999
339543,1012,1000
339544,1012,1005
339545,1016,1006
339546,1012,1007
339547,1013,1003
339548,1014,1006
339549,1013,1007
339550,1017,1012
339551,1019,1012
339552,1017,1013
339553,1018,1011
339554,1016,1013
339555,1016,1017
339556,1014,1023
339557,1017,1024
339558,1016,1026
339559,1012,1025
339560,1003,1026
339561,1003,1032
339562,1004,1036
339563,1002,1037
339564,1001,1035
339565,997,1034
339566,993,1035
339567,993,1037
339568,995,1040
339569,998,1039
339570,992,1043
339571,990,1041
339572,987,1042
339573,987,1043
339574,986,1043
339575,985,1045
339576,985,1043
339577,985,1041
339578,983,1042
339579,983,1043
339580,985,1046
339581,983,1048
339582,977,1048
339583,975,1042
339584,977,1045
339585,978,1048
339586,983,1046
339587,982,1046
339588,983,1045
339589,982,1041
339590,979,1045
339591,979,1046
339592,981,1050
339593,983,1049
339594,982,1049
339595,979,1043
339596,980,1044
339597,986,1046
339598,986,1050
339599,991,1048
339600,989,1043
339601,986,1042
339602,987,1041
339603,987,1045
339604,993,1046
339605,993,1047
339606,994,1048
339607,991,1045
339608,991,1048
339609,991,1050
339610,989,1051
339611,994,1049
339612,991,1047
339613,991,1043
339614,990,1045
339615,991,1047
339616,985,1048
339617,988,1046
339618,984,1043
339619,984,1036
339620,981,1038
339621,977,1042
339622,978,1048
339623,979,1045
339624,981,1038
339625,979,1030
339626,977,1030
339627,979,1033
339628,983,1042
339629,981,1040
339630,978,1041
339631,976,1038
339632,978,1036
339633,981,1037
339634,981,1041
339635,981,1033
339636,978,1025
339637,978,1018
339638,975,1017
339639,975,1022
339640,978,1027
339641,979,1031
339642,977,1031
339643,974,1030
339644,971,1031
339645,970,1035
339646,973,1037
339647,978,1037
339648,977,1034
339649,979,1033
339650,975,1035
339651,975,1037
339652,975,1038
339653,979,1034
339654,984,1028
339655,985,1023
339656,990,1022
339657,1000,1023
339658,1018,1027
339659,1041,1023
339660,1071,1022
339661,1109,1012
339662,1152,1003
339663,1204,1002
339664,1253,1007
339665,1293,1017
339666,1317,1036
339667,1308,1050
339668,1267,1059
339669,1202,1062
339670,1131,1072
339671,1064,1078
339672,993,1080
339673,942,1082
339674,922,1080
339675,930,1074
339676,948,1065
339677,966,1055
339678,972,1045
339679,969,1040
339680,958,1036
339681,957,1037
339682,959,1037
339683,960,1037
339684,956,1034
339685,951,1033
339686,950,1033
339687,949,1037
339688,951,1040
339689,951,1039
339690,949,1037
339691,945,1035
339692,943,1034
339693,945,1040
339694,949,1041
339695,953,1039
339696,953,1035
339697,947,1035
339698,942,1035
339699,944,1035
339700,951,1038
339701,956,1036
339702,952,1034
339703,952,1031
339704,947,1031
339705,944,1033
339706,949,1035
339707,951,1037
339708,952,1038
339709,950,1043
339710,948,1062
339711,950,1083
339712,948,1099
339713,949,1081
339714,950,1049
339715,949,1013
339716,942,993
339717,938,986
339718,935,997
339719,938,1002
339720,942,1003
339721,941,1001
339722,939,1004
339723,943,1009
339724,949,1012
339725,950,1011
339726,946,1009
339727,941,1009
339728,940,1007
339729,941,1013
339730,951,1011
339731,959,1007
339732,960,1001
339733,956,998
339734,955,998
339735,961,1001
339736,969,1001
339737,971,997
339738,976,994
339739,980,990
339740,971,991
339741,954,992
339742,948,998
339743,951,997
339744,955,996
339745,952,991
339746,944,990
339747,943,991
339748,949,992
339749,956,991
339750,962,987
339751,961,984
339752,962,983
339753,962,984
339754,970,985
339755,970,985
339756,971,984
339757,972,987
339758,972,986
339759,972,990
339760,974,994
339761,979,995
339762,983,993
339763,979,992
339764,974,995
339765,973,1001
339766,976,1006
339767,979,1009
339768,978,1008
339769,972,1007
339770,974,1010
339771,975,1012
339772,975,1021
339773,973,1023
339774,967,1025
339775,963,1022
339776,961,1023
339777,961,1030
339778,960,1033
339779,962,1035
339780,959,1031
339781,955,1029
339782,953,1033
339783,954,1037
339784,954,1041
339785,957,1044
339786,957,1043
339787,951,1040
339788,948,1040
339789,948,1042
339790,952,1046
339791,957,1044
339792,955,1040
339793,950,1041
339794,950,1045
339795,951,1045
339796,956,1049
339797,959,1048
339798,958,1043
339799,958,1041
339800,953,1039
339801,954,1046
339802,957,1045
339803,960,1043
339804,959,1043
339805,957,1042
339806,956,1043
339807,959,1045
339808,963,1051
339809,963,1047
339810,963,1046
339811,961,1041
339812,960,1038
339813,963,1036
339814,966,1037
339815,968,1036
339816,967,1033
339817,967,1032
339818,965,1033
339819,967,1038
339820,967,1039
339821,970,1038
339822,973,1034
339823,972,1030
339824,968,1034
339825,965,1039
339826,964,1044
339827,969,1040
339828,970,1039
339829,961,1036
339830,965,1037
339831,964,1038
339832,965,1040
339833,966,1039
339834,964,1035
339835,958,1033
339836,958,1035
339837,963,1037
339838,965,1041
339839,967,1040
339840,966,1034
339841,961,1030
339842,960,1032
339843,963,1037
339844,963,1039
339845,966,1040
339846,969,1036
339847,965,1031
339848,964,1032
339849,963,1033
339850,963,1035
339851,964,1036
339852,963,1035
339853,956,1036
339854,958,1038
339855,961,1038
339856,966,1044
339857,965,1045
339858,965,1045
339859,961,1043
339860,959,1044
339861,962,1044
339862,970,1045
339863,968,1045
339864,969,1042
339865,965,1039
339866,968,1041
339867,971,1041
339868,973,1043
339869,975,1043
339870,976,1039
339871,973,1036
339872,969,1041
339873,970,1043
339874,971,1043
339875,975,1045
339876,974,1042
339877,976,1039
339878,977,1037
339879,984,1038
339880,989,1041
339881,984,1038
339882,975,1035
339883,968,1032
339884,969,1035
339885,982,1038
339886,994,1038
339887,995,1033
339888,987,1030
339889,979,1027
339890,970,1029
339891,970,1031
339892,965,1035
339893,964,1035
339894,967,1027
339895,976,1023
339896,993,1016
339897,1011,1015
339898,1032,1016
339899,1060,1013
339900,1092,1003
339901,1128,994
339902,1174,988
339903,1229,989
339904,1279,998
339905,1318,1014
339906,1336,1032
339907,1314,1040
339908,1251,1045
339909,1171,1057
339910,1098,1069
339911,1037,1082
339912,979,1091
339913,948,1089
339914,943,1086
339915,957,1076
339916,976,1068
339917,986,1055
339918,980,1044
339919,971,1039
339920,967,1040
339921,970,1042
339922,975,1043
339923,976,1040
339924,971,1038
339925,966,1036
339926,963,1036
339927,964,1037
339928,965,1039
339929,966,1038
339930,965,1037
339931,961,1034
339932,959,1033
339933,960,1037
339934,963,1035
339935,965,1034
339936,962,1032
339937,958,1030
339938,953,1031
339939,950,1034
339940,954,1035
339941,956,1036
339942,957,1033
339943,954,1030
339944,952,1029
339945,957,1030
339946,964,1034
339947,960,1031
339948,956,1032
339949,950,1032
339950,948,1034
339951,949,1037
339952,958,1040
339953,965,1039
339954,967,1039
339955,975,1036
339956,976,1034
339957,979,1033
339958,975,1034
339959,965,1034
339960,953,1036
339961,942,1038
339962,946,1039
339963,952,1042
339964,963,1044
339965,970,1039
339966,974,1035
339967,978,1029
339968,975,1025
339969,970,1027
339970,966,1028
339971,961,1026
339972,957,1025
339973,959,1024
339974,962,1023
339975,968,1019
339976,974,1019
339977,978,1013
339978,980,1012
339979,980,1009
339980,978,1006
339981,980,1007
339982,981,1008
339983,982,1005
339984,983,1006
339985,986,1002
339986,984,1003
339987,985,1004
339988,982,1005
339989,985,1004
339990,986,1000
339991,989,999
339992,994,992
339993,1002,996
339994,1013,997
339995,1017,996
339996,1009,994
339997,996,994
339998,998,998
339999,1005,1002
340000,1013,1008
340001,1001,1009
340002,981,1012
340003,972,1019
340004,975,1026
340005,990,1026
340006,999,1020
340007,996,1014
340008,988,1011
340009,979,1013
340010,976,1013
340011,982,1021
340012,988,1026
340013,990,1027
340014,988,1028
340015,983,1026
340016,979,1028
340017,979,1032
340018,980,1035
340019,979,1037
340020,974,1036
340021,970,1034
340022,969,1035
340023,969,1038
340024,971,1042
340025,969,1041
340026,970,1036
340027,965,1036
340028,963,1039
340029,964,1040
340030,963,1044
340031,964,1043
340032,969,1043
340033,969,1041
340034,967,1042
340035,966,1045
340036,968,1048
340037,973,1046
340038,975,1045
340039,969,1044
340040,969,1046
340041,967,1050
340042,970,1055
340043,969,1055
340044,973,1054
340045,968,1052
340046,968,1050
340047,969,1053
340048,972,1056
340049,973,1054
340050,973,1049
340051,972,1050
340052,969,1051
340053,971,1052
340054,972,1053
340055,973,1050
340056,971,1048
340057,968,1044
340058,966,1045
340059,969,1047
340060,973,1051
340061,972,1049
340062,970,1045
340063,968,1042
340064,966,1041
340065,964,1041
340066,968,1042
340067,969,1042
340068,967,1040
340069,966,1039
340070,966,1040
340071,969,1041
340072,972,1044
340073,974,1041
340074,972,1039
340075,968,1037
340076,966,1038
340077,965,1044
340078,966,1043
340079,967,1044
340080,967,1043
340081,968,1038
340082,966,1040
340083,966,1044
340084,971,1047
340085,973,1047
340086,974,1041
340087,973,1042
340088,970,1040
340089,970,1046
340090,974,1050
340091,971,1049
340092,970,1048
340093,971,1047
340094,971,1046
340095,971,1052
340096,976,1056
340097,979,1054
340098,978,1052
340099,976,1050
340100,976,1051
340101,978,1050
340102,977,1052
340103,981,1050
340104,978,1049
340105,974,1046
340106,971,1046
340107,973,1049
340108,971,1051
340109,975,1048
340110,972,1048
340111,966,1043
340112,967,1044
340113,970,1048
340114,972,1048
340115,968,1046
340116,966,1044
340117,964,1041
340118,965,1044
340119,969,1048
340120,973,1049
340121,973,1048
340122,973,1044
340123,971,1039
340124,971,1037
340125,980,1034
340126,990,1033
340127,1004,1030
340128,1016,1026
340129,1032,1022
340130,1062,1025
340131,1095,1021
340132,1137,1018
340133,1180,1011
340134,1221,1004
340135,1263,1007
340136,1298,1012
340137,1330,1031
340138,1336,1047
340139,1308,1054
340140,1245,1048
340141,1172,1046
340142,1093,1054
340143,1022,1066
340144,967,1075
340145,943,1076
340146,941,1068
340147,953,1059
340148,968,1051
340149,973,1047
340150,978,1050
340151,975,1047
340152,975,1044
340153,968,1039
340154,964,1043
340155,960,1048
340156,961,1052
340157,960,1052
340158,958,1047
340159,956,1043
340160,956,1044
340161,958,1045
340162,957,1049
340163,958,1044
340164,956,1042
340165,953,1041
340166,950,1040
340167,956,1042
340168,960,1046
340169,962,1045
340170,957,1041
340171,952,1043
340172,950,1043
340173,956,1047
340174,958,1051
340175,958,1046
340176,956,1044
340177,956,1038
340178,955,1040
340179,961,1042
340180,963,1046
340181,966,1045
340182,961,1040
340183,957,1039
340184,955,1037
340185,956,1040
340186,960,1040
340187,959,1038
340188,957,1036
340189,958,1035
340190,956,1035
340191,964,1036
340192,970,1036
340193,972,1033
340194,968,1028
340195,964,1028
340196,959,1031
340197,964,1031
340198,966,1033
340199,968,1031
340200,969,1029
340201,969,1028
340202,966,1026
340203,967,1026
340204,970,1028
340205,970,1027
340206,970,1022
340207,969,1019
340208,971,1018
340209,974,1018
340210,979,1019
340211,980,1018
340212,979,1014
340213,983,1010
340214,984,1011
340215,987,1013
340216,987,1011
340217,990,1011
340218,994,1008
340219,996,1006
340220,996,1004
340221,996,1005
340222,1000,1009
340223,1002,1006
340224,999,1004
340225,998,1000
340226,994,1001
340227,999,1006
340228,1004,1006
340229,1008,1007
340230,1008,1006
340231,1008,1005
340232,1000,1008
340233,1003,1013
340234,1006,1013
340235,1010,1016
340236,1009,1019
340237,1008,1022
340238,1005,1025
340239,1004,1032
340240,1003,1041
340241,1003,1048
340242,995,1047
340243,993,1040
340244,990,1040
340245,995,1036
340246,999,1027
340247,1001,1017
340248,996,1009
340249,989,1008
340250,991,1012
340251,990,1016
340252,991,1021
340253,990,1023
340254,985,1025
340255,984,1024
340256,981,1028
340257,983,1032
340258,982,1037
340259,982,1038
340260,978,1037
340261,977,1036
340262,975,1041
340263,976,1048
340264,982,1051
340265,982,1049
340266,984,1046
340267,981,1045
340268,981,1048
340269,984,1049
340270,985,1052
340271,982,1052
340272,984,1049
340273,983,1049
340274,979,1050
340275,983,1051
340276,986,1053
340277,989,1051
340278,988,1048
340279,987,1048
340280,985,1050
340281,985,1056
340282,987,1060
340283,987,1065
340284,986,1074
340285,981,1078
340286,979,1083
340287,977,1086
340288,985,1079
340289,983,1063
340290,984,1049
340291,984,1036
340292,987,1031
340293,990,1028
340294,995,1025
340295,991,1023
340296,992,1020
340297,988,1015
340298,989,1014
340299,992,1013
340300,997,1015
340301,997,1013
340302,994,1015
340303,988,1016
340304,988,1018
340305,987,1021
340306,992,1027
340307,992,1028
340308,991,1030
340309,988,1031
340310,986,1029
340311,986,1035
340312,985,1039
340313,986,1041
340314,986,1038
340315,984,1038
340316,984,1042
340317,984,1043
340318,989,1047
340319,992,1043
340320,987,1042
340321,984,1039
340322,980,1043
340323,981,1046
340324,985,1045
340325,986,1046
340326,985,1044
340327,982,1044
340328,984,1047
340329,988,1049
340330,990,1051
340331,991,1050
340332,987,1049
340333,984,1047
340334,985,1051
340335,983,1051
340336,986,1052
340337,991,1054
340338,985,1056
340339,984,1056
340340,982,1056
340341,981,1059
340342,983,1064
340343,985,1065
340344,984,1063
340345,981,1055
340346,981,1038
340347,981,1025
340348,986,1016
340349,989,1012
340350,986,1015
340351,982,1017
340352,983,1020
340353,983,1021
340354,988,1024
340355,988,1024
340356,987,1023
340357,983,1024
340358,983,1025
340359,988,1030
340360,989,1035
340361,990,1035
340362,988,1032
340363,988,1034
340364,989,1034
340365,988,1038
340366,990,1040
340367,994,1040
340368,991,1035
340369,990,1031
340370,993,1030
340371,1000,1031
340372,1011,1031
340373,1023,1030
340374,1032,1026
340375,1046,1022
340376,1069,1021
340377,1100,1021
340378,1137,1014
340379,1172,1005
340380,1215,994
340381,1258,991
340382,1301,995
340383,1333,1012
340384,1342,1034
340385,1319,1044
340386,1270,1045
340387,1209,1045
340388,1144,1058
340389,1082,1070
340390,1025,1080
340391,982,1083
340392,963,1082
340393,964,1076
340394,976,1071
340395,992,1062
340396,998,1056
340397,996,1052
340398,990,1045
340399,985,1045
340400,979,1046
340401,978,1046
340402,976,1051
340403,975,1061
340404,969,1063
340405,969,1065
340406,966,1068
340407,966,1070
340408,970,1060
340409,972,1040
340410,973,1022
340411,972,1015
340412,969,1014
340413,970,1019
340414,971,1023
340415,970,1023
340416,970,1023
340417,963,1024
340418,964,1027
340419,963,1031
340420,967,1034
340421,968,1033
340422,963,1032
340423,961,1030
340424,961,1035
340425,963,1036
340426,966,1040
340427,967,1039
340428,965,1037
340429,963,1035
340430,959,1037
340431,962,1041
340432,963,1041
340433,966,1041
340434,965,1039
340435,963,1037
340436,965,1039
340437,964,1040
340438,961,1040
340439,964,1041
340440,967,1037
340441,965,1038
340442,964,1037
340443,964,1038
340444,965,1039
340445,971,1039
340446,970,1036
340447,970,1033
340448,971,1034
340449,968,1036
340450,970,1035
340451,971,1035
340452,970,1031
340453,970,1027
340454,975,1028
340455,975,1027
340456,976,1028
340457,982,1025
340458,979,1021
340459,980,1018
340460,980,1015
340461,981,1018
340462,986,1018
340463,989,1014
340464,989,1009
340465,984,1005
340466,982,1004
340467,984,1006
340468,990,1006
340469,992,1006
340470,988,1000
340471,989,1000
340472,987,999
340473,989,1001
340474,994,1001
340475,995,999
340476,995,997
340477,996,993
340478,995,998
340479,996,1000
340480,998,1001
340481,1001,1002
340482,999,1000
340483,1000,999
340484,1001,1004
340485,1002,1005
340486,1009,1011
340487,1010,1010
340488,1011,1010
340489,1006,1011
340490,1005,1017
340491,1003,1018
340492,1004,1020
340493,1006,1023
340494,1002,1024
340495,998,1024
340496,997,1027
340497,999,1031
340498,1003,1035
340499,1002,1037
340500,996,1037
340501,993,1035
340502,989,1036
340503,988,1040
340504,989,1041
340505,989,1042
340506,988,1038
340507,983,1037
340508,981,1040
340509,980,1042
340510,983,1043
340511,982,1041
340512,977,1042
340513,974,1038
340514,975,1039
340515,980,1041
340516,980,1043
340517,982,1042
340518,981,1039
340519,977,1040
340520,978,1039
340521,978,1044
340522,977,1047
340523,982,1047
340524,978,1045
340525,978,1043
340526,973,1044
340527,978,1044
340528,981,1045
340529,980,1048
340530,979,1047
340531,978,1046
340532,979,1052
340533,982,1054
340534,984,1060
340535,984,1057
340536,983,1053
340537,978,1049
340538,979,1046
340539,984,1044
340540,986,1044
340541,983,1047
340542,983,1043
340543,982,1041
340544,979,1043
340545,981,1044
340546,982,1047
340547,989,1049
340548,991,1042
340549,988,1041
340550,984,1041
340551,985,1043
340552,988,1047
340553,989,1045
340554,987,1042
340555,987,1037
340556,987,1037
340557,986,1039
340558,990,1041
340559,990,1040
340560,986,1041
340561,983,1037
340562,985,1038
340563,988,1042
340564,992,1043
340565,995,1040
340566,990,1036
340567,989,1033
340568,981,1037
340569,986,1037
340570,990,1040
340571,992,1039
340572,988,1040
340573,984,1039
340574,981,1041
340575,981,1044
340576,980,1048
340577,982,1046
340578,977,1044
340579,978,1042
340580,976,1045
340581,979,1044
340582,979,1048
340583,980,1047
340584,979,1045
340585,977,1041
340586,973,1042
340587,971,1050
340588,972,1052
340589,974,1053
340590,975,1050
340591,976,1046
340592,975,1048
340593,976,1051
340594,981,1053
340595,979,1050
340596,978,1042
340597,977,1038
340598,978,1038
340599,979,1042
340600,985,1043
340601,986,1042
340602,982,1039
340603,977,1036
340604,980,1040
340605,981,1041
340606,982,1044
340607,983,1046
340608,983,1042
340609,985,1039
340610,986,1039
340611,988,1040
340612,985,1041
340613,985,1037
340614,984,1039
340615,981,1036
340616,983,1039
340617,986,1041
340618,988,1044
340619,989,1044
340620,986,1044
340621,986,1040
340622,983,1042
340623,986,1047
340624,987,1048
340625,990,1051
340626,985,1047
340627,979,1045
340628,978,1046
340629,984,1048
340630,986,1049
340631,987,1048
340632,986,1046
340633,983,1045
340634,983,1045
340635,986,1050
340636,987,1052
340637,987,1051
340638,983,1046
340639,978,1042
340640,980,1042
340641,986,1042
340642,997,1040
340643,1008,1036
340644,1020,1027
340645,1036,1026
340646,1062,1022
340647,1090,1016
340648,1120,1009
340649,1163,998
340650,1204,988
340651,1248,987
340652,1291,997
340653,1315,1017
340654,1320,1039
340655,1285,1050
340656,1222,1048
340657,1152,1049
340658,1088,1059
340659,1032,1074
340660,986,1083
340661,958,1085
340662,952,1082
340663,964,1074
340664,975,1067
340665,986,1060
340666,990,1053
340667,991,1046
340668,985,1039
340669,980,1038
340670,974,1039
340671,973,1045
340672,973,1046
340673,972,1049
340674,968,1044
340675,965,1040
340676,961,1045
340677,960,1048
340678,960,1054
340679,962,1055
340680,958,1049
340681,954,1046
340682,951,1046
340683,955,1047
340684,957,1047
340685,956,1044
340686,957,1040
340687,955,1039
340688,950,1041
340689,955,1046
340690,960,1047
340691,960,1044
340692,961,1042
340693,958,1041
340694,956,1044
340695,960,1044
340696,963,1043
340697,966,1043
340698,962,1039
340699,957,1042
340700,957,1042
340701,961,1042
340702,964,1043
340703,963,1037
340704,961,1036
340705,956,1031
340706,960,1036
340707,961,1038
340708,964,1039
340709,965,1038
340710,961,1036
340711,957,1030
340712,963,1027
340713,961,1028
340714,965,1031
340715,966,1032
340716,962,1029
340717,962,1027
340718,965,1025
340719,966,1030
340720,967,1028
340721,971,1030
340722,973,1028
340723,973,1024
340724,974,1024
340725,976,1023
340726,975,1024
340727,976,1020
340728,981,1017
340729,978,1014
340730,977,1013
340731,975,1013
340732,978,1015
340733,982,1010
340734,983,1006
340735,984,1002
340736,983,1001
340737,984,1001
340738,988,1003
340739,991,1000
340740,992,998
340741,991,995
340742,990,996
340743,992,998
340744,997,997
340745,999,996
340746,994,992
340747,992,994
340748,989,996
340749,994,997
340750,1000,1000
340751,1001,999
340752,1000,998
340753,999,997
340754,1003,999
340755,1009,1001
340756,1012,1010
340757,1005,1010
340758,999,1008
340759,997,1007
340760,1000,1013
340761,1004,1015
340762,1004,1021
340763,1002,1023
340764,1003,1023
340765,997,1024
340766,993,1027
340767,991,1035
340768,989,1040
340769,989,1039
340770,990,1036
340771,988,1039
340772,984,1041
340773,983,1042
340774,984,1048
340775,986,1046
340776,979,1045
340777,975,1043
340778,976,1043
340779,982,1046
340780,983,1049
340781,981,1048
340782,977,1047
340783,974,1046
340784,973,1048
340785,974,1049
340786,972,1050
340787,968,1050
340788,968,1047
340789,970,1045
340790,974,1047
340791,975,1047
340792,977,1048
340793,980,1050
340794,978,1047
340795,977,1044
340796,975,1048
340797,978,1049
340798,979,1053
340799,982,1050
340800,983,1048
340801,976,1044
340802,976,1047
340803,979,1047
340804,981,1052
340805,984,1050
340806,984,1047
340807,982,1046
340808,979,1045
340809,987,1048
340810,991,1054
340811,990,1052
340812,985,1053
340813,982,1049
340814,979,1049
340815,978,1050
340816,983,1051
340817,983,1056
340818,981,1053
340819,977,1050
340820,980,1050
340821,984,1054
340822,989,1057
340823,992,1054
340824,987,1049
340825,985,1046
340826,989,1047
340827,992,1044
340828,996,1046
340829,993,1047
340830,988,1046
340831,985,1045
340832,984,1044
340833,984,1047
340834,987,1049
340835,987,1043
340836,984,1041
340837,981,1040
340838,981,1042
340839,985,1043
340840,988,1048
340841,988,1045
340842,986,1046
340843,984,1043
340844,982,1045
340845,986,1047
340846,989,1051
340847,989,1049
340848,988,1047
340849,987,1043
340850,987,1042
340851,990,1045
340852,989,1045
340853,990,1046
340854,988,1044
340855,987,1042
340856,981,1044
340857,980,1049
340858,985,1053
340859,988,1053
340860,986,1047
340861,983,1046
340862,984,1050
340863,986,1051
340864,989,1053
340865,990,1053
340866,988,1051
340867,984,1051
340868,985,1049
340869,987,1054
340870,993,1053
340871,1001,1052
340872,998,1050
340873,993,1048
340874,990,1049
340875,991,1051
340876,994,1051
340877,996,1050
340878,997,1044
340879,996,1037
340880,1000,1034
340881,1008,1032
340882,1026,1032
340883,1039,1031
340884,1058,1027
340885,1083,1023
340886,1113,1019
340887,1152,1013
340888,1197,1009
340889,1243,1005
340890,1289,1007
340891,1319,1020
340892,1328,1048
340893,1312,1069
340894,1268,1075
340895,1210,1075
340896,1147,1070
340897,1081,1078
340898,1021,1093
340899,973,1107
340900,945,1114
340901,950,1112
340902,962,1103
340903,968,1088
340904,975,1076
340905,978,1070
340906,985,1067
340907,987,1060
340908,984,1055
340909,977,1051
340910,971,1051
340911,971,1050
340912,972,1052
340913,968,1052
340914,965,1052
340915,964,1050
340916,965,1053
340917,969,1057
340918,972,1056
340919,972,1054
340920,963,1051
340921,958,1053
340922,954,1053
340923,956,1054
340924,966,1050
340925,966,1047
340926,965,1042
340927,961,1039
340928,963,1042
340929,969,1044
340930,971,1047
340931,975,1043
340932,970,1040
340933,965,1038
340934,960,1039
340935,960,1041
340936,964,1043
340937,961,1038
340938,960,1038
340939,950,1034
340940,948,1034
340941,959,1038
340942,962,1039
340943,960,1039
340944,958,1037
340945,957,1035
340946,959,1033
340947,961,1032
340948,963,1033
340949,964,1032
340950,961,1031
340951,960,1028
340952,962,1029
340953,967,1029
340954,969,1032
340955,973,1029
340956,970,1028
340957,969,1023
340958,966,1024
340959,964,1026
340960,968,1026
340961,972,1025
340962,975,1018
340963,970,1013
340964,969,1012
340965,970,1013
340966,974,1017
340967,978,1016
340968,981,1011
340969,980,1006
340970,981,1006
340971,984,1014
340972,988,1011
340973,988,1008
340974,990,1001
340975,988,997
340976,989,998
340977,989,998
340978,995,998
340979,1000,998
340980,999,996
340981,996,992
340982,998,992
340983,1001,994
340984,1006,994
340985,1006,990
340986,1005,989
340987,1002,990
340988,1007,994
340989,1008,999
340990,1005,1001
340991,1000,1003
340992,998,1001
340993,999,1005
340994,1002,1008
340995,1006,1013
340996,1006,1019
340997,1004,1018
340998,1002,1017
340999,998,1018
341000,993,1019
341001,998,1029
341002,1003,1035
341003,1002,1035
341004,999,1034
341005,994,1034
341006,990,1040
341007,990,1048
341008,991,1049
341009,989,1049
341010,986,1048
341011,981,1048
341012,980,1051
341013,983,1053
341014,983,1054
341015,985,1054
341016,981,1052
341017,975,1051
341018,967,1055
341019,968,1060
341020,975,1061
341021,979,1059
341022,979,1058
341023,981,1056
341024,979,1058
341025,977,1059
341026,980,1059
341027,975,1057
341028,971,1059
341029,971,1056
341030,976,1058
341031,982,1059
341032,985,1061
341033,983,1059
341034,984,1058
341035,984,1056
341036,985,1055
341037,984,1056
341038,980,1058
341039,981,1057
341040,979,1054
341041,981,1053
341042,980,1053
341043,983,1056
341044,984,1055
341045,983,1055
341046,984,1053
341047,984,1050
341048,987,1048
341049,991,1049
341050,998,1050
341051,999,1050
341052,993,1047
341053,991,1050
341054,991,1049
341055,992,1052
341056,993,1049
341057,991,1049
341058,986,1046
341059,983,1045
341060,990,1046
341061,993,1048
341062,993,1052
341063,994,1050
341064,991,1051
341065,987,1049
341066,989,1052
341067,990,1053
341068,993,1057
341069,996,1056
341070,996,1054
341071,989,1049
341072,983,1053
341073,983,1053
341074,988,1050
341075,989,1051
341076,990,1050
341077,984,1048
341078,981,1050
341079,983,1052
341080,987,1055
341081,993,1053
341082,989,1051
341083,987,1050
341084,984,1054
341085,988,1052
341086,992,1054
341087,991,1055
341088,988,1051
341089,985,1048
341090,982,1050
341091,984,1050
341092,984,1054
341093,988,1053
341094,991,1053
341095,988,1051
341096,989,1053
341097,991,1056
341098,993,1055
341099,989,1053
341100,987,1050
341101,985,1050
341102,986,1050
341103,986,1050
341104,987,1051
341105,990,1051
341106,991,1046
341107,990,1047
341108,991,1048
341109,992,1052
341110,996,1054
341111,996,1051
341112,989,1050
341113,991,1050
341114,991,1051
341115,994,1053
341116,995,1054
341117,990,1051
341118,992,1049
341119,994,1046
341120,997,1050
341121,996,1052
341122,997,1053
341123,997,1053
341124,995,1050
341125,994,1046
341126,996,1048
341127,1000,1051
341128,1001,1052
341129,993,1047
341130,988,1047
341131,988,1046
341132,993,1046
341133,1000,1049
341134,1000,1048
341135,998,1049
341136,998,1050
341137,1001,1047
341138,1004,1049
341139,998,1051
341140,993,1053
341141,996,1052
341142,998,1050
341143,996,1046
341144,993,1048
341145,991,1051
341146,996,1051
341147,997,1050
341148,1000,1049
341149,997,1048
341150,994,1051
341151,991,1053
341152,996,1052
341153,1003,1047
341154,1005,1041
341155,1009,1036
341156,1017,1037
341157,1030,1034
341158,1046,1036
341159,1067,1030
341160,1089,1026
341161,1114,1018
341162,1143,1008
341163,1188,1007
341164,1241,1011
341165,1292,1021
341166,1326,1044
341167,1334,1065
341168,1313,1079
341169,1266,1079
341170,1206,1077
341171,1138,1079
341172,1067,1087
341173,1003,1096
341174,965,1106
341175,960,1111
341176,977,1108
341177,993,1094
341178,1000,1078
341179,1002,1066
341180,1004,1060
341181,1004,1059
341182,1002,1060
341183,995,1057
341184,991,1050
341185,982,1048
341186,978,1045
341187,981,1050
341188,986,1051
341189,986,1048
341190,980,1044
341191,979,1042
341192,979,1044
341193,983,1047
341194,991,1050
341195,990,1047
341196,989,1043
341197,984,1039
341198,982,1042
341199,985,1046
341200,988,1051
341201,990,1051
341202,990,1048
341203,987,1044
341204,980,1042
341205,979,1043
341206,982,1048
341207,983,1047
341208,982,1045
341209,979,1044
341210,980,1045
341211,980,1046
341212,985,1047
341213,984,1045
341214,983,1039
341215,980,1040
341216,975,1042
341217,980,1044
341218,986,1045
341219,986,1042
341220,987,1040
341221,984,1037
341222,982,1036
341223,979,1036
341224,985,1038
341225,987,1037
341226,990,1030
341227,985,1028
341228,985,1028
341229,988,1030
341230,993,1030
341231,989,1026
341232,985,1024
341233,985,1022
341234,987,1023
341235,993,1024
341236,999,1026
341237,998,1022
341238,994,1019
341239,996,1014
341240,994,1013
341241,995,1015
341242,1000,1018
341243,1002,1017
341244,1010,1010
341245,1007,1006
341246,1007,1010
341247,1012,1010
341248,1015,1013
341249,1018,1010
341250,1016,1006
341251,1014,1002
341252,1017,1004
341253,1021,1005
341254,1018,1005
341255,1015,1006
341256,1015,1003
341257,1016,1001
341258,1016,1002
341259,1021,1005
341260,1024,1007
341261,1024,1007
341262,1019,1005
341263,1018,1005
341264,1019,1005
341265,1021,1009
341266,1027,1013
341267,1024,1012
341268,1025,1011
341269,1024,1012
341270,1021,1017
341271,1022,1023
341272,1020,1023
341273,1019,1025
341274,1016,1026
341275,1016,1023
341276,1015,1028
341277,1015,1036
341278,1017,1039
341279,1014,1042
341280,1012,1042
341281,1009,1043
341282,1008,1050
341283,1010,1056
341284,1013,1058
341285,1009,1056
341286,1009,1051
341287,1006,1051
341288,1004,1051
341289,1008,1052
341290,1010,1053
341291,1009,1050
341292,1007,1052
341293,1005,1050
341294,1000,1052
341295,1002,1054
341296,1004,1059
341297,1006,1060
341298,1005,1061
341299,1005,1062
341300,1010,1062
341301,1012,1061
341302,1010,1061
341303,1010,1065
341304,1006,1066
341305,1008,1066
341306,1017,1070
341307,1025,1070
341308,1031,1073
341309,1033,1075
341310,1033,1071
341311,1035,1076
341312,1044,1075
341313,1059,1074
341314,1076,1067
341315,1092,1052
341316,1107,1030
341317,1119,1011
341318,1135,1000
341319,1151,987
341320,1169,973
341321,1181,959
341322,1196,943
341323,1211,925
341324,1231,906
341325,1253,895
341326,1276,887
341327,1289,875
341328,1299,869
341329,1301,867
341330,1301,875
341331,1304,881
341332,1306,880
341333,1306,876
341334,1295,867
341335,1278,858
341336,1258,857
341337,1240,873
341338,1223,885
341339,1196,889
341340,1164,885
341341,1137,888
341342,1115,895
341343,1099,912
341344,1092,927
341345,1087,940
341346,1085,953
341347,1080,963
341348,1074,975
341349,1074,987
341350,1082,996
341351,1093,1003
341352,1107,1007
341353,1115,1008
341354,1115,1013
341355,1102,1021
341356,1071,1028
341357,1023,1035
341358,983,1044
341359,958,1053
341360,944,1066
341361,939,1082
341362,939,1094
341363,934,1098
341364,929,1095
341365,923,1095
341366,919,1097
341367,915,1099
341368,916,1102
341369,914,1102
341370,911,1102
341371,907,1103
341372,901,1103
341373,905,1109
341374,906,1116
341375,905,1114
341376,902,1111
341377,901,1114
341378,898,1119
341379,901,1122
341380,903,1125
341381,903,1123
341382,900,1123
341383,894,1126
341384,893,1130
341385,890,1139
341386,892,1141
341387,887,1142
341388,880,1144
341389,877,1146
341390,880,1152
341391,879,1153
341392,881,1156
341393,878,1157
341394,875,1160
341395,874,1163
341396,873,1169
341397,870,1172
341398,873,1174
341399,871,1174
341400,869,1172
341401,867,1173
341402,865,1175
341403,865,1179
341404,873,1185
341405,876,1181
341406,873,1183
341407,873,1180
341408,876,1185
341409,877,1187
341410,885,1188
341411,885,1186
341412,884,1184
341413,880,1181
341414,886,1183
341415,895,1183
341416,901,1185
341417,906,1184
341418,908,1177
341419,908,1169
341420,912,1167
341421,919,1167
341422,926,1165
341423,931,1157
341424,933,1151
341425,937,1145
341426,939,1141
341427,947,1139
341428,953,1137
341429,956,1130
341430,959,1119
341431,963,1115
341432,967,1114
341433,973,1115
341434,977,1110
341435,978,1106
341436,978,1102
341437,976,1099
341438,971,1098
341439,971,1101
341440,978,1103
341441,984,1100
341442,987,1090
341443,984,1083
341444,979,1078
341445,979,1077
341446,983,1078
341447,989,1074
341448,989,1072
341449,986,1065
341450,985,1060
341451,987,1062
341452,992,1063
341453,990,1062
341454,990,1060
341455,989,1061
341456,987,1063
341457,990,1064
341458,993,1067
341459,992,1067
341460,991,1064
341461,987,1062
341462,990,1067
341463,994,1068
341464,997,1067
341465,993,1067
341466,990,1066
341467,991,1063
341468,989,1066
341469,997,1069
341470,1003,1073
341471,1002,1071
341472,997,1069
341473,993,1065
341474,992,1065
341475,993,1069
341476,995,1068
341477,999,1067
341478,999,1065
341479,998,1063
341480,998,1065
341481,996,1067
341482,997,1070
341483,996,1066
341484,996,1065
341485,993,1061
341486,994,1062
341487,997,1068
341488,999,1070
341489,998,1070
341490,996,1067
341491,993,1061
341492,996,1064
341493,995,1064
341494,1003,1069
341495,1000,1068
341496,1000,1066
341497,997,1066
341498,998,1068
341499,1001,1071
341500,1002,1070
341501,1004,1067
341502,1000,1066
341503,999,1064
341504,999,1068
341505,1002,1072
341506,1004,1073
341507,1002,1070
341508,998,1065
341509,997,1064
341510,996,1063
341511,997,1065
341512,1002,1069
341513,1001,1066
341514,999,1061
341515,997,1055
341516,997,1058
341517,999,1063
341518,1000,1067
341519,1000,1065
341520,998,1062
341521,993,1061
341522,996,1067
341523,1002,1069
341524,1003,1070
341525,998,1072
341526,991,1069
341527,993,1065
341528,1000,1063
341529,1002,1062
341530,1004,1065
341531,1003,1062
341532,1001,1061
341533,1000,1062
341534,1002,1063
341535,1005,1064
341536,1007,1064
341537,1005,1063
341538,1007,1061
341539,1008,1061
341540,1005,1063
341541,1003,1066
341542,1003,1067
341543,1005,1068
341544,1008,1064
341545,1007,1066
341546,1007,1066
341547,1013,1066
341548,1012,1067
341549,1010,1065
341550,1010,1063
341551,1007,1062
341552,1006,1062
341553,1006,1065
341554,1004,1068
341555,1007,1067
341556,1006,1061
341557,1003,1059
341558,1000,1061
341559,1005,1062
341560,1012,1061
341561,1009,1058
341562,1008,1057
341563,1006,1057
341564,1007,1054
341565,1008,1059
341566,1010,1063
341567,1011,1061
341568,1006,1061
341569,1003,1060
341570,1001,1061
341571,1001,1067
341572,1007,1070
341573,1008,1069
341574,1007,1066
341575,1007,1062
341576,1010,1064
341577,1014,1065
341578,1014,1066
341579,1013,1066
341580,1007,1067
341581,1003,1069
341582,1005,1073
341583,1006,1072
341584,1010,1072
341585,1006,1068
341586,1002,1067
341587,1000,1063
341588,998,1063
341589,998,1068
341590,1007,1068
341591,1009,1065
341592,1009,1062
341593,1007,1064
341594,1010,1065
341595,1015,1067
341596,1016,1066
341597,1012,1062
341598,1011,1058
341599,1009,1058
341600,1008,1061
341601,1014,1062
341602,1019,1062
341603,1018,1060
341604,1015,1058
341605,1009,1055
341606,1006,1058
341607,1010,1057
341608,1014,1060
341609,1015,1058
341610,1010,1054
341611,1009,1055
341612,1012,1056
341613,1016,1062
341614,1021,1061
341615,1018,1060
341616,1013,1059
341617,1007,1058
341618,1008,1063
341619,1012,1065
341620,1017,1067
341621,1015,1064
341622,1011,1058
341623,1009,1059
341624,1009,1062
341625,1012,1063
341626,1014,1063
341627,1016,1061
341628,1012,1060
341629,1008,1059
341630,1006,1063
341631,1006,1065
341632,1008,1065
341633,1007,1067
341634,1006,1064
341635,1004,1063
341636,1003,1063
341637,1007,1062
341638,1011,1064
341639,1012,1060
341640,1009,1057
341641,1005,1057
341642,1006,1057
341643,1007,1059
341644,1012,1061
341645,1011,1061
341646,1009,1060
341647,1006,1058
341648,1005,1060
341649,1010,1063
341650,1013,1064
341651,1015,1062
341652,1016,1060
341653,1013,1056
341654,1010,1057
341655,1015,1057
341656,1019,1060
341657,1018,1062
341658,1015,1061
341659,1012,1059
341660,1014,1064
341661,1019,1065
341662,1021,1066
341663,1023,1062
341664,1019,1061
341665,1015,1060
341666,1015,1061
341667,1020,1062
341668,1020,1061
341669,1021,1058
341670,1018,1055
341671,1017,1051
341672,1027,1050
341673,1042,1053
341674,1062,1053
341675,1082,1048
341676,1107,1041
341677,1132,1031
341678,1167,1023
341679,1207,1017
341680,1251,1014
341681,1291,1015
341682,1327,1028
341683,1337,1044
341684,1325,1062
341685,1289,1073
341686,1231,1073
341687,1167,1074
341688,1110,1076
341689,1052,1081
341690,1009,1086
341691,991,1087
341692,994,1082
341693,1005,1073
341694,1013,1062
341695,1015,1054
341696,1015,1053
341697,1010,1054
341698,1009,1056
341699,1004,1058
341700,1002,1053
341701,999,1052
341702,999,1054
341703,999,1057
341704,999,1060
341705,996,1056
341706,995,1056
341707,992,1055
341708,991,1057
341709,996,1061
341710,997,1059
341711,995,1058
341712,991,1058
341713,991,1054
341714,988,1058
341715,990,1060
341716,993,1060
341717,991,1061
341718,987,1060
341719,986,1061
341720,984,1062
341721,988,1060
341722,992,1062
341723,991,1061
341724,989,1059
341725,988,1057
341726,985,1060
341727,987,1061
341728,989,1062
341729,988,1059
341730,983,1055
341731,988,1053
341732,985,1056
341733,986,1059
341734,989,1059
341735,991,1057
341736,992,1051
341737,993,1051
341738,995,1050
341739,995,1053
341740,998,1055
341741,1000,1057
341742,1001,1055
341743,1001,1054
341744,1005,1051
341745,1007,1053
341746,1010,1047
341747,1011,1042
341748,1008,1036
341749,1001,1032
341750,1001,1033
341751,1008,1035
341752,1013,1034
341753,1013,1033
341754,1011,1027
341755,1009,1026
341756,1010,1028
341757,1014,1030
341758,1015,1031
341759,1015,1028
341760,1011,1025
341761,1014,1025
341762,1018,1023
341763,1021,1027
341764,1019,1024
341765,1016,1022
341766,1016,1019
341767,1017,1018
341768,1016,1020
341769,1017,1021
341770,1018,1023
341771,1023,1019
341772,1023,1016
341773,1025,1016
341774,1024,1016
341775,1025,1018
341776,1023,1021
341777,1025,1019
341778,1027,1019
341779,1027,1016
341780,1030,1019
341781,1031,1023
341782,1037,1025
341783,1035,1025
341784,1035,1024
341785,1031,1026
341786,1031,1027
341787,1034,1032
341788,1037,1034
341789,1037,1035
341790,1038,1034
341791,1040,1035
341792,1040,1039
341793,1039,1043
341794,1039,1042
341795,1033,1044
341796,1026,1044
341797,1024,1045
341798,1021,1050
341799,1022,1053
341800,1026,1054
341801,1026,1052
341802,1019,1051
341803,1015,1051
341804,1013,1057
341805,1016,1060
341806,1014,1061
341807,1011,1060
341808,1007,1059
341809,1004,1057
341810,1005,1059
341811,1005,1063
341812,1010,1063
341813,1010,1063
341814,1006,1062
341815,1003,1061
341816,1004,1064
341817,1005,1062
341818,1011,1062
341819,1012,1058
341820,1008,1055
341821,1007,1052
341822,1003,1055
341823,1006,1056
341824,1011,1057
341825,1013,1054
341826,1010,1053
341827,1007,1053
341828,1006,1055
341829,1007,1057
341830,1009,1059
341831,1009,1056
341832,1009,1054
341833,1008,1054
341834,1012,1056
341835,1015,1057
341836,1017,1055
341837,1014,1054
341838,1011,1051
341839,1012,1048
341840,1012,1054
341841,1015,1052
341842,1016,1052
341843,1015,1052
341844,1010,1051
341845,1011,1049
341846,1015,1048
341847,1014,1049
341848,1014,1050
341849,1012,1046
341850,1009,1042
341851,1009,1043
341852,1004,1046
341853,1010,1050
341854,1009,1050
341855,1008,1049
341856,1004,1046
341857,1001,1049
341858,1004,1050
341859,1004,1051
341860,1009,1052
341861,1010,1051
341862,1006,1048
341863,1001,1052
341864,1000,1058
341865,1002,1057
341866,1005,1057
341867,1004,1052
341868,999,1047
341869,1000,1045
341870,998,1046
341871,999,1047
341872,1003,1049
341873,1003,1051
341874,1001,1049
341875,997,1048
341876,995,1052
341877,998,1054
341878,998,1052
341879,1000,1052
341880,995,1048
341881,992,1046
341882,993,1046
341883,993,1048
341884,997,1047
341885,993,1047
341886,995,1044
341887,995,1046
341888,994,1048
341889,996,1050
341890,1000,1053
341891,1002,1050
341892,996,1049
341893,991,1048
341894,989,1052
341895,994,1055
341896,999,1053
341897,1003,1051
341898,1000,1047
341899,998,1048
341900,997,1052
341901,1002,1052
341902,1003,1051
341903,999,1052
341904,999,1052
341905,997,1051
341906,995,1054
341907,999,1055
341908,1001,1053
341909,1005,1049
341910,1009,1044
341911,1014,1046
341912,1024,1049
341913,1038,1054
341914,1057,1050
341915,1080,1041
341916,1106,1026
341917,1139,1014
341918,1182,1008
341919,1226,1014
341920,1268,1032
341921,1301,1052
341922,1309,1072
341923,1289,1083
341924,1244,1084
341925,1189,1080
341926,1134,1075
341927,1073,1078
341928,1014,1085
341929,970,1098
341930,954,1101
341931,962,1101
341932,978,1091
341933,984,1078
341934,985,1068
341935,984,1057
341936,986,1053
341937,988,1052
341938,989,1051
341939,987,1048
341940,982,1045
341941,979,1044
341942,977,1048
341943,977,1051
341944,979,1047
341945,977,1047
341946,975,1046
341947,971,1046
341948,972,1048
341949,977,1051
341950,981,1051
341951,979,1051
341952,974,1047
341953,970,1048
341954,971,1049
341955,972,1051
341956,975,1051
341957,972,1051
341958,972,1053
341959,970,1052
341960,972,1054
341961,969,1057
341962,972,1061
341963,970,1062
341964,968,1062
341965,969,1061
341966,971,1062
341967,974,1055
341968,979,1050
341969,974,1042
341970,971,1036
341971,969,1031
341972,976,1032
341973,975,1038
341974,971,1038
341975,965,1041
341976,961,1041
341977,966,1038
341978,968,1036
341979,974,1037
341980,976,1038
341981,975,1035
341982,972,1033
341983,969,1028
341984,973,1027
341985,979,1023
341986,985,1020
341987,982,1022
341988,976,1020
341989,979,1020
341990,982,1023
341991,982,1024
341992,983,1023
341993,982,1021
341994,985,1017
341995,989,1017
341996,987,1021
341997,991,1023
341998,989,1022
341999,992,1018
342000,997,1014
342001,998,1009
342002,998,1007
342003,999,1003
342004,1001,1006
342005,1001,1007
342006,1000,1001
342007,998,995
342008,1001,996
342009,1000,1004
342010,1006,1008
342011,1006,998
342012,1008,981
342013,1011,970
342014,1011,968
342015,1008,976
342016,1013,979
342017,1011,980
342018,1009,980
342019,1007,982
342020,1007,988
342021,1008,996
342022,1010,1002
342023,1007,1006
342024,1003,1010
342025,1006,1013
342026,1006,1020
342027,1005,1025
342028,1006,1026
342029,1001,1025
342030,998,1020
342031,996,1021
342032,997,1027
342033,999,1031
342034,999,1036
342035,995,1037
342036,993,1040
342037,991,1043
342038,990,1045
342039,990,1051
342040,991,1050
342041,988,1050
342042,983,1050
342043,983,1049
342044,986,1051
342045,989,1058
342046,988,1059
342047,983,1058
342048,978,1055
342049,977,1054
342050,980,1057
342051,985,1059
342052,989,1055
342053,984,1049
342054,981,1046
342055,981,1049
342056,982,1055
342057,984,1060
342058,987,1062
342059,988,1062
342060,985,1060
342061,981,1062
342062,979,1064
342063,981,1068
342064,985,1072
342065,989,1069
342066,991,1063
342067,987,1060
342068,987,1058
342069,988,1057
342070,989,1050
342071,991,1047
342072,994,1039
342073,992,1034
342074,990,1037
342075,992,1042
342076,996,1042
342077,995,1040
342078,991,1035
342079,989,1039
342080,984,1041
342081,991,1047
342082,995,1048
342083,994,1049
342084,997,1043
342085,994,1044
342086,991,1045
342087,992,1046
342088,995,1045
342089,997,1041
342090,996,1042
342091,993,1046
342092,991,1048
342093,998,1053
342094,1001,1056
342095,998,1058
342096,995,1054
342097,991,1057
342098,989,1061
342099,994,1066
342100,997,1064
342101,997,1058
342102,992,1050
342103,986,1052
342104,988,1058
342105,987,1064
342106,990,1066
342107,995,1062
342108,994,1055
342109,992,1045
342110,989,1042
342111,988,1041
342112,990,1041
342113,990,1045
342114,989,1046
342115,986,1049
342116,986,1055
342117,987,1059
342118,988,1060
342119,989,1055
342120,990,1046
342121,989,1045
342122,984,1050
342123,986,1059
342124,989,1061
342125,987,1055
342126,982,1051
342127,980,1050
342128,986,1053
342129,991,1054
342130,991,1046
342131,991,1037
342132,989,1032
342133,988,1036
342134,988,1038
342135,988,1040
342136,989,1038
342137,993,1039
342138,992,1039
342139,991,1034
342140,995,1036
342141,996,1043
342142,1002,1044
342143,999,1046
342144,995,1048
342145,985,1049
342146,989,1053
342147,993,1054
342148,997,1053
342149,997,1049
342150,994,1048
342151,991,1047
342152,992,1050
342153,992,1058
342154,996,1059
342155,995,1055
342156,991,1050
342157,986,1052
342158,983,1053
342159,984,1060
342160,987,1064
342161,992,1065
342162,991,1065
342163,990,1063
342164,986,1059
342165,987,1059
342166,990,1064
342167,990,1065
342168,989,1065
342169,985,1061
342170,985,1055
342171,988,1057
342172,988,1057
342173,990,1054
342174,991,1049
342175,991,1046
342176,992,1046
342177,995,1048
342178,997,1048
342179,993,1045
342180,990,1047
342181,987,1044
342182,994,1044
342183,994,1042
342184,994,1048
342185,991,1046
342186,990,1043
342187,990,1044
342188,991,1045
342189,992,1049
342190,994,1051
342191,993,1048
342192,994,1048
342193,994,1048
342194,996,1052
342195,1002,1052
342196,1003,1054
342197,1001,1055
342198,995,1052
342199,992,1051
342200,988,1049
342201,992,1055
342202,996,1066
342203,999,1072
342204,999,1075
342205,995,1071
342206,996,1068
342207,996,1068
342208,998,1062
342209,997,1048
342210,997,1037
342211,1001,1032
342212,999,1038
342213,999,1041
342214,999,1046
342215,997,1047
342216,995,1049
342217,988,1057
342218,990,1057
342219,992,1060
342220,997,1058
342221,998,1049
342222,996,1041
342223,993,1036
342224,994,1039
342225,994,1044
342226,996,1048
342227,993,1046
342228,991,1048
342229,986,1048
342230,986,1050
342231,992,1052
342232,993,1057
342233,994,1053
342234,992,1049
342235,994,1053
342236,994,1058
342237,998,1061
342238,995,1057
342239,991,1052
342240,991,1050
342241,993,1057
342242,997,1067
342243,1002,1072
342244,1002,1062
342245,1001,1047
342246,1000,1037
342247,996,1040
342248,998,1047
342249,1001,1049
342250,1009,1041
342251,1010,1035
342252,1007,1030
342253,1005,1031
342254,1004,1035
342255,1007,1036
342256,1006,1040
342257,1006,1038
342258,1004,1043
342259,1001,1045
342260,1000,1051
342261,1001,1055
342262,1003,1053
342263,1006,1047
342264,1006,1041
342265,1004,1039
342266,1002,1043
342267,1005,1046
342268,1005,1045
342269,1003,1044
342270,999,1046
342271,999,1048
342272,1000,1051
342273,1002,1053
342274,1004,1052
342275,1006,1055
342276,1005,1052
342277,1001,1051
342278,997,1056
342279,997,1065
342280,999,1069
342281,998,1072
342282,997,1067
342283,993,1058
342284,997,1051
342285,1000,1044
342286,1005,1043
342287,1007,1048
342288,1006,1049
342289,1001,1050
342290,1003,1048
342291,1005,1047
342292,1009,1044
342293,1009,1036
342294,1013,1025
342295,1019,1019
342296,1033,1021
342297,1052,1025
342298,1075,1024
342299,1101,1021
342300,1129,1014
342301,1162,1006
342302,1202,1002
342303,1243,1003
342304,1285,1007
342305,1322,1017
342306,1339,1026
342307,1330,1041
342308,1299,1052
342309,1243,1057
342310,1179,1059
342311,1114,1061
342312,1057,1071
342313,1011,1077
342314,985,1078
342315,988,1080
342316,1002,1073
342317,1013,1061
342318,1015,1053
342319,1009,1048
342320,1009,1050
342321,1005,1053
342322,1005,1053
342323,1005,1054
342324,997,1057
342325,991,1066
342326,989,1071
342327,991,1072
342328,989,1069
342329,992,1060
342330,989,1048
342331,986,1034
342332,984,1030
342333,987,1033
342334,988,1037
342335,988,1036
342336,985,1035
342337,984,1038
342338,984,1041
342339,987,1050
342340,988,1052
342341,988,1050
342342,986,1043
342343,982,1039
342344,983,1040
342345,982,1041
342346,983,1041
342347,984,1041
342348,981,1039
342349,980,1039
342350,983,1040
342351,987,1042
342352,992,1045
342353,993,1041
342354,993,1035
342355,991,1034
342356,988,1039
342357,989,1044
342358,996,1048
342359,991,1046
342360,987,1045
342361,986,1042
342362,991,1043
342363,996,1042
342364,999,1041
342365,998,1040
342366,999,1040
342367,998,1040
342368,1000,1041
342369,999,1044
342370,1002,1042
342371,1001,1044
342372,1001,1041
342373,1002,1039
342374,1008,1036
342375,1016,1035
342376,1019,1034
342377,1018,1031
342378,1012,1030
342379,1010,1026
342380,1011,1032
342381,1013,1036
342382,1015,1043
342383,1013,1041
342384,1010,1035
342385,1014,1026
342386,1016,1019
342387,1021,1011
342388,1022,1001
342389,1019,994
342390,1015,993
342391,1013,992
342392,1018,1000
342393,1025,1002
342394,1029,1002
342395,1027,993
342396,1023,989
342397,1020,991
342398,1024,996
342399,1028,1000
342400,1030,1003
342401,1028,1004
342402,1031,1001
342403,1031,1000
342404,1032,1005
342405,1033,1011
342406,1036,1013
342407,1036,1012
342408,1036,1012
342409,1033,1013
342410,1034,1021
342411,1037,1024
342412,1039,1023
342413,1038,1026
342414,1035,1023
342415,1034,1027
342416,1033,1033
342417,1035,1037
342418,1035,1038
342419,1034,1040
342420,1029,1041
342421,1027,1038
342422,1026,1039
342423,1026,1040
342424,1027,1039
342425,1023,1042
342426,1019,1044
342427,1016,1045
342428,1015,1048
342429,1013,1049
342430,1016,1047
342431,1016,1044
342432,1010,1042
342433,1005,1040
342434,1004,1046
342435,1005,1049
342436,1007,1054
342437,1009,1055
342438,1003,1056
342439,1001,1059
342440,1002,1065
342441,1005,1063
342442,1008,1058
342443,1008,1054
342444,1006,1055
342445,1001,1064
342446,1002,1072
342447,1003,1071
342448,1009,1061
342449,1009,1056
342450,1007,1049
342451,1007,1041
342452,1014,1038
342453,1016,1038
342454,1016,1035
342455,1013,1034
342456,1012,1031
342457,1013,1034
342458,1014,1038
342459,1015,1041
342460,1017,1045
342461,1016,1045
342462,1015,1042
342463,1009,1043
342464,1007,1044
342465,1013,1047
342466,1014,1045
342467,1015,1044
342468,1012,1042
342469,1014,1039
342470,1015,1043
342471,1018,1046
342472,1018,1040
342473,1015,1038
342474,1017,1038
342475,1017,1037
342476,1016,1038
342477,1018,1039
342478,1016,1039
342479,1016,1041
342480,1013,1036
342481,1010,1039
342482,1006,1039
342483,1008,1043
342484,1011,1037
342485,1014,1034
342486,1010,1033
342487,1006,1038
342488,1004,1041
342489,1007,1046
342490,1013,1047
342491,1009,1046
342492,1005,1046
342493,1006,1045
342494,1012,1048
342495,1019,1043
342496,1019,1041
342497,1013,1035
342498,1004,1032
342499,1005,1031
342500,1004,1038
342501,1002,1041
342502,1012,1042
342503,1011,1041
342504,1007,1038
342505,1004,1040
342506,1008,1043
342507,1008,1045
342508,1010,1047
342509,1008,1046
342510,1004,1045
342511,1003,1045
342512,1001,1048
342513,1009,1049
342514,1011,1051
342515,1010,1049
342516,1011,1049
342517,1006,1049
342518,1006,1048
342519,1006,1045
342520,1007,1041
342521,1007,1037
342522,1004,1037
342523,1003,1037
342524,1003,1040
342525,1007,1043
342526,1015,1040
342527,1012,1040
342528,1008,1040
342529,1010,1036
342530,1012,1035
342531,1017,1035
342532,1023,1032
342533,1029,1028
342534,1037,1026
342535,1049,1029
342536,1070,1028
342537,1093,1029
342538,1126,1022
342539,1164,1010
342540,1204,1001
342541,1245,1001
342542,1286,1006
342543,1315,1023
342544,1327,1043
342545,1310,1061
342546,1268,1066
342547,1208,1067
342548,1151,1070
342549,1095,1079
342550,1040,1087
342551,986,1093
342552,955,1093
342553,953,1092
342554,967,1089
342555,982,1079
342556,991,1068
342557,995,1051
342558,995,1041
342559,991,1040
342560,989,1041
342561,992,1041
342562,991,1035
342563,985,1033
342564,980,1031
342565,978,1032
342566,978,1038
342567,980,1039
342568,982,1041
342569,981,1038
342570,980,1037
342571,979,1036
342572,979,1035
342573,982,1041
342574,982,1042
342575,979,1040
342576,977,1039
342577,975,1037
342578,978,1041
342579,980,1042
342580,981,1042
342581,980,1039
342582,973,1040
342583,976,1041
342584,979,1043
342585,983,1044
342586,982,1043
342587,977,1043
342588,977,1041
342589,974,1042
342590,976,1037
342591,977,1037
342592,975,1035
342593,972,1031
342594,970,1031
342595,970,1031
342596,971,1037
342597,976,1040
342598,979,1043
342599,977,1040
342600,971,1034
342601,969,1031
342602,971,1025
342603,973,1027
342604,978,1029
342605,976,1028
342606,972,1028
342607,975,1028
342608,980,1030
342609,981,1029
342610,986,1026
342611,987,1021
342612,982,1018
342613,977,1020
342614,984,1022
342615,990,1021
342616,993,1018
342617,992,1013
342618,991,1010
342619,991,1008
342620,998,1008
342621,1002,1008
342622,1002,1006
342623,999,1006
342624,999,1004
342625,1002,1003
342626,1005,1003
342627,1009,1003
342628,1014,999
342629,1015,993
342630,1013,990
342631,1009,992
342632,1015,997
342633,1018,1000
342634,1018,1000
342635,1014,1000
342636,1009,992
342637,1012,988
342638,1016,988
342639,1015,990
342640,1018,988
342641,1013,987
342642,1013,983
342643,1013,987
342644,1017,993
342645,1017,997
342646,1021,1000
342647,1016,1002
342648,1010,1001
342649,1011,1003
342650,1011,1006
342651,1011,1011
342652,1009,1012
342653,1007,1016
342654,1005,1018
342655,1003,1021
342656,1001,1025
342657,999,1030
342658,997,1034
342659,997,1040
342660,993,1043
342661,988,1046
342662,989,1044
342663,995,1041
342664,998,1037
342665,992,1036
342666,984,1033
342667,982,1037
342668,985,1038
342669,988,1043
342670,989,1044
342671,988,1045
342672,987,1045
342673,984,1046
342674,986,1049
342675,985,1053
342676,988,1052
342677,987,1055
342678,985,1052
342679,986,1051
342680,987,1054
342681,987,1056
342682,986,1057
342683,989,1056
342684,986,1055
342685,980,1055
342686,980,1054
342687,981,1057
342688,987,1057
342689,985,1054
342690,980,1051
342691,981,1051
342692,983,1053
342693,988,1056
342694,989,1056
342695,989,1056
342696,983,1052
342697,982,1050
342698,981,1050
342699,985,1049
342700,989,1046
342701,986,1047
342702,982,1047
342703,981,1049
342704,983,1053
342705,983,1060
342706,986,1059
342707,992,1045
342708,986,1034
342709,985,1031
342710,988,1038
342711,994,1039
342712,995,1039
342713,993,1037
342714,989,1034
342715,988,1039
342716,990,1043
342717,994,1050
342718,998,1054
342719,995,1048
342720,992,1048
342721,990,1046
342722,991,1048
342723,992,1051
342724,992,1049
342725,992,1047
342726,989,1044
342727,989,1045
342728,990,1047
342729,992,1053
342730,993,1053
342731,989,1051
342732,984,1048
342733,983,1050
342734,985,1049
342735,987,1053
342736,991,1052
342737,987,1049
342738,982,1046
342739,981,1050
342740,984,1053
342741,986,1053
342742,988,1054
342743,989,1053
342744,989,1050
342745,989,1047
342746,985,1047
342747,983,1052
342748,984,1052
342749,984,1048
342750,982,1049
342751,983,1052
342752,986,1057
342753,986,1062
342754,988,1066
342755,987,1067
342756,984,1061
342757,983,1056
342758,983,1055
342759,983,1053
342760,987,1049
342761,984,1043
342762,979,1042
342763,978,1044
342764,981,1052
342765,983,1060
342766,984,1064
342767,987,1060
342768,984,1057
342769,983,1058
342770,983,1058
342771,984,1060
342772,988,1058
342773,991,1053
342774,987,1049
342775,988,1051
342776,987,1053
342777,988,1055
342778,992,1053
342779,994,1051
342780,993,1052
342781,993,1056
342782,993,1060
342783,997,1066
342784,997,1062
342785,996,1052
342786,995,1047
342787,992,1044
342788,993,1046
342789,1001,1046
342790,1009,1044
342791,1021,1041
342792,1032,1038
342793,1050,1031
342794,1072,1031
342795,1103,1031
342796,1142,1021
342797,1181,1013
342798,1218,1007
342799,1257,1014
342800,1293,1027
342801,1315,1052
342802,1310,1071
342803,1275,1080
342804,1216,1079
342805,1150,1078
342806,1086,1085
342807,1030,1091
342808,985,1095
342809,965,1097
342810,966,1091
342811,976,1087
342812,986,1086
342813,995,1084
342814,998,1078
342815,990,1067
342816,982,1057
342817,977,1052
342818,975,1055
342819,976,1058
342820,983,1060
342821,978,1060
342822,973,1054
342823,970,1054
342824,971,1053
342825,972,1055
342826,974,1056
342827,975,1052
342828,971,1047
342829,967,1052
342830,970,1053
342831,974,1053
342832,977,1052
342833,974,1051
342834,971,1049
342835,967,1049
342836,972,1056
342837,971,1057
342838,977,1055
342839,975,1055
342840,969,1051
342841,965,1052
342842,969,1054
342843,969,1058
342844,974,1056
342845,970,1052
342846,968,1051
342847,965,1053
342848,968,1054
342849,970,1055
342850,973,1053
342851,973,1052
342852,971,1046
342853,969,1049
342854,971,1058
342855,970,1067
342856,971,1070
342857,969,1068
342858,968,1061
342859,972,1052
342860,972,1045
342861,976,1042
342862,981,1042
342863,981,1043
342864,977,1045
342865,972,1049
342866,974,1050
342867,978,1053
342868,981,1047
342869,985,1044
342870,984,1036
342871,986,1037
342872,990,1037
342873,997,1038
342874,1002,1038
342875,1003,1036
342876,999,1028
342877,997,1028
342878,1001,1026
342879,1003,1027
342880,1005,1027
342881,1004,1022
342882,1002,1016
342883,1005,1014
342884,1007,1015
342885,1009,1018
342886,1015,1017
342887,1014,1016
342888,1011,1014
342889,1006,1013
342890,1007,1012
342891,1011,1014
342892,1016,1011
342893,1014,1010
342894,1008,1008
342895,1006,1008
342896,1010,1008
342897,1016,1009
342898,1017,1009
342899,1015,1008
342900,1011,1009
342901,1010,1011
342902,1013,1017
342903,1015,1022
342904,1017,1023
342905,1015,1023
342906,1011,1025
342907,1008,1031
342908,1008,1035
342909,1011,1038
342910,1010,1040
342911,1008,1043
342912,1004,1046
342913,1001,1051
342914,1000,1054
342915,1000,1058
342916,1002,1059
342917,1004,1058
342918,1000,1059
342919,995,1058
342920,996,1060
342921,998,1064
342922,1003,1065
342923,1000,1063
342924,999,1060
342925,995,1064
342926,995,1066
342927,999,1069
342928,1002,1065
342929,996,1066
342930,995,1061
342931,993,1065
342932,996,1067
342933,998,1068
342934,997,1068
342935,995,1069
342936,996,1072
342937,996,1081
342938,998,1083
342939,999,1078
342940,1002,1067
342941,1000,1055
342942,1000,1050
342943,1002,1055
342944,1006,1063
342945,1013,1072
342946,1021,1069
342947,1023,1063
342948,1024,1055
342949,1024,1052
342950,1031,1056
342951,1039,1062
342952,1052,1062
342953,1070,1057
342954,1079,1047
342955,1089,1035
342956,1099,1022
342957,1115,1014
342958,1132,1002
342959,1143,993
342960,1155,978
342961,1167,964
342962,1183,955
342963,1205,937
342964,1226,920
342965,1244,902
342966,1258,887
342967,1270,877
342968,1280,871
342969,1281,868
342970,1279,866
342971,1278,870
342972,1274,867
342973,1273,867
342974,1270,866
342975,1259,864
342976,1245,861
342977,1221,862
342978,1199,864
342979,1178,870
342980,1154,878
342981,1130,889
342982,1109,898
342983,1087,906
342984,1074,916
342985,1064,928
342986,1062,944
342987,1064,956
342988,1065,964
342989,1062,975
342990,1052,983
342991,1053,992
342992,1061,1002
342993,1081,1009
342994,1099,1019
342995,1112,1020
342996,1117,1019
342997,1104,1022
342998,1069,1032
342999,1029,1040
343000,988,1049
343001,959,1059
343002,945,1076
343003,933,1095
343004,933,1119
343005,935,1134
343006,937,1128
343007,932,1112
343008,926,1102
343009,917,1105
343010,910,1120
343011,908,1137
343012,906,1146
343013,903,1143
343014,900,1125
343015,901,1109
343016,902,1101
343017,905,1097
343018,906,1097
343019,903,1096
343020,898,1098
343021,891,1104
343022,892,1113
343023,891,1119
343024,893,1123
343025,886,1125
343026,883,1128
343027,878,1134
343028,883,1135
343029,888,1137
343030,888,1136
343031,886,1137
343032,885,1135
343033,883,1142
343034,885,1148
343035,887,1152
343036,890,1155
343037,886,1157
343038,883,1157
343039,880,1159
343040,885,1164
343041,884,1168
343042,881,1173
343043,879,1173
343044,875,1173
343045,874,1177
343046,876,1183
343047,881,1190
343048,882,1189
343049,884,1188
343050,881,1186
343051,881,1186
343052,882,1189
343053,884,1195
343054,887,1193
343055,889,1192
343056,886,1193
343057,889,1194
343058,891,1194
343059,896,1194
343060,903,1194
343061,905,1192
343062,906,1187
343063,905,1191
343064,907,1193
343065,915,1194
343066,921,1190
343067,929,1184
343068,932,1177
343069,936,1169
343070,939,1169
343071,948,1171
343072,952,1167
343073,957,1160
343074,956,1148
343075,955,1143
343076,960,1143
343077,964,1148
343078,969,1147
343079,972,1138
343080,973,1131
343081,972,1129
343082,977,1128
343083,979,1125
343084,981,1113
343085,978,1101
343086,981,1092
343087,983,1088
343088,989,1085
343089,989,1082
343090,992,1076
343091,988,1072
343092,986,1066
343093,982,1069
343094,987,1074
343095,989,1074
343096,989,1070
343097,990,1067
343098,988,1064
343099,988,1064
343100,987,1067
343101,988,1071
343102,993,1072
343103,993,1072
343104,991,1070
343105,988,1067
343106,990,1067
343107,994,1066
343108,993,1067
343109,992,1066
343110,989,1069
343111,988,1074
343112,987,1082
343113,995,1088
343114,993,1079
343115,994,1064
343116,991,1053
343117,990,1052
343118,993,1059
343119,994,1064
343120,1000,1067
343121,1000,1067
343122,998,1071
343123,991,1078
343124,987,1086
343125,991,1090
343126,997,1083
343127,997,1074
343128,999,1064
343129,998,1060
343130,999,1061
343131,995,1053
343132,995,1048
343133,993,1047
343134,992,1049
343135,989,1056
343136,994,1059
343137,997,1065
343138,1001,1067
343139,999,1067
343140,998,1068
343141,996,1067
343142,997,1064
343143,1000,1058
343144,1001,1052
343145,999,1046
343146,997,1046
343147,994,1049
343148,997,1053
343149,998,1060
343150,1001,1060
343151,998,1059
343152,994,1056
343153,997,1056
343154,996,1056
343155,998,1062
343156,1001,1069
343157,1000,1069
343158,1001,1062
343159,993,1054
343160,993,1052
343161,996,1055
343162,1000,1058
343163,1003,1056
343164,999,1050
343165,1000,1051
343166,999,1051
343167,1003,1056
343168,1003,1057
343169,1000,1055
343170,999,1051
343171,998,1053
343172,1000,1054
343173,1003,1056
343174,1001,1056
343175,997,1055
343176,995,1058
343177,994,1062
343178,997,1059
343179,994,1059
343180,1000,1055
343181,997,1056
343182,991,1058
343183,986,1068
343184,988,1080
343185,997,1085
343186,999,1078
343187,998,1068
343188,997,1059
343189,995,1054
343190,998,1055
343191,1002,1052
343192,1002,1054
343193,1002,1057
343194,994,1057
343195,996,1055
343196,996,1049
343197,1001,1047
343198,1005,1047
343199,999,1047
343200,992,1048
343201,991,1053
343202,991,1056
343203,996,1058
343204,1003,1054
343205,1002,1058
343206,997,1055
343207,991,1058
343208,995,1060
343209,994,1060
343210,995,1062
343211,996,1066
343212,995,1073
343213,993,1081
343214,995,1088
343215,998,1097
343216,1005,1092
343217,1005,1083
343218,1003,1062
343219,1001,1045
343220,999,1028
343221,1003,1026
343222,1004,1028
343223,1002,1034
343224,996,1042
343225,994,1053
343226,995,1058
343227,996,1054
343228,1000,1049
343229,997,1044
343230,996,1042
343231,994,1046
343232,995,1051
343233,995,1058
343234,995,1061
343235,993,1062
343236,990,1066
343237,993,1063
343238,997,1063
343239,1001,1063
343240,1004,1062
343241,1004,1060
343242,1000,1053
343243,997,1059
343244,998,1067
343245,1001,1076
343246,1003,1084
343247,999,1085
343248,993,1087
343249,993,1082
343250,998,1067
343251,1001,1048
343252,1004,1036
343253,1003,1036
343254,998,1043
343255,996,1050
343256,998,1054
343257,998,1051
343258,1005,1049
343259,1000,1042
343260,996,1039
343261,997,1041
343262,997,1043
343263,1005,1049
343264,1009,1051
343265,1008,1054
343266,1002,1053
343267,999,1053
343268,1001,1053
343269,1003,1055
343270,1007,1057
343271,1006,1056
343272,1004,1054
343273,1000,1055
343274,1002,1057
343275,1004,1062
343276,1005,1067
343277,1004,1070
343278,1003,1071
343279,1004,1076
343280,1006,1078
343281,1007,1079
343282,1005,1066
343283,1007,1050
343284,1006,1040
343285,1005,1038
343286,1003,1048
343287,1003,1060
343288,1003,1068
343289,1006,1065
343290,1010,1063
343291,1006,1059
343292,1005,1058
343293,1007,1052
343294,1014,1041
343295,1022,1033
343296,1028,1027
343297,1036,1028
343298,1055,1031
343299,1082,1039
343300,1111,1039
343301,1143,1030
343302,1176,1016
343303,1216,1006
343304,1260,1006
343305,1296,1020
343306,1316,1044
343307,1306,1070
343308,1274,1087
343309,1221,1090
343310,1167,1084
343311,1112,1079
343312,1053,1083
343313,1003,1098
343314,971,1116
343315,966,1121
343316,976,1104
343317,993,1077
343318,1001,1059
343319,1000,1055
343320,1000,1056
343321,996,1062
343322,993,1056
343323,996,1048
343324,997,1039
343325,995,1036
343326,988,1038
343327,985,1045
343328,988,1051
343329,988,1058
343330,988,1058
343331,986,1053
343332,984,1054
343333,981,1057
343334,982,1063
343335,984,1073
343336,986,1075
343337,983,1072
343338,981,1065
343339,982,1060
343340,981,1057
343341,982,1055
343342,983,1050
343343,982,1052
343344,976,1057
343345,984,1062
343346,986,1059
343347,989,1048
343348,990,1039
343349,983,1034
343350,980,1032
343351,977,1036
343352,979,1043
343353,982,1047
343354,983,1048
343355,980,1048
343356,977,1050
343357,978,1051
343358,977,1051
343359,980,1046
343360,980,1047
343361,979,1045
343362,978,1043
343363,975,1044
343364,980,1047
343365,981,1051
343366,981,1047
343367,980,1046
343368,979,1047
343369,981,1047
343370,985,1050
343371,985,1047
343372,988,1044
343373,989,1038
343374,989,1037
343375,989,1039
343376,991,1043
343377,992,1046
343378,993,1048
343379,993,1041
343380,991,1036
343381,990,1030
343382,994,1026
343383,996,1028
343384,1001,1027
343385,1004,1026
343386,1002,1022
343387,1000,1023
343388,1001,1021
343389,1004,1027
343390,999,1032
343391,995,1036
343392,995,1036
343393,996,1025
343394,997,1009
343395,1003,998
343396,1005,991
343397,1005,994
343398,1003,996
343399,1007,998
343400,1009,1005
343401,1012,1007
343402,1013,1010
343403,1013,1009
343404,1010,1009
343405,1015,1013
343406,1019,1015
343407,1026,1019
343408,1029,1017
343409,1027,1016
343410,1023,1013
343411,1021,1016
343412,1022,1020
343413,1023,1027
343414,1026,1028
343415,1024,1030
343416,1023,1031
343417,1020,1032
343418,1021,1036
343419,1022,1042
343420,1023,1044
343421,1019,1048
343422,1016,1046
343423,1013,1049
343424,1011,1049
343425,1014,1049
343426,1016,1050
343427,1014,1051
343428,1008,1052
343429,1006,1052
343430,1006,1053
343431,1008,1055
343432,1011,1053
343433,1009,1055
343434,1005,1053
343435,1007,1051
343436,1007,1055
343437,1007,1055
343438,1007,1055
343439,1006,1057
343440,1006,1058
343441,1005,1058
343442,1005,1061
343443,1008,1064
343444,1011,1064
343445,1010,1060
343446,1009,1055
343447,1008,1052
343448,1008,1052
343449,1010,1055
343450,1010,1056
343451,1010,1054
343452,1006,1052
343453,1007,1058
343454,1010,1057
343455,1011,1056
343456,1012,1055
343457,1007,1053
343458,1008,1052
343459,1004,1060
343460,1004,1065
343461,1010,1069
343462,1011,1073
343463,1012,1072
343464,1012,1062
343465,1012,1046
343466,1008,1036
343467,1010,1039
343468,1012,1048
343469,1009,1055
343470,1008,1060
343471,1008,1061
343472,1011,1058
343473,1011,1047
343474,1015,1035
343475,1012,1035
343476,1007,1038
343477,1006,1040
343478,1006,1043
343479,1009,1047
343480,1007,1047
343481,1010,1047
343482,1008,1047
343483,1009,1045
343484,1010,1046
343485,1012,1050
343486,1012,1049
343487,1009,1046
343488,1007,1046
343489,1006,1050
343490,1008,1051
343491,1011,1053
343492,1013,1051
343493,1012,1049
343494,1008,1047
343495,1007,1048
343496,1006,1050
343497,1006,1055
343498,1011,1053
343499,1009,1052
343500,1005,1046
343501,1003,1047
343502,1004,1049
343503,1006,1052
343504,1005,1052
343505,1005,1052
343506,1002,1052
343507,1000,1050
343508,1002,1052
343509,1004,1054
343510,1003,1050
343511,1003,1054
343512,1005,1051
343513,1001,1052
343514,1003,1057
343515,1006,1065
343516,1007,1065
343517,1005,1061
343518,1003,1053
343519,1004,1052
343520,1004,1055
343521,1008,1061
343522,1009,1057
343523,1009,1052
343524,1008,1045
343525,1016,1042
343526,1028,1043
343527,1043,1044
343528,1063,1040
343529,1083,1036
343530,1109,1031
343531,1145,1025
343532,1187,1019
343533,1233,1017
343534,1274,1018
343535,1300,1028
343536,1303,1046
343537,1280,1065
343538,1237,1072
343539,1182,1075
343540,1122,1078
343541,1060,1089
343542,1008,1097
343543,980,1108
343544,981,1112
343545,991,1107
343546,999,1094
343547,1005,1079
343548,1004,1069
343549,1005,1065
343550,1004,1060
343551,1003,1056
343552,1001,1049
343553,998,1043
343554,992,1044
343555,988,1047
343556,988,1049
343557,991,1054
343558,992,1053
343559,988,1051
343560,983,1049
343561,983,1050
343562,982,1054
343563,985,1056
343564,984,1059
343565,981,1056
343566,977,1056
343567,975,1056
343568,982,1057
343569,985,1058
343570,984,1055
343571,982,1050
343572,981,1047
343573,979,1051
343574,981,1054
343575,986,1056
343576,986,1054
343577,982,1051
343578,979,1047
343579,979,1048
343580,980,1051
343581,982,1055
343582,986,1055
343583,985,1049
343584,981,1050
343585,983,1050
343586,986,1050
343587,988,1049
343588,988,1050
343589,987,1047
343590,986,1044
343591,986,1042
343592,990,1044
343593,991,1047
343594,993,1044
343595,990,1042
343596,989,1038
343597,988,1037
343598,991,1037
343599,998,1039
343600,997,1036
343601,995,1033
343602,995,1032
343603,996,1029
343604,997,1030
343605,1002,1030
343606,1005,1028
343607,1005,1025
343608,1001,1019
343609,998,1018
343610,1000,1020
343611,1003,1021
343612,1000,1017
343613,1006,1010
343614,1004,1012
343615,1002,1008
343616,1002,1009
343617,1005,1012
343618,1006,1011
343619,1002,1008
343620,1005,1005
343621,1005,1008
343622,1007,1013
343623,1008,1015
343624,1010,1013
343625,1011,1007
343626,1010,1005
343627,1009,1009
343628,1011,1011
343629,1012,1017
343630,1014,1016
343631,1013,1013
343632,1010,1013
343633,1011,1014
343634,1013,1019
343635,1013,1027
343636,1012,1027
343637,1008,1029
343638,1006,1029
343639,1006,1036
343640,1009,1042
343641,1011,1044
343642,1012,1048
343643,1008,1047
343644,1003,1046
343645,1001,1046
343646,1003,1051
343647,1003,1056
343648,1004,1056
343649,1001,1056
343650,997,1055
343651,999,1054
343652,1001,1060
343653,1002,1063
343654,1005,1062
343655,1000,1059
343656,996,1059
343657,995,1060
343658,996,1062
343659,1000,1063
343660,1002,1062
343661,996,1061
343662,993,1060
343663,994,1062
343664,996,1064
343665,998,1063
343666,1001,1062
343667,998,1057
343668,995,1054
343669,993,1054
343670,994,1056
343671,998,1062
343672,1000,1058
343673,997,1057
343674,996,1056
343675,995,1059
343676,997,1060
343677,999,1061
343678,999,1058
343679,1000,1055
343680,997,1052
343681,993,1052
343682,998,1058
343683,1000,1057
343684,1005,1057
343685,1002,1057
343686,997,1054
343687,995,1056
343688,995,1058
343689,1002,1063
343690,1003,1059
343691,1003,1056
343692,998,1052
343693,999,1054
343694,1001,1058
343695,1002,1061
343696,1005,1059
343697,1005,1055
343698,999,1057
343699,1001,1057
343700,1001,1060
343701,1005,1065
343702,1005,1062
343703,1006,1063
343704,1003,1059
343705,1002,1061
343706,1001,1062
343707,1002,1066
343708,1005,1064
343709,1006,1064
343710,1003,1060
343711,1001,1061
343712,1005,1064
343713,1007,1069
343714,1007,1065
343715,1004,1063
343716,1002,1060
343717,1001,1061
343718,1003,1064
343719,1004,1065
343720,1006,1066
343721,1005,1063
343722,1001,1061
343723,997,1061
343724,997,1065
343725,999,1068
343726,1002,1065
343727,1001,1062
343728,997,1059
343729,994,1058
343730,997,1060
343731,997,1064
343732,999,1062
343733,999,1057
343734,995,1056
343735,994,1055
343736,995,1060
343737,997,1064
343738,1001,1065
343739,999,1061
343740,996,1057
343741,997,1060
343742,998,1065
343743,999,1067
343744,999,1062
343745,999,1062
343746,998,1057
343747,996,1061
343748,996,1062
343749,999,1064
343750,1001,1064
343751,997,1061
343752,996,1059
343753,997,1062
343754,997,1066
343755,1003,1065
343756,1000,1064
343757,999,1061
343758,999,1060
343759,998,1061
343760,999,1063
343761,1002,1067
343762,1002,1063
343763,999,1061
343764,996,1059
343765,995,1062
343766,998,1065
343767,1000,1069
343768,1001,1067
343769,999,1061
343770,996,1060
343771,998,1063
343772,997,1063
343773,999,1069
343774,1001,1067
343775,1000,1064
343776,997,1062
343777,995,1063
343778,998,1065
343779,1001,1067
343780,1002,1067
343781,999,1064
343782,998,1063
343783,996,1064
343784,997,1066
343785,1001,1069
343786,1003,1069
343787,1002,1066
343788,1000,1063
343789,995,1061
343790,1001,1066
343791,1004,1067
343792,1005,1065
343793,1004,1064
343794,1002,1062
343795,1002,1063
343796,1002,1067
343797,1004,1070
343798,1004,1068
343799,1003,1064
343800,1002,1062
343801,1000,1062
343802,1003,1064
343803,1004,1068
343804,1007,1065
343805,1003,1061
343806,1002,1059
343807,1003,1061
343808,1007,1063
343809,1010,1066
343810,1011,1064
343811,1012,1061
343812,1010,1061
343813,1010,1060
343814,1015,1060
343815,1020,1059
343816,1026,1056
343817,1032,1048
343818,1041,1045
343819,1051,1044
343820,1069,1046
343821,1091,1044
343822,1114,1042
343823,1141,1034
343824,1168,1020
343825,1195,1014
343826,1224,1014
343827,1250,1027
343828,1261,1046
343829,1253,1063
343830,1224,1074
343831,1180,1080
343832,1141,1086
343833,1102,1092
343834,1063,1098
343835,1034,1095
343836,1020,1092
343837,1016,1087
343838,1018,1081
343839,1021,1075
343840,1018,1069
343841,1012,1065
343842,1004,1062
343843,999,1060
343844,998,1066
343845,998,1067
343846,998,1066
343847,994,1066
343848,990,1063
343849,986,1064
343850,988,1066
343851,990,1068
343852,988,1066
343853,984,1063
343854,981,1061
343855,980,1062
343856,980,1064
343857,981,1066
343858,980,1066
343859,977,1063
343860,974,1059
343861,974,1061
343862,974,1065
343863,978,1067
343864,979,1066
343865,978,1062
343866,976,1058
343867,975,1061
343868,975,1063
343869,977,1063
343870,977,1062
343871,976,1057
343872,975,1058
343873,970,1060
343874,975,1061
343875,977,1067
343876,977,1063
343877,975,1058
343878,974,1058
343879,973,1061
343880,977,1062
343881,980,1064
343882,980,1061
343883,979,1055
343884,979,1054
343885,976,1055
343886,979,1057
343887,984,1057
343888,985,1054
343889,982,1050
343890,981,1045
343891,982,1046
343892,984,1047
343893,987,1049
343894,988,1046
343895,989,1045
343896,989,1039
343897,986,1042
343898,990,1041
343899,994,1044
343900,994,1041
343901,994,1038
343902,992,1032
343903,994,1034
343904,994,1032
343905,997,1037
343906,999,1037
343907,998,1031
343908,996,1028
343909,997,1030
343910,999,1031
343911,1005,1031
343912,1009,1029
343913,1008,1025
343914,1007,1022
343915,1009,1021
343916,1009,1025
343917,1011,1026
343918,1014,1026
343919,1014,1026
343920,1013,1024
343921,1013,1024
343922,1016,1029
343923,1020,1033
343924,1020,1029
343925,1020,1028
343926,1019,1028
343927,1016,1034
343928,1018,1038
343929,1021,1043
343930,1023,1041
343931,1021,1040
343932,1017,1040
343933,1015,1041
343934,1015,1048
343935,1016,1052
343936,1012,1050
343937,1012,1051
343938,1007,1050
343939,1005,1050
343940,1006,1056
343941,1003,1057
343942,1002,1057
343943,1001,1056
343944,996,1053
343945,995,1055
343946,992,1057
343947,996,1061
343948,996,1060
343949,994,1059
343950,991,1059
343951,993,1059
343952,994,1061
343953,995,1064
343954,998,1062
343955,994,1061
343956,991,1059
343957,987,1060
343958,993,1063
343959,1000,1065
343960,997,1065
343961,997,1064
343962,997,1059
343963,995,1063
343964,997,1063
343965,1001,1066
343966,1000,1065
343967,999,1061
343968,998,1060
343969,997,1060
343970,998,1062
343971,1002,1065
343972,1002,1064
343973,1002,1063
343974,1000,1061
343975,997,1060
343976,1001,1062
343977,1002,1066
343978,1004,1064
343979,1004,1062
343980,1001,1062
343981,1002,1060
343982,1005,1061
343983,1007,1065
343984,1006,1061
343985,1006,1057
343986,1002,1054
343987,1000,1055
343988,1003,1058
343989,1005,1059
343990,1007,1053
343991,1002,1052
343992,1001,1048
343993,1001,1050
343994,1000,1050
343995,1003,1051
343996,1004,1049
343997,1004,1046
343998,999,1046
343999,999,1048
344000,999,1051
344001,1004,1057
344002,1003,1056
344003,1000,1052
344004,998,1049
344005,997,1053
344006,1000,1056
344007,1001,1059
344008,1001,1059
344009,994,1054
344010,995,1051
344011,997,1053
344012,997,1055
344013,998,1057
344014,999,1057
344015,993,1056
344016,990,1054
344017,991,1056
344018,990,1060
344019,995,1060
344020,996,1060
344021,992,1060
344022,987,1058
344023,986,1059
344024,988,1063
344025,990,1065
344026,993,1065
344027,992,1063
344028,991,1059
344029,989,1059
344030,992,1063
344031,994,1064
344032,994,1060
344033,991,1056
344034,989,1054
344035,988,1054
344036,989,1057
344037,992,1058
344038,995,1054
344039,986,1055
344040,987,1053
344041,986,1054
344042,988,1055
344043,992,1055
344044,990,1054
344045,990,1051
344046,986,1048
344047,987,1052
344048,989,1053
344049,992,1055
344050,995,1055
344051,994,1051
344052,989,1050
344053,988,1049
344054,990,1053
344055,990,1055
344056,989,1056
344057,987,1049
344058,985,1049
344059,988,1052
344060,989,1055
344061,989,1057
344062,992,1057
344063,986,1053
344064,985,1051
344065,981,1054
344066,988,1057
344067,993,1060
344068,994,1060
344069,994,1056
344070,991,1056
344071,990,1052
344072,998,1051
344073,1012,1049
344074,1021,1045
344075,1036,1041
344076,1049,1040
344077,1072,1040
344078,1103,1037
344079,1137,1030
344080,1176,1017
344081,1218,1010
344082,1257,1013
344083,1287,1023
344084,1310,1044
344085,1304,1068
344086,1276,1081
344087,1225,1080
344088,1164,1080
344089,1100,1088
344090,1044,1102
344091,999,1113
344092,968,1116
344093,961,1114
344094,967,1105
344095,974,1091
344096,982,1083
344097,991,1073
344098,992,1065
344099,987,1058
344100,984,1055
344101,982,1053
344102,981,1051
344103,981,1054
344104,979,1053
344105,975,1048
344106,972,1047
344107,971,1048
344108,971,1049
344109,973,1051
344110,970,1052
344111,971,1049
344112,963,1046
344113,964,1049
344114,967,1052
344115,971,1056
344116,972,1053
344117,968,1053
344118,966,1049
344119,966,1052
344120,966,1055
344121,971,1058
344122,971,1055
344123,969,1053
344124,968,1052
344125,967,1053
344126,971,1056
344127,975,1058
344128,977,1059
344129,975,1054
344130,973,1052
344131,972,1053
344132,976,1056
344133,979,1059
344134,981,1056
344135,979,1052
344136,977,1048
344137,976,1053
344138,978,1055
344139,979,1053
344140,981,1051
344141,982,1048
344142,975,1041
344143,977,1041
344144,979,1044
344145,981,1048
344146,982,1042
344147,979,1039
344148,977,1035
344149,977,1035
344150,981,1036
344151,983,1036
344152,983,1034
344153,981,1028
344154,979,1026
344155,979,1026
344156,981,1026
344157,988,1027
344158,989,1021
344159,987,1021
344160,985,1016
344161,983,1018
344162,986,1019
344163,988,1021
344164,994,1019
344165,996,1013
344166,994,1013
344167,995,1012
344168,1000,1011
344169,1004,1013
344170,1005,1014
344171,1005,1011
344172,1000,1008
344173,1002,1009
344174,1005,1008
344175,1009,1013
344176,1014,1011
344177,1012,1009
344178,1009,1006
344179,1008,1008
344180,1010,1013
344181,1016,1017
344182,1016,1018
344183,1014,1017
344184,1014,1016
344185,1011,1015
344186,1014,1019
344187,1019,1026
344188,1020,1028
344189,1018,1031
344190,1016,1034
344191,1018,1038
344192,1020,1039
344193,1017,1043
344194,1011,1038
344195,1011,1032
344196,1011,1028
344197,1008,1030
344198,1005,1034
344199,1008,1039
344200,1006,1039
344201,1003,1040
344202,1000,1038
344203,996,1040
344204,996,1046
344205,997,1048
344206,996,1050
344207,996,1049
344208,993,1047
344209,994,1051
344210,995,1053
344211,997,1057
344212,998,1056
344213,998,1055
344214,996,1053
344215,996,1053
344216,996,1058
344217,1000,1060
344218,998,1057
344219,999,1058
344220,1000,1053
344221,999,1055
344222,1003,1057
344223,1007,1059
344224,1010,1057
344225,1010,1054
344226,1013,1051
344227,1017,1056
344228,1022,1060
344229,1025,1063
344230,1028,1064
344231,1028,1063
344232,1027,1067
344233,1030,1068
344234,1042,1072
344235,1059,1070
344236,1072,1057
344237,1084,1040
344238,1091,1022
344239,1108,1009
344240,1125,997
344241,1143,983
344242,1159,966
344243,1175,945
344244,1193,922
344245,1211,897
344246,1237,871
344247,1263,851
344248,1281,834
344249,1289,819
344250,1285,810
344251,1283,810
344252,1280,812
344253,1282,815
344254,1277,811
344255,1264,807
344256,1247,803
344257,1229,808
344258,1215,814
344259,1193,822
344260,1166,833
344261,1138,841
344262,1113,852
344263,1097,871
344264,1085,889
344265,1081,910
344266,1081,924
344267,1079,940
344268,1074,951
344269,1071,964
344270,1072,976
344271,1080,985
344272,1091,994
344273,1101,1002
344274,1113,1007
344275,1115,1008
344276,1096,1013
344277,1067,1020
344278,1023,1032
344279,978,1038
344280,951,1051
344281,933,1072
344282,928,1090
344283,927,1108
344284,925,1119
344285,922,1116
344286,916,1114
344287,916,1116
344288,915,1121
344289,913,1121
344290,908,1118
344291,903,1113
344292,896,1109
344293,895,1108
344294,896,1109
344295,894,1107
344296,894,1107
344297,889,1106
344298,882,1110
344299,880,1113
344300,878,1118
344301,878,1124
344302,879,1125
344303,877,1126
344304,871,1124
344305,869,1131
344306,871,1138
344307,874,1142
344308,872,1140
344309,871,1143
344310,868,1144
344311,866,1151
344312,863,1155
344313,866,1159
344314,868,1166
344315,865,1168
344316,864,1176
344317,862,1184
344318,861,1186
344319,860,1188
344320,858,1191
344321,854,1189
344322,856,1193
344323,855,1202
344324,861,1214
344325,864,1215
344326,866,1213
344327,864,1205
344328,862,1201
344329,862,1202
344330,865,1206
344331,869,1211
344332,872,1212
344333,872,1210
344334,875,1205
344335,880,1195
344336,883,1187
344337,889,1177
344338,891,1165
344339,892,1156
344340,897,1153
344341,901,1154
344342,903,1156
344343,909,1158
344344,916,1153
344345,918,1148
344346,921,1143
344347,922,1139
344348,926,1139
344349,935,1135
344350,942,1126
344351,944,1117
344352,943,1108
344353,945,1104
344354,948,1106
344355,958,1102
344356,960,1100
344357,959,1093
344358,957,1088
344359,955,1087
344360,960,1085
344361,964,1088
344362,966,1085
344363,963,1085
344364,961,1081
344365,963,1078
344366,965,1077
344367,969,1074
344368,972,1070
344369,972,1066
344370,970,1061
344371,972,1058
344372,970,1065
344373,969,1071
344374,969,1078
344375,971,1085
344376,968,1083
344377,969,1069
344378,975,1051
344379,976,1036
344380,974,1033
344381,973,1030
344382,976,1036
344383,977,1040
344384,976,1047
344385,980,1052
344386,982,1048
344387,978,1049
344388,973,1048
344389,974,1051
344390,976,1053
344391,979,1052
344392,980,1051
344393,982,1044
344394,982,1039
344395,982,1039
344396,983,1039
344397,982,1044
344398,984,1049
344399,979,1052
344400,978,1058
344401,978,1065
344402,978,1067
344403,985,1063
344404,983,1054
344405,983,1044
344406,977,1040
344407,977,1046
344408,975,1052
344409,979,1056
344410,979,1051
344411,978,1047
344412,978,1038
344413,975,1033
344414,977,1033
344415,978,1044
344416,976,1059
344417,974,1061
344418,972,1055
344419,974,1041
344420,977,1029
344421,983,1027
344422,984,1030
344423,982,1033
344424,978,1039
344425,974,1046
344426,974,1054
344427,977,1058
344428,981,1056
344429,980,1048
344430,978,1043
344431,977,1042
344432,983,1043
344433,985,1048
344434,988,1050
344435,986,1050
344436,983,1051
344437,983,1057
344438,981,1069
344439,986,1084
344440,986,1087
344441,987,1080
344442,986,1068
344443,988,1057
344444,988,1058
344445,992,1057
344446,994,1055
344447,996,1051
344448,995,1050
344449,995,1052
344450,998,1059
344451,999,1064
344452,1000,1055
344453,1000,1037
344454,995,1024
344455,995,1023
344456,996,1028
344457,999,1031
344458,999,1035
344459,995,1037
344460,993,1035
344461,992,1043
344462,995,1039
344463,998,1039
344464,995,1038
344465,992,1039
344466,988,1043
344467,989,1049
344468,991,1052
344469,994,1048
344470,994,1042
344471,992,1042
344472,988,1047
344473,988,1058
344474,990,1072
344475,992,1075
344476,990,1065
344477,987,1053
344478,985,1041
344479,988,1039
344480,993,1046
344481,993,1052
344482,996,1056
344483,998,1059
344484,999,1053
344485,999,1050
344486,999,1049
344487,1001,1052
344488,1001,1048
344489,998,1042
344490,998,1033
344491,1002,1026
344492,1005,1026
344493,1010,1033
344494,1008,1037
344495,1005,1039
344496,1002,1042
344497,1002,1047
344498,1003,1049
344499,1006,1053
344500,1009,1053
344501,1007,1050
344502,1005,1048
344503,1006,1054
344504,1008,1063
344505,1011,1073
344506,1010,1076
344507,1008,1067
344508,1008,1046
344509,1011,1030
344510,1019,1025
344511,1031,1028
344512,1041,1031
344513,1049,1035
344514,1064,1043
344515,1089,1046
344516,1121,1040
344517,1155,1025
344518,1188,1008
344519,1228,1004
344520,1261,1008
344521,1292,1026
344522,1314,1047
344523,1315,1066
344524,1292,1074
344525,1249,1072
344526,1190,1065
344527,1125,1065
344528,1065,1075
344529,1011,1089
344530,977,1090
344531,964,1094
344532,967,1092
344533,980,1081
344534,992,1072
344535,999,1063
344536,1001,1055
344537,1004,1050
344538,996,1046
344539,991,1048
344540,992,1050
344541,995,1051
344542,996,1048
344543,993,1043
344544,990,1041
344545,991,1041
344546,995,1047
344547,992,1046
344548,988,1043
344549,986,1040
344550,987,1039
344551,986,1039
344552,989,1044
344553,993,1046
344554,994,1047
344555,990,1044
344556,985,1042
344557,980,1044
344558,982,1049
344559,987,1051
344560,988,1048
344561,984,1047
344562,980,1043
344563,976,1046
344564,981,1046
344565,985,1050
344566,985,1048
344567,980,1049
344568,976,1049
344569,972,1049
344570,973,1048
344571,975,1044
344572,976,1036
344573,972,1033
344574,970,1033
344575,972,1036
344576,973,1035
344577,977,1039
344578,974,1039
344579,970,1034
344580,965,1031
344581,967,1030
344582,967,1037
344583,972,1040
344584,975,1038
344585,973,1036
344586,971,1034
344587,968,1035
344588,970,1036
344589,973,1037
344590,975,1036
344591,977,1034
344592,974,1031
344593,972,1031
344594,976,1035
344595,978,1033
344596,983,1031
344597,984,1028
344598,980,1025
344599,982,1028
344600,980,1029
344601,985,1030
344602,988,1025
344603,988,1021
344604,987,1021
344605,987,1018
344606,992,1019
344607,995,1016
344608,995,1015
344609,996,1011
344610,999,1007
344611,998,1007
344612,999,1012
344613,998,1015
344614,1002,1016
344615,1000,1012
344616,999,1007
344617,1001,1005
344618,1002,1000
344619,1004,999
344620,1004,999
344621,1005,996
344622,1005,995
344623,1006,998
344624,1010,1000
344625,1016,1001
344626,1016,998
344627,1014,997
344628,1012,999
344629,1015,1001
344630,1016,1006
344631,1019,1012
344632,1020,1016
344633,1015,1013
344634,1010,1011
344635,1011,1014
344636,1013,1018
344637,1017,1023
344638,1014,1028
344639,1014,1031
344640,1010,1035
344641,1005,1043
344642,1004,1054
344643,1004,1063
344644,1009,1062
344645,1009,1051
344646,1006,1041
344647,1007,1040
344648,1007,1044
344649,1005,1046
344650,1006,1049
344651,1006,1047
344652,998,1048
344653,997,1053
344654,1000,1058
344655,1005,1063
344656,1007,1063
344657,1002,1059
344658,999,1054
344659,996,1053
344660,997,1055
344661,996,1058
344662,997,1057
344663,995,1054
344664,991,1051
344665,986,1053
344666,990,1054
344667,995,1054
344668,992,1051
344669,990,1051
344670,989,1049
344671,987,1052
344672,992,1051
344673,992,1046
344674,998,1043
344675,997,1044
344676,994,1044
344677,990,1048
344678,992,1052
344679,994,1054
344680,999,1048
344681,996,1043
344682,989,1040
344683,985,1044
344684,986,1050
344685,995,1054
344686,998,1048
344687,995,1044
344688,993,1043
344689,993,1052
344690,998,1059
344691,1004,1061
344692,1004,1052
344693,997,1042
344694,988,1041
344695,992,1047
344696,993,1055
344697,999,1060
344698,1002,1060
344699,1001,1056
344700,1000,1050
344701,1002,1047
344702,1002,1047
344703,1002,1046
344704,1003,1048
344705,1003,1047
344706,998,1045
344707,995,1044
344708,996,1045
344709,1001,1044
344710,1002,1042
344711,1000,1040
344712,995,1039
344713,988,1039
344714,992,1045
344715,997,1049
344716,995,1049
344717,993,1047
344718,993,1046
344719,993,1046
344720,997,1047
344721,996,1050
344722,994,1049
344723,993,1046
344724,993,1043
344725,991,1046
344726,993,1047
344727,992,1051
344728,993,1050
344729,993,1049
344730,989,1043
344731,997,1041
344732,1003,1043
344733,1010,1043
344734,1015,1042
344735,1026,1039
344736,1043,1035
344737,1072,1035
344738,1109,1036
344739,1151,1031
344740,1191,1021
344741,1233,1018
344742,1271,1025
344743,1304,1046
344744,1315,1072
344745,1301,1087
344746,1258,1088
344747,1195,1083
344748,1126,1080
344749,1057,1091
344750,1002,1106
344751,962,1116
344752,949,1120
344753,953,1118
344754,963,1107
344755,971,1095
344756,981,1086
344757,989,1081
344758,991,1071
344759,988,1063
344760,981,1061
344761,976,1059
344762,977,1061
344763,977,1058
344764,975,1052
344765,971,1048
344766,968,1049
344767,962,1049
344768,971,1052
344769,974,1055
344770,972,1055
344771,974,1050
344772,969,1046
344773,969,1046
344774,966,1049
344775,971,1049
344776,970,1051
344777,969,1047
344778,966,1046
344779,966,1044
344780,965,1045
344781,967,1046
344782,964,1043
344783,961,1042
344784,959,1043
344785,956,1047
344786,959,1052
344787,963,1052
344788,965,1047
344789,963,1041
344790,960,1043
344791,961,1045
344792,963,1046
344793,966,1048
344794,965,1045
344795,964,1048
344796,962,1050
344797,964,1054
344798,969,1053
344799,971,1049
344800,969,1039
344801,970,1033
344802,966,1034
344803,965,1031
344804,969,1031
344805,969,1030
344806,971,1028
344807,968,1024
344808,966,1022
344809,965,1024
344810,967,1027
344811,970,1030
344812,972,1029
344813,973,1027
344814,969,1026
344815,970,1025
344816,976,1028
344817,981,1026
344818,983,1028
344819,987,1028
344820,984,1027
344821,983,1021
344822,983,1012
344823,989,1006
344824,991,1004
344825,989,1005
344826,989,1001
344827,987,1004
344828,992,1007
344829,995,1005
344830,996,1005
344831,993,1003
344832,993,1001
344833,992,1006
344834,994,1009
344835,997,1013
344836,997,1013
344837,994,1013
344838,992,1011
344839,996,1010
344840,997,1011
344841,1001,1016
344842,1000,1016
344843,1002,1011
344844,1003,1012
344845,1000,1015
344846,998,1018
344847,999,1021
344848,1001,1026
344849,999,1025
344850,998,1027
344851,1000,1030
344852,1001,1033
344853,1003,1042
344854,997,1046
344855,994,1049
344856,989,1051
344857,985,1054
344858,985,1052
344859,984,1046
344860,981,1036
344861,979,1032
344862,978,1036
344863,980,1045
344864,985,1053
344865,983,1055
344866,982,1052
344867,981,1045
344868,980,1045
344869,981,1051
344870,983,1054
344871,986,1059
344872,987,1059
344873,986,1053
344874,986,1052
344875,982,1054
344876,983,1061
344877,986,1064
344878,985,1064
344879,984,1060
344880,985,1061
344881,985,1064
344882,986,1070
344883,985,1070
344884,982,1063
344885,980,1057
344886,977,1052
344887,975,1051
344888,981,1052
344889,985,1057
344890,989,1056
344891,986,1054
344892,984,1054
344893,982,1057
344894,984,1065
344895,984,1068
344896,988,1068
344897,986,1061
344898,984,1059
344899,986,1060
344900,988,1058
344901,991,1060
344902,991,1057
344903,989,1055
344904,989,1055
344905,988,1062
344906,989,1068
344907,993,1071
344908,997,1074
344909,994,1070
344910,993,1062
344911,994,1057
344912,1001,1059
344913,1006,1057
344914,1006,1059
344915,1000,1058
344916,993,1057
344917,992,1059
344918,995,1059
344919,998,1061
344920,1000,1063
344921,997,1062
344922,996,1064
344923,997,1062
344924,993,1060
344925,992,1058
344926,992,1057
344927,990,1051
344928,986,1051
344929,990,1052
344930,990,1052
344931,994,1055
344932,995,1053
344933,993,1053
344934,992,1053
344935,988,1055
344936,991,1062
344937,991,1066
344938,990,1066
344939,987,1063
344940,989,1059
344941,991,1057
344942,993,1059
344943,995,1060
344944,993,1060
344945,991,1060
344946,989,1060
344947,987,1064
344948,993,1067
344949,996,1067
344950,998,1060
344951,995,1051
344952,998,1047
344953,1003,1050
344954,1016,1052
344955,1028,1053
344956,1042,1045
344957,1055,1039
344958,1075,1037
344959,1105,1037
344960,1139,1035
344961,1180,1033
344962,1224,1031
344963,1264,1030
344964,1300,1040
344965,1317,1061
344966,1311,1078
344967,1278,1084
344968,1218,1079
344969,1151,1080
344970,1086,1085
344971,1025,1096
344972,976,1106
344973,957,1110
344974,963,1110
344975,972,1103
344976,977,1090
344977,981,1085
344978,986,1078
344979,987,1073
344980,987,1067
344981,982,1063
344982,978,1060
344983,976,1060
344984,975,1063
344985,973,1066
344986,972,1063
344987,969,1060
344988,966,1058
344989,963,1060
344990,966,1061
344991,972,1060
344992,971,1058
344993,969,1053
344994,966,1055
344995,963,1056
344996,966,1058
344997,970,1060
344998,965,1055
344999,965,1052
345000,964,1052
345001,965,1058
345002,971,1062
345003,974,1064
345004,968,1060
345005,963,1053
345006,963,1053
345007,962,1056
345008,965,1062
345009,967,1070
345010,970,1072
345011,972,1070
345012,973,1058
345013,975,1053
345014,978,1048
345015,978,1048
345016,976,1045
345017,971,1046
345018,973,1047
345019,975,1052
345020,980,1052
345021,984,1049
345022,983,1040
345023,979,1033
345024,975,1033
345025,977,1031
345026,978,1035
345027,982,1037
345028,979,1037
345029,977,1037
345030,977,1034
345031,976,1034
345032,979,1038
345033,977,1039
345034,974,1037
345035,976,1035
345036,975,1032
345037,975,1031
345038,974,1030
345039,984,1033
345040,982,1030
345041,982,1029
345042,980,1027
345043,980,1027
345044,985,1028
345045,987,1031
345046,989,1025
345047,986,1024
345048,985,1019
345049,985,1018
345050,987,1021
345051,993,1020
345052,994,1017
345053,996,1017
345054,995,1014
345055,996,1016
345056,1001,1017
345057,1003,1021
345058,1006,1019
345059,1005,1014
345060,1003,1013
345061,999,1013
345062,1005,1017
345063,1008,1018
345064,1007,1016
345065,1006,1017
345066,1004,1018
345067,1005,1023
345068,1010,1028
345069,1013,1030
345070,1012,1026
345071,1009,1026
345072,1007,1028
345073,1005,1035
345074,1007,1038
345075,1008,1043
345076,1005,1045
345077,1000,1041
345078,995,1045
345079,995,1045
345080,1000,1048
345081,999,1048
345082,998,1047
345083,995,1047
345084,991,1051
345085,990,1053
345086,991,1059
345087,991,1061
345088,989,1062
345089,986,1060
345090,985,1058
345091,983,1063
345092,986,1065
345093,989,1066
345094,988,1067
345095,987,1064
345096,980,1062
345097,981,1060
345098,986,1062
345099,990,1065
345100,991,1060
345101,989,1060
345102,988,1058
345103,986,1059
345104,990,1063
345105,993,1063
345106,994,1059
345107,992,1058
345108,989,1055
345109,992,1056
345110,992,1058
345111,997,1058
345112,994,1056
345113,994,1053
345114,990,1053
345115,993,1053
345116,998,1056
345117,1000,1057
345118,1003,1055
345119,1003,1054
345120,1001,1052
345121,1006,1055
345122,1010,1059
345123,1019,1061
345124,1023,1060
345125,1022,1059
345126,1024,1059
345127,1027,1066
345128,1029,1071
345129,1037,1074
345130,1044,1071
345131,1051,1065
345132,1059,1057
345133,1073,1048
345134,1090,1038
345135,1102,1027
345136,1116,1010
345137,1125,997
345138,1139,983
345139,1153,972
345140,1171,961
345141,1192,945
345142,1205,921
345143,1219,901
345144,1228,884
345145,1240,875
345146,1253,867
345147,1263,856
345148,1263,850
345149,1261,844
345150,1260,845
345151,1259,846
345152,1260,850
345153,1256,848
345154,1245,849
345155,1229,849
345156,1214,851
345157,1199,859
345158,1185,867
345159,1169,876
345160,1148,883
345161,1128,889
345162,1111,899
345163,1102,912
345164,1096,925
345165,1093,939
345166,1088,948
345167,1081,956
345168,1077,965
345169,1072,976
345170,1077,988
345171,1083,999
345172,1092,1005
345173,1096,1009
345174,1103,1010
345175,1106,1014
345176,1090,1019
345177,1061,1027
345178,1015,1031
345179,976,1036
345180,951,1047
345181,937,1058
345182,932,1073
345183,929,1088
345184,925,1091
345185,918,1091
345186,914,1093
345187,908,1096
345188,906,1099
345189,907,1105
345190,903,1105
345191,901,1105
345192,897,1107
345193,891,1109
345194,889,1114
345195,891,1111
345196,890,1116
345197,888,1111
345198,886,1113
345199,881,1117
345200,882,1119
345201,883,1123
345202,880,1122
345203,874,1118
345204,871,1119
345205,869,1124
345206,870,1131
345207,871,1136
345208,868,1137
345209,867,1139
345210,860,1142
345211,861,1147
345212,864,1154
345213,864,1156
345214,861,1158
345215,857,1159
345216,855,1161
345217,854,1164
345218,853,1169
345219,857,1174
345220,854,1173
345221,849,1175
345222,842,1176
345223,844,1183
345224,845,1185
345225,848,1188
345226,847,1189
345227,844,1188
345228,838,1192
345229,840,1194
345230,842,1197
345231,846,1199
345232,847,1197
345233,846,1197
345234,846,1195
345235,850,1199
345236,853,1202
345237,859,1202
345238,861,1197
345239,862,1193
345240,861,1192
345241,864,1193
345242,870,1190
345243,877,1186
345244,882,1183
345245,884,1178
345246,886,1171
345247,892,1170
345248,899,1165
345249,907,1160
345250,910,1154
345251,912,1149
345252,913,1143
345253,919,1139
345254,928,1139
345255,932,1136
345256,935,1130
345257,934,1123
345258,938,1115
345259,939,1117
345260,946,1113
345261,954,1111
345262,956,1105
345263,955,1098
345264,954,1095
345265,955,1096
345266,956,1093
345267,961,1093
345268,963,1086
345269,960,1080
345270,961,1077
345271,961,1076
345272,966,1075
345273,969,1075
345274,965,1074
345275,965,1073
345276,963,1067
345277,962,1068
345278,966,1068
345279,969,1070
345280,969,1067
345281,969,1064
345282,967,1062
345283,965,1062
345284,965,1062
345285,970,1063
345286,972,1061
345287,969,1058
345288,967,1053
345289,964,1057
345290,971,1057
345291,973,1058
345292,972,1051
345293,968,1049
345294,965,1047
345295,966,1050
345296,969,1052
345297,973,1054
345298,975,1051
345299,972,1047
345300,970,1046
345301,969,1050
345302,971,1050
345303,979,1048
345304,975,1047
345305,972,1043
345306,970,1046
345307,973,1047
345308,976,1049
345309,979,1046
345310,979,1045
345311,978,1041
345312,976,1042
345313,976,1043
345314,981,1046
345315,984,1049
345316,986,1045
345317,982,1040
345318,980,1038
345319,977,1041
345320,981,1043
345321,989,1043
345322,988,1043
345323,988,1042
345324,985,1039
345325,983,1041
345326,987,1042
345327,988,1041
345328,987,1041
345329,983,1036
345330,984,1037
345331,986,1041
345332,987,1043
345333,990,1044
345334,989,1041
345335,985,1040
345336,980,1038
345337,980,1041
345338,982,1042
345339,985,1045
345340,986,1043
345341,984,1041
345342,982,1039
345343,979,1041
345344,984,1042
345345,985,1044
345346,985,1041
345347,984,1039
345348,979,1040
345349,982,1040
345350,981,1042
345351,985,1045
345352,987,1043
345353,985,1041
345354,982,1041
345355,982,1044
345356,983,1045
345357,985,1043
345358,988,1043
345359,986,1040
345360,983,1039
345361,981,1041
345362,983,1042
345363,986,1042
345364,986,1039
345365,982,1039
345366,979,1039
345367,980,1042
345368,983,1042
345369,986,1042
345370,986,1039
345371,983,1035
345372,985,1039
345373,985,1038
345374,987,1040
345375,991,1041
345376,988,1038
345377,988,1038
345378,986,1034
345379,988,1036
345380,989,1039
345381,990,1039
345382,990,1037
345383,988,1036
345384,985,1034
345385,983,1037
345386,988,1041
345387,991,1039
345388,992,1037
345389,989,1036
345390,985,1035
345391,982,1038
345392,985,1038
345393,988,1041
345394,988,1038
345395,987,1037
345396,985,1034
345397,983,1037
345398,985,1043
345399,989,1045
345400,989,1041
345401,985,1039
345402,982,1037
345403,984,1039
345404,988,1041
345405,995,1042
345406,994,1040
345407,991,1038
345408,992,1037
345409,992,1037
345410,996,1042
345411,999,1042
345412,997,1037
345413,995,1035
345414,992,1036
345415,995,1040
345416,993,1042
345417,998,1040
345418,996,1040
345419,992,1036
345420,993,1037
345421,991,1039
345422,994,1043
345423,994,1043
345424,992,1037
345425,992,1035
345426,990,1033
345427,992,1034
345428,994,1037
345429,1000,1037
345430,998,1033
345431,998,1033
345432,992,1031
345433,997,1028
345434,1004,1028
345435,1014,1027
345436,1026,1023
345437,1036,1022
345438,1051,1017
345439,1077,1018
345440,1105,1020
345441,1141,1017
345442,1176,1011
345443,1210,1001
345444,1246,1001
345445,1287,1008
345446,1319,1019
345447,1331,1035
345448,1312,1047
345449,1268,1053
345450,1207,1056
345451,1146,1063
345452,1092,1069
345453,1047,1072
345454,1008,1072
345455,987,1067
345456,981,1064
345457,991,1060
345458,1000,1056
345459,1008,1051
345460,1006,1045
345461,995,1039
345462,992,1039
345463,988,1039
345464,990,1040
345465,987,1038
345466,985,1036
345467,985,1034
345468,977,1034
345469,976,1036
345470,977,1035
345471,981,1037
345472,978,1035
345473,974,1033
345474,971,1032
345475,967,1035
345476,969,1038
345477,972,1037
345478,973,1034
345479,966,1031
345480,968,1032
345481,967,1035
345482,969,1037
345483,973,1036
345484,971,1036
345485,966,1034
345486,967,1035
345487,967,1035
345488,971,1036
345489,972,1037
345490,973,1036
345491,972,1035
345492,971,1034
345493,969,1037
345494,971,1038
345495,974,1040
345496,974,1037
345497,973,1034
345498,972,1033
345499,968,1037
345500,974,1038
345501,977,1037
345502,975,1035
345503,975,1031
345504,972,1029
345505,971,1033
345506,978,1036
345507,980,1035
345508,978,1029
345509,975,1029
345510,973,1029
345511,972,1029
345512,977,1031
345513,979,1031
345514,979,1027
345515,976,1021
345516,979,1022
345517,983,1021
345518,984,1022
345519,987,1021
345520,986,1018
345521,985,1012
345522,984,1010
345523,985,1010
345524,989,1010
345525,994,1006
345526,995,1003
345527,990,1000
345528,991,1000
345529,991,1000
345530,995,1001
345531,998,1000
345532,1001,995
345533,994,991
345534,996,990
345535,997,992
345536,1000,995
345537,1005,995
345538,1008,991
345539,1004,990
345540,1006,990
345541,1005,992
345542,1007,995
345543,1012,996
345544,1013,996
345545,1012,993
345546,1014,995
345547,1018,998
345548,1020,1001
345549,1020,1003
345550,1019,1003
345551,1020,1002
345552,1020,1002
345553,1018,1006
345554,1023,1011
345555,1023,1012
345556,1021,1010
345557,1015,1010
345558,1009,1011
345559,1008,1014
345560,1014,1019
345561,1013,1024
345562,1010,1022
345563,1006,1023
345564,1002,1025
345565,1005,1026
345566,1006,1032
345567,1006,1035
345568,1005,1032
345569,1002,1032
345570,998,1031
345571,999,1034
345572,1004,1036
345573,1005,1039
345574,998,1034
345575,994,1034
345576,996,1036
345577,997,1035
345578,999,1042
345579,1002,1039
345580,1000,1038
345581,998,1036
345582,993,1034
345583,990,1037
345584,994,1038
345585,993,1039
345586,991,1037
345587,993,1035
345588,989,1035
345589,990,1036
345590,994,1038
345591,998,1040
345592,1000,1036
345593,996,1037
345594,989,1036
345595,989,1039
345596,989,1042
345597,990,1040
345598,995,1037
345599,992,1036
345600,990,1034
345601,988,1037
345602,990,1039
345603,991,1039
345604,992,1036
345605,991,1033
345606,990,1032
345607,991,1032
345608,992,1036
345609,1000,1035
345610,998,1031
345611,994,1027
345612,992,1025
345613,995,1027
345614,995,1031
345615,1002,1030
345616,1000,1027
345617,998,1026
345618,995,1021
345619,996,1022
345620,999,1028
345621,1003,1029
345622,1000,1026
345623,996,1024
345624,996,1024
345625,996,1028
345626,995,1028
345627,1002,1027
345628,1003,1027
345629,997,1022
345630,992,1023
345631,991,1025
345632,994,1029
345633,997,1028
345634,1000,1028
345635,997,1024
345636,993,1024
345637,990,1028
345638,992,1028
345639,991,1030
345640,989,1025
345641,990,1023
345642,986,1023
345643,986,1026
345644,984,1029
345645,991,1029
345646,992,1030
345647,991,1026
345648,989,1026
345649,989,1028
345650,990,1032
345651,991,1035
345652,991,1029
345653,990,1029
345654,987,1029
345655,988,1032
345656,988,1037
345657,996,1038
345658,994,1034
345659,991,1032
345660,988,1027
345661,990,1032
345662,994,1033
345663,993,1034
345664,987,1029
345665,986,1028
345666,986,1027
345667,987,1030
345668,994,1031
345669,996,1031
345670,991,1030
345671,991,1029
345672,992,1030
345673,994,1029
345674,995,1031
345675,996,1032
345676,995,1028
345677,993,1023
345678,993,1023
345679,991,1025
345680,995,1026
345681,1003,1024
345682,1012,1018
345683,1019,1010
345684,1030,1008
345685,1048,1007
345686,1071,1008
345687,1108,1008
345688,1144,996
345689,1186,988
345690,1231,986
345691,1276,989
345692,1319,1001
345693,1343,1017
345694,1337,1030
345695,1300,1039
345696,1239,1044
345697,1168,1048
345698,1100,1058
345699,1030,1068
345700,980,1073
345701,954,1073
345702,959,1070
345703,976,1065
345704,988,1057
345705,998,1048
345706,997,1041
345707,991,1033
345708,976,1029
345709,976,1030
345710,976,1033
345711,980,1031
345712,980,1031
345713,975,1027
345714,970,1028
345715,969,1029
345716,973,1031
345717,974,1031
345718,972,1028
345719,970,1025
345720,969,1023
345721,973,1026
345722,972,1025
345723,972,1024
345724,973,1024
345725,971,1022
345726,971,1020
345727,972,1023
345728,972,1025
345729,971,1022
345730,969,1021
345731,967,1019
345732,964,1018
345733,967,1019
345734,974,1021
345735,978,1022
345736,976,1017
345737,975,1016
345738,971,1018
345739,973,1022
345740,973,1022
345741,975,1024
345742,974,1023
345743,974,1022
345744,972,1021
345745,973,1023
345746,973,1026
345747,977,1025
345748,975,1024
345749,973,1020
345750,971,1021
345751,970,1022
345752,968,1025
345753,972,1024
345754,971,1020
345755,969,1014
345756,968,1010
345757,970,1013
345758,972,1015
345759,979,1012
345760,979,1009
345761,976,1006
345762,971,1002
345763,973,1005
345764,978,1004
345765,980,1003
345766,979,997
345767,977,993
345768,975,991
345769,982,990
345770,984,990
345771,987,991
345772,984,990
345773,986,985
345774,988,983
345775,988,984
345776,990,984
345777,993,982
345778,995,978
345779,995,974
345780,993,976
345781,991,977
345782,997,978
345783,1000,980
345784,999,980
345785,999,979
345786,993,981
345787,996,986
345788,1006,990
345789,1012,992
345790,1013,992
345791,1008,989
345792,1002,993
345793,999,998
345794,1003,1003
345795,1003,1007
345796,1004,1010
345797,1004,1009
345798,998,1010
345799,998,1016
345800,998,1024
345801,999,1026
345802,992,1027
345803,988,1026
345804,984,1027
345805,982,1032
345806,987,1032
345807,992,1033
345808,990,1033
345809,986,1030
345810,983,1033
345811,984,1037
345812,988,1039
345813,989,1037
345814,989,1035
345815,986,1033
345816,985,1033
345817,987,1037
345818,990,1038
345819,991,1039
345820,989,1037
345821,986,1035
345822,984,1034
345823,987,1036
345824,986,1038
345825,987,1039
345826,990,1033
345827,988,1031
345828,985,1028
345829,984,1032
345830,984,1033
345831,991,1032
345832,988,1030
345833,989,1030
345834,986,1025
345835,990,1027
345836,990,1028
345837,992,1030
345838,992,1027
345839,991,1025
345840,994,1025
345841,993,1026
345842,995,1029
345843,999,1027
345844,999,1025
345845,996,1024
345846,993,1023
345847,994,1025
345848,997,1029
345849,1002,1030
345850,995,1027
345851,990,1025
345852,990,1024
345853,994,1028
345854,997,1033
345855,998,1030
345856,998,1029
345857,997,1024
345858,999,1024
345859,1000,1027
345860,998,1030
345861,999,1034
345862,1002,1028
345863,1000,1025
345864,996,1024
345865,1000,1029
345866,1002,1031
345867,1006,1033
345868,1001,1031
345869,997,1028
345870,993,1026
345871,993,1028
345872,998,1031
345873,999,1027
345874,1001,1027
345875,999,1026
345876,995,1025
345877,989,1027
345878,993,1031
345879,992,1027
345880,996,1026
345881,996,1023
345882,991,1023
345883,991,1024
345884,995,1026
345885,998,1025
345886,996,1024
345887,993,1022
345888,987,1023
345889,987,1029
345890,989,1032
345891,994,1031
345892,996,1029
345893,989,1027
345894,988,1027
345895,988,1031
345896,993,1034
345897,997,1033
345898,996,1033
345899,991,1029
345900,990,1031
345901,987,1034
345902,990,1035
345903,996,1034
345904,995,1034
345905,992,1030
345906,995,1031
345907,997,1034
345908,996,1034
345909,998,1036
345910,994,1034
345911,989,1031
345912,990,1029
345913,990,1033
345914,996,1034
345915,996,1038
345916,999,1036
345917,1001,1031
345918,997,1030
345919,998,1031
345920,1000,1032
345921,1010,1026
345922,1014,1022
345923,1025,1015
345924,1039,1011
345925,1059,1012
345926,1088,1012
345927,1125,1004
345928,1168,996
345929,1213,987
345930,1263,991
345931,1314,998
345932,1344,1016
345933,1347,1031
345934,1310,1038
345935,1247,1035
345936,1179,1037
345937,1116,1048
345938,1056,1060
345939,1003,1069
345940,968,1069
345941,964,1068
345942,973,1064
345943,987,1055
345944,992,1050
345945,1000,1042
345946,1000,1036
345947,998,1029
345948,991,1026
345949,980,1030
345950,977,1032
345951,983,1032
345952,981,1034
345953,980,1028
345954,975,1031
345955,971,1032
345956,973,1034
345957,975,1032
345958,981,1029
345959,978,1027
345960,975,1029
345961,975,1032
345962,977,1034
345963,977,1033
345964,979,1030
345965,977,1029
345966,974,1027
345967,972,1029
345968,975,1032
345969,978,1031
345970,978,1028
345971,975,1024
345972,975,1025
345973,975,1027
345974,974,1029
345975,978,1028
345976,978,1025
345977,978,1021
345978,976,1020
345979,975,1022
345980,979,1024
345981,983,1024
345982,980,1023
345983,979,1018
345984,977,1019
345985,978,1019
345986,981,1021
345987,981,1022
345988,979,1021
345989,978,1017
345990,980,1019
345991,981,1019
345992,984,1023
345993,986,1022
345994,981,1017
345995,977,1015
345996,975,1015
345997,982,1014
345998,987,1011
345999,992,1010
346000,996,1009
346001,999,1004
346002,996,1004
346003,998,1007
346004,1001,1004
346005,999,1003
346006,998,1001
346007,999,994
346008,998,994
346009,1006,995
346010,1010,995
346011,1009,995
346012,1006,990
346013,1001,987
346014,1000,987
346015,1003,989
346016,1002,992
346017,1009,989
346018,1011,987
346019,1011,984
346020,1010,984
346021,1017,986
346022,1020,991
346023,1021,992
346024,1022,991
346025,1018,992
346026,1017,994
346027,1018,997
346028,1018,1002
346029,1024,1001
346030,1024,1002
346031,1017,1000
346032,1013,1003
346033,1015,1007
346034,1017,1014
346035,1019,1015
346036,1014,1018
346037,1006,1017
346038,1002,1019
346039,999,1022
346040,1000,1027
346041,1002,1031
346042,1000,1031
346043,999,1029
346044,997,1031
346045,999,1034
346046,996,1038
346047,1000,1038
346048,999,1036
346049,997,1037
346050,992,1035
346051,991,1037
346052,991,1040
346053,999,1042
346054,999,1039
346055,996,1035
346056,992,1034
346057,989,1038
346058,995,1040
346059,999,1042
346060,995,1037
346061,995,1036
346062,992,1037
346063,995,1039
346064,1003,1041
346065,1006,1040
346066,1006,1039
346067,1001,1034
346068,998,1034
346069,995,1038
346070,999,1040
346071,1006,1037
346072,1008,1034
346073,1007,1031
346074,1006,1029
346075,1001,1030
346076,1005,1032
346077,1006,1033
346078,1006,1030
346079,1006,1028
346080,1006,1027
346081,1011,1030
346082,1011,1033
346083,1010,1032
346084,1007,1032
346085,1008,1028
346086,1006,1029
346087,1006,1030
346088,1009,1033
346089,1013,1033
346090,1008,1032
346091,1008,1028
346092,1006,1029
346093,1011,1033
346094,1015,1036
346095,1016,1035
346096,1010,1032
346097,1003,1030
346098,1000,1032
346099,1004,1036
346100,1008,1036
346101,1012,1034
346102,1004,1029
346103,1003,1028
346104,1000,1030
346105,1004,1033
346106,1005,1034
346107,1002,1035
346108,1002,1032
346109,1002,1031
346110,1002,1031
346111,1000,1032
346112,1005,1037
346113,1012,1036
346114,1014,1032
346115,1007,1030
346116,999,1029
346117,995,1029
346118,996,1034
346119,1000,1033
346120,1006,1034
346121,1005,1030
346122,1003,1028
346123,1001,1030
346124,1000,1031
346125,999,1032
346126,999,1030
346127,999,1026
346128,1000,1025
346129,1002,1027
346130,1006,1027
346131,1006,1027
346132,1005,1029
346133,1005,1026
346134,1003,1025
346135,1005,1030
346136,1009,1032
346137,1014,1030
346138,1008,1029
346139,1006,1030
346140,1004,1030
346141,1011,1032
346142,1017,1034
346143,1024,1029
346144,1031,1025
346145,1045,1016
346146,1065,1016
346147,1096,1017
346148,1134,1018
346149,1178,1011
346150,1226,1000
346151,1272,995
346152,1316,999
346153,1353,1013
346154,1359,1028
346155,1336,1037
346156,1277,1038
346157,1204,1039
346158,1129,1045
346159,1059,1059
346160,1001,1070
346161,968,1077
346162,961,1076
346163,978,1066
346164,989,1055
346165,997,1046
346166,999,1043
346167,997,1036
346168,995,1031
346169,990,1026
346170,984,1025
346171,983,1024
346172,983,1029
346173,987,1028
346174,988,1027
346175,982,1024
346176,980,1025
346177,977,1027
346178,979,1032
346179,983,1030
346180,981,1030
346181,978,1028
346182,973,1028
346183,977,1032
346184,980,1035
346185,981,1034
346186,983,1034
346187,976,1030
346188,971,1031
346189,974,1033
346190,978,1037
346191,979,1037
346192,976,1035
346193,976,1032
346194,977,1032
346195,979,1033
346196,980,1036
346197,983,1035
346198,985,1031
346199,981,1030
346200,976,1028
346201,973,1030
346202,977,1033
346203,982,1029
346204,984,1029
346205,979,1025
346206,978,1024
346207,979,1024
346208,982,1029
346209,984,1027
346210,984,1023
346211,980,1016
346212,975,1016
346213,975,1016
346214,979,1019
346215,985,1016
346216,980,1012
346217,983,1010
346218,982,1008
346219,980,1009
346220,986,1010
346221,991,1008
346222,994,1006
346223,994,1000
346224,992,999
346225,993,1002
346226,997,1003
346227,1002,1002
346228,1002,997
346229,1004,995
346230,1001,990
346231,1002,994
346232,1006,998
346233,1006,997
346234,1005,996
346235,1001,992
346236,1002,991
346237,1006,993
346238,1011,992
346239,1015,993
346240,1010,992
346241,1001,991
346242,1006,995
346243,1014,995
346244,1017,999
346245,1020,1002
346246,1020,998
346247,1020,997
346248,1017,998
346249,1014,998
346250,1017,1002
346251,1021,1004
346252,1021,1003
346253,1016,1004
346254,1007,1006
346255,1003,1012
346256,1007,1015
346257,1010,1017
346258,1011,1018
346259,1007,1015
346260,1005,1017
346261,1002,1022
346262,1003,1028
346263,1004,1030
346264,1002,1028
346265,996,1028
346266,993,1032
346267,997,1035
346268,997,1037
346269,997,1037
346270,992,1034
346271,988,1034
346272,988,1036
346273,988,1039
346274,989,1040
346275,990,1042
346276,990,1038
346277,990,1038
346278,984,1039
346279,987,1042
346280,992,1043
346281,996,1045
346282,992,1042
346283,992,1042
346284,990,1041
346285,991,1046
346286,992,1049
346287,993,1048
346288,992,1045
346289,993,1040
346290,990,1041
346291,993,1040
346292,995,1045
346293,998,1043
346294,996,1040
346295,995,1038
346296,994,1040
346297,995,1042
346298,999,1042
346299,1002,1040
346300,1001,1036
346301,1000,1029
346302,999,1030
346303,999,1030
346304,998,1032
346305,994,1034
346306,993,1032
346307,993,1031
346308,990,1030
346309,990,1033
346310,994,1037
346311,1001,1036
346312,1003,1033
346313,1001,1031
346314,996,1029
346315,991,1034
346316,997,1037
346317,998,1036
346318,1002,1033
346319,999,1033
346320,994,1032
346321,993,1036
346322,998,1037
346323,1001,1037
346324,1001,1032
346325,994,1030
346326,991,1031
346327,992,1033
346328,998,1036
346329,999,1034
346330,999,1032
346331,994,1030
346332,997,1034
346333,994,1036
346334,993,1040
346335,993,1040
346336,997,1039
346337,992,1034
346338,986,1037
346339,992,1039
346340,995,1043
346341,995,1039
346342,993,1037
346343,989,1035
346344,988,1037
346345,988,1039
346346,993,1042
346347,996,1040
346348,997,1040
346349,994,1038
346350,992,1035
346351,995,1036
346352,992,1043
346353,996,1040
346354,989,1041
346355,989,1039
346356,986,1035
346357,989,1037
346358,990,1040
346359,989,1038
346360,986,1038
346361,986,1036
346362,985,1038
346363,989,1041
346364,990,1041
346365,994,1041
346366,994,1036
346367,993,1034
346368,989,1034
346369,987,1036
346370,989,1041
346371,997,1038
346372,994,1036
346373,993,1031
346374,987,1032
346375,989,1034
346376,992,1036
346377,994,1037
346378,992,1033
346379,992,1028
346380,992,1027
346381,996,1024
346382,1008,1026
346383,1020,1022
346384,1028,1017
346385,1039,1012
346386,1055,1011
346387,1084,1012
346388,1126,1013
346389,1174,1005
346390,1226,998
346391,1276,996
346392,1318,1003
346393,1343,1019
346394,1343,1033
346395,1313,1042
346396,1251,1041
346397,1177,1042
346398,1106,1050
346399,1035,1063
346400,979,1075
346401,959,1077
346402,957,1075
346403,969,1066
346404,984,1057
346405,990,1050
346406,989,1044
346407,991,1039
346408,984,1036
346409,976,1034
346410,973,1034
346411,975,1035
346412,974,1038
346413,972,1038
346414,970,1034
346415,964,1030
346416,965,1034
346417,964,1039
346418,966,1041
346419,966,1039
346420,968,1034
346421,968,1032
346422,966,1030
346423,966,1033
346424,967,1035
346425,967,1033
346426,966,1033
346427,963,1030
346428,961,1030
346429,964,1033
346430,966,1036
346431,967,1036
346432,964,1030
346433,965,1028
346434,963,1029
346435,963,1033
346436,968,1035
346437,971,1036
346438,971,1033
346439,967,1031
346440,964,1031
346441,967,1035
346442,966,1038
346443,966,1037
346444,962,1035
346445,963,1033
346446,968,1032
346447,972,1036
346448,970,1036
346449,973,1032
346450,972,1030
346451,974,1027
346452,971,1028
346453,975,1026
346454,976,1028
346455,981,1026
346456,979,1025
346457,978,1021
346458,976,1021
346459,978,1020
346460,978,1020
346461,982,1015
346462,984,1012
346463,983,1007
346464,981,1008
346465,983,1009
346466,986,1009
346467,991,1008
346468,992,1005
346469,991,1003
346470,990,1001
346471,991,1003
346472,995,1003
346473,998,1000
346474,1000,997
346475,997,997
346476,998,997
346477,1001,995
346478,1005,997
346479,1010,996
346480,1014,993
346481,1013,994
346482,1013,992
346483,1013,994
346484,1015,996
346485,1018,994
346486,1016,994
346487,1015,994
346488,1014,997
346489,1015,999
346490,1017,1005
346491,1023,1006
346492,1023,1005
346493,1018,1003
346494,1016,1011
346495,1013,1015
346496,1017,1020
346497,1020,1020
346498,1018,1022
346499,1011,1020
346500,1007,1024
346501,1004,1030
346502,1004,1033
346503,1003,1035
346504,1000,1031
346505,997,1031
346506,995,1034
346507,993,1036
346508,996,1042
346509,995,1042
346510,993,1042
346511,991,1038
346512,984,1039
346513,982,1042
346514,985,1043
346515,985,1042
346516,981,1042
346517,980,1038
346518,977,1044
346519,979,1046
346520,981,1047
346521,984,1045
346522,984,1044
346523,981,1040
346524,979,1043
346525,981,1045
346526,984,1047
346527,990,1043
346528,989,1043
346529,987,1039
346530,988,1040
346531,989,1043
346532,994,1045
346533,994,1044
346534,990,1043
346535,984,1039
346536,983,1040
346537,984,1045
346538,989,1044
346539,994,1043
346540,996,1043
346541,993,1040
346542,992,1041
346543,994,1044
346544,997,1047
346545,999,1048
346546,996,1045
346547,994,1041
346548,993,1041
346549,994,1041
346550,997,1045
346551,1000,1043
346552,1000,1035
346553,996,1036
346554,996,1036
346555,997,1037
346556,999,1040
346557,998,1039
346558,995,1038
346559,993,1035
346560,994,1038
346561,998,1041
346562,998,1043
346563,1000,1040
346564,994,1037
346565,993,1032
346566,991,1033
346567,992,1035
346568,997,1040
346569,999,1039
346570,1000,1037
346571,994,1032
346572,994,1035
346573,997,1037
346574,999,1039
346575,999,1035
346576,995,1035
346577,993,1032
346578,994,1031
346579,994,1035
346580,996,1039
346581,998,1038
346582,994,1038
346583,992,1035
346584,989,1036
346585,990,1035
346586,993,1039
346587,996,1040
346588,996,1036
346589,998,1033
346590,995,1036
346591,997,1038
346592,999,1042
346593,1000,1041
346594,997,1040
346595,994,1038
346596,992,1036
346597,998,1040
346598,998,1040
346599,1003,1039
346600,1003,1033
346601,1003,1027
346602,1009,1028
346603,1021,1030
346604,1034,1034
346605,1055,1033
346606,1082,1026
346607,1112,1023
346608,1149,1022
346609,1192,1019
346610,1241,1020
346611,1288,1019
346612,1330,1023
346613,1363,1028
346614,1371,1039
346615,1354,1049
346616,1314,1054
346617,1246,1052
346618,1170,1054
346619,1096,1059
346620,1027,1067
346621,978,1072
346622,960,1074
346623,966,1067
346624,979,1057
346625,983,1046
346626,988,1041
346627,989,1041
346628,987,1041
346629,986,1041
346630,978,1036
346631,972,1038
346632,972,1041
346633,971,1041
346634,971,1044
346635,970,1042
346636,970,1041
346637,967,1039
346638,963,1040
346639,965,1046
346640,967,1048
346641,971,1046
346642,971,1045
346643,969,1041
346644,965,1041
346645,961,1043
346646,962,1045
346647,963,1043
346648,963,1042
346649,962,1039
346650,962,1035
346651,964,1037
346652,968,1040
346653,967,1038
346654,965,1037
346655,961,1033
346656,962,1036
346657,963,1040
346658,970,1044
346659,973,1043
346660,972,1042
346661,968,1040
346662,966,1039
346663,968,1041
346664,971,1046
346665,976,1043
346666,973,1045
346667,969,1040
346668,970,1041
346669,975,1043
346670,975,1045
346671,979,1044
346672,974,1044
346673,974,1039
346674,971,1039
346675,974,1039
346676,978,1041
346677,980,1036
346678,977,1031
346679,974,1029
346680,974,1031
346681,979,1033
346682,983,1034
346683,982,1032
346684,983,1024
346685,981,1024
346686,983,1022
346687,986,1023
346688,992,1024
346689,991,1024
346690,992,1021
346691,992,1017
346692,992,1018
346693,994,1019
346694,995,1018
346695,999,1017
346696,998,1016
346697,995,1013
346698,995,1011
346699,997,1012
346700,1002,1014
346701,1006,1008
346702,1010,1004
346703,1006,1001
346704,1003,1004
346705,1006,1007
346706,1010,1008
346707,1012,1007
346708,1013,1010
346709,1013,1008
346710,1010,1011
346711,1012,1013
346712,1012,1018
346713,1013,1018
346714,1013,1016
346715,1007,1019
346716,1009,1020
346717,1009,1026
346718,1012,1030
346719,1008,1031
346720,1006,1029
346721,1000,1027
346722,993,1030
346723,997,1038
346724,999,1041
346725,999,1041
346726,996,1039
346727,990,1037
346728,987,1038
346729,987,1043
346730,986,1050
346731,987,1048
346732,985,1049
346733,984,1048
346734,981,1047
346735,980,1051
346736,979,1053
346737,982,1054
346738,982,1052
346739,979,1052
346740,973,1052
346741,977,1055
346742,977,1060
346743,981,1059
346744,981,1055
346745,979,1052
346746,977,1051
346747,977,1051
346748,981,1052
346749,983,1051
346750,978,1047
346751,981,1046
346752,978,1046
346753,983,1047
346754,987,1049
346755,984,1045
346756,986,1049
346757,983,1045
346758,985,1047
346759,987,1050
346760,990,1051
346761,993,1051
346762,989,1048
346763,987,1047
346764,981,1047
346765,982,1051
346766,986,1054
346767,990,1054
346768,991,1052
346769,992,1052
346770,990,1050
346771,992,1048
346772,993,1053
346773,995,1054
346774,990,1050
346775,985,1047
346776,985,1048
346777,987,1051
346778,990,1056
346779,988,1055
346780,989,1054
346781,984,1053
346782,981,1053
346783,981,1056
346784,983,1057
346785,986,1056
346786,982,1051
346787,979,1047
346788,978,1048
346789,979,1048
346790,982,1049
346791,984,1049
346792,982,1045
346793,980,1045
346794,980,1045
346795,979,1046
346796,984,1050
346797,986,1048
346798,983,1045
346799,981,1045
346800,981,1045
346801,980,1046
346802,985,1051
346803,988,1049
346804,985,1045
346805,982,1044
346806,984,1046
346807,984,1050
346808,986,1053
346809,991,1048
346810,990,1045
346811,987,1042
346812,987,1044
346813,985,1047
346814,987,1052
346815,989,1051
346816,993,1047
346817,991,1043
346818,999,1043
346819,1008,1044
346820,1023,1046
346821,1041,1043
346822,1061,1043
346823,1086,1041
346824,1124,1039
346825,1172,1038
346826,1220,1038
346827,1270,1032
346828,1314,1031
346829,1346,1033
346830,1364,1040
346831,1353,1053
346832,1316,1058
346833,1251,1058
346834,1174,1059
346835,1097,1061
346836,1022,1070
346837,974,1073
346838,956,1072
346839,966,1066
346840,976,1056
346841,985,1047
346842,985,1046
346843,982,1043
346844,978,1043
346845,975,1042
346846,969,1038
346847,963,1039
346848,962,1042
346849,963,1045
346850,965,1049
346851,963,1048
346852,964,1046
346853,960,1044
346854,957,1042
346855,957,1048
346856,956,1049
346857,960,1050
346858,957,1048
346859,956,1049
346860,957,1049
346861,957,1051
346862,960,1051
346863,963,1052
346864,960,1048
346865,960,1048
346866,955,1047
346867,954,1051
346868,955,1050
346869,957,1051
346870,957,1051
346871,954,1050
346872,953,1047
346873,956,1049
346874,958,1052
346875,957,1052
346876,957,1051
346877,955,1045
346878,957,1047
346879,962,1050
346880,965,1053
346881,966,1049
346882,965,1047
346883,963,1045
346884,961,1044
346885,962,1046
346886,963,1048
346887,967,1045
346888,964,1041
346889,960,1039
346890,959,1039
346891,962,1043
346892,966,1043
346893,968,1040
346894,967,1039
346895,970,1035
346896,967,1036
346897,968,1035
346898,970,1038
346899,973,1036
346900,976,1033
346901,972,1030
346902,975,1030
346903,976,1033
346904,979,1036
346905,983,1034
346906,985,1030
346907,982,1025
346908,978,1024
346909,984,1023
346910,986,1023
346911,985,1022
346912,988,1017
346913,985,1014
346914,988,1012
346915,990,1014
346916,996,1015
346917,999,1013
346918,1000,1010
346919,999,1008
346920,998,1008
346921,999,1011
346922,1004,1015
346923,1003,1018
346924,1005,1015
346925,1002,1012
346926,1002,1014
346927,1004,1019
346928,1006,1023
346929,1009,1023
346930,1008,1023
346931,1008,1022
346932,1005,1024
346933,1006,1029
346934,1007,1034
346935,1008,1035
346936,1004,1032
346937,997,1032
346938,995,1034
346939,996,1039
346940,996,1042
346941,997,1045
346942,993,1045
346943,993,1046
346944,990,1048
346945,992,1051
346946,991,1055
346947,991,1054
346948,985,1050
346949,985,1051
346950,980,1048
346951,983,1051
346952,983,1056
346953,983,1055
346954,978,1053
346955,975,1052
346956,978,1051
346957,978,1055
346958,979,1058
346959,981,1057
346960,980,1054
346961,977,1050
346962,977,1053
346963,977,1053
346964,979,1056
346965,979,1057
346966,981,1052
346967,977,1046
346968,975,1048
346969,980,1051
346970,984,1053
346971,984,1054
346972,983,1049
346973,981,1048
346974,978,1048
346975,982,1049
346976,984,1052
346977,981,1052
346978,979,1052
346979,975,1048
346980,977,1050
346981,979,1055
346982,985,1056
346983,987,1053
346984,984,1050
346985,980,1050
346986,978,1050
346987,982,1053
346988,984,1056
346989,986,1054
346990,988,1050
346991,984,1049
346992,980,1050
346993,983,1052
346994,985,1053
346995,989,1051
346996,988,1051
346997,985,1047
346998,985,1049
346999,987,1051
347000,986,1057
347001,988,1052
347002,986,1052
347003,985,1047
347004,984,1048
347005,988,1049
347006,990,1050
347007,993,1049
347008,992,1047
347009,989,1046
347010,988,1048
347011,988,1051
347012,989,1051
347013,990,1051
347014,990,1049
347015,990,1046
347016,987,1046
347017,984,1049
347018,986,1053
347019,986,1053
347020,982,1049
347021,982,1048
347022,984,1047
347023,986,1050
347024,989,1052
347025,990,1050
347026,989,1048
347027,986,1047
347028,982,1050
347029,982,1053
347030,984,1054
347031,986,1054
347032,983,1053
347033,975,1050
347034,979,1052
347035,982,1055
347036,984,1058
347037,984,1056
347038,981,1051
347039,977,1047
347040,975,1049
347041,978,1049
347042,978,1054
347043,982,1050
347044,982,1051
347045,981,1046
347046,979,1049
347047,982,1053
347048,982,1054
347049,984,1054
347050,984,1052
347051,984,1050
347052,985,1050
347053,981,1054
347054,984,1057
347055,988,1056
347056,988,1056
347057,984,1050
347058,981,1050
347059,983,1052
347060,989,1054
347061,991,1053
347062,989,1051
347063,990,1047
347064,990,1045
347065,996,1045
347066,1007,1048
347067,1022,1044
347068,1036,1040
347069,1051,1037
347070,1071,1036
347071,1101,1037
347072,1132,1038
347073,1175,1031
347074,1215,1024
347075,1249,1018
347076,1290,1015
347077,1327,1017
347078,1352,1023
347079,1357,1031
347080,1336,1033
347081,1288,1035
347082,1228,1040
347083,1165,1045
347084,1104,1059
347085,1042,1068
347086,988,1072
347087,959,1072
347088,952,1069
347089,966,1069
347090,979,1065
347091,984,1060
347092,979,1057
347093,970,1047
347094,964,1049
347095,963,1050
347096,963,1051
347097,966,1050
347098,964,1047
347099,956,1046
347100,956,1048
347101,956,1051
347102,958,1053
347103,959,1049
347104,956,1050
347105,954,1047
347106,954,1050
347107,958,1051
347108,960,1052
347109,961,1052
347110,958,1048
347111,955,1047
347112,954,1049
347113,956,1053
347114,955,1055
347115,957,1054
347116,954,1051
347117,949,1046
347118,948,1048
347119,953,1052
347120,956,1052
347121,959,1050
347122,960,1046
347123,956,1046
347124,954,1045
347125,954,1050
347126,958,1052
347127,960,1052
347128,958,1050
347129,954,1047
347130,952,1048
347131,951,1050
347132,954,1054
347133,957,1051
347134,957,1050
347135,954,1048
347136,950,1048
347137,950,1050
347138,953,1055
347139,957,1055
347140,955,1051
347141,954,1049
347142,953,1048
347143,955,1049
347144,961,1048
347145,963,1047
347146,960,1045
347147,957,1044
347148,958,1043
347149,960,1045
347150,963,1048
347151,966,1044
347152,966,1043
347153,965,1039
347154,965,1038
347155,968,1039
347156,971,1038
347157,975,1039
347158,973,1033
347159,971,1032
347160,972,1030
347161,976,1034
347162,980,1036
347163,984,1032
347164,985,1030
347165,981,1027
347166,977,1031
347167,983,1034
347168,988,1034
347169,990,1034
347170,991,1030
347171,990,1027
347172,988,1029
347173,994,1031
347174,1000,1034
347175,1001,1035
347176,999,1032
347177,997,1031
347178,999,1034
347179,998,1037
347180,1001,1041
347181,1002,1042
347182,1000,1037
347183,993,1036
347184,992,1035
347185,993,1037
347186,992,1042
347187,993,1041
347188,987,1039
347189,984,1036
347190,985,1036
347191,984,1039
347192,986,1045
347193,984,1045
347194,982,1043
347195,976,1039
347196,970,1043
347197,971,1049
347198,973,1053
347199,974,1052
347200,970,1051
347201,964,1051
347202,963,1054
347203,964,1059
347204,965,1061
347205,966,1058
347206,966,1054
347207,963,1054
347208,961,1054
347209,958,1057
347210,958,1057
347211,961,1059
347212,961,1057
347213,960,1054
347214,962,1056
347215,964,1056
347216,970,1060
347217,971,1058
347218,970,1057
347219,968,1056
347220,968,1060
347221,974,1063
347222,976,1068
347223,976,1067
347224,975,1064
347225,973,1061
347226,972,1061
347227,973,1064
347228,976,1065
347229,979,1062
347230,978,1063
347231,975,1064
347232,972,1061
347233,975,1063
347234,980,1063
347235,982,1060
347236,980,1057
347237,978,1056
347238,975,1056
347239,976,1057
347240,980,1060
347241,984,1062
347242,984,1056
347243,982,1053
347244,978,1055
347245,979,1057
347246,983,1060
347247,982,1059
347248,983,1059
347249,978,1055
347250,975,1056
347251,975,1062
347252,976,1065
347253,977,1065
347254,977,1064
347255,974,1064
347256,971,1065
347257,975,1066
347258,972,1066
347259,973,1066
347260,973,1059
347261,971,1057
347262,970,1059
347263,974,1063
347264,975,1064
347265,974,1062
347266,976,1062
347267,972,1056
347268,970,1053
347269,973,1056
347270,974,1054
347271,977,1054
347272,973,1051
347273,977,1051
347274,975,1052
347275,977,1055
347276,981,1056
347277,980,1057
347278,978,1053
347279,976,1053
347280,973,1054
347281,977,1054
347282,982,1058
347283,984,1058
347284,982,1056
347285,977,1054
347286,976,1056
347287,979,1060
347288,980,1062
347289,982,1058
347290,981,1055
347291,975,1052
347292,972,1055
347293,978,1059
347294,976,1059
347295,979,1056
347296,982,1055
347297,977,1052
347298,977,1052
347299,980,1054
347300,982,1058
347301,980,1056
347302,976,1056
347303,971,1054
347304,969,1055
347305,972,1058
347306,975,1062
347307,975,1062
347308,971,1058
347309,968,1055
347310,967,1056
347311,970,1057
347312,971,1061
347313,972,1058
347314,971,1056
347315,970,1055
347316,969,1055
347317,971,1057
347318,974,1060
347319,974,1060
347320,972,1058
347321,970,1058
347322,970,1059
347323,973,1063
347324,975,1064
347325,978,1062
347326,980,1060
347327,975,1056
347328,974,1057
347329,975,1062
347330,978,1062
347331,978,1062
347332,977,1060
347333,972,1057
347334,972,1061
347335,972,1063
347336,974,1067
347337,978,1064
347338,976,1060
347339,974,1058
347340,971,1058
347341,972,1061
347342,973,1062
347343,976,1060
347344,977,1059
347345,973,1054
347346,974,1056
347347,976,1055
347348,978,1057
347349,980,1058
347350,978,1055
347351,976,1053
347352,973,1053
347353,976,1057
347354,977,1057
347355,981,1058
347356,978,1053
347357,975,1053
347358,975,1055
347359,976,1056
347360,979,1060
347361,979,1059
347362,977,1055
347363,974,1052
347364,974,1056
347365,975,1059
347366,979,1061
347367,979,1059
347368,978,1058
347369,976,1054
347370,976,1056
347371,977,1063
347372,975,1062
347373,977,1064
347374,977,1060
347375,975,1059
347376,975,1059
347377,977,1062
347378,978,1063
347379,978,1063
347380,978,1063
347381,976,1062
347382,974,1060
347383,977,1062
347384,978,1065
347385,979,1063
347386,980,1061
347387,978,1058
347388,979,1060
347389,981,1064
347390,984,1068
347391,982,1065
347392,982,1062
347393,976,1059
347394,978,1061
347395,978,1061
347396,981,1063
347397,983,1060
347398,981,1057
347399,979,1054
347400,978,1057
347401,976,1061
347402,979,1061
347403,983,1061
347404,981,1059
347405,978,1058
347406,975,1057
347407,977,1059
347408,985,1057
347409,986,1058
347410,981,1051
347411,982,1047
347412,981,1048
347413,981,1053
347414,981,1055
347415,983,1053
347416,981,1051
347417,978,1049
347418,977,1051
347419,979,1056
347420,982,1058
347421,984,1058
347422,979,1055
347423,979,1051
347424,978,1053
347425,980,1057
347426,984,1058
347427,983,1055
347428,982,1055
347429,979,1054
347430,981,1057
347431,986,1061
347432,988,1064
347433,988,1060
347434,983,1056
347435,981,1056
347436,979,1057
347437,979,1059
347438,984,1063
347439,984,1062
347440,986,1060
347441,983,1055
347442,985,1056
347443,987,1057
347444,988,1056
347445,988,1055
347446,987,1055
347447,983,1049
347448,985,1055
347449,987,1057
347450,988,1057
347451,990,1054
347452,989,1049
347453,989,1048
347454,993,1050
347455,993,1052
347456,996,1054
347457,1008,1050
347458,1017,1049
347459,1034,1045
347460,1052,1045
347461,1079,1045
347462,1114,1046
347463,1151,1044
347464,1187,1035
347465,1225,1027
347466,1267,1026
347467,1309,1024
347468,1344,1023
347469,1357,1023
347470,1356,1028
347471,1323,1031
347472,1268,1036
347473,1218,1042
347474,1165,1050
347475,1108,1052
347476,1047,1051
347477,996,1052
347478,968,1051
347479,969,1054
347480,984,1055
347481,993,1053
347482,988,1046
347483,980,1045
347484,971,1049
347485,971,1049
347486,974,1055
347487,970,1050
347488,967,1053
347489,962,1051
347490,960,1053
347491,959,1056
347492,962,1058
347493,960,1058
347494,959,1059
347495,957,1054
347496,958,1056
347497,959,1058
347498,958,1062
347499,959,1060
347500,957,1057
347501,957,1054
347502,958,1055
347503,960,1057
347504,958,1059
347505,958,1056
347506,954,1053
347507,952,1053
347508,952,1052
347509,953,1057
347510,954,1059
347511,950,1057
347512,950,1055
347513,945,1053
347514,947,1054
347515,951,1056
347516,955,1055
347517,955,1052
347518,948,1051
347519,946,1049
347520,948,1053
347521,950,1053
347522,951,1059
347523,951,1056
347524,953,1055
347525,948,1054
347526,945,1055
347527,947,1058
347528,955,1060
347529,958,1060
347530,956,1057
347531,957,1053
347532,956,1055
347533,959,1055
347534,960,1057
347535,962,1059
347536,964,1054
347537,965,1049
347538,965,1052
347539,969,1052
347540,974,1054
347541,978,1052
347542,978,1048
347543,977,1051
347544,979,1049
347545,980,1051
347546,984,1050
347547,985,1048
347548,988,1043
347549,987,1041
347550,988,1045
347551,993,1042
347552,998,1047
347553,1000,1043
347554,1000,1038
347555,995,1035
347556,992,1034
347557,996,1035
347558,1000,1038
347559,1004,1038
347560,1001,1035
347561,999,1029
347562,998,1031
347563,1003,1033
347564,1004,1033
347565,1008,1033
347566,1006,1028
347567,1004,1026
347568,1004,1030
347569,1005,1034
347570,1010,1035
347571,1012,1033
347572,1008,1031
347573,1004,1030
347574,1002,1032
347575,1004,1038
347576,1005,1042
347577,1006,1040
347578,1004,1040
347579,998,1040
347580,996,1043
347581,1000,1048
347582,999,1051
347583,997,1050
347584,994,1047
347585,989,1045
347586,988,1050
347587,989,1054
347588,990,1058
347589,985,1056
347590,983,1052
347591,978,1054
347592,978,1058
347593,980,1059
347594,981,1058
347595,982,1055
347596,979,1053
347597,974,1051
347598,971,1057
347599,975,1061
347600,977,1062
347601,976,1059
347602,975,1057
347603,973,1055
347604,973,1056
347605,971,1057
347606,972,1058
347607,973,1057
347608,968,1055
347609,968,1051
347610,969,1053
347611,971,1057
347612,972,1057
347613,972,1054
347614,972,1054
347615,971,1049
347616,971,1050
347617,973,1054
347618,976,1057
347619,979,1055
347620,972,1054
347621,974,1050
347622,976,1050
347623,979,1053
347624,982,1056
347625,986,1055
347626,981,1054
347627,981,1052
347628,981,1055
347629,981,1054
347630,982,1057
347631,983,1057
347632,984,1056
347633,983,1054
347634,981,1055
347635,984,1055
347636,988,1056
347637,986,1055
347638,988,1053
347639,985,1052
347640,984,1052
347641,985,1054
347642,988,1055
347643,987,1055
347644,986,1050
347645,983,1050
347646,983,1049
347647,986,1052
347648,989,1054
347649,988,1053
347650,987,1051
347651,985,1053
347652,985,1055
347653,988,1057
347654,986,1057
347655,983,1054
347656,982,1050
347657,981,1048
347658,983,1048
347659,989,1049
347660,1002,1049
347661,1012,1044
347662,1026,1041
347663,1051,1037
347664,1087,1036
347665,1129,1033
347666,1181,1033
347667,1230,1032
347668,1281,1034
347669,1320,1040
347670,1349,1053
347671,1354,1061
347672,1326,1067
347673,1263,1068
347674,1182,1072
347675,1100,1083
347676,1028,1092
347677,977,1093
347678,963,1089
347679,972,1078
347680,985,1065
347681,984,1057
347682,984,1052
347683,983,1052
347684,976,1055
347685,975,1055
347686,970,1050
347687,965,1049
347688,962,1050
347689,961,1052
347690,962,1058
347691,959,1053
347692,957,1054
347693,948,1053
347694,948,1055
347695,951,1056
347696,955,1059
347697,954,1055
347698,949,1053
347699,948,1052
347700,943,1055
347701,946,1055
347702,949,1060
347703,949,1056
347704,949,1054
347705,945,1050
347706,941,1050
347707,942,1052
347708,946,1051
347709,943,1052
347710,936,1047
347711,935,1048
347712,936,1048
347713,940,1048
347714,943,1050
347715,945,1047
347716,942,1045
347717,939,1044
347718,941,1044
347719,943,1046
347720,945,1048
347721,946,1046
347722,945,1045
347723,945,1042
347724,945,1043
347725,947,1042
347726,952,1043
347727,956,1040
347728,954,1037
347729,952,1030
347730,952,1035
347731,955,1037
347732,964,1041
347733,967,1036
347734,965,1032
347735,964,1026
347736,967,1027
347737,969,1030
347738,972,1031
347739,973,1030
347740,974,1027
347741,976,1026
347742,978,1026
347743,979,1028
347744,982,1025
347745,983,1022
347746,980,1020
347747,981,1017
347748,980,1017
347749,980,1020
347750,985,1020
347751,988,1016
347752,988,1012
347753,983,1010
347754,985,1012
347755,991,1012
347756,992,1016
347757,991,1012
347758,989,1012
347759,986,1013
347760,985,1012
347761,988,1018
347762,993,1020
347763,993,1021
347764,990,1021
347765,991,1020
347766,987,1024
347767,987,1031
347768,988,1034
347769,986,1033
347770,985,1032
347771,981,1035
347772,981,1037
347773,981,1042
347774,983,1045
347775,982,1045
347776,976,1045
347777,973,1046
347778,969,1048
347779,971,1052
347780,973,1056
347781,969,1057
347782,969,1054
347783,963,1055
347784,965,1053
347785,970,1057
347786,971,1061
347787,969,1057
347788,966,1059
347789,962,1057
347790,964,1061
347791,968,1063
347792,972,1066
347793,971,1062
347794,971,1059
347795,967,1057
347796,966,1055
347797,967,1057
347798,970,1059
347799,969,1055
347800,967,1054
347801,966,1050
347802,964,1050
347803,965,1055
347804,968,1053
347805,972,1052
347806,969,1052
347807,965,1050
347808,963,1051
347809,966,1054
347810,970,1056
347811,972,1054
347812,972,1055
347813,969,1053
347814,972,1052
347815,974,1053
347816,975,1057
347817,976,1055
347818,970,1056
347819,973,1051
347820,975,1054
347821,977,1054
347822,978,1056
347823,977,1059
347824,977,1056
347825,972,1053
347826,970,1054
347827,970,1056
347828,975,1058
347829,975,1057
347830,974,1054
347831,969,1052
347832,967,1056
347833,967,1055
347834,972,1058
347835,972,1054
347836,970,1053
347837,967,1049
347838,965,1050
347839,967,1052
347840,968,1054
347841,969,1053
347842,973,1050
347843,970,1050
347844,968,1050
347845,968,1053
347846,972,1053
347847,970,1051
347848,969,1049
347849,970,1046
347850,969,1046
347851,970,1049
347852,973,1051
347853,974,1051
347854,975,1051
347855,968,1046
347856,968,1048
347857,969,1052
347858,972,1054
347859,975,1054
347860,975,1051
347861,973,1051
347862,971,1053
347863,974,1055
347864,975,1058
347865,974,1055
347866,975,1051
347867,973,1052
347868,971,1053
347869,973,1057
347870,976,1058
347871,977,1058
347872,975,1057
347873,971,1055
347874,969,1058
347875,968,1057
347876,969,1059
347877,973,1055
347878,972,1053
347879,974,1051
347880,972,1053
347881,972,1055
347882,974,1057
347883,973,1057
347884,971,1053
347885,969,1051
347886,966,1052
347887,970,1054
347888,974,1056
347889,972,1056
347890,968,1051
347891,968,1050
347892,966,1052
347893,967,1054
347894,968,1055
347895,972,1051
347896,967,1048
347897,968,1047
347898,969,1046
347899,973,1053
347900,973,1054
347901,974,1053
347902,971,1049
347903,968,1052
347904,970,1052
347905,975,1052
347906,980,1051
347907,981,1049
347908,973,1049
347909,969,1050
347910,972,1052
347911,975,1055
347912,978,1055
347913,980,1054
347914,977,1050
347915,975,1046
347916,973,1047
347917,977,1051
347918,979,1053
347919,981,1053
347920,983,1048
347921,989,1045
347922,1001,1043
347923,1012,1043
347924,1035,1045
347925,1067,1043
347926,1107,1040
347927,1148,1030
347928,1193,1027
347929,1242,1023
347930,1287,1023
347931,1328,1023
347932,1351,1027
347933,1352,1034
347934,1329,1042
347935,1279,1046
347936,1213,1053
347937,1135,1061
347938,1053,1065
347939,985,1068
347940,947,1071
347941,943,1068
347942,958,1063
347943,973,1058
347944,978,1047
347945,975,1040
347946,969,1040
347947,967,1041
347948,966,1043
347949,961,1041
347950,961,1042
347951,954,1040
347952,952,1045
347953,949,1046
347954,954,1050
347955,953,1048
347956,954,1044
347957,947,1041
347958,949,1044
347959,952,1044
347960,955,1048
347961,954,1047
347962,950,1043
347963,943,1043
347964,947,1049
347965,949,1050
347966,950,1055
347967,951,1051
347968,948,1049
347969,944,1046
347970,943,1048
347971,942,1051
347972,948,1052
347973,951,1053
347974,948,1051
347975,947,1046
347976,948,1049
347977,951,1053
347978,955,1055
347979,956,1053
347980,952,1047
347981,947,1046
347982,943,1048
347983,946,1052
347984,948,1055
347985,952,1052
347986,953,1049
347987,951,1048
347988,949,1046
347989,948,1049
347990,950,1052
347991,950,1049
347992,949,1048
347993,950,1044
347994,953,1041
347995,955,1039
347996,959,1041
347997,959,1040
347998,957,1034
347999,954,1033
348000,959,1035
348001,964,1038
348002,969,1036
348003,971,1033
348004,973,1029
348005,970,1026
348006,974,1027
348007,974,1030
348008,979,1032
348009,979,1029
348010,979,1025
348011,981,1021
348012,982,1024
348013,984,1027
348014,986,1029
348015,983,1028
348016,985,1027
348017,986,1023
348018,987,1023
348019,993,1026
348020,996,1027
348021,998,1026
348022,997,1024
348023,994,1021
348024,996,1025
348025,999,1027
348026,1003,1030
348027,1004,1028
348028,1000,1026
348029,998,1026
348030,998,1028
348031,998,1032
348032,1002,1033
348033,1001,1032
348034,999,1030
348035,995,1029
348036,990,1032
348037,989,1037
348038,990,1044
348039,989,1043
348040,989,1042
348041,986,1039
348042,981,1042
348043,979,1045
348044,980,1049
348045,977,1049
348046,976,1046
348047,970,1044
348048,969,1045
348049,970,1048
348050,973,1050
348051,974,1051
348052,973,1045
348053,964,1042
348054,965,1045
348055,968,1047
348056,972,1051
348057,976,1052
348058,973,1047
348059,972,1046
348060,973,1048
348061,976,1052
348062,977,1055
348063,978,1054
348064,977,1051
348065,977,1048
348066,980,1048
348067,981,1049
348068,981,1048
348069,984,1046
348070,985,1044
348071,986,1041
348072,986,1042
348073,987,1044
348074,989,1046
348075,990,1043
348076,985,1040
348077,985,1040
348078,989,1042
348079,990,1046
348080,991,1046
348081,997,1044
348082,999,1040
348083,1003,1041
348084,1009,1043
348085,1014,1047
348086,1018,1050
348087,1023,1049
348088,1025,1050
348089,1031,1053
348090,1043,1056
348091,1060,1051
348092,1077,1040
348093,1091,1024
348094,1105,1008
348095,1116,997
348096,1133,985
348097,1154,972
348098,1176,962
348099,1197,944
348100,1215,918
348101,1228,897
348102,1240,882
348103,1257,877
348104,1271,870
348105,1278,861
348106,1282,852
348107,1275,850
348108,1278,848
348109,1277,848
348110,1279,843
348111,1274,836
348112,1261,834
348113,1247,831
348114,1230,833
348115,1212,838
348116,1194,845
348117,1171,853
348118,1146,859
348119,1124,867
348120,1111,880
348121,1103,893
348122,1101,903
348123,1095,911
348124,1088,916
348125,1075,925
348126,1067,933
348127,1073,946
348128,1083,958
348129,1101,965
348130,1117,972
348131,1127,975
348132,1112,983
348133,1071,996
348134,1018,1011
348135,967,1022
348136,934,1035
348137,919,1045
348138,915,1063
348139,915,1074
348140,913,1081
348141,909,1081
348142,901,1083
348143,897,1084
348144,893,1088
348145,893,1094
348146,893,1097
348147,890,1099
348148,885,1096
348149,883,1099
348150,879,1100
348151,883,1103
348152,884,1105
348153,883,1110
348154,877,1110
348155,873,1109
348156,868,1113
348157,870,1117
348158,872,1122
348159,867,1124
348160,867,1121
348161,862,1123
348162,862,1124
348163,859,1132
348164,860,1135
348165,861,1138
348166,859,1135
348167,858,1135
348168,856,1141
348169,857,1145
348170,857,1149
348171,853,1153
348172,846,1157
348173,843,1158
348174,843,1163
348175,842,1166
348176,841,1170
348177,843,1172
348178,838,1172
348179,838,1173
348180,843,1178
348181,843,1184
348182,842,1184
348183,842,1183
348184,842,1183
348185,837,1184
348186,844,1185
348187,850,1188
348188,856,1188
348189,863,1185
348190,863,1180
348191,864,1181
348192,864,1180
348193,871,1180
348194,882,1177
348195,883,1172
348196,888,1167
348197,892,1161
348198,897,1159
348199,903,1158
348200,911,1153
348201,915,1146
348202,917,1136
348203,917,1131
348204,921,1130
348205,928,1131
348206,934,1127
348207,937,1120
348208,935,1112
348209,935,1106
348210,938,1104
348211,944,1102
348212,948,1100
348213,950,1094
348214,946,1090
348215,946,1084
348216,946,1084
348217,950,1083
348218,953,1082
348219,954,1077
348220,954,1074
348221,947,1073
348222,950,1072
348223,952,1072
348224,950,1070
348225,950,1064
348226,952,1060
348227,950,1056
348228,956,1054
348229,957,1058
348230,958,1056
348231,955,1054
348232,952,1052
348233,951,1048
348234,952,1050
348235,956,1048
348236,960,1051
348237,961,1048
348238,957,1046
348239,955,1044
348240,955,1045
348241,958,1049
348242,959,1049
348243,960,1047
348244,956,1042
348245,957,1043
348246,959,1044
348247,961,1046
348248,966,1049
348249,966,1047
348250,965,1048
348251,965,1049
348252,966,1047
348253,966,1050
348254,965,1050
348255,969,1047
348256,967,1044
348257,966,1041
348258,967,1043
348259,971,1049
348260,973,1048
348261,972,1047
348262,970,1045
348263,969,1042
348264,972,1047
348265,972,1049
348266,974,1049
348267,974,1045
348268,973,1044
348269,966,1041
348270,966,1043
348271,971,1045
348272,975,1048
348273,970,1046
348274,970,1041
348275,967,1039
348276,966,1042
348277,968,1045
348278,972,1044
348279,971,1043
348280,970,1039
348281,968,1039
348282,969,1041
348283,971,1046
348284,973,1046
348285,969,1044
348286,969,1040
348287,966,1037
348288,966,1039
348289,967,1045
348290,970,1044
348291,975,1041
348292,974,1042
348293,970,1041
348294,968,1043
348295,973,1047
348296,975,1045
348297,975,1049
348298,973,1045
348299,971,1043
348300,967,1046
348301,967,1048
348302,970,1052
348303,972,1046
348304,972,1046
348305,971,1047
348306,969,1049
348307,969,1050
348308,970,1049
348309,968,1046
348310,964,1043
348311,961,1041
348312,960,1042
348313,965,1045
348314,970,1048
348315,967,1043
348316,964,1038
348317,964,1035
348318,966,1037
348319,967,1041
348320,968,1044
348321,971,1041
348322,969,1036
348323,966,1034
348324,964,1035
348325,965,1036
348326,962,1042
348327,967,1039
348328,967,1037
348329,963,1037
348330,962,1039
348331,962,1041
348332,967,1043
348333,967,1041
348334,966,1038
348335,964,1035
348336,963,1039
348337,966,1042
348338,967,1042
348339,965,1039
348340,965,1037
348341,969,1035
348342,972,1038
348343,970,1039
348344,971,1042
348345,974,1043
348346,972,1039
348347,968,1038
348348,970,1040
348349,971,1042
348350,975,1044
348351,977,1042
348352,977,1037
348353,973,1036
348354,972,1037
348355,974,1042
348356,974,1043
348357,975,1043
348358,973,1040
348359,971,1036
348360,970,1039
348361,970,1040
348362,971,1042
348363,967,1044
348364,967,1039
348365,968,1041
348366,963,1044
348367,966,1044
348368,968,1047
348369,971,1043
348370,972,1040
348371,968,1040
348372,965,1043
348373,972,1047
348374,976,1049
348375,976,1047
348376,975,1042
348377,971,1040
348378,968,1043
348379,970,1046
348380,975,1049
348381,975,1046
348382,975,1043
348383,970,1042
348384,973,1043
348385,973,1045
348386,977,1046
348387,974,1044
348388,973,1042
348389,968,1039
348390,971,1040
348391,977,1042
348392,977,1045
348393,979,1039
348394,976,1037
348395,972,1034
348396,971,1037
348397,974,1038
348398,979,1037
348399,977,1036
348400,976,1033
348401,973,1032
348402,974,1032
348403,975,1036
348404,977,1038
348405,977,1038
348406,977,1034
348407,973,1035
348408,975,1037
348409,976,1041
348410,975,1044
348411,975,1044
348412,975,1039
348413,976,1036
348414,977,1039
348415,976,1040
348416,976,1045
348417,978,1044
348418,975,1041
348419,975,1039
348420,975,1041
348421,978,1042
348422,980,1045
348423,981,1045
348424,974,1043
348425,975,1041
348426,975,1041
348427,975,1046
348428,978,1044
348429,978,1045
348430,976,1038
348431,972,1041
348432,971,1041
348433,970,1042
348434,976,1046
348435,978,1043
348436,975,1041
348437,971,1037
348438,970,1039
348439,970,1039
348440,974,1043
348441,975,1041
348442,974,1038
348443,975,1035
348444,978,1039
348445,983,1042
348446,985,1043
348447,987,1039
348448,981,1035
348449,979,1035
348450,979,1039
348451,981,1041
348452,981,1041
348453,980,1040
348454,978,1038
348455,979,1039
348456,975,1041
348457,979,1042
348458,981,1042
348459,981,1039
348460,979,1036
348461,976,1036
348462,973,1037
348463,973,1042
348464,979,1044
348465,980,1040
348466,979,1040
348467,977,1036
348468,975,1038
348469,980,1041
348470,982,1040
348471,983,1040
348472,981,1039
348473,979,1038
348474,981,1039
348475,985,1044
348476,988,1044
348477,989,1043
348478,986,1039
348479,984,1038
348480,984,1041
348481,983,1042
348482,984,1043
348483,985,1044
348484,981,1039
348485,979,1035
348486,980,1039
348487,980,1042
348488,985,1044
348489,986,1043
348490,984,1041
348491,982,1037
348492,983,1037
348493,986,1039
348494,987,1039
348495,986,1036
348496,984,1033
348497,981,1034
348498,981,1037
348499,980,1038
348500,983,1038
348501,981,1037
348502,980,1036
348503,979,1034
348504,979,1037
348505,981,1041
348506,985,1039
348507,984,1041
348508,982,1039
348509,981,1039
348510,979,1039
348511,979,1039
348512,981,1041
348513,981,1041
348514,979,1038
348515,979,1036
348516,978,1038
348517,979,1041
348518,983,1040
348519,981,1039
348520,978,1035
348521,976,1035
348522,975,1034
348523,979,1037
348524,985,1040
348525,979,1035
348526,978,1034
348527,977,1031
348528,978,1036
348529,979,1039
348530,979,1038
348531,978,1038
348532,975,1036
348533,973,1037
348534,975,1040
348535,980,1043
348536,985,1044
348537,986,1043
348538,985,1040
348539,980,1038
348540,979,1038
348541,982,1040
348542,983,1042
348543,986,1038
348544,985,1037
348545,980,1036
348546,980,1033
348547,985,1038
348548,986,1040
348549,989,1037
348550,983,1036
348551,985,1034
348552,984,1036
348553,988,1036
348554,992,1037
348555,992,1035
348556,991,1032
348557,990,1032
348558,993,1031
348559,995,1032
348560,997,1030
348561,999,1027
348562,1006,1020
348563,1015,1019
348564,1031,1020
348565,1054,1022
348566,1084,1024
348567,1118,1016
348568,1151,1007
348569,1191,998
348570,1231,993
348571,1272,995
348572,1312,999
348573,1334,999
348574,1336,1005
348575,1308,1015
348576,1258,1022
348577,1201,1029
348578,1142,1035
348579,1082,1039
348580,1022,1045
348581,984,1046
348582,965,1050
348583,962,1054
348584,971,1055
348585,980,1049
348586,986,1042
348587,985,1036
348588,984,1036
348589,984,1038
348590,985,1040
348591,978,1038
348592,975,1036
348593,969,1035
348594,970,1038
348595,970,1040
348596,972,1043
348597,973,1041
348598,970,1039
348599,965,1035
348600,966,1040
348601,964,1042
348602,965,1044
348603,967,1041
348604,964,1036
348605,962,1036
348606,960,1039
348607,963,1041
348608,966,1040
348609,966,1037
348610,966,1034
348611,965,1033
348612,964,1033
348613,966,1033
348614,966,1034
348615,963,1032
348616,963,1031
348617,961,1030
348618,959,1034
348619,963,1034
348620,964,1033
348621,963,1035
348622,960,1033
348623,956,1033
348624,954,1034
348625,956,1037
348626,960,1039
348627,963,1038
348628,962,1035
348629,961,1033
348630,958,1037
348631,958,1039
348632,964,1041
348633,963,1037
348634,959,1033
348635,958,1033
348636,956,1035
348637,960,1039
348638,966,1039
348639,967,1038
348640,965,1036
348641,966,1031
348642,968,1035
348643,971,1034
348644,974,1037
348645,970,1032
348646,968,1029
348647,967,1026
348648,967,1027
348649,969,1028
348650,974,1027
348651,970,1027
348652,970,1024
348653,969,1023
348654,975,1025
348655,977,1024
348656,980,1025
348657,982,1021
348658,981,1018
348659,981,1016
348660,984,1014
348661,988,1017
348662,988,1018
348663,990,1015
348664,993,1012
348665,992,1012
348666,991,1011
348667,993,1013
348668,994,1015
348669,995,1013
348670,994,1009
348671,995,1010
348672,999,1011
348673,1003,1012
348674,1009,1013
348675,1011,1011
348676,1010,1009
348677,1010,1009
348678,1012,1011
348679,1017,1013
348680,1022,1013
348681,1022,1013
348682,1019,1009
348683,1023,1009
348684,1023,1015
348685,1024,1018
348686,1027,1019
348687,1027,1019
348688,1029,1016
348689,1021,1015
348690,1023,1020
348691,1023,1022
348692,1022,1024
348693,1020,1023
348694,1018,1020
348695,1015,1022
348696,1011,1026
348697,1011,1027
348698,1010,1030
348699,1010,1028
348700,1006,1028
348701,1000,1029
348702,999,1030
348703,1001,1035
348704,1003,1035
348705,1003,1033
348706,998,1032
348707,994,1031
348708,988,1033
348709,987,1037
348710,991,1040
348711,991,1039
348712,993,1036
348713,989,1036
348714,989,1037
348715,994,1037
348716,995,1041
348717,997,1040
348718,993,1038
348719,990,1038
348720,988,1040
348721,990,1043
348722,991,1046
348723,995,1041
348724,991,1039
348725,990,1037
348726,992,1039
348727,994,1039
348728,998,1044
348729,995,1041
348730,994,1039
348731,990,1038
348732,988,1037
348733,993,1040
348734,998,1043
348735,996,1039
348736,994,1036
348737,993,1035
348738,992,1036
348739,996,1039
348740,996,1039
348741,992,1037
348742,992,1036
348743,992,1033
348744,990,1037
348745,994,1040
348746,997,1040
348747,995,1033
348748,991,1034
348749,987,1034
348750,987,1037
348751,989,1038
348752,993,1039
348753,991,1036
348754,989,1035
348755,990,1032
348756,989,1032
348757,989,1035
348758,992,1035
348759,990,1035
348760,986,1033
348761,987,1034
348762,987,1037
348763,994,1040
348764,996,1041
348765,995,1036
348766,994,1034
348767,989,1032
348768,989,1037
348769,992,1039
348770,995,1039
348771,994,1040
348772,989,1038
348773,990,1040
348774,993,1041
348775,996,1044
348776,997,1045
348777,995,1044
348778,992,1043
348779,986,1040
348780,985,1043
348781,985,1046
348782,987,1047
348783,988,1044
348784,986,1040
348785,982,1041
348786,984,1043
348787,985,1045
348788,989,1048
348789,989,1046
348790,985,1040
348791,981,1037
348792,982,1040
348793,984,1042
348794,989,1041
348795,990,1039
348796,986,1035
348797,981,1038
348798,982,1042
348799,985,1045
348800,986,1046
348801,984,1043
348802,979,1041
348803,973,1041
348804,973,1044
348805,974,1044
348806,978,1044
348807,981,1044
348808,979,1041
348809,977,1043
348810,975,1043
348811,979,1043
348812,980,1045
348813,980,1041
348814,978,1039
348815,974,1037
348816,977,1039
348817,978,1040
348818,979,1045
348819,978,1043
348820,979,1040
348821,980,1042
348822,975,1045
348823,976,1043
348824,982,1045
348825,983,1044
348826,984,1042
348827,980,1040
348828,978,1043
348829,981,1044
348830,980,1046
348831,977,1046
348832,978,1041
348833,975,1042
348834,974,1044
348835,977,1046
348836,979,1044
348837,975,1045
348838,971,1040
348839,972,1039
348840,972,1041
348841,977,1045
348842,984,1045
348843,985,1044
348844,983,1043
348845,982,1043
348846,977,1042
348847,980,1044
348848,985,1045
348849,978,1043
348850,979,1041
348851,979,1043
348852,978,1044
348853,980,1046
348854,983,1045
348855,980,1043
348856,979,1040
348857,981,1034
348858,988,1035
348859,1000,1036
348860,1013,1034
348861,1024,1033
348862,1043,1027
348863,1065,1024
348864,1098,1020
348865,1138,1013
348866,1178,1007
348867,1221,999
348868,1257,997
348869,1288,1005
348870,1307,1023
348871,1301,1039
348872,1266,1047
348873,1205,1047
348874,1138,1046
348875,1073,1057
348876,1009,1070
348877,961,1084
348878,936,1092
348879,931,1092
348880,944,1086
348881,954,1074
348882,961,1061
348883,966,1060
348884,969,1054
348885,968,1051
348886,966,1047
348887,962,1045
348888,961,1046
348889,963,1048
348890,966,1049
348891,961,1047
348892,957,1045
348893,954,1042
348894,952,1044
348895,956,1047
348896,956,1047
348897,956,1045
348898,952,1042
348899,946,1039
348900,944,1042
348901,946,1047
348902,948,1044
348903,947,1040
348904,944,1040
348905,943,1038
348906,942,1041
348907,949,1042
348908,953,1044
348909,952,1040
348910,948,1036
348911,943,1034
348912,945,1039
348913,949,1043
348914,949,1044
348915,950,1040
348916,949,1034
348917,948,1033
348918,950,1037
348919,953,1039
348920,953,1041
348921,950,1037
348922,946,1036
348923,945,1036
348924,945,1038
348925,949,1037
348926,952,1037
348927,952,1036
348928,952,1033
348929,951,1034
348930,949,1034
348931,953,1038
348932,957,1036
348933,955,1034
348934,950,1028
348935,946,1028
348936,947,1030
348937,953,1035
348938,957,1033
348939,953,1030
348940,953,1023
348941,952,1023
348942,952,1026
348943,953,1031
348944,962,1027
348945,961,1024
348946,960,1019
348947,962,1016
348948,966,1017
348949,970,1017
348950,971,1018
348951,972,1014
348952,967,1009
348953,963,1008
348954,964,1011
348955,970,1012
348956,974,1013
348957,975,1011
348958,974,1006
348959,974,1005
348960,971,1003
348961,973,1008
348962,976,1005
348963,975,1006
348964,975,1003
348965,976,1003
348966,975,1007
348967,981,1008
348968,983,1006
348969,982,1007
348970,981,1006
348971,981,1009
348972,981,1011
348973,983,1014
348974,984,1018
348975,980,1016
348976,976,1014
348977,976,1014
348978,978,1019
348979,979,1023
348980,981,1024
348981,981,1024
348982,975,1021
348983,974,1024
348984,974,1029
348985,974,1033
348986,972,1036
348987,971,1034
348988,966,1034
348989,964,1034
348990,962,1039
348991,963,1040
348992,960,1044
348993,957,1044
348994,956,1041
348995,956,1042
348996,954,1043
348997,957,1046
348998,959,1044
348999,957,1044
349000,955,1042
349001,957,1043
349002,955,1046
349003,960,1048
349004,963,1047
349005,961,1047
349006,959,1043
349007,958,1042
349008,957,1044
349009,960,1044
349010,966,1046
349011,970,1045
349012,971,1045
349013,971,1046
349014,973,1047
349015,981,1051
349016,987,1054
349017,991,1054
349018,994,1054
349019,997,1057
349020,1002,1059
349021,1013,1063
349022,1026,1060
349023,1039,1054
349024,1044,1036
349025,1051,1021
349026,1066,1010
349027,1080,1001
349028,1104,990
349029,1118,975
349030,1133,962
349031,1146,949
349032,1166,932
349033,1186,917
349034,1207,899
349035,1226,883
349036,1238,870
349037,1247,855
349038,1249,848
349039,1256,846
349040,1253,847
349041,1247,842
349042,1242,837
349043,1233,835
349044,1222,833
349045,1207,833
349046,1188,834
349047,1165,831
349048,1145,835
349049,1119,838
349050,1091,846
349051,1068,859
349052,1049,869
349053,1032,881
349054,1024,886
349055,1014,895
349056,1010,907
349057,1008,922
349058,1006,932
349059,1002,939
349060,997,945
349061,1000,953
349062,1011,966
349063,1028,977
349064,1049,984
349065,1060,988
349066,1067,988
349067,1061,992
349068,1046,1001
349069,1022,1008
349070,987,1017
349071,953,1029
349072,929,1035
349073,914,1048
349074,910,1063
349075,905,1079
349076,907,1089
349077,902,1090
349078,896,1089
349079,887,1092
349080,884,1095
349081,883,1100
349082,884,1105
349083,880,1105
349084,873,1104
349085,872,1105
349086,872,1110
349087,872,1117
349088,875,1120
349089,875,1116
349090,871,1118
349091,865,1118
349092,865,1123
349093,864,1127
349094,865,1128
349095,864,1129
349096,861,1127
349097,856,1126
349098,851,1129
349099,853,1135
349100,858,1137
349101,858,1138
349102,857,1139
349103,853,1137
349104,854,1142
349105,853,1146
349106,857,1147
349107,857,1150
349108,854,1152
349109,849,1152
349110,853,1157
349111,855,1165
349112,852,1165
349113,848,1165
349114,849,1167
349115,847,1170
349116,849,1174
349117,852,1178
349118,857,1183
349119,854,1181
349120,854,1179
349121,850,1180
349122,845,1183
349123,847,1188
349124,855,1188
349125,859,1189
349126,859,1187
349127,858,1184
349128,861,1188
349129,862,1192
349130,871,1194
349131,872,1191
349132,872,1189
349133,874,1188
349134,875,1191
349135,882,1191
349136,887,1191
349137,889,1187
349138,890,1184
349139,894,1180
349140,897,1178
349141,900,1174
349142,909,1173
349143,908,1168
349144,908,1160
349145,910,1155
349146,915,1151
349147,919,1153
349148,927,1147
349149,930,1142
349150,929,1135
349151,929,1129
349152,931,1124
349153,936,1121
349154,942,1116
349155,940,1113
349156,944,1106
349157,940,1104
349158,943,1100
349159,941,1097
349160,944,1093
349161,943,1088
349162,943,1083
349163,940,1079
349164,945,1079
349165,942,1078
349166,947,1078
349167,946,1072
349168,945,1067
349169,947,1063
349170,952,1059
349171,952,1057
349172,953,1056
349173,952,1054
349174,949,1051
349175,950,1049
349176,949,1049
349177,950,1052
349178,950,1051
349179,953,1051
349180,952,1048
349181,949,1047
349182,950,1048
349183,953,1047
349184,956,1049
349185,959,1046
349186,959,1043
349187,956,1043
349188,956,1044
349189,959,1047
349190,958,1046
349191,954,1045
349192,953,1044
349193,949,1045
349194,952,1049
349195,955,1050
349196,956,1049
349197,957,1049
349198,956,1042
349199,954,1041
349200,957,1044
349201,958,1048
349202,962,1049
349203,963,1046
349204,961,1044
349205,956,1041
349206,958,1043
349207,960,1048
349208,961,1044
349209,957,1041
349210,957,1040
349211,956,1042
349212,960,1045
349213,965,1046
349214,968,1045
349215,969,1042
349216,965,1040
349217,965,1038
349218,963,1039
349219,963,1042
349220,967,1043
349221,965,1039
349222,962,1036
349223,962,1035
349224,963,1039
349225,964,1038
349226,967,1039
349227,963,1039
349228,961,1035
349229,959,1037
349230,961,1039
349231,963,1041
349232,968,1041
349233,966,1039
349234,961,1037
349235,958,1036
349236,960,1039
349237,962,1043
349238,965,1041
349239,960,1039
349240,958,1033
349241,952,1034
349242,953,1039
349243,957,1043
349244,958,1045
349245,959,1045
349246,957,1042
349247,957,1039
349248,960,1044
349249,961,1044
349250,964,1045
349251,962,1045
349252,960,1044
349253,959,1044
349254,960,1047
349255,962,1048
349256,966,1048
349257,967,1046
349258,964,1040
349259,960,1038
349260,959,1040
349261,962,1045
349262,967,1045
349263,965,1045
349264,966,1043
349265,965,1040
349266,963,1042
349267,963,1043
349268,963,1043
349269,967,1040
349270,967,1036
349271,966,1037
349272,965,1039
349273,967,1043
349274,966,1043
349275,964,1041
349276,965,1041
349277,962,1040
349278,961,1039
349279,962,1038
349280,969,1041
349281,969,1038
349282,966,1039
349283,962,1034
349284,963,1036
349285,966,1041
349286,967,1038
349287,963,1035
349288,961,1033
349289,959,1034
349290,961,1037
349291,965,1040
349292,968,1039
349293,967,1038
349294,966,1037
349295,962,1037
349296,964,1039
349297,966,1040
349298,971,1041
349299,968,1042
349300,967,1038
349301,965,1039
349302,966,1041
349303,969,1046
349304,971,1041
349305,968,1041
349306,964,1040
349307,961,1042
349308,960,1043
349309,966,1043
349310,969,1043
349311,971,1043
349312,969,1038
349313,970,1040
349314,971,1044
349315,972,1046
349316,976,1044
349317,973,1043
349318,970,1039
349319,970,1042
349320,973,1044
349321,976,1045
349322,976,1044
349323,972,1044
349324,973,1042
349325,968,1043
349326,967,1041
349327,971,1042
349328,976,1041
349329,981,1040
349330,976,1037
349331,974,1035
349332,973,1038
349333,975,1038
349334,980,1039
349335,977,1039
349336,972,1037
349337,972,1033
349338,978,1033
349339,987,1032
349340,999,1030
349341,1006,1027
349342,1014,1024
349343,1029,1023
349344,1054,1022
349345,1092,1022
349346,1131,1012
349347,1164,1001
349348,1199,993
349349,1236,990
349350,1276,997
349351,1300,1013
349352,1305,1028
349353,1271,1040
349354,1213,1042
349355,1146,1042
349356,1083,1054
349357,1026,1067
349358,975,1076
349359,945,1081
349360,938,1078
349361,951,1070
349362,962,1059
349363,970,1053
349364,973,1049
349365,967,1045
349366,958,1042
349367,955,1041
349368,952,1044
349369,957,1048
349370,958,1047
349371,961,1042
349372,958,1039
349373,954,1040
349374,948,1043
349375,950,1044
349376,952,1044
349377,952,1041
349378,950,1041
349379,949,1040
349380,948,1041
349381,951,1042
349382,956,1041
349383,956,1042
349384,954,1040
349385,946,1039
349386,944,1040
349387,946,1044
349388,951,1047
349389,953,1046
349390,951,1041
349391,948,1044
349392,948,1047
349393,950,1046
349394,954,1045
349395,953,1045
349396,952,1042
349397,950,1040
349398,949,1045
349399,952,1043
349400,954,1043
349401,953,1039
349402,952,1038
349403,950,1036
349404,952,1038
349405,950,1042
349406,951,1040
349407,948,1037
349408,947,1036
349409,947,1034
349410,949,1039
349411,952,1036
349412,958,1038
349413,957,1032
349414,950,1029
349415,945,1030
349416,944,1031
349417,949,1032
349418,950,1032
349419,951,1029
349420,950,1025
349421,951,1023
349422,948,1025
349423,953,1029
349424,957,1028
349425,958,1026
349426,957,1020
349427,954,1018
349428,954,1019
349429,960,1023
349430,964,1022
349431,966,1017
349432,966,1012
349433,965,1013
349434,964,1010
349435,970,1013
349436,973,1012
349437,970,1012
349438,970,1008
349439,969,1004
349440,972,1007
349441,976,1011
349442,980,1007
349443,981,1005
349444,981,1003
349445,978,1002
349446,978,1005
349447,984,1005
349448,987,1006
349449,987,1005
349450,991,1003
349451,990,1004
349452,992,1006
349453,994,1009
349454,996,1012
349455,996,1014
349456,994,1011
349457,987,1012
349458,988,1014
349459,991,1018
349460,997,1023
349461,995,1022
349462,988,1021
349463,984,1022
349464,979,1028
349465,978,1032
349466,979,1036
349467,982,1032
349468,979,1032
349469,975,1035
349470,973,1037
349471,974,1042
349472,976,1045
349473,975,1042
349474,966,1038
349475,963,1038
349476,964,1042
349477,967,1045
349478,972,1046
349479,965,1045
349480,964,1039
349481,962,1042
349482,962,1046
349483,965,1049
349484,968,1048
349485,966,1048
349486,962,1045
349487,960,1043
349488,958,1042
349489,961,1045
349490,965,1044
349491,966,1042
349492,967,1037
349493,966,1037
349494,963,1038
349495,961,1039
349496,965,1041
349497,969,1040
349498,973,1037
349499,972,1035
349500,963,1036
349501,964,1041
349502,968,1042
349503,973,1041
349504,970,1038
349505,970,1035
349506,970,1038
349507,974,1039
349508,981,1038
349509,982,1038
349510,977,1034
349511,970,1035
349512,971,1038
349513,972,1043
349514,973,1041
349515,974,1041
349516,974,1036
349517,969,1036
349518,970,1037
349519,974,1041
349520,979,1042
349521,978,1039
349522,977,1037
349523,971,1036
349524,971,1037
349525,970,1040
349526,969,1042
349527,970,1044
349528,971,1041
349529,971,1040
349530,972,1043
349531,972,1047
349532,969,1046
349533,968,1045
349534,970,1045
349535,965,1042
349536,965,1044
349537,967,1044
349538,967,1045
349539,963,1041
349540,960,1037
349541,957,1039
349542,962,1042
349543,967,1044
349544,969,1041
349545,970,1037
349546,969,1038
349547,967,1036
349548,968,1037
349549,967,1040
349550,967,1040
349551,966,1035
349552,962,1036
349553,965,1038
349554,968,1040
349555,969,1041
349556,969,1043
349557,968,1043
349558,966,1040
349559,962,1042
349560,966,1042
349561,966,1045
349562,969,1046
349563,971,1043
349564,968,1040
349565,968,1042
349566,969,1043
349567,970,1044
349568,972,1045
349569,973,1044
349570,969,1041
349571,968,1042
349572,969,1045
349573,968,1049
349574,969,1047
349575,969,1045
349576,966,1043
349577,966,1041
349578,969,1046
349579,971,1049
349580,974,1047
349581,970,1044
349582,966,1042
349583,967,1041
349584,966,1045
349585,968,1047
349586,969,1048
349587,968,1046
349588,965,1043
349589,964,1044
349590,971,1047
349591,974,1052
349592,975,1052
349593,974,1050
349594,968,1051
349595,962,1049
349596,966,1048
349597,971,1051
349598,975,1045
349599,972,1040
349600,966,1038
349601,969,1037
349602,973,1039
349603,976,1041
349604,979,1042
349605,976,1040
349606,975,1036
349607,973,1033
349608,975,1036
349609,981,1035
349610,993,1034
349611,1004,1030
349612,1017,1024
349613,1031,1021
349614,1054,1022
349615,1091,1022
349616,1133,1012
349617,1176,1002
349618,1212,1000
349619,1253,1006
349620,1288,1023
349621,1302,1045
349622,1289,1062
349623,1244,1066
349624,1182,1064
349625,1118,1067
349626,1053,1076
349627,998,1092
349628,955,1101
349629,936,1105
349630,935,1101
349631,948,1093
349632,960,1084
349633,967,1072
349634,972,1063
349635,973,1052
349636,970,1049
349637,962,1046
349638,960,1047
349639,960,1050
349640,958,1047
349641,955,1046
349642,951,1041
349643,949,1042
349644,950,1046
349645,952,1047
349646,952,1049
349647,950,1046
349648,949,1040
349649,949,1042
349650,949,1041
349651,949,1045
349652,954,1042
349653,957,1040
349654,956,1036
349655,955,1033
349656,954,1040
349657,952,1041
349658,954,1040
349659,953,1040
349660,951,1034
349661,950,1035
349662,951,1037
349663,953,1042
349664,955,1041
349665,952,1039
349666,950,1036
349667,945,1035
349668,947,1036
349669,952,1038
349670,955,1039
349671,956,1035
349672,953,1038
349673,951,1037
349674,954,1039
349675,952,1040
349676,953,1038
349677,952,1036
349678,952,1031
349679,951,1028
349680,953,1032
349681,959,1031
349682,961,1032
349683,963,1031
349684,963,1025
349685,956,1027
349686,961,1028
349687,962,1029
349688,960,1028
349689,957,1024
349690,955,1019
349691,958,1018
349692,959,1020
349693,963,1022
349694,965,1021
349695,965,1019
349696,963,1017
349697,960,1015
349698,968,1016
349699,972,1014
349700,978,1013
349701,975,1007
349702,972,1005
349703,967,1002
349704,972,1003
349705,976,1006
349706,974,1003
349707,971,1003
349708,972,999
349709,970,999
349710,972,1002
349711,977,1004
349712,979,1003
349713,981,1002
349714,978,996
349715,979,996
349716,979,999
349717,983,1003
349718,986,1004
349719,989,1002
349720,988,1001
349721,984,1001
349722,986,1005
349723,990,1012
349724,996,1013
349725,994,1012
349726,994,1012
349727,988,1014
349728,990,1019
349729,997,1024
349730,1000,1026
349731,996,1024
349732,990,1024
349733,984,1029
349734,982,1031
349735,982,1036
349736,982,1038
349737,981,1041
349738,979,1040
349739,976,1040
349740,979,1047
349741,976,1047
349742,977,1051
349743,975,1049
349744,976,1045
349745,971,1045
349746,975,1047
349747,979,1046
349748,983,1050
349749,979,1044
349750,979,1044
349751,976,1043
349752,979,1046
349753,983,1048
349754,985,1048
349755,984,1043
349756,983,1042
349757,982,1044
349758,991,1045
349759,1000,1048
349760,1008,1049
349761,1008,1046
349762,1009,1050
349763,1011,1049
349764,1018,1052
349765,1029,1056
349766,1045,1051
349767,1061,1042
349768,1073,1025
349769,1081,1010
349770,1098,998
349771,1115,987
349772,1134,975
349773,1148,961
349774,1159,945
349775,1171,934
349776,1186,922
349777,1205,906
349778,1225,887
349779,1245,869
349780,1259,855
349781,1270,843
349782,1281,834
349783,1286,835
349784,1286,835
349785,1283,835
349786,1275,832
349787,1270,832
349788,1265,830
349789,1259,831
349790,1244,829
349791,1221,827
349792,1198,830
349793,1170,837
349794,1145,846
349795,1122,856
349796,1096,866
349797,1078,876
349798,1066,887
349799,1057,903
349800,1055,918
349801,1056,936
349802,1053,944
349803,1044,951
349804,1042,957
349805,1043,964
349806,1054,977
349807,1074,988
349808,1094,989
349809,1106,992
349810,1101,992
349811,1076,999
349812,1034,1010
349813,997,1022
349814,966,1033
349815,947,1046
349816,932,1058
349817,924,1067
349818,924,1080
349819,921,1088
349820,920,1091
349821,916,1094
349822,911,1091
349823,908,1094
349824,899,1100
349825,901,1104
349826,900,1105
349827,896,1102
349828,894,1101
349829,894,1106
349830,890,1110
349831,891,1114
349832,892,1115
349833,890,1115
349834,888,1111
349835,883,1112
349836,882,1119
349837,883,1122
349838,883,1123
349839,883,1124
349840,881,1124
349841,877,1126
349842,875,1130
349843,880,1134
349844,882,1135
349845,877,1135
349846,874,1133
349847,868,1136
349848,867,1140
349849,867,1145
349850,870,1148
349851,870,1152
349852,869,1152
349853,870,1153
349854,871,1158
349855,873,1163
349856,872,1164
349857,871,1166
349858,867,1167
349859,863,1169
349860,868,1170
349861,871,1175
349862,873,1177
349863,871,1179
349864,869,1178
349865,868,1181
349866,870,1185
349867,877,1189
349868,880,1186
349869,881,1185
349870,876,1184
349871,876,1183
349872,881,1184
349873,884,1185
349874,892,1183
349875,895,1180
349876,896,1171
349877,896,1169
349878,899,1168
349879,906,1168
349880,915,1164
349881,916,1157
349882,914,1152
349883,919,1148
349884,923,1144
349885,930,1145
349886,932,1138
349887,931,1133
349888,932,1125
349889,938,1120
349890,941,1117
349891,949,1115
349892,954,1108
349893,958,1100
349894,956,1092
349895,954,1088
349896,955,1087
349897,956,1088
349898,962,1086
349899,965,1080
349900,965,1073
349901,965,1072
349902,965,1073
349903,962,1072
349904,966,1069
349905,969,1066
349906,970,1056
349907,968,1055
349908,969,1056
349909,971,1055
349910,976,1053
349911,970,1049
349912,967,1045
349913,965,1045
349914,967,1048
349915,970,1049
349916,976,1048
349917,977,1043
349918,974,1044
349919,976,1038
349920,977,1044
349921,977,1043
349922,976,1046
349923,974,1042
349924,970,1040
349925,967,1043
349926,973,1045
349927,975,1045
349928,979,1045
349929,979,1042
349930,978,1041
349931,974,1041
349932,975,1042
349933,979,1044
349934,980,1044
349935,981,1042
349936,980,1039
349937,978,1040
349938,977,1041
349939,975,1043
349940,977,1045
349941,975,1041
349942,975,1041
349943,972,1042
349944,974,1045
349945,979,1046
349946,981,1049
349947,981,1042
349948,980,1043
349949,979,1043
349950,980,1046
349951,983,1046
349952,985,1045
349953,984,1040
349954,982,1035
349955,981,1036
349956,984,1039
349957,989,1043
349958,991,1040
349959,990,1038
349960,989,1035
349961,986,1037
349962,989,1040
349963,993,1042
349964,996,1042
349965,988,1038
349966,984,1035
349967,984,1038
349968,985,1039
349969,988,1043
349970,990,1039
349971,990,1038
349972,989,1035
349973,987,1035
349974,988,1039
349975,986,1041
349976,990,1042
349977,992,1039
349978,988,1038
349979,985,1039
349980,983,1041
349981,987,1044
349982,991,1043
349983,989,1040
349984,988,1038
349985,987,1037
349986,986,1039
349987,988,1040
349988,988,1038
349989,982,1036
349990,977,1035
349991,977,1037
349992,979,1040
349993,980,1040
349994,986,1041
349995,984,1039
349996,986,1036
349997,984,1034
349998,983,1038
349999,988,1038
350000,990,1039
350001,989,1036
350002,988,1035
350003,982,1038
350004,984,1041
350005,988,1043
350006,992,1043
350007,992,1042
350008,992,1040
350009,993,1038
350010,993,1039
350011,994,1043
350012,995,1043
350013,993,1040
350014,994,1035
350015,989,1036
350016,993,1040
350017,995,1042
350018,999,1041
350019,995,1038
350020,995,1033
350021,990,1036
350022,993,1037
350023,992,1039
350024,993,1039
350025,991,1037
350026,987,1034
350027,985,1036
350028,987,1035
350029,991,1038
350030,993,1040
350031,993,1040
350032,984,1035
350033,981,1036
350034,982,1036
350035,989,1037
350036,994,1036
350037,992,1032
350038,992,1030
350039,988,1032
350040,991,1035
350041,992,1037
350042,998,1035
350043,998,1033
350044,996,1032
350045,993,1032
350046,995,1037
350047,999,1040
350048,1002,1040
350049,1000,1040
350050,996,1036
350051,993,1039
350052,993,1039
350053,1004,1041
350054,1008,1037
350055,1005,1034
350056,1002,1034
350057,994,1035
350058,1001,1039
350059,1000,1042
350060,1003,1041
350061,1000,1037
350062,999,1034
350063,998,1035
350064,997,1040
350065,1002,1041
350066,1004,1041
350067,999,1038
350068,999,1036
350069,998,1036
350070,999,1040
350071,1003,1039
350072,999,1039
350073,997,1037
350074,996,1034
350075,993,1037
350076,995,1037
350077,995,1039
350078,994,1037
350079,996,1036
350080,992,1034
350081,991,1032
350082,990,1034
350083,993,1032
350084,999,1034
350085,1003,1036
350086,1000,1032
350087,999,1033
350088,1003,1035
350089,1002,1036
350090,1005,1035
350091,1007,1032
350092,1006,1028
350093,1006,1023
350094,1014,1026
350095,1026,1025
350096,1044,1024
350097,1062,1022
350098,1081,1015
350099,1109,1012
350100,1149,1005
350101,1197,1001
350102,1249,998
350103,1292,1001
350104,1324,1011
350105,1331,1027
350106,1318,1044
350107,1271,1050
350108,1209,1051
350109,1140,1054
350110,1075,1059
350111,1013,1068
350112,971,1078
350113,959,1083
350114,972,1077
350115,987,1065
350116,992,1051
350117,988,1046
350118,990,1044
350119,992,1043
350120,989,1041
350121,984,1037
350122,978,1036
350123,974,1037
350124,974,1037
350125,977,1037
350126,978,1040
350127,973,1036
350128,967,1034
350129,965,1034
350130,965,1037
350131,966,1041
350132,971,1038
350133,970,1035
350134,971,1032
350135,969,1032
350136,971,1036
350137,972,1039
350138,974,1041
350139,975,1038
350140,976,1035
350141,975,1035
350142,977,1038
350143,978,1039
350144,982,1037
350145,977,1034
350146,973,1034
350147,971,1034
350148,971,1037
350149,974,1036
350150,973,1036
350151,973,1034
350152,972,1030
350153,969,1031
350154,970,1033
350155,972,1036
350156,974,1036
350157,972,1033
350158,967,1032
350159,970,1031
350160,970,1033
350161,972,1037
350162,973,1035
350163,972,1032
350164,968,1028
350165,970,1025
350166,972,1029
350167,978,1032
350168,979,1030
350169,979,1027
350170,975,1021
350171,974,1022
350172,982,1022
350173,981,1023
350174,974,1021
350175,972,1017
350176,974,1010
350177,974,1005
350178,972,1007
350179,974,1008
350180,982,1006
350181,987,1003
350182,981,999
350183,978,998
350184,983,999
350185,985,1000
350186,991,997
350187,995,996
350188,992,992
350189,991,995
350190,996,997
350191,997,1002
350192,999,1000
350193,1000,999
350194,998,997
350195,1000,995
350196,1005,996
350197,1005,998
350198,1009,998
350199,1008,997
350200,1007,996
350201,1008,993
350202,1009,999
350203,1012,1006
350204,1018,1003
350205,1019,1005
350206,1013,1005
350207,1007,1005
350208,1008,1010
350209,1011,1011
350210,1015,1017
350211,1011,1017
350212,1007,1015
350213,1002,1017
350214,1004,1022
350215,1006,1029
350216,1009,1033
350217,1005,1031
350218,1002,1033
350219,998,1033
350220,996,1036
350221,998,1039
350222,999,1037
350223,997,1037
350224,994,1033
350225,992,1035
350226,988,1035
350227,988,1037
350228,988,1035
350229,987,1034
350230,986,1033
350231,980,1031
350232,975,1033
350233,979,1038
350234,982,1036
350235,984,1037
350236,984,1033
350237,980,1033
350238,983,1037
350239,989,1040
350240,994,1039
350241,997,1038
350242,988,1036
350243,989,1037
350244,990,1042
350245,995,1042
350246,995,1038
350247,993,1038
350248,987,1036
350249,984,1035
350250,985,1039
350251,990,1041
350252,995,1041
350253,997,1040
350254,989,1035
350255,987,1035
350256,994,1037
350257,997,1041
350258,999,1040
350259,995,1039
350260,994,1034
350261,993,1035
350262,994,1037
350263,996,1040
350264,998,1041
350265,998,1040
350266,996,1038
350267,996,1036
350268,998,1039
350269,1000,1039
350270,1008,1038
350271,1008,1034
350272,1009,1028
350273,1011,1027
350274,1000,1032
350275,988,1037
350276,984,1037
350277,984,1035
350278,985,1031
350279,978,1032
350280,977,1039
350281,981,1039
350282,986,1037
350283,985,1036
350284,979,1032
350285,974,1032
350286,976,1037
350287,980,1039
350288,984,1040
350289,984,1037
350290,980,1035
350291,978,1036
350292,979,1037
350293,983,1040
350294,986,1039
350295,985,1038
350296,983,1037
350297,979,1035
350298,978,1037
350299,979,1040
350300,984,1040
350301,981,1038
350302,981,1037
350303,977,1037
350304,977,1041
350305,982,1043
350306,987,1043
350307,984,1039
350308,980,1034
350309,977,1034
350310,981,1038
350311,988,1040
350312,990,1039
350313,986,1038
350314,989,1034
350315,998,1034
350316,1008,1031
350317,1007,1031
350318,988,1029
350319,969,1031
350320,960,1035
350321,958,1043
350322,966,1047
350323,973,1052
350324,978,1046
350325,982,1045
350326,980,1041
350327,974,1037
350328,971,1040
350329,966,1045
350330,963,1045
350331,961,1046
350332,964,1044
350333,963,1044
350334,968,1045
350335,970,1048
350336,970,1044
350337,965,1042
350338,968,1038
350339,966,1039
350340,968,1041
350341,970,1045
350342,976,1046
350343,977,1040
350344,975,1036
350345,970,1041
350346,973,1044
350347,974,1047
350348,975,1046
350349,976,1044
350350,975,1041
350351,977,1039
350352,976,1043
350353,976,1045
350354,978,1045
350355,980,1043
350356,982,1039
350357,985,1039
350358,990,1039
350359,987,1040
350360,983,1039
350361,981,1038
350362,979,1037
350363,977,1036
350364,984,1038
350365,993,1038
350366,1002,1034
350367,1004,1029
350368,1005,1024
350369,1012,1028
350370,1032,1030
350371,1066,1030
350372,1110,1022
350373,1148,1013
350374,1191,1009
350375,1238,1011
350376,1278,1026
350377,1303,1042
350378,1297,1057
350379,1257,1061
350380,1200,1059
350381,1136,1061
350382,1068,1070
350383,1008,1081
350384,961,1090
350385,932,1095
350386,939,1091
350387,951,1083
350388,959,1072
350389,966,1064
350390,971,1054
350391,972,1049
350392,966,1044
350393,962,1043
350394,963,1043
350395,968,1042
350396,971,1040
350397,972,1035
350398,972,1029
350399,969,1031
350400,967,1033
350401,965,1038
350402,964,1038
350403,963,1038
350404,962,1038
350405,963,1036
350406,961,1038
350407,955,1040
350408,953,1041
350409,955,1041
350410,960,1040
350411,963,1041
350412,972,1039
350413,967,1041
350414,963,1039
350415,951,1041
350416,943,1044
350417,943,1047
350418,948,1050
350419,955,1050
350420,960,1052
350421,962,1048
350422,959,1046
350423,956,1042
350424,952,1042
350425,957,1043
350426,959,1043
350427,957,1040
350428,958,1031
350429,956,1031
350430,957,1031
350431,958,1033
350432,958,1032
350433,958,1031
350434,956,1026
350435,955,1027
350436,956,1027
350437,957,1029
350438,957,1026
350439,958,1026
350440,954,1032
350441,945,1047
350442,952,1059
350443,956,1061
350444,966,1044
350445,972,1023
350446,977,1004
350447,982,1000
350448,986,1000
350449,989,1004
350450,994,1002
350451,996,1001
350452,998,997
350453,996,1000
350454,993,1002
350455,994,1007
350456,993,1011
350457,988,1009
350458,986,1007
350459,982,1011
350460,989,1013
350461,993,1015
350462,993,1017
350463,990,1016
350464,987,1014
350465,987,1014
350466,990,1018
350467,994,1019
350468,998,1019
350469,998,1014
350470,996,1011
350471,995,1012
350472,997,1015
350473,999,1019
350474,998,1018
350475,996,1018
350476,997,1017
350477,994,1018
350478,996,1023
350479,998,1026
350480,1002,1027
350481,1000,1025
350482,996,1025
350483,994,1027
350484,993,1030
350485,995,1035
350486,995,1032
350487,993,1032
350488,991,1030
350489,990,1029
350490,994,1035
350491,991,1035
350492,988,1037
350493,983,1037
350494,977,1042
350495,974,1047
350496,972,1054
350497,972,1058
350498,977,1057
350499,975,1057
350500,981,1054
350501,983,1053
350502,983,1057
350503,990,1058
350504,995,1061
350505,995,1059
350506,992,1057
350507,991,1055
350508,994,1057
350509,996,1062
350510,1000,1061
350511,999,1060
350512,997,1059
350513,998,1061
350514,1004,1061
350515,1011,1061
350516,1018,1062
350517,1019,1058
350518,1019,1058
350519,1019,1057
350520,1026,1060
350521,1034,1063
350522,1044,1060
350523,1053,1055
350524,1064,1046
350525,1077,1031
350526,1093,1019
350527,1109,1012
350528,1124,996
350529,1134,983
350530,1146,972
350531,1157,962
350532,1173,949
350533,1199,931
350534,1226,909
350535,1242,885
350536,1259,868
350537,1271,857
350538,1283,853
350539,1288,851
350540,1289,850
350541,1281,848
350542,1275,844
350543,1266,842
350544,1263,845
350545,1253,847
350546,1240,849
350547,1222,850
350548,1201,853
350549,1170,866
350550,1139,876
350551,1111,892
350552,1089,907
350553,1075,918
350554,1070,927
350555,1067,941
350556,1068,953
350557,1070,967
350558,1065,973
350559,1065,980
350560,1067,988
350561,1081,997
350562,1097,1005
350563,1118,1013
350564,1136,1011
350565,1130,1010
350566,1104,1013
350567,1063,1021
350568,1022,1030
350569,986,1046
350570,962,1055
350571,949,1066
350572,940,1075
350573,940,1085
350574,942,1090
350575,941,1094
350576,940,1096
350577,933,1093
350578,922,1097
350579,910,1100
350580,905,1106
350581,907,1116
350582,907,1112
350583,907,1113
350584,903,1113
350585,901,1115
350586,902,1118
350587,904,1119
350588,906,1121
350589,901,1116
350590,898,1113
350591,896,1116
350592,895,1117
350593,893,1120
350594,895,1124
350595,892,1125
350596,894,1123
350597,894,1124
350598,895,1129
350599,892,1136
350600,892,1139
350601,886,1138
350602,880,1139
350603,877,1146
350604,882,1152
350605,886,1157
350606,885,1159
350607,885,1160
350608,886,1161
350609,883,1162
350610,886,1165
350611,892,1172
350612,891,1172
350613,889,1177
350614,882,1177
350615,879,1178
350616,881,1185
350617,886,1188
350618,890,1187
350619,891,1185
350620,887,1184
350621,889,1186
350622,892,1187
350623,898,1192
350624,902,1191
350625,902,1188
350626,901,1185
350627,898,1184
350628,902,1186
350629,910,1187
350630,918,1184
350631,918,1178
350632,917,1174
350633,918,1169
350634,922,1169
350635,930,1169
350636,937,1165
350637,940,1158
350638,940,1151
350639,944,1148
350640,946,1147
350641,949,1147
350642,956,1138
350643,961,1132
350644,962,1124
350645,960,1120
350646,963,1117
350647,970,1116
350648,972,1110
350649,970,1103
350650,971,1098
350651,970,1096
350652,974,1094
350653,978,1095
350654,985,1088
350655,985,1084
350656,984,1080
350657,984,1077
350658,989,1077
350659,990,1079
350660,986,1076
350661,975,1073
350662,967,1072
350663,969,1071
350664,973,1071
350665,981,1073
350666,987,1070
350667,991,1068
350668,992,1063
350669,991,1063
350670,987,1062
350671,984,1065
350672,984,1061
350673,981,1062
350674,980,1061
350675,979,1064
350676,979,1067
350677,984,1070
350678,988,1066
350679,987,1064
350680,985,1059
350681,982,1061
350682,985,1061
350683,989,1062
350684,988,1059
350685,988,1057
350686,986,1057
350687,983,1057
350688,986,1059
350689,991,1060
350690,996,1058
350691,996,1056
350692,994,1052
350693,989,1052
350694,988,1054
350695,988,1057
350696,987,1055
350697,986,1055
350698,980,1053
350699,982,1054
350700,983,1054
350701,986,1057
350702,989,1054
350703,988,1051
350704,988,1047
350705,987,1046
350706,990,1049
350707,993,1052
350708,992,1049
350709,992,1049
350710,990,1049
350711,992,1048
350712,993,1051
350713,995,1055
350714,998,1056
350715,997,1052
350716,998,1050
350717,997,1052
350718,1000,1056
350719,1000,1060
350720,999,1060
350721,993,1058
350722,991,1055
350723,992,1056
350724,996,1058
350725,997,1062
350726,1003,1060
350727,1001,1058
350728,996,1055
350729,995,1055
350730,994,1061
350731,995,1064
350732,994,1063
350733,995,1061
350734,993,1055
350735,991,1059
350736,997,1057
350737,998,1058
350738,1000,1057
350739,998,1052
350740,995,1048
350741,996,1050
350742,997,1052
350743,1003,1054
350744,1010,1050
350745,1005,1048
350746,999,1043
350747,987,1045
350748,981,1050
350749,980,1056
350750,985,1055
350751,988,1052
350752,988,1047
350753,988,1048
350754,994,1051
350755,997,1051
350756,997,1046
350757,990,1042
350758,981,1043
350759,976,1048
350760,975,1052
350761,980,1054
350762,990,1054
350763,993,1050
350764,992,1048
350765,991,1050
350766,997,1051
350767,997,1054
350768,995,1054
350769,993,1053
350770,993,1052
350771,995,1056
350772,1002,1055
350773,1008,1055
350774,1013,1056
350775,1005,1050
350776,991,1051
350777,984,1053
350778,990,1057
350779,996,1062
350780,1001,1059
350781,1000,1057
350782,997,1055
350783,995,1055
350784,997,1057
350785,1003,1059
350786,1003,1057
350787,997,1058
350788,992,1054
350789,988,1056
350790,988,1057
350791,990,1059
350792,993,1057
350793,994,1054
350794,995,1050
350795,989,1049
350796,988,1052
350797,995,1056
350798,999,1052
350799,999,1050
350800,992,1049
350801,991,1049
350802,989,1052
350803,989,1054
350804,995,1051
350805,997,1048
350806,999,1048
350807,1003,1048
350808,1005,1047
350809,1002,1048
350810,994,1044
350811,986,1045
350812,983,1047
350813,980,1047
350814,979,1052
350815,987,1055
350816,991,1055
350817,992,1055
350818,988,1052
350819,989,1055
350820,991,1057
350821,994,1057
350822,998,1056
350823,995,1055
350824,995,1054
350825,993,1054
350826,995,1052
350827,999,1058
350828,1003,1057
350829,1002,1054
350830,1003,1053
350831,1001,1052
350832,1002,1054
350833,1003,1058
350834,1000,1055
350835,1001,1051
350836,1000,1049
350837,999,1051
350838,1001,1053
350839,1003,1052
350840,1004,1053
350841,1006,1049
350842,1005,1047
350843,1006,1048
350844,1004,1050
350845,1005,1052
350846,1002,1052
350847,999,1051
350848,997,1047
350849,999,1048
350850,1004,1047
350851,1012,1047
350852,1025,1042
350853,1036,1041
350854,1048,1035
350855,1063,1032
350856,1095,1033
350857,1130,1031
350858,1167,1023
350859,1203,1015
350860,1240,1012
350861,1280,1018
350862,1314,1032
350863,1330,1043
350864,1315,1051
350865,1277,1053
350866,1216,1054
350867,1156,1059
350868,1098,1071
350869,1043,1081
350870,1002,1087
350871,978,1088
350872,977,1081
350873,986,1077
350874,1000,1070
350875,1009,1063
350876,1008,1060
350877,1005,1053
350878,1002,1051
350879,999,1049
350880,999,1053
350881,1002,1053
350882,1001,1051
350883,994,1051
350884,985,1049
350885,980,1051
350886,980,1055
350887,983,1055
350888,982,1058
350889,979,1055
350890,977,1051
350891,974,1049
350892,981,1054
350893,984,1055
350894,988,1052
350895,987,1049
350896,986,1047
350897,980,1045
350898,973,1052
350899,972,1054
350900,970,1056
350901,973,1054
350902,970,1051
350903,970,1053
350904,974,1054
350905,984,1057
350906,989,1057
350907,994,1052
350908,991,1050
350909,980,1047
350910,970,1050
350911,965,1052
350912,969,1056
350913,973,1053
350914,976,1050
350915,978,1051
350916,984,1050
350917,987,1052
350918,989,1050
350919,987,1047
350920,984,1048
350921,979,1048
350922,984,1047
350923,991,1049
350924,997,1047
350925,998,1046
350926,993,1043
350927,988,1041
350928,988,1044
350929,994,1045
350930,999,1045
350931,998,1039
350932,995,1033
350933,994,1033
350934,993,1036
350935,998,1036
350936,999,1037
350937,994,1030
350938,993,1027
350939,996,1028
350940,1000,1025
350941,1008,1031
350942,1014,1028
350943,1011,1022
350944,1007,1019
350945,1002,1021
350946,1002,1022
350947,1006,1026
350948,1006,1024
350949,1002,1021
350950,1000,1019
350951,1003,1021
350952,1008,1023
350953,1017,1028
350954,1022,1026
350955,1020,1025
350956,1012,1019
350957,1006,1023
350958,1005,1025
350959,1015,1028
350960,1018,1025
350961,1019,1025
350962,1021,1023
350963,1021,1023
350964,1027,1023
350965,1033,1030
350966,1029,1028
350967,1021,1029
350968,1013,1029
350969,1014,1035
350970,1015,1039
350971,1017,1040
350972,1018,1041
350973,1019,1041
350974,1017,1042
350975,1016,1042
350976,1018,1045
350977,1018,1051
350978,1018,1050
350979,1017,1049
350980,1012,1049
350981,1007,1050
350982,1005,1053
350983,1009,1058
350984,1010,1058
350985,1017,1058
350986,1014,1054
350987,1004,1050
350988,998,1054
350989,992,1061
350990,992,1063
350991,996,1060
350992,995,1061
350993,994,1061
350994,995,1062
350995,997,1063
350996,997,1062
350997,997,1060
350998,995,1057
350999,999,1058
351000,1005,1058
351001,1011,1058
351002,1006,1056
351003,990,1056
351004,980,1057
351005,981,1061
351006,989,1063
351007,996,1063
351008,1000,1059
351009,998,1057
351010,995,1052
351011,998,1053
351012,1000,1054
351013,1005,1055
351014,1008,1057
351015,1007,1051
351016,1006,1051
351017,1004,1051
351018,1006,1055
351019,1008,1055
351020,1006,1055
351021,1003,1052
351022,998,1049
351023,998,1052
351024,1003,1056
351025,1012,1056
351026,1016,1053
351027,1014,1048
351028,1010,1045
351029,1006,1046
351030,1003,1049
351031,1005,1054
351032,1007,1052
351033,1003,1052
351034,1000,1051
351035,996,1050
351036,996,1053
351037,1000,1057
351038,1003,1056
351039,1000,1053
351040,1001,1049
351041,1000,1052
351042,1003,1055
351043,1011,1057
351044,1010,1056
351045,1008,1052
351046,1001,1053
351047,990,1053
351048,985,1057
351049,989,1060
351050,992,1059
351051,992,1059
351052,989,1057
351053,986,1056
351054,992,1054
351055,1000,1055
351056,1004,1051
351057,1006,1050
351058,1000,1047
351059,997,1049
351060,994,1052
351061,997,1052
351062,996,1051
351063,997,1050
351064,998,1046
351065,998,1047
351066,999,1051
351067,1002,1054
351068,998,1055
351069,996,1051
351070,995,1048
351071,992,1050
351072,995,1051
351073,996,1056
351074,1000,1052
351075,994,1051
351076,994,1049
351077,994,1051
351078,999,1055
351079,1004,1055
351080,1004,1055
351081,1003,1054
351082,1001,1051
351083,1001,1051
351084,1003,1053
351085,1003,1057
351086,998,1058
351087,995,1057
351088,990,1056
351089,989,1056
351090,991,1059
351091,996,1061
351092,991,1059
351093,982,1063
351094,983,1061
351095,986,1063
351096,990,1066
351097,995,1067
351098,1000,1063
351099,1001,1061
351100,1001,1057
351101,1004,1053
351102,1007,1053
351103,1012,1054
351104,1017,1053
351105,1027,1049
351106,1045,1044
351107,1069,1044
351108,1097,1042
351109,1134,1038
351110,1170,1024
351111,1207,1017
351112,1246,1015
351113,1283,1020
351114,1310,1036
351115,1314,1052
351116,1289,1057
351117,1239,1057
351118,1180,1059
351119,1115,1067
351120,1048,1080
351121,988,1093
351122,959,1094
351123,954,1096
351124,964,1089
351125,979,1076
351126,992,1073
351127,1002,1066
351128,1006,1058
351129,998,1052
351130,982,1050
351131,973,1051
351132,976,1055
351133,980,1057
351134,977,1056
351135,967,1056
351136,960,1056
351137,964,1060
351138,969,1062
351139,974,1063
351140,974,1059
351141,974,1056
351142,970,1055
351143,968,1054
351144,967,1058
351145,969,1060
351146,970,1060
351147,969,1057
351148,966,1054
351149,967,1055
351150,968,1057
351151,970,1060
351152,969,1061
351153,967,1057
351154,963,1054
351155,962,1055
351156,968,1057
351157,969,1061
351158,973,1057
351159,972,1055
351160,970,1052
351161,968,1052
351162,968,1052
351163,976,1051
351164,981,1052
351165,986,1049
351166,985,1047
351167,988,1046
351168,983,1046
351169,973,1049
351170,960,1051
351171,958,1051
351172,962,1049
351173,964,1051
351174,966,1049
351175,971,1051
351176,973,1049
351177,977,1044
351178,976,1043
351179,971,1044
351180,968,1047
351181,971,1049
351182,969,1045
351183,969,1043
351184,973,1039
351185,976,1041
351186,981,1042
351187,987,1045
351188,990,1041
351189,988,1038
351190,987,1035
351191,989,1036
351192,994,1033
351193,997,1035
351194,995,1033
351195,994,1029
351196,994,1026
351197,993,1028
351198,993,1033
351199,1002,1036
351200,1007,1031
351201,1010,1029
351202,1008,1025
351203,1006,1021
351204,1008,1028
351205,1011,1031
351206,1012,1030
351207,1008,1027
351208,1005,1023
351209,999,1023
351210,999,1026
351211,1002,1031
351212,1008,1030
351213,1011,1027
351214,1009,1028
351215,1008,1028
351216,1010,1031
351217,1010,1035
351218,1014,1034
351219,1011,1032
351220,1007,1031
351221,1005,1033
351222,1006,1037
351223,1010,1042
351224,1013,1041
351225,1004,1039
351226,997,1038
351227,994,1042
351228,988,1047
351229,989,1054
351230,989,1055
351231,986,1054
351232,982,1051
351233,982,1051
351234,984,1056
351235,990,1057
351236,994,1060
351237,989,1055
351238,983,1053
351239,979,1057
351240,983,1063
351241,981,1066
351242,974,1065
351243,968,1065
351244,968,1065
351245,972,1067
351246,978,1070
351247,980,1071
351248,981,1069
351249,983,1066
351250,983,1066
351251,983,1064
351252,987,1066
351253,993,1066
351254,991,1063
351255,991,1062
351256,987,1062
351257,982,1062
351258,986,1066
351259,991,1070
351260,993,1068
351261,994,1064
351262,991,1060
351263,990,1061
351264,993,1061
351265,993,1063
351266,990,1061
351267,982,1056
351268,979,1055
351269,981,1057
351270,985,1058
351271,991,1059
351272,995,1055
351273,992,1052
351274,987,1050
351275,988,1053
351276,983,1055
351277,986,1058
351278,984,1057
351279,984,1053
351280,984,1051
351281,986,1053
351282,987,1054
351283,989,1058
351284,987,1054
351285,988,1052
351286,987,1048
351287,985,1051
351288,986,1052
351289,989,1055
351290,992,1053
351291,992,1052
351292,991,1049
351293,991,1050
351294,993,1052
351295,993,1054
351296,984,1055
351297,978,1052
351298,975,1053
351299,979,1056
351300,985,1061
351301,989,1063
351302,989,1060
351303,987,1062
351304,988,1058
351305,990,1059
351306,993,1063
351307,998,1062
351308,1003,1060
351309,1000,1055
351310,990,1051
351311,989,1052
351312,990,1051
351313,1003,1050
351314,1015,1047
351315,1026,1044
351316,1042,1038
351317,1067,1039
351318,1097,1036
351319,1135,1034
351320,1179,1029
351321,1219,1023
351322,1258,1023
351323,1291,1026
351324,1318,1042
351325,1326,1058
351326,1316,1066
351327,1279,1064
351328,1221,1063
351329,1152,1070
351330,1077,1082
351331,1009,1091
351332,961,1096
351333,941,1094
351334,943,1085
351335,958,1074
351336,972,1069
351337,979,1066
351338,984,1059
351339,981,1054
351340,975,1051
351341,972,1051
351342,973,1054
351343,975,1054
351344,977,1053
351345,971,1051
351346,968,1051
351347,966,1053
351348,965,1056
351349,964,1060
351350,963,1056
351351,961,1054
351352,957,1051
351353,955,1053
351354,957,1056
351355,956,1059
351356,956,1058
351357,951,1059
351358,944,1057
351359,951,1059
351360,956,1058
351361,957,1056
351362,961,1056
351363,959,1053
351364,958,1051
351365,957,1052
351366,962,1052
351367,969,1056
351368,969,1053
351369,968,1051
351370,959,1048
351371,956,1049
351372,963,1050
351373,963,1051
351374,962,1051
351375,954,1048
351376,953,1046
351377,956,1047
351378,961,1049
351379,963,1049
351380,968,1047
351381,967,1045
351382,957,1043
351383,953,1044
351384,953,1049
351385,959,1050
351386,964,1048
351387,966,1043
351388,963,1039
351389,958,1039
351390,962,1039
351391,964,1042
351392,968,1037
351393,969,1034
351394,966,1031
351395,967,1032
351396,972,1033
351397,977,1033
351398,982,1030
351399,978,1024
351400,979,1021
351401,978,1021
351402,979,1021
351403,981,1022
351404,983,1020
351405,982,1015
351406,980,1011
351407,978,1010
351408,981,1014
351409,988,1013
351410,989,1010
351411,988,1008
351412,983,1004
351413,986,1006
351414,988,1010
351415,987,1010
351416,985,1010
351417,985,1010
351418,984,1011
351419,984,1014
351420,989,1016
351421,995,1017
351422,996,1018
351423,991,1020
351424,990,1019
351425,989,1021
351426,990,1026
351427,991,1031
351428,993,1030
351429,992,1030
351430,992,1028
351431,989,1032
351432,983,1035
351433,976,1043
351434,978,1045
351435,978,1043
351436,977,1044
351437,976,1047
351438,975,1049
351439,976,1053
351440,976,1054
351441,973,1051
351442,968,1053
351443,970,1050
351444,971,1053
351445,972,1057
351446,974,1056
351447,969,1056
351448,969,1053
351449,967,1054
351450,966,1057
351451,962,1060
351452,956,1061
351453,955,1059
351454,955,1057
351455,957,1060
351456,962,1060
351457,964,1066
351458,966,1061
351459,966,1059
351460,960,1055
351461,962,1056
351462,963,1059
351463,966,1061
351464,970,1061
351465,966,1055
351466,965,1054
351467,967,1055
351468,972,1058
351469,973,1062
351470,975,1060
351471,972,1058
351472,966,1056
351473,967,1057
351474,969,1058
351475,970,1059
351476,972,1050
351477,971,1050
351478,971,1047
351479,971,1048
351480,973,1048
351481,973,1052
351482,976,1052
351483,974,1049
351484,974,1048
351485,968,1048
351486,970,1052
351487,971,1052
351488,971,1053
351489,971,1051
351490,970,1049
351491,968,1051
351492,973,1053
351493,977,1054
351494,976,1052
351495,969,1051
351496,968,1051
351497,965,1053
351498,971,1054
351499,973,1056
351500,974,1057
351501,976,1054
351502,974,1049
351503,970,1052
351504,969,1056
351505,969,1057
351506,967,1056
351507,966,1054
351508,960,1052
351509,960,1052
351510,963,1056
351511,964,1058
351512,964,1058
351513,962,1053
351514,959,1051
351515,956,1050
351516,959,1053
351517,961,1058
351518,962,1058
351519,964,1056
351520,962,1053
351521,963,1053
351522,965,1055
351523,969,1058
351524,971,1057
351525,968,1053
351526,961,1051
351527,959,1053
351528,958,1056
351529,963,1060
351530,965,1058
351531,964,1055
351532,964,1053
351533,961,1055
351534,964,1056
351535,972,1059
351536,974,1057
351537,969,1052
351538,956,1052
351539,951,1056
351540,951,1062
351541,959,1064
351542,962,1061
351543,962,1058
351544,959,1055
351545,956,1058
351546,960,1060
351547,962,1062
351548,963,1063
351549,960,1061
351550,959,1061
351551,959,1063
351552,962,1067
351553,966,1066
351554,965,1063
351555,964,1057
351556,963,1058
351557,959,1057
351558,960,1059
351559,962,1061
351560,965,1057
351561,960,1055
351562,959,1053
351563,957,1056
351564,961,1059
351565,963,1061
351566,966,1057
351567,962,1056
351568,961,1052
351569,961,1055
351570,962,1056
351571,968,1058
351572,969,1059
351573,967,1053
351574,964,1049
351575,961,1051
351576,961,1052
351577,965,1054
351578,967,1053
351579,964,1051
351580,962,1048
351581,960,1051
351582,963,1055
351583,966,1059
351584,964,1056
351585,965,1052
351586,959,1051
351587,958,1054
351588,961,1058
351589,963,1058
351590,961,1060
351591,958,1058
351592,957,1055
351593,958,1056
351594,958,1061
351595,962,1061
351596,966,1061
351597,967,1059
351598,967,1057
351599,964,1058
351600,971,1061
351601,974,1061
351602,969,1063
351603,960,1059
351604,954,1059
351605,958,1061
351606,963,1063
351607,967,1063
351608,969,1061
351609,970,1057
351610,968,1051
351611,976,1049
351612,992,1049
351613,1007,1050
351614,1022,1049
351615,1043,1042
351616,1066,1036
351617,1097,1033
351618,1132,1026
351619,1178,1023
351620,1218,1020
351621,1261,1023
351622,1286,1031
351623,1296,1044
351624,1281,1059
351625,1246,1065
351626,1189,1067
351627,1131,1070
351628,1071,1076
351629,1017,1083
351630,976,1088
351631,957,1088
351632,960,1083
351633,965,1074
351634,969,1064
351635,973,1062
351636,974,1058
351637,973,1058
351638,972,1057
351639,967,1056
351640,959,1055
351641,956,1055
351642,955,1058
351643,957,1060
351644,955,1061
351645,956,1057
351646,952,1055
351647,951,1057
351648,951,1061
351649,953,1062
351650,951,1063
351651,949,1061
351652,948,1060
351653,946,1062
351654,946,1065
351655,951,1065
351656,954,1067
351657,952,1064
351658,949,1061
351659,948,1064
351660,948,1064
351661,953,1067
351662,952,1061
351663,948,1061
351664,943,1060
351665,944,1059
351666,949,1062
351667,951,1062
351668,952,1063
351669,950,1063
351670,947,1060
351671,946,1058
351672,948,1059
351673,953,1063
351674,956,1060
351675,955,1060
351676,950,1057
351677,950,1060
351678,956,1062
351679,957,1062
351680,959,1062
351681,958,1058
351682,953,1055
351683,954,1057
351684,958,1060
351685,963,1060
351686,964,1058
351687,963,1053
351688,963,1051
351689,961,1052
351690,960,1055
351691,967,1058
351692,968,1053
351693,964,1053
351694,962,1048
351695,963,1048
351696,967,1051
351697,970,1051
351698,972,1048
351699,973,1047
351700,968,1044
351701,969,1043
351702,970,1044
351703,975,1046
351704,979,1041
351705,979,1040
351706,978,1037
351707,978,1035
351708,978,1036
351709,982,1038
351710,982,1035
351711,979,1034
351712,974,1031
351713,975,1033
351714,980,1035
351715,983,1035
351716,989,1035
351717,988,1033
351718,989,1031
351719,987,1032
351720,989,1033
351721,992,1036
351722,997,1037
351723,996,1033
351724,994,1032
351725,995,1036
351726,999,1036
351727,1004,1041
351728,1004,1042
351729,1000,1040
351730,1000,1039
351731,1000,1040
351732,1000,1043
351733,1002,1044
351734,1003,1047
351735,1001,1049
351736,999,1047
351737,991,1051
351738,996,1051
351739,996,1055
351740,991,1054
351741,990,1055
351742,985,1055
351743,984,1058
351744,984,1059
351745,984,1061
351746,985,1061
351747,982,1058
351748,976,1055
351749,976,1058
351750,977,1061
351751,976,1067
351752,975,1068
351753,973,1066
351754,971,1062
351755,972,1065
351756,973,1068
351757,979,1071
351758,977,1069
351759,976,1068
351760,972,1065
351761,972,1068
351762,975,1070
351763,977,1073
351764,976,1072
351765,974,1069
351766,973,1070
351767,971,1067
351768,976,1072
351769,979,1075
351770,982,1073
351771,980,1071
351772,977,1067
351773,977,1069
351774,982,1071
351775,987,1071
351776,989,1068
351777,986,1063
351778,981,1062
351779,980,1065
351780,983,1068
351781,986,1071
351782,983,1068
351783,986,1065
351784,985,1063
351785,987,1063
351786,990,1066
351787,992,1065
351788,992,1065
351789,993,1063
351790,989,1061
351791,988,1061
351792,988,1061
351793,988,1062
351794,990,1063
351795,985,1059
351796,981,1055
351797,983,1058
351798,987,1062
351799,989,1064
351800,990,1061
351801,991,1057
351802,987,1051
351803,988,1055
351804,987,1058
351805,988,1064
351806,988,1064
351807,989,1060
351808,989,1062
351809,989,1062
351810,989,1063
351811,992,1066
351812,984,1063
351813,987,1065
351814,985,1063
351815,982,1065
351816,984,1067
351817,986,1069
351818,986,1068
351819,985,1065
351820,984,1064
351821,984,1067
351822,987,1070
351823,990,1072
351824,989,1068
351825,987,1067
351826,982,1066
351827,982,1067
351828,986,1069
351829,989,1073
351830,990,1073
351831,988,1067
351832,988,1067
351833,984,1069
351834,987,1071
351835,990,1072
351836,989,1069
351837,988,1065
351838,985,1064
351839,983,1065
351840,985,1069
351841,990,1071
351842,987,1069
351843,987,1063
351844,984,1064
351845,983,1066
351846,985,1067
351847,987,1067
351848,989,1065
351849,987,1067
351850,986,1065
351851,985,1066
351852,986,1066
351853,992,1064
351854,995,1059
351855,998,1053
351856,1007,1051
351857,1023,1050
351858,1043,1052
351859,1068,1052
351860,1101,1046
351861,1134,1036
351862,1165,1028
351863,1205,1025
351864,1245,1029
351865,1283,1039
351866,1301,1049
351867,1297,1059
351868,1264,1064
351869,1213,1066
351870,1156,1074
351871,1100,1084
351872,1037,1095
351873,985,1098
351874,954,1101
351875,953,1101
351876,966,1094
351877,977,1089
351878,983,1078
351879,983,1070
351880,977,1067
351881,973,1069
351882,971,1069
351883,974,1074
351884,970,1069
351885,965,1067
351886,961,1065
351887,962,1065
351888,961,1065
351889,964,1072
351890,966,1070
351891,964,1067
351892,958,1065
351893,956,1067
351894,960,1070
351895,962,1071
351896,962,1067
351897,960,1065
351898,956,1061
351899,954,1063
351900,954,1064
351901,956,1067
351902,958,1067
351903,958,1065
351904,955,1063
351905,949,1065
351906,953,1067
351907,958,1070
351908,958,1070
351909,951,1066
351910,948,1066
351911,949,1069
351912,955,1070
351913,960,1072
351914,964,1067
351915,960,1063
351916,954,1062
351917,955,1061
351918,954,1066
351919,958,1068
351920,960,1066
351921,958,1063
351922,955,1059
351923,954,1061
351924,954,1063
351925,959,1066
351926,961,1062
351927,961,1058
351928,959,1055
351929,958,1058
351930,960,1059
351931,965,1060
351932,963,1057
351933,962,1054
351934,958,1052
351935,963,1051
351936,966,1050
351937,971,1051
351938,972,1051
351939,968,1048
351940,965,1045
351941,965,1044
351942,970,1042
351943,974,1043
351944,976,1040
351945,977,1033
351946,975,1028
351947,972,1026
351948,970,1029
351949,976,1033
351950,978,1027
351951,978,1023
351952,969,1020
351953,967,1021
351954,973,1023
351955,975,1020
351956,981,1020
351957,977,1018
351958,972,1017
351959,973,1020
351960,977,1022
351961,980,1024
351962,985,1021
351963,982,1018
351964,983,1018
351965,981,1021
351966,984,1025
351967,986,1031
351968,987,1031
351969,987,1030
351970,986,1032
351971,987,1037
351972,986,1042
351973,986,1046
351974,982,1045
351975,981,1042
351976,977,1048
351977,974,1051
351978,975,1054
351979,977,1059
351980,976,1059
351981,975,1059
351982,969,1056
351983,964,1060
351984,969,1064
351985,972,1070
351986,974,1069
351987,970,1068
351988,963,1066
351989,963,1066
351990,966,1071
351991,972,1074
351992,971,1070
351993,967,1069
351994,962,1071
351995,965,1073
351996,965,1077
351997,967,1082
351998,966,1081
351999,963,1079
352000,960,1076
352001,955,1073
352002,958,1074
352003,961,1075
352004,964,1073
352005,966,1073
352006,964,1070
352007,967,1072
352008,970,1072
352009,974,1072
352010,977,1071
352011,978,1068
352012,975,1066
352013,971,1068
352014,972,1071
352015,979,1073
352016,982,1072
352017,984,1069
352018,980,1066
352019,979,1068
352020,983,1069
352021,986,1069
352022,983,1069
352023,980,1067
352024,978,1066
352025,977,1067
352026,979,1069
352027,985,1073
352028,982,1068
352029,982,1064
352030,976,1062
352031,980,1067
352032,981,1070
352033,987,1072
352034,987,1069
352035,983,1067
352036,981,1064
352037,978,1068
352038,981,1070
352039,984,1074
352040,983,1070
352041,983,1067
352042,980,1065
352043,977,1067
352044,979,1070
352045,980,1075
352046,984,1073
352047,983,1071
352048,980,1069
352049,978,1072
352050,979,1075
352051,983,1077
352052,981,1077
352053,979,1070
352054,978,1066
352055,977,1070
352056,981,1075
352057,981,1078
352058,981,1078
352059,979,1074
352060,977,1070
352061,977,1071
352062,975,1075
352063,976,1080
352064,979,1077
352065,981,1073
352066,977,1071
352067,977,1072
352068,979,1074
352069,985,1073
352070,987,1068
352071,982,1063
352072,982,1060
352073,984,1061
352074,982,1066
352075,982,1067
352076,980,1069
352077,979,1063
352078,978,1064
352079,979,1065
352080,981,1067
352081,982,1066
352082,983,1067
352083,981,1063
352084,978,1061
352085,974,1063
352086,980,1066
352087,982,1067
352088,979,1063
352089,975,1061
352090,975,1061
352091,978,1062
352092,978,1066
352093,980,1065
352094,985,1064
352095,984,1063
352096,983,1060
352097,983,1062
352098,985,1067
352099,991,1066
352100,988,1065
352101,986,1063
352102,980,1062
352103,980,1067
352104,986,1070
352105,991,1070
352106,991,1070
352107,995,1069
352108,990,1067
352109,988,1066
352110,986,1066
352111,992,1072
352112,995,1070
352113,993,1070
352114,993,1067
352115,988,1069
352116,991,1074
352117,994,1076
352118,997,1073
352119,999,1072
352120,993,1072
352121,992,1073
352122,993,1076
352123,997,1074
352124,995,1069
352125,990,1070
352126,988,1065
352127,989,1066
352128,986,1067
352129,993,1071
352130,993,1069
352131,987,1065
352132,985,1065
352133,991,1066
352134,992,1069
352135,991,1068
352136,992,1065
352137,993,1066
352138,991,1066
352139,993,1068
352140,994,1068
352141,997,1069
352142,995,1066
352143,993,1065
352144,995,1065
352145,991,1065
352146,998,1066
352147,1000,1068
352148,1004,1066
352149,1001,1067
352150,998,1062
352151,996,1063
352152,999,1062
352153,1003,1067
352154,1006,1065
352155,1006,1061
352156,1005,1060
352157,1002,1062
352158,1004,1066
352159,1007,1070
352160,1007,1063
352161,1010,1058
352162,1011,1053
352163,1019,1052
352164,1035,1051
352165,1059,1051
352166,1085,1047
352167,1116,1040
352168,1151,1027
352169,1193,1020
352170,1241,1021
352171,1285,1029
352172,1317,1036
352173,1325,1047
352174,1307,1055
352175,1270,1061
352176,1218,1066
352177,1158,1074
352178,1095,1082
352179,1031,1088
352180,990,1090
352181,972,1090
352182,976,1087
352183,991,1083
352184,1000,1072
352185,1001,1067
352186,998,1059
352187,995,1058
352188,994,1061
352189,992,1063
352190,988,1064
352191,986,1059
352192,985,1058
352193,982,1060
352194,986,1061
352195,987,1063
352196,988,1060
352197,987,1060
352198,984,1059
352199,984,1062
352200,984,1064
352201,985,1064
352202,984,1065
352203,986,1061
352204,984,1061
352205,984,1065
352206,984,1067
352207,985,1069
352208,986,1069
352209,985,1067
352210,982,1063
352211,984,1064
352212,985,1066
352213,987,1069
352214,989,1067
352215,983,1062
352216,982,1062
352217,981,1064
352218,982,1064
352219,986,1066
352220,987,1065
352221,986,1061
352222,983,1060
352223,983,1061
352224,983,1065
352225,988,1065
352226,988,1065
352227,987,1063
352228,984,1062
352229,981,1061
352230,987,1063
352231,989,1064
352232,988,1062
352233,987,1061
352234,985,1057
352235,993,1058
352236,994,1057
352237,997,1053
352238,996,1046
352239,995,1045
352240,997,1045
352241,999,1044
352242,1004,1048
352243,1010,1047
352244,1010,1045
352245,1012,1039
352246,1009,1038
352247,1009,1036
352248,1014,1037
352249,1018,1038
352250,1022,1037
352251,1018,1036
352252,1016,1032
352253,1016,1033
352254,1021,1034
352255,1023,1035
352256,1023,1032
352257,1023,1027
352258,1019,1023
352259,1019,1024
352260,1021,1027
352261,1025,1028
352262,1025,1027
352263,1026,1027
352264,1021,1025
352265,1025,1027
352266,1025,1031
352267,1027,1034
352268,1028,1033
352269,1026,1035
352270,1024,1036
352271,1023,1037
352272,1024,1039
352273,1026,1043
352274,1026,1042
352275,1025,1043
352276,1020,1045
352277,1020,1047
352278,1020,1052
352279,1021,1053
352280,1021,1051
352281,1020,1051
352282,1014,1050
352283,1009,1053
352284,1009,1058
352285,1011,1063
352286,1010,1062
352287,1008,1059
352288,1006,1056
352289,1006,1060
352290,1006,1064
352291,1006,1067
352292,1008,1067
352293,1004,1066
352294,1001,1064
352295,1000,1068
352296,1001,1069
352297,1003,1070
352298,1005,1068
352299,1005,1070
352300,1003,1067
352301,1001,1070
352302,1004,1069
352303,1006,1072
352304,1001,1070
352305,1000,1067
352306,1000,1065
352307,994,1065
352308,1000,1068
352309,1006,1071
352310,1006,1067
352311,1004,1065
352312,998,1063
352313,999,1066
352314,1002,1068
352315,1006,1071
352316,1004,1069
352317,1000,1066
352318,1000,1064
352319,1000,1068
352320,1003,1069
352321,1008,1072
352322,1009,1066
352323,1009,1066
352324,1006,1064
352325,1006,1065
352326,1007,1066
352327,1007,1067
352328,1010,1066
352329,1011,1060
352330,1010,1057
352331,1009,1059
352332,1012,1062
352333,1012,1062
352334,1012,1062
352335,1010,1058
352336,1009,1058
352337,1012,1059
352338,1017,1062
352339,1019,1064
352340,1019,1063
352341,1018,1062
352342,1017,1060
352343,1016,1058
352344,1015,1061
352345,1018,1068
352346,1014,1066
352347,1013,1062
352348,1008,1057
352349,1012,1060
352350,1014,1061
352351,1015,1060
352352,1012,1056
352353,1010,1055
352354,1008,1055
352355,1005,1056
352356,1008,1060
352357,1012,1062
352358,1014,1061
352359,1013,1059
352360,1010,1056
352361,1010,1061
352362,1008,1061
352363,1012,1064
352364,1010,1061
352365,1007,1055
352366,1006,1056
352367,1004,1060
352368,1008,1061
352369,1013,1064
352370,1014,1061
352371,1011,1056
352372,1008,1053
352373,1009,1052
352374,1014,1052
352375,1025,1053
352376,1036,1050
352377,1053,1047
352378,1068,1043
352379,1097,1041
352380,1132,1039
352381,1173,1035
352382,1218,1028
352383,1263,1023
352384,1302,1032
352385,1335,1050
352386,1344,1067
352387,1324,1076
352388,1269,1074
352389,1204,1076
352390,1135,1088
352391,1063,1100
352392,1007,1109
352393,977,1112
352394,977,1104
352395,986,1090
352396,993,1078
352397,996,1074
352398,1001,1069
352399,1008,1068
352400,1008,1061
352401,1001,1059
352402,994,1061
352403,991,1062
352404,991,1066
352405,991,1069
352406,992,1066
352407,992,1062
352408,987,1059
352409,984,1061
352410,986,1062
352411,988,1069
352412,986,1067
352413,983,1064
352414,981,1062
352415,980,1063
352416,979,1068
352417,982,1070
352418,982,1067
352419,982,1065
352420,978,1061
352421,979,1063
352422,982,1066
352423,984,1067
352424,986,1063
352425,983,1061
352426,982,1057
352427,980,1061
352428,987,1063
352429,988,1065
352430,988,1064
352431,986,1062
352432,983,1059
352433,981,1057
352434,981,1060
352435,984,1063
352436,986,1063
352437,988,1061
352438,983,1057
352439,985,1056
352440,988,1055
352441,989,1054
352442,991,1052
352443,990,1048
352444,986,1043
352445,984,1043
352446,991,1045
352447,999,1044
352448,998,1039
352449,995,1035
352450,993,1034
352451,995,1033
352452,1001,1034
352453,1003,1030
352454,1006,1029
352455,1004,1026
352456,1004,1021
352457,1006,1020
352458,1007,1021
352459,1012,1021
352460,1015,1017
352461,1013,1013
352462,1011,1012
352463,1008,1013
352464,1010,1016
352465,1013,1017
352466,1016,1013
352467,1014,1013
352468,1012,1011
352469,1012,1014
352470,1016,1015
352471,1015,1019
352472,1016,1017
352473,1016,1015
352474,1016,1015
352475,1016,1019
352476,1017,1022
352477,1022,1026
352478,1021,1026
352479,1018,1024
352480,1016,1025
352481,1014,1030
352482,1018,1038
352483,1020,1041
352484,1020,1041
352485,1018,1042
352486,1013,1045
352487,1011,1047
352488,1011,1048
352489,1012,1053
352490,1010,1056
352491,1006,1054
352492,1006,1055
352493,1006,1056
352494,1007,1057
352495,1009,1061
352496,1006,1059
352497,1003,1058
352498,998,1060
352499,999,1060
352500,999,1064
352501,1001,1068
352502,999,1065
352503,999,1062
352504,997,1063
352505,994,1066
352506,999,1069
352507,998,1072
352508,996,1070
352509,995,1070
352510,993,1066
352511,991,1067
352512,997,1070
352513,1000,1072
352514,1002,1067
352515,996,1066
352516,994,1065
352517,993,1069
352518,995,1072
352519,995,1073
352520,998,1072
352521,999,1069
352522,997,1066
352523,1000,1066
352524,1001,1073
352525,1003,1072
352526,1004,1072
352527,1003,1068
352528,998,1067
352529,998,1065
352530,1000,1066
352531,1006,1069
352532,1007,1066
352533,1002,1063
352534,1003,1063
352535,1005,1064
352536,1007,1065
352537,1005,1064
352538,1006,1061
352539,1008,1059
352540,1004,1058
352541,1002,1056
352542,1003,1058
352543,1006,1062
352544,1004,1060
352545,1000,1058
352546,1000,1057
352547,998,1058
352548,1001,1058
352549,1003,1059
352550,1004,1059
352551,1005,1056
352552,1003,1054
352553,999,1059
352554,998,1062
352555,1004,1062
352556,1003,1060
352557,1003,1059
352558,998,1055
352559,999,1055
352560,1003,1061
352561,1005,1065
352562,1006,1062
352563,1000,1064
352564,997,1061
352565,997,1066
352566,1003,1069
352567,1005,1070
352568,1004,1071
352569,1005,1069
352570,1002,1069
352571,1000,1073
352572,1000,1075
352573,1005,1077
352574,1005,1074
352575,1001,1069
352576,1002,1069
352577,1003,1071
352578,1006,1072
352579,1012,1071
352580,1011,1067
352581,1009,1065
352582,1005,1061
352583,1005,1061
352584,1008,1060
352585,1021,1061
352586,1033,1055
352587,1046,1052
352588,1063,1049
352589,1094,1048
352590,1127,1044
352591,1170,1034
352592,1214,1026
352593,1257,1023
352594,1294,1026
352595,1317,1045
352596,1322,1063
352597,1300,1072
352598,1246,1071
352599,1175,1075
352600,1110,1085
352601,1046,1096
352602,999,1105
352603,976,1105
352604,979,1096
352605,989,1081
352606,994,1073
352607,996,1072
352608,997,1070
352609,997,1069
352610,995,1073
352611,988,1068
352612,984,1068
352613,982,1066
352614,982,1068
352615,985,1069
352616,984,1070
352617,981,1067
352618,976,1067
352619,976,1067
352620,976,1068
352621,982,1070
352622,984,1068
352623,980,1064
352624,976,1063
352625,973,1065
352626,977,1068
352627,975,1067
352628,979,1065
352629,978,1063
352630,974,1061
352631,975,1064
352632,978,1067
352633,981,1066
352634,980,1063
352635,978,1061
352636,975,1059
352637,976,1060
352638,978,1063
352639,981,1064
352640,982,1060
352641,980,1058
352642,975,1059
352643,974,1058
352644,978,1057
352645,980,1059
352646,983,1057
352647,980,1055
352648,979,1052
352649,979,1056
352650,981,1060
352651,985,1062
352652,983,1061
352653,983,1057
352654,980,1055
352655,982,1057
352656,985,1060
352657,984,1060
352658,986,1055
352659,988,1050
352660,988,1048
352661,989,1049
352662,993,1051
352663,994,1049
352664,995,1049
352665,997,1043
352666,997,1038
352667,999,1038
352668,1004,1039
352669,1007,1039
352670,1006,1039
352671,1004,1033
352672,999,1031
352673,998,1031
352674,999,1034
352675,1003,1034
352676,1004,1032
352677,1004,1030
352678,1002,1025
352679,1003,1028
352680,1008,1026
352681,1010,1029
352682,1011,1026
352683,1007,1026
352684,1003,1022
352685,1002,1024
352686,1005,1028
352687,1008,1028
352688,1011,1030
352689,1009,1029
352690,1006,1029
352691,1002,1033
352692,1001,1038
352693,1003,1042
352694,1003,1045
352695,996,1045
352696,995,1045
352697,995,1050
352698,997,1057
352699,999,1059
352700,999,1058
352701,995,1062
352702,990,1061
352703,991,1068
352704,989,1070
352705,993,1070
352706,991,1071
352707,988,1068
352708,985,1068
352709,982,1071
352710,986,1074
352711,988,1076
352712,988,1075
352713,984,1075
352714,984,1075
352715,985,1072
352716,989,1077
352717,991,1077
352718,993,1076
352719,987,1075
352720,985,1074
352721,981,1072
352722,988,1076
352723,985,1075
352724,988,1076
352725,985,1074
352726,981,1071
352727,980,1071
352728,987,1074
352729,992,1074
352730,992,1072
352731,990,1070
352732,986,1066
352733,983,1067
352734,983,1070
352735,987,1069
352736,988,1067
352737,987,1062
352738,987,1062
352739,987,1064
352740,991,1065
352741,992,1067
352742,992,1066
352743,987,1064
352744,987,1062
352745,990,1065
352746,993,1074
352747,995,1074
352748,998,1075
352749,996,1074
352750,992,1071
352751,994,1076
352752,995,1076
352753,996,1073
352754,998,1067
352755,997,1064
352756,994,1063
352757,993,1063
352758,999,1065
352759,1001,1072
352760,999,1072
352761,997,1069
352762,992,1066
352763,994,1066
352764,996,1066
352765,1001,1067
352766,1001,1065
352767,999,1063
352768,995,1063
352769,995,1068
352770,995,1069
352771,999,1070
352772,997,1069
352773,995,1068
352774,989,1065
352775,991,1068
352776,993,1071
352777,995,1074
352778,994,1070
352779,992,1068
352780,991,1064
352781,991,1063
352782,995,1063
352783,999,1061
352784,1006,1058
352785,1016,1054
352786,1025,1051
352787,1041,1052
352788,1065,1053
352789,1099,1049
352790,1137,1038
352791,1173,1032
352792,1214,1032
352793,1255,1044
352794,1291,1064
352795,1309,1085
352796,1294,1091
352797,1251,1089
352798,1188,1091
352799,1122,1099
352800,1059,1116
352801,1006,1124
352802,975,1122
352803,966,1111
352804,972,1095
352805,979,1085
352806,985,1079
352807,993,1075
352808,989,1070
352809,983,1066
352810,977,1065
352811,974,1068
352812,978,1071
352813,976,1072
352814,975,1069
352815,973,1065
352816,969,1066
352817,968,1069
352818,967,1070
352819,971,1071
352820,973,1070
352821,971,1067
352822,965,1066
352823,965,1068
352824,967,1071
352825,972,1073
352826,971,1074
352827,966,1071
352828,961,1070
352829,961,1070
352830,962,1076
352831,967,1074
352832,969,1075
352833,968,1070
352834,966,1070
352835,966,1074
352836,967,1077
352837,967,1076
352838,967,1076
352839,965,1073
352840,963,1074
352841,961,1081
352842,964,1085
352843,970,1085
352844,971,1077
352845,969,1069
352846,967,1064
352847,968,1062
352848,970,1066
352849,972,1062
352850,975,1058
352851,973,1056
352852,969,1053
352853,972,1054
352854,975,1056
352855,979,1055
352856,977,1054
352857,974,1051
352858,972,1049
352859,972,1052
352860,978,1050
352861,983,1049
352862,987,1043
352863,983,1035
352864,980,1034
352865,983,1031
352866,984,1036
352867,987,1033
352868,982,1031
352869,984,1024
352870,981,1024
352871,986,1023
352872,989,1027
352873,993,1026
352874,993,1023
352875,992,1020
352876,990,1016
352877,988,1019
352878,992,1021
352879,994,1024
352880,995,1023
352881,993,1021
352882,994,1021
352883,993,1025
352884,999,1027
352885,1001,1031
352886,1002,1031
352887,1000,1029
352888,998,1030
352889,999,1035
352890,998,1039
352891,1004,1042
352892,1001,1042
352893,1001,1043
352894,998,1046
352895,996,1047
352896,997,1052
352897,998,1055
352898,999,1055
352899,997,1056
352900,990,1058
352901,989,1060
352902,988,1065
352903,992,1068
352904,991,1066
352905,986,1066
352906,980,1066
352907,980,1070
352908,982,1074
352909,982,1076
352910,979,1076
352911,979,1074
352912,975,1075
352913,978,1075
352914,977,1079
352915,978,1078
352916,980,1076
352917,977,1074
352918,979,1073
352919,980,1074
352920,983,1076
352921,983,1078
352922,984,1077
352923,980,1076
352924,978,1076
352925,977,1075
352926,979,1079
352927,984,1081
352928,987,1078
352929,986,1076
352930,984,1075
352931,981,1076
352932,982,1076
352933,985,1078
352934,984,1075
352935,983,1070
352936,982,1071
352937,978,1071
352938,984,1072
352939,987,1074
352940,988,1072
352941,984,1067
352942,983,1066
352943,985,1070
352944,985,1073
352945,989,1075
352946,989,1072
352947,985,1071
352948,983,1070
352949,986,1070
352950,989,1067
352951,993,1067
352952,991,1065
352953,989,1061
352954,983,1063
352955,985,1066
352956,987,1069
352957,992,1070
352958,990,1064
352959,992,1062
352960,988,1059
352961,989,1062
352962,991,1066
352963,991,1066
352964,993,1063
352965,990,1062
352966,991,1060
352967,989,1064
352968,988,1069
352969,988,1069
352970,987,1066
352971,987,1068
352972,986,1065
352973,986,1068
352974,986,1070
352975,988,1070
352976,989,1067
352977,989,1067
352978,988,1068
352979,987,1072
352980,986,1073
352981,991,1075
352982,989,1072
352983,989,1069
352984,984,1067
352985,986,1071
352986,987,1073
352987,992,1073
352988,990,1073
352989,989,1072
352990,988,1070
352991,986,1071
352992,992,1071
352993,998,1070
352994,997,1066
352995,1003,1059
352996,1010,1056
352997,1020,1055
352998,1035,1059
352999,1051,1056
353000,1075,1050
353001,1101,1043
353002,1134,1036
353003,1171,1034
353004,1212,1041
353005,1252,1048
353006,1280,1061
353007,1298,1076
353008,1290,1086
353009,1260,1089
353010,1215,1089
353011,1158,1095
353012,1097,1104
353013,1038,1108
353014,983,1113
353015,957,1116
353016,955,1115
353017,967,1106
353018,979,1093
353019,982,1084
353020,986,1077
353021,987,1075
353022,984,1074
353023,982,1075
353024,979,1072
353025,978,1070
353026,972,1067
353027,971,1071
353028,973,1075
353029,975,1077
353030,974,1076
353031,968,1074
353032,964,1073
353033,963,1074
353034,967,1076
353035,969,1074
353036,969,1072
353037,967,1067
353038,966,1071
353039,967,1073
353040,965,1079
353041,970,1081
353042,968,1077
353043,965,1076
353044,962,1071
353045,962,1070
353046,966,1073
353047,972,1071
353048,971,1073
353049,973,1072
353050,970,1072
353051,968,1072
353052,969,1074
353053,974,1073
353054,975,1071
353055,970,1067
353056,966,1067
353057,970,1068
353058,968,1071
353059,971,1073
353060,971,1073
353061,969,1070
353062,967,1067
353063,965,1068
353064,968,1068
353065,971,1070
353066,971,1066
353067,969,1060
353068,969,1056
353069,968,1057
353070,974,1057
353071,977,1057
353072,977,1053
353073,977,1052
353074,973,1050
353075,975,1051
353076,978,1052
353077,980,1053
353078,979,1049
353079,981,1046
353080,979,1045
353081,981,1045
353082,984,1047
353083,986,1048
353084,985,1042
353085,985,1036
353086,981,1035
353087,984,1037
353088,988,1038
353089,991,1039
353090,997,1035
353091,993,1029
353092,994,1028
353093,992,1029
353094,993,1033
353095,998,1032
353096,998,1028
353097,999,1025
353098,997,1025
353099,999,1028
353100,999,1029
353101,1007,1031
353102,1008,1030
353103,1005,1029
353104,1006,1027
353105,1007,1029
353106,1009,1036
353107,1009,1037
353108,1012,1037
353109,1010,1036
353110,1009,1038
353111,1009,1042
353112,1009,1046
353113,1014,1050
353114,1011,1052
353115,1006,1052
353116,1003,1055
353117,1001,1061
353118,998,1065
353119,1002,1069
353120,1003,1068
353121,1002,1066
353122,1000,1066
353123,998,1068
353124,995,1070
353125,997,1073
353126,996,1074
353127,993,1070
353128,989,1073
353129,988,1075
353130,989,1080
353131,994,1081
353132,991,1078
353133,986,1076
353134,983,1075
353135,984,1077
353136,984,1080
353137,986,1082
353138,985,1077
353139,986,1076
353140,984,1071
353141,984,1076
353142,987,1077
353143,989,1078
353144,988,1078
353145,986,1073
353146,986,1072
353147,984,1074
353148,987,1075
353149,991,1077
353150,991,1074
353151,989,1072
353152,989,1072
353153,992,1072
353154,995,1076
353155,995,1074
353156,991,1075
353157,988,1072
353158,990,1070
353159,986,1071
353160,992,1074
353161,996,1075
353162,995,1071
353163,990,1070
353164,988,1071
353165,989,1075
353166,992,1075
353167,996,1079
353168,996,1077
353169,995,1074
353170,992,1072
353171,994,1075
353172,999,1075
353173,1005,1075
353174,1002,1075
353175,1002,1071
353176,998,1068
353177,1000,1073
353178,1001,1076
353179,1005,1075
353180,1002,1075
353181,998,1072
353182,997,1073
353183,992,1074
353184,996,1077
353185,998,1078
353186,994,1076
353187,989,1073
353188,987,1072
353189,987,1073
353190,990,1076
353191,995,1076
353192,990,1076
353193,992,1073
353194,987,1071
353195,990,1073
353196,995,1075
353197,995,1076
353198,993,1072
353199,988,1070
353200,984,1072
353201,988,1072
353202,990,1076
353203,994,1076
353204,991,1074
353205,990,1070
353206,989,1070
353207,985,1072
353208,989,1075
353209,992,1078
353210,986,1075
353211,982,1075
353212,980,1077
353213,982,1081
353214,985,1089
353215,987,1090
353216,983,1087
353217,977,1081
353218,976,1076
353219,977,1078
353220,980,1079
353221,981,1078
353222,985,1075
353223,984,1075
353224,983,1074
353225,984,1075
353226,987,1075
353227,990,1080
353228,988,1078
353229,988,1078
353230,983,1076
353231,986,1076
353232,990,1080
353233,997,1085
353234,996,1082
353235,994,1079
353236,992,1078
353237,995,1084
353238,997,1083
353239,1000,1083
353240,998,1077
353241,996,1074
353242,997,1071
353243,1002,1068
353244,1014,1070
353245,1033,1069
353246,1049,1066
353247,1068,1061
353248,1092,1055
353249,1124,1048
353250,1160,1045
353251,1199,1039
353252,1238,1039
353253,1271,1046
353254,1287,1057
353255,1288,1074
353256,1263,1081
353257,1216,1080
353258,1156,1085
353259,1095,1095
353260,1038,1103
353261,993,1109
353262,967,1109
353263,963,1104
353264,971,1096
353265,980,1083
353266,984,1078
353267,986,1075
353268,985,1079
353269,986,1077
353270,980,1075
353271,977,1070
353272,976,1074
353273,971,1075
353274,972,1080
353275,975,1078
353276,977,1075
353277,970,1074
353278,968,1073
353279,969,1074
353280,968,1076
353281,971,1081
353282,971,1080
353283,970,1079
353284,966,1078
353285,969,1078
353286,969,1081
353287,972,1083
353288,970,1081
353289,967,1079
353290,963,1077
353291,962,1080
353292,962,1083
353293,966,1083
353294,967,1082
353295,965,1084
353296,963,1085
353297,963,1085
353298,964,1083
353299,965,1083
353300,964,1078
353301,959,1075
353302,957,1074
353303,954,1077
353304,957,1079
353305,961,1080
353306,962,1076
353307,958,1073
353308,958,1073
353309,958,1074
353310,963,1076
353311,963,1077
353312,965,1074
353313,964,1072
353314,966,1071
353315,967,1073
353316,969,1074
353317,971,1076
353318,972,1072
353319,970,1068
353320,970,1068
353321,968,1070
353322,975,1069
353323,977,1067
353324,981,1062
353325,981,1056
353326,978,1058
353327,979,1063
353328,983,1064
353329,985,1062
353330,986,1060
353331,984,1052
353332,981,1047
353333,986,1047
353334,991,1050
353335,994,1049
353336,995,1046
353337,994,1043
353338,991,1042
353339,992,1043
353340,995,1045
353341,999,1044
353342,997,1043
353343,995,1042
353344,992,1042
353345,994,1046
353346,1001,1046
353347,1005,1048
353348,1001,1047
353349,1000,1044
353350,998,1045
353351,1001,1046
353352,1000,1051
353353,1002,1055
353354,1002,1054
353355,1002,1053
353356,1002,1052
353357,1001,1055
353358,1005,1061
353359,1008,1063
353360,1008,1063
353361,1001,1062
353362,1000,1064
353363,997,1067
353364,998,1071
353365,1000,1074
353366,994,1072
353367,993,1073
353368,992,1074
353369,991,1077
353370,993,1081
353371,995,1082
353372,993,1081
353373,989,1078
353374,984,1078
353375,986,1083
353376,988,1085
353377,989,1085
353378,987,1086
353379,985,1083
353380,980,1081
353381,982,1084
353382,983,1088
353383,987,1089
353384,984,1086
353385,984,1087
353386,981,1088
353387,984,1088
353388,987,1093
353389,990,1094
353390,990,1091
353391,989,1088
353392,988,1086
353393,989,1087
353394,992,1091
353395,994,1090
353396,994,1087
353397,993,1087
353398,988,1087
353399,988,1088
353400,991,1090
353401,994,1091
353402,997,1086
353403,993,1084
353404,989,1082
353405,991,1084
353406,990,1086
353407,998,1085
353408,998,1086
353409,993,1085
353410,992,1083
353411,990,1085
353412,995,1088
353413,999,1086
353414,994,1081
353415,995,1076
353416,994,1077
353417,995,1080
353418,997,1080
353419,997,1081
353420,995,1077
353421,991,1071
353422,990,1071
353423,988,1072
353424,991,1074
353425,994,1075
353426,993,1074
353427,990,1073
353428,987,1073
353429,985,1077
353430,991,1080
353431,993,1077
353432,993,1076
353433,989,1077
353434,990,1075
353435,991,1077
353436,993,1079
353437,995,1079
353438,995,1079
353439,994,1077
353440,993,1079
353441,993,1080
353442,997,1084
353443,1000,1086
353444,995,1085
353445,995,1083
353446,994,1083
353447,994,1085
353448,997,1086
353449,995,1086
353450,996,1084
353451,993,1083
353452,989,1082
353453,989,1084
353454,991,1083
353455,995,1087
353456,994,1084
353457,995,1079
353458,990,1081
353459,993,1082
353460,995,1085
353461,997,1086
353462,997,1082
353463,993,1077
353464,991,1078
353465,990,1078
353466,995,1083
353467,996,1085
353468,993,1082
353469,993,1079
353470,990,1078
353471,989,1080
353472,992,1082
353473,994,1083
353474,992,1082
353475,992,1081
353476,990,1080
353477,988,1081
353478,990,1080
353479,993,1077
353480,990,1077
353481,991,1074
353482,987,1076
353483,987,1079
353484,989,1082
353485,993,1082
353486,992,1080
353487,992,1079
353488,988,1075
353489,990,1078
353490,993,1077
353491,993,1075
353492,995,1074
353493,991,1074
353494,992,1074
353495,988,1075
353496,994,1079
353497,997,1078
353498,995,1077
353499,994,1074
353500,992,1074
353501,992,1078
353502,996,1075
353503,1002,1076
353504,1001,1075
353505,997,1070
353506,996,1068
353507,997,1070
353508,1000,1072
353509,1004,1073
353510,1004,1071
353511,1001,1068
353512,999,1067
353513,998,1069
353514,1002,1070
353515,1011,1066
353516,1012,1062
353517,1017,1060
353518,1021,1056
353519,1031,1058
353520,1050,1056
353521,1073,1056
353522,1094,1050
353523,1121,1039
353524,1152,1031
353525,1184,1029
353526,1224,1029
353527,1259,1034
353528,1287,1044
353529,1298,1059
353530,1290,1069
353531,1260,1073
353532,1215,1081
353533,1163,1086
353534,1116,1095
353535,1066,1098
353536,1021,1097
353537,992,1099
353538,981,1099
353539,983,1094
353540,994,1087
353541,999,1075
353542,996,1073
353543,994,1071
353544,994,1077
353545,993,1077
353546,991,1074
353547,987,1074
353548,984,1074
353549,981,1074
353550,984,1076
353551,986,1077
353552,981,1075
353553,978,1076
353554,977,1078
353555,978,1082
353556,976,1085
353557,980,1083
353558,979,1081
353559,974,1078
353560,971,1076
353561,971,1080
353562,975,1081
353563,977,1076
353564,978,1073
353565,975,1068
353566,974,1070
353567,975,1074
353568,978,1076
353569,980,1075
353570,980,1071
353571,980,1070
353572,977,1069
353573,978,1070
353574,978,1073
353575,982,1075
353576,978,1072
353577,975,1069
353578,975,1068
353579,974,1071
353580,975,1074
353581,978,1072
353582,976,1074
353583,974,1070
353584,972,1071
353585,973,1070
353586,976,1071
353587,979,1072
353588,979,1069
353589,976,1065
353590,976,1066
353591,975,1069
353592,974,1072
353593,979,1073
353594,980,1071
353595,977,1069
353596,977,1070
353597,979,1070
353598,985,1072
353599,986,1073
353600,986,1070
353601,986,1065
353602,983,1061
353603,982,1058
353604,986,1058
353605,994,1058
353606,995,1055
353607,993,1051
353608,991,1045
353609,991,1044
353610,995,1044
353611,1000,1045
353612,997,1039
353613,996,1033
353614,997,1032
353615,999,1030
353616,1003,1033
353617,1006,1036
353618,1006,1032
353619,1007,1028
353620,1006,1029
353621,1008,1031
353622,1010,1034
353623,1014,1035
353624,1015,1035
353625,1012,1032
353626,1010,1032
353627,1012,1036
353628,1015,1040
353629,1017,1041
353630,1017,1041
353631,1015,1038
353632,1013,1040
353633,1012,1044
353634,1016,1050
353635,1019,1050
353636,1019,1048
353637,1017,1048
353638,1014,1050
353639,1012,1053
353640,1014,1058
353641,1015,1059
353642,1012,1061
353643,1008,1061
353644,1002,1058
353645,997,1063
353646,1001,1065
353647,1004,1068
353648,1003,1069
353649,1000,1067
353650,996,1067
353651,998,1072
353652,999,1076
353653,1002,1078
353654,1000,1076
353655,996,1071
353656,994,1067
353657,996,1070
353658,998,1074
353659,1001,1075
353660,998,1073
353661,994,1071
353662,991,1070
353663,989,1072
353664,993,1075
353665,999,1073
353666,997,1074
353667,993,1070
353668,993,1072
353669,993,1072
353670,995,1076
353671,998,1075
353672,999,1074
353673,998,1071
353674,993,1070
353675,993,1072
353676,999,1076
353677,1004,1078
353678,1004,1075
353679,1001,1073
353680,999,1073
353681,995,1074
353682,998,1077
353683,999,1076
353684,1001,1073
353685,997,1072
353686,997,1070
353687,997,1070
353688,1000,1074
353689,1001,1073
353690,999,1071
353691,996,1066
353692,992,1065
353693,992,1065
353694,999,1069
353695,1005,1068
353696,1003,1064
353697,1002,1061
353698,1000,1061
353699,999,1067
353700,1003,1071
353701,1006,1072
353702,1005,1074
353703,1002,1069
353704,999,1069
353705,1002,1068
353706,1003,1072
353707,1007,1070
353708,1009,1066
353709,1007,1063
353710,1002,1063
353711,1004,1066
353712,1005,1067
353713,1005,1070
353714,1004,1068
353715,1004,1063
353716,1000,1064
353717,1004,1067
353718,1006,1068
353719,1007,1070
353720,1007,1068
353721,1002,1065
353722,998,1064
353723,998,1065
353724,1001,1069
353725,1005,1068
353726,1004,1068
353727,1002,1066
353728,1000,1066
353729,1003,1068
353730,1002,1072
353731,1005,1069
353732,1002,1070
353733,1003,1068
353734,999,1066
353735,1000,1068
353736,1000,1070
353737,1002,1072
353738,1002,1066
353739,1001,1065
353740,996,1063
353741,995,1066
353742,994,1070
353743,996,1071
353744,996,1067
353745,991,1063
353746,990,1060
353747,993,1061
353748,996,1065
353749,999,1067
353750,1001,1064
353751,998,1062
353752,996,1062
353753,994,1064
353754,999,1068
353755,1001,1069
353756,1002,1068
353757,1000,1069
353758,1000,1070
353759,1002,1071
353760,1005,1074
353761,1008,1075
353762,1009,1071
353763,1001,1069
353764,1001,1071
353765,999,1071
353766,1003,1076
353767,1004,1075
353768,1006,1071
353769,1008,1066
353770,1006,1069
353771,1007,1071
353772,1007,1072
353773,1008,1071
353774,1005,1071
353775,1003,1067
353776,1005,1066
353777,1010,1068
353778,1013,1069
353779,1016,1069
353780,1013,1067
353781,1010,1065
353782,1009,1063
353783,1010,1068
353784,1011,1069
353785,1011,1069
353786,1010,1068
353787,1009,1065
353788,1009,1065
353789,1009,1062
353790,1012,1066
353791,1013,1065
353792,1013,1062
353793,1008,1059
353794,1006,1060
353795,1006,1062
353796,1014,1061
353797,1019,1058
353798,1027,1055
353799,1035,1051
353800,1046,1048
353801,1062,1052
353802,1081,1052
353803,1107,1049
353804,1132,1042
353805,1158,1027
353806,1188,1021
353807,1221,1020
353808,1257,1021
353809,1291,1031
353810,1313,1045
353811,1321,1056
353812,1306,1065
353813,1273,1071
353814,1227,1080
353815,1176,1087
353816,1122,1092
353817,1073,1097
353818,1028,1096
353819,1002,1097
353820,1000,1096
353821,1010,1088
353822,1019,1078
353823,1022,1066
353824,1019,1065
353825,1015,1069
353826,1012,1067
353827,1012,1067
353828,1011,1068
353829,1004,1064
353830,1000,1062
353831,1000,1064
353832,1000,1067
353833,1002,1065
353834,996,1063
353835,993,1060
353836,994,1060
353837,992,1062
353838,995,1065
353839,999,1066
353840,998,1064
353841,996,1061
353842,995,1059
353843,997,1062
353844,996,1065
353845,999,1071
353846,998,1067
353847,994,1064
353848,991,1064
353849,993,1064
353850,995,1066
353851,999,1067
353852,998,1064
353853,993,1062
353854,991,1061
353855,991,1067
353856,992,1069
353857,994,1068
353858,993,1066
353859,991,1061
353860,988,1060
353861,989,1065
353862,992,1068
353863,995,1068
353864,996,1064
353865,994,1059
353866,993,1063
353867,995,1063
353868,995,1066
353869,999,1065
353870,997,1063
353871,998,1059
353872,995,1059
353873,998,1059
353874,999,1063
353875,1004,1058
353876,1003,1055
353877,999,1053
353878,998,1052
353879,1001,1053
353880,1002,1052
353881,1006,1050
353882,1008,1046
353883,1007,1043
353884,1008,1042
353885,1010,1042
353886,1015,1042
353887,1020,1041
353888,1017,1040
353889,1017,1036
353890,1011,1035
353891,1014,1038
353892,1020,1039
353893,1026,1036
353894,1028,1035
353895,1027,1029
353896,1024,1029
353897,1024,1030
353898,1028,1032
353899,1025,1031
353900,1027,1027
353901,1028,1025
353902,1025,1025
353903,1027,1027
353904,1027,1030
353905,1031,1031
353906,1031,1031
353907,1029,1028
353908,1030,1027
353909,1031,1028
353910,1031,1033
353911,1033,1034
353912,1034,1034
353913,1033,1034
353914,1031,1033
353915,1029,1036
353916,1030,1040
353917,1034,1043
353918,1032,1044
353919,1031,1041
353920,1028,1041
353921,1026,1047
353922,1025,1049
353923,1027,1053
353924,1021,1049
353925,1016,1048
353926,1013,1050
353927,1014,1053
353928,1012,1058
353929,1014,1056
353930,1014,1060
353931,1009,1055
353932,1008,1060
353933,1009,1058
353934,1010,1065
353935,1007,1066
353936,1006,1064
353937,1003,1065
353938,1003,1067
353939,1005,1075
353940,1006,1081
353941,1005,1085
353942,1002,1088
353943,1001,1088
353944,1000,1085
353945,1003,1081
353946,1006,1076
353947,1009,1073
353948,1007,1069
353949,1009,1063
353950,1002,1066
353951,1005,1068
353952,1007,1075
353953,1010,1087
353954,1016,1100
353955,1016,1106
353956,1023,1102
353957,1024,1092
353958,1029,1077
353959,1036,1065
353960,1042,1056
353961,1048,1052
353962,1053,1049
353963,1068,1047
353964,1081,1036
353965,1092,1024
353966,1102,1009
353967,1110,997
353968,1120,984
353969,1138,971
353970,1152,963
353971,1170,945
353972,1186,923
353973,1202,901
353974,1217,879
353975,1235,868
353976,1249,856
353977,1264,845
353978,1272,837
353979,1273,834
353980,1271,836
353981,1272,837
353982,1270,841
353983,1269,840
353984,1262,841
353985,1252,840
353986,1235,843
353987,1220,851
353988,1201,860
353989,1182,867
353990,1161,879
353991,1133,888
353992,1110,900
353993,1094,918
353994,1085,934
353995,1081,949
353996,1077,960
353997,1075,970
353998,1070,978
353999,1064,990
354000,1061,1000
354001,1064,1009
354002,1071,1017
354003,1081,1018
354004,1091,1022
354005,1098,1026
354006,1093,1031
354007,1080,1036
354008,1052,1043
354009,1016,1047
354010,984,1059
354011,964,1071
354012,956,1085
354013,952,1093
354014,946,1098
354015,940,1098
354016,932,1102
354017,928,1107
354018,926,1114
354019,926,1115
354020,925,1113
354021,920,1115
354022,918,1116
354023,916,1123
354024,914,1126
354025,912,1131
354026,904,1130
354027,899,1129
354028,896,1130
354029,898,1132
354030,899,1139
354031,901,1137
354032,902,1137
354033,900,1135
354034,891,1136
354035,892,1142
354036,895,1146
354037,899,1147
354038,900,1148
354039,896,1146
354040,894,1149
354041,894,1155
354042,896,1158
354043,896,1159
354044,893,1161
354045,890,1159
354046,892,1162
354047,891,1161
354048,893,1167
354049,893,1167
354050,894,1166
354051,889,1165
354052,885,1166
354053,882,1174
354054,883,1176
354055,887,1174
354056,886,1177
354057,883,1174
354058,878,1174
354059,882,1175
354060,888,1179
354061,894,1180
354062,895,1179
354063,895,1176
354064,897,1176
354065,897,1176
354066,901,1180
354067,904,1178
354068,903,1178
354069,905,1171
354070,909,1174
354071,918,1170
354072,922,1171
354073,926,1168
354074,926,1161
354075,927,1155
354076,928,1152
354077,932,1149
354078,937,1148
354079,947,1143
354080,947,1139
354081,947,1131
354082,948,1129
354083,948,1126
354084,960,1123
354085,962,1119
354086,965,1113
354087,968,1107
354088,968,1102
354089,973,1100
354090,975,1099
354091,979,1097
354092,978,1090
354093,978,1084
354094,977,1079
354095,977,1080
354096,980,1079
354097,981,1077
354098,978,1073
354099,974,1068
354100,973,1068
354101,976,1069
354102,979,1069
354103,980,1070
354104,980,1067
354105,983,1064
354106,983,1064
354107,985,1063
354108,989,1063
354109,987,1063
354110,992,1062
354111,988,1058
354112,985,1057
354113,986,1061
354114,986,1064
354115,989,1064
354116,990,1065
354117,988,1060
354118,988,1063
354119,992,1064
354120,994,1069
354121,991,1070
354122,988,1068
354123,986,1067
354124,989,1065
354125,991,1067
354126,993,1071
354127,997,1070
354128,996,1068
354129,993,1066
354130,991,1064
354131,993,1067
354132,996,1064
354133,998,1062
354134,996,1063
354135,995,1061
354136,992,1056
354137,993,1064
354138,1000,1064
354139,1005,1061
354140,1007,1058
354141,1001,1055
354142,996,1057
354143,996,1059
354144,1000,1059
354145,1003,1059
354146,998,1056
354147,994,1054
354148,994,1054
354149,997,1058
354150,1002,1057
354151,1006,1057
354152,1005,1054
354153,995,1052
354154,993,1053
354155,991,1059
354156,997,1060
354157,1000,1062
354158,1001,1062
354159,998,1060
354160,997,1058
354161,998,1060
354162,994,1064
354163,1000,1062
354164,997,1064
354165,993,1062
354166,990,1063
354167,993,1062
354168,995,1065
354169,996,1064
354170,992,1063
354171,991,1060
354172,991,1060
354173,992,1063
354174,996,1065
354175,999,1063
354176,999,1059
354177,999,1058
354178,997,1059
354179,1001,1060
354180,1002,1059
354181,1005,1061
354182,1002,1059
354183,999,1058
354184,995,1058
354185,1000,1058
354186,1005,1056
354187,1005,1053
354188,1000,1053
354189,995,1055
354190,996,1057
354191,997,1058
354192,1002,1059
354193,1002,1059
354194,1003,1058
354195,1002,1053
354196,1003,1052
354197,1003,1052
354198,999,1056
354199,999,1058
354200,997,1057
354201,998,1055
354202,996,1054
354203,999,1055
354204,1000,1060
354205,1002,1061
354206,1008,1059
354207,1002,1055
354208,1000,1059
354209,997,1059
354210,1001,1062
354211,1006,1061
354212,1004,1062
354213,1004,1058
354214,1004,1060
354215,1005,1060
354216,1006,1064
354217,1010,1060
354218,1013,1057
354219,1008,1054
354220,1005,1058
354221,1007,1060
354222,1010,1063
354223,1011,1061
354224,1012,1060
354225,1008,1059
354226,1007,1056
354227,1006,1060
354228,1002,1062
354229,1010,1062
354230,1010,1059
354231,1009,1054
354232,1010,1055
354233,1010,1058
354234,1012,1059
354235,1014,1058
354236,1012,1056
354237,1006,1055
354238,1003,1055
354239,1004,1061
354240,1008,1060
354241,1010,1057
354242,1009,1059
354243,1006,1057
354244,1007,1057
354245,1009,1057
354246,1007,1063
354247,1009,1061
354248,1010,1060
354249,1009,1057
354250,1005,1060
354251,1004,1059
354252,1008,1063
354253,1012,1063
354254,1014,1059
354255,1009,1057
354256,1008,1059
354257,1004,1063
354258,1006,1064
354259,1009,1063
354260,1008,1062
354261,1006,1056
354262,1007,1059
354263,1010,1062
354264,1012,1062
354265,1016,1061
354266,1013,1059
354267,1005,1059
354268,1005,1060
354269,1006,1060
354270,1011,1063
354271,1018,1062
354272,1012,1059
354273,1007,1057
354274,1009,1063
354275,1017,1063
354276,1017,1060
354277,1019,1060
354278,1015,1055
354279,1012,1054
354280,1011,1056
354281,1013,1061
354282,1017,1062
354283,1022,1058
354284,1022,1055
354285,1018,1054
354286,1015,1053
354287,1012,1056
354288,1014,1059
354289,1016,1058
354290,1017,1058
354291,1017,1055
354292,1016,1054
354293,1019,1055
354294,1021,1052
354295,1022,1048
354296,1030,1046
354297,1038,1041
354298,1048,1040
354299,1065,1037
354300,1088,1039
354301,1119,1033
354302,1153,1026
354303,1186,1015
354304,1217,1016
354305,1255,1026
354306,1292,1042
354307,1310,1058
354308,1305,1068
354309,1270,1064
354310,1213,1067
354311,1158,1077
354312,1103,1090
354313,1049,1100
354314,1003,1106
354315,982,1105
354316,983,1100
354317,996,1088
354318,1008,1080
354319,1015,1071
354320,1015,1066
354321,1009,1060
354322,1008,1060
354323,1010,1059
354324,1009,1063
354325,1009,1062
354326,1007,1062
354327,1002,1059
354328,998,1058
354329,997,1058
354330,997,1058
354331,999,1060
354332,999,1059
354333,1000,1056
354334,995,1056
354335,993,1057
354336,995,1060
354337,997,1060
354338,996,1059
354339,994,1058
354340,992,1057
354341,990,1058
354342,992,1057
354343,994,1059
354344,992,1059
354345,989,1059
354346,982,1059
354347,982,1062
354348,984,1063
354349,989,1062
354350,990,1060
354351,985,1057
354352,985,1057
354353,985,1061
354354,989,1061
354355,990,1060
354356,987,1058
354357,984,1051
354358,982,1050
354359,987,1049
354360,988,1049
354361,992,1045
354362,993,1045
354363,991,1041
354364,989,1043
354365,991,1045
354366,993,1049
354367,998,1046
354368,1001,1041
354369,1001,1035
354370,998,1034
354371,1001,1036
354372,1003,1039
354373,1005,1039
354374,1004,1036
354375,1002,1031
354376,1000,1029
354377,1005,1030
354378,1008,1031
354379,1013,1029
354380,1011,1026
354381,1008,1021
354382,1007,1021
354383,1007,1022
354384,1010,1023
354385,1011,1021
354386,1011,1019
354387,1009,1016
354388,1007,1016
354389,1011,1018
354390,1015,1023
354391,1016,1021
354392,1015,1022
354393,1010,1016
354394,1014,1018
354395,1016,1020
354396,1018,1019
354397,1023,1017
354398,1024,1013
354399,1022,1012
354400,1019,1012
354401,1026,1015
354402,1028,1018
354403,1029,1017
354404,1025,1018
354405,1026,1015
354406,1028,1018
354407,1031,1022
354408,1032,1026
354409,1035,1025
354410,1033,1024
354411,1028,1026
354412,1024,1027
354413,1025,1032
354414,1026,1037
354415,1028,1042
354416,1030,1042
354417,1028,1043
354418,1023,1045
354419,1021,1052
354420,1016,1056
354421,1026,1056
354422,1023,1053
354423,1019,1052
354424,1017,1052
354425,1016,1056
354426,1021,1058
354427,1023,1061
354428,1017,1060
354429,1013,1058
354430,1010,1059
354431,1009,1060
354432,1008,1066
354433,1014,1064
354434,1012,1062
354435,1008,1060
354436,1007,1059
354437,1011,1061
354438,1013,1063
354439,1018,1062
354440,1014,1057
354441,1012,1055
354442,1013,1056
354443,1014,1056
354444,1016,1059
354445,1018,1056
354446,1021,1054
354447,1020,1050
354448,1016,1050
354449,1015,1055
354450,1017,1056
354451,1018,1054
354452,1018,1052
354453,1018,1047
354454,1015,1048
354455,1016,1052
354456,1016,1055
354457,1019,1053
354458,1016,1050
354459,1014,1048
354460,1012,1048
354461,1011,1051
354462,1014,1053
354463,1015,1055
354464,1012,1050
354465,1011,1050
354466,1008,1044
354467,1007,1047
354468,1009,1049
354469,1012,1047
354470,1009,1046
354471,1005,1042
354472,1005,1043
354473,1011,1045
354474,1011,1050
354475,1016,1048
354476,1014,1050
354477,1009,1046
354478,1009,1048
354479,1011,1047
354480,1016,1049
354481,1017,1050
354482,1015,1050
354483,1017,1048
354484,1013,1050
354485,1010,1049
354486,1013,1054
354487,1015,1053
354488,1014,1050
354489,1010,1049
354490,1008,1050
354491,1007,1052
354492,1009,1053
354493,1012,1051
354494,1010,1051
354495,1009,1046
354496,1002,1049
354497,1004,1049
354498,1007,1056
354499,1009,1055
354500,1009,1052
354501,1005,1049
354502,1002,1049
354503,1003,1050
354504,1006,1054
354505,1006,1053
354506,1003,1053
354507,1000,1051
354508,995,1050
354509,996,1055
354510,1003,1057
354511,1002,1056
354512,997,1051
354513,995,1050
354514,993,1051
354515,997,1053
354516,1003,1052
354517,1004,1051
354518,1003,1045
354519,1002,1039
354520,1008,1037
354521,1019,1040
354522,1033,1042
354523,1047,1039
354524,1064,1034
354525,1087,1030
354526,1112,1023
354527,1148,1016
354528,1190,1011
354529,1235,1011
354530,1277,1023
354531,1306,1040
354532,1308,1057
354533,1281,1067
354534,1237,1071
354535,1179,1073
354536,1114,1088
354537,1050,1096
354538,997,1106
354539,971,1111
354540,973,1106
354541,986,1093
354542,993,1080
354543,996,1070
354544,998,1065
354545,997,1061
354546,1001,1062
354547,1000,1060
354548,995,1056
354549,988,1054
354550,984,1053
354551,982,1053
354552,981,1054
354553,979,1056
354554,983,1052
354555,978,1049
354556,976,1052
354557,976,1052
354558,974,1050
354559,980,1049
354560,978,1046
354561,975,1044
354562,970,1045
354563,971,1048
354564,973,1050
354565,974,1049
354566,979,1047
354567,976,1043
354568,975,1042
354569,979,1045
354570,978,1048
354571,977,1049
354572,975,1050
354573,976,1045
354574,977,1047
354575,981,1050
354576,986,1053
354577,987,1051
354578,986,1050
354579,981,1047
354580,982,1048
354581,984,1047
354582,985,1050
354583,988,1049
354584,986,1046
354585,987,1046
354586,985,1044
354587,989,1046
354588,989,1048
354589,990,1047
354590,990,1042
354591,991,1037
354592,986,1034
354593,991,1035
354594,994,1036
354595,999,1037
354596,996,1030
354597,995,1024
354598,993,1024
354599,993,1024
354600,997,1023
354601,999,1020
354602,996,1017
354603,993,1015
354604,995,1012
354605,995,1013
354606,999,1014
354607,999,1017
354608,997,1010
354609,998,1005
354610,994,1004
354611,995,1007
354612,1001,1005
354613,1006,1004
354614,1006,1003
354615,1005,999
354616,1005,999
354617,1006,1006
354618,1010,1010
354619,1012,1010
354620,1011,1013
354621,1010,1010
354622,1012,1012
354623,1015,1018
354624,1014,1022
354625,1016,1024
354626,1017,1023
354627,1013,1024
354628,1009,1029
354629,1010,1035
354630,1013,1038
354631,1017,1039
354632,1016,1039
354633,1010,1038
354634,1006,1040
354635,1002,1044
354636,1004,1047
354637,1006,1049
354638,1007,1046
354639,1001,1045
354640,995,1047
354641,994,1051
354642,994,1055
354643,994,1056
354644,992,1055
354645,990,1054
354646,985,1052
354647,986,1057
354648,985,1058
354649,986,1059
354650,986,1056
354651,981,1056
354652,979,1054
354653,980,1055
354654,985,1058
354655,987,1057
354656,984,1056
354657,980,1057
354658,980,1055
354659,983,1056
354660,986,1057
354661,991,1055
354662,989,1051
354663,986,1049
354664,984,1050
354665,983,1050
354666,987,1056
354667,990,1059
354668,991,1059
354669,989,1052
354670,987,1055
354671,988,1054
354672,989,1057
354673,993,1054
354674,990,1054
354675,988,1051
354676,985,1052
354677,991,1055
354678,991,1058
354679,998,1056
354680,996,1053
354681,996,1051
354682,991,1051
354683,993,1053
354684,994,1052
354685,996,1050
354686,995,1048
354687,994,1045
354688,994,1046
354689,993,1046
354690,994,1050
354691,997,1050
354692,995,1051
354693,991,1045
354694,987,1047
354695,989,1050
354696,990,1053
354697,994,1050
354698,992,1048
354699,989,1046
354700,990,1042
354701,993,1045
354702,995,1046
354703,993,1045
354704,988,1041
354705,988,1039
354706,987,1043
354707,990,1045
354708,990,1049
354709,995,1048
354710,992,1046
354711,986,1043
354712,986,1047
354713,987,1050
354714,992,1055
354715,995,1055
354716,994,1052
354717,991,1047
354718,992,1046
354719,991,1051
354720,991,1052
354721,994,1053
354722,992,1054
354723,991,1052
354724,995,1049
354725,995,1052
354726,999,1053
354727,998,1053
354728,997,1049
354729,991,1048
354730,991,1048
354731,992,1053
354732,994,1055
354733,996,1051
354734,996,1047
354735,994,1045
354736,993,1045
354737,994,1047
354738,996,1046
354739,995,1045
354740,993,1040
354741,989,1039
354742,990,1036
354743,991,1036
354744,995,1037
354745,1001,1033
354746,1008,1030
354747,1014,1026
354748,1026,1027
354749,1044,1030
354750,1067,1029
354751,1096,1019
354752,1131,1007
354753,1162,999
354754,1200,999
354755,1235,1006
354756,1270,1024
354757,1288,1041
354758,1283,1051
354759,1253,1051
354760,1202,1052
354761,1149,1063
354762,1095,1075
354763,1043,1088
354764,997,1092
354765,972,1090
354766,967,1085
354767,978,1078
354768,990,1070
354769,995,1066
354770,996,1058
354771,992,1054
354772,989,1051
354773,987,1052
354774,988,1055
354775,988,1052
354776,985,1050
354777,980,1045
354778,976,1046
354779,977,1046
354780,977,1047
354781,980,1047
354782,981,1047
354783,979,1045
354784,974,1046
354785,972,1046
354786,972,1051
354787,971,1051
354788,962,1049
354789,958,1047
354790,959,1046
354791,961,1043
354792,966,1046
354793,971,1046
354794,971,1047
354795,969,1041
354796,968,1045
354797,968,1048
354798,970,1054
354799,973,1055
354800,970,1048
354801,969,1038
354802,969,1036
354803,969,1041
354804,971,1043
354805,975,1045
354806,973,1045
354807,972,1041
354808,968,1041
354809,969,1042
354810,973,1046
354811,977,1046
354812,975,1043
354813,972,1039
354814,970,1040
354815,972,1044
354816,977,1044
354817,976,1042
354818,978,1039
354819,975,1034
354820,973,1035
354821,974,1034
354822,975,1035
354823,979,1035
354824,979,1037
354825,976,1031
354826,976,1027
354827,980,1026
354828,981,1024
354829,984,1019
354830,982,1017
354831,984,1013
354832,982,1014
354833,984,1014
354834,987,1018
354835,991,1019
354836,992,1019
354837,989,1020
354838,987,1022
354839,990,1017
354840,993,1018
354841,998,1014
354842,997,1011
354843,997,1005
354844,1000,1002
354845,1001,999
354846,1004,999
354847,1008,996
354848,1007,1000
354849,1007,999
354850,1009,1001
354851,1010,1005
354852,1014,1007
354853,1014,1007
354854,1013,1008
354855,1009,1008
354856,1004,1012
354857,1005,1017
354858,1005,1019
354859,1007,1022
354860,1006,1022
354861,1003,1024
354862,997,1028
354863,1000,1032
354864,998,1040
354865,1000,1042
354866,998,1039
354867,994,1040
354868,989,1042
354869,991,1047
354870,993,1049
354871,993,1049
354872,992,1051
354873,986,1047
354874,985,1050
354875,983,1051
354876,986,1054
354877,987,1053
354878,986,1051
354879,985,1052
354880,984,1058
354881,985,1060
354882,990,1065
354883,992,1064
354884,989,1060
354885,985,1055
354886,985,1053
354887,987,1054
354888,994,1054
354889,998,1054
354890,994,1055
354891,994,1051
354892,995,1055
354893,1001,1053
354894,1011,1051
354895,1017,1045
354896,1017,1043
354897,1018,1044
354898,1019,1045
354899,1025,1053
354900,1034,1052
354901,1049,1050
354902,1058,1039
354903,1063,1022
354904,1075,1008
354905,1086,999
354906,1096,992
354907,1109,980
354908,1122,961
354909,1136,946
354910,1150,931
354911,1170,909
354912,1189,893
354913,1211,875
354914,1229,856
354915,1240,843
354916,1249,835
354917,1255,832
354918,1256,835
354919,1257,837
354920,1255,832
354921,1247,828
354922,1234,825
354923,1226,823
354924,1216,826
354925,1200,831
354926,1182,834
354927,1159,837
354928,1132,846
354929,1112,860
354930,1094,876
354931,1081,891
354932,1069,904
354933,1063,918
354934,1053,933
354935,1050,950
354936,1049,962
354937,1047,967
354938,1046,975
354939,1046,977
354940,1048,982
354941,1061,990
354942,1075,997
354943,1091,997
354944,1094,1000
354945,1080,1006
354946,1049,1014
354947,1009,1026
354948,973,1041
354949,955,1055
354950,942,1066
354951,933,1074
354952,928,1085
354953,925,1092
354954,924,1099
354955,919,1100
354956,913,1103
354957,908,1102
354958,903,1106
354959,902,1111
354960,905,1116
354961,904,1116
354962,899,1117
354963,894,1114
354964,889,1116
354965,890,1122
354966,890,1127
354967,890,1131
354968,893,1132
354969,888,1130
354970,884,1134
354971,883,1137
354972,885,1145
354973,885,1145
354974,882,1144
354975,879,1143
354976,871,1143
354977,873,1145
354978,875,1148
354979,878,1148
354980,875,1149
354981,873,1147
354982,871,1151
354983,870,1160
354984,872,1166
354985,875,1170
354986,869,1169
354987,870,1168
354988,866,1169
354989,866,1172
354990,870,1175
354991,873,1180
354992,871,1179
354993,869,1174
354994,869,1173
354995,872,1171
354996,875,1171
354997,879,1170
354998,877,1173
354999,876,1172
355000,876,1172
355001,880,1176
355002,880,1181
355003,881,1178
355004,879,1177
355005,882,1175
355006,884,1178
355007,890,1179
355008,893,1179
355009,898,1175
355010,898,1169
355011,902,1165
355012,901,1163
355013,907,1166
355014,914,1164
355015,921,1159
355016,928,1153
355017,928,1147
355018,926,1141
355019,928,1139
355020,936,1136
355021,946,1132
355022,945,1125
355023,944,1119
355024,944,1116
355025,948,1114
355026,953,1111
355027,959,1106
355028,957,1100
355029,957,1093
355030,954,1090
355031,952,1088
355032,958,1085
355033,961,1080
355034,961,1074
355035,958,1068
355036,955,1069
355037,961,1067
355038,967,1069
355039,970,1065
355040,968,1062
355041,966,1059
355042,966,1056
355043,968,1057
355044,969,1061
355045,972,1057
355046,972,1054
355047,970,1051
355048,967,1051
355049,966,1054
355050,967,1055
355051,965,1055
355052,967,1054
355053,964,1050
355054,964,1053
355055,968,1054
355056,971,1056
355057,975,1055
355058,974,1053
355059,972,1049
355060,969,1049
355061,974,1054
355062,978,1056
355063,980,1054
355064,980,1053
355065,973,1053
355066,970,1052
355067,964,1060
355068,971,1061
355069,979,1060
355070,978,1057
355071,975,1053
355072,976,1051
355073,977,1054
355074,978,1056
355075,980,1057
355076,976,1056
355077,973,1054
355078,967,1051
355079,970,1055
355080,974,1053
355081,978,1053
355082,978,1048
355083,977,1046
355084,975,1047
355085,979,1049
355086,980,1051
355087,979,1050
355088,982,1045
355089,978,1045
355090,972,1044
355091,973,1049
355092,980,1050
355093,982,1050
355094,981,1048
355095,974,1045
355096,975,1046
355097,973,1050
355098,982,1051
355099,983,1048
355100,983,1046
355101,980,1045
355102,979,1043
355103,982,1045
355104,981,1048
355105,981,1050
355106,981,1049
355107,981,1046
355108,984,1050
355109,981,1051
355110,981,1054
355111,985,1054
355112,988,1049
355113,984,1045
355114,979,1045
355115,978,1049
355116,976,1053
355117,979,1054
355118,978,1055
355119,977,1051
355120,979,1054
355121,982,1059
355122,985,1060
355123,985,1062
355124,982,1058
355125,983,1055
355126,983,1050
355127,982,1047
355128,982,1048
355129,980,1047
355130,978,1045
355131,978,1041
355132,980,1041
355133,982,1042
355134,984,1046
355135,982,1044
355136,981,1041
355137,976,1040
355138,977,1041
355139,980,1043
355140,980,1046
355141,980,1043
355142,977,1041
355143,976,1041
355144,976,1042
355145,981,1045
355146,981,1046
355147,982,1048
355148,982,1044
355149,979,1043
355150,978,1040
355151,979,1043
355152,981,1048
355153,980,1047
355154,981,1044
355155,979,1045
355156,977,1046
355157,981,1049
355158,984,1052
355159,988,1048
355160,987,1046
355161,983,1045
355162,978,1047
355163,980,1050
355164,983,1052
355165,985,1054
355166,986,1051
355167,983,1050
355168,981,1051
355169,983,1048
355170,987,1051
355171,985,1046
355172,986,1041
355173,986,1041
355174,984,1041
355175,986,1043
355176,986,1046
355177,988,1044
355178,985,1043
355179,984,1041
355180,981,1041
355181,981,1043
355182,982,1045
355183,989,1044
355184,986,1045
355185,987,1042
355186,986,1041
355187,987,1044
355188,984,1048
355189,985,1047
355190,985,1042
355191,982,1042
355192,981,1043
355193,980,1044
355194,983,1051
355195,985,1050
355196,989,1052
355197,985,1049
355198,984,1050
355199,985,1051
355200,986,1053
355201,990,1050
355202,989,1045
355203,987,1048
355204,987,1050
355205,987,1056
355206,991,1064
355207,992,1058
355208,991,1053
355209,990,1042
355210,988,1037
355211,994,1037
355212,996,1039
355213,996,1038
355214,996,1037
355215,991,1036
355216,990,1036
355217,992,1039
355218,1000,1044
355219,999,1041
355220,996,1041
355221,992,1038
355222,988,1042
355223,989,1038
355224,994,1041
355225,999,1040
355226,1000,1035
355227,999,1034
355228,993,1034
355229,992,1038
355230,984,1044
355231,985,1045
355232,987,1043
355233,989,1041
355234,989,1045
355235,991,1045
355236,995,1047
355237,997,1048
355238,996,1046
355239,995,1046
355240,991,1047
355241,995,1049
355242,995,1053
355243,998,1051
355244,997,1048
355245,996,1044
355246,994,1047
355247,997,1048
355248,999,1048
355249,999,1048
355250,1000,1048
355251,996,1046
355252,995,1046
355253,998,1044
355254,1003,1045
355255,1009,1040
355256,1015,1037
355257,1022,1033
355258,1031,1035
355259,1047,1040
355260,1066,1044
355261,1094,1040
355262,1125,1026
355263,1158,1010
355264,1199,1001
355265,1242,1002
355266,1281,1013
355267,1309,1027
355268,1315,1043
355269,1299,1048
355270,1269,1047
355271,1231,1050
355272,1195,1052
355273,1152,1056
355274,1099,1062
355275,1044,1065
355276,1000,1075
355277,979,1076
355278,980,1070
355279,987,1059
355280,998,1048
355281,1000,1040
355282,999,1034
355283,998,1030
355284,996,1032
355285,993,1027
355286,989,1029
355287,986,1024
355288,983,1027
355289,984,1033
355290,981,1035
355291,979,1035
355292,977,1031
355293,975,1031
355294,975,1031
355295,979,1034
355296,981,1040
355297,980,1038
355298,975,1038
355299,975,1033
355300,971,1036
355301,976,1038
355302,978,1040
355303,983,1039
355304,983,1039
355305,980,1037
355306,979,1037
355307,981,1040
355308,983,1042
355309,984,1039
355310,985,1038
355311,981,1037
355312,980,1036
355313,982,1040
355314,986,1043
355315,986,1042
355316,984,1037
355317,982,1034
355318,980,1036
355319,985,1039
355320,988,1042
355321,989,1039
355322,986,1038
355323,980,1036
355324,982,1038
355325,986,1041
355326,985,1044
355327,988,1041
355328,987,1037
355329,984,1031
355330,982,1031
355331,985,1031
355332,988,1032
355333,987,1033
355334,989,1028
355335,985,1024
355336,984,1024
355337,985,1024
355338,987,1026
355339,988,1026
355340,992,1024
355341,988,1017
355342,986,1019
355343,989,1017
355344,992,1022
355345,996,1020
355346,995,1015
355347,993,1010
355348,995,1011
355349,999,1014
355350,1001,1011
355351,1006,1011
355352,1006,1008
355353,1007,1007
355354,1006,1007
355355,1009,1008
355356,1008,1011
355357,1013,1008
355358,1010,1008
355359,1009,1003
355360,1012,1001
355361,1016,1005
355362,1019,1009
355363,1023,1007
355364,1024,1004
355365,1025,1004
355366,1025,1006
355367,1023,1008
355368,1028,1011
355369,1034,1011
355370,1032,1008
355371,1034,1007
355372,1035,1010
355373,1038,1013
355374,1037,1018
355375,1036,1019
355376,1035,1017
355377,1029,1018
355378,1030,1020
355379,1031,1025
355380,1033,1028
355381,1032,1027
355382,1028,1029
355383,1021,1025
355384,1019,1027
355385,1018,1030
355386,1017,1035
355387,1018,1036
355388,1018,1034
355389,1013,1032
355390,1009,1035
355391,1010,1038
355392,1013,1041
355393,1012,1039
355394,1012,1036
355395,1008,1037
355396,1003,1039
355397,1005,1039
355398,1007,1039
355399,1010,1040
355400,1010,1037
355401,1007,1037
355402,1005,1040
355403,1006,1040
355404,1009,1044
355405,1016,1043
355406,1014,1039
355407,1011,1038
355408,1010,1037
355409,1015,1038
355410,1018,1039
355411,1020,1039
355412,1019,1036
355413,1017,1035
355414,1015,1034
355415,1013,1036
355416,1019,1038
355417,1019,1037
355418,1019,1036
355419,1018,1033
355420,1018,1034
355421,1015,1039
355422,1020,1041
355423,1021,1039
355424,1025,1034
355425,1021,1031
355426,1019,1032
355427,1018,1037
355428,1024,1038
355429,1024,1036
355430,1021,1037
355431,1020,1033
355432,1023,1035
355433,1024,1035
355434,1024,1037
355435,1025,1034
355436,1021,1030
355437,1020,1030
355438,1018,1027
355439,1017,1030
355440,1018,1034
355441,1018,1031
355442,1020,1030
355443,1016,1027
355444,1014,1027
355445,1013,1029
355446,1014,1032
355447,1018,1029
355448,1017,1027
355449,1017,1024
355450,1015,1025
355451,1016,1029
355452,1018,1034
355453,1018,1032
355454,1016,1028
355455,1009,1025
355456,1006,1029
355457,1013,1031
355458,1017,1035
355459,1021,1034
355460,1017,1032
355461,1018,1031
355462,1015,1031
355463,1015,1033
355464,1016,1036
355465,1024,1036
355466,1022,1034
355467,1016,1035
355468,1015,1035
355469,1015,1036
355470,1020,1039
355471,1021,1039
355472,1022,1038
355473,1019,1036
355474,1016,1037
355475,1016,1039
355476,1019,1041
355477,1021,1037
355478,1022,1034
355479,1021,1032
355480,1018,1032
355481,1021,1034
355482,1022,1036
355483,1027,1031
355484,1026,1023
355485,1027,1020
355486,1032,1019
355487,1042,1019
355488,1058,1019
355489,1078,1019
355490,1102,1014
355491,1125,1008
355492,1156,1002
355493,1193,1001
355494,1234,1001
355495,1278,1001
355496,1316,1006
355497,1341,1014
355498,1350,1021
355499,1336,1022
355500,1301,1025
355501,1250,1031
355502,1189,1036
355503,1124,1046
355504,1055,1053
355505,1006,1062
355506,988,1061
355507,991,1051
355508,998,1038
355509,1005,1029
355510,1007,1026
355511,1011,1026
355512,1014,1030
355513,1012,1032
355514,1009,1029
355515,1002,1029
355516,999,1032
355517,1000,1036
355518,1000,1039
355519,998,1040
355520,991,1037
355521,991,1037
355522,988,1034
355523,992,1037
355524,996,1040
355525,998,1042
355526,997,1037
355527,994,1036
355528,992,1035
355529,991,1037
355530,988,1038
355531,993,1037
355532,988,1036
355533,984,1035
355534,983,1036
355535,984,1040
355536,985,1041
355537,986,1040
355538,985,1037
355539,982,1033
355540,982,1034
355541,984,1034
355542,984,1037
355543,986,1034
355544,985,1029
355545,984,1027
355546,981,1027
355547,981,1028
355548,984,1033
355549,985,1030
355550,984,1028
355551,983,1024
355552,979,1023
355553,986,1025
355554,987,1028
355555,986,1025
355556,986,1024
355557,984,1019
355558,985,1019
355559,985,1020
355560,987,1023
355561,989,1020
355562,989,1015
355563,988,1011
355564,988,1009
355565,991,1013
355566,996,1014
355567,996,1016
355568,994,1012
355569,993,1006
355570,995,1006
355571,996,1008
355572,1003,1012
355573,1006,1009
355574,1008,1004
355575,1006,1001
355576,1008,999
355577,1011,998
355578,1014,1001
355579,1011,1001
355580,1015,997
355581,1013,997
355582,1016,998
355583,1019,998
355584,1019,1000
355585,1018,996
355586,1018,994
355587,1018,993
355588,1015,992
355589,1019,996
355590,1021,1000
355591,1023,996
355592,1020,993
355593,1017,993
355594,1017,992
355595,1020,997
355596,1023,998
355597,1027,997
355598,1025,993
355599,1022,991
355600,1020,996
355601,1017,999
355602,1019,1007
355603,1019,1008
355604,1018,1006
355605,1016,1004
355606,1011,1006
355607,1009,1011
355608,1014,1015
355609,1016,1017
355610,1011,1017
355611,1007,1017
355612,1002,1018
355613,1001,1024
355614,1002,1026
355615,1004,1028
355616,999,1026
355617,995,1023
355618,994,1028
355619,991,1031
355620,994,1034
355621,997,1035
355622,995,1036
355623,992,1032
355624,990,1032
355625,994,1035
355626,994,1038
355627,995,1038
355628,995,1036
355629,993,1036
355630,991,1033
355631,992,1037
355632,995,1041
355633,1001,1040
355634,1002,1036
355635,1000,1036
355636,996,1035
355637,998,1035
355638,1002,1039
355639,1007,1036
355640,1007,1031
355641,1004,1028
355642,998,1031
355643,1000,1030
355644,1000,1032
355645,999,1034
355646,999,1031
355647,1001,1030
355648,1000,1029
355649,999,1029
355650,1000,1034
355651,1001,1029
355652,998,1025
355653,994,1020
355654,991,1025
355655,994,1025
355656,998,1029
355657,998,1025
355658,994,1024
355659,990,1022
355660,988,1025
355661,990,1028
355662,991,1030
355663,990,1030
355664,992,1027
355665,989,1024
355666,987,1026
355667,989,1027
355668,993,1032
355669,998,1029
355670,1000,1029
355671,995,1026
355672,994,1029
355673,993,1033
355674,994,1037
355675,996,1035
355676,994,1034
355677,992,1031
355678,991,1035
355679,994,1037
355680,999,1037
355681,1000,1035
355682,995,1032
355683,994,1031
355684,989,1031
355685,992,1033
355686,998,1034
355687,995,1033
355688,994,1032
355689,993,1027
355690,995,1029
355691,997,1031
355692,997,1033
355693,995,1030
355694,995,1029
355695,991,1026
355696,988,1025
355697,986,1027
355698,989,1029
355699,995,1029
355700,992,1027
355701,992,1023
355702,988,1024
355703,991,1024
355704,992,1027
355705,996,1024
355706,994,1024
355707,987,1024
355708,985,1024
355709,985,1027
355710,985,1029
355711,985,1030
355712,987,1025
355713,984,1025
355714,983,1025
355715,987,1028
355716,988,1035
355717,990,1033
355718,993,1033
355719,989,1031
355720,989,1031
355721,989,1032
355722,991,1033
355723,991,1033
355724,988,1032
355725,982,1031
355726,978,1034
355727,979,1033
355728,982,1033
355729,986,1029
355730,983,1027
355731,983,1026
355732,984,1026
355733,983,1029
355734,987,1030
355735,991,1029
355736,989,1027
355737,983,1023
355738,981,1020
355739,987,1026
355740,990,1029
355741,994,1028
355742,995,1021
355743,993,1022
355744,992,1019
355745,994,1020
355746,1000,1021
355747,1014,1018
355748,1027,1010
355749,1041,1007
355750,1057,1009
355751,1083,1006
355752,1117,1002
355753,1159,990
355754,1199,984
355755,1237,981
355756,1277,988
355757,1312,1000
355758,1337,1015
355759,1333,1023
355760,1299,1024
355761,1244,1027
355762,1182,1037
355763,1120,1050
355764,1061,1060
355765,1015,1059
355766,983,1054
355767,970,1045
355768,979,1038
355769,991,1031
355770,999,1032
355771,1000,1026
355772,998,1023
355773,990,1021
355774,982,1026
355775,978,1026
355776,980,1030
355777,976,1031
355778,973,1030
355779,964,1027
355780,965,1027
355781,969,1028
355782,972,1028
355783,973,1027
355784,967,1024
355785,964,1023
355786,963,1026
355787,963,1031
355788,964,1032
355789,961,1031
355790,965,1029
355791,962,1026
355792,960,1028
355793,960,1027
355794,963,1031
355795,967,1031
355796,967,1030
355797,967,1027
355798,964,1026
355799,967,1028
355800,968,1029
355801,971,1033
355802,967,1031
355803,964,1032
355804,963,1028
355805,968,1028
355806,971,1031
355807,972,1029
355808,972,1024
355809,969,1023
355810,969,1027
355811,969,1029
355812,973,1030
355813,972,1029
355814,970,1027
355815,964,1023
355816,965,1023
355817,967,1023
355818,971,1024
355819,973,1021
355820,967,1015
355821,965,1012
355822,962,1012
355823,967,1012
355824,971,1013
355825,973,1012
355826,974,1010
355827,972,1007
355828,969,1006
355829,972,1009
355830,979,1007
355831,982,1007
355832,982,1002
355833,979,1000
355834,979,1000
355835,981,1004
355836,986,1005
355837,993,1003
355838,991,997
355839,990,997
355840,993,993
355841,995,999
355842,997,1002
355843,1000,1002
355844,997,998
355845,996,995
355846,997,999
355847,996,1004
355848,998,1005
355849,1002,1001
355850,1002,1001
355851,997,1000
355852,997,1002
355853,1001,1002
355854,1006,1006
355855,1009,1006
355856,1008,1003
355857,1008,1003
355858,1007,1005
355859,1010,1009
355860,1013,1013
355861,1013,1010
355862,1011,1007
355863,1004,1006
355864,1000,1012
355865,1000,1016
355866,1001,1022
355867,1001,1021
355868,997,1021
355869,994,1021
355870,988,1025
355871,989,1025
355872,987,1028
355873,987,1025
355874,983,1024
355875,980,1022
355876,978,1023
355877,976,1027
355878,979,1030
355879,977,1032
355880,976,1028
355881,975,1025
355882,979,1029
355883,981,1030
355884,985,1031
355885,986,1027
355886,984,1025
355887,981,1026
355888,981,1030
355889,980,1038
355890,982,1039
355891,987,1040
355892,987,1037
355893,984,1035
355894,983,1035
355895,983,1039
355896,986,1041
355897,988,1036
355898,990,1036
355899,987,1034
355900,987,1034
355901,989,1035
355902,990,1034
355903,987,1034
355904,987,1031
355905,984,1027
355906,986,1032
355907,990,1030
355908,990,1033
355909,993,1026
355910,988,1025
355911,986,1025
355912,985,1024
355913,989,1029
355914,996,1029
355915,997,1026
355916,992,1026
355917,991,1025
355918,990,1025
355919,990,1027
355920,992,1027
355921,992,1025
355922,991,1021
355923,988,1019
355924,985,1017
355925,990,1020
355926,990,1023
355927,989,1022
355928,983,1021
355929,982,1019
355930,977,1018
355931,982,1020
355932,987,1021
355933,989,1019
355934,988,1016
355935,987,1022
355936,981,1023
355937,984,1025
355938,986,1031
355939,991,1032
355940,988,1031
355941,985,1026
355942,983,1027
355943,982,1028
355944,984,1032
355945,984,1031
355946,981,1031
355947,981,1027
355948,983,1026
355949,985,1031
355950,986,1036
355951,984,1034
355952,984,1030
355953,982,1026
355954,983,1024
355955,987,1029
355956,991,1029
355957,993,1027
355958,989,1029
355959,989,1025
355960,988,1025
355961,991,1027
355962,993,1031
355963,995,1030
355964,994,1029
355965,992,1023
355966,990,1023
355967,990,1023
355968,994,1024
355969,994,1023
355970,992,1021
355971,993,1017
355972,995,1017
355973,1007,1015
355974,1022,1013
355975,1037,1010
355976,1049,1008
355977,1064,1006
355978,1091,1000
355979,1131,995
355980,1171,990
355981,1218,989
355982,1260,987
355983,1293,990
355984,1320,1005
355985,1333,1016
355986,1319,1023
355987,1284,1022
355988,1224,1024
355989,1163,1035
355990,1098,1047
355991,1035,1058
355992,993,1064
355993,974,1058
355994,970,1050
355995,972,1033
355996,981,1026
355997,985,1023
355998,987,1027
355999,992,1021
356000,989,1017
356001,979,1014
356002,974,1017
356003,975,1022
356004,973,1024
356005,975,1025
356006,970,1024
356007,966,1024
356008,965,1021
356009,968,1023
356010,969,1027
356011,967,1026
356012,964,1023
356013,959,1021
356014,962,1023
356015,962,1024
356016,967,1025
356017,967,1024
356018,966,1023
356019,963,1020
356020,957,1022
356021,958,1024
356022,959,1025
356023,960,1025
356024,962,1023
356025,962,1020
356026,961,1021
356027,964,1023
356028,966,1026
356029,970,1025
356030,964,1021
356031,960,1018
356032,959,1019
356033,960,1020
356034,962,1026
356035,966,1023
356036,967,1023
356037,967,1021
356038,967,1020
356039,967,1021
356040,966,1021
356041,968,1023
356042,969,1021
356043,968,1018
356044,968,1016
356045,968,1015
356046,972,1014
356047,973,1012
356048,973,1007
356049,970,1005
356050,970,1004
356051,973,1009
356052,974,1012
356053,975,1010
356054,977,1005
356055,975,1003
356056,975,1001
356057,980,1002
356058,982,1004
356059,983,1001
356060,978,997
356061,978,993
356062,977,994
356063,976,993
356064,978,998
356065,980,997
356066,983,994
356067,986,988
356068,984,987
356069,986,988
356070,990,992
356071,991,991
356072,989,990
356073,992,987
356074,991,987
356075,997,987
356076,1001,990
356077,1000,989
356078,1000,987
356079,1000,983
356080,999,986
356081,1003,990
356082,1007,996
356083,1007,996
356084,1004,997
356085,1004,999
356086,1004,998
356087,1008,1000
356088,1007,1002
356089,1007,1003
356090,1005,1001
356091,1004,1001
356092,1001,1006
356093,1000,1009
356094,1000,1015
356095,1001,1012
356096,998,1014
356097,992,1010
356098,985,1010
356099,986,1016
356100,983,1021
356101,986,1019
356102,980,1017
356103,975,1018
356104,975,1021
356105,979,1023
356106,981,1028
356107,980,1025
356108,977,1025
356109,972,1025
356110,972,1029
356111,972,1032
356112,975,1035
356113,978,1034
356114,978,1034
356115,975,1033
356116,974,1031
356117,976,1037
356118,976,1036
356119,979,1033
356120,980,1029
356121,976,1031
356122,973,1033
356123,979,1035
356124,980,1034
356125,984,1033
356126,981,1030
356127,979,1028
356128,980,1030
356129,980,1031
356130,983,1032
356131,985,1030
356132,985,1030
356133,982,1027
356134,983,1029
356135,989,1030
356136,989,1029
356137,989,1028
356138,988,1025
356139,985,1022
356140,983,1024
356141,982,1026
356142,986,1028
356143,988,1027
356144,988,1024
356145,987,1020
356146,982,1019
356147,980,1023
356148,986,1027
356149,988,1026
356150,986,1021
356151,983,1018
356152,984,1016
356153,985,1024
356154,986,1025
356155,987,1025
356156,985,1022
356157,983,1020
356158,984,1019
356159,983,1023
356160,982,1025
356161,989,1025
356162,985,1022
356163,980,1020
356164,980,1024
356165,982,1027
356166,984,1030
356167,986,1025
356168,984,1024
356169,980,1023
356170,979,1024
356171,981,1029
356172,985,1028
356173,985,1029
356174,984,1027
356175,983,1023
356176,982,1026
356177,985,1027
356178,987,1031
356179,987,1032
356180,987,1026
356181,984,1025
356182,982,1024
356183,984,1028
356184,986,1028
356185,986,1028
356186,985,1025
356187,985,1026
356188,986,1023
356189,989,1026
356190,989,1029
356191,990,1026
356192,989,1024
356193,985,1023
356194,986,1026
356195,992,1028
356196,997,1028
356197,998,1026
356198,997,1023
356199,996,1019
356200,1004,1020
356201,1013,1018
356202,1030,1019
356203,1047,1014
356204,1065,1011
356205,1086,1004
356206,1118,997
356207,1154,993
356208,1194,991
356209,1244,988
356210,1285,988
356211,1320,997
356212,1334,1013
356213,1322,1020
356214,1290,1023
356215,1235,1028
356216,1169,1038
356217,1101,1049
356218,1034,1055
356219,990,1059
356220,974,1055
356221,976,1047
356222,984,1034
356223,987,1026
356224,990,1023
356225,987,1025
356226,987,1027
356227,983,1022
356228,976,1021
356229,968,1021
356230,968,1025
356231,970,1026
356232,972,1030
356233,974,1028
356234,970,1025
356235,965,1023
356236,963,1024
356237,960,1030
356238,966,1030
356239,968,1030
356240,968,1027
356241,968,1028
356242,964,1028
356243,964,1028
356244,964,1033
356245,965,1030
356246,964,1030
356247,963,1027
356248,961,1026
356249,963,1029
356250,963,1028
356251,968,1028
356252,966,1024
356253,960,1020
356254,959,1023
356255,960,1024
356256,963,1028
356257,962,1028
356258,959,1023
356259,955,1021
356260,955,1023
356261,959,1022
356262,961,1023
356263,961,1021
356264,960,1017
356265,958,1013
356266,960,1014
356267,963,1016
356268,966,1019
356269,969,1018
356270,968,1012
356271,961,1011
356272,963,1012
356273,966,1011
356274,969,1013
356275,973,1010
356276,971,1006
356277,967,1004
356278,967,1003
356279,971,1005
356280,974,1008
356281,977,1006
356282,978,1005
356283,975,1002
356284,975,1004
356285,974,1008
356286,977,1011
356287,978,1010
356288,980,1007
356289,979,1004
356290,981,1001
356291,983,1004
356292,988,1007
356293,990,1007
356294,990,1004
356295,987,1001
356296,987,1002
356297,991,1004
356298,1000,1007
356299,1000,1005
356300,1001,1001
356301,1002,995
356302,1001,998
356303,1001,1000
356304,1005,1004
356305,1003,1004
356306,1003,1002
356307,1001,997
356308,1001,1001
356309,1000,1004
356310,1003,1007
356311,1005,1006
356312,1002,1007
356313,1000,1004
356314,997,1007
356315,998,1009
356316,1000,1010
356317,1000,1013
356318,996,1010
356319,994,1009
356320,990,1011
356321,990,1018
356322,992,1017
356323,991,1018
356324,989,1020
356325,983,1018
356326,975,1018
356327,980,1023
356328,981,1026
356329,977,1027
356330,978,1026
356331,977,1028
356332,970,1031
356333,975,1033
356334,977,1037
356335,975,1039
356336,970,1036
356337,970,1034
356338,971,1034
356339,971,1038
356340,971,1040
356341,973,1039
356342,973,1038
356343,971,1035
356344,968,1036
356345,970,1040
356346,971,1044
356347,974,1042
356348,973,1040
356349,972,1039
356350,972,1039
356351,976,1039
356352,979,1043
356353,980,1041
356354,983,1037
356355,981,1033
356356,981,1034
356357,985,1037
356358,988,1037
356359,991,1034
356360,987,1031
356361,984,1030
356362,984,1029
356363,988,1030
356364,993,1031
356365,994,1028
356366,993,1027
356367,991,1024
356368,992,1024
356369,994,1025
356370,995,1028
356371,998,1028
356372,997,1027
356373,995,1027
356374,996,1030
356375,996,1035
356376,999,1041
356377,1003,1042
356378,1003,1041
356379,1001,1045
356380,1003,1051
356381,1010,1054
356382,1023,1051
356383,1036,1033
356384,1046,1009
356385,1053,990
356386,1064,975
356387,1078,965
356388,1097,950
356389,1110,934
356390,1127,913
356391,1137,893
356392,1154,873
356393,1170,858
356394,1185,847
356395,1197,833
356396,1207,822
356397,1217,810
356398,1223,802
356399,1233,803
356400,1238,802
356401,1244,802
356402,1247,794
356403,1247,792
356404,1243,793
356405,1235,795
356406,1230,802
356407,1217,808
356408,1199,815
356409,1181,821
356410,1162,832
356411,1146,844
356412,1136,859
356413,1129,872
356414,1120,882
356415,1110,890
356416,1104,901
356417,1099,914
356418,1095,928
356419,1092,937
356420,1093,944
356421,1095,950
356422,1103,955
356423,1112,963
356424,1119,971
356425,1105,980
356426,1065,988
356427,1016,999
356428,970,1017
356429,947,1038
356430,935,1055
356431,929,1066
356432,921,1069
356433,914,1073
356434,910,1077
356435,905,1080
356436,904,1088
356437,900,1086
356438,894,1088
356439,888,1091
356440,882,1094
356441,884,1097
356442,886,1101
356443,885,1102
356444,881,1102
356445,873,1102
356446,871,1106
356447,869,1109
356448,867,1114
356449,867,1116
356450,863,1117
356451,859,1120
356452,854,1120
356453,853,1124
356454,854,1128
356455,855,1131
356456,849,1132
356457,844,1135
356458,842,1138
356459,837,1144
356460,837,1149
356461,837,1148
356462,833,1148
356463,828,1151
356464,827,1151
356465,826,1155
356466,827,1160
356467,825,1161
356468,823,1163
356469,816,1167
356470,814,1171
356471,814,1179
356472,813,1181
356473,815,1183
356474,811,1182
356475,806,1184
356476,809,1186
356477,815,1189
356478,817,1191
356479,818,1190
356480,819,1188
356481,818,1188
356482,817,1187
356483,822,1191
356484,826,1187
356485,833,1182
356486,836,1179
356487,837,1173
356488,842,1175
356489,850,1171
356490,855,1169
356491,864,1162
356492,866,1157
356493,868,1153
356494,871,1148
356495,876,1145
356496,885,1142
356497,892,1133
356498,893,1125
356499,893,1117
356500,896,1115
356501,900,1112
356502,908,1107
356503,911,1100
356504,911,1092
356505,915,1086
356506,915,1085
356507,917,1085
356508,926,1081
356509,930,1077
356510,931,1070
356511,927,1064
356512,925,1062
356513,927,1061
356514,934,1060
356515,935,1061
356516,930,1058
356517,924,1054
356518,924,1055
356519,928,1056
356520,933,1058
356521,938,1054
356522,933,1052
356523,931,1048
356524,932,1050
356525,935,1052
356526,935,1053
356527,934,1051
356528,935,1049
356529,933,1045
356530,927,1048
356531,929,1047
356532,937,1049
356533,939,1047
356534,938,1044
356535,932,1037
356536,932,1034
356537,933,1037
356538,939,1036
356539,938,1034
356540,936,1029
356541,938,1027
356542,939,1027
356543,943,1029
356544,944,1032
356545,945,1031
356546,943,1029
356547,941,1027
356548,939,1026
356549,942,1025
356550,946,1028
356551,947,1029
356552,945,1026
356553,944,1024
356554,941,1025
356555,940,1027
356556,943,1029
356557,944,1028
356558,940,1024
356559,936,1023
356560,936,1025
356561,939,1024
356562,942,1027
356563,941,1028
356564,941,1024
356565,939,1023
356566,936,1025
356567,937,1028
356568,941,1029
356569,941,1028
356570,942,1025
356571,940,1025
356572,941,1026
356573,941,1030
356574,944,1032
356575,944,1025
356576,940,1025
356577,940,1023
356578,938,1027
356579,944,1029
356580,944,1030
356581,945,1028
356582,946,1026
356583,940,1025
356584,938,1027
356585,940,1030
356586,944,1031
356587,944,1029
356588,944,1024
356589,942,1025
356590,942,1026
356591,944,1027
356592,948,1027
356593,948,1027
356594,946,1025
356595,945,1023
356596,943,1026
356597,945,1027
356598,948,1028
356599,951,1026
356600,949,1025
356601,947,1025
356602,946,1028
356603,947,1027
356604,950,1030
356605,949,1028
356606,944,1027
356607,940,1024
356608,943,1025
356609,944,1028
356610,944,1031
356611,944,1033
356612,943,1031
356613,941,1028
356614,940,1027
356615,940,1028
356616,943,1028
356617,944,1026
356618,942,1020
356619,941,1017
356620,942,1015
356621,946,1015
356622,949,1016
356623,949,1016
356624,945,1010
356625,943,1008
356626,944,1010
356627,946,1011
356628,946,1016
356629,949,1014
356630,945,1011
356631,945,1011
356632,940,1013
356633,947,1019
356634,951,1020
356635,953,1019
356636,954,1014
356637,951,1011
356638,950,1013
356639,949,1017
356640,953,1016
356641,956,1016
356642,954,1012
356643,953,1012
356644,951,1014
356645,954,1018
356646,960,1021
356647,961,1018
356648,960,1014
356649,958,1008
356650,961,1009
356651,969,1008
356652,979,1007
356653,992,1004
356654,1004,1002
356655,1018,999
356656,1044,996
356657,1078,988
356658,1118,983
356659,1156,980
356660,1193,981
356661,1222,990
356662,1248,1009
356663,1257,1026
356664,1245,1032
356665,1202,1032
356666,1145,1036
356667,1083,1043
356668,1023,1056
356669,975,1063
356670,949,1065
356671,945,1052
356672,949,1038
356673,953,1025
356674,954,1021
356675,955,1019
356676,957,1020
356677,950,1018
356678,945,1018
356679,940,1016
356680,936,1018
356681,935,1021
356682,937,1022
356683,936,1022
356684,934,1020
356685,931,1019
356686,931,1021
356687,931,1025
356688,934,1027
356689,934,1026
356690,934,1023
356691,931,1024
356692,925,1024
356693,930,1023
356694,930,1027
356695,930,1028
356696,930,1025
356697,927,1022
356698,926,1026
356699,929,1025
356700,933,1030
356701,933,1026
356702,931,1022
356703,927,1020
356704,923,1020
356705,926,1020
356706,930,1021
356707,931,1017
356708,927,1011
356709,925,1009
356710,927,1009
356711,926,1008
356712,929,1011
356713,930,1008
356714,928,1005
356715,925,1005
356716,926,1000
356717,925,1004
356718,929,1003
356719,933,1002
356720,930,998
356721,926,997
356722,924,996
356723,926,997
356724,931,998
356725,933,997
356726,933,996
356727,930,993
356728,929,993
356729,929,994
356730,933,997
356731,933,993
356732,934,990
356733,935,988
356734,937,986
356735,942,986
356736,943,987
356737,948,984
356738,948,980
356739,948,980
356740,947,983
356741,953,983
356742,956,988
356743,959,986
356744,959,979
356745,956,979
356746,957,981
356747,959,983
356748,964,984
356749,968,983
356750,967,983
356751,965,983
356752,966,983
356753,969,984
356754,972,984
356755,975,982
356756,977,978
356757,974,976
356758,973,978
356759,975,983
356760,976,985
356761,976,988
356762,976,986
356763,973,987
356764,973,992
356765,977,996
356766,977,1000
356767,977,998
356768,974,1000
356769,969,999
356770,964,1001
356771,965,1007
356772,968,1013
356773,966,1014
356774,960,1014
356775,959,1014
356776,957,1014
356777,958,1020
356778,958,1024
356779,958,1021
356780,955,1020
356781,951,1021
356782,949,1025
356783,950,1027
356784,950,1032
356785,952,1031
356786,950,1025
356787,944,1025
356788,944,1026
356789,945,1029
356790,947,1032
356791,949,1033
356792,950,1033
356793,949,1030
356794,947,1031
356795,953,1033
356796,956,1036
356797,956,1035
356798,953,1027
356799,950,1021
356800,952,1022
356801,952,1022
356802,954,1023
356803,955,1022
356804,956,1017
356805,951,1014
356806,948,1017
356807,952,1017
356808,951,1019
356809,953,1017
356810,949,1014
356811,949,1014
356812,948,1012
356813,951,1015
356814,955,1019
356815,956,1014
356816,954,1015
356817,950,1011
356818,947,1012
356819,948,1015
356820,950,1020
356821,952,1018
356822,950,1015
356823,948,1014
356824,948,1012
356825,948,1016
356826,955,1019
356827,955,1018
356828,951,1018
356829,950,1015
356830,947,1016
356831,950,1019
356832,954,1019
356833,952,1020
356834,950,1020
356835,948,1019
356836,948,1019
356837,949,1023
356838,952,1023
356839,954,1024
356840,954,1022
356841,953,1021
356842,954,1022
356843,953,1024
356844,952,1026
356845,951,1025
356846,946,1025
356847,947,1023
356848,946,1025
356849,946,1027
356850,952,1029
356851,952,1025
356852,949,1024
356853,948,1023
356854,948,1024
356855,949,1027
356856,950,1026
356857,948,1025
356858,949,1019
356859,945,1021
356860,944,1022
356861,945,1027
356862,947,1028
356863,949,1024
356864,949,1022
356865,944,1023
356866,939,1023
356867,939,1027
356868,942,1030
356869,943,1027
356870,944,1027
356871,942,1027
356872,938,1026
356873,943,1028
356874,947,1031
356875,946,1029
356876,945,1025
356877,940,1027
356878,941,1026
356879,945,1030
356880,951,1028
356881,951,1026
356882,950,1023
356883,946,1021
356884,944,1022
356885,947,1018
356886,953,1016
356887,962,1014
356888,969,1008
356889,983,1005
356890,1000,1004
356891,1029,1003
356892,1059,994
356893,1095,983
356894,1137,974
356895,1175,972
356896,1213,988
356897,1240,1004
356898,1239,1014
356899,1208,1016
356900,1158,1017
356901,1097,1027
356902,1039,1045
356903,985,1060
356904,948,1067
356905,929,1063
356906,929,1052
356907,931,1037
356908,937,1029
356909,943,1028
356910,949,1028
356911,947,1024
356912,942,1024
356913,935,1021
356914,929,1023
356915,930,1029
356916,933,1030
356917,931,1029
356918,927,1024
356919,927,1022
356920,924,1024
356921,923,1028
356922,925,1031
356923,924,1028
356924,920,1027
356925,915,1024
356926,917,1028
356927,916,1027
356928,921,1032
356929,926,1030
356930,924,1026
356931,924,1022
356932,919,1023
356933,921,1023
356934,921,1026
356935,920,1028
356936,915,1028
356937,906,1028
356938,907,1029
356939,912,1029
356940,917,1030
356941,918,1029
356942,915,1027
356943,915,1022
356944,915,1020
356945,919,1024
356946,921,1025
356947,920,1023
356948,923,1019
356949,921,1016
356950,919,1015
356951,919,1017
356952,920,1019
356953,923,1020
356954,921,1017
356955,924,1012
356956,925,1013
356957,925,1011
356958,930,1014
356959,933,1011
356960,934,1008
356961,935,1004
356962,932,1002
356963,935,1003
356964,941,1003
356965,943,998
356966,944,995
356967,940,994
356968,939,993
356969,933,994
356970,936,999
356971,937,997
356972,934,993
356973,933,988
356974,939,986
356975,944,990
356976,946,990
356977,950,989
356978,947,986
356979,943,987
356980,941,988
356981,945,989
356982,947,991
356983,949,988
356984,947,990
356985,948,990
356986,950,993
356987,953,996
356988,955,997
356989,956,991
356990,953,989
356991,950,990
356992,951,994
356993,950,997
356994,952,1000
356995,955,1000
356996,953,1002
356997,951,1003
356998,950,1006
356999,951,1007
357000,953,1012
357001,950,1013
357002,948,1012
357003,944,1014
357004,943,1016
357005,945,1019
357006,949,1024
357007,950,1024
357008,949,1022
357009,943,1018
357010,943,1024
357011,943,1028
357012,946,1029
357013,948,1029
357014,942,1028
357015,939,1028
357016,939,1029
357017,941,1033
357018,944,1033
357019,940,1032
357020,940,1027
357021,938,1026
357022,939,1030
357023,941,1033
357024,943,1038
357025,944,1033
357026,942,1029
357027,939,1028
357028,936,1029
357029,937,1033
357030,941,1037
357031,943,1036
357032,939,1035
357033,933,1033
357034,931,1034
357035,929,1035
357036,931,1036
357037,935,1032
357038,932,1027
357039,932,1026
357040,932,1026
357041,937,1027
357042,941,1030
357043,940,1027
357044,937,1025
357045,938,1025
357046,938,1025
357047,940,1025
357048,946,1028
357049,947,1026
357050,945,1022
357051,942,1022
357052,943,1021
357053,947,1023
357054,949,1026
357055,948,1027
357056,947,1023
357057,943,1022
357058,941,1025
357059,945,1026
357060,950,1027
357061,950,1025
357062,951,1022
357063,953,1023
357064,949,1023
357065,952,1028
357066,952,1027
357067,952,1027
357068,949,1026
357069,948,1021
357070,946,1025
357071,949,1027
357072,952,1030
357073,950,1031
357074,948,1027
357075,948,1027
357076,948,1029
357077,949,1032
357078,952,1036
357079,950,1034
357080,947,1034
357081,946,1034
357082,945,1033
357083,950,1034
357084,951,1037
357085,954,1031
357086,950,1026
357087,952,1023
357088,951,1022
357089,955,1023
357090,959,1024
357091,958,1023
357092,958,1021
357093,955,1019
357094,951,1020
357095,949,1024
357096,955,1027
357097,956,1027
357098,951,1023
357099,951,1020
357100,952,1021
357101,958,1024
357102,967,1022
357103,974,1017
357104,978,1010
357105,972,1005
357106,964,1008
357107,965,1011
357108,975,1013
357109,990,1014
357110,1010,1009
357111,1030,1002
357112,1058,997
357113,1099,992
357114,1143,990
357115,1187,986
357116,1223,991
357117,1244,1007
357118,1251,1025
357119,1236,1029
357120,1194,1030
357121,1143,1036
357122,1089,1048
357123,1032,1058
357124,981,1066
357125,952,1069
357126,939,1067
357127,939,1060
357128,940,1049
357129,940,1041
357130,941,1039
357131,946,1038
357132,953,1036
357133,952,1035
357134,947,1034
357135,941,1032
357136,941,1035
357137,943,1037
357138,944,1036
357139,943,1028
357140,942,1029
357141,940,1022
357142,940,1027
357143,939,1030
357144,942,1031
357145,943,1028
357146,938,1022
357147,928,1025
357148,919,1027
357149,919,1033
357150,925,1035
357151,925,1032
357152,924,1029
357153,921,1028
357154,926,1025
357155,933,1030
357156,936,1030
357157,937,1029
357158,933,1027
357159,930,1025
357160,928,1026
357161,929,1032
357162,933,1033
357163,936,1030
357164,937,1028
357165,937,1025
357166,941,1022
357167,943,1024
357168,942,1024
357169,939,1025
357170,936,1022
357171,935,1020
357172,936,1020
357173,937,1021
357174,941,1023
357175,940,1022
357176,934,1022
357177,930,1022
357178,931,1025
357179,934,1023
357180,938,1023
357181,947,1016
357182,946,1013
357183,941,1013
357184,936,1014
357185,930,1013
357186,931,1016
357187,930,1016
357188,933,1012
357189,935,1008
357190,937,1008
357191,938,1008
357192,943,1007
357193,941,1004
357194,940,1000
357195,939,996
357196,941,995
357197,940,995
357198,947,996
357199,950,992
357200,952,990
357201,949,984
357202,951,986
357203,956,987
357204,957,984
357205,955,984
357206,956,983
357207,955,981
357208,958,982
357209,962,984
357210,964,986
357211,969,983
357212,969,979
357213,967,978
357214,968,980
357215,971,986
357216,971,992
357217,970,990
357218,968,987
357219,971,987
357220,974,993
357221,977,993
357222,975,997
357223,970,1001
357224,969,999
357225,965,1002
357226,965,1005
357227,965,1007
357228,965,1013
357229,965,1015
357230,963,1014
357231,957,1012
357232,953,1015
357233,951,1021
357234,956,1029
357235,960,1026
357236,962,1026
357237,963,1022
357238,954,1025
357239,948,1031
357240,946,1036
357241,949,1037
357242,951,1033
357243,947,1027
357244,945,1028
357245,947,1030
357246,950,1033
357247,952,1032
357248,951,1030
357249,950,1027
357250,946,1027
357251,952,1029
357252,955,1031
357253,959,1030
357254,958,1029
357255,955,1025
357256,958,1024
357257,963,1027
357258,971,1031
357259,976,1031
357260,979,1029
357261,982,1030
357262,985,1035
357263,990,1040
357264,999,1043
357265,1006,1040
357266,1017,1033
357267,1022,1017
357268,1029,1003
357269,1043,991
357270,1057,979
357271,1072,964
357272,1085,947
357273,1095,929
357274,1108,916
357275,1128,900
357276,1148,876
357277,1169,849
357278,1187,828
357279,1199,811
357280,1215,798
357281,1226,790
357282,1230,791
357283,1229,788
357284,1227,780
357285,1223,778
357286,1219,776
357287,1210,772
357288,1205,774
357289,1190,771
357290,1169,772
357291,1147,778
357292,1127,788
357293,1105,800
357294,1090,814
357295,1070,826
357296,1053,840
357297,1040,856
357298,1035,873
357299,1037,887
357300,1039,902
357301,1033,909
357302,1029,919
357303,1028,930
357304,1033,943
357305,1046,955
357306,1061,963
357307,1073,968
357308,1073,974
357309,1058,981
357310,1028,995
357311,989,1007
357312,952,1022
357313,931,1036
357314,914,1048
357315,908,1057
357316,906,1067
357317,905,1075
357318,899,1080
357319,891,1083
357320,881,1088
357321,878,1088
357322,875,1092
357323,876,1097
357324,877,1101
357325,871,1104
357326,868,1102
357327,863,1099
357328,861,1102
357329,858,1106
357330,860,1111
357331,858,1112
357332,855,1112
357333,851,1113
357334,852,1114
357335,850,1121
357336,854,1124
357337,851,1125
357338,847,1126
357339,844,1126
357340,843,1128
357341,842,1133
357342,843,1135
357343,842,1135
357344,840,1135
357345,837,1138
357346,838,1140
357347,838,1143
357348,841,1149
357349,839,1149
357350,835,1152
357351,837,1155
357352,834,1159
357353,834,1162
357354,836,1166
357355,837,1166
357356,836,1166
357357,836,1165
357358,835,1170
357359,839,1172
357360,843,1178
357361,843,1175
357362,841,1177
357363,839,1175
357364,846,1176
357365,849,1177
357366,853,1180
357367,857,1177
357368,856,1174
357369,858,1170
357370,861,1169
357371,868,1168
357372,869,1167
357373,873,1162
357374,874,1158
357375,877,1149
357376,880,1148
357377,884,1146
357378,890,1143
357379,895,1136
357380,898,1126
357381,899,1117
357382,901,1115
357383,905,1112
357384,908,1109
357385,915,1103
357386,914,1098
357387,916,1092
357388,916,1086
357389,922,1082
357390,924,1081
357391,928,1071
357392,927,1067
357393,928,1061
357394,927,1061
357395,932,1059
357396,934,1056
357397,934,1053
357398,935,1048
357399,933,1043
357400,931,1041
357401,938,1043
357402,940,1043
357403,943,1038
357404,942,1033
357405,940,1033
357406,938,1033
357407,946,1035
357408,947,1034
357409,945,1031
357410,941,1027
357411,940,1027
357412,940,1028
357413,941,1030
357414,943,1030
357415,945,1028
357416,946,1024
357417,943,1022
357418,940,1025
357419,944,1027
357420,948,1030
357421,949,1027
357422,949,1026
357423,944,1023
357424,944,1025
357425,950,1029
357426,952,1030
357427,958,1026
357428,957,1024
357429,950,1021
357430,949,1023
357431,955,1026
357432,953,1027
357433,954,1026
357434,954,1022
357435,955,1019
357436,956,1019
357437,959,1018
357438,959,1019
357439,962,1018
357440,962,1015
357441,959,1015
357442,959,1017
357443,963,1019
357444,966,1023
357445,971,1019
357446,968,1015
357447,968,1011
357448,965,1013
357449,969,1014
357450,972,1019
357451,973,1016
357452,969,1014
357453,965,1012
357454,961,1013
357455,962,1018
357456,964,1018
357457,966,1019
357458,967,1015
357459,965,1013
357460,966,1018
357461,969,1022
357462,970,1023
357463,972,1023
357464,969,1021
357465,967,1018
357466,962,1019
357467,962,1024
357468,963,1026
357469,966,1023
357470,963,1016
357471,961,1016
357472,960,1018
357473,961,1022
357474,964,1024
357475,962,1023
357476,967,1016
357477,963,1015
357478,962,1015
357479,961,1018
357480,963,1021
357481,967,1021
357482,968,1016
357483,966,1016
357484,959,1015
357485,955,1017
357486,962,1022
357487,965,1022
357488,966,1016
357489,965,1014
357490,962,1016
357491,965,1019
357492,968,1019
357493,970,1019
357494,967,1016
357495,960,1014
357496,960,1014
357497,965,1017
357498,969,1020
357499,971,1019
357500,969,1015
357501,962,1012
357502,961,1014
357503,962,1016
357504,966,1018
357505,968,1015
357506,965,1014
357507,965,1010
357508,965,1011
357509,968,1011
357510,969,1014
357511,968,1015
357512,967,1014
357513,966,1011
357514,964,1014
357515,970,1016
357516,971,1021
357517,971,1018
357518,968,1016
357519,964,1017
357520,966,1018
357521,974,1018
357522,977,1023
357523,977,1021
357524,973,1018
357525,965,1015
357526,967,1018
357527,971,1018
357528,975,1022
357529,975,1022
357530,977,1015
357531,973,1015
357532,968,1015
357533,968,1016
357534,975,1016
357535,973,1017
357536,974,1014
357537,970,1011
357538,970,1013
357539,969,1014
357540,973,1019
357541,973,1016
357542,973,1015
357543,974,1012
357544,975,1012
357545,972,1016
357546,974,1017
357547,974,1015
357548,973,1014
357549,971,1011
357550,970,1010
357551,970,1016
357552,975,1022
357553,976,1018
357554,973,1016
357555,971,1013
357556,968,1015
357557,969,1018
357558,969,1021
357559,974,1018
357560,974,1015
357561,975,1012
357562,976,1015
357563,976,1015
357564,978,1018
357565,979,1016
357566,979,1016
357567,979,1014
357568,976,1014
357569,979,1014
357570,982,1019
357571,983,1018
357572,982,1015
357573,980,1012
357574,980,1014
357575,983,1017
357576,988,1018
357577,991,1015
357578,989,1010
357579,985,1010
357580,986,1012
357581,991,1018
357582,994,1017
357583,994,1018
357584,989,1016
357585,980,1011
357586,978,1015
357587,985,1015
357588,987,1016
357589,989,1015
357590,988,1011
357591,984,1010
357592,985,1010
357593,990,1012
357594,992,1013
357595,991,1010
357596,989,1009
357597,985,1006
357598,984,1008
357599,985,1012
357600,989,1015
357601,992,1015
357602,992,1011
357603,991,1007
357604,992,1007
357605,998,1004
357606,1007,1008
357607,1016,1001
357608,1026,997
357609,1041,994
357610,1059,991
357611,1086,985
357612,1115,976
357613,1145,971
357614,1180,966
357615,1212,968
357616,1246,981
357617,1280,999
357618,1296,1016
357619,1288,1021
357620,1255,1018
357621,1201,1017
357622,1145,1028
357623,1099,1041
357624,1055,1051
357625,1013,1057
357626,987,1055
357627,979,1048
357628,984,1039
357629,991,1029
357630,999,1027
357631,998,1021
357632,996,1015
357633,996,1013
357634,991,1013
357635,990,1013
357636,992,1016
357637,988,1012
357638,985,1012
357639,981,1009
357640,978,1010
357641,979,1015
357642,976,1016
357643,979,1015
357644,976,1012
357645,971,1008
357646,971,1009
357647,970,1013
357648,971,1014
357649,972,1017
357650,970,1014
357651,964,1014
357652,963,1015
357653,966,1018
357654,970,1018
357655,970,1017
357656,968,1014
357657,967,1011
357658,966,1013
357659,969,1013
357660,969,1015
357661,970,1015
357662,969,1010
357663,967,1008
357664,966,1009
357665,970,1008
357666,974,1011
357667,973,1006
357668,973,1001
357669,968,1002
357670,968,1002
357671,971,1004
357672,974,1003
357673,976,1005
357674,977,999
357675,973,998
357676,972,999
357677,972,1003
357678,976,1004
357679,977,1003
357680,973,1002
357681,970,998
357682,968,999
357683,974,1000
357684,979,1004
357685,979,1002
357686,979,999
357687,977,997
357688,976,995
357689,975,1000
357690,980,997
357691,981,994
357692,982,992
357693,981,991
357694,984,988
357695,986,992
357696,987,991
357697,990,988
357698,991,987
357699,988,983
357700,989,987
357701,989,987
357702,988,988
357703,988,989
357704,990,982
357705,987,983
357706,989,980
357707,996,984
357708,1002,986
357709,1003,983
357710,1001,980
357711,996,976
357712,996,977
357713,1000,980
357714,1008,982
357715,1011,980
357716,1011,976
357717,1007,973
357718,1008,974
357719,1011,978
357720,1015,979
357721,1014,979
357722,1016,976
357723,1014,976
357724,1015,980
357725,1017,984
357726,1019,991
357727,1017,994
357728,1019,994
357729,1016,996
357730,1012,1000
357731,1016,1002
357732,1014,1007
357733,1015,1006
357734,1015,1005
357735,1012,1007
357736,1011,1007
357737,1012,1011
357738,1016,1013
357739,1011,1014
357740,1010,1013
357741,1005,1012
357742,1001,1013
357743,1002,1014
357744,1006,1018
357745,1006,1018
357746,1001,1017
357747,996,1016
357748,995,1018
357749,998,1018
357750,997,1022
357751,996,1021
357752,995,1019
357753,992,1018
357754,989,1018
357755,993,1021
357756,993,1021
357757,997,1022
357758,994,1017
357759,994,1013
357760,995,1018
357761,998,1015
357762,1000,1020
357763,1000,1017
357764,997,1016
357765,995,1012
357766,995,1015
357767,994,1019
357768,996,1019
357769,997,1020
357770,997,1015
357771,992,1015
357772,994,1018
357773,994,1019
357774,1002,1022
357775,1003,1019
357776,1003,1017
357777,1002,1015
357778,1001,1016
357779,1006,1017
357780,1011,1020
357781,1012,1021
357782,1009,1016
357783,1008,1015
357784,1006,1016
357785,1010,1018
357786,1016,1020
357787,1017,1018
357788,1015,1017
357789,1011,1013
357790,1009,1015
357791,1012,1016
357792,1016,1019
357793,1014,1019
357794,1012,1016
357795,1007,1014
357796,1009,1018
357797,1012,1020
357798,1015,1021
357799,1013,1020
357800,1010,1017
357801,1008,1019
357802,1010,1020
357803,1010,1023
357804,1012,1024
357805,1010,1019
357806,1006,1020
357807,1003,1018
357808,1001,1019
357809,1003,1019
357810,1007,1021
357811,1008,1018
357812,1007,1014
357813,1007,1013
357814,1004,1015
357815,1005,1015
357816,1008,1019
357817,1011,1018
357818,1010,1018
357819,1010,1017
357820,1008,1017
357821,1009,1019
357822,1013,1022
357823,1010,1020
357824,1012,1020
357825,1009,1015
357826,1009,1017
357827,1010,1020
357828,1013,1024
357829,1014,1021
357830,1013,1019
357831,1008,1017
357832,1004,1022
357833,1009,1023
357834,1013,1028
357835,1012,1027
357836,1012,1024
357837,1008,1022
357838,1009,1022
357839,1011,1025
357840,1013,1026
357841,1015,1026
357842,1014,1025
357843,1009,1022
357844,1009,1024
357845,1008,1022
357846,1013,1027
357847,1013,1027
357848,1015,1026
357849,1010,1025
357850,1008,1023
357851,1011,1026
357852,1012,1029
357853,1012,1029
357854,1011,1027
357855,1008,1022
357856,1009,1026
357857,1014,1030
357858,1017,1031
357859,1018,1031
357860,1016,1028
357861,1013,1028
357862,1010,1030
357863,1012,1035
357864,1016,1035
357865,1014,1032
357866,1010,1029
357867,1009,1028
357868,1011,1030
357869,1016,1032
357870,1017,1035
357871,1019,1032
357872,1018,1027
357873,1014,1026
357874,1015,1026
357875,1013,1029
357876,1019,1029
357877,1020,1027
357878,1018,1024
357879,1018,1020
357880,1015,1021
357881,1016,1023
357882,1018,1026
357883,1020,1024
357884,1014,1020
357885,1014,1018
357886,1017,1019
357887,1021,1023
357888,1022,1028
357889,1018,1024
357890,1020,1022
357891,1020,1019
357892,1018,1022
357893,1019,1020
357894,1024,1027
357895,1022,1025
357896,1018,1023
357897,1014,1021
357898,1014,1023
357899,1016,1026
357900,1020,1028
357901,1022,1027
357902,1022,1026
357903,1019,1025
357904,1018,1028
357905,1020,1030
357906,1023,1034
357907,1021,1031
357908,1020,1029
357909,1017,1030
357910,1019,1031
357911,1019,1033
357912,1022,1033
357913,1022,1034
357914,1018,1031
357915,1014,1030
357916,1015,1034
357917,1016,1032
357918,1017,1036
357919,1019,1035
357920,1018,1032
357921,1016,1027
357922,1016,1029
357923,1017,1029
357924,1020,1030
357925,1021,1029
357926,1019,1027
357927,1020,1023
357928,1018,1025
357929,1024,1028
357930,1023,1029
357931,1024,1027
357932,1023,1024
357933,1018,1021
357934,1018,1024
357935,1021,1027
357936,1022,1029
357937,1022,1027
357938,1022,1025
357939,1022,1024
357940,1021,1024
357941,1026,1028
357942,1026,1032
357943,1026,1029
357944,1023,1030
357945,1022,1027
357946,1023,1029
357947,1026,1026
357948,1027,1032
357949,1026,1033
357950,1023,1031
357951,1018,1032
357952,1018,1034
357953,1021,1035
357954,1021,1036
357955,1019,1036
357956,1016,1034
357957,1019,1033
357958,1017,1034
357959,1023,1039
357960,1024,1042
357961,1024,1038
357962,1021,1037
357963,1020,1033
357964,1018,1035
357965,1018,1035
357966,1021,1036
357967,1021,1035
357968,1018,1034
357969,1020,1031
357970,1021,1031
357971,1025,1035
357972,1027,1035
357973,1027,1034
357974,1023,1031
357975,1021,1028
357976,1021,1030
357977,1023,1030
357978,1024,1030
357979,1027,1029
357980,1025,1027
357981,1021,1025
357982,1022,1026
357983,1025,1028
357984,1028,1031
357985,1030,1028
357986,1030,1026
357987,1027,1026
357988,1026,1030
357989,1029,1031
357990,1030,1035
357991,1033,1032
357992,1030,1031
357993,1026,1033
357994,1026,1034
357995,1031,1035
357996,1032,1038
357997,1033,1033
357998,1033,1035
357999,1031,1032
358000,1032,1035
358001,1037,1037
358002,1037,1040
358003,1039,1036
358004,1042,1032
358005,1044,1024
358006,1050,1022
358007,1063,1025
358008,1083,1023
358009,1104,1020
358010,1124,1011
358011,1149,999
358012,1184,993
358013,1215,991
358014,1255,990
358015,1290,992
358016,1318,1002
358017,1331,1015
358018,1320,1029
358019,1293,1032
358020,1249,1037
358021,1203,1041
358022,1157,1046
358023,1107,1047
358024,1060,1048
358025,1033,1050
358026,1024,1046
358027,1025,1040
358028,1031,1028
358029,1032,1024
358030,1029,1023
358031,1030,1027
358032,1031,1030
358033,1028,1029
358034,1020,1025
358035,1011,1027
358036,1008,1030
358037,1011,1030
358038,1015,1034
358039,1013,1033
358040,1011,1032
358041,1008,1030
358042,1006,1034
358043,1008,1036
358044,1011,1037
358045,1008,1041
358046,1003,1038
358047,1000,1039
358048,998,1042
358049,1000,1045
358050,1006,1048
358051,1011,1045
358052,1008,1043
358053,1002,1043
358054,1000,1046
358055,1005,1046
358056,1008,1048
358057,1008,1043
358058,1005,1039
358059,1001,1040
358060,999,1040
358061,999,1044
358062,1002,1044
358063,1000,1042
358064,997,1038
358065,993,1037
358066,992,1036
358067,995,1040
358068,998,1041
358069,997,1039
358070,994,1038
358071,994,1037
358072,994,1034
358073,998,1037
358074,1001,1041
358075,1002,1039
358076,999,1034
358077,996,1030
358078,996,1032
358079,998,1032
358080,1000,1036
358081,1002,1035
358082,1002,1032
358083,996,1028
358084,997,1031
358085,1000,1031
358086,1002,1030
358087,1004,1029
358088,1004,1028
358089,1000,1024
358090,1003,1024
358091,1007,1026
358092,1006,1026
358093,1009,1024
358094,1006,1020
358095,1005,1016
358096,1007,1015
358097,1009,1018
358098,1012,1020
358099,1009,1016
358100,1008,1013
358101,1009,1009
358102,1010,1008
358103,1013,1010
358104,1016,1013
358105,1014,1011
358106,1013,1007
358107,1013,1006
358108,1013,1007
358109,1015,1009
358110,1020,1012
358111,1020,1007
358112,1016,1006
358113,1012,1005
358114,1015,1006
358115,1015,1008
358116,1018,1011
358117,1017,1008
358118,1016,1007
358119,1016,1006
358120,1016,1008
358121,1017,1014
358122,1023,1015
358123,1023,1015
358124,1024,1013
358125,1024,1015
358126,1022,1018
358127,1024,1019
358128,1024,1023
358129,1030,1023
358130,1028,1021
358131,1024,1021
358132,1021,1027
358133,1023,1032
358134,1024,1038
358135,1023,1036
358136,1027,1035
358137,1024,1035
358138,1021,1037
358139,1021,1038
358140,1018,1039
358141,1016,1037
358142,1014,1035
358143,1010,1034
358144,1006,1036
358145,1005,1039
358146,1007,1043
358147,1008,1041
358148,1004,1038
358149,999,1037
358150,999,1040
358151,1000,1043
358152,1001,1044
358153,1002,1045
358154,1003,1041
358155,998,1039
358156,998,1040
358157,1004,1041
358158,1005,1044
358159,1007,1047
358160,1006,1040
358161,1004,1038
358162,1000,1041
358163,1003,1041
358164,1005,1044
358165,1004,1041
358166,1004,1040
358167,1001,1037
358168,1001,1041
358169,1003,1041
358170,1004,1045
358171,1006,1042
358172,1005,1039
358173,1006,1039
358174,1009,1038
358175,1012,1040
358176,1013,1042
358177,1015,1037
358178,1014,1035
358179,1010,1034
358180,1008,1038
358181,1013,1042
358182,1014,1043
358183,1015,1041
358184,1012,1035
358185,1010,1032
358186,1013,1032
358187,1013,1035
358188,1013,1037
358189,1012,1035
358190,1011,1034
358191,1008,1031
358192,1008,1032
358193,1010,1034
358194,1010,1036
358195,1011,1036
358196,1010,1033
358197,1008,1031
358198,1010,1032
358199,1008,1036
358200,1012,1035
358201,1010,1036
358202,1004,1032
358203,1003,1031
358204,1005,1033
358205,1006,1038
358206,1009,1040
358207,1007,1039
358208,1005,1037
358209,1003,1035
358210,1002,1035
358211,1001,1038
358212,1005,1041
358213,1006,1042
358214,1005,1040
358215,1005,1040
358216,1006,1039
358217,1007,1042
358218,1014,1044
358219,1011,1041
358220,1013,1038
358221,1007,1039
358222,1008,1043
358223,1009,1044
358224,1011,1046
358225,1013,1044
358226,1011,1044
358227,1009,1039
358228,1009,1039
358229,1013,1041
358230,1014,1041
358231,1016,1038
358232,1013,1037
358233,1009,1036
358234,1011,1038
358235,1013,1037
358236,1019,1041
358237,1017,1040
358238,1013,1035
358239,1010,1035
358240,1009,1035
358241,1009,1038
358242,1012,1039
358243,1013,1040
358244,1009,1034
358245,1007,1034
358246,1005,1038
358247,1005,1039
358248,1007,1039
358249,1011,1039
358250,1011,1033
358251,1008,1032
358252,1008,1032
358253,1010,1036
358254,1014,1040
358255,1012,1039
358256,1011,1038
358257,1008,1036
358258,1009,1035
358259,1011,1038
358260,1016,1040
358261,1017,1039
358262,1014,1039
358263,1010,1037
358264,1009,1039
358265,1013,1043
358266,1018,1043
358267,1014,1040
358268,1014,1036
358269,1012,1036
358270,1010,1037
358271,1011,1039
358272,1012,1041
358273,1015,1043
358274,1010,1037
358275,1007,1035
358276,1009,1038
358277,1012,1042
358278,1015,1043
358279,1014,1041
358280,1013,1041
358281,1008,1037
358282,1009,1039
358283,1011,1042
358284,1013,1044
358285,1013,1042
358286,1013,1041
358287,1009,1037
358288,1011,1039
358289,1012,1043
358290,1015,1045
358291,1016,1045
358292,1013,1039
358293,1013,1038
358294,1009,1041
358295,1012,1040
358296,1015,1044
358297,1014,1043
358298,1011,1042
358299,1009,1040
358300,1009,1040
358301,1011,1042
358302,1012,1045
358303,1010,1044
358304,1010,1039
358305,1007,1037
358306,1007,1040
358307,1008,1043
358308,1016,1045
358309,1016,1047
358310,1015,1044
358311,1014,1043
358312,1013,1043
358313,1014,1043
358314,1018,1045
358315,1018,1043
358316,1014,1037
358317,1011,1035
358318,1012,1036
358319,1016,1038
358320,1020,1040
358321,1018,1036
358322,1017,1036
358323,1016,1031
358324,1015,1033
358325,1016,1036
358326,1021,1038
358327,1021,1040
358328,1018,1037
358329,1015,1032
358330,1018,1035
358331,1018,1038
358332,1022,1041
358333,1020,1038
358334,1022,1035
358335,1018,1035
358336,1019,1035
358337,1021,1037
358338,1026,1038
358339,1028,1035
358340,1029,1030
358341,1034,1026
358342,1038,1026
358343,1051,1026
358344,1065,1025
358345,1083,1022
358346,1099,1017
358347,1125,1010
358348,1156,1002
358349,1191,1000
358350,1230,1000
358351,1270,1002
358352,1301,1007
358353,1324,1022
358354,1326,1037
358355,1309,1043
358356,1275,1044
358357,1225,1048
358358,1172,1055
358359,1120,1061
358360,1069,1067
358361,1033,1069
358362,1017,1068
358363,1013,1059
358364,1015,1050
358365,1015,1043
358366,1019,1039
358367,1018,1041
358368,1019,1045
358369,1017,1042
358370,1012,1043
358371,1009,1038
358372,1005,1039
358373,1009,1043
358374,1009,1047
358375,1006,1044
358376,1003,1041
358377,1000,1044
358378,999,1046
358379,995,1048
358380,997,1049
358381,998,1048
358382,998,1045
358383,993,1042
358384,992,1045
358385,995,1046
358386,996,1048
358387,995,1044
358388,992,1043
358389,987,1040
358390,987,1040
358391,992,1042
358392,996,1040
358393,994,1038
358394,991,1037
358395,990,1033
358396,990,1036
358397,990,1036
358398,994,1036
358399,992,1036
358400,989,1034
358401,990,1030
358402,989,1033
358403,992,1035
358404,995,1039
358405,995,1038
358406,991,1033
358407,989,1032
358408,987,1034
358409,988,1033
358410,994,1037
358411,994,1033
358412,994,1031
358413,992,1026
358414,990,1029
358415,996,1031
358416,1001,1034
358417,1000,1031
358418,997,1027
358419,995,1023
358420,993,1025
358421,999,1028
358422,1004,1031
358423,1004,1026
358424,1006,1022
358425,1005,1020
358426,1007,1024
358427,1006,1023
358428,1008,1021
358429,1008,1021
358430,1008,1016
358431,1005,1012
358432,1006,1014
358433,1012,1014
358434,1014,1016
358435,1013,1010
358436,1015,1007
358437,1013,1004
358438,1011,1003
358439,1015,1003
358440,1017,1003
358441,1018,1002
358442,1017,1001
358443,1015,997
358444,1015,1000
358445,1016,999
358446,1022,1002
358447,1020,1002
358448,1019,998
358449,1017,997
358450,1015,997
358451,1017,1001
358452,1022,1006
358453,1027,1006
358454,1025,1001
358455,1021,1005
358456,1022,1007
358457,1020,1011
358458,1025,1015
358459,1025,1012
358460,1020,1015
358461,1017,1016
358462,1017,1017
358463,1018,1021
358464,1019,1028
358465,1019,1027
358466,1017,1027
358467,1015,1031
358468,1014,1031
358469,1014,1036
358470,1015,1038
358471,1012,1039
358472,1010,1039
358473,1008,1036
358474,1005,1041
358475,1008,1044
358476,1008,1048
358477,1005,1046
358478,1002,1042
358479,1000,1042
358480,998,1044
358481,999,1046
358482,999,1047
358483,1001,1047
358484,998,1045
358485,990,1040
358486,992,1040
358487,996,1041
358488,998,1042
358489,998,1041
358490,997,1039
358491,994,1033
358492,993,1036
358493,996,1038
358494,998,1039
358495,999,1036
358496,998,1033
358497,993,1030
358498,994,1033
358499,995,1033
358500,1002,1038
358501,1001,1033
358502,1000,1032
358503,995,1033
358504,997,1034
358505,1000,1038
358506,1002,1039
358507,1006,1035
358508,1007,1033
358509,1004,1032
358510,1002,1035
358511,1004,1037
358512,1008,1038
358513,1007,1036
358514,1004,1032
358515,1004,1032
358516,1006,1033
358517,1009,1036
358518,1009,1038
358519,1007,1034
358520,1007,1033
358521,1004,1034
358522,1002,1035
358523,1002,1036
358524,1006,1042
358525,1006,1038
358526,1005,1035
358527,1005,1035
358528,1006,1039
358529,1008,1042
358530,1002,1044
358531,1003,1044
358532,998,1037
358533,997,1037
358534,1001,1036
358535,1005,1038
358536,1005,1039
358537,1002,1038
358538,1005,1035
358539,1000,1033
358540,998,1035
358541,1002,1038
358542,1006,1038
358543,1002,1037
358544,1003,1036
358545,998,1034
358546,999,1032
358547,1000,1036
358548,1002,1036
358549,1000,1036
358550,997,1034
358551,996,1031
358552,999,1033
358553,998,1035
358554,1003,1036
358555,1001,1036
358556,996,1033
358557,992,1031
358558,991,1035
358559,997,1036
358560,1004,1038
358561,1003,1037
358562,1001,1034
358563,999,1033
358564,999,1036
358565,1004,1039
358566,1006,1040
358567,1004,1040
358568,1003,1036
358569,998,1037
358570,999,1039
358571,1003,1040
358572,1006,1042
358573,1010,1042
358574,1006,1039
358575,1006,1036
358576,1006,1038
358577,1004,1040
358578,1010,1044
358579,1011,1042
358580,1010,1036
358581,1011,1031
358582,1011,1027
358583,1020,1029
358584,1032,1026
358585,1044,1022
358586,1055,1017
358587,1069,1014
358588,1094,1013
358589,1124,1006
358590,1163,1002
358591,1201,996
358592,1236,993
358593,1269,1001
358594,1294,1018
358595,1299,1035
358596,1276,1040
358597,1227,1038
358598,1168,1043
358599,1111,1055
358600,1056,1066
358601,1012,1070
358602,992,1071
358603,990,1060
358604,997,1050
358605,1000,1040
358606,1002,1035
358607,1000,1037
358608,1001,1041
358609,998,1039
358610,994,1036
358611,989,1035
358612,986,1036
358613,984,1039
358614,986,1039
358615,984,1041
358616,982,1039
358617,978,1036
358618,977,1038
358619,977,1041
358620,979,1043
358621,981,1040
358622,979,1039
358623,975,1034
358624,978,1035
358625,977,1037
358626,981,1040
358627,980,1040
358628,979,1035
358629,979,1033
358630,979,1035
358631,981,1039
358632,983,1038
358633,984,1039
358634,981,1036
358635,979,1035
358636,978,1035
358637,980,1037
358638,983,1038
358639,983,1039
358640,981,1036
358641,979,1031
358642,977,1031
358643,980,1033
358644,982,1034
358645,981,1031
358646,981,1028
358647,977,1023
358648,978,1028
358649,980,1029
358650,983,1028
358651,981,1028
358652,978,1024
358653,981,1021
358654,979,1024
358655,982,1023
358656,987,1025
358657,986,1023
358658,986,1019
358659,984,1017
358660,985,1019
358661,988,1021
358662,990,1019
358663,991,1016
358664,992,1011
358665,988,1008
358666,987,1009
358667,990,1011
358668,997,1011
358669,1001,1006
358670,1003,1002
358671,998,1000
358672,1001,1000
358673,1003,1002
358674,1007,1002
358675,1009,997
358676,1007,994
358677,1002,993
358678,1007,995
358679,1012,995
358680,1014,997
358681,1014,996
358682,1012,994
358683,1008,994
358684,1006,998
358685,1010,1003
358686,1017,1006
358687,1016,1003
358688,1015,1005
358689,1011,1006
358690,1010,1011
358691,1010,1015
358692,1012,1017
358693,1012,1018
358694,1009,1018
358695,1003,1017
358696,1003,1021
358697,1003,1027
358698,1003,1028
358699,1002,1031
358700,998,1028
358701,992,1026
358702,990,1031
358703,992,1036
358704,994,1037
358705,993,1038
358706,989,1038
358707,985,1036
358708,982,1039
358709,985,1043
358710,989,1047
358711,987,1046
358712,980,1042
358713,982,1042
358714,987,1044
358715,988,1047
358716,990,1050
358717,987,1048
358718,987,1044
358719,984,1043
358720,986,1045
358721,991,1048
358722,991,1047
358723,995,1049
358724,995,1045
358725,990,1047
358726,989,1050
358727,989,1050
358728,990,1054
358729,993,1050
358730,991,1047
358731,987,1047
358732,988,1045
358733,994,1046
358734,997,1050
358735,1001,1046
358736,996,1043
358737,994,1043
358738,995,1044
358739,995,1043
358740,996,1047
358741,994,1044
358742,993,1040
358743,995,1036
358744,997,1041
358745,1000,1041
358746,1001,1039
358747,1001,1036
358748,999,1033
358749,992,1032
358750,997,1033
358751,998,1038
358752,999,1039
358753,999,1041
358754,997,1036
358755,991,1036
358756,991,1037
358757,996,1042
358758,995,1044
358759,994,1042
358760,993,1041
358761,989,1042
358762,991,1043
358763,992,1048
358764,995,1044
358765,995,1047
358766,995,1042
358767,992,1041
358768,991,1046
358769,993,1049
358770,995,1053
358771,998,1050
358772,994,1048
358773,992,1047
358774,993,1048
358775,995,1050
358776,998,1051
358777,998,1050
358778,997,1048
358779,995,1048
358780,992,1050
358781,995,1051
358782,995,1053
358783,996,1051
358784,994,1050
358785,991,1050
358786,991,1053
358787,993,1053
358788,997,1051
358789,1001,1046
358790,997,1044
358791,997,1040
358792,999,1042
358793,1001,1043
358794,1005,1039
358795,1008,1034
358796,1011,1027
358797,1017,1026
358798,1030,1025
358799,1050,1027
358800,1069,1030
358801,1094,1024
358802,1123,1012
358803,1158,1003
358804,1196,1002
358805,1236,1009
358806,1277,1023
358807,1299,1042
358808,1298,1050
358809,1267,1050
358810,1221,1051
358811,1170,1061
358812,1117,1075
358813,1059,1084
358814,1013,1084
358815,987,1084
358816,986,1076
358817,994,1066
358818,1001,1059
358819,1002,1052
358820,1000,1050
358821,995,1048
358822,991,1050
358823,988,1052
358824,985,1053
358825,984,1053
358826,982,1052
358827,978,1049
358828,977,1051
358829,977,1055
358830,982,1055
358831,977,1052
358832,980,1048
358833,978,1045
358834,975,1048
358835,974,1051
358836,979,1052
358837,976,1047
358838,974,1046
358839,973,1042
358840,975,1045
358841,975,1046
358842,977,1047
358843,977,1045
358844,977,1040
358845,974,1038
358846,975,1043
358847,977,1045
358848,978,1045
358849,979,1043
358850,975,1042
358851,973,1043
358852,970,1046
358853,975,1047
358854,977,1048
358855,977,1045
358856,973,1040
358857,975,1041
358858,976,1040
358859,978,1044
358860,980,1044
358861,979,1043
358862,978,1039
358863,975,1037
358864,975,1036
358865,978,1040
358866,984,1038
358867,986,1038
358868,986,1032
358869,986,1030
358870,982,1029
358871,984,1029
358872,988,1030
358873,990,1027
358874,988,1020
358875,988,1019
358876,989,1022
358877,991,1019
358878,997,1021
358879,999,1017
358880,997,1012
358881,996,1009
358882,998,1009
358883,999,1011
358884,1005,1011
358885,1006,1007
358886,1005,1004
358887,1006,1002
358888,1009,1004
358889,1013,1004
358890,1013,1005
358891,1011,1004
358892,1008,999
358893,1008,997
358894,1011,1000
358895,1016,1002
358896,1017,1003
358897,1018,1001
358898,1015,1001
358899,1011,1001
358900,1014,1005
358901,1015,1008
358902,1017,1014
358903,1015,1013
358904,1017,1011
358905,1014,1014
358906,1012,1018
358907,1013,1022
358908,1017,1023
358909,1013,1024
358910,1010,1025
358911,1006,1027
358912,1001,1029
358913,1003,1035
358914,1002,1038
358915,1003,1038
358916,1000,1037
358917,997,1031
358918,995,1036
358919,997,1037
358920,996,1040
358921,997,1042
358922,994,1041
358923,991,1042
358924,994,1044
358925,993,1049
358926,997,1050
358927,998,1049
358928,995,1048
358929,992,1044
358930,991,1046
358931,991,1046
358932,995,1048
358933,995,1048
358934,994,1045
358935,994,1044
358936,994,1044
358937,999,1045
358938,1003,1050
358939,1004,1047
358940,1002,1043
358941,997,1044
358942,999,1047
358943,1001,1044
358944,1005,1048
358945,1006,1044
358946,1003,1042
358947,1001,1040
358948,998,1041
358949,999,1044
358950,1003,1045
358951,1003,1041
358952,1001,1039
358953,1001,1037
358954,1002,1037
358955,1003,1042
358956,1001,1044
358957,1002,1043
358958,1000,1041
358959,999,1041
358960,1000,1041
358961,1002,1047
358962,1006,1046
358963,1006,1043
358964,1008,1039
358965,1002,1040
358966,999,1042
358967,1002,1046
358968,1003,1046
358969,1002,1046
358970,999,1045
358971,999,1042
358972,998,1047
358973,1000,1048
358974,1001,1045
358975,1002,1043
358976,1003,1042
358977,999,1041
358978,998,1043
358979,1000,1044
358980,1004,1045
358981,1003,1045
358982,1001,1038
358983,1000,1037
358984,1000,1036
358985,1000,1035
358986,1002,1038
358987,1002,1039
358988,1002,1038
358989,999,1036
358990,1001,1039
358991,1004,1043
358992,1007,1043
358993,1008,1039
358994,1005,1035
358995,1003,1033
358996,1004,1035
358997,1006,1040
358998,1008,1040
358999,1007,1038
359000,1009,1039
359001,1006,1036
359002,1004,1039
359003,1004,1044
359004,1007,1044
359005,1002,1044
359006,1002,1040
359007,1002,1041
359008,1001,1041
359009,1004,1044
359010,1005,1045
359011,1007,1046
359012,1008,1042
359013,1003,1039
359014,1002,1042
359015,1003,1043
359016,1005,1043
359017,1009,1042
359018,1007,1042
359019,1005,1040
359020,1004,1041
359021,1007,1043
359022,1013,1045
359023,1012,1039
359024,1011,1036
359025,1009,1036
359026,1011,1037
359027,1011,1042
359028,1015,1041
359029,1018,1040
359030,1016,1034
359031,1019,1031
359032,1022,1026
359033,1037,1029
359034,1051,1027
359035,1064,1023
359036,1084,1018
359037,1109,1012
359038,1145,1003
359039,1185,996
359040,1232,996
359041,1273,1002
359042,1307,1017
359043,1316,1038
359044,1304,1048
359045,1265,1055
359046,1208,1062
359047,1147,1070
359048,1088,1078
359049,1038,1080
359050,1013,1078
359051,1010,1071
359052,1018,1062
359053,1023,1052
359054,1023,1044
359055,1015,1039
359056,1012,1039
359057,1012,1044
359058,1011,1042
359059,1006,1038
359060,1001,1035
359061,997,1036
359062,993,1035
359063,995,1036
359064,998,1039
359065,996,1039
359066,994,1035
359067,990,1035
359068,990,1037
359069,993,1040
359070,995,1041
359071,995,1038
359072,989,1038
359073,986,1035
359074,984,1037
359075,985,1039
359076,992,1043
359077,995,1039
359078,991,1036
359079,989,1037
359080,985,1038
359081,993,1039
359082,998,1042
359083,998,1040
359084,997,1037
359085,997,1036
359086,998,1037
359087,998,1041
359088,998,1043
359089,1000,1042
359090,1000,1042
359091,996,1039
359092,997,1041
359093,1000,1043
359094,1004,1042
359095,1001,1040
359096,1002,1035
359097,999,1032
359098,1002,1034
359099,1005,1036
359100,1007,1036
359101,1009,1033
359102,1008,1030
359103,1008,1027
359104,1003,1026
359105,1003,1029
359106,1002,1029
359107,1003,1026
359108,1004,1022
359109,1001,1018
359110,1002,1019
359111,1003,1022
359112,1007,1020
359113,1004,1017
359114,1005,1012
359115,1004,1011
359116,999,1011
359117,1001,1012
359118,1005,1013
359119,1009,1010
359120,1007,1007
359121,1005,1006
359122,1009,1007
359123,1011,1009
359124,1018,1009
359125,1017,1006
359126,1017,1004
359127,1013,1002
359128,1017,1003
359129,1021,1006
359130,1026,1008
359131,1028,1007
359132,1030,1003
359133,1027,1004
359134,1028,1006
359135,1027,1010
359136,1030,1013
359137,1034,1011
359138,1031,1011
359139,1027,1011
359140,1027,1015
359141,1031,1022
359142,1031,1022
359143,1031,1022
359144,1024,1024
359145,1022,1019
359146,1019,1028
359147,1021,1032
359148,1021,1033
359149,1019,1032
359150,1012,1029
359151,1010,1031
359152,1009,1036
359153,1009,1038
359154,1010,1042
359155,1009,1040
359156,1005,1038
359157,1004,1042
359158,1005,1042
359159,1004,1042
359160,1008,1044
359161,1006,1044
359162,1004,1042
359163,1002,1043
359164,1000,1044
359165,1010,1051
359166,1013,1052
359167,1014,1051
359168,1012,1048
359169,1009,1044
359170,1010,1045
359171,1015,1047
359172,1016,1049
359173,1019,1047
359174,1020,1044
359175,1019,1044
359176,1023,1043
359177,1031,1050
359178,1039,1055
359179,1042,1054
359180,1042,1054
359181,1044,1055
359182,1049,1055
359183,1060,1056
359184,1074,1047
359185,1084,1030
359186,1095,1008
359187,1107,994
359188,1120,980
359189,1134,969
359190,1151,954
359191,1167,936
359192,1184,913
359193,1200,889
359194,1218,867
359195,1242,849
359196,1261,833
359197,1274,819
359198,1284,804
359199,1286,799
359200,1289,803
359201,1293,806
359202,1296,804
359203,1296,802
359204,1287,801
359205,1274,802
359206,1260,807
359207,1245,817
359208,1235,825
359209,1215,832
359210,1189,839
359211,1166,849
359212,1145,863
359213,1125,878
359214,1118,892
359215,1110,909
359216,1103,918
359217,1099,932
359218,1095,943
359219,1092,956
359220,1093,966
359221,1094,976
359222,1093,981
359223,1100,989
359224,1111,996
359225,1121,999
359226,1116,1006
359227,1087,1012
359228,1049,1023
359229,1008,1032
359230,980,1048
359231,968,1064
359232,962,1078
359233,958,1090
359234,946,1091
359235,939,1089
359236,935,1095
359237,931,1101
359238,928,1109
359239,923,1107
359240,919,1110
359241,914,1110
359242,910,1112
359243,909,1116
359244,912,1119
359245,911,1119
359246,907,1117
359247,902,1116
359248,897,1119
359249,900,1122
359250,901,1128
359251,898,1126
359252,891,1126
359253,886,1125
359254,887,1126
359255,888,1133
359256,891,1135
359257,894,1133
359258,891,1133
359259,885,1133
359260,882,1138
359261,883,1142
359262,890,1146
359263,891,1147
359264,886,1147
359265,882,1149
359266,882,1154
359267,884,1156
359268,883,1160
359269,882,1164
359270,876,1164
359271,873,1166
359272,874,1170
359273,877,1175
359274,879,1177
359275,880,1180
359276,877,1179
359277,873,1179
359278,875,1182
359279,880,1187
359280,887,1189
359281,885,1187
359282,885,1188
359283,884,1184
359284,885,1188
359285,890,1187
359286,895,1185
359287,896,1185
359288,900,1177
359289,901,1174
359290,904,1171
359291,911,1171
359292,918,1168
359293,917,1161
359294,918,1155
359295,916,1149
359296,922,1146
359297,930,1142
359298,938,1138
359299,942,1131
359300,942,1119
359301,942,1114
359302,943,1109
359303,948,1107
359304,956,1101
359305,958,1095
359306,955,1089
359307,962,1083
359308,965,1079
359309,968,1081
359310,975,1081
359311,977,1077
359312,975,1071
359313,975,1067
359314,979,1068
359315,982,1069
359316,984,1066
359317,984,1062
359318,980,1059
359319,980,1059
359320,979,1060
359321,985,1060
359322,989,1059
359323,984,1058
359324,985,1057
359325,984,1052
359326,987,1053
359327,990,1056
359328,995,1056
359329,990,1054
359330,990,1051
359331,989,1052
359332,991,1054
359333,994,1056
359334,996,1055
359335,995,1053
359336,991,1054
359337,992,1052
359338,994,1052
359339,999,1054
359340,1004,1058
359341,1001,1054
359342,1000,1051
359343,994,1048
359344,994,1045
359345,999,1047
359346,1002,1046
359347,1000,1042
359348,1000,1039
359349,998,1034
359350,997,1036
359351,1002,1040
359352,1005,1042
359353,1002,1040
359354,1002,1037
359355,999,1038
359356,1003,1040
359357,1007,1047
359358,1009,1046
359359,1009,1044
359360,1007,1044
359361,1003,1042
359362,1004,1041
359363,1001,1043
359364,1009,1048
359365,1010,1045
359366,1009,1043
359367,1004,1040
359368,1000,1042
359369,1005,1048
359370,1007,1051
359371,1007,1047
359372,1007,1044
359373,1005,1045
359374,1004,1047
359375,1005,1050
359376,1008,1049
359377,1008,1048
359378,1010,1046
359379,1004,1046
359380,1001,1048
359381,1006,1052
359382,1011,1051
359383,1010,1051
359384,1006,1047
359385,1006,1043
359386,1002,1044
359387,1003,1047
359388,1005,1050
359389,1005,1047
359390,1003,1045
359391,1000,1044
359392,1002,1047
359393,1007,1043
359394,1005,1045
359395,1005,1042
359396,1002,1039
359397,999,1040
359398,1000,1040
359399,1003,1046
359400,1005,1048
359401,1008,1046
359402,1003,1044
359403,1003,1043
359404,1005,1046
359405,1007,1048
359406,1010,1047
359407,1008,1049
359408,1004,1045
359409,1004,1045
359410,1000,1047
359411,1007,1047
359412,1011,1049
359413,1011,1047
359414,1007,1046
359415,1004,1044
359416,1003,1044
359417,1005,1047
359418,1010,1049
359419,1008,1047
359420,1007,1044
359421,1004,1041
359422,1004,1047
359423,1006,1046
359424,1010,1050
359425,1008,1045
359426,1005,1043
359427,1001,1040
359428,1001,1041
359429,1004,1043
359430,1007,1046
359431,1009,1043
359432,1007,1039
359433,1010,1039
359434,1010,1041
359435,1011,1041
359436,1015,1042
359437,1013,1042
359438,1010,1040
359439,1008,1040
359440,1007,1042
359441,1011,1045
359442,1017,1046
359443,1016,1043
359444,1016,1042
359445,1012,1041
359446,1014,1043
359447,1018,1046
359448,1020,1043
359449,1020,1046
359450,1020,1041
359451,1018,1040
359452,1020,1043
359453,1023,1047
359454,1027,1045
359455,1026,1042
359456,1023,1039
359457,1027,1035
359458,1031,1033
359459,1046,1036
359460,1059,1036
359461,1071,1031
359462,1089,1025
359463,1111,1020
359464,1139,1011
359465,1171,1011
359466,1208,1006
359467,1245,1007
359468,1276,1016
359469,1302,1031
359470,1318,1051
359471,1312,1060
359472,1289,1062
359473,1239,1062
359474,1182,1066
359475,1127,1076
359476,1074,1084
359477,1031,1088
359478,1008,1085
359479,1004,1075
359480,1003,1060
359481,1009,1053
359482,1015,1048
359483,1019,1048
359484,1019,1051
359485,1014,1044
359486,1010,1042
359487,1001,1042
359488,1003,1042
359489,1000,1047
359490,1001,1049
359491,1002,1047
359492,996,1046
359493,994,1047
359494,992,1048
359495,994,1050
359496,997,1051
359497,998,1048
359498,995,1046
359499,992,1044
359500,993,1047
359501,996,1051
359502,1001,1052
359503,1001,1051
359504,999,1048
359505,994,1050
359506,996,1050
359507,994,1052
359508,998,1055
359509,997,1053
359510,994,1053
359511,995,1047
359512,994,1049
359513,998,1052
359514,998,1051
359515,998,1047
359516,996,1045
359517,993,1041
359518,993,1041
359519,995,1044
359520,996,1044
359521,998,1039
359522,998,1035
359523,995,1035
359524,997,1034
359525,997,1037
359526,1001,1034
359527,998,1034
359528,999,1032
359529,1000,1028
359530,999,1033
359531,1000,1031
359532,1003,1031
359533,1006,1028
359534,1002,1026
359535,1000,1022
359536,1001,1023
359537,1003,1027
359538,1005,1026
359539,1006,1023
359540,1002,1021
359541,1003,1020
359542,1005,1024
359543,1005,1027
359544,1008,1027
359545,1009,1024
359546,1010,1021
359547,1008,1016
359548,1010,1019
359549,1012,1019
359550,1013,1020
359551,1015,1018
359552,1013,1014
359553,1014,1013
359554,1014,1013
359555,1018,1016
359556,1020,1017
359557,1023,1014
359558,1020,1011
359559,1018,1013
359560,1020,1012
359561,1024,1015
359562,1029,1017
359563,1031,1014
359564,1030,1012
359565,1026,1009
359566,1029,1013
359567,1034,1015
359568,1038,1017
359569,1036,1019
359570,1036,1014
359571,1035,1013
359572,1037,1018
359573,1038,1021
359574,1043,1024
359575,1039,1023
359576,1036,1024
359577,1035,1027
359578,1034,1029
359579,1035,1030
359580,1035,1032
359581,1034,1031
359582,1031,1029
359583,1030,1030
359584,1026,1030
359585,1027,1035
359586,1031,1036
359587,1028,1037
359588,1024,1033
359589,1020,1033
359590,1020,1038
359591,1024,1041
359592,1027,1043
359593,1024,1042
359594,1022,1041
359595,1020,1043
359596,1020,1045
359597,1021,1049
359598,1020,1050
359599,1022,1052
359600,1018,1047
359601,1016,1048
359602,1011,1049
359603,1016,1053
359604,1022,1056
359605,1020,1053
359606,1018,1053
359607,1016,1053
359608,1016,1052
359609,1018,1058
359610,1022,1055
359611,1023,1053
359612,1020,1050
359613,1018,1047
359614,1021,1049
359615,1025,1051
359616,1027,1052
359617,1025,1051
359618,1023,1048
359619,1023,1046
359620,1022,1051
359621,1024,1054
359622,1029,1050
359623,1027,1049
359624,1023,1049
359625,1021,1045
359626,1022,1047
359627,1024,1049
359628,1027,1051
359629,1026,1048
359630,1023,1047
359631,1020,1045
359632,1021,1045
359633,1021,1047
359634,1025,1046
359635,1026,1044
359636,1024,1042
359637,1022,1037
359638,1021,1040
359639,1023,1041
359640,1021,1043
359641,1019,1041
359642,1017,1038
359643,1011,1038
359644,1015,1040
359645,1015,1045
359646,1021,1043
359647,1021,1044
359648,1019,1041
359649,1014,1043
359650,1015,1045
359651,1019,1051
359652,1021,1048
359653,1022,1047
359654,1022,1044
359655,1017,1047
359656,1018,1048
359657,1020,1051
359658,1022,1054
359659,1022,1051
359660,1019,1048
359661,1016,1045
359662,1015,1048
359663,1018,1052
359664,1020,1053
359665,1023,1052
359666,1020,1049
359667,1016,1050
359668,1017,1053
359669,1019,1055
359670,1018,1053
359671,1016,1053
359672,1015,1053
359673,1013,1050
359674,1010,1054
359675,1014,1056
359676,1016,1057
359677,1019,1054
359678,1015,1050
359679,1014,1050
359680,1014,1052
359681,1014,1056
359682,1014,1055
359683,1016,1056
359684,1012,1050
359685,1009,1051
359686,1010,1050
359687,1009,1055
359688,1009,1053
359689,1013,1051
359690,1008,1047
359691,1007,1046
359692,1007,1049
359693,1008,1050
359694,1014,1051
359695,1013,1049
359696,1011,1048
359697,1007,1048
359698,1009,1051
359699,1011,1054
359700,1014,1054
359701,1013,1053
359702,1014,1051
359703,1009,1050
359704,1010,1053
359705,1014,1057
359706,1014,1057
359707,1017,1053
359708,1013,1051
359709,1010,1050
359710,1011,1053
359711,1012,1055
359712,1014,1056
359713,1015,1054
359714,1014,1053
359715,1013,1053
359716,1011,1055
359717,1017,1057
359718,1018,1056
359719,1016,1055
359720,1013,1052
359721,1012,1052
359722,1011,1055
359723,1014,1056
359724,1017,1058
359725,1018,1054
359726,1016,1052
359727,1014,1050
359728,1016,1051
359729,1019,1053
359730,1020,1056
359731,1020,1054
359732,1019,1050
359733,1018,1048
359734,1020,1051
359735,1021,1051
359736,1024,1048
359737,1023,1045
359738,1023,1041
359739,1022,1034
359740,1029,1033
359741,1041,1033
359742,1060,1032
359743,1077,1032
359744,1094,1025
359745,1120,1020
359746,1151,1014
359747,1185,1009
359748,1221,1008
359749,1259,1016
359750,1290,1027
359751,1308,1045
359752,1305,1060
359753,1282,1068
359754,1240,1071
359755,1189,1077
359756,1139,1083
359757,1092,1089
359758,1051,1091
359759,1023,1091
359760,1016,1087
359761,1015,1076
359762,1022,1062
359763,1022,1054
359764,1020,1052
359765,1024,1056
359766,1020,1056
359767,1016,1055
359768,1013,1050
359769,1007,1051
359770,1005,1053
359771,1003,1054
359772,1006,1057
359773,1003,1054
359774,998,1053
359775,997,1052
359776,991,1052
359777,993,1054
359778,996,1057
359779,995,1053
359780,996,1050
359781,992,1051
359782,989,1052
359783,991,1054
359784,993,1052
359785,989,1051
359786,990,1050
359787,986,1048
359788,982,1047
359789,986,1051
359790,991,1050
359791,989,1051
359792,987,1045
359793,986,1043
359794,986,1045
359795,986,1046
359796,991,1048
359797,990,1043
359798,992,1038
359799,988,1039
359800,991,1044
359801,992,1048
359802,994,1048
359803,993,1050
359804,989,1046
359805,986,1046
359806,988,1049
359807,993,1051
359808,996,1052
359809,996,1050
359810,992,1046
359811,993,1043
359812,991,1045
359813,998,1045
359814,1002,1048
359815,1003,1042
359816,1002,1039
359817,999,1034
359818,999,1037
359819,1000,1041
359820,1003,1037
359821,1003,1033
359822,1003,1032
359823,1002,1030
359824,1002,1030
359825,1005,1030
359826,1007,1028
359827,1006,1025
359828,1005,1022
359829,1003,1021
359830,1001,1017
359831,1007,1016
359832,1009,1016
359833,1010,1015
359834,1006,1009
359835,1004,1008
359836,1007,1010
359837,1007,1013
359838,1010,1012
359839,1013,1012
359840,1011,1009
359841,1010,1009
359842,1008,1006
359843,1008,1007
359844,1012,1006
359845,1012,1005
359846,1012,1006
359847,1010,1007
359848,1012,1010
359849,1018,1012
359850,1021,1014
359851,1019,1015
359852,1016,1013
359853,1017,1015
359854,1021,1020
359855,1024,1026
359856,1031,1030
359857,1031,1031
359858,1030,1033
359859,1026,1034
359860,1027,1037
359861,1029,1043
359862,1030,1045
359863,1029,1046
359864,1027,1048
359865,1027,1047
359866,1025,1052
359867,1023,1055
359868,1024,1058
359869,1024,1053
359870,1023,1052
359871,1019,1051
359872,1018,1054
359873,1020,1057
359874,1021,1060
359875,1021,1058
359876,1016,1056
359877,1015,1057
359878,1012,1059
359879,1014,1060
359880,1019,1061
359881,1018,1059
359882,1015,1054
359883,1013,1054
359884,1014,1055
359885,1018,1058
359886,1024,1056
359887,1022,1055
359888,1019,1051
359889,1015,1049
359890,1018,1052
359891,1023,1052
359892,1030,1053
359893,1028,1051
359894,1036,1050
359895,1037,1051
359896,1040,1055
359897,1045,1058
359898,1054,1060
359899,1056,1059
359900,1060,1055
359901,1067,1046
359902,1077,1035
359903,1089,1024
359904,1102,1010
359905,1113,994
359906,1126,979
359907,1137,967
359908,1156,954
359909,1171,944
359910,1190,926
359911,1202,905
359912,1218,881
359913,1232,862
359914,1249,850
359915,1266,839
359916,1285,828
359917,1295,819
359918,1298,816
359919,1298,818
359920,1295,819
359921,1299,819
359922,1302,819
359923,1298,817
359924,1285,816
359925,1272,818
359926,1253,828
359927,1235,833
359928,1220,846
359929,1200,851
359930,1176,860
359931,1155,869
359932,1137,885
359933,1131,898
359934,1125,909
359935,1112,920
359936,1098,929
359937,1093,939
359938,1090,954
359939,1092,965
359940,1094,973
359941,1088,979
359942,1091,985
359943,1095,990
359944,1102,995
359945,1112,1000
359946,1118,1005
359947,1109,1008
359948,1086,1013
359949,1057,1021
359950,1026,1031
359951,1000,1044
359952,987,1056
359953,972,1066
359954,960,1075
359955,953,1084
359956,948,1090
359957,944,1096
359958,943,1099
359959,937,1100
359960,932,1098
359961,927,1101
359962,921,1103
359963,921,1108
359964,920,1107
359965,920,1105
359966,915,1103
359967,911,1105
359968,906,1108
359969,911,1113
359970,910,1115
359971,908,1117
359972,905,1115
359973,902,1119
359974,902,1124
359975,903,1129
359976,903,1132
359977,906,1136
359978,903,1134
359979,901,1138
359980,898,1144
359981,900,1148
359982,904,1148
359983,901,1149
359984,897,1149
359985,890,1151
359986,889,1155
359987,894,1157
359988,896,1160
359989,892,1165
359990,889,1164
359991,887,1168
359992,884,1170
359993,887,1173
359994,891,1177
359995,883,1178
359996,882,1178
359997,881,1178
359998,883,1183
359999,878,1187
360000,885,1190
360001,882,1189
360002,881,1185
360003,882,1185
360004,884,1190
360005,885,1196
360006,887,1194
360007,886,1193
360008,885,1188
360009,883,1187
360010,888,1187
360011,892,1189
360012,897,1190
360013,896,1188
360014,895,1182
360015,896,1181
360016,899,1181
360017,905,1180
360018,910,1177
360019,914,1173
360020,915,1166
360021,917,1158
360022,920,1158
360023,924,1153
360024,933,1146
360025,937,1139
360026,939,1137
360027,940,1129
360028,943,1127
360029,950,1125
360030,957,1120
360031,962,1114
360032,960,1109
360033,962,1104
360034,966,1101
360035,972,1102
360036,979,1100
360037,979,1096
360038,978,1089
360039,978,1088
360040,978,1088
360041,982,1087
360042,988,1086
360043,987,1081
360044,985,1078
360045,984,1071
360046,988,1074
360047,990,1074
360048,993,1072
360049,996,1070
360050,993,1069
360051,991,1065
360052,996,1066
360053,998,1068
360054,1003,1069
360055,1004,1064
360056,999,1063
360057,998,1061
360058,995,1061
360059,997,1063
360060,1003,1066
360061,1000,1064
360062,997,1059
360063,999,1057
360064,997,1059
360065,1003,1062
360066,1006,1060
360067,1006,1056
360068,1001,1054
360069,1003,1053
360070,1001,1056
360071,1003,1058
360072,1006,1057
360073,1001,1057
360074,997,1054
360075,999,1052
360076,996,1053
360077,1002,1054
360078,1007,1050
360079,1006,1048
360080,1002,1045
360081,1003,1045
360082,1005,1048
360083,1007,1048
360084,1012,1047
360085,1012,1047
360086,1007,1044
360087,1005,1049
360088,1006,1051
360089,1007,1054
360090,1009,1054
360091,1011,1052
360092,1011,1055
360093,1008,1053
360094,1010,1056
360095,1013,1061
360096,1016,1062
360097,1017,1059
360098,1016,1057
360099,1016,1057
360100,1014,1060
360101,1015,1064
360102,1018,1061
360103,1019,1059
360104,1015,1057
360105,1014,1059
360106,1013,1058
360107,1016,1062
360108,1020,1061
360109,1020,1060
360110,1014,1059
360111,1010,1056
360112,1011,1059
360113,1016,1062
360114,1019,1065
360115,1014,1063
360116,1015,1059
360117,1013,1059
360118,1013,1061
360119,1015,1064
360120,1019,1064
360121,1017,1062
360122,1013,1060
360123,1012,1059
360124,1014,1058
360125,1014,1062
360126,1017,1062
360127,1015,1059
360128,1013,1054
360129,1012,1053
360130,1011,1058
360131,1010,1058
360132,1011,1057
360133,1010,1056
360134,1006,1052
360135,1005,1049
360136,1004,1049
360137,1007,1050
360138,1007,1048
360139,1009,1047
360140,1006,1045
360141,1001,1044
360142,1005,1044
360143,1006,1050
360144,1012,1050
360145,1011,1048
360146,1005,1048
360147,1004,1049
360148,1007,1054
360149,1010,1055
360150,1014,1059
360151,1014,1057
360152,1010,1054
360153,1007,1054
360154,1007,1057
360155,1011,1062
360156,1011,1062
360157,1012,1062
360158,1010,1060
360159,1008,1058
360160,1007,1062
360161,1011,1063
360162,1016,1062
360163,1014,1063
360164,1009,1059
360165,1008,1061
360166,1009,1064
360167,1011,1066
360168,1016,1065
360169,1012,1063
360170,1010,1061
360171,1009,1061
360172,1008,1060
360173,1010,1064
360174,1015,1065
360175,1015,1064
360176,1013,1061
360177,1012,1062
360178,1012,1065
360179,1014,1068
360180,1018,1067
360181,1014,1066
360182,1013,1063
360183,1013,1062
360184,1014,1060
360185,1014,1064
360186,1019,1065
360187,1018,1063
360188,1014,1061
360189,1011,1058
360190,1012,1059
360191,1014,1062
360192,1018,1062
360193,1016,1062
360194,1012,1054
360195,1010,1054
360196,1007,1054
360197,1009,1055
360198,1010,1053
360199,1011,1051
360200,1010,1052
360201,1007,1048
360202,1007,1052
360203,1011,1056
360204,1011,1054
360205,1014,1053
360206,1012,1051
360207,1011,1050
360208,1009,1052
360209,1008,1054
360210,1013,1058
360211,1013,1057
360212,1013,1056
360213,1011,1057
360214,1008,1060
360215,1014,1059
360216,1015,1063
360217,1015,1059
360218,1015,1060
360219,1014,1060
360220,1013,1062
360221,1017,1066
360222,1020,1066
360223,1017,1063
360224,1016,1062
360225,1013,1064
360226,1013,1065
360227,1014,1067
360228,1021,1067
360229,1017,1067
360230,1015,1064
360231,1012,1062
360232,1011,1063
360233,1013,1066
360234,1015,1067
360235,1017,1065
360236,1014,1062
360237,1012,1061
360238,1013,1065
360239,1010,1065
360240,1012,1067
360241,1014,1065
360242,1011,1064
360243,1013,1063
360244,1009,1061
360245,1008,1065
360246,1014,1066
360247,1012,1066
360248,1008,1062
360249,1007,1062
360250,1003,1062
360251,1005,1064
360252,1009,1063
360253,1009,1059
360254,1005,1054
360255,1006,1052
360256,1006,1055
360257,1005,1055
360258,1008,1057
360259,1009,1052
360260,1010,1051
360261,1008,1051
360262,1011,1054
360263,1013,1056
360264,1017,1058
360265,1016,1057
360266,1013,1055
360267,1012,1056
360268,1014,1058
360269,1017,1060
360270,1015,1061
360271,1017,1059
360272,1019,1059
360273,1020,1058
360274,1023,1059
360275,1024,1063
360276,1030,1061
360277,1031,1056
360278,1033,1053
360279,1034,1050
360280,1047,1049
360281,1059,1050
360282,1078,1051
360283,1095,1047
360284,1119,1038
360285,1141,1030
360286,1169,1025
360287,1204,1020
360288,1242,1024
360289,1276,1028
360290,1302,1038
360291,1310,1056
360292,1311,1070
360293,1287,1072
360294,1245,1077
360295,1190,1081
360296,1142,1084
360297,1092,1091
360298,1047,1094
360299,1016,1093
360300,1005,1090
360301,1003,1079
360302,1008,1068
360303,1011,1058
360304,1012,1055
360305,1009,1055
360306,1007,1057
360307,1003,1053
360308,997,1051
360309,991,1048
360310,988,1052
360311,992,1054
360312,996,1056
360313,992,1055
360314,991,1053
360315,987,1055
360316,987,1058
360317,992,1062
360318,994,1062
360319,994,1061
360320,989,1062
360321,986,1061
360322,989,1064
360323,993,1067
360324,999,1067
360325,996,1063
360326,989,1060
360327,988,1061
360328,989,1063
360329,994,1068
360330,996,1066
360331,995,1066
360332,995,1063
360333,991,1063
360334,991,1062
360335,992,1065
360336,993,1066
360337,996,1063
360338,996,1058
360339,994,1059
360340,991,1060
360341,987,1063
360342,992,1065
360343,994,1062
360344,993,1061
360345,993,1061
360346,987,1063
360347,988,1065
360348,991,1064
360349,992,1063
360350,992,1062
360351,989,1059
360352,989,1058
360353,988,1058
360354,991,1057
360355,988,1055
360356,987,1052
360357,986,1047
360358,986,1046
360359,988,1049
360360,988,1048
360361,988,1046
360362,989,1041
360363,985,1040
360364,989,1040
360365,993,1040
360366,997,1040
360367,998,1038
360368,999,1034
360369,995,1034
360370,1001,1035
360371,1001,1036
360372,1005,1036
360373,1011,1034
360374,1006,1033
360375,1003,1033
360376,1003,1035
360377,1007,1037
360378,1010,1036
360379,1011,1032
360380,1012,1034
360381,1009,1030
360382,1008,1034
360383,1009,1037
360384,1014,1038
360385,1015,1035
360386,1014,1031
360387,1013,1032
360388,1017,1034
360389,1023,1036
360390,1024,1036
360391,1022,1035
360392,1022,1033
360393,1021,1032
360394,1023,1033
360395,1029,1035
360396,1031,1036
360397,1032,1033
360398,1032,1033
360399,1032,1032
360400,1034,1036
360401,1034,1039
360402,1036,1040
360403,1034,1041
360404,1031,1040
360405,1034,1042
360406,1032,1047
360407,1030,1050
360408,1030,1049
360409,1026,1047
360410,1023,1046
360411,1019,1045
360412,1014,1050
360413,1015,1054
360414,1018,1055
360415,1018,1053
360416,1014,1051
360417,1009,1049
360418,1011,1053
360419,1010,1059
360420,1010,1060
360421,1008,1061
360422,1005,1056
360423,1007,1060
360424,1009,1065
360425,1015,1068
360426,1016,1067
360427,1012,1067
360428,1007,1065
360429,1006,1066
360430,1010,1069
360431,1014,1069
360432,1014,1066
360433,1011,1064
360434,1004,1062
360435,1003,1063
360436,1006,1066
360437,1009,1068
360438,1014,1069
360439,1016,1068
360440,1011,1063
360441,1012,1066
360442,1012,1068
360443,1017,1070
360444,1022,1072
360445,1018,1068
360446,1010,1067
360447,1005,1065
360448,1010,1069
360449,1013,1070
360450,1019,1069
360451,1018,1065
360452,1015,1060
360453,1014,1061
360454,1014,1063
360455,1013,1066
360456,1012,1066
360457,1013,1063
360458,1013,1060
360459,1007,1056
360460,1008,1058
360461,1010,1058
360462,1011,1058
360463,1010,1054
360464,1008,1052
360465,1002,1049
360466,1006,1050
360467,1008,1054
360468,1011,1054
360469,1012,1054
360470,1011,1054
360471,1009,1055
360472,1007,1054
360473,1006,1060
360474,1008,1060
360475,1006,1059
360476,1008,1057
360477,1006,1055
360478,1011,1058
360479,1012,1061
360480,1015,1062
360481,1014,1059
360482,1009,1056
360483,1005,1055
360484,1007,1057
360485,1007,1061
360486,1009,1062
360487,1009,1060
360488,1009,1058
360489,1009,1057
360490,1007,1061
360491,1011,1063
360492,1013,1062
360493,1010,1061
360494,1008,1059
360495,1005,1059
360496,1006,1063
360497,1010,1067
360498,1014,1068
360499,1013,1066
360500,1007,1062
360501,1002,1063
360502,1003,1065
360503,1006,1066
360504,1009,1065
360505,1008,1065
360506,1006,1061
360507,1005,1060
360508,1004,1061
360509,1010,1064
360510,1010,1063
360511,1010,1063
360512,1006,1058
360513,1002,1056
360514,1004,1057
360515,1005,1061
360516,1011,1062
360517,1011,1061
360518,1009,1055
360519,1006,1052
360520,1010,1052
360521,1014,1053
360522,1024,1052
360523,1036,1048
360524,1047,1046
360525,1057,1046
360526,1080,1045
360527,1112,1043
360528,1148,1034
360529,1183,1027
360530,1222,1028
360531,1260,1036
360532,1293,1057
360533,1315,1073
360534,1314,1086
360535,1287,1084
360536,1239,1080
360537,1187,1087
360538,1129,1100
360539,1073,1115
360540,1027,1122
360541,991,1126
360542,980,1117
360543,982,1103
360544,995,1090
360545,1003,1084
360546,1010,1078
360547,1010,1070
360548,1008,1064
360549,1003,1064
360550,997,1066
360551,997,1068
360552,996,1069
360553,992,1065
360554,988,1061
360555,982,1061
360556,981,1061
360557,986,1067
360558,988,1065
360559,986,1059
360560,984,1055
360561,982,1056
360562,982,1056
360563,984,1057
360564,984,1058
360565,984,1057
360566,981,1053
360567,977,1053
360568,976,1054
360569,977,1059
360570,976,1059
360571,980,1058
360572,979,1053
360573,978,1056
360574,981,1055
360575,982,1057
360576,985,1056
360577,987,1055
360578,984,1053
360579,984,1053
360580,980,1056
360581,985,1061
360582,988,1059
360583,985,1056
360584,986,1055
360585,984,1055
360586,984,1054
360587,989,1057
360588,992,1059
360589,992,1054
360590,989,1050
360591,985,1050
360592,988,1049
360593,991,1050
360594,995,1049
360595,995,1048
360596,992,1040
360597,991,1039
360598,992,1038
360599,997,1038
360600,999,1037
360601,1000,1033
360602,1000,1029
360603,997,1027
360604,997,1027
360605,1002,1027
360606,1003,1024
360607,1003,1022
360608,1001,1020
360609,1000,1018
360610,1004,1023
360611,1009,1023
360612,1011,1019
360613,1010,1016
360614,1008,1011
360615,1007,1009
360616,1008,1010
360617,1006,1013
360618,1008,1015
360619,1012,1013
360620,1013,1014
360621,1012,1013
360622,1013,1016
360623,1016,1020
360624,1022,1022
360625,1025,1022
360626,1025,1021
360627,1022,1021
360628,1019,1026
360629,1022,1033
360630,1025,1035
360631,1020,1034
360632,1020,1036
360633,1018,1039
360634,1021,1044
360635,1018,1047
360636,1017,1051
360637,1017,1053
360638,1012,1054
360639,1010,1054
360640,1008,1059
360641,1007,1064
360642,1007,1065
360643,1011,1065
360644,1009,1063
360645,1006,1065
360646,1004,1066
360647,1002,1071
360648,1005,1071
360649,1001,1069
360650,998,1068
360651,998,1065
360652,998,1067
360653,1000,1071
360654,1002,1072
360655,997,1070
360656,995,1070
360657,993,1068
360658,994,1070
360659,995,1073
360660,998,1068
360661,996,1067
360662,993,1065
360663,988,1064
360664,991,1065
360665,992,1069
360666,995,1066
360667,996,1064
360668,992,1059
360669,991,1061
360670,993,1060
360671,995,1063
360672,999,1066
360673,999,1063
360674,999,1062
360675,998,1059
360676,998,1066
360677,1003,1067
360678,1007,1066
360679,1004,1064
360680,999,1060
360681,1000,1060
360682,1000,1063
360683,1003,1065
360684,1004,1063
360685,1006,1063
360686,1003,1061
360687,1001,1062
360688,1000,1063
360689,1002,1067
360690,1006,1068
360691,1004,1065
360692,1003,1063
360693,1002,1065
360694,1001,1067
360695,1003,1068
360696,1004,1069
360697,1002,1066
360698,1000,1067
360699,995,1067
360700,997,1067
360701,1002,1069
360702,1007,1068
360703,1009,1068
360704,1004,1066
360705,997,1065
360706,994,1070
360707,996,1072
360708,1001,1069
360709,1001,1065
360710,997,1062
360711,995,1061
360712,993,1065
360713,994,1067
360714,995,1066
360715,996,1063
360716,994,1061
360717,991,1061
360718,991,1064
360719,996,1065
360720,1000,1068
360721,1001,1067
360722,1000,1064
360723,998,1063
360724,999,1068
360725,1001,1070
360726,1003,1069
360727,999,1066
360728,998,1065
360729,995,1062
360730,995,1068
360731,997,1070
360732,1001,1069
360733,997,1069
360734,995,1065
360735,992,1067
360736,991,1068
360737,993,1069
360738,997,1070
360739,996,1070
360740,994,1066
360741,995,1068
360742,996,1068
360743,1000,1070
360744,1000,1071
360745,999,1068
360746,994,1066
360747,994,1067
360748,993,1070
360749,996,1071
360750,999,1070
360751,997,1067
360752,995,1063
360753,992,1062
360754,994,1066
360755,999,1065
360756,1001,1067
360757,1000,1066
360758,998,1061
360759,995,1061
360760,999,1062
360761,998,1060
360762,1003,1061
360763,1004,1057
360764,1005,1052
360765,1012,1050
360766,1022,1053
360767,1035,1053
360768,1054,1051
360769,1076,1046
360770,1104,1040
360771,1134,1031
360772,1174,1026
360773,1216,1027
360774,1254,1035
360775,1289,1048
360776,1313,1063
360777,1310,1072
360778,1285,1082
360779,1243,1083
360780,1191,1090
360781,1134,1097
360782,1073,1104
360783,1018,1109
360784,981,1110
360785,975,1104
360786,983,1094
360787,992,1081
360788,995,1071
360789,994,1067
360790,994,1066
360791,991,1070
360792,991,1070
360793,987,1070
360794,981,1068
360795,975,1066
360796,973,1066
360797,974,1068
360798,975,1068
360799,971,1067
360800,967,1063
360801,966,1064
360802,969,1063
360803,971,1068
360804,971,1067
360805,967,1063
360806,962,1064
360807,960,1061
360808,961,1062
360809,963,1065
360810,969,1063
360811,972,1064
360812,967,1062
360813,965,1060
360814,967,1063
360815,970,1065
360816,971,1066
360817,973,1062
360818,971,1062
360819,968,1060
360820,970,1064
360821,973,1067
360822,976,1068
360823,974,1065
360824,972,1062
360825,973,1062
360826,974,1066
360827,976,1066
360828,982,1068
360829,981,1066
360830,978,1062
360831,979,1061
360832,984,1063
360833,987,1067
360834,990,1064
360835,991,1061
360836,988,1059
360837,985,1059
360838,988,1058
360839,995,1062
360840,999,1059
360841,998,1058
360842,996,1052
360843,995,1049
360844,998,1047
360845,1003,1049
360846,1008,1047
360847,1008,1047
360848,1006,1041
360849,1006,1038
360850,1007,1040
360851,1010,1041
360852,1012,1040
360853,1008,1037
360854,1006,1032
360855,1003,1031
360856,1006,1032
360857,1008,1032
360858,1010,1034
360859,1007,1031
360860,1005,1027
360861,1002,1027
360862,1005,1027
360863,1013,1029
360864,1020,1027
360865,1020,1025
360866,1014,1022
360867,1011,1023
360868,1013,1026
360869,1017,1029
360870,1021,1030
360871,1020,1030
360872,1016,1025
360873,1014,1029
360874,1018,1034
360875,1017,1038
360876,1021,1041
360877,1020,1043
360878,1018,1042
360879,1015,1045
360880,1014,1046
360881,1014,1053
360882,1017,1055
360883,1012,1054
360884,1010,1053
360885,1007,1055
360886,1006,1062
360887,1010,1066
360888,1012,1067
360889,1009,1067
360890,1005,1067
360891,1001,1069
360892,1005,1070
360893,1006,1074
360894,1008,1077
360895,1008,1075
360896,1004,1073
360897,1001,1075
360898,1003,1077
360899,1004,1077
360900,1005,1079
360901,1000,1078
360902,997,1074
360903,991,1073
360904,991,1074
360905,994,1076
360906,998,1076
360907,997,1075
360908,994,1072
360909,989,1071
360910,994,1070
360911,1002,1071
360912,1008,1068
360913,1008,1066
360914,1009,1064
360915,1012,1063
360916,1019,1067
360917,1024,1072
360918,1029,1076
360919,1033,1077
360920,1037,1072
360921,1042,1066
360922,1058,1063
360923,1070,1051
360924,1083,1033
360925,1096,1019
360926,1108,1005
360927,1120,993
360928,1137,982
360929,1156,969
360930,1173,949
360931,1194,925
360932,1208,899
360933,1227,881
360934,1246,869
360935,1263,857
360936,1276,847
360937,1282,843
360938,1277,840
360939,1276,838
360940,1274,840
360941,1270,840
360942,1261,841
360943,1246,838
360944,1224,839
360945,1200,845
360946,1181,855
360947,1161,868
360948,1141,882
360949,1118,890
360950,1097,901
360951,1079,914
360952,1071,933
360953,1069,946
360954,1072,958
360955,1070,963
360956,1064,970
360957,1061,977
360958,1067,991
360959,1081,1002
360960,1097,1005
360961,1107,1008
360962,1109,1011
360963,1087,1018
360964,1053,1033
360965,1011,1047
360966,973,1063
360967,952,1074
360968,938,1088
360969,931,1098
360970,928,1108
360971,926,1113
360972,922,1114
360973,919,1114
360974,913,1116
360975,907,1117
360976,900,1125
360977,903,1128
360978,903,1129
360979,903,1126
360980,898,1126
360981,893,1133
360982,894,1136
360983,893,1143
360984,897,1145
360985,892,1144
360986,888,1145
360987,884,1149
360988,884,1153
360989,886,1157
360990,888,1158
360991,883,1160
360992,883,1161
360993,881,1167
360994,880,1171
360995,877,1176
360996,877,1179
360997,881,1180
360998,878,1178
360999,873,1178
361000,876,1182
361001,879,1186
361002,877,1187
361003,874,1187
361004,872,1187
361005,868,1188
361006,870,1192
361007,871,1198
361008,872,1197
361009,872,1197
361010,872,1197
361011,869,1198
361012,873,1202
361013,876,1206
361014,878,1210
361015,880,1208
361016,877,1205
361017,877,1204
361018,884,1206
361019,890,1207
361020,896,1205
361021,898,1204
361022,898,1198
361023,899,1196
361024,901,1196
361025,906,1191
361026,914,1189
361027,918,1183
361028,921,1175
361029,922,1170
361030,925,1169
361031,933,1168
361032,939,1163
361033,943,1156
361034,942,1150
361035,942,1147
361036,946,1145
361037,953,1141
361038,956,1138
361039,955,1132
361040,957,1126
361041,955,1123
361042,960,1122
361043,963,1122
361044,965,1118
361045,963,1112
361046,961,1108
361047,959,1103
361048,962,1102
361049,965,1098
361050,970,1094
361051,971,1088
361052,969,1080
361053,966,1078
361054,968,1078
361055,969,1078
361056,972,1076
361057,970,1073
361058,969,1068
361059,970,1064
361060,968,1065
361061,973,1067
361062,975,1065
361063,974,1063
361064,971,1062
361065,965,1064
361066,964,1065
361067,969,1068
361068,978,1063
361069,977,1062
361070,975,1058
361071,974,1060
361072,975,1062
361073,979,1065
361074,977,1065
361075,974,1062
361076,975,1057
361077,975,1059
361078,974,1061
361079,977,1063
361080,980,1063
361081,978,1061
361082,978,1061
361083,977,1059
361084,981,1059
361085,979,1062
361086,980,1063
361087,979,1062
361088,982,1061
361089,979,1061
361090,980,1063
361091,980,1067
361092,979,1067
361093,982,1067
361094,980,1066
361095,977,1064
361096,974,1067
361097,977,1067
361098,986,1065
361099,982,1063
361100,979,1058
361101,976,1055
361102,976,1058
361103,977,1062
361104,980,1062
361105,976,1061
361106,976,1057
361107,973,1061
361108,973,1061
361109,980,1064
361110,982,1062
361111,981,1061
361112,978,1058
361113,979,1058
361114,980,1063
361115,986,1065
361116,988,1063
361117,985,1062
361118,980,1061
361119,976,1060
361120,976,1063
361121,981,1065
361122,984,1064
361123,982,1062
361124,980,1062
361125,983,1060
361126,984,1060
361127,980,1063
361128,980,1063
361129,974,1063
361130,971,1064
361131,972,1064
361132,975,1063
361133,976,1065
361134,978,1065
361135,976,1064
361136,973,1061
361137,972,1063
361138,978,1061
361139,982,1065
361140,982,1064
361141,979,1063
361142,977,1057
361143,974,1059
361144,975,1056
361145,979,1058
361146,979,1056
361147,979,1054
361148,974,1049
361149,973,1053
361150,974,1053
361151,977,1057
361152,978,1058
361153,977,1057
361154,975,1053
361155,974,1055
361156,976,1055
361157,981,1059
361158,980,1059
361159,977,1056
361160,974,1054
361161,971,1057
361162,978,1057
361163,982,1061
361164,985,1058
361165,984,1056
361166,978,1052
361167,976,1054
361168,977,1055
361169,981,1061
361170,980,1057
361171,980,1056
361172,977,1056
361173,977,1054
361174,981,1056
361175,982,1057
361176,981,1056
361177,979,1058
361178,976,1059
361179,978,1059
361180,983,1059
361181,986,1060
361182,986,1061
361183,985,1062
361184,987,1059
361185,984,1059
361186,984,1061
361187,983,1066
361188,988,1066
361189,988,1060
361190,987,1059
361191,986,1059
361192,987,1061
361193,989,1060
361194,991,1061
361195,986,1058
361196,984,1054
361197,981,1054
361198,979,1056
361199,983,1059
361200,989,1055
361201,987,1054
361202,985,1051
361203,982,1052
361204,984,1055
361205,987,1058
361206,989,1059
361207,989,1059
361208,986,1055
361209,986,1055
361210,986,1057
361211,986,1061
361212,988,1062
361213,987,1062
361214,985,1057
361215,986,1060
361216,988,1063
361217,994,1062
361218,995,1065
361219,994,1061
361220,989,1060
361221,987,1059
361222,988,1059
361223,992,1062
361224,994,1058
361225,992,1060
361226,984,1058
361227,982,1058
361228,982,1059
361229,985,1059
361230,992,1058
361231,987,1056
361232,987,1053
361233,987,1055
361234,989,1056
361235,991,1059
361236,995,1059
361237,994,1057
361238,990,1053
361239,987,1051
361240,990,1054
361241,993,1055
361242,992,1058
361243,993,1055
361244,990,1052
361245,987,1051
361246,992,1049
361247,995,1057
361248,998,1055
361249,999,1051
361250,995,1049
361251,993,1048
361252,992,1053
361253,996,1051
361254,992,1052
361255,993,1047
361256,992,1046
361257,992,1046
361258,996,1043
361259,1002,1043
361260,1012,1040
361261,1019,1037
361262,1032,1035
361263,1048,1034
361264,1072,1031
361265,1102,1028
361266,1136,1019
361267,1171,1011
361268,1203,1009
361269,1236,1016
361270,1271,1029
361271,1296,1045
361272,1295,1056
361273,1267,1062
361274,1214,1062
361275,1158,1067
361276,1101,1081
361277,1048,1090
361278,1002,1092
361279,979,1093
361280,974,1082
361281,977,1071
361282,986,1066
361283,992,1061
361284,995,1058
361285,992,1057
361286,987,1055
361287,981,1053
361288,978,1054
361289,983,1054
361290,982,1054
361291,979,1052
361292,973,1050
361293,970,1054
361294,971,1054
361295,971,1056
361296,971,1055
361297,971,1051
361298,969,1048
361299,970,1047
361300,974,1052
361301,973,1054
361302,974,1054
361303,973,1052
361304,969,1050
361305,965,1051
361306,965,1053
361307,969,1056
361308,970,1055
361309,970,1053
361310,967,1046
361311,964,1046
361312,965,1051
361313,968,1054
361314,972,1057
361315,971,1052
361316,968,1049
361317,965,1049
361318,966,1051
361319,969,1054
361320,974,1051
361321,973,1050
361322,971,1048
361323,964,1046
361324,968,1050
361325,969,1049
361326,973,1049
361327,969,1049
361328,970,1046
361329,967,1041
361330,969,1043
361331,968,1042
361332,973,1043
361333,971,1040
361334,976,1034
361335,975,1030
361336,977,1032
361337,980,1035
361338,984,1034
361339,984,1030
361340,982,1024
361341,980,1026
361342,978,1026
361343,986,1027
361344,986,1024
361345,988,1021
361346,988,1016
361347,987,1016
361348,985,1016
361349,991,1018
361350,992,1019
361351,992,1014
361352,990,1013
361353,989,1011
361354,992,1009
361355,994,1010
361356,998,1009
361357,995,1007
361358,994,1005
361359,990,1005
361360,993,1004
361361,997,1009
361362,999,1008
361363,1003,1008
361364,1007,1006
361365,1008,1007
361366,1009,1011
361367,1009,1013
361368,1016,1013
361369,1011,1010
361370,1011,1010
361371,1005,1013
361372,1008,1015
361373,1011,1021
361374,1016,1022
361375,1015,1022
361376,1015,1023
361377,1011,1027
361378,1013,1031
361379,1012,1035
361380,1011,1041
361381,1010,1041
361382,1006,1038
361383,1002,1041
361384,1004,1043
361385,1002,1048
361386,1005,1046
361387,1001,1045
361388,1001,1044
361389,998,1044
361390,995,1043
361391,994,1046
361392,995,1047
361393,994,1046
361394,989,1048
361395,988,1045
361396,988,1048
361397,990,1051
361398,993,1048
361399,992,1047
361400,987,1048
361401,985,1043
361402,984,1047
361403,985,1048
361404,985,1052
361405,982,1049
361406,984,1045
361407,984,1048
361408,981,1047
361409,986,1052
361410,991,1053
361411,989,1049
361412,990,1046
361413,986,1046
361414,989,1050
361415,991,1050
361416,994,1049
361417,992,1045
361418,991,1045
361419,989,1044
361420,991,1046
361421,996,1049
361422,998,1049
361423,998,1046
361424,996,1041
361425,992,1042
361426,994,1044
361427,995,1047
361428,1003,1050
361429,1000,1047
361430,997,1048
361431,996,1046
361432,994,1052
361433,999,1055
361434,1003,1055
361435,1002,1053
361436,999,1050
361437,997,1049
361438,998,1050
361439,1001,1050
361440,1003,1049
361441,1000,1049
361442,999,1044
361443,997,1042
361444,999,1043
361445,1000,1044
361446,1003,1044
361447,999,1045
361448,994,1041
361449,991,1042
361450,992,1044
361451,993,1048
361452,996,1048
361453,994,1046
361454,988,1043
361455,988,1046
361456,990,1046
361457,991,1049
361458,992,1050
361459,989,1049
361460,986,1049
361461,986,1047
361462,986,1049
361463,991,1053
361464,994,1051
361465,992,1049
361466,988,1046
361467,983,1048
361468,988,1049
361469,989,1052
361470,992,1049
361471,989,1049
361472,986,1046
361473,984,1046
361474,986,1048
361475,988,1053
361476,989,1054
361477,991,1049
361478,985,1046
361479,982,1047
361480,980,1050
361481,984,1053
361482,987,1055
361483,989,1052
361484,986,1051
361485,986,1052
361486,986,1054
361487,988,1053
361488,992,1056
361489,990,1055
361490,988,1051
361491,985,1050
361492,985,1054
361493,991,1052
361494,995,1049
361495,995,1049
361496,992,1046
361497,987,1048
361498,992,1048
361499,995,1050
361500,999,1044
361501,998,1041
361502,1000,1035
361503,1009,1034
361504,1024,1035
361505,1044,1038
361506,1065,1031
361507,1090,1025
361508,1120,1017
361509,1153,1013
361510,1194,1017
361511,1234,1024
361512,1267,1036
361513,1287,1050
361514,1277,1060
361515,1245,1062
361516,1199,1067
361517,1149,1075
361518,1098,1084
361519,1035,1094
361520,983,1097
361521,953,1098
361522,955,1093
361523,968,1084
361524,977,1075
361525,983,1065
361526,977,1057
361527,974,1056
361528,979,1056
361529,977,1059
361530,974,1055
361531,971,1052
361532,968,1052
361533,966,1053
361534,965,1060
361535,973,1061
361536,973,1060
361537,972,1058
361538,969,1054
361539,967,1054
361540,963,1056
361541,963,1056
361542,967,1052
361543,967,1049
361544,964,1047
361545,964,1048
361546,962,1054
361547,968,1055
361548,968,1050
361549,966,1052
361550,962,1050
361551,960,1047
361552,958,1049
361553,961,1052
361554,967,1048
361555,963,1049
361556,960,1046
361557,960,1047
361558,959,1048
361559,963,1051
361560,963,1050
361561,959,1049
361562,958,1045
361563,958,1047
361564,961,1048
361565,967,1049
361566,965,1048
361567,968,1047
361568,967,1045
361569,963,1041
361570,966,1044
361571,967,1047
361572,967,1044
361573,966,1043
361574,966,1039
361575,966,1037
361576,966,1037
361577,970,1039
361578,968,1038
361579,971,1035
361580,968,1029
361581,965,1031
361582,966,1028
361583,970,1032
361584,974,1033
361585,973,1030
361586,972,1027
361587,971,1025
361588,971,1025
361589,976,1022
361590,983,1018
361591,983,1017
361592,982,1016
361593,979,1013
361594,978,1013
361595,979,1013
361596,980,1014
361597,979,1011
361598,979,1007
361599,980,1007
361600,985,1012
361601,988,1012
361602,991,1010
361603,992,1009
361604,988,1007
361605,987,1007
361606,987,1008
361607,991,1009
361608,997,1010
361609,995,1008
361610,995,1007
361611,995,1006
361612,995,1009
361613,997,1014
361614,998,1015
361615,997,1015
361616,994,1014
361617,989,1016
361618,991,1020
361619,995,1025
361620,1001,1026
361621,1000,1026
361622,998,1024
361623,996,1026
361624,993,1031
361625,991,1036
361626,992,1039
361627,987,1038
361628,987,1036
361629,984,1039
361630,983,1043
361631,983,1044
361632,986,1047
361633,985,1046
361634,979,1046
361635,977,1045
361636,975,1048
361637,975,1054
361638,978,1056
361639,976,1056
361640,971,1054
361641,968,1054
361642,971,1056
361643,972,1060
361644,977,1057
361645,974,1055
361646,972,1052
361647,969,1050
361648,971,1054
361649,974,1059
361650,975,1060
361651,973,1057
361652,970,1056
361653,967,1056
361654,971,1055
361655,975,1057
361656,979,1056
361657,978,1052
361658,976,1050
361659,974,1049
361660,974,1051
361661,979,1055
361662,985,1054
361663,983,1051
361664,982,1050
361665,981,1048
361666,982,1051
361667,986,1052
361668,985,1054
361669,983,1052
361670,982,1049
361671,977,1048
361672,977,1050
361673,979,1055
361674,984,1052
361675,980,1047
361676,980,1044
361677,977,1047
361678,980,1051
361679,981,1048
361680,981,1049
361681,982,1048
361682,978,1047
361683,975,1045
361684,979,1049
361685,977,1051
361686,983,1049
361687,981,1047
361688,976,1046
361689,972,1046
361690,974,1050
361691,974,1051
361692,976,1053
361693,980,1051
361694,976,1048
361695,975,1048
361696,977,1048
361697,979,1052
361698,984,1050
361699,981,1048
361700,976,1045
361701,973,1047
361702,973,1046
361703,978,1050
361704,979,1050
361705,978,1050
361706,976,1047
361707,971,1049
361708,975,1051
361709,979,1056
361710,980,1055
361711,979,1052
361712,976,1051
361713,972,1051
361714,973,1052
361715,977,1055
361716,978,1056
361717,976,1055
361718,974,1053
361719,973,1053
361720,976,1055
361721,979,1054
361722,982,1055
361723,981,1055
361724,978,1053
361725,975,1053
361726,977,1056
361727,979,1059
361728,982,1058
361729,981,1053
361730,977,1050
361731,974,1051
361732,974,1054
361733,978,1056
361734,980,1056
361735,981,1052
361736,974,1053
361737,971,1052
361738,972,1055
361739,976,1060
361740,979,1058
361741,978,1054
361742,977,1052
361743,976,1051
361744,974,1053
361745,979,1058
361746,982,1057
361747,980,1054
361748,976,1052
361749,974,1050
361750,978,1053
361751,980,1054
361752,982,1054
361753,977,1050
361754,974,1051
361755,974,1049
361756,972,1051
361757,975,1053
361758,976,1054
361759,977,1053
361760,973,1049
361761,973,1049
361762,974,1052
361763,976,1053
361764,979,1051
361765,980,1049
361766,977,1047
361767,976,1047
361768,977,1051
361769,980,1054
361770,980,1055
361771,982,1051
361772,983,1052
361773,979,1052
361774,979,1055
361775,978,1058
361776,980,1057
361777,982,1058
361778,980,1053
361779,979,1054
361780,980,1057
361781,980,1057
361782,983,1056
361783,983,1052
361784,983,1052
361785,981,1051
361786,983,1056
361787,984,1057
361788,986,1058
361789,984,1056
361790,986,1052
361791,984,1052
361792,983,1058
361793,989,1059
361794,994,1060
361795,1001,1055
361796,1005,1051
361797,1000,1045
361798,994,1046
361799,984,1050
361800,977,1055
361801,980,1054
361802,982,1049
361803,978,1046
361804,973,1050
361805,970,1055
361806,969,1059
361807,969,1054
361808,967,1052
361809,967,1050
361810,969,1053
361811,973,1055
361812,976,1053
361813,976,1051
361814,977,1048
361815,973,1049
361816,975,1048
361817,980,1052
361818,980,1050
361819,978,1049
361820,975,1044
361821,975,1047
361822,979,1048
361823,983,1053
361824,983,1053
361825,981,1050
361826,977,1048
361827,977,1049
361828,978,1054
361829,980,1056
361830,985,1053
361831,979,1051
361832,979,1049
361833,981,1048
361834,981,1052
361835,987,1055
361836,990,1054
361837,989,1056
361838,989,1053
361839,983,1054
361840,983,1055
361841,986,1058
361842,991,1058
361843,990,1056
361844,987,1053
361845,985,1054
361846,983,1059
361847,986,1062
361848,990,1061
361849,988,1058
361850,985,1052
361851,981,1051
361852,981,1054
361853,982,1055
361854,986,1055
361855,984,1051
361856,983,1045
361857,979,1042
361858,981,1045
361859,984,1052
361860,986,1051
361861,984,1048
361862,981,1046
361863,979,1047
361864,978,1049
361865,983,1051
361866,986,1053
361867,986,1047
361868,982,1046
361869,981,1045
361870,979,1047
361871,979,1050
361872,986,1052
361873,983,1051
361874,980,1048
361875,974,1048
361876,978,1051
361877,980,1052
361878,984,1052
361879,982,1051
361880,979,1048
361881,982,1049
361882,982,1054
361883,982,1054
361884,989,1053
361885,986,1052
361886,983,1047
361887,983,1048
361888,983,1052
361889,986,1053
361890,986,1053
361891,986,1051
361892,982,1049
361893,981,1049
361894,981,1049
361895,987,1050
361896,994,1048
361897,995,1040
361898,999,1038
361899,1005,1037
361900,1020,1037
361901,1039,1035
361902,1057,1032
361903,1078,1027
361904,1102,1016
361905,1130,1006
361906,1164,1000
361907,1197,1001
361908,1231,1003
361909,1268,1010
361910,1286,1019
361911,1284,1038
361912,1260,1048
361913,1220,1058
361914,1174,1056
361915,1125,1060
361916,1080,1062
361917,1036,1063
361918,998,1065
361919,985,1068
361920,989,1065
361921,990,1060
361922,993,1049
361923,992,1045
361924,990,1046
361925,989,1049
361926,987,1048
361927,983,1046
361928,979,1042
361929,973,1045
361930,970,1051
361931,968,1054
361932,970,1053
361933,969,1054
361934,965,1049
361935,960,1052
361936,964,1054
361937,969,1053
361938,969,1054
361939,967,1050
361940,964,1049
361941,960,1048
361942,962,1053
361943,963,1054
361944,966,1056
361945,968,1055
361946,966,1054
361947,965,1055
361948,965,1060
361949,968,1062
361950,969,1063
361951,969,1061
361952,963,1057
361953,961,1054
361954,964,1057
361955,966,1058
361956,968,1054
361957,968,1054
361958,963,1051
361959,962,1052
361960,960,1050
361961,962,1056
361962,965,1054
361963,962,1051
361964,963,1050
361965,960,1050
361966,963,1051
361967,966,1054
361968,969,1049
361969,969,1049
361970,967,1045
361971,966,1042
361972,965,1045
361973,967,1048
361974,974,1049
361975,973,1043
361976,970,1041
361977,971,1041
361978,977,1043
361979,979,1042
361980,984,1043
361981,983,1040
361982,980,1034
361983,977,1034
361984,979,1033
361985,984,1033
361986,988,1031
361987,987,1027
361988,986,1023
361989,984,1023
361990,986,1026
361991,991,1026
361992,992,1024
361993,996,1023
361994,996,1021
361995,992,1019
361996,994,1021
361997,998,1024
361998,1003,1022
361999,1004,1021
362000,1003,1017
362001,1000,1014
362002,1001,1017
362003,1001,1018
362004,1005,1016
362005,1003,1012
362006,1002,1010
362007,1000,1012
362008,1002,1014
362009,1006,1018
362010,1006,1019
362011,1008,1017
362012,1006,1018
362013,1002,1018
362014,1003,1019
362015,1008,1022
362016,1009,1021
362017,1008,1021
362018,1004,1021
362019,1004,1023
362020,1003,1026
362021,1005,1027
362022,1007,1030
362023,1006,1028
362024,1004,1027
362025,1003,1029
362026,1004,1032
362027,1005,1037
362028,1004,1037
362029,1003,1035
362030,1002,1034
362031,999,1034
362032,999,1037
362033,999,1040
362034,998,1040
362035,996,1036
362036,993,1037
362037,987,1039
362038,987,1043
362039,991,1043
362040,991,1044
362041,989,1045
362042,985,1040
362043,981,1042
362044,983,1045
362045,986,1045
362046,987,1048
362047,986,1048
362048,985,1044
362049,982,1039
362050,982,1043
362051,987,1044
362052,990,1043
362053,987,1043
362054,984,1041
362055,982,1040
362056,984,1042
362057,987,1046
362058,988,1045
362059,990,1041
362060,984,1040
362061,983,1039
362062,981,1043
362063,985,1046
362064,987,1045
362065,989,1042
362066,987,1039
362067,984,1040
362068,983,1041
362069,989,1046
362070,989,1044
362071,989,1043
362072,988,1041
362073,986,1041
362074,988,1042
362075,989,1043
362076,993,1044
362077,994,1039
362078,991,1036
362079,990,1036
362080,991,1040
362081,990,1041
362082,997,1041
362083,996,1036
362084,995,1035
362085,992,1035
362086,994,1037
362087,997,1043
362088,997,1041
362089,996,1039
362090,993,1037
362091,993,1039
362092,995,1038
362093,998,1041
362094,1000,1041
362095,997,1040
362096,994,1037
362097,989,1036
362098,990,1036
362099,992,1039
362100,996,1042
362101,995,1037
362102,992,1036
362103,992,1034
362104,992,1036
362105,993,1043
362106,997,1042
362107,997,1039
362108,993,1037
362109,989,1040
362110,989,1038
362111,991,1043
362112,996,1040
362113,992,1039
362114,987,1035
362115,988,1035
362116,989,1039
362117,993,1041
362118,994,1044
362119,994,1041
362120,993,1038
362121,991,1039
362122,989,1039
362123,988,1044
362124,994,1043
362125,993,1042
362126,989,1038
362127,987,1040
362128,987,1041
362129,991,1043
362130,993,1043
362131,994,1039
362132,985,1037
362133,987,1038
362134,988,1040
362135,989,1041
362136,994,1042
362137,993,1039
362138,992,1037
362139,988,1038
362140,989,1041
362141,991,1045
362142,993,1044
362143,995,1043
362144,990,1041
362145,989,1040
362146,990,1043
362147,992,1044
362148,991,1042
362149,995,1042
362150,992,1039
362151,988,1039
362152,990,1042
362153,992,1046
362154,995,1046
362155,993,1043
362156,990,1042
362157,989,1039
362158,992,1041
362159,994,1047
362160,997,1044
362161,991,1042
362162,993,1039
362163,991,1039
362164,995,1042
362165,996,1045
362166,998,1042
362167,999,1040
362168,1000,1037
362169,996,1038
362170,999,1042
362171,1001,1044
362172,1004,1041
362173,1001,1040
362174,998,1035
362175,999,1033
362176,1007,1036
362177,1020,1035
362178,1036,1033
362179,1053,1029
362180,1070,1023
362181,1092,1016
362182,1128,1008
362183,1165,1001
362184,1204,994
362185,1239,994
362186,1270,1004
362187,1289,1023
362188,1290,1042
362189,1268,1050
362190,1225,1051
362191,1167,1056
362192,1114,1064
362193,1063,1076
362194,1018,1086
362195,991,1091
362196,982,1085
362197,985,1076
362198,991,1063
362199,995,1053
362200,1001,1050
362201,1004,1050
362202,1002,1046
362203,995,1042
362204,991,1039
362205,984,1041
362206,984,1042
362207,987,1045
362208,990,1045
362209,985,1043
362210,984,1040
362211,980,1039
362212,978,1043
362213,979,1044
362214,980,1042
362215,978,1039
362216,975,1040
362217,972,1040
362218,973,1043
362219,975,1047
362220,980,1047
362221,977,1045
362222,973,1043
362223,971,1044
362224,972,1046
362225,975,1046
362226,978,1047
362227,978,1047
362228,972,1044
362229,971,1047
362230,974,1047
362231,977,1049
362232,979,1047
362233,979,1045
362234,976,1041
362235,973,1043
362236,977,1041
362237,979,1045
362238,985,1044
362239,982,1041
362240,981,1039
362241,978,1038
362242,979,1038
362243,983,1040
362244,984,1037
362245,982,1037
362246,976,1032
362247,974,1031
362248,980,1034
362249,981,1035
362250,985,1032
362251,985,1028
362252,981,1025
362253,980,1023
362254,979,1024
362255,983,1024
362256,987,1021
362257,988,1018
362258,988,1012
362259,987,1012
362260,988,1013
362261,995,1014
362262,1000,1011
362263,997,1007
362264,999,1005
362265,995,1006
362266,999,1006
362267,1004,1007
362268,1007,1005
362269,1006,1002
362270,1005,999
362271,1002,1000
362272,1004,1003
362273,1007,1005
362274,1009,1005
362275,1010,1002
362276,1009,997
362277,1006,998
362278,1004,1005
362279,1010,1004
362280,1013,1004
362281,1011,1004
362282,1011,1001
362283,1013,1004
362284,1015,1007
362285,1018,1010
362286,1021,1010
362287,1017,1008
362288,1015,1011
362289,1014,1013
362290,1013,1016
362291,1014,1020
362292,1017,1023
362293,1013,1022
362294,1008,1021
362295,1005,1024
362296,1003,1029
362297,1005,1033
362298,1004,1033
362299,1000,1032
362300,994,1031
362301,989,1032
362302,987,1036
362303,987,1042
362304,993,1043
362305,989,1040
362306,986,1039
362307,982,1042
362308,985,1045
362309,984,1048
362310,984,1047
362311,983,1048
362312,980,1048
362313,982,1048
362314,982,1051
362315,984,1052
362316,987,1052
362317,988,1050
362318,988,1046
362319,985,1049
362320,987,1052
362321,988,1053
362322,994,1050
362323,992,1050
362324,989,1047
362325,993,1048
362326,997,1049
362327,1004,1051
362328,1011,1055
362329,1014,1054
362330,1016,1056
362331,1018,1060
362332,1019,1064
362333,1025,1065
362334,1036,1062
362335,1049,1052
362336,1060,1033
362337,1073,1016
362338,1084,1001
362339,1101,993
362340,1115,980
362341,1128,962
362342,1140,943
362343,1153,925
362344,1173,907
362345,1191,888
362346,1215,867
362347,1232,843
362348,1242,824
362349,1253,811
362350,1261,801
362351,1263,798
362352,1264,794
362353,1260,787
362354,1255,781
362355,1248,782
362356,1239,781
362357,1226,781
362358,1213,782
362359,1192,786
362360,1165,787
362361,1146,796
362362,1125,809
362363,1106,823
362364,1093,838
362365,1072,849
362366,1064,864
362367,1056,880
362368,1055,901
362369,1053,917
362370,1054,928
362371,1051,940
362372,1051,949
362373,1057,961
362374,1071,974
362375,1085,984
362376,1100,990
362377,1092,996
362378,1067,1005
362379,1030,1017
362380,994,1031
362381,967,1047
362382,955,1063
362383,949,1075
362384,939,1083
362385,931,1091
362386,926,1098
362387,926,1102
362388,923,1106
362389,918,1108
362390,911,1109
362391,906,1113
362392,907,1117
362393,905,1121
362394,906,1124
362395,904,1122
362396,898,1125
362397,897,1125
362398,894,1127
362399,893,1132
362400,893,1133
362401,889,1133
362402,883,1130
362403,880,1131
362404,879,1135
362405,878,1139
362406,881,1141
362407,878,1140
362408,875,1140
362409,873,1144
362410,873,1149
362411,873,1151
362412,877,1153
362413,874,1155
362414,872,1154
362415,872,1154
362416,874,1160
362417,872,1165
362418,867,1172
362419,861,1174
362420,854,1177
362421,850,1182
362422,854,1187
362423,858,1190
362424,860,1194
362425,858,1194
362426,859,1196
362427,857,1199
362428,859,1204
362429,863,1208
362430,864,1211
362431,865,1213
362432,865,1212
362433,866,1213
362434,867,1216
362435,872,1218
362436,873,1220
362437,876,1213
362438,873,1211
362439,875,1211
362440,881,1212
362441,886,1211
362442,889,1209
362443,892,1204
362444,894,1201
362445,898,1196
362446,903,1190
362447,909,1190
362448,913,1182
362449,919,1176
362450,922,1168
362451,925,1163
362452,927,1160
362453,930,1158
362454,937,1152
362455,938,1144
362456,939,1135
362457,938,1131
362458,942,1125
362459,943,1124
362460,948,1119
362461,951,1110
362462,950,1103
362463,951,1099
362464,953,1098
362465,958,1096
362466,961,1091
362467,961,1085
362468,957,1078
362469,958,1076
362470,958,1074
362471,959,1073
362472,965,1070
362473,963,1067
362474,962,1062
362475,961,1060
362476,961,1060
362477,967,1064
362478,969,1064
362479,967,1060
362480,968,1055
362481,967,1055
362482,967,1057
362483,968,1060
362484,969,1059
362485,969,1058
362486,969,1055
362487,965,1053
362488,964,1055
362489,966,1059
362490,968,1056
362491,970,1050
362492,964,1045
362493,961,1046
362494,963,1049
362495,968,1049
362496,970,1046
362497,969,1042
362498,968,1040
362499,968,1039
362500,972,1041
362501,975,1042
362502,977,1043
362503,974,1039
362504,971,1035
362505,968,1037
362506,968,1040
362507,971,1041
362508,970,1043
362509,971,1041
362510,972,1037
362511,971,1038
362512,971,1040
362513,974,1043
362514,977,1039
362515,974,1037
362516,970,1033
362517,970,1031
362518,968,1035
362519,967,1040
362520,971,1039
362521,975,1035
362522,974,1036
362523,975,1033
362524,974,1037
362525,978,1043
362526,979,1042
362527,981,1039
362528,972,1038
362529,968,1038
362530,964,1043
362531,969,1047
362532,972,1047
362533,972,1045
362534,971,1040
362535,968,1039
362536,971,1041
362537,970,1043
362538,973,1040
362539,971,1040
362540,973,1034
362541,970,1035
362542,971,1039
362543,973,1042
362544,975,1041
362545,977,1036
362546,974,1034
362547,973,1034
362548,970,1037
362549,974,1037
362550,974,1039
362551,971,1040
362552,972,1036
362553,968,1037
362554,969,1039
362555,970,1040
362556,976,1037
362557,975,1036
362558,970,1035
362559,972,1035
362560,972,1037
362561,978,1038
362562,980,1038
362563,976,1035
362564,974,1035
362565,969,1038
362566,975,1039
362567,977,1041
362568,980,1039
362569,977,1037
362570,975,1034
362571,975,1035
362572,979,1038
362573,977,1044
362574,981,1043
362575,982,1044
362576,981,1041
362577,977,1042
362578,978,1045
362579,979,1048
362580,983,1046
362581,986,1046
362582,982,1042
362583,980,1043
362584,979,1043
362585,983,1043
362586,985,1039
362587,986,1035
362588,982,1032
362589,979,1033
362590,981,1034
362591,980,1037
362592,976,1037
362593,973,1034
362594,966,1033
362595,969,1032
362596,972,1036
362597,974,1036
362598,975,1035
362599,973,1033
362600,973,1030
362601,972,1034
362602,971,1033
362603,970,1038
362604,967,1037
362605,966,1039
362606,969,1036
362607,968,1036
362608,969,1039
362609,974,1043
362610,977,1043
362611,976,1040
362612,975,1038
362613,973,1039
362614,975,1039
362615,978,1043
362616,980,1041
362617,979,1040
362618,977,1036
362619,974,1038
362620,977,1039
362621,981,1043
362622,977,1041
362623,979,1038
362624,978,1034
362625,977,1037
362626,975,1038
362627,978,1043
362628,978,1044
362629,977,1041
362630,976,1038
362631,979,1039
362632,982,1040
362633,986,1043
362634,986,1038
362635,985,1036
362636,979,1030
362637,981,1031
362638,979,1033
362639,982,1036
362640,982,1036
362641,979,1035
362642,980,1035
362643,980,1034
362644,979,1034
362645,982,1036
362646,980,1033
362647,980,1034
362648,978,1033
362649,977,1032
362650,984,1035
362651,985,1038
362652,988,1038
362653,987,1037
362654,985,1033
362655,983,1035
362656,985,1037
362657,989,1040
362658,992,1038
362659,990,1038
362660,989,1033
362661,986,1036
362662,990,1034
362663,995,1032
362664,1001,1029
362665,1010,1022
362666,1020,1017
362667,1034,1014
362668,1058,1013
362669,1085,1014
362670,1117,1004
362671,1147,992
362672,1181,983
362673,1213,988
362674,1246,999
362675,1270,1023
362676,1270,1036
362677,1238,1039
362678,1186,1040
362679,1126,1046
362680,1074,1056
362681,1030,1065
362682,994,1071
362683,976,1070
362684,970,1060
362685,973,1053
362686,980,1046
362687,986,1042
362688,989,1037
362689,985,1034
362690,978,1033
362691,973,1033
362692,975,1035
362693,976,1037
362694,976,1037
362695,972,1036
362696,966,1036
362697,967,1036
362698,965,1042
362699,967,1044
362700,969,1041
362701,966,1043
362702,966,1041
362703,966,1041
362704,965,1043
362705,968,1048
362706,968,1046
362707,965,1046
362708,960,1049
362709,958,1051
362710,956,1052
362711,959,1051
362712,960,1050
362713,964,1046
362714,966,1041
362715,965,1039
362716,964,1044
362717,970,1048
362718,973,1044
362719,972,1045
362720,969,1045
362721,967,1050
362722,970,1054
362723,971,1055
362724,975,1052
362725,969,1051
362726,967,1049
362727,965,1053
362728,967,1059
362729,969,1072
362730,969,1080
362731,965,1088
362732,962,1087
362733,961,1087
362734,961,1087
362735,961,1086
362736,963,1083
362737,967,1082
362738,967,1075
362739,965,1070
362740,970,1078
362741,971,1085
362742,973,1092
362743,971,1092
362744,969,1091
362745,963,1091
362746,969,1088
362747,973,1083
362748,977,1062
362749,981,1036
362750,982,1018
362751,980,1016
362752,981,1027
362753,983,1048
362754,982,1055
362755,982,1045
362756,983,1025
362757,988,999
362758,1002,984
362759,1009,971
362760,1013,954
362761,1012,942
362762,1008,936
362763,1008,939
362764,1006,949
362765,1008,959
362766,1011,964
362767,1010,970
362768,1009,972
362769,1007,975
362770,1010,982
362771,1011,987
362772,1012,987
362773,1014,987
362774,1012,986
362775,1008,992
362776,1010,996
362777,1013,1002
362778,1018,1000
362779,1017,1000
362780,1013,998
362781,1008,999
362782,1009,1006
362783,1011,1009
362784,1011,1008
362785,1008,1009
362786,1007,1008
362787,1002,1014
362788,1003,1016
362789,1006,1019
362790,1006,1022
362791,1005,1018
362792,1004,1016
362793,998,1019
362794,998,1026
362795,998,1028
362796,1001,1029
362797,1000,1031
362798,996,1030
362799,989,1029
362800,988,1032
362801,993,1036
362802,995,1035
362803,993,1034
362804,993,1035
362805,990,1036
362806,994,1037
362807,994,1041
362808,998,1039
362809,997,1038
362810,995,1034
362811,989,1036
362812,992,1036
362813,994,1039
362814,993,1039
362815,992,1038
362816,988,1034
362817,986,1037
362818,989,1038
362819,993,1041
362820,995,1039
362821,994,1035
362822,990,1032
362823,988,1033
362824,990,1035
362825,995,1038
362826,996,1034
362827,992,1033
362828,992,1029
362829,988,1029
362830,986,1030
362831,987,1031
362832,989,1027
362833,987,1027
362834,987,1022
362835,983,1023
362836,986,1024
362837,984,1028
362838,985,1025
362839,985,1024
362840,983,1025
362841,982,1023
362842,986,1026
362843,991,1028
362844,991,1029
362845,989,1026
362846,986,1024
362847,982,1027
362848,988,1029
362849,990,1033
362850,991,1030
362851,992,1034
362852,989,1030
362853,988,1032
362854,994,1033
362855,996,1037
362856,997,1035
362857,995,1035
362858,991,1032
362859,989,1031
362860,989,1034
362861,989,1040
362862,992,1037
362863,990,1035
362864,987,1034
362865,984,1035
362866,986,1039
362867,989,1042
362868,990,1041
362869,989,1038
362870,988,1035
362871,985,1035
362872,985,1036
362873,988,1039
362874,990,1038
362875,991,1036
362876,987,1035
362877,986,1031
362878,988,1035
362879,990,1035
362880,991,1032
362881,988,1031
362882,985,1028
362883,983,1027
362884,988,1034
362885,992,1038
362886,994,1036
362887,990,1033
362888,986,1031
362889,983,1032
362890,985,1034
362891,989,1037
362892,992,1035
362893,992,1037
362894,988,1038
362895,984,1043
362896,985,1049
362897,988,1052
362898,993,1048
362899,990,1039
362900,988,1033
362901,984,1032
362902,984,1033
362903,983,1037
362904,988,1037
362905,987,1036
362906,987,1035
362907,985,1036
362908,986,1040
362909,985,1040
362910,988,1041
362911,986,1039
362912,984,1035
362913,983,1035
362914,980,1038
362915,984,1041
362916,987,1039
362917,984,1035
362918,982,1032
362919,981,1035
362920,984,1036
362921,989,1038
362922,992,1035
362923,990,1034
362924,984,1030
362925,983,1032
362926,984,1036
362927,982,1039
362928,987,1038
362929,981,1038
362930,982,1036
362931,980,1035
362932,980,1039
362933,981,1042
362934,984,1038
362935,984,1039
362936,985,1038
362937,986,1037
362938,989,1040
362939,987,1045
362940,990,1044
362941,988,1043
362942,985,1043
362943,985,1044
362944,987,1045
362945,990,1049
362946,991,1048
362947,989,1046
362948,983,1043
362949,981,1043
362950,982,1046
362951,985,1048
362952,986,1047
362953,984,1045
362954,981,1043
362955,976,1044
362956,981,1047
362957,985,1046
362958,989,1043
362959,987,1038
362960,987,1037
362961,986,1041
362962,985,1040
362963,989,1046
362964,990,1044
362965,991,1042
362966,986,1039
362967,984,1040
362968,984,1041
362969,985,1042
362970,989,1043
362971,987,1043
362972,985,1039
362973,981,1037
362974,987,1041
362975,987,1043
362976,987,1046
362977,989,1042
362978,989,1042
362979,991,1042
362980,993,1045
362981,998,1047
362982,999,1043
362983,1001,1040
362984,1002,1032
362985,1007,1033
362986,1018,1030
362987,1033,1030
362988,1050,1027
362989,1070,1019
362990,1099,1006
362991,1134,995
362992,1178,994
362993,1221,998
362994,1258,1015
362995,1279,1035
362996,1277,1055
362997,1245,1067
362998,1191,1067
362999,1135,1074
363000,1084,1084
363001,1027,1091
363002,985,1095
363003,966,1095
363004,974,1090
363005,985,1075
363006,993,1063
363007,987,1052
363008,982,1047
363009,983,1045
363010,982,1047
363011,980,1048
363012,980,1050
363013,977,1047
363014,971,1044
363015,970,1043
363016,970,1046
363017,973,1047
363018,976,1047
363019,974,1045
363020,976,1043
363021,972,1043
363022,970,1045
363023,974,1050
363024,977,1048
363025,978,1046
363026,977,1041
363027,975,1040
363028,974,1043
363029,974,1046
363030,973,1044
363031,978,1043
363032,976,1041
363033,972,1044
363034,973,1042
363035,974,1043
363036,979,1044
363037,979,1040
363038,972,1039
363039,969,1043
363040,974,1044
363041,977,1045
363042,978,1042
363043,975,1040
363044,972,1038
363045,969,1039
363046,968,1040
363047,972,1042
363048,976,1038
363049,968,1036
363050,969,1034
363051,970,1033
363052,973,1034
363053,978,1038
363054,983,1035
363055,982,1030
363056,978,1026
363057,978,1024
363058,981,1024
363059,982,1023
363060,983,1021
363061,982,1015
363062,977,1013
363063,978,1010
363064,979,1014
363065,985,1016
363066,986,1014
363067,986,1010
363068,984,1004
363069,987,1005
363070,988,1004
363071,995,1007
363072,997,1008
363073,996,1003
363074,994,1001
363075,994,999
363076,996,1000
363077,1000,1006
363078,1004,1004
363079,1004,1003
363080,1002,1000
363081,1002,1002
363082,1003,1003
363083,1007,1008
363084,1010,1007
363085,1010,1006
363086,1008,1005
363087,1008,1008
363088,1010,1011
363089,1015,1014
363090,1016,1020
363091,1014,1018
363092,1007,1018
363093,1005,1020
363094,1006,1024
363095,1010,1027
363096,1010,1028
363097,1005,1030
363098,1000,1028
363099,1001,1033
363100,1005,1035
363101,1005,1041
363102,1004,1043
363103,1000,1042
363104,994,1039
363105,994,1041
363106,996,1045
363107,994,1054
363108,998,1053
363109,995,1052
363110,991,1052
363111,991,1050
363112,989,1055
363113,995,1058
363114,993,1060
363115,993,1055
363116,991,1055
363117,993,1055
363118,997,1061
363119,1002,1063
363120,999,1060
363121,993,1058
363122,989,1054
363123,991,1055
363124,993,1055
363125,996,1058
363126,997,1057
363127,996,1055
363128,994,1053
363129,997,1054
363130,996,1058
363131,998,1061
363132,1001,1061
363133,999,1057
363134,991,1056
363135,984,1056
363136,987,1056
363137,990,1058
363138,994,1056
363139,995,1054
363140,993,1052
363141,989,1054
363142,989,1057
363143,992,1059
363144,998,1059
363145,992,1058
363146,989,1054
363147,989,1054
363148,995,1055
363149,997,1060
363150,999,1057
363151,997,1053
363152,996,1053
363153,998,1053
363154,996,1053
363155,994,1054
363156,994,1054
363157,997,1048
363158,994,1049
363159,996,1051
363160,995,1053
363161,997,1055
363162,996,1057
363163,995,1054
363164,996,1051
363165,993,1053
363166,994,1056
363167,992,1057
363168,992,1055
363169,995,1054
363170,998,1052
363171,996,1053
363172,995,1056
363173,994,1060
363174,994,1057
363175,992,1055
363176,988,1055
363177,988,1057
363178,992,1058
363179,998,1062
363180,999,1061
363181,998,1058
363182,998,1056
363183,998,1058
363184,1004,1062
363185,1002,1062
363186,1001,1063
363187,999,1064
363188,995,1062
363189,994,1059
363190,997,1063
363191,1000,1062
363192,1006,1062
363193,1009,1060
363194,1004,1057
363195,998,1058
363196,999,1060
363197,1002,1061
363198,1007,1057
363199,1006,1054
363200,1005,1050
363201,1002,1048
363202,1000,1049
363203,1008,1046
363204,1014,1043
363205,1023,1039
363206,1035,1035
363207,1046,1031
363208,1067,1031
363209,1101,1028
363210,1132,1018
363211,1168,1009
363212,1206,1008
363213,1244,1015
363214,1285,1037
363215,1309,1065
363216,1306,1079
363217,1275,1085
363218,1224,1082
363219,1162,1087
363220,1103,1097
363221,1051,1112
363222,1008,1119
363223,980,1121
363224,971,1117
363225,979,1107
363226,992,1096
363227,998,1089
363228,1003,1079
363229,1006,1070
363230,1003,1062
363231,992,1060
363232,990,1062
363233,988,1060
363234,989,1063
363235,988,1058
363236,983,1059
363237,981,1057
363238,981,1061
363239,986,1063
363240,985,1062
363241,984,1056
363242,981,1055
363243,978,1053
363244,981,1055
363245,982,1057
363246,985,1053
363247,986,1050
363248,985,1049
363249,983,1051
363250,985,1054
363251,987,1055
363252,986,1053
363253,987,1051
363254,983,1046
363255,981,1050
363256,980,1052
363257,981,1055
363258,984,1052
363259,981,1053
363260,979,1052
363261,978,1050
363262,976,1052
363263,981,1055
363264,980,1054
363265,982,1052
363266,980,1049
363267,982,1047
363268,982,1049
363269,983,1052
363270,982,1051
363271,985,1049
363272,981,1047
363273,983,1048
363274,988,1047
363275,991,1045
363276,994,1046
363277,998,1040
363278,996,1036
363279,994,1036
363280,998,1036
363281,1000,1034
363282,1004,1033
363283,1001,1028
363284,1001,1025
363285,1000,1023
363286,1005,1023
363287,1008,1024
363288,1012,1021
363289,1015,1016
363290,1013,1011
363291,1013,1010
363292,1014,1012
363293,1014,1011
363294,1015,1009
363295,1013,1007
363296,1013,1003
363297,1015,1003
363298,1018,1004
363299,1019,1006
363300,1017,1003
363301,1016,1002
363302,1014,1001
363303,1011,1002
363304,1013,1004
363305,1017,1008
363306,1019,1007
363307,1017,1007
363308,1014,1005
363309,1014,1009
363310,1016,1015
363311,1015,1015
363312,1017,1017
363313,1021,1019
363314,1019,1018
363315,1020,1022
363316,1020,1028
363317,1019,1034
363318,1017,1038
363319,1012,1040
363320,1008,1039
363321,1006,1039
363322,1005,1045
363323,1006,1050
363324,1005,1049
363325,1004,1051
363326,1001,1052
363327,998,1055
363328,999,1060
363329,1000,1066
363330,1002,1068
363331,1000,1065
363332,994,1063
363333,993,1066
363334,993,1069
363335,993,1072
363336,995,1070
363337,992,1069
363338,990,1068
363339,987,1069
363340,987,1072
363341,987,1075
363342,988,1076
363343,989,1073
363344,988,1068
363345,984,1070
363346,986,1070
363347,987,1073
363348,990,1072
363349,987,1070
363350,988,1070
363351,986,1069
363352,987,1072
363353,989,1071
363354,991,1070
363355,991,1065
363356,991,1063
363357,986,1063
363358,990,1063
363359,994,1067
363360,998,1065
363361,994,1062
363362,995,1057
363363,995,1060
363364,996,1060
363365,1001,1062
363366,1000,1062
363367,996,1060
363368,993,1057
363369,997,1056
363370,1002,1059
363371,1007,1063
363372,1008,1063
363373,1005,1060
363374,1006,1059
363375,1003,1056
363376,1003,1059
363377,1008,1062
363378,1009,1062
363379,1007,1062
363380,1005,1057
363381,1005,1060
363382,1008,1060
363383,1010,1065
363384,1006,1065
363385,1003,1064
363386,1001,1060
363387,997,1061
363388,994,1063
363389,998,1066
363390,1000,1064
363391,1001,1064
363392,999,1060
363393,995,1059
363394,997,1061
363395,998,1064
363396,998,1061
363397,995,1060
363398,991,1059
363399,994,1061
363400,996,1063
363401,1001,1062
363402,1002,1061
363403,997,1062
363404,992,1062
363405,992,1061
363406,993,1063
363407,993,1068
363408,993,1071
363409,995,1063
363410,994,1061
363411,994,1063
363412,996,1066
363413,999,1070
363414,1005,1068
363415,1008,1065
363416,1004,1065
363417,1003,1065
363418,1005,1066
363419,1005,1067
363420,1005,1068
363421,1001,1064
363422,996,1064
363423,996,1065
363424,996,1068
363425,997,1070
363426,999,1069
363427,994,1063
363428,994,1062
363429,993,1061
363430,997,1064
363431,1001,1065
363432,1000,1065
363433,998,1064
363434,997,1060
363435,995,1062
363436,995,1062
363437,1003,1062
363438,1005,1062
363439,1004,1060
363440,999,1059
363441,994,1060
363442,997,1063
363443,1002,1064
363444,1004,1067
363445,1001,1063
363446,999,1057
363447,995,1058
363448,998,1060
363449,1004,1062
363450,1007,1059
363451,1003,1060
363452,997,1059
363453,996,1059
363454,996,1063
363455,1001,1064
363456,1001,1061
363457,1003,1057
363458,1006,1056
363459,1007,1055
363460,1018,1055
363461,1029,1055
363462,1037,1053
363463,1050,1049
363464,1066,1044
363465,1087,1043
363466,1123,1038
363467,1161,1032
363468,1205,1022
363469,1244,1019
363470,1282,1022
363471,1314,1034
363472,1331,1050
363473,1325,1062
363474,1289,1062
363475,1229,1062
363476,1167,1068
363477,1105,1076
363478,1056,1082
363479,1020,1086
363480,1003,1080
363481,998,1073
363482,1004,1063
363483,1009,1058
363484,1007,1059
363485,1005,1061
363486,1001,1061
363487,998,1058
363488,992,1058
363489,986,1061
363490,986,1062
363491,989,1070
363492,985,1066
363493,980,1063
363494,975,1061
363495,971,1061
363496,973,1064
363497,975,1067
363498,975,1068
363499,972,1063
363500,975,1062
363501,975,1062
363502,977,1063
363503,976,1064
363504,973,1063
363505,972,1063
363506,972,1061
363507,967,1063
363508,966,1065
363509,968,1066
363510,973,1063
363511,972,1063
363512,971,1060
363513,967,1060
363514,972,1061
363515,975,1062
363516,979,1061
363517,978,1062
363518,976,1059
363519,979,1061
363520,978,1060
363521,978,1064
363522,977,1063
363523,976,1060
363524,975,1057
363525,975,1058
363526,978,1062
363527,981,1063
363528,985,1060
363529,985,1058
363530,981,1055
363531,979,1053
363532,984,1058
363533,984,1059
363534,981,1054
363535,978,1051
363536,979,1048
363537,982,1045
363538,984,1047
363539,988,1048
363540,989,1046
363541,991,1039
363542,988,1037
363543,996,1039
363544,1001,1041
363545,1005,1040
363546,1006,1035
363547,1004,1031
363548,1001,1030
363549,1001,1028
363550,1001,1029
363551,1004,1028
363552,1011,1024
363553,1012,1023
363554,1011,1018
363555,1010,1017
363556,1011,1018
363557,1017,1022
363558,1019,1021
363559,1019,1018
363560,1019,1017
363561,1017,1016
363562,1019,1017
363563,1021,1022
363564,1021,1021
363565,1021,1020
363566,1021,1018
363567,1023,1016
363568,1020,1018
363569,1019,1022
363570,1019,1022
363571,1015,1024
363572,1014,1024
363573,1012,1030
363574,1015,1036
363575,1016,1042
363576,1019,1039
363577,1013,1043
363578,1007,1045
363579,1007,1047
363580,1004,1053
363581,1006,1059
363582,1010,1060
363583,1008,1057
363584,1002,1056
363585,1001,1059
363586,1003,1062
363587,1007,1064
363588,1004,1064
363589,1001,1061
363590,996,1058
363591,997,1061
363592,999,1062
363593,1001,1067
363594,998,1063
363595,994,1062
363596,988,1061
363597,987,1059
363598,991,1062
363599,992,1063
363600,990,1060
363601,986,1064
363602,986,1062
363603,992,1063
363604,995,1063
363605,999,1067
363606,1003,1067
363607,1002,1067
363608,1001,1066
363609,1000,1068
363610,1002,1068
363611,1008,1071
363612,1012,1072
363613,1018,1069
363614,1021,1070
363615,1020,1071
363616,1025,1081
363617,1030,1084
363618,1036,1087
363619,1045,1086
363620,1050,1078
363621,1058,1070
363622,1066,1057
363623,1079,1044
363624,1091,1031
363625,1101,1020
363626,1114,1005
363627,1127,989
363628,1143,975
363629,1159,964
363630,1179,943
363631,1194,919
363632,1206,902
363633,1223,889
363634,1239,875
363635,1254,867
363636,1265,859
363637,1268,854
363638,1265,853
363639,1265,855
363640,1267,862
363641,1269,863
363642,1268,859
363643,1256,855
363644,1241,853
363645,1232,857
363646,1218,866
363647,1200,878
363648,1183,884
363649,1161,893
363650,1137,903
363651,1122,916
363652,1110,928
363653,1107,942
363654,1098,952
363655,1095,962
363656,1086,971
363657,1083,978
363658,1081,990
363659,1083,999
363660,1093,1008
363661,1099,1011
363662,1106,1011
363663,1113,1014
363664,1110,1018
363665,1092,1025
363666,1058,1027
363667,1020,1036
363668,985,1042
363669,960,1055
363670,948,1074
363671,944,1087
363672,941,1093
363673,935,1093
363674,923,1095
363675,916,1099
363676,910,1103
363677,909,1108
363678,910,1109
363679,911,1109
363680,908,1109
363681,906,1112
363682,902,1118
363683,901,1123
363684,900,1125
363685,897,1124
363686,889,1129
363687,885,1132
363688,885,1134
363689,889,1135
363690,893,1135
363691,889,1134
363692,883,1137
363693,877,1142
363694,874,1147
363695,875,1152
363696,874,1151
363697,869,1153
363698,863,1154
363699,858,1157
363700,858,1160
363701,861,1162
363702,863,1162
363703,866,1164
363704,859,1164
363705,855,1166
363706,850,1172
363707,852,1178
363708,851,1181
363709,852,1185
363710,848,1184
363711,846,1187
363712,846,1189
363713,849,1195
363714,849,1194
363715,849,1194
363716,845,1196
363717,841,1197
363718,843,1203
363719,845,1205
363720,848,1206
363721,845,1203
363722,843,1201
363723,846,1204
363724,848,1204
363725,850,1207
363726,857,1201
363727,856,1195
363728,857,1189
363729,862,1186
363730,872,1189
363731,880,1190
363732,887,1187
363733,888,1182
363734,886,1176
363735,890,1173
363736,894,1169
363737,903,1167
363738,909,1162
363739,912,1153
363740,917,1145
363741,923,1140
363742,928,1136
363743,932,1131
363744,937,1125
363745,939,1117
363746,938,1110
363747,938,1105
363748,945,1101
363749,954,1102
363750,956,1099
363751,957,1096
363752,955,1089
363753,953,1087
363754,959,1086
363755,965,1087
363756,971,1083
363757,973,1076
363758,971,1072
363759,971,1072
363760,971,1072
363761,973,1074
363762,977,1071
363763,979,1071
363764,974,1068
363765,972,1067
363766,972,1067
363767,975,1066
363768,981,1063
363769,988,1059
363770,986,1055
363771,983,1055
363772,984,1061
363773,988,1066
363774,995,1065
363775,991,1062
363776,991,1059
363777,987,1061
363778,989,1060
363779,992,1061
363780,989,1060
363781,990,1057
363782,988,1054
363783,988,1054
363784,989,1058
363785,989,1061
363786,994,1058
363787,994,1056
363788,988,1055
363789,986,1054
363790,988,1054
363791,991,1055
363792,995,1052
363793,994,1049
363794,992,1046
363795,988,1047
363796,989,1049
363797,992,1050
363798,995,1051
363799,993,1051
363800,990,1051
363801,992,1048
363802,993,1054
363803,998,1059
363804,1000,1060
363805,997,1058
363806,994,1054
363807,995,1053
363808,996,1058
363809,999,1063
363810,998,1063
363811,994,1061
363812,996,1059
363813,997,1060
363814,995,1060
363815,998,1060
363816,997,1058
363817,996,1053
363818,993,1054
363819,993,1053
363820,987,1054
363821,989,1058
363822,990,1062
363823,992,1061
363824,989,1056
363825,987,1057
363826,989,1056
363827,995,1060
363828,995,1058
363829,992,1054
363830,993,1051
363831,988,1048
363832,988,1052
363833,993,1058
363834,998,1061
363835,998,1057
363836,998,1057
363837,994,1054
363838,997,1055
363839,1001,1056
363840,1002,1052
363841,1002,1050
363842,999,1047
363843,994,1048
363844,996,1050
363845,1000,1052
363846,998,1047
363847,996,1044
363848,991,1044
363849,991,1047
363850,995,1052
363851,1000,1053
363852,1002,1052
363853,999,1049
363854,999,1047
363855,996,1047
363856,998,1053
363857,1000,1056
363858,1005,1055
363859,1005,1052
363860,999,1053
363861,1000,1055
363862,1000,1057
363863,998,1059
363864,1004,1058
363865,1001,1054
363866,999,1053
363867,995,1052
363868,996,1054
363869,1000,1058
363870,1001,1059
363871,1001,1054
363872,998,1054
363873,998,1052
363874,999,1054
363875,1003,1056
363876,1004,1052
363877,1001,1051
363878,997,1049
363879,993,1051
363880,996,1052
363881,1000,1054
363882,1000,1053
363883,1003,1051
363884,1001,1046
363885,1002,1043
363886,1000,1048
363887,1001,1053
363888,1003,1050
363889,1003,1045
363890,1000,1046
363891,1002,1049
363892,1003,1055
363893,1006,1056
363894,1011,1055
363895,1009,1052
363896,1004,1049
363897,995,1049
363898,1000,1051
363899,999,1057
363900,1002,1057
363901,1004,1057
363902,1007,1055
363903,1009,1056
363904,1013,1059
363905,1018,1060
363906,1015,1061
363907,1011,1057
363908,1007,1055
363909,1007,1056
363910,1004,1058
363911,1009,1063
363912,1014,1060
363913,1018,1054
363914,1016,1051
363915,1012,1053
363916,1011,1058
363917,1020,1060
363918,1020,1058
363919,1018,1053
363920,1017,1047
363921,1021,1046
363922,1032,1046
363923,1045,1047
363924,1063,1043
363925,1079,1037
363926,1099,1032
363927,1124,1030
363928,1158,1027
363929,1200,1020
363930,1245,1013
363931,1286,1008
363932,1325,1011
363933,1350,1021
363934,1368,1033
363935,1359,1042
363936,1325,1044
363937,1268,1045
363938,1204,1050
363939,1140,1063
363940,1077,1071
363941,1028,1079
363942,1008,1079
363943,1005,1073
363944,1008,1061
363945,1013,1055
363946,1015,1054
363947,1015,1054
363948,1016,1054
363949,1010,1055
363950,1002,1051
363951,999,1053
363952,997,1054
363953,1001,1059
363954,1001,1059
363955,997,1055
363956,993,1054
363957,991,1055
363958,990,1058
363959,989,1061
363960,991,1059
363961,992,1056
363962,986,1054
363963,984,1055
363964,984,1054
363965,986,1058
363966,987,1057
363967,984,1052
363968,980,1050
363969,975,1052
363970,975,1054
363971,981,1060
363972,986,1057
363973,985,1050
363974,983,1049
363975,981,1051
363976,984,1054
363977,981,1053
363978,980,1051
363979,981,1050
363980,978,1049
363981,980,1049
363982,981,1052
363983,986,1059
363984,989,1056
363985,989,1053
363986,984,1050
363987,980,1049
363988,983,1051
363989,986,1053
363990,987,1050
363991,987,1051
363992,987,1051
363993,990,1053
363994,993,1055
363995,998,1055
363996,998,1053
363997,999,1051
363998,996,1047
363999,995,1048
364000,998,1051
364001,1001,1049
364002,1000,1047
364003,1000,1043
364004,996,1040
364005,999,1040
364006,1002,1039
364007,1005,1038
364008,1007,1036
364009,1007,1031
364010,1005,1030
364011,1004,1028
364012,1008,1029
364013,1010,1029
364014,1014,1028
364015,1014,1022
364016,1013,1020
364017,1013,1020
364018,1015,1023
364019,1018,1025
364020,1020,1022
364021,1024,1019
364022,1021,1014
364023,1020,1014
364024,1021,1016
364025,1023,1018
364026,1021,1017
364027,1023,1016
364028,1023,1012
364029,1022,1015
364030,1028,1020
364031,1032,1021
364032,1031,1018
364033,1033,1019
364034,1031,1016
364035,1032,1019
364036,1034,1024
364037,1040,1030
364038,1042,1033
364039,1039,1031
364040,1035,1026
364041,1030,1030
364042,1033,1035
364043,1030,1038
364044,1030,1040
364045,1027,1037
364046,1023,1036
364047,1023,1039
364048,1026,1041
364049,1028,1049
364050,1024,1048
364051,1019,1047
364052,1014,1046
364053,1009,1050
364054,1007,1052
364055,1007,1057
364056,1009,1055
364057,1005,1053
364058,1002,1053
364059,999,1056
364060,997,1057
364061,1000,1057
364062,1002,1055
364063,1001,1054
364064,996,1052
364065,997,1055
364066,1002,1056
364067,1005,1061
364068,1004,1059
364069,1002,1054
364070,1000,1053
364071,998,1056
364072,1003,1060
364073,1003,1063
364074,1004,1060
364075,1001,1060
364076,998,1058
364077,997,1057
364078,999,1058
364079,1002,1061
364080,1002,1063
364081,1001,1063
364082,999,1061
364083,999,1060
364084,1004,1060
364085,1009,1063
364086,1011,1062
364087,1007,1059
364088,1005,1057
364089,1001,1056
364090,1002,1057
364091,1004,1062
364092,1012,1059
364093,1011,1053
364094,1010,1049
364095,1009,1053
364096,1010,1058
364097,1011,1061
364098,1013,1057
364099,1012,1050
364100,1008,1047
364101,1006,1048
364102,1008,1053
364103,1009,1056
364104,1010,1053
364105,1010,1048
364106,1008,1044
364107,1004,1044
364108,1006,1047
364109,1006,1047
364110,1008,1043
364111,1005,1044
364112,1004,1042
364113,1001,1045
364114,1002,1048
364115,1012,1054
364116,1016,1051
364117,1013,1049
364118,1009,1047
364119,1004,1046
364120,1007,1044
364121,1013,1050
364122,1015,1052
364123,1011,1051
364124,1006,1050
364125,1005,1051
364126,1006,1054
364127,1011,1058
364128,1011,1055
364129,1009,1053
364130,1006,1051
364131,1005,1055
364132,1009,1058
364133,1012,1057
364134,1010,1055
364135,1012,1056
364136,1008,1055
364137,1008,1056
364138,1012,1060
364139,1015,1061
364140,1013,1062
364141,1010,1059
364142,1006,1057
364143,1003,1059
364144,1003,1060
364145,1005,1062
364146,1010,1062
364147,1007,1057
364148,1002,1052
364149,1001,1051
364150,998,1056
364151,1002,1056
364152,1007,1054
364153,1007,1052
364154,1002,1050
364155,1002,1052
364156,1006,1053
364157,1005,1055
364158,1007,1052
364159,1007,1045
364160,1005,1041
364161,1006,1043
364162,1004,1047
364163,1007,1045
364164,1008,1043
364165,1008,1037
364166,1018,1035
364167,1029,1037
364168,1047,1038
364169,1066,1039
364170,1090,1037
364171,1115,1034
364172,1147,1029
364173,1185,1020
364174,1234,1016
364175,1278,1013
364176,1320,1014
364177,1353,1020
364178,1369,1030
364179,1360,1036
364180,1334,1045
364181,1289,1050
364182,1236,1058
364183,1174,1071
364184,1110,1080
364185,1047,1087
364186,1010,1091
364187,1000,1089
364188,1006,1077
364189,1010,1066
364190,1010,1058
364191,1008,1055
364192,1005,1057
364193,1002,1059
364194,1000,1056
364195,993,1058
364196,987,1056
364197,986,1055
364198,984,1056
364199,985,1058
364200,987,1054
364201,986,1053
364202,983,1052
364203,980,1053
364204,980,1054
364205,982,1056
364206,978,1054
364207,975,1052
364208,969,1053
364209,966,1052
364210,965,1052
364211,964,1056
364212,967,1055
364213,971,1051
364214,973,1049
364215,974,1051
364216,974,1055
364217,973,1058
364218,979,1061
364219,976,1058
364220,972,1055
364221,969,1053
364222,970,1052
364223,971,1055
364224,975,1054
364225,974,1052
364226,974,1052
364227,974,1054
364228,976,1055
364229,976,1056
364230,977,1051
364231,977,1050
364232,973,1046
364233,972,1049
364234,976,1049
364235,980,1052
364236,982,1053
364237,981,1050
364238,978,1049
364239,978,1046
364240,985,1048
364241,992,1049
364242,991,1047
364243,992,1046
364244,987,1041
364245,987,1042
364246,992,1040
364247,997,1040
364248,999,1037
364249,995,1033
364250,997,1027
364251,996,1026
364252,1000,1026
364253,999,1028
364254,1000,1027
364255,1001,1022
364256,1001,1020
364257,1002,1022
364258,1005,1023
364259,1008,1024
364260,1013,1023
364261,1009,1018
364262,1007,1016
364263,1006,1021
364264,1007,1020
364265,1008,1022
364266,1009,1021
364267,1011,1017
364268,1010,1015
364269,1009,1013
364270,1013,1018
364271,1016,1019
364272,1017,1020
364273,1015,1019
364274,1009,1016
364275,1010,1018
364276,1011,1025
364277,1015,1031
364278,1018,1030
364279,1017,1030
364280,1016,1031
364281,1013,1033
364282,1012,1037
364283,1011,1042
364284,1010,1039
364285,1008,1039
364286,1002,1038
364287,1002,1042
364288,1004,1045
364289,1005,1047
364290,1008,1048
364291,1002,1050
364292,1000,1052
364293,994,1055
364294,994,1057
364295,997,1062
364296,997,1061
364297,992,1058
364298,990,1053
364299,988,1055
364300,991,1060
364301,989,1059
364302,991,1060
364303,990,1058
364304,991,1059
364305,990,1060
364306,990,1059
364307,988,1062
364308,990,1063
364309,992,1066
364310,989,1065
364311,988,1064
364312,985,1066
364313,986,1067
364314,982,1066
364315,982,1065
364316,981,1063
364317,977,1063
364318,981,1067
364319,982,1071
364320,984,1067
364321,985,1065
364322,983,1065
364323,981,1065
364324,983,1067
364325,983,1070
364326,985,1066
364327,982,1061
364328,979,1059
364329,984,1059
364330,984,1058
364331,988,1061
364332,985,1059
364333,982,1056
364334,981,1055
364335,984,1055
364336,986,1056
364337,994,1055
364338,993,1057
364339,991,1054
364340,988,1054
364341,990,1059
364342,995,1060
364343,997,1060
364344,994,1058
364345,996,1054
364346,991,1055
364347,993,1055
364348,996,1053
364349,1001,1056
364350,1004,1055
364351,997,1054
364352,997,1052
364353,993,1054
364354,994,1057
364355,994,1057
364356,999,1059
364357,1000,1058
364358,997,1056
364359,996,1057
364360,998,1057
364361,998,1059
364362,999,1057
364363,995,1054
364364,992,1051
364365,994,1054
364366,996,1061
364367,999,1061
364368,998,1060
364369,998,1059
364370,995,1055
364371,994,1058
364372,995,1059
364373,996,1060
364374,997,1061
364375,992,1058
364376,987,1058
364377,987,1055
364378,991,1056
364379,995,1056
364380,997,1055
364381,992,1053
364382,989,1051
364383,987,1051
364384,989,1052
364385,995,1056
364386,994,1053
364387,991,1048
364388,988,1044
364389,985,1049
364390,990,1057
364391,995,1057
364392,1000,1052
364393,998,1048
364394,1001,1044
364395,1010,1041
364396,1027,1043
364397,1047,1045
364398,1069,1046
364399,1103,1040
364400,1138,1033
364401,1177,1027
364402,1225,1024
364403,1273,1027
364404,1313,1028
364405,1347,1031
364406,1361,1038
364407,1351,1043
364408,1326,1050
364409,1283,1053
364410,1229,1059
364411,1167,1066
364412,1104,1073
364413,1045,1080
364414,1001,1087
364415,984,1091
364416,985,1081
364417,991,1072
364418,994,1061
364419,995,1056
364420,996,1057
364421,992,1053
364422,988,1051
364423,985,1047
364424,976,1046
364425,975,1048
364426,970,1051
364427,973,1055
364428,969,1055
364429,968,1053
364430,967,1049
364431,964,1049
364432,965,1053
364433,966,1057
364434,965,1056
364435,962,1050
364436,957,1046
364437,953,1049
364438,957,1052
364439,964,1057
364440,965,1057
364441,964,1054
364442,960,1052
364443,955,1054
364444,960,1057
364445,962,1060
364446,963,1060
364447,960,1060
364448,956,1054
364449,956,1058
364450,957,1061
364451,959,1063
364452,961,1062
364453,962,1058
364454,960,1058
364455,955,1058
364456,956,1060
364457,961,1060
364458,963,1058
364459,958,1054
364460,956,1052
364461,956,1052
364462,958,1055
364463,964,1057
364464,965,1052
364465,962,1052
364466,962,1047
364467,963,1047
364468,967,1046
364469,968,1045
364470,970,1045
364471,974,1042
364472,972,1037
364473,970,1037
364474,973,1037
364475,975,1037
364476,979,1034
364477,981,1029
364478,978,1025
364479,978,1025
364480,978,1028
364481,984,1028
364482,985,1027
364483,986,1022
364484,984,1019
364485,983,1020
364486,987,1022
364487,990,1021
364488,990,1022
364489,990,1021
364490,989,1017
364491,987,1020
364492,991,1020
364493,995,1023
364494,999,1023
364495,999,1019
364496,995,1016
364497,996,1017
364498,1001,1019
364499,1003,1023
364500,1004,1023
364501,1001,1021
364502,997,1022
364503,1001,1022
364504,1004,1027
364505,1004,1030
364506,1006,1033
364507,1006,1030
364508,1004,1030
364509,1002,1034
364510,1000,1036
364511,1005,1039
364512,1006,1039
364513,1003,1037
364514,1000,1038
364515,994,1039
364516,996,1047
364517,994,1049
364518,993,1048
364519,989,1045
364520,986,1043
364521,985,1044
364522,986,1048
364523,987,1051
364524,986,1051
364525,980,1049
364526,977,1049
364527,974,1053
364528,974,1056
364529,974,1058
364530,975,1054
364531,969,1053
364532,967,1050
364533,962,1056
364534,963,1060
364535,968,1062
364536,970,1061
364537,965,1059
364538,962,1057
364539,964,1057
364540,967,1062
364541,971,1067
364542,972,1062
364543,971,1062
364544,966,1062
364545,966,1063
364546,970,1069
364547,973,1068
364548,975,1068
364549,973,1065
364550,970,1062
364551,968,1062
364552,971,1063
364553,973,1067
364554,973,1068
364555,975,1065
364556,974,1062
364557,973,1059
364558,974,1063
364559,977,1066
364560,976,1062
364561,974,1059
364562,972,1059
364563,977,1055
364564,978,1057
364565,982,1062
364566,984,1059
364567,977,1057
364568,976,1053
364569,976,1055
364570,977,1054
364571,980,1058
364572,980,1054
364573,979,1051
364574,982,1049
364575,980,1047
364576,979,1050
364577,984,1049
364578,984,1049
364579,981,1046
364580,977,1046
364581,974,1048
364582,975,1052
364583,976,1053
364584,978,1050
364585,971,1048
364586,972,1046
364587,970,1047
364588,970,1053
364589,972,1055
364590,970,1052
364591,969,1051
364592,969,1051
364593,967,1052
364594,969,1054
364595,972,1059
364596,973,1057
364597,972,1054
364598,967,1054
364599,964,1055
364600,965,1059
364601,969,1060
364602,970,1060
364603,966,1058
364604,966,1057
364605,964,1055
364606,967,1059
364607,971,1062
364608,973,1061
364609,968,1059
364610,966,1054
364611,962,1055
364612,965,1058
364613,968,1059
364614,970,1059
364615,967,1054
364616,960,1053
364617,959,1052
364618,960,1055
364619,965,1058
364620,965,1057
364621,961,1056
364622,960,1050
364623,962,1053
364624,964,1058
364625,966,1059
364626,964,1055
364627,962,1052
364628,961,1050
364629,965,1051
364630,965,1054
364631,967,1058
364632,966,1055
364633,967,1054
364634,966,1051
364635,966,1055
364636,969,1056
364637,968,1059
364638,968,1061
364639,965,1058
364640,964,1058
364641,964,1057
364642,967,1061
364643,968,1061
364644,972,1062
364645,974,1059
364646,972,1057
364647,971,1059
364648,973,1061
364649,976,1062
364650,977,1062
364651,973,1059
364652,968,1057
364653,967,1058
364654,970,1060
364655,974,1059
364656,983,1057
364657,987,1050
364658,993,1046
364659,1005,1044
364660,1026,1045
364661,1046,1046
364662,1077,1041
364663,1105,1032
364664,1137,1021
364665,1180,1016
364666,1223,1015
364667,1263,1019
364668,1293,1028
364669,1304,1042
364670,1287,1047
364671,1251,1056
364672,1199,1059
364673,1144,1068
364674,1086,1076
364675,1027,1081
364676,980,1085
364677,959,1086
364678,955,1084
364679,964,1081
364680,969,1069
364681,970,1061
364682,965,1055
364683,960,1057
364684,955,1060
364685,956,1059
364686,954,1058
364687,950,1056
364688,943,1054
364689,942,1056
364690,941,1060
364691,943,1062
364692,943,1064
364693,938,1060
364694,936,1057
364695,934,1061
364696,940,1063
364697,943,1064
364698,942,1061
364699,937,1057
364700,934,1056
364701,930,1057
364702,933,1059
364703,933,1061
364704,938,1063
364705,936,1062
364706,935,1056
364707,935,1056
364708,937,1058
364709,938,1061
364710,940,1061
364711,939,1061
364712,938,1058
364713,939,1057
364714,942,1058
364715,944,1062
364716,944,1063
364717,942,1057
364718,938,1056
364719,935,1055
364720,935,1058
364721,939,1060
364722,941,1056
364723,940,1053
364724,935,1051
364725,937,1051
364726,938,1054
364727,942,1056
364728,944,1054
364729,939,1050
364730,936,1049
364731,937,1049
364732,939,1052
364733,940,1053
364734,943,1050
364735,942,1045
364736,939,1042
364737,941,1041
364738,948,1041
364739,947,1042
364740,949,1038
364741,948,1035
364742,949,1030
364743,951,1029
364744,950,1028
364745,956,1029
364746,956,1026
364747,954,1023
364748,956,1017
364749,956,1016
364750,957,1017
364751,957,1022
364752,960,1018
364753,960,1018
364754,960,1015
364755,965,1014
364756,966,1017
364757,969,1018
364758,974,1017
364759,969,1015
364760,969,1009
364761,970,1012
364762,976,1015
364763,979,1018
364764,978,1019
364765,977,1017
364766,975,1017
364767,975,1019
364768,976,1023
364769,977,1026
364770,981,1028
364771,980,1026
364772,977,1024
364773,974,1028
364774,974,1029
364775,975,1033
364776,975,1035
364777,971,1036
364778,966,1038
364779,963,1046
364780,964,1055
364781,964,1057
364782,966,1053
364783,964,1046
364784,959,1043
364785,955,1043
364786,955,1045
364787,958,1047
364788,957,1046
364789,950,1049
364790,950,1046
364791,948,1050
364792,948,1051
364793,950,1055
364794,949,1053
364795,945,1050
364796,939,1051
364797,940,1053
364798,940,1056
364799,945,1058
364800,944,1054
364801,945,1052
364802,941,1051
364803,945,1052
364804,947,1055
364805,951,1058
364806,953,1056
364807,952,1055
364808,952,1053
364809,956,1055
364810,962,1060
364811,969,1062
364812,976,1060
364813,977,1060
364814,978,1062
364815,980,1066
364816,987,1070
364817,994,1074
364818,1003,1072
364819,1015,1067
364820,1024,1056
364821,1036,1043
364822,1050,1030
364823,1063,1019
364824,1074,1005
364825,1088,987
364826,1101,972
364827,1118,956
364828,1136,943
364829,1156,924
364830,1176,904
364831,1195,882
364832,1212,864
364833,1222,850
364834,1233,842
364835,1233,840
364836,1235,838
364837,1231,837
364838,1226,836
364839,1224,836
364840,1221,838
364841,1214,840
364842,1199,839
364843,1182,840
364844,1160,842
364845,1142,853
364846,1120,861
364847,1102,878
364848,1083,888
364849,1065,899
364850,1056,911
364851,1044,926
364852,1042,940
364853,1044,953
364854,1041,964
364855,1034,973
364856,1027,983
364857,1031,995
364858,1039,1008
364859,1052,1017
364860,1062,1019
364861,1061,1016
364862,1050,1020
364863,1023,1024
364864,990,1036
364865,957,1045
364866,933,1055
364867,913,1063
364868,901,1072
364869,896,1084
364870,890,1093
364871,891,1097
364872,884,1098
364873,877,1099
364874,871,1099
364875,867,1104
364876,867,1106
364877,868,1109
364878,868,1113
364879,864,1112
364880,859,1113
364881,857,1115
364882,856,1119
364883,857,1124
364884,858,1124
364885,856,1123
364886,850,1123
364887,849,1128
364888,848,1133
364889,850,1137
364890,849,1138
364891,844,1138
364892,842,1138
364893,838,1140
364894,838,1144
364895,834,1149
364896,840,1148
364897,839,1148
364898,837,1149
364899,834,1154
364900,834,1156
364901,836,1163
364902,837,1162
364903,833,1161
364904,828,1163
364905,826,1167
364906,828,1172
364907,830,1180
364908,829,1177
364909,829,1177
364910,827,1175
364911,827,1177
364912,829,1181
364913,832,1187
364914,834,1184
364915,831,1184
364916,832,1183
364917,833,1186
364918,836,1190
364919,841,1191
364920,843,1191
364921,843,1189
364922,843,1188
364923,843,1187
364924,847,1188
364925,851,1188
364926,855,1186
364927,857,1178
364928,857,1174
364929,860,1170
364930,866,1169
364931,871,1171
364932,879,1168
364933,883,1161
364934,882,1155
364935,887,1153
364936,896,1151
364937,902,1153
364938,908,1147
364939,909,1138
364940,912,1135
364941,913,1130
364942,918,1128
364943,918,1126
364944,922,1118
364945,921,1110
364946,921,1105
364947,922,1103
364948,930,1099
364949,936,1093
364950,935,1092
364951,934,1087
364952,935,1079
364953,936,1076
364954,941,1077
364955,945,1080
364956,945,1076
364957,945,1070
364958,940,1068
364959,942,1067
364960,945,1064
364961,948,1067
364962,947,1065
364963,949,1064
364964,945,1058
364965,943,1061
364966,952,1059
364967,953,1063
364968,958,1060
364969,955,1057
364970,952,1054
364971,951,1055
364972,950,1055
364973,954,1061
364974,954,1060
364975,955,1056
364976,951,1054
364977,953,1055
364978,955,1057
364979,962,1060
364980,962,1059
364981,963,1057
364982,958,1053
364983,956,1056
364984,956,1060
364985,958,1061
364986,959,1062
364987,958,1059
364988,954,1057
364989,956,1060
364990,955,1061
364991,961,1064
364992,963,1062
364993,962,1061
364994,962,1057
364995,962,1059
364996,965,1058
364997,968,1058
364998,971,1057
364999,968,1056
365000,967,1052
365001,969,1054
365002,973,1056
365003,977,1057
365004,976,1058
365005,974,1053
365006,973,1052
365007,971,1053
365008,971,1052
365009,973,1054
365010,974,1052
365011,973,1049
365012,971,1049
365013,970,1051
365014,972,1053
365015,973,1053
365016,972,1053
365017,969,1050
365018,967,1048
365019,965,1047
365020,968,1049
365021,970,1051
365022,971,1048
365023,970,1046
365024,969,1044
365025,965,1046
365026,966,1051
365027,969,1053
365028,970,1052
365029,966,1050
365030,966,1046
365031,966,1049
365032,967,1053
365033,970,1058
365034,965,1054
365035,967,1052
365036,964,1051
365037,965,1054
365038,969,1056
365039,975,1059
365040,976,1057
365041,978,1056
365042,975,1054
365043,971,1054
365044,970,1056
365045,970,1059
365046,972,1059
365047,971,1056
365048,967,1054
365049,968,1055
365050,970,1057
365051,973,1059
365052,973,1060
365053,968,1056
365054,968,1052
365055,966,1053
365056,970,1057
365057,973,1058
365058,973,1059
365059,973,1054
365060,969,1050
365061,971,1052
365062,975,1053
365063,975,1055
365064,974,1053
365065,972,1050
365066,970,1046
365067,966,1049
365068,969,1051
365069,974,1053
365070,973,1052
365071,973,1049
365072,971,1046
365073,972,1048
365074,973,1054
365075,973,1053
365076,975,1053
365077,976,1051
365078,975,1049
365079,970,1051
365080,973,1053
365081,974,1054
365082,976,1056
365083,974,1052
365084,971,1052
365085,971,1055
365086,969,1056
365087,973,1059
365088,978,1058
365089,979,1055
365090,977,1054
365091,974,1051
365092,974,1054
365093,977,1056
365094,975,1055
365095,976,1052
365096,974,1050
365097,977,1052
365098,977,1052
365099,979,1057
365100,981,1054
365101,976,1053
365102,973,1049
365103,971,1051
365104,972,1055
365105,976,1059
365106,974,1057
365107,972,1054
365108,973,1053
365109,972,1054
365110,975,1056
365111,978,1057
365112,977,1055
365113,976,1054
365114,969,1052
365115,964,1053
365116,967,1056
365117,973,1058
365118,975,1055
365119,973,1053
365120,973,1052
365121,970,1054
365122,973,1058
365123,974,1060
365124,977,1058
365125,979,1056
365126,975,1053
365127,977,1054
365128,978,1057
365129,982,1058
365130,982,1057
365131,982,1053
365132,979,1048
365133,980,1052
365134,983,1052
365135,986,1054
365136,991,1050
365137,992,1044
365138,991,1040
365139,994,1037
365140,1001,1039
365141,1013,1035
365142,1028,1034
365143,1047,1030
365144,1068,1030
365145,1094,1024
365146,1130,1016
365147,1169,1007
365148,1213,1005
365149,1249,1010
365150,1274,1022
365151,1282,1045
365152,1266,1062
365153,1228,1069
365154,1169,1069
365155,1105,1072
365156,1044,1082
365157,995,1091
365158,965,1100
365159,956,1100
365160,964,1088
365161,969,1076
365162,966,1065
365163,966,1061
365164,970,1060
365165,970,1060
365166,970,1055
365167,964,1053
365168,962,1050
365169,960,1051
365170,959,1056
365171,961,1058
365172,961,1054
365173,960,1050
365174,955,1048
365175,958,1049
365176,960,1052
365177,964,1055
365178,968,1051
365179,962,1051
365180,954,1047
365181,957,1047
365182,961,1053
365183,962,1055
365184,964,1056
365185,962,1051
365186,959,1049
365187,954,1048
365188,956,1050
365189,964,1054
365190,962,1052
365191,960,1050
365192,957,1046
365193,955,1051
365194,959,1052
365195,965,1054
365196,968,1050
365197,963,1050
365198,955,1047
365199,954,1048
365200,957,1052
365201,960,1055
365202,961,1051
365203,960,1048
365204,958,1046
365205,958,1047
365206,959,1047
365207,960,1048
365208,962,1048
365209,963,1043
365210,960,1041
365211,957,1044
365212,957,1043
365213,963,1041
365214,967,1039
365215,970,1035
365216,967,1030
365217,963,1029
365218,962,1030
365219,969,1030
365220,974,1026
365221,975,1019
365222,977,1018
365223,979,1018
365224,983,1017
365225,983,1018
365226,985,1015
365227,980,1012
365228,977,1010
365229,979,1010
365230,983,1012
365231,987,1013
365232,990,1010
365233,988,1007
365234,990,1004
365235,991,1005
365236,995,1007
365237,997,1008
365238,997,1008
365239,996,1005
365240,994,1005
365241,995,1008
365242,1003,1008
365243,1008,1010
365244,1009,1010
365245,1006,1010
365246,1002,1009
365247,1003,1013
365248,1008,1019
365249,1010,1023
365250,1010,1021
365251,1008,1021
365252,1006,1022
365253,1006,1025
365254,1005,1028
365255,1006,1035
365256,1006,1034
365257,1003,1035
365258,997,1033
365259,995,1040
365260,998,1041
365261,998,1046
365262,997,1045
365263,993,1047
365264,988,1045
365265,986,1044
365266,988,1050
365267,990,1054
365268,987,1051
365269,985,1050
365270,981,1049
365271,980,1050
365272,983,1052
365273,986,1054
365274,985,1052
365275,984,1047
365276,981,1046
365277,979,1048
365278,982,1049
365279,981,1052
365280,980,1053
365281,984,1053
365282,980,1051
365283,982,1050
365284,982,1053
365285,985,1057
365286,987,1055
365287,985,1054
365288,982,1051
365289,984,1054
365290,984,1057
365291,989,1058
365292,990,1056
365293,992,1054
365294,990,1051
365295,989,1054
365296,993,1055
365297,998,1057
365298,997,1053
365299,994,1052
365300,991,1050
365301,992,1053
365302,997,1053
365303,1000,1054
365304,1000,1054
365305,999,1048
365306,997,1047
365307,996,1049
365308,996,1051
365309,997,1053
365310,999,1051
365311,995,1049
365312,993,1047
365313,992,1050
365314,993,1053
365315,996,1052
365316,996,1053
365317,993,1050
365318,994,1050
365319,990,1048
365320,993,1051
365321,999,1051
365322,998,1052
365323,997,1052
365324,995,1050
365325,995,1050
365326,998,1053
365327,998,1052
365328,997,1050
365329,990,1047
365330,986,1043
365331,987,1045
365332,990,1049
365333,989,1050
365334,993,1050
365335,990,1049
365336,988,1048
365337,989,1052
365338,989,1053
365339,995,1056
365340,997,1055
365341,995,1054
365342,993,1053
365343,989,1054
365344,990,1055
365345,994,1057
365346,993,1058
365347,992,1054
365348,991,1051
365349,990,1054
365350,989,1055
365351,994,1057
365352,993,1058
365353,991,1055
365354,989,1051
365355,989,1055
365356,991,1055
365357,992,1059
365358,994,1055
365359,994,1054
365360,992,1052
365361,989,1052
365362,988,1056
365363,991,1056
365364,994,1055
365365,995,1051
365366,993,1050
365367,992,1051
365368,996,1050
365369,998,1057
365370,997,1056
365371,993,1052
365372,990,1050
365373,992,1053
365374,996,1056
365375,1000,1059
365376,999,1056
365377,999,1052
365378,996,1051
365379,1002,1047
365380,1010,1043
365381,1021,1045
365382,1033,1041
365383,1048,1035
365384,1070,1036
365385,1098,1033
365386,1133,1028
365387,1173,1023
365388,1213,1015
365389,1249,1017
365390,1278,1027
365391,1299,1049
365392,1295,1070
365393,1268,1082
365394,1218,1083
365395,1160,1081
365396,1097,1090
365397,1036,1102
365398,989,1116
365399,968,1123
365400,970,1116
365401,981,1105
365402,986,1089
365403,990,1078
365404,992,1072
365405,993,1071
365406,993,1066
365407,988,1061
365408,983,1059
365409,981,1058
365410,981,1058
365411,985,1061
365412,980,1057
365413,979,1055
365414,976,1051
365415,972,1054
365416,978,1056
365417,980,1057
365418,981,1058
365419,975,1055
365420,976,1053
365421,973,1054
365422,976,1058
365423,979,1060
365424,981,1057
365425,980,1054
365426,979,1054
365427,979,1053
365428,978,1057
365429,980,1059
365430,982,1059
365431,979,1057
365432,980,1057
365433,980,1057
365434,981,1062
365435,986,1065
365436,986,1063
365437,982,1059
365438,980,1056
365439,979,1057
365440,981,1058
365441,985,1061
365442,984,1059
365443,984,1055
365444,981,1051
365445,981,1051
365446,985,1053
365447,986,1055
365448,986,1050
365449,987,1046
365450,984,1041
365451,983,1042
365452,986,1043
365453,991,1042
365454,991,1037
365455,990,1036
365456,989,1030
365457,990,1031
365458,992,1030
365459,996,1030
365460,1000,1026
365461,999,1026
365462,1001,1022
365463,1002,1021
365464,1007,1020
365465,1010,1019
365466,1009,1019
365467,1007,1016
365468,1002,1014
365469,1006,1017
365470,1009,1018
365471,1011,1018
365472,1011,1016
365473,1013,1014
365474,1013,1015
365475,1008,1018
365476,1010,1020
365477,1018,1021
365478,1020,1021
365479,1020,1021
365480,1018,1016
365481,1016,1020
365482,1018,1023
365483,1021,1029
365484,1023,1028
365485,1017,1027
365486,1014,1028
365487,1011,1033
365488,1014,1036
365489,1017,1039
365490,1016,1040
365491,1016,1037
365492,1009,1038
365493,1008,1041
365494,1006,1047
365495,1006,1049
365496,1008,1049
365497,1006,1049
365498,1000,1047
365499,997,1052
365500,999,1055
365501,999,1059
365502,1002,1057
365503,997,1058
365504,993,1055
365505,992,1059
365506,992,1063
365507,995,1064
365508,994,1062
365509,995,1058
365510,991,1059
365511,991,1060
365512,996,1065
365513,996,1068
365514,995,1067
365515,998,1064
365516,992,1067
365517,997,1069
365518,1002,1071
365519,1004,1073
365520,1001,1069
365521,1003,1068
365522,1001,1064
365523,1000,1063
365524,1002,1067
365525,1005,1065
365526,1006,1066
365527,1003,1064
365528,1005,1061
365529,1004,1061
365530,1009,1063
365531,1013,1063
365532,1016,1064
365533,1019,1062
365534,1022,1061
365535,1023,1061
365536,1028,1067
365537,1036,1068
365538,1036,1070
365539,1040,1068
365540,1045,1066
365541,1055,1065
365542,1069,1054
365543,1082,1042
365544,1095,1025
365545,1104,1009
365546,1118,990
365547,1134,983
365548,1152,971
365549,1169,954
365550,1183,933
365551,1197,909
365552,1211,891
365553,1223,878
365554,1237,872
365555,1245,860
365556,1251,852
365557,1247,848
365558,1245,849
365559,1241,851
365560,1242,851
365561,1236,854
365562,1228,851
365563,1210,851
365564,1192,857
365565,1176,864
365566,1159,875
365567,1139,887
365568,1123,897
365569,1107,905
365570,1093,915
365571,1080,930
365572,1077,944
365573,1078,961
365574,1075,970
365575,1073,981
365576,1071,986
365577,1081,999
365578,1095,1007
365579,1108,1012
365580,1115,1015
365581,1107,1017
365582,1082,1021
365583,1043,1029
365584,1009,1043
365585,982,1058
365586,965,1073
365587,956,1085
365588,949,1096
365589,948,1104
365590,945,1109
365591,940,1115
365592,934,1115
365593,932,1116
365594,923,1119
365595,923,1123
365596,922,1127
365597,924,1133
365598,923,1131
365599,920,1130
365600,914,1129
365601,912,1133
365602,910,1138
365603,911,1142
365604,908,1142
365605,902,1144
365606,894,1147
365607,894,1151
365608,894,1157
365609,894,1160
365610,893,1162
365611,888,1163
365612,883,1165
365613,881,1169
365614,880,1173
365615,878,1176
365616,877,1175
365617,876,1176
365618,872,1175
365619,873,1181
365620,875,1185
365621,878,1190
365622,877,1190
365623,871,1190
365624,867,1191
365625,868,1196
365626,872,1199
365627,876,1205
365628,874,1206
365629,875,1204
365630,875,1203
365631,875,1207
365632,879,1210
365633,884,1213
365634,886,1208
365635,890,1208
365636,889,1206
365637,891,1206
365638,897,1205
365639,906,1207
365640,912,1202
365641,915,1194
365642,915,1190
365643,919,1188
365644,926,1186
365645,933,1183
365646,939,1178
365647,944,1172
365648,947,1166
365649,951,1160
365650,959,1157
365651,965,1155
365652,969,1146
365653,968,1142
365654,969,1134
365655,969,1131
365656,972,1130
365657,980,1129
365658,980,1122
365659,978,1117
365660,979,1111
365661,980,1109
365662,980,1105
365663,984,1106
365664,985,1103
365665,983,1097
365666,978,1092
365667,980,1091
365668,982,1089
365669,984,1090
365670,984,1087
365671,981,1082
365672,978,1076
365673,976,1082
365674,976,1082
365675,982,1082
365676,985,1079
365677,981,1077
365678,976,1075
365679,976,1076
365680,979,1077
365681,984,1079
365682,984,1075
365683,983,1070
365684,980,1071
365685,979,1067
365686,982,1070
365687,985,1071
365688,986,1069
365689,983,1064
365690,983,1061
365691,983,1065
365692,987,1067
365693,990,1067
365694,992,1067
365695,992,1061
365696,989,1061
365697,993,1061
365698,991,1062
365699,994,1064
365700,994,1064
365701,993,1060
365702,990,1055
365703,991,1059
365704,992,1063
365705,996,1064
365706,996,1064
365707,997,1060
365708,991,1058
365709,995,1059
365710,995,1063
365711,998,1062
365712,996,1060
365713,994,1057
365714,990,1057
365715,991,1055
365716,994,1059
365717,996,1061
365718,993,1061
365719,995,1058
365720,990,1057
365721,991,1060
365722,991,1061
365723,995,1062
365724,992,1060
365725,993,1057
365726,992,1057
365727,991,1061
365728,994,1063
365729,998,1063
365730,1001,1061
365731,994,1056
365732,992,1057
365733,993,1059
365734,993,1061
365735,999,1061
365736,998,1059
365737,994,1056
365738,992,1055
365739,995,1057
365740,997,1059
365741,998,1059
365742,998,1057
365743,995,1054
365744,994,1054
365745,995,1056
365746,998,1056
365747,1003,1059
365748,1003,1055
365749,1000,1055
365750,996,1051
365751,1000,1053
365752,1001,1058
365753,1005,1058
365754,1004,1057
365755,1002,1054
365756,999,1055
365757,999,1054
365758,1001,1058
365759,1000,1060
365760,1000,1060
365761,997,1057
365762,997,1053
365763,994,1055
365764,997,1058
365765,1001,1057
365766,1001,1057
365767,1000,1053
365768,997,1052
365769,995,1054
365770,999,1056
365771,1003,1058
365772,1002,1058
365773,1001,1054
365774,994,1053
365775,995,1056
365776,998,1058
365777,998,1058
365778,1001,1058
365779,997,1056
365780,996,1056
365781,994,1056
365782,997,1057
365783,996,1060
365784,997,1058
365785,996,1057
365786,994,1052
365787,996,1055
365788,995,1057
365789,999,1058
365790,998,1058
365791,997,1057
365792,995,1055
365793,998,1057
365794,1000,1055
365795,1002,1057
365796,1001,1055
365797,1001,1051
365798,997,1050
365799,998,1049
365800,1000,1054
365801,1002,1055
365802,1001,1055
365803,1000,1051
365804,1003,1051
365805,1002,1051
365806,1003,1054
365807,1001,1056
365808,1001,1053
365809,1001,1052
365810,1000,1048
365811,999,1051
365812,1001,1052
365813,1004,1055
365814,1006,1053
365815,1003,1053
365816,1001,1051
365817,1003,1052
365818,1005,1054
365819,1002,1059
365820,1002,1059
365821,998,1055
365822,999,1053
365823,1002,1057
365824,1004,1060
365825,1008,1062
365826,1003,1059
365827,1003,1057
365828,1000,1057
365829,1001,1057
365830,1003,1058
365831,1005,1060
365832,1004,1057
365833,1004,1055
365834,1002,1054
365835,999,1055
365836,1000,1059
365837,1005,1062
365838,1003,1057
365839,1004,1054
365840,996,1054
365841,997,1056
365842,999,1057
365843,1003,1058
365844,1005,1055
365845,1002,1051
365846,998,1049
365847,998,1052
365848,1000,1054
365849,1003,1055
365850,1003,1053
365851,1002,1051
365852,1001,1050
365853,1002,1054
365854,1006,1055
365855,1008,1054
365856,1008,1053
365857,1007,1051
365858,1006,1048
365859,1001,1048
365860,1004,1052
365861,1009,1052
365862,1012,1050
365863,1011,1048
365864,1007,1046
365865,1009,1047
365866,1015,1047
365867,1022,1047
365868,1034,1042
365869,1047,1036
365870,1059,1033
365871,1076,1034
365872,1098,1035
365873,1129,1029
365874,1163,1017
365875,1193,1008
365876,1224,1003
365877,1256,1005
365878,1287,1017
365879,1300,1039
365880,1285,1053
365881,1245,1058
365882,1190,1059
365883,1133,1068
365884,1085,1078
365885,1043,1084
365886,1015,1086
365887,1002,1083
365888,1001,1074
365889,1006,1067
365890,1012,1060
365891,1010,1057
365892,1005,1053
365893,1000,1050
365894,996,1047
365895,994,1050
365896,989,1054
365897,992,1054
365898,995,1054
365899,993,1052
365900,986,1052
365901,986,1054
365902,986,1058
365903,990,1059
365904,984,1059
365905,983,1056
365906,981,1058
365907,980,1057
365908,983,1059
365909,982,1061
365910,982,1059
365911,978,1055
365912,974,1051
365913,974,1056
365914,977,1059
365915,982,1058
365916,984,1057
365917,981,1054
365918,979,1052
365919,981,1052
365920,984,1058
365921,988,1059
365922,988,1055
365923,988,1053
365924,986,1052
365925,981,1053
365926,982,1054
365927,984,1055
365928,985,1054
365929,986,1050
365930,984,1049
365931,985,1050
365932,986,1053
365933,989,1053
365934,990,1051
365935,986,1048
365936,986,1045
365937,984,1044
365938,986,1043
365939,992,1047
365940,990,1042
365941,992,1040
365942,988,1038
365943,986,1038
365944,991,1042
365945,996,1042
365946,993,1039
365947,994,1035
365948,993,1032
365949,994,1033
365950,997,1033
365951,1002,1034
365952,1003,1030
365953,1002,1028
365954,998,1024
365955,997,1023
365956,1003,1024
365957,1005,1024
365958,1008,1020
365959,1005,1018
365960,1005,1015
365961,1006,1017
365962,1007,1017
365963,1010,1020
365964,1010,1015
365965,1007,1013
365966,1007,1013
365967,1006,1014
365968,1012,1016
365969,1018,1018
365970,1021,1019
365971,1016,1015
365972,1019,1014
365973,1021,1015
365974,1021,1020
365975,1023,1019
365976,1029,1020
365977,1026,1018
365978,1024,1017
365979,1027,1019
365980,1031,1021
365981,1033,1024
365982,1033,1023
365983,1030,1021
365984,1027,1022
365985,1026,1025
365986,1027,1031
365987,1027,1033
365988,1025,1033
365989,1022,1033
365990,1018,1033
365991,1018,1035
365992,1019,1044
365993,1019,1044
365994,1017,1043
365995,1012,1043
365996,1007,1043
365997,1006,1048
365998,1004,1050
365999,1009,1051
366000,1008,1052
366001,1004,1048
366002,1000,1048
366003,1000,1049
366004,1003,1052
366005,1003,1053
366006,1002,1054
366007,999,1052
366008,995,1052
366009,992,1054
366010,995,1055
366011,997,1058
366012,996,1056
366013,994,1054
366014,992,1055
366015,992,1056
366016,994,1056
366017,997,1062
366018,997,1060
366019,996,1056
366020,995,1057
366021,997,1058
366022,1001,1062
366023,1004,1064
366024,1005,1064
366025,1003,1062
366026,1001,1059
366027,1000,1062
366028,1001,1065
366029,1004,1065
366030,1006,1062
366031,1005,1059
366032,1003,1057
366033,1002,1059
366034,1004,1062
366035,1006,1061
366036,1007,1059
366037,1005,1058
366038,1001,1057
366039,1003,1058
366040,1006,1059
366041,1008,1058
366042,1008,1058
366043,1005,1055
366044,1002,1056
366045,1002,1054
366046,1002,1056
366047,1005,1058
366048,1005,1053
366049,1001,1050
366050,1001,1049
366051,1001,1051
366052,1002,1050
366053,1001,1053
366054,1002,1051
366055,997,1050
366056,996,1048
366057,995,1049
366058,998,1052
366059,1002,1053
366060,1001,1051
366061,999,1046
366062,995,1045
366063,995,1047
366064,999,1052
366065,1001,1052
366066,1000,1051
366067,997,1049
366068,993,1050
366069,995,1053
366070,994,1057
366071,999,1057
366072,1001,1055
366073,999,1053
366074,995,1053
366075,998,1055
366076,999,1058
366077,1001,1061
366078,1000,1060
366079,996,1056
366080,995,1057
366081,991,1061
366082,994,1062
366083,1000,1062
366084,1000,1061
366085,1000,1059
366086,998,1055
366087,996,1059
366088,997,1060
366089,998,1064
366090,997,1063
366091,997,1059
366092,997,1058
366093,995,1060
366094,999,1062
366095,999,1062
366096,997,1062
366097,996,1056
366098,991,1056
366099,993,1056
366100,994,1060
366101,998,1061
366102,999,1061
366103,993,1058
366104,991,1057
366105,989,1058
366106,991,1061
366107,996,1062
366108,996,1059
366109,993,1058
366110,993,1054
366111,989,1058
366112,992,1058
366113,994,1061
366114,991,1058
366115,989,1057
366116,987,1058
366117,990,1058
366118,995,1059
366119,996,1063
366120,996,1061
366121,993,1060
366122,987,1060
366123,989,1062
366124,993,1064
366125,996,1065
366126,995,1064
366127,996,1061
366128,992,1063
366129,992,1061
366130,996,1066
366131,999,1065
366132,998,1065
366133,997,1061
366134,993,1060
366135,994,1062
366136,994,1064
366137,997,1066
366138,998,1064
366139,994,1062
366140,993,1060
366141,991,1064
366142,994,1067
366143,996,1068
366144,997,1064
366145,997,1062
366146,996,1060
366147,997,1063
366148,999,1064
366149,1000,1064
366150,996,1062
366151,993,1059
366152,989,1057
366153,990,1060
366154,993,1065
366155,1001,1063
366156,1002,1061
366157,997,1057
366158,993,1055
366159,992,1056
366160,994,1062
366161,998,1064
366162,999,1060
366163,994,1058
366164,987,1054
366165,993,1055
366166,999,1058
366167,1001,1059
366168,1000,1054
366169,999,1052
366170,996,1049
366171,997,1048
366172,1010,1046
366173,1023,1045
366174,1033,1043
366175,1043,1036
366176,1060,1034
366177,1085,1032
366178,1115,1027
366179,1149,1021
366180,1185,1011
366181,1221,1008
366182,1249,1010
366183,1273,1027
366184,1283,1050
366185,1271,1067
366186,1237,1074
366187,1193,1074
366188,1140,1074
366189,1090,1083
366190,1044,1096
366191,1012,1102
366192,990,1104
366193,981,1098
366194,980,1092
366195,983,1084
366196,987,1074
366197,995,1073
366198,996,1062
366199,987,1057
366200,984,1055
366201,980,1055
366202,978,1055
366203,981,1053
366204,981,1055
366205,978,1053
366206,976,1050
366207,977,1052
366208,979,1055
366209,977,1055
366210,976,1054
366211,975,1051
366212,971,1049
366213,968,1052
366214,970,1056
366215,973,1058
366216,968,1055
366217,968,1056
366218,963,1055
366219,962,1054
366220,965,1056
366221,968,1057
366222,965,1058
366223,966,1053
366224,963,1052
366225,965,1053
366226,970,1054
366227,971,1057
366228,971,1053
366229,969,1049
366230,967,1049
366231,970,1050
366232,972,1053
366233,973,1055
366234,970,1055
366235,970,1050
366236,972,1049
366237,973,1049
366238,974,1053
366239,978,1052
366240,976,1047
366241,975,1045
366242,970,1042
366243,968,1045
366244,970,1046
366245,973,1042
366246,978,1043
366247,978,1039
366248,976,1033
366249,974,1037
366250,978,1034
366251,982,1039
366252,984,1036
366253,985,1032
366254,986,1028
366255,989,1027
366256,993,1027
366257,997,1027
366258,995,1023
366259,991,1018
366260,987,1015
366261,987,1013
366262,988,1015
366263,993,1015
366264,997,1014
366265,995,1010
366266,993,1007
366267,995,1007
366268,994,1010
366269,996,1012
366270,997,1007
366271,996,1004
366272,995,1000
366273,995,1004
366274,993,1007
366275,997,1010
366276,1000,1008
366277,1000,1006
366278,998,1006
366279,1003,1009
366280,1009,1009
366281,1011,1011
366282,1010,1011
366283,1012,1013
366284,1011,1013
366285,1010,1015
366286,1007,1020
366287,1010,1023
366288,1007,1024
366289,1003,1026
366290,1006,1025
366291,1006,1029
366292,1007,1033
366293,1009,1037
366294,1006,1036
366295,1002,1037
366296,996,1035
366297,994,1041
366298,992,1046
366299,995,1048
366300,991,1048
366301,996,1047
366302,991,1047
366303,993,1052
366304,993,1057
366305,995,1061
366306,997,1057
366307,997,1053
366308,992,1052
366309,991,1056
366310,992,1058
366311,994,1060
366312,996,1056
366313,991,1054
366314,991,1051
366315,990,1054
366316,992,1057
366317,992,1060
366318,996,1056
366319,995,1053
366320,995,1052
366321,996,1057
366322,1007,1061
366323,1013,1063
366324,1019,1065
366325,1022,1062
366326,1024,1063
366327,1030,1067
366328,1039,1065
366329,1051,1063
366330,1066,1054
366331,1077,1037
366332,1088,1022
366333,1099,1011
366334,1115,1000
366335,1131,987
366336,1143,970
366337,1155,955
366338,1164,941
366339,1179,923
366340,1193,905
366341,1211,890
366342,1226,876
366343,1238,858
366344,1245,848
366345,1252,842
366346,1253,846
366347,1253,849
366348,1252,850
366349,1248,850
366350,1241,851
366351,1229,853
366352,1220,859
366353,1203,865
366354,1185,869
366355,1167,875
366356,1146,885
366357,1122,897
366358,1106,911
366359,1092,924
366360,1082,936
366361,1071,943
366362,1065,958
366363,1063,973
366364,1063,986
366365,1063,995
366366,1060,1006
366367,1058,1011
366368,1059,1018
366369,1066,1025
366370,1075,1029
366371,1073,1028
366372,1070,1023
366373,1047,1024
366374,1017,1027
366375,990,1036
366376,974,1048
366377,959,1060
366378,948,1070
366379,939,1078
366380,934,1084
366381,932,1092
366382,932,1098
366383,929,1102
366384,927,1103
366385,923,1104
366386,918,1104
366387,914,1107
366388,914,1112
366389,913,1115
366390,911,1113
366391,906,1115
366392,898,1114
366393,898,1116
366394,901,1122
366395,900,1123
366396,899,1125
366397,894,1126
366398,892,1124
366399,890,1129
366400,891,1132
366401,891,1137
366402,892,1137
366403,884,1137
366404,879,1136
366405,879,1139
366406,882,1141
366407,883,1145
366408,879,1148
366409,878,1147
366410,875,1147
366411,874,1152
366412,873,1156
366413,876,1159
366414,872,1161
366415,870,1161
366416,867,1162
366417,867,1166
366418,869,1172
366419,873,1177
366420,870,1178
366421,867,1174
366422,863,1174
366423,862,1176
366424,860,1178
366425,863,1181
366426,864,1182
366427,867,1183
366428,866,1182
366429,868,1187
366430,871,1189
366431,876,1190
366432,879,1186
366433,877,1185
366434,877,1184
366435,885,1187
366436,890,1188
366437,896,1186
366438,896,1183
366439,894,1181
366440,895,1176
366441,900,1177
366442,908,1178
366443,911,1176
366444,914,1173
366445,917,1166
366446,917,1163
366447,920,1158
366448,927,1159
366449,935,1154
366450,938,1148
366451,941,1140
366452,940,1135
366453,939,1134
366454,946,1134
366455,952,1129
366456,956,1123
366457,956,1114
366458,956,1111
366459,960,1110
366460,964,1105
366461,966,1103
366462,970,1098
366463,967,1091
366464,965,1087
366465,966,1086
366466,970,1088
366467,973,1085
366468,973,1083
366469,971,1080
366470,973,1074
366471,973,1070
366472,978,1068
366473,981,1070
366474,980,1066
366475,979,1062
366476,976,1058
366477,973,1057
366478,977,1058
366479,982,1059
366480,980,1060
366481,976,1060
366482,975,1057
366483,976,1061
366484,976,1061
366485,982,1064
366486,982,1062
366487,985,1062
366488,984,1060
366489,985,1063
366490,986,1065
366491,991,1067
366492,988,1065
366493,986,1063
366494,981,1061
366495,987,1064
366496,988,1066
366497,992,1068
366498,990,1066
366499,991,1064
366500,990,1062
366501,993,1062
366502,996,1064
366503,999,1066
366504,998,1066
366505,992,1064
366506,990,1060
366507,991,1063
366508,995,1064
366509,999,1066
366510,999,1063
366511,997,1059
366512,993,1057
366513,990,1060
366514,991,1061
366515,996,1061
366516,996,1058
366517,994,1055
366518,992,1053
366519,992,1054
366520,995,1057
366521,995,1057
366522,995,1054
366523,993,1053
366524,988,1054
366525,987,1053
366526,991,1056
366527,995,1058
366528,995,1055
366529,993,1053
366530,989,1051
366531,989,1053
366532,991,1056
366533,992,1058
366534,991,1056
366535,991,1055
366536,992,1054
366537,992,1058
366538,997,1060
366539,998,1060
366540,996,1060
366541,992,1059
366542,989,1059
366543,991,1063
366544,996,1066
366545,995,1066
366546,999,1064
366547,1000,1060
366548,994,1063
366549,997,1068
366550,996,1070
366551,1000,1067
366552,999,1064
366553,998,1062
366554,996,1060
366555,998,1062
366556,1000,1065
366557,1004,1068
366558,1003,1063
366559,999,1061
366560,993,1058
366561,995,1060
366562,997,1062
366563,1000,1063
366564,999,1061
366565,996,1057
366566,993,1056
366567,994,1058
366568,996,1062
366569,1000,1062
366570,1000,1060
366571,1000,1056
366572,998,1055
366573,997,1054
366574,1000,1053
366575,1003,1056
366576,998,1054
366577,1001,1051
366578,995,1049
366579,992,1052
366580,997,1058
366581,999,1058
366582,998,1056
366583,996,1053
366584,994,1051
366585,990,1054
366586,994,1058
366587,996,1059
366588,995,1060
366589,993,1055
366590,993,1055
366591,995,1056
366592,999,1055
366593,1000,1058
366594,996,1057
366595,993,1054
366596,991,1054
366597,988,1057
366598,995,1059
366599,997,1062
366600,997,1064
366601,993,1060
366602,991,1060
366603,992,1063
366604,997,1065
366605,999,1064
366606,1001,1062
366607,999,1059
366608,996,1058
366609,995,1059
366610,997,1062
366611,1000,1065
366612,999,1065
366613,998,1063
366614,994,1061
366615,995,1062
366616,997,1064
366617,997,1063
366618,997,1060
366619,989,1057
366620,990,1055
366621,991,1056
366622,996,1060
366623,1001,1059
366624,1002,1058
366625,1000,1057
366626,996,1054
366627,995,1055
366628,995,1060
366629,999,1059
366630,999,1060
366631,993,1057
366632,991,1055
366633,989,1060
366634,992,1064
366635,996,1066
366636,997,1064
366637,997,1059
366638,995,1055
366639,996,1055
366640,996,1056
366641,999,1059
366642,998,1058
366643,993,1053
366644,993,1051
366645,991,1055
366646,994,1055
366647,1000,1058
366648,1001,1055
366649,997,1053
366650,990,1050
366651,993,1053
366652,994,1057
366653,1000,1062
366654,999,1058
366655,997,1056
366656,997,1054
366657,997,1057
366658,999,1059
366659,1003,1059
366660,1003,1056
366661,997,1055
366662,999,1055
366663,1001,1059
366664,1003,1060
366665,1003,1062
366666,1001,1056
366667,998,1057
366668,996,1052
366669,1000,1055
366670,1003,1057
366671,1008,1058
366672,1008,1055
366673,1005,1048
366674,999,1047
366675,998,1052
366676,999,1053
366677,1004,1054
366678,1004,1054
366679,1002,1051
366680,1001,1049
366681,1001,1049
366682,1009,1051
366683,1015,1049
366684,1024,1043
366685,1031,1039
366686,1043,1037
366687,1063,1036
366688,1089,1035
366689,1116,1031
366690,1145,1022
366691,1178,1012
366692,1212,1005
366693,1251,1009
366694,1285,1020
366695,1304,1036
366696,1301,1053
366697,1278,1061
366698,1234,1065
366699,1181,1071
366700,1132,1076
366701,1085,1086
366702,1039,1089
366703,1006,1092
366704,984,1090
366705,979,1090
366706,983,1087
366707,992,1078
366708,998,1069
366709,994,1056
366710,994,1055
366711,991,1054
366712,991,1054
366713,993,1057
366714,989,1054
366715,986,1050
366716,983,1051
366717,984,1053
366718,985,1055
366719,989,1057
366720,988,1053
366721,984,1052
366722,981,1050
366723,980,1053
366724,985,1055
366725,988,1056
366726,983,1054
366727,982,1047
366728,980,1046
366729,978,1051
366730,981,1050
366731,982,1054
366732,980,1054
366733,977,1049
366734,974,1051
366735,974,1056
366736,977,1058
366737,982,1058
366738,978,1056
366739,974,1053
366740,974,1050
366741,975,1051
366742,977,1053
366743,980,1053
366744,977,1051
366745,976,1050
366746,973,1049
366747,974,1049
366748,979,1052
366749,979,1051
366750,977,1049
366751,978,1048
366752,975,1045
366753,976,1048
366754,982,1049
366755,981,1050
366756,979,1047
366757,978,1042
366758,977,1042
366759,975,1045
366760,974,1048
366761,975,1050
366762,977,1047
366763,975,1043
366764,974,1038
366765,979,1037
366766,983,1036
366767,987,1032
366768,986,1027
366769,985,1024
366770,984,1020
366771,988,1021
366772,992,1022
366773,997,1023
366774,1002,1019
366775,998,1016
366776,996,1012
366777,996,1014
366778,998,1017
366779,1002,1016
366780,1002,1014
366781,1001,1011
366782,998,1007
366783,999,1009
366784,1005,1011
366785,1006,1012
366786,1003,1007
366787,998,1005
366788,996,1002
366789,1002,1005
366790,1010,1005
366791,1015,1006
366792,1012,1004
366793,1008,999
366794,1007,1000
366795,1007,1002
366796,1011,1005
366797,1016,1005
366798,1013,1004
366799,1005,1000
366800,1003,1005
366801,1006,1010
366802,1013,1013
366803,1017,1015
366804,1017,1013
366805,1015,1012
366806,1011,1013
366807,1012,1015
366808,1017,1023
366809,1016,1027
366810,1012,1024
366811,1016,1025
366812,1012,1027
366813,1010,1031
366814,1012,1038
366815,1011,1040
366816,1008,1039
366817,1004,1038
366818,1003,1040
366819,1001,1045
366820,1006,1049
366821,1005,1051
366822,1005,1051
366823,1001,1048
366824,998,1047
366825,995,1051
366826,999,1052
366827,1001,1053
366828,1000,1053
366829,995,1052
366830,996,1051
366831,997,1049
366832,997,1053
366833,1000,1057
366834,1001,1053
366835,996,1049
366836,990,1049
366837,995,1053
366838,999,1055
366839,1002,1055
366840,997,1052
366841,991,1051
366842,991,1051
366843,993,1056
366844,995,1057
366845,999,1057
366846,997,1055
366847,992,1049
366848,993,1045
366849,991,1043
366850,992,1047
366851,993,1045
366852,991,1043
366853,991,1041
366854,989,1040
366855,989,1048
366856,992,1053
366857,996,1055
366858,997,1051
366859,994,1046
366860,991,1041
366861,988,1040
366862,993,1038
366863,998,1038
366864,997,1035
366865,996,1033
366866,988,1030
366867,992,1034
366868,996,1038
366869,997,1039
366870,999,1039
366871,996,1037
366872,995,1037
366873,991,1039
366874,995,1042
366875,999,1047
366876,997,1045
366877,996,1041
366878,994,1044
366879,991,1046
366880,995,1048
366881,999,1051
366882,1001,1047
366883,999,1044
366884,1002,1046
366885,1000,1048
366886,998,1048
366887,999,1051
366888,997,1048
366889,991,1048
366890,987,1045
366891,991,1048
366892,995,1052
366893,997,1052
366894,1001,1052
366895,996,1049
366896,993,1046
366897,992,1048
366898,995,1052
366899,998,1051
366900,998,1051
366901,992,1046
366902,989,1044
366903,988,1044
366904,991,1049
366905,996,1050
366906,995,1049
366907,997,1047
366908,992,1046
366909,997,1049
366910,995,1051
366911,996,1050
366912,995,1047
366913,996,1047
366914,993,1049
366915,995,1050
366916,999,1053
366917,1003,1053
366918,1004,1044
366919,1005,1043
366920,1009,1039
366921,1018,1038
366922,1031,1041
366923,1048,1039
366924,1064,1038
366925,1088,1032
366926,1116,1024
366927,1149,1021
366928,1189,1019
366929,1225,1022
366930,1260,1030
366931,1285,1044
366932,1287,1064
366933,1270,1079
366934,1233,1083
366935,1184,1085
366936,1126,1087
366937,1065,1093
366938,1007,1105
366939,963,1116
366940,948,1122
366941,957,1120
366942,968,1106
366943,977,1089
366944,976,1077
366945,977,1072
366946,983,1065
366947,987,1061
366948,983,1057
366949,976,1052
366950,970,1052
366951,974,1050
366952,976,1050
366953,978,1049
366954,978,1044
366955,975,1041
366956,969,1037
366957,967,1040
366958,968,1040
366959,972,1040
366960,971,1040
366961,971,1037
366962,970,1038
366963,966,1040
366964,967,1044
366965,970,1046
366966,968,1044
366967,966,1045
366968,965,1044
366969,964,1045
366970,967,1049
366971,970,1051
366972,968,1047
366973,967,1046
366974,966,1046
366975,966,1051
366976,970,1053
366977,974,1053
366978,972,1053
366979,971,1052
366980,967,1049
366981,970,1051
366982,972,1053
366983,973,1052
366984,974,1052
366985,971,1047
366986,968,1048
366987,971,1050
366988,976,1050
366989,976,1050
366990,974,1049
366991,971,1045
366992,970,1043
366993,969,1043
366994,971,1045
366995,975,1044
366996,975,1038
366997,977,1034
366998,974,1033
366999,974,1033
367000,977,1034
367001,982,1033
367002,981,1030
367003,979,1025
367004,980,1021
367005,982,1019
367006,986,1019
367007,988,1018
367008,986,1013
367009,985,1011
367010,990,1008
367011,987,1007
367012,993,1006
367013,995,1007
367014,998,1002
367015,996,998
367016,996,997
367017,998,1002
367018,996,1004
367019,997,1004
367020,999,1004
367021,997,1002
367022,999,1002
367023,1000,1004
367024,1001,1008
367025,1008,1011
367026,1008,1011
367027,1006,1009
367028,1004,1013
367029,1004,1017
367030,1007,1019
367031,1011,1021
367032,1011,1022
367033,1005,1020
367034,1004,1020
367035,1002,1024
367036,1002,1028
367037,1003,1033
367038,1002,1033
367039,996,1034
367040,991,1033
367041,990,1036
367042,989,1041
367043,994,1044
367044,990,1044
367045,983,1047
367046,982,1048
367047,981,1049
367048,979,1056
367049,978,1059
367050,976,1055
367051,976,1051
367052,977,1048
367053,977,1050
367054,978,1054
367055,979,1054
367056,977,1052
367057,976,1051
367058,975,1050
367059,976,1053
367060,976,1053
367061,980,1056
367062,982,1054
367063,980,1052
367064,979,1053
367065,976,1057
367066,981,1059
367067,983,1059
367068,981,1058
367069,980,1056
367070,974,1056
367071,976,1060
367072,980,1059
367073,984,1063
367074,984,1061
367075,983,1059
367076,983,1060
367077,983,1063
367078,988,1064
367079,990,1064
367080,988,1063
367081,988,1061
367082,986,1061
367083,986,1063
367084,989,1066
367085,993,1068
367086,991,1063
367087,987,1059
367088,982,1054
367089,984,1058
367090,989,1059
367091,992,1061
367092,993,1060
367093,992,1058
367094,989,1057
367095,989,1060
367096,990,1060
367097,990,1062
367098,991,1059
367099,988,1059
367100,984,1057
367101,985,1060
367102,990,1063
367103,990,1062
367104,989,1061
367105,988,1058
367106,985,1058
367107,985,1055
367108,986,1059
367109,993,1058
367110,992,1056
367111,987,1051
367112,985,1051
367113,985,1054
367114,985,1055
367115,988,1058
367116,989,1055
367117,987,1053
367118,984,1051
367119,985,1055
367120,985,1056
367121,988,1061
367122,988,1059
367123,984,1055
367124,983,1055
367125,983,1057
367126,985,1060
367127,982,1062
367128,985,1061
367129,984,1059
367130,981,1058
367131,987,1064
367132,989,1067
367133,990,1069
367134,988,1067
367135,985,1065
367136,982,1064
367137,981,1066
367138,983,1071
367139,988,1070
367140,987,1067
367141,985,1065
367142,983,1064
367143,982,1063
367144,985,1066
367145,990,1065
367146,988,1062
367147,985,1060
367148,982,1063
367149,983,1065
367150,989,1066
367151,991,1065
367152,988,1064
367153,987,1061
367154,985,1061
367155,987,1065
367156,990,1067
367157,993,1066
367158,995,1065
367159,989,1059
367160,988,1058
367161,987,1059
367162,989,1062
367163,987,1061
367164,985,1059
367165,983,1056
367166,980,1058
367167,981,1059
367168,983,1064
367169,985,1066
367170,984,1067
367171,983,1065
367172,982,1063
367173,980,1064
367174,980,1069
367175,984,1067
367176,985,1066
367177,983,1065
367178,980,1066
367179,981,1063
367180,984,1068
367181,987,1068
367182,986,1067
367183,984,1066
367184,982,1067
367185,985,1068
367186,985,1070
367187,992,1070
367188,990,1067
367189,989,1065
367190,984,1066
367191,984,1068
367192,989,1068
367193,991,1067
367194,990,1063
367195,983,1060
367196,983,1062
367197,985,1061
367198,985,1065
367199,989,1066
367200,991,1064
367201,991,1061
367202,988,1058
367203,992,1060
367204,995,1062
367205,998,1062
367206,996,1062
367207,994,1059
367208,993,1059
367209,993,1061
367210,994,1063
367211,997,1063
367212,1000,1063
367213,999,1058
367214,999,1056
367215,1004,1055
367216,1016,1055
367217,1031,1052
367218,1046,1048
367219,1064,1042
367220,1084,1040
367221,1112,1036
367222,1146,1031
367223,1179,1025
367224,1214,1016
367225,1243,1014
367226,1263,1023
367227,1274,1044
367228,1267,1062
367229,1235,1072
367230,1183,1074
367231,1128,1077
367232,1075,1084
367233,1034,1089
367234,1002,1090
367235,995,1088
367236,995,1081
367237,992,1071
367238,996,1065
367239,995,1063
367240,993,1063
367241,991,1063
367242,987,1061
367243,983,1060
367244,983,1059
367245,978,1062
367246,981,1064
367247,981,1063
367248,982,1062
367249,976,1059
367250,971,1059
367251,971,1061
367252,972,1065
367253,975,1064
367254,971,1064
367255,971,1062
367256,967,1062
367257,966,1063
367258,970,1067
367259,974,1068
367260,972,1066
367261,969,1063
367262,965,1065
367263,966,1065
367264,967,1069
367265,970,1069
367266,970,1067
367267,966,1064
367268,967,1064
367269,966,1068
367270,969,1068
367271,973,1069
367272,971,1066
367273,968,1066
367274,967,1066
367275,964,1067
367276,967,1071
367277,972,1070
367278,972,1067
367279,968,1062
367280,968,1062
367281,970,1061
367282,972,1063
367283,973,1062
367284,972,1060
367285,969,1056
367286,972,1054
367287,973,1054
367288,974,1056
367289,977,1055
367290,979,1052
367291,981,1049
367292,978,1047
367293,981,1047
367294,985,1047
367295,990,1047
367296,989,1041
367297,988,1038
367298,988,1035
367299,989,1036
367300,993,1038
367301,996,1036
367302,997,1034
367303,998,1030
367304,992,1031
367305,991,1031
367306,998,1033
367307,999,1032
367308,998,1031
367309,996,1026
367310,992,1027
367311,995,1028
367312,999,1028
367313,1005,1030
367314,1003,1029
367315,1000,1026
367316,998,1027
367317,999,1025
367318,1002,1028
367319,1006,1029
367320,1008,1030
367321,1009,1025
367322,1005,1028
367323,1008,1030
367324,1010,1033
367325,1011,1033
367326,1010,1036
367327,1008,1033
367328,1005,1033
367329,1004,1040
367330,1001,1043
367331,1007,1045
367332,1003,1045
367333,1000,1046
367334,997,1047
367335,998,1051
367336,999,1056
367337,1003,1057
367338,999,1053
367339,995,1052
367340,992,1053
367341,994,1057
367342,993,1060
367343,994,1064
367344,992,1063
367345,989,1059
367346,988,1059
367347,988,1064
367348,993,1066
367349,994,1069
367350,994,1068
367351,989,1068
367352,986,1064
367353,989,1068
367354,992,1070
367355,996,1070
367356,997,1071
367357,998,1069
367358,1001,1066
367359,1006,1068
367360,1014,1074
367361,1019,1072
367362,1020,1075
367363,1026,1073
367364,1029,1071
367365,1038,1072
367366,1048,1067
367367,1062,1056
367368,1075,1039
367369,1088,1021
367370,1100,1006
367371,1116,993
367372,1135,982
367373,1156,962
367374,1171,940
367375,1183,917
367376,1197,890
367377,1217,871
367378,1235,853
367379,1245,844
367380,1249,832
367381,1241,827
367382,1239,823
367383,1237,823
367384,1232,822
367385,1229,818
367386,1215,814
367387,1195,811
367388,1171,814
367389,1151,824
367390,1130,832
367391,1113,845
367392,1090,857
367393,1074,870
367394,1058,888
367395,1053,909
367396,1051,928
367397,1048,945
367398,1046,955
367399,1043,964
367400,1038,976
367401,1043,993
367402,1056,1007
367403,1064,1014
367404,1061,1018
367405,1048,1021
367406,1027,1030
367407,1001,1041
367408,978,1053
367409,961,1067
367410,947,1077
367411,936,1085
367412,927,1095
367413,921,1107
367414,918,1112
367415,913,1113
367416,906,1115
367417,899,1117
367418,895,1121
367419,896,1125
367420,895,1129
367421,894,1131
367422,889,1131
367423,886,1130
367424,882,1132
367425,883,1136
367426,883,1138
367427,884,1140
367428,880,1137
367429,878,1140
367430,872,1140
367431,874,1145
367432,875,1148
367433,877,1149
367434,876,1151
367435,873,1149
367436,870,1151
367437,870,1154
367438,870,1159
367439,874,1162
367440,871,1161
367441,870,1162
367442,867,1163
367443,868,1166
367444,869,1172
367445,871,1174
367446,871,1176
367447,867,1176
367448,863,1180
367449,866,1182
367450,870,1185
367451,873,1187
367452,873,1188
367453,872,1185
367454,872,1188
367455,872,1191
367456,874,1192
367457,879,1195
367458,881,1193
367459,882,1190
367460,882,1188
367461,885,1189
367462,888,1191
367463,895,1191
367464,895,1188
367465,895,1185
367466,895,1181
367467,899,1183
367468,904,1180
367469,908,1176
367470,911,1171
367471,912,1164
367472,912,1159
367473,916,1159
367474,921,1155
367475,928,1151
367476,927,1144
367477,928,1138
367478,927,1130
367479,931,1127
367480,936,1126
367481,942,1122
367482,942,1117
367483,940,1110
367484,939,1106
367485,942,1104
367486,948,1103
367487,946,1098
367488,951,1094
367489,949,1091
367490,949,1086
367491,953,1083
367492,956,1083
367493,960,1079
367494,958,1077
367495,958,1072
367496,956,1071
367497,958,1071
367498,960,1071
367499,963,1070
367500,963,1068
367501,960,1063
367502,958,1065
367503,956,1066
367504,960,1070
367505,962,1071
367506,960,1067
367507,958,1065
367508,955,1062
367509,955,1063
367510,958,1065
367511,961,1065
367512,961,1062
367513,961,1059
367514,960,1057
367515,958,1059
367516,962,1065
367517,966,1063
367518,963,1061
367519,961,1060
367520,962,1057
367521,960,1059
367522,961,1062
367523,965,1062
367524,966,1062
367525,959,1056
367526,959,1056
367527,962,1057
367528,963,1057
367529,967,1058
367530,962,1055
367531,962,1052
367532,960,1050
367533,961,1057
367534,965,1058
367535,967,1058
367536,968,1059
367537,965,1052
367538,959,1051
367539,961,1051
367540,963,1054
367541,965,1048
367542,964,1050
367543,964,1046
367544,962,1046
367545,960,1049
367546,962,1052
367547,964,1053
367548,964,1053
367549,962,1050
367550,960,1047
367551,961,1051
367552,965,1052
367553,968,1053
367554,967,1051
367555,963,1049
367556,961,1047
367557,963,1051
367558,961,1051
367559,966,1052
367560,963,1049
367561,962,1046
367562,957,1045
367563,957,1050
367564,963,1052
367565,964,1050
367566,965,1050
367567,962,1047
367568,960,1049
367569,958,1050
367570,961,1051
367571,963,1052
367572,964,1050
367573,958,1048
367574,958,1050
367575,960,1048
367576,962,1052
367577,965,1052
367578,964,1051
367579,960,1048
367580,957,1046
367581,958,1052
367582,963,1054
367583,966,1055
367584,967,1053
367585,967,1052
367586,962,1053
367587,963,1056
367588,964,1060
367589,965,1060
367590,967,1059
367591,966,1054
367592,963,1052
367593,964,1050
367594,968,1054
367595,972,1053
367596,969,1052
367597,966,1051
367598,964,1050
367599,962,1053
367600,966,1053
367601,970,1052
367602,967,1049
367603,963,1047
367604,962,1047
367605,962,1047
367606,963,1049
367607,968,1050
367608,966,1045
367609,965,1045
367610,965,1044
367611,968,1044
367612,968,1048
367613,970,1048
367614,972,1045
367615,970,1042
367616,970,1042
367617,968,1048
367618,971,1051
367619,975,1051
367620,973,1048
367621,972,1045
367622,968,1049
367623,968,1049
367624,969,1051
367625,972,1051
367626,972,1050
367627,968,1048
367628,969,1050
367629,969,1050
367630,974,1055
367631,975,1054
367632,973,1050
367633,975,1047
367634,973,1046
367635,972,1048
367636,975,1054
367637,975,1052
367638,976,1049
367639,973,1046
367640,973,1046
367641,974,1047
367642,977,1051
367643,981,1050
367644,982,1049
367645,977,1046
367646,974,1046
367647,977,1046
367648,980,1050
367649,979,1050
367650,981,1048
367651,980,1045
367652,977,1046
367653,978,1046
367654,980,1047
367655,985,1049
367656,983,1044
367657,983,1042
367658,979,1040
367659,981,1044
367660,984,1048
367661,988,1047
367662,987,1046
367663,986,1042
367664,985,1042
367665,986,1045
367666,991,1047
367667,994,1044
367668,997,1042
367669,1000,1038
367670,1006,1035
367671,1016,1036
367672,1028,1035
367673,1046,1033
367674,1066,1027
367675,1088,1019
367676,1111,1011
367677,1141,1002
367678,1171,999
367679,1199,1003
367680,1222,1016
367681,1226,1032
367682,1217,1050
367683,1193,1061
367684,1153,1064
367685,1114,1073
367686,1072,1079
367687,1034,1085
367688,1002,1091
367689,989,1095
367690,988,1089
367691,991,1081
367692,991,1065
367693,989,1056
367694,984,1050
367695,983,1050
367696,983,1051
367697,983,1049
367698,981,1048
367699,976,1045
367700,971,1043
367701,970,1042
367702,970,1045
367703,971,1045
367704,967,1043
367705,963,1040
367706,964,1038
367707,961,1043
367708,962,1044
367709,962,1047
367710,961,1046
367711,960,1045
367712,957,1045
367713,959,1046
367714,962,1049
367715,964,1048
367716,964,1049
367717,964,1043
367718,963,1044
367719,964,1046
367720,966,1048
367721,968,1048
367722,967,1049
367723,965,1047
367724,964,1044
367725,965,1046
367726,969,1049
367727,972,1050
367728,970,1050
367729,968,1045
367730,967,1045
367731,970,1049
367732,973,1052
367733,975,1054
367734,974,1048
367735,975,1044
367736,972,1045
367737,972,1045
367738,973,1049
367739,979,1044
367740,978,1041
367741,976,1038
367742,974,1033
367743,975,1034
367744,977,1034
367745,981,1033
367746,979,1030
367747,977,1025
367748,973,1022
367749,975,1023
367750,976,1025
367751,979,1024
367752,980,1022
367753,980,1017
367754,979,1018
367755,981,1017
367756,985,1018
367757,988,1017
367758,988,1014
367759,987,1009
367760,989,1008
367761,988,1009
367762,994,1015
367763,995,1011
367764,996,1009
367765,995,1007
367766,997,1005
367767,998,1006
367768,1000,1008
367769,1002,1009
367770,1005,1007
367771,1005,1003
367772,1006,1001
367773,1009,1003
367774,1013,1006
367775,1016,1007
367776,1017,1007
367777,1014,1004
367778,1014,1007
367779,1017,1011
367780,1017,1016
367781,1021,1015
367782,1019,1017
367783,1017,1017
367784,1015,1017
367785,1014,1020
367786,1014,1024
367787,1014,1025
367788,1012,1026
367789,1007,1025
367790,1003,1028
367791,1005,1029
367792,1004,1035
367793,1005,1035
367794,1006,1035
367795,999,1035
367796,998,1036
367797,995,1040
367798,997,1044
367799,1000,1044
367800,997,1045
367801,994,1043
367802,991,1043
367803,991,1046
367804,994,1049
367805,995,1048
367806,992,1045
367807,991,1043
367808,988,1044
367809,988,1044
367810,987,1048
367811,993,1048
367812,992,1045
367813,989,1041
367814,988,1042
367815,988,1043
367816,990,1045
367817,991,1046
367818,993,1043
367819,989,1042
367820,990,1039
367821,991,1045
367822,994,1043
367823,997,1044
367824,997,1041
367825,995,1041
367826,992,1038
367827,991,1041
367828,995,1043
367829,998,1044
367830,998,1042
367831,994,1041
367832,994,1041
367833,994,1040
367834,995,1041
367835,999,1041
367836,996,1040
367837,993,1036
367838,992,1035
367839,992,1038
367840,993,1040
367841,996,1040
367842,993,1039
367843,993,1036
367844,988,1034
367845,988,1039
367846,992,1040
367847,994,1040
367848,993,1037
367849,991,1036
367850,989,1034
367851,990,1039
367852,992,1041
367853,993,1040
367854,992,1038
367855,990,1036
367856,988,1037
367857,988,1039
367858,989,1042
367859,993,1043
367860,993,1039
367861,991,1039
367862,988,1039
367863,987,1040
367864,991,1043
367865,992,1045
367866,988,1044
367867,988,1040
367868,986,1041
367869,986,1043
367870,985,1045
367871,986,1045
367872,985,1045
367873,984,1042
367874,982,1043
367875,983,1044
367876,988,1044
367877,992,1046
367878,990,1043
367879,988,1041
367880,985,1042
367881,984,1045
367882,988,1050
367883,988,1048
367884,987,1044
367885,986,1043
367886,984,1042
367887,988,1046
367888,988,1049
367889,990,1047
367890,993,1045
367891,988,1044
367892,986,1043
367893,989,1044
367894,991,1044
367895,993,1047
367896,991,1043
367897,993,1039
367898,991,1039
367899,993,1041
367900,996,1042
367901,998,1041
367902,1001,1035
367903,998,1034
367904,999,1032
367905,1003,1028
367906,1017,1028
367907,1030,1026
367908,1043,1022
367909,1058,1019
367910,1078,1018
367911,1105,1016
367912,1138,1009
367913,1176,1002
367914,1209,993
367915,1236,992
367916,1255,1006
367917,1255,1024
367918,1242,1039
367919,1211,1043
367920,1162,1049
367921,1109,1052
367922,1056,1069
367923,1008,1087
367924,979,1096
367925,971,1096
367926,974,1086
367927,978,1072
367928,983,1061
367929,986,1058
367930,986,1059
367931,988,1052
367932,987,1051
367933,980,1047
367934,975,1047
367935,976,1049
367936,976,1052
367937,977,1049
367938,976,1050
367939,976,1044
367940,973,1045
367941,970,1049
367942,973,1049
367943,976,1048
367944,974,1046
367945,970,1042
367946,969,1041
367947,969,1041
367948,969,1044
367949,973,1043
367950,972,1039
367951,969,1039
367952,967,1038
367953,966,1040
367954,967,1040
367955,971,1038
367956,971,1036
367957,967,1035
367958,964,1038
367959,967,1039
367960,968,1038
367961,970,1039
367962,969,1037
367963,968,1035
367964,966,1035
367965,965,1038
367966,965,1038
367967,970,1037
367968,968,1035
367969,967,1035
367970,967,1035
367971,966,1039
367972,969,1043
367973,973,1040
367974,971,1041
367975,968,1038
367976,967,1036
367977,969,1036
367978,975,1038
367979,978,1035
367980,979,1033
367981,975,1028
367982,970,1027
367983,974,1028
367984,981,1031
367985,981,1027
367986,982,1024
367987,982,1017
367988,980,1017
367989,984,1016
367990,988,1017
367991,993,1013
367992,989,1012
367993,989,1007
367994,988,1005
367995,990,1004
367996,993,1007
367997,995,1004
367998,996,999
367999,994,998
368000,989,997
368001,994,997
368002,996,1001
368003,997,1000
368004,999,996
368005,995,992
368006,993,993
368007,998,995
368008,1003,996
368009,1009,998
368010,1007,995
368011,1002,994
368012,999,999
368013,1000,1000
368014,1003,1005
368015,1004,1006
368016,1002,1006
368017,1004,1005
368018,1001,1009
368019,1001,1013
368020,1002,1018
368021,1004,1022
368022,1001,1023
368023,999,1024
368024,994,1025
368025,995,1031
368026,996,1035
368027,997,1038
368028,994,1039
368029,994,1036
368030,989,1036
368031,987,1043
368032,990,1047
368033,990,1047
368034,989,1046
368035,986,1044
368036,984,1044
368037,982,1048
368038,982,1050
368039,983,1051
368040,983,1047
368041,978,1047
368042,977,1045
368043,977,1047
368044,980,1051
368045,984,1050
368046,984,1046
368047,980,1044
368048,981,1041
368049,981,1044
368050,982,1046
368051,985,1043
368052,983,1040
368053,982,1036
368054,983,1034
368055,983,1038
368056,983,1037
368057,987,1039
368058,986,1035
368059,986,1033
368060,986,1033
368061,984,1036
368062,992,1036
368063,999,1036
368064,998,1035
368065,999,1034
368066,1000,1033
368067,1005,1035
368068,1012,1039
368069,1016,1037
368070,1020,1031
368071,1020,1029
368072,1021,1024
368073,1027,1022
368074,1031,1018
368075,1034,1012
368076,1034,1006
368077,1037,995
368078,1037,987
368079,1041,983
368080,1045,976
368081,1050,969
368082,1048,957
368083,1045,942
368084,1048,933
368085,1052,926
368086,1053,923
368087,1062,915
368088,1065,907
368089,1069,899
368090,1075,892
368091,1082,888
368092,1095,879
368093,1109,864
368094,1119,846
368095,1122,825
368096,1127,812
368097,1132,796
368098,1133,788
368099,1131,780
368100,1115,772
368101,1088,766
368102,1049,765
368103,1005,772
368104,969,794
368105,941,819
368106,932,852
368107,924,890
368108,921,935
368109,922,974
368110,927,1007
368111,934,1029
368112,937,1042
368113,938,1048
368114,940,1048
368115,944,1057
368116,950,1063
368117,956,1066
368118,957,1069
368119,957,1066
368120,955,1069
368121,955,1076
368122,956,1082
368123,958,1084
368124,957,1085
368125,957,1085
368126,955,1085
368127,956,1091
368128,959,1095
368129,960,1095
368130,959,1096
368131,955,1092
368132,955,1095
368133,952,1100
368134,953,1102
368135,958,1103
368136,955,1104
368137,953,1103
368138,953,1104
368139,956,1108
368140,955,1111
368141,960,1115
368142,956,1113
368143,952,1114
368144,947,1115
368145,954,1117
368146,955,1120
368147,957,1120
368148,960,1118
368149,959,1116
368150,958,1116
368151,958,1121
368152,958,1129
368153,964,1129
368154,964,1128
368155,958,1127
368156,960,1128
368157,962,1132
368158,966,1135
368159,972,1138
368160,972,1137
368161,970,1137
368162,966,1138
368163,970,1144
368164,972,1147
368165,976,1146
368166,974,1144
368167,972,1145
368168,973,1146
368169,975,1150
368170,981,1155
368171,984,1154
368172,987,1153
368173,987,1150
368174,987,1152
368175,990,1153
368176,990,1156
368177,996,1151
368178,995,1152
368179,997,1148
368180,997,1145
368181,999,1146
368182,1004,1146
368183,1006,1144
368184,1004,1137
368185,1005,1135
368186,1004,1130
368187,1005,1130
368188,1008,1129
368189,1011,1125
368190,1014,1118
368191,1012,1110
368192,1010,1110
368193,1010,1108
368194,1011,1106
368195,1017,1101
368196,1015,1095
368197,1010,1090
368198,1008,1084
368199,1010,1085
368200,1014,1086
368201,1015,1082
368202,1012,1077
368203,1008,1072
368204,1004,1071
368205,1003,1071
368206,1006,1071
368207,1007,1066
368208,1006,1062
368209,998,1058
368210,995,1057
368211,997,1059
368212,996,1059
368213,996,1058
368214,994,1052
368215,989,1048
368216,990,1051
368217,988,1051
368218,984,1055
368219,985,1054
368220,985,1053
368221,981,1051
368222,981,1054
368223,982,1054
368224,980,1060
368225,985,1060
368226,982,1055
368227,979,1055
368228,979,1056
368229,980,1055
368230,981,1058
368231,983,1058
368232,980,1054
368233,978,1052
368234,977,1054
368235,976,1055
368236,981,1056
368237,982,1055
368238,982,1053
368239,981,1047
368240,978,1046
368241,978,1046
368242,981,1052
368243,980,1048
368244,983,1044
368245,980,1044
368246,978,1044
368247,979,1044
368248,977,1045
368249,979,1046
368250,978,1044
368251,975,1040
368252,972,1039
368253,974,1044
368254,974,1046
368255,977,1045
368256,976,1043
368257,974,1040
368258,970,1040
368259,971,1041
368260,972,1044
368261,975,1043
368262,973,1042
368263,972,1040
368264,968,1041
368265,964,1044
368266,969,1044
368267,974,1043
368268,972,1044
368269,970,1041
368270,966,1041
368271,967,1044
368272,969,1051
368273,970,1050
368274,969,1051
368275,964,1047
368276,963,1046
368277,962,1049
368278,966,1051
368279,968,1050
368280,969,1047
368281,970,1044
368282,967,1044
368283,966,1047
368284,966,1050
368285,969,1048
368286,968,1044
368287,969,1040
368288,966,1040
368289,968,1042
368290,967,1043
368291,973,1042
368292,972,1042
368293,968,1038
368294,962,1039
368295,967,1040
368296,968,1042
368297,972,1040
368298,971,1040
368299,969,1037
368300,967,1036
368301,968,1038
368302,970,1042
368303,971,1042
368304,969,1038
368305,966,1038
368306,962,1038
368307,963,1041
368308,968,1043
368309,967,1044
368310,967,1042
368311,965,1041
368312,964,1040
368313,965,1045
368314,968,1046
368315,970,1047
368316,969,1044
368317,967,1043
368318,963,1043
368319,962,1047
368320,964,1052
368321,969,1054
368322,968,1052
368323,965,1048
368324,960,1049
368325,960,1053
368326,964,1054
368327,966,1051
368328,964,1049
368329,963,1047
368330,963,1043
368331,965,1048
368332,968,1051
368333,968,1045
368334,968,1046
368335,964,1042
368336,963,1042
368337,965,1043
368338,964,1045
368339,970,1042
368340,973,1040
368341,968,1035
368342,969,1036
368343,969,1036
368344,972,1038
368345,974,1035
368346,973,1034
368347,974,1031
368348,973,1033
368349,971,1033
368350,973,1035
368351,972,1033
368352,972,1032
368353,967,1032
368354,966,1031
368355,968,1035
368356,971,1037
368357,975,1036
368358,974,1037
368359,970,1033
368360,971,1034
368361,970,1038
368362,974,1038
368363,975,1040
368364,974,1039
368365,971,1038
368366,970,1037
368367,971,1038
368368,977,1038
368369,987,1036
368370,996,1030
368371,1004,1029
368372,1018,1025
368373,1038,1028
368374,1063,1026
368375,1091,1020
368376,1119,1008
368377,1150,996
368378,1183,991
368379,1216,997
368380,1245,1008
368381,1262,1024
368382,1258,1039
368383,1236,1049
368384,1194,1055
368385,1147,1059
368386,1103,1065
368387,1060,1075
368388,1012,1078
368389,975,1078
368390,957,1079
368391,955,1079
368392,965,1070
368393,972,1061
368394,973,1051
368395,973,1042
368396,968,1038
368397,965,1040
368398,964,1040
368399,960,1041
368400,960,1037
368401,956,1032
368402,952,1034
368403,952,1038
368404,954,1039
368405,956,1042
368406,952,1041
368407,948,1039
368408,944,1039
368409,947,1043
368410,949,1044
368411,952,1045
368412,951,1039
368413,947,1039
368414,944,1038
368415,948,1041
368416,948,1043
368417,950,1045
368418,948,1039
368419,946,1038
368420,939,1040
368421,941,1042
368422,944,1046
368423,949,1043
368424,950,1042
368425,947,1040
368426,944,1042
368427,944,1044
368428,950,1047
368429,955,1044
368430,952,1041
368431,949,1038
368432,947,1038
368433,949,1040
368434,951,1044
368435,953,1041
368436,951,1039
368437,948,1038
368438,951,1036
368439,950,1035
368440,955,1039
368441,953,1037
368442,954,1033
368443,953,1029
368444,953,1028
368445,953,1031
368446,955,1031
368447,954,1029
368448,953,1026
368449,952,1021
368450,951,1020
368451,953,1022
368452,955,1021
368453,960,1022
368454,961,1019
368455,958,1017
368456,955,1014
368457,959,1015
368458,962,1019
368459,963,1013
368460,961,1011
368461,956,1007
368462,957,1008
368463,960,1006
368464,964,1006
368465,965,1003
368466,965,1002
368467,963,998
368468,961,997
368469,963,1000
368470,967,1001
368471,970,999
368472,968,999
368473,968,994
368474,967,999
368475,969,1002
368476,972,1004
368477,976,1003
368478,977,1001
368479,975,1000
368480,974,1003
368481,976,1001
368482,979,1003
368483,981,1003
368484,983,1004
368485,981,1002
368486,979,1006
368487,982,1007
368488,984,1010
368489,985,1012
368490,984,1012
368491,982,1011
368492,977,1011
368493,978,1018
368494,980,1020
368495,982,1021
368496,980,1021
368497,977,1018
368498,972,1023
368499,972,1025
368500,972,1026
368501,972,1027
368502,971,1026
368503,968,1027
368504,966,1029
368505,968,1032
368506,968,1035
368507,970,1035
368508,968,1032
368509,964,1029
368510,960,1031
368511,962,1031
368512,964,1035
368513,967,1033
368514,967,1033
368515,963,1028
368516,963,1029
368517,963,1032
368518,963,1035
368519,966,1034
368520,965,1033
368521,965,1031
368522,964,1031
368523,969,1034
368524,972,1036
368525,980,1038
368526,984,1033
368527,983,1033
368528,984,1036
368529,988,1040
368530,995,1048
368531,1003,1050
368532,1006,1050
368533,1011,1048
368534,1018,1047
368535,1031,1041
368536,1046,1035
368537,1060,1015
368538,1070,1000
368539,1084,983
368540,1095,970
368541,1111,960
368542,1129,947
368543,1144,927
368544,1160,906
368545,1176,881
368546,1192,859
368547,1209,843
368548,1223,829
368549,1238,814
368550,1243,801
368551,1243,795
368552,1239,794
368553,1233,794
368554,1232,794
368555,1231,790
368556,1223,787
368557,1207,783
368558,1192,783
368559,1176,788
368560,1158,794
368561,1140,798
368562,1116,806
368563,1091,811
368564,1070,824
368565,1053,841
368566,1043,857
368567,1035,872
368568,1032,885
368569,1024,898
368570,1018,915
368571,1011,928
368572,1009,941
368573,1010,952
368574,1015,962
368575,1020,971
368576,1027,978
368577,1038,986
368578,1041,995
368579,1040,998
368580,1021,1002
368581,993,1009
368582,959,1017
368583,935,1032
368584,920,1045
368585,915,1057
368586,907,1070
368587,902,1080
368588,898,1087
368589,895,1094
368590,890,1099
368591,892,1100
368592,882,1103
368593,875,1101
368594,869,1107
368595,870,1112
368596,870,1117
368597,868,1120
368598,869,1118
368599,866,1118
368600,862,1123
368601,861,1127
368602,862,1130
368603,863,1131
368604,858,1129
368605,854,1129
368606,853,1128
368607,852,1131
368608,855,1133
368609,857,1135
368610,855,1135
368611,851,1133
368612,846,1136
368613,844,1140
368614,848,1144
368615,847,1145
368616,845,1143
368617,839,1143
368618,837,1148
368619,837,1150
368620,839,1156
368621,844,1158
368622,841,1156
368623,836,1159
368624,828,1161
368625,832,1167
368626,836,1172
368627,842,1171
368628,840,1172
368629,841,1171
368630,840,1175
368631,843,1178
368632,843,1182
368633,847,1186
368634,846,1183
368635,844,1184
368636,846,1186
368637,849,1191
368638,851,1194
368639,852,1194
368640,859,1190
368641,860,1189
368642,860,1191
368643,865,1192
368644,868,1192
368645,873,1189
368646,874,1183
368647,875,1181
368648,878,1180
368649,880,1178
368650,889,1179
368651,892,1175
368652,893,1169
368653,895,1161
368654,896,1156
368655,899,1154
368656,905,1151
368657,911,1144
368658,911,1137
368659,912,1129
368660,913,1126
368661,919,1123
368662,924,1121
368663,931,1115
368664,932,1106
368665,927,1099
368666,924,1096
368667,928,1092
368668,928,1091
368669,934,1086
368670,934,1083
368671,931,1076
368672,932,1074
368673,930,1071
368674,935,1072
368675,937,1070
368676,938,1066
368677,936,1061
368678,936,1057
368679,934,1060
368680,937,1061
368681,937,1057
368682,937,1055
368683,936,1052
368684,933,1052
368685,938,1057
368686,944,1058
368687,943,1057
368688,940,1053
368689,939,1051
368690,935,1053
368691,940,1054
368692,944,1060
368693,943,1054
368694,942,1050
368695,938,1049
368696,939,1048
368697,941,1051
368698,948,1052
368699,948,1048
368700,945,1049
368701,945,1043
368702,944,1043
368703,949,1049
368704,952,1051
368705,955,1050
368706,956,1046
368707,951,1041
368708,944,1043
368709,949,1045
368710,954,1046
368711,958,1048
368712,957,1045
368713,956,1040
368714,952,1040
368715,951,1043
368716,953,1046
368717,955,1046
368718,955,1046
368719,950,1042
368720,947,1042
368721,950,1047
368722,951,1049
368723,955,1046
368724,954,1044
368725,950,1042
368726,949,1044
368727,950,1045
368728,953,1050
368729,952,1047
368730,952,1046
368731,948,1044
368732,948,1049
368733,949,1049
368734,950,1053
368735,952,1055
368736,949,1051
368737,949,1053
368738,945,1052
368739,945,1054
368740,944,1057
368741,949,1053
368742,948,1048
368743,946,1043
368744,948,1041
368745,948,1041
368746,950,1044
368747,951,1042
368748,947,1040
368749,947,1039
368750,944,1040
368751,946,1042
368752,947,1045
368753,950,1044
368754,946,1041
368755,944,1041
368756,944,1041
368757,944,1044
368758,949,1045
368759,948,1043
368760,949,1043
368761,947,1039
368762,944,1039
368763,947,1040
368764,952,1042
368765,953,1043
368766,951,1041
368767,947,1038
368768,947,1039
368769,948,1043
368770,953,1045
368771,953,1042
368772,948,1042
368773,944,1039
368774,941,1042
368775,941,1044
368776,949,1047
368777,953,1046
368778,953,1047
368779,952,1044
368780,947,1046
368781,943,1049
368782,945,1053
368783,947,1055
368784,948,1051
368785,947,1050
368786,945,1053
368787,945,1055
368788,948,1056
368789,950,1055
368790,947,1052
368791,947,1048
368792,948,1044
368793,947,1050
368794,953,1050
368795,954,1049
368796,949,1041
368797,947,1038
368798,948,1040
368799,950,1043
368800,952,1045
368801,953,1047
368802,950,1042
368803,946,1038
368804,944,1039
368805,944,1041
368806,950,1047
368807,952,1046
368808,951,1042
368809,949,1042
368810,944,1041
368811,946,1043
368812,949,1046
368813,953,1045
368814,954,1040
368815,947,1039
368816,945,1039
368817,943,1043
368818,949,1045
368819,951,1047
368820,947,1043
368821,946,1043
368822,946,1041
368823,947,1045
368824,949,1049
368825,951,1047
368826,946,1045
368827,942,1043
368828,939,1046
368829,944,1048
368830,946,1053
368831,947,1051
368832,946,1049
368833,944,1047
368834,944,1050
368835,946,1051
368836,950,1051
368837,955,1052
368838,953,1045
368839,952,1043
368840,950,1041
368841,950,1043
368842,949,1047
368843,954,1045
368844,954,1044
368845,947,1040
368846,947,1039
368847,949,1040
368848,953,1044
368849,954,1044
368850,953,1041
368851,948,1039
368852,948,1039
368853,948,1038
368854,951,1044
368855,951,1041
368856,951,1041
368857,949,1037
368858,948,1037
368859,951,1041
368860,952,1041
368861,954,1043
368862,951,1041
368863,951,1038
368864,949,1039
368865,950,1042
368866,954,1042
368867,955,1042
368868,953,1038
368869,946,1038
368870,943,1038
368871,946,1041
368872,949,1046
368873,952,1044
368874,945,1043
368875,942,1042
368876,943,1043
368877,947,1048
368878,947,1050
368879,950,1050
368880,950,1047
368881,949,1047
368882,951,1048
368883,953,1047
368884,955,1049
368885,954,1050
368886,955,1045
368887,952,1044
368888,955,1044
368889,957,1042
368890,958,1048
368891,959,1046
368892,956,1043
368893,951,1043
368894,949,1043
368895,954,1047
368896,959,1046
368897,962,1045
368898,960,1044
368899,959,1040
368900,952,1042
368901,950,1045
368902,955,1049
368903,957,1047
368904,955,1042
368905,950,1039
368906,952,1040
368907,954,1040
368908,953,1045
368909,954,1041
368910,954,1041
368911,954,1040
368912,950,1039
368913,953,1041
368914,958,1043
368915,958,1039
368916,953,1038
368917,950,1038
368918,951,1040
368919,953,1040
368920,956,1044
368921,956,1043
368922,954,1041
368923,949,1039
368924,950,1042
368925,951,1045
368926,953,1047
368927,953,1046
368928,949,1042
368929,948,1043
368930,951,1042
368931,955,1045
368932,955,1046
368933,954,1044
368934,953,1041
368935,952,1036
368936,952,1037
368937,954,1041
368938,960,1043
368939,964,1044
368940,964,1041
368941,962,1036
368942,959,1039
368943,959,1041
368944,962,1044
368945,963,1042
368946,962,1041
368947,960,1039
368948,960,1039
368949,959,1042
368950,960,1045
368951,964,1043
368952,962,1039
368953,961,1038
368954,959,1038
368955,962,1042
368956,965,1042
368957,965,1039
368958,962,1039
368959,957,1037
368960,956,1034
368961,959,1037
368962,961,1040
368963,963,1039
368964,962,1038
368965,960,1033
368966,959,1037
368967,960,1040
368968,963,1044
368969,966,1041
368970,961,1040
368971,959,1040
368972,961,1041
368973,960,1043
368974,961,1046
368975,962,1047
368976,961,1047
368977,958,1045
368978,960,1044
368979,962,1046
368980,966,1049
368981,968,1045
368982,962,1043
368983,961,1039
368984,961,1039
368985,964,1039
368986,966,1045
368987,973,1039
368988,971,1040
368989,969,1037
368990,967,1036
368991,973,1038
368992,977,1041
368993,981,1039
368994,976,1036
368995,974,1033
368996,977,1033
368997,986,1033
368998,994,1032
368999,1007,1029
369000,1018,1027
369001,1036,1019
369002,1057,1016
369003,1082,1013
369004,1113,1009
369005,1144,999
369006,1173,994
369007,1199,997
369008,1221,1011
369009,1232,1026
369010,1223,1045
369011,1194,1053
369012,1145,1053
369013,1096,1054
369014,1052,1060
369015,1009,1072
369016,973,1078
369017,950,1083
369018,945,1084
369019,947,1078
369020,952,1069
369021,962,1062
369022,966,1054
369023,969,1047
369024,966,1041
369025,962,1035
369026,958,1034
369027,955,1035
369028,955,1037
369029,952,1035
369030,951,1032
369031,950,1030
369032,948,1031
369033,945,1035
369034,947,1039
369035,948,1038
369036,949,1037
369037,946,1036
369038,943,1035
369039,944,1035
369040,948,1041
369041,950,1041
369042,950,1037
369043,948,1035
369044,945,1037
369045,947,1037
369046,948,1041
369047,949,1041
369048,947,1041
369049,944,1036
369050,943,1037
369051,943,1040
369052,943,1046
369053,947,1043
369054,947,1040
369055,947,1039
369056,941,1039
369057,941,1039
369058,946,1041
369059,947,1041
369060,948,1039
369061,939,1035
369062,937,1036
369063,940,1037
369064,944,1036
369065,945,1033
369066,940,1029
369067,939,1024
369068,941,1026
369069,943,1028
369070,945,1027
369071,949,1025
369072,948,1020
369073,948,1020
369074,948,1019
369075,951,1021
369076,957,1025
369077,957,1022
369078,957,1018
369079,955,1016
369080,953,1018
369081,953,1019
369082,960,1020
369083,964,1018
369084,965,1016
369085,964,1011
369086,961,1011
369087,961,1014
369088,963,1016
369089,961,1016
369090,964,1012
369091,961,1009
369092,962,1009
369093,966,1011
369094,971,1013
369095,974,1010
369096,971,1006
369097,970,1005
369098,971,1005
369099,970,1008
369100,970,1010
369101,972,1009
369102,975,1005
369103,978,1003
369104,981,1003
369105,983,1003
369106,984,1006
369107,982,1008
369108,984,1001
369109,986,999
369110,990,1000
369111,992,1002
369112,993,1004
369113,996,1003
369114,994,1001
369115,994,1001
369116,993,1000
369117,993,1003
369118,991,1007
369119,991,1008
369120,989,1006
369121,988,1009
369122,995,1010
369123,997,1015
369124,998,1018
369125,993,1021
369126,987,1019
369127,985,1020
369128,981,1023
369129,983,1028
369130,984,1034
369131,986,1034
369132,983,1035
369133,978,1031
369134,976,1033
369135,978,1039
369136,979,1039
369137,976,1042
369138,977,1041
369139,973,1039
369140,972,1044
369141,974,1043
369142,976,1049
369143,973,1047
369144,975,1044
369145,971,1040
369146,971,1041
369147,969,1044
369148,972,1043
369149,975,1040
369150,975,1041
369151,975,1039
369152,972,1037
369153,973,1040
369154,975,1044
369155,977,1041
369156,975,1039
369157,973,1036
369158,972,1038
369159,976,1038
369160,976,1044
369161,976,1042
369162,978,1039
369163,976,1036
369164,976,1036
369165,980,1038
369166,979,1039
369167,979,1038
369168,974,1036
369169,971,1033
369170,975,1035
369171,975,1036
369172,977,1040
369173,978,1038
369174,977,1036
369175,975,1035
369176,971,1037
369177,976,1037
369178,977,1040
369179,977,1038
369180,975,1037
369181,971,1034
369182,969,1036
369183,973,1039
369184,976,1041
369185,973,1039
369186,974,1036
369187,970,1036
369188,967,1035
369189,970,1039
369190,970,1041
369191,975,1041
369192,977,1037
369193,977,1036
369194,969,1036
369195,969,1039
369196,972,1041
369197,976,1040
369198,974,1039
369199,971,1035
369200,974,1039
369201,975,1042
369202,981,1045
369203,977,1041
369204,977,1041
369205,976,1040
369206,974,1039
369207,972,1041
369208,974,1044
369209,972,1045
369210,971,1040
369211,970,1039
369212,968,1040
369213,968,1041
369214,968,1046
369215,970,1044
369216,969,1040
369217,969,1040
369218,964,1043
369219,969,1047
369220,971,1048
369221,974,1045
369222,972,1044
369223,972,1045
369224,970,1043
369225,971,1046
369226,975,1048
369227,976,1047
369228,975,1047
369229,968,1042
369230,971,1045
369231,968,1048
369232,974,1051
369233,977,1051
369234,976,1048
369235,974,1044
369236,969,1046
369237,972,1047
369238,975,1048
369239,975,1049
369240,973,1048
369241,975,1046
369242,974,1047
369243,974,1050
369244,976,1050
369245,980,1051
369246,980,1047
369247,975,1041
369248,976,1044
369249,977,1043
369250,982,1046
369251,988,1043
369252,992,1041
369253,995,1035
369254,1005,1032
369255,1019,1035
369256,1034,1036
369257,1051,1030
369258,1072,1027
369259,1096,1021
369260,1126,1016
369261,1164,1013
369262,1200,1021
369263,1233,1027
369264,1251,1037
369265,1251,1050
369266,1229,1060
369267,1196,1070
369268,1149,1077
369269,1095,1077
369270,1041,1085
369271,988,1089
369272,950,1097
369273,938,1104
369274,946,1104
369275,957,1091
369276,959,1079
369277,963,1066
369278,963,1061
369279,963,1057
369280,968,1057
369281,966,1053
369282,964,1048
369283,962,1043
369284,957,1043
369285,954,1045
369286,953,1048
369287,953,1045
369288,956,1046
369289,954,1041
369290,952,1043
369291,955,1044
369292,958,1048
369293,959,1044
369294,961,1042
369295,959,1039
369296,953,1041
369297,956,1043
369298,957,1044
369299,962,1043
369300,961,1042
369301,955,1040
369302,952,1041
369303,956,1042
369304,961,1045
369305,958,1044
369306,958,1039
369307,952,1039
369308,950,1039
369309,952,1043
369310,955,1044
369311,957,1040
369312,956,1041
369313,954,1037
369314,951,1039
369315,953,1042
369316,953,1044
369317,952,1043
369318,952,1040
369319,949,1037
369320,950,1039
369321,953,1037
369322,958,1040
369323,957,1038
369324,955,1036
369325,953,1031
369326,952,1032
369327,955,1035
369328,958,1033
369329,965,1031
369330,964,1028
369331,962,1025
369332,963,1023
369333,965,1027
369334,968,1026
369335,969,1023
369336,970,1019
369337,968,1013
369338,967,1013
369339,973,1016
369340,975,1015
369341,978,1014
369342,979,1009
369343,977,1006
369344,977,1003
369345,979,1003
369346,980,1003
369347,984,1002
369348,985,1000
369349,985,994
369350,985,994
369351,990,995
369352,992,998
369353,993,995
369354,992,994
369355,988,993
369356,986,994
369357,990,996
369358,993,997
369359,996,1001
369360,993,999
369361,989,996
369362,990,1000
369363,991,1004
369364,993,1008
369365,993,1008
369366,991,1008
369367,987,1007
369368,983,1012
369369,984,1019
369370,985,1024
369371,985,1021
369372,983,1023
369373,980,1023
369374,976,1027
369375,976,1035
369376,976,1041
369377,976,1041
369378,975,1039
369379,971,1042
369380,969,1042
369381,972,1048
369382,971,1052
369383,970,1052
369384,969,1052
369385,967,1050
369386,966,1052
369387,965,1055
369388,967,1058
369389,966,1055
369390,967,1055
369391,961,1053
369392,962,1053
369393,964,1056
369394,967,1057
369395,969,1056
369396,967,1053
369397,966,1051
369398,965,1051
369399,966,1055
369400,967,1058
369401,970,1054
369402,972,1051
369403,969,1048
369404,965,1050
369405,964,1053
369406,967,1052
369407,971,1053
369408,972,1050
369409,967,1046
369410,967,1047
369411,970,1047
369412,973,1049
369413,977,1050
369414,972,1048
369415,966,1044
369416,967,1046
369417,970,1048
369418,970,1051
369419,972,1050
369420,971,1049
369421,970,1046
369422,969,1046
369423,970,1049
369424,974,1053
369425,974,1050
369426,973,1048
369427,971,1046
369428,970,1047
369429,973,1049
369430,975,1053
369431,977,1051
369432,977,1051
369433,972,1044
369434,969,1047
369435,971,1051
369436,969,1053
369437,971,1052
369438,974,1051
369439,970,1049
369440,969,1051
369441,970,1051
369442,972,1053
369443,972,1052
369444,971,1053
369445,969,1049
369446,966,1053
369447,967,1056
369448,970,1055
369449,969,1056
369450,966,1052
369451,965,1052
369452,962,1053
369453,965,1053
369454,967,1056
369455,971,1057
369456,970,1051
369457,967,1051
369458,967,1054
369459,971,1055
369460,973,1057
369461,974,1056
369462,971,1054
369463,968,1051
369464,964,1054
369465,967,1055
369466,972,1059
369467,973,1059
369468,971,1056
369469,969,1054
369470,966,1055
369471,969,1057
369472,968,1058
369473,969,1058
369474,969,1055
369475,964,1053
369476,964,1055
369477,967,1058
369478,971,1059
369479,966,1058
369480,966,1056
369481,964,1056
369482,962,1055
369483,966,1060
369484,967,1063
369485,966,1060
369486,964,1060
369487,964,1060
369488,961,1060
369489,966,1060
369490,969,1063
369491,970,1061
369492,971,1060
369493,968,1056
369494,966,1055
369495,964,1062
369496,968,1062
369497,972,1060
369498,970,1057
369499,966,1054
369500,967,1052
369501,967,1055
369502,971,1057
369503,975,1056
369504,975,1053
369505,974,1050
369506,973,1051
369507,971,1054
369508,974,1057
369509,974,1053
369510,973,1051
369511,969,1049
369512,968,1051
369513,971,1056
369514,975,1056
369515,978,1058
369516,979,1056
369517,973,1053
369518,976,1053
369519,976,1057
369520,982,1059
369521,982,1059
369522,980,1056
369523,978,1056
369524,976,1058
369525,979,1058
369526,982,1065
369527,985,1062
369528,982,1059
369529,980,1054
369530,978,1053
369531,981,1053
369532,987,1053
369533,996,1048
369534,1010,1043
369535,1023,1038
369536,1039,1036
369537,1065,1034
369538,1098,1034
369539,1137,1029
369540,1171,1019
369541,1210,1013
369542,1244,1019
369543,1274,1030
369544,1282,1049
369545,1263,1058
369546,1217,1062
369547,1157,1063
369548,1098,1072
369549,1044,1082
369550,1003,1087
369551,974,1087
369552,964,1082
369553,966,1072
369554,974,1067
369555,977,1063
369556,979,1062
369557,976,1061
369558,970,1060
369559,965,1056
369560,962,1057
369561,958,1060
369562,957,1062
369563,961,1061
369564,958,1059
369565,956,1059
369566,951,1059
369567,955,1063
369568,956,1062
369569,958,1060
369570,958,1057
369571,953,1057
369572,947,1060
369573,947,1059
369574,952,1063
369575,955,1060
369576,953,1058
369577,947,1053
369578,946,1054
369579,948,1056
369580,951,1059
369581,952,1059
369582,954,1055
369583,951,1055
369584,948,1054
369585,949,1057
369586,952,1060
369587,952,1059
369588,951,1055
369589,951,1055
369590,949,1055
369591,952,1058
369592,955,1060
369593,955,1060
369594,952,1057
369595,950,1056
369596,950,1056
369597,953,1058
369598,958,1059
369599,957,1057
369600,956,1056
369601,953,1052
369602,954,1051
369603,958,1054
369604,962,1053
369605,965,1052
369606,964,1048
369607,961,1043
369608,960,1044
369609,964,1046
369610,969,1047
369611,972,1043
369612,969,1040
369613,965,1037
369614,970,1036
369615,972,1036
369616,976,1037
369617,981,1034
369618,979,1032
369619,981,1028
369620,980,1026
369621,982,1026
369622,985,1028
369623,986,1025
369624,982,1022
369625,982,1020
369626,980,1021
369627,982,1021
369628,987,1024
369629,989,1023
369630,989,1019
369631,981,1017
369632,979,1020
369633,981,1023
369634,985,1025
369635,986,1025
369636,988,1026
369637,987,1026
369638,984,1029
369639,986,1031
369640,992,1035
369641,989,1036
369642,985,1033
369643,981,1034
369644,978,1034
369645,979,1037
369646,982,1039
369647,980,1041
369648,976,1041
369649,972,1039
369650,970,1042
369651,973,1046
369652,975,1052
369653,975,1049
369654,973,1047
369655,967,1045
369656,967,1046
369657,967,1050
369658,970,1052
369659,971,1051
369660,967,1049
369661,963,1049
369662,962,1048
369663,962,1051
369664,965,1056
369665,966,1056
369666,964,1052
369667,961,1049
369668,959,1052
369669,961,1054
369670,970,1055
369671,970,1053
369672,971,1051
369673,969,1049
369674,969,1053
369675,975,1054
369676,986,1058
369677,993,1059
369678,991,1057
369679,996,1056
369680,998,1060
369681,1007,1065
369682,1017,1065
369683,1028,1059
369684,1039,1046
369685,1050,1030
369686,1060,1018
369687,1076,1009
369688,1095,999
369689,1109,983
369690,1123,966
369691,1134,947
369692,1154,927
369693,1173,907
369694,1196,890
369695,1214,869
369696,1226,853
369697,1233,837
369698,1234,833
369699,1233,829
369700,1233,828
369701,1227,822
369702,1222,820
369703,1212,814
369704,1205,814
369705,1190,815
369706,1171,817
369707,1151,817
369708,1129,823
369709,1100,830
369710,1076,839
369711,1054,855
369712,1039,872
369713,1029,885
369714,1022,898
369715,1016,911
369716,1011,924
369717,1008,936
369718,1010,951
369719,1016,962
369720,1022,969
369721,1034,981
369722,1044,991
369723,1051,1002
369724,1043,1012
369725,1021,1020
369726,989,1030
369727,951,1039
369728,924,1053
369729,910,1066
369730,905,1085
369731,904,1092
369732,898,1097
369733,892,1096
369734,885,1100
369735,881,1107
369736,879,1114
369737,877,1114
369738,872,1112
369739,864,1113
369740,862,1118
369741,860,1122
369742,864,1128
369743,863,1126
369744,860,1125
369745,856,1126
369746,849,1128
369747,853,1132
369748,853,1136
369749,855,1137
369750,854,1136
369751,846,1138
369752,847,1140
369753,849,1143
369754,850,1149
369755,852,1148
369756,850,1147
369757,846,1149
369758,846,1152
369759,846,1156
369760,850,1160
369761,851,1162
369762,846,1163
369763,844,1161
369764,842,1163
369765,844,1170
369766,850,1171
369767,851,1176
369768,847,1172
369769,840,1175
369770,841,1180
369771,847,1183
369772,851,1188
369773,853,1190
369774,854,1189
369775,853,1187
369776,854,1189
369777,855,1195
369778,858,1197
369779,862,1198
369780,863,1194
369781,865,1192
369782,864,1195
369783,868,1196
369784,872,1200
369785,877,1197
369786,880,1191
369787,877,1188
369788,881,1184
369789,888,1183
369790,888,1184
369791,896,1178
369792,898,1171
369793,899,1162
369794,902,1159
369795,907,1157
369796,913,1154
369797,917,1147
369798,919,1141
369799,921,1132
369800,921,1130
369801,924,1128
369802,928,1124
369803,932,1118
369804,932,1112
369805,929,1105
369806,930,1099
369807,931,1099
369808,934,1094
369809,939,1089
369810,937,1084
369811,935,1077
369812,933,1075
369813,936,1073
369814,940,1075
369815,937,1071
369816,937,1064
369817,938,1059
369818,939,1058
369819,942,1060
369820,946,1060
369821,949,1059
369822,947,1054
369823,946,1051
369824,945,1053
369825,946,1053
369826,945,1056
369827,947,1053
369828,948,1050
369829,945,1048
369830,944,1050
369831,945,1053
369832,948,1056
369833,949,1055
369834,949,1049
369835,945,1049
369836,943,1049
369837,946,1050
369838,945,1053
369839,946,1052
369840,946,1050
369841,946,1046
369842,947,1047
369843,949,1049
369844,950,1053
369845,950,1050
369846,951,1049
369847,949,1046
369848,947,1046
369849,951,1051
369850,951,1052
369851,954,1053
369852,954,1051
369853,950,1048
369854,952,1050
369855,952,1052
369856,954,1054
369857,953,1053
369858,950,1051
369859,948,1050
369860,948,1052
369861,949,1052
369862,953,1055
369863,952,1052
369864,951,1048
369865,948,1049
369866,948,1048
369867,950,1051
369868,952,1052
369869,953,1049
369870,954,1045
369871,949,1043
369872,948,1043
369873,948,1047
369874,953,1048
369875,952,1046
369876,948,1045
369877,947,1042
369878,948,1044
369879,949,1046
369880,951,1048
369881,954,1047
369882,950,1042
369883,949,1041
369884,948,1042
369885,949,1047
369886,950,1049
369887,954,1047
369888,953,1046
369889,949,1044
369890,949,1046
369891,947,1046
369892,952,1050
369893,952,1050
369894,954,1047
369895,948,1044
369896,950,1045
369897,951,1049
369898,959,1051
369899,959,1050
369900,958,1047
369901,957,1045
369902,955,1047
369903,956,1051
369904,958,1052
369905,962,1051
369906,958,1051
369907,956,1047
369908,954,1046
369909,954,1049
369910,955,1049
369911,951,1051
369912,950,1046
369913,952,1046
369914,951,1048
369915,949,1051
369916,957,1054
369917,955,1050
369918,954,1047
369919,954,1046
369920,954,1047
369921,955,1049
369922,957,1048
369923,959,1046
369924,956,1046
369925,956,1043
369926,958,1042
369927,960,1047
369928,958,1047
369929,956,1044
369930,956,1044
369931,952,1040
369932,951,1045
369933,954,1045
369934,958,1050
369935,958,1047
369936,954,1043
369937,953,1042
369938,951,1043
369939,955,1045
369940,957,1048
369941,958,1048
369942,958,1047
369943,956,1042
369944,956,1045
369945,958,1045
369946,961,1044
369947,959,1041
369948,961,1039
369949,956,1038
369950,953,1039
369951,954,1042
369952,960,1044
369953,961,1043
369954,961,1039
369955,958,1039
369956,956,1038
369957,956,1045
369958,960,1046
369959,961,1047
369960,962,1042
369961,957,1040
369962,954,1041
369963,960,1045
369964,964,1044
369965,965,1044
369966,966,1043
369967,964,1040
369968,961,1041
369969,962,1045
369970,965,1046
369971,967,1044
369972,967,1043
369973,963,1041
369974,966,1041
369975,970,1042
369976,969,1046
369977,966,1042
369978,965,1044
369979,963,1040
369980,968,1040
369981,972,1042
369982,968,1045
369983,970,1043
369984,972,1037
369985,973,1035
369986,981,1033
369987,993,1032
369988,1009,1032
369989,1025,1029
369990,1040,1022
369991,1064,1013
369992,1090,1010
369993,1126,1002
369994,1161,993
369995,1192,989
369996,1224,986
369997,1244,992
369998,1253,1006
369999,1243,1025
370000,1209,1039
370001,1162,1044
370002,1109,1046
370003,1057,1053
370004,1012,1063
370005,976,1068
370006,962,1070
370007,962,1065
370008,969,1057
370009,972,1047
370010,973,1043
370011,971,1043
370012,969,1046
370013,967,1047
370014,964,1042
370015,961,1039
370016,955,1043
370017,955,1046
370018,957,1048
370019,954,1046
370020,953,1045
370021,952,1043
370022,950,1044
370023,952,1045
370024,954,1049
370025,956,1048
370026,952,1045
370027,946,1040
370028,946,1041
370029,947,1042
370030,948,1043
370031,949,1044
370032,948,1041
370033,947,1041
370034,945,1040
370035,948,1044
370036,949,1044
370037,951,1040
370038,952,1035
370039,949,1032
370040,948,1035
370041,950,1039
370042,952,1040
370043,953,1040
370044,954,1036
370045,949,1035
370046,948,1034
370047,950,1038
370048,956,1040
370049,953,1040
370050,950,1036
370051,949,1035
370052,948,1037
370053,953,1035
370054,956,1038
370055,955,1037
370056,954,1033
370057,955,1031
370058,953,1031
370059,954,1033
370060,956,1036
370061,959,1033
370062,958,1028
370063,957,1026
370064,957,1027
370065,961,1031
370066,964,1029
370067,964,1028
370068,963,1024
370069,962,1021
370070,960,1022
370071,964,1024
370072,969,1026
370073,972,1023
370074,969,1019
370075,967,1015
370076,964,1016
370077,967,1018
370078,971,1021
370079,971,1019
370080,972,1014
370081,967,1012
370082,967,1010
370083,968,1012
370084,974,1013
370085,976,1010
370086,975,1008
370087,971,1005
370088,973,1004
370089,976,1008
370090,980,1008
370091,979,1008
370092,981,1006
370093,984,1002
370094,986,1005
370095,990,1007
370096,992,1009
370097,991,1008
370098,991,1007
370099,990,1008
370100,990,1012
370101,996,1015
370102,999,1016
370103,1002,1015
370104,1001,1015
370105,995,1014
370106,994,1019
370107,996,1020
370108,999,1025
370109,1000,1025
370110,995,1024
370111,992,1024
370112,992,1026
370113,994,1029
370114,997,1031
370115,996,1032
370116,991,1030
370117,987,1029
370118,982,1031
370119,985,1035
370120,984,1038
370121,981,1035
370122,976,1033
370123,975,1034
370124,976,1035
370125,977,1038
370126,979,1040
370127,977,1039
370128,973,1036
370129,971,1034
370130,969,1037
370131,971,1039
370132,976,1041
370133,976,1038
370134,973,1037
370135,969,1035
370136,964,1035
370137,967,1037
370138,972,1042
370139,974,1038
370140,971,1036
370141,966,1033
370142,967,1036
370143,970,1040
370144,973,1042
370145,973,1038
370146,972,1035
370147,969,1034
370148,972,1036
370149,974,1037
370150,977,1039
370151,979,1036
370152,977,1034
370153,975,1034
370154,977,1035
370155,974,1036
370156,980,1039
370157,980,1034
370158,979,1034
370159,976,1031
370160,977,1030
370161,978,1035
370162,979,1038
370163,981,1036
370164,979,1033
370165,975,1031
370166,975,1034
370167,975,1036
370168,975,1039
370169,975,1037
370170,975,1034
370171,970,1031
370172,969,1034
370173,972,1040
370174,976,1039
370175,976,1039
370176,973,1034
370177,968,1033
370178,965,1033
370179,967,1037
370180,971,1040
370181,972,1038
370182,972,1033
370183,968,1034
370184,968,1034
370185,969,1036
370186,974,1040
370187,971,1039
370188,967,1038
370189,965,1032
370190,962,1035
370191,966,1037
370192,965,1038
370193,968,1039
370194,970,1037
370195,967,1036
370196,968,1035
370197,967,1037
370198,971,1039
370199,973,1037
370200,972,1034
370201,970,1033
370202,968,1035
370203,968,1039
370204,972,1040
370205,975,1040
370206,977,1036
370207,973,1035
370208,970,1035
370209,973,1038
370210,977,1041
370211,978,1041
370212,979,1037
370213,978,1036
370214,976,1038
370215,979,1040
370216,981,1040
370217,983,1040
370218,981,1035
370219,976,1033
370220,982,1029
370221,991,1030
370222,1004,1028
370223,1018,1027
370224,1033,1023
370225,1054,1020
370226,1086,1014
370227,1123,1008
370228,1162,999
370229,1202,992
370230,1236,990
370231,1262,995
370232,1272,1011
370233,1258,1029
370234,1225,1039
370235,1175,1036
370236,1115,1041
370237,1054,1051
370238,997,1064
370239,963,1072
370240,946,1075
370241,950,1072
370242,956,1063
370243,962,1051
370244,966,1042
370245,966,1041
370246,965,1042
370247,968,1040
370248,964,1038
370249,960,1033
370250,956,1036
370251,953,1037
370252,954,1039
370253,955,1041
370254,955,1037
370255,951,1035
370256,951,1039
370257,953,1041
370258,949,1044
370259,950,1042
370260,947,1040
370261,947,1038
370262,944,1038
370263,953,1041
370264,953,1040
370265,954,1039
370266,954,1036
370267,950,1034
370268,947,1039
370269,947,1040
370270,949,1042
370271,949,1039
370272,947,1038
370273,945,1036
370274,943,1038
370275,945,1042
370276,947,1046
370277,949,1042
370278,950,1040
370279,947,1038
370280,949,1036
370281,950,1038
370282,952,1039
370283,947,1040
370284,948,1036
370285,947,1034
370286,948,1035
370287,952,1035
370288,951,1039
370289,951,1034
370290,948,1033
370291,947,1027
370292,948,1029
370293,950,1033
370294,957,1029
370295,956,1028
370296,955,1026
370297,954,1021
370298,955,1019
370299,960,1020
370300,963,1023
370301,964,1018
370302,963,1015
370303,961,1010
370304,963,1007
370305,959,1010
370306,969,1009
370307,970,1007
370308,970,1002
370309,970,998
370310,971,1000
370311,974,1005
370312,978,1002
370313,979,1001
370314,976,995
370315,974,992
370316,971,993
370317,972,995
370318,975,999
370319,975,996
370320,971,995
370321,967,993
370322,968,995
370323,971,998
370324,976,1001
370325,980,1002
370326,978,1000
370327,977,997
370328,976,1003
370329,979,1004
370330,982,1011
370331,983,1008
370332,981,1010
370333,978,1009
370334,976,1010
370335,976,1018
370336,981,1021
370337,978,1021
370338,977,1022
370339,971,1022
370340,969,1024
370341,970,1028
370342,972,1035
370343,971,1034
370344,971,1033
370345,967,1033
370346,968,1035
370347,964,1039
370348,969,1042
370349,969,1043
370350,967,1039
370351,967,1040
370352,967,1043
370353,966,1042
370354,969,1045
370355,969,1043
370356,965,1038
370357,962,1035
370358,964,1039
370359,963,1039
370360,966,1042
370361,965,1040
370362,962,1040
370363,957,1040
370364,957,1042
370365,959,1044
370366,960,1048
370367,962,1048
370368,958,1044
370369,959,1042
370370,959,1044
370371,965,1048
370372,969,1050
370373,969,1049
370374,967,1045
370375,964,1043
370376,963,1045
370377,965,1046
370378,972,1046
370379,971,1045
370380,970,1042
370381,967,1039
370382,965,1043
370383,965,1043
370384,969,1045
370385,971,1047
370386,969,1042
370387,967,1041
370388,965,1039
370389,970,1045
370390,971,1046
370391,971,1042
370392,968,1040
370393,965,1040
370394,964,1039
370395,964,1041
370396,971,1044
370397,971,1042
370398,968,1039
370399,965,1037
370400,965,1039
370401,967,1040
370402,972,1041
370403,972,1039
370404,969,1038
370405,966,1036
370406,963,1037
370407,967,1038
370408,969,1039
370409,968,1034
370410,966,1030
370411,963,1030
370412,961,1031
370413,965,1035
370414,964,1038
370415,966,1041
370416,964,1039
370417,963,1036
370418,961,1039
370419,965,1044
370420,967,1046
370421,967,1044
370422,968,1043
370423,965,1040
370424,964,1042
370425,968,1044
370426,966,1043
370427,969,1045
370428,966,1042
370429,964,1039
370430,963,1042
370431,962,1043
370432,967,1048
370433,967,1042
370434,964,1043
370435,962,1042
370436,961,1040
370437,961,1044
370438,968,1045
370439,967,1045
370440,965,1042
370441,962,1040
370442,964,1037
370443,968,1041
370444,971,1043
370445,971,1045
370446,968,1038
370447,966,1038
370448,964,1043
370449,968,1042
370450,972,1046
370451,975,1044
370452,974,1040
370453,971,1037
370454,972,1035
370455,972,1037
370456,986,1037
370457,992,1029
370458,1001,1026
370459,1015,1023
370460,1034,1021
370461,1057,1023
370462,1090,1019
370463,1124,1010
370464,1155,1000
370465,1186,994
370466,1220,994
370467,1250,997
370468,1269,1014
370469,1261,1028
370470,1228,1032
370471,1174,1033
370472,1116,1041
370473,1060,1050
370474,1013,1067
370475,970,1073
370476,948,1075
370477,942,1073
370478,949,1071
370479,961,1065
370480,968,1059
370481,973,1050
370482,968,1044
370483,961,1043
370484,958,1042
370485,959,1045
370486,955,1047
370487,953,1045
370488,947,1043
370489,946,1042
370490,942,1043
370491,945,1047
370492,948,1049
370493,947,1048
370494,946,1044
370495,943,1043
370496,940,1047
370497,943,1046
370498,946,1052
370499,947,1048
370500,942,1046
370501,941,1047
370502,944,1046
370503,947,1049
370504,949,1052
370505,951,1046
370506,947,1046
370507,946,1043
370508,946,1046
370509,949,1048
370510,949,1046
370511,950,1042
370512,949,1040
370513,945,1036
370514,944,1037
370515,948,1039
370516,948,1042
370517,951,1041
370518,948,1039
370519,947,1035
370520,947,1037
370521,949,1038
370522,948,1039
370523,948,1037
370524,948,1035
370525,942,1034
370526,942,1032
370527,946,1037
370528,947,1037
370529,948,1038
370530,951,1031
370531,949,1030
370532,946,1031
370533,952,1031
370534,954,1032
370535,956,1032
370536,954,1026
370537,952,1026
370538,951,1026
370539,953,1027
370540,955,1031
370541,959,1025
370542,959,1019
370543,954,1016
370544,958,1019
370545,962,1021
370546,963,1020
370547,963,1021
370548,963,1017
370549,959,1015
370550,959,1017
370551,961,1019
370552,962,1017
370553,964,1013
370554,964,1009
370555,966,1007
370556,968,1006
370557,971,1009
370558,974,1008
370559,975,1005
370560,975,1002
370561,971,1000
370562,973,999
370563,976,1002
370564,980,1004
370565,984,1000
370566,983,1001
370567,980,998
370568,977,1000
370569,981,1004
370570,983,1009
370571,984,1009
370572,982,1009
370573,978,1009
370574,976,1013
370575,979,1020
370576,983,1023
370577,980,1027
370578,980,1027
370579,973,1028
370580,970,1028
370581,972,1035
370582,974,1038
370583,972,1040
370584,967,1039
370585,966,1039
370586,962,1044
370587,964,1045
370588,967,1048
370589,964,1048
370590,962,1048
370591,958,1047
370592,959,1047
370593,958,1055
370594,962,1054
370595,966,1054
370596,960,1049
370597,957,1049
370598,956,1049
370599,960,1049
370600,962,1049
370601,961,1045
370602,956,1043
370603,956,1039
370604,956,1042
370605,957,1040
370606,962,1045
370607,964,1043
370608,962,1037
370609,955,1034
370610,955,1036
370611,959,1040
370612,962,1039
370613,967,1037
370614,965,1037
370615,965,1035
370616,963,1037
370617,966,1038
370618,967,1039
370619,967,1037
370620,967,1034
370621,964,1032
370622,970,1034
370623,973,1038
370624,980,1038
370625,985,1038
370626,986,1037
370627,987,1039
370628,988,1041
370629,990,1047
370630,992,1053
370631,1000,1050
370632,1006,1049
370633,1015,1039
370634,1028,1026
370635,1044,1013
370636,1062,1001
370637,1079,985
370638,1091,968
370639,1103,952
370640,1123,937
370641,1142,921
370642,1164,903
370643,1182,881
370644,1190,860
370645,1204,843
370646,1217,830
370647,1229,820
370648,1240,812
370649,1238,803
370650,1231,799
370651,1219,799
370652,1214,796
370653,1215,799
370654,1212,805
370655,1203,802
370656,1187,802
370657,1170,805
370658,1146,813
370659,1129,823
370660,1112,834
370661,1092,840
370662,1071,849
370663,1053,862
370664,1046,880
370665,1044,893
370666,1043,910
370667,1039,920
370668,1030,931
370669,1020,940
370670,1015,951
370671,1023,965
370672,1033,973
370673,1046,983
370674,1057,985
370675,1059,985
370676,1051,991
370677,1027,998
370678,991,1012
370679,949,1021
370680,921,1030
370681,909,1045
370682,903,1064
370683,900,1082
370684,896,1093
370685,892,1094
370686,882,1095
370687,881,1098
370688,875,1104
370689,874,1109
370690,874,1116
370691,870,1119
370692,867,1115
370693,862,1117
370694,866,1118
370695,865,1123
370696,868,1126
370697,867,1125
370698,864,1123
370699,859,1121
370700,857,1127
370701,859,1128
370702,860,1134
370703,854,1132
370704,854,1132
370705,852,1134
370706,848,1134
370707,849,1140
370708,845,1140
370709,844,1143
370710,841,1143
370711,836,1142
370712,833,1148
370713,834,1155
370714,837,1159
370715,838,1158
370716,835,1159
370717,832,1159
370718,829,1165
370719,831,1170
370720,832,1173
370721,834,1176
370722,828,1177
370723,826,1178
370724,826,1181
370725,826,1186
370726,832,1189
370727,829,1190
370728,828,1191
370729,823,1192
370730,828,1195
370731,833,1199
370732,835,1200
370733,836,1201
370734,840,1197
370735,839,1197
370736,840,1201
370737,846,1200
370738,850,1202
370739,849,1200
370740,851,1195
370741,854,1190
370742,860,1185
370743,865,1182
370744,869,1182
370745,873,1179
370746,878,1171
370747,884,1161
370748,889,1158
370749,895,1156
370750,903,1154
370751,904,1147
370752,908,1139
370753,907,1132
370754,908,1126
370755,914,1126
370756,921,1123
370757,928,1115
370758,929,1108
370759,924,1098
370760,920,1096
370761,923,1095
370762,927,1094
370763,932,1085
370764,930,1081
370765,929,1076
370766,926,1073
370767,933,1074
370768,934,1074
370769,937,1067
370770,935,1064
370771,932,1061
370772,931,1060
370773,936,1062
370774,939,1061
370775,939,1057
370776,937,1057
370777,937,1050
370778,938,1055
370779,942,1055
370780,948,1058
370781,944,1057
370782,940,1053
370783,933,1052
370784,938,1052
370785,942,1051
370786,947,1052
370787,946,1049
370788,941,1044
370789,935,1042
370790,942,1042
370791,946,1046
370792,945,1044
370793,945,1043
370794,943,1041
370795,945,1041
370796,949,1044
370797,948,1044
370798,950,1049
370799,947,1043
370800,945,1044
370801,944,1040
370802,948,1044
370803,953,1045
370804,955,1046
370805,956,1043
370806,951,1039
370807,952,1037
370808,951,1039
370809,951,1040
370810,956,1042
370811,956,1040
370812,955,1038
370813,955,1038
370814,954,1038
370815,956,1039
370816,961,1042
370817,959,1042
370818,958,1039
370819,951,1036
370820,947,1041
370821,952,1042
370822,955,1045
370823,957,1044
370824,954,1040
370825,952,1039
370826,953,1040
370827,954,1044
370828,962,1045
370829,958,1042
370830,958,1039
370831,952,1038
370832,951,1041
370833,953,1043
370834,956,1045
370835,956,1043
370836,954,1040
370837,953,1037
370838,954,1041
370839,956,1042
370840,959,1040
370841,956,1039
370842,955,1037
370843,954,1037
370844,956,1042
370845,959,1039
370846,966,1042
370847,962,1039
370848,959,1039
370849,954,1038
370850,954,1042
370851,957,1043
370852,960,1046
370853,961,1043
370854,956,1044
370855,955,1040
370856,955,1042
370857,955,1045
370858,958,1048
370859,960,1045
370860,956,1042
370861,953,1042
370862,951,1044
370863,957,1046
370864,961,1047
370865,963,1046
370866,961,1039
370867,958,1039
370868,955,1042
370869,957,1043
370870,959,1047
370871,960,1043
370872,956,1042
370873,950,1043
370874,952,1045
370875,954,1046
370876,958,1046
370877,958,1046
370878,953,1041
370879,951,1039
370880,952,1040
370881,953,1038
370882,958,1041
370883,960,1034
370884,961,1031
370885,957,1030
370886,955,1032
370887,959,1033
370888,960,1033
370889,960,1033
370890,957,1032
370891,957,1029
370892,955,1029
370893,957,1034
370894,957,1035
370895,956,1034
370896,954,1029
370897,956,1030
370898,954,1032
370899,958,1032
370900,961,1037
370901,958,1035
370902,957,1035
370903,954,1035
370904,953,1036
370905,958,1038
370906,961,1041
370907,963,1039
370908,963,1039
370909,958,1040
370910,959,1039
370911,963,1041
370912,968,1044
370913,967,1041
370914,966,1039
370915,960,1038
370916,962,1039
370917,959,1043
370918,960,1045
370919,960,1045
370920,959,1039
370921,956,1038
370922,959,1042
370923,961,1046
370924,963,1047
370925,964,1045
370926,966,1040
370927,961,1039
370928,958,1040
370929,960,1044
370930,963,1045
370931,963,1044
370932,960,1041
370933,957,1038
370934,960,1041
370935,961,1043
370936,962,1043
370937,965,1044
370938,961,1039
370939,957,1039
370940,957,1040
370941,960,1043
370942,961,1044
370943,964,1039
370944,963,1038
370945,960,1035
370946,960,1038
370947,960,1039
370948,962,1042
370949,962,1040
370950,963,1038
370951,961,1035
370952,958,1036
370953,960,1040
370954,967,1042
370955,968,1041
370956,967,1039
370957,965,1038
370958,965,1040
370959,968,1046
370960,968,1045
370961,969,1042
370962,966,1043
370963,965,1042
370964,964,1041
370965,969,1045
370966,972,1044
370967,972,1041
370968,970,1045
370969,966,1043
370970,966,1045
370971,965,1046
370972,969,1049
370973,969,1048
370974,967,1045
370975,967,1042
370976,969,1042
370977,972,1043
370978,977,1044
370979,975,1041
370980,972,1037
370981,968,1035
370982,967,1038
370983,973,1039
370984,975,1039
370985,977,1037
370986,976,1034
370987,974,1034
370988,975,1036
370989,978,1039
370990,977,1041
370991,979,1038
370992,977,1035
370993,976,1036
370994,977,1036
370995,980,1036
370996,985,1034
370997,989,1029
370998,988,1025
370999,1000,1019
371000,1011,1021
371001,1029,1020
371002,1051,1018
371003,1075,1016
371004,1104,1007
371005,1130,997
371006,1170,992
371007,1213,995
371008,1249,1002
371009,1278,1011
371010,1278,1025
371011,1260,1034
371012,1221,1044
371013,1171,1047
371014,1123,1054
371015,1070,1062
371016,1020,1066
371017,976,1071
371018,955,1075
371019,954,1079
371020,964,1074
371021,970,1065
371022,970,1057
371023,968,1050
371024,969,1049
371025,969,1049
371026,971,1049
371027,969,1047
371028,966,1044
371029,961,1043
371030,958,1046
371031,957,1047
371032,958,1047
371033,956,1047
371034,957,1044
371035,956,1043
371036,952,1044
371037,952,1047
371038,957,1049
371039,957,1048
371040,955,1048
371041,953,1044
371042,950,1048
371043,952,1050
371044,956,1051
371045,956,1048
371046,954,1047
371047,953,1046
371048,952,1046
371049,953,1048
371050,957,1050
371051,956,1045
371052,952,1045
371053,950,1043
371054,951,1045
371055,952,1045
371056,954,1046
371057,958,1047
371058,957,1043
371059,955,1040
371060,957,1041
371061,960,1043
371062,962,1045
371063,963,1044
371064,960,1042
371065,957,1041
371066,960,1042
371067,963,1045
371068,966,1046
371069,963,1040
371070,961,1036
371071,956,1031
371072,954,1036
371073,960,1035
371074,964,1036
371075,963,1036
371076,961,1030
371077,960,1030
371078,959,1032
371079,965,1034
371080,970,1034
371081,968,1031
371082,969,1026
371083,967,1024
371084,966,1025
371085,970,1027
371086,970,1027
371087,971,1024
371088,969,1019
371089,971,1019
371090,970,1019
371091,977,1023
371092,979,1023
371093,982,1019
371094,978,1014
371095,976,1013
371096,977,1013
371097,981,1016
371098,985,1016
371099,987,1012
371100,986,1010
371101,984,1008
371102,984,1010
371103,986,1012
371104,989,1011
371105,989,1009
371106,991,1008
371107,991,1006
371108,991,1008
371109,996,1008
371110,1000,1009
371111,1002,1010
371112,1003,1008
371113,999,1005
371114,1000,1009
371115,1004,1013
371116,1006,1015
371117,1005,1016
371118,1003,1018
371119,1002,1014
371120,1002,1019
371121,1003,1024
371122,1005,1028
371123,1004,1030
371124,1003,1029
371125,1001,1031
371126,997,1033
371127,999,1038
371128,1000,1042
371129,996,1041
371130,993,1040
371131,988,1039
371132,985,1043
371133,986,1046
371134,986,1049
371135,984,1051
371136,981,1047
371137,978,1048
371138,975,1052
371139,979,1055
371140,977,1055
371141,978,1055
371142,977,1053
371143,977,1051
371144,977,1052
371145,976,1054
371146,979,1058
371147,980,1053
371148,977,1051
371149,975,1049
371150,975,1049
371151,980,1054
371152,982,1053
371153,982,1050
371154,977,1047
371155,974,1045
371156,972,1046
371157,977,1044
371158,975,1046
371159,979,1044
371160,978,1042
371161,973,1040
371162,973,1040
371163,974,1044
371164,978,1044
371165,975,1039
371166,973,1036
371167,970,1036
371168,971,1038
371169,971,1040
371170,974,1040
371171,975,1038
371172,976,1038
371173,975,1035
371174,971,1038
371175,970,1043
371176,973,1044
371177,975,1040
371178,972,1039
371179,971,1038
371180,974,1040
371181,977,1042
371182,978,1043
371183,975,1044
371184,971,1037
371185,971,1037
371186,971,1039
371187,974,1042
371188,977,1043
371189,977,1040
371190,977,1041
371191,971,1038
371192,971,1042
371193,975,1044
371194,976,1044
371195,978,1044
371196,977,1039
371197,970,1037
371198,970,1040
371199,968,1044
371200,972,1044
371201,972,1044
371202,968,1044
371203,966,1041
371204,965,1043
371205,968,1047
371206,971,1048
371207,976,1048
371208,971,1044
371209,968,1042
371210,967,1045
371211,970,1049
371212,972,1052
371213,975,1051
371214,972,1045
371215,970,1046
371216,970,1048
371217,971,1049
371218,971,1053
371219,970,1051
371220,969,1050
371221,967,1048
371222,967,1051
371223,972,1053
371224,973,1053
371225,974,1052
371226,968,1050
371227,964,1051
371228,963,1050
371229,968,1052
371230,970,1054
371231,967,1051
371232,968,1047
371233,968,1047
371234,966,1048
371235,970,1050
371236,971,1051
371237,971,1049
371238,967,1046
371239,963,1047
371240,965,1048
371241,967,1049
371242,969,1053
371243,969,1048
371244,967,1046
371245,967,1044
371246,968,1044
371247,966,1047
371248,970,1047
371249,967,1045
371250,967,1043
371251,963,1042
371252,964,1043
371253,970,1044
371254,972,1045
371255,969,1045
371256,969,1041
371257,967,1040
371258,966,1041
371259,966,1044
371260,970,1047
371261,969,1043
371262,966,1044
371263,966,1042
371264,965,1045
371265,967,1047
371266,969,1047
371267,967,1047
371268,967,1045
371269,965,1046
371270,964,1047
371271,967,1052
371272,968,1053
371273,973,1055
371274,973,1052
371275,971,1048
371276,971,1051
371277,970,1053
371278,973,1054
371279,975,1053
371280,974,1051
371281,974,1051
371282,971,1048
371283,976,1048
371284,975,1051
371285,978,1050
371286,975,1044
371287,973,1040
371288,971,1043
371289,973,1044
371290,978,1043
371291,981,1040
371292,988,1035
371293,992,1029
371294,1004,1029
371295,1020,1029
371296,1041,1028
371297,1059,1022
371298,1087,1014
371299,1118,1005
371300,1152,999
371301,1188,995
371302,1227,996
371303,1255,997
371304,1270,1010
371305,1260,1024
371306,1228,1037
371307,1180,1045
371308,1127,1051
371309,1072,1061
371310,1020,1070
371311,980,1075
371312,959,1081
371313,956,1084
371314,965,1080
371315,969,1072
371316,974,1057
371317,974,1051
371318,968,1049
371319,967,1052
371320,966,1055
371321,963,1053
371322,959,1050
371323,953,1051
371324,953,1055
371325,954,1057
371326,956,1059
371327,955,1057
371328,951,1054
371329,950,1054
371330,950,1053
371331,951,1054
371332,953,1056
371333,953,1053
371334,953,1050
371335,948,1049
371336,948,1049
371337,952,1051
371338,955,1052
371339,952,1050
371340,951,1047
371341,947,1046
371342,948,1045
371343,947,1047
371344,954,1048
371345,950,1043
371346,950,1042
371347,945,1041
371348,946,1043
371349,947,1045
371350,950,1048
371351,952,1047
371352,949,1044
371353,949,1043
371354,948,1045
371355,951,1046
371356,954,1049
371357,954,1047
371358,949,1043
371359,948,1044
371360,949,1046
371361,951,1047
371362,955,1046
371363,958,1042
371364,953,1043
371365,952,1039
371366,950,1044
371367,955,1044
371368,959,1046
371369,958,1043
371370,958,1038
371371,956,1039
371372,956,1037
371373,957,1039
371374,959,1041
371375,962,1039
371376,960,1034
371377,960,1034
371378,960,1032
371379,964,1032
371380,970,1034
371381,971,1028
371382,968,1026
371383,971,1023
371384,969,1025
371385,975,1026
371386,976,1025
371387,975,1024
371388,975,1019
371389,974,1016
371390,974,1016
371391,977,1016
371392,981,1016
371393,982,1012
371394,983,1009
371395,981,1008
371396,983,1011
371397,983,1014
371398,988,1015
371399,988,1012
371400,986,1012
371401,984,1011
371402,983,1012
371403,985,1018
371404,988,1020
371405,986,1015
371406,989,1015
371407,988,1018
371408,983,1021
371409,984,1024
371410,988,1026
371411,985,1027
371412,979,1028
371413,977,1028
371414,977,1033
371415,981,1038
371416,981,1039
371417,978,1040
371418,973,1039
371419,970,1038
371420,970,1041
371421,967,1044
371422,969,1047
371423,968,1046
371424,967,1047
371425,966,1048
371426,961,1049
371427,966,1052
371428,965,1056
371429,966,1053
371430,965,1051
371431,957,1050
371432,960,1050
371433,961,1055
371434,964,1056
371435,966,1056
371436,964,1054
371437,961,1052
371438,963,1051
371439,964,1054
371440,969,1054
371441,971,1053
371442,968,1052
371443,969,1048
371444,969,1054
371445,972,1054
371446,976,1052
371447,976,1051
371448,977,1049
371449,979,1050
371450,983,1055
371451,987,1057
371452,996,1061
371453,999,1062
371454,1002,1058
371455,1001,1056
371456,1008,1061
371457,1017,1061
371458,1032,1057
371459,1044,1044
371460,1054,1027
371461,1062,1010
371462,1074,997
371463,1091,986
371464,1110,974
371465,1124,956
371466,1139,937
371467,1154,917
371468,1173,895
371469,1196,876
371470,1215,852
371471,1225,833
371472,1237,817
371473,1239,809
371474,1236,804
371475,1236,802
371476,1237,798
371477,1231,797
371478,1221,792
371479,1208,789
371480,1191,791
371481,1174,797
371482,1159,800
371483,1134,806
371484,1111,811
371485,1085,820
371486,1062,833
371487,1047,851
371488,1037,866
371489,1032,880
371490,1027,895
371491,1025,907
371492,1020,924
371493,1018,937
371494,1021,948
371495,1026,956
371496,1031,962
371497,1037,973
371498,1050,983
371499,1060,991
371500,1061,994
371501,1044,1000
371502,1011,1006
371503,974,1016
371504,944,1031
371505,923,1047
371506,922,1065
371507,917,1078
371508,909,1086
371509,900,1094
371510,895,1100
371511,893,1105
371512,895,1110
371513,890,1113
371514,884,1111
371515,880,1114
371516,879,1117
371517,877,1121
371518,878,1126
371519,872,1127
371520,866,1129
371521,864,1129
371522,863,1133
371523,865,1134
371524,866,1140
371525,861,1142
371526,859,1142
371527,854,1141
371528,851,1145
371529,853,1151
371530,856,1153
371531,853,1155
371532,848,1156
371533,844,1156
371534,843,1161
371535,845,1164
371536,849,1167
371537,847,1167
371538,845,1165
371539,840,1163
371540,839,1168
371541,841,1176
371542,846,1180
371543,845,1183
371544,843,1183
371545,841,1187
371546,839,1193
371547,845,1196
371548,849,1200
371549,850,1200
371550,851,1201
371551,851,1200
371552,849,1205
371553,856,1209
371554,860,1214
371555,859,1212
371556,859,1209
371557,858,1208
371558,861,1211
371559,867,1212
371560,871,1209
371561,876,1208
371562,877,1205
371563,880,1200
371564,883,1200
371565,888,1200
371566,896,1197
371567,901,1192
371568,903,1184
371569,906,1177
371570,907,1175
371571,915,1174
371572,921,1170
371573,924,1161
371574,924,1155
371575,924,1148
371576,924,1144
371577,931,1139
371578,935,1136
371579,935,1129
371580,937,1121
371581,935,1114
371582,936,1113
371583,936,1108
371584,935,1105
371585,935,1100
371586,932,1091
371587,934,1084
371588,934,1083
371589,937,1082
371590,941,1078
371591,941,1072
371592,940,1068
371593,940,1064
371594,939,1063
371595,941,1065
371596,945,1066
371597,945,1062
371598,946,1059
371599,940,1057
371600,942,1058
371601,943,1061
371602,946,1060
371603,945,1059
371604,945,1054
371605,941,1053
371606,941,1056
371607,946,1055
371608,950,1058
371609,950,1053
371610,950,1052
371611,944,1051
371612,945,1051
371613,947,1053
371614,950,1055
371615,949,1053
371616,947,1048
371617,945,1047
371618,944,1049
371619,947,1051
371620,951,1050
371621,951,1049
371622,948,1048
371623,946,1045
371624,946,1048
371625,951,1048
371626,950,1050
371627,952,1046
371628,950,1044
371629,950,1044
371630,949,1048
371631,951,1048
371632,951,1050
371633,949,1050
371634,947,1048
371635,947,1049
371636,947,1049
371637,949,1052
371638,956,1054
371639,955,1052
371640,952,1049
371641,950,1048
371642,949,1051
371643,953,1053
371644,955,1055
371645,956,1053
371646,953,1050
371647,951,1049
371648,952,1054
371649,952,1054
371650,957,1055
371651,954,1053
371652,950,1048
371653,950,1048
371654,950,1049
371655,955,1051
371656,955,1054
371657,955,1050
371658,954,1047
371659,951,1046
371660,949,1051
371661,952,1052
371662,958,1051
371663,957,1049
371664,953,1049
371665,952,1046
371666,952,1047
371667,953,1048
371668,956,1050
371669,953,1047
371670,955,1044
371671,952,1042
371672,949,1045
371673,953,1045
371674,958,1047
371675,958,1044
371676,958,1043
371677,953,1042
371678,953,1043
371679,955,1047
371680,955,1047
371681,956,1044
371682,956,1043
371683,951,1043
371684,952,1045
371685,957,1049
371686,961,1048
371687,958,1047
371688,957,1045
371689,953,1043
371690,951,1047
371691,954,1051
371692,955,1052
371693,956,1051
371694,957,1048
371695,954,1047
371696,956,1049
371697,956,1050
371698,958,1050
371699,957,1047
371700,958,1047
371701,956,1047
371702,959,1046
371703,964,1049
371704,964,1049
371705,960,1049
371706,957,1044
371707,953,1044
371708,952,1046
371709,955,1047
371710,956,1048
371711,956,1046
371712,955,1045
371713,954,1046
371714,957,1046
371715,961,1045
371716,962,1048
371717,959,1045
371718,955,1044
371719,953,1043
371720,952,1045
371721,954,1050
371722,959,1050
371723,958,1049
371724,958,1046
371725,954,1044
371726,955,1048
371727,959,1051
371728,961,1048
371729,960,1047
371730,956,1043
371731,955,1044
371732,957,1044
371733,959,1050
371734,963,1052
371735,959,1051
371736,955,1048
371737,951,1048
371738,952,1051
371739,957,1052
371740,960,1052
371741,961,1050
371742,959,1047
371743,958,1046
371744,956,1046
371745,958,1049
371746,960,1051
371747,960,1048
371748,962,1044
371749,961,1041
371750,960,1043
371751,961,1046
371752,965,1047
371753,967,1040
371754,964,1040
371755,963,1039
371756,962,1039
371757,965,1039
371758,965,1043
371759,970,1041
371760,968,1039
371761,966,1037
371762,961,1039
371763,958,1044
371764,962,1045
371765,963,1044
371766,964,1042
371767,959,1040
371768,963,1042
371769,967,1045
371770,970,1045
371771,967,1043
371772,963,1040
371773,963,1040
371774,964,1042
371775,965,1045
371776,968,1047
371777,968,1044
371778,964,1045
371779,961,1046
371780,963,1049
371781,967,1053
371782,969,1054
371783,970,1052
371784,969,1048
371785,962,1048
371786,963,1048
371787,966,1048
371788,969,1048
371789,969,1045
371790,963,1042
371791,962,1040
371792,963,1041
371793,961,1043
371794,964,1043
371795,963,1045
371796,961,1043
371797,959,1041
371798,962,1042
371799,965,1043
371800,970,1044
371801,971,1042
371802,970,1039
371803,963,1038
371804,962,1041
371805,961,1043
371806,962,1041
371807,964,1041
371808,963,1038
371809,960,1038
371810,962,1042
371811,969,1046
371812,974,1043
371813,973,1042
371814,971,1038
371815,966,1039
371816,965,1040
371817,970,1045
371818,973,1049
371819,978,1047
371820,975,1044
371821,974,1042
371822,974,1044
371823,979,1046
371824,980,1047
371825,974,1043
371826,976,1040
371827,977,1037
371828,977,1038
371829,981,1038
371830,987,1036
371831,999,1033
371832,1011,1028
371833,1024,1025
371834,1043,1021
371835,1071,1021
371836,1104,1012
371837,1136,996
371838,1171,983
371839,1204,975
371840,1238,978
371841,1263,990
371842,1264,1013
371843,1231,1025
371844,1179,1031
371845,1117,1037
371846,1062,1043
371847,1015,1056
371848,983,1067
371849,962,1069
371850,955,1065
371851,955,1061
371852,964,1050
371853,971,1045
371854,971,1041
371855,967,1040
371856,960,1038
371857,955,1039
371858,954,1042
371859,957,1044
371860,961,1044
371861,956,1043
371862,950,1043
371863,946,1042
371864,946,1045
371865,949,1048
371866,949,1050
371867,951,1046
371868,948,1045
371869,950,1045
371870,947,1048
371871,950,1049
371872,953,1048
371873,952,1047
371874,950,1046
371875,947,1043
371876,945,1045
371877,948,1048
371878,951,1047
371879,951,1046
371880,949,1042
371881,944,1039
371882,943,1043
371883,941,1045
371884,944,1043
371885,945,1044
371886,944,1044
371887,942,1040
371888,940,1041
371889,943,1043
371890,942,1045
371891,941,1042
371892,937,1039
371893,941,1039
371894,941,1038
371895,944,1043
371896,946,1043
371897,944,1040
371898,942,1036
371899,939,1035
371900,940,1037
371901,941,1039
371902,943,1041
371903,946,1035
371904,943,1032
371905,945,1032
371906,945,1032
371907,950,1032
371908,955,1034
371909,952,1029
371910,951,1023
371911,949,1021
371912,953,1022
371913,960,1024
371914,963,1021
371915,965,1018
371916,963,1013
371917,960,1010
371918,962,1013
371919,964,1013
371920,968,1012
371921,968,1009
371922,965,1004
371923,964,1002
371924,963,1003
371925,970,1007
371926,972,1005
371927,970,1004
371928,967,1000
371929,966,1001
371930,970,1003
371931,971,1004
371932,978,1004
371933,979,1005
371934,975,1003
371935,973,1000
371936,975,1006
371937,978,1008
371938,983,1008
371939,985,1011
371940,983,1007
371941,981,1006
371942,983,1009
371943,989,1014
371944,998,1014
371945,996,1015
371946,992,1013
371947,985,1013
371948,984,1018
371949,987,1020
371950,989,1024
371951,983,1024
371952,980,1024
371953,978,1027
371954,978,1027
371955,980,1032
371956,981,1036
371957,979,1030
371958,975,1028
371959,971,1027
371960,967,1029
371961,970,1029
371962,970,1033
371963,964,1031
371964,962,1030
371965,956,1030
371966,959,1030
371967,961,1034
371968,962,1034
371969,960,1032
371970,954,1033
371971,949,1030
371972,951,1034
371973,958,1040
371974,961,1039
371975,962,1038
371976,958,1037
371977,955,1035
371978,956,1040
371979,960,1043
371980,961,1040
371981,960,1042
371982,959,1041
371983,954,1042
371984,954,1044
371985,956,1050
371986,962,1049
371987,960,1045
371988,957,1044
371989,954,1041
371990,956,1043
371991,958,1046
371992,959,1047
371993,960,1046
371994,959,1042
371995,954,1039
371996,960,1041
371997,962,1043
371998,965,1041
371999,965,1038
372000,963,1033
372001,961,1030
372002,963,1034
372003,962,1031
372004,965,1033
372005,963,1032
372006,961,1027
372007,959,1025
372008,956,1027
372009,958,1029
372010,962,1029
372011,958,1025
372012,960,1024
372013,959,1021
372014,959,1026
372015,962,1026
372016,964,1026
372017,962,1025
372018,961,1024
372019,956,1023
372020,960,1026
372021,961,1029
372022,963,1032
372023,961,1031
372024,959,1031
372025,955,1029
372026,957,1031
372027,959,1034
372028,961,1036
372029,960,1035
372030,958,1033
372031,955,1032
372032,955,1032
372033,957,1034
372034,962,1038
372035,962,1036
372036,961,1035
372037,959,1034
372038,958,1037
372039,961,1039
372040,965,1041
372041,962,1039
372042,957,1037
372043,955,1036
372044,955,1037
372045,958,1037
372046,963,1039
372047,961,1036
372048,960,1032
372049,955,1034
372050,958,1030
372051,963,1029
372052,970,1029
372053,977,1026
372054,988,1020
372055,999,1017
372056,1018,1013
372057,1050,1013
372058,1089,1004
372059,1127,996
372060,1169,990
372061,1210,999
372062,1243,1021
372063,1255,1048
372064,1237,1062
372065,1190,1065
372066,1127,1062
372067,1060,1067
372068,999,1085
372069,948,1102
372070,924,1112
372071,925,1111
372072,935,1096
372073,943,1079
372074,950,1064
372075,957,1057
372076,959,1049
372077,955,1044
372078,952,1041
372079,945,1038
372080,942,1040
372081,939,1041
372082,941,1041
372083,939,1040
372084,939,1035
372085,940,1035
372086,937,1036
372087,937,1038
372088,940,1039
372089,939,1036
372090,935,1036
372091,932,1031
372092,933,1033
372093,937,1035
372094,941,1037
372095,941,1034
372096,937,1032
372097,933,1031
372098,935,1032
372099,936,1037
372100,939,1034
372101,939,1033
372102,936,1032
372103,933,1031
372104,934,1035
372105,935,1039
372106,938,1038
372107,940,1034
372108,938,1033
372109,939,1031
372110,937,1032
372111,940,1034
372112,946,1032
372113,945,1030
372114,944,1027
372115,943,1025
372116,944,1024
372117,947,1023
372118,947,1023
372119,948,1023
372120,950,1018
372121,946,1017
372122,949,1017
372123,952,1018
372124,956,1017
372125,957,1013
372126,955,1007
372127,952,1004
372128,952,1003
372129,956,1002
372130,957,999
372131,959,998
372132,955,992
372133,952,990
372134,958,990
372135,960,991
372136,962,992
372137,960,991
372138,963,990
372139,962,987
372140,961,989
372141,962,991
372142,967,993
372143,966,990
372144,970,988
372145,968,987
372146,969,989
372147,973,992
372148,977,994
372149,977,991
372150,979,992
372151,978,990
372152,979,994
372153,980,996
372154,982,1000
372155,981,998
372156,978,998
372157,976,1001
372158,975,1004
372159,978,1008
372160,980,1012
372161,981,1012
372162,976,1011
372163,973,1013
372164,975,1017
372165,973,1024
372166,974,1027
372167,977,1027
372168,969,1028
372169,966,1031
372170,965,1032
372171,965,1037
372172,966,1039
372173,963,1036
372174,962,1037
372175,958,1037
372176,959,1043
372177,961,1046
372178,962,1048
372179,956,1047
372180,955,1044
372181,954,1045
372182,955,1045
372183,955,1049
372184,958,1046
372185,957,1046
372186,955,1045
372187,953,1043
372188,954,1049
372189,957,1052
372190,960,1052
372191,959,1051
372192,955,1049
372193,955,1045
372194,954,1049
372195,956,1050
372196,962,1050
372197,963,1048
372198,960,1046
372199,960,1042
372200,958,1045
372201,961,1047
372202,966,1046
372203,967,1043
372204,964,1037
372205,961,1037
372206,963,1036
372207,965,1038
372208,967,1041
372209,967,1040
372210,968,1037
372211,965,1035
372212,967,1037
372213,971,1038
372214,972,1041
372215,973,1040
372216,971,1036
372217,966,1034
372218,964,1039
372219,967,1042
372220,968,1044
372221,969,1042
372222,967,1043
372223,964,1042
372224,963,1044
372225,963,1045
372226,967,1047
372227,970,1044
372228,966,1043
372229,965,1044
372230,965,1044
372231,967,1046
372232,967,1047
372233,968,1047
372234,965,1042
372235,962,1043
372236,960,1045
372237,962,1048
372238,968,1049
372239,963,1050
372240,962,1046
372241,960,1046
372242,959,1051
372243,962,1052
372244,966,1052
372245,964,1048
372246,963,1046
372247,961,1043
372248,964,1043
372249,966,1046
372250,967,1047
372251,966,1045
372252,966,1043
372253,961,1041
372254,964,1044
372255,966,1044
372256,969,1044
372257,968,1041
372258,967,1038
372259,964,1039
372260,962,1040
372261,968,1042
372262,973,1044
372263,970,1043
372264,967,1040
372265,971,1037
372266,970,1038
372267,973,1042
372268,978,1041
372269,976,1042
372270,973,1037
372271,971,1036
372272,975,1037
372273,983,1037
372274,996,1036
372275,1007,1030
372276,1019,1023
372277,1033,1023
372278,1059,1023
372279,1092,1020
372280,1131,1012
372281,1165,1001
372282,1200,992
372283,1236,991
372284,1263,1002
372285,1272,1020
372286,1253,1037
372287,1205,1039
372288,1142,1038
372289,1078,1048
372290,1017,1064
372291,971,1079
372292,947,1087
372293,940,1084
372294,950,1076
372295,958,1062
372296,967,1053
372297,971,1046
372298,971,1043
372299,965,1040
372300,963,1037
372301,955,1037
372302,953,1039
372303,955,1044
372304,957,1042
372305,956,1042
372306,954,1038
372307,947,1039
372308,949,1039
372309,948,1044
372310,952,1044
372311,950,1042
372312,949,1040
372313,947,1040
372314,946,1042
372315,951,1043
372316,955,1044
372317,952,1041
372318,949,1036
372319,946,1036
372320,942,1038
372321,946,1043
372322,949,1045
372323,948,1045
372324,943,1042
372325,946,1041
372326,944,1044
372327,948,1044
372328,949,1046
372329,949,1045
372330,947,1044
372331,947,1040
372332,945,1040
372333,946,1045
372334,950,1046
372335,948,1044
372336,946,1040
372337,945,1041
372338,946,1040
372339,951,1043
372340,955,1041
372341,952,1042
372342,951,1037
372343,947,1035
372344,947,1038
372345,953,1035
372346,961,1035
372347,960,1030
372348,958,1025
372349,959,1025
372350,959,1024
372351,964,1028
372352,965,1024
372353,965,1021
372354,963,1016
372355,962,1014
372356,963,1015
372357,965,1011
372358,968,1010
372359,970,1008
372360,969,1005
372361,970,1003
372362,969,1004
372363,972,1007
372364,975,1006
372365,974,1002
372366,972,1001
372367,972,1000
372368,973,1003
372369,976,1004
372370,982,1006
372371,982,1007
372372,980,1004
372373,981,1004
372374,985,1005
372375,987,1007
372376,990,1009
372377,991,1010
372378,989,1006
372379,984,1009
372380,986,1014
372381,987,1019
372382,988,1019
372383,986,1020
372384,986,1015
372385,983,1015
372386,980,1019
372387,982,1023
372388,982,1027
372389,981,1029
372390,979,1028
372391,974,1029
372392,974,1035
372393,975,1038
372394,976,1042
372395,975,1041
372396,972,1038
372397,967,1039
372398,966,1040
372399,970,1043
372400,973,1046
372401,971,1043
372402,968,1042
372403,959,1042
372404,962,1047
372405,966,1049
372406,967,1048
372407,971,1046
372408,967,1041
372409,967,1043
372410,965,1045
372411,967,1045
372412,970,1046
372413,967,1046
372414,963,1041
372415,963,1044
372416,963,1045
372417,967,1048
372418,970,1049
372419,965,1047
372420,963,1045
372421,963,1041
372422,965,1046
372423,967,1048
372424,971,1049
372425,970,1046
372426,968,1043
372427,969,1042
372428,968,1045
372429,970,1046
372430,971,1046
372431,972,1043
372432,970,1039
372433,967,1037
372434,965,1040
372435,966,1040
372436,973,1041
372437,972,1039
372438,968,1036
372439,964,1035
372440,965,1039
372441,969,1044
372442,970,1044
372443,969,1041
372444,967,1040
372445,966,1038
372446,964,1042
372447,969,1042
372448,972,1044
372449,969,1039
372450,968,1038
372451,963,1039
372452,968,1039
372453,969,1042
372454,971,1044
372455,972,1040
372456,970,1037
372457,971,1035
372458,971,1037
372459,973,1041
372460,976,1042
372461,974,1040
372462,970,1038
372463,967,1038
372464,965,1039
372465,969,1042
372466,970,1039
372467,972,1041
372468,969,1036
372469,966,1037
372470,965,1039
372471,967,1042
372472,969,1042
372473,969,1040
372474,966,1039
372475,966,1038
372476,966,1041
372477,967,1046
372478,969,1046
372479,968,1045
372480,968,1042
372481,966,1043
372482,963,1043
372483,967,1046
372484,970,1046
372485,967,1043
372486,967,1042
372487,965,1042
372488,963,1043
372489,967,1046
372490,969,1045
372491,968,1045
372492,965,1044
372493,960,1043
372494,962,1047
372495,966,1047
372496,971,1046
372497,969,1043
372498,968,1041
372499,966,1043
372500,965,1044
372501,966,1047
372502,971,1047
372503,971,1043
372504,969,1041
372505,967,1040
372506,971,1042
372507,973,1044
372508,975,1045
372509,974,1043
372510,972,1039
372511,972,1037
372512,974,1038
372513,976,1040
372514,979,1040
372515,977,1034
372516,983,1029
372517,987,1025
372518,998,1023
372519,1012,1023
372520,1028,1023
372521,1050,1021
372522,1071,1013
372523,1094,1007
372524,1126,996
372525,1160,990
372526,1194,982
372527,1227,976
372528,1255,976
372529,1268,987
372530,1265,1011
372531,1237,1028
372532,1189,1032
372533,1128,1038
372534,1069,1043
372535,1009,1057
372536,969,1070
372537,951,1077
372538,955,1075
372539,959,1069
372540,966,1057
372541,967,1046
372542,969,1043
372543,967,1042
372544,968,1043
372545,964,1040
372546,959,1036
372547,957,1039
372548,955,1040
372549,955,1044
372550,956,1044
372551,952,1041
372552,949,1038
372553,945,1041
372554,946,1042
372555,951,1044
372556,951,1045
372557,952,1046
372558,951,1041
372559,949,1041
372560,949,1042
372561,954,1045
372562,958,1046
372563,955,1043
372564,949,1043
372565,949,1041
372566,950,1042
372567,954,1046
372568,955,1046
372569,953,1045
372570,952,1042
372571,947,1040
372572,947,1044
372573,948,1049
372574,954,1050
372575,952,1048
372576,945,1048
372577,946,1043
372578,945,1043
372579,950,1046
372580,951,1045
372581,951,1043
372582,947,1037
372583,947,1037
372584,949,1036
372585,954,1039
372586,955,1037
372587,952,1034
372588,952,1030
372589,949,1027
372590,950,1032
372591,954,1033
372592,955,1033
372593,955,1031
372594,956,1027
372595,951,1027
372596,952,1029
372597,957,1028
372598,963,1027
372599,962,1024
372600,959,1020
372601,958,1017
372602,956,1017
372603,963,1017
372604,967,1019
372605,964,1016
372606,959,1011
372607,963,1010
372608,967,1009
372609,971,1011
372610,975,1012
372611,975,1009
372612,973,1007
372613,971,1008
372614,972,1008
372615,975,1007
372616,981,1008
372617,978,1007
372618,979,1001
372619,979,1000
372620,977,1003
372621,979,1007
372622,983,1008
372623,985,1007
372624,984,1002
372625,979,1005
372626,979,1008
372627,984,1011
372628,988,1013
372629,989,1013
372630,987,1014
372631,985,1013
372632,986,1018
372633,988,1019
372634,990,1020
372635,987,1022
372636,985,1021
372637,984,1019
372638,983,1020
372639,983,1021
372640,984,1025
372641,984,1028
372642,980,1028
372643,976,1029
372644,975,1031
372645,976,1034
372646,979,1036
372647,975,1036
372648,973,1037
372649,971,1036
372650,970,1039
372651,973,1045
372652,974,1045
372653,971,1044
372654,972,1042
372655,968,1040
372656,968,1042
372657,968,1044
372658,972,1045
372659,975,1044
372660,970,1042
372661,970,1044
372662,972,1042
372663,976,1048
372664,978,1049
372665,974,1050
372666,972,1046
372667,971,1045
372668,972,1049
372669,973,1050
372670,976,1050
372671,976,1048
372672,977,1045
372673,978,1042
372674,978,1043
372675,982,1047
372676,984,1045
372677,983,1044
372678,980,1042
372679,980,1040
372680,982,1043
372681,989,1044
372682,996,1045
372683,1000,1040
372684,1001,1043
372685,1001,1042
372686,1001,1045
372687,1008,1052
372688,1020,1051
372689,1033,1044
372690,1042,1033
372691,1054,1016
372692,1066,1001
372693,1082,988
372694,1101,976
372695,1115,962
372696,1127,946
372697,1140,930
372698,1155,913
372699,1175,894
372700,1195,873
372701,1209,849
372702,1223,828
372703,1235,812
372704,1244,803
372705,1252,794
372706,1252,793
372707,1249,787
372708,1245,785
372709,1236,781
372710,1227,779
372711,1218,781
372712,1210,780
372713,1192,780
372714,1171,780
372715,1150,784
372716,1126,793
372717,1106,807
372718,1089,816
372719,1070,828
372720,1053,839
372721,1043,856
372722,1039,874
372723,1041,896
372724,1042,910
372725,1037,920
372726,1031,929
372727,1032,939
372728,1040,951
372729,1052,966
372730,1066,974
372731,1075,980
372732,1074,980
372733,1055,986
372734,1023,997
372735,985,1010
372736,953,1023
372737,930,1039
372738,916,1051
372739,908,1067
372740,902,1082
372741,901,1094
372742,899,1098
372743,895,1099
372744,888,1100
372745,883,1103
372746,879,1108
372747,879,1116
372748,878,1118
372749,878,1116
372750,877,1113
372751,871,1115
372752,871,1121
372753,873,1127
372754,872,1128
372755,868,1127
372756,866,1126
372757,864,1127
372758,864,1130
372759,864,1133
372760,866,1136
372761,868,1134
372762,865,1135
372763,861,1136
372764,859,1142
372765,861,1144
372766,862,1150
372767,860,1148
372768,858,1147
372769,854,1149
372770,853,1154
372771,856,1160
372772,853,1160
372773,855,1163
372774,853,1162
372775,850,1163
372776,849,1167
372777,852,1174
372778,854,1176
372779,855,1177
372780,850,1176
372781,847,1180
372782,848,1186
372783,852,1190
372784,858,1194
372785,859,1194
372786,856,1193
372787,855,1194
372788,855,1195
372789,858,1198
372790,865,1196
372791,867,1194
372792,865,1189
372793,866,1188
372794,869,1191
372795,875,1191
372796,880,1190
372797,883,1186
372798,883,1184
372799,883,1182
372800,889,1182
372801,894,1181
372802,899,1175
372803,904,1166
372804,906,1162
372805,904,1153
372806,909,1153
372807,915,1149
372808,923,1145
372809,926,1138
372810,923,1130
372811,928,1124
372812,929,1120
372813,930,1117
372814,933,1114
372815,940,1107
372816,939,1101
372817,939,1096
372818,943,1092
372819,942,1090
372820,944,1086
372821,945,1079
372822,943,1076
372823,941,1072
372824,941,1070
372825,944,1070
372826,947,1069
372827,947,1065
372828,942,1062
372829,942,1059
372830,942,1060
372831,941,1060
372832,942,1055
372833,945,1051
372834,946,1048
372835,941,1045
372836,942,1045
372837,944,1045
372838,945,1045
372839,944,1042
372840,942,1039
372841,941,1037
372842,938,1040
372843,944,1043
372844,948,1043
372845,947,1040
372846,942,1038
372847,941,1038
372848,939,1040
372849,946,1042
372850,948,1043
372851,947,1040
372852,949,1038
372853,944,1035
372854,945,1039
372855,947,1044
372856,951,1046
372857,950,1043
372858,947,1040
372859,948,1042
372860,949,1043
372861,953,1044
372862,955,1045
372863,956,1044
372864,955,1040
372865,952,1038
372866,955,1041
372867,959,1045
372868,964,1046
372869,965,1040
372870,960,1036
372871,956,1036
372872,956,1036
372873,959,1037
372874,962,1037
372875,962,1034
372876,960,1031
372877,957,1030
372878,958,1032
372879,962,1035
372880,965,1034
372881,962,1034
372882,958,1030
372883,958,1029
372884,954,1031
372885,957,1032
372886,961,1034
372887,959,1033
372888,954,1028
372889,950,1030
372890,950,1032
372891,955,1034
372892,955,1033
372893,957,1031
372894,955,1028
372895,954,1028
372896,952,1032
372897,951,1037
372898,953,1037
372899,954,1035
372900,953,1032
372901,950,1034
372902,952,1035
372903,954,1034
372904,956,1036
372905,955,1033
372906,955,1032
372907,952,1029
372908,952,1032
372909,954,1037
372910,955,1036
372911,955,1035
372912,949,1034
372913,948,1034
372914,947,1038
372915,950,1042
372916,954,1042
372917,954,1042
372918,949,1039
372919,948,1038
372920,952,1040
372921,954,1041
372922,958,1039
372923,959,1035
372924,957,1035
372925,953,1033
372926,954,1035
372927,957,1039
372928,959,1040
372929,956,1036
372930,952,1035
372931,948,1034
372932,948,1038
372933,949,1039
372934,955,1039
372935,955,1034
372936,954,1032
372937,955,1032
372938,953,1036
372939,956,1035
372940,960,1037
372941,958,1036
372942,952,1033
372943,949,1032
372944,951,1035
372945,954,1038
372946,960,1036
372947,962,1035
372948,958,1033
372949,954,1030
372950,953,1034
372951,959,1037
372952,962,1038
372953,962,1033
372954,960,1032
372955,955,1031
372956,951,1031
372957,951,1036
372958,956,1034
372959,956,1033
372960,956,1029
372961,953,1029
372962,954,1033
372963,954,1035
372964,962,1036
372965,961,1035
372966,959,1030
372967,956,1028
372968,959,1032
372969,961,1036
372970,962,1036
372971,963,1035
372972,959,1033
372973,953,1035
372974,954,1036
372975,956,1036
372976,964,1038
372977,965,1036
372978,964,1037
372979,962,1034
372980,963,1036
372981,969,1039
372982,967,1039
372983,969,1036
372984,967,1033
372985,964,1036
372986,960,1036
372987,965,1040
372988,968,1039
372989,969,1036
372990,963,1036
372991,962,1035
372992,966,1036
372993,968,1037
372994,968,1037
372995,964,1033
372996,963,1035
372997,961,1035
372998,962,1036
372999,964,1038
373000,966,1036
373001,964,1035
373002,963,1031
373003,959,1032
373004,961,1035
373005,962,1036
373006,966,1031
373007,967,1031
373008,965,1030
373009,962,1029
373010,963,1031
373011,966,1034
373012,972,1037
373013,968,1036
373014,965,1032
373015,963,1033
373016,966,1033
373017,967,1036
373018,968,1035
373019,965,1036
373020,964,1031
373021,963,1032
373022,964,1034
373023,966,1038
373024,969,1039
373025,971,1037
373026,971,1037
373027,969,1034
373028,973,1038
373029,973,1037
373030,978,1033
373031,985,1027
373032,992,1023
373033,998,1019
373034,1011,1019
373035,1034,1015
373036,1060,1013
373037,1084,1001
373038,1114,990
373039,1142,979
373040,1175,977
373041,1213,984
373042,1246,995
373043,1262,1013
373044,1252,1029
373045,1224,1041
373046,1179,1049
373047,1129,1051
373048,1080,1058
373049,1031,1065
373050,986,1075
373051,955,1081
373052,944,1087
373053,950,1089
373054,959,1079
373055,964,1063
373056,968,1052
373057,966,1043
373058,966,1037
373059,968,1038
373060,969,1036
373061,967,1034
373062,962,1030
373063,957,1029
373064,959,1032
373065,961,1032
373066,962,1033
373067,958,1032
373068,957,1031
373069,952,1029
373070,953,1032
373071,954,1035
373072,957,1033
373073,954,1034
373074,951,1031
373075,947,1031
373076,949,1033
373077,952,1036
373078,951,1033
373079,947,1030
373080,946,1031
373081,944,1026
373082,943,1029
373083,945,1032
373084,948,1031
373085,948,1031
373086,947,1032
373087,946,1032
373088,949,1033
373089,953,1033
373090,950,1034
373091,952,1033
373092,952,1028
373093,953,1029
373094,952,1031
373095,955,1033
373096,959,1033
373097,960,1033
373098,959,1029
373099,955,1030
373100,955,1031
373101,957,1032
373102,960,1034
373103,962,1029
373104,958,1026
373105,955,1027
373106,957,1028
373107,961,1030
373108,963,1031
373109,962,1026
373110,958,1024
373111,958,1023
373112,961,1024
373113,965,1024
373114,968,1024
373115,969,1020
373116,968,1018
373117,966,1016
373118,967,1015
373119,973,1016
373120,976,1011
373121,974,1007
373122,970,1002
373123,969,999
373124,973,999
373125,975,1001
373126,982,998
373127,982,996
373128,975,992
373129,971,988
373130,972,990
373131,974,991
373132,978,989
373133,981,987
373134,977,984
373135,979,982
373136,980,986
373137,982,986
373138,982,986
373139,986,985
373140,986,980
373141,985,976
373142,988,983
373143,993,983
373144,998,985
373145,1001,982
373146,1000,986
373147,998,986
373148,1000,988
373149,1000,995
373150,1009,996
373151,1008,995
373152,1008,996
373153,1008,997
373154,1008,1005
373155,1013,1006
373156,1017,1010
373157,1016,1010
373158,1011,1009
373159,1006,1013
373160,1006,1018
373161,1004,1023
373162,1007,1025
373163,1005,1022
373164,1002,1024
373165,998,1025
373166,999,1027
373167,1000,1031
373168,1001,1032
373169,996,1031
373170,991,1032
373171,988,1032
373172,986,1034
373173,985,1035
373174,986,1036
373175,986,1036
373176,981,1033
373177,978,1033
373178,979,1036
373179,983,1034
373180,987,1034
373181,985,1033
373182,982,1029
373183,981,1029
373184,980,1033
373185,981,1035
373186,984,1035
373187,981,1036
373188,982,1033
373189,980,1032
373190,983,1035
373191,986,1038
373192,987,1036
373193,987,1036
373194,985,1034
373195,984,1032
373196,987,1036
373197,986,1037
373198,990,1038
373199,988,1038
373200,986,1034
373201,985,1034
373202,986,1035
373203,988,1037
373204,990,1037
373205,990,1035
373206,988,1031
373207,987,1034
373208,987,1035
373209,993,1039
373210,993,1036
373211,990,1035
373212,986,1029
373213,985,1030
373214,985,1032
373215,987,1034
373216,988,1033
373217,990,1032
373218,989,1029
373219,988,1029
373220,989,1029
373221,987,1032
373222,989,1033
373223,988,1032
373224,986,1028
373225,986,1028
373226,986,1031
373227,985,1032
373228,990,1030
373229,989,1029
373230,987,1029
373231,985,1026
373232,981,1030
373233,985,1032
373234,991,1033
373235,990,1032
373236,989,1028
373237,990,1028
373238,990,1030
373239,990,1036
373240,987,1037
373241,986,1033
373242,979,1036
373243,980,1035
373244,980,1037
373245,980,1040
373246,983,1040
373247,985,1038
373248,984,1032
373249,980,1033
373250,982,1034
373251,984,1035
373252,987,1037
373253,986,1036
373254,981,1034
373255,979,1035
373256,979,1034
373257,982,1039
373258,987,1039
373259,985,1039
373260,985,1033
373261,978,1034
373262,978,1035
373263,980,1038
373264,981,1039
373265,975,1035
373266,977,1035
373267,978,1035
373268,979,1037
373269,983,1039
373270,985,1041
373271,984,1039
373272,982,1038
373273,977,1034
373274,975,1033
373275,976,1033
373276,980,1034
373277,979,1033
373278,979,1033
373279,977,1033
373280,979,1033
373281,980,1038
373282,982,1038
373283,983,1037
373284,981,1032
373285,979,1030
373286,981,1037
373287,986,1041
373288,988,1038
373289,988,1038
373290,987,1034
373291,980,1037
373292,983,1041
373293,982,1044
373294,980,1045
373295,981,1043
373296,978,1039
373297,977,1042
373298,978,1045
373299,982,1043
373300,986,1047
373301,984,1045
373302,982,1041
373303,978,1042
373304,982,1043
373305,983,1047
373306,986,1046
373307,986,1043
373308,985,1042
373309,984,1043
373310,985,1045
373311,989,1045
373312,988,1045
373313,985,1043
373314,983,1041
373315,979,1040
373316,980,1047
373317,983,1048
373318,986,1047
373319,985,1048
373320,981,1044
373321,981,1046
373322,980,1051
373323,983,1050
373324,986,1048
373325,982,1042
373326,981,1042
373327,978,1041
373328,980,1043
373329,980,1046
373330,984,1047
373331,976,1044
373332,979,1042
373333,976,1040
373334,976,1044
373335,981,1043
373336,984,1043
373337,983,1040
373338,983,1034
373339,982,1034
373340,986,1037
373341,986,1038
373342,993,1038
373343,990,1034
373344,987,1032
373345,978,1033
373346,978,1036
373347,983,1037
373348,985,1042
373349,986,1039
373350,984,1036
373351,981,1036
373352,981,1039
373353,989,1039
373354,995,1036
373355,1001,1032
373356,1007,1027
373357,1018,1025
373358,1034,1027
373359,1053,1025
373360,1076,1027
373361,1100,1017
373362,1126,1004
373363,1157,997
373364,1193,991
373365,1232,986
373366,1266,991
373367,1291,999
373368,1294,1013
373369,1273,1030
373370,1230,1039
373371,1182,1044
373372,1129,1052
373373,1076,1059
373374,1028,1065
373375,993,1069
373376,975,1078
373377,975,1077
373378,985,1068
373379,991,1054
373380,990,1041
373381,986,1037
373382,987,1031
373383,983,1035
373384,981,1033
373385,977,1034
373386,973,1032
373387,966,1033
373388,965,1035
373389,968,1039
373390,973,1040
373391,973,1041
373392,965,1039
373393,959,1038
373394,959,1038
373395,961,1041
373396,965,1042
373397,961,1040
373398,961,1036
373399,955,1039
373400,957,1042
373401,960,1044
373402,964,1043
373403,962,1044
373404,961,1041
373405,959,1040
373406,961,1042
373407,964,1046
373408,966,1044
373409,967,1045
373410,962,1043
373411,962,1043
373412,964,1044
373413,969,1045
373414,971,1044
373415,966,1043
373416,962,1039
373417,961,1039
373418,964,1039
373419,969,1044
373420,970,1042
373421,970,1042
373422,968,1036
373423,967,1035
373424,965,1036
373425,964,1037
373426,966,1036
373427,966,1035
373428,967,1032
373429,967,1033
373430,968,1034
373431,969,1034
373432,973,1034
373433,970,1030
373434,967,1028
373435,961,1031
373436,965,1031
373437,970,1033
373438,975,1028
373439,978,1023
373440,975,1022
373441,971,1018
373442,975,1023
373443,978,1021
373444,980,1019
373445,979,1021
373446,974,1015
373447,976,1016
373448,976,1016
373449,982,1017
373450,987,1016
373451,985,1014
373452,984,1010
373453,985,1010
373454,987,1011
373455,987,1012
373456,992,1013
373457,990,1011
373458,987,1010
373459,987,1012
373460,989,1016
373461,992,1018
373462,998,1019
373463,999,1017
373464,997,1012
373465,995,1016
373466,1000,1024
373467,1002,1024
373468,1003,1023
373469,1000,1015
373470,998,1013
373471,1000,1012
373472,1001,1014
373473,1001,1016
373474,1000,1017
373475,996,1013
373476,999,1013
373477,996,1013
373478,993,1015
373479,996,1020
373480,999,1024
373481,998,1023
373482,994,1022
373483,987,1024
373484,989,1026
373485,990,1031
373486,988,1032
373487,988,1030
373488,984,1030
373489,980,1032
373490,979,1037
373491,979,1038
373492,979,1037
373493,976,1037
373494,976,1034
373495,975,1037
373496,976,1038
373497,976,1041
373498,975,1043
373499,974,1039
373500,972,1038
373501,972,1038
373502,973,1041
373503,977,1043
373504,982,1042
373505,978,1042
373506,979,1042
373507,980,1042
373508,985,1047
373509,987,1048
373510,995,1049
373511,1000,1044
373512,1002,1044
373513,1007,1045
373514,1010,1052
373515,1020,1056
373516,1025,1055
373517,1034,1055
373518,1045,1047
373519,1057,1036
373520,1069,1022
373521,1080,1007
373522,1097,990
373523,1114,973
373524,1128,956
373525,1140,938
373526,1157,923
373527,1176,904
373528,1196,879
373529,1212,852
373530,1224,831
373531,1237,810
373532,1252,796
373533,1259,790
373534,1260,785
373535,1257,783
373536,1248,779
373537,1240,779
373538,1237,783
373539,1230,786
373540,1215,786
373541,1193,788
373542,1165,791
373543,1143,797
373544,1123,808
373545,1106,822
373546,1084,833
373547,1064,843
373548,1053,857
373549,1049,873
373550,1049,892
373551,1048,912
373552,1038,926
373553,1029,936
373554,1024,946
373555,1026,961
373556,1035,975
373557,1052,989
373558,1065,992
373559,1065,995
373560,1045,1000
373561,1011,1009
373562,976,1021
373563,948,1037
373564,933,1053
373565,926,1065
373566,917,1077
373567,913,1087
373568,908,1093
373569,903,1097
373570,901,1099
373571,901,1099
373572,896,1095
373573,892,1099
373574,885,1102
373575,881,1103
373576,879,1103
373577,879,1105
373578,877,1103
373579,875,1103
373580,874,1107
373581,873,1111
373582,872,1111
373583,870,1112
373584,869,1111
373585,867,1113
373586,862,1117
373587,859,1123
373588,858,1125
373589,859,1127
373590,857,1126
373591,857,1126
373592,858,1129
373593,859,1134
373594,863,1137
373595,861,1136
373596,857,1138
373597,857,1138
373598,862,1141
373599,863,1148
373600,865,1151
373601,865,1150
373602,867,1154
373603,861,1156
373604,864,1160
373605,866,1165
373606,871,1166
373607,872,1165
373608,867,1166
373609,866,1167
373610,874,1173
373611,880,1177
373612,879,1175
373613,878,1172
373614,875,1172
373615,873,1176
373616,878,1176
373617,885,1177
373618,889,1174
373619,892,1171
373620,894,1162
373621,893,1160
373622,893,1158
373623,898,1156
373624,903,1156
373625,905,1149
373626,905,1142
373627,906,1137
373628,910,1135
373629,917,1133
373630,925,1130
373631,927,1124
373632,932,1116
373633,928,1111
373634,932,1106
373635,935,1105
373636,939,1098
373637,942,1093
373638,940,1086
373639,943,1081
373640,946,1078
373641,951,1074
373642,957,1070
373643,960,1066
373644,960,1058
373645,961,1057
373646,959,1056
373647,960,1056
373648,963,1057
373649,967,1050
373650,963,1047
373651,962,1047
373652,958,1048
373653,963,1049
373654,960,1046
373655,962,1042
373656,959,1036
373657,957,1035
373658,956,1035
373659,959,1039
373660,961,1039
373661,962,1034
373662,961,1034
373663,956,1039
373664,957,1040
373665,962,1041
373666,964,1041
373667,963,1038
373668,961,1033
373669,960,1032
373670,963,1034
373671,959,1038
373672,960,1035
373673,959,1036
373674,952,1032
373675,953,1032
373676,957,1035
373677,964,1038
373678,966,1035
373679,969,1032
373680,965,1032
373681,958,1033
373682,957,1036
373683,961,1037
373684,967,1037
373685,967,1033
373686,964,1031
373687,958,1032
373688,959,1036
373689,960,1039
373690,967,1038
373691,964,1037
373692,963,1033
373693,965,1035
373694,969,1036
373695,970,1039
373696,973,1040
373697,973,1036
373698,968,1033
373699,968,1034
373700,970,1037
373701,969,1040
373702,969,1038
373703,970,1037
373704,967,1034
373705,962,1035
373706,960,1037
373707,965,1039
373708,967,1041
373709,969,1040
373710,967,1039
373711,965,1038
373712,966,1039
373713,969,1043
373714,972,1042
373715,969,1040
373716,968,1038
373717,967,1038
373718,967,1037
373719,970,1041
373720,971,1038
373721,965,1040
373722,961,1037
373723,962,1037
373724,967,1037
373725,967,1043
373726,970,1041
373727,965,1039
373728,962,1036
373729,961,1038
373730,962,1039
373731,966,1040
373732,971,1039
373733,970,1036
373734,968,1036
373735,967,1035
373736,969,1037
373737,975,1038
373738,973,1040
373739,971,1036
373740,966,1035
373741,967,1033
373742,968,1037
373743,968,1039
373744,971,1040
373745,969,1037
373746,969,1032
373747,970,1027
373748,973,1030
373749,971,1031
373750,971,1031
373751,966,1031
373752,964,1032
373753,962,1033
373754,969,1034
373755,971,1037
373756,971,1037
373757,968,1037
373758,967,1034
373759,971,1035
373760,972,1036
373761,973,1038
373762,970,1037
373763,972,1033
373764,968,1031
373765,966,1032
373766,969,1035
373767,971,1036
373768,971,1037
373769,969,1035
373770,970,1031
373771,969,1033
373772,968,1035
373773,965,1036
373774,970,1039
373775,969,1034
373776,968,1034
373777,964,1034
373778,965,1037
373779,967,1039
373780,968,1039
373781,965,1035
373782,961,1031
373783,963,1032
373784,966,1032
373785,975,1031
373786,981,1034
373787,981,1028
373788,977,1027
373789,975,1028
373790,977,1029
373791,983,1032
373792,984,1032
373793,979,1031
373794,976,1027
373795,974,1027
373796,975,1029
373797,976,1034
373798,980,1031
373799,979,1030
373800,977,1028
373801,973,1029
373802,973,1030
373803,977,1035
373804,981,1035
373805,982,1034
373806,978,1031
373807,967,1029
373808,965,1031
373809,969,1035
373810,971,1034
373811,974,1035
373812,973,1034
373813,969,1033
373814,964,1033
373815,969,1035
373816,971,1036
373817,971,1033
373818,971,1034
373819,967,1031
373820,968,1033
373821,968,1034
373822,974,1032
373823,974,1031
373824,971,1029
373825,969,1029
373826,971,1030
373827,974,1034
373828,974,1030
373829,972,1031
373830,964,1027
373831,964,1025
373832,969,1028
373833,973,1032
373834,977,1031
373835,973,1027
373836,967,1024
373837,960,1022
373838,961,1023
373839,967,1028
373840,972,1028
373841,972,1025
373842,972,1023
373843,969,1023
373844,971,1029
373845,977,1033
373846,981,1034
373847,978,1029
373848,978,1025
373849,975,1029
373850,972,1030
373851,977,1032
373852,983,1034
373853,977,1028
373854,974,1029
373855,969,1027
373856,970,1030
373857,978,1032
373858,979,1027
373859,979,1028
373860,976,1025
373861,970,1028
373862,976,1029
373863,980,1031
373864,982,1030
373865,981,1029
373866,974,1027
373867,975,1027
373868,976,1029
373869,979,1032
373870,980,1029
373871,973,1028
373872,968,1028
373873,963,1028
373874,962,1033
373875,965,1035
373876,970,1036
373877,970,1032
373878,966,1029
373879,964,1027
373880,966,1028
373881,971,1031
373882,974,1031
373883,973,1027
373884,973,1024
373885,970,1024
373886,976,1027
373887,979,1029
373888,982,1025
373889,979,1027
373890,980,1025
373891,977,1027
373892,980,1026
373893,985,1028
373894,987,1024
373895,987,1020
373896,992,1013
373897,997,1010
373898,1008,1011
373899,1021,1013
373900,1037,1009
373901,1059,1004
373902,1084,996
373903,1114,986
373904,1153,980
373905,1194,974
373906,1234,976
373907,1264,988
373908,1280,1007
373909,1268,1028
373910,1239,1040
373911,1188,1044
373912,1131,1044
373913,1074,1050
373914,1017,1058
373915,967,1071
373916,941,1080
373917,941,1084
373918,954,1077
373919,962,1062
373920,966,1048
373921,970,1040
373922,971,1038
373923,971,1039
373924,972,1036
373925,968,1033
373926,968,1027
373927,964,1027
373928,964,1028
373929,966,1030
373930,969,1029
373931,963,1028
373932,963,1022
373933,957,1021
373934,958,1028
373935,961,1032
373936,962,1030
373937,962,1028
373938,958,1027
373939,957,1026
373940,958,1029
373941,961,1033
373942,962,1032
373943,964,1031
373944,960,1026
373945,954,1026
373946,955,1029
373947,958,1031
373948,961,1031
373949,958,1029
373950,955,1029
373951,950,1027
373952,949,1029
373953,954,1032
373954,958,1030
373955,957,1031
373956,955,1025
373957,952,1029
373958,957,1030
373959,961,1029
373960,961,1030
373961,961,1026
373962,958,1025
373963,954,1022
373964,961,1026
373965,964,1027
373966,967,1026
373967,966,1022
373968,966,1019
373969,963,1016
373970,966,1017
373971,968,1017
373972,967,1011
373973,967,1009
373974,965,1003
373975,962,1001
373976,965,999
373977,973,1001
373978,975,1000
373979,971,997
373980,971,993
373981,969,995
373982,972,994
373983,977,999
373984,976,997
373985,977,997
373986,978,989
373987,975,988
373988,979,991
373989,980,997
373990,987,993
373991,985,993
373992,984,989
373993,987,991
373994,990,994
373995,993,994
373996,994,993
373997,991,991
373998,990,987
373999,992,990
374000,993,990
374001,1001,993
374002,1005,991
374003,1004,994
374004,1000,989
374005,1000,992
374006,1002,994
374007,1005,1002
374008,1007,1003
374009,1009,1002
374010,1005,1000
374011,1002,1005
374012,1002,1009
374013,1007,1012
374014,1010,1010
374015,1006,1007
374016,999,1004
374017,995,1008
374018,995,1009
374019,995,1015
374020,994,1014
374021,989,1015
374022,988,1011
374023,987,1014
374024,990,1016
374025,989,1022
374026,991,1020
374027,991,1021
374028,985,1022
374029,980,1022
374030,981,1025
374031,986,1030
374032,989,1030
374033,988,1031
374034,981,1029
374035,977,1030
374036,979,1036
374037,983,1039
374038,983,1039
374039,981,1037
374040,982,1034
374041,981,1035
374042,983,1036
374043,983,1037
374044,987,1036
374045,987,1035
374046,982,1030
374047,980,1033
374048,980,1032
374049,984,1035
374050,990,1033
374051,988,1030
374052,988,1025
374053,982,1026
374054,986,1027
374055,988,1030
374056,991,1028
374057,990,1023
374058,984,1020
374059,985,1019
374060,987,1024
374061,989,1027
374062,991,1025
374063,990,1023
374064,988,1018
374065,983,1018
374066,985,1023
374067,986,1025
374068,987,1026
374069,988,1024
374070,987,1022
374071,987,1022
374072,984,1024
374073,986,1026
374074,986,1026
374075,988,1026
374076,983,1024
374077,981,1026
374078,980,1028
374079,984,1031
374080,987,1031
374081,982,1030
374082,978,1028
374083,977,1027
374084,980,1029
374085,981,1033
374086,984,1034
374087,982,1033
374088,976,1030
374089,973,1032
374090,976,1033
374091,979,1034
374092,980,1034
374093,979,1031
374094,974,1025
374095,976,1028
374096,974,1035
374097,977,1031
374098,980,1033
374099,981,1027
374100,976,1027
374101,971,1025
374102,973,1027
374103,976,1031
374104,976,1029
374105,977,1028
374106,973,1024
374107,973,1024
374108,972,1027
374109,973,1031
374110,975,1029
374111,975,1030
374112,975,1028
374113,974,1030
374114,975,1032
374115,978,1036
374116,977,1037
374117,977,1035
374118,976,1031
374119,974,1036
374120,974,1037
374121,974,1039
374122,982,1036
374123,975,1037
374124,973,1035
374125,973,1034
374126,972,1038
374127,975,1038
374128,976,1038
374129,974,1037
374130,970,1034
374131,972,1036
374132,974,1038
374133,978,1040
374134,982,1039
374135,978,1035
374136,972,1031
374137,973,1034
374138,976,1034
374139,979,1036
374140,980,1032
374141,981,1032
374142,982,1026
374143,979,1028
374144,977,1029
374145,981,1033
374146,984,1033
374147,981,1027
374148,980,1025
374149,978,1028
374150,978,1030
374151,984,1030
374152,986,1029
374153,990,1023
374154,994,1020
374155,1001,1017
374156,1017,1018
374157,1036,1017
374158,1061,1013
374159,1089,1004
374160,1122,991
374161,1160,981
374162,1206,975
374163,1246,982
374164,1278,993
374165,1290,1012
374166,1273,1028
374167,1230,1035
374168,1168,1037
374169,1113,1050
374170,1059,1062
374171,1004,1072
374172,963,1076
374173,946,1075
374174,955,1073
374175,965,1061
374176,974,1050
374177,972,1040
374178,971,1034
374179,969,1031
374180,969,1034
374181,971,1035
374182,971,1033
374183,969,1030
374184,964,1031
374185,959,1029
374186,962,1033
374187,964,1036
374188,965,1033
374189,963,1032
374190,960,1031
374191,957,1029
374192,959,1035
374193,962,1036
374194,963,1034
374195,961,1032
374196,957,1029
374197,957,1029
374198,956,1032
374199,959,1034
374200,962,1032
374201,959,1033
374202,953,1030
374203,951,1030
374204,955,1035
374205,957,1033
374206,959,1034
374207,958,1032
374208,955,1030
374209,955,1031
374210,957,1035
374211,959,1037
374212,960,1035
374213,958,1034
374214,955,1034
374215,953,1030
374216,956,1036
374217,958,1037
374218,963,1034
374219,962,1033
374220,961,1030
374221,959,1031
374222,962,1030
374223,965,1033
374224,968,1030
374225,968,1029
374226,968,1024
374227,965,1025
374228,969,1025
374229,971,1026
374230,973,1024
374231,972,1018
374232,968,1013
374233,966,1011
374234,971,1010
374235,973,1012
374236,974,1008
374237,977,1005
374238,978,997
374239,978,994
374240,980,993
374241,985,994
374242,986,991
374243,989,988
374244,987,987
374245,984,984
374246,981,987
374247,983,989
374248,987,990
374249,987,988
374250,988,986
374251,983,987
374252,985,990
374253,987,992
374254,988,994
374255,988,995
374256,990,994
374257,987,992
374258,990,998
374259,992,1002
374260,993,1004
374261,995,1005
374262,989,1005
374263,988,1008
374264,990,1011
374265,995,1016
374266,995,1018
374267,991,1017
374268,987,1017
374269,984,1017
374270,985,1025
374271,987,1029
374272,983,1027
374273,982,1030
374274,977,1030
374275,976,1030
374276,975,1033
374277,978,1036
374278,981,1037
374279,977,1031
374280,972,1031
374281,970,1032
374282,971,1035
374283,970,1037
374284,975,1033
374285,975,1032
374286,973,1029
374287,970,1027
374288,972,1031
374289,973,1035
374290,973,1034
374291,969,1032
374292,965,1031
374293,965,1034
374294,966,1035
374295,970,1037
374296,974,1038
374297,968,1038
374298,966,1035
374299,965,1035
374300,970,1038
374301,968,1042
374302,973,1040
374303,972,1039
374304,968,1036
374305,966,1038
374306,967,1043
374307,967,1045
374308,970,1045
374309,970,1041
374310,971,1037
374311,971,1039
374312,970,1040
374313,973,1043
374314,974,1041
374315,974,1039
374316,975,1036
374317,973,1037
374318,972,1040
374319,974,1041
374320,975,1037
374321,976,1036
374322,974,1034
374323,972,1031
374324,973,1031
374325,974,1036
374326,975,1034
374327,973,1031
374328,973,1029
374329,971,1028
374330,968,1030
374331,969,1033
374332,974,1032
374333,971,1033
374334,968,1032
374335,965,1032
374336,963,1032
374337,970,1033
374338,971,1032
374339,973,1029
374340,968,1030
374341,963,1029
374342,965,1030
374343,967,1035
374344,970,1037
374345,969,1035
374346,968,1031
374347,966,1034
374348,966,1034
374349,970,1033
374350,973,1036
374351,970,1033
374352,963,1031
374353,959,1031
374354,960,1035
374355,963,1039
374356,966,1037
374357,962,1037
374358,959,1036
374359,956,1035
374360,956,1039
374361,962,1042
374362,964,1039
374363,964,1036
374364,964,1036
374365,962,1038
374366,962,1039
374367,963,1040
374368,967,1039
374369,966,1036
374370,962,1032
374371,961,1037
374372,963,1039
374373,966,1042
374374,967,1041
374375,964,1037
374376,960,1035
374377,961,1035
374378,962,1036
374379,968,1036
374380,970,1033
374381,967,1030
374382,963,1030
374383,962,1030
374384,964,1033
374385,964,1036
374386,963,1036
374387,963,1035
374388,960,1035
374389,963,1035
374390,962,1035
374391,965,1038
374392,966,1040
374393,968,1040
374394,967,1036
374395,964,1033
374396,964,1038
374397,966,1040
374398,967,1038
374399,966,1039
374400,965,1034
374401,962,1035
374402,964,1038
374403,962,1039
374404,962,1037
374405,960,1036
374406,958,1034
374407,954,1036
374408,956,1038
374409,960,1041
374410,962,1038
374411,960,1034
374412,958,1032
374413,957,1032
374414,957,1034
374415,964,1035
374416,969,1033
374417,967,1032
374418,963,1032
374419,959,1032
374420,959,1032
374421,965,1037
374422,965,1036
374423,967,1032
374424,966,1032
374425,967,1030
374426,965,1034
374427,967,1038
374428,964,1036
374429,958,1034
374430,959,1033
374431,958,1034
374432,963,1037
374433,966,1039
374434,970,1037
374435,970,1035
374436,964,1032
374437,962,1031
374438,967,1032
374439,969,1036
374440,970,1033
374441,971,1033
374442,971,1031
374443,972,1032
374444,972,1033
374445,975,1036
374446,975,1033
374447,974,1032
374448,972,1030
374449,971,1031
374450,976,1036
374451,977,1036
374452,983,1031
374453,986,1025
374454,984,1019
374455,994,1018
374456,1005,1016
374457,1022,1015
374458,1040,1014
374459,1058,1004
374460,1083,994
374461,1113,984
374462,1149,976
374463,1188,973
374464,1229,974
374465,1262,985
374466,1276,1000
374467,1272,1025
374468,1239,1036
374469,1181,1041
374470,1119,1046
374471,1064,1054
374472,1012,1059
374473,974,1066
374474,957,1071
374475,958,1070
374476,962,1060
374477,968,1047
374478,970,1038
374479,970,1033
374480,967,1034
374481,965,1033
374482,962,1031
374483,957,1030
374484,956,1031
374485,954,1034
374486,955,1034
374487,960,1039
374488,962,1038
374489,958,1036
374490,950,1034
374491,948,1034
374492,946,1036
374493,948,1037
374494,954,1037
374495,954,1033
374496,950,1031
374497,948,1030
374498,949,1031
374499,949,1033
374500,949,1031
374501,949,1029
374502,945,1027
374503,943,1030
374504,943,1034
374505,946,1035
374506,945,1036
374507,944,1035
374508,943,1030
374509,941,1031
374510,944,1032
374511,947,1033
374512,945,1033
374513,946,1030
374514,942,1028
374515,945,1028
374516,951,1029
374517,956,1031
374518,957,1029
374519,954,1025
374520,949,1023
374521,946,1022
374522,945,1026
374523,951,1029
374524,955,1030
374525,954,1028
374526,950,1024
374527,950,1024
374528,955,1024
374529,958,1027
374530,961,1025
374531,960,1019
374532,958,1018
374533,956,1016
374534,959,1019
374535,964,1021
374536,969,1016
374537,970,1015
374538,972,1010
374539,970,1004
374540,973,1004
374541,976,1004
374542,982,1004
374543,981,999
374544,975,996
374545,973,994
374546,976,999
374547,979,1001
374548,979,995
374549,979,994
374550,982,991
374551,979,989
374552,987,987
374553,989,989
374554,992,986
374555,992,983
374556,989,982
374557,986,980
374558,990,984
374559,994,986
374560,995,987
374561,994,982
374562,990,983
374563,988,984
374564,989,989
374565,994,996
374566,998,994
374567,998,994
374568,993,993
374569,989,996
374570,989,999
374571,990,1008
374572,993,1010
374573,993,1011
374574,989,1010
374575,985,1011
374576,983,1016
374577,983,1022
374578,985,1022
374579,982,1022
374580,977,1022
374581,975,1025
374582,977,1031
374583,978,1038
374584,979,1034
374585,976,1033
374586,971,1034
374587,970,1034
374588,971,1038
374589,971,1038
374590,973,1039
374591,973,1034
374592,972,1035
374593,972,1035
374594,972,1038
374595,971,1039
374596,971,1039
374597,967,1035
374598,969,1033
374599,965,1033
374600,963,1033
374601,967,1038
374602,972,1034
374603,967,1031
374604,965,1027
374605,963,1029
374606,964,1028
374607,966,1029
374608,968,1026
374609,968,1024
374610,966,1023
374611,962,1023
374612,965,1027
374613,969,1033
374614,967,1030
374615,970,1030
374616,969,1027
374617,964,1028
374618,966,1032
374619,968,1033
374620,971,1034
374621,970,1032
374622,971,1031
374623,970,1032
374624,972,1037
374625,972,1039
374626,973,1036
374627,972,1035
374628,969,1033
374629,969,1035
374630,969,1036
374631,972,1039
374632,974,1038
374633,973,1035
374634,973,1034
374635,970,1034
374636,969,1037
374637,974,1040
374638,973,1038
374639,972,1034
374640,969,1033
374641,967,1033
374642,965,1035
374643,970,1039
374644,969,1037
374645,972,1034
374646,971,1032
374647,969,1032
374648,971,1032
374649,974,1035
374650,971,1031
374651,970,1032
374652,967,1029
374653,967,1028
374654,970,1033
374655,976,1034
374656,978,1034
374657,976,1030
374658,973,1030
374659,970,1027
374660,971,1032
374661,972,1035
374662,974,1034
374663,973,1033
374664,968,1029
374665,967,1030
374666,969,1034
374667,973,1039
374668,971,1036
374669,972,1037
374670,968,1036
374671,968,1041
374672,967,1043
374673,968,1043
374674,971,1041
374675,970,1039
374676,969,1038
374677,970,1039
374678,971,1041
374679,972,1041
374680,973,1041
374681,975,1039
374682,971,1035
374683,967,1034
374684,964,1037
374685,965,1039
374686,967,1037
374687,965,1033
374688,962,1033
374689,961,1034
374690,965,1035
374691,968,1039
374692,972,1038
374693,970,1034
374694,967,1030
374695,968,1028
374696,967,1030
374697,970,1033
374698,972,1026
374699,972,1028
374700,970,1023
374701,969,1024
374702,973,1029
374703,972,1033
374704,979,1032
374705,976,1030
374706,972,1026
374707,971,1030
374708,974,1035
374709,980,1038
374710,982,1037
374711,981,1035
374712,979,1033
374713,977,1036
374714,974,1039
374715,975,1040
374716,975,1040
374717,974,1038
374718,972,1036
374719,972,1040
374720,975,1041
374721,979,1042
374722,980,1043
374723,981,1037
374724,979,1036
374725,978,1034
374726,983,1031
374727,996,1032
374728,1008,1026
374729,1019,1021
374730,1031,1019
374731,1049,1017
374732,1077,1015
374733,1109,1007
374734,1140,998
374735,1175,988
374736,1209,985
374737,1243,993
374738,1273,1009
374739,1282,1033
374740,1266,1046
374741,1230,1051
374742,1181,1048
374743,1128,1056
374744,1075,1066
374745,1026,1080
374746,982,1087
374747,948,1091
374748,936,1090
374749,941,1082
374750,951,1075
374751,957,1065
374752,968,1054
374753,968,1046
374754,962,1041
374755,958,1039
374756,960,1041
374757,963,1041
374758,961,1043
374759,958,1038
374760,956,1038
374761,954,1040
374762,955,1045
374763,954,1047
374764,956,1048
374765,951,1044
374766,948,1041
374767,947,1046
374768,948,1046
374769,949,1049
374770,951,1049
374771,951,1048
374772,951,1043
374773,950,1044
374774,953,1045
374775,955,1044
374776,954,1038
374777,951,1035
374778,951,1033
374779,951,1033
374780,952,1034
374781,954,1036
374782,956,1034
374783,957,1030
374784,956,1028
374785,956,1028
374786,955,1029
374787,956,1031
374788,958,1029
374789,953,1027
374790,954,1027
374791,955,1029
374792,955,1030
374793,956,1030
374794,956,1028
374795,956,1027
374796,958,1023
374797,957,1027
374798,961,1026
374799,964,1028
374800,964,1027
374801,965,1021
374802,963,1021
374803,965,1020
374804,964,1023
374805,966,1024
374806,967,1023
374807,968,1022
374808,965,1021
374809,966,1021
374810,970,1025
374811,974,1024
374812,975,1024
374813,972,1020
374814,970,1019
374815,968,1017
374816,971,1016
374817,975,1016
374818,979,1011
374819,977,1007
374820,974,1003
374821,974,1001
374822,978,1004
374823,984,1002
374824,990,999
374825,988,994
374826,986,991
374827,985,992
374828,987,993
374829,988,995
374830,988,994
374831,988,989
374832,989,989
374833,990,990
374834,993,992
374835,995,996
374836,993,994
374837,987,995
374838,983,994
374839,984,997
374840,990,1002
374841,987,1004
374842,987,1005
374843,990,1005
374844,985,1003
374845,983,1009
374846,986,1015
374847,988,1019
374848,991,1018
374849,989,1019
374850,981,1022
374851,978,1024
374852,979,1031
374853,983,1038
374854,985,1040
374855,982,1040
374856,978,1042
374857,977,1045
374858,978,1050
374859,979,1052
374860,986,1052
374861,984,1051
374862,973,1048
374863,968,1049
374864,965,1049
374865,966,1052
374866,967,1048
374867,969,1045
374868,968,1041
374869,965,1040
374870,962,1043
374871,963,1046
374872,965,1047
374873,965,1043
374874,963,1041
374875,965,1043
374876,960,1043
374877,967,1047
374878,970,1043
374879,971,1043
374880,969,1040
374881,970,1040
374882,968,1042
374883,965,1043
374884,966,1041
374885,965,1040
374886,962,1038
374887,963,1039
374888,963,1039
374889,968,1044
374890,969,1042
374891,966,1041
374892,964,1036
374893,965,1039
374894,967,1041
374895,970,1043
374896,970,1043
374897,972,1042
374898,972,1041
374899,975,1040
374900,978,1044
374901,981,1045
374902,983,1047
374903,975,1046
374904,970,1044
374905,970,1048
374906,973,1047
374907,979,1051
374908,981,1048
374909,978,1047
374910,978,1042
374911,972,1046
374912,972,1046
374913,974,1050
374914,977,1047
374915,975,1044
374916,970,1039
374917,969,1041
374918,974,1043
374919,978,1045
374920,981,1045
374921,985,1041
374922,978,1038
374923,974,1038
374924,971,1041
374925,971,1046
374926,970,1042
374927,974,1043
374928,972,1042
374929,971,1042
374930,972,1047
374931,975,1049
374932,975,1050
374933,974,1045
374934,969,1045
374935,971,1045
374936,972,1048
374937,976,1050
374938,975,1049
374939,975,1049
374940,972,1044
374941,972,1044
374942,976,1044
374943,976,1049
374944,975,1046
374945,973,1047
374946,971,1043
374947,968,1044
374948,970,1046
374949,975,1048
374950,974,1045
374951,977,1043
374952,975,1041
374953,974,1039
374954,974,1044
374955,975,1044
374956,975,1043
374957,972,1041
374958,969,1039
374959,966,1039
374960,969,1042
374961,974,1042
374962,974,1041
374963,973,1038
374964,969,1036
374965,964,1037
374966,968,1040
374967,971,1043
374968,973,1042
374969,974,1039
374970,968,1035
374971,967,1037
374972,969,1041
374973,974,1043
374974,975,1044
374975,974,1039
374976,970,1039
374977,969,1042
374978,971,1043
374979,979,1046
374980,982,1046
374981,981,1044
374982,979,1039
374983,977,1039
374984,981,1038
374985,985,1038
374986,992,1035
374987,997,1028
374988,1005,1024
374989,1017,1024
374990,1038,1024
374991,1060,1023
374992,1091,1019
374993,1126,1005
374994,1159,991
374995,1193,983
374996,1225,983
374997,1258,989
374998,1281,1007
374999,1283,1023
375000,1255,1033
375001,1202,1040
375002,1148,1045
375003,1092,1060
375004,1040,1068
375005,990,1075
375006,955,1079
375007,946,1080
375008,954,1075
375009,966,1068
375010,973,1054
375011,975,1047
375012,972,1042
375013,969,1042
375014,969,1045
375015,968,1045
375016,968,1044
375017,965,1042
375018,961,1042
375019,959,1039
375020,961,1041
375021,962,1043
375022,965,1043
375023,961,1040
375024,958,1038
375025,960,1039
375026,959,1044
375027,962,1046
375028,962,1047
375029,960,1042
375030,958,1038
375031,959,1039
375032,961,1041
375033,965,1045
375034,966,1044
375035,960,1042
375036,952,1039
375037,951,1040
375038,952,1045
375039,958,1044
375040,959,1041
375041,961,1038
375042,959,1031
375043,956,1035
375044,960,1036
375045,963,1039
375046,957,1036
375047,957,1034
375048,955,1033
375049,957,1034
375050,957,1038
375051,959,1038
375052,961,1037
375053,959,1033
375054,955,1032
375055,953,1035
375056,952,1035
375057,958,1039
375058,963,1036
375059,962,1032
375060,960,1031
375061,959,1034
375062,960,1035
375063,962,1033
375064,966,1032
375065,970,1029
375066,966,1028
375067,963,1025
375068,970,1027
375069,978,1029
375070,976,1025
375071,973,1019
375072,970,1016
375073,969,1017
375074,974,1016
375075,980,1016
375076,984,1012
375077,983,1006
375078,985,1003
375079,981,1003
375080,986,1004
375081,993,1003
375082,994,1000
375083,997,997
375084,998,990
375085,996,992
375086,1000,995
375087,1003,995
375088,1006,995
375089,1006,991
375090,999,988
375091,996,991
375092,996,994
375093,1002,995
375094,1005,994
375095,1004,993
375096,1004,991
375097,1003,992
375098,1005,993
375099,1008,997
375100,1010,998
375101,1006,999
375102,1004,998
375103,1001,1000
375104,1000,1005
375105,1000,1013
375106,1001,1011
375107,1000,1012
375108,993,1015
375109,992,1016
375110,994,1018
375111,999,1023
375112,998,1024
375113,990,1021
375114,980,1023
375115,976,1026
375116,978,1036
375117,981,1037
375118,984,1039
375119,979,1035
375120,977,1034
375121,975,1037
375122,978,1039
375123,979,1040
375124,982,1042
375125,979,1039
375126,978,1039
375127,976,1039
375128,975,1041
375129,980,1042
375130,979,1042
375131,977,1038
375132,976,1037
375133,973,1042
375134,975,1044
375135,980,1045
375136,983,1045
375137,982,1041
375138,981,1039
375139,981,1040
375140,987,1041
375141,991,1043
375142,989,1043
375143,992,1038
375144,992,1038
375145,988,1037
375146,988,1039
375147,993,1042
375148,1001,1042
375149,1006,1039
375150,1005,1035
375151,999,1035
375152,1002,1043
375153,1005,1048
375154,1012,1049
375155,1013,1052
375156,1013,1053
375157,1019,1053
375158,1032,1055
375159,1045,1050
375160,1055,1035
375161,1067,1018
375162,1075,1002
375163,1088,989
375164,1106,979
375165,1122,966
375166,1135,949
375167,1145,932
375168,1159,913
375169,1177,890
375170,1194,868
375171,1211,852
375172,1227,840
375173,1237,825
375174,1248,812
375175,1252,808
375176,1252,809
375177,1253,812
375178,1248,815
375179,1249,812
375180,1239,810
375181,1232,811
375182,1219,820
375183,1209,825
375184,1190,829
375185,1170,835
375186,1147,846
375187,1125,857
375188,1109,869
375189,1095,886
375190,1081,897
375191,1068,907
375192,1061,916
375193,1059,932
375194,1058,944
375195,1057,958
375196,1053,967
375197,1054,973
375198,1056,979
375199,1063,989
375200,1074,995
375201,1086,997
375202,1078,994
375203,1058,996
375204,1018,1002
375205,979,1013
375206,950,1027
375207,936,1043
375208,927,1057
375209,918,1066
375210,916,1071
375211,911,1079
375212,910,1082
375213,910,1088
375214,907,1088
375215,903,1089
375216,896,1087
375217,893,1092
375218,895,1098
375219,896,1104
375220,894,1104
375221,891,1106
375222,886,1104
375223,885,1109
375224,881,1111
375225,885,1116
375226,881,1118
375227,878,1118
375228,875,1118
375229,876,1119
375230,878,1124
375231,876,1128
375232,875,1129
375233,873,1127
375234,870,1128
375235,869,1132
375236,870,1138
375237,870,1140
375238,867,1141
375239,864,1139
375240,863,1140
375241,861,1143
375242,862,1147
375243,862,1152
375244,855,1152
375245,852,1152
375246,846,1153
375247,841,1157
375248,844,1163
375249,847,1166
375250,852,1168
375251,848,1167
375252,844,1169
375253,846,1173
375254,852,1178
375255,856,1182
375256,856,1181
375257,852,1179
375258,850,1178
375259,851,1181
375260,853,1185
375261,859,1186
375262,863,1186
375263,865,1183
375264,861,1179
375265,864,1181
375266,870,1183
375267,877,1180
375268,880,1175
375269,887,1171
375270,889,1165
375271,890,1160
375272,896,1159
375273,904,1160
375274,910,1152
375275,912,1146
375276,912,1137
375277,916,1134
375278,923,1131
375279,932,1129
375280,937,1124
375281,934,1118
375282,931,1109
375283,934,1107
375284,935,1105
375285,944,1101
375286,945,1096
375287,945,1090
375288,945,1085
375289,948,1082
375290,950,1078
375291,953,1078
375292,952,1074
375293,950,1071
375294,950,1066
375295,953,1063
375296,956,1063
375297,964,1063
375298,965,1060
375299,964,1056
375300,961,1054
375301,961,1054
375302,962,1053
375303,965,1055
375304,969,1053
375305,966,1049
375306,962,1050
375307,963,1051
375308,966,1052
375309,971,1055
375310,974,1052
375311,971,1048
375312,969,1046
375313,969,1048
375314,970,1050
375315,975,1051
375316,977,1047
375317,975,1048
375318,975,1045
375319,975,1048
375320,976,1048
375321,984,1048
375322,983,1046
375323,980,1044
375324,978,1041
375325,979,1040
375326,983,1045
375327,987,1045
375328,990,1042
375329,988,1040
375330,985,1038
375331,980,1042
375332,980,1042
375333,982,1045
375334,980,1045
375335,978,1043
375336,982,1042
375337,983,1041
375338,985,1045
375339,983,1045
375340,984,1045
375341,979,1045
375342,977,1040
375343,976,1042
375344,978,1047
375345,982,1047
375346,986,1045
375347,984,1041
375348,980,1040
375349,979,1041
375350,979,1045
375351,983,1045
375352,985,1044
375353,984,1041
375354,982,1037
375355,981,1038
375356,984,1039
375357,985,1040
375358,983,1038
375359,980,1036
375360,978,1033
375361,978,1037
375362,983,1037
375363,986,1042
375364,987,1039
375365,987,1035
375366,985,1034
375367,983,1038
375368,987,1042
375369,985,1042
375370,988,1041
375371,986,1038
375372,984,1038
375373,986,1041
375374,989,1042
375375,990,1044
375376,989,1041
375377,985,1039
375378,980,1039
375379,982,1041
375380,985,1042
375381,993,1045
375382,992,1045
375383,988,1040
375384,980,1039
375385,980,1040
375386,979,1041
375387,984,1048
375388,985,1044
375389,983,1041
375390,984,1040
375391,982,1040
375392,985,1041
375393,989,1042
375394,988,1041
375395,987,1038
375396,988,1037
375397,987,1037
375398,988,1038
375399,990,1045
375400,987,1041
375401,983,1041
375402,986,1039
375403,984,1039
375404,983,1044
375405,985,1047
375406,988,1046
375407,986,1043
375408,984,1040
375409,986,1040
375410,988,1043
375411,989,1044
375412,990,1043
375413,986,1044
375414,983,1042
375415,983,1042
375416,987,1041
375417,991,1043
375418,993,1044
375419,989,1041
375420,989,1043
375421,987,1042
375422,991,1044
375423,993,1046
375424,988,1045
375425,989,1045
375426,985,1043
375427,984,1045
375428,983,1046
375429,987,1049
375430,987,1044
375431,988,1042
375432,986,1040
375433,982,1040
375434,984,1042
375435,985,1044
375436,989,1043
375437,987,1039
375438,988,1037
375439,991,1037
375440,994,1040
375441,993,1039
375442,987,1036
375443,988,1036
375444,984,1034
375445,986,1035
375446,982,1038
375447,987,1040
375448,989,1040
375449,989,1036
375450,987,1037
375451,986,1041
375452,989,1043
375453,990,1045
375454,990,1042
375455,989,1042
375456,988,1039
375457,986,1042
375458,993,1043
375459,998,1043
375460,997,1043
375461,994,1039
375462,992,1039
375463,993,1041
375464,992,1043
375465,991,1046
375466,992,1045
375467,990,1042
375468,990,1043
375469,989,1044
375470,990,1047
375471,989,1048
375472,990,1046
375473,989,1046
375474,986,1040
375475,992,1045
375476,998,1044
375477,1002,1046
375478,996,1043
375479,993,1041
375480,990,1041
375481,989,1040
375482,992,1043
375483,990,1040
375484,993,1038
375485,994,1033
375486,991,1031
375487,989,1034
375488,989,1037
375489,988,1037
375490,991,1036
375491,989,1032
375492,988,1031
375493,988,1032
375494,993,1036
375495,997,1036
375496,995,1036
375497,992,1032
375498,988,1032
375499,988,1034
375500,992,1038
375501,992,1038
375502,991,1036
375503,989,1034
375504,987,1033
375505,991,1036
375506,993,1040
375507,1000,1041
375508,1000,1041
375509,996,1036
375510,989,1035
375511,992,1038
375512,996,1038
375513,999,1041
375514,997,1036
375515,999,1032
375516,1000,1027
375517,1001,1026
375518,1014,1027
375519,1027,1026
375520,1044,1023
375521,1062,1017
375522,1080,1015
375523,1108,1011
375524,1140,1001
375525,1173,994
375526,1205,987
375527,1238,982
375528,1272,983
375529,1300,999
375530,1315,1019
375531,1296,1035
375532,1252,1039
375533,1191,1043
375534,1132,1047
375535,1078,1055
375536,1026,1064
375537,990,1068
375538,976,1067
375539,978,1060
375540,984,1050
375541,991,1042
375542,993,1038
375543,993,1037
375544,986,1037
375545,985,1035
375546,977,1032
375547,972,1035
375548,974,1038
375549,977,1041
375550,973,1041
375551,974,1038
375552,972,1036
375553,971,1038
375554,975,1043
375555,976,1042
375556,976,1040
375557,974,1036
375558,971,1036
375559,970,1036
375560,968,1040
375561,967,1042
375562,967,1040
375563,964,1040
375564,963,1041
375565,967,1041
375566,975,1044
375567,976,1045
375568,977,1043
375569,973,1041
375570,971,1040
375571,972,1038
375572,974,1038
375573,978,1040
375574,975,1039
375575,974,1036
375576,969,1034
375577,968,1036
375578,969,1037
375579,973,1039
375580,976,1039
375581,974,1038
375582,971,1033
375583,971,1034
375584,971,1035
375585,969,1036
375586,972,1034
375587,969,1030
375588,969,1027
375589,971,1027
375590,976,1028
375591,976,1029
375592,980,1028
375593,978,1024
375594,973,1022
375595,972,1023
375596,975,1023
375597,982,1026
375598,985,1022
375599,985,1020
375600,984,1013
375601,986,1012
375602,991,1013
375603,994,1013
375604,993,1008
375605,992,1003
375606,988,1001
375607,983,1000
375608,987,1002
375609,992,1003
375610,994,998
375611,994,994
375612,990,992
375613,992,992
375614,995,995
375615,1003,998
375616,1003,995
375617,1003,990
375618,1001,991
375619,999,992
375620,1002,995
375621,1003,1000
375622,1005,1000
375623,1005,999
375624,999,996
375625,998,998
375626,1003,1000
375627,1009,1001
375628,1010,998
375629,1007,996
375630,1009,996
375631,1011,996
375632,1015,1000
375633,1020,1005
375634,1021,1005
375635,1020,1005
375636,1017,1005
375637,1015,1007
375638,1015,1009
375639,1016,1011
375640,1011,1016
375641,1011,1013
375642,1012,1015
375643,1011,1020
375644,1010,1024
375645,1007,1024
375646,1008,1026
375647,1004,1026
375648,1003,1023
375649,1009,1023
375650,1004,1027
375651,1003,1031
375652,1000,1028
375653,995,1027
375654,991,1023
375655,991,1027
375656,993,1031
375657,996,1031
375658,993,1031
375659,992,1027
375660,990,1025
375661,989,1028
375662,989,1031
375663,991,1035
375664,994,1034
375665,995,1032
375666,991,1030
375667,993,1033
375668,990,1035
375669,990,1037
375670,991,1035
375671,987,1032
375672,984,1032
375673,983,1033
375674,989,1034
375675,995,1037
375676,999,1034
375677,999,1030
375678,995,1031
375679,997,1030
375680,1003,1033
375681,1007,1034
375682,1009,1031
375683,1001,1031
375684,993,1030
375685,989,1032
375686,995,1035
375687,999,1040
375688,1001,1037
375689,998,1035
375690,994,1033
375691,992,1034
375692,996,1034
375693,999,1035
375694,999,1028
375695,999,1024
375696,999,1024
375697,996,1023
375698,1000,1026
375699,1000,1027
375700,1000,1024
375701,997,1023
375702,989,1025
375703,986,1027
375704,988,1027
375705,993,1031
375706,996,1032
375707,996,1026
375708,990,1027
375709,989,1031
375710,992,1029
375711,995,1031
375712,1001,1030
375713,998,1028
375714,990,1024
375715,989,1027
375716,987,1029
375717,992,1032
375718,995,1029
375719,990,1026
375720,984,1027
375721,983,1029
375722,989,1032
375723,992,1036
375724,995,1033
375725,997,1029
375726,996,1029
375727,993,1030
375728,992,1033
375729,995,1036
375730,998,1038
375731,996,1033
375732,993,1033
375733,993,1034
375734,996,1039
375735,997,1043
375736,992,1038
375737,988,1036
375738,984,1033
375739,990,1037
375740,994,1038
375741,997,1037
375742,994,1032
375743,989,1032
375744,983,1033
375745,989,1030
375746,995,1031
375747,996,1030
375748,991,1029
375749,989,1030
375750,986,1030
375751,992,1035
375752,992,1036
375753,991,1037
375754,987,1036
375755,985,1034
375756,988,1032
375757,989,1035
375758,991,1036
375759,993,1035
375760,996,1033
375761,995,1030
375762,993,1031
375763,989,1032
375764,993,1034
375765,997,1034
375766,999,1034
375767,998,1029
375768,990,1028
375769,987,1029
375770,992,1032
375771,998,1035
375772,1000,1033
375773,994,1033
375774,992,1033
375775,994,1031
375776,993,1034
375777,995,1037
375778,996,1040
375779,994,1036
375780,994,1035
375781,994,1038
375782,997,1041
375783,1000,1044
375784,1000,1040
375785,1001,1039
375786,1000,1036
375787,998,1040
375788,999,1040
375789,998,1043
375790,1001,1042
375791,1000,1042
375792,997,1038
375793,994,1042
375794,993,1045
375795,996,1048
375796,994,1046
375797,989,1041
375798,988,1037
375799,989,1037
375800,990,1041
375801,994,1042
375802,995,1039
375803,993,1036
375804,989,1035
375805,988,1035
375806,990,1038
375807,994,1041
375808,993,1040
375809,993,1036
375810,989,1033
375811,990,1037
375812,992,1039
375813,997,1039
375814,1000,1038
375815,999,1034
375816,994,1033
375817,992,1033
375818,995,1037
375819,994,1040
375820,996,1039
375821,993,1039
375822,992,1038
375823,996,1037
375824,1000,1038
375825,1002,1040
375826,1000,1038
375827,1002,1042
375828,1000,1041
375829,999,1042
375830,999,1045
375831,997,1048
375832,1002,1048
375833,1004,1045
375834,1003,1043
375835,1002,1043
375836,1003,1046
375837,1007,1049
375838,1006,1048
375839,1006,1043
375840,1005,1044
375841,1006,1045
375842,1005,1046
375843,1007,1044
375844,1007,1044
375845,1008,1046
375846,1007,1042
375847,1006,1043
375848,1009,1047
375849,1009,1047
375850,1011,1045
375851,1009,1039
375852,1008,1039
375853,1007,1038
375854,1009,1042
375855,1012,1040
375856,1017,1037
375857,1020,1032
375858,1022,1027
375859,1031,1026
375860,1047,1027
375861,1066,1025
375862,1085,1023
375863,1110,1017
375864,1138,1008
375865,1176,999
375866,1222,996
375867,1264,998
375868,1307,1008
375869,1334,1022
375870,1330,1039
375871,1298,1050
375872,1249,1053
375873,1187,1057
375874,1128,1065
375875,1068,1076
375876,1012,1082
375877,980,1092
375878,975,1093
375879,986,1090
375880,998,1078
375881,1001,1064
375882,999,1055
375883,999,1053
375884,998,1051
375885,997,1048
375886,996,1047
375887,994,1044
375888,989,1039
375889,990,1040
375890,991,1043
375891,990,1044
375892,987,1042
375893,983,1042
375894,980,1042
375895,977,1040
375896,983,1045
375897,984,1047
375898,987,1046
375899,984,1041
375900,976,1039
375901,975,1043
375902,973,1048
375903,979,1050
375904,982,1047
375905,982,1043
375906,976,1042
375907,978,1043
375908,982,1049
375909,988,1051
375910,990,1048
375911,987,1045
375912,984,1044
375913,983,1046
375914,985,1049
375915,988,1046
375916,991,1045
375917,992,1042
375918,990,1040
375919,992,1045
375920,995,1049
375921,998,1050
375922,999,1046
375923,999,1047
375924,995,1046
375925,993,1048
375926,995,1048
375927,995,1044
375928,996,1041
375929,996,1038
375930,994,1037
375931,992,1040
375932,995,1045
375933,1003,1044
375934,1001,1038
375935,996,1033
375936,997,1029
375937,997,1027
375938,1004,1032
375939,1009,1032
375940,1010,1028
375941,1007,1026
375942,1003,1019
375943,1005,1020
375944,1010,1024
375945,1011,1026
375946,1009,1027
375947,1012,1019
375948,1013,1016
375949,1018,1016
375950,1021,1019
375951,1027,1017
375952,1031,1012
375953,1027,1005
375954,1025,1004
375955,1022,1008
375956,1020,1012
375957,1023,1012
375958,1026,1012
375959,1024,1011
375960,1027,1011
375961,1026,1012
375962,1028,1014
375963,1030,1011
375964,1025,1010
375965,1025,1010
375966,1023,1009
375967,1025,1014
375968,1029,1019
375969,1033,1020
375970,1034,1014
375971,1032,1014
375972,1025,1016
375973,1021,1023
375974,1022,1029
375975,1028,1034
375976,1024,1032
375977,1019,1030
375978,1017,1030
375979,1019,1035
375980,1022,1042
375981,1024,1045
375982,1021,1045
375983,1015,1046
375984,1009,1048
375985,1005,1049
375986,1008,1052
375987,1013,1054
375988,1015,1052
375989,1011,1052
375990,1003,1049
375991,1004,1053
375992,1000,1053
375993,1002,1051
375994,999,1053
375995,996,1052
375996,995,1050
375997,995,1055
375998,998,1064
375999,997,1067
376000,1002,1066
376001,1003,1057
376002,1004,1056
376003,1003,1055
376004,1000,1057
376005,1002,1058
376006,1002,1059
376007,1002,1057
376008,1002,1056
376009,1004,1056
376010,1007,1053
376011,1010,1052
376012,1010,1053
376013,1004,1053
376014,1005,1054
376015,1007,1052
376016,1005,1047
376017,1006,1048
376018,1008,1044
376019,1005,1044
376020,1005,1044
376021,1008,1050
376022,1013,1051
376023,1020,1049
376024,1020,1047
376025,1010,1044
376026,1004,1046
376027,1003,1050
376028,1009,1054
376029,1012,1051
376030,1010,1048
376031,1012,1044
376032,1010,1043
376033,1012,1045
376034,1012,1048
376035,1015,1045
376036,1019,1044
376037,1013,1042
376038,1007,1043
376039,1007,1044
376040,1009,1047
376041,1011,1052
376042,1012,1050
376043,1012,1047
376044,1013,1046
376045,1016,1047
376046,1016,1053
376047,1017,1052
376048,1016,1054
376049,1011,1050
376050,1007,1048
376051,1008,1044
376052,1011,1049
376053,1018,1051
376054,1013,1052
376055,1012,1046
376056,1010,1042
376057,1007,1042
376058,1008,1047
376059,1010,1052
376060,1010,1055
376061,1012,1054
376062,1015,1053
376063,1018,1049
376064,1016,1053
376065,1018,1055
376066,1015,1048
376067,1015,1044
376068,1015,1046
376069,1014,1052
376070,1016,1052
376071,1016,1050
376072,1011,1048
376073,1009,1046
376074,1006,1046
376075,1000,1045
376076,1003,1047
376077,1009,1048
376078,1013,1047
376079,1013,1047
376080,1013,1043
376081,1013,1043
376082,1017,1044
376083,1014,1044
376084,1010,1043
376085,1012,1045
376086,1009,1043
376087,1011,1047
376088,1016,1049
376089,1017,1048
376090,1017,1044
376091,1020,1038
376092,1023,1039
376093,1025,1037
376094,1033,1038
376095,1047,1038
376096,1065,1032
376097,1084,1027
376098,1111,1023
376099,1148,1016
376100,1191,1009
376101,1246,1005
376102,1298,1002
376103,1337,1005
376104,1363,1028
376105,1366,1046
376106,1336,1053
376107,1286,1051
376108,1219,1049
376109,1150,1060
376110,1084,1082
376111,1022,1101
376112,986,1109
376113,979,1106
376114,992,1091
376115,1000,1075
376116,1007,1066
376117,1004,1063
376118,1008,1059
376119,1011,1057
376120,1003,1050
376121,993,1046
376122,992,1046
376123,993,1051
376124,999,1050
376125,1003,1051
376126,1001,1049
376127,994,1048
376128,988,1046
376129,993,1045
376130,999,1044
376131,999,1044
376132,997,1047
376133,993,1047
376134,995,1047
376135,995,1047
376136,996,1050
376137,998,1050
376138,1002,1050
376139,1000,1045
376140,1000,1043
376141,997,1046
376142,994,1050
376143,994,1051
376144,991,1047
376145,995,1045
376146,993,1043
376147,995,1044
376148,994,1044
376149,998,1049
376150,997,1048
376151,994,1045
376152,989,1037
376153,988,1040
376154,986,1041
376155,987,1045
376156,992,1041
376157,991,1038
376158,990,1040
376159,992,1039
376160,999,1037
376161,1001,1036
376162,1000,1036
376163,1000,1032
376164,999,1026
376165,1000,1025
376166,1003,1028
376167,1006,1030
376168,1007,1030
376169,1003,1022
376170,1001,1018
376171,1000,1016
376172,1004,1018
376173,1008,1018
376174,1010,1017
376175,1011,1012
376176,1013,1010
376177,1013,1008
376178,1014,1011
376179,1021,1014
376180,1024,1010
376181,1027,1003
376182,1025,997
376183,1027,996
376184,1026,1000
376185,1028,1001
376186,1026,997
376187,1026,991
376188,1024,993
376189,1025,997
376190,1029,998
376191,1036,1001
376192,1034,1001
376193,1031,996
376194,1025,995
376195,1024,996
376196,1030,1000
376197,1031,1003
376198,1026,1005
376199,1023,1005
376200,1020,1006
376201,1018,1012
376202,1022,1016
376203,1025,1020
376204,1023,1023
376205,1022,1022
376206,1017,1022
376207,1015,1026
376208,1014,1030
376209,1012,1036
376210,1007,1040
376211,1001,1041
376212,1002,1040
376213,1003,1038
376214,1004,1045
376215,1001,1047
376216,1003,1048
376217,1002,1047
376218,997,1049
376219,998,1051
376220,996,1056
376221,1000,1058
376222,1002,1055
376223,1003,1054
376224,1000,1053
376225,999,1055
376226,1000,1055
376227,1000,1056
376228,997,1059
376229,992,1056
376230,992,1051
376231,991,1053
376232,992,1058
376233,998,1061
376234,995,1054
376235,988,1050
376236,982,1048
376237,979,1052
376238,984,1055
376239,988,1057
376240,988,1053
376241,987,1055
376242,987,1054
376243,983,1054
376244,986,1054
376245,992,1055
376246,991,1053
376247,987,1050
376248,988,1051
376249,990,1053
376250,990,1054
376251,993,1057
376252,996,1052
376253,995,1048
376254,994,1052
376255,993,1052
376256,994,1055
376257,994,1056
376258,996,1055
376259,995,1052
376260,996,1054
376261,994,1056
376262,998,1059
376263,1001,1055
376264,1002,1052
376265,997,1050
376266,996,1054
376267,996,1055
376268,1000,1058
376269,1005,1058
376270,1004,1057
376271,1002,1052
376272,1001,1050
376273,1000,1049
376274,1002,1049
376275,1003,1053
376276,1005,1049
376277,1002,1049
376278,998,1048
376279,996,1050
376280,999,1052
376281,1001,1051
376282,998,1051
376283,994,1046
376284,992,1047
376285,989,1050
376286,990,1050
376287,996,1052
376288,993,1051
376289,991,1047
376290,991,1048
376291,991,1052
376292,993,1054
376293,993,1056
376294,990,1050
376295,991,1051
376296,990,1048
376297,989,1047
376298,994,1050
376299,997,1053
376300,997,1048
376301,991,1051
376302,986,1051
376303,983,1052
376304,984,1055
376305,995,1053
376306,995,1052
376307,994,1053
376308,990,1054
376309,993,1058
376310,995,1059
376311,1004,1060
376312,1002,1054
376313,995,1053
376314,994,1053
376315,994,1055
376316,994,1054
376317,996,1055
376318,995,1053
376319,992,1050
376320,991,1048
376321,990,1049
376322,994,1055
376323,996,1057
376324,997,1053
376325,993,1048
376326,992,1046
376327,991,1048
376328,994,1053
376329,999,1054
376330,998,1050
376331,993,1048
376332,986,1047
376333,985,1051
376334,991,1053
376335,992,1057
376336,993,1055
376337,991,1051
376338,987,1052
376339,987,1053
376340,991,1056
376341,996,1054
376342,998,1051
376343,995,1047
376344,992,1049
376345,993,1051
376346,994,1053
376347,1000,1052
376348,996,1050
376349,994,1049
376350,993,1049
376351,993,1051
376352,992,1052
376353,996,1053
376354,993,1052
376355,993,1051
376356,990,1049
376357,989,1053
376358,994,1055
376359,996,1054
376360,998,1052
376361,997,1049
376362,988,1047
376363,986,1050
376364,987,1055
376365,989,1058
376366,990,1055
376367,988,1053
376368,985,1049
376369,989,1052
376370,993,1053
376371,993,1052
376372,995,1050
376373,992,1049
376374,990,1049
376375,989,1050
376376,991,1055
376377,994,1056
376378,994,1053
376379,993,1051
376380,990,1052
376381,991,1050
376382,992,1057
376383,996,1054
376384,999,1052
376385,995,1052
376386,993,1051
376387,992,1050
376388,993,1053
376389,998,1050
376390,997,1053
376391,994,1050
376392,994,1048
376393,995,1046
376394,999,1051
376395,1005,1048
376396,1004,1043
376397,999,1044
376398,998,1038
376399,1002,1040
376400,1008,1040
376401,1016,1038
376402,1023,1031
376403,1032,1023
376404,1048,1021
376405,1074,1019
376406,1103,1016
376407,1146,1012
376408,1192,1001
376409,1236,991
376410,1281,988
376411,1330,995
376412,1362,1018
376413,1365,1038
376414,1326,1043
376415,1258,1044
376416,1186,1049
376417,1123,1060
376418,1068,1070
376419,1027,1075
376420,1002,1071
376421,999,1063
376422,1004,1055
376423,1005,1054
376424,1006,1052
376425,1002,1052
376426,996,1050
376427,988,1050
376428,981,1050
376429,976,1051
376430,976,1052
376431,980,1055
376432,979,1051
376433,973,1048
376434,971,1051
376435,974,1052
376436,977,1055
376437,981,1057
376438,976,1055
376439,974,1050
376440,971,1050
376441,970,1052
376442,971,1053
376443,980,1055
376444,979,1051
376445,980,1044
376446,973,1042
376447,972,1045
376448,969,1049
376449,970,1050
376450,969,1047
376451,969,1043
376452,966,1038
376453,966,1041
376454,970,1045
376455,973,1046
376456,976,1046
376457,975,1044
376458,975,1042
376459,971,1043
376460,966,1045
376461,963,1048
376462,963,1047
376463,963,1047
376464,962,1047
376465,963,1048
376466,967,1048
376467,969,1047
376468,969,1045
376469,970,1044
376470,970,1042
376471,974,1041
376472,980,1042
376473,984,1040
376474,982,1037
376475,979,1036
376476,980,1034
376477,987,1030
376478,992,1030
376479,992,1029
376480,992,1030
376481,991,1024
376482,991,1021
376483,998,1021
376484,1010,1024
376485,1022,1024
376486,1018,1016
376487,1001,1011
376488,985,1012
376489,973,1018
376490,975,1020
376491,986,1020
376492,996,1015
376493,997,1008
376494,996,1007
376495,993,1009
376496,994,1013
376497,996,1012
376498,1000,1011
376499,1000,1006
376500,999,1007
376501,1000,1007
376502,998,1012
376503,1003,1012
376504,1003,1008
376505,998,1010
376506,999,1010
376507,998,1015
376508,999,1015
376509,1003,1016
376510,1007,1016
376511,1006,1016
376512,1003,1018
376513,1001,1023
376514,1000,1026
376515,1003,1031
376516,1001,1031
376517,991,1029
376518,987,1033
376519,985,1036
376520,986,1040
376521,989,1043
376522,989,1041
376523,986,1037
376524,986,1041
376525,984,1045
376526,991,1050
376527,996,1050
376528,991,1045
376529,987,1043
376530,982,1044
376531,980,1047
376532,981,1051
376533,978,1050
376534,972,1049
376535,968,1048
376536,965,1051
376537,969,1056
376538,975,1056
376539,980,1055
376540,979,1055
376541,976,1054
376542,976,1053
376543,978,1057
376544,987,1059
376545,998,1060
376546,1002,1060
376547,1003,1058
376548,1001,1063
376549,1003,1064
376550,1008,1067
376551,1023,1065
376552,1037,1050
376553,1048,1033
376554,1059,1019
376555,1072,1006
376556,1092,991
376557,1114,979
376558,1132,960
376559,1144,941
376560,1159,924
376561,1179,901
376562,1202,879
376563,1223,867
376564,1238,847
376565,1248,833
376566,1250,824
376567,1252,828
376568,1256,831
376569,1263,829
376570,1263,824
376571,1246,818
376572,1222,817
376573,1210,826
376574,1198,834
376575,1183,840
376576,1148,844
376577,1114,848
376578,1086,861
376579,1069,878
376580,1057,895
376581,1051,911
376582,1044,919
376583,1038,929
376584,1031,941
376585,1031,955
376586,1028,970
376587,1029,980
376588,1031,990
376589,1041,998
376590,1049,1008
376591,1055,1008
376592,1045,1016
376593,1023,1021
376594,989,1026
376595,953,1031
376596,926,1045
376597,911,1058
376598,904,1070
376599,905,1083
376600,907,1087
376601,910,1088
376602,919,1088
376603,920,1086
376604,911,1086
376605,901,1089
376606,893,1093
376607,884,1094
376608,865,1096
376609,853,1097
376610,852,1105
376611,855,1112
376612,853,1112
376613,849,1112
376614,846,1113
376615,845,1120
376616,841,1121
376617,836,1124
376618,833,1121
376619,834,1119
376620,832,1120
376621,833,1122
376622,831,1124
376623,830,1128
376624,830,1127
376625,828,1125
376626,826,1130
376627,827,1132
376628,828,1137
376629,831,1140
376630,830,1138
376631,825,1138
376632,820,1138
376633,821,1144
376634,824,1150
376635,825,1152
376636,824,1151
376637,818,1149
376638,818,1152
376639,823,1158
376640,821,1163
376641,827,1166
376642,826,1164
376643,822,1166
376644,821,1165
376645,818,1169
376646,822,1172
376647,827,1172
376648,827,1170
376649,827,1168
376650,824,1166
376651,829,1170
376652,835,1170
376653,841,1169
376654,841,1166
376655,841,1164
376656,841,1157
376657,844,1161
376658,851,1161
376659,855,1160
376660,857,1153
376661,860,1148
376662,865,1143
376663,868,1144
376664,871,1139
376665,876,1132
376666,879,1127
376667,883,1121
376668,885,1116
376669,892,1112
376670,898,1110
376671,904,1105
376672,904,1099
376673,902,1092
376674,897,1085
376675,893,1083
376676,893,1085
376677,896,1079
376678,899,1078
376679,902,1072
376680,905,1071
376681,912,1066
376682,922,1066
376683,935,1062
376684,938,1057
376685,929,1049
376686,914,1047
376687,908,1052
376688,914,1058
376689,927,1059
376690,929,1052
376691,928,1047
376692,928,1046
376693,933,1047
376694,941,1047
376695,944,1044
376696,941,1042
376697,934,1037
376698,925,1037
376699,921,1040
376700,925,1041
376701,932,1040
376702,932,1036
376703,935,1031
376704,932,1030
376705,938,1032
376706,941,1033
376707,944,1032
376708,937,1031
376709,930,1027
376710,923,1029
376711,921,1034
376712,925,1038
376713,926,1038
376714,929,1034
376715,933,1029
376716,934,1027
376717,935,1027
376718,938,1028
376719,939,1029
376720,932,1027
376721,922,1026
376722,918,1027
376723,920,1033
376724,927,1035
376725,928,1036
376726,931,1031
376727,931,1030
376728,929,1031
376729,931,1035
376730,940,1038
376731,943,1037
376732,943,1036
376733,940,1031
376734,935,1033
376735,935,1034
376736,942,1035
376737,945,1037
376738,942,1034
376739,939,1030
376740,937,1034
376741,938,1035
376742,941,1037
376743,943,1035
376744,944,1034
376745,940,1032
376746,939,1032
376747,937,1037
376748,938,1039
376749,942,1038
376750,945,1038
376751,948,1032
376752,956,1030
376753,952,1031
376754,944,1034
376755,935,1037
376756,930,1039
376757,930,1039
376758,933,1037
376759,940,1037
376760,950,1037
376761,963,1034
376762,973,1030
376763,972,1025
376764,959,1024
376765,947,1028
376766,943,1032
376767,940,1034
376768,932,1035
376769,920,1037
376770,914,1042
376771,920,1045
376772,932,1049
376773,935,1049
376774,933,1045
376775,931,1041
376776,928,1040
376777,929,1042
376778,934,1044
376779,940,1046
376780,940,1041
376781,938,1039
376782,936,1037
376783,935,1042
376784,939,1041
376785,943,1041
376786,942,1039
376787,940,1034
376788,940,1032
376789,941,1036
376790,943,1039
376791,947,1035
376792,949,1034
376793,943,1029
376794,945,1030
376795,942,1031
376796,945,1036
376797,947,1037
376798,944,1034
376799,941,1029
376800,940,1029
376801,943,1029
376802,945,1031
376803,950,1031
376804,946,1030
376805,944,1029
376806,941,1028
376807,940,1028
376808,943,1033
376809,951,1031
376810,949,1027
376811,947,1026
376812,944,1029
376813,947,1029
376814,949,1031
376815,951,1031
376816,949,1028
376817,949,1026
376818,944,1028
376819,945,1029
376820,948,1034
376821,952,1036
376822,955,1034
376823,953,1031
376824,949,1031
376825,950,1029
376826,953,1032
376827,955,1033
376828,954,1032
376829,951,1029
376830,952,1029
376831,954,1029
376832,961,1033
376833,969,1034
376834,978,1027
376835,985,1022
376836,981,1018
376837,967,1015
376838,944,1019
376839,934,1025
376840,934,1028
376841,939,1029
376842,947,1029
376843,952,1033
376844,956,1031
376845,966,1030
376846,975,1028
376847,979,1021
376848,974,1017
376849,967,1021
376850,963,1022
376851,961,1021
376852,960,1022
376853,953,1016
376854,950,1015
376855,958,1018
376856,982,1019
376857,1011,1019
376858,1035,1012
376859,1057,1005
376860,1086,994
376861,1126,988
376862,1168,988
376863,1211,989
376864,1250,1000
376865,1274,1014
376866,1278,1032
376867,1254,1042
376868,1207,1043
376869,1148,1039
376870,1088,1040
376871,1031,1047
376872,980,1053
376873,946,1057
376874,934,1053
376875,939,1047
376876,948,1035
376877,955,1023
376878,955,1019
376879,953,1020
376880,955,1022
376881,955,1021
376882,950,1018
376883,945,1015
376884,946,1015
376885,946,1021
376886,949,1024
376887,952,1025
376888,951,1022
376889,947,1019
376890,949,1019
376891,951,1023
376892,955,1028
376893,953,1027
376894,946,1021
376895,943,1020
376896,939,1021
376897,942,1024
376898,949,1024
376899,955,1023
376900,954,1020
376901,948,1015
376902,939,1013
376903,933,1019
376904,929,1024
376905,933,1025
376906,937,1026
376907,936,1022
376908,937,1022
376909,938,1025
376910,944,1024
376911,950,1023
376912,953,1022
376913,957,1015
376914,959,1014
376915,954,1014
376916,939,1015
376917,927,1017
376918,923,1020
376919,927,1020
376920,934,1017
376921,936,1018
376922,939,1019
376923,940,1016
376924,938,1013
376925,935,1011
376926,936,1008
376927,940,1011
376928,944,1015
376929,946,1018
376930,949,1016
376931,948,1012
376932,947,1012
376933,945,1013
376934,950,1014
376935,953,1012
376936,954,1008
376937,955,1004
376938,953,1004
376939,955,1005
376940,956,1006
376941,957,1004
376942,960,1001
376943,958,998
376944,957,995
376945,961,999
376946,961,998
376947,962,997
376948,963,993
376949,961,990
376950,961,990
376951,964,994
376952,965,994
376953,974,991
376954,974,990
376955,971,987
376956,970,987
376957,967,987
376958,974,988
376959,974,987
376960,974,989
376961,970,986
376962,972,985
376963,974,985
376964,977,984
376965,980,984
376966,976,982
376967,977,979
376968,979,981
376969,988,983
376970,991,987
376971,992,988
376972,985,990
376973,979,991
376974,975,996
376975,976,998
376976,979,1001
376977,984,1007
376978,984,1003
376979,980,1003
376980,980,1004
376981,976,1009
376982,978,1014
376983,979,1015
376984,975,1018
376985,971,1017
376986,971,1020
376987,973,1022
376988,979,1025
376989,981,1023
376990,975,1023
376991,966,1021
376992,967,1024
376993,968,1029
376994,974,1031
376995,980,1030
376996,981,1028
376997,980,1024
376998,976,1023
376999,968,1022
377000,963,1026
377001,967,1030
377002,972,1027
377003,974,1022
377004,970,1024
377005,968,1025
377006,969,1025
377007,968,1025
377008,968,1020
377009,966,1016
377010,965,1017
377011,969,1017
377012,971,1022
377013,975,1024
377014,971,1024
377015,968,1019
377016,969,1018
377017,971,1019
377018,974,1020
377019,977,1019
377020,977,1016
377021,975,1014
377022,977,1018
377023,980,1022
377024,986,1026
377025,995,1023
377026,995,1018
377027,983,1014
377028,973,1014
377029,971,1019
377030,970,1022
377031,975,1027
377032,983,1023
377033,986,1017
377034,982,1015
377035,977,1018
377036,978,1019
377037,980,1019
377038,983,1017
377039,984,1015
377040,981,1014
377041,979,1016
377042,980,1017
377043,984,1016
377044,982,1013
377045,980,1009
377046,976,1011
377047,980,1015
377048,980,1015
377049,985,1017
377050,983,1014
377051,982,1012
377052,982,1012
377053,982,1010
377054,982,1012
377055,980,1010
377056,980,1010
377057,974,1009
377058,975,1012
377059,977,1012
377060,980,1014
377061,981,1017
377062,982,1011
377063,982,1008
377064,982,1009
377065,982,1014
377066,984,1016
377067,983,1017
377068,981,1014
377069,975,1016
377070,976,1018
377071,983,1020
377072,983,1023
377073,984,1021
377074,980,1017
377075,978,1013
377076,979,1016
377077,984,1019
377078,984,1023
377079,984,1023
377080,982,1024
377081,980,1019
377082,977,1021
377083,982,1021
377084,985,1022
377085,992,1021
377086,993,1020
377087,995,1018
377088,994,1020
377089,993,1018
377090,991,1018
377091,990,1014
377092,994,1010
377093,994,1009
377094,1004,1008
377095,1017,1010
377096,1033,1011
377097,1057,1008
377098,1081,1006
377099,1106,998
377100,1140,992
377101,1182,990
377102,1232,989
377103,1277,992
377104,1309,999
377105,1320,1014
377106,1302,1028
377107,1264,1031
377108,1209,1030
377109,1151,1031
377110,1091,1036
377111,1031,1042
377112,986,1044
377113,958,1048
377114,954,1048
377115,971,1041
377116,983,1030
377117,986,1019
377118,983,1015
377119,985,1015
377120,989,1015
377121,993,1012
377122,991,1010
377123,993,1008
377124,995,1008
377125,994,1009
377126,988,1007
377127,979,1003
377128,962,1002
377129,956,1005
377130,958,1009
377131,964,1014
377132,968,1019
377133,972,1017
377134,978,1013
377135,986,1008
377136,991,1005
377137,987,1005
377138,969,1005
377139,956,1009
377140,948,1013
377141,950,1016
377142,954,1018
377143,960,1020
377144,965,1019
377145,963,1017
377146,963,1018
377147,964,1013
377148,966,1016
377149,970,1015
377150,975,1018
377151,977,1014
377152,977,1014
377153,976,1013
377154,973,1016
377155,974,1017
377156,973,1016
377157,975,1016
377158,977,1013
377159,980,1013
377160,979,1016
377161,980,1020
377162,980,1021
377163,980,1020
377164,977,1019
377165,975,1014
377166,970,1012
377167,976,1008
377168,978,1011
377169,980,1008
377170,981,1006
377171,977,1003
377172,977,998
377173,979,1003
377174,980,1002
377175,984,996
377176,987,994
377177,983,990
377178,984,989
377179,987,989
377180,994,990
377181,996,989
377182,999,983
377183,992,976
377184,987,979
377185,979,980
377186,983,987
377187,988,986
377188,996,981
377189,1004,976
377190,1006,971
377191,1001,969
377192,992,971
377193,988,971
377194,993,972
377195,1002,969
377196,1006,969
377197,1002,970
377198,993,974
377199,985,974
377200,984,975
377201,987,979
377202,991,982
377203,995,986
377204,999,988
377205,1001,987
377206,1001,985
377207,1002,984
377208,998,986
377209,1004,991
377210,1008,994
377211,1009,992
377212,1009,991
377213,1006,987
377214,1002,992
377215,1000,998
377216,1002,1002
377217,1003,1002
377218,1003,1003
377219,999,1003
377220,997,1004
377221,997,1011
377222,1000,1014
377223,998,1015
377224,997,1015
377225,992,1014
377226,988,1014
377227,992,1020
377228,995,1022
377229,997,1022
377230,996,1020
377231,993,1014
377232,989,1015
377233,989,1020
377234,992,1023
377235,990,1024
377236,989,1024
377237,987,1021
377238,987,1023
377239,988,1025
377240,990,1028
377241,994,1027
377242,992,1025
377243,989,1023
377244,989,1023
377245,989,1025
377246,988,1026
377247,992,1026
377248,993,1026
377249,990,1024
377250,986,1024
377251,990,1023
377252,994,1026
377253,995,1023
377254,995,1020
377255,992,1015
377256,991,1016
377257,995,1015
377258,996,1015
377259,999,1013
377260,1002,1011
377261,1000,1011
377262,996,1011
377263,994,1017
377264,988,1019
377265,984,1021
377266,983,1021
377267,986,1018
377268,988,1018
377269,991,1022
377270,991,1021
377271,991,1022
377272,986,1019
377273,982,1020
377274,979,1019
377275,982,1019
377276,987,1024
377277,991,1024
377278,990,1020
377279,983,1019
377280,977,1021
377281,981,1024
377282,987,1028
377283,990,1028
377284,990,1024
377285,987,1024
377286,978,1023
377287,978,1027
377288,984,1029
377289,986,1028
377290,982,1029
377291,979,1026
377292,977,1030
377293,978,1033
377294,980,1035
377295,985,1036
377296,984,1031
377297,981,1030
377298,980,1030
377299,980,1034
377300,983,1036
377301,986,1033
377302,984,1034
377303,982,1030
377304,981,1031
377305,985,1033
377306,987,1036
377307,990,1034
377308,984,1032
377309,982,1029
377310,978,1032
377311,978,1031
377312,981,1035
377313,984,1037
377314,979,1036
377315,974,1034
377316,970,1035
377317,978,1041
377318,982,1044
377319,987,1041
377320,991,1042
377321,989,1038
377322,988,1036
377323,987,1039
377324,986,1039
377325,980,1037
377326,979,1034
377327,985,1030
377328,995,1027
377329,1010,1029
377330,1025,1030
377331,1037,1031
377332,1061,1025
377333,1088,1019
377334,1119,1009
377335,1154,1002
377336,1201,1000
377337,1242,1004
377338,1280,1016
377339,1300,1037
377340,1292,1059
377341,1260,1068
377342,1207,1064
377343,1147,1063
377344,1078,1069
377345,1015,1081
377346,970,1093
377347,949,1103
377348,954,1099
377349,968,1088
377350,975,1072
377351,980,1057
377352,981,1048
377353,984,1048
377354,984,1048
377355,981,1044
377356,980,1040
377357,979,1038
377358,976,1037
377359,973,1038
377360,972,1042
377361,972,1041
377362,971,1041
377363,967,1038
377364,966,1038
377365,967,1038
377366,971,1043
377367,974,1043
377368,969,1039
377369,964,1038
377370,964,1042
377371,963,1047
377372,967,1051
377373,967,1051
377374,965,1048
377375,963,1044
377376,964,1047
377377,964,1050
377378,966,1053
377379,969,1052
377380,969,1049
377381,967,1048
377382,967,1049
377383,971,1050
377384,973,1050
377385,971,1048
377386,971,1049
377387,967,1046
377388,967,1047
377389,970,1046
377390,974,1050
377391,975,1046
377392,975,1044
377393,975,1041
377394,975,1041
377395,976,1041
377396,978,1039
377397,979,1041
377398,976,1038
377399,977,1035
377400,978,1033
377401,981,1034
377402,983,1036
377403,986,1032
377404,984,1026
377405,981,1026
377406,980,1024
377407,981,1026
377408,987,1027
377409,994,1022
377410,994,1020
377411,990,1013
377412,993,1017
377413,996,1016
377414,1004,1017
377415,1003,1016
377416,997,1014
377417,996,1008
377418,997,1009
377419,1004,1011
377420,1013,1009
377421,1016,1008
377422,1011,1005
377423,998,1004
377424,997,1009
377425,992,1013
377426,997,1016
377427,1005,1014
377428,1005,1011
377429,1002,1009
377430,993,1007
377431,998,1010
377432,1004,1012
377433,1004,1011
377434,999,1010
377435,997,1007
377436,1000,1008
377437,1007,1011
377438,1011,1012
377439,1010,1014
377440,1013,1015
377441,1014,1014
377442,1013,1016
377443,1016,1020
377444,1012,1030
377445,1014,1031
377446,1010,1030
377447,1009,1029
377448,1005,1030
377449,1006,1037
377450,1011,1041
377451,1014,1043
377452,1017,1039
377453,1012,1037
377454,1003,1038
377455,998,1045
377456,996,1049
377457,997,1053
377458,1001,1053
377459,996,1050
377460,994,1054
377461,994,1059
377462,992,1062
377463,996,1063
377464,1001,1060
377465,997,1062
377466,996,1063
377467,996,1066
377468,999,1069
377469,1000,1069
377470,1000,1067
377471,998,1065
377472,994,1066
377473,998,1069
377474,1002,1073
377475,1007,1071
377476,1006,1068
377477,1002,1066
377478,1000,1065
377479,994,1069
377480,998,1071
377481,1004,1069
377482,1010,1065
377483,1011,1063
377484,1008,1061
377485,1008,1061
377486,1011,1064
377487,1017,1064
377488,1019,1062
377489,1016,1056
377490,1016,1055
377491,1017,1058
377492,1023,1059
377493,1023,1057
377494,1015,1059
377495,1011,1056
377496,1009,1059
377497,1012,1060
377498,1013,1062
377499,1015,1060
377500,1017,1057
377501,1013,1054
377502,1011,1055
377503,1015,1059
377504,1020,1061
377505,1019,1059
377506,1011,1057
377507,1006,1055
377508,1007,1055
377509,1014,1057
377510,1018,1059
377511,1019,1059
377512,1021,1056
377513,1012,1054
377514,1004,1055
377515,1005,1059
377516,1011,1063
377517,1016,1059
377518,1013,1057
377519,1012,1054
377520,1008,1056
377521,1011,1060
377522,1015,1065
377523,1017,1064
377524,1013,1063
377525,1008,1059
377526,1006,1061
377527,1009,1063
377528,1013,1065
377529,1014,1065
377530,1013,1063
377531,1014,1061
377532,1017,1063
377533,1022,1064
377534,1025,1065
377535,1022,1062
377536,1017,1059
377537,1012,1061
377538,1013,1060
377539,1018,1060
377540,1021,1063
377541,1021,1061
377542,1021,1057
377543,1021,1057
377544,1015,1054
377545,1017,1061
377546,1019,1062
377547,1022,1061
377548,1022,1058
377549,1018,1057
377550,1017,1058
377551,1015,1061
377552,1021,1064
377553,1023,1065
377554,1021,1063
377555,1022,1059
377556,1019,1058
377557,1025,1057
377558,1032,1055
377559,1041,1052
377560,1048,1045
377561,1049,1041
377562,1061,1040
377563,1079,1039
377564,1108,1038
377565,1144,1030
377566,1180,1018
377567,1217,1015
377568,1259,1020
377569,1301,1036
377570,1330,1060
377571,1341,1081
377572,1322,1092
377573,1275,1095
377574,1219,1097
377575,1156,1106
377576,1095,1121
377577,1041,1130
377578,993,1137
377579,965,1143
377580,971,1143
377581,992,1134
377582,1007,1121
377583,1015,1103
377584,1019,1091
377585,1017,1084
377586,1014,1080
377587,1010,1081
377588,1012,1083
377589,1013,1081
377590,1010,1075
377591,1004,1071
377592,1002,1069
377593,1002,1069
377594,1008,1073
377595,1011,1071
377596,1009,1065
377597,1005,1061
377598,1003,1061
377599,1002,1063
377600,1005,1063
377601,1003,1059
377602,997,1055
377603,995,1052
377604,994,1052
377605,995,1058
377606,997,1065
377607,998,1067
377608,997,1070
377609,996,1065
377610,993,1065
377611,990,1066
377612,993,1070
377613,995,1073
377614,997,1066
377615,992,1061
377616,991,1053
377617,994,1051
377618,997,1050
377619,1002,1049
377620,997,1046
377621,996,1044
377622,997,1046
377623,996,1049
377624,1001,1055
377625,1008,1051
377626,1005,1047
377627,998,1045
377628,993,1046
377629,995,1050
377630,998,1052
377631,1001,1051
377632,1003,1049
377633,1001,1045
377634,1003,1046
377635,1002,1047
377636,1004,1047
377637,1007,1044
377638,1006,1040
377639,1006,1037
377640,1006,1033
377641,1004,1039
377642,1011,1040
377643,1014,1036
377644,1016,1031
377645,1015,1027
377646,1016,1025
377647,1020,1023
377648,1020,1027
377649,1022,1024
377650,1019,1017
377651,1018,1015
377652,1019,1014
377653,1020,1017
377654,1021,1018
377655,1026,1019
377656,1028,1014
377657,1027,1011
377658,1023,1010
377659,1022,1010
377660,1028,1010
377661,1032,1010
377662,1028,1007
377663,1027,1004
377664,1027,1007
377665,1026,1014
377666,1028,1022
377667,1034,1020
377668,1035,1018
377669,1035,1018
377670,1032,1022
377671,1034,1025
377672,1040,1033
377673,1039,1035
377674,1039,1033
377675,1035,1036
377676,1032,1041
377677,1035,1043
377678,1035,1051
377679,1040,1049
377680,1036,1042
377681,1033,1039
377682,1031,1037
377683,1030,1050
377684,1028,1062
377685,1025,1065
377686,1021,1066
377687,1022,1058
377688,1022,1055
377689,1022,1056
377690,1022,1058
377691,1023,1056
377692,1024,1053
377693,1023,1054
377694,1020,1053
377695,1019,1053
377696,1017,1058
377697,1018,1059
377698,1013,1058
377699,1013,1058
377700,1011,1062
377701,1014,1064
377702,1017,1069
377703,1018,1069
377704,1015,1067
377705,1014,1064
377706,1013,1065
377707,1015,1063
377708,1015,1062
377709,1019,1063
377710,1021,1060
377711,1016,1060
377712,1017,1061
377713,1018,1066
377714,1019,1069
377715,1023,1069
377716,1027,1068
377717,1028,1068
377718,1029,1066
377719,1033,1070
377720,1038,1071
377721,1045,1074
377722,1046,1073
377723,1043,1076
377724,1044,1079
377725,1049,1083
377726,1064,1089
377727,1076,1087
377728,1089,1079
377729,1102,1069
377730,1107,1058
377731,1120,1049
377732,1137,1037
377733,1158,1017
377734,1173,999
377735,1187,980
377736,1201,960
377737,1218,939
377738,1235,917
377739,1253,894
377740,1272,878
377741,1283,866
377742,1289,863
377743,1293,854
377744,1293,853
377745,1297,852
377746,1301,854
377747,1297,854
377748,1291,855
377749,1284,854
377750,1271,859
377751,1256,859
377752,1236,869
377753,1219,876
377754,1200,888
377755,1181,901
377756,1163,915
377757,1145,922
377758,1125,927
377759,1112,932
377760,1099,943
377761,1094,962
377762,1097,978
377763,1094,989
377764,1086,994
377765,1079,1001
377766,1081,1011
377767,1088,1020
377768,1100,1027
377769,1108,1033
377770,1120,1035
377771,1125,1038
377772,1109,1050
377773,1073,1071
377774,1033,1090
377775,997,1093
377776,975,1085
377777,965,1068
377778,962,1063
377779,959,1068
377780,956,1079
377781,952,1087
377782,946,1095
377783,941,1100
377784,937,1108
377785,938,1115
377786,938,1121
377787,934,1120
377788,934,1121
377789,928,1124
377790,924,1126
377791,923,1136
377792,927,1142
377793,919,1142
377794,913,1135
377795,910,1132
377796,909,1136
377797,908,1139
377798,907,1143
377799,907,1144
377800,903,1147
377801,896,1151
377802,889,1161
377803,888,1165
377804,885,1172
377805,885,1176
377806,883,1176
377807,880,1185
377808,881,1192
377809,883,1199
377810,882,1202
377811,882,1200
377812,874,1195
377813,870,1189
377814,867,1186
377815,875,1190
377816,880,1196
377817,881,1197
377818,877,1189
377819,876,1184
377820,878,1185
377821,881,1194
377822,880,1203
377823,875,1206
377824,866,1205
377825,866,1204
377826,872,1205
377827,877,1209
377828,879,1209
377829,885,1208
377830,886,1203
377831,885,1201
377832,885,1206
377833,889,1208
377834,897,1206
377835,901,1199
377836,904,1197
377837,905,1191
377838,908,1191
377839,916,1193
377840,923,1197
377841,927,1196
377842,931,1193
377843,929,1182
377844,930,1172
377845,938,1166
377846,942,1158
377847,953,1147
377848,957,1139
377849,958,1132
377850,959,1132
377851,964,1132
377852,970,1129
377853,971,1127
377854,968,1130
377855,965,1132
377856,968,1130
377857,975,1124
377858,980,1115
377859,985,1100
377860,981,1088
377861,978,1090
377862,977,1096
377863,979,1108
377864,984,1109
377865,987,1102
377866,990,1083
377867,991,1068
377868,993,1058
377869,996,1058
377870,999,1067
377871,999,1069
377872,999,1069
377873,992,1069
377874,991,1070
377875,992,1074
377876,996,1077
377877,997,1075
377878,995,1075
377879,990,1072
377880,986,1075
377881,987,1076
377882,991,1074
377883,994,1075
377884,990,1070
377885,985,1065
377886,985,1069
377887,991,1073
377888,992,1081
377889,998,1081
377890,1002,1080
377891,995,1077
377892,991,1080
377893,989,1085
377894,997,1088
377895,997,1080
377896,994,1069
377897,992,1060
377898,992,1061
377899,995,1068
377900,1002,1070
377901,1004,1070
377902,1002,1070
377903,996,1073
377904,993,1078
377905,994,1082
377906,994,1088
377907,997,1082
377908,995,1073
377909,998,1063
377910,997,1059
377911,998,1059
377912,998,1065
377913,1001,1064
377914,997,1062
377915,992,1063
377916,992,1064
377917,994,1069
377918,999,1070
377919,1003,1071
377920,1000,1070
377921,999,1071
377922,1001,1074
377923,1001,1076
377924,1004,1076
377925,1000,1074
377926,1000,1067
377927,1001,1063
377928,999,1059
377929,999,1061
377930,1000,1068
377931,1002,1069
377932,1002,1072
377933,999,1069
377934,995,1061
377935,998,1061
377936,999,1062
377937,998,1064
377938,1001,1066
377939,1001,1065
377940,999,1067
377941,999,1071
377942,1002,1073
377943,1007,1070
377944,1004,1065
377945,998,1060
377946,995,1054
377947,1001,1057
377948,1004,1060
377949,1005,1070
377950,1003,1077
377951,1002,1080
377952,1000,1074
377953,999,1066
377954,1002,1065
377955,1005,1065
377956,1004,1062
377957,1005,1057
377958,1006,1053
377959,1006,1054
377960,1004,1055
377961,999,1059
377962,996,1063
377963,994,1072
377964,995,1079
377965,998,1082
377966,1002,1081
377967,1002,1069
377968,1001,1055
377969,996,1049
377970,995,1053
377971,999,1059
377972,1002,1065
377973,1003,1066
377974,999,1067
377975,996,1066
377976,996,1071
377977,995,1078
377978,997,1084
377979,999,1085
377980,1001,1078
377981,1004,1063
377982,1004,1053
377983,1002,1055
377984,1001,1058
377985,1002,1067
377986,1004,1078
377987,1003,1082
377988,1001,1077
377989,1000,1066
377990,1004,1061
377991,1007,1056
377992,1007,1056
377993,1000,1061
377994,999,1066
377995,998,1069
377996,1006,1068
377997,1010,1066
377998,1008,1060
377999,1008,1056
378000,1006,1058
378001,1008,1062
378002,1008,1061
378003,1006,1061
378004,1002,1059
378005,1002,1060
378006,1000,1063
378007,1002,1068
378008,1006,1074
378009,1006,1071
378010,1007,1066
378011,1006,1062
378012,1004,1062
378013,1006,1064
378014,1007,1065
378015,1010,1062
378016,1006,1064
378017,1006,1061
378018,1007,1060
378019,1013,1061
378020,1014,1061
378021,1013,1060
378022,1014,1061
378023,1013,1062
378024,1012,1065
378025,1014,1065
378026,1015,1068
378027,1010,1070
378028,1007,1073
378029,1003,1081
378030,1003,1089
378031,1010,1082
378032,1016,1066
378033,1025,1043
378034,1032,1033
378035,1037,1029
378036,1041,1031
378037,1052,1038
378038,1073,1045
378039,1100,1046
378040,1135,1034
378041,1168,1018
378042,1206,1007
378043,1251,1001
378044,1295,1009
378045,1326,1024
378046,1339,1043
378047,1327,1057
378048,1290,1069
378049,1235,1075
378050,1170,1079
378051,1107,1091
378052,1049,1099
378053,1001,1102
378054,973,1110
378055,972,1109
378056,983,1104
378057,998,1090
378058,1007,1080
378059,1009,1069
378060,1009,1061
378061,1006,1053
378062,1007,1052
378063,1008,1052
378064,1005,1054
378065,999,1061
378066,995,1066
378067,997,1067
378068,1001,1063
378069,1001,1060
378070,997,1055
378071,999,1052
378072,994,1054
378073,992,1055
378074,996,1059
378075,995,1060
378076,992,1062
378077,992,1061
378078,993,1064
378079,993,1067
378080,1000,1072
378081,1001,1075
378082,999,1077
378083,994,1073
378084,995,1065
378085,997,1063
378086,999,1064
378087,997,1063
378088,997,1069
378089,992,1081
378090,990,1092
378091,994,1089
378092,1002,1079
378093,1004,1067
378094,1004,1057
378095,1002,1053
378096,995,1050
378097,993,1049
378098,1002,1052
378099,1006,1055
378100,1007,1051
378101,1003,1045
378102,1005,1044
378103,1004,1051
378104,1011,1052
378105,1009,1057
378106,1008,1056
378107,1008,1051
378108,1009,1048
378109,1009,1049
378110,1010,1047
378111,1011,1050
378112,1012,1049
378113,1010,1046
378114,1011,1046
378115,1014,1046
378116,1016,1045
378117,1020,1047
378118,1019,1044
378119,1019,1038
378120,1019,1030
378121,1024,1031
378122,1026,1029
378123,1031,1020
378124,1028,1012
378125,1027,1008
378126,1028,1009
378127,1031,1012
378128,1034,1019
378129,1037,1022
378130,1034,1021
378131,1031,1017
378132,1029,1010
378133,1033,1012
378134,1039,1014
378135,1046,1018
378136,1044,1022
378137,1037,1020
378138,1036,1019
378139,1039,1019
378140,1047,1023
378141,1051,1021
378142,1048,1022
378143,1049,1028
378144,1048,1032
378145,1048,1034
378146,1052,1038
378147,1050,1044
378148,1049,1055
378149,1047,1059
378150,1045,1057
378151,1045,1053
378152,1047,1053
378153,1047,1051
378154,1046,1050
378155,1045,1050
378156,1045,1051
378157,1048,1048
378158,1049,1044
378159,1050,1038
378160,1045,1034
378161,1035,1036
378162,1027,1040
378163,1027,1050
378164,1032,1056
378165,1030,1060
378166,1029,1060
378167,1026,1057
378168,1026,1058
378169,1026,1056
378170,1026,1064
378171,1025,1071
378172,1020,1075
378173,1021,1071
378174,1019,1069
378175,1020,1069
378176,1023,1074
378177,1021,1074
378178,1017,1062
378179,1018,1050
378180,1020,1046
378181,1024,1050
378182,1027,1053
378183,1027,1053
378184,1026,1052
378185,1028,1050
378186,1028,1053
378187,1026,1058
378188,1025,1062
378189,1030,1062
378190,1034,1058
378191,1032,1055
378192,1031,1058
378193,1036,1058
378194,1037,1058
378195,1036,1060
378196,1033,1067
378197,1030,1075
378198,1031,1078
378199,1030,1080
378200,1032,1073
378201,1038,1060
378202,1038,1049
378203,1038,1040
378204,1034,1040
378205,1033,1043
378206,1037,1051
378207,1038,1055
378208,1036,1049
378209,1033,1044
378210,1027,1045
378211,1029,1053
378212,1029,1053
378213,1034,1055
378214,1030,1053
378215,1024,1055
378216,1023,1062
378217,1027,1064
378218,1030,1066
378219,1030,1060
378220,1029,1057
378221,1026,1054
378222,1023,1058
378223,1025,1060
378224,1029,1065
378225,1028,1063
378226,1021,1053
378227,1014,1049
378228,1017,1053
378229,1019,1061
378230,1021,1067
378231,1023,1067
378232,1023,1068
378233,1024,1066
378234,1026,1059
378235,1027,1052
378236,1027,1051
378237,1029,1051
378238,1027,1053
378239,1026,1059
378240,1026,1072
378241,1027,1078
378242,1030,1084
378243,1030,1078
378244,1028,1069
378245,1027,1061
378246,1026,1058
378247,1028,1050
378248,1030,1042
378249,1036,1038
378250,1034,1037
378251,1028,1039
378252,1024,1044
378253,1022,1053
378254,1029,1062
378255,1029,1061
378256,1025,1060
378257,1022,1056
378258,1021,1058
378259,1020,1056
378260,1028,1061
378261,1027,1063
378262,1020,1064
378263,1013,1067
378264,1012,1072
378265,1014,1073
378266,1016,1071
378267,1019,1066
378268,1022,1066
378269,1018,1066
378270,1014,1073
378271,1015,1082
378272,1016,1087
378273,1017,1080
378274,1016,1069
378275,1013,1055
378276,1015,1048
378277,1014,1048
378278,1017,1053
378279,1022,1051
378280,1023,1051
378281,1019,1049
378282,1014,1050
378283,1019,1053
378284,1021,1058
378285,1020,1058
378286,1020,1057
378287,1021,1057
378288,1024,1057
378289,1027,1062
378290,1028,1061
378291,1025,1063
378292,1023,1063
378293,1023,1059
378294,1022,1058
378295,1020,1064
378296,1023,1068
378297,1027,1065
378298,1026,1062
378299,1027,1059
378300,1027,1064
378301,1026,1071
378302,1022,1075
378303,1018,1075
378304,1018,1071
378305,1016,1065
378306,1018,1065
378307,1016,1071
378308,1024,1081
378309,1023,1082
378310,1023,1069
378311,1023,1049
378312,1024,1033
378313,1027,1035
378314,1028,1042
378315,1027,1050
378316,1025,1055
378317,1018,1056
378318,1015,1056
378319,1015,1060
378320,1019,1063
378321,1021,1067
378322,1018,1065
378323,1014,1064
378324,1016,1066
378325,1020,1068
378326,1023,1070
378327,1023,1068
378328,1023,1065
378329,1019,1066
378330,1020,1066
378331,1022,1070
378332,1025,1070
378333,1029,1072
378334,1027,1069
378335,1026,1068
378336,1023,1072
378337,1020,1082
378338,1025,1099
378339,1026,1101
378340,1027,1089
378341,1025,1066
378342,1027,1051
378343,1033,1046
378344,1034,1048
378345,1034,1057
378346,1027,1064
378347,1024,1074
378348,1024,1079
378349,1029,1074
378350,1033,1063
378351,1036,1053
378352,1030,1048
378353,1025,1046
378354,1023,1050
378355,1026,1055
378356,1029,1058
378357,1029,1058
378358,1026,1057
378359,1023,1057
378360,1022,1057
378361,1024,1059
378362,1028,1064
378363,1030,1061
378364,1028,1058
378365,1023,1054
378366,1019,1054
378367,1018,1058
378368,1022,1058
378369,1020,1054
378370,1016,1054
378371,1008,1056
378372,1006,1060
378373,1013,1067
378374,1018,1068
378375,1020,1064
378376,1018,1062
378377,1015,1062
378378,1015,1064
378379,1021,1065
378380,1025,1067
378381,1029,1069
378382,1027,1068
378383,1019,1060
378384,1023,1059
378385,1027,1064
378386,1033,1061
378387,1032,1057
378388,1033,1053
378389,1030,1051
378390,1026,1053
378391,1032,1058
378392,1032,1063
378393,1033,1062
378394,1034,1062
378395,1029,1059
378396,1025,1059
378397,1027,1060
378398,1032,1065
378399,1034,1063
378400,1036,1063
378401,1033,1062
378402,1031,1063
378403,1031,1068
378404,1032,1067
378405,1031,1064
378406,1035,1061
378407,1035,1061
378408,1029,1061
378409,1028,1063
378410,1034,1067
378411,1040,1067
378412,1039,1064
378413,1034,1063
378414,1029,1064
378415,1027,1071
378416,1030,1067
378417,1034,1057
378418,1035,1047
378419,1035,1041
378420,1041,1044
378421,1056,1047
378422,1074,1047
378423,1095,1043
378424,1120,1041
378425,1150,1031
378426,1187,1017
378427,1221,1009
378428,1258,1002
378429,1300,1002
378430,1336,1012
378431,1357,1026
378432,1349,1038
378433,1315,1050
378434,1255,1060
378435,1190,1065
378436,1130,1069
378437,1072,1068
378438,1021,1072
378439,998,1077
378440,999,1080
378441,1013,1072
378442,1029,1067
378443,1030,1061
378444,1018,1061
378445,1013,1064
378446,1012,1067
378447,1012,1065
378448,1010,1060
378449,1003,1062
378450,999,1061
378451,1000,1065
378452,1005,1068
378453,1005,1067
378454,1005,1064
378455,1003,1064
378456,1006,1065
378457,1010,1066
378458,1015,1070
378459,1010,1072
378460,1010,1070
378461,1006,1066
378462,1006,1067
378463,1004,1067
378464,1005,1063
378465,1004,1060
378466,1002,1060
378467,994,1056
378468,991,1057
378469,994,1060
378470,1005,1062
378471,1012,1061
378472,1011,1059
378473,1008,1054
378474,1009,1057
378475,1016,1060
378476,1022,1064
378477,1020,1063
378478,1013,1061
378479,1006,1060
378480,1003,1061
378481,1005,1064
378482,1003,1069
378483,1006,1067
378484,1006,1065
378485,999,1063
378486,997,1066
378487,1000,1069
378488,1006,1068
378489,1008,1061
378490,1007,1059
378491,1005,1058
378492,1003,1059
378493,1005,1062
378494,1008,1062
378495,1009,1061
378496,1013,1056
378497,1011,1052
378498,1013,1052
378499,1013,1053
378500,1018,1054
378501,1024,1053
378502,1027,1048
378503,1023,1045
378504,1022,1045
378505,1026,1045
378506,1029,1047
378507,1028,1044
378508,1030,1043
378509,1031,1037
378510,1034,1037
378511,1035,1036
378512,1032,1038
378513,1031,1036
378514,1035,1034
378515,1034,1031
378516,1037,1031
378517,1040,1033
378518,1043,1034
378519,1040,1029
378520,1036,1025
378521,1033,1023
378522,1036,1029
378523,1037,1030
378524,1041,1032
378525,1045,1031
378526,1048,1028
378527,1051,1030
378528,1050,1034
378529,1047,1039
378530,1045,1039
378531,1045,1039
378532,1043,1039
378533,1039,1040
378534,1041,1042
378535,1040,1047
378536,1039,1051
378537,1038,1050
378538,1036,1050
378539,1037,1049
378540,1033,1052
378541,1027,1053
378542,1029,1057
378543,1029,1057
378544,1030,1056
378545,1029,1054
378546,1023,1056
378547,1022,1058
378548,1020,1064
378549,1019,1065
378550,1013,1062
378551,1006,1062
378552,1006,1062
378553,1011,1065
378554,1013,1070
378555,1013,1067
378556,1013,1066
378557,1009,1062
378558,1010,1063
378559,1008,1069
378560,1006,1068
378561,1008,1065
378562,1011,1062
378563,1010,1062
378564,1010,1062
378565,1013,1063
378566,1020,1069
378567,1021,1067
378568,1016,1065
378569,1011,1065
378570,1011,1064
378571,1011,1063
378572,1015,1064
378573,1018,1064
378574,1020,1061
378575,1017,1058
378576,1018,1060
378577,1018,1063
378578,1020,1064
378579,1021,1063
378580,1015,1061
378581,1012,1060
378582,1013,1061
378583,1018,1060
378584,1025,1062
378585,1030,1060
378586,1024,1060
378587,1019,1060
378588,1017,1060
378589,1017,1062
378590,1021,1063
378591,1022,1063
378592,1023,1061
378593,1021,1059
378594,1020,1059
378595,1018,1064
378596,1019,1065
378597,1021,1064
378598,1017,1062
378599,1015,1058
378600,1016,1058
378601,1021,1061
378602,1025,1063
378603,1024,1063
378604,1019,1060
378605,1014,1060
378606,1018,1061
378607,1019,1063
378608,1019,1068
378609,1020,1067
378610,1018,1066
378611,1016,1065
378612,1016,1065
378613,1021,1067
378614,1022,1068
378615,1022,1067
378616,1012,1066
378617,1006,1063
378618,1008,1064
378619,1012,1065
378620,1021,1067
378621,1025,1062
378622,1021,1064
378623,1015,1060
378624,1015,1065
378625,1018,1068
378626,1022,1069
378627,1024,1069
378628,1017,1066
378629,1014,1063
378630,1017,1066
378631,1016,1069
378632,1015,1069
378633,1014,1067
378634,1016,1064
378635,1017,1063
378636,1021,1063
378637,1021,1063
378638,1019,1066
378639,1019,1062
378640,1020,1061
378641,1018,1056
378642,1020,1057
378643,1025,1053
378644,1032,1054
378645,1043,1050
378646,1052,1043
378647,1065,1039
378648,1090,1039
378649,1127,1032
378650,1170,1026
378651,1217,1019
378652,1265,1020
378653,1303,1036
378654,1333,1061
378655,1340,1082
378656,1313,1092
378657,1263,1094
378658,1193,1092
378659,1116,1098
378660,1041,1114
378661,979,1127
378662,951,1134
378663,957,1132
378664,972,1118
378665,979,1100
378666,992,1087
378667,998,1078
378668,1007,1075
378669,1008,1070
378670,1001,1063
378671,999,1059
378672,996,1058
378673,996,1062
378674,999,1066
378675,1002,1066
378676,999,1065
378677,994,1062
378678,993,1061
378679,996,1061
378680,1000,1063
378681,999,1064
378682,998,1061
378683,995,1058
378684,992,1061
378685,996,1062
378686,998,1064
378687,1000,1062
378688,993,1059
378689,989,1056
378690,988,1058
378691,993,1062
378692,996,1063
378693,997,1063
378694,995,1058
378695,994,1057
378696,993,1058
378697,993,1058
378698,990,1059
378699,989,1061
378700,988,1060
378701,986,1061
378702,989,1063
378703,994,1065
378704,1001,1063
378705,1002,1062
378706,999,1056
378707,994,1053
378708,992,1054
378709,993,1055
378710,997,1056
378711,997,1054
378712,993,1049
378713,992,1045
378714,994,1046
378715,1002,1044
378716,1009,1046
378717,1009,1042
378718,999,1035
378719,995,1033
378720,992,1032
378721,997,1034
378722,1004,1034
378723,1004,1034
378724,1005,1028
378725,1012,1020
378726,1014,1022
378727,1018,1022
378728,1022,1022
378729,1025,1017
378730,1024,1013
378731,1021,1010
378732,1019,1009
378733,1024,1011
378734,1030,1011
378735,1039,1007
378736,1041,1001
378737,1039,999
378738,1027,1000
378739,1020,1006
378740,1020,1010
378741,1021,1010
378742,1022,1008
378743,1024,1007
378744,1028,1010
378745,1031,1014
378746,1035,1016
378747,1036,1015
378748,1033,1016
378749,1031,1019
378750,1030,1019
378751,1031,1023
378752,1033,1029
378753,1033,1027
378754,1031,1027
378755,1024,1028
378756,1023,1036
378757,1023,1040
378758,1027,1045
378759,1025,1041
378760,1021,1043
378761,1013,1043
378762,1010,1047
378763,1006,1055
378764,1004,1056
378765,1005,1059
378766,1006,1057
378767,1005,1057
378768,1004,1058
378769,1008,1063
378770,1007,1067
378771,1006,1064
378772,1002,1060
378773,1001,1061
378774,999,1065
378775,1001,1068
378776,1004,1073
378777,1002,1071
378778,1000,1071
378779,1001,1070
378780,1003,1072
378781,1006,1072
378782,1009,1073
378783,1006,1071
378784,1002,1068
378785,1001,1068
378786,1001,1068
378787,1001,1072
378788,1003,1077
378789,1002,1075
378790,1001,1072
378791,1003,1070
378792,1002,1072
378793,1007,1074
378794,1012,1079
378795,1015,1080
378796,1018,1074
378797,1017,1073
378798,1017,1070
378799,1017,1071
378800,1018,1073
378801,1015,1070
378802,1017,1068
378803,1019,1066
378804,1023,1069
378805,1024,1067
378806,1023,1071
378807,1028,1068
378808,1031,1064
378809,1032,1059
378810,1028,1058
378811,1023,1059
378812,1010,1062
378813,996,1066
378814,991,1068
378815,991,1069
378816,994,1070
378817,1001,1070
378818,1008,1070
378819,1014,1068
378820,1014,1065
378821,1012,1063
378822,1008,1064
378823,1006,1066
378824,1007,1068
378825,1012,1065
378826,1011,1063
378827,1009,1062
378828,1010,1062
378829,1009,1062
378830,1015,1068
378831,1016,1067
378832,1014,1067
378833,1014,1063
378834,1015,1064
378835,1017,1066
378836,1016,1068
378837,1016,1067
378838,1016,1063
378839,1011,1063
378840,1008,1068
378841,1008,1071
378842,1013,1072
378843,1016,1070
378844,1017,1068
378845,1017,1068
378846,1016,1065
378847,1014,1070
378848,1023,1071
378849,1024,1069
378850,1020,1068
378851,1013,1068
378852,1006,1069
378853,1009,1073
378854,1012,1075
378855,1012,1074
378856,1013,1069
378857,1010,1066
378858,1012,1070
378859,1014,1072
378860,1014,1073
378861,1011,1072
378862,1011,1070
378863,1008,1069
378864,1010,1070
378865,1014,1071
378866,1015,1072
378867,1019,1066
378868,1021,1065
378869,1020,1062
378870,1020,1065
378871,1018,1066
378872,1020,1069
378873,1015,1066
378874,1014,1063
378875,1016,1063
378876,1018,1064
378877,1023,1063
378878,1028,1064
378879,1029,1062
378880,1027,1056
378881,1018,1055
378882,1018,1054
378883,1026,1055
378884,1042,1056
378885,1063,1048
378886,1073,1045
378887,1071,1043
378888,1070,1047
378889,1092,1052
378890,1132,1045
378891,1184,1032
378892,1235,1021
378893,1281,1023
378894,1326,1036
378895,1358,1060
378896,1365,1077
378897,1333,1081
378898,1271,1079
378899,1196,1087
378900,1124,1103
378901,1063,1117
378902,1020,1119
378903,999,1115
378904,998,1106
378905,1006,1093
378906,1017,1085
378907,1025,1080
378908,1027,1074
378909,1024,1072
378910,1018,1066
378911,1016,1065
378912,1013,1068
378913,1014,1071
378914,1014,1072
378915,1017,1072
378916,1011,1065
378917,1007,1063
378918,1005,1066
378919,1005,1066
378920,1006,1070
378921,1007,1067
378922,1005,1063
378923,1002,1059
378924,1002,1062
378925,1002,1065
378926,1003,1067
378927,1004,1064
378928,1001,1063
378929,996,1060
378930,993,1066
378931,997,1071
378932,1002,1072
378933,1003,1073
378934,1002,1069
378935,997,1068
378936,998,1070
378937,1000,1073
378938,1003,1077
378939,1005,1077
378940,1003,1073
378941,1002,1068
378942,1005,1072
378943,1005,1073
378944,1008,1074
378945,1010,1072
378946,1012,1070
378947,1009,1062
378948,1002,1066
378949,1002,1067
378950,1001,1069
378951,1008,1068
378952,1006,1064
378953,1004,1062
378954,1001,1059
378955,1007,1061
378956,1010,1061
378957,1010,1058
378958,1009,1054
378959,1007,1051
378960,1011,1051
378961,1015,1051
378962,1019,1049
378963,1018,1046
378964,1018,1043
378965,1016,1037
378966,1016,1037
378967,1020,1039
378968,1023,1034
378969,1020,1033
378970,1022,1028
378971,1023,1023
378972,1024,1024
378973,1024,1026
378974,1026,1028
378975,1027,1026
378976,1030,1025
378977,1027,1023
378978,1028,1024
378979,1032,1026
378980,1034,1027
378981,1033,1026
378982,1033,1025
378983,1031,1024
378984,1032,1028
378985,1036,1027
378986,1040,1032
378987,1041,1031
378988,1043,1028
378989,1042,1027
378990,1045,1030
378991,1049,1034
378992,1052,1035
378993,1051,1036
378994,1043,1039
378995,1036,1039
378996,1037,1044
378997,1047,1045
378998,1057,1049
378999,1060,1047
379000,1054,1044
379001,1040,1044
379002,1031,1049
379003,1030,1060
379004,1029,1062
379005,1026,1062
379006,1016,1061
379007,1007,1060
379008,1008,1062
379009,1011,1065
379010,1019,1067
379011,1022,1066
379012,1025,1063
379013,1016,1061
379014,1010,1059
379015,1008,1065
379016,1007,1068
379017,1005,1068
379018,1005,1067
379019,1003,1067
379020,1000,1068
379021,1007,1074
379022,1012,1074
379023,1012,1071
379024,1009,1069
379025,1004,1069
379026,1004,1070
379027,1005,1073
379028,1014,1073
379029,1019,1073
379030,1019,1071
379031,1013,1069
379032,1013,1070
379033,1012,1073
379034,1019,1075
379035,1018,1072
379036,1018,1072
379037,1019,1066
379038,1018,1071
379039,1022,1073
379040,1026,1076
379041,1024,1071
379042,1025,1069
379043,1024,1067
379044,1023,1068
379045,1026,1069
379046,1027,1074
379047,1027,1070
379048,1029,1070
379049,1028,1068
379050,1030,1068
379051,1030,1068
379052,1032,1071
379053,1032,1068
379054,1029,1068
379055,1027,1065
379056,1030,1064
379057,1031,1063
379058,1038,1066
379059,1035,1064
379060,1033,1061
379061,1026,1060
379062,1033,1058
379063,1031,1060
379064,1035,1062
379065,1036,1064
379066,1038,1067
379067,1037,1069
379068,1036,1074
379069,1041,1077
379070,1047,1085
379071,1048,1088
379072,1050,1091
379073,1055,1085
379074,1064,1075
379075,1081,1061
379076,1101,1042
379077,1118,1025
379078,1130,1007
379079,1140,988
379080,1154,969
379081,1168,953
379082,1185,937
379083,1199,915
379084,1208,893
379085,1219,875
379086,1235,864
379087,1251,853
379088,1271,840
379089,1285,826
379090,1294,822
379091,1298,817
379092,1298,819
379093,1295,817
379094,1298,820
379095,1295,820
379096,1288,816
379097,1272,818
379098,1255,826
379099,1240,832
379100,1227,843
379101,1211,850
379102,1186,856
379103,1172,862
379104,1161,878
379105,1157,893
379106,1155,908
379107,1148,913
379108,1140,921
379109,1130,931
379110,1125,944
379111,1125,957
379112,1125,968
379113,1133,979
379114,1137,986
379115,1145,994
379116,1156,1001
379117,1163,1004
379118,1150,1012
379119,1108,1021
379120,1056,1029
379121,1009,1043
379122,984,1062
379123,975,1081
379124,973,1094
379125,969,1104
379126,963,1109
379127,957,1110
379128,953,1112
379129,949,1120
379130,952,1123
379131,951,1122
379132,944,1121
379133,938,1122
379134,938,1123
379135,941,1129
379136,941,1132
379137,940,1135
379138,935,1134
379139,930,1133
379140,930,1138
379141,930,1142
379142,931,1148
379143,927,1145
379144,921,1149
379145,913,1150
379146,911,1156
379147,911,1162
379148,914,1166
379149,915,1165
379150,909,1166
379151,907,1163
379152,906,1167
379153,907,1170
379154,905,1177
379155,901,1178
379156,896,1177
379157,888,1180
379158,889,1186
379159,890,1191
379160,891,1195
379161,892,1198
379162,888,1200
379163,883,1199
379164,885,1206
379165,885,1210
379166,892,1214
379167,900,1214
379168,904,1214
379169,900,1211
379170,888,1215
379171,877,1224
379172,875,1228
379173,879,1229
379174,879,1229
379175,871,1229
379176,867,1232
379177,866,1235
379178,871,1238
379179,874,1234
379180,873,1231
379181,868,1230
379182,871,1230
379183,880,1234
379184,890,1233
379185,893,1229
379186,897,1224
379187,900,1218
379188,907,1214
379189,913,1213
379190,922,1207
379191,927,1202
379192,930,1196
379193,934,1191
379194,939,1186
379195,948,1184
379196,954,1179
379197,958,1173
379198,960,1164
379199,962,1157
379200,968,1154
379201,975,1152
379202,982,1149
379203,984,1144
379204,983,1139
379205,983,1131
379206,985,1131
379207,990,1130
379208,995,1124
379209,998,1119
379210,995,1111
379211,995,1108
379212,997,1105
379213,1001,1106
379214,1003,1102
379215,1003,1096
379216,997,1090
379217,996,1085
379218,996,1083
379219,997,1083
379220,999,1082
379221,1002,1080
379222,998,1077
379223,998,1074
379224,996,1075
379225,1001,1076
379226,1004,1076
379227,1006,1074
379228,1004,1069
379229,1002,1064
379230,1002,1067
379231,994,1070
379232,997,1071
379233,997,1068
379234,996,1066
379235,992,1067
379236,989,1067
379237,991,1068
379238,994,1072
379239,998,1068
379240,1000,1064
379241,997,1061
379242,998,1063
379243,1001,1064
379244,1004,1065
379245,1002,1064
379246,1001,1062
379247,997,1063
379248,996,1066
379249,1003,1070
379250,1008,1074
379251,1012,1072
379252,1012,1068
379253,1013,1067
379254,1008,1067
379255,1005,1070
379256,1006,1071
379257,1004,1070
379258,1005,1068
379259,1004,1067
379260,1005,1066
379261,1008,1067
379262,1012,1070
379263,1014,1069
379264,1013,1065
379265,1010,1059
379266,1010,1063
379267,1012,1064
379268,1014,1065
379269,1014,1063
379270,1012,1059
379271,1008,1059
379272,1011,1059
379273,1013,1061
379274,1017,1060
379275,1017,1058
379276,1016,1054
379277,1011,1052
379278,1006,1054
379279,1009,1054
379280,1015,1058
379281,1013,1053
379282,1012,1054
379283,1010,1051
379284,1008,1055
379285,1011,1058
379286,1013,1058
379287,1012,1056
379288,1011,1056
379289,1007,1053
379290,1006,1055
379291,1010,1058
379292,1015,1060
379293,1015,1059
379294,1019,1056
379295,1022,1049
379296,1024,1052
379297,1023,1055
379298,1016,1056
379299,1004,1056
379300,1005,1056
379301,1009,1058
379302,1011,1058
379303,1014,1059
379304,1015,1061
379305,1010,1059
379306,1007,1055
379307,1008,1053
379308,1006,1056
379309,1007,1060
379310,1013,1060
379311,1015,1056
379312,1014,1054
379313,1011,1053
379314,1009,1053
379315,1013,1052
379316,1018,1053
379317,1019,1052
379318,1018,1050
379319,1012,1048
379320,1011,1050
379321,1013,1055
379322,1018,1058
379323,1021,1052
379324,1021,1050
379325,1015,1047
379326,1017,1050
379327,1020,1051
379328,1020,1051
379329,1020,1054
379330,1018,1048
379331,1016,1049
379332,1014,1051
379333,1020,1050
379334,1022,1054
379335,1022,1051
379336,1021,1049
379337,1016,1048
379338,1014,1051
379339,1011,1053
379340,1020,1056
379341,1019,1054
379342,1018,1053
379343,1017,1051
379344,1018,1053
379345,1020,1055
379346,1021,1059
379347,1021,1055
379348,1020,1052
379349,1023,1047
379350,1020,1046
379351,1025,1043
379352,1033,1039
379353,1041,1038
379354,1047,1032
379355,1059,1025
379356,1073,1026
379357,1091,1029
379358,1119,1026
379359,1154,1014
379360,1193,998
379361,1235,990
379362,1276,988
379363,1311,998
379364,1336,1020
379365,1341,1044
379366,1324,1057
379367,1281,1060
379368,1218,1062
379369,1156,1074
379370,1098,1084
379371,1044,1091
379372,1008,1090
379373,999,1084
379374,1007,1077
379375,1018,1066
379376,1027,1060
379377,1031,1053
379378,1027,1046
379379,1020,1044
379380,1017,1046
379381,1015,1050
379382,1017,1052
379383,1016,1048
379384,1015,1047
379385,1012,1049
379386,1006,1051
379387,1009,1054
379388,1012,1055
379389,1009,1053
379390,1004,1047
379391,1001,1048
379392,1000,1047
379393,1002,1049
379394,1004,1049
379395,1006,1047
379396,1003,1045
379397,1000,1045
379398,999,1046
379399,1004,1050
379400,1009,1051
379401,1007,1049
379402,1003,1045
379403,997,1044
379404,998,1048
379405,1003,1049
379406,1011,1051
379407,1010,1048
379408,1009,1043
379409,1008,1041
379410,1006,1041
379411,1009,1045
379412,1016,1044
379413,1012,1045
379414,1010,1039
379415,1003,1039
379416,1000,1040
379417,1005,1044
379418,1008,1045
379419,1012,1042
379420,1017,1036
379421,1018,1033
379422,1015,1030
379423,1009,1033
379424,1005,1034
379425,998,1039
379426,994,1036
379427,991,1032
379428,995,1032
379429,1000,1033
379430,1011,1031
379431,1016,1027
379432,1018,1023
379433,1019,1019
379434,1019,1017
379435,1016,1019
379436,1013,1020
379437,1013,1018
379438,1013,1017
379439,1013,1013
379440,1015,1013
379441,1024,1014
379442,1029,1013
379443,1034,1009
379444,1032,1005
379445,1029,1003
379446,1032,1002
379447,1033,1002
379448,1036,1003
379449,1039,1002
379450,1037,997
379451,1035,995
379452,1035,997
379453,1038,998
379454,1045,997
379455,1046,995
379456,1045,992
379457,1043,991
379458,1044,992
379459,1044,995
379460,1048,996
379461,1048,996
379462,1046,995
379463,1048,995
379464,1050,998
379465,1054,1001
379466,1057,1005
379467,1059,1006
379468,1054,1006
379469,1053,1007
379470,1050,1010
379471,1053,1013
379472,1056,1019
379473,1054,1020
379474,1045,1023
379475,1038,1024
379476,1039,1029
379477,1047,1032
379478,1051,1034
379479,1053,1034
379480,1047,1031
379481,1040,1033
379482,1032,1036
379483,1029,1040
379484,1030,1047
379485,1032,1046
379486,1031,1045
379487,1030,1042
379488,1027,1044
379489,1034,1048
379490,1035,1049
379491,1039,1042
379492,1033,1041
379493,1025,1038
379494,1023,1045
379495,1031,1049
379496,1039,1050
379497,1035,1047
379498,1027,1044
379499,1013,1044
379500,1015,1049
379501,1023,1055
379502,1033,1054
379503,1031,1050
379504,1022,1049
379505,1013,1047
379506,1007,1052
379507,1007,1056
379508,1013,1056
379509,1019,1056
379510,1019,1048
379511,1017,1047
379512,1015,1047
379513,1021,1049
379514,1020,1053
379515,1021,1048
379516,1022,1049
379517,1021,1046
379518,1020,1047
379519,1026,1047
379520,1028,1050
379521,1030,1047
379522,1023,1044
379523,1020,1040
379524,1017,1045
379525,1023,1047
379526,1028,1048
379527,1030,1044
379528,1030,1042
379529,1030,1039
379530,1029,1040
379531,1032,1043
379532,1035,1043
379533,1030,1044
379534,1028,1039
379535,1025,1040
379536,1024,1039
379537,1028,1046
379538,1031,1045
379539,1033,1042
379540,1032,1039
379541,1030,1040
379542,1033,1042
379543,1037,1040
379544,1032,1041
379545,1024,1041
379546,1017,1044
379547,1011,1047
379548,1019,1051
379549,1022,1051
379550,1026,1052
379551,1025,1053
379552,1024,1050
379553,1028,1049
379554,1035,1049
379555,1038,1050
379556,1033,1052
379557,1020,1050
379558,1009,1050
379559,1007,1054
379560,1010,1057
379561,1011,1059
379562,1016,1056
379563,1021,1054
379564,1022,1054
379565,1024,1050
379566,1029,1052
379567,1034,1053
379568,1036,1052
379569,1024,1050
379570,1007,1047
379571,997,1050
379572,1002,1059
379573,1010,1061
379574,1017,1060
379575,1017,1054
379576,1018,1053
379577,1017,1051
379578,1015,1053
379579,1018,1056
379580,1022,1059
379581,1023,1059
379582,1020,1055
379583,1019,1053
379584,1019,1052
379585,1023,1051
379586,1024,1049
379587,1023,1048
379588,1020,1045
379589,1027,1042
379590,1034,1040
379591,1038,1038
379592,1044,1037
379593,1044,1035
379594,1056,1032
379595,1077,1031
379596,1103,1029
379597,1123,1023
379598,1146,1015
379599,1177,1006
379600,1215,999
379601,1261,1000
379602,1314,1009
379603,1351,1029
379604,1366,1048
379605,1344,1055
379606,1291,1054
379607,1226,1054
379608,1160,1064
379609,1101,1081
379610,1050,1093
379611,1009,1097
379612,987,1093
379613,983,1088
379614,996,1078
379615,1007,1069
379616,1009,1062
379617,1009,1058
379618,1001,1057
379619,995,1055
379620,995,1057
379621,1002,1060
379622,1002,1060
379623,1003,1057
379624,1000,1054
379625,995,1052
379626,995,1054
379627,996,1056
379628,1000,1057
379629,1001,1054
379630,999,1052
379631,995,1050
379632,996,1052
379633,998,1054
379634,1004,1054
379635,1002,1055
379636,1004,1054
379637,1007,1051
379638,1008,1053
379639,1011,1055
379640,1006,1053
379641,990,1053
379642,976,1051
379643,974,1054
379644,981,1059
379645,988,1062
379646,994,1062
379647,995,1059
379648,996,1054
379649,997,1056
379650,996,1058
379651,995,1061
379652,995,1062
379653,991,1059
379654,990,1061
379655,987,1060
379656,988,1059
379657,991,1062
379658,993,1063
379659,996,1059
379660,997,1056
379661,993,1051
379662,991,1052
379663,994,1052
379664,999,1051
379665,998,1048
379666,996,1043
379667,994,1043
379668,995,1040
379669,996,1045
379670,998,1045
379671,1000,1044
379672,995,1040
379673,996,1037
379674,998,1036
379675,1001,1037
379676,1003,1037
379677,1004,1034
379678,1005,1030
379679,1003,1029
379680,1006,1031
379681,1009,1032
379682,1015,1030
379683,1016,1025
379684,1013,1023
379685,1011,1020
379686,1008,1022
379687,1009,1022
379688,1011,1023
379689,1015,1022
379690,1019,1017
379691,1020,1015
379692,1020,1015
379693,1015,1016
379694,1013,1017
379695,1008,1018
379696,1007,1014
379697,1005,1016
379698,1007,1016
379699,1012,1019
379700,1015,1016
379701,1014,1015
379702,1014,1011
379703,1015,1011
379704,1016,1012
379705,1016,1016
379706,1021,1018
379707,1023,1018
379708,1018,1015
379709,1007,1019
379710,1004,1026
379711,1009,1033
379712,1012,1038
379713,1013,1036
379714,1015,1036
379715,1013,1040
379716,1012,1041
379717,1013,1045
379718,1013,1048
379719,1010,1049
379720,1004,1048
379721,1003,1048
379722,1004,1052
379723,1006,1056
379724,1008,1059
379725,1010,1059
379726,1004,1059
379727,1002,1058
379728,1003,1059
379729,1005,1064
379730,1002,1064
379731,1001,1066
379732,1000,1062
379733,997,1061
379734,996,1065
379735,1001,1068
379736,1006,1069
379737,1004,1067
379738,1002,1062
379739,998,1061
379740,998,1065
379741,1004,1066
379742,1011,1069
379743,1009,1067
379744,1005,1064
379745,1003,1065
379746,1003,1069
379747,1007,1070
379748,1009,1068
379749,1007,1069
379750,1002,1062
379751,997,1063
379752,997,1063
379753,999,1070
379754,1001,1071
379755,1001,1066
379756,1003,1060
379757,1000,1061
379758,1004,1061
379759,1007,1061
379760,1009,1060
379761,1008,1060
379762,1006,1061
379763,1001,1059
379764,1000,1063
379765,1003,1063
379766,1008,1066
379767,1011,1066
379768,1009,1067
379769,1003,1065
379770,1004,1065
379771,1007,1066
379772,1012,1067
379773,1013,1063
379774,1010,1056
379775,1006,1058
379776,1003,1062
379777,1007,1066
379778,1016,1066
379779,1015,1063
379780,1011,1061
379781,1008,1059
379782,1010,1061
379783,1010,1064
379784,1013,1062
379785,1013,1064
379786,1012,1063
379787,1008,1062
379788,1011,1063
379789,1009,1064
379790,1011,1065
379791,1013,1063
379792,1013,1060
379793,1009,1059
379794,1008,1064
379795,1004,1065
379796,1006,1065
379797,1005,1061
379798,1003,1058
379799,997,1057
379800,999,1060
379801,1001,1065
379802,1007,1065
379803,1008,1062
379804,1006,1057
379805,1002,1058
379806,1005,1056
379807,1008,1057
379808,1011,1060
379809,1006,1060
379810,1002,1058
379811,1002,1059
379812,1005,1061
379813,1007,1064
379814,1010,1061
379815,1010,1059
379816,1006,1055
379817,1002,1052
379818,1002,1056
379819,1005,1059
379820,1011,1058
379821,1010,1056
379822,1005,1053
379823,1002,1057
379824,1003,1060
379825,1010,1061
379826,1016,1063
379827,1016,1061
379828,1015,1058
379829,1014,1056
379830,1011,1060
379831,1016,1060
379832,1018,1062
379833,1013,1059
379834,1010,1055
379835,1009,1053
379836,1011,1053
379837,1012,1054
379838,1017,1053
379839,1019,1047
379840,1022,1042
379841,1028,1040
379842,1040,1041
379843,1053,1043
379844,1079,1041
379845,1105,1033
379846,1136,1020
379847,1169,1010
379848,1209,1008
379849,1254,1011
379850,1293,1021
379851,1326,1041
379852,1329,1063
379853,1302,1078
379854,1253,1082
379855,1195,1085
379856,1139,1092
379857,1081,1104
379858,1022,1112
379859,981,1115
379860,966,1122
379861,971,1122
379862,987,1108
379863,996,1097
379864,1002,1084
379865,1004,1076
379866,1007,1071
379867,1008,1070
379868,1006,1068
379869,998,1066
379870,994,1061
379871,992,1060
379872,989,1059
379873,988,1061
379874,989,1062
379875,991,1063
379876,992,1059
379877,987,1058
379878,985,1060
379879,987,1060
379880,993,1061
379881,994,1057
379882,992,1053
379883,987,1052
379884,981,1053
379885,985,1054
379886,991,1055
379887,991,1055
379888,991,1051
379889,986,1050
379890,988,1052
379891,990,1054
379892,995,1052
379893,993,1051
379894,988,1048
379895,982,1049
379896,981,1050
379897,982,1053
379898,988,1053
379899,987,1055
379900,986,1050
379901,984,1049
379902,985,1051
379903,984,1053
379904,992,1055
379905,991,1052
379906,985,1045
379907,984,1043
379908,987,1047
379909,993,1047
379910,1001,1046
379911,997,1044
379912,996,1045
379913,994,1041
379914,993,1042
379915,993,1041
379916,999,1039
379917,995,1037
379918,993,1032
379919,986,1033
379920,994,1032
379921,999,1032
379922,999,1031
379923,999,1026
379924,994,1019
379925,995,1015
379926,1000,1017
379927,1001,1021
379928,1007,1020
379929,1006,1018
379930,1004,1013
379931,1001,1012
379932,1005,1015
379933,1012,1015
379934,1015,1012
379935,1012,1011
379936,1011,1006
379937,1009,1007
379938,1012,1008
379939,1014,1011
379940,1016,1011
379941,1018,1007
379942,1020,1003
379943,1018,1002
379944,1021,1007
379945,1025,1006
379946,1031,1008
379947,1024,1005
379948,1023,1005
379949,1026,1006
379950,1030,1009
379951,1035,1015
379952,1031,1017
379953,1030,1017
379954,1030,1017
379955,1032,1016
379956,1034,1017
379957,1035,1021
379958,1040,1023
379959,1040,1027
379960,1038,1024
379961,1029,1026
379962,1030,1029
379963,1033,1031
379964,1031,1034
379965,1026,1034
379966,1022,1034
379967,1019,1037
379968,1018,1041
379969,1020,1046
379970,1019,1046
379971,1014,1048
379972,1011,1043
379973,1010,1042
379974,1004,1042
379975,1004,1051
379976,1010,1053
379977,1011,1052
379978,1009,1051
379979,1004,1051
379980,1003,1056
379981,1004,1062
379982,1011,1058
379983,1014,1057
379984,1013,1055
379985,1007,1054
379986,1008,1055
379987,1009,1060
379988,1013,1060
379989,1015,1059
379990,1017,1055
379991,1011,1052
379992,1014,1057
379993,1019,1060
379994,1026,1057
379995,1021,1053
379996,1015,1053
379997,1009,1054
379998,1014,1053
379999,1019,1055
380000,1022,1055
380001,1023,1052
380002,1023,1049
380003,1023,1048
380004,1026,1050
380005,1028,1049
380006,1026,1050
380007,1022,1048
380008,1019,1048
380009,1016,1047
380010,1021,1054
380011,1029,1059
380012,1036,1056
380013,1041,1059
380014,1044,1060
380015,1045,1060
380016,1048,1061
380017,1054,1064
380018,1060,1061
380019,1064,1051
380020,1073,1033
380021,1084,1018
380022,1101,1005
380023,1116,989
380024,1129,971
380025,1136,954
380026,1150,939
380027,1161,919
380028,1182,902
380029,1205,884
380030,1224,868
380031,1234,856
380032,1244,843
380033,1253,833
380034,1261,832
380035,1265,836
380036,1266,845
380037,1266,849
380038,1266,848
380039,1263,848
380040,1258,851
380041,1251,861
380042,1240,868
380043,1227,873
380044,1208,879
380045,1191,885
380046,1169,897
380047,1152,907
380048,1141,921
380049,1132,932
380050,1126,942
380051,1114,951
380052,1110,964
380053,1108,976
380054,1106,985
380055,1101,988
380056,1098,997
380057,1099,1003
380058,1109,1007
380059,1124,1008
380060,1130,1008
380061,1120,1007
380062,1082,1014
380063,1029,1020
380064,985,1035
380065,961,1053
380066,955,1069
380067,951,1079
380068,945,1086
380069,937,1090
380070,933,1091
380071,932,1095
380072,934,1098
380073,937,1098
380074,934,1096
380075,930,1095
380076,928,1100
380077,928,1103
380078,924,1106
380079,915,1110
380080,909,1109
380081,905,1110
380082,905,1115
380083,905,1120
380084,909,1123
380085,912,1121
380086,911,1122
380087,901,1123
380088,893,1131
380089,888,1139
380090,885,1144
380091,884,1143
380092,886,1145
380093,882,1145
380094,883,1152
380095,882,1157
380096,884,1160
380097,880,1162
380098,879,1160
380099,873,1164
380100,871,1167
380101,869,1174
380102,872,1173
380103,871,1176
380104,864,1173
380105,860,1179
380106,858,1183
380107,862,1186
380108,868,1191
380109,868,1191
380110,868,1190
380111,866,1194
380112,860,1194
380113,856,1201
380114,857,1205
380115,860,1203
380116,863,1203
380117,867,1200
380118,869,1201
380119,873,1201
380120,877,1201
380121,879,1200
380122,880,1196
380123,881,1193
380124,887,1191
380125,896,1190
380126,909,1186
380127,914,1178
380128,916,1170
380129,917,1165
380130,916,1161
380131,913,1159
380132,917,1157
380133,915,1149
380134,918,1144
380135,924,1142
380136,930,1138
380137,943,1136
380138,952,1130
380139,957,1121
380140,956,1116
380141,953,1109
380142,953,1109
380143,957,1105
380144,968,1100
380145,974,1090
380146,979,1082
380147,978,1078
380148,978,1078
380149,972,1077
380150,969,1076
380151,966,1074
380152,963,1070
380153,966,1065
380154,974,1063
380155,980,1062
380156,984,1062
380157,983,1058
380158,978,1056
380159,977,1057
380160,978,1058
380161,983,1058
380162,986,1055
380163,986,1053
380164,985,1049
380165,989,1051
380166,989,1051
380167,990,1053
380168,996,1053
380169,995,1054
380170,991,1048
380171,987,1050
380172,984,1052
380173,987,1052
380174,991,1054
380175,997,1051
380176,996,1047
380177,993,1047
380178,991,1050
380179,992,1050
380180,988,1050
380181,988,1046
380182,984,1047
380183,981,1047
380184,983,1049
380185,990,1049
380186,995,1047
380187,991,1047
380188,992,1045
380189,990,1045
380190,992,1047
380191,994,1050
380192,1001,1049
380193,1000,1046
380194,1001,1043
380195,995,1044
380196,997,1048
380197,995,1049
380198,994,1049
380199,992,1048
380200,991,1048
380201,993,1048
380202,1000,1051
380203,1004,1050
380204,1009,1050
380205,1009,1047
380206,1000,1044
380207,996,1042
380208,996,1046
380209,994,1051
380210,996,1048
380211,996,1046
380212,995,1045
380213,999,1042
380214,1004,1043
380215,1008,1043
380216,1008,1044
380217,1010,1042
380218,1006,1040
380219,1003,1041
380220,995,1042
380221,997,1044
380222,999,1047
380223,1001,1043
380224,1001,1036
380225,995,1035
380226,993,1037
380227,999,1041
380228,1004,1040
380229,1009,1041
380230,1005,1035
380231,999,1036
380232,994,1039
380233,992,1043
380234,987,1044
380235,981,1044
380236,982,1043
380237,987,1042
380238,988,1044
380239,991,1047
380240,994,1046
380241,995,1044
380242,994,1043
380243,991,1045
380244,995,1046
380245,999,1047
380246,998,1050
380247,995,1047
380248,994,1046
380249,991,1043
380250,995,1046
380251,997,1047
380252,1002,1048
380253,996,1047
380254,999,1041
380255,996,1041
380256,998,1042
380257,997,1046
380258,997,1047
380259,996,1043
380260,995,1037
380261,995,1037
380262,994,1039
380263,998,1040
380264,999,1042
380265,1002,1039
380266,1000,1035
380267,998,1034
380268,1004,1033
380269,1008,1038
380270,1007,1037
380271,1002,1038
380272,996,1034
380273,995,1037
380274,995,1038
380275,1003,1039
380276,1011,1041
380277,1010,1037
380278,1002,1033
380279,995,1034
380280,992,1036
380281,994,1045
380282,1000,1045
380283,1003,1041
380284,1002,1039
380285,997,1036
380286,997,1040
380287,996,1042
380288,998,1044
380289,999,1043
380290,997,1037
380291,995,1039
380292,994,1043
380293,996,1048
380294,999,1046
380295,999,1044
380296,996,1040
380297,998,1037
380298,1001,1041
380299,999,1044
380300,1000,1044
380301,1001,1042
380302,999,1039
380303,999,1040
380304,999,1042
380305,1002,1046
380306,1006,1042
380307,1008,1037
380308,1005,1030
380309,1002,1031
380310,1002,1027
380311,1007,1029
380312,1010,1023
380313,1017,1019
380314,1028,1014
380315,1044,1010
380316,1066,1012
380317,1092,1012
380318,1124,1002
380319,1163,991
380320,1202,980
380321,1241,982
380322,1284,989
380323,1322,1014
380324,1344,1037
380325,1329,1049
380326,1281,1046
380327,1219,1048
380328,1157,1057
380329,1100,1067
380330,1042,1073
380331,993,1077
380332,968,1074
380333,968,1070
380334,985,1057
380335,1000,1047
380336,1008,1041
380337,1002,1035
380338,994,1032
380339,986,1031
380340,987,1031
380341,990,1038
380342,995,1033
380343,993,1032
380344,987,1028
380345,983,1028
380346,981,1032
380347,982,1032
380348,980,1034
380349,976,1034
380350,977,1031
380351,974,1027
380352,975,1030
380353,976,1034
380354,975,1032
380355,976,1032
380356,975,1033
380357,976,1030
380358,977,1031
380359,981,1032
380360,977,1035
380361,978,1033
380362,975,1031
380363,975,1032
380364,977,1035
380365,984,1037
380366,987,1033
380367,983,1031
380368,976,1028
380369,972,1029
380370,970,1033
380371,973,1038
380372,973,1038
380373,973,1037
380374,972,1032
380375,973,1031
380376,976,1030
380377,981,1029
380378,982,1026
380379,985,1023
380380,984,1021
380381,980,1021
380382,981,1022
380383,977,1022
380384,980,1020
380385,982,1016
380386,981,1011
380387,979,1010
380388,984,1011
380389,989,1010
380390,992,1007
380391,991,1003
380392,986,999
380393,984,998
380394,987,1001
380395,990,1002
380396,994,1000
380397,991,996
380398,995,995
380399,991,992
380400,996,991
380401,1001,994
380402,1008,991
380403,1013,988
380404,1011,984
380405,1008,982
380406,1008,985
380407,1013,986
380408,1018,985
380409,1021,985
380410,1021,980
380411,1016,978
380412,1013,979
380413,1016,984
380414,1025,979
380415,1028,979
380416,1023,977
380417,1020,980
380418,1019,984
380419,1018,987
380420,1023,990
380421,1024,988
380422,1023,987
380423,1023,989
380424,1027,991
380425,1032,997
380426,1039,999
380427,1037,1001
380428,1033,1001
380429,1028,1003
380430,1027,1008
380431,1030,1014
380432,1030,1015
380433,1027,1014
380434,1022,1012
380435,1022,1014
380436,1022,1015
380437,1023,1018
380438,1020,1018
380439,1017,1017
380440,1015,1015
380441,1011,1019
380442,1011,1023
380443,1008,1026
380444,1010,1024
380445,1007,1024
380446,1004,1020
380447,1005,1021
380448,1006,1024
380449,1004,1028
380450,1004,1030
380451,1002,1026
380452,997,1025
380453,995,1028
380454,998,1031
380455,1004,1032
380456,1009,1030
380457,1009,1027
380458,1011,1025
380459,1006,1024
380460,1004,1027
380461,1009,1026
380462,1014,1024
380463,1009,1024
380464,1002,1026
380465,997,1028
380466,1000,1031
380467,1004,1033
380468,1008,1030
380469,1007,1029
380470,1007,1027
380471,1007,1024
380472,1007,1027
380473,1010,1027
380474,1014,1028
380475,1011,1025
380476,1013,1025
380477,1010,1023
380478,1009,1024
380479,1007,1025
380480,1008,1025
380481,1011,1023
380482,1013,1020
380483,1011,1021
380484,1011,1023
380485,1013,1024
380486,1015,1023
380487,1013,1019
380488,1009,1017
380489,1007,1016
380490,1009,1020
380491,1011,1022
380492,1014,1023
380493,1015,1021
380494,1014,1017
380495,1015,1018
380496,1018,1019
380497,1014,1021
380498,1006,1025
380499,997,1027
380500,994,1026
380501,1002,1025
380502,1003,1025
380503,1005,1029
380504,1006,1029
380505,1007,1024
380506,1009,1017
380507,1005,1020
380508,1001,1023
380509,1000,1028
380510,1006,1031
380511,1007,1025
380512,1006,1023
380513,1002,1022
380514,1000,1024
380515,1003,1027
380516,1008,1025
380517,1011,1022
380518,1007,1023
380519,1000,1021
380520,998,1027
380521,1002,1028
380522,1008,1028
380523,1009,1023
380524,1004,1022
380525,998,1020
380526,1000,1023
380527,1004,1027
380528,1009,1026
380529,1008,1023
380530,1002,1022
380531,1005,1024
380532,1013,1026
380533,1016,1027
380534,1011,1026
380535,1005,1025
380536,1004,1022
380537,1008,1018
380538,1009,1017
380539,1017,1017
380540,1026,1016
380541,1039,1011
380542,1053,1006
380543,1071,1004
380544,1098,1001
380545,1130,997
380546,1166,987
380547,1215,984
380548,1263,983
380549,1308,999
380550,1342,1023
380551,1349,1045
380552,1323,1050
380553,1268,1049
380554,1203,1045
380555,1136,1057
380556,1062,1072
380557,1002,1087
380558,960,1097
380559,943,1095
380560,956,1087
380561,974,1068
380562,992,1056
380563,997,1045
380564,999,1039
380565,994,1034
380566,990,1031
380567,982,1029
380568,980,1030
380569,981,1032
380570,986,1031
380571,985,1028
380572,987,1025
380573,987,1024
380574,986,1027
380575,983,1032
380576,979,1029
380577,981,1029
380578,989,1025
380579,989,1027
380580,981,1028
380581,981,1028
380582,983,1031
380583,986,1030
380584,984,1028
380585,982,1029
380586,982,1031
380587,986,1032
380588,989,1031
380589,984,1031
380590,979,1029
380591,977,1027
380592,978,1028
380593,981,1029
380594,980,1024
380595,980,1022
380596,978,1020
380597,976,1017
380598,978,1022
380599,981,1022
380600,981,1020
380601,982,1019
380602,981,1017
380603,979,1017
380604,979,1017
380605,983,1019
380606,990,1017
380607,987,1014
380608,983,1009
380609,982,1011
380610,982,1011
380611,984,1011
380612,984,1010
380613,986,1005
380614,988,1003
380615,990,1000
380616,989,1001
380617,990,1002
380618,997,1000
380619,999,999
380620,1000,993
380621,996,992
380622,995,991
380623,1001,993
380624,1009,991
380625,1016,988
380626,1020,985
380627,1018,980
380628,1012,983
380629,1010,983
380630,1010,984
380631,1005,983
380632,1005,980
380633,1008,981
380634,1013,984
380635,1019,985
380636,1024,980
380637,1019,982
380638,1014,982
380639,1008,982
380640,1010,986
380641,1014,992
380642,1018,993
380643,1019,990
380644,1022,988
380645,1023,991
380646,1023,996
380647,1019,1001
380648,1017,999
380649,1014,1002
380650,1014,1002
380651,1015,1008
380652,1014,1011
380653,1017,1018
380654,1022,1019
380655,1015,1020
380656,1006,1019
380657,1002,1021
380658,1001,1029
380659,1006,1031
380660,1005,1032
380661,1004,1029
380662,1001,1029
380663,998,1029
380664,999,1031
380665,1000,1034
380666,1005,1032
380667,1004,1032
380668,1000,1030
380669,999,1029
380670,1002,1035
380671,1008,1035
380672,1012,1035
380673,1006,1034
380674,996,1031
380675,990,1035
380676,994,1038
380677,1000,1038
380678,1002,1038
380679,1001,1037
380680,1002,1034
380681,999,1035
380682,1001,1038
380683,1000,1039
380684,1002,1041
380685,1001,1038
380686,998,1035
380687,993,1035
380688,998,1036
380689,1001,1036
380690,1007,1035
380691,1005,1035
380692,1002,1029
380693,1000,1034
380694,1000,1035
380695,998,1041
380696,1001,1040
380697,997,1040
380698,999,1034
380699,999,1036
380700,1000,1041
380701,1005,1041
380702,1007,1040
380703,1001,1039
380704,998,1033
380705,998,1033
380706,999,1035
380707,1001,1038
380708,1004,1037
380709,1007,1033
380710,1006,1030
380711,998,1033
380712,998,1034
380713,998,1037
380714,1000,1037
380715,1000,1036
380716,999,1032
380717,997,1036
380718,998,1038
380719,1005,1042
380720,1010,1041
380721,1010,1039
380722,999,1034
380723,998,1036
380724,1000,1040
380725,1004,1042
380726,1006,1043
380727,1010,1040
380728,1002,1038
380729,1001,1038
380730,997,1039
380731,1001,1041
380732,1001,1042
380733,1000,1039
380734,995,1039
380735,992,1036
380736,989,1039
380737,995,1046
380738,1001,1041
380739,1000,1038
380740,991,1036
380741,985,1035
380742,982,1035
380743,984,1038
380744,990,1036
380745,991,1034
380746,990,1029
380747,988,1032
380748,992,1035
380749,993,1037
380750,994,1035
380751,993,1034
380752,990,1030
380753,985,1031
380754,987,1031
380755,990,1035
380756,996,1032
380757,997,1034
380758,995,1029
380759,994,1030
380760,995,1031
380761,1000,1036
380762,1003,1036
380763,997,1032
380764,994,1028
380765,993,1027
380766,1003,1026
380767,1016,1027
380768,1030,1022
380769,1048,1018
380770,1066,1014
380771,1095,1008
380772,1133,1002
380773,1178,997
380774,1226,995
380775,1273,1002
380776,1309,1017
380777,1330,1043
380778,1327,1063
380779,1293,1071
380780,1233,1070
380781,1164,1072
380782,1090,1081
380783,1019,1093
380784,965,1104
380785,945,1105
380786,953,1101
380787,966,1084
380788,973,1070
380789,976,1056
380790,979,1050
380791,981,1047
380792,978,1041
380793,974,1040
380794,971,1038
380795,969,1039
380796,968,1040
380797,965,1042
380798,969,1042
380799,968,1041
380800,964,1039
380801,964,1039
380802,969,1039
380803,970,1042
380804,974,1041
380805,973,1039
380806,968,1034
380807,968,1037
380808,967,1039
380809,969,1041
380810,972,1041
380811,971,1038
380812,968,1035
380813,970,1034
380814,970,1032
380815,974,1035
380816,974,1033
380817,969,1035
380818,965,1034
380819,963,1032
380820,964,1036
380821,970,1038
380822,971,1037
380823,974,1034
380824,970,1032
380825,973,1033
380826,972,1034
380827,972,1037
380828,974,1034
380829,970,1033
380830,968,1032
380831,967,1032
380832,971,1034
380833,974,1033
380834,972,1029
380835,973,1028
380836,972,1023
380837,970,1022
380838,973,1026
380839,976,1024
380840,984,1022
380841,983,1017
380842,980,1014
380843,982,1011
380844,986,1011
380845,987,1011
380846,988,1007
380847,989,1004
380848,990,1003
380849,988,1003
380850,990,1002
380851,996,1000
380852,999,998
380853,999,996
380854,995,993
380855,995,992
380856,994,992
380857,998,995
380858,999,994
380859,999,990
380860,1000,987
380861,993,987
380862,998,990
380863,1000,993
380864,999,992
380865,1002,989
380866,1001,987
380867,999,991
380868,1004,994
380869,1011,999
380870,1012,999
380871,1011,1001
380872,1010,999
380873,1008,1003
380874,1007,1010
380875,1011,1014
380876,1013,1016
380877,1010,1017
380878,1010,1018
380879,1006,1020
380880,1005,1025
380881,1006,1028
380882,1009,1031
380883,1006,1031
380884,1002,1030
380885,1002,1031
380886,1000,1036
380887,1002,1040
380888,1004,1042
380889,1000,1039
380890,997,1039
380891,994,1039
380892,996,1044
380893,999,1044
380894,998,1043
380895,993,1042
380896,992,1040
380897,988,1042
380898,989,1046
380899,993,1047
380900,993,1046
380901,991,1043
380902,990,1038
380903,985,1039
380904,984,1042
380905,986,1044
380906,988,1041
380907,990,1043
380908,988,1039
380909,985,1037
380910,986,1040
380911,987,1039
380912,988,1041
380913,986,1041
380914,984,1036
380915,981,1037
380916,989,1038
380917,992,1041
380918,997,1041
380919,998,1039
380920,996,1035
380921,1000,1035
380922,1007,1039
380923,1012,1046
380924,1019,1047
380925,1020,1045
380926,1022,1050
380927,1024,1052
380928,1038,1055
380929,1053,1050
380930,1069,1037
380931,1081,1022
380932,1087,1004
380933,1098,991
380934,1118,980
380935,1136,973
380936,1154,955
380937,1171,939
380938,1186,914
380939,1204,892
380940,1225,871
380941,1241,857
380942,1260,842
380943,1270,829
380944,1275,819
380945,1269,818
380946,1267,826
380947,1264,832
380948,1260,831
380949,1252,827
380950,1241,822
380951,1222,826
380952,1198,832
380953,1185,841
380954,1165,849
380955,1140,858
380956,1116,868
380957,1092,880
380958,1076,897
380959,1069,914
380960,1065,925
380961,1061,938
380962,1059,948
380963,1054,956
380964,1055,969
380965,1056,978
380966,1065,984
380967,1077,988
380968,1090,992
380969,1107,993
380970,1117,997
380971,1116,1002
380972,1085,1007
380973,1038,1014
380974,989,1021
380975,952,1032
380976,933,1051
380977,930,1067
380978,929,1077
380979,930,1085
380980,923,1088
380981,915,1091
380982,912,1093
380983,910,1100
380984,911,1103
380985,906,1103
380986,902,1104
380987,900,1106
380988,903,1107
380989,904,1113
380990,903,1114
380991,895,1113
380992,893,1113
380993,889,1114
380994,888,1117
380995,887,1119
380996,889,1120
380997,892,1121
380998,889,1121
380999,888,1123
381000,886,1127
381001,883,1133
381002,883,1134
381003,878,1136
381004,876,1136
381005,874,1135
381006,876,1141
381007,878,1145
381008,878,1147
381009,877,1148
381010,872,1149
381011,869,1152
381012,871,1157
381013,871,1161
381014,875,1162
381015,875,1161
381016,873,1161
381017,871,1164
381018,871,1169
381019,871,1175
381020,875,1175
381021,872,1175
381022,871,1175
381023,872,1175
381024,874,1181
381025,878,1182
381026,882,1181
381027,882,1182
381028,883,1179
381029,883,1179
381030,888,1181
381031,892,1185
381032,896,1183
381033,901,1177
381034,902,1174
381035,905,1172
381036,911,1170
381037,918,1169
381038,927,1165
381039,931,1157
381040,930,1151
381041,931,1148
381042,937,1147
381043,946,1144
381044,956,1138
381045,957,1127
381046,958,1119
381047,958,1117
381048,963,1112
381049,970,1110
381050,974,1104
381051,974,1099
381052,973,1093
381053,970,1090
381054,973,1088
381055,974,1087
381056,976,1084
381057,977,1077
381058,974,1074
381059,972,1070
381060,976,1068
381061,977,1065
381062,979,1064
381063,978,1061
381064,975,1054
381065,972,1054
381066,969,1053
381067,973,1055
381068,970,1053
381069,972,1050
381070,968,1048
381071,965,1049
381072,965,1051
381073,967,1053
381074,970,1053
381075,967,1050
381076,966,1047
381077,965,1050
381078,968,1052
381079,970,1054
381080,976,1053
381081,974,1048
381082,971,1044
381083,969,1046
381084,971,1045
381085,972,1049
381086,975,1051
381087,975,1050
381088,975,1047
381089,974,1047
381090,972,1048
381091,976,1047
381092,979,1047
381093,979,1045
381094,976,1045
381095,975,1043
381096,976,1043
381097,978,1047
381098,982,1045
381099,981,1041
381100,979,1040
381101,978,1041
381102,977,1042
381103,980,1044
381104,983,1043
381105,983,1041
381106,981,1036
381107,980,1038
381108,980,1037
381109,986,1041
381110,986,1038
381111,982,1037
381112,982,1034
381113,979,1036
381114,979,1037
381115,983,1037
381116,984,1035
381117,980,1034
381118,980,1031
381119,978,1034
381120,981,1036
381121,981,1040
381122,979,1038
381123,977,1036
381124,971,1037
381125,968,1037
381126,971,1039
381127,970,1045
381128,976,1042
381129,979,1040
381130,976,1039
381131,973,1040
381132,977,1043
381133,979,1045
381134,981,1047
381135,976,1044
381136,976,1042
381137,975,1043
381138,975,1045
381139,980,1047
381140,983,1045
381141,984,1044
381142,977,1041
381143,975,1041
381144,976,1044
381145,978,1049
381146,982,1044
381147,981,1042
381148,975,1040
381149,973,1040
381150,977,1043
381151,980,1046
381152,981,1044
381153,980,1042
381154,977,1040
381155,978,1040
381156,977,1043
381157,979,1045
381158,980,1043
381159,979,1041
381160,975,1037
381161,974,1036
381162,974,1040
381163,977,1040
381164,977,1040
381165,977,1035
381166,977,1034
381167,977,1033
381168,981,1036
381169,986,1041
381170,990,1037
381171,987,1037
381172,987,1033
381173,985,1037
381174,984,1037
381175,982,1039
381176,983,1039
381177,983,1039
381178,980,1038
381179,978,1038
381180,981,1040
381181,984,1043
381182,987,1037
381183,984,1037
381184,981,1036
381185,980,1034
381186,978,1041
381187,980,1042
381188,981,1040
381189,980,1038
381190,979,1037
381191,977,1039
381192,979,1040
381193,984,1044
381194,986,1043
381195,984,1039
381196,980,1037
381197,978,1036
381198,978,1039
381199,981,1044
381200,984,1039
381201,982,1036
381202,978,1034
381203,977,1037
381204,978,1039
381205,982,1042
381206,981,1042
381207,979,1038
381208,980,1037
381209,980,1038
381210,981,1039
381211,984,1039
381212,983,1040
381213,982,1035
381214,978,1035
381215,977,1035
381216,980,1036
381217,984,1037
381218,989,1034
381219,988,1033
381220,985,1032
381221,981,1031
381222,981,1034
381223,984,1038
381224,987,1038
381225,986,1036
381226,981,1036
381227,977,1034
381228,978,1039
381229,979,1041
381230,985,1042
381231,985,1041
381232,983,1036
381233,984,1037
381234,986,1040
381235,985,1045
381236,985,1044
381237,986,1039
381238,980,1037
381239,982,1037
381240,983,1039
381241,986,1045
381242,986,1042
381243,989,1041
381244,987,1037
381245,986,1037
381246,986,1039
381247,986,1041
381248,986,1041
381249,986,1038
381250,985,1034
381251,985,1038
381252,982,1040
381253,987,1042
381254,991,1042
381255,990,1039
381256,988,1037
381257,987,1035
381258,989,1036
381259,989,1039
381260,990,1038
381261,989,1035
381262,987,1035
381263,986,1034
381264,991,1035
381265,995,1037
381266,997,1035
381267,992,1033
381268,993,1032
381269,989,1031
381270,995,1032
381271,995,1035
381272,997,1034
381273,997,1034
381274,995,1031
381275,993,1031
381276,997,1034
381277,998,1036
381278,997,1038
381279,997,1033
381280,992,1031
381281,989,1033
381282,991,1035
381283,992,1038
381284,998,1037
381285,995,1037
381286,994,1032
381287,990,1035
381288,994,1034
381289,999,1034
381290,1005,1028
381291,1009,1025
381292,1017,1023
381293,1027,1020
381294,1046,1023
381295,1070,1020
381296,1095,1016
381297,1124,1005
381298,1153,994
381299,1187,985
381300,1221,980
381301,1256,985
381302,1292,987
381303,1319,997
381304,1334,1014
381305,1325,1032
381306,1293,1040
381307,1246,1046
381308,1186,1048
381309,1130,1053
381310,1075,1058
381311,1029,1061
381312,994,1061
381313,979,1063
381314,978,1057
381315,984,1050
381316,991,1040
381317,996,1035
381318,996,1032
381319,994,1034
381320,994,1033
381321,988,1029
381322,985,1027
381323,978,1029
381324,980,1033
381325,982,1039
381326,983,1036
381327,980,1034
381328,978,1032
381329,975,1031
381330,978,1034
381331,979,1039
381332,983,1038
381333,980,1037
381334,976,1034
381335,975,1035
381336,976,1038
381337,976,1042
381338,978,1042
381339,976,1040
381340,976,1036
381341,978,1036
381342,978,1041
381343,980,1044
381344,977,1043
381345,975,1039
381346,973,1039
381347,972,1038
381348,974,1041
381349,978,1044
381350,978,1043
381351,978,1038
381352,975,1039
381353,974,1037
381354,977,1039
381355,977,1042
381356,982,1044
381357,979,1039
381358,978,1038
381359,979,1036
381360,979,1037
381361,983,1037
381362,984,1038
381363,983,1035
381364,980,1032
381365,975,1030
381366,979,1034
381367,983,1038
381368,986,1034
381369,983,1032
381370,979,1030
381371,980,1030
381372,982,1029
381373,985,1034
381374,992,1030
381375,992,1029
381376,988,1024
381377,988,1024
381378,989,1023
381379,991,1023
381380,991,1020
381381,995,1019
381382,992,1014
381383,995,1013
381384,999,1017
381385,1005,1017
381386,1005,1016
381387,1006,1012
381388,1005,1007
381389,1002,1008
381390,1007,1010
381391,1010,1013
381392,1012,1008
381393,1015,1005
381394,1014,1003
381395,1016,1004
381396,1020,1004
381397,1022,1007
381398,1021,1005
381399,1023,1000
381400,1019,997
381401,1019,997
381402,1022,997
381403,1027,1000
381404,1031,998
381405,1030,995
381406,1030,991
381407,1026,992
381408,1026,996
381409,1030,1000
381410,1035,997
381411,1033,998
381412,1031,998
381413,1031,998
381414,1034,1008
381415,1037,1010
381416,1039,1010
381417,1039,1011
381418,1037,1008
381419,1035,1011
381420,1037,1013
381421,1040,1017
381422,1038,1018
381423,1035,1017
381424,1031,1017
381425,1028,1021
381426,1031,1025
381427,1032,1028
381428,1036,1029
381429,1030,1027
381430,1027,1027
381431,1021,1028
381432,1018,1032
381433,1020,1037
381434,1022,1038
381435,1018,1034
381436,1015,1032
381437,1015,1033
381438,1016,1034
381439,1018,1036
381440,1017,1036
381441,1013,1034
381442,1010,1032
381443,1007,1030
381444,1010,1035
381445,1011,1037
381446,1011,1037
381447,1007,1036
381448,1003,1032
381449,1002,1034
381450,1003,1033
381451,1005,1036
381452,1008,1035
381453,1007,1030
381454,1004,1027
381455,1002,1025
381456,1004,1028
381457,1003,1030
381458,1004,1029
381459,1004,1028
381460,1002,1026
381461,1003,1027
381462,1004,1028
381463,1009,1030
381464,1012,1029
381465,1010,1024
381466,1008,1025
381467,1003,1027
381468,1004,1029
381469,1010,1032
381470,1009,1030
381471,1012,1027
381472,1008,1023
381473,1006,1026
381474,1008,1028
381475,1014,1030
381476,1012,1029
381477,1010,1027
381478,1009,1026
381479,1010,1024
381480,1007,1026
381481,1012,1030
381482,1013,1030
381483,1014,1028
381484,1008,1025
381485,1004,1027
381486,1009,1027
381487,1012,1030
381488,1011,1028
381489,1006,1025
381490,1009,1022
381491,1007,1024
381492,1007,1027
381493,1011,1031
381494,1010,1029
381495,1008,1026
381496,1005,1027
381497,1005,1026
381498,1005,1029
381499,1004,1031
381500,1002,1031
381501,1001,1030
381502,999,1027
381503,1000,1029
381504,1001,1028
381505,1004,1030
381506,1007,1028
381507,1006,1027
381508,1001,1023
381509,1003,1026
381510,1002,1027
381511,1004,1031
381512,1004,1028
381513,1005,1025
381514,1001,1026
381515,1003,1025
381516,1003,1028
381517,1008,1032
381518,1009,1031
381519,1007,1028
381520,1004,1027
381521,1001,1026
381522,1001,1029
381523,1005,1031
381524,1004,1030
381525,1004,1029
381526,1002,1026
381527,999,1029
381528,1004,1033
381529,1005,1035
381530,1009,1032
381531,1007,1031
381532,1001,1027
381533,999,1026
381534,1005,1024
381535,1015,1022
381536,1029,1020
381537,1043,1015
381538,1056,1013
381539,1073,1012
381540,1101,1010
381541,1136,1004
381542,1173,990
381543,1211,980
381544,1248,976
381545,1284,977
381546,1317,992
381547,1335,1014
381548,1328,1030
381549,1296,1034
381550,1242,1030
381551,1177,1039
381552,1112,1051
381553,1052,1067
381554,997,1073
381555,964,1072
381556,958,1066
381557,971,1060
381558,988,1052
381559,997,1042
381560,1003,1035
381561,1000,1030
381562,994,1024
381563,988,1024
381564,986,1027
381565,989,1031
381566,989,1030
381567,989,1028
381568,984,1027
381569,982,1027
381570,981,1030
381571,983,1032
381572,983,1033
381573,982,1030
381574,982,1028
381575,979,1026
381576,983,1030
381577,980,1033
381578,985,1030
381579,983,1028
381580,978,1025
381581,972,1026
381582,973,1030
381583,977,1031
381584,978,1032
381585,979,1032
381586,976,1029
381587,973,1031
381588,977,1033
381589,980,1033
381590,979,1031
381591,976,1029
381592,977,1026
381593,975,1029
381594,975,1032
381595,977,1036
381596,980,1035
381597,977,1031
381598,973,1028
381599,974,1028
381600,977,1032
381601,981,1031
381602,982,1032
381603,978,1029
381604,977,1027
381605,974,1025
381606,977,1026
381607,981,1029
381608,987,1027
381609,987,1024
381610,984,1023
381611,981,1021
381612,984,1024
381613,986,1025
381614,987,1020
381615,990,1018
381616,990,1014
381617,993,1009
381618,995,1010
381619,995,1012
381620,995,1011
381621,995,1004
381622,991,1003
381623,990,1000
381624,992,1003
381625,996,1001
381626,994,998
381627,995,995
381628,993,991
381629,995,992
381630,997,992
381631,1001,990
381632,1003,989
381633,1001,986
381634,1000,983
381635,1001,983
381636,1001,985
381637,1002,988
381638,1007,986
381639,1005,982
381640,1007,979
381641,1005,981
381642,1012,984
381643,1011,988
381644,1014,983
381645,1013,982
381646,1012,983
381647,1013,987
381648,1018,990
381649,1019,994
381650,1020,996
381651,1016,995
381652,1018,997
381653,1016,1000
381654,1014,1005
381655,1014,1010
381656,1017,1014
381657,1013,1013
381658,1011,1013
381659,1008,1016
381660,1010,1020
381661,1012,1025
381662,1011,1026
381663,1008,1026
381664,1007,1025
381665,1004,1027
381666,1002,1033
381667,1004,1035
381668,1001,1038
381669,1001,1035
381670,999,1031
381671,997,1034
381672,994,1037
381673,997,1041
381674,996,1039
381675,992,1039
381676,990,1037
381677,989,1037
381678,992,1043
381679,993,1045
381680,990,1046
381681,992,1043
381682,990,1042
381683,989,1042
381684,990,1044
381685,995,1047
381686,996,1045
381687,993,1042
381688,992,1039
381689,992,1041
381690,994,1041
381691,998,1045
381692,996,1043
381693,998,1041
381694,996,1038
381695,994,1040
381696,991,1040
381697,995,1043
381698,998,1043
381699,999,1040
381700,998,1036
381701,1000,1035
381702,1003,1037
381703,1003,1040
381704,1002,1036
381705,1002,1038
381706,999,1034
381707,995,1033
381708,996,1036
381709,999,1038
381710,1000,1037
381711,1002,1035
381712,997,1031
381713,996,1029
381714,994,1035
381715,997,1039
381716,995,1034
381717,994,1032
381718,991,1030
381719,990,1030
381720,993,1031
381721,994,1035
381722,994,1035
381723,994,1031
381724,992,1030
381725,989,1031
381726,992,1033
381727,993,1036
381728,993,1037
381729,991,1036
381730,985,1035
381731,986,1035
381732,991,1036
381733,995,1040
381734,993,1040
381735,993,1039
381736,990,1035
381737,988,1034
381738,990,1036
381739,992,1038
381740,994,1036
381741,993,1034
381742,987,1035
381743,986,1036
381744,990,1038
381745,991,1040
381746,992,1038
381747,993,1038
381748,990,1035
381749,988,1036
381750,989,1039
381751,994,1037
381752,998,1036
381753,996,1035
381754,989,1033
381755,987,1034
381756,987,1036
381757,991,1037
381758,992,1037
381759,991,1032
381760,988,1031
381761,988,1030
381762,991,1035
381763,993,1036
381764,993,1035
381765,996,1031
381766,992,1031
381767,991,1032
381768,990,1033
381769,994,1037
381770,994,1039
381771,993,1037
381772,991,1037
381773,992,1037
381774,996,1041
381775,1001,1044
381776,1000,1038
381777,996,1039
381778,992,1037
381779,990,1036
381780,992,1035
381781,995,1031
381782,1006,1027
381783,1017,1026
381784,1028,1021
381785,1041,1021
381786,1063,1021
381787,1098,1021
381788,1131,1007
381789,1168,994
381790,1206,985
381791,1243,985
381792,1283,995
381793,1308,1017
381794,1312,1039
381795,1290,1047
381796,1238,1047
381797,1178,1049
381798,1116,1061
381799,1062,1074
381800,1007,1084
381801,966,1087
381802,953,1085
381803,958,1082
381804,973,1070
381805,985,1059
381806,992,1045
381807,991,1036
381808,984,1030
381809,980,1027
381810,981,1027
381811,980,1031
381812,979,1032
381813,975,1029
381814,969,1026
381815,969,1028
381816,970,1030
381817,970,1032
381818,973,1032
381819,972,1028
381820,969,1028
381821,969,1033
381822,970,1034
381823,973,1035
381824,973,1034
381825,973,1032
381826,971,1032
381827,970,1036
381828,970,1038
381829,975,1039
381830,975,1038
381831,971,1037
381832,970,1032
381833,970,1034
381834,975,1035
381835,977,1038
381836,979,1035
381837,975,1032
381838,974,1031
381839,975,1031
381840,975,1031
381841,981,1036
381842,981,1032
381843,979,1030
381844,978,1030
381845,977,1030
381846,978,1031
381847,977,1033
381848,975,1030
381849,972,1025
381850,970,1024
381851,971,1022
381852,976,1024
381853,979,1026
381854,979,1024
381855,978,1019
381856,978,1016
381857,976,1013
381858,977,1014
381859,979,1016
381860,981,1015
381861,979,1010
381862,976,1008
381863,976,1009
381864,979,1012
381865,985,1013
381866,991,1010
381867,988,1009
381868,985,1007
381869,986,1004
381870,989,1006
381871,993,1005
381872,995,1001
381873,994,997
381874,991,993
381875,994,993
381876,998,993
381877,999,994
381878,1000,991
381879,1000,989
381880,999,985
381881,1000,987
381882,1001,991
381883,1004,990
381884,1008,988
381885,1004,986
381886,1007,980
381887,1007,984
381888,1008,984
381889,1011,988
381890,1014,988
381891,1015,986
381892,1012,982
381893,1012,985
381894,1012,988
381895,1018,995
381896,1020,993
381897,1019,995
381898,1021,995
381899,1019,998
381900,1020,1002
381901,1020,1003
381902,1018,1008
381903,1014,1008
381904,1013,1009
381905,1011,1014
381906,1011,1020
381907,1011,1024
381908,1011,1027
381909,1007,1028
381910,999,1025
381911,997,1028
381912,998,1034
381913,1000,1037
381914,999,1037
381915,993,1037
381916,990,1035
381917,990,1037
381918,994,1042
381919,996,1045
381920,994,1044
381921,991,1043
381922,992,1040
381923,995,1039
381924,997,1043
381925,1002,1048
381926,1004,1043
381927,1002,1040
381928,1001,1038
381929,1001,1039
381930,1004,1043
381931,1007,1044
381932,1009,1041
381933,1012,1039
381934,1013,1039
381935,1018,1038
381936,1024,1039
381937,1029,1044
381938,1034,1043
381939,1034,1042
381940,1033,1041
381941,1037,1040
381942,1047,1041
381943,1063,1036
381944,1082,1023
381945,1095,1007
381946,1104,987
381947,1113,971
381948,1133,960
381949,1151,950
381950,1169,932
381951,1180,915
381952,1195,893
381953,1216,871
381954,1238,853
381955,1261,837
381956,1279,825
381957,1292,810
381958,1293,804
381959,1291,806
381960,1288,812
381961,1288,815
381962,1284,816
381963,1274,818
381964,1256,817
381965,1237,823
381966,1212,830
381967,1185,842
381968,1158,856
381969,1129,867
381970,1099,875
381971,1079,892
381972,1067,909
381973,1064,925
381974,1062,938
381975,1057,945
381976,1048,955
381977,1043,969
381978,1047,979
381979,1058,990
381980,1070,993
381981,1085,993
381982,1097,993
381983,1104,997
381984,1090,1005
381985,1062,1012
381986,1019,1022
381987,983,1026
381988,955,1035
381989,942,1049
381990,939,1064
381991,937,1076
381992,933,1082
381993,929,1081
381994,922,1082
381995,918,1085
381996,918,1091
381997,915,1097
381998,914,1099
381999,909,1096
382000,906,1096
382001,906,1099
382002,907,1104
382003,908,1110
382004,902,1110
382005,904,1108
382006,899,1107
382007,897,1110
382008,898,1115
382009,899,1119
382010,899,1122
382011,897,1120
382012,895,1121
382013,893,1124
382014,894,1126
382015,894,1132
382016,895,1133
382017,890,1131
382018,888,1132
382019,884,1138
382020,888,1144
382021,891,1149
382022,891,1149
382023,888,1148
382024,883,1149
382025,881,1152
382026,882,1157
382027,883,1162
382028,882,1164
382029,881,1165
382030,878,1166
382031,877,1171
382032,878,1174
382033,882,1175
382034,883,1174
382035,884,1172
382036,883,1168
382037,884,1170
382038,886,1176
382039,890,1175
382040,893,1178
382041,895,1172
382042,896,1169
382043,897,1168
382044,901,1175
382045,906,1173
382046,910,1172
382047,913,1165
382048,909,1158
382049,909,1157
382050,919,1156
382051,924,1156
382052,932,1151
382053,935,1146
382054,937,1141
382055,940,1139
382056,943,1134
382057,949,1132
382058,954,1126
382059,953,1120
382060,957,1113
382061,960,1111
382062,966,1107
382063,970,1107
382064,971,1098
382065,973,1091
382066,971,1087
382067,971,1085
382068,973,1082
382069,976,1082
382070,981,1077
382071,982,1071
382072,976,1065
382073,975,1063
382074,978,1063
382075,982,1066
382076,979,1065
382077,975,1060
382078,973,1055
382079,973,1053
382080,979,1054
382081,985,1053
382082,987,1050
382083,984,1045
382084,979,1043
382085,980,1043
382086,981,1045
382087,986,1043
382088,985,1042
382089,985,1038
382090,982,1037
382091,981,1038
382092,986,1041
382093,990,1041
382094,993,1042
382095,991,1039
382096,989,1037
382097,988,1037
382098,990,1042
382099,992,1039
382100,992,1037
382101,991,1037
382102,989,1036
382103,986,1036
382104,992,1042
382105,992,1046
382106,995,1043
382107,995,1041
382108,994,1038
382109,992,1040
382110,994,1042
382111,997,1041
382112,993,1043
382113,996,1042
382114,995,1038
382115,995,1040
382116,998,1041
382117,1002,1046
382118,1001,1043
382119,1001,1041
382120,997,1037
382121,994,1040
382122,999,1040
382123,1001,1042
382124,1001,1044
382125,996,1041
382126,995,1040
382127,994,1044
382128,996,1045
382129,997,1045
382130,998,1040
382131,998,1035
382132,998,1032
382133,997,1031
382134,1001,1031
382135,1002,1030
382136,998,1029
382137,997,1027
382138,998,1026
382139,997,1025
382140,997,1026
382141,999,1033
382142,1000,1031
382143,999,1026
382144,995,1020
382145,993,1023
382146,995,1027
382147,997,1027
382148,996,1029
382149,992,1025
382150,989,1025
382151,993,1027
382152,994,1032
382153,996,1032
382154,998,1032
382155,997,1030
382156,993,1027
382157,991,1030
382158,995,1033
382159,1001,1037
382160,1003,1035
382161,1004,1030
382162,999,1030
382163,1000,1031
382164,1000,1035
382165,1002,1040
382166,1003,1037
382167,1004,1035
382168,999,1033
382169,1000,1035
382170,1004,1041
382171,1006,1041
382172,1004,1041
382173,1003,1040
382174,997,1038
382175,1001,1041
382176,1002,1040
382177,1003,1042
382178,1005,1042
382179,1003,1039
382180,999,1036
382181,998,1035
382182,1002,1036
382183,1005,1037
382184,1007,1032
382185,1005,1032
382186,1001,1027
382187,998,1028
382188,1000,1032
382189,1005,1032
382190,1004,1029
382191,1005,1027
382192,1002,1024
382193,1000,1027
382194,1005,1030
382195,1007,1030
382196,1006,1030
382197,1003,1028
382198,997,1025
382199,994,1025
382200,998,1029
382201,1002,1032
382202,1003,1030
382203,999,1028
382204,998,1028
382205,998,1030
382206,999,1028
382207,1004,1032
382208,1004,1033
382209,1000,1029
382210,998,1027
382211,999,1030
382212,1001,1034
382213,1007,1033
382214,1009,1034
382215,1005,1030
382216,1002,1029
382217,1003,1031
382218,1005,1032
382219,1009,1038
382220,1007,1035
382221,1005,1029
382222,1005,1023
382223,1009,1024
382224,1023,1023
382225,1034,1019
382226,1047,1015
382227,1063,1008
382228,1087,998
382229,1118,992
382230,1153,983
382231,1195,974
382232,1236,967
382233,1274,969
382234,1308,980
382235,1325,1005
382236,1324,1028
382237,1294,1038
382238,1237,1038
382239,1165,1042
382240,1100,1052
382241,1037,1068
382242,993,1073
382243,974,1076
382244,977,1068
382245,984,1054
382246,996,1040
382247,1001,1035
382248,1003,1032
382249,1002,1029
382250,1003,1024
382251,997,1020
382252,991,1018
382253,988,1022
382254,989,1024
382255,992,1027
382256,987,1028
382257,988,1026
382258,986,1021
382259,986,1026
382260,988,1031
382261,987,1034
382262,990,1033
382263,989,1030
382264,986,1031
382265,980,1032
382266,983,1034
382267,986,1037
382268,987,1040
382269,987,1035
382270,984,1033
382271,983,1032
382272,984,1030
382273,987,1027
382274,987,1028
382275,984,1025
382276,981,1022
382277,979,1025
382278,984,1026
382279,986,1028
382280,991,1025
382281,990,1022
382282,986,1022
382283,986,1022
382284,987,1024
382285,991,1026
382286,992,1025
382287,989,1022
382288,983,1018
382289,989,1016
382290,990,1018
382291,990,1022
382292,993,1019
382293,990,1016
382294,988,1012
382295,987,1010
382296,991,1013
382297,1000,1014
382298,1001,1012
382299,999,1007
382300,998,1006
382301,994,1005
382302,998,1006
382303,1004,1010
382304,1004,1006
382305,1007,1001
382306,1003,995
382307,1002,995
382308,1004,997
382309,1008,1002
382310,1011,998
382311,1012,997
382312,1008,992
382313,1005,995
382314,1007,995
382315,1008,997
382316,1012,996
382317,1011,990
382318,1010,984
382319,1011,985
382320,1011,986
382321,1013,979
382322,1018,978
382323,1016,976
382324,1016,975
382325,1018,979
382326,1025,981
382327,1030,980
382328,1033,978
382329,1031,974
382330,1027,979
382331,1031,979
382332,1034,983
382333,1040,984
382334,1041,986
382335,1042,985
382336,1040,985
382337,1039,989
382338,1042,993
382339,1047,998
382340,1048,998
382341,1045,999
382342,1043,1003
382343,1038,1005
382344,1038,1007
382345,1039,1012
382346,1040,1014
382347,1034,1013
382348,1032,1014
382349,1031,1018
382350,1028,1021
382351,1030,1021
382352,1028,1023
382353,1019,1028
382354,1018,1027
382355,1016,1030
382356,1019,1031
382357,1023,1037
382358,1023,1037
382359,1019,1036
382360,1017,1035
382361,1017,1034
382362,1020,1034
382363,1024,1035
382364,1021,1031
382365,1018,1028
382366,1014,1028
382367,1013,1031
382368,1015,1033
382369,1021,1036
382370,1025,1035
382371,1021,1032
382372,1018,1028
382373,1019,1029
382374,1021,1033
382375,1024,1031
382376,1026,1030
382377,1023,1025
382378,1018,1022
382379,1017,1021
382380,1016,1023
382381,1022,1026
382382,1023,1026
382383,1024,1024
382384,1024,1017
382385,1027,1019
382386,1029,1021
382387,1032,1021
382388,1031,1021
382389,1029,1021
382390,1027,1017
382391,1026,1016
382392,1026,1017
382393,1030,1021
382394,1028,1019
382395,1025,1017
382396,1024,1014
382397,1024,1013
382398,1024,1017
382399,1029,1023
382400,1029,1021
382401,1026,1021
382402,1025,1016
382403,1026,1016
382404,1026,1019
382405,1026,1023
382406,1026,1023
382407,1021,1022
382408,1016,1022
382409,1016,1025
382410,1017,1025
382411,1022,1024
382412,1021,1023
382413,1020,1022
382414,1014,1022
382415,1011,1026
382416,1013,1029
382417,1017,1029
382418,1018,1026
382419,1012,1024
382420,1011,1022
382421,1010,1024
382422,1013,1024
382423,1014,1028
382424,1016,1024
382425,1010,1023
382426,1007,1020
382427,1008,1024
382428,1011,1027
382429,1006,1029
382430,1013,1029
382431,1013,1026
382432,1013,1023
382433,1010,1023
382434,1008,1025
382435,1009,1030
382436,1012,1032
382437,1011,1028
382438,1013,1025
382439,1008,1026
382440,1007,1029
382441,1012,1033
382442,1013,1028
382443,1011,1029
382444,1013,1028
382445,1013,1030
382446,1013,1031
382447,1019,1034
382448,1018,1029
382449,1018,1029
382450,1016,1028
382451,1014,1029
382452,1012,1035
382453,1016,1036
382454,1017,1036
382455,1017,1031
382456,1014,1026
382457,1009,1031
382458,1009,1032
382459,1015,1035
382460,1015,1033
382461,1011,1029
382462,1012,1028
382463,1010,1030
382464,1014,1033
382465,1010,1034
382466,1013,1034
382467,1008,1033
382468,1004,1031
382469,1007,1032
382470,1006,1035
382471,1007,1036
382472,1008,1031
382473,1012,1027
382474,1007,1028
382475,1005,1029
382476,1005,1030
382477,1006,1031
382478,1011,1030
382479,1012,1027
382480,1008,1026
382481,1008,1029
382482,1007,1033
382483,1011,1033
382484,1012,1031
382485,1011,1028
382486,1009,1025
382487,1009,1027
382488,1013,1030
382489,1016,1032
382490,1016,1030
382491,1015,1028
382492,1015,1029
382493,1012,1028
382494,1010,1032
382495,1013,1033
382496,1013,1029
382497,1011,1027
382498,1009,1025
382499,1010,1028
382500,1012,1031
382501,1013,1032
382502,1016,1032
382503,1015,1032
382504,1014,1032
382505,1014,1029
382506,1015,1029
382507,1016,1034
382508,1016,1028
382509,1014,1030
382510,1012,1025
382511,1011,1026
382512,1011,1029
382513,1015,1029
382514,1014,1030
382515,1011,1031
382516,1009,1026
382517,1008,1027
382518,1009,1031
382519,1011,1034
382520,1013,1033
382521,1009,1029
382522,1008,1028
382523,1005,1027
382524,1005,1030
382525,1006,1033
382526,1007,1035
382527,1007,1033
382528,1007,1030
382529,1010,1030
382530,1013,1032
382531,1013,1036
382532,1014,1031
382533,1011,1032
382534,1010,1031
382535,1015,1032
382536,1017,1037
382537,1021,1037
382538,1021,1035
382539,1019,1030
382540,1016,1030
382541,1015,1032
382542,1018,1033
382543,1018,1034
382544,1021,1033
382545,1018,1030
382546,1018,1027
382547,1019,1033
382548,1019,1034
382549,1022,1034
382550,1023,1032
382551,1018,1030
382552,1018,1027
382553,1016,1030
382554,1020,1031
382555,1021,1030
382556,1023,1028
382557,1020,1027
382558,1015,1026
382559,1015,1027
382560,1016,1029
382561,1017,1030
382562,1012,1027
382563,1013,1026
382564,1006,1024
382565,1009,1025
382566,1010,1027
382567,1011,1028
382568,1014,1028
382569,1008,1025
382570,1006,1024
382571,1006,1028
382572,1010,1032
382573,1012,1034
382574,1013,1031
382575,1012,1029
382576,1007,1027
382577,1009,1030
382578,1012,1032
382579,1013,1037
382580,1013,1033
382581,1014,1033
382582,1011,1030
382583,1010,1032
382584,1014,1031
382585,1014,1034
382586,1016,1032
382587,1013,1030
382588,1014,1028
382589,1010,1028
382590,1013,1030
382591,1014,1035
382592,1013,1033
382593,1009,1032
382594,1010,1028
382595,1008,1028
382596,1011,1028
382597,1016,1030
382598,1017,1028
382599,1015,1028
382600,1011,1025
382601,1009,1027
382602,1011,1029
382603,1012,1032
382604,1014,1030
382605,1014,1028
382606,1008,1029
382607,1010,1029
382608,1009,1035
382609,1014,1037
382610,1015,1036
382611,1010,1031
382612,1006,1029
382613,1006,1031
382614,1004,1031
382615,1007,1030
382616,1012,1030
382617,1012,1030
382618,1009,1025
382619,1008,1027
382620,1008,1030
382621,1011,1031
382622,1011,1032
382623,1011,1027
382624,1008,1027
382625,1009,1031
382626,1010,1031
382627,1016,1029
382628,1017,1030
382629,1013,1025
382630,1011,1025
382631,1012,1028
382632,1014,1028
382633,1017,1031
382634,1017,1026
382635,1020,1024
382636,1015,1026
382637,1013,1026
382638,1014,1030
382639,1013,1027
382640,1019,1022
382641,1024,1016
382642,1030,1010
382643,1046,1013
382644,1067,1013
382645,1093,1009
382646,1125,1003
382647,1157,990
382648,1191,975
382649,1230,971
382650,1275,979
382651,1311,996
382652,1321,1021
382653,1296,1036
382654,1242,1040
382655,1175,1041
382656,1113,1052
382657,1058,1064
382658,1009,1073
382659,982,1074
382660,979,1070
382661,989,1062
382662,1006,1054
382663,1014,1044
382664,1011,1037
382665,1006,1032
382666,999,1028
382667,1002,1029
382668,998,1028
382669,1001,1032
382670,998,1032
382671,994,1029
382672,988,1022
382673,989,1026
382674,991,1031
382675,996,1032
382676,996,1030
382677,992,1031
382678,988,1028
382679,985,1029
382680,988,1034
382681,990,1040
382682,993,1039
382683,992,1039
382684,990,1036
382685,989,1038
382686,991,1039
382687,993,1039
382688,993,1039
382689,991,1037
382690,989,1033
382691,987,1034
382692,986,1034
382693,990,1036
382694,990,1032
382695,991,1030
382696,990,1028
382697,989,1028
382698,989,1028
382699,992,1027
382700,994,1024
382701,989,1021
382702,988,1018
382703,988,1020
382704,989,1023
382705,996,1025
382706,1000,1025
382707,999,1020
382708,995,1018
382709,995,1017
382710,995,1016
382711,997,1015
382712,998,1015
382713,999,1011
382714,997,1010
382715,996,1010
382716,997,1011
382717,999,1013
382718,1000,1009
382719,998,1008
382720,994,1005
382721,995,1007
382722,1001,1010
382723,1006,1010
382724,1008,1010
382725,1008,1005
382726,1005,1003
382727,1006,1005
382728,1010,1007
382729,1014,1007
382730,1014,1006
382731,1013,1000
382732,1006,993
382733,1012,994
382734,1013,997
382735,1017,1000
382736,1019,999
382737,1014,993
382738,1014,994
382739,1009,994
382740,1012,996
382741,1019,993
382742,1020,995
382743,1019,992
382744,1017,989
382745,1021,991
382746,1021,993
382747,1023,996
382748,1029,995
382749,1028,995
382750,1021,997
382751,1021,999
382752,1025,1004
382753,1028,1008
382754,1032,1009
382755,1031,1008
382756,1029,1007
382757,1025,1012
382758,1030,1019
382759,1034,1022
382760,1035,1024
382761,1031,1023
382762,1027,1023
382763,1025,1027
382764,1024,1033
382765,1028,1038
382766,1027,1037
382767,1025,1032
382768,1019,1033
382769,1018,1034
382770,1020,1038
382771,1019,1039
382772,1022,1036
382773,1017,1032
382774,1018,1029
382775,1016,1029
382776,1019,1030
382777,1024,1037
382778,1025,1033
382779,1022,1030
382780,1017,1028
382781,1016,1028
382782,1019,1031
382783,1025,1031
382784,1025,1031
382785,1021,1027
382786,1013,1026
382787,1012,1029
382788,1011,1032
382789,1012,1032
382790,1012,1031
382791,1012,1027
382792,1010,1024
382793,1006,1024
382794,1007,1026
382795,1008,1029
382796,1006,1030
382797,1007,1027
382798,1005,1024
382799,1006,1029
382800,1011,1031
382801,1012,1032
382802,1011,1032
382803,1008,1029
382804,1007,1027
382805,1010,1030
382806,1010,1030
382807,1013,1034
382808,1012,1032
382809,1011,1034
382810,1011,1030
382811,1009,1031
382812,1011,1028
382813,1013,1033
382814,1014,1031
382815,1012,1026
382816,1008,1024
382817,1005,1026
382818,1011,1029
382819,1016,1030
382820,1018,1028
382821,1015,1024
382822,1013,1024
382823,1010,1025
382824,1010,1029
382825,1014,1033
382826,1013,1032
382827,1009,1028
382828,1007,1027
382829,1004,1029
382830,1006,1032
382831,1007,1032
382832,1002,1030
382833,999,1032
382834,998,1030
382835,997,1031
382836,997,1034
382837,1000,1037
382838,1001,1036
382839,1001,1034
382840,996,1033
382841,995,1031
382842,997,1033
382843,1002,1036
382844,1002,1035
382845,1002,1031
382846,1000,1031
382847,1000,1034
382848,1002,1038
382849,1005,1038
382850,1006,1039
382851,1007,1039
382852,1006,1038
382853,1006,1039
382854,1009,1040
382855,1011,1038
382856,1015,1037
382857,1010,1034
382858,1009,1031
382859,1007,1037
382860,1009,1033
382861,1012,1035
382862,1010,1035
382863,1009,1029
382864,1009,1028
382865,1006,1032
382866,1008,1034
382867,1010,1031
382868,1012,1029
382869,1011,1029
382870,1011,1023
382871,1013,1021
382872,1022,1019
382873,1032,1021
382874,1048,1018
382875,1061,1016
382876,1084,1013
382877,1120,1007
382878,1161,1002
382879,1206,995
382880,1253,990
382881,1294,995
382882,1321,1010
382883,1329,1030
382884,1310,1049
382885,1268,1055
382886,1209,1056
382887,1143,1059
382888,1072,1072
382889,1008,1086
382890,966,1101
382891,956,1105
382892,967,1098
382893,977,1080
382894,983,1067
382895,992,1056
382896,1001,1052
382897,1002,1047
382898,999,1044
382899,992,1039
382900,987,1035
382901,986,1033
382902,983,1037
382903,986,1037
382904,987,1033
382905,983,1031
382906,983,1026
382907,981,1028
382908,981,1031
382909,983,1030
382910,982,1032
382911,976,1030
382912,974,1027
382913,972,1032
382914,977,1033
382915,980,1035
382916,984,1034
382917,983,1032
382918,980,1027
382919,979,1030
382920,978,1032
382921,979,1035
382922,980,1034
382923,979,1030
382924,977,1029
382925,976,1031
382926,981,1036
382927,982,1036
382928,982,1035
382929,979,1034
382930,975,1034
382931,973,1036
382932,976,1036
382933,979,1041
382934,980,1041
382935,979,1038
382936,976,1035
382937,978,1036
382938,981,1039
382939,986,1041
382940,987,1043
382941,983,1039
382942,978,1035
382943,980,1034
382944,985,1035
382945,990,1036
382946,991,1032
382947,991,1024
382948,989,1018
382949,989,1017
382950,994,1018
382951,1002,1017
382952,1006,1013
382953,1004,1008
382954,1000,1003
382955,998,1002
382956,1001,1003
382957,1007,999
382958,1011,998
382959,1006,995
382960,1000,989
382961,1004,988
382962,1010,991
382963,1015,990
382964,1015,988
382965,1011,983
382966,1003,980
382967,1005,984
382968,1015,983
382969,1013,986
382970,1014,982
382971,1011,981
382972,1009,981
382973,1013,984
382974,1014,986
382975,1018,988
382976,1013,989
382977,1011,985
382978,1011,988
382979,1015,990
382980,1015,994
382981,1016,1000
382982,1015,999
382983,1015,1000
382984,1012,1002
382985,1014,1005
382986,1015,1009
382987,1015,1014
382988,1014,1019
382989,1009,1019
382990,1006,1024
382991,1004,1029
382992,1007,1032
382993,1010,1035
382994,1010,1035
382995,1007,1035
382996,1003,1033
382997,1000,1035
382998,999,1042
382999,1003,1045
383000,1001,1043
383001,999,1043
383002,997,1042
383003,996,1042
383004,998,1047
383005,998,1052
383006,999,1049
383007,998,1047
383008,991,1045
383009,995,1049
383010,994,1051
383011,995,1052
383012,1000,1051
383013,995,1047
383014,996,1045
383015,999,1046
383016,1002,1053
383017,1004,1053
383018,1003,1050
383019,998,1049
383020,997,1044
383021,1001,1048
383022,1004,1051
383023,1007,1051
383024,1007,1052
383025,1006,1050
383026,1004,1049
383027,1005,1052
383028,1008,1056
383029,1010,1058
383030,1010,1055
383031,1008,1051
383032,1005,1048
383033,1005,1051
383034,1011,1050
383035,1013,1053
383036,1010,1049
383037,1012,1045
383038,1002,1045
383039,1006,1045
383040,1005,1046
383041,1004,1047
383042,1006,1044
383043,1004,1042
383044,1001,1042
383045,1001,1042
383046,1002,1044
383047,1001,1046
383048,1002,1044
383049,996,1045
383050,997,1043
383051,995,1043
383052,996,1045
383053,999,1048
383054,998,1048
383055,997,1045
383056,994,1043
383057,995,1048
383058,995,1049
383059,996,1052
383060,994,1050
383061,994,1049
383062,991,1048
383063,993,1050
383064,996,1054
383065,995,1058
383066,993,1057
383067,991,1055
383068,990,1051
383069,988,1053
383070,990,1056
383071,992,1059
383072,995,1055
383073,995,1049
383074,992,1048
383075,989,1049
383076,991,1049
383077,993,1053
383078,991,1051
383079,988,1048
383080,985,1050
383081,992,1049
383082,991,1052
383083,994,1054
383084,993,1049
383085,990,1047
383086,988,1047
383087,989,1048
383088,991,1052
383089,990,1054
383090,992,1053
383091,989,1048
383092,990,1045
383093,988,1045
383094,990,1048
383095,992,1048
383096,992,1043
383097,991,1038
383098,994,1035
383099,1002,1032
383100,1012,1036
383101,1027,1036
383102,1048,1031
383103,1074,1030
383104,1100,1019
383105,1134,1011
383106,1177,1008
383107,1222,1009
383108,1269,1024
383109,1299,1048
383110,1306,1076
383111,1281,1092
383112,1240,1103
383113,1185,1106
383114,1121,1105
383115,1054,1114
383116,989,1122
383117,946,1130
383118,936,1133
383119,951,1132
383120,967,1114
383121,977,1094
383122,982,1075
383123,987,1069
383124,991,1063
383125,992,1060
383126,984,1057
383127,981,1053
383128,977,1050
383129,976,1051
383130,975,1052
383131,979,1052
383132,978,1052
383133,975,1049
383134,971,1048
383135,966,1048
383136,968,1052
383137,971,1052
383138,972,1050
383139,968,1045
383140,964,1046
383141,966,1049
383142,966,1051
383143,971,1053
383144,967,1052
383145,963,1045
383146,960,1045
383147,959,1046
383148,962,1051
383149,963,1051
383150,964,1052
383151,959,1049
383152,958,1049
383153,960,1051
383154,964,1053
383155,969,1053
383156,968,1052
383157,965,1050
383158,960,1048
383159,964,1050
383160,966,1052
383161,970,1054
383162,971,1048
383163,968,1045
383164,965,1041
383165,966,1042
383166,970,1043
383167,974,1046
383168,974,1043
383169,973,1037
383170,970,1037
383171,974,1036
383172,974,1037
383173,978,1041
383174,981,1036
383175,980,1032
383176,975,1029
383177,979,1030
383178,982,1031
383179,988,1032
383180,990,1029
383181,989,1025
383182,989,1020
383183,989,1022
383184,992,1022
383185,994,1024
383186,997,1021
383187,998,1017
383188,995,1013
383189,997,1012
383190,1002,1014
383191,1006,1016
383192,1008,1014
383193,1006,1011
383194,1003,1008
383195,1002,1010
383196,1006,1011
383197,1010,1013
383198,1010,1013
383199,1008,1009
383200,1007,1009
383201,1011,1012
383202,1012,1015
383203,1017,1019
383204,1017,1016
383205,1016,1016
383206,1011,1016
383207,1014,1015
383208,1017,1018
383209,1019,1021
383210,1020,1020
383211,1020,1021
383212,1016,1020
383213,1017,1024
383214,1017,1027
383215,1016,1031
383216,1013,1034
383217,1009,1035
383218,1010,1036
383219,1008,1039
383220,1008,1043
383221,1007,1050
383222,1007,1048
383223,1004,1048
383224,998,1047
383225,997,1050
383226,996,1053
383227,997,1056
383228,999,1058
383229,997,1055
383230,994,1056
383231,997,1057
383232,994,1059
383233,998,1061
383234,996,1061
383235,995,1060
383236,992,1059
383237,988,1059
383238,991,1062
383239,991,1064
383240,993,1064
383241,991,1060
383242,986,1058
383243,987,1058
383244,989,1062
383245,993,1062
383246,992,1061
383247,989,1060
383248,991,1058
383249,991,1059
383250,994,1063
383251,998,1061
383252,997,1060
383253,994,1059
383254,994,1055
383255,995,1055
383256,999,1056
383257,1000,1054
383258,1000,1055
383259,998,1052
383260,996,1051
383261,996,1052
383262,997,1053
383263,1003,1056
383264,1001,1054
383265,998,1052
383266,994,1050
383267,994,1051
383268,1000,1054
383269,1000,1055
383270,1000,1052
383271,996,1051
383272,997,1051
383273,995,1053
383274,996,1053
383275,999,1055
383276,998,1055
383277,996,1053
383278,992,1051
383279,996,1053
383280,999,1055
383281,998,1059
383282,1000,1058
383283,999,1054
383284,995,1051
383285,996,1051
383286,996,1057
383287,999,1059
383288,998,1056
383289,995,1055
383290,992,1053
383291,995,1055
383292,996,1057
383293,998,1057
383294,1000,1060
383295,995,1053
383296,990,1053
383297,989,1055
383298,990,1058
383299,991,1062
383300,992,1061
383301,987,1061
383302,985,1057
383303,989,1060
383304,990,1062
383305,997,1061
383306,998,1059
383307,995,1057
383308,994,1054
383309,994,1056
383310,994,1058
383311,997,1060
383312,999,1057
383313,1002,1059
383314,999,1057
383315,998,1057
383316,1000,1060
383317,1001,1061
383318,1002,1058
383319,999,1057
383320,995,1055
383321,996,1056
383322,999,1058
383323,1003,1059
383324,1002,1057
383325,996,1056
383326,995,1053
383327,994,1051
383328,994,1055
383329,1008,1052
383330,1010,1050
383331,1018,1044
383332,1029,1042
383333,1044,1043
383334,1067,1043
383335,1098,1044
383336,1129,1039
383337,1162,1034
383338,1190,1026
383339,1227,1024
383340,1272,1023
383341,1314,1026
383342,1342,1030
383343,1349,1041
383344,1330,1048
383345,1286,1050
383346,1230,1056
383347,1167,1066
383348,1099,1072
383349,1032,1075
383350,986,1076
383351,964,1076
383352,968,1077
383353,985,1069
383354,994,1060
383355,996,1055
383356,990,1051
383357,986,1053
383358,985,1054
383359,982,1057
383360,981,1056
383361,978,1052
383362,973,1053
383363,973,1056
383364,973,1059
383365,975,1060
383366,972,1059
383367,971,1056
383368,967,1056
383369,966,1059
383370,973,1059
383371,973,1063
383372,969,1060
383373,966,1055
383374,965,1056
383375,968,1058
383376,971,1059
383377,975,1061
383378,971,1057
383379,969,1054
383380,966,1053
383381,966,1056
383382,967,1057
383383,970,1059
383384,967,1058
383385,965,1054
383386,963,1054
383387,962,1058
383388,964,1059
383389,967,1059
383390,967,1057
383391,964,1055
383392,961,1055
383393,959,1056
383394,963,1057
383395,963,1056
383396,965,1057
383397,962,1053
383398,962,1052
383399,963,1054
383400,967,1056
383401,970,1059
383402,974,1058
383403,971,1056
383404,969,1054
383405,971,1057
383406,977,1059
383407,983,1057
383408,982,1056
383409,981,1051
383410,977,1046
383411,978,1048
383412,982,1050
383413,988,1050
383414,988,1047
383415,987,1042
383416,985,1039
383417,989,1041
383418,993,1040
383419,996,1040
383420,998,1040
383421,999,1036
383422,1001,1031
383423,997,1032
383424,999,1031
383425,1002,1032
383426,1008,1032
383427,1006,1027
383428,1006,1023
383429,1007,1023
383430,1009,1024
383431,1010,1026
383432,1009,1021
383433,1006,1021
383434,1003,1018
383435,1004,1020
383436,1006,1024
383437,1013,1026
383438,1011,1026
383439,1012,1024
383440,1008,1023
383441,1007,1029
383442,1007,1031
383443,1010,1033
383444,1008,1033
383445,1004,1035
383446,1004,1035
383447,1004,1038
383448,1003,1043
383449,1003,1048
383450,1002,1046
383451,1000,1047
383452,998,1051
383453,997,1054
383454,996,1057
383455,998,1059
383456,995,1058
383457,992,1055
383458,990,1055
383459,991,1058
383460,992,1062
383461,993,1063
383462,993,1061
383463,990,1057
383464,987,1055
383465,985,1055
383466,991,1060
383467,992,1063
383468,994,1058
383469,990,1055
383470,988,1058
383471,988,1059
383472,989,1060
383473,993,1063
383474,994,1059
383475,991,1056
383476,992,1053
383477,994,1056
383478,998,1057
383479,998,1057
383480,999,1055
383481,1000,1052
383482,999,1050
383483,1002,1050
383484,1011,1054
383485,1012,1055
383486,1008,1051
383487,998,1049
383488,988,1048
383489,981,1050
383490,990,1056
383491,1001,1059
383492,1006,1059
383493,1011,1056
383494,1015,1058
383495,1018,1062
383496,1019,1068
383497,1023,1070
383498,1022,1073
383499,1018,1075
383500,1021,1075
383501,1027,1079
383502,1039,1077
383503,1058,1066
383504,1070,1045
383505,1082,1025
383506,1096,1010
383507,1113,998
383508,1135,986
383509,1154,973
383510,1167,955
383511,1183,935
383512,1198,909
383513,1217,885
383514,1240,866
383515,1261,852
383516,1274,835
383517,1279,821
383518,1277,812
383519,1272,812
383520,1272,813
383521,1268,810
383522,1259,805
383523,1250,800
383524,1239,797
383525,1224,799
383526,1205,806
383527,1191,808
383528,1171,812
383529,1144,818
383530,1118,826
383531,1091,840
383532,1073,858
383533,1065,873
383534,1057,886
383535,1053,898
383536,1052,911
383537,1047,928
383538,1050,940
383539,1047,953
383540,1052,963
383541,1057,969
383542,1069,976
383543,1086,988
383544,1109,995
383545,1119,1004
383546,1105,1010
383547,1070,1020
383548,1014,1030
383549,974,1048
383550,953,1061
383551,940,1078
383552,934,1089
383553,930,1097
383554,922,1101
383555,918,1106
383556,916,1107
383557,919,1111
383558,916,1110
383559,912,1109
383560,907,1110
383561,906,1114
383562,904,1118
383563,905,1121
383564,903,1123
383565,899,1123
383566,894,1125
383567,896,1127
383568,897,1132
383569,897,1134
383570,892,1134
383571,890,1133
383572,886,1133
383573,882,1137
383574,884,1141
383575,886,1147
383576,884,1146
383577,877,1146
383578,877,1146
383579,875,1153
383580,875,1159
383581,875,1162
383582,873,1162
383583,866,1164
383584,865,1168
383585,864,1174
383586,868,1178
383587,871,1180
383588,870,1183
383589,865,1185
383590,862,1184
383591,866,1190
383592,868,1197
383593,872,1198
383594,873,1202
383595,869,1203
383596,867,1205
383597,869,1206
383598,873,1210
383599,874,1212
383600,879,1208
383601,877,1212
383602,877,1213
383603,881,1215
383604,888,1219
383605,894,1222
383606,896,1222
383607,898,1214
383608,898,1213
383609,904,1212
383610,907,1211
383611,915,1210
383612,914,1204
383613,918,1200
383614,918,1193
383615,923,1192
383616,933,1192
383617,943,1187
383618,945,1182
383619,948,1171
383620,951,1165
383621,957,1162
383622,963,1158
383623,965,1156
383624,970,1147
383625,972,1140
383626,976,1134
383627,981,1131
383628,982,1125
383629,984,1121
383630,983,1114
383631,981,1110
383632,979,1105
383633,978,1099
383634,978,1099
383635,983,1096
383636,982,1088
383637,979,1084
383638,978,1080
383639,974,1079
383640,971,1078
383641,976,1079
383642,976,1073
383643,973,1072
383644,971,1070
383645,970,1070
383646,973,1069
383647,980,1067
383648,981,1063
383649,978,1060
383650,974,1056
383651,978,1059
383652,980,1060
383653,985,1059
383654,987,1055
383655,985,1055
383656,982,1055
383657,985,1057
383658,985,1060
383659,988,1059
383660,987,1058
383661,987,1052
383662,985,1054
383663,983,1056
383664,986,1056
383665,988,1058
383666,988,1053
383667,986,1048
383668,987,1050
383669,984,1050
383670,986,1052
383671,986,1056
383672,985,1055
383673,984,1050
383674,983,1049
383675,983,1051
383676,985,1054
383677,986,1051
383678,988,1053
383679,982,1051
383680,976,1048
383681,976,1052
383682,979,1052
383683,979,1054
383684,979,1053
383685,975,1048
383686,973,1049
383687,973,1050
383688,978,1052
383689,979,1050
383690,976,1043
383691,972,1042
383692,968,1041
383693,967,1044
383694,972,1046
383695,978,1046
383696,977,1043
383697,975,1040
383698,970,1037
383699,963,1039
383700,967,1042
383701,968,1042
383702,972,1040
383703,969,1038
383704,964,1038
383705,967,1040
383706,966,1044
383707,972,1043
383708,974,1042
383709,974,1039
383710,970,1038
383711,975,1042
383712,978,1045
383713,983,1044
383714,983,1042
383715,984,1041
383716,986,1039
383717,988,1043
383718,993,1044
383719,995,1044
383720,988,1043
383721,982,1038
383722,979,1042
383723,981,1042
383724,982,1045
383725,987,1045
383726,980,1043
383727,979,1042
383728,975,1039
383729,974,1044
383730,976,1043
383731,980,1049
383732,979,1046
383733,976,1043
383734,974,1041
383735,978,1039
383736,978,1046
383737,980,1047
383738,982,1045
383739,982,1043
383740,979,1041
383741,977,1044
383742,978,1046
383743,981,1046
383744,983,1046
383745,980,1041
383746,981,1041
383747,977,1044
383748,976,1048
383749,978,1046
383750,977,1046
383751,979,1043
383752,978,1043
383753,978,1048
383754,982,1048
383755,981,1046
383756,977,1046
383757,970,1042
383758,969,1041
383759,973,1042
383760,975,1045
383761,976,1047
383762,974,1043
383763,972,1041
383764,970,1037
383765,969,1040
383766,973,1041
383767,974,1041
383768,975,1039
383769,972,1034
383770,969,1035
383771,969,1035
383772,973,1037
383773,976,1039
383774,975,1034
383775,970,1035
383776,968,1034
383777,967,1038
383778,970,1042
383779,968,1040
383780,971,1038
383781,973,1036
383782,974,1036
383783,976,1039
383784,977,1041
383785,979,1042
383786,976,1037
383787,971,1036
383788,971,1037
383789,970,1041
383790,973,1042
383791,977,1044
383792,979,1042
383793,975,1037
383794,971,1038
383795,975,1038
383796,978,1042
383797,985,1045
383798,989,1044
383799,982,1040
383800,976,1037
383801,976,1040
383802,980,1045
383803,984,1046
383804,982,1041
383805,979,1038
383806,978,1036
383807,978,1040
383808,980,1042
383809,981,1039
383810,979,1037
383811,973,1035
383812,976,1031
383813,984,1031
383814,996,1032
383815,1010,1029
383816,1023,1028
383817,1036,1023
383818,1058,1018
383819,1090,1017
383820,1124,1013
383821,1161,1007
383822,1199,1002
383823,1239,995
383824,1278,1001
383825,1310,1016
383826,1327,1035
383827,1316,1054
383828,1281,1059
383829,1226,1059
383830,1157,1065
383831,1090,1074
383832,1024,1081
383833,977,1086
383834,961,1083
383835,957,1075
383836,968,1065
383837,978,1056
383838,986,1051
383839,984,1048
383840,979,1044
383841,974,1040
383842,969,1039
383843,971,1039
383844,971,1041
383845,971,1043
383846,967,1041
383847,964,1039
383848,959,1039
383849,959,1042
383850,959,1046
383851,962,1046
383852,958,1044
383853,959,1042
383854,956,1041
383855,956,1044
383856,957,1046
383857,955,1046
383858,955,1044
383859,953,1044
383860,948,1042
383861,949,1044
383862,953,1048
383863,957,1044
383864,958,1044
383865,954,1039
383866,955,1036
383867,955,1040
383868,956,1044
383869,959,1044
383870,957,1041
383871,957,1037
383872,950,1035
383873,950,1035
383874,951,1036
383875,957,1038
383876,959,1037
383877,954,1036
383878,952,1032
383879,952,1035
383880,956,1038
383881,961,1038
383882,967,1036
383883,968,1032
383884,965,1033
383885,966,1033
383886,965,1036
383887,968,1035
383888,968,1032
383889,969,1029
383890,968,1028
383891,973,1031
383892,976,1034
383893,981,1031
383894,983,1031
383895,981,1026
383896,979,1026
383897,978,1025
383898,983,1028
383899,987,1026
383900,986,1024
383901,984,1023
383902,985,1022
383903,987,1022
383904,987,1020
383905,992,1023
383906,993,1019
383907,991,1014
383908,990,1010
383909,992,1011
383910,995,1011
383911,998,1011
383912,999,1011
383913,998,1007
383914,995,1003
383915,996,1007
383916,1001,1006
383917,1006,1005
383918,1009,1002
383919,1004,1000
383920,1001,997
383921,1000,999
383922,1008,1000
383923,1013,1004
383924,1016,1002
383925,1012,999
383926,1012,996
383927,1013,1003
383928,1014,1008
383929,1019,1010
383930,1021,1012
383931,1017,1010
383932,1015,1013
383933,1015,1017
383934,1021,1022
383935,1022,1027
383936,1022,1029
383937,1020,1026
383938,1011,1025
383939,1013,1033
383940,1014,1037
383941,1014,1038
383942,1014,1043
383943,1009,1040
383944,1005,1043
383945,1009,1044
383946,1008,1046
383947,1009,1048
383948,1006,1049
383949,1002,1044
383950,997,1044
383951,997,1046
383952,998,1047
383953,996,1046
383954,996,1046
383955,995,1045
383956,987,1043
383957,987,1043
383958,988,1046
383959,989,1048
383960,991,1046
383961,990,1042
383962,987,1040
383963,985,1042
383964,989,1045
383965,992,1046
383966,993,1041
383967,993,1041
383968,989,1040
383969,989,1044
383970,991,1043
383971,996,1045
383972,996,1041
383973,992,1039
383974,989,1038
383975,990,1040
383976,993,1044
383977,995,1045
383978,996,1043
383979,992,1043
383980,993,1041
383981,992,1042
383982,999,1042
383983,1000,1042
383984,997,1042
383985,999,1036
383986,996,1037
383987,997,1040
383988,999,1042
383989,1004,1041
383990,1002,1040
383991,1000,1039
383992,999,1037
383993,1000,1040
383994,1000,1043
383995,1003,1044
383996,1000,1042
383997,998,1039
383998,996,1039
383999,996,1040
384000,998,1041
384001,999,1043
384002,996,1043
384003,996,1042
384004,994,1039
384005,993,1039
384006,995,1041
384007,995,1042
384008,995,1042
384009,995,1038
384010,994,1039
384011,992,1039
384012,990,1043
384013,995,1042
384014,992,1040
384015,994,1038
384016,995,1039
384017,993,1041
384018,993,1044
384019,999,1047
384020,998,1044
384021,995,1041
384022,993,1040
384023,993,1047
384024,996,1049
384025,999,1049
384026,998,1048
384027,995,1046
384028,991,1047
384029,989,1047
384030,990,1051
384031,989,1051
384032,990,1049
384033,991,1045
384034,992,1045
384035,989,1043
384036,990,1043
384037,993,1042
384038,995,1038
384039,994,1036
384040,989,1033
384041,988,1036
384042,993,1039
384043,996,1041
384044,994,1038
384045,993,1036
384046,988,1033
384047,991,1037
384048,992,1042
384049,995,1042
384050,995,1042
384051,990,1039
384052,991,1039
384053,987,1040
384054,990,1045
384055,993,1045
384056,990,1042
384057,988,1041
384058,987,1038
384059,986,1040
384060,987,1045
384061,992,1045
384062,990,1044
384063,989,1039
384064,988,1039
384065,984,1038
384066,985,1043
384067,986,1043
384068,983,1045
384069,981,1040
384070,977,1043
384071,975,1043
384072,977,1046
384073,980,1049
384074,982,1044
384075,978,1043
384076,973,1042
384077,976,1045
384078,979,1048
384079,979,1049
384080,982,1048
384081,979,1045
384082,973,1043
384083,971,1048
384084,975,1048
384085,978,1048
384086,979,1045
384087,977,1043
384088,974,1042
384089,971,1045
384090,973,1048
384091,981,1048
384092,979,1046
384093,979,1046
384094,979,1047
384095,987,1048
384096,991,1050
384097,994,1052
384098,992,1050
384099,991,1047
384100,984,1044
384101,985,1049
384102,988,1053
384103,993,1053
384104,993,1048
384105,990,1044
384106,985,1044
384107,985,1045
384108,988,1048
384109,986,1048
384110,987,1048
384111,983,1044
384112,981,1043
384113,981,1045
384114,983,1048
384115,984,1046
384116,983,1045
384117,979,1042
384118,977,1043
384119,975,1046
384120,981,1048
384121,986,1048
384122,983,1048
384123,980,1044
384124,977,1043
384125,976,1047
384126,983,1046
384127,985,1048
384128,985,1044
384129,983,1042
384130,978,1041
384131,978,1043
384132,984,1044
384133,987,1046
384134,984,1044
384135,980,1040
384136,977,1040
384137,979,1045
384138,984,1046
384139,988,1048
384140,985,1049
384141,982,1047
384142,982,1047
384143,987,1049
384144,993,1053
384145,995,1054
384146,991,1052
384147,990,1051
384148,988,1048
384149,987,1049
384150,987,1052
384151,989,1053
384152,988,1053
384153,986,1049
384154,983,1048
384155,986,1050
384156,990,1052
384157,992,1052
384158,993,1050
384159,991,1049
384160,985,1044
384161,987,1045
384162,991,1046
384163,993,1049
384164,993,1048
384165,988,1047
384166,987,1046
384167,988,1046
384168,990,1051
384169,994,1055
384170,992,1052
384171,991,1046
384172,989,1044
384173,991,1048
384174,991,1051
384175,992,1049
384176,990,1050
384177,986,1045
384178,986,1045
384179,988,1046
384180,992,1049
384181,996,1048
384182,996,1046
384183,992,1045
384184,989,1043
384185,987,1046
384186,990,1048
384187,991,1048
384188,995,1046
384189,994,1045
384190,992,1043
384191,989,1047
384192,993,1048
384193,997,1053
384194,999,1050
384195,998,1047
384196,998,1047
384197,1001,1050
384198,1004,1055
384199,1008,1054
384200,1004,1052
384201,1000,1051
384202,998,1051
384203,1002,1054
384204,1005,1053
384205,1007,1056
384206,1007,1052
384207,1005,1051
384208,1000,1048
384209,998,1047
384210,1002,1048
384211,1005,1045
384212,1017,1042
384213,1030,1036
384214,1045,1033
384215,1067,1034
384216,1096,1034
384217,1133,1030
384218,1175,1019
384219,1215,1005
384220,1254,1000
384221,1293,1003
384222,1333,1013
384223,1357,1030
384224,1355,1046
384225,1322,1057
384226,1266,1058
384227,1206,1067
384228,1145,1075
384229,1084,1085
384230,1025,1086
384231,985,1083
384232,970,1077
384233,979,1073
384234,998,1065
384235,1010,1058
384236,1009,1053
384237,1001,1051
384238,990,1051
384239,985,1053
384240,984,1053
384241,989,1051
384242,989,1049
384243,985,1049
384244,982,1048
384245,981,1053
384246,978,1057
384247,978,1056
384248,976,1058
384249,975,1056
384250,972,1054
384251,973,1056
384252,975,1060
384253,979,1059
384254,977,1062
384255,974,1058
384256,972,1056
384257,970,1060
384258,971,1061
384259,972,1060
384260,974,1058
384261,972,1055
384262,969,1050
384263,974,1054
384264,973,1056
384265,975,1053
384266,972,1051
384267,969,1045
384268,968,1047
384269,967,1048
384270,968,1049
384271,967,1050
384272,972,1046
384273,969,1045
384274,967,1044
384275,969,1044
384276,975,1042
384277,981,1046
384278,983,1042
384279,976,1040
384280,975,1042
384281,973,1042
384282,977,1044
384283,984,1046
384284,990,1043
384285,987,1042
384286,981,1043
384287,981,1044
384288,983,1043
384289,989,1043
384290,991,1042
384291,987,1037
384292,983,1034
384293,983,1035
384294,985,1038
384295,988,1036
384296,993,1031
384297,988,1028
384298,987,1026
384299,989,1028
384300,992,1027
384301,998,1032
384302,997,1028
384303,994,1023
384304,990,1022
384305,990,1023
384306,994,1024
384307,995,1024
384308,994,1021
384309,991,1018
384310,991,1018
384311,993,1021
384312,997,1023
384313,1004,1024
384314,1007,1019
384315,1005,1016
384316,1003,1014
384317,1003,1016
384318,1007,1019
384319,1013,1014
384320,1010,1014
384321,1010,1012
384322,1007,1013
384323,1008,1018
384324,1011,1020
384325,1012,1021
384326,1011,1020
384327,1013,1019
384328,1014,1018
384329,1018,1022
384330,1018,1024
384331,1018,1030
384332,1017,1031
384333,1013,1031
384334,1011,1034
384335,1008,1036
384336,1008,1040
384337,1010,1039
384338,1007,1038
384339,1003,1037
384340,1000,1035
384341,1004,1039
384342,1005,1040
384343,1005,1041
384344,1002,1041
384345,997,1041
384346,994,1043
384347,995,1046
384348,996,1050
384349,997,1049
384350,997,1049
384351,997,1047
384352,992,1044
384353,994,1047
384354,997,1051
384355,997,1055
384356,992,1051
384357,984,1049
384358,984,1049
384359,986,1051
384360,986,1053
384361,991,1056
384362,989,1051
384363,983,1049
384364,984,1051
384365,988,1048
384366,995,1052
384367,1002,1053
384368,998,1051
384369,995,1049
384370,995,1048
384371,999,1047
384372,1002,1050
384373,1006,1053
384374,1005,1049
384375,1002,1045
384376,996,1044
384377,998,1044
384378,1001,1047
384379,1008,1047
384380,1010,1044
384381,1009,1036
384382,1002,1036
384383,999,1040
384384,999,1042
384385,1003,1046
384386,1005,1044
384387,1003,1040
384388,1003,1038
384389,1000,1040
384390,1001,1042
384391,1005,1042
384392,1007,1040
384393,1004,1036
384394,997,1036
384395,995,1043
384396,995,1041
384397,994,1042
384398,993,1040
384399,993,1038
384400,992,1039
384401,992,1043
384402,996,1047
384403,997,1047
384404,992,1045
384405,989,1045
384406,984,1044
384407,984,1047
384408,987,1051
384409,993,1050
384410,995,1048
384411,988,1043
384412,985,1043
384413,983,1047
384414,982,1049
384415,986,1049
384416,986,1041
384417,987,1038
384418,983,1036
384419,983,1039
384420,985,1040
384421,990,1043
384422,990,1037
384423,982,1037
384424,977,1036
384425,981,1039
384426,985,1043
384427,988,1041
384428,988,1040
384429,990,1034
384430,987,1033
384431,990,1036
384432,992,1042
384433,992,1043
384434,992,1043
384435,989,1041
384436,990,1039
384437,991,1042
384438,995,1046
384439,998,1048
384440,996,1046
384441,995,1043
384442,990,1042
384443,987,1046
384444,986,1047
384445,989,1050
384446,991,1046
384447,988,1046
384448,988,1046
384449,986,1049
384450,993,1052
384451,997,1053
384452,996,1052
384453,995,1050
384454,988,1048
384455,985,1052
384456,994,1052
384457,996,1051
384458,998,1050
384459,996,1045
384460,992,1046
384461,994,1047
384462,994,1049
384463,998,1051
384464,996,1048
384465,994,1046
384466,988,1046
384467,989,1050
384468,994,1051
384469,1003,1050
384470,1001,1046
384471,995,1044
384472,986,1044
384473,989,1047
384474,992,1049
384475,1000,1049
384476,1003,1044
384477,1004,1038
384478,1007,1033
384479,1018,1033
384480,1033,1033
384481,1050,1033
384482,1066,1027
384483,1086,1019
384484,1119,1015
384485,1163,1007
384486,1211,1004
384487,1256,1007
384488,1296,1016
384489,1326,1036
384490,1337,1063
384491,1317,1087
384492,1272,1094
384493,1209,1093
384494,1140,1098
384495,1072,1105
384496,1010,1113
384497,965,1119
384498,954,1120
384499,967,1114
384500,983,1096
384501,992,1079
384502,997,1068
384503,997,1061
384504,999,1058
384505,997,1054
384506,992,1048
384507,986,1047
384508,978,1044
384509,974,1046
384510,975,1047
384511,977,1047
384512,975,1045
384513,971,1043
384514,968,1041
384515,963,1043
384516,967,1045
384517,970,1046
384518,971,1044
384519,968,1043
384520,966,1043
384521,964,1042
384522,962,1046
384523,966,1046
384524,966,1045
384525,965,1044
384526,960,1045
384527,965,1045
384528,968,1046
384529,970,1045
384530,969,1043
384531,964,1041
384532,962,1042
384533,961,1044
384534,959,1049
384535,962,1048
384536,967,1049
384537,967,1043
384538,969,1043
384539,970,1042
384540,971,1045
384541,975,1046
384542,971,1044
384543,970,1042
384544,965,1040
384545,961,1042
384546,966,1042
384547,971,1043
384548,972,1038
384549,971,1036
384550,973,1033
384551,972,1033
384552,977,1034
384553,979,1035
384554,981,1032
384555,980,1028
384556,982,1027
384557,983,1028
384558,985,1026
384559,988,1025
384560,989,1024
384561,988,1020
384562,989,1016
384563,991,1017
384564,995,1017
384565,995,1016
384566,996,1012
384567,995,1010
384568,993,1009
384569,992,1009
384570,996,1009
384571,1003,1011
384572,1004,1007
384573,1003,1005
384574,1000,1004
384575,1002,1004
384576,1003,1003
384577,1001,1003
384578,1000,1001
384579,1004,996
384580,1008,994
384581,1010,995
384582,1013,1000
384583,1015,998
384584,1014,995
384585,1010,996
384586,1006,994
384587,1005,998
384588,1006,1003
384589,1010,1005
384590,1010,1004
384591,1005,1005
384592,999,1006
384593,998,1009
384594,999,1014
384595,1004,1017
384596,1004,1019
384597,1000,1018
384598,1000,1019
384599,997,1027
384600,999,1029
384601,1004,1034
384602,1007,1036
384603,1003,1033
384604,992,1034
384605,983,1040
384606,979,1046
384607,985,1052
384608,982,1052
384609,980,1052
384610,979,1054
384611,981,1057
384612,983,1058
384613,985,1062
384614,984,1062
384615,983,1060
384616,981,1059
384617,985,1062
384618,984,1064
384619,987,1065
384620,988,1063
384621,986,1060
384622,984,1060
384623,983,1062
384624,984,1064
384625,988,1064
384626,988,1062
384627,989,1061
384628,988,1060
384629,988,1059
384630,990,1061
384631,992,1061
384632,990,1059
384633,989,1056
384634,985,1056
384635,984,1059
384636,991,1062
384637,991,1062
384638,994,1060
384639,993,1056
384640,994,1055
384641,994,1057
384642,996,1061
384643,995,1060
384644,998,1063
384645,991,1058
384646,993,1055
384647,994,1059
384648,1000,1060
384649,996,1063
384650,992,1060
384651,994,1056
384652,990,1056
384653,988,1058
384654,987,1062
384655,993,1061
384656,995,1057
384657,996,1052
384658,997,1051
384659,995,1052
384660,991,1053
384661,994,1050
384662,997,1046
384663,995,1045
384664,989,1044
384665,986,1046
384666,987,1048
384667,994,1046
384668,991,1047
384669,994,1042
384670,990,1044
384671,989,1044
384672,993,1048
384673,1002,1047
384674,1000,1046
384675,988,1046
384676,985,1047
384677,989,1049
384678,993,1050
384679,999,1050
384680,999,1050
384681,993,1048
384682,984,1049
384683,984,1053
384684,991,1055
384685,996,1055
384686,991,1053
384687,987,1048
384688,984,1050
384689,986,1054
384690,990,1056
384691,991,1056
384692,988,1057
384693,983,1054
384694,978,1055
384695,977,1056
384696,980,1059
384697,987,1060
384698,990,1058
384699,991,1056
384700,988,1055
384701,984,1060
384702,986,1062
384703,986,1063
384704,985,1061
384705,988,1057
384706,982,1056
384707,981,1055
384708,981,1058
384709,988,1058
384710,986,1054
384711,986,1052
384712,983,1049
384713,989,1047
384714,999,1044
384715,1011,1043
384716,1024,1039
384717,1039,1036
384718,1056,1032
384719,1082,1033
384720,1122,1028
384721,1166,1018
384722,1215,1010
384723,1265,1007
384724,1310,1017
384725,1348,1039
384726,1360,1062
384727,1342,1078
384728,1294,1077
384729,1227,1074
384730,1149,1082
384731,1071,1097
384732,998,1114
384733,949,1125
384734,934,1124
384735,944,1118
384736,961,1104
384737,974,1094
384738,980,1084
384739,986,1073
384740,986,1067
384741,980,1059
384742,977,1055
384743,975,1055
384744,973,1059
384745,975,1058
384746,973,1054
384747,969,1048
384748,969,1047
384749,965,1049
384750,965,1052
384751,962,1052
384752,962,1049
384753,960,1046
384754,959,1044
384755,961,1048
384756,964,1051
384757,969,1052
384758,967,1051
384759,963,1048
384760,960,1045
384761,960,1048
384762,964,1047
384763,967,1049
384764,969,1045
384765,962,1043
384766,966,1047
384767,965,1048
384768,967,1052
384769,967,1051
384770,961,1049
384771,964,1048
384772,962,1047
384773,964,1048
384774,969,1052
384775,974,1053
384776,970,1051
384777,968,1047
384778,966,1046
384779,965,1043
384780,966,1046
384781,971,1047
384782,972,1044
384783,970,1042
384784,971,1040
384785,974,1042
384786,978,1042
384787,982,1043
384788,979,1037
384789,975,1034
384790,974,1031
384791,979,1031
384792,984,1031
384793,987,1029
384794,985,1023
384795,985,1021
384796,985,1015
384797,987,1017
384798,990,1016
384799,995,1016
384800,996,1014
384801,995,1011
384802,996,1006
384803,1000,1010
384804,1001,1014
384805,1004,1013
384806,1005,1010
384807,1001,1007
384808,999,1005
384809,1005,1003
384810,1006,1006
384811,1009,1006
384812,1008,1005
384813,1008,1003
384814,1006,1003
384815,1008,1007
384816,1008,1010
384817,1011,1013
384818,1011,1012
384819,1006,1011
384820,1005,1012
384821,1006,1014
384822,1007,1019
384823,1010,1021
384824,1010,1024
384825,1004,1025
384826,1000,1029
384827,993,1032
384828,998,1038
384829,999,1040
384830,1001,1046
384831,996,1042
384832,992,1046
384833,987,1050
384834,988,1054
384835,990,1057
384836,988,1055
384837,986,1055
384838,979,1054
384839,978,1056
384840,979,1058
384841,987,1062
384842,984,1060
384843,979,1060
384844,977,1059
384845,976,1064
384846,978,1066
384847,980,1067
384848,979,1067
384849,979,1064
384850,978,1062
384851,980,1063
384852,984,1066
384853,987,1066
384854,984,1062
384855,978,1059
384856,975,1058
384857,978,1061
384858,980,1062
384859,985,1063
384860,985,1061
384861,984,1058
384862,982,1059
384863,981,1062
384864,983,1063
384865,989,1063
384866,988,1062
384867,988,1058
384868,983,1055
384869,983,1062
384870,985,1064
384871,989,1064
384872,989,1064
384873,988,1059
384874,985,1059
384875,985,1060
384876,992,1066
384877,995,1064
384878,995,1063
384879,990,1059
384880,987,1058
384881,986,1058
384882,991,1064
384883,996,1062
384884,995,1061
384885,992,1058
384886,990,1058
384887,988,1058
384888,990,1059
384889,993,1058
384890,990,1054
384891,989,1053
384892,988,1051
384893,987,1053
384894,986,1054
384895,991,1054
384896,991,1053
384897,987,1051
384898,986,1051
384899,984,1049
384900,988,1054
384901,994,1056
384902,995,1052
384903,990,1052
384904,987,1050
384905,988,1054
384906,991,1056
384907,991,1057
384908,992,1053
384909,989,1052
384910,984,1049
384911,985,1052
384912,988,1054
384913,988,1055
384914,985,1054
384915,984,1056
384916,982,1058
384917,983,1063
384918,986,1068
384919,991,1066
384920,990,1064
384921,985,1063
384922,985,1059
384923,985,1065
384924,989,1064
384925,991,1067
384926,991,1064
384927,988,1062
384928,987,1064
384929,986,1067
384930,988,1067
384931,985,1064
384932,985,1064
384933,985,1060
384934,985,1062
384935,988,1062
384936,991,1063
384937,997,1066
384938,994,1062
384939,992,1058
384940,990,1056
384941,992,1058
384942,996,1060
384943,996,1059
384944,993,1059
384945,992,1055
384946,990,1054
384947,989,1056
384948,993,1055
384949,996,1056
384950,1002,1050
384951,1012,1046
384952,1026,1043
384953,1046,1044
384954,1072,1047
384955,1107,1043
384956,1153,1036
384957,1194,1023
384958,1236,1016
384959,1288,1016
384960,1336,1027
384961,1369,1042
384962,1375,1061
384963,1341,1067
384964,1277,1067
384965,1200,1072
384966,1124,1090
384967,1056,1101
384968,993,1107
384969,959,1104
384970,952,1098
384971,967,1094
384972,986,1083
384973,994,1075
384974,994,1066
384975,985,1062
384976,978,1061
384977,975,1065
384978,974,1069
384979,973,1069
384980,969,1067
384981,965,1067
384982,961,1068
384983,962,1068
384984,964,1072
384985,967,1072
384986,967,1073
384987,965,1071
384988,964,1068
384989,965,1071
384990,966,1069
384991,968,1066
384992,967,1061
384993,962,1058
384994,960,1059
384995,958,1056
384996,962,1058
384997,965,1056
384998,965,1057
384999,964,1052
385000,963,1051
385001,963,1053
385002,964,1056
385003,967,1057
385004,968,1055
385005,969,1053
385006,966,1054
385007,964,1055
385008,966,1060
385009,970,1060
385010,968,1059
385011,968,1054
385012,962,1054
385013,963,1055
385014,968,1058
385015,971,1057
385016,970,1056
385017,969,1050
385018,966,1051
385019,969,1051
385020,974,1054
385021,976,1054
385022,973,1051
385023,971,1045
385024,972,1045
385025,975,1047
385026,978,1048
385027,981,1048
385028,981,1044
385029,980,1043
385030,979,1043
385031,979,1043
385032,983,1047
385033,986,1044
385034,989,1043
385035,988,1037
385036,986,1035
385037,989,1034
385038,995,1034
385039,999,1032
385040,1004,1029
385041,1002,1024
385042,998,1022
385043,998,1024
385044,1002,1025
385045,1005,1023
385046,1005,1021
385047,1005,1019
385048,1003,1021
385049,1005,1023
385050,1009,1024
385051,1012,1026
385052,1012,1025
385053,1010,1021
385054,1009,1022
385055,1010,1027
385056,1012,1032
385057,1012,1031
385058,1012,1028
385059,1010,1029
385060,1007,1030
385061,1005,1035
385062,1008,1038
385063,1012,1043
385064,1014,1040
385065,1008,1043
385066,1003,1042
385067,998,1049
385068,999,1053
385069,1000,1057
385070,999,1055
385071,997,1054
385072,994,1054
385073,992,1057
385074,990,1059
385075,993,1061
385076,994,1058
385077,988,1056
385078,985,1055
385079,982,1058
385080,984,1058
385081,987,1058
385082,986,1057
385083,983,1054
385084,979,1055
385085,978,1055
385086,984,1054
385087,984,1059
385088,981,1057
385089,980,1054
385090,977,1055
385091,978,1055
385092,981,1060
385093,985,1056
385094,982,1056
385095,980,1054
385096,980,1057
385097,981,1060
385098,983,1062
385099,984,1063
385100,981,1060
385101,980,1060
385102,977,1058
385103,979,1058
385104,983,1060
385105,987,1057
385106,987,1056
385107,985,1054
385108,982,1054
385109,984,1055
385110,984,1058
385111,987,1061
385112,986,1059
385113,985,1055
385114,983,1059
385115,985,1060
385116,985,1062
385117,987,1067
385118,987,1064
385119,988,1064
385120,986,1061
385121,985,1060
385122,985,1061
385123,987,1057
385124,984,1056
385125,982,1054
385126,981,1053
385127,981,1056
385128,985,1057
385129,989,1058
385130,988,1054
385131,987,1053
385132,983,1051
385133,981,1055
385134,980,1056
385135,985,1058
385136,985,1055
385137,981,1054
385138,980,1055
385139,980,1054
385140,983,1056
385141,991,1056
385142,989,1053
385143,982,1053
385144,975,1052
385145,974,1053
385146,977,1057
385147,982,1058
385148,986,1056
385149,983,1057
385150,978,1056
385151,977,1057
385152,976,1061
385153,978,1057
385154,974,1054
385155,974,1054
385156,974,1055
385157,974,1054
385158,977,1056
385159,980,1057
385160,978,1057
385161,972,1054
385162,972,1055
385163,974,1057
385164,978,1059
385165,981,1060
385166,979,1057
385167,976,1054
385168,974,1051
385169,977,1054
385170,978,1059
385171,983,1056
385172,982,1055
385173,975,1050
385174,971,1054
385175,976,1054
385176,979,1056
385177,982,1055
385178,980,1054
385179,979,1048
385180,976,1048
385181,978,1051
385182,979,1055
385183,980,1053
385184,979,1050
385185,977,1049
385186,978,1050
385187,976,1052
385188,981,1054
385189,982,1053
385190,982,1053
385191,983,1050
385192,980,1050
385193,982,1054
385194,985,1053
385195,985,1054
385196,984,1049
385197,987,1044
385198,996,1040
385199,1008,1042
385200,1028,1043
385201,1052,1043
385202,1081,1038
385203,1117,1027
385204,1161,1016
385205,1204,1011
385206,1254,1010
385207,1298,1015
385208,1330,1028
385209,1339,1046
385210,1312,1062
385211,1253,1070
385212,1181,1076
385213,1105,1086
385214,1032,1096
385215,974,1097
385216,947,1100
385217,950,1095
385218,966,1089
385219,982,1076
385220,986,1064
385221,982,1057
385222,974,1054
385223,974,1054
385224,973,1058
385225,972,1059
385226,966,1055
385227,963,1053
385228,957,1053
385229,957,1053
385230,958,1056
385231,958,1055
385232,955,1053
385233,955,1049
385234,951,1051
385235,949,1053
385236,953,1055
385237,955,1052
385238,955,1056
385239,953,1052
385240,950,1052
385241,952,1053
385242,958,1055
385243,957,1053
385244,951,1052
385245,947,1051
385246,945,1051
385247,949,1054
385248,952,1057
385249,953,1057
385250,955,1055
385251,954,1053
385252,954,1052
385253,954,1054
385254,955,1055
385255,960,1055
385256,959,1053
385257,958,1052
385258,958,1054
385259,958,1055
385260,962,1059
385261,967,1056
385262,965,1050
385263,960,1048
385264,958,1047
385265,961,1046
385266,963,1047
385267,965,1048
385268,964,1044
385269,964,1041
385270,960,1040
385271,961,1040
385272,963,1041
385273,969,1038
385274,969,1034
385275,968,1031
385276,967,1029
385277,967,1030
385278,968,1029
385279,972,1025
385280,972,1026
385281,974,1020
385282,973,1020
385283,975,1018
385284,983,1020
385285,987,1019
385286,985,1017
385287,982,1012
385288,980,1014
385289,979,1015
385290,985,1019
385291,991,1016
385292,991,1014
385293,984,1013
385294,984,1013
385295,987,1016
385296,989,1016
385297,997,1018
385298,998,1018
385299,998,1016
385300,997,1017
385301,999,1022
385302,1000,1024
385303,1005,1027
385304,1003,1026
385305,1001,1026
385306,992,1027
385307,997,1036
385308,1003,1039
385309,1005,1039
385310,999,1042
385311,996,1041
385312,990,1042
385313,992,1046
385314,990,1048
385315,989,1049
385316,987,1048
385317,985,1045
385318,983,1047
385319,980,1050
385320,980,1053
385321,981,1055
385322,977,1055
385323,974,1052
385324,969,1051
385325,967,1055
385326,969,1057
385327,974,1057
385328,972,1054
385329,970,1053
385330,966,1051
385331,967,1050
385332,972,1055
385333,976,1055
385334,973,1054
385335,973,1055
385336,969,1055
385337,973,1058
385338,977,1062
385339,982,1064
385340,984,1062
385341,985,1060
385342,986,1061
385343,990,1063
385344,1000,1067
385345,1011,1069
385346,1011,1069
385347,1014,1070
385348,1016,1072
385349,1026,1073
385350,1037,1072
385351,1049,1063
385352,1062,1049
385353,1073,1032
385354,1085,1015
385355,1101,1005
385356,1119,995
385357,1139,980
385358,1152,966
385359,1165,945
385360,1182,928
385361,1202,911
385362,1221,892
385363,1244,871
385364,1259,858
385365,1273,840
385366,1279,830
385367,1282,831
385368,1276,835
385369,1276,836
385370,1274,835
385371,1266,832
385372,1254,833
385373,1243,836
385374,1224,841
385375,1203,848
385376,1181,851
385377,1150,858
385378,1123,872
385379,1094,884
385380,1072,897
385381,1061,911
385382,1051,924
385383,1044,935
385384,1037,947
385385,1037,962
385386,1035,974
385387,1033,982
385388,1033,990
385389,1035,995
385390,1046,1001
385391,1065,1012
385392,1084,1015
385393,1095,1018
385394,1087,1016
385395,1064,1022
385396,1021,1029
385397,979,1040
385398,946,1055
385399,927,1066
385400,914,1078
385401,905,1086
385402,902,1095
385403,899,1102
385404,894,1108
385405,893,1108
385406,888,1108
385407,884,1109
385408,884,1110
385409,879,1115
385410,877,1118
385411,876,1119
385412,874,1118
385413,871,1115
385414,868,1118
385415,866,1123
385416,868,1125
385417,868,1126
385418,867,1126
385419,862,1125
385420,857,1130
385421,856,1132
385422,858,1136
385423,855,1138
385424,852,1138
385425,850,1136
385426,849,1141
385427,849,1147
385428,849,1154
385429,851,1153
385430,850,1155
385431,844,1156
385432,843,1156
385433,841,1163
385434,843,1169
385435,846,1170
385436,841,1171
385437,840,1173
385438,838,1175
385439,840,1179
385440,840,1186
385441,842,1187
385442,839,1183
385443,837,1183
385444,835,1187
385445,839,1190
385446,847,1195
385447,851,1194
385448,850,1196
385449,849,1194
385450,845,1194
385451,850,1197
385452,856,1201
385453,856,1200
385454,860,1197
385455,862,1192
385456,859,1190
385457,867,1190
385458,871,1190
385459,877,1187
385460,879,1184
385461,881,1176
385462,882,1175
385463,886,1175
385464,894,1173
385465,900,1168
385466,903,1164
385467,907,1155
385468,911,1153
385469,911,1150
385470,918,1150
385471,925,1146
385472,927,1141
385473,930,1135
385474,929,1132
385475,930,1130
385476,932,1127
385477,942,1124
385478,943,1118
385479,945,1110
385480,941,1107
385481,943,1104
385482,949,1101
385483,953,1099
385484,948,1093
385485,947,1086
385486,948,1087
385487,951,1087
385488,955,1085
385489,959,1085
385490,959,1078
385491,956,1075
385492,952,1075
385493,955,1071
385494,958,1072
385495,964,1070
385496,962,1068
385497,962,1062
385498,958,1062
385499,959,1062
385500,962,1062
385501,962,1063
385502,959,1061
385503,959,1058
385504,958,1056
385505,955,1059
385506,961,1061
385507,965,1058
385508,962,1054
385509,962,1053
385510,960,1052
385511,961,1057
385512,963,1058
385513,969,1058
385514,970,1056
385515,968,1056
385516,968,1055
385517,969,1060
385518,970,1061
385519,973,1061
385520,972,1062
385521,969,1058
385522,966,1058
385523,969,1061
385524,971,1064
385525,971,1062
385526,972,1059
385527,968,1058
385528,968,1057
385529,969,1061
385530,971,1063
385531,975,1060
385532,972,1059
385533,968,1057
385534,968,1055
385535,969,1058
385536,972,1061
385537,975,1062
385538,977,1056
385539,977,1054
385540,971,1055
385541,970,1058
385542,975,1059
385543,978,1057
385544,975,1057
385545,974,1054
385546,975,1054
385547,974,1056
385548,972,1057
385549,977,1056
385550,974,1052
385551,971,1048
385552,969,1050
385553,968,1052
385554,970,1053
385555,974,1052
385556,972,1052
385557,971,1049
385558,972,1051
385559,975,1053
385560,976,1056
385561,977,1056
385562,977,1055
385563,976,1053
385564,972,1054
385565,973,1057
385566,973,1057
385567,979,1057
385568,976,1058
385569,974,1056
385570,971,1056
385571,970,1056
385572,975,1058
385573,976,1058
385574,972,1057
385575,970,1055
385576,967,1054
385577,971,1056
385578,976,1059
385579,978,1057
385580,977,1055
385581,970,1053
385582,969,1053
385583,971,1055
385584,974,1055
385585,976,1055
385586,975,1053
385587,970,1050
385588,970,1049
385589,971,1051
385590,973,1054
385591,974,1052
385592,970,1049
385593,968,1048
385594,969,1050
385595,969,1051
385596,972,1054
385597,974,1052
385598,976,1051
385599,974,1049
385600,973,1046
385601,974,1047
385602,976,1050
385603,978,1051
385604,977,1051
385605,972,1046
385606,973,1049
385607,974,1053
385608,977,1057
385609,980,1055
385610,976,1055
385611,975,1055
385612,971,1056
385613,973,1058
385614,976,1060
385615,981,1059
385616,977,1059
385617,976,1055
385618,973,1054
385619,972,1058
385620,975,1062
385621,979,1060
385622,979,1058
385623,978,1055
385624,973,1056
385625,975,1058
385626,975,1059
385627,980,1057
385628,979,1057
385629,975,1053
385630,972,1051
385631,970,1057
385632,974,1057
385633,976,1058
385634,973,1053
385635,972,1050
385636,969,1049
385637,971,1049
385638,975,1054
385639,974,1053
385640,974,1050
385641,973,1046
385642,971,1047
385643,973,1047
385644,976,1048
385645,978,1048
385646,978,1049
385647,976,1046
385648,975,1044
385649,981,1049
385650,978,1052
385651,979,1048
385652,979,1050
385653,976,1047
385654,974,1048
385655,974,1049
385656,975,1054
385657,982,1055
385658,980,1053
385659,976,1051
385660,976,1052
385661,975,1052
385662,980,1055
385663,982,1054
385664,983,1052
385665,980,1051
385666,975,1051
385667,980,1052
385668,983,1053
385669,986,1050
385670,982,1050
385671,979,1049
385672,975,1051
385673,974,1053
385674,980,1055
385675,983,1055
385676,981,1056
385677,979,1052
385678,977,1052
385679,979,1053
385680,980,1055
385681,984,1056
385682,982,1055
385683,978,1050
385684,975,1052
385685,974,1054
385686,976,1054
385687,981,1051
385688,979,1050
385689,978,1050
385690,979,1049
385691,979,1050
385692,981,1053
385693,981,1052
385694,978,1049
385695,976,1045
385696,977,1045
385697,984,1042
385698,996,1042
385699,1010,1040
385700,1026,1037
385701,1041,1031
385702,1062,1030
385703,1090,1028
385704,1129,1024
385705,1170,1014
385706,1212,1005
385707,1247,999
385708,1284,1003
385709,1322,1012
385710,1350,1033
385711,1349,1047
385712,1316,1055
385713,1257,1058
385714,1193,1060
385715,1130,1070
385716,1073,1081
385717,1020,1082
385718,978,1082
385719,960,1077
385720,960,1069
385721,976,1068
385722,987,1060
385723,988,1056
385724,982,1049
385725,973,1045
385726,965,1045
385727,964,1049
385728,966,1052
385729,964,1050
385730,961,1050
385731,954,1048
385732,955,1049
385733,955,1052
385734,959,1054
385735,960,1056
385736,957,1054
385737,954,1051
385738,952,1053
385739,955,1054
385740,956,1056
385741,959,1057
385742,958,1055
385743,954,1050
385744,950,1051
385745,950,1055
385746,953,1056
385747,955,1056
385748,953,1054
385749,953,1049
385750,952,1050
385751,953,1052
385752,955,1052
385753,958,1055
385754,957,1052
385755,955,1051
385756,954,1050
385757,954,1052
385758,956,1052
385759,956,1053
385760,957,1052
385761,957,1048
385762,954,1049
385763,956,1051
385764,960,1052
385765,961,1051
385766,957,1050
385767,953,1044
385768,954,1048
385769,955,1049
385770,959,1050
385771,963,1050
385772,963,1048
385773,960,1046
385774,958,1043
385775,961,1043
385776,963,1046
385777,963,1043
385778,962,1041
385779,961,1037
385780,960,1037
385781,961,1039
385782,967,1041
385783,972,1042
385784,970,1039
385785,968,1035
385786,969,1033
385787,968,1034
385788,974,1037
385789,979,1035
385790,979,1033
385791,980,1026
385792,979,1028
385793,981,1029
385794,984,1030
385795,989,1029
385796,987,1023
385797,988,1018
385798,987,1019
385799,988,1022
385800,991,1020
385801,992,1022
385802,993,1019
385803,993,1019
385804,992,1018
385805,995,1018
385806,999,1018
385807,1003,1018
385808,1000,1016
385809,997,1015
385810,992,1016
385811,994,1019
385812,997,1021
385813,998,1021
385814,999,1022
385815,998,1018
385816,1001,1018
385817,1006,1021
385818,1006,1023
385819,1004,1023
385820,996,1023
385821,995,1023
385822,994,1026
385823,995,1033
385824,1001,1037
385825,1004,1037
385826,1002,1037
385827,1000,1035
385828,994,1041
385829,994,1045
385830,994,1047
385831,995,1047
385832,996,1044
385833,990,1044
385834,989,1046
385835,989,1046
385836,994,1050
385837,995,1052
385838,991,1048
385839,982,1043
385840,981,1044
385841,980,1047
385842,980,1052
385843,984,1050
385844,984,1048
385845,983,1045
385846,979,1048
385847,979,1047
385848,979,1050
385849,976,1050
385850,977,1048
385851,976,1047
385852,974,1046
385853,975,1047
385854,978,1050
385855,981,1047
385856,978,1046
385857,975,1043
385858,970,1042
385859,972,1044
385860,974,1046
385861,978,1047
385862,975,1046
385863,969,1045
385864,971,1047
385865,971,1051
385866,973,1053
385867,974,1052
385868,971,1050
385869,971,1047
385870,967,1049
385871,971,1052
385872,974,1054
385873,975,1052
385874,974,1049
385875,970,1048
385876,968,1048
385877,969,1047
385878,973,1052
385879,975,1050
385880,971,1046
385881,967,1042
385882,963,1043
385883,966,1046
385884,971,1048
385885,976,1047
385886,975,1045
385887,973,1044
385888,973,1043
385889,973,1045
385890,977,1047
385891,980,1045
385892,978,1042
385893,975,1039
385894,975,1040
385895,977,1038
385896,981,1043
385897,981,1042
385898,978,1037
385899,972,1034
385900,972,1036
385901,972,1039
385902,978,1039
385903,979,1036
385904,976,1033
385905,973,1030
385906,972,1034
385907,973,1037
385908,976,1039
385909,980,1040
385910,979,1037
385911,978,1037
385912,974,1041
385913,973,1040
385914,973,1043
385915,973,1046
385916,973,1042
385917,972,1041
385918,972,1042
385919,972,1043
385920,973,1048
385921,974,1043
385922,972,1048
385923,974,1042
385924,967,1041
385925,970,1046
385926,969,1046
385927,970,1048
385928,968,1044
385929,967,1044
385930,966,1041
385931,967,1043
385932,966,1048
385933,970,1049
385934,967,1047
385935,968,1044
385936,965,1047
385937,967,1045
385938,969,1051
385939,969,1048
385940,966,1047
385941,964,1045
385942,966,1047
385943,968,1048
385944,974,1051
385945,976,1052
385946,978,1048
385947,975,1045
385948,974,1046
385949,978,1048
385950,976,1048
385951,975,1049
385952,976,1046
385953,972,1043
385954,972,1044
385955,976,1045
385956,981,1046
385957,985,1044
385958,984,1041
385959,981,1039
385960,977,1040
385961,977,1042
385962,981,1042
385963,989,1038
385964,994,1029
385965,1000,1028
385966,1011,1026
385967,1027,1026
385968,1047,1030
385969,1075,1028
385970,1110,1018
385971,1147,1003
385972,1193,993
385973,1239,995
385974,1287,1002
385975,1328,1012
385976,1335,1031
385977,1315,1044
385978,1267,1050
385979,1203,1052
385980,1136,1061
385981,1067,1075
385982,995,1089
385983,947,1096
385984,927,1099
385985,944,1097
385986,961,1088
385987,975,1073
385988,977,1058
385989,973,1050
385990,967,1043
385991,965,1044
385992,963,1045
385993,965,1044
385994,964,1041
385995,961,1039
385996,957,1037
385997,959,1040
385998,960,1047
385999,962,1046
386000,960,1044
386001,959,1042
386002,958,1041
386003,957,1045
386004,960,1047
386005,964,1048
386006,963,1044
386007,961,1041
386008,955,1037
386009,955,1037
386010,960,1040
386011,959,1039
386012,955,1037
386013,951,1033
386014,953,1035
386015,955,1037
386016,961,1038
386017,962,1039
386018,958,1037
386019,954,1035
386020,952,1034
386021,954,1036
386022,957,1036
386023,956,1035
386024,953,1036
386025,951,1031
386026,951,1033
386027,955,1033
386028,955,1037
386029,958,1036
386030,955,1033
386031,956,1033
386032,959,1031
386033,960,1033
386034,966,1034
386035,964,1032
386036,963,1031
386037,965,1026
386038,963,1025
386039,964,1027
386040,968,1026
386041,971,1022
386042,969,1022
386043,968,1016
386044,967,1016
386045,972,1019
386046,977,1019
386047,973,1017
386048,972,1016
386049,972,1011
386050,975,1011
386051,977,1016
386052,983,1018
386053,988,1015
386054,987,1010
386055,984,1005
386056,985,1005
386057,987,1010
386058,989,1010
386059,991,1005
386060,990,1004
386061,990,1000
386062,988,1003
386063,992,1002
386064,996,1007
386065,1000,1006
386066,995,1001
386067,996,997
386068,993,1001
386069,996,1002
386070,1000,1005
386071,1000,1003
386072,999,1005
386073,997,1003
386074,1001,1004
386075,1000,1007
386076,1004,1008
386077,1006,1013
386078,1005,1017
386079,1001,1013
386080,998,1018
386081,998,1021
386082,998,1024
386083,999,1026
386084,996,1024
386085,992,1022
386086,988,1024
386087,985,1029
386088,989,1035
386089,989,1036
386090,985,1037
386091,984,1036
386092,981,1038
386093,980,1043
386094,977,1045
386095,978,1046
386096,978,1045
386097,977,1042
386098,973,1045
386099,971,1047
386100,976,1051
386101,975,1049
386102,975,1051
386103,971,1047
386104,967,1049
386105,973,1053
386106,977,1055
386107,981,1055
386108,985,1049
386109,983,1048
386110,979,1049
386111,980,1053
386112,986,1055
386113,987,1052
386114,987,1050
386115,985,1045
386116,986,1047
386117,988,1049
386118,993,1051
386119,993,1051
386120,990,1050
386121,984,1046
386122,986,1046
386123,987,1050
386124,989,1049
386125,993,1048
386126,990,1045
386127,989,1045
386128,988,1045
386129,988,1045
386130,991,1047
386131,993,1045
386132,992,1043
386133,988,1039
386134,983,1040
386135,984,1041
386136,987,1045
386137,988,1043
386138,986,1043
386139,984,1038
386140,982,1039
386141,984,1042
386142,986,1044
386143,987,1042
386144,986,1044
386145,983,1041
386146,978,1043
386147,982,1045
386148,985,1048
386149,987,1046
386150,989,1043
386151,986,1042
386152,984,1045
386153,981,1047
386154,985,1049
386155,986,1049
386156,986,1045
386157,986,1043
386158,985,1042
386159,986,1050
386160,991,1052
386161,992,1053
386162,989,1051
386163,987,1047
386164,986,1048
386165,987,1052
386166,990,1053
386167,993,1054
386168,991,1053
386169,987,1052
386170,987,1054
386171,987,1062
386172,988,1067
386173,987,1066
386174,986,1058
386175,986,1049
386176,985,1044
386177,983,1044
386178,989,1047
386179,989,1051
386180,988,1049
386181,982,1045
386182,982,1044
386183,983,1044
386184,987,1045
386185,989,1045
386186,988,1043
386187,985,1038
386188,982,1040
386189,980,1042
386190,983,1043
386191,984,1041
386192,978,1041
386193,978,1039
386194,977,1041
386195,979,1041
386196,982,1047
386197,983,1047
386198,982,1048
386199,980,1046
386200,980,1047
386201,982,1049
386202,985,1055
386203,986,1052
386204,986,1049
386205,982,1047
386206,981,1047
386207,983,1051
386208,983,1052
386209,987,1051
386210,984,1050
386211,985,1046
386212,981,1047
386213,985,1052
386214,986,1052
386215,986,1053
386216,986,1055
386217,983,1053
386218,985,1052
386219,987,1051
386220,993,1053
386221,993,1047
386222,992,1047
386223,989,1046
386224,988,1049
386225,987,1048
386226,988,1048
386227,988,1047
386228,991,1042
386229,989,1039
386230,985,1039
386231,988,1043
386232,990,1048
386233,989,1047
386234,987,1046
386235,984,1046
386236,982,1045
386237,984,1048
386238,986,1048
386239,989,1048
386240,989,1045
386241,988,1041
386242,985,1043
386243,987,1048
386244,991,1052
386245,991,1050
386246,990,1049
386247,988,1046
386248,985,1048
386249,990,1050
386250,992,1053
386251,997,1054
386252,996,1051
386253,995,1050
386254,996,1050
386255,1002,1051
386256,1010,1048
386257,1025,1044
386258,1039,1041
386259,1055,1037
386260,1078,1035
386261,1110,1032
386262,1150,1024
386263,1192,1011
386264,1234,1002
386265,1269,997
386266,1307,1005
386267,1340,1021
386268,1348,1041
386269,1329,1052
386270,1279,1055
386271,1215,1054
386272,1152,1058
386273,1093,1069
386274,1043,1078
386275,1003,1080
386276,977,1081
386277,971,1077
386278,978,1069
386279,992,1061
386280,1001,1054
386281,1001,1047
386282,995,1042
386283,988,1037
386284,984,1038
386285,984,1039
386286,985,1042
386287,984,1042
386288,976,1040
386289,971,1040
386290,967,1041
386291,969,1042
386292,968,1049
386293,973,1048
386294,971,1043
386295,969,1046
386296,966,1044
386297,967,1046
386298,967,1050
386299,970,1048
386300,972,1047
386301,970,1046
386302,965,1047
386303,970,1052
386304,971,1053
386305,974,1052
386306,971,1052
386307,966,1049
386308,964,1051
386309,963,1056
386310,968,1057
386311,970,1055
386312,967,1055
386313,967,1050
386314,966,1056
386315,968,1057
386316,970,1061
386317,968,1057
386318,970,1050
386319,966,1045
386320,966,1042
386321,966,1042
386322,971,1042
386323,971,1040
386324,971,1037
386325,971,1038
386326,969,1041
386327,972,1041
386328,973,1040
386329,975,1036
386330,973,1033
386331,974,1029
386332,971,1029
386333,976,1031
386334,982,1033
386335,982,1031
386336,980,1032
386337,976,1030
386338,976,1029
386339,980,1032
386340,984,1032
386341,985,1031
386342,988,1024
386343,985,1024
386344,989,1024
386345,988,1025
386346,992,1028
386347,995,1026
386348,993,1022
386349,994,1019
386350,995,1021
386351,995,1019
386352,996,1021
386353,1002,1017
386354,1000,1015
386355,1000,1012
386356,1000,1012
386357,1003,1012
386358,1004,1015
386359,1008,1016
386360,1004,1013
386361,1003,1009
386362,1006,1012
386363,1009,1017
386364,1011,1021
386365,1010,1020
386366,1006,1016
386367,1005,1016
386368,1009,1016
386369,1011,1021
386370,1014,1026
386371,1015,1027
386372,1016,1023
386373,1012,1023
386374,1010,1028
386375,1009,1031
386376,1011,1035
386377,1011,1034
386378,1011,1033
386379,1005,1030
386380,1001,1035
386381,1003,1040
386382,1004,1046
386383,1006,1046
386384,1003,1045
386385,997,1042
386386,991,1044
386387,994,1047
386388,997,1050
386389,1000,1050
386390,996,1048
386391,993,1047
386392,989,1048
386393,990,1050
386394,996,1053
386395,996,1052
386396,990,1050
386397,988,1049
386398,986,1050
386399,990,1052
386400,991,1057
386401,994,1057
386402,995,1053
386403,993,1049
386404,990,1050
386405,990,1053
386406,998,1053
386407,1000,1052
386408,1000,1050
386409,1001,1047
386410,1000,1048
386411,1010,1049
386412,1016,1055
386413,1026,1055
386414,1026,1057
386415,1029,1056
386416,1031,1059
386417,1037,1059
386418,1052,1059
386419,1066,1052
386420,1077,1040
386421,1088,1024
386422,1096,1010
386423,1114,999
386424,1133,990
386425,1151,977
386426,1165,960
386427,1175,944
386428,1193,927
386429,1210,910
386430,1232,896
386431,1254,879
386432,1270,863
386433,1280,847
386434,1289,839
386435,1291,833
386436,1292,834
386437,1291,829
386438,1284,823
386439,1275,820
386440,1265,821
386441,1251,827
386442,1236,827
386443,1217,827
386444,1190,827
386445,1166,832
386446,1139,840
386447,1114,854
386448,1093,868
386449,1075,880
386450,1064,892
386451,1059,905
386452,1055,925
386453,1055,941
386454,1052,954
386455,1050,962
386456,1045,968
386457,1051,976
386458,1065,990
386459,1087,1001
386460,1102,1006
386461,1109,1006
386462,1093,1007
386463,1056,1011
386464,1012,1023
386465,975,1031
386466,955,1049
386467,943,1060
386468,932,1076
386469,927,1086
386470,921,1093
386471,920,1101
386472,920,1104
386473,917,1105
386474,911,1104
386475,905,1102
386476,904,1107
386477,902,1112
386478,900,1116
386479,898,1116
386480,894,1117
386481,888,1118
386482,888,1119
386483,886,1122
386484,888,1126
386485,889,1129
386486,886,1129
386487,881,1128
386488,877,1129
386489,878,1135
386490,881,1138
386491,880,1136
386492,882,1136
386493,874,1137
386494,877,1137
386495,877,1144
386496,876,1147
386497,877,1148
386498,874,1150
386499,870,1152
386500,870,1159
386501,872,1164
386502,872,1172
386503,875,1171
386504,872,1175
386505,870,1175
386506,870,1177
386507,871,1184
386508,871,1184
386509,877,1185
386510,875,1183
386511,872,1186
386512,875,1186
386513,878,1189
386514,880,1191
386515,881,1189
386516,885,1189
386517,885,1190
386518,887,1191
386519,891,1195
386520,896,1198
386521,900,1197
386522,902,1193
386523,902,1185
386524,906,1183
386525,909,1186
386526,914,1187
386527,919,1183
386528,922,1178
386529,920,1171
386530,921,1170
386531,925,1167
386532,931,1165
386533,934,1160
386534,936,1154
386535,935,1147
386536,936,1144
386537,941,1141
386538,948,1139
386539,952,1133
386540,950,1126
386541,952,1119
386542,952,1116
386543,957,1116
386544,963,1115
386545,965,1109
386546,966,1106
386547,964,1101
386548,964,1103
386549,968,1099
386550,970,1098
386551,972,1092
386552,972,1087
386553,971,1080
386554,970,1074
386555,972,1075
386556,971,1074
386557,976,1072
386558,973,1069
386559,972,1065
386560,972,1064
386561,970,1065
386562,974,1069
386563,978,1068
386564,978,1064
386565,972,1060
386566,972,1063
386567,973,1065
386568,974,1065
386569,973,1060
386570,974,1054
386571,971,1050
386572,974,1053
386573,975,1057
386574,976,1058
386575,978,1057
386576,973,1051
386577,975,1049
386578,974,1048
386579,973,1046
386580,980,1050
386581,975,1049
386582,977,1045
386583,975,1044
386584,972,1048
386585,975,1051
386586,979,1054
386587,980,1052
386588,979,1049
386589,979,1048
386590,976,1050
386591,981,1053
386592,981,1056
386593,984,1055
386594,984,1051
386595,977,1050
386596,977,1052
386597,980,1053
386598,980,1057
386599,980,1055
386600,981,1057
386601,979,1057
386602,979,1058
386603,982,1058
386604,985,1060
386605,981,1058
386606,984,1054
386607,979,1052
386608,978,1052
386609,982,1056
386610,984,1059
386611,986,1057
386612,986,1053
386613,984,1051
386614,983,1053
386615,984,1052
386616,986,1057
386617,987,1053
386618,983,1052
386619,977,1050
386620,975,1051
386621,978,1056
386622,981,1062
386623,980,1062
386624,977,1061
386625,978,1057
386626,975,1061
386627,980,1065
386628,983,1061
386629,985,1054
386630,982,1045
386631,979,1042
386632,976,1044
386633,979,1043
386634,985,1049
386635,983,1049
386636,982,1044
386637,978,1043
386638,980,1046
386639,981,1047
386640,983,1053
386641,984,1055
386642,983,1054
386643,981,1053
386644,981,1051
386645,982,1054
386646,984,1053
386647,984,1051
386648,982,1051
386649,979,1047
386650,978,1048
386651,980,1051
386652,980,1054
386653,979,1056
386654,978,1051
386655,975,1048
386656,972,1051
386657,972,1052
386658,979,1051
386659,979,1052
386660,976,1047
386661,976,1047
386662,975,1049
386663,976,1053
386664,980,1056
386665,983,1053
386666,980,1052
386667,971,1050
386668,973,1054
386669,976,1055
386670,977,1059
386671,978,1057
386672,980,1053
386673,973,1051
386674,973,1052
386675,972,1057
386676,974,1059
386677,975,1058
386678,973,1055
386679,970,1051
386680,970,1053
386681,973,1057
386682,977,1058
386683,977,1057
386684,976,1055
386685,975,1053
386686,973,1053
386687,976,1053
386688,982,1057
386689,982,1053
386690,982,1050
386691,978,1047
386692,975,1050
386693,977,1053
386694,981,1054
386695,985,1054
386696,981,1050
386697,981,1050
386698,977,1051
386699,979,1052
386700,979,1055
386701,981,1053
386702,981,1052
386703,981,1049
386704,979,1050
386705,979,1055
386706,982,1055
386707,978,1054
386708,979,1048
386709,978,1046
386710,979,1051
386711,981,1051
386712,982,1056
386713,980,1057
386714,976,1057
386715,975,1056
386716,974,1059
386717,976,1059
386718,980,1056
386719,981,1053
386720,980,1049
386721,975,1047
386722,974,1049
386723,977,1054
386724,978,1057
386725,980,1055
386726,976,1057
386727,977,1054
386728,975,1056
386729,978,1055
386730,980,1059
386731,983,1055
386732,979,1054
386733,975,1051
386734,979,1054
386735,979,1056
386736,982,1057
386737,984,1055
386738,982,1052
386739,985,1050
386740,983,1051
386741,988,1051
386742,992,1052
386743,997,1048
386744,1003,1044
386745,1005,1038
386746,1012,1039
386747,1023,1040
386748,1034,1040
386749,1047,1038
386750,1055,1034
386751,1060,1030
386752,1066,1030
386753,1070,1031
386754,1074,1034
386755,1081,1038
386756,1088,1036
386757,1093,1036
386758,1103,1042
386759,1116,1050
386760,1128,1058
386761,1140,1070
386762,1149,1080
386763,1158,1090
386764,1170,1099
386765,1185,1110
386766,1201,1122
386767,1220,1132
386768,1236,1140
386769,1250,1147
386770,1266,1158
386771,1288,1168
386772,1314,1182
386773,1345,1190
386774,1374,1187
386775,1403,1179
386776,1429,1178
386777,1450,1187
386778,1465,1196
386779,1470,1201
386780,1463,1200
386781,1448,1201
386782,1409,1206
386783,1343,1206
386784,1256,1201
386785,1163,1184
386786,1088,1162
386787,1035,1135
386788,1002,1112
386789,977,1098
386790,966,1089
386791,958,1079
386792,947,1069
386793,935,1063
386794,927,1059
386795,923,1056
386796,919,1051
386797,915,1045
386798,908,1039
386799,902,1037
386800,897,1038
386801,894,1044
386802,895,1048
386803,894,1044
386804,892,1041
386805,888,1038
386806,886,1035
386807,885,1035
386808,886,1034
386809,884,1036
386810,883,1033
386811,878,1032
386812,873,1035
386813,874,1033
386814,873,1030
386815,873,1026
386816,867,1023
386817,861,1021
386818,856,1024
386819,854,1025
386820,853,1028
386821,848,1024
386822,842,1017
386823,836,1015
386824,828,1016
386825,828,1014
386826,824,1017
386827,819,1015
386828,812,1008
386829,809,1005
386830,806,1006
386831,803,1003
386832,801,1002
386833,800,997
386834,793,992
386835,789,988
386836,787,989
386837,787,988
386838,784,985
386839,780,982
386840,778,979
386841,772,974
386842,769,974
386843,766,975
386844,767,978
386845,769,974
386846,765,968
386847,764,967
386848,768,963
386849,769,968
386850,772,967
386851,775,963
386852,774,961
386853,773,958
386854,771,959
386855,777,962
386856,783,963
386857,787,961
386858,789,959
386859,793,956
386860,793,958
386861,800,962
386862,806,966
386863,810,966
386864,814,964
386865,818,964
386866,823,965
386867,833,974
386868,844,979
386869,853,979
386870,858,981
386871,860,979
386872,866,986
386873,875,993
386874,883,997
386875,890,998
386876,896,1000
386877,902,1000
386878,909,1006
386879,913,1012
386880,922,1017
386881,926,1018
386882,931,1020
386883,932,1021
386884,939,1027
386885,941,1029
386886,951,1032
386887,954,1037
386888,956,1036
386889,956,1037
386890,958,1044
386891,963,1050
386892,967,1049
386893,969,1048
386894,969,1044
386895,966,1041
386896,967,1046
386897,973,1050
386898,977,1053
386899,979,1052
386900,977,1050
386901,975,1048
386902,974,1044
386903,977,1047
386904,979,1047
386905,980,1044
386906,982,1043
386907,978,1037
386908,978,1038
386909,978,1043
386910,981,1044
386911,981,1043
386912,980,1040
386913,978,1040
386914,981,1039
386915,986,1043
386916,987,1044
386917,984,1042
386918,982,1040
386919,982,1038
386920,980,1040
386921,985,1040
386922,988,1042
386923,989,1044
386924,988,1040
386925,987,1039
386926,986,1039
386927,986,1043
386928,989,1047
386929,988,1043
386930,987,1046
386931,985,1042
386932,982,1046
386933,988,1050
386934,992,1054
386935,993,1054
386936,993,1049
386937,994,1047
386938,990,1047
386939,993,1047
386940,998,1050
386941,996,1049
386942,996,1046
386943,992,1044
386944,992,1047
386945,994,1051
386946,997,1052
386947,995,1051
386948,994,1044
386949,994,1045
386950,996,1048
386951,999,1054
386952,999,1055
386953,1002,1052
386954,999,1053
386955,995,1050
386956,992,1053
386957,996,1055
386958,999,1055
386959,1000,1054
386960,1000,1051
386961,997,1044
386962,996,1048
386963,999,1051
386964,1001,1053
386965,1003,1052
386966,1001,1051
386967,999,1049
386968,994,1050
386969,998,1051
386970,1002,1053
386971,1001,1054
386972,1001,1051
386973,999,1047
386974,996,1051
386975,996,1053
386976,1001,1053
386977,1002,1050
386978,998,1048
386979,997,1044
386980,1000,1046
386981,1001,1050
386982,1003,1054
386983,1005,1051
386984,1002,1048
386985,999,1048
386986,994,1050
386987,1000,1054
386988,1004,1059
386989,1003,1055
386990,1003,1055
386991,1001,1051
386992,1001,1054
386993,1004,1058
386994,1006,1058
386995,1006,1058
386996,1006,1053
386997,1005,1052
386998,1004,1053
386999,1007,1057
387000,1010,1060
387001,1012,1060
387002,1008,1055
387003,1007,1054
387004,1002,1056
387005,1009,1059
387006,1012,1059
387007,1016,1053
387008,1017,1047
387009,1027,1043
387010,1039,1041
387011,1057,1039
387012,1082,1041
387013,1115,1036
387014,1154,1024
387015,1197,1010
387016,1242,1004
387017,1292,1009
387018,1334,1020
387019,1357,1038
387020,1346,1053
387021,1303,1058
387022,1242,1057
387023,1175,1068
387024,1105,1084
387025,1041,1097
387026,990,1104
387027,971,1104
387028,977,1102
387029,995,1094
387030,1007,1084
387031,1013,1072
387032,1013,1065
387033,1011,1058
387034,1006,1058
387035,1007,1059
387036,1006,1061
387037,1005,1059
387038,1004,1059
387039,1001,1054
387040,999,1053
387041,1001,1053
387042,1001,1056
387043,1000,1053
387044,996,1055
387045,995,1051
387046,993,1053
387047,993,1054
387048,995,1056
387049,993,1056
387050,992,1054
387051,988,1052
387052,986,1053
387053,987,1055
387054,986,1056
387055,987,1056
387056,987,1055
387057,986,1053
387058,988,1054
387059,989,1057
387060,992,1060
387061,994,1057
387062,992,1054
387063,991,1055
387064,991,1054
387065,993,1056
387066,993,1058
387067,997,1057
387068,999,1055
387069,998,1050
387070,996,1050
387071,997,1051
387072,999,1051
387073,999,1049
387074,999,1049
387075,996,1047
387076,997,1050
387077,999,1051
387078,1002,1051
387079,1002,1046
387080,1002,1045
387081,1000,1042
387082,999,1043
387083,1000,1047
387084,1004,1048
387085,1003,1043
387086,1005,1038
387087,1005,1034
387088,1005,1032
387089,1007,1032
387090,1014,1029
387091,1015,1029
387092,1013,1022
387093,1011,1021
387094,1014,1021
387095,1016,1024
387096,1019,1027
387097,1022,1021
387098,1021,1019
387099,1018,1017
387100,1018,1019
387101,1020,1021
387102,1023,1024
387103,1019,1019
387104,1020,1014
387105,1021,1014
387106,1021,1016
387107,1026,1016
387108,1026,1021
387109,1030,1021
387110,1030,1019
387111,1028,1014
387112,1028,1015
387113,1030,1018
387114,1034,1021
387115,1037,1023
387116,1035,1024
387117,1033,1022
387118,1033,1025
387119,1035,1026
387120,1039,1031
387121,1035,1030
387122,1031,1028
387123,1032,1028
387124,1030,1032
387125,1029,1035
387126,1026,1043
387127,1028,1046
387128,1025,1047
387129,1020,1047
387130,1018,1050
387131,1015,1054
387132,1017,1057
387133,1015,1057
387134,1012,1055
387135,1006,1055
387136,1004,1055
387137,1003,1056
387138,1006,1063
387139,1005,1063
387140,1003,1059
387141,1001,1059
387142,1000,1063
387143,1002,1068
387144,1004,1069
387145,1006,1066
387146,1006,1064
387147,1003,1062
387148,1001,1063
387149,1005,1063
387150,1009,1064
387151,1012,1064
387152,1012,1059
387153,1009,1054
387154,1012,1053
387155,1013,1058
387156,1019,1061
387157,1021,1059
387158,1018,1059
387159,1018,1054
387160,1022,1054
387161,1031,1054
387162,1036,1052
387163,1039,1054
387164,1040,1053
387165,1039,1055
387166,1041,1057
387167,1047,1061
387168,1060,1061
387169,1073,1056
387170,1085,1037
387171,1098,1021
387172,1110,1008
387173,1128,1001
387174,1148,991
387175,1165,975
387176,1177,960
387177,1189,940
387178,1207,920
387179,1228,898
387180,1248,876
387181,1264,861
387182,1275,849
387183,1284,837
387184,1285,834
387185,1285,837
387186,1285,837
387187,1279,836
387188,1269,832
387189,1255,831
387190,1239,836
387191,1223,841
387192,1205,850
387193,1184,852
387194,1158,857
387195,1128,866
387196,1105,880
387197,1094,897
387198,1087,912
387199,1084,928
387200,1083,943
387201,1079,951
387202,1075,965
387203,1075,974
387204,1081,984
387205,1094,989
387206,1108,995
387207,1123,997
387208,1132,1001
387209,1127,1005
387210,1096,1015
387211,1054,1023
387212,1005,1031
387213,971,1046
387214,958,1066
387215,956,1080
387216,956,1092
387217,955,1100
387218,949,1103
387219,942,1103
387220,939,1107
387221,938,1110
387222,935,1116
387223,929,1114
387224,926,1114
387225,919,1113
387226,919,1116
387227,919,1120
387228,914,1123
387229,918,1124
387230,915,1126
387231,910,1124
387232,906,1129
387233,909,1135
387234,909,1142
387235,909,1142
387236,904,1143
387237,902,1141
387238,900,1144
387239,903,1149
387240,903,1154
387241,903,1157
387242,900,1158
387243,895,1157
387244,894,1161
387245,895,1162
387246,897,1167
387247,896,1169
387248,895,1168
387249,890,1170
387250,886,1173
387251,885,1182
387252,889,1187
387253,887,1188
387254,886,1188
387255,881,1189
387256,886,1192
387257,889,1195
387258,894,1199
387259,896,1197
387260,898,1195
387261,893,1197
387262,893,1200
387263,899,1204
387264,905,1207
387265,907,1203
387266,910,1200
387267,908,1198
387268,910,1197
387269,919,1199
387270,924,1199
387271,928,1192
387272,928,1188
387273,929,1188
387274,932,1182
387275,935,1179
387276,945,1178
387277,951,1169
387278,953,1161
387279,952,1157
387280,955,1152
387281,961,1151
387282,965,1146
387283,971,1139
387284,970,1135
387285,973,1128
387286,975,1126
387287,980,1119
387288,985,1114
387289,986,1107
387290,985,1099
387291,982,1095
387292,982,1092
387293,981,1093
387294,984,1091
387295,990,1085
387296,989,1082
387297,986,1081
387298,986,1077
387299,990,1079
387300,992,1075
387301,992,1072
387302,988,1068
387303,986,1065
387304,988,1066
387305,992,1065
387306,994,1065
387307,992,1060
387308,986,1058
387309,984,1054
387310,984,1056
387311,986,1058
387312,988,1060
387313,990,1061
387314,989,1057
387315,988,1057
387316,990,1060
387317,993,1060
387318,994,1063
387319,994,1060
387320,994,1055
387321,994,1053
387322,992,1054
387323,994,1058
387324,998,1058
387325,1001,1058
387326,996,1053
387327,994,1053
387328,996,1053
387329,995,1052
387330,998,1052
387331,998,1048
387332,1000,1048
387333,995,1046
387334,995,1049
387335,1001,1048
387336,1004,1051
387337,1003,1052
387338,1000,1048
387339,999,1046
387340,999,1049
387341,999,1048
387342,1005,1048
387343,1005,1044
387344,1004,1040
387345,1001,1039
387346,998,1040
387347,1000,1046
387348,1005,1046
387349,1004,1043
387350,1002,1045
387351,999,1044
387352,1000,1045
387353,1004,1048
387354,1008,1047
387355,1009,1044
387356,1005,1043
387357,1000,1039
387358,1000,1044
387359,999,1048
387360,1003,1049
387361,1003,1049
387362,1003,1045
387363,1004,1048
387364,998,1050
387365,999,1048
387366,1002,1048
387367,1002,1045
387368,1000,1045
387369,1000,1046
387370,999,1049
387371,1000,1050
387372,1005,1052
387373,1006,1052
387374,1005,1052
387375,1002,1047
387376,1000,1049
387377,1000,1050
387378,1002,1053
387379,1004,1054
387380,1002,1050
387381,1000,1048
387382,1001,1048
387383,1004,1051
387384,1007,1053
387385,1007,1048
387386,1005,1043
387387,1003,1038
387388,1002,1040
387389,1003,1044
387390,1006,1048
387391,1007,1045
387392,1005,1044
387393,1002,1044
387394,1003,1046
387395,1003,1050
387396,1005,1052
387397,1009,1048
387398,1004,1044
387399,1001,1040
387400,997,1039
387401,1002,1042
387402,1004,1045
387403,1007,1046
387404,1005,1045
387405,1002,1041
387406,1001,1045
387407,1000,1047
387408,1004,1047
387409,1007,1044
387410,1006,1041
387411,1002,1044
387412,1003,1046
387413,1004,1049
387414,1006,1051
387415,1007,1049
387416,1005,1046
387417,1003,1044
387418,1002,1046
387419,1003,1048
387420,1008,1050
387421,1011,1051
387422,1007,1050
387423,1008,1048
387424,1007,1052
387425,1006,1051
387426,1010,1052
387427,1009,1051
387428,1005,1050
387429,1003,1048
387430,1001,1051
387431,1006,1052
387432,1006,1050
387433,1009,1046
387434,1004,1041
387435,1003,1039
387436,1002,1039
387437,1003,1042
387438,1008,1044
387439,1007,1045
387440,1006,1044
387441,1003,1039
387442,1003,1043
387443,1002,1043
387444,1008,1045
387445,1006,1043
387446,1003,1043
387447,1000,1041
387448,999,1043
387449,1005,1041
387450,1008,1043
387451,1008,1042
387452,1007,1039
387453,1003,1039
387454,1004,1042
387455,1005,1041
387456,1006,1044
387457,1005,1044
387458,1004,1042
387459,1003,1043
387460,1003,1044
387461,1006,1046
387462,1006,1049
387463,1007,1045
387464,1006,1044
387465,1001,1043
387466,1005,1043
387467,1006,1049
387468,1008,1050
387469,1008,1051
387470,1008,1049
387471,1006,1050
387472,1005,1052
387473,1009,1052
387474,1010,1056
387475,1009,1052
387476,1008,1054
387477,1006,1052
387478,1005,1056
387479,1009,1060
387480,1013,1061
387481,1012,1058
387482,1013,1051
387483,1010,1045
387484,1011,1044
387485,1012,1047
387486,1016,1049
387487,1014,1046
387488,1012,1042
387489,1010,1043
387490,1009,1044
387491,1009,1047
387492,1013,1049
387493,1010,1047
387494,1007,1044
387495,1008,1042
387496,1008,1040
387497,1011,1045
387498,1014,1048
387499,1015,1042
387500,1014,1040
387501,1013,1035
387502,1016,1034
387503,1026,1031
387504,1039,1031
387505,1058,1029
387506,1074,1021
387507,1098,1017
387508,1135,1013
387509,1176,1005
387510,1216,996
387511,1255,991
387512,1293,987
387513,1322,997
387514,1343,1014
387515,1340,1034
387516,1309,1049
387517,1250,1053
387518,1186,1057
387519,1121,1066
387520,1062,1076
387521,1014,1088
387522,991,1089
387523,989,1084
387524,996,1075
387525,1007,1063
387526,1015,1058
387527,1016,1054
387528,1012,1053
387529,1010,1051
387530,1002,1047
387531,1002,1044
387532,998,1045
387533,999,1049
387534,999,1046
387535,994,1042
387536,992,1040
387537,990,1038
387538,987,1040
387539,989,1044
387540,992,1044
387541,991,1044
387542,987,1043
387543,980,1042
387544,983,1046
387545,984,1048
387546,989,1050
387547,988,1048
387548,987,1046
387549,983,1041
387550,985,1044
387551,987,1045
387552,987,1047
387553,983,1046
387554,983,1042
387555,981,1042
387556,979,1048
387557,984,1046
387558,989,1049
387559,988,1047
387560,989,1044
387561,986,1045
387562,985,1045
387563,988,1048
387564,990,1052
387565,990,1050
387566,992,1048
387567,991,1047
387568,989,1052
387569,996,1053
387570,997,1056
387571,994,1051
387572,995,1049
387573,994,1048
387574,994,1052
387575,998,1054
387576,999,1056
387577,1000,1054
387578,999,1047
387579,994,1041
387580,996,1043
387581,1000,1038
387582,999,1037
387583,1002,1035
387584,1000,1030
387585,999,1031
387586,1001,1029
387587,1003,1033
387588,1006,1034
387589,1006,1031
387590,1002,1028
387591,1000,1025
387592,1004,1025
387593,1004,1027
387594,1009,1026
387595,1010,1022
387596,1011,1015
387597,1008,1014
387598,1011,1013
387599,1013,1015
387600,1015,1017
387601,1015,1015
387602,1015,1011
387603,1015,1010
387604,1016,1007
387605,1017,1011
387606,1025,1013
387607,1024,1011
387608,1028,1009
387609,1026,1008
387610,1026,1011
387611,1028,1016
387612,1033,1019
387613,1032,1019
387614,1030,1019
387615,1034,1019
387616,1035,1022
387617,1039,1024
387618,1041,1026
387619,1041,1025
387620,1037,1023
387621,1031,1024
387622,1032,1030
387623,1032,1034
387624,1038,1040
387625,1038,1040
387626,1032,1038
387627,1029,1038
387628,1024,1040
387629,1027,1040
387630,1028,1043
387631,1024,1041
387632,1021,1039
387633,1015,1040
387634,1013,1042
387635,1016,1045
387636,1015,1047
387637,1013,1046
387638,1009,1047
387639,1003,1044
387640,1002,1047
387641,1001,1052
387642,1005,1052
387643,1006,1051
387644,1003,1047
387645,998,1046
387646,997,1048
387647,999,1052
387648,1005,1054
387649,1006,1055
387650,1001,1050
387651,1002,1049
387652,1000,1048
387653,1004,1048
387654,1004,1047
387655,1003,1045
387656,1005,1044
387657,1004,1046
387658,1004,1046
387659,1007,1046
387660,1008,1047
387661,1010,1046
387662,1007,1042
387663,1005,1041
387664,1006,1042
387665,1006,1044
387666,1009,1046
387667,1010,1045
387668,1009,1043
387669,1007,1040
387670,1007,1043
387671,1007,1048
387672,1009,1049
387673,1007,1050
387674,1004,1048
387675,1007,1046
387676,1004,1048
387677,1008,1049
387678,1010,1049
387679,1009,1046
387680,1013,1044
387681,1008,1044
387682,1009,1044
387683,1010,1046
387684,1014,1049
387685,1013,1049
387686,1011,1045
387687,1006,1041
387688,1007,1040
387689,1010,1044
387690,1011,1044
387691,1012,1042
387692,1008,1044
387693,1006,1043
387694,1006,1046
387695,1006,1052
387696,1008,1056
387697,1009,1051
387698,1006,1047
387699,1006,1046
387700,1010,1045
387701,1011,1045
387702,1013,1045
387703,1010,1040
387704,1008,1039
387705,1003,1037
387706,1004,1038
387707,1008,1042
387708,1008,1045
387709,1008,1042
387710,1006,1040
387711,1001,1039
387712,999,1042
387713,999,1045
387714,1000,1046
387715,998,1042
387716,997,1041
387717,995,1042
387718,997,1046
387719,997,1046
387720,1000,1048
387721,998,1047
387722,998,1047
387723,994,1047
387724,996,1050
387725,997,1052
387726,997,1054
387727,998,1052
387728,1001,1051
387729,998,1048
387730,1000,1050
387731,999,1053
387732,1001,1055
387733,998,1053
387734,994,1052
387735,991,1050
387736,991,1051
387737,994,1054
387738,998,1056
387739,1000,1053
387740,997,1051
387741,996,1052
387742,995,1053
387743,997,1052
387744,999,1053
387745,999,1051
387746,996,1049
387747,995,1046
387748,995,1050
387749,1000,1051
387750,1003,1052
387751,1002,1050
387752,1000,1049
387753,996,1047
387754,994,1048
387755,998,1051
387756,1002,1054
387757,1004,1050
387758,1002,1048
387759,998,1045
387760,998,1045
387761,999,1046
387762,1001,1046
387763,999,1047
387764,997,1045
387765,993,1044
387766,992,1045
387767,996,1047
387768,998,1049
387769,996,1049
387770,994,1044
387771,991,1044
387772,992,1046
387773,993,1049
387774,996,1051
387775,998,1050
387776,995,1048
387777,993,1048
387778,992,1051
387779,996,1052
387780,1001,1055
387781,1002,1050
387782,1001,1049
387783,994,1047
387784,995,1049
387785,995,1053
387786,1000,1056
387787,999,1055
387788,995,1049
387789,994,1048
387790,997,1048
387791,1000,1052
387792,1003,1054
387793,1003,1054
387794,998,1049
387795,995,1050
387796,993,1051
387797,996,1055
387798,1000,1056
387799,999,1054
387800,998,1049
387801,995,1047
387802,995,1049
387803,996,1049
387804,998,1052
387805,998,1050
387806,997,1047
387807,991,1045
387808,995,1049
387809,997,1050
387810,1000,1051
387811,996,1051
387812,997,1046
387813,993,1046
387814,995,1044
387815,995,1048
387816,999,1051
387817,996,1047
387818,992,1045
387819,992,1045
387820,992,1045
387821,993,1050
387822,993,1053
387823,996,1050
387824,998,1049
387825,994,1049
387826,993,1051
387827,994,1053
387828,1000,1055
387829,997,1053
387830,995,1049
387831,993,1049
387832,993,1050
387833,996,1052
387834,999,1053
387835,998,1054
387836,997,1051
387837,993,1051
387838,993,1053
387839,996,1055
387840,998,1055
387841,998,1054
387842,997,1051
387843,993,1052
387844,994,1052
387845,999,1054
387846,999,1053
387847,998,1054
387848,996,1049
387849,994,1045
387850,993,1050
387851,996,1050
387852,996,1052
387853,999,1050
387854,995,1049
387855,995,1047
387856,997,1050
387857,1001,1053
387858,1004,1053
387859,1002,1049
387860,1000,1047
387861,996,1046
387862,993,1047
387863,994,1052
387864,1000,1052
387865,998,1050
387866,998,1049
387867,994,1050
387868,995,1052
387869,995,1054
387870,999,1055
387871,1001,1053
387872,1000,1050
387873,996,1047
387874,1000,1049
387875,998,1051
387876,1001,1052
387877,1002,1049
387878,1002,1046
387879,998,1043
387880,996,1045
387881,998,1046
387882,1002,1049
387883,1000,1048
387884,997,1042
387885,995,1043
387886,998,1045
387887,1002,1046
387888,1005,1049
387889,1002,1047
387890,1000,1043
387891,1000,1041
387892,1000,1044
387893,1003,1046
387894,1004,1048
387895,1003,1045
387896,1000,1045
387897,997,1043
387898,996,1045
387899,998,1047
387900,1004,1045
387901,1008,1040
387902,1011,1035
387903,1018,1031
387904,1035,1030
387905,1054,1032
387906,1076,1033
387907,1101,1028
387908,1127,1020
387909,1155,1008
387910,1186,999
387911,1227,996
387912,1270,998
387913,1311,1002
387914,1334,1012
387915,1330,1028
387916,1301,1046
387917,1248,1055
387918,1185,1058
387919,1123,1064
387920,1061,1070
387921,1009,1075
387922,983,1080
387923,978,1083
387924,985,1079
387925,996,1070
387926,1006,1058
387927,1005,1052
387928,1001,1049
387929,1002,1051
387930,1000,1049
387931,999,1047
387932,994,1044
387933,988,1045
387934,987,1045
387935,987,1048
387936,990,1050
387937,988,1049
387938,984,1047
387939,984,1043
387940,983,1045
387941,982,1049
387942,985,1050
387943,983,1048
387944,983,1045
387945,977,1044
387946,979,1047
387947,981,1049
387948,983,1051
387949,979,1047
387950,981,1049
387951,976,1049
387952,975,1050
387953,978,1052
387954,980,1055
387955,978,1056
387956,977,1053
387957,973,1050
387958,973,1051
387959,977,1056
387960,979,1055
387961,978,1053
387962,976,1050
387963,975,1049
387964,973,1049
387965,976,1052
387966,979,1051
387967,980,1048
387968,979,1046
387969,977,1045
387970,977,1045
387971,979,1046
387972,984,1048
387973,984,1045
387974,981,1042
387975,980,1042
387976,979,1042
387977,981,1047
387978,983,1047
387979,984,1046
387980,983,1041
387981,982,1035
387982,983,1037
387983,985,1039
387984,989,1038
387985,989,1038
387986,988,1032
387987,988,1031
387988,988,1034
387989,992,1035
387990,996,1036
387991,996,1031
387992,995,1029
387993,995,1028
387994,993,1027
387995,996,1028
387996,999,1030
387997,998,1027
387998,998,1028
387999,997,1026
388000,999,1030
388001,999,1029
388002,1003,1031
388003,1003,1029
388004,1002,1028
388005,999,1025
388006,999,1023
388007,1003,1026
388008,1006,1027
388009,1005,1024
388010,1005,1022
388011,1004,1021
388012,1003,1020
388013,1002,1024
388014,1006,1024
388015,1007,1023
388016,1004,1019
388017,1005,1018
388018,1006,1020
388019,1008,1024
388020,1013,1026
388021,1016,1024
388022,1011,1022
388023,1009,1023
388024,1010,1024
388025,1011,1027
388026,1012,1029
388027,1011,1030
388028,1012,1028
388029,1007,1032
388030,1005,1034
388031,1007,1040
388032,1008,1040
388033,1001,1042
388034,999,1038
388035,997,1039
388036,994,1044
388037,995,1045
388038,999,1050
388039,997,1049
388040,996,1050
388041,993,1047
388042,995,1051
388043,997,1050
388044,1000,1050
388045,997,1049
388046,994,1047
388047,988,1044
388048,988,1046
388049,991,1051
388050,991,1050
388051,991,1049
388052,991,1046
388053,989,1047
388054,987,1045
388055,990,1049
388056,995,1048
388057,995,1049
388058,991,1046
388059,989,1041
388060,989,1047
388061,993,1048
388062,995,1048
388063,996,1045
388064,992,1044
388065,988,1041
388066,989,1041
388067,990,1045
388068,993,1045
388069,991,1046
388070,990,1043
388071,987,1041
388072,992,1043
388073,991,1044
388074,993,1044
388075,992,1042
388076,988,1041
388077,988,1037
388078,991,1041
388079,991,1042
388080,996,1042
388081,997,1041
388082,994,1041
388083,993,1041
388084,992,1044
388085,994,1045
388086,996,1047
388087,998,1049
388088,997,1047
388089,992,1048
388090,990,1048
388091,994,1049
388092,997,1049
388093,1002,1045
388094,995,1043
388095,995,1039
388096,993,1041
388097,994,1042
388098,997,1046
388099,999,1045
388100,994,1040
388101,993,1042
388102,992,1042
388103,995,1045
388104,995,1048
388105,996,1045
388106,991,1044
388107,989,1042
388108,989,1044
388109,993,1046
388110,995,1047
388111,990,1045
388112,990,1043
388113,987,1043
388114,989,1044
388115,989,1048
388116,990,1047
388117,990,1045
388118,985,1044
388119,983,1042
388120,980,1045
388121,982,1047
388122,988,1046
388123,986,1047
388124,983,1045
388125,980,1043
388126,983,1045
388127,982,1047
388128,984,1050
388129,984,1048
388130,981,1045
388131,979,1045
388132,980,1046
388133,981,1049
388134,983,1050
388135,981,1051
388136,980,1046
388137,980,1046
388138,980,1049
388139,981,1049
388140,984,1050
388141,986,1045
388142,988,1043
388143,988,1038
388144,988,1041
388145,992,1043
388146,995,1043
388147,994,1045
388148,989,1042
388149,986,1039
388150,985,1043
388151,987,1045
388152,993,1045
388153,991,1042
388154,989,1039
388155,990,1039
388156,988,1041
388157,990,1044
388158,989,1044
388159,990,1043
388160,990,1039
388161,990,1038
388162,988,1040
388163,990,1044
388164,993,1044
388165,991,1043
388166,987,1039
388167,985,1040
388168,984,1040
388169,987,1045
388170,992,1046
388171,991,1045
388172,989,1044
388173,986,1042
388174,984,1044
388175,987,1047
388176,988,1049
388177,989,1048
388178,987,1044
388179,983,1044
388180,984,1047
388181,987,1046
388182,990,1051
388183,990,1048
388184,987,1047
388185,985,1045
388186,983,1050
388187,985,1052
388188,990,1053
388189,990,1051
388190,988,1048
388191,987,1047
388192,988,1045
388193,992,1049
388194,992,1047
388195,993,1043
388196,991,1042
388197,990,1041
388198,988,1044
388199,990,1045
388200,996,1046
388201,997,1044
388202,998,1043
388203,994,1042
388204,991,1045
388205,997,1047
388206,999,1047
388207,996,1045
388208,994,1042
388209,990,1041
388210,990,1043
388211,992,1046
388212,997,1045
388213,995,1042
388214,994,1042
388215,991,1040
388216,993,1043
388217,994,1045
388218,994,1046
388219,992,1044
388220,988,1040
388221,989,1041
388222,990,1044
388223,993,1047
388224,996,1046
388225,997,1045
388226,993,1042
388227,989,1042
388228,987,1040
388229,991,1043
388230,998,1043
388231,1002,1037
388232,1010,1034
388233,1017,1032
388234,1035,1029
388235,1056,1031
388236,1082,1025
388237,1112,1020
388238,1147,1003
388239,1183,991
388240,1225,987
388241,1269,988
388242,1310,997
388243,1333,1011
388244,1335,1022
388245,1308,1037
388246,1268,1043
388247,1216,1048
388248,1160,1053
388249,1101,1061
388250,1041,1067
388251,991,1075
388252,967,1080
388253,968,1083
388254,982,1080
388255,993,1066
388256,999,1052
388257,1000,1046
388258,996,1043
388259,993,1042
388260,994,1042
388261,990,1040
388262,985,1038
388263,980,1037
388264,980,1041
388265,979,1040
388266,982,1043
388267,981,1039
388268,975,1038
388269,972,1038
388270,972,1041
388271,974,1043
388272,975,1046
388273,973,1043
388274,971,1041
388275,967,1041
388276,968,1043
388277,970,1046
388278,972,1049
388279,969,1049
388280,962,1046
388281,964,1045
388282,963,1049
388283,962,1051
388284,970,1050
388285,972,1048
388286,972,1045
388287,969,1041
388288,972,1043
388289,974,1045
388290,977,1046
388291,976,1044
388292,971,1042
388293,968,1040
388294,971,1042
388295,977,1044
388296,982,1045
388297,982,1042
388298,980,1039
388299,978,1039
388300,978,1039
388301,979,1043
388302,985,1045
388303,985,1042
388304,983,1039
388305,980,1036
388306,983,1039
388307,986,1041
388308,989,1041
388309,991,1040
388310,986,1035
388311,984,1035
388312,988,1036
388313,994,1037
388314,995,1036
388315,996,1032
388316,995,1029
388317,995,1027
388318,997,1029
388319,1002,1031
388320,1004,1027
388321,1005,1024
388322,1002,1021
388323,1000,1020
388324,1003,1019
388325,1008,1022
388326,1010,1019
388327,1012,1017
388328,1011,1015
388329,1008,1011
388330,1010,1013
388331,1011,1014
388332,1015,1015
388333,1016,1013
388334,1014,1008
388335,1011,1005
388336,1013,1005
388337,1015,1007
388338,1020,1006
388339,1021,1005
388340,1016,1003
388341,1015,1001
388342,1016,1004
388343,1018,1004
388344,1021,1007
388345,1021,1006
388346,1020,1006
388347,1017,1002
388348,1017,1005
388349,1022,1009
388350,1024,1011
388351,1023,1012
388352,1018,1010
388353,1016,1014
388354,1013,1016
388355,1018,1021
388356,1020,1023
388357,1019,1021
388358,1014,1022
388359,1009,1021
388360,1006,1025
388361,1011,1030
388362,1010,1033
388363,1007,1031
388364,1004,1032
388365,1001,1032
388366,1000,1036
388367,1004,1040
388368,1006,1043
388369,1007,1043
388370,1003,1040
388371,1000,1041
388372,998,1044
388373,998,1049
388374,1003,1049
388375,996,1050
388376,993,1048
388377,990,1047
388378,992,1050
388379,997,1053
388380,1000,1054
388381,999,1050
388382,993,1048
388383,993,1048
388384,990,1050
388385,991,1052
388386,994,1053
388387,992,1051
388388,992,1047
388389,991,1049
388390,992,1051
388391,992,1052
388392,996,1052
388393,995,1048
388394,991,1046
388395,990,1045
388396,988,1048
388397,994,1051
388398,998,1050
388399,996,1050
388400,995,1044
388401,991,1043
388402,994,1045
388403,999,1047
388404,998,1048
388405,999,1043
388406,999,1042
388407,996,1041
388408,997,1042
388409,1003,1045
388410,1005,1046
388411,1005,1041
388412,1003,1037
388413,1001,1036
388414,1001,1036
388415,1001,1038
388416,1007,1039
388417,1009,1035
388418,1004,1034
388419,1004,1034
388420,1005,1038
388421,1005,1040
388422,1007,1039
388423,1006,1040
388424,1004,1035
388425,999,1037
388426,998,1039
388427,1002,1041
388428,1004,1043
388429,1000,1042
388430,997,1042
388431,999,1042
388432,997,1045
388433,996,1046
388434,1000,1046
388435,1000,1047
388436,998,1043
388437,995,1042
388438,994,1045
388439,999,1049
388440,1004,1049
388441,1000,1047
388442,996,1046
388443,995,1044
388444,994,1046
388445,997,1048
388446,998,1048
388447,999,1045
388448,996,1042
388449,992,1042
388450,995,1042
388451,997,1042
388452,997,1047
388453,994,1047
388454,995,1042
388455,990,1042
388456,991,1043
388457,994,1045
388458,1001,1043
388459,1000,1040
388460,998,1037
388461,994,1036
388462,995,1037
388463,1000,1038
388464,1002,1039
388465,1003,1037
388466,1003,1034
388467,1001,1035
388468,1001,1038
388469,1004,1040
388470,1006,1039
388471,1003,1039
388472,1000,1035
388473,997,1038
388474,996,1039
388475,998,1043
388476,1000,1044
388477,1001,1044
388478,998,1042
388479,994,1040
388480,995,1043
388481,997,1046
388482,1000,1044
388483,1002,1044
388484,999,1042
388485,996,1041
388486,998,1044
388487,999,1046
388488,1006,1046
388489,1004,1041
388490,1001,1038
388491,1003,1034
388492,1013,1034
388493,1025,1036
388494,1038,1032
388495,1049,1030
388496,1070,1023
388497,1097,1021
388498,1133,1012
388499,1174,1006
388500,1216,994
388501,1258,984
388502,1298,984
388503,1325,993
388504,1340,1012
388505,1321,1032
388506,1275,1037
388507,1209,1036
388508,1140,1042
388509,1071,1054
388510,1008,1072
388511,970,1086
388512,963,1091
388513,973,1087
388514,984,1072
388515,992,1061
388516,998,1051
388517,1000,1052
388518,1003,1045
388519,1000,1043
388520,993,1041
388521,991,1041
388522,987,1042
388523,989,1043
388524,990,1044
388525,988,1044
388526,987,1039
388527,983,1041
388528,985,1044
388529,986,1047
388530,985,1047
388531,982,1048
388532,978,1045
388533,976,1044
388534,979,1046
388535,982,1048
388536,987,1048
388537,982,1045
388538,981,1043
388539,980,1043
388540,978,1045
388541,981,1048
388542,983,1048
388543,983,1044
388544,981,1041
388545,979,1040
388546,977,1040
388547,977,1042
388548,981,1042
388549,981,1038
388550,982,1033
388551,977,1031
388552,978,1033
388553,978,1034
388554,984,1034
388555,983,1030
388556,982,1027
388557,977,1027
388558,980,1029
388559,982,1030
388560,985,1030
388561,985,1029
388562,986,1025
388563,983,1025
388564,986,1025
388565,991,1026
388566,994,1024
388567,992,1023
388568,992,1019
388569,988,1017
388570,989,1015
388571,994,1018
388572,996,1016
388573,998,1014
388574,999,1010
388575,1002,1009
388576,1004,1011
388577,1007,1009
388578,1007,1009
388579,1008,1006
388580,1007,1002
388581,1006,1000
388582,1009,1000
388583,1013,1002
388584,1016,1003
388585,1014,1000
388586,1015,995
388587,1011,994
388588,1013,992
388589,1014,996
388590,1022,996
388591,1020,996
388592,1019,994
388593,1018,994
388594,1020,996
388595,1024,997
388596,1025,998
388597,1024,996
388598,1020,995
388599,1017,997
388600,1019,1001
388601,1021,1004
388602,1025,1004
388603,1024,1005
388604,1019,1003
388605,1016,1005
388606,1016,1009
388607,1016,1012
388608,1016,1015
388609,1014,1018
388610,1010,1017
388611,1009,1019
388612,1006,1023
388613,1006,1028
388614,1008,1030
388615,1005,1031
388616,997,1027
388617,992,1029
388618,992,1030
388619,992,1036
388620,994,1036
388621,992,1035
388622,991,1033
388623,986,1032
388624,989,1037
388625,991,1037
388626,991,1037
388627,992,1038
388628,990,1035
388629,986,1034
388630,988,1037
388631,990,1041
388632,994,1041
388633,992,1040
388634,991,1036
388635,988,1040
388636,989,1039
388637,992,1041
388638,992,1042
388639,994,1041
388640,993,1035
388641,994,1034
388642,995,1038
388643,997,1041
388644,1000,1039
388645,997,1036
388646,994,1033
388647,992,1033
388648,993,1036
388649,994,1039
388650,995,1041
388651,998,1038
388652,996,1036
388653,993,1034
388654,992,1035
388655,992,1038
388656,995,1038
388657,994,1036
388658,991,1032
388659,988,1035
388660,989,1033
388661,992,1036
388662,996,1039
388663,993,1037
388664,993,1032
388665,990,1032
388666,989,1034
388667,993,1035
388668,993,1037
388669,993,1033
388670,990,1030
388671,990,1031
388672,990,1031
388673,992,1035
388674,993,1034
388675,994,1032
388676,993,1032
388677,992,1032
388678,990,1032
388679,993,1036
388680,995,1038
388681,996,1034
388682,993,1031
388683,992,1033
388684,994,1034
388685,993,1040
388686,994,1037
388687,991,1037
388688,990,1034
388689,985,1037
388690,986,1037
388691,988,1041
388692,989,1040
388693,991,1039
388694,991,1034
388695,987,1034
388696,989,1039
388697,992,1042
388698,994,1043
388699,993,1040
388700,991,1037
388701,990,1037
388702,993,1038
388703,995,1042
388704,992,1043
388705,990,1039
388706,988,1036
388707,987,1038
388708,987,1038
388709,989,1042
388710,992,1043
388711,990,1038
388712,989,1034
388713,986,1036
388714,988,1036
388715,989,1039
388716,992,1037
388717,992,1033
388718,988,1029
388719,992,1027
388720,996,1027
388721,1008,1025
388722,1023,1026
388723,1037,1019
388724,1050,1015
388725,1074,1010
388726,1112,1006
388727,1152,998
388728,1194,988
388729,1237,982
388730,1277,981
388731,1308,991
388732,1322,1014
388733,1306,1032
388734,1267,1036
388735,1204,1036
388736,1133,1039
388737,1063,1053
388738,998,1068
388739,960,1075
388740,952,1077
388741,963,1074
388742,974,1059
388743,981,1050
388744,986,1048
388745,986,1043
388746,983,1042
388747,985,1038
388748,979,1037
388749,975,1034
388750,976,1039
388751,977,1040
388752,977,1044
388753,974,1042
388754,971,1039
388755,970,1037
388756,970,1041
388757,971,1046
388758,971,1045
388759,972,1042
388760,969,1041
388761,968,1038
388762,966,1043
388763,967,1043
388764,969,1043
388765,968,1041
388766,968,1035
388767,964,1034
388768,965,1034
388769,968,1036
388770,969,1035
388771,966,1031
388772,964,1029
388773,962,1026
388774,962,1029
388775,965,1035
388776,968,1033
388777,967,1032
388778,965,1027
388779,965,1028
388780,966,1029
388781,966,1030
388782,967,1027
388783,968,1030
388784,966,1025
388785,962,1026
388786,962,1027
388787,968,1030
388788,971,1030
388789,971,1028
388790,970,1028
388791,969,1025
388792,968,1026
388793,970,1027
388794,975,1026
388795,972,1023
388796,972,1022
388797,971,1017
388798,975,1020
388799,977,1024
388800,982,1020
388801,981,1017
388802,981,1012
388803,981,1010
388804,980,1010
388805,985,1009
388806,987,1009
388807,990,1004
388808,988,1001
388809,987,999
388810,989,997
388811,992,999
388812,998,996
388813,997,993
388814,996,990
388815,995,990
388816,996,991
388817,1000,992
388818,1004,991
388819,1005,989
388820,1003,986
388821,1005,986
388822,1005,985
388823,1004,988
388824,1011,988
388825,1005,987
388826,1006,985
388827,1004,989
388828,1006,989
388829,1009,996
388830,1012,996
388831,1012,995
388832,1007,993
388833,1004,996
388834,1002,1001
388835,1007,1006
388836,1008,1009
388837,1006,1009
388838,1002,1011
388839,998,1013
388840,995,1020
388841,991,1024
388842,987,1025
388843,988,1026
388844,985,1026
388845,979,1027
388846,977,1028
388847,977,1030
388848,978,1033
388849,978,1032
388850,975,1031
388851,970,1033
388852,971,1035
388853,972,1039
388854,974,1040
388855,971,1038
388856,970,1036
388857,968,1037
388858,968,1037
388859,970,1042
388860,972,1040
388861,972,1038
388862,970,1037
388863,965,1037
388864,966,1041
388865,971,1041
388866,976,1040
388867,975,1035
388868,971,1032
388869,971,1032
388870,973,1033
388871,975,1036
388872,977,1036
388873,974,1034
388874,976,1032
388875,975,1031
388876,978,1032
388877,981,1036
388878,985,1033
388879,986,1033
388880,983,1029
388881,983,1029
388882,983,1031
388883,984,1033
388884,988,1032
388885,985,1030
388886,983,1027
388887,979,1026
388888,981,1027
388889,979,1030
388890,979,1031
388891,977,1030
388892,975,1027
388893,972,1026
388894,970,1029
388895,975,1032
388896,978,1033
388897,979,1031
388898,975,1029
388899,971,1030
388900,971,1032
388901,971,1033
388902,975,1034
388903,973,1031
388904,973,1028
388905,971,1029
388906,973,1031
388907,975,1034
388908,980,1035
388909,978,1033
388910,974,1030
388911,970,1031
388912,970,1032
388913,973,1035
388914,976,1035
388915,977,1034
388916,968,1031
388917,966,1033
388918,970,1035
388919,971,1038
388920,973,1036
388921,971,1035
388922,971,1033
388923,970,1033
388924,972,1033
388925,974,1033
388926,976,1032
388927,976,1027
388928,969,1026
388929,968,1024
388930,971,1026
388931,972,1027
388932,973,1030
388933,972,1028
388934,971,1026
388935,970,1023
388936,968,1026
388937,972,1032
388938,975,1030
388939,973,1029
388940,969,1027
388941,967,1025
388942,968,1029
388943,971,1031
388944,974,1033
388945,973,1030
388946,970,1025
388947,968,1025
388948,969,1025
388949,973,1031
388950,977,1031
388951,974,1030
388952,972,1027
388953,970,1027
388954,972,1028
388955,975,1032
388956,978,1030
388957,977,1029
388958,976,1026
388959,973,1024
388960,977,1023
388961,984,1026
388962,988,1025
388963,993,1018
388964,1002,1016
388965,1009,1013
388966,1026,1013
388967,1051,1015
388968,1080,1011
388969,1114,996
388970,1154,981
388971,1193,974
388972,1237,977
388973,1276,986
388974,1299,1003
388975,1294,1021
388976,1260,1030
388977,1201,1034
388978,1135,1042
388979,1074,1056
388980,1017,1071
388981,964,1079
388982,941,1083
388983,940,1083
388984,955,1073
388985,969,1065
388986,976,1052
388987,976,1044
388988,971,1035
388989,966,1034
388990,965,1035
388991,961,1038
388992,965,1039
388993,961,1036
388994,954,1032
388995,951,1030
388996,950,1033
388997,951,1033
388998,952,1034
388999,953,1032
389000,948,1031
389001,950,1031
389002,951,1032
389003,952,1031
389004,952,1032
389005,951,1030
389006,950,1025
389007,946,1023
389008,947,1026
389009,952,1027
389010,954,1027
389011,955,1023
389012,952,1020
389013,947,1022
389014,948,1023
389015,951,1024
389016,953,1024
389017,951,1021
389018,947,1020
389019,945,1022
389020,947,1023
389021,952,1023
389022,956,1022
389023,954,1022
389024,953,1019
389025,949,1018
389026,950,1020
389027,952,1022
389028,958,1020
389029,956,1017
389030,956,1016
389031,956,1016
389032,959,1017
389033,957,1020
389034,961,1018
389035,959,1017
389036,958,1015
389037,957,1014
389038,959,1014
389039,966,1018
389040,966,1016
389041,965,1013
389042,967,1008
389043,966,1008
389044,969,1009
389045,972,1011
389046,974,1009
389047,973,1009
389048,973,1005
389049,971,1002
389050,976,1005
389051,980,1009
389052,982,1007
389053,980,1002
389054,978,997
389055,974,994
389056,975,996
389057,979,998
389058,983,995
389059,984,992
389060,981,987
389061,984,988
389062,983,991
389063,988,991
389064,991,993
389065,992,993
389066,990,987
389067,989,988
389068,992,993
389069,994,995
389070,998,993
389071,997,994
389072,996,991
389073,994,994
389074,993,999
389075,994,1001
389076,995,1004
389077,993,1003
389078,992,1002
389079,991,1006
389080,988,1010
389081,989,1014
389082,992,1016
389083,990,1018
389084,985,1016
389085,981,1020
389086,979,1024
389087,979,1029
389088,982,1030
389089,982,1028
389090,977,1026
389091,977,1028
389092,974,1030
389093,975,1034
389094,977,1033
389095,974,1032
389096,973,1029
389097,969,1032
389098,967,1036
389099,973,1041
389100,977,1038
389101,974,1039
389102,971,1036
389103,972,1035
389104,971,1038
389105,971,1038
389106,975,1040
389107,976,1033
389108,970,1031
389109,969,1031
389110,971,1034
389111,975,1034
389112,979,1035
389113,979,1035
389114,973,1029
389115,971,1030
389116,974,1030
389117,978,1033
389118,978,1033
389119,981,1029
389120,980,1027
389121,979,1026
389122,981,1028
389123,984,1031
389124,988,1029
389125,990,1027
389126,994,1026
389127,997,1030
389128,1002,1030
389129,1008,1035
389130,1012,1037
389131,1013,1038
389132,1016,1035
389133,1019,1036
389134,1030,1034
389135,1046,1033
389136,1062,1018
389137,1074,999
389138,1083,983
389139,1097,972
389140,1114,960
389141,1132,948
389142,1147,936
389143,1164,916
389144,1177,890
389145,1194,869
389146,1211,853
389147,1228,846
389148,1243,833
389149,1252,818
389150,1253,810
389151,1251,808
389152,1250,810
389153,1246,817
389154,1245,813
389155,1235,812
389156,1218,813
389157,1201,816
389158,1180,821
389159,1165,831
389160,1144,837
389161,1117,845
389162,1089,853
389163,1064,866
389164,1056,880
389165,1050,897
389166,1049,910
389167,1045,917
389168,1038,926
389169,1029,935
389170,1034,945
389171,1040,951
389172,1056,959
389173,1076,965
389174,1089,963
389175,1093,970
389176,1075,975
389177,1039,986
389178,996,996
389179,958,1009
389180,935,1024
389181,928,1041
389182,926,1058
389183,925,1072
389184,922,1077
389185,918,1079
389186,912,1082
389187,906,1085
389188,905,1091
389189,904,1098
389190,904,1098
389191,898,1102
389192,895,1102
389193,889,1104
389194,890,1107
389195,886,1112
389196,889,1114
389197,889,1114
389198,884,1115
389199,880,1116
389200,878,1118
389201,877,1122
389202,877,1126
389203,878,1125
389204,875,1125
389205,873,1126
389206,870,1130
389207,871,1134
389208,871,1135
389209,870,1136
389210,866,1136
389211,861,1138
389212,860,1141
389213,861,1145
389214,864,1150
389215,856,1150
389216,855,1146
389217,854,1155
389218,852,1159
389219,854,1163
389220,859,1166
389221,857,1166
389222,859,1167
389223,859,1171
389224,861,1176
389225,864,1180
389226,870,1183
389227,869,1182
389228,868,1186
389229,866,1186
389230,872,1189
389231,876,1195
389232,879,1194
389233,881,1192
389234,879,1189
389235,884,1190
389236,889,1187
389237,894,1189
389238,901,1185
389239,902,1180
389240,901,1174
389241,902,1172
389242,908,1168
389243,911,1166
389244,918,1161
389245,927,1154
389246,925,1147
389247,926,1139
389248,930,1137
389249,936,1136
389250,943,1127
389251,942,1121
389252,945,1114
389253,945,1107
389254,947,1105
389255,955,1100
389256,956,1096
389257,957,1089
389258,954,1080
389259,957,1077
389260,957,1076
389261,962,1076
389262,963,1072
389263,962,1067
389264,960,1062
389265,956,1059
389266,957,1058
389267,961,1059
389268,962,1058
389269,963,1053
389270,961,1048
389271,961,1043
389272,962,1044
389273,965,1041
389274,966,1039
389275,965,1039
389276,966,1033
389277,964,1033
389278,962,1035
389279,965,1036
389280,966,1034
389281,964,1033
389282,965,1031
389283,960,1033
389284,961,1037
389285,962,1038
389286,966,1036
389287,966,1033
389288,964,1029
389289,960,1030
389290,961,1032
389291,964,1037
389292,966,1036
389293,965,1033
389294,962,1032
389295,961,1032
389296,963,1034
389297,965,1037
389298,969,1038
389299,971,1033
389300,966,1035
389301,964,1033
389302,965,1037
389303,970,1039
389304,971,1040
389305,971,1035
389306,970,1035
389307,968,1035
389308,970,1041
389309,975,1040
389310,975,1042
389311,975,1037
389312,972,1033
389313,971,1032
389314,972,1035
389315,971,1035
389316,975,1035
389317,975,1031
389318,973,1029
389319,969,1026
389320,969,1030
389321,971,1031
389322,975,1028
389323,974,1028
389324,972,1025
389325,969,1026
389326,972,1028
389327,975,1029
389328,977,1029
389329,977,1027
389330,972,1026
389331,969,1025
389332,965,1028
389333,971,1032
389334,973,1028
389335,972,1030
389336,969,1024
389337,969,1026
389338,969,1029
389339,970,1031
389340,970,1031
389341,970,1031
389342,968,1026
389343,965,1029
389344,969,1032
389345,968,1035
389346,972,1033
389347,969,1033
389348,968,1028
389349,964,1033
389350,966,1033
389351,970,1037
389352,970,1035
389353,970,1036
389354,969,1037
389355,969,1037
389356,970,1041
389357,974,1045
389358,978,1044
389359,976,1040
389360,975,1039
389361,971,1036
389362,975,1033
389363,979,1033
389364,981,1029
389365,980,1028
389366,978,1021
389367,974,1024
389368,971,1023
389369,975,1025
389370,979,1023
389371,977,1022
389372,973,1019
389373,975,1019
389374,978,1021
389375,978,1024
389376,978,1024
389377,979,1022
389378,976,1020
389379,975,1020
389380,978,1022
389381,978,1026
389382,981,1023
389383,982,1021
389384,978,1022
389385,977,1019
389386,977,1022
389387,979,1025
389388,979,1025
389389,977,1025
389390,977,1021
389391,972,1021
389392,975,1025
389393,978,1027
389394,980,1028
389395,978,1026
389396,975,1025
389397,973,1027
389398,975,1028
389399,975,1033
389400,977,1032
389401,977,1031
389402,975,1030
389403,972,1028
389404,975,1032
389405,975,1036
389406,978,1035
389407,972,1037
389408,972,1035
389409,969,1038
389410,971,1040
389411,975,1045
389412,979,1043
389413,980,1042
389414,979,1037
389415,976,1031
389416,976,1033
389417,976,1033
389418,980,1031
389419,979,1028
389420,976,1023
389421,977,1023
389422,977,1026
389423,981,1026
389424,985,1025
389425,981,1024
389426,978,1021
389427,976,1022
389428,977,1025
389429,981,1027
389430,982,1027
389431,982,1022
389432,979,1023
389433,975,1021
389434,974,1025
389435,976,1025
389436,979,1024
389437,978,1026
389438,975,1023
389439,971,1025
389440,972,1027
389441,978,1032
389442,982,1031
389443,980,1029
389444,976,1027
389445,973,1028
389446,977,1029
389447,980,1032
389448,981,1032
389449,980,1028
389450,978,1028
389451,978,1028
389452,979,1029
389453,983,1033
389454,983,1032
389455,981,1030
389456,978,1028
389457,976,1030
389458,979,1033
389459,984,1034
389460,984,1038
389461,985,1037
389462,985,1036
389463,984,1037
389464,985,1038
389465,989,1038
389466,991,1034
389467,990,1033
389468,988,1028
389469,985,1025
389470,993,1023
389471,1004,1022
389472,1014,1017
389473,1032,1017
389474,1047,1010
389475,1068,1007
389476,1094,1004
389477,1126,999
389478,1162,985
389479,1195,974
389480,1230,966
389481,1261,968
389482,1287,980
389483,1301,998
389484,1288,1016
389485,1245,1022
389486,1187,1023
389487,1132,1031
389488,1081,1040
389489,1035,1051
389490,1000,1058
389491,982,1058
389492,972,1055
389493,979,1048
389494,988,1042
389495,999,1035
389496,999,1027
389497,993,1024
389498,986,1025
389499,979,1024
389500,979,1025
389501,980,1030
389502,979,1029
389503,975,1027
389504,969,1027
389505,966,1026
389506,967,1028
389507,967,1035
389508,968,1034
389509,968,1034
389510,963,1032
389511,959,1031
389512,961,1034
389513,964,1034
389514,964,1033
389515,961,1031
389516,958,1030
389517,959,1032
389518,960,1034
389519,961,1036
389520,964,1036
389521,962,1033
389522,961,1029
389523,959,1030
389524,962,1032
389525,964,1033
389526,967,1031
389527,967,1031
389528,964,1027
389529,962,1027
389530,962,1026
389531,966,1029
389532,970,1027
389533,970,1028
389534,968,1023
389535,965,1022
389536,964,1025
389537,969,1027
389538,973,1028
389539,972,1026
389540,969,1021
389541,966,1020
389542,971,1023
389543,974,1024
389544,980,1023
389545,980,1022
389546,976,1019
389547,977,1018
389548,977,1019
389549,979,1025
389550,982,1022
389551,984,1020
389552,980,1016
389553,980,1016
389554,981,1013
389555,982,1014
389556,985,1014
389557,985,1010
389558,982,1004
389559,982,1004
389560,986,1006
389561,987,1004
389562,992,1004
389563,989,1001
389564,989,998
389565,985,999
389566,989,999
389567,993,999
389568,996,998
389569,995,999
389570,997,996
389571,995,995
389572,1000,998
389573,1001,998
389574,1004,1000
389575,1003,996
389576,1004,993
389577,1004,995
389578,1008,995
389579,1010,997
389580,1015,995
389581,1019,994
389582,1018,991
389583,1016,992
389584,1017,995
389585,1020,999
389586,1024,999
389587,1023,1001
389588,1017,997
389589,1019,998
389590,1022,1003
389591,1023,1009
389592,1028,1007
389593,1021,1006
389594,1015,1004
389595,1015,1005
389596,1011,1010
389597,1012,1015
389598,1011,1014
389599,1009,1016
389600,1004,1016
389601,1000,1017
389602,997,1020
389603,997,1022
389604,996,1022
389605,993,1022
389606,989,1020
389607,989,1021
389608,987,1022
389609,988,1026
389610,989,1028
389611,986,1025
389612,980,1021
389613,980,1026
389614,980,1028
389615,981,1028
389616,986,1028
389617,985,1025
389618,981,1024
389619,980,1027
389620,980,1030
389621,983,1031
389622,985,1031
389623,982,1031
389624,984,1029
389625,982,1031
389626,984,1032
389627,987,1037
389628,991,1033
389629,991,1032
389630,987,1031
389631,984,1033
389632,984,1032
389633,987,1033
389634,987,1029
389635,989,1026
389636,985,1022
389637,984,1023
389638,985,1022
389639,989,1026
389640,994,1024
389641,991,1023
389642,989,1021
389643,985,1022
389644,988,1024
389645,989,1026
389646,990,1023
389647,989,1023
389648,988,1019
389649,988,1018
389650,988,1020
389651,992,1024
389652,993,1021
389653,992,1019
389654,990,1017
389655,989,1019
389656,985,1020
389657,989,1022
389658,989,1020
389659,988,1019
389660,988,1018
389661,986,1017
389662,988,1018
389663,990,1023
389664,991,1022
389665,988,1018
389666,986,1017
389667,981,1017
389668,984,1021
389669,985,1023
389670,984,1024
389671,983,1025
389672,980,1023
389673,976,1025
389674,978,1028
389675,983,1029
389676,982,1029
389677,982,1026
389678,979,1024
389679,979,1023
389680,981,1024
389681,983,1027
389682,985,1027
389683,982,1026
389684,980,1021
389685,978,1024
389686,978,1024
389687,983,1027
389688,985,1026
389689,986,1024
389690,982,1020
389691,981,1018
389692,983,1019
389693,988,1018
389694,999,1017
389695,1006,1015
389696,1017,1007
389697,1025,1006
389698,1052,1007
389699,1083,1006
389700,1116,1002
389701,1152,990
389702,1189,981
389703,1230,982
389704,1267,992
389705,1297,1011
389706,1305,1033
389707,1291,1047
389708,1250,1046
389709,1196,1046
389710,1139,1054
389711,1082,1068
389712,1024,1078
389713,976,1083
389714,949,1078
389715,952,1074
389716,962,1065
389717,975,1054
389718,983,1044
389719,981,1038
389720,976,1031
389721,973,1035
389722,972,1037
389723,968,1041
389724,968,1041
389725,964,1040
389726,960,1035
389727,958,1034
389728,960,1033
389729,959,1034
389730,958,1031
389731,959,1024
389732,955,1022
389733,951,1021
389734,951,1022
389735,954,1027
389736,955,1024
389737,953,1023
389738,949,1020
389739,949,1021
389740,949,1023
389741,951,1026
389742,951,1025
389743,950,1023
389744,947,1021
389745,943,1021
389746,946,1025
389747,949,1026
389748,950,1023
389749,951,1020
389750,950,1019
389751,946,1020
389752,950,1021
389753,951,1023
389754,956,1024
389755,955,1022
389756,951,1019
389757,946,1019
389758,952,1021
389759,957,1022
389760,959,1021
389761,957,1019
389762,957,1013
389763,957,1017
389764,959,1018
389765,961,1021
389766,964,1019
389767,962,1017
389768,961,1014
389769,962,1011
389770,966,1012
389771,967,1014
389772,968,1012
389773,968,1009
389774,970,1006
389775,968,1003
389776,970,1004
389777,975,1004
389778,978,1001
389779,975,998
389780,975,996
389781,974,994
389782,978,996
389783,981,996
389784,981,994
389785,975,992
389786,975,986
389787,973,984
389788,978,986
389789,982,984
389790,985,984
389791,984,980
389792,978,976
389793,977,978
389794,979,981
389795,980,981
389796,981,981
389797,983,979
389798,979,975
389799,978,975
389800,982,979
389801,986,981
389802,990,983
389803,989,979
389804,987,979
389805,986,982
389806,985,985
389807,988,990
389808,993,992
389809,994,989
389810,990,989
389811,989,992
389812,990,999
389813,993,1005
389814,993,1006
389815,992,1005
389816,988,1005
389817,988,1008
389818,983,1013
389819,987,1019
389820,990,1020
389821,989,1021
389822,986,1019
389823,983,1023
389824,983,1026
389825,983,1031
389826,983,1029
389827,981,1031
389828,976,1029
389829,974,1032
389830,973,1031
389831,976,1033
389832,978,1030
389833,975,1027
389834,971,1025
389835,970,1028
389836,969,1029
389837,972,1033
389838,973,1031
389839,975,1027
389840,970,1027
389841,969,1023
389842,968,1026
389843,970,1029
389844,972,1029
389845,970,1026
389846,967,1024
389847,967,1027
389848,966,1027
389849,970,1031
389850,973,1029
389851,973,1027
389852,971,1025
389853,973,1025
389854,974,1029
389855,975,1030
389856,980,1030
389857,979,1027
389858,978,1025
389859,976,1025
389860,977,1028
389861,980,1029
389862,982,1029
389863,980,1026
389864,979,1024
389865,977,1025
389866,978,1027
389867,978,1026
389868,981,1030
389869,977,1027
389870,977,1023
389871,975,1023
389872,978,1026
389873,980,1030
389874,981,1026
389875,979,1026
389876,974,1024
389877,974,1026
389878,975,1029
389879,978,1031
389880,977,1031
389881,976,1028
389882,977,1028
389883,977,1028
389884,978,1028
389885,975,1032
389886,980,1030
389887,977,1027
389888,976,1024
389889,974,1023
389890,975,1026
389891,978,1028
389892,980,1028
389893,980,1024
389894,975,1024
389895,972,1025
389896,975,1028
389897,977,1028
389898,979,1030
389899,980,1027
389900,976,1023
389901,974,1026
389902,976,1028
389903,980,1031
389904,982,1029
389905,980,1029
389906,979,1025
389907,977,1026
389908,979,1028
389909,981,1031
389910,981,1028
389911,982,1027
389912,978,1023
389913,979,1027
389914,981,1028
389915,981,1032
389916,985,1030
389917,983,1031
389918,979,1029
389919,975,1029
389920,975,1031
389921,976,1033
389922,978,1032
389923,979,1030
389924,976,1026
389925,975,1029
389926,977,1031
389927,981,1032
389928,982,1029
389929,982,1028
389930,978,1026
389931,975,1025
389932,977,1028
389933,979,1028
389934,979,1029
389935,978,1026
389936,976,1024
389937,977,1026
389938,978,1028
389939,980,1028
389940,982,1029
389941,982,1027
389942,979,1026
389943,976,1024
389944,981,1026
389945,983,1027
389946,989,1023
389947,991,1020
389948,997,1017
389949,1004,1014
389950,1014,1015
389951,1032,1012
389952,1053,1012
389953,1076,1007
389954,1102,1000
389955,1133,989
389956,1168,983
389957,1207,978
389958,1243,973
389959,1274,978
389960,1289,991
389961,1282,1014
389962,1251,1030
389963,1202,1035
389964,1143,1037
389965,1077,1045
389966,1017,1059
389967,968,1071
389968,947,1082
389969,950,1086
389970,961,1079
389971,968,1065
389972,972,1052
389973,974,1044
389974,977,1040
389975,974,1039
389976,974,1036
389977,970,1033
389978,964,1029
389979,958,1028
389980,960,1029
389981,958,1031
389982,961,1031
389983,959,1028
389984,957,1025
389985,955,1029
389986,955,1031
389987,959,1033
389988,959,1033
389989,955,1030
389990,953,1026
389991,948,1027
389992,949,1029
389993,952,1033
389994,957,1030
389995,955,1030
389996,953,1028
389997,952,1028
389998,957,1030
389999,961,1033
390000,962,1033
390001,960,1029
390002,957,1030
390003,955,1029
390004,956,1032
390005,958,1032
390006,962,1028
390007,958,1028
390008,958,1025
390009,956,1025
390010,960,1025
390011,960,1027
390012,962,1026
390013,961,1026
390014,958,1023
390015,957,1023
390016,959,1023
390017,961,1022
390018,964,1020
390019,963,1018
390020,962,1016
390021,958,1014
390022,958,1015
390023,964,1017
390024,965,1015
390025,965,1013
390026,964,1011
390027,966,1006
390028,966,1009
390029,969,1010
390030,970,1008
390031,970,1008
390032,966,1004
390033,966,1003
390034,969,1004
390035,970,1006
390036,972,1001
390037,974,999
390038,973,995
390039,972,994
390040,974,995
390041,977,995
390042,981,994
390043,977,989
390044,976,987
390045,973,987
390046,975,986
390047,979,989
390048,984,986
390049,983,987
390050,983,983
390051,980,982
390052,984,984
390053,989,987
390054,990,985
390055,992,986
390056,991,985
390057,990,988
390058,992,991
390059,996,996
390060,1002,996
390061,1000,995
390062,997,992
390063,996,995
390064,997,1000
390065,1000,1004
390066,999,1004
390067,996,1005
390068,996,1005
390069,993,1007
390070,993,1011
390071,992,1017
390072,994,1019
390073,990,1015
390074,985,1017
390075,984,1019
390076,984,1023
390077,983,1026
390078,982,1027
390079,980,1026
390080,977,1024
390081,974,1027
390082,974,1030
390083,974,1034
390084,977,1031
390085,977,1030
390086,972,1028
390087,971,1030
390088,973,1032
390089,973,1036
390090,972,1036
390091,971,1032
390092,969,1030
390093,967,1032
390094,967,1035
390095,969,1037
390096,969,1038
390097,972,1037
390098,973,1033
390099,974,1034
390100,979,1037
390101,985,1038
390102,993,1040
390103,999,1037
390104,1001,1036
390105,1006,1040
390106,1013,1043
390107,1020,1048
390108,1034,1044
390109,1044,1036
390110,1053,1023
390111,1064,1010
390112,1078,995
390113,1097,984
390114,1112,968
390115,1126,952
390116,1138,936
390117,1154,921
390118,1173,905
390119,1196,892
390120,1219,868
390121,1235,847
390122,1248,829
390123,1257,819
390124,1264,810
390125,1265,811
390126,1265,813
390127,1258,810
390128,1250,811
390129,1241,810
390130,1231,811
390131,1209,813
390132,1188,818
390133,1162,820
390134,1135,828
390135,1105,838
390136,1081,853
390137,1062,866
390138,1048,880
390139,1036,889
390140,1028,903
390141,1025,919
390142,1022,935
390143,1019,948
390144,1017,957
390145,1015,963
390146,1023,970
390147,1034,978
390148,1051,984
390149,1065,992
390150,1072,991
390151,1061,993
390152,1037,993
390153,995,1003
390154,962,1015
390155,939,1031
390156,931,1048
390157,920,1056
390158,916,1067
390159,913,1076
390160,910,1081
390161,907,1084
390162,903,1085
390163,898,1088
390164,895,1087
390165,886,1088
390166,882,1093
390167,881,1096
390168,882,1098
390169,876,1098
390170,871,1097
390171,869,1100
390172,869,1107
390173,868,1108
390174,870,1113
390175,866,1112
390176,859,1108
390177,861,1111
390178,861,1117
390179,862,1121
390180,862,1121
390181,858,1118
390182,853,1118
390183,851,1123
390184,851,1127
390185,854,1132
390186,857,1132
390187,853,1134
390188,850,1136
390189,849,1137
390190,848,1140
390191,851,1146
390192,851,1146
390193,848,1147
390194,848,1145
390195,848,1148
390196,850,1155
390197,853,1161
390198,856,1162
390199,855,1161
390200,853,1161
390201,852,1164
390202,854,1167
390203,856,1170
390204,859,1172
390205,862,1170
390206,860,1167
390207,861,1169
390208,863,1173
390209,866,1175
390210,868,1176
390211,866,1174
390212,865,1171
390213,871,1171
390214,874,1172
390215,879,1173
390216,883,1169
390217,886,1166
390218,889,1161
390219,890,1161
390220,894,1159
390221,902,1162
390222,906,1156
390223,905,1150
390224,906,1146
390225,911,1143
390226,914,1141
390227,917,1141
390228,924,1136
390229,925,1129
390230,929,1120
390231,929,1116
390232,932,1111
390233,937,1111
390234,939,1105
390235,940,1101
390236,936,1092
390237,935,1089
390238,939,1088
390239,944,1085
390240,948,1083
390241,947,1077
390242,946,1071
390243,943,1070
390244,943,1067
390245,946,1067
390246,950,1063
390247,949,1058
390248,947,1054
390249,949,1053
390250,948,1048
390251,954,1048
390252,958,1045
390253,956,1042
390254,953,1040
390255,950,1038
390256,951,1039
390257,957,1039
390258,958,1039
390259,958,1035
390260,957,1034
390261,956,1036
390262,958,1036
390263,959,1038
390264,962,1037
390265,958,1036
390266,958,1034
390267,957,1034
390268,959,1038
390269,961,1040
390270,965,1038
390271,966,1036
390272,960,1033
390273,960,1033
390274,962,1034
390275,966,1037
390276,967,1037
390277,965,1037
390278,961,1033
390279,958,1036
390280,960,1038
390281,963,1040
390282,965,1039
390283,962,1039
390284,960,1033
390285,960,1035
390286,959,1039
390287,964,1042
390288,968,1040
390289,962,1035
390290,961,1034
390291,962,1034
390292,963,1036
390293,966,1037
390294,968,1038
390295,965,1035
390296,960,1034
390297,959,1033
390298,964,1036
390299,968,1037
390300,968,1037
390301,969,1032
390302,965,1033
390303,965,1031
390304,962,1036
390305,963,1038
390306,967,1037
390307,963,1035
390308,960,1032
390309,960,1035
390310,961,1037
390311,965,1037
390312,968,1037
390313,965,1035
390314,965,1035
390315,963,1033
390316,963,1038
390317,965,1039
390318,971,1038
390319,968,1035
390320,965,1037
390321,964,1039
390322,967,1042
390323,970,1043
390324,971,1039
390325,965,1037
390326,965,1036
390327,963,1035
390328,967,1037
390329,967,1040
390330,968,1037
390331,969,1035
390332,966,1031
390333,968,1032
390334,965,1034
390335,973,1037
390336,967,1035
390337,967,1034
390338,964,1031
390339,963,1032
390340,964,1036
390341,967,1038
390342,970,1038
390343,969,1034
390344,964,1032
390345,963,1031
390346,966,1037
390347,970,1039
390348,969,1036
390349,970,1036
390350,968,1034
390351,967,1035
390352,967,1038
390353,971,1040
390354,969,1039
390355,969,1036
390356,967,1038
390357,965,1038
390358,963,1040
390359,970,1043
390360,971,1040
390361,972,1038
390362,973,1038
390363,971,1037
390364,973,1039
390365,973,1040
390366,975,1040
390367,974,1038
390368,969,1034
390369,968,1035
390370,971,1040
390371,973,1040
390372,972,1039
390373,975,1039
390374,970,1034
390375,971,1037
390376,971,1042
390377,974,1042
390378,970,1040
390379,974,1039
390380,971,1034
390381,970,1037
390382,970,1040
390383,973,1039
390384,974,1040
390385,973,1037
390386,971,1034
390387,968,1037
390388,972,1037
390389,973,1040
390390,979,1039
390391,974,1036
390392,972,1034
390393,971,1035
390394,970,1039
390395,972,1041
390396,973,1038
390397,971,1039
390398,968,1034
390399,967,1036
390400,968,1037
390401,972,1041
390402,974,1041
390403,974,1040
390404,967,1036
390405,967,1037
390406,970,1041
390407,971,1043
390408,976,1041
390409,974,1038
390410,972,1034
390411,968,1035
390412,971,1037
390413,972,1036
390414,972,1035
390415,974,1035
390416,969,1032
390417,968,1032
390418,967,1035
390419,968,1036
390420,972,1036
390421,970,1035
390422,966,1033
390423,967,1035
390424,969,1037
390425,971,1038
390426,970,1038
390427,967,1033
390428,966,1032
390429,965,1031
390430,967,1034
390431,967,1036
390432,971,1036
390433,969,1032
390434,967,1031
390435,968,1031
390436,970,1034
390437,973,1038
390438,971,1033
390439,971,1032
390440,969,1028
390441,970,1029
390442,971,1032
390443,978,1033
390444,979,1033
390445,977,1033
390446,974,1031
390447,974,1032
390448,973,1037
390449,975,1041
390450,977,1037
390451,976,1035
390452,975,1035
390453,972,1035
390454,974,1038
390455,979,1042
390456,980,1040
390457,977,1040
390458,973,1038
390459,974,1037
390460,977,1040
390461,981,1045
390462,982,1041
390463,982,1037
390464,976,1035
390465,975,1035
390466,976,1039
390467,979,1039
390468,977,1040
390469,976,1038
390470,974,1034
390471,970,1035
390472,973,1036
390473,978,1042
390474,977,1039
390475,977,1037
390476,973,1033
390477,970,1034
390478,971,1036
390479,976,1040
390480,977,1036
390481,977,1034
390482,971,1031
390483,972,1030
390484,975,1033
390485,979,1037
390486,982,1034
390487,978,1030
390488,973,1026
390489,974,1028
390490,976,1030
390491,981,1030
390492,985,1033
390493,986,1029
390494,984,1024
390495,989,1021
390496,1000,1024
390497,1012,1022
390498,1025,1019
390499,1044,1014
390500,1064,1010
390501,1093,1007
390502,1128,1000
390503,1167,991
390504,1205,981
390505,1245,979
390506,1275,981
390507,1300,994
390508,1307,1016
390509,1287,1031
390510,1241,1040
390511,1182,1041
390512,1122,1046
390513,1067,1053
390514,1018,1065
390515,982,1075
390516,965,1074
390517,961,1067
390518,964,1061
390519,975,1056
390520,982,1049
390521,984,1043
390522,980,1041
390523,974,1038
390524,969,1034
390525,964,1034
390526,964,1038
390527,962,1040
390528,960,1040
390529,959,1038
390530,956,1033
390531,955,1034
390532,954,1038
390533,955,1039
390534,955,1035
390535,953,1035
390536,949,1031
390537,949,1034
390538,950,1034
390539,953,1037
390540,956,1034
390541,954,1033
390542,952,1031
390543,950,1032
390544,955,1033
390545,958,1037
390546,957,1036
390547,957,1034
390548,955,1031
390549,957,1034
390550,959,1037
390551,962,1041
390552,961,1040
390553,961,1038
390554,961,1035
390555,960,1037
390556,960,1037
390557,961,1042
390558,960,1042
390559,961,1042
390560,957,1039
390561,957,1038
390562,960,1039
390563,961,1043
390564,961,1041
390565,959,1037
390566,957,1033
390567,956,1034
390568,960,1038
390569,962,1037
390570,965,1037
390571,961,1033
390572,961,1031
390573,958,1027
390574,966,1030
390575,969,1029
390576,971,1027
390577,970,1025
390578,966,1022
390579,967,1020
390580,970,1019
390581,971,1021
390582,974,1018
390583,972,1012
390584,971,1010
390585,976,1010
390586,979,1011
390587,981,1012
390588,983,1010
390589,982,1006
390590,978,1004
390591,981,1008
390592,982,1010
390593,988,1008
390594,991,1011
390595,992,1007
390596,991,1003
390597,992,1006
390598,994,1009
390599,997,1013
390600,1000,1011
390601,1001,1009
390602,1000,1005
390603,997,1008
390604,1001,1011
390605,1005,1012
390606,1009,1012
390607,1009,1012
390608,1010,1009
390609,1010,1011
390610,1006,1013
390611,1013,1016
390612,1016,1012
390613,1013,1010
390614,1013,1009
390615,1010,1010
390616,1007,1016
390617,1011,1018
390618,1010,1017
390619,1008,1017
390620,1003,1016
390621,1003,1018
390622,1002,1020
390623,1005,1026
390624,1003,1025
390625,1000,1023
390626,995,1022
390627,989,1023
390628,987,1028
390629,990,1030
390630,990,1029
390631,990,1027
390632,984,1026
390633,982,1027
390634,983,1031
390635,987,1036
390636,988,1033
390637,984,1032
390638,982,1027
390639,980,1030
390640,982,1033
390641,986,1037
390642,988,1040
390643,985,1036
390644,983,1034
390645,982,1036
390646,981,1038
390647,984,1043
390648,983,1042
390649,980,1041
390650,978,1039
390651,976,1041
390652,981,1043
390653,980,1044
390654,983,1043
390655,983,1040
390656,980,1037
390657,975,1039
390658,980,1041
390659,983,1046
390660,984,1043
390661,984,1038
390662,980,1036
390663,983,1035
390664,984,1037
390665,982,1041
390666,983,1038
390667,979,1034
390668,978,1032
390669,974,1035
390670,977,1034
390671,980,1034
390672,981,1034
390673,979,1031
390674,975,1029
390675,972,1029
390676,974,1027
390677,977,1032
390678,978,1029
390679,974,1030
390680,972,1027
390681,975,1026
390682,975,1030
390683,981,1033
390684,979,1032
390685,979,1029
390686,977,1028
390687,977,1026
390688,976,1030
390689,978,1030
390690,981,1033
390691,979,1028
390692,974,1027
390693,973,1029
390694,973,1031
390695,980,1035
390696,978,1031
390697,977,1029
390698,976,1027
390699,972,1027
390700,973,1031
390701,980,1031
390702,978,1032
390703,977,1031
390704,978,1031
390705,976,1032
390706,976,1034
390707,977,1039
390708,980,1038
390709,979,1037
390710,975,1034
390711,974,1034
390712,977,1040
390713,978,1039
390714,979,1039
390715,978,1039
390716,975,1035
390717,973,1035
390718,972,1038
390719,975,1040
390720,975,1039
390721,972,1038
390722,969,1034
390723,968,1037
390724,971,1036
390725,973,1041
390726,974,1041
390727,974,1038
390728,968,1035
390729,968,1038
390730,970,1039
390731,971,1041
390732,973,1039
390733,973,1037
390734,970,1033
390735,970,1034
390736,970,1037
390737,976,1038
390738,975,1035
390739,973,1035
390740,970,1030
390741,971,1033
390742,972,1035
390743,974,1033
390744,980,1033
390745,978,1031
390746,977,1029
390747,973,1030
390748,977,1032
390749,978,1036
390750,980,1032
390751,982,1027
390752,985,1021
390753,994,1022
390754,1006,1023
390755,1023,1025
390756,1039,1022
390757,1061,1020
390758,1088,1012
390759,1123,1004
390760,1165,997
390761,1202,991
390762,1244,989
390763,1280,989
390764,1306,1001
390765,1306,1023
390766,1282,1040
390767,1236,1049
390768,1170,1050
390769,1104,1054
390770,1034,1067
390771,972,1083
390772,933,1094
390773,927,1101
390774,942,1093
390775,951,1082
390776,959,1065
390777,964,1056
390778,970,1052
390779,969,1050
390780,967,1045
390781,962,1041
390782,955,1036
390783,957,1038
390784,955,1040
390785,960,1043
390786,957,1040
390787,956,1035
390788,952,1033
390789,951,1034
390790,952,1038
390791,957,1040
390792,953,1037
390793,954,1033
390794,951,1029
390795,952,1031
390796,954,1035
390797,954,1034
390798,957,1033
390799,954,1034
390800,951,1030
390801,952,1033
390802,954,1033
390803,956,1037
390804,956,1036
390805,955,1036
390806,952,1036
390807,949,1036
390808,952,1039
390809,957,1044
390810,958,1041
390811,953,1041
390812,955,1035
390813,953,1037
390814,953,1039
390815,956,1043
390816,960,1042
390817,955,1039
390818,952,1034
390819,952,1035
390820,952,1034
390821,955,1038
390822,954,1035
390823,957,1033
390824,953,1029
390825,956,1028
390826,955,1032
390827,957,1030
390828,960,1032
390829,959,1023
390830,957,1021
390831,957,1023
390832,959,1021
390833,961,1021
390834,962,1021
390835,963,1019
390836,963,1013
390837,964,1011
390838,967,1013
390839,969,1014
390840,971,1009
390841,969,1005
390842,967,1004
390843,968,1001
390844,972,1004
390845,974,1003
390846,975,1002
390847,973,998
390848,971,996
390849,973,999
390850,974,998
390851,976,1002
390852,982,1002
390853,982,998
390854,980,994
390855,981,995
390856,983,999
390857,985,1002
390858,987,1000
390859,989,999
390860,987,999
390861,987,999
390862,988,1003
390863,992,1008
390864,994,1009
390865,992,1009
390866,988,1007
390867,987,1009
390868,989,1014
390869,988,1018
390870,988,1017
390871,986,1017
390872,983,1018
390873,980,1020
390874,979,1027
390875,981,1030
390876,980,1030
390877,973,1030
390878,969,1030
390879,969,1031
390880,966,1038
390881,968,1039
390882,972,1040
390883,968,1039
390884,966,1036
390885,964,1039
390886,965,1043
390887,965,1048
390888,965,1044
390889,966,1043
390890,962,1039
390891,960,1039
390892,962,1044
390893,970,1042
390894,971,1043
390895,969,1040
390896,965,1038
390897,962,1039
390898,963,1041
390899,964,1046
390900,968,1044
390901,966,1039
390902,967,1039
390903,965,1037
390904,968,1040
390905,971,1044
390906,972,1042
390907,969,1040
390908,968,1038
390909,968,1040
390910,972,1041
390911,974,1048
390912,976,1044
390913,972,1039
390914,971,1038
390915,967,1040
390916,971,1042
390917,973,1042
390918,975,1042
390919,973,1041
390920,971,1037
390921,972,1039
390922,974,1043
390923,977,1045
390924,977,1040
390925,974,1041
390926,970,1038
390927,970,1037
390928,970,1041
390929,972,1044
390930,972,1040
390931,972,1042
390932,968,1037
390933,969,1037
390934,970,1039
390935,973,1044
390936,972,1043
390937,968,1039
390938,964,1037
390939,965,1037
390940,967,1041
390941,972,1043
390942,974,1042
390943,970,1038
390944,965,1036
390945,966,1037
390946,969,1039
390947,971,1041
390948,973,1041
390949,971,1038
390950,974,1036
390951,972,1036
390952,976,1041
390953,977,1046
390954,972,1043
390955,972,1044
390956,970,1039
390957,970,1041
390958,971,1045
390959,974,1049
390960,978,1048
390961,974,1046
390962,970,1044
390963,970,1043
390964,974,1047
390965,974,1047
390966,975,1045
390967,973,1044
390968,969,1041
390969,970,1042
390970,972,1044
390971,971,1045
390972,972,1043
390973,968,1041
390974,964,1041
390975,964,1043
390976,965,1044
390977,967,1047
390978,969,1047
390979,968,1041
390980,969,1042
390981,971,1044
390982,974,1043
390983,975,1046
390984,973,1047
390985,975,1042
390986,972,1039
390987,968,1041
390988,968,1043
390989,973,1044
390990,975,1041
390991,973,1037
390992,973,1032
390993,979,1032
390994,988,1034
390995,1004,1033
390996,1018,1029
390997,1037,1029
390998,1061,1020
390999,1091,1016
391000,1126,1010
391001,1170,1005
391002,1211,998
391003,1251,993
391004,1282,1001
391005,1292,1021
391006,1276,1041
391007,1234,1054
391008,1169,1053
391009,1100,1058
391010,1035,1069
391011,976,1082
391012,942,1092
391013,942,1094
391014,950,1089
391015,959,1076
391016,964,1061
391017,966,1056
391018,967,1051
391019,966,1048
391020,963,1051
391021,960,1045
391022,954,1043
391023,949,1046
391024,948,1046
391025,950,1048
391026,950,1044
391027,949,1043
391028,947,1042
391029,944,1042
391030,946,1046
391031,947,1048
391032,946,1044
391033,946,1040
391034,942,1042
391035,940,1042
391036,943,1043
391037,947,1045
391038,950,1043
391039,948,1041
391040,946,1039
391041,943,1043
391042,946,1049
391043,950,1050
391044,954,1047
391045,949,1048
391046,950,1043
391047,949,1044
391048,952,1047
391049,955,1052
391050,956,1050
391051,956,1046
391052,950,1043
391053,952,1045
391054,952,1048
391055,956,1049
391056,956,1049
391057,955,1044
391058,952,1044
391059,950,1044
391060,952,1048
391061,954,1047
391062,956,1042
391063,954,1042
391064,957,1037
391065,958,1034
391066,959,1036
391067,961,1038
391068,962,1033
391069,960,1031
391070,958,1026
391071,956,1027
391072,958,1028
391073,959,1028
391074,961,1025
391075,963,1022
391076,962,1018
391077,963,1019
391078,966,1020
391079,970,1019
391080,973,1016
391081,972,1013
391082,969,1010
391083,971,1008
391084,973,1011
391085,980,1013
391086,981,1011
391087,979,1006
391088,975,1001
391089,977,1003
391090,978,1004
391091,979,1005
391092,983,1000
391093,981,998
391094,979,995
391095,981,999
391096,985,1003
391097,988,1007
391098,990,1007
391099,988,1006
391100,985,1008
391101,985,1010
391102,987,1012
391103,989,1016
391104,990,1018
391105,988,1018
391106,982,1017
391107,985,1021
391108,986,1028
391109,986,1028
391110,984,1031
391111,979,1031
391112,977,1033
391113,974,1037
391114,977,1042
391115,976,1045
391116,976,1047
391117,972,1045
391118,965,1046
391119,963,1047
391120,965,1051
391121,966,1054
391122,968,1053
391123,964,1052
391124,962,1051
391125,959,1050
391126,964,1052
391127,965,1055
391128,968,1053
391129,965,1052
391130,963,1048
391131,960,1048
391132,958,1052
391133,966,1054
391134,967,1053
391135,964,1051
391136,964,1047
391137,964,1048
391138,964,1049
391139,970,1051
391140,970,1049
391141,968,1044
391142,967,1041
391143,963,1044
391144,965,1047
391145,969,1048
391146,970,1046
391147,972,1045
391148,968,1041
391149,968,1043
391150,969,1045
391151,971,1048
391152,978,1046
391153,975,1043
391154,971,1044
391155,973,1045
391156,975,1048
391157,980,1049
391158,979,1047
391159,979,1048
391160,980,1048
391161,981,1048
391162,986,1050
391163,993,1053
391164,998,1052
391165,996,1054
391166,995,1056
391167,996,1058
391168,999,1063
391169,1007,1066
391170,1014,1065
391171,1022,1061
391172,1031,1050
391173,1041,1034
391174,1051,1021
391175,1067,1006
391176,1079,991
391177,1091,973
391178,1102,956
391179,1115,941
391180,1133,926
391181,1151,906
391182,1168,882
391183,1178,859
391184,1186,842
391185,1198,830
391186,1209,820
391187,1218,814
391188,1217,808
391189,1215,806
391190,1212,804
391191,1210,804
391192,1209,807
391193,1203,809
391194,1193,809
391195,1177,810
391196,1160,817
391197,1140,825
391198,1122,840
391199,1108,851
391200,1093,857
391201,1078,867
391202,1066,880
391203,1060,895
391204,1054,913
391205,1054,929
391206,1047,939
391207,1038,947
391208,1038,958
391209,1043,970
391210,1053,979
391211,1065,990
391212,1072,990
391213,1069,990
391214,1049,994
391215,1016,1004
391216,982,1020
391217,959,1036
391218,943,1054
391219,933,1066
391220,928,1076
391221,922,1090
391222,920,1096
391223,915,1101
391224,915,1104
391225,910,1104
391226,903,1104
391227,898,1109
391228,897,1114
391229,898,1117
391230,894,1116
391231,889,1114
391232,885,1111
391233,883,1120
391234,880,1120
391235,884,1129
391236,884,1126
391237,881,1125
391238,876,1125
391239,872,1128
391240,875,1133
391241,874,1135
391242,873,1138
391243,872,1140
391244,867,1140
391245,863,1146
391246,861,1152
391247,862,1155
391248,863,1161
391249,861,1162
391250,857,1167
391251,856,1172
391252,857,1176
391253,857,1181
391254,859,1181
391255,856,1182
391256,852,1183
391257,850,1186
391258,851,1189
391259,852,1193
391260,854,1193
391261,848,1194
391262,848,1193
391263,845,1197
391264,849,1202
391265,854,1208
391266,855,1208
391267,854,1207
391268,853,1209
391269,852,1209
391270,859,1211
391271,865,1213
391272,867,1211
391273,868,1209
391274,870,1204
391275,869,1200
391276,873,1201
391277,881,1202
391278,886,1198
391279,886,1190
391280,887,1182
391281,890,1180
391282,895,1177
391283,904,1174
391284,910,1168
391285,911,1159
391286,913,1153
391287,916,1151
391288,919,1150
391289,930,1142
391290,934,1136
391291,934,1131
391292,934,1124
391293,936,1120
391294,938,1119
391295,944,1115
391296,943,1112
391297,943,1103
391298,941,1097
391299,944,1094
391300,948,1088
391301,948,1090
391302,952,1084
391303,948,1080
391304,950,1073
391305,946,1074
391306,949,1073
391307,950,1077
391308,950,1074
391309,948,1070
391310,946,1067
391311,945,1063
391312,948,1064
391313,950,1066
391314,950,1063
391315,948,1058
391316,949,1056
391317,947,1056
391318,949,1060
391319,951,1060
391320,953,1059
391321,950,1054
391322,946,1052
391323,946,1053
391324,950,1055
391325,953,1057
391326,952,1054
391327,950,1051
391328,943,1050
391329,945,1052
391330,950,1053
391331,952,1055
391332,952,1055
391333,950,1052
391334,948,1052
391335,947,1055
391336,950,1053
391337,951,1057
391338,951,1054
391339,954,1050
391340,954,1046
391341,955,1048
391342,957,1047
391343,959,1044
391344,960,1041
391345,962,1039
391346,959,1036
391347,960,1039
391348,963,1039
391349,964,1044
391350,965,1040
391351,962,1036
391352,962,1038
391353,960,1038
391354,960,1038
391355,961,1040
391356,962,1040
391357,959,1037
391358,958,1036
391359,958,1039
391360,957,1041
391361,961,1042
391362,962,1042
391363,958,1038
391364,954,1036
391365,954,1037
391366,955,1040
391367,962,1044
391368,960,1042
391369,957,1038
391370,956,1035
391371,957,1038
391372,957,1039
391373,960,1041
391374,960,1036
391375,955,1037
391376,955,1033
391377,954,1036
391378,957,1039
391379,961,1040
391380,960,1043
391381,955,1038
391382,953,1040
391383,951,1042
391384,953,1043
391385,956,1047
391386,956,1045
391387,955,1043
391388,953,1038
391389,954,1039
391390,956,1041
391391,961,1041
391392,963,1040
391393,961,1038
391394,960,1037
391395,957,1041
391396,961,1041
391397,963,1044
391398,965,1043
391399,961,1041
391400,961,1040
391401,960,1043
391402,962,1046
391403,964,1045
391404,965,1046
391405,963,1043
391406,959,1044
391407,959,1045
391408,961,1044
391409,962,1047
391410,963,1045
391411,960,1043
391412,957,1042
391413,960,1044
391414,959,1048
391415,965,1049
391416,962,1046
391417,963,1044
391418,959,1041
391419,957,1043
391420,960,1043
391421,961,1044
391422,962,1041
391423,962,1039
391424,959,1036
391425,959,1039
391426,961,1037
391427,960,1038
391428,964,1036
391429,959,1031
391430,957,1028
391431,957,1033
391432,961,1033
391433,963,1036
391434,965,1032
391435,963,1031
391436,960,1028
391437,957,1032
391438,960,1033
391439,965,1036
391440,965,1034
391441,961,1031
391442,962,1030
391443,961,1031
391444,962,1036
391445,964,1037
391446,963,1036
391447,964,1033
391448,960,1031
391449,961,1035
391450,963,1035
391451,965,1038
391452,965,1037
391453,962,1035
391454,958,1032
391455,958,1038
391456,960,1039
391457,966,1042
391458,965,1039
391459,962,1038
391460,963,1035
391461,964,1036
391462,967,1039
391463,969,1038
391464,969,1036
391465,967,1034
391466,962,1034
391467,962,1036
391468,962,1037
391469,965,1042
391470,966,1043
391471,963,1040
391472,964,1037
391473,964,1042
391474,962,1043
391475,964,1043
391476,963,1040
391477,964,1036
391478,961,1032
391479,963,1032
391480,966,1037
391481,969,1042
391482,970,1040
391483,970,1039
391484,967,1037
391485,967,1037
391486,969,1041
391487,971,1043
391488,973,1043
391489,973,1039
391490,972,1038
391491,968,1039
391492,973,1041
391493,974,1043
391494,973,1040
391495,975,1037
391496,974,1034
391497,972,1034
391498,976,1036
391499,980,1036
391500,983,1032
391501,989,1023
391502,995,1020
391503,1010,1018
391504,1032,1020
391505,1055,1017
391506,1087,1012
391507,1118,1000
391508,1149,986
391509,1183,977
391510,1223,975
391511,1260,981
391512,1280,994
391513,1284,1012
391514,1262,1029
391515,1216,1041
391516,1158,1045
391517,1105,1053
391518,1046,1062
391519,998,1065
391520,965,1068
391521,953,1068
391522,958,1062
391523,970,1056
391524,972,1043
391525,975,1035
391526,968,1028
391527,963,1029
391528,964,1029
391529,965,1032
391530,964,1032
391531,961,1030
391532,956,1030
391533,956,1032
391534,955,1035
391535,958,1039
391536,956,1037
391537,954,1035
391538,949,1033
391539,951,1033
391540,953,1036
391541,956,1037
391542,955,1035
391543,954,1032
391544,950,1031
391545,949,1031
391546,951,1034
391547,951,1035
391548,953,1034
391549,952,1030
391550,947,1030
391551,949,1035
391552,948,1035
391553,950,1038
391554,949,1037
391555,947,1034
391556,942,1033
391557,944,1035
391558,948,1038
391559,954,1040
391560,953,1037
391561,951,1035
391562,947,1035
391563,945,1035
391564,948,1038
391565,955,1040
391566,955,1037
391567,952,1033
391568,950,1032
391569,950,1033
391570,953,1035
391571,956,1034
391572,957,1031
391573,958,1027
391574,953,1025
391575,953,1025
391576,958,1027
391577,964,1026
391578,966,1022
391579,964,1019
391580,960,1015
391581,962,1015
391582,967,1015
391583,970,1016
391584,972,1013
391585,974,1010
391586,970,1007
391587,974,1008
391588,979,1007
391589,982,1010
391590,982,1002
391591,977,1002
391592,977,997
391593,975,1000
391594,977,1000
391595,981,1000
391596,983,1000
391597,983,999
391598,981,997
391599,982,998
391600,984,1000
391601,989,1001
391602,993,994
391603,990,995
391604,988,993
391605,990,992
391606,996,994
391607,999,998
391608,1002,995
391609,1000,995
391610,997,995
391611,996,1001
391612,999,1000
391613,1003,1002
391614,1003,1003
391615,1003,1002
391616,1000,1001
391617,1002,1006
391618,1005,1009
391619,1004,1011
391620,1003,1008
391621,1000,1006
391622,994,1010
391623,992,1014
391624,993,1018
391625,991,1020
391626,991,1019
391627,988,1018
391628,982,1018
391629,979,1021
391630,978,1024
391631,979,1024
391632,979,1024
391633,978,1021
391634,974,1021
391635,975,1023
391636,978,1028
391637,978,1031
391638,980,1031
391639,978,1030
391640,975,1028
391641,966,1031
391642,974,1035
391643,975,1036
391644,975,1036
391645,975,1035
391646,973,1035
391647,975,1037
391648,977,1038
391649,977,1039
391650,978,1039
391651,975,1038
391652,973,1034
391653,976,1036
391654,977,1040
391655,982,1041
391656,982,1038
391657,978,1036
391658,974,1034
391659,977,1037
391660,979,1038
391661,982,1038
391662,981,1036
391663,981,1031
391664,977,1031
391665,977,1034
391666,976,1036
391667,982,1032
391668,981,1032
391669,979,1027
391670,975,1023
391671,973,1026
391672,972,1028
391673,979,1029
391674,980,1027
391675,980,1022
391676,973,1021
391677,975,1023
391678,976,1024
391679,977,1024
391680,977,1022
391681,977,1020
391682,970,1019
391683,971,1021
391684,975,1023
391685,976,1025
391686,978,1025
391687,976,1018
391688,973,1020
391689,972,1022
391690,973,1025
391691,977,1027
391692,977,1028
391693,977,1025
391694,974,1025
391695,971,1028
391696,974,1031
391697,979,1032
391698,977,1031
391699,975,1029
391700,974,1027
391701,973,1031
391702,977,1033
391703,978,1036
391704,979,1037
391705,975,1031
391706,971,1032
391707,972,1033
391708,973,1036
391709,979,1035
391710,977,1033
391711,976,1031
391712,972,1030
391713,972,1031
391714,972,1034
391715,979,1035
391716,977,1031
391717,974,1029
391718,968,1029
391719,970,1031
391720,972,1035
391721,976,1036
391722,977,1032
391723,976,1031
391724,974,1029
391725,972,1032
391726,972,1032
391727,977,1035
391728,974,1035
391729,973,1030
391730,972,1030
391731,973,1030
391732,973,1030
391733,979,1032
391734,976,1029
391735,977,1025
391736,981,1023
391737,989,1022
391738,1001,1021
391739,1018,1019
391740,1036,1016
391741,1060,1014
391742,1093,1006
391743,1135,997
391744,1180,988
391745,1230,984
391746,1273,989
391747,1301,1000
391748,1304,1023
391749,1270,1038
391750,1214,1044
391751,1148,1048
391752,1071,1056
391753,1000,1068
391754,947,1080
391755,928,1088
391756,939,1088
391757,958,1080
391758,968,1063
391759,972,1049
391760,973,1043
391761,972,1037
391762,970,1038
391763,971,1039
391764,964,1035
391765,959,1031
391766,956,1030
391767,953,1032
391768,957,1031
391769,959,1034
391770,960,1032
391771,954,1031
391772,953,1028
391773,953,1033
391774,953,1037
391775,957,1034
391776,955,1033
391777,955,1034
391778,953,1033
391779,953,1032
391780,954,1035
391781,956,1033
391782,957,1032
391783,954,1029
391784,952,1028
391785,952,1028
391786,955,1030
391787,959,1030
391788,961,1028
391789,957,1027
391790,955,1026
391791,952,1027
391792,953,1030
391793,956,1033
391794,958,1030
391795,955,1026
391796,953,1025
391797,952,1028
391798,955,1032
391799,957,1032
391800,959,1030
391801,956,1029
391802,950,1024
391803,952,1029
391804,954,1029
391805,957,1029
391806,958,1030
391807,960,1024
391808,958,1018
391809,959,1020
391810,962,1020
391811,966,1021
391812,968,1016
391813,965,1012
391814,967,1009
391815,970,1009
391816,972,1010
391817,974,1008
391818,976,1004
391819,975,1002
391820,974,997
391821,977,996
391822,980,998
391823,985,997
391824,984,992
391825,983,988
391826,981,987
391827,983,989
391828,984,989
391829,987,991
391830,987,986
391831,985,982
391832,983,980
391833,984,982
391834,988,985
391835,992,986
391836,990,984
391837,991,984
391838,985,985
391839,987,989
391840,988,994
391841,989,998
391842,991,997
391843,988,997
391844,983,997
391845,985,1002
391846,986,1007
391847,988,1012
391848,985,1015
391849,982,1016
391850,978,1015
391851,976,1020
391852,975,1025
391853,980,1029
391854,981,1030
391855,978,1029
391856,973,1031
391857,970,1033
391858,969,1034
391859,971,1040
391860,972,1038
391861,969,1035
391862,966,1033
391863,967,1034
391864,971,1038
391865,975,1037
391866,973,1038
391867,970,1037
391868,963,1034
391869,966,1038
391870,969,1039
391871,975,1040
391872,971,1038
391873,972,1037
391874,970,1035
391875,970,1038
391876,972,1038
391877,975,1041
391878,973,1038
391879,972,1035
391880,969,1032
391881,969,1033
391882,973,1034
391883,973,1039
391884,974,1037
391885,972,1035
391886,968,1033
391887,966,1037
391888,969,1039
391889,970,1041
391890,973,1038
391891,970,1036
391892,966,1036
391893,968,1039
391894,971,1041
391895,973,1039
391896,971,1042
391897,967,1037
391898,968,1035
391899,968,1038
391900,971,1038
391901,973,1042
391902,973,1038
391903,974,1036
391904,971,1035
391905,970,1039
391906,971,1040
391907,975,1041
391908,975,1040
391909,970,1038
391910,971,1035
391911,972,1039
391912,974,1043
391913,979,1042
391914,976,1041
391915,972,1037
391916,970,1035
391917,971,1038
391918,974,1041
391919,977,1041
391920,975,1039
391921,971,1037
391922,970,1034
391923,969,1039
391924,973,1040
391925,975,1040
391926,974,1036
391927,971,1035
391928,967,1034
391929,968,1038
391930,970,1038
391931,971,1040
391932,971,1039
391933,972,1037
391934,969,1035
391935,967,1039
391936,969,1042
391937,968,1041
391938,968,1043
391939,965,1043
391940,963,1043
391941,963,1046
391942,967,1048
391943,970,1051
391944,969,1049
391945,969,1042
391946,963,1040
391947,966,1037
391948,970,1040
391949,971,1039
391950,974,1036
391951,974,1036
391952,972,1034
391953,973,1037
391954,975,1040
391955,978,1042
391956,977,1038
391957,975,1036
391958,970,1035
391959,972,1035
391960,971,1037
391961,974,1037
391962,978,1036
391963,975,1035
391964,974,1034
391965,974,1035
391966,977,1039
391967,978,1037
391968,975,1035
391969,974,1033
391970,973,1033
391971,973,1036
391972,975,1037
391973,979,1038
391974,979,1035
391975,978,1031
391976,976,1032
391977,976,1031
391978,979,1032
391979,984,1030
391980,992,1027
391981,998,1020
391982,1009,1017
391983,1025,1017
391984,1047,1019
391985,1076,1014
391986,1107,1007
391987,1141,995
391988,1180,986
391989,1220,987
391990,1260,997
391991,1290,1013
391992,1291,1034
391993,1265,1048
391994,1216,1052
391995,1154,1059
391996,1093,1074
391997,1036,1084
391998,984,1095
391999,954,1096
392000,944,1093
392001,955,1088
392002,969,1081
392003,979,1067
392004,982,1060
392005,979,1052
392006,975,1044
392007,971,1045
392008,971,1044
392009,971,1045
392010,968,1039
392011,965,1039
392012,960,1037
392013,961,1038
392014,962,1039
392015,964,1043
392016,963,1041
392017,960,1037
392018,956,1039
392019,958,1039
392020,959,1041
392021,961,1042
392022,962,1039
392023,959,1038
392024,955,1038
392025,956,1039
392026,956,1043
392027,959,1046
392028,960,1042
392029,958,1043
392030,957,1040
392031,957,1042
392032,960,1045
392033,963,1046
392034,964,1045
392035,962,1044
392036,958,1043
392037,959,1043
392038,964,1043
392039,965,1045
392040,965,1045
392041,963,1043
392042,960,1042
392043,962,1046
392044,968,1045
392045,973,1044
392046,968,1043
392047,962,1037
392048,962,1035
392049,961,1035
392050,966,1035
392051,968,1036
392052,970,1033
392053,967,1029
392054,964,1027
392055,965,1028
392056,965,1027
392057,968,1026
392058,967,1021
392059,968,1016
392060,967,1015
392061,969,1015
392062,972,1017
392063,975,1016
392064,975,1013
392065,978,1007
392066,975,1005
392067,977,1006
392068,979,1008
392069,981,1009
392070,983,1005
392071,984,1001
392072,982,1000
392073,986,1001
392074,991,1002
392075,993,1004
392076,993,1001
392077,993,995
392078,992,996
392079,991,997
392080,996,1000
392081,999,1000
392082,1000,998
392083,997,994
392084,997,996
392085,999,999
392086,1001,1004
392087,1005,1005
392088,1005,1006
392089,1006,1004
392090,1002,1007
392091,1004,1008
392092,1006,1013
392093,1011,1018
392094,1009,1013
392095,1005,1012
392096,1004,1012
392097,1002,1016
392098,1003,1020
392099,1009,1023
392100,1004,1022
392101,998,1024
392102,994,1024
392103,990,1028
392104,990,1035
392105,993,1034
392106,989,1033
392107,985,1035
392108,984,1035
392109,983,1038
392110,986,1042
392111,986,1044
392112,984,1043
392113,982,1041
392114,978,1042
392115,980,1045
392116,981,1047
392117,983,1050
392118,979,1050
392119,978,1045
392120,975,1046
392121,976,1048
392122,980,1050
392123,985,1050
392124,984,1048
392125,983,1047
392126,984,1044
392127,980,1048
392128,982,1049
392129,986,1049
392130,984,1046
392131,981,1044
392132,981,1042
392133,982,1047
392134,987,1047
392135,989,1050
392136,986,1045
392137,985,1044
392138,983,1044
392139,985,1041
392140,990,1041
392141,996,1040
392142,999,1037
392143,1003,1034
392144,1002,1034
392145,1006,1036
392146,1011,1041
392147,1016,1043
392148,1021,1043
392149,1023,1042
392150,1028,1041
392151,1039,1039
392152,1054,1033
392153,1068,1022
392154,1079,1002
392155,1089,987
392156,1101,974
392157,1113,965
392158,1131,953
392159,1150,940
392160,1167,921
392161,1187,899
392162,1203,875
392163,1215,856
392164,1235,844
392165,1254,833
392166,1260,821
392167,1266,811
392168,1264,806
392169,1262,807
392170,1262,810
392171,1261,812
392172,1255,808
392173,1242,805
392174,1224,806
392175,1202,810
392176,1186,820
392177,1165,826
392178,1140,833
392179,1114,840
392180,1089,848
392181,1072,863
392182,1063,879
392183,1058,891
392184,1053,903
392185,1051,915
392186,1051,929
392187,1045,940
392188,1041,953
392189,1048,961
392190,1053,964
392191,1063,974
392192,1076,977
392193,1090,983
392194,1100,987
392195,1093,992
392196,1067,995
392197,1023,999
392198,982,1008
392199,953,1026
392200,938,1040
392201,932,1054
392202,929,1069
392203,923,1078
392204,918,1086
392205,912,1090
392206,912,1094
392207,911,1098
392208,905,1099
392209,900,1100
392210,896,1101
392211,895,1104
392212,895,1110
392213,897,1111
392214,891,1113
392215,890,1110
392216,888,1115
392217,888,1118
392218,888,1125
392219,888,1125
392220,888,1125
392221,882,1125
392222,882,1125
392223,882,1130
392224,882,1135
392225,883,1138
392226,883,1138
392227,879,1136
392228,874,1136
392229,871,1143
392230,872,1146
392231,870,1149
392232,868,1148
392233,868,1152
392234,865,1151
392235,865,1158
392236,865,1160
392237,867,1164
392238,866,1167
392239,861,1166
392240,860,1169
392241,860,1174
392242,863,1179
392243,867,1181
392244,864,1182
392245,863,1181
392246,859,1184
392247,861,1187
392248,862,1191
392249,867,1194
392250,866,1192
392251,868,1191
392252,869,1192
392253,872,1195
392254,877,1200
392255,879,1203
392256,881,1202
392257,882,1201
392258,883,1199
392259,887,1201
392260,890,1205
392261,896,1203
392262,898,1197
392263,897,1193
392264,902,1191
392265,903,1190
392266,907,1190
392267,914,1186
392268,920,1183
392269,921,1177
392270,922,1170
392271,925,1166
392272,928,1165
392273,934,1159
392274,939,1155
392275,942,1149
392276,941,1145
392277,945,1140
392278,949,1139
392279,955,1134
392280,955,1127
392281,952,1119
392282,952,1114
392283,953,1113
392284,954,1111
392285,957,1108
392286,958,1102
392287,958,1095
392288,955,1090
392289,954,1088
392290,958,1088
392291,960,1085
392292,958,1082
392293,958,1074
392294,953,1072
392295,957,1069
392296,956,1071
392297,962,1069
392298,960,1067
392299,961,1060
392300,960,1057
392301,960,1058
392302,961,1058
392303,963,1058
392304,964,1056
392305,963,1052
392306,962,1050
392307,963,1049
392308,965,1049
392309,969,1050
392310,969,1047
392311,969,1047
392312,965,1049
392313,966,1051
392314,968,1053
392315,971,1052
392316,969,1050
392317,967,1047
392318,966,1046
392319,963,1048
392320,967,1048
392321,969,1049
392322,968,1047
392323,965,1044
392324,964,1041
392325,966,1044
392326,968,1045
392327,969,1043
392328,969,1041
392329,968,1040
392330,969,1039
392331,968,1042
392332,969,1046
392333,975,1045
392334,972,1044
392335,970,1040
392336,969,1040
392337,969,1042
392338,972,1045
392339,974,1044
392340,974,1044
392341,971,1040
392342,969,1041
392343,965,1043
392344,968,1043
392345,972,1044
392346,972,1041
392347,968,1038
392348,968,1038
392349,972,1037
392350,973,1041
392351,978,1041
392352,976,1039
392353,974,1036
392354,971,1035
392355,971,1037
392356,975,1043
392357,977,1040
392358,975,1038
392359,975,1033
392360,971,1036
392361,972,1038
392362,974,1040
392363,980,1041
392364,979,1040
392365,975,1037
392366,971,1038
392367,972,1040
392368,967,1044
392369,971,1045
392370,973,1044
392371,969,1042
392372,965,1043
392373,965,1042
392374,967,1046
392375,971,1045
392376,972,1043
392377,967,1042
392378,965,1043
392379,966,1046
392380,966,1047
392381,970,1047
392382,972,1045
392383,970,1042
392384,966,1044
392385,968,1046
392386,972,1049
392387,975,1048
392388,972,1046
392389,971,1044
392390,970,1043
392391,970,1045
392392,969,1047
392393,973,1049
392394,972,1047
392395,970,1044
392396,971,1044
392397,970,1045
392398,973,1048
392399,974,1049
392400,977,1047
392401,973,1046
392402,970,1045
392403,970,1045
392404,973,1050
392405,978,1050
392406,977,1047
392407,975,1044
392408,974,1043
392409,975,1045
392410,975,1046
392411,976,1047
392412,976,1044
392413,972,1041
392414,971,1039
392415,971,1043
392416,978,1047
392417,982,1047
392418,981,1047
392419,979,1042
392420,977,1039
392421,976,1040
392422,978,1045
392423,977,1044
392424,977,1041
392425,977,1038
392426,973,1039
392427,971,1042
392428,974,1045
392429,974,1045
392430,974,1043
392431,971,1039
392432,971,1039
392433,971,1040
392434,974,1043
392435,977,1044
392436,978,1039
392437,976,1040
392438,970,1040
392439,971,1041
392440,972,1042
392441,977,1043
392442,976,1043
392443,972,1040
392444,968,1042
392445,972,1044
392446,975,1046
392447,977,1045
392448,977,1042
392449,974,1040
392450,969,1041
392451,970,1043
392452,974,1047
392453,975,1046
392454,977,1045
392455,973,1041
392456,970,1041
392457,974,1043
392458,975,1044
392459,978,1044
392460,978,1043
392461,977,1038
392462,975,1036
392463,975,1039
392464,976,1043
392465,981,1043
392466,983,1040
392467,983,1038
392468,980,1037
392469,981,1039
392470,979,1043
392471,983,1044
392472,980,1043
392473,979,1038
392474,978,1042
392475,980,1044
392476,982,1045
392477,984,1048
392478,985,1046
392479,982,1043
392480,978,1044
392481,978,1049
392482,979,1052
392483,984,1053
392484,983,1050
392485,981,1045
392486,979,1046
392487,975,1047
392488,981,1050
392489,983,1048
392490,985,1047
392491,981,1044
392492,980,1043
392493,978,1045
392494,979,1050
392495,983,1049
392496,982,1047
392497,978,1044
392498,975,1042
392499,975,1046
392500,976,1048
392501,980,1049
392502,978,1045
392503,978,1043
392504,974,1044
392505,977,1042
392506,979,1048
392507,984,1045
392508,982,1043
392509,982,1038
392510,978,1037
392511,977,1039
392512,979,1039
392513,981,1040
392514,979,1038
392515,975,1033
392516,978,1031
392517,982,1034
392518,981,1038
392519,987,1038
392520,983,1035
392521,980,1034
392522,979,1033
392523,977,1038
392524,981,1040
392525,986,1040
392526,986,1040
392527,981,1038
392528,983,1039
392529,982,1041
392530,984,1045
392531,987,1045
392532,984,1040
392533,984,1041
392534,982,1038
392535,981,1041
392536,983,1044
392537,987,1046
392538,984,1042
392539,983,1040
392540,979,1040
392541,978,1042
392542,979,1045
392543,984,1044
392544,982,1041
392545,980,1038
392546,979,1036
392547,982,1040
392548,984,1042
392549,983,1041
392550,984,1039
392551,984,1037
392552,980,1037
392553,981,1038
392554,983,1039
392555,987,1039
392556,980,1039
392557,979,1035
392558,974,1037
392559,977,1039
392560,981,1041
392561,986,1039
392562,985,1036
392563,982,1034
392564,978,1035
392565,984,1035
392566,988,1040
392567,991,1037
392568,991,1037
392569,988,1038
392570,986,1038
392571,982,1040
392572,985,1045
392573,987,1044
392574,985,1045
392575,984,1041
392576,980,1041
392577,982,1044
392578,984,1046
392579,985,1045
392580,984,1045
392581,980,1043
392582,979,1040
392583,977,1043
392584,983,1048
392585,986,1046
392586,985,1043
392587,981,1043
392588,979,1042
392589,981,1045
392590,980,1048
392591,981,1047
392592,983,1043
392593,981,1042
392594,980,1042
392595,982,1042
392596,983,1045
392597,987,1044
392598,987,1043
392599,984,1040
392600,980,1040
392601,980,1041
392602,982,1042
392603,986,1042
392604,987,1039
392605,982,1036
392606,981,1036
392607,982,1039
392608,983,1042
392609,980,1041
392610,981,1036
392611,980,1034
392612,977,1035
392613,980,1036
392614,982,1038
392615,986,1038
392616,985,1035
392617,983,1032
392618,978,1032
392619,982,1035
392620,984,1037
392621,987,1035
392622,985,1035
392623,983,1035
392624,981,1035
392625,982,1037
392626,986,1040
392627,988,1043
392628,986,1040
392629,986,1039
392630,985,1037
392631,983,1038
392632,986,1045
392633,989,1044
392634,988,1040
392635,985,1042
392636,983,1040
392637,984,1041
392638,987,1043
392639,989,1045
392640,987,1043
392641,985,1040
392642,982,1039
392643,983,1043
392644,984,1045
392645,988,1045
392646,987,1042
392647,986,1039
392648,984,1036
392649,988,1040
392650,989,1040
392651,990,1041
392652,990,1034
392653,986,1031
392654,984,1030
392655,983,1035
392656,988,1036
392657,992,1037
392658,991,1034
392659,988,1030
392660,983,1032
392661,982,1032
392662,986,1038
392663,986,1039
392664,989,1036
392665,986,1037
392666,981,1035
392667,987,1038
392668,990,1042
392669,991,1040
392670,992,1039
392671,985,1037
392672,984,1035
392673,983,1039
392674,984,1040
392675,989,1042
392676,988,1041
392677,988,1038
392678,984,1038
392679,982,1041
392680,984,1043
392681,986,1041
392682,985,1041
392683,982,1040
392684,980,1042
392685,981,1043
392686,986,1045
392687,987,1048
392688,989,1045
392689,989,1042
392690,986,1043
392691,986,1046
392692,988,1048
392693,990,1050
392694,987,1045
392695,986,1043
392696,987,1043
392697,988,1045
392698,990,1047
392699,991,1046
392700,993,1046
392701,993,1041
392702,990,1038
392703,991,1041
392704,994,1041
392705,998,1042
392706,996,1037
392707,996,1035
392708,992,1033
392709,995,1029
392710,1002,1029
392711,1014,1023
392712,1027,1018
392713,1043,1013
392714,1062,1010
392715,1091,1008
392716,1123,1004
392717,1159,994
392718,1192,984
392719,1226,975
392720,1259,978
392721,1287,987
392722,1304,1002
392723,1295,1019
392724,1259,1033
392725,1208,1035
392726,1153,1040
392727,1104,1048
392728,1061,1057
392729,1024,1065
392730,992,1063
392731,978,1063
392732,978,1059
392733,985,1055
392734,990,1050
392735,995,1048
392736,993,1041
392737,985,1036
392738,979,1036
392739,978,1038
392740,977,1042
392741,978,1043
392742,977,1041
392743,969,1041
392744,966,1041
392745,967,1043
392746,969,1046
392747,973,1049
392748,973,1044
392749,972,1042
392750,969,1043
392751,967,1043
392752,968,1046
392753,971,1045
392754,970,1041
392755,967,1041
392756,964,1040
392757,965,1042
392758,968,1046
392759,972,1046
392760,971,1045
392761,970,1042
392762,963,1043
392763,960,1043
392764,963,1048
392765,966,1045
392766,967,1040
392767,963,1041
392768,963,1039
392769,967,1040
392770,970,1041
392771,973,1041
392772,971,1042
392773,966,1039
392774,964,1038
392775,965,1041
392776,965,1044
392777,966,1043
392778,963,1042
392779,965,1039
392780,959,1038
392781,962,1043
392782,967,1045
392783,964,1043
392784,967,1044
392785,965,1039
392786,966,1038
392787,964,1042
392788,967,1043
392789,973,1042
392790,973,1040
392791,972,1039
392792,971,1036
392793,972,1040
392794,977,1041
392795,977,1041
392796,978,1038
392797,977,1037
392798,974,1032
392799,978,1032
392800,983,1034
392801,987,1032
392802,988,1029
392803,986,1025
392804,984,1022
392805,986,1021
392806,990,1024
392807,992,1024
392808,993,1023
392809,993,1019
392810,994,1017
392811,992,1019
392812,995,1021
392813,1000,1018
392814,1000,1016
392815,999,1011
392816,997,1010
392817,1000,1011
392818,998,1013
392819,1006,1010
392820,1002,1008
392821,1003,1007
392822,1005,1006
392823,1007,1005
392824,1011,1009
392825,1013,1007
392826,1016,1005
392827,1013,1001
392828,1013,1001
392829,1012,1004
392830,1018,1008
392831,1021,1009
392832,1021,1007
392833,1018,1006
392834,1016,1007
392835,1016,1008
392836,1018,1013
392837,1020,1012
392838,1020,1012
392839,1014,1012
392840,1015,1014
392841,1013,1018
392842,1016,1022
392843,1014,1022
392844,1012,1022
392845,1008,1023
392846,1006,1024
392847,1005,1027
392848,1005,1032
392849,1009,1033
392850,1005,1032
392851,1001,1030
392852,997,1031
392853,996,1036
392854,995,1036
392855,1000,1037
392856,997,1033
392857,992,1031
392858,987,1031
392859,990,1034
392860,992,1036
392861,995,1037
392862,992,1036
392863,987,1032
392864,986,1033
392865,986,1040
392866,987,1042
392867,991,1046
392868,989,1044
392869,986,1042
392870,985,1043
392871,985,1043
392872,985,1047
392873,987,1046
392874,988,1043
392875,981,1040
392876,980,1040
392877,979,1042
392878,983,1043
392879,985,1046
392880,984,1042
392881,983,1040
392882,980,1041
392883,982,1041
392884,984,1044
392885,986,1044
392886,984,1042
392887,981,1039
392888,978,1039
392889,981,1041
392890,984,1041
392891,988,1041
392892,986,1041
392893,985,1039
392894,981,1035
392895,983,1039
392896,985,1041
392897,985,1039
392898,988,1037
392899,985,1035
392900,983,1034
392901,987,1034
392902,986,1036
392903,990,1038
392904,986,1033
392905,986,1030
392906,985,1029
392907,988,1031
392908,988,1033
392909,992,1032
392910,990,1031
392911,987,1026
392912,985,1029
392913,987,1031
392914,984,1035
392915,987,1036
392916,987,1035
392917,984,1033
392918,983,1032
392919,983,1035
392920,982,1036
392921,982,1036
392922,982,1035
392923,980,1034
392924,978,1036
392925,976,1036
392926,981,1037
392927,978,1038
392928,980,1038
392929,978,1036
392930,974,1037
392931,976,1038
392932,979,1039
392933,981,1039
392934,979,1039
392935,972,1035
392936,975,1038
392937,974,1040
392938,975,1043
392939,978,1043
392940,975,1041
392941,974,1040
392942,971,1037
392943,972,1042
392944,977,1043
392945,977,1044
392946,974,1039
392947,971,1035
392948,968,1036
392949,968,1038
392950,974,1042
392951,975,1041
392952,975,1040
392953,972,1035
392954,967,1038
392955,967,1039
392956,968,1041
392957,971,1042
392958,972,1039
392959,970,1039
392960,969,1041
392961,970,1042
392962,972,1043
392963,972,1045
392964,975,1043
392965,970,1042
392966,969,1042
392967,967,1045
392968,969,1048
392969,972,1046
392970,972,1043
392971,970,1043
392972,969,1044
392973,968,1045
392974,970,1049
392975,971,1045
392976,970,1046
392977,969,1042
392978,970,1042
392979,971,1045
392980,973,1048
392981,974,1047
392982,974,1046
392983,967,1043
392984,964,1044
392985,966,1047
392986,971,1050
392987,970,1048
392988,972,1047
392989,972,1044
392990,967,1047
392991,971,1048
392992,974,1047
392993,972,1046
392994,971,1043
392995,969,1042
392996,967,1044
392997,968,1044
392998,972,1046
392999,973,1044
393000,972,1044
393001,969,1040
393002,965,1040
393003,964,1039
393004,967,1045
393005,967,1044
393006,965,1043
393007,967,1040
393008,962,1041
393009,966,1043
393010,968,1044
393011,970,1045
393012,967,1043
393013,962,1039
393014,961,1040
393015,963,1039
393016,966,1045
393017,965,1047
393018,963,1044
393019,964,1040
393020,961,1044
393021,963,1045
393022,965,1044
393023,969,1046
393024,966,1046
393025,959,1045
393026,954,1045
393027,959,1046
393028,962,1051
393029,966,1048
393030,967,1049
393031,967,1045
393032,964,1045
393033,966,1047
393034,967,1051
393035,969,1049
393036,967,1045
393037,965,1042
393038,962,1040
393039,961,1043
393040,964,1048
393041,965,1046
393042,967,1043
393043,965,1040
393044,961,1041
393045,964,1043
393046,965,1045
393047,965,1046
393048,965,1043
393049,963,1039
393050,961,1042
393051,965,1044
393052,968,1048
393053,971,1050
393054,967,1044
393055,963,1041
393056,961,1040
393057,964,1042
393058,966,1044
393059,970,1045
393060,969,1041
393061,965,1040
393062,962,1041
393063,962,1040
393064,963,1042
393065,965,1044
393066,964,1043
393067,963,1038
393068,961,1041
393069,961,1044
393070,967,1046
393071,970,1045
393072,968,1041
393073,964,1042
393074,962,1042
393075,962,1045
393076,967,1049
393077,971,1049
393078,969,1046
393079,962,1045
393080,958,1045
393081,959,1044
393082,962,1049
393083,965,1048
393084,967,1046
393085,963,1043
393086,961,1043
393087,962,1041
393088,964,1046
393089,967,1045
393090,963,1041
393091,963,1040
393092,957,1042
393093,959,1042
393094,962,1046
393095,966,1048
393096,962,1044
393097,965,1044
393098,960,1043
393099,964,1045
393100,966,1049
393101,969,1047
393102,972,1046
393103,969,1045
393104,963,1045
393105,966,1048
393106,967,1050
393107,968,1047
393108,966,1044
393109,965,1043
393110,961,1046
393111,966,1050
393112,967,1050
393113,970,1050
393114,967,1046
393115,961,1042
393116,959,1046
393117,960,1053
393118,964,1061
393119,966,1058
393120,966,1052
393121,967,1041
393122,966,1036
393123,967,1033
393124,968,1035
393125,968,1036
393126,966,1034
393127,962,1033
393128,962,1034
393129,966,1037
393130,969,1042
393131,969,1041
393132,964,1039
393133,962,1037
393134,958,1038
393135,961,1040
393136,964,1042
393137,964,1039
393138,959,1036
393139,960,1035
393140,959,1036
393141,963,1039
393142,964,1040
393143,964,1042
393144,961,1043
393145,961,1043
393146,961,1042
393147,964,1043
393148,971,1048
393149,972,1046
393150,969,1043
393151,966,1043
393152,964,1040
393153,965,1045
393154,963,1046
393155,967,1046
393156,970,1043
393157,969,1042
393158,966,1039
393159,967,1040
393160,969,1043
393161,966,1042
393162,966,1044
393163,966,1040
393164,965,1042
393165,968,1044
393166,972,1044
393167,974,1044
393168,971,1043
393169,969,1040
393170,970,1043
393171,972,1042
393172,970,1045
393173,969,1045
393174,971,1045
393175,972,1043
393176,972,1047
393177,973,1045
393178,971,1050
393179,978,1049
393180,977,1048
393181,980,1047
393182,979,1047
393183,976,1048
393184,972,1048
393185,976,1043
393186,976,1041
393187,976,1035
393188,979,1031
393189,987,1033
393190,1005,1031
393191,1027,1025
393192,1047,1023
393193,1072,1017
393194,1105,1009
393195,1144,1002
393196,1185,1000
393197,1231,1003
393198,1265,1011
393199,1278,1022
393200,1267,1039
393201,1235,1053
393202,1182,1055
393203,1121,1054
393204,1058,1058
393205,1000,1066
393206,953,1077
393207,931,1084
393208,931,1087
393209,944,1081
393210,953,1072
393211,960,1061
393212,958,1051
393213,957,1049
393214,960,1047
393215,960,1043
393216,952,1042
393217,948,1038
393218,945,1035
393219,944,1039
393220,948,1041
393221,950,1043
393222,945,1039
393223,943,1042
393224,942,1042
393225,944,1045
393226,948,1048
393227,950,1045
393228,946,1044
393229,943,1041
393230,944,1044
393231,942,1045
393232,943,1050
393233,945,1051
393234,944,1048
393235,942,1045
393236,945,1044
393237,946,1048
393238,944,1049
393239,943,1048
393240,942,1046
393241,942,1044
393242,941,1044
393243,943,1048
393244,944,1048
393245,945,1047
393246,942,1043
393247,935,1043
393248,933,1044
393249,937,1043
393250,943,1047
393251,946,1048
393252,945,1049
393253,943,1048
393254,940,1049
393255,939,1052
393256,942,1048
393257,943,1046
393258,944,1043
393259,946,1033
393260,945,1032
393261,947,1028
393262,951,1028
393263,952,1026
393264,952,1025
393265,950,1021
393266,948,1021
393267,947,1020
393268,952,1023
393269,959,1021
393270,961,1016
393271,961,1016
393272,961,1012
393273,963,1014
393274,964,1015
393275,961,1015
393276,960,1014
393277,960,1008
393278,959,1007
393279,964,1009
393280,967,1012
393281,969,1009
393282,971,1006
393283,970,1003
393284,970,1004
393285,972,1004
393286,976,1005
393287,976,1006
393288,972,1004
393289,971,1003
393290,970,1002
393291,974,1003
393292,977,1003
393293,978,1005
393294,977,1004
393295,972,1000
393296,973,1003
393297,978,1006
393298,983,1007
393299,985,1007
393300,981,1004
393301,976,1006
393302,971,1006
393303,973,1009
393304,979,1015
393305,985,1013
393306,985,1013
393307,983,1015
393308,979,1021
393309,974,1029
393310,975,1032
393311,973,1035
393312,972,1032
393313,971,1035
393314,969,1037
393315,968,1036
393316,968,1041
393317,969,1040
393318,964,1044
393319,963,1046
393320,959,1052
393321,962,1055
393322,967,1054
393323,968,1049
393324,969,1047
393325,965,1042
393326,961,1042
393327,958,1046
393328,963,1052
393329,969,1048
393330,969,1048
393331,965,1046
393332,961,1046
393333,964,1045
393334,966,1051
393335,964,1050
393336,960,1047
393337,956,1045
393338,960,1044
393339,964,1049
393340,971,1050
393341,977,1048
393342,972,1047
393343,969,1040
393344,958,1041
393345,961,1044
393346,963,1043
393347,970,1043
393348,972,1041
393349,969,1038
393350,960,1036
393351,960,1040
393352,965,1042
393353,971,1043
393354,969,1039
393355,963,1036
393356,956,1038
393357,958,1039
393358,963,1042
393359,965,1039
393360,964,1034
393361,964,1033
393362,961,1033
393363,963,1036
393364,966,1039
393365,969,1039
393366,967,1037
393367,964,1038
393368,959,1036
393369,962,1041
393370,965,1044
393371,968,1043
393372,969,1042
393373,968,1040
393374,965,1040
393375,962,1042
393376,963,1046
393377,964,1044
393378,962,1043
393379,960,1040
393380,960,1041
393381,961,1044
393382,965,1047
393383,967,1045
393384,962,1046
393385,955,1047
393386,956,1053
393387,961,1059
393388,966,1065
393389,971,1073
393390,970,1070
393391,970,1063
393392,969,1054
393393,968,1044
393394,974,1034
393395,971,1029
393396,967,1029
393397,958,1027
393398,961,1031
393399,964,1034
393400,969,1038
393401,972,1038
393402,966,1037
393403,963,1034
393404,956,1035
393405,957,1039
393406,960,1041
393407,961,1044
393408,958,1040
393409,957,1038
393410,956,1039
393411,958,1044
393412,958,1044
393413,961,1044
393414,961,1041
393415,958,1038
393416,953,1040
393417,956,1040
393418,957,1048
393419,959,1046
393420,957,1044
393421,955,1042
393422,952,1042
393423,952,1043
393424,954,1046
393425,956,1047
393426,958,1045
393427,958,1041
393428,954,1043
393429,958,1047
393430,959,1048
393431,963,1048
393432,963,1048
393433,956,1044
393434,954,1047
393435,955,1047
393436,958,1050
393437,964,1051
393438,966,1047
393439,962,1048
393440,962,1045
393441,964,1048
393442,968,1049
393443,970,1050
393444,967,1051
393445,962,1046
393446,961,1044
393447,965,1045
393448,966,1049
393449,969,1046
393450,963,1045
393451,963,1046
393452,958,1044
393453,959,1048
393454,957,1050
393455,962,1050
393456,964,1049
393457,964,1047
393458,960,1046
393459,962,1048
393460,960,1051
393461,959,1051
393462,958,1051
393463,956,1047
393464,955,1049
393465,955,1053
393466,957,1054
393467,957,1056
393468,954,1058
393469,951,1060
393470,953,1061
393471,956,1060
393472,958,1054
393473,961,1048
393474,959,1045
393475,953,1051
393476,948,1063
393477,952,1071
393478,960,1069
393479,962,1057
393480,960,1046
393481,959,1037
393482,958,1035
393483,957,1039
393484,959,1047
393485,961,1046
393486,964,1044
393487,963,1044
393488,957,1045
393489,959,1046
393490,962,1050
393491,964,1050
393492,964,1050
393493,962,1049
393494,963,1050
393495,967,1051
393496,972,1053
393497,971,1051
393498,967,1050
393499,963,1047
393500,962,1048
393501,963,1051
393502,965,1056
393503,973,1050
393504,971,1049
393505,970,1045
393506,967,1047
393507,970,1050
393508,972,1051
393509,976,1052
393510,973,1049
393511,968,1048
393512,971,1048
393513,970,1048
393514,972,1051
393515,979,1047
393516,985,1042
393517,991,1037
393518,998,1037
393519,1013,1039
393520,1034,1039
393521,1060,1035
393522,1094,1028
393523,1132,1016
393524,1173,1011
393525,1219,1011
393526,1261,1018
393527,1299,1030
393528,1308,1046
393529,1287,1058
393530,1236,1064
393531,1170,1067
393532,1110,1075
393533,1044,1085
393534,979,1093
393535,939,1096
393536,930,1097
393537,939,1097
393538,956,1087
393539,963,1075
393540,968,1064
393541,966,1057
393542,962,1058
393543,958,1055
393544,962,1058
393545,960,1057
393546,958,1057
393547,952,1053
393548,955,1054
393549,956,1056
393550,957,1060
393551,956,1060
393552,956,1058
393553,954,1055
393554,950,1057
393555,952,1062
393556,954,1060
393557,957,1060
393558,955,1056
393559,952,1056
393560,951,1058
393561,953,1059
393562,956,1062
393563,958,1059
393564,953,1056
393565,944,1054
393566,946,1055
393567,950,1057
393568,953,1059
393569,956,1058
393570,958,1057
393571,951,1052
393572,950,1053
393573,949,1055
393574,950,1062
393575,951,1059
393576,949,1055
393577,944,1051
393578,944,1053
393579,946,1054
393580,946,1060
393581,954,1057
393582,956,1055
393583,952,1051
393584,953,1050
393585,951,1050
393586,954,1052
393587,952,1051
393588,957,1049
393589,958,1046
393590,957,1045
393591,962,1047
393592,967,1047
393593,969,1046
393594,970,1044
393595,970,1040
393596,968,1037
393597,972,1038
393598,978,1042
393599,980,1038
393600,982,1036
393601,980,1031
393602,983,1032
393603,983,1034
393604,988,1033
393605,993,1027
393606,989,1027
393607,988,1023
393608,985,1022
393609,988,1023
393610,994,1021
393611,996,1019
393612,995,1016
393613,993,1014
393614,992,1014
393615,994,1014
393616,996,1017
393617,999,1016
393618,997,1014
393619,996,1011
393620,994,1011
393621,991,1015
393622,994,1017
393623,996,1020
393624,995,1019
393625,997,1018
393626,995,1021
393627,995,1024
393628,995,1027
393629,999,1028
393630,995,1029
393631,989,1026
393632,989,1029
393633,988,1032
393634,989,1039
393635,994,1041
393636,988,1041
393637,980,1041
393638,978,1046
393639,978,1052
393640,976,1052
393641,978,1054
393642,975,1053
393643,971,1050
393644,968,1053
393645,968,1055
393646,969,1062
393647,973,1061
393648,972,1059
393649,968,1059
393650,966,1060
393651,968,1063
393652,965,1065
393653,969,1064
393654,966,1062
393655,964,1062
393656,961,1061
393657,963,1064
393658,967,1065
393659,965,1064
393660,963,1061
393661,961,1058
393662,961,1058
393663,960,1062
393664,965,1064
393665,966,1062
393666,963,1062
393667,961,1058
393668,965,1059
393669,967,1059
393670,971,1064
393671,973,1062
393672,972,1058
393673,969,1054
393674,966,1053
393675,967,1057
393676,972,1058
393677,975,1061
393678,975,1059
393679,974,1056
393680,973,1057
393681,971,1060
393682,974,1061
393683,979,1061
393684,975,1055
393685,971,1055
393686,971,1053
393687,971,1057
393688,977,1059
393689,979,1056
393690,978,1054
393691,976,1053
393692,969,1054
393693,972,1056
393694,975,1058
393695,975,1057
393696,978,1055
393697,975,1053
393698,976,1055
393699,978,1055
393700,980,1055
393701,979,1057
393702,977,1055
393703,972,1056
393704,974,1057
393705,978,1060
393706,979,1061
393707,981,1058
393708,975,1057
393709,975,1054
393710,971,1055
393711,975,1058
393712,976,1060
393713,979,1061
393714,977,1062
393715,974,1062
393716,970,1063
393717,973,1065
393718,976,1064
393719,978,1061
393720,978,1058
393721,975,1054
393722,973,1053
393723,970,1055
393724,976,1060
393725,977,1059
393726,979,1054
393727,972,1052
393728,970,1054
393729,975,1056
393730,976,1059
393731,982,1056
393732,979,1054
393733,972,1054
393734,972,1054
393735,972,1057
393736,976,1061
393737,980,1062
393738,981,1060
393739,979,1057
393740,977,1058
393741,976,1057
393742,978,1064
393743,981,1062
393744,978,1058
393745,972,1056
393746,968,1054
393747,970,1059
393748,974,1062
393749,977,1060
393750,977,1058
393751,977,1058
393752,976,1059
393753,974,1059
393754,976,1063
393755,978,1062
393756,980,1059
393757,978,1056
393758,976,1058
393759,977,1062
393760,977,1063
393761,978,1061
393762,974,1060
393763,972,1056
393764,967,1056
393765,967,1058
393766,966,1062
393767,968,1060
393768,969,1058
393769,966,1057
393770,967,1058
393771,973,1060
393772,976,1063
393773,976,1062
393774,975,1059
393775,973,1058
393776,975,1058
393777,977,1057
393778,979,1060
393779,982,1061
393780,982,1055
393781,984,1048
393782,992,1044
393783,1002,1047
393784,1019,1046
393785,1040,1042
393786,1072,1036
393787,1102,1027
393788,1145,1012
393789,1189,1004
393790,1237,1004
393791,1281,1006
393792,1311,1021
393793,1313,1040
393794,1284,1055
393795,1231,1064
393796,1163,1069
393797,1097,1079
393798,1029,1091
393799,980,1099
393800,953,1105
393801,954,1106
393802,968,1099
393803,979,1086
393804,984,1073
393805,985,1063
393806,978,1061
393807,976,1059
393808,978,1061
393809,972,1058
393810,964,1057
393811,955,1055
393812,953,1057
393813,957,1059
393814,958,1063
393815,957,1060
393816,956,1056
393817,948,1056
393818,948,1055
393819,949,1056
393820,954,1056
393821,954,1055
393822,955,1057
393823,949,1054
393824,947,1055
393825,952,1055
393826,956,1057
393827,958,1058
393828,952,1053
393829,949,1053
393830,947,1051
393831,953,1054
393832,957,1057
393833,960,1055
393834,957,1052
393835,953,1050
393836,953,1050
393837,957,1050
393838,962,1054
393839,963,1050
393840,961,1046
393841,956,1045
393842,956,1047
393843,955,1049
393844,959,1050
393845,961,1050
393846,963,1046
393847,961,1043
393848,960,1043
393849,962,1044
393850,963,1049
393851,966,1047
393852,966,1043
393853,964,1038
393854,966,1036
393855,967,1036
393856,972,1037
393857,972,1033
393858,964,1028
393859,964,1026
393860,965,1024
393861,970,1024
393862,971,1024
393863,973,1019
393864,973,1013
393865,975,1011
393866,973,1010
393867,978,1012
393868,983,1012
393869,984,1009
393870,982,1004
393871,979,999
393872,981,998
393873,985,1000
393874,989,1005
393875,998,1004
393876,996,1002
393877,994,998
393878,994,999
393879,993,1000
393880,996,1001
393881,999,1000
393882,999,998
393883,999,997
393884,999,997
393885,1001,999
393886,1002,1003
393887,999,1003
393888,995,1003
393889,991,1002
393890,993,1003
393891,996,1009
393892,996,1013
393893,1001,1014
393894,999,1014
393895,995,1017
393896,995,1021
393897,991,1028
393898,996,1031
393899,995,1032
393900,990,1032
393901,986,1032
393902,979,1033
393903,980,1040
393904,979,1043
393905,979,1044
393906,979,1045
393907,976,1043
393908,971,1044
393909,972,1049
393910,970,1052
393911,971,1050
393912,968,1050
393913,972,1047
393914,975,1048
393915,976,1049
393916,976,1052
393917,973,1049
393918,968,1047
393919,962,1047
393920,964,1047
393921,967,1050
393922,973,1054
393923,970,1051
393924,965,1048
393925,966,1047
393926,967,1048
393927,972,1052
393928,972,1053
393929,974,1054
393930,973,1054
393931,971,1053
393932,969,1053
393933,970,1056
393934,974,1059
393935,972,1058
393936,975,1051
393937,975,1046
393938,973,1047
393939,971,1047
393940,977,1048
393941,980,1051
393942,979,1049
393943,975,1049
393944,974,1049
393945,972,1050
393946,978,1053
393947,983,1054
393948,979,1050
393949,978,1049
393950,980,1048
393951,982,1050
393952,988,1055
393953,988,1053
393954,984,1049
393955,984,1045
393956,984,1045
393957,983,1046
393958,980,1045
393959,978,1046
393960,975,1042
393961,976,1039
393962,976,1041
393963,980,1043
393964,980,1042
393965,983,1042
393966,983,1039
393967,979,1038
393968,981,1037
393969,981,1041
393970,986,1043
393971,986,1042
393972,986,1040
393973,981,1039
393974,979,1041
393975,981,1045
393976,982,1044
393977,984,1043
393978,978,1042
393979,978,1039
393980,979,1042
393981,978,1045
393982,982,1050
393983,981,1053
393984,976,1051
393985,972,1048
393986,969,1049
393987,970,1051
393988,972,1055
393989,975,1053
393990,976,1052
393991,972,1050
393992,971,1049
393993,974,1055
393994,976,1056
393995,977,1056
393996,979,1053
393997,976,1048
393998,973,1050
393999,974,1050
394000,977,1053
394001,981,1050
394002,980,1049
394003,978,1046
394004,973,1048
394005,975,1051
394006,981,1053
394007,985,1050
394008,980,1048
394009,979,1048
394010,976,1048
394011,978,1049
394012,983,1050
394013,983,1049
394014,980,1049
394015,976,1044
394016,973,1045
394017,978,1048
394018,977,1050
394019,975,1050
394020,974,1047
394021,974,1046
394022,975,1047
394023,974,1051
394024,977,1049
394025,979,1046
394026,979,1045
394027,976,1042
394028,977,1041
394029,979,1045
394030,979,1048
394031,982,1045
394032,986,1044
394033,982,1044
394034,982,1044
394035,980,1048
394036,979,1055
394037,983,1052
394038,983,1050
394039,983,1045
394040,980,1048
394041,983,1053
394042,987,1053
394043,986,1053
394044,985,1050
394045,983,1050
394046,983,1046
394047,988,1048
394048,990,1050
394049,993,1049
394050,993,1047
394051,989,1047
394052,986,1046
394053,984,1050
394054,989,1056
394055,989,1058
394056,988,1053
394057,984,1049
394058,983,1044
394059,988,1041
394060,995,1036
394061,1008,1032
394062,1017,1031
394063,1028,1026
394064,1039,1023
394065,1066,1023
394066,1101,1016
394067,1142,1002
394068,1178,992
394069,1211,988
394070,1252,996
394071,1290,1012
394072,1309,1039
394073,1299,1058
394074,1261,1061
394075,1203,1059
394076,1138,1063
394077,1077,1080
394078,1022,1095
394079,976,1103
394080,948,1110
394081,950,1110
394082,962,1101
394083,969,1091
394084,977,1081
394085,984,1071
394086,987,1062
394087,982,1057
394088,978,1054
394089,976,1054
394090,977,1053
394091,979,1050
394092,975,1047
394093,973,1046
394094,968,1044
394095,968,1048
394096,967,1048
394097,970,1051
394098,968,1045
394099,967,1044
394100,968,1045
394101,963,1046
394102,967,1050
394103,970,1050
394104,966,1048
394105,964,1044
394106,967,1043
394107,965,1048
394108,970,1049
394109,975,1049
394110,973,1045
394111,969,1044
394112,966,1045
394113,966,1046
394114,970,1049
394115,972,1049
394116,968,1046
394117,965,1045
394118,964,1045
394119,968,1046
394120,973,1048
394121,979,1047
394122,980,1044
394123,977,1041
394124,973,1040
394125,974,1043
394126,978,1043
394127,975,1041
394128,973,1038
394129,969,1035
394130,968,1037
394131,972,1040
394132,977,1045
394133,978,1041
394134,976,1037
394135,972,1033
394136,972,1031
394137,971,1031
394138,976,1030
394139,978,1030
394140,980,1025
394141,979,1021
394142,979,1020
394143,982,1023
394144,986,1023
394145,987,1018
394146,984,1015
394147,985,1011
394148,986,1011
394149,988,1012
394150,990,1011
394151,997,1008
394152,997,1005
394153,999,1002
394154,1000,1000
394155,1001,1002
394156,1004,1005
394157,1006,1001
394158,1003,999
394159,998,995
394160,1002,995
394161,1006,999
394162,1011,1001
394163,1015,997
394164,1015,995
394165,1012,994
394166,1008,995
394167,1010,996
394168,1012,998
394169,1013,995
394170,1012,996
394171,1008,996
394172,1008,997
394173,1011,1002
394174,1015,1006
394175,1016,1005
394176,1017,1004
394177,1014,1002
394178,1015,1007
394179,1011,1011
394180,1010,1015
394181,1006,1017
394182,1005,1018
394183,1001,1019
394184,1004,1023
394185,1007,1028
394186,1010,1035
394187,1005,1030
394188,1002,1031
394189,995,1031
394190,994,1034
394191,992,1037
394192,996,1046
394193,1000,1047
394194,998,1045
394195,994,1045
394196,993,1046
394197,995,1052
394198,998,1054
394199,998,1056
394200,997,1052
394201,995,1052
394202,988,1052
394203,991,1054
394204,997,1058
394205,998,1059
394206,998,1056
394207,996,1054
394208,997,1055
394209,999,1056
394210,1003,1060
394211,1006,1059
394212,1010,1057
394213,1011,1056
394214,1012,1058
394215,1019,1059
394216,1027,1064
394217,1027,1065
394218,1029,1064
394219,1030,1064
394220,1036,1062
394221,1049,1061
394222,1068,1056
394223,1085,1042
394224,1095,1022
394225,1102,1006
394226,1115,992
394227,1133,981
394228,1148,971
394229,1164,956
394230,1176,940
394231,1186,921
394232,1200,901
394233,1222,885
394234,1241,867
394235,1261,849
394236,1277,832
394237,1284,818
394238,1286,812
394239,1285,815
394240,1283,822
394241,1281,821
394242,1276,819
394243,1269,816
394244,1262,815
394245,1252,818
394246,1233,822
394247,1206,826
394248,1180,831
394249,1154,838
394250,1127,852
394251,1105,867
394252,1085,881
394253,1067,893
394254,1060,904
394255,1057,915
394256,1056,934
394257,1047,947
394258,1044,960
394259,1037,968
394260,1038,973
394261,1039,981
394262,1054,990
394263,1072,1002
394264,1093,1008
394265,1104,1007
394266,1100,1008
394267,1079,1008
394268,1047,1018
394269,1013,1030
394270,985,1043
394271,965,1056
394272,952,1071
394273,942,1079
394274,936,1094
394275,938,1103
394276,936,1108
394277,935,1110
394278,928,1112
394279,922,1111
394280,916,1114
394281,912,1119
394282,913,1125
394283,910,1124
394284,907,1126
394285,904,1125
394286,902,1127
394287,903,1132
394288,906,1135
394289,903,1136
394290,902,1138
394291,900,1133
394292,895,1136
394293,895,1140
394294,895,1146
394295,894,1146
394296,891,1147
394297,887,1145
394298,888,1147
394299,887,1152
394300,890,1159
394301,887,1159
394302,887,1158
394303,882,1157
394304,883,1160
394305,886,1164
394306,889,1168
394307,889,1167
394308,890,1166
394309,886,1167
394310,891,1172
394311,890,1174
394312,892,1179
394313,893,1180
394314,891,1181
394315,888,1181
394316,891,1185
394317,894,1189
394318,898,1195
394319,901,1196
394320,899,1197
394321,897,1198
394322,898,1201
394323,903,1207
394324,903,1210
394325,908,1212
394326,908,1212
394327,907,1211
394328,906,1216
394329,911,1218
394330,914,1222
394331,921,1217
394332,921,1218
394333,920,1213
394334,919,1216
394335,924,1214
394336,930,1215
394337,934,1210
394338,937,1206
394339,939,1200
394340,940,1196
394341,945,1197
394342,948,1193
394343,954,1186
394344,953,1178
394345,952,1171
394346,952,1167
394347,960,1164
394348,962,1162
394349,967,1153
394350,967,1147
394351,967,1141
394352,967,1135
394353,972,1132
394354,980,1129
394355,984,1122
394356,983,1115
394357,981,1108
394358,982,1105
394359,985,1103
394360,989,1103
394361,990,1097
394362,990,1092
394363,989,1084
394364,989,1084
394365,988,1084
394366,996,1084
394367,995,1083
394368,991,1080
394369,992,1075
394370,990,1073
394371,994,1073
394372,996,1074
394373,1001,1072
394374,998,1070
394375,994,1066
394376,993,1066
394377,994,1070
394378,995,1072
394379,996,1072
394380,994,1069
394381,992,1070
394382,990,1072
394383,992,1068
394384,996,1073
394385,1000,1070
394386,997,1068
394387,994,1066
394388,993,1069
394389,990,1068
394390,991,1070
394391,994,1069
394392,997,1064
394393,992,1063
394394,988,1062
394395,991,1064
394396,990,1067
394397,997,1066
394398,994,1061
394399,991,1057
394400,989,1058
394401,991,1061
394402,995,1061
394403,999,1057
394404,996,1054
394405,992,1053
394406,994,1052
394407,995,1053
394408,1001,1055
394409,1001,1056
394410,1000,1053
394411,997,1051
394412,994,1052
394413,997,1056
394414,1003,1060
394415,1003,1058
394416,999,1053
394417,997,1053
394418,996,1055
394419,996,1058
394420,1003,1063
394421,1003,1058
394422,1000,1057
394423,999,1056
394424,998,1055
394425,995,1058
394426,1004,1061
394427,1004,1058
394428,1000,1056
394429,997,1052
394430,991,1055
394431,995,1056
394432,1001,1061
394433,1002,1059
394434,1002,1057
394435,997,1056
394436,998,1061
394437,996,1063
394438,999,1065
394439,1000,1064
394440,997,1061
394441,993,1061
394442,991,1060
394443,992,1061
394444,995,1063
394445,999,1062
394446,998,1060
394447,994,1056
394448,992,1057
394449,990,1060
394450,994,1063
394451,996,1061
394452,993,1060
394453,992,1058
394454,994,1059
394455,995,1066
394456,998,1069
394457,1000,1067
394458,999,1063
394459,996,1060
394460,997,1060
394461,999,1064
394462,1003,1067
394463,1003,1061
394464,1002,1059
394465,998,1057
394466,999,1058
394467,1003,1060
394468,1004,1061
394469,1005,1062
394470,1002,1058
394471,1000,1058
394472,998,1059
394473,1000,1060
394474,1001,1064
394475,1003,1063
394476,1003,1062
394477,1003,1060
394478,1000,1059
394479,1001,1059
394480,1004,1061
394481,1004,1061
394482,1003,1059
394483,1000,1058
394484,999,1058
394485,1004,1060
394486,1007,1060
394487,1009,1061
394488,1008,1060
394489,1003,1059
394490,998,1060
394491,1001,1062
394492,1002,1064
394493,1005,1065
394494,1000,1059
394495,998,1058
394496,999,1061
394497,997,1063
394498,1004,1065
394499,1005,1064
394500,1002,1061
394501,998,1058
394502,996,1056
394503,997,1060
394504,1002,1061
394505,1004,1061
394506,1002,1060
394507,997,1057
394508,996,1059
394509,999,1060
394510,1003,1064
394511,1003,1065
394512,998,1063
394513,997,1061
394514,995,1062
394515,1001,1064
394516,1006,1066
394517,1010,1064
394518,1009,1062
394519,1008,1059
394520,1008,1057
394521,1010,1058
394522,1012,1061
394523,1008,1063
394524,1009,1062
394525,1007,1058
394526,1006,1059
394527,1010,1061
394528,1011,1063
394529,1012,1061
394530,1013,1058
394531,1010,1056
394532,1006,1058
394533,1004,1059
394534,1008,1062
394535,1010,1062
394536,1009,1057
394537,1008,1055
394538,1007,1058
394539,1009,1061
394540,1012,1064
394541,1011,1064
394542,1011,1059
394543,1010,1058
394544,1007,1056
394545,1010,1057
394546,1010,1060
394547,1011,1063
394548,1007,1058
394549,1008,1057
394550,1008,1059
394551,1007,1061
394552,1008,1063
394553,1012,1064
394554,1011,1062
394555,1008,1058
394556,1008,1056
394557,1011,1058
394558,1014,1061
394559,1011,1058
394560,1010,1058
394561,1007,1057
394562,1004,1060
394563,1005,1062
394564,1006,1065
394565,1009,1065
394566,1008,1062
394567,1005,1062
394568,1007,1063
394569,1008,1064
394570,1013,1064
394571,1018,1064
394572,1013,1061
394573,1015,1057
394574,1012,1057
394575,1014,1061
394576,1018,1064
394577,1022,1063
394578,1020,1057
394579,1016,1057
394580,1014,1058
394581,1015,1064
394582,1020,1064
394583,1022,1063
394584,1020,1059
394585,1021,1054
394586,1023,1055
394587,1030,1051
394588,1043,1052
394589,1055,1049
394590,1069,1044
394591,1086,1039
394592,1109,1037
394593,1138,1032
394594,1175,1023
394595,1212,1008
394596,1249,999
394597,1283,997
394598,1314,1001
394599,1340,1016
394600,1346,1036
394601,1327,1046
394602,1278,1049
394603,1215,1051
394604,1147,1061
394605,1089,1077
394606,1034,1090
394607,999,1095
394608,981,1092
394609,979,1088
394610,990,1079
394611,1006,1074
394612,1012,1065
394613,1015,1060
394614,1010,1053
394615,1003,1053
394616,997,1055
394617,999,1058
394618,1001,1062
394619,1000,1063
394620,998,1063
394621,995,1059
394622,993,1059
394623,993,1062
394624,991,1066
394625,992,1065
394626,991,1064
394627,988,1059
394628,988,1062
394629,991,1067
394630,992,1069
394631,994,1068
394632,995,1063
394633,992,1063
394634,993,1064
394635,995,1067
394636,994,1068
394637,997,1068
394638,996,1068
394639,993,1062
394640,995,1063
394641,996,1067
394642,998,1066
394643,998,1063
394644,990,1062
394645,989,1060
394646,986,1062
394647,990,1063
394648,987,1065
394649,994,1065
394650,994,1060
394651,992,1059
394652,988,1060
394653,990,1060
394654,993,1062
394655,992,1062
394656,986,1058
394657,987,1056
394658,984,1058
394659,991,1059
394660,992,1058
394661,996,1059
394662,994,1055
394663,993,1051
394664,993,1050
394665,993,1053
394666,996,1052
394667,999,1051
394668,1000,1046
394669,1000,1043
394670,1000,1044
394671,1003,1047
394672,1007,1049
394673,1010,1045
394674,1008,1042
394675,1008,1038
394676,1004,1040
394677,1010,1042
394678,1014,1042
394679,1019,1039
394680,1019,1036
394681,1020,1033
394682,1019,1035
394683,1021,1036
394684,1024,1036
394685,1024,1032
394686,1022,1030
394687,1023,1028
394688,1023,1028
394689,1027,1031
394690,1030,1032
394691,1029,1028
394692,1031,1026
394693,1028,1025
394694,1029,1026
394695,1029,1027
394696,1034,1028
394697,1037,1025
394698,1034,1023
394699,1033,1020
394700,1034,1023
394701,1036,1024
394702,1037,1028
394703,1036,1027
394704,1033,1024
394705,1027,1023
394706,1029,1026
394707,1030,1027
394708,1035,1032
394709,1037,1032
394710,1036,1033
394711,1030,1032
394712,1031,1036
394713,1029,1042
394714,1033,1045
394715,1030,1048
394716,1026,1046
394717,1022,1045
394718,1020,1047
394719,1022,1052
394720,1023,1058
394721,1020,1056
394722,1019,1056
394723,1013,1052
394724,1014,1055
394725,1013,1058
394726,1016,1062
394727,1017,1060
394728,1015,1059
394729,1012,1055
394730,1010,1056
394731,1012,1062
394732,1012,1065
394733,1013,1063
394734,1009,1060
394735,1004,1058
394736,1004,1058
394737,1005,1060
394738,1010,1064
394739,1006,1064
394740,1006,1060
394741,1003,1060
394742,1003,1057
394743,1005,1062
394744,1008,1063
394745,1007,1062
394746,1003,1057
394747,1000,1057
394748,998,1056
394749,1001,1058
394750,998,1059
394751,999,1057
394752,1000,1056
394753,1000,1055
394754,998,1059
394755,1000,1062
394756,1002,1064
394757,1002,1061
394758,999,1058
394759,995,1057
394760,996,1060
394761,998,1064
394762,1006,1067
394763,1006,1064
394764,1002,1060
394765,999,1060
394766,995,1061
394767,999,1064
394768,1001,1064
394769,1000,1063
394770,998,1062
394771,997,1057
394772,999,1057
394773,1003,1064
394774,1006,1064
394775,1006,1062
394776,1004,1059
394777,1002,1054
394778,1004,1057
394779,1006,1062
394780,1008,1062
394781,1009,1061
394782,1006,1060
394783,1004,1057
394784,1003,1057
394785,1008,1057
394786,1009,1059
394787,1009,1057
394788,1007,1057
394789,1002,1054
394790,1003,1053
394791,1002,1054
394792,1004,1057
394793,1003,1056
394794,1001,1050
394795,998,1050
394796,996,1052
394797,998,1055
394798,1000,1054
394799,998,1053
394800,994,1049
394801,994,1050
394802,992,1051
394803,994,1054
394804,998,1055
394805,998,1056
394806,994,1052
394807,989,1052
394808,992,1056
394809,992,1062
394810,994,1066
394811,993,1064
394812,995,1060
394813,992,1058
394814,991,1057
394815,994,1063
394816,995,1063
394817,997,1064
394818,996,1062
394819,995,1060
394820,994,1062
394821,993,1064
394822,998,1065
394823,997,1065
394824,998,1063
394825,998,1059
394826,999,1063
394827,997,1064
394828,997,1065
394829,998,1062
394830,998,1063
394831,995,1064
394832,993,1065
394833,997,1069
394834,997,1069
394835,996,1069
394836,995,1068
394837,994,1066
394838,993,1066
394839,995,1069
394840,998,1069
394841,995,1070
394842,995,1064
394843,991,1062
394844,987,1061
394845,995,1063
394846,994,1064
394847,997,1065
394848,995,1063
394849,988,1058
394850,990,1060
394851,990,1060
394852,991,1064
394853,989,1063
394854,989,1059
394855,986,1060
394856,985,1060
394857,987,1062
394858,991,1065
394859,987,1064
394860,987,1060
394861,985,1056
394862,983,1059
394863,986,1062
394864,986,1065
394865,993,1066
394866,992,1063
394867,989,1064
394868,987,1067
394869,989,1068
394870,989,1071
394871,990,1070
394872,991,1065
394873,989,1065
394874,987,1065
394875,989,1069
394876,995,1070
394877,998,1069
394878,995,1066
394879,991,1061
394880,990,1063
394881,990,1068
394882,995,1069
394883,998,1063
394884,992,1058
394885,992,1060
394886,992,1058
394887,994,1062
394888,997,1063
394889,997,1063
394890,992,1063
394891,988,1061
394892,986,1064
394893,987,1063
394894,992,1063
394895,993,1063
394896,990,1058
394897,990,1055
394898,992,1058
394899,996,1059
394900,995,1061
394901,997,1060
394902,994,1058
394903,992,1056
394904,993,1058
394905,994,1060
394906,995,1063
394907,997,1062
394908,994,1060
394909,990,1057
394910,991,1057
394911,991,1059
394912,995,1061
394913,991,1062
394914,987,1060
394915,985,1057
394916,985,1058
394917,990,1063
394918,993,1064
394919,992,1063
394920,990,1061
394921,990,1059
394922,988,1061
394923,990,1064
394924,995,1067
394925,996,1063
394926,994,1062
394927,990,1062
394928,990,1062
394929,992,1065
394930,993,1067
394931,995,1061
394932,990,1062
394933,986,1059
394934,986,1060
394935,990,1065
394936,992,1067
394937,996,1066
394938,992,1064
394939,992,1061
394940,991,1064
394941,993,1066
394942,996,1069
394943,997,1065
394944,994,1064
394945,991,1063
394946,993,1064
394947,996,1066
394948,995,1065
394949,995,1065
394950,991,1062
394951,989,1062
394952,986,1060
394953,991,1063
394954,991,1066
394955,994,1060
394956,994,1059
394957,990,1056
394958,994,1056
394959,991,1059
394960,995,1060
394961,995,1060
394962,992,1058
394963,989,1056
394964,993,1058
394965,992,1063
394966,996,1060
394967,993,1059
394968,989,1058
394969,988,1055
394970,987,1057
394971,987,1058
394972,991,1063
394973,992,1063
394974,989,1059
394975,990,1058
394976,992,1060
394977,993,1058
394978,997,1061
394979,996,1063
394980,992,1060
394981,988,1060
394982,985,1062
394983,992,1063
394984,995,1066
394985,998,1064
394986,999,1067
394987,996,1065
394988,995,1064
394989,997,1065
394990,1002,1067
394991,1002,1065
394992,1001,1065
394993,996,1061
394994,996,1060
394995,999,1061
394996,1003,1063
394997,1007,1061
394998,1003,1060
394999,999,1059
395000,998,1058
395001,999,1063
395002,1002,1063
395003,1002,1061
395004,994,1060
395005,996,1057
395006,996,1059
395007,1000,1060
395008,1002,1064
395009,1000,1061
395010,996,1060
395011,995,1053
395012,994,1055
395013,995,1058
395014,998,1060
395015,998,1057
395016,996,1055
395017,994,1052
395018,992,1055
395019,995,1056
395020,999,1056
395021,997,1056
395022,997,1053
395023,993,1050
395024,994,1053
395025,997,1054
395026,1001,1059
395027,1002,1057
395028,1002,1057
395029,997,1056
395030,995,1057
395031,994,1059
395032,999,1061
395033,1006,1059
395034,1005,1057
395035,1002,1055
395036,1003,1055
395037,1007,1060
395038,1006,1062
395039,1006,1063
395040,1005,1060
395041,1002,1057
395042,1000,1060
395043,1005,1057
395044,1017,1059
395045,1026,1053
395046,1037,1048
395047,1052,1045
395048,1069,1042
395049,1099,1040
395050,1136,1034
395051,1176,1020
395052,1214,1004
395053,1250,997
395054,1290,996
395055,1329,1007
395056,1346,1026
395057,1325,1044
395058,1276,1053
395059,1208,1058
395060,1140,1067
395061,1072,1079
395062,1020,1086
395063,984,1089
395064,976,1087
395065,985,1080
395066,999,1074
395067,1008,1066
395068,1010,1064
395069,1005,1061
395070,998,1060
395071,993,1057
395072,994,1058
395073,996,1063
395074,997,1066
395075,996,1064
395076,992,1058
395077,985,1059
395078,982,1061
395079,982,1060
395080,982,1062
395081,981,1058
395082,979,1057
395083,976,1054
395084,977,1056
395085,980,1056
395086,983,1061
395087,983,1060
395088,982,1059
395089,979,1060
395090,980,1061
395091,981,1065
395092,984,1069
395093,980,1069
395094,979,1066
395095,977,1064
395096,977,1066
395097,981,1067
395098,983,1068
395099,983,1067
395100,977,1066
395101,973,1063
395102,972,1064
395103,978,1067
395104,986,1069
395105,985,1069
395106,982,1065
395107,976,1061
395108,976,1060
395109,976,1064
395110,980,1066
395111,982,1065
395112,979,1063
395113,976,1061
395114,979,1059
395115,984,1060
395116,987,1058
395117,988,1057
395118,989,1053
395119,986,1050
395120,990,1053
395121,991,1058
395122,997,1056
395123,1001,1055
395124,1003,1049
395125,1001,1048
395126,1001,1049
395127,1006,1049
395128,1009,1050
395129,1011,1046
395130,1012,1040
395131,1014,1036
395132,1012,1037
395133,1017,1038
395134,1021,1041
395135,1022,1041
395136,1017,1038
395137,1013,1036
395138,1012,1036
395139,1017,1038
395140,1022,1039
395141,1018,1038
395142,1015,1035
395143,1008,1034
395144,1011,1035
395145,1018,1038
395146,1021,1038
395147,1020,1037
395148,1018,1034
395149,1017,1031
395150,1018,1034
395151,1020,1039
395152,1020,1038
395153,1023,1037
395154,1025,1037
395155,1020,1035
395156,1018,1038
395157,1020,1042
395158,1025,1046
395159,1024,1046
395160,1025,1042
395161,1020,1039
395162,1019,1042
395163,1020,1044
395164,1022,1048
395165,1020,1046
395166,1019,1045
395167,1015,1046
395168,1014,1048
395169,1015,1050
395170,1017,1054
395171,1014,1059
395172,1009,1059
395173,1005,1057
395174,1006,1060
395175,1006,1063
395176,1008,1063
395177,1009,1066
395178,1005,1064
395179,1001,1064
395180,1003,1066
395181,1004,1070
395182,1003,1075
395183,1001,1071
395184,999,1067
395185,994,1065
395186,995,1065
395187,994,1068
395188,996,1069
395189,993,1069
395190,993,1065
395191,987,1063
395192,986,1064
395193,988,1067
395194,990,1069
395195,988,1065
395196,987,1065
395197,982,1063
395198,984,1066
395199,982,1068
395200,984,1071
395201,983,1067
395202,981,1063
395203,981,1063
395204,982,1063
395205,985,1065
395206,988,1066
395207,991,1063
395208,992,1061
395209,992,1058
395210,995,1059
395211,992,1059
395212,994,1061
395213,994,1062
395214,990,1060
395215,985,1058
395216,988,1061
395217,990,1060
395218,997,1066
395219,999,1062
395220,999,1059
395221,993,1058
395222,994,1062
395223,996,1066
395224,1000,1069
395225,1000,1066
395226,997,1064
395227,996,1062
395228,994,1063
395229,993,1070
395230,998,1069
395231,999,1067
395232,994,1066
395233,987,1064
395234,989,1063
395235,993,1065
395236,995,1069
395237,995,1066
395238,988,1063
395239,987,1061
395240,983,1062
395241,984,1063
395242,984,1067
395243,985,1067
395244,984,1063
395245,979,1063
395246,979,1063
395247,978,1067
395248,981,1066
395249,982,1069
395250,982,1065
395251,980,1063
395252,977,1066
395253,978,1066
395254,983,1068
395255,982,1067
395256,980,1066
395257,979,1064
395258,979,1068
395259,979,1072
395260,983,1072
395261,986,1074
395262,983,1069
395263,979,1067
395264,977,1071
395265,982,1072
395266,984,1075
395267,986,1076
395268,981,1073
395269,978,1074
395270,973,1073
395271,977,1074
395272,981,1079
395273,981,1079
395274,981,1075
395275,980,1071
395276,978,1076
395277,979,1077
395278,985,1080
395279,986,1079
395280,982,1073
395281,980,1072
395282,979,1072
395283,980,1074
395284,986,1073
395285,982,1069
395286,980,1065
395287,977,1060
395288,977,1063
395289,978,1064
395290,978,1064
395291,978,1062
395292,978,1063
395293,973,1059
395294,973,1059
395295,976,1062
395296,977,1062
395297,978,1061
395298,977,1058
395299,973,1057
395300,974,1057
395301,975,1059
395302,981,1059
395303,986,1054
395304,996,1049
395305,1006,1046
395306,1022,1044
395307,1040,1046
395308,1068,1043
395309,1105,1029
395310,1145,1015
395311,1190,1007
395312,1236,1006
395313,1278,1022
395314,1307,1046
395315,1301,1071
395316,1268,1084
395317,1209,1088
395318,1137,1095
395319,1065,1107
395320,1002,1126
395321,953,1138
395322,933,1140
395323,938,1137
395324,954,1126
395325,969,1114
395326,977,1103
395327,982,1092
395328,980,1080
395329,972,1073
395330,968,1072
395331,965,1071
395332,965,1075
395333,968,1070
395334,966,1069
395335,963,1067
395336,954,1069
395337,955,1070
395338,958,1072
395339,961,1069
395340,960,1065
395341,957,1063
395342,956,1062
395343,958,1065
395344,958,1066
395345,957,1064
395346,954,1060
395347,951,1060
395348,953,1060
395349,957,1062
395350,960,1067
395351,960,1066
395352,959,1063
395353,956,1059
395354,955,1062
395355,959,1063
395356,962,1065
395357,964,1062
395358,961,1062
395359,960,1058
395360,962,1060
395361,964,1060
395362,966,1059
395363,965,1059
395364,965,1055
395365,961,1052
395366,962,1054
395367,962,1056
395368,963,1057
395369,965,1055
395370,966,1050
395371,962,1048
395372,962,1048
395373,968,1052
395374,970,1054
395375,970,1049
395376,966,1045
395377,969,1040
395378,970,1043
395379,974,1043
395380,977,1042
395381,976,1043
395382,974,1038
395383,971,1032
395384,975,1030
395385,976,1029
395386,982,1029
395387,983,1027
395388,983,1024
395389,981,1018
395390,981,1021
395391,988,1020
395392,991,1018
395393,993,1014
395394,994,1010
395395,990,1009
395396,995,1008
395397,999,1008
395398,1004,1013
395399,1003,1009
395400,999,1007
395401,999,1007
395402,1002,1009
395403,1004,1011
395404,1007,1013
395405,1006,1013
395406,1006,1013
395407,1011,1015
395408,1010,1018
395409,1008,1022
395410,1008,1026
395411,1007,1029
395412,1005,1029
395413,1000,1032
395414,996,1038
395415,997,1040
395416,998,1048
395417,1000,1050
395418,998,1049
395419,993,1048
395420,993,1052
395421,993,1056
395422,996,1062
395423,995,1063
395424,988,1064
395425,988,1065
395426,984,1070
395427,984,1073
395428,982,1075
395429,973,1075
395430,971,1074
395431,972,1069
395432,972,1071
395433,976,1081
395434,976,1083
395435,980,1082
395436,980,1076
395437,978,1071
395438,974,1071
395439,974,1074
395440,977,1078
395441,979,1080
395442,975,1081
395443,974,1080
395444,973,1084
395445,978,1085
395446,985,1081
395447,988,1072
395448,990,1067
395449,992,1064
395450,1001,1065
395451,1008,1071
395452,1012,1076
395453,1018,1077
395454,1023,1076
395455,1027,1077
395456,1036,1070
395457,1051,1062
395458,1070,1046
395459,1083,1031
395460,1091,1011
395461,1101,1000
395462,1118,990
395463,1137,984
395464,1152,972
395465,1173,956
395466,1191,928
395467,1207,903
395468,1224,888
395469,1244,879
395470,1263,869
395471,1265,859
395472,1262,856
395473,1254,861
395474,1256,870
395475,1259,873
395476,1258,876
395477,1248,879
395478,1237,878
395479,1218,882
395480,1201,887
395481,1186,900
395482,1165,913
395483,1141,923
395484,1115,930
395485,1094,939
395486,1078,955
395487,1070,964
395488,1064,982
395489,1057,990
395490,1052,997
395491,1044,1008
395492,1040,1019
395493,1046,1027
395494,1055,1037
395495,1068,1043
395496,1079,1040
395497,1082,1035
395498,1075,1037
395499,1055,1037
395500,1020,1047
395501,979,1058
395502,952,1064
395503,933,1079
395504,931,1094
395505,927,1107
395506,924,1115
395507,920,1117
395508,916,1123
395509,910,1125
395510,908,1128
395511,905,1133
395512,901,1138
395513,899,1142
395514,900,1142
395515,898,1141
395516,898,1141
395517,896,1144
395518,895,1157
395519,896,1166
395520,892,1165
395521,888,1154
395522,885,1143
395523,885,1133
395524,887,1130
395525,883,1127
395526,874,1129
395527,864,1130
395528,866,1136
395529,867,1141
395530,869,1149
395531,863,1149
395532,858,1142
395533,854,1140
395534,853,1146
395535,850,1151
395536,853,1158
395537,848,1163
395538,846,1163
395539,844,1166
395540,847,1169
395541,853,1169
395542,854,1174
395543,852,1174
395544,850,1176
395545,842,1177
395546,838,1183
395547,845,1188
395548,851,1193
395549,851,1192
395550,850,1193
395551,850,1193
395552,847,1194
395553,847,1197
395554,852,1200
395555,852,1205
395556,855,1205
395557,853,1201
395558,853,1198
395559,854,1201
395560,857,1208
395561,859,1211
395562,866,1210
395563,876,1204
395564,886,1195
395565,894,1186
395566,899,1178
395567,901,1173
395568,901,1170
395569,899,1163
395570,903,1157
395571,911,1146
395572,920,1139
395573,919,1132
395574,924,1126
395575,922,1125
395576,925,1121
395577,937,1125
395578,945,1121
395579,949,1118
395580,949,1106
395581,945,1106
395582,949,1108
395583,954,1109
395584,958,1105
395585,962,1096
395586,964,1087
395587,964,1081
395588,963,1083
395589,962,1082
395590,962,1079
395591,964,1078
395592,966,1076
395593,969,1075
395594,972,1075
395595,973,1079
395596,976,1081
395597,977,1083
395598,975,1082
395599,972,1080
395600,975,1079
395601,973,1077
395602,971,1074
395603,973,1076
395604,979,1081
395605,981,1077
395606,989,1068
395607,991,1062
395608,991,1057
395609,988,1055
395610,987,1058
395611,984,1060
395612,982,1062
395613,983,1065
395614,986,1064
395615,990,1063
395616,992,1056
395617,991,1054
395618,993,1050
395619,995,1051
395620,992,1055
395621,990,1060
395622,989,1058
395623,989,1056
395624,988,1062
395625,987,1071
395626,993,1074
395627,997,1072
395628,995,1062
395629,990,1059
395630,980,1062
395631,978,1065
395632,983,1066
395633,986,1067
395634,989,1064
395635,990,1059
395636,997,1060
395637,1009,1062
395638,1012,1067
395639,1008,1070
395640,993,1069
395641,979,1066
395642,984,1068
395643,991,1071
395644,993,1074
395645,986,1065
395646,991,1055
395647,998,1054
395648,1001,1069
395649,1002,1085
395650,994,1105
395651,994,1115
395652,995,1109
395653,1001,1082
395654,1012,1058
395655,1023,1043
395656,1023,1041
395657,1019,1040
395658,1003,1041
395659,993,1043
395660,988,1047
395661,994,1054
395662,1006,1066
395663,1006,1072
395664,1002,1066
395665,997,1055
395666,1002,1050
395667,1004,1050
395668,1002,1051
395669,1004,1053
395670,1006,1055
395671,1000,1059
395672,1000,1064
395673,1004,1070
395674,1017,1073
395675,1024,1071
395676,1023,1060
395677,1012,1050
395678,999,1051
395679,988,1061
395680,986,1065
395681,986,1063
395682,989,1063
395683,997,1066
395684,1007,1075
395685,1014,1082
395686,1015,1082
395687,1013,1070
395688,1008,1061
395689,1002,1058
395690,998,1072
395691,1001,1088
395692,1010,1088
395693,1017,1071
395694,1017,1052
395695,1012,1041
395696,1013,1037
395697,1019,1042
395698,1023,1051
395699,1016,1052
395700,1008,1054
395701,1003,1057
395702,1006,1063
395703,1007,1065
395704,1006,1065
395705,1004,1057
395706,1007,1053
395707,1014,1048
395708,1022,1050
395709,1030,1057
395710,1029,1067
395711,1026,1069
395712,1021,1064
395713,1020,1058
395714,1019,1058
395715,1017,1064
395716,1009,1066
395717,1005,1061
395718,997,1056
395719,1001,1057
395720,1011,1061
395721,1019,1064
395722,1018,1069
395723,1014,1070
395724,1006,1068
395725,1008,1065
395726,1005,1065
395727,1006,1065
395728,1011,1060
395729,1017,1052
395730,1020,1046
395731,1021,1043
395732,1031,1043
395733,1046,1046
395734,1059,1045
395735,1071,1045
395736,1095,1041
395737,1129,1027
395738,1174,1012
395739,1221,1004
395740,1268,1009
395741,1307,1021
395742,1334,1035
395743,1336,1048
395744,1301,1062
395745,1240,1069
395746,1168,1080
395747,1096,1105
395748,1024,1136
395749,970,1159
395750,957,1168
395751,965,1153
395752,984,1123
395753,992,1083
395754,994,1058
395755,998,1044
395756,1001,1040
395757,996,1045
395758,996,1050
395759,990,1051
395760,983,1051
395761,977,1050
395762,978,1049
395763,983,1054
395764,986,1056
395765,986,1051
395766,980,1049
395767,971,1052
395768,970,1055
395769,976,1061
395770,978,1065
395771,979,1061
395772,978,1055
395773,974,1055
395774,974,1062
395775,975,1065
395776,979,1066
395777,976,1066
395778,977,1063
395779,974,1060
395780,971,1055
395781,966,1060
395782,966,1074
395783,960,1095
395784,951,1114
395785,957,1119
395786,966,1100
395787,983,1059
395788,988,1034
395789,984,1031
395790,974,1044
395791,967,1057
395792,960,1059
395793,967,1054
395794,974,1048
395795,973,1038
395796,974,1032
395797,976,1030
395798,977,1035
395799,982,1037
395800,981,1042
395801,980,1038
395802,976,1035
395803,970,1036
395804,971,1042
395805,975,1043
395806,981,1046
395807,984,1040
395808,981,1036
395809,977,1034
395810,971,1038
395811,973,1039
395812,976,1041
395813,976,1039
395814,974,1034
395815,976,1026
395816,985,1025
395817,989,1028
395818,989,1031
395819,988,1029
395820,985,1030
395821,986,1032
395822,992,1036
395823,994,1040
395824,998,1038
395825,1000,1032
395826,999,1028
395827,999,1020
395828,997,1011
395829,1002,1001
395830,1002,1003
395831,1002,1009
395832,1008,1009
395833,1006,1009
395834,1009,1006
395835,1011,1010
395836,1015,1013
395837,1015,1014
395838,1009,1013
395839,1007,1012
395840,1006,1019
395841,1010,1024
395842,1012,1030
395843,1015,1034
395844,1014,1035
395845,1013,1039
395846,1012,1043
395847,1012,1051
395848,1012,1052
395849,1012,1051
395850,1005,1052
395851,1000,1055
395852,997,1056
395853,999,1061
395854,998,1064
395855,996,1063
395856,994,1063
395857,992,1065
395858,987,1067
395859,987,1070
395860,982,1073
395861,978,1073
395862,981,1070
395863,978,1071
395864,978,1072
395865,979,1077
395866,982,1083
395867,980,1081
395868,979,1076
395869,977,1070
395870,978,1068
395871,981,1072
395872,980,1074
395873,980,1069
395874,979,1069
395875,978,1070
395876,981,1070
395877,981,1072
395878,986,1071
395879,985,1071
395880,984,1071
395881,980,1068
395882,980,1069
395883,984,1070
395884,993,1072
395885,997,1070
395886,994,1066
395887,990,1065
395888,992,1067
395889,992,1069
395890,999,1071
395891,997,1065
395892,996,1066
395893,991,1064
395894,993,1066
395895,997,1071
395896,1002,1070
395897,1006,1070
395898,1003,1069
395899,1002,1065
395900,1004,1069
395901,1007,1072
395902,1011,1072
395903,1008,1071
395904,1006,1068
395905,1003,1065
395906,1002,1066
395907,1005,1069
395908,1007,1072
395909,1008,1072
395910,1006,1067
395911,1005,1063
395912,1002,1063
395913,1004,1067
395914,1004,1069
395915,1004,1067
395916,996,1065
395917,997,1064
395918,1000,1065
395919,1007,1071
395920,1008,1073
395921,1008,1070
395922,1004,1069
395923,998,1066
395924,1004,1068
395925,1007,1071
395926,1008,1074
395927,1007,1071
395928,1006,1067
395929,999,1066
395930,998,1067
395931,999,1069
395932,1000,1070
395933,1002,1066
395934,1003,1061
395935,1001,1057
395936,1003,1060
395937,1006,1060
395938,1007,1065
395939,1005,1067
395940,1000,1064
395941,1000,1064
395942,1003,1070
395943,1005,1073
395944,1008,1075
395945,1003,1072
395946,1002,1071
395947,1004,1067
395948,1004,1069
395949,1009,1072
395950,1012,1073
395951,1010,1074
395952,1010,1072
395953,1005,1070
395954,1003,1071
395955,1006,1073
395956,1006,1072
395957,1012,1072
395958,1011,1066
395959,1010,1064
395960,1011,1069
395961,1014,1071
395962,1016,1075
395963,1015,1072
395964,1012,1070
395965,1007,1068
395966,1007,1070
395967,1010,1074
395968,1014,1074
395969,1014,1071
395970,1015,1069
395971,1015,1070
395972,1014,1074
395973,1015,1077
395974,1014,1075
395975,1013,1073
395976,1011,1072
395977,1004,1071
395978,1006,1074
395979,1007,1075
395980,1009,1074
395981,1009,1073
395982,1004,1069
395983,1002,1066
395984,1001,1067
395985,1001,1066
395986,1005,1066
395987,1005,1062
395988,1003,1059
395989,998,1058
395990,1000,1056
395991,1002,1062
395992,1000,1061
395993,1001,1059
395994,1000,1061
395995,994,1059
395996,994,1060
395997,995,1065
395998,997,1066
395999,997,1065
396000,992,1063
396001,992,1063
396002,990,1063
396003,993,1066
396004,994,1067
396005,995,1070
396006,991,1066
396007,987,1065
396008,988,1067
396009,991,1068
396010,994,1068
396011,996,1071
396012,993,1067
396013,990,1065
396014,988,1069
396015,991,1070
396016,995,1070
396017,997,1068
396018,993,1065
396019,991,1066
396020,991,1068
396021,996,1070
396022,1001,1071
396023,998,1069
396024,997,1066
396025,993,1065
396026,991,1066
396027,990,1072
396028,992,1074
396029,994,1071
396030,992,1068
396031,989,1065
396032,989,1065
396033,992,1063
396034,992,1063
396035,994,1063
396036,991,1059
396037,986,1056
396038,990,1054
396039,995,1058
396040,996,1058
396041,997,1056
396042,996,1051
396043,991,1045
396044,989,1048
396045,991,1050
396046,991,1053
396047,995,1054
396048,992,1050
396049,989,1050
396050,990,1052
396051,995,1053
396052,997,1055
396053,998,1058
396054,993,1057
396055,992,1057
396056,995,1060
396057,998,1061
396058,1000,1066
396059,998,1063
396060,996,1060
396061,996,1058
396062,997,1063
396063,995,1064
396064,1001,1069
396065,1000,1067
396066,998,1066
396067,993,1065
396068,993,1065
396069,991,1068
396070,998,1068
396071,998,1068
396072,996,1065
396073,995,1064
396074,995,1067
396075,992,1068
396076,997,1068
396077,999,1070
396078,999,1068
396079,995,1065
396080,996,1067
396081,997,1067
396082,998,1068
396083,999,1064
396084,996,1061
396085,990,1060
396086,985,1059
396087,987,1060
396088,993,1060
396089,994,1058
396090,991,1055
396091,987,1051
396092,989,1053
396093,991,1055
396094,991,1058
396095,991,1055
396096,991,1052
396097,988,1050
396098,990,1049
396099,993,1050
396100,996,1054
396101,998,1053
396102,995,1051
396103,992,1048
396104,990,1052
396105,993,1056
396106,997,1055
396107,996,1057
396108,996,1057
396109,994,1056
396110,993,1058
396111,992,1061
396112,995,1063
396113,995,1061
396114,993,1062
396115,988,1059
396116,990,1061
396117,991,1063
396118,997,1065
396119,997,1066
396120,994,1060
396121,991,1057
396122,994,1053
396123,1002,1057
396124,1002,1061
396125,1003,1060
396126,1004,1050
396127,1003,1043
396128,1008,1042
396129,1025,1042
396130,1043,1039
396131,1058,1036
396132,1073,1031
396133,1094,1023
396134,1131,1013
396135,1176,998
396136,1223,994
396137,1265,991
396138,1304,999
396139,1331,1015
396140,1332,1039
396141,1311,1053
396142,1261,1060
396143,1204,1059
396144,1147,1063
396145,1089,1071
396146,1031,1081
396147,990,1091
396148,980,1096
396149,983,1092
396150,985,1076
396151,991,1064
396152,993,1057
396153,999,1053
396154,1000,1053
396155,997,1056
396156,992,1054
396157,985,1051
396158,986,1053
396159,992,1054
396160,992,1059
396161,990,1060
396162,986,1060
396163,982,1056
396164,981,1058
396165,980,1059
396166,981,1061
396167,982,1061
396168,977,1059
396169,977,1061
396170,976,1062
396171,977,1065
396172,980,1065
396173,981,1064
396174,981,1060
396175,977,1059
396176,978,1062
396177,982,1064
396178,984,1062
396179,984,1060
396180,981,1057
396181,979,1054
396182,980,1057
396183,983,1056
396184,984,1060
396185,983,1057
396186,980,1056
396187,977,1054
396188,979,1055
396189,982,1057
396190,985,1056
396191,984,1052
396192,976,1050
396193,975,1047
396194,978,1048
396195,985,1053
396196,984,1053
396197,982,1047
396198,976,1041
396199,979,1036
396200,982,1039
396201,985,1040
396202,985,1042
396203,990,1038
396204,994,1034
396205,992,1032
396206,992,1036
396207,995,1037
396208,1000,1040
396209,1002,1038
396210,1002,1035
396211,1000,1033
396212,998,1035
396213,1001,1036
396214,1006,1036
396215,1006,1032
396216,1004,1029
396217,1003,1026
396218,1007,1026
396219,1009,1028
396220,1010,1025
396221,1011,1025
396222,1008,1022
396223,1007,1021
396224,1005,1022
396225,1010,1024
396226,1017,1024
396227,1021,1022
396228,1022,1019
396229,1021,1020
396230,1018,1023
396231,1023,1024
396232,1029,1024
396233,1029,1022
396234,1023,1022
396235,1024,1020
396236,1028,1021
396237,1030,1022
396238,1034,1024
396239,1032,1023
396240,1028,1020
396241,1026,1018
396242,1029,1020
396243,1029,1025
396244,1034,1027
396245,1032,1025
396246,1032,1024
396247,1028,1026
396248,1028,1028
396249,1030,1027
396250,1031,1028
396251,1030,1029
396252,1023,1029
396253,1020,1026
396254,1015,1028
396255,1014,1029
396256,1015,1033
396257,1015,1032
396258,1012,1034
396259,1008,1034
396260,1010,1040
396261,1010,1047
396262,1012,1051
396263,1011,1051
396264,1007,1051
396265,1004,1051
396266,1004,1054
396267,1007,1060
396268,1009,1062
396269,1009,1059
396270,1005,1057
396271,1002,1055
396272,999,1057
396273,1002,1059
396274,1004,1063
396275,1004,1063
396276,1000,1060
396277,996,1061
396278,996,1064
396279,1001,1066
396280,1005,1070
396281,1007,1069
396282,1002,1066
396283,997,1063
396284,996,1062
396285,996,1065
396286,1002,1067
396287,1003,1067
396288,1003,1064
396289,1002,1063
396290,1006,1064
396291,1008,1065
396292,1009,1066
396293,1008,1063
396294,1006,1062
396295,1005,1059
396296,1003,1059
396297,1005,1061
396298,1011,1061
396299,1011,1060
396300,1011,1057
396301,1006,1056
396302,1004,1056
396303,1006,1056
396304,1007,1055
396305,1010,1052
396306,1010,1047
396307,1004,1047
396308,1008,1046
396309,1011,1047
396310,1010,1047
396311,1010,1047
396312,1006,1044
396313,1005,1045
396314,1003,1046
396315,1007,1050
396316,1009,1054
396317,1008,1053
396318,1009,1050
396319,1008,1047
396320,1008,1049
396321,1011,1050
396322,1014,1050
396323,1012,1049
396324,1010,1048
396325,1006,1046
396326,1006,1049
396327,1006,1052
396328,1006,1055
396329,1009,1054
396330,1006,1054
396331,1008,1053
396332,1010,1051
396333,1010,1055
396334,1013,1058
396335,1010,1057
396336,1004,1054
396337,1002,1052
396338,1003,1055
396339,1005,1058
396340,1010,1060
396341,1010,1057
396342,1007,1057
396343,1006,1053
396344,1004,1056
396345,1010,1060
396346,1008,1060
396347,1010,1058
396348,1008,1057
396349,1006,1056
396350,1006,1058
396351,1011,1059
396352,1011,1060
396353,1009,1056
396354,1007,1055
396355,1003,1055
396356,1006,1055
396357,1008,1058
396358,1007,1057
396359,1004,1056
396360,1002,1053
396361,998,1051
396362,1000,1055
396363,1003,1055
396364,1005,1059
396365,1006,1055
396366,1004,1054
396367,1005,1055
396368,1007,1057
396369,1006,1058
396370,1009,1061
396371,1009,1061
396372,1009,1061
396373,1006,1055
396374,1004,1060
396375,1005,1063
396376,1007,1066
396377,1009,1062
396378,1004,1061
396379,1005,1062
396380,1010,1063
396381,1011,1060
396382,1013,1060
396383,1013,1054
396384,1016,1050
396385,1026,1045
396386,1036,1047
396387,1051,1047
396388,1071,1045
396389,1098,1043
396390,1123,1036
396391,1157,1022
396392,1199,1009
396393,1244,1005
396394,1289,1005
396395,1329,1013
396396,1354,1031
396397,1352,1055
396398,1328,1072
396399,1287,1080
396400,1239,1079
396401,1184,1081
396402,1125,1089
396403,1053,1102
396404,995,1118
396405,958,1129
396406,959,1129
396407,972,1121
396408,981,1104
396409,983,1089
396410,987,1082
396411,996,1074
396412,1001,1073
396413,998,1067
396414,997,1060
396415,990,1057
396416,989,1058
396417,985,1061
396418,987,1063
396419,981,1059
396420,978,1055
396421,978,1056
396422,977,1058
396423,979,1062
396424,981,1062
396425,982,1060
396426,980,1059
396427,978,1058
396428,976,1060
396429,977,1063
396430,981,1064
396431,983,1066
396432,979,1062
396433,974,1062
396434,975,1062
396435,978,1064
396436,981,1065
396437,981,1063
396438,975,1061
396439,972,1059
396440,973,1063
396441,975,1067
396442,979,1066
396443,981,1066
396444,981,1061
396445,980,1060
396446,978,1063
396447,977,1065
396448,980,1065
396449,979,1064
396450,978,1059
396451,979,1054
396452,983,1058
396453,984,1058
396454,985,1058
396455,984,1057
396456,980,1054
396457,984,1051
396458,987,1051
396459,987,1055
396460,986,1056
396461,986,1054
396462,986,1049
396463,984,1050
396464,987,1047
396465,987,1048
396466,990,1049
396467,994,1043
396468,993,1040
396469,990,1037
396470,992,1037
396471,990,1038
396472,994,1033
396473,998,1034
396474,999,1029
396475,999,1027
396476,998,1024
396477,1005,1026
396478,1010,1026
396479,1011,1022
396480,1014,1019
396481,1015,1015
396482,1019,1018
396483,1019,1015
396484,1023,1016
396485,1023,1015
396486,1024,1010
396487,1019,1009
396488,1019,1011
396489,1026,1012
396490,1031,1011
396491,1027,1006
396492,1027,1004
396493,1025,1004
396494,1022,1006
396495,1025,1008
396496,1029,1009
396497,1030,1008
396498,1030,1006
396499,1028,1003
396500,1028,1008
396501,1032,1012
396502,1034,1016
396503,1035,1016
396504,1032,1016
396505,1030,1014
396506,1027,1015
396507,1028,1019
396508,1032,1024
396509,1030,1026
396510,1026,1026
396511,1024,1028
396512,1022,1032
396513,1023,1037
396514,1024,1044
396515,1019,1043
396516,1014,1043
396517,1013,1046
396518,1008,1048
396519,1010,1053
396520,1012,1055
396521,1011,1057
396522,1006,1057
396523,1002,1057
396524,999,1061
396525,997,1064
396526,999,1066
396527,1002,1066
396528,997,1063
396529,996,1062
396530,995,1060
396531,999,1063
396532,997,1067
396533,997,1064
396534,992,1062
396535,990,1064
396536,990,1065
396537,995,1065
396538,1000,1069
396539,997,1065
396540,999,1063
396541,993,1066
396542,995,1066
396543,996,1068
396544,998,1069
396545,996,1067
396546,992,1065
396547,992,1061
396548,991,1064
396549,997,1067
396550,997,1070
396551,996,1067
396552,992,1064
396553,991,1062
396554,989,1066
396555,998,1069
396556,1000,1067
396557,1000,1063
396558,997,1063
396559,994,1061
396560,998,1064
396561,1000,1065
396562,1003,1067
396563,1004,1065
396564,1001,1062
396565,1000,1062
396566,1000,1062
396567,1003,1064
396568,1005,1071
396569,1003,1069
396570,1004,1066
396571,1000,1067
396572,1003,1068
396573,1002,1074
396574,1006,1073
396575,1009,1072
396576,1009,1069
396577,1006,1067
396578,1004,1067
396579,1007,1066
396580,1010,1066
396581,1009,1062
396582,1008,1061
396583,1004,1057
396584,1005,1059
396585,1009,1063
396586,1009,1062
396587,1008,1064
396588,1005,1058
396589,1004,1059
396590,1005,1059
396591,1006,1061
396592,1008,1063
396593,1009,1059
396594,1003,1061
396595,1005,1059
396596,1002,1060
396597,1004,1060
396598,1009,1063
396599,1007,1063
396600,1004,1059
396601,1000,1057
396602,997,1058
396603,995,1061
396604,998,1064
396605,1000,1061
396606,1001,1059
396607,1000,1060
396608,1002,1063
396609,1009,1064
396610,1018,1066
396611,1033,1066
396612,1037,1064
396613,1018,1060
396614,998,1062
396615,998,1067
396616,1005,1067
396617,1006,1065
396618,1005,1058
396619,1001,1060
396620,1005,1059
396621,1009,1060
396622,1015,1063
396623,1011,1060
396624,1003,1059
396625,1001,1060
396626,1003,1061
396627,1008,1063
396628,1010,1060
396629,1020,1057
396630,1024,1051
396631,1037,1050
396632,1051,1048
396633,1070,1050
396634,1098,1047
396635,1130,1036
396636,1165,1021
396637,1204,1008
396638,1251,1004
396639,1295,1010
396640,1335,1026
396641,1352,1048
396642,1340,1067
396643,1302,1074
396644,1244,1076
396645,1177,1083
396646,1113,1093
396647,1043,1107
396648,985,1118
396649,958,1125
396650,960,1123
396651,976,1117
396652,988,1103
396653,991,1091
396654,995,1080
396655,991,1072
396656,988,1070
396657,986,1068
396658,992,1068
396659,988,1066
396660,985,1061
396661,982,1061
396662,981,1061
396663,981,1063
396664,982,1065
396665,981,1062
396666,980,1061
396667,976,1061
396668,979,1061
396669,981,1066
396670,983,1065
396671,984,1064
396672,978,1063
396673,974,1060
396674,973,1061
396675,977,1065
396676,979,1067
396677,982,1066
396678,978,1064
396679,976,1063
396680,976,1065
396681,981,1066
396682,981,1068
396683,981,1067
396684,979,1063
396685,976,1061
396686,979,1062
396687,982,1063
396688,983,1064
396689,986,1063
396690,982,1060
396691,983,1058
396692,981,1060
396693,985,1062
396694,986,1061
396695,981,1058
396696,983,1054
396697,979,1050
396698,984,1055
396699,989,1056
396700,989,1056
396701,989,1053
396702,986,1048
396703,986,1044
396704,987,1046
396705,991,1047
396706,996,1048
396707,997,1043
396708,995,1038
396709,992,1038
396710,992,1039
396711,996,1039
396712,999,1038
396713,998,1035
396714,997,1030
396715,996,1026
396716,998,1027
396717,1002,1026
396718,1007,1026
396719,1007,1020
396720,1002,1018
396721,1005,1015
396722,1012,1015
396723,1014,1015
396724,1017,1013
396725,1014,1012
396726,1015,1006
396727,1013,1002
396728,1018,1005
396729,1020,1006
396730,1023,1008
396731,1023,1008
396732,1020,1005
396733,1019,1005
396734,1019,1005
396735,1025,1009
396736,1027,1011
396737,1026,1013
396738,1027,1008
396739,1022,1009
396740,1022,1015
396741,1025,1019
396742,1029,1021
396743,1031,1020
396744,1029,1018
396745,1024,1018
396746,1024,1019
396747,1022,1021
396748,1026,1023
396749,1021,1024
396750,1020,1022
396751,1015,1023
396752,1015,1026
396753,1016,1029
396754,1018,1036
396755,1014,1036
396756,1011,1038
396757,1005,1038
396758,1004,1044
396759,1000,1047
396760,1004,1050
396761,1004,1049
396762,1001,1047
396763,996,1046
396764,993,1053
396765,993,1054
396766,995,1060
396767,991,1058
396768,990,1055
396769,988,1055
396770,988,1057
396771,988,1060
396772,993,1063
396773,993,1061
396774,990,1059
396775,990,1059
396776,991,1058
396777,992,1064
396778,994,1064
396779,988,1064
396780,984,1063
396781,984,1062
396782,984,1063
396783,989,1067
396784,991,1067
396785,990,1069
396786,989,1067
396787,986,1066
396788,986,1070
396789,986,1072
396790,991,1072
396791,992,1071
396792,992,1069
396793,990,1068
396794,992,1070
396795,991,1072
396796,993,1073
396797,993,1073
396798,995,1068
396799,994,1068
396800,994,1070
396801,998,1070
396802,1002,1068
396803,1002,1064
396804,997,1058
396805,995,1057
396806,994,1060
396807,998,1060
396808,999,1061
396809,997,1059
396810,996,1055
396811,992,1053
396812,990,1055
396813,994,1059
396814,996,1056
396815,998,1055
396816,997,1054
396817,997,1051
396818,994,1053
396819,994,1056
396820,998,1055
396821,996,1054
396822,994,1050
396823,989,1051
396824,989,1051
396825,991,1056
396826,997,1056
396827,994,1055
396828,991,1050
396829,986,1051
396830,988,1053
396831,990,1055
396832,995,1057
396833,993,1055
396834,989,1053
396835,987,1052
396836,988,1053
396837,990,1056
396838,990,1063
396839,989,1062
396840,988,1061
396841,990,1062
396842,993,1061
396843,994,1067
396844,992,1068
396845,993,1068
396846,989,1062
396847,984,1062
396848,987,1068
396849,991,1071
396850,990,1071
396851,989,1067
396852,987,1064
396853,984,1064
396854,984,1064
396855,991,1067
396856,993,1065
396857,990,1061
396858,989,1058
396859,985,1055
396860,984,1057
396861,989,1055
396862,993,1054
396863,995,1045
396864,995,1040
396865,999,1039
396866,1008,1035
396867,1025,1036
396868,1043,1035
396869,1062,1032
396870,1085,1022
396871,1116,1014
396872,1152,1005
396873,1195,1000
396874,1238,1003
396875,1280,1009
396876,1309,1024
396877,1324,1047
396878,1312,1066
396879,1281,1075
396880,1228,1077
396881,1166,1074
396882,1105,1084
396883,1038,1097
396884,983,1116
396885,951,1122
396886,951,1125
396887,962,1111
396888,970,1093
396889,974,1081
396890,979,1076
396891,981,1072
396892,979,1069
396893,978,1066
396894,974,1063
396895,970,1063
396896,966,1066
396897,967,1072
396898,972,1072
396899,970,1069
396900,967,1068
396901,961,1069
396902,964,1073
396903,963,1078
396904,966,1082
396905,967,1076
396906,966,1069
396907,968,1063
396908,965,1063
396909,968,1064
396910,970,1062
396911,966,1059
396912,965,1057
396913,962,1057
396914,961,1057
396915,962,1060
396916,964,1061
396917,961,1055
396918,963,1053
396919,961,1050
396920,959,1052
396921,958,1053
396922,961,1054
396923,960,1052
396924,959,1050
396925,955,1051
396926,956,1052
396927,959,1053
396928,964,1055
396929,965,1053
396930,960,1048
396931,960,1048
396932,960,1052
396933,962,1052
396934,966,1053
396935,966,1050
396936,965,1049
396937,963,1048
396938,965,1048
396939,968,1049
396940,969,1052
396941,968,1047
396942,968,1044
396943,966,1042
396944,969,1042
396945,973,1045
396946,979,1044
396947,979,1040
396948,978,1036
396949,978,1031
396950,980,1032
396951,982,1033
396952,988,1031
396953,989,1028
396954,990,1024
396955,986,1025
396956,988,1023
396957,993,1024
396958,998,1023
396959,997,1017
396960,995,1013
396961,998,1009
396962,1000,1008
396963,1005,1006
396964,1007,1009
396965,1005,1005
396966,1007,1000
396967,1007,1000
396968,1007,999
396969,1012,1002
396970,1016,1005
396971,1015,1003
396972,1009,1002
396973,1004,1003
396974,1007,1004
396975,1009,1008
396976,1010,1011
396977,1008,1010
396978,1007,1009
396979,1004,1011
396980,1002,1015
396981,1002,1022
396982,1001,1026
396983,999,1028
396984,992,1031
396985,989,1031
396986,988,1036
396987,990,1039
396988,988,1045
396989,986,1044
396990,981,1048
396991,979,1051
396992,977,1057
396993,979,1060
396994,982,1063
396995,983,1065
396996,978,1062
396997,976,1065
396998,976,1069
396999,977,1072
397000,980,1075
397001,977,1073
397002,975,1074
397003,972,1071
397004,974,1076
397005,977,1078
397006,981,1078
397007,978,1077
397008,977,1075
397009,974,1072
397010,973,1072
397011,976,1072
397012,975,1071
397013,980,1069
397014,974,1064
397015,976,1065
397016,977,1062
397017,979,1066
397018,980,1066
397019,977,1064
397020,979,1059
397021,975,1059
397022,974,1060
397023,980,1060
397024,983,1061
397025,982,1058
397026,981,1056
397027,979,1053
397028,979,1056
397029,978,1059
397030,980,1063
397031,979,1060
397032,975,1058
397033,971,1056
397034,969,1057
397035,974,1059
397036,977,1060
397037,977,1060
397038,972,1056
397039,970,1056
397040,969,1057
397041,970,1061
397042,972,1064
397043,969,1060
397044,967,1057
397045,966,1057
397046,966,1060
397047,965,1064
397048,969,1067
397049,970,1066
397050,966,1064
397051,967,1065
397052,967,1067
397053,970,1066
397054,973,1071
397055,971,1066
397056,969,1062
397057,967,1060
397058,967,1062
397059,968,1062
397060,972,1063
397061,972,1060
397062,969,1057
397063,968,1055
397064,967,1057
397065,969,1059
397066,973,1059
397067,975,1058
397068,974,1055
397069,972,1055
397070,974,1058
397071,975,1058
397072,976,1061
397073,974,1059
397074,975,1054
397075,974,1053
397076,972,1055
397077,976,1058
397078,976,1057
397079,973,1055
397080,971,1054
397081,968,1054
397082,970,1055
397083,970,1057
397084,971,1060
397085,971,1057
397086,969,1055
397087,967,1056
397088,966,1058
397089,969,1062
397090,972,1062
397091,971,1061
397092,970,1058
397093,965,1058
397094,963,1062
397095,966,1064
397096,969,1067
397097,967,1065
397098,962,1064
397099,961,1063
397100,961,1070
397101,964,1071
397102,966,1073
397103,967,1070
397104,966,1068
397105,963,1065
397106,963,1066
397107,965,1067
397108,970,1067
397109,965,1064
397110,967,1062
397111,963,1059
397112,964,1062
397113,968,1065
397114,968,1064
397115,971,1065
397116,969,1061
397117,968,1058
397118,967,1061
397119,970,1062
397120,971,1063
397121,971,1060
397122,969,1058
397123,968,1056
397124,969,1060
397125,973,1060
397126,974,1063
397127,975,1059
397128,974,1056
397129,973,1056
397130,971,1058
397131,975,1059
397132,978,1062
397133,976,1060
397134,975,1059
397135,971,1057
397136,970,1058
397137,972,1059
397138,974,1060
397139,971,1061
397140,969,1058
397141,965,1057
397142,966,1061
397143,968,1062
397144,971,1065
397145,973,1066
397146,970,1061
397147,968,1062
397148,966,1065
397149,966,1068
397150,970,1074
397151,968,1071
397152,965,1068
397153,967,1065
397154,967,1065
397155,969,1066
397156,973,1062
397157,974,1062
397158,969,1058
397159,967,1054
397160,968,1056
397161,973,1060
397162,979,1058
397163,974,1056
397164,974,1053
397165,973,1054
397166,974,1055
397167,974,1058
397168,976,1058
397169,975,1059
397170,974,1054
397171,969,1055
397172,970,1052
397173,973,1051
397174,984,1048
397175,995,1044
397176,1002,1039
397177,1017,1034
397178,1034,1033
397179,1061,1031
397180,1098,1023
397181,1131,1008
397182,1171,998
397183,1204,993
397184,1249,1001
397185,1288,1014
397186,1314,1039
397187,1315,1058
397188,1293,1067
397189,1241,1069
397190,1183,1074
397191,1128,1084
397192,1071,1095
397193,1016,1102
397194,971,1103
397195,950,1103
397196,952,1101
397197,963,1093
397198,972,1084
397199,976,1073
397200,973,1065
397201,969,1063
397202,965,1063
397203,963,1067
397204,966,1070
397205,965,1070
397206,962,1068
397207,961,1064
397208,959,1063
397209,960,1066
397210,960,1063
397211,959,1063
397212,953,1058
397213,951,1056
397214,951,1056
397215,954,1059
397216,956,1057
397217,955,1057
397218,954,1055
397219,951,1056
397220,950,1057
397221,953,1058
397222,955,1059
397223,952,1056
397224,952,1057
397225,952,1056
397226,948,1056
397227,951,1059
397228,954,1058
397229,951,1057
397230,949,1057
397231,948,1055
397232,948,1055
397233,950,1056
397234,954,1059
397235,955,1056
397236,955,1055
397237,954,1052
397238,954,1055
397239,953,1054
397240,957,1057
397241,958,1054
397242,955,1051
397243,954,1049
397244,952,1051
397245,956,1051
397246,961,1051
397247,960,1051
397248,957,1048
397249,958,1046
397250,957,1049
397251,960,1050
397252,966,1048
397253,967,1047
397254,969,1042
397255,967,1041
397256,970,1043
397257,974,1045
397258,977,1043
397259,977,1040
397260,977,1034
397261,976,1029
397262,975,1031
397263,981,1031
397264,984,1030
397265,987,1025
397266,981,1019
397267,983,1017
397268,987,1019
397269,990,1016
397270,994,1016
397271,996,1014
397272,996,1009
397273,990,1008
397274,994,1010
397275,997,1012
397276,1003,1012
397277,1004,1010
397278,1001,1006
397279,997,1006
397280,1003,1008
397281,1005,1009
397282,1009,1010
397283,1008,1009
397284,1005,1007
397285,1002,1007
397286,1003,1011
397287,1007,1015
397288,1010,1016
397289,1011,1013
397290,1008,1015
397291,1004,1017
397292,1002,1018
397293,1005,1023
397294,1007,1026
397295,1005,1024
397296,1003,1028
397297,1000,1030
397298,997,1035
397299,998,1038
397300,999,1042
397301,996,1043
397302,990,1044
397303,987,1046
397304,988,1049
397305,991,1056
397306,992,1056
397307,990,1057
397308,986,1057
397309,982,1053
397310,977,1058
397311,977,1061
397312,981,1061
397313,980,1058
397314,974,1053
397315,969,1050
397316,969,1054
397317,973,1055
397318,974,1057
397319,975,1055
397320,973,1055
397321,970,1054
397322,969,1056
397323,974,1059
397324,977,1059
397325,977,1058
397326,975,1056
397327,973,1056
397328,971,1057
397329,974,1059
397330,979,1058
397331,980,1057
397332,977,1054
397333,975,1053
397334,977,1054
397335,974,1057
397336,980,1057
397337,978,1055
397338,981,1053
397339,974,1050
397340,975,1051
397341,977,1053
397342,981,1055
397343,982,1054
397344,982,1050
397345,982,1052
397346,979,1053
397347,979,1056
397348,982,1051
397349,983,1051
397350,980,1049
397351,976,1048
397352,976,1053
397353,978,1056
397354,978,1056
397355,983,1053
397356,980,1050
397357,979,1049
397358,981,1055
397359,979,1055
397360,982,1054
397361,978,1052
397362,978,1046
397363,978,1045
397364,979,1043
397365,981,1049
397366,984,1048
397367,983,1044
397368,982,1044
397369,979,1043
397370,978,1045
397371,977,1049
397372,979,1049
397373,978,1047
397374,973,1044
397375,974,1042
397376,971,1046
397377,974,1048
397378,977,1049
397379,974,1045
397380,974,1045
397381,967,1043
397382,968,1048
397383,968,1050
397384,975,1051
397385,970,1050
397386,969,1045
397387,971,1045
397388,970,1049
397389,972,1051
397390,975,1053
397391,972,1048
397392,972,1045
397393,971,1048
397394,971,1050
397395,970,1052
397396,976,1052
397397,975,1050
397398,971,1050
397399,969,1050
397400,968,1054
397401,974,1054
397402,981,1055
397403,979,1052
397404,976,1052
397405,972,1052
397406,972,1053
397407,974,1055
397408,977,1058
397409,974,1054
397410,973,1052
397411,970,1052
397412,972,1052
397413,976,1056
397414,979,1058
397415,982,1058
397416,978,1051
397417,978,1052
397418,977,1053
397419,980,1057
397420,980,1055
397421,976,1053
397422,974,1051
397423,974,1048
397424,974,1050
397425,973,1052
397426,981,1054
397427,978,1051
397428,974,1048
397429,971,1047
397430,969,1050
397431,971,1052
397432,974,1054
397433,974,1052
397434,974,1050
397435,969,1049
397436,968,1053
397437,969,1053
397438,973,1054
397439,975,1052
397440,972,1049
397441,968,1048
397442,966,1050
397443,968,1052
397444,970,1055
397445,972,1055
397446,973,1052
397447,969,1053
397448,968,1051
397449,972,1055
397450,975,1056
397451,976,1055
397452,976,1052
397453,968,1053
397454,971,1057
397455,975,1060
397456,982,1059
397457,980,1059
397458,978,1054
397459,974,1055
397460,974,1056
397461,975,1054
397462,980,1055
397463,978,1054
397464,978,1052
397465,977,1049
397466,976,1052
397467,980,1053
397468,981,1053
397469,980,1052
397470,978,1048
397471,978,1047
397472,979,1053
397473,982,1052
397474,984,1053
397475,982,1051
397476,979,1049
397477,976,1049
397478,975,1048
397479,974,1053
397480,978,1052
397481,977,1049
397482,977,1050
397483,973,1048
397484,971,1048
397485,973,1051
397486,980,1053
397487,980,1051
397488,976,1048
397489,969,1048
397490,971,1051
397491,975,1053
397492,978,1054
397493,973,1052
397494,973,1049
397495,971,1050
397496,973,1053
397497,976,1055
397498,980,1057
397499,979,1054
397500,974,1051
397501,974,1050
397502,974,1054
397503,977,1058
397504,980,1057
397505,981,1054
397506,979,1055
397507,979,1055
397508,982,1057
397509,978,1058
397510,985,1057
397511,985,1055
397512,982,1050
397513,982,1050
397514,983,1049
397515,986,1050
397516,991,1050
397517,987,1051
397518,985,1047
397519,981,1047
397520,983,1052
397521,985,1053
397522,989,1052
397523,990,1048
397524,986,1049
397525,983,1049
397526,985,1051
397527,986,1053
397528,985,1053
397529,987,1053
397530,982,1051
397531,982,1051
397532,984,1054
397533,986,1054
397534,988,1057
397535,987,1053
397536,983,1051
397537,979,1052
397538,977,1050
397539,978,1054
397540,982,1056
397541,980,1055
397542,977,1051
397543,977,1050
397544,978,1053
397545,982,1055
397546,986,1056
397547,986,1054
397548,984,1053
397549,982,1053
397550,982,1053
397551,985,1057
397552,988,1059
397553,987,1057
397554,986,1055
397555,978,1055
397556,978,1058
397557,984,1063
397558,987,1063
397559,988,1061
397560,986,1061
397561,984,1056
397562,985,1057
397563,989,1057
397564,990,1056
397565,990,1054
397566,986,1051
397567,985,1050
397568,986,1050
397569,987,1053
397570,991,1053
397571,993,1052
397572,986,1049
397573,986,1047
397574,985,1049
397575,984,1052
397576,985,1054
397577,985,1053
397578,985,1050
397579,986,1051
397580,986,1052
397581,989,1055
397582,995,1056
397583,997,1053
397584,996,1051
397585,991,1047
397586,991,1048
397587,992,1047
397588,1000,1044
397589,1009,1039
397590,1019,1034
397591,1033,1032
397592,1050,1032
397593,1075,1033
397594,1105,1026
397595,1134,1013
397596,1167,1001
397597,1200,994
397598,1240,994
397599,1277,1004
397600,1314,1018
397601,1328,1037
397602,1315,1053
397603,1281,1064
397604,1228,1074
397605,1175,1080
397606,1121,1086
397607,1063,1091
397608,1010,1092
397609,978,1090
397610,968,1091
397611,976,1084
397612,989,1074
397613,995,1062
397614,993,1054
397615,987,1054
397616,979,1055
397617,978,1059
397618,978,1056
397619,978,1056
397620,973,1054
397621,967,1051
397622,966,1055
397623,967,1059
397624,970,1058
397625,972,1057
397626,965,1053
397627,961,1050
397628,960,1050
397629,962,1054
397630,965,1054
397631,964,1054
397632,964,1054
397633,963,1052
397634,965,1054
397635,965,1055
397636,967,1058
397637,968,1059
397638,967,1055
397639,964,1053
397640,965,1056
397641,967,1056
397642,971,1054
397643,970,1054
397644,971,1056
397645,969,1052
397646,963,1057
397647,965,1059
397648,967,1058
397649,964,1058
397650,965,1055
397651,966,1056
397652,967,1056
397653,969,1060
397654,971,1060
397655,969,1060
397656,967,1056
397657,972,1057
397658,968,1060
397659,967,1062
397660,972,1066
397661,972,1061
397662,969,1058
397663,972,1056
397664,973,1059
397665,976,1059
397666,978,1055
397667,976,1048
397668,972,1041
397669,970,1042
397670,975,1042
397671,977,1041
397672,984,1040
397673,983,1038
397674,983,1034
397675,980,1031
397676,982,1032
397677,986,1034
397678,992,1032
397679,989,1026
397680,989,1024
397681,986,1021
397682,990,1025
397683,998,1024
397684,1003,1025
397685,1001,1023
397686,999,1017
397687,998,1015
397688,1000,1017
397689,1006,1019
397690,1008,1020
397691,1009,1018
397692,1006,1015
397693,1008,1013
397694,1010,1016
397695,1008,1020
397696,1012,1019
397697,1014,1020
397698,1011,1016
397699,1006,1018
397700,1006,1022
397701,1011,1027
397702,1013,1024
397703,1015,1028
397704,1013,1026
397705,1010,1026
397706,1010,1031
397707,1010,1035
397708,1011,1038
397709,1008,1037
397710,1009,1038
397711,1003,1041
397712,1002,1044
397713,1005,1047
397714,1008,1050
397715,1004,1049
397716,997,1048
397717,995,1050
397718,994,1052
397719,995,1054
397720,994,1053
397721,992,1054
397722,989,1050
397723,985,1050
397724,987,1052
397725,986,1054
397726,988,1053
397727,985,1052
397728,980,1048
397729,978,1051
397730,978,1052
397731,977,1057
397732,981,1060
397733,981,1056
397734,980,1055
397735,978,1053
397736,978,1056
397737,980,1059
397738,981,1061
397739,978,1057
397740,974,1055
397741,975,1055
397742,976,1059
397743,977,1061
397744,981,1063
397745,980,1061
397746,979,1057
397747,974,1059
397748,976,1058
397749,978,1065
397750,981,1062
397751,983,1059
397752,980,1058
397753,977,1057
397754,977,1057
397755,979,1059
397756,980,1060
397757,981,1058
397758,979,1054
397759,978,1055
397760,979,1058
397761,982,1059
397762,984,1060
397763,984,1058
397764,979,1057
397765,979,1058
397766,980,1061
397767,983,1063
397768,986,1059
397769,982,1055
397770,982,1050
397771,980,1049
397772,984,1050
397773,983,1052
397774,986,1050
397775,984,1050
397776,983,1049
397777,979,1051
397778,977,1052
397779,979,1054
397780,984,1053
397781,983,1052
397782,982,1052
397783,979,1052
397784,978,1054
397785,979,1057
397786,984,1056
397787,984,1053
397788,983,1050
397789,981,1051
397790,986,1053
397791,986,1054
397792,985,1056
397793,985,1052
397794,981,1052
397795,978,1050
397796,977,1053
397797,981,1057
397798,981,1055
397799,979,1054
397800,978,1050
397801,974,1049
397802,972,1054
397803,975,1056
397804,979,1056
397805,976,1052
397806,976,1051
397807,974,1050
397808,974,1054
397809,972,1054
397810,975,1053
397811,974,1051
397812,973,1050
397813,966,1051
397814,967,1052
397815,971,1054
397816,975,1054
397817,974,1055
397818,972,1053
397819,972,1052
397820,971,1055
397821,976,1059
397822,980,1060
397823,979,1057
397824,976,1056
397825,973,1054
397826,977,1057
397827,976,1059
397828,979,1061
397829,978,1058
397830,972,1055
397831,971,1055
397832,970,1059
397833,973,1060
397834,977,1062
397835,978,1059
397836,976,1054
397837,971,1057
397838,973,1059
397839,976,1060
397840,982,1061
397841,984,1058
397842,978,1054
397843,976,1055
397844,976,1056
397845,977,1058
397846,982,1059
397847,980,1054
397848,977,1052
397849,978,1052
397850,978,1052
397851,976,1052
397852,983,1050
397853,984,1043
397854,988,1037
397855,990,1033
397856,1000,1031
397857,1013,1033
397858,1027,1030
397859,1052,1026
397860,1080,1014
397861,1118,1002
397862,1162,993
397863,1211,993
397864,1261,1006
397865,1297,1026
397866,1310,1052
397867,1295,1070
397868,1250,1078
397869,1187,1083
397870,1121,1096
397871,1051,1106
397872,989,1114
397873,956,1118
397874,950,1114
397875,958,1106
397876,971,1090
397877,978,1077
397878,982,1065
397879,979,1062
397880,975,1063
397881,976,1064
397882,973,1059
397883,973,1054
397884,969,1052
397885,968,1054
397886,966,1052
397887,968,1056
397888,967,1053
397889,964,1050
397890,958,1049
397891,955,1051
397892,953,1047
397893,959,1050
397894,964,1050
397895,962,1047
397896,958,1047
397897,953,1047
397898,954,1048
397899,958,1051
397900,962,1053
397901,957,1051
397902,956,1049
397903,955,1048
397904,955,1050
397905,956,1050
397906,961,1053
397907,961,1049
397908,961,1050
397909,956,1049
397910,958,1052
397911,961,1054
397912,965,1053
397913,963,1050
397914,962,1049
397915,958,1046
397916,955,1048
397917,961,1048
397918,964,1049
397919,962,1047
397920,963,1045
397921,964,1044
397922,966,1045
397923,966,1045
397924,971,1043
397925,966,1039
397926,966,1036
397927,963,1033
397928,966,1032
397929,969,1031
397930,974,1027
397931,974,1023
397932,975,1017
397933,973,1013
397934,976,1012
397935,980,1011
397936,984,1012
397937,983,1007
397938,987,1003
397939,990,1004
397940,993,1002
397941,993,1003
397942,996,1001
397943,998,997
397944,994,998
397945,994,994
397946,997,993
397947,1002,996
397948,1004,996
397949,1009,994
397950,1007,991
397951,1005,989
397952,1007,994
397953,1008,998
397954,1009,998
397955,1009,996
397956,1005,995
397957,1009,995
397958,1009,994
397959,1013,1004
397960,1014,1001
397961,1009,1004
397962,1005,1003
397963,1002,1003
397964,1002,1008
397965,1000,1012
397966,1007,1014
397967,1003,1016
397968,1000,1014
397969,997,1018
397970,992,1021
397971,991,1027
397972,993,1029
397973,992,1027
397974,988,1026
397975,985,1031
397976,984,1036
397977,989,1041
397978,991,1042
397979,988,1044
397980,982,1042
397981,981,1041
397982,980,1047
397983,980,1046
397984,980,1049
397985,979,1047
397986,974,1043
397987,968,1046
397988,973,1048
397989,975,1050
397990,981,1051
397991,978,1051
397992,979,1050
397993,974,1051
397994,973,1052
397995,978,1054
397996,981,1054
397997,985,1053
397998,981,1051
397999,979,1051
398000,980,1054
398001,984,1056
398002,989,1056
398003,993,1055
398004,988,1053
398005,985,1052
398006,991,1054
398007,999,1057
398008,1010,1056
398009,1007,1057
398010,1005,1054
398011,1005,1057
398012,1012,1061
398013,1019,1062
398014,1031,1057
398015,1045,1045
398016,1054,1027
398017,1065,1012
398018,1078,998
398019,1091,991
398020,1110,975
398021,1127,960
398022,1140,945
398023,1154,930
398024,1171,908
398025,1190,891
398026,1210,873
398027,1224,858
398028,1233,845
398029,1243,833
398030,1252,830
398031,1257,835
398032,1259,840
398033,1258,841
398034,1257,845
398035,1251,846
398036,1246,850
398037,1236,856
398038,1218,862
398039,1202,869
398040,1178,876
398041,1155,889
398042,1133,900
398043,1114,912
398044,1100,925
398045,1090,936
398046,1082,946
398047,1077,959
398048,1076,971
398049,1076,985
398050,1076,993
398051,1071,997
398052,1070,1002
398053,1078,1009
398054,1091,1014
398055,1110,1016
398056,1119,1014
398057,1102,1011
398058,1060,1017
398059,1007,1024
398060,966,1037
398061,944,1054
398062,939,1065
398063,936,1076
398064,930,1079
398065,921,1082
398066,915,1086
398067,915,1091
398068,915,1093
398069,910,1092
398070,908,1091
398071,904,1091
398072,903,1096
398073,903,1100
398074,907,1101
398075,904,1099
398076,897,1100
398077,894,1101
398078,891,1105
398079,892,1106
398080,892,1110
398081,891,1106
398082,884,1108
398083,882,1110
398084,881,1113
398085,879,1121
398086,882,1121
398087,876,1124
398088,874,1124
398089,870,1126
398090,868,1130
398091,869,1135
398092,869,1136
398093,866,1136
398094,865,1136
398095,862,1139
398096,860,1143
398097,862,1149
398098,860,1152
398099,860,1153
398100,856,1152
398101,855,1153
398102,853,1159
398103,854,1163
398104,859,1165
398105,856,1164
398106,854,1166
398107,849,1169
398108,847,1175
398109,851,1177
398110,856,1179
398111,857,1179
398112,857,1179
398113,855,1178
398114,855,1181
398115,863,1182
398116,865,1180
398117,867,1178
398118,864,1175
398119,864,1172
398120,870,1173
398121,881,1171
398122,885,1171
398123,886,1166
398124,886,1162
398125,887,1161
398126,890,1161
398127,897,1159
398128,906,1155
398129,910,1148
398130,911,1141
398131,916,1137
398132,923,1135
398133,931,1131
398134,936,1127
398135,938,1121
398136,935,1116
398137,937,1111
398138,942,1109
398139,949,1107
398140,949,1103
398141,953,1095
398142,954,1090
398143,958,1085
398144,964,1084
398145,965,1084
398146,971,1080
398147,972,1075
398148,968,1070
398149,969,1069
398150,972,1070
398151,974,1069
398152,982,1068
398153,983,1063
398154,981,1061
398155,981,1060
398156,981,1060
398157,981,1064
398158,986,1063
398159,983,1060
398160,980,1058
398161,980,1057
398162,983,1058
398163,985,1061
398164,983,1061
398165,984,1059
398166,982,1057
398167,982,1055
398168,983,1059
398169,986,1059
398170,990,1060
398171,989,1056
398172,985,1054
398173,985,1052
398174,988,1053
398175,989,1058
398176,991,1053
398177,991,1052
398178,989,1048
398179,989,1049
398180,991,1050
398181,994,1054
398182,994,1053
398183,993,1053
398184,989,1050
398185,987,1049
398186,986,1051
398187,990,1053
398188,993,1052
398189,995,1049
398190,989,1046
398191,990,1047
398192,991,1051
398193,994,1053
398194,994,1053
398195,994,1050
398196,993,1049
398197,989,1049
398198,991,1050
398199,994,1051
398200,997,1054
398201,993,1053
398202,992,1050
398203,992,1051
398204,991,1053
398205,994,1056
398206,995,1055
398207,992,1051
398208,992,1049
398209,991,1050
398210,992,1054
398211,991,1054
398212,994,1055
398213,993,1053
398214,992,1052
398215,988,1052
398216,992,1050
398217,994,1055
398218,995,1053
398219,994,1051
398220,994,1048
398221,994,1046
398222,996,1050
398223,994,1051
398224,996,1049
398225,993,1049
398226,993,1046
398227,989,1047
398228,990,1051
398229,994,1052
398230,996,1053
398231,996,1052
398232,991,1048
398233,989,1049
398234,988,1051
398235,992,1053
398236,996,1053
398237,994,1049
398238,990,1048
398239,990,1046
398240,991,1049
398241,994,1050
398242,996,1050
398243,993,1048
398244,990,1044
398245,986,1047
398246,985,1049
398247,988,1049
398248,988,1051
398249,992,1047
398250,987,1047
398251,987,1047
398252,987,1052
398253,989,1054
398254,991,1056
398255,990,1055
398256,989,1053
398257,986,1051
398258,988,1056
398259,990,1057
398260,995,1059
398261,995,1056
398262,990,1054
398263,987,1057
398264,988,1057
398265,992,1061
398266,997,1058
398267,996,1058
398268,994,1057
398269,991,1054
398270,996,1055
398271,997,1057
398272,998,1055
398273,998,1053
398274,995,1048
398275,992,1052
398276,991,1054
398277,994,1056
398278,996,1055
398279,994,1050
398280,992,1047
398281,992,1048
398282,993,1049
398283,994,1051
398284,994,1051
398285,992,1050
398286,992,1047
398287,991,1045
398288,993,1049
398289,994,1049
398290,996,1050
398291,992,1045
398292,990,1041
398293,989,1045
398294,990,1046
398295,992,1048
398296,993,1048
398297,994,1048
398298,990,1045
398299,988,1049
398300,989,1052
398301,990,1052
398302,991,1050
398303,994,1049
398304,989,1047
398305,986,1049
398306,990,1050
398307,996,1054
398308,998,1057
398309,998,1055
398310,993,1054
398311,994,1056
398312,994,1052
398313,998,1057
398314,1000,1056
398315,999,1051
398316,999,1051
398317,997,1049
398318,1000,1051
398319,999,1056
398320,1001,1058
398321,999,1054
398322,995,1049
398323,995,1049
398324,996,1050
398325,999,1056
398326,999,1053
398327,1002,1052
398328,999,1046
398329,995,1045
398330,993,1050
398331,994,1050
398332,998,1050
398333,997,1048
398334,996,1048
398335,994,1047
398336,995,1049
398337,998,1053
398338,998,1052
398339,997,1050
398340,995,1047
398341,990,1045
398342,990,1050
398343,994,1053
398344,996,1052
398345,996,1050
398346,993,1048
398347,990,1045
398348,989,1050
398349,990,1054
398350,995,1054
398351,994,1052
398352,993,1049
398353,992,1051
398354,991,1054
398355,997,1057
398356,1000,1057
398357,998,1057
398358,995,1054
398359,994,1052
398360,998,1057
398361,999,1060
398362,1003,1059
398363,1003,1055
398364,1000,1052
398365,1002,1053
398366,1002,1055
398367,1002,1054
398368,1005,1052
398369,1002,1050
398370,1000,1047
398371,999,1044
398372,998,1047
398373,1002,1049
398374,1003,1049
398375,1002,1047
398376,1000,1044
398377,996,1041
398378,997,1042
398379,999,1045
398380,1003,1045
398381,1001,1042
398382,999,1039
398383,996,1041
398384,998,1042
398385,999,1046
398386,1001,1044
398387,1001,1044
398388,995,1043
398389,993,1043
398390,995,1045
398391,997,1045
398392,1001,1045
398393,1000,1043
398394,997,1041
398395,993,1040
398396,993,1046
398397,995,1046
398398,994,1045
398399,996,1043
398400,997,1041
398401,997,1044
398402,998,1045
398403,1003,1051
398404,1003,1052
398405,1004,1048
398406,1001,1048
398407,1001,1047
398408,1003,1051
398409,1005,1052
398410,1008,1052
398411,1013,1049
398412,1012,1048
398413,1012,1049
398414,1013,1048
398415,1016,1051
398416,1020,1047
398417,1025,1042
398418,1029,1037
398419,1041,1035
398420,1058,1035
398421,1080,1032
398422,1111,1027
398423,1138,1016
398424,1170,1002
398425,1204,990
398426,1241,990
398427,1279,995
398428,1313,1006
398429,1338,1019
398430,1340,1031
398431,1317,1043
398432,1274,1051
398433,1224,1055
398434,1176,1064
398435,1130,1066
398436,1081,1068
398437,1032,1072
398438,1003,1074
398439,996,1074
398440,1000,1071
398441,1006,1061
398442,1008,1051
398443,1007,1049
398444,1004,1051
398445,999,1055
398446,1000,1053
398447,997,1050
398448,992,1050
398449,989,1051
398450,986,1054
398451,983,1056
398452,987,1056
398453,987,1055
398454,984,1051
398455,981,1051
398456,982,1055
398457,983,1057
398458,985,1056
398459,982,1056
398460,979,1050
398461,977,1050
398462,976,1050
398463,980,1053
398464,985,1052
398465,983,1046
398466,982,1044
398467,981,1046
398468,979,1048
398469,983,1049
398470,983,1048
398471,986,1047
398472,983,1046
398473,980,1044
398474,981,1047
398475,985,1050
398476,984,1051
398477,983,1049
398478,984,1044
398479,978,1044
398480,981,1046
398481,981,1047
398482,983,1048
398483,980,1045
398484,981,1043
398485,983,1041
398486,980,1046
398487,982,1050
398488,986,1048
398489,985,1047
398490,985,1044
398491,983,1043
398492,985,1045
398493,988,1047
398494,989,1045
398495,989,1043
398496,989,1042
398497,987,1040
398498,988,1044
398499,991,1045
398500,996,1046
398501,991,1043
398502,992,1040
398503,994,1038
398504,994,1038
398505,997,1040
398506,1003,1038
398507,1005,1036
398508,1003,1033
398509,1002,1030
398510,1002,1032
398511,1003,1031
398512,1009,1032
398513,1009,1030
398514,1009,1026
398515,1009,1021
398516,1013,1026
398517,1016,1025
398518,1020,1025
398519,1021,1022
398520,1016,1019
398521,1015,1018
398522,1020,1020
398523,1024,1021
398524,1030,1021
398525,1029,1020
398526,1030,1016
398527,1027,1014
398528,1030,1015
398529,1032,1018
398530,1036,1016
398531,1034,1015
398532,1030,1011
398533,1031,1012
398534,1033,1018
398535,1038,1022
398536,1041,1019
398537,1037,1019
398538,1034,1017
398539,1031,1018
398540,1032,1024
398541,1032,1027
398542,1034,1024
398543,1029,1023
398544,1025,1021
398545,1028,1021
398546,1029,1024
398547,1027,1029
398548,1026,1032
398549,1021,1035
398550,1017,1032
398551,1015,1035
398552,1013,1039
398553,1012,1044
398554,1015,1043
398555,1011,1044
398556,1009,1041
398557,1004,1041
398558,1005,1041
398559,1003,1045
398560,1002,1047
398561,997,1046
398562,994,1043
398563,991,1046
398564,991,1049
398565,995,1053
398566,996,1052
398567,993,1050
398568,994,1048
398569,990,1045
398570,991,1048
398571,993,1049
398572,994,1050
398573,988,1049
398574,987,1044
398575,988,1048
398576,991,1049
398577,995,1052
398578,1001,1051
398579,998,1050
398580,992,1046
398581,988,1048
398582,987,1051
398583,989,1054
398584,996,1055
398585,998,1050
398586,997,1047
398587,992,1046
398588,992,1050
398589,994,1046
398590,996,1048
398591,996,1043
398592,994,1042
398593,993,1040
398594,994,1041
398595,997,1044
398596,1001,1047
398597,1000,1045
398598,994,1040
398599,989,1041
398600,992,1045
398601,996,1045
398602,1000,1046
398603,999,1044
398604,994,1041
398605,993,1039
398606,995,1044
398607,996,1045
398608,995,1048
398609,997,1044
398610,989,1042
398611,985,1041
398612,983,1042
398613,989,1047
398614,991,1048
398615,990,1044
398616,986,1043
398617,985,1042
398618,987,1045
398619,991,1046
398620,992,1047
398621,991,1047
398622,984,1044
398623,984,1042
398624,986,1045
398625,990,1046
398626,994,1047
398627,992,1043
398628,988,1044
398629,984,1043
398630,985,1043
398631,991,1048
398632,994,1049
398633,995,1045
398634,990,1045
398635,987,1044
398636,983,1047
398637,983,1049
398638,985,1049
398639,985,1044
398640,981,1041
398641,978,1038
398642,977,1042
398643,981,1047
398644,988,1044
398645,989,1046
398646,987,1043
398647,983,1044
398648,982,1044
398649,984,1049
398650,988,1049
398651,988,1047
398652,985,1043
398653,982,1045
398654,985,1047
398655,986,1050
398656,986,1050
398657,981,1050
398658,980,1047
398659,977,1049
398660,980,1050
398661,982,1051
398662,983,1049
398663,984,1048
398664,984,1045
398665,981,1044
398666,982,1046
398667,981,1050
398668,981,1051
398669,983,1047
398670,980,1046
398671,978,1049
398672,977,1050
398673,979,1051
398674,983,1051
398675,983,1050
398676,983,1046
398677,982,1048
398678,980,1048
398679,982,1052
398680,985,1050
398681,984,1047
398682,985,1042
398683,984,1044
398684,984,1044
398685,982,1048
398686,982,1047
398687,982,1044
398688,981,1043
398689,979,1042
398690,980,1047
398691,979,1044
398692,979,1045
398693,978,1042
398694,979,1039
398695,977,1039
398696,979,1044
398697,980,1047
398698,982,1047
398699,978,1047
398700,979,1045
398701,978,1045
398702,982,1050
398703,985,1051
398704,986,1052
398705,985,1048
398706,982,1048
398707,982,1048
398708,983,1052
398709,985,1053
398710,988,1050
398711,981,1046
398712,979,1046
398713,980,1047
398714,983,1050
398715,990,1051
398716,991,1052
398717,987,1050
398718,978,1049
398719,976,1050
398720,980,1049
398721,982,1050
398722,987,1051
398723,984,1050
398724,985,1047
398725,983,1047
398726,985,1050
398727,987,1051
398728,988,1050
398729,985,1046
398730,983,1047
398731,982,1046
398732,986,1048
398733,988,1051
398734,990,1047
398735,983,1044
398736,979,1043
398737,977,1040
398738,978,1044
398739,980,1043
398740,982,1043
398741,978,1042
398742,980,1039
398743,980,1039
398744,978,1039
398745,979,1041
398746,984,1041
398747,983,1039
398748,984,1040
398749,980,1041
398750,981,1042
398751,984,1045
398752,988,1045
398753,990,1046
398754,991,1044
398755,986,1045
398756,984,1047
398757,990,1053
398758,994,1052
398759,995,1050
398760,990,1047
398761,987,1049
398762,989,1049
398763,992,1051
398764,995,1050
398765,994,1047
398766,993,1047
398767,991,1048
398768,992,1049
398769,994,1050
398770,997,1050
398771,995,1046
398772,991,1045
398773,989,1043
398774,990,1045
398775,995,1052
398776,999,1051
398777,996,1046
398778,992,1047
398779,991,1047
398780,991,1050
398781,988,1049
398782,989,1047
398783,989,1043
398784,986,1041
398785,987,1038
398786,985,1040
398787,990,1042
398788,995,1041
398789,995,1042
398790,991,1036
398791,986,1034
398792,987,1038
398793,991,1041
398794,992,1041
398795,995,1039
398796,991,1039
398797,987,1040
398798,989,1042
398799,992,1044
398800,995,1043
398801,993,1041
398802,990,1041
398803,985,1041
398804,987,1046
398805,988,1046
398806,992,1048
398807,992,1046
398808,990,1045
398809,993,1044
398810,991,1044
398811,995,1047
398812,995,1046
398813,995,1046
398814,994,1043
398815,992,1045
398816,996,1045
398817,998,1047
398818,1002,1050
398819,998,1050
398820,995,1046
398821,994,1049
398822,994,1051
398823,994,1054
398824,997,1051
398825,1000,1046
398826,997,1044
398827,994,1044
398828,995,1045
398829,994,1047
398830,998,1044
398831,995,1043
398832,991,1038
398833,991,1041
398834,991,1041
398835,996,1045
398836,998,1042
398837,1000,1041
398838,994,1040
398839,994,1041
398840,997,1043
398841,998,1043
398842,1001,1043
398843,1002,1040
398844,997,1039
398845,996,1040
398846,997,1042
398847,1002,1046
398848,1005,1043
398849,1004,1043
398850,999,1043
398851,1000,1044
398852,1000,1043
398853,1006,1047
398854,1007,1045
398855,1007,1045
398856,1005,1044
398857,1004,1044
398858,1005,1047
398859,1006,1047
398860,1009,1050
398861,1008,1049
398862,1010,1045
398863,1005,1048
398864,1003,1046
398865,1008,1049
398866,1010,1049
398867,1008,1045
398868,1004,1041
398869,1005,1044
398870,1004,1048
398871,1008,1052
398872,1010,1047
398873,1005,1044
398874,1005,1040
398875,1004,1042
398876,1002,1045
398877,1004,1047
398878,1006,1047
398879,1005,1042
398880,1001,1041
398881,1003,1042
398882,1005,1044
398883,1008,1044
398884,1010,1045
398885,1006,1043
398886,1005,1044
398887,1003,1045
398888,1005,1048
398889,1008,1050
398890,1009,1047
398891,1007,1046
398892,1006,1038
398893,1007,1038
398894,1007,1039
398895,1009,1043
398896,1013,1041
398897,1012,1039
398898,1012,1037
398899,1016,1033
398900,1022,1037
398901,1034,1038
398902,1048,1037
398903,1059,1030
398904,1075,1026
398905,1095,1023
398906,1124,1018
398907,1156,1012
398908,1191,1002
398909,1228,997
398910,1264,997
398911,1294,1003
398912,1329,1016
398913,1344,1034
398914,1337,1046
398915,1305,1055
398916,1253,1052
398917,1198,1057
398918,1143,1070
398919,1092,1077
398920,1043,1080
398921,1004,1080
398922,988,1078
398923,989,1072
398924,996,1066
398925,1007,1059
398926,1011,1052
398927,1009,1047
398928,1002,1042
398929,996,1043
398930,990,1043
398931,994,1045
398932,993,1044
398933,994,1042
398934,990,1039
398935,986,1041
398936,986,1044
398937,984,1046
398938,985,1045
398939,984,1043
398940,983,1044
398941,982,1045
398942,985,1048
398943,986,1050
398944,987,1051
398945,986,1049
398946,983,1049
398947,981,1050
398948,982,1054
398949,985,1054
398950,988,1056
398951,987,1053
398952,984,1049
398953,981,1050
398954,985,1049
398955,985,1052
398956,987,1052
398957,986,1053
398958,982,1050
398959,982,1052
398960,984,1054
398961,989,1060
398962,995,1056
398963,993,1051
398964,991,1047
398965,986,1047
398966,987,1046
398967,990,1047
398968,991,1046
398969,990,1047
398970,986,1040
398971,987,1041
398972,987,1043
398973,992,1045
398974,992,1045
398975,992,1038
398976,985,1037
398977,984,1039
398978,988,1042
398979,994,1043
398980,998,1039
398981,996,1036
398982,995,1028
398983,995,1030
398984,992,1029
398985,999,1032
398986,1001,1032
398987,1001,1030
398988,1003,1025
398989,1000,1023
398990,1004,1026
398991,1005,1025
398992,1014,1025
398993,1015,1025
398994,1014,1022
398995,1011,1021
398996,1014,1020
398997,1018,1022
398998,1017,1021
398999,1019,1019
399000,1016,1016
399001,1013,1016
399002,1020,1014
399003,1023,1018
399004,1024,1017
399005,1021,1017
399006,1018,1015
399007,1019,1015
399008,1020,1016
399009,1024,1016
399010,1030,1019
399011,1027,1015
399012,1027,1015
399013,1027,1014
399014,1030,1016
399015,1034,1020
399016,1034,1021
399017,1032,1018
399018,1028,1016
399019,1028,1016
399020,1030,1021
399021,1031,1024
399022,1034,1025
399023,1033,1027
399024,1032,1023
399025,1028,1024
399026,1029,1028
399027,1029,1033
399028,1029,1031
399029,1029,1031
399030,1023,1029
399031,1019,1032
399032,1020,1035
399033,1020,1039
399034,1018,1040
399035,1018,1040
399036,1017,1038
399037,1011,1041
399038,1006,1044
399039,1008,1047
399040,1007,1047
399041,1008,1046
399042,1006,1044
399043,1002,1042
399044,1002,1045
399045,1003,1049
399046,1005,1048
399047,1002,1046
399048,996,1043
399049,999,1046
399050,995,1048
399051,998,1051
399052,1002,1051
399053,999,1047
399054,995,1044
399055,995,1044
399056,996,1048
399057,996,1049
399058,1000,1049
399059,1003,1048
399060,1000,1046
399061,996,1045
399062,996,1051
399063,1002,1054
399064,1003,1053
399065,1002,1046
399066,1001,1045
399067,998,1045
399068,1001,1047
399069,1005,1051
399070,1006,1049
399071,1004,1046
399072,1004,1045
399073,1005,1046
399074,1006,1049
399075,1010,1050
399076,1013,1049
399077,1009,1044
399078,1007,1041
399079,1007,1041
399080,1010,1044
399081,1012,1046
399082,1013,1047
399083,1010,1045
399084,1008,1043
399085,1007,1042
399086,1008,1047
399087,1010,1046
399088,1011,1045
399089,1011,1040
399090,1008,1038
399091,1005,1039
399092,1004,1041
399093,1007,1046
399094,1008,1046
399095,1007,1042
399096,1005,1040
399097,1002,1040
399098,1004,1043
399099,1005,1044
399100,1006,1044
399101,1004,1046
399102,1002,1044
399103,1002,1045
399104,1001,1050
399105,1005,1054
399106,1007,1053
399107,1004,1049
399108,1004,1044
399109,1002,1045
399110,1003,1049
399111,1004,1051
399112,1008,1051
399113,1007,1047
399114,1004,1044
399115,998,1043
399116,1003,1050
399117,1005,1051
399118,1012,1047
399119,1010,1048
399120,1007,1047
399121,1005,1046
399122,1007,1050
399123,1009,1052
399124,1012,1051
399125,1011,1045
399126,1006,1044
399127,1004,1043
399128,1006,1048
399129,1009,1051
399130,1013,1052
399131,1011,1049
399132,1012,1046
399133,1009,1046
399134,1012,1054
399135,1013,1054
399136,1015,1054
399137,1012,1048
399138,1008,1046
399139,1004,1047
399140,1008,1048
399141,1012,1052
399142,1014,1050
399143,1014,1047
399144,1011,1048
399145,1009,1047
399146,1006,1049
399147,1011,1049
399148,1014,1046
399149,1013,1042
399150,1011,1034
399151,1016,1035
399152,1024,1030
399153,1041,1032
399154,1056,1031
399155,1075,1026
399156,1096,1021
399157,1127,1011
399158,1163,1002
399159,1201,997
399160,1241,992
399161,1278,994
399162,1310,1006
399163,1327,1029
399164,1329,1050
399165,1311,1061
399166,1269,1061
399167,1214,1066
399168,1157,1074
399169,1098,1088
399170,1041,1101
399171,1001,1111
399172,982,1111
399173,982,1103
399174,990,1088
399175,996,1074
399176,1003,1065
399177,1007,1063
399178,1008,1059
399179,1005,1053
399180,999,1052
399181,996,1052
399182,995,1054
399183,997,1057
399184,996,1052
399185,996,1048
399186,994,1045
399187,989,1046
399188,991,1049
399189,992,1051
399190,991,1052
399191,988,1052
399192,983,1049
399193,985,1051
399194,985,1054
399195,985,1055
399196,985,1054
399197,983,1050
399198,980,1048
399199,978,1049
399200,979,1053
399201,982,1057
399202,982,1055
399203,983,1052
399204,981,1050
399205,976,1051
399206,978,1054
399207,982,1054
399208,983,1054
399209,981,1049
399210,978,1048
399211,977,1046
399212,978,1051
399213,981,1052
399214,984,1050
399215,985,1046
399216,980,1047
399217,981,1046
399218,983,1047
399219,988,1048
399220,990,1046
399221,989,1046
399222,989,1042
399223,989,1045
399224,991,1046
399225,996,1051
399226,999,1048
399227,1000,1043
399228,997,1041
399229,998,1038
399230,1002,1034
399231,1005,1035
399232,1009,1035
399233,1010,1031
399234,1011,1026
399235,1011,1025
399236,1013,1026
399237,1018,1025
399238,1020,1023
399239,1020,1020
399240,1018,1012
399241,1019,1012
399242,1020,1011
399243,1023,1012
399244,1025,1009
399245,1024,1007
399246,1023,1007
399247,1024,1005
399248,1026,1004
399249,1027,1004
399250,1032,1000
399251,1030,996
399252,1030,994
399253,1028,992
399254,1031,994
399255,1034,997
399256,1037,996
399257,1036,994
399258,1035,993
399259,1030,991
399260,1032,994
399261,1034,1000
399262,1035,1000
399263,1033,1000
399264,1031,996
399265,1029,997
399266,1033,1000
399267,1037,1005
399268,1037,1007
399269,1037,1006
399270,1033,1005
399271,1029,1010
399272,1029,1015
399273,1028,1019
399274,1030,1021
399275,1031,1021
399276,1027,1025
399277,1022,1030
399278,1024,1032
399279,1026,1038
399280,1027,1036
399281,1027,1037
399282,1023,1036
399283,1019,1042
399284,1016,1047
399285,1019,1050
399286,1020,1049
399287,1018,1047
399288,1014,1043
399289,1010,1044
399290,1006,1050
399291,1011,1050
399292,1009,1051
399293,1006,1051
399294,1003,1049
399295,1001,1050
399296,997,1056
399297,1001,1058
399298,1001,1062
399299,995,1060
399300,994,1057
399301,991,1052
399302,992,1055
399303,997,1056
399304,998,1054
399305,997,1052
399306,997,1050
399307,993,1053
399308,994,1058
399309,995,1062
399310,997,1058
399311,996,1057
399312,992,1053
399313,992,1056
399314,992,1059
399315,994,1059
399316,996,1056
399317,995,1052
399318,996,1048
399319,992,1050
399320,994,1054
399321,994,1054
399322,998,1054
399323,998,1049
399324,997,1049
399325,997,1051
399326,999,1054
399327,1003,1057
399328,1005,1054
399329,1008,1050
399330,1005,1048
399331,1005,1046
399332,1005,1050
399333,1007,1050
399334,1011,1048
399335,1010,1046
399336,1007,1044
399337,1005,1046
399338,1007,1047
399339,1010,1052
399340,1010,1051
399341,1009,1049
399342,1008,1045
399343,1002,1046
399344,1005,1049
399345,1005,1051
399346,1004,1051
399347,1005,1050
399348,1005,1045
399349,1001,1046
399350,1004,1047
399351,1005,1052
399352,1006,1050
399353,1004,1049
399354,996,1046
399355,998,1046
399356,997,1048
399357,1000,1052
399358,1004,1052
399359,1002,1050
399360,999,1046
399361,996,1047
399362,997,1049
399363,999,1054
399364,1001,1054
399365,998,1049
399366,994,1048
399367,991,1048
399368,993,1053
399369,997,1056
399370,1000,1054
399371,997,1051
399372,996,1049
399373,993,1048
399374,994,1052
399375,997,1056
399376,999,1054
399377,1001,1051
399378,1001,1048
399379,1001,1052
399380,1002,1051
399381,1004,1054
399382,1005,1052
399383,1005,1053
399384,1001,1053
399385,999,1055
399386,999,1056
399387,1004,1056
399388,1006,1053
399389,1003,1054
399390,1001,1050
399391,996,1050
399392,999,1050
399393,1002,1051
399394,1003,1052
399395,1003,1052
399396,1000,1051
399397,998,1051
399398,1001,1054
399399,1004,1056
399400,1004,1054
399401,1003,1049
399402,1003,1050
399403,999,1051
399404,998,1055
399405,999,1058
399406,1002,1058
399407,1002,1057
399408,999,1055
399409,997,1054
399410,998,1054
399411,998,1058
399412,1000,1055
399413,1001,1053
399414,1000,1052
399415,998,1054
399416,999,1057
399417,1001,1058
399418,1005,1055
399419,1003,1054
399420,1002,1055
399421,1001,1053
399422,1003,1056
399423,1008,1052
399424,1013,1050
399425,1017,1044
399426,1023,1039
399427,1034,1038
399428,1052,1036
399429,1076,1035
399430,1105,1029
399431,1134,1015
399432,1166,995
399433,1200,987
399434,1241,989
399435,1280,1001
399436,1309,1017
399437,1320,1035
399438,1306,1049
399439,1266,1053
399440,1212,1064
399441,1156,1078
399442,1102,1092
399443,1045,1100
399444,1006,1102
399445,994,1097
399446,997,1089
399447,1007,1078
399448,1014,1067
399449,1014,1060
399450,1009,1056
399451,1002,1052
399452,1001,1057
399453,1000,1059
399454,1003,1059
399455,998,1055
399456,993,1053
399457,989,1053
399458,987,1056
399459,986,1061
399460,987,1063
399461,986,1063
399462,984,1057
399463,983,1056
399464,984,1057
399465,987,1059
399466,987,1058
399467,985,1059
399468,982,1057
399469,979,1060
399470,976,1060
399471,979,1063
399472,982,1061
399473,980,1056
399474,977,1054
399475,977,1053
399476,978,1055
399477,981,1056
399478,983,1055
399479,983,1053
399480,978,1051
399481,976,1051
399482,979,1054
399483,980,1055
399484,984,1056
399485,982,1050
399486,983,1050
399487,982,1049
399488,983,1050
399489,987,1051
399490,989,1048
399491,988,1045
399492,986,1041
399493,987,1041
399494,991,1046
399495,992,1048
399496,997,1043
399497,996,1043
399498,993,1041
399499,993,1043
399500,998,1042
399501,1001,1044
399502,1005,1040
399503,1006,1038
399504,1005,1033
399505,1006,1035
399506,1005,1033
399507,1010,1035
399508,1014,1032
399509,1011,1032
399510,1010,1025
399511,1011,1029
399512,1014,1030
399513,1016,1032
399514,1020,1026
399515,1021,1019
399516,1018,1012
399517,1018,1013
399518,1020,1015
399519,1022,1016
399520,1024,1014
399521,1025,1012
399522,1023,1011
399523,1024,1009
399524,1023,1013
399525,1026,1014
399526,1029,1013
399527,1029,1010
399528,1027,1007
399529,1025,1007
399530,1030,1008
399531,1031,1012
399532,1035,1011
399533,1036,1009
399534,1033,1008
399535,1031,1009
399536,1030,1011
399537,1032,1015
399538,1035,1016
399539,1034,1014
399540,1031,1012
399541,1032,1009
399542,1030,1014
399543,1036,1021
399544,1035,1022
399545,1033,1023
399546,1030,1025
399547,1025,1028
399548,1025,1036
399549,1025,1040
399550,1022,1044
399551,1022,1044
399552,1019,1041
399553,1015,1042
399554,1016,1045
399555,1014,1050
399556,1015,1051
399557,1009,1052
399558,1007,1052
399559,1006,1051
399560,1010,1050
399561,1011,1051
399562,1013,1048
399563,1009,1048
399564,1007,1045
399565,1004,1046
399566,1004,1048
399567,1003,1054
399568,1004,1055
399569,1003,1052
399570,1002,1054
399571,1001,1051
399572,1002,1057
399573,1007,1061
399574,1016,1060
399575,1019,1055
399576,1021,1052
399577,1024,1056
399578,1029,1057
399579,1036,1060
399580,1039,1063
399581,1043,1062
399582,1048,1059
399583,1054,1056
399584,1070,1049
399585,1084,1037
399586,1100,1016
399587,1107,997
399588,1122,980
399589,1136,968
399590,1154,950
399591,1172,941
399592,1188,921
399593,1206,898
399594,1225,874
399595,1245,856
399596,1266,843
399597,1281,835
399598,1289,829
399599,1287,825
399600,1280,825
399601,1276,824
399602,1272,828
399603,1268,830
399604,1264,829
399605,1247,826
399606,1223,827
399607,1197,833
399608,1175,843
399609,1151,856
399610,1128,866
399611,1102,879
399612,1078,888
399613,1061,904
399614,1054,926
399615,1052,941
399616,1051,953
399617,1048,961
399618,1041,968
399619,1042,977
399620,1049,990
399621,1063,1002
399622,1080,1009
399623,1094,1008
399624,1095,1011
399625,1076,1017
399626,1051,1027
399627,1021,1042
399628,991,1049
399629,970,1060
399630,960,1068
399631,951,1083
399632,951,1091
399633,949,1099
399634,945,1098
399635,937,1101
399636,932,1101
399637,929,1103
399638,925,1108
399639,924,1110
399640,921,1112
399641,918,1111
399642,914,1113
399643,912,1117
399644,911,1118
399645,909,1119
399646,909,1121
399647,904,1118
399648,903,1117
399649,899,1121
399650,898,1126
399651,901,1131
399652,901,1132
399653,900,1129
399654,897,1130
399655,893,1131
399656,893,1135
399657,894,1137
399658,896,1139
399659,893,1142
399660,889,1142
399661,891,1142
399662,890,1148
399663,894,1152
399664,895,1156
399665,892,1158
399666,891,1161
399667,886,1167
399668,889,1164
399669,894,1170
399670,894,1167
399671,894,1164
399672,891,1166
399673,892,1169
399674,894,1176
399675,898,1181
399676,902,1185
399677,901,1186
399678,899,1184
399679,900,1189
399680,905,1190
399681,907,1194
399682,915,1193
399683,914,1190
399684,913,1188
399685,915,1187
399686,920,1190
399687,925,1192
399688,930,1189
399689,931,1184
399690,932,1178
399691,934,1173
399692,937,1171
399693,942,1171
399694,950,1166
399695,954,1159
399696,956,1153
399697,958,1146
399698,964,1143
399699,968,1141
399700,973,1137
399701,978,1132
399702,979,1125
399703,979,1121
399704,985,1118
399705,984,1113
399706,988,1109
399707,990,1103
399708,989,1097
399709,989,1095
399710,991,1092
399711,993,1092
399712,994,1089
399713,993,1084
399714,994,1077
399715,993,1071
399716,993,1071
399717,999,1070
399718,998,1067
399719,1000,1063
399720,997,1058
399721,998,1059
399722,1000,1057
399723,1001,1062
399724,1001,1059
399725,1001,1054
399726,999,1050
399727,997,1052
399728,998,1055
399729,1001,1057
399730,1004,1060
399731,1004,1055
399732,1002,1052
399733,999,1054
399734,1001,1052
399735,1004,1053
399736,1006,1053
399737,1001,1054
399738,998,1052
399739,997,1051
399740,1000,1049
399741,1004,1047
399742,1007,1047
399743,1003,1047
399744,1000,1045
399745,1000,1046
399746,1003,1046
399747,1004,1050
399748,1008,1044
399749,1009,1045
399750,1007,1040
399751,1004,1043
399752,1006,1044
399753,1007,1045
399754,1009,1047
399755,1009,1041
399756,1005,1040
399757,1005,1039
399758,1005,1042
399759,1009,1047
399760,1010,1046
399761,1009,1047
399762,1006,1044
399763,1006,1041
399764,1009,1044
399765,1010,1046
399766,1015,1046
399767,1014,1048
399768,1011,1044
399769,1009,1045
399770,1011,1048
399771,1012,1052
399772,1012,1051
399773,1011,1050
399774,1008,1048
399775,1008,1048
399776,1011,1050
399777,1013,1052
399778,1016,1051
399779,1011,1050
399780,1011,1047
399781,1007,1048
399782,1006,1052
399783,1010,1050
399784,1013,1047
399785,1011,1043
399786,1010,1042
399787,1007,1044
399788,1011,1045
399789,1013,1048
399790,1014,1048
399791,1011,1047
399792,1012,1042
399793,1010,1044
399794,1011,1050
399795,1015,1056
399796,1017,1055
399797,1016,1049
399798,1014,1046
399799,1014,1040
399800,1016,1043
399801,1019,1045
399802,1022,1046
399803,1019,1041
399804,1019,1041
399805,1013,1040
399806,1016,1044
399807,1017,1046
399808,1018,1044
399809,1017,1043
399810,1016,1042
399811,1014,1039
399812,1016,1044
399813,1018,1047
399814,1018,1047
399815,1015,1046
399816,1013,1045
399817,1012,1048
399818,1014,1051
399819,1015,1050
399820,1020,1048
399821,1019,1047
399822,1012,1045
399823,1009,1045
399824,1010,1048
399825,1013,1048
399826,1015,1046
399827,1013,1043
399828,1010,1038
399829,1009,1039
399830,1011,1044
399831,1010,1046
399832,1012,1048
399833,1010,1044
399834,1007,1042
399835,1007,1043
399836,1009,1041
399837,1014,1046
399838,1017,1045
399839,1015,1046
399840,1014,1043
399841,1013,1045
399842,1010,1046
399843,1017,1047
399844,1019,1046
399845,1018,1044
399846,1017,1040
399847,1014,1041
399848,1018,1044
399849,1021,1046
399850,1023,1045
399851,1023,1044
399852,1021,1041
399853,1019,1040
399854,1019,1048
399855,1022,1048
399856,1023,1048
399857,1023,1043
399858,1023,1042
399859,1022,1041
399860,1023,1043
399861,1023,1045
399862,1024,1044
399863,1024,1044
399864,1024,1041
399865,1022,1041
399866,1017,1044
399867,1022,1045
399868,1024,1041
399869,1025,1041
399870,1023,1036
399871,1020,1037
399872,1021,1039
399873,1023,1042
399874,1021,1042
399875,1020,1037
399876,1021,1037
399877,1019,1039
399878,1023,1042
399879,1026,1042
399880,1024,1043
399881,1023,1038
399882,1020,1037
399883,1019,1038
399884,1021,1043
399885,1025,1044
399886,1028,1046
399887,1026,1044
399888,1024,1045
399889,1023,1043
399890,1023,1045
399891,1026,1047
399892,1029,1046
399893,1026,1043
399894,1022,1044
399895,1023,1047
399896,1025,1045
399897,1029,1049
399898,1031,1045
399899,1028,1044
399900,1026,1045
399901,1026,1044
399902,1028,1049
399903,1029,1051
399904,1029,1050
399905,1031,1045
399906,1030,1042
399907,1030,1040
399908,1030,1042
399909,1033,1044
399910,1033,1044
399911,1030,1041
399912,1030,1038
399913,1026,1037
399914,1029,1038
399915,1035,1042
399916,1036,1043
399917,1034,1042
399918,1031,1042
399919,1030,1041
399920,1034,1040
399921,1036,1037
399922,1040,1029
399923,1043,1025
399924,1051,1019
399925,1062,1019
399926,1082,1017
399927,1105,1017
399928,1133,1010
399929,1160,997
399930,1193,982
399931,1225,977
399932,1264,976
399933,1300,988
399934,1328,1005
399935,1338,1025
399936,1319,1039
399937,1275,1044
399938,1219,1051
399939,1166,1063
399940,1114,1073
399941,1062,1081
399942,1027,1085
399943,1014,1084
399944,1019,1077
399945,1031,1070
399946,1038,1055
399947,1038,1048
399948,1033,1042
399949,1029,1041
399950,1027,1042
399951,1028,1044
399952,1031,1045
399953,1028,1045
399954,1022,1044
399955,1020,1042
399956,1023,1041
399957,1021,1045
399958,1023,1047
399959,1018,1043
399960,1015,1042
399961,1015,1044
399962,1014,1044
399963,1013,1045
399964,1018,1044
399965,1016,1046
399966,1010,1044
399967,1005,1044
399968,1006,1052
399969,1009,1054
399970,1012,1054
399971,1011,1048
399972,1007,1044
399973,1006,1041
399974,1009,1044
399975,1008,1045
399976,1012,1047
399977,1008,1048
399978,1004,1045
399979,1003,1051
399980,1004,1053
399981,1008,1051
399982,1009,1046
399983,1006,1044
399984,1008,1042
399985,1004,1044
399986,1007,1050
399987,1010,1050
399988,1011,1047
399989,1008,1044
399990,1008,1039
399991,1006,1038
399992,1010,1040
399993,1013,1042
399994,1019,1041
399995,1015,1039
399996,1012,1033
399997,1013,1033
399998,1012,1035
399999,1017,1036
400000,1020,1035
400001,1020,1032
400002,1020,1026
400003,1020,1027
400004,1019,1027
400005,1026,1032
400006,1028,1028
400007,1029,1025
400008,1026,1020
400009,1025,1022
400010,1027,1021
400011,1029,1023
400012,1033,1019
400013,1032,1017
400014,1031,1014
400015,1029,1014
400016,1034,1016
400017,1039,1016
400018,1040,1012
400019,1038,1012
400020,1038,1008
400021,1037,1010
400022,1042,1011
400023,1045,1012
400024,1048,1008
400025,1046,1008
400026,1044,1008
400027,1045,1011
400028,1047,1013
400029,1052,1019
400030,1055,1017
400031,1056,1013
400032,1054,1005
400033,1056,1005
400034,1060,1006
400035,1062,1009
400036,1066,1009
400037,1064,1007
400038,1063,1007
400039,1061,1009
400040,1064,1013
400041,1065,1017
400042,1067,1015
400043,1064,1016
400044,1060,1017
400045,1058,1017
400046,1058,1023
400047,1058,1026
400048,1058,1031
400049,1054,1030
400050,1050,1031
400051,1046,1035
400052,1044,1039
400053,1045,1043
400054,1045,1041
400055,1041,1043
400056,1031,1041
400057,1029,1042
400058,1034,1043
400059,1034,1044
400060,1034,1043
400061,1035,1042
400062,1027,1042
400063,1026,1046
400064,1024,1050
400065,1027,1053
400066,1028,1052
400067,1027,1047
400068,1026,1047
400069,1027,1048
400070,1026,1050
400071,1027,1050
400072,1026,1048
400073,1022,1046
400074,1017,1044
400075,1017,1043
400076,1017,1046
400077,1018,1050
400078,1020,1048
400079,1022,1047
400080,1017,1043
400081,1015,1044
400082,1015,1047
400083,1020,1050
400084,1021,1047
400085,1020,1041
400086,1018,1041
400087,1019,1040
400088,1021,1043
400089,1024,1048
400090,1022,1047
400091,1022,1045
400092,1016,1043
400093,1019,1042
400094,1020,1042
400095,1023,1047
400096,1025,1044
400097,1020,1042
400098,1017,1038
400099,1016,1039
400100,1016,1040
400101,1019,1042
400102,1020,1045
400103,1021,1042
400104,1019,1042
400105,1016,1041
400106,1016,1044
400107,1023,1048
400108,1024,1046
400109,1021,1042
400110,1012,1041
400111,1014,1041
400112,1015,1044
400113,1012,1047
400114,1017,1046
400115,1012,1045
400116,1011,1044
400117,1008,1048
400118,1011,1051
400119,1013,1052
400120,1011,1050
400121,1009,1048
400122,1005,1043
400123,1006,1043
400124,1008,1044
400125,1014,1047
400126,1013,1045
400127,1010,1041
400128,1008,1041
400129,1007,1042
400130,1005,1051
400131,1010,1052
400132,1012,1052
400133,1010,1050
400134,1006,1049
400135,1003,1049
400136,1004,1052
400137,1008,1053
400138,1010,1055
400139,1011,1053
400140,1009,1052
400141,1007,1051
400142,1006,1054
400143,1004,1055
400144,1009,1056
400145,1005,1052
400146,1003,1050
400147,1004,1051
400148,1005,1054
400149,1008,1057
400150,1006,1059
400151,1006,1053
400152,1005,1049
400153,1003,1052
400154,1004,1054
400155,1008,1059
400156,1010,1057
400157,1006,1054
400158,1005,1052
400159,1005,1051
400160,1009,1054
400161,1011,1054
400162,1011,1049
400163,1007,1045
400164,1004,1040
400165,1014,1039
400166,1025,1038
400167,1035,1037
400168,1045,1034
400169,1059,1028
400170,1082,1019
400171,1113,1006
400172,1156,991
400173,1202,987
400174,1244,990
400175,1278,1010
400176,1295,1033
400177,1282,1050
400178,1244,1056
400179,1188,1065
400180,1125,1075
400181,1059,1093
400182,1000,1106
400183,965,1116
400184,960,1117
400185,972,1109
400186,986,1094
400187,992,1075
400188,995,1064
400189,992,1060
400190,993,1059
400191,994,1059
400192,992,1057
400193,986,1053
400194,980,1052
400195,977,1054
400196,980,1057
400197,983,1060
400198,984,1058
400199,978,1056
400200,977,1055
400201,973,1054
400202,977,1058
400203,980,1061
400204,978,1059
400205,977,1057
400206,973,1054
400207,973,1054
400208,977,1058
400209,981,1060
400210,977,1059
400211,977,1056
400212,975,1052
400213,972,1052
400214,974,1049
400215,975,1052
400216,978,1049
400217,977,1045
400218,972,1043
400219,971,1045
400220,970,1047
400221,970,1045
400222,975,1043
400223,973,1041
400224,972,1040
400225,970,1041
400226,972,1044
400227,972,1047
400228,975,1046
400229,978,1041
400230,975,1041
400231,975,1038
400232,980,1038
400233,984,1042
400234,986,1040
400235,985,1037
400236,984,1035
400237,981,1032
400238,984,1037
400239,989,1038
400240,990,1035
400241,989,1028
400242,990,1027
400243,991,1024
400244,990,1023
400245,993,1023
400246,999,1019
400247,1002,1016
400248,1000,1009
400249,1000,1007
400250,1001,1008
400251,1006,1009
400252,1008,1002
400253,1008,1001
400254,1006,996
400255,1002,998
400256,1005,998
400257,1009,999
400258,1011,996
400259,1010,994
400260,1007,991
400261,1003,991
400262,1008,994
400263,1012,998
400264,1010,998
400265,1011,996
400266,1007,994
400267,1008,996
400268,1011,1000
400269,1015,1002
400270,1016,1002
400271,1014,1002
400272,1013,1002
400273,1011,1004
400274,1014,1013
400275,1018,1016
400276,1013,1019
400277,1018,1020
400278,1016,1020
400279,1014,1025
400280,1013,1032
400281,1013,1039
400282,1014,1040
400283,1012,1039
400284,1007,1040
400285,1004,1045
400286,1005,1052
400287,1009,1052
400288,1008,1054
400289,1006,1051
400290,1002,1047
400291,997,1051
400292,997,1056
400293,1001,1060
400294,1001,1057
400295,999,1056
400296,995,1053
400297,993,1057
400298,994,1058
400299,996,1058
400300,998,1055
400301,994,1058
400302,991,1055
400303,990,1058
400304,992,1059
400305,996,1058
400306,998,1058
400307,992,1059
400308,992,1056
400309,991,1058
400310,990,1060
400311,991,1064
400312,992,1062
400313,991,1061
400314,988,1062
400315,993,1059
400316,992,1062
400317,996,1062
400318,997,1061
400319,999,1060
400320,996,1055
400321,997,1058
400322,1000,1061
400323,1001,1064
400324,1005,1062
400325,1003,1060
400326,998,1058
400327,999,1060
400328,999,1062
400329,1002,1064
400330,1006,1063
400331,1005,1060
400332,1003,1056
400333,1002,1056
400334,1004,1060
400335,1007,1059
400336,1005,1058
400337,1005,1057
400338,1000,1054
400339,1001,1054
400340,1004,1056
400341,1005,1056
400342,1006,1056
400343,1003,1055
400344,999,1052
400345,1000,1052
400346,998,1058
400347,1001,1059
400348,1000,1056
400349,998,1055
400350,994,1054
400351,995,1053
400352,996,1059
400353,1003,1063
400354,1004,1060
400355,999,1060
400356,998,1056
400357,996,1059
400358,998,1063
400359,1000,1064
400360,1002,1062
400361,999,1062
400362,993,1061
400363,995,1060
400364,994,1066
400365,995,1065
400366,998,1064
400367,996,1062
400368,994,1062
400369,992,1067
400370,995,1069
400371,999,1072
400372,1001,1071
400373,997,1068
400374,993,1065
400375,991,1066
400376,991,1070
400377,990,1074
400378,994,1068
400379,993,1068
400380,990,1064
400381,992,1066
400382,994,1070
400383,996,1070
400384,997,1069
400385,997,1066
400386,994,1062
400387,993,1063
400388,993,1068
400389,998,1067
400390,1000,1065
400391,996,1065
400392,994,1062
400393,995,1063
400394,996,1062
400395,997,1065
400396,998,1063
400397,996,1063
400398,991,1060
400399,991,1065
400400,994,1069
400401,999,1070
400402,1003,1072
400403,1000,1072
400404,997,1071
400405,998,1071
400406,998,1073
400407,1002,1076
400408,1005,1077
400409,1003,1074
400410,1000,1073
400411,1001,1072
400412,1000,1075
400413,1002,1080
400414,1003,1079
400415,1001,1076
400416,1002,1073
400417,1002,1075
400418,1005,1077
400419,1005,1077
400420,1011,1078
400421,1010,1071
400422,1008,1068
400423,1006,1066
400424,1009,1066
400425,1017,1065
400426,1028,1064
400427,1041,1060
400428,1055,1056
400429,1075,1053
400430,1106,1054
400431,1142,1049
400432,1178,1047
400433,1220,1043
400434,1258,1035
400435,1296,1038
400436,1323,1051
400437,1326,1056
400438,1303,1055
400439,1251,1055
400440,1190,1067
400441,1128,1087
400442,1067,1104
400443,1019,1111
400444,995,1106
400445,993,1097
400446,996,1083
400447,1005,1071
400448,1011,1071
400449,1013,1070
400450,1011,1069
400451,1003,1069
400452,993,1074
400453,993,1077
400454,990,1079
400455,990,1084
400456,988,1090
400457,987,1105
400458,980,1121
400459,978,1125
400460,982,1112
400461,984,1092
400462,988,1071
400463,991,1063
400464,989,1074
400465,984,1102
400466,985,1119
400467,983,1115
400468,989,1088
400469,990,1059
400470,993,1040
400471,991,1037
400472,994,1043
400473,995,1055
400474,993,1060
400475,993,1062
400476,992,1059
400477,989,1057
400478,989,1053
400479,995,1051
400480,993,1047
400481,993,1041
400482,990,1041
400483,986,1046
400484,986,1049
400485,986,1052
400486,989,1054
400487,989,1053
400488,989,1051
400489,988,1053
400490,989,1054
400491,990,1056
400492,993,1055
400493,992,1053
400494,989,1049
400495,988,1052
400496,988,1055
400497,993,1059
400498,998,1056
400499,999,1051
400500,998,1047
400501,995,1047
400502,997,1048
400503,999,1050
400504,999,1048
400505,1000,1045
400506,1000,1041
400507,1001,1041
400508,1003,1041
400509,1008,1042
400510,1012,1040
400511,1011,1036
400512,1009,1032
400513,1012,1030
400514,1011,1030
400515,1013,1030
400516,1016,1026
400517,1014,1024
400518,1010,1020
400519,1010,1018
400520,1010,1022
400521,1015,1022
400522,1018,1020
400523,1014,1017
400524,1010,1015
400525,1011,1015
400526,1015,1018
400527,1018,1019
400528,1019,1019
400529,1019,1018
400530,1014,1017
400531,1017,1020
400532,1018,1022
400533,1021,1021
400534,1020,1023
400535,1020,1022
400536,1020,1020
400537,1020,1022
400538,1021,1025
400539,1025,1029
400540,1028,1031
400541,1025,1028
400542,1022,1031
400543,1020,1032
400544,1022,1038
400545,1024,1041
400546,1021,1042
400547,1020,1045
400548,1016,1046
400549,1013,1046
400550,1011,1052
400551,1014,1056
400552,1011,1056
400553,1006,1056
400554,1004,1054
400555,1002,1057
400556,1001,1061
400557,1003,1064
400558,1006,1064
400559,1002,1061
400560,999,1062
400561,994,1063
400562,994,1066
400563,996,1069
400564,996,1069
400565,993,1064
400566,989,1065
400567,989,1064
400568,989,1067
400569,990,1071
400570,994,1070
400571,990,1068
400572,991,1065
400573,990,1069
400574,991,1071
400575,997,1075
400576,1004,1074
400577,1000,1072
400578,1006,1075
400579,1011,1079
400580,1014,1080
400581,1020,1083
400582,1024,1087
400583,1026,1088
400584,1027,1088
400585,1036,1086
400586,1051,1076
400587,1066,1064
400588,1077,1044
400589,1092,1027
400590,1099,1014
400591,1115,997
400592,1131,985
400593,1153,971
400594,1168,951
400595,1184,928
400596,1199,899
400597,1216,873
400598,1238,855
400599,1256,840
400600,1268,824
400601,1275,815
400602,1274,805
400603,1274,805
400604,1274,805
400605,1268,807
400606,1266,803
400607,1253,801
400608,1240,799
400609,1228,799
400610,1212,807
400611,1192,816
400612,1174,824
400613,1144,830
400614,1116,842
400615,1094,859
400616,1072,879
400617,1062,896
400618,1055,912
400619,1055,931
400620,1047,943
400621,1041,956
400622,1037,968
400623,1039,983
400624,1040,995
400625,1044,1002
400626,1051,1009
400627,1062,1020
400628,1075,1021
400629,1076,1029
400630,1062,1034
400631,1035,1043
400632,1005,1048
400633,974,1060
400634,950,1077
400635,936,1095
400636,927,1107
400637,923,1118
400638,919,1123
400639,910,1126
400640,907,1132
400641,905,1136
400642,901,1140
400643,894,1139
400644,889,1143
400645,884,1144
400646,886,1149
400647,886,1150
400648,886,1153
400649,884,1150
400650,878,1147
400651,877,1152
400652,877,1154
400653,878,1159
400654,881,1158
400655,877,1157
400656,873,1156
400657,868,1159
400658,866,1162
400659,866,1166
400660,866,1164
400661,866,1165
400662,863,1164
400663,861,1168
400664,860,1173
400665,862,1177
400666,861,1179
400667,855,1177
400668,851,1178
400669,848,1180
400670,851,1186
400671,850,1188
400672,853,1192
400673,851,1194
400674,848,1192
400675,848,1197
400676,850,1203
400677,852,1207
400678,852,1211
400679,851,1209
400680,848,1211
400681,847,1214
400682,849,1218
400683,850,1223
400684,854,1225
400685,852,1227
400686,850,1227
400687,851,1228
400688,854,1234
400689,856,1233
400690,860,1233
400691,861,1230
400692,861,1231
400693,862,1232
400694,864,1235
400695,868,1234
400696,870,1234
400697,870,1230
400698,869,1226
400699,875,1226
400700,879,1222
400701,886,1223
400702,889,1219
400703,890,1210
400704,894,1203
400705,898,1200
400706,903,1195
400707,907,1194
400708,913,1189
400709,914,1181
400710,917,1171
400711,918,1167
400712,925,1163
400713,930,1162
400714,934,1154
400715,937,1145
400716,940,1137
400717,937,1134
400718,940,1129
400719,943,1128
400720,944,1123
400721,943,1114
400722,942,1109
400723,939,1104
400724,946,1105
400725,950,1104
400726,951,1102
400727,949,1094
400728,948,1088
400729,947,1088
400730,949,1087
400731,951,1086
400732,956,1083
400733,956,1081
400734,953,1079
400735,954,1076
400736,955,1078
400737,954,1080
400738,959,1076
400739,956,1077
400740,955,1071
400741,955,1072
400742,956,1075
400743,960,1076
400744,961,1076
400745,959,1072
400746,957,1069
400747,954,1070
400748,959,1074
400749,963,1075
400750,962,1074
400751,961,1072
400752,956,1070
400753,959,1072
400754,960,1076
400755,963,1073
400756,963,1073
400757,965,1070
400758,963,1065
400759,963,1064
400760,965,1063
400761,966,1065
400762,968,1064
400763,967,1059
400764,966,1055
400765,963,1057
400766,967,1059
400767,968,1059
400768,969,1058
400769,968,1056
400770,964,1051
400771,963,1054
400772,965,1058
400773,965,1061
400774,967,1060
400775,965,1057
400776,961,1054
400777,961,1053
400778,965,1056
400779,968,1061
400780,965,1060
400781,966,1055
400782,963,1055
400783,962,1056
400784,966,1057
400785,968,1064
400786,968,1060
400787,964,1058
400788,962,1055
400789,961,1057
400790,960,1061
400791,965,1062
400792,965,1062
400793,962,1057
400794,959,1052
400795,956,1057
400796,959,1059
400797,963,1063
400798,962,1060
400799,962,1057
400800,959,1056
400801,958,1057
400802,956,1057
400803,960,1061
400804,961,1058
400805,964,1056
400806,962,1057
400807,960,1057
400808,960,1057
400809,965,1059
400810,967,1061
400811,965,1060
400812,965,1055
400813,962,1056
400814,964,1058
400815,967,1058
400816,970,1054
400817,968,1051
400818,967,1048
400819,963,1050
400820,962,1054
400821,965,1056
400822,970,1054
400823,967,1053
400824,962,1051
400825,961,1053
400826,963,1057
400827,965,1060
400828,965,1056
400829,960,1054
400830,961,1053
400831,960,1055
400832,961,1054
400833,966,1058
400834,966,1058
400835,963,1055
400836,963,1052
400837,964,1053
400838,964,1056
400839,965,1061
400840,966,1058
400841,968,1057
400842,965,1053
400843,964,1056
400844,968,1058
400845,971,1061
400846,971,1060
400847,968,1058
400848,966,1054
400849,963,1057
400850,968,1060
400851,967,1059
400852,968,1060
400853,967,1056
400854,967,1056
400855,964,1058
400856,971,1060
400857,971,1062
400858,977,1059
400859,970,1056
400860,967,1053
400861,964,1055
400862,962,1058
400863,965,1060
400864,970,1056
400865,967,1051
400866,964,1051
400867,965,1053
400868,967,1056
400869,970,1058
400870,972,1059
400871,968,1055
400872,967,1053
400873,968,1051
400874,969,1052
400875,972,1054
400876,974,1055
400877,968,1050
400878,965,1047
400879,967,1048
400880,970,1052
400881,973,1051
400882,974,1053
400883,970,1051
400884,968,1050
400885,964,1050
400886,970,1052
400887,972,1055
400888,973,1056
400889,972,1054
400890,970,1056
400891,966,1058
400892,973,1058
400893,976,1058
400894,977,1057
400895,975,1049
400896,972,1042
400897,977,1045
400898,987,1046
400899,998,1047
400900,1009,1045
400901,1020,1042
400902,1032,1037
400903,1054,1031
400904,1084,1016
400905,1119,1001
400906,1158,989
400907,1195,986
400908,1231,992
400909,1265,1011
400910,1284,1040
400911,1284,1055
400912,1254,1060
400913,1205,1058
400914,1147,1060
400915,1092,1074
400916,1043,1088
400917,1003,1101
400918,974,1104
400919,958,1104
400920,958,1090
400921,965,1078
400922,970,1069
400923,975,1066
400924,978,1058
400925,974,1051
400926,969,1050
400927,967,1051
400928,969,1054
400929,971,1053
400930,968,1051
400931,967,1050
400932,959,1050
400933,960,1053
400934,959,1054
400935,963,1056
400936,961,1055
400937,958,1052
400938,953,1052
400939,953,1054
400940,955,1055
400941,956,1057
400942,955,1055
400943,954,1055
400944,948,1052
400945,950,1055
400946,953,1058
400947,958,1059
400948,958,1060
400949,958,1057
400950,955,1054
400951,951,1054
400952,954,1059
400953,958,1060
400954,958,1060
400955,956,1055
400956,955,1055
400957,949,1058
400958,952,1060
400959,955,1058
400960,955,1057
400961,958,1054
400962,958,1051
400963,955,1052
400964,957,1051
400965,961,1052
400966,959,1050
400967,957,1047
400968,956,1047
400969,956,1046
400970,955,1050
400971,956,1051
400972,960,1046
400973,960,1045
400974,955,1043
400975,956,1045
400976,959,1043
400977,965,1042
400978,966,1041
400979,965,1036
400980,963,1035
400981,963,1034
400982,965,1040
400983,968,1039
400984,970,1038
400985,969,1032
400986,967,1028
400987,965,1024
400988,968,1022
400989,971,1022
400990,973,1018
400991,974,1014
400992,970,1015
400993,970,1013
400994,973,1019
400995,977,1019
400996,979,1019
400997,977,1021
400998,976,1021
400999,977,1021
401000,980,1016
401001,982,1009
401002,982,1004
401003,980,998
401004,984,992
401005,983,993
401006,985,994
401007,988,994
401008,988,993
401009,989,990
401010,986,988
401011,986,989
401012,989,991
401013,994,993
401014,995,995
401015,994,992
401016,994,992
401017,990,993
401018,993,997
401019,998,999
401020,1001,998
401021,1000,1000
401022,998,1002
401023,999,1007
401024,999,1014
401025,1004,1020
401026,1007,1020
401027,1004,1019
401028,1004,1021
401029,1001,1024
401030,1002,1030
401031,1001,1034
401032,1001,1035
401033,1000,1040
401034,996,1041
401035,995,1043
401036,998,1047
401037,999,1049
401038,996,1051
401039,994,1050
401040,989,1051
401041,987,1056
401042,988,1056
401043,989,1061
401044,987,1058
401045,988,1058
401046,985,1059
401047,984,1061
401048,984,1063
401049,984,1065
401050,982,1062
401051,983,1059
401052,980,1054
401053,976,1059
401054,978,1059
401055,983,1061
401056,982,1059
401057,981,1058
401058,974,1054
401059,972,1056
401060,976,1059
401061,976,1065
401062,976,1060
401063,978,1056
401064,979,1052
401065,979,1051
401066,978,1056
401067,982,1058
401068,982,1058
401069,977,1057
401070,976,1051
401071,975,1051
401072,980,1051
401073,984,1052
401074,983,1050
401075,984,1046
401076,978,1045
401077,976,1047
401078,980,1050
401079,980,1054
401080,983,1052
401081,983,1051
401082,983,1046
401083,984,1048
401084,985,1051
401085,987,1055
401086,987,1054
401087,987,1048
401088,982,1046
401089,985,1048
401090,987,1048
401091,987,1049
401092,990,1055
401093,986,1053
401094,982,1053
401095,982,1050
401096,984,1054
401097,986,1054
401098,988,1050
401099,987,1050
401100,984,1046
401101,982,1049
401102,980,1050
401103,984,1053
401104,982,1051
401105,981,1049
401106,980,1047
401107,979,1051
401108,981,1056
401109,981,1060
401110,985,1059
401111,981,1059
401112,979,1057
401113,976,1057
401114,980,1060
401115,978,1061
401116,977,1061
401117,979,1059
401118,976,1055
401119,978,1055
401120,979,1060
401121,981,1062
401122,981,1060
401123,980,1056
401124,977,1054
401125,974,1057
401126,978,1059
401127,980,1061
401128,983,1059
401129,981,1059
401130,976,1054
401131,980,1058
401132,980,1058
401133,988,1055
401134,992,1053
401135,1000,1046
401136,1008,1040
401137,1011,1039
401138,1028,1041
401139,1046,1039
401140,1072,1031
401141,1100,1019
401142,1131,1008
401143,1166,1011
401144,1206,1025
401145,1240,1044
401146,1268,1071
401147,1265,1085
401148,1242,1091
401149,1198,1095
401150,1144,1099
401151,1086,1117
401152,1031,1134
401153,984,1144
401154,954,1144
401155,945,1140
401156,958,1126
401157,973,1108
401158,978,1088
401159,978,1074
401160,974,1065
401161,976,1063
401162,974,1062
401163,972,1063
401164,964,1062
401165,962,1059
401166,959,1056
401167,960,1055
401168,963,1056
401169,962,1055
401170,963,1053
401171,959,1051
401172,958,1049
401173,957,1050
401174,961,1052
401175,965,1055
401176,964,1053
401177,961,1053
401178,955,1050
401179,953,1052
401180,955,1055
401181,958,1059
401182,961,1056
401183,957,1059
401184,958,1057
401185,959,1061
401186,961,1063
401187,963,1064
401188,964,1062
401189,961,1062
401190,959,1057
401191,960,1057
401192,963,1060
401193,964,1062
401194,963,1061
401195,959,1058
401196,958,1054
401197,960,1055
401198,961,1057
401199,963,1058
401200,963,1056
401201,962,1055
401202,960,1056
401203,959,1056
401204,961,1060
401205,965,1061
401206,966,1057
401207,968,1053
401208,965,1046
401209,967,1043
401210,971,1042
401211,974,1042
401212,973,1036
401213,972,1030
401214,967,1027
401215,967,1029
401216,973,1028
401217,977,1027
401218,977,1026
401219,976,1022
401220,972,1019
401221,971,1022
401222,978,1020
401223,981,1020
401224,985,1013
401225,984,1007
401226,980,1004
401227,979,1004
401228,985,1004
401229,988,1006
401230,987,1004
401231,986,1002
401232,985,997
401233,988,998
401234,992,1002
401235,995,1006
401236,992,1002
401237,992,1000
401238,990,999
401239,992,1003
401240,995,1006
401241,996,1006
401242,994,1003
401243,996,1001
401244,992,1002
401245,997,1005
401246,1000,1011
401247,1000,1014
401248,1001,1014
401249,997,1012
401250,995,1014
401251,996,1017
401252,997,1021
401253,1001,1026
401254,1002,1029
401255,999,1032
401256,1000,1033
401257,996,1035
401258,999,1043
401259,998,1046
401260,999,1046
401261,997,1050
401262,992,1049
401263,989,1053
401264,992,1062
401265,992,1065
401266,995,1064
401267,990,1063
401268,986,1059
401269,985,1058
401270,988,1061
401271,991,1064
401272,988,1066
401273,986,1064
401274,981,1063
401275,980,1066
401276,978,1070
401277,982,1073
401278,983,1076
401279,981,1074
401280,979,1073
401281,978,1072
401282,978,1073
401283,982,1073
401284,980,1076
401285,978,1073
401286,978,1070
401287,978,1074
401288,980,1076
401289,985,1077
401290,985,1076
401291,985,1074
401292,983,1075
401293,982,1078
401294,982,1082
401295,986,1082
401296,986,1077
401297,985,1069
401298,985,1064
401299,984,1065
401300,985,1067
401301,989,1073
401302,992,1071
401303,985,1066
401304,985,1066
401305,983,1067
401306,986,1068
401307,986,1075
401308,988,1073
401309,986,1071
401310,985,1068
401311,986,1065
401312,989,1070
401313,993,1071
401314,989,1068
401315,984,1067
401316,981,1064
401317,984,1069
401318,985,1069
401319,989,1075
401320,991,1072
401321,989,1070
401322,986,1064
401323,985,1068
401324,991,1067
401325,991,1068
401326,988,1067
401327,989,1064
401328,984,1061
401329,984,1065
401330,988,1068
401331,990,1073
401332,994,1072
401333,993,1072
401334,989,1072
401335,988,1075
401336,989,1079
401337,991,1081
401338,993,1081
401339,993,1073
401340,991,1065
401341,991,1064
401342,992,1065
401343,994,1070
401344,991,1071
401345,990,1070
401346,986,1067
401347,986,1072
401348,985,1077
401349,987,1076
401350,991,1074
401351,989,1071
401352,987,1071
401353,985,1071
401354,983,1075
401355,986,1075
401356,990,1075
401357,988,1073
401358,986,1073
401359,986,1077
401360,989,1079
401361,989,1085
401362,992,1078
401363,991,1072
401364,989,1071
401365,986,1072
401366,992,1071
401367,996,1074
401368,995,1073
401369,997,1070
401370,991,1070
401371,993,1072
401372,993,1075
401373,997,1078
401374,996,1078
401375,994,1076
401376,990,1077
401377,989,1076
401378,991,1077
401379,991,1075
401380,994,1073
401381,993,1072
401382,996,1069
401383,999,1071
401384,1002,1067
401385,1007,1070
401386,1005,1070
401387,1004,1071
401388,1000,1071
401389,1000,1072
401390,1003,1076
401391,1005,1081
401392,1006,1083
401393,1003,1079
401394,1001,1080
401395,1000,1082
401396,1003,1081
401397,1006,1082
401398,1007,1079
401399,1005,1080
401400,1004,1078
401401,1001,1080
401402,1000,1084
401403,1004,1086
401404,1004,1086
401405,1000,1082
401406,1000,1082
401407,998,1082
401408,1001,1085
401409,1005,1085
401410,1007,1083
401411,1007,1079
401412,1003,1078
401413,1000,1078
401414,1001,1082
401415,1005,1084
401416,1005,1086
401417,1002,1084
401418,999,1083
401419,1000,1082
401420,1006,1083
401421,1009,1081
401422,1011,1077
401423,1008,1075
401424,1004,1070
401425,1002,1069
401426,1002,1072
401427,1007,1076
401428,1008,1077
401429,1005,1073
401430,1003,1073
401431,1003,1069
401432,1005,1071
401433,1008,1075
401434,1007,1074
401435,1003,1075
401436,1004,1072
401437,1004,1076
401438,1005,1077
401439,1011,1080
401440,1012,1079
401441,1009,1076
401442,1007,1074
401443,1008,1076
401444,1009,1076
401445,1011,1082
401446,1010,1081
401447,1009,1080
401448,1008,1077
401449,1007,1080
401450,1007,1084
401451,1012,1087
401452,1012,1082
401453,1011,1076
401454,1010,1074
401455,1006,1073
401456,1009,1076
401457,1012,1078
401458,1011,1079
401459,1011,1077
401460,1007,1076
401461,1009,1076
401462,1009,1081
401463,1012,1084
401464,1011,1085
401465,1010,1079
401466,1006,1077
401467,1003,1073
401468,1006,1074
401469,1008,1075
401470,1010,1074
401471,1011,1072
401472,1008,1072
401473,1005,1074
401474,1006,1075
401475,1010,1079
401476,1010,1075
401477,1014,1075
401478,1008,1072
401479,1007,1070
401480,1011,1072
401481,1014,1072
401482,1015,1070
401483,1013,1067
401484,1006,1067
401485,1007,1070
401486,1008,1071
401487,1009,1076
401488,1012,1077
401489,1011,1077
401490,1008,1071
401491,1008,1072
401492,1011,1077
401493,1011,1080
401494,1015,1083
401495,1014,1079
401496,1010,1079
401497,1009,1076
401498,1015,1079
401499,1017,1081
401500,1017,1080
401501,1017,1080
401502,1015,1077
401503,1011,1079
401504,1014,1081
401505,1017,1083
401506,1017,1081
401507,1016,1077
401508,1014,1078
401509,1010,1081
401510,1013,1083
401511,1018,1083
401512,1018,1080
401513,1013,1078
401514,1011,1077
401515,1010,1080
401516,1010,1082
401517,1014,1082
401518,1014,1078
401519,1012,1072
401520,1010,1070
401521,1010,1075
401522,1012,1079
401523,1015,1079
401524,1015,1076
401525,1011,1075
401526,1010,1074
401527,1009,1077
401528,1013,1079
401529,1016,1078
401530,1017,1075
401531,1013,1068
401532,1015,1061
401533,1010,1064
401534,1011,1065
401535,1016,1067
401536,1017,1066
401537,1014,1066
401538,1012,1066
401539,1014,1070
401540,1017,1073
401541,1018,1077
401542,1019,1075
401543,1015,1075
401544,1016,1072
401545,1013,1075
401546,1015,1078
401547,1019,1083
401548,1021,1078
401549,1019,1078
401550,1017,1073
401551,1015,1075
401552,1018,1078
401553,1019,1078
401554,1020,1078
401555,1017,1077
401556,1014,1074
401557,1012,1075
401558,1017,1076
401559,1021,1076
401560,1024,1075
401561,1021,1075
401562,1015,1074
401563,1014,1075
401564,1013,1075
401565,1016,1076
401566,1016,1074
401567,1017,1072
401568,1014,1068
401569,1015,1066
401570,1017,1067
401571,1020,1069
401572,1021,1069
401573,1018,1064
401574,1014,1063
401575,1014,1064
401576,1016,1067
401577,1016,1068
401578,1016,1069
401579,1016,1066
401580,1011,1062
401581,1011,1065
401582,1012,1068
401583,1014,1070
401584,1013,1068
401585,1013,1066
401586,1012,1061
401587,1013,1064
401588,1018,1068
401589,1021,1071
401590,1020,1071
401591,1021,1068
401592,1020,1068
401593,1021,1067
401594,1022,1071
401595,1031,1066
401596,1041,1063
401597,1048,1055
401598,1059,1051
401599,1077,1048
401600,1099,1049
401601,1130,1047
401602,1158,1036
401603,1191,1024
401604,1222,1014
401605,1257,1012
401606,1291,1021
401607,1319,1038
401608,1329,1057
401609,1307,1065
401610,1262,1067
401611,1206,1075
401612,1160,1084
401613,1114,1090
401614,1068,1094
401615,1032,1091
401616,1015,1087
401617,1017,1084
401618,1026,1078
401619,1033,1073
401620,1033,1068
401621,1023,1067
401622,1014,1066
401623,1010,1066
401624,1011,1071
401625,1011,1075
401626,1009,1074
401627,1003,1070
401628,1002,1067
401629,1000,1070
401630,999,1071
401631,999,1074
401632,1003,1074
401633,997,1071
401634,998,1071
401635,997,1074
401636,996,1074
401637,998,1076
401638,1000,1070
401639,996,1069
401640,992,1069
401641,993,1072
401642,996,1077
401643,1000,1079
401644,1001,1076
401645,999,1073
401646,995,1072
401647,995,1073
401648,998,1076
401649,1002,1078
401650,1006,1078
401651,1002,1079
401652,999,1077
401653,999,1077
401654,1001,1080
401655,1004,1078
401656,1008,1077
401657,1003,1072
401658,1002,1070
401659,1003,1068
401660,1006,1069
401661,1010,1068
401662,1007,1067
401663,1006,1067
401664,1003,1065
401665,1003,1067
401666,1007,1064
401667,1009,1062
401668,1010,1057
401669,1009,1055
401670,1005,1054
401671,1004,1056
401672,1009,1060
401673,1010,1061
401674,1009,1058
401675,1008,1053
401676,1008,1050
401677,1009,1053
401678,1011,1061
401679,1014,1063
401680,1015,1061
401681,1017,1052
401682,1015,1047
401683,1013,1045
401684,1019,1046
401685,1025,1047
401686,1026,1044
401687,1026,1041
401688,1023,1039
401689,1021,1040
401690,1028,1042
401691,1031,1042
401692,1031,1042
401693,1033,1041
401694,1031,1038
401695,1029,1041
401696,1036,1042
401697,1042,1044
401698,1044,1040
401699,1040,1034
401700,1039,1031
401701,1041,1029
401702,1045,1033
401703,1046,1035
401704,1048,1035
401705,1048,1034
401706,1046,1032
401707,1048,1037
401708,1050,1037
401709,1055,1038
401710,1052,1038
401711,1052,1032
401712,1051,1029
401713,1052,1028
401714,1054,1031
401715,1053,1032
401716,1053,1032
401717,1050,1032
401718,1048,1031
401719,1046,1037
401720,1043,1042
401721,1045,1044
401722,1043,1044
401723,1037,1045
401724,1030,1046
401725,1029,1050
401726,1031,1059
401727,1033,1063
401728,1030,1064
401729,1023,1059
401730,1020,1057
401731,1020,1054
401732,1022,1060
401733,1022,1065
401734,1020,1064
401735,1019,1061
401736,1017,1059
401737,1015,1060
401738,1016,1064
401739,1017,1067
401740,1016,1069
401741,1012,1070
401742,1008,1069
401743,1005,1073
401744,1010,1077
401745,1011,1081
401746,1014,1081
401747,1013,1075
401748,1008,1072
401749,1007,1069
401750,1010,1067
401751,1012,1071
401752,1014,1072
401753,1011,1070
401754,1009,1069
401755,1009,1068
401756,1013,1068
401757,1017,1068
401758,1014,1064
401759,1014,1059
401760,1010,1058
401761,1009,1058
401762,1013,1063
401763,1016,1065
401764,1016,1066
401765,1014,1063
401766,1014,1056
401767,1015,1058
401768,1014,1060
401769,1016,1058
401770,1018,1056
401771,1016,1056
401772,1011,1056
401773,1010,1061
401774,1011,1066
401775,1018,1066
401776,1017,1061
401777,1016,1057
401778,1013,1054
401779,1012,1053
401780,1014,1057
401781,1015,1059
401782,1016,1057
401783,1016,1055
401784,1013,1055
401785,1013,1057
401786,1013,1060
401787,1017,1059
401788,1016,1058
401789,1012,1058
401790,1008,1059
401791,1008,1061
401792,1011,1062
401793,1012,1066
401794,1013,1066
401795,1009,1065
401796,1008,1063
401797,1006,1067
401798,1009,1068
401799,1012,1072
401800,1012,1069
401801,1008,1066
401802,1006,1064
401803,1007,1062
401804,1008,1063
401805,1010,1065
401806,1010,1063
401807,1007,1056
401808,1003,1052
401809,1002,1055
401810,1008,1054
401811,1010,1059
401812,1008,1060
401813,1010,1061
401814,1005,1062
401815,1003,1063
401816,1008,1065
401817,1006,1064
401818,1005,1061
401819,1006,1058
401820,1000,1057
401821,1003,1059
401822,1003,1063
401823,1004,1070
401824,1004,1069
401825,999,1065
401826,996,1060
401827,999,1055
401828,1001,1059
401829,1004,1063
401830,1006,1063
401831,1003,1062
401832,997,1064
401833,999,1059
401834,1002,1062
401835,1002,1063
401836,1003,1066
401837,1001,1065
401838,1000,1063
401839,998,1063
401840,1001,1065
401841,1003,1068
401842,1004,1067
401843,1002,1065
401844,999,1064
401845,999,1066
401846,999,1068
401847,1005,1067
401848,1002,1064
401849,999,1062
401850,995,1061
401851,997,1065
401852,997,1067
401853,997,1067
401854,998,1063
401855,998,1058
401856,1001,1055
401857,1001,1058
401858,1001,1059
401859,1004,1062
401860,1006,1059
401861,1006,1058
401862,1006,1056
401863,1004,1061
401864,1007,1063
401865,1004,1062
401866,1006,1062
401867,1003,1063
401868,1001,1062
401869,1003,1063
401870,1004,1064
401871,1010,1065
401872,1010,1061
401873,1008,1059
401874,1003,1059
401875,1001,1059
401876,1008,1062
401877,1011,1064
401878,1013,1061
401879,1012,1059
401880,1009,1058
401881,1007,1060
401882,1009,1064
401883,1010,1068
401884,1010,1068
401885,1008,1061
401886,1008,1059
401887,1005,1059
401888,1007,1063
401889,1009,1065
401890,1010,1066
401891,1004,1066
401892,1000,1066
401893,1002,1064
401894,1006,1062
401895,1010,1061
401896,1011,1059
401897,1013,1061
401898,1011,1060
401899,1013,1062
401900,1014,1059
401901,1017,1056
401902,1019,1048
401903,1027,1042
401904,1031,1036
401905,1045,1034
401906,1063,1031
401907,1088,1030
401908,1113,1021
401909,1143,1005
401910,1172,993
401911,1207,986
401912,1244,996
401913,1278,1009
401914,1301,1032
401915,1301,1050
401916,1277,1059
401917,1233,1065
401918,1180,1071
401919,1132,1087
401920,1078,1094
401921,1029,1094
401922,998,1096
401923,987,1095
401924,990,1089
401925,1005,1081
401926,1013,1069
401927,1012,1059
401928,1005,1057
401929,1000,1059
401930,1000,1064
401931,999,1066
401932,998,1068
401933,995,1064
401934,992,1060
401935,992,1059
401936,994,1064
401937,994,1065
401938,995,1065
401939,991,1062
401940,987,1059
401941,985,1062
401942,991,1065
401943,993,1066
401944,993,1060
401945,992,1055
401946,989,1054
401947,988,1056
401948,991,1058
401949,994,1062
401950,993,1058
401951,992,1054
401952,989,1050
401953,990,1051
401954,991,1053
401955,992,1052
401956,994,1055
401957,991,1054
401958,990,1049
401959,989,1054
401960,989,1058
401961,991,1058
401962,992,1056
401963,990,1052
401964,986,1047
401965,982,1050
401966,989,1057
401967,989,1057
401968,991,1056
401969,990,1051
401970,987,1051
401971,987,1052
401972,991,1054
401973,994,1054
401974,995,1053
401975,998,1053
401976,996,1053
401977,994,1054
401978,1000,1047
401979,1006,1044
401980,1006,1043
401981,1007,1040
401982,1006,1039
401983,1008,1038
401984,1010,1040
401985,1014,1040
401986,1014,1037
401987,1013,1034
401988,1011,1031
401989,1015,1031
401990,1020,1033
401991,1023,1032
401992,1024,1026
401993,1024,1020
401994,1024,1015
401995,1026,1014
401996,1031,1012
401997,1032,1011
401998,1034,1010
401999,1029,1006
402000,1030,1001
402001,1029,1002
402002,1032,1004
402003,1036,1006
402004,1036,1005
402005,1033,1003
402006,1029,1001
402007,1031,1005
402008,1032,1008
402009,1036,1010
402010,1034,1011
402011,1033,1011
402012,1030,1015
402013,1029,1018
402014,1030,1020
402015,1034,1021
402016,1031,1022
402017,1029,1019
402018,1027,1024
402019,1026,1031
402020,1025,1039
402021,1029,1043
402022,1029,1044
402023,1026,1043
402024,1023,1044
402025,1022,1047
402026,1021,1047
402027,1022,1054
402028,1020,1052
402029,1018,1052
402030,1015,1050
402031,1013,1053
402032,1012,1057
402033,1013,1059
402034,1013,1059
402035,1011,1061
402036,1005,1059
402037,1000,1057
402038,1003,1058
402039,1005,1059
402040,1006,1059
402041,1002,1057
402042,1000,1056
402043,1000,1062
402044,1000,1066
402045,1004,1066
402046,1003,1063
402047,1001,1058
402048,998,1055
402049,999,1057
402050,1000,1058
402051,1003,1058
402052,1003,1058
402053,1001,1058
402054,999,1056
402055,1001,1059
402056,1003,1062
402057,1004,1062
402058,1002,1062
402059,1003,1061
402060,1002,1061
402061,1002,1061
402062,1001,1066
402063,1004,1065
402064,1006,1068
402065,1000,1064
402066,999,1064
402067,998,1064
402068,999,1069
402069,1005,1070
402070,1006,1067
402071,1006,1062
402072,1004,1056
402073,1004,1057
402074,1007,1060
402075,1009,1061
402076,1010,1059
402077,1006,1058
402078,1005,1053
402079,1007,1050
402080,1010,1052
402081,1012,1055
402082,1008,1055
402083,1006,1053
402084,1001,1052
402085,1001,1056
402086,1003,1061
402087,1006,1063
402088,1007,1062
402089,1008,1058
402090,1005,1050
402091,1000,1051
402092,1002,1055
402093,1004,1058
402094,1008,1056
402095,1002,1055
402096,1001,1056
402097,997,1057
402098,999,1059
402099,1006,1060
402100,1006,1057
402101,1006,1055
402102,1005,1056
402103,999,1059
402104,1001,1062
402105,1002,1061
402106,1005,1055
402107,1005,1055
402108,1002,1053
402109,1000,1055
402110,1004,1061
402111,1008,1066
402112,1006,1066
402113,1005,1062
402114,1004,1059
402115,1006,1059
402116,1009,1060
402117,1012,1062
402118,1012,1059
402119,1013,1054
402120,1012,1052
402121,1011,1052
402122,1019,1049
402123,1028,1048
402124,1038,1044
402125,1046,1039
402126,1059,1034
402127,1081,1029
402128,1115,1019
402129,1154,1009
402130,1190,997
402131,1227,994
402132,1262,1005
402133,1288,1031
402134,1301,1056
402135,1291,1069
402136,1253,1071
402137,1198,1072
402138,1138,1080
402139,1078,1098
402140,1025,1113
402141,992,1120
402142,981,1115
402143,986,1101
402144,993,1083
402145,1000,1072
402146,1003,1068
402147,1008,1066
402148,1006,1059
402149,1001,1059
402150,996,1056
402151,991,1060
402152,992,1065
402153,991,1068
402154,988,1065
402155,987,1059
402156,982,1055
402157,982,1057
402158,982,1060
402159,981,1064
402160,980,1062
402161,977,1062
402162,978,1061
402163,977,1061
402164,979,1065
402165,981,1068
402166,982,1064
402167,980,1059
402168,975,1057
402169,976,1056
402170,980,1059
402171,981,1062
402172,981,1061
402173,977,1057
402174,976,1059
402175,977,1061
402176,981,1061
402177,982,1062
402178,977,1063
402179,978,1062
402180,979,1057
402181,980,1060
402182,983,1061
402183,986,1060
402184,988,1058
402185,987,1051
402186,983,1052
402187,983,1057
402188,985,1059
402189,991,1056
402190,994,1052
402191,992,1047
402192,992,1045
402193,995,1044
402194,998,1045
402195,1001,1045
402196,1001,1040
402197,998,1036
402198,998,1032
402199,997,1032
402200,1001,1031
402201,1006,1030
402202,1008,1022
402203,1008,1016
402204,1004,1013
402205,1008,1011
402206,1010,1014
402207,1010,1016
402208,1013,1013
402209,1014,1006
402210,1013,1002
402211,1012,1005
402212,1016,1008
402213,1021,1012
402214,1021,1010
402215,1022,1003
402216,1019,1002
402217,1022,1002
402218,1024,1001
402219,1028,1001
402220,1029,1004
402221,1027,1003
402222,1023,1004
402223,1023,1007
402224,1022,1010
402225,1025,1015
402226,1030,1017
402227,1026,1016
402228,1024,1015
402229,1024,1022
402230,1026,1026
402231,1029,1027
402232,1030,1026
402233,1025,1029
402234,1021,1033
402235,1020,1041
402236,1019,1047
402237,1017,1049
402238,1019,1046
402239,1016,1045
402240,1010,1046
402241,1007,1050
402242,1005,1056
402243,1005,1058
402244,1004,1055
402245,1001,1055
402246,997,1049
402247,990,1056
402248,996,1061
402249,996,1065
402250,995,1062
402251,992,1061
402252,988,1061
402253,986,1064
402254,985,1069
402255,990,1072
402256,988,1070
402257,986,1062
402258,987,1058
402259,986,1061
402260,987,1066
402261,989,1067
402262,988,1067
402263,986,1066
402264,984,1064
402265,986,1064
402266,987,1069
402267,991,1069
402268,992,1068
402269,991,1071
402270,989,1068
402271,989,1072
402272,992,1072
402273,996,1072
402274,996,1067
402275,994,1062
402276,993,1063
402277,992,1063
402278,994,1065
402279,994,1067
402280,995,1065
402281,994,1058
402282,994,1058
402283,995,1057
402284,998,1058
402285,1001,1061
402286,1000,1060
402287,998,1057
402288,994,1055
402289,993,1056
402290,995,1061
402291,998,1063
402292,997,1060
402293,994,1058
402294,992,1055
402295,991,1059
402296,991,1064
402297,993,1067
402298,992,1065
402299,993,1064
402300,991,1062
402301,989,1063
402302,992,1062
402303,990,1066
402304,993,1068
402305,990,1067
402306,989,1066
402307,991,1066
402308,990,1066
402309,993,1068
402310,992,1069
402311,990,1067
402312,987,1068
402313,988,1069
402314,989,1068
402315,991,1067
402316,994,1061
402317,992,1062
402318,988,1059
402319,988,1059
402320,994,1063
402321,996,1067
402322,994,1063
402323,993,1061
402324,989,1060
402325,989,1063
402326,991,1062
402327,997,1062
402328,994,1059
402329,994,1054
402330,990,1054
402331,991,1054
402332,992,1058
402333,994,1063
402334,995,1058
402335,993,1053
402336,990,1051
402337,989,1054
402338,991,1056
402339,993,1060
402340,994,1058
402341,992,1059
402342,989,1055
402343,992,1058
402344,996,1062
402345,997,1065
402346,998,1062
402347,998,1057
402348,999,1051
402349,1006,1045
402350,1018,1044
402351,1034,1041
402352,1048,1039
402353,1068,1033
402354,1090,1027
402355,1122,1013
402356,1156,1006
402357,1196,1002
402358,1228,1002
402359,1258,1014
402360,1272,1037
402361,1266,1057
402362,1241,1067
402363,1194,1073
402364,1136,1086
402365,1075,1101
402366,1018,1109
402367,981,1119
402368,965,1119
402369,972,1110
402370,979,1095
402371,988,1084
402372,990,1077
402373,988,1078
402374,986,1074
402375,986,1070
402376,984,1071
402377,978,1066
402378,977,1068
402379,976,1068
402380,976,1066
402381,980,1067
402382,979,1067
402383,974,1064
402384,968,1064
402385,967,1065
402386,971,1067
402387,972,1066
402388,970,1062
402389,968,1063
402390,964,1059
402391,967,1061
402392,970,1063
402393,970,1064
402394,970,1065
402395,968,1064
402396,965,1059
402397,966,1059
402398,964,1062
402399,971,1060
402400,971,1057
402401,970,1056
402402,968,1055
402403,969,1058
402404,970,1058
402405,972,1062
402406,973,1060
402407,970,1056
402408,969,1052
402409,965,1055
402410,970,1053
402411,973,1057
402412,973,1054
402413,974,1050
402414,969,1049
402415,969,1051
402416,972,1053
402417,971,1059
402418,974,1055
402419,974,1053
402420,971,1050
402421,971,1049
402422,975,1049
402423,980,1050
402424,981,1049
402425,979,1045
402426,978,1039
402427,976,1039
402428,984,1042
402429,987,1040
402430,986,1043
402431,987,1037
402432,984,1036
402433,987,1035
402434,988,1039
402435,990,1035
402436,991,1031
402437,990,1027
402438,989,1023
402439,990,1022
402440,993,1024
402441,998,1024
402442,999,1019
402443,999,1015
402444,997,1016
402445,996,1017
402446,997,1018
402447,1005,1016
402448,1004,1016
402449,1006,1011
402450,1004,1009
402451,1007,1008
402452,1011,1011
402453,1014,1012
402454,1014,1013
402455,1012,1012
402456,1011,1011
402457,1013,1010
402458,1014,1018
402459,1017,1020
402460,1018,1020
402461,1017,1013
402462,1014,1017
402463,1013,1023
402464,1014,1030
402465,1017,1036
402466,1011,1033
402467,1009,1031
402468,1005,1031
402469,1005,1034
402470,1005,1039
402471,1002,1043
402472,1007,1042
402473,1002,1043
402474,997,1044
402475,995,1047
402476,997,1055
402477,994,1058
402478,993,1058
402479,992,1057
402480,987,1056
402481,987,1056
402482,986,1059
402483,988,1063
402484,989,1063
402485,985,1063
402486,980,1057
402487,979,1061
402488,980,1061
402489,982,1065
402490,983,1064
402491,980,1061
402492,974,1061
402493,974,1064
402494,975,1069
402495,979,1069
402496,975,1066
402497,979,1063
402498,974,1058
402499,977,1062
402500,980,1059
402501,984,1061
402502,986,1058
402503,986,1058
402504,984,1057
402505,984,1061
402506,986,1064
402507,990,1063
402508,989,1062
402509,988,1057
402510,987,1058
402511,990,1061
402512,991,1065
402513,995,1064
402514,994,1061
402515,992,1058
402516,988,1061
402517,987,1061
402518,990,1062
402519,993,1060
402520,994,1062
402521,992,1059
402522,989,1059
402523,989,1060
402524,992,1062
402525,995,1061
402526,995,1060
402527,993,1058
402528,988,1053
402529,987,1054
402530,990,1058
402531,992,1057
402532,993,1057
402533,990,1055
402534,986,1051
402535,985,1056
402536,988,1057
402537,988,1062
402538,990,1058
402539,989,1056
402540,982,1055
402541,983,1057
402542,987,1061
402543,988,1061
402544,986,1059
402545,984,1055
402546,981,1053
402547,983,1053
402548,984,1060
402549,986,1063
402550,987,1059
402551,985,1055
402552,983,1054
402553,980,1056
402554,982,1061
402555,983,1062
402556,983,1061
402557,980,1061
402558,982,1061
402559,985,1062
402560,983,1065
402561,987,1066
402562,986,1063
402563,984,1059
402564,983,1057
402565,980,1058
402566,982,1060
402567,984,1065
402568,984,1064
402569,982,1060
402570,980,1057
402571,980,1057
402572,982,1056
402573,986,1056
402574,985,1058
402575,984,1056
402576,980,1055
402577,982,1058
402578,986,1055
402579,987,1055
402580,989,1052
402581,989,1052
402582,986,1053
402583,985,1053
402584,986,1055
402585,986,1059
402586,983,1060
402587,984,1055
402588,980,1057
402589,981,1059
402590,985,1061
402591,988,1061
402592,986,1059
402593,984,1056
402594,980,1054
402595,978,1055
402596,982,1059
402597,985,1062
402598,987,1061
402599,984,1060
402600,983,1061
402601,981,1060
402602,983,1063
402603,988,1065
402604,988,1063
402605,984,1059
402606,981,1057
402607,980,1059
402608,983,1059
402609,986,1059
402610,985,1059
402611,987,1056
402612,982,1055
402613,981,1059
402614,983,1063
402615,985,1063
402616,985,1060
402617,983,1057
402618,983,1057
402619,983,1055
402620,984,1054
402621,989,1056
402622,989,1058
402623,984,1060
402624,981,1057
402625,985,1056
402626,983,1057
402627,990,1057
402628,990,1054
402629,990,1054
402630,986,1053
402631,988,1058
402632,990,1058
402633,993,1057
402634,993,1055
402635,992,1052
402636,988,1050
402637,989,1050
402638,992,1055
402639,995,1058
402640,991,1056
402641,990,1055
402642,988,1052
402643,987,1057
402644,991,1057
402645,993,1055
402646,992,1050
402647,989,1046
402648,987,1045
402649,992,1044
402650,995,1046
402651,1004,1046
402652,1010,1043
402653,1020,1038
402654,1029,1034
402655,1045,1036
402656,1066,1030
402657,1092,1021
402658,1120,1003
402659,1149,988
402660,1178,981
402661,1211,984
402662,1240,997
402663,1265,1018
402664,1275,1035
402665,1258,1045
402666,1219,1052
402667,1168,1058
402668,1124,1069
402669,1080,1082
402670,1038,1089
402671,1005,1091
402672,989,1087
402673,984,1085
402674,994,1077
402675,1003,1071
402676,1002,1061
402677,998,1059
402678,990,1056
402679,988,1053
402680,989,1055
402681,989,1056
402682,988,1053
402683,982,1053
402684,978,1050
402685,977,1054
402686,975,1052
402687,977,1055
402688,975,1054
402689,972,1053
402690,967,1052
402691,969,1053
402692,972,1054
402693,971,1054
402694,971,1054
402695,966,1048
402696,962,1050
402697,960,1052
402698,960,1053
402699,964,1056
402700,967,1055
402701,966,1054
402702,962,1053
402703,963,1054
402704,966,1057
402705,966,1061
402706,962,1062
402707,961,1061
402708,959,1059
402709,958,1060
402710,963,1058
402711,968,1057
402712,970,1055
402713,967,1052
402714,965,1049
402715,966,1049
402716,967,1051
402717,971,1052
402718,972,1051
402719,970,1050
402720,972,1047
402721,971,1048
402722,973,1050
402723,977,1050
402724,979,1048
402725,978,1044
402726,974,1042
402727,975,1046
402728,976,1050
402729,982,1048
402730,983,1044
402731,984,1037
402732,984,1034
402733,984,1036
402734,985,1037
402735,988,1036
402736,989,1035
402737,988,1033
402738,990,1026
402739,989,1024
402740,996,1024
402741,1000,1024
402742,999,1022
402743,999,1017
402744,999,1015
402745,999,1017
402746,1002,1017
402747,1003,1016
402748,1006,1013
402749,1004,1010
402750,1001,1009
402751,1002,1012
402752,1006,1018
402753,1004,1017
402754,1007,1017
402755,1007,1013
402756,1004,1009
402757,1007,1011
402758,1010,1014
402759,1011,1016
402760,1011,1013
402761,1007,1009
402762,1006,1008
402763,1008,1010
402764,1011,1010
402765,1013,1010
402766,1012,1011
402767,1010,1008
402768,1009,1011
402769,1011,1015
402770,1010,1019
402771,1015,1021
402772,1011,1021
402773,1013,1016
402774,1009,1017
402775,1010,1023
402776,1009,1027
402777,1012,1033
402778,1009,1033
402779,1004,1032
402780,998,1029
402781,1000,1033
402782,1003,1035
402783,1006,1040
402784,1004,1041
402785,1000,1038
402786,997,1041
402787,993,1042
402788,996,1045
402789,999,1047
402790,996,1044
402791,992,1039
402792,990,1042
402793,990,1044
402794,993,1049
402795,995,1051
402796,994,1052
402797,991,1048
402798,988,1048
402799,990,1047
402800,992,1049
402801,995,1052
402802,995,1053
402803,991,1053
402804,992,1052
402805,993,1053
402806,1001,1055
402807,1004,1057
402808,1006,1059
402809,1007,1057
402810,1010,1061
402811,1012,1062
402812,1017,1067
402813,1026,1068
402814,1033,1064
402815,1038,1055
402816,1047,1045
402817,1061,1033
402818,1076,1019
402819,1087,1005
402820,1100,992
402821,1110,976
402822,1121,961
402823,1134,949
402824,1150,935
402825,1168,915
402826,1182,890
402827,1198,865
402828,1215,843
402829,1231,835
402830,1246,819
402831,1258,809
402832,1260,804
402833,1253,801
402834,1248,797
402835,1242,801
402836,1238,805
402837,1232,807
402838,1220,807
402839,1199,809
402840,1175,816
402841,1150,824
402842,1128,838
402843,1109,850
402844,1087,860
402845,1065,873
402846,1048,888
402847,1039,902
402848,1037,922
402849,1035,939
402850,1029,951
402851,1018,958
402852,1011,971
402853,1011,984
402854,1018,994
402855,1029,1002
402856,1038,1004
402857,1048,1004
402858,1052,1009
402859,1043,1019
402860,1034,1028
402861,1012,1036
402862,986,1040
402863,960,1050
402864,945,1059
402865,934,1076
402866,933,1091
402867,931,1098
402868,925,1098
402869,920,1096
402870,915,1098
402871,910,1104
402872,910,1106
402873,911,1111
402874,905,1114
402875,900,1114
402876,895,1115
402877,894,1117
402878,893,1122
402879,897,1125
402880,895,1126
402881,891,1125
402882,885,1123
402883,882,1128
402884,884,1132
402885,889,1137
402886,884,1138
402887,881,1138
402888,881,1138
402889,880,1141
402890,882,1146
402891,884,1148
402892,885,1142
402893,881,1141
402894,877,1139
402895,877,1141
402896,879,1146
402897,881,1149
402898,878,1149
402899,876,1150
402900,874,1150
402901,871,1156
402902,873,1160
402903,877,1162
402904,875,1161
402905,872,1161
402906,868,1161
402907,868,1162
402908,873,1166
402909,877,1169
402910,879,1168
402911,875,1169
402912,875,1169
402913,876,1173
402914,879,1176
402915,883,1178
402916,884,1179
402917,883,1178
402918,885,1177
402919,888,1178
402920,893,1178
402921,898,1180
402922,902,1180
402923,902,1177
402924,902,1173
402925,903,1176
402926,907,1178
402927,912,1180
402928,917,1179
402929,918,1174
402930,920,1168
402931,922,1167
402932,926,1167
402933,935,1163
402934,938,1159
402935,937,1153
402936,937,1148
402937,940,1145
402938,945,1138
402939,949,1135
402940,953,1128
402941,951,1122
402942,954,1118
402943,955,1116
402944,958,1117
402945,961,1114
402946,963,1112
402947,961,1104
402948,960,1101
402949,961,1096
402950,964,1093
402951,969,1092
402952,968,1086
402953,966,1076
402954,964,1072
402955,965,1068
402956,965,1066
402957,971,1067
402958,966,1062
402959,965,1059
402960,963,1055
402961,964,1053
402962,965,1054
402963,969,1055
402964,971,1052
402965,964,1053
402966,965,1050
402967,963,1050
402968,964,1053
402969,967,1054
402970,968,1054
402971,962,1051
402972,962,1051
402973,961,1051
402974,965,1053
402975,970,1054
402976,969,1054
402977,969,1048
402978,965,1047
402979,969,1051
402980,970,1052
402981,978,1051
402982,978,1049
402983,974,1047
402984,974,1049
402985,974,1052
402986,979,1056
402987,984,1055
402988,983,1050
402989,980,1045
402990,977,1045
402991,980,1046
402992,980,1050
402993,985,1052
402994,984,1050
402995,980,1048
402996,978,1046
402997,979,1046
402998,980,1048
402999,979,1047
403000,980,1043
403001,977,1043
403002,977,1042
403003,980,1046
403004,981,1048
403005,984,1048
403006,983,1047
403007,981,1043
403008,978,1040
403009,977,1040
403010,979,1045
403011,980,1047
403012,979,1045
403013,976,1043
403014,977,1043
403015,974,1048
403016,975,1052
403017,979,1052
403018,979,1047
403019,975,1045
403020,969,1044
403021,972,1046
403022,971,1048
403023,976,1049
403024,976,1048
403025,974,1043
403026,967,1042
403027,972,1044
403028,974,1048
403029,979,1052
403030,979,1052
403031,974,1049
403032,974,1046
403033,974,1044
403034,980,1049
403035,981,1048
403036,979,1046
403037,978,1041
403038,976,1044
403039,976,1048
403040,977,1050
403041,981,1053
403042,981,1051
403043,979,1051
403044,974,1050
403045,978,1050
403046,978,1051
403047,983,1050
403048,982,1045
403049,977,1043
403050,976,1043
403051,977,1047
403052,979,1049
403053,978,1050
403054,980,1044
403055,976,1037
403056,976,1036
403057,974,1040
403058,976,1044
403059,980,1046
403060,981,1043
403061,976,1041
403062,976,1043
403063,973,1048
403064,976,1050
403065,979,1052
403066,977,1051
403067,976,1045
403068,974,1042
403069,975,1044
403070,977,1046
403071,982,1047
403072,980,1046
403073,978,1045
403074,975,1043
403075,973,1043
403076,978,1048
403077,980,1046
403078,980,1042
403079,981,1040
403080,977,1039
403081,977,1039
403082,980,1046
403083,983,1049
403084,983,1047
403085,980,1046
403086,976,1046
403087,975,1049
403088,979,1052
403089,983,1051
403090,982,1053
403091,979,1051
403092,975,1053
403093,980,1054
403094,981,1052
403095,984,1053
403096,983,1048
403097,982,1044
403098,980,1045
403099,977,1048
403100,981,1052
403101,985,1052
403102,985,1049
403103,983,1047
403104,977,1046
403105,979,1049
403106,978,1050
403107,983,1052
403108,983,1053
403109,981,1050
403110,977,1050
403111,977,1048
403112,979,1051
403113,984,1049
403114,982,1047
403115,981,1043
403116,978,1044
403117,978,1042
403118,982,1047
403119,985,1046
403120,985,1043
403121,982,1045
403122,980,1047
403123,980,1048
403124,981,1046
403125,987,1046
403126,987,1043
403127,985,1037
403128,980,1037
403129,982,1039
403130,985,1044
403131,987,1044
403132,988,1044
403133,986,1042
403134,984,1043
403135,985,1047
403136,988,1045
403137,990,1046
403138,990,1045
403139,987,1043
403140,988,1043
403141,987,1045
403142,991,1045
403143,994,1048
403144,992,1046
403145,994,1045
403146,988,1047
403147,990,1044
403148,993,1042
403149,999,1041
403150,1006,1036
403151,1015,1028
403152,1023,1022
403153,1037,1020
403154,1059,1018
403155,1084,1015
403156,1109,1003
403157,1132,986
403158,1161,972
403159,1189,973
403160,1219,983
403161,1242,1000
403162,1255,1023
403163,1249,1036
403164,1224,1044
403165,1183,1048
403166,1142,1059
403167,1099,1072
403168,1054,1084
403169,1007,1093
403170,978,1095
403171,969,1096
403172,974,1088
403173,982,1076
403174,988,1059
403175,989,1049
403176,986,1046
403177,979,1048
403178,980,1051
403179,978,1053
403180,974,1052
403181,973,1047
403182,969,1041
403183,968,1043
403184,968,1045
403185,969,1047
403186,967,1052
403187,968,1047
403188,965,1047
403189,961,1047
403190,965,1049
403191,967,1050
403192,968,1048
403193,966,1048
403194,964,1050
403195,963,1051
403196,965,1056
403197,968,1056
403198,968,1054
403199,967,1051
403200,962,1049
403201,962,1049
403202,965,1053
403203,969,1051
403204,967,1051
403205,966,1051
403206,966,1049
403207,965,1050
403208,966,1051
403209,971,1049
403210,970,1047
403211,971,1047
403212,966,1047
403213,966,1048
403214,970,1050
403215,968,1050
403216,968,1044
403217,964,1039
403218,967,1037
403219,965,1037
403220,964,1040
403221,966,1043
403222,969,1044
403223,965,1045
403224,965,1039
403225,965,1040
403226,967,1044
403227,970,1045
403228,971,1041
403229,969,1036
403230,963,1033
403231,968,1032
403232,971,1033
403233,975,1034
403234,975,1033
403235,974,1036
403236,974,1035
403237,973,1034
403238,977,1032
403239,981,1029
403240,979,1026
403241,978,1022
403242,974,1020
403243,977,1020
403244,982,1024
403245,987,1023
403246,988,1020
403247,987,1019
403248,987,1016
403249,985,1019
403250,989,1022
403251,994,1020
403252,993,1017
403253,991,1011
403254,992,1005
403255,994,1003
403256,998,1005
403257,1001,1006
403258,1001,1008
403259,1001,1004
403260,1000,1004
403261,1000,1004
403262,1002,1007
403263,1006,1011
403264,1005,1010
403265,1007,1006
403266,1007,1003
403267,1008,1001
403268,1013,1005
403269,1016,1008
403270,1017,1006
403271,1014,1006
403272,1011,1003
403273,1008,1008
403274,1011,1014
403275,1012,1019
403276,1009,1022
403277,1009,1022
403278,1006,1021
403279,1004,1021
403280,1006,1026
403281,1007,1028
403282,1006,1029
403283,1002,1031
403284,998,1034
403285,997,1042
403286,997,1047
403287,998,1049
403288,998,1049
403289,994,1047
403290,988,1048
403291,986,1048
403292,989,1051
403293,992,1054
403294,991,1051
403295,988,1050
403296,984,1050
403297,984,1052
403298,987,1056
403299,989,1055
403300,987,1050
403301,983,1045
403302,981,1045
403303,980,1048
403304,981,1052
403305,985,1057
403306,985,1056
403307,984,1055
403308,982,1053
403309,983,1053
403310,988,1052
403311,988,1053
403312,991,1052
403313,988,1047
403314,987,1048
403315,985,1047
403316,986,1047
403317,990,1049
403318,991,1049
403319,989,1047
403320,987,1044
403321,987,1044
403322,987,1044
403323,990,1045
403324,989,1044
403325,989,1042
403326,986,1043
403327,986,1047
403328,990,1046
403329,991,1044
403330,991,1039
403331,988,1036
403332,982,1038
403333,980,1044
403334,982,1045
403335,986,1044
403336,983,1040
403337,982,1036
403338,979,1036
403339,979,1037
403340,979,1042
403341,981,1045
403342,977,1043
403343,978,1041
403344,975,1041
403345,975,1043
403346,977,1044
403347,978,1045
403348,977,1043
403349,977,1040
403350,976,1042
403351,979,1046
403352,983,1047
403353,986,1047
403354,987,1045
403355,985,1045
403356,981,1046
403357,982,1050
403358,984,1050
403359,985,1050
403360,989,1046
403361,987,1045
403362,982,1043
403363,981,1048
403364,983,1051
403365,986,1054
403366,987,1051
403367,984,1048
403368,984,1047
403369,985,1046
403370,985,1049
403371,985,1048
403372,987,1048
403373,985,1045
403374,982,1043
403375,982,1042
403376,981,1046
403377,985,1049
403378,984,1047
403379,983,1043
403380,981,1047
403381,981,1049
403382,982,1053
403383,984,1051
403384,985,1051
403385,983,1046
403386,978,1044
403387,978,1048
403388,978,1047
403389,983,1049
403390,983,1048
403391,980,1049
403392,975,1047
403393,976,1049
403394,976,1047
403395,981,1044
403396,980,1043
403397,978,1041
403398,979,1041
403399,976,1043
403400,980,1046
403401,986,1050
403402,983,1048
403403,981,1044
403404,984,1038
403405,983,1037
403406,994,1037
403407,1004,1035
403408,1012,1035
403409,1023,1031
403410,1034,1030
403411,1055,1025
403412,1081,1017
403413,1111,1000
403414,1144,985
403415,1173,976
403416,1201,980
403417,1233,997
403418,1252,1022
403419,1253,1046
403420,1231,1056
403421,1189,1056
403422,1139,1062
403423,1085,1080
403424,1037,1097
403425,996,1108
403426,966,1111
403427,953,1109
403428,955,1099
403429,963,1086
403430,972,1077
403431,983,1069
403432,982,1059
403433,975,1051
403434,968,1052
403435,965,1052
403436,968,1051
403437,970,1049
403438,969,1050
403439,965,1045
403440,962,1044
403441,964,1042
403442,964,1046
403443,965,1047
403444,963,1044
403445,959,1041
403446,957,1042
403447,958,1046
403448,958,1049
403449,960,1050
403450,960,1051
403451,958,1045
403452,955,1045
403453,954,1047
403454,956,1046
403455,960,1045
403456,959,1044
403457,957,1043
403458,955,1042
403459,955,1048
403460,958,1050
403461,960,1054
403462,958,1051
403463,960,1045
403464,958,1041
403465,956,1042
403466,960,1044
403467,962,1043
403468,957,1040
403469,956,1034
403470,956,1034
403471,954,1037
403472,963,1039
403473,964,1040
403474,961,1039
403475,959,1037
403476,957,1038
403477,957,1039
403478,959,1043
403479,959,1038
403480,962,1037
403481,961,1032
403482,960,1028
403483,961,1032
403484,963,1035
403485,971,1036
403486,970,1028
403487,967,1022
403488,964,1021
403489,966,1019
403490,971,1019
403491,975,1016
403492,974,1014
403493,976,1014
403494,972,1013
403495,976,1015
403496,979,1017
403497,983,1013
403498,983,1007
403499,983,999
403500,981,999
403501,984,998
403502,987,999
403503,988,997
403504,988,996
403505,987,992
403506,984,989
403507,984,991
403508,985,990
403509,990,995
403510,991,995
403511,989,990
403512,987,988
403513,989,989
403514,991,993
403515,995,995
403516,994,995
403517,993,991
403518,986,993
403519,992,994
403520,992,1001
403521,996,1005
403522,997,1007
403523,993,1004
403524,992,1007
403525,992,1012
403526,991,1018
403527,994,1022
403528,990,1025
403529,987,1027
403530,986,1025
403531,984,1029
403532,985,1034
403533,989,1038
403534,986,1037
403535,983,1038
403536,980,1040
403537,976,1044
403538,976,1046
403539,977,1045
403540,977,1042
403541,974,1042
403542,969,1044
403543,972,1045
403544,974,1045
403545,975,1047
403546,975,1045
403547,970,1044
403548,970,1044
403549,970,1049
403550,971,1055
403551,973,1059
403552,975,1059
403553,973,1055
403554,970,1055
403555,972,1053
403556,976,1054
403557,979,1050
403558,980,1045
403559,976,1044
403560,975,1049
403561,972,1047
403562,978,1052
403563,979,1051
403564,978,1049
403565,976,1046
403566,973,1047
403567,974,1047
403568,974,1051
403569,978,1050
403570,979,1049
403571,978,1046
403572,975,1046
403573,977,1046
403574,980,1046
403575,983,1048
403576,982,1047
403577,979,1043
403578,972,1043
403579,972,1048
403580,976,1050
403581,981,1051
403582,979,1048
403583,977,1043
403584,978,1038
403585,979,1038
403586,980,1039
403587,980,1042
403588,981,1040
403589,976,1039
403590,974,1037
403591,975,1042
403592,977,1046
403593,981,1048
403594,979,1043
403595,976,1042
403596,972,1039
403597,972,1043
403598,971,1045
403599,977,1049
403600,976,1048
403601,977,1046
403602,974,1042
403603,977,1047
403604,978,1051
403605,981,1052
403606,979,1053
403607,976,1054
403608,974,1053
403609,973,1053
403610,980,1054
403611,983,1051
403612,982,1049
403613,976,1044
403614,977,1041
403615,979,1044
403616,981,1048
403617,984,1049
403618,980,1048
403619,979,1047
403620,976,1046
403621,977,1048
403622,983,1049
403623,988,1048
403624,982,1048
403625,979,1044
403626,978,1045
403627,979,1049
403628,984,1048
403629,986,1047
403630,984,1044
403631,985,1040
403632,985,1036
403633,995,1034
403634,1006,1031
403635,1021,1031
403636,1037,1029
403637,1057,1022
403638,1082,1011
403639,1114,998
403640,1154,991
403641,1193,992
403642,1227,995
403643,1250,1016
403644,1260,1040
403645,1249,1055
403646,1219,1063
403647,1174,1067
403648,1117,1078
403649,1062,1093
403650,1012,1106
403651,975,1115
403652,959,1118
403653,967,1109
403654,972,1094
403655,976,1077
403656,976,1070
403657,979,1063
403658,982,1062
403659,980,1060
403660,975,1055
403661,972,1050
403662,970,1050
403663,968,1048
403664,967,1052
403665,972,1053
403666,971,1052
403667,967,1052
403668,965,1051
403669,962,1047
403670,965,1048
403671,966,1046
403672,966,1048
403673,962,1045
403674,959,1045
403675,959,1048
403676,958,1050
403677,962,1051
403678,961,1047
403679,957,1044
403680,954,1045
403681,955,1047
403682,958,1051
403683,960,1047
403684,958,1044
403685,958,1043
403686,956,1044
403687,958,1048
403688,960,1050
403689,962,1049
403690,964,1046
403691,964,1041
403692,959,1041
403693,960,1042
403694,961,1044
403695,964,1044
403696,965,1043
403697,965,1041
403698,964,1041
403699,966,1044
403700,967,1049
403701,971,1049
403702,974,1048
403703,972,1044
403704,968,1044
403705,967,1043
403706,971,1044
403707,974,1040
403708,973,1036
403709,976,1035
403710,975,1033
403711,975,1031
403712,980,1029
403713,985,1024
403714,987,1020
403715,984,1016
403716,980,1011
403717,982,1013
403718,987,1016
403719,987,1015
403720,987,1015
403721,986,1007
403722,983,1006
403723,985,1003
403724,986,1005
403725,990,1002
403726,989,1002
403727,986,996
403728,985,995
403729,987,998
403730,992,1001
403731,996,1001
403732,994,998
403733,992,998
403734,990,995
403735,991,1000
403736,994,1006
403737,999,1003
403738,1003,997
403739,1000,995
403740,1000,991
403741,1001,997
403742,1002,1002
403743,1006,1001
403744,1005,1003
403745,1001,1004
403746,1001,1006
403747,1001,1013
403748,1004,1015
403749,1006,1020
403750,1005,1023
403751,1005,1021
403752,999,1024
403753,998,1032
403754,999,1037
403755,998,1040
403756,996,1041
403757,994,1042
403758,991,1042
403759,990,1046
403760,988,1045
403761,992,1045
403762,990,1047
403763,985,1046
403764,983,1049
403765,980,1052
403766,980,1057
403767,983,1055
403768,980,1054
403769,977,1052
403770,973,1054
403771,974,1056
403772,976,1057
403773,976,1058
403774,974,1056
403775,970,1050
403776,970,1053
403777,970,1052
403778,974,1057
403779,971,1057
403780,973,1060
403781,973,1060
403782,971,1056
403783,974,1050
403784,977,1050
403785,980,1050
403786,977,1049
403787,978,1048
403788,975,1047
403789,976,1053
403790,980,1055
403791,984,1054
403792,985,1053
403793,981,1049
403794,981,1044
403795,981,1044
403796,985,1048
403797,988,1051
403798,989,1049
403799,986,1044
403800,982,1044
403801,982,1042
403802,984,1044
403803,990,1045
403804,987,1044
403805,983,1042
403806,983,1040
403807,986,1043
403808,987,1045
403809,989,1047
403810,988,1048
403811,980,1049
403812,979,1045
403813,978,1045
403814,980,1049
403815,984,1047
403816,983,1045
403817,980,1047
403818,978,1048
403819,979,1050
403820,978,1054
403821,981,1053
403822,980,1047
403823,976,1043
403824,974,1044
403825,973,1047
403826,978,1051
403827,979,1053
403828,977,1052
403829,975,1050
403830,973,1052
403831,975,1058
403832,977,1062
403833,979,1061
403834,978,1056
403835,977,1051
403836,976,1048
403837,977,1051
403838,981,1054
403839,986,1054
403840,983,1052
403841,979,1052
403842,976,1053
403843,978,1049
403844,982,1053
403845,987,1056
403846,988,1053
403847,984,1054
403848,981,1051
403849,983,1048
403850,985,1048
403851,990,1048
403852,987,1047
403853,984,1043
403854,983,1039
403855,985,1041
403856,992,1040
403857,1004,1034
403858,1013,1029
403859,1026,1022
403860,1043,1021
403861,1063,1016
403862,1090,1010
403863,1123,998
403864,1158,986
403865,1191,979
403866,1218,989
403867,1245,1010
403868,1259,1031
403869,1252,1047
403870,1213,1053
403871,1157,1055
403872,1100,1069
403873,1046,1084
403874,1002,1096
403875,976,1098
403876,963,1096
403877,963,1084
403878,968,1071
403879,976,1066
403880,981,1063
403881,982,1061
403882,975,1058
403883,972,1051
403884,970,1047
403885,972,1050
403886,974,1051
403887,972,1055
403888,969,1054
403889,968,1051
403890,963,1052
403891,961,1053
403892,963,1057
403893,966,1056
403894,962,1058
403895,960,1053
403896,960,1051
403897,960,1055
403898,963,1057
403899,962,1055
403900,959,1049
403901,958,1050
403902,955,1049
403903,959,1052
403904,962,1053
403905,965,1051
403906,966,1050
403907,961,1051
403908,961,1050
403909,961,1052
403910,962,1050
403911,964,1050
403912,960,1049
403913,960,1046
403914,960,1048
403915,959,1051
403916,961,1055
403917,964,1055
403918,964,1053
403919,958,1053
403920,956,1053
403921,958,1054
403922,961,1055
403923,964,1053
403924,963,1047
403925,963,1045
403926,964,1046
403927,964,1047
403928,969,1048
403929,973,1045
403930,972,1039
403931,967,1036
403932,967,1034
403933,969,1038
403934,972,1034
403935,975,1030
403936,978,1026
403937,977,1022
403938,975,1021
403939,974,1021
403940,977,1022
403941,981,1021
403942,983,1016
403943,983,1013
403944,982,1016
403945,987,1017
403946,988,1020
403947,993,1016
403948,995,1012
403949,995,1008
403950,992,1006
403951,993,1005
403952,999,1008
403953,1000,1006
403954,1002,1004
403955,1000,996
403956,999,997
403957,998,1001
403958,1002,1003
403959,1005,1004
403960,1005,999
403961,1003,995
403962,1000,998
403963,1005,1006
403964,1007,1010
403965,1009,1007
403966,1007,1007
403967,1005,1004
403968,1003,1004
403969,1001,1010
403970,1001,1019
403971,1003,1021
403972,1004,1024
403973,999,1023
403974,997,1025
403975,996,1033
403976,997,1036
403977,999,1038
403978,996,1038
403979,991,1037
403980,988,1040
403981,988,1044
403982,990,1051
403983,991,1053
403984,990,1054
403985,987,1050
403986,986,1050
403987,985,1056
403988,988,1062
403989,988,1060
403990,985,1060
403991,985,1057
403992,981,1055
403993,981,1057
403994,982,1059
403995,988,1058
403996,986,1058
403997,987,1057
403998,983,1058
403999,982,1062
404000,981,1063
404001,990,1060
404002,989,1058
404003,989,1055
404004,986,1052
404005,986,1053
404006,990,1056
404007,992,1057
404008,997,1053
404009,995,1052
404010,998,1052
404011,1004,1057
404012,1010,1062
404013,1018,1061
404014,1022,1059
404015,1024,1053
404016,1029,1052
404017,1036,1048
404018,1050,1037
404019,1066,1021
404020,1078,999
404021,1088,984
404022,1099,970
404023,1115,957
404024,1131,943
404025,1149,924
404026,1162,898
404027,1175,874
404028,1191,856
404029,1206,839
404030,1224,826
404031,1239,813
404032,1247,806
404033,1245,804
404034,1242,805
404035,1236,809
404036,1232,813
404037,1225,809
404038,1211,809
404039,1191,810
404040,1172,817
404041,1151,830
404042,1136,842
404043,1115,853
404044,1092,861
404045,1068,871
404046,1049,891
404047,1038,911
404048,1033,932
404049,1035,950
404050,1032,961
404051,1027,971
404052,1025,980
404053,1027,989
404054,1034,1002
404055,1049,1010
404056,1059,1012
404057,1067,1008
404058,1059,1012
404059,1046,1020
404060,1020,1029
404061,986,1041
404062,963,1051
404063,944,1062
404064,931,1076
404065,929,1091
404066,926,1102
404067,925,1105
404068,921,1103
404069,915,1102
404070,908,1106
404071,903,1112
404072,907,1118
404073,909,1122
404074,906,1121
404075,900,1119
404076,895,1119
404077,894,1122
404078,895,1126
404079,895,1126
404080,894,1125
404081,891,1123
404082,891,1126
404083,890,1132
404084,892,1136
404085,892,1139
404086,887,1143
404087,882,1138
404088,879,1135
404089,880,1138
404090,885,1144
404091,886,1145
404092,884,1146
404093,881,1145
404094,879,1148
404095,878,1154
404096,881,1160
404097,881,1160
404098,881,1160
404099,879,1160
404100,873,1165
404101,873,1172
404102,878,1178
404103,878,1178
404104,878,1180
404105,876,1177
404106,874,1179
404107,875,1183
404108,877,1189
404109,880,1191
404110,880,1190
404111,880,1190
404112,878,1194
404113,880,1199
404114,884,1203
404115,887,1202
404116,883,1201
404117,883,1196
404118,885,1195
404119,888,1198
404120,894,1197
404121,901,1197
404122,901,1192
404123,902,1190
404124,903,1190
404125,903,1191
404126,908,1192
404127,914,1187
404128,915,1181
404129,918,1174
404130,920,1170
404131,923,1168
404132,930,1165
404133,936,1163
404134,938,1158
404135,940,1150
404136,940,1143
404137,943,1138
404138,948,1137
404139,953,1134
404140,956,1125
404141,957,1118
404142,955,1109
404143,958,1106
404144,962,1104
404145,966,1101
404146,965,1095
404147,963,1090
404148,962,1092
404149,963,1090
404150,966,1087
404151,967,1083
404152,970,1080
404153,969,1073
404154,965,1072
404155,965,1072
404156,967,1073
404157,975,1070
404158,971,1065
404159,968,1060
404160,968,1057
404161,968,1060
404162,971,1064
404163,973,1065
404164,972,1061
404165,971,1055
404166,967,1052
404167,968,1054
404168,972,1055
404169,971,1052
404170,972,1048
404171,967,1049
404172,969,1049
404173,967,1048
404174,970,1051
404175,974,1052
404176,971,1049
404177,970,1045
404178,968,1046
404179,968,1047
404180,971,1046
404181,972,1047
404182,973,1046
404183,971,1046
404184,968,1045
404185,970,1047
404186,973,1047
404187,977,1046
404188,975,1044
404189,972,1043
404190,972,1042
404191,974,1045
404192,976,1048
404193,978,1046
404194,975,1050
404195,975,1049
404196,971,1049
404197,972,1051
404198,974,1051
404199,974,1051
404200,973,1050
404201,972,1047
404202,973,1046
404203,975,1044
404204,977,1041
404205,979,1042
404206,972,1040
404207,972,1038
404208,970,1041
404209,970,1042
404210,974,1045
404211,977,1039
404212,975,1039
404213,971,1036
404214,968,1038
404215,968,1039
404216,970,1041
404217,972,1039
404218,971,1040
404219,966,1038
404220,966,1038
404221,968,1040
404222,967,1043
404223,970,1046
404224,968,1039
404225,968,1034
404226,967,1037
404227,967,1042
404228,969,1042
404229,973,1042
404230,971,1039
404231,969,1035
404232,964,1038
404233,965,1041
404234,967,1040
404235,971,1042
404236,970,1041
404237,969,1038
404238,966,1041
404239,967,1042
404240,970,1043
404241,975,1042
404242,976,1043
404243,971,1042
404244,967,1043
404245,968,1045
404246,965,1046
404247,969,1044
404248,972,1039
404249,970,1040
404250,969,1041
404251,970,1044
404252,972,1043
404253,976,1041
404254,972,1041
404255,970,1036
404256,964,1035
404257,969,1037
404258,969,1037
404259,972,1036
404260,973,1034
404261,972,1035
404262,970,1038
404263,968,1043
404264,970,1044
404265,971,1040
404266,968,1038
404267,967,1034
404268,969,1035
404269,969,1038
404270,970,1043
404271,971,1041
404272,966,1042
404273,965,1038
404274,961,1041
404275,963,1044
404276,967,1045
404277,970,1042
404278,970,1047
404279,967,1042
404280,964,1044
404281,968,1047
404282,969,1049
404283,967,1046
404284,970,1040
404285,969,1036
404286,967,1034
404287,968,1035
404288,970,1041
404289,973,1041
404290,973,1038
404291,970,1037
404292,968,1035
404293,970,1035
404294,973,1039
404295,974,1043
404296,974,1037
404297,970,1034
404298,970,1033
404299,972,1035
404300,974,1035
404301,974,1037
404302,974,1036
404303,972,1032
404304,969,1031
404305,971,1033
404306,972,1032
404307,971,1031
404308,973,1033
404309,967,1028
404310,967,1029
404311,968,1029
404312,969,1033
404313,974,1035
404314,971,1036
404315,969,1038
404316,968,1038
404317,970,1041
404318,974,1041
404319,976,1039
404320,974,1036
404321,974,1032
404322,970,1036
404323,971,1042
404324,974,1046
404325,980,1047
404326,980,1039
404327,978,1031
404328,979,1027
404329,986,1021
404330,999,1021
404331,1014,1014
404332,1029,1010
404333,1048,1001
404334,1073,993
404335,1107,982
404336,1141,968
404337,1176,966
404338,1204,972
404339,1226,996
404340,1234,1025
404341,1221,1041
404342,1185,1049
404343,1130,1057
404344,1074,1069
404345,1021,1080
404346,977,1088
404347,954,1093
404348,948,1089
404349,958,1073
404350,963,1058
404351,965,1044
404352,959,1037
404353,957,1037
404354,958,1036
404355,960,1038
404356,957,1033
404357,952,1032
404358,949,1031
404359,947,1031
404360,948,1036
404361,952,1037
404362,946,1036
404363,947,1034
404364,942,1033
404365,948,1033
404366,946,1035
404367,952,1036
404368,950,1031
404369,948,1028
404370,945,1030
404371,945,1032
404372,948,1035
404373,952,1036
404374,950,1034
404375,948,1029
404376,946,1030
404377,949,1030
404378,951,1031
404379,951,1030
404380,950,1028
404381,949,1028
404382,944,1027
404383,945,1030
404384,946,1032
404385,949,1031
404386,947,1029
404387,946,1028
404388,941,1029
404389,935,1036
404390,939,1036
404391,946,1034
404392,944,1028
404393,940,1024
404394,940,1023
404395,943,1023
404396,942,1023
404397,947,1021
404398,946,1016
404399,945,1017
404400,946,1017
404401,948,1023
404402,950,1024
404403,954,1020
404404,954,1017
404405,954,1010
404406,950,1009
404407,954,1007
404408,957,1004
404409,963,1003
404410,962,999
404411,957,996
404412,959,994
404413,960,996
404414,967,995
404415,969,995
404416,968,990
404417,968,989
404418,970,988
404419,971,990
404420,977,993
404421,979,991
404422,980,987
404423,975,988
404424,976,989
404425,977,986
404426,982,984
404427,984,982
404428,985,976
404429,983,974
404430,984,975
404431,985,980
404432,990,984
404433,992,988
404434,993,987
404435,993,984
404436,988,985
404437,991,983
404438,993,986
404439,997,985
404440,995,983
404441,993,985
404442,992,989
404443,991,992
404444,995,996
404445,998,999
404446,997,1000
404447,993,999
404448,989,1006
404449,991,1010
404450,992,1015
404451,990,1018
404452,987,1018
404453,983,1019
404454,983,1023
404455,980,1027
404456,979,1032
404457,982,1036
404458,980,1032
404459,978,1031
404460,976,1027
404461,974,1028
404462,978,1030
404463,978,1029
404464,976,1028
404465,973,1025
404466,969,1025
404467,971,1030
404468,973,1036
404469,976,1039
404470,975,1039
404471,973,1034
404472,970,1037
404473,968,1035
404474,971,1035
404475,974,1037
404476,975,1036
404477,969,1035
404478,967,1037
404479,968,1038
404480,971,1039
404481,976,1038
404482,976,1035
404483,974,1033
404484,971,1039
404485,971,1039
404486,978,1044
404487,980,1038
404488,979,1030
404489,975,1028
404490,976,1025
404491,974,1027
404492,977,1028
404493,981,1028
404494,979,1023
404495,977,1018
404496,972,1021
404497,974,1025
404498,976,1027
404499,981,1025
404500,978,1022
404501,976,1019
404502,970,1019
404503,973,1023
404504,977,1028
404505,980,1027
404506,981,1028
404507,979,1024
404508,977,1024
404509,975,1027
404510,978,1034
404511,979,1035
404512,975,1034
404513,970,1033
404514,969,1038
404515,970,1044
404516,972,1046
404517,977,1040
404518,977,1031
404519,977,1026
404520,975,1024
404521,970,1027
404522,971,1034
404523,976,1035
404524,974,1034
404525,971,1035
404526,968,1036
404527,969,1038
404528,972,1042
404529,977,1039
404530,974,1036
404531,971,1033
404532,968,1034
404533,969,1038
404534,972,1038
404535,974,1040
404536,975,1037
404537,972,1035
404538,970,1034
404539,970,1037
404540,971,1039
404541,973,1039
404542,971,1036
404543,967,1037
404544,966,1038
404545,968,1045
404546,971,1052
404547,973,1045
404548,973,1038
404549,971,1029
404550,969,1029
404551,969,1030
404552,972,1032
404553,973,1030
404554,973,1030
404555,971,1030
404556,965,1031
404557,966,1035
404558,968,1037
404559,972,1041
404560,970,1038
404561,967,1039
404562,965,1038
404563,966,1041
404564,967,1040
404565,970,1041
404566,971,1035
404567,971,1032
404568,967,1032
404569,966,1039
404570,970,1043
404571,972,1043
404572,971,1045
404573,970,1042
404574,968,1044
404575,969,1051
404576,969,1055
404577,974,1057
404578,972,1051
404579,972,1041
404580,971,1042
404581,971,1042
404582,977,1043
404583,980,1040
404584,980,1037
404585,976,1034
404586,971,1036
404587,970,1040
404588,972,1044
404589,975,1044
404590,975,1041
404591,972,1039
404592,971,1041
404593,973,1045
404594,974,1048
404595,977,1045
404596,978,1043
404597,976,1039
404598,977,1039
404599,973,1041
404600,975,1045
404601,977,1042
404602,976,1040
404603,976,1038
404604,972,1042
404605,973,1045
404606,977,1046
404607,979,1040
404608,980,1035
404609,980,1031
404610,982,1027
404611,992,1027
404612,1004,1029
404613,1018,1025
404614,1034,1020
404615,1050,1016
404616,1074,1012
404617,1106,1005
404618,1145,1000
404619,1184,992
404620,1222,995
404621,1251,1008
404622,1267,1031
404623,1267,1049
404624,1245,1057
404625,1205,1058
404626,1151,1064
404627,1100,1076
404628,1051,1088
404629,1005,1098
404630,975,1104
404631,968,1099
404632,972,1083
404633,979,1069
404634,981,1059
404635,982,1059
404636,984,1059
404637,980,1054
404638,976,1046
404639,974,1040
404640,968,1041
404641,968,1043
404642,970,1046
404643,971,1046
404644,970,1042
404645,966,1041
404646,964,1038
404647,964,1042
404648,965,1045
404649,968,1048
404650,963,1045
404651,964,1040
404652,963,1038
404653,960,1039
404654,962,1038
404655,967,1036
404656,966,1032
404657,964,1030
404658,962,1033
404659,962,1034
404660,965,1038
404661,966,1041
404662,965,1039
404663,962,1036
404664,961,1038
404665,963,1040
404666,964,1045
404667,964,1046
404668,964,1047
404669,963,1042
404670,960,1040
404671,961,1038
404672,963,1039
404673,966,1040
404674,967,1042
404675,964,1041
404676,965,1044
404677,965,1050
404678,965,1051
404679,968,1047
404680,966,1041
404681,968,1031
404682,969,1027
404683,971,1025
404684,975,1026
404685,975,1027
404686,978,1027
404687,972,1026
404688,971,1026
404689,973,1026
404690,975,1025
404691,981,1024
404692,981,1016
404693,979,1012
404694,978,1011
404695,979,1010
404696,982,1011
404697,987,1009
404698,985,1005
404699,983,1005
404700,983,1002
404701,984,1000
404702,985,998
404703,987,992
404704,991,989
404705,991,983
404706,989,983
404707,989,986
404708,993,990
404709,994,990
404710,994,990
404711,994,990
404712,994,991
404713,992,996
404714,994,997
404715,999,992
404716,998,989
404717,994,988
404718,995,988
404719,996,992
404720,1000,998
404721,1001,997
404722,1001,998
404723,995,996
404724,992,1000
404725,990,1007
404726,991,1012
404727,992,1018
404728,989,1016
404729,988,1011
404730,985,1010
404731,985,1015
404732,984,1023
404733,985,1024
404734,984,1026
404735,980,1026
404736,976,1027
404737,977,1030
404738,978,1037
404739,980,1041
404740,979,1035
404741,975,1036
404742,974,1038
404743,973,1042
404744,974,1045
404745,977,1042
404746,975,1038
404747,971,1036
404748,970,1037
404749,971,1041
404750,975,1043
404751,978,1042
404752,977,1037
404753,972,1035
404754,974,1039
404755,981,1043
404756,987,1046
404757,995,1043
404758,996,1042
404759,996,1042
404760,1000,1045
404761,1006,1046
404762,1013,1051
404763,1020,1051
404764,1029,1045
404765,1037,1032
404766,1052,1011
404767,1068,997
404768,1082,984
404769,1098,969
404770,1112,949
404771,1123,934
404772,1135,916
404773,1149,902
404774,1167,879
404775,1189,859
404776,1203,840
404777,1217,823
404778,1230,809
404779,1241,807
404780,1243,810
404781,1242,813
404782,1239,809
404783,1233,808
404784,1225,810
404785,1215,813
404786,1199,819
404787,1181,822
404788,1157,830
404789,1136,837
404790,1112,849
404791,1089,867
404792,1073,884
404793,1057,901
404794,1049,912
404795,1044,923
404796,1044,935
404797,1040,949
404798,1036,963
404799,1032,973
404800,1032,977
404801,1034,983
404802,1043,989
404803,1055,992
404804,1065,992
404805,1064,994
404806,1044,1001
404807,1011,1011
404808,968,1024
404809,935,1037
404810,919,1048
404811,917,1059
404812,914,1061
404813,907,1061
404814,903,1065
404815,898,1071
404816,896,1075
404817,899,1078
404818,891,1083
404819,882,1085
404820,873,1089
404821,873,1095
404822,875,1098
404823,875,1096
404824,875,1094
404825,875,1090
404826,870,1092
404827,866,1097
404828,867,1097
404829,867,1095
404830,864,1096
404831,860,1096
404832,853,1099
404833,855,1105
404834,858,1108
404835,858,1108
404836,854,1105
404837,850,1104
404838,847,1103
404839,847,1109
404840,849,1111
404841,851,1115
404842,853,1117
404843,848,1113
404844,844,1118
404845,841,1122
404846,844,1129
404847,844,1131
404848,844,1130
404849,839,1127
404850,837,1129
404851,841,1134
404852,844,1140
404853,847,1142
404854,845,1145
404855,844,1145
404856,842,1148
404857,842,1152
404858,842,1156
404859,847,1155
404860,850,1152
404861,848,1150
404862,849,1153
404863,850,1156
404864,858,1161
404865,863,1157
404866,861,1152
404867,861,1148
404868,863,1149
404869,867,1152
404870,871,1153
404871,878,1149
404872,878,1143
404873,882,1138
404874,886,1138
404875,889,1135
404876,898,1133
404877,903,1128
404878,905,1119
404879,907,1113
404880,903,1111
404881,908,1108
404882,914,1110
404883,918,1099
404884,921,1090
404885,919,1080
404886,921,1077
404887,927,1073
404888,931,1070
404889,935,1062
404890,937,1057
404891,936,1051
404892,932,1053
404893,936,1054
404894,941,1053
404895,946,1049
404896,941,1045
404897,942,1044
404898,940,1045
404899,939,1049
404900,943,1051
404901,943,1050
404902,942,1045
404903,940,1041
404904,937,1037
404905,939,1033
404906,947,1035
404907,951,1032
404908,949,1033
404909,948,1031
404910,947,1036
404911,948,1041
404912,951,1045
404913,955,1046
404914,954,1043
404915,952,1041
404916,947,1042
404917,949,1041
404918,950,1045
404919,954,1044
404920,949,1041
404921,948,1039
404922,944,1039
404923,951,1039
404924,957,1045
404925,956,1045
404926,956,1044
404927,953,1042
404928,950,1043
404929,949,1046
404930,955,1050
404931,954,1043
404932,955,1035
404933,952,1025
404934,951,1027
404935,954,1028
404936,957,1031
404937,961,1032
404938,960,1029
404939,958,1027
404940,955,1028
404941,956,1032
404942,955,1035
404943,958,1033
404944,958,1031
404945,952,1030
404946,953,1031
404947,953,1036
404948,957,1038
404949,962,1033
404950,959,1031
404951,954,1028
404952,953,1028
404953,955,1031
404954,958,1032
404955,964,1033
404956,962,1029
404957,957,1027
404958,957,1029
404959,956,1031
404960,961,1035
404961,965,1037
404962,963,1035
404963,961,1037
404964,959,1044
404965,958,1046
404966,964,1046
404967,966,1037
404968,964,1033
404969,962,1031
404970,964,1034
404971,964,1039
404972,967,1044
404973,967,1047
404974,966,1049
404975,961,1045
404976,963,1042
404977,965,1032
404978,967,1030
404979,965,1028
404980,964,1023
404981,963,1024
404982,961,1025
404983,964,1029
404984,968,1035
404985,968,1036
404986,969,1036
404987,963,1036
404988,958,1034
404989,962,1038
404990,965,1040
404991,966,1035
404992,965,1034
404993,962,1034
404994,955,1034
404995,961,1034
404996,966,1034
404997,967,1034
404998,965,1030
404999,963,1031
405000,960,1031
405001,960,1036
405002,964,1039
405003,964,1039
405004,965,1035
405005,962,1032
405006,963,1031
405007,965,1034
405008,968,1037
405009,972,1033
405010,969,1033
405011,965,1030
405012,965,1029
405013,967,1031
405014,970,1033
405015,972,1033
405016,971,1031
405017,968,1031
405018,970,1032
405019,970,1035
405020,972,1038
405021,973,1036
405022,971,1032
405023,969,1031
405024,970,1032
405025,972,1034
405026,975,1035
405027,978,1037
405028,977,1037
405029,974,1034
405030,972,1034
405031,977,1035
405032,979,1037
405033,981,1035
405034,981,1036
405035,981,1031
405036,980,1032
405037,978,1031
405038,983,1033
405039,984,1036
405040,982,1033
405041,979,1033
405042,974,1031
405043,975,1031
405044,978,1037
405045,980,1038
405046,981,1039
405047,976,1034
405048,978,1033
405049,978,1038
405050,983,1039
405051,985,1036
405052,980,1037
405053,977,1032
405054,978,1033
405055,981,1034
405056,984,1033
405057,986,1029
405058,988,1026
405059,984,1020
405060,987,1018
405061,995,1017
405062,1005,1017
405063,1019,1012
405064,1033,1006
405065,1050,1003
405066,1068,1000
405067,1097,994
405068,1128,985
405069,1167,976
405070,1199,969
405071,1228,971
405072,1253,985
405073,1272,1005
405074,1273,1022
405075,1254,1024
405076,1207,1025
405077,1155,1033
405078,1100,1047
405079,1048,1058
405080,1005,1069
405081,978,1072
405082,967,1066
405083,966,1057
405084,970,1047
405085,979,1041
405086,981,1037
405087,978,1035
405088,976,1032
405089,973,1029
405090,972,1032
405091,970,1034
405092,971,1036
405093,971,1034
405094,967,1034
405095,963,1032
405096,963,1033
405097,962,1037
405098,963,1040
405099,964,1040
405100,961,1036
405101,960,1033
405102,958,1034
405103,959,1033
405104,960,1034
405105,963,1030
405106,962,1028
405107,954,1030
405108,955,1031
405109,956,1031
405110,960,1032
405111,962,1031
405112,958,1026
405113,954,1026
405114,951,1024
405115,953,1025
405116,954,1029
405117,957,1030
405118,950,1035
405119,949,1041
405120,950,1051
405121,949,1055
405122,954,1052
405123,955,1041
405124,951,1025
405125,954,1011
405126,954,1006
405127,956,1007
405128,956,1011
405129,960,1017
405130,959,1015
405131,952,1014
405132,953,1013
405133,954,1016
405134,957,1022
405135,959,1024
405136,959,1023
405137,958,1022
405138,957,1020
405139,959,1021
405140,962,1022
405141,967,1022
405142,965,1019
405143,964,1016
405144,962,1012
405145,965,1013
405146,969,1014
405147,974,1012
405148,972,1011
405149,970,1008
405150,967,1004
405151,974,1008
405152,977,1013
405153,978,1012
405154,980,1005
405155,977,997
405156,975,992
405157,978,991
405158,981,988
405159,984,988
405160,981,986
405161,979,987
405162,980,992
405163,982,1000
405164,984,1007
405165,986,1006
405166,985,996
405167,985,987
405168,982,981
405169,988,983
405170,991,983
405171,995,983
405172,994,981
405173,991,979
405174,989,981
405175,991,983
405176,995,990
405177,1000,989
405178,1001,989
405179,997,988
405180,998,987
405181,997,994
405182,998,994
405183,1000,998
405184,996,996
405185,994,998
405186,992,1002
405187,991,1008
405188,991,1016
405189,993,1016
405190,993,1020
405191,990,1020
405192,987,1023
405193,987,1025
405194,989,1032
405195,990,1035
405196,985,1036
405197,981,1034
405198,976,1033
405199,981,1030
405200,983,1030
405201,986,1025
405202,984,1024
405203,977,1023
405204,974,1024
405205,972,1026
405206,976,1032
405207,977,1031
405208,978,1031
405209,973,1028
405210,970,1033
405211,970,1035
405212,974,1044
405213,975,1049
405214,975,1047
405215,973,1044
405216,970,1038
405217,971,1035
405218,977,1031
405219,978,1027
405220,978,1024
405221,974,1026
405222,973,1026
405223,976,1029
405224,978,1032
405225,982,1033
405226,979,1031
405227,975,1026
405228,976,1027
405229,978,1027
405230,980,1026
405231,979,1022
405232,980,1022
405233,977,1021
405234,976,1021
405235,979,1024
405236,981,1025
405237,984,1023
405238,984,1022
405239,980,1021
405240,979,1020
405241,980,1024
405242,981,1026
405243,982,1028
405244,981,1029
405245,979,1025
405246,976,1028
405247,976,1031
405248,977,1031
405249,980,1030
405250,981,1026
405251,979,1020
405252,975,1018
405253,977,1019
405254,980,1025
405255,980,1023
405256,978,1026
405257,977,1027
405258,975,1030
405259,975,1035
405260,979,1033
405261,982,1028
405262,981,1018
405263,979,1014
405264,976,1016
405265,976,1021
405266,980,1023
405267,979,1024
405268,977,1024
405269,971,1023
405270,970,1027
405271,973,1027
405272,976,1034
405273,977,1031
405274,971,1033
405275,967,1029
405276,972,1025
405277,977,1024
405278,974,1023
405279,978,1023
405280,977,1024
405281,970,1027
405282,968,1031
405283,969,1032
405284,975,1032
405285,975,1028
405286,973,1028
405287,970,1024
405288,970,1026
405289,973,1029
405290,974,1035
405291,976,1029
405292,977,1026
405293,976,1022
405294,974,1025
405295,977,1028
405296,982,1033
405297,985,1034
405298,983,1032
405299,983,1027
405300,981,1024
405301,983,1027
405302,988,1028
405303,993,1025
405304,997,1021
405305,998,1015
405306,1005,1011
405307,1017,1012
405308,1035,1011
405309,1055,1012
405310,1076,1006
405311,1099,997
405312,1126,980
405313,1158,970
405314,1191,965
405315,1226,967
405316,1251,976
405317,1269,988
405318,1268,1003
405319,1250,1013
405320,1218,1012
405321,1169,1023
405322,1116,1032
405323,1063,1047
405324,1016,1061
405325,982,1070
405326,970,1072
405327,972,1063
405328,976,1053
405329,978,1040
405330,979,1034
405331,978,1033
405332,977,1035
405333,978,1030
405334,972,1030
405335,969,1028
405336,964,1029
405337,963,1031
405338,965,1034
405339,966,1030
405340,963,1029
405341,959,1028
405342,956,1031
405343,956,1035
405344,957,1037
405345,959,1035
405346,957,1032
405347,956,1031
405348,954,1030
405349,956,1035
405350,958,1038
405351,960,1036
405352,954,1034
405353,956,1031
405354,956,1032
405355,957,1034
405356,962,1033
405357,964,1034
405358,962,1031
405359,960,1027
405360,959,1026
405361,960,1029
405362,964,1031
405363,963,1029
405364,962,1026
405365,959,1025
405366,956,1026
405367,959,1027
405368,961,1030
405369,963,1029
405370,962,1027
405371,959,1026
405372,959,1024
405373,960,1026
405374,963,1030
405375,967,1025
405376,964,1023
405377,965,1021
405378,964,1023
405379,963,1023
405380,967,1025
405381,969,1023
405382,966,1020
405383,967,1017
405384,962,1018
405385,965,1017
405386,970,1018
405387,974,1015
405388,974,1012
405389,971,1012
405390,971,1013
405391,970,1011
405392,977,1013
405393,981,1012
405394,980,1008
405395,977,1002
405396,977,1006
405397,978,1008
405398,983,1009
405399,985,1006
405400,986,1003
405401,983,998
405402,984,995
405403,988,993
405404,991,995
405405,991,995
405406,991,990
405407,988,986
405408,989,987
405409,991,987
405410,995,992
405411,996,990
405412,997,989
405413,995,991
405414,992,990
405415,998,989
405416,1000,991
405417,1002,990
405418,1000,987
405419,1001,986
405420,999,989
405421,999,993
405422,1001,996
405423,1005,996
405424,1004,996
405425,1000,996
405426,995,1000
405427,998,1005
405428,1000,1009
405429,1002,1011
405430,997,1013
405431,993,1014
405432,991,1015
405433,991,1019
405434,990,1024
405435,990,1028
405436,986,1026
405437,983,1025
405438,979,1027
405439,978,1032
405440,981,1036
405441,982,1036
405442,983,1037
405443,979,1035
405444,978,1038
405445,977,1038
405446,979,1042
405447,978,1042
405448,982,1039
405449,981,1037
405450,978,1041
405451,979,1042
405452,981,1046
405453,982,1042
405454,982,1041
405455,978,1040
405456,977,1038
405457,982,1039
405458,983,1043
405459,985,1040
405460,984,1037
405461,984,1035
405462,984,1035
405463,981,1038
405464,983,1041
405465,985,1039
405466,986,1037
405467,982,1032
405468,982,1031
405469,986,1034
405470,985,1033
405471,989,1033
405472,987,1032
405473,982,1027
405474,984,1028
405475,986,1030
405476,989,1033
405477,992,1029
405478,990,1030
405479,988,1026
405480,986,1027
405481,986,1032
405482,988,1036
405483,989,1036
405484,985,1034
405485,984,1031
405486,984,1031
405487,985,1033
405488,988,1037
405489,989,1035
405490,989,1032
405491,989,1030
405492,986,1033
405493,986,1034
405494,988,1037
405495,987,1038
405496,986,1033
405497,984,1031
405498,981,1033
405499,984,1034
405500,986,1037
405501,987,1037
405502,985,1033
405503,979,1033
405504,981,1033
405505,982,1038
405506,983,1040
405507,985,1038
405508,984,1035
405509,983,1035
405510,983,1036
405511,983,1039
405512,986,1041
405513,990,1039
405514,986,1032
405515,984,1029
405516,983,1031
405517,984,1034
405518,990,1037
405519,991,1035
405520,988,1035
405521,986,1030
405522,979,1034
405523,986,1036
405524,987,1037
405525,988,1040
405526,987,1038
405527,988,1035
405528,987,1032
405529,992,1034
405530,992,1038
405531,993,1039
405532,992,1038
405533,988,1036
405534,990,1036
405535,987,1038
405536,992,1043
405537,993,1038
405538,994,1036
405539,990,1032
405540,990,1034
405541,990,1037
405542,990,1037
405543,992,1034
405544,990,1032
405545,987,1029
405546,985,1032
405547,986,1033
405548,991,1035
405549,991,1035
405550,992,1033
405551,989,1034
405552,987,1032
405553,987,1037
405554,989,1043
405555,993,1040
405556,991,1038
405557,990,1038
405558,990,1034
405559,993,1038
405560,997,1037
405561,997,1038
405562,996,1036
405563,993,1035
405564,994,1038
405565,996,1042
405566,1000,1044
405567,1002,1041
405568,1003,1039
405569,1001,1033
405570,1000,1031
405571,1010,1027
405572,1018,1027
405573,1024,1025
405574,1036,1022
405575,1046,1016
405576,1065,1017
405577,1089,1015
405578,1117,1004
405579,1147,987
405580,1179,975
405581,1208,973
405582,1239,984
405583,1264,1007
405584,1277,1033
405585,1264,1045
405586,1230,1050
405587,1179,1051
405588,1129,1065
405589,1079,1079
405590,1038,1089
405591,1007,1090
405592,989,1082
405593,988,1074
405594,993,1062
405595,998,1054
405596,1006,1047
405597,1006,1040
405598,1001,1034
405599,996,1031
405600,993,1031
405601,991,1034
405602,989,1039
405603,983,1038
405604,981,1036
405605,977,1034
405606,972,1034
405607,974,1037
405608,978,1041
405609,975,1039
405610,974,1037
405611,974,1035
405612,973,1038
405613,972,1041
405614,974,1042
405615,976,1040
405616,975,1040
405617,971,1040
405618,972,1043
405619,971,1045
405620,976,1047
405621,977,1050
405622,977,1046
405623,974,1047
405624,967,1045
405625,972,1046
405626,971,1049
405627,974,1048
405628,973,1046
405629,972,1043
405630,972,1045
405631,973,1042
405632,976,1045
405633,978,1043
405634,974,1042
405635,974,1035
405636,973,1037
405637,975,1040
405638,976,1040
405639,977,1041
405640,974,1039
405641,973,1035
405642,974,1031
405643,975,1029
405644,978,1033
405645,980,1031
405646,980,1029
405647,976,1029
405648,974,1029
405649,976,1032
405650,981,1037
405651,983,1033
405652,986,1028
405653,984,1024
405654,981,1024
405655,984,1024
405656,987,1023
405657,986,1025
405658,987,1022
405659,989,1016
405660,989,1013
405661,990,1016
405662,997,1017
405663,1001,1016
405664,997,1010
405665,998,1005
405666,998,1004
405667,1000,1003
405668,1006,1004
405669,1006,1002
405670,1007,999
405671,1004,998
405672,1004,999
405673,1007,998
405674,1009,1002
405675,1011,1000
405676,1008,999
405677,1006,998
405678,1009,997
405679,1008,997
405680,1012,999
405681,1015,1000
405682,1015,998
405683,1012,997
405684,1016,997
405685,1016,1001
405686,1018,1003
405687,1021,1001
405688,1019,1002
405689,1018,1002
405690,1019,1006
405691,1021,1010
405692,1018,1015
405693,1020,1015
405694,1017,1013
405695,1015,1012
405696,1010,1014
405697,1010,1023
405698,1013,1026
405699,1014,1030
405700,1010,1032
405701,1009,1031
405702,1007,1031
405703,1007,1037
405704,1007,1042
405705,1007,1043
405706,1002,1045
405707,997,1045
405708,995,1049
405709,995,1052
405710,997,1054
405711,995,1052
405712,995,1050
405713,989,1047
405714,991,1047
405715,993,1049
405716,994,1052
405717,990,1057
405718,989,1058
405719,985,1062
405720,988,1061
405721,987,1055
405722,993,1050
405723,994,1042
405724,994,1036
405725,993,1035
405726,994,1037
405727,996,1040
405728,998,1044
405729,997,1048
405730,1001,1045
405731,994,1045
405732,996,1044
405733,1001,1048
405734,1007,1051
405735,1008,1052
405736,1012,1048
405737,1014,1049
405738,1019,1053
405739,1021,1059
405740,1026,1062
405741,1032,1064
405742,1033,1060
405743,1043,1056
405744,1054,1046
405745,1066,1034
405746,1079,1018
405747,1091,1002
405748,1099,988
405749,1109,975
405750,1119,962
405751,1134,950
405752,1151,941
405753,1170,925
405754,1185,903
405755,1197,885
405756,1210,872
405757,1226,859
405758,1242,842
405759,1256,820
405760,1259,811
405761,1256,811
405762,1251,827
405763,1249,834
405764,1248,829
405765,1249,821
405766,1237,814
405767,1220,816
405768,1201,828
405769,1181,844
405770,1163,866
405771,1140,880
405772,1117,890
405773,1100,902
405774,1087,918
405775,1078,932
405776,1073,949
405777,1070,960
405778,1062,970
405779,1052,981
405780,1047,997
405781,1046,1019
405782,1048,1037
405783,1054,1050
405784,1062,1046
405785,1072,1027
405786,1078,1013
405787,1074,1008
405788,1051,1014
405789,1019,1022
405790,984,1036
405791,959,1046
405792,945,1062
405793,941,1075
405794,939,1088
405795,937,1090
405796,930,1090
405797,923,1090
405798,916,1096
405799,914,1103
405800,914,1103
405801,909,1106
405802,906,1104
405803,902,1100
405804,901,1104
405805,896,1107
405806,898,1112
405807,895,1110
405808,894,1111
405809,890,1111
405810,885,1114
405811,886,1117
405812,888,1121
405813,888,1122
405814,885,1120
405815,880,1120
405816,877,1122
405817,876,1127
405818,877,1131
405819,874,1132
405820,877,1130
405821,868,1130
405822,869,1132
405823,871,1136
405824,872,1141
405825,872,1142
405826,868,1142
405827,864,1142
405828,862,1145
405829,860,1149
405830,860,1151
405831,859,1155
405832,859,1154
405833,857,1155
405834,856,1157
405835,858,1165
405836,861,1170
405837,861,1166
405838,863,1166
405839,862,1165
405840,859,1167
405841,866,1171
405842,872,1174
405843,876,1171
405844,874,1166
405845,871,1168
405846,869,1169
405847,870,1169
405848,875,1170
405849,876,1163
405850,879,1160
405851,878,1157
405852,882,1159
405853,883,1159
405854,892,1158
405855,898,1154
405856,900,1148
405857,902,1143
405858,900,1139
405859,909,1136
405860,915,1137
405861,918,1133
405862,920,1129
405863,923,1122
405864,926,1117
405865,932,1119
405866,936,1116
405867,940,1111
405868,942,1103
405869,941,1096
405870,943,1097
405871,947,1094
405872,953,1092
405873,952,1087
405874,956,1081
405875,957,1075
405876,958,1076
405877,960,1075
405878,963,1072
405879,964,1064
405880,962,1056
405881,962,1053
405882,964,1052
405883,965,1051
405884,968,1054
405885,973,1053
405886,972,1048
405887,973,1045
405888,973,1045
405889,977,1048
405890,980,1050
405891,982,1049
405892,979,1047
405893,977,1045
405894,979,1046
405895,983,1050
405896,984,1051
405897,984,1050
405898,983,1048
405899,979,1042
405900,977,1044
405901,978,1048
405902,981,1051
405903,984,1050
405904,981,1047
405905,978,1043
405906,978,1043
405907,975,1049
405908,984,1053
405909,983,1052
405910,986,1047
405911,983,1045
405912,980,1048
405913,984,1050
405914,985,1053
405915,985,1051
405916,986,1047
405917,985,1046
405918,985,1051
405919,988,1053
405920,989,1054
405921,989,1052
405922,989,1048
405923,984,1043
405924,984,1047
405925,985,1048
405926,987,1050
405927,990,1053
405928,987,1049
405929,983,1046
405930,986,1043
405931,986,1047
405932,988,1047
405933,987,1045
405934,985,1043
405935,983,1039
405936,984,1039
405937,987,1042
405938,992,1044
405939,995,1044
405940,993,1039
405941,986,1037
405942,988,1040
405943,988,1042
405944,993,1046
405945,995,1046
405946,992,1044
405947,989,1042
405948,985,1045
405949,985,1044
405950,992,1048
405951,993,1045
405952,991,1044
405953,990,1044
405954,990,1045
405955,992,1047
405956,993,1050
405957,996,1048
405958,994,1047
405959,992,1047
405960,988,1050
405961,991,1052
405962,993,1057
405963,998,1054
405964,998,1049
405965,994,1044
405966,993,1046
405967,991,1048
405968,994,1053
405969,995,1052
405970,994,1050
405971,991,1045
405972,991,1044
405973,992,1049
405974,997,1049
405975,999,1047
405976,994,1045
405977,991,1042
405978,992,1044
405979,991,1049
405980,993,1049
405981,997,1048
405982,991,1047
405983,994,1041
405984,990,1041
405985,992,1046
405986,995,1047
405987,996,1043
405988,996,1041
405989,997,1038
405990,996,1038
405991,993,1042
405992,995,1042
405993,998,1040
405994,998,1038
405995,992,1038
405996,994,1040
405997,996,1045
405998,999,1046
405999,998,1048
406000,998,1049
406001,995,1046
406002,997,1045
406003,997,1048
406004,999,1051
406005,1002,1048
406006,999,1049
406007,996,1047
406008,1002,1049
406009,1003,1053
406010,1004,1053
406011,1005,1054
406012,1005,1052
406013,1003,1051
406014,1004,1052
406015,1006,1054
406016,1007,1058
406017,1009,1056
406018,1006,1051
406019,1004,1049
406020,1001,1048
406021,1009,1050
406022,1010,1055
406023,1013,1053
406024,1009,1051
406025,1006,1044
406026,1001,1049
406027,1002,1045
406028,1002,1049
406029,1003,1045
406030,1002,1046
406031,999,1044
406032,999,1044
406033,998,1045
406034,1001,1048
406035,1005,1045
406036,1001,1043
406037,1002,1042
406038,1007,1045
406039,1008,1049
406040,1013,1053
406041,1017,1052
406042,1017,1050
406043,1020,1046
406044,1019,1049
406045,1021,1054
406046,1022,1055
406047,1017,1055
406048,1011,1049
406049,1005,1048
406050,1003,1049
406051,1001,1051
406052,1002,1053
406053,1002,1053
406054,1004,1050
406055,1003,1050
406056,1005,1050
406057,1009,1051
406058,1010,1056
406059,1011,1054
406060,1012,1049
406061,1008,1048
406062,1009,1049
406063,1012,1050
406064,1014,1055
406065,1016,1052
406066,1012,1049
406067,1006,1045
406068,1006,1046
406069,1008,1047
406070,1011,1049
406071,1010,1049
406072,1006,1046
406073,1005,1042
406074,1005,1045
406075,1007,1046
406076,1008,1045
406077,1010,1045
406078,1009,1042
406079,1007,1040
406080,1006,1041
406081,1004,1043
406082,1008,1046
406083,1010,1047
406084,1007,1044
406085,1005,1040
406086,1005,1042
406087,1004,1046
406088,1006,1052
406089,1008,1051
406090,1007,1051
406091,1004,1046
406092,1006,1049
406093,1008,1051
406094,1008,1053
406095,1013,1057
406096,1012,1059
406097,1010,1058
406098,1006,1056
406099,1008,1052
406100,1011,1052
406101,1010,1046
406102,1009,1045
406103,1008,1045
406104,1008,1045
406105,1012,1049
406106,1014,1051
406107,1016,1048
406108,1016,1044
406109,1012,1041
406110,1012,1044
406111,1017,1049
406112,1021,1053
406113,1018,1052
406114,1020,1049
406115,1019,1046
406116,1019,1047
406117,1022,1046
406118,1024,1045
406119,1030,1039
406120,1036,1032
406121,1043,1027
406122,1055,1027
406123,1076,1027
406124,1101,1024
406125,1128,1013
406126,1161,999
406127,1196,986
406128,1230,982
406129,1264,989
406130,1296,1007
406131,1316,1032
406132,1316,1047
406133,1292,1053
406134,1249,1061
406135,1200,1068
406136,1149,1078
406137,1098,1084
406138,1048,1088
406139,1010,1087
406140,995,1081
406141,998,1080
406142,1009,1072
406143,1013,1062
406144,1011,1053
406145,1007,1051
406146,1003,1051
406147,1004,1054
406148,1005,1058
406149,1002,1052
406150,997,1050
406151,990,1046
406152,989,1046
406153,991,1049
406154,993,1051
406155,994,1050
406156,994,1047
406157,993,1047
406158,989,1045
406159,992,1050
406160,994,1052
406161,994,1049
406162,990,1046
406163,987,1044
406164,984,1047
406165,986,1048
406166,988,1051
406167,987,1047
406168,986,1044
406169,984,1042
406170,980,1042
406171,982,1044
406172,987,1047
406173,986,1047
406174,985,1046
406175,983,1043
406176,984,1044
406177,985,1047
406178,983,1050
406179,984,1048
406180,984,1046
406181,981,1043
406182,980,1043
406183,981,1045
406184,985,1049
406185,987,1046
406186,983,1045
406187,985,1040
406188,984,1041
406189,985,1043
406190,987,1042
406191,989,1043
406192,987,1040
406193,985,1036
406194,987,1040
406195,992,1043
406196,996,1044
406197,997,1041
406198,998,1035
406199,997,1030
406200,996,1031
406201,998,1031
406202,1003,1033
406203,1007,1030
406204,1006,1022
406205,1007,1020
406206,1003,1017
406207,1009,1020
406208,1012,1021
406209,1016,1020
406210,1014,1016
406211,1013,1014
406212,1017,1014
406213,1017,1019
406214,1020,1019
406215,1020,1015
406216,1020,1011
406217,1018,1009
406218,1017,1009
406219,1020,1010
406220,1021,1012
406221,1023,1009
406222,1023,1009
406223,1020,1008
406224,1026,1009
406225,1029,1011
406226,1030,1010
406227,1031,1011
406228,1032,1008
406229,1032,1005
406230,1029,1008
406231,1031,1008
406232,1035,1012
406233,1038,1012
406234,1036,1011
406235,1034,1010
406236,1032,1013
406237,1033,1017
406238,1035,1021
406239,1034,1022
406240,1032,1020
406241,1029,1021
406242,1025,1027
406243,1021,1036
406244,1026,1043
406245,1024,1043
406246,1019,1048
406247,1013,1051
406248,1011,1055
406249,1014,1051
406250,1018,1041
406251,1019,1029
406252,1019,1024
406253,1017,1025
406254,1014,1028
406255,1010,1033
406256,1016,1039
406257,1016,1038
406258,1014,1036
406259,1010,1039
406260,1004,1039
406261,1009,1044
406262,1010,1045
406263,1010,1047
406264,1007,1043
406265,1004,1041
406266,1005,1041
406267,1006,1044
406268,1006,1046
406269,1008,1045
406270,1008,1040
406271,1002,1040
406272,1000,1039
406273,1004,1042
406274,1006,1043
406275,1007,1041
406276,1002,1038
406277,1001,1033
406278,998,1034
406279,1004,1033
406280,1008,1035
406281,1007,1036
406282,1009,1035
406283,1002,1032
406284,1002,1032
406285,997,1037
406286,1000,1038
406287,1004,1037
406288,1004,1035
406289,1000,1034
406290,997,1031
406291,1003,1035
406292,1006,1037
406293,1005,1035
406294,1005,1031
406295,1002,1032
406296,1002,1034
406297,1001,1037
406298,1008,1040
406299,1006,1037
406300,1005,1037
406301,1002,1035
406302,1004,1034
406303,1005,1038
406304,1007,1043
406305,1005,1037
406306,1007,1034
406307,1003,1035
406308,1001,1036
406309,1003,1038
406310,1007,1042
406311,1005,1037
406312,1002,1034
406313,999,1034
406314,998,1035
406315,999,1040
406316,1003,1041
406317,1002,1040
406318,1001,1037
406319,995,1036
406320,995,1038
406321,996,1040
406322,997,1039
406323,995,1040
406324,992,1035
406325,992,1035
406326,986,1032
406327,992,1034
406328,992,1036
406329,994,1034
406330,994,1033
406331,988,1031
406332,989,1034
406333,989,1036
406334,992,1039
406335,995,1035
406336,993,1031
406337,991,1031
406338,990,1032
406339,993,1035
406340,996,1037
406341,993,1037
406342,993,1036
406343,991,1031
406344,992,1034
406345,994,1036
406346,998,1040
406347,998,1036
406348,995,1033
406349,992,1036
406350,993,1037
406351,995,1041
406352,999,1042
406353,1000,1039
406354,999,1036
406355,999,1036
406356,1001,1032
406357,1005,1034
406358,1014,1033
406359,1020,1028
406360,1028,1022
406361,1044,1018
406362,1064,1017
406363,1092,1013
406364,1128,1003
406365,1163,991
406366,1200,979
406367,1233,981
406368,1263,994
406369,1283,1022
406370,1283,1043
406371,1253,1053
406372,1204,1053
406373,1142,1060
406374,1079,1074
406375,1020,1088
406376,975,1096
406377,956,1097
406378,959,1086
406379,972,1069
406380,979,1056
406381,985,1049
406382,987,1047
406383,985,1038
406384,980,1035
406385,975,1032
406386,973,1030
406387,973,1035
406388,974,1035
406389,971,1036
406390,968,1030
406391,961,1032
406392,961,1034
406393,967,1033
406394,969,1037
406395,970,1034
406396,964,1033
406397,961,1031
406398,960,1035
406399,963,1038
406400,967,1039
406401,964,1039
406402,961,1038
406403,960,1036
406404,959,1036
406405,963,1041
406406,966,1041
406407,963,1039
406408,962,1037
406409,959,1036
406410,961,1041
406411,961,1038
406412,964,1040
406413,965,1037
406414,966,1032
406415,963,1031
406416,964,1031
406417,961,1031
406418,964,1032
406419,969,1029
406420,967,1025
406421,967,1022
406422,964,1025
406423,967,1027
406424,970,1024
406425,975,1022
406426,971,1017
406427,969,1014
406428,967,1015
406429,972,1016
406430,973,1017
406431,976,1014
406432,975,1011
406433,972,1004
406434,974,1005
406435,973,1004
406436,980,1006
406437,979,1003
406438,980,999
406439,978,994
406440,979,994
406441,983,995
406442,986,997
406443,986,995
406444,982,991
406445,980,989
406446,981,987
406447,984,989
406448,987,992
406449,992,992
406450,988,989
406451,985,985
406452,987,988
406453,988,990
406454,991,992
406455,994,992
406456,992,991
406457,989,988
406458,989,987
406459,993,988
406460,996,990
406461,995,989
406462,995,986
406463,993,985
406464,992,988
406465,991,989
406466,991,994
406467,994,994
406468,992,997
406469,991,995
406470,991,1002
406471,986,1008
406472,987,1010
406473,983,1013
406474,982,1013
406475,978,1011
406476,974,1015
406477,978,1018
406478,976,1023
406479,974,1023
406480,968,1023
406481,965,1025
406482,964,1027
406483,966,1028
406484,965,1034
406485,965,1037
406486,962,1031
406487,958,1031
406488,956,1035
406489,957,1039
406490,960,1043
406491,961,1044
406492,960,1042
406493,956,1039
406494,955,1042
406495,955,1046
406496,953,1047
406497,954,1044
406498,952,1043
406499,952,1040
406500,948,1041
406501,948,1042
406502,954,1046
406503,956,1043
406504,958,1039
406505,954,1037
406506,956,1039
406507,955,1039
406508,964,1039
406509,966,1038
406510,962,1034
406511,958,1032
406512,957,1031
406513,963,1033
406514,965,1036
406515,967,1033
406516,964,1032
406517,962,1027
406518,961,1030
406519,965,1031
406520,966,1032
406521,967,1030
406522,965,1027
406523,964,1025
406524,961,1028
406525,965,1028
406526,967,1032
406527,967,1029
406528,963,1028
406529,961,1025
406530,961,1026
406531,965,1031
406532,968,1037
406533,965,1033
406534,960,1035
406535,956,1033
406536,954,1034
406537,952,1040
406538,956,1043
406539,952,1044
406540,954,1042
406541,950,1039
406542,950,1039
406543,951,1042
406544,954,1043
406545,952,1039
406546,947,1036
406547,947,1032
406548,946,1033
406549,946,1034
406550,948,1035
406551,947,1033
406552,949,1027
406553,947,1027
406554,944,1026
406555,946,1029
406556,949,1032
406557,951,1031
406558,947,1028
406559,944,1028
406560,945,1027
406561,947,1030
406562,952,1033
406563,953,1030
406564,949,1028
406565,946,1024
406566,946,1027
406567,947,1028
406568,949,1031
406569,950,1030
406570,949,1026
406571,947,1025
406572,947,1027
406573,948,1029
406574,953,1031
406575,953,1028
406576,951,1028
406577,946,1024
406578,943,1024
406579,945,1029
406580,951,1031
406581,949,1032
406582,948,1032
406583,948,1030
406584,947,1032
406585,947,1035
406586,949,1039
406587,950,1039
406588,948,1038
406589,946,1038
406590,947,1036
406591,947,1040
406592,951,1042
406593,954,1038
406594,953,1034
406595,950,1031
406596,946,1030
406597,952,1031
406598,955,1034
406599,957,1030
406600,955,1027
406601,948,1022
406602,957,1019
406603,969,1016
406604,981,1015
406605,993,1011
406606,1007,1007
406607,1026,995
406608,1056,988
406609,1093,979
406610,1133,976
406611,1172,979
406612,1201,999
406613,1220,1027
406614,1224,1052
406615,1207,1061
406616,1169,1064
406617,1112,1067
406618,1052,1078
406619,990,1087
406620,945,1099
406621,922,1104
406622,928,1099
406623,937,1083
406624,942,1070
406625,940,1056
406626,942,1053
406627,945,1048
406628,946,1046
406629,945,1042
406630,939,1036
406631,938,1031
406632,932,1032
406633,934,1035
406634,937,1035
406635,936,1033
406636,933,1030
406637,929,1026
406638,926,1029
406639,930,1032
406640,932,1032
406641,931,1033
406642,925,1030
406643,924,1030
406644,922,1033
406645,926,1033
406646,927,1037
406647,927,1034
406648,928,1029
406649,923,1029
406650,927,1030
406651,927,1032
406652,928,1032
406653,929,1031
406654,928,1027
406655,924,1025
406656,927,1027
406657,926,1031
406658,930,1031
406659,926,1027
406660,926,1027
406661,925,1024
406662,924,1027
406663,927,1030
406664,928,1026
406665,926,1024
406666,927,1022
406667,924,1021
406668,923,1022
406669,925,1023
406670,928,1026
406671,933,1022
406672,930,1016
406673,926,1013
406674,928,1012
406675,933,1013
406676,934,1015
406677,938,1012
406678,938,1010
406679,935,1008
406680,935,1006
406681,939,1004
406682,944,1008
406683,949,1003
406684,950,998
406685,949,997
406686,948,996
406687,952,998
406688,959,998
406689,956,994
406690,952,988
406691,954,986
406692,958,989
406693,960,987
406694,963,992
406695,964,989
406696,964,986
406697,960,982
406698,963,984
406699,967,987
406700,966,990
406701,965,988
406702,966,983
406703,964,982
406704,965,983
406705,965,987
406706,970,991
406707,972,991
406708,969,988
406709,967,987
406710,965,992
406711,968,995
406712,968,1000
406713,971,1000
406714,969,1004
406715,965,1004
406716,961,1010
406717,963,1010
406718,963,1016
406719,966,1013
406720,963,1014
406721,962,1015
406722,959,1022
406723,959,1023
406724,957,1025
406725,961,1030
406726,958,1028
406727,954,1028
406728,950,1034
406729,950,1036
406730,953,1038
406731,950,1038
406732,950,1040
406733,948,1037
406734,948,1039
406735,948,1042
406736,954,1045
406737,953,1045
406738,952,1043
406739,949,1041
406740,949,1044
406741,953,1045
406742,957,1046
406743,957,1045
406744,957,1044
406745,956,1042
406746,954,1042
406747,958,1046
406748,961,1048
406749,961,1045
406750,960,1042
406751,960,1039
406752,961,1042
406753,968,1040
406754,973,1040
406755,975,1038
406756,978,1039
406757,982,1040
406758,986,1043
406759,990,1047
406760,995,1048
406761,1002,1043
406762,1008,1030
406763,1018,1016
406764,1034,1001
406765,1048,990
406766,1060,979
406767,1076,963
406768,1088,949
406769,1101,936
406770,1116,922
406771,1137,906
406772,1156,886
406773,1171,866
406774,1184,845
406775,1195,831
406776,1204,822
406777,1215,814
406778,1217,815
406779,1219,818
406780,1213,817
406781,1211,816
406782,1208,815
406783,1199,817
406784,1188,822
406785,1176,827
406786,1156,830
406787,1132,839
406788,1114,848
406789,1095,863
406790,1083,880
406791,1064,890
406792,1054,901
406793,1044,914
406794,1037,931
406795,1038,947
406796,1039,960
406797,1031,970
406798,1027,978
406799,1030,983
406800,1040,992
406801,1052,996
406802,1065,999
406803,1069,999
406804,1055,996
406805,1026,1002
406806,988,1012
406807,954,1025
406808,932,1039
406809,919,1050
406810,909,1061
406811,901,1069
406812,896,1076
406813,892,1081
406814,891,1089
406815,886,1091
406816,877,1090
406817,872,1089
406818,871,1094
406819,871,1100
406820,872,1101
406821,870,1106
406822,870,1104
406823,864,1104
406824,862,1107
406825,862,1108
406826,864,1116
406827,861,1119
406828,860,1117
406829,856,1115
406830,855,1119
406831,853,1125
406832,855,1128
406833,856,1128
406834,851,1126
406835,845,1124
406836,844,1129
406837,845,1133
406838,846,1138
406839,848,1138
406840,845,1139
406841,839,1143
406842,838,1148
406843,839,1154
406844,839,1160
406845,839,1161
406846,836,1162
406847,833,1163
406848,830,1165
406849,832,1171
406850,834,1176
406851,834,1175
406852,834,1172
406853,827,1174
406854,828,1177
406855,832,1180
406856,837,1183
406857,839,1188
406858,839,1189
406859,836,1191
406860,836,1193
406861,840,1197
406862,844,1200
406863,848,1198
406864,848,1193
406865,848,1193
406866,852,1190
406867,861,1192
406868,868,1191
406869,869,1185
406870,875,1180
406871,876,1174
406872,879,1171
406873,884,1170
406874,893,1166
406875,892,1158
406876,902,1151
406877,903,1144
406878,908,1139
406879,915,1137
406880,922,1133
406881,924,1129
406882,924,1119
406883,926,1111
406884,927,1106
406885,932,1104
406886,938,1099
406887,937,1095
406888,937,1087
406889,934,1083
406890,933,1078
406891,938,1080
406892,940,1077
406893,939,1072
406894,939,1067
406895,935,1061
406896,935,1062
406897,937,1062
406898,939,1060
406899,938,1053
406900,935,1052
406901,929,1048
406902,931,1050
406903,932,1049
406904,938,1051
406905,937,1047
406906,935,1044
406907,936,1042
406908,936,1045
406909,937,1048
406910,939,1049
406911,940,1048
406912,936,1044
406913,936,1044
406914,934,1046
406915,934,1048
406916,936,1048
406917,938,1047
406918,936,1046
406919,936,1045
406920,935,1044
406921,938,1043
406922,937,1047
406923,940,1045
406924,941,1043
406925,937,1039
406926,937,1042
406927,943,1044
406928,943,1047
406929,942,1044
406930,940,1041
406931,937,1041
406932,940,1039
406933,939,1041
406934,941,1043
406935,946,1041
406936,945,1038
406937,944,1036
406938,944,1036
406939,947,1039
406940,950,1040
406941,949,1037
406942,951,1036
406943,948,1033
406944,947,1035
406945,946,1037
406946,949,1039
406947,952,1040
406948,951,1037
406949,947,1034
406950,946,1038
406951,947,1040
406952,949,1043
406953,947,1042
406954,941,1041
406955,942,1042
406956,943,1046
406957,947,1045
406958,949,1047
406959,948,1044
406960,945,1040
406961,942,1039
406962,942,1039
406963,941,1042
406964,946,1043
406965,947,1042
406966,944,1039
406967,942,1036
406968,942,1036
406969,943,1038
406970,948,1040
406971,946,1040
406972,944,1038
406973,941,1037
406974,942,1038
406975,942,1044
406976,946,1042
406977,948,1040
406978,949,1038
406979,947,1035
406980,946,1037
406981,946,1040
406982,949,1040
406983,945,1042
406984,945,1039
406985,946,1036
406986,945,1036
406987,946,1038
406988,948,1039
406989,952,1042
406990,946,1039
406991,944,1039
406992,946,1040
406993,948,1042
406994,950,1042
406995,950,1040
406996,952,1036
406997,948,1037
406998,948,1038
406999,949,1042
407000,952,1043
407001,949,1040
407002,946,1040
407003,948,1035
407004,945,1035
407005,949,1038
407006,953,1041
407007,952,1036
407008,951,1034
407009,950,1034
407010,950,1035
407011,950,1038
407012,955,1040
407013,953,1039
407014,954,1036
407015,948,1033
407016,949,1037
407017,952,1040
407018,954,1039
407019,953,1037
407020,949,1038
407021,946,1034
407022,943,1037
407023,946,1042
407024,951,1044
407025,952,1041
407026,950,1037
407027,949,1036
407028,950,1039
407029,952,1038
407030,953,1040
407031,953,1039
407032,950,1039
407033,951,1039
407034,950,1039
407035,954,1041
407036,955,1041
407037,957,1040
407038,955,1036
407039,952,1036
407040,950,1039
407041,950,1044
407042,954,1043
407043,953,1041
407044,951,1040
407045,954,1040
407046,951,1041
407047,956,1042
407048,957,1041
407049,956,1037
407050,956,1038
407051,952,1034
407052,951,1036
407053,954,1039
407054,958,1038
407055,960,1038
407056,960,1035
407057,958,1034
407058,957,1035
407059,959,1036
407060,961,1037
407061,961,1038
407062,961,1036
407063,959,1032
407064,958,1033
407065,959,1036
407066,962,1039
407067,964,1036
407068,960,1036
407069,958,1033
407070,956,1034
407071,960,1037
407072,960,1039
407073,962,1037
407074,957,1035
407075,956,1034
407076,955,1037
407077,959,1039
407078,962,1040
407079,963,1038
407080,957,1037
407081,953,1036
407082,954,1038
407083,955,1041
407084,960,1043
407085,957,1043
407086,958,1041
407087,955,1041
407088,954,1041
407089,959,1042
407090,961,1046
407091,961,1042
407092,958,1040
407093,955,1035
407094,956,1035
407095,963,1038
407096,964,1038
407097,965,1039
407098,959,1035
407099,957,1034
407100,956,1035
407101,960,1037
407102,962,1039
407103,960,1035
407104,959,1034
407105,962,1031
407106,960,1035
407107,961,1038
407108,966,1036
407109,965,1038
407110,965,1035
407111,963,1034
407112,962,1035
407113,964,1035
407114,964,1038
407115,965,1039
407116,964,1036
407117,962,1033
407118,958,1034
407119,965,1036
407120,968,1037
407121,971,1036
407122,967,1033
407123,964,1034
407124,961,1036
407125,964,1040
407126,968,1039
407127,967,1039
407128,968,1036
407129,964,1034
407130,964,1037
407131,967,1039
407132,969,1041
407133,969,1038
407134,967,1036
407135,964,1035
407136,965,1037
407137,966,1037
407138,971,1039
407139,972,1037
407140,969,1035
407141,965,1034
407142,966,1034
407143,969,1036
407144,967,1039
407145,968,1035
407146,968,1034
407147,966,1034
407148,965,1035
407149,966,1035
407150,971,1037
407151,971,1034
407152,969,1035
407153,965,1033
407154,964,1033
407155,967,1036
407156,970,1037
407157,970,1037
407158,970,1033
407159,969,1033
407160,970,1036
407161,973,1040
407162,976,1041
407163,976,1041
407164,971,1036
407165,968,1036
407166,971,1038
407167,976,1040
407168,979,1041
407169,981,1037
407170,980,1036
407171,975,1034
407172,979,1035
407173,983,1033
407174,989,1032
407175,993,1025
407176,998,1021
407177,1009,1017
407178,1025,1016
407179,1043,1016
407180,1068,1012
407181,1093,1001
407182,1116,987
407183,1139,975
407184,1165,976
407185,1192,976
407186,1219,984
407187,1242,998
407188,1248,1016
407189,1236,1032
407190,1205,1040
407191,1162,1047
407192,1119,1053
407193,1074,1059
407194,1028,1064
407195,991,1067
407196,969,1068
407197,966,1066
407198,972,1061
407199,976,1048
407200,976,1039
407201,972,1034
407202,968,1035
407203,966,1037
407204,961,1040
407205,964,1040
407206,959,1037
407207,955,1036
407208,956,1038
407209,956,1037
407210,959,1039
407211,954,1040
407212,951,1037
407213,948,1035
407214,945,1039
407215,947,1042
407216,952,1040
407217,951,1042
407218,949,1038
407219,946,1035
407220,946,1036
407221,945,1040
407222,954,1042
407223,952,1040
407224,950,1038
407225,949,1035
407226,949,1038
407227,951,1041
407228,955,1042
407229,956,1039
407230,951,1038
407231,954,1034
407232,951,1037
407233,952,1035
407234,955,1039
407235,952,1036
407236,950,1035
407237,951,1036
407238,950,1034
407239,951,1039
407240,952,1041
407241,949,1039
407242,950,1036
407243,949,1036
407244,951,1037
407245,951,1036
407246,950,1038
407247,949,1037
407248,949,1033
407249,946,1030
407250,946,1032
407251,948,1031
407252,952,1034
407253,955,1030
407254,957,1028
407255,952,1026
407256,954,1026
407257,957,1027
407258,957,1027
407259,958,1024
407260,959,1022
407261,957,1019
407262,957,1019
407263,961,1021
407264,964,1020
407265,967,1017
407266,966,1014
407267,961,1011
407268,962,1011
407269,963,1014
407270,968,1015
407271,971,1013
407272,973,1011
407273,973,1008
407274,975,1008
407275,974,1008
407276,981,1012
407277,979,1005
407278,978,1004
407279,980,1000
407280,982,1002
407281,984,1004
407282,989,1007
407283,988,1004
407284,985,1002
407285,984,997
407286,986,999
407287,992,1002
407288,994,1002
407289,994,1003
407290,997,998
407291,993,998
407292,994,1000
407293,996,1000
407294,998,1003
407295,1000,1001
407296,998,998
407297,995,999
407298,997,1000
407299,1001,1005
407300,1002,1006
407301,1002,1006
407302,997,1006
407303,996,1005
407304,995,1009
407305,993,1013
407306,995,1015
407307,992,1015
407308,989,1014
407309,987,1015
407310,986,1020
407311,985,1021
407312,985,1023
407313,984,1025
407314,982,1022
407315,980,1024
407316,980,1025
407317,983,1025
407318,981,1031
407319,978,1031
407320,975,1031
407321,973,1031
407322,973,1034
407323,969,1035
407324,975,1038
407325,976,1037
407326,974,1035
407327,968,1035
407328,970,1037
407329,974,1038
407330,977,1039
407331,975,1037
407332,975,1034
407333,970,1035
407334,966,1036
407335,970,1039
407336,971,1040
407337,972,1039
407338,970,1038
407339,968,1036
407340,968,1038
407341,966,1038
407342,972,1040
407343,975,1039
407344,974,1034
407345,970,1033
407346,971,1034
407347,972,1038
407348,971,1038
407349,975,1037
407350,973,1033
407351,966,1029
407352,968,1033
407353,971,1034
407354,973,1036
407355,971,1037
407356,968,1035
407357,964,1030
407358,964,1032
407359,966,1033
407360,968,1035
407361,968,1033
407362,965,1034
407363,964,1030
407364,966,1029
407365,968,1031
407366,972,1032
407367,968,1030
407368,970,1030
407369,969,1027
407370,969,1028
407371,973,1027
407372,971,1031
407373,972,1030
407374,967,1027
407375,968,1028
407376,966,1026
407377,969,1030
407378,973,1033
407379,973,1032
407380,971,1031
407381,970,1029
407382,968,1030
407383,971,1032
407384,976,1034
407385,976,1034
407386,972,1031
407387,971,1029
407388,967,1033
407389,972,1035
407390,974,1036
407391,973,1035
407392,969,1032
407393,965,1032
407394,964,1034
407395,966,1036
407396,966,1037
407397,970,1034
407398,966,1031
407399,963,1033
407400,958,1032
407401,965,1036
407402,966,1038
407403,966,1037
407404,965,1034
407405,962,1032
407406,959,1032
407407,963,1035
407408,965,1037
407409,965,1034
407410,961,1031
407411,959,1034
407412,959,1034
407413,965,1036
407414,967,1041
407415,968,1037
407416,964,1035
407417,961,1033
407418,964,1033
407419,963,1037
407420,968,1036
407421,969,1034
407422,970,1031
407423,967,1030
407424,969,1034
407425,972,1035
407426,973,1035
407427,974,1034
407428,972,1034
407429,970,1034
407430,971,1034
407431,971,1034
407432,974,1037
407433,976,1036
407434,972,1034
407435,967,1033
407436,967,1034
407437,966,1039
407438,970,1042
407439,973,1037
407440,972,1039
407441,967,1036
407442,969,1043
407443,972,1046
407444,973,1047
407445,972,1048
407446,970,1044
407447,967,1044
407448,969,1045
407449,970,1046
407450,974,1047
407451,974,1045
407452,971,1042
407453,969,1040
407454,969,1042
407455,972,1044
407456,974,1046
407457,973,1043
407458,970,1041
407459,969,1040
407460,970,1041
407461,974,1044
407462,979,1045
407463,981,1039
407464,979,1035
407465,978,1032
407466,982,1031
407467,991,1033
407468,999,1029
407469,1014,1027
407470,1022,1022
407471,1035,1017
407472,1058,1015
407473,1088,1008
407474,1118,998
407475,1150,986
407476,1175,982
407477,1202,986
407478,1228,998
407479,1249,1023
407480,1257,1049
407481,1243,1059
407482,1210,1063
407483,1163,1063
407484,1110,1073
407485,1057,1089
407486,1009,1101
407487,968,1104
407488,950,1101
407489,952,1089
407490,959,1078
407491,967,1066
407492,973,1059
407493,972,1049
407494,970,1044
407495,965,1042
407496,957,1042
407497,957,1042
407498,958,1043
407499,956,1042
407500,956,1040
407501,951,1040
407502,951,1039
407503,953,1041
407504,954,1043
407505,953,1042
407506,952,1038
407507,945,1038
407508,946,1039
407509,948,1039
407510,951,1042
407511,950,1039
407512,948,1039
407513,950,1035
407514,949,1039
407515,953,1040
407516,957,1041
407517,956,1039
407518,956,1037
407519,954,1039
407520,954,1038
407521,955,1040
407522,961,1040
407523,961,1039
407524,960,1037
407525,958,1036
407526,957,1038
407527,960,1040
407528,964,1042
407529,960,1041
407530,960,1039
407531,957,1036
407532,957,1039
407533,959,1043
407534,963,1041
407535,963,1038
407536,963,1037
407537,962,1033
407538,959,1034
407539,961,1037
407540,963,1037
407541,964,1035
407542,964,1030
407543,960,1032
407544,961,1031
407545,963,1033
407546,967,1032
407547,965,1031
407548,963,1026
407549,962,1024
407550,962,1024
407551,963,1025
407552,970,1024
407553,972,1021
407554,969,1018
407555,969,1015
407556,968,1015
407557,970,1016
407558,972,1017
407559,973,1015
407560,971,1011
407561,971,1009
407562,973,1008
407563,977,1009
407564,981,1008
407565,981,1007
407566,981,1002
407567,979,1000
407568,977,998
407569,981,1001
407570,984,1000
407571,985,1000
407572,984,996
407573,983,995
407574,984,996
407575,988,999
407576,993,1000
407577,992,1000
407578,991,997
407579,988,999
407580,991,1002
407581,992,1005
407582,994,1009
407583,998,1008
407584,997,1005
407585,995,1008
407586,994,1010
407587,996,1016
407588,996,1018
407589,995,1016
407590,994,1019
407591,989,1018
407592,987,1022
407593,988,1026
407594,990,1028
407595,989,1030
407596,984,1031
407597,982,1031
407598,979,1036
407599,975,1041
407600,979,1041
407601,978,1042
407602,975,1043
407603,973,1043
407604,970,1046
407605,974,1049
407606,974,1053
407607,975,1052
407608,973,1049
407609,967,1049
407610,968,1051
407611,967,1055
407612,966,1055
407613,971,1054
407614,968,1052
407615,967,1052
407616,969,1058
407617,970,1059
407618,972,1059
407619,972,1056
407620,970,1056
407621,967,1052
407622,967,1053
407623,968,1055
407624,975,1054
407625,973,1053
407626,973,1046
407627,970,1048
407628,971,1052
407629,975,1048
407630,978,1050
407631,979,1048
407632,977,1042
407633,976,1042
407634,976,1043
407635,976,1046
407636,982,1044
407637,982,1046
407638,980,1043
407639,978,1041
407640,978,1040
407641,979,1044
407642,981,1045
407643,980,1045
407644,975,1045
407645,974,1043
407646,973,1045
407647,979,1048
407648,977,1049
407649,978,1047
407650,977,1047
407651,974,1044
407652,972,1044
407653,973,1046
407654,977,1048
407655,979,1047
407656,978,1046
407657,976,1044
407658,974,1049
407659,977,1050
407660,980,1052
407661,974,1052
407662,971,1050
407663,971,1050
407664,972,1054
407665,971,1056
407666,977,1054
407667,979,1053
407668,976,1052
407669,973,1049
407670,973,1049
407671,974,1055
407672,976,1056
407673,976,1054
407674,974,1051
407675,973,1051
407676,975,1051
407677,977,1052
407678,979,1053
407679,978,1051
407680,978,1049
407681,974,1047
407682,974,1049
407683,974,1052
407684,976,1052
407685,979,1051
407686,974,1049
407687,972,1045
407688,973,1044
407689,974,1048
407690,975,1048
407691,978,1046
407692,973,1042
407693,971,1039
407694,969,1044
407695,972,1045
407696,975,1049
407697,978,1046
407698,975,1042
407699,971,1042
407700,971,1045
407701,974,1047
407702,977,1049
407703,974,1047
407704,972,1045
407705,969,1042
407706,971,1047
407707,973,1048
407708,976,1054
407709,978,1051
407710,978,1049
407711,974,1051
407712,974,1051
407713,975,1054
407714,980,1057
407715,979,1054
407716,976,1052
407717,975,1051
407718,974,1052
407719,977,1055
407720,979,1057
407721,979,1054
407722,978,1052
407723,974,1047
407724,971,1050
407725,971,1051
407726,978,1054
407727,977,1051
407728,978,1050
407729,975,1050
407730,976,1049
407731,977,1052
407732,979,1054
407733,979,1054
407734,974,1050
407735,971,1048
407736,973,1051
407737,977,1049
407738,979,1051
407739,979,1048
407740,978,1046
407741,976,1042
407742,970,1048
407743,974,1049
407744,977,1050
407745,976,1051
407746,974,1046
407747,975,1045
407748,974,1046
407749,976,1048
407750,980,1051
407751,979,1048
407752,978,1045
407753,975,1045
407754,976,1044
407755,975,1048
407756,980,1051
407757,980,1050
407758,979,1048
407759,978,1048
407760,978,1049
407761,981,1052
407762,983,1053
407763,979,1054
407764,979,1052
407765,974,1051
407766,976,1052
407767,979,1056
407768,983,1055
407769,982,1051
407770,979,1048
407771,979,1047
407772,981,1047
407773,983,1049
407774,984,1049
407775,982,1047
407776,979,1046
407777,979,1042
407778,977,1045
407779,980,1049
407780,983,1049
407781,983,1050
407782,980,1045
407783,982,1045
407784,978,1048
407785,981,1050
407786,985,1049
407787,984,1047
407788,983,1045
407789,981,1046
407790,982,1047
407791,984,1050
407792,985,1051
407793,982,1048
407794,981,1043
407795,979,1047
407796,979,1048
407797,978,1049
407798,985,1050
407799,986,1050
407800,986,1045
407801,981,1047
407802,983,1050
407803,984,1051
407804,987,1052
407805,985,1050
407806,984,1048
407807,981,1048
407808,981,1049
407809,985,1051
407810,986,1053
407811,987,1053
407812,986,1049
407813,983,1050
407814,984,1052
407815,988,1053
407816,987,1055
407817,987,1053
407818,987,1051
407819,985,1049
407820,985,1050
407821,990,1052
407822,992,1050
407823,990,1051
407824,988,1050
407825,985,1047
407826,984,1049
407827,985,1051
407828,992,1051
407829,991,1047
407830,988,1048
407831,988,1045
407832,985,1043
407833,990,1048
407834,992,1048
407835,991,1047
407836,988,1044
407837,983,1044
407838,986,1046
407839,988,1050
407840,991,1051
407841,990,1048
407842,987,1047
407843,986,1045
407844,987,1048
407845,985,1050
407846,988,1049
407847,988,1048
407848,985,1046
407849,984,1045
407850,982,1048
407851,984,1050
407852,987,1050
407853,989,1052
407854,985,1050
407855,984,1047
407856,984,1050
407857,985,1053
407858,992,1052
407859,992,1051
407860,987,1048
407861,984,1047
407862,984,1047
407863,988,1052
407864,989,1053
407865,991,1051
407866,991,1047
407867,988,1048
407868,989,1051
407869,993,1052
407870,994,1054
407871,993,1052
407872,995,1046
407873,994,1048
407874,993,1048
407875,995,1048
407876,996,1050
407877,996,1047
407878,994,1045
407879,992,1045
407880,994,1045
407881,998,1046
407882,999,1047
407883,995,1045
407884,995,1043
407885,993,1046
407886,991,1047
407887,990,1052
407888,993,1053
407889,993,1051
407890,991,1044
407891,991,1045
407892,992,1046
407893,993,1045
407894,998,1049
407895,996,1045
407896,994,1043
407897,993,1045
407898,992,1049
407899,994,1052
407900,997,1053
407901,996,1053
407902,995,1051
407903,993,1051
407904,996,1050
407905,998,1052
407906,999,1052
407907,997,1053
407908,993,1048
407909,993,1049
407910,994,1051
407911,999,1054
407912,1005,1050
407913,1007,1046
407914,1012,1038
407915,1017,1036
407916,1030,1034
407917,1045,1033
407918,1066,1031
407919,1084,1024
407920,1111,1012
407921,1142,1001
407922,1177,989
407923,1208,987
407924,1244,990
407925,1274,1001
407926,1283,1021
407927,1272,1039
407928,1236,1051
407929,1190,1058
407930,1144,1063
407931,1093,1068
407932,1046,1072
407933,1009,1074
407934,988,1076
407935,989,1073
407936,999,1069
407937,1005,1059
407938,1004,1048
407939,999,1047
407940,994,1047
407941,991,1051
407942,995,1052
407943,993,1050
407944,987,1049
407945,984,1048
407946,983,1052
407947,983,1055
407948,982,1055
407949,984,1055
407950,980,1055
407951,979,1050
407952,974,1055
407953,975,1057
407954,978,1057
407955,975,1053
407956,975,1051
407957,969,1049
407958,970,1052
407959,968,1055
407960,977,1055
407961,974,1056
407962,973,1051
407963,971,1050
407964,970,1053
407965,970,1053
407966,972,1054
407967,972,1055
407968,969,1050
407969,966,1048
407970,966,1051
407971,966,1051
407972,969,1051
407973,971,1050
407974,971,1046
407975,966,1046
407976,968,1048
407977,971,1051
407978,974,1051
407979,972,1049
407980,974,1045
407981,969,1043
407982,967,1048
407983,972,1045
407984,979,1048
407985,979,1045
407986,975,1042
407987,973,1039
407988,973,1044
407989,978,1044
407990,979,1046
407991,983,1044
407992,982,1042
407993,982,1040
407994,982,1040
407995,985,1045
407996,988,1043
407997,989,1040
407998,987,1034
407999,989,1028
408000,992,1032
408001,997,1032
408002,1001,1032
408003,1002,1028
408004,1001,1025
408005,1000,1023
408006,1004,1022
408007,1005,1023
408008,1008,1021
408009,1005,1019
408010,1001,1014
408011,1002,1012
408012,1003,1014
408013,1006,1016
408014,1007,1016
408015,1005,1015
408016,1002,1013
408017,998,1009
408018,1001,1011
408019,1005,1016
408020,1010,1013
408021,1008,1013
408022,1008,1009
408023,1006,1010
408024,1006,1014
408025,1009,1016
408026,1014,1018
408027,1015,1019
408028,1014,1016
408029,1013,1020
408030,1015,1020
408031,1019,1026
408032,1017,1028
408033,1016,1030
408034,1012,1029
408035,1012,1029
408036,1013,1034
408037,1012,1040
408038,1015,1042
408039,1012,1041
408040,1008,1041
408041,1003,1041
408042,999,1043
408043,1002,1044
408044,1001,1048
408045,1001,1046
408046,995,1046
408047,997,1045
408048,994,1047
408049,994,1051
408050,995,1050
408051,992,1047
408052,990,1048
408053,991,1048
408054,991,1051
408055,992,1052
408056,992,1052
408057,992,1052
408058,988,1048
408059,986,1049
408060,987,1050
408061,987,1052
408062,988,1053
408063,987,1050
408064,986,1048
408065,982,1048
408066,982,1050
408067,981,1054
408068,986,1056
408069,985,1054
408070,983,1049
408071,985,1049
408072,982,1052
408073,987,1053
408074,988,1054
408075,992,1053
408076,990,1048
408077,987,1048
408078,985,1050
408079,987,1053
408080,991,1054
408081,991,1052
408082,990,1050
408083,991,1048
408084,993,1048
408085,992,1051
408086,992,1051
408087,992,1050
408088,988,1047
408089,987,1048
408090,990,1047
408091,992,1049
408092,997,1049
408093,995,1047
408094,995,1044
408095,991,1043
408096,993,1045
408097,997,1046
408098,999,1049
408099,999,1047
408100,995,1044
408101,992,1043
408102,990,1046
408103,992,1050
408104,994,1050
408105,997,1048
408106,994,1046
408107,991,1043
408108,989,1048
408109,992,1049
408110,991,1052
408111,989,1048
408112,986,1047
408113,986,1046
408114,984,1051
408115,986,1055
408116,991,1056
408117,990,1055
408118,986,1049
408119,981,1047
408120,981,1047
408121,983,1051
408122,983,1050
408123,982,1050
408124,979,1049
408125,978,1046
408126,979,1046
408127,984,1052
408128,989,1050
408129,990,1047
408130,987,1042
408131,985,1044
408132,984,1047
408133,988,1048
408134,994,1051
408135,995,1049
408136,995,1045
408137,989,1044
408138,987,1044
408139,984,1048
408140,989,1049
408141,988,1046
408142,985,1044
408143,982,1042
408144,986,1047
408145,993,1051
408146,995,1050
408147,990,1048
408148,986,1048
408149,984,1047
408150,987,1049
408151,994,1049
408152,996,1053
408153,992,1050
408154,992,1050
408155,986,1051
408156,987,1050
408157,988,1055
408158,993,1053
408159,989,1053
408160,987,1047
408161,986,1049
408162,984,1051
408163,989,1054
408164,991,1057
408165,989,1055
408166,987,1052
408167,982,1051
408168,980,1053
408169,986,1052
408170,990,1052
408171,988,1048
408172,985,1046
408173,983,1047
408174,985,1045
408175,987,1045
408176,988,1046
408177,989,1047
408178,989,1043
408179,989,1040
408180,989,1042
408181,987,1046
408182,989,1045
408183,990,1044
408184,988,1042
408185,987,1042
408186,986,1047
408187,985,1050
408188,989,1048
408189,988,1050
408190,987,1045
408191,985,1046
408192,988,1048
408193,992,1051
408194,993,1051
408195,992,1048
408196,990,1047
408197,986,1048
408198,989,1049
408199,990,1053
408200,995,1051
408201,996,1051
408202,993,1051
408203,988,1052
408204,987,1055
408205,994,1057
408206,996,1059
408207,993,1055
408208,991,1052
408209,990,1053
408210,991,1056
408211,995,1060
408212,998,1059
408213,999,1055
408214,995,1048
408215,991,1046
408216,990,1047
408217,996,1049
408218,1001,1048
408219,999,1044
408220,994,1043
408221,990,1043
408222,992,1045
408223,997,1045
408224,997,1043
408225,994,1042
408226,989,1041
408227,987,1039
408228,989,1042
408229,994,1041
408230,997,1042
408231,995,1041
408232,992,1038
408233,988,1036
408234,987,1040
408235,988,1044
408236,993,1044
408237,993,1041
408238,992,1040
408239,993,1040
408240,992,1041
408241,994,1047
408242,994,1047
408243,993,1046
408244,990,1047
408245,987,1046
408246,987,1046
408247,988,1050
408248,992,1052
408249,995,1050
408250,989,1047
408251,987,1049
408252,987,1051
408253,991,1056
408254,993,1054
408255,992,1052
408256,986,1051
408257,988,1052
408258,989,1054
408259,991,1058
408260,997,1053
408261,996,1052
408262,992,1049
408263,991,1047
408264,990,1049
408265,994,1046
408266,996,1048
408267,994,1044
408268,992,1042
408269,990,1041
408270,990,1041
408271,993,1043
408272,996,1045
408273,994,1042
408274,996,1040
408275,993,1039
408276,995,1040
408277,995,1042
408278,999,1039
408279,999,1039
408280,994,1037
408281,997,1038
408282,998,1041
408283,998,1041
408284,994,1043
408285,997,1043
408286,995,1040
408287,994,1043
408288,996,1044
408289,995,1048
408290,999,1047
408291,1001,1045
408292,999,1044
408293,996,1042
408294,999,1045
408295,998,1048
408296,1002,1049
408297,999,1046
408298,996,1045
408299,998,1046
408300,999,1048
408301,1000,1051
408302,997,1052
408303,1000,1047
408304,997,1045
408305,990,1045
408306,998,1050
408307,999,1052
408308,1003,1048
408309,1007,1050
408310,1002,1047
408311,1000,1046
408312,1000,1048
408313,1003,1048
408314,1008,1047
408315,1008,1045
408316,1006,1043
408317,1003,1045
408318,1004,1046
408319,1008,1047
408320,1010,1044
408321,1007,1044
408322,1003,1040
408323,1003,1042
408324,1008,1042
408325,1008,1046
408326,1014,1046
408327,1012,1042
408328,1010,1042
408329,1007,1043
408330,1007,1046
408331,1010,1045
408332,1013,1046
408333,1013,1044
408334,1012,1044
408335,1008,1041
408336,1012,1044
408337,1012,1046
408338,1014,1047
408339,1014,1046
408340,1010,1042
408341,1009,1042
408342,1011,1046
408343,1015,1046
408344,1021,1045
408345,1020,1045
408346,1020,1037
408347,1022,1035
408348,1033,1034
408349,1044,1037
408350,1061,1035
408351,1082,1031
408352,1106,1026
408353,1133,1019
408354,1171,1009
408355,1209,1003
408356,1249,1005
408357,1283,1009
408358,1306,1020
408359,1312,1040
408360,1293,1056
408361,1252,1061
408362,1198,1065
408363,1139,1072
408364,1078,1080
408365,1021,1085
408366,992,1088
408367,988,1088
408368,998,1075
408369,1006,1061
408370,1007,1055
408371,1005,1049
408372,1004,1046
408373,1007,1050
408374,1005,1047
408375,1005,1047
408376,993,1042
408377,991,1043
408378,995,1046
408379,994,1047
408380,996,1046
408381,996,1045
408382,992,1042
408383,990,1042
408384,991,1044
408385,994,1046
408386,996,1048
408387,993,1047
408388,990,1044
408389,986,1047
408390,987,1049
408391,990,1050
408392,995,1051
408393,994,1050
408394,989,1050
408395,988,1051
408396,986,1054
408397,989,1057
408398,991,1057
408399,988,1057
408400,987,1053
408401,983,1052
408402,983,1054
408403,987,1057
408404,991,1055
408405,990,1052
408406,987,1050
408407,983,1049
408408,983,1052
408409,984,1054
408410,985,1052
408411,986,1051
408412,986,1047
408413,985,1048
408414,984,1047
408415,987,1048
408416,986,1047
408417,988,1045
408418,985,1043
408419,982,1042
408420,986,1041
408421,989,1041
408422,995,1042
408423,994,1038
408424,993,1036
408425,992,1036
408426,993,1036
408427,997,1038
408428,1003,1035
408429,1004,1033
408430,1003,1027
408431,1002,1026
408432,1004,1028
408433,1007,1028
408434,1013,1028
408435,1010,1025
408436,1009,1022
408437,1006,1023
408438,1012,1027
408439,1019,1027
408440,1022,1027
408441,1026,1024
408442,1022,1023
408443,1022,1024
408444,1021,1024
408445,1022,1025
408446,1025,1023
408447,1023,1020
408448,1022,1016
408449,1019,1018
408450,1023,1019
408451,1024,1022
408452,1027,1020
408453,1026,1019
408454,1023,1018
408455,1020,1017
408456,1019,1018
408457,1024,1020
408458,1026,1020
408459,1025,1020
408460,1021,1020
408461,1017,1021
408462,1017,1021
408463,1019,1024
408464,1022,1023
408465,1019,1023
408466,1020,1022
408467,1014,1022
408468,1014,1027
408469,1015,1029
408470,1015,1031
408471,1015,1034
408472,1009,1033
408473,1004,1036
408474,1001,1041
408475,1000,1044
408476,1004,1048
408477,1004,1045
408478,999,1043
408479,996,1045
408480,1000,1049
408481,1000,1052
408482,1002,1054
408483,999,1053
408484,995,1053
408485,992,1056
408486,992,1058
408487,994,1061
408488,995,1061
408489,996,1057
408490,994,1057
408491,989,1057
408492,988,1057
408493,993,1063
408494,992,1062
408495,993,1061
408496,989,1058
408497,986,1056
408498,988,1059
408499,990,1061
408500,996,1064
408501,997,1060
408502,995,1058
408503,989,1059
408504,989,1059
408505,993,1064
408506,999,1063
408507,998,1059
408508,997,1059
408509,993,1056
408510,992,1058
408511,996,1057
408512,997,1060
408513,996,1057
408514,995,1053
408515,991,1056
408516,992,1056
408517,994,1056
408518,998,1056
408519,997,1055
408520,996,1050
408521,994,1051
408522,992,1050
408523,997,1050
408524,1000,1052
408525,1000,1049
408526,998,1048
408527,998,1049
408528,1001,1049
408529,1002,1051
408530,1004,1051
408531,1006,1051
408532,1000,1047
408533,1002,1049
408534,998,1051
408535,1001,1052
408536,1004,1052
408537,1002,1053
408538,999,1051
408539,997,1051
408540,997,1054
408541,998,1055
408542,997,1053
408543,997,1052
408544,995,1048
408545,994,1047
408546,995,1049
408547,996,1049
408548,999,1052
408549,999,1048
408550,997,1049
408551,994,1049
408552,995,1051
408553,997,1055
408554,999,1055
408555,996,1053
408556,993,1052
408557,990,1051
408558,993,1051
408559,995,1055
408560,998,1054
408561,996,1052
408562,993,1051
408563,989,1047
408564,989,1049
408565,990,1053
408566,994,1051
408567,994,1052
408568,991,1050
408569,988,1050
408570,986,1051
408571,993,1053
408572,995,1054
408573,992,1051
408574,990,1049
408575,989,1048
408576,990,1051
408577,994,1054
408578,995,1054
408579,993,1052
408580,993,1051
408581,989,1049
408582,989,1055
408583,990,1057
408584,995,1057
408585,997,1055
408586,995,1054
408587,994,1053
408588,995,1055
408589,996,1055
408590,999,1056
408591,998,1056
408592,999,1054
408593,997,1056
408594,998,1056
408595,1001,1058
408596,1005,1055
408597,1004,1050
408598,1007,1043
408599,1014,1040
408600,1023,1038
408601,1036,1042
408602,1055,1039
408603,1075,1035
408604,1101,1030
408605,1130,1017
408606,1169,1005
408607,1209,1000
408608,1251,1001
408609,1285,1010
408610,1303,1027
408611,1296,1051
408612,1265,1062
408613,1219,1069
408614,1162,1072
408615,1099,1086
408616,1039,1096
408617,987,1110
408618,962,1113
408619,963,1111
408620,980,1096
408621,988,1081
408622,991,1067
408623,989,1064
408624,988,1063
408625,987,1063
408626,985,1066
408627,983,1063
408628,979,1060
408629,977,1057
408630,976,1059
408631,977,1057
408632,981,1054
408633,979,1050
408634,976,1051
408635,972,1051
408636,973,1053
408637,972,1056
408638,974,1052
408639,974,1052
408640,972,1048
408641,973,1046
408642,974,1052
408643,975,1053
408644,979,1055
408645,977,1053
408646,974,1050
408647,971,1052
408648,969,1055
408649,974,1058
408650,975,1056
408651,974,1056
408652,971,1053
408653,971,1054
408654,969,1054
408655,971,1056
408656,973,1055
408657,974,1053
408658,970,1052
408659,968,1049
408660,970,1050
408661,972,1052
408662,975,1051
408663,974,1051
408664,972,1048
408665,972,1048
408666,971,1049
408667,974,1050
408668,974,1050
408669,976,1048
408670,974,1043
408671,972,1043
408672,976,1044
408673,979,1045
408674,985,1044
408675,985,1039
408676,982,1032
408677,982,1032
408678,985,1031
408679,988,1032
408680,991,1029
408681,994,1025
408682,997,1021
408683,997,1018
408684,1000,1014
408685,1001,1017
408686,1004,1014
408687,1003,1010
408688,1004,1008
408689,1004,1003
408690,1007,1006
408691,1012,1009
408692,1017,1008
408693,1016,1006
408694,1012,1002
408695,1012,1002
408696,1016,1004
408697,1017,1006
408698,1020,1006
408699,1020,1004
408700,1018,1003
408701,1017,1000
408702,1019,1003
408703,1021,1005
408704,1022,1008
408705,1020,1008
408706,1018,1006
408707,1014,1010
408708,1016,1013
408709,1016,1017
408710,1019,1019
408711,1018,1021
408712,1013,1018
408713,1008,1019
408714,1006,1025
408715,1008,1029
408716,1007,1032
408717,1005,1033
408718,1001,1030
408719,995,1035
408720,997,1038
408721,1000,1042
408722,997,1043
408723,990,1045
408724,986,1043
408725,983,1046
408726,985,1047
408727,984,1051
408728,984,1052
408729,984,1053
408730,980,1052
408731,977,1051
408732,976,1055
408733,979,1059
408734,981,1061
408735,981,1056
408736,978,1056
408737,973,1058
408738,974,1060
408739,976,1065
408740,981,1068
408741,978,1066
408742,979,1066
408743,979,1067
408744,983,1067
408745,988,1073
408746,993,1072
408747,993,1071
408748,995,1070
408749,998,1068
408750,1002,1071
408751,1012,1073
408752,1018,1077
408753,1020,1073
408754,1025,1071
408755,1030,1069
408756,1044,1067
408757,1057,1055
408758,1074,1033
408759,1084,1014
408760,1093,995
408761,1106,981
408762,1122,966
408763,1138,954
408764,1161,935
408765,1174,913
408766,1192,884
408767,1208,861
408768,1223,846
408769,1241,833
408770,1255,822
408771,1254,814
408772,1252,809
408773,1246,812
408774,1241,814
408775,1241,814
408776,1236,812
408777,1225,814
408778,1208,812
408779,1186,819
408780,1164,826
408781,1142,837
408782,1126,849
408783,1104,858
408784,1083,870
408785,1066,888
408786,1059,908
408787,1055,928
408788,1055,946
408789,1050,962
408790,1041,969
408791,1040,980
408792,1047,992
408793,1062,1004
408794,1078,1010
408795,1091,1011
408796,1098,1008
408797,1086,1012
408798,1060,1019
408799,1023,1032
408800,988,1043
408801,957,1056
408802,942,1069
408803,937,1083
408804,932,1095
408805,928,1103
408806,926,1107
408807,920,1105
408808,913,1107
408809,905,1108
408810,905,1117
408811,903,1121
408812,904,1121
408813,903,1122
408814,898,1120
408815,894,1122
408816,893,1125
408817,892,1130
408818,893,1130
408819,891,1131
408820,889,1127
408821,885,1128
408822,887,1134
408823,887,1134
408824,886,1133
408825,884,1134
408826,882,1135
408827,876,1137
408828,874,1142
408829,876,1147
408830,879,1148
408831,877,1148
408832,872,1148
408833,871,1152
408834,871,1159
408835,873,1163
408836,868,1165
408837,867,1168
408838,864,1170
408839,861,1172
408840,864,1180
408841,865,1188
408842,869,1191
408843,865,1192
408844,864,1192
408845,860,1194
408846,861,1199
408847,862,1204
408848,865,1205
408849,864,1204
408850,862,1205
408851,861,1205
408852,863,1209
408853,868,1212
408854,873,1214
408855,873,1212
408856,872,1209
408857,874,1210
408858,878,1211
408859,884,1212
408860,889,1213
408861,892,1207
408862,892,1205
408863,894,1204
408864,896,1201
408865,906,1200
408866,912,1196
408867,912,1191
408868,914,1183
408869,917,1181
408870,922,1176
408871,928,1171
408872,937,1164
408873,942,1157
408874,939,1147
408875,943,1144
408876,944,1138
408877,952,1137
408878,959,1128
408879,961,1123
408880,963,1116
408881,961,1115
408882,962,1110
408883,967,1106
408884,968,1103
408885,969,1098
408886,964,1092
408887,963,1089
408888,964,1089
408889,967,1089
408890,972,1084
408891,971,1079
408892,969,1076
408893,963,1074
408894,966,1073
408895,971,1075
408896,970,1073
408897,972,1069
408898,970,1064
408899,968,1063
408900,970,1062
408901,973,1065
408902,975,1064
408903,978,1062
408904,975,1059
408905,974,1058
408906,972,1059
408907,975,1059
408908,980,1059
408909,978,1054
408910,976,1054
408911,975,1054
408912,979,1055
408913,978,1055
408914,981,1058
408915,981,1053
408916,978,1052
408917,974,1050
408918,971,1051
408919,974,1053
408920,983,1050
408921,980,1051
408922,977,1046
408923,977,1046
408924,977,1049
408925,979,1050
408926,981,1050
408927,981,1050
408928,976,1047
408929,976,1048
408930,978,1048
408931,979,1048
408932,984,1048
408933,981,1049
408934,978,1045
408935,974,1047
408936,973,1049
408937,976,1049
408938,978,1049
408939,977,1048
408940,978,1042
408941,976,1045
408942,977,1046
408943,982,1047
408944,986,1046
408945,985,1044
408946,981,1043
408947,980,1044
408948,978,1047
408949,981,1050
408950,987,1050
408951,981,1047
408952,980,1043
408953,979,1047
408954,979,1049
408955,983,1053
408956,985,1053
408957,984,1054
408958,983,1050
408959,979,1051
408960,980,1053
408961,982,1054
408962,984,1054
408963,983,1056
408964,981,1051
408965,979,1050
408966,981,1052
408967,985,1053
408968,986,1053
408969,984,1051
408970,979,1051
408971,979,1050
408972,981,1052
408973,982,1054
408974,987,1051
408975,982,1048
408976,981,1047
408977,981,1046
408978,981,1046
408979,982,1048
408980,987,1049
408981,983,1045
408982,982,1044
408983,979,1046
408984,978,1045
408985,979,1049
408986,981,1050
408987,981,1046
408988,980,1044
408989,977,1041
408990,978,1045
408991,978,1048
408992,979,1049
408993,979,1046
408994,977,1044
408995,976,1043
408996,979,1044
408997,979,1049
408998,981,1047
408999,981,1046
409000,981,1047
409001,980,1046
409002,981,1049
409003,983,1051
409004,985,1051
409005,984,1050
409006,979,1047
409007,974,1048
409008,979,1052
409009,983,1055
409010,986,1056
409011,984,1049
409012,981,1050
409013,977,1048
409014,978,1051
409015,982,1053
409016,984,1053
409017,983,1051
409018,983,1051
409019,980,1052
409020,981,1054
409021,984,1057
409022,988,1057
409023,983,1053
409024,979,1047
409025,977,1045
409026,979,1047
409027,980,1051
409028,984,1049
409029,981,1047
409030,980,1042
409031,981,1042
409032,982,1043
409033,982,1045
409034,986,1041
409035,984,1042
409036,982,1038
409037,980,1040
409038,981,1041
409039,984,1047
409040,987,1045
409041,981,1043
409042,979,1040
409043,976,1041
409044,977,1044
409045,978,1044
409046,982,1047
409047,982,1043
409048,981,1043
409049,982,1043
409050,980,1044
409051,983,1051
409052,983,1050
409053,983,1050
409054,982,1048
409055,982,1047
409056,982,1051
409057,983,1053
409058,988,1051
409059,993,1043
409060,999,1038
409061,1009,1035
409062,1023,1036
409063,1043,1033
409064,1063,1030
409065,1090,1022
409066,1117,1010
409067,1154,996
409068,1193,990
409069,1232,997
409070,1262,1008
409071,1280,1032
409072,1272,1050
409073,1242,1061
409074,1196,1065
409075,1144,1069
409076,1091,1083
409077,1035,1093
409078,989,1100
409079,963,1106
409080,961,1105
409081,971,1094
409082,980,1080
409083,982,1067
409084,981,1058
409085,977,1055
409086,978,1053
409087,978,1056
409088,979,1052
409089,977,1048
409090,972,1045
409091,965,1044
409092,966,1045
409093,966,1049
409094,968,1051
409095,966,1048
409096,960,1046
409097,962,1047
409098,961,1048
409099,960,1049
409100,963,1049
409101,963,1045
409102,958,1044
409103,953,1043
409104,954,1051
409105,959,1051
409106,960,1051
409107,960,1049
409108,956,1046
409109,955,1046
409110,956,1050
409111,958,1053
409112,957,1051
409113,953,1049
409114,952,1047
409115,948,1046
409116,952,1051
409117,954,1054
409118,957,1053
409119,955,1048
409120,952,1049
409121,951,1047
409122,952,1047
409123,951,1050
409124,957,1049
409125,958,1047
409126,957,1044
409127,952,1046
409128,950,1046
409129,954,1049
409130,954,1049
409131,955,1047
409132,954,1042
409133,954,1042
409134,958,1041
409135,962,1042
409136,965,1041
409137,967,1038
409138,966,1030
409139,964,1032
409140,966,1029
409141,968,1029
409142,973,1028
409143,973,1019
409144,972,1016
409145,973,1015
409146,976,1016
409147,975,1015
409148,981,1011
409149,981,1009
409150,978,1006
409151,978,1003
409152,978,1007
409153,984,1008
409154,986,1006
409155,988,1005
409156,985,999
409157,984,1000
409158,985,1003
409159,990,1004
409160,990,1004
409161,989,1004
409162,986,999
409163,986,1000
409164,987,1000
409165,992,1003
409166,996,1005
409167,992,1005
409168,991,1002
409169,991,1003
409170,991,1005
409171,996,1008
409172,997,1006
409173,998,1005
409174,994,1004
409175,993,1006
409176,992,1012
409177,995,1017
409178,998,1019
409179,996,1020
409180,995,1018
409181,992,1021
409182,987,1025
409183,990,1029
409184,993,1030
409185,990,1030
409186,991,1029
409187,985,1030
409188,984,1034
409189,985,1040
409190,987,1041
409191,984,1040
409192,982,1039
409193,977,1042
409194,976,1042
409195,978,1046
409196,980,1045
409197,976,1047
409198,976,1046
409199,972,1047
409200,973,1052
409201,976,1053
409202,975,1054
409203,975,1054
409204,972,1052
409205,971,1055
409206,972,1056
409207,973,1061
409208,976,1060
409209,978,1055
409210,976,1054
409211,975,1055
409212,976,1056
409213,976,1060
409214,979,1057
409215,978,1055
409216,977,1055
409217,976,1055
409218,976,1057
409219,980,1058
409220,982,1059
409221,978,1054
409222,974,1052
409223,972,1051
409224,975,1052
409225,978,1055
409226,980,1049
409227,981,1051
409228,980,1046
409229,975,1048
409230,980,1049
409231,981,1050
409232,982,1048
409233,979,1045
409234,974,1043
409235,974,1041
409236,975,1039
409237,974,1042
409238,978,1040
409239,980,1039
409240,978,1037
409241,975,1038
409242,975,1039
409243,979,1040
409244,980,1041
409245,981,1038
409246,979,1032
409247,974,1037
409248,980,1040
409249,982,1044
409250,988,1042
409251,986,1041
409252,982,1038
409253,978,1041
409254,979,1045
409255,981,1047
409256,981,1049
409257,983,1046
409258,979,1045
409259,979,1047
409260,980,1049
409261,979,1051
409262,981,1050
409263,982,1048
409264,977,1045
409265,971,1046
409266,974,1052
409267,977,1055
409268,981,1056
409269,979,1054
409270,978,1051
409271,978,1051
409272,977,1053
409273,977,1052
409274,979,1050
409275,979,1047
409276,978,1046
409277,977,1044
409278,983,1045
409279,988,1045
409280,994,1042
409281,998,1036
409282,1005,1033
409283,1009,1032
409284,1023,1030
409285,1039,1032
409286,1063,1031
409287,1090,1023
409288,1121,1009
409289,1155,1007
409290,1196,1007
409291,1232,1016
409292,1267,1030
409293,1287,1053
409294,1287,1070
409295,1264,1077
409296,1227,1080
409297,1179,1083
409298,1128,1087
409299,1067,1097
409300,1006,1109
409301,966,1118
409302,949,1127
409303,955,1126
409304,964,1111
409305,971,1097
409306,969,1080
409307,965,1077
409308,968,1074
409309,972,1071
409310,972,1069
409311,964,1065
409312,960,1060
409313,958,1058
409314,960,1060
409315,963,1060
409316,961,1057
409317,959,1054
409318,949,1052
409319,949,1052
409320,948,1053
409321,955,1057
409322,958,1055
409323,958,1052
409324,951,1047
409325,952,1051
409326,950,1052
409327,952,1052
409328,957,1052
409329,957,1049
409330,951,1044
409331,952,1043
409332,956,1045
409333,959,1048
409334,962,1049
409335,958,1042
409336,955,1041
409337,950,1045
409338,951,1048
409339,953,1049
409340,955,1048
409341,955,1046
409342,952,1041
409343,952,1044
409344,954,1045
409345,955,1049
409346,958,1047
409347,955,1044
409348,950,1041
409349,948,1042
409350,953,1044
409351,959,1048
409352,960,1047
409353,959,1043
409354,959,1043
409355,956,1043
409356,959,1046
409357,958,1046
409358,960,1042
409359,960,1040
409360,958,1037
409361,958,1039
409362,960,1042
409363,963,1045
409364,966,1043
409365,966,1042
409366,963,1036
409367,962,1036
409368,967,1037
409369,968,1039
409370,970,1036
409371,970,1027
409372,969,1022
409373,973,1018
409374,973,1017
409375,978,1019
409376,981,1016
409377,979,1011
409378,973,1007
409379,970,1007
409380,973,1008
409381,976,1008
409382,979,1004
409383,979,1002
409384,977,996
409385,979,995
409386,978,997
409387,986,1000
409388,992,997
409389,991,996
409390,992,994
409391,993,995
409392,992,997
409393,990,1000
409394,996,996
409395,992,997
409396,992,996
409397,986,999
409398,992,1006
409399,994,1009
409400,996,1010
409401,994,1009
409402,992,1009
409403,990,1012
409404,990,1019
409405,989,1025
409406,988,1027
409407,985,1028
409408,984,1030
409409,983,1036
409410,985,1039
409411,982,1044
409412,983,1046
409413,982,1045
409414,981,1047
409415,980,1046
409416,980,1052
409417,981,1058
409418,983,1058
409419,978,1059
409420,976,1058
409421,973,1062
409422,971,1066
409423,972,1071
409424,974,1072
409425,970,1072
409426,974,1068
409427,972,1067
409428,971,1070
409429,972,1069
409430,976,1069
409431,977,1068
409432,973,1064
409433,972,1067
409434,971,1069
409435,977,1068
409436,978,1067
409437,977,1067
409438,973,1067
409439,974,1066
409440,975,1064
409441,978,1067
409442,979,1064
409443,975,1064
409444,976,1060
409445,972,1058
409446,976,1060
409447,980,1061
409448,985,1061
409449,985,1055
409450,983,1055
409451,979,1056
409452,981,1056
409453,986,1058
409454,989,1055
409455,988,1056
409456,987,1054
409457,984,1052
409458,983,1055
409459,985,1059
409460,993,1060
409461,990,1058
409462,987,1052
409463,984,1054
409464,986,1056
409465,990,1061
409466,989,1059
409467,986,1058
409468,983,1054
409469,980,1053
409470,981,1057
409471,980,1061
409472,982,1060
409473,984,1059
409474,983,1059
409475,985,1060
409476,983,1065
409477,985,1064
409478,985,1062
409479,985,1061
409480,984,1057
409481,980,1058
409482,981,1058
409483,984,1063
409484,985,1063
409485,984,1064
409486,985,1060
409487,985,1060
409488,987,1066
409489,992,1066
409490,995,1064
409491,991,1063
409492,986,1061
409493,984,1060
409494,988,1060
409495,991,1064
409496,993,1063
409497,990,1061
409498,988,1059
409499,983,1058
409500,985,1059
409501,987,1061
409502,986,1059
409503,983,1056
409504,978,1055
409505,976,1058
409506,983,1058
409507,989,1060
409508,991,1056
409509,988,1056
409510,984,1053
409511,979,1054
409512,981,1058
409513,980,1062
409514,983,1063
409515,982,1061
409516,979,1061
409517,980,1060
409518,979,1064
409519,983,1068
409520,987,1068
409521,986,1065
409522,985,1057
409523,990,1054
409524,998,1050
409525,1008,1050
409526,1022,1046
409527,1039,1043
409528,1055,1037
409529,1077,1037
409530,1109,1032
409531,1147,1028
409532,1189,1020
409533,1233,1014
409534,1269,1014
409535,1300,1028
409536,1314,1055
409537,1308,1079
409538,1272,1086
409539,1214,1085
409540,1150,1088
409541,1085,1100
409542,1030,1111
409543,986,1120
409544,970,1118
409545,973,1111
409546,979,1093
409547,984,1084
409548,989,1075
409549,991,1073
409550,987,1067
409551,979,1061
409552,971,1055
409553,968,1055
409554,965,1056
409555,966,1062
409556,965,1058
409557,963,1057
409558,958,1054
409559,957,1058
409560,955,1058
409561,959,1065
409562,959,1067
409563,956,1065
409564,952,1063
409565,954,1064
409566,952,1067
409567,954,1070
409568,956,1066
409569,955,1061
409570,952,1061
409571,953,1060
409572,952,1062
409573,955,1069
409574,961,1070
409575,957,1066
409576,955,1066
409577,954,1063
409578,955,1062
409579,957,1066
409580,959,1065
409581,956,1063
409582,952,1063
409583,955,1063
409584,958,1066
409585,960,1067
409586,961,1064
409587,958,1062
409588,957,1059
409589,952,1058
409590,953,1058
409591,957,1061
409592,959,1060
409593,957,1056
409594,953,1052
409595,951,1051
409596,952,1053
409597,957,1052
409598,960,1054
409599,960,1050
409600,961,1047
409601,960,1047
409602,961,1046
409603,960,1047
409604,965,1040
409605,961,1037
409606,963,1035
409607,960,1034
409608,966,1032
409609,968,1035
409610,970,1035
409611,970,1032
409612,970,1030
409613,965,1031
409614,965,1030
409615,972,1032
409616,976,1031
409617,976,1026
409618,973,1023
409619,974,1022
409620,975,1025
409621,981,1026
409622,984,1023
409623,982,1022
409624,983,1019
409625,984,1022
409626,984,1024
409627,986,1024
409628,988,1024
409629,992,1016
409630,989,1018
409631,990,1018
409632,989,1019
409633,992,1021
409634,994,1022
409635,991,1021
409636,991,1020
409637,993,1021
409638,997,1026
409639,999,1028
409640,1002,1030
409641,997,1030
409642,996,1031
409643,990,1034
409644,987,1038
409645,987,1042
409646,990,1046
409647,986,1043
409648,983,1043
409649,981,1045
409650,981,1046
409651,984,1052
409652,983,1053
409653,981,1054
409654,976,1054
409655,974,1054
409656,974,1062
409657,975,1062
409658,979,1064
409659,981,1064
409660,980,1062
409661,978,1066
409662,980,1069
409663,985,1073
409664,986,1073
409665,982,1070
409666,980,1068
409667,977,1067
409668,974,1066
409669,976,1070
409670,978,1067
409671,976,1061
409672,970,1062
409673,970,1064
409674,974,1066
409675,975,1071
409676,977,1067
409677,976,1064
409678,974,1061
409679,974,1061
409680,977,1063
409681,981,1066
409682,984,1063
409683,982,1061
409684,979,1060
409685,981,1063
409686,985,1064
409687,994,1071
409688,998,1071
409689,1003,1072
409690,1000,1070
409691,1006,1073
409692,1013,1077
409693,1021,1080
409694,1031,1077
409695,1042,1068
409696,1052,1056
409697,1061,1040
409698,1074,1023
409699,1089,1012
409700,1105,996
409701,1119,984
409702,1136,967
409703,1145,950
409704,1169,932
409705,1192,910
409706,1211,881
409707,1223,858
409708,1235,840
409709,1252,826
409710,1264,818
409711,1272,814
409712,1271,812
409713,1268,810
409714,1266,807
409715,1262,802
409716,1259,802
409717,1253,804
409718,1240,806
409719,1221,809
409720,1203,812
409721,1183,822
409722,1165,836
409723,1148,849
409724,1131,859
409725,1115,872
409726,1102,886
409727,1094,906
409728,1092,925
409729,1091,939
409730,1093,950
409731,1090,958
409732,1082,966
409733,1079,975
409734,1084,984
409735,1092,998
409736,1103,1005
409737,1111,1007
409738,1109,1008
409739,1087,1013
409740,1055,1024
409741,1013,1033
409742,969,1044
409743,935,1054
409744,920,1067
409745,908,1083
409746,905,1097
409747,904,1112
409748,901,1116
409749,894,1115
409750,887,1115
409751,878,1119
409752,876,1123
409753,873,1126
409754,872,1128
409755,867,1128
409756,864,1130
409757,859,1129
409758,859,1134
409759,856,1138
409760,856,1140
409761,851,1138
409762,845,1135
409763,844,1137
409764,844,1144
409765,846,1149
409766,844,1149
409767,843,1146
409768,835,1145
409769,833,1144
409770,833,1148
409771,839,1154
409772,838,1153
409773,834,1155
409774,832,1155
409775,829,1161
409776,829,1161
409777,825,1166
409778,824,1169
409779,824,1172
409780,822,1176
409781,824,1177
409782,824,1182
409783,821,1189
409784,822,1191
409785,819,1192
409786,814,1192
409787,812,1193
409788,810,1198
409789,811,1207
409790,811,1208
409791,809,1210
409792,807,1211
409793,807,1211
409794,805,1218
409795,813,1220
409796,812,1220
409797,812,1221
409798,810,1217
409799,808,1221
409800,812,1225
409801,817,1227
409802,823,1225
409803,826,1220
409804,823,1214
409805,825,1213
409806,829,1217
409807,832,1215
409808,837,1212
409809,840,1208
409810,842,1199
409811,844,1198
409812,851,1195
409813,857,1192
409814,864,1188
409815,865,1180
409816,867,1171
409817,870,1170
409818,876,1165
409819,881,1162
409820,886,1156
409821,889,1150
409822,891,1143
409823,889,1139
409824,894,1133
409825,904,1136
409826,911,1127
409827,912,1122
409828,910,1115
409829,913,1111
409830,914,1110
409831,919,1110
409832,922,1104
409833,923,1099
409834,924,1096
409835,925,1094
409836,931,1094
409837,935,1095
409838,940,1091
409839,937,1084
409840,932,1081
409841,930,1080
409842,931,1079
409843,938,1082
409844,943,1078
409845,945,1073
409846,944,1069
409847,942,1068
409848,944,1070
409849,946,1073
409850,950,1071
409851,949,1065
409852,944,1062
409853,947,1065
409854,950,1065
409855,953,1066
409856,954,1063
409857,954,1062
409858,950,1058
409859,950,1056
409860,950,1059
409861,953,1060
409862,954,1057
409863,953,1055
409864,950,1053
409865,948,1054
409866,948,1055
409867,950,1057
409868,953,1054
409869,953,1052
409870,951,1046
409871,948,1049
409872,953,1052
409873,953,1056
409874,954,1055
409875,955,1052
409876,956,1049
409877,955,1051
409878,951,1052
409879,954,1057
409880,957,1057
409881,954,1054
409882,952,1053
409883,954,1053
409884,954,1056
409885,960,1060
409886,959,1057
409887,958,1056
409888,954,1056
409889,954,1056
409890,956,1059
409891,955,1061
409892,959,1060
409893,958,1058
409894,955,1054
409895,954,1057
409896,955,1057
409897,955,1059
409898,954,1058
409899,953,1052
409900,952,1054
409901,950,1054
409902,950,1057
409903,955,1056
409904,953,1056
409905,957,1057
409906,955,1055
409907,955,1056
409908,950,1059
409909,955,1063
409910,957,1062
409911,959,1060
409912,958,1058
409913,960,1061
409914,960,1058
409915,963,1060
409916,965,1058
409917,962,1060
409918,959,1055
409919,959,1051
409920,959,1053
409921,956,1058
409922,961,1056
409923,963,1056
409924,963,1055
409925,960,1055
409926,960,1059
409927,959,1060
409928,961,1062
409929,959,1060
409930,954,1060
409931,954,1060
409932,958,1059
409933,960,1063
409934,958,1061
409935,957,1061
409936,956,1058
409937,955,1059
409938,956,1062
409939,957,1064
409940,960,1062
409941,960,1063
409942,957,1058
409943,958,1058
409944,958,1060
409945,962,1062
409946,959,1059
409947,962,1055
409948,959,1055
409949,954,1057
409950,956,1057
409951,960,1059
409952,964,1058
409953,960,1053
409954,959,1051
409955,956,1051
409956,958,1055
409957,961,1058
409958,963,1057
409959,960,1056
409960,959,1050
409961,959,1054
409962,961,1055
409963,963,1056
409964,966,1055
409965,964,1051
409966,962,1054
409967,958,1052
409968,959,1054
409969,960,1058
409970,960,1057
409971,960,1054
409972,960,1050
409973,959,1052
409974,960,1053
409975,965,1054
409976,967,1055
409977,967,1055
409978,963,1053
409979,960,1055
409980,960,1059
409981,967,1059
409982,969,1056
409983,963,1050
409984,962,1051
409985,961,1052
409986,961,1056
409987,963,1057
409988,964,1056
409989,961,1052
409990,958,1052
409991,958,1054
409992,963,1055
409993,966,1057
409994,970,1053
409995,966,1053
409996,964,1052
409997,960,1053
409998,960,1058
409999,961,1061
410000,960,1061
410001,962,1060
410002,961,1058
410003,960,1059
410004,964,1059
410005,960,1062
410006,965,1058
410007,964,1059
410008,965,1056
410009,965,1057
410010,967,1061
410011,973,1066
410012,975,1065
410013,973,1063
410014,970,1061
410015,969,1059
410016,971,1059
410017,972,1063
410018,974,1061
410019,972,1060
410020,969,1056
410021,969,1060
410022,970,1057
410023,975,1058
410024,974,1059
410025,974,1060
410026,970,1058
410027,968,1054
410028,969,1056
410029,972,1061
410030,970,1058
410031,971,1053
410032,968,1050
410033,965,1051
410034,965,1053
410035,966,1057
410036,965,1057
410037,961,1055
410038,961,1055
410039,962,1057
410040,964,1055
410041,967,1063
410042,971,1060
410043,971,1056
410044,968,1056
410045,969,1057
410046,970,1057
410047,972,1058
410048,973,1057
410049,971,1056
410050,968,1053
410051,970,1056
410052,973,1058
410053,979,1061
410054,978,1059
410055,977,1053
410056,977,1051
410057,976,1051
410058,976,1052
410059,984,1049
410060,991,1044
410061,997,1042
410062,1007,1036
410063,1019,1035
410064,1037,1038
410065,1064,1039
410066,1093,1031
410067,1124,1022
410068,1160,1011
410069,1198,1006
410070,1237,1008
410071,1276,1018
410072,1299,1032
410073,1300,1048
410074,1269,1055
410075,1218,1058
410076,1158,1059
410077,1106,1070
410078,1050,1080
410079,1003,1088
410080,975,1090
410081,967,1091
410082,972,1086
410083,979,1078
410084,983,1066
410085,983,1063
410086,974,1056
410087,971,1056
410088,969,1057
410089,968,1061
410090,965,1059
410091,963,1059
410092,956,1057
410093,955,1061
410094,954,1063
410095,956,1066
410096,955,1064
410097,955,1060
410098,953,1058
410099,951,1059
410100,952,1062
410101,951,1064
410102,954,1065
410103,953,1062
410104,952,1059
410105,947,1059
410106,947,1060
410107,951,1063
410108,950,1059
410109,943,1054
410110,943,1053
410111,943,1054
410112,946,1057
410113,943,1059
410114,949,1059
410115,949,1057
410116,947,1054
410117,943,1056
410118,944,1060
410119,951,1064
410120,956,1060
410121,952,1058
410122,951,1057
410123,950,1058
410124,949,1060
410125,953,1063
410126,953,1060
410127,949,1057
410128,946,1053
410129,948,1054
410130,949,1056
410131,950,1059
410132,950,1057
410133,951,1053
410134,946,1050
410135,947,1051
410136,948,1053
410137,950,1054
410138,952,1053
410139,952,1047
410140,952,1045
410141,952,1044
410142,956,1048
410143,958,1049
410144,956,1049
410145,956,1043
410146,956,1038
410147,955,1038
410148,956,1040
410149,958,1040
410150,962,1037
410151,962,1033
410152,957,1029
410153,960,1027
410154,965,1029
410155,970,1031
410156,970,1027
410157,967,1021
410158,965,1021
410159,965,1022
410160,967,1023
410161,971,1026
410162,972,1020
410163,975,1020
410164,973,1019
410165,972,1020
410166,977,1023
410167,981,1025
410168,983,1026
410169,982,1023
410170,981,1019
410171,982,1020
410172,988,1020
410173,994,1026
410174,997,1023
410175,996,1024
410176,996,1020
410177,994,1023
410178,998,1027
410179,1003,1029
410180,1004,1029
410181,1006,1027
410182,1005,1027
410183,1004,1027
410184,1007,1034
410185,1004,1036
410186,1004,1039
410187,1003,1037
410188,1000,1037
410189,997,1040
410190,998,1043
410191,999,1047
410192,997,1046
410193,997,1044
410194,988,1044
410195,984,1047
410196,982,1055
410197,981,1056
410198,983,1057
410199,983,1055
410200,979,1052
410201,976,1055
410202,979,1057
410203,978,1059
410204,975,1061
410205,976,1055
410206,968,1055
410207,967,1058
410208,967,1060
410209,969,1061
410210,968,1060
410211,972,1056
410212,967,1054
410213,967,1058
410214,967,1062
410215,970,1064
410216,968,1065
410217,967,1064
410218,963,1061
410219,963,1062
410220,967,1063
410221,971,1065
410222,969,1063
410223,969,1056
410224,967,1056
410225,968,1059
410226,969,1061
410227,972,1066
410228,974,1063
410229,972,1058
410230,976,1057
410231,974,1059
410232,977,1060
410233,981,1063
410234,979,1059
410235,976,1056
410236,973,1051
410237,974,1053
410238,975,1056
410239,975,1059
410240,981,1057
410241,982,1053
410242,980,1049
410243,981,1051
410244,979,1053
410245,982,1055
410246,980,1055
410247,979,1052
410248,974,1050
410249,970,1051
410250,975,1054
410251,980,1057
410252,984,1058
410253,980,1055
410254,975,1051
410255,977,1054
410256,978,1055
410257,978,1057
410258,976,1057
410259,974,1055
410260,971,1053
410261,969,1055
410262,974,1056
410263,979,1060
410264,978,1061
410265,976,1058
410266,974,1056
410267,973,1059
410268,971,1060
410269,975,1065
410270,977,1064
410271,974,1062
410272,971,1060
410273,970,1062
410274,973,1065
410275,971,1068
410276,970,1069
410277,967,1068
410278,966,1064
410279,965,1067
410280,967,1068
410281,971,1067
410282,973,1068
410283,973,1064
410284,969,1057
410285,967,1057
410286,967,1058
410287,968,1061
410288,970,1058
410289,969,1054
410290,965,1052
410291,966,1056
410292,969,1057
410293,970,1058
410294,966,1058
410295,966,1055
410296,965,1052
410297,964,1055
410298,970,1060
410299,975,1060
410300,977,1057
410301,974,1055
410302,973,1055
410303,969,1055
410304,971,1060
410305,971,1061
410306,971,1061
410307,970,1058
410308,969,1055
410309,969,1058
410310,970,1060
410311,970,1064
410312,968,1062
410313,967,1058
410314,965,1057
410315,963,1060
410316,963,1065
410317,966,1068
410318,968,1067
410319,969,1065
410320,968,1062
410321,969,1063
410322,969,1062
410323,969,1069
410324,975,1065
410325,973,1058
410326,970,1056
410327,968,1059
410328,968,1064
410329,971,1066
410330,974,1066
410331,971,1063
410332,970,1063
410333,973,1067
410334,976,1071
410335,976,1071
410336,976,1070
410337,977,1064
410338,974,1061
410339,975,1061
410340,977,1066
410341,979,1067
410342,981,1066
410343,982,1061
410344,979,1062
410345,977,1065
410346,977,1068
410347,977,1069
410348,977,1070
410349,976,1064
410350,976,1064
410351,974,1067
410352,976,1069
410353,980,1070
410354,976,1066
410355,975,1067
410356,973,1065
410357,972,1066
410358,973,1069
410359,973,1068
410360,973,1065
410361,972,1066
410362,972,1061
410363,975,1065
410364,979,1069
410365,979,1069
410366,980,1070
410367,978,1066
410368,974,1063
410369,975,1063
410370,977,1065
410371,982,1064
410372,980,1061
410373,977,1057
410374,975,1055
410375,975,1055
410376,978,1057
410377,984,1059
410378,986,1057
410379,979,1054
410380,978,1052
410381,979,1051
410382,980,1052
410383,985,1054
410384,995,1048
410385,1000,1040
410386,1010,1038
410387,1025,1037
410388,1043,1039
410389,1069,1038
410390,1102,1034
410391,1135,1025
410392,1175,1010
410393,1214,1008
410394,1260,1007
410395,1299,1017
410396,1315,1034
410397,1307,1045
410398,1275,1053
410399,1223,1057
410400,1168,1066
410401,1119,1077
410402,1066,1088
410403,1020,1090
410404,989,1090
410405,978,1087
410406,982,1081
410407,988,1077
410408,993,1066
410409,989,1060
410410,982,1057
410411,978,1059
410412,975,1060
410413,976,1063
410414,971,1061
410415,965,1059
410416,962,1058
410417,962,1060
410418,961,1061
410419,962,1064
410420,961,1062
410421,959,1054
410422,956,1053
410423,954,1055
410424,954,1059
410425,954,1063
410426,955,1060
410427,952,1057
410428,950,1056
410429,951,1056
410430,952,1060
410431,955,1062
410432,955,1060
410433,955,1060
410434,951,1058
410435,950,1059
410436,951,1062
410437,951,1065
410438,952,1061
410439,953,1056
410440,949,1057
410441,949,1061
410442,952,1062
410443,955,1066
410444,954,1063
410445,957,1059
410446,953,1057
410447,956,1058
410448,958,1061
410449,961,1063
410450,962,1059
410451,961,1057
410452,958,1055
410453,954,1056
410454,955,1057
410455,956,1056
410456,955,1053
410457,956,1050
410458,950,1049
410459,949,1045
410460,950,1050
410461,957,1050
410462,959,1049
410463,960,1043
410464,959,1039
410465,959,1041
410466,961,1043
410467,964,1039
410468,963,1038
410469,965,1032
410470,964,1029
410471,962,1030
410472,964,1029
410473,967,1027
410474,966,1026
410475,964,1025
410476,963,1019
410477,963,1022
410478,968,1024
410479,977,1023
410480,981,1021
410481,978,1020
410482,977,1017
410483,977,1017
410484,978,1019
410485,981,1022
410486,982,1018
410487,984,1020
410488,985,1016
410489,985,1016
410490,987,1019
410491,991,1022
410492,994,1020
410493,988,1020
410494,983,1015
410495,984,1020
410496,985,1025
410497,989,1026
410498,991,1025
410499,991,1023
410500,989,1022
410501,987,1025
410502,989,1031
410503,992,1035
410504,989,1038
410505,985,1041
410506,984,1039
410507,983,1043
410508,986,1049
410509,987,1051
410510,986,1053
410511,978,1054
410512,973,1053
410513,970,1056
410514,968,1060
410515,971,1064
410516,966,1063
410517,965,1060
410518,959,1058
410519,957,1058
410520,954,1062
410521,960,1063
410522,962,1062
410523,960,1058
410524,959,1055
410525,957,1060
410526,961,1063
410527,967,1067
410528,965,1064
410529,968,1063
410530,963,1062
410531,963,1066
410532,966,1067
410533,974,1067
410534,978,1063
410535,982,1061
410536,982,1061
410537,985,1065
410538,992,1069
410539,1002,1073
410540,1007,1073
410541,1011,1074
410542,1017,1068
410543,1030,1065
410544,1045,1050
410545,1062,1031
410546,1077,1011
410547,1091,992
410548,1105,977
410549,1123,963
410550,1141,950
410551,1160,933
410552,1180,910
410553,1199,879
410554,1219,850
410555,1235,832
410556,1253,817
410557,1268,806
410558,1274,797
410559,1274,793
410560,1269,792
410561,1265,791
410562,1262,793
410563,1258,797
410564,1252,799
410565,1235,801
410566,1211,805
410567,1189,813
410568,1167,824
410569,1146,838
410570,1122,851
410571,1103,862
410572,1088,877
410573,1078,896
410574,1076,914
410575,1073,930
410576,1071,942
410577,1062,950
410578,1054,957
410579,1054,972
410580,1057,989
410581,1067,999
410582,1079,1003
410583,1073,1002
410584,1054,1006
410585,1019,1017
410586,979,1026
410587,949,1038
410588,929,1054
410589,915,1066
410590,902,1078
410591,895,1091
410592,890,1096
410593,890,1098
410594,888,1100
410595,881,1104
410596,875,1105
410597,869,1111
410598,871,1115
410599,870,1119
410600,868,1120
410601,863,1120
410602,857,1122
410603,851,1124
410604,854,1132
410605,859,1134
410606,854,1132
410607,846,1132
410608,842,1133
410609,839,1136
410610,841,1142
410611,844,1144
410612,841,1145
410613,839,1143
410614,837,1142
410615,836,1148
410616,836,1152
410617,837,1152
410618,832,1152
410619,828,1153
410620,824,1152
410621,823,1158
410622,825,1161
410623,823,1163
410624,825,1164
410625,819,1165
410626,816,1164
410627,812,1170
410628,815,1176
410629,812,1183
410630,811,1183
410631,808,1182
410632,808,1182
410633,810,1188
410634,812,1191
410635,814,1193
410636,813,1192
410637,812,1192
410638,808,1192
410639,810,1196
410640,812,1198
410641,819,1202
410642,822,1197
410643,825,1195
410644,823,1191
410645,823,1186
410646,827,1190
410647,833,1192
410648,836,1193
410649,841,1187
410650,839,1184
410651,844,1181
410652,851,1181
410653,861,1177
410654,865,1170
410655,867,1164
410656,866,1157
410657,872,1154
410658,878,1152
410659,885,1147
410660,890,1140
410661,895,1132
410662,894,1123
410663,897,1122
410664,901,1119
410665,907,1115
410666,912,1110
410667,910,1101
410668,911,1097
410669,913,1092
410670,916,1088
410671,926,1084
410672,931,1080
410673,929,1074
410674,930,1069
410675,928,1068
410676,930,1067
410677,936,1062
410678,941,1060
410679,938,1055
410680,935,1051
410681,936,1055
410682,940,1056
410683,943,1057
410684,946,1055
410685,946,1049
410686,940,1049
410687,941,1048
410688,941,1051
410689,945,1052
410690,948,1051
410691,946,1053
410692,944,1049
410693,943,1053
410694,945,1057
410695,952,1055
410696,956,1057
410697,956,1051
410698,950,1052
410699,949,1052
410700,950,1053
410701,955,1058
410702,957,1053
410703,953,1051
410704,951,1048
410705,950,1052
410706,954,1055
410707,952,1053
410708,952,1049
410709,951,1046
410710,948,1044
410711,949,1047
410712,947,1052
410713,951,1052
410714,951,1053
410715,949,1050
410716,944,1047
410717,946,1048
410718,950,1052
410719,954,1051
410720,956,1048
410721,954,1044
410722,948,1044
410723,948,1047
410724,954,1049
410725,961,1049
410726,959,1048
410727,958,1047
410728,954,1045
410729,957,1044
410730,961,1045
410731,961,1046
410732,958,1047
410733,960,1047
410734,959,1043
410735,961,1046
410736,960,1048
410737,962,1050
410738,965,1051
410739,961,1045
410740,962,1046
410741,962,1050
410742,961,1050
410743,965,1050
410744,965,1047
410745,961,1044
410746,956,1043
410747,957,1044
410748,959,1050
410749,960,1052
410750,961,1051
410751,956,1047
410752,954,1047
410753,951,1049
410754,954,1051
410755,960,1054
410756,965,1050
410757,964,1047
410758,962,1049
410759,960,1049
410760,963,1050
410761,962,1053
410762,960,1048
410763,960,1044
410764,956,1044
410765,956,1045
410766,960,1045
410767,962,1049
410768,963,1048
410769,962,1044
410770,959,1041
410771,958,1042
410772,960,1042
410773,964,1048
410774,968,1048
410775,965,1044
410776,964,1042
410777,962,1044
410778,964,1045
410779,968,1047
410780,967,1046
410781,965,1044
410782,960,1042
410783,960,1042
410784,961,1046
410785,965,1049
410786,966,1047
410787,967,1043
410788,962,1042
410789,963,1043
410790,967,1048
410791,967,1050
410792,966,1050
410793,969,1050
410794,968,1044
410795,966,1046
410796,968,1049
410797,967,1050
410798,966,1049
410799,965,1047
410800,963,1044
410801,963,1043
410802,965,1046
410803,969,1052
410804,973,1053
410805,973,1047
410806,969,1043
410807,967,1045
410808,967,1046
410809,971,1047
410810,970,1047
410811,969,1046
410812,964,1045
410813,963,1045
410814,964,1045
410815,969,1049
410816,969,1047
410817,966,1044
410818,964,1045
410819,962,1045
410820,962,1049
410821,969,1049
410822,973,1048
410823,972,1047
410824,972,1045
410825,968,1047
410826,968,1049
410827,972,1049
410828,972,1049
410829,973,1047
410830,973,1044
410831,973,1047
410832,973,1049
410833,976,1051
410834,975,1049
410835,975,1045
410836,971,1042
410837,971,1043
410838,973,1049
410839,977,1050
410840,978,1047
410841,976,1045
410842,972,1043
410843,970,1044
410844,974,1045
410845,971,1048
410846,970,1049
410847,969,1048
410848,966,1046
410849,969,1048
410850,978,1052
410851,983,1055
410852,986,1054
410853,980,1049
410854,972,1050
410855,970,1052
410856,975,1053
410857,977,1052
410858,979,1049
410859,975,1045
410860,973,1044
410861,973,1043
410862,972,1044
410863,972,1048
410864,970,1044
410865,971,1040
410866,968,1038
410867,967,1042
410868,969,1041
410869,974,1045
410870,974,1045
410871,974,1047
410872,970,1044
410873,971,1046
410874,976,1045
410875,980,1045
410876,982,1045
410877,985,1043
410878,983,1043
410879,984,1046
410880,986,1048
410881,986,1048
410882,987,1045
410883,989,1043
410884,988,1038
410885,986,1043
410886,990,1040
410887,996,1045
410888,1006,1038
410889,1014,1029
410890,1022,1027
410891,1033,1026
410892,1048,1029
410893,1078,1029
410894,1104,1023
410895,1138,1011
410896,1176,999
410897,1219,993
410898,1263,995
410899,1299,1004
410900,1325,1016
410901,1327,1025
410902,1300,1030
410903,1247,1031
410904,1189,1032
410905,1133,1046
410906,1070,1056
410907,1017,1065
410908,980,1072
410909,970,1075
410910,973,1067
410911,990,1062
410912,994,1051
410913,988,1044
410914,984,1037
410915,979,1040
410916,975,1043
410917,975,1046
410918,977,1047
410919,973,1045
410920,969,1044
410921,967,1046
410922,967,1046
410923,968,1047
410924,969,1050
410925,969,1046
410926,967,1041
410927,969,1041
410928,970,1044
410929,973,1044
410930,972,1042
410931,969,1042
410932,965,1039
410933,967,1044
410934,970,1046
410935,972,1047
410936,974,1045
410937,969,1044
410938,963,1044
410939,962,1044
410940,959,1050
410941,966,1051
410942,965,1046
410943,965,1045
410944,966,1041
410945,966,1044
410946,965,1046
410947,964,1045
410948,963,1046
410949,964,1046
410950,958,1041
410951,958,1046
410952,959,1047
410953,965,1051
410954,967,1049
410955,965,1042
410956,961,1040
410957,956,1042
410958,960,1048
410959,963,1046
410960,960,1044
410961,959,1039
410962,956,1038
410963,959,1034
410964,963,1036
410965,965,1035
410966,966,1035
410967,961,1030
410968,962,1028
410969,961,1027
410970,962,1028
410971,968,1029
410972,973,1028
410973,974,1025
410974,973,1025
410975,970,1025
410976,974,1022
410977,977,1024
410978,979,1021
410979,976,1018
410980,973,1014
410981,973,1016
410982,975,1019
410983,980,1017
410984,980,1015
410985,977,1011
410986,975,1013
410987,979,1016
410988,982,1017
410989,983,1020
410990,983,1016
410991,986,1011
410992,989,1009
410993,989,1009
410994,992,1013
410995,995,1018
410996,994,1017
410997,993,1016
410998,992,1013
410999,996,1015
411000,1002,1015
411001,1003,1017
411002,1006,1017
411003,1004,1014
411004,1004,1014
411005,1005,1017
411006,1008,1021
411007,1007,1024
411008,1005,1026
411009,1004,1026
411010,999,1025
411011,999,1027
411012,997,1029
411013,1000,1032
411014,998,1032
411015,994,1031
411016,995,1032
411017,992,1037
411018,988,1043
411019,988,1042
411020,985,1042
411021,981,1041
411022,979,1043
411023,980,1044
411024,982,1047
411025,984,1050
411026,982,1049
411027,980,1048
411028,974,1048
411029,970,1050
411030,971,1056
411031,974,1058
411032,977,1052
411033,975,1051
411034,973,1047
411035,975,1048
411036,977,1052
411037,976,1053
411038,976,1052
411039,975,1047
411040,973,1048
411041,974,1049
411042,980,1053
411043,981,1054
411044,982,1052
411045,980,1051
411046,976,1049
411047,975,1044
411048,976,1050
411049,978,1049
411050,979,1048
411051,977,1043
411052,975,1041
411053,977,1043
411054,979,1045
411055,981,1045
411056,984,1043
411057,980,1040
411058,977,1039
411059,978,1040
411060,981,1044
411061,985,1045
411062,986,1045
411063,985,1042
411064,979,1037
411065,977,1040
411066,979,1044
411067,983,1048
411068,982,1045
411069,980,1043
411070,979,1043
411071,979,1043
411072,981,1047
411073,986,1048
411074,986,1048
411075,983,1045
411076,980,1045
411077,975,1046
411078,973,1048
411079,974,1051
411080,978,1049
411081,977,1046
411082,975,1042
411083,976,1045
411084,977,1049
411085,982,1049
411086,983,1045
411087,977,1044
411088,974,1041
411089,973,1045
411090,974,1046
411091,979,1046
411092,976,1043
411093,976,1037
411094,975,1035
411095,976,1035
411096,977,1039
411097,978,1039
411098,975,1038
411099,971,1035
411100,969,1036
411101,972,1039
411102,977,1043
411103,980,1046
411104,979,1043
411105,977,1042
411106,969,1040
411107,964,1039
411108,968,1044
411109,972,1047
411110,976,1045
411111,973,1043
411112,970,1041
411113,973,1043
411114,978,1049
411115,981,1049
411116,981,1048
411117,981,1043
411118,975,1043
411119,979,1039
411120,984,1041
411121,994,1041
411122,1004,1040
411123,1016,1035
411124,1030,1034
411125,1054,1032
411126,1088,1035
411127,1132,1028
411128,1178,1017
411129,1230,1007
411130,1276,1002
411131,1311,1005
411132,1333,1013
411133,1325,1026
411134,1285,1026
411135,1221,1025
411136,1152,1027
411137,1079,1042
411138,1017,1061
411139,975,1072
411140,958,1073
411141,960,1063
411142,967,1050
411143,976,1041
411144,974,1040
411145,972,1042
411146,969,1039
411147,968,1039
411148,965,1039
411149,961,1039
411150,962,1044
411151,964,1048
411152,963,1047
411153,960,1048
411154,962,1045
411155,958,1046
411156,957,1048
411157,960,1050
411158,963,1049
411159,961,1048
411160,960,1049
411161,956,1052
411162,953,1052
411163,958,1054
411164,957,1056
411165,956,1050
411166,954,1049
411167,950,1048
411168,954,1050
411169,952,1054
411170,952,1054
411171,947,1052
411172,947,1049
411173,951,1051
411174,958,1054
411175,961,1056
411176,958,1053
411177,957,1050
411178,951,1045
411179,949,1043
411180,949,1044
411181,954,1044
411182,954,1040
411183,953,1038
411184,953,1035
411185,952,1037
411186,957,1041
411187,959,1041
411188,960,1039
411189,958,1035
411190,954,1033
411191,954,1031
411192,957,1034
411193,961,1036
411194,960,1031
411195,962,1027
411196,961,1027
411197,962,1027
411198,965,1028
411199,967,1030
411200,965,1026
411201,969,1022
411202,971,1021
411203,975,1022
411204,980,1022
411205,983,1020
411206,983,1015
411207,981,1015
411208,977,1013
411209,982,1011
411210,987,1012
411211,990,1014
411212,992,1011
411213,989,1009
411214,985,1006
411215,987,1007
411216,993,1010
411217,998,1012
411218,1002,1010
411219,998,1008
411220,996,1002
411221,994,1010
411222,996,1013
411223,1002,1014
411224,1004,1013
411225,1003,1010
411226,996,1011
411227,994,1016
411228,997,1019
411229,998,1018
411230,997,1018
411231,992,1018
411232,984,1019
411233,982,1024
411234,984,1030
411235,989,1032
411236,983,1032
411237,979,1031
411238,973,1034
411239,970,1038
411240,974,1041
411241,976,1041
411242,973,1043
411243,971,1044
411244,966,1046
411245,966,1048
411246,963,1052
411247,964,1055
411248,966,1052
411249,963,1048
411250,961,1050
411251,963,1049
411252,965,1051
411253,969,1054
411254,968,1055
411255,965,1051
411256,962,1050
411257,963,1051
411258,966,1052
411259,971,1054
411260,973,1051
411261,969,1050
411262,963,1049
411263,966,1051
411264,966,1055
411265,971,1056
411266,973,1054
411267,968,1047
411268,966,1043
411269,964,1045
411270,972,1048
411271,976,1049
411272,977,1050
411273,973,1046
411274,970,1041
411275,971,1046
411276,970,1048
411277,973,1048
411278,975,1046
411279,974,1041
411280,974,1039
411281,974,1042
411282,978,1048
411283,979,1050
411284,977,1048
411285,971,1043
411286,968,1040
411287,967,1042
411288,969,1045
411289,975,1047
411290,976,1045
411291,973,1043
411292,970,1046
411293,971,1049
411294,970,1051
411295,971,1051
411296,970,1049
411297,970,1043
411298,967,1041
411299,969,1042
411300,971,1046
411301,973,1051
411302,974,1050
411303,974,1048
411304,971,1044
411305,969,1046
411306,972,1046
411307,972,1047
411308,974,1047
411309,971,1048
411310,968,1046
411311,970,1048
411312,971,1050
411313,972,1051
411314,976,1047
411315,976,1046
411316,973,1044
411317,976,1047
411318,978,1048
411319,981,1047
411320,980,1045
411321,977,1043
411322,975,1043
411323,972,1046
411324,972,1050
411325,971,1054
411326,970,1052
411327,972,1051
411328,967,1046
411329,968,1047
411330,971,1046
411331,974,1045
411332,974,1045
411333,969,1042
411334,964,1044
411335,968,1046
411336,969,1049
411337,977,1052
411338,973,1048
411339,968,1046
411340,964,1042
411341,968,1041
411342,973,1045
411343,977,1049
411344,977,1045
411345,975,1042
411346,974,1038
411347,979,1038
411348,980,1042
411349,980,1043
411350,980,1044
411351,975,1040
411352,976,1038
411353,981,1038
411354,991,1039
411355,998,1039
411356,1012,1033
411357,1024,1027
411358,1042,1023
411359,1073,1020
411360,1111,1020
411361,1151,1017
411362,1196,1008
411363,1240,997
411364,1281,990
411365,1316,991
411366,1336,999
411367,1335,1016
411368,1307,1020
411369,1258,1021
411370,1192,1023
411371,1126,1036
411372,1062,1050
411373,1014,1061
411374,983,1063
411375,977,1061
411376,983,1054
411377,991,1045
411378,999,1042
411379,996,1040
411380,990,1038
411381,983,1037
411382,976,1037
411383,970,1040
411384,972,1042
411385,970,1046
411386,967,1044
411387,963,1041
411388,958,1039
411389,958,1045
411390,960,1046
411391,962,1048
411392,962,1047
411393,956,1046
411394,952,1046
411395,951,1047
411396,949,1047
411397,953,1049
411398,953,1046
411399,952,1042
411400,949,1036
411401,950,1036
411402,953,1043
411403,955,1043
411404,952,1041
411405,949,1040
411406,949,1042
411407,950,1042
411408,953,1042
411409,955,1044
411410,953,1043
411411,953,1042
411412,952,1040
411413,952,1043
411414,957,1045
411415,955,1045
411416,959,1045
411417,960,1041
411418,957,1042
411419,957,1042
411420,960,1047
411421,964,1048
411422,965,1044
411423,960,1038
411424,960,1037
411425,963,1039
411426,966,1042
411427,966,1041
411428,966,1042
411429,964,1035
411430,963,1037
411431,965,1035
411432,968,1037
411433,969,1035
411434,968,1033
411435,968,1027
411436,964,1029
411437,968,1032
411438,968,1029
411439,978,1029
411440,977,1026
411441,977,1023
411442,979,1022
411443,981,1022
411444,982,1022
411445,986,1019
411446,983,1017
411447,979,1010
411448,980,1009
411449,981,1010
411450,986,1010
411451,991,1011
411452,992,1008
411453,991,1008
411454,992,1008
411455,993,1004
411456,996,1007
411457,1002,1009
411458,1002,1008
411459,1004,1005
411460,1000,1006
411461,1002,1006
411462,1000,1009
411463,1004,1012
411464,1005,1013
411465,1004,1011
411466,1004,1013
411467,1006,1016
411468,1009,1020
411469,1011,1019
411470,1013,1022
411471,1008,1019
411472,1006,1021
411473,1004,1025
411474,1005,1031
411475,1007,1034
411476,1006,1035
411477,1001,1033
411478,996,1034
411479,993,1039
411480,991,1041
411481,990,1044
411482,989,1042
411483,986,1039
411484,982,1041
411485,983,1045
411486,983,1046
411487,981,1048
411488,981,1048
411489,979,1044
411490,980,1043
411491,981,1046
411492,981,1049
411493,979,1055
411494,979,1050
411495,976,1049
411496,974,1049
411497,975,1049
411498,978,1050
411499,981,1052
411500,980,1052
411501,980,1049
411502,978,1048
411503,978,1049
411504,982,1050
411505,986,1053
411506,983,1050
411507,986,1049
411508,986,1047
411509,988,1049
411510,989,1051
411511,996,1052
411512,998,1052
411513,999,1050
411514,1004,1050
411515,1004,1050
411516,1010,1057
411517,1013,1061
411518,1019,1062
411519,1021,1063
411520,1027,1065
411521,1034,1066
411522,1052,1066
411523,1070,1051
411524,1084,1028
411525,1095,1009
411526,1109,991
411527,1127,979
411528,1147,965
411529,1167,952
411530,1189,934
411531,1209,910
411532,1224,881
411533,1246,858
411534,1265,840
411535,1282,828
411536,1293,814
411537,1301,800
411538,1301,790
411539,1304,790
411540,1304,790
411541,1308,789
411542,1302,782
411543,1290,781
411544,1276,780
411545,1259,784
411546,1246,789
411547,1231,797
411548,1210,806
411549,1185,813
411550,1160,824
411551,1143,838
411552,1133,855
411553,1129,874
411554,1128,887
411555,1126,895
411556,1121,906
411557,1116,921
411558,1113,933
411559,1118,944
411560,1125,954
411561,1135,963
411562,1148,968
411563,1150,973
411564,1137,983
411565,1107,994
411566,1057,1002
411567,1007,1015
411568,966,1031
411569,943,1048
411570,930,1065
411571,929,1083
411572,922,1091
411573,911,1095
411574,908,1095
411575,904,1098
411576,903,1105
411577,901,1110
411578,900,1109
411579,891,1111
411580,887,1115
411581,886,1117
411582,882,1120
411583,886,1127
411584,883,1123
411585,880,1123
411586,878,1124
411587,878,1129
411588,877,1133
411589,875,1139
411590,876,1136
411591,869,1137
411592,861,1140
411593,862,1143
411594,864,1148
411595,864,1151
411596,860,1151
411597,858,1149
411598,853,1149
411599,852,1154
411600,849,1159
411601,850,1163
411602,847,1163
411603,843,1164
411604,841,1163
411605,839,1167
411606,843,1177
411607,845,1178
411608,845,1181
411609,842,1181
411610,836,1181
411611,835,1185
411612,835,1186
411613,834,1193
411614,829,1192
411615,826,1192
411616,826,1193
411617,826,1198
411618,823,1206
411619,829,1209
411620,831,1212
411621,830,1211
411622,828,1211
411623,828,1213
411624,833,1217
411625,837,1220
411626,837,1219
411627,838,1216
411628,839,1215
411629,844,1214
411630,845,1217
411631,854,1215
411632,857,1212
411633,854,1210
411634,855,1205
411635,864,1204
411636,868,1204
411637,874,1202
411638,881,1197
411639,884,1191
411640,883,1185
411641,891,1181
411642,896,1179
411643,901,1178
411644,904,1173
411645,904,1167
411646,908,1159
411647,915,1154
411648,921,1147
411649,925,1146
411650,927,1138
411651,928,1132
411652,928,1127
411653,928,1121
411654,931,1117
411655,936,1112
411656,937,1106
411657,938,1101
411658,940,1093
411659,940,1093
411660,941,1092
411661,950,1088
411662,951,1080
411663,949,1075
411664,948,1071
411665,949,1072
411666,954,1073
411667,958,1072
411668,960,1068
411669,959,1064
411670,955,1057
411671,957,1057
411672,961,1060
411673,963,1063
411674,963,1062
411675,961,1058
411676,960,1057
411677,962,1057
411678,966,1060
411679,970,1059
411680,969,1054
411681,965,1052
411682,961,1051
411683,958,1054
411684,959,1058
411685,958,1057
411686,962,1054
411687,965,1049
411688,966,1051
411689,969,1054
411690,971,1056
411691,976,1056
411692,974,1053
411693,969,1052
411694,970,1048
411695,971,1049
411696,972,1049
411697,979,1050
411698,978,1048
411699,975,1045
411700,972,1047
411701,975,1045
411702,975,1050
411703,983,1049
411704,977,1047
411705,975,1045
411706,971,1047
411707,973,1049
411708,973,1050
411709,981,1053
411710,978,1050
411711,976,1050
411712,971,1048
411713,973,1049
411714,975,1054
411715,979,1052
411716,976,1051
411717,975,1048
411718,973,1047
411719,976,1047
411720,979,1047
411721,980,1050
411722,981,1048
411723,977,1048
411724,974,1047
411725,973,1048
411726,973,1051
411727,980,1054
411728,977,1051
411729,975,1045
411730,973,1045
411731,972,1048
411732,975,1051
411733,977,1048
411734,977,1047
411735,973,1044
411736,973,1043
411737,971,1046
411738,977,1046
411739,978,1050
411740,975,1051
411741,973,1048
411742,972,1048
411743,971,1047
411744,971,1050
411745,976,1048
411746,976,1049
411747,972,1049
411748,969,1046
411749,970,1047
411750,971,1049
411751,974,1049
411752,975,1050
411753,975,1046
411754,973,1043
411755,973,1041
411756,976,1046
411757,976,1042
411758,976,1042
411759,972,1038
411760,972,1040
411761,970,1042
411762,977,1046
411763,981,1043
411764,983,1040
411765,979,1039
411766,976,1039
411767,972,1040
411768,974,1045
411769,981,1047
411770,984,1046
411771,982,1046
411772,980,1046
411773,978,1046
411774,981,1048
411775,985,1051
411776,986,1047
411777,982,1043
411778,979,1042
411779,976,1044
411780,978,1045
411781,980,1047
411782,980,1046
411783,976,1043
411784,973,1043
411785,976,1047
411786,977,1048
411787,982,1050
411788,982,1046
411789,977,1045
411790,975,1046
411791,972,1044
411792,975,1047
411793,977,1051
411794,978,1048
411795,976,1047
411796,973,1046
411797,974,1046
411798,975,1050
411799,978,1048
411800,979,1049
411801,978,1048
411802,974,1045
411803,973,1045
411804,975,1049
411805,980,1051
411806,980,1048
411807,975,1048
411808,971,1047
411809,972,1049
411810,974,1049
411811,977,1051
411812,974,1044
411813,971,1044
411814,968,1044
411815,970,1044
411816,968,1046
411817,970,1046
411818,970,1040
411819,972,1039
411820,974,1037
411821,976,1040
411822,977,1042
411823,982,1043
411824,978,1039
411825,975,1039
411826,974,1036
411827,975,1040
411828,982,1043
411829,984,1044
411830,982,1044
411831,980,1040
411832,976,1040
411833,975,1043
411834,980,1045
411835,984,1048
411836,983,1047
411837,983,1043
411838,981,1043
411839,980,1046
411840,982,1045
411841,985,1049
411842,983,1047
411843,981,1045
411844,978,1046
411845,975,1046
411846,975,1048
411847,980,1050
411848,981,1048
411849,981,1044
411850,979,1042
411851,980,1044
411852,981,1046
411853,980,1047
411854,980,1048
411855,979,1045
411856,978,1043
411857,979,1044
411858,983,1046
411859,986,1045
411860,985,1047
411861,980,1039
411862,975,1037
411863,974,1042
411864,977,1041
411865,980,1043
411866,980,1041
411867,979,1038
411868,974,1036
411869,974,1038
411870,980,1041
411871,983,1041
411872,985,1037
411873,979,1035
411874,978,1035
411875,977,1037
411876,979,1044
411877,983,1045
411878,981,1043
411879,982,1040
411880,983,1037
411881,981,1041
411882,983,1044
411883,986,1047
411884,984,1046
411885,982,1041
411886,978,1041
411887,982,1040
411888,985,1043
411889,988,1047
411890,989,1044
411891,985,1043
411892,985,1041
411893,985,1044
411894,987,1048
411895,989,1045
411896,992,1042
411897,989,1043
411898,987,1042
411899,991,1041
411900,991,1044
411901,993,1044
411902,996,1044
411903,994,1040
411904,991,1039
411905,989,1039
411906,993,1045
411907,998,1046
411908,998,1046
411909,997,1043
411910,1000,1039
411911,1001,1038
411912,1006,1034
411913,1013,1033
411914,1018,1028
411915,1023,1027
411916,1039,1025
411917,1059,1026
411918,1086,1024
411919,1122,1020
411920,1158,1011
411921,1197,998
411922,1235,990
411923,1278,986
411924,1319,986
411925,1353,990
411926,1364,999
411927,1346,1012
411928,1309,1019
411929,1256,1026
411930,1199,1034
411931,1143,1041
411932,1085,1045
411933,1030,1046
411934,996,1045
411935,986,1049
411936,991,1049
411937,1001,1043
411938,1002,1036
411939,992,1031
411940,983,1030
411941,983,1035
411942,980,1038
411943,976,1040
411944,972,1042
411945,966,1040
411946,964,1042
411947,963,1041
411948,963,1043
411949,968,1043
411950,967,1042
411951,966,1041
411952,959,1041
411953,963,1045
411954,965,1049
411955,967,1050
411956,969,1048
411957,969,1042
411958,968,1042
411959,969,1043
411960,971,1041
411961,975,1042
411962,969,1041
411963,962,1043
411964,955,1044
411965,953,1047
411966,952,1055
411967,951,1055
411968,953,1055
411969,951,1052
411970,948,1049
411971,952,1051
411972,953,1054
411973,957,1052
411974,960,1052
411975,960,1048
411976,956,1047
411977,958,1047
411978,964,1048
411979,965,1044
411980,966,1041
411981,962,1039
411982,961,1037
411983,962,1041
411984,966,1043
411985,970,1043
411986,971,1039
411987,971,1038
411988,971,1033
411989,974,1034
411990,976,1037
411991,979,1039
411992,981,1033
411993,986,1031
411994,990,1029
411995,987,1028
411996,983,1029
411997,984,1031
411998,982,1029
411999,982,1025
412000,981,1023
412001,983,1027
412002,985,1030
412003,985,1030
412004,987,1027
412005,981,1026
412006,976,1029
412007,977,1029
412008,979,1034
412009,987,1032
412010,987,1029
412011,988,1022
412012,987,1019
412013,986,1021
412014,992,1023
412015,998,1023
412016,999,1019
412017,998,1018
412018,997,1015
412019,998,1017
412020,1001,1018
412021,1006,1019
412022,1007,1020
412023,1008,1019
412024,1009,1020
412025,1009,1022
412026,1015,1024
412027,1023,1024
412028,1025,1021
412029,1023,1018
412030,1026,1016
412031,1031,1016
412032,1034,1017
412033,1034,1015
412034,1027,1013
412035,1018,1013
412036,1017,1018
412037,1021,1022
412038,1027,1025
412039,1029,1025
412040,1024,1024
412041,1017,1021
412042,1012,1020
412043,1013,1026
412044,1014,1030
412045,1011,1026
412046,998,1024
412047,985,1026
412048,979,1033
412049,978,1043
412050,979,1048
412051,983,1048
412052,979,1044
412053,977,1039
412054,977,1039
412055,977,1043
412056,979,1046
412057,977,1047
412058,982,1046
412059,981,1044
412060,979,1044
412061,979,1043
412062,981,1045
412063,983,1047
412064,982,1044
412065,979,1043
412066,973,1042
412067,973,1041
412068,975,1043
412069,983,1046
412070,982,1042
412071,981,1042
412072,979,1043
412073,981,1049
412074,981,1048
412075,984,1048
412076,983,1048
412077,980,1045
412078,980,1047
412079,982,1048
412080,986,1053
412081,992,1051
412082,996,1046
412083,1000,1036
412084,1001,1029
412085,995,1026
412086,986,1030
412087,979,1036
412088,973,1043
412089,978,1047
412090,982,1045
412091,982,1040
412092,986,1040
412093,992,1039
412094,992,1036
412095,989,1032
412096,986,1031
412097,982,1032
412098,984,1036
412099,987,1039
412100,987,1037
412101,984,1034
412102,983,1036
412103,985,1035
412104,989,1035
412105,998,1036
412106,1006,1030
412107,1016,1025
412108,1014,1020
412109,997,1016
412110,977,1019
412111,963,1032
412112,966,1043
412113,969,1047
412114,974,1048
412115,976,1047
412116,976,1044
412117,978,1041
412118,975,1038
412119,973,1036
412120,979,1039
412121,979,1043
412122,984,1041
412123,986,1040
412124,983,1036
412125,983,1039
412126,984,1041
412127,993,1046
412128,996,1046
412129,991,1036
412130,976,1029
412131,961,1029
412132,954,1036
412133,960,1046
412134,970,1052
412135,981,1048
412136,989,1042
412137,984,1034
412138,979,1032
412139,969,1033
412140,965,1040
412141,967,1043
412142,968,1043
412143,972,1041
412144,973,1040
412145,975,1041
412146,976,1043
412147,982,1042
412148,979,1041
412149,978,1038
412150,981,1038
412151,984,1037
412152,990,1038
412153,993,1038
412154,994,1034
412155,996,1029
412156,998,1028
412157,1005,1029
412158,1026,1026
412159,1049,1025
412160,1074,1019
412161,1092,1010
412162,1116,1007
412163,1149,1007
412164,1196,1009
412165,1252,1006
412166,1301,1003
412167,1332,1002
412168,1343,1012
412169,1327,1026
412170,1290,1035
412171,1241,1035
412172,1178,1037
412173,1112,1044
412174,1045,1058
412175,988,1070
412176,961,1079
412177,954,1079
412178,962,1070
412179,969,1057
412180,976,1044
412181,983,1040
412182,986,1039
412183,986,1036
412184,978,1034
412185,968,1030
412186,962,1029
412187,961,1031
412188,964,1035
412189,971,1035
412190,978,1033
412191,980,1031
412192,971,1030
412193,962,1031
412194,950,1031
412195,942,1025
412196,933,1026
412197,933,1029
412198,932,1039
412199,930,1046
412200,933,1052
412201,944,1050
412202,951,1051
412203,951,1041
412204,943,1036
412205,934,1037
412206,932,1043
412207,935,1049
412208,936,1048
412209,938,1045
412210,936,1043
412211,939,1047
412212,944,1048
412213,946,1046
412214,947,1044
412215,947,1038
412216,947,1038
412217,946,1036
412218,947,1038
412219,946,1040
412220,945,1037
412221,943,1035
412222,942,1032
412223,946,1031
412224,950,1033
412225,958,1031
412226,957,1028
412227,957,1028
412228,955,1028
412229,956,1030
412230,960,1035
412231,972,1036
412232,984,1033
412233,984,1027
412234,970,1024
412235,957,1027
412236,950,1032
412237,957,1041
412238,974,1046
412239,994,1045
412240,996,1031
412241,985,1011
412242,968,998
412243,954,991
412244,943,999
412245,937,1007
412246,939,1016
412247,946,1021
412248,961,1021
412249,974,1018
412250,972,1009
412251,963,1002
412252,954,998
412253,955,1005
412254,960,1013
412255,964,1014
412256,967,1011
412257,968,1008
412258,968,1005
412259,970,1005
412260,975,1007
412261,980,1007
412262,982,1007
412263,986,1005
412264,987,1002
412265,988,1004
412266,990,1007
412267,991,1005
412268,991,1006
412269,987,1005
412270,985,1006
412271,985,1007
412272,987,1009
412273,990,1012
412274,990,1011
412275,987,1010
412276,987,1013
412277,986,1018
412278,986,1022
412279,987,1023
412280,982,1024
412281,975,1024
412282,969,1025
412283,971,1029
412284,975,1035
412285,976,1039
412286,977,1038
412287,972,1038
412288,972,1041
412289,973,1047
412290,974,1047
412291,979,1047
412292,979,1046
412293,972,1041
412294,967,1041
412295,962,1044
412296,957,1051
412297,963,1054
412298,964,1053
412299,968,1050
412300,970,1049
412301,970,1048
412302,970,1050
412303,974,1050
412304,966,1047
412305,964,1046
412306,962,1044
412307,962,1048
412308,963,1049
412309,967,1051
412310,966,1049
412311,969,1047
412312,967,1043
412313,971,1044
412314,975,1046
412315,972,1048
412316,979,1046
412317,974,1046
412318,975,1042
412319,974,1042
412320,976,1044
412321,980,1046
412322,982,1041
412323,985,1041
412324,989,1038
412325,992,1035
412326,992,1032
412327,982,1035
412328,967,1037
412329,957,1037
412330,956,1041
412331,961,1046
412332,968,1047
412333,972,1045
412334,971,1042
412335,970,1037
412336,964,1033
412337,969,1037
412338,970,1041
412339,971,1043
412340,975,1039
412341,973,1037
412342,972,1032
412343,972,1037
412344,976,1038
412345,979,1038
412346,977,1033
412347,974,1034
412348,973,1034
412349,974,1036
412350,976,1040
412351,977,1038
412352,977,1039
412353,977,1038
412354,973,1038
412355,976,1041
412356,978,1041
412357,981,1043
412358,981,1042
412359,976,1043
412360,974,1043
412361,973,1045
412362,978,1047
412363,981,1047
412364,983,1044
412365,979,1041
412366,970,1043
412367,970,1047
412368,969,1050
412369,975,1052
412370,975,1051
412371,971,1047
412372,969,1046
412373,973,1050
412374,976,1051
412375,979,1051
412376,978,1047
412377,977,1045
412378,971,1046
412379,969,1047
412380,975,1051
412381,977,1050
412382,980,1048
412383,979,1045
412384,976,1044
412385,978,1045
412386,982,1046
412387,983,1045
412388,981,1044
412389,979,1041
412390,978,1040
412391,978,1043
412392,980,1043
412393,986,1043
412394,987,1042
412395,984,1036
412396,981,1036
412397,980,1039
412398,978,1039
412399,983,1037
412400,981,1033
412401,979,1029
412402,981,1028
412403,983,1032
412404,986,1034
412405,994,1031
412406,998,1026
412407,1004,1021
412408,1016,1022
412409,1034,1023
412410,1056,1025
412411,1081,1023
412412,1112,1024
412413,1149,1011
412414,1186,1002
412415,1233,994
412416,1280,992
412417,1323,990
412418,1344,996
412419,1340,1007
412420,1307,1017
412421,1258,1025
412422,1195,1034
412423,1134,1048
412424,1072,1061
412425,1018,1065
412426,986,1071
412427,975,1069
412428,987,1064
412429,1000,1055
412430,1006,1042
412431,1002,1035
412432,996,1032
412433,990,1034
412434,987,1039
412435,990,1040
412436,983,1038
412437,978,1035
412438,971,1036
412439,970,1041
412440,971,1043
412441,972,1043
412442,971,1041
412443,971,1039
412444,972,1040
412445,973,1042
412446,971,1045
412447,974,1045
412448,971,1042
412449,966,1039
412450,965,1041
412451,964,1041
412452,964,1043
412453,969,1043
412454,968,1040
412455,962,1040
412456,962,1042
412457,961,1041
412458,964,1044
412459,966,1044
412460,966,1046
412461,967,1044
412462,964,1046
412463,965,1047
412464,968,1049
412465,968,1050
412466,968,1048
412467,965,1044
412468,963,1043
412469,966,1044
412470,966,1048
412471,973,1051
412472,973,1046
412473,974,1045
412474,973,1044
412475,972,1045
412476,972,1047
412477,976,1048
412478,975,1044
412479,975,1037
412480,974,1039
412481,972,1039
412482,977,1043
412483,979,1044
412484,978,1039
412485,976,1034
412486,974,1031
412487,974,1033
412488,975,1034
412489,980,1033
412490,983,1028
412491,987,1024
412492,987,1024
412493,994,1024
412494,996,1025
412495,1001,1025
412496,1001,1022
412497,997,1019
412498,995,1017
412499,993,1017
412500,997,1019
412501,1001,1019
412502,1003,1019
412503,1002,1014
412504,998,1014
412505,1000,1014
412506,1004,1015
412507,1009,1014
412508,1010,1012
412509,1008,1011
412510,1008,1012
412511,1010,1015
412512,1013,1017
412513,1019,1015
412514,1017,1014
412515,1019,1010
412516,1015,1008
412517,1016,1012
412518,1016,1015
412519,1017,1017
412520,1016,1018
412521,1017,1016
412522,1013,1019
412523,1017,1023
412524,1019,1026
412525,1020,1028
412526,1020,1030
412527,1012,1027
412528,1010,1028
412529,1008,1032
412530,1008,1036
412531,1007,1036
412532,1006,1037
412533,1004,1035
412534,1002,1033
412535,1000,1041
412536,1001,1043
412537,1004,1044
412538,999,1042
412539,994,1041
412540,990,1041
412541,989,1045
412542,990,1050
412543,993,1048
412544,988,1047
412545,989,1042
412546,987,1047
412547,989,1047
412548,988,1049
412549,991,1048
412550,990,1044
412551,987,1043
412552,985,1042
412553,986,1045
412554,988,1050
412555,990,1049
412556,991,1047
412557,988,1044
412558,988,1044
412559,993,1045
412560,996,1048
412561,1003,1048
412562,1003,1043
412563,1001,1039
412564,1002,1039
412565,1007,1039
412566,1014,1041
412567,1018,1044
412568,1018,1047
412569,1020,1048
412570,1021,1049
412571,1027,1056
412572,1033,1058
412573,1045,1063
412574,1060,1058
412575,1068,1049
412576,1077,1033
412577,1090,1016
412578,1106,1004
412579,1126,988
412580,1143,973
412581,1157,957
412582,1176,942
412583,1198,927
412584,1218,905
412585,1242,879
412586,1256,855
412587,1272,836
412588,1279,819
412589,1291,811
412590,1299,803
412591,1301,802
412592,1305,795
412593,1301,789
412594,1298,781
412595,1293,781
412596,1286,786
412597,1275,791
412598,1260,789
412599,1240,787
412600,1212,789
412601,1189,798
412602,1168,812
412603,1148,822
412604,1131,835
412605,1119,846
412606,1110,863
412607,1110,879
412608,1108,898
412609,1108,909
412610,1106,915
412611,1101,923
412612,1105,935
412613,1111,950
412614,1123,965
412615,1141,971
412616,1143,976
412617,1125,981
412618,1089,990
412619,1043,1003
412620,1004,1020
412621,972,1035
412622,947,1049
412623,932,1060
412624,921,1079
412625,914,1092
412626,910,1100
412627,906,1102
412628,897,1102
412629,891,1104
412630,886,1106
412631,887,1112
412632,885,1116
412633,883,1118
412634,878,1118
412635,872,1118
412636,866,1120
412637,864,1125
412638,864,1131
412639,867,1133
412640,866,1132
412641,862,1131
412642,860,1130
412643,861,1132
412644,861,1136
412645,863,1138
412646,860,1139
412647,854,1138
412648,852,1142
412649,851,1147
412650,852,1152
412651,853,1155
412652,849,1156
412653,842,1158
412654,835,1158
412655,836,1163
412656,839,1168
412657,838,1168
412658,839,1168
412659,839,1168
412660,839,1168
412661,839,1174
412662,839,1179
412663,840,1184
412664,840,1183
412665,836,1186
412666,831,1190
412667,834,1196
412668,836,1200
412669,841,1202
412670,842,1200
412671,842,1201
412672,838,1201
412673,839,1205
412674,839,1212
412675,844,1215
412676,847,1211
412677,847,1211
412678,849,1209
412679,849,1208
412680,852,1210
412681,855,1211
412682,859,1205
412683,862,1198
412684,863,1196
412685,868,1194
412686,874,1193
412687,881,1188
412688,889,1182
412689,889,1176
412690,888,1168
412691,893,1168
412692,899,1162
412693,907,1159
412694,912,1152
412695,913,1144
412696,915,1138
412697,919,1137
412698,926,1134
412699,931,1128
412700,934,1122
412701,937,1111
412702,933,1106
412703,935,1103
412704,940,1103
412705,945,1092
412706,945,1084
412707,947,1077
412708,944,1072
412709,947,1073
412710,948,1073
412711,957,1069
412712,957,1064
412713,955,1058
412714,953,1058
412715,951,1058
412716,959,1062
412717,963,1060
412718,962,1058
412719,960,1056
412720,959,1054
412721,961,1053
412722,961,1056
412723,964,1056
412724,964,1056
412725,960,1051
412726,962,1050
412727,959,1051
412728,963,1054
412729,964,1052
412730,965,1052
412731,963,1047
412732,960,1048
412733,958,1052
412734,962,1054
412735,965,1057
412736,964,1057
412737,962,1053
412738,958,1051
412739,958,1053
412740,963,1059
412741,963,1059
412742,960,1057
412743,959,1054
412744,959,1052
412745,961,1056
412746,966,1055
412747,969,1055
412748,971,1052
412749,969,1046
412750,961,1046
412751,964,1046
412752,964,1050
412753,965,1053
412754,966,1055
412755,968,1049
412756,968,1045
412757,970,1044
412758,972,1047
412759,972,1048
412760,972,1048
412761,972,1044
412762,969,1042
412763,969,1043
412764,968,1047
412765,976,1048
412766,975,1046
412767,972,1042
412768,968,1044
412769,969,1048
412770,971,1052
412771,976,1051
412772,974,1048
412773,972,1047
412774,965,1044
412775,970,1049
412776,970,1050
412777,972,1049
412778,968,1047
412779,966,1044
412780,964,1046
412781,965,1049
412782,967,1051
412783,970,1049
412784,969,1050
412785,972,1044
412786,969,1041
412787,972,1041
412788,974,1041
412789,972,1041
412790,968,1043
412791,966,1042
412792,966,1044
412793,969,1046
412794,967,1046
412795,970,1047
412796,970,1046
412797,967,1043
412798,962,1044
412799,963,1045
412800,969,1048
412801,974,1048
412802,975,1047
412803,972,1044
412804,972,1042
412805,971,1044
412806,971,1047
412807,975,1046
412808,974,1048
412809,973,1046
412810,968,1045
412811,973,1046
412812,976,1052
412813,979,1051
412814,976,1051
412815,974,1046
412816,969,1048
412817,969,1050
412818,969,1049
412819,972,1049
412820,967,1048
412821,967,1046
412822,963,1048
412823,965,1054
412824,967,1055
412825,968,1056
412826,969,1054
412827,963,1050
412828,961,1047
412829,965,1046
412830,969,1047
412831,974,1044
412832,969,1041
412833,969,1036
412834,967,1038
412835,968,1040
412836,971,1042
412837,970,1040
412838,971,1038
412839,970,1038
412840,965,1037
412841,966,1039
412842,969,1043
412843,971,1044
412844,970,1045
412845,967,1040
412846,965,1041
412847,965,1044
412848,969,1047
412849,971,1045
412850,971,1043
412851,971,1044
412852,966,1046
412853,970,1047
412854,973,1048
412855,973,1046
412856,970,1046
412857,971,1045
412858,971,1044
412859,971,1045
412860,973,1049
412861,972,1050
412862,971,1049
412863,967,1044
412864,965,1049
412865,968,1050
412866,973,1053
412867,978,1057
412868,974,1056
412869,973,1055
412870,972,1055
412871,971,1055
412872,972,1054
412873,972,1052
412874,975,1050
412875,974,1043
412876,971,1040
412877,976,1042
412878,979,1044
412879,983,1041
412880,980,1040
412881,982,1042
412882,979,1041
412883,979,1044
412884,979,1045
412885,981,1044
412886,979,1042
412887,978,1037
412888,976,1038
412889,976,1040
412890,981,1043
412891,982,1042
412892,979,1040
412893,977,1036
412894,977,1037
412895,983,1038
412896,985,1042
412897,987,1040
412898,982,1044
412899,983,1040
412900,984,1040
412901,985,1040
412902,988,1043
412903,989,1041
412904,989,1038
412905,985,1037
412906,980,1036
412907,987,1038
412908,995,1033
412909,1011,1033
412910,1021,1028
412911,1035,1024
412912,1055,1023
412913,1088,1024
412914,1121,1023
412915,1163,1013
412916,1206,1004
412917,1249,994
412918,1293,994
412919,1329,999
412920,1344,1016
412921,1333,1030
412922,1285,1036
412923,1221,1033
412924,1149,1042
412925,1081,1054
412926,1023,1065
412927,989,1068
412928,979,1063
412929,982,1052
412930,985,1045
412931,989,1039
412932,983,1038
412933,986,1036
412934,984,1036
412935,979,1033
412936,970,1031
412937,969,1035
412938,968,1039
412939,967,1040
412940,964,1039
412941,958,1038
412942,957,1038
412943,957,1042
412944,960,1044
412945,966,1043
412946,962,1043
412947,957,1042
412948,954,1042
412949,954,1044
412950,953,1047
412951,954,1047
412952,953,1042
412953,947,1038
412954,947,1039
412955,948,1040
412956,950,1045
412957,953,1045
412958,951,1043
412959,949,1040
412960,945,1042
412961,949,1044
412962,952,1047
412963,955,1046
412964,955,1047
412965,950,1045
412966,948,1045
412967,951,1049
412968,953,1051
412969,954,1052
412970,950,1051
412971,946,1049
412972,950,1050
412973,955,1048
412974,959,1053
412975,962,1049
412976,962,1042
412977,962,1038
412978,959,1039
412979,960,1039
412980,961,1043
412981,965,1038
412982,967,1035
412983,964,1031
412984,962,1033
412985,962,1036
412986,967,1038
412987,969,1035
412988,970,1030
412989,970,1026
412990,966,1027
412991,967,1026
412992,972,1027
412993,974,1026
412994,974,1024
412995,973,1019
412996,975,1018
412997,972,1021
412998,971,1023
412999,979,1022
413000,976,1022
413001,976,1017
413002,975,1014
413003,978,1016
413004,984,1016
413005,989,1016
413006,990,1015
413007,987,1012
413008,988,1011
413009,987,1012
413010,992,1014
413011,997,1014
413012,998,1015
413013,999,1012
413014,1002,1008
413015,1006,1012
413016,1009,1017
413017,1009,1019
413018,1009,1019
413019,1008,1015
413020,1009,1019
413021,1010,1021
413022,1017,1023
413023,1019,1022
413024,1017,1020
413025,1014,1018
413026,1011,1021
413027,1011,1023
413028,1011,1027
413029,1009,1027
413030,1010,1025
413031,1008,1027
413032,1001,1024
413033,999,1031
413034,1000,1035
413035,1004,1035
413036,1000,1035
413037,993,1034
413038,988,1034
413039,989,1039
413040,987,1040
413041,989,1040
413042,988,1039
413043,984,1038
413044,976,1039
413045,976,1041
413046,978,1044
413047,982,1044
413048,980,1043
413049,980,1041
413050,976,1040
413051,973,1040
413052,973,1042
413053,980,1044
413054,979,1039
413055,979,1038
413056,971,1041
413057,978,1043
413058,977,1046
413059,984,1044
413060,984,1045
413061,981,1042
413062,978,1041
413063,981,1050
413064,983,1053
413065,986,1055
413066,986,1049
413067,985,1046
413068,982,1044
413069,981,1044
413070,983,1045
413071,986,1045
413072,982,1038
413073,982,1037
413074,979,1037
413075,977,1038
413076,978,1038
413077,979,1039
413078,983,1037
413079,978,1035
413080,980,1036
413081,977,1036
413082,979,1039
413083,983,1038
413084,979,1034
413085,975,1032
413086,972,1033
413087,975,1036
413088,977,1038
413089,981,1037
413090,979,1036
413091,973,1034
413092,970,1032
413093,970,1036
413094,973,1038
413095,974,1036
413096,974,1036
413097,975,1034
413098,972,1034
413099,971,1035
413100,973,1039
413101,975,1039
413102,975,1037
413103,973,1036
413104,967,1037
413105,967,1043
413106,971,1043
413107,974,1044
413108,971,1044
413109,970,1044
413110,970,1045
413111,972,1048
413112,977,1047
413113,977,1044
413114,977,1041
413115,976,1042
413116,974,1040
413117,974,1044
413118,975,1045
413119,976,1046
413120,973,1043
413121,973,1040
413122,969,1039
413123,973,1041
413124,975,1042
413125,979,1039
413126,973,1038
413127,966,1039
413128,961,1039
413129,962,1040
413130,962,1045
413131,965,1045
413132,966,1045
413133,966,1039
413134,964,1040
413135,966,1042
413136,967,1043
413137,968,1043
413138,965,1041
413139,965,1043
413140,959,1041
413141,960,1042
413142,964,1044
413143,967,1043
413144,969,1040
413145,965,1038
413146,963,1041
413147,961,1037
413148,967,1041
413149,967,1042
413150,969,1044
413151,965,1043
413152,963,1044
413153,967,1045
413154,969,1050
413155,971,1053
413156,971,1054
413157,972,1051
413158,970,1052
413159,971,1052
413160,972,1052
413161,973,1049
413162,972,1047
413163,969,1043
413164,968,1042
413165,967,1044
413166,971,1044
413167,977,1041
413168,974,1040
413169,971,1035
413170,967,1033
413171,970,1037
413172,972,1042
413173,978,1042
413174,978,1040
413175,973,1036
413176,973,1037
413177,972,1040
413178,974,1042
413179,972,1043
413180,974,1039
413181,971,1037
413182,967,1035
413183,973,1035
413184,973,1038
413185,975,1037
413186,975,1038
413187,967,1035
413188,970,1035
413189,971,1037
413190,976,1040
413191,979,1039
413192,977,1038
413193,978,1032
413194,975,1031
413195,981,1033
413196,991,1032
413197,1003,1030
413198,1013,1028
413199,1026,1023
413200,1048,1024
413201,1078,1023
413202,1115,1021
413203,1157,1011
413204,1204,1003
413205,1249,998
413206,1283,997
413207,1312,1007
413208,1312,1022
413209,1288,1030
413210,1232,1030
413211,1161,1033
413212,1092,1046
413213,1028,1063
413214,989,1071
413215,972,1072
413216,975,1066
413217,984,1048
413218,987,1041
413219,989,1038
413220,985,1038
413221,981,1037
413222,973,1034
413223,966,1035
413224,961,1037
413225,958,1041
413226,958,1039
413227,959,1042
413228,961,1043
413229,958,1038
413230,956,1039
413231,951,1037
413232,951,1041
413233,953,1041
413234,952,1037
413235,951,1038
413236,950,1038
413237,948,1043
413238,950,1045
413239,953,1045
413240,954,1042
413241,950,1039
413242,949,1041
413243,950,1046
413244,952,1050
413245,953,1050
413246,956,1048
413247,951,1043
413248,950,1045
413249,954,1047
413250,955,1051
413251,956,1046
413252,956,1038
413253,954,1036
413254,953,1033
413255,956,1037
413256,959,1039
413257,959,1039
413258,956,1039
413259,957,1038
413260,951,1037
413261,952,1037
413262,954,1036
413263,961,1037
413264,957,1033
413265,954,1032
413266,955,1031
413267,959,1034
413268,961,1036
413269,966,1031
413270,963,1029
413271,956,1028
413272,956,1025
413273,955,1028
413274,957,1029
413275,963,1029
413276,968,1026
413277,966,1024
413278,964,1025
413279,965,1026
413280,969,1027
413281,972,1025
413282,972,1022
413283,971,1018
413284,971,1018
413285,975,1021
413286,979,1023
413287,983,1021
413288,981,1021
413289,975,1022
413290,973,1020
413291,975,1022
413292,981,1023
413293,985,1020
413294,980,1015
413295,981,1011
413296,982,1009
413297,986,1011
413298,989,1014
413299,991,1012
413300,988,1009
413301,987,1006
413302,985,1005
413303,990,1011
413304,993,1011
413305,994,1013
413306,988,1013
413307,990,1014
413308,989,1016
413309,992,1020
413310,992,1023
413311,996,1021
413312,993,1025
413313,992,1021
413314,985,1026
413315,983,1032
413316,985,1037
413317,987,1039
413318,985,1036
413319,983,1034
413320,978,1037
413321,978,1039
413322,977,1044
413323,978,1045
413324,979,1044
413325,978,1045
413326,974,1044
413327,976,1046
413328,975,1050
413329,977,1052
413330,977,1051
413331,973,1048
413332,975,1046
413333,976,1050
413334,977,1053
413335,979,1054
413336,979,1052
413337,979,1048
413338,979,1046
413339,982,1049
413340,981,1048
413341,985,1047
413342,984,1044
413343,984,1040
413344,986,1038
413345,989,1040
413346,993,1042
413347,997,1044
413348,998,1043
413349,1001,1043
413350,1002,1045
413351,1003,1050
413352,1009,1055
413353,1021,1055
413354,1031,1055
413355,1041,1050
413356,1053,1040
413357,1071,1023
413358,1084,1009
413359,1103,990
413360,1118,976
413361,1134,958
413362,1155,946
413363,1174,928
413364,1201,910
413365,1224,884
413366,1246,856
413367,1261,833
413368,1275,815
413369,1286,805
413370,1291,798
413371,1295,793
413372,1294,787
413373,1293,784
413374,1289,784
413375,1283,785
413376,1277,787
413377,1262,787
413378,1245,782
413379,1228,783
413380,1203,788
413381,1183,798
413382,1159,810
413383,1141,823
413384,1123,836
413385,1110,848
413386,1104,865
413387,1100,880
413388,1098,895
413389,1092,906
413390,1084,915
413391,1082,923
413392,1080,935
413393,1090,948
413394,1100,962
413395,1104,969
413396,1099,973
413397,1079,977
413398,1038,988
413399,996,1002
413400,966,1021
413401,942,1039
413402,926,1055
413403,916,1068
413404,908,1080
413405,903,1093
413406,899,1097
413407,894,1102
413408,888,1104
413409,879,1103
413410,877,1108
413411,875,1113
413412,875,1118
413413,872,1122
413414,871,1121
413415,862,1120
413416,859,1123
413417,860,1122
413418,853,1126
413419,856,1128
413420,856,1129
413421,850,1124
413422,846,1128
413423,847,1131
413424,846,1133
413425,847,1134
413426,845,1134
413427,839,1133
413428,833,1137
413429,832,1140
413430,836,1143
413431,839,1146
413432,838,1149
413433,834,1148
413434,831,1150
413435,833,1159
413436,834,1163
413437,834,1168
413438,833,1168
413439,828,1170
413440,828,1177
413441,828,1182
413442,834,1185
413443,838,1185
413444,835,1188
413445,829,1185
413446,826,1190
413447,827,1196
413448,830,1200
413449,833,1202
413450,832,1203
413451,833,1204
413452,828,1205
413453,833,1210
413454,838,1214
413455,839,1212
413456,838,1215
413457,840,1210
413458,838,1211
413459,842,1210
413460,844,1213
413461,852,1212
413462,850,1209
413463,856,1204
413464,855,1204
413465,857,1203
413466,863,1203
413467,867,1198
413468,866,1192
413469,870,1183
413470,872,1180
413471,878,1174
413472,882,1171
413473,891,1166
413474,894,1157
413475,895,1148
413476,890,1144
413477,898,1138
413478,904,1133
413479,908,1128
413480,911,1121
413481,911,1110
413482,915,1106
413483,919,1100
413484,921,1095
413485,925,1093
413486,930,1086
413487,930,1081
413488,928,1076
413489,934,1077
413490,935,1074
413491,944,1069
413492,942,1066
413493,943,1060
413494,941,1060
413495,944,1061
413496,945,1062
413497,948,1059
413498,946,1059
413499,941,1052
413500,941,1055
413501,946,1053
413502,949,1056
413503,948,1057
413504,949,1054
413505,950,1050
413506,948,1047
413507,948,1050
413508,947,1052
413509,952,1048
413510,950,1046
413511,950,1045
413512,950,1046
413513,951,1048
413514,955,1050
413515,956,1052
413516,953,1049
413517,948,1045
413518,946,1045
413519,944,1046
413520,950,1051
413521,952,1051
413522,952,1048
413523,950,1045
413524,948,1044
413525,951,1049
413526,954,1048
413527,956,1047
413528,957,1046
413529,956,1043
413530,959,1040
413531,959,1043
413532,958,1042
413533,957,1044
413534,952,1041
413535,947,1044
413536,945,1043
413537,945,1047
413538,949,1051
413539,951,1049
413540,948,1048
413541,944,1045
413542,944,1046
413543,948,1046
413544,954,1049
413545,956,1050
413546,956,1048
413547,954,1045
413548,951,1046
413549,947,1046
413550,955,1048
413551,954,1049
413552,955,1047
413553,956,1044
413554,955,1043
413555,957,1045
413556,960,1046
413557,960,1045
413558,956,1043
413559,953,1041
413560,949,1042
413561,952,1046
413562,955,1048
413563,957,1046
413564,958,1046
413565,959,1042
413566,957,1044
413567,957,1045
413568,958,1048
413569,959,1048
413570,956,1047
413571,956,1045
413572,956,1045
413573,959,1046
413574,960,1047
413575,965,1049
413576,963,1046
413577,960,1043
413578,959,1042
413579,958,1044
413580,958,1047
413581,962,1047
413582,958,1046
413583,959,1038
413584,957,1042
413585,954,1045
413586,957,1046
413587,957,1045
413588,952,1044
413589,950,1041
413590,950,1043
413591,953,1043
413592,954,1046
413593,957,1048
413594,958,1047
413595,957,1045
413596,956,1045
413597,954,1046
413598,955,1049
413599,957,1048
413600,954,1045
413601,952,1044
413602,952,1046
413603,956,1046
413604,961,1051
413605,962,1049
413606,960,1046
413607,957,1044
413608,957,1042
413609,956,1046
413610,961,1049
413611,964,1048
413612,965,1044
413613,962,1043
413614,959,1043
413615,962,1045
413616,964,1049
413617,968,1049
413618,967,1048
413619,964,1045
413620,961,1045
413621,960,1046
413622,959,1048
413623,964,1047
413624,965,1045
413625,960,1039
413626,960,1040
413627,959,1043
413628,962,1045
413629,966,1046
413630,965,1042
413631,963,1040
413632,961,1040
413633,961,1041
413634,964,1045
413635,969,1044
413636,966,1042
413637,963,1040
413638,961,1040
413639,961,1040
413640,959,1044
413641,962,1042
413642,960,1039
413643,958,1037
413644,958,1039
413645,959,1039
413646,960,1047
413647,965,1048
413648,964,1045
413649,962,1042
413650,959,1042
413651,962,1045
413652,963,1047
413653,964,1045
413654,960,1047
413655,958,1047
413656,961,1048
413657,967,1047
413658,966,1051
413659,972,1050
413660,971,1048
413661,968,1046
413662,966,1045
413663,967,1044
413664,970,1050
413665,970,1049
413666,970,1047
413667,969,1041
413668,966,1038
413669,964,1041
413670,970,1047
413671,972,1044
413672,971,1044
413673,970,1041
413674,973,1039
413675,973,1039
413676,977,1044
413677,977,1042
413678,971,1041
413679,972,1039
413680,968,1042
413681,968,1042
413682,970,1046
413683,971,1042
413684,973,1040
413685,972,1037
413686,973,1038
413687,973,1041
413688,975,1046
413689,979,1047
413690,978,1046
413691,976,1041
413692,971,1044
413693,973,1045
413694,971,1049
413695,977,1046
413696,974,1040
413697,972,1038
413698,968,1042
413699,969,1042
413700,972,1044
413701,973,1042
413702,972,1040
413703,969,1035
413704,969,1039
413705,969,1043
413706,969,1049
413707,975,1048
413708,975,1047
413709,974,1047
413710,975,1048
413711,974,1047
413712,976,1049
413713,979,1048
413714,976,1045
413715,972,1044
413716,967,1045
413717,973,1045
413718,976,1047
413719,979,1047
413720,975,1042
413721,975,1040
413722,970,1042
413723,972,1044
413724,971,1050
413725,975,1048
413726,974,1046
413727,974,1041
413728,974,1041
413729,972,1044
413730,973,1046
413731,975,1041
413732,975,1040
413733,974,1041
413734,970,1040
413735,969,1041
413736,970,1042
413737,970,1045
413738,971,1041
413739,972,1036
413740,972,1036
413741,971,1038
413742,975,1040
413743,978,1038
413744,974,1038
413745,969,1036
413746,967,1035
413747,967,1039
413748,973,1041
413749,981,1041
413750,985,1042
413751,984,1035
413752,975,1033
413753,963,1036
413754,960,1042
413755,961,1047
413756,963,1047
413757,965,1046
413758,965,1048
413759,964,1049
413760,966,1054
413761,967,1053
413762,967,1051
413763,966,1044
413764,964,1045
413765,964,1049
413766,968,1053
413767,971,1053
413768,970,1051
413769,966,1051
413770,969,1050
413771,970,1050
413772,970,1050
413773,972,1048
413774,971,1044
413775,970,1043
413776,969,1047
413777,972,1047
413778,975,1048
413779,978,1046
413780,975,1045
413781,971,1041
413782,969,1041
413783,970,1041
413784,974,1040
413785,976,1038
413786,972,1037
413787,970,1035
413788,969,1036
413789,971,1038
413790,974,1041
413791,975,1042
413792,971,1043
413793,971,1040
413794,969,1040
413795,969,1041
413796,969,1046
413797,971,1046
413798,970,1045
413799,969,1043
413800,971,1044
413801,971,1046
413802,977,1048
413803,976,1045
413804,974,1040
413805,969,1037
413806,966,1040
413807,968,1042
413808,971,1047
413809,973,1048
413810,973,1044
413811,970,1043
413812,969,1044
413813,971,1044
413814,974,1046
413815,974,1044
413816,974,1043
413817,973,1043
413818,971,1045
413819,972,1047
413820,975,1047
413821,978,1045
413822,979,1044
413823,979,1042
413824,977,1042
413825,979,1046
413826,980,1047
413827,981,1045
413828,982,1044
413829,977,1044
413830,977,1047
413831,977,1047
413832,981,1048
413833,984,1046
413834,980,1043
413835,977,1042
413836,974,1043
413837,971,1044
413838,975,1043
413839,978,1045
413840,975,1043
413841,970,1039
413842,969,1041
413843,973,1043
413844,974,1045
413845,978,1044
413846,975,1042
413847,974,1042
413848,971,1043
413849,973,1044
413850,973,1050
413851,977,1049
413852,975,1049
413853,971,1044
413854,971,1047
413855,973,1049
413856,974,1048
413857,980,1045
413858,976,1044
413859,973,1043
413860,970,1045
413861,973,1046
413862,976,1051
413863,978,1046
413864,977,1043
413865,975,1042
413866,972,1040
413867,972,1042
413868,974,1046
413869,975,1044
413870,972,1042
413871,969,1042
413872,967,1042
413873,969,1045
413874,973,1050
413875,976,1050
413876,975,1047
413877,973,1043
413878,973,1045
413879,975,1047
413880,978,1051
413881,976,1051
413882,973,1049
413883,976,1045
413884,979,1045
413885,984,1047
413886,985,1048
413887,986,1047
413888,985,1044
413889,982,1040
413890,978,1042
413891,979,1045
413892,979,1048
413893,985,1045
413894,984,1039
413895,990,1032
413896,1004,1030
413897,1023,1027
413898,1042,1027
413899,1061,1029
413900,1084,1025
413901,1104,1016
413902,1134,1011
413903,1168,1002
413904,1207,999
413905,1242,992
413906,1275,989
413907,1298,988
413908,1304,997
413909,1294,1009
413910,1268,1020
413911,1227,1024
413912,1178,1024
413913,1127,1027
413914,1080,1035
413915,1040,1045
413916,1011,1053
413917,998,1054
413918,994,1052
413919,996,1045
413920,994,1039
413921,994,1038
413922,986,1039
413923,982,1043
413924,979,1042
413925,974,1042
413926,968,1043
413927,965,1045
413928,966,1050
413929,963,1053
413930,960,1055
413931,956,1052
413932,955,1052
413933,953,1053
413934,957,1058
413935,957,1055
413936,956,1054
413937,953,1052
413938,951,1053
413939,950,1051
413940,955,1055
413941,951,1053
413942,947,1051
413943,943,1049
413944,940,1051
413945,944,1052
413946,945,1057
413947,948,1052
413948,947,1052
413949,945,1048
413950,947,1048
413951,948,1052
413952,950,1055
413953,951,1053
413954,947,1054
413955,945,1052
413956,944,1050
413957,945,1052
413958,949,1055
413959,951,1056
413960,949,1053
413961,948,1054
413962,948,1055
413963,946,1056
413964,951,1060
413965,953,1059
413966,950,1055
413967,952,1049
413968,949,1046
413969,952,1049
413970,953,1055
413971,956,1052
413972,956,1050
413973,955,1047
413974,953,1050
413975,955,1050
413976,957,1050
413977,960,1049
413978,960,1045
413979,957,1042
413980,958,1042
413981,959,1042
413982,962,1044
413983,963,1045
413984,964,1046
413985,960,1040
413986,960,1037
413987,961,1039
413988,966,1040
413989,968,1036
413990,970,1037
413991,968,1030
413992,968,1027
413993,971,1028
413994,975,1032
413995,975,1031
413996,978,1032
413997,978,1028
413998,978,1029
413999,982,1031
414000,985,1032
414001,984,1031
414002,985,1029
414003,985,1029
414004,982,1030
414005,986,1034
414006,993,1034
414007,999,1034
414008,999,1029
414009,999,1028
414010,999,1025
414011,1002,1025
414012,1005,1029
414013,1008,1028
414014,1009,1023
414015,1004,1023
414016,1005,1024
414017,1012,1024
414018,1015,1024
414019,1020,1021
414020,1022,1020
414021,1014,1018
414022,1010,1022
414023,1009,1027
414024,1012,1030
414025,1017,1030
414026,1014,1029
414027,1011,1026
414028,1007,1027
414029,1002,1032
414030,1002,1039
414031,1000,1040
414032,998,1039
414033,994,1039
414034,991,1041
414035,990,1045
414036,992,1047
414037,993,1045
414038,987,1047
414039,982,1045
414040,981,1044
414041,981,1048
414042,978,1050
414043,978,1051
414044,977,1044
414045,970,1046
414046,966,1045
414047,967,1048
414048,970,1051
414049,973,1053
414050,972,1050
414051,969,1049
414052,968,1050
414053,971,1055
414054,973,1056
414055,976,1056
414056,973,1051
414057,972,1048
414058,967,1049
414059,972,1050
414060,974,1054
414061,974,1055
414062,970,1052
414063,970,1049
414064,967,1048
414065,966,1051
414066,968,1054
414067,970,1054
414068,969,1051
414069,968,1048
414070,969,1051
414071,971,1053
414072,970,1052
414073,973,1050
414074,970,1047
414075,968,1045
414076,969,1051
414077,970,1049
414078,970,1051
414079,974,1050
414080,971,1049
414081,968,1046
414082,968,1045
414083,968,1046
414084,972,1048
414085,971,1047
414086,968,1044
414087,969,1040
414088,966,1039
414089,967,1041
414090,966,1044
414091,970,1045
414092,965,1041
414093,963,1040
414094,962,1041
414095,961,1042
414096,966,1047
414097,968,1047
414098,968,1045
414099,966,1046
414100,963,1043
414101,961,1048
414102,969,1049
414103,970,1047
414104,967,1047
414105,962,1046
414106,963,1047
414107,966,1050
414108,967,1053
414109,969,1053
414110,968,1052
414111,965,1047
414112,961,1051
414113,961,1055
414114,960,1056
414115,961,1056
414116,960,1055
414117,958,1051
414118,958,1052
414119,961,1055
414120,964,1057
414121,963,1056
414122,962,1052
414123,960,1050
414124,961,1052
414125,960,1055
414126,962,1055
414127,965,1055
414128,963,1052
414129,960,1049
414130,958,1048
414131,963,1050
414132,966,1050
414133,967,1049
414134,965,1047
414135,964,1050
414136,967,1049
414137,968,1049
414138,969,1052
414139,973,1049
414140,973,1046
414141,977,1040
414142,984,1041
414143,996,1042
414144,1011,1041
414145,1030,1038
414146,1051,1034
414147,1076,1027
414148,1114,1024
414149,1154,1019
414150,1196,1015
414151,1238,1014
414152,1268,1010
414153,1287,1017
414154,1290,1032
414155,1272,1046
414156,1242,1051
414157,1197,1047
414158,1142,1046
414159,1087,1056
414160,1034,1074
414161,996,1087
414162,974,1098
414163,969,1096
414164,970,1086
414165,969,1070
414166,970,1060
414167,968,1057
414168,970,1053
414169,967,1054
414170,961,1051
414171,958,1047
414172,951,1051
414173,950,1054
414174,949,1058
414175,945,1058
414176,944,1053
414177,940,1051
414178,939,1051
414179,937,1052
414180,942,1057
414181,942,1055
414182,939,1054
414183,933,1050
414184,935,1051
414185,936,1053
414186,938,1055
414187,938,1055
414188,938,1052
414189,934,1053
414190,932,1054
414191,935,1059
414192,934,1060
414193,937,1059
414194,936,1059
414195,932,1056
414196,932,1058
414197,932,1060
414198,934,1063
414199,937,1062
414200,936,1060
414201,935,1056
414202,933,1060
414203,938,1062
414204,940,1062
414205,941,1059
414206,940,1058
414207,937,1055
414208,938,1055
414209,941,1055
414210,941,1057
414211,942,1053
414212,943,1051
414213,938,1050
414214,941,1051
414215,942,1050
414216,947,1053
414217,948,1051
414218,945,1046
414219,941,1045
414220,946,1045
414221,947,1046
414222,952,1048
414223,954,1044
414224,954,1039
414225,952,1035
414226,951,1039
414227,952,1037
414228,954,1038
414229,954,1035
414230,954,1031
414231,955,1030
414232,955,1029
414233,958,1031
414234,959,1030
414235,962,1028
414236,960,1025
414237,958,1021
414238,957,1020
414239,959,1021
414240,963,1025
414241,965,1019
414242,964,1018
414243,960,1015
414244,961,1013
414245,960,1018
414246,965,1022
414247,967,1021
414248,967,1016
414249,964,1013
414250,965,1016
414251,965,1017
414252,972,1019
414253,977,1019
414254,977,1017
414255,974,1015
414256,977,1018
414257,978,1017
414258,979,1020
414259,982,1019
414260,980,1016
414261,978,1014
414262,976,1018
414263,974,1025
414264,979,1031
414265,978,1034
414266,976,1033
414267,970,1031
414268,969,1035
414269,969,1041
414270,966,1042
414271,966,1045
414272,966,1046
414273,957,1042
414274,957,1046
414275,956,1051
414276,961,1058
414277,957,1057
414278,956,1057
414279,951,1053
414280,944,1054
414281,946,1056
414282,951,1060
414283,950,1061
414284,952,1057
414285,946,1054
414286,946,1056
414287,950,1058
414288,951,1063
414289,952,1061
414290,950,1058
414291,948,1058
414292,945,1060
414293,946,1064
414294,948,1066
414295,953,1065
414296,949,1062
414297,949,1060
414298,947,1062
414299,949,1064
414300,952,1065
414301,951,1065
414302,949,1065
414303,947,1065
414304,947,1066
414305,949,1070
414306,954,1074
414307,956,1069
414308,955,1067
414309,953,1063
414310,952,1063
414311,953,1062
414312,959,1064
414313,955,1062
414314,955,1062
414315,952,1058
414316,951,1061
414317,952,1066
414318,954,1068
414319,958,1065
414320,956,1062
414321,951,1062
414322,951,1062
414323,953,1065
414324,958,1067
414325,959,1067
414326,955,1062
414327,953,1060
414328,950,1061
414329,950,1064
414330,954,1063
414331,954,1065
414332,955,1061
414333,952,1061
414334,950,1061
414335,950,1063
414336,951,1064
414337,950,1060
414338,948,1057
414339,944,1055
414340,945,1057
414341,944,1060
414342,946,1062
414343,949,1063
414344,947,1063
414345,942,1062
414346,945,1064
414347,947,1067
414348,952,1070
414349,949,1069
414350,947,1068
414351,946,1064
414352,945,1063
414353,948,1062
414354,950,1061
414355,955,1059
414356,954,1059
414357,951,1056
414358,952,1056
414359,955,1061
414360,957,1061
414361,954,1059
414362,954,1057
414363,951,1057
414364,952,1057
414365,952,1059
414366,955,1062
414367,959,1062
414368,954,1059
414369,951,1059
414370,954,1061
414371,952,1060
414372,954,1064
414373,956,1061
414374,960,1055
414375,962,1053
414376,969,1052
414377,978,1051
414378,995,1049
414379,1012,1047
414380,1035,1045
414381,1061,1039
414382,1099,1035
414383,1144,1026
414384,1191,1022
414385,1236,1017
414386,1274,1017
414387,1290,1023
414388,1283,1037
414389,1253,1046
414390,1197,1044
414391,1131,1044
414392,1063,1055
414393,1001,1073
414394,953,1087
414395,934,1091
414396,938,1094
414397,946,1088
414398,953,1071
414399,952,1061
414400,950,1059
414401,950,1059
414402,947,1063
414403,946,1063
414404,942,1060
414405,938,1058
414406,935,1059
414407,935,1066
414408,935,1068
414409,932,1068
414410,931,1065
414411,927,1063
414412,929,1063
414413,929,1066
414414,930,1068
414415,931,1067
414416,926,1065
414417,925,1062
414418,921,1065
414419,924,1067
414420,925,1071
414421,925,1073
414422,923,1071
414423,920,1069
414424,916,1068
414425,918,1069
414426,924,1072
414427,925,1068
414428,922,1068
414429,920,1064
414430,920,1063
414431,922,1067
414432,926,1067
414433,926,1065
414434,928,1064
414435,925,1061
414436,924,1062
414437,924,1066
414438,924,1066
414439,929,1064
414440,926,1064
414441,924,1059
414442,922,1060
414443,924,1061
414444,932,1057
414445,933,1054
414446,931,1048
414447,927,1045
414448,926,1046
414449,930,1048
414450,933,1050
414451,935,1046
414452,935,1041
414453,934,1040
414454,933,1041
414455,938,1046
414456,942,1047
414457,941,1044
414458,940,1041
414459,938,1037
414460,938,1038
414461,939,1037
414462,946,1038
414463,946,1035
414464,947,1033
414465,944,1032
414466,945,1032
414467,945,1034
414468,947,1034
414469,948,1031
414470,952,1028
414471,949,1024
414472,952,1024
414473,954,1024
414474,957,1029
414475,957,1023
414476,958,1020
414477,956,1019
414478,958,1022
414479,959,1023
414480,960,1024
414481,963,1025
414482,960,1023
414483,961,1023
414484,964,1025
414485,967,1028
414486,971,1030
414487,971,1028
414488,969,1026
414489,966,1027
414490,965,1028
414491,968,1033
414492,966,1036
414493,970,1037
414494,970,1038
414495,968,1040
414496,964,1042
414497,963,1048
414498,959,1054
414499,961,1053
414500,957,1051
414501,955,1053
414502,951,1056
414503,953,1064
414504,955,1066
414505,952,1065
414506,951,1066
414507,944,1065
414508,942,1070
414509,946,1072
414510,948,1075
414511,949,1074
414512,944,1070
414513,943,1069
414514,943,1071
414515,946,1071
414516,946,1075
414517,945,1073
414518,941,1070
414519,937,1068
414520,941,1068
414521,942,1070
414522,947,1073
414523,948,1067
414524,947,1063
414525,942,1056
414526,942,1056
414527,945,1060
414528,948,1062
414529,948,1060
414530,947,1054
414531,945,1052
414532,947,1053
414533,949,1057
414534,953,1058
414535,954,1057
414536,954,1054
414537,949,1052
414538,950,1053
414539,953,1054
414540,951,1062
414541,950,1062
414542,950,1059
414543,950,1055
414544,952,1055
414545,953,1059
414546,952,1060
414547,953,1062
414548,952,1064
414549,950,1055
414550,947,1060
414551,950,1062
414552,953,1066
414553,955,1066
414554,956,1067
414555,952,1062
414556,951,1063
414557,951,1066
414558,954,1069
414559,955,1069
414560,953,1066
414561,949,1064
414562,946,1068
414563,947,1070
414564,946,1072
414565,950,1072
414566,948,1068
414567,946,1069
414568,947,1065
414569,950,1068
414570,952,1068
414571,955,1067
414572,951,1061
414573,945,1062
414574,944,1062
414575,948,1065
414576,943,1068
414577,944,1067
414578,946,1064
414579,944,1064
414580,943,1065
414581,939,1068
414582,943,1070
414583,944,1070
414584,943,1066
414585,942,1066
414586,940,1064
414587,944,1068
414588,945,1069
414589,947,1069
414590,943,1068
414591,939,1062
414592,944,1067
414593,945,1070
414594,945,1072
414595,944,1067
414596,945,1066
414597,946,1063
414598,945,1064
414599,947,1068
414600,948,1066
414601,948,1065
414602,945,1063
414603,942,1060
414604,941,1064
414605,945,1066
414606,948,1067
414607,952,1067
414608,949,1064
414609,950,1063
414610,944,1067
414611,948,1069
414612,949,1072
414613,950,1071
414614,948,1067
414615,943,1060
414616,945,1062
414617,946,1063
414618,950,1068
414619,950,1067
414620,949,1063
414621,949,1058
414622,951,1059
414623,950,1062
414624,950,1063
414625,950,1065
414626,943,1060
414627,945,1062
414628,947,1063
414629,949,1066
414630,955,1067
414631,954,1067
414632,952,1064
414633,946,1062
414634,944,1064
414635,945,1067
414636,948,1070
414637,947,1071
414638,948,1066
414639,946,1065
414640,943,1069
414641,945,1074
414642,950,1076
414643,950,1074
414644,946,1071
414645,943,1068
414646,943,1072
414647,946,1073
414648,950,1075
414649,949,1074
414650,946,1072
414651,943,1072
414652,944,1072
414653,943,1072
414654,950,1073
414655,949,1071
414656,949,1070
414657,947,1068
414658,946,1070
414659,949,1071
414660,953,1072
414661,950,1070
414662,948,1069
414663,944,1065
414664,947,1065
414665,950,1065
414666,953,1067
414667,954,1067
414668,952,1062
414669,947,1057
414670,946,1061
414671,946,1062
414672,953,1067
414673,955,1067
414674,951,1061
414675,950,1060
414676,953,1061
414677,954,1060
414678,957,1066
414679,959,1063
414680,956,1062
414681,956,1059
414682,956,1058
414683,960,1060
414684,970,1060
414685,982,1056
414686,996,1052
414687,1014,1047
414688,1036,1046
414689,1067,1042
414690,1102,1036
414691,1143,1025
414692,1181,1011
414693,1218,1006
414694,1245,1012
414695,1267,1023
414696,1261,1045
414697,1226,1055
414698,1170,1056
414699,1112,1055
414700,1052,1067
414701,996,1085
414702,953,1098
414703,932,1109
414704,931,1110
414705,939,1099
414706,946,1088
414707,954,1077
414708,954,1072
414709,952,1068
414710,948,1063
414711,941,1063
414712,938,1061
414713,939,1062
414714,943,1066
414715,941,1064
414716,941,1060
414717,938,1057
414718,935,1058
414719,934,1063
414720,934,1067
414721,937,1067
414722,934,1069
414723,931,1066
414724,932,1066
414725,934,1070
414726,936,1070
414727,934,1070
414728,930,1069
414729,927,1068
414730,930,1070
414731,930,1071
414732,931,1073
414733,930,1072
414734,929,1072
414735,927,1073
414736,928,1069
414737,930,1072
414738,929,1076
414739,928,1075
414740,927,1071
414741,927,1071
414742,927,1070
414743,929,1073
414744,933,1072
414745,933,1072
414746,932,1066
414747,928,1066
414748,925,1068
414749,928,1071
414750,931,1070
414751,932,1069
414752,929,1060
414753,929,1056
414754,931,1057
414755,933,1054
414756,938,1057
414757,941,1055
414758,937,1048
414759,937,1046
414760,937,1042
414761,942,1044
414762,945,1043
414763,948,1044
414764,947,1040
414765,946,1038
414766,947,1039
414767,948,1042
414768,951,1043
414769,953,1042
414770,948,1039
414771,947,1035
414772,951,1038
414773,957,1039
414774,958,1039
414775,958,1037
414776,956,1033
414777,953,1030
414778,955,1031
414779,959,1033
414780,964,1032
414781,965,1029
414782,966,1027
414783,964,1024
414784,964,1024
414785,967,1025
414786,971,1027
414787,974,1027
414788,976,1023
414789,973,1021
414790,974,1022
414791,979,1026
414792,983,1028
414793,987,1028
414794,986,1026
414795,982,1024
414796,980,1029
414797,981,1033
414798,984,1039
414799,984,1038
414800,982,1042
414801,978,1042
414802,976,1046
414803,977,1053
414804,975,1056
414805,974,1054
414806,969,1054
414807,965,1051
414808,961,1053
414809,963,1056
414810,966,1063
414811,969,1061
414812,966,1062
414813,961,1058
414814,964,1059
414815,965,1062
414816,965,1067
414817,964,1066
414818,965,1065
414819,963,1063
414820,963,1063
414821,965,1061
414822,966,1067
414823,967,1065
414824,967,1062
414825,963,1060
414826,963,1061
414827,962,1062
414828,966,1066
414829,967,1063
414830,967,1064
414831,963,1062
414832,961,1065
414833,964,1065
414834,967,1066
414835,966,1065
414836,965,1063
414837,963,1062
414838,964,1062
414839,966,1066
414840,968,1068
414841,968,1070
414842,968,1067
414843,963,1065
414844,966,1066
414845,969,1069
414846,973,1071
414847,972,1067
414848,970,1062
414849,965,1062
414850,964,1064
414851,965,1067
414852,965,1072
414853,967,1068
414854,966,1066
414855,963,1063
414856,962,1065
414857,965,1065
414858,970,1068
414859,972,1060
414860,968,1057
414861,965,1054
414862,967,1052
414863,968,1054
414864,970,1055
414865,970,1059
414866,972,1057
414867,969,1057
414868,969,1056
414869,970,1056
414870,972,1062
414871,970,1060
414872,970,1057
414873,967,1056
414874,968,1056
414875,970,1059
414876,968,1061
414877,967,1062
414878,965,1059
414879,964,1056
414880,962,1059
414881,965,1062
414882,965,1064
414883,968,1063
414884,968,1058
414885,966,1057
414886,966,1057
414887,967,1062
414888,970,1066
414889,972,1064
414890,968,1061
414891,967,1058
414892,970,1058
414893,975,1059
414894,985,1056
414895,992,1054
414896,998,1050
414897,1006,1048
414898,1024,1047
414899,1048,1049
414900,1084,1045
414901,1121,1034
414902,1161,1020
414903,1195,1020
414904,1229,1027
414905,1254,1047
414906,1256,1063
414907,1234,1071
414908,1194,1065
414909,1136,1061
414910,1077,1068
414911,1022,1087
414912,980,1106
414913,955,1120
414914,949,1120
414915,952,1109
414916,956,1095
414917,962,1080
414918,964,1075
414919,963,1069
414920,961,1063
414921,956,1056
414922,951,1055
414923,949,1059
414924,954,1063
414925,952,1063
414926,950,1061
414927,947,1059
414928,946,1059
414929,949,1062
414930,947,1064
414931,947,1061
414932,945,1062
414933,942,1062
414934,945,1064
414935,947,1064
414936,951,1067
414937,952,1064
414938,947,1062
414939,944,1062
414940,944,1063
414941,948,1067
414942,950,1067
414943,952,1069
414944,950,1065
414945,947,1063
414946,944,1065
414947,942,1068
414948,946,1068
414949,946,1068
414950,942,1067
414951,939,1066
414952,939,1065
414953,942,1068
414954,945,1069
414955,946,1069
414956,942,1064
414957,940,1060
414958,942,1056
414959,945,1055
414960,947,1055
414961,950,1051
414962,950,1046
414963,949,1042
414964,948,1042
414965,949,1042
414966,953,1046
414967,954,1043
414968,954,1039
414969,951,1037
414970,951,1036
414971,951,1036
414972,957,1039
414973,958,1035
414974,959,1029
414975,956,1023
414976,957,1024
414977,958,1027
414978,962,1026
414979,964,1025
414980,962,1020
414981,961,1016
414982,959,1018
414983,965,1018
414984,969,1017
414985,972,1014
414986,973,1012
414987,971,1009
414988,973,1013
414989,978,1014
414990,980,1013
414991,981,1015
414992,983,1009
414993,979,1008
414994,977,1010
414995,979,1014
414996,983,1017
414997,985,1017
414998,981,1015
414999,979,1017
415000,979,1018
415001,981,1019
415002,983,1025
415003,987,1027
415004,985,1024
415005,983,1022
415006,983,1022
415007,984,1025
415008,986,1028
415009,988,1030
415010,987,1032
415011,982,1031
415012,977,1039
415013,984,1043
415014,983,1046
415015,983,1046
415016,980,1048
415017,974,1046
415018,975,1051
415019,976,1056
415020,975,1058
415021,974,1058
415022,970,1060
415023,965,1057
415024,966,1058
415025,972,1062
415026,973,1065
415027,968,1064
415028,968,1065
415029,965,1061
415030,966,1064
415031,968,1068
415032,967,1070
415033,968,1069
415034,966,1069
415035,963,1070
415036,961,1072
415037,965,1075
415038,969,1078
415039,970,1076
415040,968,1075
415041,961,1070
415042,962,1075
415043,965,1078
415044,969,1078
415045,966,1076
415046,962,1076
415047,961,1074
415048,963,1075
415049,964,1077
415050,970,1076
415051,970,1073
415052,970,1069
415053,967,1067
415054,967,1068
415055,971,1071
415056,974,1073
415057,972,1068
415058,974,1065
415059,971,1063
415060,966,1063
415061,967,1065
415062,973,1065
415063,973,1064
415064,969,1063
415065,968,1059
415066,968,1062
415067,969,1062
415068,968,1064
415069,968,1064
415070,967,1064
415071,966,1064
415072,966,1065
415073,967,1065
415074,971,1066
415075,972,1064
415076,968,1063
415077,966,1064
415078,966,1067
415079,970,1070
415080,969,1070
415081,973,1067
415082,970,1063
415083,970,1062
415084,969,1065
415085,975,1068
415086,977,1067
415087,976,1071
415088,976,1068
415089,969,1068
415090,968,1073
415091,970,1076
415092,969,1076
415093,967,1077
415094,967,1072
415095,961,1071
415096,960,1073
415097,961,1083
415098,965,1084
415099,964,1082
415100,963,1081
415101,963,1077
415102,962,1080
415103,965,1081
415104,969,1078
415105,973,1072
415106,969,1064
415107,967,1065
415108,968,1063
415109,969,1069
415110,972,1068
415111,974,1064
415112,967,1062
415113,967,1059
415114,966,1062
415115,966,1061
415116,970,1062
415117,968,1064
415118,965,1064
415119,962,1061
415120,962,1064
415121,964,1065
415122,967,1067
415123,965,1065
415124,964,1064
415125,962,1062
415126,961,1064
415127,966,1066
415128,966,1068
415129,969,1066
415130,966,1062
415131,964,1060
415132,962,1066
415133,965,1067
415134,970,1068
415135,971,1066
415136,969,1062
415137,968,1061
415138,969,1063
415139,970,1066
415140,973,1068
415141,975,1069
415142,969,1066
415143,967,1067
415144,970,1069
415145,973,1071
415146,973,1071
415147,972,1069
415148,970,1070
415149,967,1068
415150,966,1067
415151,969,1073
415152,968,1074
415153,967,1073
415154,968,1072
415155,967,1070
415156,969,1073
415157,972,1073
415158,972,1073
415159,971,1070
415160,970,1069
415161,966,1068
415162,971,1072
415163,972,1074
415164,974,1076
415165,975,1075
415166,974,1074
415167,970,1072
415168,971,1075
415169,976,1078
415170,980,1076
415171,979,1075
415172,980,1076
415173,977,1073
415174,978,1076
415175,985,1072
415176,994,1068
415177,1006,1060
415178,1013,1052
415179,1022,1047
415180,1039,1043
415181,1064,1038
415182,1093,1036
415183,1118,1020
415184,1149,1005
415185,1178,995
415186,1208,1004
415187,1230,1022
415188,1237,1046
415189,1217,1066
415190,1179,1068
415191,1129,1067
415192,1078,1075
415193,1032,1093
415194,997,1113
415195,972,1121
415196,965,1118
415197,969,1107
415198,971,1091
415199,975,1077
415200,975,1073
415201,972,1069
415202,967,1064
415203,962,1060
415204,961,1062
415205,960,1064
415206,960,1063
415207,958,1063
415208,952,1059
415209,951,1062
415210,952,1062
415211,954,1066
415212,956,1067
415213,951,1065
415214,951,1063
415215,946,1062
415216,948,1067
415217,951,1068
415218,955,1069
415219,958,1070
415220,957,1069
415221,954,1071
415222,954,1075
415223,953,1076
415224,959,1080
415225,957,1077
415226,955,1074
415227,951,1076
415228,951,1076
415229,956,1078
415230,959,1075
415231,956,1074
415232,952,1072
415233,952,1069
415234,951,1070
415235,954,1069
415236,956,1064
415237,960,1060
415238,958,1054
415239,954,1048
415240,953,1051
415241,952,1052
415242,953,1056
415243,954,1054
415244,952,1049
415245,948,1047
415246,952,1045
415247,953,1046
415248,954,1045
415249,957,1044
415250,952,1041
415251,951,1039
415252,950,1037
415253,955,1039
415254,960,1040
415255,961,1035
415256,960,1034
415257,956,1031
415258,957,1031
415259,960,1034
415260,965,1032
415261,964,1027
415262,965,1023
415263,963,1023
415264,964,1023
415265,971,1025
415266,973,1025
415267,976,1023
415268,972,1019
415269,974,1020
415270,976,1020
415271,982,1024
415272,987,1022
415273,985,1022
415274,986,1021
415275,988,1021
415276,991,1023
415277,995,1026
415278,996,1025
415279,997,1025
415280,994,1019
415281,992,1017
415282,995,1021
415283,999,1021
415284,1004,1022
415285,1002,1024
415286,1000,1024
415287,997,1023
415288,996,1027
415289,998,1032
415290,1000,1035
415291,998,1035
415292,995,1035
415293,992,1035
415294,990,1039
415295,992,1040
415296,993,1046
415297,991,1047
415298,985,1047
415299,982,1048
415300,977,1054
415301,979,1060
415302,980,1060
415303,980,1059
415304,979,1060
415305,972,1059
415306,972,1061
415307,974,1065
415308,975,1069
415309,973,1068
415310,972,1065
415311,969,1065
415312,968,1067
415313,972,1070
415314,976,1071
415315,974,1072
415316,971,1067
415317,969,1066
415318,966,1068
415319,972,1072
415320,975,1072
415321,978,1067
415322,978,1062
415323,974,1059
415324,974,1058
415325,979,1060
415326,981,1062
415327,978,1060
415328,972,1058
415329,973,1055
415330,971,1061
415331,972,1061
415332,973,1062
415333,976,1057
415334,975,1056
415335,973,1054
415336,973,1055
415337,980,1061
415338,981,1060
415339,983,1057
415340,974,1053
415341,973,1053
415342,976,1056
415343,979,1059
415344,984,1063
415345,980,1059
415346,976,1057
415347,974,1058
415348,974,1059
415349,978,1062
415350,981,1062
415351,979,1061
415352,973,1060
415353,969,1061
415354,970,1065
415355,973,1065
415356,978,1069
415357,975,1068
415358,977,1064
415359,976,1067
415360,979,1071
415361,984,1073
415362,984,1071
415363,979,1065
415364,976,1062
415365,973,1062
415366,974,1064
415367,975,1065
415368,975,1067
415369,975,1063
415370,970,1062
415371,968,1062
415372,972,1063
415373,978,1064
415374,984,1065
415375,979,1064
415376,977,1060
415377,974,1059
415378,972,1064
415379,971,1069
415380,971,1067
415381,971,1066
415382,974,1062
415383,974,1061
415384,970,1065
415385,975,1066
415386,979,1065
415387,983,1063
415388,978,1062
415389,974,1062
415390,973,1066
415391,978,1071
415392,981,1072
415393,983,1070
415394,979,1066
415395,977,1064
415396,974,1065
415397,976,1067
415398,978,1070
415399,981,1067
415400,974,1068
415401,971,1067
415402,971,1067
415403,978,1073
415404,985,1074
415405,985,1074
415406,984,1070
415407,980,1069
415408,980,1066
415409,984,1070
415410,988,1066
415411,993,1058
415412,996,1050
415413,999,1049
415414,1008,1050
415415,1019,1049
415416,1037,1049
415417,1055,1043
415418,1081,1036
415419,1109,1029
415420,1147,1023
415421,1184,1017
415422,1225,1016
415423,1264,1024
415424,1287,1038
415425,1293,1058
415426,1275,1074
415427,1237,1085
415428,1188,1086
415429,1127,1089
415430,1061,1096
415431,1000,1108
415432,955,1127
415433,940,1135
415434,943,1140
415435,954,1127
415436,960,1109
415437,958,1095
415438,959,1088
415439,962,1083
415440,963,1079
415441,964,1072
415442,965,1070
415443,962,1066
415444,961,1068
415445,959,1070
415446,960,1072
415447,961,1070
415448,962,1070
415449,960,1067
415450,960,1069
415451,960,1068
415452,961,1074
415453,959,1075
415454,955,1070
415455,954,1068
415456,952,1067
415457,952,1069
415458,955,1067
415459,955,1064
415460,954,1063
415461,951,1061
415462,951,1061
415463,954,1061
415464,957,1061
415465,956,1062
415466,955,1058
415467,949,1061
415468,951,1057
415469,952,1060
415470,956,1060
415471,956,1060
415472,950,1056
415473,947,1055
415474,947,1051
415475,951,1056
415476,955,1055
415477,953,1054
415478,949,1050
415479,949,1048
415480,946,1048
415481,946,1049
415482,950,1049
415483,946,1048
415484,950,1046
415485,950,1044
415486,951,1044
415487,955,1043
415488,956,1046
415489,960,1045
415490,959,1040
415491,961,1044
415492,966,1041
415493,967,1044
415494,974,1043
415495,974,1040
415496,971,1032
415497,968,1028
415498,970,1030
415499,975,1028
415500,985,1030
415501,984,1026
415502,987,1022
415503,986,1019
415504,988,1015
415505,990,1017
415506,991,1017
415507,989,1015
415508,990,1011
415509,989,1009
415510,988,1009
415511,990,1013
415512,994,1014
415513,996,1012
415514,995,1008
415515,993,1006
415516,992,1006
415517,997,1011
415518,999,1013
415519,1003,1011
415520,1000,1006
415521,995,1007
415522,996,1013
415523,993,1016
415524,994,1020
415525,994,1020
415526,989,1021
415527,987,1023
415528,985,1026
415529,987,1033
415530,988,1039
415531,990,1040
415532,988,1039
415533,987,1041
415534,981,1045
415535,981,1052
415536,983,1057
415537,983,1059
415538,979,1062
415539,973,1063
415540,976,1066
415541,978,1068
415542,977,1066
415543,977,1068
415544,976,1065
415545,971,1068
415546,974,1071
415547,978,1074
415548,980,1073
415549,982,1072
415550,981,1072
415551,975,1069
415552,976,1070
415553,975,1072
415554,981,1073
415555,984,1071
415556,982,1073
415557,981,1071
415558,981,1069
415559,987,1072
415560,988,1073
415561,987,1073
415562,984,1068
415563,980,1065
415564,977,1064
415565,979,1068
415566,980,1067
415567,982,1068
415568,981,1067
415569,981,1067
415570,981,1065
415571,982,1069
415572,985,1069
415573,986,1069
415574,983,1065
415575,981,1065
415576,983,1065
415577,985,1069
415578,987,1070
415579,994,1069
415580,991,1066
415581,987,1065
415582,983,1066
415583,988,1069
415584,990,1069
415585,987,1067
415586,987,1062
415587,984,1060
415588,986,1061
415589,992,1063
415590,993,1065
415591,991,1063
415592,990,1061
415593,987,1059
415594,988,1061
415595,991,1061
415596,993,1064
415597,993,1065
415598,987,1067
415599,984,1067
415600,986,1075
415601,988,1082
415602,992,1082
415603,992,1076
415604,988,1068
415605,988,1059
415606,989,1056
415607,995,1058
415608,998,1064
415609,998,1063
415610,992,1061
415611,987,1060
415612,986,1060
415613,991,1065
415614,993,1068
415615,993,1071
415616,990,1073
415617,987,1075
415618,987,1081
415619,988,1088
415620,992,1091
415621,993,1085
415622,989,1081
415623,985,1076
415624,984,1072
415625,986,1072
415626,987,1071
415627,989,1072
415628,988,1072
415629,986,1070
415630,986,1070
415631,988,1067
415632,991,1068
415633,987,1066
415634,984,1072
415635,978,1081
415636,975,1097
415637,974,1109
415638,979,1116
415639,985,1108
415640,986,1091
415641,985,1076
415642,983,1073
415643,983,1077
415644,987,1079
415645,991,1081
415646,992,1078
415647,991,1074
415648,993,1072
415649,995,1074
415650,994,1073
415651,997,1065
415652,1003,1055
415653,1012,1049
415654,1026,1048
415655,1044,1050
415656,1062,1055
415657,1089,1057
415658,1121,1049
415659,1161,1038
415660,1211,1031
415661,1254,1031
415662,1289,1029
415663,1316,1032
415664,1323,1039
415665,1306,1046
415666,1266,1046
415667,1217,1048
415668,1164,1051
415669,1102,1060
415670,1039,1081
415671,982,1096
415672,953,1118
415673,957,1122
415674,973,1119
415675,978,1107
415676,977,1093
415677,974,1082
415678,975,1075
415679,975,1072
415680,979,1071
415681,973,1065
415682,962,1067
415683,952,1076
415684,953,1092
415685,957,1104
415686,963,1105
415687,967,1095
415688,968,1081
415689,971,1068
415690,971,1060
415691,972,1060
415692,971,1054
415693,965,1044
415694,965,1035
415695,962,1035
415696,960,1042
415697,960,1055
415698,964,1064
415699,965,1069
415700,966,1070
415701,961,1064
415702,961,1068
415703,958,1073
415704,960,1071
415705,962,1061
415706,960,1053
415707,962,1048
415708,961,1054
415709,959,1062
415710,961,1071
415711,960,1070
415712,959,1068
415713,956,1061
415714,957,1060
415715,961,1064
415716,963,1070
415717,957,1076
415718,957,1078
415719,958,1081
415720,959,1083
415721,960,1079
415722,965,1076
415723,960,1070
415724,957,1072
415725,952,1079
415726,953,1077
415727,960,1071
415728,971,1050
415729,978,1031
415730,977,1018
415731,970,1015
415732,968,1019
415733,969,1026
415734,970,1030
415735,972,1032
415736,972,1033
415737,974,1030
415738,976,1025
415739,978,1026
415740,979,1034
415741,972,1044
415742,969,1054
415743,967,1066
415744,972,1060
415745,980,1039
415746,992,1014
415747,996,998
415748,996,991
415749,991,1000
415750,985,1017
415751,990,1032
415752,989,1037
415753,985,1028
415754,983,1018
415755,983,1012
415756,987,1009
415757,989,1014
415758,993,1014
415759,990,1015
415760,992,1017
415761,991,1026
415762,988,1027
415763,989,1025
415764,993,1024
415765,995,1023
415766,991,1024
415767,986,1032
415768,988,1046
415769,993,1053
415770,1001,1056
415771,1000,1046
415772,991,1035
415773,985,1026
415774,982,1024
415775,985,1025
415776,989,1031
415777,987,1034
415778,982,1034
415779,981,1042
415780,975,1046
415781,974,1055
415782,971,1067
415783,972,1075
415784,974,1065
415785,970,1052
415786,964,1050
415787,961,1055
415788,963,1073
415789,964,1090
415790,960,1099
415791,966,1095
415792,972,1075
415793,976,1055
415794,973,1040
415795,968,1039
415796,963,1054
415797,960,1073
415798,959,1082
415799,970,1082
415800,973,1074
415801,974,1060
415802,970,1048
415803,968,1041
415804,965,1038
415805,962,1047
415806,961,1065
415807,957,1082
415808,958,1089
415809,958,1086
415810,967,1075
415811,977,1061
415812,982,1045
415813,979,1034
415814,971,1030
415815,966,1035
415816,962,1050
415817,954,1070
415818,955,1088
415819,958,1096
415820,961,1085
415821,966,1066
415822,972,1049
415823,973,1042
415824,974,1040
415825,969,1044
415826,965,1058
415827,962,1076
415828,965,1090
415829,969,1088
415830,974,1079
415831,975,1066
415832,975,1058
415833,968,1059
415834,963,1066
415835,961,1071
415836,961,1083
415837,957,1091
415838,959,1090
415839,968,1080
415840,974,1069
415841,979,1060
415842,982,1046
415843,981,1031
415844,975,1022
415845,970,1024
415846,960,1034
415847,955,1056
415848,955,1078
415849,963,1086
415850,967,1080
415851,966,1061
415852,964,1041
415853,964,1032
415854,965,1025
415855,966,1024
415856,962,1024
415857,957,1031
415858,957,1040
415859,965,1044
415860,970,1045
415861,970,1045
415862,963,1043
415863,961,1048
415864,963,1049
415865,966,1053
415866,970,1059
415867,965,1065
415868,962,1071
415869,955,1080
415870,952,1087
415871,953,1084
415872,958,1074
415873,955,1061
415874,955,1046
415875,955,1039
415876,961,1041
415877,958,1051
415878,951,1066
415879,951,1080
415880,950,1089
415881,951,1091
415882,953,1077
415883,953,1061
415884,961,1047
415885,965,1040
415886,961,1046
415887,953,1066
415888,946,1084
415889,947,1086
415890,953,1073
415891,959,1051
415892,966,1039
415893,967,1039
415894,965,1044
415895,966,1048
415896,968,1048
415897,965,1050
415898,964,1052
415899,963,1050
415900,971,1053
415901,980,1054
415902,989,1057
415903,1002,1058
415904,1021,1053
415905,1048,1044
415906,1082,1035
415907,1119,1025
415908,1157,1015
415909,1192,1006
415910,1225,1002
415911,1253,1010
415912,1266,1027
415913,1263,1045
415914,1250,1063
415915,1217,1072
415916,1165,1069
415917,1109,1070
415918,1052,1080
415919,1000,1099
415920,958,1115
415921,932,1126
415922,930,1127
415923,938,1121
415924,947,1109
415925,955,1102
415926,958,1094
415927,959,1085
415928,954,1076
415929,947,1074
415930,940,1073
415931,940,1075
415932,942,1080
415933,938,1082
415934,934,1085
415935,931,1087
415936,929,1090
415937,936,1087
415938,942,1081
415939,941,1071
415940,937,1061
415941,932,1057
415942,933,1062
415943,932,1068
415944,934,1068
415945,930,1063
415946,929,1060
415947,926,1058
415948,925,1060
415949,927,1065
415950,932,1069
415951,934,1068
415952,931,1066
415953,929,1066
415954,925,1069
415955,927,1070
415956,935,1070
415957,939,1069
415958,939,1069
415959,936,1066
415960,933,1068
415961,931,1070
415962,935,1073
415963,936,1071
415964,933,1069
415965,936,1075
415966,939,1085
415967,940,1095
415968,943,1101
415969,946,1092
415970,946,1077
415971,945,1060
415972,946,1058
415973,946,1062
415974,952,1062
415975,950,1063
415976,945,1060
415977,941,1054
415978,948,1047
415979,953,1038
415980,953,1034
415981,953,1030
415982,950,1031
415983,949,1035
415984,954,1042
415985,961,1047
415986,970,1050
415987,970,1046
415988,969,1041
415989,968,1042
415990,969,1041
415991,973,1043
415992,979,1040
415993,977,1038
415994,983,1034
415995,981,1036
415996,984,1036
415997,987,1036
415998,1000,1034
415999,1010,1032
416000,1022,1032
416001,1033,1029
416002,1043,1031
416003,1047,1033
416004,1052,1038
416005,1046,1035
416006,1036,1031
416007,1031,1032
416008,1038,1032
416009,1039,1034
416010,1042,1033
416011,1041,1034
416012,1036,1036
416013,1032,1039
416014,1024,1045
416015,1022,1047
416016,1014,1048
416017,1002,1045
416018,992,1044
416019,987,1041
416020,980,1042
416021,979,1048
416022,979,1053
416023,981,1052
416024,979,1051
416025,979,1052
416026,980,1053
416027,981,1057
416028,982,1058
416029,983,1058
416030,978,1058
416031,972,1062
416032,969,1068
416033,973,1073
416034,975,1073
416035,974,1075
416036,972,1071
416037,967,1073
416038,963,1077
416039,966,1079
416040,967,1080
416041,968,1079
416042,965,1081
416043,963,1078
416044,962,1082
416045,964,1083
416046,969,1086
416047,968,1082
416048,968,1078
416049,964,1077
416050,968,1079
416051,975,1081
416052,981,1080
416053,987,1079
416054,988,1076
416055,988,1076
416056,991,1081
416057,998,1086
416058,1003,1085
416059,1005,1086
416060,1011,1086
416061,1015,1084
416062,1028,1079
416063,1042,1071
416064,1057,1058
416065,1069,1040
416066,1080,1025
416067,1094,1010
416068,1111,999
416069,1126,988
416070,1138,974
416071,1152,956
416072,1168,935
416073,1185,916
416074,1203,902
416075,1219,891
416076,1238,883
416077,1247,870
416078,1251,863
416079,1249,866
416080,1244,869
416081,1239,876
416082,1238,877
416083,1233,876
416084,1223,874
416085,1205,875
416086,1186,877
416087,1175,886
416088,1161,894
416089,1144,899
416090,1120,899
416091,1091,912
416092,1077,926
416093,1067,941
416094,1056,955
416095,1050,963
416096,1045,974
416097,1040,986
416098,1041,995
416099,1042,1008
416100,1042,1020
416101,1046,1023
416102,1052,1027
416103,1061,1034
416104,1074,1041
416105,1086,1045
416106,1094,1044
416107,1082,1041
416108,1054,1040
416109,1009,1046
416110,971,1056
416111,946,1064
416112,935,1080
416113,927,1090
416114,917,1096
416115,908,1104
416116,906,1113
416117,903,1116
416118,904,1118
416119,900,1116
416120,892,1119
416121,884,1119
416122,883,1125
416123,882,1127
416124,884,1131
416125,877,1133
416126,876,1132
416127,874,1134
416128,867,1139
416129,872,1142
416130,872,1141
416131,870,1141
416132,864,1137
416133,862,1139
416134,862,1144
416135,862,1149
416136,865,1149
416137,860,1149
416138,853,1146
416139,852,1146
416140,850,1153
416141,851,1158
416142,849,1160
416143,846,1161
416144,840,1159
416145,837,1163
416146,839,1163
416147,841,1168
416148,839,1171
416149,840,1172
416150,838,1173
416151,833,1176
416152,835,1180
416153,836,1183
416154,836,1186
416155,834,1185
416156,830,1186
416157,829,1182
416158,828,1187
416159,830,1192
416160,835,1195
416161,835,1195
416162,834,1193
416163,829,1195
416164,830,1201
416165,830,1207
416166,836,1206
416167,837,1206
416168,836,1202
416169,837,1205
416170,838,1204
416171,841,1208
416172,844,1207
416173,848,1204
416174,847,1201
416175,847,1198
416176,850,1198
416177,856,1199
416178,860,1196
416179,865,1190
416180,868,1188
416181,866,1184
416182,871,1183
416183,878,1183
416184,885,1177
416185,889,1172
416186,892,1164
416187,889,1156
416188,896,1153
416189,903,1148
416190,907,1145
416191,910,1139
416192,914,1131
416193,912,1127
416194,919,1126
416195,923,1125
416196,927,1120
416197,927,1114
416198,930,1106
416199,931,1100
416200,933,1098
416201,937,1096
416202,938,1092
416203,939,1086
416204,942,1082
416205,942,1077
416206,944,1076
416207,946,1077
416208,951,1076
416209,947,1073
416210,950,1069
416211,948,1066
416212,950,1066
416213,954,1067
416214,957,1065
416215,954,1062
416216,954,1061
416217,954,1060
416218,954,1059
416219,955,1063
416220,957,1059
416221,959,1055
416222,958,1056
416223,954,1057
416224,957,1061
416225,958,1062
416226,962,1061
416227,958,1058
416228,959,1059
416229,956,1058
416230,954,1060
416231,960,1060
416232,963,1061
416233,962,1060
416234,960,1055
416235,957,1057
416236,954,1059
416237,959,1064
416238,958,1061
416239,961,1057
416240,958,1056
416241,957,1055
416242,960,1060
416243,962,1061
416244,966,1059
416245,964,1058
416246,961,1057
416247,956,1057
416248,958,1057
416249,963,1058
416250,968,1059
416251,967,1056
416252,965,1052
416253,963,1052
416254,965,1056
416255,967,1060
416256,969,1059
416257,969,1057
416258,965,1055
416259,962,1057
416260,966,1060
416261,967,1060
416262,970,1061
416263,969,1060
416264,965,1057
416265,962,1060
416266,967,1058
416267,967,1062
416268,971,1060
416269,971,1058
416270,967,1054
416271,967,1055
416272,968,1058
416273,971,1060
416274,973,1059
416275,975,1056
416276,973,1057
416277,968,1056
416278,966,1058
416279,969,1058
416280,972,1060
416281,970,1059
416282,970,1056
416283,966,1056
416284,968,1060
416285,969,1061
416286,972,1061
416287,970,1057
416288,970,1055
416289,969,1055
416290,970,1058
416291,971,1060
416292,975,1057
416293,973,1057
416294,970,1053
416295,969,1050
416296,969,1052
416297,974,1057
416298,974,1054
416299,972,1054
416300,969,1050
416301,967,1050
416302,970,1051
416303,972,1054
416304,973,1055
416305,971,1053
416306,970,1051
416307,969,1051
416308,973,1052
416309,973,1056
416310,979,1057
416311,978,1054
416312,974,1050
416313,972,1052
416314,973,1054
416315,974,1056
416316,976,1058
416317,973,1056
416318,973,1053
416319,970,1054
416320,971,1056
416321,978,1061
416322,980,1061
416323,979,1060
416324,976,1061
416325,970,1058
416326,975,1062
416327,975,1063
416328,979,1066
416329,975,1064
416330,974,1061
416331,971,1061
416332,973,1063
416333,973,1065
416334,978,1068
416335,975,1064
416336,973,1062
416337,971,1061
416338,974,1065
416339,973,1066
416340,974,1064
416341,974,1062
416342,972,1058
416343,972,1058
416344,973,1063
416345,977,1065
416346,980,1064
416347,981,1062
416348,980,1060
416349,974,1061
416350,970,1062
416351,973,1063
416352,974,1063
416353,975,1060
416354,974,1057
416355,976,1055
416356,981,1059
416357,981,1060
416358,985,1056
416359,980,1056
416360,976,1053
416361,975,1056
416362,974,1056
416363,978,1057
416364,980,1057
416365,979,1055
416366,977,1053
416367,975,1054
416368,973,1057
416369,979,1059
416370,980,1059
416371,979,1057
416372,979,1056
416373,976,1057
416374,980,1060
416375,983,1061
416376,986,1061
416377,985,1060
416378,984,1057
416379,982,1055
416380,982,1059
416381,985,1063
416382,987,1063
416383,988,1059
416384,985,1057
416385,983,1060
416386,983,1059
416387,985,1063
416388,986,1060
416389,980,1059
416390,980,1057
416391,979,1055
416392,978,1058
416393,979,1059
416394,982,1059
416395,979,1058
416396,980,1055
416397,979,1054
416398,981,1057
416399,981,1061
416400,987,1059
416401,987,1058
416402,985,1058
416403,984,1057
416404,985,1060
416405,986,1060
416406,987,1060
416407,991,1056
416408,986,1053
416409,984,1055
416410,984,1056
416411,985,1058
416412,987,1059
416413,986,1058
416414,983,1055
416415,978,1054
416416,982,1055
416417,986,1060
416418,987,1058
416419,983,1058
416420,981,1054
416421,980,1054
416422,982,1056
416423,989,1057
416424,993,1057
416425,995,1055
416426,992,1053
416427,992,1055
416428,990,1055
416429,995,1056
416430,998,1056
416431,997,1055
416432,994,1053
416433,996,1052
416434,997,1055
416435,1000,1056
416436,1001,1054
416437,1002,1052
416438,1002,1048
416439,1004,1044
416440,1010,1046
416441,1026,1046
416442,1044,1043
416443,1059,1038
416444,1077,1034
416445,1102,1029
416446,1139,1022
416447,1176,1010
416448,1218,1001
416449,1249,995
416450,1278,996
416451,1305,1006
416452,1310,1031
416453,1292,1049
416454,1250,1059
416455,1189,1061
416456,1134,1065
416457,1076,1075
416458,1024,1085
416459,992,1094
416460,982,1094
416461,985,1086
416462,991,1077
416463,996,1069
416464,998,1061
416465,997,1061
416466,994,1058
416467,990,1058
416468,986,1055
416469,979,1052
416470,977,1055
416471,978,1059
416472,980,1055
416473,976,1053
416474,974,1049
416475,972,1050
416476,970,1053
416477,973,1054
416478,972,1055
416479,968,1053
416480,967,1052
416481,968,1050
416482,968,1055
416483,971,1055
416484,975,1057
416485,970,1055
416486,966,1052
416487,964,1056
416488,965,1056
416489,965,1059
416490,971,1058
416491,970,1057
416492,966,1055
416493,965,1055
416494,967,1061
416495,969,1065
416496,972,1065
416497,969,1062
416498,969,1059
416499,965,1060
416500,966,1063
416501,968,1067
416502,972,1067
416503,970,1063
416504,970,1060
416505,972,1058
416506,972,1060
416507,976,1062
416508,977,1061
416509,974,1058
416510,972,1052
416511,971,1053
416512,974,1053
416513,976,1057
416514,977,1055
416515,979,1050
416516,976,1048
416517,974,1047
416518,975,1048
416519,979,1046
416520,980,1045
416521,980,1043
416522,979,1037
416523,981,1040
416524,984,1037
416525,987,1039
416526,988,1038
416527,989,1034
416528,988,1030
416529,985,1029
416530,986,1029
416531,989,1031
416532,993,1028
416533,992,1026
416534,990,1021
416535,992,1024
416536,994,1026
416537,995,1028
416538,1000,1025
416539,999,1024
416540,996,1021
416541,1000,1020
416542,1003,1024
416543,1007,1027
416544,1010,1023
416545,1007,1021
416546,1009,1018
416547,1005,1019
416548,1007,1019
416549,1009,1021
416550,1018,1023
416551,1019,1022
416552,1017,1017
416553,1014,1018
416554,1018,1021
416555,1024,1023
416556,1028,1021
416557,1025,1021
416558,1023,1019
416559,1022,1020
416560,1021,1023
416561,1025,1026
416562,1026,1024
416563,1024,1025
416564,1021,1026
416565,1017,1026
416566,1015,1032
416567,1020,1037
416568,1021,1038
416569,1015,1035
416570,1013,1037
416571,1011,1037
416572,1007,1039
416573,1008,1044
416574,1007,1044
416575,1006,1039
416576,1003,1041
416577,998,1045
416578,998,1047
416579,1000,1047
416580,1003,1047
416581,1000,1047
416582,997,1046
416583,994,1048
416584,994,1052
416585,996,1054
416586,995,1054
416587,992,1052
416588,993,1052
416589,991,1050
416590,993,1054
416591,995,1054
416592,998,1054
416593,999,1052
416594,1002,1048
416595,1003,1047
416596,1005,1047
416597,1008,1050
416598,1008,1050
416599,1006,1043
416600,1004,1037
416601,998,1034
416602,999,1035
416603,999,1032
416604,999,1025
416605,998,1017
416606,992,1008
416607,986,996
416608,980,987
416609,970,970
416610,952,947
416611,922,918
416612,889,889
416613,856,861
416614,829,833
416615,813,805
416616,809,777
416617,810,754
416618,811,736
416619,817,722
416620,830,710
416621,840,706
416622,847,707
416623,853,721
416624,859,738
416625,858,761
416626,862,784
416627,866,804
416628,867,818
416629,870,827
416630,869,831
416631,872,836
416632,880,846
416633,889,860
416634,896,868
416635,901,875
416636,902,883
416637,904,894
416638,912,905
416639,920,918
416640,929,925
416641,934,935
416642,941,945
416643,945,960
416644,956,974
416645,965,993
416646,972,1004
416647,976,1017
416648,978,1026
416649,983,1044
416650,989,1061
416651,995,1076
416652,1006,1092
416653,1008,1102
416654,1008,1109
416655,1008,1115
416656,1010,1122
416657,1012,1130
416658,1016,1133
416659,1020,1136
416660,1021,1133
416661,1020,1137
416662,1024,1144
416663,1034,1147
416664,1039,1149
416665,1041,1150
416666,1040,1151
416667,1041,1153
416668,1048,1158
416669,1058,1161
416670,1062,1162
416671,1067,1164
416672,1068,1163
416673,1071,1167
416674,1078,1169
416675,1083,1173
416676,1089,1174
416677,1092,1176
416678,1095,1174
416679,1100,1176
416680,1104,1179
416681,1111,1183
416682,1119,1185
416683,1123,1184
416684,1128,1185
416685,1132,1188
416686,1138,1193
416687,1144,1197
416688,1150,1199
416689,1156,1198
416690,1158,1202
416691,1163,1203
416692,1173,1208
416693,1178,1209
416694,1186,1213
416695,1186,1213
416696,1190,1211
416697,1190,1213
416698,1199,1218
416699,1202,1221
416700,1208,1220
416701,1210,1217
416702,1210,1216
416703,1211,1217
416704,1214,1217
416705,1214,1220
416706,1212,1218
416707,1212,1214
416708,1208,1210
416709,1203,1204
416710,1201,1205
416711,1195,1204
416712,1197,1200
416713,1189,1193
416714,1180,1183
416715,1170,1181
416716,1166,1177
416717,1162,1173
416718,1157,1168
416719,1149,1161
416720,1141,1150
416721,1131,1144
416722,1125,1139
416723,1120,1134
416724,1114,1125
416725,1105,1115
416726,1095,1107
416727,1086,1101
416728,1080,1098
416729,1076,1093
416730,1072,1089
416731,1067,1084
416732,1058,1074
416733,1051,1070
416734,1048,1068
416735,1041,1067
416736,1041,1065
416737,1035,1060
416738,1029,1057
416739,1025,1054
416740,1020,1054
416741,1020,1057
416742,1019,1056
416743,1017,1052
416744,1013,1046
416745,1008,1047
416746,1007,1047
416747,1006,1049
416748,1003,1047
416749,1003,1045
416750,999,1044
416751,993,1047
416752,993,1049
416753,997,1052
416754,996,1053
416755,995,1053
416756,991,1050
416757,985,1048
416758,985,1052
416759,989,1055
416760,990,1055
416761,991,1055
416762,988,1051
416763,985,1054
416764,983,1058
416765,986,1060
416766,984,1062
416767,986,1060
416768,982,1062
416769,980,1062
416770,982,1061
416771,986,1064
416772,986,1064
416773,986,1064
416774,982,1061
416775,981,1060
416776,980,1062
416777,984,1064
416778,983,1060
416779,986,1057
416780,983,1057
416781,979,1057
416782,978,1060
416783,980,1063
416784,981,1059
416785,979,1056
416786,979,1054
416787,975,1055
416788,977,1057
416789,979,1059
416790,982,1057
416791,980,1056
416792,980,1053
416793,973,1053
416794,975,1054
416795,975,1056
416796,977,1055
416797,973,1053
416798,971,1048
416799,970,1053
416800,970,1052
416801,973,1051
416802,972,1051
416803,969,1049
416804,966,1047
416805,963,1046
416806,964,1049
416807,968,1049
416808,969,1049
416809,967,1048
416810,966,1044
416811,963,1045
416812,967,1049
416813,967,1053
416814,969,1053
416815,966,1050
416816,964,1048
416817,962,1050
416818,964,1051
416819,966,1055
416820,968,1057
416821,967,1057
416822,963,1053
416823,964,1057
416824,963,1059
416825,967,1061
416826,971,1059
416827,969,1057
416828,963,1053
416829,962,1055
416830,967,1055
416831,969,1059
416832,972,1057
416833,971,1054
416834,967,1052
416835,966,1055
416836,970,1057
416837,970,1059
416838,970,1058
416839,970,1057
416840,968,1053
416841,969,1054
416842,970,1059
416843,972,1061
416844,976,1056
416845,976,1057
416846,976,1052
416847,972,1049
416848,973,1049
416849,976,1052
416850,977,1053
416851,978,1051
416852,974,1049
416853,972,1049
416854,974,1053
416855,973,1053
416856,977,1052
416857,981,1051
416858,979,1049
416859,974,1051
416860,973,1051
416861,976,1052
416862,977,1055
416863,975,1051
416864,970,1051
416865,968,1052
416866,970,1054
416867,971,1058
416868,973,1058
416869,971,1056
416870,967,1055
416871,969,1055
416872,969,1058
416873,969,1060
416874,970,1058
416875,973,1055
416876,970,1055
416877,969,1055
416878,969,1058
416879,974,1060
416880,975,1060
416881,972,1055
416882,971,1052
416883,967,1054
416884,970,1053
416885,973,1055
416886,974,1052
416887,975,1050
416888,971,1048
416889,968,1047
416890,971,1048
416891,971,1053
416892,973,1050
416893,970,1047
416894,967,1044
416895,964,1045
416896,966,1049
416897,970,1051
416898,973,1049
416899,975,1048
416900,971,1044
416901,973,1046
416902,974,1048
416903,976,1050
416904,975,1048
416905,973,1048
416906,978,1045
416907,975,1045
416908,977,1048
416909,983,1050
416910,982,1049
416911,983,1048
416912,981,1043
416913,981,1045
416914,979,1050
416915,983,1052
416916,984,1055
416917,985,1053
416918,992,1049
416919,997,1045
416920,1010,1041
416921,1026,1038
416922,1040,1029
416923,1055,1025
416924,1076,1019
416925,1112,1015
416926,1151,1006
416927,1190,998
416928,1226,992
416929,1254,987
416930,1273,996
416931,1281,1014
416932,1265,1032
416933,1230,1040
416934,1176,1043
416935,1118,1049
416936,1057,1061
416937,1001,1072
416938,961,1079
416939,950,1089
416940,952,1085
416941,961,1076
416942,964,1064
416943,967,1057
416944,969,1054
416945,970,1052
416946,969,1049
416947,966,1046
416948,965,1043
416949,962,1045
416950,962,1047
416951,966,1049
416952,960,1051
416953,956,1050
416954,953,1048
416955,948,1050
416956,952,1055
416957,954,1058
416958,952,1056
416959,954,1052
416960,951,1054
416961,948,1053
416962,947,1054
416963,949,1057
416964,949,1059
416965,949,1054
416966,947,1052
416967,944,1052
416968,949,1052
416969,947,1056
416970,952,1055
416971,951,1052
416972,950,1048
416973,949,1047
416974,950,1048
416975,950,1051
416976,951,1049
416977,952,1049
416978,948,1046
416979,945,1043
416980,947,1044
416981,950,1046
416982,949,1048
416983,949,1043
416984,950,1039
416985,950,1041
416986,952,1043
416987,950,1043
416988,954,1043
416989,954,1040
416990,952,1036
416991,948,1035
416992,949,1039
416993,949,1042
416994,953,1043
416995,956,1039
416996,955,1037
416997,953,1034
416998,957,1035
416999,957,1037
417000,961,1037
417001,959,1033
417002,958,1031
417003,955,1031
417004,958,1030
417005,961,1033
417006,965,1031
417007,966,1027
417008,966,1022
417009,967,1025
417010,968,1024
417011,975,1028
417012,975,1024
417013,974,1020
417014,975,1017
417015,975,1017
417016,980,1019
417017,985,1020
417018,987,1018
417019,984,1014
417020,977,1009
417021,974,1008
417022,976,1008
417023,980,1012
417024,984,1008
417025,988,1005
417026,989,1003
417027,990,1002
417028,992,1005
417029,999,1004
417030,1006,1004
417031,1007,1001
417032,1003,995
417033,998,998
417034,997,1000
417035,994,1007
417036,998,1005
417037,997,1008
417038,1000,1007
417039,996,1008
417040,999,1015
417041,1004,1018
417042,1007,1017
417043,1004,1019
417044,1001,1019
417045,995,1024
417046,995,1030
417047,997,1035
417048,1002,1035
417049,1000,1035
417050,997,1037
417051,992,1039
417052,991,1043
417053,992,1045
417054,991,1047
417055,987,1046
417056,984,1047
417057,982,1050
417058,984,1051
417059,986,1054
417060,987,1054
417061,985,1050
417062,982,1049
417063,980,1048
417064,982,1051
417065,984,1054
417066,983,1053
417067,980,1051
417068,979,1048
417069,980,1047
417070,978,1050
417071,984,1052
417072,984,1050
417073,983,1046
417074,981,1043
417075,976,1046
417076,979,1049
417077,980,1048
417078,982,1049
417079,980,1045
417080,976,1043
417081,974,1045
417082,974,1044
417083,978,1048
417084,980,1044
417085,981,1043
417086,978,1041
417087,980,1040
417088,977,1043
417089,984,1044
417090,985,1043
417091,984,1038
417092,979,1038
417093,976,1039
417094,980,1044
417095,984,1047
417096,986,1047
417097,985,1044
417098,981,1042
417099,977,1042
417100,976,1048
417101,982,1051
417102,985,1051
417103,983,1051
417104,984,1052
417105,981,1053
417106,981,1054
417107,983,1058
417108,986,1057
417109,985,1052
417110,983,1050
417111,980,1051
417112,981,1049
417113,983,1053
417114,985,1052
417115,987,1051
417116,983,1047
417117,979,1050
417118,978,1051
417119,982,1054
417120,983,1054
417121,982,1051
417122,978,1046
417123,974,1050
417124,975,1052
417125,976,1054
417126,981,1055
417127,979,1052
417128,975,1048
417129,974,1049
417130,977,1052
417131,977,1052
417132,978,1053
417133,974,1050
417134,974,1048
417135,971,1049
417136,975,1049
417137,979,1053
417138,979,1052
417139,977,1049
417140,974,1046
417141,973,1048
417142,974,1049
417143,977,1053
417144,978,1055
417145,974,1053
417146,974,1049
417147,971,1050
417148,972,1053
417149,976,1057
417150,975,1057
417151,973,1057
417152,970,1056
417153,967,1054
417154,965,1055
417155,970,1057
417156,971,1058
417157,971,1055
417158,966,1052
417159,964,1055
417160,965,1056
417161,966,1059
417162,967,1056
417163,966,1054
417164,966,1053
417165,968,1052
417166,970,1057
417167,973,1059
417168,973,1056
417169,972,1053
417170,969,1055
417171,966,1056
417172,969,1057
417173,971,1059
417174,977,1055
417175,977,1050
417176,979,1047
417177,984,1046
417178,993,1043
417179,1010,1043
417180,1027,1039
417181,1045,1036
417182,1068,1030
417183,1102,1024
417184,1142,1011
417185,1185,1001
417186,1226,992
417187,1261,991
417188,1281,1001
417189,1283,1023
417190,1260,1043
417191,1216,1052
417192,1156,1058
417193,1089,1064
417194,1019,1077
417195,960,1095
417196,935,1107
417197,939,1115
417198,952,1108
417199,962,1093
417200,968,1078
417201,970,1069
417202,972,1067
417203,973,1066
417204,975,1063
417205,968,1059
417206,966,1054
417207,962,1056
417208,963,1058
417209,962,1060
417210,962,1059
417211,961,1058
417212,958,1053
417213,954,1054
417214,958,1056
417215,962,1060
417216,959,1058
417217,955,1056
417218,950,1054
417219,946,1053
417220,949,1056
417221,952,1059
417222,957,1057
417223,957,1054
417224,955,1051
417225,953,1052
417226,955,1051
417227,958,1056
417228,958,1051
417229,959,1052
417230,956,1050
417231,957,1050
417232,959,1055
417233,961,1057
417234,965,1054
417235,961,1050
417236,962,1048
417237,959,1049
417238,961,1055
417239,961,1057
417240,963,1056
417241,964,1052
417242,964,1053
417243,964,1050
417244,963,1051
417245,966,1055
417246,964,1051
417247,965,1049
417248,964,1045
417249,965,1045
417250,968,1046
417251,971,1050
417252,970,1048
417253,972,1044
417254,966,1040
417255,968,1037
417256,971,1038
417257,975,1040
417258,981,1036
417259,980,1033
417260,976,1027
417261,978,1028
417262,976,1026
417263,981,1028
417264,985,1025
417265,984,1021
417266,983,1017
417267,983,1016
417268,987,1014
417269,991,1016
417270,990,1014
417271,989,1013
417272,989,1010
417273,989,1011
417274,985,1012
417275,987,1016
417276,987,1013
417277,986,1010
417278,986,1009
417279,983,1011
417280,987,1015
417281,992,1017
417282,993,1017
417283,995,1017
417284,993,1014
417285,993,1020
417286,995,1022
417287,996,1025
417288,996,1026
417289,996,1028
417290,996,1027
417291,992,1032
417292,994,1036
417293,996,1042
417294,995,1041
417295,992,1039
417296,989,1041
417297,988,1045
417298,985,1046
417299,986,1052
417300,987,1048
417301,984,1051
417302,980,1051
417303,977,1053
417304,978,1055
417305,976,1058
417306,979,1057
417307,977,1056
417308,976,1054
417309,973,1054
417310,975,1059
417311,976,1062
417312,980,1060
417313,976,1057
417314,974,1055
417315,971,1057
417316,975,1058
417317,977,1062
417318,980,1062
417319,979,1058
417320,974,1053
417321,974,1057
417322,974,1059
417323,975,1062
417324,977,1059
417325,975,1059
417326,973,1055
417327,973,1057
417328,976,1059
417329,979,1064
417330,978,1062
417331,973,1060
417332,973,1059
417333,975,1061
417334,976,1062
417335,975,1065
417336,977,1061
417337,980,1059
417338,977,1055
417339,977,1057
417340,972,1062
417341,978,1066
417342,978,1066
417343,978,1060
417344,976,1060
417345,975,1060
417346,981,1059
417347,982,1060
417348,982,1057
417349,978,1060
417350,976,1057
417351,977,1055
417352,978,1059
417353,982,1061
417354,985,1061
417355,980,1060
417356,978,1056
417357,975,1057
417358,976,1060
417359,977,1061
417360,977,1061
417361,975,1058
417362,970,1055
417363,970,1056
417364,973,1059
417365,970,1061
417366,975,1060
417367,971,1059
417368,969,1059
417369,968,1057
417370,969,1060
417371,972,1062
417372,973,1062
417373,971,1060
417374,966,1058
417375,963,1059
417376,966,1064
417377,968,1070
417378,970,1068
417379,969,1069
417380,967,1065
417381,966,1063
417382,967,1064
417383,973,1066
417384,972,1064
417385,971,1060
417386,970,1058
417387,968,1058
417388,966,1061
417389,974,1064
417390,975,1063
417391,977,1062
417392,974,1060
417393,968,1059
417394,976,1064
417395,979,1063
417396,979,1064
417397,980,1058
417398,979,1059
417399,976,1055
417400,979,1055
417401,981,1056
417402,988,1050
417403,1000,1046
417404,1008,1041
417405,1022,1038
417406,1038,1039
417407,1061,1040
417408,1091,1031
417409,1125,1017
417410,1163,1000
417411,1202,995
417412,1244,997
417413,1279,1009
417414,1293,1028
417415,1272,1048
417416,1225,1056
417417,1161,1058
417418,1099,1067
417419,1038,1086
417420,977,1102
417421,938,1113
417422,922,1119
417423,932,1117
417424,945,1111
417425,958,1098
417426,962,1086
417427,962,1077
417428,958,1069
417429,954,1066
417430,954,1068
417431,953,1071
417432,953,1066
417433,950,1067
417434,945,1064
417435,945,1064
417436,945,1068
417437,947,1071
417438,950,1070
417439,948,1066
417440,943,1064
417441,946,1063
417442,947,1068
417443,951,1068
417444,950,1066
417445,952,1065
417446,946,1065
417447,946,1064
417448,949,1065
417449,954,1070
417450,955,1064
417451,952,1063
417452,951,1059
417453,952,1060
417454,951,1063
417455,953,1062
417456,956,1063
417457,954,1059
417458,950,1056
417459,947,1056
417460,949,1058
417461,950,1061
417462,951,1060
417463,950,1058
417464,947,1055
417465,948,1056
417466,949,1060
417467,953,1060
417468,952,1056
417469,951,1053
417470,952,1048
417471,951,1047
417472,953,1046
417473,955,1047
417474,961,1044
417475,960,1040
417476,954,1037
417477,954,1037
417478,957,1039
417479,962,1041
417480,965,1038
417481,963,1033
417482,958,1030
417483,954,1032
417484,960,1034
417485,965,1036
417486,968,1030
417487,969,1024
417488,969,1020
417489,971,1017
417490,971,1019
417491,974,1021
417492,977,1018
417493,974,1014
417494,971,1013
417495,972,1010
417496,974,1013
417497,979,1016
417498,984,1010
417499,986,1009
417500,985,1007
417501,985,1005
417502,984,1005
417503,987,1007
417504,990,1008
417505,988,1005
417506,989,1005
417507,989,1007
417508,993,1011
417509,996,1015
417510,999,1017
417511,995,1015
417512,991,1012
417513,986,1012
417514,986,1017
417515,988,1021
417516,989,1020
417517,985,1019
417518,981,1021
417519,978,1024
417520,978,1029
417521,979,1035
417522,975,1036
417523,974,1038
417524,966,1035
417525,967,1040
417526,969,1046
417527,971,1051
417528,973,1054
417529,967,1053
417530,963,1053
417531,961,1058
417532,962,1060
417533,964,1063
417534,963,1063
417535,964,1059
417536,959,1057
417537,956,1059
417538,959,1062
417539,965,1064
417540,966,1062
417541,964,1059
417542,958,1060
417543,961,1060
417544,963,1060
417545,965,1065
417546,968,1065
417547,966,1060
417548,960,1057
417549,957,1060
417550,962,1060
417551,967,1062
417552,968,1063
417553,965,1059
417554,961,1055
417555,962,1057
417556,964,1060
417557,971,1060
417558,971,1054
417559,970,1052
417560,967,1048
417561,966,1048
417562,967,1053
417563,969,1052
417564,966,1053
417565,966,1046
417566,963,1044
417567,963,1044
417568,965,1046
417569,967,1050
417570,970,1049
417571,967,1046
417572,964,1043
417573,961,1045
417574,968,1045
417575,968,1049
417576,970,1051
417577,972,1046
417578,968,1049
417579,970,1048
417580,968,1049
417581,965,1052
417582,967,1053
417583,965,1051
417584,964,1049
417585,962,1050
417586,965,1051
417587,964,1054
417588,968,1051
417589,967,1051
417590,964,1048
417591,960,1054
417592,963,1051
417593,965,1058
417594,966,1056
417595,963,1051
417596,964,1049
417597,960,1053
417598,964,1052
417599,964,1054
417600,963,1052
417601,964,1049
417602,960,1048
417603,959,1046
417604,962,1051
417605,965,1054
417606,963,1056
417607,964,1052
417608,962,1049
417609,964,1050
417610,966,1052
417611,968,1055
417612,970,1053
417613,966,1053
417614,966,1049
417615,965,1049
417616,965,1051
417617,967,1055
417618,969,1052
417619,968,1049
417620,964,1046
417621,961,1051
417622,964,1054
417623,965,1057
417624,971,1056
417625,971,1053
417626,968,1050
417627,967,1051
417628,969,1053
417629,973,1049
417630,976,1045
417631,983,1040
417632,990,1038
417633,1001,1037
417634,1018,1035
417635,1041,1034
417636,1069,1029
417637,1104,1017
417638,1144,1002
417639,1188,996
417640,1230,998
417641,1262,1013
417642,1280,1035
417643,1272,1057
417644,1234,1071
417645,1179,1073
417646,1116,1077
417647,1049,1091
417648,986,1103
417649,932,1112
417650,915,1117
417651,926,1116
417652,941,1104
417653,952,1091
417654,959,1075
417655,958,1064
417656,954,1056
417657,953,1053
417658,951,1053
417659,954,1054
417660,951,1051
417661,948,1048
417662,949,1046
417663,948,1046
417664,946,1048
417665,952,1050
417666,949,1048
417667,945,1046
417668,942,1043
417669,940,1045
417670,941,1049
417671,943,1051
417672,940,1051
417673,939,1048
417674,939,1044
417675,939,1045
417676,938,1050
417677,940,1053
417678,941,1053
417679,939,1050
417680,940,1047
417681,941,1049
417682,941,1051
417683,944,1053
417684,948,1048
417685,947,1048
417686,943,1045
417687,942,1043
417688,944,1045
417689,944,1045
417690,948,1043
417691,947,1041
417692,943,1039
417693,943,1038
417694,945,1044
417695,950,1042
417696,950,1043
417697,947,1037
417698,944,1037
417699,942,1036
417700,947,1036
417701,952,1039
417702,950,1035
417703,954,1031
417704,952,1026
417705,951,1028
417706,955,1028
417707,956,1028
417708,958,1022
417709,956,1016
417710,956,1010
417711,961,1010
417712,960,1009
417713,968,1012
417714,967,1007
417715,965,1003
417716,965,1002
417717,965,1001
417718,970,1001
417719,976,1003
417720,978,999
417721,976,995
417722,972,992
417723,971,992
417724,972,994
417725,972,997
417726,973,994
417727,975,992
417728,974,989
417729,971,987
417730,974,989
417731,973,993
417732,977,995
417733,981,992
417734,978,990
417735,976,989
417736,977,993
417737,981,1000
417738,984,1004
417739,985,1003
417740,980,1004
417741,981,1008
417742,982,1013
417743,985,1022
417744,984,1022
417745,982,1024
417746,976,1024
417747,975,1031
417748,975,1035
417749,975,1040
417750,977,1042
417751,973,1040
417752,970,1041
417753,967,1045
417754,968,1050
417755,968,1053
417756,966,1056
417757,966,1053
417758,961,1053
417759,962,1053
417760,966,1058
417761,970,1057
417762,968,1055
417763,965,1055
417764,958,1051
417765,957,1051
417766,961,1057
417767,962,1055
417768,965,1052
417769,964,1050
417770,963,1049
417771,965,1048
417772,961,1049
417773,965,1051
417774,969,1052
417775,969,1046
417776,967,1044
417777,967,1043
417778,968,1045
417779,969,1048
417780,970,1046
417781,966,1044
417782,965,1041
417783,963,1040
417784,964,1044
417785,967,1044
417786,970,1042
417787,968,1042
417788,967,1038
417789,966,1039
417790,967,1040
417791,970,1046
417792,969,1046
417793,967,1043
417794,966,1039
417795,965,1041
417796,969,1043
417797,972,1047
417798,974,1043
417799,974,1044
417800,974,1043
417801,972,1043
417802,975,1045
417803,977,1049
417804,978,1047
417805,975,1045
417806,972,1041
417807,974,1045
417808,976,1047
417809,978,1048
417810,980,1046
417811,979,1043
417812,976,1043
417813,973,1041
417814,975,1043
417815,977,1046
417816,979,1046
417817,977,1046
417818,974,1046
417819,974,1045
417820,972,1049
417821,976,1054
417822,977,1051
417823,975,1047
417824,969,1044
417825,969,1042
417826,971,1046
417827,977,1047
417828,977,1047
417829,978,1043
417830,974,1043
417831,968,1044
417832,969,1046
417833,966,1052
417834,966,1049
417835,967,1045
417836,965,1047
417837,963,1047
417838,967,1049
417839,969,1052
417840,969,1053
417841,968,1051
417842,964,1047
417843,964,1052
417844,967,1052
417845,968,1058
417846,972,1059
417847,970,1057
417848,967,1054
417849,968,1054
417850,972,1057
417851,971,1057
417852,970,1054
417853,968,1052
417854,967,1048
417855,967,1050
417856,971,1053
417857,977,1057
417858,977,1055
417859,976,1055
417860,975,1050
417861,971,1051
417862,971,1053
417863,976,1054
417864,978,1053
417865,978,1049
417866,975,1046
417867,975,1047
417868,980,1049
417869,983,1050
417870,983,1049
417871,983,1046
417872,978,1046
417873,977,1045
417874,979,1049
417875,982,1054
417876,984,1053
417877,981,1048
417878,979,1045
417879,977,1045
417880,978,1050
417881,979,1052
417882,982,1052
417883,978,1050
417884,978,1045
417885,975,1048
417886,980,1048
417887,981,1051
417888,979,1049
417889,977,1048
417890,975,1043
417891,975,1047
417892,977,1049
417893,976,1052
417894,980,1050
417895,980,1047
417896,974,1044
417897,974,1047
417898,976,1050
417899,982,1053
417900,984,1052
417901,979,1049
417902,973,1050
417903,971,1052
417904,970,1053
417905,976,1057
417906,979,1053
417907,978,1051
417908,977,1048
417909,976,1047
417910,981,1050
417911,986,1053
417912,987,1049
417913,989,1044
417914,989,1039
417915,996,1037
417916,1010,1038
417917,1028,1037
417918,1046,1034
417919,1069,1032
417920,1095,1027
417921,1127,1021
417922,1167,1013
417923,1212,1007
417924,1253,1003
417925,1290,1005
417926,1315,1016
417927,1323,1036
417928,1315,1056
417929,1287,1065
417930,1234,1063
417931,1179,1066
417932,1119,1067
417933,1060,1079
417934,1009,1089
417935,974,1095
417936,966,1096
417937,969,1086
417938,975,1071
417939,981,1061
417940,987,1058
417941,988,1054
417942,979,1049
417943,974,1048
417944,968,1047
417945,967,1045
417946,967,1048
417947,966,1050
417948,966,1050
417949,963,1045
417950,959,1043
417951,958,1044
417952,959,1046
417953,958,1045
417954,956,1046
417955,956,1044
417956,954,1040
417957,952,1042
417958,954,1043
417959,957,1051
417960,958,1047
417961,957,1050
417962,953,1044
417963,949,1047
417964,951,1049
417965,954,1052
417966,959,1048
417967,960,1046
417968,957,1042
417969,958,1047
417970,956,1050
417971,960,1054
417972,963,1053
417973,960,1052
417974,957,1051
417975,955,1051
417976,957,1055
417977,964,1054
417978,965,1053
417979,963,1051
417980,963,1048
417981,964,1049
417982,963,1050
417983,965,1050
417984,964,1049
417985,964,1048
417986,959,1046
417987,960,1046
417988,964,1047
417989,969,1050
417990,971,1046
417991,971,1043
417992,969,1042
417993,970,1041
417994,974,1039
417995,977,1040
417996,978,1039
417997,976,1036
417998,975,1031
417999,977,1031
418000,980,1031
418001,982,1031
418002,981,1029
418003,983,1025
418004,983,1021
418005,983,1021
418006,985,1021
418007,989,1020
418008,988,1019
418009,988,1012
418010,987,1011
418011,988,1010
418012,991,1012
418013,992,1014
418014,997,1012
418015,994,1007
418016,991,1006
418017,992,1006
418018,993,1009
418019,1000,1010
418020,1003,1008
418021,999,1007
418022,999,1001
418023,1000,1004
418024,1002,1007
418025,1004,1010
418026,1004,1007
418027,1004,1007
418028,1002,1008
418029,1000,1010
418030,1007,1014
418031,1011,1019
418032,1011,1017
418033,1008,1018
418034,1009,1016
418035,1007,1022
418036,1007,1023
418037,1008,1028
418038,1009,1028
418039,1006,1027
418040,1002,1028
418041,1000,1031
418042,1000,1034
418043,1003,1037
418044,999,1038
418045,994,1036
418046,993,1035
418047,989,1039
418048,993,1043
418049,994,1048
418050,993,1045
418051,990,1041
418052,985,1040
418053,983,1043
418054,983,1047
418055,985,1049
418056,980,1049
418057,981,1046
418058,977,1044
418059,975,1044
418060,978,1048
418061,980,1051
418062,978,1047
418063,976,1046
418064,972,1045
418065,973,1047
418066,974,1049
418067,977,1049
418068,981,1048
418069,980,1045
418070,978,1041
418071,978,1042
418072,982,1045
418073,986,1047
418074,986,1047
418075,985,1045
418076,979,1043
418077,980,1047
418078,983,1048
418079,986,1049
418080,986,1050
418081,983,1049
418082,984,1047
418083,982,1046
418084,984,1047
418085,987,1051
418086,987,1050
418087,988,1047
418088,986,1043
418089,988,1045
418090,989,1044
418091,992,1047
418092,994,1047
418093,992,1043
418094,989,1041
418095,988,1042
418096,989,1045
418097,992,1048
418098,992,1044
418099,992,1044
418100,992,1043
418101,988,1043
418102,989,1044
418103,992,1047
418104,991,1047
418105,987,1045
418106,984,1043
418107,982,1045
418108,986,1046
418109,988,1047
418110,988,1045
418111,987,1044
418112,982,1040
418113,982,1040
418114,981,1043
418115,983,1043
418116,982,1040
418117,981,1036
418118,981,1032
418119,981,1037
418120,983,1041
418121,984,1041
418122,986,1040
418123,986,1037
418124,980,1039
418125,981,1039
418126,982,1044
418127,985,1048
418128,985,1046
418129,983,1043
418130,982,1043
418131,980,1045
418132,982,1044
418133,985,1048
418134,984,1046
418135,983,1045
418136,978,1044
418137,978,1045
418138,980,1044
418139,986,1049
418140,984,1050
418141,979,1046
418142,979,1042
418143,981,1047
418144,983,1047
418145,982,1051
418146,982,1047
418147,982,1044
418148,980,1046
418149,978,1046
418150,982,1050
418151,985,1052
418152,986,1049
418153,984,1047
418154,980,1043
418155,980,1045
418156,980,1051
418157,983,1052
418158,986,1048
418159,983,1046
418160,981,1043
418161,979,1047
418162,980,1047
418163,987,1050
418164,984,1048
418165,984,1043
418166,982,1039
418167,981,1041
418168,982,1042
418169,985,1044
418170,989,1045
418171,985,1040
418172,983,1039
418173,982,1039
418174,985,1043
418175,987,1044
418176,985,1043
418177,985,1041
418178,984,1038
418179,983,1041
418180,987,1044
418181,990,1047
418182,992,1046
418183,993,1043
418184,991,1041
418185,989,1039
418186,996,1038
418187,1008,1036
418188,1020,1032
418189,1035,1027
418190,1053,1024
418191,1082,1023
418192,1117,1019
418193,1155,1011
418194,1194,994
418195,1233,985
418196,1268,984
418197,1298,999
418198,1309,1020
418199,1296,1043
418200,1260,1051
418201,1204,1050
418202,1138,1052
418203,1080,1063
418204,1025,1079
418205,987,1087
418206,969,1090
418207,965,1086
418208,973,1075
418209,981,1063
418210,989,1057
418211,993,1052
418212,993,1044
418213,988,1041
418214,982,1040
418215,978,1038
418216,976,1039
418217,978,1041
418218,978,1039
418219,971,1035
418220,972,1034
418221,969,1035
418222,969,1039
418223,968,1043
418224,972,1041
418225,971,1036
418226,966,1033
418227,962,1036
418228,963,1039
418229,967,1038
418230,967,1038
418231,965,1036
418232,962,1033
418233,962,1034
418234,964,1037
418235,966,1040
418236,970,1038
418237,967,1037
418238,964,1035
418239,965,1039
418240,967,1043
418241,969,1044
418242,969,1043
418243,968,1041
418244,964,1039
418245,964,1043
418246,970,1043
418247,972,1044
418248,971,1044
418249,971,1042
418250,969,1038
418251,971,1038
418252,974,1041
418253,980,1040
418254,975,1039
418255,978,1035
418256,977,1031
418257,974,1036
418258,977,1038
418259,978,1040
418260,981,1037
418261,980,1034
418262,978,1031
418263,980,1030
418264,982,1030
418265,985,1031
418266,985,1029
418267,985,1025
418268,982,1021
418269,983,1022
418270,985,1025
418271,989,1024
418272,990,1022
418273,991,1017
418274,991,1013
418275,991,1016
418276,994,1015
418277,997,1015
418278,997,1012
418279,994,1009
418280,991,1003
418281,992,1004
418282,997,1008
418283,1000,1008
418284,1001,1003
418285,1001,999
418286,999,999
418287,999,999
418288,1000,1000
418289,1000,1003
418290,1003,1000
418291,1000,997
418292,998,996
418293,997,998
418294,1001,999
418295,1004,1006
418296,1007,1005
418297,1006,1001
418298,1005,997
418299,1006,996
418300,1011,998
418301,1013,1001
418302,1012,1001
418303,1012,998
418304,1012,997
418305,1009,1000
418306,1015,1002
418307,1020,1007
418308,1018,1007
418309,1018,1006
418310,1012,1007
418311,1009,1009
418312,1013,1014
418313,1012,1016
418314,1013,1016
418315,1008,1017
418316,1005,1020
418317,1002,1023
418318,1002,1024
418319,1005,1030
418320,1001,1028
418321,999,1027
418322,996,1027
418323,994,1029
418324,993,1032
418325,990,1033
418326,992,1036
418327,990,1037
418328,987,1032
418329,986,1036
418330,987,1038
418331,987,1041
418332,986,1041
418333,984,1039
418334,979,1040
418335,980,1041
418336,981,1045
418337,985,1047
418338,986,1047
418339,982,1044
418340,981,1042
418341,979,1044
418342,982,1045
418343,981,1049
418344,983,1047
418345,985,1044
418346,981,1042
418347,983,1044
418348,983,1047
418349,984,1048
418350,983,1048
418351,981,1048
418352,981,1047
418353,983,1048
418354,985,1048
418355,989,1051
418356,990,1050
418357,988,1047
418358,990,1047
418359,987,1046
418360,989,1048
418361,993,1050
418362,992,1049
418363,993,1049
418364,990,1044
418365,990,1044
418366,992,1044
418367,993,1045
418368,992,1045
418369,991,1041
418370,990,1040
418371,986,1041
418372,990,1044
418373,991,1043
418374,993,1044
418375,990,1041
418376,989,1037
418377,985,1039
418378,985,1040
418379,987,1041
418380,986,1041
418381,981,1037
418382,980,1036
418383,978,1040
418384,982,1043
418385,985,1043
418386,984,1040
418387,984,1041
418388,978,1040
418389,975,1041
418390,976,1043
418391,979,1044
418392,985,1043
418393,979,1038
418394,980,1038
418395,979,1037
418396,978,1040
418397,979,1043
418398,979,1039
418399,982,1037
418400,977,1033
418401,975,1037
418402,979,1041
418403,983,1044
418404,982,1044
418405,980,1039
418406,977,1040
418407,977,1041
418408,983,1044
418409,986,1046
418410,984,1044
418411,981,1042
418412,980,1041
418413,978,1042
418414,980,1046
418415,984,1047
418416,983,1043
418417,981,1040
418418,982,1041
418419,982,1043
418420,982,1047
418421,985,1047
418422,986,1046
418423,983,1041
418424,979,1041
418425,977,1041
418426,979,1042
418427,979,1049
418428,981,1043
418429,980,1043
418430,977,1038
418431,978,1041
418432,980,1045
418433,981,1048
418434,980,1046
418435,974,1043
418436,977,1041
418437,976,1041
418438,980,1043
418439,981,1045
418440,982,1044
418441,978,1040
418442,976,1039
418443,979,1042
418444,982,1045
418445,984,1045
418446,987,1040
418447,988,1036
418448,993,1030
418449,1000,1029
418450,1012,1029
418451,1031,1029
418452,1055,1027
418453,1084,1022
418454,1119,1010
418455,1161,1000
418456,1207,993
418457,1250,995
418458,1284,1002
418459,1302,1019
418460,1294,1041
418461,1264,1060
418462,1214,1063
418463,1158,1069
418464,1096,1078
418465,1037,1086
418466,984,1097
418467,954,1105
418468,955,1107
418469,962,1105
418470,976,1090
418471,980,1075
418472,980,1063
418473,979,1060
418474,976,1060
418475,975,1057
418476,977,1053
418477,975,1047
418478,968,1045
418479,964,1041
418480,961,1043
418481,961,1046
418482,964,1044
418483,960,1040
418484,957,1037
418485,955,1040
418486,958,1044
418487,962,1042
418488,960,1041
418489,955,1037
418490,954,1038
418491,955,1039
418492,955,1043
418493,958,1042
418494,955,1039
418495,954,1035
418496,952,1036
418497,953,1037
418498,957,1038
418499,955,1042
418500,956,1043
418501,952,1041
418502,951,1040
418503,954,1044
418504,957,1046
418505,960,1047
418506,960,1045
418507,956,1045
418508,957,1042
418509,958,1044
418510,957,1046
418511,961,1052
418512,962,1048
418513,963,1045
418514,960,1043
418515,959,1045
418516,967,1046
418517,967,1045
418518,966,1042
418519,960,1037
418520,959,1035
418521,960,1035
418522,966,1034
418523,971,1037
418524,972,1034
418525,974,1030
418526,970,1025
418527,973,1023
418528,977,1023
418529,983,1025
418530,983,1020
418531,982,1015
418532,980,1014
418533,980,1012
418534,986,1013
418535,993,1013
418536,988,1008
418537,989,1003
418538,984,999
418539,986,1002
418540,990,1003
418541,995,1003
418542,997,1002
418543,995,998
418544,991,996
418545,992,1000
418546,994,1001
418547,997,1001
418548,1000,997
418549,999,995
418550,993,994
418551,992,994
418552,996,998
418553,999,999
418554,1000,999
418555,999,998
418556,995,994
418557,997,998
418558,1000,1001
418559,1002,1002
418560,1003,1001
418561,1002,999
418562,994,998
418563,993,1000
418564,996,1006
418565,999,1008
418566,999,1013
418567,997,1014
418568,996,1016
418569,993,1017
418570,995,1019
418571,994,1024
418572,993,1027
418573,991,1026
418574,990,1027
418575,986,1030
418576,987,1035
418577,992,1038
418578,993,1038
418579,989,1037
418580,981,1037
418581,982,1038
418582,980,1039
418583,980,1040
418584,980,1042
418585,981,1042
418586,979,1040
418587,981,1043
418588,983,1044
418589,984,1049
418590,982,1051
418591,978,1048
418592,975,1046
418593,974,1046
418594,972,1048
418595,980,1051
418596,980,1050
418597,980,1048
418598,977,1046
418599,975,1049
418600,975,1050
418601,975,1053
418602,974,1049
418603,970,1050
418604,967,1049
418605,968,1051
418606,973,1054
418607,975,1056
418608,976,1053
418609,977,1050
418610,973,1052
418611,972,1054
418612,974,1055
418613,976,1056
418614,978,1054
418615,976,1048
418616,976,1050
418617,975,1049
418618,978,1049
418619,981,1049
418620,984,1047
418621,980,1044
418622,974,1043
418623,975,1046
418624,980,1048
418625,984,1049
418626,981,1045
418627,977,1042
418628,973,1042
418629,975,1043
418630,980,1049
418631,984,1049
418632,982,1048
418633,977,1046
418634,974,1047
418635,974,1048
418636,978,1049
418637,983,1051
418638,982,1050
418639,978,1047
418640,975,1046
418641,975,1048
418642,975,1048
418643,978,1049
418644,978,1049
418645,977,1048
418646,971,1045
418647,974,1046
418648,978,1049
418649,979,1049
418650,978,1045
418651,974,1044
418652,974,1041
418653,972,1043
418654,974,1047
418655,974,1050
418656,976,1046
418657,977,1044
418658,975,1042
418659,975,1044
418660,974,1047
418661,976,1049
418662,976,1048
418663,973,1045
418664,974,1045
418665,974,1049
418666,975,1049
418667,979,1050
418668,977,1049
418669,976,1045
418670,975,1044
418671,975,1045
418672,976,1048
418673,977,1049
418674,977,1048
418675,976,1045
418676,969,1042
418677,969,1049
418678,972,1048
418679,976,1053
418680,980,1053
418681,979,1050
418682,973,1050
418683,971,1051
418684,974,1050
418685,973,1054
418686,978,1050
418687,975,1050
418688,971,1047
418689,973,1049
418690,971,1052
418691,977,1053
418692,977,1053
418693,976,1051
418694,974,1050
418695,974,1049
418696,974,1050
418697,975,1054
418698,976,1049
418699,974,1046
418700,969,1044
418701,970,1046
418702,976,1047
418703,976,1050
418704,977,1048
418705,975,1044
418706,973,1041
418707,970,1043
418708,971,1048
418709,978,1052
418710,977,1049
418711,980,1049
418712,978,1050
418713,978,1050
418714,981,1055
418715,981,1056
418716,984,1052
418717,981,1047
418718,976,1046
418719,974,1046
418720,977,1048
418721,980,1047
418722,978,1047
418723,977,1046
418724,975,1044
418725,975,1048
418726,975,1051
418727,978,1054
418728,979,1053
418729,978,1052
418730,976,1049
418731,979,1049
418732,982,1052
418733,986,1050
418734,987,1049
418735,986,1047
418736,982,1046
418737,983,1046
418738,984,1047
418739,990,1048
418740,990,1044
418741,993,1043
418742,995,1039
418743,1002,1034
418744,1014,1032
418745,1026,1035
418746,1041,1032
418747,1058,1030
418748,1083,1025
418749,1119,1020
418750,1159,1011
418751,1203,1005
418752,1241,999
418753,1273,999
418754,1295,1007
418755,1304,1027
418756,1296,1044
418757,1268,1054
418758,1215,1053
418759,1156,1053
418760,1093,1061
418761,1035,1072
418762,984,1085
418763,958,1092
418764,955,1096
418765,963,1087
418766,972,1075
418767,980,1066
418768,983,1061
418769,985,1054
418770,985,1049
418771,978,1046
418772,970,1042
418773,967,1044
418774,971,1045
418775,970,1047
418776,969,1046
418777,967,1041
418778,963,1045
418779,962,1045
418780,964,1047
418781,965,1048
418782,966,1047
418783,960,1045
418784,957,1043
418785,958,1041
418786,958,1047
418787,961,1050
418788,961,1048
418789,959,1047
418790,957,1046
418791,957,1047
418792,963,1050
418793,966,1054
418794,964,1053
418795,968,1050
418796,959,1048
418797,959,1048
418798,959,1051
418799,967,1049
418800,967,1047
418801,967,1045
418802,966,1043
418803,966,1042
418804,969,1045
418805,972,1047
418806,971,1042
418807,969,1040
418808,966,1039
418809,964,1040
418810,970,1043
418811,973,1043
418812,975,1041
418813,971,1039
418814,968,1035
418815,969,1036
418816,973,1037
418817,976,1041
418818,974,1043
418819,974,1040
418820,973,1038
418821,976,1037
418822,977,1036
418823,984,1033
418824,983,1028
418825,984,1021
418826,984,1016
418827,985,1014
418828,987,1011
418829,990,1012
418830,988,1008
418831,989,1006
418832,988,1003
418833,992,1005
418834,994,1004
418835,995,1005
418836,996,1005
418837,995,1003
418838,994,1002
418839,994,1002
418840,997,1005
418841,1002,1005
418842,1004,1007
418843,1002,1001
418844,1003,1001
418845,1002,1002
418846,1004,1007
418847,1006,1008
418848,1005,1006
418849,1006,1003
418850,1004,1001
418851,1007,1003
418852,1010,1006
418853,1012,1005
418854,1012,1006
418855,1009,1005
418856,1007,1004
418857,1009,1010
418858,1009,1012
418859,1012,1016
418860,1011,1014
418861,1009,1016
418862,1005,1015
418863,1006,1017
418864,1007,1022
418865,1006,1028
418866,1005,1026
418867,1001,1028
418868,996,1026
418869,991,1031
418870,995,1041
418871,998,1042
418872,996,1044
418873,991,1042
418874,987,1042
418875,983,1045
418876,984,1051
418877,984,1051
418878,985,1050
418879,982,1050
418880,979,1050
418881,982,1055
418882,982,1058
418883,985,1062
418884,983,1062
418885,980,1059
418886,973,1055
418887,976,1057
418888,979,1059
418889,981,1060
418890,983,1059
418891,979,1057
418892,979,1057
418893,983,1060
418894,985,1066
418895,986,1073
418896,985,1075
418897,983,1076
418898,980,1071
418899,983,1067
418900,990,1054
418901,993,1049
418902,992,1048
418903,991,1045
418904,988,1043
418905,983,1047
418906,982,1057
418907,979,1072
418908,978,1086
418909,982,1095
418910,985,1086
418911,990,1062
418912,997,1035
418913,1002,1018
418914,999,1016
418915,999,1017
418916,990,1018
418917,994,1021
418918,993,1029
418919,996,1034
418920,997,1033
418921,992,1032
418922,990,1034
418923,989,1037
418924,989,1038
418925,988,1042
418926,988,1044
418927,985,1042
418928,983,1042
418929,985,1047
418930,988,1050
418931,990,1054
418932,990,1052
418933,983,1050
418934,979,1049
418935,981,1053
418936,982,1055
418937,985,1059
418938,984,1057
418939,982,1056
418940,982,1055
418941,981,1058
418942,985,1060
418943,987,1059
418944,988,1057
418945,984,1054
418946,983,1054
418947,980,1057
418948,986,1060
418949,990,1058
418950,993,1059
418951,991,1052
418952,989,1053
418953,992,1052
418954,995,1054
418955,998,1055
418956,1000,1054
418957,995,1049
418958,988,1051
418959,987,1050
418960,988,1053
418961,989,1052
418962,988,1052
418963,986,1049
418964,979,1049
418965,982,1051
418966,982,1052
418967,983,1054
418968,982,1051
418969,982,1048
418970,977,1049
418971,976,1050
418972,979,1053
418973,982,1056
418974,979,1054
418975,979,1052
418976,976,1053
418977,978,1058
418978,981,1059
418979,986,1062
418980,986,1059
418981,986,1058
418982,983,1056
418983,982,1059
418984,983,1063
418985,984,1064
418986,984,1060
418987,983,1062
418988,981,1059
418989,980,1059
418990,980,1060
418991,985,1063
418992,986,1061
418993,983,1056
418994,980,1055
418995,984,1056
418996,983,1058
418997,986,1058
418998,987,1055
418999,985,1054
419000,980,1051
419001,979,1055
419002,984,1057
419003,986,1057
419004,986,1059
419005,985,1055
419006,981,1054
419007,985,1053
419008,989,1057
419009,993,1057
419010,993,1055
419011,988,1054
419012,985,1052
419013,986,1053
419014,987,1055
419015,989,1054
419016,990,1054
419017,994,1051
419018,994,1050
419019,993,1053
419020,991,1053
419021,992,1058
419022,994,1057
419023,990,1056
419024,986,1055
419025,984,1056
419026,983,1061
419027,988,1063
419028,989,1059
419029,989,1058
419030,986,1057
419031,985,1058
419032,985,1062
419033,988,1065
419034,988,1064
419035,985,1065
419036,983,1069
419037,984,1075
419038,989,1080
419039,993,1077
419040,996,1066
419041,993,1059
419042,990,1048
419043,989,1047
419044,990,1048
419045,990,1051
419046,989,1049
419047,987,1046
419048,988,1049
419049,987,1049
419050,989,1052
419051,989,1055
419052,990,1052
419053,987,1047
419054,989,1047
419055,983,1049
419056,988,1051
419057,989,1051
419058,993,1049
419059,993,1044
419060,992,1044
419061,990,1045
419062,994,1043
419063,1002,1043
419064,1012,1038
419065,1022,1036
419066,1035,1032
419067,1057,1033
419068,1088,1032
419069,1123,1026
419070,1159,1017
419071,1192,1002
419072,1223,996
419073,1256,996
419074,1294,1004
419075,1316,1017
419076,1315,1033
419077,1282,1045
419078,1230,1050
419079,1170,1060
419080,1109,1070
419081,1052,1078
419082,1005,1081
419083,978,1083
419084,968,1078
419085,978,1078
419086,991,1070
419087,996,1065
419088,990,1058
419089,984,1055
419090,976,1057
419091,972,1055
419092,971,1060
419093,975,1061
419094,971,1059
419095,968,1056
419096,963,1054
419097,960,1057
419098,964,1057
419099,965,1058
419100,962,1055
419101,957,1053
419102,955,1052
419103,955,1053
419104,957,1056
419105,962,1057
419106,962,1056
419107,960,1054
419108,954,1053
419109,956,1055
419110,956,1056
419111,963,1056
419112,963,1053
419113,962,1054
419114,959,1052
419115,962,1054
419116,965,1056
419117,965,1060
419118,965,1055
419119,962,1054
419120,958,1051
419121,958,1054
419122,956,1054
419123,962,1055
419124,963,1054
419125,961,1052
419126,959,1052
419127,960,1053
419128,962,1054
419129,965,1055
419130,963,1056
419131,961,1054
419132,960,1054
419133,959,1055
419134,964,1057
419135,965,1059
419136,969,1056
419137,968,1052
419138,966,1052
419139,967,1053
419140,970,1055
419141,971,1054
419142,974,1049
419143,974,1048
419144,973,1044
419145,976,1041
419146,981,1045
419147,986,1041
419148,988,1039
419149,989,1036
419150,985,1028
419151,989,1030
419152,994,1032
419153,998,1029
419154,1001,1023
419155,998,1022
419156,1000,1019
419157,1002,1019
419158,1002,1020
419159,1006,1021
419160,1004,1018
419161,1004,1013
419162,1003,1014
419163,1001,1014
419164,1006,1013
419165,1007,1015
419166,1007,1012
419167,1006,1011
419168,1004,1010
419169,1000,1012
419170,1005,1014
419171,1007,1017
419172,1005,1016
419173,1000,1013
419174,998,1012
419175,1000,1016
419176,1002,1021
419177,1005,1027
419178,1004,1025
419179,997,1025
419180,994,1028
419181,994,1033
419182,998,1035
419183,997,1038
419184,997,1042
419185,992,1040
419186,988,1041
419187,985,1043
419188,986,1047
419189,988,1050
419190,984,1052
419191,982,1049
419192,980,1048
419193,979,1049
419194,980,1053
419195,984,1052
419196,979,1052
419197,976,1047
419198,972,1046
419199,970,1047
419200,975,1051
419201,978,1051
419202,978,1053
419203,974,1049
419204,971,1049
419205,973,1049
419206,971,1052
419207,974,1053
419208,974,1050
419209,970,1048
419210,969,1049
419211,969,1052
419212,971,1053
419213,972,1055
419214,973,1049
419215,972,1049
419216,968,1050
419217,967,1051
419218,971,1054
419219,972,1055
419220,972,1054
419221,972,1050
419222,972,1050
419223,971,1054
419224,975,1054
419225,976,1057
419226,977,1053
419227,974,1053
419228,972,1054
419229,971,1055
419230,977,1056
419231,978,1055
419232,980,1055
419233,978,1053
419234,975,1049
419235,973,1048
419236,979,1051
419237,980,1052
419238,976,1051
419239,978,1048
419240,975,1048
419241,975,1047
419242,977,1049
419243,979,1051
419244,978,1050
419245,974,1047
419246,970,1045
419247,971,1050
419248,973,1051
419249,975,1053
419250,974,1052
419251,972,1048
419252,969,1047
419253,969,1047
419254,972,1050
419255,973,1055
419256,971,1051
419257,968,1046
419258,965,1045
419259,965,1049
419260,967,1048
419261,970,1053
419262,969,1053
419263,961,1050
419264,959,1050
419265,960,1051
419266,965,1053
419267,969,1055
419268,966,1055
419269,965,1052
419270,966,1052
419271,966,1053
419272,969,1056
419273,970,1055
419274,972,1054
419275,970,1051
419276,967,1050
419277,965,1051
419278,967,1053
419279,971,1054
419280,971,1054
419281,971,1051
419282,967,1049
419283,967,1048
419284,969,1049
419285,972,1052
419286,970,1052
419287,970,1049
419288,967,1048
419289,968,1051
419290,967,1052
419291,973,1055
419292,973,1051
419293,972,1049
419294,969,1047
419295,972,1048
419296,973,1046
419297,979,1047
419298,988,1043
419299,997,1035
419300,1005,1032
419301,1025,1032
419302,1052,1033
419303,1089,1026
419304,1126,1013
419305,1165,1000
419306,1206,992
419307,1242,995
419308,1276,1010
419309,1289,1036
419310,1269,1053
419311,1224,1060
419312,1158,1059
419313,1092,1067
419314,1024,1082
419315,968,1094
419316,934,1104
419317,928,1100
419318,933,1092
419319,950,1078
419320,959,1069
419321,965,1062
419322,962,1056
419323,959,1050
419324,954,1047
419325,950,1051
419326,949,1051
419327,949,1052
419328,948,1051
419329,943,1047
419330,939,1047
419331,939,1048
419332,943,1054
419333,944,1053
419334,945,1051
419335,940,1051
419336,939,1051
419337,937,1050
419338,938,1052
419339,940,1053
419340,941,1052
419341,939,1050
419342,940,1049
419343,940,1055
419344,941,1055
419345,944,1059
419346,942,1055
419347,940,1053
419348,938,1051
419349,940,1052
419350,939,1052
419351,944,1053
419352,945,1053
419353,940,1047
419354,939,1047
419355,941,1048
419356,942,1050
419357,942,1050
419358,942,1046
419359,939,1044
419360,941,1044
419361,940,1043
419362,944,1044
419363,947,1047
419364,947,1044
419365,945,1040
419366,941,1037
419367,943,1035
419368,951,1037
419369,955,1038
419370,954,1034
419371,953,1029
419372,952,1027
419373,953,1025
419374,953,1029
419375,958,1026
419376,961,1026
419377,960,1020
419378,961,1015
419379,961,1014
419380,964,1017
419381,965,1016
419382,964,1015
419383,964,1009
419384,964,1011
419385,970,1010
419386,971,1009
419387,975,1008
419388,978,1007
419389,976,1000
419390,976,1000
419391,979,998
419392,982,1002
419393,988,1002
419394,986,1000
419395,982,995
419396,979,996
419397,977,997
419398,981,1001
419399,986,1002
419400,988,1001
419401,980,1001
419402,976,1001
419403,980,1004
419404,981,1008
419405,982,1009
419406,982,1010
419407,978,1012
419408,977,1013
419409,975,1018
419410,973,1022
419411,974,1026
419412,974,1027
419413,970,1025
419414,964,1027
419415,960,1033
419416,962,1039
419417,960,1042
419418,960,1043
419419,960,1044
419420,956,1043
419421,951,1045
419422,954,1050
419423,952,1054
419424,951,1051
419425,946,1050
419426,944,1053
419427,947,1055
419428,950,1060
419429,952,1062
419430,956,1057
419431,957,1057
419432,949,1053
419433,946,1054
419434,947,1058
419435,950,1058
419436,950,1055
419437,951,1054
419438,954,1056
419439,952,1057
419440,954,1058
419441,957,1059
419442,957,1056
419443,955,1052
419444,953,1053
419445,950,1053
419446,956,1054
419447,958,1056
419448,960,1055
419449,955,1051
419450,950,1053
419451,952,1054
419452,953,1055
419453,955,1056
419454,957,1055
419455,953,1053
419456,948,1050
419457,952,1052
419458,956,1054
419459,958,1056
419460,959,1053
419461,953,1049
419462,951,1046
419463,949,1049
419464,953,1050
419465,954,1051
419466,952,1046
419467,952,1045
419468,951,1044
419469,950,1047
419470,953,1051
419471,952,1051
419472,954,1048
419473,955,1047
419474,952,1043
419475,951,1046
419476,955,1047
419477,959,1051
419478,959,1048
419479,954,1043
419480,953,1044
419481,954,1046
419482,957,1048
419483,958,1048
419484,958,1046
419485,956,1045
419486,955,1042
419487,954,1047
419488,958,1048
419489,962,1052
419490,958,1050
419491,953,1047
419492,950,1048
419493,950,1050
419494,955,1052
419495,959,1052
419496,960,1052
419497,956,1048
419498,953,1049
419499,952,1052
419500,949,1054
419501,958,1052
419502,957,1054
419503,955,1053
419504,954,1051
419505,954,1052
419506,955,1054
419507,956,1054
419508,954,1050
419509,951,1047
419510,946,1047
419511,948,1050
419512,952,1051
419513,956,1051
419514,955,1050
419515,952,1047
419516,951,1048
419517,951,1049
419518,955,1054
419519,959,1051
419520,960,1050
419521,959,1050
419522,957,1049
419523,955,1049
419524,956,1051
419525,959,1054
419526,960,1051
419527,959,1048
419528,956,1048
419529,958,1050
419530,958,1054
419531,963,1054
419532,962,1050
419533,957,1049
419534,954,1049
419535,956,1049
419536,960,1051
419537,963,1051
419538,962,1050
419539,958,1049
419540,954,1048
419541,955,1051
419542,958,1054
419543,961,1055
419544,964,1053
419545,960,1050
419546,959,1050
419547,960,1048
419548,960,1051
419549,963,1051
419550,963,1048
419551,962,1048
419552,961,1048
419553,963,1050
419554,966,1054
419555,972,1052
419556,968,1050
419557,965,1046
419558,961,1046
419559,964,1048
419560,967,1051
419561,972,1049
419562,971,1046
419563,974,1038
419564,979,1034
419565,989,1034
419566,1010,1036
419567,1026,1033
419568,1049,1028
419569,1076,1022
419570,1107,1010
419571,1144,1000
419572,1188,996
419573,1231,1002
419574,1264,1015
419575,1278,1039
419576,1264,1058
419577,1224,1072
419578,1167,1074
419579,1110,1080
419580,1045,1093
419581,984,1098
419582,945,1107
419583,933,1110
419584,948,1104
419585,965,1091
419586,972,1077
419587,970,1065
419588,964,1058
419589,962,1055
419590,959,1057
419591,963,1056
419592,957,1053
419593,953,1049
419594,949,1051
419595,948,1050
419596,950,1055
419597,953,1055
419598,952,1051
419599,951,1050
419600,947,1046
419601,942,1050
419602,947,1051
419603,950,1054
419604,949,1054
419605,948,1049
419606,944,1048
419607,946,1050
419608,950,1053
419609,952,1056
419610,953,1054
419611,949,1053
419612,947,1053
419613,948,1053
419614,947,1056
419615,950,1058
419616,948,1055
419617,947,1051
419618,946,1052
419619,943,1055
419620,949,1057
419621,950,1058
419622,949,1055
419623,946,1050
419624,944,1046
419625,945,1046
419626,948,1047
419627,954,1045
419628,955,1042
419629,955,1038
419630,955,1037
419631,954,1039
419632,953,1041
419633,954,1039
419634,956,1039
419635,957,1037
419636,956,1032
419637,956,1035
419638,962,1037
419639,965,1035
419640,965,1033
419641,961,1028
419642,962,1027
419643,964,1026
419644,970,1028
419645,975,1028
419646,977,1025
419647,979,1019
419648,977,1015
419649,978,1015
419650,979,1020
419651,984,1017
419652,981,1011
419653,981,1009
419654,982,1009
419655,983,1008
419656,985,1013
419657,990,1011
419658,992,1011
419659,988,1007
419660,985,1006
419661,986,1011
419662,989,1014
419663,997,1013
419664,994,1013
419665,990,1014
419666,993,1012
419667,994,1016
419668,999,1020
419669,1002,1019
419670,1002,1021
419671,1000,1015
419672,993,1018
419673,994,1019
419674,998,1025
419675,999,1026
419676,999,1026
419677,995,1022
419678,992,1025
419679,989,1030
419680,985,1037
419681,986,1036
419682,982,1040
419683,981,1039
419684,978,1040
419685,976,1045
419686,976,1051
419687,976,1050
419688,976,1049
419689,973,1049
419690,965,1050
419691,964,1055
419692,964,1060
419693,970,1059
419694,968,1060
419695,968,1056
419696,966,1056
419697,969,1058
419698,967,1060
419699,967,1058
419700,967,1059
419701,966,1055
419702,963,1052
419703,966,1057
419704,970,1056
419705,973,1060
419706,967,1057
419707,966,1055
419708,962,1054
419709,965,1056
419710,966,1057
419711,974,1057
419712,973,1053
419713,973,1051
419714,971,1052
419715,972,1053
419716,978,1055
419717,979,1054
419718,977,1052
419719,974,1050
419720,973,1049
419721,971,1048
419722,973,1052
419723,977,1052
419724,976,1049
419725,973,1045
419726,972,1048
419727,972,1048
419728,976,1051
419729,976,1051
419730,974,1050
419731,973,1048
419732,973,1049
419733,973,1051
419734,978,1050
419735,980,1054
419736,979,1050
419737,974,1047
419738,971,1048
419739,971,1048
419740,975,1051
419741,977,1053
419742,977,1052
419743,972,1050
419744,971,1052
419745,972,1051
419746,970,1055
419747,974,1057
419748,971,1055
419749,970,1050
419750,965,1051
419751,967,1054
419752,971,1058
419753,974,1060
419754,972,1058
419755,970,1055
419756,965,1058
419757,965,1059
419758,967,1059
419759,973,1058
419760,975,1059
419761,973,1055
419762,971,1055
419763,971,1055
419764,973,1056
419765,976,1057
419766,973,1054
419767,973,1052
419768,970,1049
419769,971,1049
419770,973,1055
419771,976,1054
419772,976,1053
419773,973,1047
419774,970,1049
419775,969,1051
419776,969,1054
419777,972,1055
419778,970,1052
419779,969,1051
419780,965,1049
419781,964,1050
419782,966,1055
419783,967,1055
419784,963,1051
419785,964,1051
419786,962,1050
419787,963,1051
419788,965,1052
419789,969,1052
419790,967,1052
419791,964,1049
419792,963,1050
419793,960,1052
419794,965,1058
419795,968,1056
419796,967,1055
419797,964,1051
419798,961,1053
419799,964,1053
419800,968,1057
419801,970,1056
419802,971,1055
419803,969,1053
419804,963,1054
419805,965,1055
419806,970,1054
419807,974,1056
419808,970,1053
419809,968,1050
419810,968,1051
419811,968,1054
419812,968,1053
419813,971,1053
419814,971,1051
419815,969,1049
419816,965,1050
419817,967,1050
419818,969,1051
419819,972,1051
419820,970,1050
419821,968,1047
419822,964,1048
419823,965,1053
419824,966,1057
419825,969,1058
419826,972,1055
419827,968,1056
419828,964,1056
419829,965,1058
419830,966,1060
419831,967,1060
419832,965,1061
419833,964,1060
419834,965,1055
419835,964,1059
419836,967,1062
419837,970,1061
419838,966,1062
419839,964,1059
419840,960,1058
419841,961,1061
419842,963,1062
419843,967,1063
419844,966,1061
419845,963,1058
419846,961,1056
419847,962,1061
419848,964,1063
419849,968,1062
419850,968,1059
419851,964,1055
419852,959,1054
419853,962,1053
419854,967,1056
419855,969,1056
419856,968,1054
419857,967,1049
419858,965,1047
419859,967,1048
419860,970,1048
419861,975,1048
419862,972,1046
419863,969,1044
419864,969,1042
419865,969,1044
419866,970,1046
419867,972,1045
419868,973,1045
419869,971,1042
419870,971,1042
419871,973,1047
419872,974,1048
419873,975,1048
419874,974,1048
419875,973,1047
419876,971,1047
419877,969,1049
419878,971,1054
419879,973,1052
419880,973,1052
419881,968,1052
419882,968,1051
419883,969,1052
419884,971,1056
419885,969,1057
419886,970,1056
419887,968,1052
419888,967,1052
419889,966,1054
419890,967,1057
419891,973,1054
419892,971,1054
419893,969,1053
419894,968,1051
419895,970,1054
419896,972,1056
419897,972,1058
419898,972,1056
419899,967,1053
419900,965,1055
419901,967,1054
419902,970,1056
419903,973,1056
419904,973,1055
419905,969,1051
419906,966,1051
419907,966,1054
419908,968,1056
419909,973,1055
419910,974,1052
419911,971,1051
419912,968,1049
419913,973,1053
419914,972,1056
419915,974,1055
419916,975,1054
419917,972,1050
419918,969,1050
419919,968,1052
419920,972,1054
419921,973,1056
419922,975,1053
419923,973,1050
419924,968,1053
419925,969,1056
419926,973,1056
419927,975,1055
419928,973,1055
419929,972,1054
419930,967,1052
419931,971,1054
419932,975,1054
419933,975,1055
419934,976,1052
419935,972,1048
419936,970,1047
419937,972,1050
419938,973,1053
419939,974,1054
419940,973,1049
419941,970,1047
419942,969,1046
419943,970,1048
419944,972,1053
419945,976,1050
419946,974,1047
419947,972,1046
419948,971,1044
419949,970,1048
419950,971,1049
419951,977,1049
419952,978,1047
419953,975,1043
419954,970,1045
419955,972,1047
419956,977,1051
419957,976,1048
419958,975,1047
419959,976,1043
419960,973,1044
419961,976,1046
419962,977,1047
419963,981,1049
419964,977,1049
419965,977,1045
419966,974,1045
419967,979,1042
419968,989,1044
419969,1003,1041
419970,1018,1036
419971,1035,1031
419972,1053,1027
419973,1082,1024
419974,1113,1022
419975,1147,1008
419976,1182,995
419977,1209,990
419978,1238,988
419979,1261,996
419980,1277,1014
419981,1265,1032
419982,1229,1044
419983,1173,1048
419984,1122,1052
419985,1071,1061
419986,1025,1072
419987,989,1073
419988,970,1072
419989,963,1070
419990,967,1065
419991,974,1059
419992,977,1056
419993,976,1053
419994,969,1051
419995,964,1048
419996,959,1046
419997,957,1049
419998,959,1053
419999,962,1051
420000,960,1050
420001,955,1046
420002,951,1049
420003,952,1051
420004,955,1055
420005,959,1055
420006,956,1054
420007,950,1049
420008,948,1045
420009,948,1049
420010,949,1052
420011,954,1050
420012,949,1050
420013,946,1048
420014,946,1049
420015,946,1051
420016,947,1055
420017,947,1052
420018,949,1051
420019,943,1049
420020,944,1046
420021,946,1048
420022,947,1050
420023,947,1051
420024,947,1050
420025,947,1048
420026,944,1048
420027,944,1050
420028,941,1054
420029,945,1051
420030,947,1052
420031,948,1052
420032,946,1052
420033,946,1052
420034,949,1056
420035,953,1054
420036,951,1051
420037,946,1048
420038,946,1047
420039,947,1044
420040,950,1049
420041,954,1049
420042,956,1047
420043,954,1042
420044,954,1042
420045,955,1045
420046,957,1046
420047,963,1044
420048,959,1042
420049,958,1036
420050,954,1037
420051,957,1037
420052,961,1035
420053,970,1034
420054,971,1031
420055,972,1026
420056,969,1026
420057,970,1027
420058,976,1029
420059,980,1028
420060,983,1024
420061,980,1020
420062,979,1021
420063,979,1020
420064,984,1021
420065,988,1021
420066,986,1019
420067,986,1014
420068,984,1015
420069,985,1017
420070,987,1019
420071,991,1017
420072,991,1015
420073,990,1011
420074,990,1013
420075,992,1010
420076,994,1014
420077,994,1017
420078,993,1013
420079,990,1011
420080,989,1013
420081,992,1016
420082,996,1020
420083,998,1020
420084,1000,1019
420085,998,1016
420086,996,1015
420087,993,1017
420088,994,1022
420089,996,1020
420090,989,1020
420091,988,1019
420092,987,1020
420093,989,1026
420094,990,1029
420095,990,1030
420096,986,1030
420097,980,1028
420098,977,1029
420099,975,1031
420100,975,1037
420101,976,1037
420102,975,1036
420103,973,1034
420104,968,1034
420105,968,1036
420106,968,1040
420107,969,1037
420108,970,1039
420109,968,1039
420110,963,1039
420111,963,1041
420112,965,1045
420113,970,1044
420114,965,1045
420115,967,1041
420116,963,1042
420117,961,1045
420118,963,1049
420119,964,1048
420120,962,1046
420121,962,1045
420122,961,1045
420123,961,1047
420124,966,1051
420125,965,1048
420126,964,1048
420127,963,1045
420128,962,1045
420129,960,1047
420130,964,1049
420131,966,1050
420132,965,1047
420133,960,1045
420134,961,1044
420135,963,1046
420136,966,1048
420137,969,1048
420138,967,1043
420139,966,1042
420140,962,1040
420141,961,1042
420142,963,1042
420143,968,1044
420144,970,1041
420145,964,1036
420146,964,1038
420147,964,1039
420148,969,1042
420149,971,1042
420150,972,1040
420151,967,1037
420152,962,1037
420153,964,1039
420154,965,1039
420155,970,1040
420156,969,1039
420157,968,1035
420158,966,1035
420159,968,1038
420160,970,1041
420161,968,1040
420162,971,1037
420163,967,1037
420164,967,1036
420165,965,1039
420166,969,1041
420167,972,1041
420168,967,1040
420169,965,1039
420170,964,1038
420171,962,1041
420172,965,1042
420173,966,1045
420174,965,1045
420175,961,1043
420176,962,1043
420177,963,1046
420178,967,1049
420179,970,1051
420180,966,1046
420181,964,1040
420182,963,1041
420183,964,1044
420184,965,1044
420185,969,1041
420186,968,1040
420187,965,1036
420188,965,1038
420189,965,1037
420190,967,1043
420191,969,1040
420192,966,1039
420193,966,1036
420194,962,1034
420195,963,1038
420196,965,1039
420197,970,1039
420198,968,1037
420199,967,1033
420200,962,1032
420201,966,1033
420202,973,1030
420203,980,1030
420204,986,1023
420205,997,1018
420206,1006,1019
420207,1028,1018
420208,1055,1016
420209,1089,1009
420210,1126,1000
420211,1161,987
420212,1196,987
420213,1235,995
420214,1266,1012
420215,1284,1034
420216,1275,1048
420217,1251,1057
420218,1208,1056
420219,1158,1060
420220,1105,1070
420221,1048,1080
420222,990,1091
420223,947,1099
420224,926,1103
420225,928,1110
420226,938,1106
420227,951,1093
420228,952,1078
420229,955,1066
420230,953,1058
420231,956,1054
420232,958,1054
420233,957,1051
420234,953,1046
420235,949,1045
420236,949,1042
420237,946,1043
420238,951,1045
420239,952,1044
420240,952,1043
420241,948,1042
420242,948,1042
420243,945,1039
420244,947,1043
420245,950,1040
420246,947,1039
420247,947,1034
420248,945,1035
420249,946,1034
420250,950,1038
420251,951,1038
420252,946,1036
420253,942,1034
420254,941,1034
420255,942,1037
420256,943,1038
420257,944,1038
420258,943,1038
420259,944,1034
420260,943,1038
420261,943,1039
420262,945,1043
420263,949,1042
420264,948,1041
420265,945,1037
420266,946,1039
420267,945,1039
420268,946,1044
420269,952,1042
420270,953,1042
420271,952,1041
420272,947,1040
420273,951,1042
420274,952,1039
420275,955,1040
420276,953,1033
420277,952,1030
420278,950,1031
420279,950,1031
420280,953,1032
420281,957,1031
420282,958,1027
420283,958,1023
420284,957,1022
420285,957,1023
420286,961,1024
420287,963,1023
420288,961,1017
420289,962,1014
420290,960,1013
420291,965,1015
420292,971,1013
420293,976,1013
420294,977,1008
420295,973,1001
420296,975,1002
420297,976,1001
420298,982,1001
420299,987,999
420300,988,994
420301,985,987
420302,986,986
420303,988,988
420304,992,989
420305,996,984
420306,998,982
420307,996,981
420308,994,981
420309,995,982
420310,998,986
420311,1001,985
420312,1000,982
420313,995,981
420314,995,983
420315,996,985
420316,999,989
420317,1002,990
420318,1000,992
420319,995,991
420320,992,991
420321,994,996
420322,994,1000
420323,998,1002
420324,994,1002
420325,994,1000
420326,994,1004
420327,992,1008
420328,992,1012
420329,994,1012
420330,992,1013
420331,987,1015
420332,984,1014
420333,981,1021
420334,982,1026
420335,984,1026
420336,982,1029
420337,977,1029
420338,975,1029
420339,976,1034
420340,976,1039
420341,976,1040
420342,974,1040
420343,972,1040
420344,966,1039
420345,967,1046
420346,970,1045
420347,973,1047
420348,972,1045
420349,965,1044
420350,965,1046
420351,965,1048
420352,967,1050
420353,967,1051
420354,967,1051
420355,966,1048
420356,963,1047
420357,964,1049
420358,967,1052
420359,968,1052
420360,968,1053
420361,966,1048
420362,965,1050
420363,965,1055
420364,969,1055
420365,967,1057
420366,967,1054
420367,967,1053
420368,966,1053
420369,967,1055
420370,965,1058
420371,970,1053
420372,968,1052
420373,968,1052
420374,966,1048
420375,964,1050
420376,967,1051
420377,970,1050
420378,970,1047
420379,968,1045
420380,968,1045
420381,966,1046
420382,968,1047
420383,970,1043
420384,971,1043
420385,970,1043
420386,964,1043
420387,966,1046
420388,969,1047
420389,972,1048
420390,972,1047
420391,969,1044
420392,967,1045
420393,970,1046
420394,972,1049
420395,974,1047
420396,972,1046
420397,971,1043
420398,969,1042
420399,972,1047
420400,974,1047
420401,977,1046
420402,976,1045
420403,977,1042
420404,972,1042
420405,971,1045
420406,976,1048
420407,974,1049
420408,975,1046
420409,972,1046
420410,972,1045
420411,973,1047
420412,976,1048
420413,979,1049
420414,975,1046
420415,974,1044
420416,969,1042
420417,971,1044
420418,973,1047
420419,974,1046
420420,971,1046
420421,969,1045
420422,971,1046
420423,971,1049
420424,974,1049
420425,976,1047
420426,973,1050
420427,971,1045
420428,968,1046
420429,968,1047
420430,972,1050
420431,974,1050
420432,975,1049
420433,973,1045
420434,969,1045
420435,970,1047
420436,973,1051
420437,973,1049
420438,972,1048
420439,969,1046
420440,967,1048
420441,967,1049
420442,975,1053
420443,976,1052
420444,977,1049
420445,976,1048
420446,974,1047
420447,976,1049
420448,978,1051
420449,979,1049
420450,979,1050
420451,974,1047
420452,974,1046
420453,981,1046
420454,987,1043
420455,997,1042
420456,1005,1039
420457,1015,1033
420458,1028,1030
420459,1046,1030
420460,1076,1031
420461,1113,1024
420462,1145,1011
420463,1177,996
420464,1211,992
420465,1246,994
420466,1277,998
420467,1296,1013
420468,1295,1027
420469,1269,1037
420470,1226,1039
420471,1173,1042
420472,1118,1050
420473,1064,1065
420474,1009,1075
420475,968,1079
420476,950,1082
420477,953,1082
420478,963,1077
420479,975,1069
420480,976,1059
420481,975,1049
420482,971,1046
420483,970,1046
420484,970,1049
420485,971,1047
420486,967,1045
420487,964,1044
420488,962,1043
420489,962,1048
420490,961,1051
420491,965,1051
420492,958,1049
420493,959,1048
420494,958,1048
420495,958,1050
420496,962,1052
420497,962,1053
420498,962,1051
420499,957,1050
420500,952,1050
420501,954,1049
420502,955,1052
420503,958,1052
420504,954,1050
420505,950,1046
420506,952,1047
420507,949,1049
420508,952,1051
420509,955,1050
420510,952,1049
420511,951,1047
420512,948,1048
420513,950,1054
420514,952,1053
420515,954,1053
420516,957,1053
420517,953,1047
420518,951,1051
420519,954,1048
420520,953,1051
420521,954,1048
420522,957,1047
420523,954,1045
420524,953,1046
420525,957,1045
420526,959,1045
420527,962,1045
420528,962,1043
420529,961,1038
420530,959,1040
420531,960,1041
420532,962,1042
420533,966,1042
420534,967,1039
420535,966,1035
420536,965,1034
420537,968,1034
420538,972,1033
420539,975,1032
420540,976,1030
420541,975,1026
420542,974,1028
420543,973,1029
420544,978,1030
420545,982,1027
420546,983,1025
420547,982,1018
420548,982,1018
420549,983,1022
420550,988,1020
420551,990,1019
420552,991,1015
420553,989,1013
420554,987,1012
420555,989,1014
420556,990,1014
420557,993,1009
420558,992,1007
420559,990,1002
420560,992,1000
420561,993,1004
420562,997,1004
420563,1001,1003
420564,998,1002
420565,997,998
420566,995,998
420567,999,1003
420568,1000,1006
420569,1003,1008
420570,1001,1006
420571,999,1006
420572,997,1008
420573,998,1012
420574,998,1017
420575,1001,1017
420576,999,1018
420577,998,1018
420578,995,1022
420579,995,1023
420580,996,1027
420581,999,1028
420582,996,1031
420583,993,1031
420584,989,1030
420585,984,1035
420586,986,1040
420587,988,1040
420588,984,1039
420589,980,1040
420590,980,1041
420591,975,1042
420592,980,1047
420593,979,1048
420594,975,1046
420595,976,1043
420596,973,1046
420597,973,1047
420598,976,1050
420599,978,1053
420600,976,1049
420601,974,1048
420602,971,1048
420603,969,1050
420604,972,1053
420605,975,1051
420606,974,1050
420607,973,1046
420608,972,1046
420609,973,1048
420610,975,1049
420611,979,1053
420612,980,1048
420613,975,1046
420614,969,1046
420615,974,1050
420616,974,1050
420617,978,1049
420618,977,1048
420619,976,1044
420620,973,1048
420621,975,1046
420622,980,1049
420623,982,1049
420624,979,1047
420625,978,1042
420626,973,1042
420627,976,1044
420628,980,1046
420629,982,1046
420630,981,1043
420631,977,1040
420632,971,1039
420633,978,1043
420634,975,1045
420635,978,1045
420636,975,1042
420637,975,1039
420638,971,1040
420639,973,1043
420640,975,1048
420641,979,1050
420642,976,1047
420643,973,1044
420644,970,1046
420645,972,1049
420646,974,1051
420647,979,1050
420648,977,1046
420649,972,1045
420650,972,1046
420651,974,1044
420652,976,1051
420653,976,1050
420654,975,1046
420655,976,1045
420656,970,1046
420657,970,1046
420658,972,1050
420659,977,1049
420660,974,1049
420661,975,1048
420662,971,1046
420663,975,1048
420664,975,1049
420665,978,1050
420666,977,1048
420667,977,1043
420668,974,1047
420669,975,1050
420670,977,1051
420671,979,1051
420672,976,1049
420673,974,1047
420674,973,1048
420675,974,1051
420676,976,1054
420677,978,1052
420678,978,1048
420679,974,1045
420680,974,1048
420681,974,1048
420682,976,1051
420683,979,1049
420684,977,1047
420685,976,1043
420686,972,1046
420687,974,1047
420688,977,1050
420689,978,1052
420690,978,1048
420691,976,1045
420692,973,1045
420693,971,1048
420694,975,1050
420695,974,1050
420696,975,1047
420697,970,1045
420698,971,1047
420699,972,1049
420700,973,1051
420701,978,1049
420702,978,1050
420703,974,1047
420704,975,1046
420705,975,1047
420706,977,1049
420707,978,1047
420708,977,1046
420709,976,1047
420710,974,1044
420711,976,1046
420712,979,1050
420713,980,1048
420714,982,1049
420715,975,1047
420716,976,1047
420717,977,1048
420718,979,1051
420719,981,1049
420720,984,1045
420721,983,1044
420722,984,1037
420723,988,1036
420724,1002,1039
420725,1013,1035
420726,1026,1030
420727,1039,1026
420728,1061,1025
420729,1093,1022
420730,1128,1014
420731,1165,998
420732,1197,983
420733,1229,978
420734,1259,981
420735,1281,998
420736,1289,1018
420737,1274,1032
420738,1234,1042
420739,1179,1042
420740,1120,1049
420741,1066,1067
420742,1015,1079
420743,978,1084
420744,957,1087
420745,953,1084
420746,964,1077
420747,971,1070
420748,978,1062
420749,979,1055
420750,973,1049
420751,969,1045
420752,968,1047
420753,967,1049
420754,968,1053
420755,969,1053
420756,966,1051
420757,960,1047
420758,957,1046
420759,956,1048
420760,955,1052
420761,961,1050
420762,959,1051
420763,957,1048
420764,950,1047
420765,952,1052
420766,957,1053
420767,958,1052
420768,958,1050
420769,954,1047
420770,952,1048
420771,953,1052
420772,958,1052
420773,960,1050
420774,960,1048
420775,957,1048
420776,956,1045
420777,954,1047
420778,960,1051
420779,961,1048
420780,959,1045
420781,957,1043
420782,956,1044
420783,957,1043
420784,957,1046
420785,964,1045
420786,962,1042
420787,960,1040
420788,957,1044
420789,959,1045
420790,962,1047
420791,963,1048
420792,962,1043
420793,960,1040
420794,957,1042
420795,961,1044
420796,963,1046
420797,964,1043
420798,964,1043
420799,961,1041
420800,959,1038
420801,964,1039
420802,964,1039
420803,969,1037
420804,968,1035
420805,965,1033
420806,965,1034
420807,967,1034
420808,970,1036
420809,972,1034
420810,973,1031
420811,972,1027
420812,970,1026
420813,975,1027
420814,976,1029
420815,979,1028
420816,983,1022
420817,980,1017
420818,977,1018
420819,982,1017
420820,987,1020
420821,987,1018
420822,990,1012
420823,987,1010
420824,989,1010
420825,987,1012
420826,991,1012
420827,994,1011
420828,994,1006
420829,992,1003
420830,988,1003
420831,991,1004
420832,994,1005
420833,996,1004
420834,997,1003
420835,996,1000
420836,992,1002
420837,994,1003
420838,998,1007
420839,1000,1010
420840,999,1009
420841,998,1009
420842,994,1012
420843,995,1017
420844,1000,1021
420845,1002,1023
420846,997,1025
420847,994,1024
420848,994,1025
420849,990,1028
420850,990,1033
420851,990,1035
420852,992,1034
420853,988,1035
420854,984,1037
420855,986,1041
420856,987,1047
420857,987,1046
420858,983,1045
420859,981,1046
420860,979,1047
420861,978,1050
420862,979,1054
420863,980,1052
420864,980,1050
420865,978,1048
420866,976,1046
420867,977,1049
420868,979,1049
420869,980,1049
420870,979,1044
420871,976,1044
420872,974,1046
420873,975,1044
420874,980,1049
420875,984,1047
420876,984,1046
420877,986,1044
420878,985,1046
420879,992,1049
420880,997,1052
420881,1003,1050
420882,1005,1052
420883,1009,1052
420884,1015,1051
420885,1025,1048
420886,1041,1046
420887,1056,1030
420888,1066,1014
420889,1074,998
420890,1087,983
420891,1103,973
420892,1122,965
420893,1142,943
420894,1153,928
420895,1169,903
420896,1186,879
420897,1206,863
420898,1226,851
420899,1241,837
420900,1243,823
420901,1241,818
420902,1233,818
420903,1228,819
420904,1229,822
420905,1224,818
420906,1219,817
420907,1202,814
420908,1180,815
420909,1159,820
420910,1139,826
420911,1118,834
420912,1090,842
420913,1066,853
420914,1042,865
420915,1029,884
420916,1024,901
420917,1024,918
420918,1021,927
420919,1014,937
420920,1003,947
420921,1003,958
420922,1011,969
420923,1026,980
420924,1041,988
420925,1058,992
420926,1067,997
420927,1063,1001
420928,1048,1008
420929,1017,1019
420930,980,1025
420931,948,1035
420932,928,1049
420933,919,1062
420934,918,1079
420935,918,1090
420936,910,1095
420937,906,1095
420938,899,1097
420939,893,1100
420940,892,1107
420941,891,1111
420942,888,1109
420943,883,1110
420944,879,1113
420945,879,1116
420946,880,1120
420947,882,1123
420948,880,1120
420949,876,1120
420950,869,1119
420951,871,1126
420952,869,1127
420953,870,1129
420954,869,1130
420955,869,1126
420956,864,1131
420957,861,1133
420958,865,1135
420959,863,1136
420960,863,1137
420961,861,1137
420962,857,1138
420963,858,1144
420964,858,1146
420965,860,1149
420966,861,1147
420967,860,1148
420968,857,1152
420969,858,1155
420970,861,1158
420971,865,1158
420972,864,1161
420973,863,1161
420974,862,1163
420975,867,1167
420976,869,1172
420977,868,1175
420978,872,1175
420979,871,1172
420980,871,1176
420981,873,1180
420982,882,1185
420983,885,1185
420984,884,1182
420985,882,1180
420986,882,1178
420987,883,1185
420988,886,1182
420989,890,1183
420990,892,1179
420991,890,1172
420992,890,1171
420993,894,1172
420994,903,1168
420995,906,1163
420996,909,1159
420997,910,1150
420998,913,1148
420999,917,1146
421000,922,1146
421001,924,1139
421002,926,1131
421003,923,1124
421004,925,1120
421005,928,1117
421006,932,1117
421007,936,1113
421008,938,1104
421009,937,1098
421010,936,1093
421011,938,1090
421012,943,1090
421013,945,1082
421014,941,1076
421015,941,1070
421016,940,1065
421017,945,1064
421018,948,1066
421019,953,1063
421020,949,1056
421021,945,1053
421022,942,1050
421023,947,1053
421024,951,1053
421025,955,1049
421026,953,1046
421027,950,1043
421028,950,1045
421029,951,1047
421030,954,1049
421031,958,1047
421032,956,1046
421033,952,1043
421034,951,1042
421035,951,1044
421036,952,1047
421037,956,1043
421038,954,1039
421039,952,1039
421040,950,1038
421041,952,1040
421042,950,1043
421043,952,1041
421044,955,1038
421045,949,1036
421046,950,1037
421047,950,1042
421048,953,1045
421049,955,1040
421050,955,1038
421051,953,1037
421052,952,1039
421053,954,1041
421054,955,1043
421055,957,1040
421056,953,1037
421057,950,1036
421058,947,1033
421059,952,1038
421060,954,1043
421061,958,1041
421062,959,1042
421063,958,1036
421064,952,1038
421065,952,1039
421066,954,1041
421067,957,1041
421068,960,1038
421069,955,1033
421070,954,1035
421071,956,1036
421072,959,1040
421073,960,1040
421074,962,1036
421075,955,1034
421076,955,1036
421077,957,1040
421078,961,1040
421079,963,1041
421080,957,1037
421081,954,1037
421082,951,1038
421083,954,1038
421084,954,1041
421085,955,1036
421086,952,1037
421087,950,1034
421088,949,1033
421089,949,1034
421090,951,1037
421091,956,1036
421092,957,1032
421093,954,1030
421094,949,1030
421095,950,1035
421096,952,1038
421097,955,1039
421098,953,1034
421099,953,1034
421100,952,1036
421101,953,1037
421102,954,1040
421103,953,1040
421104,950,1038
421105,948,1037
421106,950,1034
421107,953,1038
421108,955,1041
421109,960,1041
421110,957,1036
421111,958,1033
421112,955,1036
421113,956,1038
421114,961,1041
421115,963,1043
421116,958,1039
421117,953,1035
421118,952,1037
421119,954,1038
421120,958,1038
421121,961,1039
421122,956,1037
421123,952,1034
421124,950,1034
421125,952,1038
421126,958,1041
421127,961,1039
421128,961,1034
421129,959,1034
421130,955,1036
421131,958,1035
421132,957,1037
421133,958,1036
421134,956,1034
421135,951,1033
421136,951,1032
421137,953,1035
421138,958,1036
421139,963,1039
421140,960,1035
421141,957,1034
421142,955,1035
421143,950,1034
421144,954,1038
421145,956,1040
421146,957,1036
421147,956,1035
421148,956,1035
421149,958,1037
421150,961,1041
421151,966,1039
421152,964,1038
421153,960,1038
421154,956,1038
421155,957,1037
421156,958,1042
421157,961,1039
421158,959,1037
421159,959,1033
421160,956,1033
421161,961,1034
421162,965,1038
421163,968,1035
421164,967,1034
421165,963,1030
421166,961,1033
421167,963,1035
421168,962,1037
421169,962,1038
421170,961,1035
421171,958,1033
421172,958,1033
421173,957,1038
421174,960,1038
421175,961,1036
421176,963,1034
421177,962,1033
421178,961,1034
421179,962,1034
421180,967,1037
421181,971,1037
421182,968,1033
421183,969,1033
421184,964,1031
421185,967,1032
421186,970,1032
421187,974,1028
421188,978,1025
421189,983,1018
421190,988,1019
421191,1003,1018
421192,1023,1016
421193,1046,1011
421194,1073,1002
421195,1105,987
421196,1140,978
421197,1180,976
421198,1214,982
421199,1246,994
421200,1262,1017
421201,1253,1033
421202,1220,1043
421203,1173,1044
421204,1120,1049
421205,1068,1056
421206,1014,1069
421207,964,1081
421208,936,1089
421209,933,1097
421210,944,1094
421211,954,1079
421212,962,1064
421213,961,1052
421214,964,1049
421215,963,1045
421216,965,1044
421217,963,1041
421218,957,1039
421219,953,1036
421220,950,1034
421221,948,1036
421222,949,1037
421223,948,1036
421224,945,1032
421225,943,1031
421226,943,1033
421227,944,1035
421228,945,1035
421229,948,1036
421230,947,1035
421231,943,1032
421232,942,1033
421233,941,1037
421234,942,1038
421235,945,1037
421236,945,1035
421237,940,1029
421238,939,1030
421239,943,1035
421240,944,1036
421241,946,1038
421242,944,1034
421243,941,1030
421244,940,1030
421245,943,1032
421246,947,1034
421247,945,1031
421248,946,1028
421249,941,1024
421250,943,1024
421251,942,1027
421252,943,1030
421253,941,1026
421254,943,1024
421255,942,1022
421256,943,1024
421257,943,1026
421258,949,1027
421259,949,1025
421260,950,1022
421261,946,1019
421262,948,1018
421263,947,1021
421264,953,1024
421265,959,1022
421266,959,1019
421267,960,1016
421268,957,1016
421269,953,1016
421270,955,1017
421271,962,1016
421272,961,1011
421273,964,1007
421274,965,1006
421275,968,1008
421276,967,1009
421277,971,1006
421278,970,1003
421279,970,1000
421280,970,998
421281,971,1002
421282,974,1000
421283,978,1000
421284,979,997
421285,977,996
421286,976,994
421287,976,998
421288,981,1001
421289,984,1002
421290,981,997
421291,981,992
421292,976,993
421293,980,994
421294,985,996
421295,988,992
421296,989,989
421297,987,986
421298,989,986
421299,987,993
421300,993,995
421301,995,996
421302,996,994
421303,993,994
421304,995,995
421305,996,999
421306,998,1003
421307,1000,1005
421308,1001,1007
421309,998,1006
421310,993,1010
421311,994,1013
421312,999,1019
421313,1000,1020
421314,998,1022
421315,995,1021
421316,994,1024
421317,994,1032
421318,994,1035
421319,992,1035
421320,992,1034
421321,987,1034
421322,987,1036
421323,988,1041
421324,990,1044
421325,991,1044
421326,988,1040
421327,985,1040
421328,977,1040
421329,979,1043
421330,982,1046
421331,985,1042
421332,986,1040
421333,983,1037
421334,980,1034
421335,981,1036
421336,983,1040
421337,986,1040
421338,984,1037
421339,981,1032
421340,980,1031
421341,980,1035
421342,982,1035
421343,985,1035
421344,984,1034
421345,982,1028
421346,979,1029
421347,979,1031
421348,981,1034
421349,983,1032
421350,983,1032
421351,981,1024
421352,981,1025
421353,983,1030
421354,986,1031
421355,985,1032
421356,984,1029
421357,980,1026
421358,982,1028
421359,987,1031
421360,988,1031
421361,990,1032
421362,988,1033
421363,986,1031
421364,982,1032
421365,981,1031
421366,984,1038
421367,986,1037
421368,985,1034
421369,985,1033
421370,981,1035
421371,985,1039
421372,987,1041
421373,987,1041
421374,989,1035
421375,985,1031
421376,985,1034
421377,985,1035
421378,987,1037
421379,989,1034
421380,988,1037
421381,986,1034
421382,985,1037
421383,983,1038
421384,984,1040
421385,988,1037
421386,985,1036
421387,983,1033
421388,981,1035
421389,983,1035
421390,982,1038
421391,986,1036
421392,984,1034
421393,980,1032
421394,979,1033
421395,979,1036
421396,980,1035
421397,984,1038
421398,983,1033
421399,980,1031
421400,979,1033
421401,978,1035
421402,982,1038
421403,985,1037
421404,982,1037
421405,983,1033
421406,981,1031
421407,989,1030
421408,1000,1029
421409,1010,1027
421410,1020,1025
421411,1033,1021
421412,1051,1020
421413,1080,1020
421414,1117,1014
421415,1159,1003
421416,1199,994
421417,1241,991
421418,1271,1002
421419,1294,1025
421420,1291,1042
421421,1257,1049
421422,1202,1047
421423,1137,1051
421424,1067,1064
421425,1004,1080
421426,965,1088
421427,951,1089
421428,957,1080
421429,969,1066
421430,977,1057
421431,982,1050
421432,984,1046
421433,982,1043
421434,978,1040
421435,974,1035
421436,971,1038
421437,970,1039
421438,971,1042
421439,969,1043
421440,965,1039
421441,960,1035
421442,957,1037
421443,957,1041
421444,962,1039
421445,962,1041
421446,959,1039
421447,955,1037
421448,956,1038
421449,957,1041
421450,955,1044
421451,959,1042
421452,955,1042
421453,953,1037
421454,952,1040
421455,953,1045
421456,953,1046
421457,957,1044
421458,957,1041
421459,955,1041
421460,951,1041
421461,952,1041
421462,957,1044
421463,956,1044
421464,957,1043
421465,953,1037
421466,952,1037
421467,959,1040
421468,959,1044
421469,962,1042
421470,958,1038
421471,959,1034
421472,957,1036
421473,960,1038
421474,961,1038
421475,965,1038
421476,966,1034
421477,963,1030
421478,965,1029
421479,967,1032
421480,969,1030
421481,973,1027
421482,975,1024
421483,975,1018
421484,973,1018
421485,975,1019
421486,979,1020
421487,981,1020
421488,979,1017
421489,977,1011
421490,976,1010
421491,978,1011
421492,980,1011
421493,984,1009
421494,983,1006
421495,984,1003
421496,982,1002
421497,982,1004
421498,986,1003
421499,988,1001
421500,987,999
421501,986,997
421502,984,996
421503,985,998
421504,988,1003
421505,991,999
421506,988,997
421507,985,993
421508,979,996
421509,984,999
421510,984,1002
421511,988,1003
421512,986,1000
421513,986,999
421514,985,1003
421515,987,1006
421516,988,1009
421517,990,1011
421518,988,1012
421519,986,1011
421520,983,1013
421521,986,1019
421522,989,1022
421523,990,1023
421524,989,1024
421525,986,1024
421526,982,1030
421527,980,1032
421528,982,1036
421529,982,1036
421530,982,1036
421531,979,1036
421532,979,1038
421533,977,1040
421534,976,1041
421535,977,1043
421536,976,1042
421537,972,1039
421538,970,1042
421539,971,1043
421540,971,1049
421541,974,1045
421542,972,1044
421543,972,1041
421544,968,1041
421545,970,1045
421546,971,1044
421547,969,1046
421548,971,1045
421549,970,1040
421550,969,1040
421551,970,1044
421552,970,1045
421553,973,1047
421554,971,1044
421555,970,1042
421556,964,1042
421557,965,1045
421558,967,1047
421559,969,1045
421560,968,1041
421561,968,1040
421562,967,1041
421563,968,1043
421564,972,1044
421565,973,1043
421566,973,1041
421567,972,1040
421568,972,1038
421569,975,1039
421570,977,1042
421571,980,1042
421572,978,1039
421573,976,1037
421574,975,1037
421575,975,1041
421576,977,1044
421577,980,1043
421578,978,1040
421579,976,1039
421580,975,1040
421581,978,1043
421582,982,1044
421583,983,1043
421584,982,1041
421585,977,1039
421586,976,1041
421587,978,1041
421588,979,1043
421589,982,1042
421590,980,1041
421591,976,1038
421592,973,1037
421593,974,1041
421594,973,1043
421595,976,1040
421596,975,1039
421597,970,1038
421598,970,1040
421599,972,1041
421600,972,1044
421601,973,1042
421602,973,1041
421603,969,1040
421604,967,1040
421605,966,1043
421606,968,1044
421607,970,1044
421608,969,1042
421609,965,1042
421610,966,1037
421611,967,1042
421612,968,1044
421613,970,1044
421614,967,1045
421615,966,1043
421616,964,1041
421617,967,1045
421618,972,1045
421619,976,1045
421620,973,1045
421621,970,1041
421622,965,1042
421623,963,1045
421624,971,1049
421625,974,1047
421626,969,1046
421627,967,1044
421628,966,1042
421629,968,1044
421630,971,1044
421631,974,1046
421632,975,1045
421633,973,1041
421634,970,1043
421635,973,1045
421636,974,1048
421637,974,1045
421638,972,1041
421639,971,1041
421640,970,1039
421641,968,1042
421642,968,1045
421643,971,1041
421644,969,1040
421645,965,1036
421646,965,1037
421647,966,1040
421648,968,1042
421649,970,1040
421650,969,1040
421651,966,1038
421652,964,1037
421653,967,1040
421654,969,1045
421655,970,1043
421656,971,1042
421657,967,1040
421658,966,1038
421659,970,1044
421660,973,1046
421661,973,1045
421662,971,1040
421663,967,1039
421664,968,1040
421665,967,1043
421666,971,1047
421667,974,1047
421668,975,1045
421669,971,1043
421670,970,1043
421671,970,1043
421672,975,1047
421673,976,1043
421674,975,1041
421675,972,1039
421676,971,1039
421677,971,1042
421678,975,1048
421679,977,1044
421680,975,1044
421681,976,1038
421682,971,1041
421683,976,1046
421684,980,1047
421685,984,1044
421686,981,1041
421687,980,1039
421688,977,1041
421689,978,1040
421690,980,1041
421691,983,1037
421692,984,1032
421693,986,1028
421694,997,1026
421695,1014,1028
421696,1037,1027
421697,1061,1021
421698,1095,1009
421699,1131,996
421700,1170,985
421701,1212,980
421702,1255,991
421703,1285,1001
421704,1296,1023
421705,1270,1033
421706,1219,1042
421707,1154,1050
421708,1087,1063
421709,1030,1070
421710,979,1073
421711,952,1075
421712,952,1069
421713,968,1066
421714,980,1056
421715,984,1047
421716,978,1040
421717,967,1038
421718,965,1040
421719,963,1039
421720,965,1044
421721,965,1045
421722,962,1041
421723,956,1039
421724,955,1038
421725,954,1041
421726,957,1042
421727,956,1042
421728,955,1038
421729,952,1035
421730,951,1038
421731,952,1042
421732,954,1047
421733,959,1047
421734,958,1046
421735,953,1044
421736,952,1045
421737,953,1046
421738,954,1049
421739,956,1050
421740,956,1046
421741,954,1045
421742,952,1047
421743,952,1047
421744,955,1050
421745,954,1051
421746,954,1049
421747,952,1047
421748,946,1047
421749,951,1047
421750,955,1049
421751,956,1048
421752,954,1044
421753,954,1043
421754,950,1043
421755,949,1045
421756,955,1044
421757,957,1043
421758,955,1041
421759,954,1036
421760,953,1036
421761,954,1038
421762,958,1041
421763,962,1039
421764,956,1034
421765,959,1029
421766,959,1031
421767,965,1033
421768,967,1032
421769,969,1030
421770,971,1027
421771,971,1023
421772,969,1022
421773,972,1020
421774,975,1022
421775,981,1020
421776,979,1017
421777,979,1014
421778,976,1015
421779,980,1016
421780,985,1018
421781,985,1018
421782,984,1014
421783,981,1013
421784,979,1013
421785,982,1016
421786,989,1017
421787,990,1016
421788,989,1015
421789,989,1011
421790,987,1014
421791,988,1014
421792,988,1017
421793,993,1015
421794,993,1013
421795,991,1009
421796,991,1011
421797,997,1013
421798,1000,1015
421799,1001,1017
421800,1002,1014
421801,998,1012
421802,997,1017
421803,996,1019
421804,996,1022
421805,999,1021
421806,997,1020
421807,993,1021
421808,990,1021
421809,991,1026
421810,992,1032
421811,990,1032
421812,986,1032
421813,980,1031
421814,973,1034
421815,977,1036
421816,980,1039
421817,981,1040
421818,978,1039
421819,975,1038
421820,971,1040
421821,971,1043
421822,975,1048
421823,976,1046
421824,975,1042
421825,971,1042
421826,970,1044
421827,972,1050
421828,974,1049
421829,974,1052
421830,968,1047
421831,967,1043
421832,967,1045
421833,970,1049
421834,973,1051
421835,973,1049
421836,973,1047
421837,967,1047
421838,968,1045
421839,969,1050
421840,973,1049
421841,974,1046
421842,975,1045
421843,970,1042
421844,971,1043
421845,974,1043
421846,976,1046
421847,980,1045
421848,978,1042
421849,975,1038
421850,974,1038
421851,978,1041
421852,977,1044
421853,981,1042
421854,980,1038
421855,978,1038
421856,978,1039
421857,976,1041
421858,978,1045
421859,981,1045
421860,980,1042
421861,975,1039
421862,976,1040
421863,977,1043
421864,977,1043
421865,980,1044
421866,980,1041
421867,977,1039
421868,977,1038
421869,976,1038
421870,975,1042
421871,980,1041
421872,979,1039
421873,977,1038
421874,972,1038
421875,975,1041
421876,977,1044
421877,977,1043
421878,978,1041
421879,975,1038
421880,975,1039
421881,974,1044
421882,975,1046
421883,977,1044
421884,980,1044
421885,974,1042
421886,973,1043
421887,975,1044
421888,974,1049
421889,977,1047
421890,975,1047
421891,973,1043
421892,973,1045
421893,974,1045
421894,974,1048
421895,977,1046
421896,977,1045
421897,974,1043
421898,970,1040
421899,972,1046
421900,977,1047
421901,976,1046
421902,978,1045
421903,975,1044
421904,973,1045
421905,973,1046
421906,977,1051
421907,977,1048
421908,973,1050
421909,972,1046
421910,970,1047
421911,974,1049
421912,976,1050
421913,976,1046
421914,976,1044
421915,971,1043
421916,971,1044
421917,970,1045
421918,972,1049
421919,972,1046
421920,970,1045
421921,971,1043
421922,969,1041
421923,972,1046
421924,973,1048
421925,974,1046
421926,973,1042
421927,970,1042
421928,967,1041
421929,969,1043
421930,971,1047
421931,970,1047
421932,972,1044
421933,970,1042
421934,969,1044
421935,967,1046
421936,971,1046
421937,974,1047
421938,970,1046
421939,966,1043
421940,966,1045
421941,968,1046
421942,974,1048
421943,974,1049
421944,969,1044
421945,970,1043
421946,972,1044
421947,974,1045
421948,975,1047
421949,976,1045
421950,976,1042
421951,974,1042
421952,972,1043
421953,974,1045
421954,978,1046
421955,980,1045
421956,977,1044
421957,974,1044
421958,974,1042
421959,973,1042
421960,975,1047
421961,974,1047
421962,973,1046
421963,975,1042
421964,975,1042
421965,975,1046
421966,978,1048
421967,977,1048
421968,976,1046
421969,974,1048
421970,974,1046
421971,975,1049
421972,975,1050
421973,978,1047
421974,977,1045
421975,974,1046
421976,974,1044
421977,975,1049
421978,977,1051
421979,977,1048
421980,977,1048
421981,974,1044
421982,973,1043
421983,976,1048
421984,977,1051
421985,979,1046
421986,980,1047
421987,977,1044
421988,978,1045
421989,979,1046
421990,982,1051
421991,981,1049
421992,981,1046
421993,979,1044
421994,980,1043
421995,986,1041
421996,994,1041
421997,1003,1036
421998,1010,1029
421999,1022,1026
422000,1041,1023
422001,1066,1020
422002,1098,1015
422003,1138,1003
422004,1171,988
422005,1205,979
422006,1239,980
422007,1273,989
422008,1296,1007
422009,1304,1025
422010,1283,1039
422011,1239,1045
422012,1183,1048
422013,1129,1059
422014,1080,1071
422015,1030,1078
422016,980,1081
422017,959,1081
422018,950,1077
422019,961,1072
422020,974,1063
422021,982,1054
422022,980,1047
422023,974,1044
422024,969,1046
422025,969,1047
422026,968,1048
422027,968,1049
422028,964,1048
422029,961,1045
422030,958,1043
422031,959,1047
422032,960,1052
422033,960,1050
422034,955,1046
422035,953,1047
422036,948,1046
422037,949,1046
422038,952,1052
422039,951,1046
422040,950,1043
422041,949,1039
422042,949,1042
422043,951,1040
422044,952,1043
422045,952,1044
422046,954,1039
422047,951,1039
422048,948,1040
422049,951,1041
422050,955,1045
422051,958,1040
422052,955,1041
422053,953,1037
422054,955,1039
422055,953,1043
422056,958,1044
422057,961,1041
422058,959,1041
422059,956,1038
422060,952,1040
422061,954,1042
422062,959,1044
422063,960,1041
422064,959,1037
422065,958,1039
422066,957,1036
422067,957,1038
422068,959,1039
422069,961,1039
422070,960,1036
422071,958,1033
422072,959,1034
422073,959,1034
422074,960,1035
422075,963,1032
422076,966,1030
422077,965,1026
422078,961,1026
422079,961,1026
422080,966,1028
422081,970,1026
422082,973,1022
422083,969,1017
422084,971,1018
422085,976,1018
422086,976,1021
422087,981,1020
422088,978,1014
422089,977,1011
422090,979,1007
422091,980,1010
422092,984,1011
422093,987,1008
422094,985,1005
422095,978,1001
422096,977,999
422097,980,1000
422098,984,1001
422099,984,999
422100,980,1000
422101,982,997
422102,985,997
422103,986,1000
422104,991,1002
422105,995,1001
422106,994,999
422107,992,999
422108,990,999
422109,993,1001
422110,992,1005
422111,994,1006
422112,994,1007
422113,992,1008
422114,991,1012
422115,994,1015
422116,993,1020
422117,994,1019
422118,992,1019
422119,993,1020
422120,993,1022
422121,991,1024
422122,988,1030
422123,989,1028
422124,983,1029
422125,981,1027
422126,979,1031
422127,980,1031
422128,982,1038
422129,983,1039
422130,978,1039
422131,975,1040
422132,974,1038
422133,976,1041
422134,978,1044
422135,980,1046
422136,975,1044
422137,970,1043
422138,966,1040
422139,967,1043
422140,967,1046
422141,970,1044
422142,973,1042
422143,971,1040
422144,969,1040
422145,972,1043
422146,974,1044
422147,973,1043
422148,981,1040
422149,983,1039
422150,988,1037
422151,995,1043
422152,1002,1047
422153,1008,1050
422154,1012,1049
422155,1015,1045
422156,1024,1044
422157,1039,1036
422158,1054,1025
422159,1067,1010
422160,1082,993
422161,1093,975
422162,1104,963
422163,1120,950
422164,1139,939
422165,1159,919
422166,1174,897
422167,1185,872
422168,1201,852
422169,1220,839
422170,1237,831
422171,1254,817
422172,1260,810
422173,1256,809
422174,1252,813
422175,1251,818
422176,1252,822
422177,1247,822
422178,1235,822
422179,1213,823
422180,1195,830
422181,1175,839
422182,1155,854
422183,1128,862
422184,1100,871
422185,1074,882
422186,1061,898
422187,1049,916
422188,1044,932
422189,1042,944
422190,1039,952
422191,1031,959
422192,1025,968
422193,1025,980
422194,1030,992
422195,1040,996
422196,1051,998
422197,1059,994
422198,1063,995
422199,1057,995
422200,1038,1002
422201,1010,1006
422202,978,1010
422203,948,1019
422204,933,1030
422205,924,1050
422206,919,1064
422207,918,1074
422208,912,1074
422209,908,1076
422210,906,1079
422211,902,1087
422212,900,1092
422213,898,1092
422214,894,1094
422215,891,1094
422216,886,1097
422217,884,1101
422218,885,1105
422219,885,1105
422220,882,1106
422221,879,1106
422222,875,1107
422223,875,1113
422224,875,1115
422225,876,1115
422226,870,1113
422227,868,1116
422228,868,1118
422229,870,1120
422230,865,1125
422231,866,1125
422232,864,1126
422233,862,1125
422234,861,1126
422235,861,1130
422236,863,1133
422237,863,1137
422238,859,1133
422239,857,1134
422240,852,1137
422241,853,1138
422242,855,1143
422243,857,1141
422244,855,1141
422245,854,1140
422246,852,1140
422247,853,1146
422248,854,1148
422249,855,1147
422250,855,1149
422251,854,1146
422252,855,1149
422253,857,1152
422254,860,1157
422255,862,1157
422256,864,1155
422257,861,1155
422258,862,1155
422259,863,1158
422260,870,1160
422261,874,1161
422262,873,1158
422263,874,1152
422264,874,1153
422265,883,1155
422266,888,1154
422267,893,1148
422268,895,1144
422269,894,1141
422270,894,1138
422271,902,1138
422272,906,1132
422273,909,1128
422274,912,1121
422275,914,1117
422276,917,1114
422277,921,1111
422278,928,1108
422279,931,1104
422280,931,1098
422281,931,1093
422282,932,1092
422283,933,1088
422284,939,1086
422285,945,1081
422286,945,1075
422287,947,1071
422288,948,1068
422289,950,1066
422290,952,1067
422291,956,1064
422292,957,1060
422293,951,1056
422294,955,1053
422295,957,1053
422296,958,1055
422297,961,1052
422298,961,1047
422299,959,1043
422300,958,1042
422301,960,1042
422302,963,1043
422303,964,1042
422304,962,1040
422305,958,1034
422306,956,1038
422307,961,1041
422308,964,1044
422309,966,1045
422310,964,1045
422311,961,1040
422312,961,1042
422313,963,1045
422314,967,1048
422315,968,1047
422316,970,1047
422317,968,1047
422318,970,1046
422319,972,1047
422320,973,1047
422321,976,1047
422322,974,1044
422323,970,1039
422324,969,1040
422325,970,1044
422326,974,1046
422327,977,1044
422328,974,1042
422329,970,1040
422330,971,1039
422331,973,1043
422332,975,1046
422333,976,1045
422334,975,1041
422335,973,1039
422336,970,1039
422337,972,1044
422338,977,1046
422339,979,1043
422340,978,1041
422341,976,1038
422342,977,1039
422343,976,1040
422344,979,1041
422345,982,1040
422346,982,1040
422347,977,1037
422348,977,1038
422349,980,1039
422350,980,1043
422351,982,1040
422352,977,1038
422353,975,1035
422354,972,1037
422355,971,1038
422356,979,1039
422357,978,1041
422358,978,1038
422359,972,1036
422360,972,1039
422361,974,1040
422362,972,1042
422363,976,1044
422364,974,1039
422365,972,1039
422366,972,1040
422367,973,1042
422368,980,1043
422369,982,1043
422370,982,1039
422371,982,1038
422372,980,1038
422373,980,1042
422374,984,1044
422375,982,1045
422376,981,1042
422377,979,1040
422378,978,1043
422379,985,1042
422380,986,1044
422381,988,1041
422382,984,1041
422383,982,1039
422384,980,1040
422385,984,1042
422386,983,1044
422387,987,1043
422388,984,1039
422389,984,1038
422390,985,1038
422391,986,1040
422392,987,1041
422393,989,1040
422394,985,1040
422395,985,1038
422396,984,1036
422397,986,1039
422398,983,1043
422399,988,1039
422400,988,1038
422401,985,1036
422402,984,1035
422403,988,1040
422404,989,1042
422405,989,1039
422406,985,1038
422407,983,1036
422408,977,1037
422409,983,1039
422410,984,1042
422411,985,1042
422412,985,1038
422413,983,1039
422414,979,1040
422415,981,1041
422416,982,1045
422417,984,1046
422418,982,1045
422419,979,1044
422420,979,1047
422421,982,1048
422422,986,1051
422423,987,1049
422424,987,1045
422425,983,1044
422426,980,1045
422427,984,1048
422428,984,1049
422429,986,1048
422430,988,1047
422431,985,1043
422432,983,1045
422433,984,1047
422434,988,1050
422435,988,1050
422436,986,1045
422437,984,1043
422438,980,1043
422439,987,1045
422440,991,1047
422441,991,1046
422442,990,1043
422443,989,1044
422444,989,1043
422445,992,1046
422446,993,1047
422447,995,1046
422448,991,1044
422449,991,1041
422450,990,1043
422451,992,1047
422452,997,1046
422453,999,1043
422454,996,1040
422455,994,1037
422456,990,1038
422457,992,1039
422458,993,1042
422459,996,1043
422460,994,1041
422461,991,1038
422462,990,1038
422463,994,1041
422464,997,1043
422465,996,1041
422466,994,1040
422467,991,1038
422468,990,1040
422469,996,1043
422470,999,1047
422471,1002,1047
422472,1001,1044
422473,994,1040
422474,994,1041
422475,997,1044
422476,997,1050
422477,998,1046
422478,995,1043
422479,993,1043
422480,994,1041
422481,996,1044
422482,998,1046
422483,999,1045
422484,995,1044
422485,995,1042
422486,993,1043
422487,992,1043
422488,996,1045
422489,995,1043
422490,995,1041
422491,992,1039
422492,994,1040
422493,994,1041
422494,999,1046
422495,998,1044
422496,997,1041
422497,994,1040
422498,993,1038
422499,996,1040
422500,995,1043
422501,1001,1040
422502,1002,1038
422503,998,1036
422504,998,1035
422505,1000,1040
422506,1003,1040
422507,1000,1039
422508,1000,1036
422509,1000,1033
422510,1001,1037
422511,1005,1038
422512,1005,1040
422513,1011,1036
422514,1013,1031
422515,1019,1029
422516,1025,1026
422517,1041,1026
422518,1062,1026
422519,1083,1023
422520,1112,1015
422521,1142,1003
422522,1177,994
422523,1217,988
422524,1254,986
422525,1290,991
422526,1312,1001
422527,1321,1018
422528,1308,1034
422529,1273,1045
422530,1220,1051
422531,1162,1058
422532,1100,1064
422533,1042,1070
422534,997,1079
422535,979,1081
422536,980,1080
422537,990,1072
422538,995,1061
422539,998,1050
422540,996,1048
422541,995,1047
422542,992,1046
422543,990,1043
422544,989,1039
422545,983,1039
422546,983,1039
422547,985,1042
422548,987,1044
422549,986,1042
422550,986,1039
422551,981,1036
422552,978,1038
422553,980,1039
422554,981,1043
422555,984,1038
422556,979,1037
422557,978,1037
422558,977,1036
422559,980,1041
422560,981,1043
422561,985,1042
422562,981,1042
422563,979,1041
422564,978,1039
422565,981,1044
422566,982,1044
422567,984,1040
422568,984,1039
422569,982,1040
422570,981,1041
422571,984,1040
422572,987,1048
422573,985,1046
422574,987,1045
422575,983,1041
422576,979,1042
422577,980,1047
422578,984,1047
422579,984,1043
422580,980,1043
422581,980,1040
422582,977,1040
422583,980,1040
422584,983,1042
422585,982,1041
422586,982,1036
422587,981,1034
422588,980,1032
422589,982,1036
422590,982,1037
422591,986,1035
422592,984,1028
422593,982,1027
422594,982,1027
422595,982,1026
422596,988,1028
422597,989,1026
422598,987,1021
422599,985,1018
422600,984,1020
422601,990,1018
422602,993,1019
422603,994,1019
422604,994,1015
422605,992,1011
422606,992,1015
422607,998,1014
422608,1000,1016
422609,1004,1013
422610,1002,1011
422611,1003,1009
422612,1001,1010
422613,1008,1012
422614,1012,1014
422615,1012,1013
422616,1013,1012
422617,1009,1008
422618,1011,1009
422619,1012,1011
422620,1017,1014
422621,1022,1009
422622,1022,1009
422623,1021,1005
422624,1021,1008
422625,1023,1009
422626,1025,1010
422627,1028,1010
422628,1029,1007
422629,1028,1006
422630,1028,1010
422631,1028,1012
422632,1030,1012
422633,1034,1014
422634,1031,1011
422635,1027,1009
422636,1027,1011
422637,1024,1015
422638,1026,1021
422639,1025,1021
422640,1024,1019
422641,1019,1020
422642,1016,1022
422643,1017,1024
422644,1016,1028
422645,1012,1027
422646,1009,1028
422647,1007,1029
422648,1003,1032
422649,1004,1033
422650,1004,1039
422651,1003,1035
422652,999,1036
422653,995,1035
422654,994,1035
422655,997,1039
422656,998,1041
422657,999,1043
422658,999,1041
422659,994,1038
422660,994,1039
422661,993,1042
422662,999,1046
422663,1000,1043
422664,1000,1044
422665,997,1041
422666,996,1041
422667,995,1045
422668,998,1047
422669,1000,1046
422670,1001,1044
422671,996,1040
422672,997,1040
422673,999,1040
422674,1002,1045
422675,999,1043
422676,1004,1039
422677,998,1039
422678,996,1040
422679,998,1041
422680,999,1040
422681,1003,1039
422682,1001,1036
422683,999,1035
422684,996,1036
422685,998,1037
422686,1003,1040
422687,1003,1039
422688,1002,1033
422689,997,1032
422690,992,1035
422691,996,1035
422692,999,1037
422693,1002,1033
422694,999,1031
422695,995,1030
422696,994,1029
422697,993,1031
422698,995,1032
422699,994,1033
422700,994,1030
422701,991,1028
422702,993,1030
422703,993,1031
422704,998,1037
422705,1000,1036
422706,998,1033
422707,994,1034
422708,993,1033
422709,993,1036
422710,993,1039
422711,995,1039
422712,995,1037
422713,992,1036
422714,988,1039
422715,993,1042
422716,993,1043
422717,994,1041
422718,991,1041
422719,989,1037
422720,992,1040
422721,992,1040
422722,996,1044
422723,996,1043
422724,995,1041
422725,992,1036
422726,991,1038
422727,990,1039
422728,994,1043
422729,995,1039
422730,994,1039
422731,991,1036
422732,988,1038
422733,992,1041
422734,992,1046
422735,994,1042
422736,990,1038
422737,990,1039
422738,987,1038
422739,989,1039
422740,988,1041
422741,988,1039
422742,987,1037
422743,986,1035
422744,984,1036
422745,986,1039
422746,989,1039
422747,988,1039
422748,983,1038
422749,981,1036
422750,981,1036
422751,984,1039
422752,987,1042
422753,988,1042
422754,985,1039
422755,983,1039
422756,981,1040
422757,985,1041
422758,988,1046
422759,986,1045
422760,985,1040
422761,982,1039
422762,982,1040
422763,982,1043
422764,987,1047
422765,989,1045
422766,986,1041
422767,981,1041
422768,984,1039
422769,987,1044
422770,989,1046
422771,993,1042
422772,993,1040
422773,992,1038
422774,991,1040
422775,991,1041
422776,991,1040
422777,998,1036
422778,1001,1030
422779,1004,1025
422780,1011,1023
422781,1023,1023
422782,1038,1024
422783,1057,1019
422784,1076,1014
422785,1105,1002
422786,1135,988
422787,1173,981
422788,1211,976
422789,1244,979
422790,1269,986
422791,1283,1005
422792,1274,1028
422793,1246,1041
422794,1203,1047
422795,1145,1050
422796,1087,1060
422797,1027,1077
422798,978,1090
422799,945,1103
422800,945,1105
422801,955,1097
422802,967,1086
422803,970,1069
422804,976,1062
422805,984,1058
422806,984,1056
422807,983,1051
422808,978,1046
422809,970,1042
422810,966,1043
422811,966,1046
422812,966,1048
422813,966,1046
422814,963,1043
422815,962,1043
422816,959,1044
422817,958,1045
422818,963,1049
422819,963,1048
422820,961,1045
422821,958,1039
422822,957,1041
422823,954,1047
422824,961,1049
422825,962,1047
422826,963,1043
422827,961,1043
422828,962,1043
422829,963,1045
422830,967,1045
422831,966,1041
422832,962,1041
422833,961,1038
422834,961,1037
422835,961,1040
422836,962,1042
422837,963,1039
422838,963,1037
422839,960,1036
422840,958,1034
422841,962,1036
422842,964,1040
422843,965,1038
422844,965,1035
422845,961,1034
422846,962,1034
422847,962,1035
422848,966,1038
422849,967,1035
422850,968,1031
422851,966,1031
422852,963,1029
422853,961,1032
422854,962,1034
422855,966,1029
422856,968,1027
422857,968,1023
422858,968,1022
422859,969,1026
422860,970,1025
422861,970,1022
422862,965,1022
422863,963,1017
422864,964,1017
422865,964,1019
422866,972,1018
422867,973,1014
422868,976,1010
422869,972,1005
422870,973,1005
422871,979,1008
422872,976,1008
422873,977,1004
422874,979,999
422875,977,996
422876,980,996
422877,984,996
422878,983,996
422879,982,994
422880,976,994
422881,977,992
422882,980,994
422883,985,996
422884,987,999
422885,992,998
422886,990,995
422887,989,992
422888,988,993
422889,986,996
422890,991,999
422891,994,1001
422892,993,998
422893,992,996
422894,990,995
422895,991,1002
422896,993,1007
422897,996,1006
422898,994,1007
422899,992,1009
422900,994,1009
422901,995,1012
422902,997,1017
422903,996,1020
422904,995,1019
422905,991,1018
422906,991,1021
422907,994,1023
422908,994,1027
422909,992,1028
422910,988,1030
422911,982,1027
422912,979,1032
422913,986,1032
422914,984,1039
422915,980,1036
422916,973,1038
422917,970,1035
422918,968,1039
422919,974,1042
422920,974,1045
422921,977,1044
422922,975,1043
422923,971,1040
422924,966,1042
422925,968,1045
422926,976,1049
422927,977,1047
422928,977,1044
422929,975,1044
422930,977,1046
422931,977,1050
422932,975,1052
422933,980,1051
422934,975,1049
422935,972,1045
422936,970,1047
422937,970,1052
422938,974,1053
422939,977,1052
422940,979,1049
422941,980,1045
422942,979,1046
422943,980,1047
422944,979,1051
422945,979,1050
422946,978,1046
422947,981,1043
422948,982,1044
422949,986,1047
422950,987,1048
422951,988,1048
422952,984,1044
422953,982,1041
422954,979,1042
422955,983,1043
422956,986,1045
422957,989,1043
422958,989,1039
422959,984,1036
422960,978,1037
422961,980,1037
422962,982,1042
422963,984,1041
422964,978,1037
422965,973,1036
422966,971,1038
422967,975,1042
422968,979,1045
422969,978,1043
422970,978,1039
422971,979,1040
422972,979,1040
422973,978,1043
422974,980,1046
422975,981,1046
422976,979,1045
422977,977,1043
422978,976,1046
422979,976,1049
422980,977,1053
422981,979,1053
422982,978,1051
422983,977,1050
422984,978,1048
422985,977,1051
422986,978,1053
422987,980,1052
422988,981,1051
422989,979,1047
422990,978,1049
422991,979,1050
422992,980,1052
422993,980,1053
422994,976,1048
422995,973,1045
422996,972,1045
422997,976,1049
422998,978,1050
422999,980,1049
423000,980,1045
423001,977,1041
423002,977,1039
423003,980,1044
423004,985,1045
423005,984,1043
423006,982,1039
423007,982,1037
423008,977,1036
423009,974,1039
423010,978,1038
423011,982,1036
423012,981,1033
423013,985,1032
423014,983,1033
423015,979,1038
423016,978,1042
423017,978,1041
423018,976,1040
423019,976,1038
423020,976,1041
423021,978,1043
423022,980,1047
423023,982,1044
423024,981,1043
423025,980,1042
423026,982,1043
423027,983,1051
423028,982,1052
423029,985,1051
423030,984,1048
423031,984,1046
423032,982,1048
423033,987,1050
423034,990,1052
423035,991,1052
423036,988,1048
423037,988,1049
423038,990,1044
423039,999,1045
423040,1004,1041
423041,1010,1036
423042,1018,1031
423043,1031,1025
423044,1044,1025
423045,1071,1020
423046,1105,1013
423047,1142,1001
423048,1181,990
423049,1222,989
423050,1260,993
423051,1294,1016
423052,1306,1038
423053,1290,1054
423054,1250,1059
423055,1187,1056
423056,1118,1066
423057,1055,1078
423058,998,1095
423059,956,1104
423060,939,1108
423061,943,1101
423062,958,1090
423063,968,1076
423064,977,1070
423065,979,1062
423066,976,1054
423067,971,1048
423068,972,1048
423069,967,1050
423070,969,1050
423071,969,1046
423072,963,1044
423073,957,1040
423074,956,1043
423075,956,1047
423076,963,1047
423077,969,1047
423078,962,1044
423079,955,1043
423080,958,1047
423081,964,1047
423082,965,1050
423083,966,1049
423084,958,1045
423085,958,1045
423086,960,1046
423087,965,1048
423088,970,1049
423089,968,1049
423090,966,1048
423091,963,1048
423092,965,1047
423093,969,1049
423094,969,1051
423095,968,1048
423096,969,1044
423097,967,1043
423098,966,1043
423099,967,1045
423100,971,1045
423101,972,1045
423102,970,1040
423103,966,1037
423104,962,1038
423105,963,1042
423106,964,1040
423107,967,1036
423108,967,1034
423109,965,1032
423110,967,1031
423111,969,1035
423112,971,1036
423113,970,1033
423114,971,1032
423115,969,1028
423116,970,1024
423117,972,1027
423118,978,1028
423119,979,1024
423120,976,1020
423121,974,1018
423122,975,1018
423123,978,1018
423124,980,1017
423125,982,1016
423126,982,1013
423127,982,1008
423128,983,1007
423129,989,1009
423130,992,1011
423131,995,1008
423132,992,1003
423133,992,1000
423134,993,1000
423135,995,1002
423136,1001,1005
423137,1005,1003
423138,1005,1002
423139,1001,998
423140,1001,999
423141,1001,1001
423142,1006,1002
423143,1008,998
423144,1007,998
423145,1004,995
423146,1006,995
423147,1006,999
423148,1007,1003
423149,1008,1003
423150,1003,1003
423151,1004,1002
423152,1001,1005
423153,1004,1007
423154,1005,1013
423155,1006,1012
423156,1004,1013
423157,1003,1012
423158,1002,1017
423159,1000,1020
423160,1006,1023
423161,1003,1025
423162,999,1025
423163,995,1027
423164,992,1027
423165,991,1035
423166,993,1039
423167,993,1040
423168,990,1039
423169,986,1039
423170,981,1041
423171,984,1045
423172,984,1048
423173,985,1049
423174,979,1047
423175,976,1046
423176,978,1049
423177,976,1052
423178,979,1056
423179,979,1055
423180,978,1057
423181,978,1054
423182,979,1057
423183,980,1058
423184,983,1061
423185,988,1060
423186,986,1058
423187,987,1057
423188,989,1059
423189,991,1058
423190,993,1061
423191,993,1059
423192,998,1058
423193,999,1056
423194,1007,1061
423195,1010,1064
423196,1018,1069
423197,1027,1067
423198,1033,1061
423199,1038,1058
423200,1052,1051
423201,1068,1042
423202,1083,1030
423203,1094,1012
423204,1108,998
423205,1121,983
423206,1138,972
423207,1155,962
423208,1172,952
423209,1189,934
423210,1207,910
423211,1222,889
423212,1240,876
423213,1260,864
423214,1273,858
423215,1281,851
423216,1280,847
423217,1272,847
423218,1268,847
423219,1266,850
423220,1264,850
423221,1253,850
423222,1230,845
423223,1207,848
423224,1182,856
423225,1157,864
423226,1137,876
423227,1112,884
423228,1087,893
423229,1066,904
423230,1049,919
423231,1043,935
423232,1045,950
423233,1047,962
423234,1041,966
423235,1034,972
423236,1034,983
423237,1045,992
423238,1059,1003
423239,1077,1006
423240,1093,1006
423241,1096,1006
423242,1088,1014
423243,1063,1024
423244,1027,1035
423245,990,1044
423246,964,1054
423247,946,1064
423248,939,1077
423249,936,1088
423250,934,1096
423251,931,1096
423252,927,1096
423253,920,1095
423254,917,1100
423255,915,1106
423256,915,1109
423257,912,1108
423258,908,1108
423259,903,1109
423260,899,1110
423261,900,1114
423262,901,1119
423263,901,1118
423264,897,1120
423265,895,1118
423266,894,1123
423267,893,1125
423268,897,1131
423269,892,1132
423270,891,1132
423271,886,1130
423272,887,1133
423273,887,1139
423274,890,1145
423275,891,1146
423276,885,1144
423277,881,1146
423278,882,1151
423279,880,1155
423280,883,1161
423281,883,1165
423282,882,1165
423283,882,1164
423284,879,1169
423285,880,1174
423286,884,1179
423287,882,1181
423288,882,1179
423289,879,1183
423290,879,1188
423291,883,1194
423292,886,1200
423293,891,1201
423294,891,1201
423295,891,1199
423296,891,1205
423297,893,1203
423298,895,1203
423299,898,1198
423300,896,1196
423301,896,1191
423302,897,1194
423303,902,1195
423304,908,1197
423305,911,1193
423306,914,1188
423307,915,1185
423308,918,1184
423309,923,1184
423310,931,1183
423311,931,1178
423312,933,1172
423313,931,1166
423314,940,1163
423315,943,1161
423316,950,1158
423317,954,1150
423318,957,1143
423319,957,1135
423320,960,1131
423321,965,1130
423322,969,1126
423323,972,1120
423324,974,1112
423325,972,1108
423326,973,1105
423327,978,1101
423328,979,1104
423329,976,1097
423330,977,1091
423331,975,1086
423332,976,1084
423333,980,1085
423334,981,1084
423335,983,1081
423336,983,1078
423337,979,1077
423338,977,1073
423339,979,1075
423340,986,1077
423341,985,1072
423342,987,1067
423343,984,1065
423344,983,1063
423345,986,1063
423346,987,1064
423347,986,1060
423348,983,1058
423349,978,1056
423350,982,1055
423351,984,1056
423352,986,1062
423353,987,1059
423354,985,1055
423355,984,1053
423356,983,1055
423357,984,1056
423358,986,1058
423359,984,1059
423360,982,1054
423361,983,1051
423362,980,1052
423363,980,1055
423364,986,1056
423365,986,1055
423366,987,1053
423367,984,1052
423368,983,1052
423369,985,1056
423370,988,1058
423371,988,1055
423372,990,1053
423373,985,1053
423374,986,1051
423375,989,1058
423376,993,1059
423377,994,1058
423378,990,1056
423379,989,1054
423380,989,1057
423381,993,1062
423382,997,1065
423383,996,1064
423384,996,1060
423385,994,1055
423386,993,1055
423387,995,1056
423388,1000,1054
423389,1000,1053
423390,999,1048
423391,997,1045
423392,995,1047
423393,993,1049
423394,999,1048
423395,999,1049
423396,997,1044
423397,994,1045
423398,995,1045
423399,999,1046
423400,1001,1049
423401,1000,1048
423402,998,1044
423403,997,1043
423404,995,1043
423405,998,1046
423406,997,1048
423407,1001,1046
423408,1000,1045
423409,998,1043
423410,997,1043
423411,1001,1046
423412,1002,1047
423413,1002,1048
423414,997,1045
423415,995,1044
423416,992,1043
423417,992,1050
423418,997,1050
423419,997,1051
423420,997,1049
423421,991,1046
423422,994,1049
423423,996,1052
423424,999,1053
423425,998,1053
423426,998,1052
423427,992,1052
423428,996,1051
423429,998,1053
423430,1002,1055
423431,1004,1052
423432,1000,1049
423433,998,1048
423434,994,1050
423435,994,1052
423436,996,1054
423437,996,1051
423438,997,1050
423439,995,1047
423440,994,1049
423441,994,1051
423442,996,1054
423443,995,1052
423444,993,1047
423445,991,1044
423446,991,1050
423447,995,1051
423448,1000,1053
423449,1000,1051
423450,1001,1049
423451,996,1046
423452,993,1048
423453,999,1050
423454,997,1049
423455,1000,1049
423456,1000,1047
423457,995,1047
423458,996,1047
423459,999,1048
423460,1001,1053
423461,999,1051
423462,997,1048
423463,994,1048
423464,993,1049
423465,994,1053
423466,999,1058
423467,999,1055
423468,996,1052
423469,995,1053
423470,996,1054
423471,999,1057
423472,1000,1059
423473,1002,1055
423474,1001,1052
423475,1000,1048
423476,1001,1048
423477,1001,1049
423478,1006,1053
423479,1001,1047
423480,1003,1044
423481,996,1042
423482,996,1044
423483,994,1046
423484,999,1050
423485,1000,1047
423486,999,1046
423487,997,1044
423488,995,1047
423489,997,1049
423490,999,1049
423491,1002,1047
423492,999,1044
423493,996,1042
423494,995,1043
423495,999,1046
423496,1003,1045
423497,1002,1045
423498,1003,1040
423499,998,1041
423500,997,1042
423501,1000,1046
423502,1004,1048
423503,1004,1048
423504,1005,1043
423505,1005,1042
423506,1002,1043
423507,1004,1044
423508,1008,1048
423509,1008,1047
423510,1008,1045
423511,1001,1043
423512,1000,1047
423513,999,1048
423514,1003,1051
423515,1002,1050
423516,1001,1050
423517,1000,1050
423518,1002,1051
423519,1004,1055
423520,1008,1055
423521,1009,1050
423522,1011,1042
423523,1015,1038
423524,1024,1033
423525,1039,1035
423526,1062,1030
423527,1088,1026
423528,1114,1016
423529,1149,1004
423530,1187,995
423531,1228,988
423532,1265,990
423533,1298,996
423534,1318,1010
423535,1324,1023
423536,1301,1039
423537,1252,1046
423538,1191,1053
423539,1128,1061
423540,1068,1068
423541,1010,1072
423542,976,1077
423543,971,1072
423544,985,1072
423545,997,1063
423546,1005,1053
423547,1002,1047
423548,999,1044
423549,996,1048
423550,995,1051
423551,995,1049
423552,988,1047
423553,987,1049
423554,984,1047
423555,987,1048
423556,992,1051
423557,990,1051
423558,987,1048
423559,986,1048
423560,981,1048
423561,980,1051
423562,984,1052
423563,984,1052
423564,982,1050
423565,979,1048
423566,982,1050
423567,983,1055
423568,986,1059
423569,987,1057
423570,983,1057
423571,982,1057
423572,981,1059
423573,981,1062
423574,982,1063
423575,982,1059
423576,981,1053
423577,975,1049
423578,976,1049
423579,977,1052
423580,979,1053
423581,979,1051
423582,978,1048
423583,975,1048
423584,973,1049
423585,976,1049
423586,979,1052
423587,976,1051
423588,978,1047
423589,974,1043
423590,975,1045
423591,976,1047
423592,979,1047
423593,977,1046
423594,979,1044
423595,977,1038
423596,978,1042
423597,984,1042
423598,986,1045
423599,986,1043
423600,982,1040
423601,984,1037
423602,983,1037
423603,988,1037
423604,992,1040
423605,996,1037
423606,998,1031
423607,995,1029
423608,993,1028
423609,996,1029
423610,1002,1030
423611,1001,1027
423612,1003,1023
423613,1002,1018
423614,1005,1018
423615,1010,1020
423616,1012,1020
423617,1012,1020
423618,1013,1018
423619,1008,1014
423620,1010,1016
423621,1011,1018
423622,1015,1021
423623,1015,1020
423624,1015,1018
423625,1012,1015
423626,1015,1017
423627,1019,1019
423628,1022,1022
423629,1023,1021
423630,1021,1017
423631,1018,1016
423632,1017,1016
423633,1020,1019
423634,1027,1022
423635,1028,1020
423636,1028,1017
423637,1028,1012
423638,1030,1014
423639,1027,1016
423640,1034,1018
423641,1031,1017
423642,1030,1017
423643,1026,1016
423644,1024,1020
423645,1025,1024
423646,1026,1031
423647,1028,1029
423648,1022,1031
423649,1017,1031
423650,1018,1033
423651,1019,1039
423652,1022,1041
423653,1021,1043
423654,1018,1042
423655,1012,1042
423656,1012,1045
423657,1012,1045
423658,1011,1048
423659,1010,1047
423660,1007,1045
423661,1003,1044
423662,1005,1047
423663,1004,1048
423664,1009,1052
423665,1009,1050
423666,1004,1047
423667,1003,1048
423668,1002,1047
423669,1003,1048
423670,1006,1050
423671,1005,1049
423672,1003,1048
423673,1001,1045
423674,1003,1045
423675,1004,1051
423676,1007,1052
423677,1004,1049
423678,1000,1050
423679,996,1048
423680,992,1050
423681,996,1052
423682,999,1054
423683,998,1050
423684,996,1049
423685,992,1048
423686,992,1047
423687,992,1048
423688,997,1049
423689,997,1046
423690,997,1042
423691,994,1043
423692,992,1042
423693,993,1043
423694,997,1046
423695,1001,1043
423696,997,1043
423697,997,1039
423698,996,1040
423699,997,1044
423700,1000,1047
423701,1000,1044
423702,999,1040
423703,999,1042
423704,998,1044
423705,998,1046
423706,1002,1052
423707,1001,1046
423708,1000,1046
423709,996,1043
423710,997,1045
423711,997,1047
423712,999,1050
423713,1001,1049
423714,997,1046
423715,994,1045
423716,992,1044
423717,990,1049
423718,995,1049
423719,994,1046
423720,993,1045
423721,992,1041
423722,991,1046
423723,996,1047
423724,997,1052
423725,999,1050
423726,997,1046
423727,993,1046
423728,991,1046
423729,993,1052
423730,997,1054
423731,995,1050
423732,995,1050
423733,992,1050
423734,991,1053
423735,991,1054
423736,995,1055
423737,993,1054
423738,992,1049
423739,988,1044
423740,987,1046
423741,992,1047
423742,996,1051
423743,996,1048
423744,998,1045
423745,994,1041
423746,990,1044
423747,995,1048
423748,997,1047
423749,999,1044
423750,1001,1037
423751,1009,1034
423752,1021,1033
423753,1037,1032
423754,1058,1034
423755,1084,1028
423756,1116,1019
423757,1151,1009
423758,1193,1001
423759,1236,999
423760,1280,1008
423761,1311,1021
423762,1323,1037
423763,1308,1048
423764,1264,1053
423765,1202,1058
423766,1138,1069
423767,1067,1081
423768,1004,1088
423769,962,1088
423770,950,1089
423771,960,1081
423772,974,1073
423773,987,1060
423774,987,1051
423775,984,1046
423776,983,1047
423777,981,1049
423778,980,1049
423779,979,1053
423780,975,1049
423781,969,1049
423782,967,1054
423783,967,1059
423784,973,1061
423785,968,1061
423786,966,1059
423787,965,1058
423788,965,1059
423789,969,1061
423790,969,1059
423791,969,1055
423792,969,1052
423793,963,1047
423794,965,1050
423795,963,1053
423796,965,1056
423797,966,1054
423798,964,1050
423799,960,1052
423800,964,1053
423801,965,1053
423802,968,1054
423803,969,1053
423804,968,1050
423805,966,1047
423806,964,1047
423807,970,1051
423808,971,1052
423809,973,1049
423810,969,1048
423811,968,1045
423812,970,1048
423813,971,1048
423814,973,1049
423815,973,1045
423816,971,1042
423817,968,1039
423818,970,1040
423819,973,1041
423820,978,1042
423821,978,1040
423822,976,1034
423823,972,1031
423824,971,1032
423825,973,1033
423826,978,1034
423827,980,1030
423828,981,1025
423829,979,1022
423830,978,1024
423831,981,1024
423832,985,1022
423833,985,1021
423834,984,1018
423835,982,1019
423836,985,1020
423837,989,1020
423838,994,1024
423839,996,1020
423840,994,1014
423841,993,1011
423842,992,1011
423843,994,1012
423844,995,1015
423845,998,1013
423846,999,1009
423847,993,1007
423848,994,1007
423849,997,1008
423850,1004,1012
423851,1004,1011
423852,1004,1009
423853,1000,1008
423854,1001,1011
423855,1003,1014
423856,1005,1016
423857,1007,1015
423858,1002,1015
423859,999,1014
423860,998,1021
423861,999,1023
423862,1001,1027
423863,998,1026
423864,1001,1026
423865,995,1028
423866,995,1032
423867,993,1037
423868,994,1040
423869,994,1041
423870,988,1039
423871,983,1038
423872,982,1043
423873,981,1048
423874,983,1052
423875,979,1049
423876,979,1046
423877,976,1045
423878,973,1050
423879,975,1051
423880,974,1054
423881,975,1053
423882,974,1051
423883,971,1050
423884,971,1052
423885,974,1055
423886,979,1057
423887,979,1056
423888,975,1052
423889,975,1050
423890,974,1051
423891,977,1055
423892,979,1056
423893,982,1055
423894,982,1052
423895,981,1051
423896,982,1053
423897,984,1055
423898,985,1057
423899,985,1058
423900,983,1054
423901,981,1052
423902,983,1052
423903,984,1054
423904,987,1058
423905,985,1055
423906,983,1050
423907,979,1048
423908,976,1050
423909,977,1051
423910,982,1052
423911,983,1051
423912,985,1050
423913,982,1047
423914,980,1047
423915,983,1049
423916,986,1050
423917,984,1050
423918,982,1044
423919,976,1045
423920,974,1044
423921,977,1048
423922,981,1049
423923,983,1048
423924,978,1045
423925,979,1043
423926,979,1046
423927,979,1050
423928,984,1050
423929,981,1051
423930,978,1048
423931,979,1046
423932,978,1047
423933,978,1050
423934,980,1052
423935,983,1050
423936,981,1048
423937,977,1047
423938,977,1049
423939,977,1052
423940,983,1053
423941,984,1052
423942,981,1049
423943,981,1046
423944,981,1048
423945,983,1054
423946,984,1056
423947,986,1055
423948,979,1051
423949,978,1048
423950,978,1048
423951,980,1050
423952,984,1052
423953,984,1053
423954,981,1051
423955,979,1048
423956,979,1053
423957,979,1055
423958,983,1058
423959,982,1055
423960,981,1051
423961,979,1049
423962,977,1052
423963,979,1053
423964,980,1056
423965,984,1055
423966,981,1052
423967,978,1049
423968,980,1051
423969,981,1052
423970,988,1051
423971,992,1047
423972,995,1040
423973,1003,1037
423974,1019,1037
423975,1039,1034
423976,1069,1034
423977,1105,1025
423978,1146,1009
423979,1185,997
423980,1228,993
423981,1269,999
423982,1301,1014
423983,1310,1031
423984,1293,1039
423985,1250,1044
423986,1188,1046
423987,1129,1058
423988,1068,1075
423989,1003,1084
423990,960,1086
423991,941,1087
423992,947,1081
423993,963,1075
423994,979,1066
423995,982,1055
423996,979,1050
423997,973,1046
423998,972,1049
423999,967,1053
424000,971,1055
424001,972,1055
424002,970,1054
424003,964,1053
424004,961,1055
424005,959,1056
424006,961,1057
424007,959,1059
424008,957,1054
424009,953,1054
424010,954,1055
424011,957,1058
424012,959,1060
424013,959,1057
424014,958,1055
424015,954,1057
424016,953,1057
424017,957,1058
424018,960,1063
424019,959,1059
424020,962,1058
424021,961,1058
424022,957,1059
424023,960,1061
424024,965,1060
424025,962,1056
424026,961,1056
424027,958,1052
424028,959,1053
424029,962,1056
424030,964,1053
424031,964,1050
424032,962,1048
424033,958,1046
424034,960,1047
424035,961,1048
424036,967,1047
424037,968,1043
424038,966,1042
424039,961,1039
424040,961,1042
424041,963,1043
424042,967,1046
424043,968,1042
424044,966,1038
424045,965,1035
424046,965,1039
424047,968,1041
424048,972,1039
424049,969,1038
424050,970,1034
424051,969,1030
424052,970,1031
424053,973,1031
424054,978,1032
424055,983,1028
424056,981,1025
424057,981,1024
424058,983,1026
424059,986,1028
424060,991,1029
424061,991,1025
424062,992,1019
424063,992,1017
424064,992,1019
424065,997,1021
424066,996,1021
424067,995,1017
424068,999,1016
424069,993,1012
424070,994,1010
424071,995,1014
424072,1002,1016
424073,1003,1012
424074,1001,1009
424075,1001,1009
424076,1003,1011
424077,1008,1014
424078,1012,1016
424079,1014,1015
424080,1009,1011
424081,1008,1010
424082,1008,1016
424083,1008,1019
424084,1010,1020
424085,1011,1021
424086,1011,1021
424087,1002,1023
424088,1004,1024
424089,1007,1029
424090,1007,1036
424091,1000,1034
424092,999,1034
424093,995,1036
424094,995,1039
424095,996,1046
424096,997,1050
424097,992,1049
424098,984,1048
424099,984,1045
424100,983,1049
424101,979,1053
424102,982,1056
424103,982,1057
424104,984,1053
424105,981,1051
424106,979,1055
424107,980,1057
424108,982,1060
424109,983,1058
424110,983,1055
424111,978,1055
424112,977,1055
424113,979,1056
424114,982,1061
424115,982,1058
424116,978,1057
424117,978,1053
424118,979,1056
424119,983,1058
424120,984,1060
424121,984,1057
424122,984,1055
424123,982,1055
424124,981,1055
424125,985,1056
424126,985,1057
424127,988,1054
424128,987,1053
424129,984,1051
424130,984,1050
424131,984,1052
424132,988,1052
424133,991,1051
424134,991,1050
424135,987,1045
424136,987,1047
424137,986,1050
424138,990,1053
424139,992,1052
424140,988,1049
424141,985,1048
424142,985,1048
424143,987,1051
424144,990,1052
424145,991,1049
424146,991,1046
424147,989,1043
424148,987,1044
424149,989,1047
424150,992,1046
424151,991,1046
424152,991,1043
424153,986,1042
424154,989,1045
424155,993,1048
424156,992,1049
424157,993,1049
424158,990,1048
424159,983,1046
424160,984,1047
424161,986,1051
424162,987,1053
424163,987,1049
424164,983,1049
424165,979,1049
424166,978,1052
424167,980,1056
424168,981,1057
424169,982,1053
424170,977,1053
424171,978,1049
424172,979,1051
424173,979,1052
424174,980,1056
424175,982,1056
424176,979,1054
424177,977,1051
424178,974,1053
424179,976,1054
424180,979,1058
424181,980,1055
424182,975,1054
424183,974,1052
424184,975,1056
424185,977,1058
424186,982,1061
424187,980,1058
424188,977,1053
424189,974,1052
424190,974,1054
424191,982,1057
424192,984,1055
424193,984,1054
424194,982,1050
424195,980,1049
424196,981,1052
424197,985,1052
424198,987,1052
424199,986,1050
424200,983,1047
424201,984,1046
424202,986,1047
424203,988,1050
424204,992,1051
424205,992,1049
424206,990,1048
424207,988,1045
424208,991,1044
424209,996,1043
424210,1006,1044
424211,1019,1040
424212,1030,1033
424213,1045,1030
424214,1073,1024
424215,1105,1019
424216,1143,1012
424217,1182,999
424218,1219,993
424219,1251,997
424220,1283,1014
424221,1298,1038
424222,1290,1056
424223,1257,1058
424224,1199,1055
424225,1131,1065
424226,1062,1081
424227,999,1099
424228,956,1106
424229,943,1108
424230,949,1099
424231,964,1084
424232,974,1074
424233,981,1069
424234,983,1065
424235,982,1062
424236,973,1058
424237,971,1051
424238,970,1053
424239,970,1052
424240,969,1053
424241,968,1052
424242,969,1049
424243,965,1048
424244,964,1048
424245,963,1050
424246,969,1053
424247,971,1051
424248,969,1048
424249,966,1048
424250,967,1051
424251,967,1053
424252,971,1057
424253,972,1054
424254,967,1050
424255,963,1048
424256,962,1049
424257,967,1052
424258,967,1054
424259,968,1052
424260,966,1051
424261,962,1047
424262,963,1049
424263,965,1051
424264,964,1053
424265,966,1050
424266,964,1047
424267,962,1048
424268,965,1049
424269,967,1055
424270,967,1055
424271,966,1054
424272,966,1050
424273,965,1049
424274,965,1050
424275,967,1053
424276,971,1055
424277,971,1052
424278,970,1047
424279,965,1042
424280,965,1043
424281,969,1045
424282,971,1043
424283,971,1040
424284,970,1034
424285,968,1033
424286,970,1032
424287,971,1034
424288,978,1032
424289,980,1029
424290,978,1024
424291,979,1023
424292,978,1024
424293,979,1027
424294,983,1025
424295,985,1023
424296,984,1017
424297,985,1016
424298,986,1016
424299,988,1018
424300,992,1019
424301,991,1017
424302,992,1013
424303,988,1011
424304,990,1011
424305,993,1011
424306,994,1015
424307,997,1011
424308,996,1011
424309,991,1009
424310,996,1008
424311,1000,1012
424312,1005,1015
424313,1004,1013
424314,1004,1010
424315,1004,1011
424316,1003,1015
424317,1009,1018
424318,1010,1021
424319,1012,1022
424320,1008,1021
424321,1004,1023
424322,1003,1028
424323,1007,1029
424324,1007,1031
424325,1008,1030
424326,1006,1025
424327,1004,1027
424328,1001,1028
424329,1001,1036
424330,1002,1040
424331,1002,1040
424332,995,1040
424333,992,1043
424334,989,1045
424335,988,1050
424336,989,1054
424337,991,1052
424338,986,1051
424339,983,1050
424340,982,1054
424341,985,1057
424342,986,1057
424343,982,1058
424344,985,1054
424345,981,1054
424346,980,1055
424347,984,1057
424348,990,1063
424349,990,1060
424350,987,1055
424351,986,1056
424352,984,1056
424353,989,1056
424354,994,1060
424355,994,1056
424356,1001,1055
424357,1001,1056
424358,1007,1055
424359,1015,1062
424360,1021,1066
424361,1023,1066
424362,1027,1065
424363,1032,1062
424364,1041,1065
424365,1055,1061
424366,1071,1052
424367,1081,1034
424368,1089,1017
424369,1103,1000
424370,1121,985
424371,1138,975
424372,1156,960
424373,1170,945
424374,1186,921
424375,1200,897
424376,1219,878
424377,1242,863
424378,1260,853
424379,1272,840
424380,1274,831
424381,1270,828
424382,1266,829
424383,1263,831
424384,1259,832
424385,1253,831
424386,1240,827
424387,1221,828
424388,1198,831
424389,1176,840
424390,1154,850
424391,1130,857
424392,1103,868
424393,1078,880
424394,1053,894
424395,1045,911
424396,1042,926
424397,1041,936
424398,1039,951
424399,1036,956
424400,1029,968
424401,1026,978
424402,1040,988
424403,1051,995
424404,1065,1000
424405,1079,1004
424406,1092,1008
424407,1093,1013
424408,1077,1024
424409,1043,1033
424410,1005,1037
424411,971,1051
424412,949,1065
424413,942,1081
424414,940,1095
424415,938,1101
424416,931,1106
424417,927,1107
424418,917,1112
424419,918,1114
424420,916,1118
424421,914,1120
424422,910,1119
424423,904,1119
424424,900,1123
424425,902,1127
424426,902,1131
424427,903,1129
424428,897,1133
424429,893,1130
424430,895,1133
424431,896,1136
424432,892,1140
424433,891,1142
424434,891,1139
424435,887,1141
424436,887,1142
424437,892,1149
424438,891,1149
424439,888,1149
424440,885,1147
424441,881,1147
424442,877,1153
424443,880,1159
424444,881,1161
424445,883,1160
424446,881,1160
424447,880,1161
424448,881,1164
424449,883,1169
424450,883,1174
424451,885,1173
424452,882,1175
424453,876,1176
424454,879,1181
424455,881,1186
424456,887,1190
424457,888,1191
424458,885,1193
424459,887,1194
424460,887,1195
424461,891,1200
424462,894,1203
424463,898,1203
424464,898,1202
424465,897,1199
424466,898,1203
424467,905,1206
424468,909,1210
424469,911,1207
424470,911,1204
424471,911,1201
424472,910,1201
424473,916,1201
424474,921,1205
424475,922,1200
424476,924,1194
424477,925,1192
424478,931,1188
424479,937,1186
424480,943,1186
424481,948,1179
424482,948,1172
424483,947,1168
424484,952,1163
424485,957,1162
424486,959,1157
424487,964,1148
424488,964,1143
424489,960,1135
424490,963,1131
424491,966,1130
424492,969,1128
424493,973,1118
424494,964,1111
424495,963,1106
424496,964,1102
424497,968,1102
424498,971,1099
424499,972,1092
424500,973,1087
424501,972,1083
424502,972,1081
424503,974,1081
424504,974,1082
424505,976,1078
424506,974,1073
424507,971,1071
424508,972,1070
424509,973,1073
424510,975,1071
424511,976,1070
424512,975,1066
424513,970,1064
424514,970,1065
424515,976,1067
424516,976,1066
424517,979,1065
424518,979,1061
424519,976,1059
424520,978,1059
424521,980,1061
424522,984,1061
424523,986,1060
424524,984,1057
424525,982,1054
424526,982,1055
424527,983,1058
424528,986,1057
424529,985,1056
424530,983,1054
424531,981,1053
424532,980,1055
424533,982,1054
424534,988,1056
424535,986,1056
424536,982,1052
424537,981,1050
424538,980,1051
424539,984,1052
424540,986,1056
424541,988,1055
424542,986,1053
424543,983,1048
424544,984,1049
424545,985,1054
424546,987,1053
424547,987,1053
424548,985,1048
424549,982,1049
424550,984,1051
424551,986,1052
424552,986,1052
424553,990,1051
424554,987,1051
424555,985,1047
424556,984,1050
424557,986,1051
424558,988,1054
424559,988,1053
424560,987,1052
424561,985,1052
424562,985,1053
424563,987,1055
424564,990,1059
424565,990,1053
424566,988,1053
424567,985,1053
424568,984,1050
424569,987,1054
424570,990,1054
424571,990,1053
424572,989,1050
424573,985,1047
424574,984,1049
424575,989,1051
424576,992,1052
424577,994,1049
424578,991,1046
424579,986,1045
424580,989,1047
424581,987,1047
424582,993,1049
424583,991,1048
424584,991,1046
424585,988,1043
424586,988,1045
424587,990,1048
424588,995,1052
424589,993,1051
424590,991,1048
424591,987,1045
424592,988,1051
424593,990,1052
424594,992,1054
424595,993,1051
424596,987,1047
424597,985,1047
424598,981,1050
424599,983,1050
424600,987,1054
424601,987,1054
424602,985,1050
424603,982,1052
424604,983,1053
424605,985,1055
424606,986,1055
424607,986,1054
424608,984,1051
424609,984,1050
424610,981,1052
424611,985,1053
424612,989,1053
424613,988,1054
424614,986,1046
424615,986,1047
424616,986,1051
424617,991,1050
424618,991,1053
424619,987,1049
424620,987,1048
424621,984,1046
424622,982,1045
424623,987,1047
424624,991,1047
424625,989,1046
424626,987,1045
424627,982,1041
424628,981,1042
424629,985,1044
424630,988,1047
424631,988,1047
424632,989,1043
424633,986,1043
424634,986,1045
424635,989,1048
424636,992,1051
424637,992,1047
424638,988,1044
424639,988,1044
424640,990,1045
424641,992,1048
424642,995,1052
424643,995,1051
424644,992,1051
424645,992,1049
424646,990,1049
424647,993,1051
424648,994,1053
424649,993,1050
424650,993,1049
424651,990,1049
424652,989,1048
424653,992,1052
424654,991,1052
424655,994,1053
424656,994,1050
424657,991,1050
424658,991,1050
424659,992,1054
424660,994,1055
424661,992,1055
424662,990,1052
424663,987,1052
424664,986,1053
424665,988,1054
424666,993,1053
424667,994,1053
424668,992,1048
424669,988,1047
424670,986,1047
424671,989,1049
424672,992,1051
424673,994,1050
424674,992,1046
424675,991,1043
424676,990,1046
424677,993,1049
424678,993,1048
424679,991,1049
424680,991,1042
424681,988,1043
424682,989,1044
424683,993,1048
424684,995,1049
424685,996,1046
424686,996,1043
424687,993,1042
424688,993,1044
424689,996,1047
424690,995,1048
424691,996,1047
424692,997,1041
424693,995,1039
424694,999,1036
424695,1004,1038
424696,1012,1038
424697,1025,1035
424698,1042,1029
424699,1054,1023
424700,1079,1022
424701,1114,1016
424702,1151,1005
424703,1189,991
424704,1221,983
424705,1251,985
424706,1286,993
424707,1315,1010
424708,1320,1032
424709,1296,1042
424710,1245,1046
424711,1184,1047
424712,1126,1061
424713,1069,1075
424714,1022,1084
424715,981,1086
424716,966,1082
424717,969,1076
424718,985,1070
424719,994,1064
424720,1003,1059
424721,1003,1055
424722,1000,1049
424723,991,1045
424724,990,1048
424725,989,1051
424726,990,1050
424727,989,1048
424728,984,1047
424729,979,1046
424730,976,1047
424731,977,1048
424732,980,1051
424733,979,1048
424734,976,1045
424735,975,1045
424736,974,1046
424737,975,1049
424738,979,1052
424739,977,1050
424740,974,1046
424741,970,1046
424742,970,1046
424743,970,1051
424744,974,1051
424745,973,1049
424746,970,1049
424747,971,1043
424748,969,1045
424749,969,1049
424750,971,1048
424751,970,1048
424752,966,1045
424753,965,1041
424754,962,1046
424755,964,1048
424756,970,1048
424757,968,1045
424758,969,1045
424759,968,1045
424760,968,1046
424761,971,1048
424762,973,1052
424763,975,1048
424764,972,1045
424765,972,1045
424766,970,1047
424767,977,1048
424768,978,1051
424769,983,1047
424770,981,1043
424771,979,1040
424772,980,1041
424773,983,1042
424774,986,1043
424775,985,1040
424776,983,1037
424777,982,1033
424778,984,1035
424779,987,1037
424780,991,1038
424781,992,1034
424782,992,1030
424783,987,1027
424784,987,1029
424785,990,1030
424786,993,1029
424787,990,1024
424788,993,1022
424789,989,1019
424790,989,1020
424791,992,1021
424792,997,1023
424793,998,1019
424794,995,1016
424795,995,1016
424796,994,1015
424797,998,1017
424798,1002,1018
424799,1007,1013
424800,1005,1010
424801,1006,1009
424802,1004,1009
424803,1006,1010
424804,1007,1010
424805,1008,1010
424806,1008,1005
424807,1008,1004
424808,1010,1006
424809,1015,1010
424810,1019,1010
424811,1020,1009
424812,1021,1007
424813,1020,1006
424814,1022,1009
424815,1028,1013
424816,1029,1018
424817,1030,1016
424818,1032,1016
424819,1028,1015
424820,1028,1018
424821,1031,1021
424822,1035,1024
424823,1035,1022
424824,1034,1022
424825,1029,1023
424826,1028,1027
424827,1028,1029
424828,1030,1033
424829,1026,1034
424830,1023,1031
424831,1019,1032
424832,1018,1036
424833,1017,1036
424834,1017,1038
424835,1017,1038
424836,1012,1035
424837,1009,1032
424838,1006,1038
424839,1005,1040
424840,1007,1038
424841,1007,1039
424842,1005,1036
424843,1002,1034
424844,1001,1033
424845,1001,1037
424846,1002,1037
424847,1002,1037
424848,999,1035
424849,996,1033
424850,995,1037
424851,997,1040
424852,1002,1041
424853,1002,1041
424854,1002,1039
424855,997,1039
424856,995,1042
424857,1000,1046
424858,1001,1046
424859,1001,1046
424860,1002,1042
424861,999,1043
424862,999,1042
424863,1002,1045
424864,1008,1048
424865,1007,1045
424866,1006,1043
424867,1000,1042
424868,1002,1044
424869,1003,1047
424870,1005,1048
424871,1005,1044
424872,1005,1042
424873,1004,1040
424874,1003,1042
424875,1005,1043
424876,1005,1045
424877,1005,1043
424878,1000,1042
424879,999,1039
424880,998,1040
424881,1002,1041
424882,1003,1043
424883,1003,1040
424884,1001,1037
424885,999,1037
424886,1000,1040
424887,1002,1041
424888,1005,1041
424889,1003,1043
424890,1001,1040
424891,998,1036
424892,999,1037
424893,1004,1038
424894,1005,1038
424895,1006,1037
424896,1004,1034
424897,999,1032
424898,997,1034
424899,1000,1035
424900,1002,1037
424901,999,1038
424902,997,1033
424903,995,1033
424904,993,1036
424905,999,1036
424906,1000,1039
424907,997,1038
424908,992,1037
424909,991,1037
424910,987,1040
424911,996,1042
424912,998,1042
424913,997,1041
424914,996,1039
424915,995,1038
424916,995,1039
424917,998,1043
424918,997,1042
424919,996,1038
424920,996,1041
424921,993,1036
424922,994,1039
424923,998,1044
424924,999,1047
424925,1000,1044
424926,996,1040
424927,995,1041
424928,994,1043
424929,995,1046
424930,999,1047
424931,999,1045
424932,997,1040
424933,993,1039
424934,994,1045
424935,999,1044
424936,1001,1047
424937,1002,1044
424938,996,1040
424939,996,1040
424940,992,1042
424941,996,1048
424942,998,1046
424943,997,1044
424944,997,1043
424945,995,1042
424946,995,1044
424947,997,1045
424948,1001,1044
424949,1002,1042
424950,1001,1041
424951,994,1036
424952,994,1037
424953,998,1036
424954,1002,1038
424955,1004,1030
424956,1005,1027
424957,1012,1024
424958,1021,1022
424959,1035,1024
424960,1054,1023
424961,1075,1019
424962,1106,1007
424963,1142,994
424964,1182,987
424965,1226,984
424966,1266,987
424967,1299,997
424968,1313,1013
424969,1303,1028
424970,1268,1036
424971,1218,1041
424972,1161,1048
424973,1096,1061
424974,1029,1073
424975,977,1082
424976,950,1089
424977,956,1087
424978,975,1080
424979,987,1063
424980,993,1053
424981,997,1047
424982,994,1045
424983,995,1045
424984,995,1046
424985,991,1045
424986,989,1044
424987,984,1042
424988,981,1043
424989,983,1046
424990,987,1047
424991,986,1046
424992,983,1045
424993,979,1044
424994,979,1044
424995,980,1047
424996,980,1048
424997,980,1045
424998,978,1043
424999,976,1037
425000,973,1038
425001,974,1039
425002,978,1038
425003,975,1039
425004,976,1036
425005,973,1034
425006,972,1037
425007,975,1039
425008,977,1042
425009,976,1039
425010,975,1036
425011,974,1035
425012,975,1037
425013,977,1037
425014,979,1040
425015,979,1038
425016,978,1038
425017,978,1036
425018,977,1038
425019,981,1041
425020,985,1039
425021,985,1039
425022,981,1034
425023,980,1033
425024,981,1035
425025,982,1035
425026,988,1036
425027,988,1032
425028,980,1031
425029,981,1025
425030,982,1029
425031,987,1031
425032,992,1027
425033,990,1025
425034,992,1023
425035,992,1022
425036,989,1020
425037,992,1018
425038,997,1021
425039,994,1017
425040,993,1012
425041,989,1010
425042,987,1010
425043,990,1013
425044,996,1013
425045,994,1012
425046,995,1007
425047,990,1005
425048,988,1005
425049,990,1006
425050,994,1008
425051,993,1005
425052,994,1001
425053,990,1000
425054,991,1003
425055,996,1005
425056,999,1006
425057,1002,1003
425058,1000,1002
425059,1000,1000
425060,1001,1001
425061,1004,1002
425062,1009,1005
425063,1009,1002
425064,1010,999
425065,1007,1001
425066,1008,1003
425067,1012,1006
425068,1013,1009
425069,1016,1007
425070,1013,1006
425071,1010,1005
425072,1010,1006
425073,1011,1009
425074,1012,1013
425075,1012,1013
425076,1013,1012
425077,1009,1013
425078,1007,1015
425079,1007,1021
425080,1010,1024
425081,1005,1026
425082,1003,1023
425083,1002,1024
425084,998,1029
425085,998,1033
425086,1003,1036
425087,1001,1035
425088,998,1033
425089,995,1031
425090,994,1037
425091,991,1039
425092,995,1041
425093,994,1044
425094,994,1040
425095,989,1038
425096,990,1039
425097,991,1042
425098,992,1046
425099,990,1043
425100,990,1042
425101,988,1042
425102,988,1044
425103,987,1044
425104,989,1045
425105,989,1042
425106,988,1040
425107,987,1038
425108,984,1039
425109,987,1042
425110,990,1040
425111,991,1041
425112,990,1039
425113,988,1036
425114,989,1038
425115,992,1036
425116,996,1042
425117,994,1039
425118,997,1033
425119,998,1034
425120,1005,1032
425121,1011,1037
425122,1017,1036
425123,1018,1039
425124,1017,1038
425125,1016,1040
425126,1019,1043
425127,1025,1044
425128,1034,1047
425129,1048,1035
425130,1057,1021
425131,1071,1004
425132,1084,991
425133,1100,983
425134,1118,969
425135,1134,950
425136,1146,933
425137,1159,910
425138,1179,892
425139,1199,867
425140,1217,852
425141,1225,839
425142,1238,828
425143,1251,816
425144,1255,808
425145,1257,810
425146,1255,813
425147,1252,812
425148,1250,812
425149,1241,812
425150,1233,813
425151,1223,819
425152,1208,825
425153,1188,829
425154,1164,837
425155,1143,846
425156,1122,855
425157,1102,866
425158,1094,877
425159,1080,888
425160,1069,901
425161,1060,912
425162,1059,923
425163,1057,937
425164,1058,947
425165,1049,954
425166,1047,961
425167,1046,968
425168,1055,977
425169,1071,981
425170,1087,983
425171,1094,983
425172,1080,985
425173,1041,991
425174,998,1004
425175,966,1021
425176,948,1040
425177,939,1054
425178,938,1068
425179,935,1076
425180,930,1078
425181,927,1083
425182,925,1087
425183,923,1090
425184,918,1091
425185,913,1093
425186,912,1098
425187,912,1102
425188,914,1104
425189,914,1106
425190,908,1104
425191,906,1105
425192,906,1107
425193,903,1113
425194,904,1114
425195,909,1117
425196,903,1113
425197,898,1114
425198,896,1116
425199,896,1119
425200,898,1121
425201,896,1123
425202,895,1119
425203,890,1121
425204,888,1124
425205,885,1129
425206,887,1130
425207,884,1131
425208,881,1133
425209,879,1132
425210,874,1137
425211,872,1144
425212,874,1148
425213,876,1148
425214,874,1148
425215,870,1149
425216,867,1154
425217,864,1160
425218,865,1162
425219,860,1163
425220,860,1162
425221,859,1163
425222,861,1171
425223,862,1174
425224,866,1180
425225,868,1177
425226,866,1176
425227,864,1177
425228,867,1181
425229,868,1184
425230,870,1185
425231,871,1185
425232,870,1183
425233,871,1183
425234,876,1186
425235,881,1185
425236,888,1183
425237,890,1179
425238,888,1173
425239,887,1170
425240,890,1169
425241,892,1168
425242,901,1166
425243,907,1160
425244,910,1153
425245,913,1149
425246,914,1146
425247,917,1146
425248,925,1142
425249,926,1135
425250,930,1129
425251,932,1120
425252,936,1117
425253,942,1114
425254,945,1112
425255,951,1107
425256,951,1101
425257,952,1095
425258,950,1092
425259,953,1089
425260,958,1088
425261,961,1082
425262,960,1077
425263,961,1073
425264,960,1070
425265,958,1073
425266,958,1070
425267,958,1066
425268,958,1063
425269,960,1059
425270,958,1057
425271,963,1058
425272,968,1057
425273,971,1056
425274,971,1050
425275,967,1045
425276,969,1043
425277,970,1048
425278,973,1049
425279,973,1043
425280,971,1042
425281,970,1039
425282,967,1041
425283,972,1041
425284,976,1042
425285,978,1038
425286,978,1037
425287,972,1035
425288,976,1037
425289,976,1041
425290,979,1041
425291,980,1039
425292,979,1036
425293,975,1035
425294,977,1036
425295,978,1042
425296,983,1041
425297,984,1041
425298,981,1038
425299,982,1037
425300,980,1040
425301,981,1039
425302,984,1039
425303,980,1039
425304,980,1039
425305,979,1038
425306,979,1039
425307,979,1040
425308,983,1041
425309,986,1037
425310,981,1032
425311,979,1033
425312,981,1035
425313,983,1034
425314,987,1036
425315,991,1035
425316,990,1032
425317,989,1031
425318,989,1033
425319,986,1034
425320,988,1039
425321,987,1034
425322,986,1031
425323,986,1030
425324,987,1034
425325,989,1035
425326,989,1036
425327,989,1035
425328,988,1031
425329,987,1030
425330,983,1033
425331,988,1037
425332,993,1035
425333,994,1032
425334,992,1032
425335,985,1029
425336,984,1031
425337,983,1035
425338,987,1036
425339,990,1036
425340,990,1034
425341,984,1032
425342,984,1032
425343,984,1037
425344,978,1036
425345,977,1037
425346,975,1036
425347,973,1035
425348,976,1036
425349,982,1037
425350,986,1038
425351,986,1034
425352,982,1031
425353,981,1030
425354,980,1032
425355,981,1033
425356,984,1033
425357,983,1032
425358,980,1031
425359,981,1034
425360,984,1031
425361,986,1033
425362,989,1033
425363,990,1033
425364,987,1032
425365,987,1031
425366,988,1035
425367,994,1035
425368,998,1035
425369,990,1030
425370,984,1030
425371,979,1032
425372,978,1037
425373,988,1037
425374,985,1038
425375,985,1039
425376,979,1038
425377,978,1036
425378,983,1039
425379,989,1037
425380,993,1038
425381,989,1035
425382,988,1036
425383,991,1032
425384,988,1033
425385,990,1033
425386,989,1034
425387,994,1035
425388,995,1033
425389,993,1032
425390,993,1032
425391,994,1036
425392,993,1038
425393,988,1035
425394,986,1030
425395,986,1032
425396,985,1034
425397,989,1036
425398,988,1038
425399,983,1034
425400,973,1034
425401,975,1034
425402,980,1036
425403,986,1037
425404,990,1036
425405,991,1036
425406,989,1033
425407,994,1028
425408,994,1029
425409,989,1032
425410,986,1031
425411,984,1030
425412,987,1030
425413,990,1029
425414,984,1030
425415,977,1031
425416,976,1035
425417,977,1034
425418,980,1032
425419,981,1033
425420,985,1035
425421,988,1036
425422,985,1037
425423,983,1032
425424,987,1031
425425,994,1031
425426,1001,1031
425427,1002,1033
425428,998,1034
425429,993,1035
425430,992,1034
425431,990,1035
425432,991,1038
425433,992,1042
425434,1000,1041
425435,1008,1035
425436,1007,1031
425437,997,1030
425438,988,1032
425439,987,1037
425440,989,1041
425441,992,1038
425442,996,1036
425443,999,1033
425444,1002,1036
425445,1002,1036
425446,1010,1036
425447,1013,1036
425448,1014,1032
425449,1012,1030
425450,1006,1029
425451,1003,1031
425452,1006,1035
425453,1005,1032
425454,1001,1028
425455,999,1028
425456,991,1026
425457,985,1031
425458,984,1036
425459,988,1036
425460,998,1033
425461,1001,1030
425462,1004,1031
425463,1014,1029
425464,1017,1027
425465,1010,1026
425466,1005,1026
425467,1003,1028
425468,1000,1029
425469,996,1034
425470,1008,1037
425471,1027,1034
425472,1037,1023
425473,1029,1013
425474,1019,1011
425475,1024,1019
425476,1042,1022
425477,1063,1020
425478,1077,1016
425479,1082,1012
425480,1085,1016
425481,1111,1013
425482,1151,1007
425483,1205,999
425484,1259,995
425485,1319,999
425486,1365,1010
425487,1378,1026
425488,1360,1032
425489,1324,1034
425490,1268,1033
425491,1199,1040
425492,1127,1052
425493,1071,1062
425494,1022,1068
425495,999,1066
425496,1001,1059
425497,1011,1045
425498,1018,1040
425499,1027,1036
425500,1047,1031
425501,1063,1024
425502,1057,1016
425503,1030,1011
425504,1000,1017
425505,983,1026
425506,986,1031
425507,1005,1032
425508,1032,1027
425509,1028,1020
425510,998,1021
425511,975,1028
425512,976,1038
425513,968,1037
425514,961,1035
425515,971,1036
425516,996,1037
425517,1010,1037
425518,999,1032
425519,982,1032
425520,981,1033
425521,992,1030
425522,993,1031
425523,982,1036
425524,966,1039
425525,960,1040
425526,954,1039
425527,959,1041
425528,971,1039
425529,975,1041
425530,980,1040
425531,991,1037
425532,1004,1039
425533,997,1034
425534,966,1036
425535,947,1040
425536,947,1043
425537,954,1043
425538,954,1040
425539,945,1038
425540,941,1041
425541,951,1044
425542,974,1042
425543,987,1036
425544,986,1030
425545,986,1026
425546,979,1027
425547,969,1030
425548,958,1029
425549,958,1027
425550,975,1025
425551,981,1024
425552,962,1025
425553,947,1028
425554,957,1028
425555,991,1026
425556,1007,1015
425557,990,1009
425558,967,1011
425559,968,1016
425560,986,1022
425561,992,1017
425562,986,1012
425563,975,1009
425564,970,1013
425565,975,1015
425566,981,1014
425567,989,1012
425568,1005,1007
425569,1018,1000
425570,1010,999
425571,996,1001
425572,993,1006
425573,989,1005
425574,981,1000
425575,975,1001
425576,984,1005
425577,996,1006
425578,987,1001
425579,969,1003
425580,980,1006
425581,999,1005
425582,1014,999
425583,1011,1000
425584,1007,1001
425585,1002,1000
425586,999,999
425587,998,1000
425588,1003,1002
425589,1017,1004
425590,1037,1004
425591,1026,1000
425592,1006,1000
425593,1006,1002
425594,1018,1009
425595,1027,1011
425596,1009,1011
425597,981,1013
425598,970,1017
425599,977,1019
425600,983,1024
425601,991,1029
425602,999,1029
425603,1007,1026
425604,1013,1025
425605,1013,1021
425606,997,1026
425607,971,1034
425608,963,1036
425609,969,1038
425610,978,1036
425611,990,1034
425612,1005,1033
425613,1017,1033
425614,1017,1031
425615,1000,1027
425616,978,1029
425617,968,1034
425618,961,1037
425619,955,1043
425620,962,1044
425621,978,1043
425622,1002,1039
425623,1019,1033
425624,1017,1030
425625,997,1033
425626,979,1036
425627,966,1039
425628,963,1041
425629,965,1043
425630,970,1042
425631,989,1046
425632,1006,1042
425633,996,1034
425634,958,1030
425635,947,1034
425636,977,1038
425637,1008,1034
425638,998,1028
425639,966,1025
425640,948,1029
425641,962,1031
425642,984,1031
425643,981,1031
425644,971,1031
425645,968,1031
425646,970,1026
425647,972,1024
425648,975,1024
425649,978,1026
425650,978,1028
425651,962,1024
425652,949,1028
425653,948,1026
425654,972,1029
425655,1013,1026
425656,1049,1023
425657,1056,1014
425658,1016,1009
425659,948,1012
425660,908,1028
425661,924,1039
425662,966,1040
425663,995,1036
425664,1014,1030
425665,1014,1024
425666,994,1024
425667,981,1028
425668,985,1032
425669,984,1030
425670,973,1029
425671,965,1030
425672,969,1037
425673,978,1037
425674,976,1038
425675,973,1033
425676,974,1034
425677,977,1037
425678,980,1036
425679,974,1037
425680,970,1039
425681,977,1039
425682,990,1035
425683,986,1032
425684,971,1034
425685,959,1038
425686,955,1038
425687,963,1040
425688,991,1038
425689,1012,1033
425690,991,1029
425691,960,1032
425692,938,1040
425693,943,1042
425694,961,1037
425695,977,1037
425696,988,1034
425697,980,1035
425698,972,1037
425699,975,1035
425700,1001,1037
425701,1007,1033
425702,983,1031
425703,948,1033
425704,931,1043
425705,931,1045
425706,946,1043
425707,970,1042
425708,994,1041
425709,1014,1041
425710,1009,1036
425711,979,1034
425712,935,1038
425713,916,1042
425714,927,1051
425715,956,1052
425716,986,1045
425717,995,1040
425718,982,1034
425719,954,1034
425720,942,1037
425721,955,1042
425722,990,1039
425723,1011,1032
425724,1001,1023
425725,980,1024
425726,971,1024
425727,990,1028
425728,1023,1026
425729,1055,1023
425730,1085,1013
425731,1115,1004
425732,1154,1000
425733,1211,1001
425734,1264,998
425735,1296,1001
425736,1304,1010
425737,1286,1023
425738,1245,1032
425739,1198,1040
425740,1143,1044
425741,1081,1055
425742,1015,1061
425743,970,1065
425744,958,1066
425745,972,1062
425746,975,1052
425747,960,1041
425748,943,1037
425749,941,1038
425750,946,1042
425751,955,1041
425752,959,1041
425753,963,1039
425754,966,1037
425755,969,1036
425756,956,1034
425757,931,1039
425758,919,1040
425759,930,1044
425760,949,1040
425761,970,1036
425762,977,1033
425763,976,1035
425764,970,1035
425765,950,1033
425766,931,1035
425767,928,1038
425768,928,1039
425769,939,1043
425770,975,1040
425771,1000,1032
425772,977,1023
425773,943,1025
425774,935,1036
425775,952,1040
425776,966,1037
425777,953,1037
425778,916,1036
425779,892,1040
425780,902,1046
425781,925,1046
425782,940,1045
425783,942,1038
425784,939,1036
425785,940,1036
425786,958,1037
425787,973,1034
425788,963,1033
425789,930,1035
425790,918,1036
425791,930,1038
425792,951,1037
425793,956,1034
425794,958,1032
425795,953,1034
425796,948,1030
425797,950,1030
425798,954,1025
425799,961,1027
425800,961,1026
425801,948,1025
425802,960,1024
425803,984,1018
425804,995,1016
425805,968,1017
425806,926,1020
425807,901,1025
425808,907,1025
425809,934,1021
425810,958,1018
425811,976,1018
425812,989,1011
425813,988,1007
425814,967,1001
425815,953,1001
425816,949,1006
425817,955,1008
425818,967,1007
425819,972,1004
425820,989,1003
425821,994,999
425822,974,998
425823,943,1003
425824,941,1011
425825,957,1012
425826,971,1004
425827,979,1002
425828,987,1001
425829,995,1004
425830,1012,1006
425831,1019,1001
425832,1016,998
425833,999,999
425834,977,1003
425835,947,1012
425836,938,1024
425837,951,1027
425838,977,1024
425839,995,1019
425840,1014,1020
425841,1022,1020
425842,1010,1018
425843,972,1022
425844,944,1027
425845,927,1033
425846,933,1038
425847,960,1042
425848,982,1037
425849,979,1033
425850,943,1031
425851,920,1042
425852,924,1049
425853,938,1051
425854,955,1048
425855,959,1048
425856,955,1043
425857,955,1043
425858,959,1041
425859,969,1040
425860,977,1044
425861,976,1041
425862,962,1037
425863,946,1039
425864,935,1042
425865,932,1047
425866,941,1048
425867,954,1046
425868,969,1040
425869,970,1038
425870,960,1036
425871,952,1040
425872,962,1040
425873,977,1036
425874,975,1032
425875,960,1032
425876,952,1037
425877,956,1038
425878,964,1040
425879,963,1034
425880,957,1032
425881,957,1034
425882,970,1033
425883,984,1034
425884,986,1031
425885,980,1032
425886,972,1031
425887,959,1029
425888,941,1034
425889,931,1039
425890,943,1043
425891,965,1039
425892,984,1034
425893,1000,1027
425894,991,1029
425895,962,1030
425896,939,1037
425897,935,1041
425898,943,1043
425899,957,1041
425900,963,1040
425901,970,1041
425902,977,1039
425903,980,1037
425904,974,1034
425905,972,1036
425906,975,1035
425907,967,1039
425908,954,1043
425909,951,1044
425910,964,1042
425911,968,1040
425912,963,1042
425913,969,1043
425914,992,1041
425915,1003,1035
425916,968,1029
425917,920,1033
425918,903,1046
425919,934,1050
425920,980,1050
425921,1010,1038
425922,998,1031
425923,967,1030
425924,953,1037
425925,956,1041
425926,950,1041
425927,950,1040
425928,965,1040
425929,982,1036
425930,970,1035
425931,927,1040
425932,911,1048
425933,940,1050
425934,986,1042
425935,1015,1031
425936,1002,1026
425937,962,1033
425938,925,1039
425939,914,1044
425940,927,1045
425941,959,1045
425942,988,1042
425943,998,1039
425944,989,1036
425945,966,1035
425946,945,1037
425947,935,1040
425948,941,1043
425949,958,1048
425950,975,1048
425951,977,1039
425952,963,1032
425953,950,1036
425954,956,1041
425955,972,1040
425956,978,1037
425957,969,1034
425958,955,1035
425959,961,1032
425960,992,1030
425961,1018,1023
425962,1009,1022
425963,979,1021
425964,968,1022
425965,1001,1027
425966,1054,1026
425967,1107,1015
425968,1146,999
425969,1163,990
425970,1169,989
425971,1199,999
425972,1253,1016
425973,1298,1030
425974,1307,1036
425975,1273,1033
425976,1208,1033
425977,1127,1044
425978,1051,1059
425979,993,1071
425980,970,1070
425981,958,1061
425982,942,1051
425983,929,1045
425984,949,1045
425985,991,1040
425986,1019,1029
425987,996,1022
425988,944,1022
425989,908,1034
425990,910,1045
425991,927,1049
425992,955,1049
425993,987,1043
425994,999,1031
425995,964,1024
425996,920,1030
425997,892,1042
425998,899,1049
425999,928,1047
426000,958,1040
426001,978,1035
426002,981,1032
426003,965,1033
426004,949,1036
426005,938,1038
426006,928,1039
426007,928,1039
426008,945,1044
426009,956,1044
426010,943,1044
426011,927,1043
426012,937,1043
426013,942,1043
426014,937,1045
426015,936,1047
426016,946,1046
426017,961,1043
426018,958,1040
426019,944,1040
426020,934,1044
426021,934,1050
426022,943,1046
426023,941,1041
426024,930,1041
426025,931,1044
426026,952,1045
426027,969,1040
426028,965,1033
426029,936,1033
426030,917,1035
426031,916,1038
426032,930,1039
426033,946,1037
426034,950,1035
426035,953,1033
426036,966,1025
426037,964,1019
426038,945,1019
426039,938,1026
426040,951,1026
426041,980,1020
426042,997,1010
426043,1001,1004
426044,992,1004
426045,968,1007
426046,940,1011
426047,918,1016
426048,920,1019
426049,940,1017
426050,961,1014
426051,974,1013
426052,977,1009
426053,975,1006
426054,981,1004
426055,995,1001
426056,1003,999
426057,977,1001
426058,951,1009
426059,953,1012
426060,956,1007
426061,959,1006
426062,971,1008
426063,987,1010
426064,994,1008
426065,983,1004
426066,987,1004
426067,1004,1005
426068,1018,1006
426069,1001,1006
426070,967,1010
426071,952,1013
426072,966,1014
426073,977,1014
426074,982,1014
426075,978,1021
426076,988,1026
426077,1009,1026
426078,1021,1023
426079,1003,1016
426080,968,1019
426081,953,1029
426082,957,1036
426083,960,1035
426084,961,1034
426085,970,1034
426086,1000,1037
426087,1030,1034
426088,1018,1026
426089,971,1029
426090,943,1034
426091,944,1044
426092,950,1050
426093,947,1049
426094,954,1053
426095,965,1048
426096,973,1044
426097,978,1039
426098,984,1039
426099,993,1042
426100,995,1039
426101,978,1038
426102,963,1039
426103,963,1040
426104,963,1040
426105,953,1041
426106,946,1043
426107,954,1046
426108,961,1043
426109,962,1037
426110,964,1038
426111,966,1041
426112,977,1043
426113,996,1035
426114,1007,1027
426115,1001,1024
426116,980,1031
426117,959,1040
426118,966,1050
426119,996,1052
426120,1029,1048
426121,1037,1045
426122,1015,1047
426123,996,1052
426124,1012,1044
426125,1037,1024
426126,1059,999
426127,1076,981
426128,1086,970
426129,1090,958
426130,1114,944
426131,1149,924
426132,1172,898
426133,1171,870
426134,1179,850
426135,1202,845
426136,1225,837
426137,1233,822
426138,1242,808
426139,1250,803
426140,1255,798
426141,1238,796
426142,1216,799
426143,1211,801
426144,1210,797
426145,1192,795
426146,1162,800
426147,1143,814
426148,1127,824
426149,1105,830
426150,1082,840
426151,1080,850
426152,1086,860
426153,1064,872
426154,1020,889
426155,991,909
426156,982,928
426157,984,939
426158,1002,949
426159,1037,958
426160,1082,960
426161,1088,961
426162,1059,967
426163,1050,978
426164,1076,989
426165,1093,998
426166,1088,1003
426167,1065,1008
426168,1024,1015
426169,967,1022
426170,910,1037
426171,872,1067
426172,872,1089
426173,888,1099
426174,902,1093
426175,924,1089
426176,943,1091
426177,940,1090
426178,928,1096
426179,901,1097
426180,864,1100
426181,838,1107
426182,851,1117
426183,900,1121
426184,963,1113
426185,978,1101
426186,917,1091
426187,846,1102
426188,825,1118
426189,835,1129
426190,847,1130
426191,866,1130
426192,895,1126
426193,905,1120
426194,887,1122
426195,874,1128
426196,865,1136
426197,848,1139
426198,835,1139
426199,839,1143
426200,875,1145
426201,917,1148
426202,942,1141
426203,917,1133
426204,863,1135
426205,805,1146
426206,769,1166
426207,790,1183
426208,828,1187
426209,857,1176
426210,866,1169
426211,863,1170
426212,863,1170
426213,862,1172
426214,857,1173
426215,864,1174
426216,867,1174
426217,854,1177
426218,844,1184
426219,864,1190
426220,905,1186
426221,918,1177
426222,885,1175
426223,834,1183
426224,816,1198
426225,831,1204
426226,858,1199
426227,885,1195
426228,911,1186
426229,926,1181
426230,918,1176
426231,880,1179
426232,851,1186
426233,862,1189
426234,889,1178
426235,910,1172
426236,925,1164
426237,944,1159
426238,966,1151
426239,968,1138
426240,941,1129
426241,913,1129
426242,918,1131
426243,945,1128
426244,967,1118
426245,968,1107
426246,954,1100
426247,938,1099
426248,927,1100
426249,926,1098
426250,931,1095
426251,941,1086
426252,942,1078
426253,935,1074
426254,931,1076
426255,938,1077
426256,955,1073
426257,975,1063
426258,994,1053
426259,1004,1046
426260,991,1042
426261,945,1044
426262,895,1055
426263,877,1065
426264,903,1063
426265,937,1059
426266,963,1056
426267,978,1049
426268,968,1046
426269,942,1043
426270,930,1044
426271,933,1049
426272,943,1052
426273,951,1050
426274,952,1050
426275,949,1048
426276,945,1049
426277,950,1048
426278,955,1045
426279,965,1044
426280,964,1045
426281,961,1047
426282,956,1045
426283,958,1044
426284,960,1046
426285,963,1044
426286,967,1044
426287,973,1042
426288,977,1038
426289,974,1035
426290,969,1032
426291,964,1037
426292,955,1039
426293,947,1039
426294,956,1036
426295,973,1031
426296,973,1029
426297,971,1034
426298,961,1035
426299,949,1037
426300,950,1032
426301,962,1034
426302,969,1032
426303,961,1036
426304,968,1037
426305,984,1039
426306,998,1030
426307,983,1025
426308,958,1026
426309,944,1037
426310,940,1044
426311,940,1041
426312,941,1039
426313,945,1036
426314,948,1036
426315,942,1036
426316,946,1042
426317,958,1040
426318,972,1037
426319,974,1032
426320,981,1031
426321,983,1031
426322,974,1030
426323,946,1033
426324,918,1036
426325,927,1045
426326,967,1047
426327,1006,1040
426328,1012,1032
426329,970,1024
426330,923,1029
426331,916,1041
426332,950,1048
426333,1001,1043
426334,1022,1034
426335,993,1027
426336,943,1031
426337,916,1039
426338,919,1045
426339,947,1050
426340,980,1045
426341,1004,1035
426342,1006,1028
426343,971,1027
426344,948,1035
426345,949,1044
426346,957,1045
426347,959,1039
426348,980,1032
426349,1002,1026
426350,991,1026
426351,936,1033
426352,897,1046
426353,904,1050
426354,937,1051
426355,966,1041
426356,972,1036
426357,966,1036
426358,964,1037
426359,976,1036
426360,982,1031
426361,975,1027
426362,951,1030
426363,936,1034
426364,936,1037
426365,946,1037
426366,958,1034
426367,979,1030
426368,1011,1026
426369,1018,1020
426370,989,1016
426371,941,1022
426372,920,1032
426373,932,1037
426374,951,1035
426375,952,1033
426376,950,1035
426377,959,1036
426378,972,1030
426379,988,1024
426380,999,1026
426381,999,1027
426382,979,1027
426383,940,1027
426384,917,1033
426385,928,1040
426386,966,1040
426387,996,1038
426388,992,1029
426389,954,1028
426390,934,1030
426391,940,1035
426392,962,1036
426393,979,1033
426394,991,1029
426395,982,1026
426396,951,1023
426397,938,1031
426398,955,1040
426399,968,1037
426400,968,1030
426401,953,1029
426402,943,1030
426403,950,1033
426404,972,1032
426405,993,1031
426406,992,1027
426407,976,1023
426408,965,1026
426409,961,1028
426410,952,1028
426411,945,1034
426412,947,1035
426413,954,1033
426414,954,1032
426415,966,1030
426416,993,1030
426417,1007,1026
426418,986,1025
426419,928,1028
426420,899,1039
426421,913,1043
426422,945,1042
426423,963,1043
426424,973,1039
426425,970,1035
426426,967,1030
426427,962,1031
426428,960,1032
426429,964,1039
426430,969,1038
426431,972,1035
426432,972,1030
426433,971,1029
426434,971,1030
426435,976,1032
426436,976,1030
426437,976,1031
426438,987,1026
426439,992,1023
426440,982,1023
426441,966,1025
426442,948,1026
426443,944,1028
426444,955,1029
426445,974,1026
426446,988,1025
426447,992,1023
426448,999,1022
426449,1000,1021
426450,990,1016
426451,971,1018
426452,964,1022
426453,969,1028
426454,969,1024
426455,949,1024
426456,929,1025
426457,926,1033
426458,947,1033
426459,974,1031
426460,988,1026
426461,984,1024
426462,971,1020
426463,967,1026
426464,975,1028
426465,986,1028
426466,985,1026
426467,975,1025
426468,966,1021
426469,962,1022
426470,968,1027
426471,982,1031
426472,1005,1031
426473,1005,1022
426474,975,1016
426475,945,1022
426476,947,1029
426477,961,1033
426478,960,1032
426479,965,1031
426480,988,1027
426481,1006,1022
426482,1003,1021
426483,976,1027
426484,957,1032
426485,954,1034
426486,963,1035
426487,972,1032
426488,985,1029
426489,1002,1026
426490,1006,1019
426491,982,1015
426492,957,1014
426493,953,1020
426494,970,1020
426495,1001,1021
426496,1037,1016
426497,1065,1008
426498,1080,994
426499,1101,983
426500,1150,980
426501,1213,981
426502,1264,982
426503,1293,994
426504,1310,1008
426505,1301,1022
426506,1262,1027
426507,1200,1035
426508,1135,1042
426509,1082,1052
426510,1042,1054
426511,1003,1056
426512,977,1062
426513,964,1057
426514,959,1051
426515,956,1039
426516,954,1034
426517,955,1033
426518,960,1033
426519,963,1035
426520,970,1031
426521,983,1029
426522,990,1022
426523,977,1019
426524,949,1025
426525,942,1028
426526,955,1029
426527,962,1027
426528,954,1022
426529,944,1026
426530,951,1028
426531,971,1033
426532,988,1026
426533,983,1022
426534,958,1021
426535,935,1026
426536,925,1032
426537,931,1035
426538,943,1032
426539,951,1030
426540,957,1025
426541,967,1026
426542,977,1022
426543,978,1025
426544,970,1025
426545,957,1025
426546,944,1025
426547,933,1028
426548,935,1034
426549,947,1035
426550,953,1035
426551,940,1032
426552,931,1029
426553,932,1032
426554,944,1032
426555,960,1036
426556,969,1031
426557,970,1026
426558,957,1022
426559,946,1022
426560,940,1026
426561,941,1030
426562,949,1028
426563,955,1026
426564,961,1020
426565,963,1020
426566,973,1020
426567,983,1022
426568,971,1020
426569,957,1016
426570,947,1016
426571,950,1018
426572,958,1019
426573,962,1015
426574,970,1016
426575,974,1013
426576,968,1009
426577,954,1009
426578,949,1011
426579,956,1015
426580,973,1012
426581,979,1008
426582,981,1001
426583,974,1001
426584,970,1003
426585,967,1006
426586,970,1004
426587,978,1001
426588,978,997
426589,979,996
426590,976,997
426591,976,1001
426592,984,999
426593,988,995
426594,985,991
426595,985,993
426596,988,999
426597,993,1000
426598,995,999
426599,994,997
426600,997,992
426601,1001,995
426602,1002,996
426603,997,999
426604,989,999
426605,988,998
426606,995,995
426607,1001,998
426608,1002,996
426609,996,1000
426610,995,1002
426611,1001,1001
426612,1006,1001
426613,1009,999
426614,1014,1002
426615,1016,1006
426616,1016,1008
426617,1004,1006
426618,991,1005
426619,980,1009
426620,980,1016
426621,986,1023
426622,993,1022
426623,994,1020
426624,1001,1019
426625,1006,1020
426626,1002,1021
426627,992,1022
426628,980,1025
426629,968,1029
426630,969,1030
426631,972,1030
426632,973,1031
426633,980,1035
426634,985,1034
426635,987,1033
426636,985,1031
426637,987,1032
426638,994,1032
426639,1000,1036
426640,1004,1032
426641,988,1030
426642,974,1031
426643,968,1033
426644,973,1035
426645,981,1040
426646,984,1039
426647,977,1036
426648,976,1036
426649,981,1034
426650,984,1038
426651,989,1039
426652,992,1040
426653,993,1036
426654,983,1031
426655,979,1032
426656,980,1034
426657,986,1036
426658,996,1036
426659,1002,1033
426660,1007,1030
426661,1009,1028
426662,1002,1028
426663,987,1032
426664,970,1030
426665,960,1030
426666,958,1027
426667,965,1030
426668,969,1030
426669,981,1032
426670,991,1028
426671,995,1023
426672,982,1023
426673,965,1024
426674,966,1027
426675,971,1032
426676,981,1029
426677,984,1028
426678,981,1025
426679,984,1024
426680,984,1029
426681,989,1030
426682,991,1028
426683,987,1028
426684,987,1027
426685,984,1025
426686,985,1027
426687,987,1031
426688,993,1030
426689,997,1028
426690,1000,1024
426691,997,1026
426692,991,1025
426693,986,1030
426694,985,1034
426695,982,1035
426696,981,1033
426697,988,1033
426698,996,1035
426699,1005,1036
426700,1018,1034
426701,1016,1030
426702,999,1027
426703,978,1030
426704,963,1036
426705,960,1039
426706,968,1042
426707,978,1038
426708,978,1033
426709,978,1033
426710,985,1031
426711,986,1035
426712,990,1038
426713,988,1036
426714,985,1033
426715,982,1028
426716,983,1032
426717,985,1034
426718,989,1036
426719,981,1029
426720,980,1028
426721,979,1029
426722,979,1031
426723,977,1034
426724,984,1034
426725,984,1032
426726,981,1029
426727,975,1027
426728,977,1032
426729,982,1034
426730,988,1036
426731,990,1031
426732,986,1032
426733,978,1033
426734,976,1039
426735,981,1040
426736,989,1039
426737,991,1036
426738,982,1033
426739,976,1033
426740,981,1038
426741,986,1043
426742,990,1040
426743,986,1041
426744,989,1038
426745,988,1037
426746,991,1039
426747,995,1041
426748,995,1042
426749,988,1040
426750,984,1040
426751,990,1042
426752,997,1045
426753,1002,1041
426754,1004,1039
426755,997,1035
426756,986,1033
426757,975,1034
426758,970,1040
426759,974,1044
426760,982,1042
426761,979,1041
426762,982,1036
426763,982,1036
426764,983,1036
426765,987,1038
426766,989,1039
426767,992,1036
426768,992,1032
426769,989,1034
426770,989,1033
426771,987,1038
426772,983,1039
426773,983,1040
426774,983,1037
426775,987,1036
426776,988,1040
426777,987,1040
426778,990,1039
426779,989,1037
426780,988,1036
426781,988,1039
426782,989,1039
426783,994,1042
426784,996,1042
426785,996,1039
426786,994,1036
426787,991,1036
426788,997,1036
426789,1001,1039
426790,1003,1038
426791,1000,1034
426792,996,1032
426793,995,1034
426794,995,1037
426795,999,1034
426796,1000,1035
426797,1004,1034
426798,1006,1033
426799,1005,1032
426800,999,1035
426801,993,1040
426802,996,1041
426803,997,1041
426804,999,1041
426805,1003,1039
426806,1009,1041
426807,1011,1044
426808,1010,1044
426809,999,1042
426810,991,1040
426811,989,1040
426812,999,1044
426813,1003,1047
426814,1008,1045
426815,1004,1042
426816,1001,1039
426817,997,1036
426818,995,1038
426819,1001,1036
426820,1014,1030
426821,1023,1026
426822,1031,1023
426823,1047,1022
426824,1070,1021
426825,1095,1020
426826,1129,1010
426827,1164,995
426828,1198,986
426829,1236,986
426830,1279,994
426831,1318,1009
426832,1337,1027
426833,1334,1045
426834,1299,1050
426835,1246,1051
426836,1191,1060
426837,1136,1069
426838,1076,1078
426839,1024,1078
426840,993,1074
426841,983,1071
426842,989,1063
426843,995,1058
426844,1002,1048
426845,1007,1039
426846,1008,1034
426847,1003,1033
426848,999,1035
426849,1001,1039
426850,1000,1036
426851,999,1036
426852,991,1033
426853,991,1037
426854,992,1039
426855,991,1042
426856,994,1045
426857,994,1041
426858,991,1038
426859,986,1037
426860,982,1042
426861,984,1044
426862,988,1044
426863,990,1042
426864,988,1039
426865,984,1041
426866,983,1042
426867,986,1045
426868,989,1041
426869,989,1040
426870,986,1038
426871,981,1037
426872,985,1042
426873,985,1043
426874,989,1042
426875,987,1041
426876,988,1036
426877,984,1038
426878,988,1038
426879,990,1037
426880,992,1041
426881,991,1039
426882,989,1033
426883,989,1034
426884,990,1036
426885,990,1039
426886,993,1038
426887,992,1036
426888,989,1034
426889,987,1031
426890,990,1033
426891,992,1035
426892,991,1035
426893,992,1037
426894,990,1035
426895,993,1035
426896,994,1035
426897,999,1036
426898,1002,1036
426899,1000,1035
426900,1000,1031
426901,1000,1032
426902,999,1033
426903,1003,1036
426904,1002,1035
426905,999,1037
426906,997,1032
426907,997,1034
426908,1001,1033
426909,1007,1034
426910,1008,1030
426911,1007,1027
426912,1006,1023
426913,1005,1022
426914,1007,1022
426915,1011,1024
426916,1013,1023
426917,1014,1020
426918,1011,1016
426919,1009,1017
426920,1011,1016
426921,1013,1016
426922,1015,1015
426923,1014,1012
426924,1013,1007
426925,1013,1008
426926,1012,1011
426927,1013,1010
426928,1018,1012
426929,1018,1010
426930,1018,1007
426931,1014,1008
426932,1017,1007
426933,1018,1009
426934,1023,1009
426935,1022,1006
426936,1021,1003
426937,1019,1006
426938,1021,1006
426939,1025,1011
426940,1032,1010
426941,1033,1008
426942,1028,1008
426943,1027,1014
426944,1027,1016
426945,1031,1021
426946,1031,1022
426947,1031,1022
426948,1030,1019
426949,1028,1022
426950,1028,1027
426951,1030,1030
426952,1030,1030
426953,1024,1030
426954,1020,1032
426955,1015,1032
426956,1017,1038
426957,1014,1042
426958,1016,1042
426959,1015,1044
426960,1012,1041
426961,1010,1045
426962,1007,1043
426963,1009,1047
426964,1009,1049
426965,1006,1049
426966,1005,1047
426967,1003,1047
426968,1003,1049
426969,1003,1050
426970,1007,1050
426971,1003,1052
426972,1002,1047
426973,998,1046
426974,999,1048
426975,1003,1048
426976,1001,1044
426977,999,1043
426978,998,1040
426979,997,1041
426980,999,1046
426981,1004,1047
426982,1009,1046
426983,1005,1045
426984,1009,1043
426985,1006,1042
426986,1008,1046
426987,1010,1050
426988,1014,1044
426989,1016,1042
426990,1013,1039
426991,1014,1040
426992,1014,1044
426993,1020,1044
426994,1020,1046
426995,1021,1043
426996,1019,1043
426997,1019,1044
426998,1021,1047
426999,1025,1050
427000,1026,1050
427001,1022,1046
427002,1018,1044
427003,1014,1045
427004,1014,1047
427005,1019,1048
427006,1021,1046
427007,1019,1044
427008,1019,1042
427009,1016,1041
427010,1017,1042
427011,1020,1045
427012,1024,1045
427013,1021,1040
427014,1019,1039
427015,1012,1040
427016,1014,1044
427017,1017,1045
427018,1020,1044
427019,1020,1041
427020,1017,1042
427021,1014,1045
427022,1016,1045
427023,1020,1047
427024,1023,1045
427025,1021,1044
427026,1015,1043
427027,1018,1045
427028,1019,1046
427029,1021,1047
427030,1022,1047
427031,1016,1044
427032,1015,1042
427033,1013,1042
427034,1017,1046
427035,1018,1048
427036,1020,1047
427037,1023,1044
427038,1019,1042
427039,1017,1037
427040,1020,1043
427041,1024,1044
427042,1025,1042
427043,1025,1042
427044,1021,1039
427045,1023,1038
427046,1022,1042
427047,1020,1045
427048,1022,1043
427049,1021,1043
427050,1020,1040
427051,1017,1043
427052,1019,1048
427053,1022,1046
427054,1024,1044
427055,1024,1044
427056,1020,1042
427057,1017,1043
427058,1015,1044
427059,1017,1048
427060,1018,1045
427061,1012,1041
427062,1007,1038
427063,1010,1037
427064,1011,1034
427065,1023,1037
427066,1032,1035
427067,1033,1030
427068,1040,1024
427069,1056,1024
427070,1079,1023
427071,1110,1019
427072,1147,1006
427073,1190,999
427074,1231,997
427075,1268,1004
427076,1306,1021
427077,1328,1046
427078,1315,1061
427079,1274,1060
427080,1208,1057
427081,1143,1067
427082,1077,1081
427083,1016,1095
427084,971,1096
427085,953,1096
427086,959,1086
427087,975,1073
427088,990,1064
427089,999,1059
427090,1004,1051
427091,1004,1044
427092,995,1041
427093,990,1043
427094,991,1047
427095,993,1048
427096,992,1049
427097,992,1046
427098,986,1043
427099,987,1045
427100,985,1046
427101,984,1049
427102,985,1047
427103,983,1044
427104,977,1040
427105,974,1042
427106,977,1045
427107,974,1047
427108,978,1047
427109,975,1044
427110,975,1043
427111,971,1045
427112,972,1046
427113,977,1049
427114,977,1044
427115,976,1041
427116,974,1040
427117,974,1040
427118,976,1043
427119,978,1045
427120,981,1042
427121,980,1041
427122,980,1038
427123,979,1037
427124,979,1039
427125,984,1041
427126,991,1040
427127,990,1036
427128,987,1032
427129,984,1032
427130,987,1034
427131,990,1035
427132,992,1033
427133,993,1032
427134,992,1026
427135,991,1026
427136,993,1028
427137,996,1030
427138,999,1026
427139,999,1023
427140,997,1021
427141,997,1022
427142,999,1024
427143,1003,1026
427144,1007,1022
427145,1009,1018
427146,1008,1014
427147,1006,1014
427148,1009,1014
427149,1015,1018
427150,1018,1013
427151,1019,1010
427152,1021,1009
427153,1021,1006
427154,1026,1005
427155,1033,1005
427156,1037,1002
427157,1036,999
427158,1035,994
427159,1034,993
427160,1034,996
427161,1035,997
427162,1038,994
427163,1039,993
427164,1036,989
427165,1035,991
427166,1035,993
427167,1034,996
427168,1038,996
427169,1036,993
427170,1035,988
427171,1032,989
427172,1031,991
427173,1034,995
427174,1038,995
427175,1039,997
427176,1036,994
427177,1034,998
427178,1036,1003
427179,1039,1005
427180,1037,1008
427181,1034,1007
427182,1033,1008
427183,1031,1012
427184,1030,1014
427185,1028,1021
427186,1030,1020
427187,1030,1022
427188,1026,1022
427189,1022,1026
427190,1024,1032
427191,1021,1035
427192,1019,1038
427193,1016,1036
427194,1017,1036
427195,1015,1039
427196,1017,1041
427197,1015,1046
427198,1016,1047
427199,1014,1045
427200,1014,1044
427201,1009,1046
427202,1008,1049
427203,1010,1054
427204,1013,1050
427205,1016,1047
427206,1015,1046
427207,1013,1048
427208,1014,1047
427209,1011,1052
427210,1014,1049
427211,1011,1047
427212,1007,1045
427213,1005,1045
427214,1006,1049
427215,1013,1050
427216,1016,1050
427217,1017,1048
427218,1014,1041
427219,1011,1042
427220,1012,1045
427221,1012,1047
427222,1017,1046
427223,1014,1042
427224,1014,1038
427225,1010,1040
427226,1013,1041
427227,1014,1047
427228,1017,1045
427229,1015,1042
427230,1011,1041
427231,1009,1042
427232,1009,1044
427233,1011,1047
427234,1013,1046
427235,1013,1045
427236,1008,1043
427237,1008,1046
427238,1009,1047
427239,1013,1052
427240,1014,1050
427241,1013,1050
427242,1011,1047
427243,1013,1049
427244,1012,1050
427245,1016,1051
427246,1016,1051
427247,1019,1048
427248,1015,1049
427249,1014,1047
427250,1012,1053
427251,1015,1053
427252,1015,1054
427253,1015,1051
427254,1015,1049
427255,1014,1049
427256,1013,1051
427257,1018,1053
427258,1018,1051
427259,1015,1047
427260,1012,1044
427261,1011,1044
427262,1013,1045
427263,1015,1048
427264,1021,1042
427265,1019,1040
427266,1018,1040
427267,1014,1040
427268,1015,1043
427269,1015,1043
427270,1017,1042
427271,1013,1043
427272,1013,1041
427273,1009,1041
427274,1010,1043
427275,1013,1042
427276,1016,1042
427277,1016,1042
427278,1011,1039
427279,1008,1041
427280,1008,1045
427281,1010,1048
427282,1010,1046
427283,1007,1048
427284,1007,1043
427285,1002,1046
427286,1005,1048
427287,1008,1051
427288,1009,1052
427289,1009,1050
427290,1003,1046
427291,1003,1046
427292,1003,1049
427293,1010,1049
427294,1011,1045
427295,1014,1043
427296,1014,1037
427297,1023,1036
427298,1033,1036
427299,1047,1036
427300,1066,1034
427301,1085,1029
427302,1114,1021
427303,1149,1010
427304,1195,1002
427305,1239,1003
427306,1286,1009
427307,1326,1026
427308,1342,1042
427309,1329,1055
427310,1292,1058
427311,1235,1061
427312,1170,1069
427313,1100,1080
427314,1035,1087
427315,983,1095
427316,962,1100
427317,971,1097
427318,988,1086
427319,997,1071
427320,1001,1062
427321,1001,1055
427322,1003,1052
427323,1005,1054
427324,1008,1053
427325,1005,1050
427326,1000,1049
427327,996,1051
427328,995,1053
427329,995,1055
427330,995,1054
427331,993,1050
427332,987,1048
427333,987,1050
427334,985,1050
427335,987,1054
427336,990,1054
427337,989,1048
427338,987,1045
427339,982,1047
427340,982,1049
427341,985,1050
427342,988,1047
427343,984,1045
427344,982,1042
427345,979,1041
427346,982,1045
427347,986,1049
427348,989,1049
427349,989,1047
427350,985,1045
427351,982,1046
427352,983,1046
427353,984,1048
427354,986,1051
427355,985,1047
427356,983,1047
427357,983,1045
427358,982,1047
427359,984,1050
427360,987,1050
427361,985,1045
427362,984,1042
427363,982,1044
427364,985,1043
427365,989,1044
427366,992,1043
427367,991,1040
427368,991,1037
427369,989,1039
427370,996,1040
427371,997,1041
427372,1001,1039
427373,1003,1038
427374,1000,1031
427375,998,1033
427376,1001,1034
427377,1004,1035
427378,1006,1032
427379,1005,1028
427380,1001,1026
427381,1003,1025
427382,1000,1026
427383,1008,1025
427384,1012,1025
427385,1011,1022
427386,1009,1017
427387,1011,1016
427388,1015,1017
427389,1016,1018
427390,1015,1018
427391,1015,1011
427392,1013,1010
427393,1010,1007
427394,1013,1012
427395,1016,1012
427396,1020,1013
427397,1019,1009
427398,1018,1008
427399,1017,1007
427400,1016,1009
427401,1020,1013
427402,1024,1013
427403,1023,1009
427404,1022,1008
427405,1022,1008
427406,1024,1016
427407,1028,1018
427408,1031,1016
427409,1030,1017
427410,1025,1017
427411,1024,1018
427412,1027,1023
427413,1025,1028
427414,1024,1029
427415,1025,1025
427416,1023,1027
427417,1023,1028
427418,1021,1031
427419,1025,1037
427420,1027,1038
427421,1020,1037
427422,1018,1036
427423,1013,1039
427424,1012,1041
427425,1013,1045
427426,1013,1044
427427,1012,1045
427428,1008,1043
427429,1007,1046
427430,1008,1052
427431,1008,1056
427432,1008,1058
427433,1003,1056
427434,1001,1051
427435,1000,1053
427436,997,1055
427437,1001,1058
427438,1003,1058
427439,1001,1054
427440,997,1053
427441,996,1054
427442,996,1058
427443,998,1063
427444,1000,1062
427445,996,1061
427446,996,1056
427447,992,1059
427448,997,1061
427449,1001,1064
427450,1002,1063
427451,1001,1059
427452,996,1058
427453,996,1055
427454,997,1056
427455,1002,1059
427456,1004,1058
427457,1006,1052
427458,1000,1052
427459,1001,1052
427460,1002,1054
427461,1003,1053
427462,1008,1053
427463,1004,1050
427464,1004,1049
427465,1002,1048
427466,1001,1052
427467,1007,1053
427468,1007,1054
427469,1008,1049
427470,1005,1048
427471,1003,1046
427472,1004,1051
427473,1007,1052
427474,1009,1049
427475,1009,1047
427476,1007,1048
427477,1005,1049
427478,1004,1050
427479,1009,1054
427480,1008,1053
427481,1006,1049
427482,1004,1048
427483,999,1049
427484,1004,1050
427485,1008,1053
427486,1008,1056
427487,1009,1051
427488,1004,1051
427489,1002,1050
427490,1002,1054
427491,1003,1057
427492,1002,1057
427493,998,1056
427494,998,1054
427495,997,1055
427496,996,1059
427497,997,1061
427498,1002,1059
427499,1002,1057
427500,1000,1055
427501,997,1054
427502,999,1054
427503,1002,1055
427504,1002,1054
427505,1000,1051
427506,998,1050
427507,998,1051
427508,999,1054
427509,1000,1054
427510,1003,1057
427511,1003,1050
427512,997,1050
427513,996,1050
427514,998,1052
427515,1000,1058
427516,1002,1054
427517,1000,1052
427518,995,1049
427519,995,1052
427520,995,1051
427521,996,1055
427522,995,1056
427523,996,1053
427524,992,1052
427525,991,1052
427526,996,1053
427527,999,1058
427528,1001,1058
427529,997,1055
427530,994,1052
427531,993,1054
427532,996,1056
427533,999,1058
427534,999,1058
427535,1000,1055
427536,1000,1051
427537,998,1051
427538,1000,1051
427539,1001,1056
427540,1000,1056
427541,1001,1054
427542,1000,1055
427543,999,1055
427544,1002,1058
427545,1005,1061
427546,1007,1057
427547,1004,1054
427548,1002,1051
427549,999,1049
427550,1004,1048
427551,1012,1047
427552,1025,1045
427553,1040,1039
427554,1060,1036
427555,1086,1031
427556,1124,1023
427557,1165,1016
427558,1209,1006
427559,1252,1001
427560,1287,1002
427561,1316,1024
427562,1323,1045
427563,1299,1056
427564,1248,1061
427565,1177,1066
427566,1103,1076
427567,1031,1090
427568,978,1100
427569,951,1106
427570,960,1098
427571,974,1083
427572,990,1070
427573,996,1061
427574,992,1060
427575,993,1058
427576,992,1058
427577,989,1054
427578,982,1053
427579,982,1054
427580,982,1056
427581,982,1057
427582,983,1056
427583,983,1054
427584,981,1052
427585,979,1053
427586,978,1055
427587,980,1056
427588,981,1055
427589,979,1050
427590,977,1050
427591,979,1049
427592,978,1050
427593,981,1052
427594,982,1055
427595,981,1050
427596,976,1048
427597,974,1054
427598,975,1054
427599,979,1060
427600,979,1060
427601,977,1054
427602,975,1052
427603,975,1055
427604,973,1056
427605,974,1059
427606,974,1058
427607,972,1055
427608,973,1054
427609,970,1054
427610,974,1056
427611,977,1058
427612,980,1059
427613,976,1056
427614,976,1052
427615,974,1051
427616,975,1054
427617,978,1055
427618,980,1052
427619,978,1051
427620,981,1046
427621,981,1046
427622,985,1048
427623,987,1050
427624,990,1049
427625,988,1044
427626,988,1040
427627,988,1042
427628,992,1040
427629,994,1043
427630,998,1041
427631,1000,1036
427632,997,1029
427633,998,1030
427634,996,1030
427635,1000,1032
427636,1003,1029
427637,1002,1027
427638,1002,1023
427639,1001,1022
427640,1003,1025
427641,1001,1023
427642,1005,1022
427643,1008,1020
427644,1005,1014
427645,1004,1014
427646,1006,1016
427647,1011,1021
427648,1009,1020
427649,1011,1019
427650,1009,1016
427651,1009,1020
427652,1013,1023
427653,1017,1025
427654,1017,1023
427655,1017,1024
427656,1018,1021
427657,1018,1025
427658,1021,1029
427659,1021,1032
427660,1022,1032
427661,1019,1033
427662,1017,1031
427663,1015,1035
427664,1014,1039
427665,1015,1043
427666,1015,1044
427667,1013,1043
427668,1008,1043
427669,1004,1046
427670,1004,1052
427671,1002,1053
427672,1000,1054
427673,998,1053
427674,992,1051
427675,991,1054
427676,995,1057
427677,995,1058
427678,998,1058
427679,996,1055
427680,995,1055
427681,995,1053
427682,992,1056
427683,997,1061
427684,999,1060
427685,998,1056
427686,997,1053
427687,996,1053
427688,996,1056
427689,999,1057
427690,1001,1059
427691,1002,1057
427692,1002,1055
427693,1006,1055
427694,1013,1058
427695,1018,1063
427696,1024,1061
427697,1029,1060
427698,1029,1060
427699,1031,1063
427700,1042,1063
427701,1058,1057
427702,1073,1042
427703,1084,1022
427704,1095,1006
427705,1107,994
427706,1123,983
427707,1143,974
427708,1159,958
427709,1174,937
427710,1187,915
427711,1202,893
427712,1220,876
427713,1243,862
427714,1259,849
427715,1267,837
427716,1267,831
427717,1263,831
427718,1260,834
427719,1258,834
427720,1253,830
427721,1243,829
427722,1225,825
427723,1204,826
427724,1184,833
427725,1159,842
427726,1133,850
427727,1104,860
427728,1078,872
427729,1052,887
427730,1041,903
427731,1034,921
427732,1034,935
427733,1032,949
427734,1029,960
427735,1022,970
427736,1024,980
427737,1031,996
427738,1048,1003
427739,1070,1009
427740,1089,1012
427741,1098,1016
427742,1092,1021
427743,1066,1034
427744,1026,1041
427745,982,1052
427746,952,1063
427747,937,1076
427748,931,1093
427749,934,1105
427750,933,1107
427751,927,1106
427752,921,1107
427753,914,1112
427754,911,1116
427755,911,1121
427756,909,1119
427757,906,1120
427758,901,1117
427759,899,1121
427760,900,1123
427761,902,1128
427762,900,1129
427763,896,1126
427764,895,1125
427765,889,1129
427766,886,1132
427767,890,1136
427768,892,1138
427769,892,1137
427770,888,1137
427771,883,1139
427772,887,1146
427773,888,1150
427774,890,1150
427775,886,1150
427776,882,1148
427777,881,1153
427778,883,1159
427779,883,1162
427780,886,1165
427781,886,1165
427782,884,1165
427783,881,1169
427784,883,1175
427785,885,1181
427786,885,1184
427787,884,1182
427788,886,1185
427789,887,1188
427790,888,1194
427791,890,1200
427792,893,1199
427793,894,1198
427794,893,1198
427795,894,1198
427796,895,1204
427797,899,1207
427798,902,1205
427799,904,1206
427800,905,1202
427801,905,1203
427802,909,1205
427803,915,1207
427804,918,1202
427805,922,1198
427806,921,1192
427807,923,1190
427808,926,1188
427809,934,1187
427810,943,1182
427811,944,1175
427812,947,1166
427813,950,1162
427814,955,1160
427815,962,1157
427816,962,1150
427817,965,1143
427818,965,1134
427819,967,1130
427820,971,1131
427821,975,1127
427822,977,1120
427823,976,1115
427824,975,1110
427825,973,1103
427826,974,1103
427827,977,1102
427828,981,1096
427829,978,1091
427830,975,1085
427831,975,1083
427832,976,1082
427833,979,1080
427834,982,1077
427835,980,1075
427836,980,1072
427837,977,1069
427838,978,1071
427839,980,1071
427840,986,1069
427841,983,1066
427842,982,1061
427843,980,1063
427844,981,1062
427845,983,1065
427846,987,1062
427847,985,1059
427848,982,1056
427849,983,1056
427850,983,1058
427851,985,1060
427852,988,1059
427853,987,1055
427854,979,1055
427855,980,1056
427856,984,1057
427857,982,1058
427858,983,1057
427859,983,1052
427860,983,1051
427861,981,1050
427862,981,1055
427863,983,1056
427864,986,1053
427865,984,1053
427866,981,1049
427867,984,1052
427868,985,1054
427869,987,1057
427870,985,1053
427871,984,1051
427872,982,1048
427873,981,1051
427874,985,1053
427875,985,1055
427876,988,1054
427877,986,1050
427878,983,1048
427879,984,1050
427880,986,1054
427881,989,1057
427882,991,1055
427883,988,1053
427884,987,1051
427885,988,1052
427886,988,1053
427887,990,1057
427888,995,1057
427889,990,1055
427890,989,1054
427891,990,1055
427892,991,1055
427893,996,1058
427894,997,1054
427895,995,1055
427896,992,1050
427897,990,1051
427898,990,1054
427899,991,1057
427900,990,1054
427901,988,1054
427902,985,1051
427903,984,1050
427904,985,1050
427905,989,1052
427906,990,1051
427907,988,1047
427908,987,1047
427909,984,1050
427910,984,1049
427911,985,1052
427912,985,1050
427913,983,1048
427914,983,1048
427915,985,1048
427916,986,1050
427917,988,1054
427918,988,1050
427919,986,1050
427920,983,1050
427921,982,1050
427922,984,1052
427923,985,1056
427924,988,1056
427925,984,1052
427926,982,1053
427927,981,1051
427928,980,1054
427929,984,1055
427930,987,1055
427931,986,1051
427932,985,1049
427933,986,1050
427934,986,1051
427935,988,1057
427936,991,1054
427937,988,1052
427938,986,1052
427939,985,1053
427940,988,1055
427941,991,1059
427942,993,1060
427943,991,1056
427944,989,1053
427945,987,1053
427946,990,1056
427947,990,1057
427948,991,1054
427949,991,1053
427950,984,1052
427951,985,1052
427952,988,1053
427953,990,1058
427954,992,1058
427955,992,1055
427956,989,1053
427957,988,1053
427958,989,1054
427959,992,1056
427960,990,1055
427961,995,1054
427962,987,1051
427963,989,1052
427964,987,1050
427965,987,1052
427966,989,1053
427967,988,1049
427968,987,1048
427969,984,1046
427970,987,1049
427971,990,1055
427972,990,1051
427973,985,1049
427974,985,1045
427975,982,1045
427976,983,1046
427977,984,1048
427978,990,1047
427979,989,1049
427980,986,1045
427981,986,1044
427982,984,1051
427983,985,1052
427984,988,1052
427985,987,1051
427986,985,1051
427987,983,1051
427988,986,1055
427989,987,1058
427990,991,1055
427991,989,1055
427992,988,1054
427993,987,1053
427994,987,1055
427995,989,1058
427996,992,1057
427997,991,1055
427998,989,1052
427999,989,1052
428000,990,1056
428001,994,1056
428002,991,1055
428003,993,1053
428004,988,1052
428005,988,1053
428006,990,1050
428007,992,1055
428008,997,1053
428009,994,1050
428010,992,1044
428011,993,1045
428012,992,1047
428013,992,1051
428014,992,1049
428015,992,1047
428016,993,1048
428017,995,1045
428018,995,1049
428019,998,1053
428020,1000,1051
428021,996,1047
428022,994,1043
428023,995,1040
428024,1000,1041
428025,1008,1040
428026,1024,1035
428027,1037,1033
428028,1057,1030
428029,1083,1025
428030,1120,1017
428031,1156,1010
428032,1198,997
428033,1235,995
428034,1268,1000
428035,1298,1020
428036,1306,1044
428037,1279,1058
428038,1227,1063
428039,1153,1070
428040,1084,1077
428041,1020,1084
428042,975,1091
428043,957,1091
428044,965,1083
428045,980,1069
428046,992,1055
428047,993,1050
428048,994,1049
428049,988,1050
428050,982,1047
428051,981,1045
428052,978,1042
428053,973,1043
428054,976,1045
428055,977,1049
428056,978,1047
428057,976,1045
428058,971,1044
428059,968,1044
428060,967,1047
428061,971,1048
428062,971,1048
428063,971,1047
428064,969,1045
428065,969,1045
428066,970,1047
428067,973,1051
428068,972,1048
428069,971,1050
428070,968,1049
428071,965,1050
428072,967,1053
428073,969,1057
428074,970,1056
428075,971,1053
428076,968,1054
428077,967,1054
428078,967,1055
428079,970,1061
428080,970,1056
428081,969,1052
428082,966,1049
428083,966,1050
428084,968,1051
428085,972,1052
428086,972,1050
428087,970,1048
428088,966,1045
428089,966,1045
428090,963,1047
428091,967,1047
428092,971,1044
428093,971,1042
428094,971,1040
428095,970,1041
428096,972,1042
428097,975,1044
428098,976,1041
428099,974,1037
428100,973,1036
428101,973,1034
428102,977,1036
428103,979,1035
428104,983,1034
428105,985,1031
428106,980,1028
428107,981,1025
428108,984,1027
428109,986,1028
428110,989,1026
428111,988,1026
428112,986,1023
428113,987,1022
428114,992,1023
428115,996,1026
428116,994,1025
428117,990,1022
428118,988,1016
428119,991,1016
428120,991,1018
428121,996,1022
428122,999,1019
428123,999,1014
428124,995,1010
428125,997,1011
428126,1001,1013
428127,1003,1014
428128,1006,1012
428129,1007,1009
428130,1005,1008
428131,1007,1008
428132,1013,1010
428133,1018,1017
428134,1021,1012
428135,1022,1010
428136,1018,1010
428137,1014,1012
428138,1017,1014
428139,1023,1019
428140,1023,1016
428141,1020,1018
428142,1018,1016
428143,1018,1017
428144,1019,1021
428145,1021,1027
428146,1020,1028
428147,1019,1029
428148,1012,1028
428149,1009,1032
428150,1009,1037
428151,1012,1041
428152,1014,1041
428153,1009,1041
428154,1005,1039
428155,999,1041
428156,998,1044
428157,999,1048
428158,1000,1049
428159,998,1046
428160,993,1046
428161,994,1049
428162,997,1051
428163,997,1053
428164,997,1051
428165,995,1047
428166,991,1046
428167,990,1045
428168,992,1050
428169,992,1054
428170,993,1052
428171,991,1046
428172,990,1045
428173,992,1045
428174,992,1049
428175,992,1052
428176,992,1049
428177,990,1047
428178,987,1044
428179,985,1043
428180,987,1044
428181,991,1048
428182,992,1048
428183,993,1041
428184,990,1039
428185,988,1039
428186,991,1042
428187,992,1045
428188,991,1043
428189,995,1044
428190,992,1038
428191,993,1039
428192,993,1040
428193,995,1043
428194,997,1044
428195,992,1042
428196,989,1039
428197,989,1037
428198,988,1041
428199,990,1043
428200,991,1042
428201,989,1039
428202,987,1040
428203,986,1042
428204,989,1044
428205,993,1045
428206,990,1043
428207,989,1040
428208,985,1037
428209,984,1040
428210,986,1043
428211,989,1046
428212,987,1045
428213,985,1041
428214,984,1040
428215,982,1042
428216,985,1044
428217,987,1049
428218,988,1045
428219,984,1043
428220,981,1042
428221,981,1043
428222,985,1048
428223,987,1049
428224,985,1047
428225,982,1045
428226,977,1042
428227,975,1043
428228,977,1044
428229,979,1048
428230,981,1044
428231,981,1041
428232,977,1041
428233,972,1043
428234,973,1045
428235,977,1049
428236,979,1048
428237,977,1045
428238,975,1045
428239,975,1046
428240,973,1046
428241,979,1049
428242,981,1050
428243,978,1045
428244,975,1045
428245,973,1045
428246,974,1047
428247,977,1049
428248,980,1049
428249,979,1048
428250,975,1045
428251,976,1045
428252,975,1049
428253,978,1053
428254,978,1051
428255,976,1047
428256,973,1046
428257,971,1050
428258,973,1051
428259,979,1053
428260,977,1054
428261,979,1050
428262,977,1049
428263,974,1049
428264,979,1051
428265,980,1055
428266,981,1055
428267,976,1051
428268,974,1046
428269,973,1048
428270,976,1049
428271,979,1050
428272,978,1047
428273,976,1045
428274,972,1042
428275,969,1042
428276,972,1048
428277,978,1049
428278,979,1049
428279,979,1047
428280,975,1046
428281,971,1047
428282,975,1050
428283,976,1053
428284,980,1049
428285,978,1048
428286,976,1046
428287,973,1050
428288,976,1051
428289,979,1051
428290,980,1051
428291,977,1050
428292,975,1047
428293,975,1049
428294,976,1051
428295,979,1052
428296,981,1051
428297,979,1050
428298,977,1049
428299,975,1045
428300,978,1050
428301,981,1051
428302,983,1052
428303,982,1047
428304,980,1044
428305,978,1045
428306,981,1048
428307,983,1049
428308,980,1047
428309,982,1047
428310,979,1044
428311,981,1040
428312,979,1044
428313,983,1047
428314,984,1043
428315,985,1042
428316,983,1039
428317,982,1042
428318,986,1045
428319,987,1047
428320,986,1049
428321,986,1044
428322,983,1045
428323,985,1047
428324,986,1051
428325,989,1052
428326,990,1051
428327,987,1049
428328,984,1046
428329,983,1045
428330,985,1047
428331,994,1046
428332,1002,1042
428333,1012,1039
428334,1026,1031
428335,1045,1030
428336,1072,1026
428337,1107,1022
428338,1150,1009
428339,1193,999
428340,1235,1001
428341,1277,1011
428342,1308,1030
428343,1316,1047
428344,1292,1058
428345,1232,1060
428346,1165,1063
428347,1095,1074
428348,1031,1086
428349,979,1092
428350,951,1091
428351,949,1084
428352,964,1073
428353,978,1064
428354,989,1058
428355,991,1055
428356,989,1050
428357,984,1046
428358,978,1046
428359,974,1047
428360,973,1049
428361,976,1052
428362,976,1050
428363,975,1048
428364,973,1046
428365,969,1047
428366,972,1051
428367,972,1054
428368,974,1051
428369,972,1049
428370,970,1048
428371,970,1048
428372,971,1054
428373,971,1059
428374,968,1058
428375,967,1053
428376,964,1053
428377,964,1052
428378,964,1055
428379,967,1059
428380,970,1057
428381,967,1055
428382,965,1052
428383,964,1055
428384,965,1058
428385,968,1058
428386,968,1056
428387,969,1054
428388,964,1052
428389,964,1051
428390,968,1049
428391,971,1051
428392,969,1049
428393,968,1045
428394,966,1042
428395,964,1042
428396,969,1044
428397,970,1045
428398,972,1044
428399,971,1040
428400,969,1038
428401,968,1039
428402,973,1042
428403,974,1043
428404,975,1042
428405,976,1039
428406,976,1034
428407,976,1034
428408,983,1036
428409,983,1038
428410,983,1034
428411,981,1034
428412,980,1029
428413,980,1030
428414,983,1031
428415,989,1033
428416,991,1030
428417,993,1026
428418,993,1024
428419,994,1025
428420,997,1025
428421,999,1027
428422,1000,1024
428423,999,1024
428424,996,1023
428425,996,1023
428426,999,1027
428427,1003,1029
428428,1004,1027
428429,1001,1023
428430,1002,1017
428431,999,1018
428432,999,1020
428433,1003,1024
428434,1005,1021
428435,1006,1020
428436,1003,1018
428437,1004,1018
428438,1008,1022
428439,1012,1024
428440,1013,1025
428441,1012,1021
428442,1011,1019
428443,1008,1024
428444,1012,1028
428445,1014,1030
428446,1016,1033
428447,1012,1032
428448,1009,1031
428449,1008,1036
428450,1006,1040
428451,1007,1044
428452,1007,1043
428453,1003,1043
428454,999,1042
428455,996,1046
428456,998,1051
428457,999,1054
428458,995,1054
428459,996,1055
428460,989,1049
428461,987,1054
428462,989,1055
428463,989,1061
428464,990,1060
428465,990,1059
428466,986,1058
428467,984,1060
428468,987,1060
428469,990,1061
428470,991,1058
428471,990,1053
428472,988,1050
428473,988,1053
428474,990,1056
428475,993,1059
428476,994,1058
428477,994,1054
428478,989,1053
428479,992,1053
428480,993,1055
428481,994,1056
428482,994,1053
428483,991,1052
428484,988,1050
428485,991,1052
428486,993,1051
428487,995,1058
428488,997,1054
428489,996,1054
428490,993,1049
428491,992,1049
428492,994,1052
428493,997,1055
428494,995,1053
428495,994,1049
428496,995,1050
428497,996,1050
428498,998,1053
428499,1000,1055
428500,1000,1053
428501,998,1051
428502,994,1047
428503,994,1048
428504,996,1051
428505,996,1056
428506,998,1052
428507,1000,1053
428508,997,1048
428509,994,1048
428510,995,1049
428511,996,1049
428512,996,1048
428513,993,1046
428514,989,1045
428515,987,1048
428516,994,1051
428517,995,1054
428518,996,1053
428519,994,1052
428520,991,1051
428521,990,1054
428522,992,1055
428523,996,1058
428524,998,1060
428525,995,1058
428526,993,1055
428527,993,1056
428528,995,1057
428529,999,1060
428530,996,1061
428531,992,1059
428532,987,1058
428533,988,1061
428534,990,1061
428535,992,1063
428536,994,1062
428537,995,1060
428538,993,1058
428539,990,1058
428540,991,1061
428541,995,1064
428542,996,1061
428543,991,1059
428544,987,1054
428545,990,1058
428546,991,1059
428547,995,1059
428548,994,1058
428549,993,1053
428550,990,1051
428551,986,1051
428552,992,1053
428553,994,1057
428554,991,1052
428555,993,1052
428556,990,1052
428557,991,1050
428558,991,1053
428559,991,1054
428560,995,1054
428561,995,1049
428562,995,1046
428563,993,1050
428564,994,1052
428565,997,1053
428566,997,1049
428567,994,1049
428568,993,1047
428569,993,1048
428570,993,1052
428571,995,1056
428572,995,1057
428573,995,1055
428574,994,1051
428575,995,1055
428576,996,1058
428577,997,1060
428578,998,1059
428579,997,1055
428580,996,1050
428581,998,1048
428582,1008,1049
428583,1023,1050
428584,1034,1046
428585,1049,1042
428586,1068,1037
428587,1102,1029
428588,1141,1026
428589,1179,1017
428590,1216,1011
428591,1252,1008
428592,1284,1013
428593,1313,1026
428594,1324,1043
428595,1308,1055
428596,1265,1061
428597,1205,1059
428598,1143,1068
428599,1074,1082
428600,1012,1094
428601,965,1102
428602,950,1101
428603,957,1094
428604,968,1082
428605,981,1074
428606,991,1066
428607,998,1065
428608,998,1062
428609,994,1055
428610,990,1053
428611,984,1054
428612,985,1056
428613,987,1058
428614,985,1056
428615,981,1055
428616,979,1055
428617,977,1052
428618,979,1054
428619,981,1058
428620,982,1058
428621,978,1057
428622,973,1055
428623,969,1059
428624,972,1060
428625,975,1061
428626,976,1061
428627,975,1059
428628,972,1058
428629,972,1059
428630,972,1061
428631,976,1066
428632,976,1064
428633,973,1061
428634,967,1059
428635,967,1060
428636,969,1065
428637,972,1066
428638,975,1064
428639,973,1062
428640,969,1056
428641,968,1056
428642,967,1058
428643,972,1062
428644,972,1058
428645,971,1054
428646,971,1052
428647,971,1052
428648,969,1052
428649,978,1055
428650,978,1052
428651,976,1049
428652,974,1047
428653,975,1046
428654,977,1050
428655,982,1051
428656,981,1047
428657,982,1044
428658,981,1041
428659,981,1041
428660,985,1041
428661,986,1043
428662,990,1042
428663,988,1038
428664,986,1035
428665,986,1034
428666,988,1036
428667,992,1037
428668,993,1033
428669,995,1030
428670,993,1029
428671,994,1027
428672,996,1029
428673,998,1032
428674,1000,1030
428675,999,1027
428676,1001,1023
428677,999,1026
428678,1002,1028
428679,1003,1028
428680,1005,1026
428681,1000,1023
428682,996,1019
428683,998,1021
428684,1002,1023
428685,1007,1024
428686,1005,1022
428687,1006,1020
428688,1007,1014
428689,1005,1017
428690,1008,1021
428691,1013,1023
428692,1013,1023
428693,1011,1021
428694,1009,1020
428695,1009,1021
428696,1013,1027
428697,1016,1031
428698,1012,1028
428699,1013,1031
428700,1014,1029
428701,1013,1031
428702,1014,1032
428703,1013,1039
428704,1011,1038
428705,1011,1040
428706,1006,1039
428707,1004,1043
428708,1005,1046
428709,1006,1051
428710,1005,1049
428711,1003,1051
428712,996,1049
428713,991,1051
428714,992,1055
428715,993,1057
428716,993,1056
428717,992,1056
428718,986,1055
428719,988,1059
428720,987,1062
428721,989,1064
428722,988,1063
428723,985,1058
428724,985,1057
428725,983,1060
428726,986,1062
428727,989,1062
428728,990,1064
428729,989,1060
428730,985,1057
428731,983,1058
428732,983,1060
428733,988,1064
428734,988,1062
428735,985,1057
428736,985,1055
428737,985,1059
428738,988,1062
428739,993,1062
428740,990,1060
428741,992,1056
428742,988,1054
428743,987,1057
428744,991,1057
428745,994,1060
428746,995,1057
428747,994,1055
428748,989,1053
428749,988,1054
428750,992,1056
428751,993,1058
428752,994,1059
428753,994,1052
428754,992,1051
428755,989,1052
428756,989,1055
428757,992,1056
428758,993,1057
428759,989,1052
428760,988,1048
428761,985,1049
428762,987,1055
428763,989,1057
428764,989,1055
428765,987,1053
428766,986,1052
428767,983,1057
428768,985,1058
428769,987,1059
428770,988,1058
428771,987,1056
428772,982,1054
428773,981,1058
428774,984,1062
428775,984,1063
428776,986,1062
428777,987,1059
428778,982,1057
428779,982,1056
428780,986,1059
428781,990,1062
428782,989,1059
428783,985,1058
428784,979,1054
428785,980,1055
428786,985,1059
428787,986,1060
428788,985,1056
428789,983,1056
428790,981,1052
428791,982,1055
428792,983,1058
428793,984,1058
428794,984,1059
428795,984,1056
428796,980,1054
428797,983,1056
428798,980,1058
428799,985,1061
428800,984,1057
428801,982,1057
428802,979,1054
428803,977,1054
428804,979,1059
428805,983,1060
428806,982,1058
428807,978,1054
428808,975,1053
428809,975,1053
428810,978,1057
428811,982,1061
428812,985,1057
428813,983,1058
428814,978,1056
428815,975,1056
428816,978,1062
428817,981,1066
428818,981,1061
428819,980,1062
428820,975,1059
428821,972,1061
428822,976,1064
428823,979,1064
428824,978,1065
428825,975,1062
428826,974,1061
428827,971,1060
428828,974,1064
428829,977,1066
428830,977,1064
428831,977,1060
428832,976,1057
428833,977,1057
428834,975,1059
428835,976,1058
428836,979,1057
428837,978,1057
428838,974,1054
428839,976,1055
428840,974,1054
428841,978,1058
428842,980,1055
428843,978,1052
428844,976,1047
428845,975,1047
428846,977,1050
428847,980,1055
428848,982,1052
428849,981,1048
428850,977,1048
428851,975,1049
428852,981,1052
428853,982,1055
428854,984,1054
428855,980,1051
428856,976,1049
428857,973,1050
428858,975,1054
428859,977,1056
428860,980,1054
428861,977,1052
428862,975,1049
428863,975,1053
428864,978,1057
428865,980,1061
428866,981,1059
428867,979,1059
428868,974,1057
428869,976,1058
428870,978,1062
428871,980,1068
428872,978,1063
428873,976,1060
428874,971,1060
428875,971,1061
428876,972,1063
428877,978,1065
428878,980,1065
428879,974,1064
428880,971,1059
428881,975,1062
428882,975,1063
428883,977,1066
428884,980,1063
428885,977,1059
428886,972,1058
428887,972,1057
428888,971,1059
428889,973,1060
428890,972,1057
428891,970,1053
428892,970,1050
428893,969,1052
428894,970,1051
428895,973,1054
428896,973,1054
428897,969,1051
428898,966,1047
428899,968,1052
428900,968,1051
428901,969,1055
428902,971,1052
428903,970,1050
428904,969,1048
428905,969,1050
428906,973,1049
428907,977,1052
428908,979,1052
428909,977,1050
428910,968,1049
428911,971,1051
428912,974,1054
428913,977,1057
428914,978,1056
428915,974,1054
428916,974,1054
428917,973,1054
428918,977,1056
428919,976,1056
428920,976,1057
428921,975,1053
428922,970,1052
428923,974,1054
428924,974,1058
428925,975,1057
428926,975,1057
428927,974,1054
428928,971,1053
428929,972,1053
428930,972,1057
428931,974,1058
428932,974,1057
428933,973,1054
428934,969,1053
428935,970,1053
428936,969,1053
428937,973,1055
428938,971,1055
428939,969,1048
428940,967,1048
428941,967,1048
428942,967,1049
428943,970,1051
428944,971,1049
428945,972,1048
428946,968,1045
428947,968,1047
428948,970,1049
428949,972,1048
428950,973,1048
428951,970,1047
428952,965,1045
428953,965,1047
428954,969,1050
428955,972,1050
428956,974,1052
428957,971,1051
428958,971,1049
428959,971,1049
428960,972,1050
428961,976,1053
428962,976,1052
428963,973,1049
428964,968,1046
428965,971,1050
428966,972,1055
428967,975,1055
428968,975,1056
428969,973,1053
428970,974,1049
428971,975,1051
428972,973,1053
428973,975,1056
428974,975,1054
428975,974,1050
428976,971,1048
428977,972,1051
428978,976,1052
428979,981,1054
428980,980,1053
428981,978,1049
428982,974,1044
428983,972,1043
428984,978,1041
428985,990,1041
428986,1002,1037
428987,1013,1032
428988,1031,1027
428989,1051,1025
428990,1082,1021
428991,1119,1012
428992,1147,998
428993,1183,992
428994,1219,988
428995,1254,998
428996,1284,1015
428997,1297,1029
428998,1284,1042
428999,1252,1052
429000,1195,1053
429001,1142,1058
429002,1092,1071
429003,1046,1078
429004,996,1083
429005,956,1082
429006,941,1080
429007,946,1082
429008,957,1076
429009,976,1070
429010,980,1062
429011,977,1056
429012,970,1054
429013,964,1053
429014,964,1057
429015,962,1056
429016,958,1057
429017,954,1053
429018,950,1050
429019,948,1052
429020,950,1055
429021,954,1055
429022,955,1052
429023,953,1050
429024,949,1048
429025,943,1046
429026,945,1050
429027,944,1052
429028,944,1049
429029,940,1047
429030,938,1048
429031,937,1049
429032,940,1051
429033,943,1053
429034,945,1049
429035,945,1047
429036,941,1045
429037,941,1048
429038,945,1049
429039,942,1051
429040,945,1050
429041,947,1048
429042,945,1046
429043,945,1046
429044,948,1048
429045,952,1053
429046,951,1051
429047,951,1047
429048,949,1046
429049,945,1046
429050,948,1049
429051,948,1049
429052,952,1051
429053,953,1047
429054,950,1044
429055,950,1043
429056,954,1046
429057,955,1049
429058,953,1046
429059,952,1043
429060,949,1042
429061,948,1044
429062,951,1046
429063,958,1048
429064,958,1044
429065,955,1044
429066,952,1039
429067,953,1040
429068,954,1040
429069,956,1043
429070,959,1040
429071,957,1036
429072,955,1035
429073,955,1036
429074,962,1036
429075,965,1038
429076,966,1033
429077,967,1029
429078,965,1024
429079,964,1025
429080,969,1026
429081,969,1028
429082,971,1024
429083,967,1018
429084,968,1017
429085,969,1016
429086,969,1018
429087,973,1021
429088,974,1019
429089,972,1012
429090,970,1013
429091,973,1014
429092,974,1018
429093,978,1018
429094,977,1017
429095,977,1014
429096,980,1011
429097,981,1012
429098,983,1013
429099,986,1015
429100,986,1015
429101,984,1013
429102,981,1010
429103,983,1013
429104,987,1016
429105,993,1020
429106,992,1020
429107,990,1017
429108,988,1017
429109,986,1020
429110,986,1023
429111,990,1025
429112,991,1024
429113,989,1024
429114,985,1022
429115,982,1027
429116,983,1030
429117,983,1035
429118,983,1031
429119,982,1032
429120,977,1032
429121,977,1036
429122,977,1040
429123,977,1043
429124,977,1042
429125,977,1040
429126,970,1041
429127,971,1042
429128,972,1044
429129,973,1049
429130,971,1049
429131,966,1045
429132,964,1043
429133,965,1045
429134,968,1046
429135,974,1047
429136,971,1048
429137,973,1046
429138,965,1044
429139,963,1044
429140,964,1048
429141,966,1049
429142,965,1049
429143,964,1044
429144,962,1045
429145,962,1047
429146,966,1049
429147,970,1050
429148,967,1048
429149,966,1047
429150,961,1046
429151,963,1051
429152,966,1051
429153,971,1052
429154,972,1053
429155,969,1048
429156,967,1046
429157,970,1046
429158,970,1049
429159,971,1051
429160,974,1050
429161,974,1047
429162,970,1044
429163,972,1045
429164,976,1048
429165,977,1048
429166,978,1048
429167,976,1045
429168,974,1043
429169,973,1046
429170,976,1047
429171,978,1048
429172,980,1047
429173,978,1046
429174,976,1044
429175,973,1048
429176,976,1048
429177,981,1049
429178,980,1046
429179,977,1045
429180,975,1042
429181,976,1043
429182,976,1047
429183,978,1050
429184,980,1048
429185,978,1045
429186,975,1042
429187,973,1044
429188,975,1047
429189,974,1045
429190,975,1042
429191,974,1040
429192,972,1039
429193,972,1042
429194,971,1044
429195,977,1044
429196,980,1045
429197,978,1041
429198,975,1044
429199,974,1042
429200,975,1045
429201,973,1048
429202,976,1048
429203,974,1046
429204,972,1043
429205,973,1044
429206,975,1049
429207,975,1049
429208,978,1049
429209,973,1044
429210,974,1045
429211,971,1046
429212,972,1051
429213,978,1053
429214,976,1050
429215,977,1046
429216,973,1047
429217,971,1048
429218,975,1052
429219,975,1053
429220,976,1051
429221,976,1049
429222,971,1046
429223,972,1048
429224,975,1050
429225,976,1051
429226,977,1050
429227,973,1051
429228,971,1048
429229,971,1049
429230,973,1054
429231,976,1055
429232,976,1055
429233,976,1054
429234,976,1053
429235,977,1052
429236,980,1050
429237,985,1052
429238,983,1053
429239,982,1049
429240,979,1050
429241,978,1050
429242,976,1049
429243,978,1052
429244,978,1049
429245,977,1049
429246,976,1045
429247,976,1046
429248,973,1049
429249,977,1048
429250,976,1048
429251,976,1046
429252,973,1044
429253,975,1046
429254,976,1047
429255,979,1047
429256,979,1047
429257,974,1045
429258,973,1044
429259,974,1046
429260,976,1048
429261,981,1047
429262,982,1047
429263,978,1046
429264,977,1045
429265,977,1049
429266,975,1050
429267,981,1052
429268,981,1051
429269,978,1050
429270,973,1049
429271,972,1048
429272,975,1048
429273,978,1049
429274,978,1051
429275,977,1048
429276,973,1047
429277,973,1047
429278,976,1048
429279,977,1050
429280,974,1049
429281,969,1047
429282,967,1043
429283,968,1044
429284,971,1046
429285,975,1046
429286,975,1047
429287,973,1044
429288,971,1041
429289,970,1042
429290,974,1047
429291,978,1049
429292,976,1045
429293,971,1042
429294,972,1041
429295,975,1044
429296,976,1045
429297,976,1048
429298,975,1045
429299,971,1043
429300,969,1041
429301,968,1044
429302,968,1043
429303,968,1045
429304,970,1043
429305,972,1041
429306,968,1039
429307,971,1037
429308,976,1043
429309,980,1043
429310,977,1039
429311,976,1039
429312,969,1037
429313,973,1041
429314,975,1042
429315,978,1044
429316,980,1044
429317,978,1042
429318,977,1041
429319,977,1039
429320,977,1041
429321,984,1042
429322,985,1038
429323,985,1034
429324,987,1031
429325,995,1029
429326,1012,1030
429327,1031,1030
429328,1057,1027
429329,1084,1018
429330,1115,1007
429331,1151,998
429332,1188,992
429333,1227,994
429334,1266,995
429335,1299,1003
429336,1313,1017
429337,1299,1037
429338,1266,1044
429339,1213,1050
429340,1150,1053
429341,1089,1062
429342,1028,1066
429343,975,1074
429344,943,1080
429345,938,1082
429346,948,1073
429347,964,1062
429348,970,1052
429349,969,1044
429350,965,1043
429351,961,1046
429352,959,1045
429353,958,1042
429354,952,1040
429355,950,1040
429356,953,1043
429357,957,1043
429358,956,1040
429359,952,1037
429360,947,1036
429361,944,1039
429362,940,1043
429363,944,1043
429364,948,1044
429365,946,1041
429366,943,1039
429367,945,1039
429368,945,1041
429369,950,1045
429370,948,1045
429371,942,1039
429372,939,1040
429373,937,1044
429374,938,1045
429375,943,1046
429376,942,1047
429377,945,1043
429378,947,1045
429379,945,1042
429380,950,1041
429381,950,1043
429382,948,1043
429383,947,1040
429384,945,1036
429385,949,1037
429386,954,1037
429387,960,1038
429388,959,1037
429389,960,1034
429390,957,1035
429391,958,1036
429392,961,1037
429393,962,1039
429394,959,1035
429395,956,1032
429396,951,1029
429397,949,1029
429398,952,1030
429399,955,1030
429400,955,1028
429401,956,1027
429402,956,1025
429403,962,1024
429404,967,1026
429405,968,1026
429406,965,1021
429407,963,1017
429408,963,1015
429409,963,1015
429410,963,1021
429411,964,1019
429412,969,1021
429413,971,1017
429414,973,1014
429415,974,1014
429416,978,1014
429417,981,1012
429418,982,1010
429419,982,1007
429420,979,1006
429421,979,1006
429422,983,1005
429423,985,1007
429424,985,1002
429425,982,1000
429426,982,999
429427,980,1003
429428,988,1004
429429,994,1005
429430,993,1001
429431,988,1001
429432,986,997
429433,989,995
429434,991,998
429435,994,1000
429436,994,998
429437,993,994
429438,990,993
429439,989,997
429440,990,1000
429441,991,1002
429442,992,1005
429443,988,999
429444,987,999
429445,985,1003
429446,985,1007
429447,984,1009
429448,986,1011
429449,984,1008
429450,980,1006
429451,982,1011
429452,982,1019
429453,983,1023
429454,980,1025
429455,972,1027
429456,970,1028
429457,971,1032
429458,973,1038
429459,976,1040
429460,977,1041
429461,971,1038
429462,966,1036
429463,965,1039
429464,965,1042
429465,967,1044
429466,968,1043
429467,965,1041
429468,962,1040
429469,963,1043
429470,964,1046
429471,966,1049
429472,961,1048
429473,957,1046
429474,956,1047
429475,954,1048
429476,962,1051
429477,962,1052
429478,961,1051
429479,959,1049
429480,959,1047
429481,959,1049
429482,962,1051
429483,963,1052
429484,965,1049
429485,962,1047
429486,959,1044
429487,959,1045
429488,962,1047
429489,964,1046
429490,963,1048
429491,961,1043
429492,957,1040
429493,956,1043
429494,958,1044
429495,962,1046
429496,963,1044
429497,963,1041
429498,962,1040
429499,960,1044
429500,963,1045
429501,967,1047
429502,968,1045
429503,963,1041
429504,963,1039
429505,961,1041
429506,964,1042
429507,968,1044
429508,968,1046
429509,966,1045
429510,962,1042
429511,961,1041
429512,962,1044
429513,964,1045
429514,961,1045
429515,961,1041
429516,960,1040
429517,959,1041
429518,959,1043
429519,965,1044
429520,964,1045
429521,960,1041
429522,957,1040
429523,957,1044
429524,961,1047
429525,961,1050
429526,961,1047
429527,958,1041
429528,955,1039
429529,956,1041
429530,958,1043
429531,961,1042
429532,961,1043
429533,958,1041
429534,955,1037
429535,954,1041
429536,956,1042
429537,959,1045
429538,960,1045
429539,956,1045
429540,954,1041
429541,957,1044
429542,961,1045
429543,962,1048
429544,959,1050
429545,957,1048
429546,958,1048
429547,955,1051
429548,958,1057
429549,962,1055
429550,960,1054
429551,960,1051
429552,959,1049
429553,958,1052
429554,958,1053
429555,960,1056
429556,964,1053
429557,960,1051
429558,959,1052
429559,959,1051
429560,963,1056
429561,963,1055
429562,965,1054
429563,963,1053
429564,957,1049
429565,955,1050
429566,958,1054
429567,963,1056
429568,965,1052
429569,961,1051
429570,960,1049
429571,960,1050
429572,960,1052
429573,960,1051
429574,962,1051
429575,962,1049
429576,958,1048
429577,956,1048
429578,960,1051
429579,964,1051
429580,964,1049
429581,965,1046
429582,960,1045
429583,959,1047
429584,959,1051
429585,963,1049
429586,962,1047
429587,962,1046
429588,965,1046
429589,966,1051
429590,970,1051
429591,976,1054
429592,976,1051
429593,974,1050
429594,971,1049
429595,970,1049
429596,974,1054
429597,975,1055
429598,978,1053
429599,976,1051
429600,974,1049
429601,974,1051
429602,978,1056
429603,979,1055
429604,975,1055
429605,977,1050
429606,973,1050
429607,974,1053
429608,976,1053
429609,981,1053
429610,980,1053
429611,982,1050
429612,978,1049
429613,977,1051
429614,979,1054
429615,982,1054
429616,979,1052
429617,978,1048
429618,976,1048
429619,973,1046
429620,975,1050
429621,977,1052
429622,980,1050
429623,979,1048
429624,972,1049
429625,968,1049
429626,971,1055
429627,980,1057
429628,981,1056
429629,982,1054
429630,976,1052
429631,975,1050
429632,979,1050
429633,982,1048
429634,982,1044
429635,984,1041
429636,979,1042
429637,981,1044
429638,985,1049
429639,991,1047
429640,997,1041
429641,1000,1040
429642,1008,1038
429643,1024,1037
429644,1046,1038
429645,1073,1036
429646,1109,1032
429647,1148,1021
429648,1190,1009
429649,1235,1006
429650,1281,1008
429651,1322,1017
429652,1347,1031
429653,1349,1039
429654,1318,1050
429655,1259,1059
429656,1188,1070
429657,1114,1084
429658,1038,1090
429659,975,1088
429660,946,1083
429661,949,1075
429662,972,1063
429663,992,1053
429664,998,1041
429665,993,1034
429666,988,1036
429667,982,1036
429668,982,1041
429669,985,1042
429670,980,1041
429671,974,1040
429672,967,1041
429673,969,1044
429674,969,1046
429675,972,1051
429676,972,1046
429677,969,1045
429678,965,1044
429679,963,1049
429680,964,1049
429681,967,1053
429682,966,1050
429683,962,1048
429684,959,1045
429685,961,1049
429686,963,1052
429687,967,1055
429688,969,1053
429689,964,1050
429690,962,1049
429691,963,1051
429692,964,1052
429693,962,1053
429694,963,1053
429695,965,1050
429696,961,1050
429697,960,1051
429698,960,1054
429699,961,1054
429700,962,1052
429701,958,1052
429702,958,1049
429703,964,1052
429704,966,1058
429705,963,1064
429706,964,1072
429707,961,1078
429708,960,1079
429709,963,1076
429710,971,1067
429711,978,1062
429712,975,1065
429713,970,1077
429714,966,1083
429715,967,1076
429716,974,1060
429717,980,1039
429718,987,1020
429719,987,1013
429720,984,1015
429721,988,1018
429722,994,1021
429723,1002,1020
429724,1004,1009
429725,1006,1002
429726,1003,1001
429727,1003,1004
429728,1007,1010
429729,1010,1015
429730,1006,1013
429731,1006,1009
429732,1002,1008
429733,1002,1010
429734,1007,1013
429735,1011,1012
429736,1009,1013
429737,1006,1010
429738,1008,1010
429739,1008,1013
429740,1012,1017
429741,1015,1016
429742,1016,1016
429743,1014,1014
429744,1013,1012
429745,1013,1016
429746,1018,1017
429747,1018,1019
429748,1016,1015
429749,1016,1015
429750,1013,1014
429751,1010,1016
429752,1016,1022
429753,1018,1026
429754,1018,1024
429755,1015,1021
429756,1011,1027
429757,1009,1029
429758,1011,1031
429759,1011,1031
429760,1007,1032
429761,1006,1033
429762,1000,1033
429763,999,1036
429764,1000,1038
429765,998,1046
429766,993,1048
429767,987,1054
429768,981,1063
429769,981,1066
429770,980,1062
429771,987,1052
429772,985,1042
429773,983,1033
429774,979,1034
429775,978,1036
429776,977,1041
429777,977,1044
429778,974,1045
429779,972,1044
429780,975,1045
429781,979,1050
429782,977,1048
429783,981,1050
429784,981,1050
429785,978,1049
429786,974,1044
429787,975,1049
429788,977,1052
429789,978,1051
429790,975,1053
429791,974,1048
429792,969,1045
429793,968,1046
429794,972,1049
429795,974,1052
429796,973,1053
429797,972,1051
429798,970,1048
429799,969,1052
429800,972,1056
429801,977,1056
429802,976,1055
429803,977,1050
429804,976,1046
429805,976,1048
429806,979,1052
429807,983,1052
429808,982,1051
429809,980,1049
429810,974,1046
429811,975,1049
429812,975,1049
429813,979,1051
429814,981,1046
429815,979,1044
429816,977,1040
429817,975,1044
429818,979,1047
429819,985,1048
429820,983,1044
429821,982,1038
429822,981,1036
429823,981,1042
429824,984,1044
429825,987,1044
429826,985,1042
429827,982,1038
429828,980,1038
429829,980,1042
429830,982,1042
429831,986,1048
429832,985,1045
429833,983,1043
429834,981,1041
429835,979,1044
429836,980,1046
429837,983,1047
429838,984,1046
429839,979,1044
429840,977,1044
429841,973,1045
429842,976,1048
429843,979,1050
429844,979,1048
429845,976,1045
429846,973,1047
429847,976,1050
429848,976,1051
429849,978,1054
429850,979,1052
429851,977,1048
429852,975,1047
429853,976,1045
429854,975,1048
429855,976,1051
429856,977,1049
429857,974,1046
429858,972,1044
429859,971,1045
429860,976,1046
429861,978,1047
429862,976,1046
429863,974,1044
429864,971,1043
429865,975,1045
429866,977,1046
429867,981,1049
429868,978,1047
429869,974,1047
429870,976,1044
429871,977,1046
429872,979,1047
429873,981,1049
429874,979,1048
429875,977,1045
429876,975,1046
429877,974,1045
429878,980,1049
429879,983,1049
429880,984,1044
429881,980,1042
429882,981,1042
429883,979,1045
429884,985,1046
429885,983,1050
429886,987,1047
429887,983,1042
429888,981,1036
429889,986,1037
429890,997,1036
429891,1014,1037
429892,1030,1031
429893,1051,1030
429894,1078,1028
429895,1117,1025
429896,1166,1017
429897,1214,1013
429898,1261,1004
429899,1302,1002
429900,1334,1015
429901,1352,1031
429902,1342,1046
429903,1305,1049
429904,1237,1051
429905,1163,1058
429906,1080,1067
429907,1001,1077
429908,951,1084
429909,939,1082
429910,949,1075
429911,963,1063
429912,972,1054
429913,976,1051
429914,975,1049
429915,973,1050
429916,969,1045
429917,967,1043
429918,964,1044
429919,961,1045
429920,961,1047
429921,963,1048
429922,961,1049
429923,960,1045
429924,955,1045
429925,956,1049
429926,959,1051
429927,960,1051
429928,958,1051
429929,957,1044
429930,953,1046
429931,953,1048
429932,954,1050
429933,958,1049
429934,958,1048
429935,957,1046
429936,954,1044
429937,954,1044
429938,952,1048
429939,957,1050
429940,961,1049
429941,956,1045
429942,954,1042
429943,952,1045
429944,953,1047
429945,957,1047
429946,957,1051
429947,955,1049
429948,951,1046
429949,953,1051
429950,954,1055
429951,954,1058
429952,955,1055
429953,952,1052
429954,948,1050
429955,950,1053
429956,952,1051
429957,953,1052
429958,955,1047
429959,953,1040
429960,951,1039
429961,952,1040
429962,957,1042
429963,961,1043
429964,962,1039
429965,962,1036
429966,964,1034
429967,964,1036
429968,968,1038
429969,976,1037
429970,975,1036
429971,977,1031
429972,976,1029
429973,981,1031
429974,986,1030
429975,990,1028
429976,993,1027
429977,998,1022
429978,995,1023
429979,994,1021
429980,998,1022
429981,1005,1026
429982,1004,1021
429983,1001,1019
429984,1002,1013
429985,1006,1017
429986,1007,1018
429987,1008,1017
429988,1014,1013
429989,1010,1011
429990,1007,1013
429991,1004,1017
429992,1008,1020
429993,1012,1021
429994,1014,1021
429995,1015,1022
429996,1014,1024
429997,1010,1027
429998,1013,1029
429999,1016,1033
430000,1014,1033
430001,1008,1033
430002,1003,1032
430003,1001,1032
430004,1000,1033
430005,1002,1037
430006,1000,1034
430007,995,1038
430008,989,1037
430009,984,1043
430010,980,1045
430011,978,1049
430012,979,1048
430013,976,1048
430014,971,1049
430015,972,1051
430016,974,1053
430017,973,1057
430018,971,1054
430019,965,1053
430020,967,1055
430021,963,1055
430022,966,1058
430023,968,1061
430024,973,1058
430025,970,1056
430026,966,1054
430027,966,1059
430028,967,1061
430029,972,1063
430030,970,1058
430031,969,1059
430032,966,1058
430033,967,1061
430034,972,1065
430035,974,1068
430036,974,1070
430037,971,1072
430038,970,1077
430039,969,1079
430040,970,1084
430041,977,1088
430042,973,1093
430043,974,1090
430044,976,1076
430045,982,1061
430046,985,1050
430047,991,1043
430048,992,1038
430049,991,1037
430050,986,1036
430051,987,1038
430052,988,1045
430053,991,1046
430054,987,1048
430055,984,1046
430056,979,1043
430057,978,1045
430058,977,1048
430059,982,1048
430060,982,1045
430061,981,1047
430062,978,1046
430063,971,1050
430064,974,1051
430065,978,1054
430066,976,1050
430067,975,1050
430068,971,1051
430069,972,1050
430070,975,1055
430071,978,1057
430072,977,1057
430073,977,1056
430074,974,1055
430075,973,1055
430076,971,1058
430077,977,1062
430078,975,1059
430079,973,1057
430080,969,1054
430081,969,1055
430082,971,1055
430083,975,1055
430084,973,1051
430085,970,1049
430086,970,1048
430087,972,1050
430088,976,1054
430089,978,1054
430090,978,1054
430091,976,1053
430092,973,1052
430093,975,1053
430094,974,1052
430095,977,1055
430096,975,1055
430097,971,1051
430098,968,1051
430099,970,1055
430100,975,1061
430101,975,1064
430102,976,1065
430103,977,1060
430104,974,1058
430105,973,1057
430106,974,1055
430107,974,1057
430108,975,1060
430109,971,1061
430110,968,1064
430111,969,1066
430112,971,1065
430113,976,1064
430114,973,1056
430115,972,1050
430116,972,1045
430117,974,1046
430118,976,1052
430119,980,1058
430120,978,1058
430121,972,1062
430122,971,1063
430123,968,1064
430124,969,1056
430125,974,1046
430126,980,1033
430127,990,1025
430128,1004,1024
430129,1021,1024
430130,1041,1030
430131,1071,1030
430132,1105,1021
430133,1146,1010
430134,1190,1001
430135,1239,996
430136,1291,1000
430137,1336,1008
430138,1357,1022
430139,1352,1031
430140,1321,1035
430141,1264,1040
430142,1202,1051
430143,1128,1066
430144,1048,1075
430145,975,1077
430146,935,1080
430147,933,1079
430148,951,1074
430149,973,1066
430150,979,1058
430151,974,1055
430152,966,1057
430153,964,1057
430154,961,1062
430155,960,1064
430156,955,1067
430157,952,1062
430158,950,1063
430159,951,1059
430160,952,1055
430161,956,1054
430162,958,1052
430163,957,1051
430164,955,1052
430165,952,1050
430166,954,1055
430167,956,1055
430168,954,1052
430169,950,1049
430170,946,1046
430171,945,1047
430172,944,1050
430173,947,1051
430174,945,1047
430175,944,1043
430176,943,1042
430177,943,1047
430178,945,1050
430179,950,1048
430180,951,1042
430181,949,1043
430182,942,1046
430183,941,1049
430184,941,1052
430185,949,1054
430186,952,1053
430187,950,1051
430188,948,1049
430189,947,1052
430190,948,1054
430191,950,1055
430192,952,1053
430193,950,1047
430194,947,1050
430195,943,1051
430196,947,1052
430197,952,1056
430198,956,1052
430199,958,1048
430200,957,1045
430201,956,1047
430202,959,1049
430203,961,1052
430204,966,1045
430205,964,1042
430206,961,1039
430207,965,1037
430208,970,1040
430209,977,1038
430210,978,1032
430211,973,1029
430212,973,1027
430213,975,1026
430214,979,1026
430215,983,1023
430216,986,1023
430217,988,1016
430218,991,1012
430219,991,1013
430220,989,1015
430221,995,1015
430222,995,1010
430223,993,1007
430224,990,1009
430225,988,1010
430226,989,1013
430227,996,1015
430228,994,1012
430229,993,1013
430230,993,1012
430231,989,1015
430232,991,1018
430233,992,1019
430234,994,1018
430235,992,1019
430236,988,1023
430237,990,1022
430238,992,1025
430239,990,1028
430240,989,1029
430241,985,1029
430242,983,1030
430243,985,1034
430244,987,1038
430245,990,1040
430246,990,1041
430247,986,1040
430248,979,1042
430249,974,1043
430250,974,1050
430251,967,1052
430252,966,1051
430253,962,1048
430254,961,1048
430255,962,1054
430256,964,1055
430257,965,1056
430258,962,1058
430259,959,1052
430260,954,1052
430261,947,1054
430262,952,1056
430263,959,1059
430264,958,1057
430265,955,1053
430266,954,1054
430267,956,1055
430268,959,1054
430269,964,1055
430270,963,1054
430271,962,1054
430272,960,1047
430273,959,1051
430274,960,1052
430275,964,1052
430276,966,1050
430277,964,1048
430278,960,1046
430279,961,1049
430280,961,1052
430281,961,1053
430282,963,1052
430283,960,1049
430284,957,1048
430285,958,1049
430286,964,1053
430287,966,1056
430288,966,1053
430289,959,1055
430290,958,1052
430291,956,1052
430292,956,1055
430293,961,1055
430294,957,1053
430295,957,1051
430296,954,1050
430297,958,1052
430298,956,1053
430299,955,1052
430300,954,1052
430301,951,1048
430302,951,1048
430303,952,1048
430304,957,1050
430305,958,1052
430306,957,1051
430307,953,1044
430308,951,1041
430309,950,1045
430310,948,1048
430311,954,1046
430312,955,1042
430313,953,1042
430314,952,1039
430315,951,1040
430316,950,1045
430317,954,1043
430318,956,1044
430319,957,1041
430320,955,1040
430321,953,1041
430322,955,1043
430323,959,1045
430324,960,1043
430325,958,1043
430326,956,1041
430327,952,1044
430328,955,1045
430329,956,1047
430330,958,1047
430331,955,1044
430332,954,1042
430333,953,1047
430334,954,1051
430335,956,1051
430336,954,1047
430337,952,1048
430338,951,1048
430339,950,1048
430340,953,1053
430341,955,1054
430342,952,1054
430343,953,1049
430344,953,1050
430345,953,1050
430346,953,1053
430347,955,1052
430348,951,1051
430349,945,1050
430350,943,1050
430351,945,1050
430352,950,1051
430353,952,1051
430354,952,1048
430355,948,1041
430356,946,1043
430357,945,1045
430358,949,1044
430359,951,1047
430360,951,1043
430361,951,1044
430362,951,1043
430363,951,1045
430364,954,1046
430365,955,1047
430366,956,1045
430367,949,1043
430368,945,1043
430369,948,1047
430370,951,1048
430371,957,1047
430372,957,1045
430373,954,1044
430374,952,1041
430375,953,1045
430376,957,1047
430377,959,1048
430378,957,1043
430379,955,1041
430380,952,1043
430381,951,1047
430382,955,1049
430383,959,1047
430384,956,1047
430385,955,1042
430386,950,1040
430387,950,1043
430388,951,1046
430389,955,1046
430390,957,1042
430391,954,1042
430392,951,1043
430393,955,1041
430394,955,1042
430395,957,1048
430396,957,1045
430397,953,1045
430398,950,1042
430399,949,1043
430400,953,1047
430401,958,1045
430402,959,1044
430403,952,1041
430404,951,1038
430405,951,1040
430406,955,1042
430407,957,1043
430408,954,1040
430409,953,1039
430410,957,1037
430411,960,1037
430412,962,1041
430413,966,1044
430414,966,1042
430415,964,1039
430416,963,1036
430417,969,1034
430418,981,1037
430419,996,1036
430420,1012,1034
430421,1031,1030
430422,1055,1025
430423,1093,1020
430424,1138,1012
430425,1185,1001
430426,1226,993
430427,1270,994
430428,1315,1002
430429,1337,1017
430430,1339,1030
430431,1309,1034
430432,1248,1039
430433,1172,1043
430434,1091,1054
430435,1013,1065
430436,960,1072
430437,941,1078
430438,942,1071
430439,954,1061
430440,963,1051
430441,966,1046
430442,964,1048
430443,958,1045
430444,955,1045
430445,953,1044
430446,945,1042
430447,946,1043
430448,949,1047
430449,947,1048
430450,945,1047
430451,943,1042
430452,937,1041
430453,935,1041
430454,938,1043
430455,942,1048
430456,940,1046
430457,938,1044
430458,933,1044
430459,934,1045
430460,938,1049
430461,939,1049
430462,939,1051
430463,939,1048
430464,935,1047
430465,935,1046
430466,936,1047
430467,942,1048
430468,943,1047
430469,940,1044
430470,940,1043
430471,937,1046
430472,940,1048
430473,940,1046
430474,943,1045
430475,942,1043
430476,937,1042
430477,937,1045
430478,940,1047
430479,944,1050
430480,944,1050
430481,941,1047
430482,938,1043
430483,937,1045
430484,943,1046
430485,943,1048
430486,942,1044
430487,941,1042
430488,941,1041
430489,943,1041
430490,942,1042
430491,949,1040
430492,948,1039
430493,946,1035
430494,945,1035
430495,946,1037
430496,952,1034
430497,951,1036
430498,954,1031
430499,951,1030
430500,950,1025
430501,950,1027
430502,957,1031
430503,963,1028
430504,964,1027
430505,964,1024
430506,965,1022
430507,965,1024
430508,967,1025
430509,972,1024
430510,973,1020
430511,972,1018
430512,970,1016
430513,972,1017
430514,977,1020
430515,981,1018
430516,980,1018
430517,977,1016
430518,974,1013
430519,974,1014
430520,982,1015
430521,984,1015
430522,983,1014
430523,982,1013
430524,980,1013
430525,984,1016
430526,986,1019
430527,989,1024
430528,989,1023
430529,985,1021
430530,984,1019
430531,985,1022
430532,985,1028
430533,988,1030
430534,988,1032
430535,984,1031
430536,979,1032
430537,977,1035
430538,975,1040
430539,976,1041
430540,972,1044
430541,967,1042
430542,962,1044
430543,965,1048
430544,967,1050
430545,971,1050
430546,967,1047
430547,962,1046
430548,957,1045
430549,954,1050
430550,955,1053
430551,957,1054
430552,956,1050
430553,959,1049
430554,954,1050
430555,954,1053
430556,955,1057
430557,958,1057
430558,957,1057
430559,954,1053
430560,953,1052
430561,957,1054
430562,958,1058
430563,961,1054
430564,964,1054
430565,962,1050
430566,960,1052
430567,958,1053
430568,964,1056
430569,963,1056
430570,963,1053
430571,959,1051
430572,957,1050
430573,959,1050
430574,962,1054
430575,964,1057
430576,962,1055
430577,960,1051
430578,959,1050
430579,958,1051
430580,957,1054
430581,963,1056
430582,964,1053
430583,963,1052
430584,965,1049
430585,965,1052
430586,966,1054
430587,968,1059
430588,967,1057
430589,966,1052
430590,967,1055
430591,966,1058
430592,967,1062
430593,972,1058
430594,971,1053
430595,968,1048
430596,966,1047
430597,965,1048
430598,968,1050
430599,969,1052
430600,967,1048
430601,966,1046
430602,964,1047
430603,966,1047
430604,967,1050
430605,970,1053
430606,968,1050
430607,964,1047
430608,963,1046
430609,962,1049
430610,965,1050
430611,968,1050
430612,965,1047
430613,967,1046
430614,967,1048
430615,966,1049
430616,967,1053
430617,970,1054
430618,968,1050
430619,967,1047
430620,963,1048
430621,962,1051
430622,963,1052
430623,967,1054
430624,965,1052
430625,964,1050
430626,962,1049
430627,960,1050
430628,966,1052
430629,964,1055
430630,962,1052
430631,960,1046
430632,960,1046
430633,959,1050
430634,961,1054
430635,964,1057
430636,961,1058
430637,960,1059
430638,959,1056
430639,958,1057
430640,960,1059
430641,967,1060
430642,966,1058
430643,962,1057
430644,958,1055
430645,960,1056
430646,967,1059
430647,969,1059
430648,969,1057
430649,968,1054
430650,965,1053
430651,967,1053
430652,972,1056
430653,971,1057
430654,974,1055
430655,971,1052
430656,966,1050
430657,967,1055
430658,968,1055
430659,970,1056
430660,969,1053
430661,968,1052
430662,966,1049
430663,967,1052
430664,968,1054
430665,976,1053
430666,974,1052
430667,973,1048
430668,968,1046
430669,968,1047
430670,975,1049
430671,978,1049
430672,976,1051
430673,977,1048
430674,971,1045
430675,969,1048
430676,971,1050
430677,975,1052
430678,971,1049
430679,967,1048
430680,960,1047
430681,963,1051
430682,967,1057
430683,971,1057
430684,971,1053
430685,961,1052
430686,958,1052
430687,962,1052
430688,967,1055
430689,969,1056
430690,970,1057
430691,969,1058
430692,968,1057
430693,971,1060
430694,975,1059
430695,976,1063
430696,973,1059
430697,969,1057
430698,968,1057
430699,971,1057
430700,972,1060
430701,974,1061
430702,974,1059
430703,973,1058
430704,971,1057
430705,968,1056
430706,972,1060
430707,975,1059
430708,976,1058
430709,974,1056
430710,972,1055
430711,973,1056
430712,976,1056
430713,979,1055
430714,981,1053
430715,978,1049
430716,975,1051
430717,975,1053
430718,976,1054
430719,981,1053
430720,981,1053
430721,980,1048
430722,979,1045
430723,984,1042
430724,990,1043
430725,996,1039
430726,1008,1039
430727,1019,1032
430728,1035,1031
430729,1059,1025
430730,1096,1025
430731,1140,1013
430732,1182,1001
430733,1225,993
430734,1266,997
430735,1308,1007
430736,1338,1028
430737,1336,1047
430738,1299,1054
430739,1237,1053
430740,1171,1059
430741,1104,1077
430742,1031,1095
430743,974,1102
430744,943,1103
430745,939,1093
430746,952,1083
430747,968,1074
430748,980,1069
430749,984,1061
430750,979,1055
430751,974,1052
430752,969,1053
430753,968,1058
430754,968,1060
430755,969,1058
430756,967,1054
430757,964,1048
430758,958,1044
430759,956,1047
430760,958,1050
430761,962,1048
430762,963,1048
430763,962,1048
430764,959,1046
430765,956,1049
430766,955,1051
430767,960,1054
430768,963,1050
430769,955,1050
430770,952,1048
430771,953,1051
430772,954,1051
430773,956,1053
430774,956,1050
430775,951,1049
430776,950,1048
430777,949,1052
430778,955,1052
430779,956,1054
430780,958,1050
430781,954,1051
430782,951,1047
430783,953,1052
430784,954,1054
430785,955,1055
430786,954,1051
430787,955,1049
430788,950,1049
430789,952,1050
430790,954,1054
430791,961,1052
430792,959,1052
430793,959,1046
430794,959,1048
430795,960,1047
430796,964,1049
430797,967,1048
430798,966,1046
430799,966,1041
430800,967,1040
430801,968,1044
430802,972,1044
430803,974,1044
430804,977,1041
430805,975,1035
430806,971,1034
430807,972,1035
430808,975,1034
430809,981,1034
430810,984,1029
430811,985,1027
430812,988,1022
430813,987,1023
430814,987,1027
430815,992,1026
430816,996,1024
430817,999,1019
430818,997,1015
430819,999,1016
430820,998,1016
430821,999,1018
430822,999,1016
430823,999,1014
430824,992,1012
430825,995,1015
430826,996,1020
430827,1000,1020
430828,1001,1017
430829,1000,1014
430830,999,1013
430831,1002,1016
430832,1004,1017
430833,1006,1019
430834,1006,1020
430835,1005,1017
430836,1001,1018
430837,998,1018
430838,1005,1021
430839,1009,1022
430840,1008,1023
430841,1004,1024
430842,996,1023
430843,995,1027
430844,996,1033
430845,999,1034
430846,997,1034
430847,993,1034
430848,988,1035
430849,986,1041
430850,985,1044
430851,983,1046
430852,982,1044
430853,975,1043
430854,973,1046
430855,975,1049
430856,976,1053
430857,980,1052
430858,981,1050
430859,978,1049
430860,976,1048
430861,974,1051
430862,980,1056
430863,983,1055
430864,982,1054
430865,977,1050
430866,974,1050
430867,978,1053
430868,978,1058
430869,981,1056
430870,984,1054
430871,985,1053
430872,984,1052
430873,993,1053
430874,997,1058
430875,1007,1059
430876,1009,1058
430877,1012,1058
430878,1012,1059
430879,1019,1062
430880,1028,1063
430881,1041,1059
430882,1055,1047
430883,1067,1028
430884,1077,1007
430885,1092,995
430886,1107,984
430887,1129,971
430888,1145,956
430889,1161,940
430890,1173,923
430891,1194,904
430892,1218,885
430893,1242,867
430894,1257,851
430895,1274,833
430896,1285,822
430897,1282,819
430898,1285,827
430899,1288,826
430900,1286,824
430901,1277,823
430902,1271,822
430903,1257,822
430904,1240,827
430905,1213,833
430906,1190,838
430907,1158,839
430908,1128,854
430909,1097,868
430910,1070,883
430911,1055,900
430912,1046,916
430913,1040,928
430914,1030,942
430915,1022,956
430916,1015,972
430917,1022,982
430918,1030,995
430919,1047,1003
430920,1071,1006
430921,1090,1013
430922,1094,1016
430923,1076,1023
430924,1042,1029
430925,999,1035
430926,964,1043
430927,941,1054
430928,934,1065
430929,931,1079
430930,927,1086
430931,917,1086
430932,908,1090
430933,904,1093
430934,904,1097
430935,906,1100
430936,902,1101
430937,898,1100
430938,893,1101
430939,891,1108
430940,890,1111
430941,892,1112
430942,888,1113
430943,885,1113
430944,881,1115
430945,880,1117
430946,884,1122
430947,885,1124
430948,882,1122
430949,875,1122
430950,872,1125
430951,867,1127
430952,869,1130
430953,871,1132
430954,870,1134
430955,868,1135
430956,867,1140
430957,866,1143
430958,865,1149
430959,866,1153
430960,863,1153
430961,861,1152
430962,857,1155
430963,860,1160
430964,861,1166
430965,863,1169
430966,865,1169
430967,862,1169
430968,857,1173
430969,860,1178
430970,860,1183
430971,866,1184
430972,867,1183
430973,866,1187
430974,865,1188
430975,866,1192
430976,869,1197
430977,872,1198
430978,873,1196
430979,869,1196
430980,868,1191
430981,872,1194
430982,875,1194
430983,881,1194
430984,883,1191
430985,883,1185
430986,885,1183
430987,889,1181
430988,894,1179
430989,900,1177
430990,903,1172
430991,904,1163
430992,905,1159
430993,908,1159
430994,914,1157
430995,923,1151
430996,926,1145
430997,931,1138
430998,930,1134
430999,931,1131
431000,937,1131
431001,944,1126
431002,945,1121
431003,945,1113
431004,943,1112
431005,944,1107
431006,948,1108
431007,957,1104
431008,957,1098
431009,953,1091
431010,951,1089
431011,956,1088
431012,961,1089
431013,962,1085
431014,962,1082
431015,963,1078
431016,961,1077
431017,963,1075
431018,966,1079
431019,967,1079
431020,966,1076
431021,968,1070
431022,966,1071
431023,963,1073
431024,968,1072
431025,971,1069
431026,973,1061
431027,970,1058
431028,969,1057
431029,967,1058
431030,967,1057
431031,968,1059
431032,966,1057
431033,963,1055
431034,962,1056
431035,964,1058
431036,968,1058
431037,968,1058
431038,970,1056
431039,964,1050
431040,960,1051
431041,961,1052
431042,966,1055
431043,970,1053
431044,968,1052
431045,966,1048
431046,963,1047
431047,965,1048
431048,966,1051
431049,965,1054
431050,963,1052
431051,965,1050
431052,959,1052
431053,963,1055
431054,963,1060
431055,966,1058
431056,966,1055
431057,964,1056
431058,962,1057
431059,964,1061
431060,966,1064
431061,968,1064
431062,968,1064
431063,965,1059
431064,965,1059
431065,965,1060
431066,967,1063
431067,972,1062
431068,969,1061
431069,965,1057
431070,965,1057
431071,963,1061
431072,967,1061
431073,969,1059
431074,970,1057
431075,968,1053
431076,965,1052
431077,964,1052
431078,968,1057
431079,968,1056
431080,968,1056
431081,967,1048
431082,964,1049
431083,964,1050
431084,963,1053
431085,967,1055
431086,967,1055
431087,965,1052
431088,966,1050
431089,966,1051
431090,966,1057
431091,968,1052
431092,967,1052
431093,966,1048
431094,961,1050
431095,963,1051
431096,960,1054
431097,968,1053
431098,967,1051
431099,965,1048
431100,958,1048
431101,959,1051
431102,962,1056
431103,965,1056
431104,961,1054
431105,961,1053
431106,960,1055
431107,961,1056
431108,964,1059
431109,964,1059
431110,960,1057
431111,960,1056
431112,956,1058
431113,958,1060
431114,962,1066
431115,965,1065
431116,963,1063
431117,963,1061
431118,960,1065
431119,964,1067
431120,966,1071
431121,971,1072
431122,968,1064
431123,961,1059
431124,961,1058
431125,960,1059
431126,961,1060
431127,964,1060
431128,965,1057
431129,964,1055
431130,963,1054
431131,963,1056
431132,962,1061
431133,967,1058
431134,964,1057
431135,961,1054
431136,960,1053
431137,960,1054
431138,964,1055
431139,966,1058
431140,964,1057
431141,962,1054
431142,959,1055
431143,959,1056
431144,963,1057
431145,967,1058
431146,966,1054
431147,963,1054
431148,962,1053
431149,958,1056
431150,963,1059
431151,966,1055
431152,964,1054
431153,958,1053
431154,959,1054
431155,959,1055
431156,962,1059
431157,965,1059
431158,963,1057
431159,964,1056
431160,959,1056
431161,960,1058
431162,963,1061
431163,966,1063
431164,965,1059
431165,962,1057
431166,962,1058
431167,964,1060
431168,967,1061
431169,970,1060
431170,970,1061
431171,971,1060
431172,966,1059
431173,966,1061
431174,966,1065
431175,969,1063
431176,971,1063
431177,970,1058
431178,968,1056
431179,969,1057
431180,970,1059
431181,970,1059
431182,968,1055
431183,969,1053
431184,969,1053
431185,971,1054
431186,972,1058
431187,972,1055
431188,971,1054
431189,965,1052
431190,964,1051
431191,964,1054
431192,966,1055
431193,970,1056
431194,967,1054
431195,965,1051
431196,961,1051
431197,967,1052
431198,970,1057
431199,972,1053
431200,973,1054
431201,971,1051
431202,965,1050
431203,963,1051
431204,965,1054
431205,973,1050
431206,971,1051
431207,968,1048
431208,968,1047
431209,969,1052
431210,971,1053
431211,977,1055
431212,975,1056
431213,973,1051
431214,972,1053
431215,973,1053
431216,976,1056
431217,979,1055
431218,980,1051
431219,983,1047
431220,991,1045
431221,1004,1046
431222,1021,1049
431223,1040,1044
431224,1062,1039
431225,1089,1030
431226,1124,1024
431227,1167,1013
431228,1212,1005
431229,1254,1002
431230,1294,1001
431231,1326,1013
431232,1343,1035
431233,1329,1055
431234,1292,1067
431235,1233,1070
431236,1166,1073
431237,1096,1077
431238,1025,1088
431239,967,1094
431240,940,1099
431241,942,1096
431242,955,1084
431243,965,1067
431244,970,1062
431245,971,1054
431246,972,1054
431247,972,1054
431248,965,1051
431249,961,1051
431250,957,1051
431251,958,1052
431252,956,1054
431253,954,1052
431254,953,1049
431255,951,1048
431256,949,1050
431257,945,1052
431258,948,1051
431259,952,1052
431260,952,1050
431261,950,1047
431262,947,1050
431263,945,1052
431264,948,1056
431265,949,1055
431266,950,1052
431267,947,1050
431268,942,1051
431269,948,1056
431270,951,1060
431271,953,1061
431272,949,1060
431273,949,1058
431274,946,1059
431275,949,1059
431276,951,1061
431277,951,1057
431278,953,1055
431279,949,1053
431280,948,1052
431281,949,1052
431282,949,1055
431283,950,1051
431284,951,1049
431285,949,1044
431286,948,1046
431287,953,1047
431288,956,1049
431289,955,1044
431290,956,1039
431291,954,1038
431292,952,1037
431293,954,1037
431294,952,1042
431295,956,1040
431296,958,1038
431297,955,1032
431298,954,1031
431299,956,1035
431300,961,1036
431301,965,1036
431302,962,1032
431303,963,1030
431304,962,1029
431305,961,1030
431306,964,1033
431307,964,1030
431308,967,1028
431309,967,1025
431310,966,1024
431311,967,1026
431312,967,1024
431313,974,1024
431314,976,1021
431315,977,1019
431316,980,1019
431317,981,1024
431318,985,1026
431319,991,1027
431320,993,1025
431321,989,1021
431322,986,1022
431323,987,1024
431324,991,1023
431325,997,1022
431326,995,1020
431327,997,1014
431328,997,1013
431329,999,1012
431330,1006,1015
431331,1009,1013
431332,1009,1009
431333,1009,1006
431334,1009,1010
431335,1008,1011
431336,1009,1013
431337,1016,1014
431338,1016,1011
431339,1014,1009
431340,1014,1012
431341,1009,1013
431342,1015,1018
431343,1015,1019
431344,1013,1018
431345,1007,1019
431346,1004,1020
431347,1003,1023
431348,1003,1028
431349,1005,1030
431350,1001,1028
431351,996,1032
431352,992,1035
431353,989,1037
431354,990,1039
431355,990,1039
431356,985,1037
431357,985,1036
431358,982,1038
431359,981,1040
431360,984,1046
431361,986,1044
431362,983,1045
431363,975,1043
431364,974,1047
431365,974,1050
431366,976,1052
431367,978,1055
431368,980,1054
431369,976,1048
431370,975,1050
431371,976,1051
431372,977,1055
431373,977,1053
431374,977,1053
431375,976,1049
431376,973,1048
431377,974,1052
431378,978,1053
431379,980,1052
431380,979,1050
431381,975,1046
431382,975,1043
431383,976,1046
431384,978,1048
431385,982,1048
431386,977,1047
431387,978,1043
431388,979,1043
431389,976,1042
431390,980,1044
431391,981,1043
431392,982,1044
431393,980,1040
431394,980,1037
431395,977,1038
431396,981,1042
431397,984,1040
431398,983,1038
431399,978,1034
431400,976,1035
431401,979,1037
431402,979,1043
431403,982,1040
431404,977,1039
431405,975,1034
431406,967,1034
431407,974,1037
431408,978,1042
431409,980,1041
431410,979,1040
431411,977,1038
431412,973,1040
431413,978,1042
431414,981,1044
431415,981,1044
431416,984,1044
431417,977,1040
431418,973,1040
431419,975,1042
431420,979,1046
431421,980,1047
431422,980,1045
431423,977,1043
431424,975,1043
431425,979,1044
431426,979,1049
431427,981,1047
431428,981,1049
431429,978,1044
431430,976,1045
431431,977,1044
431432,978,1049
431433,982,1048
431434,981,1045
431435,981,1044
431436,977,1041
431437,977,1043
431438,979,1045
431439,980,1045
431440,981,1043
431441,976,1040
431442,972,1039
431443,974,1042
431444,975,1043
431445,980,1043
431446,973,1040
431447,969,1038
431448,967,1040
431449,965,1043
431450,970,1046
431451,970,1044
431452,971,1043
431453,969,1040
431454,965,1042
431455,967,1045
431456,969,1046
431457,969,1045
431458,969,1043
431459,966,1041
431460,963,1041
431461,966,1044
431462,968,1046
431463,972,1049
431464,970,1044
431465,968,1044
431466,969,1044
431467,967,1046
431468,973,1048
431469,974,1044
431470,976,1040
431471,978,1033
431472,985,1032
431473,999,1036
431474,1015,1035
431475,1032,1033
431476,1050,1030
431477,1080,1026
431478,1116,1022
431479,1157,1016
431480,1207,1009
431481,1254,1006
431482,1292,1005
431483,1325,1018
431484,1341,1036
431485,1336,1056
431486,1303,1067
431487,1253,1067
431488,1193,1065
431489,1126,1070
431490,1051,1081
431491,980,1093
431492,937,1103
431493,928,1103
431494,936,1095
431495,949,1078
431496,959,1068
431497,966,1060
431498,972,1057
431499,975,1053
431500,968,1050
431501,958,1046
431502,955,1043
431503,955,1045
431504,956,1047
431505,960,1045
431506,955,1044
431507,953,1040
431508,948,1041
431509,949,1042
431510,950,1046
431511,950,1044
431512,947,1044
431513,943,1043
431514,941,1041
431515,944,1047
431516,947,1048
431517,949,1047
431518,946,1044
431519,944,1041
431520,944,1042
431521,944,1043
431522,943,1047
431523,948,1045
431524,946,1043
431525,946,1043
431526,945,1042
431527,947,1045
431528,950,1050
431529,952,1050
431530,954,1047
431531,949,1044
431532,946,1044
431533,949,1046
431534,953,1047
431535,952,1047
431536,951,1043
431537,948,1041
431538,945,1042
431539,947,1041
431540,952,1043
431541,952,1041
431542,954,1037
431543,950,1036
431544,948,1035
431545,948,1035
431546,952,1037
431547,955,1035
431548,954,1031
431549,952,1029
431550,954,1030
431551,958,1029
431552,960,1031
431553,961,1028
431554,960,1024
431555,961,1019
431556,961,1017
431557,962,1019
431558,965,1018
431559,967,1018
431560,967,1014
431561,965,1009
431562,963,1003
431563,963,1007
431564,967,1008
431565,971,1006
431566,967,1001
431567,969,998
431568,968,998
431569,965,997
431570,970,999
431571,972,997
431572,972,997
431573,967,996
431574,966,997
431575,972,999
431576,974,999
431577,977,1000
431578,976,996
431579,977,997
431580,973,998
431581,977,1000
431582,982,1000
431583,987,1002
431584,987,999
431585,985,995
431586,985,997
431587,984,1001
431588,987,1003
431589,992,1004
431590,992,1006
431591,989,1005
431592,985,1006
431593,985,1012
431594,986,1016
431595,986,1017
431596,987,1019
431597,985,1017
431598,981,1020
431599,979,1023
431600,978,1028
431601,979,1029
431602,977,1030
431603,972,1028
431604,968,1030
431605,968,1031
431606,966,1034
431607,967,1035
431608,966,1037
431609,963,1033
431610,958,1035
431611,959,1037
431612,962,1041
431613,963,1039
431614,960,1039
431615,953,1036
431616,954,1038
431617,955,1040
431618,955,1043
431619,962,1043
431620,961,1043
431621,959,1044
431622,957,1045
431623,958,1046
431624,960,1048
431625,960,1046
431626,961,1049
431627,961,1043
431628,958,1042
431629,955,1047
431630,958,1049
431631,961,1046
431632,964,1045
431633,961,1043
431634,961,1041
431635,962,1044
431636,965,1047
431637,967,1043
431638,968,1039
431639,964,1036
431640,962,1038
431641,962,1041
431642,964,1042
431643,967,1041
431644,969,1037
431645,966,1036
431646,965,1037
431647,965,1035
431648,967,1037
431649,966,1037
431650,967,1035
431651,964,1031
431652,960,1028
431653,963,1031
431654,964,1033
431655,967,1033
431656,963,1032
431657,957,1030
431658,959,1034
431659,960,1036
431660,960,1038
431661,961,1038
431662,963,1038
431663,959,1033
431664,959,1034
431665,961,1039
431666,964,1041
431667,963,1040
431668,962,1037
431669,958,1035
431670,958,1038
431671,958,1040
431672,960,1044
431673,962,1046
431674,960,1044
431675,957,1044
431676,955,1043
431677,961,1046
431678,960,1047
431679,961,1048
431680,962,1042
431681,959,1042
431682,958,1040
431683,955,1044
431684,959,1047
431685,961,1046
431686,963,1045
431687,960,1040
431688,959,1041
431689,960,1044
431690,963,1044
431691,965,1043
431692,967,1041
431693,963,1036
431694,962,1036
431695,962,1038
431696,967,1043
431697,968,1042
431698,969,1040
431699,964,1040
431700,961,1039
431701,962,1040
431702,964,1044
431703,967,1041
431704,967,1040
431705,962,1039
431706,964,1039
431707,961,1040
431708,965,1043
431709,967,1043
431710,966,1042
431711,964,1041
431712,960,1039
431713,962,1044
431714,965,1047
431715,969,1046
431716,970,1043
431717,967,1040
431718,965,1039
431719,967,1037
431720,973,1037
431721,984,1031
431722,996,1027
431723,1012,1022
431724,1029,1019
431725,1059,1021
431726,1097,1013
431727,1140,1005
431728,1183,993
431729,1228,986
431730,1267,992
431731,1306,1009
431732,1325,1034
431733,1313,1053
431734,1267,1057
431735,1203,1058
431736,1131,1064
431737,1062,1077
431738,996,1091
431739,944,1097
431740,924,1097
431741,929,1088
431742,942,1078
431743,955,1067
431744,964,1062
431745,968,1052
431746,968,1047
431747,961,1038
431748,957,1037
431749,955,1035
431750,957,1041
431751,957,1038
431752,955,1037
431753,951,1033
431754,949,1036
431755,949,1036
431756,949,1038
431757,949,1038
431758,947,1036
431759,944,1035
431760,942,1037
431761,943,1040
431762,943,1044
431763,943,1042
431764,941,1043
431765,940,1039
431766,936,1038
431767,939,1040
431768,942,1047
431769,941,1045
431770,942,1043
431771,941,1042
431772,936,1045
431773,941,1045
431774,943,1046
431775,947,1044
431776,945,1043
431777,942,1044
431778,943,1043
431779,944,1043
431780,947,1048
431781,949,1048
431782,949,1045
431783,948,1043
431784,945,1041
431785,948,1043
431786,949,1044
431787,953,1042
431788,951,1041
431789,951,1036
431790,950,1036
431791,953,1040
431792,952,1039
431793,957,1036
431794,957,1032
431795,957,1031
431796,955,1029
431797,959,1026
431798,960,1028
431799,963,1026
431800,964,1023
431801,964,1018
431802,962,1018
431803,965,1021
431804,967,1020
431805,972,1018
431806,974,1013
431807,971,1009
431808,969,1008
431809,970,1011
431810,974,1011
431811,977,1008
431812,976,1008
431813,970,1004
431814,973,1005
431815,976,1005
431816,979,1008
431817,981,1007
431818,981,1005
431819,977,1003
431820,978,1002
431821,980,1002
431822,984,1004
431823,989,1007
431824,991,1002
431825,988,999
431826,986,999
431827,988,1003
431828,991,1010
431829,991,1011
431830,993,1011
431831,993,1009
431832,992,1008
431833,993,1011
431834,999,1015
431835,1001,1016
431836,999,1016
431837,996,1015
431838,992,1016
431839,994,1020
431840,995,1021
431841,997,1021
431842,994,1023
431843,990,1024
431844,986,1029
431845,987,1032
431846,986,1035
431847,986,1035
431848,982,1036
431849,977,1032
431850,972,1035
431851,972,1037
431852,975,1040
431853,976,1041
431854,975,1038
431855,971,1039
431856,969,1041
431857,967,1043
431858,968,1046
431859,969,1047
431860,968,1046
431861,964,1047
431862,961,1047
431863,962,1050
431864,965,1051
431865,966,1051
431866,968,1050
431867,967,1051
431868,965,1050
431869,966,1053
431870,968,1055
431871,971,1055
431872,971,1051
431873,972,1046
431874,972,1047
431875,971,1046
431876,976,1049
431877,975,1052
431878,978,1049
431879,975,1048
431880,973,1047
431881,979,1049
431882,982,1050
431883,987,1050
431884,992,1050
431885,994,1046
431886,996,1049
431887,999,1050
431888,1003,1054
431889,1006,1053
431890,1008,1054
431891,1010,1056
431892,1012,1056
431893,1022,1059
431894,1038,1054
431895,1054,1043
431896,1064,1027
431897,1073,1012
431898,1079,1002
431899,1094,991
431900,1111,983
431901,1128,966
431902,1141,951
431903,1152,944
431904,1162,948
431905,1178,955
431906,1198,945
431907,1219,910
431908,1242,861
431909,1256,810
431910,1267,775
431911,1272,760
431912,1267,755
431913,1268,754
431914,1263,756
431915,1255,757
431916,1242,762
431917,1224,771
431918,1207,782
431919,1188,793
431920,1163,802
431921,1139,811
431922,1113,827
431923,1090,843
431924,1078,862
431925,1069,877
431926,1059,892
431927,1052,907
431928,1042,920
431929,1041,935
431930,1035,950
431931,1035,959
431932,1038,968
431933,1051,974
431934,1071,987
431935,1092,994
431936,1111,1000
431937,1110,1005
431938,1079,1009
431939,1030,1015
431940,980,1027
431941,944,1047
431942,927,1065
431943,924,1078
431944,921,1089
431945,914,1097
431946,908,1101
431947,901,1104
431948,899,1110
431949,897,1117
431950,890,1124
431951,888,1129
431952,880,1134
431953,880,1134
431954,886,1130
431955,889,1122
431956,886,1117
431957,881,1112
431958,880,1111
431959,877,1113
431960,879,1118
431961,880,1122
431962,880,1126
431963,873,1128
431964,872,1131
431965,873,1133
431966,872,1137
431967,872,1138
431968,870,1137
431969,865,1138
431970,861,1144
431971,860,1152
431972,861,1163
431973,858,1171
431974,850,1177
431975,848,1176
431976,846,1170
431977,845,1167
431978,846,1171
431979,846,1177
431980,839,1189
431981,835,1207
431982,826,1227
431983,826,1244
431984,826,1251
431985,835,1238
431986,838,1217
431987,838,1196
431988,841,1186
431989,839,1182
431990,842,1191
431991,844,1196
431992,847,1204
431993,850,1210
431994,849,1216
431995,850,1218
431996,857,1217
431997,863,1219
431998,864,1221
431999,858,1225
432000,859,1238
432001,865,1244
432002,873,1236
432003,885,1215
432004,889,1194
432005,889,1176
432006,891,1177
432007,893,1182
432008,897,1197
432009,903,1193
432010,911,1171
432011,926,1147
432012,939,1126
432013,946,1114
432014,950,1110
432015,948,1109
432016,946,1108
432017,945,1106
432018,944,1106
432019,949,1106
432020,955,1106
432021,957,1097
432022,956,1095
432023,953,1092
432024,951,1090
432025,953,1086
432026,956,1087
432027,957,1083
432028,956,1081
432029,956,1074
432030,953,1075
432031,956,1076
432032,955,1079
432033,954,1079
432034,952,1085
432035,946,1088
432036,946,1090
432037,947,1084
432038,949,1084
432039,950,1089
432040,948,1099
432041,944,1100
432042,943,1099
432043,946,1086
432044,955,1073
432045,965,1058
432046,968,1044
432047,966,1033
432048,966,1019
432049,968,1014
432050,970,1021
432051,972,1026
432052,973,1031
432053,971,1030
432054,969,1032
432055,968,1032
432056,970,1040
432057,974,1037
432058,972,1036
432059,965,1037
432060,964,1038
432061,967,1042
432062,967,1049
432063,970,1051
432064,968,1051
432065,969,1052
432066,967,1052
432067,969,1056
432068,965,1064
432069,963,1086
432070,958,1110
432071,957,1122
432072,962,1111
432073,968,1079
432074,977,1039
432075,980,1006
432076,981,994
432077,974,1008
432078,970,1029
432079,969,1049
432080,970,1054
432081,976,1036
432082,979,1017
432083,977,1005
432084,974,1007
432085,971,1011
432086,972,1020
432087,974,1024
432088,971,1026
432089,966,1032
432090,963,1032
432091,963,1034
432092,965,1039
432093,968,1038
432094,967,1039
432095,965,1036
432096,965,1037
432097,966,1038
432098,968,1042
432099,971,1043
432100,971,1042
432101,970,1042
432102,970,1042
432103,968,1053
432104,970,1057
432105,973,1056
432106,974,1046
432107,975,1036
432108,975,1028
432109,972,1030
432110,977,1036
432111,976,1040
432112,970,1052
432113,965,1066
432114,960,1085
432115,966,1092
432116,973,1074
432117,983,1041
432118,985,1012
432119,979,1000
432120,976,1004
432121,973,1014
432122,977,1023
432123,976,1028
432124,976,1029
432125,969,1029
432126,967,1032
432127,970,1036
432128,969,1038
432129,967,1039
432130,969,1035
432131,966,1034
432132,965,1035
432133,965,1036
432134,968,1039
432135,971,1038
432136,969,1037
432137,965,1036
432138,961,1038
432139,962,1040
432140,964,1041
432141,967,1040
432142,966,1038
432143,964,1035
432144,964,1033
432145,970,1039
432146,972,1041
432147,973,1037
432148,972,1034
432149,971,1031
432150,971,1032
432151,971,1037
432152,974,1041
432153,975,1038
432154,973,1035
432155,977,1033
432156,973,1034
432157,974,1034
432158,978,1038
432159,979,1038
432160,981,1034
432161,978,1034
432162,979,1033
432163,981,1035
432164,982,1036
432165,983,1032
432166,986,1032
432167,982,1029
432168,983,1029
432169,983,1027
432170,992,1025
432171,1002,1020
432172,1012,1014
432173,1022,1011
432174,1037,1010
432175,1061,1011
432176,1092,1010
432177,1133,997
432178,1170,985
432179,1211,976
432180,1251,977
432181,1294,989
432182,1317,1012
432183,1322,1034
432184,1289,1043
432185,1233,1042
432186,1168,1047
432187,1104,1060
432188,1040,1072
432189,988,1076
432190,952,1079
432191,944,1076
432192,955,1068
432193,972,1059
432194,985,1053
432195,989,1042
432196,984,1037
432197,980,1032
432198,975,1031
432199,975,1033
432200,972,1034
432201,973,1033
432202,971,1031
432203,968,1031
432204,968,1028
432205,967,1032
432206,970,1036
432207,969,1033
432208,969,1031
432209,963,1027
432210,961,1028
432211,963,1030
432212,967,1030
432213,971,1027
432214,969,1023
432215,968,1022
432216,967,1023
432217,966,1028
432218,967,1030
432219,967,1028
432220,967,1027
432221,963,1025
432222,965,1027
432223,970,1029
432224,970,1031
432225,970,1031
432226,968,1030
432227,967,1027
432228,965,1028
432229,966,1027
432230,965,1034
432231,966,1032
432232,967,1031
432233,963,1027
432234,963,1027
432235,965,1029
432236,966,1029
432237,969,1028
432238,967,1026
432239,964,1024
432240,966,1025
432241,970,1028
432242,972,1031
432243,978,1027
432244,977,1024
432245,976,1022
432246,976,1020
432247,976,1021
432248,981,1022
432249,985,1021
432250,984,1015
432251,984,1012
432252,985,1009
432253,983,1010
432254,990,1013
432255,995,1007
432256,994,1004
432257,993,1004
432258,990,1004
432259,995,1003
432260,997,1003
432261,1002,1001
432262,1006,996
432263,1009,994
432264,1011,999
432265,1011,998
432266,1013,1000
432267,1014,1001
432268,1012,999
432269,1013,993
432270,1011,995
432271,1014,996
432272,1017,999
432273,1019,997
432274,1023,993
432275,1021,991
432276,1021,993
432277,1020,995
432278,1025,997
432279,1025,996
432280,1028,994
432281,1027,994
432282,1027,995
432283,1027,1000
432284,1032,1004
432285,1032,1005
432286,1027,1005
432287,1025,1002
432288,1023,1003
432289,1023,1008
432290,1030,1013
432291,1033,1016
432292,1029,1015
432293,1024,1015
432294,1021,1022
432295,1023,1023
432296,1023,1027
432297,1022,1031
432298,1017,1026
432299,1013,1027
432300,1011,1030
432301,1011,1030
432302,1012,1035
432303,1012,1034
432304,1006,1035
432305,999,1032
432306,996,1036
432307,997,1038
432308,1001,1039
432309,1003,1040
432310,1000,1037
432311,997,1035
432312,998,1035
432313,997,1039
432314,1000,1040
432315,997,1039
432316,996,1039
432317,993,1039
432318,993,1041
432319,996,1040
432320,997,1043
432321,1002,1044
432322,1000,1040
432323,996,1034
432324,992,1035
432325,992,1037
432326,994,1041
432327,996,1039
432328,991,1040
432329,990,1038
432330,993,1036
432331,995,1038
432332,1000,1040
432333,1001,1038
432334,999,1036
432335,998,1035
432336,995,1033
432337,996,1036
432338,996,1039
432339,997,1038
432340,996,1035
432341,995,1035
432342,993,1037
432343,994,1039
432344,1000,1040
432345,1000,1038
432346,998,1036
432347,999,1033
432348,996,1034
432349,998,1038
432350,1002,1041
432351,1006,1041
432352,1005,1039
432353,1002,1035
432354,1001,1036
432355,998,1038
432356,999,1039
432357,1001,1039
432358,1001,1036
432359,999,1035
432360,998,1037
432361,998,1039
432362,1001,1039
432363,999,1040
432364,995,1039
432365,993,1038
432366,987,1039
432367,989,1038
432368,995,1042
432369,996,1042
432370,996,1040
432371,991,1039
432372,987,1039
432373,986,1040
432374,990,1040
432375,992,1040
432376,991,1034
432377,986,1031
432378,985,1032
432379,987,1036
432380,988,1038
432381,992,1037
432382,991,1035
432383,986,1032
432384,984,1035
432385,986,1037
432386,987,1043
432387,989,1041
432388,988,1039
432389,988,1037
432390,989,1036
432391,989,1036
432392,1002,1038
432393,1015,1034
432394,1024,1029
432395,1037,1027
432396,1054,1025
432397,1082,1024
432398,1120,1024
432399,1167,1011
432400,1211,1002
432401,1253,999
432402,1297,1008
432403,1333,1031
432404,1348,1060
432405,1325,1072
432406,1272,1072
432407,1204,1069
432408,1125,1076
432409,1050,1093
432410,985,1104
432411,948,1107
432412,941,1098
432413,954,1084
432414,970,1070
432415,982,1058
432416,985,1054
432417,986,1048
432418,981,1044
432419,976,1040
432420,971,1039
432421,972,1044
432422,971,1046
432423,972,1042
432424,969,1042
432425,966,1039
432426,966,1039
432427,966,1041
432428,966,1042
432429,967,1043
432430,967,1041
432431,960,1038
432432,960,1041
432433,964,1044
432434,967,1048
432435,967,1048
432436,967,1045
432437,967,1045
432438,964,1044
432439,965,1048
432440,966,1048
432441,967,1047
432442,967,1048
432443,968,1046
432444,965,1046
432445,964,1047
432446,965,1048
432447,969,1047
432448,969,1045
432449,968,1043
432450,965,1042
432451,965,1042
432452,971,1045
432453,967,1044
432454,967,1043
432455,966,1040
432456,965,1040
432457,965,1040
432458,968,1043
432459,969,1039
432460,968,1036
432461,965,1032
432462,963,1031
432463,967,1031
432464,971,1032
432465,977,1030
432466,975,1027
432467,977,1022
432468,974,1023
432469,977,1024
432470,980,1025
432471,981,1025
432472,982,1021
432473,981,1016
432474,983,1016
432475,989,1015
432476,992,1013
432477,994,1013
432478,994,1009
432479,991,1006
432480,991,1008
432481,997,1011
432482,1000,1011
432483,1002,1009
432484,1000,1008
432485,997,1003
432486,996,1003
432487,997,1003
432488,996,1007
432489,1000,1005
432490,1000,1003
432491,998,1002
432492,999,1000
432493,1001,1004
432494,1004,1006
432495,1009,1005
432496,1006,1003
432497,1002,1003
432498,1000,1006
432499,1005,1010
432500,1009,1014
432501,1011,1015
432502,1008,1017
432503,1002,1016
432504,1000,1022
432505,999,1025
432506,997,1030
432507,994,1029
432508,993,1032
432509,991,1033
432510,989,1035
432511,987,1038
432512,988,1047
432513,988,1048
432514,985,1047
432515,982,1045
432516,980,1048
432517,978,1052
432518,979,1053
432519,979,1054
432520,975,1050
432521,975,1049
432522,976,1047
432523,977,1049
432524,979,1055
432525,981,1055
432526,980,1054
432527,975,1052
432528,972,1054
432529,975,1057
432530,975,1061
432531,979,1057
432532,977,1053
432533,975,1050
432534,978,1052
432535,980,1052
432536,985,1054
432537,988,1050
432538,986,1050
432539,982,1046
432540,984,1047
432541,987,1050
432542,989,1051
432543,991,1050
432544,994,1051
432545,991,1050
432546,992,1052
432547,989,1052
432548,989,1057
432549,989,1056
432550,983,1057
432551,980,1061
432552,978,1075
432553,979,1086
432554,985,1089
432555,990,1069
432556,985,1051
432557,986,1036
432558,987,1030
432559,988,1033
432560,989,1034
432561,990,1031
432562,986,1028
432563,984,1027
432564,982,1029
432565,987,1031
432566,985,1037
432567,987,1037
432568,980,1036
432569,977,1036
432570,975,1037
432571,978,1042
432572,979,1048
432573,979,1047
432574,976,1050
432575,974,1046
432576,973,1046
432577,976,1048
432578,983,1050
432579,983,1047
432580,981,1046
432581,979,1045
432582,977,1047
432583,979,1048
432584,982,1050
432585,984,1048
432586,984,1045
432587,983,1047
432588,983,1046
432589,984,1052
432590,986,1054
432591,985,1052
432592,985,1054
432593,983,1051
432594,983,1052
432595,982,1053
432596,985,1055
432597,985,1054
432598,984,1054
432599,980,1050
432600,977,1053
432601,979,1055
432602,983,1059
432603,984,1059
432604,982,1058
432605,982,1053
432606,979,1053
432607,980,1058
432608,977,1062
432609,982,1060
432610,979,1055
432611,974,1056
432612,976,1057
432613,979,1060
432614,982,1063
432615,982,1060
432616,977,1057
432617,975,1054
432618,970,1051
432619,971,1056
432620,972,1059
432621,975,1057
432622,976,1053
432623,975,1055
432624,977,1055
432625,981,1060
432626,982,1063
432627,983,1060
432628,978,1056
432629,977,1053
432630,975,1055
432631,977,1058
432632,981,1062
432633,978,1058
432634,976,1055
432635,976,1057
432636,979,1059
432637,985,1063
432638,990,1067
432639,990,1064
432640,987,1061
432641,981,1056
432642,981,1055
432643,981,1059
432644,984,1060
432645,984,1057
432646,984,1056
432647,982,1051
432648,981,1054
432649,980,1057
432650,984,1062
432651,987,1061
432652,985,1059
432653,979,1056
432654,982,1054
432655,987,1053
432656,990,1055
432657,990,1055
432658,986,1053
432659,985,1052
432660,987,1050
432661,987,1052
432662,984,1051
432663,982,1050
432664,980,1050
432665,981,1050
432666,979,1052
432667,975,1059
432668,975,1058
432669,976,1052
432670,977,1053
432671,970,1050
432672,970,1052
432673,971,1058
432674,974,1063
432675,978,1060
432676,976,1058
432677,976,1055
432678,976,1056
432679,977,1059
432680,977,1060
432681,978,1059
432682,975,1059
432683,972,1060
432684,976,1060
432685,979,1060
432686,982,1064
432687,983,1062
432688,981,1060
432689,977,1059
432690,976,1057
432691,977,1058
432692,982,1060
432693,983,1056
432694,981,1052
432695,975,1051
432696,978,1052
432697,980,1052
432698,982,1057
432699,984,1055
432700,981,1053
432701,975,1049
432702,976,1048
432703,979,1052
432704,982,1052
432705,985,1049
432706,981,1049
432707,980,1048
432708,976,1048
432709,979,1050
432710,978,1056
432711,983,1055
432712,984,1054
432713,983,1052
432714,985,1055
432715,987,1058
432716,990,1057
432717,989,1054
432718,984,1047
432719,979,1044
432720,985,1045
432721,994,1042
432722,1009,1042
432723,1027,1041
432724,1048,1036
432725,1072,1034
432726,1107,1034
432727,1146,1028
432728,1187,1020
432729,1234,1011
432730,1275,1009
432731,1314,1011
432732,1349,1025
432733,1360,1043
432734,1340,1059
432735,1285,1066
432736,1210,1068
432737,1131,1075
432738,1054,1086
432739,990,1091
432740,956,1095
432741,959,1092
432742,974,1080
432743,990,1068
432744,996,1061
432745,993,1055
432746,991,1058
432747,987,1058
432748,981,1055
432749,975,1051
432750,972,1049
432751,976,1050
432752,980,1054
432753,977,1055
432754,974,1054
432755,968,1050
432756,967,1053
432757,967,1055
432758,972,1059
432759,973,1058
432760,972,1055
432761,967,1054
432762,968,1058
432763,966,1058
432764,969,1062
432765,968,1062
432766,966,1059
432767,960,1055
432768,958,1054
432769,960,1059
432770,964,1063
432771,967,1059
432772,964,1056
432773,962,1054
432774,960,1056
432775,958,1058
432776,963,1060
432777,961,1058
432778,963,1056
432779,964,1057
432780,966,1056
432781,969,1058
432782,974,1063
432783,973,1057
432784,971,1056
432785,975,1055
432786,975,1053
432787,979,1053
432788,978,1055
432789,980,1054
432790,978,1049
432791,977,1046
432792,980,1044
432793,981,1047
432794,984,1050
432795,986,1049
432796,986,1046
432797,984,1043
432798,986,1044
432799,988,1043
432800,995,1043
432801,997,1042
432802,998,1038
432803,994,1035
432804,993,1034
432805,996,1034
432806,997,1039
432807,1000,1034
432808,1001,1032
432809,1001,1028
432810,1003,1026
432811,1005,1029
432812,1007,1030
432813,1009,1029
432814,1010,1028
432815,1007,1026
432816,1003,1026
432817,1004,1030
432818,1009,1029
432819,1010,1030
432820,1010,1026
432821,1009,1023
432822,1009,1026
432823,1010,1028
432824,1017,1028
432825,1018,1026
432826,1018,1025
432827,1017,1024
432828,1017,1024
432829,1021,1025
432830,1026,1030
432831,1026,1030
432832,1022,1032
432833,1016,1036
432834,1015,1043
432835,1015,1049
432836,1023,1048
432837,1026,1040
432838,1030,1027
432839,1030,1022
432840,1026,1022
432841,1026,1028
432842,1030,1033
432843,1029,1039
432844,1026,1042
432845,1018,1050
432846,1014,1058
432847,1014,1059
432848,1012,1055
432849,1011,1052
432850,1007,1044
432851,997,1045
432852,995,1050
432853,996,1060
432854,997,1068
432855,998,1068
432856,998,1062
432857,995,1053
432858,996,1051
432859,994,1049
432860,994,1051
432861,995,1053
432862,989,1052
432863,985,1053
432864,986,1058
432865,986,1063
432866,992,1065
432867,995,1065
432868,992,1062
432869,987,1063
432870,983,1063
432871,984,1069
432872,983,1075
432873,985,1080
432874,981,1088
432875,971,1104
432876,967,1127
432877,969,1149
432878,971,1159
432879,977,1148
432880,987,1119
432881,991,1084
432882,991,1065
432883,993,1068
432884,997,1089
432885,1004,1088
432886,1006,1067
432887,1009,1033
432888,1008,1008
432889,1010,997
432890,1016,996
432891,1016,1000
432892,1017,1006
432893,1011,1013
432894,1007,1021
432895,1005,1030
432896,1004,1036
432897,1002,1038
432898,1002,1041
432899,999,1045
432900,994,1049
432901,996,1053
432902,998,1056
432903,1000,1057
432904,996,1053
432905,994,1051
432906,987,1054
432907,986,1058
432908,990,1062
432909,991,1062
432910,991,1057
432911,990,1057
432912,987,1060
432913,989,1060
432914,991,1063
432915,992,1057
432916,994,1057
432917,987,1059
432918,988,1059
432919,990,1060
432920,990,1058
432921,990,1056
432922,989,1055
432923,985,1051
432924,983,1054
432925,983,1056
432926,985,1061
432927,988,1060
432928,985,1060
432929,983,1058
432930,981,1060
432931,983,1062
432932,985,1066
432933,985,1065
432934,986,1061
432935,986,1057
432936,981,1056
432937,984,1055
432938,986,1058
432939,990,1059
432940,987,1057
432941,989,1054
432942,988,1056
432943,993,1060
432944,997,1061
432945,995,1060
432946,993,1056
432947,992,1053
432948,990,1056
432949,991,1057
432950,997,1059
432951,994,1057
432952,995,1053
432953,998,1048
432954,1003,1044
432955,1016,1047
432956,1029,1048
432957,1045,1047
432958,1066,1044
432959,1097,1035
432960,1132,1025
432961,1181,1017
432962,1233,1013
432963,1280,1010
432964,1317,1015
432965,1337,1033
432966,1329,1055
432967,1291,1071
432968,1228,1076
432969,1154,1073
432970,1073,1082
432971,997,1098
432972,935,1114
432973,916,1123
432974,929,1124
432975,947,1112
432976,963,1095
432977,969,1081
432978,972,1074
432979,973,1073
432980,974,1072
432981,972,1071
432982,970,1065
432983,967,1061
432984,967,1061
432985,965,1064
432986,967,1065
432987,968,1063
432988,965,1063
432989,962,1061
432990,960,1060
432991,962,1060
432992,966,1065
432993,967,1064
432994,961,1062
432995,960,1058
432996,957,1059
432997,958,1060
432998,959,1062
432999,961,1061
433000,958,1052
433001,956,1053
433002,954,1054
433003,955,1056
433004,956,1059
433005,958,1060
433006,956,1057
433007,950,1054
433008,950,1056
433009,952,1058
433010,957,1060
433011,958,1060
433012,955,1057
433013,956,1055
433014,956,1057
433015,957,1058
433016,957,1060
433017,956,1059
433018,954,1055
433019,953,1052
433020,955,1052
433021,958,1053
433022,961,1058
433023,963,1055
433024,961,1053
433025,956,1051
433026,958,1049
433027,962,1052
433028,968,1050
433029,968,1045
433030,969,1041
433031,970,1039
433032,971,1035
433033,973,1039
433034,978,1040
433035,982,1040
433036,985,1038
433037,981,1037
433038,982,1034
433039,987,1036
433040,991,1034
433041,991,1028
433042,992,1024
433043,994,1020
433044,994,1022
433045,996,1024
433046,997,1024
433047,997,1023
433048,995,1018
433049,996,1013
433050,996,1015
433051,996,1015
433052,1000,1018
433053,1004,1013
433054,1003,1013
433055,1002,1010
433056,1003,1008
433057,1003,1012
433058,1002,1014
433059,1003,1012
433060,1003,1011
433061,1002,1009
433062,1002,1012
433063,1005,1014
433064,1008,1020
433065,1006,1017
433066,1002,1018
433067,998,1018
433068,996,1021
433069,995,1023
433070,998,1029
433071,995,1031
433072,993,1031
433073,986,1031
433074,985,1036
433075,984,1044
433076,983,1047
433077,982,1046
433078,977,1048
433079,974,1050
433080,971,1053
433081,972,1058
433082,974,1063
433083,974,1063
433084,969,1061
433085,968,1059
433086,964,1061
433087,966,1067
433088,970,1070
433089,968,1070
433090,965,1067
433091,962,1066
433092,964,1069
433093,966,1073
433094,972,1077
433095,970,1076
433096,967,1074
433097,964,1072
433098,964,1070
433099,964,1071
433100,968,1073
433101,969,1072
433102,965,1072
433103,962,1069
433104,964,1068
433105,966,1070
433106,969,1071
433107,969,1068
433108,966,1064
433109,966,1064
433110,964,1064
433111,965,1068
433112,965,1069
433113,970,1070
433114,967,1066
433115,967,1064
433116,965,1062
433117,964,1065
433118,965,1071
433119,967,1068
433120,967,1061
433121,964,1061
433122,965,1060
433123,967,1063
433124,969,1068
433125,970,1065
433126,966,1066
433127,962,1063
433128,963,1064
433129,965,1067
433130,969,1071
433131,970,1067
433132,967,1064
433133,964,1061
433134,962,1064
433135,966,1067
433136,969,1069
433137,971,1068
433138,969,1069
433139,962,1063
433140,961,1064
433141,964,1067
433142,963,1073
433143,964,1070
433144,966,1069
433145,961,1063
433146,962,1067
433147,963,1067
433148,967,1070
433149,963,1067
433150,961,1066
433151,960,1062
433152,965,1066
433153,964,1067
433154,964,1070
433155,966,1070
433156,966,1065
433157,964,1063
433158,963,1066
433159,963,1069
433160,967,1069
433161,966,1070
433162,967,1063
433163,960,1061
433164,961,1064
433165,965,1064
433166,968,1068
433167,967,1067
433168,965,1063
433169,965,1062
433170,962,1061
433171,962,1064
433172,967,1061
433173,973,1057
433174,976,1053
433175,986,1050
433176,999,1051
433177,1015,1050
433178,1041,1052
433179,1070,1050
433180,1108,1038
433181,1150,1028
433182,1191,1021
433183,1238,1023
433184,1285,1036
433185,1312,1057
433186,1316,1080
433187,1292,1095
433188,1238,1095
433189,1172,1096
433190,1098,1105
433191,1020,1116
433192,950,1124
433193,914,1130
433194,906,1128
433195,924,1122
433196,942,1111
433197,955,1097
433198,956,1084
433199,957,1076
433200,952,1073
433201,950,1073
433202,950,1074
433203,948,1075
433204,944,1075
433205,938,1070
433206,938,1069
433207,942,1075
433208,943,1076
433209,942,1076
433210,940,1074
433211,938,1070
433212,935,1073
433213,938,1074
433214,938,1077
433215,939,1076
433216,938,1075
433217,933,1071
433218,936,1074
433219,937,1073
433220,936,1074
433221,939,1073
433222,935,1072
433223,932,1069
433224,929,1069
433225,930,1067
433226,934,1068
433227,934,1068
433228,936,1066
433229,935,1061
433230,933,1060
433231,936,1062
433232,936,1066
433233,938,1064
433234,938,1060
433235,941,1061
433236,938,1060
433237,938,1063
433238,942,1066
433239,943,1063
433240,942,1061
433241,940,1057
433242,941,1057
433243,941,1059
433244,944,1060
433245,941,1056
433246,945,1057
433247,943,1053
433248,941,1054
433249,945,1055
433250,948,1055
433251,954,1053
433252,952,1048
433253,948,1046
433254,950,1046
433255,953,1044
433256,955,1048
433257,959,1043
433258,958,1041
433259,954,1038
433260,956,1039
433261,960,1039
433262,964,1039
433263,963,1036
433264,960,1032
433265,958,1028
433266,957,1030
433267,964,1031
433268,968,1030
433269,972,1026
433270,969,1023
433271,968,1020
433272,967,1023
433273,966,1023
433274,967,1023
433275,968,1022
433276,971,1018
433277,973,1017
433278,972,1018
433279,974,1021
433280,978,1023
433281,981,1022
433282,982,1020
433283,980,1019
433284,981,1020
433285,981,1025
433286,985,1030
433287,986,1028
433288,981,1026
433289,982,1028
433290,985,1030
433291,986,1034
433292,987,1038
433293,987,1038
433294,984,1036
433295,975,1037
433296,974,1042
433297,974,1045
433298,975,1051
433299,974,1051
433300,973,1052
433301,966,1053
433302,963,1057
433303,967,1063
433304,967,1066
433305,966,1065
433306,961,1064
433307,960,1063
433308,959,1066
433309,958,1068
433310,961,1073
433311,960,1072
433312,956,1071
433313,953,1070
433314,951,1072
433315,952,1073
433316,953,1076
433317,951,1079
433318,951,1077
433319,948,1077
433320,950,1075
433321,954,1081
433322,950,1082
433323,956,1080
433324,951,1077
433325,947,1071
433326,948,1076
433327,949,1079
433328,954,1081
433329,953,1078
433330,955,1077
433331,952,1073
433332,954,1074
433333,959,1079
433334,960,1079
433335,962,1082
433336,957,1078
433337,953,1076
433338,953,1077
433339,956,1078
433340,960,1079
433341,961,1079
433342,959,1077
433343,959,1074
433344,960,1074
433345,962,1076
433346,963,1078
433347,960,1073
433348,959,1070
433349,963,1070
433350,961,1068
433351,963,1070
433352,966,1073
433353,966,1071
433354,964,1066
433355,963,1065
433356,967,1067
433357,967,1070
433358,975,1077
433359,977,1077
433360,974,1076
433361,973,1078
433362,977,1081
433363,980,1087
433364,982,1090
433365,984,1090
433366,994,1090
433367,1003,1082
433368,1017,1071
433369,1030,1058
433370,1046,1042
433371,1057,1025
433372,1070,1008
433373,1083,990
433374,1100,975
433375,1116,961
433376,1138,944
433377,1155,920
433378,1170,895
433379,1178,872
433380,1188,861
433381,1203,855
433382,1216,849
433383,1224,835
433384,1226,826
433385,1219,827
433386,1214,837
433387,1212,847
433388,1213,854
433389,1208,862
433390,1197,866
433391,1187,862
433392,1179,853
433393,1170,854
433394,1158,858
433395,1139,863
433396,1118,866
433397,1096,868
433398,1078,877
433399,1061,898
433400,1053,922
433401,1048,950
433402,1042,978
433403,1033,994
433404,1026,1004
433405,1027,1009
433406,1031,1009
433407,1038,1007
433408,1044,1006
433409,1053,1005
433410,1071,1010
433411,1090,1013
433412,1102,1020
433413,1088,1027
433414,1046,1043
433415,996,1050
433416,953,1056
433417,927,1058
433418,919,1064
433419,913,1068
433420,908,1071
433421,902,1082
433422,897,1092
433423,894,1106
433424,895,1119
433425,893,1127
433426,886,1129
433427,879,1128
433428,873,1127
433429,870,1132
433430,870,1135
433431,867,1138
433432,865,1145
433433,859,1157
433434,858,1170
433435,860,1174
433436,865,1168
433437,868,1165
433438,867,1156
433439,863,1148
433440,859,1145
433441,857,1147
433442,855,1151
433443,852,1155
433444,847,1158
433445,841,1162
433446,838,1176
433447,839,1191
433448,841,1201
433449,841,1198
433450,834,1189
433451,834,1178
433452,831,1173
433453,829,1183
433454,825,1202
433455,820,1233
433456,816,1257
433457,816,1259
433458,821,1242
433459,829,1213
433460,832,1183
433461,832,1160
433462,828,1154
433463,823,1156
433464,818,1167
433465,824,1178
433466,823,1186
433467,820,1191
433468,820,1197
433469,815,1201
433470,814,1207
433471,811,1216
433472,814,1223
433473,819,1221
433474,820,1220
433475,816,1218
433476,817,1225
433477,821,1232
433478,826,1238
433479,830,1240
433480,832,1236
433481,833,1224
433482,838,1217
433483,847,1214
433484,851,1209
433485,857,1205
433486,859,1203
433487,862,1202
433488,865,1206
433489,871,1212
433490,881,1206
433491,887,1191
433492,888,1177
433493,889,1168
433494,893,1166
433495,898,1169
433496,905,1175
433497,913,1176
433498,916,1171
433499,917,1163
433500,919,1156
433501,923,1150
433502,931,1147
433503,932,1136
433504,933,1123
433505,931,1106
433506,933,1099
433507,935,1095
433508,939,1097
433509,939,1094
433510,939,1090
433511,934,1091
433512,934,1091
433513,935,1096
433514,938,1095
433515,939,1094
433516,935,1092
433517,933,1088
433518,934,1090
433519,938,1090
433520,940,1093
433521,938,1091
433522,934,1086
433523,933,1084
433524,932,1085
433525,933,1089
433526,938,1091
433527,935,1088
433528,932,1083
433529,928,1082
433530,928,1083
433531,935,1088
433532,938,1091
433533,937,1089
433534,935,1087
433535,931,1084
433536,931,1085
433537,934,1086
433538,936,1090
433539,935,1083
433540,935,1084
433541,930,1082
433542,930,1083
433543,934,1084
433544,936,1086
433545,933,1085
433546,935,1083
433547,930,1081
433548,934,1083
433549,934,1086
433550,938,1088
433551,939,1083
433552,935,1079
433553,933,1077
433554,932,1079
433555,935,1082
433556,942,1080
433557,943,1077
433558,942,1071
433559,944,1067
433560,945,1069
433561,951,1074
433562,952,1073
433563,954,1069
433564,948,1063
433565,947,1061
433566,947,1059
433567,947,1063
433568,950,1067
433569,953,1069
433570,945,1064
433571,942,1064
433572,942,1066
433573,945,1068
433574,948,1071
433575,948,1068
433576,948,1066
433577,941,1066
433578,941,1069
433579,944,1071
433580,951,1072
433581,950,1068
433582,947,1063
433583,945,1062
433584,944,1065
433585,948,1068
433586,950,1068
433587,947,1065
433588,946,1065
433589,944,1065
433590,943,1064
433591,946,1065
433592,949,1068
433593,948,1064
433594,947,1064
433595,943,1063
433596,942,1063
433597,943,1067
433598,946,1069
433599,949,1068
433600,948,1067
433601,942,1064
433602,944,1066
433603,945,1070
433604,948,1070
433605,949,1067
433606,944,1065
433607,944,1063
433608,944,1062
433609,948,1066
433610,951,1065
433611,953,1063
433612,949,1059
433613,949,1056
433614,949,1058
433615,953,1059
433616,957,1065
433617,956,1059
433618,957,1059
433619,953,1055
433620,954,1056
433621,955,1059
433622,958,1059
433623,958,1059
433624,957,1058
433625,953,1055
433626,949,1057
433627,947,1060
433628,950,1060
433629,952,1059
433630,950,1057
433631,945,1053
433632,948,1056
433633,949,1058
433634,955,1062
433635,954,1062
433636,950,1059
433637,948,1057
433638,947,1060
433639,950,1062
433640,951,1065
433641,953,1065
433642,951,1063
433643,949,1057
433644,949,1060
433645,951,1060
433646,952,1063
433647,950,1063
433648,949,1058
433649,945,1059
433650,948,1061
433651,950,1062
433652,950,1068
433653,951,1064
433654,950,1063
433655,951,1060
433656,948,1064
433657,951,1063
433658,952,1066
433659,954,1061
433660,955,1059
433661,950,1057
433662,953,1058
433663,954,1060
433664,956,1063
433665,956,1060
433666,951,1056
433667,947,1055
433668,949,1056
433669,950,1059
433670,954,1060
433671,954,1057
433672,954,1051
433673,949,1051
433674,951,1052
433675,950,1056
433676,951,1057
433677,953,1054
433678,952,1053
433679,949,1053
433680,949,1055
433681,950,1059
433682,952,1062
433683,957,1058
433684,951,1055
433685,952,1054
433686,950,1055
433687,953,1057
433688,956,1058
433689,955,1059
433690,951,1057
433691,950,1055
433692,950,1060
433693,951,1063
433694,955,1066
433695,959,1062
433696,957,1062
433697,952,1060
433698,951,1059
433699,954,1062
433700,958,1065
433701,958,1066
433702,957,1062
433703,956,1059
433704,954,1059
433705,956,1059
433706,958,1061
433707,960,1057
433708,957,1054
433709,954,1051
433710,953,1054
433711,955,1055
433712,961,1057
433713,959,1051
433714,961,1051
433715,954,1049
433716,957,1050
433717,956,1049
433718,959,1051
433719,960,1051
433720,959,1050
433721,958,1049
433722,958,1050
433723,959,1053
433724,959,1055
433725,959,1054
433726,954,1053
433727,952,1049
433728,952,1051
433729,956,1055
433730,957,1056
433731,962,1054
433732,957,1052
433733,953,1049
433734,955,1053
433735,957,1055
433736,963,1057
433737,965,1057
433738,960,1054
433739,958,1054
433740,955,1055
433741,961,1058
433742,966,1059
433743,965,1057
433744,963,1057
433745,960,1055
433746,958,1056
433747,962,1056
433748,965,1056
433749,964,1056
433750,962,1054
433751,961,1055
433752,962,1057
433753,966,1057
433754,968,1061
433755,968,1058
433756,965,1055
433757,960,1055
433758,962,1053
433759,963,1055
433760,968,1056
433761,968,1053
433762,967,1049
433763,965,1044
433764,967,1046
433765,967,1050
433766,969,1052
433767,966,1054
433768,965,1052
433769,960,1048
433770,959,1047
433771,963,1053
433772,966,1055
433773,968,1053
433774,967,1050
433775,960,1047
433776,957,1051
433777,961,1053
433778,963,1055
433779,962,1055
433780,960,1048
433781,956,1049
433782,958,1048
433783,963,1051
433784,966,1050
433785,964,1047
433786,961,1047
433787,958,1046
433788,960,1049
433789,961,1050
433790,965,1051
433791,963,1052
433792,966,1048
433793,966,1049
433794,965,1049
433795,966,1050
433796,966,1055
433797,968,1054
433798,968,1050
433799,967,1048
433800,966,1051
433801,970,1052
433802,970,1053
433803,970,1054
433804,971,1050
433805,967,1049
433806,968,1048
433807,970,1050
433808,975,1051
433809,975,1047
433810,974,1048
433811,971,1045
433812,971,1048
433813,975,1052
433814,978,1054
433815,976,1051
433816,970,1048
433817,968,1048
433818,971,1048
433819,974,1051
433820,977,1054
433821,977,1048
433822,974,1047
433823,970,1045
433824,973,1045
433825,971,1046
433826,971,1049
433827,971,1045
433828,971,1041
433829,974,1037
433830,980,1035
433831,995,1036
433832,1010,1038
433833,1032,1034
433834,1052,1030
433835,1081,1024
433836,1118,1015
433837,1158,1007
433838,1201,996
433839,1244,989
433840,1280,990
433841,1307,1002
433842,1319,1027
433843,1308,1052
433844,1267,1065
433845,1211,1068
433846,1150,1068
433847,1090,1074
433848,1024,1085
433849,972,1092
433850,945,1095
433851,948,1092
433852,961,1085
433853,967,1074
433854,974,1065
433855,976,1061
433856,973,1060
433857,971,1058
433858,966,1055
433859,962,1051
433860,960,1053
433861,962,1052
433862,962,1051
433863,963,1048
433864,962,1047
433865,956,1042
433866,951,1044
433867,950,1047
433868,951,1050
433869,953,1048
433870,952,1049
433871,949,1045
433872,947,1046
433873,949,1048
433874,952,1052
433875,952,1049
433876,951,1047
433877,947,1046
433878,947,1047
433879,949,1051
433880,951,1052
433881,949,1050
433882,948,1048
433883,946,1048
433884,947,1049
433885,947,1050
433886,950,1053
433887,948,1051
433888,944,1046
433889,940,1050
433890,943,1051
433891,944,1053
433892,946,1053
433893,949,1051
433894,946,1049
433895,947,1047
433896,947,1050
433897,947,1050
433898,950,1053
433899,947,1051
433900,949,1047
433901,947,1043
433902,948,1042
433903,952,1046
433904,955,1048
433905,957,1046
433906,955,1043
433907,953,1039
433908,955,1040
433909,958,1039
433910,963,1042
433911,963,1037
433912,964,1034
433913,964,1031
433914,968,1032
433915,972,1033
433916,976,1033
433917,977,1029
433918,976,1027
433919,976,1025
433920,977,1025
433921,977,1028
433922,984,1030
433923,987,1028
433924,984,1025
433925,983,1023
433926,984,1021
433927,989,1024
433928,992,1024
433929,993,1023
433930,990,1019
433931,991,1018
433932,992,1018
433933,996,1018
433934,1000,1022
433935,999,1018
433936,998,1015
433937,997,1010
433938,997,1012
433939,997,1014
433940,1000,1017
433941,1004,1015
433942,1001,1010
433943,1002,1006
433944,1000,1008
433945,1005,1009
433946,1012,1013
433947,1012,1010
433948,1009,1008
433949,1008,1004
433950,1011,1006
433951,1014,1008
433952,1016,1011
433953,1017,1009
433954,1016,1009
433955,1013,1005
433956,1010,1009
433957,1013,1013
433958,1013,1014
433959,1013,1014
433960,1009,1015
433961,1003,1017
433962,1002,1019
433963,1003,1024
433964,1003,1028
433965,1001,1029
433966,999,1030
433967,993,1031
433968,992,1033
433969,991,1037
433970,993,1039
433971,990,1041
433972,985,1039
433973,981,1037
433974,983,1042
433975,986,1043
433976,988,1046
433977,990,1047
433978,985,1046
433979,980,1044
433980,979,1046
433981,980,1049
433982,984,1049
433983,981,1046
433984,979,1046
433985,974,1045
433986,975,1046
433987,976,1049
433988,974,1051
433989,978,1048
433990,974,1046
433991,972,1044
433992,974,1045
433993,976,1048
433994,977,1050
433995,983,1046
433996,979,1046
433997,972,1043
433998,975,1042
433999,978,1041
434000,981,1044
434001,979,1040
434002,979,1039
434003,976,1039
434004,979,1040
434005,979,1042
434006,981,1043
434007,979,1039
434008,978,1037
434009,975,1034
434010,978,1035
434011,980,1034
434012,983,1036
434013,983,1035
434014,983,1033
434015,980,1032
434016,979,1034
434017,981,1036
434018,985,1040
434019,980,1037
434020,979,1035
434021,977,1033
434022,978,1037
434023,984,1039
434024,984,1039
434025,988,1040
434026,983,1038
434027,981,1035
434028,981,1038
434029,980,1038
434030,984,1041
434031,984,1041
434032,982,1038
434033,978,1035
434034,980,1038
434035,980,1038
434036,980,1041
434037,983,1039
434038,980,1035
434039,978,1035
434040,979,1038
434041,983,1036
434042,985,1041
434043,985,1039
434044,982,1037
434045,980,1034
434046,976,1036
434047,979,1038
434048,978,1038
434049,980,1036
434050,977,1031
434051,976,1031
434052,971,1035
434053,974,1037
434054,977,1039
434055,974,1039
434056,974,1035
434057,971,1036
434058,967,1037
434059,972,1039
434060,976,1041
434061,978,1040
434062,973,1039
434063,970,1038
434064,971,1041
434065,974,1043
434066,975,1044
434067,971,1046
434068,969,1044
434069,966,1044
434070,966,1046
434071,969,1049
434072,976,1046
434073,978,1045
434074,977,1042
434075,974,1041
434076,973,1043
434077,976,1048
434078,980,1049
434079,977,1045
434080,973,1040
434081,970,1039
434082,972,1042
434083,975,1042
434084,979,1045
434085,979,1047
434086,975,1044
434087,970,1039
434088,973,1042
434089,973,1043
434090,976,1042
434091,977,1042
434092,971,1038
434093,970,1037
434094,971,1039
434095,969,1039
434096,971,1043
434097,970,1042
434098,970,1040
434099,967,1038
434100,966,1038
434101,970,1043
434102,972,1041
434103,969,1040
434104,968,1038
434105,964,1037
434106,961,1038
434107,964,1041
434108,967,1045
434109,970,1045
434110,969,1043
434111,964,1042
434112,964,1044
434113,966,1048
434114,970,1052
434115,970,1056
434116,968,1055
434117,966,1050
434118,966,1047
434119,971,1045
434120,976,1045
434121,978,1044
434122,975,1041
434123,974,1037
434124,972,1039
434125,974,1042
434126,977,1042
434127,977,1039
434128,974,1038
434129,972,1041
434130,972,1044
434131,973,1045
434132,977,1048
434133,974,1045
434134,971,1045
434135,965,1044
434136,968,1046
434137,972,1048
434138,973,1053
434139,971,1051
434140,969,1046
434141,964,1046
434142,965,1048
434143,970,1047
434144,971,1048
434145,970,1044
434146,967,1043
434147,965,1040
434148,966,1047
434149,968,1047
434150,969,1047
434151,968,1045
434152,965,1041
434153,964,1040
434154,964,1043
434155,966,1044
434156,967,1046
434157,967,1045
434158,965,1043
434159,964,1040
434160,965,1041
434161,963,1046
434162,965,1045
434163,967,1043
434164,962,1041
434165,963,1038
434166,963,1041
434167,967,1043
434168,969,1041
434169,970,1043
434170,963,1042
434171,959,1038
434172,962,1039
434173,965,1042
434174,966,1045
434175,966,1040
434176,963,1039
434177,964,1036
434178,964,1040
434179,967,1043
434180,968,1044
434181,965,1043
434182,961,1041
434183,959,1040
434184,958,1042
434185,959,1044
434186,966,1045
434187,963,1042
434188,962,1040
434189,961,1041
434190,955,1043
434191,956,1047
434192,960,1047
434193,962,1048
434194,958,1043
434195,954,1043
434196,958,1044
434197,961,1049
434198,961,1048
434199,960,1049
434200,958,1044
434201,959,1041
434202,960,1043
434203,961,1049
434204,963,1049
434205,964,1046
434206,962,1043
434207,961,1043
434208,959,1044
434209,961,1047
434210,962,1047
434211,962,1046
434212,960,1044
434213,957,1040
434214,955,1046
434215,962,1048
434216,964,1048
434217,962,1046
434218,957,1042
434219,957,1039
434220,957,1042
434221,960,1042
434222,960,1044
434223,960,1042
434224,959,1040
434225,961,1038
434226,955,1038
434227,957,1043
434228,960,1045
434229,965,1041
434230,965,1039
434231,959,1037
434232,960,1038
434233,961,1040
434234,965,1042
434235,965,1039
434236,963,1038
434237,958,1036
434238,958,1037
434239,960,1039
434240,960,1043
434241,961,1046
434242,959,1042
434243,959,1043
434244,961,1041
434245,963,1044
434246,966,1048
434247,963,1047
434248,960,1047
434249,956,1043
434250,960,1046
434251,964,1050
434252,970,1052
434253,967,1050
434254,964,1046
434255,958,1045
434256,961,1046
434257,963,1047
434258,968,1051
434259,968,1051
434260,967,1045
434261,963,1043
434262,966,1044
434263,960,1046
434264,964,1046
434265,969,1044
434266,964,1037
434267,965,1031
434268,971,1029
434269,986,1030
434270,1004,1027
434271,1027,1019
434272,1049,1017
434273,1075,1010
434274,1113,1000
434275,1157,988
434276,1207,979
434277,1255,976
434278,1292,985
434279,1307,1003
434280,1293,1028
434281,1252,1045
434282,1190,1053
434283,1121,1050
434284,1051,1058
434285,988,1066
434286,945,1076
434287,932,1080
434288,941,1076
434289,952,1068
434290,956,1059
434291,961,1051
434292,956,1051
434293,955,1050
434294,957,1050
434295,956,1046
434296,956,1046
434297,952,1044
434298,950,1047
434299,948,1050
434300,950,1053
434301,949,1049
434302,943,1047
434303,941,1046
434304,942,1047
434305,941,1049
434306,946,1047
434307,943,1044
434308,943,1043
434309,940,1042
434310,939,1043
434311,939,1045
434312,939,1047
434313,943,1044
434314,941,1039
434315,940,1038
434316,941,1041
434317,941,1042
434318,943,1045
434319,944,1042
434320,942,1038
434321,941,1036
434322,939,1040
434323,945,1041
434324,951,1041
434325,948,1039
434326,948,1039
434327,944,1035
434328,942,1036
434329,945,1038
434330,949,1042
434331,947,1037
434332,944,1034
434333,945,1032
434334,946,1036
434335,950,1036
434336,947,1041
434337,946,1039
434338,947,1037
434339,943,1034
434340,946,1033
434341,950,1036
434342,955,1034
434343,958,1034
434344,955,1030
434345,954,1030
434346,956,1030
434347,958,1030
434348,961,1029
434349,961,1026
434350,961,1023
434351,960,1020
434352,961,1019
434353,964,1022
434354,969,1019
434355,970,1015
434356,966,1015
434357,966,1014
434358,967,1016
434359,968,1016
434360,974,1013
434361,972,1009
434362,972,1007
434363,971,1005
434364,972,1005
434365,977,1008
434366,980,1008
434367,978,1003
434368,975,1001
434369,974,1001
434370,975,1002
434371,980,1004
434372,981,1004
434373,982,1001
434374,987,1000
434375,989,999
434376,987,1001
434377,993,1006
434378,992,1007
434379,993,1006
434380,985,1006
434381,986,1005
434382,987,1010
434383,989,1013
434384,996,1016
434385,991,1015
434386,989,1016
434387,988,1018
434388,985,1021
434389,987,1025
434390,986,1030
434391,983,1026
434392,978,1025
434393,975,1027
434394,973,1031
434395,972,1036
434396,972,1038
434397,968,1035
434398,964,1033
434399,960,1033
434400,960,1037
434401,959,1041
434402,963,1044
434403,960,1041
434404,956,1038
434405,951,1035
434406,951,1037
434407,949,1041
434408,952,1043
434409,951,1041
434410,952,1037
434411,951,1037
434412,954,1038
434413,956,1040
434414,955,1040
434415,954,1040
434416,953,1038
434417,946,1034
434418,946,1036
434419,948,1039
434420,956,1037
434421,961,1035
434422,960,1034
434423,957,1033
434424,957,1034
434425,960,1036
434426,962,1037
434427,961,1036
434428,962,1036
434429,961,1035
434430,962,1038
434431,965,1042
434432,967,1042
434433,963,1040
434434,959,1037
434435,959,1037
434436,958,1038
434437,960,1041
434438,965,1042
434439,965,1038
434440,964,1036
434441,960,1032
434442,961,1034
434443,964,1038
434444,963,1035
434445,963,1036
434446,961,1032
434447,960,1031
434448,960,1033
434449,962,1036
434450,961,1036
434451,963,1034
434452,962,1029
434453,959,1030
434454,959,1030
434455,959,1034
434456,962,1034
434457,963,1033
434458,960,1028
434459,961,1031
434460,962,1032
434461,964,1036
434462,966,1037
434463,962,1038
434464,961,1035
434465,956,1031
434466,956,1031
434467,957,1036
434468,965,1037
434469,961,1038
434470,955,1036
434471,952,1038
434472,954,1040
434473,956,1041
434474,957,1041
434475,960,1043
434476,959,1039
434477,955,1040
434478,954,1041
434479,955,1042
434480,960,1045
434481,961,1040
434482,959,1039
434483,956,1038
434484,960,1041
434485,961,1044
434486,965,1043
434487,965,1043
434488,963,1038
434489,961,1037
434490,961,1039
434491,962,1038
434492,965,1039
434493,967,1036
434494,965,1035
434495,962,1033
434496,965,1035
434497,968,1036
434498,970,1033
434499,976,1027
434500,985,1023
434501,997,1019
434502,1012,1018
434503,1040,1019
434504,1076,1017
434505,1119,1003
434506,1167,990
434507,1216,979
434508,1269,982
434509,1315,992
434510,1337,1013
434511,1317,1027
434512,1265,1034
434513,1198,1035
434514,1116,1048
434515,1042,1064
434516,971,1077
434517,928,1086
434518,917,1090
434519,929,1083
434520,945,1073
434521,956,1064
434522,964,1054
434523,960,1045
434524,958,1043
434525,951,1040
434526,948,1042
434527,952,1045
434528,953,1044
434529,952,1046
434530,947,1043
434531,944,1042
434532,943,1044
434533,947,1048
434534,952,1048
434535,950,1046
434536,948,1039
434537,940,1039
434538,943,1040
434539,948,1042
434540,952,1041
434541,949,1042
434542,949,1040
434543,947,1037
434544,945,1036
434545,946,1039
434546,945,1040
434547,950,1039
434548,947,1036
434549,944,1033
434550,942,1038
434551,946,1040
434552,949,1037
434553,948,1035
434554,946,1034
434555,942,1032
434556,943,1033
434557,948,1034
434558,952,1035
434559,956,1034
434560,957,1031
434561,954,1030
434562,951,1027
434563,951,1030
434564,956,1031
434565,958,1029
434566,957,1030
434567,954,1028
434568,955,1028
434569,958,1030
434570,962,1030
434571,964,1029
434572,961,1025
434573,959,1023
434574,961,1023
434575,963,1024
434576,969,1023
434577,972,1019
434578,974,1013
434579,977,1010
434580,976,1010
434581,978,1008
434582,981,1010
434583,984,1003
434584,985,999
434585,984,998
434586,983,998
434587,989,1001
434588,991,999
434589,994,995
434590,995,994
434591,992,992
434592,993,991
434593,997,995
434594,1000,996
434595,1000,995
434596,998,990
434597,1002,990
434598,1002,990
434599,1005,994
434600,1007,994
434601,1005,993
434602,1003,989
434603,1002,989
434604,1002,993
434605,1004,998
434606,1006,998
434607,1003,1001
434608,1002,995
434609,998,999
434610,997,1002
434611,996,1007
434612,996,1012
434613,997,1012
434614,994,1012
434615,991,1016
434616,990,1020
434617,993,1024
434618,993,1029
434619,988,1031
434620,981,1031
434621,972,1032
434622,971,1037
434623,970,1041
434624,974,1044
434625,969,1045
434626,964,1045
434627,958,1043
434628,955,1046
434629,959,1050
434630,961,1049
434631,957,1048
434632,960,1045
434633,959,1045
434634,958,1045
434635,961,1048
434636,967,1049
434637,966,1047
434638,964,1046
434639,961,1042
434640,959,1045
434641,962,1048
434642,964,1047
434643,965,1045
434644,965,1042
434645,963,1043
434646,962,1043
434647,964,1045
434648,966,1045
434649,968,1044
434650,963,1042
434651,962,1040
434652,964,1042
434653,966,1042
434654,970,1044
434655,973,1041
434656,970,1040
434657,968,1037
434658,968,1040
434659,970,1043
434660,975,1043
434661,974,1041
434662,970,1039
434663,970,1036
434664,970,1036
434665,971,1041
434666,975,1041
434667,977,1040
434668,972,1038
434669,969,1034
434670,967,1038
434671,971,1044
434672,978,1043
434673,974,1042
434674,973,1039
434675,968,1042
434676,968,1045
434677,969,1049
434678,974,1050
434679,969,1046
434680,963,1044
434681,963,1042
434682,963,1041
434683,967,1045
434684,973,1044
434685,973,1041
434686,968,1040
434687,966,1039
434688,967,1043
434689,963,1045
434690,966,1043
434691,964,1043
434692,967,1041
434693,968,1040
434694,967,1042
434695,973,1046
434696,972,1045
434697,969,1041
434698,967,1038
434699,966,1040
434700,963,1040
434701,965,1045
434702,968,1047
434703,968,1042
434704,967,1040
434705,963,1041
434706,966,1044
434707,964,1044
434708,966,1048
434709,966,1046
434710,965,1043
434711,967,1042
434712,966,1047
434713,968,1046
434714,967,1047
434715,970,1045
434716,969,1044
434717,968,1042
434718,969,1046
434719,972,1049
434720,978,1050
434721,975,1048
434722,972,1046
434723,970,1043
434724,972,1043
434725,982,1042
434726,993,1041
434727,1004,1040
434728,1014,1035
434729,1034,1034
434730,1067,1030
434731,1110,1023
434732,1158,1008
434733,1210,994
434734,1256,985
434735,1298,986
434736,1333,999
434737,1336,1017
434738,1304,1031
434739,1240,1033
434740,1164,1035
434741,1084,1046
434742,1010,1061
434743,953,1074
434744,932,1081
434745,936,1083
434746,947,1073
434747,960,1062
434748,964,1052
434749,969,1050
434750,969,1044
434751,966,1039
434752,960,1039
434753,954,1041
434754,952,1042
434755,954,1046
434756,954,1044
434757,948,1043
434758,945,1040
434759,945,1039
434760,946,1041
434761,949,1044
434762,952,1046
434763,953,1044
434764,948,1043
434765,946,1042
434766,947,1044
434767,949,1047
434768,952,1048
434769,949,1047
434770,945,1047
434771,941,1048
434772,944,1052
434773,948,1057
434774,952,1056
434775,950,1055
434776,948,1052
434777,943,1051
434778,942,1049
434779,945,1053
434780,950,1050
434781,950,1048
434782,946,1045
434783,945,1045
434784,947,1044
434785,950,1045
434786,951,1044
434787,953,1042
434788,950,1038
434789,948,1037
434790,947,1037
434791,951,1038
434792,957,1040
434793,954,1035
434794,950,1034
434795,947,1031
434796,952,1031
434797,957,1034
434798,961,1035
434799,961,1030
434800,959,1026
434801,960,1024
434802,961,1026
434803,963,1027
434804,969,1025
434805,967,1024
434806,966,1019
434807,964,1018
434808,968,1018
434809,970,1019
434810,974,1018
434811,975,1016
434812,977,1014
434813,972,1009
434814,973,1009
434815,977,1011
434816,983,1011
434817,984,1011
434818,982,1008
434819,981,1007
434820,979,1012
434821,988,1014
434822,990,1014
434823,991,1008
434824,986,1005
434825,983,1002
434826,984,1003
434827,988,1007
434828,994,1007
434829,995,1003
434830,993,1000
434831,989,1001
434832,991,1005
434833,991,1008
434834,995,1011
434835,995,1011
434836,994,1007
434837,991,1010
434838,990,1014
434839,992,1018
434840,995,1019
434841,992,1017
434842,988,1023
434843,983,1019
434844,984,1022
434845,982,1029
434846,983,1031
434847,981,1031
434848,978,1030
434849,971,1032
434850,971,1037
434851,972,1039
434852,974,1042
434853,971,1041
434854,969,1041
434855,966,1041
434856,965,1046
434857,967,1046
434858,967,1047
434859,966,1050
434860,963,1046
434861,960,1047
434862,962,1051
434863,960,1054
434864,963,1054
434865,957,1052
434866,956,1053
434867,954,1053
434868,959,1056
434869,964,1059
434870,969,1058
434871,966,1058
434872,965,1055
434873,961,1055
434874,963,1054
434875,964,1058
434876,969,1057
434877,967,1054
434878,967,1051
434879,964,1050
434880,962,1051
434881,966,1054
434882,966,1052
434883,968,1050
434884,965,1048
434885,965,1046
434886,966,1047
434887,968,1049
434888,972,1050
434889,970,1046
434890,967,1044
434891,963,1042
434892,962,1046
434893,966,1045
434894,971,1047
434895,972,1043
434896,971,1040
434897,969,1041
434898,967,1042
434899,966,1046
434900,970,1048
434901,969,1046
434902,967,1043
434903,963,1044
434904,962,1045
434905,962,1051
434906,966,1051
434907,962,1049
434908,964,1049
434909,957,1047
434910,958,1048
434911,960,1051
434912,963,1053
434913,964,1049
434914,961,1046
434915,960,1049
434916,960,1051
434917,963,1052
434918,965,1053
434919,963,1049
434920,956,1047
434921,961,1048
434922,957,1050
434923,961,1051
434924,961,1052
434925,960,1051
434926,959,1048
434927,960,1047
434928,960,1049
434929,960,1052
434930,962,1051
434931,962,1051
434932,962,1046
434933,957,1047
434934,959,1046
434935,959,1050
434936,964,1050
434937,961,1047
434938,959,1045
434939,960,1044
434940,960,1045
434941,962,1048
434942,963,1049
434943,961,1046
434944,959,1043
434945,955,1043
434946,959,1046
434947,962,1048
434948,962,1050
434949,960,1047
434950,957,1048
434951,954,1050
434952,953,1052
434953,957,1054
434954,960,1056
434955,961,1054
434956,956,1055
434957,955,1051
434958,956,1053
434959,958,1056
434960,957,1057
434961,957,1055
434962,956,1053
434963,954,1052
434964,956,1056
434965,959,1058
434966,959,1058
434967,959,1056
434968,957,1054
434969,954,1054
434970,954,1054
434971,957,1059
434972,962,1057
434973,960,1055
434974,956,1051
434975,954,1051
434976,952,1051
434977,953,1055
434978,958,1056
434979,956,1054
434980,957,1051
434981,954,1049
434982,957,1052
434983,961,1054
434984,963,1051
434985,965,1050
434986,961,1046
434987,961,1047
434988,961,1048
434989,965,1053
434990,966,1053
434991,964,1051
434992,961,1048
434993,958,1049
434994,960,1049
434995,963,1053
434996,968,1053
434997,965,1049
434998,962,1046
434999,961,1047
435000,961,1049
435001,965,1056
435002,969,1055
435003,965,1052
435004,961,1050
435005,958,1047
435006,958,1052
435007,963,1055
435008,963,1053
435009,962,1054
435010,962,1052
435011,958,1047
435012,957,1050
435013,958,1052
435014,962,1051
435015,961,1051
435016,958,1049
435017,955,1050
435018,954,1051
435019,957,1055
435020,962,1055
435021,962,1053
435022,960,1052
435023,956,1052
435024,956,1052
435025,958,1054
435026,961,1053
435027,962,1054
435028,962,1050
435029,959,1051
435030,959,1050
435031,959,1051
435032,965,1052
435033,963,1052
435034,961,1049
435035,959,1049
435036,961,1052
435037,965,1058
435038,969,1054
435039,970,1050
435040,969,1049
435041,967,1048
435042,966,1052
435043,969,1052
435044,969,1053
435045,967,1050
435046,965,1049
435047,961,1049
435048,964,1051
435049,967,1051
435050,971,1054
435051,968,1055
435052,965,1048
435053,962,1049
435054,960,1053
435055,960,1055
435056,967,1055
435057,966,1054
435058,963,1049
435059,959,1047
435060,961,1054
435061,961,1055
435062,964,1055
435063,962,1053
435064,958,1051
435065,954,1048
435066,956,1050
435067,956,1054
435068,959,1053
435069,958,1052
435070,957,1049
435071,956,1050
435072,959,1051
435073,961,1052
435074,962,1053
435075,963,1049
435076,961,1044
435077,955,1044
435078,958,1046
435079,961,1049
435080,965,1049
435081,966,1047
435082,961,1046
435083,960,1044
435084,959,1047
435085,963,1049
435086,967,1049
435087,965,1048
435088,961,1047
435089,961,1046
435090,965,1050
435091,969,1054
435092,973,1052
435093,971,1053
435094,968,1049
435095,969,1049
435096,968,1051
435097,970,1055
435098,974,1054
435099,973,1052
435100,971,1049
435101,968,1048
435102,970,1051
435103,972,1054
435104,973,1056
435105,973,1053
435106,966,1049
435107,965,1047
435108,966,1051
435109,966,1054
435110,968,1056
435111,966,1054
435112,962,1051
435113,960,1050
435114,962,1054
435115,962,1055
435116,964,1055
435117,965,1053
435118,963,1048
435119,959,1048
435120,961,1050
435121,965,1050
435122,968,1050
435123,965,1048
435124,964,1044
435125,958,1045
435126,960,1046
435127,962,1048
435128,965,1047
435129,964,1045
435130,962,1042
435131,961,1042
435132,965,1045
435133,965,1049
435134,969,1047
435135,967,1049
435136,965,1046
435137,963,1044
435138,966,1048
435139,970,1053
435140,973,1053
435141,974,1050
435142,973,1049
435143,972,1050
435144,973,1052
435145,976,1055
435146,977,1054
435147,975,1054
435148,974,1050
435149,974,1050
435150,978,1048
435151,987,1046
435152,1000,1039
435153,1013,1038
435154,1024,1032
435155,1043,1029
435156,1069,1029
435157,1104,1025
435158,1142,1015
435159,1181,1000
435160,1218,988
435161,1258,984
435162,1300,988
435163,1333,999
435164,1335,1013
435165,1304,1029
435166,1245,1035
435167,1175,1041
435168,1110,1051
435169,1054,1060
435170,1006,1066
435171,968,1068
435172,952,1070
435173,956,1064
435174,969,1064
435175,979,1061
435176,982,1050
435177,975,1048
435178,964,1045
435179,958,1044
435180,956,1044
435181,957,1049
435182,958,1049
435183,956,1050
435184,953,1048
435185,950,1047
435186,947,1049
435187,950,1052
435188,951,1054
435189,949,1052
435190,951,1050
435191,946,1051
435192,948,1056
435193,951,1058
435194,953,1059
435195,950,1058
435196,945,1055
435197,942,1055
435198,941,1055
435199,943,1057
435200,947,1058
435201,949,1059
435202,948,1057
435203,946,1056
435204,948,1058
435205,947,1060
435206,950,1060
435207,949,1056
435208,948,1053
435209,950,1055
435210,952,1057
435211,954,1060
435212,955,1058
435213,954,1056
435214,955,1052
435215,951,1051
435216,952,1056
435217,952,1054
435218,953,1055
435219,954,1052
435220,950,1050
435221,945,1049
435222,947,1052
435223,952,1050
435224,955,1049
435225,953,1049
435226,948,1046
435227,951,1045
435228,950,1046
435229,953,1050
435230,958,1047
435231,960,1045
435232,959,1041
435233,958,1040
435234,960,1043
435235,964,1043
435236,965,1043
435237,963,1039
435238,962,1036
435239,963,1035
435240,960,1038
435241,965,1037
435242,972,1037
435243,973,1035
435244,970,1030
435245,970,1030
435246,974,1030
435247,978,1035
435248,983,1033
435249,981,1029
435250,981,1027
435251,978,1024
435252,982,1027
435253,987,1030
435254,990,1030
435255,991,1027
435256,989,1025
435257,988,1026
435258,986,1025
435259,993,1027
435260,998,1026
435261,997,1027
435262,997,1025
435263,994,1025
435264,997,1027
435265,1004,1029
435266,1005,1031
435267,1004,1029
435268,1001,1027
435269,1000,1026
435270,1001,1029
435271,1004,1032
435272,1005,1030
435273,1004,1031
435274,1003,1030
435275,1000,1030
435276,997,1032
435277,997,1034
435278,999,1038
435279,996,1035
435280,990,1034
435281,984,1035
435282,985,1040
435283,985,1043
435284,983,1046
435285,979,1046
435286,975,1044
435287,971,1046
435288,969,1048
435289,974,1050
435290,978,1051
435291,974,1049
435292,972,1049
435293,969,1049
435294,970,1050
435295,970,1052
435296,971,1055
435297,971,1053
435298,967,1051
435299,966,1048
435300,965,1052
435301,964,1056
435302,968,1056
435303,969,1056
435304,964,1051
435305,957,1049
435306,961,1050
435307,964,1054
435308,968,1054
435309,967,1052
435310,966,1051
435311,966,1051
435312,966,1054
435313,969,1057
435314,968,1054
435315,970,1053
435316,971,1050
435317,969,1049
435318,971,1051
435319,973,1054
435320,969,1052
435321,971,1050
435322,969,1045
435323,966,1043
435324,966,1047
435325,968,1048
435326,972,1051
435327,969,1047
435328,966,1046
435329,963,1045
435330,966,1045
435331,968,1047
435332,971,1042
435333,970,1043
435334,966,1040
435335,963,1041
435336,964,1045
435337,966,1047
435338,970,1044
435339,968,1044
435340,969,1040
435341,966,1040
435342,966,1039
435343,967,1043
435344,972,1041
435345,967,1043
435346,967,1041
435347,965,1040
435348,964,1042
435349,966,1045
435350,970,1045
435351,970,1042
435352,965,1040
435353,963,1043
435354,965,1045
435355,969,1048
435356,969,1049
435357,965,1046
435358,963,1044
435359,960,1044
435360,961,1047
435361,965,1048
435362,969,1048
435363,969,1048
435364,965,1046
435365,963,1047
435366,962,1049
435367,965,1053
435368,966,1053
435369,964,1052
435370,960,1049
435371,957,1049
435372,958,1051
435373,961,1054
435374,966,1053
435375,964,1051
435376,962,1049
435377,960,1051
435378,962,1052
435379,965,1054
435380,968,1054
435381,964,1052
435382,964,1048
435383,959,1049
435384,961,1048
435385,964,1051
435386,965,1053
435387,963,1051
435388,963,1047
435389,962,1048
435390,963,1049
435391,965,1049
435392,968,1048
435393,970,1045
435394,971,1039
435395,977,1038
435396,988,1039
435397,1001,1039
435398,1015,1033
435399,1033,1026
435400,1059,1023
435401,1089,1016
435402,1132,1006
435403,1181,999
435404,1227,995
435405,1270,992
435406,1302,999
435407,1320,1012
435408,1319,1035
435409,1285,1048
435410,1234,1052
435411,1164,1054
435412,1093,1063
435413,1018,1077
435414,955,1092
435415,921,1102
435416,920,1108
435417,932,1100
435418,945,1084
435419,953,1072
435420,957,1064
435421,963,1060
435422,966,1056
435423,962,1050
435424,957,1045
435425,951,1047
435426,949,1050
435427,950,1052
435428,949,1052
435429,948,1050
435430,942,1047
435431,940,1048
435432,943,1049
435433,944,1052
435434,948,1053
435435,948,1050
435436,944,1047
435437,941,1048
435438,941,1050
435439,945,1053
435440,945,1052
435441,945,1050
435442,943,1048
435443,938,1050
435444,940,1052
435445,943,1052
435446,946,1053
435447,943,1052
435448,937,1049
435449,935,1050
435450,934,1052
435451,939,1052
435452,939,1052
435453,941,1051
435454,938,1046
435455,938,1049
435456,939,1049
435457,943,1054
435458,945,1054
435459,938,1055
435460,935,1049
435461,931,1047
435462,935,1048
435463,941,1051
435464,945,1052
435465,944,1049
435466,942,1043
435467,940,1042
435468,939,1044
435469,944,1047
435470,951,1043
435471,948,1042
435472,946,1040
435473,943,1040
435474,948,1040
435475,950,1041
435476,957,1037
435477,954,1034
435478,954,1031
435479,951,1029
435480,956,1031
435481,958,1033
435482,963,1032
435483,965,1026
435484,964,1024
435485,961,1022
435486,964,1022
435487,970,1022
435488,976,1019
435489,975,1017
435490,972,1011
435491,973,1010
435492,977,1007
435493,983,1010
435494,986,1007
435495,984,1007
435496,982,1003
435497,982,1000
435498,984,1000
435499,988,1002
435500,990,1000
435501,988,999
435502,988,996
435503,985,996
435504,987,999
435505,992,1004
435506,994,1004
435507,993,1002
435508,992,1001
435509,987,1003
435510,990,1007
435511,991,1012
435512,993,1013
435513,990,1015
435514,989,1012
435515,985,1014
435516,981,1017
435517,984,1023
435518,987,1024
435519,984,1023
435520,980,1023
435521,975,1024
435522,974,1027
435523,974,1035
435524,971,1037
435525,969,1037
435526,965,1037
435527,963,1038
435528,961,1043
435529,962,1049
435530,964,1049
435531,961,1048
435532,956,1046
435533,957,1048
435534,958,1049
435535,958,1053
435536,962,1055
435537,961,1052
435538,956,1051
435539,954,1051
435540,956,1055
435541,956,1059
435542,958,1061
435543,958,1058
435544,954,1055
435545,956,1055
435546,959,1056
435547,963,1057
435548,965,1058
435549,965,1055
435550,962,1054
435551,961,1055
435552,962,1055
435553,965,1059
435554,965,1057
435555,962,1057
435556,962,1053
435557,962,1051
435558,963,1054
435559,967,1058
435560,969,1058
435561,963,1057
435562,962,1053
435563,963,1053
435564,963,1055
435565,962,1058
435566,965,1057
435567,967,1054
435568,964,1051
435569,962,1052
435570,964,1051
435571,963,1053
435572,966,1052
435573,964,1054
435574,959,1050
435575,957,1049
435576,959,1051
435577,961,1052
435578,960,1050
435579,960,1047
435580,957,1045
435581,954,1047
435582,955,1050
435583,957,1050
435584,962,1050
435585,957,1049
435586,956,1048
435587,953,1045
435588,952,1050
435589,955,1053
435590,959,1052
435591,959,1049
435592,957,1046
435593,956,1048
435594,958,1051
435595,958,1052
435596,962,1053
435597,961,1049
435598,959,1048
435599,955,1047
435600,958,1048
435601,962,1053
435602,966,1053
435603,965,1050
435604,960,1049
435605,956,1048
435606,955,1052
435607,959,1054
435608,963,1054
435609,960,1053
435610,959,1051
435611,957,1051
435612,957,1053
435613,960,1058
435614,961,1059
435615,962,1055
435616,955,1051
435617,956,1051
435618,956,1053
435619,961,1054
435620,960,1052
435621,958,1050
435622,958,1051
435623,957,1051
435624,957,1052
435625,955,1056
435626,961,1055
435627,960,1053
435628,958,1051
435629,955,1050
435630,958,1054
435631,959,1056
435632,963,1055
435633,961,1054
435634,959,1054
435635,958,1052
435636,957,1055
435637,960,1057
435638,963,1057
435639,960,1053
435640,959,1052
435641,956,1054
435642,955,1055
435643,959,1059
435644,960,1056
435645,960,1054
435646,958,1051
435647,956,1052
435648,956,1053
435649,958,1055
435650,960,1055
435651,961,1051
435652,961,1050
435653,957,1048
435654,959,1049
435655,964,1048
435656,969,1044
435657,975,1041
435658,983,1037
435659,992,1033
435660,1011,1032
435661,1035,1033
435662,1071,1027
435663,1110,1017
435664,1152,1003
435665,1197,992
435666,1243,990
435667,1290,996
435668,1324,1005
435669,1329,1020
435670,1300,1032
435671,1241,1035
435672,1176,1044
435673,1110,1057
435674,1046,1072
435675,981,1083
435676,935,1090
435677,920,1095
435678,928,1099
435679,943,1093
435680,958,1082
435681,968,1069
435682,964,1060
435683,960,1056
435684,958,1053
435685,960,1056
435686,959,1057
435687,955,1054
435688,951,1051
435689,946,1052
435690,945,1055
435691,945,1057
435692,944,1056
435693,943,1058
435694,939,1054
435695,937,1057
435696,942,1056
435697,945,1058
435698,945,1058
435699,943,1055
435700,940,1050
435701,934,1051
435702,939,1050
435703,939,1053
435704,943,1052
435705,940,1051
435706,940,1049
435707,935,1051
435708,934,1051
435709,933,1056
435710,936,1053
435711,938,1050
435712,934,1049
435713,934,1053
435714,936,1055
435715,938,1059
435716,942,1057
435717,940,1054
435718,939,1051
435719,937,1050
435720,939,1054
435721,939,1058
435722,945,1055
435723,943,1053
435724,941,1049
435725,939,1050
435726,943,1049
435727,947,1050
435728,950,1049
435729,949,1047
435730,948,1046
435731,944,1046
435732,945,1042
435733,952,1044
435734,953,1040
435735,955,1037
435736,950,1035
435737,952,1033
435738,953,1035
435739,957,1037
435740,962,1036
435741,961,1030
435742,960,1026
435743,961,1023
435744,963,1023
435745,968,1024
435746,972,1023
435747,973,1020
435748,972,1019
435749,970,1020
435750,970,1019
435751,972,1021
435752,975,1017
435753,975,1012
435754,972,1010
435755,969,1011
435756,973,1013
435757,972,1015
435758,976,1013
435759,975,1011
435760,972,1011
435761,970,1010
435762,974,1011
435763,978,1016
435764,983,1016
435765,985,1013
435766,981,1013
435767,978,1013
435768,977,1015
435769,980,1019
435770,981,1021
435771,985,1018
435772,986,1017
435773,983,1019
435774,984,1023
435775,986,1026
435776,988,1025
435777,987,1024
435778,982,1026
435779,977,1028
435780,977,1031
435781,979,1036
435782,977,1037
435783,976,1037
435784,972,1037
435785,967,1040
435786,971,1044
435787,970,1050
435788,970,1050
435789,969,1049
435790,965,1047
435791,965,1049
435792,963,1054
435793,966,1056
435794,966,1056
435795,965,1057
435796,965,1056
435797,963,1056
435798,961,1061
435799,962,1062
435800,964,1060
435801,962,1058
435802,962,1055
435803,959,1056
435804,962,1059
435805,964,1063
435806,967,1062
435807,968,1060
435808,964,1056
435809,959,1053
435810,962,1056
435811,962,1054
435812,965,1056
435813,964,1054
435814,961,1049
435815,957,1048
435816,957,1051
435817,960,1053
435818,962,1052
435819,959,1048
435820,955,1046
435821,956,1048
435822,956,1050
435823,956,1052
435824,959,1047
435825,959,1046
435826,960,1042
435827,960,1044
435828,960,1045
435829,962,1046
435830,963,1046
435831,963,1046
435832,963,1043
435833,960,1046
435834,963,1046
435835,966,1048
435836,971,1049
435837,968,1047
435838,963,1043
435839,962,1044
435840,961,1047
435841,966,1048
435842,966,1049
435843,964,1047
435844,966,1046
435845,962,1048
435846,964,1050
435847,966,1051
435848,968,1053
435849,966,1053
435850,963,1049
435851,962,1048
435852,961,1052
435853,967,1053
435854,966,1052
435855,970,1049
435856,968,1045
435857,965,1047
435858,967,1046
435859,965,1046
435860,966,1045
435861,965,1043
435862,960,1041
435863,957,1039
435864,961,1043
435865,965,1047
435866,969,1045
435867,966,1041
435868,960,1040
435869,961,1041
435870,959,1045
435871,958,1045
435872,958,1047
435873,957,1040
435874,954,1042
435875,951,1042
435876,954,1044
435877,956,1046
435878,959,1046
435879,955,1045
435880,952,1043
435881,950,1045
435882,952,1048
435883,955,1050
435884,960,1050
435885,958,1050
435886,957,1045
435887,956,1047
435888,953,1051
435889,959,1054
435890,961,1053
435891,961,1052
435892,957,1048
435893,956,1051
435894,957,1052
435895,963,1055
435896,966,1055
435897,962,1053
435898,960,1050
435899,957,1052
435900,959,1054
435901,961,1057
435902,964,1054
435903,962,1055
435904,957,1051
435905,952,1052
435906,958,1050
435907,960,1052
435908,965,1051
435909,964,1049
435910,961,1046
435911,958,1044
435912,962,1043
435913,965,1045
435914,963,1044
435915,962,1044
435916,961,1040
435917,959,1039
435918,960,1041
435919,962,1042
435920,964,1043
435921,963,1040
435922,960,1039
435923,959,1042
435924,960,1045
435925,963,1048
435926,965,1047
435927,965,1042
435928,961,1040
435929,960,1041
435930,960,1044
435931,963,1050
435932,965,1049
435933,963,1049
435934,962,1045
435935,963,1045
435936,963,1046
435937,967,1050
435938,971,1050
435939,969,1047
435940,966,1046
435941,963,1047
435942,965,1048
435943,967,1051
435944,971,1051
435945,968,1047
435946,965,1045
435947,961,1046
435948,966,1048
435949,966,1051
435950,966,1051
435951,967,1048
435952,967,1046
435953,967,1047
435954,966,1048
435955,970,1050
435956,973,1046
435957,975,1045
435958,977,1041
435959,975,1043
435960,974,1045
435961,977,1046
435962,979,1042
435963,984,1038
435964,989,1030
435965,995,1029
435966,1012,1028
435967,1035,1028
435968,1059,1026
435969,1083,1021
435970,1116,1009
435971,1155,997
435972,1200,988
435973,1242,984
435974,1290,984
435975,1323,989
435976,1335,999
435977,1316,1016
435978,1271,1029
435979,1212,1038
435980,1151,1044
435981,1083,1055
435982,1019,1063
435983,968,1072
435984,945,1078
435985,948,1079
435986,961,1078
435987,974,1069
435988,980,1058
435989,977,1050
435990,971,1051
435991,969,1051
435992,963,1051
435993,963,1051
435994,959,1048
435995,952,1049
435996,955,1052
435997,953,1052
435998,956,1053
435999,952,1052
436000,947,1049
436001,942,1048
436002,940,1050
436003,939,1052
436004,943,1053
436005,941,1050
436006,936,1049
436007,940,1045
436008,943,1051
436009,945,1052
436010,949,1050
436011,949,1048
436012,946,1044
436013,945,1045
436014,945,1047
436015,945,1048
436016,949,1050
436017,946,1047
436018,944,1042
436019,943,1041
436020,942,1044
436021,944,1047
436022,948,1046
436023,947,1044
436024,945,1042
436025,943,1043
436026,945,1044
436027,946,1047
436028,948,1045
436029,948,1044
436030,946,1041
436031,944,1040
436032,944,1041
436033,945,1047
436034,948,1046
436035,946,1044
436036,944,1038
436037,945,1039
436038,945,1043
436039,951,1046
436040,953,1044
436041,954,1042
436042,952,1042
436043,955,1042
436044,958,1042
436045,962,1041
436046,965,1043
436047,964,1037
436048,963,1032
436049,961,1033
436050,966,1031
436051,967,1035
436052,970,1034
436053,968,1032
436054,967,1026
436055,966,1023
436056,967,1027
436057,971,1026
436058,977,1024
436059,977,1022
436060,974,1019
436061,976,1020
436062,976,1020
436063,978,1022
436064,984,1020
436065,984,1016
436066,982,1013
436067,980,1011
436068,984,1015
436069,986,1016
436070,984,1016
436071,982,1014
436072,982,1010
436073,982,1011
436074,986,1013
436075,993,1014
436076,995,1014
436077,995,1014
436078,990,1013
436079,989,1015
436080,987,1016
436081,993,1021
436082,996,1020
436083,992,1022
436084,989,1019
436085,987,1024
436086,983,1028
436087,986,1030
436088,983,1032
436089,980,1033
436090,977,1032
436091,976,1035
436092,976,1039
436093,976,1044
436094,978,1047
436095,975,1048
436096,971,1045
436097,969,1046
436098,969,1049
436099,970,1056
436100,970,1055
436101,967,1056
436102,966,1051
436103,968,1051
436104,966,1056
436105,969,1058
436106,970,1055
436107,966,1052
436108,964,1048
436109,959,1049
436110,958,1046
436111,959,1048
436112,963,1046
436113,962,1042
436114,960,1039
436115,958,1042
436116,959,1042
436117,962,1045
436118,963,1044
436119,960,1040
436120,957,1040
436121,955,1041
436122,957,1043
436123,960,1041
436124,964,1045
436125,965,1040
436126,963,1041
436127,960,1038
436128,961,1041
436129,962,1040
436130,962,1042
436131,963,1040
436132,962,1039
436133,959,1039
436134,962,1042
436135,965,1044
436136,968,1046
436137,965,1042
436138,961,1044
436139,960,1043
436140,959,1046
436141,959,1051
436142,964,1050
436143,962,1050
436144,959,1049
436145,957,1049
436146,960,1054
436147,961,1055
436148,964,1054
436149,963,1054
436150,960,1051
436151,960,1050
436152,960,1050
436153,960,1053
436154,963,1052
436155,962,1048
436156,963,1045
436157,961,1045
436158,958,1047
436159,964,1047
436160,968,1043
436161,966,1043
436162,962,1041
436163,962,1043
436164,962,1043
436165,964,1047
436166,966,1046
436167,964,1044
436168,962,1040
436169,961,1041
436170,961,1042
436171,963,1046
436172,965,1041
436173,966,1039
436174,963,1039
436175,958,1040
436176,959,1043
436177,963,1047
436178,964,1044
436179,962,1043
436180,959,1043
436181,958,1043
436182,960,1047
436183,960,1049
436184,959,1048
436185,958,1047
436186,954,1043
436187,953,1047
436188,952,1047
436189,957,1052
436190,961,1050
436191,958,1048
436192,955,1045
436193,953,1047
436194,952,1050
436195,953,1051
436196,954,1051
436197,958,1049
436198,956,1044
436199,953,1045
436200,952,1047
436201,958,1050
436202,959,1048
436203,959,1046
436204,957,1042
436205,955,1044
436206,957,1044
436207,962,1047
436208,963,1048
436209,963,1043
436210,963,1043
436211,969,1038
436212,978,1037
436213,993,1039
436214,1003,1036
436215,1020,1030
436216,1048,1024
436217,1080,1019
436218,1127,1010
436219,1180,1000
436220,1232,988
436221,1282,985
436222,1317,993
436223,1325,1010
436224,1299,1029
436225,1244,1037
436226,1176,1042
436227,1099,1053
436228,1026,1065
436229,959,1081
436230,923,1093
436231,923,1098
436232,937,1094
436233,949,1080
436234,955,1068
436235,955,1057
436236,956,1053
436237,957,1053
436238,956,1050
436239,951,1047
436240,944,1045
436241,941,1045
436242,939,1049
436243,940,1051
436244,943,1051
436245,941,1047
436246,936,1044
436247,933,1044
436248,933,1047
436249,936,1050
436250,942,1047
436251,938,1044
436252,935,1042
436253,935,1041
436254,933,1045
436255,941,1047
436256,942,1047
436257,941,1044
436258,940,1043
436259,937,1043
436260,939,1046
436261,941,1047
436262,942,1049
436263,938,1044
436264,934,1044
436265,937,1042
436266,937,1045
436267,939,1047
436268,940,1046
436269,940,1045
436270,937,1045
436271,936,1043
436272,938,1051
436273,941,1055
436274,942,1053
436275,942,1050
436276,940,1046
436277,937,1049
436278,941,1048
436279,947,1050
436280,950,1043
436281,946,1041
436282,944,1042
436283,943,1039
436284,949,1040
436285,950,1041
436286,952,1039
436287,952,1034
436288,949,1031
436289,946,1029
436290,951,1033
436291,955,1035
436292,958,1033
436293,957,1027
436294,955,1023
436295,956,1021
436296,961,1022
436297,965,1025
436298,968,1020
436299,967,1014
436300,966,1015
436301,969,1012
436302,969,1012
436303,972,1016
436304,974,1012
436305,972,1008
436306,972,1008
436307,974,1007
436308,976,1009
436309,979,1010
436310,980,1008
436311,982,1006
436312,976,1004
436313,974,1003
436314,978,1009
436315,981,1011
436316,986,1013
436317,984,1011
436318,982,1010
436319,979,1012
436320,981,1018
436321,982,1021
436322,982,1026
436323,981,1028
436324,981,1027
436325,979,1029
436326,978,1034
436327,977,1037
436328,975,1037
436329,974,1033
436330,968,1033
436331,968,1033
436332,967,1033
436333,971,1036
436334,971,1040
436335,969,1037
436336,963,1038
436337,956,1040
436338,957,1043
436339,955,1046
436340,960,1045
436341,954,1046
436342,954,1047
436343,955,1047
436344,957,1050
436345,954,1052
436346,960,1053
436347,959,1048
436348,954,1047
436349,951,1048
436350,952,1053
436351,956,1054
436352,957,1055
436353,960,1051
436354,959,1047
436355,959,1049
436356,959,1050
436357,961,1053
436358,959,1052
436359,956,1050
436360,955,1050
436361,956,1049
436362,961,1050
436363,962,1055
436364,964,1052
436365,963,1050
436366,961,1048
436367,960,1049
436368,961,1052
436369,959,1054
436370,961,1053
436371,959,1051
436372,956,1048
436373,955,1047
436374,958,1051
436375,958,1052
436376,958,1054
436377,957,1053
436378,955,1050
436379,953,1052
436380,954,1054
436381,957,1058
436382,959,1054
436383,958,1051
436384,957,1048
436385,958,1050
436386,958,1051
436387,958,1054
436388,961,1054
436389,962,1052
436390,962,1051
436391,958,1052
436392,960,1052
436393,960,1059
436394,965,1055
436395,966,1055
436396,961,1053
436397,958,1052
436398,962,1054
436399,963,1057
436400,962,1054
436401,963,1052
436402,961,1047
436403,960,1048
436404,960,1053
436405,963,1055
436406,964,1057
436407,960,1051
436408,958,1048
436409,957,1049
436410,958,1054
436411,962,1056
436412,965,1053
436413,960,1052
436414,958,1049
436415,958,1051
436416,960,1052
436417,960,1055
436418,962,1053
436419,959,1049
436420,959,1047
436421,959,1048
436422,961,1049
436423,964,1053
436424,966,1053
436425,962,1050
436426,960,1047
436427,959,1049
436428,960,1051
436429,962,1055
436430,963,1055
436431,963,1053
436432,963,1051
436433,962,1053
436434,963,1055
436435,962,1057
436436,961,1059
436437,964,1056
436438,961,1054
436439,959,1055
436440,962,1056
436441,967,1059
436442,968,1059
436443,963,1056
436444,961,1055
436445,957,1056
436446,959,1057
436447,961,1060
436448,965,1057
436449,963,1056
436450,962,1053
436451,960,1051
436452,964,1055
436453,969,1055
436454,968,1057
436455,965,1053
436456,962,1050
436457,959,1053
436458,960,1054
436459,963,1060
436460,963,1057
436461,965,1052
436462,961,1048
436463,960,1050
436464,958,1052
436465,963,1052
436466,962,1050
436467,960,1048
436468,958,1044
436469,956,1043
436470,956,1046
436471,958,1050
436472,962,1049
436473,965,1044
436474,964,1043
436475,964,1048
436476,961,1051
436477,968,1052
436478,969,1053
436479,972,1050
436480,969,1047
436481,968,1049
436482,970,1051
436483,973,1054
436484,972,1055
436485,972,1054
436486,967,1053
436487,970,1052
436488,974,1055
436489,976,1059
436490,979,1057
436491,978,1055
436492,977,1050
436493,975,1055
436494,978,1054
436495,980,1058
436496,981,1056
436497,978,1049
436498,981,1045
436499,990,1043
436500,1006,1041
436501,1025,1042
436502,1044,1039
436503,1066,1033
436504,1095,1028
436505,1132,1016
436506,1176,1003
436507,1223,994
436508,1268,991
436509,1304,994
436510,1323,1006
436511,1316,1025
436512,1277,1041
436513,1220,1048
436514,1155,1053
436515,1082,1064
436516,1016,1074
436517,965,1081
436518,941,1085
436519,944,1088
436520,959,1081
436521,972,1067
436522,976,1058
436523,971,1051
436524,968,1052
436525,967,1054
436526,968,1054
436527,964,1051
436528,962,1049
436529,960,1051
436530,957,1056
436531,957,1056
436532,960,1056
436533,958,1056
436534,954,1052
436535,952,1055
436536,953,1058
436537,955,1061
436538,956,1060
436539,954,1058
436540,951,1056
436541,949,1058
436542,951,1063
436543,954,1063
436544,956,1061
436545,954,1057
436546,949,1055
436547,946,1057
436548,949,1058
436549,953,1059
436550,955,1058
436551,954,1057
436552,955,1055
436553,953,1057
436554,955,1060
436555,956,1063
436556,959,1058
436557,960,1057
436558,957,1053
436559,954,1052
436560,956,1054
436561,958,1056
436562,961,1055
436563,959,1052
436564,955,1053
436565,955,1052
436566,955,1054
436567,961,1055
436568,964,1053
436569,964,1050
436570,960,1049
436571,958,1046
436572,959,1046
436573,966,1051
436574,969,1047
436575,965,1048
436576,964,1043
436577,964,1044
436578,969,1043
436579,970,1045
436580,972,1043
436581,975,1040
436582,973,1040
436583,973,1041
436584,974,1045
436585,981,1043
436586,987,1040
436587,989,1032
436588,988,1029
436589,986,1028
436590,990,1031
436591,993,1034
436592,992,1032
436593,995,1028
436594,991,1026
436595,992,1025
436596,992,1028
436597,997,1027
436598,1002,1025
436599,1002,1023
436600,998,1021
436601,998,1022
436602,999,1023
436603,1003,1023
436604,1006,1022
436605,1005,1020
436606,1002,1019
436607,1001,1020
436608,1003,1022
436609,1007,1023
436610,1011,1024
436611,1005,1020
436612,1002,1018
436613,1003,1021
436614,1003,1021
436615,1006,1026
436616,1006,1028
436617,1001,1029
436618,998,1027
436619,1000,1034
436620,1001,1037
436621,1000,1040
436622,997,1041
436623,992,1041
436624,987,1040
436625,987,1046
436626,988,1049
436627,989,1057
436628,988,1055
436629,987,1053
436630,983,1051
436631,979,1052
436632,979,1056
436633,984,1060
436634,985,1061
436635,987,1060
436636,984,1056
436637,983,1058
436638,983,1060
436639,981,1064
436640,981,1064
436641,978,1057
436642,976,1056
436643,975,1056
436644,978,1062
436645,980,1066
436646,978,1064
436647,978,1059
436648,978,1057
436649,976,1058
436650,976,1062
436651,978,1064
436652,980,1061
436653,978,1059
436654,977,1056
436655,980,1057
436656,980,1059
436657,982,1059
436658,981,1055
436659,982,1054
436660,981,1054
436661,981,1054
436662,986,1057
436663,990,1060
436664,993,1058
436665,990,1054
436666,986,1054
436667,988,1059
436668,994,1062
436669,1003,1064
436670,1007,1068
436671,1010,1070
436672,1015,1067
436673,1021,1072
436674,1027,1074
436675,1036,1076
436676,1040,1074
436677,1042,1074
436678,1044,1073
436679,1053,1079
436680,1068,1084
436681,1083,1091
436682,1102,1093
436683,1114,1098
436684,1127,1098
436685,1141,1100
436686,1155,1109
436687,1171,1114
436688,1185,1117
436689,1196,1120
436690,1199,1119
436691,1202,1123
436692,1209,1133
436693,1217,1138
436694,1224,1140
436695,1223,1138
436696,1212,1130
436697,1197,1129
436698,1181,1127
436699,1172,1123
436700,1161,1114
436701,1147,1098
436702,1136,1088
436703,1125,1082
436704,1125,1078
436705,1120,1069
436706,1112,1061
436707,1101,1057
436708,1087,1060
436709,1075,1060
436710,1066,1062
436711,1064,1061
436712,1067,1063
436713,1076,1062
436714,1081,1064
436715,1084,1069
436716,1082,1073
436717,1075,1074
436718,1066,1075
436719,1048,1074
436720,1028,1071
436721,1007,1073
436722,989,1073
436723,979,1070
436724,970,1064
436725,963,1061
436726,950,1053
436727,935,1049
436728,926,1049
436729,921,1047
436730,921,1046
436731,917,1045
436732,912,1041
436733,908,1038
436734,908,1041
436735,906,1043
436736,899,1042
436737,896,1037
436738,894,1035
436739,892,1034
436740,897,1039
436741,898,1037
436742,900,1035
436743,897,1034
436744,894,1029
436745,890,1027
436746,891,1030
436747,891,1030
436748,889,1028
436749,889,1023
436750,883,1021
436751,881,1021
436752,878,1022
436753,881,1023
436754,885,1014
436755,882,1011
436756,877,1008
436757,873,1005
436758,870,1010
436759,873,1011
436760,874,1007
436761,868,1004
436762,866,997
436763,864,994
436764,865,992
436765,869,995
436766,866,992
436767,864,989
436768,861,985
436769,860,982
436770,862,986
436771,866,986
436772,865,980
436773,863,978
436774,861,975
436775,861,973
436776,862,974
436777,864,974
436778,867,969
436779,865,968
436780,864,965
436781,861,967
436782,864,970
436783,866,975
436784,874,971
436785,876,967
436786,877,964
436787,876,968
436788,879,971
436789,886,974
436790,892,972
436791,893,972
436792,896,970
436793,902,978
436794,903,980
436795,913,986
436796,913,986
436797,915,989
436798,913,987
436799,917,987
436800,922,989
436801,929,993
436802,934,994
436803,935,996
436804,937,1000
436805,939,1004
436806,943,1010
436807,951,1016
436808,952,1018
436809,955,1020
436810,952,1021
436811,951,1025
436812,955,1030
436813,963,1038
436814,961,1036
436815,961,1038
436816,959,1035
436817,960,1039
436818,963,1044
436819,968,1049
436820,969,1046
436821,967,1044
436822,967,1044
436823,966,1047
436824,967,1053
436825,969,1058
436826,969,1060
436827,965,1054
436828,962,1052
436829,956,1050
436830,955,1053
436831,958,1055
436832,966,1054
436833,969,1053
436834,966,1051
436835,967,1053
436836,969,1055
436837,971,1059
436838,975,1055
436839,973,1051
436840,971,1046
436841,969,1048
436842,970,1053
436843,972,1057
436844,969,1054
436845,967,1052
436846,963,1050
436847,966,1049
436848,972,1050
436849,975,1055
436850,971,1055
436851,972,1050
436852,966,1049
436853,967,1049
436854,970,1054
436855,973,1058
436856,974,1060
436857,970,1054
436858,967,1050
436859,962,1050
436860,965,1055
436861,966,1058
436862,966,1057
436863,966,1055
436864,962,1053
436865,964,1056
436866,965,1059
436867,965,1059
436868,965,1055
436869,963,1053
436870,962,1053
436871,961,1053
436872,963,1056
436873,967,1056
436874,974,1052
436875,973,1054
436876,970,1051
436877,970,1050
436878,973,1053
436879,974,1058
436880,976,1058
436881,974,1054
436882,972,1051
436883,970,1050
436884,969,1053
436885,968,1056
436886,966,1057
436887,969,1056
436888,962,1051
436889,963,1050
436890,967,1053
436891,972,1050
436892,971,1050
436893,966,1051
436894,962,1050
436895,960,1049
436896,963,1052
436897,969,1052
436898,970,1051
436899,967,1048
436900,960,1049
436901,959,1052
436902,960,1054
436903,960,1058
436904,963,1060
436905,963,1056
436906,966,1052
436907,962,1048
436908,962,1054
436909,963,1055
436910,962,1054
436911,961,1050
436912,957,1052
436913,960,1053
436914,962,1058
436915,965,1059
436916,970,1058
436917,972,1058
436918,968,1056
436919,964,1054
436920,962,1052
436921,962,1059
436922,963,1063
436923,967,1059
436924,967,1052
436925,965,1052
436926,966,1052
436927,969,1059
436928,972,1059
436929,969,1058
436930,960,1055
436931,960,1055
436932,963,1057
436933,967,1062
436934,972,1059
436935,973,1055
436936,970,1054
436937,967,1052
436938,968,1051
436939,970,1054
436940,965,1054
436941,960,1054
436942,960,1051
436943,956,1053
436944,959,1049
436945,963,1054
436946,967,1052
436947,966,1052
436948,965,1050
436949,966,1050
436950,971,1050
436951,970,1050
436952,973,1047
436953,968,1050
436954,964,1046
436955,962,1049
436956,963,1050
436957,962,1054
436958,969,1051
436959,966,1048
436960,963,1049
436961,963,1050
436962,966,1048
436963,968,1049
436964,967,1049
436965,969,1049
436966,968,1048
436967,967,1050
436968,967,1054
436969,971,1054
436970,974,1055
436971,976,1055
436972,971,1051
436973,974,1051
436974,975,1052
436975,977,1058
436976,978,1056
436977,978,1054
436978,974,1053
436979,972,1053
436980,970,1057
436981,973,1061
436982,969,1058
436983,967,1055
436984,966,1053
436985,970,1052
436986,971,1053
436987,976,1053
436988,979,1050
436989,974,1050
436990,974,1046
436991,974,1047
436992,973,1048
436993,976,1047
436994,980,1045
436995,979,1040
436996,980,1033
436997,990,1033
436998,1005,1031
436999,1023,1030
437000,1043,1026
437001,1072,1019
437002,1100,1010
437003,1139,999
437004,1184,993
437005,1228,993
437006,1266,999
437007,1287,1018
437008,1284,1042
437009,1255,1063
437010,1203,1072
437011,1140,1076
437012,1081,1078
437013,1019,1089
437014,966,1099
437015,934,1110
437016,933,1116
437017,950,1115
437018,960,1103
437019,963,1087
437020,961,1071
437021,968,1063
437022,969,1060
437023,965,1059
437024,963,1057
437025,962,1052
437026,957,1049
437027,955,1051
437028,957,1052
437029,960,1053
437030,962,1053
437031,958,1050
437032,953,1048
437033,953,1048
437034,953,1048
437035,956,1049
437036,953,1048
437037,949,1043
437038,948,1043
437039,949,1046
437040,951,1046
437041,951,1048
437042,952,1047
437043,949,1042
437044,939,1038
437045,938,1038
437046,942,1040
437047,941,1040
437048,943,1041
437049,941,1037
437050,936,1033
437051,937,1033
437052,941,1039
437053,944,1041
437054,949,1040
437055,947,1037
437056,943,1035
437057,944,1038
437058,944,1040
437059,947,1037
437060,947,1036
437061,948,1036
437062,948,1034
437063,948,1036
437064,947,1039
437065,950,1040
437066,953,1040
437067,955,1037
437068,954,1037
437069,955,1035
437070,958,1036
437071,964,1039
437072,963,1036
437073,962,1034
437074,961,1031
437075,960,1032
437076,964,1033
437077,967,1033
437078,972,1031
437079,973,1024
437080,972,1020
437081,970,1018
437082,971,1019
437083,973,1017
437084,974,1015
437085,972,1009
437086,969,1007
437087,968,1006
437088,967,1007
437089,970,1010
437090,970,1005
437091,968,1002
437092,968,998
437093,969,999
437094,971,999
437095,979,999
437096,983,997
437097,983,996
437098,981,994
437099,980,996
437100,983,1000
437101,985,1000
437102,981,999
437103,984,995
437104,987,993
437105,995,994
437106,996,1000
437107,999,1002
437108,1000,1002
437109,996,1003
437110,993,1005
437111,992,1007
437112,994,1008
437113,997,1013
437114,999,1015
437115,999,1015
437116,994,1015
437117,992,1021
437118,993,1025
437119,993,1030
437120,994,1030
437121,989,1032
437122,985,1032
437123,981,1036
437124,985,1040
437125,989,1046
437126,990,1044
437127,986,1040
437128,981,1041
437129,976,1041
437130,978,1043
437131,975,1047
437132,974,1045
437133,970,1044
437134,966,1042
437135,966,1043
437136,966,1043
437137,971,1047
437138,975,1046
437139,975,1042
437140,974,1041
437141,970,1041
437142,972,1045
437143,978,1047
437144,981,1046
437145,985,1047
437146,987,1042
437147,991,1044
437148,997,1050
437149,1005,1055
437150,1009,1055
437151,1013,1053
437152,1019,1050
437153,1032,1048
437154,1051,1043
437155,1067,1029
437156,1077,1012
437157,1091,994
437158,1104,978
437159,1125,971
437160,1145,958
437161,1165,948
437162,1184,932
437163,1201,913
437164,1219,893
437165,1237,879
437166,1260,866
437167,1275,859
437168,1281,846
437169,1282,841
437170,1280,841
437171,1275,843
437172,1268,844
437173,1259,843
437174,1243,834
437175,1221,832
437176,1190,832
437177,1160,839
437178,1135,848
437179,1113,859
437180,1081,871
437181,1057,880
437182,1038,891
437183,1026,908
437184,1029,925
437185,1028,942
437186,1019,955
437187,1014,965
437188,1009,971
437189,1015,982
437190,1024,990
437191,1043,1001
437192,1058,1007
437193,1065,1006
437194,1063,1002
437195,1049,1006
437196,1026,1014
437197,994,1024
437198,966,1035
437199,941,1042
437200,924,1054
437201,912,1065
437202,910,1082
437203,909,1090
437204,907,1092
437205,901,1092
437206,897,1090
437207,894,1096
437208,894,1098
437209,894,1104
437210,889,1104
437211,884,1103
437212,880,1103
437213,874,1105
437214,877,1112
437215,877,1115
437216,876,1115
437217,873,1115
437218,868,1117
437219,863,1121
437220,865,1122
437221,868,1127
437222,867,1126
437223,864,1125
437224,860,1124
437225,860,1127
437226,860,1131
437227,860,1132
437228,861,1134
437229,861,1132
437230,858,1135
437231,855,1137
437232,857,1142
437233,860,1146
437234,858,1146
437235,857,1145
437236,853,1147
437237,856,1150
437238,864,1155
437239,866,1159
437240,865,1159
437241,864,1160
437242,858,1159
437243,859,1162
437244,861,1166
437245,866,1170
437246,867,1171
437247,868,1169
437248,869,1169
437249,871,1174
437250,875,1177
437251,879,1180
437252,878,1181
437253,877,1179
437254,879,1177
437255,882,1174
437256,882,1178
437257,887,1182
437258,894,1181
437259,895,1177
437260,894,1175
437261,896,1174
437262,897,1174
437263,900,1177
437264,903,1177
437265,902,1172
437266,903,1171
437267,908,1170
437268,913,1167
437269,922,1167
437270,929,1163
437271,931,1157
437272,932,1149
437273,932,1145
437274,936,1144
437275,939,1142
437276,942,1135
437277,944,1128
437278,944,1120
437279,942,1116
437280,946,1116
437281,949,1111
437282,950,1105
437283,950,1100
437284,944,1091
437285,946,1091
437286,946,1089
437287,952,1085
437288,950,1084
437289,951,1076
437290,948,1071
437291,952,1071
437292,953,1071
437293,956,1070
437294,957,1065
437295,956,1062
437296,952,1056
437297,953,1056
437298,952,1057
437299,955,1061
437300,956,1058
437301,954,1055
437302,951,1051
437303,952,1055
437304,954,1054
437305,957,1055
437306,955,1053
437307,949,1051
437308,946,1049
437309,947,1049
437310,951,1052
437311,955,1052
437312,953,1052
437313,950,1050
437314,950,1049
437315,947,1050
437316,950,1052
437317,955,1052
437318,957,1052
437319,957,1050
437320,955,1051
437321,956,1050
437322,955,1054
437323,957,1053
437324,958,1052
437325,959,1051
437326,956,1047
437327,956,1049
437328,958,1049
437329,962,1051
437330,960,1049
437331,960,1045
437332,954,1046
437333,954,1046
437334,956,1047
437335,958,1050
437336,961,1049
437337,959,1045
437338,955,1045
437339,955,1043
437340,957,1047
437341,960,1046
437342,959,1048
437343,960,1044
437344,956,1042
437345,955,1045
437346,959,1047
437347,962,1051
437348,962,1048
437349,961,1047
437350,958,1045
437351,957,1046
437352,957,1049
437353,962,1055
437354,963,1052
437355,960,1048
437356,955,1046
437357,956,1048
437358,960,1047
437359,963,1049
437360,963,1047
437361,961,1045
437362,961,1043
437363,961,1045
437364,963,1048
437365,966,1049
437366,964,1048
437367,961,1047
437368,959,1044
437369,959,1045
437370,964,1048
437371,965,1053
437372,965,1050
437373,960,1046
437374,958,1049
437375,960,1051
437376,964,1057
437377,967,1061
437378,968,1057
437379,967,1053
437380,965,1049
437381,964,1050
437382,963,1050
437383,966,1052
437384,965,1049
437385,961,1047
437386,959,1043
437387,957,1046
437388,961,1047
437389,963,1048
437390,964,1049
437391,962,1046
437392,956,1041
437393,955,1043
437394,956,1047
437395,959,1049
437396,959,1048
437397,960,1046
437398,957,1045
437399,953,1048
437400,958,1051
437401,962,1056
437402,963,1053
437403,961,1049
437404,958,1050
437405,956,1050
437406,962,1053
437407,965,1053
437408,967,1052
437409,963,1050
437410,962,1048
437411,962,1049
437412,963,1052
437413,965,1051
437414,964,1051
437415,961,1048
437416,964,1046
437417,957,1046
437418,960,1049
437419,961,1054
437420,964,1051
437421,962,1050
437422,960,1047
437423,960,1048
437424,963,1050
437425,968,1052
437426,968,1050
437427,967,1045
437428,961,1046
437429,963,1047
437430,966,1051
437431,968,1053
437432,969,1055
437433,967,1050
437434,965,1052
437435,967,1053
437436,967,1055
437437,971,1056
437438,976,1055
437439,973,1058
437440,969,1059
437441,971,1061
437442,977,1067
437443,987,1066
437444,998,1063
437445,1010,1052
437446,1023,1039
437447,1045,1028
437448,1076,1020
437449,1110,1012
437450,1147,996
437451,1181,986
437452,1216,980
437453,1248,987
437454,1273,1002
437455,1290,1031
437456,1279,1066
437457,1243,1085
437458,1194,1081
437459,1139,1069
437460,1077,1065
437461,1018,1068
437462,974,1075
437463,954,1076
437464,951,1076
437465,960,1073
437466,967,1069
437467,972,1071
437468,973,1059
437469,970,1050
437470,966,1039
437471,963,1036
437472,962,1038
437473,962,1043
437474,959,1042
437475,955,1042
437476,952,1040
437477,951,1044
437478,950,1050
437479,952,1055
437480,951,1058
437481,948,1055
437482,948,1051
437483,946,1052
437484,947,1053
437485,951,1052
437486,951,1050
437487,950,1051
437488,947,1049
437489,946,1054
437490,949,1057
437491,951,1064
437492,952,1068
437493,949,1068
437494,948,1062
437495,951,1061
437496,953,1056
437497,955,1056
437498,955,1050
437499,951,1049
437500,948,1049
437501,950,1054
437502,950,1057
437503,953,1057
437504,954,1058
437505,952,1057
437506,948,1054
437507,949,1053
437508,953,1053
437509,952,1051
437510,954,1049
437511,951,1045
437512,948,1044
437513,948,1042
437514,947,1044
437515,950,1045
437516,951,1042
437517,950,1039
437518,951,1038
437519,953,1039
437520,956,1041
437521,958,1042
437522,959,1040
437523,958,1037
437524,955,1033
437525,953,1035
437526,959,1038
437527,966,1037
437528,968,1033
437529,964,1031
437530,963,1026
437531,965,1026
437532,967,1029
437533,969,1029
437534,971,1026
437535,973,1023
437536,971,1021
437537,974,1021
437538,975,1022
437539,976,1020
437540,977,1019
437541,977,1012
437542,969,1010
437543,971,1012
437544,977,1015
437545,979,1017
437546,984,1014
437547,982,1010
437548,980,1008
437549,982,1011
437550,984,1011
437551,991,1012
437552,990,1011
437553,987,1007
437554,985,1005
437555,990,1006
437556,991,1009
437557,997,1012
437558,998,1011
437559,999,1011
437560,996,1011
437561,993,1011
437562,992,1013
437563,994,1016
437564,996,1016
437565,993,1014
437566,987,1014
437567,986,1018
437568,988,1022
437569,990,1028
437570,989,1031
437571,983,1028
437572,977,1028
437573,971,1030
437574,974,1034
437575,976,1039
437576,977,1038
437577,969,1038
437578,971,1037
437579,969,1038
437580,972,1041
437581,972,1043
437582,968,1040
437583,963,1037
437584,960,1036
437585,960,1039
437586,964,1040
437587,965,1043
437588,967,1039
437589,963,1037
437590,961,1036
437591,960,1038
437592,962,1039
437593,964,1042
437594,964,1039
437595,962,1038
437596,957,1037
437597,958,1040
437598,961,1042
437599,963,1045
437600,964,1041
437601,964,1041
437602,960,1036
437603,958,1038
437604,962,1039
437605,966,1043
437606,966,1042
437607,962,1037
437608,960,1035
437609,958,1037
437610,966,1036
437611,967,1040
437612,967,1039
437613,964,1038
437614,958,1038
437615,957,1036
437616,958,1038
437617,961,1040
437618,963,1040
437619,961,1037
437620,960,1037
437621,959,1036
437622,961,1037
437623,964,1039
437624,963,1037
437625,959,1036
437626,958,1033
437627,956,1034
437628,962,1039
437629,963,1040
437630,961,1037
437631,961,1033
437632,959,1035
437633,957,1035
437634,958,1039
437635,959,1040
437636,960,1038
437637,956,1036
437638,955,1033
437639,955,1035
437640,958,1037
437641,959,1040
437642,959,1037
437643,957,1034
437644,952,1031
437645,951,1032
437646,955,1035
437647,958,1037
437648,956,1036
437649,957,1034
437650,952,1034
437651,955,1034
437652,956,1039
437653,961,1042
437654,959,1041
437655,959,1038
437656,953,1036
437657,956,1037
437658,954,1040
437659,961,1043
437660,961,1043
437661,959,1037
437662,958,1037
437663,956,1038
437664,962,1041
437665,966,1042
437666,967,1042
437667,963,1040
437668,961,1035
437669,962,1039
437670,966,1042
437671,966,1043
437672,964,1043
437673,965,1041
437674,963,1041
437675,962,1042
437676,965,1045
437677,968,1046
437678,969,1041
437679,969,1037
437680,969,1033
437681,978,1034
437682,989,1031
437683,1004,1030
437684,1018,1026
437685,1034,1022
437686,1059,1015
437687,1096,1008
437688,1140,1002
437689,1184,999
437690,1225,994
437691,1264,1001
437692,1290,1021
437693,1291,1047
437694,1267,1066
437695,1222,1073
437696,1162,1071
437697,1098,1071
437698,1029,1078
437699,967,1092
437700,925,1108
437701,909,1120
437702,917,1120
437703,932,1111
437704,937,1093
437705,942,1082
437706,949,1072
437707,958,1064
437708,962,1056
437709,957,1050
437710,952,1046
437711,951,1046
437712,952,1046
437713,951,1050
437714,950,1048
437715,948,1045
437716,945,1043
437717,946,1045
437718,947,1048
437719,947,1049
437720,947,1049
437721,944,1045
437722,944,1046
437723,942,1046
437724,945,1050
437725,951,1050
437726,949,1050
437727,945,1046
437728,939,1047
437729,944,1046
437730,946,1049
437731,949,1049
437732,946,1049
437733,949,1045
437734,943,1044
437735,944,1047
437736,943,1047
437737,945,1049
437738,946,1046
437739,945,1042
437740,940,1039
437741,941,1041
437742,943,1044
437743,943,1045
437744,943,1044
437745,941,1040
437746,938,1038
437747,938,1040
437748,945,1040
437749,949,1040
437750,950,1035
437751,950,1032
437752,949,1030
437753,947,1032
437754,951,1032
437755,954,1034
437756,952,1030
437757,954,1025
437758,949,1022
437759,948,1025
437760,952,1028
437761,955,1029
437762,959,1027
437763,957,1024
437764,956,1024
437765,956,1023
437766,954,1027
437767,957,1026
437768,956,1023
437769,956,1019
437770,955,1015
437771,953,1015
437772,955,1016
437773,957,1017
437774,958,1014
437775,960,1010
437776,957,1010
437777,952,1007
437778,956,1009
437779,959,1009
437780,959,1008
437781,960,1001
437782,961,1001
437783,961,1005
437784,962,1004
437785,967,1006
437786,968,1004
437787,967,1001
437788,968,998
437789,969,1002
437790,971,1004
437791,974,1007
437792,971,1006
437793,975,1006
437794,971,1005
437795,972,1008
437796,973,1011
437797,975,1016
437798,974,1019
437799,975,1017
437800,971,1017
437801,970,1020
437802,972,1023
437803,972,1029
437804,970,1031
437805,969,1031
437806,964,1031
437807,962,1035
437808,963,1040
437809,964,1044
437810,964,1045
437811,959,1044
437812,960,1044
437813,959,1047
437814,959,1052
437815,961,1055
437816,960,1055
437817,956,1052
437818,950,1051
437819,949,1053
437820,949,1058
437821,952,1059
437822,953,1056
437823,950,1056
437824,945,1052
437825,946,1053
437826,948,1055
437827,951,1056
437828,951,1056
437829,947,1051
437830,948,1049
437831,952,1051
437832,956,1053
437833,957,1054
437834,953,1053
437835,952,1051
437836,949,1049
437837,952,1047
437838,956,1052
437839,959,1052
437840,961,1052
437841,960,1052
437842,958,1049
437843,958,1050
437844,959,1053
437845,961,1054
437846,958,1053
437847,959,1050
437848,955,1049
437849,956,1051
437850,956,1050
437851,961,1053
437852,962,1051
437853,963,1046
437854,960,1046
437855,956,1045
437856,956,1046
437857,959,1048
437858,961,1044
437859,954,1043
437860,948,1040
437861,952,1045
437862,957,1049
437863,960,1048
437864,959,1045
437865,955,1043
437866,952,1042
437867,956,1045
437868,957,1048
437869,962,1051
437870,963,1050
437871,962,1049
437872,960,1047
437873,959,1048
437874,959,1052
437875,960,1055
437876,965,1051
437877,964,1050
437878,958,1049
437879,958,1051
437880,963,1054
437881,961,1054
437882,959,1052
437883,959,1051
437884,957,1052
437885,957,1056
437886,957,1057
437887,959,1062
437888,959,1059
437889,959,1055
437890,957,1054
437891,957,1052
437892,962,1053
437893,960,1059
437894,963,1054
437895,961,1051
437896,958,1048
437897,955,1050
437898,958,1053
437899,963,1053
437900,962,1052
437901,961,1049
437902,960,1045
437903,964,1045
437904,969,1045
437905,979,1041
437906,985,1038
437907,997,1035
437908,1008,1033
437909,1030,1029
437910,1060,1029
437911,1099,1024
437912,1139,1014
437913,1176,1006
437914,1216,999
437915,1256,1004
437916,1283,1015
437917,1293,1035
437918,1270,1048
437919,1216,1054
437920,1148,1054
437921,1085,1062
437922,1022,1074
437923,973,1090
437924,937,1099
437925,925,1101
437926,926,1100
437927,939,1089
437928,954,1080
437929,966,1072
437930,971,1064
437931,966,1056
437932,962,1053
437933,959,1054
437934,955,1058
437935,954,1059
437936,950,1056
437937,945,1056
437938,943,1055
437939,942,1056
437940,945,1060
437941,949,1061
437942,945,1057
437943,946,1053
437944,944,1051
437945,945,1053
437946,944,1054
437947,945,1054
437948,946,1055
437949,942,1053
437950,939,1051
437951,940,1052
437952,940,1053
437953,944,1054
437954,944,1052
437955,943,1051
437956,943,1051
437957,938,1053
437958,933,1055
437959,935,1055
437960,938,1052
437961,937,1052
437962,935,1049
437963,936,1051
437964,937,1054
437965,937,1054
437966,939,1050
437967,936,1050
437968,933,1047
437969,934,1049
437970,934,1047
437971,938,1049
437972,941,1047
437973,936,1046
437974,939,1046
437975,940,1048
437976,941,1051
437977,942,1051
437978,940,1049
437979,935,1045
437980,936,1046
437981,938,1046
437982,942,1048
437983,946,1045
437984,944,1044
437985,944,1041
437986,941,1039
437987,940,1039
437988,946,1040
437989,951,1041
437990,951,1036
437991,949,1033
437992,949,1028
437993,950,1026
437994,951,1028
437995,957,1026
437996,958,1023
437997,954,1019
437998,952,1014
437999,951,1015
438000,952,1017
438001,955,1019
438002,959,1013
438003,958,1010
438004,958,1004
438005,960,1005
438006,960,1005
438007,958,1005
438008,964,1003
438009,962,999
438010,958,999
438011,957,1000
438012,960,1000
438013,966,1003
438014,963,999
438015,962,997
438016,960,997
438017,964,999
438018,968,999
438019,970,1004
438020,972,1002
438021,970,1000
438022,967,1003
438023,968,1006
438024,972,1011
438025,977,1015
438026,976,1015
438027,973,1016
438028,971,1017
438029,970,1018
438030,968,1025
438031,969,1026
438032,967,1029
438033,967,1028
438034,965,1029
438035,967,1036
438036,969,1039
438037,969,1048
438038,967,1048
438039,961,1050
438040,959,1048
438041,960,1053
438042,964,1058
438043,963,1055
438044,960,1054
438045,960,1053
438046,957,1054
438047,955,1056
438048,957,1058
438049,956,1061
438050,952,1060
438051,951,1060
438052,952,1060
438053,952,1059
438054,957,1061
438055,959,1061
438056,961,1060
438057,955,1056
438058,952,1056
438059,952,1055
438060,954,1059
438061,955,1057
438062,954,1055
438063,955,1052
438064,953,1053
438065,956,1055
438066,959,1055
438067,963,1056
438068,958,1053
438069,957,1048
438070,956,1049
438071,956,1052
438072,958,1055
438073,964,1056
438074,965,1052
438075,964,1051
438076,963,1053
438077,959,1057
438078,965,1058
438079,969,1059
438080,972,1058
438081,973,1057
438082,971,1055
438083,969,1059
438084,971,1066
438085,976,1068
438086,977,1070
438087,974,1070
438088,976,1076
438089,983,1085
438090,999,1084
438091,1013,1079
438092,1028,1059
438093,1039,1043
438094,1049,1026
438095,1067,1013
438096,1084,997
438097,1099,982
438098,1113,961
438099,1132,939
438100,1148,917
438101,1166,893
438102,1176,874
438103,1185,860
438104,1195,846
438105,1209,834
438106,1220,818
438107,1225,811
438108,1231,813
438109,1235,818
438110,1234,822
438111,1231,824
438112,1223,827
438113,1217,832
438114,1207,840
438115,1194,844
438116,1177,852
438117,1160,859
438118,1140,867
438119,1120,874
438120,1111,890
438121,1103,903
438122,1099,916
438123,1091,927
438124,1083,941
438125,1073,949
438126,1068,963
438127,1067,972
438128,1064,979
438129,1063,987
438130,1065,994
438131,1076,999
438132,1084,1002
438133,1083,1003
438134,1059,1003
438135,1012,1007
438136,961,1017
438137,925,1036
438138,910,1054
438139,912,1074
438140,911,1086
438141,907,1097
438142,898,1099
438143,892,1101
438144,887,1109
438145,888,1114
438146,886,1116
438147,880,1115
438148,874,1115
438149,874,1117
438150,872,1122
438151,874,1125
438152,873,1125
438153,870,1124
438154,866,1123
438155,862,1124
438156,861,1131
438157,858,1132
438158,856,1134
438159,853,1135
438160,850,1134
438161,847,1137
438162,843,1142
438163,840,1145
438164,844,1144
438165,841,1144
438166,839,1143
438167,832,1149
438168,830,1153
438169,830,1158
438170,829,1162
438171,824,1161
438172,820,1166
438173,821,1168
438174,824,1176
438175,822,1180
438176,820,1183
438177,818,1184
438178,811,1186
438179,806,1189
438180,808,1195
438181,815,1202
438182,813,1198
438183,806,1201
438184,799,1201
438185,799,1205
438186,801,1211
438187,805,1214
438188,804,1215
438189,802,1213
438190,798,1213
438191,801,1217
438192,810,1219
438193,816,1222
438194,823,1220
438195,819,1213
438196,820,1211
438197,822,1210
438198,826,1208
438199,832,1208
438200,835,1201
438201,838,1194
438202,839,1189
438203,845,1186
438204,853,1185
438205,860,1179
438206,866,1173
438207,867,1164
438208,870,1159
438209,876,1156
438210,883,1151
438211,889,1146
438212,894,1139
438213,893,1132
438214,894,1127
438215,900,1125
438216,908,1121
438217,917,1118
438218,918,1111
438219,922,1103
438220,919,1099
438221,918,1099
438222,924,1100
438223,937,1098
438224,939,1093
438225,937,1087
438226,931,1085
438227,933,1083
438228,936,1084
438229,940,1085
438230,940,1082
438231,938,1080
438232,935,1075
438233,933,1078
438234,937,1080
438235,940,1079
438236,941,1076
438237,939,1073
438238,937,1071
438239,938,1074
438240,941,1073
438241,944,1075
438242,947,1071
438243,944,1067
438244,942,1066
438245,946,1069
438246,948,1070
438247,951,1072
438248,952,1067
438249,948,1064
438250,949,1062
438251,947,1065
438252,951,1066
438253,953,1064
438254,954,1062
438255,951,1057
438256,950,1057
438257,947,1057
438258,946,1060
438259,952,1061
438260,953,1058
438261,952,1054
438262,949,1055
438263,949,1058
438264,952,1059
438265,958,1060
438266,954,1058
438267,953,1057
438268,953,1055
438269,954,1059
438270,952,1060
438271,958,1061
438272,959,1062
438273,959,1059
438274,957,1061
438275,955,1061
438276,954,1063
438277,956,1066
438278,957,1063
438279,959,1064
438280,957,1062
438281,955,1061
438282,957,1066
438283,960,1068
438284,961,1066
438285,959,1064
438286,957,1061
438287,956,1063
438288,956,1067
438289,957,1064
438290,957,1064
438291,958,1061
438292,958,1062
438293,959,1060
438294,961,1063
438295,961,1062
438296,958,1061
438297,958,1058
438298,957,1057
438299,959,1057
438300,960,1058
438301,962,1059
438302,961,1055
438303,959,1054
438304,960,1055
438305,957,1055
438306,956,1056
438307,964,1057
438308,966,1056
438309,964,1052
438310,958,1049
438311,964,1054
438312,967,1057
438313,972,1058
438314,972,1056
438315,967,1055
438316,963,1053
438317,960,1056
438318,964,1058
438319,969,1059
438320,971,1058
438321,964,1057
438322,962,1057
438323,963,1059
438324,968,1061
438325,971,1060
438326,967,1061
438327,964,1059
438328,965,1059
438329,968,1060
438330,970,1063
438331,972,1063
438332,968,1064
438333,969,1060
438334,966,1060
438335,967,1063
438336,967,1066
438337,972,1068
438338,971,1065
438339,967,1061
438340,963,1062
438341,964,1064
438342,967,1065
438343,968,1067
438344,964,1066
438345,961,1063
438346,959,1061
438347,960,1065
438348,960,1066
438349,964,1065
438350,962,1065
438351,960,1059
438352,959,1060
438353,958,1060
438354,959,1065
438355,964,1067
438356,964,1064
438357,963,1062
438358,960,1058
438359,960,1060
438360,962,1060
438361,967,1062
438362,965,1060
438363,964,1061
438364,961,1059
438365,958,1061
438366,965,1062
438367,967,1062
438368,968,1061
438369,965,1055
438370,962,1057
438371,965,1056
438372,965,1060
438373,967,1061
438374,967,1058
438375,965,1056
438376,962,1053
438377,961,1057
438378,966,1059
438379,970,1058
438380,967,1058
438381,967,1055
438382,962,1053
438383,961,1058
438384,963,1059
438385,965,1062
438386,965,1060
438387,964,1057
438388,962,1055
438389,962,1058
438390,967,1059
438391,970,1063
438392,969,1060
438393,969,1058
438394,967,1057
438395,965,1057
438396,966,1057
438397,971,1058
438398,975,1054
438399,982,1050
438400,988,1048
438401,1002,1045
438402,1023,1047
438403,1043,1047
438404,1072,1042
438405,1103,1032
438406,1136,1024
438407,1180,1012
438408,1225,1011
438409,1271,1011
438410,1311,1016
438411,1329,1034
438412,1323,1055
438413,1285,1065
438414,1228,1072
438415,1162,1075
438416,1094,1080
438417,1024,1089
438418,967,1097
438419,935,1102
438420,937,1101
438421,956,1097
438422,969,1084
438423,974,1073
438424,969,1064
438425,965,1063
438426,963,1062
438427,962,1061
438428,962,1058
438429,956,1055
438430,954,1056
438431,955,1060
438432,957,1062
438433,958,1063
438434,958,1063
438435,955,1060
438436,951,1061
438437,950,1061
438438,954,1064
438439,956,1063
438440,957,1064
438441,951,1061
438442,948,1060
438443,948,1064
438444,952,1066
438445,952,1066
438446,948,1065
438447,948,1061
438448,942,1059
438449,946,1060
438450,949,1065
438451,949,1063
438452,951,1063
438453,944,1060
438454,945,1059
438455,941,1059
438456,943,1061
438457,947,1062
438458,946,1062
438459,945,1059
438460,943,1058
438461,946,1058
438462,951,1060
438463,950,1059
438464,948,1058
438465,944,1055
438466,941,1055
438467,944,1056
438468,946,1059
438469,950,1061
438470,950,1056
438471,950,1051
438472,948,1051
438473,951,1051
438474,952,1055
438475,958,1056
438476,959,1054
438477,956,1048
438478,958,1046
438479,960,1048
438480,965,1048
438481,970,1047
438482,970,1044
438483,969,1039
438484,968,1037
438485,971,1037
438486,976,1038
438487,982,1032
438488,983,1033
438489,980,1028
438490,978,1026
438491,984,1026
438492,987,1026
438493,992,1026
438494,989,1022
438495,989,1019
438496,983,1016
438497,987,1017
438498,991,1018
438499,995,1018
438500,995,1016
438501,993,1010
438502,990,1012
438503,987,1011
438504,992,1012
438505,998,1011
438506,997,1010
438507,995,1008
438508,993,1006
438509,997,1011
438510,999,1011
438511,1002,1016
438512,1001,1011
438513,1000,1013
438514,997,1015
438515,998,1018
438516,1000,1022
438517,1003,1024
438518,1001,1026
438519,996,1027
438520,996,1027
438521,993,1031
438522,991,1036
438523,989,1041
438524,989,1041
438525,987,1039
438526,984,1040
438527,985,1044
438528,985,1049
438529,985,1050
438530,982,1051
438531,978,1051
438532,977,1055
438533,975,1054
438534,979,1056
438535,982,1055
438536,982,1056
438537,979,1056
438538,979,1055
438539,976,1054
438540,975,1060
438541,978,1059
438542,975,1058
438543,971,1057
438544,969,1055
438545,972,1056
438546,970,1061
438547,973,1059
438548,973,1058
438549,971,1055
438550,968,1055
438551,969,1055
438552,971,1059
438553,974,1058
438554,973,1056
438555,970,1055
438556,968,1055
438557,970,1056
438558,974,1058
438559,977,1056
438560,975,1056
438561,973,1052
438562,968,1052
438563,970,1051
438564,973,1054
438565,978,1054
438566,979,1050
438567,978,1048
438568,973,1046
438569,974,1048
438570,975,1051
438571,975,1050
438572,976,1050
438573,974,1048
438574,971,1045
438575,974,1049
438576,974,1053
438577,978,1051
438578,975,1050
438579,975,1050
438580,973,1048
438581,974,1051
438582,975,1054
438583,976,1054
438584,978,1053
438585,975,1051
438586,971,1051
438587,969,1053
438588,973,1056
438589,974,1056
438590,975,1055
438591,972,1054
438592,966,1051
438593,970,1055
438594,969,1055
438595,970,1055
438596,968,1054
438597,967,1050
438598,965,1050
438599,964,1052
438600,972,1053
438601,972,1053
438602,969,1052
438603,963,1049
438604,964,1050
438605,964,1052
438606,965,1053
438607,968,1053
438608,967,1052
438609,963,1053
438610,964,1052
438611,963,1056
438612,967,1056
438613,970,1056
438614,968,1054
438615,964,1052
438616,961,1049
438617,961,1055
438618,960,1058
438619,967,1057
438620,966,1056
438621,964,1054
438622,961,1055
438623,958,1059
438624,958,1063
438625,960,1066
438626,962,1065
438627,963,1061
438628,960,1060
438629,960,1063
438630,966,1065
438631,965,1068
438632,966,1066
438633,965,1065
438634,961,1061
438635,959,1061
438636,960,1065
438637,963,1066
438638,962,1063
438639,961,1057
438640,964,1054
438641,974,1053
438642,982,1051
438643,999,1048
438644,1019,1044
438645,1038,1038
438646,1069,1032
438647,1110,1028
438648,1152,1015
438649,1196,1004
438650,1237,998
438651,1275,995
438652,1299,1008
438653,1303,1029
438654,1276,1049
438655,1226,1057
438656,1159,1059
438657,1086,1065
438658,1014,1080
438659,957,1095
438660,929,1102
438661,931,1104
438662,943,1095
438663,954,1081
438664,958,1066
438665,960,1062
438666,955,1063
438667,953,1060
438668,949,1059
438669,943,1057
438670,942,1057
438671,940,1059
438672,941,1062
438673,939,1060
438674,937,1061
438675,933,1056
438676,934,1057
438677,932,1063
438678,935,1063
438679,938,1068
438680,937,1065
438681,934,1063
438682,927,1061
438683,928,1063
438684,930,1064
438685,934,1064
438686,935,1064
438687,935,1061
438688,931,1061
438689,932,1063
438690,934,1064
438691,933,1063
438692,929,1063
438693,929,1060
438694,926,1059
438695,927,1061
438696,928,1062
438697,935,1062
438698,933,1062
438699,931,1059
438700,929,1058
438701,928,1059
438702,931,1062
438703,936,1063
438704,935,1062
438705,932,1058
438706,929,1056
438707,933,1057
438708,934,1059
438709,938,1058
438710,936,1055
438711,935,1050
438712,933,1048
438713,936,1049
438714,936,1049
438715,942,1049
438716,942,1045
438717,941,1044
438718,940,1042
438719,942,1043
438720,944,1045
438721,950,1044
438722,949,1041
438723,950,1033
438724,948,1034
438725,949,1033
438726,949,1033
438727,955,1032
438728,953,1027
438729,951,1024
438730,950,1024
438731,952,1024
438732,957,1027
438733,963,1025
438734,962,1021
438735,956,1019
438736,954,1015
438737,958,1018
438738,961,1021
438739,965,1020
438740,960,1018
438741,959,1016
438742,955,1015
438743,961,1017
438744,964,1019
438745,967,1024
438746,968,1025
438747,966,1021
438748,967,1022
438749,968,1024
438750,971,1027
438751,973,1030
438752,967,1028
438753,964,1028
438754,963,1032
438755,969,1036
438756,969,1044
438757,967,1045
438758,961,1044
438759,955,1043
438760,951,1049
438761,955,1054
438762,957,1059
438763,957,1060
438764,955,1057
438765,951,1058
438766,947,1055
438767,946,1056
438768,949,1059
438769,952,1061
438770,950,1060
438771,946,1059
438772,946,1060
438773,946,1062
438774,947,1066
438775,952,1069
438776,949,1067
438777,948,1065
438778,946,1066
438779,947,1070
438780,946,1070
438781,947,1071
438782,948,1072
438783,947,1068
438784,945,1066
438785,946,1070
438786,947,1074
438787,948,1073
438788,945,1072
438789,943,1071
438790,942,1071
438791,944,1073
438792,946,1073
438793,952,1074
438794,950,1073
438795,949,1070
438796,948,1066
438797,945,1070
438798,947,1071
438799,950,1071
438800,946,1068
438801,946,1068
438802,945,1064
438803,950,1068
438804,952,1074
438805,956,1072
438806,954,1069
438807,951,1066
438808,948,1065
438809,944,1066
438810,947,1068
438811,949,1063
438812,950,1061
438813,945,1059
438814,945,1058
438815,947,1060
438816,947,1061
438817,951,1062
438818,947,1060
438819,944,1058
438820,945,1057
438821,947,1063
438822,951,1066
438823,951,1067
438824,948,1065
438825,947,1063
438826,946,1062
438827,946,1066
438828,950,1068
438829,952,1068
438830,953,1065
438831,947,1062
438832,946,1061
438833,946,1064
438834,946,1067
438835,950,1068
438836,949,1067
438837,948,1064
438838,944,1066
438839,942,1068
438840,945,1072
438841,949,1072
438842,947,1073
438843,941,1071
438844,941,1074
438845,941,1073
438846,945,1077
438847,952,1078
438848,950,1074
438849,949,1072
438850,945,1073
438851,948,1070
438852,950,1075
438853,952,1074
438854,953,1072
438855,949,1068
438856,946,1066
438857,948,1069
438858,949,1072
438859,951,1071
438860,951,1070
438861,947,1066
438862,944,1064
438863,947,1066
438864,948,1068
438865,949,1069
438866,950,1067
438867,948,1068
438868,947,1066
438869,949,1068
438870,950,1071
438871,954,1069
438872,951,1068
438873,951,1068
438874,947,1067
438875,946,1069
438876,948,1072
438877,949,1071
438878,952,1069
438879,949,1066
438880,945,1068
438881,947,1072
438882,950,1078
438883,953,1076
438884,953,1074
438885,952,1075
438886,949,1074
438887,953,1074
438888,951,1078
438889,957,1074
438890,956,1072
438891,951,1069
438892,950,1071
438893,951,1070
438894,954,1076
438895,954,1076
438896,954,1072
438897,955,1071
438898,953,1069
438899,954,1072
438900,954,1075
438901,959,1074
438902,957,1075
438903,953,1068
438904,951,1070
438905,949,1070
438906,955,1075
438907,959,1075
438908,958,1073
438909,955,1073
438910,953,1072
438911,957,1073
438912,955,1075
438913,957,1073
438914,957,1070
438915,956,1069
438916,953,1068
438917,956,1068
438918,958,1070
438919,961,1068
438920,959,1065
438921,957,1064
438922,959,1063
438923,959,1068
438924,963,1069
438925,960,1069
438926,963,1070
438927,957,1068
438928,955,1070
438929,958,1073
438930,962,1074
438931,964,1071
438932,965,1065
438933,963,1063
438934,957,1064
438935,959,1066
438936,962,1069
438937,963,1069
438938,964,1068
438939,961,1066
438940,959,1065
438941,960,1068
438942,959,1072
438943,964,1072
438944,963,1070
438945,960,1068
438946,959,1070
438947,956,1073
438948,960,1077
438949,966,1075
438950,968,1075
438951,965,1071
438952,962,1072
438953,960,1074
438954,964,1078
438955,965,1076
438956,964,1074
438957,963,1069
438958,961,1069
438959,964,1074
438960,968,1073
438961,969,1074
438962,968,1071
438963,965,1070
438964,966,1070
438965,964,1071
438966,969,1075
438967,973,1073
438968,972,1070
438969,967,1066
438970,968,1067
438971,970,1069
438972,972,1072
438973,976,1073
438974,974,1073
438975,973,1071
438976,970,1070
438977,972,1069
438978,973,1071
438979,976,1070
438980,977,1068
438981,975,1065
438982,974,1068
438983,972,1069
438984,977,1070
438985,978,1073
438986,975,1071
438987,974,1068
438988,972,1068
438989,971,1070
438990,969,1073
438991,971,1072
438992,971,1074
438993,971,1072
438994,967,1070
438995,968,1072
438996,968,1076
438997,969,1076
438998,968,1071
438999,961,1071
439000,962,1074
439001,965,1073
439002,966,1075
439003,970,1074
439004,970,1072
439005,967,1072
439006,965,1071
439007,965,1072
439008,966,1074
439009,967,1072
439010,967,1068
439011,969,1068
439012,969,1068
439013,972,1072
439014,973,1072
439015,977,1072
439016,975,1071
439017,977,1069
439018,973,1067
439019,976,1068
439020,976,1067
439021,981,1069
439022,981,1063
439023,980,1060
439024,976,1063
439025,978,1065
439026,979,1067
439027,982,1064
439028,981,1059
439029,977,1059
439030,977,1059
439031,979,1062
439032,983,1064
439033,986,1061
439034,981,1061
439035,980,1058
439036,978,1062
439037,977,1067
439038,980,1069
439039,980,1069
439040,979,1068
439041,975,1066
439042,971,1065
439043,973,1069
439044,976,1072
439045,979,1071
439046,978,1069
439047,975,1065
439048,971,1069
439049,974,1070
439050,978,1074
439051,980,1075
439052,980,1072
439053,981,1070
439054,980,1068
439055,980,1069
439056,984,1072
439057,984,1071
439058,987,1070
439059,987,1066
439060,989,1064
439061,1001,1059
439062,1016,1058
439063,1034,1055
439064,1054,1049
439065,1078,1043
439066,1108,1039
439067,1147,1031
439068,1187,1020
439069,1236,1009
439070,1278,1004
439071,1313,1004
439072,1330,1021
439073,1315,1039
439074,1265,1054
439075,1201,1059
439076,1135,1065
439077,1070,1069
439078,1018,1073
439079,987,1078
439080,977,1079
439081,987,1076
439082,994,1068
439083,994,1058
439084,988,1058
439085,985,1060
439086,982,1062
439087,982,1064
439088,977,1063
439089,973,1063
439090,970,1065
439091,967,1068
439092,969,1075
439093,965,1074
439094,965,1074
439095,959,1073
439096,955,1071
439097,957,1074
439098,959,1077
439099,960,1077
439100,961,1075
439101,957,1073
439102,951,1074
439103,952,1075
439104,958,1076
439105,963,1074
439106,964,1075
439107,962,1070
439108,960,1070
439109,961,1069
439110,963,1071
439111,965,1072
439112,961,1069
439113,958,1067
439114,958,1066
439115,958,1068
439116,957,1072
439117,960,1072
439118,965,1070
439119,963,1067
439120,960,1065
439121,961,1068
439122,963,1070
439123,967,1071
439124,965,1069
439125,964,1067
439126,960,1066
439127,960,1070
439128,968,1075
439129,969,1070
439130,968,1066
439131,963,1066
439132,964,1069
439133,966,1075
439134,968,1079
439135,972,1077
439136,971,1070
439137,973,1061
439138,975,1059
439139,975,1059
439140,981,1060
439141,983,1062
439142,984,1060
439143,983,1058
439144,986,1054
439145,987,1054
439146,990,1057
439147,993,1053
439148,993,1048
439149,993,1042
439150,990,1043
439151,990,1044
439152,992,1044
439153,997,1044
439154,996,1044
439155,996,1041
439156,994,1039
439157,993,1041
439158,995,1042
439159,998,1041
439160,997,1037
439161,995,1033
439162,995,1034
439163,999,1035
439164,1002,1035
439165,1006,1033
439166,1007,1033
439167,1005,1031
439168,1003,1029
439169,1006,1036
439170,1009,1037
439171,1010,1038
439172,1008,1036
439173,1006,1038
439174,1006,1038
439175,1009,1041
439176,1010,1044
439177,1014,1044
439178,1011,1043
439179,1006,1040
439180,1002,1044
439181,1003,1049
439182,1004,1054
439183,1006,1054
439184,1004,1055
439185,999,1053
439186,999,1055
439187,996,1061
439188,999,1068
439189,1000,1066
439190,996,1064
439191,994,1064
439192,990,1065
439193,989,1069
439194,991,1071
439195,998,1072
439196,993,1069
439197,990,1064
439198,986,1061
439199,987,1066
439200,987,1066
439201,987,1068
439202,984,1064
439203,978,1065
439204,976,1065
439205,981,1067
439206,982,1071
439207,983,1071
439208,978,1069
439209,976,1066
439210,973,1069
439211,972,1069
439212,974,1073
439213,981,1070
439214,977,1068
439215,977,1065
439216,975,1065
439217,975,1067
439218,975,1068
439219,977,1070
439220,979,1066
439221,974,1064
439222,972,1067
439223,974,1069
439224,979,1069
439225,981,1068
439226,979,1068
439227,976,1062
439228,972,1063
439229,973,1065
439230,975,1066
439231,976,1063
439232,979,1057
439233,975,1056
439234,975,1055
439235,981,1058
439236,985,1062
439237,984,1061
439238,985,1061
439239,980,1059
439240,978,1061
439241,981,1061
439242,983,1060
439243,984,1061
439244,982,1057
439245,981,1054
439246,976,1055
439247,981,1058
439248,986,1059
439249,988,1060
439250,984,1059
439251,981,1058
439252,977,1059
439253,979,1061
439254,981,1065
439255,981,1063
439256,982,1063
439257,978,1061
439258,973,1063
439259,976,1065
439260,980,1066
439261,985,1064
439262,982,1062
439263,979,1060
439264,975,1062
439265,976,1065
439266,978,1069
439267,979,1069
439268,974,1068
439269,975,1065
439270,969,1065
439271,972,1065
439272,974,1067
439273,979,1067
439274,979,1066
439275,976,1064
439276,968,1066
439277,968,1071
439278,970,1074
439279,974,1075
439280,975,1070
439281,976,1066
439282,974,1066
439283,974,1067
439284,974,1069
439285,978,1069
439286,975,1066
439287,974,1064
439288,967,1066
439289,970,1063
439290,968,1065
439291,973,1065
439292,974,1063
439293,975,1061
439294,971,1059
439295,972,1060
439296,974,1060
439297,975,1058
439298,973,1059
439299,967,1057
439300,966,1059
439301,972,1062
439302,977,1061
439303,979,1062
439304,978,1061
439305,973,1056
439306,969,1057
439307,969,1060
439308,971,1065
439309,976,1064
439310,973,1063
439311,975,1059
439312,974,1063
439313,973,1065
439314,973,1066
439315,970,1066
439316,966,1065
439317,966,1062
439318,962,1064
439319,965,1067
439320,969,1071
439321,973,1071
439322,971,1072
439323,970,1068
439324,968,1067
439325,968,1068
439326,971,1069
439327,972,1069
439328,972,1064
439329,968,1061
439330,965,1060
439331,965,1064
439332,973,1067
439333,976,1065
439334,975,1065
439335,967,1060
439336,965,1059
439337,967,1062
439338,973,1062
439339,974,1063
439340,969,1059
439341,971,1058
439342,970,1056
439343,970,1056
439344,972,1060
439345,975,1059
439346,975,1058
439347,972,1055
439348,969,1055
439349,971,1059
439350,971,1063
439351,973,1062
439352,975,1061
439353,972,1058
439354,968,1060
439355,968,1063
439356,975,1067
439357,977,1066
439358,977,1066
439359,974,1066
439360,973,1067
439361,976,1073
439362,979,1072
439363,977,1071
439364,975,1070
439365,974,1065
439366,972,1065
439367,974,1068
439368,977,1070
439369,980,1065
439370,980,1064
439371,977,1060
439372,972,1059
439373,973,1062
439374,976,1063
439375,979,1063
439376,977,1058
439377,974,1054
439378,972,1057
439379,971,1059
439380,977,1063
439381,982,1062
439382,979,1061
439383,977,1057
439384,975,1058
439385,975,1058
439386,978,1063
439387,979,1060
439388,980,1057
439389,978,1056
439390,978,1055
439391,977,1059
439392,977,1062
439393,982,1059
439394,984,1060
439395,978,1057
439396,977,1057
439397,977,1058
439398,982,1058
439399,988,1055
439400,997,1049
439401,1010,1043
439402,1023,1046
439403,1044,1048
439404,1075,1048
439405,1111,1040
439406,1151,1027
439407,1190,1013
439408,1233,1006
439409,1278,1001
439410,1320,1007
439411,1343,1016
439412,1330,1031
439413,1287,1043
439414,1222,1051
439415,1155,1057
439416,1093,1065
439417,1039,1075
439418,993,1079
439419,967,1082
439420,964,1080
439421,975,1081
439422,986,1078
439423,992,1069
439424,986,1059
439425,977,1053
439426,971,1053
439427,970,1056
439428,972,1059
439429,972,1060
439430,965,1057
439431,961,1057
439432,956,1054
439433,956,1058
439434,957,1062
439435,960,1065
439436,955,1060
439437,954,1060
439438,951,1059
439439,950,1063
439440,952,1066
439441,954,1065
439442,953,1065
439443,948,1063
439444,949,1064
439445,950,1067
439446,954,1068
439447,958,1068
439448,958,1066
439449,955,1064
439450,953,1067
439451,955,1069
439452,959,1074
439453,961,1067
439454,961,1060
439455,961,1057
439456,961,1054
439457,962,1055
439458,965,1056
439459,969,1056
439460,965,1054
439461,963,1052
439462,964,1055
439463,966,1055
439464,967,1059
439465,967,1058
439466,969,1056
439467,966,1052
439468,963,1048
439469,965,1051
439470,966,1053
439471,969,1050
439472,969,1046
439473,963,1045
439474,965,1046
439475,966,1049
439476,970,1052
439477,974,1048
439478,973,1047
439479,971,1044
439480,968,1043
439481,970,1045
439482,971,1048
439483,976,1044
439484,973,1040
439485,976,1036
439486,976,1035
439487,974,1037
439488,975,1039
439489,979,1040
439490,977,1038
439491,973,1035
439492,976,1035
439493,980,1041
439494,986,1042
439495,990,1034
439496,992,1029
439497,991,1025
439498,988,1023
439499,988,1023
439500,992,1026
439501,994,1027
439502,995,1024
439503,997,1021
439504,995,1024
439505,996,1024
439506,998,1027
439507,1002,1024
439508,1002,1023
439509,1001,1023
439510,999,1022
439511,1000,1026
439512,1001,1029
439513,1002,1032
439514,1003,1029
439515,999,1030
439516,995,1029
439517,995,1033
439518,996,1040
439519,996,1040
439520,994,1039
439521,989,1037
439522,984,1042
439523,987,1046
439524,988,1049
439525,987,1049
439526,986,1047
439527,978,1049
439528,973,1049
439529,974,1051
439530,979,1056
439531,981,1055
439532,976,1053
439533,972,1054
439534,970,1054
439535,969,1059
439536,969,1062
439537,970,1063
439538,967,1064
439539,963,1060
439540,964,1062
439541,963,1062
439542,965,1065
439543,968,1066
439544,968,1064
439545,965,1063
439546,961,1063
439547,962,1062
439548,965,1066
439549,967,1065
439550,965,1064
439551,963,1059
439552,961,1060
439553,963,1061
439554,966,1068
439555,970,1065
439556,967,1062
439557,964,1059
439558,964,1058
439559,964,1062
439560,968,1065
439561,971,1065
439562,970,1062
439563,966,1058
439564,965,1060
439565,966,1062
439566,968,1066
439567,971,1062
439568,973,1057
439569,970,1054
439570,966,1053
439571,968,1057
439572,973,1058
439573,976,1058
439574,976,1057
439575,973,1053
439576,966,1052
439577,966,1055
439578,971,1059
439579,974,1057
439580,972,1053
439581,970,1051
439582,969,1053
439583,969,1054
439584,974,1059
439585,976,1056
439586,972,1054
439587,967,1051
439588,966,1052
439589,967,1055
439590,971,1057
439591,972,1059
439592,970,1055
439593,968,1054
439594,963,1056
439595,963,1057
439596,967,1060
439597,970,1062
439598,969,1060
439599,967,1059
439600,964,1058
439601,966,1062
439602,968,1065
439603,970,1061
439604,968,1060
439605,966,1058
439606,962,1059
439607,961,1058
439608,963,1063
439609,964,1062
439610,966,1060
439611,965,1057
439612,961,1056
439613,963,1058
439614,968,1060
439615,970,1060
439616,969,1058
439617,966,1053
439618,966,1055
439619,966,1057
439620,967,1060
439621,971,1060
439622,974,1059
439623,973,1054
439624,971,1055
439625,969,1054
439626,972,1057
439627,975,1056
439628,973,1053
439629,969,1050
439630,965,1052
439631,969,1055
439632,970,1059
439633,972,1056
439634,971,1054
439635,968,1055
439636,966,1052
439637,966,1056
439638,970,1059
439639,969,1059
439640,969,1058
439641,966,1053
439642,964,1055
439643,966,1058
439644,971,1062
439645,970,1063
439646,969,1060
439647,960,1058
439648,962,1054
439649,961,1059
439650,964,1062
439651,968,1060
439652,963,1059
439653,965,1057
439654,965,1060
439655,967,1060
439656,972,1062
439657,970,1061
439658,972,1057
439659,967,1054
439660,965,1055
439661,965,1056
439662,967,1057
439663,971,1055
439664,968,1055
439665,967,1051
439666,965,1052
439667,964,1054
439668,967,1055
439669,969,1056
439670,967,1054
439671,966,1051
439672,963,1052
439673,964,1053
439674,966,1056
439675,970,1055
439676,971,1053
439677,967,1049
439678,964,1051
439679,966,1051
439680,966,1057
439681,970,1053
439682,969,1051
439683,967,1052
439684,965,1051
439685,965,1052
439686,970,1055
439687,971,1055
439688,967,1051
439689,966,1052
439690,964,1052
439691,966,1054
439692,969,1056
439693,973,1055
439694,975,1057
439695,971,1052
439696,970,1057
439697,970,1060
439698,973,1061
439699,977,1061
439700,978,1057
439701,973,1054
439702,975,1055
439703,977,1052
439704,983,1052
439705,992,1048
439706,1002,1046
439707,1013,1039
439708,1028,1036
439709,1050,1036
439710,1081,1034
439711,1113,1024
439712,1154,1011
439713,1188,999
439714,1229,992
439715,1271,993
439716,1307,1001
439717,1327,1010
439718,1323,1025
439719,1286,1034
439720,1234,1041
439721,1167,1049
439722,1108,1058
439723,1054,1071
439724,998,1077
439725,961,1082
439726,952,1084
439727,960,1084
439728,972,1077
439729,981,1065
439730,978,1059
439731,969,1049
439732,963,1050
439733,957,1050
439734,956,1052
439735,954,1052
439736,956,1052
439737,952,1048
439738,947,1048
439739,944,1052
439740,949,1056
439741,951,1054
439742,950,1054
439743,949,1048
439744,948,1052
439745,950,1052
439746,952,1054
439747,955,1052
439748,952,1051
439749,950,1051
439750,949,1053
439751,948,1053
439752,951,1054
439753,951,1054
439754,955,1053
439755,954,1050
439756,952,1049
439757,952,1052
439758,956,1053
439759,960,1052
439760,957,1051
439761,951,1048
439762,954,1052
439763,955,1051
439764,956,1055
439765,959,1054
439766,960,1054
439767,960,1053
439768,959,1053
439769,954,1052
439770,951,1053
439771,951,1049
439772,952,1049
439773,951,1047
439774,952,1046
439775,955,1049
439776,959,1051
439777,958,1049
439778,955,1047
439779,953,1044
439780,950,1041
439781,949,1043
439782,951,1042
439783,954,1040
439784,952,1036
439785,952,1031
439786,953,1032
439787,957,1033
439788,962,1036
439789,960,1035
439790,960,1028
439791,962,1025
439792,960,1022
439793,964,1022
439794,967,1024
439795,967,1022
439796,970,1018
439797,973,1017
439798,973,1014
439799,976,1017
439800,979,1017
439801,979,1014
439802,978,1010
439803,976,1007
439804,978,1007
439805,980,1009
439806,985,1009
439807,989,1009
439808,988,1005
439809,988,1005
439810,985,1005
439811,987,1006
439812,991,1007
439813,994,1006
439814,993,1006
439815,990,1003
439816,993,1002
439817,992,1006
439818,996,1007
439819,998,1007
439820,997,1007
439821,997,1005
439822,990,1003
439823,988,1010
439824,991,1013
439825,993,1015
439826,993,1014
439827,988,1010
439828,987,1012
439829,985,1016
439830,985,1018
439831,989,1018
439832,988,1018
439833,983,1017
439834,977,1022
439835,975,1026
439836,977,1032
439837,979,1035
439838,979,1034
439839,970,1033
439840,970,1036
439841,969,1041
439842,971,1045
439843,973,1043
439844,966,1042
439845,957,1044
439846,958,1046
439847,958,1047
439848,962,1051
439849,966,1051
439850,963,1052
439851,957,1051
439852,951,1050
439853,954,1054
439854,957,1057
439855,960,1057
439856,963,1055
439857,961,1052
439858,959,1051
439859,960,1056
439860,963,1055
439861,964,1057
439862,967,1058
439863,965,1054
439864,965,1050
439865,968,1057
439866,974,1059
439867,981,1059
439868,987,1055
439869,990,1054
439870,990,1056
439871,995,1060
439872,1000,1065
439873,1006,1064
439874,1016,1059
439875,1025,1054
439876,1036,1044
439877,1050,1031
439878,1064,1016
439879,1077,1000
439880,1091,984
439881,1105,968
439882,1119,957
439883,1134,947
439884,1154,938
439885,1173,918
439886,1193,898
439887,1214,874
439888,1226,856
439889,1238,846
439890,1254,835
439891,1268,822
439892,1269,815
439893,1270,813
439894,1269,820
439895,1269,824
439896,1267,825
439897,1261,826
439898,1248,827
439899,1236,828
439900,1219,827
439901,1200,835
439902,1181,846
439903,1158,853
439904,1130,862
439905,1104,870
439906,1075,884
439907,1058,899
439908,1049,913
439909,1042,927
439910,1035,937
439911,1031,945
439912,1025,959
439913,1022,970
439914,1021,981
439915,1024,989
439916,1033,993
439917,1043,1001
439918,1053,1001
439919,1065,1006
439920,1070,1008
439921,1053,1010
439922,1012,1010
439923,974,1015
439924,942,1024
439925,920,1036
439926,911,1049
439927,907,1062
439928,904,1072
439929,898,1076
439930,896,1084
439931,892,1087
439932,891,1091
439933,889,1093
439934,886,1095
439935,881,1095
439936,878,1097
439937,878,1099
439938,874,1106
439939,872,1109
439940,866,1110
439941,863,1108
439942,859,1110
439943,861,1113
439944,864,1119
439945,864,1121
439946,860,1122
439947,855,1120
439948,850,1120
439949,848,1124
439950,851,1131
439951,856,1130
439952,854,1128
439953,853,1129
439954,850,1128
439955,846,1134
439956,848,1138
439957,847,1138
439958,846,1140
439959,843,1137
439960,838,1144
439961,839,1144
439962,841,1150
439963,844,1148
439964,842,1149
439965,838,1147
439966,835,1151
439967,834,1156
439968,836,1158
439969,839,1158
439970,838,1154
439971,834,1150
439972,829,1151
439973,827,1159
439974,832,1159
439975,833,1162
439976,836,1160
439977,835,1159
439978,836,1160
439979,840,1163
439980,841,1169
439981,842,1168
439982,844,1167
439983,841,1167
439984,843,1170
439985,846,1171
439986,856,1175
439987,860,1174
439988,863,1170
439989,861,1167
439990,859,1168
439991,862,1168
439992,868,1167
439993,873,1163
439994,879,1163
439995,878,1154
439996,879,1153
439997,888,1153
439998,895,1152
439999,901,1146
440000,903,1140
440001,904,1134
440002,906,1131
440003,909,1130
440004,916,1128
440005,922,1122
440006,923,1117
440007,923,1108
440008,925,1104
440009,927,1103
440010,933,1101
440011,935,1098
440012,935,1091
440013,934,1087
440014,933,1085
440015,939,1084
440016,944,1080
440017,947,1075
440018,945,1069
440019,943,1063
440020,943,1062
440021,948,1059
440022,948,1060
440023,953,1057
440024,952,1052
440025,948,1051
440026,947,1052
440027,949,1053
440028,953,1056
440029,957,1054
440030,956,1052
440031,955,1049
440032,954,1049
440033,956,1051
440034,957,1055
440035,956,1053
440036,955,1051
440037,953,1051
440038,953,1051
440039,956,1055
440040,960,1057
440041,959,1058
440042,958,1054
440043,959,1052
440044,959,1053
440045,957,1055
440046,960,1057
440047,958,1055
440048,960,1052
440049,960,1052
440050,958,1052
440051,959,1055
440052,963,1059
440053,964,1058
440054,960,1051
440055,958,1050
440056,957,1049
440057,958,1055
440058,959,1057
440059,961,1056
440060,959,1052
440061,954,1048
440062,958,1046
440063,960,1045
440064,962,1045
440065,965,1044
440066,962,1041
440067,959,1038
440068,955,1038
440069,959,1039
440070,963,1041
440071,969,1042
440072,966,1039
440073,966,1033
440074,965,1034
440075,965,1035
440076,965,1040
440077,965,1038
440078,965,1037
440079,962,1035
440080,962,1036
440081,963,1041
440082,966,1041
440083,966,1041
440084,963,1040
440085,961,1039
440086,960,1040
440087,962,1040
440088,964,1044
440089,965,1046
440090,963,1043
440091,964,1043
440092,963,1042
440093,961,1046
440094,964,1051
440095,965,1047
440096,963,1047
440097,960,1042
440098,960,1043
440099,962,1045
440100,964,1049
440101,966,1050
440102,965,1049
440103,964,1047
440104,961,1044
440105,962,1043
440106,966,1046
440107,964,1042
440108,965,1044
440109,963,1043
440110,960,1041
440111,962,1047
440112,961,1047
440113,963,1046
440114,967,1046
440115,963,1044
440116,959,1040
440117,964,1041
440118,963,1044
440119,967,1044
440120,965,1042
440121,965,1040
440122,965,1041
440123,966,1045
440124,967,1045
440125,971,1043
440126,971,1042
440127,967,1040
440128,964,1037
440129,966,1044
440130,970,1046
440131,972,1045
440132,972,1042
440133,969,1041
440134,968,1043
440135,969,1045
440136,971,1048
440137,973,1047
440138,971,1046
440139,967,1045
440140,966,1042
440141,968,1046
440142,973,1048
440143,973,1045
440144,971,1043
440145,967,1044
440146,965,1045
440147,968,1047
440148,972,1047
440149,975,1045
440150,973,1045
440151,967,1037
440152,967,1040
440153,967,1042
440154,975,1049
440155,980,1045
440156,979,1046
440157,978,1043
440158,975,1045
440159,973,1046
440160,976,1050
440161,982,1048
440162,980,1046
440163,978,1043
440164,978,1045
440165,979,1048
440166,982,1049
440167,982,1048
440168,982,1045
440169,979,1042
440170,977,1044
440171,976,1044
440172,978,1047
440173,975,1044
440174,973,1041
440175,969,1035
440176,969,1035
440177,974,1038
440178,974,1037
440179,976,1035
440180,973,1032
440181,969,1029
440182,967,1031
440183,975,1032
440184,978,1036
440185,981,1039
440186,984,1038
440187,984,1035
440188,982,1037
440189,981,1040
440190,985,1045
440191,987,1042
440192,987,1040
440193,984,1034
440194,985,1039
440195,988,1039
440196,991,1040
440197,993,1038
440198,994,1034
440199,989,1034
440200,982,1035
440201,987,1042
440202,988,1041
440203,990,1042
440204,991,1039
440205,989,1036
440206,996,1032
440207,1006,1029
440208,1023,1027
440209,1043,1023
440210,1061,1019
440211,1087,1014
440212,1120,1009
440213,1160,1003
440214,1201,995
440215,1240,986
440216,1282,979
440217,1313,981
440218,1334,990
440219,1336,1009
440220,1313,1022
440221,1264,1028
440222,1199,1029
440223,1139,1036
440224,1075,1053
440225,1017,1066
440226,986,1078
440227,975,1078
440228,987,1071
440229,995,1064
440230,1000,1055
440231,1001,1049
440232,993,1046
440233,989,1044
440234,984,1039
440235,976,1042
440236,975,1045
440237,972,1046
440238,977,1049
440239,975,1045
440240,970,1042
440241,970,1040
440242,969,1039
440243,970,1043
440244,969,1046
440245,966,1048
440246,965,1044
440247,966,1045
440248,959,1046
440249,961,1043
440250,965,1044
440251,971,1043
440252,973,1043
440253,971,1047
440254,968,1046
440255,969,1048
440256,971,1051
440257,974,1051
440258,975,1046
440259,974,1045
440260,974,1043
440261,975,1048
440262,976,1049
440263,979,1045
440264,978,1041
440265,974,1041
440266,973,1043
440267,971,1045
440268,973,1047
440269,975,1045
440270,972,1041
440271,969,1037
440272,969,1038
440273,965,1043
440274,969,1046
440275,975,1045
440276,972,1044
440277,969,1040
440278,964,1041
440279,960,1042
440280,964,1040
440281,967,1039
440282,969,1034
440283,968,1030
440284,969,1029
440285,974,1031
440286,978,1031
440287,979,1032
440288,979,1028
440289,970,1024
440290,971,1023
440291,977,1026
440292,983,1028
440293,987,1026
440294,983,1020
440295,981,1016
440296,981,1015
440297,984,1017
440298,986,1020
440299,991,1013
440300,991,1008
440301,992,1003
440302,996,1003
440303,999,1006
440304,1006,1007
440305,1010,1007
440306,1006,1008
440307,1005,1009
440308,1000,1009
440309,1005,1011
440310,1009,1015
440311,1013,1013
440312,1018,1008
440313,1018,1001
440314,1020,1000
440315,1021,1006
440316,1026,1007
440317,1024,1007
440318,1025,1006
440319,1021,1004
440320,1020,1010
440321,1021,1009
440322,1023,1011
440323,1025,1009
440324,1026,1009
440325,1020,1012
440326,1019,1017
440327,1019,1020
440328,1022,1021
440329,1019,1024
440330,1011,1024
440331,1009,1026
440332,1006,1025
440333,1009,1027
440334,1008,1024
440335,1006,1027
440336,1002,1026
440337,999,1027
440338,1000,1033
440339,999,1036
440340,1001,1043
440341,1001,1044
440342,998,1036
440343,994,1032
440344,992,1033
440345,991,1040
440346,992,1045
440347,990,1042
440348,988,1040
440349,986,1038
440350,982,1041
440351,989,1039
440352,995,1044
440353,997,1042
440354,995,1039
440355,989,1037
440356,984,1040
440357,985,1042
440358,989,1045
440359,995,1043
440360,993,1043
440361,987,1043
440362,987,1042
440363,988,1044
440364,990,1046
440365,995,1046
440366,993,1045
440367,990,1041
440368,989,1037
440369,985,1040
440370,989,1042
440371,989,1044
440372,990,1043
440373,986,1040
440374,987,1041
440375,989,1045
440376,994,1046
440377,996,1048
440378,993,1041
440379,986,1032
440380,979,1027
440381,981,1031
440382,987,1035
440383,989,1035
440384,990,1035
440385,992,1032
440386,988,1035
440387,986,1040
440388,988,1038
440389,988,1032
440390,987,1026
440391,984,1027
440392,978,1031
440393,981,1035
440394,985,1038
440395,989,1039
440396,988,1032
440397,986,1028
440398,985,1029
440399,984,1034
440400,983,1037
440401,985,1038
440402,980,1035
440403,977,1033
440404,971,1032
440405,971,1034
440406,981,1037
440407,983,1033
440408,981,1033
440409,980,1032
440410,978,1037
440411,981,1041
440412,982,1041
440413,982,1040
440414,978,1038
440415,977,1034
440416,980,1038
440417,980,1044
440418,982,1048
440419,978,1043
440420,973,1036
440421,971,1033
440422,973,1037
440423,973,1042
440424,974,1041
440425,974,1037
440426,975,1034
440427,978,1033
440428,978,1036
440429,976,1040
440430,975,1038
440431,972,1035
440432,971,1035
440433,970,1031
440434,976,1031
440435,972,1036
440436,966,1041
440437,967,1039
440438,967,1034
440439,964,1028
440440,962,1023
440441,970,1031
440442,970,1036
440443,964,1034
440444,960,1034
440445,963,1035
440446,969,1034
440447,976,1034
440448,982,1033
440449,987,1034
440450,982,1031
440451,978,1034
440452,977,1034
440453,978,1039
440454,981,1039
440455,982,1037
440456,981,1035
440457,981,1032
440458,977,1032
440459,973,1036
440460,973,1037
440461,973,1039
440462,971,1038
440463,970,1034
440464,967,1030
440465,964,1029
440466,967,1029
440467,967,1027
440468,970,1030
440469,967,1030
440470,958,1029
440471,956,1033
440472,957,1037
440473,959,1040
440474,964,1035
440475,966,1028
440476,971,1029
440477,974,1027
440478,979,1031
440479,984,1031
440480,979,1030
440481,979,1022
440482,975,1029
440483,972,1030
440484,972,1035
440485,966,1035
440486,960,1034
440487,953,1031
440488,952,1031
440489,959,1034
440490,962,1035
440491,958,1035
440492,949,1037
440493,943,1038
440494,944,1039
440495,950,1039
440496,957,1036
440497,963,1036
440498,962,1036
440499,958,1032
440500,952,1029
440501,952,1029
440502,959,1034
440503,970,1034
440504,971,1037
440505,960,1034
440506,955,1036
440507,971,1040
440508,986,1043
440509,991,1040
440510,989,1036
440511,983,1033
440512,979,1031
440513,979,1031
440514,979,1033
440515,980,1032
440516,979,1031
440517,971,1032
440518,966,1029
440519,970,1028
440520,968,1028
440521,966,1025
440522,959,1023
440523,959,1024
440524,963,1025
440525,967,1028
440526,967,1029
440527,967,1026
440528,964,1022
440529,961,1023
440530,961,1024
440531,963,1028
440532,967,1033
440533,973,1034
440534,976,1029
440535,973,1029
440536,965,1028
440537,964,1034
440538,971,1038
440539,968,1037
440540,963,1034
440541,961,1028
440542,964,1027
440543,969,1033
440544,974,1037
440545,979,1038
440546,973,1036
440547,965,1034
440548,960,1035
440549,964,1037
440550,965,1037
440551,976,1035
440552,975,1033
440553,967,1030
440554,962,1033
440555,962,1034
440556,973,1034
440557,973,1034
440558,970,1034
440559,959,1032
440560,953,1033
440561,953,1034
440562,964,1039
440563,964,1037
440564,964,1034
440565,960,1032
440566,962,1027
440567,968,1030
440568,974,1036
440569,975,1034
440570,973,1030
440571,965,1027
440572,963,1030
440573,969,1033
440574,970,1036
440575,976,1033
440576,971,1033
440577,967,1031
440578,966,1037
440579,971,1041
440580,973,1042
440581,972,1043
440582,964,1043
440583,963,1038
440584,960,1034
440585,962,1036
440586,957,1041
440587,959,1042
440588,959,1039
440589,960,1034
440590,958,1032
440591,959,1034
440592,964,1039
440593,972,1037
440594,971,1032
440595,967,1028
440596,968,1034
440597,971,1036
440598,978,1036
440599,985,1033
440600,979,1029
440601,976,1023
440602,973,1025
440603,976,1026
440604,983,1031
440605,986,1030
440606,981,1025
440607,982,1022
440608,980,1027
440609,983,1029
440610,985,1029
440611,986,1026
440612,989,1022
440613,990,1018
440614,994,1014
440615,1010,1012
440616,1030,1013
440617,1057,1013
440618,1086,1008
440619,1126,995
440620,1178,984
440621,1236,981
440622,1289,974
440623,1334,968
440624,1358,975
440625,1356,989
440626,1318,1005
440627,1259,1012
440628,1196,1015
440629,1139,1025
440630,1069,1033
440631,1005,1043
440632,964,1057
440633,961,1063
440634,972,1062
440635,982,1048
440636,985,1039
440637,979,1037
440638,973,1037
440639,969,1036
440640,968,1037
440641,967,1034
440642,961,1032
440643,952,1027
440644,949,1028
440645,949,1031
440646,952,1035
440647,950,1036
440648,951,1031
440649,951,1030
440650,949,1032
440651,948,1033
440652,946,1034
440653,947,1034
440654,948,1032
440655,955,1028
440656,955,1034
440657,953,1036
440658,954,1042
440659,956,1039
440660,955,1031
440661,951,1029
440662,946,1028
440663,944,1030
440664,952,1035
440665,957,1033
440666,958,1030
440667,954,1031
440668,949,1032
440669,948,1038
440670,946,1040
440671,948,1040
440672,947,1034
440673,946,1034
440674,945,1031
440675,946,1035
440676,946,1036
440677,952,1027
440678,958,1033
440679,961,1034
440680,957,1040
440681,956,1039
440682,957,1038
440683,958,1032
440684,958,1030
440685,955,1027
440686,952,1031
440687,952,1030
440688,957,1029
440689,962,1027
440690,961,1024
440691,956,1022
440692,955,1023
440693,958,1024
440694,959,1026
440695,966,1024
440696,970,1022
440697,968,1018
440698,967,1018
440699,973,1018
440700,973,1018
440701,975,1017
440702,976,1014
440703,980,1014
440704,984,1012
440705,983,1010
440706,984,1009
440707,985,1005
440708,983,1007
440709,981,1003
440710,981,1005
440711,984,1007
440712,988,1011
440713,989,1011
440714,994,1009
440715,998,1007
440716,996,1005
440717,997,1005
440718,1000,1008
440719,1003,1007
440720,1003,1006
440721,1001,1006
440722,998,1007
440723,1003,1013
440724,1004,1012
440725,1005,1011
440726,1004,1010
440727,1001,1009
440728,995,1011
440729,994,1016
440730,996,1016
440731,998,1016
440732,997,1018
440733,994,1015
440734,990,1016
440735,988,1019
440736,985,1021
440737,985,1023
440738,980,1022
440739,977,1024
440740,970,1029
440741,974,1032
440742,978,1037
440743,974,1039
440744,966,1041
440745,960,1042
440746,966,1040
440747,976,1044
440748,982,1047
440749,985,1045
440750,982,1044
440751,978,1043
440752,977,1045
440753,976,1049
440754,972,1050
440755,978,1050
440756,982,1050
440757,979,1047
440758,979,1044
440759,983,1045
440760,985,1050
440761,982,1051
440762,980,1050
440763,982,1047
440764,985,1042
440765,984,1042
440766,985,1045
440767,981,1043
440768,977,1038
440769,972,1037
440770,973,1040
440771,978,1043
440772,984,1044
440773,984,1045
440774,981,1037
440775,974,1035
440776,972,1035
440777,980,1033
440778,991,1036
440779,988,1033
440780,990,1029
440781,986,1030
440782,986,1031
440783,987,1037
440784,987,1041
440785,983,1039
440786,977,1034
440787,980,1029
440788,981,1031
440789,987,1036
440790,993,1039
440791,992,1041
440792,993,1038
440793,989,1039
440794,985,1038
440795,986,1041
440796,984,1043
440797,984,1044
440798,982,1040
440799,983,1034
440800,984,1034
440801,987,1038
440802,996,1042
440803,995,1042
440804,984,1039
440805,978,1039
440806,977,1041
440807,979,1045
440808,985,1043
440809,987,1041
440810,984,1041
440811,983,1039
440812,983,1041
440813,987,1043
440814,984,1046
440815,987,1045
440816,981,1044
440817,980,1041
440818,982,1040
440819,986,1043
440820,990,1043
440821,988,1041
440822,988,1041
440823,981,1040
440824,982,1040
440825,983,1041
440826,989,1044
440827,988,1045
440828,986,1043
440829,981,1040
440830,982,1039
440831,986,1043
440832,994,1044
440833,1000,1039
440834,1004,1037
440835,1014,1033
440836,1029,1032
440837,1050,1034
440838,1081,1029
440839,1121,1021
440840,1166,1011
440841,1214,1001
440842,1268,992
440843,1319,993
440844,1361,1004
440845,1371,1020
440846,1344,1030
440847,1286,1028
440848,1222,1031
440849,1158,1041
440850,1089,1058
440851,1013,1073
440852,960,1081
440853,943,1082
440854,956,1079
440855,978,1070
440856,990,1060
440857,992,1051
440858,990,1044
440859,982,1037
440860,977,1035
440861,977,1043
440862,977,1047
440863,973,1049
440864,968,1045
440865,966,1040
440866,964,1041
440867,971,1044
440868,972,1049
440869,971,1048
440870,967,1044
440871,963,1043
440872,963,1045
440873,963,1048
440874,964,1048
440875,967,1050
440876,964,1047
440877,959,1044
440878,962,1044
440879,962,1045
440880,964,1047
440881,957,1047
440882,960,1045
440883,960,1045
440884,963,1046
440885,965,1047
440886,965,1050
440887,965,1050
440888,965,1046
440889,961,1044
440890,962,1045
440891,964,1049
440892,965,1054
440893,968,1052
440894,966,1045
440895,964,1038
440896,963,1042
440897,963,1045
440898,968,1048
440899,970,1041
440900,970,1040
440901,967,1034
440902,965,1035
440903,965,1036
440904,968,1034
440905,972,1029
440906,974,1027
440907,975,1030
440908,976,1028
440909,981,1029
440910,982,1029
440911,983,1027
440912,983,1023
440913,980,1021
440914,982,1018
440915,992,1018
440916,998,1015
440917,1004,1013
440918,1005,1011
440919,1002,1007
440920,999,1008
440921,999,1011
440922,1002,1011
440923,1000,1006
440924,1003,999
440925,1006,997
440926,1008,996
440927,1009,1001
440928,1011,1005
440929,1014,1002
440930,1013,1000
440931,1014,997
440932,1013,1002
440933,1017,1003
440934,1020,1002
440935,1018,999
440936,1017,998
440937,1016,996
440938,1014,998
440939,1010,1003
440940,1013,1003
440941,1012,1004
440942,1007,1007
440943,1001,1010
440944,998,1013
440945,1004,1010
440946,1010,1009
440947,1009,1008
440948,1008,1012
440949,1002,1013
440950,1003,1018
440951,1004,1023
440952,1005,1027
440953,1003,1031
440954,999,1034
440955,996,1032
440956,993,1033
440957,993,1035
440958,989,1041
440959,987,1038
440960,984,1039
440961,979,1039
440962,980,1041
440963,981,1047
440964,981,1050
440965,978,1049
440966,979,1049
440967,978,1046
440968,978,1047
440969,982,1049
440970,985,1054
440971,985,1052
440972,983,1052
440973,978,1054
440974,977,1058
440975,983,1059
440976,987,1059
440977,986,1060
440978,986,1060
440979,984,1058
440980,986,1056
440981,991,1057
440982,995,1061
440983,992,1060
440984,985,1058
440985,980,1052
440986,979,1053
440987,981,1055
440988,985,1055
440989,984,1057
440990,983,1052
440991,985,1054
440992,984,1053
440993,983,1056
440994,980,1057
440995,982,1054
440996,983,1049
440997,981,1047
440998,978,1050
440999,977,1052
441000,978,1051
441001,979,1052
441002,977,1051
441003,979,1045
441004,984,1045
441005,988,1050
441006,989,1050
441007,989,1048
441008,992,1044
441009,993,1044
441010,993,1045
441011,989,1047
441012,989,1051
441013,989,1052
441014,988,1048
441015,987,1046
441016,983,1045
441017,985,1043
441018,988,1048
441019,989,1047
441020,986,1045
441021,982,1040
441022,983,1043
441023,987,1046
441024,988,1050
441025,989,1049
441026,988,1047
441027,984,1045
441028,986,1046
441029,988,1050
441030,991,1051
441031,989,1051
441032,986,1048
441033,980,1050
441034,976,1049
441035,977,1054
441036,980,1058
441037,989,1056
441038,987,1052
441039,983,1052
441040,977,1052
441041,979,1053
441042,986,1059
441043,988,1058
441044,987,1056
441045,985,1053
441046,983,1052
441047,983,1058
441048,983,1060
441049,989,1058
441050,986,1054
441051,983,1050
441052,982,1052
441053,987,1053
441054,989,1054
441055,989,1052
441056,990,1047
441057,990,1040
441058,991,1039
441059,1003,1039
441060,1018,1035
441061,1043,1031
441062,1070,1024
441063,1110,1019
441064,1156,1013
441065,1208,1005
441066,1263,996
441067,1317,990
441068,1360,988
441069,1384,1000
441070,1379,1016
441071,1338,1029
441072,1274,1032
441073,1194,1036
441074,1115,1049
441075,1041,1062
441076,984,1075
441077,966,1084
441078,972,1083
441079,990,1075
441080,998,1064
441081,999,1053
441082,994,1052
441083,987,1053
441084,985,1052
441085,979,1053
441086,974,1051
441087,972,1051
441088,966,1055
441089,965,1057
441090,965,1058
441091,961,1054
441092,961,1052
441093,959,1052
441094,962,1055
441095,966,1056
441096,968,1061
441097,970,1060
441098,966,1057
441099,962,1049
441100,958,1050
441101,961,1054
441102,963,1059
441103,961,1057
441104,958,1055
441105,958,1055
441106,962,1055
441107,964,1053
441108,967,1053
441109,964,1051
441110,964,1049
441111,962,1046
441112,964,1049
441113,967,1051
441114,969,1052
441115,968,1053
441116,967,1048
441117,963,1045
441118,963,1045
441119,963,1049
441120,960,1051
441121,958,1050
441122,965,1043
441123,967,1039
441124,965,1045
441125,966,1052
441126,967,1055
441127,975,1050
441128,973,1044
441129,969,1041
441130,967,1043
441131,967,1048
441132,971,1048
441133,968,1047
441134,969,1045
441135,966,1041
441136,969,1042
441137,972,1047
441138,975,1047
441139,979,1044
441140,982,1042
441141,984,1035
441142,986,1029
441143,988,1027
441144,992,1027
441145,993,1018
441146,989,1011
441147,988,1008
441148,989,1011
441149,996,1014
441150,1002,1013
441151,1001,1010
441152,997,1010
441153,995,1006
441154,995,1006
441155,997,1004
441156,1000,1009
441157,1004,1006
441158,1004,1000
441159,1003,1001
441160,1008,1005
441161,1011,1004
441162,1016,1005
441163,1016,1007
441164,1015,1007
441165,1010,1008
441166,1012,1011
441167,1010,1014
441168,1008,1016
441169,1010,1017
441170,1012,1019
441171,1012,1019
441172,1014,1025
441173,1014,1028
441174,1006,1032
441175,1005,1034
441176,1003,1036
441177,998,1037
441178,997,1041
441179,999,1048
441180,998,1052
441181,993,1053
441182,986,1055
441183,979,1055
441184,975,1055
441185,974,1056
441186,977,1055
441187,979,1057
441188,980,1058
441189,979,1060
441190,983,1059
441191,982,1060
441192,982,1058
441193,985,1060
441194,986,1058
441195,981,1055
441196,979,1056
441197,982,1061
441198,987,1061
441199,990,1057
441200,991,1055
441201,990,1052
441202,991,1054
441203,988,1055
441204,991,1057
441205,991,1055
441206,987,1050
441207,986,1048
441208,986,1051
441209,989,1057
441210,992,1060
441211,994,1057
441212,996,1055
441213,997,1051
441214,1000,1051
441215,1003,1053
441216,1011,1055
441217,1014,1056
441218,1016,1059
441219,1013,1059
441220,1024,1060
441221,1040,1058
441222,1058,1046
441223,1076,1028
441224,1087,1010
441225,1098,990
441226,1117,981
441227,1138,967
441228,1160,957
441229,1185,939
441230,1206,918
441231,1228,893
441232,1253,869
441233,1275,850
441234,1297,833
441235,1307,816
441236,1310,805
441237,1304,801
441238,1309,802
441239,1305,801
441240,1302,799
441241,1290,795
441242,1280,792
441243,1261,788
441244,1240,789
441245,1213,794
441246,1190,806
441247,1164,822
441248,1137,832
441249,1110,843
441250,1095,859
441251,1087,881
441252,1084,901
441253,1084,916
441254,1082,923
441255,1079,932
441256,1077,943
441257,1082,955
441258,1090,968
441259,1105,978
441260,1124,985
441261,1137,992
441262,1130,995
441263,1101,1006
441264,1054,1022
441265,1001,1039
441266,961,1050
441267,935,1057
441268,925,1068
441269,924,1076
441270,920,1085
441271,914,1092
441272,908,1090
441273,900,1092
441274,893,1099
441275,892,1107
441276,896,1110
441277,893,1111
441278,885,1113
441279,879,1114
441280,873,1118
441281,876,1123
441282,878,1128
441283,876,1128
441284,871,1126
441285,867,1130
441286,865,1131
441287,865,1134
441288,864,1139
441289,861,1141
441290,858,1140
441291,857,1138
441292,851,1141
441293,849,1147
441294,852,1151
441295,858,1156
441296,856,1157
441297,855,1157
441298,849,1165
441299,853,1173
441300,856,1177
441301,852,1175
441302,854,1172
441303,849,1171
441304,849,1179
441305,849,1184
441306,851,1190
441307,848,1192
441308,845,1189
441309,841,1191
441310,844,1194
441311,847,1197
441312,850,1200
441313,851,1196
441314,851,1197
441315,849,1197
441316,848,1201
441317,853,1201
441318,852,1206
441319,853,1203
441320,853,1202
441321,851,1202
441322,854,1202
441323,855,1202
441324,860,1204
441325,862,1204
441326,863,1203
441327,868,1200
441328,875,1197
441329,886,1195
441330,893,1194
441331,895,1191
441332,899,1187
441333,896,1184
441334,903,1181
441335,908,1178
441336,917,1179
441337,922,1172
441338,923,1164
441339,925,1159
441340,923,1157
441341,929,1154
441342,937,1148
441343,940,1142
441344,945,1134
441345,942,1124
441346,946,1121
441347,947,1123
441348,945,1116
441349,942,1107
441350,936,1099
441351,937,1094
441352,946,1093
441353,957,1089
441354,963,1086
441355,961,1078
441356,956,1074
441357,950,1073
441358,949,1069
441359,956,1069
441360,961,1072
441361,968,1068
441362,966,1065
441363,958,1057
441364,955,1056
441365,954,1057
441366,953,1062
441367,951,1063
441368,949,1059
441369,948,1057
441370,953,1055
441371,963,1059
441372,967,1060
441373,967,1055
441374,962,1051
441375,956,1050
441376,959,1057
441377,957,1063
441378,957,1069
441379,957,1069
441380,959,1063
441381,957,1059
441382,958,1055
441383,959,1058
441384,957,1063
441385,956,1058
441386,953,1049
441387,954,1048
441388,958,1051
441389,963,1050
441390,967,1048
441391,967,1049
441392,964,1049
441393,954,1046
441394,944,1040
441395,947,1044
441396,952,1044
441397,963,1041
441398,966,1042
441399,962,1042
441400,963,1044
441401,965,1048
441402,970,1047
441403,977,1041
441404,978,1040
441405,971,1040
441406,972,1042
441407,973,1044
441408,976,1043
441409,979,1040
441410,978,1036
441411,976,1035
441412,975,1036
441413,972,1038
441414,971,1045
441415,974,1045
441416,970,1045
441417,967,1045
441418,961,1047
441419,961,1049
441420,964,1052
441421,965,1050
441422,960,1045
441423,953,1046
441424,947,1044
441425,951,1045
441426,958,1045
441427,965,1047
441428,967,1045
441429,960,1044
441430,954,1046
441431,955,1047
441432,962,1046
441433,967,1044
441434,967,1046
441435,963,1047
441436,960,1053
441437,960,1058
441438,964,1055
441439,963,1046
441440,964,1037
441441,961,1038
441442,958,1042
441443,960,1044
441444,960,1048
441445,961,1045
441446,964,1043
441447,968,1040
441448,968,1039
441449,969,1032
441450,966,1032
441451,964,1033
441452,963,1032
441453,958,1037
441454,958,1040
441455,961,1044
441456,964,1046
441457,969,1042
441458,970,1038
441459,966,1034
441460,964,1034
441461,964,1036
441462,966,1039
441463,963,1038
441464,961,1038
441465,957,1035
441466,961,1036
441467,957,1033
441468,949,1037
441469,950,1041
441470,950,1046
441471,955,1046
441472,960,1047
441473,963,1044
441474,964,1042
441475,963,1041
441476,961,1037
441477,961,1033
441478,960,1032
441479,955,1039
441480,958,1045
441481,957,1046
441482,959,1046
441483,963,1042
441484,970,1042
441485,971,1040
441486,971,1044
441487,975,1042
441488,980,1036
441489,988,1026
441490,992,1023
441491,1006,1020
441492,1023,1024
441493,1050,1022
441494,1079,1015
441495,1110,1003
441496,1154,988
441497,1201,977
441498,1250,978
441499,1295,979
441500,1328,986
441501,1336,996
441502,1315,1009
441503,1270,1015
441504,1212,1023
441505,1143,1030
441506,1071,1040
441507,1006,1055
441508,960,1068
441509,944,1073
441510,947,1071
441511,958,1059
441512,967,1044
441513,972,1037
441514,968,1041
441515,960,1045
441516,954,1045
441517,951,1040
441518,949,1035
441519,941,1030
441520,938,1031
441521,942,1032
441522,949,1039
441523,947,1041
441524,940,1038
441525,934,1033
441526,931,1035
441527,933,1039
441528,937,1043
441529,935,1047
441530,933,1043
441531,932,1040
441532,932,1036
441533,939,1040
441534,945,1046
441535,943,1046
441536,946,1045
441537,945,1043
441538,942,1042
441539,940,1047
441540,940,1047
441541,941,1048
441542,938,1042
441543,935,1037
441544,940,1039
441545,953,1046
441546,961,1051
441547,962,1052
441548,956,1055
441549,949,1052
441550,950,1048
441551,952,1044
441552,951,1040
441553,951,1036
441554,949,1035
441555,947,1035
441556,947,1034
441557,944,1035
441558,945,1035
441559,946,1035
441560,944,1032
441561,942,1028
441562,945,1027
441563,948,1032
441564,947,1033
441565,947,1030
441566,943,1028
441567,938,1026
441568,938,1025
441569,942,1025
441570,941,1027
441571,939,1023
441572,937,1022
441573,940,1021
441574,951,1026
441575,955,1027
441576,958,1023
441577,958,1018
441578,953,1016
441579,949,1013
441580,949,1011
441581,953,1014
441582,957,1018
441583,958,1016
441584,961,1017
441585,964,1010
441586,966,1012
441587,970,1013
441588,971,1018
441589,969,1018
441590,971,1014
441591,970,1007
441592,969,1006
441593,969,1008
441594,978,1011
441595,981,1007
441596,979,1001
441597,975,995
441598,980,994
441599,984,998
441600,992,999
441601,994,999
441602,996,999
441603,1000,1002
441604,1003,1011
441605,1003,1015
441606,1001,1015
441607,989,1006
441608,979,1003
441609,987,1002
441610,1000,1008
441611,1009,1016
441612,1004,1023
441613,1003,1027
441614,999,1027
441615,997,1027
441616,997,1029
441617,997,1035
441618,998,1035
441619,992,1033
441620,988,1027
441621,986,1028
441622,984,1037
441623,986,1040
441624,983,1042
441625,972,1041
441626,972,1040
441627,972,1040
441628,972,1043
441629,972,1042
441630,975,1043
441631,975,1040
441632,968,1042
441633,962,1044
441634,966,1046
441635,970,1049
441636,973,1050
441637,973,1050
441638,972,1046
441639,971,1040
441640,973,1041
441641,979,1043
441642,986,1047
441643,986,1049
441644,983,1047
441645,979,1046
441646,976,1049
441647,976,1051
441648,976,1053
441649,975,1054
441650,972,1051
441651,967,1046
441652,962,1050
441653,966,1052
441654,974,1055
441655,978,1057
441656,977,1054
441657,969,1045
441658,967,1039
441659,973,1039
441660,980,1044
441661,980,1042
441662,980,1040
441663,975,1040
441664,981,1043
441665,982,1048
441666,984,1048
441667,987,1042
441668,986,1036
441669,987,1035
441670,986,1039
441671,982,1040
441672,983,1045
441673,981,1044
441674,977,1039
441675,977,1038
441676,976,1039
441677,980,1040
441678,981,1043
441679,983,1043
441680,975,1039
441681,972,1039
441682,969,1042
441683,964,1045
441684,966,1052
441685,969,1046
441686,974,1042
441687,970,1036
441688,964,1038
441689,965,1042
441690,966,1044
441691,969,1045
441692,968,1047
441693,966,1045
441694,965,1047
441695,968,1049
441696,978,1051
441697,987,1049
441698,987,1048
441699,981,1051
441700,980,1053
441701,982,1061
441702,983,1062
441703,982,1059
441704,982,1055
441705,981,1052
441706,977,1052
441707,977,1058
441708,979,1058
441709,982,1057
441710,979,1053
441711,970,1052
441712,966,1051
441713,967,1051
441714,971,1052
441715,973,1050
441716,971,1048
441717,970,1046
441718,967,1048
441719,965,1049
441720,968,1051
441721,967,1047
441722,961,1044
441723,957,1044
441724,954,1044
441725,960,1043
441726,974,1042
441727,984,1038
441728,990,1036
441729,981,1038
441730,978,1046
441731,977,1051
441732,979,1051
441733,978,1043
441734,975,1036
441735,974,1037
441736,974,1040
441737,977,1044
441738,980,1046
441739,981,1046
441740,977,1044
441741,974,1046
441742,977,1046
441743,978,1049
441744,980,1049
441745,978,1047
441746,973,1047
441747,974,1045
441748,972,1044
441749,975,1045
441750,981,1043
441751,986,1039
441752,993,1033
441753,1004,1032
441754,1025,1031
441755,1052,1031
441756,1086,1027
441757,1125,1016
441758,1169,1001
441759,1208,987
441760,1255,983
441761,1300,983
441762,1333,990
441763,1340,1004
441764,1325,1013
441765,1283,1016
441766,1220,1018
441767,1159,1029
441768,1095,1048
441769,1033,1066
441770,986,1078
441771,953,1087
441772,954,1088
441773,968,1080
441774,979,1068
441775,980,1054
441776,980,1046
441777,972,1045
441778,966,1053
441779,968,1054
441780,970,1052
441781,965,1046
441782,961,1042
441783,952,1044
441784,951,1047
441785,953,1054
441786,954,1059
441787,957,1055
441788,958,1049
441789,955,1047
441790,949,1051
441791,951,1054
441792,953,1056
441793,949,1052
441794,949,1049
441795,947,1047
441796,947,1046
441797,953,1052
441798,957,1056
441799,953,1054
441800,951,1052
441801,949,1051
441802,948,1051
441803,954,1052
441804,956,1058
441805,953,1054
441806,951,1054
441807,947,1053
441808,947,1053
441809,948,1050
441810,954,1050
441811,956,1045
441812,958,1042
441813,961,1043
441814,958,1048
441815,959,1051
441816,960,1049
441817,963,1045
441818,959,1044
441819,955,1043
441820,950,1046
441821,954,1046
441822,956,1047
441823,962,1042
441824,958,1044
441825,952,1043
441826,950,1041
441827,951,1042
441828,959,1045
441829,965,1046
441830,963,1046
441831,959,1039
441832,957,1037
441833,954,1036
441834,961,1039
441835,962,1036
441836,963,1034
441837,960,1030
441838,965,1029
441839,967,1033
441840,972,1036
441841,974,1035
441842,976,1030
441843,970,1023
441844,967,1020
441845,964,1023
441846,967,1024
441847,975,1023
441848,977,1023
441849,972,1018
441850,967,1022
441851,968,1025
441852,973,1025
441853,979,1022
441854,979,1010
441855,972,1009
441856,969,1010
441857,973,1013
441858,981,1014
441859,986,1012
441860,983,1008
441861,985,1011
441862,984,1016
441863,991,1018
441864,996,1017
441865,995,1014
441866,990,1013
441867,985,1014
441868,986,1017
441869,993,1022
441870,1002,1029
441871,997,1030
441872,993,1027
441873,988,1026
441874,987,1028
441875,987,1030
441876,991,1036
441877,989,1039
441878,986,1034
441879,980,1033
441880,982,1037
441881,979,1040
441882,983,1043
441883,983,1043
441884,984,1043
441885,978,1043
441886,977,1048
441887,976,1056
441888,978,1059
441889,976,1058
441890,979,1055
441891,980,1053
441892,978,1059
441893,978,1061
441894,978,1064
441895,975,1060
441896,974,1055
441897,970,1055
441898,969,1056
441899,972,1057
441900,976,1059
441901,975,1058
441902,971,1054
441903,967,1052
441904,968,1051
441905,972,1053
441906,974,1054
441907,975,1055
441908,976,1050
441909,975,1050
441910,976,1053
441911,977,1056
441912,976,1057
441913,980,1057
441914,986,1058
441915,984,1054
441916,981,1052
441917,983,1049
441918,990,1051
441919,993,1050
441920,995,1051
441921,993,1049
441922,993,1048
441923,998,1050
441924,1007,1056
441925,1013,1059
441926,1016,1059
441927,1018,1058
441928,1024,1062
441929,1035,1058
441930,1047,1047
441931,1058,1032
441932,1073,1014
441933,1082,1000
441934,1095,989
441935,1111,975
441936,1128,959
441937,1146,942
441938,1160,932
441939,1178,915
441940,1194,893
441941,1213,867
441942,1232,854
441943,1247,839
441944,1255,818
441945,1260,802
441946,1262,795
441947,1264,797
441948,1268,800
441949,1264,796
441950,1258,791
441951,1249,787
441952,1237,789
441953,1223,792
441954,1210,797
441955,1194,802
441956,1174,806
441957,1148,812
441958,1122,828
441959,1102,841
441960,1094,856
441961,1088,871
441962,1080,883
441963,1072,893
441964,1068,907
441965,1075,923
441966,1073,939
441967,1069,947
441968,1072,953
441969,1076,960
441970,1085,969
441971,1100,978
441972,1117,986
441973,1124,989
441974,1113,993
441975,1075,999
441976,1027,1006
441977,982,1019
441978,955,1031
441979,936,1047
441980,922,1063
441981,913,1077
441982,905,1093
441983,908,1102
441984,906,1107
441985,905,1107
441986,900,1107
441987,894,1107
441988,893,1109
441989,889,1118
441990,887,1123
441991,883,1125
441992,877,1128
441993,876,1128
441994,879,1132
441995,880,1136
441996,880,1141
441997,877,1141
441998,872,1134
441999,866,1134
442000,867,1139
442001,868,1148
442002,872,1151
442003,870,1149
442004,865,1147
442005,861,1147
442006,860,1152
442007,861,1159
442008,863,1162
442009,862,1162
442010,858,1163
442011,852,1163
442012,856,1170
442013,859,1172
442014,861,1176
442015,857,1178
442016,854,1175
442017,849,1174
442018,850,1181
442019,850,1185
442020,853,1191
442021,851,1190
442022,846,1188
442023,839,1187
442024,835,1194
442025,834,1204
442026,837,1212
442027,836,1211
442028,835,1207
442029,831,1206
442030,832,1213
442031,838,1218
442032,844,1224
442033,849,1222
442034,850,1223
442035,850,1225
442036,853,1224
442037,856,1225
442038,861,1227
442039,864,1222
442040,868,1219
442041,864,1217
442042,866,1216
442043,870,1218
442044,877,1219
442045,881,1213
442046,889,1207
442047,888,1203
442048,891,1201
442049,893,1203
442050,897,1200
442051,902,1195
442052,904,1188
442053,906,1181
442054,910,1175
442055,917,1169
442056,924,1166
442057,925,1159
442058,926,1153
442059,929,1144
442060,933,1142
442061,940,1141
442062,941,1136
442063,940,1130
442064,946,1124
442065,947,1118
442066,948,1116
442067,950,1114
442068,952,1112
442069,956,1108
442070,958,1103
442071,953,1100
442072,953,1097
442073,957,1093
442074,961,1091
442075,960,1088
442076,957,1083
442077,952,1079
442078,954,1079
442079,962,1081
442080,966,1080
442081,968,1080
442082,968,1071
442083,965,1066
442084,967,1065
442085,971,1068
442086,971,1067
442087,969,1064
442088,967,1059
442089,965,1057
442090,966,1057
442091,968,1056
442092,969,1059
442093,971,1056
442094,968,1055
442095,968,1052
442096,966,1051
442097,964,1053
442098,966,1057
442099,970,1053
442100,970,1049
442101,968,1045
442102,969,1049
442103,971,1053
442104,972,1053
442105,973,1055
442106,972,1050
442107,970,1050
442108,972,1053
442109,972,1058
442110,971,1057
442111,971,1051
442112,971,1047
442113,973,1046
442114,978,1050
442115,979,1053
442116,980,1055
442117,979,1054
442118,972,1052
442119,973,1052
442120,973,1054
442121,977,1057
442122,979,1060
442123,981,1057
442124,981,1052
442125,981,1054
442126,979,1056
442127,978,1058
442128,984,1058
442129,985,1056
442130,985,1052
442131,979,1054
442132,976,1058
442133,982,1057
442134,984,1055
442135,985,1050
442136,984,1048
442137,979,1047
442138,976,1044
442139,978,1046
442140,979,1050
442141,977,1050
442142,973,1048
442143,969,1045
442144,972,1049
442145,980,1051
442146,981,1052
442147,981,1048
442148,978,1043
442149,971,1044
442150,971,1046
442151,979,1047
442152,985,1046
442153,981,1047
442154,974,1048
442155,973,1047
442156,975,1046
442157,977,1050
442158,979,1050
442159,977,1048
442160,983,1046
442161,982,1043
442162,982,1044
442163,983,1049
442164,980,1054
442165,979,1049
442166,975,1045
442167,975,1045
442168,980,1046
442169,985,1050
442170,986,1050
442171,986,1049
442172,986,1045
442173,983,1040
442174,980,1048
442175,981,1052
442176,980,1053
442177,984,1046
442178,982,1046
442179,981,1045
442180,980,1048
442181,983,1050
442182,987,1050
442183,988,1044
442184,989,1041
442185,983,1042
442186,977,1043
442187,976,1046
442188,975,1048
442189,970,1049
442190,973,1044
442191,979,1041
442192,983,1041
442193,988,1046
442194,987,1047
442195,986,1048
442196,983,1045
442197,978,1046
442198,980,1048
442199,987,1054
442200,988,1053
442201,982,1051
442202,978,1046
442203,976,1042
442204,973,1042
442205,977,1046
442206,980,1051
442207,978,1050
442208,976,1048
442209,976,1045
442210,976,1050
442211,979,1051
442212,986,1053
442213,986,1050
442214,985,1046
442215,982,1044
442216,978,1046
442217,979,1049
442218,988,1051
442219,991,1048
442220,990,1050
442221,986,1049
442222,986,1052
442223,989,1053
442224,990,1052
442225,992,1052
442226,988,1048
442227,986,1046
442228,992,1051
442229,998,1055
442230,1002,1056
442231,1001,1054
442232,996,1051
442233,994,1044
442234,996,1044
442235,1000,1044
442236,1005,1046
442237,1002,1041
442238,999,1039
442239,993,1036
442240,999,1036
442241,1009,1035
442242,1021,1032
442243,1038,1024
442244,1055,1016
442245,1077,1015
442246,1109,1012
442247,1149,1005
442248,1193,994
442249,1236,981
442250,1278,974
442251,1318,977
442252,1351,989
442253,1359,1009
442254,1335,1023
442255,1278,1030
442256,1203,1037
442257,1134,1044
442258,1071,1057
442259,1019,1068
442260,988,1070
442261,980,1068
442262,985,1066
442263,992,1059
442264,997,1052
442265,999,1046
442266,996,1042
442267,992,1042
442268,985,1042
442269,980,1041
442270,979,1044
442271,980,1045
442272,985,1049
442273,982,1050
442274,975,1046
442275,970,1045
442276,971,1048
442277,974,1050
442278,978,1056
442279,979,1058
442280,977,1053
442281,974,1050
442282,973,1050
442283,979,1050
442284,981,1048
442285,980,1045
442286,975,1042
442287,975,1041
442288,978,1044
442289,981,1044
442290,979,1045
442291,974,1044
442292,972,1044
442293,970,1046
442294,968,1042
442295,969,1044
442296,968,1045
442297,971,1044
442298,972,1042
442299,973,1040
442300,973,1040
442301,972,1045
442302,974,1048
442303,976,1048
442304,974,1044
442305,972,1042
442306,971,1046
442307,973,1045
442308,976,1041
442309,978,1038
442310,975,1040
442311,973,1042
442312,968,1044
442313,972,1046
442314,977,1050
442315,978,1048
442316,981,1046
442317,977,1043
442318,979,1040
442319,981,1042
442320,981,1044
442321,981,1042
442322,983,1039
442323,982,1033
442324,983,1032
442325,986,1033
442326,989,1032
442327,992,1031
442328,991,1023
442329,989,1017
442330,992,1017
442331,991,1017
442332,993,1016
442333,996,1012
442334,992,1009
442335,995,1008
442336,995,1009
442337,999,1010
442338,1000,1014
442339,1001,1011
442340,998,1008
442341,999,1001
442342,1002,1002
442343,1008,1005
442344,1008,1007
442345,1006,1006
442346,1007,1003
442347,1008,1001
442348,1014,1002
442349,1018,1007
442350,1023,1010
442351,1027,1007
442352,1023,1006
442353,1023,1005
442354,1025,1004
442355,1030,1007
442356,1037,1010
442357,1035,1010
442358,1032,1010
442359,1026,1012
442360,1027,1014
442361,1024,1014
442362,1025,1019
442363,1026,1019
442364,1028,1020
442365,1025,1023
442366,1023,1027
442367,1026,1031
442368,1030,1037
442369,1030,1039
442370,1024,1040
442371,1018,1036
442372,1017,1033
442373,1017,1039
442374,1021,1047
442375,1019,1047
442376,1014,1042
442377,1008,1044
442378,1002,1046
442379,1003,1050
442380,1004,1053
442381,1003,1045
442382,1002,1042
442383,1000,1042
442384,1000,1049
442385,999,1054
442386,997,1054
442387,995,1050
442388,992,1046
442389,992,1045
442390,995,1049
442391,1001,1048
442392,1002,1048
442393,1000,1048
442394,996,1049
442395,996,1047
442396,996,1047
442397,998,1049
442398,1002,1053
442399,1004,1052
442400,1001,1049
442401,995,1045
442402,992,1044
442403,997,1046
442404,1003,1048
442405,1007,1042
442406,1002,1039
442407,997,1038
442408,995,1038
442409,997,1042
442410,1000,1043
442411,1006,1042
442412,1004,1039
442413,1003,1041
442414,1000,1040
442415,1001,1041
442416,1003,1041
442417,1003,1042
442418,1003,1040
442419,1001,1038
442420,1000,1042
442421,1003,1043
442422,1007,1048
442423,1009,1043
442424,1003,1037
442425,996,1035
442426,996,1036
442427,997,1039
442428,995,1040
442429,996,1042
442430,994,1039
442431,997,1040
442432,997,1044
442433,1000,1049
442434,1000,1045
442435,1002,1043
442436,1000,1040
442437,998,1037
442438,996,1041
442439,996,1044
442440,993,1047
442441,991,1041
442442,991,1037
442443,991,1039
442444,997,1044
442445,1000,1047
442446,1000,1050
442447,999,1051
442448,992,1049
442449,991,1048
442450,993,1051
442451,995,1051
442452,1002,1051
442453,1001,1049
442454,995,1048
442455,990,1050
442456,990,1053
442457,996,1055
442458,997,1055
442459,997,1051
442460,996,1045
442461,991,1041
442462,988,1043
442463,991,1046
442464,994,1048
442465,997,1047
442466,998,1048
442467,994,1045
442468,989,1048
442469,992,1053
442470,993,1051
442471,993,1048
442472,991,1044
442473,987,1044
442474,985,1044
442475,990,1048
442476,991,1047
442477,988,1049
442478,987,1048
442479,980,1047
442480,983,1050
442481,987,1050
442482,993,1052
442483,995,1049
442484,992,1045
442485,995,1046
442486,995,1047
442487,997,1050
442488,997,1048
442489,999,1041
442490,1001,1035
442491,1006,1032
442492,1020,1033
442493,1037,1032
442494,1058,1034
442495,1086,1030
442496,1117,1022
442497,1148,1010
442498,1182,996
442499,1228,990
442500,1278,987
442501,1323,985
442502,1350,989
442503,1347,1003
442504,1316,1017
442505,1265,1026
442506,1200,1034
442507,1128,1048
442508,1057,1061
442509,993,1073
442510,959,1082
442511,956,1081
442512,971,1077
442513,986,1061
442514,989,1050
442515,989,1042
442516,985,1040
442517,984,1042
442518,983,1044
442519,980,1043
442520,978,1041
442521,974,1045
442522,967,1047
442523,969,1050
442524,971,1052
442525,971,1052
442526,971,1050
442527,967,1047
442528,962,1048
442529,969,1053
442530,967,1053
442531,966,1051
442532,963,1050
442533,961,1045
442534,960,1046
442535,960,1047
442536,963,1051
442537,961,1051
442538,960,1044
442539,959,1039
442540,964,1042
442541,964,1048
442542,966,1048
442543,967,1047
442544,964,1047
442545,965,1048
442546,966,1049
442547,969,1049
442548,969,1052
442549,969,1050
442550,969,1047
442551,965,1049
442552,962,1052
442553,964,1056
442554,964,1054
442555,966,1051
442556,963,1046
442557,960,1045
442558,961,1047
442559,962,1050
442560,968,1053
442561,968,1053
442562,966,1050
442563,962,1043
442564,963,1041
442565,966,1044
442566,971,1044
442567,971,1041
442568,967,1038
442569,963,1035
442570,966,1037
442571,968,1038
442572,975,1038
442573,975,1032
442574,971,1027
442575,970,1024
442576,972,1027
442577,970,1029
442578,971,1026
442579,971,1020
442580,973,1014
442581,974,1010
442582,973,1015
442583,971,1016
442584,973,1016
442585,981,1010
442586,983,1008
442587,981,1009
442588,980,1007
442589,982,1009
442590,987,1011
442591,985,1007
442592,984,1003
442593,981,1001
442594,986,1001
442595,991,1005
442596,997,1005
442597,995,1001
442598,994,998
442599,987,1003
442600,985,1002
442601,991,1007
442602,1000,1008
442603,1000,1007
442604,1000,1005
442605,996,1007
442606,994,1013
442607,997,1018
442608,998,1020
442609,995,1020
442610,991,1019
442611,983,1020
442612,980,1024
442613,978,1029
442614,987,1034
442615,987,1039
442616,982,1038
442617,973,1039
442618,973,1039
442619,979,1047
442620,984,1049
442621,978,1051
442622,973,1048
442623,969,1047
442624,973,1051
442625,977,1055
442626,980,1056
442627,977,1055
442628,976,1053
442629,974,1053
442630,976,1057
442631,978,1060
442632,982,1062
442633,982,1064
442634,979,1060
442635,971,1060
442636,971,1058
442637,980,1057
442638,989,1057
442639,990,1057
442640,982,1055
442641,979,1052
442642,977,1052
442643,980,1052
442644,984,1050
442645,983,1049
442646,982,1047
442647,979,1049
442648,978,1048
442649,978,1051
442650,980,1050
442651,981,1045
442652,978,1042
442653,976,1039
442654,974,1043
442655,973,1046
442656,972,1044
442657,973,1040
442658,973,1037
442659,970,1038
442660,971,1041
442661,972,1043
442662,970,1045
442663,972,1042
442664,969,1041
442665,967,1039
442666,970,1043
442667,977,1046
442668,980,1043
442669,976,1043
442670,974,1040
442671,970,1043
442672,974,1047
442673,976,1050
442674,980,1053
442675,976,1052
442676,973,1049
442677,974,1046
442678,978,1044
442679,979,1044
442680,982,1044
442681,987,1043
442682,985,1042
442683,983,1041
442684,979,1048
442685,978,1050
442686,982,1047
442687,980,1045
442688,975,1044
442689,971,1044
442690,967,1048
442691,972,1049
442692,978,1049
442693,981,1050
442694,976,1048
442695,976,1044
442696,974,1044
442697,977,1045
442698,978,1045
442699,977,1042
442700,975,1041
442701,971,1043
442702,973,1045
442703,971,1047
442704,975,1049
442705,976,1048
442706,973,1047
442707,974,1044
442708,971,1048
442709,973,1051
442710,976,1053
442711,974,1052
442712,969,1053
442713,969,1052
442714,967,1053
442715,967,1050
442716,971,1052
442717,972,1052
442718,967,1051
442719,969,1051
442720,969,1053
442721,973,1054
442722,977,1054
442723,977,1055
442724,972,1052
442725,968,1049
442726,967,1050
442727,971,1053
442728,977,1053
442729,975,1052
442730,972,1044
442731,971,1043
442732,971,1049
442733,974,1051
442734,980,1051
442735,984,1047
442736,983,1043
442737,978,1042
442738,975,1044
442739,981,1046
442740,984,1047
442741,982,1047
442742,980,1047
442743,978,1044
442744,976,1047
442745,980,1050
442746,983,1051
442747,982,1048
442748,979,1043
442749,975,1043
442750,972,1043
442751,976,1047
442752,982,1048
442753,984,1049
442754,983,1046
442755,981,1042
442756,981,1043
442757,985,1045
442758,990,1046
442759,991,1046
442760,985,1044
442761,979,1040
442762,981,1043
442763,982,1048
442764,989,1052
442765,989,1051
442766,986,1048
442767,986,1040
442768,988,1037
442769,1000,1038
442770,1018,1035
442771,1035,1030
442772,1052,1026
442773,1077,1020
442774,1110,1014
442775,1151,1005
442776,1197,997
442777,1239,992
442778,1278,994
442779,1302,1007
442780,1302,1033
442781,1277,1047
442782,1232,1053
442783,1168,1055
442784,1099,1066
442785,1032,1081
442786,978,1097
442787,953,1103
442788,957,1099
442789,966,1085
442790,970,1070
442791,973,1060
442792,979,1054
442793,987,1051
442794,990,1048
442795,984,1047
442796,974,1040
442797,969,1039
442798,967,1042
442799,967,1049
442800,971,1050
442801,970,1048
442802,965,1041
442803,963,1040
442804,965,1041
442805,967,1045
442806,966,1049
442807,963,1046
442808,961,1045
442809,959,1044
442810,959,1045
442811,960,1049
442812,960,1053
442813,961,1053
442814,959,1056
442815,955,1055
442816,955,1056
442817,957,1055
442818,961,1053
442819,955,1052
442820,957,1051
442821,953,1051
442822,961,1051
442823,962,1053
442824,968,1050
442825,962,1049
442826,960,1046
442827,961,1050
442828,959,1050
442829,960,1050
442830,961,1048
442831,960,1043
442832,961,1042
442833,964,1040
442834,962,1043
442835,964,1046
442836,966,1049
442837,964,1048
442838,965,1040
442839,960,1037
442840,961,1040
442841,962,1042
442842,963,1042
442843,964,1040
442844,963,1032
442845,962,1027
442846,961,1027
442847,967,1030
442848,969,1027
442849,967,1021
442850,963,1016
442851,959,1014
442852,958,1019
442853,965,1020
442854,972,1018
442855,976,1013
442856,977,1011
442857,976,1007
442858,977,1009
442859,980,1008
442860,985,1012
442861,983,1008
442862,984,1009
442863,985,1007
442864,986,1004
442865,990,1006
442866,992,1009
442867,988,1008
442868,987,1000
442869,986,999
442870,992,1003
442871,995,1004
442872,997,1006
442873,999,1004
442874,1000,1003
442875,998,1005
442876,999,1007
442877,1002,1010
442878,1005,1011
442879,1005,1014
442880,1006,1011
442881,1007,1015
442882,1005,1023
442883,1004,1029
442884,1001,1031
442885,998,1031
442886,992,1028
442887,989,1031
442888,992,1034
442889,993,1042
442890,996,1042
442891,998,1043
442892,995,1039
442893,990,1039
442894,983,1041
442895,979,1046
442896,979,1049
442897,979,1048
442898,978,1047
442899,978,1047
442900,973,1049
442901,980,1052
442902,980,1056
442903,979,1057
442904,981,1053
442905,981,1054
442906,979,1056
442907,980,1061
442908,986,1061
442909,986,1063
442910,984,1056
442911,982,1054
442912,983,1056
442913,990,1060
442914,997,1060
442915,1000,1057
442916,1005,1059
442917,1005,1061
442918,1009,1065
442919,1016,1067
442920,1022,1064
442921,1029,1060
442922,1040,1054
442923,1051,1041
442924,1062,1023
442925,1080,1004
442926,1099,992
442927,1116,975
442928,1129,960
442929,1144,945
442930,1158,931
442931,1178,908
442932,1201,881
442933,1217,858
442934,1238,846
442935,1255,839
442936,1264,827
442937,1266,816
442938,1267,815
442939,1267,817
442940,1259,817
442941,1253,819
442942,1248,820
442943,1238,826
442944,1223,831
442945,1198,835
442946,1168,840
442947,1139,850
442948,1112,867
442949,1089,883
442950,1070,898
442951,1058,908
442952,1051,917
442953,1043,934
442954,1037,953
442955,1031,972
442956,1031,987
442957,1035,996
442958,1042,1002
442959,1052,1012
442960,1060,1016
442961,1070,1016
442962,1068,1015
442963,1041,1018
442964,1001,1022
442965,964,1034
442966,937,1049
442967,924,1064
442968,922,1078
442969,917,1086
442970,913,1088
442971,905,1092
442972,900,1098
442973,903,1105
442974,906,1107
442975,899,1106
442976,890,1105
442977,885,1109
442978,882,1112
442979,878,1116
442980,881,1115
442981,881,1116
442982,876,1115
442983,876,1113
442984,877,1119
442985,879,1121
442986,877,1120
442987,873,1123
442988,870,1123
442989,865,1125
442990,861,1130
442991,862,1134
442992,865,1136
442993,864,1136
442994,862,1134
442995,857,1136
442996,857,1137
442997,859,1142
442998,858,1146
442999,849,1149
443000,847,1151
443001,848,1150
443002,853,1153
443003,856,1154
443004,854,1160
443005,851,1160
443006,844,1161
443007,839,1159
443008,839,1163
443009,844,1165
443010,853,1168
443011,848,1170
443012,849,1171
443013,847,1171
443014,849,1170
443015,851,1175
443016,855,1179
443017,859,1181
443018,861,1176
443019,859,1175
443020,859,1177
443021,861,1182
443022,868,1179
443023,864,1172
443024,863,1166
443025,865,1164
443026,871,1163
443027,882,1160
443028,891,1155
443029,894,1151
443030,897,1147
443031,902,1142
443032,907,1140
443033,910,1140
443034,918,1135
443035,920,1128
443036,921,1118
443037,924,1113
443038,930,1113
443039,935,1114
443040,940,1107
443041,944,1098
443042,944,1093
443043,943,1085
443044,943,1084
443045,949,1084
443046,953,1081
443047,952,1077
443048,952,1073
443049,949,1069
443050,949,1070
443051,958,1070
443052,967,1069
443053,972,1062
443054,970,1057
443055,963,1058
443056,962,1059
443057,963,1065
443058,971,1066
443059,971,1065
443060,969,1057
443061,965,1057
443062,967,1059
443063,971,1061
443064,971,1060
443065,961,1059
443066,964,1054
443067,967,1054
443068,968,1056
443069,969,1060
443070,972,1060
443071,972,1056
443072,973,1051
443073,972,1051
443074,973,1053
443075,979,1059
443076,974,1056
443077,970,1052
443078,966,1050
443079,965,1045
443080,964,1050
443081,967,1051
443082,970,1053
443083,969,1051
443084,962,1050
443085,956,1046
443086,965,1046
443087,971,1053
443088,977,1053
443089,975,1051
443090,971,1050
443091,971,1049
443092,973,1050
443093,975,1049
443094,975,1049
443095,976,1047
443096,974,1046
443097,974,1045
443098,972,1051
443099,973,1050
443100,976,1048
443101,979,1046
443102,981,1046
443103,980,1047
443104,975,1053
443105,976,1053
443106,978,1056
443107,975,1054
443108,977,1050
443109,974,1048
443110,975,1049
443111,976,1054
443112,981,1054
443113,984,1054
443114,981,1055
443115,978,1051
443116,980,1051
443117,977,1055
443118,979,1055
443119,978,1051
443120,981,1049
443121,982,1049
443122,981,1051
443123,982,1054
443124,984,1052
443125,982,1047
443126,981,1046
443127,976,1045
443128,979,1046
443129,978,1049
443130,980,1050
443131,980,1048
443132,978,1044
443133,977,1048
443134,978,1047
443135,979,1050
443136,982,1049
443137,983,1048
443138,976,1047
443139,972,1047
443140,972,1049
443141,974,1051
443142,976,1049
443143,971,1046
443144,968,1043
443145,965,1044
443146,971,1050
443147,971,1055
443148,978,1054
443149,973,1050
443150,973,1045
443151,973,1046
443152,972,1049
443153,975,1053
443154,978,1055
443155,977,1053
443156,972,1049
443157,973,1050
443158,975,1052
443159,983,1053
443160,986,1055
443161,984,1054
443162,979,1051
443163,977,1049
443164,975,1051
443165,977,1052
443166,982,1055
443167,985,1053
443168,981,1051
443169,977,1051
443170,977,1051
443171,981,1053
443172,986,1054
443173,983,1048
443174,980,1044
443175,975,1047
443176,971,1046
443177,973,1047
443178,978,1049
443179,978,1048
443180,978,1046
443181,975,1046
443182,972,1046
443183,979,1049
443184,984,1048
443185,984,1048
443186,982,1046
443187,979,1046
443188,978,1049
443189,979,1054
443190,978,1051
443191,978,1053
443192,975,1051
443193,975,1050
443194,977,1054
443195,977,1054
443196,977,1053
443197,978,1054
443198,977,1050
443199,977,1048
443200,980,1052
443201,982,1055
443202,985,1055
443203,985,1057
443204,987,1054
443205,987,1048
443206,984,1046
443207,986,1042
443208,990,1046
443209,987,1044
443210,979,1043
443211,978,1043
443212,976,1043
443213,979,1047
443214,988,1048
443215,990,1047
443216,989,1045
443217,984,1046
443218,983,1048
443219,984,1044
443220,987,1043
443221,987,1043
443222,984,1045
443223,982,1051
443224,986,1053
443225,986,1051
443226,990,1049
443227,993,1047
443228,991,1045
443229,989,1044
443230,991,1044
443231,995,1043
443232,1001,1042
443233,1010,1038
443234,1021,1035
443235,1031,1029
443236,1047,1027
443237,1070,1028
443238,1101,1024
443239,1137,1016
443240,1174,1003
443241,1215,1000
443242,1256,1007
443243,1293,1023
443244,1315,1040
443245,1307,1054
443246,1270,1057
443247,1217,1059
443248,1155,1061
443249,1097,1073
443250,1044,1084
443251,988,1091
443252,958,1091
443253,951,1091
443254,963,1085
443255,972,1075
443256,983,1063
443257,984,1053
443258,982,1046
443259,978,1038
443260,975,1039
443261,975,1042
443262,979,1042
443263,981,1041
443264,975,1041
443265,971,1042
443266,968,1045
443267,969,1045
443268,968,1042
443269,968,1040
443270,964,1038
443271,960,1039
443272,963,1042
443273,963,1045
443274,968,1046
443275,966,1047
443276,962,1046
443277,960,1046
443278,967,1048
443279,970,1052
443280,969,1053
443281,963,1049
443282,959,1043
443283,953,1044
443284,960,1047
443285,963,1051
443286,967,1056
443287,967,1054
443288,962,1050
443289,964,1048
443290,961,1050
443291,962,1050
443292,966,1049
443293,963,1052
443294,962,1048
443295,959,1044
443296,959,1044
443297,958,1044
443298,959,1043
443299,961,1037
443300,958,1037
443301,960,1034
443302,959,1036
443303,961,1035
443304,964,1033
443305,962,1032
443306,963,1027
443307,962,1030
443308,960,1030
443309,961,1031
443310,966,1029
443311,970,1027
443312,969,1027
443313,969,1025
443314,974,1022
443315,978,1023
443316,980,1024
443317,974,1021
443318,973,1015
443319,969,1013
443320,970,1012
443321,974,1012
443322,976,1014
443323,978,1011
443324,978,1010
443325,977,1003
443326,977,1004
443327,983,1004
443328,985,1004
443329,982,1003
443330,979,997
443331,978,998
443332,980,999
443333,989,1003
443334,988,1002
443335,991,999
443336,992,993
443337,992,993
443338,995,994
443339,998,997
443340,1000,999
443341,1001,998
443342,1001,992
443343,1001,989
443344,1005,993
443345,1009,999
443346,1015,1002
443347,1016,1004
443348,1012,999
443349,1007,999
443350,1007,1003
443351,1010,1008
443352,1011,1010
443353,1009,1014
443354,1006,1014
443355,1002,1018
443356,1003,1021
443357,1003,1026
443358,1004,1028
443359,1002,1027
443360,998,1026
443361,989,1025
443362,989,1033
443363,989,1037
443364,993,1039
443365,991,1038
443366,990,1037
443367,986,1040
443368,986,1043
443369,982,1047
443370,982,1047
443371,979,1047
443372,980,1040
443373,975,1043
443374,979,1044
443375,984,1049
443376,988,1048
443377,985,1047
443378,982,1044
443379,978,1043
443380,978,1046
443381,980,1050
443382,984,1050
443383,986,1047
443384,985,1045
443385,984,1041
443386,984,1040
443387,988,1044
443388,988,1044
443389,987,1043
443390,982,1037
443391,975,1036
443392,978,1039
443393,986,1041
443394,987,1039
443395,986,1042
443396,982,1041
443397,984,1039
443398,985,1038
443399,987,1038
443400,990,1037
443401,989,1035
443402,988,1033
443403,984,1033
443404,987,1034
443405,987,1037
443406,991,1036
443407,989,1035
443408,989,1031
443409,984,1033
443410,987,1034
443411,988,1040
443412,986,1040
443413,981,1037
443414,982,1030
443415,981,1031
443416,981,1032
443417,981,1037
443418,983,1038
443419,984,1036
443420,984,1034
443421,982,1033
443422,986,1037
443423,984,1042
443424,984,1044
443425,983,1040
443426,981,1036
443427,981,1034
443428,983,1034
443429,987,1041
443430,988,1042
443431,987,1040
443432,983,1038
443433,979,1038
443434,982,1041
443435,985,1043
443436,987,1041
443437,985,1038
443438,980,1035
443439,978,1036
443440,981,1038
443441,986,1040
443442,990,1041
443443,981,1041
443444,972,1039
443445,968,1042
443446,972,1041
443447,978,1045
443448,981,1041
443449,977,1041
443450,979,1041
443451,975,1038
443452,976,1037
443453,974,1041
443454,980,1042
443455,979,1040
443456,973,1038
443457,970,1039
443458,970,1039
443459,974,1043
443460,979,1044
443461,981,1042
443462,978,1042
443463,974,1041
443464,974,1045
443465,976,1049
443466,979,1048
443467,978,1046
443468,975,1039
443469,973,1037
443470,983,1033
443471,996,1033
443472,1012,1031
443473,1024,1029
443474,1037,1025
443475,1058,1021
443476,1094,1014
443477,1133,1004
443478,1176,987
443479,1218,979
443480,1258,980
443481,1290,994
443482,1305,1017
443483,1292,1036
443484,1256,1046
443485,1200,1046
443486,1133,1052
443487,1062,1066
443488,999,1084
443489,953,1103
443490,946,1106
443491,957,1099
443492,970,1083
443493,979,1065
443494,983,1054
443495,984,1053
443496,982,1047
443497,980,1044
443498,976,1041
443499,969,1040
443500,965,1042
443501,959,1045
443502,956,1047
443503,956,1049
443504,956,1044
443505,953,1039
443506,950,1040
443507,955,1045
443508,960,1043
443509,963,1042
443510,960,1035
443511,954,1034
443512,951,1035
443513,954,1039
443514,957,1042
443515,956,1041
443516,956,1042
443517,958,1040
443518,956,1043
443519,955,1048
443520,959,1046
443521,957,1043
443522,952,1036
443523,951,1036
443524,956,1039
443525,956,1038
443526,962,1037
443527,960,1035
443528,961,1033
443529,959,1030
443530,959,1034
443531,960,1035
443532,959,1032
443533,960,1027
443534,963,1023
443535,959,1023
443536,957,1023
443537,959,1028
443538,962,1028
443539,963,1024
443540,963,1022
443541,960,1019
443542,959,1022
443543,961,1022
443544,964,1019
443545,963,1018
443546,966,1015
443547,964,1014
443548,966,1016
443549,969,1014
443550,974,1011
443551,974,1006
443552,971,1001
443553,973,999
443554,978,1005
443555,983,1007
443556,983,1005
443557,983,1003
443558,981,998
443559,980,995
443560,983,998
443561,989,997
443562,992,994
443563,984,991
443564,981,988
443565,983,992
443566,990,993
443567,991,992
443568,995,992
443569,995,992
443570,994,993
443571,995,990
443572,998,992
443573,999,993
443574,1005,995
443575,999,997
443576,996,994
443577,995,994
443578,995,997
443579,998,1004
443580,998,1004
443581,992,1006
443582,992,1002
443583,990,1003
443584,989,1008
443585,993,1015
443586,992,1018
443587,989,1018
443588,985,1018
443589,983,1021
443590,984,1025
443591,984,1033
443592,985,1038
443593,983,1034
443594,980,1032
443595,974,1034
443596,971,1040
443597,974,1043
443598,973,1048
443599,971,1046
443600,969,1043
443601,968,1050
443602,969,1055
443603,971,1058
443604,975,1057
443605,973,1052
443606,967,1047
443607,963,1048
443608,964,1052
443609,967,1057
443610,971,1053
443611,971,1049
443612,973,1049
443613,971,1050
443614,971,1052
443615,971,1054
443616,974,1052
443617,973,1050
443618,973,1048
443619,974,1049
443620,976,1052
443621,977,1051
443622,981,1050
443623,981,1044
443624,981,1039
443625,981,1041
443626,981,1044
443627,981,1047
443628,982,1047
443629,980,1043
443630,977,1036
443631,977,1035
443632,980,1038
443633,975,1040
443634,980,1041
443635,983,1039
443636,982,1039
443637,982,1040
443638,980,1041
443639,979,1042
443640,980,1041
443641,983,1039
443642,981,1034
443643,979,1037
443644,979,1040
443645,984,1044
443646,982,1048
443647,980,1045
443648,977,1037
443649,977,1036
443650,978,1041
443651,980,1045
443652,982,1044
443653,980,1047
443654,979,1047
443655,977,1046
443656,977,1049
443657,977,1050
443658,979,1047
443659,977,1044
443660,974,1043
443661,970,1040
443662,973,1043
443663,976,1046
443664,980,1052
443665,977,1053
443666,973,1048
443667,970,1047
443668,971,1049
443669,976,1049
443670,978,1048
443671,976,1045
443672,974,1048
443673,970,1047
443674,973,1050
443675,977,1052
443676,980,1048
443677,978,1042
443678,974,1040
443679,971,1044
443680,973,1045
443681,974,1048
443682,973,1044
443683,975,1044
443684,975,1045
443685,973,1045
443686,974,1049
443687,976,1052
443688,978,1054
443689,974,1052
443690,969,1047
443691,969,1043
443692,973,1044
443693,976,1048
443694,980,1049
443695,981,1047
443696,975,1043
443697,975,1043
443698,976,1046
443699,976,1049
443700,977,1051
443701,972,1049
443702,971,1045
443703,972,1047
443704,973,1049
443705,978,1051
443706,978,1050
443707,976,1047
443708,977,1044
443709,975,1043
443710,977,1047
443711,978,1046
443712,979,1045
443713,980,1045
443714,975,1048
443715,971,1050
443716,970,1050
443717,971,1049
443718,979,1049
443719,979,1050
443720,978,1047
443721,975,1052
443722,976,1055
443723,978,1055
443724,979,1052
443725,979,1050
443726,975,1048
443727,974,1050
443728,977,1052
443729,980,1054
443730,982,1055
443731,983,1049
443732,980,1049
443733,978,1047
443734,977,1046
443735,977,1051
443736,980,1054
443737,975,1051
443738,974,1046
443739,975,1043
443740,973,1048
443741,979,1050
443742,983,1050
443743,982,1048
443744,979,1046
443745,980,1048
443746,981,1050
443747,984,1053
443748,979,1056
443749,984,1051
443750,980,1046
443751,979,1044
443752,982,1045
443753,984,1048
443754,987,1049
443755,986,1045
443756,985,1043
443757,981,1044
443758,981,1046
443759,981,1053
443760,983,1051
443761,980,1048
443762,982,1045
443763,980,1042
443764,982,1043
443765,986,1045
443766,988,1045
443767,987,1047
443768,984,1044
443769,981,1048
443770,983,1048
443771,985,1051
443772,986,1050
443773,983,1051
443774,982,1048
443775,982,1051
443776,979,1053
443777,984,1054
443778,984,1051
443779,984,1049
443780,983,1044
443781,983,1044
443782,985,1047
443783,987,1049
443784,993,1049
443785,992,1049
443786,990,1048
443787,988,1046
443788,991,1042
443789,997,1038
443790,1007,1033
443791,1016,1030
443792,1029,1028
443793,1046,1025
443794,1069,1025
443795,1102,1024
443796,1135,1014
443797,1170,1002
443798,1204,989
443799,1236,986
443800,1271,992
443801,1301,1006
443802,1308,1025
443803,1293,1035
443804,1247,1036
443805,1190,1041
443806,1129,1055
443807,1075,1069
443808,1028,1079
443809,995,1079
443810,980,1074
443811,981,1069
443812,988,1061
443813,995,1058
443814,995,1054
443815,992,1049
443816,986,1043
443817,983,1040
443818,979,1042
443819,981,1047
443820,983,1051
443821,980,1049
443822,975,1049
443823,971,1046
443824,971,1046
443825,972,1051
443826,974,1055
443827,971,1058
443828,970,1053
443829,964,1055
443830,964,1054
443831,966,1053
443832,970,1053
443833,966,1049
443834,967,1050
443835,964,1052
443836,965,1057
443837,965,1062
443838,968,1062
443839,964,1059
443840,962,1054
443841,960,1054
443842,963,1053
443843,966,1056
443844,964,1053
443845,963,1049
443846,970,1044
443847,966,1042
443848,968,1047
443849,971,1050
443850,974,1052
443851,973,1052
443852,969,1047
443853,968,1044
443854,968,1044
443855,969,1045
443856,974,1045
443857,973,1044
443858,968,1041
443859,968,1041
443860,967,1039
443861,971,1044
443862,974,1043
443863,972,1046
443864,973,1037
443865,970,1038
443866,975,1040
443867,977,1046
443868,980,1043
443869,981,1040
443870,978,1038
443871,978,1037
443872,982,1035
443873,984,1034
443874,989,1033
443875,986,1032
443876,985,1028
443877,986,1025
443878,990,1025
443879,994,1024
443880,1000,1024
443881,999,1020
443882,997,1017
443883,997,1017
443884,997,1017
443885,1001,1019
443886,1003,1017
443887,1003,1013
443888,1004,1013
443889,1002,1010
443890,1002,1011
443891,1007,1012
443892,1011,1010
443893,1009,1004
443894,1010,1003
443895,1006,1004
443896,1010,1007
443897,1010,1010
443898,1011,1009
443899,1006,1009
443900,1006,1008
443901,1008,1009
443902,1009,1011
443903,1011,1015
443904,1012,1017
443905,1007,1018
443906,1002,1019
443907,1004,1020
443908,1003,1022
443909,1008,1027
443910,1013,1028
443911,1012,1032
443912,1006,1031
443913,1005,1032
443914,1003,1041
443915,1005,1045
443916,1004,1044
443917,999,1043
443918,994,1041
443919,994,1042
443920,990,1048
443921,992,1052
443922,994,1054
443923,990,1052
443924,986,1049
443925,984,1048
443926,985,1051
443927,986,1052
443928,989,1053
443929,988,1053
443930,984,1050
443931,987,1054
443932,989,1053
443933,989,1058
443934,988,1058
443935,990,1053
443936,988,1048
443937,987,1045
443938,989,1050
443939,988,1051
443940,992,1050
443941,992,1046
443942,989,1045
443943,983,1049
443944,981,1051
443945,981,1050
443946,982,1050
443947,985,1053
443948,984,1056
443949,983,1060
443950,984,1057
443951,985,1055
443952,988,1055
443953,989,1053
443954,987,1049
443955,984,1052
443956,985,1056
443957,988,1056
443958,992,1054
443959,989,1052
443960,988,1049
443961,984,1049
443962,983,1050
443963,986,1050
443964,989,1049
443965,988,1048
443966,989,1049
443967,987,1045
443968,987,1045
443969,989,1044
443970,991,1050
443971,990,1049
443972,988,1043
443973,987,1041
443974,987,1039
443975,991,1048
443976,996,1045
443977,992,1041
443978,989,1038
443979,988,1038
443980,991,1041
443981,992,1042
443982,993,1041
443983,992,1039
443984,987,1040
443985,982,1040
443986,984,1040
443987,987,1044
443988,992,1044
443989,991,1046
443990,988,1044
443991,984,1041
443992,982,1045
443993,987,1049
443994,991,1049
443995,987,1049
443996,983,1048
443997,981,1050
443998,984,1053
443999,990,1058
444000,992,1054
444001,987,1056
444002,985,1053
444003,981,1054
444004,983,1053
444005,986,1053
444006,988,1053
444007,984,1053
444008,981,1049
444009,979,1054
444010,983,1055
444011,987,1053
444012,990,1047
444013,989,1047
444014,983,1044
444015,980,1047
444016,979,1049
444017,981,1051
444018,985,1046
444019,983,1042
444020,979,1039
444021,974,1043
444022,975,1044
444023,977,1049
444024,980,1045
444025,980,1044
444026,977,1042
444027,977,1044
444028,976,1047
444029,976,1047
444030,979,1045
444031,978,1041
444032,976,1038
444033,974,1040
444034,976,1047
444035,982,1049
444036,985,1050
444037,986,1049
444038,982,1047
444039,982,1047
444040,984,1051
444041,986,1057
444042,990,1053
444043,988,1049
444044,989,1040
444045,993,1037
444046,998,1035
444047,1009,1035
444048,1027,1030
444049,1041,1026
444050,1059,1022
444051,1086,1020
444052,1118,1010
444053,1155,997
444054,1195,988
444055,1232,981
444056,1264,984
444057,1286,1001
444058,1292,1023
444059,1275,1044
444060,1242,1049
444061,1188,1052
444062,1132,1056
444063,1076,1072
444064,1023,1088
444065,985,1098
444066,966,1101
444067,962,1099
444068,967,1089
444069,970,1074
444070,974,1064
444071,978,1058
444072,978,1052
444073,974,1049
444074,971,1043
444075,968,1047
444076,965,1048
444077,967,1051
444078,965,1047
444079,965,1046
444080,964,1040
444081,966,1043
444082,966,1042
444083,967,1047
444084,969,1049
444085,967,1053
444086,962,1051
444087,961,1051
444088,959,1052
444089,956,1055
444090,963,1052
444091,961,1048
444092,958,1046
444093,957,1048
444094,959,1053
444095,962,1059
444096,965,1060
444097,963,1058
444098,957,1055
444099,954,1052
444100,957,1050
444101,959,1051
444102,961,1051
444103,960,1050
444104,957,1045
444105,956,1049
444106,958,1052
444107,960,1049
444108,958,1049
444109,958,1047
444110,958,1044
444111,961,1045
444112,963,1047
444113,967,1048
444114,969,1044
444115,963,1040
444116,963,1036
444117,961,1037
444118,962,1038
444119,966,1039
444120,967,1038
444121,969,1034
444122,968,1031
444123,964,1025
444124,964,1026
444125,968,1029
444126,970,1028
444127,969,1026
444128,970,1022
444129,973,1022
444130,978,1022
444131,981,1024
444132,981,1021
444133,980,1017
444134,977,1012
444135,979,1011
444136,981,1013
444137,986,1011
444138,989,1012
444139,989,1008
444140,987,1007
444141,986,1005
444142,993,1007
444143,996,1012
444144,996,1013
444145,997,1011
444146,996,1002
444147,996,1000
444148,996,1001
444149,992,1004
444150,992,1007
444151,993,1004
444152,992,1000
444153,988,1001
444154,993,1000
444155,998,1002
444156,1001,1003
444157,1000,998
444158,1000,994
444159,998,993
444160,1000,995
444161,1002,1000
444162,1005,1000
444163,1003,1003
444164,1003,1003
444165,1002,1006
444166,1002,1009
444167,1008,1013
444168,1011,1012
444169,1005,1012
444170,1000,1014
444171,996,1019
444172,993,1022
444173,995,1029
444174,996,1029
444175,994,1027
444176,989,1027
444177,984,1029
444178,988,1035
444179,990,1040
444180,987,1038
444181,985,1040
444182,985,1039
444183,985,1039
444184,984,1041
444185,981,1043
444186,981,1042
444187,979,1042
444188,977,1043
444189,973,1044
444190,974,1049
444191,974,1050
444192,978,1055
444193,978,1054
444194,974,1051
444195,975,1054
444196,974,1053
444197,977,1055
444198,978,1049
444199,977,1048
444200,972,1041
444201,970,1040
444202,970,1045
444203,972,1051
444204,978,1054
444205,978,1052
444206,973,1048
444207,971,1045
444208,970,1046
444209,975,1047
444210,975,1047
444211,976,1046
444212,973,1046
444213,972,1045
444214,973,1046
444215,974,1047
444216,975,1050
444217,976,1048
444218,972,1043
444219,972,1041
444220,972,1040
444221,978,1042
444222,982,1039
444223,978,1038
444224,975,1040
444225,973,1043
444226,977,1044
444227,978,1045
444228,980,1040
444229,983,1035
444230,982,1033
444231,981,1035
444232,980,1038
444233,980,1041
444234,982,1038
444235,981,1035
444236,979,1033
444237,976,1035
444238,980,1039
444239,979,1042
444240,984,1042
444241,982,1042
444242,980,1039
444243,973,1038
444244,977,1040
444245,982,1048
444246,984,1046
444247,983,1046
444248,979,1043
444249,975,1043
444250,976,1046
444251,975,1051
444252,977,1049
444253,977,1047
444254,972,1044
444255,971,1046
444256,968,1049
444257,967,1048
444258,973,1048
444259,972,1044
444260,973,1041
444261,973,1041
444262,973,1039
444263,974,1043
444264,976,1040
444265,973,1041
444266,972,1042
444267,973,1041
444268,979,1043
444269,983,1041
444270,987,1037
444271,987,1038
444272,985,1038
444273,979,1040
444274,980,1042
444275,984,1044
444276,983,1040
444277,984,1039
444278,979,1038
444279,979,1043
444280,982,1043
444281,984,1041
444282,985,1039
444283,985,1041
444284,982,1042
444285,982,1039
444286,984,1037
444287,991,1039
444288,1001,1036
444289,1010,1028
444290,1019,1026
444291,1029,1025
444292,1043,1029
444293,1064,1028
444294,1096,1017
444295,1129,1005
444296,1164,990
444297,1199,990
444298,1234,995
444299,1273,1003
444300,1294,1020
444301,1295,1038
444302,1269,1052
444303,1222,1054
444304,1167,1058
444305,1110,1072
444306,1059,1088
444307,1007,1097
444308,968,1104
444309,953,1109
444310,956,1105
444311,968,1093
444312,978,1076
444313,980,1064
444314,979,1055
444315,979,1052
444316,978,1047
444317,975,1045
444318,972,1045
444319,968,1044
444320,967,1043
444321,965,1040
444322,962,1039
444323,960,1045
444324,965,1045
444325,964,1037
444326,965,1033
444327,965,1034
444328,968,1038
444329,971,1042
444330,973,1042
444331,971,1039
444332,963,1036
444333,958,1036
444334,962,1042
444335,964,1043
444336,966,1040
444337,963,1039
444338,958,1034
444339,955,1034
444340,958,1036
444341,964,1039
444342,963,1043
444343,961,1045
444344,955,1039
444345,956,1034
444346,960,1032
444347,962,1035
444348,962,1035
444349,962,1037
444350,960,1035
444351,955,1037
444352,957,1039
444353,957,1041
444354,958,1034
444355,958,1037
444356,955,1032
444357,955,1032
444358,954,1029
444359,956,1029
444360,959,1027
444361,959,1026
444362,955,1026
444363,956,1025
444364,960,1029
444365,966,1030
444366,968,1026
444367,967,1020
444368,965,1013
444369,966,1016
444370,969,1019
444371,970,1020
444372,969,1016
444373,967,1012
444374,968,1008
444375,972,1006
444376,977,1005
444377,983,1006
444378,986,1005
444379,987,1001
444380,985,993
444381,984,997
444382,987,999
444383,991,999
444384,990,995
444385,992,988
444386,990,986
444387,989,988
444388,987,989
444389,992,992
444390,998,993
444391,998,990
444392,993,990
444393,991,988
444394,991,988
444395,996,989
444396,999,991
444397,999,988
444398,993,987
444399,996,988
444400,999,991
444401,1000,997
444402,1007,999
444403,1003,999
444404,1000,1000
444405,994,999
444406,997,1000
444407,999,1002
444408,1004,1005
444409,999,1004
444410,997,1007
444411,998,1012
444412,1000,1014
444413,999,1020
444414,998,1021
444415,994,1021
444416,989,1019
444417,986,1019
444418,986,1021
444419,986,1026
444420,984,1029
444421,984,1029
444422,979,1027
444423,980,1030
444424,979,1033
444425,980,1036
444426,981,1033
444427,978,1034
444428,977,1033
444429,975,1035
444430,977,1037
444431,976,1039
444432,978,1042
444433,977,1043
444434,974,1041
444435,971,1044
444436,970,1044
444437,974,1051
444438,974,1050
444439,974,1048
444440,970,1048
444441,971,1048
444442,973,1049
444443,973,1047
444444,973,1043
444445,974,1043
444446,965,1042
444447,964,1043
444448,966,1047
444449,975,1051
444450,979,1045
444451,981,1047
444452,979,1040
444453,976,1040
444454,981,1040
444455,982,1042
444456,982,1042
444457,980,1038
444458,978,1036
444459,976,1039
444460,982,1040
444461,983,1045
444462,983,1042
444463,982,1040
444464,980,1034
444465,980,1031
444466,981,1036
444467,984,1037
444468,985,1038
444469,985,1039
444470,980,1036
444471,977,1039
444472,981,1039
444473,981,1041
444474,984,1040
444475,981,1037
444476,981,1035
444477,981,1036
444478,980,1037
444479,982,1037
444480,985,1036
444481,984,1037
444482,982,1035
444483,978,1036
444484,980,1034
444485,982,1035
444486,981,1038
444487,980,1038
444488,975,1035
444489,974,1039
444490,976,1040
444491,979,1045
444492,981,1044
444493,980,1040
444494,979,1038
444495,977,1038
444496,974,1042
444497,974,1046
444498,979,1045
444499,975,1042
444500,973,1040
444501,972,1041
444502,973,1041
444503,979,1046
444504,979,1047
444505,975,1045
444506,972,1045
444507,969,1044
444508,969,1046
444509,972,1044
444510,975,1043
444511,975,1040
444512,974,1035
444513,972,1040
444514,975,1042
444515,976,1045
444516,976,1044
444517,975,1041
444518,974,1039
444519,974,1038
444520,977,1041
444521,978,1042
444522,979,1042
444523,979,1041
444524,978,1038
444525,976,1040
444526,979,1042
444527,978,1041
444528,977,1043
444529,974,1040
444530,972,1041
444531,969,1042
444532,971,1043
444533,969,1045
444534,971,1042
444535,970,1039
444536,969,1039
444537,970,1037
444538,969,1038
444539,972,1039
444540,975,1041
444541,973,1038
444542,975,1037
444543,975,1037
444544,977,1039
444545,977,1041
444546,980,1044
444547,981,1045
444548,977,1042
444549,977,1042
444550,979,1045
444551,981,1049
444552,982,1050
444553,981,1045
444554,979,1041
444555,981,1041
444556,983,1044
444557,986,1046
444558,988,1044
444559,987,1043
444560,985,1042
444561,985,1042
444562,986,1043
444563,988,1045
444564,991,1044
444565,990,1040
444566,990,1033
444567,997,1033
444568,1006,1032
444569,1018,1033
444570,1031,1028
444571,1046,1023
444572,1063,1018
444573,1087,1012
444574,1118,1002
444575,1154,990
444576,1187,986
444577,1221,988
444578,1248,1000
444579,1263,1026
444580,1266,1044
444581,1248,1052
444582,1207,1051
444583,1160,1058
444584,1106,1070
444585,1053,1082
444586,1016,1092
444587,992,1096
444588,985,1089
444589,986,1075
444590,984,1060
444591,986,1048
444592,990,1049
444593,989,1051
444594,986,1047
444595,982,1045
444596,976,1038
444597,973,1040
444598,972,1042
444599,972,1046
444600,971,1046
444601,968,1046
444602,964,1042
444603,961,1042
444604,965,1045
444605,967,1048
444606,969,1044
444607,962,1043
444608,959,1040
444609,958,1044
444610,956,1045
444611,959,1048
444612,960,1047
444613,959,1046
444614,955,1043
444615,957,1044
444616,961,1046
444617,961,1049
444618,965,1042
444619,965,1041
444620,961,1041
444621,963,1039
444622,963,1039
444623,965,1040
444624,968,1039
444625,963,1037
444626,962,1035
444627,961,1038
444628,961,1039
444629,962,1040
444630,965,1039
444631,965,1037
444632,959,1034
444633,957,1033
444634,962,1034
444635,965,1037
444636,967,1035
444637,967,1033
444638,965,1032
444639,966,1030
444640,966,1030
444641,966,1032
444642,970,1031
444643,967,1029
444644,967,1025
444645,966,1027
444646,965,1029
444647,967,1028
444648,970,1025
444649,969,1020
444650,967,1016
444651,969,1015
444652,973,1017
444653,980,1020
444654,986,1017
444655,984,1014
444656,983,1008
444657,985,1011
444658,986,1011
444659,991,1008
444660,993,1011
444661,995,1008
444662,995,1001
444663,995,1000
444664,995,1004
444665,995,1006
444666,996,1003
444667,997,999
444668,995,999
444669,993,1000
444670,998,1001
444671,1000,1004
444672,1004,999
444673,1004,995
444674,1002,993
444675,1002,996
444676,1003,1001
444677,1004,1002
444678,1004,1004
444679,1005,1005
444680,1002,1004
444681,999,1006
444682,999,1012
444683,1002,1014
444684,1000,1016
444685,998,1021
444686,994,1018
444687,988,1024
444688,987,1025
444689,990,1029
444690,990,1028
444691,988,1030
444692,984,1030
444693,983,1036
444694,986,1038
444695,986,1042
444696,986,1042
444697,983,1041
444698,980,1034
444699,980,1040
444700,979,1042
444701,981,1045
444702,982,1045
444703,984,1041
444704,981,1042
444705,979,1042
444706,981,1045
444707,983,1047
444708,986,1048
444709,982,1046
444710,984,1045
444711,985,1042
444712,987,1045
444713,993,1046
444714,996,1043
444715,996,1037
444716,998,1035
444717,1000,1039
444718,1007,1044
444719,1013,1049
444720,1018,1051
444721,1018,1050
444722,1019,1053
444723,1029,1052
444724,1036,1051
444725,1048,1045
444726,1060,1029
444727,1072,1012
444728,1079,994
444729,1092,983
444730,1109,972
444731,1127,958
444732,1143,940
444733,1158,919
444734,1171,894
444735,1189,871
444736,1206,852
444737,1225,839
444738,1238,822
444739,1248,807
444740,1248,799
444741,1250,799
444742,1250,804
444743,1251,803
444744,1244,801
444745,1237,796
444746,1225,795
444747,1207,794
444748,1193,802
444749,1176,813
444750,1159,819
444751,1140,828
444752,1117,835
444753,1097,847
444754,1080,866
444755,1074,888
444756,1068,903
444757,1064,921
444758,1058,934
444759,1055,947
444760,1056,959
444761,1057,974
444762,1061,981
444763,1068,987
444764,1072,995
444765,1077,1001
444766,1079,1002
444767,1072,1007
444768,1053,1013
444769,1024,1019
444770,989,1028
444771,962,1043
444772,946,1059
444773,936,1077
444774,931,1086
444775,921,1089
444776,913,1087
444777,905,1089
444778,904,1096
444779,903,1099
444780,897,1101
444781,892,1104
444782,887,1103
444783,880,1108
444784,875,1112
444785,876,1115
444786,876,1116
444787,870,1115
444788,866,1114
444789,865,1115
444790,861,1116
444791,865,1118
444792,865,1118
444793,861,1119
444794,855,1119
444795,851,1123
444796,850,1127
444797,852,1128
444798,856,1129
444799,856,1129
444800,852,1127
444801,851,1130
444802,850,1131
444803,853,1137
444804,854,1142
444805,852,1142
444806,852,1140
444807,852,1143
444808,855,1147
444809,856,1152
444810,855,1154
444811,854,1154
444812,849,1154
444813,847,1158
444814,848,1161
444815,853,1164
444816,854,1163
444817,850,1162
444818,850,1166
444819,847,1169
444820,848,1172
444821,856,1174
444822,860,1173
444823,860,1173
444824,858,1170
444825,858,1175
444826,860,1176
444827,866,1179
444828,865,1178
444829,867,1174
444830,866,1171
444831,872,1170
444832,878,1170
444833,881,1171
444834,887,1164
444835,888,1158
444836,889,1149
444837,892,1149
444838,896,1150
444839,902,1149
444840,910,1142
444841,911,1133
444842,913,1126
444843,913,1120
444844,918,1116
444845,922,1112
444846,923,1108
444847,925,1098
444848,922,1090
444849,926,1086
444850,930,1084
444851,936,1085
444852,938,1080
444853,937,1074
444854,934,1069
444855,936,1069
444856,939,1069
444857,944,1068
444858,946,1063
444859,946,1057
444860,944,1052
444861,945,1053
444862,947,1055
444863,949,1055
444864,949,1051
444865,947,1048
444866,945,1046
444867,944,1045
444868,945,1048
444869,950,1052
444870,952,1048
444871,950,1045
444872,949,1043
444873,950,1042
444874,952,1043
444875,955,1047
444876,959,1044
444877,955,1041
444878,955,1040
444879,954,1040
444880,958,1043
444881,959,1043
444882,960,1044
444883,957,1042
444884,955,1039
444885,954,1040
444886,954,1045
444887,956,1046
444888,956,1045
444889,953,1044
444890,951,1041
444891,949,1038
444892,955,1039
444893,962,1041
444894,962,1040
444895,961,1037
444896,958,1032
444897,956,1033
444898,957,1038
444899,958,1040
444900,960,1038
444901,959,1035
444902,956,1028
444903,952,1029
444904,950,1031
444905,954,1037
444906,957,1036
444907,958,1035
444908,954,1036
444909,952,1038
444910,954,1039
444911,960,1039
444912,961,1041
444913,961,1041
444914,961,1041
444915,959,1039
444916,961,1043
444917,961,1044
444918,964,1043
444919,963,1041
444920,959,1037
444921,960,1039
444922,962,1041
444923,964,1043
444924,964,1042
444925,961,1039
444926,956,1034
444927,954,1035
444928,959,1038
444929,959,1042
444930,963,1039
444931,962,1037
444932,959,1036
444933,960,1033
444934,957,1036
444935,958,1037
444936,961,1038
444937,959,1034
444938,960,1028
444939,960,1031
444940,961,1034
444941,961,1037
444942,960,1036
444943,957,1033
444944,955,1027
444945,954,1027
444946,952,1034
444947,955,1036
444948,955,1039
444949,954,1034
444950,953,1029
444951,954,1032
444952,953,1031
444953,956,1036
444954,956,1037
444955,954,1039
444956,953,1036
444957,952,1037
444958,959,1039
444959,962,1039
444960,963,1036
444961,961,1037
444962,955,1035
444963,956,1038
444964,960,1040
444965,964,1043
444966,965,1041
444967,960,1041
444968,955,1035
444969,956,1034
444970,960,1038
444971,963,1040
444972,966,1040
444973,964,1037
444974,964,1034
444975,958,1033
444976,959,1039
444977,959,1041
444978,964,1039
444979,964,1038
444980,962,1036
444981,962,1037
444982,961,1040
444983,963,1040
444984,962,1037
444985,961,1035
444986,960,1034
444987,959,1036
444988,960,1038
444989,961,1043
444990,963,1039
444991,960,1039
444992,960,1036
444993,960,1035
444994,962,1040
444995,963,1041
444996,965,1041
444997,963,1039
444998,960,1036
444999,961,1036
445000,960,1039
445001,965,1041
445002,966,1040
445003,965,1042
445004,964,1040
445005,962,1038
445006,964,1038
445007,966,1042
445008,967,1043
445009,965,1041
445010,965,1038
445011,966,1035
445012,966,1033
445013,971,1035
445014,972,1032
445015,971,1029
445016,968,1028
445017,967,1029
445018,968,1033
445019,972,1037
445020,975,1030
445021,974,1026
445022,977,1018
445023,985,1018
445024,997,1019
445025,1011,1017
445026,1028,1014
445027,1051,1006
445028,1075,995
445029,1107,982
445030,1150,973
445031,1193,977
445032,1231,991
445033,1257,1015
445034,1264,1035
445035,1254,1051
445036,1223,1058
445037,1178,1061
445038,1124,1067
445039,1067,1078
445040,1012,1091
445041,971,1102
445042,956,1109
445043,959,1104
445044,969,1091
445045,971,1076
445046,971,1063
445047,970,1057
445048,971,1049
445049,968,1047
445050,967,1043
445051,965,1039
445052,959,1037
445053,958,1037
445054,960,1039
445055,958,1040
445056,959,1040
445057,962,1037
445058,958,1035
445059,955,1036
445060,958,1038
445061,959,1036
445062,961,1031
445063,958,1023
445064,951,1025
445065,952,1027
445066,953,1031
445067,955,1034
445068,953,1033
445069,954,1030
445070,950,1027
445071,947,1029
445072,950,1033
445073,950,1036
445074,959,1038
445075,957,1036
445076,952,1035
445077,952,1036
445078,953,1042
445079,954,1040
445080,954,1042
445081,952,1040
445082,949,1037
445083,948,1036
445084,947,1037
445085,952,1036
445086,954,1031
445087,954,1029
445088,949,1027
445089,952,1027
445090,953,1028
445091,953,1028
445092,959,1025
445093,958,1020
445094,956,1017
445095,957,1018
445096,960,1019
445097,960,1019
445098,961,1016
445099,957,1011
445100,960,1008
445101,961,1007
445102,963,1009
445103,966,1009
445104,967,1004
445105,967,1001
445106,965,998
445107,962,997
445108,961,996
445109,965,998
445110,971,996
445111,971,992
445112,970,989
445113,970,990
445114,974,991
445115,977,992
445116,978,990
445117,976,989
445118,975,987
445119,975,989
445120,977,989
445121,986,992
445122,987,994
445123,986,991
445124,984,986
445125,984,988
445126,985,991
445127,988,995
445128,993,993
445129,992,991
445130,990,988
445131,989,988
445132,994,992
445133,999,997
445134,1004,997
445135,1003,996
445136,998,998
445137,999,999
445138,998,1004
445139,1002,1007
445140,1001,1010
445141,997,1010
445142,995,1013
445143,996,1015
445144,995,1021
445145,995,1025
445146,995,1024
445147,993,1021
445148,987,1022
445149,987,1024
445150,989,1025
445151,990,1031
445152,990,1031
445153,986,1029
445154,981,1031
445155,982,1033
445156,981,1035
445157,978,1038
445158,982,1036
445159,980,1035
445160,978,1031
445161,978,1034
445162,980,1040
445163,981,1044
445164,981,1042
445165,977,1043
445166,975,1040
445167,972,1039
445168,975,1042
445169,975,1045
445170,978,1044
445171,975,1039
445172,971,1032
445173,975,1034
445174,980,1035
445175,980,1037
445176,984,1036
445177,983,1034
445178,985,1032
445179,986,1033
445180,987,1034
445181,989,1037
445182,990,1037
445183,990,1034
445184,990,1029
445185,990,1028
445186,992,1027
445187,991,1030
445188,994,1029
445189,990,1029
445190,987,1027
445191,988,1028
445192,991,1028
445193,993,1030
445194,994,1030
445195,991,1026
445196,990,1024
445197,990,1026
445198,991,1027
445199,994,1028
445200,995,1025
445201,993,1024
445202,988,1025
445203,986,1026
445204,988,1029
445205,991,1030
445206,992,1030
445207,990,1030
445208,986,1029
445209,984,1032
445210,989,1034
445211,993,1042
445212,994,1040
445213,995,1036
445214,992,1034
445215,989,1033
445216,990,1040
445217,990,1044
445218,991,1043
445219,987,1039
445220,984,1034
445221,983,1035
445222,984,1040
445223,989,1044
445224,987,1043
445225,986,1040
445226,981,1038
445227,980,1036
445228,983,1042
445229,984,1040
445230,985,1043
445231,984,1041
445232,981,1037
445233,980,1038
445234,980,1041
445235,979,1044
445236,983,1041
445237,982,1039
445238,982,1038
445239,982,1038
445240,980,1040
445241,981,1042
445242,982,1038
445243,978,1038
445244,975,1034
445245,976,1037
445246,981,1038
445247,981,1038
445248,986,1038
445249,982,1033
445250,980,1030
445251,982,1028
445252,982,1030
445253,988,1033
445254,985,1036
445255,982,1035
445256,979,1033
445257,977,1034
445258,982,1033
445259,985,1041
445260,993,1040
445261,991,1036
445262,986,1034
445263,982,1035
445264,981,1041
445265,985,1043
445266,985,1041
445267,983,1039
445268,983,1037
445269,984,1036
445270,988,1040
445271,992,1045
445272,992,1044
445273,989,1043
445274,984,1040
445275,985,1042
445276,985,1043
445277,989,1045
445278,991,1046
445279,992,1042
445280,990,1040
445281,991,1042
445282,991,1044
445283,996,1047
445284,993,1047
445285,991,1039
445286,996,1032
445287,999,1027
445288,1009,1025
445289,1027,1025
445290,1042,1023
445291,1059,1015
445292,1083,1008
445293,1113,997
445294,1155,989
445295,1200,983
445296,1245,983
445297,1277,991
445298,1301,1010
445299,1302,1026
445300,1285,1037
445301,1246,1041
445302,1191,1047
445303,1133,1058
445304,1075,1071
445305,1021,1078
445306,986,1084
445307,972,1082
445308,979,1071
445309,984,1055
445310,989,1043
445311,994,1035
445312,995,1032
445313,989,1039
445314,981,1041
445315,975,1041
445316,976,1037
445317,977,1037
445318,979,1038
445319,981,1042
445320,974,1044
445321,971,1043
445322,965,1041
445323,965,1044
445324,964,1044
445325,965,1043
445326,966,1044
445327,966,1044
445328,964,1040
445329,963,1040
445330,966,1043
445331,968,1044
445332,966,1041
445333,964,1037
445334,960,1034
445335,963,1035
445336,962,1038
445337,966,1038
445338,965,1038
445339,963,1034
445340,962,1030
445341,960,1031
445342,961,1036
445343,966,1039
445344,964,1035
445345,966,1035
445346,964,1032
445347,962,1034
445348,963,1038
445349,965,1038
445350,966,1035
445351,966,1034
445352,964,1032
445353,967,1030
445354,971,1035
445355,973,1036
445356,974,1036
445357,975,1032
445358,973,1031
445359,971,1027
445360,974,1028
445361,974,1028
445362,976,1026
445363,976,1026
445364,975,1019
445365,975,1017
445366,978,1020
445367,981,1020
445368,982,1019
445369,979,1014
445370,980,1008
445371,980,1007
445372,983,1008
445373,985,1011
445374,987,1008
445375,985,1005
445376,986,999
445377,988,996
445378,991,998
445379,998,997
445380,999,995
445381,997,994
445382,993,995
445383,999,992
445384,1000,992
445385,1008,993
445386,1009,991
445387,1009,988
445388,1005,987
445389,1004,987
445390,1002,990
445391,1002,998
445392,1000,1004
445393,998,1004
445394,996,1003
445395,1000,1009
445396,999,1013
445397,1000,1015
445398,1000,1013
445399,999,1013
445400,999,1012
445401,997,1014
445402,1000,1021
445403,1003,1023
445404,1003,1023
445405,1001,1024
445406,996,1022
445407,994,1026
445408,993,1030
445409,994,1033
445410,993,1036
445411,990,1034
445412,989,1032
445413,983,1034
445414,986,1038
445415,984,1041
445416,986,1041
445417,984,1040
445418,978,1040
445419,977,1039
445420,983,1042
445421,988,1045
445422,985,1044
445423,986,1042
445424,985,1042
445425,984,1041
445426,988,1044
445427,992,1045
445428,993,1045
445429,992,1041
445430,986,1038
445431,987,1042
445432,993,1044
445433,995,1046
445434,997,1047
445435,991,1044
445436,987,1044
445437,991,1041
445438,996,1042
445439,999,1040
445440,999,1038
445441,994,1035
445442,988,1039
445443,989,1044
445444,996,1043
445445,1001,1042
445446,1002,1038
445447,1003,1033
445448,1005,1033
445449,1004,1036
445450,1011,1036
445451,1011,1041
445452,1013,1042
445453,1014,1045
445454,1012,1045
445455,1017,1046
445456,1031,1044
445457,1047,1038
445458,1062,1021
445459,1072,1001
445460,1080,980
445461,1093,967
445462,1111,953
445463,1132,939
445464,1152,915
445465,1167,892
445466,1180,868
445467,1194,848
445468,1212,835
445469,1228,819
445470,1245,809
445471,1250,797
445472,1252,794
445473,1252,797
445474,1255,799
445475,1257,802
445476,1255,798
445477,1245,798
445478,1229,799
445479,1210,808
445480,1193,819
445481,1172,837
445482,1154,846
445483,1135,856
445484,1120,864
445485,1113,877
445486,1109,890
445487,1100,911
445488,1088,927
445489,1076,941
445490,1067,950
445491,1066,962
445492,1071,968
445493,1085,978
445494,1098,984
445495,1105,982
445496,1109,983
445497,1092,987
445498,1060,994
445499,1017,1007
445500,978,1022
445501,955,1034
445502,939,1050
445503,935,1066
445504,931,1075
445505,931,1083
445506,925,1086
445507,919,1086
445508,913,1083
445509,911,1086
445510,907,1094
445511,906,1103
445512,905,1108
445513,905,1105
445514,903,1105
445515,900,1108
445516,900,1113
445517,903,1116
445518,899,1118
445519,896,1117
445520,892,1118
445521,889,1121
445522,888,1128
445523,890,1130
445524,888,1132
445525,883,1132
445526,876,1131
445527,873,1133
445528,872,1138
445529,876,1144
445530,874,1143
445531,872,1145
445532,869,1148
445533,863,1153
445534,864,1158
445535,867,1163
445536,866,1165
445537,862,1163
445538,862,1163
445539,861,1165
445540,860,1173
445541,861,1179
445542,864,1180
445543,864,1181
445544,862,1183
445545,860,1188
445546,863,1196
445547,865,1202
445548,870,1200
445549,868,1198
445550,868,1197
445551,870,1203
445552,874,1203
445553,879,1203
445554,880,1201
445555,882,1196
445556,883,1193
445557,886,1191
445558,891,1191
445559,894,1190
445560,899,1183
445561,899,1173
445562,897,1167
445563,903,1166
445564,915,1164
445565,925,1159
445566,929,1152
445567,933,1145
445568,934,1137
445569,938,1136
445570,943,1132
445571,949,1126
445572,955,1119
445573,957,1109
445574,959,1101
445575,964,1102
445576,965,1102
445577,967,1101
445578,969,1093
445579,967,1082
445580,967,1071
445581,969,1068
445582,971,1068
445583,972,1068
445584,972,1067
445585,971,1063
445586,969,1060
445587,965,1058
445588,964,1063
445589,969,1064
445590,972,1057
445591,970,1054
445592,968,1051
445593,968,1050
445594,968,1053
445595,971,1054
445596,972,1050
445597,970,1050
445598,969,1045
445599,967,1047
445600,970,1047
445601,972,1047
445602,971,1047
445603,969,1045
445604,964,1043
445605,961,1045
445606,964,1046
445607,968,1049
445608,969,1045
445609,968,1042
445610,968,1039
445611,969,1044
445612,971,1047
445613,974,1048
445614,974,1047
445615,972,1042
445616,968,1042
445617,971,1041
445618,975,1045
445619,981,1045
445620,982,1044
445621,979,1041
445622,976,1041
445623,976,1041
445624,977,1043
445625,984,1047
445626,981,1045
445627,975,1043
445628,974,1035
445629,975,1035
445630,979,1039
445631,983,1042
445632,982,1038
445633,980,1034
445634,977,1030
445635,978,1034
445636,976,1039
445637,982,1037
445638,982,1037
445639,980,1031
445640,976,1029
445641,977,1033
445642,980,1036
445643,984,1035
445644,984,1032
445645,986,1031
445646,981,1029
445647,978,1032
445648,979,1035
445649,981,1038
445650,981,1037
445651,977,1031
445652,977,1027
445653,982,1029
445654,987,1034
445655,985,1037
445656,983,1035
445657,979,1031
445658,977,1030
445659,978,1032
445660,977,1036
445661,980,1037
445662,982,1033
445663,982,1031
445664,976,1031
445665,979,1034
445666,982,1037
445667,980,1038
445668,981,1037
445669,977,1036
445670,979,1033
445671,982,1034
445672,981,1036
445673,981,1039
445674,979,1034
445675,977,1035
445676,977,1031
445677,977,1034
445678,977,1036
445679,984,1035
445680,981,1029
445681,979,1024
445682,973,1024
445683,975,1027
445684,979,1034
445685,982,1036
445686,982,1034
445687,983,1032
445688,982,1031
445689,981,1032
445690,984,1033
445691,983,1034
445692,980,1035
445693,977,1032
445694,975,1032
445695,976,1034
445696,978,1034
445697,979,1034
445698,980,1033
445699,980,1032
445700,980,1026
445701,982,1029
445702,982,1031
445703,984,1030
445704,983,1027
445705,979,1027
445706,974,1027
445707,973,1033
445708,976,1032
445709,982,1033
445710,984,1029
445711,981,1030
445712,979,1031
445713,980,1034
445714,983,1037
445715,987,1038
445716,988,1037
445717,988,1033
445718,987,1033
445719,983,1029
445720,984,1027
445721,986,1026
445722,986,1026
445723,987,1023
445724,983,1023
445725,983,1024
445726,987,1024
445727,985,1025
445728,987,1026
445729,987,1024
445730,985,1023
445731,981,1024
445732,982,1026
445733,987,1030
445734,988,1030
445735,991,1026
445736,989,1023
445737,987,1025
445738,983,1027
445739,987,1030
445740,993,1030
445741,992,1027
445742,990,1024
445743,987,1025
445744,985,1025
445745,987,1030
445746,990,1028
445747,989,1031
445748,987,1026
445749,985,1030
445750,988,1034
445751,992,1033
445752,994,1034
445753,995,1031
445754,994,1029
445755,996,1028
445756,998,1031
445757,1001,1033
445758,1001,1027
445759,1001,1021
445760,1001,1016
445761,1001,1012
445762,1007,1014
445763,1020,1011
445764,1034,1008
445765,1051,1001
445766,1071,997
445767,1096,990
445768,1128,982
445769,1162,973
445770,1203,967
445771,1245,970
445772,1276,982
445773,1298,1006
445774,1297,1026
445775,1274,1035
445776,1229,1035
445777,1168,1039
445778,1111,1048
445779,1056,1063
445780,1007,1079
445781,982,1085
445782,977,1082
445783,980,1067
445784,986,1051
445785,989,1044
445786,995,1038
445787,995,1037
445788,993,1032
445789,990,1026
445790,985,1027
445791,978,1028
445792,978,1031
445793,975,1032
445794,977,1032
445795,977,1029
445796,972,1027
445797,972,1029
445798,971,1030
445799,974,1034
445800,973,1027
445801,970,1024
445802,962,1023
445803,965,1019
445804,969,1021
445805,972,1023
445806,975,1022
445807,970,1022
445808,975,1017
445809,975,1021
445810,975,1022
445811,974,1022
445812,974,1024
445813,974,1024
445814,972,1019
445815,973,1021
445816,975,1021
445817,977,1025
445818,977,1025
445819,975,1019
445820,971,1018
445821,971,1017
445822,975,1019
445823,977,1022
445824,977,1020
445825,974,1019
445826,973,1015
445827,974,1014
445828,978,1014
445829,980,1015
445830,978,1014
445831,974,1013
445832,972,1013
445833,973,1013
445834,973,1012
445835,981,1015
445836,981,1011
445837,983,1009
445838,980,1008
445839,981,1009
445840,981,1008
445841,983,1007
445842,985,1003
445843,985,1002
445844,983,997
445845,984,994
445846,987,995
445847,993,999
445848,993,997
445849,990,990
445850,985,984
445851,985,985
445852,992,985
445853,1000,987
445854,999,983
445855,1001,980
445856,999,979
445857,1000,981
445858,1002,983
445859,1006,984
445860,1009,980
445861,1010,975
445862,1008,970
445863,1007,974
445864,1010,977
445865,1014,981
445866,1013,978
445867,1013,976
445868,1013,974
445869,1013,979
445870,1018,982
445871,1023,987
445872,1023,986
445873,1023,985
445874,1019,984
445875,1016,986
445876,1018,988
445877,1024,992
445878,1024,995
445879,1022,993
445880,1018,992
445881,1015,996
445882,1018,1001
445883,1023,1004
445884,1025,1007
445885,1024,1003
445886,1011,1009
445887,1000,1018
445888,991,1024
445889,988,1031
445890,989,1031
445891,988,1026
445892,988,1024
445893,989,1027
445894,992,1029
445895,993,1029
445896,992,1025
445897,991,1025
445898,990,1022
445899,989,1025
445900,985,1029
445901,988,1031
445902,990,1029
445903,992,1029
445904,989,1024
445905,990,1026
445906,987,1030
445907,990,1032
445908,989,1033
445909,987,1030
445910,982,1029
445911,981,1028
445912,986,1027
445913,992,1028
445914,998,1026
445915,996,1023
445916,991,1021
445917,992,1022
445918,994,1026
445919,994,1025
445920,998,1025
445921,998,1024
445922,995,1023
445923,997,1022
445924,1000,1025
445925,1003,1026
445926,1002,1028
445927,995,1024
445928,994,1024
445929,993,1025
445930,996,1029
445931,1000,1029
445932,999,1026
445933,998,1023
445934,997,1022
445935,995,1024
445936,996,1027
445937,999,1027
445938,999,1025
445939,996,1026
445940,996,1022
445941,998,1024
445942,1002,1028
445943,1002,1027
445944,1000,1025
445945,998,1019
445946,993,1019
445947,992,1024
445948,990,1027
445949,995,1030
445950,995,1028
445951,994,1030
445952,989,1026
445953,995,1028
445954,1001,1028
445955,1004,1029
445956,1001,1024
445957,999,1023
445958,993,1024
445959,992,1028
445960,995,1031
445961,999,1034
445962,1001,1031
445963,997,1027
445964,992,1024
445965,990,1030
445966,994,1032
445967,994,1034
445968,992,1032
445969,991,1026
445970,990,1023
445971,990,1023
445972,994,1023
445973,996,1026
445974,997,1025
445975,991,1024
445976,989,1024
445977,987,1027
445978,990,1027
445979,990,1031
445980,995,1031
445981,994,1031
445982,991,1032
445983,989,1035
445984,991,1031
445985,992,1033
445986,994,1030
445987,989,1030
445988,988,1026
445989,984,1029
445990,987,1031
445991,990,1031
445992,991,1029
445993,992,1027
445994,987,1028
445995,986,1030
445996,986,1035
445997,989,1037
445998,994,1037
445999,994,1033
446000,991,1030
446001,992,1033
446002,996,1033
446003,996,1037
446004,994,1035
446005,994,1031
446006,990,1034
446007,991,1037
446008,995,1036
446009,996,1039
446010,999,1038
446011,997,1031
446012,997,1029
446013,996,1030
446014,995,1035
446015,999,1036
446016,997,1031
446017,992,1031
446018,989,1029
446019,988,1031
446020,990,1032
446021,994,1032
446022,994,1033
446023,993,1030
446024,990,1025
446025,991,1028
446026,990,1031
446027,990,1033
446028,989,1030
446029,987,1029
446030,985,1029
446031,987,1032
446032,992,1036
446033,996,1038
446034,993,1037
446035,993,1032
446036,989,1033
446037,988,1033
446038,989,1038
446039,989,1041
446040,990,1040
446041,988,1036
446042,984,1032
446043,984,1031
446044,988,1037
446045,992,1037
446046,991,1038
446047,987,1035
446048,986,1034
446049,989,1036
446050,993,1039
446051,998,1039
446052,998,1037
446053,995,1035
446054,992,1032
446055,992,1033
446056,997,1033
446057,1002,1029
446058,1001,1031
446059,999,1026
446060,997,1028
446061,997,1029
446062,996,1035
446063,999,1035
446064,999,1033
446065,1000,1030
446066,999,1028
446067,999,1030
446068,1004,1034
446069,1006,1035
446070,1003,1031
446071,1002,1026
446072,996,1026
446073,994,1027
446074,997,1031
446075,1001,1032
446076,995,1032
446077,994,1030
446078,990,1031
446079,990,1033
446080,992,1037
446081,995,1040
446082,996,1038
446083,997,1036
446084,992,1034
446085,993,1037
446086,991,1037
446087,994,1037
446088,995,1034
446089,994,1032
446090,993,1031
446091,993,1035
446092,995,1037
446093,996,1035
446094,996,1032
446095,995,1031
446096,988,1032
446097,992,1032
446098,995,1034
446099,999,1037
446100,1000,1037
446101,999,1034
446102,990,1032
446103,993,1031
446104,997,1034
446105,998,1033
446106,1000,1036
446107,1000,1033
446108,998,1036
446109,999,1035
446110,1002,1037
446111,1004,1037
446112,1004,1037
446113,1002,1036
446114,997,1033
446115,996,1037
446116,1001,1040
446117,1001,1038
446118,1001,1035
446119,1001,1035
446120,999,1033
446121,1000,1035
446122,1000,1033
446123,1004,1035
446124,1002,1036
446125,1004,1034
446126,1001,1035
446127,999,1038
446128,1000,1040
446129,1004,1038
446130,1004,1036
446131,995,1033
446132,993,1031
446133,995,1035
446134,997,1035
446135,999,1036
446136,998,1037
446137,998,1036
446138,993,1032
446139,993,1033
446140,991,1033
446141,1001,1034
446142,1001,1031
446143,1000,1029
446144,998,1031
446145,996,1033
446146,998,1036
446147,999,1035
446148,999,1033
446149,996,1027
446150,997,1029
446151,998,1031
446152,1001,1037
446153,1003,1038
446154,1005,1034
446155,1003,1030
446156,997,1029
446157,998,1030
446158,1005,1035
446159,1006,1036
446160,1010,1035
446161,1009,1029
446162,1007,1027
446163,1007,1031
446164,1010,1032
446165,1010,1032
446166,1009,1033
446167,1006,1031
446168,1004,1033
446169,1003,1035
446170,1005,1036
446171,1009,1034
446172,1007,1035
446173,1002,1030
446174,1002,1031
446175,1001,1033
446176,1003,1036
446177,1007,1037
446178,1008,1033
446179,1010,1030
446180,1007,1028
446181,1008,1029
446182,1007,1033
446183,1010,1032
446184,1009,1025
446185,1010,1022
446186,1006,1018
446187,1011,1019
446188,1028,1021
446189,1042,1020
446190,1062,1015
446191,1075,1008
446192,1094,1005
446193,1126,1000
446194,1161,990
446195,1204,978
446196,1240,969
446197,1274,970
446198,1301,978
446199,1322,997
446200,1318,1014
446201,1297,1026
446202,1252,1027
446203,1199,1033
446204,1142,1041
446205,1090,1054
446206,1044,1062
446207,1018,1065
446208,1008,1060
446209,1007,1052
446210,1010,1040
446211,1015,1036
446212,1016,1033
446213,1017,1034
446214,1008,1028
446215,1001,1026
446216,994,1026
446217,992,1031
446218,993,1035
446219,991,1034
446220,988,1033
446221,986,1030
446222,984,1030
446223,980,1033
446224,984,1034
446225,984,1041
446226,981,1038
446227,982,1036
446228,977,1036
446229,977,1036
446230,979,1036
446231,983,1035
446232,981,1032
446233,979,1031
446234,974,1030
446235,976,1032
446236,976,1037
446237,980,1038
446238,978,1034
446239,976,1032
446240,975,1032
446241,976,1033
446242,979,1035
446243,982,1037
446244,978,1036
446245,977,1033
446246,978,1036
446247,980,1037
446248,983,1039
446249,986,1039
446250,988,1039
446251,988,1035
446252,986,1034
446253,984,1031
446254,987,1034
446255,989,1037
446256,987,1038
446257,984,1032
446258,982,1031
446259,982,1035
446260,985,1036
446261,991,1039
446262,993,1036
446263,989,1034
446264,986,1032
446265,986,1030
446266,989,1025
446267,993,1023
446268,994,1022
446269,991,1017
446270,988,1015
446271,991,1014
446272,991,1017
446273,998,1016
446274,996,1015
446275,996,1012
446276,992,1009
446277,994,1010
446278,996,1012
446279,995,1012
446280,996,1008
446281,995,1004
446282,994,1001
446283,995,1001
446284,999,1002
446285,1002,1003
446286,1002,1002
446287,998,1000
446288,997,996
446289,996,998
446290,997,999
446291,1002,999
446292,1004,994
446293,1005,994
446294,1009,993
446295,1010,999
446296,1012,1000
446297,1018,1003
446298,1018,1002
446299,1017,997
446300,1013,994
446301,1016,997
446302,1022,1002
446303,1025,1004
446304,1027,1004
446305,1023,1002
446306,1021,1003
446307,1023,1006
446308,1023,1010
446309,1025,1009
446310,1024,1007
446311,1022,1008
446312,1018,1008
446313,1017,1013
446314,1018,1016
446315,1019,1021
446316,1017,1018
446317,1013,1017
446318,1009,1014
446319,1010,1019
446320,1012,1023
446321,1011,1022
446322,1010,1023
446323,1004,1024
446324,1002,1023
446325,1001,1023
446326,1004,1024
446327,1006,1028
446328,1001,1029
446329,999,1029
446330,993,1031
446331,994,1031
446332,992,1033
446333,994,1035
446334,994,1036
446335,993,1032
446336,989,1032
446337,991,1036
446338,991,1037
446339,995,1041
446340,995,1038
446341,991,1036
446342,987,1037
446343,987,1037
446344,986,1037
446345,992,1038
446346,993,1036
446347,991,1033
446348,991,1033
446349,994,1036
446350,997,1042
446351,997,1040
446352,994,1041
446353,993,1040
446354,991,1036
446355,991,1038
446356,997,1039
446357,1001,1040
446358,998,1038
446359,999,1034
446360,995,1032
446361,997,1032
446362,1000,1032
446363,1004,1031
446364,1003,1031
446365,1001,1029
446366,999,1027
446367,1000,1025
446368,1002,1030
446369,1003,1030
446370,1003,1026
446371,999,1025
446372,999,1024
446373,1000,1026
446374,1001,1024
446375,1004,1025
446376,1001,1023
446377,998,1021
446378,997,1020
446379,997,1019
446380,1001,1022
446381,1004,1024
446382,1001,1023
446383,997,1023
446384,994,1024
446385,995,1026
446386,1001,1028
446387,1001,1027
446388,999,1030
446389,1000,1026
446390,997,1025
446391,998,1025
446392,1000,1028
446393,1000,1027
446394,999,1028
446395,995,1031
446396,993,1030
446397,995,1031
446398,997,1036
446399,1000,1036
446400,999,1035
446401,993,1034
446402,990,1033
446403,992,1036
446404,992,1042
446405,995,1043
446406,992,1038
446407,993,1036
446408,991,1033
446409,992,1034
446410,995,1034
446411,998,1036
446412,998,1037
446413,993,1034
446414,993,1034
446415,990,1037
446416,991,1038
446417,994,1035
446418,996,1031
446419,993,1030
446420,992,1026
446421,992,1027
446422,994,1027
446423,996,1029
446424,996,1027
446425,993,1029
446426,991,1027
446427,994,1030
446428,996,1033
446429,997,1035
446430,995,1030
446431,991,1028
446432,986,1027
446433,987,1029
446434,991,1030
446435,995,1034
446436,990,1033
446437,990,1031
446438,988,1029
446439,991,1032
446440,995,1036
446441,996,1033
446442,992,1030
446443,990,1027
446444,991,1025
446445,988,1029
446446,990,1032
446447,995,1033
446448,996,1028
446449,997,1020
446450,997,1016
446451,999,1015
446452,1008,1016
446453,1020,1014
446454,1031,1010
446455,1045,1007
446456,1064,1002
446457,1091,995
446458,1125,985
446459,1166,975
446460,1206,969
446461,1240,974
446462,1266,992
446463,1283,1017
446464,1279,1037
446465,1254,1039
446466,1207,1037
446467,1150,1042
446468,1090,1056
446469,1039,1075
446470,995,1088
446471,978,1098
446472,971,1098
446473,974,1091
446474,977,1079
446475,982,1066
446476,986,1059
446477,994,1051
446478,993,1045
446479,986,1035
446480,986,1031
446481,984,1030
446482,985,1032
446483,985,1032
446484,981,1032
446485,974,1032
446486,969,1033
446487,965,1033
446488,966,1034
446489,970,1033
446490,971,1028
446491,971,1023
446492,967,1021
446493,970,1017
446494,971,1024
446495,972,1025
446496,969,1023
446497,970,1022
446498,971,1021
446499,968,1025
446500,967,1031
446501,969,1031
446502,972,1028
446503,968,1025
446504,964,1023
446505,962,1027
446506,965,1030
446507,966,1033
446508,967,1030
446509,966,1029
446510,963,1030
446511,964,1031
446512,965,1032
446513,972,1032
446514,971,1027
446515,967,1027
446516,967,1023
446517,966,1027
446518,969,1028
446519,972,1029
446520,972,1025
446521,967,1021
446522,965,1018
446523,965,1016
446524,970,1015
446525,973,1014
446526,973,1010
446527,973,1006
446528,968,1008
446529,965,1012
446530,967,1016
446531,971,1015
446532,973,1011
446533,974,1008
446534,972,1007
446535,974,1009
446536,978,1010
446537,983,1005
446538,984,1003
446539,982,997
446540,981,995
446541,984,994
446542,988,994
446543,993,993
446544,992,987
446545,992,982
446546,988,981
446547,992,984
446548,996,984
446549,999,984
446550,997,980
446551,994,979
446552,998,978
446553,1000,979
446554,1003,976
446555,1009,973
446556,1002,972
446557,1001,969
446558,1001,968
446559,1001,974
446560,1005,976
446561,1008,977
446562,1010,976
446563,1008,972
446564,1009,969
446565,1011,974
446566,1013,975
446567,1015,973
446568,1014,975
446569,1013,973
446570,1010,976
446571,1005,977
446572,1003,981
446573,1007,986
446574,1004,986
446575,1000,988
446576,1002,992
446577,1002,996
446578,1006,1003
446579,1008,1008
446580,1003,1007
446581,999,1006
446582,994,1007
446583,992,1012
446584,991,1018
446585,994,1020
446586,995,1022
446587,992,1021
446588,988,1021
446589,987,1024
446590,984,1027
446591,986,1031
446592,986,1028
446593,983,1024
446594,985,1026
446595,984,1030
446596,986,1034
446597,984,1035
446598,982,1035
446599,981,1036
446600,980,1039
446601,982,1044
446602,984,1044
446603,984,1045
446604,984,1037
446605,980,1037
446606,982,1038
446607,981,1042
446608,986,1043
446609,986,1041
446610,982,1040
446611,977,1037
446612,978,1037
446613,980,1034
446614,982,1033
446615,985,1035
446616,982,1035
446617,978,1034
446618,978,1031
446619,978,1034
446620,982,1035
446621,986,1033
446622,985,1034
446623,984,1032
446624,979,1031
446625,977,1032
446626,984,1035
446627,987,1035
446628,985,1032
446629,983,1032
446630,977,1033
446631,981,1030
446632,982,1027
446633,988,1029
446634,983,1026
446635,981,1026
446636,980,1025
446637,981,1029
446638,984,1030
446639,989,1029
446640,988,1025
446641,983,1022
446642,982,1021
446643,983,1027
446644,984,1027
446645,987,1028
446646,988,1028
446647,988,1027
446648,986,1027
446649,985,1029
446650,990,1028
446651,992,1029
446652,989,1028
446653,988,1024
446654,987,1025
446655,986,1030
446656,985,1031
446657,992,1033
446658,990,1033
446659,985,1031
446660,983,1031
446661,984,1034
446662,988,1037
446663,989,1035
446664,987,1035
446665,987,1033
446666,983,1032
446667,982,1034
446668,984,1035
446669,989,1037
446670,987,1036
446671,986,1033
446672,982,1030
446673,985,1035
446674,987,1038
446675,993,1038
446676,992,1037
446677,990,1036
446678,988,1036
446679,990,1036
446680,994,1035
446681,995,1034
446682,994,1034
446683,991,1032
446684,988,1031
446685,988,1035
446686,992,1034
446687,993,1034
446688,993,1033
446689,990,1030
446690,988,1031
446691,988,1034
446692,992,1035
446693,993,1035
446694,993,1035
446695,988,1030
446696,990,1030
446697,991,1033
446698,991,1038
446699,994,1036
446700,990,1034
446701,989,1032
446702,988,1033
446703,986,1034
446704,986,1034
446705,991,1037
446706,991,1035
446707,989,1032
446708,986,1034
446709,988,1037
446710,990,1041
446711,993,1043
446712,993,1040
446713,991,1038
446714,992,1032
446715,992,1032
446716,1000,1030
446717,1008,1029
446718,1015,1026
446719,1022,1019
446720,1031,1012
446721,1049,1008
446722,1070,1008
446723,1102,997
446724,1124,983
446725,1158,971
446726,1193,967
446727,1227,973
446728,1262,990
446729,1286,1014
446730,1290,1035
446731,1268,1041
446732,1228,1038
446733,1180,1044
446734,1128,1057
446735,1075,1075
446736,1018,1086
446737,981,1091
446738,965,1092
446739,970,1089
446740,982,1078
446741,991,1064
446742,994,1053
446743,994,1039
446744,990,1031
446745,988,1031
446746,985,1033
446747,986,1034
446748,984,1031
446749,980,1029
446750,971,1028
446751,969,1032
446752,970,1033
446753,974,1035
446754,975,1034
446755,973,1035
446756,971,1036
446757,972,1038
446758,972,1041
446759,975,1038
446760,972,1038
446761,968,1035
446762,968,1035
446763,966,1036
446764,968,1036
446765,971,1040
446766,971,1036
446767,970,1036
446768,969,1035
446769,969,1038
446770,970,1040
446771,975,1038
446772,974,1034
446773,973,1031
446774,967,1032
446775,972,1035
446776,974,1034
446777,977,1035
446778,976,1032
446779,970,1028
446780,969,1027
446781,969,1030
446782,973,1029
446783,978,1029
446784,977,1027
446785,974,1022
446786,972,1024
446787,970,1023
446788,974,1027
446789,976,1024
446790,977,1021
446791,974,1015
446792,972,1018
446793,973,1021
446794,974,1021
446795,976,1019
446796,978,1017
446797,977,1015
446798,977,1014
446799,979,1015
446800,981,1015
446801,989,1014
446802,992,1016
446803,989,1011
446804,988,1011
446805,991,1012
446806,994,1009
446807,1001,1001
446808,999,994
446809,998,987
446810,995,985
446811,994,982
446812,998,984
446813,1002,983
446814,1003,982
446815,1002,977
446816,1002,976
446817,1002,979
446818,1005,984
446819,1012,982
446820,1011,982
446821,1009,978
446822,1000,978
446823,1004,980
446824,1007,980
446825,1009,977
446826,1009,979
446827,1009,977
446828,1009,978
446829,1009,980
446830,1012,985
446831,1015,991
446832,1012,989
446833,1008,989
446834,1004,992
446835,1005,1000
446836,1008,1000
446837,1008,1006
446838,1005,1010
446839,1004,1007
446840,998,1007
446841,999,1013
446842,998,1014
446843,998,1019
446844,995,1019
446845,991,1021
446846,989,1024
446847,993,1031
446848,992,1038
446849,992,1042
446850,990,1043
446851,989,1044
446852,984,1046
446853,984,1050
446854,985,1051
446855,987,1053
446856,989,1049
446857,986,1047
446858,985,1045
446859,984,1048
446860,986,1050
446861,987,1050
446862,988,1048
446863,986,1043
446864,983,1042
446865,985,1042
446866,990,1046
446867,993,1046
446868,992,1045
446869,992,1038
446870,990,1038
446871,991,1039
446872,993,1042
446873,997,1041
446874,996,1036
446875,996,1038
446876,993,1036
446877,994,1038
446878,995,1041
446879,999,1040
446880,999,1037
446881,996,1034
446882,994,1037
446883,993,1037
446884,998,1040
446885,1001,1037
446886,998,1035
446887,998,1031
446888,996,1032
446889,998,1037
446890,999,1039
446891,1000,1040
446892,997,1040
446893,995,1040
446894,991,1040
446895,993,1043
446896,994,1043
446897,997,1042
446898,994,1040
446899,992,1039
446900,990,1041
446901,992,1043
446902,996,1043
446903,1001,1040
446904,998,1040
446905,997,1038
446906,992,1036
446907,993,1038
446908,995,1039
446909,999,1040
446910,999,1039
446911,996,1034
446912,996,1032
446913,997,1033
446914,999,1035
446915,1002,1034
446916,1002,1034
446917,998,1030
446918,999,1034
446919,999,1034
446920,1002,1036
446921,1003,1039
446922,1000,1036
446923,997,1033
446924,995,1033
446925,996,1035
446926,997,1039
446927,1002,1039
446928,1000,1035
446929,998,1033
446930,994,1035
446931,995,1038
446932,997,1041
446933,998,1041
446934,999,1038
446935,993,1036
446936,992,1037
446937,992,1040
446938,999,1044
446939,1000,1046
446940,998,1043
446941,997,1038
446942,993,1036
446943,992,1040
446944,992,1042
446945,997,1039
446946,992,1036
446947,989,1033
446948,986,1033
446949,988,1037
446950,992,1038
446951,996,1039
446952,995,1038
446953,994,1037
446954,989,1040
446955,992,1043
446956,992,1044
446957,996,1045
446958,992,1041
446959,991,1039
446960,990,1039
446961,995,1041
446962,997,1040
446963,999,1041
446964,999,1043
446965,998,1039
446966,995,1039
446967,997,1039
446968,1000,1042
446969,1003,1043
446970,1001,1044
446971,998,1042
446972,996,1043
446973,998,1043
446974,996,1042
446975,997,1039
446976,998,1040
446977,995,1041
446978,990,1041
446979,992,1045
446980,997,1049
446981,998,1047
446982,999,1046
446983,994,1042
446984,995,1038
446985,994,1038
446986,996,1040
446987,997,1039
446988,997,1036
446989,992,1034
446990,988,1033
446991,994,1038
446992,995,1041
446993,998,1038
446994,997,1034
446995,996,1033
446996,994,1032
446997,993,1037
446998,997,1036
446999,1001,1036
447000,1001,1032
447001,999,1031
447002,995,1031
447003,997,1036
447004,994,1037
447005,1002,1035
447006,1000,1034
447007,996,1034
447008,995,1036
447009,997,1038
447010,997,1041
447011,998,1043
447012,999,1040
447013,999,1039
447014,996,1037
447015,996,1038
447016,1001,1040
447017,1004,1038
447018,1004,1038
447019,1000,1035
447020,996,1035
447021,998,1038
447022,998,1043
447023,997,1042
447024,1000,1042
447025,996,1040
447026,993,1040
447027,994,1039
447028,999,1040
447029,1000,1038
447030,1000,1041
447031,996,1038
447032,990,1037
447033,991,1038
447034,996,1038
447035,996,1037
447036,997,1039
447037,998,1034
447038,996,1033
447039,995,1033
447040,997,1038
447041,1000,1040
447042,1000,1038
447043,995,1034
447044,995,1033
447045,995,1036
447046,999,1039
447047,1001,1036
447048,997,1038
447049,996,1035
447050,994,1035
447051,995,1037
447052,997,1042
447053,998,1042
447054,998,1038
447055,997,1035
447056,994,1035
447057,994,1039
447058,995,1042
447059,997,1041
447060,996,1040
447061,996,1039
447062,995,1040
447063,998,1041
447064,1000,1041
447065,1004,1035
447066,1003,1031
447067,999,1026
447068,997,1026
447069,998,1030
447070,998,1033
447071,1001,1031
447072,1002,1030
447073,1002,1030
447074,997,1034
447075,996,1035
447076,1000,1034
447077,1003,1032
447078,1001,1033
447079,1001,1027
447080,997,1028
447081,997,1032
447082,999,1034
447083,1003,1036
447084,1004,1033
447085,999,1033
447086,996,1031
447087,1000,1032
447088,1001,1036
447089,1002,1034
447090,1002,1038
447091,997,1036
447092,997,1034
447093,999,1034
447094,1002,1036
447095,1005,1033
447096,1006,1032
447097,998,1028
447098,997,1029
447099,998,1034
447100,999,1038
447101,1004,1038
447102,1005,1031
447103,1002,1027
447104,999,1028
447105,999,1031
447106,1002,1033
447107,1002,1034
447108,1002,1034
447109,998,1030
447110,998,1031
447111,999,1034
447112,1000,1037
447113,1002,1037
447114,1001,1030
447115,998,1028
447116,997,1030
447117,1001,1032
447118,1004,1033
447119,1005,1034
447120,1003,1031
447121,1003,1033
447122,1005,1034
447123,1007,1033
447124,1010,1033
447125,1011,1031
447126,1011,1031
447127,1011,1030
447128,1010,1031
447129,1012,1032
447130,1018,1030
447131,1020,1027
447132,1024,1024
447133,1028,1018
447134,1036,1016
447135,1054,1014
447136,1077,1009
447137,1106,1001
447138,1133,989
447139,1167,974
447140,1197,964
447141,1239,962
447142,1274,967
447143,1307,982
447144,1314,996
447145,1293,1009
447146,1248,1018
447147,1189,1025
447148,1135,1038
447149,1084,1048
447150,1040,1051
447151,1006,1051
447152,997,1052
447153,1003,1044
447154,1010,1039
447155,1015,1033
447156,1010,1030
447157,1004,1028
447158,999,1029
447159,998,1033
447160,999,1033
447161,998,1034
447162,995,1033
447163,989,1030
447164,987,1030
447165,987,1032
447166,989,1035
447167,991,1033
447168,989,1033
447169,986,1029
447170,981,1034
447171,982,1035
447172,984,1038
447173,987,1036
447174,988,1037
447175,985,1034
447176,984,1034
447177,987,1035
447178,984,1039
447179,987,1041
447180,985,1038
447181,982,1034
447182,978,1034
447183,980,1035
447184,988,1037
447185,990,1038
447186,990,1034
447187,984,1033
447188,983,1033
447189,981,1034
447190,980,1038
447191,984,1039
447192,984,1036
447193,986,1031
447194,985,1027
447195,985,1029
447196,988,1030
447197,991,1027
447198,992,1022
447199,986,1023
447200,984,1027
447201,982,1026
447202,988,1027
447203,992,1022
447204,991,1017
447205,990,1014
447206,987,1013
447207,990,1015
447208,992,1019
447209,995,1015
447210,994,1012
447211,995,1007
447212,994,1009
447213,998,1010
447214,1002,1013
447215,1007,1009
447216,1012,1006
447217,1011,1003
447218,1010,999
447219,1011,999
447220,1018,1001
447221,1025,998
447222,1025,993
447223,1020,993
447224,1013,998
447225,1013,996
447226,1015,1001
447227,1018,1001
447228,1018,998
447229,1020,994
447230,1017,994
447231,1017,999
447232,1023,1000
447233,1026,998
447234,1027,998
447235,1024,995
447236,1021,996
447237,1022,998
447238,1026,1002
447239,1031,1002
447240,1030,999
447241,1024,997
447242,1020,997
447243,1021,1000
447244,1022,1004
447245,1024,1006
447246,1021,1004
447247,1018,1002
447248,1013,1007
447249,1013,1013
447250,1016,1016
447251,1016,1015
447252,1015,1018
447253,1007,1018
447254,1002,1019
447255,1002,1022
447256,1001,1023
447257,1004,1023
447258,1005,1025
447259,1002,1024
447260,1000,1024
447261,997,1026
447262,995,1030
447263,997,1035
447264,994,1033
447265,993,1033
447266,992,1034
447267,990,1036
447268,997,1033
447269,998,1031
447270,996,1031
447271,993,1030
447272,992,1030
447273,991,1036
447274,994,1035
447275,999,1035
447276,997,1032
447277,994,1027
447278,988,1023
447279,992,1026
447280,993,1028
447281,997,1024
447282,995,1024
447283,995,1020
447284,992,1021
447285,995,1021
447286,996,1023
447287,998,1025
447288,998,1020
447289,992,1015
447290,989,1014
447291,987,1018
447292,989,1020
447293,994,1023
447294,994,1019
447295,997,1018
447296,996,1022
447297,992,1023
447298,995,1023
447299,999,1023
447300,1001,1019
447301,998,1019
447302,994,1019
447303,996,1020
447304,1000,1019
447305,1003,1020
447306,998,1020
447307,998,1015
447308,995,1016
447309,1000,1018
447310,999,1023
447311,999,1023
447312,999,1022
447313,996,1021
447314,997,1023
447315,997,1023
447316,1000,1029
447317,1001,1025
447318,1000,1025
447319,996,1020
447320,995,1018
447321,996,1018
447322,999,1020
447323,999,1019
447324,998,1018
447325,996,1016
447326,991,1017
447327,995,1018
447328,995,1023
447329,995,1024
447330,992,1021
447331,990,1021
447332,988,1021
447333,988,1023
447334,992,1026
447335,994,1028
447336,993,1025
447337,991,1019
447338,987,1021
447339,985,1026
447340,988,1027
447341,989,1028
447342,987,1025
447343,988,1025
447344,984,1022
447345,987,1024
447346,991,1025
447347,993,1027
447348,991,1026
447349,988,1022
447350,985,1022
447351,987,1023
447352,989,1027
447353,994,1027
447354,992,1025
447355,991,1023
447356,985,1020
447357,993,1023
447358,995,1026
447359,1001,1025
447360,999,1019
447361,1000,1016
447362,1000,1015
447363,1005,1017
447364,1007,1016
447365,1005,1012
447366,1012,1006
447367,1021,997
447368,1033,992
447369,1049,996
447370,1075,994
447371,1102,986
447372,1136,973
447373,1173,961
447374,1209,958
447375,1248,967
447376,1280,990
447377,1301,1014
447378,1293,1027
447379,1261,1031
447380,1209,1034
447381,1153,1043
447382,1100,1061
447383,1044,1077
447384,997,1087
447385,967,1090
447386,963,1087
447387,973,1076
447388,982,1067
447389,990,1052
447390,992,1040
447391,988,1031
447392,985,1030
447393,984,1031
447394,984,1032
447395,985,1030
447396,980,1026
447397,974,1021
447398,968,1020
447399,969,1020
447400,975,1023
447401,980,1023
447402,976,1018
447403,973,1017
447404,969,1016
447405,972,1021
447406,974,1019
447407,976,1016
447408,976,1014
447409,971,1011
447410,966,1012
447411,971,1013
447412,974,1017
447413,978,1018
447414,974,1017
447415,973,1016
447416,966,1020
447417,965,1020
447418,967,1024
447419,970,1024
447420,971,1020
447421,969,1021
447422,968,1024
447423,968,1025
447424,966,1030
447425,968,1026
447426,968,1023
447427,964,1019
447428,964,1016
447429,966,1019
447430,967,1021
447431,966,1020
447432,965,1019
447433,969,1017
447434,967,1017
447435,967,1016
447436,972,1015
447437,976,1012
447438,977,1007
447439,970,1003
447440,970,1001
447441,974,1002
447442,978,1002
447443,982,1001
447444,984,997
447445,987,991
447446,987,990
447447,987,993
447448,992,991
447449,998,984
447450,997,978
447451,998,970
447452,999,973
447453,1002,972
447454,1008,973
447455,1011,969
447456,1015,964
447457,1013,964
447458,1011,960
447459,1011,961
447460,1013,965
447461,1018,965
447462,1012,962
447463,1011,959
447464,1010,961
447465,1014,965
447466,1015,968
447467,1020,970
447468,1016,968
447469,1016,966
447470,1014,973
447471,1019,977
447472,1020,981
447473,1019,982
447474,1013,984
447475,1011,984
447476,1009,987
447477,1007,991
447478,1010,995
447479,1010,999
447480,1007,1001
447481,1004,1003
447482,997,1006
447483,995,1009
447484,996,1013
447485,994,1017
447486,990,1017
447487,991,1017
447488,991,1019
447489,987,1023
447490,990,1028
447491,992,1026
447492,988,1023
447493,985,1022
447494,983,1021
447495,986,1026
447496,987,1029
447497,989,1031
447498,988,1031
447499,984,1028
447500,981,1029
447501,982,1029
447502,982,1034
447503,984,1034
447504,982,1035
447505,981,1036
447506,978,1036
447507,979,1039
447508,983,1042
447509,984,1041
447510,982,1040
447511,982,1040
447512,981,1041
447513,983,1041
447514,985,1039
447515,988,1039
447516,984,1039
447517,985,1038
447518,982,1038
447519,984,1040
447520,988,1038
447521,989,1036
447522,988,1035
447523,987,1033
447524,984,1032
447525,987,1035
447526,990,1039
447527,992,1039
447528,992,1034
447529,990,1027
447530,989,1026
447531,987,1026
447532,993,1030
447533,996,1032
447534,994,1029
447535,993,1025
447536,991,1024
447537,993,1026
447538,993,1030
447539,996,1027
447540,992,1024
447541,989,1021
447542,988,1020
447543,988,1024
447544,990,1028
447545,992,1026
447546,988,1025
447547,985,1025
447548,984,1025
447549,985,1029
447550,984,1030
447551,988,1033
447552,987,1031
447553,984,1030
447554,986,1031
447555,988,1033
447556,991,1036
447557,991,1039
447558,988,1034
447559,987,1033
447560,984,1029
447561,986,1034
447562,987,1037
447563,988,1037
447564,987,1036
447565,982,1030
447566,979,1030
447567,982,1035
447568,980,1040
447569,986,1039
447570,986,1037
447571,983,1033
447572,981,1033
447573,977,1036
447574,982,1040
447575,985,1040
447576,985,1038
447577,980,1032
447578,978,1032
447579,978,1036
447580,984,1037
447581,988,1036
447582,988,1031
447583,984,1026
447584,980,1025
447585,984,1031
447586,986,1031
447587,986,1033
447588,985,1031
447589,984,1027
447590,982,1030
447591,984,1027
447592,986,1029
447593,985,1029
447594,984,1030
447595,985,1029
447596,983,1028
447597,988,1028
447598,986,1029
447599,987,1030
447600,986,1032
447601,983,1030
447602,981,1033
447603,979,1033
447604,983,1033
447605,983,1038
447606,984,1039
447607,980,1036
447608,984,1039
447609,987,1037
447610,991,1042
447611,994,1043
447612,991,1039
447613,990,1034
447614,988,1039
447615,991,1040
447616,991,1043
447617,994,1041
447618,994,1037
447619,993,1038
447620,993,1039
447621,989,1040
447622,994,1039
447623,994,1040
447624,990,1038
447625,989,1034
447626,990,1037
447627,995,1037
447628,997,1042
447629,1005,1039
447630,1003,1036
447631,999,1035
447632,997,1033
447633,997,1032
447634,997,1036
447635,999,1035
447636,1000,1033
447637,998,1029
447638,998,1029
447639,999,1030
447640,1002,1033
447641,1007,1031
447642,1006,1027
447643,1007,1026
447644,1004,1029
447645,1001,1033
447646,1006,1034
447647,1013,1030
447648,1016,1023
447649,1019,1019
447650,1024,1017
447651,1035,1016
447652,1055,1014
447653,1076,1009
447654,1097,998
447655,1126,982
447656,1162,971
447657,1203,966
447658,1248,971
447659,1282,984
447660,1302,998
447661,1299,1014
447662,1271,1024
447663,1222,1031
447664,1166,1045
447665,1110,1057
447666,1054,1065
447667,1009,1065
447668,982,1065
447669,985,1062
447670,994,1058
447671,1003,1051
447672,1006,1045
447673,1000,1037
447674,991,1036
447675,993,1029
447676,993,1031
447677,990,1027
447678,988,1029
447679,984,1026
447680,978,1027
447681,979,1030
447682,979,1033
447683,983,1033
447684,983,1032
447685,982,1031
447686,978,1032
447687,979,1036
447688,981,1035
447689,985,1035
447690,983,1032
447691,982,1028
447692,976,1027
447693,973,1031
447694,975,1035
447695,978,1035
447696,977,1037
447697,977,1034
447698,973,1033
447699,974,1037
447700,976,1040
447701,982,1039
447702,981,1034
447703,978,1030
447704,976,1033
447705,979,1034
447706,982,1039
447707,984,1041
447708,984,1042
447709,980,1031
447710,980,1030
447711,977,1033
447712,982,1037
447713,986,1038
447714,987,1035
447715,984,1033
447716,982,1030
447717,986,1031
447718,989,1035
447719,992,1032
447720,991,1028
447721,990,1024
447722,988,1025
447723,989,1026
447724,994,1026
447725,997,1023
447726,998,1021
447727,997,1018
447728,999,1019
447729,997,1017
447730,996,1013
447731,1001,1013
447732,1002,1009
447733,1005,1008
447734,1003,1007
447735,1005,1007
447736,1008,1006
447737,1013,1006
447738,1012,1003
447739,1014,995
447740,1012,994
447741,1014,997
447742,1015,1001
447743,1021,998
447744,1023,995
447745,1023,994
447746,1021,996
447747,1022,999
447748,1025,1001
447749,1023,1000
447750,1023,998
447751,1022,997
447752,1021,1001
447753,1024,1002
447754,1031,1004
447755,1034,1001
447756,1032,998
447757,1031,994
447758,1028,990
447759,1027,992
447760,1032,993
447761,1032,995
447762,1031,994
447763,1029,990
447764,1028,993
447765,1029,996
447766,1030,1002
447767,1029,1005
447768,1030,1005
447769,1022,1004
447770,1017,1007
447771,1015,1009
447772,1016,1011
447773,1018,1012
447774,1018,1014
447775,1011,1016
447776,1010,1017
447777,1008,1018
447778,1005,1023
447779,1009,1021
447780,1005,1022
447781,1002,1024
447782,999,1025
447783,998,1029
447784,1001,1033
447785,1002,1033
447786,1001,1028
447787,997,1027
447788,996,1029
447789,995,1033
447790,999,1038
447791,1001,1037
447792,1000,1036
447793,997,1036
447794,999,1036
447795,1002,1039
447796,1005,1044
447797,1012,1046
447798,1017,1047
447799,1022,1041
447800,1025,1044
447801,1029,1046
447802,1036,1052
447803,1044,1053
447804,1052,1051
447805,1061,1039
447806,1072,1026
447807,1085,1013
447808,1097,995
447809,1114,975
447810,1128,960
447811,1140,942
447812,1155,925
447813,1176,911
447814,1194,892
447815,1220,866
447816,1237,844
447817,1250,822
447818,1264,810
447819,1277,803
447820,1283,803
447821,1279,802
447822,1275,797
447823,1269,796
447824,1262,797
447825,1252,802
447826,1237,801
447827,1222,805
447828,1195,809
447829,1167,813
447830,1141,824
447831,1116,837
447832,1094,850
447833,1079,865
447834,1059,880
447835,1047,896
447836,1041,907
447837,1039,924
447838,1032,937
447839,1033,950
447840,1033,961
447841,1039,972
447842,1053,984
447843,1072,991
447844,1086,993
447845,1087,995
447846,1061,1000
447847,1023,1008
447848,988,1021
447849,958,1038
447850,953,1055
447851,950,1067
447852,945,1071
447853,938,1070
447854,932,1073
447855,927,1079
447856,923,1086
447857,920,1087
447858,916,1086
447859,914,1085
447860,912,1087
447861,907,1092
447862,910,1094
447863,910,1095
447864,907,1096
447865,904,1097
447866,900,1102
447867,899,1106
447868,897,1110
447869,897,1110
447870,894,1112
447871,892,1110
447872,888,1111
447873,888,1119
447874,889,1124
447875,889,1120
447876,889,1117
447877,884,1115
447878,881,1123
447879,880,1125
447880,884,1134
447881,881,1134
447882,881,1134
447883,880,1135
447884,878,1138
447885,882,1142
447886,886,1145
447887,886,1146
447888,886,1147
447889,882,1149
447890,882,1148
447891,887,1154
447892,891,1158
447893,893,1161
447894,893,1161
447895,893,1158
447896,894,1162
447897,898,1166
447898,904,1167
447899,909,1170
447900,908,1166
447901,909,1167
447902,908,1166
447903,910,1171
447904,918,1171
447905,924,1168
447906,927,1163
447907,927,1159
447908,927,1159
447909,934,1156
447910,939,1157
447911,944,1152
447912,946,1146
447913,946,1143
447914,950,1139
447915,954,1139
447916,961,1131
447917,964,1123
447918,967,1112
447919,967,1102
447920,970,1096
447921,972,1095
447922,976,1094
447923,978,1088
447924,980,1083
447925,979,1075
447926,980,1071
447927,981,1070
447928,987,1066
447929,986,1063
447930,981,1055
447931,978,1051
447932,976,1052
447933,980,1051
447934,987,1050
447935,990,1043
447936,988,1040
447937,986,1033
447938,982,1035
447939,982,1035
447940,984,1037
447941,990,1036
447942,986,1036
447943,986,1030
447944,983,1031
447945,988,1034
447946,992,1039
447947,993,1041
447948,992,1038
447949,990,1032
447950,985,1030
447951,984,1034
447952,987,1037
447953,990,1035
447954,990,1034
447955,987,1034
447956,984,1035
447957,986,1035
447958,990,1034
447959,996,1035
447960,992,1035
447961,990,1032
447962,987,1031
447963,989,1031
447964,992,1034
447965,996,1031
447966,993,1027
447967,994,1027
447968,992,1026
447969,992,1030
447970,994,1031
447971,997,1029
447972,994,1029
447973,995,1028
447974,992,1031
447975,995,1030
447976,996,1032
447977,998,1032
447978,995,1031
447979,994,1026
447980,992,1028
447981,994,1028
447982,997,1034
447983,998,1033
447984,998,1033
447985,994,1029
447986,994,1030
447987,997,1031
447988,999,1035
447989,1003,1032
447990,1001,1029
447991,996,1026
447992,995,1025
447993,994,1030
447994,999,1033
447995,1001,1034
447996,998,1033
447997,995,1031
447998,992,1032
447999,993,1037
448000,993,1038
448001,994,1038
448002,988,1032
448003,985,1028
448004,988,1029
448005,993,1029
448006,996,1030
448007,999,1028
448008,997,1027
448009,994,1022
448010,990,1019
448011,989,1024
448012,990,1027
448013,991,1027
448014,988,1024
448015,990,1021
448016,986,1021
448017,987,1023
448018,988,1025
448019,991,1023
448020,989,1019
448021,990,1020
448022,989,1021
448023,990,1026
448024,992,1027
448025,993,1025
448026,994,1023
448027,993,1023
448028,991,1025
448029,988,1029
448030,994,1029
448031,996,1028
448032,992,1030
448033,991,1027
448034,989,1025
448035,992,1027
448036,992,1030
448037,990,1032
448038,987,1027
448039,987,1023
448040,988,1021
448041,988,1022
448042,991,1025
448043,992,1022
448044,989,1023
448045,990,1022
448046,988,1027
448047,988,1031
448048,985,1038
448049,991,1032
448050,992,1029
448051,991,1027
448052,989,1027
448053,990,1030
448054,991,1034
448055,994,1033
448056,992,1029
448057,988,1025
448058,984,1024
448059,986,1025
448060,990,1029
448061,991,1029
448062,995,1027
448063,993,1024
448064,991,1022
448065,990,1026
448066,990,1029
448067,992,1027
448068,993,1026
448069,991,1023
448070,986,1027
448071,988,1029
448072,991,1030
448073,991,1026
448074,993,1023
448075,996,1020
448076,991,1020
448077,989,1028
448078,989,1035
448079,993,1032
448080,992,1026
448081,994,1024
448082,989,1026
448083,989,1025
448084,990,1026
448085,992,1024
448086,990,1021
448087,990,1019
448088,991,1020
448089,990,1023
448090,990,1027
448091,994,1022
448092,993,1022
448093,989,1018
448094,989,1020
448095,990,1020
448096,991,1025
448097,994,1027
448098,993,1027
448099,989,1023
448100,991,1021
448101,992,1027
448102,994,1027
448103,996,1030
448104,994,1025
448105,994,1024
448106,993,1024
448107,996,1025
448108,1001,1028
448109,1004,1030
448110,1000,1029
448111,998,1027
448112,994,1027
448113,997,1027
448114,997,1027
448115,1001,1026
448116,1000,1024
448117,1000,1021
448118,997,1026
448119,996,1029
448120,1000,1029
448121,1002,1028
448122,1000,1027
448123,997,1023
448124,996,1024
448125,996,1027
448126,999,1028
448127,1000,1030
448128,998,1024
448129,998,1022
448130,997,1025
448131,998,1025
448132,1000,1027
448133,1004,1027
448134,1001,1020
448135,998,1015
448136,993,1018
448137,995,1024
448138,997,1026
448139,999,1025
448140,998,1023
448141,992,1024
448142,988,1025
448143,985,1030
448144,986,1032
448145,992,1031
448146,990,1026
448147,988,1022
448148,989,1023
448149,988,1027
448150,992,1029
448151,994,1027
448152,993,1024
448153,990,1023
448154,986,1025
448155,990,1027
448156,995,1030
448157,996,1027
448158,996,1023
448159,993,1022
448160,996,1024
448161,998,1027
448162,1000,1030
448163,1003,1030
448164,999,1028
448165,995,1025
448166,995,1024
448167,996,1026
448168,1000,1025
448169,1003,1024
448170,1000,1023
448171,997,1017
448172,998,1021
448173,998,1023
448174,1001,1026
448175,1004,1020
448176,1000,1017
448177,997,1016
448178,994,1018
448179,994,1022
448180,1000,1022
448181,1000,1022
448182,1002,1016
448183,997,1013
448184,992,1016
448185,996,1020
448186,1001,1026
448187,1003,1023
448188,1001,1020
448189,997,1017
448190,998,1020
448191,998,1018
448192,999,1025
448193,1000,1024
448194,999,1024
448195,997,1020
448196,996,1026
448197,996,1029
448198,997,1030
448199,998,1030
448200,996,1029
448201,995,1027
448202,994,1026
448203,994,1029
448204,997,1031
448205,997,1031
448206,997,1026
448207,992,1022
448208,992,1024
448209,993,1022
448210,995,1024
448211,995,1025
448212,994,1023
448213,994,1020
448214,991,1022
448215,994,1023
448216,998,1024
448217,1004,1024
448218,1000,1023
448219,997,1022
448220,996,1021
448221,995,1020
448222,995,1023
448223,997,1021
448224,1002,1023
448225,1003,1022
448226,1002,1020
448227,1002,1020
448228,1006,1024
448229,1005,1023
448230,1005,1022
448231,1001,1019
448232,996,1022
448233,999,1023
448234,1001,1030
448235,1004,1027
448236,1003,1021
448237,998,1017
448238,994,1020
448239,996,1024
448240,999,1029
448241,1002,1028
448242,1000,1023
448243,996,1020
448244,995,1022
448245,996,1029
448246,1001,1031
448247,1003,1029
448248,1001,1024
448249,995,1024
448250,994,1027
448251,995,1027
448252,994,1031
448253,993,1029
448254,996,1026
448255,995,1022
448256,993,1019
448257,995,1020
448258,999,1026
448259,1001,1028
448260,999,1026
448261,998,1022
448262,995,1017
448263,997,1018
448264,998,1022
448265,999,1021
448266,996,1021
448267,995,1020
448268,994,1018
448269,998,1023
448270,1001,1024
448271,998,1022
448272,998,1016
448273,995,1016
448274,997,1018
448275,998,1021
448276,1002,1027
448277,1004,1028
448278,1005,1024
448279,1000,1021
448280,996,1019
448281,996,1021
448282,1002,1026
448283,1008,1028
448284,1003,1026
448285,1002,1024
448286,999,1023
448287,1001,1026
448288,1005,1032
448289,1006,1029
448290,1005,1024
448291,1000,1022
448292,1001,1019
448293,1002,1025
448294,1003,1023
448295,1006,1021
448296,1003,1020
448297,997,1019
448298,997,1020
448299,998,1023
448300,999,1027
448301,1000,1025
448302,1000,1020
448303,996,1021
448304,994,1019
448305,996,1021
448306,1000,1022
448307,1002,1023
448308,1002,1021
448309,998,1021
448310,998,1022
448311,1000,1026
448312,1003,1027
448313,1006,1025
448314,1005,1021
448315,1002,1017
448316,999,1019
448317,1001,1020
448318,1002,1024
448319,1005,1020
448320,1003,1016
448321,1002,1011
448322,999,1015
448323,1002,1020
448324,1006,1025
448325,1008,1021
448326,1008,1018
448327,1004,1016
448328,1000,1019
448329,1007,1022
448330,1007,1024
448331,1007,1021
448332,1009,1016
448333,1005,1014
448334,1003,1016
448335,1005,1020
448336,1006,1023
448337,1008,1025
448338,1004,1024
448339,1005,1021
448340,1004,1021
448341,1005,1022
448342,1005,1024
448343,1005,1026
448344,1006,1024
448345,1000,1024
448346,1000,1026
448347,1003,1026
448348,1005,1025
448349,1007,1024
448350,1005,1023
448351,1001,1022
448352,998,1022
448353,1000,1026
448354,1002,1025
448355,1004,1024
448356,1004,1021
448357,1002,1018
448358,999,1017
448359,1000,1020
448360,1005,1018
448361,1007,1016
448362,1005,1015
448363,1006,1015
448364,1006,1015
448365,1003,1016
448366,1009,1017
448367,1010,1012
448368,1013,1003
448369,1017,998
448370,1027,995
448371,1042,997
448372,1059,1000
448373,1078,998
448374,1096,987
448375,1120,972
448376,1147,962
448377,1175,955
448378,1208,951
448379,1237,948
448380,1267,946
448381,1285,956
448382,1296,976
448383,1288,992
448384,1260,1008
448385,1218,1012
448386,1164,1018
448387,1114,1023
448388,1070,1026
448389,1032,1034
448390,1013,1037
448391,1006,1033
448392,1010,1026
448393,1012,1019
448394,1009,1016
448395,1007,1017
448396,1007,1022
448397,1002,1024
448398,997,1025
448399,996,1022
448400,992,1025
448401,990,1029
448402,994,1032
448403,994,1033
448404,992,1029
448405,989,1025
448406,987,1022
448407,984,1021
448408,988,1019
448409,987,1019
448410,982,1017
448411,982,1015
448412,981,1016
448413,977,1023
448414,977,1023
448415,977,1021
448416,977,1018
448417,975,1016
448418,976,1021
448419,981,1025
448420,982,1026
448421,984,1026
448422,982,1022
448423,979,1019
448424,975,1019
448425,980,1022
448426,980,1023
448427,983,1024
448428,984,1023
448429,979,1023
448430,975,1023
448431,978,1026
448432,977,1031
448433,981,1028
448434,982,1029
448435,977,1024
448436,978,1023
448437,979,1022
448438,981,1025
448439,983,1025
448440,981,1023
448441,977,1023
448442,978,1025
448443,977,1023
448444,980,1025
448445,980,1025
448446,981,1020
448447,981,1015
448448,982,1016
448449,983,1020
448450,985,1021
448451,986,1024
448452,987,1017
448453,984,1017
448454,984,1016
448455,986,1017
448456,991,1016
448457,995,1015
448458,996,1013
448459,990,1013
448460,990,1010
448461,990,1011
448462,993,1011
448463,996,1009
448464,999,1006
448465,997,1004
448466,997,1002
448467,1000,1003
448468,1005,1004
448469,1005,1004
448470,1007,1003
448471,1004,998
448472,1003,998
448473,1004,1000
448474,1008,1003
448475,1013,1004
448476,1014,1003
448477,1010,1000
448478,1011,1002
448479,1015,999
448480,1019,999
448481,1019,996
448482,1015,998
448483,1012,994
448484,1014,995
448485,1016,998
448486,1021,1001
448487,1023,1000
448488,1023,997
448489,1023,995
448490,1022,996
448491,1025,995
448492,1031,998
448493,1033,996
448494,1032,993
448495,1031,992
448496,1028,994
448497,1033,994
448498,1031,996
448499,1034,994
448500,1033,996
448501,1032,993
448502,1034,996
448503,1034,997
448504,1038,998
448505,1034,996
448506,1024,997
448507,1022,997
448508,1020,998
448509,1021,1002
448510,1018,1007
448511,1020,1007
448512,1017,1005
448513,1014,1006
448514,1014,1007
448515,1013,1012
448516,1014,1018
448517,1014,1019
448518,1014,1018
448519,1011,1015
448520,1009,1015
448521,1009,1020
448522,1011,1021
448523,1009,1023
448524,1006,1021
448525,1003,1020
448526,1002,1016
448527,1001,1018
448528,1002,1021
448529,1000,1020
448530,999,1018
448531,999,1018
448532,1000,1018
448533,998,1019
448534,999,1022
448535,996,1020
448536,996,1019
448537,995,1016
448538,994,1015
448539,998,1020
448540,998,1023
448541,1003,1020
448542,997,1018
448543,995,1016
448544,990,1015
448545,988,1022
448546,995,1026
448547,999,1023
448548,997,1017
448549,992,1012
448550,990,1014
448551,991,1017
448552,996,1018
448553,997,1017
448554,994,1016
448555,993,1015
448556,990,1013
448557,990,1014
448558,995,1018
448559,995,1013
448560,994,1011
448561,991,1012
448562,990,1014
448563,992,1017
448564,994,1018
448565,996,1019
448566,995,1018
448567,991,1017
448568,989,1015
448569,991,1018
448570,992,1018
448571,992,1015
448572,990,1012
448573,990,1011
448574,986,1017
448575,991,1015
448576,994,1020
448577,998,1019
448578,992,1018
448579,987,1015
448580,987,1015
448581,989,1019
448582,992,1024
448583,995,1024
448584,993,1019
448585,989,1017
448586,986,1017
448587,987,1021
448588,988,1023
448589,993,1021
448590,990,1023
448591,984,1017
448592,981,1018
448593,981,1016
448594,986,1018
448595,984,1019
448596,983,1018
448597,976,1015
448598,976,1013
448599,979,1017
448600,980,1021
448601,981,1020
448602,976,1014
448603,976,1012
448604,972,1014
448605,974,1019
448606,976,1018
448607,978,1019
448608,976,1017
448609,972,1016
448610,973,1013
448611,974,1015
448612,979,1020
448613,980,1020
448614,983,1019
448615,981,1019
448616,978,1022
448617,978,1024
448618,978,1027
448619,978,1025
448620,979,1023
448621,977,1024
448622,974,1025
448623,977,1024
448624,978,1024
448625,979,1026
448626,981,1023
448627,978,1025
448628,976,1028
448629,972,1028
448630,975,1029
448631,978,1027
448632,974,1024
448633,969,1020
448634,969,1019
448635,971,1023
448636,975,1029
448637,973,1026
448638,972,1023
448639,969,1024
448640,971,1023
448641,973,1023
448642,977,1031
448643,981,1029
448644,979,1027
448645,978,1024
448646,976,1022
448647,976,1024
448648,978,1029
448649,979,1025
448650,978,1022
448651,976,1019
448652,974,1018
448653,974,1021
448654,978,1026
448655,979,1024
448656,975,1023
448657,975,1019
448658,972,1019
448659,974,1021
448660,976,1024
448661,977,1022
448662,975,1021
448663,971,1023
448664,973,1024
448665,972,1024
448666,974,1027
448667,976,1028
448668,973,1024
448669,969,1023
448670,971,1024
448671,971,1028
448672,975,1032
448673,974,1027
448674,975,1021
448675,972,1019
448676,972,1021
448677,974,1026
448678,973,1028
448679,977,1027
448680,975,1024
448681,975,1025
448682,977,1025
448683,979,1028
448684,978,1030
448685,981,1029
448686,982,1026
448687,980,1022
448688,978,1024
448689,975,1026
448690,981,1027
448691,981,1027
448692,978,1026
448693,975,1025
448694,974,1027
448695,975,1028
448696,979,1031
448697,980,1029
448698,976,1029
448699,973,1024
448700,970,1026
448701,975,1027
448702,976,1033
448703,978,1031
448704,977,1031
448705,972,1026
448706,971,1029
448707,974,1028
448708,976,1032
448709,974,1029
448710,972,1027
448711,968,1024
448712,968,1023
448713,970,1023
448714,975,1029
448715,975,1031
448716,972,1028
448717,968,1026
448718,968,1027
448719,971,1031
448720,979,1035
448721,981,1031
448722,978,1028
448723,976,1024
448724,975,1030
448725,975,1032
448726,976,1031
448727,971,1027
448728,975,1025
448729,971,1023
448730,970,1026
448731,970,1027
448732,978,1030
448733,982,1029
448734,978,1026
448735,977,1025
448736,976,1025
448737,976,1024
448738,976,1028
448739,976,1028
448740,979,1028
448741,975,1024
448742,974,1026
448743,980,1029
448744,985,1030
448745,983,1027
448746,979,1025
448747,977,1024
448748,971,1022
448749,974,1024
448750,979,1028
448751,979,1027
448752,981,1023
448753,977,1021
448754,974,1023
448755,975,1028
448756,978,1031
448757,976,1031
448758,976,1029
448759,973,1026
448760,972,1024
448761,975,1029
448762,977,1033
448763,983,1031
448764,981,1026
448765,980,1025
448766,977,1024
448767,977,1029
448768,982,1030
448769,979,1029
448770,978,1027
448771,975,1027
448772,976,1029
448773,981,1031
448774,984,1031
448775,990,1033
448776,986,1030
448777,982,1023
448778,982,1020
448779,985,1022
448780,985,1025
448781,986,1028
448782,984,1023
448783,982,1020
448784,980,1022
448785,981,1024
448786,985,1026
448787,983,1027
448788,982,1026
448789,980,1020
448790,978,1024
448791,982,1025
448792,988,1029
448793,986,1029
448794,987,1028
448795,982,1028
448796,982,1030
448797,984,1032
448798,990,1032
448799,991,1034
448800,992,1031
448801,987,1025
448802,986,1029
448803,986,1032
448804,991,1033
448805,993,1027
448806,992,1020
448807,994,1016
448808,1002,1014
448809,1012,1016
448810,1027,1015
448811,1040,1012
448812,1060,1008
448813,1081,997
448814,1107,987
448815,1140,976
448816,1173,971
448817,1204,969
448818,1236,972
448819,1255,985
448820,1264,1009
448821,1253,1027
448822,1220,1038
448823,1171,1040
448824,1120,1044
448825,1068,1053
448826,1022,1063
448827,988,1073
448828,970,1072
448829,971,1064
448830,976,1053
448831,980,1040
448832,980,1035
448833,983,1034
448834,981,1033
448835,978,1031
448836,974,1029
448837,971,1025
448838,967,1025
448839,963,1028
448840,966,1030
448841,967,1029
448842,966,1028
448843,964,1024
448844,962,1028
448845,963,1031
448846,967,1034
448847,967,1030
448848,965,1028
448849,961,1027
448850,959,1026
448851,961,1030
448852,964,1035
448853,963,1035
448854,964,1032
448855,960,1030
448856,959,1031
448857,957,1033
448858,961,1034
448859,964,1033
448860,962,1027
448861,959,1027
448862,958,1026
448863,959,1029
448864,958,1032
448865,957,1029
448866,954,1026
448867,952,1023
448868,954,1023
448869,955,1026
448870,958,1031
448871,956,1029
448872,956,1028
448873,953,1024
448874,952,1026
448875,952,1028
448876,956,1030
448877,957,1029
448878,957,1026
448879,954,1021
448880,954,1020
448881,956,1023
448882,961,1028
448883,964,1027
448884,969,1027
448885,972,1023
448886,970,1021
448887,977,1023
448888,982,1022
448889,984,1023
448890,983,1021
448891,979,1017
448892,979,1019
448893,981,1019
448894,986,1020
448895,987,1017
448896,988,1013
448897,984,1008
448898,984,1008
448899,987,1010
448900,988,1012
448901,989,1005
448902,986,999
448903,983,995
448904,984,996
448905,986,999
448906,989,998
448907,992,995
448908,993,990
448909,991,988
448910,991,991
448911,994,994
448912,992,997
448913,998,995
448914,1001,992
448915,997,991
448916,998,992
448917,999,997
448918,1004,997
448919,1001,998
448920,1001,996
448921,999,993
448922,998,996
448923,999,998
448924,1002,1001
448925,1004,1003
448926,1002,1000
448927,1001,1000
448928,1000,1003
448929,1003,1006
448930,1003,1008
448931,1006,1008
448932,1001,1007
448933,995,1006
448934,996,1006
448935,996,1012
448936,997,1013
448937,994,1013
448938,995,1015
448939,990,1015
448940,987,1018
448941,987,1022
448942,988,1025
448943,985,1026
448944,983,1024
448945,979,1024
448946,975,1025
448947,978,1028
448948,979,1032
448949,978,1027
448950,976,1025
448951,972,1027
448952,971,1027
448953,975,1029
448954,977,1031
448955,976,1027
448956,974,1025
448957,970,1026
448958,971,1026
448959,974,1031
448960,975,1032
448961,978,1031
448962,976,1027
448963,974,1026
448964,975,1027
448965,979,1031
448966,982,1036
448967,980,1036
448968,981,1034
448969,976,1032
448970,973,1033
448971,975,1037
448972,980,1040
448973,978,1035
448974,982,1036
448975,979,1032
448976,978,1033
448977,982,1034
448978,985,1036
448979,990,1037
448980,986,1035
448981,983,1031
448982,979,1033
448983,981,1034
448984,983,1037
448985,981,1036
448986,979,1035
448987,975,1032
448988,976,1031
448989,980,1033
448990,982,1033
448991,982,1034
448992,978,1030
448993,975,1027
448994,972,1027
448995,976,1032
448996,979,1031
448997,979,1030
448998,977,1030
448999,977,1027
449000,973,1030
449001,977,1032
449002,975,1034
449003,977,1031
449004,976,1028
449005,974,1027
449006,974,1029
449007,975,1029
449008,978,1032
449009,980,1033
449010,977,1028
449011,975,1027
449012,974,1032
449013,975,1035
449014,979,1034
449015,980,1035
449016,981,1032
449017,978,1032
449018,979,1032
449019,979,1037
449020,983,1041
449021,984,1039
449022,981,1036
449023,977,1032
449024,978,1034
449025,977,1037
449026,981,1037
449027,984,1036
449028,983,1031
449029,981,1031
449030,979,1029
449031,980,1032
449032,979,1032
449033,978,1028
449034,978,1028
449035,973,1025
449036,974,1028
449037,976,1028
449038,979,1031
449039,981,1031
449040,982,1028
449041,979,1027
449042,975,1026
449043,976,1030
449044,976,1030
449045,974,1030
449046,971,1029
449047,967,1025
449048,969,1027
449049,970,1031
449050,971,1032
449051,971,1030
449052,968,1029
449053,969,1030
449054,966,1031
449055,966,1031
449056,972,1033
449057,972,1034
449058,971,1034
449059,967,1030
449060,966,1033
449061,971,1035
449062,972,1037
449063,972,1037
449064,972,1035
449065,971,1032
449066,972,1032
449067,977,1036
449068,977,1039
449069,978,1037
449070,975,1036
449071,972,1035
449072,971,1035
449073,972,1038
449074,981,1040
449075,979,1040
449076,977,1038
449077,974,1035
449078,976,1035
449079,980,1038
449080,983,1039
449081,985,1036
449082,986,1034
449083,985,1029
449084,986,1027
449085,992,1027
449086,996,1023
449087,1003,1019
449088,1012,1013
449089,1022,1010
449090,1042,1003
449091,1068,1000
449092,1100,990
449093,1137,976
449094,1177,970
449095,1212,972
449096,1246,994
449097,1267,1023
449098,1271,1044
449099,1240,1049
449100,1184,1052
449101,1120,1055
449102,1063,1072
449103,1010,1087
449104,971,1100
449105,950,1104
449106,947,1099
449107,954,1085
449108,964,1071
449109,973,1063
449110,978,1057
449111,976,1047
449112,977,1042
449113,973,1038
449114,969,1039
449115,965,1040
449116,962,1040
449117,961,1038
449118,962,1034
449119,960,1032
449120,954,1034
449121,954,1034
449122,960,1035
449123,961,1034
449124,959,1031
449125,953,1027
449126,952,1032
449127,959,1033
449128,962,1035
449129,960,1034
449130,961,1030
449131,961,1029
449132,967,1028
449133,971,1028
449134,970,1031
449135,965,1030
449136,960,1027
449137,961,1025
449138,961,1027
449139,960,1028
449140,962,1031
449141,960,1031
449142,960,1028
449143,958,1025
449144,959,1023
449145,962,1025
449146,963,1028
449147,963,1025
449148,959,1023
449149,956,1020
449150,955,1021
449151,956,1025
449152,961,1025
449153,963,1022
449154,964,1016
449155,961,1017
449156,961,1019
449157,965,1018
449158,966,1018
449159,964,1017
449160,960,1013
449161,956,1011
449162,958,1012
449163,962,1012
449164,967,1013
449165,972,1011
449166,971,1006
449167,969,1001
449168,967,1003
449169,973,1003
449170,978,1004
449171,981,1001
449172,985,998
449173,985,995
449174,987,995
449175,985,993
449176,989,995
449177,990,992
449178,990,988
449179,988,982
449180,991,984
449181,994,983
449182,1001,984
449183,1003,981
449184,1002,979
449185,999,974
449186,1001,973
449187,1002,976
449188,1006,977
449189,1004,975
449190,1006,971
449191,1000,969
449192,999,973
449193,1000,975
449194,1003,980
449195,1002,978
449196,1004,976
449197,1000,974
449198,1000,979
449199,1001,983
449200,1002,990
449201,1002,990
449202,999,990
449203,998,991
449204,997,993
449205,998,1000
449206,999,1003
449207,997,1004
449208,996,1006
449209,993,1008
449210,991,1014
449211,991,1018
449212,991,1022
449213,993,1023
449214,987,1023
449215,983,1023
449216,984,1027
449217,984,1029
449218,986,1034
449219,985,1033
449220,983,1030
449221,982,1030
449222,976,1031
449223,978,1033
449224,981,1035
449225,982,1032
449226,981,1030
449227,980,1028
449228,981,1028
449229,982,1029
449230,988,1032
449231,991,1031
449232,992,1028
449233,994,1024
449234,994,1024
449235,998,1031
449236,1004,1034
449237,1010,1035
449238,1011,1035
449239,1013,1035
449240,1016,1039
449241,1026,1039
449242,1040,1035
449243,1055,1020
449244,1065,1000
449245,1072,980
449246,1082,968
449247,1098,959
449248,1118,947
449249,1134,933
449250,1147,915
449251,1157,897
449252,1174,879
449253,1190,863
449254,1210,851
449255,1231,838
449256,1243,826
449257,1251,823
449258,1257,828
449259,1260,836
449260,1263,842
449261,1259,840
449262,1256,838
449263,1245,836
449264,1228,841
449265,1214,848
449266,1199,855
449267,1180,858
449268,1156,866
449269,1131,875
449270,1105,887
449271,1088,903
449272,1079,914
449273,1067,926
449274,1062,935
449275,1055,946
449276,1050,956
449277,1045,966
449278,1049,975
449279,1053,982
449280,1060,982
449281,1067,980
449282,1074,979
449283,1077,982
449284,1066,989
449285,1037,994
449286,997,1003
449287,966,1014
449288,951,1030
449289,940,1046
449290,937,1062
449291,934,1067
449292,928,1068
449293,920,1069
449294,913,1072
449295,911,1078
449296,912,1084
449297,912,1085
449298,909,1084
449299,905,1087
449300,901,1090
449301,901,1095
449302,903,1099
449303,900,1097
449304,896,1097
449305,892,1094
449306,890,1097
449307,892,1099
449308,895,1101
449309,893,1101
449310,886,1101
449311,883,1102
449312,881,1104
449313,884,1104
449314,883,1109
449315,883,1108
449316,876,1107
449317,878,1111
449318,875,1112
449319,876,1120
449320,876,1121
449321,875,1125
449322,869,1126
449323,870,1128
449324,863,1137
449325,860,1152
449326,859,1166
449327,858,1184
449328,857,1193
449329,856,1182
449330,859,1165
449331,863,1147
449332,867,1140
449333,869,1144
449334,867,1147
449335,864,1149
449336,869,1151
449337,871,1152
449338,876,1156
449339,875,1158
449340,872,1157
449341,874,1159
449342,875,1162
449343,878,1168
449344,884,1167
449345,885,1165
449346,886,1166
449347,885,1162
449348,890,1165
449349,896,1164
449350,905,1165
449351,911,1159
449352,910,1153
449353,914,1149
449354,916,1145
449355,923,1145
449356,929,1140
449357,934,1131
449358,936,1124
449359,936,1115
449360,941,1110
449361,946,1107
449362,951,1104
449363,956,1095
449364,961,1091
449365,957,1085
449366,961,1081
449367,964,1079
449368,965,1076
449369,968,1070
449370,966,1064
449371,960,1057
449372,962,1058
449373,967,1054
449374,974,1055
449375,977,1051
449376,974,1048
449377,974,1044
449378,971,1046
449379,972,1045
449380,976,1045
449381,972,1041
449382,969,1038
449383,973,1034
449384,975,1038
449385,978,1039
449386,980,1039
449387,977,1039
449388,976,1036
449389,973,1032
449390,972,1032
449391,975,1038
449392,977,1039
449393,978,1034
449394,979,1034
449395,978,1034
449396,978,1036
449397,976,1039
449398,982,1042
449399,983,1039
449400,983,1035
449401,982,1035
449402,982,1035
449403,982,1038
449404,987,1039
449405,988,1039
449406,986,1036
449407,982,1031
449408,983,1034
449409,984,1035
449410,988,1036
449411,990,1036
449412,990,1032
449413,989,1032
449414,988,1029
449415,990,1036
449416,994,1035
449417,993,1032
449418,993,1031
449419,987,1029
449420,987,1030
449421,988,1034
449422,991,1034
449423,991,1035
449424,988,1033
449425,983,1032
449426,984,1035
449427,986,1039
449428,989,1039
449429,991,1035
449430,990,1034
449431,987,1028
449432,986,1029
449433,987,1031
449434,992,1035
449435,993,1031
449436,989,1028
449437,985,1024
449438,986,1026
449439,986,1031
449440,988,1032
449441,989,1033
449442,989,1031
449443,985,1033
449444,986,1033
449445,990,1036
449446,993,1040
449447,992,1037
449448,989,1036
449449,988,1034
449450,986,1035
449451,991,1038
449452,996,1038
449453,993,1038
449454,991,1037
449455,991,1036
449456,990,1037
449457,990,1041
449458,994,1043
449459,996,1040
449460,995,1035
449461,995,1037
449462,991,1035
449463,991,1039
449464,995,1038
449465,992,1038
449466,990,1036
449467,988,1034
449468,987,1033
449469,990,1035
449470,992,1038
449471,993,1036
449472,990,1035
449473,989,1031
449474,989,1035
449475,994,1037
449476,996,1040
449477,996,1041
449478,994,1036
449479,991,1035
449480,991,1035
449481,993,1036
449482,996,1038
449483,996,1036
449484,994,1032
449485,988,1033
449486,990,1034
449487,992,1036
449488,995,1038
449489,993,1038
449490,996,1034
449491,991,1033
449492,987,1033
449493,991,1035
449494,994,1040
449495,993,1038
449496,990,1035
449497,986,1032
449498,990,1034
449499,994,1038
449500,996,1040
449501,996,1041
449502,994,1036
449503,989,1039
449504,993,1041
449505,992,1046
449506,994,1049
449507,993,1054
449508,993,1058
449509,991,1065
449510,993,1064
449511,997,1054
449512,1004,1047
449513,1006,1034
449514,1002,1025
449515,997,1027
449516,998,1031
449517,1003,1033
449518,1006,1033
449519,1006,1031
449520,1006,1030
449521,1001,1028
449522,999,1034
449523,1003,1034
449524,1006,1037
449525,1004,1035
449526,999,1030
449527,996,1027
449528,998,1030
449529,1001,1035
449530,1001,1041
449531,1001,1037
449532,998,1037
449533,996,1038
449534,997,1046
449535,999,1059
449536,1000,1073
449537,998,1085
449538,993,1097
449539,990,1101
449540,989,1095
449541,994,1087
449542,998,1078
449543,1001,1070
449544,1002,1058
449545,1000,1044
449546,1005,1028
449547,1010,1024
449548,1011,1030
449549,1008,1050
449550,1003,1076
449551,999,1088
449552,999,1090
449553,999,1083
449554,1008,1073
449555,1014,1055
449556,1013,1040
449557,1014,1032
449558,1014,1027
449559,1015,1020
449560,1021,1018
449561,1022,1022
449562,1029,1028
449563,1035,1034
449564,1052,1029
449565,1071,1015
449566,1099,998
449567,1128,977
449568,1162,958
449569,1198,951
449570,1237,960
449571,1276,979
449572,1306,1007
449573,1313,1039
449574,1301,1070
449575,1264,1089
449576,1214,1103
449577,1164,1100
449578,1114,1092
449579,1059,1082
449580,1014,1074
449581,990,1067
449582,988,1075
449583,997,1106
449584,1004,1150
449585,1004,1179
449586,997,1169
449587,994,1120
449588,999,1061
449589,1005,1016
449590,1010,990
449591,1012,975
449592,1012,971
449593,1010,971
449594,1005,973
449595,1003,984
449596,1001,992
449597,1002,1001
449598,996,1005
449599,990,1011
449600,989,1014
449601,988,1020
449602,989,1028
449603,991,1029
449604,990,1034
449605,988,1031
449606,988,1036
449607,987,1040
449608,987,1045
449609,985,1044
449610,985,1041
449611,981,1042
449612,979,1042
449613,982,1046
449614,984,1045
449615,986,1046
449616,983,1043
449617,980,1041
449618,977,1043
449619,982,1043
449620,983,1047
449621,984,1043
449622,979,1039
449623,976,1038
449624,978,1039
449625,980,1043
449626,983,1042
449627,983,1040
449628,980,1036
449629,978,1034
449630,978,1034
449631,980,1035
449632,986,1033
449633,985,1030
449634,985,1028
449635,982,1023
449636,985,1024
449637,988,1024
449638,991,1024
449639,991,1023
449640,990,1018
449641,988,1017
449642,991,1019
449643,993,1018
449644,994,1017
449645,992,1013
449646,994,1013
449647,991,1008
449648,993,1010
449649,996,1011
449650,1002,1010
449651,1005,1005
449652,999,1002
449653,1001,1001
449654,1001,998
449655,1004,1003
449656,1006,1002
449657,1006,998
449658,1005,994
449659,1002,992
449660,1001,995
449661,1005,994
449662,1011,995
449663,1013,995
449664,1014,991
449665,1011,987
449666,1008,990
449667,1009,993
449668,1015,994
449669,1015,994
449670,1016,993
449671,1013,991
449672,1016,995
449673,1017,999
449674,1019,997
449675,1023,994
449676,1021,993
449677,1014,994
449678,1014,999
449679,1020,1003
449680,1022,1005
449681,1020,1006
449682,1017,1010
449683,1013,1010
449684,1012,1011
449685,1017,1017
449686,1017,1017
449687,1017,1017
449688,1014,1016
449689,1007,1018
449690,1009,1021
449691,1010,1024
449692,1011,1028
449693,1010,1028
449694,1010,1026
449695,1007,1025
449696,1005,1028
449697,1007,1031
449698,1008,1034
449699,1008,1032
449700,1005,1030
449701,1001,1029
449702,1003,1031
449703,1005,1032
449704,1007,1037
449705,1008,1034
449706,1002,1033
449707,1000,1029
449708,996,1031
449709,1000,1037
449710,1003,1036
449711,1002,1035
449712,1004,1033
449713,998,1031
449714,999,1033
449715,1000,1034
449716,999,1037
449717,1001,1035
449718,1000,1031
449719,997,1028
449720,1000,1031
449721,1002,1033
449722,1006,1035
449723,1004,1031
449724,1003,1028
449725,998,1028
449726,998,1026
449727,1002,1029
449728,1004,1029
449729,1004,1027
449730,1000,1024
449731,999,1024
449732,1001,1021
449733,1001,1024
449734,1004,1025
449735,1007,1024
449736,1002,1022
449737,1001,1021
449738,1001,1022
449739,1003,1026
449740,1005,1025
449741,1008,1022
449742,1005,1022
449743,1003,1019
449744,1002,1021
449745,1004,1024
449746,1008,1022
449747,1008,1021
449748,1005,1020
449749,1002,1020
449750,1004,1023
449751,1005,1028
449752,1005,1028
449753,1007,1029
449754,1002,1027
449755,1000,1028
449756,999,1031
449757,1004,1034
449758,1006,1037
449759,1006,1034
449760,1003,1033
449761,998,1032
449762,1001,1035
449763,1001,1038
449764,1004,1039
449765,1003,1037
449766,1002,1036
449767,998,1037
449768,1000,1036
449769,1000,1042
449770,1003,1041
449771,1003,1040
449772,1001,1035
449773,994,1034
449774,994,1035
449775,994,1039
449776,996,1040
449777,995,1036
449778,997,1036
449779,994,1034
449780,994,1036
449781,994,1038
449782,996,1040
449783,997,1037
449784,996,1034
449785,991,1031
449786,989,1029
449787,992,1033
449788,997,1034
449789,1000,1030
449790,1001,1029
449791,1002,1029
449792,1002,1032
449793,1001,1035
449794,1005,1039
449795,1002,1036
449796,1000,1034
449797,997,1034
449798,996,1034
449799,998,1036
449800,1002,1038
449801,1000,1039
449802,995,1036
449803,997,1035
449804,994,1039
449805,997,1041
449806,997,1041
449807,997,1040
449808,994,1036
449809,991,1035
449810,989,1037
449811,990,1042
449812,993,1049
449813,993,1051
449814,994,1053
449815,991,1053
449816,989,1051
449817,993,1049
449818,995,1046
449819,997,1045
449820,997,1042
449821,991,1044
449822,989,1049
449823,988,1053
449824,993,1054
449825,997,1053
449826,995,1049
449827,989,1046
449828,994,1051
449829,997,1054
449830,1002,1047
449831,1002,1038
449832,1000,1032
449833,996,1031
449834,997,1027
449835,997,1033
449836,998,1034
449837,1000,1031
449838,1000,1027
449839,995,1029
449840,998,1033
449841,1000,1036
449842,1000,1037
449843,1000,1038
449844,999,1035
449845,997,1035
449846,996,1039
449847,1000,1042
449848,1003,1044
449849,1004,1042
449850,1000,1040
449851,997,1038
449852,998,1037
449853,1000,1039
449854,1001,1041
449855,1000,1040
449856,995,1038
449857,993,1038
449858,992,1037
449859,998,1039
449860,1000,1041
449861,1000,1040
449862,997,1039
449863,992,1040
449864,993,1044
449865,996,1047
449866,998,1048
449867,1002,1047
449868,1005,1042
449869,998,1045
449870,1002,1045
449871,1007,1046
449872,1007,1047
449873,1011,1041
449874,1013,1037
449875,1017,1032
449876,1028,1029
449877,1044,1027
449878,1062,1024
449879,1086,1018
449880,1113,1005
449881,1141,989
449882,1174,980
449883,1214,981
449884,1254,986
449885,1286,1003
449886,1302,1023
449887,1296,1042
449888,1264,1054
449889,1207,1062
449890,1148,1071
449891,1079,1078
449892,1030,1082
449893,997,1083
449894,989,1078
449895,996,1068
449896,1008,1060
449897,1012,1048
449898,1009,1043
449899,1001,1037
449900,998,1038
449901,995,1040
449902,996,1043
449903,996,1041
449904,993,1040
449905,986,1040
449906,981,1042
449907,983,1045
449908,984,1043
449909,981,1041
449910,977,1041
449911,974,1042
449912,974,1043
449913,971,1043
449914,976,1044
449915,980,1041
449916,978,1038
449917,976,1038
449918,977,1044
449919,978,1047
449920,982,1049
449921,979,1047
449922,977,1042
449923,974,1043
449924,976,1043
449925,978,1041
449926,982,1044
449927,982,1040
449928,980,1036
449929,977,1034
449930,975,1037
449931,976,1037
449932,980,1041
449933,980,1036
449934,979,1036
449935,976,1033
449936,976,1031
449937,980,1035
449938,980,1035
449939,980,1030
449940,978,1027
449941,981,1023
449942,981,1025
449943,986,1027
449944,990,1029
449945,991,1027
449946,990,1025
449947,986,1024
449948,987,1025
449949,989,1028
449950,992,1023
449951,992,1022
449952,994,1019
449953,990,1018
449954,989,1019
449955,995,1019
449956,998,1020
449957,996,1015
449958,993,1013
449959,992,1012
449960,993,1014
449961,997,1017
449962,1001,1019
449963,1003,1018
449964,1002,1017
449965,1000,1015
449966,999,1016
449967,1002,1018
449968,1008,1020
449969,1007,1013
449970,1008,1005
449971,1003,999
449972,1003,1001
449973,1007,1001
449974,1011,1002
449975,1008,998
449976,1007,996
449977,1003,998
449978,1004,999
449979,1008,1000
449980,1011,1001
449981,1014,1000
449982,1008,1000
449983,1010,999
449984,1009,1000
449985,1014,1001
449986,1016,1005
449987,1016,1002
449988,1012,1001
449989,1013,1000
449990,1013,1004
449991,1018,1009
449992,1018,1011
449993,1018,1010
449994,1015,1012
449995,1011,1008
449996,1011,1016
449997,1010,1022
449998,1013,1024
449999,1011,1022
450000,1009,1023
450001,1005,1026
450002,1002,1031
450003,1005,1033
450004,1007,1035
450005,1003,1036
450006,1002,1036
450007,995,1036
450008,999,1040
450009,1002,1043
450010,1005,1045
450011,1005,1043
450012,1001,1038
450013,998,1036
450014,997,1038
450015,1000,1041
450016,1004,1040
450017,1006,1035
450018,1005,1030
450019,1005,1029
450020,1008,1033
450021,1013,1035
450022,1019,1038
450023,1023,1034
450024,1022,1035
450025,1023,1038
450026,1027,1038
450027,1033,1039
450028,1047,1036
450029,1061,1025
450030,1072,1007
450031,1079,991
450032,1092,974
450033,1107,967
450034,1127,953
450035,1144,935
450036,1157,914
450037,1170,895
450038,1188,871
450039,1210,848
450040,1232,827
450041,1250,808
450042,1262,796
450043,1269,788
450044,1272,787
450045,1268,787
450046,1266,791
450047,1261,786
450048,1255,783
450049,1244,780
450050,1226,788
450051,1211,794
450052,1193,802
450053,1170,811
450054,1146,818
450055,1122,831
450056,1098,848
450057,1085,866
450058,1072,879
450059,1067,898
450060,1063,912
450061,1057,928
450062,1051,942
450063,1047,954
450064,1050,966
450065,1058,976
450066,1064,983
450067,1079,986
450068,1082,986
450069,1077,992
450070,1059,1001
450071,1023,1007
450072,990,1012
450073,963,1027
450074,949,1042
450075,944,1059
450076,943,1066
450077,939,1070
450078,934,1072
450079,924,1074
450080,917,1080
450081,916,1087
450082,918,1090
450083,917,1092
450084,913,1091
450085,909,1091
450086,909,1099
450087,909,1101
450088,910,1105
450089,909,1104
450090,905,1104
450091,900,1103
450092,899,1108
450093,901,1114
450094,903,1114
450095,901,1114
450096,896,1114
450097,894,1117
450098,892,1119
450099,890,1125
450100,889,1131
450101,888,1132
450102,885,1129
450103,883,1132
450104,880,1132
450105,883,1136
450106,884,1136
450107,879,1137
450108,879,1138
450109,874,1136
450110,872,1141
450111,875,1146
450112,876,1150
450113,874,1148
450114,871,1149
450115,870,1151
450116,867,1156
450117,871,1163
450118,878,1165
450119,882,1163
450120,876,1161
450121,872,1166
450122,873,1169
450123,879,1173
450124,881,1174
450125,882,1175
450126,882,1173
450127,883,1173
450128,882,1175
450129,889,1180
450130,895,1180
450131,896,1176
450132,898,1175
450133,899,1170
450134,901,1173
450135,907,1173
450136,915,1172
450137,915,1170
450138,914,1163
450139,913,1160
450140,919,1155
450141,925,1155
450142,933,1154
450143,931,1149
450144,933,1148
450145,932,1146
450146,935,1146
450147,945,1144
450148,951,1137
450149,956,1129
450150,954,1117
450151,954,1108
450152,954,1102
450153,958,1099
450154,964,1095
450155,966,1091
450156,966,1086
450157,963,1083
450158,964,1075
450159,970,1072
450160,974,1064
450161,975,1057
450162,973,1049
450163,969,1046
450164,971,1044
450165,972,1046
450166,974,1042
450167,973,1044
450168,971,1040
450169,969,1037
450170,965,1037
450171,970,1041
450172,974,1037
450173,973,1037
450174,969,1031
450175,967,1031
450176,970,1034
450177,973,1035
450178,974,1037
450179,974,1034
450180,970,1032
450181,971,1031
450182,971,1033
450183,974,1035
450184,975,1035
450185,977,1033
450186,976,1034
450187,973,1034
450188,976,1036
450189,979,1040
450190,982,1041
450191,981,1039
450192,980,1037
450193,979,1036
450194,977,1037
450195,978,1040
450196,983,1046
450197,984,1045
450198,981,1041
450199,981,1042
450200,980,1044
450201,980,1041
450202,984,1037
450203,983,1029
450204,981,1023
450205,980,1021
450206,981,1025
450207,987,1029
450208,987,1033
450209,987,1036
450210,983,1037
450211,978,1041
450212,974,1042
450213,978,1043
450214,980,1039
450215,984,1035
450216,982,1034
450217,978,1036
450218,980,1041
450219,979,1046
450220,984,1040
450221,984,1031
450222,983,1021
450223,977,1020
450224,980,1030
450225,980,1040
450226,981,1045
450227,977,1043
450228,977,1037
450229,975,1028
450230,978,1021
450231,979,1021
450232,981,1020
450233,980,1018
450234,977,1016
450235,977,1020
450236,978,1022
450237,984,1028
450238,987,1029
450239,985,1030
450240,979,1032
450241,978,1034
450242,978,1033
450243,980,1036
450244,985,1035
450245,985,1031
450246,983,1031
450247,979,1033
450248,977,1034
450249,981,1035
450250,984,1034
450251,983,1034
450252,980,1030
450253,978,1032
450254,978,1032
450255,981,1036
450256,987,1037
450257,987,1037
450258,983,1032
450259,979,1032
450260,977,1033
450261,981,1037
450262,984,1038
450263,980,1034
450264,977,1030
450265,974,1030
450266,975,1033
450267,977,1037
450268,978,1035
450269,976,1033
450270,974,1030
450271,970,1031
450272,966,1032
450273,970,1032
450274,973,1032
450275,972,1031
450276,970,1028
450277,968,1027
450278,970,1029
450279,972,1034
450280,977,1032
450281,978,1032
450282,975,1028
450283,975,1028
450284,973,1029
450285,973,1032
450286,975,1033
450287,977,1033
450288,975,1029
450289,972,1028
450290,971,1029
450291,975,1034
450292,975,1034
450293,974,1033
450294,974,1030
450295,975,1031
450296,973,1032
450297,978,1033
450298,976,1033
450299,980,1032
450300,980,1027
450301,980,1027
450302,979,1028
450303,981,1030
450304,986,1031
450305,984,1028
450306,984,1024
450307,979,1026
450308,978,1027
450309,985,1027
450310,992,1028
450311,988,1024
450312,985,1025
450313,986,1023
450314,991,1022
450315,997,1026
450316,1002,1022
450317,1003,1017
450318,1009,1013
450319,1014,1011
450320,1020,1010
450321,1031,1011
450322,1044,1008
450323,1047,1010
450324,1050,1004
450325,1051,1005
450326,1058,1008
450327,1063,1013
450328,1070,1016
450329,1074,1015
450330,1078,1016
450331,1081,1017
450332,1091,1024
450333,1104,1035
450334,1114,1042
450335,1124,1052
450336,1130,1059
450337,1137,1067
450338,1145,1074
450339,1158,1081
450340,1174,1092
450341,1187,1099
450342,1201,1102
450343,1211,1108
450344,1228,1113
450345,1243,1123
450346,1259,1131
450347,1281,1131
450348,1304,1132
450349,1328,1128
450350,1351,1131
450351,1370,1144
450352,1382,1157
450353,1386,1165
450354,1383,1165
450355,1379,1171
450356,1366,1182
450357,1347,1193
450358,1312,1197
450359,1269,1191
450360,1222,1177
450361,1174,1159
450362,1129,1137
450363,1092,1121
450364,1055,1099
450365,1015,1078
450366,982,1063
450367,963,1049
450368,955,1040
450369,943,1038
450370,932,1031
450371,923,1022
450372,913,1017
450373,903,1011
450374,905,1013
450375,905,1012
450376,907,1011
450377,899,1008
450378,892,1004
450379,889,1004
450380,887,1006
450381,886,1008
450382,885,1005
450383,876,1002
450384,874,1001
450385,874,999
450386,870,1003
450387,868,1005
450388,866,1002
450389,863,999
450390,859,993
450391,851,996
450392,853,997
450393,852,996
450394,854,997
450395,847,992
450396,838,986
450397,835,985
450398,834,986
450399,835,989
450400,834,987
450401,829,984
450402,823,983
450403,817,981
450404,814,983
450405,814,985
450406,814,984
450407,809,975
450408,802,968
450409,795,964
450410,789,963
450411,789,967
450412,791,965
450413,787,959
450414,782,956
450415,776,952
450416,769,952
450417,769,955
450418,770,951
450419,766,947
450420,760,944
450421,758,940
450422,757,941
450423,755,941
450424,757,941
450425,753,934
450426,752,929
450427,750,926
450428,746,924
450429,748,924
450430,750,921
450431,749,916
450432,752,913
450433,751,912
450434,756,914
450435,759,914
450436,761,913
450437,766,911
450438,768,908
450439,769,911
450440,772,912
450441,778,917
450442,785,921
450443,791,922
450444,793,922
450445,793,924
450446,800,927
450447,807,932
450448,816,934
450449,821,934
450450,824,931
450451,826,938
450452,831,944
450453,840,949
450454,850,951
450455,850,952
450456,855,953
450457,860,957
450458,863,963
450459,872,967
450460,880,973
450461,883,975
450462,887,975
450463,893,982
450464,899,987
450465,905,990
450466,916,994
450467,917,994
450468,916,994
450469,915,997
450470,917,1001
450471,924,1005
450472,927,1005
450473,928,1008
450474,931,1009
450475,933,1008
450476,938,1008
450477,944,1016
450478,949,1019
450479,952,1018
450480,949,1017
450481,945,1016
450482,948,1018
450483,952,1017
450484,961,1013
450485,960,1009
450486,959,1006
450487,958,1005
450488,960,1010
450489,963,1014
450490,966,1012
450491,964,1015
450492,964,1012
450493,960,1012
450494,959,1015
450495,961,1018
450496,964,1019
450497,964,1019
450498,961,1016
450499,958,1017
450500,959,1020
450501,967,1023
450502,971,1022
450503,969,1021
450504,967,1017
450505,964,1016
450506,967,1018
450507,969,1021
450508,969,1024
450509,968,1023
450510,967,1021
450511,966,1017
450512,966,1020
450513,968,1024
450514,971,1024
450515,969,1021
450516,967,1020
450517,966,1020
450518,965,1021
450519,966,1025
450520,969,1028
450521,967,1029
450522,967,1028
450523,962,1029
450524,965,1031
450525,965,1031
450526,969,1028
450527,971,1022
450528,967,1010
450529,964,1007
450530,964,1010
450531,967,1010
450532,969,1007
450533,970,1006
450534,969,1002
450535,965,1004
450536,966,1008
450537,972,1016
450538,973,1017
450539,974,1017
450540,972,1013
450541,970,1013
450542,968,1014
450543,975,1018
450544,977,1019
450545,981,1017
450546,972,1015
450547,970,1019
450548,974,1023
450549,975,1026
450550,979,1025
450551,977,1028
450552,971,1026
450553,970,1027
450554,971,1030
450555,972,1033
450556,975,1030
450557,975,1028
450558,974,1027
450559,971,1027
450560,973,1032
450561,973,1035
450562,976,1034
450563,974,1032
450564,971,1031
450565,970,1029
450566,972,1031
450567,976,1034
450568,980,1036
450569,976,1031
450570,974,1030
450571,970,1028
450572,972,1031
450573,974,1030
450574,975,1030
450575,974,1029
450576,973,1026
450577,971,1025
450578,972,1028
450579,974,1028
450580,977,1029
450581,977,1028
450582,973,1022
450583,969,1022
450584,969,1026
450585,969,1033
450586,975,1032
450587,973,1030
450588,974,1027
450589,972,1030
450590,973,1029
450591,972,1032
450592,973,1033
450593,972,1031
450594,974,1031
450595,971,1031
450596,973,1031
450597,976,1034
450598,978,1035
450599,977,1031
450600,974,1030
450601,974,1030
450602,975,1034
450603,979,1038
450604,980,1038
450605,979,1036
450606,978,1035
450607,977,1036
450608,977,1039
450609,980,1042
450610,983,1041
450611,982,1041
450612,980,1039
450613,978,1041
450614,980,1043
450615,980,1045
450616,983,1040
450617,981,1038
450618,979,1032
450619,982,1026
450620,981,1024
450621,981,1023
450622,985,1022
450623,983,1020
450624,980,1020
450625,976,1022
450626,980,1023
450627,982,1024
450628,987,1023
450629,984,1025
450630,982,1021
450631,978,1024
450632,978,1025
450633,981,1026
450634,982,1029
450635,981,1025
450636,980,1025
450637,978,1026
450638,978,1028
450639,985,1034
450640,984,1033
450641,985,1032
450642,982,1027
450643,979,1029
450644,980,1033
450645,980,1034
450646,983,1035
450647,984,1035
450648,983,1032
450649,979,1032
450650,981,1033
450651,983,1036
450652,988,1036
450653,987,1037
450654,986,1035
450655,983,1032
450656,983,1035
450657,984,1038
450658,987,1041
450659,988,1038
450660,989,1034
450661,986,1034
450662,987,1038
450663,990,1037
450664,996,1037
450665,994,1037
450666,994,1032
450667,993,1032
450668,995,1032
450669,994,1035
450670,998,1032
450671,997,1029
450672,997,1025
450673,995,1022
450674,998,1021
450675,1004,1022
450676,1014,1017
450677,1022,1013
450678,1031,1008
450679,1044,1004
450680,1070,1000
450681,1098,996
450682,1126,983
450683,1160,974
450684,1188,970
450685,1221,972
450686,1251,986
450687,1274,1008
450688,1279,1020
450689,1261,1026
450690,1226,1026
450691,1175,1031
450692,1126,1047
450693,1081,1065
450694,1036,1070
450695,998,1076
450696,977,1073
450697,974,1065
450698,987,1055
450699,992,1050
450700,1000,1043
450701,998,1038
450702,990,1039
450703,982,1038
450704,979,1037
450705,980,1039
450706,981,1038
450707,980,1035
450708,979,1032
450709,977,1033
450710,977,1035
450711,978,1035
450712,979,1034
450713,976,1032
450714,973,1027
450715,972,1026
450716,968,1032
450717,971,1036
450718,975,1033
450719,973,1030
450720,971,1029
450721,966,1027
450722,974,1029
450723,975,1030
450724,976,1033
450725,975,1030
450726,974,1026
450727,968,1027
450728,969,1029
450729,970,1032
450730,974,1032
450731,973,1030
450732,968,1024
450733,967,1026
450734,967,1029
450735,969,1030
450736,974,1032
450737,973,1029
450738,968,1028
450739,967,1029
450740,970,1030
450741,973,1031
450742,978,1031
450743,976,1030
450744,973,1028
450745,973,1030
450746,975,1030
450747,977,1031
450748,979,1029
450749,979,1029
450750,979,1025
450751,980,1024
450752,976,1025
450753,982,1029
450754,987,1027
450755,989,1022
450756,989,1018
450757,989,1016
450758,992,1020
450759,996,1023
450760,993,1021
450761,996,1020
450762,993,1015
450763,993,1013
450764,990,1010
450765,995,1005
450766,998,1006
450767,996,1001
450768,993,999
450769,994,1001
450770,993,1003
450771,997,1005
450772,998,1004
450773,995,999
450774,991,997
450775,991,998
450776,993,1000
450777,997,1001
450778,1000,1001
450779,998,999
450780,992,997
450781,995,998
450782,993,1000
450783,999,1004
450784,1002,1004
450785,1002,1003
450786,1002,1003
450787,1000,1003
450788,1004,1003
450789,1007,1005
450790,1011,1005
450791,1010,1003
450792,1007,1003
450793,1009,1004
450794,1007,1008
450795,1010,1012
450796,1015,1012
450797,1012,1009
450798,1009,1008
450799,1008,1009
450800,1008,1011
450801,1009,1016
450802,1011,1017
450803,1010,1017
450804,1004,1017
450805,1002,1019
450806,1004,1021
450807,1006,1024
450808,1007,1023
450809,1006,1023
450810,1007,1020
450811,1004,1025
450812,1001,1030
450813,1003,1032
450814,1003,1031
450815,999,1029
450816,995,1029
450817,992,1027
450818,990,1033
450819,992,1039
450820,995,1037
450821,992,1033
450822,991,1029
450823,984,1028
450824,986,1032
450825,983,1035
450826,989,1034
450827,988,1031
450828,988,1028
450829,984,1029
450830,985,1033
450831,986,1037
450832,989,1038
450833,992,1035
450834,986,1034
450835,983,1035
450836,983,1037
450837,987,1039
450838,992,1040
450839,989,1038
450840,990,1034
450841,989,1033
450842,992,1035
450843,993,1038
450844,994,1036
450845,993,1034
450846,992,1030
450847,990,1030
450848,994,1031
450849,997,1033
450850,999,1034
450851,999,1030
450852,995,1028
450853,996,1029
450854,999,1030
450855,1001,1034
450856,1004,1031
450857,1001,1028
450858,999,1025
450859,1002,1026
450860,1002,1029
450861,1000,1031
450862,1005,1031
450863,1003,1028
450864,1002,1026
450865,998,1026
450866,998,1029
450867,999,1031
450868,1000,1030
450869,998,1031
450870,993,1024
450871,994,1025
450872,993,1028
450873,994,1031
450874,997,1028
450875,993,1030
450876,990,1026
450877,984,1026
450878,985,1031
450879,990,1032
450880,991,1031
450881,991,1029
450882,989,1025
450883,985,1029
450884,989,1033
450885,991,1037
450886,993,1040
450887,990,1037
450888,987,1038
450889,984,1034
450890,986,1036
450891,988,1039
450892,988,1037
450893,988,1037
450894,986,1035
450895,982,1037
450896,983,1040
450897,986,1042
450898,988,1039
450899,987,1039
450900,985,1035
450901,983,1036
450902,985,1037
450903,988,1037
450904,990,1038
450905,990,1036
450906,990,1032
450907,988,1034
450908,994,1033
450909,993,1034
450910,999,1037
450911,997,1033
450912,993,1032
450913,992,1031
450914,996,1034
450915,996,1033
450916,1000,1033
450917,998,1030
450918,1003,1023
450919,1008,1023
450920,1019,1024
450921,1030,1021
450922,1049,1020
450923,1067,1014
450924,1085,1005
450925,1114,991
450926,1146,985
450927,1178,980
450928,1213,979
450929,1240,983
450930,1260,1000
450931,1264,1017
450932,1249,1026
450933,1221,1029
450934,1181,1031
450935,1130,1036
450936,1084,1049
450937,1035,1063
450938,995,1073
450939,973,1083
450940,965,1081
450941,969,1071
450942,973,1058
450943,975,1049
450944,981,1043
450945,985,1039
450946,986,1035
450947,980,1032
450948,978,1026
450949,974,1028
450950,972,1032
450951,971,1036
450952,972,1037
450953,972,1036
450954,969,1035
450955,967,1035
450956,966,1040
450957,965,1042
450958,967,1041
450959,965,1041
450960,963,1038
450961,961,1037
450962,963,1038
450963,963,1039
450964,965,1039
450965,966,1036
450966,964,1033
450967,963,1039
450968,965,1039
450969,968,1041
450970,969,1040
450971,969,1040
450972,967,1034
450973,966,1035
450974,967,1038
450975,969,1040
450976,970,1038
450977,971,1037
450978,967,1034
450979,966,1036
450980,968,1036
450981,967,1039
450982,972,1038
450983,971,1033
450984,965,1032
450985,963,1030
450986,968,1036
450987,969,1037
450988,970,1036
450989,971,1032
450990,969,1032
450991,966,1034
450992,967,1037
450993,970,1035
450994,970,1031
450995,968,1029
450996,971,1022
450997,967,1023
450998,971,1025
450999,971,1025
451000,973,1024
451001,975,1023
451002,977,1018
451003,973,1020
451004,976,1021
451005,980,1023
451006,986,1022
451007,985,1019
451008,985,1014
451009,983,1011
451010,987,1010
451011,989,1009
451012,994,1006
451013,994,1005
451014,992,1001
451015,988,1002
451016,987,1001
451017,993,1001
451018,998,999
451019,996,996
451020,992,990
451021,994,987
451022,995,988
451023,994,992
451024,996,993
451025,1002,993
451026,999,991
451027,998,987
451028,1002,985
451029,1002,987
451030,1003,991
451031,1004,989
451032,1001,989
451033,998,988
451034,999,994
451035,1000,999
451036,1001,998
451037,1001,996
451038,997,993
451039,998,994
451040,998,1001
451041,999,1009
451042,999,1011
451043,993,1015
451044,989,1016
451045,991,1018
451046,988,1021
451047,992,1024
451048,993,1025
451049,991,1025
451050,985,1026
451051,982,1028
451052,983,1031
451053,984,1037
451054,983,1041
451055,979,1044
451056,974,1043
451057,970,1045
451058,974,1048
451059,977,1052
451060,981,1050
451061,977,1045
451062,978,1039
451063,975,1038
451064,980,1039
451065,979,1046
451066,982,1047
451067,980,1043
451068,979,1042
451069,976,1044
451070,979,1045
451071,980,1048
451072,984,1046
451073,983,1045
451074,982,1041
451075,982,1043
451076,983,1048
451077,986,1048
451078,989,1046
451079,987,1042
451080,985,1037
451081,985,1036
451082,984,1037
451083,984,1041
451084,989,1040
451085,988,1040
451086,983,1037
451087,983,1034
451088,983,1036
451089,985,1039
451090,987,1036
451091,986,1034
451092,982,1033
451093,981,1035
451094,981,1039
451095,985,1044
451096,985,1041
451097,983,1033
451098,980,1030
451099,979,1031
451100,979,1033
451101,981,1041
451102,986,1044
451103,982,1043
451104,981,1039
451105,978,1038
451106,979,1039
451107,979,1041
451108,980,1041
451109,980,1038
451110,978,1037
451111,975,1038
451112,978,1039
451113,981,1042
451114,985,1042
451115,982,1039
451116,980,1042
451117,976,1043
451118,975,1043
451119,978,1046
451120,979,1044
451121,976,1045
451122,977,1045
451123,975,1047
451124,977,1045
451125,981,1047
451126,982,1047
451127,981,1043
451128,978,1040
451129,976,1039
451130,979,1040
451131,982,1042
451132,983,1041
451133,984,1042
451134,983,1042
451135,977,1044
451136,980,1046
451137,981,1049
451138,986,1046
451139,985,1043
451140,978,1042
451141,979,1042
451142,978,1042
451143,985,1041
451144,987,1043
451145,985,1043
451146,986,1043
451147,982,1041
451148,985,1043
451149,988,1046
451150,990,1043
451151,985,1045
451152,985,1039
451153,983,1040
451154,982,1046
451155,990,1047
451156,989,1049
451157,990,1046
451158,989,1046
451159,985,1045
451160,989,1049
451161,994,1047
451162,999,1039
451163,1004,1032
451164,1007,1028
451165,1017,1029
451166,1031,1030
451167,1048,1028
451168,1076,1016
451169,1101,1001
451170,1130,982
451171,1162,976
451172,1198,978
451173,1231,993
451174,1250,1012
451175,1245,1026
451176,1222,1033
451177,1178,1038
451178,1127,1047
451179,1075,1065
451180,1031,1084
451181,993,1088
451182,970,1093
451183,968,1091
451184,974,1078
451185,984,1063
451186,988,1055
451187,987,1045
451188,985,1039
451189,982,1036
451190,978,1037
451191,976,1040
451192,978,1039
451193,977,1039
451194,973,1037
451195,971,1038
451196,968,1042
451197,967,1046
451198,967,1046
451199,965,1043
451200,965,1040
451201,967,1045
451202,964,1047
451203,969,1049
451204,966,1051
451205,966,1051
451206,965,1050
451207,966,1051
451208,967,1048
451209,967,1051
451210,967,1050
451211,965,1046
451212,960,1039
451213,961,1038
451214,962,1043
451215,962,1044
451216,967,1045
451217,963,1047
451218,963,1045
451219,960,1048
451220,961,1048
451221,962,1051
451222,965,1047
451223,967,1043
451224,967,1040
451225,966,1041
451226,967,1041
451227,967,1042
451228,972,1036
451229,970,1032
451230,970,1030
451231,970,1036
451232,973,1040
451233,976,1040
451234,979,1036
451235,976,1029
451236,973,1024
451237,974,1027
451238,976,1026
451239,983,1031
451240,982,1029
451241,981,1022
451242,981,1017
451243,978,1014
451244,980,1012
451245,985,1015
451246,988,1014
451247,986,1012
451248,982,1006
451249,982,1004
451250,985,1003
451251,990,1005
451252,992,1003
451253,988,1002
451254,988,998
451255,986,998
451256,991,997
451257,994,997
451258,994,995
451259,993,992
451260,989,989
451261,991,988
451262,993,991
451263,995,992
451264,1002,994
451265,1002,992
451266,999,992
451267,996,991
451268,999,996
451269,1005,999
451270,1006,1004
451271,1003,1004
451272,1003,1000
451273,1004,1000
451274,1004,1002
451275,1005,1002
451276,1008,1003
451277,1013,1000
451278,1009,1001
451279,1000,1005
451280,1004,1013
451281,1005,1018
451282,1010,1014
451283,1006,1015
451284,1004,1015
451285,998,1022
451286,999,1031
451287,999,1036
451288,1001,1035
451289,997,1031
451290,995,1029
451291,993,1030
451292,994,1034
451293,995,1042
451294,995,1041
451295,992,1042
451296,989,1037
451297,988,1037
451298,989,1042
451299,991,1047
451300,990,1051
451301,990,1052
451302,987,1047
451303,987,1045
451304,991,1045
451305,993,1047
451306,994,1046
451307,991,1043
451308,992,1042
451309,991,1044
451310,989,1046
451311,995,1045
451312,996,1041
451313,994,1041
451314,995,1039
451315,995,1040
451316,996,1043
451317,1004,1044
451318,1005,1040
451319,1008,1038
451320,1010,1038
451321,1011,1037
451322,1012,1042
451323,1017,1048
451324,1024,1051
451325,1028,1055
451326,1030,1058
451327,1035,1053
451328,1049,1042
451329,1060,1030
451330,1077,1009
451331,1089,995
451332,1098,982
451333,1106,974
451334,1119,964
451335,1132,956
451336,1148,939
451337,1159,915
451338,1172,888
451339,1182,869
451340,1198,857
451341,1213,850
451342,1224,839
451343,1235,828
451344,1238,821
451345,1236,824
451346,1233,833
451347,1234,842
451348,1233,845
451349,1227,842
451350,1216,842
451351,1204,848
451352,1190,860
451353,1176,873
451354,1159,884
451355,1136,890
451356,1113,897
451357,1093,907
451358,1082,924
451359,1074,937
451360,1071,949
451361,1064,958
451362,1060,964
451363,1055,969
451364,1052,980
451365,1053,987
451366,1058,993
451367,1064,997
451368,1065,997
451369,1071,996
451370,1072,999
451371,1063,1005
451372,1036,1011
451373,1003,1023
451374,977,1031
451375,956,1045
451376,948,1063
451377,947,1075
451378,944,1085
451379,938,1088
451380,931,1086
451381,924,1087
451382,921,1096
451383,921,1103
451384,923,1102
451385,914,1098
451386,914,1096
451387,909,1098
451388,906,1106
451389,906,1112
451390,908,1111
451391,907,1105
451392,903,1103
451393,897,1106
451394,895,1110
451395,899,1115
451396,900,1118
451397,896,1121
451398,894,1119
451399,892,1122
451400,893,1127
451401,894,1132
451402,896,1135
451403,893,1137
451404,888,1133
451405,886,1131
451406,883,1136
451407,880,1143
451408,885,1144
451409,879,1145
451410,877,1147
451411,874,1151
451412,874,1156
451413,876,1161
451414,877,1165
451415,874,1161
451416,872,1165
451417,869,1169
451418,870,1175
451419,873,1182
451420,872,1184
451421,870,1184
451422,867,1185
451423,866,1186
451424,867,1188
451425,872,1193
451426,872,1194
451427,873,1195
451428,874,1193
451429,875,1192
451430,877,1193
451431,883,1194
451432,887,1195
451433,887,1188
451434,886,1183
451435,886,1179
451436,890,1178
451437,899,1178
451438,903,1175
451439,907,1171
451440,908,1168
451441,911,1164
451442,915,1162
451443,922,1153
451444,929,1145
451445,930,1138
451446,933,1134
451447,933,1130
451448,940,1128
451449,945,1127
451450,951,1117
451451,953,1112
451452,955,1104
451453,955,1102
451454,961,1098
451455,966,1095
451456,969,1093
451457,969,1086
451458,967,1081
451459,966,1078
451460,969,1077
451461,976,1079
451462,978,1075
451463,977,1071
451464,976,1067
451465,974,1069
451466,975,1070
451467,980,1073
451468,980,1071
451469,978,1059
451470,979,1055
451471,980,1052
451472,983,1054
451473,985,1060
451474,986,1058
451475,984,1054
451476,981,1047
451477,983,1042
451478,986,1042
451479,988,1043
451480,990,1045
451481,989,1044
451482,989,1042
451483,987,1040
451484,985,1041
451485,990,1043
451486,993,1044
451487,993,1044
451488,992,1042
451489,990,1043
451490,991,1046
451491,995,1045
451492,994,1041
451493,994,1037
451494,993,1035
451495,990,1037
451496,994,1039
451497,997,1040
451498,998,1040
451499,998,1044
451500,994,1042
451501,993,1042
451502,994,1046
451503,996,1048
451504,998,1052
451505,998,1047
451506,997,1045
451507,997,1043
451508,999,1045
451509,1002,1047
451510,1004,1051
451511,997,1049
451512,995,1046
451513,995,1044
451514,998,1046
451515,1000,1051
451516,1001,1048
451517,1000,1045
451518,995,1045
451519,990,1047
451520,991,1054
451521,995,1053
451522,998,1045
451523,998,1039
451524,996,1036
451525,996,1039
451526,995,1043
451527,1001,1043
451528,1000,1043
451529,997,1041
451530,994,1043
451531,993,1045
451532,995,1048
451533,998,1044
451534,1003,1043
451535,1002,1041
451536,998,1040
451537,999,1041
451538,998,1042
451539,999,1045
451540,1003,1046
451541,1000,1044
451542,999,1041
451543,996,1042
451544,998,1043
451545,997,1051
451546,997,1051
451547,997,1050
451548,995,1050
451549,992,1045
451550,997,1044
451551,1000,1043
451552,1001,1042
451553,998,1040
451554,997,1040
451555,995,1044
451556,996,1044
451557,1000,1046
451558,1000,1045
451559,1000,1049
451560,999,1049
451561,997,1049
451562,995,1048
451563,1003,1044
451564,1006,1042
451565,1005,1040
451566,1002,1041
451567,999,1042
451568,999,1047
451569,1002,1050
451570,1004,1046
451571,1002,1044
451572,999,1045
451573,998,1043
451574,999,1045
451575,1002,1049
451576,1005,1048
451577,1005,1042
451578,1002,1041
451579,1000,1038
451580,1001,1041
451581,1001,1043
451582,1003,1043
451583,1003,1046
451584,1000,1043
451585,1000,1046
451586,1002,1049
451587,1005,1049
451588,1005,1047
451589,1003,1044
451590,1000,1039
451591,1001,1039
451592,1002,1044
451593,1001,1051
451594,1004,1050
451595,1002,1049
451596,1002,1044
451597,998,1045
451598,999,1049
451599,1002,1049
451600,1005,1046
451601,1005,1042
451602,1003,1040
451603,1002,1040
451604,1002,1042
451605,1006,1046
451606,1007,1042
451607,1007,1042
451608,1006,1040
451609,1004,1041
451610,1008,1043
451611,1010,1047
451612,1011,1049
451613,1012,1050
451614,1007,1047
451615,1008,1048
451616,1011,1045
451617,1012,1045
451618,1015,1041
451619,1016,1037
451620,1014,1034
451621,1011,1036
451622,1014,1040
451623,1017,1040
451624,1016,1042
451625,1015,1039
451626,1017,1035
451627,1020,1034
451628,1027,1032
451629,1038,1030
451630,1056,1025
451631,1073,1022
451632,1092,1017
451633,1114,1014
451634,1145,1002
451635,1180,992
451636,1212,981
451637,1239,983
451638,1265,989
451639,1281,1012
451640,1287,1027
451641,1272,1037
451642,1234,1036
451643,1182,1037
451644,1132,1046
451645,1081,1058
451646,1040,1069
451647,1016,1071
451648,1007,1066
451649,1007,1056
451650,1013,1043
451651,1015,1035
451652,1014,1036
451653,1012,1041
451654,1008,1040
451655,1003,1033
451656,999,1034
451657,995,1036
451658,995,1039
451659,998,1040
451660,996,1040
451661,996,1039
451662,992,1036
451663,989,1036
451664,991,1040
451665,990,1046
451666,993,1046
451667,987,1045
451668,986,1043
451669,986,1048
451670,987,1050
451671,989,1052
451672,991,1049
451673,988,1044
451674,985,1041
451675,986,1045
451676,989,1049
451677,991,1052
451678,990,1052
451679,990,1051
451680,991,1046
451681,989,1044
451682,992,1047
451683,993,1054
451684,995,1054
451685,993,1053
451686,990,1048
451687,987,1048
451688,988,1053
451689,992,1053
451690,993,1046
451691,993,1037
451692,992,1036
451693,989,1036
451694,991,1042
451695,993,1046
451696,993,1045
451697,993,1043
451698,992,1044
451699,992,1045
451700,993,1045
451701,999,1045
451702,1000,1045
451703,999,1040
451704,998,1037
451705,993,1036
451706,995,1038
451707,999,1039
451708,1001,1037
451709,1002,1032
451710,999,1025
451711,1000,1025
451712,1004,1026
451713,1006,1031
451714,1008,1029
451715,1006,1025
451716,1002,1021
451717,1003,1020
451718,1002,1018
451719,1007,1021
451720,1010,1019
451721,1010,1016
451722,1005,1014
451723,1008,1015
451724,1011,1017
451725,1011,1018
451726,1015,1017
451727,1016,1017
451728,1012,1010
451729,1014,1007
451730,1017,1006
451731,1024,1006
451732,1026,1007
451733,1024,1004
451734,1026,1004
451735,1024,1008
451736,1027,1009
451737,1028,1011
451738,1031,1012
451739,1033,1013
451740,1029,1011
451741,1028,1011
451742,1031,1009
451743,1032,1010
451744,1036,1013
451745,1034,1011
451746,1031,1015
451747,1030,1018
451748,1030,1022
451749,1032,1030
451750,1032,1028
451751,1030,1030
451752,1026,1024
451753,1025,1026
451754,1025,1031
451755,1027,1034
451756,1025,1038
451757,1021,1037
451758,1019,1039
451759,1014,1040
451760,1014,1039
451761,1015,1038
451762,1016,1035
451763,1011,1037
451764,1005,1038
451765,1003,1041
451766,1006,1044
451767,1006,1046
451768,1010,1042
451769,1010,1046
451770,1006,1046
451771,1008,1045
451772,1007,1045
451773,1009,1050
451774,1012,1051
451775,1008,1047
451776,1004,1046
451777,1001,1044
451778,1000,1047
451779,1007,1049
451780,1013,1046
451781,1012,1043
451782,1006,1041
451783,1008,1042
451784,1011,1048
451785,1013,1048
451786,1014,1050
451787,1012,1048
451788,1009,1043
451789,1010,1039
451790,1010,1037
451791,1012,1039
451792,1015,1033
451793,1015,1035
451794,1010,1034
451795,1007,1040
451796,1008,1040
451797,1014,1043
451798,1013,1044
451799,1012,1040
451800,1011,1037
451801,1010,1033
451802,1010,1038
451803,1010,1044
451804,1008,1045
451805,1008,1039
451806,1007,1034
451807,1005,1037
451808,1008,1040
451809,1012,1041
451810,1013,1038
451811,1011,1034
451812,1008,1031
451813,1004,1035
451814,1004,1042
451815,1006,1044
451816,1009,1038
451817,1009,1034
451818,1004,1034
451819,1006,1038
451820,1006,1042
451821,1006,1046
451822,1008,1047
451823,1004,1043
451824,1003,1041
451825,1000,1042
451826,1001,1042
451827,1005,1046
451828,1006,1044
451829,1002,1038
451830,1003,1037
451831,1001,1036
451832,1000,1042
451833,1004,1046
451834,1003,1044
451835,1006,1042
451836,1000,1043
451837,999,1043
451838,998,1046
451839,1003,1050
451840,1002,1050
451841,1001,1046
451842,1000,1041
451843,994,1043
451844,998,1044
451845,997,1047
451846,1000,1047
451847,999,1044
451848,995,1043
451849,994,1043
451850,993,1044
451851,1000,1043
451852,1003,1036
451853,999,1033
451854,999,1033
451855,996,1036
451856,999,1040
451857,1003,1045
451858,1004,1044
451859,1002,1042
451860,998,1041
451861,995,1042
451862,1000,1043
451863,1000,1045
451864,1000,1041
451865,1001,1042
451866,996,1040
451867,995,1041
451868,998,1041
451869,998,1043
451870,1002,1041
451871,998,1040
451872,996,1038
451873,995,1039
451874,995,1037
451875,998,1041
451876,1001,1041
451877,999,1041
451878,996,1043
451879,995,1043
451880,997,1047
451881,998,1046
451882,1000,1044
451883,998,1043
451884,996,1047
451885,996,1051
451886,997,1053
451887,999,1056
451888,997,1051
451889,995,1044
451890,992,1039
451891,994,1038
451892,996,1044
451893,999,1043
451894,1003,1043
451895,1002,1041
451896,997,1043
451897,998,1043
451898,998,1044
451899,1004,1052
451900,1006,1050
451901,1004,1046
451902,999,1041
451903,999,1040
451904,998,1044
451905,1002,1047
451906,1003,1046
451907,1000,1043
451908,997,1037
451909,997,1038
451910,999,1043
451911,1002,1046
451912,1002,1047
451913,1003,1043
451914,997,1041
451915,1001,1042
451916,998,1042
451917,1000,1042
451918,1002,1042
451919,1002,1042
451920,994,1040
451921,993,1044
451922,996,1048
451923,998,1052
451924,1002,1047
451925,1000,1042
451926,997,1039
451927,994,1040
451928,994,1045
451929,998,1049
451930,997,1050
451931,999,1046
451932,996,1042
451933,995,1038
451934,1000,1040
451935,1004,1045
451936,1002,1038
451937,1001,1034
451938,998,1034
451939,999,1035
451940,1004,1037
451941,1008,1041
451942,1008,1039
451943,1007,1038
451944,1006,1037
451945,1005,1038
451946,1009,1044
451947,1008,1046
451948,1011,1043
451949,1016,1042
451950,1019,1036
451951,1025,1033
451952,1040,1030
451953,1056,1028
451954,1075,1029
451955,1095,1020
451956,1118,1003
451957,1144,984
451958,1178,974
451959,1210,974
451960,1246,977
451961,1271,986
451962,1284,1004
451963,1280,1022
451964,1252,1033
451965,1209,1038
451966,1157,1046
451967,1100,1054
451968,1051,1058
451969,1016,1065
451970,999,1071
451971,1005,1068
451972,1012,1053
451973,1015,1044
451974,1011,1036
451975,1004,1034
451976,997,1036
451977,1000,1036
451978,999,1036
451979,994,1035
451980,990,1037
451981,987,1038
451982,987,1037
451983,988,1036
451984,988,1036
451985,986,1036
451986,981,1034
451987,980,1034
451988,983,1038
451989,984,1043
451990,988,1045
451991,988,1037
451992,985,1037
451993,983,1039
451994,985,1045
451995,986,1051
451996,989,1047
451997,985,1044
451998,985,1043
451999,983,1043
452000,985,1048
452001,985,1048
452002,988,1040
452003,986,1040
452004,980,1040
452005,983,1043
452006,987,1045
452007,988,1044
452008,989,1041
452009,987,1039
452010,985,1039
452011,984,1039
452012,986,1045
452013,988,1048
452014,989,1047
452015,988,1043
452016,986,1038
452017,986,1035
452018,989,1038
452019,991,1040
452020,993,1036
452021,990,1035
452022,987,1030
452023,984,1033
452024,986,1036
452025,988,1037
452026,992,1033
452027,989,1032
452028,988,1030
452029,990,1030
452030,989,1028
452031,993,1033
452032,999,1030
452033,997,1028
452034,995,1022
452035,996,1022
452036,1000,1022
452037,1004,1023
452038,1005,1020
452039,1003,1016
452040,1004,1014
452041,1003,1016
452042,1006,1014
452043,1007,1013
452044,1009,1010
452045,1009,1008
452046,1010,1009
452047,1010,1013
452048,1015,1018
452049,1018,1017
452050,1017,1012
452051,1015,1008
452052,1015,1010
452053,1014,1016
452054,1018,1020
452055,1024,1021
452056,1025,1021
452057,1026,1017
452058,1024,1010
452059,1021,1010
452060,1024,1014
452061,1027,1012
452062,1028,1008
452063,1027,1002
452064,1024,1002
452065,1024,1004
452066,1023,1007
452067,1024,1011
452068,1024,1012
452069,1020,1015
452070,1012,1014
452071,1012,1022
452072,1015,1023
452073,1018,1028
452074,1018,1026
452075,1017,1024
452076,1014,1026
452077,1010,1028
452078,1009,1031
452079,1012,1037
452080,1012,1038
452081,1010,1037
452082,1006,1038
452083,1003,1043
452084,1006,1040
452085,1010,1040
452086,1010,1036
452087,1008,1036
452088,1005,1034
452089,1003,1032
452090,1005,1036
452091,1010,1041
452092,1012,1041
452093,1012,1038
452094,1011,1035
452095,1011,1037
452096,1019,1038
452097,1026,1039
452098,1031,1039
452099,1030,1039
452100,1035,1041
452101,1035,1049
452102,1045,1051
452103,1051,1054
452104,1061,1050
452105,1072,1044
452106,1080,1030
452107,1092,1016
452108,1104,1000
452109,1117,989
452110,1132,971
452111,1142,956
452112,1156,939
452113,1170,920
452114,1185,898
452115,1203,872
452116,1222,844
452117,1235,823
452118,1250,809
452119,1257,802
452120,1264,798
452121,1265,799
452122,1264,799
452123,1258,799
452124,1251,800
452125,1248,802
452126,1240,802
452127,1229,796
452128,1211,795
452129,1184,798
452130,1163,810
452131,1140,822
452132,1119,838
452133,1101,857
452134,1086,872
452135,1072,884
452136,1062,896
452137,1060,912
452138,1056,932
452139,1052,947
452140,1050,953
452141,1050,956
452142,1050,964
452143,1058,974
452144,1074,983
452145,1085,988
452146,1084,993
452147,1072,1002
452148,1045,1009
452149,1016,1021
452150,992,1033
452151,982,1050
452152,970,1064
452153,965,1074
452154,957,1080
452155,952,1083
452156,952,1085
452157,948,1087
452158,944,1088
452159,939,1091
452160,934,1093
452161,930,1102
452162,930,1107
452163,931,1108
452164,929,1104
452165,924,1102
452166,919,1102
452167,912,1106
452168,912,1110
452169,915,1112
452170,915,1112
452171,911,1110
452172,908,1107
452173,905,1110
452174,906,1114
452175,907,1119
452176,908,1123
452177,903,1122
452178,899,1121
452179,897,1125
452180,902,1127
452181,903,1131
452182,903,1132
452183,899,1131
452184,898,1132
452185,895,1133
452186,899,1141
452187,900,1147
452188,903,1147
452189,901,1144
452190,899,1146
452191,900,1149
452192,905,1154
452193,906,1158
452194,908,1160
452195,907,1161
452196,903,1164
452197,903,1169
452198,904,1174
452199,907,1174
452200,911,1175
452201,914,1174
452202,910,1172
452203,912,1171
452204,916,1173
452205,920,1172
452206,923,1169
452207,924,1170
452208,924,1168
452209,925,1170
452210,927,1176
452211,934,1177
452212,938,1171
452213,941,1160
452214,939,1157
452215,942,1153
452216,948,1150
452217,954,1152
452218,956,1146
452219,957,1141
452220,958,1134
452221,960,1130
452222,963,1132
452223,967,1129
452224,968,1122
452225,969,1111
452226,971,1100
452227,971,1098
452228,970,1094
452229,976,1094
452230,979,1090
452231,982,1086
452232,980,1080
452233,981,1073
452234,984,1074
452235,985,1070
452236,988,1068
452237,987,1062
452238,983,1052
452239,986,1055
452240,988,1058
452241,991,1060
452242,994,1056
452243,995,1048
452244,992,1041
452245,992,1042
452246,992,1046
452247,994,1049
452248,998,1047
452249,995,1045
452250,992,1041
452251,995,1040
452252,994,1039
452253,1000,1044
452254,1000,1046
452255,996,1045
452256,995,1042
452257,995,1044
452258,998,1042
452259,1002,1042
452260,1002,1040
452261,999,1036
452262,995,1037
452263,996,1041
452264,999,1044
452265,998,1047
452266,999,1049
452267,999,1046
452268,995,1043
452269,998,1040
452270,1001,1038
452271,1001,1045
452272,1003,1043
452273,1000,1038
452274,994,1036
452275,992,1036
452276,994,1042
452277,996,1044
452278,998,1042
452279,998,1037
452280,992,1038
452281,994,1042
452282,996,1046
452283,998,1051
452284,1002,1048
452285,999,1041
452286,998,1036
452287,996,1033
452288,1002,1037
452289,1004,1041
452290,1005,1034
452291,1000,1030
452292,1000,1028
452293,999,1031
452294,1000,1035
452295,1003,1039
452296,1003,1038
452297,1002,1032
452298,1000,1030
452299,1001,1032
452300,1000,1036
452301,1001,1041
452302,1001,1042
452303,1000,1041
452304,999,1040
452305,999,1042
452306,1000,1044
452307,1003,1046
452308,1005,1049
452309,1003,1049
452310,999,1046
452311,998,1042
452312,1001,1040
452313,1001,1038
452314,1006,1038
452315,1003,1039
452316,1000,1036
452317,998,1036
452318,1000,1037
452319,1001,1037
452320,1001,1038
452321,998,1033
452322,992,1031
452323,994,1033
452324,995,1035
452325,999,1036
452326,999,1039
452327,999,1038
452328,995,1035
452329,992,1041
452330,994,1042
452331,996,1048
452332,993,1046
452333,995,1045
452334,991,1036
452335,995,1034
452336,995,1036
452337,998,1042
452338,999,1041
452339,1000,1036
452340,998,1031
452341,998,1032
452342,999,1036
452343,1004,1043
452344,1003,1043
452345,999,1037
452346,1000,1034
452347,999,1037
452348,997,1039
452349,1000,1041
452350,1001,1040
452351,1000,1039
452352,998,1039
452353,997,1042
452354,1002,1045
452355,1004,1051
452356,1003,1042
452357,1002,1038
452358,1000,1035
452359,999,1035
452360,1004,1039
452361,1003,1044
452362,1003,1040
452363,1006,1039
452364,1000,1037
452365,1003,1037
452366,1003,1041
452367,1005,1043
452368,1004,1043
452369,1004,1039
452370,999,1036
452371,994,1037
452372,998,1039
452373,1000,1042
452374,999,1038
452375,999,1031
452376,998,1029
452377,998,1028
452378,1000,1031
452379,1003,1036
452380,1006,1036
452381,1002,1030
452382,999,1027
452383,1000,1031
452384,1000,1037
452385,1003,1040
452386,1003,1037
452387,1002,1034
452388,999,1028
452389,1000,1028
452390,1003,1033
452391,1005,1035
452392,1006,1034
452393,1000,1029
452394,1002,1032
452395,999,1036
452396,1002,1041
452397,1007,1046
452398,1006,1047
452399,1004,1045
452400,1001,1040
452401,1000,1037
452402,1004,1038
452403,1006,1040
452404,1007,1038
452405,1006,1036
452406,1002,1035
452407,1001,1040
452408,1003,1042
452409,1005,1042
452410,1007,1034
452411,1006,1031
452412,1002,1032
452413,1005,1034
452414,1003,1038
452415,1007,1041
452416,1008,1038
452417,1006,1034
452418,1002,1033
452419,1002,1035
452420,1002,1037
452421,1008,1039
452422,1011,1038
452423,1009,1035
452424,1005,1031
452425,1008,1037
452426,1010,1041
452427,1015,1045
452428,1017,1042
452429,1017,1036
452430,1012,1036
452431,1012,1037
452432,1011,1043
452433,1016,1044
452434,1016,1047
452435,1016,1039
452436,1014,1035
452437,1015,1036
452438,1014,1035
452439,1015,1036
452440,1019,1030
452441,1020,1026
452442,1022,1022
452443,1030,1022
452444,1043,1023
452445,1061,1023
452446,1077,1019
452447,1095,1009
452448,1121,997
452449,1151,982
452450,1184,976
452451,1216,971
452452,1244,973
452453,1264,986
452454,1267,1003
452455,1248,1020
452456,1209,1026
452457,1163,1039
452458,1111,1053
452459,1062,1066
452460,1020,1071
452461,1000,1074
452462,996,1071
452463,1005,1059
452464,1012,1043
452465,1011,1031
452466,1009,1027
452467,1006,1029
452468,1007,1033
452469,1005,1038
452470,1003,1036
452471,1001,1032
452472,995,1029
452473,993,1031
452474,996,1033
452475,999,1036
452476,996,1036
452477,996,1036
452478,993,1037
452479,992,1041
452480,993,1046
452481,994,1048
452482,995,1049
452483,993,1042
452484,989,1038
452485,987,1040
452486,988,1040
452487,993,1042
452488,994,1042
452489,992,1041
452490,989,1040
452491,990,1039
452492,991,1039
452493,995,1041
452494,995,1042
452495,993,1043
452496,988,1042
452497,987,1039
452498,990,1044
452499,987,1045
452500,992,1043
452501,991,1041
452502,986,1039
452503,988,1041
452504,987,1044
452505,991,1048
452506,994,1041
452507,990,1034
452508,986,1030
452509,984,1031
452510,987,1038
452511,991,1038
452512,991,1039
452513,992,1034
452514,989,1034
452515,988,1033
452516,989,1036
452517,992,1037
452518,994,1037
452519,993,1038
452520,990,1031
452521,991,1026
452522,991,1027
452523,994,1025
452524,998,1020
452525,994,1019
452526,991,1022
452527,993,1029
452528,995,1030
452529,998,1029
452530,1002,1022
452531,1000,1014
452532,1000,1013
452533,1000,1012
452534,1006,1019
452535,1011,1022
452536,1012,1016
452537,1011,1010
452538,1009,1008
452539,1008,1010
452540,1009,1015
452541,1015,1020
452542,1015,1019
452543,1014,1015
452544,1011,1008
452545,1013,1009
452546,1016,1009
452547,1019,1011
452548,1021,1008
452549,1021,1007
452550,1021,1007
452551,1022,1007
452552,1025,1010
452553,1029,1009
452554,1030,1007
452555,1030,1006
452556,1027,998
452557,1029,998
452558,1032,1000
452559,1035,1007
452560,1036,1006
452561,1033,1005
452562,1030,1001
452563,1031,1008
452564,1034,1015
452565,1037,1021
452566,1037,1019
452567,1034,1019
452568,1029,1016
452569,1030,1020
452570,1032,1023
452571,1035,1027
452572,1031,1030
452573,1028,1030
452574,1026,1030
452575,1025,1032
452576,1026,1032
452577,1029,1031
452578,1027,1028
452579,1022,1031
452580,1020,1032
452581,1017,1033
452582,1016,1034
452583,1019,1039
452584,1017,1040
452585,1016,1041
452586,1014,1039
452587,1012,1043
452588,1017,1044
452589,1019,1048
452590,1020,1048
452591,1017,1040
452592,1014,1036
452593,1014,1038
452594,1016,1040
452595,1015,1043
452596,1017,1037
452597,1014,1035
452598,1012,1037
452599,1012,1038
452600,1013,1043
452601,1013,1044
452602,1015,1038
452603,1014,1033
452604,1009,1036
452605,1009,1035
452606,1012,1042
452607,1014,1043
452608,1012,1041
452609,1014,1037
452610,1009,1033
452611,1008,1034
452612,1008,1036
452613,1009,1037
452614,1008,1037
452615,1007,1034
452616,1005,1037
452617,1005,1040
452618,1006,1044
452619,1009,1042
452620,1007,1036
452621,1008,1029
452622,1005,1023
452623,1003,1023
452624,1006,1032
452625,1007,1034
452626,1006,1033
452627,1007,1031
452628,1003,1035
452629,1000,1037
452630,1002,1041
452631,1007,1040
452632,1006,1035
452633,1006,1029
452634,1004,1029
452635,1003,1030
452636,1006,1031
452637,1008,1034
452638,1009,1034
452639,1008,1031
452640,1006,1034
452641,1005,1041
452642,1004,1043
452643,1006,1044
452644,1005,1044
452645,1009,1044
452646,1007,1047
452647,1007,1048
452648,1010,1047
452649,1014,1044
452650,1010,1039
452651,1009,1041
452652,1006,1041
452653,1003,1041
452654,1006,1044
452655,1008,1048
452656,1011,1049
452657,1007,1047
452658,1004,1044
452659,1006,1039
452660,1007,1043
452661,1009,1045
452662,1006,1045
452663,1004,1044
452664,1003,1042
452665,1001,1041
452666,1004,1039
452667,1007,1042
452668,1003,1039
452669,1003,1039
452670,1002,1038
452671,1000,1039
452672,1001,1043
452673,1004,1044
452674,1005,1041
452675,1001,1039
452676,996,1036
452677,998,1035
452678,1000,1033
452679,1002,1037
452680,1005,1037
452681,1002,1037
452682,998,1032
452683,999,1033
452684,999,1039
452685,1003,1042
452686,1002,1041
452687,1001,1039
452688,1000,1041
452689,1001,1041
452690,1003,1045
452691,1009,1048
452692,1009,1044
452693,1013,1037
452694,1016,1031
452695,1021,1029
452696,1031,1031
452697,1047,1034
452698,1064,1025
452699,1084,1014
452700,1106,998
452701,1134,985
452702,1167,981
452703,1199,980
452704,1231,985
452705,1254,995
452706,1265,1010
452707,1262,1026
452708,1243,1034
452709,1209,1039
452710,1167,1037
452711,1117,1049
452712,1073,1062
452713,1029,1080
452714,999,1090
452715,986,1096
452716,984,1089
452717,989,1078
452718,993,1068
452719,998,1057
452720,1000,1050
452721,1008,1046
452722,1009,1041
452723,1002,1036
452724,993,1036
452725,990,1041
452726,992,1043
452727,994,1044
452728,995,1042
452729,988,1038
452730,986,1038
452731,984,1038
452732,984,1043
452733,988,1044
452734,984,1041
452735,983,1041
452736,980,1045
452737,980,1048
452738,982,1051
452739,985,1050
452740,983,1042
452741,984,1038
452742,983,1039
452743,984,1041
452744,987,1048
452745,988,1049
452746,992,1042
452747,988,1042
452748,986,1042
452749,986,1046
452750,988,1051
452751,992,1055
452752,993,1051
452753,990,1043
452754,986,1040
452755,986,1038
452756,988,1038
452757,991,1038
452758,991,1034
452759,990,1032
452760,987,1031
452761,987,1033
452762,989,1036
452763,991,1040
452764,992,1038
452765,988,1036
452766,985,1035
452767,987,1036
452768,989,1036
452769,991,1034
452770,992,1028
452771,989,1025
452772,987,1021
452773,986,1023
452774,989,1025
452775,994,1027
452776,995,1026
452777,992,1021
452778,989,1021
452779,989,1019
452780,989,1023
452781,992,1025
452782,996,1023
452783,995,1019
452784,994,1018
452785,995,1015
452786,998,1014
452787,1002,1016
452788,1005,1013
452789,1000,1012
452790,1000,1009
452791,1000,1009
452792,1001,1007
452793,1006,1009
452794,1008,1007
452795,1005,1003
452796,1003,1004
452797,1004,1005
452798,1007,1004
452799,1010,1004
452800,1009,1002
452801,1007,999
452802,1006,998
452803,1006,1001
452804,1010,1002
452805,1013,1006
452806,1015,1005
452807,1013,1002
452808,1010,1004
452809,1012,1007
452810,1014,1011
452811,1015,1013
452812,1018,1009
452813,1014,1009
452814,1013,1007
452815,1015,1006
452816,1017,1008
452817,1019,1012
452818,1017,1014
452819,1015,1014
452820,1013,1012
452821,1011,1016
452822,1012,1020
452823,1011,1021
452824,1009,1026
452825,1002,1027
452826,1004,1027
452827,1003,1033
452828,1002,1038
452829,1005,1040
452830,1007,1036
452831,1002,1037
452832,1000,1035
452833,999,1039
452834,1002,1038
452835,1004,1040
452836,1004,1039
452837,1000,1040
452838,998,1044
452839,997,1045
452840,999,1047
452841,1002,1050
452842,1000,1047
452843,997,1049
452844,995,1048
452845,996,1048
452846,998,1047
452847,1000,1048
452848,1003,1048
452849,1001,1044
452850,997,1043
452851,995,1043
452852,999,1049
452853,1005,1049
452854,1004,1043
452855,999,1041
452856,996,1038
452857,1001,1043
452858,1002,1045
452859,1005,1052
452860,1007,1049
452861,1004,1045
452862,1001,1042
452863,999,1044
452864,1003,1043
452865,1005,1040
452866,1003,1041
452867,999,1041
452868,997,1042
452869,995,1045
452870,998,1046
452871,999,1049
452872,1001,1048
452873,998,1047
452874,995,1046
452875,997,1044
452876,998,1041
452877,998,1041
452878,998,1040
452879,999,1036
452880,995,1035
452881,997,1039
452882,999,1045
452883,1000,1047
452884,999,1044
452885,996,1042
452886,993,1043
452887,993,1043
452888,995,1045
452889,998,1046
452890,998,1042
452891,993,1038
452892,990,1035
452893,993,1043
452894,994,1050
452895,995,1049
452896,996,1046
452897,992,1044
452898,989,1043
452899,991,1045
452900,995,1047
452901,997,1046
452902,998,1044
452903,992,1044
452904,989,1045
452905,991,1046
452906,992,1050
452907,996,1051
452908,995,1050
452909,993,1047
452910,992,1048
452911,986,1050
452912,987,1053
452913,998,1052
452914,996,1046
452915,996,1043
452916,991,1040
452917,989,1046
452918,991,1052
452919,994,1053
452920,994,1049
452921,992,1043
452922,990,1040
452923,990,1041
452924,989,1046
452925,991,1046
452926,991,1045
452927,992,1044
452928,988,1042
452929,988,1040
452930,989,1044
452931,996,1049
452932,994,1048
452933,992,1049
452934,990,1049
452935,991,1049
452936,989,1054
452937,990,1058
452938,990,1052
452939,988,1048
452940,989,1046
452941,991,1050
452942,991,1055
452943,991,1055
452944,988,1055
452945,990,1051
452946,987,1050
452947,992,1047
452948,993,1047
452949,996,1051
452950,996,1052
452951,993,1050
452952,990,1050
452953,988,1050
452954,990,1050
452955,993,1055
452956,994,1053
452957,989,1052
452958,987,1051
452959,989,1051
452960,992,1053
452961,994,1054
452962,992,1050
452963,987,1049
452964,985,1050
452965,987,1050
452966,986,1053
452967,988,1053
452968,989,1057
452969,984,1051
452970,984,1051
452971,984,1049
452972,988,1050
452973,990,1050
452974,989,1048
452975,986,1045
452976,983,1043
452977,984,1048
452978,984,1048
452979,985,1045
452980,987,1043
452981,984,1043
452982,979,1042
452983,979,1048
452984,982,1052
452985,980,1056
452986,986,1055
452987,984,1049
452988,981,1048
452989,981,1048
452990,985,1051
452991,987,1055
452992,984,1051
452993,988,1049
452994,987,1049
452995,987,1049
452996,992,1054
452997,994,1054
452998,993,1051
452999,990,1046
453000,986,1046
453001,992,1048
453002,992,1050
453003,993,1053
453004,992,1050
453005,991,1049
453006,992,1045
453007,990,1047
453008,994,1050
453009,996,1053
453010,995,1051
453011,994,1052
453012,989,1048
453013,987,1051
453014,989,1054
453015,993,1056
453016,995,1053
453017,991,1048
453018,990,1044
453019,988,1042
453020,990,1045
453021,991,1049
453022,993,1051
453023,990,1054
453024,987,1051
453025,989,1050
453026,991,1049
453027,995,1048
453028,996,1049
453029,994,1047
453030,992,1045
453031,990,1048
453032,989,1048
453033,989,1051
453034,987,1049
453035,986,1048
453036,985,1046
453037,989,1048
453038,990,1051
453039,990,1052
453040,990,1054
453041,985,1054
453042,985,1052
453043,984,1050
453044,986,1050
453045,991,1046
453046,990,1043
453047,989,1040
453048,988,1040
453049,988,1046
453050,989,1049
453051,992,1050
453052,993,1049
453053,990,1047
453054,989,1044
453055,988,1047
453056,986,1049
453057,990,1050
453058,989,1048
453059,990,1048
453060,988,1048
453061,987,1051
453062,988,1056
453063,993,1056
453064,993,1052
453065,989,1051
453066,987,1053
453067,985,1054
453068,989,1056
453069,991,1055
453070,991,1053
453071,992,1052
453072,988,1054
453073,991,1055
453074,992,1059
453075,995,1059
453076,991,1052
453077,992,1050
453078,991,1046
453079,990,1043
453080,990,1047
453081,995,1052
453082,994,1051
453083,990,1045
453084,990,1038
453085,987,1039
453086,988,1043
453087,990,1045
453088,993,1043
453089,990,1041
453090,985,1044
453091,986,1046
453092,991,1048
453093,991,1052
453094,992,1050
453095,991,1044
453096,988,1041
453097,991,1041
453098,993,1042
453099,995,1045
453100,992,1048
453101,993,1045
453102,993,1047
453103,992,1050
453104,993,1055
453105,997,1055
453106,998,1056
453107,993,1051
453108,992,1052
453109,992,1053
453110,993,1054
453111,997,1056
453112,997,1057
453113,990,1055
453114,992,1052
453115,990,1050
453116,991,1053
453117,994,1051
453118,992,1049
453119,993,1043
453120,990,1041
453121,992,1043
453122,994,1047
453123,997,1047
453124,994,1046
453125,991,1047
453126,990,1047
453127,992,1052
453128,992,1050
453129,996,1050
453130,994,1047
453131,995,1043
453132,992,1047
453133,993,1044
453134,994,1048
453135,997,1048
453136,996,1047
453137,993,1052
453138,989,1049
453139,991,1045
453140,995,1040
453141,1001,1037
453142,999,1035
453143,997,1035
453144,993,1037
453145,993,1038
453146,995,1040
453147,997,1040
453148,997,1043
453149,991,1044
453150,989,1045
453151,992,1051
453152,996,1056
453153,996,1055
453154,996,1049
453155,994,1048
453156,989,1045
453157,990,1050
453158,994,1058
453159,995,1059
453160,995,1060
453161,993,1058
453162,992,1054
453163,993,1057
453164,996,1058
453165,999,1059
453166,998,1052
453167,995,1047
453168,992,1045
453169,995,1046
453170,998,1050
453171,1001,1049
453172,1000,1049
453173,996,1045
453174,994,1046
453175,995,1050
453176,998,1050
453177,1002,1049
453178,1000,1050
453179,1002,1048
453180,1002,1047
453181,1002,1047
453182,1006,1045
453183,1009,1046
453184,1015,1041
453185,1020,1034
453186,1026,1026
453187,1039,1026
453188,1056,1026
453189,1077,1023
453190,1104,1012
453191,1128,996
453192,1156,986
453193,1186,981
453194,1215,985
453195,1243,991
453196,1264,1001
453197,1268,1015
453198,1251,1028
453199,1223,1035
453200,1182,1040
453201,1142,1047
453202,1100,1055
453203,1056,1063
453204,1018,1071
453205,996,1078
453206,990,1082
453207,999,1076
453208,1003,1063
453209,1005,1055
453210,999,1050
453211,999,1056
453212,998,1057
453213,1000,1059
453214,996,1054
453215,990,1050
453216,985,1047
453217,984,1050
453218,986,1055
453219,987,1055
453220,987,1052
453221,982,1051
453222,981,1052
453223,980,1057
453224,980,1059
453225,982,1060
453226,981,1054
453227,978,1049
453228,975,1048
453229,977,1044
453230,979,1040
453231,984,1041
453232,982,1041
453233,979,1040
453234,977,1042
453235,979,1044
453236,982,1048
453237,986,1048
453238,988,1048
453239,985,1047
453240,983,1049
453241,983,1051
453242,981,1055
453243,988,1057
453244,984,1053
453245,986,1047
453246,983,1050
453247,985,1050
453248,988,1051
453249,991,1051
453250,991,1052
453251,988,1051
453252,986,1052
453253,985,1054
453254,986,1058
453255,993,1056
453256,987,1052
453257,990,1050
453258,987,1044
453259,985,1048
453260,991,1049
453261,993,1049
453262,993,1049
453263,993,1044
453264,992,1043
453265,990,1046
453266,992,1049
453267,995,1053
453268,998,1050
453269,996,1046
453270,995,1043
453271,993,1041
453272,996,1040
453273,1001,1043
453274,1001,1045
453275,997,1038
453276,994,1030
453277,1000,1027
453278,1001,1028
453279,1004,1029
453280,1004,1022
453281,1006,1014
453282,1004,1015
453283,1004,1021
453284,1011,1024
453285,1011,1025
453286,1012,1023
453287,1012,1019
453288,1014,1017
453289,1017,1018
453290,1018,1020
453291,1023,1025
453292,1021,1026
453293,1020,1024
453294,1020,1024
453295,1020,1024
453296,1023,1025
453297,1026,1031
453298,1028,1030
453299,1026,1027
453300,1028,1023
453301,1028,1022
453302,1032,1024
453303,1035,1025
453304,1036,1027
453305,1033,1025
453306,1030,1024
453307,1029,1024
453308,1032,1026
453309,1036,1030
453310,1036,1030
453311,1034,1031
453312,1031,1029
453313,1029,1031
453314,1030,1036
453315,1027,1043
453316,1025,1042
453317,1023,1041
453318,1019,1040
453319,1019,1042
453320,1019,1044
453321,1019,1042
453322,1018,1038
453323,1012,1034
453324,1008,1037
453325,1005,1045
453326,1008,1050
453327,1012,1051
453328,1009,1051
453329,1008,1046
453330,1007,1043
453331,1009,1040
453332,1009,1039
453333,1013,1043
453334,1011,1044
453335,1008,1044
453336,1004,1044
453337,1004,1046
453338,1010,1052
453339,1011,1057
453340,1011,1054
453341,1009,1051
453342,1006,1052
453343,1008,1057
453344,1012,1061
453345,1013,1063
453346,1013,1061
453347,1015,1058
453348,1010,1057
453349,1010,1058
453350,1012,1059
453351,1015,1061
453352,1015,1062
453353,1010,1064
453354,1008,1060
453355,1010,1061
453356,1013,1058
453357,1013,1056
453358,1013,1052
453359,1012,1049
453360,1011,1049
453361,1009,1053
453362,1010,1054
453363,1012,1051
453364,1014,1042
453365,1011,1038
453366,1008,1038
453367,1007,1046
453368,1009,1048
453369,1014,1050
453370,1010,1051
453371,1007,1052
453372,1004,1048
453373,1002,1047
453374,1007,1046
453375,1010,1044
453376,1007,1043
453377,1007,1042
453378,1004,1039
453379,1004,1043
453380,1007,1046
453381,1008,1049
453382,1010,1049
453383,1008,1049
453384,1005,1047
453385,1003,1048
453386,1006,1049
453387,1011,1048
453388,1008,1048
453389,1009,1047
453390,1006,1047
453391,1005,1049
453392,1009,1048
453393,1012,1053
453394,1010,1055
453395,1007,1053
453396,1006,1055
453397,1006,1057
453398,1010,1059
453399,1010,1062
453400,1007,1060
453401,1007,1056
453402,1004,1057
453403,1002,1059
453404,1008,1061
453405,1010,1064
453406,1009,1063
453407,1007,1059
453408,1006,1057
453409,1004,1056
453410,1011,1052
453411,1011,1053
453412,1010,1050
453413,1006,1049
453414,1003,1051
453415,1002,1054
453416,1005,1060
453417,1008,1061
453418,1007,1057
453419,1006,1052
453420,1003,1050
453421,1002,1052
453422,1004,1053
453423,1003,1049
453424,1003,1048
453425,997,1046
453426,1001,1048
453427,1001,1051
453428,1001,1055
453429,1002,1059
453430,1004,1062
453431,1004,1059
453432,1001,1058
453433,1003,1061
453434,1006,1064
453435,1008,1066
453436,1008,1061
453437,1006,1057
453438,1004,1053
453439,1006,1055
453440,1007,1060
453441,1009,1059
453442,1009,1057
453443,1004,1057
453444,1005,1053
453445,1006,1056
453446,1006,1057
453447,1009,1053
453448,1008,1051
453449,1005,1052
453450,1003,1054
453451,1003,1062
453452,1005,1063
453453,1009,1062
453454,1009,1059
453455,1007,1054
453456,1006,1054
453457,1005,1055
453458,1008,1057
453459,1011,1058
453460,1009,1058
453461,1005,1057
453462,1006,1055
453463,1004,1055
453464,1003,1055
453465,1005,1056
453466,1004,1057
453467,1000,1057
453468,998,1057
453469,998,1058
453470,1001,1061
453471,1001,1060
453472,1004,1059
453473,1002,1056
453474,999,1052
453475,997,1057
453476,1003,1057
453477,1008,1059
453478,1007,1062
453479,1004,1062
453480,1003,1058
453481,1002,1062
453482,1006,1065
453483,1009,1062
453484,1006,1059
453485,1005,1055
453486,1002,1056
453487,1001,1056
453488,999,1062
453489,1006,1065
453490,1005,1060
453491,1004,1053
453492,1002,1049
453493,1002,1049
453494,1002,1052
453495,1006,1055
453496,1008,1056
453497,1004,1057
453498,1002,1061
453499,1004,1062
453500,1009,1059
453501,1010,1056
453502,1008,1054
453503,1007,1052
453504,1005,1051
453505,1003,1056
453506,1002,1062
453507,1005,1061
453508,1005,1056
453509,1005,1054
453510,1002,1050
453511,1000,1052
453512,1002,1054
453513,1005,1055
453514,1004,1058
453515,1000,1054
453516,998,1054
453517,998,1054
453518,1000,1055
453519,1004,1059
453520,1003,1058
453521,999,1059
453522,996,1059
453523,996,1061
453524,997,1064
453525,1002,1067
453526,1003,1067
453527,1003,1066
453528,1001,1064
453529,1002,1064
453530,1005,1065
453531,1004,1063
453532,1006,1062
453533,1005,1057
453534,1005,1055
453535,1003,1059
453536,1004,1060
453537,1007,1060
453538,1006,1057
453539,999,1054
453540,1003,1052
453541,1003,1055
453542,1003,1059
453543,1008,1066
453544,1008,1064
453545,1002,1063
453546,1006,1062
453547,1004,1059
453548,1008,1059
453549,1012,1061
453550,1011,1065
453551,1007,1064
453552,1005,1062
453553,1004,1062
453554,1005,1065
453555,1005,1065
453556,1006,1065
453557,1005,1060
453558,1004,1058
453559,1005,1063
453560,1004,1065
453561,1007,1065
453562,1004,1066
453563,1004,1064
453564,1001,1066
453565,998,1071
453566,1000,1070
453567,1005,1069
453568,1006,1066
453569,1004,1060
453570,999,1056
453571,998,1060
453572,1002,1064
453573,1003,1070
453574,1002,1070
453575,1000,1069
453576,998,1067
453577,999,1064
453578,1005,1066
453579,1004,1070
453580,1006,1068
453581,1003,1061
453582,1003,1055
453583,1003,1055
453584,1005,1056
453585,1010,1057
453586,1008,1058
453587,1003,1055
453588,1003,1056
453589,1003,1062
453590,1006,1065
453591,1009,1065
453592,1007,1062
453593,1006,1059
453594,1006,1058
453595,1007,1059
453596,1011,1059
453597,1014,1060
453598,1013,1061
453599,1009,1061
453600,1007,1062
453601,1006,1064
453602,1007,1067
453603,1009,1064
453604,1009,1063
453605,1006,1062
453606,1004,1062
453607,1004,1069
453608,1004,1071
453609,1007,1071
453610,1005,1066
453611,1003,1069
453612,1002,1067
453613,1003,1066
453614,1004,1063
453615,1005,1065
453616,1006,1067
453617,1002,1067
453618,999,1065
453619,1003,1066
453620,1008,1065
453621,1008,1066
453622,1010,1064
453623,1008,1060
453624,1005,1057
453625,1007,1058
453626,1008,1058
453627,1009,1064
453628,1008,1067
453629,1005,1067
453630,1003,1070
453631,1002,1069
453632,1007,1066
453633,1009,1064
453634,1007,1058
453635,1007,1056
453636,1005,1056
453637,1005,1060
453638,1007,1066
453639,1010,1070
453640,1008,1071
453641,1007,1070
453642,1005,1068
453643,1006,1067
453644,1008,1068
453645,1010,1070
453646,1010,1068
453647,1006,1064
453648,1007,1063
453649,1008,1071
453650,1012,1074
453651,1018,1075
453652,1018,1072
453653,1015,1064
453654,1013,1061
453655,1013,1062
453656,1015,1065
453657,1016,1065
453658,1017,1067
453659,1017,1065
453660,1015,1066
453661,1020,1065
453662,1026,1059
453663,1031,1055
453664,1039,1048
453665,1047,1044
453666,1058,1039
453667,1078,1037
453668,1106,1032
453669,1135,1024
453670,1166,1011
453671,1192,997
453672,1220,991
453673,1249,987
453674,1275,995
453675,1290,1012
453676,1277,1035
453677,1241,1045
453678,1188,1054
453679,1138,1063
453680,1092,1070
453681,1054,1079
453682,1023,1086
453683,1005,1087
453684,1005,1087
453685,1012,1081
453686,1018,1074
453687,1023,1071
453688,1019,1065
453689,1013,1059
453690,1006,1057
453691,1003,1063
453692,999,1069
453693,1004,1069
453694,1000,1067
453695,993,1067
453696,993,1070
453697,993,1075
453698,992,1076
453699,994,1068
453700,995,1060
453701,992,1054
453702,989,1058
453703,987,1065
453704,989,1067
453705,992,1065
453706,994,1067
453707,991,1066
453708,989,1072
453709,994,1074
453710,997,1078
453711,1000,1077
453712,995,1075
453713,994,1072
453714,993,1070
453715,996,1074
453716,997,1076
453717,997,1078
453718,997,1078
453719,995,1072
453720,990,1073
453721,991,1075
453722,995,1072
453723,994,1067
453724,993,1064
453725,995,1064
453726,991,1067
453727,993,1070
453728,996,1075
453729,998,1071
453730,995,1069
453731,994,1064
453732,991,1063
453733,997,1065
453734,998,1062
453735,1001,1060
453736,1000,1055
453737,999,1050
453738,997,1053
453739,999,1054
453740,1004,1057
453741,1006,1057
453742,1008,1052
453743,1007,1046
453744,1004,1050
453745,1004,1052
453746,1009,1056
453747,1014,1056
453748,1012,1049
453749,1012,1044
453750,1011,1039
453751,1009,1043
453752,1015,1048
453753,1021,1050
453754,1021,1048
453755,1020,1043
453756,1023,1040
453757,1025,1036
453758,1026,1040
453759,1028,1046
453760,1029,1047
453761,1025,1045
453762,1026,1042
453763,1027,1039
453764,1029,1040
453765,1033,1040
453766,1031,1039
453767,1031,1039
453768,1028,1036
453769,1028,1038
453770,1031,1038
453771,1035,1037
453772,1037,1035
453773,1037,1030
453774,1035,1029
453775,1033,1031
453776,1036,1037
453777,1039,1036
453778,1036,1038
453779,1031,1036
453780,1029,1036
453781,1027,1041
453782,1033,1044
453783,1032,1045
453784,1031,1046
453785,1027,1043
453786,1023,1043
453787,1022,1046
453788,1022,1049
453789,1020,1054
453790,1020,1059
453791,1015,1059
453792,1009,1057
453793,1011,1054
453794,1013,1057
453795,1014,1061
453796,1010,1064
453797,1009,1066
453798,1006,1064
453799,1004,1066
453800,1005,1068
453801,1009,1069
453802,1007,1067
453803,1006,1067
453804,1002,1068
453805,1001,1073
453806,1003,1075
453807,1006,1077
453808,1003,1074
453809,1003,1071
453810,1002,1070
453811,1003,1070
453812,1005,1073
453813,1007,1069
453814,1011,1067
453815,1006,1061
453816,1004,1063
453817,1004,1064
453818,1007,1070
453819,1012,1072
453820,1009,1076
453821,1011,1075
453822,1009,1074
453823,1009,1070
453824,1008,1068
453825,1011,1064
453826,1012,1057
453827,1009,1056
453828,1007,1055
453829,1008,1056
453830,1007,1059
453831,1011,1059
453832,1009,1057
453833,1006,1054
453834,1004,1049
453835,1002,1053
453836,1002,1054
453837,1006,1056
453838,1006,1058
453839,1005,1057
453840,1001,1057
453841,1005,1055
453842,1007,1059
453843,1010,1057
453844,1008,1058
453845,1007,1056
453846,1002,1056
453847,1004,1056
453848,1004,1062
453849,1006,1066
453850,1004,1068
453851,1001,1065
453852,1001,1062
453853,1002,1065
453854,1005,1070
453855,1008,1068
453856,1006,1063
453857,1003,1057
453858,1003,1053
453859,1004,1058
453860,1006,1062
453861,1010,1063
453862,1008,1062
453863,1006,1061
453864,1004,1059
453865,1001,1060
453866,1007,1063
453867,1010,1064
453868,1009,1066
453869,1007,1061
453870,1005,1063
453871,1008,1062
453872,1010,1064
453873,1013,1063
453874,1013,1061
453875,1007,1063
453876,1005,1062
453877,1005,1064
453878,1007,1066
453879,1014,1067
453880,1013,1064
453881,1009,1058
453882,1006,1056
453883,1006,1056
453884,1008,1058
453885,1012,1054
453886,1009,1048
453887,1010,1044
453888,1013,1040
453889,1021,1043
453890,1034,1047
453891,1049,1040
453892,1069,1034
453893,1091,1022
453894,1123,1013
453895,1160,1006
453896,1202,1006
453897,1235,1017
453898,1261,1039
453899,1262,1058
453900,1233,1067
453901,1188,1067
453902,1137,1075
453903,1083,1090
453904,1028,1105
453905,990,1116
453906,975,1124
453907,982,1120
453908,995,1106
453909,1003,1084
453910,1006,1072
453911,1002,1063
453912,997,1061
453913,995,1063
453914,995,1064
453915,996,1060
453916,991,1059
453917,990,1060
453918,985,1064
453919,983,1066
453920,984,1067
453921,987,1062
453922,986,1058
453923,985,1058
453924,983,1060
453925,980,1063
453926,985,1066
453927,985,1063
453928,983,1060
453929,979,1053
453930,980,1053
453931,979,1053
453932,979,1055
453933,981,1055
453934,979,1058
453935,976,1057
453936,976,1056
453937,977,1056
453938,978,1054
453939,980,1053
453940,980,1052
453941,977,1054
453942,978,1054
453943,978,1060
453944,978,1062
453945,979,1063
453946,974,1063
453947,977,1058
453948,976,1053
453949,975,1053
453950,981,1054
453951,980,1052
453952,982,1048
453953,979,1043
453954,978,1040
453955,980,1041
453956,985,1049
453957,986,1047
453958,985,1045
453959,985,1036
453960,988,1030
453961,991,1027
453962,995,1029
453963,996,1023
453964,993,1024
453965,991,1021
453966,990,1020
453967,988,1022
453968,997,1023
453969,1001,1020
453970,1000,1018
453971,1000,1019
453972,1001,1020
453973,1002,1022
453974,1008,1023
453975,1009,1014
453976,1011,1007
453977,1010,999
453978,1010,995
453979,1012,996
453980,1016,998
453981,1016,998
453982,1014,994
453983,1013,992
453984,1008,992
453985,1011,995
453986,1014,1000
453987,1018,1001
453988,1019,1002
453989,1020,999
453990,1016,999
453991,1015,1002
453992,1018,1005
453993,1017,1009
453994,1017,1011
453995,1013,1012
453996,1007,1016
453997,1008,1020
453998,1009,1027
453999,1010,1031
454000,1008,1033
454001,1007,1031
454002,999,1034
454003,999,1037
454004,997,1045
454005,999,1048
454006,996,1053
454007,995,1048
454008,994,1048
454009,994,1051
454010,996,1053
454011,996,1055
454012,993,1056
454013,989,1052
454014,987,1054
454015,985,1057
454016,990,1063
454017,993,1064
454018,994,1061
454019,994,1056
454020,987,1059
454021,984,1061
454022,987,1066
454023,991,1065
454024,991,1065
454025,987,1061
454026,985,1064
454027,988,1068
454028,989,1069
454029,992,1068
454030,991,1063
454031,989,1062
454032,989,1064
454033,990,1062
454034,995,1062
454035,999,1058
454036,993,1053
454037,989,1049
454038,988,1051
454039,988,1059
454040,991,1061
454041,994,1058
454042,992,1056
454043,988,1058
454044,986,1058
454045,989,1060
454046,990,1062
454047,996,1060
454048,995,1057
454049,990,1054
454050,986,1056
454051,983,1060
454052,988,1061
454053,995,1062
454054,992,1065
454055,991,1068
454056,990,1065
454057,989,1067
454058,991,1065
454059,995,1065
454060,990,1066
454061,988,1063
454062,986,1068
454063,989,1068
454064,991,1071
454065,993,1069
454066,991,1066
454067,989,1062
454068,987,1059
454069,986,1059
454070,985,1063
454071,991,1064
454072,993,1062
454073,990,1059
454074,986,1059
454075,988,1059
454076,985,1062
454077,990,1064
454078,991,1063
454079,988,1060
454080,984,1061
454081,984,1063
454082,987,1066
454083,990,1064
454084,989,1055
454085,988,1053
454086,986,1055
454087,985,1060
454088,988,1062
454089,988,1061
454090,985,1059
454091,984,1059
454092,983,1059
454093,984,1063
454094,985,1066
454095,990,1065
454096,986,1061
454097,986,1058
454098,988,1059
454099,987,1059
454100,990,1059
454101,992,1059
454102,991,1060
454103,988,1060
454104,986,1063
454105,986,1068
454106,988,1070
454107,989,1068
454108,990,1061
454109,989,1057
454110,986,1059
454111,991,1061
454112,990,1065
454113,992,1063
454114,992,1062
454115,988,1059
454116,988,1065
454117,988,1066
454118,988,1066
454119,991,1067
454120,989,1065
454121,987,1064
454122,984,1066
454123,987,1068
454124,990,1072
454125,993,1072
454126,993,1068
454127,991,1058
454128,988,1054
454129,990,1057
454130,992,1062
454131,996,1061
454132,993,1056
454133,991,1057
454134,988,1059
454135,991,1067
454136,991,1074
454137,995,1074
454138,993,1070
454139,988,1061
454140,990,1056
454141,992,1055
454142,993,1061
454143,997,1067
454144,992,1068
454145,992,1062
454146,992,1060
454147,990,1057
454148,991,1060
454149,993,1067
454150,990,1068
454151,988,1070
454152,989,1070
454153,992,1073
454154,996,1070
454155,998,1072
454156,995,1070
454157,994,1070
454158,991,1069
454159,992,1072
454160,994,1072
454161,996,1070
454162,994,1071
454163,992,1072
454164,990,1070
454165,990,1072
454166,995,1071
454167,999,1068
454168,997,1067
454169,995,1068
454170,991,1067
454171,993,1065
454172,996,1063
454173,1000,1063
454174,1000,1061
454175,996,1059
454176,994,1060
454177,995,1066
454178,997,1069
454179,1001,1071
454180,997,1069
454181,999,1068
454182,994,1068
454183,995,1068
454184,999,1071
454185,1001,1071
454186,1000,1071
454187,997,1075
454188,995,1075
454189,997,1076
454190,1000,1076
454191,1003,1071
454192,1001,1064
454193,999,1059
454194,1000,1064
454195,999,1066
454196,1000,1072
454197,1005,1068
454198,1005,1067
454199,1004,1064
454200,1001,1064
454201,1003,1067
454202,1007,1067
454203,1008,1067
454204,1006,1062
454205,1003,1060
454206,1001,1062
454207,1001,1069
454208,1002,1073
454209,1006,1073
454210,1007,1068
454211,1005,1064
454212,1003,1068
454213,1004,1068
454214,1005,1072
454215,1004,1067
454216,1007,1069
454217,1004,1065
454218,1001,1071
454219,1004,1073
454220,1008,1070
454221,1010,1069
454222,1010,1065
454223,1006,1062
454224,1003,1061
454225,1005,1066
454226,1008,1073
454227,1007,1075
454228,1008,1070
454229,1007,1066
454230,1004,1067
454231,1005,1068
454232,1007,1072
454233,1007,1073
454234,1005,1073
454235,1005,1068
454236,1003,1068
454237,1007,1065
454238,1012,1070
454239,1016,1067
454240,1013,1069
454241,1012,1069
454242,1013,1069
454243,1014,1075
454244,1016,1078
454245,1019,1076
454246,1016,1072
454247,1016,1069
454248,1016,1070
454249,1018,1072
454250,1022,1074
454251,1026,1068
454252,1028,1063
454253,1035,1055
454254,1044,1055
454255,1059,1056
454256,1078,1056
454257,1103,1048
454258,1129,1033
454259,1157,1020
454260,1188,1010
454261,1223,1010
454262,1257,1013
454263,1286,1019
454264,1294,1028
454265,1280,1039
454266,1240,1052
454267,1195,1060
454268,1148,1073
454269,1101,1082
454270,1054,1089
454271,1022,1094
454272,1007,1093
454273,1009,1091
454274,1019,1086
454275,1023,1075
454276,1023,1067
454277,1020,1065
454278,1012,1069
454279,1011,1066
454280,1012,1066
454281,1010,1065
454282,1005,1064
454283,1003,1066
454284,999,1069
454285,998,1068
454286,1001,1070
454287,1003,1068
454288,1001,1069
454289,997,1069
454290,994,1074
454291,996,1076
454292,1000,1075
454293,1000,1070
454294,1000,1066
454295,997,1067
454296,994,1070
454297,995,1075
454298,999,1077
454299,1003,1076
454300,999,1069
454301,999,1066
454302,994,1066
454303,997,1070
454304,1000,1072
454305,999,1073
454306,998,1069
454307,998,1065
454308,995,1068
454309,997,1070
454310,1004,1078
454311,1002,1076
454312,1007,1075
454313,1005,1073
454314,1002,1069
454315,1000,1070
454316,1003,1072
454317,1007,1074
454318,1004,1073
454319,1003,1074
454320,1000,1076
454321,1001,1079
454322,1007,1081
454323,1011,1081
454324,1011,1075
454325,1007,1065
454326,1008,1059
454327,1008,1059
454328,1010,1060
454329,1015,1061
454330,1014,1058
454331,1010,1053
454332,1009,1056
454333,1015,1056
454334,1016,1058
454335,1019,1055
454336,1021,1053
454337,1020,1049
454338,1018,1050
454339,1019,1053
454340,1023,1052
454341,1027,1052
454342,1028,1050
454343,1025,1044
454344,1024,1043
454345,1026,1041
454346,1028,1043
454347,1032,1042
454348,1030,1039
454349,1028,1038
454350,1029,1039
454351,1030,1045
454352,1032,1048
454353,1037,1043
454354,1036,1041
454355,1032,1039
454356,1029,1042
454357,1031,1048
454358,1034,1053
454359,1038,1048
454360,1038,1045
454361,1035,1041
454362,1036,1042
454363,1039,1043
454364,1044,1041
454365,1045,1040
454366,1044,1042
454367,1041,1041
454368,1041,1040
454369,1042,1044
454370,1045,1047
454371,1046,1052
454372,1044,1051
454373,1036,1051
454374,1037,1051
454375,1035,1051
454376,1036,1055
454377,1035,1060
454378,1032,1064
454379,1027,1060
454380,1025,1058
454381,1024,1060
454382,1025,1059
454383,1027,1062
454384,1022,1062
454385,1017,1062
454386,1018,1065
454387,1018,1069
454388,1020,1071
454389,1020,1070
454390,1020,1068
454391,1018,1069
454392,1017,1070
454393,1016,1073
454394,1018,1073
454395,1019,1076
454396,1018,1075
454397,1013,1074
454398,1013,1075
454399,1014,1075
454400,1016,1079
454401,1019,1081
454402,1017,1082
454403,1014,1075
454404,1011,1071
454405,1015,1069
454406,1014,1070
454407,1017,1070
454408,1016,1069
454409,1014,1067
454410,1014,1067
454411,1015,1069
454412,1018,1068
454413,1018,1068
454414,1018,1064
454415,1017,1065
454416,1013,1064
454417,1016,1067
454418,1016,1073
454419,1022,1071
454420,1022,1070
454421,1022,1065
454422,1018,1065
454423,1020,1067
454424,1021,1074
454425,1021,1077
454426,1021,1073
454427,1021,1067
454428,1019,1064
454429,1018,1065
454430,1023,1068
454431,1021,1065
454432,1023,1062
454433,1017,1060
454434,1013,1063
454435,1016,1069
454436,1016,1076
454437,1019,1071
454438,1022,1064
454439,1018,1062
454440,1019,1061
454441,1020,1065
454442,1021,1067
454443,1024,1066
454444,1020,1065
454445,1019,1063
454446,1018,1066
454447,1021,1070
454448,1020,1076
454449,1025,1073
454450,1022,1073
454451,1021,1070
454452,1016,1070
454453,1018,1075
454454,1020,1073
454455,1025,1075
454456,1024,1074
454457,1019,1072
454458,1018,1074
454459,1018,1073
454460,1019,1072
454461,1021,1072
454462,1020,1068
454463,1015,1065
454464,1015,1067
454465,1016,1069
454466,1021,1072
454467,1021,1071
454468,1019,1069
454469,1019,1069
454470,1014,1070
454471,1012,1072
454472,1015,1070
454473,1016,1069
454474,1017,1067
454475,1011,1061
454476,1011,1063
454477,1011,1063
454478,1015,1067
454479,1019,1067
454480,1018,1067
454481,1013,1066
454482,1013,1067
454483,1015,1068
454484,1015,1073
454485,1017,1068
454486,1016,1065
454487,1010,1062
454488,1008,1061
454489,1012,1066
454490,1014,1069
454491,1016,1070
454492,1013,1072
454493,1013,1067
454494,1008,1071
454495,1010,1075
454496,1011,1077
454497,1015,1080
454498,1014,1079
454499,1012,1069
454500,1014,1069
454501,1015,1071
454502,1016,1076
454503,1017,1080
454504,1017,1076
454505,1015,1077
454506,1013,1079
454507,1015,1081
454508,1019,1082
454509,1021,1079
454510,1021,1076
454511,1018,1069
454512,1017,1069
454513,1015,1072
454514,1018,1076
454515,1020,1075
454516,1018,1069
454517,1016,1066
454518,1015,1064
454519,1016,1069
454520,1019,1073
454521,1021,1070
454522,1015,1070
454523,1017,1071
454524,1014,1068
454525,1013,1068
454526,1018,1071
454527,1018,1069
454528,1016,1069
454529,1014,1063
454530,1011,1062
454531,1014,1065
454532,1017,1070
454533,1018,1069
454534,1016,1071
454535,1010,1072
454536,1008,1075
454537,1010,1078
454538,1015,1080
454539,1017,1078
454540,1014,1076
454541,1009,1076
454542,1012,1075
454543,1014,1075
454544,1016,1076
454545,1019,1073
454546,1017,1069
454547,1016,1067
454548,1015,1069
454549,1016,1071
454550,1017,1074
454551,1023,1074
454552,1022,1071
454553,1018,1072
454554,1017,1072
454555,1017,1075
454556,1021,1078
454557,1022,1080
454558,1022,1073
454559,1020,1068
454560,1019,1071
454561,1021,1074
454562,1023,1078
454563,1019,1079
454564,1020,1074
454565,1017,1075
454566,1016,1073
454567,1017,1072
454568,1019,1074
454569,1021,1072
454570,1020,1068
454571,1017,1062
454572,1017,1066
454573,1018,1070
454574,1020,1074
454575,1023,1075
454576,1020,1074
454577,1014,1070
454578,1012,1072
454579,1017,1073
454580,1020,1071
454581,1024,1065
454582,1022,1063
454583,1018,1065
454584,1015,1068
454585,1018,1069
454586,1018,1072
454587,1017,1071
454588,1019,1071
454589,1016,1069
454590,1014,1068
454591,1017,1073
454592,1022,1072
454593,1022,1072
454594,1017,1069
454595,1019,1072
454596,1018,1075
454597,1019,1077
454598,1022,1079
454599,1026,1077
454600,1024,1075
454601,1023,1071
454602,1022,1070
454603,1023,1074
454604,1023,1078
454605,1027,1077
454606,1023,1073
454607,1022,1070
454608,1017,1070
454609,1019,1071
454610,1023,1073
454611,1026,1072
454612,1023,1067
454613,1023,1062
454614,1019,1065
454615,1020,1067
454616,1023,1074
454617,1023,1075
454618,1024,1072
454619,1022,1068
454620,1021,1070
454621,1022,1075
454622,1023,1080
454623,1026,1072
454624,1024,1064
454625,1023,1059
454626,1019,1059
454627,1022,1064
454628,1024,1069
454629,1027,1069
454630,1027,1066
454631,1023,1065
454632,1021,1064
454633,1020,1069
454634,1023,1071
454635,1027,1070
454636,1023,1071
454637,1022,1068
454638,1020,1065
454639,1022,1069
454640,1027,1072
454641,1029,1070
454642,1023,1065
454643,1022,1064
454644,1025,1062
454645,1024,1064
454646,1027,1065
454647,1027,1065
454648,1028,1068
454649,1028,1067
454650,1024,1067
454651,1025,1068
454652,1028,1071
454653,1031,1069
454654,1029,1065
454655,1027,1067
454656,1023,1067
454657,1028,1070
454658,1029,1072
454659,1033,1070
454660,1031,1070
454661,1030,1065
454662,1029,1062
454663,1031,1063
454664,1036,1064
454665,1037,1063
454666,1035,1059
454667,1034,1062
454668,1034,1062
454669,1041,1063
454670,1051,1063
454671,1062,1057
454672,1077,1051
454673,1090,1043
454674,1110,1041
454675,1136,1035
454676,1166,1026
454677,1194,1008
454678,1222,998
454679,1247,993
454680,1276,997
454681,1296,1007
454682,1301,1023
454683,1282,1039
454684,1241,1047
454685,1192,1054
454686,1143,1065
454687,1103,1075
454688,1067,1088
454689,1044,1091
454690,1031,1089
454691,1024,1082
454692,1030,1077
454693,1039,1073
454694,1040,1072
454695,1034,1068
454696,1030,1063
454697,1023,1060
454698,1024,1061
454699,1019,1066
454700,1019,1071
454701,1018,1075
454702,1014,1077
454703,1013,1075
454704,1011,1076
454705,1010,1081
454706,1011,1082
454707,1013,1075
454708,1012,1068
454709,1006,1064
454710,1007,1064
454711,1006,1066
454712,1008,1070
454713,1006,1071
454714,1008,1071
454715,1002,1069
454716,1001,1070
454717,999,1073
454718,997,1077
454719,1003,1080
454720,1003,1075
454721,1001,1071
454722,997,1067
454723,1000,1069
454724,1004,1071
454725,1005,1069
454726,1002,1068
454727,1000,1067
454728,999,1068
454729,1000,1076
454730,1004,1080
454731,1009,1077
454732,1002,1070
454733,1004,1067
454734,1005,1063
454735,1006,1062
454736,1011,1065
454737,1012,1064
454738,1009,1063
454739,1009,1064
454740,1006,1067
454741,1005,1066
454742,1010,1070
454743,1014,1070
454744,1014,1067
454745,1012,1064
454746,1012,1063
454747,1013,1067
454748,1017,1071
454749,1019,1071
454750,1019,1068
454751,1019,1067
454752,1017,1065
454753,1023,1062
454754,1027,1060
454755,1027,1056
454756,1027,1055
454757,1026,1055
454758,1023,1055
454759,1027,1056
454760,1031,1057
454761,1034,1056
454762,1033,1058
454763,1032,1055
454764,1032,1054
454765,1037,1049
454766,1039,1044
454767,1038,1039
454768,1039,1039
454769,1036,1038
454770,1034,1039
454771,1038,1039
454772,1042,1043
454773,1043,1045
454774,1040,1042
454775,1039,1042
454776,1039,1043
454777,1041,1044
454778,1043,1044
454779,1046,1041
454780,1047,1039
454781,1044,1032
454782,1044,1031
454783,1048,1036
454784,1051,1041
454785,1051,1043
454786,1049,1041
454787,1047,1036
454788,1045,1036
454789,1045,1039
454790,1050,1044
454791,1052,1043
454792,1047,1041
454793,1049,1039
454794,1045,1040
454795,1047,1045
454796,1049,1046
454797,1049,1048
454798,1045,1051
454799,1042,1047
454800,1040,1048
454801,1042,1052
454802,1041,1060
454803,1041,1059
454804,1038,1060
454805,1032,1061
454806,1030,1063
454807,1031,1066
454808,1034,1072
454809,1032,1072
454810,1029,1069
454811,1025,1071
454812,1024,1072
454813,1023,1072
454814,1023,1072
454815,1025,1067
454816,1025,1064
454817,1023,1065
454818,1019,1067
454819,1022,1070
454820,1023,1072
454821,1027,1067
454822,1023,1062
454823,1023,1058
454824,1018,1060
454825,1021,1064
454826,1022,1068
454827,1023,1069
454828,1022,1066
454829,1019,1061
454830,1017,1064
454831,1020,1066
454832,1022,1068
454833,1022,1066
454834,1023,1067
454835,1021,1063
454836,1020,1065
454837,1020,1070
454838,1024,1074
454839,1023,1076
454840,1023,1075
454841,1021,1076
454842,1019,1076
454843,1020,1075
454844,1025,1075
454845,1025,1072
454846,1023,1070
454847,1022,1069
454848,1021,1072
454849,1022,1072
454850,1025,1071
454851,1027,1069
454852,1027,1065
454853,1023,1063
454854,1020,1059
454855,1024,1062
454856,1023,1064
454857,1027,1064
454858,1026,1060
454859,1023,1058
454860,1024,1058
454861,1025,1061
454862,1027,1063
454863,1029,1060
454864,1027,1060
454865,1024,1059
454866,1019,1058
454867,1021,1059
454868,1026,1061
454869,1024,1062
454870,1026,1061
454871,1023,1060
454872,1021,1060
454873,1023,1060
454874,1025,1062
454875,1027,1063
454876,1024,1064
454877,1022,1063
454878,1022,1065
454879,1025,1068
454880,1024,1073
454881,1026,1069
454882,1024,1061
454883,1021,1055
454884,1021,1057
454885,1021,1063
454886,1023,1067
454887,1023,1066
454888,1024,1064
454889,1019,1064
454890,1019,1063
454891,1022,1063
454892,1025,1067
454893,1027,1070
454894,1025,1068
454895,1022,1065
454896,1020,1064
454897,1021,1063
454898,1024,1067
454899,1027,1064
454900,1025,1065
454901,1023,1062
454902,1023,1063
454903,1025,1066
454904,1028,1070
454905,1030,1069
454906,1031,1066
454907,1028,1064
454908,1027,1067
454909,1028,1069
454910,1031,1071
454911,1035,1073
454912,1034,1075
454913,1035,1071
454914,1040,1070
454915,1050,1060
454916,1061,1053
454917,1072,1040
454918,1084,1033
454919,1098,1032
454920,1118,1032
454921,1145,1026
454922,1178,1019
454923,1211,1008
454924,1241,1002
454925,1266,1003
454926,1288,1020
454927,1299,1040
454928,1293,1057
454929,1269,1061
454930,1230,1060
454931,1183,1064
454932,1131,1079
454933,1084,1095
454934,1045,1109
454935,1021,1111
454936,1012,1108
454937,1011,1098
454938,1018,1086
454939,1021,1076
454940,1027,1078
454941,1026,1069
454942,1023,1067
454943,1017,1063
454944,1011,1067
454945,1012,1071
454946,1013,1072
454947,1014,1069
454948,1008,1063
454949,1006,1061
454950,1007,1059
454951,1007,1061
454952,1008,1064
454953,1009,1062
454954,1004,1061
454955,1001,1063
454956,1000,1065
454957,1002,1068
454958,1001,1073
454959,1005,1071
454960,1003,1069
454961,1002,1066
454962,999,1064
454963,1003,1066
454964,1005,1070
454965,1007,1069
454966,1006,1066
454967,1002,1066
454968,1002,1068
454969,1004,1070
454970,1007,1077
454971,1008,1080
454972,1006,1083
454973,1006,1078
454974,1000,1078
454975,1006,1076
454976,1011,1074
454977,1013,1069
454978,1011,1060
454979,1009,1056
454980,1010,1056
454981,1008,1062
454982,1014,1062
454983,1012,1058
454984,1010,1053
454985,1008,1051
454986,1008,1053
454987,1011,1056
454988,1015,1060
454989,1014,1060
454990,1012,1059
454991,1010,1058
454992,1009,1055
454993,1010,1052
454994,1015,1053
454995,1016,1054
454996,1014,1052
454997,1011,1049
454998,1013,1049
454999,1016,1052
455000,1019,1053
455001,1018,1049
455002,1019,1044
455003,1018,1043
455004,1019,1043
455005,1020,1043
455006,1022,1046
455007,1023,1042
455008,1027,1041
455009,1025,1039
455010,1027,1040
455011,1033,1039
455012,1036,1038
455013,1038,1034
455014,1039,1029
455015,1037,1022
455016,1037,1021
455017,1038,1023
455018,1041,1024
455019,1047,1021
455020,1046,1017
455021,1042,1012
455022,1043,1011
455023,1046,1014
455024,1048,1014
455025,1049,1016
455026,1045,1012
455027,1043,1008
455028,1042,1009
455029,1044,1010
455030,1051,1016
455031,1051,1013
455032,1049,1013
455033,1046,1013
455034,1045,1018
455035,1044,1024
455036,1048,1028
455037,1046,1027
455038,1046,1025
455039,1043,1024
455040,1040,1028
455041,1042,1036
455042,1042,1042
455043,1042,1045
455044,1037,1045
455045,1035,1049
455046,1031,1054
455047,1030,1062
455048,1032,1065
455049,1030,1063
455050,1027,1062
455051,1025,1061
455052,1023,1062
455053,1023,1065
455054,1023,1070
455055,1025,1069
455056,1023,1068
455057,1018,1070
455058,1016,1071
455059,1019,1075
455060,1021,1079
455061,1019,1077
455062,1017,1077
455063,1015,1077
455064,1013,1076
455065,1014,1074
455066,1015,1071
455067,1018,1067
455068,1014,1067
455069,1015,1067
455070,1013,1071
455071,1015,1072
455072,1018,1075
455073,1019,1073
455074,1015,1070
455075,1013,1066
455076,1013,1065
455077,1014,1070
455078,1019,1074
455079,1019,1074
455080,1022,1074
455081,1019,1066
455082,1016,1069
455083,1017,1072
455084,1017,1069
455085,1019,1071
455086,1016,1067
455087,1011,1067
455088,1017,1068
455089,1020,1069
455090,1023,1076
455091,1025,1073
455092,1024,1069
455093,1021,1068
455094,1019,1070
455095,1020,1076
455096,1020,1077
455097,1023,1074
455098,1024,1073
455099,1021,1071
455100,1020,1074
455101,1022,1073
455102,1025,1072
455103,1028,1069
455104,1023,1068
455105,1016,1065
455106,1016,1067
455107,1019,1069
455108,1022,1067
455109,1024,1070
455110,1021,1068
455111,1020,1068
455112,1016,1070
455113,1019,1072
455114,1022,1075
455115,1021,1074
455116,1022,1072
455117,1018,1070
455118,1012,1072
455119,1016,1075
455120,1019,1074
455121,1020,1073
455122,1020,1072
455123,1017,1071
455124,1017,1069
455125,1019,1068
455126,1019,1069
455127,1020,1070
455128,1019,1069
455129,1016,1067
455130,1013,1071
455131,1015,1071
455132,1018,1074
455133,1019,1072
455134,1014,1069
455135,1012,1064
455136,1011,1065
455137,1013,1069
455138,1013,1073
455139,1015,1072
455140,1013,1068
455141,1012,1069
455142,1011,1069
455143,1014,1070
455144,1016,1071
455145,1018,1066
455146,1016,1064
455147,1011,1064
455148,1013,1067
455149,1015,1069
455150,1020,1073
455151,1018,1073
455152,1022,1073
455153,1018,1072
455154,1014,1076
455155,1015,1074
455156,1018,1076
455157,1016,1074
455158,1017,1075
455159,1016,1075
455160,1018,1079
455161,1020,1079
455162,1022,1079
455163,1025,1074
455164,1024,1069
455165,1018,1066
455166,1020,1070
455167,1019,1072
455168,1024,1072
455169,1025,1068
455170,1026,1070
455171,1021,1069
455172,1020,1074
455173,1024,1074
455174,1028,1074
455175,1029,1070
455176,1026,1064
455177,1025,1058
455178,1029,1057
455179,1036,1058
455180,1051,1056
455181,1065,1047
455182,1080,1041
455183,1097,1035
455184,1120,1030
455185,1153,1018
455186,1185,1009
455187,1219,1002
455188,1247,1000
455189,1268,1008
455190,1277,1020
455191,1270,1039
455192,1239,1050
455193,1193,1057
455194,1142,1065
455195,1087,1081
455196,1038,1098
455197,1006,1108
455198,999,1115
455199,1006,1109
455200,1012,1097
455201,1015,1083
455202,1014,1082
455203,1020,1078
455204,1022,1080
455205,1020,1076
455206,1015,1073
455207,1009,1073
455208,1006,1076
455209,1007,1077
455210,1008,1077
455211,1004,1077
455212,1002,1074
455213,1003,1074
455214,1003,1073
455215,1003,1073
455216,1005,1076
455217,1005,1069
455218,1005,1067
455219,1001,1065
455220,998,1066
455221,1002,1070
455222,1003,1072
455223,1004,1072
455224,1003,1072
455225,1001,1068
455226,998,1066
455227,997,1068
455228,998,1071
455229,1000,1071
455230,998,1068
455231,995,1063
455232,994,1066
455233,996,1069
455234,995,1072
455235,998,1070
455236,998,1069
455237,995,1066
455238,991,1068
455239,993,1073
455240,997,1073
455241,996,1071
455242,996,1069
455243,996,1065
455244,993,1067
455245,995,1069
455246,999,1069
455247,999,1066
455248,999,1067
455249,994,1064
455250,993,1063
455251,995,1069
455252,998,1069
455253,1000,1068
455254,1003,1064
455255,999,1059
455256,999,1056
455257,1001,1058
455258,1003,1056
455259,1005,1056
455260,1004,1053
455261,1003,1052
455262,1005,1054
455263,1009,1056
455264,1009,1060
455265,1012,1057
455266,1010,1048
455267,1009,1041
455268,1010,1035
455269,1012,1035
455270,1016,1033
455271,1017,1030
455272,1019,1026
455273,1020,1026
455274,1018,1023
455275,1023,1029
455276,1025,1031
455277,1025,1031
455278,1024,1026
455279,1023,1023
455280,1023,1021
455281,1024,1024
455282,1028,1026
455283,1029,1026
455284,1030,1022
455285,1027,1018
455286,1028,1019
455287,1030,1020
455288,1037,1023
455289,1038,1025
455290,1038,1021
455291,1035,1022
455292,1035,1025
455293,1037,1030
455294,1041,1034
455295,1041,1034
455296,1040,1031
455297,1037,1033
455298,1036,1033
455299,1040,1039
455300,1042,1043
455301,1040,1044
455302,1036,1045
455303,1035,1044
455304,1034,1048
455305,1034,1053
455306,1035,1063
455307,1032,1062
455308,1031,1052
455309,1026,1046
455310,1026,1046
455311,1027,1050
455312,1027,1054
455313,1024,1053
455314,1022,1054
455315,1019,1052
455316,1020,1058
455317,1021,1064
455318,1021,1070
455319,1020,1071
455320,1016,1068
455321,1014,1069
455322,1011,1070
455323,1014,1073
455324,1020,1076
455325,1022,1078
455326,1022,1075
455327,1017,1074
455328,1017,1075
455329,1018,1075
455330,1021,1079
455331,1022,1076
455332,1022,1075
455333,1023,1072
455334,1023,1073
455335,1029,1075
455336,1031,1076
455337,1038,1075
455338,1040,1076
455339,1043,1074
455340,1042,1072
455341,1048,1074
455342,1053,1075
455343,1061,1076
455344,1068,1072
455345,1077,1067
455346,1088,1058
455347,1102,1044
455348,1110,1026
455349,1122,1009
455350,1133,991
455351,1143,977
455352,1155,968
455353,1169,958
455354,1185,946
455355,1200,925
455356,1212,905
455357,1222,887
455358,1239,874
455359,1256,863
455360,1272,853
455361,1282,842
455362,1283,834
455363,1279,832
455364,1279,841
455365,1276,847
455366,1275,855
455367,1273,855
455368,1265,851
455369,1248,847
455370,1234,852
455371,1221,858
455372,1202,870
455373,1180,879
455374,1155,890
455375,1134,897
455376,1116,914
455377,1103,931
455378,1097,947
455379,1092,959
455380,1086,969
455381,1080,979
455382,1075,995
455383,1069,1007
455384,1073,1018
455385,1077,1025
455386,1082,1027
455387,1085,1028
455388,1091,1026
455389,1091,1030
455390,1077,1035
455391,1050,1042
455392,1023,1050
455393,998,1055
455394,981,1068
455395,973,1079
455396,971,1094
455397,966,1105
455398,960,1111
455399,952,1115
455400,948,1119
455401,945,1121
455402,944,1127
455403,940,1132
455404,937,1133
455405,933,1133
455406,927,1132
455407,932,1132
455408,933,1133
455409,931,1132
455410,931,1135
455411,927,1135
455412,921,1139
455413,920,1144
455414,920,1150
455415,921,1151
455416,916,1152
455417,911,1151
455418,912,1152
455419,912,1159
455420,914,1160
455421,912,1162
455422,909,1161
455423,905,1161
455424,905,1167
455425,905,1167
455426,907,1171
455427,905,1170
455428,905,1168
455429,899,1169
455430,899,1174
455431,899,1178
455432,903,1182
455433,903,1181
455434,903,1180
455435,898,1181
455436,897,1185
455437,897,1188
455438,900,1192
455439,902,1195
455440,902,1192
455441,899,1192
455442,899,1194
455443,902,1201
455444,903,1209
455445,907,1210
455446,905,1207
455447,901,1211
455448,905,1211
455449,909,1215
455450,913,1217
455451,915,1217
455452,913,1214
455453,911,1210
455454,913,1212
455455,919,1217
455456,921,1216
455457,922,1212
455458,923,1209
455459,925,1205
455460,930,1203
455461,932,1201
455462,938,1199
455463,944,1196
455464,944,1189
455465,943,1185
455466,946,1180
455467,953,1173
455468,957,1171
455469,959,1164
455470,960,1155
455471,958,1149
455472,963,1147
455473,970,1149
455474,972,1147
455475,976,1135
455476,980,1127
455477,980,1123
455478,984,1121
455479,987,1120
455480,990,1118
455481,998,1112
455482,995,1111
455483,993,1105
455484,993,1102
455485,998,1099
455486,1003,1097
455487,1004,1089
455488,1003,1082
455489,1005,1084
455490,1007,1085
455491,1008,1089
455492,1010,1089
455493,1013,1086
455494,1010,1085
455495,1008,1082
455496,1009,1082
455497,1012,1085
455498,1019,1088
455499,1019,1084
455500,1013,1084
455501,1014,1080
455502,1009,1080
455503,1015,1081
455504,1018,1082
455505,1018,1074
455506,1020,1071
455507,1018,1066
455508,1016,1067
455509,1018,1069
455510,1020,1071
455511,1021,1067
455512,1018,1067
455513,1013,1069
455514,1016,1072
455515,1021,1077
455516,1023,1078
455517,1021,1075
455518,1019,1073
455519,1017,1074
455520,1018,1075
455521,1021,1075
455522,1023,1076
455523,1023,1075
455524,1024,1075
455525,1020,1076
455526,1020,1075
455527,1020,1078
455528,1024,1079
455529,1025,1079
455530,1023,1077
455531,1022,1077
455532,1022,1077
455533,1022,1080
455534,1024,1082
455535,1027,1083
455536,1023,1084
455537,1020,1081
455538,1019,1081
455539,1019,1084
455540,1023,1081
455541,1025,1077
455542,1024,1073
455543,1021,1074
455544,1019,1075
455545,1023,1078
455546,1028,1080
455547,1027,1079
455548,1026,1075
455549,1022,1072
455550,1025,1072
455551,1023,1076
455552,1027,1076
455553,1027,1071
455554,1029,1071
455555,1025,1067
455556,1023,1073
455557,1029,1076
455558,1029,1075
455559,1031,1074
455560,1026,1069
455561,1024,1070
455562,1024,1073
455563,1027,1078
455564,1030,1083
455565,1033,1081
455566,1030,1077
455567,1029,1073
455568,1028,1072
455569,1031,1074
455570,1034,1075
455571,1035,1072
455572,1034,1067
455573,1033,1064
455574,1032,1066
455575,1035,1072
455576,1036,1076
455577,1035,1076
455578,1029,1074
455579,1030,1072
455580,1028,1070
455581,1030,1072
455582,1034,1074
455583,1032,1074
455584,1029,1072
455585,1027,1071
455586,1028,1072
455587,1027,1075
455588,1030,1075
455589,1032,1070
455590,1030,1069
455591,1027,1070
455592,1027,1076
455593,1030,1078
455594,1031,1077
455595,1033,1073
455596,1029,1075
455597,1027,1073
455598,1027,1076
455599,1028,1074
455600,1031,1079
455601,1032,1077
455602,1028,1076
455603,1026,1075
455604,1023,1076
455605,1027,1079
455606,1032,1077
455607,1030,1075
455608,1027,1071
455609,1026,1072
455610,1028,1076
455611,1031,1078
455612,1033,1076
455613,1035,1074
455614,1034,1075
455615,1032,1069
455616,1031,1073
455617,1031,1078
455618,1033,1077
455619,1034,1075
455620,1034,1073
455621,1032,1071
455622,1026,1074
455623,1030,1078
455624,1033,1080
455625,1035,1080
455626,1032,1077
455627,1034,1073
455628,1033,1074
455629,1033,1073
455630,1036,1073
455631,1037,1069
455632,1036,1068
455633,1032,1065
455634,1031,1068
455635,1032,1072
455636,1034,1075
455637,1036,1072
455638,1034,1069
455639,1030,1069
455640,1031,1072
455641,1029,1074
455642,1033,1077
455643,1029,1072
455644,1031,1074
455645,1028,1071
455646,1027,1074
455647,1031,1075
455648,1035,1075
455649,1034,1073
455650,1032,1072
455651,1026,1069
455652,1028,1071
455653,1028,1074
455654,1030,1080
455655,1027,1080
455656,1027,1075
455657,1028,1068
455658,1030,1069
455659,1031,1069
455660,1033,1071
455661,1031,1075
455662,1031,1074
455663,1030,1069
455664,1031,1068
455665,1032,1072
455666,1035,1076
455667,1035,1075
455668,1031,1071
455669,1031,1073
455670,1029,1070
455671,1032,1073
455672,1036,1072
455673,1036,1073
455674,1033,1068
455675,1029,1068
455676,1030,1072
455677,1032,1077
455678,1037,1079
455679,1034,1074
455680,1035,1073
455681,1034,1069
455682,1032,1075
455683,1032,1074
455684,1035,1071
455685,1034,1073
455686,1035,1073
455687,1033,1074
455688,1030,1076
455689,1031,1076
455690,1036,1082
455691,1036,1080
455692,1030,1075
455693,1029,1070
455694,1031,1068
455695,1035,1070
455696,1036,1068
455697,1040,1067
455698,1038,1066
455699,1033,1066
455700,1033,1070
455701,1034,1073
455702,1036,1075
455703,1037,1074
455704,1034,1069
455705,1032,1069
455706,1034,1070
455707,1034,1076
455708,1036,1081
455709,1035,1082
455710,1036,1077
455711,1033,1070
455712,1035,1068
455713,1035,1070
455714,1040,1075
455715,1038,1071
455716,1036,1069
455717,1034,1070
455718,1034,1070
455719,1035,1071
455720,1037,1071
455721,1035,1072
455722,1036,1069
455723,1034,1066
455724,1036,1066
455725,1036,1070
455726,1037,1073
455727,1036,1072
455728,1035,1071
455729,1031,1068
455730,1030,1071
455731,1033,1074
455732,1036,1078
455733,1034,1074
455734,1034,1073
455735,1031,1069
455736,1033,1069
455737,1033,1075
455738,1038,1079
455739,1037,1078
455740,1035,1073
455741,1033,1070
455742,1035,1069
455743,1037,1073
455744,1036,1075
455745,1037,1073
455746,1034,1071
455747,1031,1070
455748,1029,1073
455749,1031,1073
455750,1034,1073
455751,1038,1070
455752,1035,1066
455753,1033,1064
455754,1035,1068
455755,1036,1072
455756,1041,1073
455757,1041,1072
455758,1039,1068
455759,1035,1068
455760,1035,1068
455761,1039,1073
455762,1041,1075
455763,1045,1073
455764,1045,1069
455765,1041,1063
455766,1047,1060
455767,1055,1058
455768,1066,1061
455769,1079,1060
455770,1092,1055
455771,1109,1046
455772,1136,1040
455773,1168,1030
455774,1202,1018
455775,1233,1008
455776,1260,1003
455777,1289,1003
455778,1312,1015
455779,1316,1034
455780,1300,1051
455781,1259,1055
455782,1206,1063
455783,1156,1072
455784,1107,1084
455785,1070,1091
455786,1046,1093
455787,1036,1090
455788,1036,1085
455789,1042,1078
455790,1045,1073
455791,1044,1075
455792,1043,1076
455793,1038,1073
455794,1031,1068
455795,1027,1062
455796,1022,1066
455797,1022,1069
455798,1026,1072
455799,1020,1076
455800,1018,1073
455801,1016,1070
455802,1012,1069
455803,1013,1075
455804,1019,1079
455805,1017,1077
455806,1016,1072
455807,1012,1068
455808,1009,1071
455809,1015,1075
455810,1019,1078
455811,1018,1070
455812,1015,1067
455813,1011,1066
455814,1009,1070
455815,1013,1073
455816,1016,1080
455817,1017,1079
455818,1010,1078
455819,1011,1080
455820,1013,1089
455821,1017,1088
455822,1020,1085
455823,1022,1077
455824,1020,1077
455825,1017,1075
455826,1016,1073
455827,1018,1074
455828,1018,1071
455829,1018,1069
455830,1016,1067
455831,1015,1068
455832,1018,1069
455833,1019,1072
455834,1021,1070
455835,1020,1068
455836,1016,1063
455837,1015,1064
455838,1013,1067
455839,1019,1067
455840,1019,1072
455841,1020,1072
455842,1018,1067
455843,1017,1066
455844,1017,1065
455845,1019,1068
455846,1023,1069
455847,1023,1072
455848,1023,1071
455849,1024,1065
455850,1026,1059
455851,1027,1058
455852,1032,1059
455853,1029,1060
455854,1031,1060
455855,1029,1058
455856,1031,1060
455857,1034,1065
455858,1036,1061
455859,1039,1053
455860,1035,1048
455861,1034,1042
455862,1035,1042
455863,1040,1048
455864,1044,1052
455865,1045,1053
455866,1042,1053
455867,1048,1053
455868,1047,1050
455869,1051,1049
455870,1056,1047
455871,1056,1047
455872,1054,1045
455873,1052,1047
455874,1054,1047
455875,1060,1048
455876,1062,1048
455877,1062,1046
455878,1063,1044
455879,1059,1041
455880,1060,1042
455881,1063,1040
455882,1068,1038
455883,1067,1037
455884,1063,1034
455885,1061,1035
455886,1063,1041
455887,1065,1045
455888,1067,1049
455889,1068,1050
455890,1061,1047
455891,1056,1050
455892,1054,1054
455893,1056,1060
455894,1058,1060
455895,1055,1058
455896,1052,1057
455897,1047,1058
455898,1046,1058
455899,1047,1063
455900,1049,1070
455901,1047,1076
455902,1044,1076
455903,1040,1070
455904,1040,1066
455905,1042,1064
455906,1043,1063
455907,1041,1065
455908,1035,1065
455909,1035,1063
455910,1035,1069
455911,1033,1073
455912,1038,1074
455913,1032,1073
455914,1032,1070
455915,1030,1069
455916,1029,1069
455917,1030,1070
455918,1033,1075
455919,1034,1073
455920,1031,1070
455921,1026,1072
455922,1027,1075
455923,1029,1079
455924,1035,1075
455925,1033,1071
455926,1030,1071
455927,1026,1068
455928,1026,1070
455929,1028,1070
455930,1031,1070
455931,1032,1067
455932,1030,1063
455933,1027,1062
455934,1026,1065
455935,1029,1066
455936,1032,1066
455937,1029,1063
455938,1026,1062
455939,1026,1061
455940,1023,1065
455941,1029,1066
455942,1030,1069
455943,1032,1073
455944,1029,1076
455945,1028,1075
455946,1027,1075
455947,1028,1073
455948,1030,1070
455949,1034,1066
455950,1029,1062
455951,1027,1061
455952,1025,1063
455953,1031,1067
455954,1031,1071
455955,1031,1067
455956,1030,1067
455957,1027,1067
455958,1027,1071
455959,1029,1074
455960,1031,1072
455961,1027,1067
455962,1025,1064
455963,1025,1064
455964,1026,1067
455965,1028,1068
455966,1030,1072
455967,1029,1069
455968,1027,1067
455969,1021,1066
455970,1023,1067
455971,1026,1072
455972,1027,1071
455973,1028,1071
455974,1024,1066
455975,1020,1066
455976,1018,1070
455977,1023,1068
455978,1025,1072
455979,1022,1072
455980,1019,1065
455981,1018,1064
455982,1017,1064
455983,1019,1068
455984,1022,1072
455985,1022,1074
455986,1020,1072
455987,1017,1067
455988,1018,1067
455989,1023,1067
455990,1023,1070
455991,1025,1067
455992,1020,1064
455993,1018,1061
455994,1020,1066
455995,1023,1067
455996,1025,1069
455997,1024,1067
455998,1023,1065
455999,1017,1064
456000,1021,1067
456001,1020,1073
456002,1024,1073
456003,1027,1072
456004,1026,1066
456005,1023,1066
456006,1023,1071
456007,1026,1074
456008,1033,1073
456009,1038,1071
456010,1042,1063
456011,1051,1059
456012,1064,1058
456013,1087,1062
456014,1114,1060
456015,1143,1047
456016,1174,1029
456017,1207,1017
456018,1244,1011
456019,1277,1018
456020,1300,1034
456021,1299,1050
456022,1275,1057
456023,1234,1056
456024,1183,1065
456025,1137,1077
456026,1089,1094
456027,1038,1107
456028,1004,1113
456029,995,1116
456030,1001,1109
456031,1012,1101
456032,1020,1094
456033,1022,1086
456034,1018,1076
456035,1014,1078
456036,1013,1079
456037,1012,1080
456038,1012,1079
456039,1012,1075
456040,1006,1071
456041,1002,1071
456042,1001,1078
456043,1007,1080
456044,1009,1082
456045,1006,1075
456046,1005,1067
456047,1001,1067
456048,997,1071
456049,1000,1075
456050,1000,1080
456051,1001,1077
456052,996,1075
456053,996,1071
456054,996,1072
456055,998,1075
456056,1000,1078
456057,999,1079
456058,999,1076
456059,995,1076
456060,996,1076
456061,998,1076
456062,1001,1079
456063,1001,1081
456064,998,1078
456065,995,1078
456066,994,1078
456067,994,1079
456068,995,1080
456069,998,1079
456070,997,1071
456071,995,1066
456072,994,1068
456073,997,1073
456074,1001,1071
456075,1002,1069
456076,1003,1064
456077,997,1063
456078,996,1063
456079,1002,1066
456080,1005,1069
456081,1007,1065
456082,1003,1059
456083,1005,1058
456084,1004,1060
456085,1005,1064
456086,1010,1063
456087,1010,1057
456088,1009,1054
456089,1010,1053
456090,1007,1054
456091,1012,1052
456092,1013,1051
456093,1019,1049
456094,1018,1047
456095,1017,1048
456096,1017,1048
456097,1020,1045
456098,1023,1043
456099,1022,1040
456100,1019,1036
456101,1017,1033
456102,1019,1037
456103,1022,1040
456104,1026,1045
456105,1025,1044
456106,1024,1038
456107,1022,1036
456108,1022,1038
456109,1025,1047
456110,1027,1052
456111,1030,1046
456112,1032,1037
456113,1026,1030
456114,1028,1029
456115,1032,1032
456116,1034,1037
456117,1034,1038
456118,1030,1035
456119,1030,1034
456120,1029,1035
456121,1034,1041
456122,1035,1044
456123,1036,1042
456124,1033,1042
456125,1029,1043
456126,1027,1048
456127,1029,1051
456128,1031,1053
456129,1029,1054
456130,1023,1057
456131,1021,1057
456132,1020,1061
456133,1022,1069
456134,1023,1072
456135,1024,1067
456136,1020,1067
456137,1016,1067
456138,1012,1072
456139,1011,1084
456140,1018,1086
456141,1016,1083
456142,1012,1074
456143,1010,1069
456144,1010,1072
456145,1011,1075
456146,1013,1077
456147,1011,1076
456148,1007,1079
456149,1003,1078
456150,1003,1082
456151,1009,1079
456152,1012,1078
456153,1012,1079
456154,1007,1075
456155,1007,1072
456156,1005,1078
456157,1009,1082
456158,1012,1082
456159,1012,1084
456160,1013,1083
456161,1012,1084
456162,1010,1086
456163,1014,1091
456164,1017,1098
456165,1015,1098
456166,1011,1094
456167,1009,1089
456168,1011,1085
456169,1013,1085
456170,1016,1083
456171,1015,1079
456172,1014,1078
456173,1013,1079
456174,1014,1080
456175,1018,1082
456176,1020,1081
456177,1018,1080
456178,1015,1079
456179,1015,1077
456180,1011,1074
456181,1017,1072
456182,1018,1071
456183,1018,1073
456184,1017,1073
456185,1013,1070
456186,1011,1072
456187,1018,1071
456188,1015,1077
456189,1016,1073
456190,1014,1070
456191,1012,1068
456192,1008,1071
456193,1017,1074
456194,1017,1079
456195,1018,1076
456196,1015,1074
456197,1015,1072
456198,1013,1072
456199,1016,1076
456200,1017,1081
456201,1015,1081
456202,1010,1081
456203,1008,1080
456204,1009,1082
456205,1012,1083
456206,1012,1082
456207,1012,1078
456208,1009,1075
456209,1008,1072
456210,1006,1078
456211,1010,1082
456212,1014,1090
456213,1014,1090
456214,1010,1088
456215,1009,1085
456216,1007,1089
456217,1010,1093
456218,1014,1094
456219,1010,1091
456220,1012,1086
456221,1011,1083
456222,1011,1084
456223,1012,1086
456224,1015,1088
456225,1014,1086
456226,1012,1078
456227,1008,1074
456228,1007,1075
456229,1010,1079
456230,1015,1083
456231,1015,1083
456232,1012,1084
456233,1009,1083
456234,1011,1080
456235,1015,1078
456236,1018,1075
456237,1016,1074
456238,1009,1071
456239,1010,1072
456240,1011,1073
456241,1013,1078
456242,1018,1078
456243,1016,1078
456244,1015,1076
456245,1013,1077
456246,1012,1079
456247,1014,1081
456248,1016,1082
456249,1016,1082
456250,1015,1080
456251,1013,1079
456252,1016,1079
456253,1018,1079
456254,1021,1077
456255,1021,1076
456256,1018,1073
456257,1016,1073
456258,1019,1074
456259,1026,1078
456260,1038,1078
456261,1054,1075
456262,1067,1068
456263,1087,1059
456264,1116,1050
456265,1152,1033
456266,1185,1019
456267,1222,1012
456268,1249,1007
456269,1277,1013
456270,1295,1027
456271,1290,1046
456272,1258,1053
456273,1208,1058
456274,1149,1063
456275,1093,1080
456276,1040,1098
456277,1008,1114
456278,1000,1121
456279,1003,1114
456280,1010,1100
456281,1015,1088
456282,1018,1084
456283,1016,1082
456284,1014,1082
456285,1013,1079
456286,1010,1076
456287,1004,1075
456288,1003,1080
456289,1006,1083
456290,1006,1083
456291,1007,1079
456292,1001,1073
456293,999,1076
456294,999,1079
456295,997,1083
456296,1002,1086
456297,1001,1082
456298,997,1081
456299,997,1075
456300,998,1078
456301,999,1080
456302,1000,1082
456303,995,1081
456304,994,1080
456305,991,1081
456306,988,1083
456307,994,1082
456308,998,1086
456309,997,1087
456310,991,1090
456311,990,1091
456312,991,1089
456313,990,1089
456314,995,1088
456315,995,1084
456316,997,1080
456317,995,1078
456318,995,1078
456319,997,1078
456320,1001,1078
456321,1001,1075
456322,994,1072
456323,993,1074
456324,994,1080
456325,995,1084
456326,998,1082
456327,998,1081
456328,997,1079
456329,995,1073
456330,998,1073
456331,1002,1075
456332,1005,1073
456333,1006,1070
456334,1003,1068
456335,1003,1065
456336,1005,1065
456337,1005,1070
456338,1012,1070
456339,1008,1069
456340,1010,1061
456341,1010,1059
456342,1012,1055
456343,1013,1056
456344,1016,1054
456345,1017,1051
456346,1014,1046
456347,1014,1049
456348,1016,1051
456349,1019,1051
456350,1024,1049
456351,1023,1044
456352,1020,1039
456353,1018,1037
456354,1021,1044
456355,1026,1047
456356,1031,1045
456357,1028,1042
456358,1023,1040
456359,1024,1042
456360,1024,1045
456361,1026,1046
456362,1030,1043
456363,1029,1041
456364,1029,1039
456365,1028,1038
456366,1030,1044
456367,1032,1048
456368,1036,1048
456369,1035,1048
456370,1031,1044
456371,1032,1048
456372,1029,1050
456373,1034,1054
456374,1034,1055
456375,1035,1055
456376,1032,1054
456377,1029,1055
456378,1029,1058
456379,1031,1066
456380,1031,1070
456381,1027,1071
456382,1024,1070
456383,1020,1072
456384,1020,1077
456385,1022,1077
456386,1023,1078
456387,1022,1073
456388,1019,1073
456389,1016,1072
456390,1016,1074
456391,1015,1077
456392,1016,1078
456393,1015,1080
456394,1014,1081
456395,1012,1080
456396,1012,1080
456397,1018,1081
456398,1020,1082
456399,1020,1083
456400,1015,1082
456401,1012,1081
456402,1013,1090
456403,1015,1093
456404,1020,1093
456405,1017,1090
456406,1019,1086
456407,1016,1081
456408,1021,1077
456409,1024,1077
456410,1031,1077
456411,1035,1076
456412,1037,1077
456413,1039,1078
456414,1042,1082
456415,1052,1084
456416,1058,1082
456417,1071,1072
456418,1083,1063
456419,1091,1048
456420,1104,1034
456421,1120,1020
456422,1140,1002
456423,1154,982
456424,1166,963
456425,1175,946
456426,1191,927
456427,1214,906
456428,1232,883
456429,1250,865
456430,1258,849
456431,1267,837
456432,1272,831
456433,1274,832
456434,1276,830
456435,1269,827
456436,1259,823
456437,1243,826
456438,1231,825
456439,1213,832
456440,1197,837
456441,1172,842
456442,1147,853
456443,1120,868
456444,1099,888
456445,1082,910
456446,1072,924
456447,1065,940
456448,1059,955
456449,1055,970
456450,1052,981
456451,1048,991
456452,1053,998
456453,1053,1001
456454,1060,1008
456455,1070,1018
456456,1083,1024
456457,1088,1029
456458,1076,1032
456459,1047,1039
456460,1015,1046
456461,984,1058
456462,966,1080
456463,957,1098
456464,960,1114
456465,954,1124
456466,950,1124
456467,943,1123
456468,938,1126
456469,939,1130
456470,938,1138
456471,933,1141
456472,927,1138
456473,920,1139
456474,921,1141
456475,918,1147
456476,920,1150
456477,919,1155
456478,914,1155
456479,909,1156
456480,911,1156
456481,911,1159
456482,913,1161
456483,910,1163
456484,906,1161
456485,903,1163
456486,905,1165
456487,908,1166
456488,910,1166
456489,908,1165
456490,900,1162
456491,902,1165
456492,902,1170
456493,903,1174
456494,904,1177
456495,900,1175
456496,897,1177
456497,895,1178
456498,896,1184
456499,897,1194
456500,896,1201
456501,897,1201
456502,893,1199
456503,892,1200
456504,890,1204
456505,893,1211
456506,895,1212
456507,894,1210
456508,893,1211
456509,892,1217
456510,895,1225
456511,900,1227
456512,902,1226
456513,903,1226
456514,900,1221
456515,897,1224
456516,901,1227
456517,905,1235
456518,912,1231
456519,913,1229
456520,913,1223
456521,911,1223
456522,915,1223
456523,919,1227
456524,926,1224
456525,928,1218
456526,930,1211
456527,931,1202
456528,935,1201
456529,940,1196
456530,939,1192
456531,943,1188
456532,945,1179
456533,946,1179
456534,950,1176
456535,958,1173
456536,962,1165
456537,964,1153
456538,960,1144
456539,963,1140
456540,967,1142
456541,972,1139
456542,978,1132
456543,972,1123
456544,971,1117
456545,967,1113
456546,973,1112
456547,977,1112
456548,980,1110
456549,980,1105
456550,980,1098
456551,977,1095
456552,979,1094
456553,982,1094
456554,984,1094
456555,983,1093
456556,976,1088
456557,977,1087
456558,976,1090
456559,984,1091
456560,987,1089
456561,986,1082
456562,981,1076
456563,981,1075
456564,982,1080
456565,984,1081
456566,984,1085
456567,982,1085
456568,980,1082
456569,977,1080
456570,982,1082
456571,985,1083
456572,987,1087
456573,987,1086
456574,985,1081
456575,984,1076
456576,985,1074
456577,987,1076
456578,988,1076
456579,986,1074
456580,985,1072
456581,983,1072
456582,988,1074
456583,988,1078
456584,990,1077
456585,983,1074
456586,983,1068
456587,980,1064
456588,979,1065
456589,986,1066
456590,987,1068
456591,990,1069
456592,989,1065
456593,985,1069
456594,987,1074
456595,994,1076
456596,997,1076
456597,997,1075
456598,992,1071
456599,987,1068
456600,985,1071
456601,991,1074
456602,994,1076
456603,992,1074
456604,990,1070
456605,988,1071
456606,990,1076
456607,991,1083
456608,994,1083
456609,993,1078
456610,991,1073
456611,990,1068
456612,992,1069
456613,994,1071
456614,995,1074
456615,993,1075
456616,989,1075
456617,988,1073
456618,989,1077
456619,991,1077
456620,993,1073
456621,992,1072
456622,992,1072
456623,984,1072
456624,983,1075
456625,983,1078
456626,990,1081
456627,989,1074
456628,989,1073
456629,987,1073
456630,984,1077
456631,989,1080
456632,989,1080
456633,988,1078
456634,987,1072
456635,983,1070
456636,982,1075
456637,985,1076
456638,988,1075
456639,988,1074
456640,988,1069
456641,985,1071
456642,983,1070
456643,987,1073
456644,989,1073
456645,988,1074
456646,989,1071
456647,986,1071
456648,988,1074
456649,988,1078
456650,994,1081
456651,991,1083
456652,990,1078
456653,990,1072
456654,991,1069
456655,993,1070
456656,998,1070
456657,997,1068
456658,993,1067
456659,991,1069
456660,992,1071
456661,995,1076
456662,993,1079
456663,996,1075
456664,993,1073
456665,992,1070
456666,993,1075
456667,992,1077
456668,997,1078
456669,994,1075
456670,993,1072
456671,988,1069
456672,991,1073
456673,996,1075
456674,997,1072
456675,993,1072
456676,989,1071
456677,985,1075
456678,987,1078
456679,992,1082
456680,994,1078
456681,995,1071
456682,988,1068
456683,984,1072
456684,986,1078
456685,992,1083
456686,993,1078
456687,990,1068
456688,991,1058
456689,989,1057
456690,990,1060
456691,995,1068
456692,997,1070
456693,994,1067
456694,993,1068
456695,991,1070
456696,990,1072
456697,996,1077
456698,997,1077
456699,997,1076
456700,995,1073
456701,994,1072
456702,992,1072
456703,997,1074
456704,998,1073
456705,997,1076
456706,998,1074
456707,995,1069
456708,994,1069
456709,999,1072
456710,1000,1075
456711,1000,1075
456712,997,1072
456713,998,1070
456714,995,1066
456715,1000,1070
456716,1003,1070
456717,1005,1069
456718,1001,1067
456719,998,1069
456720,1000,1067
456721,1001,1070
456722,1003,1071
456723,1002,1065
456724,999,1063
456725,997,1068
456726,997,1071
456727,999,1074
456728,997,1078
456729,997,1078
456730,993,1079
456731,991,1075
456732,993,1073
456733,996,1073
456734,999,1073
456735,1000,1074
456736,994,1070
456737,996,1072
456738,997,1074
456739,1000,1075
456740,1005,1077
456741,1003,1073
456742,1002,1065
456743,996,1063
456744,999,1065
456745,1003,1074
456746,1005,1074
456747,1002,1072
456748,1001,1069
456749,1001,1069
456750,1003,1073
456751,1006,1074
456752,1008,1072
456753,1005,1069
456754,1002,1066
456755,1001,1067
456756,1004,1071
456757,1006,1073
456758,1009,1074
456759,1005,1072
456760,1002,1069
456761,1001,1074
456762,1000,1079
456763,1002,1081
456764,1004,1082
456765,1006,1076
456766,1002,1069
456767,1000,1067
456768,1000,1068
456769,1003,1068
456770,1004,1067
456771,1004,1065
456772,1004,1065
456773,1003,1067
456774,1004,1072
456775,1003,1078
456776,1010,1078
456777,1008,1075
456778,1005,1073
456779,1004,1070
456780,1004,1071
456781,1005,1074
456782,1002,1077
456783,1006,1079
456784,1005,1075
456785,1003,1071
456786,1005,1073
456787,1006,1077
456788,1009,1077
456789,1009,1075
456790,1007,1073
456791,1005,1074
456792,1006,1075
456793,1012,1080
456794,1014,1079
456795,1015,1077
456796,1011,1070
456797,1011,1071
456798,1009,1072
456799,1011,1076
456800,1014,1079
456801,1013,1074
456802,1009,1068
456803,1008,1068
456804,1009,1068
456805,1009,1071
456806,1013,1073
456807,1011,1076
456808,1007,1074
456809,1004,1072
456810,1005,1074
456811,1009,1080
456812,1012,1078
456813,1013,1072
456814,1010,1067
456815,1011,1068
456816,1010,1071
456817,1014,1077
456818,1016,1079
456819,1016,1078
456820,1015,1074
456821,1012,1077
456822,1017,1077
456823,1017,1082
456824,1023,1082
456825,1025,1077
456826,1030,1070
456827,1037,1068
456828,1047,1067
456829,1066,1064
456830,1086,1060
456831,1104,1056
456832,1133,1050
456833,1163,1035
456834,1201,1019
456835,1237,1013
456836,1273,1013
456837,1300,1022
456838,1309,1038
456839,1291,1051
456840,1254,1059
456841,1207,1062
456842,1159,1069
456843,1107,1074
456844,1055,1085
456845,1017,1095
456846,1001,1104
456847,1000,1108
456848,1008,1101
456849,1014,1089
456850,1013,1081
456851,1011,1079
456852,1009,1079
456853,1010,1079
456854,1008,1079
456855,1003,1079
456856,999,1076
456857,997,1075
456858,996,1078
456859,997,1080
456860,998,1077
456861,995,1076
456862,991,1075
456863,988,1081
456864,989,1084
456865,994,1085
456866,995,1080
456867,993,1077
456868,991,1073
456869,989,1075
456870,989,1080
456871,989,1085
456872,992,1085
456873,993,1084
456874,992,1082
456875,992,1084
456876,992,1084
456877,994,1085
456878,999,1081
456879,998,1080
456880,993,1078
456881,991,1082
456882,992,1083
456883,996,1086
456884,1000,1079
456885,999,1078
456886,997,1077
456887,993,1079
456888,994,1079
456889,999,1081
456890,997,1081
456891,999,1080
456892,998,1077
456893,995,1080
456894,996,1079
456895,997,1080
456896,996,1078
456897,995,1075
456898,994,1071
456899,993,1071
456900,996,1074
456901,999,1078
456902,999,1075
456903,999,1074
456904,1000,1074
456905,997,1076
456906,998,1075
456907,1001,1074
456908,1000,1071
456909,1000,1068
456910,997,1065
456911,996,1065
456912,1001,1067
456913,1006,1068
456914,1008,1064
456915,1007,1059
456916,1008,1056
456917,1006,1056
456918,1007,1059
456919,1011,1062
456920,1015,1061
456921,1015,1061
456922,1014,1058
456923,1015,1056
456924,1016,1054
456925,1021,1054
456926,1023,1051
456927,1025,1046
456928,1019,1043
456929,1024,1044
456930,1023,1043
456931,1026,1049
456932,1030,1052
456933,1030,1048
456934,1030,1039
456935,1026,1037
456936,1030,1037
456937,1034,1038
456938,1037,1037
456939,1037,1037
456940,1037,1032
456941,1039,1037
456942,1044,1036
456943,1044,1039
456944,1049,1039
456945,1051,1040
456946,1049,1041
456947,1049,1039
456948,1047,1040
456949,1054,1041
456950,1057,1044
456951,1056,1041
456952,1051,1041
456953,1048,1048
456954,1049,1053
456955,1051,1056
456956,1052,1053
456957,1050,1051
456958,1045,1049
456959,1042,1057
456960,1042,1065
456961,1041,1071
456962,1041,1073
456963,1040,1071
456964,1035,1069
456965,1035,1068
456966,1034,1069
456967,1033,1073
456968,1034,1074
456969,1033,1067
456970,1030,1064
456971,1025,1066
456972,1027,1072
456973,1029,1077
456974,1029,1078
456975,1028,1073
456976,1024,1068
456977,1022,1065
456978,1022,1067
456979,1023,1073
456980,1027,1077
456981,1021,1077
456982,1021,1073
456983,1018,1069
456984,1019,1072
456985,1021,1075
456986,1025,1072
456987,1021,1071
456988,1021,1067
456989,1018,1068
456990,1019,1071
456991,1021,1072
456992,1020,1074
456993,1021,1070
456994,1018,1070
456995,1019,1073
456996,1018,1076
456997,1020,1079
456998,1020,1076
456999,1020,1073
457000,1017,1071
457001,1016,1070
457002,1017,1072
457003,1015,1073
457004,1019,1074
457005,1018,1076
457006,1016,1073
457007,1016,1074
457008,1016,1074
457009,1020,1073
457010,1019,1072
457011,1016,1072
457012,1015,1071
457013,1010,1073
457014,1015,1078
457015,1018,1078
457016,1017,1079
457017,1018,1075
457018,1013,1070
457019,1011,1064
457020,1013,1069
457021,1016,1072
457022,1013,1070
457023,1012,1069
457024,1009,1064
457025,1011,1064
457026,1012,1064
457027,1016,1069
457028,1018,1064
457029,1016,1065
457030,1014,1064
457031,1011,1068
457032,1017,1070
457033,1018,1076
457034,1019,1073
457035,1017,1071
457036,1016,1061
457037,1015,1062
457038,1016,1066
457039,1017,1068
457040,1018,1070
457041,1016,1069
457042,1014,1068
457043,1012,1070
457044,1013,1076
457045,1013,1079
457046,1015,1077
457047,1014,1075
457048,1010,1070
457049,1008,1071
457050,1011,1075
457051,1012,1079
457052,1013,1082
457053,1013,1086
457054,1010,1085
457055,1004,1085
457056,1008,1081
457057,1009,1081
457058,1010,1077
457059,1011,1074
457060,1010,1072
457061,1008,1072
457062,1008,1077
457063,1014,1082
457064,1011,1083
457065,1012,1080
457066,1010,1074
457067,1004,1071
457068,1007,1074
457069,1009,1078
457070,1012,1080
457071,1010,1079
457072,1009,1075
457073,1006,1073
457074,1006,1073
457075,1007,1074
457076,1010,1070
457077,1007,1067
457078,1005,1064
457079,1003,1065
457080,1004,1072
457081,1005,1074
457082,1006,1074
457083,1008,1076
457084,1003,1076
457085,1001,1079
457086,998,1081
457087,1003,1080
457088,1004,1077
457089,1006,1078
457090,1005,1074
457091,1002,1073
457092,1004,1080
457093,1004,1081
457094,1008,1082
457095,1006,1079
457096,1003,1073
457097,1002,1073
457098,1003,1076
457099,1007,1080
457100,1010,1077
457101,1007,1075
457102,1005,1075
457103,1005,1076
457104,1005,1076
457105,1006,1079
457106,1009,1081
457107,1006,1077
457108,1004,1074
457109,1002,1075
457110,1003,1079
457111,1008,1081
457112,1009,1079
457113,1008,1075
457114,1007,1072
457115,1004,1073
457116,1006,1074
457117,1007,1083
457118,1010,1081
457119,1012,1075
457120,1008,1069
457121,1006,1067
457122,1011,1068
457123,1015,1070
457124,1016,1072
457125,1012,1071
457126,1008,1073
457127,1005,1075
457128,1007,1076
457129,1012,1078
457130,1013,1075
457131,1013,1077
457132,1008,1075
457133,1009,1077
457134,1005,1078
457135,1012,1079
457136,1016,1077
457137,1014,1073
457138,1010,1068
457139,1012,1071
457140,1012,1073
457141,1015,1076
457142,1015,1075
457143,1016,1075
457144,1011,1069
457145,1009,1073
457146,1008,1076
457147,1011,1079
457148,1010,1081
457149,1007,1077
457150,1005,1073
457151,1004,1075
457152,1004,1080
457153,1007,1086
457154,1005,1081
457155,1007,1078
457156,1003,1077
457157,1003,1079
457158,1005,1083
457159,1007,1085
457160,1010,1083
457161,1008,1079
457162,1009,1073
457163,1005,1072
457164,1006,1074
457165,1009,1075
457166,1010,1076
457167,1007,1075
457168,1006,1075
457169,1006,1076
457170,1005,1081
457171,1010,1085
457172,1013,1084
457173,1008,1081
457174,1007,1077
457175,1008,1072
457176,1006,1073
457177,1008,1078
457178,1013,1079
457179,1010,1077
457180,1008,1073
457181,1007,1074
457182,1010,1079
457183,1014,1082
457184,1012,1077
457185,1016,1073
457186,1010,1073
457187,1007,1071
457188,1009,1074
457189,1014,1075
457190,1016,1072
457191,1017,1069
457192,1014,1067
457193,1008,1067
457194,1011,1069
457195,1013,1073
457196,1014,1072
457197,1011,1070
457198,1009,1067
457199,1008,1067
457200,1012,1069
457201,1009,1072
457202,1011,1068
457203,1011,1066
457204,1009,1063
457205,1008,1067
457206,1010,1068
457207,1009,1077
457208,1015,1076
457209,1011,1073
457210,1011,1072
457211,1009,1070
457212,1013,1071
457213,1016,1074
457214,1016,1073
457215,1016,1074
457216,1009,1072
457217,1011,1075
457218,1011,1077
457219,1013,1079
457220,1018,1079
457221,1016,1080
457222,1012,1080
457223,1010,1079
457224,1010,1078
457225,1008,1077
457226,1010,1073
457227,1010,1075
457228,1008,1075
457229,1007,1076
457230,1010,1075
457231,1012,1075
457232,1012,1072
457233,1012,1066
457234,1009,1063
457235,1007,1068
457236,1009,1071
457237,1010,1075
457238,1011,1074
457239,1010,1074
457240,1009,1071
457241,1007,1072
457242,1009,1072
457243,1013,1073
457244,1014,1070
457245,1011,1069
457246,1009,1066
457247,1007,1069
457248,1010,1072
457249,1012,1072
457250,1016,1074
457251,1012,1070
457252,1011,1073
457253,1009,1075
457254,1011,1077
457255,1014,1079
457256,1015,1075
457257,1015,1071
457258,1012,1069
457259,1010,1072
457260,1015,1074
457261,1016,1082
457262,1019,1079
457263,1017,1070
457264,1016,1065
457265,1015,1068
457266,1018,1069
457267,1020,1074
457268,1020,1072
457269,1020,1073
457270,1015,1070
457271,1013,1075
457272,1016,1074
457273,1017,1078
457274,1021,1077
457275,1016,1075
457276,1013,1074
457277,1012,1074
457278,1014,1077
457279,1018,1079
457280,1021,1081
457281,1018,1077
457282,1015,1072
457283,1014,1069
457284,1015,1069
457285,1016,1069
457286,1019,1069
457287,1017,1065
457288,1014,1062
457289,1011,1065
457290,1014,1067
457291,1019,1069
457292,1022,1070
457293,1019,1064
457294,1020,1060
457295,1018,1061
457296,1018,1062
457297,1023,1063
457298,1026,1056
457299,1028,1052
457300,1029,1048
457301,1038,1054
457302,1050,1055
457303,1069,1055
457304,1091,1053
457305,1112,1043
457306,1138,1032
457307,1171,1023
457308,1202,1014
457309,1235,1013
457310,1267,1012
457311,1293,1016
457312,1301,1025
457313,1285,1039
457314,1255,1052
457315,1211,1060
457316,1163,1067
457317,1114,1071
457318,1064,1079
457319,1028,1088
457320,1011,1095
457321,1010,1100
457322,1018,1096
457323,1022,1092
457324,1022,1082
457325,1021,1074
457326,1014,1076
457327,1014,1080
457328,1013,1082
457329,1011,1081
457330,1008,1070
457331,1004,1063
457332,1006,1062
457333,1006,1069
457334,1006,1070
457335,1002,1068
457336,1001,1068
457337,998,1068
457338,996,1072
457339,997,1073
457340,999,1069
457341,1000,1069
457342,994,1062
457343,993,1065
457344,993,1066
457345,994,1075
457346,1000,1073
457347,993,1073
457348,992,1072
457349,992,1070
457350,990,1075
457351,995,1078
457352,998,1076
457353,997,1075
457354,995,1069
457355,995,1069
457356,993,1075
457357,999,1077
457358,996,1078
457359,996,1077
457360,991,1080
457361,989,1081
457362,991,1084
457363,995,1084
457364,998,1085
457365,994,1083
457366,992,1076
457367,989,1078
457368,990,1077
457369,997,1078
457370,999,1074
457371,999,1068
457372,998,1067
457373,996,1071
457374,999,1074
457375,1001,1074
457376,1002,1070
457377,1002,1064
457378,998,1060
457379,998,1059
457380,1001,1061
457381,1004,1064
457382,1004,1060
457383,1006,1058
457384,1003,1051
457385,1004,1048
457386,1007,1051
457387,1008,1054
457388,1011,1053
457389,1008,1052
457390,1009,1045
457391,1004,1048
457392,1010,1048
457393,1014,1052
457394,1016,1053
457395,1016,1052
457396,1015,1051
457397,1013,1052
457398,1016,1053
457399,1021,1049
457400,1021,1046
457401,1020,1041
457402,1019,1040
457403,1020,1040
457404,1022,1046
457405,1023,1050
457406,1024,1054
457407,1020,1051
457408,1022,1047
457409,1019,1045
457410,1023,1050
457411,1025,1059
457412,1024,1058
457413,1024,1056
457414,1023,1055
457415,1026,1054
457416,1028,1058
457417,1033,1060
457418,1036,1057
457419,1034,1051
457420,1035,1047
457421,1033,1043
457422,1035,1042
457423,1039,1041
457424,1042,1041
457425,1038,1040
457426,1035,1040
457427,1035,1039
457428,1035,1040
457429,1038,1040
457430,1041,1039
457431,1037,1037
457432,1033,1037
457433,1034,1039
457434,1030,1046
457435,1034,1052
457436,1032,1055
457437,1029,1055
457438,1026,1054
457439,1022,1053
457440,1022,1055
457441,1020,1062
457442,1022,1064
457443,1020,1065
457444,1016,1061
457445,1013,1066
457446,1013,1070
457447,1014,1074
457448,1016,1071
457449,1013,1068
457450,1008,1065
457451,1006,1068
457452,1007,1071
457453,1007,1079
457454,1007,1077
457455,1006,1079
457456,1006,1074
457457,1005,1072
457458,1005,1071
457459,1007,1074
457460,1006,1073
457461,1009,1071
457462,1005,1071
457463,1003,1074
457464,1008,1078
457465,1008,1081
457466,1011,1077
457467,1010,1071
457468,1012,1067
457469,1011,1065
457470,1012,1069
457471,1013,1072
457472,1016,1072
457473,1015,1068
457474,1012,1066
457475,1010,1061
457476,1010,1065
457477,1015,1066
457478,1013,1066
457479,1012,1063
457480,1008,1061
457481,1008,1067
457482,1011,1068
457483,1012,1072
457484,1013,1069
457485,1011,1067
457486,1005,1062
457487,1008,1066
457488,1010,1068
457489,1011,1075
457490,1015,1073
457491,1012,1067
457492,1008,1063
457493,1004,1060
457494,1006,1065
457495,1012,1067
457496,1014,1066
457497,1012,1060
457498,1007,1055
457499,1005,1057
457500,1009,1058
457501,1011,1061
457502,1009,1063
457503,1006,1059
457504,1005,1059
457505,1003,1061
457506,1006,1066
457507,1011,1074
457508,1010,1071
457509,1008,1070
457510,1007,1063
457511,1006,1065
457512,1009,1066
457513,1012,1070
457514,1012,1070
457515,1011,1069
457516,1008,1068
457517,1007,1071
457518,1007,1075
457519,1008,1077
457520,1009,1076
457521,1009,1072
457522,1007,1070
457523,1006,1074
457524,1005,1078
457525,1011,1080
457526,1012,1075
457527,1012,1071
457528,1008,1067
457529,1008,1067
457530,1009,1067
457531,1010,1072
457532,1010,1069
457533,1009,1067
457534,1006,1060
457535,1004,1062
457536,1005,1064
457537,1006,1066
457538,1006,1063
457539,1006,1063
457540,1008,1059
457541,1005,1060
457542,1004,1063
457543,1010,1067
457544,1010,1065
457545,1010,1064
457546,1006,1063
457547,1000,1066
457548,1007,1070
457549,1008,1073
457550,1009,1071
457551,1005,1067
457552,1004,1066
457553,1001,1066
457554,1006,1072
457555,1008,1077
457556,1011,1079
457557,1008,1074
457558,1005,1070
457559,1005,1069
457560,1005,1073
457561,1009,1078
457562,1011,1078
457563,1009,1071
457564,1010,1063
457565,1015,1059
457566,1027,1058
457567,1038,1059
457568,1054,1055
457569,1070,1052
457570,1091,1047
457571,1123,1038
457572,1157,1022
457573,1198,1014
457574,1236,1006
457575,1268,1005
457576,1290,1014
457577,1289,1033
457578,1268,1053
457579,1227,1056
457580,1172,1054
457581,1112,1063
457582,1056,1079
457583,1003,1099
457584,984,1112
457585,985,1114
457586,995,1104
457587,1003,1088
457588,1006,1075
457589,1008,1071
457590,1006,1071
457591,1006,1073
457592,1003,1071
457593,1003,1068
457594,998,1066
457595,995,1067
457596,994,1072
457597,994,1073
457598,994,1069
457599,992,1063
457600,988,1058
457601,987,1062
457602,988,1067
457603,989,1072
457604,991,1071
457605,987,1070
457606,984,1066
457607,981,1073
457608,983,1074
457609,987,1072
457610,987,1071
457611,984,1067
457612,980,1065
457613,983,1067
457614,982,1069
457615,984,1073
457616,984,1068
457617,983,1067
457618,981,1066
457619,978,1065
457620,981,1067
457621,984,1071
457622,987,1071
457623,987,1069
457624,980,1068
457625,985,1066
457626,987,1069
457627,990,1072
457628,991,1068
457629,988,1068
457630,987,1068
457631,986,1072
457632,990,1073
457633,993,1071
457634,997,1067
457635,993,1060
457636,992,1056
457637,991,1057
457638,992,1060
457639,996,1062
457640,994,1058
457641,995,1055
457642,993,1053
457643,993,1050
457644,994,1051
457645,999,1050
457646,998,1049
457647,1000,1047
457648,997,1046
457649,996,1048
457650,999,1047
457651,1004,1049
457652,1005,1047
457653,1008,1045
457654,1005,1038
457655,1005,1038
457656,1007,1037
457657,1010,1039
457658,1013,1038
457659,1013,1033
457660,1014,1026
457661,1014,1023
457662,1015,1024
457663,1022,1026
457664,1023,1023
457665,1020,1025
457666,1018,1021
457667,1019,1025
457668,1020,1027
457669,1022,1028
457670,1022,1026
457671,1022,1023
457672,1019,1021
457673,1019,1025
457674,1021,1028
457675,1027,1029
457676,1026,1027
457677,1027,1028
457678,1023,1023
457679,1020,1024
457680,1024,1025
457681,1026,1025
457682,1027,1024
457683,1026,1024
457684,1024,1026
457685,1022,1029
457686,1022,1030
457687,1024,1033
457688,1023,1034
457689,1014,1039
457690,1012,1039
457691,1012,1046
457692,1013,1048
457693,1013,1053
457694,1012,1054
457695,1009,1057
457696,1006,1055
457697,1003,1058
457698,1001,1063
457699,1002,1067
457700,1000,1069
457701,999,1069
457702,997,1069
457703,993,1070
457704,996,1070
457705,998,1071
457706,994,1070
457707,990,1074
457708,990,1077
457709,990,1078
457710,993,1078
457711,997,1079
457712,999,1075
457713,995,1072
457714,994,1067
457715,992,1072
457716,994,1077
457717,996,1077
457718,997,1076
457719,995,1078
457720,990,1076
457721,991,1076
457722,994,1076
457723,993,1078
457724,993,1074
457725,993,1069
457726,993,1067
457727,991,1068
457728,991,1068
457729,995,1071
457730,996,1070
457731,995,1064
457732,994,1063
457733,994,1063
457734,996,1066
457735,999,1070
457736,1001,1068
457737,998,1068
457738,993,1062
457739,993,1064
457740,995,1066
457741,997,1069
457742,1000,1066
457743,998,1061
457744,996,1057
457745,993,1058
457746,995,1063
457747,998,1066
457748,999,1066
457749,995,1063
457750,990,1062
457751,989,1064
457752,992,1067
457753,995,1070
457754,994,1068
457755,993,1067
457756,989,1063
457757,988,1060
457758,990,1066
457759,992,1070
457760,993,1070
457761,989,1070
457762,989,1065
457763,985,1068
457764,988,1072
457765,990,1077
457766,994,1079
457767,993,1077
457768,989,1073
457769,988,1074
457770,986,1074
457771,992,1076
457772,993,1074
457773,993,1070
457774,992,1065
457775,988,1065
457776,991,1068
457777,996,1069
457778,993,1074
457779,993,1069
457780,989,1067
457781,985,1065
457782,987,1070
457783,990,1072
457784,989,1069
457785,992,1062
457786,986,1059
457787,986,1059
457788,991,1064
457789,991,1068
457790,992,1067
457791,987,1063
457792,986,1063
457793,986,1069
457794,990,1073
457795,993,1079
457796,994,1074
457797,991,1067
457798,984,1063
457799,985,1063
457800,988,1062
457801,990,1067
457802,990,1066
457803,989,1064
457804,987,1066
457805,986,1068
457806,985,1074
457807,989,1075
457808,990,1074
457809,986,1074
457810,983,1070
457811,984,1071
457812,983,1075
457813,988,1075
457814,990,1071
457815,986,1071
457816,984,1071
457817,983,1072
457818,983,1077
457819,988,1075
457820,988,1073
457821,987,1066
457822,984,1060
457823,986,1061
457824,988,1063
457825,988,1064
457826,992,1068
457827,991,1067
457828,988,1069
457829,988,1064
457830,987,1067
457831,992,1069
457832,994,1067
457833,991,1067
457834,984,1063
457835,983,1064
457836,989,1065
457837,990,1068
457838,990,1070
457839,990,1066
457840,988,1061
457841,987,1063
457842,989,1060
457843,992,1067
457844,995,1064
457845,993,1059
457846,989,1060
457847,987,1063
457848,992,1067
457849,993,1068
457850,995,1070
457851,996,1070
457852,997,1063
457853,1001,1059
457854,1012,1059
457855,1028,1053
457856,1043,1047
457857,1063,1046
457858,1086,1039
457859,1113,1024
457860,1151,1009
457861,1189,997
457862,1223,994
457863,1253,996
457864,1267,1012
457865,1262,1031
457866,1231,1047
457867,1187,1055
457868,1131,1062
457869,1079,1073
457870,1029,1089
457871,991,1104
457872,975,1115
457873,978,1115
457874,985,1102
457875,996,1086
457876,995,1072
457877,994,1068
457878,992,1068
457879,993,1067
457880,991,1061
457881,988,1057
457882,981,1056
457883,973,1058
457884,973,1062
457885,976,1067
457886,979,1067
457887,975,1062
457888,970,1061
457889,968,1062
457890,971,1065
457891,971,1067
457892,972,1066
457893,971,1062
457894,969,1058
457895,971,1057
457896,972,1060
457897,975,1060
457898,971,1064
457899,971,1065
457900,967,1064
457901,970,1063
457902,972,1065
457903,970,1069
457904,973,1067
457905,971,1064
457906,967,1064
457907,966,1063
457908,967,1070
457909,970,1069
457910,973,1065
457911,974,1060
457912,974,1056
457913,972,1056
457914,973,1061
457915,979,1065
457916,980,1066
457917,977,1062
457918,971,1059
457919,970,1065
457920,974,1071
457921,980,1070
457922,978,1062
457923,978,1055
457924,974,1051
457925,973,1050
457926,977,1051
457927,978,1050
457928,976,1044
457929,976,1039
457930,977,1037
457931,978,1036
457932,981,1041
457933,985,1041
457934,985,1038
457935,984,1032
457936,980,1031
457937,979,1032
457938,985,1034
457939,988,1037
457940,991,1035
457941,993,1032
457942,992,1028
457943,992,1025
457944,995,1024
457945,1000,1023
457946,999,1021
457947,998,1016
457948,998,1014
457949,999,1015
457950,1003,1021
457951,1007,1026
457952,1008,1028
457953,1007,1024
457954,1003,1017
457955,1005,1012
457956,1007,1012
457957,1011,1012
457958,1013,1014
457959,1012,1013
457960,1011,1013
457961,1012,1014
457962,1016,1016
457963,1019,1018
457964,1021,1019
457965,1021,1018
457966,1015,1021
457967,1016,1020
457968,1018,1024
457969,1021,1025
457970,1021,1024
457971,1016,1026
457972,1013,1026
457973,1008,1031
457974,1007,1037
457975,1008,1042
457976,1004,1046
457977,1001,1049
457978,999,1049
457979,999,1050
457980,997,1053
457981,999,1060
457982,997,1060
457983,995,1053
457984,993,1048
457985,993,1048
457986,993,1055
457987,995,1060
457988,994,1060
457989,995,1058
457990,993,1057
457991,992,1060
457992,993,1066
457993,997,1070
457994,996,1070
457995,995,1065
457996,998,1065
457997,998,1069
457998,1002,1070
457999,1009,1066
458000,1015,1059
458001,1019,1057
458002,1019,1058
458003,1024,1062
458004,1030,1068
458005,1040,1077
458006,1048,1074
458007,1059,1064
458008,1071,1045
458009,1086,1030
458010,1101,1018
458011,1118,1004
458012,1131,992
458013,1147,976
458014,1160,958
458015,1175,939
458016,1193,924
458017,1216,907
458018,1234,886
458019,1250,866
458020,1264,847
458021,1277,835
458022,1283,831
458023,1283,835
458024,1279,838
458025,1276,835
458026,1270,834
458027,1262,834
458028,1254,839
458029,1238,845
458030,1214,851
458031,1188,856
458032,1159,866
458033,1134,877
458034,1110,891
458035,1093,904
458036,1080,917
458037,1070,929
458038,1063,942
458039,1055,962
458040,1050,975
458041,1044,988
458042,1043,993
458043,1045,998
458044,1053,1005
458045,1064,1011
458046,1073,1016
458047,1070,1019
458048,1054,1026
458049,1025,1026
458050,996,1032
458051,969,1043
458052,954,1057
458053,951,1072
458054,947,1082
458055,944,1086
458056,935,1089
458057,932,1095
458058,927,1102
458059,927,1106
458060,922,1112
458061,918,1113
458062,913,1113
458063,908,1118
458064,910,1120
458065,907,1121
458066,908,1119
458067,905,1119
458068,900,1117
458069,898,1124
458070,897,1128
458071,898,1133
458072,898,1134
458073,899,1134
458074,894,1137
458075,893,1139
458076,892,1144
458077,896,1145
458078,893,1146
458079,892,1148
458080,883,1151
458081,886,1152
458082,888,1151
458083,889,1156
458084,891,1159
458085,885,1159
458086,880,1163
458087,880,1172
458088,883,1179
458089,884,1182
458090,885,1175
458091,883,1171
458092,882,1166
458093,882,1166
458094,886,1175
458095,887,1179
458096,888,1181
458097,884,1179
458098,882,1181
458099,884,1182
458100,886,1186
458101,888,1188
458102,891,1188
458103,889,1185
458104,889,1187
458105,892,1190
458106,896,1196
458107,896,1200
458108,900,1197
458109,899,1194
458110,897,1190
458111,900,1194
458112,907,1196
458113,909,1195
458114,917,1192
458115,920,1183
458116,922,1178
458117,924,1180
458118,931,1179
458119,936,1180
458120,935,1177
458121,939,1169
458122,939,1160
458123,946,1157
458124,949,1153
458125,955,1149
458126,960,1148
458127,961,1141
458128,962,1138
458129,963,1132
458130,969,1129
458131,972,1129
458132,977,1122
458133,973,1114
458134,973,1100
458135,975,1094
458136,979,1094
458137,982,1097
458138,981,1093
458139,980,1086
458140,976,1079
458141,978,1075
458142,982,1072
458143,988,1070
458144,989,1071
458145,986,1068
458146,980,1067
458147,984,1068
458148,986,1068
458149,990,1068
458150,988,1067
458151,987,1064
458152,985,1065
458153,986,1065
458154,989,1063
458155,992,1063
458156,990,1062
458157,986,1065
458158,989,1060
458159,984,1063
458160,986,1069
458161,993,1072
458162,995,1068
458163,994,1064
458164,992,1062
458165,994,1064
458166,997,1064
458167,997,1061
458168,999,1059
458169,993,1058
458170,988,1056
458171,989,1060
458172,993,1066
458173,997,1067
458174,994,1066
458175,990,1064
458176,987,1063
458177,986,1066
458178,987,1070
458179,988,1074
458180,988,1068
458181,990,1067
458182,987,1063
458183,984,1063
458184,986,1069
458185,989,1069
458186,988,1069
458187,988,1066
458188,984,1062
458189,987,1063
458190,988,1063
458191,995,1061
458192,992,1057
458193,992,1054
458194,988,1055
458195,989,1058
458196,990,1060
458197,993,1058
458198,996,1055
458199,995,1051
458200,991,1051
458201,992,1052
458202,995,1056
458203,997,1057
458204,997,1060
458205,994,1056
458206,990,1056
458207,991,1061
458208,993,1063
458209,996,1065
458210,996,1065
458211,996,1066
458212,994,1068
458213,996,1070
458214,996,1074
458215,998,1075
458216,998,1074
458217,996,1072
458218,993,1064
458219,995,1065
458220,997,1064
458221,1000,1066
458222,998,1062
458223,997,1057
458224,993,1055
458225,993,1058
458226,995,1060
458227,995,1066
458228,997,1067
458229,995,1057
458230,993,1053
458231,993,1053
458232,997,1056
458233,996,1058
458234,997,1056
458235,992,1055
458236,988,1055
458237,988,1060
458238,992,1064
458239,992,1066
458240,992,1065
458241,992,1061
458242,988,1058
458243,989,1057
458244,991,1055
458245,995,1059
458246,994,1057
458247,991,1053
458248,992,1050
458249,989,1054
458250,994,1059
458251,996,1061
458252,998,1062
458253,996,1064
458254,992,1068
458255,994,1072
458256,995,1071
458257,1000,1063
458258,1002,1053
458259,1000,1052
458260,994,1055
458261,999,1058
458262,999,1064
458263,999,1063
458264,999,1066
458265,997,1061
458266,994,1055
458267,995,1056
458268,996,1058
458269,998,1064
458270,994,1062
458271,991,1059
458272,989,1059
458273,989,1060
458274,992,1061
458275,995,1065
458276,996,1066
458277,996,1068
458278,993,1064
458279,992,1061
458280,994,1065
458281,994,1066
458282,992,1064
458283,990,1064
458284,990,1063
458285,991,1062
458286,994,1059
458287,996,1056
458288,996,1055
458289,992,1052
458290,988,1051
458291,989,1057
458292,989,1061
458293,991,1065
458294,993,1062
458295,993,1058
458296,990,1055
458297,992,1059
458298,991,1064
458299,998,1064
458300,996,1055
458301,997,1041
458302,997,1034
458303,997,1034
458304,999,1043
458305,1002,1047
458306,1002,1051
458307,998,1052
458308,997,1053
458309,996,1057
458310,996,1058
458311,1001,1055
458312,999,1050
458313,1000,1048
458314,997,1051
458315,992,1053
458316,997,1054
458317,997,1056
458318,997,1056
458319,993,1057
458320,990,1061
458321,993,1067
458322,995,1062
458323,997,1063
458324,999,1054
458325,998,1051
458326,995,1050
458327,997,1050
458328,995,1048
458329,997,1054
458330,995,1056
458331,995,1057
458332,992,1058
458333,991,1052
458334,996,1054
458335,1000,1054
458336,1000,1052
458337,996,1047
458338,992,1048
458339,991,1051
458340,996,1053
458341,998,1057
458342,996,1055
458343,994,1052
458344,994,1048
458345,990,1048
458346,995,1055
458347,997,1058
458348,995,1055
458349,995,1053
458350,990,1053
458351,993,1058
458352,998,1063
458353,997,1064
458354,996,1060
458355,995,1058
458356,994,1052
458357,996,1053
458358,998,1058
458359,998,1057
458360,1000,1054
458361,999,1052
458362,996,1050
458363,998,1057
458364,997,1059
458365,1000,1059
458366,997,1058
458367,996,1056
458368,993,1054
458369,993,1050
458370,997,1051
458371,1000,1054
458372,999,1047
458373,997,1043
458374,995,1040
458375,994,1044
458376,996,1046
458377,1000,1048
458378,1001,1048
458379,999,1048
458380,998,1044
458381,997,1045
458382,1000,1047
458383,1002,1050
458384,1003,1047
458385,999,1047
458386,995,1047
458387,996,1047
458388,997,1047
458389,1000,1047
458390,998,1045
458391,994,1046
458392,991,1048
458393,992,1050
458394,998,1052
458395,1000,1049
458396,999,1045
458397,1000,1045
458398,997,1049
458399,998,1051
458400,1001,1053
458401,1003,1054
458402,1004,1052
458403,1005,1052
458404,1000,1050
458405,1002,1048
458406,1006,1048
458407,1011,1052
458408,1011,1050
458409,1011,1044
458410,1009,1043
458411,1008,1043
458412,1008,1048
458413,1014,1047
458414,1016,1039
458415,1021,1034
458416,1027,1032
458417,1041,1032
458418,1063,1032
458419,1088,1029
458420,1113,1024
458421,1144,1008
458422,1177,996
458423,1213,988
458424,1245,986
458425,1272,987
458426,1293,993
458427,1293,1006
458428,1263,1018
458429,1211,1027
458430,1159,1033
458431,1106,1046
458432,1057,1057
458433,1016,1066
458434,996,1073
458435,993,1074
458436,1001,1070
458437,1012,1064
458438,1013,1051
458439,1006,1046
458440,1001,1048
458441,997,1052
458442,995,1051
458443,996,1053
458444,989,1055
458445,985,1050
458446,982,1051
458447,981,1053
458448,981,1055
458449,982,1056
458450,978,1054
458451,975,1052
458452,974,1050
458453,971,1052
458454,974,1055
458455,980,1056
458456,981,1053
458457,979,1048
458458,976,1045
458459,974,1048
458460,978,1051
458461,982,1050
458462,979,1046
458463,976,1043
458464,977,1039
458465,976,1042
458466,977,1045
458467,982,1052
458468,982,1051
458469,984,1045
458470,979,1041
458471,978,1042
458472,982,1042
458473,984,1043
458474,981,1038
458475,982,1039
458476,981,1039
458477,980,1040
458478,985,1045
458479,989,1048
458480,987,1045
458481,984,1043
458482,982,1042
458483,983,1043
458484,987,1047
458485,990,1048
458486,991,1046
458487,988,1040
458488,985,1042
458489,983,1042
458490,984,1046
458491,989,1050
458492,987,1049
458493,991,1050
458494,990,1048
458495,990,1046
458496,992,1041
458497,994,1038
458498,992,1039
458499,990,1038
458500,992,1035
458501,994,1031
458502,994,1030
458503,999,1032
458504,998,1028
458505,999,1023
458506,995,1024
458507,998,1026
458508,999,1026
458509,1002,1030
458510,1004,1029
458511,1004,1023
458512,1002,1017
458513,1004,1015
458514,1011,1023
458515,1014,1024
458516,1015,1022
458517,1013,1020
458518,1014,1015
458519,1014,1019
458520,1019,1021
458521,1024,1021
458522,1028,1019
458523,1027,1018
458524,1029,1014
458525,1031,1015
458526,1035,1015
458527,1037,1019
458528,1035,1019
458529,1036,1017
458530,1038,1016
458531,1041,1017
458532,1042,1020
458533,1042,1023
458534,1043,1021
458535,1038,1019
458536,1034,1021
458537,1033,1023
458538,1033,1024
458539,1037,1029
458540,1035,1028
458541,1032,1026
458542,1024,1026
458543,1022,1034
458544,1024,1038
458545,1025,1040
458546,1022,1040
458547,1016,1035
458548,1013,1035
458549,1013,1035
458550,1017,1040
458551,1018,1044
458552,1016,1044
458553,1011,1042
458554,1009,1039
458555,1006,1042
458556,1007,1045
458557,1010,1047
458558,1009,1046
458559,1005,1045
458560,1001,1041
458561,1001,1045
458562,1001,1049
458563,1004,1047
458564,1000,1043
458565,996,1039
458566,994,1039
458567,996,1043
458568,1003,1046
458569,1004,1048
458570,1004,1047
458571,1003,1047
458572,1001,1044
458573,1002,1047
458574,1003,1048
458575,1004,1051
458576,1002,1048
458577,999,1046
458578,998,1049
458579,999,1053
458580,1002,1054
458581,1007,1046
458582,1011,1041
458583,1004,1042
458584,1002,1040
458585,1000,1043
458586,1006,1042
458587,1009,1042
458588,1011,1040
458589,1008,1037
458590,1009,1038
458591,1007,1039
458592,1005,1042
458593,1007,1043
458594,1009,1041
458595,1003,1040
458596,999,1034
458597,1002,1035
458598,1005,1038
458599,1013,1037
458600,1009,1038
458601,1005,1035
458602,1003,1034
458603,1003,1039
458604,1007,1041
458605,1008,1042
458606,1005,1037
458607,1003,1037
458608,1001,1036
458609,998,1039
458610,1000,1042
458611,1001,1042
458612,996,1041
458613,998,1036
458614,995,1037
458615,994,1037
458616,993,1040
458617,997,1040
458618,996,1040
458619,997,1036
458620,995,1031
458621,991,1035
458622,994,1039
458623,1000,1040
458624,998,1041
458625,999,1041
458626,996,1043
458627,995,1043
458628,997,1047
458629,1000,1047
458630,999,1048
458631,999,1045
458632,997,1043
458633,999,1046
458634,1003,1046
458635,1005,1048
458636,998,1049
458637,998,1046
458638,993,1048
458639,996,1052
458640,998,1055
458641,1002,1055
458642,1002,1050
458643,1000,1042
458644,996,1041
458645,990,1041
458646,995,1042
458647,1000,1043
458648,1000,1040
458649,1000,1037
458650,996,1033
458651,997,1036
458652,1004,1039
458653,1010,1040
458654,1010,1037
458655,1010,1034
458656,1010,1031
458657,1011,1028
458658,1017,1026
458659,1024,1027
458660,1037,1025
458661,1049,1023
458662,1068,1020
458663,1091,1015
458664,1127,1008
458665,1169,1004
458666,1215,996
458667,1259,996
458668,1289,1011
458669,1295,1037
458670,1270,1059
458671,1224,1065
458672,1162,1062
458673,1097,1069
458674,1036,1082
458675,983,1101
458676,965,1114
458677,969,1117
458678,978,1112
458679,982,1096
458680,986,1080
458681,990,1072
458682,997,1065
458683,996,1061
458684,988,1053
458685,986,1046
458686,983,1042
458687,982,1047
458688,982,1048
458689,983,1048
458690,982,1047
458691,976,1046
458692,979,1044
458693,975,1043
458694,976,1047
458695,979,1043
458696,978,1039
458697,973,1037
458698,971,1037
458699,974,1037
458700,977,1039
458701,980,1041
458702,971,1039
458703,964,1035
458704,961,1035
458705,964,1039
458706,973,1041
458707,976,1041
458708,977,1038
458709,975,1034
458710,973,1035
458711,973,1035
458712,971,1040
458713,976,1041
458714,976,1039
458715,968,1037
458716,971,1037
458717,974,1038
458718,975,1039
458719,979,1041
458720,978,1038
458721,976,1038
458722,971,1038
458723,970,1041
458724,969,1042
458725,972,1044
458726,972,1041
458727,973,1036
458728,970,1035
458729,971,1033
458730,971,1033
458731,974,1030
458732,972,1025
458733,972,1019
458734,974,1016
458735,976,1014
458736,978,1015
458737,983,1013
458738,987,1013
458739,986,1009
458740,988,1004
458741,989,1003
458742,990,1002
458743,993,1002
458744,995,999
458745,994,993
458746,992,992
458747,994,994
458748,998,993
458749,1000,994
458750,998,991
458751,999,986
458752,998,986
458753,998,987
458754,1003,988
458755,1008,992
458756,1006,988
458757,1005,986
458758,1004,982
458759,1004,985
458760,1004,988
458761,1003,989
458762,1008,989
458763,1010,985
458764,1009,983
458765,1008,986
458766,1012,994
458767,1012,998
458768,1010,1000
458769,1009,999
458770,1008,1003
458771,1009,1009
458772,1010,1012
458773,1011,1013
458774,1014,1013
458775,1011,1013
458776,1006,1016
458777,1003,1020
458778,1003,1024
458779,1007,1027
458780,1003,1028
458781,1001,1027
458782,997,1027
458783,998,1035
458784,1001,1039
458785,1001,1043
458786,999,1040
458787,995,1039
458788,989,1041
458789,988,1043
458790,989,1047
458791,991,1048
458792,990,1047
458793,989,1042
458794,988,1043
458795,990,1045
458796,991,1046
458797,993,1047
458798,988,1045
458799,986,1043
458800,987,1044
458801,989,1045
458802,992,1048
458803,995,1049
458804,993,1045
458805,992,1042
458806,993,1042
458807,989,1045
458808,990,1048
458809,993,1054
458810,993,1051
458811,989,1043
458812,987,1047
458813,987,1049
458814,987,1052
458815,990,1052
458816,987,1048
458817,986,1046
458818,981,1048
458819,982,1047
458820,987,1054
458821,988,1053
458822,986,1050
458823,982,1045
458824,979,1045
458825,981,1048
458826,985,1044
458827,988,1041
458828,987,1035
458829,986,1029
458830,985,1032
458831,985,1032
458832,988,1035
458833,993,1035
458834,989,1031
458835,989,1027
458836,989,1028
458837,989,1030
458838,989,1032
458839,988,1032
458840,990,1032
458841,991,1031
458842,988,1028
458843,985,1033
458844,987,1033
458845,987,1035
458846,986,1033
458847,986,1032
458848,984,1032
458849,983,1033
458850,986,1037
458851,987,1038
458852,989,1036
458853,985,1033
458854,984,1034
458855,983,1035
458856,985,1041
458857,986,1040
458858,985,1037
458859,982,1038
458860,985,1036
458861,985,1041
458862,988,1042
458863,992,1044
458864,988,1043
458865,986,1042
458866,985,1041
458867,984,1045
458868,988,1047
458869,991,1050
458870,993,1047
458871,989,1048
458872,988,1049
458873,989,1051
458874,993,1053
458875,994,1052
458876,995,1050
458877,990,1043
458878,990,1043
458879,991,1043
458880,993,1045
458881,999,1043
458882,1005,1035
458883,1013,1030
458884,1017,1024
458885,1030,1024
458886,1049,1025
458887,1075,1020
458888,1110,1012
458889,1151,1001
458890,1190,995
458891,1233,995
458892,1277,1006
458893,1309,1026
458894,1315,1042
458895,1291,1053
458896,1240,1054
458897,1179,1056
458898,1125,1064
458899,1063,1077
458900,1009,1091
458901,967,1103
458902,953,1109
458903,961,1109
458904,976,1099
458905,983,1086
458906,983,1071
458907,983,1060
458908,980,1052
458909,979,1047
458910,980,1044
458911,977,1047
458912,975,1044
458913,972,1041
458914,970,1040
458915,965,1040
458916,968,1045
458917,967,1049
458918,967,1045
458919,963,1040
458920,962,1038
458921,962,1037
458922,966,1040
458923,969,1040
458924,967,1040
458925,964,1035
458926,962,1034
458927,962,1035
458928,961,1039
458929,964,1038
458930,962,1036
458931,960,1035
458932,960,1034
458933,962,1037
458934,963,1038
458935,965,1039
458936,963,1039
458937,962,1034
458938,959,1034
458939,958,1035
458940,959,1039
458941,967,1038
458942,967,1034
458943,970,1032
458944,965,1030
458945,965,1032
458946,965,1034
458947,971,1036
458948,970,1033
458949,969,1030
458950,967,1030
458951,968,1032
458952,970,1034
458953,971,1031
458954,971,1030
458955,966,1025
458956,960,1026
458957,964,1026
458958,966,1029
458959,969,1026
458960,971,1022
458961,968,1019
458962,969,1019
458963,969,1022
458964,971,1023
458965,975,1025
458966,974,1020
458967,974,1017
458968,973,1012
458969,978,1013
458970,981,1012
458971,987,1011
458972,987,1005
458973,987,1002
458974,985,999
458975,984,1001
458976,987,1000
458977,991,1004
458978,992,1002
458979,989,996
458980,990,993
458981,989,992
458982,994,996
458983,997,995
458984,1000,996
458985,995,993
458986,992,990
458987,995,992
458988,1000,995
458989,1005,995
458990,1005,992
458991,1001,990
458992,997,990
458993,999,995
458994,1004,996
458995,1009,997
458996,1005,997
458997,1003,996
458998,1001,998
458999,999,1003
459000,1002,1008
459001,1001,1011
459002,992,1011
459003,987,1010
459004,984,1013
459005,990,1016
459006,994,1022
459007,997,1027
459008,996,1028
459009,994,1027
459010,988,1030
459011,988,1033
459012,986,1038
459013,990,1042
459014,986,1041
459015,980,1038
459016,977,1041
459017,975,1043
459018,978,1045
459019,980,1049
459020,979,1048
459021,977,1045
459022,976,1043
459023,976,1045
459024,977,1047
459025,982,1049
459026,981,1048
459027,981,1043
459028,975,1044
459029,977,1044
459030,977,1047
459031,981,1048
459032,978,1045
459033,978,1044
459034,976,1043
459035,973,1044
459036,979,1046
459037,979,1047
459038,979,1043
459039,979,1039
459040,980,1040
459041,983,1039
459042,983,1039
459043,986,1041
459044,985,1038
459045,983,1037
459046,978,1037
459047,979,1039
459048,982,1042
459049,983,1040
459050,984,1038
459051,979,1037
459052,978,1035
459053,975,1040
459054,976,1042
459055,980,1043
459056,980,1044
459057,978,1040
459058,981,1040
459059,980,1037
459060,982,1039
459061,982,1040
459062,983,1039
459063,979,1037
459064,975,1036
459065,975,1039
459066,976,1041
459067,979,1039
459068,983,1040
459069,980,1036
459070,976,1038
459071,974,1042
459072,978,1041
459073,983,1042
459074,981,1041
459075,971,1040
459076,972,1044
459077,974,1046
459078,977,1045
459079,979,1045
459080,978,1043
459081,974,1042
459082,974,1041
459083,973,1044
459084,972,1047
459085,975,1049
459086,973,1045
459087,971,1043
459088,967,1043
459089,971,1042
459090,971,1045
459091,977,1044
459092,973,1042
459093,969,1038
459094,969,1035
459095,968,1037
459096,973,1038
459097,976,1037
459098,974,1033
459099,967,1029
459100,967,1030
459101,969,1033
459102,973,1038
459103,973,1039
459104,973,1038
459105,969,1037
459106,964,1039
459107,970,1043
459108,974,1046
459109,977,1049
459110,974,1045
459111,971,1043
459112,970,1043
459113,969,1043
459114,973,1047
459115,975,1045
459116,973,1046
459117,970,1041
459118,967,1042
459119,968,1044
459120,969,1045
459121,977,1046
459122,975,1043
459123,969,1039
459124,961,1039
459125,966,1041
459126,971,1044
459127,974,1045
459128,973,1044
459129,971,1041
459130,971,1042
459131,971,1045
459132,969,1048
459133,972,1049
459134,970,1047
459135,969,1046
459136,963,1042
459137,961,1044
459138,964,1046
459139,968,1046
459140,967,1045
459141,966,1042
459142,966,1042
459143,965,1042
459144,966,1044
459145,968,1043
459146,967,1043
459147,967,1040
459148,964,1039
459149,968,1039
459150,970,1043
459151,973,1044
459152,968,1039
459153,967,1040
459154,964,1040
459155,967,1046
459156,971,1047
459157,973,1045
459158,970,1045
459159,970,1043
459160,966,1043
459161,971,1047
459162,971,1047
459163,975,1050
459164,977,1048
459165,976,1045
459166,972,1045
459167,971,1048
459168,971,1050
459169,974,1048
459170,973,1049
459171,969,1048
459172,968,1047
459173,970,1049
459174,971,1052
459175,975,1050
459176,973,1048
459177,970,1045
459178,966,1044
459179,966,1046
459180,971,1047
459181,976,1043
459182,975,1041
459183,971,1042
459184,969,1038
459185,968,1039
459186,969,1042
459187,970,1043
459188,965,1043
459189,965,1039
459190,963,1037
459191,965,1036
459192,968,1041
459193,969,1040
459194,968,1041
459195,965,1039
459196,966,1041
459197,963,1042
459198,966,1047
459199,966,1045
459200,967,1046
459201,966,1047
459202,964,1044
459203,965,1045
459204,968,1049
459205,971,1051
459206,966,1048
459207,966,1044
459208,968,1042
459209,970,1044
459210,970,1046
459211,977,1048
459212,975,1044
459213,976,1039
459214,970,1039
459215,971,1037
459216,972,1042
459217,981,1046
459218,980,1044
459219,978,1040
459220,980,1042
459221,982,1043
459222,983,1045
459223,988,1046
459224,989,1043
459225,985,1038
459226,990,1033
459227,994,1034
459228,1005,1031
459229,1023,1027
459230,1035,1022
459231,1050,1014
459232,1068,1013
459233,1096,1006
459234,1131,996
459235,1172,985
459236,1208,976
459237,1244,975
459238,1270,983
459239,1282,999
459240,1277,1017
459241,1252,1027
459242,1204,1031
459243,1148,1033
459244,1098,1041
459245,1049,1057
459246,1009,1070
459247,981,1081
459248,967,1085
459249,966,1082
459250,972,1074
459251,976,1065
459252,985,1060
459253,983,1056
459254,982,1051
459255,975,1045
459256,972,1042
459257,969,1043
459258,969,1042
459259,971,1044
459260,968,1041
459261,963,1040
459262,959,1040
459263,959,1040
459264,960,1043
459265,965,1044
459266,966,1044
459267,963,1039
459268,959,1039
459269,955,1041
459270,958,1047
459271,962,1047
459272,964,1045
459273,963,1045
459274,961,1045
459275,959,1048
459276,965,1049
459277,969,1049
459278,967,1052
459279,965,1046
459280,962,1043
459281,962,1044
459282,963,1043
459283,962,1042
459284,960,1037
459285,957,1039
459286,958,1038
459287,961,1042
459288,963,1043
459289,964,1042
459290,962,1042
459291,958,1040
459292,955,1042
459293,960,1044
459294,961,1044
459295,964,1043
459296,963,1039
459297,959,1033
459298,953,1033
459299,960,1034
459300,961,1039
459301,963,1035
459302,965,1032
459303,961,1033
459304,959,1031
459305,960,1035
459306,964,1037
459307,964,1031
459308,961,1029
459309,956,1026
459310,962,1027
459311,965,1028
459312,969,1030
459313,969,1026
459314,971,1023
459315,967,1017
459316,967,1014
459317,970,1017
459318,977,1017
459319,981,1018
459320,980,1014
459321,984,1007
459322,983,1007
459323,983,1007
459324,982,1007
459325,984,1009
459326,988,1005
459327,987,1003
459328,988,1000
459329,990,1006
459330,992,1007
459331,991,1007
459332,992,1003
459333,988,1002
459334,991,1000
459335,992,1002
459336,993,1003
459337,996,1006
459338,995,1003
459339,995,999
459340,995,1002
459341,997,1001
459342,999,1000
459343,1001,1000
459344,999,1002
459345,996,1001
459346,995,1001
459347,997,1003
459348,996,1005
459349,1000,1008
459350,999,1010
459351,1000,1007
459352,997,1008
459353,995,1009
459354,996,1014
459355,998,1015
459356,997,1016
459357,994,1015
459358,991,1016
459359,993,1021
459360,995,1024
459361,998,1025
459362,992,1028
459363,990,1025
459364,988,1028
459365,991,1029
459366,992,1031
459367,995,1031
459368,994,1030
459369,991,1030
459370,984,1032
459371,984,1034
459372,984,1038
459373,984,1042
459374,984,1039
459375,978,1037
459376,978,1038
459377,975,1041
459378,980,1047
459379,981,1047
459380,984,1047
459381,984,1044
459382,986,1044
459383,983,1046
459384,983,1048
459385,986,1042
459386,987,1043
459387,986,1041
459388,979,1041
459389,979,1047
459390,984,1047
459391,987,1051
459392,991,1051
459393,988,1046
459394,987,1044
459395,984,1047
459396,983,1048
459397,990,1050
459398,991,1049
459399,988,1045
459400,987,1043
459401,986,1043
459402,988,1045
459403,992,1048
459404,992,1044
459405,989,1043
459406,988,1042
459407,989,1040
459408,992,1042
459409,994,1042
459410,996,1041
459411,994,1038
459412,989,1036
459413,990,1037
459414,992,1041
459415,993,1040
459416,990,1041
459417,989,1038
459418,988,1035
459419,989,1036
459420,991,1040
459421,992,1037
459422,991,1038
459423,991,1037
459424,986,1040
459425,986,1043
459426,988,1047
459427,992,1045
459428,988,1040
459429,985,1035
459430,984,1038
459431,985,1041
459432,989,1043
459433,992,1044
459434,989,1043
459435,988,1039
459436,987,1039
459437,989,1039
459438,989,1046
459439,989,1044
459440,989,1043
459441,988,1041
459442,986,1044
459443,986,1046
459444,989,1047
459445,992,1047
459446,993,1043
459447,992,1039
459448,990,1043
459449,990,1044
459450,989,1045
459451,991,1047
459452,990,1045
459453,985,1039
459454,982,1042
459455,985,1044
459456,990,1045
459457,991,1045
459458,992,1042
459459,988,1040
459460,986,1041
459461,985,1043
459462,988,1045
459463,992,1044
459464,992,1043
459465,989,1041
459466,988,1041
459467,989,1042
459468,990,1042
459469,991,1042
459470,988,1042
459471,986,1039
459472,982,1042
459473,986,1043
459474,988,1045
459475,993,1047
459476,993,1043
459477,992,1041
459478,990,1041
459479,988,1041
459480,990,1048
459481,991,1047
459482,989,1044
459483,987,1043
459484,985,1044
459485,985,1045
459486,990,1047
459487,990,1050
459488,989,1049
459489,989,1047
459490,988,1048
459491,989,1052
459492,991,1053
459493,993,1050
459494,995,1046
459495,991,1043
459496,989,1044
459497,991,1043
459498,994,1046
459499,995,1045
459500,993,1044
459501,987,1039
459502,986,1040
459503,989,1042
459504,989,1045
459505,993,1047
459506,994,1044
459507,991,1038
459508,988,1040
459509,991,1039
459510,993,1044
459511,996,1043
459512,992,1043
459513,989,1043
459514,991,1041
459515,991,1044
459516,997,1044
459517,997,1044
459518,995,1042
459519,990,1043
459520,987,1043
459521,988,1046
459522,992,1047
459523,993,1048
459524,994,1048
459525,991,1048
459526,988,1047
459527,989,1048
459528,994,1052
459529,998,1052
459530,995,1048
459531,997,1047
459532,995,1044
459533,995,1047
459534,996,1050
459535,999,1052
459536,1001,1050
459537,999,1045
459538,998,1046
459539,997,1049
459540,1002,1052
459541,1004,1053
459542,1005,1049
459543,1001,1045
459544,1000,1048
459545,1001,1052
459546,1004,1050
459547,1010,1048
459548,1012,1042
459549,1020,1036
459550,1028,1033
459551,1043,1030
459552,1055,1029
459553,1082,1027
459554,1107,1019
459555,1135,1008
459556,1166,994
459557,1204,988
459558,1243,989
459559,1280,994
459560,1302,1004
459561,1308,1019
459562,1288,1034
459563,1253,1044
459564,1206,1045
459565,1159,1049
459566,1101,1059
459567,1046,1071
459568,1003,1085
459569,976,1097
459570,977,1102
459571,990,1093
459572,998,1078
459573,1002,1062
459574,1000,1055
459575,1002,1055
459576,998,1055
459577,999,1054
459578,996,1053
459579,989,1048
459580,991,1046
459581,989,1046
459582,987,1048
459583,987,1048
459584,989,1045
459585,986,1044
459586,985,1045
459587,985,1048
459588,986,1046
459589,988,1046
459590,986,1046
459591,982,1046
459592,980,1045
459593,982,1048
459594,981,1051
459595,980,1050
459596,977,1050
459597,976,1047
459598,977,1047
459599,980,1048
459600,980,1050
459601,985,1047
459602,983,1043
459603,979,1039
459604,976,1047
459605,979,1050
459606,981,1053
459607,983,1051
459608,980,1048
459609,976,1047
459610,978,1046
459611,978,1049
459612,982,1051
459613,984,1051
459614,983,1051
459615,984,1049
459616,980,1049
459617,983,1053
459618,985,1054
459619,986,1053
459620,985,1051
459621,987,1048
459622,986,1047
459623,987,1048
459624,990,1050
459625,994,1049
459626,992,1043
459627,990,1039
459628,988,1039
459629,991,1040
459630,997,1043
459631,998,1039
459632,994,1036
459633,992,1035
459634,992,1033
459635,991,1035
459636,995,1035
459637,998,1032
459638,1000,1028
459639,998,1025
459640,998,1022
459641,1000,1022
459642,1004,1023
459643,1010,1020
459644,1010,1018
459645,1008,1014
459646,1007,1013
459647,1009,1012
459648,1014,1014
459649,1015,1009
459650,1015,1006
459651,1014,1004
459652,1013,1004
459653,1015,1005
459654,1018,1006
459655,1020,1003
459656,1020,1005
459657,1017,1002
459658,1015,1002
459659,1020,1004
459660,1023,1006
459661,1026,1006
459662,1027,1007
459663,1021,1004
459664,1023,1007
459665,1023,1008
459666,1026,1014
459667,1028,1014
459668,1028,1011
459669,1024,1010
459670,1023,1012
459671,1021,1020
459672,1022,1025
459673,1025,1024
459674,1023,1025
459675,1019,1025
459676,1014,1025
459677,1015,1030
459678,1012,1035
459679,1016,1036
459680,1014,1037
459681,1009,1037
459682,1008,1038
459683,1008,1041
459684,1006,1046
459685,1011,1049
459686,1006,1049
459687,1003,1048
459688,997,1051
459689,999,1056
459690,999,1060
459691,1001,1059
459692,997,1059
459693,996,1057
459694,993,1059
459695,993,1061
459696,993,1063
459697,996,1066
459698,996,1062
459699,995,1060
459700,993,1059
459701,997,1061
459702,999,1063
459703,1003,1062
459704,1001,1060
459705,997,1059
459706,993,1059
459707,994,1063
459708,999,1064
459709,999,1063
459710,999,1061
459711,999,1061
459712,1000,1061
459713,1001,1062
459714,1002,1062
459715,1003,1060
459716,1002,1056
459717,999,1055
459718,995,1054
459719,994,1055
459720,1002,1060
459721,1004,1059
459722,1001,1058
459723,998,1057
459724,997,1054
459725,996,1057
459726,997,1057
459727,1001,1058
459728,1000,1052
459729,1000,1049
459730,997,1049
459731,998,1051
459732,1001,1054
459733,1002,1054
459734,997,1050
459735,997,1047
459736,999,1048
459737,1000,1048
459738,1000,1053
459739,1003,1055
459740,1002,1052
459741,999,1047
459742,998,1046
459743,996,1048
459744,997,1051
459745,1001,1051
459746,999,1050
459747,999,1047
459748,998,1047
459749,997,1048
459750,1001,1053
459751,1004,1052
459752,1000,1050
459753,1000,1048
459754,997,1051
459755,997,1053
459756,999,1060
459757,1003,1059
459758,1003,1056
459759,1000,1054
459760,999,1052
459761,999,1055
459762,1000,1058
459763,1002,1057
459764,998,1055
459765,995,1054
459766,991,1055
459767,995,1059
459768,993,1064
459769,996,1062
459770,993,1061
459771,991,1059
459772,989,1063
459773,992,1068
459774,993,1076
459775,994,1073
459776,991,1078
459777,989,1082
459778,990,1085
459779,993,1080
459780,995,1071
459781,1002,1061
459782,999,1050
459783,998,1046
459784,996,1048
459785,995,1049
459786,996,1049
459787,999,1045
459788,1000,1042
459789,999,1038
459790,998,1042
459791,996,1045
459792,998,1051
459793,1001,1049
459794,1001,1049
459795,993,1047
459796,997,1048
459797,999,1052
459798,1004,1053
459799,1008,1055
459800,1005,1051
459801,1001,1048
459802,998,1054
459803,1000,1057
459804,1003,1059
459805,1007,1058
459806,1003,1058
459807,1001,1054
459808,997,1052
459809,1003,1051
459810,1012,1051
459811,1026,1049
459812,1036,1045
459813,1048,1040
459814,1060,1037
459815,1083,1037
459816,1116,1034
459817,1152,1020
459818,1186,1005
459819,1223,996
459820,1258,995
459821,1287,1007
459822,1301,1027
459823,1284,1045
459824,1246,1052
459825,1191,1053
459826,1133,1058
459827,1075,1070
459828,1024,1090
459829,988,1103
459830,972,1110
459831,972,1110
459832,978,1100
459833,987,1089
459834,994,1079
459835,998,1069
459836,997,1062
459837,989,1055
459838,983,1055
459839,983,1057
459840,986,1057
459841,985,1057
459842,982,1059
459843,980,1055
459844,975,1058
459845,978,1062
459846,978,1066
459847,982,1066
459848,981,1066
459849,977,1065
459850,972,1066
459851,974,1071
459852,976,1073
459853,978,1070
459854,980,1065
459855,977,1060
459856,973,1058
459857,971,1058
459858,973,1063
459859,974,1060
459860,977,1057
459861,980,1051
459862,975,1048
459863,976,1051
459864,973,1054
459865,977,1054
459866,977,1053
459867,977,1051
459868,972,1054
459869,976,1056
459870,978,1061
459871,980,1059
459872,977,1057
459873,977,1054
459874,977,1054
459875,979,1058
459876,978,1057
459877,980,1058
459878,978,1053
459879,982,1053
459880,983,1051
459881,982,1053
459882,982,1055
459883,982,1056
459884,982,1052
459885,979,1047
459886,980,1046
459887,981,1046
459888,984,1047
459889,986,1044
459890,986,1041
459891,986,1037
459892,986,1034
459893,990,1037
459894,993,1037
459895,999,1038
459896,999,1036
459897,994,1030
459898,993,1029
459899,997,1028
459900,1002,1031
459901,1003,1028
459902,1002,1023
459903,998,1017
459904,995,1016
459905,1001,1017
459906,1004,1020
459907,1008,1018
459908,1012,1013
459909,1010,1013
459910,1008,1012
459911,1010,1014
459912,1017,1015
459913,1017,1011
459914,1019,1008
459915,1019,1006
459916,1015,1007
459917,1020,1010
459918,1023,1010
459919,1026,1014
459920,1026,1010
459921,1024,1009
459922,1023,1009
459923,1022,1012
459924,1024,1017
459925,1026,1020
459926,1025,1021
459927,1020,1025
459928,1018,1032
459929,1019,1039
459930,1021,1040
459931,1019,1033
459932,1018,1025
459933,1016,1022
459934,1015,1023
459935,1008,1028
459936,1005,1033
459937,1002,1035
459938,1000,1037
459939,997,1035
459940,992,1041
459941,989,1043
459942,991,1046
459943,992,1048
459944,990,1050
459945,989,1048
459946,986,1052
459947,987,1056
459948,986,1059
459949,989,1058
459950,990,1057
459951,986,1057
459952,985,1059
459953,988,1065
459954,993,1068
459955,997,1067
459956,996,1066
459957,993,1064
459958,996,1066
459959,998,1070
459960,999,1072
459961,1006,1070
459962,1006,1070
459963,1005,1074
459964,1010,1076
459965,1019,1080
459966,1027,1080
459967,1030,1075
459968,1032,1073
459969,1038,1072
459970,1044,1076
459971,1059,1074
459972,1070,1067
459973,1081,1046
459974,1093,1026
459975,1105,1009
459976,1116,997
459977,1131,984
459978,1149,967
459979,1160,951
459980,1171,937
459981,1186,914
459982,1203,891
459983,1223,871
459984,1242,858
459985,1258,840
459986,1264,826
459987,1264,819
459988,1261,827
459989,1263,835
459990,1262,842
459991,1256,847
459992,1245,845
459993,1229,844
459994,1214,847
459995,1195,850
459996,1171,859
459997,1148,868
459998,1124,880
459999,1101,890
460000,1086,904
460001,1071,924
460002,1062,938
460003,1058,950
460004,1054,962
460005,1049,974
460006,1041,986
460007,1040,1000
460008,1046,1012
460009,1058,1020
460010,1071,1023
460011,1082,1028
460012,1078,1030
460013,1061,1034
460014,1031,1041
460015,996,1042
460016,965,1050
460017,945,1056
460018,935,1072
460019,931,1090
460020,928,1099
460021,926,1099
460022,920,1098
460023,914,1102
460024,912,1105
460025,914,1108
460026,915,1110
460027,910,1106
460028,904,1102
460029,902,1103
460030,895,1109
460031,894,1111
460032,895,1118
460033,895,1117
460034,897,1119
460035,893,1119
460036,889,1125
460037,893,1127
460038,894,1132
460039,898,1135
460040,894,1134
460041,890,1138
460042,885,1144
460043,886,1151
460044,888,1156
460045,890,1159
460046,886,1161
460047,886,1160
460048,879,1165
460049,874,1163
460050,876,1162
460051,878,1163
460052,879,1160
460053,873,1155
460054,868,1154
460055,868,1158
460056,869,1166
460057,867,1172
460058,867,1172
460059,863,1170
460060,862,1168
460061,864,1174
460062,872,1185
460063,876,1184
460064,876,1181
460065,873,1176
460066,870,1174
460067,868,1182
460068,871,1188
460069,877,1189
460070,878,1185
460071,878,1183
460072,880,1180
460073,885,1183
460074,888,1187
460075,891,1183
460076,889,1183
460077,890,1175
460078,896,1176
460079,901,1175
460080,909,1171
460081,914,1164
460082,918,1155
460083,922,1146
460084,925,1143
460085,930,1145
460086,937,1141
460087,942,1137
460088,943,1129
460089,944,1127
460090,943,1127
460091,947,1126
460092,956,1123
460093,962,1117
460094,962,1114
460095,961,1108
460096,961,1107
460097,965,1102
460098,969,1097
460099,969,1089
460100,973,1082
460101,972,1075
460102,974,1070
460103,973,1073
460104,973,1076
460105,975,1077
460106,976,1072
460107,975,1069
460108,973,1067
460109,974,1067
460110,982,1066
460111,981,1063
460112,980,1061
460113,977,1058
460114,974,1060
460115,978,1062
460116,976,1064
460117,978,1061
460118,980,1058
460119,977,1056
460120,977,1057
460121,978,1062
460122,979,1065
460123,985,1065
460124,981,1062
460125,978,1056
460126,975,1050
460127,978,1047
460128,983,1051
460129,987,1047
460130,984,1048
460131,980,1048
460132,978,1054
460133,980,1057
460134,985,1064
460135,980,1067
460136,978,1069
460137,978,1069
460138,978,1062
460139,982,1054
460140,985,1051
460141,985,1048
460142,983,1050
460143,981,1052
460144,982,1058
460145,987,1060
460146,990,1059
460147,993,1048
460148,993,1044
460149,988,1049
460150,987,1059
460151,986,1060
460152,991,1051
460153,991,1038
460154,991,1033
460155,988,1035
460156,987,1039
460157,991,1046
460158,994,1052
460159,994,1053
460160,991,1051
460161,987,1047
460162,984,1047
460163,983,1051
460164,988,1054
460165,991,1057
460166,992,1055
460167,989,1050
460168,987,1050
460169,986,1054
460170,989,1059
460171,991,1057
460172,989,1053
460173,984,1054
460174,982,1061
460175,988,1061
460176,996,1059
460177,994,1055
460178,990,1055
460179,987,1058
460180,982,1067
460181,985,1070
460182,990,1064
460183,991,1052
460184,991,1043
460185,988,1043
460186,989,1046
460187,989,1052
460188,990,1062
460189,994,1062
460190,994,1064
460191,990,1064
460192,985,1063
460193,985,1068
460194,988,1072
460195,992,1071
460196,988,1065
460197,988,1058
460198,988,1052
460199,992,1058
460200,996,1060
460201,997,1060
460202,994,1060
460203,991,1062
460204,991,1069
460205,992,1071
460206,995,1069
460207,996,1058
460208,998,1054
460209,996,1052
460210,992,1050
460211,995,1053
460212,996,1056
460213,998,1056
460214,997,1055
460215,993,1052
460216,992,1051
460217,995,1056
460218,998,1059
460219,1000,1059
460220,995,1057
460221,991,1057
460222,990,1056
460223,990,1056
460224,994,1060
460225,995,1065
460226,991,1069
460227,989,1074
460228,988,1076
460229,988,1071
460230,998,1064
460231,999,1049
460232,997,1041
460233,992,1041
460234,991,1044
460235,993,1047
460236,997,1049
460237,999,1048
460238,996,1047
460239,993,1048
460240,993,1052
460241,995,1052
460242,999,1057
460243,1002,1056
460244,1000,1054
460245,997,1051
460246,994,1051
460247,993,1056
460248,996,1064
460249,998,1063
460250,998,1062
460251,997,1064
460252,996,1069
460253,1000,1065
460254,1002,1063
460255,1002,1059
460256,1005,1056
460257,1002,1051
460258,1001,1048
460259,1003,1048
460260,1005,1052
460261,1007,1052
460262,1008,1055
460263,1006,1056
460264,1008,1061
460265,1014,1061
460266,1019,1057
460267,1036,1049
460268,1052,1038
460269,1070,1026
460270,1095,1019
460271,1128,1015
460272,1169,1012
460273,1209,1006
460274,1247,1004
460275,1281,1006
460276,1304,1014
460277,1320,1026
460278,1304,1039
460279,1267,1046
460280,1207,1046
460281,1148,1049
460282,1090,1059
460283,1039,1073
460284,1005,1085
460285,994,1087
460286,994,1084
460287,1000,1079
460288,1004,1075
460289,1008,1072
460290,1006,1068
460291,1002,1061
460292,998,1054
460293,992,1050
460294,989,1056
460295,990,1062
460296,989,1066
460297,988,1062
460298,986,1055
460299,983,1051
460300,983,1049
460301,981,1054
460302,982,1058
460303,986,1058
460304,987,1060
460305,982,1060
460306,980,1062
460307,982,1065
460308,980,1069
460309,980,1067
460310,982,1063
460311,979,1060
460312,978,1061
460313,980,1065
460314,982,1069
460315,984,1069
460316,980,1071
460317,973,1074
460318,974,1071
460319,977,1065
460320,981,1063
460321,985,1053
460322,983,1047
460323,982,1042
460324,980,1039
460325,981,1043
460326,984,1046
460327,985,1051
460328,986,1052
460329,983,1051
460330,984,1054
460331,985,1062
460332,988,1066
460333,991,1058
460334,988,1049
460335,988,1036
460336,985,1034
460337,986,1039
460338,983,1046
460339,990,1051
460340,989,1048
460341,989,1050
460342,987,1048
460343,992,1049
460344,995,1047
460345,994,1041
460346,993,1037
460347,993,1034
460348,991,1033
460349,996,1037
460350,1000,1038
460351,1002,1039
460352,1003,1037
460353,997,1037
460354,1000,1038
460355,1004,1038
460356,1009,1038
460357,1009,1030
460358,1009,1026
460359,1007,1022
460360,1006,1024
460361,1009,1032
460362,1013,1041
460363,1014,1046
460364,1013,1044
460365,1012,1034
460366,1009,1022
460367,1013,1011
460368,1021,1007
460369,1025,1007
460370,1026,1006
460371,1027,1007
460372,1025,1008
460373,1025,1011
460374,1030,1017
460375,1032,1020
460376,1026,1019
460377,1030,1016
460378,1030,1016
460379,1031,1023
460380,1035,1025
460381,1036,1025
460382,1035,1023
460383,1031,1021
460384,1028,1024
460385,1028,1027
460386,1027,1036
460387,1028,1039
460388,1022,1039
460389,1019,1041
460390,1016,1047
460391,1016,1048
460392,1016,1049
460393,1015,1050
460394,1011,1051
460395,1005,1047
460396,1004,1050
460397,1002,1053
460398,1003,1054
460399,1004,1056
460400,1002,1052
460401,997,1053
460402,995,1055
460403,994,1062
460404,997,1066
460405,1001,1067
460406,998,1054
460407,994,1048
460408,994,1047
460409,997,1050
460410,1001,1053
460411,1001,1056
460412,998,1057
460413,996,1057
460414,996,1055
460415,1001,1054
460416,1005,1058
460417,1004,1060
460418,1003,1058
460419,1002,1053
460420,1000,1053
460421,1003,1058
460422,1008,1059
460423,1004,1055
460424,1006,1047
460425,1005,1043
460426,1003,1050
460427,1001,1056
460428,1004,1060
460429,1005,1052
460430,1005,1047
460431,1002,1045
460432,999,1046
460433,1001,1048
460434,1004,1055
460435,1001,1056
460436,1004,1052
460437,1001,1045
460438,1000,1041
460439,999,1044
460440,1001,1046
460441,1004,1046
460442,1002,1043
460443,998,1045
460444,998,1047
460445,1000,1049
460446,1000,1049
460447,1003,1047
460448,1001,1046
460449,996,1045
460450,997,1045
460451,997,1047
460452,999,1051
460453,1000,1050
460454,998,1053
460455,993,1055
460456,993,1056
460457,995,1051
460458,995,1044
460459,998,1036
460460,997,1036
460461,992,1038
460462,989,1043
460463,989,1049
460464,994,1052
460465,992,1057
460466,992,1057
460467,989,1059
460468,990,1059
460469,993,1058
460470,997,1054
460471,996,1047
460472,995,1045
460473,992,1046
460474,991,1048
460475,992,1051
460476,994,1055
460477,998,1054
460478,993,1054
460479,992,1053
460480,990,1056
460481,992,1061
460482,992,1065
460483,993,1065
460484,993,1061
460485,990,1057
460486,988,1055
460487,990,1054
460488,990,1057
460489,990,1062
460490,991,1066
460491,988,1065
460492,987,1062
460493,989,1059
460494,990,1061
460495,990,1059
460496,987,1054
460497,989,1050
460498,984,1046
460499,985,1050
460500,990,1055
460501,992,1056
460502,989,1054
460503,990,1051
460504,989,1052
460505,991,1055
460506,992,1054
460507,993,1053
460508,996,1045
460509,990,1046
460510,987,1049
460511,989,1052
460512,988,1053
460513,993,1046
460514,990,1047
460515,987,1052
460516,984,1059
460517,988,1062
460518,991,1062
460519,994,1057
460520,990,1055
460521,989,1052
460522,986,1050
460523,989,1051
460524,988,1053
460525,990,1055
460526,989,1055
460527,988,1055
460528,983,1056
460529,990,1063
460530,991,1066
460531,992,1059
460532,990,1055
460533,988,1047
460534,987,1048
460535,989,1050
460536,988,1053
460537,989,1053
460538,986,1052
460539,984,1051
460540,986,1053
460541,984,1055
460542,991,1060
460543,993,1062
460544,989,1058
460545,987,1052
460546,987,1053
460547,989,1051
460548,993,1057
460549,993,1055
460550,988,1053
460551,988,1054
460552,988,1059
460553,989,1061
460554,993,1062
460555,996,1053
460556,996,1046
460557,995,1046
460558,995,1048
460559,993,1050
460560,997,1055
460561,999,1057
460562,998,1056
460563,994,1053
460564,990,1055
460565,993,1058
460566,999,1058
460567,997,1055
460568,994,1050
460569,994,1045
460570,992,1050
460571,994,1054
460572,999,1059
460573,999,1059
460574,998,1057
460575,997,1053
460576,1004,1046
460577,1017,1042
460578,1033,1042
460579,1052,1044
460580,1071,1042
460581,1091,1033
460582,1122,1021
460583,1159,1010
460584,1195,1000
460585,1235,996
460586,1269,994
460587,1295,999
460588,1309,1013
460589,1302,1031
460590,1271,1044
460591,1213,1052
460592,1152,1055
460593,1091,1061
460594,1036,1074
460595,998,1076
460596,986,1081
460597,990,1074
460598,998,1059
460599,1001,1042
460600,1001,1039
460601,999,1044
460602,993,1051
460603,991,1053
460604,988,1056
460605,985,1056
460606,982,1057
460607,981,1054
460608,981,1050
460609,979,1048
460610,979,1046
460611,974,1045
460612,973,1048
460613,975,1054
460614,971,1059
460615,977,1055
460616,975,1055
460617,971,1055
460618,968,1054
460619,971,1061
460620,972,1066
460621,971,1061
460622,970,1055
460623,966,1047
460624,965,1052
460625,969,1055
460626,970,1059
460627,976,1059
460628,972,1058
460629,972,1054
460630,970,1054
460631,973,1055
460632,973,1059
460633,974,1060
460634,971,1059
460635,971,1054
460636,971,1051
460637,974,1052
460638,975,1054
460639,977,1052
460640,974,1051
460641,972,1050
460642,973,1054
460643,973,1057
460644,977,1061
460645,980,1061
460646,980,1057
460647,977,1046
460648,977,1043
460649,982,1045
460650,984,1048
460651,985,1048
460652,981,1047
460653,980,1043
460654,982,1047
460655,984,1051
460656,988,1050
460657,990,1048
460658,990,1042
460659,989,1039
460660,989,1041
460661,991,1042
460662,992,1042
460663,994,1036
460664,992,1033
460665,991,1036
460666,996,1035
460667,1000,1035
460668,1004,1033
460669,1008,1028
460670,1007,1024
460671,1003,1017
460672,1002,1018
460673,1004,1026
460674,1008,1032
460675,1010,1031
460676,1009,1023
460677,1008,1020
460678,1006,1023
460679,1009,1020
460680,1014,1022
460681,1013,1019
460682,1012,1017
460683,1012,1017
460684,1010,1022
460685,1016,1025
460686,1017,1027
460687,1017,1026
460688,1018,1025
460689,1015,1024
460690,1014,1026
460691,1014,1025
460692,1013,1032
460693,1014,1033
460694,1013,1037
460695,1011,1038
460696,1012,1038
460697,1012,1037
460698,1012,1040
460699,1006,1041
460700,1004,1045
460701,1002,1045
460702,1001,1047
460703,1003,1048
460704,1003,1053
460705,1005,1054
460706,1004,1051
460707,1001,1045
460708,996,1042
460709,993,1048
460710,991,1050
460711,996,1050
460712,995,1051
460713,992,1052
460714,991,1055
460715,993,1057
460716,994,1055
460717,1001,1048
460718,998,1045
460719,994,1045
460720,994,1051
460721,997,1055
460722,1003,1055
460723,1008,1054
460724,1010,1050
460725,1011,1049
460726,1013,1055
460727,1016,1059
460728,1024,1060
460729,1030,1060
460730,1036,1056
460731,1044,1051
460732,1056,1046
460733,1072,1040
460734,1086,1028
460735,1103,1013
460736,1114,1000
460737,1126,987
460738,1140,974
460739,1163,960
460740,1179,944
460741,1196,928
460742,1211,903
460743,1227,877
460744,1249,862
460745,1265,850
460746,1278,841
460747,1276,835
460748,1270,828
460749,1267,822
460750,1258,820
460751,1255,824
460752,1249,827
460753,1232,827
460754,1207,828
460755,1178,834
460756,1155,841
460757,1132,849
460758,1110,855
460759,1088,865
460760,1068,875
460761,1055,888
460762,1049,912
460763,1049,929
460764,1048,946
460765,1041,955
460766,1036,965
460767,1039,975
460768,1048,989
460769,1068,998
460770,1081,1002
460771,1087,1002
460772,1067,1003
460773,1033,1009
460774,1000,1020
460775,972,1034
460776,955,1051
460777,947,1064
460778,941,1076
460779,935,1087
460780,928,1093
460781,924,1099
460782,922,1101
460783,918,1099
460784,913,1100
460785,909,1102
460786,903,1106
460787,904,1112
460788,903,1121
460789,899,1120
460790,894,1117
460791,890,1113
460792,888,1119
460793,890,1127
460794,892,1130
460795,893,1130
460796,891,1123
460797,886,1123
460798,886,1127
460799,889,1131
460800,891,1133
460801,891,1130
460802,888,1132
460803,884,1131
460804,882,1134
460805,888,1140
460806,887,1148
460807,889,1148
460808,886,1145
460809,883,1145
460810,882,1150
460811,883,1154
460812,888,1156
460813,886,1154
460814,886,1154
460815,885,1157
460816,886,1160
460817,889,1165
460818,890,1170
460819,893,1173
460820,892,1172
460821,888,1170
460822,887,1171
460823,891,1174
460824,895,1177
460825,897,1177
460826,899,1177
460827,899,1175
460828,899,1182
460829,902,1187
460830,910,1188
460831,913,1180
460832,911,1174
460833,912,1171
460834,915,1170
460835,921,1174
460836,927,1173
460837,927,1170
460838,931,1160
460839,932,1151
460840,935,1147
460841,940,1146
460842,946,1147
460843,950,1148
460844,953,1142
460845,953,1139
460846,954,1133
460847,958,1133
460848,963,1125
460849,965,1117
460850,964,1106
460851,962,1098
460852,963,1098
460853,964,1100
460854,967,1100
460855,970,1096
460856,968,1093
460857,970,1087
460858,970,1085
460859,971,1085
460860,978,1080
460861,979,1074
460862,977,1068
460863,976,1062
460864,975,1061
460865,978,1059
460866,981,1062
460867,979,1057
460868,976,1053
460869,977,1049
460870,977,1050
460871,982,1053
460872,982,1058
460873,983,1060
460874,977,1058
460875,976,1053
460876,980,1053
460877,980,1049
460878,979,1049
460879,977,1050
460880,978,1049
460881,976,1048
460882,974,1052
460883,980,1056
460884,983,1059
460885,985,1060
460886,984,1059
460887,982,1054
460888,981,1052
460889,984,1053
460890,987,1051
460891,990,1051
460892,987,1049
460893,984,1049
460894,986,1049
460895,987,1054
460896,992,1057
460897,992,1054
460898,989,1052
460899,983,1050
460900,984,1048
460901,989,1047
460902,992,1048
460903,990,1045
460904,989,1044
460905,986,1047
460906,984,1054
460907,988,1059
460908,988,1062
460909,986,1059
460910,984,1052
460911,984,1048
460912,983,1049
460913,989,1052
460914,990,1057
460915,989,1056
460916,986,1054
460917,985,1053
460918,983,1057
460919,986,1061
460920,988,1062
460921,988,1054
460922,985,1052
460923,982,1048
460924,980,1052
460925,981,1054
460926,986,1053
460927,988,1050
460928,983,1050
460929,983,1045
460930,981,1049
460931,984,1052
460932,984,1056
460933,987,1055
460934,985,1052
460935,983,1048
460936,983,1046
460937,985,1046
460938,988,1050
460939,988,1049
460940,986,1044
460941,983,1038
460942,982,1040
460943,985,1047
460944,989,1051
460945,990,1048
460946,990,1047
460947,989,1043
460948,985,1044
460949,986,1051
460950,990,1051
460951,990,1051
460952,990,1050
460953,989,1048
460954,989,1048
460955,991,1050
460956,992,1050
460957,991,1049
460958,987,1047
460959,985,1049
460960,987,1053
460961,987,1057
460962,990,1058
460963,990,1054
460964,989,1050
460965,986,1052
460966,984,1052
460967,986,1055
460968,988,1057
460969,987,1057
460970,982,1057
460971,983,1057
460972,983,1057
460973,986,1055
460974,987,1053
460975,988,1049
460976,988,1046
460977,987,1042
460978,987,1039
460979,989,1044
460980,991,1046
460981,988,1046
460982,987,1047
460983,989,1046
460984,988,1049
460985,988,1050
460986,990,1051
460987,992,1045
460988,990,1042
460989,986,1047
460990,987,1050
460991,991,1053
460992,993,1055
460993,994,1053
460994,991,1050
460995,988,1042
460996,990,1042
460997,992,1043
460998,992,1050
460999,993,1050
461000,987,1052
461001,986,1052
461002,988,1053
461003,990,1058
461004,992,1062
461005,994,1060
461006,993,1055
461007,984,1053
461008,985,1053
461009,988,1056
461010,993,1060
461011,996,1058
461012,991,1055
461013,991,1055
461014,991,1053
461015,991,1054
461016,993,1054
461017,992,1051
461018,990,1050
461019,987,1050
461020,988,1051
461021,993,1054
461022,996,1050
461023,995,1047
461024,997,1043
461025,992,1042
461026,993,1045
461027,996,1052
461028,996,1054
461029,997,1053
461030,994,1051
461031,993,1050
461032,992,1051
461033,995,1050
461034,998,1048
461035,1001,1044
461036,999,1042
461037,996,1042
461038,994,1048
461039,998,1050
461040,1002,1051
461041,1004,1044
461042,1003,1040
461043,1003,1040
461044,1003,1039
461045,1005,1042
461046,1008,1048
461047,1007,1048
461048,1004,1046
461049,1004,1044
461050,1008,1043
461051,1015,1044
461052,1023,1040
461053,1034,1036
461054,1045,1033
461055,1057,1030
461056,1074,1031
461057,1099,1031
461058,1130,1027
461059,1162,1013
461060,1191,997
461061,1221,987
461062,1249,983
461063,1276,992
461064,1294,1007
461065,1286,1024
461066,1254,1033
461067,1214,1038
461068,1160,1043
461069,1116,1057
461070,1075,1073
461071,1034,1085
461072,1002,1085
461073,987,1081
461074,991,1078
461075,1004,1076
461076,1014,1068
461077,1016,1056
461078,1009,1047
461079,1003,1042
461080,997,1044
461081,997,1050
461082,997,1053
461083,995,1051
461084,992,1045
461085,988,1042
461086,987,1044
461087,988,1044
461088,991,1050
461089,991,1053
461090,988,1054
461091,983,1053
461092,982,1050
461093,983,1051
461094,984,1052
461095,989,1051
461096,987,1055
461097,981,1052
461098,979,1051
461099,983,1052
461100,985,1056
461101,985,1053
461102,984,1055
461103,981,1049
461104,980,1053
461105,983,1057
461106,987,1060
461107,987,1060
461108,983,1057
461109,980,1053
461110,976,1055
461111,981,1058
461112,984,1060
461113,983,1058
461114,980,1053
461115,978,1052
461116,980,1053
461117,981,1055
461118,984,1063
461119,986,1063
461120,981,1060
461121,982,1058
461122,981,1056
461123,984,1059
461124,987,1060
461125,991,1058
461126,992,1046
461127,988,1041
461128,988,1043
461129,988,1045
461130,989,1049
461131,990,1047
461132,987,1043
461133,987,1039
461134,987,1036
461135,992,1037
461136,996,1036
461137,996,1033
461138,995,1027
461139,995,1024
461140,996,1030
461141,997,1033
461142,997,1037
461143,1000,1035
461144,999,1030
461145,996,1032
461146,998,1030
461147,1002,1033
461148,1007,1034
461149,1010,1031
461150,1009,1030
461151,1005,1029
461152,1006,1028
461153,1011,1029
461154,1013,1029
461155,1014,1027
461156,1009,1024
461157,1008,1020
461158,1012,1025
461159,1013,1026
461160,1020,1028
461161,1023,1022
461162,1025,1020
461163,1022,1024
461164,1022,1029
461165,1023,1034
461166,1029,1032
461167,1031,1027
461168,1033,1023
461169,1031,1022
461170,1032,1019
461171,1036,1020
461172,1038,1021
461173,1038,1017
461174,1035,1016
461175,1031,1013
461176,1032,1015
461177,1035,1018
461178,1039,1022
461179,1039,1022
461180,1035,1020
461181,1032,1020
461182,1026,1027
461183,1028,1029
461184,1028,1032
461185,1025,1036
461186,1023,1034
461187,1021,1033
461188,1020,1032
461189,1021,1037
461190,1023,1042
461191,1022,1046
461192,1016,1047
461193,1012,1047
461194,1009,1048
461195,1009,1049
461196,1010,1053
461197,1008,1054
461198,1007,1053
461199,1003,1046
461200,1008,1045
461201,1008,1048
461202,1009,1051
461203,1009,1054
461204,1005,1055
461205,1003,1056
461206,1004,1059
461207,1006,1056
461208,1011,1056
461209,1011,1056
461210,1010,1055
461211,1007,1057
461212,1006,1056
461213,1010,1059
461214,1014,1061
461215,1011,1059
461216,1008,1055
461217,1008,1050
461218,1007,1054
461219,1010,1056
461220,1010,1058
461221,1007,1055
461222,1005,1051
461223,1004,1048
461224,1000,1052
461225,1003,1053
461226,1005,1054
461227,1007,1049
461228,1006,1049
461229,1002,1045
461230,1001,1041
461231,1004,1042
461232,1007,1041
461233,1006,1042
461234,1004,1038
461235,1002,1040
461236,1006,1041
461237,1006,1044
461238,1010,1045
461239,1011,1043
461240,1007,1042
461241,1001,1040
461242,1000,1047
461243,1002,1048
461244,1006,1051
461245,1004,1048
461246,999,1044
461247,999,1044
461248,996,1047
461249,999,1052
461250,1001,1056
461251,1004,1052
461252,1002,1049
461253,998,1047
461254,1001,1050
461255,1002,1052
461256,1005,1056
461257,1005,1054
461258,1002,1052
461259,1001,1048
461260,1000,1052
461261,1002,1052
461262,1003,1050
461263,1003,1045
461264,1001,1041
461265,996,1040
461266,996,1042
461267,997,1044
461268,1001,1047
461269,1002,1046
461270,1001,1042
461271,996,1040
461272,996,1046
461273,999,1047
461274,1001,1051
461275,999,1047
461276,997,1044
461277,993,1046
461278,993,1052
461279,999,1053
461280,999,1049
461281,999,1045
461282,996,1042
461283,992,1045
461284,992,1048
461285,995,1053
461286,1000,1056
461287,995,1055
461288,996,1055
461289,991,1052
461290,992,1051
461291,996,1055
461292,999,1054
461293,998,1053
461294,995,1052
461295,992,1053
461296,994,1055
461297,994,1059
461298,996,1062
461299,994,1062
461300,995,1062
461301,989,1064
461302,988,1065
461303,992,1067
461304,996,1060
461305,997,1053
461306,995,1048
461307,990,1046
461308,991,1048
461309,994,1051
461310,998,1053
461311,998,1053
461312,995,1052
461313,992,1051
461314,991,1051
461315,992,1055
461316,998,1056
461317,998,1053
461318,996,1048
461319,990,1045
461320,987,1048
461321,992,1050
461322,994,1052
461323,993,1052
461324,992,1050
461325,988,1048
461326,988,1050
461327,991,1051
461328,994,1055
461329,992,1055
461330,993,1053
461331,990,1050
461332,992,1051
461333,996,1056
461334,995,1058
461335,994,1054
461336,989,1049
461337,988,1046
461338,991,1048
461339,992,1054
461340,994,1052
461341,992,1050
461342,990,1044
461343,991,1040
461344,989,1046
461345,994,1047
461346,995,1052
461347,994,1052
461348,995,1050
461349,992,1048
461350,992,1051
461351,994,1054
461352,995,1056
461353,998,1056
461354,995,1055
461355,994,1054
461356,995,1054
461357,996,1054
461358,998,1057
461359,997,1055
461360,994,1052
461361,991,1049
461362,992,1057
461363,994,1060
461364,997,1061
461365,997,1057
461366,991,1053
461367,990,1051
461368,991,1052
461369,992,1050
461370,992,1052
461371,991,1051
461372,990,1052
461373,986,1054
461374,991,1051
461375,993,1052
461376,996,1049
461377,997,1046
461378,994,1044
461379,993,1044
461380,994,1048
461381,995,1048
461382,1000,1051
461383,1000,1047
461384,997,1049
461385,995,1049
461386,991,1054
461387,992,1051
461388,999,1049
461389,1000,1047
461390,997,1045
461391,995,1047
461392,996,1049
461393,999,1052
461394,1001,1052
461395,1000,1050
461396,1000,1050
461397,995,1050
461398,992,1050
461399,996,1054
461400,999,1054
461401,998,1055
461402,997,1055
461403,997,1052
461404,996,1055
461405,1001,1054
461406,1005,1057
461407,1006,1052
461408,1008,1048
461409,1016,1042
461410,1026,1037
461411,1043,1033
461412,1059,1033
461413,1078,1025
461414,1101,1020
461415,1126,1012
461416,1157,1004
461417,1192,992
461418,1227,986
461419,1261,982
461420,1284,983
461421,1292,996
461422,1276,1015
461423,1249,1027
461424,1206,1035
461425,1154,1043
461426,1105,1054
461427,1056,1059
461428,1015,1070
461429,990,1075
461430,985,1081
461431,988,1077
461432,997,1068
461433,1000,1058
461434,1001,1053
461435,1004,1053
461436,1003,1056
461437,1000,1056
461438,993,1052
461439,991,1045
461440,986,1047
461441,984,1051
461442,986,1055
461443,987,1054
461444,987,1050
461445,982,1050
461446,978,1047
461447,977,1049
461448,979,1053
461449,980,1049
461450,978,1044
461451,973,1045
461452,973,1045
461453,974,1050
461454,977,1055
461455,977,1055
461456,974,1053
461457,973,1049
461458,972,1052
461459,971,1054
461460,972,1053
461461,974,1053
461462,974,1051
461463,971,1053
461464,973,1053
461465,975,1054
461466,973,1056
461467,968,1051
461468,969,1051
461469,967,1048
461470,967,1052
461471,970,1054
461472,973,1060
461473,974,1058
461474,972,1056
461475,968,1050
461476,969,1046
461477,971,1049
461478,974,1049
461479,976,1044
461480,974,1042
461481,975,1038
461482,974,1044
461483,977,1047
461484,978,1042
461485,979,1035
461486,977,1032
461487,976,1032
461488,976,1038
461489,979,1041
461490,982,1044
461491,985,1041
461492,982,1039
461493,980,1036
461494,979,1037
461495,984,1038
461496,987,1037
461497,988,1033
461498,985,1031
461499,984,1030
461500,987,1035
461501,989,1039
461502,992,1040
461503,994,1035
461504,989,1030
461505,989,1024
461506,990,1022
461507,990,1021
461508,993,1020
461509,992,1020
461510,990,1021
461511,989,1020
461512,993,1022
461513,994,1023
461514,999,1023
461515,997,1021
461516,997,1018
461517,991,1017
461518,994,1019
461519,993,1024
461520,995,1026
461521,1001,1017
461522,1000,1013
461523,999,1012
461524,1004,1014
461525,1005,1016
461526,1007,1017
461527,1004,1013
461528,1003,1010
461529,1005,1008
461530,1007,1013
461531,1009,1015
461532,1011,1017
461533,1008,1013
461534,1010,1011
461535,1008,1013
461536,1010,1015
461537,1010,1018
461538,1012,1022
461539,1011,1020
461540,1011,1022
461541,1008,1025
461542,1007,1033
461543,1009,1043
461544,1010,1050
461545,1008,1047
461546,1002,1047
461547,998,1043
461548,996,1044
461549,995,1046
461550,998,1047
461551,997,1047
461552,994,1047
461553,989,1048
461554,990,1053
461555,991,1052
461556,990,1056
461557,986,1054
461558,985,1056
461559,982,1058
461560,983,1062
461561,986,1062
461562,989,1055
461563,989,1049
461564,989,1044
461565,986,1046
461566,983,1051
461567,983,1055
461568,987,1056
461569,989,1056
461570,991,1055
461571,986,1052
461572,986,1053
461573,990,1051
461574,994,1052
461575,991,1049
461576,988,1048
461577,988,1051
461578,989,1051
461579,992,1049
461580,996,1051
461581,994,1048
461582,992,1045
461583,993,1042
461584,995,1041
461585,995,1043
461586,997,1042
461587,999,1037
461588,995,1031
461589,994,1033
461590,996,1039
461591,997,1046
461592,999,1049
461593,998,1046
461594,997,1045
461595,996,1038
461596,996,1040
461597,997,1043
461598,1000,1046
461599,1000,1046
461600,998,1043
461601,996,1038
461602,995,1041
461603,993,1044
461604,997,1050
461605,997,1048
461606,995,1048
461607,991,1051
461608,988,1051
461609,990,1051
461610,992,1053
461611,994,1052
461612,991,1048
461613,986,1046
461614,984,1048
461615,987,1050
461616,990,1057
461617,990,1055
461618,987,1051
461619,989,1047
461620,986,1047
461621,985,1049
461622,993,1052
461623,989,1050
461624,985,1047
461625,986,1044
461626,984,1044
461627,986,1049
461628,988,1055
461629,987,1056
461630,985,1055
461631,984,1055
461632,986,1056
461633,989,1054
461634,996,1052
461635,993,1046
461636,991,1044
461637,990,1045
461638,987,1046
461639,992,1051
461640,995,1051
461641,999,1051
461642,996,1049
461643,992,1052
461644,992,1055
461645,993,1055
461646,998,1054
461647,1000,1057
461648,997,1055
461649,996,1051
461650,997,1051
461651,1000,1052
461652,1006,1051
461653,1003,1049
461654,1002,1047
461655,1000,1048
461656,998,1047
461657,1005,1047
461658,1008,1046
461659,1012,1047
461660,1015,1046
461661,1023,1045
461662,1032,1042
461663,1049,1035
461664,1069,1030
461665,1097,1023
461666,1128,1010
461667,1160,999
461668,1196,991
461669,1237,992
461670,1272,997
461671,1293,1004
461672,1287,1017
461673,1259,1029
461674,1213,1034
461675,1160,1040
461676,1107,1050
461677,1048,1065
461678,994,1079
461679,964,1091
461680,954,1096
461681,965,1094
461682,980,1087
461683,985,1076
461684,986,1064
461685,992,1058
461686,987,1055
461687,989,1054
461688,988,1055
461689,986,1054
461690,984,1051
461691,980,1052
461692,981,1056
461693,983,1059
461694,985,1057
461695,985,1053
461696,981,1049
461697,981,1047
461698,979,1047
461699,980,1050
461700,984,1054
461701,983,1057
461702,980,1056
461703,977,1052
461704,979,1051
461705,978,1052
461706,984,1050
461707,984,1047
461708,981,1046
461709,978,1046
461710,976,1048
461711,978,1051
461712,982,1053
461713,979,1053
461714,978,1051
461715,979,1051
461716,979,1050
461717,980,1048
461718,983,1046
461719,981,1045
461720,980,1042
461721,978,1042
461722,976,1044
461723,978,1048
461724,981,1053
461725,979,1050
461726,980,1041
461727,975,1037
461728,976,1039
461729,979,1044
461730,981,1044
461731,982,1045
461732,978,1042
461733,976,1044
461734,974,1045
461735,978,1047
461736,980,1046
461737,982,1042
461738,981,1036
461739,980,1035
461740,984,1036
461741,987,1039
461742,989,1035
461743,992,1030
461744,991,1023
461745,989,1022
461746,991,1027
461747,993,1027
461748,1003,1028
461749,1004,1023
461750,1003,1020
461751,1005,1017
461752,1004,1019
461753,1010,1018
461754,1012,1015
461755,1011,1011
461756,1012,1008
461757,1011,1008
461758,1010,1009
461759,1013,1012
461760,1018,1014
461761,1018,1014
461762,1018,1010
461763,1016,1005
461764,1019,1004
461765,1019,1002
461766,1025,1005
461767,1025,1002
461768,1020,999
461769,1018,1003
461770,1017,1007
461771,1019,1006
461772,1026,1003
461773,1025,999
461774,1020,1001
461775,1018,1002
461776,1018,1006
461777,1020,1006
461778,1023,1008
461779,1022,1009
461780,1017,1012
461781,1013,1017
461782,1008,1022
461783,1012,1025
461784,1013,1025
461785,1011,1023
461786,1007,1023
461787,1002,1027
461788,999,1034
461789,1000,1041
461790,1002,1043
461791,1004,1043
461792,1000,1041
461793,995,1040
461794,994,1045
461795,994,1048
461796,996,1055
461797,996,1050
461798,992,1052
461799,990,1052
461800,989,1054
461801,992,1059
461802,994,1062
461803,994,1065
461804,991,1063
461805,991,1065
461806,993,1065
461807,995,1062
461808,998,1055
461809,997,1047
461810,993,1043
461811,991,1044
461812,995,1047
461813,1000,1051
461814,999,1053
461815,999,1053
461816,997,1050
461817,995,1053
461818,994,1051
461819,995,1049
461820,997,1050
461821,999,1048
461822,995,1045
461823,997,1043
461824,994,1045
461825,998,1049
461826,1004,1049
461827,1002,1046
461828,998,1044
461829,995,1041
461830,995,1048
461831,996,1052
461832,999,1054
461833,999,1055
461834,996,1053
461835,996,1052
461836,996,1048
461837,996,1045
461838,997,1044
461839,995,1041
461840,988,1040
461841,986,1043
461842,988,1044
461843,992,1047
461844,996,1046
461845,994,1047
461846,991,1045
461847,991,1045
461848,989,1049
461849,993,1052
461850,995,1055
461851,993,1052
461852,993,1052
461853,991,1050
461854,994,1052
461855,996,1053
461856,999,1051
461857,999,1050
461858,996,1048
461859,994,1047
461860,993,1047
461861,997,1047
461862,994,1050
461863,995,1048
461864,993,1046
461865,992,1045
461866,994,1049
461867,997,1051
461868,996,1051
461869,996,1050
461870,994,1048
461871,993,1051
461872,994,1052
461873,997,1055
461874,1001,1052
461875,1000,1048
461876,993,1044
461877,993,1045
461878,992,1051
461879,994,1053
461880,997,1053
461881,997,1049
461882,992,1044
461883,987,1046
461884,990,1052
461885,990,1050
461886,994,1047
461887,994,1046
461888,992,1045
461889,987,1049
461890,986,1053
461891,986,1056
461892,990,1054
461893,990,1049
461894,988,1046
461895,988,1045
461896,989,1048
461897,990,1050
461898,995,1052
461899,996,1049
461900,990,1046
461901,986,1044
461902,991,1046
461903,994,1051
461904,998,1055
461905,998,1053
461906,993,1048
461907,995,1046
461908,994,1050
461909,997,1051
461910,1002,1053
461911,1000,1049
461912,999,1044
461913,997,1042
461914,1001,1044
461915,1002,1050
461916,1003,1052
461917,1005,1046
461918,1004,1044
461919,1010,1041
461920,1018,1043
461921,1035,1046
461922,1052,1044
461923,1073,1037
461924,1091,1030
461925,1119,1021
461926,1158,1009
461927,1195,999
461928,1231,987
461929,1264,987
461930,1292,993
461931,1299,1001
461932,1288,1018
461933,1256,1028
461934,1210,1035
461935,1149,1039
461936,1089,1050
461937,1033,1067
461938,990,1082
461939,968,1092
461940,975,1090
461941,982,1085
461942,992,1072
461943,998,1059
461944,1000,1051
461945,1002,1051
461946,999,1050
461947,994,1047
461948,989,1044
461949,988,1042
461950,985,1043
461951,985,1050
461952,986,1048
461953,984,1043
461954,979,1045
461955,978,1046
461956,976,1052
461957,978,1058
461958,979,1055
461959,979,1053
461960,977,1047
461961,976,1048
461962,977,1049
461963,982,1049
461964,985,1044
461965,985,1041
461966,982,1042
461967,979,1044
461968,980,1046
461969,982,1047
461970,984,1048
461971,984,1049
461972,981,1046
461973,983,1046
461974,981,1047
461975,983,1053
461976,984,1061
461977,984,1062
461978,981,1054
461979,981,1049
461980,982,1050
461981,981,1054
461982,983,1053
461983,983,1051
461984,984,1047
461985,985,1045
461986,985,1050
461987,987,1050
461988,990,1043
461989,990,1038
461990,983,1037
461991,982,1039
461992,982,1041
461993,986,1044
461994,989,1042
461995,987,1037
461996,988,1033
461997,986,1030
461998,985,1028
461999,986,1033
462000,993,1035
462001,992,1033
462002,992,1031
462003,990,1027
462004,991,1027
462005,993,1031
462006,1001,1028
462007,1003,1024
462008,997,1017
462009,996,1014
462010,998,1014
462011,1002,1015
462012,1006,1014
462013,1006,1012
462014,1004,1013
462015,1002,1013
462016,1005,1013
462017,1008,1018
462018,1012,1018
462019,1013,1018
462020,1014,1010
462021,1010,1008
462022,1010,1013
462023,1015,1014
462024,1019,1015
462025,1019,1010
462026,1019,1005
462027,1018,1003
462028,1018,1008
462029,1019,1016
462030,1022,1022
462031,1022,1017
462032,1024,1013
462033,1021,1012
462034,1023,1013
462035,1028,1015
462036,1029,1020
462037,1028,1023
462038,1025,1022
462039,1020,1022
462040,1016,1025
462041,1017,1030
462042,1020,1038
462043,1018,1037
462044,1016,1035
462045,1009,1035
462046,1011,1043
462047,1011,1045
462048,1011,1042
462049,1007,1038
462050,1002,1037
462051,997,1038
462052,998,1043
462053,1001,1040
462054,1002,1036
462055,1001,1037
462056,997,1039
462057,993,1046
462058,991,1049
462059,994,1049
462060,999,1048
462061,997,1049
462062,992,1050
462063,993,1049
462064,992,1050
462065,997,1049
462066,1000,1050
462067,1001,1049
462068,1001,1048
462069,998,1048
462070,999,1052
462071,1000,1055
462072,1005,1055
462073,1004,1056
462074,1010,1054
462075,1010,1048
462076,1016,1044
462077,1019,1043
462078,1023,1043
462079,1026,1044
462080,1025,1047
462081,1029,1054
462082,1032,1058
462083,1038,1059
462084,1045,1057
462085,1057,1053
462086,1066,1043
462087,1077,1035
462088,1091,1021
462089,1106,1008
462090,1121,995
462091,1138,976
462092,1151,962
462093,1164,948
462094,1178,935
462095,1196,919
462096,1217,893
462097,1237,870
462098,1251,850
462099,1265,832
462100,1272,822
462101,1274,818
462102,1273,818
462103,1267,822
462104,1254,822
462105,1245,817
462106,1232,816
462107,1214,816
462108,1195,821
462109,1171,826
462110,1142,838
462111,1114,852
462112,1089,872
462113,1072,889
462114,1064,898
462115,1056,902
462116,1048,914
462117,1048,927
462118,1046,942
462119,1043,956
462120,1046,965
462121,1056,971
462122,1064,978
462123,1076,985
462124,1091,992
462125,1102,996
462126,1086,1005
462127,1051,1014
462128,1010,1022
462129,975,1035
462130,959,1049
462131,954,1063
462132,952,1074
462133,949,1082
462134,945,1084
462135,935,1089
462136,930,1095
462137,931,1103
462138,929,1106
462139,931,1105
462140,925,1101
462141,924,1102
462142,921,1106
462143,920,1112
462144,922,1114
462145,917,1114
462146,912,1115
462147,908,1116
462148,909,1116
462149,912,1118
462150,910,1124
462151,906,1130
462152,902,1131
462153,901,1127
462154,896,1127
462155,897,1132
462156,900,1135
462157,897,1138
462158,893,1136
462159,888,1138
462160,888,1144
462161,889,1149
462162,892,1155
462163,890,1150
462164,883,1149
462165,879,1152
462166,879,1164
462167,882,1170
462168,887,1169
462169,889,1160
462170,884,1155
462171,884,1157
462172,885,1165
462173,886,1174
462174,888,1180
462175,888,1179
462176,889,1178
462177,886,1177
462178,889,1180
462179,894,1186
462180,895,1190
462181,897,1191
462182,897,1186
462183,896,1187
462184,899,1188
462185,896,1192
462186,902,1196
462187,910,1193
462188,909,1191
462189,905,1194
462190,913,1199
462191,918,1197
462192,925,1194
462193,926,1184
462194,929,1177
462195,928,1178
462196,934,1174
462197,941,1174
462198,948,1164
462199,952,1154
462200,952,1147
462201,951,1146
462202,949,1147
462203,953,1148
462204,959,1146
462205,962,1139
462206,964,1131
462207,964,1125
462208,964,1123
462209,967,1123
462210,968,1121
462211,970,1111
462212,969,1096
462213,965,1089
462214,968,1087
462215,970,1092
462216,977,1086
462217,976,1078
462218,972,1069
462219,969,1063
462220,971,1063
462221,975,1061
462222,975,1059
462223,974,1055
462224,975,1050
462225,974,1052
462226,977,1056
462227,978,1059
462228,982,1061
462229,979,1056
462230,978,1050
462231,974,1052
462232,975,1051
462233,977,1054
462234,982,1055
462235,981,1057
462236,980,1058
462237,978,1055
462238,977,1056
462239,976,1061
462240,978,1063
462241,979,1059
462242,978,1052
462243,977,1051
462244,979,1053
462245,979,1054
462246,985,1054
462247,987,1054
462248,983,1054
462249,980,1050
462250,983,1050
462251,983,1051
462252,983,1053
462253,983,1052
462254,979,1047
462255,977,1047
462256,980,1047
462257,982,1049
462258,984,1049
462259,982,1046
462260,983,1044
462261,977,1044
462262,978,1048
462263,980,1051
462264,985,1049
462265,982,1049
462266,978,1047
462267,975,1049
462268,976,1055
462269,979,1057
462270,982,1048
462271,983,1038
462272,978,1033
462273,978,1039
462274,980,1048
462275,984,1053
462276,989,1047
462277,986,1042
462278,983,1039
462279,977,1040
462280,975,1048
462281,979,1055
462282,984,1053
462283,982,1047
462284,982,1047
462285,977,1049
462286,977,1055
462287,981,1056
462288,982,1053
462289,984,1051
462290,981,1047
462291,979,1050
462292,982,1054
462293,984,1057
462294,988,1058
462295,986,1050
462296,982,1044
462297,981,1043
462298,981,1046
462299,982,1052
462300,983,1056
462301,985,1050
462302,985,1043
462303,980,1043
462304,980,1043
462305,978,1049
462306,978,1054
462307,983,1053
462308,983,1045
462309,980,1041
462310,981,1040
462311,982,1046
462312,982,1051
462313,981,1050
462314,982,1051
462315,979,1046
462316,979,1044
462317,983,1042
462318,982,1045
462319,981,1043
462320,979,1041
462321,980,1041
462322,979,1044
462323,981,1048
462324,985,1052
462325,983,1053
462326,979,1050
462327,974,1051
462328,981,1053
462329,984,1053
462330,986,1050
462331,980,1052
462332,979,1051
462333,981,1054
462334,982,1056
462335,986,1055
462336,990,1052
462337,988,1048
462338,986,1047
462339,982,1051
462340,984,1052
462341,988,1052
462342,990,1049
462343,988,1043
462344,986,1037
462345,982,1040
462346,985,1043
462347,987,1048
462348,992,1044
462349,993,1038
462350,989,1036
462351,985,1040
462352,982,1049
462353,986,1052
462354,989,1055
462355,987,1048
462356,985,1037
462357,984,1035
462358,983,1037
462359,986,1044
462360,988,1047
462361,985,1045
462362,984,1043
462363,979,1044
462364,979,1046
462365,981,1048
462366,984,1045
462367,987,1041
462368,986,1033
462369,982,1035
462370,982,1036
462371,983,1043
462372,989,1048
462373,987,1049
462374,985,1049
462375,985,1047
462376,984,1048
462377,988,1048
462378,991,1048
462379,993,1047
462380,990,1048
462381,991,1049
462382,995,1049
462383,1001,1048
462384,1011,1046
462385,1021,1041
462386,1035,1032
462387,1048,1023
462388,1077,1022
462389,1109,1013
462390,1146,1003
462391,1184,989
462392,1219,979
462393,1253,983
462394,1275,999
462395,1283,1023
462396,1262,1033
462397,1211,1037
462398,1149,1036
462399,1087,1045
462400,1030,1060
462401,991,1072
462402,971,1074
462403,969,1077
462404,977,1073
462405,984,1068
462406,991,1062
462407,992,1053
462408,992,1041
462409,985,1038
462410,976,1039
462411,971,1046
462412,971,1046
462413,971,1045
462414,971,1044
462415,970,1043
462416,966,1042
462417,967,1044
462418,963,1043
462419,967,1045
462420,970,1041
462421,965,1042
462422,964,1041
462423,964,1043
462424,965,1045
462425,965,1049
462426,969,1047
462427,971,1045
462428,968,1040
462429,967,1039
462430,967,1046
462431,967,1048
462432,972,1050
462433,971,1048
462434,966,1047
462435,967,1046
462436,969,1046
462437,973,1049
462438,972,1053
462439,973,1051
462440,971,1048
462441,970,1046
462442,972,1046
462443,974,1045
462444,976,1045
462445,973,1044
462446,974,1041
462447,972,1042
462448,972,1045
462449,974,1047
462450,977,1045
462451,973,1048
462452,971,1045
462453,971,1044
462454,972,1043
462455,972,1042
462456,976,1041
462457,976,1039
462458,974,1039
462459,972,1038
462460,972,1039
462461,975,1037
462462,978,1031
462463,979,1026
462464,978,1018
462465,977,1017
462466,978,1021
462467,979,1024
462468,983,1028
462469,984,1026
462470,983,1020
462471,981,1019
462472,987,1021
462473,991,1018
462474,994,1013
462475,997,1008
462476,993,1005
462477,994,1008
462478,997,1011
462479,1000,1012
462480,1004,1013
462481,1005,1010
462482,1004,1009
462483,1005,1005
462484,1009,1003
462485,1011,1009
462486,1015,1008
462487,1016,1009
462488,1018,1004
462489,1018,1001
462490,1020,1003
462491,1025,1007
462492,1028,1008
462493,1028,1007
462494,1027,1005
462495,1027,1005
462496,1025,1010
462497,1027,1012
462498,1027,1011
462499,1024,1013
462500,1021,1014
462501,1018,1016
462502,1021,1024
462503,1020,1025
462504,1020,1023
462505,1016,1022
462506,1011,1021
462507,1004,1019
462508,1004,1021
462509,999,1023
462510,1001,1023
462511,1003,1027
462512,1001,1031
462513,997,1035
462514,998,1039
462515,997,1037
462516,999,1035
462517,995,1035
462518,990,1034
462519,991,1036
462520,993,1039
462521,997,1041
462522,998,1044
462523,997,1043
462524,994,1044
462525,992,1048
462526,990,1053
462527,992,1059
462528,994,1057
462529,998,1049
462530,996,1040
462531,996,1038
462532,995,1036
462533,998,1042
462534,1001,1044
462535,1001,1044
462536,998,1047
462537,996,1048
462538,997,1050
462539,999,1049
462540,1002,1044
462541,1001,1044
462542,999,1041
462543,997,1041
462544,996,1038
462545,998,1038
462546,1000,1039
462547,998,1039
462548,995,1037
462549,992,1034
462550,992,1035
462551,996,1041
462552,996,1039
462553,995,1035
462554,989,1031
462555,986,1031
462556,989,1036
462557,992,1039
462558,992,1037
462559,988,1032
462560,989,1033
462561,985,1032
462562,987,1032
462563,989,1035
462564,988,1031
462565,990,1029
462566,986,1031
462567,986,1033
462568,988,1042
462569,989,1045
462570,994,1044
462571,994,1030
462572,993,1023
462573,988,1024
462574,986,1029
462575,990,1036
462576,991,1038
462577,992,1039
462578,992,1034
462579,990,1033
462580,990,1039
462581,993,1047
462582,993,1046
462583,995,1041
462584,990,1037
462585,986,1038
462586,988,1040
462587,992,1045
462588,993,1048
462589,993,1048
462590,994,1044
462591,990,1038
462592,993,1040
462593,995,1041
462594,994,1046
462595,996,1047
462596,995,1043
462597,992,1040
462598,993,1041
462599,1002,1042
462600,1011,1041
462601,1020,1033
462602,1031,1027
462603,1045,1021
462604,1065,1021
462605,1092,1018
462606,1126,1006
462607,1158,997
462608,1192,987
462609,1228,993
462610,1257,1003
462611,1271,1023
462612,1263,1041
462613,1230,1045
462614,1177,1043
462615,1118,1047
462616,1065,1066
462617,1022,1081
462618,992,1081
462619,980,1077
462620,977,1066
462621,985,1056
462622,992,1052
462623,995,1048
462624,996,1046
462625,992,1042
462626,984,1039
462627,976,1039
462628,979,1040
462629,980,1041
462630,978,1043
462631,978,1040
462632,972,1035
462633,972,1032
462634,971,1039
462635,973,1040
462636,975,1037
462637,974,1037
462638,968,1037
462639,965,1039
462640,965,1039
462641,967,1038
462642,966,1037
462643,968,1040
462644,964,1043
462645,965,1048
462646,968,1049
462647,969,1050
462648,975,1050
462649,974,1047
462650,966,1041
462651,968,1040
462652,966,1046
462653,968,1047
462654,971,1046
462655,971,1042
462656,970,1036
462657,963,1034
462658,965,1037
462659,969,1040
462660,971,1040
462661,967,1042
462662,963,1037
462663,960,1033
462664,962,1034
462665,965,1037
462666,968,1034
462667,966,1033
462668,966,1034
462669,965,1033
462670,964,1029
462671,967,1030
462672,971,1031
462673,971,1030
462674,969,1022
462675,969,1021
462676,972,1021
462677,975,1027
462678,977,1024
462679,977,1022
462680,979,1018
462681,978,1016
462682,978,1019
462683,980,1017
462684,983,1017
462685,980,1019
462686,980,1015
462687,982,1011
462688,985,1011
462689,988,1009
462690,991,1009
462691,989,1005
462692,989,1004
462693,986,1004
462694,989,1009
462695,992,1013
462696,992,1013
462697,991,1014
462698,989,1014
462699,985,1012
462700,990,1007
462701,992,1003
462702,994,1003
462703,992,1001
462704,991,998
462705,991,996
462706,990,999
462707,994,999
462708,996,1001
462709,999,998
462710,995,994
462711,991,999
462712,992,1006
462713,996,1015
462714,998,1017
462715,997,1015
462716,993,1013
462717,991,1016
462718,990,1023
462719,992,1027
462720,992,1027
462721,990,1026
462722,984,1021
462723,985,1022
462724,983,1026
462725,985,1036
462726,990,1038
462727,988,1039
462728,983,1038
462729,982,1041
462730,981,1042
462731,984,1045
462732,988,1046
462733,982,1046
462734,981,1045
462735,982,1048
462736,985,1051
462737,986,1052
462738,986,1051
462739,985,1046
462740,984,1043
462741,982,1043
462742,983,1045
462743,984,1047
462744,987,1048
462745,985,1046
462746,982,1047
462747,980,1050
462748,982,1053
462749,983,1052
462750,986,1047
462751,986,1043
462752,985,1039
462753,984,1041
462754,985,1047
462755,988,1053
462756,992,1049
462757,988,1044
462758,983,1040
462759,982,1036
462760,985,1037
462761,985,1039
462762,987,1041
462763,986,1045
462764,984,1045
462765,982,1043
462766,982,1043
462767,985,1043
462768,986,1044
462769,984,1040
462770,982,1042
462771,979,1044
462772,979,1048
462773,982,1050
462774,984,1045
462775,986,1046
462776,983,1043
462777,980,1043
462778,981,1041
462779,982,1040
462780,984,1041
462781,982,1041
462782,980,1043
462783,975,1044
462784,979,1049
462785,981,1047
462786,984,1044
462787,985,1045
462788,981,1044
462789,978,1046
462790,977,1045
462791,979,1048
462792,982,1044
462793,983,1042
462794,981,1039
462795,977,1041
462796,979,1045
462797,980,1048
462798,981,1050
462799,982,1048
462800,979,1045
462801,978,1046
462802,979,1050
462803,980,1052
462804,981,1050
462805,979,1050
462806,979,1043
462807,976,1044
462808,979,1045
462809,981,1047
462810,986,1047
462811,988,1045
462812,987,1041
462813,985,1042
462814,985,1044
462815,988,1048
462816,988,1046
462817,989,1047
462818,986,1041
462819,986,1042
462820,982,1046
462821,988,1052
462822,991,1049
462823,991,1048
462824,989,1045
462825,987,1043
462826,988,1042
462827,988,1046
462828,993,1049
462829,988,1049
462830,986,1046
462831,984,1048
462832,986,1050
462833,988,1052
462834,992,1050
462835,990,1050
462836,987,1050
462837,987,1055
462838,990,1056
462839,993,1053
462840,996,1045
462841,999,1036
462842,991,1029
462843,990,1029
462844,993,1031
462845,1001,1031
462846,1009,1029
462847,1019,1029
462848,1030,1027
462849,1044,1025
462850,1068,1025
462851,1095,1021
462852,1125,1007
462853,1151,996
462854,1180,984
462855,1214,980
462856,1239,980
462857,1257,990
462858,1255,1003
462859,1225,1016
462860,1180,1018
462861,1122,1028
462862,1067,1046
462863,1022,1072
462864,988,1087
462865,972,1095
462866,971,1090
462867,978,1080
462868,988,1067
462869,996,1052
462870,998,1046
462871,995,1040
462872,988,1039
462873,984,1041
462874,982,1043
462875,982,1046
462876,981,1046
462877,981,1044
462878,977,1043
462879,970,1049
462880,973,1052
462881,975,1055
462882,977,1056
462883,972,1050
462884,970,1047
462885,966,1045
462886,969,1047
462887,968,1051
462888,971,1053
462889,967,1052
462890,972,1047
462891,968,1046
462892,965,1052
462893,968,1056
462894,968,1054
462895,970,1050
462896,968,1045
462897,968,1050
462898,968,1055
462899,970,1053
462900,972,1049
462901,970,1042
462902,967,1039
462903,968,1035
462904,969,1037
462905,975,1041
462906,974,1042
462907,976,1040
462908,973,1031
462909,973,1027
462910,971,1031
462911,976,1037
462912,977,1038
462913,977,1040
462914,976,1039
462915,973,1041
462916,977,1041
462917,979,1043
462918,982,1041
462919,979,1036
462920,981,1035
462921,980,1036
462922,983,1038
462923,989,1036
462924,994,1029
462925,994,1026
462926,990,1025
462927,989,1027
462928,990,1030
462929,990,1033
462930,993,1032
462931,997,1026
462932,996,1018
462933,995,1017
462934,995,1019
462935,998,1020
462936,1001,1020
462937,999,1018
462938,995,1012
462939,997,1010
462940,997,1011
462941,999,1013
462942,1001,1011
462943,999,1011
462944,997,1011
462945,998,1010
462946,999,1010
462947,1004,1011
462948,1008,1011
462949,1005,1009
462950,1006,1003
462951,1001,1002
462952,1004,1007
462953,1007,1012
462954,1008,1011
462955,1009,1002
462956,1011,996
462957,1012,1000
462958,1012,1004
462959,1016,1010
462960,1016,1015
462961,1015,1018
462962,1014,1017
462963,1012,1016
462964,1010,1018
462965,1011,1026
462966,1015,1027
462967,1012,1032
462968,1010,1034
462969,1008,1037
462970,1007,1040
462971,1007,1043
462972,1006,1042
462973,1003,1041
462974,1001,1038
462975,997,1039
462976,996,1044
462977,1000,1047
462978,1003,1048
462979,1000,1046
462980,996,1046
462981,992,1048
462982,991,1055
462983,993,1050
462984,998,1044
462985,998,1044
462986,999,1044
462987,998,1044
462988,999,1048
462989,1001,1051
462990,1004,1049
462991,1002,1047
462992,1000,1044
462993,994,1048
462994,993,1055
462995,997,1052
462996,1001,1050
462997,1000,1048
462998,1000,1045
462999,999,1042
463000,1002,1043
463001,1004,1048
463002,1008,1050
463003,1008,1046
463004,1010,1043
463005,1012,1044
463006,1019,1052
463007,1027,1055
463008,1033,1055
463009,1034,1054
463010,1034,1049
463011,1044,1049
463012,1057,1049
463013,1074,1036
463014,1093,1015
463015,1104,992
463016,1114,978
463017,1128,967
463018,1143,958
463019,1159,950
463020,1176,933
463021,1195,909
463022,1210,877
463023,1226,858
463024,1240,845
463025,1260,836
463026,1272,825
463027,1275,814
463028,1269,812
463029,1264,814
463030,1263,818
463031,1258,818
463032,1254,815
463033,1241,814
463034,1223,815
463035,1201,820
463036,1180,830
463037,1159,839
463038,1132,849
463039,1107,854
463040,1084,856
463041,1067,865
463042,1058,879
463043,1052,898
463044,1051,914
463045,1050,929
463046,1046,939
463047,1041,947
463048,1039,958
463049,1041,967
463050,1052,972
463051,1064,976
463052,1074,980
463053,1081,984
463054,1073,992
463055,1053,1000
463056,1016,1011
463057,977,1023
463058,953,1035
463059,940,1051
463060,938,1070
463061,932,1084
463062,933,1092
463063,927,1096
463064,921,1093
463065,915,1098
463066,916,1099
463067,916,1100
463068,914,1102
463069,911,1102
463070,906,1105
463071,904,1107
463072,905,1108
463073,904,1114
463074,905,1113
463075,902,1112
463076,901,1110
463077,901,1114
463078,897,1117
463079,902,1120
463080,900,1123
463081,899,1123
463082,896,1123
463083,891,1124
463084,891,1130
463085,894,1136
463086,894,1141
463087,894,1140
463088,889,1142
463089,883,1143
463090,885,1145
463091,884,1149
463092,887,1146
463093,881,1147
463094,880,1146
463095,876,1149
463096,877,1157
463097,882,1164
463098,880,1167
463099,879,1168
463100,874,1166
463101,873,1167
463102,876,1170
463103,879,1172
463104,882,1172
463105,883,1169
463106,880,1171
463107,880,1174
463108,881,1176
463109,883,1177
463110,888,1181
463111,886,1181
463112,882,1183
463113,884,1185
463114,889,1189
463115,898,1194
463116,902,1192
463117,900,1186
463118,896,1182
463119,897,1181
463120,903,1182
463121,907,1182
463122,911,1181
463123,916,1177
463124,919,1177
463125,922,1175
463126,927,1174
463127,936,1172
463128,940,1172
463129,938,1166
463130,938,1157
463131,941,1150
463132,947,1146
463133,951,1147
463134,954,1144
463135,957,1138
463136,957,1134
463137,955,1132
463138,955,1129
463139,956,1114
463140,960,1104
463141,961,1093
463142,958,1093
463143,959,1090
463144,960,1091
463145,962,1090
463146,963,1086
463147,962,1080
463148,959,1074
463149,959,1071
463150,961,1072
463151,963,1071
463152,965,1066
463153,967,1059
463154,964,1050
463155,961,1051
463156,965,1055
463157,971,1056
463158,974,1057
463159,974,1050
463160,970,1045
463161,965,1045
463162,963,1050
463163,970,1052
463164,975,1052
463165,975,1051
463166,972,1049
463167,967,1050
463168,969,1051
463169,973,1051
463170,976,1054
463171,976,1052
463172,973,1048
463173,973,1044
463174,978,1045
463175,983,1044
463176,982,1048
463177,979,1046
463178,976,1045
463179,975,1047
463180,976,1050
463181,976,1053
463182,981,1056
463183,982,1051
463184,978,1045
463185,975,1038
463186,979,1037
463187,982,1043
463188,982,1046
463189,983,1044
463190,980,1042
463191,976,1040
463192,981,1041
463193,979,1047
463194,981,1050
463195,978,1050
463196,974,1047
463197,973,1048
463198,975,1045
463199,975,1042
463200,977,1039
463201,974,1037
463202,972,1039
463203,972,1038
463204,973,1041
463205,977,1042
463206,976,1037
463207,976,1037
463208,969,1037
463209,971,1043
463210,973,1044
463211,974,1045
463212,980,1045
463213,976,1040
463214,975,1038
463215,974,1039
463216,975,1043
463217,980,1051
463218,981,1049
463219,979,1045
463220,977,1041
463221,975,1043
463222,980,1045
463223,981,1049
463224,983,1045
463225,982,1045
463226,979,1042
463227,976,1040
463228,977,1038
463229,977,1042
463230,985,1042
463231,981,1039
463232,978,1039
463233,978,1043
463234,977,1046
463235,976,1046
463236,979,1044
463237,977,1037
463238,970,1036
463239,970,1037
463240,973,1038
463241,977,1043
463242,977,1043
463243,977,1043
463244,973,1040
463245,969,1043
463246,971,1044
463247,973,1050
463248,978,1052
463249,977,1044
463250,975,1039
463251,972,1037
463252,975,1040
463253,978,1046
463254,978,1043
463255,976,1044
463256,973,1042
463257,968,1043
463258,973,1045
463259,976,1044
463260,977,1040
463261,977,1037
463262,977,1036
463263,975,1036
463264,978,1039
463265,981,1046
463266,983,1046
463267,979,1043
463268,973,1042
463269,973,1044
463270,975,1050
463271,978,1053
463272,979,1051
463273,979,1043
463274,977,1042
463275,976,1043
463276,978,1046
463277,981,1047
463278,983,1047
463279,983,1042
463280,980,1042
463281,976,1043
463282,979,1048
463283,980,1051
463284,984,1051
463285,983,1049
463286,978,1047
463287,977,1049
463288,975,1046
463289,977,1043
463290,980,1037
463291,979,1036
463292,975,1038
463293,974,1040
463294,977,1039
463295,977,1039
463296,978,1036
463297,978,1034
463298,974,1035
463299,972,1036
463300,976,1041
463301,979,1047
463302,980,1043
463303,983,1037
463304,982,1028
463305,977,1030
463306,976,1031
463307,977,1038
463308,980,1042
463309,983,1038
463310,982,1036
463311,980,1034
463312,978,1039
463313,981,1043
463314,981,1040
463315,983,1038
463316,982,1038
463317,979,1038
463318,980,1042
463319,982,1042
463320,984,1041
463321,985,1042
463322,984,1041
463323,981,1042
463324,987,1043
463325,993,1044
463326,1001,1040
463327,1009,1031
463328,1023,1028
463329,1042,1025
463330,1069,1023
463331,1102,1016
463332,1136,1000
463333,1167,986
463334,1200,978
463335,1231,979
463336,1257,994
463337,1267,1015
463338,1245,1033
463339,1198,1038
463340,1138,1034
463341,1077,1042
463342,1019,1055
463343,976,1073
463344,958,1082
463345,958,1082
463346,967,1071
463347,975,1058
463348,978,1051
463349,984,1043
463350,986,1043
463351,981,1042
463352,978,1040
463353,970,1043
463354,972,1043
463355,971,1047
463356,971,1041
463357,970,1037
463358,966,1036
463359,965,1040
463360,966,1045
463361,967,1046
463362,970,1044
463363,967,1041
463364,964,1037
463365,959,1037
463366,961,1039
463367,962,1048
463368,963,1049
463369,961,1048
463370,958,1045
463371,957,1045
463372,959,1047
463373,961,1046
463374,963,1041
463375,962,1041
463376,957,1045
463377,955,1052
463378,957,1053
463379,961,1052
463380,962,1045
463381,962,1040
463382,960,1040
463383,960,1040
463384,960,1042
463385,964,1045
463386,964,1043
463387,964,1039
463388,961,1033
463389,962,1033
463390,961,1039
463391,963,1042
463392,967,1043
463393,965,1039
463394,961,1034
463395,959,1032
463396,965,1037
463397,967,1034
463398,970,1031
463399,967,1025
463400,965,1024
463401,965,1025
463402,967,1029
463403,973,1029
463404,976,1024
463405,975,1018
463406,970,1016
463407,972,1018
463408,975,1026
463409,979,1034
463410,980,1033
463411,979,1027
463412,979,1022
463413,980,1020
463414,979,1018
463415,980,1019
463416,985,1017
463417,982,1017
463418,984,1017
463419,983,1016
463420,988,1017
463421,990,1019
463422,991,1017
463423,993,1017
463424,992,1014
463425,993,1014
463426,995,1017
463427,995,1016
463428,999,1014
463429,997,1008
463430,996,1006
463431,997,1008
463432,999,1010
463433,1007,1007
463434,1009,1002
463435,1009,996
463436,1007,994
463437,1009,997
463438,1012,1003
463439,1019,1006
463440,1021,1001
463441,1021,1001
463442,1019,1001
463443,1016,1005
463444,1015,1004
463445,1015,1008
463446,1021,1012
463447,1020,1010
463448,1016,1008
463449,1013,1013
463450,1014,1020
463451,1015,1026
463452,1018,1027
463453,1014,1023
463454,1010,1025
463455,1009,1028
463456,1008,1033
463457,1011,1035
463458,1014,1032
463459,1010,1033
463460,1006,1035
463461,1004,1041
463462,1005,1045
463463,1006,1046
463464,1005,1045
463465,1004,1045
463466,1001,1044
463467,996,1043
463468,996,1046
463469,1001,1053
463470,1002,1053
463471,997,1053
463472,996,1049
463473,996,1047
463474,999,1044
463475,999,1043
463476,999,1043
463477,999,1039
463478,995,1036
463479,995,1038
463480,993,1043
463481,998,1046
463482,999,1046
463483,997,1045
463484,995,1041
463485,992,1043
463486,993,1040
463487,995,1040
463488,990,1042
463489,990,1041
463490,990,1044
463491,990,1044
463492,990,1042
463493,997,1043
463494,997,1042
463495,996,1040
463496,992,1041
463497,992,1041
463498,991,1044
463499,994,1044
463500,993,1041
463501,992,1043
463502,988,1044
463503,988,1050
463504,989,1050
463505,995,1051
463506,995,1048
463507,995,1046
463508,992,1044
463509,993,1040
463510,994,1044
463511,995,1045
463512,998,1042
463513,998,1043
463514,993,1040
463515,992,1039
463516,994,1043
463517,994,1046
463518,994,1046
463519,994,1047
463520,989,1050
463521,989,1050
463522,989,1049
463523,993,1048
463524,995,1043
463525,996,1038
463526,994,1037
463527,991,1035
463528,990,1039
463529,993,1041
463530,996,1041
463531,995,1042
463532,989,1043
463533,989,1043
463534,989,1045
463535,991,1044
463536,991,1043
463537,987,1043
463538,984,1044
463539,981,1044
463540,985,1047
463541,988,1046
463542,988,1046
463543,987,1043
463544,983,1036
463545,983,1035
463546,982,1039
463547,985,1042
463548,989,1046
463549,984,1048
463550,982,1049
463551,981,1052
463552,982,1055
463553,986,1053
463554,988,1049
463555,986,1045
463556,983,1040
463557,980,1039
463558,982,1044
463559,982,1049
463560,985,1051
463561,983,1052
463562,981,1053
463563,981,1048
463564,983,1052
463565,984,1052
463566,987,1053
463567,984,1052
463568,982,1052
463569,980,1050
463570,982,1054
463571,988,1055
463572,988,1050
463573,989,1048
463574,984,1044
463575,985,1042
463576,986,1045
463577,987,1046
463578,992,1049
463579,990,1053
463580,986,1054
463581,987,1055
463582,988,1053
463583,992,1055
463584,991,1051
463585,987,1042
463586,987,1040
463587,983,1044
463588,984,1050
463589,988,1051
463590,990,1047
463591,991,1043
463592,989,1042
463593,987,1043
463594,989,1048
463595,991,1054
463596,990,1053
463597,991,1051
463598,989,1047
463599,986,1049
463600,988,1052
463601,993,1054
463602,994,1054
463603,994,1050
463604,989,1048
463605,987,1051
463606,990,1055
463607,991,1057
463608,993,1053
463609,990,1050
463610,989,1051
463611,988,1053
463612,992,1053
463613,993,1052
463614,996,1044
463615,998,1035
463616,997,1027
463617,1003,1025
463618,1013,1030
463619,1027,1032
463620,1043,1027
463621,1066,1026
463622,1090,1018
463623,1117,1008
463624,1152,1002
463625,1188,994
463626,1225,989
463627,1254,987
463628,1274,992
463629,1277,1008
463630,1261,1029
463631,1225,1039
463632,1170,1040
463633,1105,1045
463634,1047,1058
463635,995,1078
463636,966,1094
463637,960,1100
463638,971,1095
463639,979,1076
463640,986,1056
463641,989,1045
463642,989,1040
463643,989,1043
463644,986,1043
463645,984,1044
463646,977,1043
463647,975,1045
463648,972,1048
463649,971,1050
463650,971,1049
463651,969,1043
463652,965,1042
463653,963,1042
463654,967,1047
463655,967,1054
463656,970,1054
463657,972,1054
463658,967,1054
463659,966,1055
463660,969,1053
463661,971,1053
463662,975,1050
463663,970,1050
463664,971,1051
463665,967,1055
463666,972,1055
463667,976,1052
463668,975,1047
463669,971,1047
463670,969,1049
463671,967,1045
463672,971,1047
463673,972,1051
463674,975,1049
463675,972,1045
463676,969,1045
463677,968,1046
463678,968,1049
463679,967,1053
463680,968,1050
463681,966,1048
463682,969,1042
463683,968,1041
463684,965,1042
463685,967,1047
463686,971,1049
463687,971,1047
463688,969,1047
463689,967,1043
463690,962,1047
463691,967,1053
463692,968,1050
463693,968,1045
463694,968,1036
463695,967,1031
463696,970,1031
463697,972,1034
463698,973,1032
463699,970,1031
463700,968,1029
463701,971,1032
463702,973,1031
463703,979,1030
463704,984,1024
463705,980,1016
463706,981,1018
463707,979,1019
463708,978,1027
463709,986,1032
463710,986,1034
463711,986,1028
463712,987,1024
463713,987,1017
463714,991,1021
463715,993,1022
463716,995,1020
463717,994,1018
463718,990,1015
463719,991,1019
463720,995,1024
463721,999,1028
463722,1001,1023
463723,1000,1011
463724,999,1003
463725,1003,1001
463726,1005,1002
463727,1008,1005
463728,1008,1007
463729,1009,1005
463730,1003,1005
463731,1002,1011
463732,1003,1010
463733,1005,1011
463734,1006,1010
463735,1004,1010
463736,1000,1008
463737,998,1010
463738,1000,1016
463739,1002,1022
463740,1003,1027
463741,1001,1030
463742,1000,1031
463743,997,1030
463744,999,1030
463745,1001,1036
463746,998,1034
463747,997,1034
463748,995,1040
463749,992,1047
463750,995,1050
463751,996,1051
463752,993,1049
463753,992,1045
463754,987,1047
463755,986,1053
463756,986,1054
463757,987,1052
463758,988,1048
463759,986,1049
463760,984,1051
463761,983,1058
463762,985,1063
463763,987,1070
463764,989,1062
463765,987,1054
463766,986,1053
463767,988,1055
463768,990,1058
463769,993,1055
463770,992,1046
463771,992,1043
463772,989,1042
463773,987,1045
463774,989,1048
463775,990,1046
463776,995,1048
463777,993,1042
463778,990,1039
463779,988,1040
463780,993,1043
463781,994,1042
463782,992,1039
463783,990,1036
463784,986,1035
463785,985,1036
463786,988,1040
463787,990,1044
463788,994,1043
463789,990,1043
463790,987,1042
463791,986,1039
463792,988,1036
463793,991,1037
463794,990,1040
463795,989,1041
463796,986,1039
463797,979,1042
463798,984,1045
463799,986,1047
463800,986,1049
463801,984,1046
463802,979,1043
463803,980,1045
463804,983,1046
463805,987,1047
463806,987,1045
463807,985,1045
463808,984,1044
463809,980,1051
463810,983,1059
463811,987,1061
463812,986,1055
463813,985,1046
463814,983,1041
463815,981,1040
463816,984,1045
463817,985,1050
463818,988,1054
463819,985,1053
463820,982,1050
463821,979,1051
463822,982,1047
463823,986,1047
463824,988,1041
463825,984,1041
463826,984,1044
463827,982,1045
463828,985,1047
463829,987,1050
463830,987,1049
463831,986,1047
463832,980,1044
463833,977,1049
463834,981,1053
463835,983,1055
463836,986,1047
463837,985,1040
463838,982,1038
463839,980,1045
463840,978,1051
463841,982,1055
463842,988,1049
463843,985,1042
463844,978,1040
463845,980,1046
463846,981,1050
463847,985,1052
463848,983,1048
463849,980,1046
463850,980,1041
463851,979,1041
463852,982,1046
463853,983,1048
463854,984,1051
463855,982,1051
463856,981,1047
463857,981,1048
463858,981,1055
463859,984,1060
463860,985,1056
463861,983,1049
463862,984,1042
463863,981,1039
463864,982,1038
463865,981,1044
463866,983,1046
463867,980,1045
463868,978,1043
463869,978,1046
463870,983,1051
463871,987,1054
463872,989,1051
463873,986,1050
463874,982,1049
463875,982,1050
463876,988,1048
463877,994,1041
463878,997,1029
463879,1010,1024
463880,1020,1019
463881,1033,1017
463882,1054,1021
463883,1078,1023
463884,1105,1014
463885,1138,1004
463886,1167,990
463887,1200,977
463888,1236,976
463889,1266,984
463890,1277,996
463891,1264,1012
463892,1231,1017
463893,1182,1022
463894,1128,1029
463895,1073,1044
463896,1019,1058
463897,978,1072
463898,953,1084
463899,950,1093
463900,963,1086
463901,975,1079
463902,984,1067
463903,984,1061
463904,982,1058
463905,979,1056
463906,977,1054
463907,979,1049
463908,978,1046
463909,975,1043
463910,971,1044
463911,968,1046
463912,968,1046
463913,971,1047
463914,978,1050
463915,975,1046
463916,970,1040
463917,968,1039
463918,970,1041
463919,972,1045
463920,971,1041
463921,970,1038
463922,968,1037
463923,966,1039
463924,964,1045
463925,968,1051
463926,968,1054
463927,964,1051
463928,959,1047
463929,958,1045
463930,960,1046
463931,963,1049
463932,964,1049
463933,963,1047
463934,958,1046
463935,956,1050
463936,957,1049
463937,960,1052
463938,961,1049
463939,957,1046
463940,955,1043
463941,957,1047
463942,957,1048
463943,961,1048
463944,959,1050
463945,960,1041
463946,957,1038
463947,958,1036
463948,959,1038
463949,961,1040
463950,963,1046
463951,963,1045
463952,965,1038
463953,963,1036
463954,964,1033
463955,965,1033
463956,968,1034
463957,965,1032
463958,964,1029
463959,964,1030
463960,965,1031
463961,970,1033
463962,974,1031
463963,978,1028
463964,976,1022
463965,974,1019
463966,976,1018
463967,980,1018
463968,983,1017
463969,981,1015
463970,982,1011
463971,985,1009
463972,988,1005
463973,992,1004
463974,993,1008
463975,989,1005
463976,986,1003
463977,984,1004
463978,985,1009
463979,987,1012
463980,991,1008
463981,991,1007
463982,987,1004
463983,984,1004
463984,988,1009
463985,994,1011
463986,994,1010
463987,992,1009
463988,992,1005
463989,991,1008
463990,995,1015
463991,1000,1019
463992,1000,1020
463993,1000,1013
463994,998,1008
463995,996,1009
463996,994,1010
463997,998,1011
463998,999,1007
463999,995,1006
464000,988,1006
464001,992,1014
464002,996,1021
464003,1000,1028
464004,998,1029
464005,996,1029
464006,989,1025
464007,988,1029
464008,988,1032
464009,989,1034
464010,988,1032
464011,987,1031
464012,983,1025
464013,981,1029
464014,981,1036
464015,980,1043
464016,979,1041
464017,977,1042
464018,977,1046
464019,975,1049
464020,976,1051
464021,978,1048
464022,979,1044
464023,978,1045
464024,974,1041
464025,974,1043
464026,974,1047
464027,978,1055
464028,979,1054
464029,977,1049
464030,975,1047
464031,977,1048
464032,980,1050
464033,984,1049
464034,986,1049
464035,982,1048
464036,986,1045
464037,987,1046
464038,994,1050
464039,997,1054
464040,999,1054
464041,1004,1045
464042,1006,1043
464043,1013,1048
464044,1017,1052
464045,1028,1054
464046,1042,1049
464047,1054,1036
464048,1061,1024
464049,1075,1010
464050,1089,996
464051,1107,979
464052,1122,963
464053,1133,943
464054,1146,930
464055,1162,920
464056,1182,903
464057,1203,881
464058,1223,856
464059,1237,840
464060,1242,830
464061,1247,824
464062,1248,823
464063,1248,824
464064,1246,820
464065,1236,819
464066,1225,815
464067,1208,816
464068,1189,817
464069,1172,822
464070,1150,826
464071,1122,834
464072,1092,840
464073,1066,852
464074,1045,865
464075,1034,884
464076,1026,896
464077,1022,910
464078,1020,927
464079,1015,945
464080,1013,956
464081,1018,967
464082,1025,971
464083,1035,976
464084,1046,977
464085,1060,985
464086,1071,991
464087,1059,994
464088,1037,1000
464089,999,1010
464090,964,1019
464091,940,1034
464092,931,1051
464093,929,1066
464094,929,1078
464095,917,1085
464096,913,1085
464097,912,1086
464098,909,1087
464099,907,1093
464100,906,1095
464101,904,1100
464102,898,1104
464103,894,1110
464104,894,1116
464105,893,1117
464106,891,1116
464107,884,1114
464108,886,1113
464109,884,1115
464110,883,1119
464111,885,1123
464112,885,1123
464113,878,1125
464114,874,1126
464115,873,1131
464116,876,1130
464117,878,1135
464118,879,1136
464119,878,1134
464120,875,1131
464121,871,1135
464122,872,1138
464123,874,1143
464124,875,1146
464125,874,1147
464126,871,1147
464127,869,1151
464128,872,1156
464129,874,1162
464130,873,1164
464131,870,1163
464132,867,1159
464133,867,1161
464134,868,1160
464135,873,1166
464136,877,1170
464137,872,1173
464138,871,1175
464139,872,1176
464140,875,1180
464141,878,1179
464142,882,1176
464143,881,1177
464144,879,1177
464145,881,1184
464146,883,1189
464147,890,1188
464148,894,1183
464149,896,1179
464150,891,1177
464151,893,1179
464152,898,1184
464153,898,1185
464154,903,1179
464155,906,1172
464156,905,1168
464157,908,1170
464158,918,1167
464159,924,1164
464160,930,1156
464161,931,1148
464162,929,1143
464163,934,1141
464164,938,1136
464165,942,1134
464166,942,1129
464167,945,1121
464168,946,1116
464169,945,1114
464170,950,1110
464171,954,1105
464172,954,1097
464173,951,1088
464174,948,1079
464175,952,1075
464176,953,1075
464177,958,1075
464178,959,1072
464179,958,1068
464180,951,1064
464181,953,1066
464182,957,1067
464183,961,1067
464184,961,1067
464185,958,1063
464186,957,1058
464187,955,1057
464188,960,1058
464189,963,1059
464190,967,1053
464191,961,1045
464192,961,1039
464193,957,1038
464194,957,1041
464195,962,1046
464196,963,1047
464197,964,1046
464198,964,1045
464199,959,1048
464200,961,1049
464201,966,1054
464202,967,1050
464203,963,1045
464204,960,1045
464205,957,1048
464206,961,1051
464207,964,1050
464208,966,1047
464209,964,1043
464210,965,1039
464211,964,1037
464212,966,1042
464213,965,1046
464214,968,1045
464215,968,1045
464216,965,1038
464217,964,1038
464218,968,1041
464219,970,1046
464220,970,1046
464221,967,1045
464222,965,1039
464223,967,1032
464224,969,1032
464225,970,1035
464226,970,1038
464227,966,1039
464228,963,1043
464229,958,1049
464230,958,1050
464231,963,1048
464232,964,1038
464233,967,1031
464234,965,1025
464235,964,1029
464236,965,1033
464237,970,1043
464238,970,1047
464239,967,1042
464240,966,1038
464241,963,1040
464242,963,1046
464243,965,1054
464244,968,1054
464245,966,1050
464246,966,1041
464247,967,1033
464248,965,1032
464249,970,1040
464250,971,1041
464251,969,1043
464252,965,1041
464253,963,1040
464254,964,1039
464255,973,1041
464256,972,1041
464257,970,1040
464258,967,1036
464259,968,1035
464260,966,1038
464261,969,1042
464262,972,1045
464263,968,1042
464264,964,1036
464265,965,1033
464266,963,1036
464267,968,1043
464268,969,1048
464269,967,1047
464270,966,1037
464271,966,1034
464272,964,1036
464273,968,1036
464274,966,1036
464275,966,1028
464276,964,1026
464277,966,1028
464278,968,1035
464279,967,1043
464280,968,1044
464281,965,1041
464282,958,1037
464283,954,1040
464284,961,1041
464285,966,1043
464286,967,1042
464287,966,1039
464288,965,1035
464289,965,1039
464290,967,1046
464291,970,1046
464292,970,1042
464293,968,1039
464294,966,1038
464295,968,1045
464296,967,1051
464297,971,1050
464298,973,1045
464299,971,1038
464300,970,1031
464301,970,1031
464302,971,1034
464303,971,1039
464304,972,1041
464305,972,1038
464306,968,1039
464307,969,1039
464308,973,1038
464309,975,1035
464310,973,1034
464311,968,1031
464312,965,1030
464313,964,1030
464314,966,1030
464315,970,1032
464316,971,1031
464317,971,1031
464318,964,1032
464319,962,1035
464320,965,1037
464321,968,1040
464322,967,1038
464323,969,1036
464324,970,1034
464325,972,1034
464326,971,1037
464327,975,1042
464328,977,1042
464329,973,1039
464330,970,1032
464331,969,1036
464332,971,1039
464333,974,1038
464334,974,1035
464335,973,1032
464336,971,1027
464337,971,1031
464338,979,1038
464339,989,1035
464340,1002,1028
464341,1009,1020
464342,1024,1010
464343,1040,1008
464344,1067,1006
464345,1102,1003
464346,1135,993
464347,1170,978
464348,1201,971
464349,1233,975
464350,1261,987
464351,1273,1008
464352,1253,1020
464353,1210,1025
464354,1153,1027
464355,1094,1034
464356,1044,1047
464357,999,1061
464358,968,1070
464359,950,1077
464360,948,1077
464361,956,1071
464362,964,1064
464363,973,1056
464364,973,1048
464365,969,1040
464366,964,1032
464367,960,1031
464368,961,1036
464369,960,1044
464370,960,1044
464371,954,1038
464372,951,1033
464373,951,1032
464374,951,1034
464375,954,1037
464376,954,1038
464377,952,1033
464378,948,1030
464379,948,1031
464380,950,1036
464381,953,1039
464382,952,1034
464383,951,1028
464384,949,1024
464385,951,1028
464386,951,1031
464387,953,1037
464388,953,1035
464389,954,1033
464390,951,1032
464391,949,1033
464392,950,1034
464393,952,1038
464394,955,1038
464395,954,1032
464396,953,1029
464397,950,1028
464398,953,1027
464399,954,1032
464400,953,1036
464401,952,1035
464402,953,1029
464403,953,1028
464404,951,1031
464405,955,1032
464406,953,1031
464407,952,1026
464408,947,1020
464409,949,1025
464410,952,1030
464411,956,1033
464412,955,1028
464413,954,1022
464414,951,1020
464415,948,1021
464416,951,1029
464417,954,1030
464418,958,1031
464419,954,1028
464420,952,1022
464421,949,1020
464422,955,1023
464423,958,1027
464424,956,1025
464425,951,1019
464426,955,1009
464427,958,1002
464428,959,1003
464429,963,1008
464430,963,1010
464431,962,1010
464432,961,1009
464433,959,1006
464434,965,1006
464435,970,1003
464436,974,999
464437,972,999
464438,971,998
464439,973,1000
464440,978,998
464441,983,994
464442,985,990
464443,985,989
464444,982,993
464445,985,997
464446,991,994
464447,995,996
464448,996,989
464449,995,987
464450,993,982
464451,989,982
464452,997,987
464453,1001,994
464454,1000,997
464455,1001,997
464456,998,996
464457,1000,999
464458,999,1002
464459,995,1010
464460,1000,1011
464461,995,1015
464462,993,1013
464463,993,1014
464464,993,1019
464465,991,1023
464466,991,1022
464467,987,1022
464468,980,1024
464469,977,1028
464470,980,1030
464471,979,1034
464472,981,1038
464473,980,1040
464474,976,1037
464475,973,1034
464476,975,1034
464477,975,1032
464478,972,1032
464479,970,1031
464480,968,1027
464481,967,1027
464482,969,1031
464483,972,1035
464484,970,1039
464485,969,1036
464486,968,1032
464487,972,1026
464488,972,1031
464489,972,1030
464490,974,1031
464491,967,1030
464492,965,1031
464493,963,1031
464494,965,1035
464495,966,1035
464496,966,1037
464497,965,1036
464498,961,1036
464499,961,1034
464500,965,1033
464501,965,1034
464502,968,1036
464503,966,1036
464504,964,1035
464505,964,1036
464506,967,1035
464507,967,1038
464508,964,1035
464509,964,1033
464510,964,1029
464511,966,1031
464512,970,1034
464513,971,1033
464514,969,1029
464515,965,1030
464516,961,1029
464517,961,1030
464518,963,1031
464519,967,1031
464520,968,1031
464521,967,1035
464522,964,1035
464523,963,1032
464524,967,1032
464525,966,1036
464526,965,1034
464527,965,1030
464528,961,1027
464529,964,1028
464530,964,1030
464531,964,1035
464532,963,1035
464533,961,1032
464534,958,1031
464535,958,1030
464536,958,1034
464537,960,1038
464538,962,1040
464539,958,1040
464540,955,1037
464541,958,1039
464542,963,1036
464543,964,1033
464544,965,1030
464545,960,1030
464546,958,1037
464547,956,1043
464548,961,1045
464549,963,1041
464550,964,1034
464551,962,1034
464552,957,1032
464553,957,1033
464554,961,1039
464555,964,1040
464556,963,1037
464557,964,1030
464558,963,1026
464559,965,1028
464560,967,1036
464561,970,1038
464562,967,1033
464563,964,1028
464564,963,1024
464565,965,1024
464566,972,1023
464567,982,1024
464568,992,1023
464569,1007,1017
464570,1025,1009
464571,1052,1005
464572,1088,1000
464573,1128,995
464574,1175,989
464575,1212,989
464576,1244,997
464577,1260,1016
464578,1254,1035
464579,1225,1041
464580,1177,1039
464581,1118,1040
464582,1056,1050
464583,997,1069
464584,948,1087
464585,922,1094
464586,925,1092
464587,936,1079
464588,942,1065
464589,948,1054
464590,956,1049
464591,959,1047
464592,956,1043
464593,954,1042
464594,947,1038
464595,944,1041
464596,945,1042
464597,946,1044
464598,945,1038
464599,945,1035
464600,942,1033
464601,941,1037
464602,938,1045
464603,941,1047
464604,943,1043
464605,944,1039
464606,939,1038
464607,939,1042
464608,942,1051
464609,944,1053
464610,944,1044
464611,940,1034
464612,940,1031
464613,940,1028
464614,943,1030
464615,945,1032
464616,944,1035
464617,939,1038
464618,937,1037
464619,940,1035
464620,941,1030
464621,944,1030
464622,947,1025
464623,943,1023
464624,940,1024
464625,939,1029
464626,942,1032
464627,945,1039
464628,948,1038
464629,946,1032
464630,944,1029
464631,946,1027
464632,947,1028
464633,951,1032
464634,948,1032
464635,949,1032
464636,948,1033
464637,949,1034
464638,952,1032
464639,956,1027
464640,953,1022
464641,950,1019
464642,945,1021
464643,947,1026
464644,950,1026
464645,951,1027
464646,950,1023
464647,948,1019
464648,949,1011
464649,953,1011
464650,954,1013
464651,958,1016
464652,956,1014
464653,955,1009
464654,951,1006
464655,954,1010
464656,955,1010
464657,960,1011
464658,959,1008
464659,958,1003
464660,959,1002
464661,958,1003
464662,960,1003
464663,965,1001
464664,967,997
464665,966,994
464666,963,992
464667,965,994
464668,971,999
464669,974,999
464670,972,1001
464671,975,1003
464672,976,1001
464673,977,1003
464674,979,1004
464675,984,1003
464676,983,1004
464677,981,1004
464678,979,1004
464679,980,1008
464680,983,1013
464681,984,1014
464682,981,1014
464683,977,1011
464684,975,1013
464685,976,1018
464686,975,1021
464687,976,1028
464688,975,1029
464689,973,1031
464690,971,1034
464691,967,1037
464692,968,1040
464693,972,1040
464694,964,1036
464695,966,1037
464696,963,1037
464697,961,1043
464698,960,1045
464699,965,1047
464700,965,1048
464701,963,1047
464702,959,1043
464703,963,1041
464704,964,1042
464705,965,1044
464706,969,1047
464707,966,1047
464708,963,1049
464709,962,1051
464710,966,1053
464711,968,1054
464712,970,1052
464713,967,1048
464714,962,1043
464715,962,1041
464716,967,1044
464717,972,1046
464718,974,1048
464719,972,1046
464720,971,1042
464721,971,1042
464722,972,1042
464723,973,1044
464724,975,1045
464725,974,1043
464726,973,1043
464727,975,1043
464728,977,1042
464729,980,1041
464730,975,1039
464731,975,1037
464732,973,1037
464733,971,1041
464734,968,1044
464735,970,1045
464736,971,1046
464737,974,1045
464738,969,1045
464739,972,1046
464740,975,1051
464741,976,1057
464742,974,1054
464743,973,1047
464744,969,1040
464745,971,1035
464746,969,1039
464747,972,1043
464748,972,1039
464749,971,1035
464750,969,1034
464751,971,1036
464752,971,1040
464753,974,1042
464754,976,1041
464755,977,1042
464756,973,1039
464757,973,1044
464758,973,1047
464759,978,1047
464760,972,1045
464761,976,1040
464762,971,1042
464763,969,1045
464764,969,1045
464765,969,1049
464766,973,1047
464767,973,1046
464768,972,1045
464769,971,1043
464770,969,1046
464771,975,1047
464772,976,1042
464773,974,1038
464774,970,1039
464775,972,1048
464776,974,1048
464777,977,1041
464778,978,1039
464779,975,1037
464780,971,1038
464781,970,1039
464782,972,1040
464783,977,1042
464784,977,1043
464785,976,1039
464786,973,1035
464787,972,1033
464788,972,1040
464789,975,1042
464790,972,1044
464791,973,1042
464792,969,1039
464793,970,1042
464794,971,1048
464795,975,1053
464796,977,1050
464797,974,1044
464798,971,1041
464799,970,1045
464800,973,1045
464801,978,1049
464802,979,1048
464803,981,1049
464804,978,1049
464805,979,1048
464806,981,1047
464807,985,1044
464808,982,1046
464809,980,1045
464810,977,1045
464811,978,1039
464812,980,1039
464813,984,1039
464814,986,1039
464815,983,1039
464816,979,1044
464817,976,1048
464818,977,1046
464819,979,1043
464820,980,1043
464821,979,1040
464822,976,1044
464823,979,1045
464824,983,1046
464825,988,1045
464826,987,1044
464827,983,1041
464828,978,1042
464829,980,1044
464830,982,1046
464831,990,1047
464832,991,1042
464833,990,1037
464834,984,1037
464835,986,1038
464836,989,1045
464837,994,1046
464838,1004,1039
464839,1013,1029
464840,1020,1020
464841,1037,1017
464842,1060,1017
464843,1089,1016
464844,1126,1007
464845,1165,990
464846,1205,978
464847,1242,978
464848,1276,989
464849,1296,1007
464850,1283,1023
464851,1242,1026
464852,1181,1025
464853,1114,1035
464854,1055,1054
464855,1002,1066
464856,972,1073
464857,962,1072
464858,968,1070
464859,981,1063
464860,990,1054
464861,992,1049
464862,986,1046
464863,984,1046
464864,977,1041
464865,975,1044
464866,972,1047
464867,971,1052
464868,971,1051
464869,966,1044
464870,963,1038
464871,963,1037
464872,967,1043
464873,969,1050
464874,965,1046
464875,960,1041
464876,958,1038
464877,960,1040
464878,965,1045
464879,970,1046
464880,968,1040
464881,966,1032
464882,961,1025
464883,965,1028
464884,967,1033
464885,971,1037
464886,970,1038
464887,967,1034
464888,966,1032
464889,967,1032
464890,968,1035
464891,969,1041
464892,972,1041
464893,970,1040
464894,966,1036
464895,966,1036
464896,965,1038
464897,969,1040
464898,969,1039
464899,969,1031
464900,968,1027
464901,968,1031
464902,968,1036
464903,972,1038
464904,973,1035
464905,970,1036
464906,968,1036
464907,969,1039
464908,975,1043
464909,975,1043
464910,977,1037
464911,977,1030
464912,970,1026
464913,967,1026
464914,971,1031
464915,979,1030
464916,978,1029
464917,976,1027
464918,974,1029
464919,975,1028
464920,978,1028
464921,985,1022
464922,987,1021
464923,984,1018
464924,983,1019
464925,983,1020
464926,988,1022
464927,994,1018
464928,995,1011
464929,996,1004
464930,993,1002
464931,993,1007
464932,992,1012
464933,997,1015
464934,1001,1014
464935,1002,1011
464936,1002,1004
464937,1003,1003
464938,1005,1007
464939,1006,1012
464940,1011,1011
464941,1012,1005
464942,1012,999
464943,1013,1000
464944,1016,1005
464945,1019,1008
464946,1019,1013
464947,1017,1014
464948,1015,1015
464949,1013,1012
464950,1012,1016
464951,1012,1021
464952,1012,1025
464953,1011,1031
464954,1007,1034
464955,1000,1031
464956,997,1028
464957,997,1027
464958,996,1029
464959,993,1032
464960,991,1033
464961,991,1035
464962,993,1035
464963,993,1038
464964,992,1036
464965,991,1036
464966,986,1034
464967,987,1038
464968,989,1039
464969,990,1042
464970,988,1042
464971,986,1041
464972,980,1044
464973,983,1046
464974,987,1044
464975,989,1042
464976,989,1041
464977,987,1039
464978,987,1037
464979,990,1039
464980,999,1042
464981,1005,1048
464982,1012,1049
464983,1017,1051
464984,1020,1053
464985,1023,1053
464986,1032,1053
464987,1042,1052
464988,1055,1047
464989,1070,1031
464990,1080,1012
464991,1095,995
464992,1112,981
464993,1131,972
464994,1148,956
464995,1162,939
464996,1175,919
464997,1192,904
464998,1212,883
464999,1234,865
465000,1255,848
465001,1266,832
465002,1268,819
465003,1264,818
465004,1266,816
465005,1262,815
465006,1255,810
465007,1246,808
465008,1230,809
465009,1211,814
465010,1190,817
465011,1167,825
465012,1141,834
465013,1111,847
465014,1085,857
465015,1061,863
465016,1046,870
465017,1041,880
465018,1039,892
465019,1031,907
465020,1024,920
465021,1021,936
465022,1022,947
465023,1031,958
465024,1040,969
465025,1056,975
465026,1067,979
465027,1071,987
465028,1061,996
465029,1035,1006
465030,999,1017
465031,969,1030
465032,945,1038
465033,935,1053
465034,934,1071
465035,934,1084
465036,932,1091
465037,923,1089
465038,914,1087
465039,909,1088
465040,909,1090
465041,906,1095
465042,905,1097
465043,898,1099
465044,892,1101
465045,895,1103
465046,891,1108
465047,892,1109
465048,887,1109
465049,883,1110
465050,879,1107
465051,875,1114
465052,873,1122
465053,880,1125
465054,880,1121
465055,876,1113
465056,874,1113
465057,871,1119
465058,878,1126
465059,875,1128
465060,876,1129
465061,873,1132
465062,869,1131
465063,869,1136
465064,871,1142
465065,874,1145
465066,876,1145
465067,873,1142
465068,870,1142
465069,870,1146
465070,873,1153
465071,877,1155
465072,877,1154
465073,875,1153
465074,873,1153
465075,875,1161
465076,879,1163
465077,880,1168
465078,884,1168
465079,884,1165
465080,885,1162
465081,885,1166
465082,885,1169
465083,891,1174
465084,895,1174
465085,895,1176
465086,894,1174
465087,895,1170
465088,900,1165
465089,905,1162
465090,905,1163
465091,905,1163
465092,905,1164
465093,905,1167
465094,914,1166
465095,921,1166
465096,925,1162
465097,927,1154
465098,928,1147
465099,930,1147
465100,936,1146
465101,941,1143
465102,944,1138
465103,948,1126
465104,947,1115
465105,948,1107
465106,950,1109
465107,955,1110
465108,957,1108
465109,956,1102
465110,954,1095
465111,954,1090
465112,959,1088
465113,961,1086
465114,960,1078
465115,961,1071
465116,959,1063
465117,958,1059
465118,963,1057
465119,965,1060
465120,963,1064
465121,966,1064
465122,965,1058
465123,966,1050
465124,970,1044
465125,971,1042
465126,970,1044
465127,968,1045
465128,969,1042
465129,969,1042
465130,969,1043
465131,968,1043
465132,969,1043
465133,967,1044
465134,963,1048
465135,963,1051
465136,965,1052
465137,966,1054
465138,966,1050
465139,962,1046
465140,960,1045
465141,962,1044
465142,963,1048
465143,968,1048
465144,970,1043
465145,968,1039
465146,964,1039
465147,969,1043
465148,968,1047
465149,969,1053
465150,969,1052
465151,969,1047
465152,967,1043
465153,970,1039
465154,973,1037
465155,973,1038
465156,975,1034
465157,973,1037
465158,973,1037
465159,973,1041
465160,975,1046
465161,974,1047
465162,973,1045
465163,971,1043
465164,970,1039
465165,973,1037
465166,971,1037
465167,972,1045
465168,974,1047
465169,971,1039
465170,969,1032
465171,969,1034
465172,974,1038
465173,976,1042
465174,975,1040
465175,973,1039
465176,970,1042
465177,967,1042
465178,970,1046
465179,973,1048
465180,974,1046
465181,973,1040
465182,973,1035
465183,974,1038
465184,974,1038
465185,976,1041
465186,977,1039
465187,976,1039
465188,969,1038
465189,970,1042
465190,972,1044
465191,975,1047
465192,976,1044
465193,973,1039
465194,970,1039
465195,972,1042
465196,974,1046
465197,976,1053
465198,977,1049
465199,976,1043
465200,972,1043
465201,972,1043
465202,977,1046
465203,981,1044
465204,980,1045
465205,978,1043
465206,975,1044
465207,974,1046
465208,975,1046
465209,976,1048
465210,974,1046
465211,973,1046
465212,970,1043
465213,973,1042
465214,975,1039
465215,977,1036
465216,975,1032
465217,972,1031
465218,969,1032
465219,968,1033
465220,971,1038
465221,973,1044
465222,972,1045
465223,969,1039
465224,967,1036
465225,967,1039
465226,971,1042
465227,973,1045
465228,976,1042
465229,977,1041
465230,973,1039
465231,972,1043
465232,974,1043
465233,976,1044
465234,977,1043
465235,975,1042
465236,971,1038
465237,972,1041
465238,973,1044
465239,974,1044
465240,974,1046
465241,975,1042
465242,974,1040
465243,977,1039
465244,978,1039
465245,981,1042
465246,981,1043
465247,979,1039
465248,976,1037
465249,975,1043
465250,980,1047
465251,981,1049
465252,981,1042
465253,977,1032
465254,976,1028
465255,975,1028
465256,976,1033
465257,979,1036
465258,979,1038
465259,978,1036
465260,976,1038
465261,974,1040
465262,975,1044
465263,978,1047
465264,978,1045
465265,978,1040
465266,973,1040
465267,976,1044
465268,979,1046
465269,983,1046
465270,984,1038
465271,981,1030
465272,979,1029
465273,976,1033
465274,978,1040
465275,982,1041
465276,984,1042
465277,982,1044
465278,978,1050
465279,981,1055
465280,984,1059
465281,984,1058
465282,985,1051
465283,980,1043
465284,977,1037
465285,978,1037
465286,981,1042
465287,982,1045
465288,985,1038
465289,984,1033
465290,982,1035
465291,981,1042
465292,984,1043
465293,989,1040
465294,990,1031
465295,985,1030
465296,983,1031
465297,982,1035
465298,984,1035
465299,989,1038
465300,986,1038
465301,983,1039
465302,980,1041
465303,978,1045
465304,982,1043
465305,986,1043
465306,989,1038
465307,987,1034
465308,985,1034
465309,982,1041
465310,985,1044
465311,989,1045
465312,988,1040
465313,986,1037
465314,985,1031
465315,984,1028
465316,987,1037
465317,990,1040
465318,990,1043
465319,990,1042
465320,991,1038
465321,992,1034
465322,994,1032
465323,996,1030
465324,1005,1029
465325,1010,1026
465326,1023,1030
465327,1042,1030
465328,1064,1026
465329,1092,1016
465330,1122,1007
465331,1154,991
465332,1184,983
465333,1216,981
465334,1251,980
465335,1282,987
465336,1294,995
465337,1282,1011
465338,1245,1019
465339,1194,1026
465340,1138,1034
465341,1088,1048
465342,1040,1056
465343,996,1060
465344,972,1064
465345,970,1071
465346,984,1066
465347,995,1056
465348,998,1045
465349,994,1043
465350,989,1042
465351,984,1040
465352,983,1035
465353,985,1038
465354,983,1038
465355,981,1035
465356,975,1032
465357,972,1035
465358,973,1038
465359,973,1042
465360,974,1042
465361,968,1037
465362,968,1035
465363,966,1038
465364,966,1039
465365,972,1040
465366,972,1039
465367,971,1035
465368,970,1031
465369,969,1038
465370,968,1041
465371,974,1043
465372,972,1042
465373,972,1041
465374,969,1039
465375,969,1039
465376,973,1043
465377,975,1043
465378,979,1041
465379,977,1034
465380,973,1030
465381,972,1034
465382,974,1040
465383,976,1045
465384,974,1041
465385,971,1040
465386,969,1034
465387,972,1033
465388,976,1040
465389,978,1041
465390,975,1039
465391,972,1038
465392,969,1039
465393,971,1042
465394,975,1043
465395,981,1039
465396,983,1034
465397,979,1029
465398,976,1025
465399,974,1026
465400,977,1029
465401,980,1033
465402,979,1037
465403,979,1034
465404,974,1032
465405,977,1033
465406,980,1033
465407,982,1026
465408,982,1023
465409,982,1020
465410,979,1017
465411,980,1019
465412,980,1022
465413,983,1022
465414,986,1019
465415,984,1019
465416,984,1017
465417,987,1015
465418,991,1019
465419,995,1021
465420,997,1023
465421,996,1017
465422,997,1016
465423,997,1017
465424,1002,1015
465425,1006,1014
465426,1008,1008
465427,1007,1006
465428,1006,1010
465429,1008,1014
465430,1012,1022
465431,1017,1020
465432,1016,1013
465433,1014,1009
465434,1017,1004
465435,1020,1004
465436,1022,1005
465437,1029,1006
465438,1030,1007
465439,1029,1003
465440,1027,1007
465441,1027,1007
465442,1030,1013
465443,1032,1016
465444,1031,1014
465445,1029,1013
465446,1027,1008
465447,1023,1012
465448,1025,1019
465449,1027,1023
465450,1025,1024
465451,1018,1021
465452,1014,1020
465453,1010,1025
465454,1012,1030
465455,1017,1026
465456,1017,1027
465457,1012,1024
465458,1007,1026
465459,1005,1031
465460,1005,1037
465461,1004,1042
465462,1001,1044
465463,999,1043
465464,999,1037
465465,997,1035
465466,1001,1035
465467,1002,1036
465468,1002,1038
465469,999,1038
465470,998,1039
465471,996,1043
465472,996,1042
465473,1000,1042
465474,998,1041
465475,998,1037
465476,999,1038
465477,1000,1042
465478,999,1048
465479,1003,1048
465480,1002,1044
465481,1001,1035
465482,997,1035
465483,995,1039
465484,999,1040
465485,1004,1044
465486,1000,1043
465487,994,1040
465488,991,1037
465489,994,1031
465490,997,1032
465491,999,1034
465492,996,1034
465493,993,1037
465494,993,1040
465495,994,1044
465496,998,1042
465497,1002,1037
465498,1002,1031
465499,997,1026
465500,998,1029
465501,995,1032
465502,996,1036
465503,998,1038
465504,998,1039
465505,995,1037
465506,991,1035
465507,996,1039
465508,996,1043
465509,999,1044
465510,997,1040
465511,996,1036
465512,993,1037
465513,996,1035
465514,998,1036
465515,1002,1038
465516,1001,1039
465517,999,1036
465518,997,1035
465519,998,1037
465520,1002,1042
465521,1002,1045
465522,1003,1044
465523,999,1043
465524,998,1044
465525,1000,1049
465526,1000,1049
465527,1004,1047
465528,1000,1040
465529,1000,1036
465530,998,1035
465531,998,1037
465532,999,1038
465533,1000,1042
465534,1003,1040
465535,1001,1039
465536,997,1035
465537,995,1036
465538,993,1038
465539,999,1039
465540,999,1039
465541,997,1040
465542,993,1042
465543,991,1042
465544,994,1044
465545,998,1042
465546,996,1041
465547,994,1039
465548,993,1041
465549,991,1042
465550,997,1042
465551,1000,1043
465552,995,1041
465553,991,1040
465554,990,1041
465555,993,1045
465556,994,1049
465557,1000,1051
465558,1000,1048
465559,999,1048
465560,991,1048
465561,997,1050
465562,996,1048
465563,994,1040
465564,992,1032
465565,992,1031
465566,994,1032
465567,1002,1034
465568,1011,1034
465569,1024,1032
465570,1036,1031
465571,1049,1029
465572,1063,1023
465573,1092,1023
465574,1123,1020
465575,1166,1007
465576,1205,994
465577,1241,987
465578,1275,988
465579,1294,999
465580,1295,1020
465581,1274,1033
465582,1230,1039
465583,1173,1036
465584,1112,1039
465585,1051,1053
465586,998,1071
465587,969,1084
465588,960,1090
465589,964,1088
465590,976,1079
465591,984,1071
465592,995,1060
465593,999,1051
465594,993,1043
465595,990,1038
465596,988,1039
465597,985,1041
465598,986,1047
465599,985,1047
465600,983,1046
465601,980,1046
465602,978,1040
465603,979,1045
465604,978,1049
465605,979,1050
465606,977,1053
465607,977,1046
465608,975,1047
465609,972,1050
465610,975,1051
465611,979,1053
465612,976,1056
465613,973,1050
465614,971,1045
465615,972,1045
465616,973,1046
465617,977,1047
465618,974,1046
465619,972,1043
465620,971,1043
465621,969,1049
465622,972,1053
465623,974,1054
465624,975,1051
465625,972,1042
465626,970,1037
465627,970,1036
465628,975,1040
465629,977,1042
465630,976,1041
465631,974,1036
465632,973,1037
465633,971,1040
465634,970,1044
465635,974,1045
465636,973,1043
465637,974,1041
465638,973,1043
465639,973,1044
465640,979,1045
465641,984,1043
465642,984,1040
465643,980,1036
465644,981,1035
465645,983,1035
465646,989,1035
465647,995,1035
465648,993,1034
465649,991,1030
465650,990,1028
465651,988,1021
465652,992,1023
465653,994,1023
465654,990,1026
465655,992,1022
465656,990,1019
465657,991,1017
465658,994,1019
465659,999,1018
465660,999,1015
465661,996,1014
465662,996,1013
465663,997,1016
465664,996,1017
465665,1001,1018
465666,999,1014
465667,998,1009
465668,994,1013
465669,997,1017
465670,998,1019
465671,1002,1018
465672,1002,1016
465673,1003,1012
465674,997,1014
465675,999,1017
465676,1002,1018
465677,1009,1015
465678,1008,1012
465679,1004,1006
465680,997,1009
465681,1000,1011
465682,1004,1013
465683,1009,1015
465684,1008,1014
465685,1005,1012
465686,1007,1010
465687,1004,1014
465688,1007,1019
465689,1012,1020
465690,1015,1019
465691,1010,1021
465692,1006,1022
465693,1005,1027
465694,1006,1032
465695,1008,1035
465696,1005,1039
465697,1003,1038
465698,1000,1040
465699,998,1040
465700,998,1043
465701,999,1045
465702,998,1047
465703,995,1047
465704,994,1046
465705,994,1049
465706,995,1049
465707,998,1054
465708,996,1051
465709,993,1049
465710,990,1046
465711,989,1045
465712,993,1052
465713,996,1052
465714,995,1053
465715,991,1054
465716,991,1050
465717,991,1049
465718,992,1050
465719,992,1052
465720,993,1055
465721,992,1052
465722,993,1047
465723,993,1045
465724,993,1050
465725,996,1052
465726,993,1052
465727,991,1049
465728,987,1052
465729,989,1053
465730,991,1057
465731,996,1062
465732,995,1062
465733,993,1062
465734,992,1061
465735,994,1062
465736,998,1060
465737,1002,1059
465738,999,1054
465739,995,1050
465740,997,1052
465741,998,1055
465742,1002,1054
465743,1005,1049
465744,1004,1041
465745,1004,1040
465746,998,1041
465747,997,1043
465748,997,1046
465749,1000,1048
465750,1002,1045
465751,997,1041
465752,996,1039
465753,997,1038
465754,998,1040
465755,1001,1042
465756,998,1041
465757,997,1037
465758,993,1039
465759,991,1040
465760,996,1044
465761,1000,1046
465762,999,1047
465763,997,1046
465764,993,1048
465765,990,1053
465766,995,1054
465767,996,1053
465768,998,1050
465769,997,1045
465770,996,1047
465771,994,1048
465772,997,1049
465773,997,1050
465774,996,1049
465775,990,1046
465776,985,1046
465777,988,1047
465778,992,1050
465779,992,1053
465780,991,1054
465781,989,1052
465782,988,1051
465783,988,1052
465784,991,1055
465785,993,1058
465786,992,1055
465787,988,1052
465788,986,1053
465789,984,1058
465790,984,1063
465791,989,1067
465792,989,1064
465793,990,1059
465794,990,1057
465795,990,1059
465796,990,1060
465797,995,1060
465798,993,1054
465799,991,1050
465800,989,1049
465801,991,1052
465802,994,1057
465803,1000,1059
465804,999,1055
465805,995,1047
465806,993,1047
465807,993,1050
465808,1000,1054
465809,1004,1057
465810,1001,1055
465811,1000,1055
465812,999,1050
465813,999,1048
465814,1002,1048
465815,1008,1049
465816,1009,1046
465817,1007,1042
465818,1009,1038
465819,1013,1038
465820,1025,1039
465821,1037,1038
465822,1049,1037
465823,1068,1034
465824,1096,1031
465825,1128,1023
465826,1165,1011
465827,1205,996
465828,1244,990
465829,1277,986
465830,1301,996
465831,1301,1013
465832,1284,1029
465833,1241,1038
465834,1180,1039
465835,1115,1049
465836,1054,1065
465837,1003,1081
465838,972,1096
465839,969,1096
465840,978,1091
465841,987,1078
465842,985,1065
465843,991,1057
465844,996,1055
465845,1001,1053
465846,997,1051
465847,994,1046
465848,986,1045
465849,986,1049
465850,985,1054
465851,990,1059
465852,985,1055
465853,983,1048
465854,980,1046
465855,977,1050
465856,980,1051
465857,984,1049
465858,984,1046
465859,982,1047
465860,979,1044
465861,978,1049
465862,976,1053
465863,982,1057
465864,980,1061
465865,979,1060
465866,979,1057
465867,977,1055
465868,979,1055
465869,983,1049
465870,979,1048
465871,980,1046
465872,975,1045
465873,975,1047
465874,977,1051
465875,981,1051
465876,980,1050
465877,978,1051
465878,979,1053
465879,979,1057
465880,980,1061
465881,985,1063
465882,984,1060
465883,982,1059
465884,980,1058
465885,980,1057
465886,983,1055
465887,983,1054
465888,983,1053
465889,979,1048
465890,976,1046
465891,978,1047
465892,981,1045
465893,984,1044
465894,982,1042
465895,981,1041
465896,979,1040
465897,980,1045
465898,984,1053
465899,987,1053
465900,989,1055
465901,986,1047
465902,982,1038
465903,982,1034
465904,986,1034
465905,989,1032
465906,994,1028
465907,991,1024
465908,990,1025
465909,989,1026
465910,993,1031
465911,995,1033
465912,995,1031
465913,993,1030
465914,993,1029
465915,997,1028
465916,1002,1028
465917,1005,1028
465918,1002,1028
465919,1002,1027
465920,999,1021
465921,1004,1018
465922,1008,1014
465923,1010,1015
465924,1011,1015
465925,1009,1016
465926,1006,1017
465927,1008,1019
465928,1015,1019
465929,1018,1020
465930,1019,1019
465931,1017,1020
465932,1015,1017
465933,1015,1018
465934,1016,1020
465935,1019,1022
465936,1017,1021
465937,1019,1019
465938,1017,1017
465939,1018,1017
465940,1019,1021
465941,1021,1022
465942,1018,1024
465943,1012,1024
465944,1008,1028
465945,1008,1034
465946,1010,1037
465947,1012,1039
465948,1011,1041
465949,1007,1039
465950,1005,1041
465951,1005,1041
465952,1000,1041
465953,1004,1044
465954,1005,1045
465955,1001,1044
465956,995,1045
465957,992,1051
465958,990,1058
465959,994,1060
465960,992,1060
465961,991,1054
465962,991,1056
465963,989,1058
465964,993,1062
465965,994,1060
465966,993,1060
465967,988,1059
465968,988,1059
465969,988,1063
465970,991,1065
465971,995,1067
465972,994,1064
465973,992,1061
465974,989,1058
465975,993,1059
465976,995,1061
465977,998,1062
465978,997,1059
465979,997,1052
465980,993,1050
465981,996,1052
465982,999,1056
465983,998,1055
465984,998,1053
465985,994,1049
465986,997,1051
465987,997,1050
465988,1000,1054
465989,1002,1057
465990,1001,1060
465991,998,1059
465992,997,1057
465993,998,1059
465994,1002,1058
465995,1006,1061
465996,998,1062
465997,1000,1063
465998,997,1065
465999,994,1065
466000,1002,1063
466001,1004,1060
466002,1005,1054
466003,1002,1052
466004,1000,1054
466005,1000,1055
466006,998,1058
466007,1002,1057
466008,998,1052
466009,995,1054
466010,992,1052
466011,996,1057
466012,997,1059
466013,997,1059
466014,998,1058
466015,997,1055
466016,996,1047
466017,994,1047
466018,995,1046
466019,995,1045
466020,992,1045
466021,990,1043
466022,991,1044
466023,991,1049
466024,994,1051
466025,996,1054
466026,996,1049
466027,993,1045
466028,989,1049
466029,989,1050
466030,993,1051
466031,994,1054
466032,990,1051
466033,985,1048
466034,987,1051
466035,990,1055
466036,994,1056
466037,998,1055
466038,998,1055
466039,994,1053
466040,993,1057
466041,993,1058
466042,997,1057
466043,1001,1055
466044,1002,1054
466045,997,1055
466046,996,1056
466047,994,1059
466048,993,1063
466049,996,1062
466050,996,1057
466051,996,1052
466052,993,1051
466053,993,1056
466054,993,1063
466055,995,1065
466056,995,1068
466057,992,1068
466058,991,1068
466059,992,1069
466060,991,1070
466061,994,1066
466062,992,1057
466063,991,1052
466064,989,1052
466065,989,1053
466066,994,1055
466067,994,1059
466068,993,1060
466069,993,1057
466070,992,1054
466071,993,1055
466072,995,1058
466073,995,1057
466074,996,1057
466075,995,1053
466076,994,1055
466077,992,1057
466078,990,1060
466079,993,1056
466080,991,1052
466081,986,1050
466082,987,1050
466083,987,1052
466084,990,1055
466085,994,1060
466086,992,1062
466087,993,1057
466088,990,1056
466089,993,1054
466090,996,1053
466091,995,1057
466092,993,1057
466093,988,1055
466094,989,1058
466095,992,1058
466096,996,1061
466097,999,1064
466098,999,1060
466099,994,1058
466100,990,1061
466101,992,1061
466102,993,1061
466103,997,1060
466104,994,1058
466105,994,1059
466106,993,1059
466107,993,1059
466108,994,1059
466109,999,1060
466110,998,1062
466111,995,1061
466112,992,1060
466113,995,1065
466114,994,1071
466115,1000,1068
466116,1001,1061
466117,1000,1053
466118,1003,1054
466119,1002,1055
466120,1005,1055
466121,1008,1054
466122,1006,1047
466123,1008,1044
466124,1004,1043
466125,1007,1039
466126,1014,1033
466127,1019,1031
466128,1027,1028
466129,1045,1031
466130,1059,1027
466131,1084,1023
466132,1115,1017
466133,1152,1009
466134,1191,995
466135,1228,982
466136,1265,974
466137,1297,984
466138,1310,1005
466139,1306,1023
466140,1271,1038
466141,1219,1038
466142,1161,1043
466143,1105,1054
466144,1057,1066
466145,1019,1076
466146,991,1077
466147,979,1079
466148,981,1077
466149,992,1075
466150,1001,1068
466151,1006,1060
466152,1001,1052
466153,999,1053
466154,991,1058
466155,991,1062
466156,991,1063
466157,990,1056
466158,985,1047
466159,982,1042
466160,977,1045
466161,977,1053
466162,980,1061
466163,982,1064
466164,981,1063
466165,979,1059
466166,977,1057
466167,979,1056
466168,984,1060
466169,987,1060
466170,986,1056
466171,981,1050
466172,977,1050
466173,977,1053
466174,981,1057
466175,987,1056
466176,984,1049
466177,985,1049
466178,979,1054
466179,979,1054
466180,982,1055
466181,984,1054
466182,982,1046
466183,984,1046
466184,980,1043
466185,980,1045
466186,980,1049
466187,983,1048
466188,981,1048
466189,981,1046
466190,979,1048
466191,977,1050
466192,980,1056
466193,985,1055
466194,984,1050
466195,983,1045
466196,980,1046
466197,982,1047
466198,984,1051
466199,987,1053
466200,986,1052
466201,985,1051
466202,982,1052
466203,983,1054
466204,986,1054
466205,988,1048
466206,991,1039
466207,990,1031
466208,986,1032
466209,990,1033
466210,993,1037
466211,995,1033
466212,996,1033
466213,994,1032
466214,992,1034
466215,993,1034
466216,998,1030
466217,1000,1026
466218,998,1020
466219,996,1018
466220,995,1018
466221,996,1019
466222,996,1022
466223,1001,1023
466224,1004,1024
466225,1004,1019
466226,1002,1013
466227,1004,1011
466228,1011,1013
466229,1015,1015
466230,1012,1017
466231,1009,1013
466232,1011,1013
466233,1013,1016
466234,1017,1026
466235,1019,1029
466236,1020,1026
466237,1015,1020
466238,1017,1014
466239,1021,1008
466240,1022,1011
466241,1023,1010
466242,1024,1012
466243,1024,1011
466244,1021,1012
466245,1024,1019
466246,1023,1027
466247,1024,1031
466248,1024,1034
466249,1020,1033
466250,1016,1038
466251,1018,1039
466252,1019,1044
466253,1019,1038
466254,1017,1034
466255,1012,1033
466256,1009,1042
466257,1008,1049
466258,1008,1046
466259,1008,1046
466260,1007,1044
466261,1000,1039
466262,1002,1042
466263,999,1045
466264,1003,1050
466265,1004,1054
466266,1001,1055
466267,998,1048
466268,996,1045
466269,997,1042
466270,999,1045
466271,1000,1047
466272,994,1043
466273,994,1040
466274,990,1039
466275,990,1045
466276,994,1048
466277,995,1049
466278,994,1050
466279,996,1049
466280,993,1049
466281,991,1048
466282,989,1050
466283,995,1047
466284,992,1043
466285,994,1038
466286,994,1040
466287,992,1044
466288,998,1052
466289,1001,1052
466290,1002,1051
466291,997,1050
466292,996,1051
466293,999,1054
466294,999,1055
466295,1006,1055
466296,1006,1051
466297,1003,1046
466298,999,1046
466299,998,1048
466300,1000,1051
466301,1002,1050
466302,1005,1044
466303,1004,1040
466304,1000,1043
466305,1001,1045
466306,1003,1045
466307,1004,1047
466308,1003,1045
466309,1001,1048
466310,998,1046
466311,993,1050
466312,995,1052
466313,1000,1053
466314,997,1053
466315,998,1049
466316,997,1046
466317,997,1045
466318,1001,1046
466319,1004,1044
466320,998,1043
466321,991,1042
466322,991,1040
466323,993,1043
466324,995,1049
466325,998,1050
466326,998,1046
466327,995,1041
466328,994,1041
466329,991,1040
466330,992,1047
466331,995,1048
466332,996,1046
466333,994,1041
466334,990,1042
466335,993,1045
466336,991,1047
466337,992,1050
466338,993,1050
466339,989,1047
466340,982,1045
466341,982,1047
466342,990,1050
466343,993,1051
466344,994,1049
466345,992,1046
466346,995,1048
466347,995,1053
466348,1000,1059
466349,999,1057
466350,995,1055
466351,996,1050
466352,991,1049
466353,992,1054
466354,994,1058
466355,995,1057
466356,998,1050
466357,995,1048
466358,994,1044
466359,992,1044
466360,995,1044
466361,995,1046
466362,993,1046
466363,990,1046
466364,990,1046
466365,990,1047
466366,994,1047
466367,999,1044
466368,998,1044
466369,992,1043
466370,988,1043
466371,988,1047
466372,990,1046
466373,994,1047
466374,995,1045
466375,996,1044
466376,990,1046
466377,995,1051
466378,998,1051
466379,998,1048
466380,992,1044
466381,991,1044
466382,989,1050
466383,991,1054
466384,997,1058
466385,1000,1055
466386,1001,1051
466387,1000,1049
466388,1001,1044
466389,1003,1044
466390,1014,1044
466391,1025,1041
466392,1031,1038
466393,1042,1035
466394,1065,1030
466395,1097,1021
466396,1128,1011
466397,1163,998
466398,1200,987
466399,1235,983
466400,1267,992
466401,1291,1013
466402,1290,1032
466403,1262,1040
466404,1216,1041
466405,1159,1043
466406,1106,1057
466407,1047,1076
466408,1002,1096
466409,975,1107
466410,964,1112
466411,971,1104
466412,980,1094
466413,992,1080
466414,999,1074
466415,1001,1066
466416,997,1058
466417,992,1048
466418,987,1046
466419,984,1049
466420,984,1051
466421,983,1052
466422,978,1047
466423,977,1042
466424,976,1044
466425,975,1049
466426,978,1056
466427,978,1052
466428,975,1046
466429,971,1041
466430,968,1039
466431,967,1045
466432,968,1049
466433,972,1049
466434,974,1051
466435,973,1052
466436,970,1054
466437,971,1054
466438,972,1049
466439,975,1045
466440,974,1042
466441,971,1037
466442,969,1042
466443,971,1044
466444,972,1047
466445,972,1045
466446,970,1046
466447,967,1041
466448,964,1046
466449,967,1050
466450,971,1058
466451,978,1055
466452,972,1047
466453,973,1040
466454,971,1041
466455,972,1043
466456,975,1047
466457,972,1049
466458,969,1048
466459,972,1049
466460,969,1050
466461,972,1051
466462,975,1053
466463,979,1048
466464,980,1044
466465,979,1037
466466,977,1037
466467,979,1038
466468,982,1045
466469,985,1042
466470,984,1037
466471,981,1030
466472,980,1027
466473,983,1027
466474,985,1029
466475,991,1027
466476,992,1022
466477,991,1018
466478,990,1018
466479,990,1020
466480,990,1022
466481,990,1021
466482,991,1020
466483,994,1020
466484,994,1015
466485,998,1013
466486,1000,1018
466487,998,1017
466488,994,1014
466489,994,1010
466490,992,1007
466491,997,1004
466492,1001,1004
466493,1004,1002
466494,1004,1000
466495,1001,994
466496,998,994
466497,1002,999
466498,1003,1003
466499,1008,1005
466500,1007,1007
466501,1007,1006
466502,1007,1010
466503,1008,1016
466504,1011,1020
466505,1011,1020
466506,1009,1020
466507,1006,1024
466508,1003,1027
466509,1006,1034
466510,1009,1036
466511,1009,1033
466512,1008,1034
466513,1003,1036
466514,999,1043
466515,998,1046
466516,999,1043
466517,1000,1043
466518,997,1044
466519,999,1046
466520,993,1044
466521,992,1046
466522,995,1049
466523,997,1048
466524,995,1047
466525,988,1050
466526,987,1055
466527,988,1057
466528,992,1062
466529,993,1059
466530,989,1056
466531,988,1054
466532,986,1056
466533,988,1059
466534,988,1060
466535,992,1061
466536,991,1063
466537,989,1061
466538,985,1061
466539,989,1060
466540,990,1056
466541,995,1052
466542,996,1048
466543,991,1050
466544,987,1054
466545,986,1055
466546,991,1055
466547,995,1054
466548,997,1051
466549,995,1049
466550,994,1048
466551,997,1051
466552,998,1057
466553,998,1064
466554,996,1063
466555,992,1060
466556,989,1058
466557,989,1059
466558,991,1064
466559,995,1060
466560,994,1055
466561,993,1053
466562,993,1054
466563,993,1053
466564,993,1055
466565,996,1055
466566,997,1051
466567,994,1051
466568,992,1053
466569,992,1057
466570,994,1061
466571,997,1059
466572,996,1056
466573,992,1056
466574,984,1060
466575,987,1060
466576,990,1062
466577,995,1054
466578,997,1048
466579,994,1042
466580,991,1041
466581,992,1046
466582,996,1052
466583,997,1054
466584,996,1053
466585,992,1048
466586,989,1048
466587,990,1057
466588,991,1068
466589,992,1070
466590,993,1063
466591,993,1051
466592,990,1044
466593,991,1039
466594,991,1046
466595,990,1051
466596,989,1051
466597,987,1049
466598,987,1051
466599,987,1056
466600,990,1063
466601,993,1065
466602,993,1063
466603,989,1058
466604,989,1056
466605,989,1053
466606,991,1047
466607,993,1048
466608,991,1049
466609,986,1048
466610,985,1050
466611,988,1054
466612,988,1064
466613,989,1063
466614,990,1064
466615,987,1059
466616,988,1059
466617,988,1065
466618,994,1072
466619,996,1066
466620,995,1059
466621,993,1050
466622,992,1046
466623,995,1049
466624,1001,1051
466625,998,1058
466626,995,1061
466627,992,1060
466628,990,1057
466629,993,1059
466630,995,1062
466631,999,1061
466632,999,1057
466633,1001,1053
466634,995,1052
466635,999,1053
466636,1001,1059
466637,1004,1062
466638,1005,1061
466639,1003,1058
466640,1001,1059
466641,1001,1062
466642,1005,1065
466643,1006,1061
466644,1005,1055
466645,1000,1049
466646,1000,1047
466647,1003,1048
466648,1016,1053
466649,1026,1058
466650,1041,1057
466651,1060,1048
466652,1086,1039
466653,1123,1029
466654,1165,1019
466655,1209,1005
466656,1246,1008
466657,1279,1017
466658,1299,1035
466659,1295,1045
466660,1259,1050
466661,1198,1050
466662,1126,1060
466663,1051,1078
466664,990,1097
466665,959,1107
466666,960,1108
466667,977,1096
466668,990,1082
466669,999,1068
466670,999,1062
466671,998,1065
466672,993,1066
466673,996,1061
466674,992,1056
466675,988,1052
466676,979,1057
466677,981,1068
466678,983,1069
466679,989,1064
466680,990,1056
466681,986,1050
466682,981,1055
466683,982,1061
466684,985,1066
466685,988,1067
466686,985,1062
466687,977,1050
466688,977,1050
466689,975,1051
466690,983,1057
466691,988,1059
466692,984,1057
466693,978,1060
466694,975,1062
466695,975,1069
466696,983,1064
466697,987,1056
466698,983,1050
466699,979,1052
466700,975,1057
466701,977,1059
466702,977,1062
466703,978,1064
466704,978,1062
466705,977,1057
466706,971,1057
466707,974,1057
466708,978,1064
466709,982,1065
466710,984,1067
466711,978,1065
466712,975,1065
466713,978,1067
466714,981,1061
466715,985,1050
466716,989,1046
466717,987,1043
466718,985,1047
466719,989,1052
466720,991,1059
466721,995,1059
466722,992,1052
466723,996,1047
466724,998,1044
466725,1000,1048
466726,1002,1046
466727,1005,1039
466728,1001,1033
466729,998,1032
466730,996,1035
466731,1001,1034
466732,1009,1034
466733,1013,1033
466734,1014,1033
466735,1011,1033
466736,1004,1038
466737,1007,1039
466738,1013,1033
466739,1015,1027
466740,1014,1028
466741,1011,1026
466742,1009,1020
466743,1018,1015
466744,1020,1014
466745,1020,1017
466746,1019,1013
466747,1016,1012
466748,1013,1013
466749,1014,1015
466750,1018,1015
466751,1016,1014
466752,1012,1019
466753,1013,1023
466754,1011,1030
466755,1012,1032
466756,1016,1032
466757,1018,1034
466758,1019,1037
466759,1017,1036
466760,1011,1036
466761,1009,1043
466762,1009,1053
466763,1007,1055
466764,1009,1053
466765,1005,1053
466766,1002,1058
466767,1004,1066
466768,1005,1067
466769,1007,1065
466770,1005,1064
466771,1003,1061
466772,998,1061
466773,999,1067
466774,1002,1076
466775,999,1078
466776,996,1073
466777,995,1062
466778,990,1058
466779,987,1062
466780,993,1068
466781,995,1069
466782,999,1063
466783,997,1055
466784,996,1050
466785,997,1054
466786,998,1061
466787,997,1067
466788,994,1066
466789,994,1066
466790,997,1061
466791,998,1059
466792,1002,1060
466793,1003,1061
466794,999,1066
466795,996,1069
466796,994,1074
466797,997,1075
466798,1001,1074
466799,1003,1068
466800,1004,1063
466801,1000,1063
466802,997,1063
466803,994,1065
466804,996,1072
466805,998,1076
466806,998,1073
466807,996,1069
466808,995,1065
466809,998,1058
466810,1000,1055
466811,1001,1055
466812,999,1052
466813,995,1057
466814,993,1058
466815,994,1064
466816,997,1070
466817,1001,1072
466818,1001,1065
466819,999,1053
466820,997,1048
466821,996,1049
466822,999,1053
466823,1001,1054
466824,1000,1055
466825,998,1055
466826,993,1057
466827,990,1059
466828,992,1058
466829,998,1053
466830,998,1053
466831,996,1051
466832,992,1055
466833,991,1060
466834,993,1062
466835,995,1062
466836,994,1067
466837,989,1067
466838,991,1067
466839,992,1068
466840,994,1071
466841,997,1071
466842,995,1070
466843,992,1065
466844,993,1063
466845,994,1065
466846,998,1065
466847,1000,1063
466848,997,1063
466849,994,1063
466850,988,1065
466851,989,1067
466852,988,1074
466853,991,1075
466854,994,1071
466855,993,1066
466856,992,1063
466857,996,1065
466858,996,1067
466859,995,1063
466860,995,1060
466861,994,1061
466862,989,1062
466863,988,1070
466864,989,1080
466865,993,1078
466866,995,1066
466867,992,1053
466868,989,1053
466869,988,1058
466870,990,1066
466871,994,1064
466872,994,1060
466873,992,1055
466874,989,1056
466875,987,1062
466876,992,1066
466877,993,1066
466878,989,1065
466879,988,1060
466880,985,1059
466881,986,1064
466882,990,1070
466883,992,1071
466884,991,1068
466885,988,1062
466886,986,1062
466887,983,1064
466888,988,1068
466889,993,1063
466890,987,1058
466891,986,1055
466892,988,1056
466893,992,1060
466894,997,1062
466895,998,1060
466896,994,1056
466897,994,1058
466898,997,1059
466899,1010,1062
466900,1022,1066
466901,1039,1065
466902,1053,1059
466903,1073,1047
466904,1102,1031
466905,1141,1017
466906,1181,1006
466907,1224,998
466908,1261,992
466909,1287,998
466910,1294,1014
466911,1270,1038
466912,1220,1050
466913,1155,1060
466914,1082,1070
466915,1020,1079
466916,975,1090
466917,964,1101
466918,968,1103
466919,982,1095
466920,990,1083
466921,994,1073
466922,990,1067
466923,988,1068
466924,983,1072
466925,981,1070
466926,980,1064
466927,976,1063
466928,974,1063
466929,975,1061
466930,977,1063
466931,978,1064
466932,975,1064
466933,971,1064
466934,970,1065
466935,973,1063
466936,974,1062
466937,975,1056
466938,974,1052
466939,972,1045
466940,970,1049
466941,967,1056
466942,966,1059
466943,969,1066
466944,965,1063
466945,960,1064
466946,961,1063
466947,967,1064
466948,968,1069
466949,971,1067
466950,967,1065
466951,967,1064
466952,965,1063
466953,967,1062
466954,973,1063
466955,975,1059
466956,980,1059
466957,974,1057
466958,974,1060
466959,975,1063
466960,975,1073
466961,970,1078
466962,970,1082
466963,971,1076
466964,976,1066
466965,976,1056
466966,985,1045
466967,984,1044
466968,980,1048
466969,976,1049
466970,972,1056
466971,976,1061
466972,976,1068
466973,983,1070
466974,983,1061
466975,985,1048
466976,984,1037
466977,984,1040
466978,985,1049
466979,987,1046
466980,984,1042
466981,982,1037
466982,984,1038
466983,985,1039
466984,988,1042
466985,990,1042
466986,988,1045
466987,990,1045
466988,990,1047
466989,994,1043
466990,1003,1038
466991,1002,1027
466992,999,1025
466993,995,1025
466994,998,1031
466995,1001,1032
466996,1003,1032
466997,1005,1029
466998,1002,1025
466999,1001,1024
467000,1004,1030
467001,1011,1036
467002,1012,1038
467003,1011,1033
467004,1011,1027
467005,1008,1027
467006,1011,1030
467007,1012,1034
467008,1015,1040
467009,1016,1042
467010,1012,1040
467011,1008,1039
467012,1006,1042
467013,1006,1048
467014,1007,1051
467015,1007,1051
467016,1004,1053
467017,999,1056
467018,995,1060
467019,994,1064
467020,994,1068
467021,996,1070
467022,991,1074
467023,987,1075
467024,983,1075
467025,982,1073
467026,985,1072
467027,989,1067
467028,988,1064
467029,987,1061
467030,978,1063
467031,977,1066
467032,980,1075
467033,980,1078
467034,980,1076
467035,976,1070
467036,974,1072
467037,976,1074
467038,976,1081
467039,975,1079
467040,978,1074
467041,976,1068
467042,981,1065
467043,981,1064
467044,980,1068
467045,980,1070
467046,980,1072
467047,980,1070
467048,983,1067
467049,983,1066
467050,984,1073
467051,985,1073
467052,989,1071
467053,987,1067
467054,986,1068
467055,988,1072
467056,991,1073
467057,991,1076
467058,991,1072
467059,985,1076
467060,982,1079
467061,984,1080
467062,983,1083
467063,984,1077
467064,983,1076
467065,987,1072
467066,986,1072
467067,988,1079
467068,987,1082
467069,982,1079
467070,980,1076
467071,976,1067
467072,978,1061
467073,979,1063
467074,982,1070
467075,983,1074
467076,981,1072
467077,980,1069
467078,980,1064
467079,983,1069
467080,983,1071
467081,979,1073
467082,979,1071
467083,978,1069
467084,979,1069
467085,981,1069
467086,981,1067
467087,982,1065
467088,978,1059
467089,977,1059
467090,973,1063
467091,974,1064
467092,977,1069
467093,979,1071
467094,981,1071
467095,976,1065
467096,975,1068
467097,975,1073
467098,976,1076
467099,975,1077
467100,974,1078
467101,972,1083
467102,973,1081
467103,978,1074
467104,983,1070
467105,983,1070
467106,982,1072
467107,978,1072
467108,981,1071
467109,982,1072
467110,984,1074
467111,985,1076
467112,980,1080
467113,978,1078
467114,982,1077
467115,986,1076
467116,988,1076
467117,985,1077
467118,980,1077
467119,977,1078
467120,978,1077
467121,978,1082
467122,976,1080
467123,979,1080
467124,977,1077
467125,977,1073
467126,976,1071
467127,976,1074
467128,975,1077
467129,975,1078
467130,975,1080
467131,973,1075
467132,974,1080
467133,980,1084
467134,980,1088
467135,982,1084
467136,978,1079
467137,977,1073
467138,976,1074
467139,979,1074
467140,980,1068
467141,984,1063
467142,982,1062
467143,978,1066
467144,977,1072
467145,980,1074
467146,984,1073
467147,988,1072
467148,988,1073
467149,981,1071
467150,979,1074
467151,980,1075
467152,987,1078
467153,991,1074
467154,986,1070
467155,983,1072
467156,980,1078
467157,981,1083
467158,984,1089
467159,990,1084
467160,989,1079
467161,987,1077
467162,986,1080
467163,989,1090
467164,991,1097
467165,992,1095
467166,991,1090
467167,985,1089
467168,985,1093
467169,987,1089
467170,988,1080
467171,990,1067
467172,989,1062
467173,987,1062
467174,984,1066
467175,989,1071
467176,989,1073
467177,987,1076
467178,986,1076
467179,985,1080
467180,985,1084
467181,984,1088
467182,987,1087
467183,990,1084
467184,990,1077
467185,988,1060
467186,985,1054
467187,986,1055
467188,988,1063
467189,991,1065
467190,992,1066
467191,991,1073
467192,990,1085
467193,991,1091
467194,994,1095
467195,995,1091
467196,994,1085
467197,996,1071
467198,997,1062
467199,998,1060
467200,995,1067
467201,996,1069
467202,992,1075
467203,988,1081
467204,989,1090
467205,991,1095
467206,997,1091
467207,999,1083
467208,999,1076
467209,996,1070
467210,996,1071
467211,1000,1076
467212,1000,1078
467213,1001,1076
467214,1001,1074
467215,1000,1072
467216,994,1075
467217,995,1082
467218,1000,1086
467219,1003,1084
467220,1004,1077
467221,1002,1074
467222,1000,1073
467223,1001,1075
467224,1007,1076
467225,1007,1073
467226,1005,1069
467227,1006,1064
467228,1010,1066
467229,1021,1072
467230,1037,1076
467231,1055,1075
467232,1074,1063
467233,1100,1051
467234,1133,1047
467235,1175,1039
467236,1214,1028
467237,1249,1011
467238,1280,1001
467239,1306,1006
467240,1318,1026
467241,1309,1047
467242,1278,1056
467243,1228,1055
467244,1170,1056
467245,1102,1069
467246,1040,1090
467247,997,1106
467248,976,1118
467249,980,1112
467250,997,1094
467251,1011,1080
467252,1021,1075
467253,1031,1078
467254,1037,1080
467255,1038,1080
467256,1030,1079
467257,1015,1078
467258,999,1079
467259,1003,1077
467260,1013,1077
467261,1021,1077
467262,1022,1084
467263,1012,1092
467264,999,1098
467265,990,1096
467266,996,1095
467267,1000,1092
467268,997,1080
467269,994,1061
467270,991,1053
467271,991,1056
467272,991,1062
467273,993,1067
467274,987,1074
467275,988,1077
467276,985,1074
467277,986,1075
467278,987,1078
467279,994,1075
467280,988,1073
467281,985,1073
467282,990,1076
467283,987,1076
467284,990,1079
467285,993,1081
467286,991,1084
467287,994,1080
467288,993,1076
467289,994,1071
467290,994,1071
467291,992,1076
467292,990,1076
467293,989,1075
467294,992,1077
467295,993,1079
467296,999,1083
467297,1000,1083
467298,998,1089
467299,994,1094
467300,991,1093
467301,992,1081
467302,1000,1062
467303,1000,1045
467304,1000,1043
467305,1001,1047
467306,1000,1051
467307,1002,1055
467308,1003,1063
467309,1009,1067
467310,1009,1072
467311,1006,1076
467312,1008,1074
467313,1010,1061
467314,1016,1047
467315,1020,1037
467316,1021,1038
467317,1020,1040
467318,1020,1042
467319,1023,1044
467320,1026,1048
467321,1024,1048
467322,1026,1047
467323,1024,1045
467324,1024,1046
467325,1028,1051
467326,1035,1055
467327,1035,1058
467328,1035,1059
467329,1032,1055
467330,1030,1058
467331,1031,1052
467332,1035,1050
467333,1037,1046
467334,1037,1042
467335,1036,1044
467336,1039,1041
467337,1040,1047
467338,1041,1054
467339,1039,1052
467340,1038,1048
467341,1032,1045
467342,1029,1047
467343,1030,1054
467344,1030,1061
467345,1030,1062
467346,1028,1060
467347,1025,1053
467348,1021,1051
467349,1021,1056
467350,1026,1061
467351,1026,1057
467352,1023,1051
467353,1019,1055
467354,1013,1064
467355,1015,1071
467356,1020,1075
467357,1019,1076
467358,1015,1074
467359,1011,1078
467360,1007,1085
467361,1008,1094
467362,1011,1096
467363,1013,1090
467364,1014,1083
467365,1010,1079
467366,1008,1084
467367,1008,1087
467368,1008,1091
467369,1006,1090
467370,1003,1092
467371,1003,1089
467372,1003,1086
467373,1009,1081
467374,1014,1075
467375,1013,1070
467376,1010,1070
467377,1008,1075
467378,1005,1083
467379,1008,1085
467380,1016,1083
467381,1018,1080
467382,1011,1080
467383,1009,1089
467384,1005,1097
467385,1008,1093
467386,1013,1078
467387,1012,1063
467388,1007,1061
467389,1002,1062
467390,1001,1066
467391,1003,1072
467392,1004,1072
467393,1002,1078
467394,1004,1085
467395,1002,1089
467396,1004,1090
467397,1005,1082
467398,1007,1079
467399,1010,1073
467400,1010,1067
467401,1006,1070
467402,1007,1071
467403,1009,1075
467404,1011,1077
467405,1010,1078
467406,1010,1077
467407,1005,1078
467408,1005,1081
467409,1009,1085
467410,1011,1085
467411,1011,1080
467412,1011,1075
467413,1005,1068
467414,1004,1069
467415,1007,1073
467416,1013,1075
467417,1012,1074
467418,1011,1073
467419,1008,1072
467420,1006,1074
467421,1010,1077
467422,1009,1081
467423,1009,1078
467424,1007,1077
467425,1005,1078
467426,1001,1078
467427,1002,1080
467428,1004,1080
467429,1002,1081
467430,1003,1086
467431,999,1093
467432,997,1091
467433,1001,1087
467434,1003,1082
467435,1003,1075
467436,1002,1069
467437,996,1075
467438,998,1079
467439,999,1081
467440,1002,1081
467441,1003,1073
467442,1002,1071
467443,998,1076
467444,998,1079
467445,998,1078
467446,1001,1077
467447,1000,1076
467448,1001,1081
467449,1001,1085
467450,1001,1081
467451,1002,1079
467452,1006,1078
467453,1008,1074
467454,1005,1074
467455,1003,1075
467456,1001,1079
467457,1000,1080
467458,1005,1084
467459,1009,1083
467460,1006,1080
467461,1005,1078
467462,1003,1080
467463,1005,1082
467464,1005,1083
467465,1006,1082
467466,1007,1080
467467,1001,1079
467468,999,1080
467469,1001,1082
467470,1007,1080
467471,1005,1078
467472,1002,1077
467473,998,1074
467474,997,1078
467475,1001,1083
467476,1004,1082
467477,1003,1080
467478,1000,1079
467479,998,1076
467480,1000,1080
467481,999,1081
467482,1002,1080
467483,1002,1079
467484,999,1077
467485,997,1077
467486,994,1079
467487,997,1083
467488,997,1085
467489,999,1083
467490,1001,1080
467491,998,1080
467492,997,1080
467493,999,1082
467494,1002,1085
467495,1001,1082
467496,998,1080
467497,997,1078
467498,996,1078
467499,1002,1083
467500,1002,1083
467501,1003,1083
467502,1003,1081
467503,1000,1076
467504,998,1080
467505,1001,1081
467506,1000,1082
467507,1003,1080
467508,1001,1077
467509,997,1072
467510,998,1077
467511,1005,1078
467512,1006,1081
467513,1006,1080
467514,1003,1079
467515,1002,1076
467516,997,1075
467517,999,1082
467518,1003,1084
467519,1001,1079
467520,1005,1079
467521,999,1076
467522,997,1075
467523,1003,1077
467524,1003,1078
467525,1002,1079
467526,998,1079
467527,999,1075
467528,997,1078
467529,1001,1076
467530,1003,1079
467531,1004,1078
467532,1005,1076
467533,1000,1076
467534,1002,1079
467535,999,1081
467536,1002,1084
467537,1001,1080
467538,1000,1079
467539,999,1078
467540,1000,1078
467541,1002,1080
467542,1004,1082
467543,1005,1081
467544,1003,1079
467545,1001,1075
467546,1002,1076
467547,1005,1077
467548,1008,1080
467549,1008,1078
467550,1008,1074
467551,1004,1074
467552,1003,1075
467553,1005,1077
467554,1007,1077
467555,1008,1074
467556,1008,1073
467557,1004,1070
467558,1002,1071
467559,1004,1075
467560,1006,1076
467561,1009,1076
467562,1005,1076
467563,1000,1071
467564,1000,1073
467565,1001,1076
467566,1004,1080
467567,1009,1078
467568,1006,1076
467569,1002,1075
467570,1002,1075
467571,1003,1077
467572,1006,1078
467573,1009,1080
467574,1007,1074
467575,1005,1075
467576,1004,1075
467577,1005,1078
467578,1006,1080
467579,1007,1078
467580,1009,1074
467581,1009,1074
467582,1005,1075
467583,1008,1077
467584,1010,1080
467585,1009,1082
467586,1006,1078
467587,1003,1074
467588,1003,1078
467589,1005,1079
467590,1009,1081
467591,1008,1080
467592,1005,1079
467593,998,1073
467594,1001,1077
467595,998,1078
467596,1003,1079
467597,1005,1077
467598,1003,1075
467599,1001,1071
467600,1001,1070
467601,1002,1072
467602,1004,1076
467603,1005,1073
467604,1002,1068
467605,998,1067
467606,998,1070
467607,1002,1073
467608,1006,1080
467609,1008,1083
467610,1004,1085
467611,1004,1086
467612,1001,1091
467613,1003,1096
467614,1003,1096
467615,1006,1087
467616,1005,1070
467617,1005,1058
467618,1003,1068
467619,1005,1081
467620,1006,1099
467621,1010,1102
467622,1008,1085
467623,1004,1057
467624,1006,1040
467625,1005,1038
467626,1007,1047
467627,1011,1052
467628,1008,1056
467629,1006,1051
467630,1003,1053
467631,1002,1058
467632,1010,1062
467633,1013,1063
467634,1014,1063
467635,1010,1064
467636,1008,1066
467637,1011,1069
467638,1014,1073
467639,1012,1074
467640,1013,1074
467641,1008,1079
467642,1004,1089
467643,1003,1102
467644,1008,1113
467645,1007,1112
467646,1004,1103
467647,1001,1095
467648,998,1089
467649,1001,1077
467650,1007,1063
467651,1008,1050
467652,1008,1047
467653,1001,1053
467654,999,1070
467655,1002,1083
467656,1009,1084
467657,1011,1073
467658,1010,1062
467659,1008,1057
467660,1006,1056
467661,1007,1059
467662,1009,1061
467663,1010,1058
467664,1007,1056
467665,1005,1053
467666,1003,1056
467667,1003,1059
467668,1004,1066
467669,1008,1064
467670,1006,1061
467671,1002,1062
467672,1001,1065
467673,1000,1068
467674,1003,1072
467675,1001,1069
467676,1000,1068
467677,998,1068
467678,998,1071
467679,1001,1073
467680,1004,1077
467681,1003,1073
467682,1003,1071
467683,1001,1066
467684,1001,1069
467685,1003,1070
467686,1004,1071
467687,1008,1071
467688,1007,1068
467689,1000,1067
467690,1003,1067
467691,1004,1070
467692,1008,1071
467693,1008,1070
467694,1008,1068
467695,1006,1068
467696,1003,1070
467697,1005,1072
467698,1007,1074
467699,1009,1073
467700,1010,1071
467701,1008,1070
467702,1008,1071
467703,1008,1071
467704,1012,1074
467705,1014,1074
467706,1012,1070
467707,1008,1069
467708,1010,1068
467709,1011,1072
467710,1013,1074
467711,1014,1071
467712,1010,1070
467713,1010,1067
467714,1010,1067
467715,1013,1068
467716,1014,1072
467717,1011,1072
467718,1014,1069
467719,1013,1065
467720,1018,1064
467721,1024,1062
467722,1037,1060
467723,1050,1055
467724,1064,1051
467725,1081,1048
467726,1109,1044
467727,1142,1037
467728,1184,1028
467729,1220,1014
467730,1254,1008
467731,1285,1006
467732,1317,1017
467733,1332,1035
467734,1325,1051
467735,1288,1060
467736,1233,1062
467737,1173,1067
467738,1113,1078
467739,1050,1090
467740,1006,1099
467741,984,1100
467742,985,1097
467743,993,1090
467744,1006,1083
467745,1013,1076
467746,1018,1070
467747,1015,1067
467748,1010,1065
467749,1003,1059
467750,1001,1062
467751,1001,1066
467752,1002,1068
467753,1002,1069
467754,998,1064
467755,993,1062
467756,992,1065
467757,990,1071
467758,990,1070
467759,991,1068
467760,987,1061
467761,985,1059
467762,983,1063
467763,985,1067
467764,986,1067
467765,986,1062
467766,983,1060
467767,978,1059
467768,977,1062
467769,979,1065
467770,980,1068
467771,980,1067
467772,979,1068
467773,973,1075
467774,973,1080
467775,975,1085
467776,978,1084
467777,976,1083
467778,976,1082
467779,977,1077
467780,978,1068
467781,981,1061
467782,982,1062
467783,984,1062
467784,980,1066
467785,979,1066
467786,980,1074
467787,983,1078
467788,986,1072
467789,987,1061
467790,986,1052
467791,985,1049
467792,986,1051
467793,985,1056
467794,987,1062
467795,989,1061
467796,988,1054
467797,987,1049
467798,989,1050
467799,991,1053
467800,993,1059
467801,993,1055
467802,995,1048
467803,992,1045
467804,991,1046
467805,996,1049
467806,999,1051
467807,1000,1047
467808,1000,1039
467809,1002,1037
467810,1001,1037
467811,1004,1039
467812,1008,1043
467813,1009,1043
467814,1009,1036
467815,1008,1033
467816,1010,1036
467817,1013,1044
467818,1015,1045
467819,1017,1046
467820,1016,1039
467821,1016,1029
467822,1017,1026
467823,1019,1026
467824,1021,1030
467825,1022,1028
467826,1023,1027
467827,1019,1027
467828,1023,1032
467829,1023,1035
467830,1027,1036
467831,1030,1033
467832,1026,1031
467833,1025,1030
467834,1027,1031
467835,1028,1035
467836,1031,1039
467837,1032,1039
467838,1030,1036
467839,1027,1038
467840,1026,1038
467841,1030,1039
467842,1033,1043
467843,1030,1039
467844,1027,1038
467845,1025,1037
467846,1025,1037
467847,1025,1041
467848,1029,1044
467849,1027,1043
467850,1026,1038
467851,1021,1037
467852,1018,1039
467853,1018,1045
467854,1017,1047
467855,1014,1045
467856,1012,1044
467857,1011,1040
467858,1008,1047
467859,1006,1050
467860,1009,1056
467861,1007,1055
467862,1004,1054
467863,998,1050
467864,996,1056
467865,998,1059
467866,998,1062
467867,996,1063
467868,996,1061
467869,990,1059
467870,990,1061
467871,990,1065
467872,988,1067
467873,992,1064
467874,989,1064
467875,986,1062
467876,987,1065
467877,988,1066
467878,988,1072
467879,988,1072
467880,984,1070
467881,983,1069
467882,983,1070
467883,984,1070
467884,989,1074
467885,990,1072
467886,986,1069
467887,985,1067
467888,980,1068
467889,982,1070
467890,986,1069
467891,986,1068
467892,987,1067
467893,981,1062
467894,981,1062
467895,980,1064
467896,989,1065
467897,988,1067
467898,987,1063
467899,985,1058
467900,985,1059
467901,989,1059
467902,991,1063
467903,992,1061
467904,988,1059
467905,983,1057
467906,982,1058
467907,986,1058
467908,987,1059
467909,985,1059
467910,986,1055
467911,982,1055
467912,982,1055
467913,985,1058
467914,989,1059
467915,986,1058
467916,984,1060
467917,984,1055
467918,982,1056
467919,981,1059
467920,983,1061
467921,982,1060
467922,982,1055
467923,978,1054
467924,977,1055
467925,980,1057
467926,980,1057
467927,979,1057
467928,978,1054
467929,976,1053
467930,973,1054
467931,975,1057
467932,976,1058
467933,979,1059
467934,977,1058
467935,978,1058
467936,974,1062
467937,978,1066
467938,980,1069
467939,980,1070
467940,978,1070
467941,973,1071
467942,971,1082
467943,973,1102
467944,978,1125
467945,979,1129
467946,982,1096
467947,981,1054
467948,980,1028
467949,981,1025
467950,983,1035
467951,980,1040
467952,977,1042
467953,975,1049
467954,975,1054
467955,977,1054
467956,980,1050
467957,978,1045
467958,976,1040
467959,973,1040
467960,973,1044
467961,976,1048
467962,977,1051
467963,975,1054
467964,975,1051
467965,973,1050
467966,971,1054
467967,975,1055
467968,977,1058
467969,977,1057
467970,973,1056
467971,967,1056
467972,969,1060
467973,969,1063
467974,973,1066
467975,972,1063
467976,970,1061
467977,969,1060
467978,965,1064
467979,969,1069
467980,974,1077
467981,972,1078
467982,970,1073
467983,966,1069
467984,964,1065
467985,968,1066
467986,972,1070
467987,972,1065
467988,970,1055
467989,968,1047
467990,964,1048
467991,969,1054
467992,973,1058
467993,973,1059
467994,972,1060
467995,970,1059
467996,966,1064
467997,969,1065
467998,970,1066
467999,969,1066
468000,967,1063
468001,964,1059
468002,965,1062
468003,969,1062
468004,973,1065
468005,973,1063
468006,969,1060
468007,964,1060
468008,964,1060
468009,965,1061
468010,967,1066
468011,965,1063
468012,967,1060
468013,962,1059
468014,964,1061
468015,963,1065
468016,967,1070
468017,966,1070
468018,965,1069
468019,966,1065
468020,965,1067
468021,965,1071
468022,968,1073
468023,969,1071
468024,966,1066
468025,960,1062
468026,959,1065
468027,962,1073
468028,965,1073
468029,964,1068
468030,962,1066
468031,964,1065
468032,962,1061
468033,961,1059
468034,967,1056
468035,964,1052
468036,965,1048
468037,960,1046
468038,960,1052
468039,962,1058
468040,965,1061
468041,965,1060
468042,962,1060
468043,959,1060
468044,960,1064
468045,961,1064
468046,966,1064
468047,967,1059
468048,962,1062
468049,962,1062
468050,962,1063
468051,962,1065
468052,965,1067
468053,963,1064
468054,964,1063
468055,961,1060
468056,962,1064
468057,964,1066
468058,969,1066
468059,965,1062
468060,959,1057
468061,961,1054
468062,960,1056
468063,960,1059
468064,964,1062
468065,966,1060
468066,962,1062
468067,961,1060
468068,961,1058
468069,964,1059
468070,963,1055
468071,963,1054
468072,960,1053
468073,958,1053
468074,960,1056
468075,961,1060
468076,961,1062
468077,962,1059
468078,959,1060
468079,956,1059
468080,959,1062
468081,958,1063
468082,961,1062
468083,957,1060
468084,958,1054
468085,958,1051
468086,954,1056
468087,955,1059
468088,962,1064
468089,961,1058
468090,961,1053
468091,960,1050
468092,958,1050
468093,960,1059
468094,958,1065
468095,960,1069
468096,959,1066
468097,956,1061
468098,957,1059
468099,960,1060
468100,960,1064
468101,961,1060
468102,960,1053
468103,958,1052
468104,956,1054
468105,959,1061
468106,963,1065
468107,962,1061
468108,963,1057
468109,959,1053
468110,960,1059
468111,957,1057
468112,961,1057
468113,964,1053
468114,961,1051
468115,962,1048
468116,960,1053
468117,959,1059
468118,962,1059
468119,961,1058
468120,960,1056
468121,955,1056
468122,956,1059
468123,956,1062
468124,961,1066
468125,960,1058
468126,956,1050
468127,955,1044
468128,956,1048
468129,955,1053
468130,961,1057
468131,961,1055
468132,959,1054
468133,954,1053
468134,957,1056
468135,961,1058
468136,966,1062
468137,964,1061
468138,960,1056
468139,955,1053
468140,954,1049
468141,954,1050
468142,961,1048
468143,961,1045
468144,957,1043
468145,956,1045
468146,956,1047
468147,958,1050
468148,955,1054
468149,958,1053
468150,956,1051
468151,949,1051
468152,954,1052
468153,958,1054
468154,959,1054
468155,955,1054
468156,954,1055
468157,950,1057
468158,954,1061
468159,956,1068
468160,958,1067
468161,960,1062
468162,959,1058
468163,957,1052
468164,954,1054
468165,955,1055
468166,960,1057
468167,964,1052
468168,960,1043
468169,953,1037
468170,955,1042
468171,958,1045
468172,961,1048
468173,961,1045
468174,959,1046
468175,955,1048
468176,955,1048
468177,956,1048
468178,959,1049
468179,959,1046
468180,958,1045
468181,957,1043
468182,956,1045
468183,957,1047
468184,959,1050
468185,961,1052
468186,961,1047
468187,955,1044
468188,953,1046
468189,955,1050
468190,955,1052
468191,959,1050
468192,956,1047
468193,955,1046
468194,953,1048
468195,954,1052
468196,959,1054
468197,960,1052
468198,958,1047
468199,954,1045
468200,953,1053
468201,955,1056
468202,957,1058
468203,959,1056
468204,957,1053
468205,951,1053
468206,953,1055
468207,954,1057
468208,956,1058
468209,955,1055
468210,953,1053
468211,951,1049
468212,950,1049
468213,951,1049
468214,954,1050
468215,954,1050
468216,955,1043
468217,952,1039
468218,953,1041
468219,954,1044
468220,960,1045
468221,960,1047
468222,959,1047
468223,954,1045
468224,951,1047
468225,957,1052
468226,957,1050
468227,956,1042
468228,954,1034
468229,954,1032
468230,954,1030
468231,959,1037
468232,960,1037
468233,959,1038
468234,960,1036
468235,954,1036
468236,957,1039
468237,957,1042
468238,957,1044
468239,960,1046
468240,957,1049
468241,954,1046
468242,951,1045
468243,954,1041
468244,959,1042
468245,959,1037
468246,955,1036
468247,950,1039
468248,950,1042
468249,952,1045
468250,955,1047
468251,951,1045
468252,952,1045
468253,950,1044
468254,950,1041
468255,952,1048
468256,956,1050
468257,956,1048
468258,957,1042
468259,948,1041
468260,950,1041
468261,949,1043
468262,953,1043
468263,951,1043
468264,948,1038
468265,944,1035
468266,948,1036
468267,952,1038
468268,956,1040
468269,960,1043
468270,954,1043
468271,956,1044
468272,957,1052
468273,959,1054
468274,960,1057
468275,961,1050
468276,959,1038
468277,953,1029
468278,958,1025
468279,958,1026
468280,961,1033
468281,962,1030
468282,960,1032
468283,960,1031
468284,960,1034
468285,961,1034
468286,967,1030
468287,974,1029
468288,978,1026
468289,990,1020
468290,1002,1020
468291,1022,1020
468292,1049,1018
468293,1079,1007
468294,1115,993
468295,1149,981
468296,1184,979
468297,1222,985
468298,1252,1001
468299,1262,1018
468300,1248,1034
468301,1206,1045
468302,1155,1051
468303,1102,1056
468304,1051,1063
468305,997,1070
468306,950,1080
468307,915,1088
468308,909,1094
468309,917,1097
468310,929,1087
468311,941,1074
468312,943,1057
468313,944,1050
468314,944,1046
468315,945,1048
468316,945,1047
468317,942,1045
468318,939,1041
468319,932,1039
468320,933,1042
468321,936,1044
468322,936,1046
468323,937,1046
468324,933,1039
468325,931,1036
468326,932,1037
468327,936,1040
468328,936,1041
468329,938,1044
468330,934,1046
468331,932,1049
468332,934,1055
468333,936,1058
468334,936,1057
468335,939,1048
468336,938,1037
468337,935,1035
468338,937,1030
468339,940,1032
468340,941,1037
468341,939,1037
468342,939,1034
468343,937,1034
468344,936,1034
468345,937,1038
468346,939,1039
468347,940,1038
468348,938,1036
468349,934,1035
468350,935,1040
468351,934,1040
468352,939,1042
468353,940,1040
468354,937,1037
468355,935,1034
468356,936,1032
468357,939,1036
468358,942,1036
468359,945,1036
468360,943,1035
468361,942,1033
468362,944,1034
468363,946,1037
468364,953,1036
468365,952,1033
468366,950,1031
468367,950,1027
468368,950,1031
468369,952,1031
468370,957,1031
468371,957,1031
468372,960,1026
468373,957,1022
468374,958,1025
468375,962,1027
468376,968,1026
468377,970,1023
468378,969,1019
468379,967,1019
468380,970,1020
468381,975,1019
468382,977,1021
468383,976,1015
468384,977,1015
468385,974,1010
468386,980,1011
468387,981,1012
468388,986,1013
468389,989,1009
468390,986,1006
468391,980,1004
468392,984,1005
468393,986,1005
468394,987,1008
468395,988,1005
468396,986,1002
468397,986,1003
468398,984,1006
468399,990,1006
468400,993,1009
468401,994,1009
468402,987,1008
468403,984,1011
468404,984,1008
468405,987,1006
468406,989,1000
468407,989,997
468408,988,994
468409,985,998
468410,983,1003
468411,987,1007
468412,990,1011
468413,989,1012
468414,986,1014
468415,982,1016
468416,982,1018
468417,985,1021
468418,987,1027
468419,984,1026
468420,982,1026
468421,975,1026
468422,975,1031
468423,975,1034
468424,976,1036
468425,974,1037
468426,972,1035
468427,967,1035
468428,966,1037
468429,967,1038
468430,969,1043
468431,968,1039
468432,962,1041
468433,961,1040
468434,961,1041
468435,963,1047
468436,964,1046
468437,963,1045
468438,960,1045
468439,956,1045
468440,956,1050
468441,960,1050
468442,962,1054
468443,961,1052
468444,960,1046
468445,957,1042
468446,957,1040
468447,957,1045
468448,959,1046
468449,960,1049
468450,957,1045
468451,955,1047
468452,955,1051
468453,958,1055
468454,962,1056
468455,962,1052
468456,959,1047
468457,958,1043
468458,959,1043
468459,961,1046
468460,964,1046
468461,964,1043
468462,963,1034
468463,961,1032
468464,960,1035
468465,963,1038
468466,966,1042
468467,966,1042
468468,969,1040
468469,966,1040
468470,968,1041
468471,970,1041
468472,973,1042
468473,972,1042
468474,969,1039
468475,967,1037
468476,965,1038
468477,970,1043
468478,973,1042
468479,974,1041
468480,969,1038
468481,967,1036
468482,966,1037
468483,966,1038
468484,967,1038
468485,966,1035
468486,968,1034
468487,965,1031
468488,961,1035
468489,965,1038
468490,970,1040
468491,969,1035
468492,968,1037
468493,966,1036
468494,963,1038
468495,966,1040
468496,969,1041
468497,969,1041
468498,967,1040
468499,967,1038
468500,966,1040
468501,967,1045
468502,967,1045
468503,964,1044
468504,963,1043
468505,962,1041
468506,963,1043
468507,969,1045
468508,971,1045
468509,968,1046
468510,967,1040
468511,966,1037
468512,965,1036
468513,967,1039
468514,970,1040
468515,970,1042
468516,968,1039
468517,965,1039
468518,965,1046
468519,966,1052
468520,969,1059
468521,970,1060
468522,970,1052
468523,969,1048
468524,967,1046
468525,974,1043
468526,976,1041
468527,973,1040
468528,970,1039
468529,968,1042
468530,971,1044
468531,972,1043
468532,977,1044
468533,976,1042
468534,974,1038
468535,972,1035
468536,975,1032
468537,985,1034
468538,1001,1032
468539,1010,1029
468540,1027,1023
468541,1048,1019
468542,1080,1014
468543,1121,1006
468544,1167,997
468545,1207,993
468546,1247,990
468547,1279,1004
468548,1292,1027
468549,1285,1048
468550,1250,1056
468551,1191,1057
468552,1130,1061
468553,1065,1070
468554,1000,1088
468555,951,1099
468556,933,1107
468557,939,1106
468558,950,1093
468559,956,1077
468560,963,1067
468561,970,1062
468562,973,1055
468563,973,1049
468564,969,1044
468565,963,1041
468566,959,1043
468567,960,1046
468568,963,1051
468569,960,1047
468570,959,1044
468571,955,1045
468572,954,1045
468573,959,1046
468574,961,1045
468575,958,1048
468576,956,1046
468577,953,1048
468578,953,1048
468579,955,1048
468580,960,1049
468581,960,1049
468582,955,1046
468583,955,1045
468584,957,1048
468585,957,1050
468586,961,1051
468587,961,1049
468588,957,1047
468589,951,1044
468590,954,1045
468591,955,1049
468592,957,1051
468593,959,1051
468594,957,1050
468595,954,1048
468596,952,1048
468597,954,1047
468598,959,1047
468599,959,1046
468600,959,1046
468601,957,1043
468602,957,1044
468603,960,1043
468604,965,1045
468605,965,1045
468606,965,1041
468607,962,1040
468608,963,1041
468609,966,1040
468610,972,1041
468611,973,1037
468612,971,1030
468613,972,1025
468614,972,1025
468615,977,1025
468616,980,1026
468617,981,1024
468618,981,1023
468619,983,1020
468620,986,1019
468621,991,1020
468622,995,1015
468623,998,1010
468624,998,1005
468625,997,1002
468626,998,1003
468627,1003,1006
468628,1007,1003
468629,1008,1001
468630,1005,997
468631,1005,998
468632,1004,1000
468633,1007,1000
468634,1010,998
468635,1006,994
468636,1005,990
468637,1002,988
468638,1007,992
468639,1011,992
468640,1014,994
468641,1012,996
468642,1008,993
468643,1007,993
468644,1005,998
468645,1006,1000
468646,1007,1003
468647,1005,1005
468648,1005,1003
468649,1002,1005
468650,1000,1010
468651,1002,1014
468652,1006,1016
468653,1003,1016
468654,998,1017
468655,992,1020
468656,988,1026
468657,991,1030
468658,992,1033
468659,987,1033
468660,986,1033
468661,982,1036
468662,981,1036
468663,981,1044
468664,983,1046
468665,981,1043
468666,977,1042
468667,977,1041
468668,976,1044
468669,978,1051
468670,978,1051
468671,978,1052
468672,975,1049
468673,972,1050
468674,971,1052
468675,970,1056
468676,974,1059
468677,972,1058
468678,973,1057
468679,972,1055
468680,971,1059
468681,973,1062
468682,976,1063
468683,975,1059
468684,976,1056
468685,972,1054
468686,973,1056
468687,977,1060
468688,984,1058
468689,987,1057
468690,989,1053
468691,987,1052
468692,990,1057
468693,997,1058
468694,1004,1059
468695,1006,1061
468696,1010,1058
468697,1021,1052
468698,1033,1044
468699,1048,1032
468700,1065,1016
468701,1076,1002
468702,1087,987
468703,1102,975
468704,1113,962
468705,1125,951
468706,1144,935
468707,1160,916
468708,1173,896
468709,1191,880
468710,1203,871
468711,1223,864
468712,1233,857
468713,1234,853
468714,1226,854
468715,1219,855
468716,1218,859
468717,1216,860
468718,1211,860
468719,1193,859
468720,1172,861
468721,1147,864
468722,1123,873
468723,1102,883
468724,1080,892
468725,1057,904
468726,1039,915
468727,1024,925
468728,1017,942
468729,1018,959
468730,1020,972
468731,1017,982
468732,1011,987
468733,1011,992
468734,1023,1003
468735,1042,1008
468736,1066,1015
468737,1081,1011
468738,1087,1005
468739,1064,1007
468740,1025,1014
468741,987,1026
468742,957,1040
468743,939,1052
468744,930,1066
468745,925,1076
468746,920,1088
468747,920,1095
468748,917,1095
468749,911,1098
468750,906,1098
468751,901,1098
468752,899,1101
468753,896,1105
468754,900,1107
468755,894,1110
468756,893,1109
468757,889,1107
468758,888,1115
468759,886,1118
468760,891,1122
468761,886,1122
468762,885,1120
468763,881,1117
468764,879,1121
468765,879,1122
468766,884,1126
468767,879,1125
468768,878,1124
468769,876,1127
468770,874,1131
468771,874,1137
468772,873,1139
468773,872,1138
468774,868,1138
468775,867,1141
468776,869,1146
468777,871,1150
468778,876,1154
468779,872,1152
468780,867,1155
468781,867,1157
468782,868,1162
468783,870,1169
468784,872,1172
468785,871,1177
468786,871,1180
468787,869,1182
468788,868,1188
468789,872,1187
468790,873,1183
468791,876,1176
468792,876,1173
468793,876,1175
468794,876,1177
468795,882,1182
468796,886,1183
468797,888,1181
468798,886,1180
468799,883,1177
468800,888,1181
468801,893,1184
468802,900,1183
468803,903,1178
468804,904,1174
468805,903,1172
468806,909,1172
468807,916,1170
468808,922,1170
468809,925,1163
468810,926,1159
468811,928,1155
468812,935,1151
468813,940,1150
468814,947,1144
468815,948,1139
468816,947,1132
468817,948,1127
468818,950,1125
468819,957,1123
468820,962,1117
468821,964,1112
468822,963,1104
468823,963,1100
468824,960,1099
468825,965,1095
468826,968,1093
468827,968,1085
468828,969,1081
468829,965,1080
468830,967,1081
468831,970,1081
468832,970,1079
468833,973,1073
468834,973,1069
468835,969,1067
468836,969,1067
468837,971,1068
468838,975,1067
468839,976,1064
468840,971,1062
468841,971,1059
468842,969,1063
468843,969,1068
468844,974,1066
468845,975,1067
468846,973,1061
468847,971,1059
468848,972,1061
468849,973,1060
468850,974,1061
468851,975,1057
468852,973,1054
468853,971,1050
468854,971,1047
468855,972,1046
468856,974,1046
468857,973,1047
468858,971,1043
468859,968,1046
468860,967,1048
468861,971,1053
468862,971,1049
468863,971,1051
468864,972,1047
468865,968,1046
468866,968,1049
468867,972,1052
468868,975,1054
468869,975,1052
468870,972,1047
468871,968,1048
468872,971,1051
468873,973,1054
468874,976,1053
468875,975,1052
468876,974,1050
468877,973,1047
468878,975,1050
468879,979,1050
468880,982,1049
468881,980,1047
468882,978,1044
468883,975,1046
468884,975,1049
468885,980,1053
468886,981,1053
468887,982,1049
468888,981,1045
468889,978,1045
468890,977,1049
468891,985,1052
468892,989,1050
468893,988,1046
468894,985,1046
468895,984,1047
468896,982,1048
468897,982,1052
468898,987,1052
468899,987,1050
468900,982,1044
468901,978,1044
468902,977,1047
468903,978,1048
468904,981,1048
468905,980,1048
468906,978,1046
468907,976,1054
468908,974,1058
468909,975,1060
468910,979,1058
468911,977,1049
468912,975,1043
468913,972,1037
468914,972,1039
468915,977,1040
468916,979,1040
468917,975,1040
468918,975,1037
468919,975,1039
468920,976,1042
468921,978,1045
468922,983,1047
468923,981,1045
468924,980,1044
468925,977,1043
468926,980,1046
468927,979,1050
468928,986,1050
468929,984,1049
468930,982,1046
468931,979,1046
468932,981,1048
468933,983,1052
468934,985,1049
468935,984,1050
468936,978,1048
468937,978,1048
468938,979,1051
468939,984,1053
468940,987,1054
468941,985,1053
468942,983,1052
468943,982,1052
468944,982,1056
468945,985,1056
468946,989,1058
468947,989,1052
468948,986,1049
468949,985,1049
468950,985,1051
468951,988,1055
468952,989,1055
468953,988,1055
468954,984,1052
468955,981,1053
468956,982,1059
468957,984,1062
468958,988,1057
468959,985,1052
468960,981,1046
468961,978,1045
468962,975,1047
468963,980,1051
468964,985,1049
468965,984,1042
468966,985,1034
468967,981,1034
468968,982,1038
468969,985,1042
468970,986,1043
468971,984,1042
468972,983,1040
468973,979,1042
468974,981,1042
468975,983,1041
468976,986,1041
468977,985,1040
468978,980,1038
468979,980,1042
468980,979,1045
468981,983,1051
468982,984,1052
468983,987,1049
468984,984,1048
468985,984,1047
468986,982,1051
468987,986,1057
468988,988,1061
468989,987,1060
468990,987,1052
468991,986,1044
468992,988,1037
468993,988,1039
468994,991,1043
468995,989,1045
468996,987,1046
468997,983,1044
468998,984,1047
468999,990,1050
469000,993,1051
469001,992,1048
469002,987,1047
469003,986,1050
469004,987,1051
469005,989,1051
469006,989,1052
469007,988,1050
469008,983,1052
469009,983,1052
469010,982,1052
469011,984,1052
469012,989,1052
469013,989,1051
469014,988,1048
469015,986,1044
469016,988,1043
469017,991,1042
469018,989,1044
469019,990,1046
469020,990,1047
469021,987,1050
469022,989,1056
469023,991,1058
469024,994,1053
469025,993,1048
469026,989,1043
469027,987,1040
469028,988,1040
469029,989,1043
469030,995,1044
469031,991,1043
469032,987,1041
469033,984,1041
469034,989,1049
469035,990,1050
469036,989,1053
469037,990,1049
469038,988,1044
469039,988,1044
469040,990,1045
469041,990,1050
469042,994,1050
469043,994,1047
469044,992,1047
469045,992,1048
469046,993,1052
469047,992,1052
469048,994,1054
469049,994,1051
469050,990,1048
469051,986,1047
469052,992,1046
469053,1007,1045
469054,1022,1042
469055,1037,1036
469056,1053,1031
469057,1072,1023
469058,1107,1018
469059,1146,1007
469060,1185,992
469061,1220,983
469062,1257,981
469063,1288,993
469064,1307,1011
469065,1303,1030
469066,1271,1043
469067,1212,1051
469068,1149,1061
469069,1088,1073
469070,1032,1083
469071,989,1085
469072,971,1077
469073,970,1068
469074,977,1057
469075,986,1049
469076,994,1042
469077,994,1043
469078,993,1045
469079,984,1042
469080,981,1042
469081,978,1043
469082,978,1047
469083,975,1048
469084,979,1049
469085,977,1049
469086,973,1047
469087,968,1049
469088,971,1050
469089,972,1053
469090,974,1052
469091,973,1053
469092,972,1052
469093,968,1051
469094,967,1052
469095,966,1058
469096,969,1057
469097,963,1055
469098,964,1054
469099,963,1055
469100,964,1056
469101,968,1061
469102,973,1060
469103,972,1056
469104,970,1052
469105,965,1053
469106,966,1055
469107,970,1058
469108,973,1058
469109,975,1057
469110,970,1052
469111,968,1053
469112,967,1054
469113,971,1055
469114,976,1051
469115,975,1051
469116,971,1051
469117,965,1051
469118,968,1054
469119,973,1054
469120,976,1054
469121,973,1049
469122,973,1043
469123,969,1040
469124,967,1042
469125,971,1048
469126,973,1051
469127,976,1055
469128,977,1053
469129,973,1050
469130,972,1052
469131,974,1049
469132,979,1042
469133,981,1033
469134,978,1027
469135,979,1023
469136,980,1025
469137,982,1028
469138,984,1029
469139,983,1025
469140,983,1024
469141,980,1024
469142,984,1027
469143,989,1028
469144,992,1025
469145,992,1022
469146,990,1018
469147,992,1016
469148,995,1016
469149,997,1021
469150,1003,1017
469151,1003,1017
469152,1002,1013
469153,1000,1012
469154,1002,1015
469155,1008,1018
469156,1011,1019
469157,1010,1013
469158,1008,1012
469159,1009,1012
469160,1011,1016
469161,1013,1021
469162,1016,1018
469163,1017,1013
469164,1014,1010
469165,1014,1013
469166,1016,1016
469167,1019,1016
469168,1021,1012
469169,1021,1008
469170,1013,1008
469171,1015,1011
469172,1015,1013
469173,1015,1018
469174,1020,1021
469175,1020,1017
469176,1012,1017
469177,1008,1020
469178,1006,1027
469179,1007,1031
469180,1010,1035
469181,1003,1036
469182,1000,1038
469183,997,1039
469184,996,1042
469185,997,1046
469186,997,1045
469187,996,1044
469188,992,1043
469189,989,1042
469190,989,1046
469191,989,1049
469192,990,1051
469193,988,1051
469194,986,1046
469195,982,1046
469196,987,1049
469197,989,1055
469198,991,1062
469199,990,1065
469200,987,1060
469201,986,1053
469202,986,1050
469203,990,1048
469204,993,1046
469205,990,1043
469206,988,1042
469207,986,1044
469208,987,1046
469209,989,1050
469210,992,1046
469211,988,1040
469212,987,1037
469213,984,1038
469214,984,1041
469215,989,1044
469216,990,1043
469217,990,1042
469218,987,1036
469219,986,1037
469220,985,1037
469221,988,1039
469222,986,1038
469223,985,1038
469224,981,1034
469225,982,1035
469226,986,1040
469227,993,1041
469228,999,1041
469229,996,1037
469230,992,1031
469231,986,1034
469232,982,1040
469233,976,1045
469234,976,1045
469235,978,1043
469236,979,1040
469237,978,1039
469238,979,1043
469239,983,1042
469240,987,1046
469241,986,1042
469242,979,1041
469243,979,1038
469244,978,1042
469245,981,1045
469246,988,1045
469247,987,1045
469248,988,1043
469249,987,1042
469250,986,1042
469251,982,1045
469252,989,1044
469253,990,1042
469254,988,1041
469255,983,1044
469256,983,1045
469257,985,1049
469258,989,1049
469259,989,1047
469260,982,1043
469261,981,1044
469262,979,1047
469263,976,1049
469264,979,1050
469265,980,1047
469266,978,1045
469267,978,1046
469268,977,1048
469269,979,1049
469270,982,1044
469271,983,1038
469272,984,1035
469273,986,1031
469274,993,1033
469275,1001,1034
469276,1015,1028
469277,1028,1023
469278,1052,1017
469279,1084,1007
469280,1123,997
469281,1164,995
469282,1203,995
469283,1243,1006
469284,1267,1024
469285,1275,1044
469286,1263,1059
469287,1228,1062
469288,1173,1064
469289,1106,1074
469290,1044,1086
469291,983,1100
469292,942,1113
469293,933,1119
469294,947,1108
469295,962,1092
469296,964,1076
469297,968,1067
469298,973,1063
469299,973,1060
469300,975,1056
469301,971,1053
469302,967,1052
469303,963,1050
469304,962,1053
469305,966,1053
469306,965,1049
469307,964,1044
469308,961,1039
469309,955,1038
469310,954,1040
469311,956,1043
469312,962,1044
469313,964,1044
469314,960,1044
469315,957,1041
469316,952,1043
469317,955,1044
469318,956,1043
469319,956,1042
469320,955,1040
469321,952,1044
469322,949,1042
469323,952,1044
469324,954,1046
469325,954,1044
469326,951,1039
469327,950,1036
469328,950,1037
469329,956,1039
469330,957,1040
469331,953,1040
469332,949,1036
469333,947,1038
469334,953,1042
469335,952,1046
469336,957,1042
469337,956,1034
469338,955,1033
469339,953,1031
469340,953,1033
469341,956,1036
469342,958,1035
469343,957,1035
469344,953,1030
469345,953,1034
469346,956,1037
469347,960,1037
469348,964,1034
469349,963,1026
469350,962,1020
469351,959,1019
469352,960,1019
469353,966,1022
469354,969,1017
469355,969,1014
469356,971,1010
469357,971,1012
469358,971,1011
469359,975,1013
469360,980,1010
469361,977,1006
469362,976,998
469363,976,996
469364,977,998
469365,982,1000
469366,984,1001
469367,984,998
469368,985,994
469369,981,997
469370,983,996
469371,987,1001
469372,991,997
469373,990,998
469374,984,993
469375,983,992
469376,979,992
469377,986,994
469378,989,992
469379,989,994
469380,988,992
469381,983,995
469382,990,1000
469383,993,1005
469384,994,1005
469385,992,1004
469386,990,1008
469387,987,1010
469388,991,1014
469389,988,1018
469390,990,1022
469391,987,1020
469392,983,1022
469393,982,1026
469394,985,1028
469395,983,1031
469396,987,1032
469397,982,1029
469398,978,1033
469399,974,1037
469400,971,1043
469401,973,1049
469402,977,1049
469403,976,1047
469404,974,1043
469405,970,1045
469406,971,1044
469407,972,1048
469408,972,1048
469409,970,1047
469410,968,1048
469411,965,1049
469412,966,1056
469413,968,1059
469414,971,1056
469415,971,1052
469416,972,1051
469417,970,1050
469418,966,1054
469419,968,1056
469420,968,1057
469421,964,1056
469422,961,1055
469423,957,1057
469424,959,1062
469425,963,1063
469426,964,1059
469427,960,1053
469428,959,1050
469429,959,1052
469430,959,1054
469431,965,1057
469432,966,1054
469433,970,1052
469434,964,1053
469435,963,1054
469436,963,1056
469437,964,1056
469438,968,1053
469439,966,1049
469440,965,1043
469441,960,1043
469442,962,1045
469443,968,1047
469444,970,1050
469445,970,1047
469446,966,1045
469447,967,1046
469448,970,1049
469449,974,1053
469450,976,1050
469451,977,1051
469452,972,1047
469453,968,1046
469454,971,1048
469455,973,1050
469456,975,1050
469457,977,1048
469458,971,1047
469459,971,1047
469460,973,1053
469461,976,1056
469462,977,1056
469463,978,1055
469464,974,1049
469465,967,1050
469466,969,1052
469467,971,1058
469468,973,1060
469469,976,1057
469470,975,1049
469471,974,1050
469472,973,1053
469473,971,1056
469474,975,1054
469475,974,1055
469476,970,1053
469477,968,1055
469478,972,1056
469479,976,1059
469480,977,1060
469481,974,1057
469482,973,1052
469483,977,1048
469484,978,1053
469485,982,1052
469486,985,1050
469487,984,1046
469488,985,1038
469489,994,1039
469490,1004,1042
469491,1021,1042
469492,1037,1038
469493,1063,1030
469494,1098,1021
469495,1141,1016
469496,1188,1017
469497,1236,1021
469498,1281,1034
469499,1304,1050
469500,1297,1059
469501,1259,1060
469502,1202,1062
469503,1143,1069
469504,1080,1080
469505,1016,1093
469506,967,1099
469507,943,1103
469508,944,1101
469509,959,1093
469510,970,1080
469511,971,1072
469512,974,1064
469513,971,1061
469514,972,1059
469515,972,1058
469516,971,1059
469517,965,1058
469518,960,1056
469519,958,1059
469520,959,1058
469521,958,1060
469522,958,1057
469523,956,1056
469524,954,1057
469525,952,1058
469526,952,1061
469527,954,1062
469528,953,1059
469529,954,1058
469530,951,1054
469531,947,1057
469532,954,1058
469533,954,1060
469534,957,1057
469535,959,1055
469536,955,1055
469537,951,1055
469538,951,1058
469539,952,1063
469540,960,1063
469541,958,1062
469542,957,1058
469543,956,1058
469544,954,1060
469545,960,1062
469546,964,1060
469547,963,1058
469548,958,1057
469549,954,1058
469550,954,1060
469551,958,1060
469552,962,1060
469553,963,1053
469554,962,1051
469555,960,1046
469556,964,1048
469557,966,1048
469558,967,1048
469559,964,1051
469560,963,1047
469561,961,1046
469562,960,1045
469563,967,1044
469564,970,1042
469565,970,1039
469566,966,1037
469567,965,1035
469568,966,1038
469569,968,1038
469570,971,1033
469571,972,1033
469572,970,1028
469573,974,1025
469574,974,1026
469575,982,1028
469576,983,1027
469577,986,1024
469578,986,1023
469579,984,1024
469580,983,1025
469581,984,1024
469582,986,1023
469583,982,1023
469584,979,1022
469585,980,1018
469586,983,1021
469587,987,1018
469588,992,1016
469589,991,1020
469590,987,1017
469591,988,1019
469592,994,1019
469593,995,1021
469594,998,1018
469595,997,1016
469596,991,1014
469597,987,1017
469598,987,1021
469599,991,1024
469600,991,1024
469601,987,1024
469602,986,1021
469603,983,1026
469604,987,1029
469605,988,1034
469606,990,1036
469607,990,1036
469608,988,1035
469609,985,1040
469610,987,1044
469611,990,1048
469612,990,1045
469613,987,1045
469614,983,1046
469615,979,1046
469616,977,1053
469617,976,1055
469618,976,1058
469619,976,1058
469620,970,1054
469621,969,1054
469622,973,1059
469623,975,1063
469624,977,1062
469625,975,1060
469626,973,1056
469627,972,1060
469628,973,1064
469629,976,1065
469630,978,1064
469631,973,1063
469632,973,1064
469633,974,1065
469634,976,1065
469635,975,1069
469636,971,1066
469637,973,1065
469638,971,1061
469639,969,1058
469640,973,1059
469641,979,1061
469642,977,1061
469643,975,1060
469644,974,1057
469645,973,1058
469646,976,1063
469647,978,1067
469648,977,1063
469649,976,1058
469650,975,1057
469651,971,1059
469652,973,1060
469653,977,1061
469654,984,1058
469655,981,1053
469656,978,1053
469657,973,1055
469658,976,1060
469659,978,1064
469660,980,1064
469661,980,1062
469662,977,1058
469663,977,1055
469664,976,1054
469665,980,1058
469666,980,1058
469667,978,1061
469668,975,1060
469669,973,1059
469670,978,1059
469671,978,1055
469672,975,1052
469673,974,1052
469674,966,1049
469675,966,1052
469676,968,1055
469677,969,1060
469678,973,1062
469679,975,1061
469680,974,1058
469681,970,1058
469682,973,1059
469683,975,1060
469684,979,1060
469685,977,1059
469686,970,1057
469687,967,1058
469688,969,1063
469689,973,1068
469690,975,1065
469691,974,1061
469692,975,1056
469693,974,1053
469694,975,1057
469695,976,1060
469696,976,1060
469697,974,1060
469698,975,1058
469699,971,1058
469700,973,1056
469701,974,1061
469702,976,1059
469703,975,1056
469704,975,1054
469705,972,1054
469706,978,1061
469707,976,1062
469708,977,1061
469709,974,1060
469710,971,1056
469711,973,1058
469712,972,1062
469713,976,1064
469714,977,1063
469715,976,1060
469716,973,1057
469717,971,1060
469718,974,1061
469719,977,1065
469720,978,1063
469721,973,1064
469722,970,1062
469723,968,1065
469724,970,1065
469725,975,1070
469726,976,1065
469727,972,1063
469728,965,1059
469729,962,1059
469730,964,1061
469731,969,1065
469732,968,1062
469733,969,1059
469734,967,1058
469735,965,1060
469736,968,1064
469737,971,1067
469738,970,1065
469739,970,1062
469740,968,1062
469741,963,1063
469742,965,1067
469743,971,1069
469744,976,1065
469745,975,1060
469746,971,1057
469747,971,1057
469748,973,1060
469749,975,1064
469750,973,1061
469751,972,1059
469752,967,1057
469753,971,1057
469754,974,1058
469755,978,1058
469756,981,1062
469757,981,1059
469758,977,1056
469759,972,1061
469760,975,1062
469761,975,1064
469762,978,1060
469763,973,1055
469764,973,1056
469765,971,1055
469766,975,1058
469767,974,1063
469768,977,1066
469769,973,1065
469770,967,1065
469771,969,1063
469772,970,1066
469773,975,1071
469774,980,1068
469775,978,1065
469776,974,1059
469777,975,1061
469778,975,1062
469779,977,1065
469780,977,1068
469781,978,1067
469782,973,1064
469783,971,1066
469784,972,1069
469785,974,1071
469786,977,1070
469787,974,1062
469788,969,1062
469789,971,1063
469790,970,1065
469791,975,1070
469792,976,1069
469793,977,1066
469794,973,1063
469795,973,1063
469796,973,1060
469797,977,1061
469798,978,1056
469799,976,1054
469800,974,1053
469801,972,1052
469802,974,1052
469803,979,1054
469804,982,1056
469805,981,1054
469806,976,1054
469807,974,1056
469808,977,1055
469809,981,1061
469810,982,1058
469811,978,1057
469812,975,1054
469813,975,1058
469814,974,1061
469815,981,1065
469816,984,1062
469817,984,1060
469818,976,1059
469819,974,1060
469820,976,1061
469821,977,1066
469822,982,1065
469823,981,1063
469824,978,1061
469825,971,1057
469826,977,1058
469827,981,1061
469828,985,1061
469829,983,1060
469830,977,1058
469831,974,1059
469832,974,1062
469833,977,1062
469834,978,1058
469835,976,1056
469836,975,1059
469837,973,1059
469838,977,1066
469839,983,1064
469840,985,1063
469841,983,1059
469842,981,1052
469843,980,1054
469844,981,1056
469845,981,1058
469846,984,1057
469847,983,1053
469848,980,1052
469849,982,1052
469850,980,1056
469851,985,1058
469852,986,1059
469853,985,1059
469854,982,1058
469855,980,1057
469856,979,1059
469857,981,1066
469858,987,1064
469859,989,1058
469860,986,1055
469861,979,1054
469862,981,1059
469863,983,1061
469864,988,1059
469865,986,1059
469866,982,1055
469867,973,1056
469868,972,1058
469869,972,1064
469870,979,1064
469871,978,1061
469872,975,1058
469873,973,1056
469874,971,1060
469875,973,1064
469876,975,1059
469877,975,1056
469878,977,1052
469879,973,1053
469880,976,1055
469881,977,1058
469882,979,1056
469883,976,1057
469884,970,1056
469885,969,1059
469886,975,1061
469887,977,1062
469888,980,1062
469889,978,1061
469890,980,1054
469891,980,1052
469892,982,1052
469893,985,1054
469894,987,1053
469895,984,1049
469896,981,1050
469897,980,1050
469898,983,1055
469899,984,1054
469900,986,1055
469901,984,1053
469902,983,1050
469903,982,1053
469904,985,1054
469905,986,1055
469906,985,1053
469907,976,1054
469908,970,1056
469909,976,1055
469910,986,1055
469911,990,1053
469912,989,1051
469913,986,1049
469914,977,1048
469915,975,1050
469916,975,1055
469917,980,1059
469918,980,1057
469919,977,1056
469920,971,1051
469921,970,1054
469922,974,1057
469923,977,1057
469924,982,1058
469925,983,1054
469926,977,1050
469927,973,1048
469928,975,1051
469929,979,1054
469930,984,1054
469931,982,1052
469932,979,1051
469933,975,1052
469934,980,1053
469935,984,1056
469936,986,1056
469937,981,1054
469938,977,1050
469939,975,1050
469940,977,1057
469941,983,1059
469942,986,1056
469943,988,1051
469944,988,1050
469945,986,1048
469946,992,1051
469947,993,1050
469948,993,1047
469949,986,1046
469950,981,1046
469951,980,1047
469952,985,1053
469953,992,1054
469954,991,1050
469955,985,1045
469956,980,1044
469957,979,1042
469958,989,1043
469959,1001,1042
469960,1016,1038
469961,1030,1029
469962,1049,1022
469963,1075,1014
469964,1112,1008
469965,1144,1002
469966,1180,993
469967,1214,991
469968,1252,992
469969,1286,1004
469970,1303,1017
469971,1284,1035
469972,1237,1043
469973,1173,1048
469974,1120,1053
469975,1071,1058
469976,1023,1067
469977,989,1080
469978,974,1079
469979,974,1076
469980,980,1069
469981,987,1058
469982,987,1055
469983,981,1058
469984,979,1056
469985,975,1052
469986,970,1050
469987,967,1054
469988,966,1056
469989,969,1059
469990,965,1061
469991,958,1058
469992,956,1054
469993,957,1049
469994,960,1050
469995,966,1052
469996,966,1054
469997,958,1051
469998,950,1050
469999,947,1051
470000,952,1055
470001,957,1058
470002,960,1057
470003,958,1054
470004,954,1054
470005,957,1054
470006,962,1056
470007,962,1058
470008,964,1056
470009,960,1056
470010,957,1052
470011,957,1053
470012,962,1055
470013,971,1054
470014,970,1048
470015,963,1045
470016,959,1045
470017,950,1050
470018,955,1055
470019,963,1058
470020,965,1055
470021,966,1054
470022,961,1054
470023,959,1054
470024,960,1057
470025,962,1059
470026,959,1054
470027,954,1051
470028,951,1048
470029,955,1050
470030,959,1052
470031,963,1056
470032,966,1054
470033,958,1051
470034,952,1049
470035,954,1049
470036,959,1048
470037,967,1049
470038,967,1041
470039,964,1037
470040,961,1036
470041,958,1036
470042,961,1039
470043,968,1042
470044,970,1040
470045,968,1038
470046,964,1032
470047,966,1031
470048,968,1031
470049,972,1033
470050,976,1033
470051,978,1028
470052,978,1027
470053,979,1027
470054,980,1030
470055,980,1033
470056,986,1033
470057,990,1026
470058,993,1021
470059,994,1019
470060,994,1021
470061,993,1022
470062,992,1024
470063,992,1024
470064,992,1022
470065,989,1020
470066,995,1023
470067,999,1024
470068,1001,1020
470069,1001,1018
470070,1000,1016
470071,1000,1020
470072,999,1024
470073,999,1027
470074,998,1025
470075,997,1023
470076,997,1020
470077,996,1024
470078,1001,1028
470079,1003,1027
470080,1008,1026
470081,1008,1025
470082,1008,1021
470083,1005,1023
470084,1000,1024
470085,996,1028
470086,995,1026
470087,994,1024
470088,994,1023
470089,993,1026
470090,993,1032
470091,997,1037
470092,992,1036
470093,993,1035
470094,991,1033
470095,988,1035
470096,989,1040
470097,989,1044
470098,987,1043
470099,985,1041
470100,985,1039
470101,983,1037
470102,981,1040
470103,979,1044
470104,985,1047
470105,984,1047
470106,981,1045
470107,979,1047
470108,978,1052
470109,978,1050
470110,977,1050
470111,975,1046
470112,974,1049
470113,973,1051
470114,979,1053
470115,982,1056
470116,981,1054
470117,976,1054
470118,974,1054
470119,973,1059
470120,974,1059
470121,980,1061
470122,982,1059
470123,980,1056
470124,982,1053
470125,979,1053
470126,981,1054
470127,978,1056
470128,982,1055
470129,977,1050
470130,971,1051
470131,970,1055
470132,974,1058
470133,981,1058
470134,978,1057
470135,975,1053
470136,976,1051
470137,975,1050
470138,980,1053
470139,985,1054
470140,986,1049
470141,984,1047
470142,978,1045
470143,977,1046
470144,984,1046
470145,986,1049
470146,986,1045
470147,979,1046
470148,980,1044
470149,981,1045
470150,984,1044
470151,982,1049
470152,983,1050
470153,979,1046
470154,972,1045
470155,974,1047
470156,979,1049
470157,982,1049
470158,985,1047
470159,985,1046
470160,980,1044
470161,978,1044
470162,975,1047
470163,975,1047
470164,969,1048
470165,967,1047
470166,970,1047
470167,971,1049
470168,970,1052
470169,973,1050
470170,974,1049
470171,972,1049
470172,970,1047
470173,969,1049
470174,970,1052
470175,972,1054
470176,976,1054
470177,975,1052
470178,970,1050
470179,967,1051
470180,969,1053
470181,973,1056
470182,972,1054
470183,973,1053
470184,970,1049
470185,969,1047
470186,972,1050
470187,976,1052
470188,976,1053
470189,975,1055
470190,971,1053
470191,968,1054
470192,972,1050
470193,975,1052
470194,974,1051
470195,974,1045
470196,972,1043
470197,971,1042
470198,972,1047
470199,975,1047
470200,973,1050
470201,970,1047
470202,969,1045
470203,970,1045
470204,968,1047
470205,967,1051
470206,968,1051
470207,969,1047
470208,967,1046
470209,967,1046
470210,969,1049
470211,973,1054
470212,972,1054
470213,971,1056
470214,967,1054
470215,964,1054
470216,965,1054
470217,966,1057
470218,968,1058
470219,971,1056
470220,967,1054
470221,963,1054
470222,965,1059
470223,967,1059
470224,970,1060
470225,967,1057
470226,962,1054
470227,962,1057
470228,965,1058
470229,970,1061
470230,971,1060
470231,969,1056
470232,964,1055
470233,964,1056
470234,966,1060
470235,971,1060
470236,972,1058
470237,971,1055
470238,969,1053
470239,972,1053
470240,972,1057
470241,974,1056
470242,975,1058
470243,974,1057
470244,973,1057
470245,970,1054
470246,971,1050
470247,975,1049
470248,979,1044
470249,975,1042
470250,969,1041
470251,967,1043
470252,969,1048
470253,971,1050
470254,972,1046
470255,973,1042
470256,964,1039
470257,962,1042
470258,969,1049
470259,974,1053
470260,975,1052
470261,976,1049
470262,974,1048
470263,971,1048
470264,969,1052
470265,970,1056
470266,974,1055
470267,970,1057
470268,970,1052
470269,970,1054
470270,968,1056
470271,972,1062
470272,973,1061
470273,970,1054
470274,970,1053
470275,970,1054
470276,972,1056
470277,971,1060
470278,974,1059
470279,974,1053
470280,973,1056
470281,972,1054
470282,973,1057
470283,973,1059
470284,975,1057
470285,974,1053
470286,976,1051
470287,974,1051
470288,975,1052
470289,977,1057
470290,979,1058
470291,975,1054
470292,972,1050
470293,972,1051
470294,974,1054
470295,977,1056
470296,978,1053
470297,977,1052
470298,972,1049
470299,974,1050
470300,976,1050
470301,976,1051
470302,977,1054
470303,976,1051
470304,973,1050
470305,972,1049
470306,972,1053
470307,976,1055
470308,972,1055
470309,974,1052
470310,974,1053
470311,972,1054
470312,975,1059
470313,976,1062
470314,977,1060
470315,977,1057
470316,972,1051
470317,973,1050
470318,977,1051
470319,980,1056
470320,977,1055
470321,978,1051
470322,977,1045
470323,976,1047
470324,976,1047
470325,978,1051
470326,978,1054
470327,981,1053
470328,980,1048
470329,980,1049
470330,978,1053
470331,980,1057
470332,982,1056
470333,981,1050
470334,979,1047
470335,977,1047
470336,985,1049
470337,988,1050
470338,987,1049
470339,986,1047
470340,981,1045
470341,980,1045
470342,982,1046
470343,983,1050
470344,983,1050
470345,984,1046
470346,981,1046
470347,982,1046
470348,983,1051
470349,984,1055
470350,986,1054
470351,985,1050
470352,986,1046
470353,983,1047
470354,983,1051
470355,985,1056
470356,985,1057
470357,983,1054
470358,975,1053
470359,977,1057
470360,978,1057
470361,984,1063
470362,985,1060
470363,984,1055
470364,976,1054
470365,973,1056
470366,980,1059
470367,984,1061
470368,984,1061
470369,986,1057
470370,984,1053
470371,985,1054
470372,986,1055
470373,985,1057
470374,990,1056
470375,990,1058
470376,988,1055
470377,986,1051
470378,991,1051
470379,994,1047
470380,1003,1043
470381,1010,1038
470382,1019,1037
470383,1034,1034
470384,1053,1034
470385,1080,1035
470386,1111,1025
470387,1145,1011
470388,1179,998
470389,1216,992
470390,1257,995
470391,1296,1007
470392,1315,1018
470393,1312,1028
470394,1278,1035
470395,1222,1037
470396,1165,1044
470397,1119,1055
470398,1069,1060
470399,1018,1065
470400,983,1069
470401,969,1070
470402,971,1071
470403,982,1065
470404,991,1057
470405,992,1052
470406,986,1048
470407,980,1051
470408,977,1053
470409,980,1054
470410,981,1054
470411,975,1053
470412,969,1050
470413,968,1055
470414,965,1059
470415,967,1059
470416,970,1061
470417,966,1057
470418,960,1055
470419,960,1060
470420,963,1064
470421,966,1064
470422,967,1063
470423,965,1058
470424,961,1055
470425,961,1053
470426,964,1053
470427,966,1054
470428,966,1055
470429,964,1054
470430,963,1051
470431,961,1052
470432,964,1056
470433,967,1058
470434,970,1057
470435,967,1054
470436,963,1054
470437,962,1056
470438,966,1060
470439,971,1063
470440,972,1060
470441,970,1055
470442,967,1054
470443,964,1059
470444,965,1060
470445,971,1060
470446,972,1058
470447,971,1057
470448,967,1055
470449,969,1053
470450,971,1055
470451,974,1058
470452,975,1056
470453,976,1052
470454,974,1049
470455,974,1046
470456,976,1049
470457,975,1049
470458,979,1046
470459,978,1044
470460,975,1043
470461,973,1043
470462,978,1045
470463,984,1043
470464,987,1039
470465,983,1037
470466,981,1033
470467,980,1035
470468,986,1038
470469,987,1038
470470,992,1034
470471,991,1031
470472,988,1031
470473,990,1032
470474,995,1034
470475,996,1035
470476,996,1031
470477,996,1028
470478,997,1024
470479,995,1022
470480,999,1024
470481,1005,1026
470482,1005,1026
470483,1004,1022
470484,1001,1020
470485,998,1022
470486,1003,1027
470487,1006,1029
470488,1008,1026
470489,1003,1023
470490,1004,1021
470491,1005,1024
470492,1006,1026
470493,1012,1026
470494,1013,1026
470495,1010,1021
470496,1008,1023
470497,1009,1025
470498,1012,1032
470499,1013,1035
470500,1014,1035
470501,1011,1029
470502,1011,1027
470503,1008,1028
470504,1011,1033
470505,1013,1036
470506,1014,1034
470507,1010,1032
470508,1007,1027
470509,1007,1029
470510,1009,1034
470511,1010,1038
470512,1008,1040
470513,1008,1037
470514,1003,1038
470515,1001,1042
470516,998,1042
470517,1000,1046
470518,997,1046
470519,994,1048
470520,989,1047
470521,987,1050
470522,987,1052
470523,990,1056
470524,992,1055
470525,989,1053
470526,983,1052
470527,983,1052
470528,985,1057
470529,990,1059
470530,991,1060
470531,990,1053
470532,986,1050
470533,981,1050
470534,985,1055
470535,986,1058
470536,987,1059
470537,988,1056
470538,984,1052
470539,984,1053
470540,985,1054
470541,988,1056
470542,991,1054
470543,988,1054
470544,984,1057
470545,982,1061
470546,984,1064
470547,990,1062
470548,993,1060
470549,990,1054
470550,991,1054
470551,991,1055
470552,992,1057
470553,996,1056
470554,995,1056
470555,995,1051
470556,987,1051
470557,987,1054
470558,989,1054
470559,992,1057
470560,993,1056
470561,994,1053
470562,991,1050
470563,991,1051
470564,988,1056
470565,993,1058
470566,994,1058
470567,994,1054
470568,991,1050
470569,992,1051
470570,992,1054
470571,995,1057
470572,1000,1055
470573,996,1052
470574,994,1050
470575,990,1052
470576,993,1054
470577,996,1052
470578,995,1050
470579,998,1049
470580,995,1046
470581,994,1047
470582,995,1051
470583,997,1056
470584,994,1057
470585,994,1055
470586,993,1050
470587,992,1052
470588,992,1055
470589,994,1058
470590,994,1058
470591,994,1054
470592,993,1050
470593,989,1053
470594,994,1051
470595,995,1053
470596,997,1050
470597,992,1048
470598,988,1046
470599,987,1050
470600,991,1053
470601,994,1055
470602,997,1054
470603,993,1051
470604,994,1049
470605,995,1051
470606,991,1050
470607,996,1054
470608,999,1053
470609,1000,1051
470610,996,1050
470611,994,1049
470612,998,1054
470613,1001,1053
470614,1001,1046
470615,1002,1042
470616,1002,1039
470617,1013,1040
470618,1027,1037
470619,1046,1038
470620,1065,1032
470621,1091,1026
470622,1126,1014
470623,1168,1006
470624,1212,1004
470625,1257,1010
470626,1298,1024
470627,1320,1041
470628,1314,1052
470629,1273,1057
470630,1217,1063
470631,1155,1073
470632,1095,1087
470633,1028,1092
470634,980,1095
470635,956,1100
470636,962,1094
470637,978,1083
470638,990,1068
470639,995,1058
470640,993,1054
470641,992,1052
470642,995,1053
470643,993,1053
470644,992,1052
470645,988,1052
470646,983,1046
470647,978,1051
470648,978,1052
470649,980,1056
470650,981,1057
470651,979,1057
470652,974,1052
470653,974,1052
470654,975,1052
470655,977,1055
470656,978,1056
470657,975,1053
470658,972,1054
470659,972,1056
470660,972,1057
470661,973,1058
470662,973,1056
470663,970,1052
470664,967,1052
470665,969,1056
470666,968,1055
470667,974,1057
470668,971,1058
470669,970,1055
470670,967,1055
470671,970,1056
470672,974,1057
470673,976,1060
470674,975,1057
470675,972,1055
470676,974,1051
470677,973,1052
470678,978,1052
470679,980,1049
470680,980,1047
470681,982,1046
470682,977,1043
470683,973,1044
470684,977,1045
470685,981,1046
470686,986,1043
470687,986,1037
470688,988,1034
470689,984,1035
470690,988,1038
470691,990,1041
470692,991,1038
470693,993,1032
470694,989,1028
470695,992,1026
470696,994,1027
470697,996,1031
470698,992,1024
470699,996,1025
470700,997,1021
470701,1001,1019
470702,1002,1018
470703,1005,1019
470704,1005,1014
470705,1009,1008
470706,1008,1005
470707,1009,1004
470708,1014,1004
470709,1015,1006
470710,1018,1006
470711,1019,1001
470712,1013,998
470713,1011,1000
470714,1011,1000
470715,1013,1000
470716,1017,997
470717,1021,993
470718,1021,995
470719,1017,996
470720,1018,1000
470721,1017,1003
470722,1018,1004
470723,1018,1003
470724,1020,1003
470725,1018,1008
470726,1020,1010
470727,1017,1013
470728,1020,1015
470729,1016,1015
470730,1013,1013
470731,1011,1018
470732,1012,1021
470733,1014,1027
470734,1012,1030
470735,1009,1034
470736,1007,1034
470737,1004,1037
470738,1006,1041
470739,1005,1042
470740,1002,1043
470741,998,1043
470742,994,1047
470743,996,1048
470744,994,1051
470745,999,1053
470746,997,1051
470747,993,1049
470748,989,1049
470749,988,1055
470750,990,1060
470751,992,1060
470752,991,1057
470753,990,1052
470754,987,1051
470755,986,1054
470756,988,1056
470757,986,1061
470758,991,1061
470759,988,1058
470760,987,1056
470761,988,1056
470762,988,1058
470763,993,1062
470764,993,1057
470765,990,1057
470766,987,1055
470767,984,1055
470768,986,1060
470769,989,1062
470770,992,1059
470771,991,1055
470772,987,1055
470773,983,1058
470774,987,1060
470775,990,1059
470776,991,1057
470777,988,1055
470778,987,1052
470779,988,1051
470780,988,1055
470781,991,1061
470782,991,1059
470783,992,1054
470784,987,1050
470785,985,1052
470786,987,1055
470787,988,1056
470788,988,1054
470789,989,1053
470790,987,1048
470791,990,1054
470792,992,1056
470793,993,1052
470794,993,1052
470795,992,1046
470796,990,1046
470797,988,1048
470798,992,1053
470799,993,1054
470800,993,1053
470801,989,1050
470802,985,1044
470803,985,1049
470804,992,1049
470805,994,1053
470806,992,1051
470807,988,1052
470808,982,1049
470809,986,1048
470810,988,1049
470811,991,1050
470812,992,1050
470813,992,1051
470814,988,1046
470815,985,1048
470816,986,1050
470817,990,1055
470818,987,1055
470819,987,1051
470820,984,1049
470821,980,1049
470822,979,1049
470823,984,1052
470824,988,1051
470825,987,1047
470826,984,1046
470827,985,1048
470828,987,1049
470829,988,1051
470830,988,1053
470831,986,1049
470832,982,1049
470833,985,1052
470834,986,1057
470835,987,1059
470836,989,1058
470837,985,1053
470838,982,1052
470839,980,1054
470840,986,1056
470841,989,1054
470842,991,1051
470843,988,1049
470844,985,1050
470845,985,1051
470846,984,1055
470847,986,1053
470848,985,1047
470849,983,1046
470850,979,1044
470851,981,1046
470852,984,1049
470853,986,1050
470854,990,1050
470855,992,1047
470856,987,1047
470857,984,1047
470858,986,1050
470859,990,1049
470860,993,1046
470861,993,1044
470862,988,1041
470863,990,1040
470864,989,1041
470865,991,1045
470866,993,1046
470867,993,1046
470868,991,1045
470869,991,1045
470870,997,1042
470871,1006,1037
470872,1010,1035
470873,1016,1031
470874,1024,1025
470875,1038,1026
470876,1061,1022
470877,1088,1015
470878,1121,1005
470879,1158,991
470880,1192,979
470881,1236,987
470882,1272,1001
470883,1291,1022
470884,1285,1039
470885,1249,1043
470886,1195,1046
470887,1136,1054
470888,1077,1071
470889,1026,1090
470890,984,1099
470891,957,1103
470892,958,1098
470893,971,1089
470894,985,1075
470895,997,1065
470896,995,1059
470897,989,1049
470898,980,1049
470899,979,1047
470900,980,1049
470901,983,1048
470902,976,1046
470903,974,1043
470904,972,1043
470905,970,1047
470906,973,1046
470907,976,1047
470908,979,1044
470909,977,1040
470910,974,1036
470911,971,1042
470912,971,1044
470913,977,1043
470914,974,1046
470915,970,1041
470916,969,1041
470917,970,1043
470918,973,1043
470919,974,1046
470920,975,1044
470921,974,1043
470922,973,1040
470923,970,1041
470924,970,1045
470925,973,1050
470926,971,1050
470927,971,1046
470928,969,1042
470929,969,1043
470930,972,1042
470931,974,1043
470932,976,1041
470933,978,1036
470934,975,1035
470935,972,1037
470936,972,1037
470937,976,1040
470938,976,1040
470939,978,1038
470940,973,1033
470941,974,1031
470942,972,1033
470943,976,1035
470944,977,1033
470945,976,1030
470946,971,1028
470947,969,1028
470948,975,1032
470949,980,1030
470950,981,1028
470951,980,1025
470952,979,1025
470953,981,1027
470954,983,1028
470955,983,1025
470956,986,1022
470957,987,1017
470958,990,1016
470959,990,1015
470960,993,1017
470961,997,1018
470962,1001,1012
470963,998,1010
470964,992,1006
470965,997,1007
470966,1003,1005
470967,1008,1005
470968,1010,1004
470969,1008,999
470970,1009,996
470971,1007,997
470972,1012,997
470973,1016,999
470974,1010,992
470975,1009,990
470976,1008,988
470977,1012,989
470978,1014,994
470979,1013,993
470980,1015,991
470981,1016,989
470982,1012,990
470983,1014,993
470984,1013,997
470985,1021,999
470986,1018,1002
470987,1013,1001
470988,1009,1002
470989,1007,1008
470990,1009,1014
470991,1010,1018
470992,1009,1021
470993,1005,1019
470994,1000,1022
470995,996,1020
470996,992,1026
470997,998,1028
470998,995,1031
470999,992,1035
471000,991,1039
471001,988,1040
471002,992,1043
471003,994,1046
471004,993,1048
471005,994,1045
471006,994,1043
471007,995,1043
471008,997,1046
471009,995,1050
471010,997,1048
471011,994,1048
471012,993,1047
471013,987,1048
471014,993,1050
471015,998,1049
471016,1000,1047
471017,997,1043
471018,990,1043
471019,995,1046
471020,1000,1051
471021,1008,1053
471022,1009,1054
471023,1013,1050
471024,1012,1049
471025,1016,1050
471026,1025,1056
471027,1031,1058
471028,1035,1055
471029,1042,1050
471030,1053,1038
471031,1065,1023
471032,1080,1012
471033,1095,997
471034,1107,981
471035,1123,967
471036,1138,950
471037,1158,937
471038,1177,921
471039,1197,903
471040,1215,884
471041,1233,866
471042,1244,850
471043,1258,838
471044,1268,838
471045,1269,841
471046,1267,850
471047,1264,855
471048,1259,856
471049,1255,860
471050,1248,867
471051,1232,871
471052,1210,875
471053,1190,879
471054,1162,890
471055,1134,903
471056,1112,914
471057,1093,929
471058,1078,938
471059,1067,945
471060,1057,953
471061,1053,964
471062,1052,979
471063,1047,987
471064,1042,996
471065,1046,1001
471066,1051,1009
471067,1063,1011
471068,1075,1015
471069,1088,1014
471070,1085,1013
471071,1063,1010
471072,1025,1013
471073,988,1023
471074,964,1036
471075,950,1052
471076,943,1063
471077,936,1073
471078,931,1077
471079,927,1082
471080,925,1086
471081,922,1091
471082,917,1090
471083,911,1090
471084,902,1092
471085,903,1097
471086,906,1101
471087,905,1103
471088,904,1101
471089,900,1101
471090,899,1100
471091,894,1101
471092,897,1105
471093,905,1106
471094,900,1107
471095,897,1106
471096,885,1108
471097,885,1116
471098,887,1122
471099,890,1128
471100,888,1127
471101,885,1125
471102,882,1126
471103,879,1128
471104,881,1130
471105,881,1132
471106,882,1130
471107,878,1130
471108,874,1130
471109,873,1134
471110,874,1139
471111,875,1145
471112,875,1142
471113,874,1144
471114,866,1146
471115,865,1147
471116,869,1153
471117,870,1160
471118,866,1158
471119,865,1157
471120,865,1158
471121,862,1160
471122,867,1167
471123,870,1167
471124,871,1167
471125,871,1163
471126,872,1162
471127,869,1166
471128,876,1170
471129,879,1173
471130,883,1168
471131,884,1162
471132,884,1158
471133,883,1161
471134,887,1162
471135,891,1161
471136,894,1160
471137,896,1155
471138,895,1148
471139,897,1149
471140,903,1151
471141,910,1152
471142,917,1147
471143,921,1139
471144,918,1131
471145,922,1126
471146,927,1123
471147,936,1121
471148,941,1115
471149,944,1105
471150,944,1101
471151,946,1097
471152,951,1096
471153,954,1097
471154,958,1092
471155,958,1083
471156,959,1081
471157,958,1077
471158,960,1078
471159,964,1077
471160,968,1073
471161,968,1067
471162,965,1064
471163,967,1064
471164,970,1064
471165,972,1066
471166,978,1060
471167,979,1054
471168,974,1050
471169,976,1048
471170,979,1047
471171,982,1047
471172,984,1045
471173,981,1044
471174,980,1040
471175,979,1045
471176,981,1047
471177,984,1051
471178,983,1050
471179,980,1044
471180,975,1046
471181,975,1045
471182,977,1050
471183,979,1052
471184,978,1050
471185,981,1049
471186,977,1046
471187,978,1049
471188,980,1050
471189,983,1053
471190,983,1052
471191,983,1053
471192,978,1051
471193,980,1052
471194,984,1056
471195,985,1056
471196,988,1054
471197,987,1049
471198,987,1047
471199,988,1048
471200,986,1052
471201,989,1050
471202,988,1047
471203,984,1047
471204,980,1044
471205,983,1048
471206,986,1052
471207,989,1052
471208,990,1046
471209,989,1043
471210,988,1038
471211,986,1043
471212,988,1046
471213,989,1047
471214,991,1045
471215,987,1042
471216,986,1041
471217,988,1044
471218,990,1044
471219,991,1045
471220,991,1040
471221,987,1038
471222,985,1040
471223,983,1040
471224,984,1041
471225,988,1042
471226,988,1039
471227,986,1042
471228,983,1042
471229,984,1045
471230,984,1043
471231,988,1044
471232,990,1040
471233,985,1040
471234,981,1038
471235,978,1040
471236,983,1042
471237,989,1044
471238,989,1043
471239,985,1041
471240,983,1039
471241,985,1043
471242,986,1044
471243,989,1045
471244,990,1047
471245,987,1042
471246,983,1039
471247,985,1038
471248,986,1045
471249,988,1048
471250,993,1047
471251,990,1044
471252,986,1044
471253,983,1048
471254,986,1047
471255,991,1050
471256,989,1045
471257,988,1042
471258,985,1043
471259,981,1046
471260,986,1048
471261,990,1048
471262,990,1047
471263,992,1045
471264,991,1044
471265,989,1044
471266,993,1042
471267,997,1040
471268,995,1035
471269,993,1034
471270,990,1036
471271,988,1040
471272,990,1044
471273,995,1045
471274,997,1041
471275,997,1040
471276,994,1040
471277,993,1044
471278,995,1046
471279,996,1046
471280,994,1045
471281,994,1042
471282,992,1045
471283,992,1045
471284,992,1047
471285,996,1049
471286,995,1049
471287,990,1047
471288,990,1046
471289,989,1052
471290,987,1055
471291,993,1056
471292,995,1050
471293,993,1047
471294,991,1043
471295,995,1044
471296,996,1045
471297,998,1047
471298,997,1046
471299,994,1046
471300,990,1043
471301,990,1046
471302,994,1048
471303,998,1048
471304,997,1044
471305,990,1040
471306,989,1040
471307,988,1041
471308,988,1043
471309,992,1046
471310,991,1044
471311,992,1039
471312,987,1037
471313,990,1037
471314,994,1038
471315,997,1038
471316,992,1038
471317,992,1039
471318,990,1037
471319,989,1038
471320,991,1039
471321,996,1037
471322,996,1035
471323,996,1030
471324,994,1029
471325,994,1035
471326,997,1039
471327,1001,1042
471328,998,1043
471329,996,1040
471330,995,1040
471331,994,1039
471332,994,1042
471333,998,1043
471334,997,1041
471335,996,1038
471336,990,1038
471337,992,1042
471338,994,1044
471339,996,1047
471340,992,1042
471341,987,1040
471342,987,1043
471343,985,1044
471344,986,1048
471345,990,1046
471346,990,1047
471347,987,1042
471348,987,1045
471349,988,1044
471350,988,1048
471351,991,1049
471352,993,1048
471353,993,1043
471354,990,1043
471355,990,1042
471356,994,1043
471357,996,1045
471358,997,1043
471359,993,1044
471360,989,1044
471361,988,1046
471362,993,1045
471363,996,1045
471364,995,1044
471365,994,1043
471366,988,1043
471367,989,1045
471368,990,1050
471369,996,1047
471370,998,1043
471371,995,1039
471372,994,1036
471373,994,1041
471374,996,1039
471375,1001,1040
471376,1003,1038
471377,1001,1038
471378,997,1037
471379,998,1038
471380,1000,1042
471381,1003,1044
471382,999,1040
471383,1000,1038
471384,995,1039
471385,997,1038
471386,1000,1041
471387,1002,1040
471388,1005,1037
471389,1001,1034
471390,996,1034
471391,995,1039
471392,997,1040
471393,999,1041
471394,1001,1039
471395,1002,1037
471396,1000,1035
471397,1001,1035
471398,1002,1038
471399,1007,1034
471400,1016,1028
471401,1025,1025
471402,1041,1021
471403,1064,1020
471404,1090,1017
471405,1124,1010
471406,1159,995
471407,1194,983
471408,1229,979
471409,1268,984
471410,1305,995
471411,1322,1017
471412,1303,1030
471413,1247,1038
471414,1178,1043
471415,1111,1053
471416,1056,1062
471417,1006,1068
471418,982,1062
471419,975,1058
471420,984,1052
471421,998,1041
471422,1003,1043
471423,998,1042
471424,992,1039
471425,988,1032
471426,985,1032
471427,984,1037
471428,981,1039
471429,987,1041
471430,985,1040
471431,978,1039
471432,974,1037
471433,976,1039
471434,973,1044
471435,976,1043
471436,974,1044
471437,970,1041
471438,969,1039
471439,968,1041
471440,969,1047
471441,972,1047
471442,971,1047
471443,968,1048
471444,965,1045
471445,967,1044
471446,972,1046
471447,975,1044
471448,974,1043
471449,973,1040
471450,971,1039
471451,970,1043
471452,974,1048
471453,981,1050
471454,981,1051
471455,981,1047
471456,977,1043
471457,975,1044
471458,973,1045
471459,975,1050
471460,977,1048
471461,978,1044
471462,975,1042
471463,970,1042
471464,968,1046
471465,972,1048
471466,975,1046
471467,975,1041
471468,975,1037
471469,976,1039
471470,980,1041
471471,984,1042
471472,984,1039
471473,983,1035
471474,981,1037
471475,982,1036
471476,986,1036
471477,992,1035
471478,993,1027
471479,989,1024
471480,989,1025
471481,989,1028
471482,992,1030
471483,996,1027
471484,998,1023
471485,1000,1018
471486,998,1017
471487,1000,1020
471488,1002,1022
471489,1005,1020
471490,1002,1014
471491,1003,1013
471492,1001,1013
471493,1002,1013
471494,1006,1013
471495,1012,1013
471496,1012,1012
471497,1008,1008
471498,1005,1007
471499,1006,1010
471500,1009,1012
471501,1012,1013
471502,1016,1009
471503,1014,1011
471504,1011,1013
471505,1016,1015
471506,1014,1019
471507,1021,1018
471508,1021,1016
471509,1020,1015
471510,1018,1016
471511,1017,1017
471512,1019,1021
471513,1021,1021
471514,1022,1019
471515,1022,1016
471516,1017,1017
471517,1015,1021
471518,1013,1021
471519,1013,1027
471520,1011,1027
471521,1014,1026
471522,1011,1024
471523,1009,1030
471524,1007,1034
471525,1006,1035
471526,1006,1035
471527,1002,1034
471528,998,1031
471529,997,1030
471530,998,1035
471531,997,1039
471532,997,1035
471533,995,1033
471534,990,1031
471535,987,1038
471536,987,1040
471537,992,1041
471538,991,1036
471539,989,1036
471540,987,1038
471541,985,1043
471542,992,1043
471543,996,1041
471544,994,1040
471545,990,1035
471546,991,1037
471547,987,1036
471548,988,1043
471549,992,1044
471550,992,1045
471551,989,1040
471552,987,1038
471553,987,1041
471554,988,1042
471555,990,1045
471556,988,1040
471557,989,1039
471558,985,1037
471559,988,1039
471560,990,1046
471561,992,1045
471562,988,1041
471563,989,1035
471564,988,1034
471565,987,1038
471566,990,1039
471567,992,1038
471568,993,1035
471569,992,1029
471570,989,1028
471571,985,1031
471572,985,1033
471573,994,1033
471574,993,1032
471575,987,1028
471576,986,1029
471577,986,1030
471578,988,1032
471579,989,1034
471580,985,1031
471581,983,1032
471582,979,1030
471583,980,1032
471584,980,1034
471585,984,1038
471586,979,1035
471587,977,1031
471588,973,1033
471589,976,1037
471590,978,1041
471591,984,1037
471592,983,1037
471593,981,1033
471594,981,1035
471595,982,1036
471596,982,1039
471597,985,1039
471598,986,1038
471599,978,1036
471600,973,1041
471601,972,1046
471602,973,1051
471603,977,1051
471604,980,1047
471605,978,1042
471606,974,1035
471607,976,1038
471608,977,1040
471609,977,1040
471610,974,1039
471611,972,1035
471612,970,1035
471613,970,1038
471614,976,1041
471615,978,1043
471616,976,1040
471617,978,1034
471618,975,1033
471619,974,1037
471620,973,1039
471621,973,1039
471622,972,1036
471623,974,1031
471624,972,1031
471625,971,1034
471626,974,1036
471627,974,1038
471628,973,1036
471629,973,1035
471630,971,1034
471631,972,1035
471632,974,1038
471633,974,1038
471634,970,1038
471635,970,1037
471636,969,1037
471637,970,1038
471638,973,1040
471639,975,1040
471640,974,1039
471641,966,1039
471642,963,1039
471643,962,1042
471644,965,1043
471645,968,1043
471646,965,1043
471647,963,1041
471648,962,1039
471649,967,1040
471650,967,1043
471651,970,1046
471652,969,1046
471653,966,1044
471654,966,1040
471655,968,1041
471656,970,1041
471657,968,1043
471658,969,1039
471659,967,1039
471660,965,1039
471661,961,1038
471662,967,1041
471663,970,1042
471664,968,1043
471665,965,1041
471666,960,1034
471667,962,1034
471668,966,1038
471669,969,1038
471670,968,1037
471671,965,1031
471672,960,1030
471673,961,1033
471674,964,1036
471675,967,1039
471676,968,1040
471677,966,1035
471678,962,1033
471679,960,1034
471680,962,1035
471681,967,1035
471682,965,1037
471683,962,1036
471684,959,1039
471685,956,1039
471686,960,1042
471687,962,1040
471688,960,1037
471689,959,1035
471690,956,1035
471691,958,1037
471692,960,1039
471693,963,1041
471694,964,1039
471695,963,1037
471696,961,1036
471697,959,1038
471698,962,1042
471699,967,1044
471700,965,1041
471701,961,1038
471702,958,1040
471703,958,1040
471704,964,1045
471705,964,1046
471706,962,1046
471707,961,1043
471708,961,1039
471709,962,1038
471710,967,1040
471711,971,1042
471712,966,1043
471713,965,1039
471714,964,1039
471715,965,1039
471716,965,1041
471717,971,1039
471718,967,1034
471719,968,1031
471720,964,1030
471721,966,1034
471722,968,1040
471723,969,1039
471724,967,1038
471725,967,1032
471726,963,1030
471727,964,1034
471728,962,1040
471729,964,1037
471730,962,1037
471731,962,1039
471732,956,1034
471733,957,1039
471734,961,1043
471735,960,1044
471736,959,1043
471737,961,1038
471738,961,1038
471739,962,1039
471740,967,1041
471741,967,1041
471742,967,1038
471743,963,1035
471744,961,1035
471745,962,1036
471746,960,1042
471747,965,1043
471748,964,1045
471749,962,1038
471750,961,1034
471751,959,1035
471752,961,1036
471753,964,1041
471754,966,1040
471755,960,1038
471756,956,1033
471757,955,1035
471758,957,1036
471759,962,1039
471760,963,1035
471761,961,1032
471762,959,1034
471763,959,1038
471764,961,1041
471765,961,1046
471766,958,1044
471767,960,1041
471768,959,1036
471769,960,1036
471770,962,1038
471771,968,1038
471772,966,1035
471773,962,1033
471774,960,1032
471775,961,1036
471776,965,1039
471777,965,1040
471778,965,1037
471779,964,1034
471780,961,1031
471781,963,1036
471782,963,1039
471783,966,1039
471784,964,1035
471785,965,1035
471786,964,1034
471787,964,1038
471788,970,1037
471789,974,1038
471790,970,1038
471791,964,1038
471792,964,1035
471793,966,1040
471794,969,1044
471795,974,1043
471796,970,1039
471797,968,1030
471798,968,1024
471799,975,1022
471800,988,1023
471801,1005,1020
471802,1015,1014
471803,1031,1007
471804,1054,999
471805,1084,991
471806,1120,984
471807,1160,975
471808,1193,972
471809,1225,974
471810,1256,986
471811,1275,1007
471812,1269,1023
471813,1240,1030
471814,1181,1033
471815,1124,1039
471816,1066,1048
471817,1012,1063
471818,970,1075
471819,948,1078
471820,943,1075
471821,950,1062
471822,958,1051
471823,964,1045
471824,964,1044
471825,965,1042
471826,962,1035
471827,957,1033
471828,951,1031
471829,947,1036
471830,949,1039
471831,948,1037
471832,949,1038
471833,949,1035
471834,945,1034
471835,944,1038
471836,947,1043
471837,947,1045
471838,947,1041
471839,944,1034
471840,942,1032
471841,940,1034
471842,943,1035
471843,948,1036
471844,947,1036
471845,945,1031
471846,945,1032
471847,942,1033
471848,940,1037
471849,941,1040
471850,941,1039
471851,937,1036
471852,935,1034
471853,938,1035
471854,942,1037
471855,947,1035
471856,947,1034
471857,945,1031
471858,944,1033
471859,943,1036
471860,945,1038
471861,943,1038
471862,943,1036
471863,940,1034
471864,940,1031
471865,942,1032
471866,947,1036
471867,952,1034
471868,951,1032
471869,946,1028
471870,941,1024
471871,940,1027
471872,949,1030
471873,951,1029
471874,946,1027
471875,944,1026
471876,945,1024
471877,944,1028
471878,947,1028
471879,954,1027
471880,956,1025
471881,959,1018
471882,957,1016
471883,955,1015
471884,957,1018
471885,962,1015
471886,960,1014
471887,961,1009
471888,960,1009
471889,964,1008
471890,963,1009
471891,969,1010
471892,971,1009
471893,972,1007
471894,977,1006
471895,980,1007
471896,980,1010
471897,981,1007
471898,979,1007
471899,980,1004
471900,984,1003
471901,983,1003
471902,984,1002
471903,987,1005
471904,986,1005
471905,981,1002
471906,980,1001
471907,985,1002
471908,986,1001
471909,992,1005
471910,992,1002
471911,990,999
471912,984,998
471913,980,1004
471914,985,1006
471915,988,1005
471916,990,1004
471917,989,1001
471918,985,1003
471919,981,1005
471920,983,1011
471921,983,1012
471922,983,1011
471923,979,1008
471924,979,1010
471925,976,1013
471926,980,1016
471927,979,1019
471928,981,1020
471929,975,1019
471930,968,1024
471931,968,1025
471932,966,1028
471933,967,1028
471934,966,1025
471935,963,1026
471936,959,1028
471937,958,1033
471938,960,1035
471939,962,1037
471940,962,1037
471941,959,1038
471942,957,1038
471943,959,1039
471944,962,1042
471945,963,1043
471946,963,1042
471947,961,1042
471948,957,1039
471949,958,1042
471950,959,1042
471951,964,1041
471952,966,1039
471953,960,1040
471954,959,1041
471955,959,1045
471956,965,1045
471957,969,1041
471958,969,1040
471959,966,1036
471960,965,1035
471961,961,1039
471962,961,1041
471963,962,1039
471964,959,1037
471965,959,1034
471966,959,1032
471967,962,1034
471968,967,1039
471969,969,1040
471970,969,1035
471971,969,1036
471972,965,1035
471973,962,1039
471974,966,1043
471975,972,1040
471976,969,1038
471977,968,1035
471978,967,1034
471979,967,1036
471980,970,1041
471981,973,1038
471982,975,1040
471983,973,1039
471984,970,1037
471985,970,1037
471986,968,1038
471987,971,1039
471988,970,1040
471989,968,1037
471990,966,1040
471991,971,1039
471992,972,1045
471993,973,1045
471994,972,1040
471995,971,1037
471996,973,1036
471997,971,1038
471998,972,1042
471999,973,1044
472000,972,1046
472001,971,1043
472002,969,1041
472003,972,1043
472004,972,1046
472005,975,1045
472006,975,1040
472007,973,1038
472008,970,1038
472009,973,1039
472010,971,1042
472011,978,1041
472012,976,1036
472013,975,1035
472014,974,1036
472015,974,1035
472016,976,1038
472017,977,1037
472018,979,1033
472019,983,1026
472020,985,1021
472021,995,1020
472022,1010,1021
472023,1030,1018
472024,1055,1009
472025,1085,999
472026,1122,990
472027,1169,991
472028,1218,1001
472029,1262,1023
472030,1292,1043
472031,1302,1060
472032,1286,1063
472033,1251,1065
472034,1205,1066
472035,1149,1076
472036,1084,1088
472037,1017,1096
472038,956,1109
472039,920,1116
472040,920,1119
472041,940,1105
472042,952,1090
472043,957,1077
472044,958,1067
472045,964,1058
472046,971,1060
472047,970,1056
472048,962,1051
472049,955,1045
472050,953,1044
472051,954,1048
472052,957,1051
472053,961,1050
472054,957,1046
472055,955,1043
472056,950,1041
472057,953,1044
472058,956,1045
472059,960,1045
472060,957,1047
472061,953,1043
472062,951,1039
472063,955,1042
472064,955,1045
472065,961,1043
472066,957,1045
472067,957,1038
472068,954,1038
472069,955,1040
472070,956,1039
472071,961,1041
472072,960,1038
472073,956,1036
472074,955,1035
472075,954,1039
472076,955,1041
472077,957,1041
472078,956,1037
472079,952,1035
472080,952,1036
472081,953,1040
472082,956,1043
472083,958,1039
472084,958,1036
472085,954,1032
472086,953,1036
472087,951,1040
472088,958,1041
472089,962,1041
472090,961,1037
472091,956,1033
472092,952,1034
472093,957,1034
472094,960,1032
472095,962,1030
472096,966,1026
472097,966,1024
472098,963,1020
472099,968,1020
472100,971,1021
472101,975,1019
472102,974,1018
472103,970,1018
472104,965,1016
472105,966,1015
472106,969,1015
472107,976,1014
472108,976,1009
472109,974,1005
472110,975,1002
472111,978,1002
472112,984,1003
472113,985,1002
472114,989,998
472115,985,994
472116,983,993
472117,987,993
472118,991,993
472119,994,993
472120,994,990
472121,993,985
472122,993,983
472123,994,987
472124,995,987
472125,998,985
472126,1000,986
472127,999,983
472128,997,985
472129,999,987
472130,1005,990
472131,1005,993
472132,1002,991
472133,999,992
472134,997,993
472135,999,998
472136,999,1002
472137,1004,1005
472138,1004,1002
472139,1000,999
472140,995,1000
472141,995,1004
472142,997,1014
472143,1000,1017
472144,998,1021
472145,996,1019
472146,991,1021
472147,988,1027
472148,991,1034
472149,993,1036
472150,989,1037
472151,986,1034
472152,981,1035
472153,980,1038
472154,978,1042
472155,982,1045
472156,979,1044
472157,972,1043
472158,969,1046
472159,969,1050
472160,974,1057
472161,976,1058
472162,973,1057
472163,969,1053
472164,966,1054
472165,967,1058
472166,970,1060
472167,972,1060
472168,969,1057
472169,965,1053
472170,964,1051
472171,965,1055
472172,967,1058
472173,970,1058
472174,967,1054
472175,963,1050
472176,963,1051
472177,965,1053
472178,968,1056
472179,970,1053
472180,969,1051
472181,967,1049
472182,966,1048
472183,967,1052
472184,968,1058
472185,972,1057
472186,969,1054
472187,970,1049
472188,969,1049
472189,970,1049
472190,974,1054
472191,978,1053
472192,977,1051
472193,977,1048
472194,975,1047
472195,979,1048
472196,978,1050
472197,982,1049
472198,980,1049
472199,979,1046
472200,976,1046
472201,977,1052
472202,979,1050
472203,980,1049
472204,978,1047
472205,977,1044
472206,975,1044
472207,973,1049
472208,979,1051
472209,979,1050
472210,981,1048
472211,981,1045
472212,976,1046
472213,974,1051
472214,975,1051
472215,978,1058
472216,978,1052
472217,975,1051
472218,973,1047
472219,973,1048
472220,976,1051
472221,979,1050
472222,976,1048
472223,974,1045
472224,973,1045
472225,972,1050
472226,975,1053
472227,975,1052
472228,974,1053
472229,971,1048
472230,970,1048
472231,967,1049
472232,971,1052
472233,973,1052
472234,971,1049
472235,968,1049
472236,965,1051
472237,965,1053
472238,971,1055
472239,975,1056
472240,976,1055
472241,976,1054
472242,974,1052
472243,976,1056
472244,979,1055
472245,982,1054
472246,981,1053
472247,980,1053
472248,979,1053
472249,980,1056
472250,984,1055
472251,984,1052
472252,988,1048
472253,990,1039
472254,994,1038
472255,999,1042
472256,1011,1044
472257,1027,1038
472258,1047,1032
472259,1066,1025
472260,1098,1016
472261,1136,1008
472262,1179,1002
472263,1224,1000
472264,1269,1002
472265,1301,1010
472266,1326,1027
472267,1324,1042
472268,1293,1044
472269,1236,1047
472270,1166,1053
472271,1096,1065
472272,1031,1074
472273,977,1080
472274,950,1084
472275,950,1082
472276,954,1074
472277,967,1064
472278,974,1056
472279,976,1050
472280,974,1051
472281,970,1052
472282,967,1050
472283,963,1047
472284,957,1047
472285,953,1054
472286,956,1056
472287,954,1059
472288,953,1059
472289,950,1055
472290,950,1056
472291,954,1059
472292,954,1065
472293,957,1059
472294,953,1057
472295,955,1055
472296,954,1055
472297,954,1057
472298,956,1060
472299,961,1061
472300,961,1058
472301,957,1056
472302,953,1054
472303,959,1058
472304,960,1058
472305,963,1057
472306,961,1055
472307,961,1051
472308,960,1050
472309,962,1052
472310,961,1055
472311,966,1056
472312,966,1058
472313,962,1057
472314,960,1051
472315,963,1053
472316,963,1053
472317,965,1052
472318,962,1052
472319,960,1048
472320,953,1049
472321,954,1050
472322,958,1052
472323,957,1052
472324,956,1049
472325,960,1048
472326,957,1048
472327,959,1052
472328,962,1054
472329,967,1053
472330,965,1048
472331,963,1044
472332,960,1045
472333,961,1044
472334,966,1047
472335,968,1047
472336,969,1043
472337,967,1039
472338,963,1036
472339,966,1038
472340,967,1039
472341,967,1040
472342,969,1035
472343,970,1035
472344,968,1034
472345,970,1033
472346,976,1032
472347,982,1028
472348,983,1024
472349,980,1022
472350,980,1023
472351,982,1022
472352,987,1022
472353,992,1019
472354,992,1017
472355,992,1013
472356,989,1014
472357,988,1018
472358,993,1018
472359,996,1014
472360,997,1014
472361,997,1010
472362,999,1010
472363,998,1013
472364,1001,1015
472365,1001,1017
472366,999,1014
472367,1002,1010
472368,1000,1012
472369,1001,1018
472370,1001,1019
472371,1003,1019
472372,1001,1018
472373,996,1022
472374,994,1023
472375,994,1023
472376,994,1026
472377,994,1025
472378,991,1028
472379,986,1028
472380,984,1032
472381,983,1037
472382,984,1040
472383,986,1041
472384,983,1041
472385,980,1040
472386,979,1039
472387,977,1040
472388,980,1041
472389,979,1044
472390,980,1046
472391,975,1043
472392,975,1043
472393,971,1045
472394,971,1052
472395,972,1050
472396,969,1050
472397,968,1048
472398,968,1047
472399,967,1049
472400,972,1054
472401,977,1054
472402,974,1051
472403,969,1049
472404,971,1053
472405,970,1054
472406,972,1056
472407,976,1056
472408,973,1057
472409,972,1055
472410,972,1052
472411,973,1052
472412,976,1057
472413,975,1056
472414,973,1052
472415,972,1051
472416,970,1052
472417,974,1051
472418,975,1055
472419,979,1054
472420,978,1052
472421,976,1050
472422,973,1051
472423,975,1051
472424,973,1059
472425,973,1060
472426,973,1054
472427,971,1053
472428,970,1056
472429,968,1057
472430,973,1057
472431,977,1055
472432,975,1053
472433,971,1049
472434,965,1053
472435,969,1058
472436,969,1059
472437,975,1057
472438,974,1051
472439,972,1049
472440,972,1047
472441,968,1051
472442,970,1052
472443,975,1049
472444,975,1049
472445,969,1045
472446,965,1045
472447,966,1049
472448,970,1052
472449,975,1048
472450,975,1045
472451,971,1045
472452,973,1043
472453,969,1048
472454,972,1049
472455,977,1049
472456,973,1048
472457,970,1046
472458,968,1051
472459,973,1052
472460,976,1054
472461,979,1054
472462,978,1051
472463,973,1052
472464,969,1052
472465,970,1052
472466,977,1052
472467,981,1054
472468,980,1049
472469,977,1047
472470,973,1047
472471,971,1047
472472,974,1052
472473,974,1056
472474,973,1050
472475,971,1048
472476,969,1051
472477,972,1052
472478,975,1055
472479,978,1054
472480,978,1050
472481,975,1048
472482,972,1051
472483,975,1053
472484,975,1056
472485,976,1055
472486,975,1053
472487,975,1049
472488,976,1051
472489,976,1055
472490,981,1051
472491,983,1046
472492,982,1041
472493,981,1037
472494,983,1036
472495,993,1035
472496,1004,1036
472497,1018,1032
472498,1034,1028
472499,1052,1023
472500,1075,1016
472501,1115,1009
472502,1154,1001
472503,1193,995
472504,1235,994
472505,1269,999
472506,1300,1014
472507,1312,1034
472508,1298,1044
472509,1257,1044
472510,1196,1046
472511,1137,1052
472512,1069,1064
472513,1007,1076
472514,963,1087
472515,943,1086
472516,949,1081
472517,957,1068
472518,970,1060
472519,977,1054
472520,979,1051
472521,979,1049
472522,972,1049
472523,967,1049
472524,964,1050
472525,963,1051
472526,969,1054
472527,967,1050
472528,962,1047
472529,958,1046
472530,956,1047
472531,957,1050
472532,961,1054
472533,962,1052
472534,959,1050
472535,956,1050
472536,952,1051
472537,952,1054
472538,954,1059
472539,956,1055
472540,954,1050
472541,953,1047
472542,951,1046
472543,951,1049
472544,955,1051
472545,956,1053
472546,956,1054
472547,953,1051
472548,952,1048
472549,950,1048
472550,956,1051
472551,960,1051
472552,960,1050
472553,959,1047
472554,956,1046
472555,956,1048
472556,959,1048
472557,960,1049
472558,962,1046
472559,960,1046
472560,958,1048
472561,955,1049
472562,958,1052
472563,961,1048
472564,959,1046
472565,961,1043
472566,957,1043
472567,961,1044
472568,965,1046
472569,967,1045
472570,965,1043
472571,963,1038
472572,962,1037
472573,963,1039
472574,967,1038
472575,972,1037
472576,969,1036
472577,967,1031
472578,967,1030
472579,970,1030
472580,972,1034
472581,973,1030
472582,975,1030
472583,973,1025
472584,973,1027
472585,975,1028
472586,978,1025
472587,979,1022
472588,980,1017
472589,980,1014
472590,977,1013
472591,981,1013
472592,986,1014
472593,985,1012
472594,986,1009
472595,983,1010
472596,983,1008
472597,987,1011
472598,990,1014
472599,991,1015
472600,991,1012
472601,992,1009
472602,991,1006
472603,992,1008
472604,995,1006
472605,996,1007
472606,993,1007
472607,993,1008
472608,991,1006
472609,993,1010
472610,997,1015
472611,998,1013
472612,999,1012
472613,996,1011
472614,994,1011
472615,995,1012
472616,997,1015
472617,1000,1012
472618,998,1015
472619,999,1011
472620,993,1017
472621,995,1023
472622,996,1024
472623,996,1026
472624,991,1025
472625,987,1021
472626,985,1024
472627,984,1028
472628,987,1033
472629,987,1036
472630,984,1036
472631,981,1034
472632,979,1036
472633,977,1039
472634,978,1044
472635,978,1046
472636,978,1046
472637,975,1043
472638,976,1047
472639,978,1047
472640,981,1051
472641,983,1050
472642,979,1046
472643,978,1048
472644,976,1051
472645,978,1054
472646,979,1055
472647,983,1055
472648,982,1053
472649,980,1049
472650,978,1048
472651,980,1049
472652,983,1053
472653,983,1053
472654,987,1053
472655,993,1050
472656,997,1050
472657,1005,1051
472658,1009,1057
472659,1011,1060
472660,1013,1061
472661,1014,1056
472662,1022,1054
472663,1037,1046
472664,1050,1035
472665,1065,1018
472666,1076,1002
472667,1085,983
472668,1098,971
472669,1117,959
472670,1135,947
472671,1152,928
472672,1168,911
472673,1184,890
472674,1200,871
472675,1219,860
472676,1240,850
472677,1257,841
472678,1261,834
472679,1260,830
472680,1258,832
472681,1255,834
472682,1253,836
472683,1248,838
472684,1239,837
472685,1222,834
472686,1201,836
472687,1180,840
472688,1162,851
472689,1144,861
472690,1113,869
472691,1088,876
472692,1058,888
472693,1045,905
472694,1037,921
472695,1035,935
472696,1032,944
472697,1028,955
472698,1022,968
472699,1018,982
472700,1023,993
472701,1034,999
472702,1046,1004
472703,1060,1008
472704,1074,1007
472705,1083,1012
472706,1073,1018
472707,1042,1024
472708,998,1033
472709,957,1038
472710,932,1050
472711,920,1069
472712,915,1080
472713,917,1086
472714,918,1088
472715,906,1084
472716,905,1090
472717,902,1094
472718,903,1098
472719,903,1101
472720,900,1101
472721,893,1098
472722,887,1100
472723,884,1098
472724,884,1104
472725,889,1102
472726,885,1101
472727,885,1100
472728,883,1101
472729,881,1107
472730,881,1110
472731,880,1109
472732,880,1109
472733,874,1108
472734,874,1111
472735,873,1115
472736,875,1122
472737,877,1120
472738,878,1123
472739,870,1124
472740,873,1123
472741,871,1128
472742,872,1132
472743,875,1133
472744,873,1134
472745,869,1130
472746,869,1133
472747,866,1140
472748,871,1147
472749,871,1148
472750,869,1148
472751,867,1148
472752,868,1148
472753,870,1152
472754,873,1156
472755,875,1158
472756,872,1157
472757,869,1154
472758,870,1156
472759,869,1158
472760,872,1163
472761,877,1163
472762,879,1162
472763,876,1161
472764,877,1160
472765,878,1159
472766,882,1162
472767,887,1164
472768,886,1159
472769,887,1155
472770,887,1158
472771,897,1157
472772,899,1159
472773,904,1158
472774,908,1154
472775,903,1149
472776,907,1145
472777,911,1145
472778,918,1143
472779,923,1138
472780,930,1134
472781,932,1126
472782,927,1122
472783,932,1119
472784,939,1121
472785,942,1118
472786,943,1112
472787,942,1105
472788,943,1102
472789,947,1101
472790,951,1098
472791,953,1093
472792,953,1088
472793,953,1083
472794,951,1076
472795,952,1075
472796,952,1073
472797,956,1069
472798,958,1064
472799,954,1058
472800,950,1057
472801,955,1054
472802,956,1055
472803,960,1051
472804,957,1046
472805,956,1043
472806,958,1038
472807,959,1039
472808,963,1040
472809,963,1038
472810,966,1035
472811,962,1033
472812,962,1033
472813,962,1037
472814,964,1035
472815,962,1034
472816,965,1035
472817,965,1033
472818,966,1034
472819,966,1038
472820,968,1038
472821,970,1038
472822,966,1035
472823,960,1031
472824,962,1032
472825,967,1037
472826,968,1035
472827,970,1036
472828,971,1033
472829,968,1031
472830,965,1031
472831,966,1034
472832,967,1038
472833,970,1037
472834,970,1037
472835,967,1035
472836,966,1035
472837,967,1037
472838,969,1039
472839,973,1033
472840,972,1035
472841,968,1031
472842,965,1033
472843,964,1035
472844,969,1038
472845,967,1032
472846,971,1032
472847,971,1028
472848,968,1029
472849,970,1032
472850,973,1032
472851,972,1031
472852,971,1031
472853,970,1027
472854,969,1028
472855,969,1032
472856,972,1035
472857,974,1034
472858,968,1034
472859,967,1030
472860,967,1027
472861,970,1028
472862,970,1030
472863,970,1028
472864,969,1028
472865,968,1028
472866,966,1029
472867,969,1030
472868,974,1035
472869,977,1033
472870,972,1030
472871,972,1028
472872,973,1028
472873,972,1032
472874,974,1035
472875,976,1032
472876,976,1031
472877,976,1030
472878,972,1028
472879,974,1031
472880,978,1031
472881,976,1027
472882,974,1023
472883,974,1020
472884,974,1024
472885,978,1025
472886,976,1027
472887,982,1025
472888,978,1027
472889,973,1024
472890,967,1023
472891,971,1026
472892,973,1026
472893,972,1026
472894,970,1023
472895,965,1021
472896,967,1022
472897,969,1023
472898,972,1025
472899,971,1025
472900,970,1021
472901,970,1020
472902,967,1020
472903,970,1023
472904,969,1028
472905,973,1026
472906,972,1025
472907,967,1020
472908,968,1024
472909,969,1026
472910,972,1028
472911,974,1029
472912,972,1026
472913,970,1023
472914,966,1022
472915,967,1023
472916,971,1026
472917,973,1028
472918,968,1028
472919,967,1029
472920,962,1029
472921,966,1032
472922,970,1035
472923,972,1033
472924,975,1029
472925,970,1025
472926,969,1025
472927,970,1028
472928,973,1029
472929,974,1029
472930,972,1028
472931,968,1025
472932,968,1027
472933,970,1029
472934,975,1027
472935,978,1024
472936,977,1021
472937,974,1020
472938,970,1020
472939,971,1022
472940,973,1025
472941,977,1023
472942,979,1022
472943,976,1017
472944,969,1018
472945,972,1022
472946,977,1025
472947,978,1025
472948,976,1023
472949,970,1020
472950,969,1024
472951,970,1024
472952,976,1030
472953,980,1025
472954,977,1022
472955,975,1019
472956,972,1022
472957,975,1023
472958,978,1026
472959,980,1025
472960,980,1021
472961,976,1021
472962,975,1022
472963,976,1024
472964,979,1026
472965,982,1025
472966,982,1024
472967,979,1022
472968,976,1023
472969,978,1028
472970,981,1029
472971,983,1028
472972,985,1026
472973,982,1024
472974,981,1021
472975,985,1023
472976,988,1025
472977,989,1025
472978,984,1020
472979,981,1017
472980,981,1012
472981,989,1013
472982,1000,1011
472983,1011,1005
472984,1020,1004
472985,1028,998
472986,1045,991
472987,1076,986
472988,1112,976
472989,1147,963
472990,1184,952
472991,1218,954
472992,1253,970
472993,1284,992
472994,1291,1010
472995,1267,1016
472996,1216,1017
472997,1153,1022
472998,1087,1036
472999,1026,1057
473000,978,1071
473001,949,1080
473002,944,1076
473003,957,1062
473004,963,1052
473005,973,1044
473006,979,1042
473007,985,1034
473008,978,1032
473009,973,1022
473010,971,1023
473011,970,1025
473012,972,1027
473013,973,1026
473014,969,1025
473015,966,1024
473016,964,1023
473017,963,1026
473018,969,1027
473019,971,1027
473020,968,1026
473021,966,1023
473022,960,1024
473023,961,1026
473024,963,1030
473025,964,1026
473026,962,1028
473027,962,1023
473028,960,1026
473029,962,1028
473030,963,1033
473031,962,1031
473032,960,1029
473033,962,1023
473034,962,1021
473035,962,1023
473036,966,1023
473037,968,1023
473038,963,1020
473039,960,1019
473040,958,1019
473041,959,1021
473042,962,1023
473043,967,1020
473044,968,1015
473045,965,1011
473046,961,1013
473047,961,1017
473048,967,1019
473049,969,1017
473050,970,1015
473051,970,1014
473052,965,1014
473053,972,1017
473054,975,1019
473055,975,1017
473056,975,1012
473057,972,1010
473058,970,1008
473059,974,1011
473060,977,1014
473061,976,1012
473062,974,1010
473063,977,1008
473064,977,1005
473065,980,1006
473066,983,1007
473067,983,1008
473068,982,1005
473069,983,1001
473070,982,998
473071,987,1000
473072,990,998
473073,995,997
473074,996,994
473075,992,990
473076,989,988
473077,987,990
473078,989,992
473079,990,996
473080,991,988
473081,991,990
473082,992,987
473083,992,987
473084,997,988
473085,1002,986
473086,1000,982
473087,1002,981
473088,1003,984
473089,1007,986
473090,1009,989
473091,1013,988
473092,1013,982
473093,1013,980
473094,1013,982
473095,1014,986
473096,1018,988
473097,1024,988
473098,1023,988
473099,1021,989
473100,1017,990
473101,1019,994
473102,1022,1002
473103,1023,1005
473104,1023,1005
473105,1020,1002
473106,1016,1004
473107,1016,1007
473108,1016,1015
473109,1018,1015
473110,1018,1011
473111,1013,1013
473112,1010,1013
473113,1012,1020
473114,1010,1024
473115,1011,1025
473116,1008,1023
473117,1005,1023
473118,1001,1019
473119,1002,1024
473120,1004,1026
473121,1004,1027
473122,1002,1023
473123,997,1020
473124,993,1023
473125,996,1026
473126,995,1029
473127,997,1029
473128,994,1028
473129,993,1026
473130,990,1027
473131,993,1029
473132,997,1031
473133,1001,1030
473134,998,1028
473135,998,1028
473136,997,1026
473137,998,1027
473138,1001,1030
473139,1003,1031
473140,998,1028
473141,1000,1024
473142,1000,1026
473143,1006,1030
473144,1003,1033
473145,1003,1031
473146,1002,1028
473147,999,1028
473148,999,1026
473149,1002,1028
473150,1003,1030
473151,1007,1031
473152,1005,1027
473153,999,1023
473154,999,1022
473155,1001,1027
473156,1002,1032
473157,1004,1030
473158,1003,1028
473159,1001,1028
473160,999,1027
473161,1000,1029
473162,1003,1031
473163,1003,1028
473164,1002,1023
473165,999,1020
473166,996,1023
473167,1000,1026
473168,1004,1025
473169,1004,1025
473170,1002,1024
473171,999,1024
473172,992,1024
473173,994,1027
473174,993,1025
473175,996,1024
473176,997,1023
473177,995,1023
473178,992,1025
473179,995,1031
473180,998,1033
473181,998,1030
473182,995,1025
473183,990,1024
473184,992,1026
473185,995,1033
473186,993,1034
473187,995,1034
473188,994,1029
473189,992,1027
473190,987,1026
473191,989,1032
473192,990,1034
473193,993,1035
473194,992,1034
473195,989,1030
473196,989,1030
473197,992,1030
473198,996,1035
473199,996,1034
473200,998,1033
473201,994,1029
473202,993,1035
473203,991,1036
473204,991,1039
473205,990,1038
473206,994,1034
473207,994,1035
473208,993,1038
473209,995,1043
473210,998,1041
473211,1000,1033
473212,996,1026
473213,997,1022
473214,1001,1022
473215,1007,1022
473216,1021,1021
473217,1034,1016
473218,1048,1014
473219,1072,1007
473220,1106,993
473221,1149,982
473222,1194,975
473223,1242,971
473224,1285,981
473225,1312,1000
473226,1309,1016
473227,1277,1023
473228,1220,1027
473229,1154,1037
473230,1083,1052
473231,1016,1066
473232,967,1076
473233,949,1083
473234,958,1079
473235,972,1065
473236,983,1053
473237,985,1046
473238,987,1040
473239,989,1037
473240,991,1034
473241,985,1033
473242,982,1030
473243,978,1031
473244,973,1033
473245,979,1038
473246,979,1039
473247,979,1037
473248,975,1039
473249,972,1039
473250,971,1037
473251,971,1040
473252,976,1042
473253,978,1042
473254,977,1037
473255,974,1036
473256,974,1035
473257,977,1036
473258,979,1036
473259,978,1036
473260,977,1036
473261,976,1034
473262,970,1034
473263,969,1040
473264,976,1039
473265,971,1038
473266,973,1031
473267,972,1027
473268,973,1028
473269,970,1029
473270,970,1031
473271,969,1029
473272,967,1029
473273,965,1026
473274,961,1027
473275,967,1026
473276,971,1032
473277,972,1029
473278,973,1029
473279,971,1025
473280,969,1028
473281,968,1032
473282,977,1032
473283,979,1033
473284,975,1030
473285,975,1028
473286,976,1024
473287,978,1023
473288,986,1023
473289,986,1018
473290,986,1022
473291,983,1019
473292,985,1017
473293,987,1014
473294,993,1010
473295,994,1005
473296,994,1003
473297,995,1001
473298,996,1001
473299,1000,1004
473300,1000,1004
473301,1000,1002
473302,1003,999
473303,1002,995
473304,1001,995
473305,1000,996
473306,1004,1001
473307,1006,995
473308,1000,993
473309,1001,990
473310,1002,986
473311,1006,988
473312,1008,992
473313,1009,992
473314,1009,987
473315,1003,987
473316,1000,988
473317,1002,993
473318,1010,995
473319,1009,994
473320,1004,994
473321,1002,995
473322,1003,1003
473323,1004,1006
473324,1004,1012
473325,1006,1016
473326,1006,1013
473327,1004,1011
473328,1003,1013
473329,1003,1020
473330,1002,1027
473331,1001,1030
473332,997,1030
473333,993,1029
473334,993,1033
473335,992,1037
473336,997,1041
473337,1000,1035
473338,994,1033
473339,992,1032
473340,988,1035
473341,991,1038
473342,994,1040
473343,994,1039
473344,990,1040
473345,988,1037
473346,987,1039
473347,989,1038
473348,991,1042
473349,991,1040
473350,990,1039
473351,985,1039
473352,984,1038
473353,986,1041
473354,993,1038
473355,997,1033
473356,993,1031
473357,988,1029
473358,987,1031
473359,988,1035
473360,989,1039
473361,991,1035
473362,992,1031
473363,988,1027
473364,987,1028
473365,988,1031
473366,990,1032
473367,991,1030
473368,989,1029
473369,987,1028
473370,988,1028
473371,990,1033
473372,990,1033
473373,989,1033
473374,985,1034
473375,987,1034
473376,989,1035
473377,991,1041
473378,993,1042
473379,997,1040
473380,995,1035
473381,993,1032
473382,993,1033
473383,993,1038
473384,997,1038
473385,998,1035
473386,995,1033
473387,992,1036
473388,990,1035
473389,992,1036
473390,998,1041
473391,1000,1039
473392,999,1038
473393,995,1033
473394,995,1035
473395,996,1038
473396,996,1036
473397,996,1035
473398,995,1030
473399,996,1030
473400,993,1029
473401,995,1032
473402,995,1033
473403,997,1031
473404,990,1027
473405,988,1027
473406,989,1031
473407,988,1035
473408,992,1037
473409,991,1035
473410,991,1030
473411,991,1025
473412,989,1026
473413,988,1032
473414,991,1032
473415,992,1035
473416,990,1033
473417,986,1033
473418,988,1033
473419,989,1034
473420,990,1038
473421,991,1038
473422,989,1036
473423,987,1034
473424,987,1034
473425,991,1037
473426,993,1040
473427,995,1037
473428,993,1036
473429,989,1034
473430,990,1036
473431,993,1039
473432,995,1038
473433,997,1035
473434,1000,1029
473435,1004,1025
473436,1019,1026
473437,1033,1025
473438,1056,1024
473439,1090,1016
473440,1128,1002
473441,1167,985
473442,1209,977
473443,1254,977
473444,1298,988
473445,1328,1005
473446,1329,1017
473447,1291,1019
473448,1227,1024
473449,1157,1037
473450,1091,1055
473451,1025,1064
473452,974,1070
473453,957,1067
473454,960,1063
473455,979,1055
473456,994,1046
473457,999,1037
473458,994,1032
473459,986,1030
473460,982,1032
473461,982,1034
473462,985,1035
473463,987,1032
473464,984,1028
473465,977,1028
473466,972,1032
473467,971,1035
473468,975,1039
473469,976,1038
473470,976,1036
473471,973,1035
473472,969,1035
473473,970,1037
473474,974,1040
473475,977,1037
473476,975,1036
473477,973,1035
473478,972,1037
473479,973,1038
473480,974,1038
473481,973,1041
473482,969,1040
473483,965,1037
473484,965,1039
473485,969,1041
473486,972,1044
473487,973,1042
473488,972,1036
473489,971,1030
473490,972,1032
473491,976,1035
473492,978,1038
473493,979,1037
473494,978,1033
473495,976,1029
473496,973,1029
473497,974,1032
473498,975,1038
473499,978,1037
473500,977,1032
473501,973,1027
473502,975,1026
473503,977,1028
473504,984,1032
473505,982,1029
473506,979,1025
473507,980,1024
473508,977,1024
473509,982,1027
473510,984,1025
473511,985,1019
473512,986,1016
473513,986,1013
473514,986,1012
473515,987,1012
473516,991,1012
473517,994,1009
473518,995,1006
473519,996,1004
473520,995,1003
473521,995,1004
473522,997,1005
473523,996,1004
473524,994,1002
473525,994,997
473526,996,997
473527,1002,997
473528,1008,999
473529,1009,994
473530,1009,991
473531,1006,992
473532,1007,990
473533,1010,988
473534,1013,994
473535,1015,995
473536,1017,994
473537,1012,991
473538,1012,993
473539,1011,996
473540,1017,1000
473541,1015,1000
473542,1015,1000
473543,1012,1000
473544,1010,1001
473545,1012,1003
473546,1013,1010
473547,1015,1014
473548,1010,1016
473549,1007,1016
473550,1004,1022
473551,1003,1026
473552,1003,1026
473553,1003,1026
473554,1000,1024
473555,995,1023
473556,990,1025
473557,989,1032
473558,991,1037
473559,990,1033
473560,990,1033
473561,988,1029
473562,985,1034
473563,986,1038
473564,989,1044
473565,990,1044
473566,986,1041
473567,983,1035
473568,985,1036
473569,989,1040
473570,993,1046
473571,992,1045
473572,992,1043
473573,987,1041
473574,983,1045
473575,988,1046
473576,991,1047
473577,996,1045
473578,996,1043
473579,990,1038
473580,991,1041
473581,991,1041
473582,995,1042
473583,993,1042
473584,990,1038
473585,988,1039
473586,987,1038
473587,986,1040
473588,991,1043
473589,991,1040
473590,987,1035
473591,985,1033
473592,986,1036
473593,985,1036
473594,989,1038
473595,991,1036
473596,990,1033
473597,990,1029
473598,988,1030
473599,991,1030
473600,991,1032
473601,990,1030
473602,988,1025
473603,984,1025
473604,984,1028
473605,990,1032
473606,994,1034
473607,994,1035
473608,992,1034
473609,989,1030
473610,988,1034
473611,990,1036
473612,991,1038
473613,995,1035
473614,994,1030
473615,992,1031
473616,985,1033
473617,988,1037
473618,991,1040
473619,994,1038
473620,991,1034
473621,990,1035
473622,989,1037
473623,987,1040
473624,986,1045
473625,987,1040
473626,989,1039
473627,986,1034
473628,984,1039
473629,988,1038
473630,990,1037
473631,991,1039
473632,987,1035
473633,985,1035
473634,983,1038
473635,986,1040
473636,990,1042
473637,991,1039
473638,987,1036
473639,979,1031
473640,980,1034
473641,985,1035
473642,989,1037
473643,991,1038
473644,992,1035
473645,985,1028
473646,986,1029
473647,985,1032
473648,986,1035
473649,983,1036
473650,984,1030
473651,981,1024
473652,983,1025
473653,983,1031
473654,988,1036
473655,992,1036
473656,988,1035
473657,985,1032
473658,985,1032
473659,984,1039
473660,982,1039
473661,981,1042
473662,977,1038
473663,979,1034
473664,979,1035
473665,983,1039
473666,985,1039
473667,985,1036
473668,982,1031
473669,979,1033
473670,976,1034
473671,980,1038
473672,983,1043
473673,985,1042
473674,983,1041
473675,983,1038
473676,984,1038
473677,986,1040
473678,983,1042
473679,986,1042
473680,983,1039
473681,983,1037
473682,983,1040
473683,981,1039
473684,984,1042
473685,988,1035
473686,986,1028
473687,988,1019
473688,996,1018
473689,1009,1019
473690,1024,1019
473691,1046,1011
473692,1074,998
473693,1107,982
473694,1142,966
473695,1184,959
473696,1226,963
473697,1265,970
473698,1291,986
473699,1297,1002
473700,1275,1015
473701,1230,1019
473702,1171,1030
473703,1108,1042
473704,1045,1054
473705,988,1064
473706,951,1070
473707,946,1073
473708,958,1067
473709,976,1055
473710,986,1039
473711,984,1034
473712,977,1030
473713,978,1034
473714,979,1035
473715,977,1034
473716,972,1031
473717,966,1030
473718,959,1034
473719,961,1041
473720,964,1044
473721,964,1043
473722,960,1040
473723,958,1040
473724,960,1041
473725,962,1040
473726,966,1042
473727,964,1041
473728,959,1039
473729,955,1037
473730,956,1035
473731,959,1036
473732,962,1038
473733,966,1036
473734,965,1031
473735,961,1029
473736,960,1029
473737,961,1030
473738,963,1033
473739,958,1033
473740,959,1028
473741,961,1024
473742,963,1026
473743,961,1031
473744,963,1035
473745,965,1033
473746,966,1028
473747,963,1022
473748,959,1022
473749,960,1028
473750,964,1031
473751,965,1029
473752,965,1022
473753,962,1020
473754,961,1022
473755,958,1025
473756,958,1029
473757,960,1026
473758,960,1021
473759,962,1018
473760,962,1018
473761,964,1023
473762,964,1028
473763,965,1025
473764,966,1019
473765,965,1015
473766,966,1016
473767,965,1015
473768,965,1019
473769,963,1020
473770,966,1016
473771,967,1016
473772,965,1013
473773,967,1015
473774,969,1012
473775,973,1009
473776,975,1001
473777,977,997
473778,980,997
473779,982,997
473780,978,998
473781,979,996
473782,980,993
473783,983,986
473784,984,989
473785,986,991
473786,986,991
473787,985,992
473788,986,987
473789,987,989
473790,988,990
473791,991,993
473792,996,988
473793,1001,983
473794,1000,976
473795,996,979
473796,999,982
473797,1001,986
473798,1002,988
473799,1001,988
473800,998,986
473801,997,987
473802,997,990
473803,995,997
473804,999,1004
473805,999,1002
473806,999,1001
473807,993,1001
473808,988,1007
473809,994,1011
473810,996,1017
473811,995,1018
473812,991,1021
473813,988,1020
473814,994,1023
473815,998,1024
473816,997,1027
473817,991,1026
473818,981,1025
473819,980,1022
473820,982,1024
473821,984,1025
473822,984,1029
473823,983,1028
473824,977,1024
473825,980,1026
473826,980,1027
473827,979,1029
473828,982,1034
473829,978,1030
473830,972,1031
473831,972,1030
473832,975,1031
473833,979,1035
473834,983,1033
473835,983,1032
473836,980,1028
473837,973,1025
473838,972,1029
473839,980,1034
473840,983,1037
473841,984,1033
473842,980,1033
473843,975,1031
473844,974,1031
473845,976,1036
473846,981,1037
473847,983,1034
473848,979,1031
473849,976,1031
473850,974,1032
473851,975,1032
473852,977,1034
473853,982,1030
473854,979,1029
473855,973,1026
473856,974,1027
473857,979,1027
473858,984,1029
473859,982,1027
473860,976,1024
473861,976,1023
473862,971,1024
473863,974,1027
473864,981,1030
473865,980,1026
473866,980,1024
473867,981,1022
473868,982,1024
473869,982,1024
473870,982,1024
473871,977,1025
473872,974,1026
473873,977,1022
473874,981,1023
473875,983,1023
473876,985,1027
473877,984,1024
473878,978,1021
473879,973,1022
473880,971,1022
473881,979,1027
473882,980,1027
473883,983,1031
473884,979,1025
473885,977,1024
473886,976,1021
473887,978,1024
473888,979,1027
473889,976,1027
473890,973,1024
473891,971,1024
473892,969,1028
473893,969,1033
473894,973,1035
473895,976,1033
473896,975,1032
473897,972,1031
473898,972,1031
473899,973,1029
473900,979,1031
473901,977,1028
473902,976,1027
473903,973,1030
473904,973,1030
473905,971,1033
473906,974,1031
473907,973,1032
473908,973,1025
473909,970,1024
473910,968,1027
473911,973,1028
473912,974,1031
473913,977,1030
473914,975,1027
473915,973,1025
473916,973,1023
473917,975,1025
473918,976,1027
473919,977,1028
473920,975,1025
473921,974,1022
473922,978,1022
473923,986,1021
473924,1000,1015
473925,1011,1011
473926,1021,1005
473927,1034,1001
473928,1056,998
473929,1090,987
473930,1132,978
473931,1177,968
473932,1217,968
473933,1262,979
473934,1293,1001
473935,1307,1022
473936,1293,1034
473937,1243,1037
473938,1178,1042
473939,1109,1051
473940,1035,1072
473941,973,1089
473942,939,1099
473943,931,1097
473944,947,1081
473945,955,1064
473946,965,1050
473947,973,1043
473948,975,1035
473949,974,1030
473950,966,1027
473951,958,1024
473952,959,1030
473953,960,1033
473954,960,1033
473955,960,1031
473956,957,1026
473957,957,1023
473958,956,1025
473959,960,1030
473960,960,1031
473961,957,1030
473962,954,1025
473963,952,1028
473964,953,1029
473965,955,1033
473966,956,1034
473967,958,1032
473968,955,1031
473969,953,1027
473970,952,1029
473971,955,1032
473972,957,1033
473973,955,1031
473974,955,1029
473975,956,1029
473976,955,1030
473977,955,1032
473978,960,1036
473979,963,1036
473980,961,1032
473981,958,1029
473982,957,1029
473983,958,1031
473984,959,1033
473985,961,1033
473986,962,1028
473987,963,1025
473988,964,1025
473989,968,1026
473990,969,1027
473991,967,1027
473992,959,1026
473993,961,1026
473994,962,1024
473995,966,1025
473996,970,1025
473997,970,1020
473998,967,1013
473999,969,1014
474000,967,1014
474001,972,1018
474002,976,1019
474003,977,1015
474004,974,1010
474005,974,1007
474006,971,1005
474007,976,1009
474008,976,1010
474009,977,1008
474010,977,1003
474011,977,995
474012,978,996
474013,982,999
474014,985,999
474015,986,1000
474016,987,995
474017,985,995
474018,984,999
474019,986,998
474020,992,1002
474021,993,998
474022,994,990
474023,992,990
474024,991,990
474025,993,995
474026,998,999
474027,1000,999
474028,998,994
474029,997,993
474030,999,992
474031,1003,998
474032,1006,1000
474033,1005,1000
474034,1004,998
474035,997,997
474036,1000,1003
474037,1004,1008
474038,1009,1013
474039,1006,1011
474040,1006,1007
474041,1002,1005
474042,1002,1013
474043,1003,1016
474044,999,1023
474045,998,1023
474046,995,1023
474047,992,1027
474048,990,1032
474049,990,1034
474050,992,1035
474051,992,1037
474052,985,1036
474053,979,1034
474054,973,1039
474055,980,1043
474056,980,1046
474057,980,1046
474058,977,1045
474059,974,1045
474060,972,1048
474061,974,1050
474062,975,1050
474063,976,1051
474064,973,1051
474065,968,1049
474066,969,1051
474067,974,1053
474068,979,1054
474069,977,1051
474070,976,1047
474071,973,1045
474072,974,1044
474073,977,1047
474074,982,1048
474075,982,1045
474076,984,1041
474077,980,1039
474078,982,1043
474079,981,1046
474080,982,1050
474081,982,1049
474082,983,1046
474083,985,1041
474084,985,1037
474085,986,1037
474086,987,1040
474087,984,1041
474088,983,1038
474089,979,1036
474090,979,1039
474091,983,1042
474092,986,1045
474093,987,1041
474094,985,1041
474095,983,1038
474096,983,1042
474097,987,1042
474098,986,1041
474099,988,1041
474100,984,1034
474101,984,1036
474102,982,1042
474103,985,1045
474104,986,1045
474105,983,1048
474106,983,1044
474107,979,1042
474108,982,1044
474109,984,1049
474110,983,1051
474111,984,1048
474112,983,1044
474113,984,1039
474114,984,1038
474115,985,1038
474116,988,1040
474117,986,1040
474118,985,1039
474119,981,1041
474120,978,1042
474121,978,1045
474122,983,1047
474123,981,1046
474124,982,1042
474125,978,1040
474126,978,1042
474127,982,1043
474128,984,1047
474129,983,1047
474130,983,1045
474131,982,1043
474132,980,1046
474133,982,1049
474134,985,1053
474135,984,1052
474136,987,1050
474137,980,1046
474138,982,1048
474139,988,1048
474140,989,1047
474141,986,1045
474142,989,1041
474143,984,1041
474144,984,1043
474145,987,1044
474146,993,1042
474147,999,1042
474148,1007,1036
474149,1016,1031
474150,1031,1028
474151,1046,1024
474152,1073,1023
474153,1098,1017
474154,1127,1006
474155,1159,997
474156,1198,994
474157,1239,998
474158,1283,1004
474159,1316,1019
474160,1326,1030
474161,1309,1038
474162,1268,1033
474163,1211,1041
474164,1149,1051
474165,1083,1063
474166,1019,1070
474167,967,1073
474168,948,1076
474169,952,1073
474170,967,1071
474171,982,1062
474172,988,1051
474173,984,1046
474174,981,1045
474175,977,1049
474176,979,1048
474177,978,1048
474178,977,1046
474179,970,1044
474180,965,1045
474181,967,1051
474182,969,1050
474183,970,1051
474184,967,1047
474185,962,1043
474186,961,1046
474187,964,1048
474188,965,1050
474189,967,1051
474190,966,1050
474191,962,1047
474192,961,1050
474193,961,1050
474194,962,1054
474195,965,1049
474196,961,1043
474197,958,1042
474198,961,1047
474199,962,1052
474200,965,1055
474201,963,1053
474202,961,1053
474203,959,1053
474204,957,1055
474205,960,1056
474206,967,1052
474207,967,1049
474208,966,1046
474209,963,1044
474210,962,1042
474211,963,1045
474212,968,1048
474213,966,1047
474214,966,1044
474215,965,1041
474216,966,1043
474217,965,1045
474218,968,1048
474219,969,1044
474220,967,1037
474221,964,1036
474222,965,1036
474223,971,1042
474224,973,1043
474225,971,1038
474226,971,1037
474227,972,1035
474228,972,1035
474229,974,1037
474230,978,1039
474231,983,1037
474232,981,1032
474233,981,1028
474234,979,1030
474235,982,1033
474236,987,1030
474237,989,1025
474238,985,1022
474239,983,1020
474240,989,1021
474241,988,1022
474242,995,1022
474243,997,1017
474244,997,1013
474245,993,1010
474246,995,1010
474247,995,1011
474248,1000,1014
474249,1000,1009
474250,998,1009
474251,997,1008
474252,999,1007
474253,1000,1009
474254,1000,1013
474255,1000,1009
474256,1000,1010
474257,1000,1007
474258,1002,1010
474259,1004,1011
474260,1008,1014
474261,1008,1012
474262,1008,1012
474263,1004,1008
474264,1006,1011
474265,1007,1014
474266,1009,1020
474267,1008,1020
474268,1003,1019
474269,1001,1024
474270,998,1024
474271,999,1028
474272,1000,1031
474273,1000,1029
474274,999,1031
474275,994,1032
474276,994,1035
474277,993,1039
474278,995,1045
474279,992,1047
474280,989,1044
474281,984,1045
474282,987,1046
474283,986,1050
474284,991,1055
474285,991,1052
474286,987,1050
474287,983,1049
474288,982,1051
474289,986,1054
474290,985,1056
474291,982,1060
474292,976,1059
474293,977,1061
474294,975,1057
474295,981,1062
474296,982,1058
474297,983,1053
474298,981,1052
474299,978,1053
474300,975,1058
474301,981,1060
474302,986,1059
474303,986,1057
474304,984,1052
474305,982,1054
474306,985,1053
474307,985,1056
474308,987,1057
474309,987,1054
474310,983,1054
474311,982,1050
474312,982,1050
474313,988,1049
474314,989,1053
474315,988,1053
474316,986,1051
474317,984,1049
474318,982,1046
474319,984,1048
474320,987,1052
474321,984,1050
474322,983,1050
474323,980,1050
474324,980,1046
474325,982,1052
474326,986,1052
474327,984,1055
474328,984,1049
474329,981,1050
474330,982,1053
474331,983,1054
474332,986,1056
474333,986,1053
474334,985,1047
474335,985,1044
474336,982,1044
474337,986,1045
474338,988,1048
474339,991,1049
474340,988,1046
474341,985,1043
474342,986,1047
474343,986,1046
474344,987,1050
474345,985,1053
474346,984,1049
474347,980,1046
474348,981,1046
474349,986,1049
474350,988,1052
474351,987,1052
474352,985,1051
474353,984,1050
474354,986,1049
474355,987,1054
474356,988,1054
474357,987,1051
474358,985,1048
474359,983,1048
474360,983,1051
474361,985,1053
474362,989,1052
474363,989,1051
474364,986,1048
474365,980,1050
474366,982,1054
474367,985,1059
474368,985,1060
474369,983,1056
474370,983,1050
474371,980,1047
474372,981,1049
474373,983,1055
474374,982,1059
474375,985,1055
474376,985,1048
474377,981,1044
474378,980,1048
474379,979,1048
474380,986,1049
474381,993,1042
474382,1001,1038
474383,1008,1034
474384,1024,1033
474385,1044,1033
474386,1073,1028
474387,1102,1017
474388,1140,1005
474389,1178,996
474390,1221,995
474391,1265,1004
474392,1303,1022
474393,1320,1037
474394,1311,1048
474395,1273,1046
474396,1211,1049
474397,1146,1061
474398,1092,1076
474399,1026,1086
474400,974,1091
474401,945,1093
474402,946,1088
474403,962,1081
474404,977,1072
474405,985,1064
474406,988,1057
474407,985,1054
474408,980,1056
474409,979,1058
474410,977,1057
474411,978,1052
474412,976,1052
474413,968,1052
474414,966,1053
474415,966,1054
474416,969,1054
474417,965,1056
474418,961,1051
474419,957,1050
474420,955,1052
474421,959,1053
474422,960,1055
474423,959,1051
474424,958,1050
474425,952,1046
474426,954,1050
474427,952,1053
474428,953,1055
474429,958,1054
474430,957,1052
474431,957,1048
474432,956,1049
474433,958,1050
474434,958,1052
474435,960,1049
474436,959,1048
474437,955,1048
474438,956,1055
474439,957,1056
474440,958,1058
474441,955,1052
474442,956,1051
474443,952,1050
474444,954,1051
474445,960,1053
474446,965,1054
474447,966,1052
474448,963,1053
474449,958,1050
474450,958,1051
474451,961,1055
474452,965,1058
474453,964,1055
474454,963,1048
474455,962,1045
474456,967,1043
474457,968,1043
474458,972,1045
474459,971,1043
474460,969,1040
474461,968,1036
474462,971,1039
474463,973,1039
474464,976,1038
474465,971,1035
474466,970,1032
474467,971,1031
474468,977,1026
474469,980,1025
474470,985,1027
474471,985,1025
474472,983,1027
474473,980,1019
474474,984,1018
474475,988,1017
474476,991,1017
474477,990,1013
474478,986,1011
474479,981,1012
474480,984,1014
474481,988,1017
474482,991,1014
474483,987,1011
474484,986,1011
474485,984,1011
474486,983,1013
474487,988,1013
474488,993,1014
474489,994,1011
474490,989,1013
474491,988,1009
474492,986,1015
474493,990,1017
474494,995,1021
474495,998,1025
474496,999,1022
474497,998,1020
474498,996,1023
474499,999,1023
474500,1003,1025
474501,1003,1024
474502,1001,1023
474503,996,1024
474504,996,1028
474505,999,1036
474506,999,1036
474507,997,1035
474508,994,1033
474509,992,1034
474510,989,1037
474511,991,1043
474512,992,1046
474513,988,1047
474514,985,1045
474515,983,1043
474516,981,1044
474517,980,1046
474518,978,1049
474519,982,1049
474520,977,1046
474521,972,1048
474522,972,1048
474523,973,1050
474524,979,1052
474525,978,1051
474526,975,1050
474527,971,1052
474528,971,1054
474529,971,1059
474530,973,1059
474531,973,1055
474532,969,1055
474533,966,1056
474534,968,1059
474535,972,1061
474536,971,1062
474537,972,1062
474538,972,1059
474539,968,1056
474540,966,1062
474541,971,1068
474542,976,1070
474543,976,1064
474544,975,1061
474545,973,1057
474546,973,1057
474547,977,1061
474548,975,1062
474549,975,1063
474550,974,1059
474551,975,1054
474552,978,1052
474553,978,1053
474554,981,1056
474555,979,1053
474556,973,1054
474557,973,1052
474558,971,1052
474559,976,1050
474560,976,1052
474561,974,1051
474562,971,1047
474563,969,1044
474564,970,1044
474565,974,1046
474566,974,1046
474567,975,1043
474568,971,1043
474569,967,1043
474570,969,1047
474571,972,1048
474572,977,1051
474573,975,1048
474574,971,1050
474575,971,1048
474576,968,1054
474577,971,1059
474578,973,1055
474579,969,1051
474580,971,1045
474581,972,1046
474582,971,1052
474583,970,1055
474584,970,1054
474585,972,1054
474586,968,1048
474587,967,1049
474588,967,1051
474589,968,1057
474590,972,1057
474591,972,1056
474592,968,1053
474593,964,1048
474594,964,1048
474595,967,1051
474596,967,1054
474597,968,1051
474598,966,1052
474599,962,1052
474600,966,1054
474601,970,1058
474602,972,1060
474603,973,1056
474604,970,1054
474605,968,1051
474606,970,1052
474607,968,1053
474608,973,1057
474609,972,1058
474610,972,1053
474611,967,1053
474612,968,1054
474613,970,1055
474614,970,1061
474615,972,1057
474616,966,1056
474617,963,1053
474618,962,1055
474619,967,1062
474620,968,1063
474621,967,1058
474622,967,1053
474623,966,1050
474624,964,1051
474625,966,1053
474626,969,1055
474627,971,1057
474628,966,1055
474629,961,1052
474630,963,1056
474631,965,1055
474632,971,1055
474633,972,1051
474634,967,1048
474635,959,1051
474636,960,1052
474637,964,1054
474638,968,1051
474639,967,1049
474640,966,1048
474641,963,1049
474642,966,1050
474643,965,1054
474644,968,1054
474645,967,1050
474646,966,1048
474647,963,1048
474648,966,1050
474649,969,1053
474650,970,1053
474651,972,1051
474652,968,1050
474653,966,1050
474654,967,1051
474655,973,1054
474656,976,1056
474657,975,1052
474658,973,1049
474659,971,1049
474660,972,1048
474661,974,1050
474662,976,1054
474663,975,1053
474664,974,1051
474665,969,1049
474666,969,1051
474667,970,1054
474668,971,1055
474669,972,1051
474670,973,1048
474671,976,1044
474672,980,1041
474673,989,1041
474674,1002,1041
474675,1016,1037
474676,1031,1029
474677,1057,1021
474678,1090,1010
474679,1127,999
474680,1166,991
474681,1203,985
474682,1240,989
474683,1267,1007
474684,1286,1029
474685,1279,1047
474686,1245,1050
474687,1185,1051
474688,1120,1059
474689,1060,1071
474690,1004,1085
474691,961,1096
474692,939,1104
474693,937,1102
474694,946,1090
474695,956,1076
474696,966,1066
474697,972,1061
474698,974,1060
474699,969,1057
474700,962,1050
474701,956,1048
474702,953,1047
474703,957,1049
474704,960,1049
474705,961,1050
474706,955,1050
474707,951,1049
474708,951,1050
474709,951,1053
474710,952,1054
474711,950,1051
474712,949,1048
474713,944,1049
474714,946,1053
474715,950,1058
474716,955,1057
474717,954,1054
474718,949,1049
474719,948,1048
474720,945,1055
474721,953,1059
474722,957,1058
474723,960,1055
474724,953,1056
474725,952,1057
474726,956,1055
474727,956,1057
474728,963,1053
474729,958,1049
474730,956,1046
474731,951,1043
474732,947,1043
474733,951,1049
474734,954,1048
474735,955,1043
474736,951,1043
474737,946,1040
474738,949,1036
474739,952,1039
474740,952,1037
474741,947,1035
474742,949,1033
474743,949,1034
474744,949,1039
474745,949,1036
474746,952,1036
474747,952,1031
474748,955,1028
474749,953,1020
474750,951,1023
474751,954,1026
474752,958,1025
474753,960,1021
474754,957,1016
474755,959,1015
474756,961,1014
474757,966,1019
474758,966,1020
474759,969,1019
474760,969,1017
474761,969,1016
474762,966,1013
474763,965,1014
474764,969,1014
474765,970,1012
474766,973,1013
474767,971,1011
474768,974,1008
474769,980,1010
474770,982,1011
474771,984,1012
474772,984,1010
474773,985,1007
474774,990,1007
474775,991,1008
474776,993,1006
474777,994,1002
474778,993,999
474779,994,997
474780,996,998
474781,998,1001
474782,1001,1004
474783,1002,1002
474784,1001,1001
474785,998,1001
474786,997,1003
474787,1000,1004
474788,998,1007
474789,1001,1005
474790,997,1002
474791,994,1001
474792,992,1005
474793,993,1008
474794,995,1011
474795,993,1011
474796,992,1009
474797,987,1011
474798,987,1017
474799,990,1023
474800,990,1023
474801,987,1024
474802,981,1024
474803,976,1027
474804,974,1031
474805,979,1032
474806,978,1034
474807,978,1033
474808,976,1032
474809,970,1036
474810,969,1042
474811,969,1047
474812,978,1046
474813,975,1041
474814,974,1040
474815,972,1043
474816,975,1045
474817,978,1047
474818,981,1048
474819,978,1048
474820,977,1047
474821,973,1051
474822,974,1053
474823,978,1057
474824,982,1059
474825,982,1054
474826,981,1048
474827,982,1043
474828,983,1039
474829,980,1042
474830,985,1044
474831,985,1040
474832,983,1039
474833,982,1035
474834,982,1040
474835,985,1043
474836,986,1046
474837,986,1043
474838,982,1039
474839,979,1036
474840,979,1037
474841,984,1040
474842,986,1041
474843,986,1038
474844,984,1035
474845,980,1033
474846,981,1034
474847,983,1036
474848,989,1034
474849,986,1034
474850,983,1032
474851,981,1029
474852,981,1035
474853,982,1041
474854,981,1041
474855,982,1040
474856,981,1040
474857,980,1042
474858,981,1041
474859,988,1040
474860,991,1037
474861,991,1035
474862,987,1035
474863,986,1033
474864,985,1035
474865,988,1038
474866,990,1040
474867,989,1040
474868,986,1041
474869,982,1042
474870,981,1042
474871,986,1043
474872,989,1040
474873,990,1039
474874,986,1034
474875,982,1033
474876,985,1039
474877,986,1041
474878,990,1039
474879,991,1039
474880,989,1038
474881,985,1036
474882,986,1042
474883,987,1042
474884,987,1045
474885,985,1042
474886,983,1041
474887,984,1038
474888,983,1041
474889,986,1039
474890,988,1041
474891,988,1041
474892,983,1039
474893,980,1037
474894,979,1042
474895,982,1044
474896,984,1048
474897,982,1044
474898,980,1037
474899,980,1038
474900,978,1042
474901,983,1045
474902,985,1045
474903,983,1042
474904,981,1041
474905,978,1040
474906,982,1045
474907,983,1046
474908,988,1051
474909,984,1047
474910,986,1050
474911,983,1046
474912,983,1050
474913,983,1052
474914,988,1051
474915,987,1047
474916,986,1043
474917,986,1042
474918,985,1046
474919,984,1049
474920,990,1050
474921,988,1048
474922,986,1042
474923,985,1044
474924,986,1048
474925,986,1053
474926,989,1054
474927,986,1052
474928,985,1049
474929,983,1049
474930,988,1050
474931,993,1051
474932,997,1048
474933,995,1044
474934,994,1039
474935,990,1040
474936,990,1040
474937,996,1039
474938,1004,1038
474939,1011,1034
474940,1018,1031
474941,1035,1030
474942,1055,1027
474943,1084,1022
474944,1118,1010
474945,1159,996
474946,1196,982
474947,1236,977
474948,1274,983
474949,1310,1000
474950,1325,1014
474951,1312,1025
474952,1271,1028
474953,1210,1032
474954,1148,1045
474955,1082,1063
474956,1023,1076
474957,975,1081
474958,957,1080
474959,959,1076
474960,972,1069
474961,984,1060
474962,995,1051
474963,995,1045
474964,990,1042
474965,984,1040
474966,982,1040
474967,981,1043
474968,984,1047
474969,980,1045
474970,977,1039
474971,971,1041
474972,967,1045
474973,972,1049
474974,974,1052
474975,970,1048
474976,968,1042
474977,963,1043
474978,965,1048
474979,967,1049
474980,964,1049
474981,966,1043
474982,965,1043
474983,962,1044
474984,964,1049
474985,965,1054
474986,967,1053
474987,965,1053
474988,961,1051
474989,960,1051
474990,961,1051
474991,965,1054
474992,970,1053
474993,970,1051
474994,967,1049
474995,967,1046
474996,967,1047
474997,971,1048
474998,975,1048
474999,976,1047
475000,972,1041
475001,970,1041
475002,972,1041
475003,975,1046
475004,976,1045
475005,974,1043
475006,971,1041
475007,968,1042
475008,969,1041
475009,974,1042
475010,979,1040
475011,976,1039
475012,976,1040
475013,975,1039
475014,974,1041
475015,978,1040
475016,983,1038
475017,981,1035
475018,978,1032
475019,978,1030
475020,979,1028
475021,981,1027
475022,984,1027
475023,984,1022
475024,982,1017
475025,980,1016
475026,984,1017
475027,990,1020
475028,990,1017
475029,990,1014
475030,991,1010
475031,989,1009
475032,991,1011
475033,994,1014
475034,997,1012
475035,1001,1008
475036,998,1003
475037,993,1006
475038,997,1009
475039,1000,1011
475040,1003,1010
475041,1002,1008
475042,1003,1003
475043,1002,1004
475044,1005,1005
475045,1006,1010
475046,1010,1008
475047,1008,1010
475048,1007,1010
475049,1006,1010
475050,1006,1013
475051,1010,1018
475052,1009,1023
475053,1009,1024
475054,1005,1021
475055,1002,1023
475056,1002,1027
475057,1005,1030
475058,1006,1032
475059,1004,1034
475060,998,1034
475061,996,1035
475062,993,1040
475063,995,1045
475064,998,1047
475065,995,1046
475066,991,1046
475067,989,1049
475068,990,1053
475069,990,1054
475070,994,1056
475071,991,1053
475072,986,1049
475073,983,1051
475074,984,1053
475075,982,1058
475076,986,1059
475077,986,1056
475078,985,1050
475079,983,1046
475080,984,1048
475081,985,1052
475082,987,1054
475083,986,1053
475084,987,1052
475085,984,1051
475086,986,1054
475087,987,1055
475088,988,1056
475089,989,1053
475090,985,1047
475091,985,1048
475092,984,1050
475093,987,1051
475094,989,1051
475095,989,1050
475096,984,1053
475097,984,1052
475098,985,1052
475099,987,1053
475100,990,1054
475101,989,1053
475102,988,1050
475103,984,1048
475104,985,1051
475105,985,1053
475106,987,1052
475107,990,1052
475108,986,1050
475109,984,1048
475110,984,1047
475111,987,1052
475112,986,1054
475113,988,1054
475114,987,1049
475115,984,1049
475116,983,1052
475117,987,1054
475118,988,1056
475119,988,1052
475120,987,1049
475121,987,1047
475122,986,1048
475123,986,1052
475124,987,1052
475125,990,1051
475126,986,1047
475127,984,1047
475128,982,1046
475129,985,1052
475130,985,1052
475131,987,1053
475132,985,1052
475133,983,1050
475134,987,1050
475135,987,1055
475136,990,1053
475137,990,1048
475138,987,1048
475139,981,1049
475140,982,1052
475141,985,1056
475142,988,1053
475143,988,1052
475144,987,1049
475145,980,1052
475146,981,1054
475147,984,1056
475148,986,1054
475149,987,1052
475150,988,1048
475151,982,1049
475152,983,1055
475153,984,1063
475154,987,1063
475155,987,1060
475156,984,1055
475157,980,1055
475158,983,1055
475159,986,1058
475160,990,1060
475161,989,1056
475162,985,1051
475163,983,1051
475164,982,1051
475165,982,1054
475166,985,1055
475167,987,1053
475168,983,1050
475169,984,1049
475170,985,1053
475171,987,1053
475172,990,1054
475173,990,1053
475174,987,1050
475175,982,1049
475176,984,1052
475177,985,1056
475178,989,1056
475179,986,1058
475180,982,1059
475181,977,1056
475182,979,1055
475183,982,1058
475184,987,1058
475185,986,1056
475186,984,1053
475187,981,1054
475188,983,1057
475189,983,1061
475190,984,1060
475191,985,1061
475192,984,1056
475193,984,1055
475194,985,1057
475195,986,1056
475196,989,1055
475197,989,1054
475198,983,1057
475199,980,1053
475200,981,1054
475201,983,1054
475202,989,1048
475203,986,1045
475204,983,1044
475205,978,1045
475206,978,1047
475207,981,1050
475208,988,1051
475209,986,1049
475210,985,1047
475211,983,1045
475212,985,1052
475213,989,1056
475214,989,1057
475215,987,1054
475216,987,1045
475217,986,1046
475218,988,1048
475219,987,1050
475220,989,1052
475221,989,1051
475222,988,1045
475223,986,1046
475224,987,1052
475225,989,1056
475226,990,1058
475227,987,1056
475228,983,1055
475229,980,1059
475230,984,1059
475231,990,1057
475232,991,1053
475233,988,1052
475234,988,1052
475235,985,1051
475236,985,1057
475237,988,1059
475238,991,1056
475239,990,1052
475240,987,1049
475241,984,1048
475242,984,1051
475243,985,1054
475244,987,1056
475245,985,1052
475246,984,1053
475247,981,1046
475248,985,1050
475249,987,1051
475250,990,1056
475251,989,1054
475252,988,1051
475253,987,1046
475254,989,1044
475255,988,1046
475256,988,1048
475257,985,1049
475258,985,1049
475259,986,1050
475260,988,1050
475261,992,1047
475262,995,1048
475263,993,1043
475264,989,1043
475265,990,1045
475266,990,1048
475267,996,1052
475268,1001,1053
475269,1000,1051
475270,996,1045
475271,998,1040
475272,1003,1043
475273,1022,1039
475274,1038,1035
475275,1061,1030
475276,1082,1024
475277,1112,1017
475278,1148,1004
475279,1187,991
475280,1227,984
475281,1270,978
475282,1308,982
475283,1334,995
475284,1332,1017
475285,1296,1031
475286,1232,1040
475287,1157,1045
475288,1090,1052
475289,1031,1058
475290,990,1063
475291,974,1064
475292,981,1055
475293,999,1048
475294,1002,1041
475295,997,1038
475296,989,1046
475297,987,1051
475298,988,1050
475299,982,1047
475300,976,1047
475301,973,1048
475302,968,1051
475303,972,1056
475304,975,1057
475305,972,1058
475306,969,1053
475307,966,1054
475308,967,1058
475309,969,1061
475310,971,1056
475311,971,1054
475312,968,1051
475313,965,1049
475314,967,1053
475315,970,1053
475316,970,1052
475317,972,1051
475318,966,1051
475319,966,1048
475320,968,1051
475321,972,1055
475322,975,1053
475323,976,1052
475324,973,1047
475325,970,1047
475326,973,1050
475327,975,1054
475328,979,1056
475329,973,1054
475330,969,1050
475331,965,1047
475332,966,1051
475333,971,1053
475334,973,1053
475335,974,1050
475336,971,1045
475337,972,1043
475338,971,1044
475339,977,1050
475340,979,1051
475341,977,1047
475342,975,1045
475343,971,1043
475344,972,1046
475345,979,1049
475346,984,1048
475347,982,1046
475348,982,1043
475349,978,1042
475350,982,1042
475351,984,1047
475352,987,1044
475353,987,1039
475354,988,1035
475355,989,1036
475356,990,1035
475357,994,1033
475358,996,1029
475359,995,1024
475360,997,1020
475361,997,1018
475362,1000,1019
475363,1004,1020
475364,1010,1017
475365,1011,1014
475366,1011,1010
475367,1008,1010
475368,1013,1014
475369,1018,1015
475370,1017,1013
475371,1019,1014
475372,1019,1010
475373,1019,1007
475374,1016,1006
475375,1019,1010
475376,1020,1014
475377,1021,1018
475378,1019,1017
475379,1018,1019
475380,1019,1018
475381,1022,1020
475382,1021,1021
475383,1021,1018
475384,1018,1017
475385,1016,1021
475386,1013,1023
475387,1013,1032
475388,1011,1035
475389,1010,1031
475390,1008,1030
475391,1005,1031
475392,1003,1039
475393,1002,1042
475394,1001,1044
475395,999,1044
475396,996,1042
475397,990,1043
475398,990,1048
475399,993,1051
475400,991,1052
475401,993,1054
475402,989,1049
475403,984,1047
475404,985,1049
475405,986,1050
475406,990,1050
475407,990,1046
475408,989,1046
475409,986,1048
475410,985,1049
475411,987,1049
475412,989,1047
475413,989,1046
475414,986,1046
475415,986,1045
475416,987,1050
475417,989,1051
475418,990,1052
475419,988,1053
475420,988,1051
475421,989,1049
475422,989,1051
475423,991,1050
475424,993,1051
475425,990,1050
475426,988,1046
475427,990,1045
475428,989,1049
475429,993,1052
475430,994,1055
475431,994,1051
475432,992,1045
475433,990,1044
475434,989,1045
475435,990,1048
475436,993,1047
475437,993,1045
475438,989,1045
475439,985,1046
475440,990,1047
475441,992,1049
475442,993,1047
475443,991,1042
475444,990,1042
475445,985,1042
475446,987,1047
475447,990,1046
475448,990,1045
475449,993,1042
475450,987,1039
475451,985,1041
475452,984,1044
475453,986,1048
475454,985,1045
475455,989,1044
475456,989,1038
475457,988,1038
475458,989,1038
475459,992,1038
475460,995,1038
475461,992,1037
475462,987,1036
475463,987,1037
475464,988,1042
475465,989,1044
475466,989,1046
475467,990,1043
475468,989,1043
475469,985,1048
475470,987,1051
475471,986,1050
475472,989,1049
475473,989,1045
475474,988,1043
475475,990,1044
475476,985,1046
475477,989,1051
475478,994,1053
475479,995,1048
475480,992,1045
475481,987,1048
475482,984,1049
475483,988,1051
475484,990,1048
475485,993,1042
475486,994,1039
475487,1003,1036
475488,1011,1036
475489,1028,1035
475490,1046,1027
475491,1068,1021
475492,1095,1011
475493,1131,997
475494,1178,992
475495,1226,991
475496,1275,998
475497,1317,1012
475498,1333,1031
475499,1314,1042
475500,1270,1043
475501,1211,1048
475502,1141,1060
475503,1067,1075
475504,999,1082
475505,956,1085
475506,950,1086
475507,964,1076
475508,984,1063
475509,993,1050
475510,989,1044
475511,982,1042
475512,977,1044
475513,978,1050
475514,978,1049
475515,972,1049
475516,968,1048
475517,966,1043
475518,966,1044
475519,967,1048
475520,969,1050
475521,970,1053
475522,965,1050
475523,961,1050
475524,962,1050
475525,961,1050
475526,968,1049
475527,965,1048
475528,962,1046
475529,953,1048
475530,954,1048
475531,961,1050
475532,963,1052
475533,962,1048
475534,962,1046
475535,961,1044
475536,965,1047
475537,964,1048
475538,967,1049
475539,966,1049
475540,963,1042
475541,964,1042
475542,965,1044
475543,968,1045
475544,970,1045
475545,970,1042
475546,968,1041
475547,965,1042
475548,962,1046
475549,968,1048
475550,973,1048
475551,972,1045
475552,972,1041
475553,971,1040
475554,970,1042
475555,973,1047
475556,975,1044
475557,973,1039
475558,973,1035
475559,970,1032
475560,973,1034
475561,975,1034
475562,980,1031
475563,980,1026
475564,977,1020
475565,976,1021
475566,980,1016
475567,984,1018
475568,990,1014
475569,986,1011
475570,985,1012
475571,981,1008
475572,984,1011
475573,987,1012
475574,992,1013
475575,990,1007
475576,993,1001
475577,990,999
475578,991,1001
475579,992,1005
475580,995,1005
475581,996,998
475582,995,996
475583,995,995
475584,998,998
475585,1001,999
475586,1001,998
475587,1002,996
475588,1001,993
475589,1005,993
475590,1005,995
475591,1007,998
475592,1008,999
475593,1006,1001
475594,1001,1001
475595,1000,1007
475596,998,1010
475597,1000,1016
475598,1002,1014
475599,1000,1012
475600,998,1015
475601,995,1016
475602,995,1020
475603,995,1025
475604,994,1026
475605,991,1029
475606,987,1030
475607,986,1034
475608,985,1036
475609,984,1041
475610,987,1038
475611,987,1034
475612,983,1033
475613,977,1036
475614,978,1041
475615,977,1046
475616,974,1048
475617,975,1045
475618,974,1045
475619,972,1043
475620,974,1048
475621,976,1051
475622,979,1050
475623,979,1051
475624,976,1047
475625,974,1049
475626,972,1054
475627,974,1057
475628,974,1059
475629,974,1056
475630,974,1055
475631,972,1054
475632,976,1058
475633,976,1060
475634,977,1059
475635,977,1054
475636,975,1054
475637,975,1053
475638,975,1053
475639,978,1056
475640,983,1055
475641,978,1054
475642,975,1049
475643,971,1050
475644,972,1053
475645,975,1054
475646,977,1050
475647,976,1045
475648,973,1039
475649,972,1039
475650,974,1041
475651,976,1046
475652,980,1043
475653,977,1040
475654,973,1038
475655,970,1039
475656,973,1041
475657,974,1043
475658,977,1042
475659,977,1041
475660,971,1037
475661,970,1040
475662,969,1042
475663,972,1047
475664,975,1047
475665,974,1045
475666,970,1042
475667,968,1046
475668,970,1046
475669,971,1049
475670,974,1045
475671,975,1042
475672,971,1039
475673,968,1040
475674,969,1044
475675,972,1046
475676,976,1048
475677,977,1047
475678,974,1047
475679,975,1048
475680,975,1050
475681,977,1053
475682,975,1054
475683,975,1052
475684,973,1049
475685,973,1050
475686,974,1053
475687,973,1052
475688,976,1049
475689,980,1047
475690,977,1041
475691,975,1043
475692,975,1047
475693,975,1050
475694,975,1048
475695,976,1046
475696,974,1045
475697,969,1048
475698,970,1051
475699,975,1052
475700,977,1051
475701,979,1050
475702,977,1046
475703,974,1044
475704,976,1043
475705,976,1045
475706,978,1044
475707,981,1038
475708,981,1033
475709,985,1029
475710,992,1030
475711,1006,1029
475712,1022,1023
475713,1039,1020
475714,1063,1012
475715,1094,1000
475716,1135,993
475717,1178,991
475718,1218,990
475719,1258,994
475720,1291,1010
475721,1298,1023
475722,1278,1033
475723,1233,1036
475724,1167,1043
475725,1095,1056
475726,1027,1071
475727,969,1084
475728,935,1095
475729,934,1095
475730,949,1086
475731,965,1072
475732,970,1056
475733,970,1049
475734,970,1050
475735,967,1052
475736,966,1049
475737,963,1046
475738,962,1039
475739,956,1042
475740,960,1043
475741,957,1049
475742,960,1046
475743,959,1045
475744,955,1042
475745,950,1041
475746,952,1043
475747,956,1049
475748,960,1048
475749,956,1045
475750,951,1041
475751,950,1042
475752,951,1045
475753,953,1047
475754,958,1045
475755,956,1042
475756,954,1041
475757,949,1042
475758,948,1046
475759,950,1049
475760,953,1045
475761,951,1044
475762,950,1041
475763,947,1043
475764,948,1047
475765,951,1047
475766,950,1047
475767,951,1046
475768,952,1041
475769,948,1044
475770,949,1046
475771,950,1052
475772,951,1049
475773,951,1047
475774,951,1042
475775,950,1038
475776,950,1041
475777,956,1047
475778,960,1046
475779,959,1040
475780,953,1035
475781,955,1035
475782,959,1037
475783,959,1040
475784,965,1035
475785,965,1027
475786,961,1024
475787,962,1023
475788,964,1021
475789,969,1024
475790,972,1019
475791,971,1015
475792,968,1011
475793,963,1012
475794,965,1013
475795,970,1012
475796,977,1012
475797,974,1008
475798,970,1005
475799,966,1004
475800,969,1004
475801,974,1011
475802,979,1010
475803,975,1004
475804,972,998
475805,974,993
475806,978,993
475807,982,994
475808,985,997
475809,985,993
475810,984,994
475811,981,994
475812,984,994
475813,987,997
475814,990,994
475815,990,995
475816,989,992
475817,989,995
475818,987,998
475819,991,1002
475820,994,1005
475821,991,1005
475822,990,1006
475823,988,1010
475824,988,1016
475825,991,1021
475826,992,1020
475827,990,1020
475828,988,1019
475829,985,1023
475830,986,1027
475831,983,1034
475832,983,1035
475833,984,1031
475834,983,1030
475835,980,1031
475836,978,1033
475837,980,1036
475838,978,1036
475839,977,1039
475840,972,1042
475841,969,1043
475842,970,1049
475843,972,1049
475844,972,1049
475845,969,1047
475846,968,1044
475847,967,1047
475848,966,1050
475849,970,1054
475850,972,1053
475851,969,1051
475852,964,1045
475853,964,1044
475854,966,1048
475855,970,1052
475856,974,1052
475857,973,1052
475858,970,1049
475859,968,1051
475860,970,1054
475861,974,1057
475862,976,1052
475863,975,1052
475864,973,1050
475865,971,1050
475866,974,1051
475867,978,1052
475868,978,1048
475869,980,1043
475870,977,1042
475871,975,1042
475872,976,1043
475873,977,1049
475874,980,1049
475875,975,1046
475876,975,1047
475877,971,1045
475878,973,1050
475879,977,1047
475880,984,1046
475881,982,1042
475882,977,1039
475883,973,1042
475884,978,1044
475885,978,1046
475886,982,1044
475887,979,1044
475888,975,1040
475889,971,1042
475890,972,1048
475891,976,1050
475892,980,1047
475893,978,1041
475894,975,1039
475895,974,1040
475896,973,1047
475897,975,1047
475898,979,1049
475899,979,1046
475900,973,1046
475901,972,1045
475902,971,1047
475903,974,1049
475904,976,1047
475905,973,1046
475906,971,1042
475907,965,1044
475908,968,1048
475909,975,1051
475910,976,1049
475911,974,1048
475912,969,1046
475913,967,1047
475914,971,1050
475915,969,1055
475916,973,1052
475917,972,1051
475918,971,1048
475919,972,1050
475920,971,1053
475921,974,1054
475922,978,1054
475923,977,1054
475924,973,1047
475925,965,1048
475926,966,1052
475927,974,1055
475928,979,1055
475929,977,1053
475930,974,1051
475931,972,1049
475932,976,1051
475933,978,1052
475934,979,1051
475935,978,1048
475936,974,1048
475937,970,1046
475938,972,1052
475939,973,1058
475940,979,1057
475941,979,1059
475942,975,1057
475943,973,1055
475944,975,1055
475945,979,1056
475946,981,1055
475947,978,1053
475948,975,1049
475949,972,1049
475950,976,1050
475951,978,1052
475952,979,1053
475953,977,1050
475954,976,1047
475955,974,1049
475956,975,1048
475957,976,1054
475958,979,1054
475959,977,1055
475960,978,1052
475961,976,1051
475962,978,1049
475963,979,1055
475964,981,1051
475965,982,1049
475966,974,1047
475967,975,1051
475968,978,1051
475969,980,1053
475970,983,1052
475971,984,1049
475972,981,1049
475973,977,1047
475974,979,1050
475975,983,1054
475976,984,1051
475977,984,1048
475978,978,1045
475979,980,1048
475980,982,1050
475981,985,1054
475982,987,1056
475983,985,1055
475984,984,1056
475985,982,1054
475986,984,1057
475987,985,1057
475988,987,1056
475989,987,1054
475990,986,1049
475991,985,1046
475992,985,1050
475993,989,1054
475994,990,1050
475995,991,1046
475996,987,1043
475997,987,1043
475998,995,1044
475999,1005,1047
476000,1018,1043
476001,1035,1034
476002,1052,1025
476003,1081,1019
476004,1118,1013
476005,1158,1004
476006,1201,992
476007,1241,989
476008,1277,996
476009,1306,1007
476010,1322,1026
476011,1312,1039
476012,1274,1042
476013,1207,1045
476014,1142,1053
476015,1077,1066
476016,1021,1082
476017,981,1089
476018,966,1092
476019,971,1080
476020,982,1068
476021,990,1061
476022,991,1056
476023,987,1057
476024,983,1054
476025,977,1051
476026,976,1052
476027,974,1051
476028,972,1054
476029,974,1058
476030,975,1057
476031,974,1054
476032,969,1056
476033,966,1057
476034,967,1056
476035,970,1058
476036,969,1058
476037,963,1056
476038,963,1052
476039,963,1051
476040,964,1052
476041,967,1053
476042,965,1055
476043,967,1052
476044,960,1053
476045,961,1052
476046,963,1053
476047,964,1054
476048,966,1051
476049,965,1046
476050,961,1045
476051,957,1046
476052,962,1050
476053,966,1055
476054,970,1054
476055,967,1050
476056,965,1046
476057,963,1048
476058,966,1051
476059,970,1051
476060,971,1046
476061,971,1046
476062,968,1042
476063,966,1043
476064,967,1044
476065,969,1048
476066,970,1049
476067,970,1048
476068,969,1044
476069,972,1045
476070,972,1046
476071,974,1046
476072,977,1045
476073,976,1040
476074,977,1039
476075,974,1040
476076,979,1039
476077,981,1042
476078,985,1040
476079,983,1034
476080,980,1029
476081,983,1032
476082,986,1029
476083,988,1033
476084,991,1029
476085,991,1029
476086,989,1026
476087,987,1026
476088,991,1024
476089,994,1028
476090,994,1026
476091,996,1027
476092,995,1024
476093,994,1021
476094,993,1021
476095,996,1021
476096,998,1021
476097,993,1020
476098,995,1019
476099,993,1020
476100,996,1021
476101,1002,1024
476102,1005,1021
476103,1007,1016
476104,1003,1015
476105,1003,1015
476106,1006,1021
476107,1009,1025
476108,1013,1024
476109,1012,1023
476110,1012,1021
476111,1009,1020
476112,1009,1023
476113,1009,1027
476114,1012,1024
476115,1009,1026
476116,1008,1026
476117,1004,1028
476118,1006,1037
476119,1008,1040
476120,1008,1040
476121,1005,1038
476122,1000,1038
476123,997,1039
476124,999,1045
476125,998,1047
476126,1000,1050
476127,998,1049
476128,994,1046
476129,992,1048
476130,990,1050
476131,995,1054
476132,995,1054
476133,992,1049
476134,989,1049
476135,985,1051
476136,984,1055
476137,987,1062
476138,986,1061
476139,984,1056
476140,984,1055
476141,983,1056
476142,983,1057
476143,988,1058
476144,988,1059
476145,986,1054
476146,985,1054
476147,985,1055
476148,988,1055
476149,992,1057
476150,992,1054
476151,990,1049
476152,990,1049
476153,989,1049
476154,990,1050
476155,993,1052
476156,997,1053
476157,995,1049
476158,989,1045
476159,986,1044
476160,987,1047
476161,994,1045
476162,993,1045
476163,994,1041
476164,993,1037
476165,989,1040
476166,990,1042
476167,989,1044
476168,990,1044
476169,988,1044
476170,986,1042
476171,985,1042
476172,988,1046
476173,990,1048
476174,989,1048
476175,985,1046
476176,983,1044
476177,981,1046
476178,982,1049
476179,984,1050
476180,986,1052
476181,986,1048
476182,983,1049
476183,982,1050
476184,984,1054
476185,984,1055
476186,987,1055
476187,983,1054
476188,979,1053
476189,980,1055
476190,984,1056
476191,988,1055
476192,987,1054
476193,989,1051
476194,984,1051
476195,980,1053
476196,984,1052
476197,987,1054
476198,990,1053
476199,988,1050
476200,987,1048
476201,987,1050
476202,989,1048
476203,989,1052
476204,990,1050
476205,990,1050
476206,984,1045
476207,986,1043
476208,984,1045
476209,986,1048
476210,989,1050
476211,986,1044
476212,986,1044
476213,984,1044
476214,983,1046
476215,985,1047
476216,986,1044
476217,988,1041
476218,986,1039
476219,983,1041
476220,981,1045
476221,984,1050
476222,986,1052
476223,986,1051
476224,983,1048
476225,983,1048
476226,984,1050
476227,986,1051
476228,987,1053
476229,984,1049
476230,982,1048
476231,981,1051
476232,984,1052
476233,986,1057
476234,987,1053
476235,984,1051
476236,981,1051
476237,982,1052
476238,979,1052
476239,986,1056
476240,987,1053
476241,987,1051
476242,983,1052
476243,984,1052
476244,986,1052
476245,989,1055
476246,992,1052
476247,990,1048
476248,988,1046
476249,985,1045
476250,987,1049
476251,988,1051
476252,993,1043
476253,997,1039
476254,997,1032
476255,1006,1029
476256,1019,1030
476257,1038,1032
476258,1056,1026
476259,1081,1021
476260,1105,1007
476261,1138,997
476262,1175,982
476263,1211,978
476264,1245,976
476265,1278,979
476266,1292,992
476267,1292,1007
476268,1271,1020
476269,1227,1024
476270,1174,1029
476271,1111,1043
476272,1052,1058
476273,1007,1072
476274,978,1084
476275,967,1088
476276,970,1088
476277,975,1079
476278,978,1065
476279,984,1053
476280,990,1051
476281,991,1052
476282,988,1054
476283,986,1050
476284,981,1047
476285,975,1049
476286,974,1051
476287,975,1055
476288,973,1054
476289,972,1053
476290,968,1051
476291,966,1053
476292,966,1056
476293,969,1057
476294,971,1056
476295,969,1050
476296,965,1046
476297,962,1046
476298,966,1047
476299,970,1049
476300,971,1047
476301,970,1046
476302,968,1046
476303,966,1048
476304,969,1054
476305,972,1051
476306,972,1052
476307,972,1048
476308,968,1043
476309,967,1045
476310,966,1047
476311,968,1051
476312,969,1046
476313,968,1045
476314,970,1044
476315,966,1045
476316,968,1048
476317,969,1048
476318,973,1047
476319,966,1046
476320,967,1045
476321,968,1047
476322,968,1044
476323,971,1047
476324,974,1045
476325,972,1046
476326,971,1045
476327,970,1046
476328,971,1047
476329,974,1046
476330,975,1041
476331,972,1041
476332,969,1037
476333,968,1035
476334,972,1036
476335,975,1039
476336,975,1041
476337,974,1039
476338,971,1034
476339,970,1030
476340,973,1035
476341,980,1035
476342,982,1032
476343,980,1025
476344,980,1023
476345,978,1023
476346,983,1022
476347,986,1023
476348,989,1022
476349,986,1018
476350,984,1015
476351,986,1015
476352,991,1015
476353,994,1018
476354,998,1014
476355,996,1014
476356,995,1011
476357,994,1009
476358,999,1010
476359,1001,1009
476360,1004,1004
476361,1001,1001
476362,999,1002
476363,1000,1005
476364,1002,1008
476365,1008,1011
476366,1008,1012
476367,1010,1011
476368,1006,1009
476369,1007,1007
476370,1009,1009
476371,1012,1013
476372,1013,1014
476373,1013,1013
476374,1009,1013
476375,1010,1015
476376,1011,1019
476377,1012,1023
476378,1012,1026
476379,1009,1024
476380,1006,1022
476381,1000,1023
476382,1001,1024
476383,1001,1032
476384,1001,1032
476385,995,1037
476386,990,1036
476387,987,1041
476388,987,1041
476389,988,1047
476390,989,1046
476391,987,1046
476392,984,1043
476393,977,1043
476394,977,1045
476395,980,1048
476396,981,1048
476397,979,1046
476398,974,1047
476399,974,1049
476400,974,1053
476401,978,1057
476402,978,1055
476403,979,1053
476404,976,1051
476405,975,1053
476406,978,1057
476407,982,1059
476408,980,1057
476409,981,1052
476410,977,1049
476411,977,1050
476412,983,1052
476413,985,1054
476414,990,1052
476415,989,1046
476416,988,1043
476417,986,1047
476418,988,1050
476419,989,1051
476420,991,1051
476421,988,1046
476422,991,1043
476423,990,1042
476424,992,1040
476425,994,1046
476426,994,1045
476427,995,1045
476428,991,1042
476429,989,1047
476430,990,1049
476431,991,1050
476432,993,1047
476433,989,1045
476434,986,1042
476435,984,1044
476436,984,1044
476437,986,1045
476438,988,1045
476439,986,1043
476440,983,1040
476441,977,1039
476442,979,1043
476443,981,1049
476444,981,1047
476445,979,1047
476446,978,1044
476447,977,1045
476448,981,1047
476449,983,1050
476450,985,1050
476451,980,1047
476452,976,1047
476453,975,1050
476454,975,1051
476455,979,1051
476456,984,1048
476457,986,1042
476458,982,1037
476459,981,1038
476460,979,1041
476461,980,1046
476462,979,1045
476463,980,1045
476464,977,1044
476465,976,1049
476466,978,1049
476467,982,1047
476468,982,1046
476469,982,1046
476470,979,1048
476471,977,1047
476472,979,1047
476473,982,1048
476474,982,1046
476475,980,1043
476476,980,1045
476477,979,1047
476478,980,1050
476479,986,1052
476480,987,1047
476481,983,1044
476482,981,1043
476483,981,1047
476484,983,1049
476485,987,1054
476486,987,1049
476487,987,1047
476488,981,1045
476489,981,1051
476490,982,1051
476491,984,1055
476492,984,1054
476493,981,1049
476494,979,1047
476495,978,1046
476496,980,1047
476497,985,1049
476498,984,1050
476499,981,1050
476500,979,1051
476501,978,1050
476502,981,1053
476503,981,1054
476504,981,1053
476505,979,1049
476506,977,1046
476507,978,1047
476508,978,1050
476509,979,1050
476510,984,1051
476511,980,1048
476512,979,1042
476513,973,1043
476514,977,1048
476515,979,1049
476516,982,1049
476517,980,1048
476518,976,1046
476519,977,1044
476520,977,1048
476521,980,1052
476522,980,1052
476523,981,1051
476524,979,1046
476525,978,1047
476526,982,1051
476527,979,1050
476528,983,1049
476529,981,1047
476530,978,1046
476531,978,1050
476532,980,1053
476533,982,1051
476534,984,1053
476535,985,1051
476536,983,1048
476537,983,1049
476538,984,1051
476539,987,1054
476540,985,1050
476541,984,1048
476542,981,1047
476543,981,1050
476544,983,1051
476545,984,1053
476546,990,1053
476547,985,1051
476548,983,1048
476549,980,1048
476550,979,1054
476551,982,1055
476552,986,1051
476553,986,1048
476554,983,1045
476555,982,1047
476556,988,1049
476557,990,1049
476558,986,1045
476559,987,1044
476560,984,1043
476561,981,1045
476562,985,1049
476563,989,1048
476564,988,1046
476565,989,1043
476566,986,1039
476567,982,1040
476568,981,1043
476569,982,1047
476570,981,1051
476571,981,1046
476572,977,1045
476573,978,1044
476574,979,1048
476575,984,1049
476576,985,1047
476577,984,1047
476578,983,1046
476579,981,1047
476580,984,1051
476581,987,1054
476582,985,1055
476583,982,1053
476584,978,1052
476585,980,1053
476586,985,1054
476587,986,1055
476588,982,1055
476589,982,1056
476590,980,1056
476591,979,1058
476592,984,1056
476593,985,1058
476594,987,1055
476595,985,1054
476596,983,1049
476597,982,1051
476598,983,1052
476599,988,1052
476600,986,1052
476601,985,1051
476602,982,1050
476603,981,1051
476604,987,1051
476605,989,1053
476606,988,1048
476607,989,1043
476608,986,1041
476609,984,1045
476610,984,1049
476611,988,1051
476612,987,1047
476613,986,1046
476614,986,1042
476615,982,1039
476616,985,1041
476617,990,1046
476618,990,1046
476619,990,1043
476620,988,1038
476621,987,1039
476622,988,1043
476623,991,1045
476624,991,1048
476625,987,1045
476626,987,1039
476627,984,1039
476628,990,1044
476629,992,1043
476630,995,1044
476631,992,1044
476632,986,1042
476633,985,1046
476634,986,1053
476635,990,1055
476636,992,1053
476637,991,1048
476638,990,1047
476639,985,1049
476640,991,1055
476641,994,1061
476642,994,1058
476643,994,1052
476644,992,1049
476645,989,1047
476646,993,1049
476647,995,1052
476648,996,1052
476649,995,1047
476650,992,1044
476651,991,1046
476652,993,1052
476653,995,1053
476654,997,1052
476655,996,1047
476656,993,1044
476657,994,1042
476658,996,1044
476659,1001,1046
476660,1004,1041
476661,1000,1038
476662,1001,1034
476663,1002,1033
476664,1011,1032
476665,1023,1030
476666,1037,1028
476667,1057,1022
476668,1076,1014
476669,1101,1010
476670,1134,1009
476671,1166,996
476672,1200,982
476673,1229,974
476674,1263,970
476675,1295,978
476676,1313,993
476677,1311,1014
476678,1274,1023
476679,1209,1027
476680,1148,1035
476681,1093,1045
476682,1045,1056
476683,1010,1065
476684,992,1063
476685,984,1062
476686,992,1056
476687,1001,1051
476688,1001,1049
476689,1003,1048
476690,998,1047
476691,992,1045
476692,983,1046
476693,983,1048
476694,984,1052
476695,982,1055
476696,983,1053
476697,983,1047
476698,980,1044
476699,979,1047
476700,977,1053
476701,977,1056
476702,976,1054
476703,972,1048
476704,972,1046
476705,971,1048
476706,973,1055
476707,975,1057
476708,976,1052
476709,975,1052
476710,972,1046
476711,971,1047
476712,971,1052
476713,971,1055
476714,972,1053
476715,967,1049
476716,963,1051
476717,965,1051
476718,970,1054
476719,972,1057
476720,974,1052
476721,974,1050
476722,973,1047
476723,974,1054
476724,978,1055
476725,979,1058
476726,982,1053
476727,981,1051
476728,978,1050
476729,980,1051
476730,983,1053
476731,983,1056
476732,983,1057
476733,981,1053
476734,979,1051
476735,980,1051
476736,982,1051
476737,986,1051
476738,986,1051
476739,985,1050
476740,982,1047
476741,981,1043
476742,983,1045
476743,986,1046
476744,985,1044
476745,983,1043
476746,981,1039
476747,982,1041
476748,986,1042
476749,990,1042
476750,992,1039
476751,990,1036
476752,988,1030
476753,991,1032
476754,993,1030
476755,994,1033
476756,995,1035
476757,991,1031
476758,991,1029
476759,993,1029
476760,997,1030
476761,999,1029
476762,998,1028
476763,1001,1023
476764,999,1025
476765,998,1028
476766,1004,1029
476767,1009,1031
476768,1006,1024
476769,1008,1021
476770,1008,1017
476771,1009,1019
476772,1011,1023
476773,1016,1025
476774,1017,1026
476775,1016,1020
476776,1016,1019
476777,1016,1019
476778,1020,1021
476779,1023,1024
476780,1025,1026
476781,1025,1023
476782,1022,1023
476783,1025,1023
476784,1028,1025
476785,1030,1029
476786,1029,1029
476787,1027,1027
476788,1025,1026
476789,1025,1028
476790,1024,1032
476791,1028,1033
476792,1026,1031
476793,1027,1027
476794,1020,1026
476795,1016,1030
476796,1018,1034
476797,1019,1038
476798,1015,1039
476799,1010,1037
476800,1005,1036
476801,1001,1038
476802,1001,1043
476803,1002,1044
476804,997,1044
476805,992,1045
476806,988,1043
476807,986,1047
476808,987,1048
476809,987,1053
476810,989,1051
476811,989,1050
476812,987,1047
476813,985,1048
476814,985,1052
476815,986,1053
476816,987,1052
476817,985,1050
476818,983,1047
476819,985,1048
476820,985,1050
476821,990,1051
476822,991,1049
476823,993,1047
476824,987,1046
476825,988,1050
476826,988,1053
476827,993,1058
476828,995,1058
476829,991,1055
476830,990,1050
476831,989,1053
476832,992,1053
476833,996,1052
476834,999,1049
476835,998,1048
476836,995,1045
476837,990,1046
476838,995,1046
476839,997,1047
476840,999,1046
476841,996,1045
476842,995,1045
476843,997,1045
476844,997,1046
476845,1002,1050
476846,1000,1049
476847,997,1046
476848,994,1043
476849,992,1044
476850,994,1046
476851,996,1046
476852,997,1043
476853,993,1040
476854,990,1037
476855,990,1039
476856,993,1042
476857,996,1044
476858,995,1041
476859,990,1038
476860,989,1035
476861,989,1036
476862,993,1038
476863,993,1043
476864,993,1042
476865,992,1040
476866,986,1039
476867,984,1044
476868,988,1047
476869,988,1049
476870,990,1043
476871,990,1039
476872,988,1037
476873,986,1039
476874,986,1043
476875,990,1048
476876,988,1047
476877,987,1043
476878,985,1045
476879,984,1044
476880,986,1050
476881,990,1048
476882,991,1045
476883,987,1040
476884,983,1036
476885,983,1040
476886,986,1043
476887,988,1046
476888,992,1045
476889,987,1042
476890,984,1045
476891,984,1047
476892,984,1050
476893,984,1051
476894,988,1045
476895,986,1046
476896,981,1047
476897,980,1048
476898,982,1051
476899,985,1053
476900,984,1048
476901,980,1047
476902,978,1046
476903,977,1046
476904,978,1050
476905,983,1050
476906,984,1049
476907,981,1048
476908,980,1046
476909,977,1047
476910,980,1048
476911,982,1050
476912,982,1051
476913,980,1048
476914,980,1048
476915,980,1045
476916,979,1045
476917,981,1048
476918,981,1047
476919,979,1046
476920,975,1044
476921,975,1048
476922,979,1053
476923,983,1052
476924,981,1050
476925,978,1046
476926,976,1043
476927,975,1042
476928,982,1048
476929,982,1050
476930,982,1051
476931,981,1050
476932,979,1048
476933,978,1047
476934,983,1049
476935,987,1049
476936,986,1048
476937,984,1046
476938,980,1043
476939,981,1045
476940,983,1050
476941,986,1050
476942,989,1047
476943,983,1043
476944,980,1040
476945,982,1044
476946,982,1046
476947,983,1047
476948,983,1047
476949,978,1044
476950,973,1040
476951,972,1043
476952,977,1044
476953,981,1048
476954,982,1049
476955,982,1043
476956,979,1041
476957,977,1040
476958,981,1042
476959,984,1042
476960,986,1044
476961,984,1042
476962,978,1037
476963,979,1038
476964,980,1042
476965,983,1044
476966,983,1045
476967,979,1043
476968,979,1041
476969,978,1041
476970,981,1044
476971,983,1049
476972,981,1047
476973,978,1045
476974,973,1047
476975,973,1050
476976,975,1053
476977,981,1055
476978,982,1054
476979,982,1046
476980,979,1045
476981,977,1047
476982,978,1050
476983,978,1052
476984,977,1049
476985,981,1047
476986,981,1042
476987,980,1045
476988,981,1045
476989,983,1048
476990,986,1045
476991,984,1042
476992,979,1040
476993,978,1042
476994,978,1045
476995,983,1048
476996,984,1047
476997,984,1043
476998,982,1042
476999,984,1047
477000,983,1051
477001,982,1052
477002,981,1049
477003,981,1044
477004,977,1042
477005,976,1044
477006,979,1045
477007,983,1047
477008,985,1043
477009,985,1039
477010,982,1036
477011,982,1040
477012,984,1040
477013,987,1043
477014,986,1041
477015,983,1038
477016,979,1038
477017,980,1044
477018,978,1044
477019,982,1049
477020,982,1049
477021,981,1046
477022,979,1044
477023,977,1045
477024,974,1047
477025,979,1049
477026,980,1047
477027,981,1046
477028,978,1044
477029,975,1045
477030,975,1046
477031,980,1049
477032,981,1050
477033,979,1047
477034,972,1042
477035,973,1042
477036,974,1042
477037,977,1044
477038,977,1043
477039,977,1043
477040,973,1042
477041,972,1045
477042,975,1046
477043,984,1046
477044,987,1043
477045,980,1042
477046,978,1041
477047,976,1044
477048,977,1045
477049,979,1047
477050,982,1046
477051,979,1041
477052,979,1040
477053,977,1040
477054,976,1042
477055,981,1046
477056,982,1044
477057,983,1043
477058,977,1039
477059,976,1045
477060,979,1046
477061,979,1046
477062,982,1043
477063,981,1040
477064,978,1036
477065,977,1040
477066,979,1039
477067,981,1041
477068,981,1038
477069,981,1036
477070,978,1037
477071,978,1039
477072,981,1038
477073,985,1041
477074,986,1040
477075,982,1037
477076,977,1038
477077,980,1037
477078,984,1041
477079,987,1045
477080,986,1039
477081,987,1036
477082,982,1036
477083,980,1035
477084,981,1040
477085,983,1044
477086,983,1045
477087,984,1045
477088,982,1043
477089,982,1041
477090,987,1045
477091,991,1048
477092,994,1045
477093,992,1046
477094,985,1046
477095,985,1047
477096,987,1048
477097,992,1050
477098,992,1045
477099,990,1043
477100,986,1041
477101,987,1041
477102,987,1047
477103,991,1050
477104,994,1049
477105,990,1048
477106,986,1040
477107,990,1038
477108,997,1038
477109,999,1038
477110,995,1035
477111,995,1032
477112,994,1029
477113,994,1028
477114,996,1028
477115,1005,1029
477116,1013,1026
477117,1026,1022
477118,1041,1012
477119,1067,1012
477120,1099,1006
477121,1134,994
477122,1171,978
477123,1205,971
477124,1243,966
477125,1281,975
477126,1309,989
477127,1318,1006
477128,1288,1013
477129,1229,1015
477130,1163,1020
477131,1104,1033
477132,1050,1052
477133,1006,1064
477134,978,1071
477135,967,1072
477136,971,1067
477137,981,1064
477138,990,1061
477139,999,1051
477140,995,1050
477141,991,1045
477142,985,1043
477143,981,1045
477144,980,1042
477145,983,1044
477146,979,1044
477147,975,1044
477148,968,1039
477149,969,1041
477150,972,1043
477151,975,1045
477152,973,1044
477153,970,1042
477154,966,1039
477155,965,1039
477156,967,1039
477157,969,1043
477158,968,1042
477159,967,1040
477160,967,1042
477161,964,1042
477162,965,1040
477163,970,1044
477164,969,1043
477165,969,1043
477166,966,1041
477167,965,1043
477168,966,1043
477169,969,1048
477170,969,1045
477171,969,1044
477172,967,1045
477173,969,1045
477174,972,1047
477175,971,1051
477176,973,1047
477177,973,1040
477178,973,1035
477179,971,1037
477180,972,1043
477181,975,1044
477182,975,1042
477183,974,1042
477184,971,1034
477185,970,1036
477186,972,1038
477187,975,1043
477188,975,1040
477189,974,1035
477190,975,1036
477191,972,1035
477192,971,1036
477193,981,1033
477194,980,1031
477195,979,1026
477196,978,1027
477197,980,1025
477198,985,1025
477199,985,1025
477200,984,1025
477201,982,1021
477202,981,1019
477203,984,1019
477204,989,1020
477205,992,1019
477206,993,1021
477207,992,1015
477208,993,1010
477209,995,1014
477210,999,1014
477211,999,1016
477212,1001,1011
477213,1000,1009
477214,996,1004
477215,1000,1007
477216,1001,1011
477217,1002,1014
477218,1006,1010
477219,1007,1007
477220,1004,1009
477221,1005,1009
477222,1004,1013
477223,1010,1015
477224,1009,1012
477225,1008,1011
477226,1004,1012
477227,1006,1017
477228,1010,1016
477229,1015,1017
477230,1015,1017
477231,1012,1014
477232,1009,1011
477233,1010,1012
477234,1009,1014
477235,1015,1016
477236,1010,1017
477237,1009,1017
477238,1005,1016
477239,1002,1021
477240,1007,1025
477241,1009,1028
477242,1007,1023
477243,1004,1026
477244,997,1024
477245,995,1028
477246,996,1036
477247,998,1036
477248,998,1036
477249,993,1034
477250,988,1034
477251,983,1041
477252,989,1045
477253,991,1050
477254,989,1046
477255,990,1049
477256,984,1046
477257,987,1051
477258,988,1051
477259,994,1049
477260,994,1046
477261,992,1043
477262,986,1043
477263,989,1048
477264,990,1052
477265,994,1051
477266,995,1048
477267,991,1046
477268,990,1042
477269,990,1042
477270,993,1042
477271,994,1046
477272,996,1044
477273,993,1043
477274,991,1040
477275,991,1039
477276,993,1043
477277,998,1042
477278,996,1038
477279,997,1039
477280,993,1036
477281,992,1039
477282,991,1038
477283,994,1040
477284,994,1042
477285,994,1036
477286,994,1033
477287,991,1034
477288,993,1038
477289,996,1040
477290,995,1041
477291,994,1038
477292,992,1033
477293,991,1036
477294,995,1039
477295,997,1040
477296,995,1037
477297,994,1033
477298,991,1033
477299,992,1037
477300,995,1038
477301,997,1042
477302,998,1041
477303,996,1042
477304,991,1039
477305,994,1039
477306,997,1039
477307,997,1043
477308,997,1042
477309,996,1039
477310,995,1038
477311,996,1041
477312,996,1042
477313,1000,1045
477314,998,1044
477315,995,1042
477316,992,1041
477317,995,1046
477318,995,1045
477319,998,1046
477320,997,1044
477321,996,1041
477322,994,1040
477323,995,1043
477324,999,1043
477325,1000,1046
477326,1002,1044
477327,997,1040
477328,996,1042
477329,993,1040
477330,995,1041
477331,995,1044
477332,994,1043
477333,995,1040
477334,992,1037
477335,991,1037
477336,996,1039
477337,997,1044
477338,999,1042
477339,995,1040
477340,994,1040
477341,993,1041
477342,995,1040
477343,994,1039
477344,995,1039
477345,997,1036
477346,998,1037
477347,999,1038
477348,1002,1044
477349,1002,1048
477350,999,1043
477351,996,1037
477352,997,1038
477353,994,1043
477354,996,1044
477355,1001,1047
477356,1000,1045
477357,998,1040
477358,995,1039
477359,992,1038
477360,995,1038
477361,998,1043
477362,1000,1041
477363,998,1042
477364,995,1039
477365,996,1039
477366,998,1043
477367,998,1041
477368,1000,1041
477369,998,1037
477370,991,1038
477371,993,1041
477372,1000,1040
477373,1004,1038
477374,1007,1031
477375,1011,1027
477376,1017,1025
477377,1030,1023
477378,1045,1021
477379,1066,1024
477380,1101,1017
477381,1137,1003
477382,1173,987
477383,1217,982
477384,1261,982
477385,1306,988
477386,1336,1000
477387,1340,1010
477388,1307,1019
477389,1247,1025
477390,1181,1036
477391,1114,1051
477392,1046,1070
477393,988,1082
477394,960,1086
477395,966,1087
477396,984,1078
477397,1000,1066
477398,1005,1053
477399,1004,1049
477400,997,1044
477401,995,1047
477402,999,1046
477403,996,1045
477404,994,1043
477405,989,1040
477406,982,1038
477407,981,1039
477408,982,1040
477409,983,1042
477410,984,1041
477411,982,1039
477412,981,1034
477413,981,1038
477414,982,1038
477415,981,1041
477416,982,1043
477417,979,1043
477418,976,1039
477419,975,1041
477420,978,1042
477421,979,1045
477422,983,1044
477423,982,1037
477424,981,1037
477425,977,1040
477426,979,1043
477427,981,1045
477428,983,1048
477429,980,1045
477430,982,1040
477431,983,1040
477432,985,1041
477433,988,1042
477434,990,1040
477435,985,1042
477436,984,1043
477437,983,1043
477438,986,1045
477439,988,1044
477440,991,1041
477441,992,1037
477442,992,1033
477443,993,1032
477444,996,1032
477445,1001,1034
477446,996,1029
477447,994,1025
477448,994,1023
477449,991,1023
477450,994,1027
477451,999,1030
477452,998,1029
477453,1000,1028
477454,995,1027
477455,1000,1025
477456,1002,1025
477457,1003,1026
477458,1006,1024
477459,1004,1017
477460,1002,1011
477461,1004,1013
477462,1005,1014
477463,1010,1017
477464,1009,1014
477465,1009,1010
477466,1010,1009
477467,1010,1007
477468,1013,1006
477469,1016,1004
477470,1016,1001
477471,1015,997
477472,1010,995
477473,1010,998
477474,1017,1001
477475,1022,1000
477476,1022,999
477477,1020,994
477478,1017,990
477479,1020,993
477480,1024,996
477481,1024,995
477482,1025,994
477483,1021,997
477484,1020,997
477485,1022,1000
477486,1029,1003
477487,1032,1003
477488,1026,1001
477489,1025,1002
477490,1025,1003
477491,1023,1008
477492,1027,1013
477493,1028,1018
477494,1025,1018
477495,1024,1018
477496,1021,1021
477497,1019,1025
477498,1020,1030
477499,1021,1035
477500,1018,1035
477501,1018,1034
477502,1011,1031
477503,1011,1033
477504,1011,1037
477505,1010,1042
477506,1006,1041
477507,1000,1044
477508,997,1043
477509,998,1043
477510,996,1048
477511,996,1051
477512,998,1048
477513,994,1045
477514,993,1043
477515,992,1044
477516,992,1048
477517,999,1046
477518,995,1044
477519,994,1042
477520,990,1045
477521,990,1049
477522,990,1051
477523,996,1050
477524,991,1048
477525,991,1046
477526,990,1046
477527,991,1048
477528,993,1050
477529,996,1050
477530,997,1048
477531,993,1048
477532,989,1048
477533,990,1048
477534,993,1050
477535,998,1049
477536,998,1048
477537,996,1044
477538,999,1041
477539,1001,1045
477540,1013,1048
477541,1018,1051
477542,1022,1050
477543,1025,1050
477544,1022,1048
477545,1025,1051
477546,1034,1056
477547,1043,1056
477548,1054,1050
477549,1068,1036
477550,1078,1020
477551,1091,1009
477552,1103,998
477553,1120,988
477554,1136,973
477555,1150,954
477556,1164,937
477557,1183,919
477558,1209,898
477559,1229,878
477560,1244,860
477561,1257,848
477562,1267,834
477563,1274,828
477564,1277,825
477565,1277,823
477566,1275,821
477567,1263,814
477568,1257,816
477569,1243,815
477570,1231,818
477571,1213,826
477572,1191,832
477573,1162,839
477574,1136,848
477575,1109,860
477576,1088,874
477577,1075,887
477578,1068,901
477579,1060,915
477580,1054,928
477581,1052,936
477582,1051,949
477583,1050,955
477584,1053,966
477585,1062,971
477586,1074,978
477587,1090,982
477588,1110,986
477589,1112,990
477590,1087,995
477591,1042,1002
477592,996,1014
477593,968,1035
477594,955,1053
477595,955,1071
477596,951,1083
477597,944,1086
477598,937,1088
477599,932,1090
477600,931,1096
477601,933,1101
477602,929,1100
477603,926,1100
477604,921,1100
477605,918,1106
477606,919,1112
477607,921,1113
477608,918,1114
477609,913,1108
477610,911,1109
477611,910,1111
477612,914,1115
477613,912,1119
477614,911,1120
477615,907,1120
477616,903,1120
477617,901,1122
477618,902,1126
477619,903,1130
477620,900,1134
477621,901,1135
477622,897,1133
477623,898,1140
477624,898,1145
477625,899,1151
477626,898,1150
477627,897,1150
477628,892,1152
477629,893,1157
477630,894,1162
477631,895,1165
477632,889,1168
477633,886,1169
477634,885,1173
477635,884,1174
477636,885,1177
477637,888,1183
477638,887,1182
477639,886,1181
477640,882,1181
477641,883,1187
477642,888,1194
477643,889,1197
477644,891,1195
477645,891,1197
477646,893,1193
477647,896,1194
477648,901,1197
477649,906,1197
477650,910,1195
477651,910,1191
477652,910,1191
477653,912,1190
477654,919,1189
477655,928,1185
477656,932,1182
477657,933,1175
477658,932,1171
477659,939,1171
477660,946,1170
477661,954,1166
477662,959,1158
477663,960,1146
477664,962,1137
477665,966,1132
477666,967,1130
477667,974,1127
477668,976,1122
477669,975,1116
477670,972,1113
477671,973,1110
477672,976,1109
477673,979,1104
477674,985,1097
477675,982,1089
477676,980,1082
477677,979,1079
477678,984,1075
477679,986,1072
477680,984,1070
477681,981,1066
477682,979,1062
477683,977,1065
477684,977,1067
477685,980,1068
477686,980,1067
477687,977,1064
477688,972,1065
477689,976,1064
477690,983,1063
477691,984,1058
477692,986,1053
477693,981,1051
477694,978,1051
477695,978,1052
477696,980,1054
477697,985,1055
477698,986,1051
477699,981,1049
477700,977,1050
477701,979,1053
477702,984,1055
477703,988,1055
477704,987,1054
477705,987,1050
477706,984,1048
477707,982,1050
477708,985,1053
477709,988,1053
477710,991,1051
477711,991,1048
477712,988,1047
477713,987,1051
477714,990,1053
477715,989,1053
477716,989,1050
477717,989,1049
477718,993,1043
477719,992,1042
477720,995,1045
477721,996,1047
477722,996,1047
477723,991,1044
477724,990,1043
477725,991,1043
477726,991,1045
477727,992,1047
477728,992,1046
477729,990,1038
477730,987,1040
477731,988,1042
477732,990,1045
477733,993,1049
477734,991,1048
477735,984,1046
477736,983,1044
477737,983,1045
477738,985,1049
477739,989,1052
477740,984,1051
477741,986,1046
477742,984,1046
477743,982,1049
477744,985,1052
477745,990,1051
477746,986,1045
477747,986,1043
477748,983,1042
477749,983,1046
477750,986,1047
477751,991,1047
477752,989,1044
477753,987,1047
477754,986,1050
477755,988,1049
477756,993,1047
477757,995,1043
477758,993,1042
477759,989,1040
477760,988,1041
477761,988,1043
477762,989,1047
477763,990,1048
477764,990,1047
477765,989,1045
477766,988,1045
477767,991,1045
477768,993,1046
477769,996,1049
477770,996,1046
477771,995,1039
477772,992,1039
477773,992,1041
477774,994,1044
477775,999,1043
477776,999,1040
477777,997,1037
477778,995,1037
477779,994,1040
477780,997,1046
477781,996,1046
477782,992,1045
477783,989,1044
477784,989,1042
477785,988,1045
477786,990,1045
477787,996,1046
477788,992,1045
477789,992,1047
477790,989,1046
477791,989,1047
477792,991,1051
477793,996,1052
477794,998,1047
477795,997,1043
477796,996,1042
477797,995,1044
477798,995,1048
477799,998,1047
477800,997,1043
477801,994,1036
477802,991,1039
477803,992,1040
477804,994,1045
477805,999,1044
477806,999,1040
477807,995,1038
477808,997,1042
477809,998,1042
477810,999,1042
477811,1002,1037
477812,1002,1038
477813,999,1034
477814,996,1033
477815,1003,1032
477816,1009,1031
477817,1019,1033
477818,1031,1028
477819,1045,1019
477820,1066,1014
477821,1091,1010
477822,1128,1006
477823,1170,993
477824,1211,980
477825,1249,975
477826,1285,982
477827,1307,1001
477828,1309,1022
477829,1283,1035
477830,1225,1039
477831,1160,1047
477832,1091,1057
477833,1033,1073
477834,989,1089
477835,970,1096
477836,971,1093
477837,983,1078
477838,994,1065
477839,1005,1055
477840,1006,1046
477841,1004,1045
477842,1001,1042
477843,995,1040
477844,992,1041
477845,989,1041
477846,989,1042
477847,987,1046
477848,988,1042
477849,985,1039
477850,980,1038
477851,981,1044
477852,983,1047
477853,982,1050
477854,979,1048
477855,979,1042
477856,977,1042
477857,974,1040
477858,975,1044
477859,978,1044
477860,980,1045
477861,974,1041
477862,970,1043
477863,972,1045
477864,975,1051
477865,977,1052
477866,978,1051
477867,975,1043
477868,975,1038
477869,974,1039
477870,975,1040
477871,978,1044
477872,979,1045
477873,977,1044
477874,975,1045
477875,975,1046
477876,978,1047
477877,980,1048
477878,979,1043
477879,979,1041
477880,979,1039
477881,978,1039
477882,980,1039
477883,984,1037
477884,983,1035
477885,983,1032
477886,979,1029
477887,979,1034
477888,981,1036
477889,983,1036
477890,982,1034
477891,980,1028
477892,978,1029
477893,979,1027
477894,981,1027
477895,987,1029
477896,988,1030
477897,988,1023
477898,988,1022
477899,988,1021
477900,993,1020
477901,997,1016
477902,995,1016
477903,994,1012
477904,994,1010
477905,997,1012
477906,1001,1014
477907,1006,1016
477908,1004,1015
477909,1003,1010
477910,997,1010
477911,999,1012
477912,1003,1012
477913,1006,1011
477914,1011,1007
477915,1009,1004
477916,1009,1004
477917,1011,1007
477918,1015,1007
477919,1019,1007
477920,1018,1004
477921,1019,1002
477922,1020,1001
477923,1022,1004
477924,1028,1006
477925,1032,1008
477926,1032,1003
477927,1031,998
477928,1027,1000
477929,1028,1002
477930,1033,1007
477931,1030,1010
477932,1032,1013
477933,1027,1016
477934,1027,1017
477935,1028,1020
477936,1026,1020
477937,1028,1020
477938,1025,1022
477939,1019,1023
477940,1016,1026
477941,1014,1032
477942,1016,1036
477943,1016,1040
477944,1014,1040
477945,1010,1036
477946,1008,1035
477947,1008,1037
477948,1009,1041
477949,1008,1043
477950,1005,1043
477951,1002,1042
477952,997,1042
477953,999,1047
477954,999,1051
477955,1007,1053
477956,1004,1050
477957,1003,1050
477958,1000,1051
477959,1001,1051
477960,1002,1054
477961,1004,1050
477962,1004,1046
477963,999,1040
477964,997,1041
477965,998,1045
477966,1000,1045
477967,1003,1041
477968,1003,1034
477969,1000,1034
477970,996,1031
477971,998,1037
477972,1000,1039
477973,1004,1041
477974,1001,1037
477975,999,1036
477976,997,1034
477977,998,1036
477978,1001,1039
477979,1004,1041
477980,1002,1042
477981,997,1041
477982,994,1040
477983,998,1038
477984,997,1039
477985,998,1039
477986,1000,1038
477987,998,1037
477988,991,1038
477989,993,1041
477990,997,1042
477991,1001,1042
477992,999,1037
477993,997,1035
477994,995,1034
477995,992,1039
477996,1000,1041
477997,1003,1041
477998,1001,1039
477999,999,1038
478000,995,1037
478001,997,1038
478002,1001,1042
478003,1003,1042
478004,1000,1042
478005,995,1041
478006,992,1045
478007,992,1045
478008,998,1047
478009,1002,1047
478010,1002,1047
478011,999,1041
478012,995,1038
478013,998,1036
478014,999,1038
478015,1004,1036
478016,1001,1039
478017,995,1035
478018,997,1035
478019,995,1038
478020,996,1039
478021,995,1039
478022,994,1035
478023,993,1030
478024,990,1032
478025,992,1039
478026,992,1043
478027,998,1045
478028,995,1045
478029,995,1043
478030,988,1046
478031,990,1047
478032,992,1049
478033,991,1050
478034,992,1048
478035,991,1048
478036,989,1050
478037,991,1051
478038,992,1054
478039,995,1047
478040,994,1041
478041,993,1037
478042,992,1035
478043,993,1040
478044,996,1043
478045,1000,1045
478046,1000,1044
478047,996,1041
478048,996,1042
478049,999,1042
478050,1001,1043
478051,1002,1040
478052,1000,1036
478053,994,1033
478054,995,1035
478055,1000,1034
478056,1003,1034
478057,1005,1030
478058,1006,1027
478059,1008,1021
478060,1017,1021
478061,1030,1018
478062,1043,1019
478063,1066,1017
478064,1093,1011
478065,1126,997
478066,1168,982
478067,1213,972
478068,1259,975
478069,1303,978
478070,1324,994
478071,1313,1007
478072,1269,1011
478073,1207,1014
478074,1139,1031
478075,1078,1049
478076,1016,1068
478077,974,1080
478078,958,1085
478079,971,1083
478080,988,1073
478081,999,1062
478082,1006,1054
478083,1002,1048
478084,995,1048
478085,988,1047
478086,987,1048
478087,986,1049
478088,982,1048
478089,980,1044
478090,977,1043
478091,977,1046
478092,980,1051
478093,984,1051
478094,982,1047
478095,979,1047
478096,975,1047
478097,976,1047
478098,978,1046
478099,981,1045
478100,980,1045
478101,976,1044
478102,970,1044
478103,972,1043
478104,975,1043
478105,978,1044
478106,979,1039
478107,978,1037
478108,974,1035
478109,976,1034
478110,977,1034
478111,978,1038
478112,976,1038
478113,975,1036
478114,975,1037
478115,974,1038
478116,979,1040
478117,977,1037
478118,978,1038
478119,976,1035
478120,974,1033
478121,976,1034
478122,977,1034
478123,980,1033
478124,979,1034
478125,978,1031
478126,975,1031
478127,977,1035
478128,980,1038
478129,984,1038
478130,982,1033
478131,979,1029
478132,977,1025
478133,978,1024
478134,981,1029
478135,984,1027
478136,984,1024
478137,983,1018
478138,981,1016
478139,985,1017
478140,985,1019
478141,990,1018
478142,985,1011
478143,985,1012
478144,982,1007
478145,981,1010
478146,988,1012
478147,989,1012
478148,990,1009
478149,988,1006
478150,989,1001
478151,993,1004
478152,993,1009
478153,997,1009
478154,997,1009
478155,1000,1007
478156,999,1002
478157,1000,1005
478158,1002,1008
478159,1004,1006
478160,1004,1009
478161,1006,1004
478162,1005,999
478163,1004,1003
478164,1007,1006
478165,1008,1007
478166,1010,1005
478167,1009,1003
478168,1008,999
478169,1012,1003
478170,1014,1004
478171,1018,1006
478172,1015,1008
478173,1010,1010
478174,1006,1013
478175,1007,1017
478176,1010,1018
478177,1009,1021
478178,1007,1021
478179,1003,1020
478180,1001,1019
478181,997,1025
478182,1000,1028
478183,1002,1033
478184,997,1034
478185,998,1030
478186,990,1032
478187,989,1034
478188,991,1040
478189,994,1040
478190,993,1039
478191,987,1040
478192,983,1041
478193,984,1044
478194,985,1040
478195,988,1040
478196,987,1041
478197,985,1038
478198,983,1040
478199,988,1040
478200,990,1041
478201,993,1044
478202,989,1040
478203,986,1039
478204,983,1042
478205,984,1045
478206,984,1048
478207,988,1047
478208,988,1048
478209,986,1045
478210,984,1047
478211,983,1047
478212,989,1048
478213,993,1045
478214,993,1042
478215,989,1038
478216,988,1039
478217,988,1041
478218,990,1043
478219,993,1042
478220,993,1037
478221,988,1035
478222,986,1031
478223,987,1034
478224,988,1035
478225,991,1037
478226,990,1036
478227,985,1038
478228,982,1037
478229,986,1035
478230,988,1033
478231,991,1030
478232,989,1026
478233,989,1025
478234,983,1028
478235,985,1030
478236,984,1036
478237,986,1036
478238,985,1036
478239,986,1035
478240,985,1035
478241,986,1035
478242,988,1038
478243,986,1040
478244,984,1042
478245,981,1043
478246,982,1043
478247,984,1042
478248,988,1043
478249,990,1043
478250,988,1042
478251,984,1039
478252,978,1041
478253,982,1044
478254,984,1046
478255,982,1044
478256,982,1041
478257,981,1035
478258,980,1032
478259,978,1034
478260,982,1037
478261,987,1037
478262,987,1039
478263,982,1039
478264,979,1039
478265,977,1038
478266,979,1042
478267,980,1043
478268,982,1040
478269,980,1038
478270,978,1038
478271,977,1039
478272,980,1042
478273,983,1041
478274,983,1040
478275,979,1038
478276,973,1039
478277,976,1040
478278,983,1043
478279,983,1040
478280,980,1039
478281,978,1037
478282,978,1035
478283,978,1039
478284,978,1040
478285,980,1046
478286,981,1045
478287,981,1042
478288,976,1038
478289,976,1037
478290,978,1037
478291,979,1038
478292,979,1034
478293,980,1033
478294,978,1035
478295,976,1042
478296,979,1046
478297,983,1045
478298,981,1039
478299,977,1038
478300,977,1040
478301,979,1039
478302,981,1046
478303,982,1044
478304,981,1044
478305,983,1038
478306,979,1038
478307,981,1040
478308,982,1043
478309,983,1043
478310,984,1042
478311,983,1043
478312,981,1044
478313,981,1045
478314,984,1043
478315,987,1038
478316,987,1033
478317,983,1032
478318,980,1037
478319,981,1041
478320,984,1044
478321,985,1044
478322,984,1044
478323,980,1038
478324,976,1039
478325,980,1041
478326,979,1046
478327,981,1045
478328,983,1040
478329,984,1038
478330,983,1039
478331,983,1042
478332,981,1045
478333,984,1043
478334,983,1043
478335,978,1041
478336,977,1042
478337,973,1043
478338,976,1045
478339,981,1044
478340,982,1041
478341,979,1040
478342,975,1040
478343,975,1043
478344,978,1044
478345,982,1043
478346,983,1043
478347,982,1038
478348,977,1037
478349,980,1041
478350,982,1043
478351,984,1040
478352,983,1039
478353,981,1034
478354,981,1036
478355,985,1035
478356,984,1039
478357,985,1037
478358,987,1037
478359,987,1034
478360,984,1033
478361,984,1035
478362,988,1037
478363,992,1037
478364,990,1037
478365,987,1038
478366,986,1036
478367,985,1041
478368,986,1043
478369,990,1044
478370,991,1039
478371,990,1036
478372,988,1038
478373,988,1040
478374,990,1041
478375,997,1038
478376,1002,1031
478377,1008,1023
478378,1018,1024
478379,1035,1022
478380,1057,1018
478381,1085,1013
478382,1116,1001
478383,1150,986
478384,1186,978
478385,1224,977
478386,1267,983
478387,1301,994
478388,1309,1009
478389,1286,1018
478390,1237,1024
478391,1174,1033
478392,1117,1046
478393,1063,1061
478394,1008,1071
478395,970,1074
478396,954,1079
478397,961,1082
478398,977,1076
478399,987,1064
478400,992,1049
478401,989,1042
478402,986,1038
478403,981,1041
478404,977,1049
478405,980,1046
478406,981,1041
478407,978,1038
478408,974,1032
478409,974,1036
478410,973,1039
478411,972,1040
478412,975,1039
478413,970,1039
478414,965,1040
478415,968,1042
478416,970,1041
478417,973,1042
478418,968,1040
478419,966,1040
478420,964,1039
478421,966,1041
478422,968,1043
478423,971,1042
478424,967,1041
478425,965,1042
478426,961,1042
478427,966,1043
478428,969,1042
478429,968,1044
478430,965,1042
478431,962,1046
478432,960,1045
478433,963,1045
478434,967,1043
478435,966,1039
478436,965,1034
478437,961,1036
478438,962,1036
478439,965,1039
478440,969,1042
478441,972,1041
478442,970,1038
478443,968,1037
478444,969,1036
478445,971,1036
478446,974,1036
478447,975,1034
478448,978,1032
478449,974,1030
478450,973,1030
478451,974,1032
478452,978,1033
478453,979,1033
478454,981,1032
478455,979,1030
478456,977,1029
478457,982,1026
478458,983,1026
478459,989,1023
478460,987,1023
478461,985,1022
478462,983,1024
478463,984,1022
478464,992,1023
478465,998,1021
478466,999,1018
478467,995,1014
478468,995,1018
478469,999,1018
478470,999,1021
478471,1001,1018
478472,1005,1017
478473,1002,1011
478474,1003,1010
478475,1004,1009
478476,1006,1010
478477,1009,1011
478478,1006,1006
478479,1005,1005
478480,1005,1006
478481,1008,1009
478482,1010,1012
478483,1012,1010
478484,1013,1006
478485,1009,1003
478486,1010,1007
478487,1011,1009
478488,1014,1017
478489,1015,1016
478490,1016,1017
478491,1015,1010
478492,1014,1012
478493,1017,1015
478494,1020,1020
478495,1022,1021
478496,1019,1020
478497,1015,1018
478498,1016,1019
478499,1017,1018
478500,1017,1023
478501,1018,1026
478502,1016,1030
478503,1012,1031
478504,1008,1031
478505,1008,1037
478506,1008,1040
478507,1008,1043
478508,1006,1043
478509,1000,1043
478510,1000,1045
478511,999,1048
478512,1001,1052
478513,1001,1051
478514,1001,1049
478515,1000,1049
478516,997,1049
478517,999,1049
478518,1002,1051
478519,1004,1052
478520,999,1050
478521,991,1044
478522,990,1044
478523,994,1044
478524,995,1045
478525,999,1042
478526,996,1041
478527,992,1040
478528,992,1041
478529,994,1043
478530,996,1044
478531,999,1041
478532,997,1043
478533,996,1037
478534,993,1039
478535,996,1040
478536,998,1043
478537,998,1048
478538,1003,1044
478539,998,1041
478540,996,1041
478541,996,1044
478542,993,1049
478543,999,1051
478544,1000,1047
478545,1000,1043
478546,999,1042
478547,1002,1042
478548,1003,1046
478549,1003,1047
478550,1002,1044
478551,998,1040
478552,1000,1042
478553,1000,1044
478554,1001,1047
478555,1004,1045
478556,1002,1044
478557,998,1044
478558,998,1045
478559,999,1046
478560,1004,1043
478561,1007,1043
478562,1006,1042
478563,1005,1039
478564,1000,1039
478565,1000,1043
478566,1004,1045
478567,1005,1046
478568,1003,1046
478569,996,1041
478570,995,1043
478571,997,1044
478572,999,1047
478573,1002,1046
478574,1002,1044
478575,999,1040
478576,995,1042
478577,999,1042
478578,1001,1046
478579,1004,1042
478580,1004,1041
478581,1001,1040
478582,1000,1042
478583,1004,1047
478584,1005,1049
478585,1006,1048
478586,1003,1046
478587,1002,1041
478588,1001,1043
478589,1001,1045
478590,1005,1048
478591,1005,1047
478592,998,1045
478593,1001,1043
478594,1000,1045
478595,1003,1045
478596,1007,1048
478597,1007,1052
478598,1003,1053
478599,1000,1054
478600,1000,1053
478601,999,1052
478602,1003,1050
478603,1006,1046
478604,1001,1046
478605,997,1045
478606,998,1049
478607,1000,1049
478608,1003,1049
478609,1005,1050
478610,1003,1047
478611,1002,1045
478612,1000,1046
478613,1001,1048
478614,998,1051
478615,1000,1052
478616,999,1050
478617,999,1050
478618,996,1049
478619,998,1052
478620,1000,1054
478621,1002,1053
478622,1001,1046
478623,998,1045
478624,996,1045
478625,999,1049
478626,1006,1048
478627,1019,1042
478628,1028,1036
478629,1037,1029
478630,1053,1025
478631,1074,1026
478632,1104,1023
478633,1139,1014
478634,1175,1001
478635,1212,987
478636,1253,983
478637,1293,985
478638,1329,994
478639,1341,1008
478640,1323,1021
478641,1274,1022
478642,1212,1027
478643,1142,1039
478644,1076,1056
478645,1020,1072
478646,978,1082
478647,965,1083
478648,971,1080
478649,988,1076
478650,1002,1068
478651,1007,1059
478652,1008,1052
478653,1000,1047
478654,996,1047
478655,993,1051
478656,996,1054
478657,993,1055
478658,989,1049
478659,984,1049
478660,982,1047
478661,982,1049
478662,983,1052
478663,983,1052
478664,982,1051
478665,981,1050
478666,978,1048
478667,979,1048
478668,978,1055
478669,983,1055
478670,982,1053
478671,977,1050
478672,976,1051
478673,975,1053
478674,981,1054
478675,983,1056
478676,982,1052
478677,979,1053
478678,979,1052
478679,980,1053
478680,979,1059
478681,986,1058
478682,983,1059
478683,981,1056
478684,976,1053
478685,978,1050
478686,985,1050
478687,992,1051
478688,989,1051
478689,982,1048
478690,979,1050
478691,983,1052
478692,986,1056
478693,988,1053
478694,986,1050
478695,984,1048
478696,983,1049
478697,981,1046
478698,988,1047
478699,988,1045
478700,990,1043
478701,988,1043
478702,989,1045
478703,992,1043
478704,992,1044
478705,992,1042
478706,994,1040
478707,995,1038
478708,993,1036
478709,995,1038
478710,997,1037
478711,1000,1037
478712,997,1032
478713,994,1031
478714,995,1030
478715,997,1027
478716,1002,1027
478717,1004,1021
478718,1002,1021
478719,1002,1020
478720,999,1020
478721,1001,1023
478722,1002,1022
478723,1006,1022
478724,1004,1019
478725,1002,1015
478726,1002,1015
478727,1003,1015
478728,1012,1016
478729,1014,1014
478730,1009,1011
478731,1005,1012
478732,1004,1011
478733,1007,1011
478734,1007,1013
478735,1012,1012
478736,1011,1014
478737,1013,1012
478738,1014,1013
478739,1016,1017
478740,1019,1022
478741,1021,1020
478742,1021,1017
478743,1020,1017
478744,1018,1018
478745,1018,1020
478746,1020,1023
478747,1025,1024
478748,1023,1022
478749,1021,1020
478750,1019,1022
478751,1022,1026
478752,1023,1032
478753,1024,1037
478754,1021,1037
478755,1016,1035
478756,1015,1039
478757,1016,1044
478758,1021,1049
478759,1022,1049
478760,1018,1049
478761,1011,1046
478762,1004,1050
478763,1004,1053
478764,1009,1060
478765,1009,1058
478766,1006,1056
478767,1002,1051
478768,995,1054
478769,995,1057
478770,997,1062
478771,997,1062
478772,995,1060
478773,991,1058
478774,991,1058
478775,993,1059
478776,996,1062
478777,997,1060
478778,997,1055
478779,992,1054
478780,988,1052
478781,991,1056
478782,996,1057
478783,993,1058
478784,994,1058
478785,991,1059
478786,991,1056
478787,994,1058
478788,995,1059
478789,998,1059
478790,998,1058
478791,994,1055
478792,995,1055
478793,997,1058
478794,1001,1059
478795,1004,1059
478796,1001,1055
478797,996,1051
478798,998,1052
478799,1000,1057
478800,1001,1058
478801,1003,1054
478802,1004,1053
478803,999,1050
478804,998,1052
478805,999,1055
478806,1001,1060
478807,998,1058
478808,1000,1054
478809,996,1049
478810,996,1049
478811,1000,1051
478812,1003,1055
478813,999,1057
478814,996,1055
478815,994,1051
478816,995,1053
478817,995,1057
478818,1000,1059
478819,1003,1058
478820,1001,1056
478821,998,1051
478822,998,1051
478823,998,1051
478824,998,1053
478825,999,1053
478826,997,1055
478827,993,1053
478828,993,1054
478829,991,1057
478830,995,1060
478831,997,1058
478832,999,1057
478833,997,1055
478834,991,1057
478835,992,1057
478836,998,1058
478837,997,1054
478838,993,1050
478839,994,1048
478840,991,1054
478841,993,1059
478842,995,1059
478843,998,1056
478844,996,1055
478845,994,1051
478846,995,1054
478847,996,1059
478848,999,1064
478849,998,1063
478850,998,1060
478851,993,1052
478852,995,1054
478853,994,1060
478854,995,1061
478855,995,1059
478856,992,1055
478857,993,1053
478858,991,1054
478859,994,1061
478860,997,1059
478861,999,1059
478862,1000,1054
478863,997,1054
478864,994,1056
478865,994,1065
478866,994,1069
478867,995,1062
478868,998,1056
478869,997,1052
478870,995,1050
478871,997,1051
478872,1001,1056
478873,999,1059
478874,1001,1059
478875,1001,1055
478876,998,1055
478877,995,1058
478878,997,1061
478879,997,1058
478880,997,1058
478881,993,1055
478882,992,1058
478883,991,1059
478884,991,1066
478885,991,1066
478886,992,1065
478887,990,1063
478888,990,1059
478889,995,1061
478890,996,1060
478891,998,1059
478892,997,1053
478893,995,1052
478894,992,1054
478895,995,1057
478896,1001,1062
478897,1003,1060
478898,1001,1055
478899,997,1051
478900,998,1053
478901,995,1054
478902,998,1058
478903,1000,1058
478904,997,1057
478905,994,1056
478906,991,1054
478907,992,1054
478908,995,1058
478909,997,1057
478910,997,1054
478911,995,1054
478912,995,1056
478913,995,1061
478914,998,1065
478915,997,1063
478916,994,1061
478917,994,1056
478918,994,1059
478919,993,1060
478920,995,1065
478921,995,1059
478922,998,1058
478923,995,1054
478924,993,1058
478925,995,1061
478926,998,1067
478927,997,1065
478928,997,1060
478929,992,1057
478930,989,1054
478931,988,1058
478932,993,1058
478933,994,1057
478934,989,1055
478935,989,1052
478936,989,1051
478937,988,1055
478938,994,1061
478939,995,1061
478940,997,1058
478941,999,1050
478942,996,1050
478943,998,1051
478944,999,1059
478945,1002,1061
478946,1001,1054
478947,998,1052
478948,995,1051
478949,994,1052
478950,999,1055
478951,1000,1052
478952,1001,1048
478953,997,1048
478954,993,1047
478955,996,1052
478956,998,1055
478957,998,1056
478958,997,1055
478959,991,1052
478960,987,1053
478961,988,1059
478962,995,1063
478963,997,1063
478964,993,1061
478965,990,1060
478966,991,1058
478967,995,1061
478968,997,1060
478969,997,1058
478970,997,1056
478971,996,1056
478972,993,1058
478973,996,1061
478974,998,1067
478975,1000,1063
478976,997,1059
478977,997,1056
478978,995,1053
478979,994,1056
478980,997,1058
478981,998,1059
478982,996,1059
478983,995,1053
478984,995,1054
478985,998,1059
478986,1001,1061
478987,1002,1060
478988,1002,1056
478989,1000,1053
478990,996,1054
478991,996,1057
478992,999,1055
478993,999,1057
478994,1000,1057
478995,996,1055
478996,995,1054
478997,999,1054
478998,999,1058
478999,999,1059
479000,999,1057
479001,991,1055
479002,991,1055
479003,993,1055
479004,999,1059
479005,999,1055
479006,999,1051
479007,994,1050
479008,993,1053
479009,994,1054
479010,994,1057
479011,995,1054
479012,994,1055
479013,994,1055
479014,992,1057
479015,994,1062
479016,997,1064
479017,1000,1063
479018,996,1056
479019,995,1056
479020,994,1054
479021,996,1055
479022,1000,1054
479023,1001,1053
479024,1001,1053
479025,997,1049
479026,994,1047
479027,995,1052
479028,998,1057
479029,998,1056
479030,995,1053
479031,994,1050
479032,998,1053
479033,1000,1055
479034,1002,1054
479035,1004,1053
479036,1004,1052
479037,1000,1050
479038,998,1051
479039,1003,1053
479040,1005,1055
479041,1005,1051
479042,1003,1047
479043,999,1046
479044,996,1046
479045,1002,1049
479046,1004,1052
479047,1004,1049
479048,1005,1050
479049,1005,1050
479050,1004,1050
479051,1006,1054
479052,1010,1057
479053,1009,1053
479054,1008,1051
479055,1005,1049
479056,1011,1045
479057,1021,1046
479058,1031,1048
479059,1048,1043
479060,1069,1039
479061,1092,1032
479062,1120,1024
479063,1156,1010
479064,1190,1004
479065,1225,992
479066,1256,984
479067,1287,983
479068,1311,990
479069,1315,1008
479070,1290,1026
479071,1243,1032
479072,1184,1037
479073,1128,1042
479074,1077,1049
479075,1035,1062
479076,1010,1068
479077,1002,1068
479078,1003,1062
479079,1008,1056
479080,1010,1053
479081,1011,1052
479082,1011,1053
479083,1003,1054
479084,999,1056
479085,994,1054
479086,992,1054
479087,991,1055
479088,990,1057
479089,990,1060
479090,988,1058
479091,982,1053
479092,980,1053
479093,979,1056
479094,980,1064
479095,983,1064
479096,977,1060
479097,980,1055
479098,979,1055
479099,982,1056
479100,980,1060
479101,982,1064
479102,981,1062
479103,980,1059
479104,980,1059
479105,979,1060
479106,982,1063
479107,984,1062
479108,979,1059
479109,980,1061
479110,981,1062
479111,985,1065
479112,987,1065
479113,988,1064
479114,989,1060
479115,987,1056
479116,985,1056
479117,985,1059
479118,989,1064
479119,989,1060
479120,986,1058
479121,984,1056
479122,985,1053
479123,987,1055
479124,992,1058
479125,991,1057
479126,987,1055
479127,984,1054
479128,984,1050
479129,986,1053
479130,990,1055
479131,994,1056
479132,989,1053
479133,987,1050
479134,988,1049
479135,994,1052
479136,998,1055
479137,997,1052
479138,996,1049
479139,991,1050
479140,990,1052
479141,994,1054
479142,1001,1053
479143,1000,1049
479144,998,1048
479145,997,1042
479146,997,1044
479147,997,1046
479148,999,1048
479149,1002,1047
479150,1000,1046
479151,996,1046
479152,1000,1045
479153,1005,1041
479154,1008,1041
479155,1010,1037
479156,1004,1033
479157,1007,1033
479158,1008,1037
479159,1009,1039
479160,1016,1039
479161,1020,1035
479162,1019,1031
479163,1019,1027
479164,1023,1030
479165,1025,1035
479166,1030,1036
479167,1033,1033
479168,1030,1028
479169,1026,1031
479170,1027,1032
479171,1031,1036
479172,1035,1037
479173,1035,1037
479174,1037,1031
479175,1036,1030
479176,1036,1028
479177,1034,1027
479178,1037,1032
479179,1038,1032
479180,1034,1032
479181,1032,1033
479182,1032,1035
479183,1035,1035
479184,1037,1034
479185,1037,1033
479186,1033,1031
479187,1030,1032
479188,1029,1035
479189,1030,1039
479190,1032,1043
479191,1029,1044
479192,1027,1046
479193,1019,1045
479194,1020,1049
479195,1021,1048
479196,1021,1051
479197,1018,1051
479198,1013,1047
479199,1008,1044
479200,1005,1048
479201,1000,1050
479202,1004,1052
479203,1005,1052
479204,1003,1049
479205,1000,1050
479206,1003,1051
479207,1002,1057
479208,1003,1061
479209,1000,1063
479210,998,1057
479211,998,1056
479212,1000,1054
479213,1001,1057
479214,1003,1056
479215,1005,1051
479216,1004,1051
479217,1002,1050
479218,1001,1052
479219,1004,1057
479220,1005,1061
479221,1008,1061
479222,1007,1058
479223,1002,1055
479224,1005,1055
479225,1009,1056
479226,1009,1058
479227,1008,1058
479228,1008,1054
479229,1003,1052
479230,1001,1051
479231,1001,1051
479232,1004,1052
479233,1005,1048
479234,1004,1045
479235,998,1045
479236,996,1050
479237,998,1055
479238,999,1055
479239,998,1053
479240,996,1050
479241,995,1049
479242,997,1051
479243,997,1051
479244,1002,1055
479245,1007,1047
479246,1006,1042
479247,1001,1042
479248,998,1045
479249,1004,1048
479250,1004,1050
479251,1001,1049
479252,1000,1049
479253,1000,1051
479254,998,1052
479255,1001,1054
479256,1003,1052
479257,1005,1052
479258,1005,1049
479259,1003,1048
479260,1002,1048
479261,1005,1048
479262,1007,1053
479263,1006,1050
479264,1001,1050
479265,1000,1052
479266,998,1053
479267,999,1055
479268,1000,1055
479269,1004,1052
479270,999,1049
479271,999,1047
479272,998,1049
479273,1001,1049
479274,1004,1050
479275,1005,1046
479276,997,1044
479277,995,1045
479278,992,1046
479279,997,1047
479280,1003,1050
479281,1001,1048
479282,999,1046
479283,992,1049
479284,994,1050
479285,996,1051
479286,998,1050
479287,998,1048
479288,996,1043
479289,993,1041
479290,991,1043
479291,994,1046
479292,994,1046
479293,997,1046
479294,995,1047
479295,989,1047
479296,988,1050
479297,988,1055
479298,993,1057
479299,993,1055
479300,993,1054
479301,992,1052
479302,993,1056
479303,995,1056
479304,999,1060
479305,1000,1060
479306,1001,1055
479307,1001,1051
479308,1000,1050
479309,998,1053
479310,1001,1057
479311,1004,1057
479312,1003,1056
479313,999,1053
479314,998,1055
479315,1001,1055
479316,1005,1056
479317,1010,1050
479318,1012,1045
479319,1018,1040
479320,1029,1036
479321,1047,1036
479322,1071,1031
479323,1101,1024
479324,1141,1010
479325,1175,994
479326,1219,987
479327,1267,987
479328,1308,991
479329,1337,1003
479330,1334,1019
479331,1298,1026
479332,1240,1034
479333,1174,1041
479334,1110,1058
479335,1043,1072
479336,986,1083
479337,958,1090
479338,962,1091
479339,980,1083
479340,996,1073
479341,1003,1062
479342,1002,1052
479343,997,1048
479344,996,1048
479345,990,1051
479346,991,1054
479347,991,1054
479348,987,1052
479349,981,1048
479350,979,1050
479351,980,1051
479352,981,1051
479353,979,1052
479354,978,1052
479355,974,1050
479356,975,1048
479357,974,1052
479358,978,1054
479359,975,1051
479360,971,1050
479361,973,1049
479362,971,1047
479363,974,1053
479364,978,1057
479365,979,1056
479366,978,1053
479367,977,1048
479368,975,1047
479369,976,1050
479370,976,1050
479371,979,1053
479372,980,1047
479373,979,1049
479374,978,1052
479375,979,1052
479376,980,1053
479377,980,1048
479378,980,1048
479379,977,1046
479380,975,1045
479381,979,1041
479382,982,1045
479383,983,1042
479384,982,1040
479385,981,1037
479386,980,1039
479387,984,1043
479388,984,1048
479389,984,1047
479390,986,1041
479391,985,1041
479392,984,1039
479393,986,1045
479394,993,1046
479395,994,1043
479396,992,1039
479397,991,1034
479398,991,1033
479399,993,1033
479400,1000,1036
479401,1001,1031
479402,1001,1023
479403,999,1017
479404,1000,1018
479405,1003,1022
479406,1004,1023
479407,1010,1023
479408,1006,1016
479409,1007,1008
479410,1006,1008
479411,1011,1009
479412,1019,1011
479413,1020,1008
479414,1017,1004
479415,1012,1004
479416,1011,1006
479417,1011,1010
479418,1016,1010
479419,1020,1009
479420,1020,1008
479421,1014,1006
479422,1014,1009
479423,1019,1012
479424,1021,1013
479425,1022,1012
479426,1020,1012
479427,1020,1012
479428,1020,1011
479429,1021,1013
479430,1023,1019
479431,1019,1021
479432,1021,1020
479433,1013,1018
479434,1009,1019
479435,1010,1024
479436,1007,1035
479437,1004,1040
479438,1001,1042
479439,997,1038
479440,997,1037
479441,997,1036
479442,1002,1041
479443,1002,1044
479444,996,1045
479445,990,1045
479446,991,1048
479447,989,1052
479448,994,1053
479449,994,1054
479450,992,1052
479451,987,1047
479452,989,1049
479453,992,1052
479454,994,1058
479455,995,1060
479456,994,1053
479457,994,1047
479458,992,1049
479459,993,1052
479460,995,1055
479461,996,1058
479462,991,1056
479463,992,1054
479464,994,1055
479465,995,1054
479466,999,1057
479467,1001,1053
479468,995,1049
479469,991,1043
479470,991,1049
479471,996,1054
479472,998,1057
479473,1000,1057
479474,997,1055
479475,995,1050
479476,992,1051
479477,996,1051
479478,999,1054
479479,1002,1054
479480,997,1048
479481,995,1048
479482,994,1048
479483,994,1052
479484,997,1056
479485,996,1058
479486,992,1054
479487,989,1052
479488,993,1051
479489,991,1055
479490,994,1056
479491,996,1056
479492,992,1054
479493,990,1052
479494,990,1054
479495,993,1055
479496,996,1057
479497,994,1058
479498,993,1055
479499,991,1053
479500,990,1054
479501,991,1059
479502,992,1060
479503,997,1054
479504,998,1049
479505,995,1048
479506,997,1047
479507,997,1050
479508,1000,1051
479509,997,1045
479510,997,1042
479511,997,1041
479512,994,1042
479513,996,1050
479514,996,1052
479515,997,1050
479516,996,1046
479517,992,1042
479518,992,1047
479519,995,1050
479520,996,1054
479521,998,1050
479522,996,1048
479523,992,1045
479524,992,1049
479525,995,1053
479526,997,1057
479527,999,1056
479528,997,1055
479529,991,1047
479530,990,1045
479531,992,1051
479532,995,1055
479533,998,1051
479534,990,1049
479535,989,1042
479536,988,1044
479537,990,1050
479538,989,1050
479539,990,1050
479540,986,1046
479541,987,1050
479542,983,1053
479543,986,1058
479544,991,1059
479545,994,1054
479546,993,1050
479547,992,1049
479548,990,1048
479549,992,1050
479550,992,1053
479551,992,1053
479552,990,1051
479553,992,1051
479554,991,1055
479555,995,1055
479556,995,1056
479557,993,1054
479558,988,1054
479559,986,1052
479560,989,1055
479561,991,1055
479562,997,1053
479563,997,1051
479564,998,1050
479565,997,1047
479566,994,1046
479567,993,1050
479568,997,1054
479569,994,1055
479570,996,1054
479571,989,1051
479572,992,1053
479573,995,1053
479574,996,1053
479575,993,1053
479576,989,1052
479577,983,1049
479578,982,1051
479579,989,1053
479580,993,1053
479581,992,1050
479582,993,1047
479583,991,1046
479584,988,1047
479585,989,1051
479586,993,1055
479587,994,1053
479588,990,1048
479589,986,1044
479590,985,1046
479591,991,1050
479592,993,1050
479593,997,1050
479594,993,1047
479595,988,1048
479596,988,1050
479597,987,1056
479598,993,1059
479599,993,1056
479600,992,1053
479601,990,1047
479602,991,1045
479603,992,1052
479604,993,1056
479605,992,1056
479606,993,1053
479607,993,1048
479608,991,1049
479609,990,1053
479610,996,1056
479611,997,1056
479612,997,1053
479613,993,1052
479614,993,1054
479615,993,1058
479616,997,1063
479617,997,1063
479618,994,1055
479619,991,1045
479620,992,1046
479621,994,1046
479622,996,1047
479623,994,1045
479624,991,1042
479625,986,1042
479626,986,1045
479627,987,1047
479628,993,1050
479629,989,1053
479630,992,1048
479631,986,1045
479632,987,1048
479633,991,1050
479634,995,1050
479635,995,1048
479636,993,1045
479637,985,1044
479638,986,1047
479639,989,1048
479640,992,1050
479641,991,1049
479642,989,1049
479643,989,1048
479644,987,1047
479645,992,1050
479646,993,1052
479647,987,1053
479648,987,1056
479649,982,1050
479650,984,1050
479651,988,1051
479652,993,1053
479653,993,1054
479654,991,1049
479655,986,1051
479656,987,1050
479657,989,1053
479658,991,1055
479659,993,1053
479660,989,1051
479661,986,1046
479662,985,1049
479663,987,1051
479664,991,1053
479665,992,1050
479666,992,1046
479667,987,1045
479668,987,1049
479669,989,1050
479670,990,1049
479671,994,1048
479672,992,1043
479673,994,1041
479674,994,1046
479675,993,1050
479676,997,1058
479677,999,1054
479678,996,1046
479679,992,1044
479680,992,1046
479681,996,1047
479682,1001,1051
479683,999,1047
479684,997,1046
479685,992,1043
479686,994,1041
479687,996,1045
479688,1000,1049
479689,999,1049
479690,995,1047
479691,993,1046
479692,991,1047
479693,993,1047
479694,997,1053
479695,997,1051
479696,998,1045
479697,1005,1038
479698,1011,1034
479699,1028,1033
479700,1045,1031
479701,1062,1030
479702,1085,1021
479703,1112,1010
479704,1148,999
479705,1194,989
479706,1232,987
479707,1270,985
479708,1299,992
479709,1310,1000
479710,1293,1013
479711,1252,1026
479712,1196,1036
479713,1136,1042
479714,1078,1054
479715,1022,1062
479716,981,1074
479717,961,1080
479718,973,1079
479719,988,1069
479720,999,1056
479721,996,1049
479722,991,1051
479723,987,1055
479724,987,1054
479725,983,1053
479726,977,1046
479727,972,1048
479728,974,1050
479729,977,1051
479730,978,1050
479731,977,1047
479732,974,1045
479733,970,1047
479734,972,1051
479735,974,1054
479736,975,1056
479737,973,1052
479738,969,1048
479739,965,1049
479740,962,1052
479741,965,1056
479742,967,1058
479743,968,1053
479744,964,1046
479745,960,1044
479746,957,1048
479747,960,1053
479748,963,1053
479749,965,1051
479750,966,1050
479751,963,1047
479752,962,1050
479753,964,1053
479754,967,1054
479755,969,1051
479756,968,1049
479757,964,1048
479758,964,1052
479759,966,1049
479760,970,1050
479761,972,1045
479762,971,1043
479763,968,1039
479764,965,1042
479765,967,1047
479766,973,1052
479767,974,1049
479768,974,1041
479769,968,1037
479770,972,1035
479771,978,1038
479772,980,1039
479773,979,1039
479774,979,1035
479775,977,1033
479776,979,1035
479777,978,1036
479778,978,1040
479779,978,1037
479780,981,1036
479781,983,1036
479782,985,1036
479783,988,1035
479784,989,1037
479785,990,1034
479786,990,1032
479787,986,1032
479788,989,1031
479789,994,1032
479790,997,1034
479791,1001,1030
479792,998,1028
479793,1000,1025
479794,1000,1027
479795,1003,1028
479796,1006,1034
479797,1007,1027
479798,1006,1020
479799,1003,1018
479800,1008,1017
479801,1011,1018
479802,1011,1020
479803,1014,1020
479804,1013,1018
479805,1006,1015
479806,1008,1019
479807,1012,1021
479808,1016,1024
479809,1018,1021
479810,1016,1020
479811,1012,1019
479812,1008,1020
479813,1008,1027
479814,1009,1029
479815,1008,1030
479816,1005,1027
479817,1002,1028
479818,997,1033
479819,1000,1037
479820,1001,1038
479821,1002,1038
479822,996,1039
479823,997,1038
479824,993,1045
479825,995,1049
479826,994,1046
479827,997,1043
479828,992,1041
479829,987,1043
479830,985,1049
479831,987,1053
479832,990,1057
479833,990,1056
479834,985,1054
479835,987,1053
479836,986,1055
479837,989,1055
479838,992,1055
479839,990,1053
479840,989,1050
479841,985,1050
479842,984,1049
479843,985,1053
479844,991,1052
479845,991,1055
479846,989,1052
479847,984,1049
479848,981,1053
479849,984,1057
479850,987,1055
479851,988,1054
479852,989,1047
479853,986,1045
479854,984,1044
479855,986,1047
479856,989,1050
479857,988,1048
479858,986,1047
479859,983,1045
479860,988,1048
479861,988,1051
479862,988,1050
479863,990,1047
479864,991,1044
479865,990,1044
479866,988,1047
479867,987,1046
479868,994,1045
479869,993,1046
479870,991,1046
479871,990,1049
479872,995,1046
479873,992,1050
479874,995,1055
479875,992,1057
479876,993,1058
479877,991,1053
479878,991,1052
479879,994,1050
479880,995,1052
479881,993,1051
479882,992,1049
479883,989,1049
479884,989,1050
479885,992,1053
479886,990,1056
479887,992,1057
479888,991,1051
479889,987,1048
479890,985,1054
479891,988,1053
479892,993,1054
479893,994,1054
479894,989,1050
479895,984,1049
479896,980,1050
479897,983,1049
479898,988,1049
479899,987,1047
479900,984,1044
479901,982,1046
479902,984,1044
479903,989,1049
479904,989,1053
479905,985,1052
479906,983,1045
479907,984,1045
479908,984,1042
479909,988,1045
479910,987,1050
479911,988,1050
479912,986,1050
479913,983,1053
479914,983,1055
479915,985,1059
479916,990,1064
479917,990,1065
479918,987,1062
479919,985,1055
479920,988,1054
479921,990,1051
479922,989,1053
479923,989,1053
479924,985,1051
479925,986,1055
479926,986,1058
479927,988,1058
479928,988,1062
479929,991,1062
479930,988,1063
479931,987,1062
479932,987,1062
479933,989,1066
479934,993,1067
479935,992,1062
479936,989,1058
479937,984,1055
479938,984,1057
479939,984,1061
479940,990,1062
479941,988,1059
479942,986,1057
479943,984,1054
479944,984,1058
479945,987,1064
479946,990,1066
479947,993,1060
479948,987,1051
479949,986,1049
479950,986,1052
479951,987,1057
479952,989,1059
479953,988,1054
479954,986,1047
479955,983,1042
479956,983,1044
479957,985,1047
479958,988,1049
479959,987,1052
479960,985,1047
479961,982,1047
479962,983,1049
479963,986,1051
479964,990,1051
479965,988,1052
479966,986,1054
479967,984,1054
479968,983,1058
479969,987,1056
479970,989,1055
479971,986,1052
479972,982,1050
479973,980,1050
479974,982,1053
479975,988,1055
479976,990,1057
479977,992,1055
479978,991,1056
479979,989,1057
479980,989,1060
479981,990,1062
479982,990,1067
479983,989,1068
479984,989,1065
479985,987,1062
479986,991,1065
479987,995,1065
479988,997,1062
479989,996,1056
479990,993,1052
479991,990,1052
479992,992,1055
479993,995,1060
479994,997,1065
479995,996,1061
479996,995,1058
479997,992,1053
479998,991,1053
479999,994,1054
480000,997,1055
480001,995,1054
480002,995,1051
480003,991,1049
480004,990,1051
480005,991,1052
480006,993,1052
480007,994,1054
480008,991,1051
480009,986,1049
480010,986,1055
480011,989,1057
480012,993,1061
480013,990,1056
480014,989,1053
480015,987,1052
480016,988,1051
480017,993,1054
480018,995,1054
480019,994,1051
480020,993,1050
480021,993,1052
480022,992,1053
480023,991,1058
480024,996,1062
480025,995,1059
480026,994,1057
480027,992,1056
480028,992,1058
480029,995,1057
480030,997,1056
480031,994,1054
480032,990,1054
480033,986,1054
480034,987,1055
480035,994,1056
480036,998,1057
480037,998,1057
480038,994,1058
480039,991,1057
480040,992,1058
480041,993,1058
480042,992,1060
480043,995,1055
480044,994,1052
480045,988,1052
480046,992,1055
480047,995,1055
480048,995,1054
480049,995,1052
480050,993,1050
480051,993,1050
480052,992,1052
480053,993,1055
480054,998,1052
480055,995,1047
480056,995,1044
480057,994,1044
480058,993,1050
480059,994,1053
480060,997,1053
480061,993,1050
480062,990,1047
480063,988,1049
480064,990,1055
480065,996,1061
480066,997,1063
480067,998,1056
480068,991,1047
480069,992,1041
480070,994,1041
480071,999,1046
480072,1000,1049
480073,998,1048
480074,997,1047
480075,994,1050
480076,993,1057
480077,999,1060
480078,1001,1060
480079,1000,1057
480080,999,1056
480081,996,1050
480082,997,1055
480083,999,1059
480084,1003,1061
480085,1003,1055
480086,1001,1053
480087,1000,1051
480088,997,1052
480089,999,1053
480090,1002,1057
480091,1004,1056
480092,1001,1056
480093,998,1055
480094,999,1057
480095,999,1058
480096,1001,1060
480097,999,1057
480098,998,1051
480099,995,1046
480100,993,1050
480101,995,1051
480102,999,1054
480103,1000,1053
480104,996,1051
480105,992,1054
480106,995,1055
480107,997,1057
480108,998,1056
480109,998,1053
480110,998,1055
480111,996,1051
480112,999,1054
480113,1001,1054
480114,1004,1057
480115,1002,1054
480116,1000,1048
480117,998,1047
480118,1000,1047
480119,1004,1051
480120,1008,1050
480121,1009,1052
480122,1008,1050
480123,1004,1051
480124,1005,1051
480125,1008,1049
480126,1016,1047
480127,1019,1042
480128,1022,1040
480129,1034,1040
480130,1050,1039
480131,1074,1037
480132,1099,1034
480133,1128,1024
480134,1157,1007
480135,1187,991
480136,1223,983
480137,1261,982
480138,1288,985
480139,1300,997
480140,1292,1011
480141,1261,1023
480142,1211,1030
480143,1158,1043
480144,1106,1051
480145,1059,1059
480146,1017,1065
480147,991,1072
480148,990,1076
480149,999,1071
480150,1007,1063
480151,1008,1052
480152,1005,1049
480153,998,1048
480154,992,1052
480155,991,1055
480156,996,1053
480157,991,1052
480158,990,1051
480159,985,1054
480160,985,1057
480161,986,1059
480162,988,1062
480163,988,1064
480164,987,1061
480165,981,1058
480166,979,1059
480167,982,1057
480168,987,1057
480169,987,1058
480170,985,1057
480171,983,1053
480172,980,1054
480173,980,1056
480174,982,1058
480175,982,1060
480176,982,1061
480177,980,1060
480178,979,1058
480179,984,1060
480180,986,1058
480181,984,1055
480182,982,1052
480183,976,1050
480184,981,1050
480185,984,1055
480186,988,1055
480187,990,1055
480188,987,1053
480189,984,1048
480190,977,1050
480191,982,1051
480192,986,1051
480193,989,1048
480194,986,1046
480195,984,1042
480196,985,1045
480197,989,1048
480198,990,1051
480199,991,1052
480200,988,1050
480201,986,1049
480202,987,1053
480203,990,1057
480204,995,1054
480205,996,1050
480206,993,1044
480207,988,1044
480208,991,1049
480209,994,1047
480210,996,1050
480211,997,1047
480212,998,1046
480213,995,1044
480214,997,1045
480215,999,1046
480216,1006,1049
480217,1011,1045
480218,1008,1039
480219,1006,1037
480220,1008,1032
480221,1013,1036
480222,1017,1036
480223,1015,1034
480224,1009,1030
480225,1010,1030
480226,1012,1032
480227,1015,1032
480228,1018,1033
480229,1019,1032
480230,1016,1029
480231,1011,1026
480232,1016,1027
480233,1020,1028
480234,1019,1029
480235,1021,1025
480236,1022,1022
480237,1018,1022
480238,1019,1024
480239,1022,1029
480240,1024,1030
480241,1023,1030
480242,1020,1028
480243,1019,1029
480244,1020,1028
480245,1025,1027
480246,1026,1027
480247,1026,1025
480248,1023,1024
480249,1020,1028
480250,1017,1030
480251,1021,1031
480252,1023,1032
480253,1015,1036
480254,1012,1038
480255,1013,1039
480256,1011,1042
480257,1014,1045
480258,1013,1046
480259,1011,1045
480260,1006,1042
480261,1005,1046
480262,1004,1049
480263,1006,1050
480264,1006,1052
480265,1006,1051
480266,1002,1048
480267,1000,1048
480268,1000,1057
480269,1000,1062
480270,997,1062
480271,998,1061
480272,998,1052
480273,997,1049
480274,996,1049
480275,1000,1053
480276,998,1056
480277,997,1056
480278,994,1054
480279,992,1057
480280,994,1059
480281,995,1058
480282,999,1059
480283,998,1056
480284,997,1052
480285,998,1046
480286,995,1046
480287,997,1051
480288,1001,1051
480289,1003,1050
480290,1001,1046
480291,1001,1043
480292,997,1047
480293,1000,1052
480294,1003,1054
480295,1000,1058
480296,1000,1051
480297,999,1048
480298,996,1051
480299,997,1054
480300,1000,1058
480301,1003,1055
480302,1002,1053
480303,999,1051
480304,999,1051
480305,1004,1056
480306,1005,1055
480307,1001,1055
480308,1000,1054
480309,996,1052
480310,998,1053
480311,1000,1058
480312,1007,1061
480313,1004,1055
480314,1002,1053
480315,1001,1049
480316,1000,1051
480317,1000,1053
480318,1006,1052
480319,1002,1052
480320,999,1044
480321,1001,1046
480322,1001,1047
480323,1005,1051
480324,1010,1049
480325,1009,1046
480326,1003,1043
480327,999,1042
480328,998,1044
480329,1002,1048
480330,1006,1049
480331,1006,1044
480332,1003,1044
480333,1002,1041
480334,1001,1047
480335,1004,1050
480336,1002,1050
480337,1003,1048
480338,999,1047
480339,994,1048
480340,992,1051
480341,996,1058
480342,999,1059
480343,997,1056
480344,996,1054
480345,993,1054
480346,994,1055
480347,995,1058
480348,1000,1054
480349,1000,1053
480350,998,1050
480351,996,1055
480352,994,1055
480353,998,1057
480354,1000,1057
480355,999,1055
480356,997,1057
480357,996,1055
480358,997,1054
480359,1006,1050
480360,1013,1047
480361,1023,1042
480362,1030,1037
480363,1046,1034
480364,1064,1035
480365,1092,1030
480366,1131,1022
480367,1164,1008
480368,1197,999
480369,1230,994
480370,1264,1004
480371,1292,1015
480372,1301,1024
480373,1287,1035
480374,1248,1042
480375,1195,1046
480376,1137,1053
480377,1079,1067
480378,1029,1084
480379,993,1094
480380,979,1098
480381,979,1091
480382,989,1080
480383,998,1072
480384,1004,1064
480385,1004,1056
480386,1000,1055
480387,997,1052
480388,993,1053
480389,991,1055
480390,991,1057
480391,990,1058
480392,986,1054
480393,982,1056
480394,983,1057
480395,982,1061
480396,982,1064
480397,984,1063
480398,982,1057
480399,978,1055
480400,977,1057
480401,978,1061
480402,980,1058
480403,977,1053
480404,977,1050
480405,974,1050
480406,976,1055
480407,976,1059
480408,980,1060
480409,982,1054
480410,977,1051
480411,976,1049
480412,978,1050
480413,981,1054
480414,983,1058
480415,982,1054
480416,980,1051
480417,977,1053
480418,981,1054
480419,984,1055
480420,985,1057
480421,988,1056
480422,985,1055
480423,986,1055
480424,983,1054
480425,982,1057
480426,990,1055
480427,991,1050
480428,989,1046
480429,988,1045
480430,988,1047
480431,989,1049
480432,992,1048
480433,990,1044
480434,989,1039
480435,987,1039
480436,987,1044
480437,989,1044
480438,993,1048
480439,995,1039
480440,995,1035
480441,994,1034
480442,995,1035
480443,999,1038
480444,1004,1036
480445,1002,1033
480446,1000,1030
480447,1000,1027
480448,1004,1027
480449,1008,1029
480450,1012,1024
480451,1013,1021
480452,1011,1015
480453,1011,1015
480454,1014,1015
480455,1015,1018
480456,1018,1018
480457,1019,1016
480458,1019,1011
480459,1020,1008
480460,1024,1011
480461,1027,1011
480462,1030,1013
480463,1031,1008
480464,1030,1005
480465,1027,1007
480466,1028,1009
480467,1031,1009
480468,1033,1006
480469,1032,1001
480470,1033,1003
480471,1030,1008
480472,1028,1011
480473,1029,1015
480474,1029,1015
480475,1029,1016
480476,1027,1016
480477,1021,1016
480478,1020,1017
480479,1023,1022
480480,1024,1024
480481,1021,1027
480482,1017,1027
480483,1010,1029
480484,1010,1037
480485,1010,1041
480486,1010,1042
480487,1010,1042
480488,1007,1042
480489,1004,1044
480490,1002,1049
480491,1002,1055
480492,1005,1060
480493,1003,1058
480494,998,1053
480495,997,1054
480496,998,1061
480497,1003,1061
480498,1004,1061
480499,1002,1057
480500,1000,1057
480501,997,1062
480502,998,1067
480503,1000,1070
480504,1004,1070
480505,998,1066
480506,995,1065
480507,995,1066
480508,997,1069
480509,1002,1072
480510,1007,1072
480511,1005,1069
480512,1003,1062
480513,998,1063
480514,1002,1067
480515,1003,1067
480516,1005,1066
480517,1001,1064
480518,1000,1062
480519,1000,1063
480520,1002,1066
480521,1004,1069
480522,1003,1065
480523,1008,1057
480524,1008,1054
480525,1006,1051
480526,1003,1054
480527,1006,1060
480528,1006,1062
480529,1004,1060
480530,1002,1059
480531,997,1058
480532,1001,1059
480533,1004,1058
480534,1004,1059
480535,1005,1061
480536,1003,1061
480537,1002,1062
480538,1001,1063
480539,1000,1066
480540,1005,1067
480541,1002,1060
480542,1005,1054
480543,1002,1055
480544,998,1058
480545,1001,1062
480546,1002,1061
480547,999,1060
480548,998,1057
480549,996,1058
480550,997,1062
480551,996,1066
480552,1001,1063
480553,1000,1061
480554,996,1058
480555,999,1056
480556,998,1060
480557,1001,1060
480558,1003,1061
480559,1003,1057
480560,1000,1053
480561,998,1055
480562,1000,1058
480563,1001,1062
480564,1004,1063
480565,1003,1060
480566,1003,1058
480567,1001,1058
480568,1003,1055
480569,1005,1055
480570,1008,1055
480571,1008,1053
480572,1004,1054
480573,999,1055
480574,1000,1059
480575,1001,1056
480576,1005,1057
480577,1006,1055
480578,1001,1054
480579,1000,1055
480580,998,1062
480581,1000,1064
480582,1002,1068
480583,1003,1066
480584,1003,1060
480585,1003,1058
480586,1005,1062
480587,1007,1067
480588,1011,1068
480589,1012,1063
480590,1013,1056
480591,1015,1051
480592,1023,1050
480593,1037,1054
480594,1054,1055
480595,1065,1049
480596,1085,1041
480597,1110,1038
480598,1149,1028
480599,1191,1013
480600,1225,1005
480601,1262,1002
480602,1294,1006
480603,1306,1023
480604,1298,1039
480605,1268,1048
480606,1222,1045
480607,1164,1051
480608,1103,1065
480609,1048,1081
480610,1007,1096
480611,988,1103
480612,986,1102
480613,996,1095
480614,996,1083
480615,999,1075
480616,1008,1069
480617,1012,1068
480618,1014,1064
480619,1010,1062
480620,1005,1064
480621,998,1065
480622,997,1066
480623,996,1066
480624,997,1060
480625,994,1057
480626,991,1054
480627,985,1058
480628,983,1061
480629,987,1068
480630,991,1069
480631,989,1069
480632,990,1064
480633,987,1062
480634,987,1064
480635,985,1069
480636,989,1073
480637,988,1072
480638,985,1061
480639,983,1056
480640,984,1058
480641,987,1061
480642,991,1062
480643,988,1060
480644,983,1058
480645,981,1062
480646,980,1066
480647,985,1069
480648,990,1068
480649,991,1062
480650,987,1059
480651,985,1059
480652,986,1062
480653,988,1063
480654,988,1063
480655,987,1059
480656,988,1056
480657,988,1056
480658,990,1060
480659,993,1060
480660,994,1060
480661,991,1056
480662,991,1055
480663,991,1052
480664,990,1050
480665,992,1053
480666,995,1055
480667,995,1054
480668,995,1051
480669,993,1051
480670,996,1052
480671,996,1055
480672,1000,1053
480673,997,1051
480674,996,1050
480675,997,1052
480676,998,1051
480677,1000,1052
480678,1004,1049
480679,1005,1046
480680,1003,1041
480681,1001,1040
480682,1003,1043
480683,1005,1043
480684,1008,1042
480685,1011,1040
480686,1011,1032
480687,1008,1029
480688,1010,1030
480689,1017,1031
480690,1019,1032
480691,1018,1031
480692,1019,1029
480693,1015,1030
480694,1017,1029
480695,1020,1029
480696,1025,1028
480697,1025,1026
480698,1026,1021
480699,1023,1016
480700,1023,1016
480701,1025,1016
480702,1031,1017
480703,1025,1015
480704,1027,1009
480705,1023,1013
480706,1027,1015
480707,1030,1017
480708,1037,1017
480709,1036,1017
480710,1031,1014
480711,1024,1022
480712,1026,1029
480713,1027,1035
480714,1031,1032
480715,1028,1026
480716,1027,1022
480717,1026,1021
480718,1026,1022
480719,1027,1031
480720,1026,1035
480721,1026,1038
480722,1023,1036
480723,1018,1044
480724,1018,1049
480725,1021,1053
480726,1023,1053
480727,1018,1055
480728,1013,1056
480729,1008,1054
480730,1007,1055
480731,1008,1060
480732,1012,1061
480733,1009,1063
480734,1005,1062
480735,999,1061
480736,1001,1065
480737,1005,1067
480738,1007,1067
480739,1005,1070
480740,1002,1065
480741,1000,1066
480742,999,1069
480743,1005,1073
480744,1008,1075
480745,1005,1068
480746,1002,1063
480747,1001,1061
480748,1000,1062
480749,1004,1066
480750,1007,1067
480751,1005,1067
480752,1004,1062
480753,1002,1060
480754,1004,1060
480755,1003,1066
480756,1006,1064
480757,1009,1060
480758,1006,1055
480759,1004,1052
480760,1006,1056
480761,1008,1060
480762,1010,1063
480763,1010,1063
480764,1007,1063
480765,1004,1059
480766,1007,1058
480767,1009,1061
480768,1013,1065
480769,1010,1066
480770,1006,1067
480771,1006,1061
480772,1007,1063
480773,1009,1065
480774,1008,1066
480775,1008,1062
480776,1005,1059
480777,1002,1059
480778,1004,1059
480779,1005,1062
480780,1010,1062
480781,1006,1061
480782,1003,1060
480783,999,1061
480784,1001,1066
480785,1002,1068
480786,1005,1068
480787,1003,1070
480788,999,1065
480789,996,1066
480790,1000,1066
480791,1003,1067
480792,1004,1064
480793,1004,1063
480794,1004,1060
480795,1002,1059
480796,1002,1062
480797,1006,1063
480798,1008,1060
480799,1006,1056
480800,1005,1054
480801,1002,1052
480802,1002,1057
480803,1001,1061
480804,1007,1061
480805,1007,1058
480806,1005,1054
480807,1004,1052
480808,1003,1057
480809,1007,1060
480810,1013,1060
480811,1010,1058
480812,1007,1056
480813,1003,1060
480814,1005,1058
480815,1006,1058
480816,1008,1056
480817,1005,1058
480818,1003,1059
480819,998,1061
480820,1000,1063
480821,1004,1065
480822,1006,1070
480823,1005,1068
480824,1004,1065
480825,1002,1065
480826,1000,1067
480827,1000,1066
480828,1002,1065
480829,1003,1063
480830,1000,1064
480831,997,1068
480832,999,1070
480833,1004,1070
480834,1005,1066
480835,1003,1064
480836,994,1062
480837,994,1065
480838,997,1065
480839,998,1068
480840,1003,1067
480841,999,1068
480842,997,1066
480843,992,1064
480844,994,1064
480845,995,1071
480846,999,1070
480847,998,1069
480848,996,1066
480849,995,1061
480850,997,1060
480851,1000,1063
480852,1004,1064
480853,1004,1068
480854,1002,1064
480855,1000,1062
480856,1000,1062
480857,999,1066
480858,1003,1068
480859,1003,1069
480860,999,1065
480861,998,1062
480862,1000,1066
480863,1001,1069
480864,1004,1069
480865,1003,1067
480866,1001,1065
480867,1003,1064
480868,1004,1063
480869,1006,1065
480870,1008,1062
480871,1009,1060
480872,1003,1058
480873,1002,1062
480874,1001,1065
480875,1005,1061
480876,1008,1056
480877,1007,1055
480878,1005,1056
480879,1004,1057
480880,1005,1059
480881,1006,1061
480882,1008,1059
480883,1007,1058
480884,1001,1056
480885,1000,1055
480886,999,1058
480887,1004,1065
480888,1005,1064
480889,1004,1061
480890,1001,1058
480891,996,1057
480892,1001,1061
480893,1004,1066
480894,1003,1066
480895,1004,1066
480896,1001,1063
480897,998,1063
480898,998,1068
480899,1002,1071
480900,1006,1071
480901,1007,1064
480902,1002,1061
480903,1003,1059
480904,1003,1064
480905,1004,1071
480906,1008,1065
480907,1007,1065
480908,1004,1059
480909,1003,1060
480910,1004,1062
480911,1007,1063
480912,1013,1061
480913,1009,1061
480914,1010,1058
480915,1011,1060
480916,1016,1060
480917,1026,1060
480918,1036,1053
480919,1046,1045
480920,1058,1038
480921,1074,1036
480922,1101,1033
480923,1130,1028
480924,1165,1016
480925,1201,1000
480926,1232,992
480927,1263,994
480928,1293,1003
480929,1310,1021
480930,1304,1038
480931,1272,1046
480932,1220,1050
480933,1161,1059
480934,1108,1073
480935,1060,1085
480936,1021,1097
480937,995,1101
480938,989,1102
480939,992,1101
480940,1001,1092
480941,1010,1078
480942,1015,1069
480943,1007,1059
480944,1000,1057
480945,993,1057
480946,990,1060
480947,991,1065
480948,992,1062
480949,989,1062
480950,987,1060
480951,985,1059
480952,985,1065
480953,987,1068
480954,987,1066
480955,986,1064
480956,985,1064
480957,979,1062
480958,986,1064
480959,984,1067
480960,985,1064
480961,982,1064
480962,979,1063
480963,978,1063
480964,981,1067
480965,981,1067
480966,984,1065
480967,982,1063
480968,983,1062
480969,980,1064
480970,980,1064
480971,982,1065
480972,988,1067
480973,986,1068
480974,982,1063
480975,980,1059
480976,979,1062
480977,986,1062
480978,988,1064
480979,985,1059
480980,980,1054
480981,977,1056
480982,979,1058
480983,983,1065
480984,984,1065
480985,982,1060
480986,980,1056
480987,979,1056
480988,980,1056
480989,983,1059
480990,982,1057
480991,979,1050
480992,978,1047
480993,979,1046
480994,981,1054
480995,985,1060
480996,989,1060
480997,991,1056
480998,989,1050
480999,989,1053
481000,992,1053
481001,994,1055
481002,997,1053
481003,999,1048
481004,997,1046
481005,997,1046
481006,998,1046
481007,1000,1051
481008,1003,1050
481009,1003,1047
481010,1001,1043
481011,1000,1039
481012,1000,1037
481013,1006,1039
481014,1010,1036
481015,1012,1034
481016,1010,1030
481017,1008,1033
481018,1012,1036
481019,1013,1040
481020,1017,1035
481021,1014,1031
481022,1014,1028
481023,1011,1030
481024,1012,1030
481025,1014,1030
481026,1017,1030
481027,1017,1026
481028,1017,1021
481029,1018,1020
481030,1018,1022
481031,1022,1023
481032,1023,1026
481033,1025,1020
481034,1022,1016
481035,1023,1017
481036,1021,1022
481037,1025,1025
481038,1023,1023
481039,1022,1021
481040,1018,1024
481041,1016,1028
481042,1018,1034
481043,1022,1038
481044,1021,1035
481045,1022,1036
481046,1021,1033
481047,1017,1034
481048,1017,1040
481049,1017,1046
481050,1019,1048
481051,1017,1050
481052,1010,1051
481053,1003,1056
481054,1006,1059
481055,1005,1061
481056,1008,1060
481057,1009,1061
481058,1004,1062
481059,1000,1065
481060,999,1068
481061,1004,1071
481062,1004,1071
481063,1002,1066
481064,1001,1064
481065,996,1065
481066,1000,1069
481067,997,1069
481068,1001,1070
481069,999,1068
481070,1001,1068
481071,997,1067
481072,998,1069
481073,1000,1067
481074,1002,1071
481075,1004,1070
481076,1001,1066
481077,1000,1061
481078,999,1059
481079,1002,1061
481080,998,1060
481081,996,1060
481082,998,1057
481083,995,1056
481084,999,1059
481085,1001,1062
481086,1002,1063
481087,1000,1061
481088,996,1054
481089,995,1054
481090,1002,1057
481091,1006,1058
481092,1009,1056
481093,1008,1050
481094,1006,1048
481095,1001,1048
481096,998,1054
481097,999,1055
481098,1002,1054
481099,998,1052
481100,998,1054
481101,996,1056
481102,999,1061
481103,1004,1063
481104,1007,1061
481105,1008,1057
481106,1005,1050
481107,1003,1053
481108,1004,1057
481109,1004,1059
481110,1006,1055
481111,1004,1054
481112,1000,1057
481113,998,1061
481114,994,1068
481115,998,1072
481116,1000,1068
481117,1001,1064
481118,1000,1061
481119,1000,1062
481120,1001,1061
481121,1003,1060
481122,1007,1057
481123,1004,1053
481124,1001,1053
481125,1000,1051
481126,1001,1053
481127,1002,1059
481128,1008,1062
481129,1007,1063
481130,999,1060
481131,995,1061
481132,998,1065
481133,1001,1067
481134,1003,1066
481135,1001,1061
481136,1000,1054
481137,997,1055
481138,997,1059
481139,999,1061
481140,1001,1063
481141,1000,1060
481142,994,1057
481143,991,1058
481144,992,1062
481145,996,1066
481146,999,1064
481147,1000,1061
481148,997,1061
481149,992,1061
481150,991,1065
481151,997,1069
481152,997,1068
481153,997,1068
481154,996,1062
481155,994,1063
481156,995,1064
481157,1002,1070
481158,1005,1069
481159,1002,1065
481160,1000,1063
481161,996,1063
481162,998,1066
481163,999,1065
481164,1000,1066
481165,1000,1062
481166,998,1059
481167,997,1060
481168,996,1063
481169,1001,1064
481170,1002,1060
481171,1001,1059
481172,997,1055
481173,996,1058
481174,999,1060
481175,1006,1061
481176,1009,1061
481177,1004,1058
481178,1000,1055
481179,1001,1053
481180,1007,1054
481181,1017,1055
481182,1029,1051
481183,1039,1045
481184,1052,1040
481185,1071,1036
481186,1101,1034
481187,1139,1028
481188,1180,1015
481189,1224,1004
481190,1264,996
481191,1300,1000
481192,1325,1016
481193,1326,1039
481194,1295,1054
481195,1241,1056
481196,1175,1055
481197,1111,1066
481198,1047,1082
481199,997,1100
481200,964,1114
481201,956,1120
481202,961,1120
481203,975,1114
481204,984,1101
481205,998,1093
481206,1002,1082
481207,1001,1071
481208,996,1070
481209,989,1067
481210,989,1068
481211,992,1068
481212,996,1063
481213,992,1062
481214,989,1063
481215,984,1065
481216,986,1070
481217,988,1071
481218,990,1071
481219,990,1069
481220,988,1062
481221,985,1060
481222,981,1064
481223,986,1069
481224,986,1070
481225,988,1065
481226,985,1064
481227,982,1065
481228,985,1065
481229,988,1070
481230,990,1066
481231,988,1067
481232,986,1064
481233,983,1065
481234,982,1070
481235,986,1073
481236,986,1069
481237,985,1067
481238,982,1063
481239,979,1064
481240,983,1067
481241,984,1067
481242,984,1066
481243,980,1065
481244,977,1059
481245,975,1059
481246,976,1062
481247,978,1062
481248,983,1060
481249,981,1057
481250,981,1055
481251,980,1055
481252,983,1056
481253,986,1058
481254,983,1057
481255,984,1060
481256,985,1056
481257,986,1055
481258,987,1052
481259,989,1056
481260,994,1052
481261,994,1049
481262,995,1044
481263,993,1044
481264,993,1048
481265,995,1051
481266,1000,1050
481267,999,1048
481268,1000,1046
481269,1002,1043
481270,1003,1043
481271,1006,1042
481272,1010,1045
481273,1010,1039
481274,1008,1039
481275,1011,1037
481276,1010,1037
481277,1013,1039
481278,1016,1036
481279,1017,1030
481280,1017,1025
481281,1014,1028
481282,1015,1031
481283,1016,1035
481284,1018,1035
481285,1020,1032
481286,1015,1022
481287,1014,1024
481288,1014,1025
481289,1015,1027
481290,1016,1030
481291,1014,1028
481292,1014,1023
481293,1012,1018
481294,1016,1019
481295,1017,1021
481296,1023,1025
481297,1018,1025
481298,1015,1024
481299,1013,1028
481300,1018,1032
481301,1020,1035
481302,1024,1036
481303,1026,1036
481304,1023,1033
481305,1020,1033
481306,1013,1038
481307,1013,1047
481308,1018,1051
481309,1019,1056
481310,1013,1052
481311,1008,1055
481312,1009,1056
481313,1009,1061
481314,1010,1063
481315,1010,1064
481316,1007,1066
481317,1006,1070
481318,1005,1074
481319,1006,1075
481320,1006,1072
481321,1006,1069
481322,1002,1066
481323,997,1069
481324,999,1073
481325,1001,1077
481326,1003,1076
481327,1000,1075
481328,996,1070
481329,994,1071
481330,996,1073
481331,999,1077
481332,1001,1077
481333,1001,1071
481334,997,1065
481335,999,1064
481336,1001,1067
481337,1002,1069
481338,1005,1069
481339,1003,1067
481340,1001,1066
481341,999,1066
481342,1001,1069
481343,1004,1069
481344,1006,1065
481345,1005,1064
481346,999,1060
481347,1000,1063
481348,1001,1064
481349,1002,1069
481350,1004,1065
481351,1003,1064
481352,1004,1062
481353,1001,1062
481354,997,1065
481355,1001,1067
481356,1002,1066
481357,1006,1061
481358,1002,1059
481359,1000,1061
481360,999,1073
481361,999,1081
481362,1006,1075
481363,1006,1069
481364,1007,1061
481365,1004,1061
481366,1005,1066
481367,1005,1075
481368,1009,1076
481369,1005,1074
481370,1004,1072
481371,1004,1071
481372,1001,1070
481373,1000,1070
481374,1006,1067
481375,1005,1067
481376,1000,1065
481377,997,1066
481378,998,1068
481379,1004,1071
481380,1004,1071
481381,1002,1069
481382,998,1068
481383,999,1067
481384,999,1071
481385,1001,1072
481386,1001,1072
481387,999,1070
481388,996,1068
481389,994,1068
481390,998,1071
481391,1000,1074
481392,1001,1070
481393,1002,1063
481394,1001,1062
481395,999,1065
481396,999,1067
481397,1002,1077
481398,1002,1077
481399,1002,1075
481400,999,1072
481401,995,1069
481402,995,1071
481403,996,1069
481404,1000,1072
481405,1000,1072
481406,996,1071
481407,995,1070
481408,998,1070
481409,1000,1070
481410,1001,1071
481411,1002,1072
481412,997,1069
481413,993,1069
481414,1000,1074
481415,1001,1077
481416,1002,1070
481417,999,1072
481418,992,1069
481419,993,1068
481420,998,1071
481421,996,1068
481422,998,1067
481423,998,1067
481424,997,1065
481425,993,1066
481426,995,1073
481427,999,1078
481428,1000,1078
481429,998,1072
481430,995,1066
481431,995,1067
481432,997,1067
481433,999,1068
481434,999,1067
481435,997,1064
481436,992,1063
481437,990,1067
481438,993,1072
481439,996,1074
481440,1000,1072
481441,993,1072
481442,993,1069
481443,995,1072
481444,995,1073
481445,996,1079
481446,998,1077
481447,997,1078
481448,992,1076
481449,992,1077
481450,994,1082
481451,996,1083
481452,998,1083
481453,997,1077
481454,994,1073
481455,994,1074
481456,999,1075
481457,1001,1078
481458,1003,1078
481459,1002,1075
481460,999,1072
481461,998,1074
481462,998,1072
481463,1002,1074
481464,1003,1071
481465,1003,1069
481466,999,1067
481467,996,1068
481468,998,1070
481469,1003,1072
481470,1007,1071
481471,1002,1072
481472,999,1070
481473,999,1070
481474,999,1069
481475,1002,1071
481476,1003,1070
481477,1000,1071
481478,997,1066
481479,998,1068
481480,997,1073
481481,1003,1076
481482,1005,1072
481483,1003,1068
481484,1000,1064
481485,1001,1063
481486,1001,1072
481487,1002,1073
481488,1006,1074
481489,1005,1073
481490,1001,1072
481491,1000,1073
481492,999,1073
481493,1007,1072
481494,1010,1071
481495,1016,1064
481496,1020,1057
481497,1034,1057
481498,1055,1058
481499,1073,1061
481500,1104,1056
481501,1133,1043
481502,1162,1030
481503,1199,1020
481504,1240,1014
481505,1284,1010
481506,1319,1014
481507,1335,1026
481508,1322,1037
481509,1281,1046
481510,1220,1051
481511,1160,1062
481512,1100,1072
481513,1046,1081
481514,1004,1083
481515,978,1090
481516,976,1093
481517,989,1090
481518,1002,1082
481519,1007,1075
481520,1005,1066
481521,997,1067
481522,996,1071
481523,997,1073
481524,997,1067
481525,993,1062
481526,987,1060
481527,981,1066
481528,978,1070
481529,981,1073
481530,985,1075
481531,980,1073
481532,980,1071
481533,979,1071
481534,979,1073
481535,978,1075
481536,978,1079
481537,977,1079
481538,976,1076
481539,974,1077
481540,976,1079
481541,978,1080
481542,980,1079
481543,978,1075
481544,973,1074
481545,973,1078
481546,977,1083
481547,980,1086
481548,980,1080
481549,978,1075
481550,975,1070
481551,977,1074
481552,978,1076
481553,980,1078
481554,981,1079
481555,979,1080
481556,977,1077
481557,974,1081
481558,978,1083
481559,979,1089
481560,980,1083
481561,982,1079
481562,982,1073
481563,980,1071
481564,981,1069
481565,983,1071
481566,984,1068
481567,982,1065
481568,979,1064
481569,977,1063
481570,978,1064
481571,982,1070
481572,987,1065
481573,987,1060
481574,988,1056
481575,990,1055
481576,988,1056
481577,994,1058
481578,1001,1056
481579,999,1055
481580,998,1055
481581,997,1056
481582,1002,1060
481583,1006,1062
481584,1010,1059
481585,1009,1058
481586,1006,1054
481587,1009,1055
481588,1009,1055
481589,1010,1055
481590,1013,1051
481591,1012,1050
481592,1007,1047
481593,1011,1044
481594,1012,1045
481595,1013,1051
481596,1021,1053
481597,1021,1050
481598,1018,1046
481599,1016,1042
481600,1017,1046
481601,1020,1048
481602,1022,1045
481603,1024,1043
481604,1020,1039
481605,1020,1040
481606,1021,1044
481607,1025,1046
481608,1026,1046
481609,1025,1040
481610,1026,1037
481611,1026,1038
481612,1024,1041
481613,1021,1045
481614,1024,1048
481615,1025,1051
481616,1024,1049
481617,1021,1044
481618,1023,1047
481619,1024,1049
481620,1022,1053
481621,1021,1054
481622,1012,1054
481623,1008,1063
481624,1008,1063
481625,1011,1062
481626,1011,1061
481627,1008,1058
481628,1003,1057
481629,1000,1060
481630,1000,1065
481631,1003,1068
481632,1003,1072
481633,1002,1069
481634,1001,1066
481635,1002,1068
481636,1004,1072
481637,1002,1078
481638,1003,1078
481639,999,1076
481640,996,1076
481641,994,1076
481642,999,1074
481643,1001,1078
481644,1001,1079
481645,1000,1076
481646,1001,1072
481647,999,1074
481648,1001,1078
481649,1001,1077
481650,1001,1079
481651,1001,1078
481652,996,1075
481653,994,1075
481654,996,1076
481655,998,1079
481656,997,1077
481657,996,1077
481658,994,1071
481659,992,1068
481660,994,1068
481661,1000,1069
481662,1002,1066
481663,1002,1066
481664,998,1065
481665,998,1072
481666,998,1073
481667,1002,1072
481668,1003,1069
481669,1001,1063
481670,996,1063
481671,996,1068
481672,995,1071
481673,999,1071
481674,999,1069
481675,999,1064
481676,996,1062
481677,997,1062
481678,1000,1065
481679,999,1067
481680,1002,1067
481681,1000,1069
481682,999,1066
481683,1000,1068
481684,998,1070
481685,1000,1073
481686,1005,1068
481687,1002,1065
481688,998,1060
481689,994,1066
481690,996,1069
481691,997,1073
481692,998,1071
481693,994,1070
481694,990,1068
481695,992,1072
481696,991,1075
481697,994,1079
481698,997,1077
481699,994,1072
481700,989,1065
481701,983,1064
481702,985,1068
481703,990,1072
481704,994,1070
481705,992,1070
481706,990,1067
481707,989,1068
481708,990,1073
481709,999,1075
481710,998,1076
481711,995,1075
481712,992,1073
481713,989,1075
481714,992,1078
481715,997,1077
481716,997,1073
481717,996,1070
481718,993,1069
481719,991,1068
481720,990,1071
481721,991,1074
481722,990,1077
481723,991,1077
481724,988,1078
481725,990,1076
481726,993,1077
481727,993,1077
481728,994,1073
481729,993,1074
481730,991,1075
481731,991,1076
481732,993,1076
481733,995,1073
481734,995,1071
481735,990,1067
481736,991,1066
481737,987,1067
481738,990,1070
481739,994,1076
481740,997,1074
481741,991,1070
481742,988,1065
481743,984,1065
481744,988,1067
481745,991,1069
481746,993,1068
481747,990,1066
481748,988,1067
481749,988,1067
481750,986,1071
481751,989,1072
481752,989,1071
481753,990,1069
481754,986,1065
481755,986,1069
481756,989,1075
481757,991,1078
481758,995,1081
481759,992,1081
481760,991,1079
481761,992,1079
481762,992,1077
481763,992,1076
481764,996,1072
481765,997,1069
481766,996,1067
481767,992,1069
481768,995,1075
481769,996,1078
481770,1000,1079
481771,998,1075
481772,997,1069
481773,996,1067
481774,995,1069
481775,998,1073
481776,998,1073
481777,996,1072
481778,992,1069
481779,989,1069
481780,988,1073
481781,990,1074
481782,991,1073
481783,988,1073
481784,983,1074
481785,987,1076
481786,987,1079
481787,991,1076
481788,992,1071
481789,991,1066
481790,991,1065
481791,990,1065
481792,988,1067
481793,990,1069
481794,991,1068
481795,988,1072
481796,986,1072
481797,986,1077
481798,989,1079
481799,992,1082
481800,996,1075
481801,995,1070
481802,995,1065
481803,993,1067
481804,994,1075
481805,995,1076
481806,996,1077
481807,996,1074
481808,991,1074
481809,991,1074
481810,994,1073
481811,1001,1073
481812,1001,1072
481813,1001,1075
481814,1000,1072
481815,999,1068
481816,997,1070
481817,999,1071
481818,1002,1071
481819,1003,1068
481820,1000,1066
481821,997,1067
481822,998,1071
481823,1005,1073
481824,1006,1071
481825,1004,1068
481826,1002,1062
481827,1000,1060
481828,999,1059
481829,1006,1059
481830,1016,1059
481831,1021,1057
481832,1035,1052
481833,1055,1050
481834,1079,1045
481835,1113,1038
481836,1151,1027
481837,1192,1013
481838,1232,1002
481839,1277,1000
481840,1317,1004
481841,1338,1017
481842,1320,1036
481843,1266,1042
481844,1190,1048
481845,1119,1061
481846,1057,1074
481847,1008,1089
481848,983,1091
481849,980,1092
481850,991,1086
481851,1003,1079
481852,1006,1075
481853,1006,1071
481854,1005,1069
481855,999,1066
481856,992,1067
481857,986,1072
481858,982,1073
481859,985,1072
481860,983,1071
481861,982,1073
481862,981,1071
481863,979,1075
481864,976,1075
481865,979,1074
481866,982,1069
481867,980,1066
481868,975,1061
481869,972,1063
481870,972,1068
481871,977,1072
481872,980,1072
481873,979,1068
481874,979,1066
481875,979,1064
481876,978,1066
481877,979,1067
481878,979,1072
481879,978,1071
481880,978,1067
481881,975,1063
481882,978,1066
481883,979,1070
481884,981,1070
481885,979,1067
481886,978,1063
481887,976,1067
481888,978,1071
481889,983,1076
481890,984,1074
481891,982,1070
481892,982,1065
481893,984,1066
481894,989,1067
481895,991,1065
481896,994,1063
481897,989,1061
481898,992,1059
481899,989,1059
481900,987,1063
481901,988,1066
481902,989,1064
481903,990,1057
481904,990,1057
481905,988,1056
481906,993,1057
481907,996,1057
481908,997,1057
481909,995,1052
481910,995,1052
481911,994,1050
481912,997,1055
481913,999,1056
481914,1003,1050
481915,1001,1045
481916,999,1042
481917,1000,1044
481918,998,1043
481919,1006,1047
481920,1007,1047
481921,1005,1046
481922,1004,1045
481923,1002,1041
481924,1006,1038
481925,1010,1039
481926,1014,1037
481927,1015,1037
481928,1013,1038
481929,1011,1040
481930,1014,1041
481931,1020,1042
481932,1023,1041
481933,1024,1036
481934,1023,1033
481935,1020,1028
481936,1022,1034
481937,1027,1038
481938,1031,1038
481939,1028,1035
481940,1021,1032
481941,1021,1033
481942,1021,1038
481943,1025,1043
481944,1028,1045
481945,1026,1044
481946,1021,1040
481947,1017,1043
481948,1016,1047
481949,1017,1048
481950,1015,1045
481951,1010,1043
481952,1006,1040
481953,1003,1045
481954,1002,1053
481955,1004,1059
481956,1003,1060
481957,999,1057
481958,996,1055
481959,993,1056
481960,992,1063
481961,995,1063
481962,999,1063
481963,998,1059
481964,996,1058
481965,997,1060
481966,999,1064
481967,1001,1068
481968,1002,1067
481969,1001,1064
481970,999,1066
481971,1004,1067
481972,1011,1072
481973,1020,1078
481974,1025,1076
481975,1025,1070
481976,1028,1070
481977,1031,1069
481978,1038,1073
481979,1051,1077
481980,1067,1073
481981,1082,1062
481982,1096,1041
481983,1103,1023
481984,1118,1008
481985,1136,997
481986,1155,985
481987,1176,967
481988,1186,950
481989,1205,931
481990,1229,909
481991,1249,891
481992,1273,874
481993,1289,861
481994,1295,851
481995,1297,842
481996,1292,839
481997,1291,839
481998,1286,839
481999,1281,845
482000,1269,843
482001,1251,840
482002,1229,837
482003,1201,843
482004,1174,847
482005,1142,854
482006,1108,861
482007,1078,877
482008,1057,894
482009,1049,908
482010,1045,925
482011,1040,941
482012,1036,952
482013,1033,965
482014,1030,972
482015,1039,984
482016,1050,992
482017,1064,999
482018,1077,1004
482019,1075,1007
482020,1056,1012
482021,1027,1026
482022,990,1039
482023,959,1052
482024,940,1063
482025,935,1076
482026,934,1091
482027,931,1100
482028,932,1103
482029,928,1104
482030,921,1103
482031,918,1107
482032,914,1113
482033,915,1116
482034,915,1118
482035,912,1118
482036,907,1121
482037,905,1126
482038,904,1132
482039,902,1135
482040,898,1133
482041,897,1130
482042,894,1129
482043,891,1130
482044,892,1135
482045,892,1138
482046,892,1139
482047,889,1141
482048,884,1139
482049,880,1139
482050,881,1143
482051,886,1149
482052,887,1149
482053,885,1146
482054,879,1143
482055,878,1142
482056,876,1150
482057,877,1157
482058,872,1153
482059,872,1148
482060,874,1146
482061,873,1152
482062,875,1156
482063,880,1161
482064,883,1162
482065,881,1160
482066,872,1159
482067,875,1163
482068,880,1165
482069,884,1172
482070,886,1168
482071,888,1170
482072,886,1170
482073,887,1174
482074,889,1173
482075,895,1179
482076,898,1180
482077,901,1178
482078,900,1175
482079,901,1174
482080,907,1179
482081,911,1179
482082,918,1176
482083,923,1173
482084,921,1169
482085,925,1170
482086,927,1168
482087,933,1167
482088,938,1161
482089,940,1154
482090,943,1148
482091,947,1142
482092,950,1140
482093,951,1139
482094,955,1138
482095,951,1130
482096,952,1122
482097,953,1121
482098,957,1116
482099,962,1112
482100,965,1109
482101,965,1103
482102,962,1098
482103,961,1093
482104,964,1089
482105,966,1086
482106,966,1081
482107,964,1076
482108,963,1071
482109,964,1067
482110,967,1068
482111,969,1070
482112,968,1070
482113,968,1065
482114,966,1066
482115,964,1065
482116,966,1067
482117,969,1069
482118,971,1066
482119,973,1065
482120,972,1066
482121,967,1067
482122,971,1066
482123,976,1070
482124,976,1073
482125,976,1074
482126,973,1071
482127,972,1072
482128,975,1070
482129,977,1072
482130,982,1072
482131,980,1070
482132,978,1063
482133,979,1061
482134,982,1064
482135,986,1068
482136,985,1068
482137,983,1067
482138,978,1066
482139,976,1063
482140,979,1064
482141,979,1066
482142,981,1062
482143,980,1056
482144,978,1056
482145,977,1056
482146,978,1057
482147,979,1060
482148,978,1059
482149,979,1058
482150,975,1055
482151,974,1054
482152,973,1058
482153,975,1058
482154,979,1063
482155,979,1059
482156,978,1057
482157,975,1057
482158,972,1058
482159,976,1060
482160,979,1063
482161,980,1061
482162,975,1058
482163,970,1059
482164,969,1060
482165,970,1066
482166,971,1068
482167,968,1070
482168,966,1067
482169,966,1062
482170,971,1059
482171,972,1062
482172,976,1056
482173,972,1054
482174,966,1056
482175,967,1061
482176,971,1069
482177,975,1069
482178,978,1068
482179,978,1064
482180,974,1063
482181,973,1064
482182,974,1063
482183,976,1067
482184,977,1061
482185,978,1055
482186,975,1055
482187,972,1054
482188,972,1058
482189,976,1060
482190,976,1057
482191,975,1056
482192,966,1057
482193,963,1058
482194,964,1065
482195,967,1069
482196,969,1069
482197,969,1065
482198,970,1062
482199,972,1061
482200,972,1062
482201,974,1064
482202,974,1066
482203,974,1067
482204,973,1062
482205,977,1061
482206,976,1065
482207,975,1067
482208,978,1067
482209,979,1062
482210,975,1056
482211,974,1059
482212,973,1063
482213,976,1066
482214,975,1066
482215,974,1061
482216,971,1060
482217,967,1060
482218,969,1059
482219,978,1064
482220,977,1064
482221,975,1063
482222,971,1061
482223,972,1063
482224,973,1066
482225,975,1068
482226,979,1066
482227,975,1061
482228,972,1059
482229,971,1057
482230,974,1058
482231,977,1062
482232,976,1062
482233,974,1059
482234,973,1057
482235,972,1059
482236,971,1062
482237,975,1066
482238,977,1063
482239,975,1061
482240,971,1059
482241,971,1059
482242,973,1062
482243,976,1068
482244,978,1065
482245,977,1062
482246,971,1063
482247,971,1068
482248,972,1070
482249,978,1072
482250,978,1070
482251,977,1066
482252,975,1065
482253,975,1066
482254,974,1066
482255,977,1067
482256,980,1062
482257,977,1063
482258,975,1061
482259,974,1062
482260,976,1063
482261,980,1065
482262,981,1064
482263,981,1063
482264,979,1061
482265,976,1063
482266,981,1064
482267,981,1065
482268,986,1065
482269,985,1065
482270,984,1061
482271,982,1059
482272,985,1060
482273,986,1062
482274,986,1060
482275,983,1056
482276,981,1057
482277,983,1063
482278,982,1063
482279,983,1065
482280,985,1062
482281,985,1063
482282,984,1061
482283,977,1059
482284,980,1061
482285,979,1060
482286,981,1061
482287,980,1061
482288,978,1058
482289,975,1058
482290,978,1061
482291,979,1062
482292,980,1060
482293,979,1058
482294,977,1060
482295,975,1064
482296,978,1064
482297,983,1063
482298,983,1063
482299,980,1062
482300,977,1063
482301,979,1066
482302,981,1065
482303,983,1067
482304,987,1066
482305,980,1066
482306,980,1066
482307,981,1067
482308,984,1063
482309,986,1063
482310,987,1062
482311,982,1066
482312,982,1062
482313,982,1059
482314,982,1062
482315,985,1062
482316,986,1063
482317,986,1062
482318,984,1059
482319,985,1063
482320,984,1062
482321,987,1063
482322,987,1058
482323,985,1054
482324,983,1052
482325,987,1054
482326,985,1056
482327,988,1060
482328,985,1060
482329,986,1058
482330,983,1057
482331,981,1060
482332,981,1061
482333,983,1062
482334,983,1062
482335,986,1055
482336,984,1055
482337,982,1060
482338,983,1064
482339,985,1070
482340,987,1066
482341,988,1062
482342,983,1060
482343,985,1064
482344,986,1069
482345,988,1070
482346,991,1064
482347,991,1056
482348,987,1054
482349,987,1059
482350,987,1065
482351,987,1068
482352,987,1066
482353,984,1063
482354,987,1059
482355,984,1060
482356,985,1062
482357,986,1066
482358,987,1067
482359,986,1065
482360,982,1065
482361,982,1065
482362,986,1065
482363,992,1067
482364,992,1069
482365,989,1067
482366,991,1067
482367,988,1066
482368,989,1062
482369,992,1065
482370,991,1064
482371,994,1064
482372,990,1062
482373,992,1062
482374,993,1064
482375,994,1067
482376,994,1063
482377,991,1059
482378,989,1053
482379,989,1055
482380,990,1062
482381,993,1064
482382,995,1062
482383,996,1056
482384,993,1052
482385,993,1053
482386,995,1056
482387,995,1061
482388,997,1061
482389,994,1057
482390,991,1056
482391,991,1060
482392,993,1062
482393,993,1066
482394,995,1063
482395,994,1062
482396,991,1064
482397,991,1067
482398,995,1067
482399,998,1065
482400,998,1063
482401,997,1060
482402,996,1061
482403,995,1062
482404,999,1065
482405,1000,1067
482406,999,1061
482407,996,1055
482408,991,1053
482409,993,1058
482410,994,1065
482411,995,1066
482412,995,1067
482413,996,1064
482414,996,1057
482415,998,1056
482416,1000,1056
482417,1000,1061
482418,1001,1061
482419,1002,1059
482420,998,1058
482421,997,1058
482422,1001,1063
482423,1002,1065
482424,1005,1071
482425,1005,1065
482426,1001,1064
482427,1000,1061
482428,1006,1064
482429,1008,1066
482430,1006,1065
482431,1003,1063
482432,1001,1060
482433,999,1062
482434,1001,1066
482435,1004,1066
482436,1004,1068
482437,1004,1065
482438,1001,1062
482439,998,1061
482440,1002,1063
482441,1003,1067
482442,1003,1066
482443,1004,1062
482444,999,1054
482445,997,1053
482446,1000,1059
482447,1001,1061
482448,1003,1061
482449,1000,1060
482450,998,1058
482451,1001,1058
482452,1001,1059
482453,1003,1060
482454,1009,1051
482455,1015,1048
482456,1025,1045
482457,1038,1043
482458,1062,1043
482459,1086,1040
482460,1118,1036
482461,1153,1027
482462,1188,1011
482463,1226,999
482464,1262,997
482465,1301,999
482466,1326,1007
482467,1326,1019
482468,1301,1033
482469,1247,1045
482470,1188,1055
482471,1134,1061
482472,1076,1070
482473,1023,1078
482474,988,1088
482475,976,1097
482476,983,1101
482477,997,1096
482478,1008,1081
482479,1008,1069
482480,1005,1062
482481,1000,1063
482482,999,1065
482483,999,1065
482484,999,1065
482485,991,1062
482486,985,1062
482487,983,1060
482488,980,1063
482489,980,1067
482490,978,1067
482491,978,1061
482492,977,1060
482493,974,1059
482494,977,1063
482495,980,1067
482496,982,1065
482497,982,1062
482498,977,1058
482499,974,1060
482500,976,1063
482501,977,1069
482502,980,1073
482503,977,1070
482504,976,1064
482505,976,1062
482506,979,1064
482507,978,1066
482508,979,1067
482509,980,1064
482510,980,1065
482511,979,1068
482512,980,1068
482513,982,1067
482514,986,1069
482515,981,1064
482516,977,1065
482517,978,1069
482518,979,1073
482519,980,1072
482520,980,1069
482521,981,1066
482522,981,1065
482523,983,1068
482524,983,1069
482525,985,1069
482526,984,1064
482527,986,1062
482528,984,1059
482529,986,1063
482530,987,1067
482531,990,1068
482532,992,1063
482533,992,1059
482534,987,1056
482535,987,1060
482536,989,1060
482537,991,1059
482538,993,1059
482539,992,1054
482540,992,1051
482541,993,1050
482542,996,1050
482543,998,1049
482544,997,1048
482545,999,1046
482546,998,1044
482547,997,1045
482548,1000,1048
482549,999,1046
482550,999,1043
482551,997,1044
482552,1003,1041
482553,1006,1045
482554,1006,1042
482555,1008,1041
482556,1011,1042
482557,1011,1039
482558,1010,1035
482559,1015,1035
482560,1021,1032
482561,1025,1032
482562,1026,1029
482563,1023,1030
482564,1022,1028
482565,1023,1029
482566,1022,1032
482567,1024,1033
482568,1029,1034
482569,1029,1031
482570,1029,1030
482571,1033,1031
482572,1037,1037
482573,1041,1040
482574,1041,1034
482575,1042,1029
482576,1039,1027
482577,1039,1031
482578,1040,1031
482579,1042,1036
482580,1043,1037
482581,1039,1037
482582,1034,1039
482583,1036,1042
482584,1034,1047
482585,1037,1053
482586,1037,1050
482587,1033,1056
482588,1030,1055
482589,1025,1058
482590,1025,1061
482591,1028,1063
482592,1030,1062
482593,1027,1062
482594,1023,1060
482595,1021,1056
482596,1017,1057
482597,1017,1060
482598,1012,1061
482599,1011,1056
482600,1008,1054
482601,1007,1057
482602,1008,1061
482603,1011,1066
482604,1010,1066
482605,1008,1061
482606,1005,1060
482607,1004,1059
482608,1006,1062
482609,1006,1063
482610,1010,1062
482611,1004,1060
482612,1000,1062
482613,1004,1061
482614,999,1066
482615,1005,1069
482616,1006,1069
482617,1004,1068
482618,1001,1063
482619,1002,1065
482620,1002,1067
482621,1007,1067
482622,1010,1060
482623,1008,1057
482624,1005,1054
482625,1003,1060
482626,1005,1066
482627,1007,1067
482628,1007,1063
482629,1004,1058
482630,1003,1056
482631,1003,1057
482632,1007,1059
482633,1010,1057
482634,1012,1056
482635,1008,1055
482636,1005,1053
482637,1008,1056
482638,1011,1059
482639,1011,1058
482640,1009,1056
482641,1006,1053
482642,1006,1053
482643,1005,1057
482644,1005,1063
482645,1007,1064
482646,1005,1064
482647,1003,1058
482648,1003,1056
482649,1001,1059
482650,1003,1062
482651,1006,1066
482652,1006,1064
482653,1003,1058
482654,999,1055
482655,999,1055
482656,997,1058
482657,1004,1064
482658,1004,1061
482659,1001,1056
482660,999,1051
482661,997,1057
482662,997,1062
482663,1000,1062
482664,1002,1058
482665,1002,1056
482666,999,1054
482667,996,1059
482668,994,1063
482669,995,1062
482670,997,1061
482671,998,1056
482672,994,1058
482673,993,1059
482674,995,1061
482675,995,1062
482676,999,1064
482677,997,1063
482678,994,1061
482679,994,1065
482680,996,1065
482681,999,1067
482682,1000,1061
482683,997,1059
482684,994,1059
482685,996,1061
482686,997,1065
482687,1002,1066
482688,1003,1062
482689,1000,1060
482690,997,1059
482691,998,1061
482692,1001,1067
482693,1000,1072
482694,1001,1067
482695,1001,1065
482696,998,1061
482697,997,1064
482698,995,1068
482699,996,1070
482700,997,1071
482701,996,1072
482702,995,1070
482703,994,1072
482704,995,1074
482705,997,1075
482706,998,1075
482707,994,1075
482708,994,1076
482709,993,1076
482710,997,1072
482711,1005,1067
482712,1003,1062
482713,1002,1060
482714,998,1057
482715,998,1060
482716,998,1060
482717,1002,1058
482718,1001,1057
482719,998,1055
482720,998,1053
482721,999,1055
482722,1008,1055
482723,1018,1056
482724,1030,1052
482725,1043,1043
482726,1058,1041
482727,1087,1039
482728,1121,1034
482729,1160,1025
482730,1203,1010
482731,1245,998
482732,1282,993
482733,1311,1006
482734,1320,1023
482735,1301,1041
482736,1256,1050
482737,1200,1053
482738,1134,1057
482739,1067,1070
482740,1011,1087
482741,972,1103
482742,957,1114
482743,960,1119
482744,972,1107
482745,982,1097
482746,990,1087
482747,998,1081
482748,995,1072
482749,988,1067
482750,979,1065
482751,977,1066
482752,977,1066
482753,980,1068
482754,978,1067
482755,979,1063
482756,976,1061
482757,973,1063
482758,973,1067
482759,978,1070
482760,978,1069
482761,974,1065
482762,976,1063
482763,977,1065
482764,977,1067
482765,978,1070
482766,978,1067
482767,979,1065
482768,975,1061
482769,975,1065
482770,973,1069
482771,980,1071
482772,981,1070
482773,978,1066
482774,973,1061
482775,975,1061
482776,979,1064
482777,982,1071
482778,980,1071
482779,979,1070
482780,977,1068
482781,977,1064
482782,979,1066
482783,981,1069
482784,981,1068
482785,976,1068
482786,978,1065
482787,976,1067
482788,979,1065
482789,978,1070
482790,978,1072
482791,979,1070
482792,975,1067
482793,976,1065
482794,980,1059
482795,978,1055
482796,982,1050
482797,979,1047
482798,976,1051
482799,979,1055
482800,981,1055
482801,985,1055
482802,984,1054
482803,983,1054
482804,983,1049
482805,982,1048
482806,982,1048
482807,986,1047
482808,987,1046
482809,989,1042
482810,986,1037
482811,988,1037
482812,991,1035
482813,993,1039
482814,995,1039
482815,996,1034
482816,994,1033
482817,994,1032
482818,994,1033
482819,998,1036
482820,1001,1036
482821,999,1035
482822,998,1034
482823,1000,1031
482824,1005,1031
482825,1010,1029
482826,1007,1029
482827,1011,1024
482828,1010,1024
482829,1011,1025
482830,1011,1030
482831,1018,1028
482832,1019,1024
482833,1018,1020
482834,1015,1016
482835,1015,1017
482836,1015,1020
482837,1017,1024
482838,1018,1026
482839,1016,1025
482840,1016,1023
482841,1014,1023
482842,1017,1029
482843,1018,1031
482844,1019,1033
482845,1015,1030
482846,1008,1031
482847,1011,1032
482848,1010,1039
482849,1013,1042
482850,1009,1043
482851,1009,1044
482852,1001,1048
482853,999,1054
482854,995,1060
482855,1001,1064
482856,999,1063
482857,996,1063
482858,989,1059
482859,989,1064
482860,993,1061
482861,994,1064
482862,992,1065
482863,988,1064
482864,985,1067
482865,985,1070
482866,989,1070
482867,989,1069
482868,986,1067
482869,983,1067
482870,984,1070
482871,984,1070
482872,988,1068
482873,992,1073
482874,990,1074
482875,989,1069
482876,985,1071
482877,988,1072
482878,989,1073
482879,993,1075
482880,997,1073
482881,993,1071
482882,992,1069
482883,990,1071
482884,991,1073
482885,995,1075
482886,995,1071
482887,994,1065
482888,988,1067
482889,990,1070
482890,990,1074
482891,996,1074
482892,995,1071
482893,993,1071
482894,991,1071
482895,990,1076
482896,996,1077
482897,997,1074
482898,998,1071
482899,993,1066
482900,989,1063
482901,989,1065
482902,986,1068
482903,988,1073
482904,993,1070
482905,991,1069
482906,989,1067
482907,988,1067
482908,989,1069
482909,987,1069
482910,988,1070
482911,990,1067
482912,987,1066
482913,990,1066
482914,992,1068
482915,993,1068
482916,992,1067
482917,989,1064
482918,986,1065
482919,985,1066
482920,988,1066
482921,990,1067
482922,994,1067
482923,991,1064
482924,986,1066
482925,983,1072
482926,986,1070
482927,989,1073
482928,991,1069
482929,984,1069
482930,983,1070
482931,984,1071
482932,988,1075
482933,991,1075
482934,994,1076
482935,988,1074
482936,985,1069
482937,987,1069
482938,987,1069
482939,992,1072
482940,992,1071
482941,988,1072
482942,983,1069
482943,982,1071
482944,985,1073
482945,985,1078
482946,985,1077
482947,984,1075
482948,982,1071
482949,984,1070
482950,987,1069
482951,989,1069
482952,987,1070
482953,986,1067
482954,983,1067
482955,983,1068
482956,985,1073
482957,990,1077
482958,988,1075
482959,988,1072
482960,982,1070
482961,978,1071
482962,981,1074
482963,986,1077
482964,988,1075
482965,986,1073
482966,978,1072
482967,980,1073
482968,986,1075
482969,984,1075
482970,986,1074
482971,985,1075
482972,979,1072
482973,979,1072
482974,983,1074
482975,986,1076
482976,985,1072
482977,983,1073
482978,978,1072
482979,978,1078
482980,980,1078
482981,986,1076
482982,985,1072
482983,982,1070
482984,977,1070
482985,978,1072
482986,978,1071
482987,982,1074
482988,985,1075
482989,982,1073
482990,980,1072
482991,980,1074
482992,982,1078
482993,987,1076
482994,987,1070
482995,984,1068
482996,983,1067
482997,982,1069
482998,989,1073
482999,990,1075
483000,985,1075
483001,982,1071
483002,982,1071
483003,986,1071
483004,991,1075
483005,992,1078
483006,994,1076
483007,988,1068
483008,985,1066
483009,984,1071
483010,986,1072
483011,991,1072
483012,991,1068
483013,989,1065
483014,985,1064
483015,989,1067
483016,991,1070
483017,994,1072
483018,991,1068
483019,983,1067
483020,982,1069
483021,982,1074
483022,985,1076
483023,989,1078
483024,991,1074
483025,986,1071
483026,984,1065
483027,985,1068
483028,984,1069
483029,987,1074
483030,985,1076
483031,984,1077
483032,978,1072
483033,981,1073
483034,988,1073
483035,993,1071
483036,991,1069
483037,991,1069
483038,987,1069
483039,992,1069
483040,991,1072
483041,996,1067
483042,1002,1062
483043,1005,1058
483044,1010,1056
483045,1025,1057
483046,1048,1057
483047,1069,1056
483048,1096,1049
483049,1131,1039
483050,1167,1023
483051,1207,1011
483052,1248,1006
483053,1287,1007
483054,1309,1013
483055,1315,1026
483056,1292,1040
483057,1245,1052
483058,1183,1059
483059,1124,1065
483060,1062,1072
483061,1007,1083
483062,970,1090
483063,959,1099
483064,969,1100
483065,982,1096
483066,993,1087
483067,992,1077
483068,986,1072
483069,982,1072
483070,980,1074
483071,979,1072
483072,979,1068
483073,974,1065
483074,971,1064
483075,971,1062
483076,974,1064
483077,974,1065
483078,971,1068
483079,968,1068
483080,964,1068
483081,963,1066
483082,966,1068
483083,972,1069
483084,969,1071
483085,963,1071
483086,958,1075
483087,962,1077
483088,967,1078
483089,971,1076
483090,970,1071
483091,968,1068
483092,963,1067
483093,966,1070
483094,967,1075
483095,970,1075
483096,969,1074
483097,968,1072
483098,966,1073
483099,970,1075
483100,971,1078
483101,974,1081
483102,975,1079
483103,972,1074
483104,967,1071
483105,966,1071
483106,973,1072
483107,975,1073
483108,973,1068
483109,973,1063
483110,969,1063
483111,968,1064
483112,975,1070
483113,978,1069
483114,979,1069
483115,976,1067
483116,972,1063
483117,971,1062
483118,973,1063
483119,976,1063
483120,976,1062
483121,974,1058
483122,971,1057
483123,972,1057
483124,976,1060
483125,978,1059
483126,979,1054
483127,978,1052
483128,978,1048
483129,978,1049
483130,982,1051
483131,986,1056
483132,987,1055
483133,990,1049
483134,989,1043
483135,990,1044
483136,991,1046
483137,995,1049
483138,999,1046
483139,997,1041
483140,995,1037
483141,994,1039
483142,998,1041
483143,1004,1043
483144,1004,1045
483145,1004,1044
483146,1003,1041
483147,1002,1039
483148,1007,1036
483149,1010,1039
483150,1012,1040
483151,1011,1038
483152,1005,1038
483153,1006,1039
483154,1005,1041
483155,1012,1043
483156,1015,1038
483157,1015,1036
483158,1011,1035
483159,1010,1035
483160,1013,1039
483161,1016,1040
483162,1015,1042
483163,1013,1042
483164,1009,1040
483165,1009,1040
483166,1010,1041
483167,1010,1046
483168,1009,1046
483169,1002,1048
483170,1001,1047
483171,1001,1052
483172,1002,1057
483173,1003,1060
483174,999,1059
483175,994,1055
483176,994,1053
483177,993,1054
483178,994,1060
483179,994,1068
483180,996,1068
483181,994,1068
483182,992,1066
483183,993,1067
483184,992,1067
483185,991,1065
483186,989,1066
483187,988,1065
483188,984,1068
483189,985,1070
483190,984,1072
483191,989,1073
483192,988,1073
483193,987,1069
483194,979,1069
483195,983,1070
483196,983,1073
483197,989,1075
483198,988,1072
483199,987,1069
483200,984,1065
483201,980,1066
483202,984,1067
483203,985,1070
483204,982,1071
483205,978,1069
483206,977,1070
483207,977,1067
483208,981,1069
483209,985,1066
483210,985,1067
483211,983,1060
483212,981,1058
483213,979,1060
483214,982,1064
483215,983,1066
483216,986,1065
483217,983,1060
483218,981,1059
483219,983,1062
483220,986,1066
483221,990,1063
483222,991,1060
483223,984,1056
483224,981,1055
483225,980,1060
483226,982,1062
483227,986,1065
483228,983,1065
483229,982,1063
483230,979,1063
483231,981,1064
483232,985,1066
483233,985,1065
483234,986,1066
483235,988,1066
483236,988,1066
483237,987,1068
483238,990,1067
483239,991,1068
483240,987,1066
483241,988,1065
483242,981,1068
483243,981,1070
483244,984,1071
483245,988,1072
483246,987,1072
483247,981,1069
483248,979,1071
483249,979,1073
483250,979,1073
483251,986,1072
483252,985,1067
483253,985,1060
483254,981,1059
483255,979,1065
483256,981,1068
483257,985,1070
483258,983,1066
483259,976,1063
483260,975,1067
483261,975,1070
483262,982,1072
483263,982,1071
483264,981,1070
483265,975,1069
483266,975,1069
483267,975,1066
483268,976,1065
483269,982,1064
483270,982,1062
483271,981,1058
483272,977,1061
483273,977,1063
483274,976,1064
483275,982,1067
483276,980,1067
483277,974,1065
483278,970,1065
483279,975,1067
483280,978,1069
483281,982,1068
483282,981,1065
483283,978,1064
483284,971,1064
483285,978,1062
483286,981,1066
483287,984,1068
483288,984,1066
483289,978,1063
483290,974,1062
483291,974,1063
483292,978,1069
483293,981,1072
483294,981,1071
483295,976,1071
483296,973,1070
483297,975,1073
483298,979,1074
483299,983,1073
483300,981,1072
483301,981,1068
483302,973,1063
483303,977,1063
483304,977,1067
483305,982,1074
483306,979,1073
483307,980,1070
483308,979,1066
483309,977,1064
483310,979,1066
483311,981,1069
483312,979,1066
483313,979,1063
483314,976,1063
483315,983,1063
483316,991,1063
483317,1006,1058
483318,1015,1052
483319,1025,1045
483320,1041,1044
483321,1068,1039
483322,1103,1034
483323,1143,1023
483324,1181,1009
483325,1216,999
483326,1246,997
483327,1276,1003
483328,1295,1016
483329,1285,1036
483330,1244,1047
483331,1184,1050
483332,1118,1058
483333,1050,1069
483334,992,1087
483335,955,1098
483336,943,1110
483337,950,1109
483338,963,1103
483339,972,1092
483340,981,1086
483341,985,1078
483342,982,1071
483343,975,1067
483344,968,1065
483345,965,1067
483346,965,1070
483347,966,1070
483348,965,1066
483349,960,1064
483350,957,1066
483351,958,1067
483352,959,1071
483353,961,1074
483354,960,1074
483355,957,1068
483356,957,1066
483357,957,1068
483358,957,1069
483359,960,1070
483360,961,1068
483361,957,1064
483362,950,1061
483363,950,1064
483364,957,1062
483365,964,1063
483366,963,1055
483367,963,1055
483368,961,1051
483369,961,1057
483370,963,1060
483371,966,1063
483372,962,1063
483373,964,1059
483374,962,1059
483375,963,1063
483376,966,1064
483377,969,1065
483378,969,1064
483379,967,1064
483380,963,1063
483381,961,1062
483382,957,1062
483383,965,1064
483384,962,1061
483385,963,1062
483386,962,1061
483387,959,1059
483388,962,1062
483389,968,1063
483390,966,1060
483391,967,1060
483392,962,1056
483393,963,1058
483394,965,1060
483395,968,1061
483396,969,1056
483397,971,1050
483398,972,1041
483399,973,1041
483400,975,1040
483401,978,1040
483402,978,1039
483403,980,1037
483404,977,1037
483405,977,1038
483406,982,1040
483407,988,1038
483408,989,1031
483409,986,1026
483410,984,1025
483411,985,1028
483412,985,1031
483413,990,1031
483414,993,1032
483415,994,1030
483416,992,1029
483417,995,1026
483418,999,1029
483419,999,1027
483420,1001,1023
483421,999,1023
483422,994,1018
483423,995,1021
483424,1000,1026
483425,1007,1028
483426,1007,1022
483427,1003,1018
483428,1000,1018
483429,998,1020
483430,1004,1024
483431,1005,1029
483432,999,1030
483433,998,1026
483434,1000,1025
483435,999,1028
483436,1001,1031
483437,1003,1033
483438,1000,1031
483439,998,1029
483440,991,1030
483441,988,1033
483442,993,1037
483443,995,1041
483444,991,1042
483445,987,1039
483446,985,1042
483447,987,1045
483448,986,1052
483449,986,1055
483450,984,1054
483451,978,1053
483452,975,1054
483453,974,1053
483454,980,1060
483455,983,1061
483456,985,1061
483457,981,1057
483458,978,1056
483459,976,1058
483460,979,1062
483461,984,1059
483462,985,1059
483463,982,1057
483464,984,1058
483465,989,1063
483466,994,1064
483467,1000,1064
483468,1007,1058
483469,1004,1056
483470,1007,1054
483471,1010,1056
483472,1015,1060
483473,1022,1058
483474,1019,1052
483475,1015,1047
483476,1011,1043
483477,1012,1042
483478,1024,1040
483479,1038,1031
483480,1044,1011
483481,1040,986
483482,1036,953
483483,1020,917
483484,1004,884
483485,983,846
483486,963,808
483487,946,771
483488,936,741
483489,935,716
483490,931,711
483491,927,710
483492,917,714
483493,910,723
483494,905,736
483495,907,754
483496,910,775
483497,919,796
483498,916,812
483499,911,827
483500,904,842
483501,898,863
483502,894,881
483503,895,890
483504,892,896
483505,885,906
483506,888,920
483507,889,932
483508,892,945
483509,897,956
483510,910,968
483511,914,975
483512,916,985
483513,924,996
483514,934,1003
483515,942,1010
483516,947,1015
483517,952,1021
483518,959,1027
483519,964,1039
483520,971,1049
483521,976,1061
483522,978,1068
483523,976,1080
483524,973,1093
483525,975,1106
483526,979,1112
483527,980,1122
483528,978,1127
483529,977,1125
483530,975,1130
483531,979,1132
483532,979,1137
483533,983,1140
483534,984,1139
483535,985,1140
483536,983,1140
483537,982,1143
483538,984,1149
483539,991,1149
483540,995,1148
483541,993,1145
483542,997,1147
483543,997,1148
483544,1002,1153
483545,1003,1153
483546,1011,1151
483547,1008,1152
483548,1012,1153
483549,1014,1157
483550,1020,1158
483551,1026,1163
483552,1030,1158
483553,1031,1159
483554,1031,1160
483555,1034,1164
483556,1039,1169
483557,1046,1174
483558,1049,1174
483559,1050,1173
483560,1051,1175
483561,1055,1181
483562,1059,1188
483563,1068,1190
483564,1073,1186
483565,1079,1185
483566,1081,1186
483567,1089,1190
483568,1095,1194
483569,1102,1198
483570,1105,1198
483571,1106,1199
483572,1113,1200
483573,1116,1201
483574,1123,1205
483575,1131,1208
483576,1135,1206
483577,1136,1202
483578,1135,1203
483579,1137,1203
483580,1140,1201
483581,1143,1202
483582,1145,1202
483583,1145,1196
483584,1141,1190
483585,1144,1190
483586,1146,1189
483587,1146,1183
483588,1143,1179
483589,1138,1173
483590,1131,1164
483591,1129,1163
483592,1122,1160
483593,1125,1152
483594,1119,1142
483595,1112,1134
483596,1103,1129
483597,1095,1124
483598,1091,1122
483599,1087,1118
483600,1079,1112
483601,1071,1103
483602,1060,1098
483603,1055,1097
483604,1049,1095
483605,1047,1092
483606,1039,1086
483607,1033,1083
483608,1026,1079
483609,1021,1079
483610,1023,1078
483611,1020,1075
483612,1013,1071
483613,1009,1063
483614,1004,1060
483615,1003,1063
483616,1002,1061
483617,1001,1060
483618,1002,1061
483619,1000,1059
483620,997,1060
483621,993,1062
483622,992,1066
483623,995,1068
483624,989,1063
483625,986,1060
483626,982,1060
483627,983,1065
483628,983,1068
483629,983,1072
483630,981,1070
483631,981,1071
483632,979,1071
483633,980,1074
483634,981,1077
483635,984,1075
483636,983,1076
483637,980,1072
483638,977,1071
483639,978,1075
483640,977,1074
483641,983,1068
483642,984,1061
483643,981,1055
483644,978,1056
483645,977,1060
483646,977,1063
483647,983,1065
483648,982,1062
483649,979,1058
483650,974,1059
483651,971,1060
483652,976,1064
483653,978,1066
483654,975,1064
483655,975,1059
483656,971,1060
483657,972,1061
483658,973,1064
483659,976,1067
483660,973,1066
483661,969,1061
483662,965,1063
483663,965,1064
483664,967,1068
483665,971,1067
483666,970,1064
483667,969,1059
483668,966,1059
483669,969,1060
483670,967,1065
483671,971,1065
483672,970,1068
483673,968,1068
483674,966,1070
483675,967,1071
483676,970,1071
483677,971,1067
483678,970,1067
483679,972,1066
483680,969,1064
483681,970,1066
483682,973,1068
483683,974,1071
483684,974,1071
483685,968,1071
483686,968,1070
483687,967,1073
483688,968,1071
483689,971,1070
483690,972,1069
483691,970,1068
483692,965,1065
483693,966,1068
483694,970,1071
483695,972,1070
483696,974,1070
483697,970,1067
483698,965,1066
483699,966,1063
483700,964,1067
483701,968,1068
483702,967,1067
483703,968,1066
483704,964,1065
483705,965,1069
483706,969,1071
483707,972,1070
483708,970,1070
483709,968,1070
483710,968,1068
483711,967,1067
483712,964,1065
483713,968,1069
483714,970,1068
483715,969,1064
483716,967,1068
483717,970,1066
483718,967,1072
483719,969,1071
483720,970,1071
483721,964,1066
483722,963,1062
483723,966,1067
483724,967,1070
483725,970,1070
483726,971,1070
483727,968,1068
483728,966,1070
483729,964,1074
483730,968,1076
483731,974,1077
483732,972,1074
483733,970,1068
483734,968,1067
483735,970,1071
483736,972,1074
483737,977,1074
483738,977,1069
483739,972,1063
483740,967,1062
483741,969,1067
483742,971,1068
483743,975,1067
483744,975,1063
483745,973,1056
483746,969,1057
483747,968,1061
483748,967,1068
483749,973,1070
483750,968,1066
483751,967,1064
483752,963,1062
483753,963,1064
483754,969,1066
483755,971,1066
483756,969,1063
483757,968,1057
483758,966,1056
483759,968,1057
483760,973,1062
483761,976,1066
483762,973,1066
483763,972,1062
483764,967,1063
483765,970,1071
483766,975,1072
483767,978,1072
483768,978,1066
483769,972,1064
483770,966,1065
483771,968,1071
483772,972,1074
483773,974,1072
483774,975,1068
483775,969,1063
483776,965,1066
483777,967,1071
483778,969,1075
483779,972,1074
483780,971,1073
483781,970,1069
483782,970,1070
483783,970,1070
483784,973,1074
483785,973,1072
483786,974,1071
483787,971,1065
483788,970,1063
483789,968,1064
483790,969,1069
483791,974,1067
483792,976,1066
483793,971,1064
483794,968,1063
483795,968,1063
483796,969,1064
483797,972,1066
483798,972,1069
483799,971,1069
483800,971,1069
483801,969,1069
483802,975,1070
483803,978,1069
483804,973,1062
483805,971,1060
483806,971,1060
483807,975,1065
483808,980,1067
483809,983,1066
483810,984,1064
483811,981,1061
483812,975,1062
483813,973,1065
483814,976,1072
483815,976,1073
483816,975,1075
483817,973,1074
483818,974,1074
483819,978,1073
483820,979,1074
483821,982,1078
483822,984,1073
483823,980,1069
483824,978,1068
483825,977,1068
483826,977,1076
483827,980,1073
483828,976,1070
483829,973,1070
483830,973,1066
483831,973,1065
483832,975,1064
483833,978,1063
483834,976,1063
483835,976,1056
483836,975,1058
483837,975,1061
483838,978,1062
483839,979,1063
483840,977,1063
483841,974,1063
483842,973,1061
483843,978,1065
483844,981,1066
483845,982,1066
483846,982,1065
483847,980,1062
483848,977,1061
483849,978,1063
483850,980,1068
483851,985,1069
483852,985,1068
483853,982,1061
483854,984,1057
483855,985,1054
483856,986,1056
483857,994,1054
483858,1004,1051
483859,1012,1047
483860,1027,1044
483861,1048,1042
483862,1077,1042
483863,1112,1035
483864,1150,1020
483865,1181,1003
483866,1215,998
483867,1254,999
483868,1288,1005
483869,1299,1014
483870,1281,1027
483871,1235,1035
483872,1171,1047
483873,1108,1059
483874,1052,1071
483875,1000,1081
483876,966,1090
483877,951,1096
483878,954,1096
483879,970,1088
483880,982,1082
483881,987,1078
483882,978,1073
483883,974,1071
483884,967,1072
483885,966,1075
483886,967,1080
483887,969,1079
483888,966,1073
483889,960,1065
483890,957,1066
483891,959,1069
483892,959,1074
483893,959,1074
483894,959,1068
483895,956,1066
483896,953,1066
483897,955,1070
483898,958,1072
483899,960,1072
483900,959,1068
483901,959,1066
483902,957,1067
483903,958,1069
483904,959,1074
483905,961,1073
483906,958,1073
483907,957,1072
483908,957,1071
483909,959,1070
483910,963,1066
483911,964,1063
483912,961,1065
483913,957,1064
483914,953,1066
483915,951,1063
483916,952,1062
483917,954,1059
483918,952,1059
483919,950,1058
483920,949,1057
483921,952,1061
483922,958,1062
483923,963,1063
483924,961,1061
483925,954,1059
483926,952,1063
483927,954,1068
483928,961,1073
483929,963,1069
483930,964,1059
483931,962,1056
483932,962,1055
483933,961,1056
483934,967,1059
483935,970,1057
483936,969,1060
483937,967,1057
483938,964,1055
483939,964,1057
483940,968,1056
483941,972,1057
483942,974,1055
483943,970,1052
483944,969,1048
483945,973,1048
483946,977,1048
483947,983,1040
483948,984,1041
483949,982,1036
483950,981,1039
483951,983,1039
483952,988,1041
483953,991,1038
483954,995,1037
483955,992,1032
483956,990,1031
483957,993,1036
483958,994,1040
483959,1000,1043
483960,997,1040
483961,996,1033
483962,995,1032
483963,997,1030
483964,1000,1031
483965,1003,1027
483966,1004,1024
483967,999,1025
483968,994,1026
483969,1003,1028
483970,1005,1033
483971,1008,1031
483972,1012,1031
483973,1012,1032
483974,1008,1031
483975,1006,1039
483976,1011,1042
483977,1015,1043
483978,1016,1042
483979,1014,1041
483980,1013,1043
483981,1014,1045
483982,1015,1047
483983,1015,1049
483984,1011,1049
483985,1008,1048
483986,1006,1047
483987,1005,1051
483988,1005,1057
483989,1007,1057
483990,1004,1057
483991,999,1056
483992,994,1055
483993,997,1062
483994,996,1066
483995,999,1064
483996,996,1064
483997,993,1062
483998,993,1059
483999,995,1057
484000,998,1058
484001,999,1058
484002,998,1057
484003,993,1056
484004,990,1052
484005,988,1058
484006,994,1061
484007,994,1061
484008,993,1057
484009,990,1055
484010,984,1057
484011,985,1060
484012,985,1059
484013,984,1060
484014,984,1056
484015,981,1054
484016,981,1055
484017,979,1055
484018,982,1060
484019,985,1061
484020,983,1061
484021,986,1056
484022,982,1056
484023,978,1057
484024,985,1058
484025,986,1058
484026,986,1058
484027,984,1057
484028,980,1062
484029,980,1066
484030,982,1067
484031,986,1064
484032,983,1060
484033,981,1059
484034,979,1055
484035,980,1056
484036,985,1059
484037,987,1062
484038,986,1057
484039,982,1055
484040,983,1059
484041,982,1062
484042,981,1065
484043,987,1061
484044,986,1059
484045,983,1056
484046,982,1056
484047,980,1059
484048,982,1062
484049,982,1063
484050,983,1062
484051,978,1056
484052,978,1057
484053,976,1059
484054,977,1062
484055,979,1064
484056,978,1060
484057,976,1057
484058,972,1055
484059,975,1055
484060,975,1060
484061,978,1059
484062,979,1059
484063,976,1058
484064,972,1059
484065,975,1061
484066,978,1065
484067,980,1064
484068,979,1060
484069,980,1056
484070,978,1051
484071,979,1050
484072,980,1055
484073,980,1055
484074,980,1054
484075,977,1052
484076,974,1052
484077,975,1055
484078,978,1057
484079,983,1060
484080,981,1062
484081,978,1062
484082,976,1061
484083,975,1062
484084,975,1065
484085,980,1064
484086,978,1061
484087,978,1058
484088,975,1057
484089,975,1062
484090,978,1064
484091,981,1064
484092,981,1065
484093,979,1063
484094,977,1064
484095,976,1065
484096,981,1068
484097,983,1069
484098,983,1067
484099,979,1059
484100,974,1057
484101,978,1060
484102,985,1061
484103,997,1055
484104,1009,1050
484105,1018,1042
484106,1039,1042
484107,1067,1041
484108,1103,1038
484109,1144,1020
484110,1185,1004
484111,1223,994
484112,1260,995
484113,1285,1006
484114,1288,1024
484115,1258,1039
484116,1204,1043
484117,1140,1044
484118,1070,1054
484119,1007,1077
484120,962,1097
484121,946,1111
484122,949,1111
484123,961,1100
484124,967,1083
484125,974,1073
484126,980,1067
484127,979,1060
484128,981,1053
484129,975,1050
484130,970,1049
484131,965,1051
484132,965,1057
484133,963,1063
484134,960,1063
484135,958,1064
484136,959,1063
484137,960,1060
484138,960,1062
484139,962,1061
484140,958,1059
484141,953,1063
484142,951,1061
484143,953,1063
484144,955,1064
484145,958,1064
484146,955,1066
484147,954,1063
484148,950,1062
484149,950,1063
484150,956,1063
484151,957,1065
484152,956,1064
484153,954,1062
484154,950,1065
484155,952,1067
484156,954,1068
484157,960,1066
484158,957,1064
484159,956,1063
484160,953,1057
484161,953,1058
484162,957,1061
484163,960,1064
484164,964,1058
484165,960,1054
484166,959,1052
484167,961,1054
484168,963,1055
484169,965,1056
484170,966,1054
484171,965,1051
484172,966,1045
484173,967,1050
484174,970,1050
484175,973,1052
484176,970,1052
484177,968,1048
484178,965,1047
484179,965,1046
484180,966,1046
484181,974,1041
484182,974,1035
484183,970,1033
484184,964,1033
484185,967,1036
484186,969,1039
484187,972,1039
484188,972,1034
484189,968,1033
484190,970,1034
484191,976,1028
484192,980,1027
484193,984,1020
484194,985,1017
484195,981,1015
484196,982,1019
484197,982,1018
484198,986,1021
484199,984,1022
484200,987,1020
484201,986,1015
484202,988,1010
484203,992,1011
484204,994,1015
484205,993,1016
484206,992,1014
484207,992,1012
484208,990,1012
484209,993,1015
484210,998,1020
484211,1001,1017
484212,1001,1017
484213,998,1018
484214,998,1018
484215,996,1022
484216,995,1023
484217,998,1026
484218,995,1028
484219,989,1032
484220,987,1035
484221,989,1041
484222,990,1049
484223,992,1046
484224,986,1044
484225,984,1041
484226,982,1046
484227,980,1051
484228,980,1056
484229,983,1058
484230,979,1057
484231,973,1059
484232,970,1062
484233,969,1065
484234,975,1066
484235,977,1067
484236,975,1068
484237,973,1064
484238,972,1065
484239,971,1067
484240,972,1070
484241,976,1069
484242,973,1070
484243,973,1063
484244,969,1064
484245,970,1067
484246,972,1069
484247,974,1070
484248,973,1066
484249,971,1058
484250,970,1056
484251,971,1058
484252,973,1063
484253,975,1062
484254,975,1058
484255,968,1054
484256,967,1056
484257,971,1060
484258,972,1064
484259,976,1068
484260,977,1062
484261,977,1058
484262,975,1058
484263,976,1059
484264,978,1061
484265,979,1062
484266,978,1061
484267,976,1052
484268,974,1048
484269,974,1054
484270,979,1057
484271,981,1055
484272,978,1053
484273,978,1049
484274,975,1051
484275,973,1055
484276,975,1060
484277,976,1063
484278,976,1061
484279,973,1055
484280,972,1053
484281,970,1053
484282,973,1057
484283,976,1056
484284,973,1057
484285,972,1055
484286,971,1055
484287,973,1061
484288,975,1063
484289,976,1066
484290,976,1063
484291,974,1061
484292,970,1064
484293,974,1066
484294,975,1066
484295,976,1062
484296,975,1059
484297,971,1057
484298,969,1059
484299,971,1064
484300,974,1064
484301,976,1063
484302,975,1062
484303,970,1061
484304,968,1063
484305,970,1065
484306,974,1065
484307,975,1062
484308,973,1060
484309,971,1055
484310,970,1052
484311,966,1055
484312,970,1060
484313,972,1058
484314,972,1056
484315,968,1055
484316,965,1059
484317,968,1060
484318,972,1064
484319,975,1063
484320,973,1061
484321,971,1057
484322,971,1057
484323,970,1061
484324,973,1063
484325,974,1059
484326,973,1055
484327,969,1055
484328,972,1056
484329,973,1056
484330,975,1061
484331,976,1062
484332,972,1062
484333,970,1062
484334,969,1061
484335,973,1062
484336,975,1063
484337,977,1061
484338,978,1060
484339,974,1058
484340,972,1056
484341,976,1054
484342,979,1057
484343,979,1059
484344,979,1060
484345,976,1060
484346,974,1062
484347,975,1064
484348,979,1067
484349,981,1062
484350,978,1060
484351,976,1059
484352,973,1059
484353,971,1062
484354,974,1064
484355,976,1061
484356,974,1064
484357,972,1060
484358,967,1060
484359,969,1062
484360,968,1065
484361,971,1063
484362,971,1061
484363,970,1060
484364,967,1058
484365,970,1058
484366,974,1058
484367,975,1053
484368,971,1050
484369,969,1050
484370,969,1049
484371,969,1057
484372,972,1062
484373,975,1060
484374,975,1057
484375,971,1051
484376,970,1051
484377,970,1055
484378,975,1057
484379,976,1057
484380,976,1053
484381,974,1049
484382,977,1052
484383,974,1055
484384,976,1059
484385,979,1059
484386,976,1057
484387,976,1054
484388,974,1055
484389,973,1057
484390,975,1059
484391,982,1054
484392,981,1053
484393,976,1052
484394,975,1054
484395,975,1059
484396,979,1063
484397,979,1066
484398,981,1062
484399,977,1058
484400,974,1058
484401,980,1058
484402,982,1062
484403,983,1062
484404,983,1061
484405,981,1058
484406,980,1061
484407,981,1065
484408,983,1061
484409,987,1057
484410,983,1054
484411,981,1053
484412,980,1056
484413,981,1058
484414,980,1058
484415,985,1055
484416,981,1053
484417,981,1048
484418,977,1049
484419,981,1049
484420,985,1054
484421,991,1051
484422,996,1044
484423,1003,1039
484424,1013,1042
484425,1030,1038
484426,1048,1040
484427,1074,1033
484428,1100,1026
484429,1131,1008
484430,1160,993
484431,1194,986
484432,1223,989
484433,1242,999
484434,1236,1011
484435,1208,1024
484436,1160,1035
484437,1116,1043
484438,1070,1056
484439,1027,1070
484440,992,1077
484441,976,1084
484442,969,1090
484443,977,1090
484444,985,1082
484445,987,1066
484446,986,1057
484447,980,1054
484448,976,1052
484449,974,1056
484450,975,1055
484451,975,1057
484452,970,1051
484453,966,1052
484454,963,1051
484455,964,1056
484456,966,1055
484457,964,1056
484458,964,1056
484459,961,1056
484460,960,1060
484461,960,1062
484462,963,1065
484463,966,1063
484464,964,1058
484465,958,1052
484466,955,1050
484467,955,1049
484468,957,1052
484469,963,1051
484470,961,1053
484471,957,1047
484472,954,1048
484473,957,1050
484474,959,1051
484475,960,1052
484476,960,1050
484477,956,1051
484478,951,1049
484479,954,1050
484480,953,1054
484481,955,1054
484482,957,1053
484483,957,1050
484484,956,1048
484485,959,1050
484486,961,1052
484487,964,1052
484488,966,1048
484489,960,1047
484490,959,1047
484491,962,1051
484492,962,1057
484493,967,1057
484494,964,1053
484495,964,1049
484496,960,1048
484497,964,1048
484498,966,1048
484499,968,1046
484500,968,1042
484501,964,1041
484502,966,1040
484503,970,1042
484504,974,1041
484505,976,1037
484506,978,1033
484507,974,1028
484508,974,1028
484509,974,1027
484510,978,1029
484511,981,1025
484512,978,1021
484513,977,1018
484514,975,1020
484515,977,1024
484516,983,1026
484517,984,1026
484518,984,1023
484519,983,1016
484520,983,1017
484521,983,1018
484522,985,1018
484523,991,1018
484524,990,1016
484525,989,1014
484526,991,1014
484527,992,1015
484528,994,1019
484529,998,1017
484530,1000,1018
484531,1000,1014
484532,996,1012
484533,1000,1016
484534,1002,1021
484535,1002,1019
484536,999,1021
484537,997,1020
484538,999,1021
484539,999,1023
484540,1003,1023
484541,1004,1022
484542,1001,1023
484543,1000,1025
484544,998,1029
484545,997,1034
484546,997,1036
484547,994,1035
484548,993,1037
484549,992,1037
484550,990,1041
484551,987,1042
484552,987,1043
484553,988,1043
484554,983,1043
484555,981,1042
484556,977,1040
484557,975,1044
484558,975,1048
484559,977,1049
484560,977,1049
484561,974,1048
484562,969,1048
484563,970,1053
484564,974,1056
484565,973,1054
484566,975,1051
484567,971,1050
484568,970,1051
484569,969,1054
484570,972,1055
484571,976,1054
484572,975,1053
484573,973,1053
484574,973,1056
484575,976,1060
484576,979,1062
484577,984,1055
484578,979,1050
484579,978,1048
484580,977,1051
484581,977,1053
484582,978,1053
484583,979,1057
484584,979,1053
484585,975,1050
484586,973,1051
484587,975,1055
484588,978,1059
484589,977,1055
484590,975,1049
484591,974,1041
484592,973,1036
484593,972,1038
484594,975,1044
484595,976,1041
484596,974,1039
484597,972,1032
484598,973,1035
484599,974,1036
484600,976,1040
484601,979,1038
484602,973,1035
484603,974,1037
484604,972,1037
484605,974,1038
484606,974,1046
484607,978,1044
484608,974,1039
484609,968,1039
484610,970,1043
484611,972,1049
484612,976,1050
484613,979,1051
484614,975,1047
484615,969,1048
484616,968,1050
484617,966,1051
484618,969,1051
484619,972,1052
484620,966,1049
484621,967,1051
484622,967,1049
484623,965,1048
484624,969,1051
484625,969,1052
484626,966,1051
484627,966,1048
484628,966,1046
484629,967,1050
484630,970,1052
484631,971,1053
484632,969,1049
484633,964,1045
484634,965,1046
484635,968,1048
484636,970,1049
484637,973,1050
484638,974,1049
484639,971,1044
484640,971,1042
484641,969,1041
484642,972,1043
484643,976,1044
484644,976,1041
484645,977,1038
484646,974,1039
484647,975,1040
484648,979,1040
484649,980,1037
484650,985,1035
484651,991,1032
484652,1003,1030
484653,1023,1031
484654,1048,1031
484655,1075,1021
484656,1111,1009
484657,1150,995
484658,1191,988
484659,1230,993
484660,1258,1010
484661,1265,1032
484662,1241,1044
484663,1198,1043
484664,1143,1046
484665,1082,1055
484666,1025,1074
484667,976,1090
484668,948,1105
484669,941,1108
484670,945,1107
484671,959,1094
484672,966,1084
484673,971,1071
484674,971,1064
484675,966,1052
484676,963,1047
484677,961,1044
484678,962,1046
484679,960,1047
484680,954,1046
484681,954,1045
484682,952,1043
484683,957,1039
484684,960,1042
484685,958,1042
484686,960,1040
484687,954,1039
484688,953,1038
484689,955,1039
484690,956,1044
484691,956,1046
484692,958,1043
484693,954,1036
484694,952,1034
484695,953,1038
484696,956,1041
484697,958,1042
484698,955,1042
484699,951,1038
484700,949,1041
484701,950,1046
484702,952,1050
484703,956,1046
484704,953,1040
484705,951,1039
484706,948,1041
484707,950,1045
484708,952,1050
484709,952,1051
484710,949,1049
484711,950,1046
484712,949,1044
484713,953,1041
484714,954,1042
484715,955,1038
484716,954,1035
484717,949,1033
484718,949,1036
484719,951,1038
484720,955,1039
484721,959,1036
484722,957,1028
484723,953,1025
484724,952,1024
484725,954,1025
484726,960,1025
484727,963,1023
484728,961,1021
484729,962,1016
484730,965,1015
484731,968,1018
484732,973,1014
484733,976,1012
484734,975,1008
484735,974,1005
484736,974,1005
484737,974,1006
484738,981,1010
484739,981,1008
484740,983,1006
484741,978,1004
484742,979,1003
484743,981,1005
484744,985,1009
484745,988,1007
484746,987,1002
484747,984,999
484748,983,995
484749,988,997
484750,992,1000
484751,994,995
484752,994,989
484753,990,987
484754,988,990
484755,992,993
484756,994,994
484757,997,991
484758,995,992
484759,995,993
484760,995,995
484761,996,1000
484762,1001,1005
484763,1003,1006
484764,1000,1002
484765,994,999
484766,992,1005
484767,994,1008
484768,999,1016
484769,1000,1015
484770,995,1016
484771,989,1015
484772,989,1017
484773,992,1021
484774,995,1025
484775,995,1024
484776,992,1025
484777,988,1031
484778,983,1032
484779,986,1038
484780,985,1046
484781,987,1047
484782,983,1047
484783,979,1047
484784,977,1050
484785,975,1056
484786,977,1058
484787,979,1055
484788,978,1053
484789,974,1051
484790,969,1051
484791,972,1051
484792,975,1055
484793,977,1056
484794,975,1055
484795,975,1053
484796,969,1051
484797,972,1054
484798,975,1055
484799,976,1051
484800,976,1050
484801,975,1050
484802,972,1051
484803,974,1054
484804,975,1058
484805,978,1056
484806,975,1055
484807,974,1051
484808,974,1053
484809,976,1058
484810,979,1059
484811,979,1055
484812,978,1051
484813,976,1047
484814,975,1047
484815,975,1049
484816,980,1051
484817,982,1050
484818,982,1048
484819,980,1048
484820,979,1045
484821,981,1046
484822,983,1047
484823,981,1048
484824,982,1050
484825,979,1047
484826,979,1047
484827,979,1049
484828,981,1048
484829,985,1048
484830,983,1046
484831,979,1046
484832,977,1047
484833,979,1054
484834,982,1058
484835,983,1055
484836,982,1048
484837,979,1045
484838,979,1046
484839,981,1050
484840,985,1052
484841,985,1049
484842,983,1041
484843,981,1038
484844,981,1043
484845,981,1043
484846,983,1050
484847,982,1050
484848,979,1051
484849,976,1046
484850,977,1045
484851,975,1048
484852,980,1050
484853,979,1050
484854,977,1045
484855,973,1046
484856,972,1047
484857,977,1053
484858,979,1057
484859,980,1053
484860,977,1049
484861,972,1044
484862,970,1047
484863,975,1049
484864,979,1053
484865,981,1052
484866,981,1052
484867,977,1050
484868,976,1051
484869,978,1056
484870,981,1053
484871,982,1055
484872,981,1052
484873,981,1051
484874,979,1051
484875,980,1049
484876,983,1047
484877,984,1045
484878,982,1044
484879,978,1044
484880,976,1047
484881,977,1049
484882,980,1055
484883,984,1054
484884,986,1047
484885,983,1042
484886,985,1042
484887,984,1046
484888,987,1048
484889,990,1047
484890,992,1043
484891,1001,1038
484892,1008,1040
484893,1021,1042
484894,1034,1041
484895,1057,1033
484896,1083,1028
484897,1111,1018
484898,1146,1007
484899,1189,998
484900,1228,993
484901,1263,990
484902,1292,991
484903,1299,1001
484904,1282,1012
484905,1244,1026
484906,1192,1029
484907,1132,1032
484908,1069,1045
484909,1011,1061
484910,966,1075
484911,951,1085
484912,954,1092
484913,966,1086
484914,976,1078
484915,978,1069
484916,976,1060
484917,977,1056
484918,980,1051
484919,981,1049
484920,977,1047
484921,971,1046
484922,970,1048
484923,973,1049
484924,975,1053
484925,974,1055
484926,969,1050
484927,965,1051
484928,961,1050
484929,964,1056
484930,966,1059
484931,970,1058
484932,967,1050
484933,966,1041
484934,961,1042
484935,961,1047
484936,962,1049
484937,964,1047
484938,962,1044
484939,959,1045
484940,959,1046
484941,960,1050
484942,961,1054
484943,964,1053
484944,961,1052
484945,956,1047
484946,956,1049
484947,958,1050
484948,961,1053
484949,962,1051
484950,959,1056
484951,956,1052
484952,956,1056
484953,960,1056
484954,965,1055
484955,963,1053
484956,964,1044
484957,960,1041
484958,957,1042
484959,960,1046
484960,966,1049
484961,968,1048
484962,964,1046
484963,963,1042
484964,964,1042
484965,965,1044
484966,973,1044
484967,974,1043
484968,974,1040
484969,971,1037
484970,971,1034
484971,975,1035
484972,979,1037
484973,979,1034
484974,980,1029
484975,980,1027
484976,979,1029
484977,982,1031
484978,985,1031
484979,990,1025
484980,987,1018
484981,983,1013
484982,983,1011
484983,988,1019
484984,992,1021
484985,991,1023
484986,995,1016
484987,990,1013
484988,991,1014
484989,992,1019
484990,996,1019
484991,996,1016
484992,995,1016
484993,995,1017
484994,991,1018
484995,998,1015
484996,998,1007
484997,1001,1002
484998,1000,998
484999,997,1000
485000,993,1001
485001,997,1006
485002,998,1008
485003,1003,1010
485004,1004,1011
485005,1001,1012
485006,1000,1015
485007,1003,1020
485008,1004,1021
485009,1008,1018
485010,1008,1015
485011,998,1014
485012,997,1019
485013,996,1025
485014,999,1028
485015,998,1030
485016,993,1031
485017,992,1033
485018,990,1035
485019,988,1038
485020,994,1041
485021,988,1037
485022,989,1037
485023,985,1039
485024,982,1040
485025,985,1043
485026,985,1047
485027,986,1049
485028,984,1047
485029,982,1045
485030,981,1046
485031,983,1048
485032,983,1051
485033,981,1052
485034,978,1050
485035,974,1050
485036,976,1053
485037,975,1054
485038,977,1061
485039,980,1061
485040,978,1059
485041,975,1054
485042,975,1053
485043,977,1058
485044,981,1058
485045,982,1054
485046,983,1051
485047,978,1049
485048,976,1049
485049,979,1050
485050,982,1058
485051,982,1059
485052,979,1054
485053,977,1054
485054,978,1055
485055,980,1057
485056,984,1056
485057,984,1050
485058,987,1046
485059,984,1043
485060,980,1042
485061,980,1046
485062,980,1050
485063,977,1053
485064,979,1055
485065,980,1053
485066,977,1051
485067,981,1046
485068,984,1046
485069,982,1043
485070,982,1042
485071,980,1044
485072,979,1047
485073,978,1046
485074,983,1046
485075,983,1045
485076,981,1045
485077,981,1043
485078,976,1050
485079,981,1055
485080,983,1059
485081,983,1058
485082,981,1050
485083,978,1048
485084,974,1050
485085,978,1053
485086,982,1055
485087,981,1054
485088,977,1051
485089,975,1046
485090,973,1050
485091,976,1051
485092,981,1052
485093,981,1051
485094,980,1049
485095,977,1044
485096,975,1043
485097,975,1046
485098,978,1050
485099,975,1051
485100,976,1050
485101,975,1048
485102,973,1051
485103,974,1058
485104,977,1059
485105,979,1056
485106,978,1048
485107,973,1043
485108,973,1047
485109,977,1045
485110,980,1049
485111,982,1047
485112,978,1048
485113,974,1044
485114,973,1043
485115,976,1047
485116,978,1050
485117,979,1049
485118,974,1052
485119,974,1056
485120,971,1060
485121,972,1066
485122,972,1066
485123,973,1060
485124,972,1049
485125,969,1042
485126,967,1042
485127,973,1050
485128,973,1052
485129,972,1052
485130,970,1051
485131,969,1047
485132,968,1050
485133,970,1057
485134,972,1060
485135,973,1061
485136,972,1057
485137,973,1048
485138,970,1047
485139,970,1048
485140,974,1052
485141,975,1053
485142,976,1053
485143,975,1049
485144,970,1046
485145,972,1048
485146,972,1053
485147,975,1054
485148,975,1050
485149,971,1048
485150,972,1051
485151,975,1053
485152,978,1056
485153,978,1053
485154,978,1050
485155,976,1051
485156,976,1048
485157,978,1047
485158,978,1043
485159,976,1045
485160,974,1043
485161,972,1043
485162,971,1047
485163,972,1051
485164,974,1056
485165,976,1053
485166,974,1048
485167,970,1045
485168,972,1042
485169,975,1046
485170,975,1048
485171,975,1050
485172,972,1051
485173,971,1052
485174,970,1054
485175,969,1059
485176,972,1059
485177,971,1055
485178,969,1054
485179,966,1051
485180,967,1052
485181,968,1054
485182,969,1056
485183,970,1056
485184,973,1051
485185,973,1047
485186,972,1048
485187,974,1053
485188,977,1056
485189,976,1055
485190,975,1051
485191,977,1049
485192,978,1052
485193,979,1057
485194,982,1064
485195,984,1059
485196,977,1050
485197,977,1044
485198,976,1043
485199,975,1048
485200,975,1051
485201,975,1050
485202,976,1046
485203,975,1045
485204,970,1048
485205,970,1052
485206,972,1055
485207,972,1053
485208,973,1054
485209,969,1050
485210,968,1051
485211,968,1056
485212,973,1056
485213,973,1049
485214,970,1046
485215,969,1044
485216,968,1045
485217,970,1049
485218,972,1052
485219,972,1051
485220,969,1051
485221,966,1055
485222,966,1060
485223,968,1061
485224,975,1053
485225,976,1045
485226,974,1040
485227,971,1037
485228,968,1038
485229,970,1043
485230,974,1048
485231,974,1047
485232,973,1046
485233,969,1043
485234,965,1046
485235,968,1048
485236,973,1053
485237,976,1050
485238,971,1052
485239,969,1051
485240,971,1050
485241,974,1056
485242,978,1052
485243,979,1048
485244,975,1044
485245,973,1043
485246,970,1046
485247,972,1050
485248,974,1058
485249,972,1055
485250,971,1052
485251,970,1047
485252,969,1045
485253,972,1044
485254,974,1045
485255,977,1044
485256,975,1045
485257,970,1045
485258,967,1047
485259,970,1048
485260,976,1053
485261,976,1053
485262,970,1050
485263,966,1046
485264,966,1047
485265,971,1051
485266,967,1051
485267,963,1050
485268,966,1049
485269,966,1048
485270,965,1048
485271,967,1052
485272,971,1053
485273,974,1048
485274,974,1043
485275,971,1039
485276,968,1037
485277,968,1039
485278,970,1046
485279,968,1044
485280,969,1042
485281,966,1041
485282,970,1045
485283,976,1046
485284,980,1047
485285,977,1047
485286,971,1040
485287,964,1036
485288,964,1038
485289,966,1044
485290,969,1047
485291,975,1047
485292,973,1043
485293,969,1040
485294,969,1041
485295,972,1042
485296,975,1045
485297,972,1043
485298,973,1046
485299,971,1045
485300,973,1046
485301,980,1046
485302,986,1045
485303,984,1043
485304,979,1037
485305,973,1038
485306,977,1039
485307,977,1043
485308,976,1045
485309,975,1046
485310,971,1044
485311,973,1042
485312,975,1044
485313,975,1048
485314,975,1054
485315,978,1050
485316,977,1045
485317,971,1041
485318,969,1042
485319,969,1046
485320,975,1051
485321,974,1047
485322,971,1042
485323,968,1038
485324,971,1043
485325,974,1044
485326,981,1045
485327,979,1046
485328,971,1039
485329,968,1040
485330,971,1044
485331,971,1051
485332,974,1052
485333,976,1049
485334,976,1047
485335,975,1042
485336,976,1042
485337,973,1043
485338,976,1046
485339,980,1045
485340,980,1040
485341,975,1039
485342,976,1039
485343,978,1044
485344,981,1048
485345,982,1048
485346,983,1042
485347,979,1040
485348,984,1042
485349,985,1043
485350,986,1044
485351,992,1041
485352,993,1038
485353,988,1042
485354,982,1047
485355,982,1048
485356,985,1043
485357,988,1034
485358,988,1026
485359,983,1022
485360,984,1024
485361,985,1030
485362,985,1036
485363,989,1033
485364,985,1033
485365,981,1034
485366,978,1031
485367,981,1032
485368,990,1034
485369,994,1029
485370,998,1025
485371,1007,1020
485372,1023,1017
485373,1041,1019
485374,1064,1018
485375,1094,1015
485376,1129,1005
485377,1165,989
485378,1203,980
485379,1244,980
485380,1281,987
485381,1305,995
485382,1294,1004
485383,1263,1015
485384,1210,1023
485385,1152,1036
485386,1105,1046
485387,1053,1052
485388,1003,1063
485389,969,1068
485390,964,1074
485391,973,1078
485392,986,1071
485393,993,1061
485394,993,1055
485395,985,1048
485396,982,1050
485397,983,1052
485398,984,1048
485399,979,1044
485400,974,1040
485401,972,1039
485402,972,1041
485403,972,1043
485404,973,1045
485405,973,1041
485406,966,1039
485407,964,1037
485408,966,1040
485409,967,1041
485410,969,1042
485411,965,1042
485412,963,1043
485413,961,1041
485414,960,1043
485415,963,1040
485416,963,1044
485417,963,1044
485418,962,1042
485419,960,1037
485420,959,1042
485421,958,1047
485422,958,1050
485423,959,1049
485424,956,1048
485425,953,1047
485426,953,1046
485427,957,1047
485428,959,1046
485429,959,1044
485430,957,1043
485431,956,1044
485432,957,1049
485433,960,1049
485434,962,1046
485435,964,1039
485436,960,1038
485437,962,1039
485438,961,1042
485439,964,1045
485440,970,1049
485441,973,1048
485442,972,1043
485443,974,1039
485444,973,1036
485445,972,1044
485446,977,1045
485447,977,1041
485448,978,1037
485449,976,1035
485450,976,1035
485451,977,1038
485452,981,1038
485453,981,1032
485454,979,1027
485455,978,1026
485456,977,1031
485457,980,1034
485458,985,1036
485459,989,1034
485460,987,1030
485461,989,1025
485462,989,1024
485463,993,1028
485464,996,1030
485465,996,1032
485466,995,1028
485467,992,1026
485468,992,1027
485469,997,1026
485470,998,1026
485471,1004,1025
485472,1001,1021
485473,1001,1020
485474,999,1019
485475,1001,1020
485476,1008,1021
485477,1006,1020
485478,1004,1020
485479,1002,1018
485480,1004,1019
485481,1009,1022
485482,1010,1022
485483,1012,1023
485484,1011,1021
485485,1011,1017
485486,1007,1018
485487,1009,1019
485488,1015,1022
485489,1016,1025
485490,1016,1024
485491,1015,1019
485492,1016,1018
485493,1021,1019
485494,1022,1022
485495,1021,1022
485496,1022,1017
485497,1019,1017
485498,1017,1019
485499,1020,1018
485500,1024,1022
485501,1020,1020
485502,1018,1016
485503,1009,1012
485504,1011,1015
485505,1011,1022
485506,1011,1027
485507,1008,1027
485508,1003,1027
485509,1000,1027
485510,997,1029
485511,1000,1033
485512,1000,1034
485513,1000,1035
485514,996,1034
485515,991,1035
485516,992,1038
485517,990,1044
485518,995,1046
485519,993,1044
485520,991,1044
485521,986,1044
485522,988,1046
485523,989,1048
485524,992,1051
485525,990,1047
485526,989,1048
485527,983,1047
485528,987,1049
485529,989,1046
485530,988,1046
485531,989,1046
485532,986,1045
485533,984,1043
485534,985,1044
485535,987,1049
485536,989,1049
485537,987,1046
485538,987,1044
485539,987,1037
485540,984,1039
485541,986,1042
485542,988,1048
485543,989,1047
485544,990,1047
485545,990,1041
485546,991,1042
485547,994,1044
485548,995,1045
485549,997,1042
485550,993,1037
485551,993,1033
485552,993,1034
485553,997,1037
485554,1002,1038
485555,999,1040
485556,998,1039
485557,996,1042
485558,998,1045
485559,1000,1046
485560,1006,1045
485561,1007,1039
485562,1003,1039
485563,997,1037
485564,995,1039
485565,993,1040
485566,996,1043
485567,996,1039
485568,996,1039
485569,993,1039
485570,988,1042
485571,990,1045
485572,989,1051
485573,993,1052
485574,991,1051
485575,988,1046
485576,987,1048
485577,988,1046
485578,990,1044
485579,990,1043
485580,986,1040
485581,987,1038
485582,986,1038
485583,988,1038
485584,990,1042
485585,991,1044
485586,988,1042
485587,985,1042
485588,984,1040
485589,992,1042
485590,992,1043
485591,994,1038
485592,991,1040
485593,987,1035
485594,986,1037
485595,990,1036
485596,994,1038
485597,989,1034
485598,985,1031
485599,982,1029
485600,979,1033
485601,981,1037
485602,983,1042
485603,988,1041
485604,984,1038
485605,980,1038
485606,983,1039
485607,983,1044
485608,988,1045
485609,989,1045
485610,984,1047
485611,983,1041
485612,985,1045
485613,989,1045
485614,991,1048
485615,989,1047
485616,983,1047
485617,985,1049
485618,981,1051
485619,984,1052
485620,989,1054
485621,990,1049
485622,987,1043
485623,983,1040
485624,980,1045
485625,981,1047
485626,980,1053
485627,980,1050
485628,981,1044
485629,979,1040
485630,981,1041
485631,983,1042
485632,985,1045
485633,989,1045
485634,984,1044
485635,980,1042
485636,982,1043
485637,983,1044
485638,983,1047
485639,983,1048
485640,980,1048
485641,980,1045
485642,979,1043
485643,984,1044
485644,987,1045
485645,986,1043
485646,985,1041
485647,982,1039
485648,984,1042
485649,984,1043
485650,989,1045
485651,988,1048
485652,985,1044
485653,982,1041
485654,980,1044
485655,984,1049
485656,988,1049
485657,991,1046
485658,985,1042
485659,984,1039
485660,986,1040
485661,988,1044
485662,989,1047
485663,988,1046
485664,988,1044
485665,984,1040
485666,987,1046
485667,987,1048
485668,991,1053
485669,993,1051
485670,990,1049
485671,987,1043
485672,989,1038
485673,989,1042
485674,993,1043
485675,991,1043
485676,988,1042
485677,986,1043
485678,983,1043
485679,986,1044
485680,986,1049
485681,986,1045
485682,986,1042
485683,982,1039
485684,981,1046
485685,986,1048
485686,988,1051
485687,989,1054
485688,987,1048
485689,982,1047
485690,982,1049
485691,986,1053
485692,987,1057
485693,988,1054
485694,983,1051
485695,980,1047
485696,981,1043
485697,984,1045
485698,988,1045
485699,989,1046
485700,987,1043
485701,987,1039
485702,985,1040
485703,987,1043
485704,990,1046
485705,991,1043
485706,986,1042
485707,986,1043
485708,983,1040
485709,988,1042
485710,993,1042
485711,990,1042
485712,986,1042
485713,984,1043
485714,984,1046
485715,988,1049
485716,995,1048
485717,993,1045
485718,994,1040
485719,989,1042
485720,985,1040
485721,987,1045
485722,989,1051
485723,990,1050
485724,987,1045
485725,984,1041
485726,984,1043
485727,987,1046
485728,990,1051
485729,988,1054
485730,987,1050
485731,983,1044
485732,979,1043
485733,985,1043
485734,988,1043
485735,986,1039
485736,984,1038
485737,981,1040
485738,981,1046
485739,983,1051
485740,986,1054
485741,987,1048
485742,986,1043
485743,981,1039
485744,979,1041
485745,984,1044
485746,990,1045
485747,990,1044
485748,990,1040
485749,988,1038
485750,984,1042
485751,987,1047
485752,990,1052
485753,992,1050
485754,994,1041
485755,992,1038
485756,991,1035
485757,989,1035
485758,991,1037
485759,988,1038
485760,987,1037
485761,987,1038
485762,990,1037
485763,992,1038
485764,997,1038
485765,995,1036
485766,990,1037
485767,985,1040
485768,983,1039
485769,986,1044
485770,991,1045
485771,992,1044
485772,988,1044
485773,984,1042
485774,987,1045
485775,989,1046
485776,994,1045
485777,993,1040
485778,989,1039
485779,987,1039
485780,987,1042
485781,988,1045
485782,989,1049
485783,987,1046
485784,990,1045
485785,988,1042
485786,986,1042
485787,989,1042
485788,990,1048
485789,990,1050
485790,987,1051
485791,985,1046
485792,986,1042
485793,988,1045
485794,988,1049
485795,988,1046
485796,985,1042
485797,985,1045
485798,989,1045
485799,992,1049
485800,995,1049
485801,992,1043
485802,989,1038
485803,984,1033
485804,985,1039
485805,988,1042
485806,990,1042
485807,990,1042
485808,986,1041
485809,987,1039
485810,989,1041
485811,991,1044
485812,994,1042
485813,994,1041
485814,989,1036
485815,986,1037
485816,987,1040
485817,993,1041
485818,996,1041
485819,995,1040
485820,988,1040
485821,986,1038
485822,984,1041
485823,989,1044
485824,990,1043
485825,993,1039
485826,991,1038
485827,988,1039
485828,989,1046
485829,991,1049
485830,995,1050
485831,996,1045
485832,997,1042
485833,992,1041
485834,994,1045
485835,997,1046
485836,1001,1043
485837,1004,1034
485838,999,1030
485839,994,1025
485840,1001,1028
485841,1011,1035
485842,1030,1033
485843,1049,1026
485844,1074,1021
485845,1100,1013
485846,1130,1006
485847,1166,1002
485848,1204,994
485849,1238,983
485850,1272,977
485851,1304,977
485852,1323,983
485853,1317,995
485854,1284,1013
485855,1228,1015
485856,1166,1019
485857,1107,1025
485858,1050,1037
485859,1008,1047
485860,985,1053
485861,981,1053
485862,994,1051
485863,1001,1044
485864,1002,1036
485865,999,1036
485866,993,1039
485867,989,1038
485868,982,1039
485869,978,1037
485870,975,1042
485871,975,1043
485872,974,1047
485873,973,1049
485874,972,1050
485875,969,1049
485876,970,1047
485877,972,1050
485878,973,1052
485879,968,1054
485880,967,1052
485881,963,1044
485882,962,1045
485883,964,1045
485884,964,1053
485885,961,1054
485886,964,1052
485887,963,1042
485888,964,1042
485889,966,1044
485890,964,1045
485891,964,1041
485892,959,1039
485893,959,1037
485894,963,1042
485895,964,1043
485896,968,1044
485897,964,1041
485898,962,1039
485899,960,1037
485900,961,1041
485901,963,1042
485902,969,1044
485903,971,1040
485904,968,1038
485905,966,1032
485906,966,1035
485907,967,1036
485908,973,1036
485909,972,1033
485910,970,1033
485911,963,1029
485912,964,1035
485913,968,1037
485914,968,1038
485915,969,1040
485916,964,1040
485917,963,1044
485918,966,1044
485919,969,1042
485920,972,1038
485921,977,1034
485922,978,1035
485923,975,1028
485924,973,1030
485925,977,1030
485926,983,1028
485927,982,1026
485928,984,1021
485929,981,1022
485930,980,1025
485931,982,1029
485932,986,1030
485933,985,1025
485934,983,1017
485935,986,1013
485936,989,1015
485937,995,1013
485938,1000,1010
485939,998,1006
485940,994,1003
485941,994,1004
485942,998,1005
485943,1003,1008
485944,1004,1012
485945,1008,1009
485946,1004,1007
485947,1003,1006
485948,1001,1008
485949,1001,1012
485950,1006,1012
485951,1006,1006
485952,1008,1000
485953,1006,1000
485954,1003,1002
485955,1005,1010
485956,1006,1012
485957,1005,1014
485958,1005,1016
485959,1002,1016
485960,1001,1018
485961,1003,1020
485962,1004,1022
485963,1005,1022
485964,1003,1021
485965,997,1018
485966,994,1018
485967,988,1024
485968,989,1025
485969,991,1025
485970,988,1023
485971,984,1027
485972,981,1031
485973,980,1036
485974,980,1038
485975,980,1037
485976,978,1035
485977,974,1034
485978,972,1038
485979,975,1043
485980,976,1044
485981,972,1042
485982,967,1042
485983,965,1039
485984,965,1044
485985,972,1049
485986,976,1051
485987,977,1045
485988,972,1044
485989,970,1047
485990,968,1049
485991,974,1051
485992,975,1044
485993,974,1038
485994,974,1033
485995,972,1033
485996,974,1037
485997,975,1041
485998,980,1044
485999,982,1042
486000,978,1039
486001,974,1039
486002,975,1041
486003,975,1045
486004,975,1043
486005,974,1041
486006,975,1042
486007,973,1040
486008,972,1043
486009,977,1046
486010,977,1046
486011,975,1040
486012,970,1037
486013,973,1039
486014,972,1041
486015,978,1043
486016,979,1047
486017,980,1046
486018,979,1040
486019,977,1038
486020,975,1041
486021,980,1044
486022,983,1043
486023,980,1042
486024,977,1040
486025,971,1043
486026,971,1042
486027,973,1046
486028,976,1045
486029,978,1044
486030,980,1042
486031,979,1041
486032,977,1042
486033,978,1042
486034,982,1042
486035,981,1043
486036,982,1041
486037,978,1043
486038,979,1048
486039,979,1047
486040,981,1045
486041,981,1039
486042,982,1035
486043,980,1032
486044,981,1029
486045,981,1031
486046,981,1032
486047,982,1031
486048,980,1034
486049,979,1032
486050,978,1036
486051,978,1036
486052,981,1035
486053,981,1034
486054,980,1036
486055,977,1036
486056,972,1036
486057,973,1042
486058,979,1044
486059,980,1040
486060,976,1040
486061,974,1040
486062,973,1044
486063,979,1044
486064,985,1047
486065,983,1046
486066,980,1041
486067,978,1039
486068,983,1040
486069,991,1039
486070,1006,1040
486071,1018,1033
486072,1031,1025
486073,1048,1024
486074,1081,1021
486075,1122,1016
486076,1169,1006
486077,1213,993
486078,1257,988
486079,1293,988
486080,1316,1003
486081,1314,1020
486082,1280,1031
486083,1221,1030
486084,1150,1032
486085,1080,1041
486086,1009,1061
486087,960,1079
486088,943,1090
486089,950,1086
486090,968,1076
486091,977,1060
486092,984,1051
486093,984,1049
486094,986,1046
486095,977,1043
486096,971,1041
486097,963,1040
486098,963,1043
486099,963,1044
486100,964,1046
486101,961,1044
486102,959,1044
486103,957,1044
486104,954,1045
486105,954,1050
486106,955,1049
486107,958,1049
486108,954,1044
486109,951,1044
486110,953,1049
486111,957,1054
486112,961,1054
486113,960,1053
486114,957,1050
486115,955,1044
486116,958,1040
486117,960,1041
486118,965,1040
486119,963,1039
486120,960,1034
486121,957,1033
486122,958,1039
486123,963,1043
486124,966,1041
486125,967,1035
486126,960,1033
486127,963,1031
486128,963,1030
486129,965,1031
486130,964,1027
486131,966,1027
486132,965,1024
486133,964,1026
486134,962,1027
486135,962,1031
486136,964,1033
486137,962,1030
486138,963,1027
486139,961,1024
486140,965,1028
486141,967,1027
486142,973,1029
486143,972,1027
486144,970,1025
486145,969,1023
486146,971,1025
486147,975,1023
486148,978,1024
486149,976,1021
486150,976,1018
486151,972,1016
486152,975,1014
486153,981,1017
486154,984,1014
486155,988,1010
486156,985,1007
486157,988,1004
486158,989,1003
486159,993,1004
486160,997,1002
486161,1001,1001
486162,997,998
486163,1003,996
486164,1005,995
486165,1011,992
486166,1011,988
486167,1009,987
486168,1007,984
486169,1006,981
486170,1003,986
486171,1007,990
486172,1010,993
486173,1012,992
486174,1005,991
486175,1003,990
486176,1003,993
486177,1005,997
486178,1010,995
486179,1009,995
486180,1006,997
486181,1001,998
486182,996,1006
486183,999,1010
486184,1000,1021
486185,997,1021
486186,991,1022
486187,984,1019
486188,978,1020
486189,978,1019
486190,982,1024
486191,979,1027
486192,972,1026
486193,970,1028
486194,972,1033
486195,972,1036
486196,973,1040
486197,975,1038
486198,972,1036
486199,970,1038
486200,970,1038
486201,972,1042
486202,974,1043
486203,972,1045
486204,969,1043
486205,967,1042
486206,968,1046
486207,966,1048
486208,967,1048
486209,970,1048
486210,966,1046
486211,966,1045
486212,967,1044
486213,971,1046
486214,972,1048
486215,972,1049
486216,969,1046
486217,966,1045
486218,966,1047
486219,968,1050
486220,973,1052
486221,974,1049
486222,969,1047
486223,967,1045
486224,966,1049
486225,970,1053
486226,972,1057
486227,973,1055
486228,967,1052
486229,964,1048
486230,964,1049
486231,965,1051
486232,972,1051
486233,970,1044
486234,967,1038
486235,968,1034
486236,969,1040
486237,970,1039
486238,969,1043
486239,969,1041
486240,966,1041
486241,964,1039
486242,967,1042
486243,971,1049
486244,975,1050
486245,975,1046
486246,971,1038
486247,970,1034
486248,968,1034
486249,970,1040
486250,975,1040
486251,973,1038
486252,971,1032
486253,972,1033
486254,972,1039
486255,972,1039
486256,972,1041
486257,973,1041
486258,971,1043
486259,967,1041
486260,968,1045
486261,970,1045
486262,970,1048
486263,969,1046
486264,964,1044
486265,964,1046
486266,967,1044
486267,968,1046
486268,970,1048
486269,969,1046
486270,966,1044
486271,961,1042
486272,963,1042
486273,967,1045
486274,969,1046
486275,966,1046
486276,964,1042
486277,960,1039
486278,959,1042
486279,959,1046
486280,960,1046
486281,962,1044
486282,962,1043
486283,960,1042
486284,959,1044
486285,961,1045
486286,966,1048
486287,966,1044
486288,963,1045
486289,960,1044
486290,960,1048
486291,963,1049
486292,966,1046
486293,961,1047
486294,961,1046
486295,962,1044
486296,963,1043
486297,967,1047
486298,967,1049
486299,962,1045
486300,964,1045
486301,961,1043
486302,961,1045
486303,963,1047
486304,968,1047
486305,965,1048
486306,964,1044
486307,960,1041
486308,958,1043
486309,963,1049
486310,969,1051
486311,971,1047
486312,968,1043
486313,960,1038
486314,958,1039
486315,961,1046
486316,963,1048
486317,962,1048
486318,961,1044
486319,956,1043
486320,958,1043
486321,961,1043
486322,962,1045
486323,963,1041
486324,961,1037
486325,958,1039
486326,957,1040
486327,960,1043
486328,958,1045
486329,959,1045
486330,959,1041
486331,956,1040
486332,955,1043
486333,960,1043
486334,964,1046
486335,965,1042
486336,965,1039
486337,962,1042
486338,964,1046
486339,968,1048
486340,968,1049
486341,966,1045
486342,963,1042
486343,959,1041
486344,962,1042
486345,964,1045
486346,967,1045
486347,966,1043
486348,964,1041
486349,965,1042
486350,966,1044
486351,968,1046
486352,972,1045
486353,968,1043
486354,966,1042
486355,968,1042
486356,967,1043
486357,967,1044
486358,971,1043
486359,966,1041
486360,969,1040
486361,967,1039
486362,965,1043
486363,965,1046
486364,966,1049
486365,967,1045
486366,965,1041
486367,966,1038
486368,967,1038
486369,974,1038
486370,986,1035
486371,998,1032
486372,1012,1023
486373,1031,1021
486374,1063,1016
486375,1106,1007
486376,1151,990
486377,1189,979
486378,1230,974
486379,1260,975
486380,1285,990
486381,1277,1005
486382,1241,1019
486383,1174,1023
486384,1107,1028
486385,1042,1040
486386,982,1057
486387,949,1071
486388,939,1078
486389,946,1076
486390,954,1068
486391,960,1058
486392,961,1051
486393,962,1051
486394,957,1049
486395,954,1046
486396,951,1043
486397,949,1044
486398,947,1044
486399,949,1046
486400,948,1046
486401,947,1045
486402,944,1048
486403,942,1048
486404,940,1048
486405,940,1046
486406,941,1046
486407,942,1043
486408,941,1040
486409,939,1038
486410,937,1039
486411,942,1042
486412,945,1043
486413,945,1042
486414,937,1043
486415,936,1044
486416,936,1043
486417,942,1043
486418,946,1041
486419,947,1039
486420,940,1037
486421,939,1037
486422,934,1043
486423,938,1045
486424,941,1048
486425,940,1048
486426,939,1046
486427,938,1043
486428,939,1043
486429,945,1044
486430,943,1046
486431,945,1042
486432,943,1039
486433,938,1040
486434,936,1040
486435,939,1046
486436,949,1045
486437,947,1043
486438,949,1042
486439,950,1040
486440,949,1040
486441,950,1041
486442,946,1041
486443,944,1036
486444,946,1034
486445,950,1031
486446,955,1032
486447,959,1034
486448,958,1031
486449,954,1027
486450,951,1023
486451,952,1023
486452,957,1026
486453,962,1027
486454,963,1026
486455,966,1022
486456,966,1014
486457,966,1009
486458,970,1011
486459,972,1012
486460,978,1012
486461,977,1008
486462,974,1008
486463,973,1005
486464,974,1008
486465,976,1011
486466,980,1010
486467,979,1007
486468,976,1005
486469,975,1005
486470,979,1008
486471,983,1011
486472,987,1009
486473,985,1005
486474,984,1002
486475,984,1003
486476,987,1008
486477,990,1009
486478,994,1011
486479,993,1007
486480,987,998
486481,983,999
486482,984,1002
486483,989,1010
486484,990,1013
486485,991,1016
486486,990,1016
486487,985,1016
486488,986,1018
486489,985,1020
486490,987,1024
486491,982,1024
486492,978,1024
486493,977,1027
486494,980,1028
486495,982,1032
486496,977,1033
486497,970,1032
486498,967,1032
486499,967,1034
486500,963,1036
486501,967,1041
486502,969,1041
486503,965,1038
486504,963,1036
486505,962,1040
486506,963,1042
486507,967,1047
486508,969,1045
486509,965,1045
486510,958,1043
486511,957,1042
486512,956,1044
486513,963,1051
486514,964,1051
486515,960,1052
486516,958,1052
486517,957,1050
486518,956,1049
486519,961,1045
486520,961,1047
486521,964,1046
486522,964,1045
486523,962,1044
486524,963,1043
486525,963,1045
486526,966,1046
486527,965,1043
486528,966,1041
486529,965,1040
486530,965,1045
486531,969,1043
486532,972,1043
486533,972,1040
486534,968,1037
486535,968,1038
486536,965,1040
486537,969,1042
486538,973,1041
486539,971,1040
486540,970,1037
486541,964,1037
486542,965,1040
486543,965,1043
486544,968,1043
486545,966,1044
486546,966,1041
486547,964,1038
486548,967,1036
486549,966,1041
486550,969,1043
486551,967,1038
486552,965,1035
486553,962,1033
486554,961,1036
486555,965,1043
486556,962,1045
486557,961,1045
486558,964,1042
486559,961,1040
486560,963,1039
486561,963,1044
486562,969,1046
486563,968,1044
486564,966,1039
486565,961,1038
486566,962,1043
486567,967,1048
486568,969,1048
486569,969,1045
486570,964,1042
486571,960,1040
486572,961,1040
486573,964,1042
486574,966,1044
486575,964,1042
486576,963,1043
486577,963,1041
486578,966,1042
486579,968,1040
486580,969,1039
486581,971,1039
486582,967,1039
486583,963,1038
486584,964,1040
486585,965,1046
486586,968,1044
486587,970,1047
486588,969,1045
486589,963,1042
486590,964,1045
486591,972,1043
486592,975,1041
486593,969,1039
486594,965,1038
486595,963,1039
486596,965,1043
486597,965,1046
486598,971,1044
486599,971,1045
486600,969,1044
486601,968,1045
486602,967,1045
486603,972,1047
486604,975,1047
486605,976,1047
486606,978,1041
486607,977,1036
486608,984,1037
486609,996,1039
486610,1010,1036
486611,1021,1033
486612,1033,1025
486613,1054,1020
486614,1084,1015
486615,1121,1009
486616,1159,998
486617,1196,991
486618,1231,987
486619,1255,994
486620,1262,1013
486621,1247,1032
486622,1211,1040
486623,1157,1045
486624,1097,1049
486625,1035,1057
486626,979,1077
486627,948,1097
486628,940,1106
486629,947,1106
486630,951,1094
486631,958,1080
486632,961,1068
486633,964,1060
486634,967,1055
486635,964,1051
486636,962,1045
486637,958,1041
486638,958,1036
486639,958,1039
486640,957,1042
486641,955,1041
486642,950,1037
486643,949,1040
486644,953,1043
486645,954,1045
486646,956,1045
486647,955,1046
486648,953,1044
486649,950,1041
486650,951,1047
486651,953,1048
486652,957,1050
486653,954,1048
486654,953,1046
486655,949,1048
486656,953,1050
486657,955,1051
486658,959,1049
486659,960,1045
486660,959,1042
486661,954,1042
486662,959,1042
486663,958,1045
486664,960,1046
486665,960,1044
486666,959,1041
486667,960,1044
486668,957,1044
486669,960,1046
486670,963,1045
486671,959,1041
486672,956,1040
486673,952,1037
486674,954,1039
486675,957,1043
486676,956,1043
486677,959,1042
486678,957,1036
486679,956,1034
486680,954,1035
486681,962,1036
486682,964,1032
486683,965,1025
486684,963,1020
486685,964,1024
486686,966,1026
486687,968,1030
486688,973,1027
486689,976,1021
486690,974,1019
486691,976,1017
486692,976,1017
486693,981,1017
486694,985,1017
486695,984,1012
486696,981,1009
486697,981,1009
486698,984,1009
486699,988,1012
486700,991,1008
486701,991,1007
486702,991,1004
486703,989,1003
486704,992,1004
486705,994,1006
486706,998,1006
486707,1000,1005
486708,1001,1004
486709,1000,1001
486710,998,1004
486711,1000,1005
486712,1004,1006
486713,1006,1004
486714,1005,998
486715,1005,997
486716,1001,1001
486717,1006,1002
486718,1005,1002
486719,1005,1006
486720,1003,1005
486721,1001,1005
486722,1003,1006
486723,1002,1012
486724,1001,1015
486725,1001,1014
486726,993,1016
486727,990,1013
486728,991,1017
486729,987,1020
486730,990,1023
486731,986,1024
486732,982,1028
486733,977,1028
486734,977,1034
486735,979,1039
486736,980,1039
486737,979,1039
486738,977,1038
486739,971,1039
486740,974,1045
486741,976,1047
486742,977,1051
486743,971,1049
486744,969,1046
486745,967,1050
486746,968,1053
486747,971,1057
486748,974,1057
486749,978,1055
486750,974,1053
486751,969,1054
486752,966,1058
486753,969,1064
486754,971,1065
486755,974,1062
486756,975,1053
486757,973,1045
486758,975,1042
486759,974,1044
486760,974,1044
486761,974,1047
486762,972,1045
486763,968,1044
486764,971,1047
486765,974,1047
486766,976,1045
486767,976,1048
486768,973,1045
486769,972,1045
486770,973,1045
486771,977,1041
486772,979,1036
486773,978,1035
486774,973,1031
486775,971,1031
486776,972,1037
486777,972,1037
486778,975,1039
486779,973,1038
486780,972,1037
486781,971,1035
486782,972,1037
486783,971,1041
486784,976,1042
486785,973,1041
486786,972,1041
486787,967,1040
486788,969,1046
486789,969,1048
486790,976,1049
486791,974,1048
486792,970,1042
486793,967,1042
486794,971,1046
486795,975,1050
486796,976,1047
486797,977,1046
486798,975,1046
486799,971,1047
486800,970,1050
486801,976,1056
486802,981,1054
486803,979,1055
486804,973,1052
486805,973,1050
486806,976,1051
486807,982,1052
486808,984,1049
486809,980,1047
486810,978,1044
486811,974,1043
486812,975,1045
486813,978,1050
486814,980,1047
486815,979,1044
486816,976,1040
486817,973,1039
486818,974,1043
486819,978,1044
486820,979,1043
486821,979,1041
486822,976,1041
486823,970,1039
486824,973,1045
486825,977,1048
486826,981,1046
486827,981,1044
486828,978,1040
486829,977,1037
486830,978,1041
486831,982,1047
486832,986,1046
486833,984,1042
486834,981,1040
486835,982,1038
486836,986,1034
486837,997,1034
486838,1009,1034
486839,1025,1031
486840,1043,1026
486841,1066,1021
486842,1104,1019
486843,1145,1014
486844,1186,1002
486845,1228,993
486846,1267,985
486847,1301,988
486848,1321,996
486849,1313,1011
486850,1277,1023
486851,1212,1027
486852,1145,1031
486853,1078,1040
486854,1010,1058
486855,965,1073
486856,941,1079
486857,946,1082
486858,956,1072
486859,967,1066
486860,978,1059
486861,979,1054
486862,980,1049
486863,975,1046
486864,971,1041
486865,963,1041
486866,963,1044
486867,960,1048
486868,960,1046
486869,961,1045
486870,957,1044
486871,955,1041
486872,956,1042
486873,957,1047
486874,959,1047
486875,954,1045
486876,955,1045
486877,951,1046
486878,953,1049
486879,955,1050
486880,958,1054
486881,957,1049
486882,955,1048
486883,954,1046
486884,954,1048
486885,953,1053
486886,957,1053
486887,956,1049
486888,954,1048
486889,953,1050
486890,954,1050
486891,957,1052
486892,960,1052
486893,956,1050
486894,951,1047
486895,953,1046
486896,954,1045
486897,958,1048
486898,958,1047
486899,959,1043
486900,957,1047
486901,954,1048
486902,957,1050
486903,956,1053
486904,958,1051
486905,957,1046
486906,958,1041
486907,956,1041
486908,956,1045
486909,961,1049
486910,966,1049
486911,967,1052
486912,968,1050
486913,966,1048
486914,967,1050
486915,970,1051
486916,972,1051
486917,972,1047
486918,970,1043
486919,971,1039
486920,971,1036
486921,973,1031
486922,978,1029
486923,979,1028
486924,980,1022
486925,980,1020
486926,983,1023
486927,984,1025
486928,986,1025
486929,988,1021
486930,988,1015
486931,987,1012
486932,987,1012
486933,992,1012
486934,993,1015
486935,993,1013
486936,995,1009
486937,992,1008
486938,997,1010
486939,995,1010
486940,999,1011
486941,1001,1010
486942,997,1006
486943,995,1005
486944,994,1007
486945,998,1011
486946,999,1010
486947,999,1010
486948,1002,1007
486949,1000,1009
486950,1001,1013
486951,1001,1017
486952,1006,1019
486953,1004,1019
486954,1003,1018
486955,999,1018
486956,998,1022
486957,1000,1026
486958,1003,1030
486959,999,1028
486960,996,1034
486961,989,1035
486962,991,1043
486963,991,1044
486964,994,1045
486965,990,1045
486966,985,1046
486967,982,1049
486968,981,1050
486969,980,1048
486970,978,1046
486971,976,1046
486972,977,1046
486973,972,1047
486974,974,1046
486975,975,1051
486976,979,1050
486977,976,1049
486978,969,1044
486979,968,1045
486980,966,1050
486981,967,1057
486982,974,1056
486983,973,1053
486984,970,1050
486985,972,1048
486986,972,1049
486987,972,1055
486988,975,1054
486989,974,1050
486990,969,1047
486991,968,1045
486992,970,1049
486993,972,1048
486994,974,1049
486995,974,1046
486996,973,1045
486997,974,1046
486998,975,1046
486999,973,1048
487000,973,1049
487001,976,1051
487002,973,1049
487003,977,1049
487004,981,1049
487005,980,1052
487006,982,1051
487007,980,1047
487008,975,1043
487009,974,1043
487010,976,1046
487011,978,1047
487012,982,1045
487013,977,1044
487014,978,1043
487015,975,1045
487016,977,1046
487017,979,1048
487018,981,1049
487019,978,1048
487020,973,1045
487021,971,1045
487022,968,1049
487023,977,1054
487024,977,1050
487025,974,1049
487026,974,1046
487027,972,1048
487028,969,1049
487029,970,1051
487030,973,1054
487031,971,1050
487032,967,1048
487033,970,1046
487034,968,1050
487035,968,1052
487036,971,1052
487037,973,1048
487038,971,1050
487039,965,1048
487040,966,1053
487041,971,1055
487042,975,1051
487043,976,1047
487044,975,1045
487045,971,1044
487046,972,1046
487047,971,1048
487048,974,1046
487049,973,1048
487050,970,1046
487051,967,1049
487052,970,1049
487053,973,1051
487054,977,1047
487055,975,1044
487056,971,1038
487057,970,1040
487058,970,1044
487059,968,1048
487060,972,1046
487061,970,1045
487062,969,1044
487063,966,1042
487064,968,1045
487065,969,1049
487066,971,1049
487067,970,1044
487068,971,1043
487069,970,1044
487070,972,1047
487071,975,1051
487072,972,1051
487073,968,1048
487074,968,1046
487075,964,1047
487076,963,1051
487077,966,1054
487078,974,1055
487079,973,1051
487080,970,1046
487081,967,1046
487082,967,1050
487083,969,1052
487084,970,1052
487085,968,1048
487086,966,1051
487087,965,1051
487088,969,1051
487089,972,1052
487090,973,1050
487091,971,1053
487092,965,1050
487093,971,1048
487094,970,1048
487095,973,1049
487096,978,1051
487097,976,1049
487098,975,1049
487099,971,1047
487100,973,1048
487101,974,1045
487102,977,1046
487103,976,1044
487104,976,1041
487105,975,1041
487106,980,1040
487107,989,1041
487108,1001,1035
487109,1012,1029
487110,1024,1021
487111,1043,1018
487112,1067,1016
487113,1100,1013
487114,1137,1000
487115,1176,987
487116,1209,976
487117,1243,974
487118,1281,979
487119,1295,990
487120,1282,1008
487121,1240,1017
487122,1184,1022
487123,1127,1029
487124,1076,1043
487125,1023,1055
487126,978,1067
487127,950,1074
487128,946,1075
487129,954,1075
487130,969,1070
487131,982,1064
487132,987,1055
487133,978,1049
487134,970,1046
487135,963,1045
487136,963,1045
487137,964,1048
487138,964,1048
487139,958,1047
487140,953,1046
487141,951,1047
487142,952,1049
487143,953,1050
487144,955,1052
487145,956,1051
487146,951,1048
487147,946,1051
487148,947,1051
487149,950,1054
487150,952,1052
487151,952,1049
487152,949,1044
487153,948,1044
487154,948,1044
487155,949,1049
487156,949,1048
487157,951,1044
487158,945,1044
487159,949,1043
487160,947,1045
487161,952,1050
487162,953,1049
487163,951,1048
487164,951,1045
487165,948,1048
487166,946,1051
487167,949,1048
487168,953,1048
487169,951,1041
487170,949,1040
487171,945,1043
487172,947,1044
487173,946,1046
487174,951,1045
487175,952,1041
487176,951,1043
487177,949,1044
487178,953,1045
487179,954,1046
487180,957,1043
487181,954,1041
487182,954,1040
487183,954,1041
487184,957,1042
487185,960,1044
487186,965,1041
487187,964,1039
487188,961,1035
487189,961,1035
487190,963,1034
487191,966,1034
487192,972,1036
487193,971,1031
487194,969,1027
487195,967,1027
487196,968,1029
487197,973,1032
487198,976,1029
487199,975,1028
487200,973,1023
487201,970,1021
487202,971,1023
487203,974,1024
487204,981,1022
487205,980,1018
487206,979,1016
487207,980,1016
487208,983,1019
487209,987,1017
487210,990,1015
487211,990,1010
487212,986,1006
487213,981,1010
487214,988,1010
487215,993,1015
487216,996,1010
487217,997,1008
487218,993,1005
487219,992,1002
487220,996,1006
487221,998,1010
487222,1001,1010
487223,999,1008
487224,994,1007
487225,992,1010
487226,994,1012
487227,996,1018
487228,1001,1018
487229,999,1017
487230,995,1016
487231,993,1018
487232,995,1024
487233,996,1036
487234,1003,1043
487235,1000,1044
487236,997,1035
487237,995,1023
487238,992,1017
487239,992,1017
487240,992,1023
487241,990,1025
487242,983,1024
487243,981,1025
487244,983,1029
487245,981,1037
487246,984,1037
487247,978,1037
487248,974,1035
487249,974,1037
487250,970,1039
487251,974,1041
487252,973,1040
487253,969,1036
487254,966,1032
487255,964,1034
487256,963,1040
487257,968,1040
487258,967,1040
487259,965,1037
487260,965,1035
487261,959,1037
487262,962,1039
487263,966,1043
487264,969,1041
487265,964,1039
487266,964,1036
487267,964,1036
487268,963,1038
487269,969,1042
487270,969,1041
487271,967,1038
487272,963,1037
487273,960,1037
487274,959,1040
487275,964,1044
487276,967,1043
487277,967,1043
487278,965,1041
487279,962,1043
487280,962,1045
487281,965,1049
487282,969,1052
487283,968,1051
487284,971,1046
487285,971,1043
487286,972,1043
487287,972,1043
487288,974,1042
487289,974,1040
487290,969,1037
487291,973,1039
487292,975,1042
487293,976,1043
487294,979,1041
487295,979,1034
487296,977,1027
487297,973,1026
487298,973,1028
487299,972,1033
487300,974,1033
487301,968,1030
487302,966,1030
487303,964,1033
487304,964,1034
487305,966,1038
487306,970,1035
487307,966,1033
487308,965,1032
487309,963,1033
487310,963,1037
487311,965,1039
487312,964,1040
487313,958,1040
487314,956,1039
487315,955,1046
487316,954,1052
487317,957,1055
487318,961,1054
487319,962,1043
487320,959,1039
487321,951,1033
487322,953,1033
487323,956,1035
487324,961,1036
487325,954,1037
487326,954,1034
487327,951,1034
487328,951,1033
487329,954,1035
487330,957,1033
487331,955,1029
487332,952,1025
487333,949,1027
487334,950,1031
487335,954,1030
487336,956,1029
487337,959,1027
487338,957,1022
487339,955,1022
487340,955,1025
487341,956,1029
487342,961,1029
487343,957,1031
487344,952,1028
487345,951,1029
487346,958,1031
487347,962,1034
487348,965,1035
487349,967,1035
487350,965,1035
487351,962,1033
487352,964,1035
487353,970,1036
487354,972,1034
487355,969,1029
487356,969,1024
487357,971,1021
487358,982,1022
487359,998,1026
487360,1013,1023
487361,1028,1018
487362,1048,1014
487363,1071,1003
487364,1109,999
487365,1147,991
487366,1189,985
487367,1229,979
487368,1260,981
487369,1273,992
487370,1264,1005
487371,1232,1014
487372,1181,1017
487373,1122,1017
487374,1060,1023
487375,1003,1038
487376,951,1058
487377,919,1073
487378,917,1081
487379,927,1079
487380,938,1067
487381,949,1051
487382,953,1041
487383,953,1038
487384,951,1035
487385,946,1029
487386,939,1032
487387,938,1030
487388,938,1033
487389,936,1034
487390,937,1031
487391,936,1029
487392,929,1031
487393,924,1033
487394,930,1036
487395,929,1037
487396,927,1035
487397,925,1031
487398,922,1027
487399,923,1028
487400,927,1032
487401,931,1037
487402,934,1039
487403,933,1036
487404,927,1036
487405,925,1037
487406,928,1038
487407,934,1039
487408,945,1036
487409,942,1035
487410,937,1032
487411,934,1032
487412,930,1036
487413,937,1039
487414,940,1037
487415,936,1035
487416,937,1034
487417,936,1033
487418,938,1031
487419,939,1034
487420,941,1033
487421,943,1033
487422,938,1031
487423,938,1032
487424,936,1033
487425,936,1035
487426,941,1033
487427,942,1031
487428,938,1027
487429,937,1028
487430,934,1031
487431,933,1031
487432,935,1030
487433,936,1027
487434,935,1024
487435,935,1022
487436,934,1027
487437,936,1026
487438,939,1022
487439,942,1016
487440,943,1010
487441,940,1010
487442,938,1008
487443,942,1012
487444,944,1009
487445,945,1004
487446,942,998
487447,940,1000
487448,947,1000
487449,954,1003
487450,956,997
487451,953,999
487452,952,995
487453,954,997
487454,953,999
487455,960,999
487456,965,998
487457,964,994
487458,965,994
487459,966,993
487460,970,996
487461,970,997
487462,971,997
487463,972,994
487464,972,991
487465,972,991
487466,975,993
487467,978,999
487468,982,1000
487469,979,1001
487470,977,995
487471,975,999
487472,981,999
487473,984,1000
487474,989,998
487475,988,998
487476,984,1000
487477,981,1006
487478,981,1008
487479,981,1010
487480,982,1007
487481,974,1001
487482,971,999
487483,970,1002
487484,973,1009
487485,974,1011
487486,975,1012
487487,971,1014
487488,967,1013
487489,964,1014
487490,966,1018
487491,964,1023
487492,964,1024
487493,959,1022
487494,955,1019
487495,949,1023
487496,954,1028
487497,956,1033
487498,956,1037
487499,953,1034
487500,952,1034
487501,947,1035
487502,950,1040
487503,955,1043
487504,955,1042
487505,952,1046
487506,952,1048
487507,953,1051
487508,956,1055
487509,961,1057
487510,960,1059
487511,957,1054
487512,951,1044
487513,955,1039
487514,958,1039
487515,962,1043
487516,964,1043
487517,960,1040
487518,959,1043
487519,958,1048
487520,962,1056
487521,964,1060
487522,965,1057
487523,965,1048
487524,961,1037
487525,962,1035
487526,964,1035
487527,966,1039
487528,967,1038
487529,967,1040
487530,963,1039
487531,962,1039
487532,965,1041
487533,969,1044
487534,971,1043
487535,967,1042
487536,965,1040
487537,964,1034
487538,965,1034
487539,963,1035
487540,964,1037
487541,959,1040
487542,957,1041
487543,954,1042
487544,959,1045
487545,959,1053
487546,965,1050
487547,966,1047
487548,964,1036
487549,956,1029
487550,959,1031
487551,959,1033
487552,963,1034
487553,964,1031
487554,960,1024
487555,962,1026
487556,964,1032
487557,965,1035
487558,970,1040
487559,968,1039
487560,965,1041
487561,965,1044
487562,963,1047
487563,967,1052
487564,970,1055
487565,969,1052
487566,968,1053
487567,963,1053
487568,967,1054
487569,970,1050
487570,976,1048
487571,974,1048
487572,973,1055
487573,971,1068
487574,971,1080
487575,974,1075
487576,975,1057
487577,969,1048
487578,967,1052
487579,962,1062
487580,964,1070
487581,968,1068
487582,972,1055
487583,971,1043
487584,969,1032
487585,967,1027
487586,968,1032
487587,971,1041
487588,969,1047
487589,967,1050
487590,964,1054
487591,960,1063
487592,963,1068
487593,966,1065
487594,969,1048
487595,972,1032
487596,969,1024
487597,968,1022
487598,968,1033
487599,969,1044
487600,972,1049
487601,970,1048
487602,971,1046
487603,967,1045
487604,969,1046
487605,973,1044
487606,979,1039
487607,977,1036
487608,978,1032
487609,982,1033
487610,989,1041
487611,1002,1047
487612,1015,1051
487613,1031,1051
487614,1050,1043
487615,1078,1034
487616,1113,1021
487617,1155,1018
487618,1197,1018
487619,1235,1018
487620,1269,1014
487621,1301,1019
487622,1314,1030
487623,1300,1041
487624,1265,1051
487625,1214,1055
487626,1153,1054
487627,1096,1060
487628,1034,1067
487629,982,1073
487630,947,1079
487631,936,1084
487632,942,1091
487633,953,1091
487634,960,1085
487635,970,1073
487636,978,1065
487637,981,1059
487638,976,1057
487639,970,1054
487640,967,1056
487641,969,1060
487642,969,1062
487643,967,1062
487644,961,1060
487645,960,1055
487646,961,1048
487647,964,1048
487648,965,1040
487649,962,1040
487650,961,1038
487651,960,1038
487652,959,1041
487653,963,1038
487654,963,1035
487655,961,1033
487656,955,1035
487657,956,1042
487658,959,1051
487659,963,1057
487660,963,1063
487661,965,1066
487662,960,1062
487663,955,1061
487664,962,1058
487665,963,1053
487666,967,1046
487667,966,1044
487668,964,1047
487669,959,1058
487670,960,1066
487671,961,1072
487672,963,1078
487673,962,1074
487674,962,1062
487675,960,1045
487676,961,1031
487677,965,1037
487678,968,1046
487679,967,1053
487680,963,1055
487681,962,1058
487682,964,1052
487683,966,1044
487684,970,1036
487685,969,1041
487686,968,1048
487687,966,1054
487688,965,1053
487689,967,1047
487690,973,1033
487691,973,1025
487692,969,1022
487693,966,1027
487694,966,1038
487695,972,1049
487696,975,1057
487697,973,1056
487698,971,1047
487699,970,1033
487700,972,1019
487701,978,1016
487702,979,1012
487703,980,1013
487704,978,1016
487705,977,1018
487706,982,1019
487707,984,1015
487708,986,1011
487709,988,1008
487710,985,1011
487711,985,1011
487712,986,1012
487713,991,1018
487714,991,1021
487715,991,1025
487716,992,1025
487717,989,1021
487718,991,1024
487719,995,1027
487720,1000,1022
487721,1000,1010
487722,1002,1002
487723,999,1006
487724,1001,1021
487725,1003,1033
487726,1001,1042
487727,1002,1034
487728,1003,1013
487729,1001,994
487730,1001,995
487731,1003,1005
487732,1006,1010
487733,1005,1014
487734,1002,1012
487735,1001,1011
487736,1001,1015
487737,1004,1015
487738,1003,1019
487739,1004,1026
487740,996,1025
487741,994,1025
487742,994,1031
487743,992,1032
487744,994,1034
487745,991,1035
487746,986,1032
487747,982,1038
487748,981,1042
487749,984,1046
487750,983,1055
487751,980,1059
487752,977,1058
487753,975,1053
487754,976,1048
487755,977,1050
487756,979,1055
487757,976,1054
487758,973,1045
487759,968,1036
487760,971,1041
487761,975,1049
487762,978,1055
487763,975,1053
487764,972,1051
487765,972,1047
487766,970,1051
487767,975,1051
487768,977,1050
487769,980,1050
487770,974,1050
487771,973,1053
487772,978,1057
487773,981,1063
487774,987,1071
487775,985,1069
487776,983,1062
487777,981,1049
487778,978,1044
487779,980,1048
487780,982,1051
487781,981,1052
487782,980,1050
487783,979,1054
487784,978,1065
487785,982,1071
487786,985,1063
487787,985,1049
487788,982,1042
487789,981,1043
487790,984,1045
487791,985,1046
487792,985,1042
487793,981,1041
487794,976,1038
487795,974,1041
487796,976,1042
487797,974,1043
487798,976,1045
487799,978,1044
487800,974,1045
487801,972,1048
487802,972,1049
487803,975,1049
487804,978,1048
487805,977,1049
487806,974,1048
487807,971,1044
487808,973,1046
487809,975,1047
487810,981,1042
487811,978,1044
487812,977,1044
487813,974,1047
487814,973,1053
487815,976,1056
487816,977,1059
487817,972,1055
487818,975,1057
487819,974,1060
487820,970,1061
487821,979,1062
487822,977,1053
487823,975,1048
487824,974,1051
487825,974,1060
487826,973,1073
487827,979,1076
487828,981,1073
487829,980,1062
487830,975,1042
487831,973,1035
487832,974,1042
487833,975,1053
487834,977,1055
487835,978,1051
487836,976,1044
487837,976,1039
487838,976,1040
487839,978,1043
487840,978,1043
487841,972,1046
487842,972,1045
487843,967,1047
487844,967,1047
487845,969,1049
487846,970,1048
487847,971,1047
487848,967,1051
487849,966,1055
487850,969,1060
487851,973,1062
487852,970,1055
487853,971,1049
487854,969,1047
487855,969,1050
487856,970,1056
487857,972,1060
487858,973,1055
487859,970,1052
487860,968,1050
487861,965,1051
487862,966,1055
487863,968,1063
487864,972,1064
487865,972,1068
487866,969,1065
487867,970,1060
487868,971,1057
487869,976,1053
487870,978,1053
487871,977,1050
487872,974,1051
487873,972,1059
487874,974,1062
487875,978,1065
487876,981,1059
487877,979,1053
487878,980,1047
487879,976,1045
487880,974,1050
487881,977,1057
487882,978,1059
487883,980,1055
487884,977,1046
487885,976,1041
487886,975,1043
487887,977,1046
487888,979,1045
487889,979,1047
487890,975,1043
487891,971,1044
487892,973,1045
487893,975,1047
487894,976,1049
487895,972,1051
487896,970,1051
487897,970,1051
487898,970,1054
487899,974,1055
487900,976,1055
487901,974,1056
487902,972,1056
487903,968,1064
487904,970,1071
487905,972,1069
487906,974,1056
487907,972,1043
487908,969,1040
487909,970,1051
487910,970,1062
487911,974,1070
487912,977,1065
487913,976,1059
487914,972,1066
487915,971,1065
487916,974,1058
487917,981,1046
487918,984,1038
487919,985,1038
487920,983,1037
487921,986,1038
487922,999,1037
487923,1013,1039
487924,1033,1038
487925,1048,1034
487926,1069,1029
487927,1093,1022
487928,1128,1018
487929,1166,1011
487930,1203,999
487931,1240,993
487932,1271,990
487933,1290,998
487934,1294,1014
487935,1273,1029
487936,1227,1033
487937,1164,1038
487938,1102,1049
487939,1045,1061
487940,999,1074
487941,977,1081
487942,973,1075
487943,980,1063
487944,982,1049
487945,984,1042
487946,983,1043
487947,979,1049
487948,976,1048
487949,973,1051
487950,966,1051
487951,964,1052
487952,962,1053
487953,965,1050
487954,966,1043
487955,961,1041
487956,958,1044
487957,954,1049
487958,955,1052
487959,956,1052
487960,956,1053
487961,956,1055
487962,954,1051
487963,953,1048
487964,954,1050
487965,958,1056
487966,959,1057
487967,954,1057
487968,954,1055
487969,952,1056
487970,954,1059
487971,957,1056
487972,962,1058
487973,961,1055
487974,960,1057
487975,954,1055
487976,956,1058
487977,959,1063
487978,962,1064
487979,961,1059
487980,958,1054
487981,957,1052
487982,958,1054
487983,961,1059
487984,964,1063
487985,961,1064
487986,960,1060
487987,957,1053
487988,961,1043
487989,966,1042
487990,967,1042
487991,968,1043
487992,968,1038
487993,967,1036
487994,970,1037
487995,973,1038
487996,973,1040
487997,972,1038
487998,969,1035
487999,964,1037
488000,967,1047
488001,970,1051
488002,976,1050
488003,979,1040
488004,979,1028
488005,976,1024
488006,974,1030
488007,975,1037
488008,977,1036
488009,976,1031
488010,975,1022
488011,978,1020
488012,980,1022
488013,984,1027
488014,987,1027
488015,986,1023
488016,984,1020
488017,983,1026
488018,987,1024
488019,990,1023
488020,993,1024
488021,995,1028
488022,994,1024
488023,990,1015
488024,993,1006
488025,996,1003
488026,998,1005
488027,997,1009
488028,996,1017
488029,998,1025
488030,997,1030
488031,999,1032
488032,1000,1030
488033,1000,1025
488034,997,1011
488035,995,998
488036,998,996
488037,1002,1001
488038,1000,1001
488039,998,1001
488040,997,1002
488041,996,1008
488042,998,1018
488043,997,1021
488044,1000,1019
488045,995,1017
488046,991,1015
488047,989,1023
488048,990,1029
488049,989,1034
488050,989,1037
488051,986,1035
488052,980,1034
488053,978,1037
488054,977,1043
488055,977,1050
488056,979,1050
488057,975,1045
488058,968,1048
488059,969,1045
488060,970,1043
488061,972,1040
488062,974,1039
488063,970,1042
488064,966,1037
488065,967,1032
488066,968,1031
488067,968,1038
488068,974,1044
488069,973,1042
488070,970,1034
488071,971,1034
488072,972,1038
488073,969,1045
488074,973,1051
488075,970,1047
488076,966,1045
488077,970,1042
488078,971,1044
488079,972,1043
488080,975,1041
488081,974,1044
488082,974,1052
488083,972,1053
488084,973,1052
488085,974,1052
488086,976,1041
488087,975,1031
488088,971,1033
488089,967,1039
488090,970,1047
488091,971,1053
488092,974,1049
488093,970,1039
488094,969,1029
488095,970,1023
488096,971,1026
488097,972,1030
488098,975,1034
488099,971,1035
488100,969,1030
488101,966,1026
488102,969,1029
488103,971,1037
488104,971,1043
488105,973,1044
488106,968,1037
488107,966,1032
488108,965,1027
488109,966,1027
488110,970,1030
488111,969,1027
488112,965,1027
488113,963,1031
488114,965,1033
488115,966,1037
488116,966,1039
488117,966,1037
488118,963,1037
488119,960,1045
488120,964,1051
488121,969,1049
488122,971,1042
488123,967,1032
488124,961,1029
488125,962,1029
488126,963,1037
488127,968,1041
488128,968,1042
488129,966,1043
488130,964,1054
488131,969,1062
488132,969,1062
488133,975,1046
488134,973,1031
488135,973,1025
488136,970,1026
488137,969,1035
488138,972,1038
488139,975,1038
488140,975,1032
488141,972,1025
488142,968,1022
488143,965,1023
488144,966,1028
488145,966,1033
488146,973,1035
488147,972,1038
488148,968,1042
488149,963,1041
488150,967,1034
488151,968,1028
488152,966,1026
488153,965,1027
488154,966,1029
488155,963,1035
488156,964,1039
488157,968,1042
488158,970,1038
488159,968,1036
488160,960,1038
488161,959,1051
488162,960,1061
488163,963,1067
488164,967,1057
488165,962,1042
488166,958,1034
488167,961,1038
488168,963,1047
488169,967,1053
488170,966,1052
488171,966,1042
488172,959,1034
488173,959,1030
488174,962,1030
488175,967,1040
488176,965,1052
488177,963,1053
488178,962,1042
488179,962,1027
488180,965,1025
488181,967,1025
488182,967,1027
488183,968,1025
488184,966,1025
488185,963,1026
488186,966,1034
488187,969,1037
488188,970,1039
488189,969,1035
488190,966,1036
488191,965,1038
488192,967,1042
488193,967,1040
488194,969,1042
488195,969,1043
488196,965,1045
488197,963,1043
488198,963,1035
488199,965,1032
488200,966,1027
488201,965,1028
488202,958,1026
488203,956,1027
488204,959,1031
488205,963,1039
488206,965,1047
488207,966,1049
488208,960,1050
488209,960,1056
488210,960,1053
488211,966,1047
488212,968,1033
488213,969,1029
488214,963,1023
488215,962,1024
488216,961,1028
488217,962,1029
488218,964,1028
488219,962,1029
488220,962,1035
488221,963,1039
488222,963,1033
488223,967,1027
488224,966,1018
488225,966,1017
488226,965,1015
488227,962,1018
488228,964,1022
488229,969,1029
488230,969,1035
488231,968,1035
488232,967,1034
488233,967,1038
488234,968,1037
488235,971,1040
488236,973,1039
488237,971,1046
488238,965,1058
488239,966,1057
488240,969,1040
488241,970,1021
488242,968,1011
488243,967,1018
488244,960,1029
488245,958,1043
488246,959,1046
488247,960,1051
488248,962,1050
488249,962,1048
488250,965,1038
488251,965,1029
488252,965,1027
488253,969,1035
488254,972,1046
488255,970,1053
488256,970,1046
488257,972,1034
488258,972,1021
488259,975,1021
488260,977,1023
488261,975,1025
488262,970,1027
488263,969,1031
488264,971,1038
488265,974,1045
488266,977,1048
488267,974,1047
488268,970,1048
488269,970,1047
488270,971,1046
488271,974,1052
488272,975,1059
488273,973,1059
488274,970,1039
488275,969,1022
488276,972,1019
488277,973,1021
488278,974,1023
488279,973,1028
488280,971,1035
488281,968,1036
488282,969,1038
488283,969,1036
488284,968,1032
488285,968,1027
488286,967,1025
488287,964,1030
488288,969,1040
488289,973,1050
488290,977,1050
488291,973,1044
488292,975,1035
488293,971,1029
488294,974,1030
488295,975,1037
488296,975,1030
488297,980,1023
488298,976,1022
488299,976,1031
488300,976,1043
488301,980,1047
488302,982,1035
488303,983,1017
488304,979,1017
488305,980,1022
488306,980,1028
488307,984,1031
488308,984,1033
488309,983,1040
488310,979,1045
488311,979,1045
488312,980,1039
488313,982,1031
488314,983,1025
488315,981,1025
488316,975,1042
488317,975,1062
488318,978,1077
488319,979,1069
488320,982,1038
488321,979,1013
488322,976,1004
488323,973,1012
488324,974,1025
488325,977,1041
488326,979,1050
488327,976,1050
488328,974,1039
488329,976,1031
488330,974,1026
488331,979,1026
488332,982,1023
488333,982,1024
488334,979,1024
488335,978,1031
488336,979,1038
488337,982,1041
488338,983,1036
488339,982,1033
488340,980,1026
488341,979,1028
488342,983,1029
488343,985,1037
488344,987,1042
488345,985,1046
488346,982,1045
488347,981,1047
488348,983,1048
488349,990,1045
488350,990,1032
488351,989,1026
488352,986,1023
488353,985,1031
488354,987,1038
488355,988,1043
488356,991,1040
488357,988,1034
488358,988,1028
488359,985,1029
488360,988,1041
488361,990,1054
488362,990,1059
488363,993,1056
488364,993,1040
488365,991,1028
488366,994,1023
488367,995,1025
488368,997,1022
488369,999,1019
488370,1001,1020
488371,1014,1027
488372,1030,1039
488373,1052,1043
488374,1071,1034
488375,1098,1010
488376,1124,980
488377,1154,957
488378,1183,953
488379,1212,959
488380,1241,964
488381,1257,972
488382,1254,984
488383,1236,1003
488384,1199,1023
488385,1158,1034
488386,1109,1039
488387,1063,1038
488388,1018,1033
488389,993,1031
488390,983,1038
488391,986,1043
488392,992,1040
488393,997,1036
488394,992,1034
488395,989,1036
488396,986,1036
488397,987,1037
488398,986,1036
488399,982,1032
488400,978,1037
488401,974,1044
488402,972,1055
488403,977,1059
488404,977,1057
488405,972,1042
488406,968,1026
488407,965,1018
488408,967,1023
488409,970,1035
488410,970,1039
488411,965,1040
488412,965,1038
488413,961,1039
488414,965,1037
488415,967,1031
488416,964,1030
488417,963,1031
488418,963,1028
488419,959,1027
488420,958,1029
488421,962,1033
488422,964,1038
488423,962,1036
488424,956,1040
488425,957,1047
488426,960,1051
488427,960,1044
488428,964,1039
488429,964,1034
488430,962,1028
488431,959,1026
488432,960,1031
488433,961,1042
488434,964,1051
488435,964,1057
488436,962,1051
488437,963,1043
488438,964,1035
488439,967,1029
488440,967,1027
488441,969,1028
488442,964,1033
488443,964,1039
488444,966,1054
488445,972,1076
488446,978,1077
488447,981,1050
488448,976,1014
488449,977,994
488450,984,997
488451,985,1008
488452,987,1019
488453,987,1024
488454,984,1025
488455,985,1025
488456,988,1019
488457,993,1010
488458,993,1008
488459,994,1008
488460,994,1009
488461,993,1007
488462,991,1006
488463,996,1007
488464,999,1003
488465,1000,997
488466,998,992
488467,999,995
488468,1001,999
488469,1001,1005
488470,1000,1008
488471,998,1006
488472,993,999
488473,993,988
488474,994,988
488475,996,995
488476,1001,1000
488477,1000,998
488478,996,1005
488479,998,1017
488480,999,1027
488481,1003,1026
488482,1006,1010
488483,1004,1000
488484,1003,988
488485,1004,988
488486,1005,987
488487,1009,990
488488,1010,992
488489,1005,1001
488490,1003,1011
488491,999,1022
488492,1002,1025
488493,1006,1026
488494,1009,1023
488495,1007,1019
488496,1003,1016
488497,999,1019
488498,996,1027
488499,996,1046
488500,999,1065
488501,993,1067
488502,991,1045
488503,985,1018
488504,987,1007
488505,988,1015
488506,988,1022
488507,985,1032
488508,985,1041
488509,983,1047
488510,980,1042
488511,984,1035
488512,985,1028
488513,981,1026
488514,979,1021
488515,980,1024
488516,978,1029
488517,979,1034
488518,981,1042
488519,976,1051
488520,972,1054
488521,974,1044
488522,975,1030
488523,979,1022
488524,981,1023
488525,978,1027
488526,977,1031
488527,977,1033
488528,975,1045
488529,975,1055
488530,977,1053
488531,975,1041
488532,972,1028
488533,974,1024
488534,977,1027
488535,975,1031
488536,975,1029
488537,974,1031
488538,973,1031
488539,972,1035
488540,975,1036
488541,978,1030
488542,983,1023
488543,986,1019
488544,980,1019
488545,982,1025
488546,983,1033
488547,985,1041
488548,988,1044
488549,988,1044
488550,984,1034
488551,984,1023
488552,988,1020
488553,990,1022
488554,993,1027
488555,986,1034
488556,981,1038
488557,980,1040
488558,980,1031
488559,986,1027
488560,985,1021
488561,981,1018
488562,979,1020
488563,979,1028
488564,977,1036
488565,977,1041
488566,977,1037
488567,974,1026
488568,973,1019
488569,974,1021
488570,973,1034
488571,975,1045
488572,978,1051
488573,975,1055
488574,972,1049
488575,969,1038
488576,974,1025
488577,978,1021
488578,977,1020
488579,976,1024
488580,969,1031
488581,968,1041
488582,970,1048
488583,973,1048
488584,973,1041
488585,970,1035
488586,970,1032
488587,970,1032
488588,971,1035
488589,975,1036
488590,977,1036
488591,981,1033
488592,976,1032
488593,973,1037
488594,971,1046
488595,976,1056
488596,977,1053
488597,974,1038
488598,972,1024
488599,969,1024
488600,974,1028
488601,979,1033
488602,981,1033
488603,980,1034
488604,974,1037
488605,974,1043
488606,975,1050
488607,979,1049
488608,981,1042
488609,980,1029
488610,978,1022
488611,975,1026
488612,976,1032
488613,980,1036
488614,979,1033
488615,975,1033
488616,972,1031
488617,972,1035
488618,977,1039
488619,981,1046
488620,982,1048
488621,979,1050
488622,971,1046
488623,972,1041
488624,974,1033
488625,978,1024
488626,988,1016
488627,995,1019
488628,1001,1023
488629,1012,1024
488630,1033,1024
488631,1061,1016
488632,1090,1001
488633,1123,987
488634,1156,976
488635,1194,975
488636,1235,981
488637,1274,996
488638,1293,1021
488639,1285,1040
488640,1245,1056
488641,1186,1061
488642,1127,1067
488643,1063,1078
488644,996,1086
488645,945,1086
488646,924,1078
488647,932,1076
488648,953,1073
488649,965,1069
488650,975,1058
488651,976,1054
488652,972,1046
488653,968,1044
488654,969,1042
488655,968,1038
488656,968,1036
488657,967,1038
488658,962,1036
488659,955,1039
488660,957,1038
488661,960,1042
488662,961,1042
488663,957,1039
488664,955,1036
488665,953,1034
488666,954,1032
488667,957,1026
488668,960,1023
488669,958,1024
488670,955,1027
488671,952,1035
488672,954,1041
488673,954,1041
488674,955,1043
488675,955,1040
488676,952,1036
488677,951,1030
488678,952,1025
488679,955,1023
488680,956,1023
488681,951,1026
488682,949,1029
488683,951,1037
488684,955,1044
488685,956,1049
488686,955,1044
488687,955,1036
488688,954,1034
488689,955,1032
488690,956,1036
488691,959,1034
488692,961,1035
488693,960,1034
488694,957,1032
488695,960,1033
488696,957,1032
488697,962,1033
488698,965,1029
488699,963,1027
488700,956,1024
488701,959,1027
488702,963,1029
488703,969,1029
488704,971,1028
488705,970,1024
488706,966,1022
488707,967,1024
488708,972,1025
488709,976,1026
488710,979,1021
488711,975,1014
488712,974,1003
488713,973,999
488714,979,994
488715,985,987
488716,993,979
488717,990,973
488718,987,973
488719,985,973
488720,989,977
488721,994,982
488722,996,981
488723,994,985
488724,991,981
488725,992,982
488726,995,984
488727,1001,985
488728,1002,981
488729,1000,979
488730,998,982
488731,998,984
488732,1000,988
488733,1003,991
488734,1002,993
488735,1003,998
488736,1000,999
488737,1002,1006
488738,1005,1008
488739,1004,1011
488740,1003,1009
488741,1003,1003
488742,999,1002
488743,999,1005
488744,999,1011
488745,1003,1016
488746,1000,1014
488747,996,1008
488748,989,1006
488749,987,1011
488750,986,1021
488751,986,1026
488752,986,1037
488753,985,1039
488754,985,1034
488755,983,1021
488756,982,1013
488757,982,1015
488758,976,1022
488759,968,1030
488760,965,1034
488761,965,1040
488762,969,1046
488763,969,1049
488764,973,1045
488765,971,1034
488766,970,1028
488767,968,1031
488768,968,1038
488769,973,1048
488770,973,1050
488771,971,1049
488772,971,1046
488773,971,1050
488774,977,1054
488775,982,1051
488776,986,1042
488777,987,1032
488778,990,1033
488779,990,1037
488780,995,1046
488781,1001,1051
488782,1005,1058
488783,1007,1056
488784,1014,1056
488785,1029,1051
488786,1044,1045
488787,1060,1035
488788,1073,1020
488789,1083,1003
488790,1095,985
488791,1112,968
488792,1131,955
488793,1149,939
488794,1168,926
488795,1184,908
488796,1201,893
488797,1219,880
488798,1238,865
488799,1251,850
488800,1258,832
488801,1252,831
488802,1247,833
488803,1243,840
488804,1242,840
488805,1237,845
488806,1232,844
488807,1213,837
488808,1190,832
488809,1165,837
488810,1145,846
488811,1124,860
488812,1100,876
488813,1075,891
488814,1053,901
488815,1039,914
488816,1035,930
488817,1035,948
488818,1030,957
488819,1021,956
488820,1015,955
488821,1013,961
488822,1020,976
488823,1037,991
488824,1056,1003
488825,1071,1011
488826,1076,1017
488827,1062,1019
488828,1037,1019
488829,1002,1020
488830,964,1020
488831,935,1023
488832,921,1036
488833,914,1053
488834,912,1066
488835,910,1080
488836,910,1088
488837,900,1093
488838,896,1091
488839,892,1090
488840,893,1087
488841,892,1087
488842,889,1088
488843,883,1089
488844,875,1091
488845,874,1096
488846,874,1102
488847,877,1106
488848,875,1111
488849,874,1110
488850,867,1113
488851,865,1119
488852,867,1119
488853,867,1120
488854,871,1117
488855,868,1119
488856,863,1116
488857,861,1122
488858,863,1125
488859,866,1127
488860,866,1129
488861,859,1129
488862,860,1127
488863,859,1125
488864,863,1130
488865,865,1141
488866,862,1147
488867,861,1149
488868,859,1145
488869,860,1142
488870,861,1144
488871,862,1146
488872,862,1142
488873,860,1142
488874,857,1142
488875,856,1145
488876,858,1149
488877,857,1158
488878,858,1161
488879,855,1167
488880,854,1170
488881,853,1167
488882,858,1166
488883,861,1172
488884,862,1177
488885,863,1178
488886,861,1173
488887,860,1170
488888,863,1169
488889,863,1175
488890,869,1183
488891,869,1189
488892,866,1192
488893,871,1198
488894,876,1192
488895,884,1182
488896,887,1161
488897,888,1148
488898,888,1144
488899,891,1150
488900,895,1153
488901,905,1155
488902,909,1151
488903,911,1146
488904,916,1147
488905,917,1141
488906,927,1140
488907,933,1131
488908,935,1119
488909,937,1106
488910,939,1098
488911,944,1094
488912,948,1095
488913,951,1098
488914,953,1097
488915,954,1094
488916,950,1089
488917,948,1085
488918,954,1086
488919,955,1087
488920,957,1085
488921,956,1077
488922,951,1070
488923,955,1068
488924,957,1068
488925,960,1070
488926,962,1067
488927,960,1061
488928,956,1053
488929,956,1051
488930,958,1054
488931,962,1053
488932,960,1050
488933,958,1050
488934,954,1052
488935,948,1058
488936,952,1065
488937,952,1071
488938,954,1059
488939,950,1048
488940,948,1037
488941,947,1038
488942,948,1039
488943,950,1041
488944,952,1041
488945,950,1042
488946,948,1043
488947,945,1052
488948,947,1059
488949,949,1061
488950,955,1053
488951,955,1043
488952,951,1040
488953,953,1042
488954,957,1045
488955,962,1049
488956,961,1047
488957,957,1050
488958,956,1054
488959,956,1056
488960,957,1053
488961,963,1045
488962,963,1039
488963,960,1041
488964,960,1042
488965,959,1046
488966,963,1053
488967,963,1059
488968,966,1065
488969,963,1066
488970,963,1061
488971,966,1050
488972,967,1040
488973,966,1042
488974,965,1048
488975,965,1055
488976,959,1053
488977,960,1040
488978,961,1027
488979,964,1022
488980,964,1024
488981,962,1027
488982,958,1037
488983,953,1043
488984,955,1049
488985,959,1051
488986,959,1047
488987,956,1040
488988,953,1034
488989,949,1035
488990,955,1040
488991,958,1048
488992,958,1049
488993,957,1049
488994,953,1045
488995,950,1044
488996,948,1043
488997,952,1042
488998,955,1045
488999,951,1044
489000,950,1046
489001,951,1047
489002,953,1049
489003,955,1048
489004,957,1048
489005,953,1041
489006,951,1042
489007,949,1044
489008,949,1049
489009,956,1050
489010,959,1048
489011,959,1047
489012,956,1045
489013,957,1051
489014,958,1059
489015,959,1067
489016,957,1067
489017,958,1062
489018,957,1049
489019,955,1044
489020,957,1047
489021,958,1055
489022,959,1059
489023,959,1055
489024,959,1046
489025,956,1036
489026,958,1031
489027,961,1033
489028,959,1032
489029,960,1031
489030,955,1030
489031,953,1032
489032,955,1040
489033,960,1041
489034,962,1042
489035,958,1036
489036,955,1037
489037,956,1038
489038,959,1040
489039,960,1047
489040,962,1044
489041,962,1039
489042,960,1039
489043,961,1041
489044,962,1044
489045,963,1046
489046,959,1044
489047,955,1040
489048,954,1041
489049,954,1042
489050,961,1048
489051,964,1051
489052,963,1048
489053,955,1049
489054,950,1046
489055,950,1043
489056,949,1044
489057,951,1045
489058,949,1044
489059,950,1044
489060,950,1043
489061,951,1042
489062,954,1046
489063,958,1053
489064,960,1051
489065,956,1053
489066,954,1051
489067,954,1053
489068,954,1053
489069,959,1054
489070,965,1052
489071,964,1052
489072,960,1046
489073,958,1036
489074,959,1030
489075,963,1035
489076,964,1036
489077,960,1038
489078,960,1040
489079,960,1040
489080,962,1047
489081,964,1051
489082,962,1052
489083,958,1051
489084,953,1043
489085,952,1040
489086,952,1040
489087,956,1041
489088,955,1046
489089,953,1047
489090,950,1047
489091,950,1056
489092,952,1059
489093,956,1059
489094,957,1054
489095,953,1039
489096,953,1035
489097,950,1033
489098,954,1040
489099,956,1047
489100,956,1047
489101,957,1047
489102,953,1041
489103,951,1039
489104,953,1041
489105,951,1047
489106,954,1055
489107,953,1055
489108,951,1053
489109,950,1051
489110,953,1055
489111,955,1056
489112,953,1052
489113,952,1040
489114,950,1032
489115,951,1029
489116,950,1032
489117,956,1039
489118,956,1044
489119,956,1046
489120,956,1048
489121,955,1050
489122,959,1052
489123,961,1050
489124,962,1044
489125,960,1039
489126,954,1038
489127,953,1042
489128,955,1044
489129,960,1053
489130,965,1056
489131,962,1055
489132,961,1051
489133,959,1046
489134,959,1044
489135,959,1044
489136,964,1043
489137,963,1042
489138,960,1039
489139,956,1038
489140,964,1042
489141,966,1047
489142,965,1049
489143,962,1048
489144,964,1047
489145,964,1046
489146,964,1049
489147,970,1054
489148,968,1052
489149,967,1040
489150,966,1035
489151,966,1036
489152,966,1036
489153,966,1044
489154,967,1051
489155,963,1054
489156,962,1047
489157,961,1037
489158,958,1030
489159,961,1030
489160,961,1031
489161,963,1033
489162,960,1034
489163,960,1035
489164,961,1037
489165,961,1041
489166,966,1040
489167,960,1037
489168,958,1040
489169,958,1043
489170,962,1046
489171,965,1048
489172,966,1049
489173,962,1043
489174,959,1041
489175,960,1042
489176,959,1046
489177,966,1050
489178,968,1052
489179,965,1047
489180,967,1044
489181,968,1044
489182,965,1048
489183,968,1052
489184,967,1051
489185,967,1048
489186,965,1047
489187,965,1047
489188,967,1052
489189,971,1052
489190,971,1048
489191,969,1043
489192,966,1041
489193,969,1050
489194,970,1053
489195,973,1053
489196,974,1053
489197,975,1047
489198,974,1047
489199,974,1048
489200,975,1046
489201,976,1043
489202,977,1045
489203,977,1041
489204,974,1040
489205,973,1038
489206,974,1047
489207,975,1052
489208,977,1052
489209,977,1049
489210,977,1045
489211,977,1042
489212,977,1047
489213,976,1053
489214,976,1057
489215,977,1053
489216,979,1048
489217,985,1039
489218,999,1027
489219,1018,1017
489220,1035,1008
489221,1055,1005
489222,1080,1001
489223,1115,996
489224,1150,990
489225,1188,988
489226,1226,981
489227,1260,981
489228,1286,987
489229,1292,1002
489230,1278,1015
489231,1237,1026
489232,1179,1029
489233,1123,1032
489234,1066,1041
489235,1011,1054
489236,971,1063
489237,957,1069
489238,955,1069
489239,967,1063
489240,976,1058
489241,983,1054
489242,980,1050
489243,979,1045
489244,975,1042
489245,968,1040
489246,965,1041
489247,962,1045
489248,962,1046
489249,966,1046
489250,966,1048
489251,962,1055
489252,958,1059
489253,957,1058
489254,954,1053
489255,957,1052
489256,957,1047
489257,959,1041
489258,958,1033
489259,957,1030
489260,957,1034
489261,959,1038
489262,961,1037
489263,956,1036
489264,952,1036
489265,950,1044
489266,952,1051
489267,958,1053
489268,954,1049
489269,953,1045
489270,950,1039
489271,950,1040
489272,952,1043
489273,953,1048
489274,952,1045
489275,949,1044
489276,944,1044
489277,947,1050
489278,946,1054
489279,950,1051
489280,952,1049
489281,949,1043
489282,948,1036
489283,948,1041
489284,949,1045
489285,952,1053
489286,951,1051
489287,952,1051
489288,949,1051
489289,949,1055
489290,954,1060
489291,957,1059
489292,960,1049
489293,963,1040
489294,960,1035
489295,960,1036
489296,963,1042
489297,964,1044
489298,965,1041
489299,966,1036
489300,967,1035
489301,966,1039
489302,967,1042
489303,970,1043
489304,973,1041
489305,973,1039
489306,969,1039
489307,968,1044
489308,973,1046
489309,976,1055
489310,978,1051
489311,978,1038
489312,976,1030
489313,978,1025
489314,979,1027
489315,983,1033
489316,983,1034
489317,982,1034
489318,979,1035
489319,981,1029
489320,986,1017
489321,990,1007
489322,993,1001
489323,991,1002
489324,991,1009
489325,990,1011
489326,996,1017
489327,997,1024
489328,997,1018
489329,995,1012
489330,987,1008
489331,990,1008
489332,995,1009
489333,998,1008
489334,998,1004
489335,996,1003
489336,997,1005
489337,995,1008
489338,998,1014
489339,1003,1017
489340,1006,1018
489341,1005,1014
489342,1006,1011
489343,1008,1012
489344,1011,1012
489345,1012,1012
489346,1011,1012
489347,1006,1011
489348,1004,1012
489349,1004,1020
489350,1003,1023
489351,1002,1026
489352,1005,1026
489353,1003,1025
489354,998,1026
489355,996,1033
489356,995,1044
489357,997,1051
489358,996,1047
489359,991,1042
489360,987,1035
489361,988,1036
489362,988,1039
489363,991,1040
489364,989,1039
489365,984,1036
489366,978,1037
489367,977,1040
489368,982,1039
489369,981,1033
489370,981,1025
489371,979,1023
489372,974,1024
489373,974,1035
489374,976,1041
489375,979,1046
489376,980,1050
489377,979,1048
489378,973,1042
489379,972,1038
489380,975,1040
489381,972,1042
489382,974,1043
489383,974,1041
489384,970,1043
489385,969,1048
489386,972,1048
489387,975,1044
489388,975,1036
489389,968,1032
489390,964,1031
489391,964,1036
489392,967,1043
489393,971,1046
489394,973,1049
489395,969,1051
489396,972,1048
489397,973,1050
489398,976,1043
489399,981,1041
489400,979,1036
489401,977,1030
489402,972,1027
489403,973,1031
489404,977,1037
489405,977,1041
489406,979,1039
489407,975,1040
489408,974,1043
489409,971,1049
489410,973,1056
489411,976,1059
489412,980,1051
489413,977,1041
489414,975,1037
489415,973,1032
489416,979,1026
489417,980,1020
489418,982,1022
489419,978,1022
489420,971,1024
489421,971,1032
489422,974,1039
489423,974,1043
489424,974,1039
489425,973,1034
489426,970,1030
489427,970,1033
489428,970,1039
489429,974,1037
489430,975,1033
489431,971,1024
489432,967,1020
489433,965,1024
489434,963,1029
489435,970,1033
489436,970,1036
489437,967,1041
489438,964,1041
489439,963,1043
489440,966,1043
489441,969,1044
489442,964,1043
489443,962,1042
489444,961,1041
489445,964,1036
489446,965,1031
489447,964,1032
489448,962,1035
489449,962,1040
489450,958,1048
489451,957,1049
489452,963,1042
489453,963,1034
489454,965,1026
489455,963,1027
489456,965,1032
489457,965,1041
489458,965,1049
489459,965,1053
489460,967,1051
489461,967,1049
489462,966,1041
489463,967,1034
489464,968,1035
489465,971,1040
489466,970,1036
489467,965,1029
489468,964,1024
489469,962,1027
489470,965,1035
489471,971,1038
489472,971,1038
489473,971,1038
489474,965,1042
489475,962,1049
489476,965,1059
489477,968,1062
489478,972,1054
489479,969,1043
489480,965,1031
489481,966,1032
489482,969,1040
489483,970,1053
489484,971,1054
489485,970,1047
489486,967,1035
489487,968,1026
489488,967,1026
489489,970,1026
489490,975,1021
489491,979,1015
489492,983,1010
489493,993,1009
489494,1005,1014
489495,1025,1022
489496,1050,1021
489497,1077,1014
489498,1112,1001
489499,1148,985
489500,1189,979
489501,1230,983
489502,1263,991
489503,1279,1008
489504,1268,1026
489505,1232,1036
489506,1182,1038
489507,1128,1041
489508,1066,1051
489509,1008,1062
489510,959,1073
489511,932,1082
489512,930,1085
489513,946,1084
489514,960,1077
489515,967,1063
489516,972,1049
489517,970,1041
489518,969,1040
489519,965,1040
489520,962,1041
489521,959,1034
489522,951,1028
489523,954,1025
489524,957,1029
489525,958,1034
489526,955,1036
489527,956,1040
489528,951,1043
489529,950,1050
489530,949,1050
489531,953,1045
489532,953,1035
489533,955,1027
489534,951,1022
489535,948,1026
489536,947,1032
489537,948,1034
489538,950,1033
489539,948,1031
489540,948,1026
489541,949,1024
489542,947,1020
489543,948,1026
489544,948,1026
489545,945,1029
489546,939,1030
489547,939,1031
489548,940,1035
489549,943,1040
489550,944,1043
489551,941,1037
489552,945,1034
489553,945,1033
489554,945,1043
489555,948,1054
489556,948,1055
489557,948,1048
489558,945,1040
489559,944,1035
489560,947,1033
489561,956,1034
489562,957,1030
489563,953,1022
489564,951,1020
489565,955,1024
489566,959,1037
489567,963,1038
489568,962,1031
489569,962,1021
489570,963,1014
489571,969,1010
489572,972,1014
489573,970,1017
489574,970,1016
489575,970,1015
489576,967,1016
489577,968,1016
489578,974,1013
489579,976,1009
489580,977,1010
489581,979,1012
489582,977,1007
489583,979,1002
489584,981,992
489585,981,986
489586,985,984
489587,984,985
489588,980,988
489589,978,993
489590,982,1001
489591,987,994
489592,985,985
489593,983,974
489594,980,972
489595,978,978
489596,980,982
489597,982,988
489598,982,990
489599,983,993
489600,982,994
489601,986,992
489602,986,991
489603,989,992
489604,986,990
489605,983,991
489606,980,987
489607,978,988
489608,982,993
489609,988,994
489610,987,1000
489611,987,1004
489612,984,1010
489613,983,1014
489614,986,1016
489615,989,1020
489616,986,1019
489617,985,1020
489618,978,1019
489619,978,1020
489620,978,1028
489621,976,1034
489622,978,1039
489623,973,1035
489624,970,1033
489625,970,1031
489626,971,1032
489627,971,1036
489628,965,1036
489629,966,1034
489630,962,1035
489631,965,1044
489632,965,1046
489633,970,1051
489634,969,1050
489635,971,1047
489636,967,1039
489637,967,1029
489638,965,1028
489639,968,1030
489640,969,1032
489641,968,1030
489642,964,1033
489643,960,1039
489644,964,1041
489645,965,1047
489646,964,1050
489647,959,1048
489648,959,1043
489649,958,1036
489650,964,1034
489651,966,1039
489652,968,1045
489653,967,1050
489654,961,1041
489655,963,1032
489656,970,1028
489657,973,1027
489658,973,1026
489659,968,1024
489660,966,1025
489661,966,1032
489662,970,1035
489663,975,1038
489664,975,1041
489665,968,1038
489666,959,1039
489667,961,1037
489668,964,1040
489669,970,1037
489670,971,1033
489671,970,1030
489672,966,1030
489673,967,1033
489674,970,1035
489675,973,1032
489676,973,1027
489677,971,1025
489678,966,1026
489679,966,1036
489680,970,1042
489681,971,1046
489682,971,1045
489683,972,1039
489684,968,1029
489685,967,1028
489686,966,1033
489687,970,1036
489688,968,1038
489689,965,1035
489690,961,1036
489691,963,1039
489692,965,1043
489693,971,1043
489694,968,1034
489695,963,1026
489696,962,1021
489697,963,1022
489698,964,1025
489699,965,1027
489700,964,1032
489701,960,1036
489702,961,1043
489703,962,1048
489704,966,1046
489705,967,1036
489706,965,1026
489707,962,1022
489708,961,1024
489709,960,1031
489710,962,1035
489711,966,1038
489712,966,1037
489713,965,1035
489714,964,1035
489715,962,1038
489716,965,1040
489717,967,1043
489718,967,1039
489719,966,1037
489720,965,1038
489721,963,1042
489722,966,1045
489723,971,1043
489724,972,1040
489725,971,1039
489726,967,1040
489727,968,1044
489728,974,1050
489729,976,1053
489730,974,1053
489731,973,1049
489732,972,1045
489733,972,1045
489734,976,1043
489735,977,1043
489736,976,1043
489737,975,1040
489738,975,1037
489739,978,1035
489740,984,1037
489741,995,1036
489742,1005,1028
489743,1018,1023
489744,1035,1017
489745,1060,1016
489746,1094,1006
489747,1133,995
489748,1170,983
489749,1208,979
489750,1245,978
489751,1279,988
489752,1293,1000
489753,1286,1014
489754,1251,1020
489755,1203,1020
489756,1144,1024
489757,1080,1035
489758,1022,1053
489759,974,1071
489760,938,1082
489761,930,1083
489762,938,1078
489763,951,1070
489764,961,1057
489765,968,1052
489766,970,1048
489767,967,1040
489768,961,1036
489769,959,1037
489770,962,1038
489771,964,1040
489772,962,1041
489773,959,1036
489774,954,1034
489775,954,1037
489776,955,1044
489777,957,1047
489778,958,1046
489779,955,1039
489780,954,1035
489781,955,1032
489782,959,1033
489783,963,1036
489784,962,1036
489785,961,1033
489786,958,1034
489787,959,1036
489788,963,1039
489789,964,1041
489790,962,1041
489791,960,1040
489792,957,1038
489793,958,1039
489794,959,1037
489795,958,1040
489796,958,1043
489797,953,1044
489798,949,1042
489799,951,1035
489800,953,1033
489801,954,1032
489802,956,1031
489803,952,1031
489804,954,1028
489805,948,1028
489806,952,1031
489807,954,1034
489808,954,1036
489809,952,1029
489810,949,1030
489811,946,1032
489812,952,1037
489813,956,1037
489814,957,1035
489815,956,1031
489816,955,1031
489817,954,1035
489818,961,1033
489819,963,1034
489820,963,1028
489821,962,1030
489822,959,1034
489823,962,1041
489824,964,1041
489825,970,1030
489826,973,1016
489827,968,1004
489828,969,1000
489829,971,1004
489830,973,1008
489831,980,1013
489832,982,1014
489833,981,1011
489834,984,1000
489835,986,994
489836,988,992
489837,990,991
489838,989,990
489839,984,990
489840,986,989
489841,987,990
489842,992,995
489843,995,996
489844,996,993
489845,996,989
489846,995,988
489847,991,990
489848,994,993
489849,995,992
489850,997,990
489851,992,985
489852,991,986
489853,993,989
489854,995,994
489855,996,995
489856,995,996
489857,992,998
489858,989,998
489859,990,1000
489860,990,1003
489861,992,1003
489862,993,1005
489863,992,1004
489864,990,1007
489865,988,1015
489866,990,1022
489867,991,1029
489868,988,1031
489869,984,1030
489870,981,1027
489871,982,1026
489872,983,1032
489873,986,1037
489874,987,1039
489875,983,1038
489876,977,1038
489877,974,1035
489878,976,1030
489879,978,1032
489880,980,1031
489881,977,1032
489882,969,1034
489883,971,1040
489884,972,1046
489885,977,1047
489886,976,1046
489887,974,1039
489888,971,1034
489889,971,1034
489890,974,1034
489891,976,1037
489892,976,1036
489893,977,1039
489894,974,1036
489895,976,1039
489896,980,1042
489897,984,1041
489898,982,1038
489899,987,1033
489900,989,1031
489901,991,1035
489902,995,1040
489903,1000,1048
489904,1003,1050
489905,1004,1052
489906,1006,1049
489907,1012,1048
489908,1024,1044
489909,1043,1036
489910,1054,1020
489911,1061,1003
489912,1072,990
489913,1088,979
489914,1107,972
489915,1126,960
489916,1142,938
489917,1158,914
489918,1174,894
489919,1195,875
489920,1217,863
489921,1238,848
489922,1253,828
489923,1252,811
489924,1249,800
489925,1249,801
489926,1246,804
489927,1244,806
489928,1237,806
489929,1222,802
489930,1205,802
489931,1185,810
489932,1168,820
489933,1148,827
489934,1122,834
489935,1096,840
489936,1067,851
489937,1043,864
489938,1033,879
489939,1028,895
489940,1027,909
489941,1027,919
489942,1025,931
489943,1019,943
489944,1020,952
489945,1027,966
489946,1035,971
489947,1049,976
489948,1065,983
489949,1081,987
489950,1091,993
489951,1083,992
489952,1048,993
489953,1006,997
489954,960,1013
489955,933,1032
489956,926,1054
489957,925,1069
489958,919,1084
489959,910,1083
489960,905,1080
489961,904,1080
489962,904,1086
489963,900,1088
489964,895,1089
489965,889,1085
489966,883,1093
489967,880,1102
489968,884,1109
489969,886,1113
489970,888,1110
489971,884,1106
489972,880,1105
489973,877,1108
489974,875,1108
489975,879,1107
489976,877,1103
489977,875,1106
489978,873,1110
489979,871,1115
489980,873,1118
489981,875,1122
489982,873,1117
489983,871,1115
489984,865,1115
489985,862,1118
489986,866,1124
489987,869,1129
489988,865,1130
489989,864,1129
489990,867,1133
489991,866,1135
489992,869,1140
489993,870,1144
489994,867,1143
489995,863,1141
489996,862,1143
489997,861,1147
489998,863,1152
489999,866,1157
490000,866,1157
490001,868,1157
490002,863,1157
490003,863,1160
490004,867,1167
490005,868,1173
490006,864,1175
490007,864,1176
490008,861,1176
490009,864,1179
490010,869,1178
490011,871,1170
490012,872,1164
490013,870,1162
490014,871,1167
490015,872,1172
490016,878,1176
490017,886,1174
490018,890,1173
490019,889,1165
490020,888,1166
490021,889,1162
490022,895,1162
490023,902,1160
490024,906,1157
490025,907,1152
490026,909,1151
490027,909,1147
490028,916,1145
490029,925,1137
490030,927,1130
490031,926,1124
490032,928,1120
490033,935,1120
490034,939,1116
490035,946,1108
490036,944,1100
490037,943,1098
490038,939,1098
490039,943,1096
490040,949,1092
490041,954,1085
490042,952,1077
490043,953,1068
490044,954,1067
490045,952,1068
490046,957,1071
490047,958,1071
490048,954,1068
490049,953,1064
490050,953,1059
490051,954,1055
490052,960,1047
490053,962,1043
490054,961,1041
490055,957,1041
490056,955,1042
490057,953,1041
490058,956,1041
490059,959,1040
490060,958,1035
490061,957,1033
490062,953,1033
490063,952,1037
490064,955,1041
490065,959,1042
490066,958,1041
490067,954,1039
490068,948,1038
490069,951,1038
490070,954,1037
490071,955,1040
490072,956,1041
490073,958,1039
490074,957,1041
490075,952,1047
490076,956,1047
490077,960,1042
490078,956,1038
490079,955,1032
490080,955,1030
490081,956,1033
490082,958,1041
490083,961,1044
490084,960,1042
490085,959,1038
490086,958,1039
490087,959,1041
490088,962,1039
490089,963,1040
490090,965,1037
490091,966,1034
490092,962,1036
490093,960,1035
490094,961,1035
490095,964,1030
490096,965,1031
490097,965,1030
490098,962,1033
490099,962,1032
490100,968,1030
490101,965,1027
490102,970,1025
490103,970,1023
490104,968,1027
490105,964,1027
490106,966,1029
490107,973,1028
490108,968,1023
490109,965,1023
490110,957,1024
490111,960,1026
490112,963,1027
490113,967,1029
490114,967,1029
490115,964,1025
490116,962,1024
490117,960,1026
490118,965,1031
490119,966,1032
490120,963,1032
490121,957,1029
490122,956,1028
490123,960,1032
490124,962,1033
490125,966,1035
490126,962,1032
490127,961,1029
490128,959,1031
490129,960,1033
490130,960,1035
490131,965,1035
490132,963,1036
490133,961,1033
490134,961,1033
490135,964,1034
490136,966,1037
490137,965,1035
490138,964,1030
490139,963,1019
490140,960,1017
490141,964,1024
490142,971,1030
490143,971,1029
490144,966,1029
490145,964,1025
490146,960,1025
490147,964,1023
490148,968,1025
490149,967,1025
490150,966,1021
490151,964,1021
490152,967,1021
490153,969,1026
490154,968,1030
490155,970,1034
490156,967,1032
490157,964,1028
490158,964,1027
490159,965,1028
490160,964,1031
490161,965,1032
490162,962,1030
490163,963,1031
490164,962,1030
490165,962,1036
490166,966,1038
490167,963,1040
490168,963,1039
490169,966,1034
490170,964,1027
490171,964,1026
490172,968,1028
490173,972,1033
490174,970,1030
490175,967,1030
490176,962,1030
490177,959,1030
490178,965,1033
490179,970,1032
490180,969,1026
490181,966,1025
490182,963,1023
490183,965,1026
490184,969,1033
490185,969,1031
490186,969,1028
490187,963,1024
490188,959,1026
490189,961,1029
490190,964,1035
490191,968,1038
490192,966,1035
490193,961,1027
490194,959,1023
490195,962,1022
490196,968,1025
490197,969,1027
490198,970,1023
490199,970,1013
490200,967,1016
490201,966,1015
490202,971,1023
490203,973,1025
490204,975,1023
490205,974,1019
490206,974,1016
490207,974,1017
490208,975,1022
490209,975,1022
490210,977,1024
490211,977,1024
490212,978,1022
490213,981,1018
490214,983,1019
490215,986,1018
490216,1000,1011
490217,1009,1005
490218,1022,1001
490219,1036,1001
490220,1068,999
490221,1108,987
490222,1152,974
490223,1190,967
490224,1225,966
490225,1260,982
490226,1284,1005
490227,1276,1028
490228,1242,1038
490229,1184,1036
490230,1120,1035
490231,1055,1042
490232,999,1060
490233,957,1071
490234,936,1080
490235,942,1079
490236,954,1069
490237,967,1058
490238,971,1048
490239,974,1040
490240,975,1031
490241,968,1026
490242,960,1022
490243,961,1020
490244,960,1020
490245,960,1023
490246,960,1022
490247,956,1025
490248,953,1024
490249,948,1024
490250,953,1027
490251,956,1024
490252,951,1020
490253,948,1019
490254,942,1023
490255,946,1028
490256,952,1031
490257,955,1027
490258,954,1021
490259,953,1015
490260,949,1016
490261,949,1020
490262,947,1025
490263,950,1028
490264,949,1023
490265,947,1023
490266,948,1021
490267,950,1023
490268,952,1023
490269,955,1022
490270,952,1019
490271,950,1016
490272,943,1018
490273,941,1022
490274,942,1028
490275,949,1033
490276,955,1027
490277,955,1020
490278,952,1011
490279,949,1008
490280,950,1011
490281,956,1014
490282,956,1014
490283,954,1015
490284,953,1012
490285,952,1010
490286,958,1011
490287,962,1008
490288,964,1006
490289,960,1005
490290,956,1002
490291,955,1004
490292,956,1005
490293,965,1002
490294,967,997
490295,969,992
490296,964,993
490297,963,995
490298,966,997
490299,969,997
490300,973,994
490301,970,989
490302,971,990
490303,974,989
490304,979,991
490305,981,987
490306,980,989
490307,977,991
490308,978,991
490309,979,986
490310,986,977
490311,991,970
490312,987,965
490313,988,963
490314,988,963
490315,988,969
490316,992,969
490317,994,970
490318,995,973
490319,993,972
490320,992,972
490321,993,973
490322,995,976
490323,1002,979
490324,1003,977
490325,1002,975
490326,995,975
490327,996,976
490328,997,984
490329,1003,987
490330,999,990
490331,1001,992
490332,1000,993
490333,1001,996
490334,999,1001
490335,996,1007
490336,994,1012
490337,987,1018
490338,985,1020
490339,986,1021
490340,988,1023
490341,987,1023
490342,987,1019
490343,982,1016
490344,977,1017
490345,976,1019
490346,979,1022
490347,981,1024
490348,980,1022
490349,978,1022
490350,976,1022
490351,977,1024
490352,980,1024
490353,982,1024
490354,980,1023
490355,980,1021
490356,977,1022
490357,981,1030
490358,984,1033
490359,987,1031
490360,983,1024
490361,981,1025
490362,976,1024
490363,974,1028
490364,981,1030
490365,984,1026
490366,982,1023
490367,978,1024
490368,979,1026
490369,980,1034
490370,983,1034
490371,984,1031
490372,986,1028
490373,981,1023
490374,978,1022
490375,986,1023
490376,987,1026
490377,987,1028
490378,987,1023
490379,989,1019
490380,989,1023
490381,988,1028
490382,992,1036
490383,992,1036
490384,993,1035
490385,992,1031
490386,998,1029
490387,1000,1022
490388,1011,1015
490389,1019,1013
490390,1021,1012
490391,1019,1014
490392,1022,1023
490393,1026,1039
490394,1033,1050
490395,1041,1046
490396,1048,1032
490397,1051,1023
490398,1058,1025
490399,1066,1031
490400,1074,1038
490401,1083,1037
490402,1089,1034
490403,1098,1028
490404,1105,1026
490405,1120,1022
490406,1134,1017
490407,1144,1008
490408,1154,997
490409,1162,982
490410,1173,966
490411,1188,949
490412,1199,937
490413,1207,924
490414,1208,909
490415,1200,901
490416,1195,898
490417,1190,901
490418,1183,906
490419,1173,908
490420,1158,908
490421,1146,909
490422,1132,916
490423,1126,919
490424,1115,922
490425,1100,926
490426,1088,932
490427,1069,942
490428,1048,955
490429,1034,971
490430,1025,985
490431,1017,994
490432,1008,996
490433,1001,1001
490434,994,1008
490435,992,1023
490436,996,1037
490437,1004,1042
490438,1010,1039
490439,1011,1032
490440,1008,1031
490441,1009,1032
490442,1007,1036
490443,1006,1035
490444,1002,1033
490445,990,1028
490446,977,1024
490447,963,1025
490448,953,1034
490449,948,1044
490450,939,1047
490451,932,1044
490452,923,1040
490453,921,1040
490454,919,1046
490455,918,1056
490456,914,1058
490457,910,1059
490458,903,1061
490459,903,1065
490460,903,1069
490461,903,1063
490462,901,1055
490463,897,1050
490464,894,1049
490465,892,1053
490466,892,1061
490467,891,1060
490468,889,1059
490469,885,1055
490470,882,1058
490471,882,1060
490472,883,1067
490473,884,1068
490474,886,1066
490475,879,1066
490476,878,1066
490477,877,1070
490478,878,1074
490479,881,1073
490480,877,1072
490481,870,1073
490482,868,1073
490483,870,1077
490484,870,1077
490485,871,1073
490486,869,1068
490487,864,1069
490488,864,1078
490489,865,1092
490490,869,1100
490491,871,1099
490492,870,1091
490493,866,1083
490494,864,1077
490495,869,1079
490496,870,1081
490497,873,1085
490498,873,1085
490499,870,1080
490500,873,1076
490501,875,1078
490502,877,1084
490503,879,1092
490504,884,1093
490505,886,1088
490506,888,1078
490507,892,1074
490508,895,1071
490509,901,1068
490510,901,1067
490511,903,1067
490512,906,1069
490513,911,1076
490514,916,1078
490515,925,1074
490516,929,1064
490517,930,1049
490518,934,1038
490519,939,1034
490520,942,1039
490521,949,1044
490522,953,1044
490523,955,1039
490524,958,1029
490525,961,1026
490526,959,1029
490527,963,1035
490528,967,1041
490529,965,1037
490530,966,1029
490531,969,1022
490532,975,1015
490533,978,1011
490534,977,1009
490535,973,1013
490536,971,1023
490537,971,1033
490538,973,1038
490539,978,1034
490540,980,1029
490541,978,1016
490542,976,1016
490543,977,1020
490544,975,1029
490545,978,1037
490546,976,1039
490547,977,1040
490548,973,1041
490549,976,1037
490550,974,1031
490551,973,1029
490552,973,1031
490553,970,1033
490554,969,1035
490555,968,1035
490556,971,1041
490557,972,1040
490558,972,1041
490559,969,1035
490560,968,1029
490561,972,1028
490562,973,1027
490563,976,1027
490564,974,1026
490565,972,1021
490566,971,1018
490567,972,1019
490568,974,1026
490569,980,1031
490570,980,1039
490571,974,1038
490572,972,1038
490573,970,1035
490574,974,1030
490575,975,1022
490576,975,1018
490577,973,1022
490578,970,1029
490579,973,1040
490580,977,1045
490581,980,1042
490582,979,1036
490583,977,1031
490584,975,1036
490585,979,1040
490586,980,1039
490587,985,1026
490588,979,1021
490589,976,1018
490590,978,1025
490591,978,1035
490592,978,1039
490593,979,1040
490594,976,1040
490595,976,1033
490596,973,1032
490597,974,1030
490598,977,1033
490599,979,1031
490600,975,1025
490601,972,1022
490602,968,1033
490603,969,1043
490604,972,1046
490605,975,1030
490606,976,1015
490607,972,1011
490608,972,1018
490609,969,1029
490610,974,1032
490611,976,1025
490612,975,1015
490613,973,1010
490614,967,1018
490615,967,1028
490616,974,1035
490617,976,1033
490618,973,1023
490619,970,1020
490620,966,1023
490621,965,1028
490622,972,1030
490623,976,1030
490624,975,1031
490625,973,1035
490626,968,1043
490627,969,1051
490628,970,1053
490629,973,1048
490630,972,1041
490631,971,1030
490632,968,1020
490633,970,1016
490634,974,1021
490635,979,1028
490636,975,1031
490637,972,1034
490638,968,1034
490639,967,1036
490640,966,1033
490641,978,1032
490642,977,1029
490643,976,1028
490644,972,1033
490645,969,1038
490646,975,1036
490647,977,1030
490648,976,1027
490649,973,1025
490650,969,1027
490651,969,1030
490652,974,1034
490653,976,1033
490654,976,1032
490655,974,1029
490656,973,1030
490657,972,1033
490658,974,1032
490659,974,1030
490660,969,1028
490661,968,1029
490662,967,1032
490663,966,1038
490664,967,1039
490665,969,1037
490666,967,1041
490667,966,1042
490668,967,1046
490669,964,1043
490670,967,1036
490671,976,1027
490672,977,1012
490673,970,1002
490674,969,1004
490675,968,1012
490676,972,1024
490677,977,1029
490678,977,1027
490679,977,1024
490680,972,1022
490681,972,1024
490682,978,1025
490683,981,1026
490684,980,1027
490685,977,1024
490686,974,1025
490687,971,1025
490688,973,1028
490689,975,1029
490690,974,1027
490691,972,1024
490692,970,1026
490693,969,1031
490694,973,1033
490695,973,1032
490696,971,1030
490697,968,1027
490698,964,1028
490699,963,1036
490700,967,1040
490701,969,1039
490702,970,1040
490703,966,1040
490704,961,1042
490705,962,1041
490706,965,1039
490707,970,1029
490708,972,1020
490709,969,1015
490710,969,1017
490711,968,1025
490712,969,1033
490713,974,1039
490714,972,1035
490715,969,1028
490716,964,1020
490717,964,1020
490718,973,1025
490719,978,1027
490720,978,1025
490721,979,1021
490722,973,1021
490723,974,1023
490724,972,1026
490725,975,1023
490726,976,1025
490727,975,1024
490728,974,1027
490729,975,1030
490730,976,1031
490731,979,1024
490732,976,1022
490733,974,1017
490734,969,1020
490735,972,1024
490736,972,1028
490737,977,1031
490738,972,1030
490739,972,1030
490740,969,1031
490741,968,1032
490742,969,1033
490743,969,1033
490744,968,1029
490745,969,1025
490746,965,1027
490747,965,1031
490748,969,1037
490749,970,1039
490750,968,1044
490751,966,1048
490752,965,1055
490753,967,1048
490754,970,1024
490755,972,1004
490756,969,1000
490757,968,1005
490758,963,1017
490759,966,1035
490760,970,1042
490761,975,1032
490762,976,1007
490763,974,994
490764,970,998
490765,969,1009
490766,971,1020
490767,979,1021
490768,979,1016
490769,977,1014
490770,976,1014
490771,975,1014
490772,980,1017
490773,996,1013
490774,1006,1007
490775,1018,1003
490776,1032,1002
490777,1052,1003
490778,1082,997
490779,1114,982
490780,1144,970
490781,1175,959
490782,1208,958
490783,1248,966
490784,1279,982
490785,1285,1007
490786,1260,1021
490787,1209,1026
490788,1149,1026
490789,1094,1026
490790,1040,1031
490791,991,1041
490792,955,1051
490793,948,1058
490794,955,1050
490795,972,1039
490796,982,1038
490797,983,1036
490798,971,1035
490799,969,1034
490800,962,1031
490801,959,1029
490802,960,1035
490803,960,1031
490804,957,1026
490805,955,1031
490806,953,1033
490807,954,1034
490808,957,1028
490809,957,1023
490810,955,1017
490811,949,1009
490812,945,1009
490813,946,1013
490814,954,1020
490815,958,1025
490816,955,1024
490817,952,1021
490818,948,1024
490819,948,1027
490820,953,1026
490821,953,1026
490822,955,1029
490823,952,1028
490824,951,1027
490825,952,1027
490826,953,1029
490827,960,1030
490828,959,1022
490829,956,1024
490830,951,1025
490831,953,1029
490832,956,1029
490833,959,1031
490834,957,1026
490835,954,1024
490836,954,1025
490837,951,1024
490838,953,1030
490839,954,1032
490840,957,1034
490841,954,1028
490842,950,1021
490843,950,1014
490844,953,1013
490845,957,1013
490846,959,1013
490847,955,1014
490848,948,1022
490849,949,1027
490850,951,1027
490851,956,1023
490852,957,1023
490853,957,1017
490854,956,1013
490855,957,1001
490856,962,992
490857,962,989
490858,960,988
490859,961,992
490860,960,996
490861,962,999
490862,962,1003
490863,968,1003
490864,967,998
490865,972,992
490866,973,988
490867,976,984
490868,977,992
490869,980,996
490870,982,1001
490871,985,1001
490872,985,1004
490873,989,1006
490874,993,1011
490875,996,1004
490876,997,994
490877,994,981
490878,994,975
490879,996,979
490880,999,981
490881,1000,985
490882,1001,992
490883,998,999
490884,1001,1000
490885,1003,997
490886,1009,985
490887,1011,981
490888,1010,979
490889,1005,981
490890,1006,986
490891,1010,991
490892,1013,1000
490893,1015,1004
490894,1012,1001
490895,1011,994
490896,1007,990
490897,1004,992
490898,1003,998
490899,1003,1000
490900,999,1004
490901,998,1007
490902,994,1014
490903,993,1021
490904,992,1024
490905,994,1020
490906,990,1015
490907,988,1009
490908,983,1012
490909,982,1018
490910,984,1019
490911,986,1023
490912,983,1022
490913,979,1021
490914,976,1023
490915,977,1031
490916,978,1032
490917,978,1027
490918,976,1019
490919,972,1017
490920,974,1020
490921,975,1026
490922,981,1031
490923,986,1032
490924,981,1032
490925,980,1037
490926,978,1045
490927,980,1048
490928,981,1041
490929,982,1028
490930,986,1020
490931,979,1016
490932,976,1015
490933,976,1022
490934,979,1032
490935,979,1037
490936,977,1032
490937,976,1025
490938,976,1021
490939,976,1022
490940,978,1025
490941,980,1026
490942,979,1020
490943,978,1019
490944,974,1018
490945,972,1022
490946,973,1027
490947,976,1025
490948,975,1024
490949,972,1018
490950,971,1018
490951,970,1014
490952,975,1019
490953,975,1020
490954,976,1021
490955,971,1019
490956,967,1021
490957,973,1024
490958,976,1028
490959,981,1028
490960,980,1024
490961,981,1021
490962,977,1020
490963,977,1026
490964,979,1028
490965,983,1024
490966,980,1018
490967,976,1017
490968,975,1023
490969,978,1027
490970,982,1027
490971,984,1028
490972,979,1032
490973,980,1031
490974,978,1031
490975,978,1026
490976,982,1020
490977,984,1013
490978,980,1010
490979,979,1015
490980,977,1020
490981,977,1027
490982,978,1031
490983,980,1031
490984,977,1025
490985,975,1021
490986,974,1020
490987,974,1024
490988,977,1031
490989,977,1030
490990,977,1032
490991,973,1030
490992,972,1026
490993,969,1028
490994,973,1029
490995,973,1028
490996,973,1026
490997,975,1019
490998,979,1017
490999,985,1018
491000,995,1019
491001,1011,1020
491002,1023,1022
491003,1043,1012
491004,1073,998
491005,1112,979
491006,1158,970
491007,1206,973
491008,1247,984
491009,1275,1002
491010,1279,1027
491011,1259,1038
491012,1215,1044
491013,1154,1054
491014,1087,1065
491015,1017,1074
491016,960,1074
491017,935,1076
491018,937,1077
491019,955,1066
491020,964,1052
491021,968,1039
491022,969,1035
491023,974,1033
491024,972,1033
491025,970,1029
491026,965,1023
491027,961,1019
491028,957,1020
491029,957,1023
491030,955,1028
491031,958,1032
491032,956,1033
491033,952,1030
491034,950,1033
491035,950,1029
491036,953,1025
491037,955,1022
491038,953,1022
491039,950,1024
491040,946,1034
491041,948,1035
491042,950,1035
491043,953,1027
491044,952,1023
491045,950,1025
491046,948,1031
491047,948,1035
491048,951,1037
491049,954,1032
491050,953,1026
491051,949,1022
491052,949,1020
491053,947,1024
491054,949,1033
491055,954,1041
491056,954,1040
491057,950,1035
491058,951,1025
491059,951,1022
491060,957,1022
491061,961,1021
491062,958,1015
491063,958,1010
491064,956,1009
491065,958,1014
491066,958,1020
491067,959,1017
491068,957,1015
491069,954,1016
491070,954,1019
491071,958,1021
491072,963,1022
491073,966,1017
491074,964,1010
491075,958,1007
491076,958,1007
491077,961,1012
491078,964,1018
491079,968,1016
491080,969,1007
491081,970,993
491082,970,984
491083,972,983
491084,975,985
491085,977,985
491086,975,986
491087,974,988
491088,973,992
491089,978,995
491090,983,994
491091,983,989
491092,982,977
491093,984,971
491094,980,973
491095,981,976
491096,982,976
491097,987,973
491098,988,973
491099,984,969
491100,983,973
491101,984,979
491102,985,984
491103,985,986
491104,986,987
491105,982,991
491106,981,991
491107,984,986
491108,987,985
491109,991,982
491110,987,985
491111,989,990
491112,983,1000
491113,981,1001
491114,983,1002
491115,985,1000
491116,981,1003
491117,979,1003
491118,977,1011
491119,975,1022
491120,980,1026
491121,980,1022
491122,977,1015
491123,970,1017
491124,964,1017
491125,965,1021
491126,969,1029
491127,968,1032
491128,966,1035
491129,961,1039
491130,963,1044
491131,966,1046
491132,966,1043
491133,970,1038
491134,968,1035
491135,969,1038
491136,965,1037
491137,968,1037
491138,969,1034
491139,970,1032
491140,973,1036
491141,970,1037
491142,966,1039
491143,968,1041
491144,970,1041
491145,970,1041
491146,971,1040
491147,968,1034
491148,970,1033
491149,969,1034
491150,971,1040
491151,971,1042
491152,967,1044
491153,963,1048
491154,960,1046
491155,961,1040
491156,968,1035
491157,970,1031
491158,970,1031
491159,967,1031
491160,964,1036
491161,966,1041
491162,970,1045
491163,969,1042
491164,967,1039
491165,966,1034
491166,963,1032
491167,970,1030
491168,971,1030
491169,973,1031
491170,972,1030
491171,967,1030
491172,965,1032
491173,967,1039
491174,971,1040
491175,972,1038
491176,970,1037
491177,969,1033
491178,971,1038
491179,969,1042
491180,972,1039
491181,971,1037
491182,970,1031
491183,965,1035
491184,966,1038
491185,968,1040
491186,968,1041
491187,971,1038
491188,968,1036
491189,967,1032
491190,964,1029
491191,965,1030
491192,965,1028
491193,969,1026
491194,965,1027
491195,963,1024
491196,961,1027
491197,961,1032
491198,960,1034
491199,965,1033
491200,964,1034
491201,960,1035
491202,959,1037
491203,961,1039
491204,962,1041
491205,966,1040
491206,965,1038
491207,962,1033
491208,959,1035
491209,960,1038
491210,961,1044
491211,967,1044
491212,964,1043
491213,963,1041
491214,963,1039
491215,966,1038
491216,966,1037
491217,970,1037
491218,969,1037
491219,962,1038
491220,961,1037
491221,965,1036
491222,969,1038
491223,970,1039
491224,966,1042
491225,962,1043
491226,963,1044
491227,967,1036
491228,971,1032
491229,970,1029
491230,971,1028
491231,966,1026
491232,960,1028
491233,960,1032
491234,967,1032
491235,968,1030
491236,968,1032
491237,964,1033
491238,963,1034
491239,963,1036
491240,962,1037
491241,965,1037
491242,964,1033
491243,957,1034
491244,958,1034
491245,960,1040
491246,964,1042
491247,966,1042
491248,963,1042
491249,956,1038
491250,958,1040
491251,959,1041
491252,962,1043
491253,969,1039
491254,966,1041
491255,962,1039
491256,961,1045
491257,962,1049
491258,964,1054
491259,969,1050
491260,965,1045
491261,963,1038
491262,963,1035
491263,964,1033
491264,969,1035
491265,970,1038
491266,967,1042
491267,964,1044
491268,965,1049
491269,967,1046
491270,971,1041
491271,973,1033
491272,971,1030
491273,968,1025
491274,966,1020
491275,965,1021
491276,971,1027
491277,971,1030
491278,971,1032
491279,965,1028
491280,965,1029
491281,963,1031
491282,966,1034
491283,967,1032
491284,965,1031
491285,963,1032
491286,963,1034
491287,964,1038
491288,965,1043
491289,968,1041
491290,966,1039
491291,962,1038
491292,963,1040
491293,964,1045
491294,968,1048
491295,968,1048
491296,968,1042
491297,969,1039
491298,964,1037
491299,965,1036
491300,967,1037
491301,970,1036
491302,970,1033
491303,966,1031
491304,970,1038
491305,969,1049
491306,972,1055
491307,973,1054
491308,968,1046
491309,968,1035
491310,969,1028
491311,971,1028
491312,976,1032
491313,980,1027
491314,984,1023
491315,995,1017
491316,1006,1018
491317,1023,1023
491318,1041,1027
491319,1065,1024
491320,1091,1008
491321,1121,989
491322,1156,973
491323,1195,968
491324,1236,972
491325,1271,977
491326,1297,987
491327,1297,999
491328,1270,1015
491329,1221,1024
491330,1162,1030
491331,1104,1036
491332,1042,1041
491333,994,1046
491334,964,1053
491335,957,1058
491336,963,1060
491337,975,1046
491338,979,1036
491339,974,1028
491340,969,1027
491341,968,1030
491342,967,1032
491343,967,1033
491344,966,1032
491345,963,1027
491346,959,1028
491347,958,1038
491348,957,1046
491349,958,1050
491350,957,1045
491351,954,1036
491352,952,1031
491353,955,1032
491354,955,1037
491355,956,1040
491356,954,1039
491357,950,1038
491358,949,1042
491359,950,1049
491360,952,1051
491361,956,1047
491362,954,1042
491363,951,1035
491364,951,1037
491365,950,1041
491366,952,1045
491367,951,1043
491368,948,1044
491369,944,1042
491370,949,1040
491371,947,1036
491372,949,1036
491373,948,1035
491374,947,1037
491375,944,1042
491376,943,1047
491377,947,1053
491378,950,1055
491379,951,1048
491380,952,1041
491381,948,1037
491382,950,1040
491383,950,1039
491384,954,1032
491385,956,1023
491386,956,1018
491387,952,1015
491388,954,1017
491389,957,1022
491390,960,1026
491391,961,1027
491392,961,1023
491393,961,1018
491394,960,1017
491395,963,1017
491396,965,1018
491397,967,1017
491398,965,1018
491399,964,1017
491400,966,1027
491401,969,1030
491402,975,1027
491403,977,1018
491404,975,1011
491405,974,1008
491406,975,1008
491407,978,1013
491408,981,1019
491409,986,1019
491410,986,1017
491411,984,1010
491412,989,1005
491413,988,1004
491414,988,1001
491415,992,1001
491416,988,1002
491417,989,1002
491418,989,1003
491419,992,1011
491420,994,1015
491421,994,1014
491422,989,1008
491423,990,996
491424,991,992
491425,993,996
491426,993,1000
491427,993,1001
491428,989,1000
491429,987,1000
491430,987,1002
491431,991,1008
491432,993,1013
491433,994,1014
491434,991,1013
491435,984,1011
491436,983,1013
491437,984,1023
491438,985,1030
491439,985,1031
491440,981,1031
491441,981,1030
491442,979,1025
491443,979,1024
491444,978,1020
491445,978,1017
491446,973,1017
491447,968,1017
491448,963,1021
491449,966,1029
491450,970,1037
491451,975,1039
491452,972,1034
491453,966,1029
491454,964,1029
491455,966,1033
491456,967,1042
491457,968,1041
491458,963,1035
491459,965,1029
491460,967,1026
491461,969,1029
491462,971,1035
491463,968,1036
491464,969,1042
491465,966,1040
491466,965,1039
491467,967,1038
491468,968,1036
491469,968,1033
491470,967,1029
491471,965,1031
491472,964,1035
491473,966,1037
491474,969,1043
491475,968,1041
491476,967,1036
491477,964,1033
491478,964,1033
491479,964,1036
491480,967,1037
491481,969,1035
491482,965,1034
491483,964,1034
491484,959,1031
491485,963,1033
491486,965,1033
491487,964,1029
491488,962,1028
491489,958,1031
491490,957,1034
491491,961,1040
491492,966,1044
491493,969,1035
491494,966,1028
491495,962,1023
491496,960,1025
491497,959,1028
491498,966,1032
491499,967,1034
491500,962,1030
491501,958,1027
491502,960,1030
491503,964,1031
491504,967,1032
491505,966,1031
491506,967,1030
491507,966,1027
491508,965,1026
491509,965,1027
491510,968,1030
491511,970,1031
491512,971,1029
491513,967,1026
491514,966,1029
491515,963,1032
491516,963,1037
491517,967,1038
491518,964,1031
491519,959,1027
491520,962,1025
491521,961,1028
491522,967,1030
491523,964,1034
491524,958,1036
491525,956,1035
491526,956,1038
491527,957,1040
491528,962,1039
491529,957,1032
491530,956,1034
491531,959,1032
491532,959,1034
491533,961,1031
491534,963,1026
491535,962,1025
491536,959,1023
491537,957,1023
491538,956,1025
491539,958,1029
491540,961,1033
491541,964,1036
491542,962,1034
491543,960,1031
491544,960,1027
491545,960,1027
491546,966,1029
491547,962,1031
491548,962,1035
491549,958,1031
491550,962,1028
491551,962,1030
491552,962,1032
491553,963,1031
491554,964,1032
491555,960,1028
491556,961,1026
491557,963,1028
491558,966,1027
491559,965,1030
491560,966,1029
491561,964,1029
491562,967,1028
491563,973,1026
491564,980,1022
491565,989,1016
491566,998,1010
491567,1008,1009
491568,1020,1010
491569,1042,1006
491570,1076,1002
491571,1109,993
491572,1145,983
491573,1181,981
491574,1219,985
491575,1252,999
491576,1268,1020
491577,1256,1031
491578,1219,1039
491579,1169,1039
491580,1121,1044
491581,1069,1057
491582,1021,1072
491583,974,1080
491584,939,1082
491585,925,1081
491586,933,1075
491587,942,1071
491588,955,1062
491589,962,1050
491590,962,1036
491591,957,1026
491592,953,1022
491593,952,1023
491594,955,1028
491595,951,1029
491596,948,1031
491597,942,1029
491598,938,1031
491599,944,1031
491600,949,1033
491601,949,1023
491602,948,1018
491603,945,1014
491604,942,1017
491605,938,1020
491606,939,1027
491607,941,1030
491608,940,1034
491609,942,1033
491610,943,1032
491611,947,1032
491612,949,1034
491613,948,1029
491614,946,1025
491615,940,1023
491616,938,1023
491617,942,1026
491618,945,1032
491619,948,1031
491620,947,1034
491621,943,1033
491622,942,1035
491623,943,1038
491624,947,1041
491625,945,1038
491626,946,1041
491627,944,1034
491628,943,1032
491629,946,1029
491630,945,1032
491631,950,1031
491632,950,1029
491633,947,1025
491634,944,1025
491635,947,1027
491636,946,1028
491637,949,1025
491638,947,1015
491639,944,1011
491640,944,1008
491641,949,1010
491642,951,1013
491643,953,1014
491644,952,1016
491645,950,1013
491646,949,1015
491647,951,1011
491648,955,1005
491649,959,1001
491650,959,996
491651,958,1002
491652,956,1007
491653,959,1010
491654,957,1006
491655,961,999
491656,964,990
491657,963,983
491658,967,985
491659,967,984
491660,973,990
491661,975,990
491662,974,985
491663,968,986
491664,970,989
491665,974,990
491666,977,991
491667,981,989
491668,976,981
491669,978,981
491670,975,980
491671,981,985
491672,982,987
491673,990,990
491674,988,987
491675,983,986
491676,984,988
491677,981,990
491678,989,994
491679,991,994
491680,994,993
491681,990,988
491682,986,991
491683,985,993
491684,988,1000
491685,990,1006
491686,990,1008
491687,985,1004
491688,983,1003
491689,985,998
491690,984,995
491691,984,997
491692,981,1002
491693,977,1001
491694,975,1012
491695,975,1018
491696,975,1019
491697,976,1019
491698,970,1015
491699,965,1017
491700,962,1021
491701,964,1028
491702,966,1033
491703,963,1032
491704,960,1029
491705,955,1031
491706,955,1036
491707,957,1041
491708,958,1046
491709,959,1044
491710,956,1037
491711,955,1032
491712,953,1039
491713,956,1044
491714,962,1050
491715,961,1053
491716,959,1056
491717,954,1059
491718,953,1062
491719,954,1059
491720,960,1051
491721,962,1041
491722,961,1038
491723,957,1038
491724,957,1038
491725,958,1037
491726,961,1036
491727,964,1028
491728,961,1023
491729,960,1023
491730,963,1029
491731,965,1032
491732,968,1034
491733,967,1033
491734,967,1029
491735,966,1027
491736,961,1030
491737,966,1030
491738,968,1032
491739,970,1031
491740,969,1032
491741,966,1036
491742,966,1041
491743,969,1044
491744,970,1040
491745,970,1030
491746,969,1027
491747,965,1030
491748,964,1039
491749,964,1044
491750,967,1043
491751,966,1039
491752,965,1033
491753,962,1026
491754,962,1026
491755,966,1027
491756,968,1029
491757,968,1033
491758,966,1036
491759,960,1037
491760,960,1040
491761,963,1042
491762,965,1047
491763,963,1047
491764,963,1049
491765,959,1047
491766,960,1051
491767,962,1048
491768,962,1048
491769,968,1043
491770,965,1035
491771,963,1033
491772,961,1036
491773,961,1047
491774,965,1054
491775,968,1056
491776,965,1051
491777,965,1047
491778,966,1043
491779,966,1040
491780,969,1037
491781,971,1031
491782,970,1027
491783,969,1028
491784,968,1033
491785,967,1034
491786,969,1036
491787,971,1034
491788,971,1033
491789,966,1033
491790,967,1033
491791,971,1033
491792,971,1037
491793,973,1038
491794,972,1038
491795,970,1036
491796,968,1034
491797,972,1034
491798,976,1033
491799,974,1033
491800,971,1032
491801,966,1033
491802,964,1037
491803,965,1039
491804,968,1038
491805,971,1036
491806,971,1035
491807,968,1031
491808,965,1037
491809,963,1048
491810,966,1062
491811,965,1066
491812,964,1061
491813,963,1048
491814,962,1036
491815,966,1031
491816,966,1031
491817,965,1034
491818,966,1035
491819,963,1038
491820,965,1042
491821,967,1047
491822,968,1052
491823,971,1051
491824,973,1047
491825,970,1040
491826,970,1041
491827,972,1041
491828,976,1044
491829,976,1042
491830,975,1040
491831,973,1037
491832,975,1040
491833,980,1045
491834,983,1049
491835,985,1045
491836,986,1038
491837,990,1032
491838,996,1031
491839,1010,1028
491840,1024,1030
491841,1043,1023
491842,1064,1016
491843,1089,1009
491844,1121,1002
491845,1159,998
491846,1197,996
491847,1230,992
491848,1262,995
491849,1281,1006
491850,1284,1023
491851,1266,1033
491852,1224,1038
491853,1171,1039
491854,1109,1043
491855,1048,1051
491856,994,1066
491857,957,1077
491858,948,1081
491859,951,1073
491860,961,1060
491861,965,1047
491862,969,1042
491863,971,1043
491864,972,1045
491865,970,1044
491866,963,1039
491867,962,1041
491868,959,1046
491869,960,1052
491870,961,1052
491871,960,1048
491872,959,1044
491873,954,1044
491874,954,1044
491875,953,1044
491876,957,1044
491877,959,1044
491878,958,1041
491879,955,1039
491880,957,1043
491881,958,1047
491882,958,1051
491883,959,1053
491884,956,1055
491885,954,1053
491886,955,1058
491887,956,1058
491888,958,1055
491889,961,1044
491890,960,1032
491891,957,1024
491892,958,1021
491893,958,1028
491894,958,1033
491895,955,1035
491896,957,1033
491897,953,1034
491898,951,1035
491899,952,1039
491900,955,1040
491901,956,1045
491902,955,1042
491903,953,1036
491904,950,1039
491905,952,1038
491906,955,1036
491907,958,1035
491908,955,1035
491909,951,1035
491910,951,1039
491911,954,1043
491912,956,1042
491913,960,1043
491914,960,1040
491915,955,1040
491916,958,1045
491917,960,1053
491918,962,1055
491919,964,1048
491920,967,1035
491921,966,1023
491922,966,1021
491923,969,1020
491924,970,1025
491925,973,1023
491926,969,1019
491927,968,1018
491928,969,1019
491929,973,1021
491930,976,1023
491931,978,1023
491932,978,1018
491933,976,1009
491934,978,1008
491935,981,1011
491936,984,1011
491937,985,1010
491938,985,1007
491939,984,1003
491940,982,1004
491941,986,1009
491942,989,1014
491943,991,1016
491944,989,1011
491945,987,1005
491946,984,1003
491947,985,1001
491948,991,998
491949,990,992
491950,990,992
491951,988,996
491952,990,1003
491953,992,1011
491954,993,1017
491955,994,1016
491956,995,1012
491957,993,1006
491958,994,1005
491959,994,1002
491960,994,1002
491961,999,1002
491962,996,1003
491963,994,1006
491964,991,1012
491965,991,1018
491966,994,1025
491967,992,1024
491968,988,1024
491969,983,1022
491970,981,1026
491971,985,1029
491972,988,1033
491973,989,1036
491974,984,1036
491975,978,1036
491976,976,1039
491977,972,1041
491978,974,1045
491979,974,1043
491980,972,1046
491981,966,1045
491982,966,1047
491983,971,1050
491984,972,1045
491985,972,1040
491986,966,1034
491987,962,1033
491988,960,1037
491989,962,1044
491990,967,1052
491991,967,1058
491992,964,1058
491993,963,1052
491994,960,1045
491995,962,1044
491996,967,1045
491997,968,1050
491998,967,1049
491999,966,1048
492000,966,1049
492001,970,1054
492002,974,1060
492003,973,1057
492004,968,1052
492005,967,1047
492006,968,1051
492007,969,1055
492008,970,1054
492009,969,1046
492010,967,1038
492011,966,1034
492012,967,1037
492013,969,1042
492014,973,1048
492015,974,1046
492016,973,1041
492017,969,1033
492018,970,1033
492019,972,1035
492020,972,1039
492021,972,1036
492022,970,1035
492023,963,1036
492024,963,1043
492025,965,1049
492026,970,1053
492027,973,1047
492028,972,1033
492029,965,1022
492030,965,1019
492031,968,1023
492032,967,1028
492033,965,1030
492034,963,1027
492035,958,1031
492036,955,1034
492037,958,1041
492038,962,1044
492039,964,1035
492040,960,1025
492041,957,1022
492042,956,1025
492043,958,1032
492044,961,1038
492045,966,1037
492046,965,1038
492047,961,1038
492048,961,1039
492049,965,1042
492050,968,1044
492051,967,1042
492052,965,1042
492053,959,1038
492054,958,1044
492055,965,1047
492056,966,1048
492057,970,1049
492058,968,1046
492059,964,1047
492060,962,1045
492061,964,1045
492062,963,1049
492063,962,1047
492064,964,1047
492065,959,1047
492066,960,1051
492067,962,1050
492068,963,1051
492069,962,1049
492070,961,1053
492071,960,1053
492072,961,1057
492073,962,1055
492074,967,1046
492075,966,1035
492076,966,1026
492077,963,1027
492078,965,1028
492079,966,1032
492080,963,1036
492081,961,1039
492082,958,1041
492083,955,1042
492084,958,1042
492085,959,1038
492086,960,1036
492087,959,1032
492088,957,1029
492089,952,1027
492090,952,1032
492091,951,1035
492092,956,1043
492093,956,1045
492094,955,1045
492095,952,1039
492096,952,1032
492097,957,1031
492098,957,1031
492099,957,1035
492100,954,1035
492101,952,1033
492102,949,1041
492103,953,1044
492104,959,1045
492105,959,1039
492106,955,1032
492107,953,1031
492108,952,1036
492109,956,1043
492110,962,1051
492111,963,1052
492112,961,1049
492113,957,1041
492114,955,1036
492115,957,1036
492116,959,1042
492117,964,1042
492118,963,1039
492119,958,1042
492120,954,1043
492121,957,1044
492122,961,1046
492123,963,1041
492124,961,1038
492125,957,1035
492126,955,1033
492127,958,1035
492128,964,1041
492129,964,1039
492130,961,1035
492131,956,1035
492132,957,1041
492133,960,1043
492134,964,1046
492135,965,1040
492136,964,1035
492137,964,1028
492138,962,1028
492139,964,1028
492140,966,1030
492141,964,1028
492142,961,1027
492143,957,1029
492144,955,1033
492145,958,1034
492146,961,1032
492147,963,1031
492148,960,1028
492149,958,1028
492150,957,1031
492151,962,1036
492152,963,1040
492153,965,1038
492154,963,1042
492155,960,1043
492156,961,1044
492157,962,1049
492158,967,1049
492159,966,1047
492160,964,1039
492161,962,1040
492162,964,1040
492163,965,1041
492164,965,1040
492165,960,1035
492166,959,1035
492167,957,1040
492168,956,1044
492169,962,1050
492170,963,1051
492171,960,1047
492172,961,1046
492173,958,1050
492174,960,1058
492175,961,1061
492176,962,1059
492177,966,1049
492178,966,1036
492179,967,1027
492180,966,1024
492181,967,1030
492182,964,1036
492183,964,1032
492184,962,1022
492185,959,1014
492186,959,1014
492187,959,1021
492188,964,1029
492189,963,1031
492190,958,1029
492191,957,1027
492192,953,1027
492193,958,1030
492194,958,1032
492195,960,1033
492196,957,1032
492197,957,1024
492198,960,1023
492199,959,1025
492200,964,1028
492201,966,1028
492202,964,1026
492203,959,1025
492204,955,1027
492205,957,1034
492206,963,1039
492207,965,1038
492208,962,1040
492209,959,1042
492210,961,1047
492211,961,1048
492212,967,1050
492213,966,1043
492214,964,1037
492215,962,1028
492216,963,1029
492217,966,1034
492218,970,1037
492219,967,1041
492220,964,1044
492221,964,1045
492222,965,1047
492223,967,1049
492224,967,1046
492225,965,1042
492226,963,1040
492227,963,1038
492228,962,1043
492229,963,1049
492230,967,1049
492231,969,1043
492232,971,1037
492233,969,1032
492234,965,1031
492235,964,1033
492236,967,1035
492237,963,1033
492238,966,1031
492239,964,1028
492240,965,1028
492241,969,1033
492242,967,1037
492243,967,1036
492244,963,1033
492245,959,1027
492246,958,1030
492247,964,1037
492248,966,1043
492249,968,1041
492250,965,1035
492251,961,1030
492252,962,1027
492253,969,1026
492254,969,1026
492255,971,1025
492256,968,1026
492257,967,1031
492258,966,1036
492259,966,1046
492260,971,1052
492261,972,1049
492262,971,1040
492263,967,1027
492264,968,1022
492265,973,1027
492266,971,1034
492267,975,1034
492268,974,1038
492269,970,1041
492270,967,1047
492271,967,1050
492272,972,1047
492273,972,1041
492274,968,1035
492275,965,1036
492276,968,1038
492277,971,1043
492278,974,1045
492279,975,1044
492280,973,1043
492281,970,1037
492282,969,1037
492283,970,1037
492284,973,1039
492285,974,1038
492286,972,1038
492287,969,1037
492288,969,1039
492289,974,1038
492290,975,1025
492291,978,1013
492292,976,1005
492293,982,1006
492294,995,1013
492295,1014,1023
492296,1037,1024
492297,1069,1012
492298,1097,988
492299,1130,965
492300,1163,956
492301,1206,960
492302,1245,974
492303,1273,987
492304,1276,1000
492305,1251,1013
492306,1205,1022
492307,1150,1032
492308,1100,1043
492309,1054,1052
492310,999,1055
492311,963,1060
492312,952,1065
492313,959,1065
492314,972,1062
492315,979,1054
492316,980,1049
492317,975,1039
492318,973,1036
492319,973,1034
492320,971,1034
492321,970,1035
492322,962,1035
492323,958,1038
492324,956,1045
492325,955,1046
492326,958,1046
492327,956,1043
492328,957,1041
492329,955,1040
492330,954,1034
492331,954,1033
492332,954,1033
492333,953,1033
492334,952,1030
492335,951,1026
492336,951,1023
492337,949,1025
492338,951,1030
492339,949,1034
492340,949,1033
492341,950,1033
492342,951,1037
492343,951,1033
492344,955,1033
492345,955,1030
492346,954,1026
492347,953,1024
492348,948,1029
492349,950,1033
492350,953,1037
492351,950,1035
492352,951,1032
492353,947,1028
492354,950,1030
492355,953,1031
492356,955,1034
492357,954,1034
492358,957,1030
492359,952,1030
492360,955,1030
492361,958,1033
492362,963,1034
492363,965,1039
492364,967,1037
492365,965,1032
492366,963,1029
492367,964,1025
492368,969,1021
492369,968,1020
492370,966,1017
492371,960,1018
492372,962,1019
492373,965,1018
492374,969,1020
492375,975,1016
492376,972,1014
492377,971,1010
492378,969,1012
492379,971,1017
492380,975,1020
492381,979,1015
492382,980,1006
492383,977,999
492384,978,1004
492385,980,1005
492386,985,1008
492387,986,1006
492388,983,1001
492389,977,1002
492390,977,1002
492391,983,1009
492392,987,1009
492393,990,1000
492394,989,991
492395,985,986
492396,987,987
492397,987,989
492398,992,994
492399,995,996
492400,996,996
492401,997,996
492402,1000,1001
492403,1001,1004
492404,1003,1006
492405,1003,1002
492406,1000,1000
492407,999,997
492408,998,997
492409,999,999
492410,1000,1000
492411,1003,1004
492412,1003,1005
492413,999,1006
492414,997,1010
492415,1001,1017
492416,1001,1018
492417,1000,1013
492418,998,1011
492419,992,1009
492420,990,1014
492421,994,1022
492422,990,1026
492423,988,1029
492424,985,1026
492425,980,1024
492426,977,1025
492427,979,1031
492428,981,1033
492429,978,1031
492430,974,1029
492431,971,1031
492432,971,1032
492433,971,1035
492434,973,1038
492435,974,1035
492436,974,1032
492437,968,1030
492438,970,1029
492439,971,1034
492440,974,1036
492441,973,1034
492442,973,1033
492443,972,1035
492444,973,1037
492445,976,1042
492446,979,1042
492447,981,1038
492448,980,1033
492449,977,1032
492450,979,1037
492451,983,1042
492452,985,1044
492453,984,1043
492454,983,1040
492455,978,1040
492456,979,1040
492457,984,1043
492458,986,1044
492459,985,1042
492460,986,1037
492461,985,1036
492462,986,1038
492463,983,1041
492464,984,1039
492465,981,1036
492466,979,1032
492467,979,1028
492468,980,1032
492469,982,1039
492470,988,1041
492471,987,1031
492472,985,1025
492473,981,1024
492474,980,1028
492475,984,1035
492476,989,1038
492477,990,1032
492478,985,1026
492479,985,1022
492480,985,1024
492481,989,1029
492482,986,1035
492483,987,1035
492484,986,1033
492485,984,1031
492486,984,1030
492487,985,1030
492488,986,1032
492489,983,1030
492490,984,1023
492491,984,1023
492492,984,1021
492493,985,1023
492494,990,1024
492495,989,1025
492496,985,1023
492497,983,1023
492498,983,1032
492499,984,1035
492500,988,1035
492501,987,1031
492502,986,1026
492503,983,1024
492504,985,1025
492505,986,1030
492506,989,1034
492507,989,1039
492508,985,1035
492509,985,1034
492510,984,1031
492511,987,1032
492512,986,1031
492513,985,1031
492514,981,1031
492515,977,1034
492516,980,1039
492517,980,1040
492518,986,1045
492519,986,1038
492520,982,1029
492521,980,1019
492522,976,1020
492523,980,1027
492524,981,1034
492525,982,1034
492526,980,1028
492527,977,1030
492528,976,1041
492529,977,1048
492530,980,1047
492531,980,1036
492532,979,1029
492533,975,1022
492534,977,1024
492535,981,1031
492536,983,1036
492537,985,1034
492538,985,1030
492539,984,1028
492540,983,1029
492541,987,1033
492542,992,1035
492543,989,1033
492544,990,1037
492545,990,1033
492546,987,1031
492547,990,1025
492548,994,1020
492549,995,1016
492550,997,1015
492551,999,1015
492552,1012,1023
492553,1026,1021
492554,1046,1017
492555,1065,1011
492556,1092,1005
492557,1119,994
492558,1156,986
492559,1201,981
492560,1244,980
492561,1280,984
492562,1308,995
492563,1310,1011
492564,1290,1024
492565,1249,1031
492566,1199,1039
492567,1140,1050
492568,1081,1059
492569,1022,1062
492570,980,1063
492571,962,1060
492572,972,1054
492573,985,1043
492574,989,1041
492575,992,1039
492576,989,1035
492577,989,1027
492578,988,1024
492579,987,1023
492580,983,1026
492581,976,1025
492582,973,1026
492583,972,1030
492584,971,1033
492585,971,1035
492586,967,1034
492587,967,1032
492588,965,1032
492589,967,1034
492590,970,1038
492591,969,1037
492592,967,1038
492593,964,1039
492594,965,1034
492595,966,1031
492596,971,1026
492597,973,1025
492598,969,1028
492599,965,1037
492600,964,1042
492601,965,1042
492602,967,1038
492603,969,1034
492604,968,1028
492605,967,1023
492606,964,1025
492607,968,1030
492608,973,1037
492609,972,1038
492610,968,1039
492611,965,1039
492612,966,1036
492613,972,1038
492614,973,1037
492615,973,1034
492616,972,1030
492617,970,1024
492618,971,1027
492619,973,1031
492620,975,1036
492621,975,1038
492622,973,1036
492623,970,1031
492624,976,1028
492625,981,1023
492626,984,1016
492627,985,1012
492628,983,1013
492629,981,1022
492630,983,1031
492631,988,1031
492632,992,1025
492633,994,1008
492634,990,997
492635,992,991
492636,990,992
492637,992,1000
492638,995,1005
492639,995,1004
492640,993,1002
492641,989,996
492642,991,994
492643,993,994
492644,997,998
492645,998,1000
492646,999,995
492647,1001,985
492648,1002,982
492649,1007,984
492650,1008,987
492651,1005,987
492652,1005,991
492653,1004,994
492654,1004,1001
492655,1007,1002
492656,1011,995
492657,1011,989
492658,1008,983
492659,1004,981
492660,1005,983
492661,1009,987
492662,1012,991
492663,1010,989
492664,1010,991
492665,1006,999
492666,1006,1010
492667,1007,1022
492668,1012,1022
492669,1010,1010
492670,1008,999
492671,1002,996
492672,1001,1004
492673,1000,1013
492674,1001,1022
492675,1000,1018
492676,994,1011
492677,991,1010
492678,986,1016
492679,987,1024
492680,987,1031
492681,986,1034
492682,979,1039
492683,980,1042
492684,980,1042
492685,981,1033
492686,984,1025
492687,980,1022
492688,978,1025
492689,976,1031
492690,974,1043
492691,978,1051
492692,982,1049
492693,981,1039
492694,980,1033
492695,977,1030
492696,977,1040
492697,978,1052
492698,980,1062
492699,979,1054
492700,984,1035
492701,982,1023
492702,989,1029
492703,992,1035
492704,995,1042
492705,996,1039
492706,998,1038
492707,1000,1042
492708,1005,1051
492709,1012,1053
492710,1021,1053
492711,1035,1041
492712,1046,1028
492713,1056,1015
492714,1067,1004
492715,1080,994
492716,1094,980
492717,1110,964
492718,1125,942
492719,1140,922
492720,1155,906
492721,1179,891
492722,1200,871
492723,1217,855
492724,1227,842
492725,1237,825
492726,1245,806
492727,1251,790
492728,1254,789
492729,1250,791
492730,1246,795
492731,1238,805
492732,1228,814
492733,1215,820
492734,1197,823
492735,1173,818
492736,1150,817
492737,1128,823
492738,1104,840
492739,1079,860
492740,1063,879
492741,1050,891
492742,1041,905
492743,1036,918
492744,1033,936
492745,1033,951
492746,1035,962
492747,1037,964
492748,1046,965
492749,1056,971
492750,1073,976
492751,1092,982
492752,1095,988
492753,1076,992
492754,1039,1001
492755,992,1012
492756,955,1031
492757,942,1048
492758,936,1065
492759,930,1073
492760,925,1077
492761,919,1079
492762,915,1079
492763,913,1077
492764,911,1080
492765,907,1081
492766,903,1084
492767,899,1088
492768,896,1094
492769,893,1097
492770,894,1102
492771,893,1103
492772,891,1102
492773,889,1104
492774,888,1111
492775,893,1111
492776,893,1118
492777,891,1116
492778,884,1116
492779,883,1114
492780,883,1120
492781,882,1125
492782,883,1129
492783,884,1128
492784,879,1131
492785,877,1136
492786,874,1144
492787,875,1151
492788,878,1155
492789,877,1156
492790,871,1151
492791,874,1149
492792,871,1145
492793,872,1144
492794,875,1147
492795,877,1150
492796,870,1151
492797,870,1149
492798,871,1147
492799,874,1148
492800,877,1153
492801,876,1157
492802,874,1158
492803,875,1158
492804,877,1161
492805,881,1170
492806,885,1170
492807,885,1172
492808,882,1173
492809,884,1171
492810,892,1171
492811,896,1172
492812,904,1171
492813,902,1167
492814,904,1164
492815,908,1163
492816,914,1162
492817,919,1161
492818,927,1159
492819,929,1155
492820,933,1148
492821,936,1140
492822,938,1134
492823,943,1132
492824,946,1127
492825,951,1124
492826,952,1113
492827,951,1104
492828,952,1097
492829,958,1098
492830,964,1096
492831,962,1089
492832,957,1085
492833,953,1082
492834,953,1085
492835,955,1081
492836,955,1076
492837,957,1065
492838,959,1057
492839,957,1055
492840,958,1056
492841,955,1057
492842,959,1055
492843,958,1054
492844,955,1047
492845,957,1050
492846,959,1053
492847,960,1053
492848,965,1047
492849,966,1040
492850,964,1037
492851,960,1033
492852,957,1040
492853,962,1044
492854,965,1044
492855,963,1042
492856,961,1040
492857,962,1039
492858,963,1044
492859,965,1048
492860,968,1049
492861,966,1047
492862,963,1041
492863,962,1038
492864,959,1039
492865,962,1041
492866,967,1045
492867,969,1042
492868,965,1040
492869,962,1038
492870,965,1040
492871,966,1047
492872,971,1042
492873,970,1036
492874,967,1030
492875,965,1027
492876,964,1028
492877,969,1032
492878,973,1033
492879,967,1029
492880,969,1024
492881,972,1021
492882,969,1024
492883,971,1026
492884,973,1029
492885,974,1027
492886,971,1027
492887,967,1025
492888,968,1028
492889,970,1032
492890,972,1033
492891,968,1031
492892,965,1030
492893,965,1028
492894,966,1035
492895,968,1038
492896,973,1039
492897,974,1035
492898,972,1028
492899,970,1024
492900,968,1026
492901,971,1031
492902,973,1036
492903,971,1039
492904,970,1032
492905,969,1020
492906,968,1020
492907,969,1023
492908,975,1025
492909,973,1027
492910,972,1023
492911,971,1022
492912,969,1023
492913,969,1027
492914,970,1031
492915,973,1029
492916,970,1026
492917,964,1025
492918,963,1026
492919,964,1028
492920,970,1030
492921,969,1027
492922,966,1029
492923,962,1027
492924,967,1028
492925,967,1030
492926,971,1031
492927,969,1033
492928,967,1029
492929,963,1031
492930,964,1033
492931,967,1035
492932,971,1036
492933,971,1031
492934,969,1025
492935,967,1020
492936,964,1019
492937,966,1022
492938,969,1021
492939,969,1022
492940,968,1022
492941,966,1023
492942,965,1025
492943,967,1030
492944,972,1032
492945,971,1035
492946,969,1033
492947,967,1032
492948,965,1029
492949,966,1030
492950,971,1032
492951,971,1034
492952,970,1032
492953,966,1031
492954,968,1028
492955,970,1032
492956,972,1034
492957,970,1033
492958,970,1034
492959,966,1030
492960,969,1032
492961,970,1035
492962,973,1036
492963,974,1032
492964,978,1031
492965,972,1031
492966,967,1031
492967,970,1033
492968,974,1031
492969,971,1029
492970,971,1019
492971,967,1019
492972,966,1024
492973,970,1026
492974,974,1028
492975,974,1031
492976,966,1030
492977,964,1029
492978,964,1026
492979,967,1025
492980,975,1020
492981,974,1019
492982,971,1019
492983,965,1021
492984,967,1024
492985,967,1028
492986,967,1031
492987,969,1030
492988,965,1026
492989,967,1027
492990,968,1025
492991,969,1030
492992,979,1029
492993,975,1026
492994,971,1025
492995,971,1028
492996,970,1031
492997,976,1036
492998,980,1038
492999,978,1034
493000,973,1029
493001,970,1025
493002,971,1021
493003,977,1025
493004,979,1029
493005,973,1025
493006,972,1021
493007,970,1023
493008,974,1024
493009,974,1027
493010,979,1029
493011,980,1026
493012,979,1021
493013,977,1017
493014,975,1022
493015,979,1023
493016,984,1018
493017,987,1013
493018,991,1004
493019,1000,1001
493020,1020,999
493021,1042,1000
493022,1065,992
493023,1092,980
493024,1124,966
493025,1161,960
493026,1205,966
493027,1249,984
493028,1273,1006
493029,1269,1021
493030,1236,1024
493031,1181,1027
493032,1120,1043
493033,1064,1060
493034,1016,1071
493035,976,1072
493036,953,1071
493037,959,1065
493038,968,1056
493039,981,1049
493040,993,1046
493041,988,1039
493042,982,1034
493043,971,1030
493044,970,1031
493045,968,1031
493046,970,1033
493047,967,1031
493048,964,1021
493049,960,1018
493050,961,1023
493051,960,1026
493052,962,1027
493053,957,1027
493054,952,1020
493055,950,1017
493056,952,1017
493057,956,1020
493058,957,1023
493059,953,1021
493060,948,1023
493061,951,1022
493062,950,1022
493063,956,1024
493064,956,1019
493065,955,1017
493066,951,1017
493067,949,1017
493068,948,1019
493069,951,1020
493070,956,1018
493071,952,1017
493072,948,1017
493073,949,1018
493074,948,1022
493075,953,1024
493076,957,1023
493077,955,1022
493078,952,1020
493079,948,1020
493080,951,1021
493081,954,1017
493082,960,1016
493083,960,1013
493084,956,1011
493085,955,1009
493086,955,1015
493087,957,1018
493088,960,1018
493089,959,1017
493090,959,1016
493091,960,1012
493092,959,1016
493093,962,1020
493094,967,1023
493095,966,1019
493096,966,1008
493097,965,996
493098,966,997
493099,969,998
493100,973,1000
493101,973,1001
493102,973,997
493103,971,994
493104,975,994
493105,976,996
493106,976,992
493107,975,990
493108,974,986
493109,973,983
493110,976,987
493111,981,987
493112,986,987
493113,987,983
493114,983,980
493115,980,978
493116,985,981
493117,988,984
493118,990,985
493119,994,981
493120,990,978
493121,992,978
493122,995,983
493123,996,985
493124,1000,987
493125,1004,985
493126,1000,987
493127,995,987
493128,995,987
493129,996,989
493130,1001,989
493131,1003,985
493132,1000,981
493133,997,984
493134,996,990
493135,997,998
493136,1000,1005
493137,999,1006
493138,995,1008
493139,989,1006
493140,987,1010
493141,988,1015
493142,994,1016
493143,988,1016
493144,984,1015
493145,979,1018
493146,977,1021
493147,981,1024
493148,983,1026
493149,982,1028
493150,980,1025
493151,979,1028
493152,974,1031
493153,978,1031
493154,979,1031
493155,976,1027
493156,972,1022
493157,973,1025
493158,971,1026
493159,974,1029
493160,979,1028
493161,977,1026
493162,975,1025
493163,972,1024
493164,973,1026
493165,975,1030
493166,975,1031
493167,976,1029
493168,972,1024
493169,970,1019
493170,973,1021
493171,971,1022
493172,977,1023
493173,974,1023
493174,973,1020
493175,971,1020
493176,973,1019
493177,975,1024
493178,979,1025
493179,980,1024
493180,977,1022
493181,978,1023
493182,979,1020
493183,981,1022
493184,983,1023
493185,982,1022
493186,981,1022
493187,980,1018
493188,981,1018
493189,983,1022
493190,985,1023
493191,983,1023
493192,979,1023
493193,976,1021
493194,976,1025
493195,980,1027
493196,982,1027
493197,983,1023
493198,981,1021
493199,980,1018
493200,981,1019
493201,982,1021
493202,984,1024
493203,986,1022
493204,982,1022
493205,980,1021
493206,980,1025
493207,981,1027
493208,984,1028
493209,984,1027
493210,978,1023
493211,975,1022
493212,974,1023
493213,980,1025
493214,983,1028
493215,982,1028
493216,976,1026
493217,978,1029
493218,979,1030
493219,980,1032
493220,983,1031
493221,981,1024
493222,979,1021
493223,974,1022
493224,975,1027
493225,979,1031
493226,980,1030
493227,981,1029
493228,978,1027
493229,978,1025
493230,979,1024
493231,980,1027
493232,983,1026
493233,983,1022
493234,982,1020
493235,980,1020
493236,981,1025
493237,981,1028
493238,980,1031
493239,977,1027
493240,973,1026
493241,976,1026
493242,977,1029
493243,979,1031
493244,981,1033
493245,980,1030
493246,983,1024
493247,984,1020
493248,992,1019
493249,1007,1019
493250,1023,1015
493251,1041,1013
493252,1065,1005
493253,1098,996
493254,1138,989
493255,1176,982
493256,1218,979
493257,1256,981
493258,1280,988
493259,1290,999
493260,1271,1008
493261,1240,1012
493262,1189,1021
493263,1133,1032
493264,1077,1045
493265,1022,1058
493266,976,1066
493267,956,1076
493268,957,1070
493269,961,1060
493270,970,1046
493271,970,1035
493272,975,1031
493273,977,1032
493274,979,1030
493275,978,1024
493276,974,1024
493277,968,1025
493278,966,1027
493279,966,1030
493280,965,1034
493281,962,1033
493282,958,1030
493283,957,1030
493284,954,1029
493285,958,1035
493286,958,1035
493287,956,1032
493288,953,1031
493289,948,1032
493290,951,1033
493291,954,1037
493292,957,1035
493293,955,1035
493294,950,1033
493295,949,1032
493296,954,1031
493297,955,1029
493298,956,1030
493299,956,1028
493300,954,1026
493301,950,1029
493302,952,1031
493303,954,1034
493304,956,1036
493305,957,1037
493306,952,1040
493307,950,1041
493308,952,1038
493309,954,1036
493310,959,1035
493311,958,1032
493312,956,1028
493313,955,1025
493314,958,1026
493315,960,1032
493316,963,1033
493317,958,1033
493318,958,1032
493319,956,1027
493320,961,1030
493321,963,1028
493322,965,1028
493323,966,1027
493324,960,1016
493325,960,1011
493326,963,1011
493327,963,1012
493328,972,1012
493329,973,1009
493330,968,1004
493331,969,1003
493332,971,1008
493333,972,1008
493334,975,1005
493335,978,1004
493336,975,1000
493337,975,1002
493338,978,1005
493339,981,1002
493340,983,1002
493341,981,998
493342,977,993
493343,979,992
493344,979,997
493345,985,999
493346,988,998
493347,983,996
493348,986,996
493349,982,993
493350,982,993
493351,984,991
493352,991,991
493353,989,992
493354,989,993
493355,987,996
493356,989,999
493357,990,998
493358,996,998
493359,995,993
493360,990,990
493361,989,990
493362,992,993
493363,995,999
493364,999,1002
493365,997,1001
493366,996,1002
493367,992,1003
493368,992,1006
493369,993,1013
493370,996,1014
493371,994,1011
493372,990,1009
493373,985,1010
493374,985,1015
493375,986,1020
493376,989,1022
493377,988,1022
493378,983,1021
493379,976,1023
493380,977,1026
493381,977,1030
493382,979,1032
493383,975,1030
493384,976,1028
493385,971,1027
493386,972,1031
493387,975,1034
493388,976,1037
493389,974,1037
493390,971,1039
493391,968,1043
493392,969,1043
493393,973,1042
493394,975,1042
493395,974,1036
493396,972,1035
493397,971,1036
493398,970,1038
493399,972,1043
493400,976,1042
493401,973,1037
493402,970,1034
493403,971,1034
493404,972,1035
493405,973,1039
493406,978,1042
493407,980,1039
493408,974,1035
493409,975,1036
493410,975,1040
493411,978,1038
493412,976,1041
493413,979,1038
493414,975,1031
493415,975,1032
493416,974,1035
493417,978,1037
493418,982,1036
493419,979,1035
493420,975,1032
493421,975,1030
493422,976,1033
493423,978,1035
493424,982,1034
493425,976,1032
493426,974,1030
493427,976,1032
493428,977,1035
493429,979,1036
493430,983,1035
493431,979,1033
493432,981,1032
493433,978,1029
493434,979,1030
493435,983,1031
493436,985,1032
493437,984,1032
493438,977,1032
493439,975,1034
493440,973,1041
493441,975,1040
493442,977,1040
493443,979,1033
493444,975,1031
493445,974,1030
493446,975,1035
493447,976,1039
493448,978,1040
493449,976,1040
493450,973,1036
493451,973,1036
493452,975,1038
493453,978,1043
493454,981,1042
493455,980,1041
493456,977,1039
493457,978,1037
493458,973,1040
493459,976,1042
493460,978,1043
493461,977,1040
493462,976,1036
493463,976,1038
493464,976,1042
493465,979,1039
493466,981,1042
493467,979,1036
493468,976,1034
493469,977,1036
493470,978,1037
493471,980,1040
493472,983,1039
493473,984,1037
493474,981,1033
493475,978,1031
493476,982,1037
493477,983,1039
493478,986,1039
493479,985,1037
493480,980,1033
493481,980,1034
493482,980,1038
493483,984,1039
493484,986,1039
493485,982,1035
493486,981,1034
493487,979,1036
493488,978,1041
493489,980,1041
493490,982,1041
493491,981,1036
493492,979,1033
493493,981,1033
493494,980,1035
493495,982,1036
493496,984,1034
493497,984,1034
493498,984,1030
493499,982,1035
493500,983,1038
493501,986,1039
493502,992,1033
493503,997,1028
493504,1002,1024
493505,1005,1025
493506,1019,1022
493507,1036,1016
493508,1061,1011
493509,1084,1001
493510,1113,986
493511,1146,975
493512,1181,971
493513,1215,974
493514,1250,979
493515,1272,995
493516,1282,1009
493517,1259,1023
493518,1219,1030
493519,1167,1041
493520,1111,1054
493521,1054,1064
493522,1005,1068
493523,973,1071
493524,966,1067
493525,974,1063
493526,984,1053
493527,990,1040
493528,988,1035
493529,981,1033
493530,979,1033
493531,979,1034
493532,978,1035
493533,975,1037
493534,969,1038
493535,963,1038
493536,964,1042
493537,965,1044
493538,965,1043
493539,964,1039
493540,959,1036
493541,957,1035
493542,956,1034
493543,957,1039
493544,958,1039
493545,957,1037
493546,954,1034
493547,952,1031
493548,953,1033
493549,955,1037
493550,958,1039
493551,957,1039
493552,957,1039
493553,957,1041
493554,956,1043
493555,956,1042
493556,959,1038
493557,958,1035
493558,956,1030
493559,954,1030
493560,956,1034
493561,958,1038
493562,963,1036
493563,961,1035
493564,960,1030
493565,958,1030
493566,956,1033
493567,958,1036
493568,963,1037
493569,960,1034
493570,962,1034
493571,960,1033
493572,962,1032
493573,966,1035
493574,967,1032
493575,966,1028
493576,962,1024
493577,960,1022
493578,964,1027
493579,967,1028
493580,972,1029
493581,970,1022
493582,968,1019
493583,968,1017
493584,971,1020
493585,976,1019
493586,978,1018
493587,971,1017
493588,971,1013
493589,970,1010
493590,969,1014
493591,972,1016
493592,978,1014
493593,982,1011
493594,977,1010
493595,979,1007
493596,978,1008
493597,981,1009
493598,983,1007
493599,981,1006
493600,981,1004
493601,982,1005
493602,983,1007
493603,988,1006
493604,993,1003
493605,994,999
493606,992,994
493607,990,992
493608,993,993
493609,994,992
493610,1000,994
493611,999,991
493612,998,989
493613,998,989
493614,999,992
493615,998,995
493616,1004,995
493617,1003,995
493618,1001,997
493619,1000,1001
493620,1001,1006
493621,1003,1007
493622,1008,1005
493623,1005,997
493624,1005,993
493625,1002,989
493626,1001,994
493627,1005,999
493628,1005,1001
493629,1003,1002
493630,998,1005
493631,995,1006
493632,994,1010
493633,997,1017
493634,994,1021
493635,990,1024
493636,987,1023
493637,983,1027
493638,982,1028
493639,981,1035
493640,981,1037
493641,978,1035
493642,977,1034
493643,974,1035
493644,975,1035
493645,975,1040
493646,975,1041
493647,974,1040
493648,969,1039
493649,967,1038
493650,967,1040
493651,969,1044
493652,973,1044
493653,972,1042
493654,971,1040
493655,967,1038
493656,970,1039
493657,973,1044
493658,975,1042
493659,972,1043
493660,969,1039
493661,968,1041
493662,971,1042
493663,973,1045
493664,979,1043
493665,982,1040
493666,980,1035
493667,978,1035
493668,978,1035
493669,981,1037
493670,980,1032
493671,981,1034
493672,979,1030
493673,975,1033
493674,979,1036
493675,982,1040
493676,983,1038
493677,981,1034
493678,980,1029
493679,978,1028
493680,978,1027
493681,985,1026
493682,987,1027
493683,985,1024
493684,984,1019
493685,981,1022
493686,981,1024
493687,985,1025
493688,987,1025
493689,985,1024
493690,981,1022
493691,978,1024
493692,979,1025
493693,980,1028
493694,985,1031
493695,983,1028
493696,977,1031
493697,973,1030
493698,975,1034
493699,977,1035
493700,981,1038
493701,978,1035
493702,976,1033
493703,975,1032
493704,974,1035
493705,975,1039
493706,977,1037
493707,973,1034
493708,973,1035
493709,972,1035
493710,973,1035
493711,974,1041
493712,977,1040
493713,977,1039
493714,973,1035
493715,973,1040
493716,970,1043
493717,975,1046
493718,977,1043
493719,975,1042
493720,973,1037
493721,969,1036
493722,969,1035
493723,974,1033
493724,978,1033
493725,977,1028
493726,975,1025
493727,975,1027
493728,979,1029
493729,978,1032
493730,983,1031
493731,983,1028
493732,982,1025
493733,978,1027
493734,980,1028
493735,982,1030
493736,984,1031
493737,985,1030
493738,982,1028
493739,979,1028
493740,980,1033
493741,980,1034
493742,980,1035
493743,981,1034
493744,977,1031
493745,977,1031
493746,978,1032
493747,980,1038
493748,983,1038
493749,979,1036
493750,975,1033
493751,974,1035
493752,975,1035
493753,976,1038
493754,978,1041
493755,979,1036
493756,977,1036
493757,975,1037
493758,977,1038
493759,979,1039
493760,981,1037
493761,979,1037
493762,973,1035
493763,973,1037
493764,976,1041
493765,978,1046
493766,980,1046
493767,981,1044
493768,982,1041
493769,981,1038
493770,983,1035
493771,986,1034
493772,990,1029
493773,995,1025
493774,998,1019
493775,1008,1015
493776,1025,1017
493777,1039,1014
493778,1064,1009
493779,1092,1000
493780,1119,986
493781,1153,977
493782,1187,975
493783,1227,980
493784,1262,986
493785,1287,1004
493786,1289,1020
493787,1265,1028
493788,1225,1038
493789,1173,1047
493790,1118,1062
493791,1058,1069
493792,1008,1073
493793,974,1074
493794,965,1075
493795,974,1071
493796,986,1058
493797,992,1045
493798,990,1038
493799,985,1037
493800,982,1036
493801,982,1036
493802,977,1037
493803,973,1037
493804,968,1035
493805,965,1036
493806,963,1038
493807,964,1041
493808,966,1043
493809,963,1039
493810,958,1040
493811,955,1040
493812,956,1043
493813,959,1045
493814,960,1045
493815,959,1040
493816,958,1037
493817,956,1037
493818,957,1038
493819,958,1039
493820,962,1036
493821,961,1037
493822,956,1036
493823,951,1033
493824,951,1039
493825,956,1040
493826,961,1036
493827,963,1035
493828,959,1029
493829,957,1030
493830,957,1036
493831,959,1038
493832,958,1037
493833,958,1035
493834,953,1032
493835,954,1031
493836,957,1033
493837,961,1035
493838,961,1037
493839,962,1034
493840,958,1031
493841,956,1031
493842,955,1033
493843,960,1034
493844,962,1034
493845,959,1030
493846,956,1026
493847,952,1027
493848,956,1030
493849,961,1029
493850,966,1027
493851,964,1023
493852,962,1020
493853,960,1021
493854,962,1021
493855,967,1021
493856,967,1019
493857,966,1019
493858,964,1015
493859,965,1017
493860,970,1015
493861,976,1018
493862,978,1015
493863,975,1011
493864,972,1007
493865,973,1006
493866,977,1006
493867,977,1008
493868,980,1006
493869,980,1003
493870,979,996
493871,978,997
493872,980,997
493873,979,998
493874,986,997
493875,987,992
493876,985,989
493877,984,992
493878,986,993
493879,989,994
493880,993,993
493881,992,990
493882,989,987
493883,988,991
493884,990,991
493885,992,995
493886,998,996
493887,1001,995
493888,998,995
493889,997,994
493890,1000,995
493891,1001,998
493892,1004,1001
493893,999,1001
493894,997,1001
493895,995,1002
493896,997,1008
493897,998,1012
493898,997,1016
493899,999,1016
493900,995,1015
493901,992,1016
493902,993,1023
493903,991,1027
493904,992,1029
493905,992,1032
493906,985,1028
493907,982,1034
493908,981,1038
493909,982,1039
493910,982,1041
493911,980,1044
493912,977,1039
493913,970,1040
493914,973,1044
493915,974,1046
493916,975,1045
493917,971,1042
493918,968,1039
493919,970,1041
493920,968,1043
493921,972,1046
493922,972,1044
493923,972,1040
493924,971,1037
493925,967,1034
493926,970,1039
493927,973,1040
493928,972,1040
493929,970,1035
493930,970,1032
493931,967,1031
493932,968,1033
493933,970,1034
493934,974,1034
493935,972,1031
493936,969,1030
493937,966,1031
493938,971,1032
493939,973,1036
493940,977,1034
493941,976,1034
493942,973,1031
493943,972,1031
493944,971,1031
493945,972,1032
493946,973,1030
493947,975,1029
493948,972,1029
493949,971,1029
493950,973,1032
493951,977,1035
493952,978,1032
493953,977,1032
493954,975,1028
493955,972,1027
493956,972,1030
493957,976,1035
493958,975,1032
493959,977,1032
493960,974,1031
493961,971,1037
493962,973,1038
493963,975,1038
493964,977,1036
493965,978,1034
493966,977,1030
493967,970,1030
493968,971,1033
493969,976,1037
493970,979,1036
493971,975,1033
493972,971,1031
493973,967,1031
493974,970,1033
493975,969,1036
493976,971,1035
493977,970,1033
493978,968,1033
493979,969,1032
493980,971,1036
493981,972,1035
493982,974,1036
493983,973,1033
493984,970,1032
493985,967,1032
493986,967,1037
493987,971,1040
493988,974,1040
493989,975,1035
493990,971,1030
493991,971,1031
493992,971,1033
493993,973,1035
493994,973,1034
493995,973,1035
493996,969,1032
493997,967,1035
493998,967,1038
493999,972,1036
494000,971,1039
494001,970,1036
494002,970,1035
494003,966,1034
494004,966,1037
494005,968,1040
494006,972,1043
494007,969,1040
494008,967,1038
494009,963,1039
494010,968,1041
494011,971,1043
494012,973,1040
494013,975,1039
494014,971,1033
494015,966,1035
494016,971,1038
494017,975,1040
494018,977,1040
494019,976,1034
494020,974,1031
494021,972,1030
494022,975,1031
494023,976,1032
494024,976,1029
494025,975,1030
494026,974,1027
494027,973,1028
494028,975,1032
494029,979,1032
494030,981,1032
494031,976,1030
494032,976,1027
494033,973,1027
494034,975,1030
494035,978,1032
494036,980,1028
494037,980,1024
494038,981,1019
494039,982,1017
494040,989,1017
494041,1003,1019
494042,1014,1014
494043,1024,1009
494044,1040,1004
494045,1060,998
494046,1089,990
494047,1122,983
494048,1154,973
494049,1184,972
494050,1221,975
494051,1248,991
494052,1266,1014
494053,1264,1031
494054,1241,1033
494055,1198,1035
494056,1144,1040
494057,1090,1056
494058,1037,1074
494059,993,1088
494060,968,1091
494061,959,1084
494062,959,1076
494063,965,1064
494064,975,1057
494065,982,1054
494066,984,1048
494067,980,1040
494068,973,1035
494069,970,1035
494070,968,1036
494071,964,1038
494072,966,1038
494073,964,1035
494074,961,1032
494075,958,1034
494076,961,1036
494077,963,1039
494078,962,1038
494079,961,1034
494080,958,1034
494081,954,1037
494082,952,1038
494083,954,1039
494084,958,1035
494085,955,1031
494086,955,1028
494087,951,1027
494088,949,1029
494089,952,1034
494090,956,1031
494091,952,1028
494092,952,1025
494093,945,1028
494094,948,1032
494095,950,1035
494096,953,1035
494097,953,1030
494098,952,1028
494099,949,1030
494100,950,1035
494101,954,1038
494102,954,1035
494103,954,1030
494104,950,1024
494105,950,1023
494106,951,1026
494107,950,1027
494108,951,1026
494109,950,1026
494110,950,1022
494111,951,1024
494112,950,1026
494113,954,1026
494114,955,1023
494115,955,1022
494116,951,1019
494117,952,1019
494118,954,1022
494119,959,1025
494120,962,1021
494121,962,1019
494122,960,1016
494123,957,1018
494124,961,1020
494125,961,1023
494126,964,1021
494127,968,1018
494128,969,1015
494129,969,1009
494130,970,1008
494131,974,1008
494132,976,1003
494133,974,999
494134,973,994
494135,975,993
494136,981,994
494137,983,994
494138,985,992
494139,984,987
494140,982,984
494141,977,983
494142,979,986
494143,983,987
494144,981,986
494145,981,984
494146,981,982
494147,982,982
494148,983,985
494149,986,988
494150,987,986
494151,988,984
494152,987,981
494153,984,983
494154,986,984
494155,990,989
494156,993,989
494157,990,989
494158,989,987
494159,990,993
494160,989,996
494161,993,998
494162,994,1001
494163,995,999
494164,992,1000
494165,991,1004
494166,991,1010
494167,995,1013
494168,997,1014
494169,996,1014
494170,994,1011
494171,990,1013
494172,992,1015
494173,993,1022
494174,993,1023
494175,987,1023
494176,985,1025
494177,982,1024
494178,985,1028
494179,984,1032
494180,983,1031
494181,980,1031
494182,978,1028
494183,973,1030
494184,974,1033
494185,975,1037
494186,978,1035
494187,976,1034
494188,971,1031
494189,973,1030
494190,974,1034
494191,976,1038
494192,979,1036
494193,974,1033
494194,968,1031
494195,970,1031
494196,971,1037
494197,973,1037
494198,975,1039
494199,974,1035
494200,972,1032
494201,971,1034
494202,972,1033
494203,974,1033
494204,974,1030
494205,975,1028
494206,971,1028
494207,969,1029
494208,969,1030
494209,974,1033
494210,976,1032
494211,978,1031
494212,976,1029
494213,974,1028
494214,973,1033
494215,973,1033
494216,978,1034
494217,976,1031
494218,976,1029
494219,974,1035
494220,974,1035
494221,976,1036
494222,978,1035
494223,976,1030
494224,973,1028
494225,972,1031
494226,971,1032
494227,977,1035
494228,979,1034
494229,977,1029
494230,977,1029
494231,976,1028
494232,975,1032
494233,976,1037
494234,974,1034
494235,979,1031
494236,971,1029
494237,975,1031
494238,974,1034
494239,978,1039
494240,975,1039
494241,978,1038
494242,973,1033
494243,970,1031
494244,973,1034
494245,973,1035
494246,976,1031
494247,972,1029
494248,970,1026
494249,966,1025
494250,968,1031
494251,972,1035
494252,974,1035
494253,971,1034
494254,967,1031
494255,968,1031
494256,965,1034
494257,972,1035
494258,971,1034
494259,974,1035
494260,968,1033
494261,966,1034
494262,962,1039
494263,964,1043
494264,966,1041
494265,966,1036
494266,962,1036
494267,962,1038
494268,963,1038
494269,966,1040
494270,967,1042
494271,967,1039
494272,965,1035
494273,961,1035
494274,960,1035
494275,965,1036
494276,967,1036
494277,962,1036
494278,962,1035
494279,963,1037
494280,966,1037
494281,971,1037
494282,973,1036
494283,970,1032
494284,968,1030
494285,965,1030
494286,966,1034
494287,968,1036
494288,970,1036
494289,970,1035
494290,969,1031
494291,967,1033
494292,963,1036
494293,969,1037
494294,968,1037
494295,966,1033
494296,965,1032
494297,965,1035
494298,968,1037
494299,972,1040
494300,971,1039
494301,969,1033
494302,967,1034
494303,965,1034
494304,969,1036
494305,973,1039
494306,975,1040
494307,974,1037
494308,972,1035
494309,971,1036
494310,973,1034
494311,973,1037
494312,977,1039
494313,978,1038
494314,974,1036
494315,974,1034
494316,976,1034
494317,978,1033
494318,987,1025
494319,989,1021
494320,993,1018
494321,1000,1015
494322,1010,1016
494323,1027,1017
494324,1052,1011
494325,1077,1003
494326,1106,989
494327,1139,976
494328,1177,976
494329,1211,985
494330,1250,999
494331,1271,1016
494332,1277,1035
494333,1263,1043
494334,1229,1049
494335,1185,1056
494336,1134,1067
494337,1074,1077
494338,1019,1086
494339,975,1091
494340,954,1091
494341,951,1083
494342,964,1067
494343,971,1054
494344,974,1043
494345,972,1039
494346,971,1042
494347,968,1046
494348,966,1048
494349,963,1041
494350,958,1035
494351,950,1032
494352,956,1035
494353,956,1037
494354,954,1036
494355,952,1036
494356,948,1037
494357,944,1039
494358,949,1039
494359,952,1038
494360,950,1038
494361,949,1031
494362,947,1025
494363,942,1025
494364,947,1030
494365,951,1032
494366,953,1032
494367,952,1033
494368,950,1029
494369,948,1029
494370,947,1031
494371,949,1037
494372,951,1036
494373,950,1034
494374,950,1031
494375,949,1033
494376,950,1037
494377,955,1040
494378,956,1037
494379,951,1033
494380,948,1031
494381,945,1031
494382,948,1036
494383,952,1039
494384,951,1037
494385,949,1034
494386,946,1031
494387,946,1033
494388,947,1032
494389,950,1036
494390,954,1034
494391,950,1032
494392,948,1028
494393,947,1030
494394,947,1036
494395,953,1037
494396,957,1034
494397,957,1030
494398,955,1026
494399,953,1022
494400,955,1022
494401,956,1023
494402,962,1019
494403,961,1014
494404,961,1012
494405,961,1012
494406,963,1012
494407,968,1014
494408,974,1011
494409,973,1006
494410,969,1002
494411,970,1001
494412,973,1000
494413,975,1003
494414,979,1003
494415,978,998
494416,978,996
494417,976,995
494418,981,995
494419,984,995
494420,986,994
494421,984,989
494422,979,990
494423,978,989
494424,979,992
494425,984,995
494426,990,994
494427,990,991
494428,985,989
494429,981,992
494430,985,996
494431,990,997
494432,994,997
494433,993,997
494434,993,1000
494435,991,1000
494436,989,1004
494437,996,1005
494438,997,1005
494439,994,1007
494440,988,1009
494441,986,1010
494442,986,1015
494443,989,1020
494444,986,1018
494445,984,1019
494446,981,1021
494447,978,1025
494448,979,1031
494449,979,1034
494450,977,1036
494451,976,1035
494452,975,1035
494453,970,1036
494454,971,1042
494455,969,1046
494456,970,1046
494457,970,1049
494458,964,1046
494459,964,1046
494460,966,1048
494461,969,1046
494462,971,1045
494463,971,1040
494464,967,1039
494465,964,1039
494466,966,1044
494467,967,1047
494468,972,1044
494469,970,1042
494470,966,1039
494471,962,1039
494472,965,1041
494473,967,1039
494474,971,1038
494475,967,1038
494476,967,1033
494477,968,1036
494478,970,1038
494479,970,1041
494480,972,1038
494481,972,1034
494482,966,1032
494483,969,1031
494484,968,1033
494485,973,1034
494486,973,1033
494487,970,1029
494488,967,1030
494489,964,1031
494490,968,1037
494491,973,1042
494492,972,1037
494493,975,1036
494494,973,1035
494495,970,1031
494496,975,1035
494497,974,1037
494498,975,1037
494499,972,1036
494500,968,1030
494501,967,1032
494502,972,1032
494503,976,1039
494504,980,1039
494505,971,1038
494506,969,1033
494507,966,1033
494508,970,1037
494509,973,1042
494510,975,1038
494511,976,1037
494512,974,1033
494513,973,1035
494514,975,1039
494515,975,1040
494516,977,1041
494517,976,1038
494518,973,1034
494519,970,1033
494520,970,1035
494521,975,1040
494522,977,1037
494523,971,1037
494524,972,1033
494525,968,1036
494526,970,1037
494527,971,1040
494528,972,1041
494529,969,1039
494530,970,1039
494531,970,1038
494532,967,1038
494533,971,1039
494534,975,1040
494535,971,1034
494536,972,1031
494537,969,1033
494538,968,1036
494539,972,1039
494540,969,1039
494541,967,1039
494542,965,1039
494543,968,1042
494544,971,1044
494545,972,1046
494546,974,1043
494547,971,1040
494548,969,1035
494549,969,1037
494550,970,1038
494551,975,1040
494552,978,1041
494553,978,1038
494554,976,1034
494555,977,1034
494556,975,1036
494557,974,1037
494558,979,1035
494559,982,1029
494560,985,1025
494561,991,1023
494562,1000,1019
494563,1018,1019
494564,1035,1017
494565,1058,1013
494566,1086,999
494567,1122,990
494568,1161,983
494569,1205,986
494570,1244,989
494571,1279,1003
494572,1301,1021
494573,1294,1039
494574,1267,1048
494575,1223,1050
494576,1161,1059
494577,1098,1071
494578,1038,1076
494579,988,1082
494580,960,1087
494581,953,1085
494582,961,1074
494583,971,1065
494584,975,1051
494585,978,1045
494586,977,1042
494587,973,1040
494588,972,1041
494589,967,1040
494590,961,1036
494591,955,1036
494592,955,1038
494593,961,1043
494594,959,1042
494595,958,1039
494596,956,1033
494597,954,1034
494598,952,1037
494599,954,1040
494600,957,1040
494601,956,1038
494602,954,1038
494603,953,1039
494604,951,1040
494605,957,1040
494606,958,1039
494607,956,1036
494608,956,1032
494609,954,1031
494610,955,1037
494611,958,1038
494612,959,1037
494613,958,1033
494614,953,1031
494615,948,1032
494616,950,1034
494617,952,1035
494618,954,1033
494619,954,1033
494620,954,1032
494621,951,1034
494622,954,1038
494623,955,1038
494624,956,1040
494625,954,1037
494626,954,1036
494627,950,1035
494628,952,1041
494629,956,1042
494630,961,1038
494631,961,1034
494632,959,1030
494633,959,1029
494634,960,1034
494635,963,1034
494636,966,1028
494637,961,1026
494638,963,1024
494639,965,1023
494640,967,1024
494641,969,1026
494642,973,1022
494643,972,1018
494644,971,1013
494645,971,1012
494646,974,1010
494647,978,1010
494648,983,1004
494649,981,1001
494650,979,1000
494651,980,998
494652,979,1001
494653,980,1002
494654,980,998
494655,981,994
494656,977,989
494657,979,984
494658,984,984
494659,986,990
494660,991,988
494661,990,988
494662,989,982
494663,986,984
494664,990,987
494665,994,989
494666,995,991
494667,993,987
494668,992,993
494669,994,998
494670,996,1001
494671,996,1007
494672,999,1006
494673,997,1007
494674,993,1006
494675,992,1011
494676,994,1015
494677,995,1019
494678,995,1023
494679,990,1023
494680,983,1023
494681,978,1027
494682,976,1030
494683,980,1034
494684,980,1033
494685,974,1033
494686,971,1030
494687,968,1036
494688,968,1041
494689,969,1045
494690,974,1042
494691,971,1035
494692,968,1031
494693,970,1032
494694,974,1037
494695,977,1043
494696,977,1044
494697,974,1040
494698,969,1039
494699,967,1044
494700,970,1046
494701,973,1050
494702,976,1046
494703,975,1042
494704,972,1041
494705,971,1042
494706,971,1045
494707,972,1046
494708,974,1045
494709,972,1044
494710,970,1040
494711,970,1042
494712,972,1043
494713,975,1043
494714,976,1040
494715,975,1040
494716,973,1039
494717,970,1040
494718,970,1041
494719,972,1044
494720,973,1046
494721,972,1041
494722,971,1040
494723,969,1042
494724,975,1041
494725,975,1040
494726,974,1036
494727,971,1033
494728,970,1031
494729,967,1031
494730,971,1030
494731,974,1033
494732,975,1030
494733,974,1025
494734,971,1025
494735,970,1026
494736,970,1033
494737,970,1034
494738,975,1033
494739,973,1030
494740,970,1030
494741,970,1034
494742,974,1037
494743,976,1040
494744,976,1040
494745,973,1039
494746,971,1036
494747,970,1036
494748,970,1039
494749,972,1043
494750,973,1041
494751,972,1039
494752,968,1038
494753,967,1038
494754,970,1041
494755,973,1044
494756,972,1044
494757,974,1039
494758,974,1038
494759,970,1041
494760,970,1046
494761,972,1047
494762,974,1045
494763,970,1041
494764,966,1034
494765,966,1034
494766,964,1039
494767,967,1042
494768,967,1043
494769,969,1039
494770,968,1037
494771,966,1036
494772,965,1038
494773,966,1041
494774,966,1042
494775,964,1040
494776,966,1037
494777,965,1039
494778,965,1040
494779,969,1046
494780,971,1045
494781,969,1042
494782,964,1038
494783,964,1039
494784,968,1041
494785,971,1039
494786,976,1039
494787,975,1037
494788,971,1034
494789,970,1035
494790,972,1037
494791,974,1040
494792,975,1038
494793,972,1036
494794,972,1036
494795,973,1035
494796,975,1041
494797,976,1043
494798,978,1038
494799,976,1034
494800,972,1032
494801,968,1033
494802,971,1036
494803,973,1038
494804,973,1036
494805,971,1033
494806,972,1029
494807,971,1031
494808,972,1034
494809,973,1037
494810,973,1039
494811,972,1037
494812,970,1039
494813,969,1041
494814,970,1042
494815,975,1041
494816,973,1038
494817,972,1034
494818,967,1035
494819,967,1035
494820,970,1037
494821,973,1041
494822,976,1041
494823,970,1038
494824,969,1039
494825,971,1042
494826,970,1043
494827,974,1045
494828,975,1042
494829,974,1035
494830,973,1030
494831,972,1032
494832,974,1033
494833,977,1037
494834,978,1036
494835,974,1035
494836,972,1032
494837,969,1035
494838,972,1036
494839,973,1039
494840,976,1038
494841,974,1037
494842,972,1037
494843,971,1038
494844,971,1039
494845,973,1043
494846,972,1041
494847,969,1038
494848,965,1034
494849,964,1037
494850,969,1040
494851,969,1040
494852,968,1039
494853,968,1036
494854,969,1034
494855,970,1035
494856,974,1038
494857,978,1040
494858,978,1039
494859,977,1038
494860,973,1038
494861,972,1038
494862,973,1038
494863,976,1040
494864,978,1039
494865,976,1040
494866,976,1035
494867,976,1035
494868,976,1037
494869,979,1043
494870,980,1040
494871,979,1036
494872,972,1028
494873,976,1026
494874,975,1027
494875,977,1030
494876,980,1032
494877,979,1029
494878,974,1028
494879,972,1029
494880,979,1031
494881,982,1031
494882,982,1028
494883,979,1024
494884,975,1026
494885,973,1028
494886,977,1033
494887,979,1036
494888,981,1034
494889,979,1031
494890,974,1028
494891,972,1027
494892,970,1031
494893,976,1033
494894,978,1033
494895,982,1033
494896,977,1032
494897,976,1033
494898,977,1036
494899,979,1039
494900,984,1035
494901,983,1031
494902,981,1025
494903,985,1025
494904,994,1023
494905,1008,1021
494906,1024,1021
494907,1043,1014
494908,1062,1006
494909,1090,998
494910,1126,985
494911,1163,978
494912,1203,974
494913,1241,978
494914,1275,990
494915,1295,1016
494916,1285,1033
494917,1254,1044
494918,1200,1045
494919,1137,1044
494920,1080,1050
494921,1030,1056
494922,991,1058
494923,975,1059
494924,983,1049
494925,995,1036
494926,995,1026
494927,988,1028
494928,981,1028
494929,981,1029
494930,981,1032
494931,982,1030
494932,979,1030
494933,974,1033
494934,971,1030
494935,971,1033
494936,971,1031
494937,969,1032
494938,968,1029
494939,963,1031
494940,961,1032
494941,963,1038
494942,966,1038
494943,963,1036
494944,954,1031
494945,955,1029
494946,956,1031
494947,960,1037
494948,962,1036
494949,960,1035
494950,956,1030
494951,955,1030
494952,954,1034
494953,958,1035
494954,961,1033
494955,958,1033
494956,957,1035
494957,955,1037
494958,956,1039
494959,960,1038
494960,959,1035
494961,960,1028
494962,960,1026
494963,957,1023
494964,961,1027
494965,962,1028
494966,964,1028
494967,966,1025
494968,961,1022
494969,964,1023
494970,966,1025
494971,970,1028
494972,971,1028
494973,968,1025
494974,967,1024
494975,971,1027
494976,971,1030
494977,975,1030
494978,975,1024
494979,976,1020
494980,975,1018
494981,974,1020
494982,977,1019
494983,982,1022
494984,981,1020
494985,979,1018
494986,977,1017
494987,973,1018
494988,973,1017
494989,980,1012
494990,984,1007
494991,981,1000
494992,981,994
494993,979,995
494994,980,1000
494995,987,1001
494996,985,1002
494997,983,1002
494998,986,995
494999,984,993
495000,986,992
495001,988,992
495002,993,989
495003,994,988
495004,994,986
495005,994,987
495006,998,988
495007,1000,991
495008,1002,992
495009,1001,989
495010,998,984
495011,1001,985
495012,1008,985
495013,1015,985
495014,1014,986
495015,1016,985
495016,1010,987
495017,1011,994
495018,1013,998
495019,1017,1001
495020,1018,1007
495021,1016,1006
495022,1014,1005
495023,1014,1006
495024,1013,1013
495025,1016,1014
495026,1013,1021
495027,1010,1020
495028,1004,1019
495029,1001,1021
495030,1002,1025
495031,1002,1029
495032,999,1027
495033,992,1025
495034,985,1021
495035,980,1022
495036,978,1026
495037,981,1027
495038,980,1024
495039,978,1023
495040,974,1025
495041,972,1027
495042,978,1029
495043,979,1035
495044,979,1036
495045,975,1032
495046,972,1031
495047,975,1029
495048,979,1030
495049,982,1032
495050,982,1031
495051,981,1028
495052,978,1026
495053,976,1026
495054,978,1025
495055,980,1026
495056,983,1024
495057,981,1022
495058,979,1022
495059,980,1024
495060,982,1027
495061,987,1030
495062,987,1029
495063,984,1026
495064,983,1026
495065,981,1025
495066,981,1029
495067,986,1033
495068,991,1031
495069,991,1028
495070,990,1025
495071,989,1027
495072,990,1025
495073,990,1028
495074,991,1030
495075,986,1029
495076,985,1029
495077,986,1024
495078,987,1025
495079,988,1028
495080,985,1024
495081,984,1021
495082,982,1020
495083,982,1022
495084,983,1026
495085,985,1025
495086,986,1024
495087,981,1019
495088,979,1017
495089,978,1018
495090,978,1025
495091,978,1026
495092,982,1026
495093,986,1020
495094,984,1018
495095,979,1018
495096,979,1023
495097,982,1023
495098,982,1025
495099,981,1023
495100,979,1022
495101,977,1024
495102,980,1028
495103,980,1033
495104,978,1033
495105,978,1030
495106,971,1030
495107,971,1033
495108,978,1038
495109,983,1039
495110,984,1036
495111,983,1030
495112,977,1029
495113,980,1028
495114,983,1027
495115,987,1031
495116,986,1028
495117,981,1026
495118,979,1025
495119,979,1026
495120,981,1027
495121,981,1027
495122,983,1027
495123,978,1026
495124,979,1027
495125,977,1029
495126,979,1029
495127,981,1030
495128,985,1026
495129,982,1023
495130,981,1021
495131,978,1024
495132,974,1025
495133,975,1024
495134,975,1023
495135,977,1018
495136,971,1016
495137,969,1020
495138,976,1023
495139,979,1026
495140,980,1024
495141,974,1023
495142,973,1021
495143,974,1024
495144,976,1027
495145,976,1028
495146,977,1027
495147,974,1028
495148,974,1030
495149,973,1037
495150,977,1041
495151,982,1041
495152,981,1037
495153,979,1035
495154,976,1033
495155,975,1033
495156,978,1036
495157,981,1040
495158,982,1038
495159,981,1035
495160,977,1033
495161,978,1031
495162,978,1033
495163,980,1034
495164,980,1033
495165,983,1032
495166,982,1028
495167,980,1033
495168,981,1037
495169,983,1040
495170,983,1043
495171,981,1037
495172,979,1034
495173,977,1034
495174,978,1035
495175,982,1039
495176,983,1037
495177,983,1034
495178,977,1030
495179,979,1035
495180,979,1035
495181,981,1035
495182,981,1026
495183,978,1020
495184,974,1020
495185,974,1023
495186,974,1026
495187,978,1026
495188,979,1023
495189,977,1022
495190,972,1021
495191,971,1023
495192,971,1027
495193,976,1033
495194,979,1032
495195,980,1029
495196,978,1025
495197,977,1027
495198,978,1028
495199,981,1034
495200,982,1031
495201,983,1029
495202,978,1026
495203,979,1030
495204,980,1033
495205,983,1035
495206,981,1034
495207,981,1032
495208,978,1029
495209,980,1030
495210,983,1032
495211,988,1035
495212,986,1031
495213,984,1030
495214,984,1030
495215,983,1031
495216,984,1033
495217,985,1033
495218,986,1029
495219,988,1030
495220,982,1027
495221,982,1030
495222,986,1031
495223,990,1033
495224,994,1027
495225,995,1017
495226,995,1010
495227,1003,1012
495228,1017,1012
495229,1028,1011
495230,1043,1006
495231,1062,998
495232,1088,989
495233,1125,977
495234,1166,973
495235,1208,975
495236,1244,984
495237,1278,1000
495238,1294,1018
495239,1291,1031
495240,1264,1038
495241,1218,1044
495242,1166,1052
495243,1108,1065
495244,1049,1076
495245,997,1090
495246,965,1097
495247,959,1097
495248,969,1085
495249,979,1070
495250,981,1055
495251,985,1045
495252,986,1043
495253,987,1045
495254,985,1040
495255,977,1035
495256,974,1031
495257,971,1034
495258,971,1039
495259,969,1042
495260,969,1040
495261,969,1037
495262,966,1031
495263,966,1029
495264,965,1029
495265,964,1030
495266,966,1032
495267,964,1030
495268,961,1030
495269,960,1030
495270,958,1033
495271,962,1036
495272,962,1034
495273,963,1030
495274,963,1027
495275,963,1031
495276,963,1036
495277,963,1036
495278,964,1036
495279,964,1033
495280,962,1031
495281,960,1032
495282,963,1037
495283,968,1041
495284,967,1043
495285,967,1041
495286,963,1036
495287,962,1037
495288,966,1036
495289,967,1037
495290,967,1032
495291,965,1031
495292,962,1029
495293,962,1033
495294,962,1034
495295,970,1039
495296,969,1038
495297,966,1033
495298,964,1028
495299,964,1028
495300,962,1029
495301,968,1030
495302,969,1029
495303,969,1023
495304,969,1019
495305,968,1019
495306,972,1016
495307,975,1015
495308,979,1012
495309,977,1010
495310,975,1007
495311,975,1008
495312,981,1009
495313,983,1015
495314,985,1011
495315,981,1008
495316,983,1005
495317,983,1001
495318,985,1002
495319,988,1001
495320,990,999
495321,991,997
495322,985,993
495323,988,995
495324,994,999
495325,997,1000
495326,997,1000
495327,997,994
495328,995,994
495329,996,993
495330,997,1002
495331,1002,1003
495332,1005,1003
495333,1003,1001
495334,1000,999
495335,998,1004
495336,1000,1006
495337,1004,1009
495338,1005,1004
495339,1002,996
495340,1002,993
495341,1001,995
495342,1005,998
495343,1008,1000
495344,1010,998
495345,1006,996
495346,1002,996
495347,1002,999
495348,1003,1004
495349,1005,1006
495350,1004,1007
495351,1000,1007
495352,995,1008
495353,994,1012
495354,998,1017
495355,998,1023
495356,997,1026
495357,993,1029
495358,989,1024
495359,986,1025
495360,988,1027
495361,988,1034
495362,984,1034
495363,985,1035
495364,978,1034
495365,980,1036
495366,982,1040
495367,982,1041
495368,983,1043
495369,981,1039
495370,980,1037
495371,976,1042
495372,980,1048
495373,983,1053
495374,985,1052
495375,984,1050
495376,983,1045
495377,983,1046
495378,982,1047
495379,982,1048
495380,984,1051
495381,984,1049
495382,984,1047
495383,981,1046
495384,981,1048
495385,985,1049
495386,986,1046
495387,986,1044
495388,981,1041
495389,982,1041
495390,984,1048
495391,986,1046
495392,987,1047
495393,985,1041
495394,982,1039
495395,983,1040
495396,981,1042
495397,986,1042
495398,984,1041
495399,982,1034
495400,979,1031
495401,978,1034
495402,981,1037
495403,984,1041
495404,983,1038
495405,982,1037
495406,979,1036
495407,977,1039
495408,980,1040
495409,983,1042
495410,982,1039
495411,981,1038
495412,979,1035
495413,977,1038
495414,979,1039
495415,987,1042
495416,985,1041
495417,983,1038
495418,978,1038
495419,980,1040
495420,978,1042
495421,982,1045
495422,986,1043
495423,984,1040
495424,981,1038
495425,980,1041
495426,982,1046
495427,990,1050
495428,987,1048
495429,986,1040
495430,983,1036
495431,986,1037
495432,986,1039
495433,987,1044
495434,987,1044
495435,986,1041
495436,979,1042
495437,980,1042
495438,981,1047
495439,986,1049
495440,985,1047
495441,983,1043
495442,981,1042
495443,978,1042
495444,982,1043
495445,982,1040
495446,979,1037
495447,978,1035
495448,975,1037
495449,975,1039
495450,976,1045
495451,978,1047
495452,979,1047
495453,978,1046
495454,976,1045
495455,976,1049
495456,976,1053
495457,977,1051
495458,976,1051
495459,974,1049
495460,972,1045
495461,975,1044
495462,976,1045
495463,982,1042
495464,986,1038
495465,982,1039
495466,978,1040
495467,976,1042
495468,977,1046
495469,982,1047
495470,984,1050
495471,984,1046
495472,983,1043
495473,984,1041
495474,986,1040
495475,985,1042
495476,989,1043
495477,988,1042
495478,987,1037
495479,987,1038
495480,991,1037
495481,998,1038
495482,1008,1034
495483,1017,1027
495484,1027,1024
495485,1043,1024
495486,1066,1023
495487,1095,1014
495488,1130,999
495489,1166,984
495490,1202,980
495491,1239,986
495492,1276,1000
495493,1297,1026
495494,1298,1042
495495,1266,1046
495496,1214,1047
495497,1152,1061
495498,1091,1078
495499,1031,1092
495500,982,1096
495501,956,1095
495502,955,1086
495503,964,1076
495504,974,1069
495505,984,1062
495506,985,1058
495507,982,1050
495508,977,1046
495509,973,1044
495510,972,1045
495511,973,1050
495512,971,1049
495513,966,1047
495514,961,1044
495515,961,1045
495516,959,1046
495517,962,1047
495518,963,1045
495519,961,1044
495520,962,1040
495521,961,1041
495522,966,1045
495523,968,1049
495524,968,1047
495525,964,1047
495526,963,1046
495527,963,1048
495528,965,1052
495529,967,1058
495530,965,1055
495531,964,1047
495532,961,1042
495533,962,1043
495534,963,1046
495535,962,1052
495536,962,1053
495537,959,1053
495538,957,1048
495539,959,1047
495540,961,1048
495541,963,1046
495542,962,1045
495543,961,1041
495544,961,1039
495545,958,1042
495546,962,1042
495547,964,1045
495548,965,1043
495549,964,1042
495550,962,1039
495551,961,1041
495552,964,1043
495553,968,1045
495554,969,1040
495555,972,1037
495556,968,1033
495557,971,1034
495558,973,1038
495559,977,1040
495560,978,1036
495561,973,1029
495562,975,1025
495563,975,1022
495564,980,1022
495565,983,1022
495566,983,1016
495567,983,1010
495568,985,1008
495569,986,1006
495570,989,1007
495571,989,1008
495572,990,1005
495573,991,999
495574,987,997
495575,992,998
495576,995,997
495577,996,997
495578,997,993
495579,999,993
495580,998,993
495581,997,994
495582,999,997
495583,999,1002
495584,998,999
495585,997,997
495586,999,994
495587,998,997
495588,1002,998
495589,1006,1003
495590,1008,1001
495591,1005,1001
495592,999,1001
495593,1000,1006
495594,1001,1010
495595,1006,1013
495596,1009,1015
495597,1005,1014
495598,1002,1019
495599,1002,1022
495600,1004,1025
495601,1005,1025
495602,1006,1023
495603,1000,1022
495604,995,1021
495605,991,1024
495606,991,1031
495607,991,1035
495608,990,1039
495609,988,1042
495610,983,1042
495611,981,1041
495612,987,1045
495613,985,1049
495614,981,1049
495615,980,1046
495616,979,1044
495617,978,1045
495618,977,1053
495619,982,1056
495620,979,1055
495621,978,1055
495622,974,1053
495623,972,1057
495624,975,1059
495625,978,1059
495626,977,1057
495627,977,1056
495628,974,1055
495629,973,1057
495630,975,1060
495631,976,1062
495632,975,1057
495633,972,1054
495634,971,1046
495635,972,1048
495636,972,1050
495637,975,1054
495638,976,1051
495639,973,1050
495640,973,1046
495641,973,1048
495642,973,1049
495643,979,1053
495644,980,1050
495645,978,1048
495646,975,1044
495647,978,1046
495648,979,1050
495649,982,1051
495650,984,1050
495651,981,1047
495652,975,1047
495653,974,1049
495654,976,1052
495655,978,1051
495656,980,1046
495657,977,1043
495658,975,1041
495659,976,1044
495660,979,1046
495661,978,1051
495662,977,1048
495663,975,1047
495664,971,1042
495665,969,1045
495666,975,1044
495667,975,1049
495668,974,1046
495669,974,1046
495670,970,1048
495671,969,1049
495672,973,1051
495673,978,1054
495674,973,1052
495675,971,1049
495676,969,1048
495677,971,1047
495678,975,1050
495679,977,1054
495680,978,1052
495681,973,1052
495682,969,1048
495683,967,1048
495684,971,1050
495685,973,1051
495686,972,1050
495687,970,1051
495688,968,1051
495689,966,1053
495690,971,1053
495691,972,1051
495692,977,1047
495693,974,1046
495694,974,1045
495695,972,1049
495696,975,1047
495697,979,1049
495698,981,1048
495699,978,1046
495700,975,1043
495701,974,1043
495702,976,1046
495703,979,1049
495704,981,1049
495705,978,1046
495706,976,1043
495707,975,1044
495708,978,1047
495709,982,1049
495710,979,1045
495711,978,1046
495712,975,1046
495713,971,1049
495714,975,1052
495715,974,1054
495716,975,1052
495717,969,1049
495718,969,1049
495719,968,1054
495720,972,1053
495721,974,1055
495722,976,1053
495723,974,1048
495724,970,1048
495725,971,1051
495726,972,1052
495727,973,1053
495728,974,1053
495729,970,1052
495730,971,1047
495731,973,1047
495732,972,1049
495733,973,1052
495734,974,1052
495735,972,1049
495736,967,1046
495737,968,1046
495738,969,1047
495739,972,1047
495740,975,1043
495741,974,1039
495742,970,1037
495743,967,1041
495744,973,1044
495745,976,1045
495746,977,1043
495747,977,1043
495748,974,1044
495749,972,1044
495750,974,1044
495751,976,1047
495752,977,1048
495753,974,1045
495754,973,1046
495755,972,1049
495756,973,1053
495757,978,1054
495758,977,1049
495759,975,1044
495760,978,1038
495761,981,1035
495762,987,1036
495763,1002,1035
495764,1013,1032
495765,1027,1030
495766,1044,1024
495767,1070,1020
495768,1104,1012
495769,1136,1000
495770,1175,992
495771,1208,987
495772,1237,993
495773,1269,1010
495774,1286,1033
495775,1287,1049
495776,1262,1055
495777,1214,1058
495778,1159,1064
495779,1104,1076
495780,1059,1088
495781,1016,1092
495782,984,1092
495783,965,1083
495784,961,1075
495785,971,1066
495786,979,1061
495787,987,1056
495788,985,1049
495789,981,1046
495790,977,1044
495791,974,1045
495792,972,1044
495793,972,1044
495794,973,1045
495795,968,1043
495796,963,1042
495797,959,1045
495798,959,1048
495799,961,1049
495800,961,1049
495801,957,1048
495802,956,1047
495803,956,1047
495804,957,1049
495805,959,1049
495806,961,1047
495807,957,1044
495808,954,1042
495809,953,1046
495810,954,1046
495811,955,1051
495812,956,1048
495813,955,1047
495814,953,1046
495815,953,1045
495816,952,1050
495817,952,1048
495818,955,1044
495819,953,1042
495820,953,1043
495821,951,1046
495822,955,1046
495823,960,1049
495824,963,1048
495825,961,1046
495826,957,1042
495827,958,1044
495828,959,1047
495829,960,1051
495830,958,1048
495831,960,1044
495832,958,1044
495833,959,1042
495834,962,1044
495835,967,1045
495836,966,1043
495837,963,1039
495838,961,1035
495839,959,1039
495840,965,1037
495841,966,1039
495842,966,1037
495843,966,1031
495844,964,1027
495845,964,1028
495846,968,1030
495847,972,1030
495848,974,1030
495849,974,1028
495850,974,1027
495851,972,1027
495852,975,1029
495853,977,1029
495854,980,1026
495855,978,1026
495856,976,1019
495857,977,1022
495858,985,1021
495859,984,1020
495860,987,1015
495861,986,1010
495862,985,1008
495863,987,1008
495864,990,1008
495865,992,1009
495866,996,1008
495867,995,1006
495868,993,1002
495869,992,1005
495870,992,1004
495871,996,1004
495872,996,998
495873,992,995
495874,993,996
495875,994,995
495876,997,996
495877,999,999
495878,1002,997
495879,1002,998
495880,1002,1000
495881,1003,1002
495882,1004,1003
495883,1006,1007
495884,1005,1007
495885,1002,1008
495886,998,1010
495887,1001,1015
495888,1004,1018
495889,1002,1021
495890,1000,1021
495891,995,1020
495892,990,1022
495893,992,1028
495894,993,1035
495895,993,1041
495896,994,1042
495897,993,1038
495898,989,1034
495899,987,1034
495900,986,1037
495901,990,1039
495902,987,1043
495903,985,1041
495904,981,1041
495905,983,1043
495906,983,1045
495907,983,1048
495908,983,1046
495909,980,1045
495910,975,1041
495911,975,1044
495912,975,1046
495913,978,1050
495914,979,1046
495915,976,1042
495916,974,1038
495917,973,1039
495918,973,1041
495919,979,1044
495920,977,1043
495921,976,1042
495922,972,1037
495923,970,1036
495924,975,1035
495925,978,1035
495926,980,1034
495927,979,1034
495928,975,1033
495929,974,1032
495930,975,1033
495931,978,1037
495932,977,1035
495933,979,1035
495934,976,1034
495935,973,1038
495936,978,1038
495937,984,1044
495938,981,1042
495939,981,1043
495940,975,1040
495941,978,1042
495942,980,1043
495943,981,1044
495944,981,1040
495945,983,1035
495946,977,1034
495947,980,1036
495948,980,1038
495949,984,1043
495950,979,1042
495951,975,1040
495952,975,1039
495953,978,1041
495954,979,1041
495955,982,1042
495956,978,1039
495957,980,1035
495958,979,1033
495959,977,1036
495960,979,1039
495961,982,1039
495962,980,1040
495963,978,1036
495964,979,1036
495965,976,1037
495966,982,1039
495967,985,1037
495968,988,1037
495969,983,1037
495970,980,1034
495971,979,1031
495972,978,1034
495973,980,1033
495974,980,1033
495975,976,1032
495976,972,1030
495977,975,1032
495978,977,1033
495979,977,1038
495980,976,1037
495981,972,1039
495982,968,1039
495983,970,1041
495984,968,1042
495985,974,1041
495986,975,1038
495987,973,1037
495988,970,1037
495989,970,1042
495990,972,1044
495991,974,1045
495992,973,1044
495993,969,1042
495994,964,1040
495995,967,1042
495996,976,1046
495997,977,1045
495998,976,1041
495999,974,1038
496000,969,1039
496001,969,1041
496002,971,1047
496003,975,1048
496004,973,1045
496005,975,1046
496006,974,1043
496007,973,1046
496008,973,1053
496009,978,1054
496010,980,1053
496011,978,1046
496012,976,1038
496013,977,1039
496014,978,1040
496015,980,1039
496016,980,1037
496017,980,1034
496018,977,1033
496019,976,1033
496020,976,1035
496021,979,1034
496022,977,1031
496023,975,1028
496024,973,1027
496025,975,1032
496026,976,1035
496027,979,1036
496028,981,1036
496029,980,1032
496030,974,1030
496031,973,1032
496032,976,1036
496033,979,1039
496034,979,1035
496035,976,1031
496036,975,1030
496037,973,1034
496038,976,1038
496039,978,1041
496040,979,1040
496041,976,1037
496042,972,1035
496043,972,1035
496044,975,1038
496045,978,1042
496046,977,1043
496047,979,1039
496048,973,1036
496049,974,1035
496050,976,1040
496051,978,1041
496052,980,1042
496053,973,1038
496054,971,1039
496055,973,1041
496056,975,1045
496057,977,1047
496058,977,1043
496059,978,1038
496060,973,1036
496061,972,1037
496062,975,1042
496063,980,1045
496064,977,1045
496065,974,1044
496066,976,1042
496067,977,1044
496068,980,1040
496069,977,1039
496070,976,1032
496071,975,1031
496072,975,1030
496073,973,1037
496074,978,1040
496075,981,1046
496076,982,1046
496077,981,1040
496078,977,1040
496079,978,1043
496080,980,1044
496081,984,1044
496082,983,1042
496083,980,1040
496084,981,1035
496085,981,1035
496086,983,1036
496087,989,1037
496088,988,1038
496089,987,1033
496090,981,1036
496091,984,1035
496092,989,1039
496093,991,1039
496094,993,1033
496095,994,1030
496096,989,1028
496097,993,1027
496098,1002,1026
496099,1010,1024
496100,1021,1020
496101,1032,1011
496102,1052,1004
496103,1074,1001
496104,1102,995
496105,1136,986
496106,1171,976
496107,1207,969
496108,1241,971
496109,1277,983
496110,1304,1007
496111,1307,1028
496112,1284,1040
496113,1235,1043
496114,1179,1049
496115,1126,1061
496116,1077,1072
496117,1031,1078
496118,993,1077
496119,971,1072
496120,969,1066
496121,976,1058
496122,986,1054
496123,992,1049
496124,989,1045
496125,983,1042
496126,974,1039
496127,975,1037
496128,977,1037
496129,974,1041
496130,972,1038
496131,965,1040
496132,961,1037
496133,958,1037
496134,963,1039
496135,963,1040
496136,963,1036
496137,961,1036
496138,958,1034
496139,957,1037
496140,960,1039
496141,960,1043
496142,958,1038
496143,957,1036
496144,953,1034
496145,954,1033
496146,958,1034
496147,960,1034
496148,963,1037
496149,961,1035
496150,960,1038
496151,960,1040
496152,965,1042
496153,966,1042
496154,966,1038
496155,962,1035
496156,960,1035
496157,960,1037
496158,963,1040
496159,966,1046
496160,960,1041
496161,960,1038
496162,959,1038
496163,961,1040
496164,962,1040
496165,963,1039
496166,962,1035
496167,962,1033
496168,961,1032
496169,960,1033
496170,963,1033
496171,967,1034
496172,967,1031
496173,963,1031
496174,964,1031
496175,963,1034
496176,968,1037
496177,969,1041
496178,969,1040
496179,972,1036
496180,970,1037
496181,973,1034
496182,976,1033
496183,976,1036
496184,979,1033
496185,979,1026
496186,977,1024
496187,979,1024
496188,981,1027
496189,983,1025
496190,984,1020
496191,981,1015
496192,983,1011
496193,978,1011
496194,988,1014
496195,992,1012
496196,995,1010
496197,995,1008
496198,993,1006
496199,997,1007
496200,1000,1011
496201,1002,1012
496202,1003,1008
496203,1002,1001
496204,1002,1000
496205,1001,999
496206,1004,1003
496207,1005,1004
496208,1006,1004
496209,1006,1003
496210,1006,1001
496211,1003,1000
496212,1007,1001
496213,1010,1001
496214,1010,1001
496215,1006,1001
496216,1004,1002
496217,1007,1005
496218,1009,1007
496219,1012,1009
496220,1012,1009
496221,1008,1002
496222,1005,1003
496223,1005,1003
496224,1006,1008
496225,1007,1011
496226,1006,1013
496227,1000,1012
496228,998,1015
496229,998,1019
496230,1000,1022
496231,1008,1026
496232,1006,1027
496233,999,1025
496234,995,1023
496235,990,1024
496236,992,1031
496237,994,1033
496238,995,1034
496239,992,1033
496240,987,1031
496241,987,1031
496242,988,1035
496243,989,1038
496244,988,1040
496245,986,1036
496246,986,1032
496247,982,1032
496248,984,1037
496249,985,1039
496250,985,1038
496251,980,1039
496252,974,1038
496253,974,1042
496254,977,1044
496255,979,1047
496256,980,1050
496257,979,1044
496258,979,1041
496259,977,1043
496260,979,1045
496261,982,1049
496262,985,1044
496263,980,1041
496264,975,1040
496265,974,1042
496266,980,1045
496267,982,1047
496268,980,1046
496269,976,1048
496270,974,1047
496271,978,1048
496272,983,1052
496273,989,1051
496274,982,1048
496275,977,1047
496276,975,1045
496277,979,1047
496278,982,1046
496279,986,1047
496280,986,1041
496281,981,1037
496282,982,1036
496283,981,1036
496284,982,1039
496285,983,1041
496286,984,1040
496287,984,1037
496288,980,1033
496289,983,1035
496290,985,1036
496291,986,1038
496292,987,1036
496293,985,1033
496294,978,1033
496295,980,1034
496296,983,1035
496297,983,1039
496298,983,1037
496299,981,1035
496300,979,1034
496301,980,1036
496302,981,1041
496303,982,1042
496304,978,1043
496305,976,1038
496306,972,1038
496307,971,1040
496308,973,1042
496309,978,1041
496310,975,1040
496311,974,1040
496312,971,1039
496313,968,1040
496314,969,1040
496315,973,1045
496316,970,1046
496317,970,1047
496318,970,1046
496319,974,1046
496320,976,1048
496321,979,1047
496322,979,1044
496323,974,1043
496324,974,1043
496325,972,1043
496326,975,1045
496327,977,1049
496328,976,1045
496329,978,1041
496330,973,1041
496331,978,1043
496332,978,1046
496333,982,1045
496334,982,1040
496335,980,1036
496336,975,1031
496337,977,1033
496338,977,1037
496339,979,1041
496340,983,1038
496341,980,1036
496342,977,1032
496343,975,1036
496344,975,1040
496345,978,1040
496346,976,1039
496347,974,1036
496348,973,1037
496349,974,1041
496350,977,1041
496351,978,1043
496352,978,1036
496353,975,1034
496354,973,1033
496355,970,1035
496356,973,1036
496357,981,1039
496358,980,1037
496359,979,1038
496360,978,1042
496361,980,1047
496362,980,1052
496363,986,1049
496364,986,1042
496365,988,1033
496366,996,1025
496367,1008,1025
496368,1023,1023
496369,1044,1022
496370,1067,1014
496371,1096,1000
496372,1127,987
496373,1161,981
496374,1202,987
496375,1235,996
496376,1260,1014
496377,1270,1035
496378,1254,1047
496379,1219,1055
496380,1170,1059
496381,1121,1071
496382,1067,1084
496383,1014,1093
496384,971,1101
496385,953,1104
496386,953,1102
496387,966,1087
496388,975,1069
496389,979,1055
496390,979,1048
496391,976,1040
496392,975,1043
496393,972,1045
496394,968,1043
496395,963,1042
496396,960,1041
496397,959,1042
496398,960,1043
496399,963,1044
496400,963,1040
496401,959,1038
496402,955,1035
496403,953,1037
496404,957,1042
496405,958,1043
496406,957,1043
496407,955,1039
496408,956,1037
496409,959,1038
496410,961,1039
496411,963,1038
496412,962,1035
496413,957,1032
496414,957,1033
496415,957,1037
496416,959,1042
496417,959,1043
496418,954,1041
496419,949,1037
496420,951,1036
496421,953,1042
496422,956,1040
496423,959,1043
496424,959,1041
496425,956,1037
496426,952,1037
496427,950,1038
496428,955,1036
496429,959,1036
496430,957,1035
496431,956,1028
496432,954,1026
496433,956,1029
496434,957,1029
496435,961,1030
496436,962,1027
496437,958,1023
496438,957,1021
496439,960,1021
496440,967,1021
496441,969,1022
496442,966,1022
496443,964,1016
496444,963,1014
496445,966,1013
496446,967,1015
496447,970,1017
496448,971,1012
496449,967,1004
496450,969,1001
496451,969,1003
496452,968,1006
496453,972,1006
496454,973,1002
496455,972,1000
496456,970,1000
496457,970,1003
496458,978,1007
496459,980,1005
496460,983,1004
496461,979,995
496462,976,994
496463,978,994
496464,980,994
496465,986,996
496466,986,995
496467,984,989
496468,983,986
496469,987,986
496470,990,986
496471,991,988
496472,992,983
496473,989,978
496474,988,975
496475,990,976
496476,994,977
496477,999,977
496478,1001,979
496479,999,976
496480,996,978
496481,995,981
496482,998,989
496483,1000,991
496484,999,993
496485,997,993
496486,996,996
496487,997,998
496488,998,1005
496489,999,1007
496490,996,1007
496491,990,1006
496492,986,1007
496493,987,1015
496494,986,1021
496495,988,1025
496496,983,1025
496497,976,1026
496498,976,1029
496499,974,1033
496500,974,1038
496501,977,1046
496502,975,1046
496503,970,1043
496504,967,1040
496505,969,1039
496506,973,1043
496507,975,1046
496508,975,1045
496509,970,1042
496510,965,1043
496511,965,1044
496512,968,1047
496513,969,1047
496514,969,1045
496515,967,1043
496516,963,1044
496517,965,1043
496518,967,1048
496519,968,1050
496520,967,1047
496521,965,1043
496522,967,1043
496523,968,1040
496524,971,1041
496525,975,1042
496526,975,1040
496527,974,1038
496528,972,1037
496529,971,1038
496530,976,1040
496531,981,1040
496532,977,1039
496533,976,1037
496534,971,1039
496535,970,1040
496536,977,1040
496537,980,1044
496538,977,1041
496539,975,1042
496540,973,1040
496541,970,1042
496542,971,1043
496543,976,1038
496544,974,1037
496545,972,1035
496546,968,1033
496547,970,1036
496548,972,1041
496549,975,1038
496550,975,1033
496551,971,1028
496552,971,1029
496553,968,1031
496554,973,1031
496555,971,1032
496556,969,1027
496557,965,1026
496558,965,1026
496559,964,1030
496560,969,1035
496561,974,1037
496562,973,1039
496563,969,1037
496564,964,1039
496565,962,1036
496566,964,1038
496567,971,1036
496568,969,1035
496569,969,1031
496570,966,1031
496571,969,1036
496572,969,1039
496573,973,1041
496574,967,1039
496575,964,1037
496576,961,1035
496577,963,1039
496578,966,1039
496579,971,1041
496580,970,1043
496581,970,1042
496582,968,1038
496583,969,1042
496584,971,1043
496585,974,1043
496586,970,1042
496587,968,1040
496588,965,1038
496589,968,1043
496590,971,1044
496591,971,1043
496592,968,1042
496593,968,1037
496594,963,1035
496595,961,1038
496596,965,1044
496597,967,1044
496598,969,1042
496599,967,1042
496600,961,1042
496601,958,1044
496602,961,1046
496603,964,1047
496604,965,1045
496605,962,1039
496606,960,1037
496607,960,1038
496608,966,1041
496609,970,1042
496610,971,1045
496611,969,1040
496612,964,1041
496613,965,1041
496614,967,1041
496615,969,1041
496616,970,1042
496617,969,1041
496618,966,1039
496619,963,1042
496620,967,1043
496621,970,1044
496622,972,1039
496623,969,1036
496624,968,1038
496625,968,1040
496626,973,1039
496627,979,1039
496628,976,1035
496629,973,1032
496630,971,1031
496631,973,1033
496632,973,1032
496633,975,1035
496634,973,1034
496635,971,1036
496636,969,1035
496637,968,1037
496638,972,1041
496639,972,1042
496640,972,1038
496641,968,1035
496642,966,1035
496643,964,1036
496644,967,1039
496645,969,1040
496646,967,1036
496647,967,1038
496648,966,1037
496649,966,1041
496650,967,1045
496651,966,1046
496652,964,1044
496653,966,1043
496654,963,1045
496655,964,1048
496656,969,1047
496657,970,1046
496658,973,1043
496659,970,1041
496660,968,1035
496661,969,1039
496662,976,1035
496663,983,1034
496664,986,1030
496665,991,1025
496666,1003,1020
496667,1015,1021
496668,1039,1018
496669,1067,1012
496670,1095,994
496671,1130,981
496672,1166,973
496673,1212,979
496674,1248,1002
496675,1274,1027
496676,1274,1048
496677,1244,1053
496678,1195,1057
496679,1138,1066
496680,1080,1081
496681,1023,1095
496682,972,1101
496683,951,1098
496684,955,1090
496685,965,1077
496686,976,1067
496687,981,1060
496688,977,1051
496689,966,1044
496690,964,1041
496691,956,1044
496692,957,1046
496693,954,1048
496694,952,1043
496695,949,1040
496696,944,1040
496697,946,1040
496698,948,1041
496699,950,1038
496700,945,1036
496701,941,1034
496702,945,1034
496703,947,1036
496704,950,1040
496705,955,1042
496706,953,1039
496707,952,1039
496708,946,1040
496709,949,1043
496710,952,1047
496711,958,1046
496712,958,1045
496713,955,1041
496714,953,1039
496715,955,1040
496716,956,1040
496717,959,1042
496718,958,1041
496719,955,1040
496720,953,1042
496721,952,1044
496722,955,1043
496723,961,1036
496724,961,1030
496725,957,1028
496726,953,1026
496727,953,1027
496728,956,1027
496729,961,1030
496730,960,1026
496731,961,1023
496732,962,1023
496733,961,1026
496734,962,1027
496735,961,1028
496736,960,1027
496737,960,1023
496738,957,1024
496739,957,1024
496740,961,1027
496741,964,1029
496742,965,1025
496743,962,1025
496744,960,1023
496745,961,1029
496746,965,1026
496747,969,1023
496748,967,1018
496749,968,1014
496750,966,1009
496751,970,1007
496752,976,1009
496753,978,1008
496754,980,1007
496755,980,1004
496756,978,1001
496757,980,1003
496758,985,1005
496759,989,1000
496760,992,996
496761,990,993
496762,987,991
496763,990,990
496764,992,993
496765,996,995
496766,996,992
496767,994,990
496768,995,989
496769,996,990
496770,1000,988
496771,1003,990
496772,1003,987
496773,1002,988
496774,998,991
496775,999,995
496776,1002,997
496777,1007,1001
496778,1003,999
496779,1003,1002
496780,1002,1003
496781,1000,1009
496782,1000,1015
496783,1001,1020
496784,996,1020
496785,992,1022
496786,988,1026
496787,987,1034
496788,984,1041
496789,985,1038
496790,984,1035
496791,978,1032
496792,974,1032
496793,973,1038
496794,978,1044
496795,980,1049
496796,978,1049
496797,975,1048
496798,976,1046
496799,975,1047
496800,982,1049
496801,984,1051
496802,984,1048
496803,979,1047
496804,979,1049
496805,981,1052
496806,982,1053
496807,984,1051
496808,986,1048
496809,983,1043
496810,985,1042
496811,982,1044
496812,985,1047
496813,991,1047
496814,994,1043
496815,994,1039
496816,1001,1041
496817,1007,1044
496818,1012,1046
496819,1020,1049
496820,1022,1049
496821,1024,1050
496822,1031,1048
496823,1039,1043
496824,1054,1031
496825,1074,1012
496826,1085,988
496827,1094,969
496828,1108,950
496829,1125,939
496830,1145,927
496831,1163,909
496832,1179,887
496833,1195,863
496834,1212,843
496835,1227,830
496836,1242,819
496837,1254,808
496838,1257,801
496839,1253,801
496840,1250,804
496841,1248,806
496842,1246,808
496843,1238,806
496844,1227,802
496845,1212,803
496846,1193,810
496847,1170,823
496848,1147,835
496849,1130,848
496850,1105,857
496851,1080,867
496852,1056,883
496853,1045,899
496854,1044,917
496855,1044,930
496856,1038,942
496857,1033,946
496858,1029,954
496859,1033,965
496860,1044,974
496861,1059,981
496862,1069,981
496863,1081,977
496864,1081,978
496865,1067,988
496866,1039,999
496867,1007,1013
496868,972,1029
496869,952,1043
496870,939,1059
496871,934,1072
496872,930,1083
496873,927,1090
496874,923,1093
496875,915,1095
496876,908,1099
496877,904,1104
496878,904,1108
496879,901,1111
496880,898,1113
496881,894,1113
496882,889,1116
496883,887,1123
496884,884,1130
496885,886,1130
496886,886,1129
496887,884,1127
496888,881,1128
496889,880,1130
496890,882,1133
496891,884,1134
496892,882,1135
496893,875,1133
496894,873,1135
496895,873,1141
496896,876,1142
496897,878,1144
496898,879,1146
496899,873,1143
496900,869,1144
496901,870,1148
496902,870,1152
496903,875,1156
496904,875,1158
496905,871,1155
496906,870,1158
496907,872,1164
496908,871,1169
496909,877,1174
496910,870,1176
496911,871,1173
496912,867,1180
496913,867,1183
496914,874,1186
496915,879,1187
496916,878,1187
496917,871,1190
496918,873,1190
496919,874,1197
496920,877,1199
496921,879,1201
496922,879,1197
496923,879,1196
496924,879,1198
496925,880,1203
496926,886,1205
496927,889,1202
496928,889,1199
496929,891,1195
496930,891,1192
496931,894,1194
496932,900,1192
496933,908,1191
496934,910,1186
496935,913,1177
496936,915,1174
496937,921,1175
496938,924,1172
496939,931,1168
496940,933,1160
496941,934,1153
496942,934,1147
496943,935,1144
496944,943,1141
496945,949,1135
496946,953,1128
496947,953,1121
496948,951,1114
496949,952,1113
496950,955,1109
496951,959,1106
496952,957,1098
496953,956,1095
496954,957,1091
496955,961,1092
496956,965,1089
496957,968,1087
496958,964,1080
496959,967,1074
496960,966,1070
496961,967,1072
496962,970,1068
496963,975,1065
496964,975,1064
496965,972,1057
496966,970,1057
496967,970,1059
496968,971,1065
496969,973,1066
496970,971,1066
496971,970,1065
496972,964,1063
496973,965,1062
496974,968,1058
496975,971,1056
496976,971,1053
496977,970,1049
496978,968,1046
496979,965,1050
496980,967,1052
496981,971,1052
496982,971,1050
496983,970,1047
496984,966,1047
496985,969,1048
496986,973,1049
496987,976,1046
496988,976,1046
496989,973,1042
496990,971,1045
496991,973,1053
496992,974,1055
496993,979,1055
496994,976,1050
496995,974,1040
496996,974,1036
496997,972,1038
496998,976,1040
496999,981,1039
497000,974,1039
497001,973,1036
497002,972,1037
497003,975,1040
497004,979,1043
497005,981,1046
497006,983,1041
497007,979,1039
497008,976,1039
497009,976,1044
497010,980,1049
497011,981,1051
497012,979,1049
497013,976,1050
497014,972,1049
497015,974,1053
497016,975,1055
497017,978,1054
497018,977,1052
497019,974,1047
497020,973,1044
497021,974,1043
497022,977,1047
497023,978,1048
497024,976,1046
497025,977,1043
497026,972,1045
497027,974,1046
497028,972,1049
497029,976,1048
497030,972,1045
497031,972,1044
497032,969,1043
497033,969,1046
497034,975,1048
497035,977,1050
497036,977,1050
497037,971,1051
497038,972,1056
497039,972,1057
497040,974,1052
497041,979,1046
497042,976,1041
497043,976,1039
497044,971,1040
497045,970,1043
497046,973,1046
497047,979,1050
497048,976,1051
497049,976,1052
497050,975,1055
497051,974,1055
497052,978,1051
497053,982,1045
497054,978,1043
497055,975,1039
497056,972,1040
497057,971,1045
497058,974,1048
497059,978,1050
497060,978,1046
497061,979,1040
497062,977,1038
497063,975,1039
497064,981,1042
497065,982,1045
497066,977,1041
497067,978,1039
497068,974,1039
497069,974,1041
497070,977,1042
497071,981,1042
497072,981,1042
497073,979,1037
497074,976,1037
497075,975,1040
497076,977,1040
497077,979,1042
497078,981,1041
497079,977,1039
497080,976,1038
497081,976,1040
497082,978,1042
497083,979,1044
497084,977,1041
497085,977,1039
497086,973,1037
497087,972,1042
497088,977,1045
497089,980,1045
497090,979,1046
497091,975,1044
497092,974,1046
497093,975,1048
497094,976,1051
497095,982,1053
497096,981,1050
497097,978,1050
497098,977,1047
497099,980,1052
497100,983,1052
497101,985,1053
497102,984,1047
497103,982,1043
497104,978,1042
497105,981,1044
497106,984,1048
497107,988,1047
497108,989,1044
497109,983,1040
497110,982,1038
497111,984,1042
497112,985,1042
497113,989,1043
497114,988,1040
497115,986,1039
497116,984,1037
497117,984,1040
497118,987,1042
497119,988,1044
497120,986,1043
497121,986,1038
497122,983,1040
497123,981,1043
497124,982,1045
497125,984,1045
497126,985,1044
497127,983,1044
497128,979,1046
497129,982,1047
497130,987,1048
497131,987,1049
497132,986,1045
497133,986,1041
497134,982,1041
497135,985,1044
497136,989,1047
497137,995,1045
497138,998,1038
497139,1002,1030
497140,1010,1025
497141,1020,1024
497142,1043,1025
497143,1072,1024
497144,1103,1011
497145,1134,990
497146,1166,972
497147,1204,964
497148,1240,972
497149,1274,988
497150,1290,1011
497151,1283,1024
497152,1251,1032
497153,1201,1043
497154,1144,1055
497155,1095,1065
497156,1042,1072
497157,1002,1073
497158,983,1074
497159,984,1068
497160,994,1061
497161,1003,1049
497162,1003,1043
497163,995,1039
497164,989,1039
497165,987,1039
497166,987,1043
497167,988,1044
497168,984,1042
497169,978,1042
497170,974,1041
497171,973,1044
497172,974,1047
497173,975,1047
497174,972,1044
497175,970,1042
497176,967,1046
497177,968,1046
497178,965,1050
497179,969,1051
497180,965,1049
497181,960,1047
497182,958,1048
497183,962,1051
497184,965,1050
497185,968,1052
497186,969,1051
497187,967,1050
497188,965,1048
497189,964,1050
497190,965,1050
497191,968,1050
497192,968,1049
497193,968,1045
497194,965,1045
497195,966,1047
497196,968,1047
497197,969,1048
497198,968,1042
497199,965,1041
497200,964,1042
497201,965,1042
497202,969,1041
497203,971,1041
497204,973,1040
497205,970,1037
497206,968,1039
497207,967,1039
497208,970,1044
497209,972,1042
497210,976,1042
497211,971,1037
497212,969,1040
497213,968,1041
497214,972,1042
497215,973,1041
497216,973,1036
497217,971,1030
497218,970,1029
497219,973,1027
497220,977,1029
497221,978,1024
497222,980,1018
497223,981,1015
497224,979,1015
497225,979,1016
497226,981,1020
497227,984,1019
497228,982,1015
497229,985,1013
497230,988,1014
497231,990,1015
497232,992,1015
497233,997,1014
497234,997,1010
497235,993,1007
497236,993,1007
497237,993,1008
497238,999,1009
497239,1004,1008
497240,1003,1003
497241,1004,1000
497242,1002,1002
497243,1006,1002
497244,1009,1003
497245,1010,1001
497246,1012,1002
497247,1012,997
497248,1009,997
497249,1009,999
497250,1018,1004
497251,1019,1000
497252,1019,999
497253,1018,1002
497254,1017,1002
497255,1016,1007
497256,1019,1009
497257,1020,1014
497258,1021,1015
497259,1018,1014
497260,1014,1017
497261,1015,1020
497262,1017,1026
497263,1020,1028
497264,1018,1029
497265,1011,1028
497266,1008,1029
497267,1007,1035
497268,1009,1040
497269,1010,1039
497270,1004,1037
497271,998,1040
497272,994,1042
497273,995,1047
497274,995,1053
497275,998,1050
497276,997,1045
497277,995,1039
497278,995,1038
497279,996,1042
497280,996,1043
497281,998,1049
497282,997,1045
497283,992,1043
497284,988,1043
497285,988,1047
497286,990,1050
497287,992,1048
497288,991,1045
497289,988,1043
497290,985,1044
497291,988,1044
497292,990,1048
497293,991,1046
497294,987,1045
497295,987,1042
497296,983,1042
497297,982,1044
497298,986,1045
497299,987,1046
497300,989,1044
497301,985,1040
497302,984,1041
497303,984,1042
497304,985,1044
497305,987,1045
497306,986,1043
497307,981,1041
497308,980,1040
497309,982,1045
497310,984,1044
497311,984,1045
497312,980,1042
497313,974,1038
497314,970,1039
497315,971,1041
497316,978,1043
497317,982,1043
497318,982,1037
497319,978,1037
497320,980,1038
497321,980,1035
497322,987,1040
497323,988,1040
497324,988,1039
497325,987,1037
497326,985,1036
497327,986,1038
497328,988,1043
497329,990,1042
497330,989,1039
497331,987,1036
497332,983,1037
497333,983,1039
497334,985,1042
497335,984,1040
497336,983,1041
497337,981,1037
497338,979,1037
497339,979,1039
497340,983,1044
497341,985,1044
497342,982,1042
497343,980,1041
497344,975,1041
497345,981,1045
497346,984,1047
497347,985,1047
497348,983,1046
497349,982,1041
497350,979,1041
497351,979,1045
497352,979,1047
497353,979,1045
497354,981,1045
497355,976,1043
497356,975,1046
497357,974,1047
497358,977,1051
497359,977,1049
497360,978,1048
497361,978,1044
497362,975,1046
497363,977,1048
497364,976,1053
497365,979,1053
497366,978,1051
497367,975,1049
497368,974,1049
497369,977,1050
497370,979,1051
497371,980,1050
497372,978,1048
497373,982,1046
497374,978,1047
497375,983,1047
497376,985,1048
497377,989,1049
497378,989,1047
497379,988,1045
497380,985,1043
497381,984,1046
497382,986,1049
497383,987,1050
497384,987,1047
497385,987,1042
497386,985,1038
497387,988,1038
497388,997,1037
497389,1008,1035
497390,1015,1033
497391,1024,1025
497392,1040,1025
497393,1067,1020
497394,1099,1014
497395,1131,999
497396,1173,988
497397,1208,983
497398,1244,989
497399,1272,1012
497400,1282,1034
497401,1265,1050
497402,1222,1052
497403,1167,1054
497404,1108,1070
497405,1053,1084
497406,1005,1099
497407,973,1102
497408,961,1097
497409,963,1085
497410,967,1069
497411,973,1062
497412,980,1053
497413,981,1050
497414,975,1046
497415,972,1044
497416,966,1046
497417,965,1049
497418,968,1052
497419,966,1050
497420,962,1049
497421,962,1045
497422,958,1046
497423,958,1049
497424,958,1052
497425,965,1051
497426,963,1050
497427,959,1049
497428,957,1048
497429,955,1050
497430,958,1053
497431,959,1050
497432,959,1048
497433,957,1045
497434,957,1049
497435,955,1047
497436,958,1048
497437,960,1045
497438,961,1045
497439,956,1042
497440,948,1043
497441,952,1044
497442,955,1050
497443,957,1050
497444,959,1048
497445,958,1044
497446,953,1047
497447,955,1048
497448,957,1049
497449,962,1049
497450,959,1048
497451,956,1046
497452,957,1049
497453,957,1051
497454,958,1052
497455,964,1050
497456,963,1046
497457,958,1038
497458,955,1036
497459,960,1035
497460,963,1038
497461,967,1035
497462,966,1030
497463,965,1027
497464,963,1028
497465,964,1027
497466,967,1031
497467,970,1028
497468,968,1026
497469,969,1022
497470,965,1020
497471,970,1021
497472,972,1021
497473,974,1019
497474,976,1016
497475,972,1010
497476,970,1012
497477,970,1014
497478,974,1013
497479,978,1009
497480,977,1008
497481,973,1005
497482,971,1006
497483,977,1007
497484,980,1008
497485,982,1009
497486,981,1007
497487,980,1003
497488,978,1006
497489,980,1007
497490,983,1009
497491,986,1009
497492,984,1009
497493,985,1005
497494,987,1007
497495,987,1008
497496,992,1010
497497,994,1007
497498,993,1007
497499,991,1004
497500,989,1006
497501,992,1008
497502,994,1013
497503,993,1016
497504,987,1017
497505,985,1017
497506,983,1019
497507,981,1021
497508,985,1027
497509,983,1030
497510,981,1031
497511,977,1028
497512,975,1033
497513,975,1036
497514,974,1041
497515,978,1041
497516,978,1042
497517,974,1038
497518,968,1042
497519,971,1045
497520,973,1046
497521,975,1048
497522,969,1045
497523,967,1044
497524,967,1043
497525,969,1048
497526,970,1051
497527,973,1051
497528,972,1050
497529,968,1049
497530,965,1051
497531,963,1055
497532,966,1057
497533,969,1058
497534,967,1054
497535,964,1051
497536,964,1051
497537,964,1053
497538,967,1052
497539,969,1052
497540,966,1049
497541,963,1043
497542,966,1044
497543,968,1046
497544,970,1048
497545,976,1047
497546,975,1044
497547,971,1042
497548,968,1042
497549,969,1042
497550,972,1043
497551,975,1043
497552,974,1041
497553,972,1038
497554,971,1039
497555,972,1041
497556,975,1045
497557,977,1043
497558,976,1041
497559,971,1039
497560,970,1041
497561,969,1043
497562,969,1045
497563,971,1046
497564,971,1043
497565,968,1044
497566,967,1046
497567,969,1048
497568,970,1050
497569,974,1053
497570,970,1050
497571,969,1050
497572,966,1053
497573,965,1056
497574,970,1056
497575,970,1055
497576,969,1052
497577,966,1046
497578,967,1046
497579,966,1049
497580,967,1051
497581,968,1049
497582,966,1044
497583,963,1042
497584,960,1044
497585,965,1046
497586,967,1048
497587,969,1048
497588,966,1045
497589,960,1042
497590,959,1042
497591,962,1045
497592,965,1048
497593,967,1046
497594,967,1046
497595,964,1042
497596,961,1043
497597,961,1047
497598,965,1048
497599,966,1048
497600,963,1045
497601,961,1042
497602,960,1043
497603,962,1046
497604,965,1049
497605,969,1047
497606,968,1046
497607,966,1043
497608,964,1046
497609,963,1048
497610,967,1051
497611,968,1050
497612,967,1048
497613,963,1046
497614,961,1044
497615,963,1048
497616,964,1053
497617,968,1051
497618,965,1051
497619,963,1049
497620,962,1048
497621,962,1049
497622,966,1052
497623,965,1050
497624,968,1044
497625,973,1038
497626,981,1035
497627,990,1034
497628,999,1032
497629,1017,1031
497630,1035,1025
497631,1054,1015
497632,1087,1002
497633,1125,994
497634,1165,991
497635,1204,993
497636,1239,1004
497637,1254,1023
497638,1255,1044
497639,1229,1055
497640,1185,1059
497641,1134,1068
497642,1078,1081
497643,1020,1091
497644,974,1099
497645,949,1105
497646,952,1103
497647,962,1092
497648,969,1077
497649,970,1064
497650,972,1058
497651,970,1053
497652,968,1054
497653,968,1050
497654,962,1048
497655,953,1047
497656,947,1048
497657,950,1051
497658,950,1055
497659,950,1052
497660,948,1052
497661,943,1048
497662,941,1050
497663,941,1048
497664,946,1048
497665,948,1047
497666,947,1045
497667,943,1042
497668,941,1044
497669,943,1043
497670,941,1049
497671,946,1048
497672,945,1046
497673,940,1044
497674,942,1042
497675,941,1045
497676,943,1046
497677,943,1048
497678,943,1046
497679,939,1042
497680,933,1044
497681,938,1048
497682,938,1049
497683,943,1048
497684,943,1048
497685,940,1043
497686,939,1042
497687,941,1045
497688,943,1045
497689,948,1045
497690,948,1042
497691,944,1039
497692,942,1038
497693,942,1041
497694,943,1043
497695,946,1042
497696,943,1039
497697,943,1034
497698,940,1035
497699,941,1036
497700,943,1038
497701,947,1036
497702,947,1036
497703,946,1030
497704,947,1032
497705,945,1033
497706,950,1037
497707,953,1033
497708,951,1030
497709,945,1025
497710,946,1026
497711,951,1027
497712,955,1029
497713,961,1024
497714,960,1021
497715,960,1017
497716,956,1015
497717,958,1014
497718,963,1012
497719,965,1009
497720,964,1003
497721,963,998
497722,963,994
497723,962,995
497724,968,997
497725,972,996
497726,973,995
497727,971,991
497728,969,989
497729,969,992
497730,971,996
497731,972,991
497732,975,990
497733,972,991
497734,974,990
497735,976,992
497736,980,996
497737,982,996
497738,982,994
497739,982,993
497740,979,997
497741,980,997
497742,986,1002
497743,990,1001
497744,986,1000
497745,985,1004
497746,983,1007
497747,986,1012
497748,986,1018
497749,986,1021
497750,984,1022
497751,984,1023
497752,980,1027
497753,977,1035
497754,977,1039
497755,977,1042
497756,973,1044
497757,971,1043
497758,969,1045
497759,969,1049
497760,968,1053
497761,970,1052
497762,967,1051
497763,967,1052
497764,965,1050
497765,963,1052
497766,963,1055
497767,964,1053
497768,964,1050
497769,960,1048
497770,959,1048
497771,961,1051
497772,962,1052
497773,965,1053
497774,967,1050
497775,965,1047
497776,962,1046
497777,961,1048
497778,963,1050
497779,961,1051
497780,962,1044
497781,960,1043
497782,958,1042
497783,962,1044
497784,966,1049
497785,967,1047
497786,964,1046
497787,961,1042
497788,959,1042
497789,960,1047
497790,963,1048
497791,966,1047
497792,966,1048
497793,965,1043
497794,964,1044
497795,967,1046
497796,971,1048
497797,969,1047
497798,970,1046
497799,968,1043
497800,966,1047
497801,967,1049
497802,967,1050
497803,971,1049
497804,964,1046
497805,963,1042
497806,962,1044
497807,966,1050
497808,968,1051
497809,971,1048
497810,967,1045
497811,966,1045
497812,963,1042
497813,965,1047
497814,967,1051
497815,972,1048
497816,970,1045
497817,965,1044
497818,963,1045
497819,967,1046
497820,965,1048
497821,967,1047
497822,965,1047
497823,961,1041
497824,962,1041
497825,964,1046
497826,965,1046
497827,969,1045
497828,965,1044
497829,962,1039
497830,958,1042
497831,962,1045
497832,961,1050
497833,965,1049
497834,962,1048
497835,961,1043
497836,961,1045
497837,960,1048
497838,958,1054
497839,959,1053
497840,962,1054
497841,960,1050
497842,957,1052
497843,955,1054
497844,960,1055
497845,961,1055
497846,962,1054
497847,960,1048
497848,958,1050
497849,958,1052
497850,962,1054
497851,964,1054
497852,963,1051
497853,958,1047
497854,956,1051
497855,964,1053
497856,968,1055
497857,972,1053
497858,966,1053
497859,963,1049
497860,961,1051
497861,963,1055
497862,962,1057
497863,965,1058
497864,962,1055
497865,962,1052
497866,961,1052
497867,962,1053
497868,967,1056
497869,969,1053
497870,964,1052
497871,964,1051
497872,961,1051
497873,962,1052
497874,968,1054
497875,967,1052
497876,963,1049
497877,961,1043
497878,955,1046
497879,957,1049
497880,959,1049
497881,960,1048
497882,963,1048
497883,959,1043
497884,962,1045
497885,964,1045
497886,962,1047
497887,966,1048
497888,964,1047
497889,960,1046
497890,958,1044
497891,962,1050
497892,966,1052
497893,969,1050
497894,967,1049
497895,965,1047
497896,964,1047
497897,965,1046
497898,966,1050
497899,970,1049
497900,969,1049
497901,970,1045
497902,964,1048
497903,965,1049
497904,971,1052
497905,976,1051
497906,973,1050
497907,966,1049
497908,966,1049
497909,970,1050
497910,974,1055
497911,975,1052
497912,977,1049
497913,976,1047
497914,970,1049
497915,972,1053
497916,974,1058
497917,976,1056
497918,972,1054
497919,972,1050
497920,970,1052
497921,969,1054
497922,973,1053
497923,976,1051
497924,975,1050
497925,971,1045
497926,969,1043
497927,973,1047
497928,973,1048
497929,976,1045
497930,977,1046
497931,976,1044
497932,977,1045
497933,980,1049
497934,983,1050
497935,985,1048
497936,982,1046
497937,980,1042
497938,979,1039
497939,984,1043
497940,991,1040
497941,1004,1036
497942,1013,1033
497943,1023,1026
497944,1038,1023
497945,1061,1018
497946,1091,1011
497947,1125,999
497948,1158,991
497949,1188,986
497950,1218,1001
497951,1246,1019
497952,1261,1043
497953,1251,1054
497954,1217,1056
497955,1168,1056
497956,1116,1068
497957,1067,1084
497958,1022,1097
497959,986,1101
497960,969,1103
497961,968,1095
497962,975,1081
497963,983,1070
497964,989,1064
497965,988,1058
497966,985,1053
497967,978,1048
497968,972,1046
497969,971,1048
497970,970,1048
497971,970,1048
497972,967,1046
497973,961,1043
497974,958,1042
497975,958,1047
497976,959,1051
497977,960,1049
497978,960,1047
497979,954,1048
497980,952,1047
497981,952,1047
497982,957,1051
497983,960,1052
497984,956,1048
497985,955,1045
497986,953,1046
497987,953,1049
497988,954,1052
497989,958,1052
497990,955,1049
497991,950,1046
497992,949,1049
497993,952,1052
497994,951,1055
497995,955,1056
497996,953,1053
497997,953,1051
497998,951,1053
497999,952,1054
498000,952,1055
498001,959,1053
498002,961,1053
498003,960,1048
498004,958,1047
498005,959,1049
498006,961,1050
498007,963,1046
498008,963,1042
498009,959,1039
498010,961,1038
498011,965,1041
498012,967,1039
498013,970,1040
498014,971,1037
498015,970,1035
498016,968,1036
498017,970,1038
498018,971,1038
498019,974,1035
498020,973,1035
498021,969,1032
498022,970,1032
498023,971,1036
498024,974,1037
498025,975,1037
498026,976,1033
498027,973,1029
498028,970,1030
498029,971,1032
498030,973,1035
498031,977,1033
498032,979,1030
498033,973,1025
498034,974,1024
498035,977,1025
498036,975,1028
498037,981,1027
498038,981,1024
498039,981,1022
498040,977,1022
498041,980,1022
498042,986,1024
498043,989,1024
498044,987,1019
498045,986,1018
498046,984,1017
498047,988,1018
498048,992,1017
498049,997,1012
498050,996,1013
498051,996,1008
498052,997,1010
498053,1000,1010
498054,1004,1013
498055,1003,1012
498056,1002,1010
498057,1003,1007
498058,999,1011
498059,1002,1015
498060,1006,1015
498061,1008,1017
498062,1006,1016
498063,1003,1014
498064,1002,1015
498065,1003,1022
498066,1002,1024
498067,1003,1026
498068,998,1027
498069,993,1029
498070,988,1034
498071,989,1038
498072,993,1044
498073,994,1045
498074,991,1044
498075,986,1044
498076,985,1047
498077,983,1050
498078,986,1057
498079,987,1058
498080,984,1056
498081,981,1055
498082,979,1058
498083,981,1061
498084,985,1064
498085,984,1062
498086,983,1060
498087,978,1057
498088,977,1057
498089,979,1059
498090,984,1064
498091,986,1062
498092,986,1058
498093,985,1052
498094,982,1051
498095,983,1054
498096,985,1055
498097,988,1055
498098,986,1053
498099,987,1050
498100,985,1048
498101,987,1053
498102,991,1053
498103,992,1051
498104,990,1049
498105,987,1045
498106,985,1044
498107,987,1049
498108,986,1048
498109,991,1048
498110,991,1045
498111,988,1043
498112,985,1044
498113,985,1046
498114,989,1050
498115,989,1050
498116,986,1049
498117,983,1049
498118,979,1049
498119,981,1052
498120,986,1053
498121,989,1053
498122,985,1052
498123,984,1049
498124,983,1050
498125,982,1054
498126,988,1056
498127,990,1053
498128,989,1049
498129,987,1046
498130,985,1049
498131,988,1050
498132,989,1054
498133,990,1053
498134,992,1052
498135,985,1048
498136,983,1048
498137,984,1053
498138,986,1053
498139,986,1054
498140,984,1051
498141,982,1048
498142,981,1051
498143,982,1054
498144,986,1057
498145,988,1052
498146,986,1051
498147,986,1051
498148,982,1052
498149,983,1052
498150,987,1052
498151,989,1054
498152,989,1053
498153,985,1048
498154,983,1048
498155,985,1053
498156,985,1054
498157,988,1054
498158,984,1049
498159,985,1047
498160,984,1049
498161,983,1053
498162,985,1053
498163,987,1054
498164,984,1052
498165,982,1051
498166,979,1054
498167,979,1053
498168,984,1054
498169,987,1051
498170,985,1048
498171,983,1047
498172,982,1044
498173,984,1047
498174,989,1048
498175,991,1047
498176,988,1047
498177,982,1044
498178,982,1047
498179,983,1050
498180,989,1053
498181,988,1055
498182,986,1055
498183,981,1053
498184,984,1054
498185,982,1057
498186,983,1057
498187,986,1058
498188,984,1056
498189,982,1053
498190,978,1054
498191,982,1057
498192,986,1058
498193,986,1058
498194,986,1054
498195,984,1052
498196,983,1053
498197,983,1054
498198,983,1057
498199,985,1057
498200,981,1054
498201,977,1052
498202,980,1053
498203,982,1055
498204,982,1058
498205,985,1058
498206,980,1056
498207,977,1055
498208,976,1056
498209,977,1059
498210,979,1061
498211,984,1061
498212,984,1059
498213,979,1056
498214,979,1056
498215,984,1058
498216,985,1058
498217,986,1056
498218,985,1052
498219,982,1050
498220,983,1050
498221,986,1052
498222,985,1053
498223,988,1054
498224,988,1050
498225,985,1048
498226,980,1048
498227,979,1049
498228,981,1051
498229,987,1051
498230,985,1048
498231,984,1046
498232,984,1049
498233,983,1050
498234,988,1052
498235,991,1050
498236,989,1048
498237,985,1046
498238,985,1046
498239,985,1047
498240,990,1048
498241,992,1049
498242,989,1047
498243,985,1047
498244,982,1048
498245,984,1052
498246,984,1053
498247,986,1054
498248,982,1051
498249,982,1051
498250,980,1051
498251,981,1056
498252,980,1058
498253,983,1057
498254,982,1054
498255,980,1051
498256,978,1052
498257,978,1053
498258,977,1054
498259,978,1054
498260,978,1052
498261,978,1051
498262,978,1052
498263,979,1053
498264,983,1056
498265,985,1055
498266,984,1051
498267,983,1049
498268,978,1051
498269,977,1054
498270,982,1056
498271,981,1053
498272,984,1050
498273,983,1048
498274,981,1047
498275,982,1051
498276,987,1052
498277,987,1052
498278,984,1048
498279,981,1049
498280,979,1049
498281,983,1053
498282,987,1055
498283,990,1052
498284,989,1052
498285,984,1046
498286,982,1048
498287,981,1052
498288,982,1053
498289,985,1051
498290,985,1050
498291,984,1045
498292,983,1049
498293,985,1054
498294,989,1056
498295,990,1055
498296,989,1054
498297,984,1051
498298,986,1053
498299,985,1053
498300,987,1055
498301,994,1052
498302,992,1048
498303,991,1047
498304,991,1047
498305,988,1050
498306,988,1053
498307,989,1053
498308,987,1050
498309,984,1046
498310,982,1048
498311,986,1050
498312,987,1054
498313,988,1051
498314,989,1051
498315,984,1046
498316,978,1047
498317,981,1051
498318,982,1055
498319,982,1055
498320,984,1053
498321,980,1051
498322,978,1050
498323,979,1054
498324,984,1058
498325,986,1054
498326,985,1054
498327,982,1050
498328,979,1050
498329,981,1055
498330,982,1058
498331,985,1057
498332,984,1053
498333,982,1050
498334,981,1050
498335,986,1052
498336,988,1052
498337,989,1049
498338,988,1048
498339,982,1043
498340,979,1045
498341,981,1048
498342,983,1052
498343,987,1051
498344,985,1048
498345,983,1047
498346,985,1046
498347,985,1048
498348,988,1050
498349,991,1050
498350,990,1048
498351,989,1045
498352,989,1046
498353,990,1046
498354,990,1052
498355,991,1051
498356,991,1049
498357,988,1046
498358,987,1048
498359,990,1048
498360,993,1051
498361,995,1051
498362,993,1050
498363,991,1045
498364,990,1045
498365,997,1046
498366,998,1049
498367,996,1048
498368,990,1048
498369,984,1049
498370,985,1050
498371,988,1053
498372,993,1057
498373,994,1057
498374,996,1053
498375,995,1053
498376,992,1053
498377,997,1053
498378,998,1054
498379,1003,1051
498380,1006,1045
498381,1008,1039
498382,1018,1035
498383,1032,1036
498384,1049,1033
498385,1068,1030
498386,1091,1023
498387,1112,1011
498388,1138,999
498389,1168,991
498390,1199,985
498391,1231,983
498392,1260,989
498393,1276,1000
498394,1277,1020
498395,1262,1033
498396,1227,1040
498397,1181,1045
498398,1134,1051
498399,1084,1057
498400,1040,1062
498401,1007,1069
498402,991,1074
498403,988,1071
498404,992,1062
498405,995,1053
498406,995,1047
498407,995,1049
498408,994,1050
498409,991,1050
498410,985,1049
498411,982,1048
498412,978,1050
498413,978,1051
498414,976,1055
498415,979,1054
498416,976,1053
498417,971,1052
498418,970,1051
498419,971,1054
498420,972,1057
498421,974,1053
498422,967,1051
498423,968,1047
498424,967,1049
498425,966,1051
498426,967,1054
498427,966,1053
498428,965,1050
498429,961,1051
498430,962,1050
498431,962,1053
498432,965,1055
498433,962,1057
498434,963,1052
498435,962,1050
498436,960,1052
498437,960,1052
498438,963,1054
498439,964,1055
498440,964,1051
498441,961,1049
498442,960,1050
498443,961,1052
498444,963,1054
498445,964,1053
498446,963,1051
498447,961,1047
498448,960,1049
498449,963,1051
498450,967,1054
498451,968,1051
498452,968,1049
498453,966,1048
498454,964,1050
498455,967,1049
498456,970,1050
498457,972,1048
498458,970,1048
498459,969,1046
498460,969,1044
498461,972,1045
498462,977,1048
498463,977,1047
498464,975,1045
498465,977,1042
498466,975,1038
498467,977,1043
498468,978,1044
498469,980,1042
498470,980,1037
498471,982,1034
498472,980,1035
498473,984,1034
498474,989,1036
498475,992,1032
498476,992,1031
498477,988,1030
498478,984,1030
498479,987,1031
498480,993,1032
498481,994,1030
498482,993,1028
498483,992,1026
498484,991,1030
498485,994,1031
498486,992,1030
498487,997,1030
498488,999,1027
498489,998,1025
498490,998,1028
498491,1000,1029
498492,1001,1031
498493,1002,1028
498494,1002,1027
498495,1001,1025
498496,997,1024
498497,1000,1027
498498,1005,1029
498499,1006,1027
498500,1005,1026
498501,1004,1024
498502,1004,1024
498503,1006,1027
498504,1009,1027
498505,1012,1026
498506,1008,1021
498507,1005,1021
498508,1004,1019
498509,1009,1021
498510,1011,1025
498511,1012,1026
498512,1010,1022
498513,1006,1021
498514,1003,1022
498515,1003,1023
498516,1004,1028
498517,1005,1026
498518,1003,1026
498519,997,1026
498520,994,1028
498521,995,1031
498522,997,1035
498523,996,1034
498524,992,1031
498525,988,1034
498526,985,1037
498527,986,1041
498528,989,1041
498529,988,1040
498530,984,1040
498531,977,1041
498532,977,1043
498533,980,1045
498534,980,1051
498535,982,1047
498536,978,1045
498537,976,1044
498538,972,1045
498539,975,1049
498540,977,1053
498541,979,1051
498542,978,1050
498543,976,1047
498544,971,1049
498545,976,1051
498546,978,1055
498547,980,1052
498548,980,1050
498549,978,1046
498550,976,1046
498551,979,1047
498552,979,1049
498553,978,1048
498554,979,1045
498555,971,1043
498556,976,1046
498557,978,1043
498558,982,1047
498559,983,1045
498560,982,1041
498561,982,1040
498562,982,1037
498563,984,1042
498564,984,1043
498565,985,1039
498566,982,1038
498567,979,1034
498568,975,1036
498569,979,1035
498570,984,1036
498571,986,1038
498572,982,1034
498573,982,1035
498574,980,1034
498575,980,1037
498576,982,1040
498577,985,1038
498578,986,1038
498579,984,1033
498580,980,1036
498581,980,1042
498582,983,1044
498583,984,1042
498584,984,1043
498585,981,1040
498586,976,1041
498587,978,1045
498588,980,1046
498589,982,1046
498590,979,1046
498591,977,1043
498592,975,1046
498593,973,1048
498594,974,1051
498595,978,1051
498596,977,1049
498597,974,1046
498598,975,1047
498599,973,1047
498600,975,1051
498601,978,1048
498602,971,1046
498603,967,1046
498604,968,1046
498605,971,1046
498606,974,1049
498607,975,1049
498608,971,1046
498609,971,1042
498610,970,1044
498611,967,1046
498612,970,1051
498613,975,1046
498614,975,1045
498615,971,1040
498616,973,1041
498617,972,1043
498618,976,1043
498619,981,1041
498620,977,1041
498621,975,1037
498622,971,1038
498623,970,1040
498624,975,1042
498625,975,1040
498626,974,1039
498627,971,1036
498628,966,1039
498629,966,1044
498630,966,1047
498631,970,1047
498632,968,1044
498633,966,1043
498634,965,1043
498635,969,1045
498636,970,1047
498637,970,1047
498638,967,1045
498639,967,1043
498640,968,1047
498641,970,1048
498642,970,1050
498643,970,1047
498644,969,1045
498645,965,1044
498646,965,1045
498647,967,1045
498648,970,1049
498649,973,1045
498650,969,1046
498651,969,1044
498652,966,1043
498653,969,1046
498654,971,1051
498655,971,1050
498656,973,1045
498657,972,1044
498658,967,1043
498659,970,1047
498660,973,1049
498661,974,1045
498662,974,1044
498663,971,1040
498664,969,1039
498665,968,1042
498666,974,1047
498667,976,1045
498668,974,1044
498669,971,1041
498670,968,1043
498671,968,1045
498672,970,1046
498673,975,1045
498674,976,1044
498675,973,1040
498676,972,1041
498677,975,1044
498678,979,1045
498679,977,1048
498680,978,1045
498681,973,1042
498682,974,1041
498683,974,1047
498684,979,1049
498685,985,1048
498686,981,1045
498687,978,1042
498688,978,1043
498689,976,1042
498690,980,1045
498691,985,1041
498692,987,1035
498693,991,1031
498694,999,1029
498695,1010,1030
498696,1025,1027
498697,1043,1023
498698,1061,1015
498699,1082,1002
498700,1106,992
498701,1138,986
498702,1175,987
498703,1207,990
498704,1237,1003
498705,1252,1018
498706,1246,1034
498707,1228,1044
498708,1193,1049
498709,1146,1054
498710,1095,1064
498711,1042,1075
498712,998,1084
498713,966,1094
498714,963,1095
498715,969,1085
498716,974,1070
498717,978,1057
498718,979,1048
498719,977,1045
498720,977,1047
498721,972,1043
498722,969,1040
498723,964,1038
498724,961,1037
498725,961,1041
498726,962,1043
498727,964,1045
498728,959,1043
498729,956,1042
498730,953,1042
498731,953,1045
498732,956,1045
498733,957,1043
498734,955,1043
498735,952,1041
498736,951,1042
498737,956,1043
498738,955,1047
498739,953,1046
498740,949,1043
498741,946,1042
498742,947,1041
498743,951,1047
498744,953,1050
498745,955,1048
498746,954,1047
498747,952,1044
498748,951,1045
498749,953,1047
498750,955,1049
498751,956,1048
498752,954,1049
498753,953,1046
498754,957,1045
498755,957,1049
498756,957,1049
498757,960,1047
498758,955,1044
498759,953,1041
498760,951,1036
498761,956,1038
498762,958,1039
498763,960,1036
498764,960,1033
498765,960,1032
498766,959,1032
498767,959,1033
498768,962,1032
498769,963,1029
498770,963,1027
498771,961,1026
498772,962,1023
498773,967,1027
498774,972,1028
498775,971,1024
498776,972,1020
498777,969,1019
498778,969,1017
498779,968,1019
498780,970,1020
498781,972,1018
498782,971,1016
498783,975,1011
498784,975,1008
498785,975,1012
498786,980,1010
498787,981,1009
498788,980,1007
498789,979,1002
498790,977,1005
498791,981,1008
498792,986,1011
498793,988,1009
498794,983,1007
498795,981,1003
498796,985,1003
498797,987,1005
498798,989,1007
498799,991,1005
498800,990,1005
498801,990,1002
498802,992,1004
498803,996,1005
498804,997,1008
498805,999,1008
498806,995,1006
498807,994,1004
498808,995,1005
498809,995,1008
498810,1000,1013
498811,1000,1015
498812,1000,1013
498813,995,1014
498814,992,1015
498815,991,1021
498816,994,1026
498817,992,1028
498818,993,1027
498819,990,1027
498820,983,1030
498821,983,1035
498822,987,1039
498823,988,1039
498824,983,1040
498825,981,1042
498826,979,1040
498827,981,1044
498828,981,1048
498829,981,1048
498830,979,1048
498831,971,1048
498832,973,1047
498833,976,1048
498834,977,1053
498835,981,1053
498836,982,1048
498837,980,1046
498838,980,1048
498839,984,1051
498840,991,1055
498841,994,1050
498842,995,1049
498843,995,1047
498844,999,1050
498845,1006,1054
498846,1012,1056
498847,1015,1058
498848,1020,1054
498849,1025,1048
498850,1036,1040
498851,1051,1031
498852,1066,1017
498853,1075,999
498854,1086,982
498855,1096,969
498856,1112,952
498857,1129,942
498858,1148,925
498859,1165,904
498860,1178,880
498861,1191,855
498862,1207,837
498863,1225,824
498864,1237,815
498865,1243,807
498866,1243,804
498867,1237,803
498868,1234,803
498869,1231,803
498870,1227,807
498871,1216,806
498872,1198,805
498873,1175,808
498874,1147,816
498875,1129,830
498876,1108,844
498877,1084,857
498878,1063,870
498879,1044,881
498880,1034,898
498881,1033,918
498882,1032,933
498883,1027,942
498884,1022,950
498885,1017,956
498886,1023,967
498887,1033,978
498888,1049,986
498889,1064,988
498890,1067,987
498891,1058,993
498892,1036,1004
498893,1010,1017
498894,981,1033
498895,958,1048
498896,942,1064
498897,936,1074
498898,931,1088
498899,930,1095
498900,927,1104
498901,920,1103
498902,916,1105
498903,910,1105
498904,904,1111
498905,905,1115
498906,906,1120
498907,907,1121
498908,901,1120
498909,897,1122
498910,894,1123
498911,892,1128
498912,893,1131
498913,894,1130
498914,889,1129
498915,887,1128
498916,884,1130
498917,884,1136
498918,885,1139
498919,889,1138
498920,887,1139
498921,883,1139
498922,880,1145
498923,884,1146
498924,887,1153
498925,885,1151
498926,884,1153
498927,882,1154
498928,881,1154
498929,881,1162
498930,885,1165
498931,885,1166
498932,884,1165
498933,881,1167
498934,881,1174
498935,881,1179
498936,883,1183
498937,882,1184
498938,882,1185
498939,880,1187
498940,876,1191
498941,883,1194
498942,887,1199
498943,887,1199
498944,888,1202
498945,887,1202
498946,886,1206
498947,890,1211
498948,893,1213
498949,896,1211
498950,895,1211
498951,894,1209
498952,897,1210
498953,903,1211
498954,906,1210
498955,910,1204
498956,913,1201
498957,911,1195
498958,908,1188
498959,914,1191
498960,922,1187
498961,922,1183
498962,927,1175
498963,927,1170
498964,931,1164
498965,937,1158
498966,943,1156
498967,950,1150
498968,948,1142
498969,946,1137
498970,947,1132
498971,952,1129
498972,958,1128
498973,961,1121
498974,963,1113
498975,962,1107
498976,962,1100
498977,965,1099
498978,968,1098
498979,971,1093
498980,970,1086
498981,970,1080
498982,966,1081
498983,970,1080
498984,968,1084
498985,973,1077
498986,971,1071
498987,970,1067
498988,968,1066
498989,967,1070
498990,972,1071
498991,976,1068
498992,974,1067
498993,969,1063
498994,970,1062
498995,970,1063
498996,974,1065
498997,974,1063
498998,972,1058
498999,964,1055
499000,968,1057
499001,968,1055
499002,970,1059
499003,972,1060
499004,971,1054
499005,971,1051
499006,969,1052
499007,967,1052
499008,971,1053
499009,973,1052
499010,972,1049
499011,971,1048
499012,968,1048
499013,972,1048
499014,974,1053
499015,974,1051
499016,974,1048
499017,970,1044
499018,971,1044
499019,972,1049
499020,974,1051
499021,978,1050
499022,978,1050
499023,977,1046
499024,975,1047
499025,977,1051
499026,980,1054
499027,981,1054
499028,979,1051
499029,980,1050
499030,977,1051
499031,981,1053
499032,983,1054
499033,979,1053
499034,977,1052
499035,976,1047
499036,976,1050
499037,977,1053
499038,979,1057
499039,977,1054
499040,980,1053
499041,975,1051
499042,976,1051
499043,974,1055
499044,979,1056
499045,977,1053
499046,980,1052
499047,976,1047
499048,979,1047
499049,980,1050
499050,982,1053
499051,981,1051
499052,978,1049
499053,976,1048
499054,970,1046
499055,975,1050
499056,975,1051
499057,974,1050
499058,973,1047
499059,971,1045
499060,972,1045
499061,973,1049
499062,974,1052
499063,973,1052
499064,972,1050
499065,970,1047
499066,971,1050
499067,971,1053
499068,976,1055
499069,976,1056
499070,974,1052
499071,968,1051
499072,969,1051
499073,972,1053
499074,976,1056
499075,976,1053
499076,975,1049
499077,973,1047
499078,976,1048
499079,979,1050
499080,980,1053
499081,982,1049
499082,983,1048
499083,978,1042
499084,977,1046
499085,981,1049
499086,983,1053
499087,985,1051
499088,984,1051
499089,981,1049
499090,980,1049
499091,983,1051
499092,982,1055
499093,981,1055
499094,983,1049
499095,979,1049
499096,981,1050
499097,983,1051
499098,983,1053
499099,982,1052
499100,983,1051
499101,979,1050
499102,977,1051
499103,982,1052
499104,984,1051
499105,985,1050
499106,984,1045
499107,978,1046
499108,978,1044
499109,979,1046
499110,982,1049
499111,978,1049
499112,976,1047
499113,975,1046
499114,974,1046
499115,976,1050
499116,980,1052
499117,978,1051
499118,977,1050
499119,972,1046
499120,970,1048
499121,973,1051
499122,979,1056
499123,979,1052
499124,979,1050
499125,978,1050
499126,972,1049
499127,978,1051
499128,981,1053
499129,982,1052
499130,980,1051
499131,978,1049
499132,979,1047
499133,985,1054
499134,984,1056
499135,987,1054
499136,984,1052
499137,980,1050
499138,979,1051
499139,981,1054
499140,983,1055
499141,987,1055
499142,985,1052
499143,982,1050
499144,983,1052
499145,985,1052
499146,986,1054
499147,985,1053
499148,984,1049
499149,982,1047
499150,982,1050
499151,979,1050
499152,982,1052
499153,985,1051
499154,981,1045
499155,977,1045
499156,976,1049
499157,982,1050
499158,985,1053
499159,984,1052
499160,983,1050
499161,979,1050
499162,978,1046
499163,980,1050
499164,983,1053
499165,984,1053
499166,982,1051
499167,979,1048
499168,977,1050
499169,980,1052
499170,984,1055
499171,984,1051
499172,985,1052
499173,983,1048
499174,981,1047
499175,984,1050
499176,983,1055
499177,985,1053
499178,985,1047
499179,982,1046
499180,982,1048
499181,984,1052
499182,988,1055
499183,989,1055
499184,987,1051
499185,988,1049
499186,987,1049
499187,991,1051
499188,993,1054
499189,991,1055
499190,991,1052
499191,989,1049
499192,985,1047
499193,986,1048
499194,991,1049
499195,992,1050
499196,989,1046
499197,987,1043
499198,985,1044
499199,988,1048
499200,989,1052
499201,989,1051
499202,983,1048
499203,980,1049
499204,980,1049
499205,982,1052
499206,986,1055
499207,987,1053
499208,986,1050
499209,979,1048
499210,978,1050
499211,982,1054
499212,986,1054
499213,986,1051
499214,984,1050
499215,983,1046
499216,983,1048
499217,984,1050
499218,987,1053
499219,988,1054
499220,986,1050
499221,984,1048
499222,984,1048
499223,986,1053
499224,988,1053
499225,991,1051
499226,991,1047
499227,988,1044
499228,988,1043
499229,990,1046
499230,993,1046
499231,996,1044
499232,995,1040
499233,993,1041
499234,993,1041
499235,992,1047
499236,996,1050
499237,995,1048
499238,990,1048
499239,989,1048
499240,986,1049
499241,989,1052
499242,991,1055
499243,992,1055
499244,992,1052
499245,988,1053
499246,988,1054
499247,986,1058
499248,989,1060
499249,990,1057
499250,990,1055
499251,988,1057
499252,988,1054
499253,988,1056
499254,991,1061
499255,993,1060
499256,991,1056
499257,988,1052
499258,988,1053
499259,990,1054
499260,994,1058
499261,995,1056
499262,995,1053
499263,991,1050
499264,990,1050
499265,994,1053
499266,997,1054
499267,998,1052
499268,999,1047
499269,999,1047
499270,996,1043
499271,1001,1044
499272,1006,1043
499273,1011,1035
499274,1015,1029
499275,1024,1024
499276,1041,1023
499277,1062,1022
499278,1092,1018
499279,1125,999
499280,1159,985
499281,1191,975
499282,1220,974
499283,1253,982
499284,1278,999
499285,1282,1017
499286,1260,1028
499287,1216,1039
499288,1164,1049
499289,1112,1064
499290,1068,1075
499291,1027,1081
499292,997,1081
499293,989,1079
499294,993,1073
499295,1001,1068
499296,1006,1063
499297,1005,1060
499298,999,1057
499299,991,1056
499300,986,1055
499301,984,1058
499302,983,1060
499303,985,1059
499304,982,1054
499305,975,1054
499306,974,1052
499307,977,1054
499308,978,1057
499309,975,1055
499310,973,1053
499311,967,1052
499312,969,1049
499313,969,1053
499314,970,1055
499315,975,1053
499316,969,1052
499317,968,1051
499318,965,1051
499319,969,1054
499320,973,1057
499321,973,1055
499322,970,1051
499323,966,1052
499324,966,1055
499325,968,1055
499326,972,1062
499327,973,1059
499328,970,1059
499329,965,1059
499330,966,1059
499331,968,1061
499332,971,1065
499333,974,1065
499334,971,1061
499335,969,1059
499336,967,1059
499337,970,1060
499338,971,1063
499339,970,1062
499340,970,1058
499341,968,1055
499342,965,1057
499343,969,1060
499344,974,1061
499345,972,1059
499346,974,1055
499347,970,1051
499348,970,1052
499349,973,1053
499350,975,1056
499351,979,1052
499352,977,1045
499353,976,1043
499354,976,1041
499355,978,1043
499356,983,1044
499357,985,1039
499358,984,1036
499359,981,1036
499360,982,1034
499361,983,1036
499362,990,1037
499363,993,1033
499364,994,1032
499365,991,1030
499366,990,1029
499367,997,1031
499368,998,1031
499369,1002,1028
499370,1005,1027
499371,1003,1023
499372,1005,1023
499373,1008,1026
499374,1010,1027
499375,1011,1024
499376,1008,1022
499377,1005,1021
499378,1007,1022
499379,1010,1022
499380,1017,1027
499381,1019,1025
499382,1020,1025
499383,1019,1020
499384,1021,1019
499385,1023,1021
499386,1025,1021
499387,1027,1023
499388,1029,1020
499389,1025,1017
499390,1026,1019
499391,1026,1023
499392,1032,1025
499393,1033,1024
499394,1029,1023
499395,1026,1021
499396,1024,1025
499397,1022,1027
499398,1025,1031
499399,1023,1033
499400,1023,1033
499401,1019,1032
499402,1016,1035
499403,1014,1036
499404,1017,1042
499405,1014,1042
499406,1010,1044
499407,1004,1041
499408,1002,1043
499409,1003,1047
499410,1005,1051
499411,1004,1051
499412,1000,1048
499413,1000,1048
499414,999,1049
499415,1000,1052
499416,1001,1054
499417,1001,1051
499418,1000,1050
499419,998,1050
499420,994,1049
499421,995,1055
499422,998,1055
499423,997,1054
499424,995,1052
499425,992,1049
499426,991,1053
499427,991,1055
499428,994,1059
499429,993,1055
499430,993,1054
499431,988,1052
499432,989,1053
499433,989,1058
499434,991,1061
499435,993,1058
499436,992,1053
499437,986,1052
499438,986,1052
499439,990,1057
499440,992,1057
499441,992,1055
499442,994,1052
499443,991,1051
499444,989,1051
499445,991,1054
499446,991,1054
499447,995,1053
499448,992,1050
499449,989,1048
499450,990,1049
499451,992,1051
499452,994,1052
499453,993,1050
499454,994,1047
499455,990,1044
499456,988,1047
499457,992,1048
499458,998,1051
499459,999,1053
499460,994,1049
499461,993,1047
499462,990,1050
499463,992,1050
499464,992,1055
499465,994,1054
499466,990,1053
499467,991,1049
499468,989,1050
499469,990,1051
499470,991,1057
499471,993,1056
499472,992,1053
499473,987,1053
499474,983,1053
499475,985,1054
499476,988,1056
499477,990,1056
499478,987,1055
499479,985,1053
499480,985,1056
499481,985,1056
499482,985,1061
499483,987,1058
499484,985,1056
499485,982,1056
499486,980,1054
499487,984,1056
499488,984,1059
499489,986,1059
499490,983,1056
499491,978,1055
499492,979,1055
499493,978,1059
499494,981,1061
499495,980,1059
499496,980,1056
499497,980,1054
499498,979,1054
499499,981,1055
499500,984,1058
499501,982,1057
499502,982,1054
499503,978,1051
499504,978,1051
499505,979,1055
499506,985,1056
499507,985,1056
499508,983,1055
499509,982,1053
499510,978,1055
499511,984,1057
499512,987,1061
499513,987,1058
499514,987,1055
499515,984,1052
499516,977,1049
499517,985,1055
499518,988,1058
499519,988,1056
499520,988,1054
499521,984,1052
499522,984,1051
499523,987,1057
499524,990,1055
499525,989,1057
499526,987,1053
499527,985,1048
499528,984,1051
499529,983,1055
499530,983,1058
499531,985,1056
499532,985,1054
499533,982,1054
499534,980,1054
499535,980,1058
499536,984,1061
499537,983,1060
499538,979,1057
499539,978,1053
499540,979,1056
499541,980,1057
499542,983,1061
499543,984,1060
499544,981,1057
499545,978,1058
499546,972,1056
499547,974,1059
499548,975,1063
499549,976,1059
499550,976,1056
499551,974,1056
499552,976,1059
499553,979,1062
499554,980,1064
499555,983,1064
499556,978,1061
499557,978,1056
499558,978,1058
499559,979,1059
499560,983,1059
499561,986,1057
499562,987,1054
499563,979,1051
499564,981,1054
499565,984,1054
499566,988,1058
499567,988,1053
499568,985,1053
499569,983,1050
499570,986,1052
499571,989,1055
499572,990,1058
499573,990,1057
499574,987,1057
499575,984,1053
499576,984,1055
499577,985,1059
499578,988,1059
499579,988,1059
499580,987,1056
499581,982,1053
499582,982,1054
499583,985,1057
499584,986,1059
499585,985,1059
499586,980,1055
499587,979,1055
499588,981,1057
499589,982,1058
499590,984,1062
499591,984,1059
499592,983,1059
499593,979,1055
499594,979,1056
499595,980,1059
499596,985,1062
499597,987,1060
499598,986,1056
499599,986,1051
499600,985,1054
499601,988,1055
499602,991,1057
499603,990,1055
499604,989,1050
499605,987,1048
499606,984,1048
499607,987,1051
499608,989,1055
499609,990,1052
499610,988,1050
499611,987,1049
499612,988,1050
499613,990,1051
499614,990,1053
499615,992,1054
499616,992,1051
499617,989,1048
499618,988,1049
499619,993,1052
499620,991,1056
499621,993,1052
499622,991,1049
499623,985,1052
499624,984,1055
499625,987,1057
499626,988,1059
499627,990,1059
499628,987,1057
499629,986,1054
499630,984,1057
499631,986,1060
499632,988,1062
499633,988,1059
499634,988,1058
499635,985,1056
499636,986,1055
499637,988,1060
499638,991,1062
499639,992,1062
499640,989,1059
499641,988,1055
499642,986,1058
499643,989,1059
499644,993,1064
499645,994,1058
499646,994,1060
499647,990,1055
499648,989,1056
499649,989,1056
499650,991,1060
499651,994,1060
499652,992,1056
499653,990,1050
499654,990,1052
499655,992,1054
499656,995,1058
499657,996,1057
499658,990,1053
499659,989,1052
499660,986,1052
499661,990,1057
499662,992,1059
499663,993,1058
499664,991,1053
499665,990,1053
499666,984,1055
499667,991,1056
499668,991,1056
499669,995,1058
499670,992,1056
499671,987,1053
499672,986,1051
499673,987,1053
499674,989,1055
499675,992,1055
499676,992,1050
499677,991,1048
499678,990,1051
499679,989,1054
499680,992,1057
499681,992,1056
499682,990,1053
499683,989,1051
499684,992,1051
499685,995,1053
499686,995,1056
499687,1001,1054
499688,997,1052
499689,994,1051
499690,991,1051
499691,994,1054
499692,998,1054
499693,998,1052
499694,999,1049
499695,994,1048
499696,993,1048
499697,994,1051
499698,998,1055
499699,999,1053
499700,998,1051
499701,996,1049
499702,995,1050
499703,996,1055
499704,1001,1057
499705,1000,1056
499706,999,1054
499707,996,1053
499708,997,1057
499709,997,1061
499710,1000,1062
499711,1001,1061
499712,1004,1057
499713,997,1052
499714,998,1053
499715,1000,1054
499716,1004,1056
499717,1007,1057
499718,1007,1053
499719,1005,1049
499720,1005,1048
499721,1009,1048
499722,1015,1047
499723,1026,1043
499724,1038,1035
499725,1052,1031
499726,1071,1029
499727,1097,1025
499728,1128,1015
499729,1159,1000
499730,1183,988
499731,1212,980
499732,1243,983
499733,1271,996
499734,1284,1014
499735,1274,1030
499736,1242,1040
499737,1197,1045
499738,1150,1055
499739,1105,1069
499740,1063,1080
499741,1025,1082
499742,1000,1085
499743,993,1081
499744,996,1075
499745,1004,1069
499746,1012,1065
499747,1012,1060
499748,1004,1057
499749,996,1053
499750,995,1054
499751,994,1055
499752,994,1056
499753,997,1054
499754,992,1051
499755,986,1051
499756,987,1052
499757,986,1053
499758,988,1058
499759,988,1056
499760,987,1053
499761,982,1051
499762,979,1055
499763,981,1057
499764,985,1059
499765,985,1058
499766,982,1059
499767,979,1054
499768,976,1057
499769,978,1059
499770,981,1063
499771,982,1061
499772,982,1059
499773,979,1054
499774,975,1056
499775,980,1056
499776,980,1059
499777,983,1060
499778,980,1055
499779,976,1055
499780,975,1056
499781,977,1058
499782,980,1062
499783,981,1061
499784,978,1061
499785,974,1058
499786,976,1059
499787,975,1062
499788,980,1064
499789,980,1061
499790,980,1057
499791,978,1057
499792,977,1055
499793,983,1058
499794,981,1057
499795,983,1055
499796,981,1051
499797,984,1049
499798,982,1050
499799,986,1051
499800,989,1048
499801,991,1050
499802,991,1048
499803,990,1042
499804,990,1046
499805,991,1047
499806,997,1048
499807,998,1047
499808,998,1042
499809,996,1037
499810,997,1042
499811,1000,1042
499812,1003,1044
499813,1008,1041
499814,1006,1039
499815,1002,1035
499816,1004,1036
499817,1007,1036
499818,1013,1037
499819,1012,1035
499820,1015,1033
499821,1012,1030
499822,1012,1029
499823,1012,1033
499824,1014,1033
499825,1019,1034
499826,1018,1029
499827,1015,1025
499828,1012,1027
499829,1016,1029
499830,1020,1031
499831,1020,1029
499832,1020,1025
499833,1017,1021
499834,1017,1024
499835,1020,1025
499836,1022,1026
499837,1023,1025
499838,1023,1021
499839,1022,1019
499840,1022,1020
499841,1023,1024
499842,1029,1024
499843,1030,1026
499844,1028,1023
499845,1027,1022
499846,1028,1024
499847,1025,1026
499848,1028,1031
499849,1025,1030
499850,1023,1029
499851,1021,1027
499852,1017,1033
499853,1020,1037
499854,1021,1039
499855,1016,1040
499856,1013,1039
499857,1010,1038
499858,1007,1039
499859,1006,1044
499860,1009,1050
499861,1009,1049
499862,1010,1048
499863,1005,1048
499864,1001,1048
499865,1001,1051
499866,1005,1058
499867,1002,1057
499868,1002,1055
499869,996,1053
499870,1001,1054
499871,1000,1057
499872,1002,1059
499873,1002,1059
499874,999,1054
499875,997,1053
499876,997,1055
499877,996,1058
499878,999,1057
499879,1000,1055
499880,999,1051
499881,994,1051
499882,995,1051
499883,998,1055
499884,1002,1052
499885,1001,1055
499886,993,1050
499887,992,1050
499888,994,1048
499889,997,1053
499890,1000,1055
499891,1002,1051
499892,997,1050
499893,992,1047
499894,992,1048
499895,993,1052
499896,998,1050
499897,998,1047
499898,1000,1046
499899,995,1045
499900,998,1045
499901,999,1047
499902,1001,1051
499903,1001,1049
499904,999,1048
499905,996,1043
499906,996,1046
499907,1000,1048
499908,998,1049
499909,1001,1049
499910,998,1045
499911,997,1043
499912,996,1043
499913,996,1047
499914,999,1048
499915,1000,1048
499916,1000,1046
499917,998,1043
499918,994,1042
499919,1000,1046
499920,1002,1050
499921,1003,1047
499922,1000,1046
499923,997,1043
499924,995,1046
499925,996,1049
499926,998,1051
499927,999,1049
499928,996,1047
499929,992,1046
499930,993,1047
499931,993,1051
499932,997,1054
499933,997,1053
499934,997,1050
499935,992,1051
499936,994,1051
499937,994,1054
499938,998,1056
499939,999,1055
499940,997,1052
499941,992,1051
499942,990,1049
499943,990,1052
499944,993,1055
499945,995,1051
499946,992,1050
499947,990,1049
499948,991,1053
499949,994,1053
499950,996,1054
499951,996,1053
499952,994,1048
499953,995,1048
499954,993,1046
499955,997,1051
499956,999,1055
499957,1001,1052
499958,1000,1049
499959,995,1048
499960,995,1050
499961,999,1052
499962,995,1053
499963,998,1053
499964,998,1050
499965,995,1048
499966,995,1048
499967,999,1051
499968,1002,1053
499969,1002,1051
499970,999,1048
499971,996,1048
499972,994,1049
499973,995,1052
499974,999,1054
499975,1000,1053
499976,1001,1050
499977,999,1048
499978,999,1049
499979,998,1051
499980,1004,1055
499981,1007,1052
499982,1007,1049
499983,1001,1043
499984,1008,1041
499985,1017,1043
499986,1029,1042
499987,1040,1039
499988,1054,1032
499989,1072,1027
499990,1093,1020
499991,1123,1010
499992,1158,1002
499993,1191,991
499994,1221,987
499995,1249,992
499996,1272,1009
499997,1280,1029
499998,1265,1040
499999,1227,1042
500000,1174,1047
500001,1117,1058
500002,1058,1080
500003,1012,1097
500004,986,1107
500005,981,1106
500006,986,1097
500007,992,1080
500008,999,1071
500009,1001,1065
500010,1002,1063
500011,1000,1058
500012,995,1056
500013,989,1052
500014,986,1056
500015,987,1055
500016,989,1059
500017,985,1056
500018,982,1055
500019,980,1055
500020,979,1054
500021,980,1056
500022,982,1061
500023,980,1060
500024,978,1056
500025,974,1055
500026,973,1059
500027,973,1057
500028,977,1059
500029,976,1059
500030,975,1054
500031,975,1055
500032,975,1054
500033,978,1057
500034,979,1060
500035,980,1058
500036,975,1057
500037,971,1055
500038,975,1056
500039,977,1060
500040,979,1059
500041,979,1060
500042,976,1056
500043,972,1053
500044,975,1057
500045,975,1057
500046,981,1059
500047,979,1060
500048,979,1056
500049,977,1052
500050,975,1053
500051,979,1057
500052,980,1059
500053,980,1057
500054,978,1053
500055,976,1048
500056,974,1046
500057,978,1046
500058,981,1049
500059,984,1046
500060,981,1044
500061,977,1039
500062,977,1040
500063,980,1040
500064,985,1044
500065,986,1044
500066,987,1041
500067,985,1040
500068,987,1042
500069,987,1042
500070,992,1042
500071,996,1040
500072,994,1036
500073,992,1034
500074,990,1031
500075,992,1035
500076,994,1035
500077,1000,1033
500078,998,1027
500079,998,1023
500080,996,1025
500081,1000,1026
500082,1003,1026
500083,1006,1024
500084,1000,1020
500085,1003,1015
500086,1003,1018
500087,1005,1019
500088,1006,1021
500089,1008,1018
500090,1008,1011
500091,1005,1012
500092,1005,1010
500093,1008,1016
500094,1010,1016
500095,1010,1014
500096,1010,1010
500097,1008,1009
500098,1008,1008
500099,1010,1010
500100,1014,1013
500101,1014,1012
500102,1016,1008
500103,1014,1007
500104,1011,1011
500105,1014,1011
500106,1017,1015
500107,1018,1012
500108,1019,1013
500109,1015,1010
500110,1014,1015
500111,1014,1019
500112,1018,1022
500113,1015,1021
500114,1011,1023
500115,1007,1023
500116,1005,1029
500117,1008,1034
500118,1006,1039
500119,1005,1042
500120,1001,1040
500121,996,1040
500122,994,1043
500123,992,1048
500124,991,1053
500125,989,1054
500126,988,1055
500127,986,1055
500128,982,1057
500129,981,1061
500130,987,1064
500131,984,1064
500132,982,1060
500133,980,1061
500134,978,1062
500135,980,1063
500136,979,1066
500137,979,1066
500138,979,1061
500139,977,1059
500140,975,1059
500141,978,1064
500142,980,1064
500143,979,1063
500144,977,1061
500145,972,1060
500146,973,1059
500147,974,1061
500148,977,1060
500149,977,1057
500150,975,1057
500151,975,1055
500152,976,1055
500153,975,1060
500154,979,1061
500155,981,1061
500156,979,1058
500157,977,1056
500158,978,1057
500159,980,1059
500160,982,1061
500161,985,1059
500162,984,1057
500163,982,1054
500164,983,1057
500165,985,1059
500166,986,1062
500167,986,1058
500168,984,1055
500169,982,1055
500170,981,1056
500171,986,1060
500172,987,1063
500173,988,1062
500174,987,1059
500175,984,1059
500176,983,1059
500177,984,1063
500178,983,1062
500179,984,1062
500180,983,1060
500181,981,1058
500182,981,1062
500183,980,1063
500184,983,1064
500185,984,1062
500186,981,1059
500187,978,1058
500188,974,1060
500189,977,1061
500190,979,1063
500191,981,1063
500192,978,1061
500193,975,1058
500194,975,1060
500195,975,1061
500196,976,1064
500197,973,1062
500198,974,1059
500199,971,1058
500200,968,1058
500201,970,1062
500202,975,1064
500203,975,1063
500204,975,1060
500205,969,1056
500206,970,1059
500207,973,1060
500208,974,1062
500209,975,1062
500210,973,1060
500211,970,1055
500212,970,1059
500213,974,1060
500214,977,1064
500215,978,1062
500216,976,1061
500217,971,1057
500218,971,1062
500219,975,1063
500220,975,1066
500221,977,1063
500222,977,1062
500223,975,1059
500224,974,1063
500225,976,1063
500226,979,1065
500227,979,1063
500228,977,1060
500229,971,1056
500230,968,1057
500231,975,1061
500232,976,1064
500233,978,1062
500234,975,1059
500235,971,1059
500236,971,1063
500237,975,1066
500238,978,1066
500239,977,1065
500240,974,1063
500241,971,1061
500242,972,1062
500243,972,1064
500244,974,1068
500245,978,1064
500246,975,1061
500247,972,1060
500248,973,1059
500249,975,1066
500250,977,1065
500251,980,1065
500252,979,1064
500253,974,1060
500254,978,1061
500255,978,1065
500256,980,1064
500257,981,1064
500258,980,1062
500259,980,1060
500260,979,1059
500261,980,1060
500262,984,1061
500263,983,1061
500264,980,1055
500265,978,1052
500266,981,1054
500267,987,1059
500268,985,1059
500269,990,1059
500270,990,1054
500271,987,1052
500272,987,1051
500273,995,1049
500274,1002,1052
500275,1015,1048
500276,1027,1040
500277,1036,1034
500278,1057,1031
500279,1081,1025
500280,1113,1017
500281,1142,1001
500282,1172,990
500283,1200,985
500284,1230,990
500285,1254,1005
500286,1264,1021
500287,1255,1039
500288,1227,1045
500289,1181,1047
500290,1131,1060
500291,1079,1081
500292,1032,1098
500293,991,1107
500294,968,1110
500295,962,1107
500296,970,1101
500297,979,1094
500298,986,1086
500299,985,1079
500300,984,1071
500301,977,1065
500302,974,1065
500303,975,1065
500304,977,1070
500305,975,1067
500306,976,1064
500307,970,1059
500308,968,1062
500309,968,1063
500310,971,1064
500311,971,1062
500312,967,1059
500313,966,1057
500314,964,1061
500315,966,1058
500316,965,1064
500317,967,1061
500318,965,1060
500319,961,1057
500320,960,1057
500321,960,1062
500322,962,1066
500323,963,1066
500324,962,1059
500325,960,1058
500326,960,1059
500327,961,1060
500328,965,1064
500329,963,1062
500330,962,1060
500331,958,1059
500332,957,1060
500333,958,1064
500334,962,1064
500335,964,1065
500336,961,1064
500337,956,1061
500338,955,1064
500339,956,1068
500340,958,1069
500341,959,1067
500342,960,1065
500343,959,1061
500344,956,1061
500345,959,1062
500346,963,1065
500347,968,1062
500348,966,1058
500349,964,1059
500350,964,1058
500351,966,1061
500352,969,1061
500353,968,1060
500354,970,1056
500355,970,1053
500356,970,1050
500357,973,1049
500358,977,1053
500359,978,1048
500360,976,1044
500361,975,1040
500362,977,1040
500363,978,1042
500364,984,1044
500365,982,1039
500366,983,1036
500367,984,1033
500368,984,1031
500369,985,1033
500370,992,1032
500371,993,1031
500372,990,1027
500373,985,1023
500374,989,1025
500375,992,1027
500376,992,1028
500377,995,1024
500378,991,1020
500379,992,1018
500380,989,1020
500381,991,1022
500382,994,1024
500383,996,1023
500384,992,1020
500385,994,1018
500386,993,1020
500387,994,1022
500388,999,1022
500389,1000,1021
500390,1002,1018
500391,997,1016
500392,997,1020
500393,995,1024
500394,1000,1024
500395,1003,1025
500396,1004,1022
500397,999,1023
500398,999,1026
500399,1001,1031
500400,1005,1035
500401,1001,1038
500402,998,1037
500403,994,1037
500404,993,1042
500405,994,1045
500406,995,1051
500407,994,1051
500408,992,1051
500409,987,1048
500410,987,1055
500411,988,1059
500412,987,1061
500413,986,1060
500414,985,1058
500415,980,1058
500416,980,1059
500417,982,1061
500418,981,1065
500419,983,1067
500420,983,1063
500421,978,1060
500422,979,1060
500423,974,1063
500424,978,1066
500425,977,1063
500426,979,1060
500427,974,1059
500428,973,1057
500429,975,1059
500430,977,1062
500431,977,1058
500432,974,1055
500433,972,1050
500434,974,1053
500435,974,1054
500436,978,1056
500437,979,1055
500438,977,1055
500439,976,1055
500440,979,1055
500441,977,1057
500442,981,1058
500443,982,1057
500444,977,1057
500445,974,1052
500446,976,1054
500447,978,1058
500448,977,1059
500449,981,1055
500450,979,1056
500451,973,1054
500452,975,1057
500453,978,1060
500454,976,1062
500455,979,1061
500456,979,1058
500457,977,1058
500458,977,1057
500459,978,1060
500460,982,1062
500461,983,1059
500462,981,1059
500463,979,1056
500464,977,1059
500465,980,1062
500466,982,1062
500467,984,1061
500468,980,1057
500469,978,1055
500470,977,1058
500471,982,1061
500472,983,1062
500473,986,1060
500474,980,1058
500475,976,1056
500476,976,1055
500477,978,1059
500478,981,1060
500479,981,1059
500480,978,1055
500481,973,1055
500482,974,1055
500483,976,1060
500484,977,1062
500485,976,1063
500486,973,1059
500487,967,1059
500488,968,1061
500489,966,1062
500490,972,1065
500491,973,1063
500492,972,1061
500493,967,1061
500494,968,1061
500495,969,1064
500496,970,1066
500497,971,1065
500498,971,1063
500499,968,1061
500500,969,1062
500501,974,1064
500502,974,1069
500503,973,1071
500504,972,1066
500505,971,1065
500506,970,1067
500507,971,1071
500508,973,1072
500509,977,1071
500510,979,1066
500511,974,1062
500512,974,1063
500513,976,1065
500514,977,1066
500515,979,1064
500516,978,1060
500517,972,1057
500518,973,1059
500519,975,1058
500520,979,1062
500521,977,1058
500522,978,1054
500523,972,1056
500524,972,1057
500525,975,1058
500526,976,1059
500527,977,1059
500528,976,1056
500529,970,1053
500530,974,1056
500531,975,1057
500532,978,1060
500533,982,1058
500534,976,1057
500535,975,1056
500536,974,1055
500537,977,1061
500538,979,1060
500539,982,1061
500540,977,1058
500541,973,1057
500542,975,1060
500543,977,1061
500544,981,1065
500545,979,1062
500546,976,1061
500547,975,1059
500548,974,1060
500549,976,1062
500550,980,1063
500551,976,1062
500552,976,1061
500553,975,1059
500554,973,1062
500555,974,1064
500556,977,1066
500557,976,1065
500558,973,1063
500559,970,1061
500560,971,1065
500561,971,1069
500562,975,1070
500563,976,1068
500564,978,1064
500565,977,1061
500566,974,1063
500567,973,1067
500568,977,1069
500569,974,1067
500570,973,1064
500571,972,1062
500572,974,1063
500573,975,1066
500574,979,1067
500575,978,1068
500576,975,1063
500577,974,1062
500578,974,1062
500579,977,1064
500580,977,1065
500581,981,1064
500582,977,1062
500583,974,1059
500584,978,1064
500585,983,1062
500586,981,1065
500587,981,1061
500588,977,1061
500589,976,1057
500590,976,1060
500591,978,1061
500592,982,1061
500593,986,1060
500594,984,1057
500595,980,1055
500596,982,1058
500597,984,1061
500598,985,1060
500599,985,1059
500600,982,1056
500601,980,1054
500602,980,1054
500603,984,1058
500604,988,1059
500605,989,1058
500606,983,1058
500607,982,1055
500608,982,1057
500609,984,1059
500610,987,1063
500611,985,1058
500612,987,1058
500613,979,1056
500614,980,1055
500615,986,1059
500616,989,1061
500617,989,1059
500618,986,1057
500619,984,1056
500620,987,1059
500621,991,1058
500622,997,1062
500623,1000,1059
500624,1003,1051
500625,1009,1049
500626,1020,1045
500627,1036,1045
500628,1057,1043
500629,1080,1036
500630,1105,1023
500631,1130,1011
500632,1163,1001
500633,1199,996
500634,1234,995
500635,1265,1000
500636,1279,1009
500637,1280,1026
500638,1255,1041
500639,1211,1049
500640,1159,1061
500641,1103,1071
500642,1048,1078
500643,1008,1084
500644,986,1088
500645,981,1088
500646,990,1084
500647,998,1074
500648,1003,1063
500649,994,1054
500650,990,1056
500651,992,1057
500652,991,1060
500653,989,1059
500654,987,1057
500655,980,1057
500656,977,1057
500657,976,1062
500658,977,1065
500659,973,1063
500660,973,1062
500661,968,1059
500662,967,1062
500663,969,1062
500664,969,1064
500665,969,1065
500666,968,1063
500667,966,1059
500668,962,1060
500669,964,1063
500670,965,1065
500671,965,1061
500672,961,1059
500673,964,1057
500674,964,1060
500675,964,1059
500676,968,1062
500677,968,1062
500678,967,1059
500679,964,1055
500680,963,1056
500681,963,1061
500682,968,1062
500683,966,1059
500684,964,1055
500685,964,1054
500686,967,1056
500687,968,1060
500688,972,1059
500689,972,1057
500690,971,1055
500691,967,1054
500692,969,1055
500693,971,1056
500694,974,1057
500695,977,1058
500696,972,1053
500697,974,1053
500698,974,1050
500699,977,1053
500700,980,1056
500701,981,1054
500702,980,1051
500703,975,1049
500704,980,1049
500705,984,1051
500706,987,1051
500707,986,1050
500708,983,1046
500709,980,1045
500710,980,1044
500711,985,1047
500712,988,1050
500713,990,1045
500714,988,1040
500715,984,1036
500716,988,1040
500717,992,1041
500718,993,1040
500719,996,1036
500720,994,1033
500721,993,1031
500722,994,1032
500723,996,1033
500724,1002,1034
500725,1001,1031
500726,1001,1025
500727,998,1025
500728,999,1023
500729,1005,1026
500730,1009,1029
500731,1010,1025
500732,1011,1024
500733,1007,1020
500734,1011,1021
500735,1015,1022
500736,1019,1023
500737,1018,1020
500738,1017,1018
500739,1018,1019
500740,1018,1019
500741,1023,1022
500742,1026,1024
500743,1023,1027
500744,1022,1024
500745,1019,1028
500746,1016,1031
500747,1018,1035
500748,1019,1039
500749,1018,1040
500750,1015,1041
500751,1010,1038
500752,1008,1040
500753,1007,1045
500754,1010,1048
500755,1008,1046
500756,1002,1045
500757,995,1045
500758,992,1046
500759,992,1051
500760,996,1054
500761,993,1053
500762,991,1054
500763,988,1053
500764,986,1056
500765,989,1056
500766,992,1059
500767,991,1056
500768,988,1052
500769,980,1052
500770,984,1050
500771,986,1054
500772,989,1056
500773,989,1054
500774,987,1051
500775,984,1046
500776,982,1049
500777,985,1051
500778,988,1054
500779,991,1051
500780,990,1050
500781,988,1049
500782,989,1050
500783,988,1055
500784,993,1057
500785,993,1054
500786,990,1050
500787,990,1047
500788,991,1048
500789,994,1054
500790,997,1054
500791,998,1051
500792,995,1052
500793,994,1047
500794,995,1050
500795,994,1053
500796,995,1055
500797,993,1053
500798,993,1052
500799,991,1050
500800,994,1053
500801,995,1056
500802,999,1057
500803,998,1054
500804,993,1053
500805,989,1051
500806,988,1051
500807,993,1055
500808,993,1058
500809,992,1057
500810,989,1057
500811,991,1053
500812,990,1053
500813,992,1056
500814,994,1058
500815,992,1056
500816,992,1053
500817,990,1050
500818,988,1053
500819,991,1057
500820,993,1057
500821,991,1056
500822,990,1051
500823,985,1051
500824,985,1049
500825,985,1054
500826,987,1055
500827,988,1053
500828,987,1050
500829,981,1047
500830,983,1049
500831,986,1054
500832,988,1056
500833,989,1054
500834,985,1053
500835,982,1049
500836,983,1052
500837,984,1055
500838,987,1055
500839,990,1055
500840,987,1050
500841,988,1048
500842,989,1052
500843,991,1053
500844,991,1057
500845,990,1059
500846,990,1053
500847,989,1054
500848,988,1054
500849,991,1056
500850,993,1059
500851,995,1059
500852,992,1055
500853,989,1054
500854,989,1055
500855,989,1059
500856,993,1059
500857,989,1058
500858,989,1056
500859,983,1054
500860,983,1055
500861,986,1057
500862,988,1062
500863,988,1062
500864,986,1058
500865,983,1057
500866,980,1058
500867,984,1061
500868,987,1062
500869,985,1061
500870,983,1057
500871,980,1056
500872,979,1057
500873,984,1059
500874,984,1061
500875,984,1058
500876,981,1057
500877,977,1055
500878,978,1056
500879,980,1060
500880,985,1057
500881,984,1059
500882,985,1054
500883,982,1053
500884,980,1054
500885,980,1058
500886,988,1058
500887,989,1059
500888,987,1052
500889,985,1051
500890,986,1054
500891,989,1056
500892,991,1058
500893,990,1058
500894,992,1053
500895,987,1052
500896,990,1054
500897,994,1054
500898,996,1053
500899,998,1053
500900,998,1050
500901,995,1048
500902,994,1049
500903,993,1055
500904,996,1053
500905,996,1053
500906,994,1050
500907,995,1050
500908,995,1052
500909,996,1052
500910,1000,1054
500911,1003,1049
500912,1004,1045
500913,1008,1041
500914,1018,1039
500915,1031,1040
500916,1051,1037
500917,1072,1031
500918,1096,1019
500919,1123,1004
500920,1154,991
500921,1188,986
500922,1226,990
500923,1254,999
500924,1268,1016
500925,1250,1030
500926,1215,1044
500927,1171,1055
500928,1119,1067
500929,1063,1082
500930,1011,1091
500931,978,1097
500932,969,1101
500933,975,1094
500934,984,1087
500935,991,1075
500936,993,1064
500937,990,1060
500938,986,1056
500939,989,1059
500940,987,1061
500941,984,1060
500942,977,1057
500943,975,1053
500944,972,1057
500945,975,1059
500946,976,1060
500947,975,1057
500948,976,1056
500949,970,1052
500950,972,1056
500951,970,1056
500952,975,1058
500953,973,1056
500954,972,1055
500955,969,1054
500956,965,1055
500957,970,1058
500958,972,1064
500959,972,1061
500960,967,1060
500961,966,1057
500962,967,1060
500963,965,1061
500964,966,1064
500965,968,1062
500966,964,1058
500967,962,1056
500968,963,1057
500969,964,1057
500970,966,1059
500971,969,1055
500972,962,1056
500973,961,1055
500974,960,1056
500975,963,1056
500976,966,1054
500977,966,1053
500978,967,1051
500979,967,1048
500980,967,1047
500981,970,1050
500982,973,1049
500983,973,1046
500984,972,1042
500985,969,1040
500986,973,1042
500987,976,1044
500988,979,1050
500989,980,1045
500990,979,1040
500991,977,1039
500992,976,1039
500993,980,1041
500994,979,1044
500995,985,1036
500996,983,1033
500997,984,1031
500998,987,1034
500999,990,1036
501000,996,1034
501001,995,1032
501002,995,1028
501003,992,1026
501004,994,1026
501005,998,1028
501006,1000,1031
501007,1001,1026
501008,1001,1026
501009,998,1021
501010,995,1025
501011,997,1026
501012,998,1028
501013,1001,1028
501014,999,1024
501015,996,1022
501016,999,1024
501017,999,1025
501018,1006,1023
501019,1007,1020
501020,1004,1017
501021,1003,1013
501022,1003,1016
501023,1003,1019
501024,1008,1018
501025,1010,1017
501026,1008,1014
501027,1006,1014
501028,1009,1016
501029,1012,1019
501030,1015,1021
501031,1014,1023
501032,1011,1019
501033,1009,1019
501034,1005,1023
501035,1006,1025
501036,1008,1031
501037,1005,1033
501038,1006,1033
501039,997,1034
501040,995,1039
501041,995,1041
501042,998,1046
501043,996,1049
501044,991,1051
501045,986,1051
501046,986,1053
501047,988,1057
501048,990,1059
501049,990,1059
501050,985,1059
501051,980,1057
501052,979,1059
501053,983,1062
501054,985,1067
501055,984,1064
501056,981,1062
501057,975,1062
501058,977,1066
501059,979,1066
501060,978,1069
501061,977,1063
501062,976,1059
501063,972,1056
501064,971,1057
501065,973,1061
501066,977,1062
501067,979,1057
501068,978,1051
501069,974,1051
501070,973,1053
501071,975,1056
501072,974,1055
501073,980,1057
501074,979,1052
501075,979,1050
501076,979,1053
501077,981,1054
501078,981,1055
501079,982,1054
501080,979,1051
501081,980,1048
501082,980,1051
501083,983,1051
501084,984,1052
501085,982,1051
501086,985,1049
501087,981,1047
501088,979,1050
501089,978,1052
501090,980,1053
501091,977,1054
501092,975,1054
501093,974,1053
501094,975,1054
501095,978,1057
501096,982,1061
501097,980,1058
501098,974,1056
501099,968,1054
501100,970,1056
501101,974,1062
501102,975,1063
501103,977,1060
501104,976,1060
501105,972,1059
501106,969,1061
501107,970,1062
501108,971,1064
501109,971,1065
501110,968,1059
501111,968,1058
501112,968,1058
501113,969,1059
501114,972,1057
501115,974,1055
501116,972,1052
501117,969,1053
501118,968,1053
501119,970,1055
501120,971,1059
501121,972,1055
501122,971,1056
501123,970,1055
501124,971,1056
501125,971,1055
501126,972,1060
501127,972,1059
501128,970,1054
501129,968,1053
501130,969,1054
501131,973,1059
501132,975,1060
501133,976,1057
501134,973,1057
501135,969,1054
501136,969,1059
501137,970,1061
501138,970,1063
501139,972,1062
501140,969,1059
501141,965,1059
501142,971,1061
501143,969,1063
501144,975,1066
501145,972,1062
501146,967,1059
501147,966,1059
501148,967,1061
501149,967,1063
501150,972,1064
501151,972,1065
501152,969,1058
501153,972,1056
501154,970,1054
501155,970,1058
501156,970,1059
501157,972,1057
501158,969,1055
501159,968,1054
501160,970,1056
501161,971,1059
501162,974,1056
501163,972,1057
501164,968,1055
501165,963,1054
501166,965,1053
501167,968,1055
501168,969,1056
501169,967,1055
501170,964,1052
501171,965,1052
501172,967,1051
501173,970,1055
501174,972,1057
501175,973,1056
501176,972,1054
501177,969,1055
501178,970,1054
501179,975,1057
501180,975,1060
501181,972,1059
501182,967,1056
501183,964,1056
501184,964,1060
501185,967,1063
501186,973,1065
501187,970,1064
501188,965,1062
501189,964,1063
501190,964,1064
501191,965,1069
501192,969,1070
501193,969,1067
501194,964,1068
501195,963,1067
501196,964,1067
501197,967,1066
501198,972,1067
501199,973,1062
501200,971,1056
501201,967,1056
501202,965,1055
501203,965,1058
501204,969,1060
501205,972,1055
501206,967,1053
501207,962,1050
501208,965,1053
501209,964,1057
501210,967,1054
501211,966,1052
501212,963,1052
501213,963,1048
501214,962,1051
501215,966,1052
501216,971,1056
501217,971,1056
501218,969,1051
501219,966,1050
501220,967,1050
501221,965,1052
501222,969,1057
501223,971,1058
501224,969,1055
501225,966,1055
501226,968,1057
501227,974,1059
501228,976,1061
501229,972,1061
501230,969,1060
501231,965,1062
501232,964,1064
501233,971,1064
501234,975,1066
501235,974,1066
501236,972,1063
501237,971,1065
501238,970,1066
501239,973,1070
501240,973,1072
501241,974,1070
501242,972,1066
501243,972,1067
501244,974,1068
501245,975,1067
501246,977,1066
501247,978,1059
501248,975,1059
501249,971,1053
501250,971,1052
501251,973,1054
501252,976,1056
501253,976,1049
501254,972,1045
501255,969,1046
501256,968,1049
501257,971,1052
501258,972,1051
501259,973,1050
501260,969,1045
501261,968,1045
501262,967,1044
501263,971,1048
501264,971,1049
501265,970,1049
501266,971,1047
501267,966,1044
501268,968,1047
501269,972,1048
501270,974,1050
501271,975,1051
501272,970,1046
501273,969,1046
501274,969,1049
501275,970,1052
501276,974,1057
501277,974,1055
501278,974,1053
501279,971,1051
501280,972,1057
501281,974,1059
501282,975,1062
501283,975,1062
501284,977,1059
501285,970,1058
501286,970,1062
501287,975,1064
501288,977,1065
501289,975,1062
501290,974,1059
501291,972,1055
501292,977,1059
501293,979,1062
501294,979,1061
501295,979,1060
501296,976,1056
501297,975,1053
501298,975,1054
501299,976,1055
501300,980,1057
501301,980,1054
501302,977,1050
501303,977,1051
501304,975,1050
501305,977,1054
501306,978,1053
501307,979,1052
501308,977,1048
501309,975,1049
501310,976,1049
501311,975,1052
501312,977,1054
501313,978,1053
501314,976,1049
501315,976,1050
501316,975,1049
501317,975,1052
501318,980,1055
501319,980,1053
501320,979,1053
501321,978,1053
501322,977,1053
501323,979,1055
501324,984,1058
501325,983,1056
501326,983,1054
501327,981,1052
501328,984,1056
501329,988,1057
501330,992,1057
501331,991,1055
501332,988,1050
501333,988,1049
501334,987,1050
501335,990,1052
501336,995,1052
501337,999,1051
501338,996,1047
501339,995,1043
501340,997,1042
501341,999,1043
501342,1011,1042
501343,1020,1033
501344,1030,1028
501345,1043,1023
501346,1067,1022
501347,1094,1019
501348,1129,1006
501349,1164,992
501350,1196,984
501351,1223,985
501352,1253,995
501353,1271,1010
501354,1268,1032
501355,1247,1045
501356,1203,1048
501357,1150,1054
501358,1095,1066
501359,1046,1082
501360,1005,1094
501361,979,1095
501362,973,1093
501363,975,1080
501364,982,1073
501365,988,1065
501366,990,1064
501367,987,1061
501368,982,1059
501369,978,1056
501370,974,1057
501371,974,1064
501372,979,1063
501373,975,1060
501374,974,1060
501375,970,1058
501376,969,1060
501377,972,1063
501378,972,1065
501379,969,1063
501380,965,1059
501381,967,1062
501382,965,1060
501383,969,1062
501384,972,1065
501385,973,1061
501386,971,1057
501387,966,1058
501388,966,1060
501389,968,1062
501390,967,1062
501391,972,1061
501392,967,1054
501393,967,1057
501394,964,1055
501395,966,1059
501396,972,1059
501397,969,1053
501398,967,1048
501399,964,1045
501400,965,1050
501401,968,1051
501402,972,1053
501403,977,1053
501404,970,1045
501405,970,1045
501406,970,1047
501407,970,1049
501408,974,1049
501409,978,1048
501410,978,1046
501411,975,1044
501412,977,1043
501413,977,1048
501414,981,1044
501415,981,1044
501416,976,1043
501417,974,1044
501418,973,1043
501419,978,1046
501420,982,1047
501421,987,1042
501422,986,1041
501423,983,1039
501424,983,1041
501425,989,1041
501426,994,1042
501427,992,1039
501428,994,1035
501429,988,1034
501430,993,1034
501431,998,1037
501432,1004,1038
501433,1004,1033
501434,1000,1032
501435,998,1030
501436,1001,1030
501437,1003,1032
501438,1006,1031
501439,1008,1029
501440,1009,1023
501441,1004,1022
501442,1001,1020
501443,1007,1022
501444,1008,1022
501445,1008,1020
501446,1009,1018
501447,1011,1013
501448,1012,1016
501449,1014,1016
501450,1017,1018
501451,1018,1016
501452,1019,1012
501453,1016,1010
501454,1016,1011
501455,1018,1014
501456,1022,1014
501457,1022,1014
501458,1018,1012
501459,1015,1012
501460,1014,1015
501461,1012,1021
501462,1012,1024
501463,1012,1025
501464,1011,1023
501465,1007,1025
501466,1006,1032
501467,1007,1037
501468,1006,1039
501469,1004,1044
501470,1001,1041
501471,996,1040
501472,993,1045
501473,996,1050
501474,997,1054
501475,999,1053
501476,996,1048
501477,993,1048
501478,992,1052
501479,996,1055
501480,995,1056
501481,996,1054
501482,994,1050
501483,989,1050
501484,992,1052
501485,993,1054
501486,998,1055
501487,995,1056
501488,995,1052
501489,993,1052
501490,992,1052
501491,993,1052
501492,993,1055
501493,995,1053
501494,994,1049
501495,994,1051
501496,993,1051
501497,995,1051
501498,999,1056
501499,1001,1051
501500,995,1048
501501,993,1046
501502,993,1046
501503,994,1047
501504,997,1048
501505,993,1045
501506,992,1043
501507,989,1044
501508,990,1043
501509,991,1048
501510,992,1048
501511,989,1047
501512,988,1047
501513,985,1046
501514,984,1046
501515,989,1049
501516,990,1050
501517,990,1047
501518,988,1046
501519,985,1044
501520,985,1046
501521,989,1048
501522,991,1049
501523,991,1048
501524,987,1042
501525,987,1043
501526,990,1046
501527,992,1049
501528,992,1046
501529,993,1046
501530,991,1047
501531,987,1042
501532,989,1045
501533,992,1049
501534,996,1051
501535,995,1050
501536,992,1046
501537,987,1042
501538,988,1045
501539,990,1048
501540,991,1051
501541,992,1046
501542,990,1045
501543,990,1043
501544,990,1045
501545,993,1050
501546,995,1050
501547,993,1048
501548,991,1045
501549,985,1044
501550,987,1046
501551,991,1048
501552,993,1051
501553,994,1048
501554,991,1043
501555,988,1043
501556,988,1045
501557,990,1046
501558,992,1048
501559,988,1046
501560,986,1043
501561,985,1043
501562,984,1047
501563,987,1049
501564,989,1051
501565,989,1050
501566,986,1045
501567,985,1044
501568,984,1050
501569,990,1051
501570,993,1052
501571,994,1050
501572,995,1048
501573,992,1046
501574,991,1048
501575,996,1048
501576,999,1048
501577,1005,1042
501578,1010,1037
501579,1018,1033
501580,1028,1031
501581,1049,1031
501582,1076,1028
501583,1108,1016
501584,1138,1005
501585,1174,995
501586,1209,989
501587,1250,994
501588,1278,1006
501589,1287,1023
501590,1271,1035
501591,1238,1038
501592,1185,1042
501593,1137,1056
501594,1081,1072
501595,1027,1085
501596,988,1088
501597,975,1086
501598,976,1084
501599,986,1075
501600,995,1065
501601,995,1055
501602,989,1049
501603,986,1045
501604,984,1047
501605,983,1050
501606,982,1052
501607,981,1051
501608,978,1048
501609,974,1048
501610,971,1050
501611,973,1050
501612,973,1052
501613,972,1047
501614,969,1048
501615,965,1049
501616,965,1052
501617,968,1051
501618,970,1052
501619,969,1053
501620,968,1049
501621,963,1046
501622,965,1050
501623,966,1051
501624,968,1051
501625,967,1049
501626,964,1048
501627,963,1046
501628,966,1048
501629,968,1050
501630,972,1052
501631,970,1050
501632,968,1048
501633,967,1046
501634,964,1046
501635,971,1048
501636,974,1050
501637,974,1046
501638,970,1043
501639,968,1042
501640,973,1043
501641,975,1043
501642,977,1045
501643,975,1042
501644,974,1038
501645,973,1036
501646,970,1037
501647,975,1037
501648,980,1040
501649,981,1036
501650,977,1035
501651,976,1031
501652,976,1034
501653,977,1035
501654,981,1037
501655,984,1034
501656,985,1029
501657,984,1027
501658,984,1026
501659,989,1030
501660,994,1030
501661,993,1026
501662,992,1023
501663,989,1019
501664,991,1018
501665,995,1019
501666,999,1018
501667,1003,1009
501668,1001,1007
501669,1001,1006
501670,1005,1005
501671,1008,1007
501672,1007,1008
501673,1011,1004
501674,1008,1000
501675,1004,998
501676,1004,999
501677,1007,1001
501678,1011,1000
501679,1012,998
501680,1010,997
501681,1008,996
501682,1007,995
501683,1011,999
501684,1014,998
501685,1015,993
501686,1014,991
501687,1011,993
501688,1011,995
501689,1013,999
501690,1013,1002
501691,1013,1002
501692,1011,1002
501693,1006,1003
501694,1005,1007
501695,1008,1012
501696,1010,1016
501697,1008,1018
501698,1004,1019
501699,999,1021
501700,998,1025
501701,998,1028
501702,998,1036
501703,996,1038
501704,991,1036
501705,988,1037
501706,990,1039
501707,991,1045
501708,991,1047
501709,991,1049
501710,988,1047
501711,983,1050
501712,982,1051
501713,985,1053
501714,986,1055
501715,987,1051
501716,985,1050
501717,982,1049
501718,981,1052
501719,983,1055
501720,983,1056
501721,984,1056
501722,981,1050
501723,979,1048
501724,980,1052
501725,979,1055
501726,984,1054
501727,983,1051
501728,981,1048
501729,978,1046
501730,979,1047
501731,977,1049
501732,980,1051
501733,978,1048
501734,976,1044
501735,976,1042
501736,976,1046
501737,980,1049
501738,984,1051
501739,983,1047
501740,977,1042
501741,973,1042
501742,973,1044
501743,976,1048
501744,980,1047
501745,983,1047
501746,980,1045
501747,977,1042
501748,981,1046
501749,981,1047
501750,986,1048
501751,986,1044
501752,984,1042
501753,981,1044
501754,981,1043
501755,986,1047
501756,987,1052
501757,990,1049
501758,984,1047
501759,981,1045
501760,981,1049
501761,984,1053
501762,987,1052
501763,986,1052
501764,986,1049
501765,982,1047
501766,982,1050
501767,984,1052
501768,984,1052
501769,984,1051
501770,982,1048
501771,980,1049
501772,980,1050
501773,982,1050
501774,988,1054
501775,986,1052
501776,982,1047
501777,980,1048
501778,975,1050
501779,980,1051
501780,980,1053
501781,979,1052
501782,975,1050
501783,975,1049
501784,972,1051
501785,975,1053
501786,977,1053
501787,978,1053
501788,971,1049
501789,972,1047
501790,970,1048
501791,974,1049
501792,978,1049
501793,973,1048
501794,971,1043
501795,970,1045
501796,973,1045
501797,975,1051
501798,978,1049
501799,979,1048
501800,975,1045
501801,973,1044
501802,974,1047
501803,977,1050
501804,980,1051
501805,979,1048
501806,977,1045
501807,976,1046
501808,975,1048
501809,979,1050
501810,979,1052
501811,980,1051
501812,978,1048
501813,978,1050
501814,978,1052
501815,977,1055
501816,983,1055
501817,982,1056
501818,978,1050
501819,976,1050
501820,977,1051
501821,981,1055
501822,982,1054
501823,983,1051
501824,981,1048
501825,977,1046
501826,976,1052
501827,977,1052
501828,981,1051
501829,982,1049
501830,977,1048
501831,976,1045
501832,978,1047
501833,978,1048
501834,979,1049
501835,978,1049
501836,976,1047
501837,976,1046
501838,974,1049
501839,975,1053
501840,978,1053
501841,976,1053
501842,975,1052
501843,973,1051
501844,972,1051
501845,975,1055
501846,978,1055
501847,978,1054
501848,976,1051
501849,971,1051
501850,973,1053
501851,976,1054
501852,978,1056
501853,979,1054
501854,978,1050
501855,973,1050
501856,974,1052
501857,978,1054
501858,981,1055
501859,981,1055
501860,979,1049
501861,974,1051
501862,979,1055
501863,982,1059
501864,985,1060
501865,984,1057
501866,982,1052
501867,980,1055
501868,984,1055
501869,984,1056
501870,988,1059
501871,984,1053
501872,983,1051
501873,983,1048
501874,984,1051
501875,986,1052
501876,990,1053
501877,989,1048
501878,986,1046
501879,981,1045
501880,982,1048
501881,986,1049
501882,985,1052
501883,984,1049
501884,984,1046
501885,982,1046
501886,980,1049
501887,983,1052
501888,985,1056
501889,985,1054
501890,983,1051
501891,977,1051
501892,983,1051
501893,985,1053
501894,986,1054
501895,980,1051
501896,984,1048
501897,981,1047
501898,980,1051
501899,983,1058
501900,986,1055
501901,986,1054
501902,980,1050
501903,981,1050
501904,982,1051
501905,984,1055
501906,989,1054
501907,985,1055
501908,983,1051
501909,982,1050
501910,984,1050
501911,987,1052
501912,991,1053
501913,990,1051
501914,988,1048
501915,987,1047
501916,985,1048
501917,991,1052
501918,992,1053
501919,992,1051
501920,989,1048
501921,982,1045
501922,986,1046
501923,987,1048
501924,990,1050
501925,989,1047
501926,987,1046
501927,981,1044
501928,980,1045
501929,984,1050
501930,988,1050
501931,987,1048
501932,987,1047
501933,984,1047
501934,984,1048
501935,987,1052
501936,989,1054
501937,984,1053
501938,984,1050
501939,978,1051
501940,980,1052
501941,983,1055
501942,985,1055
501943,986,1051
501944,983,1048
501945,983,1047
501946,983,1048
501947,982,1052
501948,987,1053
501949,986,1052
501950,986,1050
501951,982,1051
501952,983,1054
501953,990,1056
501954,992,1054
501955,991,1053
501956,987,1052
501957,987,1052
501958,988,1053
501959,991,1053
501960,994,1054
501961,994,1053
501962,994,1050
501963,993,1051
501964,992,1051
501965,995,1054
501966,999,1050
501967,997,1047
501968,993,1047
501969,991,1046
501970,993,1046
501971,993,1049
501972,997,1052
501973,995,1049
501974,995,1048
501975,993,1048
501976,989,1050
501977,990,1050
501978,993,1050
501979,996,1049
501980,994,1048
501981,990,1045
501982,989,1047
501983,993,1051
501984,993,1052
501985,987,1051
501986,986,1047
501987,985,1047
501988,983,1047
501989,986,1054
501990,990,1052
501991,990,1051
501992,989,1046
501993,987,1044
501994,987,1045
501995,989,1048
501996,991,1050
501997,991,1047
501998,990,1046
501999,990,1043
502000,991,1046
502001,995,1048
502002,1001,1049
502003,1001,1047
502004,999,1047
502005,1000,1047
502006,1001,1043
502007,1006,1046
502008,1012,1043
502009,1019,1037
502010,1024,1030
502011,1034,1028
502012,1048,1029
502013,1073,1028
502014,1096,1023
502015,1122,1011
502016,1150,996
502017,1179,982
502018,1211,976
502019,1245,973
502020,1279,977
502021,1296,988
502022,1288,1004
502023,1255,1017
502024,1207,1030
502025,1152,1041
502026,1105,1052
502027,1056,1060
502028,1014,1066
502029,992,1069
502030,990,1070
502031,1000,1066
502032,1008,1058
502033,1005,1053
502034,997,1049
502035,990,1048
502036,986,1050
502037,986,1052
502038,985,1053
502039,985,1053
502040,982,1051
502041,978,1050
502042,975,1051
502043,977,1054
502044,978,1054
502045,975,1052
502046,974,1048
502047,968,1051
502048,968,1051
502049,972,1052
502050,976,1052
502051,972,1049
502052,972,1047
502053,966,1046
502054,967,1048
502055,970,1050
502056,975,1050
502057,975,1050
502058,975,1050
502059,974,1051
502060,974,1051
502061,976,1055
502062,979,1054
502063,972,1054
502064,972,1051
502065,970,1053
502066,973,1056
502067,979,1059
502068,980,1060
502069,977,1058
502070,978,1055
502071,976,1053
502072,978,1056
502073,978,1057
502074,981,1056
502075,979,1056
502076,977,1054
502077,974,1054
502078,976,1057
502079,980,1057
502080,981,1057
502081,981,1054
502082,978,1048
502083,975,1048
502084,976,1048
502085,977,1051
502086,982,1051
502087,983,1048
502088,982,1044
502089,979,1042
502090,984,1043
502091,985,1043
502092,991,1041
502093,988,1038
502094,990,1034
502095,987,1032
502096,989,1031
502097,990,1034
502098,997,1032
502099,999,1029
502100,1000,1024
502101,998,1024
502102,1000,1023
502103,1002,1022
502104,1006,1023
502105,1005,1021
502106,1004,1016
502107,1003,1016
502108,1007,1016
502109,1011,1018
502110,1015,1020
502111,1018,1021
502112,1014,1021
502113,1012,1019
502114,1018,1022
502115,1018,1025
502116,1021,1024
502117,1024,1024
502118,1020,1019
502119,1018,1020
502120,1018,1025
502121,1021,1024
502122,1026,1024
502123,1027,1019
502124,1026,1015
502125,1020,1016
502126,1024,1017
502127,1025,1020
502128,1027,1020
502129,1028,1021
502130,1023,1017
502131,1021,1016
502132,1021,1018
502133,1025,1021
502134,1026,1024
502135,1024,1023
502136,1021,1020
502137,1014,1021
502138,1014,1024
502139,1013,1027
502140,1021,1029
502141,1018,1029
502142,1011,1028
502143,1006,1030
502144,1004,1034
502145,1003,1038
502146,1009,1039
502147,1010,1039
502148,1005,1038
502149,1002,1036
502150,1000,1038
502151,1001,1041
502152,1004,1044
502153,1002,1042
502154,1000,1042
502155,995,1037
502156,992,1042
502157,995,1042
502158,1001,1043
502159,1001,1041
502160,997,1041
502161,994,1037
502162,994,1037
502163,996,1040
502164,997,1038
502165,995,1039
502166,991,1039
502167,992,1038
502168,994,1043
502169,995,1044
502170,998,1042
502171,996,1043
502172,992,1041
502173,988,1042
502174,989,1043
502175,991,1045
502176,995,1045
502177,996,1043
502178,992,1041
502179,988,1039
502180,992,1042
502181,993,1043
502182,994,1045
502183,994,1043
502184,990,1041
502185,989,1039
502186,989,1043
502187,993,1046
502188,991,1048
502189,990,1043
502190,990,1041
502191,989,1043
502192,990,1045
502193,995,1044
502194,997,1044
502195,995,1040
502196,992,1034
502197,989,1032
502198,988,1032
502199,992,1035
502200,998,1035
502201,995,1033
502202,990,1029
502203,989,1030
502204,988,1030
502205,991,1034
502206,993,1033
502207,994,1032
502208,992,1026
502209,989,1024
502210,988,1028
502211,988,1030
502212,991,1032
502213,992,1030
502214,991,1028
502215,984,1029
502216,985,1030
502217,988,1031
502218,986,1031
502219,987,1027
502220,984,1029
502221,984,1028
502222,983,1033
502223,986,1036
502224,987,1036
502225,986,1035
502226,985,1033
502227,982,1034
502228,982,1037
502229,984,1040
502230,985,1042
502231,987,1041
502232,987,1040
502233,983,1041
502234,978,1044
502235,981,1048
502236,984,1046
502237,981,1047
502238,983,1041
502239,981,1043
502240,983,1045
502241,987,1044
502242,991,1045
502243,989,1043
502244,986,1040
502245,983,1040
502246,984,1042
502247,987,1044
502248,989,1042
502249,990,1043
502250,988,1039
502251,987,1039
502252,985,1040
502253,985,1043
502254,989,1042
502255,987,1038
502256,985,1038
502257,984,1034
502258,985,1039
502259,984,1039
502260,984,1039
502261,984,1039
502262,981,1036
502263,979,1036
502264,979,1038
502265,982,1040
502266,982,1043
502267,979,1039
502268,977,1037
502269,975,1033
502270,976,1038
502271,975,1039
502272,976,1040
502273,976,1040
502274,971,1040
502275,974,1039
502276,974,1044
502277,979,1048
502278,980,1050
502279,982,1049
502280,981,1045
502281,981,1044
502282,984,1047
502283,986,1048
502284,989,1046
502285,986,1043
502286,986,1040
502287,985,1042
502288,985,1042
502289,988,1042
502290,990,1043
502291,989,1041
502292,983,1037
502293,981,1039
502294,983,1039
502295,988,1039
502296,989,1039
502297,991,1037
502298,986,1035
502299,982,1036
502300,983,1036
502301,988,1040
502302,990,1040
502303,989,1040
502304,986,1034
502305,981,1034
502306,981,1037
502307,982,1039
502308,987,1040
502309,983,1038
502310,984,1037
502311,980,1036
502312,979,1037
502313,980,1039
502314,983,1037
502315,981,1037
502316,982,1034
502317,982,1034
502318,982,1035
502319,981,1039
502320,982,1040
502321,977,1040
502322,978,1036
502323,975,1037
502324,975,1041
502325,980,1040
502326,982,1043
502327,984,1040
502328,982,1037
502329,982,1038
502330,982,1041
502331,987,1043
502332,991,1042
502333,992,1040
502334,991,1036
502335,984,1037
502336,984,1039
502337,986,1043
502338,990,1043
502339,988,1040
502340,986,1039
502341,984,1041
502342,984,1040
502343,988,1041
502344,989,1043
502345,989,1042
502346,987,1042
502347,985,1041
502348,987,1041
502349,990,1044
502350,987,1042
502351,988,1044
502352,984,1041
502353,982,1037
502354,980,1040
502355,985,1041
502356,989,1043
502357,989,1043
502358,986,1040
502359,984,1036
502360,987,1040
502361,987,1042
502362,988,1039
502363,987,1038
502364,987,1036
502365,982,1032
502366,984,1036
502367,983,1035
502368,989,1037
502369,988,1038
502370,987,1033
502371,981,1031
502372,981,1035
502373,981,1037
502374,983,1037
502375,983,1035
502376,984,1033
502377,980,1029
502378,986,1032
502379,990,1033
502380,995,1034
502381,991,1034
502382,988,1031
502383,985,1029
502384,988,1032
502385,989,1035
502386,994,1034
502387,990,1034
502388,990,1031
502389,989,1032
502390,992,1034
502391,990,1038
502392,993,1038
502393,992,1036
502394,988,1036
502395,985,1036
502396,988,1038
502397,989,1038
502398,991,1041
502399,991,1038
502400,987,1038
502401,985,1034
502402,988,1039
502403,988,1039
502404,993,1039
502405,991,1035
502406,986,1031
502407,984,1034
502408,988,1035
502409,991,1036
502410,992,1037
502411,992,1035
502412,984,1034
502413,983,1034
502414,984,1038
502415,984,1040
502416,991,1038
502417,992,1035
502418,991,1032
502419,990,1032
502420,992,1036
502421,989,1039
502422,994,1041
502423,996,1039
502424,994,1035
502425,990,1036
502426,989,1036
502427,992,1038
502428,996,1036
502429,995,1035
502430,993,1032
502431,989,1031
502432,992,1032
502433,995,1036
502434,997,1035
502435,998,1032
502436,992,1028
502437,993,1027
502438,993,1029
502439,991,1032
502440,990,1034
502441,992,1037
502442,994,1034
502443,989,1033
502444,993,1034
502445,998,1038
502446,1000,1036
502447,1000,1034
502448,996,1032
502449,992,1032
502450,994,1034
502451,991,1036
502452,996,1035
502453,992,1035
502454,992,1033
502455,993,1032
502456,991,1036
502457,992,1036
502458,997,1038
502459,996,1037
502460,993,1032
502461,992,1035
502462,992,1037
502463,994,1041
502464,995,1041
502465,994,1038
502466,994,1033
502467,992,1034
502468,991,1035
502469,992,1037
502470,996,1036
502471,995,1036
502472,989,1032
502473,985,1030
502474,990,1031
502475,992,1034
502476,996,1032
502477,994,1029
502478,994,1027
502479,990,1027
502480,990,1030
502481,989,1032
502482,997,1028
502483,995,1027
502484,992,1027
502485,988,1028
502486,991,1030
502487,993,1033
502488,997,1033
502489,996,1033
502490,993,1031
502491,988,1028
502492,988,1033
502493,993,1035
502494,1000,1034
502495,998,1033
502496,997,1033
502497,995,1031
502498,995,1034
502499,998,1038
502500,999,1040
502501,999,1040
502502,997,1035
502503,994,1037
502504,994,1040
502505,998,1043
502506,999,1043
502507,998,1039
502508,996,1037
502509,994,1037
502510,993,1038
502511,998,1041
502512,1000,1043
502513,999,1040
502514,997,1036
502515,996,1035
502516,998,1037
502517,1001,1036
502518,1001,1037
502519,1000,1035
502520,1000,1032
502521,997,1032
502522,998,1034
502523,1001,1034
502524,1003,1035
502525,1002,1036
502526,999,1031
502527,998,1030
502528,999,1035
502529,999,1034
502530,1002,1034
502531,1003,1030
502532,999,1030
502533,999,1028
502534,1002,1032
502535,1005,1034
502536,1009,1032
502537,1005,1031
502538,1002,1030
502539,998,1032
502540,1004,1033
502541,1007,1034
502542,1007,1032
502543,1010,1029
502544,1006,1030
502545,1006,1028
502546,1008,1029
502547,1010,1031
502548,1012,1032
502549,1010,1031
502550,1008,1026
502551,1008,1027
502552,1009,1032
502553,1012,1033
502554,1014,1034
502555,1016,1031
502556,1013,1028
502557,1013,1024
502558,1016,1026
502559,1021,1025
502560,1029,1024
502561,1038,1018
502562,1051,1014
502563,1063,1010
502564,1088,1008
502565,1115,1008
502566,1148,998
502567,1178,985
502568,1206,973
502569,1234,973
502570,1265,975
502571,1291,990
502572,1301,1005
502573,1290,1021
502574,1258,1027
502575,1217,1031
502576,1175,1038
502577,1132,1050
502578,1085,1062
502579,1037,1068
502580,1006,1074
502581,992,1077
502582,995,1076
502583,1002,1072
502584,1011,1063
502585,1009,1055
502586,1008,1046
502587,1006,1044
502588,1003,1046
502589,1005,1048
502590,1004,1047
502591,1002,1045
502592,996,1044
502593,994,1043
502594,992,1046
502595,995,1046
502596,996,1048
502597,997,1044
502598,994,1040
502599,989,1039
502600,990,1040
502601,990,1043
502602,992,1044
502603,991,1044
502604,987,1039
502605,987,1039
502606,988,1043
502607,990,1043
502608,990,1042
502609,989,1040
502610,984,1039
502611,980,1039
502612,980,1038
502613,982,1043
502614,986,1041
502615,987,1040
502616,984,1038
502617,981,1039
502618,983,1039
502619,983,1044
502620,987,1040
502621,988,1040
502622,986,1039
502623,983,1039
502624,983,1042
502625,986,1043
502626,988,1043
502627,988,1042
502628,987,1039
502629,985,1041
502630,984,1039
502631,989,1042
502632,992,1044
502633,991,1040
502634,989,1036
502635,987,1036
502636,988,1039
502637,992,1040
502638,996,1039
502639,996,1038
502640,996,1033
502641,990,1034
502642,994,1036
502643,996,1038
502644,1002,1034
502645,1005,1032
502646,1000,1027
502647,1001,1025
502648,1004,1025
502649,1006,1025
502650,1006,1025
502651,1007,1024
502652,1004,1016
502653,1003,1017
502654,1008,1017
502655,1013,1019
502656,1017,1017
502657,1017,1014
502658,1014,1009
502659,1012,1010
502660,1015,1010
502661,1019,1013
502662,1022,1010
502663,1023,1012
502664,1021,1007
502665,1018,1006
502666,1021,1006
502667,1023,1011
502668,1025,1008
502669,1028,1007
502670,1028,1005
502671,1025,1005
502672,1023,1008
502673,1026,1009
502674,1029,1011
502675,1029,1010
502676,1028,1006
502677,1027,1004
502678,1029,1007
502679,1032,1009
502680,1035,1010
502681,1035,1010
502682,1030,1007
502683,1033,1008
502684,1030,1011
502685,1034,1011
502686,1037,1014
502687,1035,1012
502688,1032,1012
502689,1031,1010
502690,1029,1015
502691,1031,1017
502692,1030,1016
502693,1030,1018
502694,1028,1015
502695,1023,1016
502696,1018,1022
502697,1018,1023
502698,1020,1024
502699,1019,1026
502700,1016,1020
502701,1010,1021
502702,1009,1025
502703,1010,1028
502704,1013,1028
502705,1011,1027
502706,1008,1027
502707,1005,1028
502708,1004,1030
502709,1008,1033
502710,1006,1034
502711,1009,1029
502712,1003,1029
502713,1002,1028
502714,1003,1034
502715,1003,1037
502716,1005,1036
502717,1004,1035
502718,1003,1037
502719,1000,1036
502720,1003,1041
502721,1005,1042
502722,1007,1043
502723,1002,1042
502724,998,1040
502725,998,1039
502726,999,1042
502727,1004,1043
502728,1006,1045
502729,1004,1042
502730,1002,1041
502731,1002,1039
502732,1004,1044
502733,1004,1049
502734,1006,1048
502735,1005,1046
502736,1003,1043
502737,1002,1043
502738,1003,1045
502739,1007,1044
502740,1008,1044
502741,1004,1040
502742,1004,1037
502743,1000,1039
502744,1002,1041
502745,1005,1042
502746,1007,1040
502747,1006,1039
502748,1005,1036
502749,1001,1037
502750,1004,1039
502751,1004,1039
502752,1006,1038
502753,1004,1035
502754,1003,1034
502755,1001,1033
502756,1002,1034
502757,1003,1036
502758,1008,1037
502759,1004,1034
502760,1001,1031
502761,1001,1033
502762,1001,1033
502763,1004,1037
502764,1005,1039
502765,1004,1036
502766,1002,1035
502767,1002,1035
502768,1003,1036
502769,1004,1041
502770,1006,1041
502771,1002,1040
502772,1002,1038
502773,1000,1038
502774,1000,1042
502775,1002,1047
502776,1004,1045
502777,1002,1043
502778,999,1043
502779,996,1042
502780,997,1044
502781,1001,1047
502782,1005,1045
502783,1000,1040
502784,996,1037
502785,996,1038
502786,996,1037
502787,999,1041
502788,1002,1040
502789,1000,1039
502790,998,1034
502791,997,1038
502792,995,1038
502793,999,1042
502794,1002,1043
502795,1001,1038
502796,999,1037
502797,997,1037
502798,1000,1041
502799,1002,1043
502800,1006,1042
502801,1005,1039
502802,1006,1035
502803,1005,1031
502804,1010,1029
502805,1017,1031
502806,1030,1028
502807,1037,1027
502808,1047,1019
502809,1060,1015
502810,1082,1017
502811,1109,1014
502812,1140,1004
502813,1172,991
502814,1204,982
502815,1232,981
502816,1264,986
502817,1285,1001
502818,1296,1019
502819,1281,1031
502820,1246,1031
502821,1196,1034
502822,1142,1049
502823,1090,1066
502824,1041,1082
502825,1003,1088
502826,982,1090
502827,981,1086
502828,987,1078
502829,998,1070
502830,1001,1065
502831,997,1057
502832,993,1048
502833,988,1047
502834,988,1048
502835,989,1051
502836,984,1051
502837,982,1048
502838,980,1048
502839,976,1047
502840,975,1050
502841,978,1052
502842,979,1054
502843,977,1050
502844,973,1048
502845,970,1048
502846,972,1049
502847,975,1052
502848,974,1052
502849,976,1048
502850,973,1044
502851,969,1047
502852,972,1047
502853,974,1049
502854,976,1049
502855,973,1046
502856,972,1045
502857,970,1044
502858,970,1048
502859,976,1047
502860,980,1049
502861,976,1044
502862,975,1043
502863,974,1043
502864,975,1044
502865,979,1048
502866,979,1045
502867,977,1043
502868,979,1039
502869,975,1039
502870,979,1039
502871,982,1041
502872,979,1042
502873,981,1039
502874,978,1038
502875,978,1039
502876,979,1039
502877,981,1043
502878,987,1042
502879,984,1039
502880,985,1036
502881,982,1038
502882,981,1039
502883,986,1041
502884,990,1039
502885,988,1037
502886,987,1032
502887,988,1031
502888,989,1032
502889,988,1035
502890,994,1033
502891,995,1027
502892,993,1022
502893,992,1020
502894,995,1020
502895,1000,1021
502896,1006,1020
502897,1004,1017
502898,1004,1011
502899,1002,1010
502900,1006,1009
502901,1007,1009
502902,1015,1006
502903,1017,1003
502904,1016,1001
502905,1014,998
502906,1017,998
502907,1022,1000
502908,1027,999
502909,1025,995
502910,1024,992
502911,1020,992
502912,1022,992
502913,1023,992
502914,1028,991
502915,1027,991
502916,1024,988
502917,1024,990
502918,1024,995
502919,1027,999
502920,1031,997
502921,1026,999
502922,1024,996
502923,1020,997
502924,1020,1004
502925,1019,1006
502926,1020,1008
502927,1021,1007
502928,1019,1010
502929,1014,1012
502930,1014,1015
502931,1015,1021
502932,1013,1024
502933,1011,1024
502934,1004,1025
502935,1001,1030
502936,1001,1034
502937,1000,1038
502938,1001,1041
502939,998,1039
502940,992,1040
502941,989,1042
502942,986,1046
502943,988,1051
502944,988,1050
502945,987,1048
502946,980,1046
502947,981,1048
502948,981,1049
502949,982,1050
502950,986,1052
502951,985,1051
502952,982,1048
502953,976,1051
502954,981,1050
502955,984,1056
502956,990,1055
502957,988,1054
502958,982,1049
502959,980,1051
502960,986,1052
502961,989,1056
502962,991,1056
502963,990,1055
502964,988,1052
502965,986,1051
502966,987,1054
502967,992,1057
502968,993,1056
502969,993,1051
502970,990,1049
502971,987,1046
502972,989,1049
502973,990,1047
502974,992,1052
502975,991,1047
502976,989,1046
502977,984,1046
502978,985,1049
502979,988,1051
502980,987,1052
502981,991,1048
502982,989,1044
502983,982,1044
502984,984,1048
502985,985,1049
502986,989,1046
502987,984,1046
502988,983,1042
502989,979,1043
502990,983,1047
502991,985,1048
502992,985,1047
502993,984,1046
502994,980,1044
502995,976,1043
502996,978,1046
502997,982,1048
502998,983,1048
502999,983,1046
503000,981,1043
503001,979,1045
503002,984,1047
503003,984,1048
503004,986,1049
503005,987,1045
503006,983,1045
503007,977,1049
503008,976,1055
503009,983,1055
503010,987,1056
503011,985,1052
503012,985,1048
503013,985,1049
503014,983,1049
503015,987,1055
503016,983,1055
503017,987,1052
503018,981,1051
503019,980,1051
503020,981,1052
503021,983,1058
503022,983,1056
503023,983,1054
503024,980,1052
503025,977,1052
503026,978,1052
503027,982,1056
503028,983,1052
503029,983,1050
503030,983,1050
503031,979,1050
503032,984,1051
503033,983,1057
503034,984,1054
503035,984,1053
503036,981,1050
503037,980,1050
503038,982,1052
503039,985,1055
503040,987,1054
503041,986,1055
503042,982,1051
503043,980,1051
503044,980,1054
503045,983,1056
503046,986,1054
503047,982,1052
503048,980,1049
503049,980,1052
503050,981,1054
503051,983,1056
503052,985,1055
503053,987,1053
503054,984,1048
503055,982,1051
503056,983,1052
503057,986,1055
503058,989,1056
503059,990,1052
503060,986,1050
503061,989,1051
503062,993,1051
503063,994,1050
503064,994,1051
503065,997,1044
503066,1000,1038
503067,1008,1036
503068,1018,1033
503069,1032,1032
503070,1055,1029
503071,1075,1022
503072,1103,1012
503073,1134,995
503074,1171,988
503075,1200,982
503076,1232,985
503077,1252,993
503078,1254,1004
503079,1235,1018
503080,1199,1027
503081,1160,1034
503082,1114,1049
503083,1062,1066
503084,1017,1076
503085,986,1084
503086,975,1091
503087,982,1086
503088,987,1075
503089,988,1063
503090,989,1055
503091,984,1052
503092,980,1053
503093,982,1054
503094,980,1055
503095,976,1052
503096,971,1052
503097,968,1051
503098,971,1056
503099,970,1058
503100,971,1058
503101,971,1054
503102,968,1051
503103,962,1053
503104,962,1055
503105,967,1058
503106,968,1059
503107,965,1055
503108,962,1054
503109,961,1052
503110,962,1052
503111,965,1057
503112,965,1056
503113,963,1053
503114,960,1050
503115,956,1052
503116,958,1056
503117,961,1057
503118,962,1057
503119,962,1052
503120,960,1051
503121,957,1053
503122,960,1057
503123,961,1057
503124,963,1056
503125,963,1055
503126,963,1053
503127,961,1054
503128,964,1056
503129,966,1059
503130,967,1057
503131,967,1052
503132,965,1049
503133,964,1050
503134,964,1050
503135,967,1052
503136,970,1053
503137,969,1050
503138,967,1044
503139,964,1047
503140,966,1047
503141,973,1051
503142,974,1048
503143,974,1044
503144,974,1039
503145,972,1042
503146,978,1039
503147,981,1040
503148,982,1035
503149,979,1033
503150,980,1029
503151,980,1029
503152,982,1026
503153,987,1028
503154,993,1024
503155,993,1020
503156,992,1015
503157,993,1015
503158,994,1017
503159,997,1017
503160,999,1017
503161,1000,1013
503162,1000,1009
503163,1001,1011
503164,1001,1012
503165,1002,1016
503166,1009,1010
503167,1008,1011
503168,1006,1008
503169,1003,1010
503170,1003,1011
503171,1008,1012
503172,1010,1011
503173,1010,1010
503174,1010,1008
503175,1008,1010
503176,1008,1016
503177,1010,1023
503178,1013,1024
503179,1013,1020
503180,1008,1019
503181,1005,1024
503182,1004,1025
503183,1009,1030
503184,1009,1031
503185,1005,1032
503186,1000,1029
503187,995,1035
503188,995,1039
503189,996,1042
503190,998,1046
503191,995,1044
503192,990,1040
503193,985,1043
503194,985,1046
503195,986,1047
503196,986,1050
503197,984,1046
503198,983,1045
503199,982,1045
503200,984,1046
503201,986,1049
503202,987,1047
503203,987,1045
503204,983,1043
503205,982,1043
503206,982,1046
503207,986,1049
503208,991,1048
503209,994,1044
503210,993,1043
503211,996,1045
503212,998,1048
503213,1005,1053
503214,1014,1051
503215,1017,1051
503216,1020,1050
503217,1025,1051
503218,1033,1055
503219,1044,1051
503220,1058,1041
503221,1067,1026
503222,1075,1004
503223,1085,988
503224,1101,982
503225,1114,971
503226,1129,955
503227,1141,938
503228,1154,920
503229,1169,899
503230,1188,877
503231,1207,861
503232,1222,840
503233,1232,823
503234,1235,811
503235,1233,811
503236,1234,812
503237,1231,811
503238,1233,810
503239,1225,808
503240,1213,803
503241,1198,802
503242,1177,805
503243,1162,812
503244,1141,817
503245,1116,824
503246,1093,834
503247,1067,845
503248,1045,862
503249,1035,878
503250,1032,892
503251,1025,905
503252,1016,917
503253,1008,932
503254,1007,944
503255,1010,958
503256,1021,966
503257,1030,976
503258,1039,986
503259,1046,991
503260,1048,995
503261,1039,1005
503262,1018,1014
503263,989,1024
503264,964,1036
503265,947,1052
503266,939,1071
503267,937,1087
503268,936,1098
503269,926,1099
503270,921,1098
503271,912,1103
503272,910,1107
503273,912,1113
503274,911,1115
503275,904,1112
503276,901,1112
503277,896,1114
503278,893,1118
503279,894,1122
503280,893,1125
503281,890,1125
503282,883,1125
503283,882,1127
503284,882,1135
503285,883,1139
503286,885,1140
503287,883,1140
503288,878,1136
503289,875,1136
503290,877,1139
503291,878,1142
503292,880,1140
503293,878,1142
503294,873,1142
503295,870,1145
503296,872,1148
503297,874,1152
503298,873,1153
503299,870,1153
503300,867,1152
503301,867,1158
503302,868,1162
503303,871,1168
503304,873,1167
503305,873,1168
503306,875,1168
503307,871,1171
503308,873,1179
503309,879,1183
503310,881,1185
503311,880,1185
503312,877,1185
503313,879,1186
503314,879,1190
503315,885,1196
503316,892,1195
503317,891,1198
503318,890,1195
503319,888,1194
503320,892,1202
503321,895,1204
503322,899,1201
503323,900,1201
503324,901,1200
503325,902,1198
503326,906,1200
503327,910,1200
503328,914,1197
503329,915,1192
503330,917,1186
503331,920,1182
503332,926,1181
503333,930,1179
503334,936,1175
503335,937,1166
503336,934,1158
503337,935,1155
503338,939,1151
503339,945,1149
503340,946,1142
503341,948,1137
503342,943,1127
503343,947,1122
503344,947,1121
503345,951,1118
503346,955,1112
503347,956,1104
503348,954,1096
503349,954,1091
503350,956,1091
503351,960,1089
503352,962,1082
503353,959,1076
503354,956,1073
503355,955,1069
503356,960,1067
503357,964,1068
503358,964,1064
503359,963,1060
503360,962,1055
503361,961,1054
503362,961,1056
503363,967,1059
503364,965,1054
503365,967,1053
503366,964,1049
503367,960,1051
503368,960,1053
503369,967,1054
503370,967,1055
503371,965,1052
503372,962,1049
503373,963,1049
503374,962,1051
503375,967,1058
503376,971,1056
503377,969,1052
503378,967,1052
503379,965,1050
503380,969,1053
503381,971,1055
503382,967,1054
503383,971,1053
503384,969,1049
503385,963,1051
503386,969,1052
503387,972,1052
503388,975,1052
503389,972,1051
503390,969,1047
503391,965,1045
503392,969,1048
503393,969,1047
503394,971,1044
503395,969,1041
503396,964,1037
503397,965,1039
503398,965,1041
503399,969,1044
503400,970,1043
503401,971,1041
503402,970,1037
503403,966,1038
503404,968,1042
503405,971,1045
503406,971,1044
503407,966,1042
503408,965,1040
503409,963,1040
503410,966,1044
503411,969,1044
503412,970,1044
503413,970,1042
503414,967,1041
503415,962,1043
503416,962,1045
503417,965,1047
503418,966,1045
503419,968,1042
503420,969,1042
503421,966,1043
503422,968,1044
503423,973,1050
503424,972,1050
503425,969,1048
503426,968,1046
503427,967,1045
503428,966,1048
503429,972,1052
503430,974,1050
503431,972,1049
503432,971,1050
503433,971,1049
503434,969,1051
503435,972,1054
503436,974,1053
503437,972,1049
503438,974,1046
503439,973,1045
503440,973,1050
503441,974,1050
503442,978,1046
503443,975,1045
503444,969,1043
503445,967,1043
503446,967,1043
503447,966,1047
503448,968,1046
503449,965,1044
503450,965,1041
503451,966,1043
503452,968,1045
503453,970,1048
503454,971,1045
503455,972,1042
503456,968,1040
503457,968,1039
503458,967,1041
503459,971,1043
503460,973,1042
503461,967,1039
503462,966,1041
503463,967,1040
503464,970,1045
503465,973,1049
503466,975,1045
503467,975,1044
503468,971,1042
503469,969,1044
503470,970,1046
503471,973,1049
503472,973,1049
503473,972,1043
503474,971,1042
503475,969,1044
503476,969,1048
503477,974,1050
503478,978,1049
503479,976,1046
503480,976,1044
503481,974,1046
503482,975,1048
503483,977,1051
503484,981,1051
503485,978,1046
503486,976,1042
503487,975,1045
503488,975,1045
503489,978,1047
503490,977,1047
503491,977,1042
503492,976,1042
503493,973,1041
503494,976,1043
503495,975,1044
503496,978,1044
503497,974,1042
503498,973,1039
503499,971,1041
503500,971,1043
503501,975,1046
503502,976,1047
503503,977,1043
503504,973,1038
503505,971,1039
503506,971,1043
503507,974,1045
503508,979,1044
503509,976,1038
503510,974,1039
503511,971,1041
503512,973,1042
503513,976,1045
503514,978,1044
503515,976,1042
503516,976,1039
503517,975,1042
503518,977,1043
503519,978,1046
503520,980,1046
503521,975,1046
503522,975,1042
503523,978,1044
503524,978,1046
503525,977,1046
503526,979,1047
503527,981,1045
503528,980,1041
503529,979,1042
503530,979,1045
503531,980,1046
503532,982,1047
503533,981,1044
503534,979,1043
503535,977,1041
503536,975,1041
503537,980,1044
503538,983,1044
503539,978,1043
503540,975,1041
503541,973,1042
503542,974,1044
503543,977,1047
503544,977,1046
503545,976,1047
503546,973,1044
503547,972,1044
503548,973,1045
503549,977,1049
503550,980,1046
503551,978,1043
503552,976,1039
503553,974,1041
503554,978,1045
503555,982,1045
503556,983,1045
503557,982,1042
503558,978,1040
503559,977,1042
503560,980,1043
503561,983,1046
503562,987,1047
503563,988,1045
503564,984,1042
503565,984,1042
503566,985,1044
503567,985,1046
503568,984,1046
503569,985,1041
503570,981,1041
503571,982,1043
503572,982,1043
503573,986,1045
503574,988,1044
503575,989,1038
503576,985,1039
503577,982,1036
503578,984,1041
503579,987,1043
503580,988,1041
503581,989,1039
503582,986,1036
503583,984,1036
503584,984,1038
503585,987,1040
503586,989,1039
503587,987,1036
503588,982,1037
503589,982,1038
503590,981,1042
503591,985,1042
503592,989,1045
503593,991,1039
503594,991,1038
503595,992,1035
503596,995,1035
503597,1008,1034
503598,1019,1029
503599,1033,1022
503600,1050,1018
503601,1072,1014
503602,1099,1008
503603,1133,997
503604,1166,982
503605,1199,971
503606,1227,966
503607,1255,971
503608,1274,988
503609,1268,1008
503610,1239,1018
503611,1188,1022
503612,1134,1029
503613,1080,1043
503614,1031,1058
503615,995,1069
503616,981,1073
503617,977,1069
503618,984,1058
503619,992,1049
503620,992,1047
503621,994,1044
503622,991,1046
503623,984,1044
503624,976,1044
503625,973,1043
503626,974,1046
503627,971,1051
503628,971,1047
503629,971,1045
503630,963,1044
503631,963,1046
503632,962,1047
503633,966,1052
503634,967,1050
503635,963,1050
503636,960,1045
503637,961,1044
503638,964,1047
503639,963,1047
503640,965,1047
503641,961,1046
503642,958,1046
503643,957,1049
503644,959,1050
503645,962,1053
503646,965,1053
503647,965,1049
503648,962,1048
503649,961,1048
503650,958,1048
503651,960,1050
503652,964,1049
503653,963,1047
503654,959,1045
503655,961,1045
503656,963,1045
503657,966,1046
503658,968,1048
503659,966,1044
503660,967,1041
503661,963,1042
503662,967,1045
503663,970,1048
503664,967,1043
503665,970,1042
503666,968,1041
503667,967,1041
503668,970,1042
503669,973,1045
503670,974,1044
503671,974,1039
503672,971,1038
503673,967,1035
503674,970,1037
503675,971,1040
503676,975,1038
503677,975,1037
503678,976,1033
503679,976,1032
503680,977,1034
503681,978,1034
503682,980,1032
503683,980,1031
503684,975,1025
503685,973,1025
503686,977,1027
503687,980,1030
503688,982,1029
503689,983,1026
503690,980,1025
503691,980,1024
503692,983,1026
503693,985,1026
503694,987,1022
503695,986,1018
503696,982,1016
503697,984,1016
503698,989,1019
503699,994,1020
503700,998,1016
503701,1000,1014
503702,1000,1011
503703,1000,1011
503704,1001,1012
503705,1006,1015
503706,1010,1013
503707,1011,1010
503708,1009,1007
503709,1013,1006
503710,1016,1009
503711,1020,1009
503712,1022,1010
503713,1025,1005
503714,1022,1004
503715,1024,1004
503716,1025,1008
503717,1027,1011
503718,1030,1011
503719,1029,1013
503720,1024,1009
503721,1024,1011
503722,1022,1014
503723,1025,1019
503724,1021,1019
503725,1016,1015
503726,1014,1019
503727,1010,1021
503728,1011,1023
503729,1012,1028
503730,1010,1029
503731,1007,1029
503732,1002,1028
503733,997,1030
503734,997,1031
503735,999,1035
503736,997,1036
503737,996,1034
503738,989,1033
503739,989,1035
503740,986,1039
503741,987,1042
503742,988,1042
503743,987,1040
503744,983,1039
503745,984,1039
503746,984,1045
503747,986,1048
503748,987,1047
503749,986,1046
503750,985,1042
503751,984,1041
503752,986,1042
503753,988,1041
503754,987,1041
503755,987,1039
503756,984,1037
503757,982,1037
503758,986,1039
503759,985,1041
503760,987,1039
503761,988,1035
503762,983,1035
503763,983,1037
503764,985,1039
503765,986,1040
503766,988,1038
503767,986,1035
503768,985,1035
503769,985,1035
503770,984,1040
503771,990,1042
503772,989,1038
503773,986,1035
503774,980,1035
503775,980,1036
503776,982,1040
503777,985,1043
503778,986,1041
503779,984,1037
503780,981,1036
503781,975,1035
503782,979,1037
503783,979,1037
503784,981,1037
503785,980,1034
503786,977,1034
503787,977,1034
503788,978,1035
503789,982,1039
503790,983,1038
503791,981,1034
503792,978,1032
503793,977,1033
503794,975,1035
503795,980,1036
503796,982,1035
503797,980,1032
503798,977,1030
503799,978,1031
503800,977,1035
503801,978,1036
503802,980,1037
503803,980,1034
503804,977,1033
503805,975,1034
503806,980,1038
503807,984,1042
503808,982,1039
503809,978,1038
503810,974,1037
503811,971,1038
503812,975,1040
503813,975,1045
503814,977,1041
503815,975,1039
503816,972,1037
503817,972,1041
503818,974,1042
503819,973,1045
503820,972,1045
503821,972,1044
503822,970,1041
503823,967,1043
503824,969,1046
503825,974,1051
503826,974,1047
503827,972,1049
503828,970,1044
503829,970,1046
503830,969,1049
503831,971,1052
503832,971,1050
503833,967,1046
503834,967,1042
503835,967,1045
503836,970,1046
503837,971,1051
503838,973,1049
503839,969,1045
503840,962,1041
503841,960,1041
503842,962,1043
503843,965,1044
503844,964,1045
503845,965,1040
503846,961,1039
503847,961,1039
503848,963,1042
503849,964,1043
503850,966,1042
503851,961,1039
503852,963,1036
503853,957,1036
503854,963,1037
503855,966,1042
503856,970,1041
503857,967,1036
503858,965,1038
503859,962,1037
503860,963,1042
503861,968,1044
503862,969,1043
503863,968,1041
503864,967,1040
503865,965,1041
503866,969,1042
503867,968,1048
503868,968,1046
503869,968,1044
503870,964,1040
503871,964,1043
503872,962,1046
503873,967,1046
503874,967,1047
503875,967,1045
503876,965,1042
503877,962,1041
503878,961,1044
503879,965,1047
503880,969,1046
503881,964,1045
503882,963,1040
503883,961,1043
503884,964,1046
503885,966,1050
503886,970,1045
503887,968,1043
503888,965,1041
503889,961,1041
503890,966,1043
503891,967,1045
503892,970,1043
503893,966,1038
503894,962,1039
503895,959,1039
503896,962,1040
503897,967,1044
503898,967,1039
503899,966,1039
503900,964,1034
503901,964,1035
503902,966,1035
503903,967,1036
503904,967,1036
503905,965,1031
503906,961,1030
503907,960,1033
503908,962,1037
503909,963,1037
503910,965,1036
503911,964,1039
503912,962,1036
503913,962,1041
503914,966,1042
503915,966,1043
503916,969,1045
503917,969,1042
503918,966,1043
503919,965,1043
503920,967,1047
503921,971,1049
503922,973,1049
503923,970,1045
503924,963,1045
503925,964,1045
503926,964,1045
503927,968,1047
503928,969,1049
503929,965,1047
503930,963,1046
503931,963,1045
503932,968,1051
503933,971,1049
503934,971,1047
503935,968,1045
503936,966,1040
503937,963,1041
503938,963,1045
503939,964,1050
503940,966,1047
503941,968,1042
503942,966,1042
503943,964,1044
503944,964,1045
503945,967,1045
503946,970,1045
503947,965,1044
503948,965,1041
503949,966,1040
503950,967,1044
503951,965,1043
503952,965,1041
503953,964,1039
503954,961,1037
503955,961,1036
503956,962,1036
503957,965,1038
503958,969,1036
503959,969,1032
503960,965,1031
503961,964,1035
503962,967,1038
503963,966,1042
503964,969,1044
503965,969,1041
503966,966,1038
503967,966,1041
503968,968,1043
503969,970,1049
503970,967,1048
503971,970,1046
503972,966,1044
503973,967,1044
503974,971,1046
503975,973,1049
503976,975,1047
503977,973,1044
503978,970,1041
503979,971,1040
503980,971,1043
503981,973,1046
503982,977,1043
503983,973,1043
503984,970,1038
503985,971,1041
503986,974,1043
503987,977,1046
503988,978,1044
503989,976,1040
503990,971,1038
503991,972,1036
503992,974,1043
503993,979,1041
503994,981,1041
503995,979,1037
503996,978,1033
503997,981,1029
503998,989,1031
503999,1002,1026
504000,1013,1023
504001,1025,1016
504002,1042,1010
504003,1066,1008
504004,1096,997
504005,1134,986
504006,1171,975
504007,1202,969
504008,1228,973
504009,1248,987
504010,1249,1008
504011,1232,1025
504012,1194,1029
504013,1142,1033
504014,1091,1041
504015,1041,1058
504016,998,1075
504017,972,1086
504018,958,1090
504019,960,1085
504020,967,1072
504021,973,1062
504022,973,1058
504023,973,1056
504024,970,1054
504025,968,1048
504026,964,1044
504027,960,1044
504028,959,1048
504029,958,1051
504030,957,1049
504031,952,1048
504032,952,1042
504033,950,1043
504034,951,1047
504035,953,1047
504036,954,1046
504037,952,1045
504038,949,1041
504039,947,1042
504040,953,1046
504041,956,1046
504042,955,1043
504043,955,1039
504044,951,1037
504045,952,1040
504046,951,1041
504047,953,1045
504048,952,1043
504049,951,1041
504050,949,1036
504051,947,1037
504052,951,1039
504053,957,1040
504054,960,1041
504055,960,1040
504056,957,1041
504057,953,1043
504058,957,1048
504059,959,1051
504060,958,1050
504061,958,1045
504062,957,1041
504063,953,1044
504064,953,1045
504065,955,1045
504066,956,1046
504067,954,1043
504068,952,1042
504069,952,1040
504070,958,1042
504071,958,1043
504072,960,1040
504073,961,1037
504074,959,1036
504075,956,1035
504076,959,1037
504077,962,1039
504078,964,1038
504079,963,1033
504080,962,1031
504081,963,1029
504082,969,1031
504083,971,1031
504084,971,1029
504085,970,1029
504086,967,1024
504087,970,1022
504088,973,1025
504089,976,1026
504090,977,1022
504091,977,1018
504092,975,1014
504093,972,1012
504094,977,1009
504095,977,1010
504096,980,1007
504097,980,1003
504098,980,999
504099,980,1002
504100,981,1003
504101,984,1007
504102,984,1008
504103,983,1007
504104,985,1006
504105,984,1007
504106,989,1010
504107,990,1012
504108,995,1011
504109,994,1011
504110,995,1010
504111,994,1011
504112,1000,1013
504113,1004,1019
504114,1003,1016
504115,1004,1017
504116,1002,1015
504117,996,1017
504118,999,1020
504119,999,1027
504120,1002,1025
504121,1000,1024
504122,996,1023
504123,993,1027
504124,994,1029
504125,995,1033
504126,993,1035
504127,993,1033
504128,985,1032
504129,983,1034
504130,980,1039
504131,984,1039
504132,983,1040
504133,981,1038
504134,976,1037
504135,973,1039
504136,973,1042
504137,976,1043
504138,976,1043
504139,975,1039
504140,972,1038
504141,968,1039
504142,972,1040
504143,969,1041
504144,969,1039
504145,968,1036
504146,963,1034
504147,964,1033
504148,970,1037
504149,975,1039
504150,973,1035
504151,972,1036
504152,967,1034
504153,972,1038
504154,974,1040
504155,976,1043
504156,977,1042
504157,978,1040
504158,975,1043
504159,973,1044
504160,979,1045
504161,982,1046
504162,982,1046
504163,981,1043
504164,978,1045
504165,977,1045
504166,977,1046
504167,981,1049
504168,983,1048
504169,982,1044
504170,977,1043
504171,976,1046
504172,980,1045
504173,982,1048
504174,982,1047
504175,984,1044
504176,979,1043
504177,979,1043
504178,979,1045
504179,981,1046
504180,984,1048
504181,982,1044
504182,979,1039
504183,974,1044
504184,973,1044
504185,978,1046
504186,978,1044
504187,977,1040
504188,974,1037
504189,969,1037
504190,974,1040
504191,977,1046
504192,977,1043
504193,975,1039
504194,970,1037
504195,969,1033
504196,971,1036
504197,975,1039
504198,974,1035
504199,969,1031
504200,969,1032
504201,971,1032
504202,973,1034
504203,974,1038
504204,975,1035
504205,971,1033
504206,968,1033
504207,967,1036
504208,973,1041
504209,975,1042
504210,975,1044
504211,975,1042
504212,973,1041
504213,972,1041
504214,973,1045
504215,976,1048
504216,979,1050
504217,978,1047
504218,977,1044
504219,976,1048
504220,977,1050
504221,980,1054
504222,979,1051
504223,980,1050
504224,975,1047
504225,973,1049
504226,976,1053
504227,979,1054
504228,978,1053
504229,979,1051
504230,977,1051
504231,974,1050
504232,974,1052
504233,978,1056
504234,978,1055
504235,978,1052
504236,974,1049
504237,975,1052
504238,974,1052
504239,976,1055
504240,978,1054
504241,978,1049
504242,974,1045
504243,972,1048
504244,975,1049
504245,976,1051
504246,976,1051
504247,972,1046
504248,969,1045
504249,969,1045
504250,972,1048
504251,974,1050
504252,973,1044
504253,970,1041
504254,966,1039
504255,966,1037
504256,967,1041
504257,970,1042
504258,972,1041
504259,973,1040
504260,972,1039
504261,973,1042
504262,975,1045
504263,976,1047
504264,978,1048
504265,976,1044
504266,973,1044
504267,973,1048
504268,976,1054
504269,978,1055
504270,979,1053
504271,979,1050
504272,976,1051
504273,974,1051
504274,979,1055
504275,981,1054
504276,982,1055
504277,978,1054
504278,980,1050
504279,979,1052
504280,982,1054
504281,986,1060
504282,981,1056
504283,979,1052
504284,978,1051
504285,975,1054
504286,979,1057
504287,980,1057
504288,985,1056
504289,981,1053
504290,979,1052
504291,974,1054
504292,980,1053
504293,983,1056
504294,982,1054
504295,983,1051
504296,979,1049
504297,980,1047
504298,981,1048
504299,984,1051
504300,982,1051
504301,981,1048
504302,977,1045
504303,974,1046
504304,977,1047
504305,979,1049
504306,979,1046
504307,979,1044
504308,979,1041
504309,978,1043
504310,978,1043
504311,985,1050
504312,987,1048
504313,986,1044
504314,985,1044
504315,984,1046
504316,987,1050
504317,990,1051
504318,993,1051
504319,991,1049
504320,988,1047
504321,988,1046
504322,988,1047
504323,999,1047
504324,1006,1047
504325,1018,1041
504326,1027,1039
504327,1044,1033
504328,1071,1032
504329,1099,1028
504330,1136,1015
504331,1170,999
504332,1199,990
504333,1237,989
504334,1266,995
504335,1290,1010
504336,1288,1025
504337,1259,1033
504338,1209,1037
504339,1155,1044
504340,1102,1060
504341,1048,1073
504342,1001,1085
504343,970,1088
504344,963,1086
504345,972,1084
504346,982,1076
504347,991,1069
504348,989,1063
504349,986,1056
504350,976,1051
504351,972,1053
504352,974,1054
504353,975,1057
504354,976,1053
504355,971,1052
504356,966,1048
504357,966,1050
504358,967,1052
504359,971,1055
504360,973,1055
504361,969,1055
504362,968,1053
504363,967,1055
504364,964,1055
504365,969,1058
504366,970,1055
504367,969,1052
504368,965,1052
504369,966,1056
504370,966,1057
504371,967,1060
504372,966,1059
504373,965,1056
504374,961,1056
504375,964,1057
504376,966,1060
504377,968,1062
504378,969,1060
504379,968,1057
504380,964,1054
504381,963,1056
504382,965,1059
504383,969,1060
504384,970,1058
504385,967,1054
504386,964,1051
504387,966,1050
504388,970,1056
504389,973,1055
504390,971,1056
504391,969,1050
504392,965,1048
504393,966,1050
504394,969,1050
504395,974,1053
504396,974,1052
504397,973,1050
504398,970,1046
504399,970,1047
504400,972,1051
504401,975,1051
504402,972,1049
504403,969,1045
504404,972,1044
504405,973,1047
504406,974,1046
504407,979,1047
504408,984,1044
504409,982,1041
504410,983,1035
504411,984,1034
504412,986,1031
504413,990,1034
504414,990,1032
504415,991,1027
504416,988,1025
504417,988,1023
504418,994,1023
504419,997,1027
504420,998,1023
504421,997,1021
504422,998,1018
504423,998,1019
504424,1000,1022
504425,1004,1023
504426,1006,1022
504427,1004,1018
504428,1002,1014
504429,1003,1016
504430,1003,1018
504431,1008,1019
504432,1009,1018
504433,1009,1013
504434,1006,1012
504435,1007,1010
504436,1005,1014
504437,1008,1018
504438,1012,1017
504439,1011,1015
504440,1009,1014
504441,1008,1014
504442,1007,1019
504443,1012,1020
504444,1015,1023
504445,1016,1020
504446,1012,1019
504447,1012,1022
504448,1011,1026
504449,1011,1030
504450,1013,1031
504451,1009,1031
504452,1004,1030
504453,1002,1036
504454,1001,1040
504455,1004,1042
504456,1003,1045
504457,1000,1045
504458,996,1047
504459,994,1053
504460,993,1057
504461,993,1058
504462,991,1058
504463,990,1054
504464,983,1053
504465,980,1051
504466,983,1054
504467,985,1058
504468,988,1056
504469,986,1055
504470,983,1055
504471,982,1056
504472,981,1058
504473,983,1060
504474,983,1058
504475,980,1056
504476,979,1056
504477,979,1057
504478,983,1059
504479,988,1061
504480,985,1058
504481,982,1055
504482,979,1055
504483,976,1057
504484,980,1056
504485,982,1058
504486,980,1057
504487,981,1055
504488,980,1053
504489,978,1050
504490,980,1055
504491,984,1057
504492,981,1054
504493,980,1055
504494,977,1052
504495,979,1050
504496,981,1054
504497,985,1056
504498,986,1055
504499,985,1053
504500,982,1049
504501,980,1053
504502,983,1053
504503,987,1057
504504,986,1057
504505,983,1054
504506,979,1053
504507,982,1053
504508,984,1056
504509,987,1057
504510,987,1054
504511,987,1052
504512,982,1049
504513,980,1050
504514,982,1054
504515,986,1054
504516,986,1055
504517,984,1052
504518,982,1049
504519,981,1051
504520,983,1054
504521,985,1055
504522,986,1054
504523,982,1052
504524,981,1050
504525,979,1050
504526,982,1054
504527,984,1057
504528,984,1056
504529,982,1053
504530,979,1050
504531,978,1050
504532,977,1054
504533,979,1055
504534,979,1057
504535,978,1054
504536,975,1053
504537,976,1056
504538,979,1060
504539,984,1062
504540,986,1061
504541,983,1055
504542,979,1056
504543,979,1054
504544,980,1056
504545,982,1059
504546,982,1060
504547,977,1058
504548,978,1055
504549,975,1057
504550,979,1059
504551,980,1061
504552,978,1059
504553,978,1058
504554,975,1054
504555,975,1055
504556,973,1057
504557,973,1058
504558,977,1056
504559,977,1052
504560,972,1051
504561,974,1052
504562,974,1053
504563,977,1055
504564,976,1057
504565,973,1053
504566,969,1056
504567,973,1057
504568,977,1058
504569,977,1062
504570,979,1060
504571,978,1059
504572,977,1056
504573,975,1060
504574,974,1062
504575,978,1062
504576,977,1061
504577,976,1058
504578,977,1055
504579,975,1058
504580,979,1060
504581,979,1062
504582,980,1062
504583,977,1057
504584,973,1058
504585,971,1060
504586,972,1061
504587,974,1066
504588,979,1065
504589,979,1062
504590,974,1061
504591,975,1060
504592,976,1062
504593,979,1064
504594,978,1064
504595,978,1059
504596,973,1058
504597,977,1059
504598,981,1060
504599,983,1063
504600,984,1061
504601,981,1060
504602,978,1058
504603,979,1059
504604,979,1058
504605,982,1062
504606,987,1059
504607,983,1057
504608,977,1055
504609,979,1056
504610,981,1057
504611,984,1060
504612,984,1056
504613,977,1055
504614,976,1053
504615,974,1054
504616,976,1056
504617,981,1059
504618,981,1056
504619,980,1053
504620,975,1054
504621,980,1052
504622,980,1056
504623,983,1058
504624,982,1058
504625,980,1054
504626,978,1055
504627,980,1057
504628,981,1058
504629,986,1060
504630,986,1057
504631,984,1056
504632,981,1053
504633,980,1055
504634,979,1059
504635,984,1060
504636,985,1059
504637,987,1057
504638,979,1055
504639,980,1056
504640,983,1060
504641,990,1062
504642,993,1062
504643,993,1060
504644,990,1055
504645,989,1059
504646,990,1060
504647,995,1062
504648,996,1061
504649,996,1059
504650,996,1053
504651,996,1051
504652,1008,1049
504653,1021,1050
504654,1031,1042
504655,1045,1039
504656,1060,1032
504657,1083,1030
504658,1118,1022
504659,1149,1011
504660,1182,997
504661,1214,988
504662,1244,983
504663,1272,987
504664,1288,1001
504665,1285,1018
504666,1259,1029
504667,1213,1032
504668,1158,1034
504669,1105,1048
504670,1053,1063
504671,1007,1077
504672,983,1083
504673,973,1083
504674,971,1081
504675,979,1075
504676,986,1072
504677,989,1067
504678,988,1062
504679,982,1055
504680,975,1055
504681,973,1055
504682,974,1060
504683,974,1061
504684,972,1061
504685,970,1059
504686,966,1060
504687,965,1060
504688,965,1063
504689,966,1064
504690,968,1066
504691,968,1062
504692,966,1062
504693,965,1064
504694,967,1064
504695,968,1065
504696,969,1063
504697,968,1062
504698,965,1060
504699,964,1059
504700,968,1064
504701,971,1065
504702,973,1064
504703,972,1060
504704,967,1058
504705,966,1061
504706,966,1064
504707,970,1063
504708,972,1062
504709,971,1060
504710,967,1054
504711,968,1058
504712,969,1059
504713,970,1060
504714,974,1060
504715,970,1057
504716,966,1053
504717,967,1056
504718,965,1054
504719,968,1058
504720,968,1056
504721,964,1055
504722,964,1052
504723,969,1055
504724,970,1055
504725,972,1059
504726,974,1055
504727,968,1053
504728,968,1050
504729,970,1051
504730,973,1052
504731,976,1054
504732,976,1055
504733,977,1051
504734,975,1050
504735,971,1050
504736,975,1050
504737,981,1052
504738,981,1050
504739,980,1048
504740,979,1043
504741,977,1044
504742,986,1048
504743,993,1045
504744,993,1043
504745,993,1040
504746,990,1036
504747,990,1035
504748,994,1034
504749,998,1037
504750,1002,1033
504751,1004,1029
504752,1000,1026
504753,1001,1027
504754,1006,1025
504755,1005,1027
504756,1008,1024
504757,1005,1021
504758,1007,1019
504759,1006,1017
504760,1010,1021
504761,1012,1022
504762,1014,1017
504763,1010,1015
504764,1009,1010
504765,1010,1014
504766,1011,1016
504767,1012,1015
504768,1012,1012
504769,1012,1012
504770,1011,1010
504771,1014,1010
504772,1017,1015
504773,1021,1018
504774,1021,1018
504775,1019,1018
504776,1015,1018
504777,1013,1019
504778,1014,1022
504779,1017,1028
504780,1016,1028
504781,1011,1025
504782,1009,1025
504783,1007,1033
504784,1005,1037
504785,1008,1041
504786,1006,1042
504787,1002,1041
504788,998,1041
504789,993,1046
504790,996,1051
504791,999,1054
504792,999,1051
504793,996,1050
504794,993,1051
504795,990,1052
504796,992,1056
504797,994,1057
504798,997,1058
504799,992,1055
504800,986,1052
504801,983,1056
504802,984,1058
504803,986,1059
504804,989,1059
504805,988,1056
504806,985,1053
504807,986,1054
504808,988,1055
504809,987,1057
504810,986,1055
504811,986,1054
504812,984,1048
504813,983,1050
504814,985,1053
504815,988,1054
504816,987,1052
504817,985,1048
504818,982,1045
504819,981,1048
504820,985,1050
504821,988,1051
504822,989,1050
504823,987,1048
504824,986,1045
504825,986,1045
504826,988,1049
504827,991,1052
504828,991,1049
504829,989,1047
504830,989,1049
504831,986,1047
504832,990,1050
504833,994,1053
504834,998,1051
504835,997,1048
504836,995,1048
504837,997,1052
504838,1000,1051
504839,1003,1055
504840,1011,1053
504841,1015,1050
504842,1014,1043
504843,1021,1045
504844,1029,1051
504845,1035,1055
504846,1042,1054
504847,1042,1055
504848,1043,1056
504849,1043,1057
504850,1051,1062
504851,1063,1064
504852,1070,1065
504853,1072,1061
504854,1076,1060
504855,1081,1056
504856,1095,1059
504857,1107,1056
504858,1119,1048
504859,1129,1038
504860,1133,1029
504861,1138,1024
504862,1150,1018
504863,1160,1008
504864,1173,993
504865,1181,970
504866,1186,947
504867,1192,934
504868,1194,929
504869,1195,925
504870,1191,923
504871,1184,920
504872,1170,919
504873,1155,923
504874,1145,931
504875,1134,934
504876,1125,935
504877,1109,933
504878,1099,934
504879,1088,940
504880,1081,952
504881,1071,965
504882,1060,973
504883,1044,983
504884,1030,988
504885,1021,1002
504886,1016,1016
504887,1017,1027
504888,1014,1039
504889,1008,1048
504890,1004,1051
504891,1003,1056
504892,1012,1061
504893,1017,1062
504894,1022,1060
504895,1024,1056
504896,1019,1057
504897,1018,1059
504898,1017,1063
504899,1012,1062
504900,1007,1056
504901,994,1049
504902,983,1043
504903,972,1044
504904,964,1046
504905,959,1049
504906,954,1056
504907,948,1056
504908,940,1057
504909,933,1065
504910,929,1070
504911,927,1076
504912,920,1078
504913,922,1079
504914,917,1077
504915,914,1078
504916,916,1081
504917,916,1085
504918,916,1086
504919,912,1081
504920,907,1082
504921,905,1085
504922,906,1085
504923,909,1087
504924,909,1089
504925,906,1085
504926,902,1085
504927,899,1089
504928,902,1089
504929,904,1092
504930,899,1092
504931,896,1090
504932,895,1088
504933,895,1089
504934,895,1095
504935,896,1096
504936,898,1094
504937,896,1091
504938,891,1090
504939,890,1093
504940,892,1093
504941,890,1092
504942,890,1093
504943,889,1088
504944,888,1086
504945,886,1088
504946,887,1092
504947,892,1093
504948,890,1090
504949,891,1092
504950,888,1089
504951,891,1092
504952,892,1092
504953,896,1094
504954,899,1096
504955,899,1090
504956,896,1089
504957,895,1092
504958,901,1093
504959,905,1099
504960,907,1096
504961,907,1094
504962,904,1092
504963,907,1094
504964,909,1097
504965,916,1095
504966,917,1093
504967,919,1090
504968,921,1087
504969,922,1089
504970,928,1092
504971,932,1092
504972,936,1088
504973,940,1082
504974,941,1080
504975,944,1081
504976,948,1082
504977,956,1082
504978,959,1079
504979,960,1074
504980,962,1071
504981,961,1067
504982,969,1071
504983,973,1070
504984,975,1066
504985,975,1060
504986,974,1057
504987,976,1055
504988,979,1058
504989,984,1059
504990,987,1054
504991,984,1047
504992,984,1044
504993,982,1045
504994,981,1045
504995,988,1048
504996,987,1047
504997,989,1045
504998,984,1044
504999,984,1043
505000,984,1042
505001,988,1046
505002,989,1044
505003,983,1043
505004,984,1040
505005,984,1042
505006,985,1046
505007,987,1047
505008,985,1046
505009,984,1045
505010,978,1043
505011,977,1043
505012,976,1046
505013,978,1051
505014,979,1050
505015,977,1049
505016,972,1045
505017,970,1046
505018,973,1050
505019,978,1053
505020,978,1052
505021,975,1052
505022,971,1048
505023,969,1050
505024,971,1057
505025,972,1058
505026,975,1056
505027,972,1055
505028,971,1054
505029,969,1056
505030,973,1059
505031,977,1062
505032,978,1059
505033,975,1054
505034,970,1053
505035,968,1055
505036,971,1056
505037,972,1055
505038,975,1050
505039,974,1050
505040,972,1045
505041,972,1046
505042,974,1049
505043,977,1049
505044,975,1048
505045,974,1048
505046,974,1044
505047,973,1048
505048,975,1047
505049,979,1051
505050,979,1049
505051,977,1048
505052,975,1046
505053,973,1046
505054,976,1048
505055,978,1051
505056,978,1051
505057,977,1046
505058,973,1045
505059,971,1045
505060,973,1047
505061,977,1050
505062,976,1048
505063,976,1047
505064,971,1047
505065,970,1046
505066,974,1050
505067,976,1051
505068,977,1051
505069,975,1048
505070,972,1046
505071,973,1048
505072,975,1051
505073,977,1050
505074,976,1050
505075,972,1049
505076,969,1046
505077,967,1048
505078,970,1051
505079,972,1051
505080,973,1053
505081,970,1052
505082,970,1049
505083,969,1053
505084,971,1053
505085,972,1057
505086,973,1055
505087,973,1052
505088,969,1049
505089,970,1050
505090,972,1052
505091,977,1056
505092,975,1054
505093,976,1051
505094,973,1049
505095,973,1050
505096,975,1053
505097,980,1053
505098,980,1052
505099,979,1051
505100,976,1051
505101,978,1051
505102,979,1052
505103,985,1057
505104,984,1054
505105,979,1053
505106,977,1049
505107,975,1051
505108,978,1053
505109,980,1055
505110,980,1052
505111,980,1050
505112,978,1046
505113,977,1050
505114,980,1050
505115,982,1051
505116,982,1049
505117,978,1047
505118,975,1045
505119,978,1046
505120,978,1048
505121,979,1049
505122,980,1049
505123,978,1044
505124,975,1042
505125,971,1046
505126,972,1047
505127,976,1051
505128,977,1049
505129,973,1048
505130,973,1046
505131,973,1047
505132,975,1051
505133,979,1052
505134,979,1052
505135,975,1048
505136,971,1045
505137,968,1048
505138,973,1051
505139,979,1052
505140,977,1051
505141,977,1049
505142,975,1048
505143,976,1050
505144,976,1050
505145,981,1053
505146,979,1052
505147,978,1047
505148,974,1049
505149,973,1047
505150,976,1051
505151,980,1052
505152,979,1051
505153,980,1049
505154,978,1047
505155,979,1050
505156,979,1050
505157,982,1051
505158,985,1050
505159,981,1043
505160,978,1044
505161,977,1045
505162,979,1047
505163,982,1047
505164,982,1048
505165,980,1041
505166,978,1042
505167,978,1045
505168,978,1047
505169,980,1050
505170,980,1049
505171,979,1049
505172,978,1048
505173,977,1048
505174,976,1052
505175,980,1052
505176,980,1051
505177,979,1048
505178,975,1048
505179,970,1047
505180,974,1051
505181,976,1054
505182,978,1053
505183,977,1049
505184,975,1048
505185,972,1048
505186,973,1051
505187,976,1055
505188,976,1052
505189,975,1047
505190,975,1045
505191,975,1048
505192,978,1050
505193,980,1051
505194,979,1048
505195,978,1046
505196,972,1045
505197,974,1046
505198,976,1047
505199,979,1050
505200,980,1049
505201,982,1047
505202,978,1045
505203,980,1045
505204,982,1046
505205,983,1049
505206,983,1045
505207,982,1044
505208,976,1040
505209,977,1041
505210,982,1043
505211,983,1046
505212,986,1045
505213,979,1040
505214,978,1040
505215,976,1040
505216,978,1044
505217,978,1049
505218,983,1047
505219,983,1041
505220,980,1039
505221,978,1042
505222,982,1044
505223,984,1046
505224,986,1046
505225,985,1043
505226,981,1043
505227,981,1048
505228,984,1049
505229,989,1055
505230,991,1052
505231,990,1050
505232,986,1048
505233,989,1048
505234,993,1048
505235,1001,1047
505236,1011,1041
505237,1024,1038
505238,1036,1032
505239,1055,1027
505240,1086,1025
505241,1125,1014
505242,1160,999
505243,1195,983
505244,1227,979
505245,1257,978
505246,1282,993
505247,1285,1009
505248,1257,1023
505249,1204,1027
505250,1144,1034
505251,1089,1049
505252,1039,1063
505253,1001,1072
505254,978,1078
505255,975,1075
505256,980,1070
505257,987,1062
505258,995,1057
505259,997,1052
505260,994,1050
505261,987,1046
505262,982,1044
505263,977,1047
505264,975,1048
505265,974,1049
505266,971,1048
505267,966,1049
505268,966,1047
505269,963,1050
505270,962,1052
505271,966,1055
505272,962,1052
505273,957,1048
505274,957,1046
505275,957,1049
505276,957,1052
505277,961,1058
505278,961,1056
505279,958,1056
505280,957,1054
505281,960,1057
505282,958,1059
505283,962,1062
505284,962,1061
505285,962,1060
505286,959,1057
505287,960,1056
505288,963,1059
505289,966,1062
505290,969,1058
505291,967,1053
505292,964,1053
505293,963,1054
505294,966,1057
505295,968,1055
505296,967,1056
505297,966,1052
505298,965,1050
505299,967,1050
505300,968,1052
505301,971,1053
505302,969,1050
505303,967,1047
505304,964,1046
505305,965,1047
505306,966,1052
505307,969,1052
505308,972,1050
505309,971,1048
505310,969,1042
505311,971,1045
505312,970,1043
505313,975,1045
505314,977,1043
505315,977,1041
505316,977,1035
505317,976,1035
505318,981,1037
505319,984,1038
505320,983,1039
505321,981,1033
505322,978,1031
505323,977,1030
505324,982,1032
505325,985,1032
505326,987,1031
505327,989,1026
505328,989,1023
505329,989,1024
505330,992,1026
505331,997,1027
505332,998,1027
505333,999,1025
505334,998,1023
505335,998,1024
505336,1001,1025
505337,1007,1025
505338,1009,1023
505339,1008,1020
505340,1005,1017
505341,1004,1019
505342,1007,1019
505343,1011,1020
505344,1016,1019
505345,1015,1016
505346,1017,1013
505347,1019,1012
505348,1019,1017
505349,1020,1018
505350,1022,1018
505351,1020,1017
505352,1018,1014
505353,1018,1017
505354,1021,1021
505355,1026,1023
505356,1026,1021
505357,1026,1021
505358,1021,1023
505359,1016,1023
505360,1018,1028
505361,1018,1030
505362,1016,1031
505363,1014,1029
505364,1008,1030
505365,1007,1034
505366,1007,1036
505367,1010,1041
505368,1006,1040
505369,1005,1040
505370,1002,1038
505371,999,1039
505372,998,1041
505373,996,1044
505374,995,1044
505375,994,1042
505376,991,1041
505377,989,1041
505378,990,1044
505379,990,1047
505380,988,1045
505381,987,1043
505382,985,1044
505383,984,1044
505384,985,1047
505385,987,1049
505386,989,1049
505387,985,1046
505388,982,1049
505389,983,1048
505390,984,1050
505391,986,1052
505392,986,1050
505393,986,1050
505394,985,1047
505395,985,1050
505396,989,1054
505397,991,1055
505398,986,1053
505399,985,1053
505400,984,1050
505401,982,1054
505402,985,1055
505403,988,1059
505404,987,1054
505405,987,1051
505406,986,1048
505407,983,1048
505408,984,1051
505409,988,1052
505410,990,1047
505411,989,1044
505412,987,1042
505413,987,1045
505414,987,1046
505415,987,1048
505416,991,1045
505417,986,1044
505418,986,1040
505419,984,1042
505420,982,1044
505421,985,1046
505422,988,1046
505423,985,1040
505424,977,1040
505425,979,1039
505426,981,1045
505427,982,1047
505428,983,1044
505429,981,1043
505430,979,1039
505431,980,1041
505432,981,1046
505433,984,1047
505434,984,1044
505435,983,1044
505436,981,1042
505437,978,1044
505438,979,1046
505439,980,1047
505440,982,1050
505441,979,1045
505442,980,1043
505443,978,1046
505444,982,1047
505445,988,1051
505446,988,1050
505447,987,1048
505448,978,1047
505449,979,1048
505450,979,1051
505451,986,1054
505452,986,1051
505453,986,1049
505454,981,1043
505455,981,1046
505456,985,1049
505457,987,1054
505458,989,1049
505459,987,1048
505460,984,1046
505461,984,1048
505462,988,1050
505463,989,1052
505464,988,1049
505465,987,1045
505466,984,1043
505467,984,1045
505468,986,1047
505469,989,1049
505470,987,1048
505471,987,1044
505472,984,1042
505473,983,1045
505474,987,1048
505475,985,1046
505476,987,1045
505477,987,1038
505478,986,1039
505479,992,1037
505480,1001,1037
505481,1016,1038
505482,1033,1032
505483,1050,1029
505484,1074,1023
505485,1109,1014
505486,1149,1003
505487,1192,993
505488,1233,985
505489,1267,985
505490,1286,994
505491,1283,1014
505492,1253,1027
505493,1207,1033
505494,1145,1037
505495,1083,1049
505496,1020,1064
505497,978,1083
505498,960,1094
505499,962,1095
505500,974,1086
505501,983,1072
505502,984,1060
505503,985,1054
505504,986,1055
505505,986,1055
505506,980,1054
505507,978,1052
505508,970,1051
505509,966,1052
505510,967,1056
505511,968,1055
505512,968,1053
505513,968,1050
505514,966,1051
505515,959,1051
505516,962,1056
505517,963,1058
505518,965,1056
505519,966,1053
505520,961,1052
505521,960,1051
505522,963,1053
505523,965,1056
505524,963,1053
505525,959,1052
505526,956,1051
505527,956,1053
505528,955,1057
505529,961,1058
505530,962,1055
505531,961,1054
505532,959,1052
505533,956,1052
505534,960,1057
505535,963,1056
505536,964,1055
505537,962,1053
505538,958,1049
505539,958,1050
505540,959,1054
505541,966,1056
505542,965,1053
505543,964,1049
505544,960,1046
505545,960,1049
505546,964,1049
505547,968,1051
505548,971,1049
505549,966,1044
505550,966,1041
505551,965,1043
505552,967,1044
505553,969,1045
505554,967,1043
505555,969,1040
505556,968,1035
505557,970,1038
505558,971,1038
505559,974,1036
505560,978,1032
505561,975,1030
505562,975,1029
505563,976,1029
505564,976,1032
505565,985,1032
505566,986,1030
505567,984,1023
505568,983,1021
505569,982,1021
505570,988,1022
505571,991,1021
505572,992,1018
505573,992,1014
505574,992,1011
505575,990,1012
505576,993,1012
505577,997,1013
505578,998,1011
505579,997,1007
505580,997,1004
505581,994,1004
505582,999,1005
505583,1000,1007
505584,1003,1005
505585,1001,1001
505586,998,1003
505587,999,1004
505588,1005,1005
505589,1007,1011
505590,1005,1010
505591,1004,1009
505592,1001,1008
505593,1000,1010
505594,1004,1014
505595,1005,1019
505596,1007,1018
505597,1003,1020
505598,997,1018
505599,996,1025
505600,996,1026
505601,994,1030
505602,988,1035
505603,986,1035
505604,984,1037
505605,983,1039
505606,986,1044
505607,985,1049
505608,982,1047
505609,979,1046
505610,975,1046
505611,975,1047
505612,976,1050
505613,977,1054
505614,978,1053
505615,977,1051
505616,973,1049
505617,972,1053
505618,974,1057
505619,978,1054
505620,977,1056
505621,977,1054
505622,975,1053
505623,973,1056
505624,976,1061
505625,979,1060
505626,974,1058
505627,973,1054
505628,972,1051
505629,972,1051
505630,974,1054
505631,976,1054
505632,978,1052
505633,976,1049
505634,972,1049
505635,975,1050
505636,974,1051
505637,975,1054
505638,974,1049
505639,972,1047
505640,967,1043
505641,969,1048
505642,971,1048
505643,974,1052
505644,970,1050
505645,971,1045
505646,968,1044
505647,968,1048
505648,972,1049
505649,974,1050
505650,975,1049
505651,975,1046
505652,970,1044
505653,965,1049
505654,969,1051
505655,973,1054
505656,970,1054
505657,973,1050
505658,968,1049
505659,968,1049
505660,972,1052
505661,972,1053
505662,973,1050
505663,971,1050
505664,969,1049
505665,967,1051
505666,969,1052
505667,973,1055
505668,970,1055
505669,972,1052
505670,971,1050
505671,973,1052
505672,975,1054
505673,979,1055
505674,975,1052
505675,973,1049
505676,970,1049
505677,972,1049
505678,972,1053
505679,975,1055
505680,973,1052
505681,972,1049
505682,967,1048
505683,969,1049
505684,967,1050
505685,971,1052
505686,969,1050
505687,969,1049
505688,969,1046
505689,969,1048
505690,968,1052
505691,970,1053
505692,971,1051
505693,971,1051
505694,964,1050
505695,966,1051
505696,966,1056
505697,971,1059
505698,973,1058
505699,969,1053
505700,965,1056
505701,966,1054
505702,967,1056
505703,971,1059
505704,972,1057
505705,972,1058
505706,967,1055
505707,970,1055
505708,974,1059
505709,972,1058
505710,972,1056
505711,966,1054
505712,968,1052
505713,970,1053
505714,971,1056
505715,976,1057
505716,974,1056
505717,972,1052
505718,968,1050
505719,968,1051
505720,966,1052
505721,972,1052
505722,974,1052
505723,973,1051
505724,972,1047
505725,968,1048
505726,971,1050
505727,973,1050
505728,972,1050
505729,968,1048
505730,967,1047
505731,965,1048
505732,969,1054
505733,971,1053
505734,969,1052
505735,967,1048
505736,963,1047
505737,965,1050
505738,963,1053
505739,968,1055
505740,969,1052
505741,966,1051
505742,962,1048
505743,964,1052
505744,966,1053
505745,971,1058
505746,973,1057
505747,971,1055
505748,971,1051
505749,971,1055
505750,973,1056
505751,976,1056
505752,975,1059
505753,974,1055
505754,970,1052
505755,969,1054
505756,971,1056
505757,973,1058
505758,977,1055
505759,977,1053
505760,974,1052
505761,974,1052
505762,975,1050
505763,978,1054
505764,977,1051
505765,976,1050
505766,974,1047
505767,976,1049
505768,980,1050
505769,983,1051
505770,988,1043
505771,993,1038
505772,998,1034
505773,1014,1033
505774,1031,1032
505775,1061,1029
505776,1090,1018
505777,1123,1001
505778,1157,985
505779,1196,979
505780,1237,979
505781,1267,989
505782,1278,1008
505783,1254,1022
505784,1203,1031
505785,1144,1038
505786,1087,1057
505787,1035,1073
505788,987,1084
505789,961,1085
505790,958,1083
505791,969,1078
505792,980,1070
505793,989,1063
505794,988,1055
505795,982,1051
505796,974,1049
505797,971,1051
505798,971,1052
505799,969,1054
505800,970,1053
505801,964,1051
505802,953,1049
505803,956,1053
505804,960,1054
505805,961,1055
505806,958,1055
505807,952,1051
505808,953,1051
505809,952,1051
505810,951,1054
505811,952,1056
505812,951,1056
505813,949,1051
505814,948,1049
505815,948,1053
505816,949,1054
505817,954,1057
505818,955,1056
505819,953,1052
505820,950,1051
505821,949,1051
505822,951,1055
505823,953,1059
505824,956,1057
505825,956,1055
505826,953,1055
505827,953,1056
505828,954,1058
505829,958,1059
505830,958,1055
505831,954,1052
505832,950,1050
505833,949,1053
505834,952,1051
505835,953,1053
505836,956,1051
505837,954,1046
505838,954,1042
505839,953,1046
505840,955,1046
505841,961,1048
505842,961,1043
505843,960,1037
505844,958,1035
505845,957,1038
505846,960,1039
505847,962,1041
505848,962,1037
505849,965,1032
505850,963,1031
505851,964,1030
505852,971,1033
505853,973,1035
505854,973,1032
505855,970,1027
505856,968,1025
505857,970,1025
505858,973,1027
505859,976,1031
505860,977,1026
505861,977,1023
505862,975,1020
505863,977,1022
505864,982,1022
505865,987,1023
505866,989,1022
505867,988,1018
505868,984,1015
505869,986,1016
505870,990,1017
505871,993,1019
505872,993,1018
505873,994,1013
505874,992,1012
505875,991,1012
505876,995,1012
505877,1000,1016
505878,1000,1011
505879,998,1008
505880,996,1006
505881,997,1007
505882,999,1010
505883,1001,1012
505884,997,1010
505885,994,1009
505886,989,1010
505887,990,1012
505888,992,1016
505889,994,1023
505890,989,1021
505891,988,1020
505892,986,1022
505893,986,1029
505894,986,1030
505895,984,1036
505896,983,1034
505897,979,1038
505898,978,1037
505899,976,1039
505900,977,1042
505901,977,1046
505902,974,1044
505903,973,1044
505904,968,1044
505905,967,1048
505906,969,1050
505907,970,1051
505908,970,1054
505909,965,1050
505910,967,1048
505911,967,1051
505912,969,1054
505913,970,1055
505914,970,1053
505915,967,1050
505916,964,1049
505917,962,1049
505918,963,1053
505919,966,1051
505920,970,1049
505921,967,1046
505922,963,1044
505923,966,1046
505924,965,1046
505925,969,1049
505926,968,1047
505927,970,1044
505928,966,1043
505929,968,1043
505930,969,1044
505931,974,1047
505932,970,1043
505933,968,1041
505934,968,1038
505935,968,1041
505936,966,1043
505937,972,1046
505938,971,1044
505939,968,1040
505940,966,1037
505941,963,1039
505942,967,1042
505943,967,1046
505944,966,1042
505945,968,1041
505946,962,1041
505947,961,1042
505948,967,1046
505949,969,1046
505950,968,1045
505951,964,1041
505952,961,1042
505953,959,1042
505954,965,1045
505955,969,1049
505956,971,1046
505957,968,1043
505958,964,1043
505959,963,1045
505960,965,1045
505961,967,1050
505962,963,1047
505963,958,1044
505964,958,1045
505965,961,1048
505966,964,1047
505967,966,1049
505968,966,1048
505969,964,1044
505970,959,1043
505971,958,1045
505972,958,1047
505973,962,1049
505974,966,1046
505975,964,1046
505976,962,1046
505977,963,1045
505978,963,1047
505979,964,1049
505980,964,1048
505981,963,1047
505982,960,1046
505983,960,1049
505984,965,1052
505985,967,1054
505986,962,1053
505987,962,1053
505988,958,1048
505989,958,1052
505990,958,1055
505991,961,1056
505992,961,1054
505993,963,1051
505994,962,1050
505995,961,1050
505996,963,1050
505997,963,1054
505998,963,1055
505999,960,1050
506000,958,1047
506001,957,1047
506002,958,1052
506003,962,1051
506004,964,1049
506005,961,1045
506006,956,1043
506007,955,1046
506008,958,1048
506009,960,1050
506010,961,1048
506011,958,1045
506012,956,1042
506013,956,1046
506014,960,1049
506015,962,1048
506016,965,1046
506017,964,1045
506018,961,1044
506019,962,1043
506020,961,1047
506021,961,1049
506022,958,1045
506023,960,1043
506024,957,1042
506025,958,1043
506026,960,1047
506027,962,1049
506028,961,1047
506029,960,1045
506030,957,1045
506031,954,1046
506032,959,1049
506033,965,1050
506034,962,1049
506035,955,1048
506036,952,1045
506037,954,1048
506038,959,1050
506039,960,1052
506040,960,1052
506041,959,1048
506042,953,1046
506043,954,1048
506044,956,1050
506045,961,1053
506046,959,1050
506047,960,1045
506048,958,1045
506049,958,1045
506050,960,1049
506051,964,1052
506052,967,1049
506053,965,1046
506054,959,1045
506055,957,1045
506056,959,1049
506057,961,1051
506058,961,1050
506059,963,1047
506060,959,1045
506061,959,1049
506062,958,1048
506063,960,1050
506064,963,1047
506065,959,1046
506066,957,1044
506067,957,1044
506068,959,1046
506069,961,1045
506070,963,1044
506071,961,1042
506072,958,1041
506073,958,1044
506074,963,1048
506075,964,1051
506076,963,1050
506077,964,1044
506078,964,1044
506079,963,1045
506080,968,1046
506081,968,1048
506082,967,1045
506083,964,1044
506084,958,1045
506085,960,1046
506086,962,1049
506087,965,1049
506088,965,1047
506089,964,1045
506090,961,1044
506091,960,1044
506092,964,1048
506093,965,1051
506094,965,1049
506095,963,1047
506096,963,1045
506097,963,1050
506098,965,1049
506099,969,1053
506100,966,1049
506101,965,1046
506102,963,1044
506103,962,1047
506104,967,1049
506105,967,1051
506106,968,1046
506107,964,1042
506108,961,1042
506109,958,1041
506110,964,1045
506111,965,1045
506112,963,1042
506113,963,1041
506114,962,1036
506115,959,1040
506116,962,1045
506117,966,1045
506118,967,1041
506119,967,1039
506120,962,1036
506121,962,1040
506122,965,1042
506123,967,1043
506124,969,1045
506125,968,1042
506126,967,1039
506127,965,1043
506128,967,1041
506129,970,1042
506130,970,1043
506131,966,1040
506132,964,1036
506133,964,1042
506134,967,1046
506135,970,1045
506136,969,1045
506137,968,1043
506138,967,1042
506139,965,1044
506140,964,1048
506141,969,1049
506142,968,1047
506143,966,1044
506144,963,1042
506145,964,1047
506146,969,1048
506147,970,1050
506148,972,1048
506149,968,1046
506150,966,1044
506151,964,1044
506152,965,1047
506153,968,1047
506154,970,1045
506155,970,1042
506156,966,1041
506157,966,1042
506158,969,1043
506159,975,1046
506160,974,1044
506161,972,1041
506162,969,1039
506163,968,1040
506164,972,1042
506165,975,1045
506166,976,1042
506167,974,1043
506168,971,1038
506169,970,1041
506170,970,1041
506171,973,1044
506172,978,1043
506173,975,1040
506174,972,1038
506175,972,1042
506176,974,1044
506177,979,1046
506178,981,1043
506179,978,1042
506180,973,1042
506181,972,1043
506182,974,1046
506183,977,1046
506184,975,1045
506185,975,1041
506186,972,1042
506187,974,1043
506188,972,1045
506189,975,1048
506190,972,1046
506191,969,1043
506192,970,1043
506193,970,1047
506194,974,1048
506195,975,1047
506196,976,1047
506197,974,1043
506198,974,1043
506199,971,1047
506200,973,1047
506201,975,1047
506202,977,1046
506203,974,1046
506204,973,1043
506205,972,1046
506206,976,1046
506207,975,1047
506208,975,1044
506209,975,1042
506210,974,1041
506211,977,1040
506212,979,1044
506213,980,1044
506214,980,1039
506215,979,1038
506216,979,1036
506217,979,1035
506218,980,1040
506219,981,1038
506220,979,1037
506221,974,1035
506222,974,1035
506223,977,1039
506224,979,1041
506225,983,1044
506226,982,1043
506227,982,1043
506228,979,1040
506229,980,1040
506230,982,1044
506231,984,1047
506232,986,1045
506233,986,1042
506234,985,1041
506235,984,1043
506236,988,1046
506237,989,1048
506238,987,1049
506239,986,1045
506240,981,1044
506241,982,1046
506242,986,1049
506243,991,1050
506244,990,1048
506245,987,1046
506246,988,1045
506247,987,1044
506248,989,1047
506249,991,1048
506250,987,1047
506251,985,1042
506252,982,1041
506253,984,1042
506254,988,1047
506255,989,1047
506256,990,1044
506257,986,1042
506258,984,1039
506259,984,1040
506260,984,1041
506261,988,1043
506262,989,1040
506263,988,1038
506264,987,1035
506265,986,1035
506266,990,1036
506267,993,1040
506268,992,1038
506269,991,1035
506270,989,1036
506271,990,1039
506272,994,1041
506273,999,1042
506274,1001,1036
506275,1006,1031
506276,1011,1028
506277,1026,1029
506278,1041,1028
506279,1063,1027
506280,1086,1023
506281,1109,1014
506282,1138,1003
506283,1174,992
506284,1209,989
506285,1249,984
506286,1284,983
506287,1306,989
506288,1299,1003
506289,1267,1021
506290,1219,1032
506291,1167,1041
506292,1113,1046
506293,1060,1056
506294,1015,1063
506295,987,1073
506296,983,1076
506297,990,1072
506298,999,1062
506299,1001,1052
506300,997,1045
506301,994,1046
506302,991,1049
506303,992,1050
506304,989,1046
506305,983,1044
506306,979,1042
506307,977,1044
506308,978,1049
506309,978,1049
506310,976,1049
506311,973,1046
506312,969,1044
506313,969,1048
506314,971,1052
506315,971,1050
506316,971,1049
506317,969,1047
506318,965,1046
506319,965,1048
506320,966,1048
506321,968,1053
506322,966,1053
506323,963,1049
506324,964,1050
506325,964,1052
506326,970,1054
506327,972,1054
506328,973,1054
506329,968,1052
506330,968,1051
506331,968,1052
506332,972,1053
506333,975,1056
506334,975,1054
506335,973,1053
506336,969,1052
506337,971,1053
506338,972,1056
506339,972,1056
506340,975,1057
506341,975,1052
506342,972,1050
506343,972,1052
506344,974,1054
506345,981,1056
506346,980,1053
506347,978,1049
506348,973,1048
506349,971,1049
506350,977,1051
506351,980,1051
506352,981,1048
506353,980,1044
506354,977,1042
506355,977,1038
506356,982,1040
506357,982,1041
506358,984,1040
506359,980,1035
506360,980,1034
506361,980,1035
506362,986,1036
506363,988,1036
506364,991,1036
506365,990,1032
506366,988,1029
506367,989,1029
506368,994,1030
506369,998,1028
506370,1000,1025
506371,1001,1023
506372,997,1021
506373,999,1021
506374,1000,1026
506375,1005,1027
506376,1004,1024
506377,1008,1019
506378,1008,1020
506379,1007,1021
506380,1013,1024
506381,1017,1026
506382,1016,1023
506383,1018,1018
506384,1017,1019
506385,1015,1020
506386,1019,1019
506387,1020,1022
506388,1019,1023
506389,1022,1022
506390,1017,1018
506391,1020,1018
506392,1024,1020
506393,1025,1022
506394,1025,1020
506395,1021,1016
506396,1017,1015
506397,1015,1017
506398,1017,1020
506399,1021,1023
506400,1019,1021
506401,1016,1021
506402,1013,1022
506403,1011,1024
506404,1014,1030
506405,1013,1032
506406,1011,1031
506407,1005,1030
506408,1004,1029
506409,1004,1034
506410,1005,1036
506411,1007,1040
506412,1002,1039
506413,999,1038
506414,994,1037
506415,993,1042
506416,994,1045
506417,994,1047
506418,994,1046
506419,989,1046
506420,983,1047
506421,987,1048
506422,985,1053
506423,991,1051
506424,989,1051
506425,985,1049
506426,983,1049
506427,984,1051
506428,987,1052
506429,989,1055
506430,988,1055
506431,988,1051
506432,984,1049
506433,984,1050
506434,987,1054
506435,991,1055
506436,992,1050
506437,989,1045
506438,986,1043
506439,985,1043
506440,989,1047
506441,993,1049
506442,991,1045
506443,990,1042
506444,987,1039
506445,988,1041
506446,992,1040
506447,994,1042
506448,994,1041
506449,993,1035
506450,991,1036
506451,990,1038
506452,988,1041
506453,995,1040
506454,994,1041
506455,989,1038
506456,989,1037
506457,988,1040
506458,992,1042
506459,995,1043
506460,995,1040
506461,994,1038
506462,987,1037
506463,988,1042
506464,992,1043
506465,994,1044
506466,995,1042
506467,994,1038
506468,988,1041
506469,989,1042
506470,990,1042
506471,990,1041
506472,990,1042
506473,985,1039
506474,984,1038
506475,984,1040
506476,984,1040
506477,986,1044
506478,987,1043
506479,985,1041
506480,980,1038
506481,981,1043
506482,984,1046
506483,987,1051
506484,988,1046
506485,987,1042
506486,982,1042
506487,983,1044
506488,984,1046
506489,987,1048
506490,985,1046
506491,982,1043
506492,979,1045
506493,980,1044
506494,981,1046
506495,983,1048
506496,986,1047
506497,985,1044
506498,984,1040
506499,985,1045
506500,988,1049
506501,988,1048
506502,989,1047
506503,985,1043
506504,981,1041
506505,981,1044
506506,983,1047
506507,986,1050
506508,982,1048
506509,984,1044
506510,982,1046
506511,983,1048
506512,981,1050
506513,986,1052
506514,981,1048
506515,982,1048
506516,981,1047
506517,981,1047
506518,986,1050
506519,988,1050
506520,985,1051
506521,985,1049
506522,982,1048
506523,981,1049
506524,981,1054
506525,984,1053
506526,984,1051
506527,985,1046
506528,980,1047
506529,980,1047
506530,981,1051
506531,982,1051
506532,984,1050
506533,981,1049
506534,979,1043
506535,980,1047
506536,983,1049
506537,989,1052
506538,991,1048
506539,991,1044
506540,987,1043
506541,988,1045
506542,993,1046
506543,1000,1046
506544,1006,1040
506545,1014,1036
506546,1025,1034
506547,1045,1030
506548,1070,1025
506549,1105,1015
506550,1137,1001
506551,1168,983
506552,1202,974
506553,1235,975
506554,1271,983
506555,1291,997
506556,1282,1011
506557,1245,1020
506558,1195,1023
506559,1139,1032
506560,1088,1048
506561,1036,1066
506562,992,1080
506563,965,1089
506564,963,1092
506565,973,1088
506566,983,1078
506567,991,1070
506568,992,1059
506569,991,1050
506570,987,1046
506571,983,1048
506572,981,1047
506573,983,1048
506574,976,1045
506575,972,1043
506576,969,1045
506577,970,1043
506578,971,1048
506579,973,1051
506580,972,1047
506581,968,1045
506582,965,1045
506583,964,1046
506584,963,1049
506585,967,1050
506586,966,1047
506587,963,1045
506588,963,1045
506589,965,1049
506590,964,1048
506591,967,1050
506592,967,1050
506593,964,1048
506594,961,1047
506595,962,1050
506596,963,1052
506597,965,1055
506598,966,1053
506599,963,1051
506600,961,1052
506601,960,1054
506602,963,1058
506603,966,1060
506604,966,1058
506605,966,1055
506606,962,1053
506607,963,1052
506608,968,1052
506609,971,1054
506610,973,1050
506611,970,1047
506612,964,1045
506613,964,1046
506614,969,1047
506615,975,1050
506616,975,1049
506617,974,1045
506618,972,1045
506619,977,1044
506620,978,1047
506621,981,1045
506622,981,1045
506623,977,1040
506624,975,1036
506625,975,1037
506626,981,1037
506627,986,1035
506628,987,1035
506629,986,1031
506630,982,1028
506631,986,1029
506632,986,1027
506633,992,1030
506634,992,1024
506635,991,1020
506636,991,1017
506637,994,1019
506638,994,1020
506639,1000,1020
506640,1004,1016
506641,1002,1014
506642,1001,1011
506643,1000,1013
506644,1005,1014
506645,1009,1013
506646,1007,1010
506647,1002,1007
506648,1003,1006
506649,1003,1005
506650,1010,1009
506651,1015,1009
506652,1012,1006
506653,1008,1005
506654,1005,1001
506655,1007,1005
506656,1013,1006
506657,1017,1008
506658,1019,1005
506659,1016,1003
506660,1011,1001
506661,1015,1002
506662,1020,1007
506663,1022,1006
506664,1021,1006
506665,1017,1003
506666,1016,1004
506667,1015,1008
506668,1018,1012
506669,1017,1015
506670,1016,1014
506671,1013,1014
506672,1007,1016
506673,1005,1019
506674,1007,1025
506675,1006,1026
506676,1003,1029
506677,1003,1027
506678,1000,1028
506679,999,1033
506680,1001,1037
506681,1002,1038
506682,1001,1038
506683,996,1040
506684,991,1040
506685,989,1044
506686,991,1047
506687,992,1047
506688,991,1048
506689,989,1046
506690,987,1046
506691,987,1049
506692,989,1051
506693,989,1052
506694,986,1051
506695,982,1046
506696,978,1046
506697,981,1050
506698,982,1053
506699,986,1054
506700,988,1051
506701,985,1052
506702,984,1052
506703,984,1053
506704,990,1058
506705,995,1059
506706,996,1058
506707,998,1058
506708,998,1058
506709,1001,1056
506710,1008,1062
506711,1011,1063
506712,1018,1064
506713,1017,1060
506714,1022,1061
506715,1027,1059
506716,1040,1059
506717,1056,1048
506718,1065,1031
506719,1075,1010
506720,1081,997
506721,1093,989
506722,1112,978
506723,1130,967
506724,1144,951
506725,1157,932
506726,1172,911
506727,1191,892
506728,1210,872
506729,1230,856
506730,1244,840
506731,1253,824
506732,1254,818
506733,1252,814
506734,1253,814
506735,1251,817
506736,1246,813
506737,1237,809
506738,1223,805
506739,1206,805
506740,1188,809
506741,1168,815
506742,1145,817
506743,1118,823
506744,1093,832
506745,1070,846
506746,1051,860
506747,1042,873
506748,1035,884
506749,1029,896
506750,1028,911
506751,1023,928
506752,1022,942
506753,1023,953
506754,1026,962
506755,1031,965
506756,1042,975
506757,1061,984
506758,1077,994
506759,1083,996
506760,1073,996
506761,1046,999
506762,1013,1009
506763,983,1018
506764,964,1036
506765,951,1053
506766,943,1065
506767,935,1075
506768,930,1087
506769,927,1095
506770,926,1101
506771,926,1104
506772,923,1103
506773,918,1105
506774,911,1107
506775,909,1112
506776,907,1117
506777,910,1120
506778,906,1120
506779,902,1117
506780,899,1121
506781,898,1125
506782,900,1128
506783,902,1131
506784,900,1129
506785,897,1130
506786,895,1131
506787,892,1133
506788,893,1137
506789,895,1140
506790,894,1142
506791,893,1135
506792,889,1141
506793,886,1143
506794,886,1146
506795,887,1152
506796,885,1151
506797,882,1151
506798,879,1152
506799,879,1156
506800,882,1163
506801,883,1164
506802,883,1166
506803,885,1166
506804,882,1168
506805,880,1171
506806,882,1178
506807,883,1180
506808,880,1183
506809,878,1182
506810,877,1186
506811,880,1188
506812,881,1193
506813,887,1192
506814,884,1195
506815,884,1194
506816,881,1194
506817,882,1200
506818,884,1202
506819,889,1207
506820,890,1205
506821,891,1203
506822,889,1206
506823,891,1207
506824,896,1212
506825,900,1211
506826,900,1209
506827,900,1205
506828,900,1205
506829,904,1206
506830,910,1207
506831,916,1205
506832,919,1203
506833,918,1201
506834,921,1196
506835,925,1194
506836,928,1194
506837,932,1194
506838,933,1187
506839,936,1181
506840,939,1175
506841,940,1173
506842,947,1172
506843,950,1166
506844,951,1162
506845,951,1153
506846,954,1146
506847,958,1140
506848,959,1136
506849,965,1130
506850,967,1123
506851,969,1115
506852,964,1109
506853,967,1109
506854,969,1107
506855,972,1101
506856,971,1095
506857,968,1088
506858,963,1085
506859,963,1082
506860,968,1080
506861,972,1080
506862,970,1076
506863,968,1073
506864,967,1068
506865,965,1068
506866,968,1068
506867,970,1065
506868,971,1063
506869,970,1058
506870,967,1058
506871,968,1059
506872,971,1060
506873,976,1061
506874,976,1057
506875,973,1055
506876,966,1053
506877,967,1054
506878,968,1058
506879,970,1057
506880,966,1057
506881,966,1055
506882,964,1054
506883,968,1058
506884,972,1060
506885,974,1060
506886,975,1060
506887,972,1056
506888,969,1056
506889,969,1058
506890,973,1063
506891,977,1062
506892,975,1061
506893,974,1060
506894,972,1058
506895,972,1063
506896,977,1060
506897,979,1061
506898,975,1058
506899,975,1056
506900,974,1053
506901,972,1056
506902,976,1059
506903,977,1056
506904,979,1056
506905,975,1056
506906,969,1054
506907,972,1058
506908,977,1057
506909,975,1058
506910,974,1055
506911,971,1052
506912,971,1052
506913,972,1053
506914,975,1056
506915,976,1056
506916,971,1052
506917,971,1049
506918,968,1049
506919,965,1050
506920,972,1052
506921,975,1052
506922,974,1050
506923,973,1046
506924,970,1048
506925,970,1048
506926,973,1051
506927,974,1053
506928,974,1050
506929,969,1048
506930,963,1050
506931,963,1051
506932,968,1055
506933,975,1052
506934,976,1053
506935,974,1049
506936,971,1050
506937,972,1051
506938,973,1052
506939,976,1054
506940,977,1053
506941,973,1048
506942,968,1047
506943,970,1049
506944,971,1053
506945,975,1055
506946,976,1051
506947,973,1048
506948,970,1049
506949,971,1051
506950,975,1052
506951,974,1052
506952,977,1050
506953,974,1049
506954,974,1047
506955,971,1050
506956,975,1051
506957,977,1053
506958,973,1049
506959,972,1048
506960,971,1048
506961,968,1051
506962,969,1055
506963,974,1057
506964,975,1055
506965,972,1055
506966,973,1052
506967,972,1055
506968,976,1057
506969,978,1058
506970,975,1057
506971,972,1053
506972,971,1052
506973,973,1053
506974,974,1056
506975,979,1057
506976,980,1057
506977,977,1056
506978,977,1054
506979,976,1055
506980,979,1058
506981,979,1058
506982,979,1059
506983,975,1054
506984,973,1056
506985,976,1057
506986,979,1056
506987,978,1061
506988,980,1058
506989,981,1053
506990,980,1051
506991,980,1054
506992,982,1056
506993,982,1056
506994,982,1053
506995,978,1052
506996,979,1052
506997,981,1053
506998,985,1056
506999,987,1056
507000,987,1053
507001,985,1050
507002,981,1048
507003,978,1051
507004,981,1052
507005,981,1053
507006,984,1052
507007,982,1049
507008,979,1047
507009,978,1048
507010,978,1049
507011,984,1053
507012,983,1047
507013,976,1046
507014,975,1043
507015,978,1047
507016,981,1051
507017,982,1053
507018,979,1049
507019,981,1046
507020,978,1047
507021,979,1050
507022,981,1053
507023,983,1054
507024,982,1052
507025,980,1052
507026,979,1049
507027,978,1054
507028,980,1056
507029,982,1056
507030,985,1054
507031,982,1051
507032,981,1050
507033,981,1055
507034,983,1055
507035,986,1056
507036,987,1055
507037,984,1050
507038,982,1050
507039,982,1051
507040,985,1054
507041,990,1056
507042,988,1051
507043,986,1051
507044,985,1049
507045,986,1050
507046,990,1052
507047,996,1048
507048,999,1045
507049,1006,1039
507050,1011,1035
507051,1023,1035
507052,1043,1034
507053,1061,1030
507054,1083,1024
507055,1108,1014
507056,1138,1002
507057,1168,989
507058,1203,984
507059,1234,984
507060,1267,985
507061,1284,992
507062,1282,1008
507063,1262,1025
507064,1222,1038
507065,1174,1042
507066,1119,1051
507067,1066,1061
507068,1017,1073
507069,984,1086
507070,971,1091
507071,978,1094
507072,985,1080
507073,991,1070
507074,995,1060
507075,993,1055
507076,993,1055
507077,991,1056
507078,987,1055
507079,983,1054
507080,978,1053
507081,974,1056
507082,976,1057
507083,979,1061
507084,978,1058
507085,975,1058
507086,970,1056
507087,967,1060
507088,970,1057
507089,972,1056
507090,970,1053
507091,966,1050
507092,963,1050
507093,963,1055
507094,965,1058
507095,968,1056
507096,964,1055
507097,962,1053
507098,962,1053
507099,962,1054
507100,967,1056
507101,967,1056
507102,968,1052
507103,967,1052
507104,962,1050
507105,965,1053
507106,964,1054
507107,965,1056
507108,966,1056
507109,966,1052
507110,962,1052
507111,966,1056
507112,970,1057
507113,972,1058
507114,971,1052
507115,971,1050
507116,969,1049
507117,968,1053
507118,968,1056
507119,973,1053
507120,969,1050
507121,968,1046
507122,965,1047
507123,968,1048
507124,971,1052
507125,975,1050
507126,974,1049
507127,969,1046
507128,965,1045
507129,967,1046
507130,967,1050
507131,973,1048
507132,972,1047
507133,969,1043
507134,971,1044
507135,974,1044
507136,978,1046
507137,981,1048
507138,979,1044
507139,978,1042
507140,977,1040
507141,980,1040
507142,981,1041
507143,989,1043
507144,988,1039
507145,986,1034
507146,987,1032
507147,988,1033
507148,991,1034
507149,998,1034
507150,998,1030
507151,995,1027
507152,995,1025
507153,994,1024
507154,999,1027
507155,1004,1026
507156,1003,1023
507157,1000,1020
507158,1001,1020
507159,1005,1019
507160,1011,1019
507161,1015,1019
507162,1015,1018
507163,1014,1014
507164,1017,1016
507165,1018,1013
507166,1021,1016
507167,1026,1015
507168,1024,1015
507169,1022,1009
507170,1023,1007
507171,1022,1006
507172,1026,1009
507173,1030,1009
507174,1028,1008
507175,1027,1006
507176,1024,1007
507177,1020,1011
507178,1023,1018
507179,1027,1021
507180,1023,1022
507181,1020,1020
507182,1017,1025
507183,1018,1030
507184,1018,1033
507185,1018,1038
507186,1015,1039
507187,1009,1037
507188,1006,1037
507189,1005,1043
507190,1005,1047
507191,1008,1049
507192,1006,1048
507193,1004,1047
507194,999,1047
507195,998,1050
507196,1000,1054
507197,1002,1056
507198,999,1053
507199,993,1053
507200,990,1051
507201,991,1056
507202,994,1060
507203,995,1059
507204,995,1056
507205,992,1054
507206,988,1051
507207,990,1054
507208,991,1057
507209,993,1056
507210,995,1058
507211,993,1054
507212,987,1053
507213,988,1055
507214,988,1058
507215,992,1057
507216,989,1054
507217,986,1049
507218,985,1051
507219,986,1052
507220,990,1054
507221,994,1054
507222,992,1051
507223,990,1052
507224,989,1048
507225,985,1052
507226,987,1054
507227,990,1054
507228,991,1052
507229,989,1048
507230,986,1049
507231,987,1052
507232,989,1054
507233,994,1055
507234,993,1053
507235,989,1051
507236,989,1051
507237,989,1056
507238,991,1055
507239,994,1057
507240,995,1055
507241,994,1051
507242,992,1051
507243,991,1051
507244,991,1055
507245,995,1055
507246,993,1051
507247,991,1048
507248,988,1047
507249,990,1047
507250,992,1051
507251,991,1049
507252,991,1049
507253,986,1045
507254,988,1043
507255,988,1049
507256,989,1051
507257,992,1051
507258,992,1050
507259,987,1048
507260,983,1050
507261,985,1052
507262,987,1055
507263,990,1058
507264,987,1056
507265,984,1052
507266,980,1052
507267,980,1053
507268,984,1059
507269,986,1058
507270,985,1054
507271,982,1051
507272,983,1054
507273,979,1054
507274,983,1057
507275,985,1054
507276,985,1055
507277,982,1053
507278,977,1053
507279,978,1055
507280,982,1060
507281,985,1062
507282,983,1057
507283,982,1057
507284,980,1059
507285,978,1064
507286,982,1065
507287,982,1061
507288,985,1060
507289,984,1056
507290,980,1057
507291,983,1060
507292,986,1062
507293,989,1060
507294,987,1058
507295,982,1056
507296,981,1055
507297,980,1057
507298,983,1062
507299,985,1058
507300,987,1059
507301,987,1057
507302,986,1058
507303,986,1059
507304,987,1060
507305,985,1061
507306,985,1062
507307,981,1059
507308,979,1057
507309,978,1060
507310,984,1060
507311,985,1063
507312,985,1061
507313,983,1056
507314,980,1059
507315,979,1063
507316,981,1063
507317,983,1065
507318,984,1063
507319,982,1059
507320,979,1061
507321,980,1063
507322,982,1063
507323,985,1066
507324,985,1064
507325,983,1059
507326,980,1060
507327,983,1060
507328,983,1061
507329,986,1062
507330,988,1057
507331,986,1054
507332,985,1052
507333,986,1054
507334,987,1055
507335,989,1055
507336,987,1055
507337,987,1054
507338,986,1054
507339,986,1055
507340,988,1054
507341,990,1056
507342,992,1054
507343,992,1053
507344,985,1051
507345,987,1052
507346,993,1055
507347,994,1056
507348,992,1053
507349,987,1051
507350,987,1053
507351,988,1054
507352,987,1058
507353,996,1060
507354,991,1058
507355,986,1057
507356,984,1056
507357,983,1060
507358,987,1062
507359,991,1064
507360,993,1061
507361,991,1062
507362,990,1060
507363,992,1061
507364,992,1064
507365,993,1062
507366,989,1062
507367,988,1056
507368,985,1058
507369,985,1060
507370,986,1062
507371,990,1063
507372,988,1061
507373,983,1059
507374,981,1057
507375,980,1060
507376,984,1060
507377,984,1059
507378,988,1056
507379,983,1056
507380,982,1056
507381,981,1058
507382,985,1062
507383,988,1063
507384,986,1060
507385,986,1059
507386,986,1059
507387,985,1060
507388,988,1062
507389,993,1062
507390,995,1061
507391,994,1058
507392,991,1058
507393,990,1059
507394,997,1059
507395,1002,1062
507396,1008,1056
507397,1014,1048
507398,1024,1045
507399,1043,1045
507400,1065,1047
507401,1095,1042
507402,1127,1029
507403,1161,1014
507404,1198,1003
507405,1236,995
507406,1275,996
507407,1304,1000
507408,1309,1013
507409,1282,1023
507410,1231,1030
507411,1172,1040
507412,1116,1049
507413,1061,1063
507414,1012,1075
507415,983,1078
507416,978,1079
507417,987,1075
507418,998,1069
507419,1005,1060
507420,1002,1054
507421,995,1049
507422,990,1050
507423,987,1053
507424,988,1055
507425,983,1054
507426,979,1053
507427,976,1052
507428,975,1053
507429,972,1055
507430,972,1061
507431,973,1061
507432,974,1061
507433,971,1061
507434,968,1061
507435,969,1064
507436,971,1070
507437,974,1068
507438,972,1065
507439,967,1064
507440,965,1063
507441,963,1066
507442,968,1068
507443,970,1069
507444,970,1070
507445,967,1063
507446,963,1067
507447,966,1070
507448,970,1072
507449,972,1070
507450,972,1069
507451,968,1068
507452,966,1066
507453,968,1067
507454,967,1069
507455,970,1068
507456,971,1065
507457,968,1063
507458,969,1061
507459,968,1062
507460,968,1066
507461,973,1062
507462,970,1058
507463,970,1057
507464,968,1057
507465,968,1059
507466,971,1060
507467,973,1060
507468,973,1060
507469,971,1052
507470,968,1054
507471,969,1052
507472,973,1057
507473,976,1057
507474,976,1054
507475,976,1051
507476,977,1052
507477,977,1053
507478,978,1051
507479,982,1053
507480,983,1050
507481,979,1044
507482,978,1044
507483,980,1045
507484,986,1049
507485,987,1046
507486,990,1042
507487,987,1036
507488,988,1038
507489,988,1036
507490,989,1037
507491,995,1036
507492,998,1032
507493,995,1028
507494,993,1027
507495,995,1030
507496,999,1031
507497,999,1029
507498,1001,1026
507499,1001,1025
507500,999,1023
507501,998,1022
507502,1000,1025
507503,1003,1023
507504,1004,1021
507505,1002,1017
507506,1003,1017
507507,1006,1019
507508,1007,1022
507509,1011,1023
507510,1011,1019
507511,1008,1017
507512,1003,1016
507513,1006,1019
507514,1008,1023
507515,1012,1023
507516,1013,1022
507517,1011,1023
507518,1008,1023
507519,1005,1026
507520,1008,1032
507521,1012,1032
507522,1009,1032
507523,1003,1032
507524,1000,1033
507525,997,1038
507526,1000,1043
507527,995,1047
507528,993,1048
507529,991,1047
507530,989,1051
507531,989,1050
507532,989,1056
507533,992,1057
507534,987,1056
507535,986,1055
507536,981,1056
507537,983,1059
507538,984,1063
507539,984,1061
507540,984,1058
507541,980,1057
507542,978,1056
507543,979,1059
507544,983,1062
507545,986,1063
507546,986,1057
507547,983,1054
507548,979,1055
507549,985,1057
507550,984,1058
507551,984,1056
507552,984,1052
507553,984,1049
507554,980,1050
507555,982,1053
507556,982,1055
507557,985,1055
507558,985,1053
507559,978,1049
507560,974,1051
507561,977,1052
507562,981,1054
507563,982,1055
507564,980,1051
507565,976,1048
507566,974,1050
507567,978,1052
507568,980,1053
507569,984,1055
507570,984,1052
507571,981,1051
507572,979,1051
507573,978,1051
507574,981,1055
507575,982,1055
507576,981,1052
507577,979,1048
507578,978,1048
507579,980,1052
507580,984,1055
507581,984,1053
507582,984,1052
507583,980,1046
507584,976,1045
507585,977,1049
507586,979,1051
507587,980,1053
507588,978,1049
507589,977,1048
507590,975,1049
507591,979,1051
507592,979,1053
507593,983,1054
507594,982,1050
507595,979,1049
507596,978,1048
507597,978,1052
507598,983,1054
507599,986,1053
507600,980,1053
507601,976,1049
507602,975,1051
507603,977,1051
507604,976,1053
507605,977,1054
507606,975,1052
507607,973,1050
507608,972,1049
507609,974,1053
507610,974,1055
507611,979,1053
507612,978,1051
507613,973,1047
507614,972,1048
507615,971,1052
507616,975,1057
507617,980,1055
507618,977,1053
507619,977,1053
507620,975,1051
507621,975,1054
507622,978,1055
507623,982,1057
507624,980,1054
507625,972,1051
507626,968,1053
507627,973,1056
507628,973,1059
507629,975,1058
507630,977,1054
507631,972,1052
507632,973,1049
507633,976,1053
507634,978,1057
507635,984,1053
507636,985,1049
507637,986,1042
507638,988,1041
507639,998,1040
507640,1006,1041
507641,1020,1037
507642,1036,1033
507643,1054,1028
507644,1080,1020
507645,1117,1009
507646,1160,1000
507647,1207,990
507648,1253,990
507649,1281,1000
507650,1284,1022
507651,1253,1041
507652,1202,1045
507653,1143,1050
507654,1073,1059
507655,1011,1076
507656,959,1095
507657,943,1106
507658,952,1112
507659,967,1101
507660,977,1084
507661,979,1070
507662,977,1063
507663,982,1061
507664,977,1058
507665,973,1057
507666,970,1057
507667,968,1053
507668,964,1052
507669,959,1054
507670,961,1059
507671,964,1061
507672,965,1059
507673,963,1054
507674,960,1054
507675,961,1054
507676,958,1058
507677,962,1056
507678,962,1054
507679,956,1051
507680,956,1051
507681,956,1053
507682,958,1055
507683,960,1055
507684,962,1053
507685,956,1050
507686,956,1048
507687,956,1053
507688,960,1054
507689,961,1053
507690,963,1053
507691,960,1052
507692,959,1052
507693,959,1053
507694,959,1053
507695,961,1053
507696,961,1051
507697,958,1048
507698,958,1047
507699,961,1046
507700,962,1048
507701,968,1049
507702,966,1045
507703,964,1041
507704,961,1042
507705,961,1043
507706,963,1042
507707,969,1043
507708,969,1040
507709,967,1034
507710,966,1035
507711,969,1038
507712,969,1039
507713,973,1036
507714,971,1033
507715,970,1031
507716,967,1030
507717,972,1029
507718,973,1029
507719,977,1026
507720,978,1022
507721,980,1020
507722,977,1017
507723,980,1016
507724,983,1016
507725,986,1016
507726,987,1011
507727,987,1008
507728,984,1006
507729,986,1007
507730,990,1010
507731,994,1010
507732,994,1004
507733,990,1001
507734,989,999
507735,991,1002
507736,996,1004
507737,999,1005
507738,1000,1002
507739,1002,1000
507740,1000,1001
507741,1002,1004
507742,1004,1006
507743,1003,1003
507744,1003,1004
507745,1004,1002
507746,1001,1001
507747,1004,1005
507748,1006,1007
507749,1008,1009
507750,1008,1009
507751,1005,1010
507752,1002,1011
507753,1003,1016
507754,1000,1019
507755,1007,1022
507756,1005,1022
507757,997,1023
507758,998,1025
507759,997,1029
507760,998,1035
507761,996,1038
507762,995,1038
507763,990,1040
507764,986,1042
507765,987,1046
507766,987,1051
507767,989,1051
507768,987,1051
507769,984,1050
507770,981,1051
507771,978,1054
507772,981,1057
507773,982,1058
507774,980,1056
507775,979,1054
507776,977,1054
507777,977,1056
507778,979,1058
507779,983,1056
507780,982,1055
507781,979,1053
507782,975,1052
507783,976,1054
507784,984,1060
507785,987,1059
507786,988,1057
507787,986,1054
507788,984,1052
507789,985,1055
507790,987,1057
507791,989,1057
507792,989,1056
507793,986,1052
507794,987,1049
507795,987,1051
507796,990,1053
507797,994,1052
507798,989,1050
507799,987,1049
507800,985,1049
507801,987,1049
507802,988,1050
507803,991,1051
507804,990,1048
507805,986,1045
507806,986,1048
507807,984,1046
507808,985,1052
507809,981,1053
507810,981,1050
507811,978,1050
507812,975,1050
507813,977,1052
507814,983,1054
507815,986,1055
507816,984,1052
507817,980,1049
507818,978,1050
507819,979,1052
507820,979,1056
507821,982,1055
507822,982,1054
507823,980,1054
507824,977,1052
507825,976,1053
507826,977,1056
507827,976,1058
507828,979,1060
507829,980,1056
507830,980,1056
507831,980,1059
507832,982,1063
507833,983,1062
507834,980,1061
507835,983,1057
507836,979,1057
507837,982,1061
507838,983,1062
507839,985,1062
507840,987,1060
507841,984,1055
507842,982,1055
507843,983,1058
507844,985,1060
507845,987,1059
507846,987,1059
507847,983,1055
507848,980,1056
507849,981,1058
507850,983,1059
507851,985,1062
507852,985,1060
507853,981,1059
507854,978,1058
507855,980,1059
507856,982,1062
507857,980,1065
507858,982,1063
507859,980,1058
507860,976,1058
507861,977,1059
507862,977,1062
507863,981,1061
507864,980,1055
507865,979,1054
507866,977,1056
507867,978,1055
507868,983,1057
507869,985,1057
507870,982,1055
507871,979,1054
507872,976,1058
507873,977,1059
507874,978,1059
507875,979,1061
507876,982,1061
507877,977,1058
507878,978,1059
507879,979,1061
507880,981,1061
507881,985,1060
507882,983,1061
507883,982,1059
507884,978,1059
507885,977,1061
507886,982,1064
507887,985,1062
507888,985,1061
507889,983,1060
507890,980,1060
507891,980,1060
507892,980,1062
507893,982,1062
507894,984,1059
507895,980,1058
507896,978,1056
507897,981,1060
507898,985,1063
507899,988,1061
507900,987,1059
507901,983,1057
507902,980,1058
507903,982,1062
507904,986,1062
507905,990,1062
507906,988,1059
507907,981,1057
507908,982,1058
507909,983,1060
507910,983,1061
507911,983,1061
507912,983,1060
507913,982,1056
507914,979,1058
507915,980,1060
507916,982,1060
507917,984,1060
507918,987,1057
507919,984,1057
507920,981,1057
507921,979,1059
507922,980,1063
507923,985,1060
507924,986,1060
507925,983,1058
507926,980,1058
507927,984,1060
507928,988,1064
507929,990,1064
507930,988,1059
507931,984,1059
507932,984,1058
507933,984,1061
507934,985,1063
507935,988,1061
507936,989,1063
507937,986,1059
507938,985,1059
507939,984,1061
507940,986,1063
507941,989,1063
507942,988,1061
507943,985,1057
507944,984,1058
507945,984,1063
507946,987,1064
507947,990,1063
507948,988,1062
507949,985,1057
507950,983,1057
507951,983,1060
507952,987,1065
507953,991,1061
507954,988,1058
507955,990,1057
507956,986,1057
507957,987,1061
507958,990,1060
507959,993,1061
507960,992,1059
507961,988,1055
507962,986,1055
507963,991,1058
507964,993,1061
507965,997,1061
507966,994,1060
507967,990,1057
507968,987,1057
507969,988,1062
507970,991,1064
507971,995,1064
507972,993,1061
507973,992,1059
507974,991,1060
507975,993,1065
507976,994,1063
507977,996,1063
507978,996,1061
507979,996,1057
507980,992,1058
507981,994,1059
507982,996,1060
507983,1002,1060
507984,999,1057
507985,999,1050
507986,1002,1048
507987,1009,1047
507988,1016,1046
507989,1034,1046
507990,1051,1039
507991,1068,1032
507992,1093,1027
507993,1123,1019
507994,1158,1012
507995,1196,995
507996,1230,988
507997,1261,984
507998,1292,987
507999,1310,1001
508000,1292,1021
508001,1253,1033
508002,1194,1038
508003,1139,1044
508004,1083,1057
508005,1035,1069
508006,999,1081
508007,987,1083
508008,986,1078
508009,993,1074
508010,999,1064
508011,1002,1060
508012,1001,1059
508013,999,1059
508014,993,1059
508015,987,1058
508016,986,1057
508017,982,1064
508018,980,1066
508019,980,1065
508020,981,1064
508021,981,1059
508022,978,1060
508023,977,1061
508024,979,1062
508025,980,1063
508026,977,1063
508027,974,1061
508028,970,1060
508029,973,1063
508030,976,1065
508031,979,1066
508032,976,1062
508033,973,1060
508034,968,1060
508035,970,1063
508036,970,1065
508037,973,1063
508038,969,1065
508039,969,1062
508040,963,1062
508041,968,1064
508042,971,1069
508043,975,1070
508044,972,1069
508045,970,1067
508046,965,1070
508047,966,1069
508048,968,1071
508049,974,1069
508050,974,1068
508051,971,1064
508052,965,1065
508053,968,1068
508054,974,1069
508055,976,1068
508056,975,1065
508057,971,1065
508058,971,1062
508059,976,1067
508060,979,1068
508061,983,1065
508062,984,1063
508063,981,1058
508064,978,1059
508065,982,1061
508066,984,1062
508067,987,1058
508068,989,1055
508069,988,1050
508070,988,1048
508071,991,1050
508072,995,1050
508073,1000,1049
508074,997,1046
508075,994,1040
508076,996,1039
508077,998,1038
508078,1001,1039
508079,1007,1038
508080,1007,1039
508081,1007,1033
508082,1009,1033
508083,1009,1033
508084,1011,1036
508085,1013,1035
508086,1015,1032
508087,1013,1031
508088,1009,1030
508089,1016,1032
508090,1017,1037
508091,1020,1034
508092,1020,1030
508093,1017,1028
508094,1012,1027
508095,1012,1031
508096,1019,1032
508097,1021,1032
508098,1023,1031
508099,1022,1028
508100,1020,1029
508101,1023,1031
508102,1025,1032
508103,1026,1031
508104,1025,1030
508105,1024,1029
508106,1020,1031
508107,1024,1032
508108,1028,1035
508109,1028,1036
508110,1027,1033
508111,1022,1032
508112,1020,1034
508113,1017,1038
508114,1021,1043
508115,1017,1043
508116,1013,1043
508117,1012,1041
508118,1010,1042
508119,1007,1049
508120,1008,1053
508121,1010,1054
508122,1008,1054
508123,1003,1051
508124,999,1051
508125,1002,1058
508126,1002,1060
508127,1004,1064
508128,1001,1062
508129,997,1059
508130,996,1059
508131,995,1063
508132,999,1065
508133,1002,1067
508134,1000,1064
508135,1001,1063
508136,995,1066
508137,996,1066
508138,1002,1072
508139,1004,1069
508140,1001,1068
508141,998,1066
508142,997,1065
508143,995,1067
508144,999,1069
508145,1003,1067
508146,999,1066
508147,997,1062
508148,995,1061
508149,996,1065
508150,1000,1067
508151,1002,1065
508152,1000,1061
508153,994,1057
508154,992,1058
508155,995,1062
508156,997,1064
508157,999,1062
508158,997,1058
508159,995,1052
508160,993,1055
508161,990,1055
508162,996,1055
508163,997,1054
508164,996,1053
508165,995,1050
508166,996,1049
508167,997,1051
508168,999,1054
508169,998,1053
508170,998,1051
508171,996,1049
508172,996,1052
508173,993,1054
508174,999,1059
508175,1002,1056
508176,1000,1056
508177,997,1053
508178,995,1056
508179,995,1057
508180,996,1059
508181,1000,1057
508182,999,1056
508183,998,1054
508184,997,1057
508185,993,1058
508186,1000,1062
508187,1002,1062
508188,999,1058
508189,994,1054
508190,994,1056
508191,995,1061
508192,997,1060
508193,1001,1060
508194,999,1061
508195,997,1059
508196,997,1057
508197,992,1059
508198,997,1061
508199,999,1061
508200,998,1059
508201,993,1057
508202,992,1058
508203,994,1061
508204,995,1064
508205,996,1063
508206,994,1059
508207,992,1056
508208,987,1054
508209,987,1059
508210,990,1063
508211,992,1061
508212,995,1056
508213,991,1055
508214,989,1056
508215,991,1060
508216,992,1064
508217,996,1064
508218,993,1060
508219,988,1059
508220,985,1061
508221,987,1063
508222,991,1066
508223,994,1064
508224,992,1060
508225,990,1059
508226,989,1059
508227,988,1064
508228,992,1070
508229,994,1070
508230,993,1068
508231,989,1064
508232,989,1067
508233,989,1067
508234,992,1071
508235,997,1070
508236,995,1067
508237,989,1065
508238,991,1066
508239,991,1069
508240,995,1072
508241,997,1071
508242,997,1067
508243,995,1066
508244,993,1065
508245,992,1065
508246,993,1068
508247,996,1068
508248,995,1066
508249,992,1062
508250,991,1061
508251,994,1062
508252,993,1063
508253,993,1065
508254,993,1059
508255,995,1058
508256,989,1056
508257,991,1057
508258,990,1062
508259,994,1061
508260,991,1058
508261,989,1056
508262,989,1057
508263,991,1056
508264,993,1060
508265,993,1059
508266,995,1060
508267,992,1056
508268,990,1059
508269,991,1061
508270,992,1064
508271,995,1064
508272,992,1061
508273,990,1061
508274,992,1060
508275,993,1064
508276,993,1066
508277,996,1065
508278,994,1067
508279,994,1063
508280,993,1063
508281,991,1067
508282,994,1068
508283,998,1066
508284,998,1064
508285,995,1063
508286,994,1064
508287,994,1063
508288,995,1068
508289,997,1067
508290,995,1067
508291,995,1062
508292,991,1062
508293,991,1064
508294,997,1066
508295,996,1066
508296,995,1063
508297,994,1059
508298,989,1063
508299,992,1065
508300,993,1068
508301,995,1067
508302,995,1065
508303,996,1063
508304,994,1062
508305,995,1065
508306,995,1069
508307,998,1065
508308,999,1061
508309,996,1061
508310,995,1060
508311,996,1060
508312,1000,1064
508313,1001,1061
508314,999,1061
508315,998,1060
508316,998,1062
508317,999,1063
508318,999,1067
508319,1004,1064
508320,1002,1066
508321,1000,1060
508322,999,1059
508323,1000,1062
508324,1003,1069
508325,1009,1064
508326,1008,1063
508327,1005,1058
508328,1007,1057
508329,1015,1055
508330,1027,1052
508331,1044,1049
508332,1061,1044
508333,1081,1037
508334,1107,1031
508335,1140,1023
508336,1177,1014
508337,1217,996
508338,1251,987
508339,1282,985
508340,1300,993
508341,1299,1012
508342,1270,1028
508343,1221,1038
508344,1163,1044
508345,1107,1053
508346,1056,1066
508347,1015,1076
508348,999,1084
508349,1001,1084
508350,1006,1074
508351,1012,1065
508352,1007,1059
508353,1009,1055
508354,1004,1060
508355,1001,1060
508356,997,1059
508357,994,1058
508358,988,1058
508359,988,1064
508360,989,1067
508361,991,1065
508362,991,1064
508363,987,1063
508364,983,1064
508365,983,1064
508366,986,1067
508367,987,1069
508368,987,1064
508369,983,1065
508370,981,1066
508371,980,1067
508372,982,1071
508373,986,1069
508374,983,1067
508375,978,1063
508376,975,1065
508377,974,1067
508378,977,1072
508379,978,1071
508380,978,1068
508381,975,1065
508382,977,1064
508383,978,1066
508384,980,1068
508385,981,1066
508386,979,1062
508387,981,1062
508388,976,1063
508389,984,1065
508390,985,1063
508391,987,1063
508392,987,1061
508393,986,1057
508394,982,1059
508395,986,1059
508396,988,1063
508397,989,1062
508398,989,1060
508399,987,1058
508400,990,1055
508401,989,1057
508402,990,1057
508403,994,1060
508404,991,1056
508405,992,1052
508406,989,1053
508407,991,1054
508408,995,1059
508409,999,1057
508410,1000,1055
508411,998,1051
508412,998,1050
508413,999,1051
508414,1000,1054
508415,1006,1051
508416,1004,1049
508417,1003,1043
508418,1002,1042
508419,1007,1046
508420,1010,1048
508421,1014,1044
508422,1010,1040
508423,1009,1038
508424,1013,1035
508425,1016,1037
508426,1019,1035
508427,1022,1036
508428,1020,1033
508429,1019,1031
508430,1017,1028
508431,1021,1031
508432,1023,1033
508433,1027,1032
508434,1026,1028
508435,1026,1022
508436,1023,1022
508437,1024,1023
508438,1028,1027
508439,1033,1026
508440,1033,1022
508441,1027,1019
508442,1028,1021
508443,1029,1024
508444,1033,1027
508445,1032,1025
508446,1033,1026
508447,1032,1023
508448,1029,1025
508449,1031,1030
508450,1032,1029
508451,1037,1033
508452,1035,1031
508453,1028,1032
508454,1025,1033
508455,1024,1040
508456,1024,1044
508457,1026,1046
508458,1023,1046
508459,1019,1046
508460,1018,1048
508461,1016,1052
508462,1016,1055
508463,1016,1057
508464,1011,1056
508465,1005,1054
508466,1002,1055
508467,1004,1059
508468,1005,1064
508469,1008,1062
508470,1004,1063
508471,1001,1059
508472,1001,1058
508473,999,1060
508474,1001,1063
508475,1003,1065
508476,998,1062
508477,999,1059
508478,997,1058
508479,999,1061
508480,1000,1063
508481,1001,1064
508482,1002,1062
508483,999,1061
508484,996,1060
508485,994,1063
508486,1000,1064
508487,1003,1065
508488,1005,1063
508489,1001,1061
508490,1001,1061
508491,1003,1065
508492,1006,1067
508493,1005,1066
508494,1000,1065
508495,996,1063
508496,998,1063
508497,999,1066
508498,1002,1071
508499,1004,1067
508500,1002,1064
508501,1002,1065
508502,998,1064
508503,998,1067
508504,1000,1071
508505,1003,1070
508506,1002,1069
508507,1001,1066
508508,1000,1062
508509,999,1062
508510,1004,1062
508511,1004,1059
508512,1002,1057
508513,998,1055
508514,997,1054
508515,996,1057
508516,1000,1058
508517,1002,1055
508518,1002,1054
508519,999,1053
508520,999,1051
508521,994,1052
508522,997,1054
508523,999,1054
508524,1000,1052
508525,995,1049
508526,992,1051
508527,993,1052
508528,997,1056
508529,997,1054
508530,994,1053
508531,991,1051
508532,993,1054
508533,995,1055
508534,995,1059
508535,999,1058
508536,999,1058
508537,994,1054
508538,996,1055
508539,997,1057
508540,998,1062
508541,999,1061
508542,996,1061
508543,992,1058
508544,990,1062
508545,993,1067
508546,994,1069
508547,999,1068
508548,997,1067
508549,993,1066
508550,992,1065
508551,993,1068
508552,994,1071
508553,998,1070
508554,996,1068
508555,992,1068
508556,992,1067
508557,993,1069
508558,996,1071
508559,997,1071
508560,997,1067
508561,994,1065
508562,991,1064
508563,994,1066
508564,996,1070
508565,998,1067
508566,997,1066
508567,998,1064
508568,996,1063
508569,995,1066
508570,998,1069
508571,999,1066
508572,998,1062
508573,996,1058
508574,992,1056
508575,990,1061
508576,995,1063
508577,999,1059
508578,997,1059
508579,993,1058
508580,992,1058
508581,995,1062
508582,997,1063
508583,997,1061
508584,999,1059
508585,997,1056
508586,994,1055
508587,995,1057
508588,997,1059
508589,999,1060
508590,999,1057
508591,997,1052
508592,993,1055
508593,995,1059
508594,998,1060
508595,1001,1059
508596,997,1058
508597,1000,1054
508598,998,1056
508599,1002,1058
508600,1004,1059
508601,1007,1059
508602,1007,1057
508603,1005,1054
508604,1003,1053
508605,1006,1057
508606,1006,1057
508607,1008,1058
508608,1008,1057
508609,1005,1054
508610,1008,1053
508611,1012,1055
508612,1019,1052
508613,1033,1049
508614,1046,1043
508615,1056,1041
508616,1074,1038
508617,1095,1038
508618,1120,1032
508619,1149,1018
508620,1175,1004
508621,1195,994
508622,1222,990
508623,1245,994
508624,1255,1005
508625,1257,1020
508626,1236,1034
508627,1196,1041
508628,1149,1049
508629,1103,1063
508630,1062,1078
508631,1026,1095
508632,1001,1101
508633,990,1098
508634,989,1094
508635,996,1088
508636,1004,1080
508637,1008,1073
508638,1003,1064
508639,999,1061
508640,995,1062
508641,992,1067
508642,992,1069
508643,989,1064
508644,989,1065
508645,988,1063
508646,984,1062
508647,983,1064
508648,986,1067
508649,986,1067
508650,985,1066
508651,980,1063
508652,978,1065
508653,975,1064
508654,978,1066
508655,981,1066
508656,981,1064
508657,978,1061
508658,976,1062
508659,978,1065
508660,977,1068
508661,979,1067
508662,979,1065
508663,973,1059
508664,972,1059
508665,973,1059
508666,976,1061
508667,978,1063
508668,975,1063
508669,974,1062
508670,976,1062
508671,977,1065
508672,981,1067
508673,981,1064
508674,978,1063
508675,976,1057
508676,978,1060
508677,979,1063
508678,981,1065
508679,983,1063
508680,984,1061
508681,978,1057
508682,980,1057
508683,981,1059
508684,986,1061
508685,988,1061
508686,987,1058
508687,988,1054
508688,985,1056
508689,985,1055
508690,991,1060
508691,992,1057
508692,993,1053
508693,990,1053
508694,991,1050
508695,990,1052
508696,996,1053
508697,998,1050
508698,999,1049
508699,999,1044
508700,995,1043
508701,997,1044
508702,999,1043
508703,1003,1045
508704,1002,1040
508705,1001,1035
508706,999,1035
508707,1000,1038
508708,1005,1039
508709,1007,1035
508710,1008,1034
508711,1007,1028
508712,1003,1027
508713,1009,1027
508714,1011,1029
508715,1014,1027
508716,1015,1026
508717,1013,1023
508718,1013,1023
508719,1014,1022
508720,1016,1025
508721,1019,1023
508722,1018,1020
508723,1015,1019
508724,1016,1019
508725,1017,1020
508726,1021,1023
508727,1025,1024
508728,1025,1021
508729,1022,1017
508730,1020,1016
508731,1022,1021
508732,1023,1024
508733,1027,1022
508734,1027,1021
508735,1023,1021
508736,1023,1023
508737,1026,1025
508738,1030,1030
508739,1025,1030
508740,1024,1029
508741,1022,1031
508742,1018,1035
508743,1020,1039
508744,1022,1042
508745,1021,1043
508746,1016,1043
508747,1012,1042
508748,1010,1044
508749,1009,1050
508750,1010,1053
508751,1011,1054
508752,1007,1053
508753,1006,1053
508754,1002,1053
508755,999,1057
508756,1000,1060
508757,1003,1061
508758,998,1060
508759,994,1056
508760,992,1058
508761,994,1063
508762,997,1064
508763,996,1065
508764,996,1062
508765,989,1061
508766,985,1060
508767,989,1061
508768,992,1065
508769,994,1063
508770,990,1060
508771,987,1057
508772,988,1058
508773,989,1059
508774,992,1061
508775,993,1061
508776,991,1059
508777,989,1059
508778,989,1058
508779,988,1061
508780,992,1064
508781,995,1063
508782,994,1060
508783,994,1058
508784,993,1059
508785,994,1061
508786,997,1065
508787,999,1063
508788,996,1062
508789,993,1059
508790,993,1060
508791,994,1063
508792,997,1068
508793,998,1067
508794,998,1064
508795,994,1063
508796,992,1062
508797,993,1065
508798,994,1067
508799,998,1063
508800,997,1059
508801,993,1058
508802,992,1058
508803,994,1060
508804,993,1064
508805,996,1062
508806,993,1060
508807,991,1060
508808,986,1062
508809,989,1065
508810,990,1065
508811,991,1063
508812,990,1059
508813,990,1058
508814,986,1058
508815,988,1061
508816,991,1063
508817,990,1062
508818,986,1060
508819,988,1058
508820,984,1056
508821,984,1059
508822,986,1060
508823,988,1059
508824,989,1056
508825,988,1055
508826,987,1055
508827,986,1055
508828,987,1057
508829,990,1057
508830,985,1057
508831,986,1052
508832,984,1056
508833,987,1056
508834,989,1059
508835,988,1060
508836,989,1057
508837,982,1058
508838,983,1058
508839,984,1061
508840,989,1063
508841,992,1063
508842,991,1059
508843,988,1058
508844,991,1058
508845,990,1062
508846,989,1062
508847,994,1064
508848,992,1061
508849,986,1060
508850,983,1058
508851,988,1060
508852,993,1058
508853,994,1061
508854,993,1059
508855,988,1056
508856,986,1059
508857,985,1061
508858,992,1063
508859,992,1062
508860,988,1059
508861,987,1057
508862,987,1057
508863,987,1060
508864,988,1065
508865,991,1064
508866,988,1062
508867,985,1059
508868,983,1061
508869,981,1064
508870,983,1067
508871,984,1065
508872,983,1063
508873,982,1059
508874,983,1062
508875,982,1064
508876,985,1069
508877,987,1067
508878,986,1067
508879,983,1063
508880,984,1065
508881,986,1070
508882,985,1072
508883,992,1070
508884,987,1068
508885,988,1063
508886,985,1064
508887,987,1064
508888,988,1069
508889,990,1068
508890,990,1067
508891,988,1061
508892,985,1062
508893,990,1063
508894,993,1065
508895,994,1065
508896,991,1062
508897,988,1059
508898,987,1059
508899,990,1060
508900,992,1062
508901,996,1061
508902,994,1058
508903,990,1055
508904,989,1054
508905,989,1057
508906,992,1058
508907,992,1056
508908,992,1054
508909,987,1051
508910,984,1051
508911,986,1050
508912,987,1054
508913,990,1056
508914,989,1053
508915,986,1051
508916,982,1051
508917,983,1053
508918,983,1054
508919,985,1056
508920,984,1054
508921,982,1052
508922,982,1053
508923,983,1058
508924,986,1061
508925,988,1062
508926,986,1063
508927,985,1060
508928,984,1063
508929,983,1061
508930,983,1064
508931,987,1063
508932,989,1062
508933,988,1059
508934,989,1061
508935,988,1064
508936,994,1063
508937,995,1061
508938,992,1059
508939,988,1054
508940,987,1054
508941,987,1057
508942,991,1060
508943,994,1059
508944,993,1061
508945,994,1055
508946,990,1057
508947,991,1057
508948,996,1061
508949,995,1061
508950,995,1060
508951,993,1057
508952,990,1057
508953,994,1060
508954,997,1062
508955,996,1061
508956,998,1058
508957,994,1054
508958,993,1057
508959,992,1058
508960,994,1062
508961,996,1060
508962,993,1056
508963,992,1055
508964,990,1056
508965,991,1056
508966,992,1058
508967,993,1056
508968,992,1053
508969,989,1053
508970,988,1053
508971,989,1057
508972,991,1061
508973,990,1059
508974,992,1056
508975,989,1056
508976,984,1056
508977,987,1056
508978,990,1059
508979,994,1059
508980,991,1056
508981,989,1052
508982,988,1053
508983,989,1056
508984,992,1057
508985,993,1058
508986,988,1055
508987,989,1050
508988,988,1051
508989,987,1055
508990,994,1056
508991,994,1053
508992,995,1051
508993,991,1050
508994,991,1050
508995,994,1054
508996,996,1055
508997,997,1055
508998,998,1054
508999,993,1051
509000,992,1055
509001,994,1058
509002,997,1059
509003,998,1055
509004,999,1055
509005,995,1051
509006,993,1053
509007,992,1055
509008,996,1058
509009,996,1058
509010,998,1053
509011,995,1050
509012,991,1052
509013,994,1055
509014,996,1056
509015,998,1054
509016,994,1050
509017,994,1047
509018,992,1050
509019,993,1053
509020,997,1055
509021,1000,1054
509022,1001,1051
509023,998,1049
509024,995,1050
509025,998,1051
509026,1002,1057
509027,1004,1055
509028,1003,1051
509029,1004,1049
509030,1005,1049
509031,1007,1052
509032,1012,1054
509033,1014,1053
509034,1013,1050
509035,1014,1043
509036,1020,1041
509037,1028,1040
509038,1044,1041
509039,1060,1038
509040,1081,1030
509041,1103,1022
509042,1133,1016
509043,1163,1005
509044,1200,995
509045,1229,990
509046,1256,987
509047,1273,991
509048,1276,1006
509049,1264,1022
509050,1240,1036
509051,1197,1037
509052,1150,1039
509053,1101,1048
509054,1058,1063
509055,1021,1075
509056,1003,1084
509057,999,1085
509058,999,1083
509059,1003,1072
509060,1004,1065
509061,1008,1059
509062,1007,1060
509063,1003,1056
509064,998,1053
509065,991,1047
509066,985,1052
509067,987,1055
509068,990,1057
509069,989,1056
509070,987,1052
509071,983,1051
509072,982,1053
509073,985,1056
509074,988,1059
509075,985,1055
509076,985,1055
509077,979,1052
509078,979,1055
509079,982,1057
509080,985,1059
509081,987,1057
509082,985,1057
509083,982,1054
509084,980,1056
509085,981,1059
509086,983,1064
509087,988,1063
509088,985,1061
509089,983,1057
509090,981,1057
509091,983,1059
509092,984,1061
509093,987,1060
509094,985,1056
509095,981,1055
509096,983,1054
509097,984,1057
509098,987,1059
509099,989,1057
509100,988,1054
509101,986,1053
509102,980,1052
509103,982,1054
509104,988,1055
509105,990,1055
509106,988,1051
509107,987,1050
509108,987,1050
509109,988,1047
509110,992,1052
509111,993,1049
509112,989,1047
509113,990,1045
509114,988,1043
509115,990,1047
509116,994,1047
509117,992,1044
509118,993,1044
509119,991,1038
509120,993,1039
509121,996,1041
509122,998,1044
509123,999,1044
509124,1000,1041
509125,1002,1036
509126,1002,1035
509127,1005,1036
509128,1008,1039
509129,1012,1037
509130,1012,1036
509131,1010,1031
509132,1015,1028
509133,1017,1033
509134,1019,1032
509135,1023,1030
509136,1024,1030
509137,1023,1025
509138,1020,1024
509139,1022,1025
509140,1027,1027
509141,1030,1026
509142,1031,1024
509143,1026,1021
509144,1024,1020
509145,1028,1023
509146,1030,1023
509147,1032,1020
509148,1033,1020
509149,1033,1016
509150,1032,1018
509151,1036,1019
509152,1039,1019
509153,1039,1020
509154,1037,1016
509155,1036,1013
509156,1035,1014
509157,1037,1018
509158,1038,1020
509159,1042,1020
509160,1041,1018
509161,1036,1017
509162,1036,1016
509163,1039,1020
509164,1039,1026
509165,1038,1023
509166,1033,1024
509167,1033,1022
509168,1028,1026
509169,1027,1029
509170,1030,1035
509171,1031,1036
509172,1028,1036
509173,1023,1036
509174,1020,1041
509175,1019,1044
509176,1020,1046
509177,1021,1046
509178,1016,1047
509179,1010,1049
509180,1010,1047
509181,1009,1052
509182,1014,1054
509183,1014,1053
509184,1012,1050
509185,1008,1048
509186,1006,1050
509187,1007,1055
509188,1008,1054
509189,1006,1053
509190,1007,1050
509191,1003,1047
509192,1003,1050
509193,1007,1054
509194,1010,1053
509195,1010,1054
509196,1008,1048
509197,1008,1050
509198,1006,1049
509199,1010,1050
509200,1011,1055
509201,1012,1054
509202,1011,1050
509203,1009,1048
509204,1009,1048
509205,1009,1048
509206,1008,1050
509207,1009,1047
509208,1010,1044
509209,1008,1043
509210,1007,1044
509211,1005,1047
509212,1011,1051
509213,1011,1049
509214,1010,1049
509215,1007,1048
509216,1006,1049
509217,1006,1049
509218,1007,1053
509219,1013,1050
509220,1010,1048
509221,1006,1046
509222,1009,1050
509223,1010,1050
509224,1012,1053
509225,1013,1051
509226,1011,1048
509227,1009,1045
509228,1007,1048
509229,1010,1048
509230,1012,1051
509231,1011,1050
509232,1013,1049
509233,1009,1043
509234,1003,1047
509235,1008,1049
509236,1009,1050
509237,1013,1050
509238,1011,1052
509239,1006,1049
509240,1006,1047
509241,1008,1048
509242,1014,1053
509243,1017,1050
509244,1011,1048
509245,1010,1045
509246,1007,1047
509247,1007,1052
509248,1010,1055
509249,1012,1052
509250,1008,1051
509251,1009,1049
509252,1008,1049
509253,1008,1051
509254,1010,1055
509255,1011,1053
509256,1007,1052
509257,1006,1049
509258,1003,1049
509259,1004,1053
509260,1006,1056
509261,1007,1056
509262,1002,1054
509263,999,1054
509264,998,1054
509265,1000,1055
509266,1003,1055
509267,1005,1054
509268,1003,1052
509269,1001,1051
509270,1001,1051
509271,1003,1054
509272,1003,1055
509273,1004,1055
509274,1003,1051
509275,1001,1048
509276,1001,1050
509277,1001,1053
509278,1005,1055
509279,1005,1055
509280,1006,1053
509281,1004,1048
509282,1003,1050
509283,1005,1053
509284,1006,1056
509285,1007,1056
509286,1004,1052
509287,1003,1053
509288,1005,1052
509289,1008,1051
509290,1007,1054
509291,1011,1054
509292,1009,1052
509293,1007,1052
509294,1004,1051
509295,1007,1054
509296,1011,1055
509297,1010,1056
509298,1011,1055
509299,1010,1052
509300,1010,1054
509301,1011,1056
509302,1012,1058
509303,1013,1056
509304,1012,1055
509305,1007,1055
509306,1006,1055
509307,1006,1056
509308,1010,1059
509309,1013,1059
509310,1013,1055
509311,1010,1054
509312,1009,1051
509313,1012,1049
509314,1013,1052
509315,1017,1048
509316,1023,1042
509317,1031,1037
509318,1043,1034
509319,1062,1035
509320,1086,1035
509321,1113,1029
509322,1141,1016
509323,1173,1002
509324,1207,989
509325,1246,988
509326,1285,990
509327,1309,1001
509328,1307,1016
509329,1281,1029
509330,1233,1035
509331,1178,1045
509332,1123,1059
509333,1068,1076
509334,1018,1088
509335,988,1095
509336,981,1099
509337,989,1098
509338,1001,1092
509339,1010,1081
509340,1013,1070
509341,1008,1064
509342,1004,1060
509343,1003,1064
509344,1003,1065
509345,1001,1064
509346,999,1062
509347,996,1062
509348,991,1064
509349,992,1066
509350,996,1069
509351,994,1066
509352,991,1063
509353,987,1062
509354,986,1059
509355,988,1060
509356,991,1060
509357,996,1059
509358,991,1056
509359,988,1051
509360,984,1054
509361,984,1057
509362,984,1060
509363,989,1057
509364,990,1054
509365,986,1051
509366,982,1052
509367,984,1054
509368,988,1056
509369,991,1057
509370,989,1055
509371,984,1050
509372,984,1052
509373,986,1056
509374,992,1057
509375,993,1055
509376,989,1056
509377,986,1051
509378,987,1054
509379,986,1058
509380,994,1059
509381,996,1057
509382,992,1059
509383,991,1057
509384,991,1055
509385,992,1058
509386,997,1058
509387,998,1061
509388,1000,1058
509389,997,1055
509390,992,1056
509391,999,1056
509392,999,1059
509393,1002,1058
509394,1003,1054
509395,1002,1050
509396,999,1049
509397,1002,1050
509398,1008,1051
509399,1009,1049
509400,1009,1045
509401,1007,1041
509402,1007,1040
509403,1010,1039
509404,1017,1038
509405,1019,1038
509406,1019,1031
509407,1017,1028
509408,1019,1023
509409,1022,1029
509410,1025,1030
509411,1026,1025
509412,1025,1022
509413,1026,1020
509414,1025,1015
509415,1030,1019
509416,1035,1019
509417,1035,1019
509418,1035,1015
509419,1031,1014
509420,1029,1014
509421,1031,1014
509422,1035,1018
509423,1038,1014
509424,1038,1012
509425,1036,1009
509426,1036,1010
509427,1036,1012
509428,1042,1014
509429,1046,1015
509430,1043,1015
509431,1036,1013
509432,1036,1016
509433,1035,1016
509434,1036,1023
509435,1041,1022
509436,1039,1020
509437,1036,1020
509438,1034,1019
509439,1031,1023
509440,1034,1030
509441,1031,1030
509442,1030,1031
509443,1025,1030
509444,1020,1033
509445,1019,1041
509446,1022,1043
509447,1021,1048
509448,1019,1050
509449,1015,1050
509450,1016,1049
509451,1013,1047
509452,1015,1049
509453,1016,1049
509454,1012,1049
509455,1008,1045
509456,1007,1049
509457,1006,1051
509458,1011,1054
509459,1012,1056
509460,1007,1052
509461,1005,1049
509462,1003,1052
509463,1003,1055
509464,1003,1059
509465,1004,1056
509466,1004,1055
509467,1001,1052
509468,999,1053
509469,1000,1055
509470,1004,1060
509471,1005,1059
509472,1002,1056
509473,999,1055
509474,999,1057
509475,999,1058
509476,1002,1061
509477,1004,1061
509478,1004,1057
509479,1001,1055
509480,1001,1057
509481,1004,1059
509482,1007,1060
509483,1007,1059
509484,1004,1053
509485,999,1054
509486,1000,1052
509487,1000,1055
509488,1005,1056
509489,1007,1055
509490,1008,1051
509491,1005,1050
509492,1001,1052
509493,1003,1056
509494,1006,1058
509495,1007,1056
509496,1004,1053
509497,1002,1052
509498,1002,1052
509499,1004,1055
509500,1005,1057
509501,1008,1057
509502,1002,1057
509503,998,1055
509504,998,1060
509505,1000,1065
509506,1003,1070
509507,1002,1070
509508,1002,1066
509509,1002,1065
509510,1002,1063
509511,1006,1065
509512,1008,1064
509513,1007,1061
509514,1002,1059
509515,1001,1058
509516,1001,1057
509517,1001,1058
509518,1003,1060
509519,1007,1059
509520,1006,1057
509521,1002,1053
509522,998,1056
509523,1002,1056
509524,1004,1061
509525,1004,1058
509526,1000,1055
509527,999,1055
509528,999,1057
509529,1000,1059
509530,1000,1060
509531,1003,1057
509532,997,1059
509533,997,1053
509534,998,1057
509535,1000,1057
509536,998,1060
509537,1000,1059
509538,999,1059
509539,998,1057
509540,997,1057
509541,1001,1057
509542,1004,1061
509543,1005,1059
509544,1003,1057
509545,1001,1056
509546,1002,1055
509547,1002,1060
509548,1005,1064
509549,1006,1061
509550,1005,1060
509551,1001,1058
509552,998,1060
509553,997,1061
509554,1001,1067
509555,1002,1065
509556,1001,1064
509557,1000,1060
509558,1000,1062
509559,1002,1064
509560,1006,1066
509561,1009,1063
509562,1004,1062
509563,1001,1059
509564,1000,1061
509565,1001,1061
509566,1005,1065
509567,1009,1065
509568,1009,1061
509569,1006,1060
509570,1007,1057
509571,1005,1058
509572,1010,1060
509573,1011,1058
509574,1007,1055
509575,1007,1051
509576,1016,1049
509577,1031,1049
509578,1042,1047
509579,1059,1045
509580,1080,1036
509581,1105,1030
509582,1139,1021
509583,1179,1011
509584,1218,1002
509585,1257,994
509586,1291,990
509587,1318,998
509588,1319,1014
509589,1297,1032
509590,1255,1041
509591,1198,1046
509592,1132,1053
509593,1066,1068
509594,1014,1083
509595,987,1094
509596,983,1099
509597,993,1096
509598,1004,1084
509599,1008,1075
509600,1014,1065
509601,1012,1066
509602,1011,1063
509603,1006,1060
509604,1004,1060
509605,993,1058
509606,992,1059
509607,991,1062
509608,993,1065
509609,994,1061
509610,989,1062
509611,988,1059
509612,985,1060
509613,987,1063
509614,985,1068
509615,988,1065
509616,988,1061
509617,986,1060
509618,986,1060
509619,988,1064
509620,990,1067
509621,987,1064
509622,985,1066
509623,981,1059
509624,983,1061
509625,983,1063
509626,988,1065
509627,991,1062
509628,990,1059
509629,985,1062
509630,983,1063
509631,985,1062
509632,988,1064
509633,989,1061
509634,985,1060
509635,985,1056
509636,982,1062
509637,987,1065
509638,986,1068
509639,992,1065
509640,990,1065
509641,988,1064
509642,986,1068
509643,991,1067
509644,996,1065
509645,997,1065
509646,997,1061
509647,996,1054
509648,994,1052
509649,996,1053
509650,1002,1054
509651,1004,1051
509652,1004,1049
509653,1001,1045
509654,1002,1045
509655,1003,1044
509656,1008,1048
509657,1010,1045
509658,1008,1041
509659,1008,1037
509660,1011,1034
509661,1011,1036
509662,1016,1036
509663,1017,1032
509664,1017,1030
509665,1015,1027
509666,1016,1024
509667,1023,1025
509668,1025,1025
509669,1026,1022
509670,1027,1016
509671,1025,1014
509672,1025,1014
509673,1027,1015
509674,1032,1020
509675,1032,1019
509676,1030,1016
509677,1031,1013
509678,1033,1013
509679,1036,1016
509680,1038,1018
509681,1042,1017
509682,1043,1015
509683,1040,1011
509684,1043,1019
509685,1048,1021
509686,1045,1026
509687,1049,1024
509688,1046,1025
509689,1042,1027
509690,1041,1028
509691,1043,1031
509692,1044,1032
509693,1042,1033
509694,1039,1031
509695,1034,1028
509696,1030,1032
509697,1033,1036
509698,1031,1043
509699,1034,1043
509700,1029,1044
509701,1025,1040
509702,1020,1046
509703,1023,1050
509704,1022,1054
509705,1019,1052
509706,1015,1053
509707,1012,1052
509708,1010,1054
509709,1011,1057
509710,1012,1060
509711,1013,1061
509712,1010,1058
509713,1007,1058
509714,1005,1057
509715,1006,1062
509716,1010,1062
509717,1010,1061
509718,1010,1060
509719,1005,1057
509720,1004,1057
509721,1009,1060
509722,1011,1066
509723,1014,1063
509724,1012,1060
509725,1009,1058
509726,1012,1058
509727,1015,1063
509728,1016,1064
509729,1018,1063
509730,1020,1063
509731,1019,1061
509732,1021,1061
509733,1024,1061
509734,1028,1063
509735,1031,1060
509736,1031,1058
509737,1034,1056
509738,1036,1058
509739,1042,1062
509740,1043,1065
509741,1051,1064
509742,1052,1064
509743,1059,1060
509744,1069,1054
509745,1083,1046
509746,1096,1030
509747,1109,1013
509748,1119,998
509749,1130,986
509750,1145,971
509751,1160,960
509752,1179,947
509753,1199,923
509754,1209,897
509755,1227,871
509756,1244,852
509757,1261,840
509758,1274,829
509759,1278,816
509760,1274,810
509761,1269,802
509762,1264,803
509763,1261,803
509764,1255,801
509765,1244,803
509766,1227,799
509767,1206,801
509768,1186,808
509769,1162,818
509770,1142,829
509771,1117,841
509772,1094,852
509773,1077,865
509774,1067,883
509775,1066,902
509776,1068,921
509777,1070,936
509778,1062,947
509779,1058,958
509780,1063,966
509781,1078,979
509782,1096,986
509783,1113,992
509784,1119,992
509785,1105,992
509786,1064,1002
509787,1020,1019
509788,989,1038
509789,970,1054
509790,963,1070
509791,957,1083
509792,954,1096
509793,954,1104
509794,953,1111
509795,949,1113
509796,944,1115
509797,938,1115
509798,934,1119
509799,936,1127
509800,934,1132
509801,934,1132
509802,931,1134
509803,926,1133
509804,923,1134
509805,925,1139
509806,925,1144
509807,924,1145
509808,921,1144
509809,916,1142
509810,917,1143
509811,918,1148
509812,922,1151
509813,922,1151
509814,916,1148
509815,914,1148
509816,912,1152
509817,911,1157
509818,915,1160
509819,914,1161
509820,911,1157
509821,910,1158
509822,907,1160
509823,907,1166
509824,911,1170
509825,912,1171
509826,909,1172
509827,905,1171
509828,902,1176
509829,905,1180
509830,907,1182
509831,908,1182
509832,904,1185
509833,901,1185
509834,901,1193
509835,902,1197
509836,906,1205
509837,905,1205
509838,904,1207
509839,902,1205
509840,904,1212
509841,905,1215
509842,910,1217
509843,912,1220
509844,915,1219
509845,913,1220
509846,911,1222
509847,918,1224
509848,924,1225
509849,926,1220
509850,925,1220
509851,926,1215
509852,930,1215
509853,933,1215
509854,939,1212
509855,944,1207
509856,945,1200
509857,947,1190
509858,952,1189
509859,957,1185
509860,960,1183
509861,966,1177
509862,968,1167
509863,967,1159
509864,972,1151
509865,974,1149
509866,978,1149
509867,980,1142
509868,979,1135
509869,977,1128
509870,975,1124
509871,981,1122
509872,985,1118
509873,989,1111
509874,988,1104
509875,986,1101
509876,983,1099
509877,986,1097
509878,990,1097
509879,992,1092
509880,991,1088
509881,984,1081
509882,986,1083
509883,985,1083
509884,986,1085
509885,986,1079
509886,989,1077
509887,989,1075
509888,989,1075
509889,990,1077
509890,996,1078
509891,998,1075
509892,996,1072
509893,993,1065
509894,991,1066
509895,993,1064
509896,993,1068
509897,995,1065
509898,995,1062
509899,995,1058
509900,993,1062
509901,994,1063
509902,996,1064
509903,996,1063
509904,994,1060
509905,995,1057
509906,994,1059
509907,998,1059
509908,1001,1060
509909,1002,1062
509910,998,1056
509911,996,1054
509912,996,1056
509913,997,1057
509914,998,1060
509915,999,1059
509916,996,1056
509917,996,1053
509918,994,1057
509919,997,1059
509920,996,1060
509921,998,1056
509922,995,1057
509923,988,1055
509924,989,1055
509925,991,1059
509926,993,1061
509927,995,1058
509928,993,1056
509929,990,1054
509930,988,1057
509931,994,1059
509932,993,1062
509933,996,1057
509934,992,1056
509935,991,1053
509936,990,1054
509937,994,1053
509938,991,1058
509939,996,1056
509940,993,1052
509941,989,1052
509942,993,1050
509943,992,1054
509944,995,1055
509945,996,1054
509946,996,1051
509947,992,1052
509948,991,1052
509949,994,1055
509950,996,1059
509951,997,1057
509952,995,1055
509953,993,1052
509954,992,1054
509955,993,1056
509956,996,1058
509957,997,1057
509958,992,1055
509959,991,1054
509960,990,1053
509961,996,1056
509962,998,1060
509963,998,1059
509964,997,1056
509965,993,1053
509966,990,1055
509967,989,1058
509968,992,1056
509969,993,1057
509970,993,1053
509971,988,1051
509972,992,1054
509973,987,1056
509974,994,1058
509975,992,1057
509976,994,1054
509977,992,1051
509978,991,1055
509979,993,1055
509980,996,1059
509981,996,1056
509982,995,1056
509983,994,1053
509984,992,1053
509985,993,1058
509986,998,1061
509987,996,1059
509988,997,1055
509989,991,1055
509990,990,1055
509991,990,1057
509992,993,1058
509993,991,1056
509994,989,1057
509995,989,1054
509996,989,1056
509997,990,1058
509998,993,1063
509999,994,1062
510000,992,1057
510001,988,1056
510002,989,1060
510003,992,1061
510004,997,1063
510005,999,1056
510006,995,1054
510007,992,1049
510008,994,1054
510009,996,1056
510010,995,1054
510011,996,1056
510012,995,1053
510013,989,1051
510014,988,1053
510015,993,1056
510016,999,1058
510017,999,1054
510018,998,1054
510019,995,1053
510020,993,1055
510021,996,1058
510022,999,1058
510023,998,1057
510024,1002,1054
510025,1000,1052
510026,994,1051
510027,997,1051
510028,995,1053
510029,994,1052
510030,994,1049
510031,993,1047
510032,994,1050
510033,994,1051
510034,998,1054
510035,998,1051
510036,995,1050
510037,993,1051
510038,991,1054
510039,995,1055
510040,998,1058
510041,996,1056
510042,997,1056
510043,993,1052
510044,994,1052
510045,996,1057
510046,999,1059
510047,1000,1059
510048,995,1056
510049,992,1054
510050,992,1056
510051,993,1059
510052,996,1061
510053,1000,1057
510054,996,1056
510055,997,1056
510056,995,1055
510057,995,1058
510058,998,1061
510059,1002,1061
510060,1000,1059
510061,998,1056
510062,994,1058
510063,997,1062
510064,1001,1062
510065,1001,1061
510066,998,1058
510067,998,1056
510068,993,1058
510069,998,1060
510070,1002,1062
510071,1001,1057
510072,1002,1055
510073,998,1051
510074,1000,1051
510075,998,1053
510076,1002,1054
510077,1004,1050
510078,1002,1049
510079,999,1045
510080,998,1046
510081,1000,1047
510082,1002,1048
510083,1005,1046
510084,1003,1042
510085,1001,1043
510086,999,1044
510087,1003,1048
510088,1005,1050
510089,1004,1047
510090,1003,1045
510091,1001,1046
510092,1001,1048
510093,1008,1048
510094,1011,1046
510095,1019,1040
510096,1029,1036
510097,1041,1032
510098,1058,1031
510099,1082,1027
510100,1113,1023
510101,1148,1010
510102,1184,996
510103,1224,991
510104,1263,995
510105,1294,1008
510106,1306,1026
510107,1287,1039
510108,1238,1048
510109,1180,1050
510110,1120,1062
510111,1068,1075
510112,1025,1087
510113,994,1097
510114,987,1095
510115,991,1089
510116,1001,1082
510117,1009,1073
510118,1011,1069
510119,1008,1064
510120,1002,1057
510121,994,1053
510122,994,1055
510123,993,1057
510124,996,1055
510125,994,1056
510126,991,1052
510127,986,1049
510128,985,1053
510129,984,1055
510130,989,1059
510131,988,1059
510132,986,1055
510133,984,1052
510134,981,1054
510135,983,1056
510136,986,1056
510137,986,1055
510138,984,1052
510139,980,1052
510140,980,1053
510141,984,1054
510142,985,1057
510143,987,1055
510144,984,1053
510145,983,1052
510146,979,1054
510147,984,1057
510148,989,1058
510149,988,1055
510150,988,1054
510151,983,1051
510152,984,1054
510153,986,1053
510154,991,1056
510155,991,1054
510156,987,1054
510157,984,1054
510158,987,1054
510159,992,1057
510160,993,1058
510161,995,1055
510162,990,1053
510163,988,1049
510164,987,1050
510165,992,1052
510166,993,1054
510167,995,1052
510168,999,1049
510169,995,1042
510170,994,1047
510171,995,1048
510172,998,1049
510173,1000,1046
510174,1000,1043
510175,999,1041
510176,999,1041
510177,1001,1043
510178,1005,1041
510179,1004,1040
510180,1002,1035
510181,1002,1033
510182,1002,1032
510183,1007,1035
510184,1012,1033
510185,1013,1031
510186,1011,1026
510187,1008,1025
510188,1008,1022
510189,1011,1025
510190,1015,1027
510191,1018,1023
510192,1015,1019
510193,1015,1015
510194,1018,1018
510195,1022,1021
510196,1024,1022
510197,1027,1020
510198,1026,1017
510199,1025,1013
510200,1026,1014
510201,1031,1016
510202,1034,1018
510203,1037,1015
510204,1037,1012
510205,1038,1011
510206,1039,1013
510207,1043,1016
510208,1047,1018
510209,1048,1017
510210,1048,1016
510211,1044,1015
510212,1045,1020
510213,1047,1023
510214,1053,1026
510215,1052,1026
510216,1051,1024
510217,1048,1023
510218,1046,1026
510219,1047,1030
510220,1049,1035
510221,1048,1037
510222,1045,1036
510223,1040,1035
510224,1038,1039
510225,1039,1043
510226,1040,1046
510227,1039,1049
510228,1035,1044
510229,1030,1043
510230,1027,1045
510231,1028,1049
510232,1029,1053
510233,1028,1051
510234,1025,1049
510235,1019,1046
510236,1017,1046
510237,1019,1049
510238,1019,1051
510239,1019,1047
510240,1013,1045
510241,1014,1043
510242,1012,1045
510243,1013,1047
510244,1015,1051
510245,1012,1047
510246,1014,1046
510247,1011,1046
510248,1008,1047
510249,1015,1050
510250,1016,1052
510251,1019,1050
510252,1019,1048
510253,1012,1045
510254,1010,1048
510255,1013,1052
510256,1017,1055
510257,1018,1053
510258,1016,1053
510259,1015,1049
510260,1015,1051
510261,1019,1055
510262,1020,1057
510263,1020,1054
510264,1019,1051
510265,1015,1050
510266,1015,1053
510267,1018,1055
510268,1021,1056
510269,1020,1052
510270,1019,1052
510271,1017,1051
510272,1016,1051
510273,1017,1055
510274,1019,1054
510275,1017,1055
510276,1016,1053
510277,1011,1051
510278,1013,1054
510279,1012,1058
510280,1017,1059
510281,1019,1057
510282,1016,1051
510283,1015,1047
510284,1012,1047
510285,1014,1051
510286,1015,1054
510287,1014,1052
510288,1012,1051
510289,1008,1049
510290,1009,1050
510291,1011,1051
510292,1012,1053
510293,1013,1052
510294,1013,1050
510295,1007,1050
510296,1009,1050
510297,1011,1052
510298,1012,1056
510299,1011,1053
510300,1009,1051
510301,1006,1051
510302,1006,1052
510303,1006,1057
510304,1010,1059
510305,1008,1058
510306,1007,1057
510307,1005,1056
510308,1006,1058
510309,1008,1059
510310,1007,1063
510311,1004,1060
510312,1000,1061
510313,998,1058
510314,999,1058
510315,999,1060
510316,1007,1062
510317,1006,1061
510318,1003,1059
510319,1001,1058
510320,1001,1058
510321,1002,1060
510322,1006,1062
510323,1004,1063
510324,1003,1060
510325,1000,1057
510326,1002,1059
510327,1006,1061
510328,1006,1060
510329,1007,1055
510330,1003,1053
510331,1003,1052
510332,999,1055
510333,1004,1056
510334,1006,1059
510335,1007,1057
510336,1003,1052
510337,1000,1052
510338,1000,1052
510339,1003,1056
510340,1006,1059
510341,1005,1057
510342,1001,1054
510343,997,1056
510344,998,1057
510345,1003,1061
510346,1001,1061
510347,1001,1060
510348,1000,1055
510349,998,1056
510350,998,1055
510351,998,1058
510352,1000,1059
510353,1004,1059
510354,1001,1056
510355,999,1056
510356,999,1058
510357,1002,1062
510358,1004,1061
510359,1005,1060
510360,1003,1057
510361,1001,1059
510362,1000,1058
510363,1003,1061
510364,1006,1065
510365,1006,1064
510366,1005,1059
510367,1001,1058
510368,1001,1059
510369,1003,1062
510370,1005,1061
510371,1004,1060
510372,1002,1055
510373,1001,1057
510374,1001,1060
510375,1002,1061
510376,1005,1064
510377,1008,1058
510378,1003,1058
510379,1002,1055
510380,999,1056
510381,998,1060
510382,1001,1061
510383,1004,1060
510384,1003,1055
510385,1001,1058
510386,1001,1057
510387,1003,1060
510388,1008,1062
510389,1008,1059
510390,1005,1056
510391,1002,1054
510392,1002,1058
510393,1005,1062
510394,1006,1063
510395,1009,1064
510396,1005,1062
510397,1001,1059
510398,1005,1061
510399,1006,1064
510400,1010,1069
510401,1009,1066
510402,1007,1062
510403,1005,1060
510404,1004,1061
510405,1009,1062
510406,1011,1063
510407,1014,1058
510408,1012,1055
510409,1011,1053
510410,1014,1054
510411,1014,1054
510412,1021,1052
510413,1022,1048
510414,1027,1040
510415,1033,1037
510416,1044,1034
510417,1062,1035
510418,1082,1033
510419,1104,1029
510420,1127,1020
510421,1152,1005
510422,1187,995
510423,1221,991
510424,1255,992
510425,1280,996
510426,1293,1010
510427,1283,1027
510428,1248,1038
510429,1203,1046
510430,1151,1056
510431,1099,1066
510432,1049,1074
510433,1016,1079
510434,1002,1086
510435,1005,1085
510436,1011,1079
510437,1017,1068
510438,1009,1060
510439,1007,1058
510440,1004,1057
510441,1001,1061
510442,1003,1060
510443,998,1063
510444,1000,1059
510445,993,1056
510446,994,1058
510447,994,1062
510448,996,1063
510449,995,1063
510450,991,1058
510451,990,1056
510452,991,1058
510453,992,1060
510454,996,1061
510455,994,1061
510456,992,1058
510457,988,1057
510458,989,1057
510459,992,1061
510460,994,1060
510461,992,1060
510462,990,1057
510463,986,1057
510464,987,1058
510465,990,1060
510466,990,1064
510467,990,1063
510468,989,1058
510469,987,1058
510470,986,1059
510471,991,1060
510472,993,1063
510473,991,1060
510474,991,1060
510475,987,1055
510476,990,1059
510477,992,1058
510478,995,1061
510479,993,1061
510480,992,1057
510481,989,1055
510482,989,1056
510483,993,1060
510484,995,1059
510485,994,1056
510486,996,1052
510487,993,1050
510488,994,1049
510489,995,1054
510490,1000,1055
510491,999,1050
510492,1000,1048
510493,1000,1044
510494,1003,1042
510495,1005,1045
510496,1008,1044
510497,1007,1042
510498,1008,1038
510499,1009,1035
510500,1009,1033
510501,1011,1038
510502,1014,1036
510503,1016,1033
510504,1015,1031
510505,1009,1030
510506,1010,1030
510507,1015,1034
510508,1018,1035
510509,1021,1033
510510,1020,1028
510511,1018,1026
510512,1019,1030
510513,1021,1030
510514,1023,1031
510515,1025,1029
510516,1026,1025
510517,1025,1025
510518,1026,1027
510519,1027,1030
510520,1030,1030
510521,1031,1025
510522,1030,1022
510523,1030,1024
510524,1026,1025
510525,1031,1029
510526,1035,1028
510527,1036,1024
510528,1036,1025
510529,1029,1025
510530,1031,1029
510531,1035,1030
510532,1037,1033
510533,1035,1031
510534,1029,1027
510535,1028,1030
510536,1028,1030
510537,1030,1035
510538,1031,1037
510539,1033,1036
510540,1026,1035
510541,1022,1036
510542,1020,1041
510543,1021,1045
510544,1020,1046
510545,1021,1048
510546,1018,1048
510547,1013,1046
510548,1013,1049
510549,1014,1053
510550,1014,1055
510551,1014,1055
510552,1012,1054
510553,1009,1055
510554,1007,1056
510555,1008,1061
510556,1013,1063
510557,1015,1061
510558,1013,1061
510559,1012,1059
510560,1014,1060
510561,1020,1064
510562,1024,1063
510563,1029,1062
510564,1029,1058
510565,1031,1059
510566,1034,1062
510567,1039,1065
510568,1050,1069
510569,1057,1066
510570,1065,1057
510571,1075,1048
510572,1090,1033
510573,1106,1020
510574,1121,1004
510575,1134,987
510576,1148,968
510577,1163,952
510578,1179,935
510579,1196,919
510580,1217,898
510581,1237,873
510582,1253,850
510583,1265,835
510584,1275,820
510585,1282,809
510586,1286,803
510587,1282,799
510588,1278,797
510589,1272,794
510590,1263,794
510591,1259,795
510592,1242,799
510593,1225,798
510594,1202,801
510595,1180,808
510596,1153,817
510597,1132,831
510598,1111,847
510599,1088,858
510600,1071,870
510601,1060,887
510602,1056,906
510603,1054,925
510604,1055,941
510605,1049,951
510606,1047,959
510607,1048,970
510608,1061,982
510609,1076,995
510610,1089,1003
510611,1090,1004
510612,1072,1006
510613,1043,1014
510614,1012,1026
510615,985,1041
510616,976,1060
510617,964,1075
510618,960,1084
510619,955,1092
510620,951,1101
510621,948,1103
510622,945,1108
510623,940,1107
510624,935,1110
510625,925,1111
510626,927,1114
510627,926,1117
510628,926,1122
510629,922,1120
510630,914,1120
510631,913,1123
510632,911,1126
510633,909,1130
510634,909,1134
510635,913,1132
510636,907,1131
510637,905,1131
510638,903,1133
510639,903,1140
510640,905,1142
510641,905,1142
510642,902,1143
510643,900,1142
510644,899,1145
510645,901,1150
510646,901,1153
510647,903,1152
510648,897,1152
510649,897,1152
510650,896,1158
510651,896,1162
510652,900,1164
510653,898,1164
510654,897,1162
510655,894,1162
510656,895,1166
510657,899,1170
510658,899,1173
510659,904,1173
510660,904,1173
510661,900,1175
510662,901,1176
510663,907,1182
510664,908,1184
510665,910,1184
510666,911,1183
510667,908,1184
510668,911,1186
510669,913,1191
510670,915,1192
510671,916,1193
510672,918,1192
510673,916,1192
510674,918,1194
510675,923,1199
510676,928,1200
510677,929,1197
510678,932,1193
510679,929,1192
510680,931,1192
510681,938,1193
510682,944,1190
510683,948,1186
510684,950,1181
510685,951,1176
510686,954,1174
510687,955,1171
510688,963,1168
510689,966,1162
510690,968,1157
510691,967,1150
510692,973,1148
510693,979,1144
510694,984,1141
510695,985,1134
510696,986,1126
510697,978,1119
510698,982,1117
510699,984,1113
510700,989,1107
510701,990,1102
510702,992,1093
510703,988,1090
510704,991,1088
510705,993,1085
510706,996,1083
510707,996,1077
510708,996,1070
510709,993,1068
510710,994,1068
510711,996,1068
510712,998,1068
510713,996,1063
510714,993,1061
510715,990,1059
510716,992,1059
510717,992,1061
510718,996,1063
510719,995,1059
510720,992,1055
510721,992,1056
510722,990,1057
510723,992,1060
510724,993,1063
510725,995,1059
510726,992,1058
510727,988,1055
510728,985,1057
510729,995,1059
510730,990,1060
510731,993,1058
510732,993,1055
510733,992,1055
510734,991,1055
510735,994,1058
510736,993,1059
510737,996,1059
510738,994,1057
510739,994,1055
510740,990,1055
510741,990,1058
510742,993,1059
510743,995,1057
510744,995,1054
510745,992,1055
510746,989,1055
510747,993,1059
510748,997,1060
510749,996,1058
510750,992,1056
510751,989,1054
510752,992,1055
510753,995,1053
510754,1000,1053
510755,1000,1054
510756,1000,1049
510757,998,1049
510758,997,1052
510759,998,1055
510760,1002,1055
510761,996,1055
510762,998,1051
510763,997,1051
510764,995,1052
510765,997,1054
510766,999,1056
510767,999,1054
510768,1000,1050
510769,996,1050
510770,1000,1052
510771,999,1055
510772,1002,1055
510773,998,1053
510774,994,1050
510775,992,1049
510776,992,1050
510777,995,1054
510778,996,1052
510779,998,1052
510780,995,1048
510781,997,1047
510782,995,1049
510783,996,1051
510784,996,1050
510785,999,1051
510786,997,1048
510787,992,1046
510788,996,1048
510789,997,1051
510790,1000,1053
510791,999,1053
510792,995,1052
510793,992,1048
510794,989,1050
510795,995,1054
510796,995,1057
510797,995,1056
510798,990,1054
510799,987,1054
510800,985,1055
510801,989,1059
510802,994,1057
510803,993,1054
510804,992,1054
510805,990,1051
510806,989,1052
510807,989,1057
510808,993,1059
510809,991,1057
510810,991,1054
510811,988,1053
510812,988,1055
510813,987,1058
510814,992,1058
510815,990,1059
510816,986,1053
510817,984,1053
510818,987,1055
510819,988,1060
510820,993,1058
510821,993,1055
510822,990,1053
510823,990,1051
510824,991,1053
510825,993,1054
510826,996,1057
510827,992,1053
510828,991,1051
510829,990,1049
510830,991,1053
510831,994,1052
510832,999,1051
510833,999,1049
510834,994,1047
510835,992,1047
510836,990,1048
510837,996,1050
510838,997,1050
510839,1001,1050
510840,999,1047
510841,995,1045
510842,995,1049
510843,998,1051
510844,1002,1053
510845,1002,1052
510846,997,1048
510847,991,1046
510848,989,1049
510849,992,1049
510850,997,1052
510851,998,1051
510852,997,1048
510853,995,1046
510854,994,1049
510855,995,1050
510856,998,1052
510857,1000,1050
510858,999,1047
510859,996,1045
510860,993,1048
510861,998,1051
510862,1002,1055
510863,999,1053
510864,1000,1050
510865,996,1050
510866,997,1050
510867,1001,1053
510868,1007,1051
510869,1007,1048
510870,1008,1040
510871,1008,1036
510872,1016,1036
510873,1031,1036
510874,1051,1031
510875,1070,1027
510876,1096,1016
510877,1128,1005
510878,1164,995
510879,1201,987
510880,1243,988
510881,1277,996
510882,1295,1011
510883,1288,1031
510884,1255,1044
510885,1212,1052
510886,1159,1056
510887,1099,1066
510888,1042,1079
510889,992,1089
510890,971,1100
510891,973,1105
510892,987,1098
510893,997,1084
510894,999,1071
510895,998,1059
510896,996,1055
510897,995,1054
510898,993,1054
510899,994,1047
510900,990,1045
510901,985,1043
510902,986,1047
510903,988,1047
510904,989,1048
510905,986,1047
510906,983,1043
510907,979,1042
510908,980,1045
510909,984,1048
510910,982,1048
510911,983,1045
510912,980,1045
510913,972,1045
510914,975,1047
510915,974,1052
510916,978,1053
510917,980,1053
510918,977,1046
510919,975,1048
510920,972,1052
510921,975,1052
510922,979,1054
510923,978,1051
510924,978,1048
510925,974,1048
510926,975,1054
510927,977,1055
510928,980,1054
510929,983,1053
510930,980,1050
510931,977,1051
510932,974,1052
510933,979,1053
510934,981,1054
510935,980,1049
510936,977,1049
510937,975,1047
510938,975,1047
510939,976,1050
510940,981,1050
510941,982,1047
510942,981,1043
510943,978,1042
510944,979,1040
510945,982,1042
510946,983,1041
510947,984,1039
510948,980,1036
510949,979,1033
510950,980,1033
510951,984,1033
510952,990,1031
510953,991,1028
510954,986,1021
510955,983,1019
510956,985,1020
510957,986,1020
510958,991,1021
510959,993,1020
510960,994,1014
510961,990,1013
510962,988,1011
510963,991,1014
510964,996,1015
510965,999,1011
510966,996,1008
510967,998,1008
510968,998,1010
510969,1001,1010
510970,1006,1014
510971,1008,1010
510972,1007,1007
510973,1004,1006
510974,1002,1007
510975,1008,1010
510976,1014,1012
510977,1018,1006
510978,1019,1005
510979,1015,1002
510980,1017,1001
510981,1019,1002
510982,1026,1004
510983,1027,1003
510984,1026,996
510985,1023,996
510986,1029,1000
510987,1028,1002
510988,1032,1005
510989,1036,1002
510990,1034,1002
510991,1033,1000
510992,1031,1001
510993,1033,1006
510994,1036,1011
510995,1034,1011
510996,1030,1011
510997,1026,1013
510998,1025,1017
510999,1024,1024
511000,1028,1025
511001,1027,1028
511002,1024,1025
511003,1020,1027
511004,1020,1030
511005,1020,1036
511006,1022,1039
511007,1018,1038
511008,1015,1038
511009,1012,1039
511010,1011,1042
511011,1012,1045
511012,1014,1048
511013,1012,1045
511014,1011,1043
511015,1005,1043
511016,1007,1046
511017,1010,1049
511018,1013,1049
511019,1011,1047
511020,1008,1045
511021,1005,1043
511022,1006,1048
511023,1005,1050
511024,1010,1051
511025,1011,1048
511026,1008,1049
511027,1001,1046
511028,1002,1051
511029,1006,1051
511030,1009,1053
511031,1006,1052
511032,1006,1047
511033,1000,1047
511034,1002,1048
511035,1005,1048
511036,1008,1048
511037,1005,1049
511038,1007,1046
511039,1007,1044
511040,1004,1043
511041,1005,1045
511042,1005,1047
511043,1006,1047
511044,1005,1043
511045,1004,1043
511046,1003,1045
511047,1008,1051
511048,1008,1047
511049,1004,1045
511050,1000,1042
511051,998,1040
511052,1001,1043
511053,1002,1047
511054,1007,1046
511055,1003,1046
511056,1003,1041
511057,1000,1042
511058,1003,1044
511059,1006,1048
511060,1007,1048
511061,1004,1047
511062,1003,1045
511063,998,1045
511064,1002,1044
511065,1005,1047
511066,1006,1050
511067,1006,1050
511068,1002,1046
511069,1001,1048
511070,997,1046
511071,999,1051
511072,1002,1052
511073,1001,1051
511074,1000,1048
511075,998,1051
511076,1000,1047
511077,1005,1050
511078,1006,1050
511079,1007,1047
511080,1001,1045
511081,1000,1045
511082,1001,1047
511083,1003,1049
511084,1006,1049
511085,1004,1048
511086,1005,1046
511087,1001,1045
511088,1000,1047
511089,1002,1050
511090,1005,1052
511091,1005,1049
511092,1001,1047
511093,1000,1046
511094,999,1049
511095,1003,1051
511096,1006,1052
511097,1007,1050
511098,1001,1047
511099,1002,1046
511100,1002,1049
511101,1006,1052
511102,1004,1053
511103,1004,1050
511104,1001,1048
511105,1002,1048
511106,1003,1048
511107,1005,1051
511108,1007,1055
511109,1006,1051
511110,1003,1049
511111,1002,1047
511112,1003,1051
511113,1001,1052
511114,1009,1053
511115,1005,1052
511116,1005,1049
511117,1004,1050
511118,1002,1051
511119,1003,1054
511120,1007,1056
511121,1005,1053
511122,1001,1051
511123,1000,1047
511124,1004,1048
511125,1010,1045
511126,1019,1044
511127,1029,1039
511128,1038,1034
511129,1049,1032
511130,1069,1032
511131,1094,1030
511132,1128,1022
511133,1161,1012
511134,1195,999
511135,1232,998
511136,1266,1001
511137,1299,1016
511138,1316,1035
511139,1305,1050
511140,1271,1056
511141,1224,1058
511142,1169,1062
511143,1114,1076
511144,1059,1090
511145,1009,1104
511146,973,1109
511147,968,1114
511148,977,1109
511149,990,1104
511150,998,1091
511151,1001,1080
511152,1003,1068
511153,1001,1062
511154,998,1059
511155,999,1059
511156,999,1060
511157,999,1058
511158,995,1052
511159,991,1056
511160,990,1058
511161,989,1060
511162,992,1062
511163,989,1056
511164,989,1052
511165,982,1052
511166,985,1055
511167,987,1058
511168,989,1059
511169,989,1058
511170,985,1053
511171,983,1053
511172,982,1050
511173,981,1055
511174,984,1052
511175,985,1053
511176,983,1051
511177,982,1048
511178,982,1052
511179,984,1054
511180,989,1053
511181,991,1055
511182,988,1049
511183,988,1050
511184,985,1052
511185,985,1055
511186,989,1055
511187,988,1052
511188,987,1049
511189,987,1049
511190,988,1050
511191,991,1052
511192,996,1050
511193,993,1049
511194,994,1046
511195,990,1041
511196,990,1047
511197,991,1049
511198,996,1046
511199,1001,1044
511200,996,1038
511201,999,1040
511202,996,1039
511203,1002,1039
511204,1004,1039
511205,1004,1036
511206,1002,1031
511207,999,1032
511208,1003,1031
511209,1008,1035
511210,1011,1034
511211,1012,1032
511212,1010,1027
511213,1010,1025
511214,1009,1027
511215,1010,1029
511216,1012,1026
511217,1011,1024
511218,1004,1020
511219,1002,1019
511220,1004,1021
511221,1003,1021
511222,1008,1022
511223,1006,1018
511224,1004,1017
511225,999,1016
511226,1000,1016
511227,1002,1019
511228,1005,1018
511229,1005,1015
511230,1004,1011
511231,1000,1012
511232,1002,1015
511233,1003,1016
511234,1009,1016
511235,1009,1014
511236,1006,1013
511237,1006,1011
511238,1008,1019
511239,1010,1026
511240,1016,1038
511241,1016,1047
511242,1013,1051
511243,1015,1045
511244,1019,1034
511245,1023,1025
511246,1029,1023
511247,1030,1025
511248,1025,1031
511249,1024,1040
511250,1026,1040
511251,1030,1037
511252,1038,1027
511253,1040,1012
511254,1039,998
511255,1037,990
511256,1037,989
511257,1041,991
511258,1034,997
511259,1036,1001
511260,1030,1004
511261,1029,1007
511262,1027,1013
511263,1027,1020
511264,1029,1023
511265,1026,1025
511266,1022,1027
511267,1019,1029
511268,1017,1037
511269,1015,1041
511270,1015,1047
511271,1013,1046
511272,1011,1044
511273,1006,1047
511274,1009,1050
511275,1012,1053
511276,1013,1054
511277,1014,1053
511278,1010,1053
511279,1011,1049
511280,1009,1054
511281,1010,1057
511282,1011,1056
511283,1010,1053
511284,1008,1053
511285,1007,1052
511286,1005,1054
511287,1007,1057
511288,1009,1059
511289,1008,1056
511290,1004,1053
511291,1007,1055
511292,1008,1054
511293,1007,1055
511294,1011,1056
511295,1011,1052
511296,1008,1048
511297,1009,1047
511298,1009,1049
511299,1013,1053
511300,1016,1051
511301,1017,1050
511302,1015,1047
511303,1014,1046
511304,1014,1045
511305,1017,1047
511306,1019,1046
511307,1014,1045
511308,1015,1044
511309,1007,1043
511310,1008,1046
511311,1010,1047
511312,1012,1048
511313,1010,1048
511314,1008,1046
511315,1007,1047
511316,1006,1050
511317,1008,1050
511318,1011,1053
511319,1010,1052
511320,1010,1051
511321,1007,1049
511322,1009,1051
511323,1010,1055
511324,1013,1055
511325,1014,1050
511326,1011,1050
511327,1010,1052
511328,1008,1053
511329,1012,1055
511330,1013,1054
511331,1015,1053
511332,1012,1049
511333,1010,1050
511334,1007,1051
511335,1008,1054
511336,1010,1054
511337,1013,1051
511338,1009,1050
511339,1004,1049
511340,1008,1054
511341,1009,1054
511342,1011,1054
511343,1012,1051
511344,1005,1049
511345,1005,1051
511346,1004,1051
511347,1006,1053
511348,1007,1051
511349,1007,1050
511350,1003,1047
511351,1001,1046
511352,999,1048
511353,1002,1050
511354,1007,1050
511355,1004,1049
511356,1001,1043
511357,998,1046
511358,997,1051
511359,1000,1052
511360,1005,1053
511361,1002,1050
511362,997,1048
511363,997,1052
511364,996,1050
511365,1000,1055
511366,1002,1056
511367,1004,1057
511368,1002,1059
511369,999,1053
511370,999,1053
511371,1000,1049
511372,1002,1049
511373,1003,1044
511374,999,1044
511375,998,1045
511376,1000,1046
511377,1000,1052
511378,1007,1052
511379,1006,1050
511380,1004,1048
511381,1001,1048
511382,1004,1049
511383,1004,1051
511384,1009,1052
511385,1010,1051
511386,1007,1047
511387,1004,1049
511388,1006,1050
511389,1008,1050
511390,1011,1052
511391,1008,1049
511392,1007,1046
511393,1003,1045
511394,1000,1048
511395,1004,1051
511396,1007,1052
511397,1007,1049
511398,1005,1049
511399,1004,1046
511400,1000,1045
511401,1002,1050
511402,1004,1049
511403,1003,1046
511404,1002,1048
511405,995,1047
511406,997,1046
511407,997,1050
511408,1002,1053
511409,1003,1051
511410,1002,1048
511411,999,1050
511412,998,1052
511413,1001,1054
511414,1003,1052
511415,1004,1052
511416,1001,1050
511417,998,1051
511418,997,1054
511419,1002,1056
511420,1004,1055
511421,1003,1053
511422,1004,1051
511423,1001,1048
511424,1002,1050
511425,1004,1053
511426,1007,1052
511427,1008,1052
511428,1008,1050
511429,1007,1046
511430,1003,1051
511431,1007,1052
511432,1013,1049
511433,1013,1050
511434,1010,1046
511435,1012,1044
511436,1011,1043
511437,1027,1039
511438,1041,1038
511439,1052,1031
511440,1065,1025
511441,1083,1023
511442,1106,1019
511443,1135,1016
511444,1168,1005
511445,1201,991
511446,1229,980
511447,1263,977
511448,1296,982
511449,1325,997
511450,1336,1014
511451,1316,1031
511452,1270,1037
511453,1211,1043
511454,1151,1052
511455,1098,1065
511456,1046,1077
511457,1005,1082
511458,984,1083
511459,984,1083
511460,994,1081
511461,1006,1075
511462,1013,1062
511463,1011,1052
511464,1006,1046
511465,1002,1047
511466,999,1048
511467,998,1051
511468,999,1049
511469,996,1051
511470,991,1047
511471,987,1049
511472,985,1051
511473,985,1052
511474,988,1052
511475,983,1052
511476,982,1049
511477,979,1053
511478,981,1056
511479,984,1058
511480,985,1053
511481,983,1051
511482,982,1047
511483,978,1049
511484,978,1052
511485,979,1058
511486,981,1056
511487,979,1055
511488,976,1052
511489,975,1053
511490,976,1054
511491,980,1057
511492,985,1060
511493,981,1055
511494,977,1053
511495,975,1051
511496,978,1056
511497,980,1058
511498,984,1057
511499,983,1053
511500,981,1051
511501,978,1053
511502,978,1055
511503,980,1057
511504,985,1056
511505,982,1054
511506,979,1052
511507,979,1049
511508,978,1051
511509,982,1053
511510,985,1056
511511,985,1053
511512,986,1049
511513,982,1048
511514,985,1046
511515,990,1048
511516,994,1049
511517,994,1044
511518,991,1041
511519,991,1040
511520,993,1041
511521,996,1041
511522,1000,1041
511523,998,1039
511524,997,1037
511525,996,1035
511526,997,1034
511527,1000,1035
511528,1003,1033
511529,1002,1030
511530,1001,1026
511531,998,1025
511532,997,1025
511533,1002,1026
511534,1007,1025
511535,1008,1022
511536,1007,1020
511537,1005,1020
511538,1008,1019
511539,1010,1018
511540,1014,1020
511541,1015,1018
511542,1014,1016
511543,1013,1014
511544,1014,1016
511545,1019,1017
511546,1023,1016
511547,1024,1014
511548,1024,1009
511549,1021,1011
511550,1024,1012
511551,1024,1014
511552,1031,1014
511553,1030,1013
511554,1029,1011
511555,1026,1008
511556,1027,1011
511557,1030,1015
511558,1030,1018
511559,1031,1016
511560,1027,1015
511561,1026,1015
511562,1028,1020
511563,1029,1023
511564,1034,1023
511565,1030,1023
511566,1028,1025
511567,1027,1025
511568,1026,1030
511569,1029,1035
511570,1028,1036
511571,1024,1037
511572,1019,1036
511573,1012,1041
511574,1011,1042
511575,1014,1045
511576,1015,1047
511577,1013,1049
511578,1008,1045
511579,1006,1046
511580,1005,1049
511581,1006,1051
511582,1009,1052
511583,1006,1050
511584,1001,1047
511585,1000,1046
511586,1000,1045
511587,1002,1050
511588,1003,1045
511589,1003,1047
511590,998,1046
511591,1001,1048
511592,1004,1051
511593,1008,1055
511594,1007,1054
511595,1011,1051
511596,1012,1048
511597,1016,1049
511598,1021,1051
511599,1030,1055
511600,1034,1056
511601,1035,1056
511602,1035,1056
511603,1037,1054
511604,1045,1055
511605,1062,1055
511606,1076,1044
511607,1087,1031
511608,1095,1013
511609,1106,1000
511610,1124,988
511611,1138,977
511612,1155,963
511613,1170,948
511614,1182,926
511615,1195,909
511616,1213,887
511617,1231,871
511618,1249,849
511619,1263,834
511620,1271,820
511621,1278,809
511622,1276,807
511623,1274,806
511624,1270,803
511625,1268,801
511626,1258,797
511627,1248,798
511628,1235,802
511629,1214,805
511630,1198,809
511631,1174,811
511632,1146,815
511633,1118,827
511634,1092,842
511635,1073,855
511636,1060,868
511637,1051,880
511638,1043,894
511639,1041,909
511640,1039,925
511641,1036,938
511642,1033,946
511643,1029,959
511644,1034,965
511645,1045,976
511646,1064,988
511647,1081,996
511648,1088,998
511649,1075,1004
511650,1045,1008
511651,1011,1019
511652,976,1031
511653,959,1046
511654,953,1060
511655,948,1073
511656,941,1084
511657,932,1095
511658,931,1103
511659,933,1106
511660,929,1106
511661,926,1108
511662,919,1108
511663,914,1111
511664,909,1114
511665,910,1119
511666,909,1119
511667,906,1117
511668,903,1117
511669,898,1118
511670,892,1123
511671,900,1126
511672,901,1125
511673,896,1121
511674,893,1121
511675,889,1124
511676,891,1129
511677,890,1132
511678,893,1134
511679,889,1132
511680,883,1132
511681,880,1134
511682,881,1139
511683,878,1142
511684,884,1144
511685,882,1143
511686,881,1143
511687,875,1145
511688,875,1151
511689,877,1154
511690,882,1156
511691,882,1157
511692,880,1155
511693,875,1156
511694,876,1162
511695,878,1167
511696,884,1165
511697,885,1164
511698,880,1164
511699,880,1165
511700,881,1170
511701,883,1173
511702,889,1175
511703,889,1174
511704,886,1173
511705,886,1176
511706,886,1177
511707,891,1184
511708,896,1186
511709,896,1189
511710,895,1188
511711,894,1187
511712,898,1190
511713,906,1191
511714,907,1188
511715,910,1185
511716,908,1180
511717,910,1180
511718,914,1179
511719,921,1180
511720,925,1177
511721,927,1171
511722,929,1169
511723,929,1167
511724,931,1162
511725,939,1165
511726,944,1158
511727,949,1152
511728,950,1147
511729,951,1141
511730,956,1139
511731,961,1136
511732,966,1132
511733,966,1125
511734,963,1120
511735,962,1114
511736,962,1112
511737,968,1109
511738,970,1103
511739,969,1097
511740,967,1091
511741,969,1086
511742,968,1082
511743,972,1082
511744,977,1077
511745,977,1075
511746,974,1069
511747,972,1064
511748,974,1067
511749,978,1066
511750,978,1064
511751,972,1060
511752,969,1058
511753,969,1055
511754,973,1059
511755,976,1061
511756,979,1059
511757,977,1056
511758,977,1055
511759,974,1053
511760,975,1055
511761,978,1058
511762,978,1057
511763,976,1055
511764,974,1054
511765,971,1051
511766,975,1056
511767,976,1059
511768,980,1059
511769,980,1055
511770,975,1053
511771,973,1052
511772,979,1054
511773,981,1057
511774,983,1057
511775,983,1054
511776,978,1052
511777,970,1051
511778,975,1055
511779,978,1056
511780,982,1053
511781,980,1054
511782,979,1048
511783,978,1049
511784,974,1052
511785,978,1053
511786,983,1051
511787,982,1050
511788,980,1048
511789,979,1046
511790,981,1048
511791,982,1052
511792,983,1051
511793,979,1052
511794,980,1046
511795,978,1049
511796,978,1052
511797,984,1055
511798,985,1055
511799,982,1053
511800,976,1051
511801,977,1051
511802,978,1050
511803,979,1051
511804,984,1049
511805,984,1049
511806,982,1045
511807,981,1046
511808,979,1050
511809,982,1052
511810,984,1051
511811,980,1049
511812,975,1047
511813,971,1046
511814,976,1048
511815,980,1054
511816,983,1053
511817,980,1050
511818,979,1047
511819,976,1048
511820,977,1050
511821,977,1053
511822,981,1053
511823,981,1051
511824,981,1046
511825,981,1047
511826,982,1047
511827,984,1052
511828,986,1051
511829,986,1048
511830,982,1050
511831,979,1051
511832,978,1048
511833,979,1053
511834,982,1051
511835,982,1050
511836,979,1048
511837,977,1048
511838,976,1050
511839,980,1051
511840,983,1050
511841,980,1051
511842,979,1048
511843,976,1047
511844,977,1050
511845,980,1051
511846,982,1047
511847,980,1048
511848,977,1044
511849,973,1045
511850,973,1047
511851,977,1050
511852,980,1051
511853,981,1049
511854,976,1047
511855,976,1046
511856,976,1047
511857,976,1053
511858,977,1050
511859,981,1049
511860,979,1050
511861,976,1049
511862,976,1052
511863,980,1052
511864,982,1054
511865,982,1052
511866,977,1049
511867,975,1050
511868,976,1050
511869,981,1051
511870,985,1050
511871,984,1048
511872,980,1047
511873,980,1049
511874,980,1050
511875,982,1051
511876,984,1052
511877,981,1051
511878,980,1048
511879,979,1047
511880,980,1050
511881,981,1053
511882,986,1054
511883,985,1049
511884,983,1045
511885,984,1047
511886,984,1050
511887,987,1054
511888,991,1052
511889,986,1051
511890,984,1045
511891,983,1046
511892,985,1047
511893,989,1050
511894,992,1048
511895,992,1047
511896,988,1045
511897,987,1045
511898,988,1045
511899,991,1049
511900,992,1047
511901,992,1047
511902,988,1046
511903,986,1043
511904,989,1047
511905,992,1050
511906,996,1048
511907,991,1042
511908,995,1037
511909,1001,1035
511910,1014,1036
511911,1027,1033
511912,1046,1029
511913,1072,1022
511914,1096,1012
511915,1129,997
511916,1166,990
511917,1208,986
511918,1251,989
511919,1281,998
511920,1294,1019
511921,1273,1036
511922,1227,1045
511923,1167,1054
511924,1105,1065
511925,1044,1075
511926,989,1084
511927,958,1094
511928,955,1095
511929,969,1093
511930,982,1081
511931,989,1069
511932,990,1061
511933,986,1054
511934,983,1053
511935,981,1056
511936,983,1055
511937,977,1053
511938,975,1051
511939,973,1051
511940,975,1051
511941,974,1055
511942,976,1051
511943,975,1052
511944,973,1048
511945,970,1049
511946,970,1052
511947,972,1054
511948,975,1055
511949,975,1051
511950,970,1048
511951,966,1052
511952,971,1053
511953,973,1054
511954,974,1053
511955,972,1055
511956,969,1053
511957,966,1051
511958,970,1050
511959,972,1054
511960,975,1053
511961,973,1050
511962,970,1048
511963,967,1046
511964,967,1049
511965,971,1051
511966,970,1049
511967,970,1045
511968,965,1043
511969,965,1041
511970,971,1044
511971,972,1045
511972,977,1046
511973,975,1044
511974,971,1042
511975,971,1044
511976,972,1046
511977,974,1048
511978,977,1047
511979,978,1045
511980,973,1042
511981,974,1043
511982,974,1042
511983,979,1047
511984,981,1043
511985,981,1040
511986,978,1039
511987,978,1038
511988,982,1040
511989,988,1039
511990,987,1038
511991,988,1035
511992,985,1031
511993,986,1031
511994,987,1032
511995,992,1032
511996,995,1031
511997,995,1026
511998,993,1023
511999,991,1020
512000,991,1020
512001,991,1021
512002,997,1019
512003,996,1016
512004,992,1015
512005,991,1014
512006,990,1015
512007,997,1017
512008,1000,1014
512009,998,1013
512010,1000,1008
512011,1003,1008
512012,1005,1009
512013,1008,1009
512014,1012,1008
512015,1011,1004
512016,1012,1002
512017,1012,1003
512018,1015,1003
512019,1020,1007
512020,1024,1006
512021,1023,1003
512022,1023,999
512023,1024,1002
512024,1024,1005
512025,1030,1012
512026,1031,1012
512027,1032,1012
512028,1027,1010
512029,1029,1014
512030,1029,1020
512031,1032,1024
512032,1034,1027
512033,1029,1025
512034,1028,1027
512035,1024,1026
512036,1026,1031
512037,1024,1036
512038,1024,1036
512039,1022,1037
512040,1021,1036
512041,1019,1041
512042,1015,1043
512043,1015,1047
512044,1015,1044
512045,1013,1042
512046,1007,1041
512047,1005,1041
512048,1006,1045
512049,1007,1050
512050,1007,1047
512051,1005,1046
512052,1001,1045
512053,1001,1045
512054,1000,1045
512055,1003,1047
512056,1005,1047
512057,1000,1047
512058,998,1044
512059,999,1045
512060,997,1047
512061,1000,1049
512062,1004,1050
512063,1000,1046
512064,997,1046
512065,996,1044
512066,995,1046
512067,997,1047
512068,1000,1051
512069,998,1047
512070,996,1043
512071,994,1043
512072,995,1045
512073,996,1047
512074,998,1046
512075,999,1047
512076,996,1041
512077,993,1043
512078,992,1044
512079,999,1047
512080,998,1045
512081,999,1044
512082,996,1040
512083,993,1042
512084,996,1045
512085,998,1049
512086,999,1046
512087,997,1046
512088,995,1042
512089,994,1044
512090,995,1048
512091,998,1048
512092,1000,1047
512093,999,1046
512094,996,1042
512095,990,1042
512096,991,1044
512097,994,1049
512098,998,1050
512099,996,1048
512100,991,1045
512101,993,1044
512102,993,1047
512103,994,1048
512104,999,1049
512105,997,1047
512106,992,1046
512107,988,1045
512108,989,1047
512109,992,1050
512110,993,1050
512111,992,1049
512112,989,1047
512113,986,1045
512114,987,1050
512115,986,1053
512116,992,1050
512117,988,1048
512118,985,1046
512119,983,1050
512120,986,1052
512121,990,1052
512122,988,1051
512123,989,1049
512124,984,1050
512125,985,1049
512126,984,1050
512127,985,1051
512128,990,1052
512129,990,1052
512130,988,1049
512131,987,1048
512132,989,1050
512133,990,1053
512134,993,1054
512135,993,1051
512136,992,1050
512137,989,1052
512138,988,1056
512139,993,1055
512140,995,1056
512141,994,1053
512142,990,1051
512143,988,1050
512144,990,1054
512145,992,1058
512146,994,1055
512147,988,1052
512148,987,1050
512149,987,1050
512150,990,1053
512151,992,1056
512152,994,1051
512153,992,1051
512154,989,1047
512155,990,1048
512156,992,1051
512157,993,1052
512158,997,1051
512159,992,1047
512160,991,1046
512161,987,1044
512162,988,1045
512163,993,1046
512164,996,1044
512165,996,1040
512166,1000,1035
512167,1006,1033
512168,1019,1034
512169,1038,1035
512170,1058,1028
512171,1091,1022
512172,1123,1009
512173,1160,998
512174,1202,990
512175,1242,989
512176,1283,992
512177,1308,1003
512178,1308,1019
512179,1278,1031
512180,1224,1039
512181,1156,1052
512182,1089,1066
512183,1019,1080
512184,966,1092
512185,952,1095
512186,966,1097
512187,983,1088
512188,998,1076
512189,999,1065
512190,998,1055
512191,991,1054
512192,992,1055
512193,990,1057
512194,990,1057
512195,986,1053
512196,983,1049
512197,980,1049
512198,980,1050
512199,978,1055
512200,980,1054
512201,976,1051
512202,973,1049
512203,970,1052
512204,965,1053
512205,971,1056
512206,971,1053
512207,967,1052
512208,967,1047
512209,963,1047
512210,964,1049
512211,963,1054
512212,964,1054
512213,962,1050
512214,961,1046
512215,959,1047
512216,961,1051
512217,964,1053
512218,966,1055
512219,967,1052
512220,965,1048
512221,966,1054
512222,970,1055
512223,972,1056
512224,974,1056
512225,975,1057
512226,971,1052
512227,973,1053
512228,976,1054
512229,978,1055
512230,982,1055
512231,982,1051
512232,976,1048
512233,979,1049
512234,980,1050
512235,986,1052
512236,988,1048
512237,989,1043
512238,989,1040
512239,987,1039
512240,990,1038
512241,992,1040
512242,994,1038
512243,997,1033
512244,996,1029
512245,990,1028
512246,991,1028
512247,993,1027
512248,995,1029
512249,994,1026
512250,990,1023
512251,988,1022
512252,991,1021
512253,994,1024
512254,998,1020
512255,992,1020
512256,992,1016
512257,990,1016
512258,992,1019
512259,993,1018
512260,996,1021
512261,994,1017
512262,993,1014
512263,993,1015
512264,993,1016
512265,996,1017
512266,1001,1017
512267,1002,1015
512268,1002,1013
512269,1002,1013
512270,1005,1014
512271,1009,1017
512272,1011,1017
512273,1010,1016
512274,1012,1014
512275,1008,1017
512276,1012,1020
512277,1016,1020
512278,1017,1022
512279,1016,1023
512280,1015,1022
512281,1013,1024
512282,1014,1027
512283,1014,1031
512284,1016,1033
512285,1011,1032
512286,1008,1033
512287,1007,1036
512288,1006,1040
512289,1007,1045
512290,1009,1040
512291,1007,1043
512292,1003,1043
512293,1000,1045
512294,998,1047
512295,1003,1050
512296,1003,1048
512297,1001,1047
512298,998,1047
512299,995,1046
512300,995,1049
512301,995,1053
512302,993,1052
512303,995,1051
512304,990,1049
512305,990,1049
512306,991,1050
512307,993,1052
512308,994,1050
512309,994,1047
512310,992,1046
512311,991,1047
512312,995,1047
512313,1004,1050
512314,1009,1049
512315,1009,1047
512316,1013,1045
512317,1016,1046
512318,1021,1050
512319,1024,1054
512320,1031,1056
512321,1036,1053
512322,1046,1043
512323,1056,1036
512324,1075,1021
512325,1086,1007
512326,1106,991
512327,1120,978
512328,1136,960
512329,1150,946
512330,1166,928
512331,1187,913
512332,1211,889
512333,1228,866
512334,1242,850
512335,1255,836
512336,1264,827
512337,1266,823
512338,1268,821
512339,1262,816
512340,1254,812
512341,1245,813
512342,1234,817
512343,1223,818
512344,1205,819
512345,1183,821
512346,1161,824
512347,1133,834
512348,1111,844
512349,1088,857
512350,1070,869
512351,1055,881
512352,1042,895
512353,1040,912
512354,1040,929
512355,1040,946
512356,1039,954
512357,1036,959
512358,1037,964
512359,1043,974
512360,1064,982
512361,1086,993
512362,1101,993
512363,1098,994
512364,1070,995
512365,1034,1004
512366,995,1022
512367,968,1037
512368,953,1053
512369,945,1067
512370,938,1077
512371,933,1088
512372,931,1096
512373,930,1100
512374,930,1104
512375,927,1107
512376,921,1104
512377,915,1109
512378,916,1115
512379,916,1118
512380,915,1120
512381,913,1121
512382,909,1120
512383,904,1122
512384,904,1127
512385,907,1131
512386,906,1132
512387,903,1133
512388,899,1133
512389,894,1134
512390,896,1136
512391,896,1140
512392,897,1141
512393,895,1140
512394,893,1140
512395,888,1142
512396,891,1146
512397,893,1151
512398,894,1152
512399,894,1150
512400,890,1150
512401,889,1153
512402,888,1159
512403,892,1163
512404,891,1166
512405,889,1168
512406,883,1167
512407,884,1171
512408,889,1174
512409,890,1182
512410,893,1183
512411,889,1180
512412,890,1182
512413,889,1184
512414,892,1190
512415,897,1195
512416,901,1192
512417,900,1195
512418,898,1195
512419,897,1198
512420,902,1201
512421,906,1206
512422,909,1206
512423,908,1202
512424,910,1200
512425,911,1202
512426,912,1204
512427,916,1208
512428,921,1205
512429,924,1202
512430,922,1198
512431,922,1197
512432,928,1198
512433,933,1194
512434,937,1189
512435,939,1184
512436,938,1174
512437,939,1172
512438,945,1171
512439,953,1169
512440,956,1159
512441,957,1153
512442,955,1146
512443,959,1140
512444,961,1139
512445,962,1137
512446,967,1131
512447,967,1122
512448,970,1117
512449,969,1114
512450,970,1111
512451,976,1108
512452,979,1103
512453,979,1095
512454,978,1091
512455,975,1088
512456,977,1084
512457,979,1082
512458,981,1077
512459,981,1074
512460,979,1069
512461,976,1068
512462,980,1066
512463,980,1068
512464,984,1064
512465,986,1063
512466,983,1060
512467,981,1058
512468,985,1057
512469,987,1059
512470,989,1057
512471,989,1052
512472,987,1048
512473,982,1047
512474,983,1047
512475,984,1052
512476,988,1051
512477,988,1047
512478,983,1047
512479,980,1044
512480,979,1047
512481,982,1052
512482,983,1050
512483,982,1047
512484,977,1045
512485,975,1044
512486,978,1047
512487,983,1052
512488,982,1051
512489,979,1047
512490,975,1043
512491,978,1043
512492,980,1049
512493,983,1052
512494,987,1047
512495,986,1047
512496,983,1044
512497,983,1047
512498,984,1048
512499,988,1050
512500,986,1050
512501,986,1049
512502,983,1048
512503,983,1046
512504,983,1050
512505,988,1052
512506,988,1052
512507,988,1051
512508,986,1047
512509,982,1048
512510,985,1049
512511,991,1052
512512,989,1047
512513,990,1047
512514,988,1042
512515,986,1045
512516,987,1045
512517,992,1048
512518,992,1047
512519,991,1045
512520,988,1042
512521,988,1044
512522,984,1044
512523,987,1048
512524,993,1046
512525,992,1043
512526,989,1040
512527,987,1042
512528,987,1046
512529,987,1050
512530,986,1048
512531,987,1046
512532,984,1044
512533,984,1045
512534,984,1048
512535,988,1050
512536,989,1048
512537,986,1045
512538,984,1043
512539,978,1044
512540,981,1043
512541,984,1048
512542,984,1046
512543,985,1043
512544,982,1040
512545,981,1042
512546,982,1045
512547,987,1047
512548,986,1045
512549,983,1046
512550,981,1042
512551,979,1043
512552,985,1045
512553,986,1046
512554,990,1045
512555,989,1041
512556,988,1041
512557,987,1043
512558,988,1043
512559,993,1046
512560,994,1043
512561,992,1041
512562,989,1040
512563,990,1041
512564,993,1043
512565,995,1043
512566,998,1045
512567,994,1043
512568,993,1041
512569,991,1040
512570,995,1042
512571,990,1046
512572,989,1044
512573,986,1041
512574,988,1040
512575,988,1041
512576,991,1043
512577,993,1047
512578,994,1047
512579,991,1043
512580,987,1041
512581,985,1043
512582,986,1046
512583,987,1049
512584,989,1048
512585,987,1045
512586,982,1041
512587,981,1041
512588,982,1042
512589,988,1043
512590,988,1043
512591,989,1042
512592,984,1040
512593,984,1041
512594,986,1042
512595,988,1046
512596,989,1046
512597,990,1041
512598,990,1039
512599,987,1041
512600,985,1045
512601,988,1047
512602,991,1046
512603,990,1044
512604,988,1042
512605,985,1041
512606,989,1046
512607,995,1046
512608,996,1045
512609,995,1042
512610,993,1039
512611,991,1041
512612,993,1044
512613,993,1044
512614,997,1042
512615,999,1042
512616,996,1042
512617,991,1043
512618,993,1044
512619,996,1049
512620,999,1049
512621,997,1046
512622,995,1041
512623,990,1043
512624,991,1045
512625,995,1049
512626,994,1051
512627,994,1046
512628,992,1044
512629,986,1044
512630,990,1046
512631,992,1045
512632,995,1045
512633,992,1042
512634,989,1037
512635,986,1038
512636,991,1042
512637,995,1043
512638,998,1041
512639,993,1038
512640,992,1036
512641,991,1039
512642,994,1040
512643,995,1044
512644,997,1041
512645,996,1038
512646,992,1037
512647,990,1034
512648,994,1032
512649,1005,1033
512650,1014,1030
512651,1031,1023
512652,1043,1017
512653,1062,1011
512654,1095,1005
512655,1130,997
512656,1167,980
512657,1203,972
512658,1236,966
512659,1271,972
512660,1299,988
512661,1302,1011
512662,1279,1024
512663,1228,1030
512664,1166,1034
512665,1106,1047
512666,1051,1065
512667,1005,1079
512668,980,1085
512669,972,1082
512670,975,1079
512671,986,1069
512672,996,1062
512673,1001,1057
512674,997,1050
512675,990,1046
512676,983,1042
512677,982,1045
512678,984,1045
512679,982,1046
512680,974,1045
512681,971,1043
512682,968,1043
512683,967,1041
512684,971,1045
512685,972,1047
512686,973,1045
512687,971,1042
512688,965,1041
512689,965,1041
512690,967,1043
512691,970,1046
512692,973,1046
512693,966,1043
512694,965,1041
512695,966,1039
512696,967,1042
512697,968,1044
512698,968,1043
512699,969,1041
512700,966,1036
512701,965,1039
512702,963,1040
512703,966,1043
512704,967,1042
512705,966,1039
512706,963,1038
512707,963,1040
512708,966,1043
512709,970,1043
512710,970,1045
512711,968,1042
512712,965,1040
512713,963,1044
512714,971,1047
512715,974,1050
512716,971,1048
512717,972,1046
512718,970,1043
512719,969,1043
512720,970,1042
512721,974,1044
512722,975,1041
512723,972,1038
512724,972,1034
512725,969,1031
512726,970,1036
512727,974,1036
512728,978,1034
512729,974,1032
512730,972,1028
512731,971,1028
512732,972,1027
512733,977,1032
512734,980,1028
512735,980,1026
512736,978,1021
512737,976,1019
512738,980,1020
512739,985,1021
512740,989,1019
512741,987,1016
512742,985,1012
512743,984,1009
512744,984,1010
512745,986,1015
512746,991,1012
512747,991,1008
512748,988,1005
512749,989,1006
512750,993,1008
512751,1000,1012
512752,1001,1011
512753,1001,1008
512754,1001,1004
512755,1000,1005
512756,1006,1006
512757,1010,1009
512758,1012,1005
512759,1012,1004
512760,1013,1000
512761,1013,1003
512762,1016,1005
512763,1023,1009
512764,1026,1006
512765,1027,1003
512766,1023,999
512767,1024,998
512768,1024,1001
512769,1028,1007
512770,1030,1006
512771,1028,1003
512772,1024,1006
512773,1023,1006
512774,1023,1007
512775,1026,1014
512776,1028,1015
512777,1024,1014
512778,1019,1016
512779,1016,1018
512780,1017,1025
512781,1016,1027
512782,1017,1030
512783,1015,1030
512784,1009,1028
512785,1006,1031
512786,1001,1035
512787,1006,1038
512788,1005,1037
512789,1004,1036
512790,1001,1034
512791,998,1037
512792,996,1040
512793,999,1042
512794,996,1042
512795,998,1041
512796,994,1042
512797,996,1042
512798,996,1046
512799,997,1049
512800,997,1050
512801,995,1049
512802,990,1047
512803,990,1049
512804,991,1050
512805,992,1055
512806,993,1052
512807,992,1048
512808,994,1047
512809,993,1047
512810,996,1046
512811,998,1048
512812,999,1049
512813,999,1048
512814,995,1045
512815,995,1044
512816,997,1047
512817,999,1047
512818,998,1046
512819,995,1043
512820,994,1040
512821,991,1041
512822,993,1044
512823,996,1045
512824,997,1044
512825,994,1041
512826,994,1041
512827,992,1041
512828,992,1045
512829,995,1045
512830,997,1043
512831,995,1042
512832,992,1039
512833,992,1040
512834,996,1043
512835,996,1045
512836,998,1045
512837,996,1041
512838,992,1042
512839,991,1041
512840,995,1047
512841,998,1047
512842,999,1050
512843,995,1044
512844,991,1044
512845,990,1048
512846,991,1048
512847,995,1052
512848,995,1049
512849,991,1047
512850,992,1049
512851,989,1048
512852,991,1050
512853,991,1051
512854,993,1048
512855,990,1046
512856,990,1046
512857,987,1046
512858,989,1050
512859,988,1050
512860,991,1049
512861,992,1048
512862,989,1048
512863,986,1050
512864,987,1051
512865,988,1052
512866,990,1051
512867,990,1052
512868,984,1047
512869,983,1049
512870,985,1052
512871,987,1053
512872,992,1052
512873,989,1054
512874,986,1051
512875,986,1051
512876,985,1055
512877,989,1056
512878,989,1052
512879,986,1052
512880,985,1050
512881,984,1050
512882,987,1054
512883,989,1057
512884,994,1055
512885,993,1053
512886,988,1050
512887,986,1051
512888,988,1054
512889,992,1057
512890,995,1058
512891,990,1056
512892,989,1052
512893,987,1054
512894,989,1052
512895,994,1055
512896,998,1055
512897,997,1054
512898,990,1054
512899,992,1054
512900,990,1059
512901,991,1062
512902,993,1062
512903,991,1062
512904,991,1059
512905,992,1060
512906,994,1063
512907,997,1065
512908,998,1063
512909,998,1060
512910,993,1055
512911,993,1057
512912,993,1059
512913,995,1063
512914,997,1061
512915,1000,1059
512916,1000,1056
512917,999,1054
512918,1002,1053
512919,999,1058
512920,990,1057
512921,993,1055
512922,996,1050
512923,1003,1046
512924,1015,1047
512925,1033,1047
512926,1051,1039
512927,1075,1032
512928,1102,1025
512929,1139,1013
512930,1182,1002
512931,1222,998
512932,1262,995
512933,1296,1001
512934,1312,1013
512935,1308,1034
512936,1279,1046
512937,1233,1055
512938,1175,1058
512939,1112,1069
512940,1046,1084
512941,989,1101
512942,961,1107
512943,955,1113
512944,969,1103
512945,979,1090
512946,985,1076
512947,991,1069
512948,995,1066
512949,995,1065
512950,993,1062
512951,990,1059
512952,982,1057
512953,979,1057
512954,979,1059
512955,979,1062
512956,979,1061
512957,978,1059
512958,976,1056
512959,974,1059
512960,973,1064
512961,974,1065
512962,976,1065
512963,975,1062
512964,971,1062
512965,970,1059
512966,973,1062
512967,977,1064
512968,978,1065
512969,975,1062
512970,972,1058
512971,969,1060
512972,971,1062
512973,974,1063
512974,974,1062
512975,972,1058
512976,970,1057
512977,966,1060
512978,974,1059
512979,975,1061
512980,977,1059
512981,969,1058
512982,970,1053
512983,970,1052
512984,972,1057
512985,977,1060
512986,982,1058
512987,978,1056
512988,975,1054
512989,970,1057
512990,971,1057
512991,971,1062
512992,976,1060
512993,975,1058
512994,975,1057
512995,978,1055
512996,979,1056
512997,981,1058
512998,980,1057
512999,979,1054
513000,974,1054
513001,974,1053
513002,974,1058
513003,980,1057
513004,982,1056
513005,984,1052
513006,982,1048
513007,983,1047
513008,988,1047
513009,988,1047
513010,989,1046
513011,988,1042
513012,987,1039
513013,989,1040
513014,989,1041
513015,993,1040
513016,992,1037
513017,992,1034
513018,990,1029
513019,991,1028
513020,992,1029
513021,994,1031
513022,995,1030
513023,995,1026
513024,992,1021
513025,990,1022
513026,998,1024
513027,1002,1023
513028,1003,1023
513029,999,1017
513030,1001,1016
513031,1001,1018
513032,1002,1021
513033,1005,1023
513034,1004,1021
513035,1009,1018
513036,1006,1019
513037,1009,1020
513038,1007,1023
513039,1013,1024
513040,1011,1028
513041,1012,1027
513042,1008,1027
513043,1011,1031
513044,1013,1035
513045,1014,1036
513046,1012,1039
513047,1010,1037
513048,1007,1040
513049,1006,1042
513050,1005,1046
513051,1008,1053
513052,1006,1055
513053,1003,1056
513054,999,1054
513055,996,1056
513056,996,1060
513057,999,1065
513058,998,1067
513059,995,1062
513060,993,1061
513061,991,1063
513062,990,1067
513063,990,1069
513064,990,1067
513065,992,1068
513066,988,1063
513067,984,1066
513068,985,1068
513069,989,1069
513070,991,1070
513071,992,1066
513072,991,1064
513073,989,1063
513074,987,1067
513075,988,1071
513076,992,1067
513077,987,1065
513078,988,1063
513079,987,1066
513080,988,1068
513081,988,1071
513082,991,1070
513083,990,1069
513084,984,1064
513085,984,1067
513086,988,1069
513087,992,1070
513088,993,1069
513089,992,1068
513090,989,1067
513091,984,1067
513092,985,1067
513093,985,1073
513094,986,1071
513095,986,1070
513096,984,1067
513097,985,1068
513098,987,1069
513099,987,1068
513100,987,1068
513101,986,1065
513102,980,1065
513103,981,1064
513104,983,1064
513105,986,1069
513106,987,1066
513107,982,1061
513108,979,1061
513109,978,1064
513110,980,1063
513111,984,1068
513112,985,1067
513113,985,1065
513114,981,1062
513115,979,1064
513116,982,1068
513117,985,1067
513118,986,1067
513119,986,1063
513120,985,1061
513121,982,1064
513122,982,1067
513123,983,1067
513124,987,1068
513125,984,1064
513126,985,1060
513127,983,1062
513128,985,1066
513129,987,1067
513130,986,1067
513131,985,1064
513132,981,1060
513133,981,1061
513134,981,1066
513135,983,1070
513136,981,1067
513137,985,1068
513138,983,1064
513139,984,1067
513140,980,1068
513141,985,1071
513142,983,1068
513143,983,1066
513144,978,1067
513145,974,1069
513146,974,1072
513147,978,1073
513148,980,1074
513149,982,1072
513150,982,1069
513151,982,1071
513152,982,1074
513153,981,1076
513154,977,1076
513155,976,1074
513156,976,1073
513157,976,1074
513158,975,1076
513159,977,1079
513160,980,1077
513161,982,1076
513162,978,1074
513163,977,1076
513164,977,1075
513165,976,1079
513166,980,1076
513167,979,1075
513168,977,1071
513169,978,1072
513170,982,1074
513171,983,1076
513172,982,1072
513173,980,1069
513174,977,1069
513175,980,1068
513176,982,1069
513177,985,1071
513178,983,1072
513179,984,1067
513180,980,1062
513181,976,1064
513182,975,1069
513183,977,1071
513184,980,1069
513185,980,1066
513186,979,1062
513187,976,1064
513188,978,1066
513189,982,1066
513190,986,1065
513191,982,1065
513192,982,1062
513193,978,1064
513194,978,1069
513195,979,1067
513196,981,1066
513197,983,1066
513198,980,1064
513199,980,1066
513200,981,1070
513201,986,1073
513202,986,1071
513203,985,1071
513204,982,1065
513205,983,1069
513206,984,1071
513207,987,1076
513208,989,1072
513209,987,1071
513210,984,1069
513211,982,1071
513212,984,1072
513213,987,1073
513214,991,1074
513215,990,1068
513216,986,1066
513217,981,1067
513218,983,1069
513219,986,1071
513220,989,1070
513221,987,1067
513222,985,1060
513223,986,1058
513224,992,1060
513225,1004,1058
513226,1015,1054
513227,1026,1048
513228,1042,1040
513229,1063,1041
513230,1093,1039
513231,1126,1031
513232,1162,1016
513233,1199,1002
513234,1238,1000
513235,1278,1004
513236,1310,1018
513237,1317,1042
513238,1301,1055
513239,1254,1060
513240,1193,1063
513241,1128,1075
513242,1072,1087
513243,1023,1101
513244,983,1102
513245,965,1105
513246,961,1098
513247,971,1093
513248,983,1087
513249,993,1081
513250,996,1073
513251,989,1069
513252,985,1067
513253,981,1067
513254,984,1069
513255,986,1071
513256,984,1072
513257,979,1066
513258,974,1067
513259,973,1067
513260,974,1068
513261,974,1072
513262,972,1070
513263,969,1066
513264,966,1063
513265,966,1063
513266,967,1066
513267,967,1069
513268,967,1068
513269,963,1064
513270,956,1059
513271,955,1063
513272,954,1066
513273,961,1066
513274,966,1066
513275,965,1060
513276,959,1059
513277,958,1057
513278,960,1060
513279,965,1062
513280,969,1061
513281,968,1057
513282,964,1056
513283,955,1055
513284,950,1059
513285,952,1064
513286,952,1061
513287,956,1060
513288,955,1056
513289,954,1058
513290,958,1063
513291,962,1063
513292,963,1061
513293,963,1058
513294,962,1052
513295,960,1057
513296,961,1060
513297,962,1061
513298,965,1060
513299,964,1057
513300,963,1055
513301,959,1056
513302,963,1059
513303,967,1061
513304,969,1054
513305,969,1052
513306,968,1049
513307,967,1050
513308,970,1049
513309,974,1050
513310,975,1047
513311,972,1045
513312,971,1042
513313,970,1043
513314,975,1045
513315,980,1046
513316,981,1044
513317,980,1038
513318,976,1035
513319,977,1035
513320,979,1036
513321,984,1040
513322,987,1036
513323,988,1032
513324,990,1029
513325,990,1028
513326,993,1028
513327,1000,1031
513328,998,1030
513329,996,1025
513330,994,1024
513331,992,1026
513332,993,1028
513333,1000,1030
513334,999,1028
513335,1000,1025
513336,995,1022
513337,996,1025
513338,1001,1026
513339,1005,1026
513340,1007,1027
513341,1007,1025
513342,1005,1025
513343,1003,1027
513344,1006,1028
513345,1008,1029
513346,1006,1030
513347,1006,1029
513348,1006,1024
513349,1007,1028
513350,1005,1031
513351,1007,1036
513352,1004,1036
513353,1001,1035
513354,1000,1034
513355,998,1037
513356,1000,1042
513357,997,1047
513358,996,1048
513359,992,1048
513360,990,1048
513361,989,1049
513362,989,1052
513363,988,1054
513364,987,1055
513365,981,1055
513366,976,1053
513367,976,1055
513368,981,1061
513369,982,1063
513370,984,1064
513371,982,1063
513372,978,1061
513373,978,1063
513374,981,1065
513375,983,1066
513376,983,1066
513377,979,1063
513378,977,1063
513379,976,1063
513380,976,1067
513381,980,1069
513382,978,1067
513383,979,1063
513384,976,1062
513385,976,1061
513386,980,1063
513387,983,1062
513388,981,1062
513389,977,1056
513390,974,1055
513391,973,1058
513392,976,1059
513393,980,1058
513394,978,1057
513395,975,1053
513396,969,1051
513397,973,1052
513398,975,1054
513399,977,1054
513400,979,1053
513401,977,1051
513402,974,1050
513403,974,1050
513404,975,1053
513405,977,1057
513406,979,1055
513407,975,1055
513408,975,1050
513409,974,1053
513410,977,1057
513411,978,1057
513412,978,1056
513413,974,1054
513414,971,1053
513415,973,1055
513416,971,1058
513417,971,1059
513418,973,1060
513419,975,1055
513420,972,1053
513421,969,1057
513422,970,1058
513423,972,1059
513424,973,1058
513425,970,1054
513426,969,1051
513427,968,1053
513428,974,1057
513429,979,1056
513430,977,1056
513431,977,1054
513432,971,1053
513433,973,1055
513434,976,1057
513435,977,1057
513436,979,1058
513437,975,1054
513438,973,1052
513439,972,1054
513440,975,1054
513441,977,1055
513442,976,1054
513443,975,1051
513444,972,1049
513445,973,1050
513446,971,1054
513447,976,1056
513448,975,1053
513449,974,1051
513450,968,1050
513451,967,1052
513452,971,1054
513453,969,1058
513454,976,1056
513455,977,1055
513456,972,1052
513457,967,1053
513458,964,1056
513459,964,1061
513460,966,1059
513461,970,1058
513462,970,1056
513463,966,1058
513464,971,1061
513465,973,1063
513466,973,1061
513467,967,1056
513468,965,1055
513469,964,1058
513470,967,1058
513471,971,1062
513472,973,1056
513473,971,1054
513474,972,1051
513475,971,1054
513476,974,1054
513477,975,1058
513478,974,1053
513479,968,1052
513480,964,1050
513481,964,1053
513482,964,1055
513483,972,1058
513484,971,1057
513485,971,1054
513486,970,1051
513487,971,1054
513488,973,1057
513489,977,1057
513490,977,1054
513491,977,1053
513492,977,1051
513493,978,1050
513494,979,1051
513495,980,1052
513496,982,1049
513497,980,1048
513498,979,1043
513499,976,1045
513500,972,1050
513501,978,1051
513502,978,1051
513503,975,1049
513504,974,1046
513505,978,1046
513506,980,1045
513507,988,1044
513508,997,1039
513509,1010,1035
513510,1020,1030
513511,1031,1028
513512,1047,1027
513513,1078,1026
513514,1115,1013
513515,1155,998
513516,1191,987
513517,1228,987
513518,1267,990
513519,1297,1002
513520,1309,1019
513521,1289,1036
513522,1245,1042
513523,1186,1051
513524,1123,1062
513525,1062,1076
513526,1006,1085
513527,962,1093
513528,941,1093
513529,945,1092
513530,960,1087
513531,973,1075
513532,981,1064
513533,979,1055
513534,974,1049
513535,967,1049
513536,965,1050
513537,965,1050
513538,962,1050
513539,960,1048
513540,954,1044
513541,952,1046
513542,951,1048
513543,955,1052
513544,954,1049
513545,951,1049
513546,945,1045
513547,947,1047
513548,952,1047
513549,957,1053
513550,959,1050
513551,957,1045
513552,954,1044
513553,956,1046
513554,954,1048
513555,954,1051
513556,953,1049
513557,947,1047
513558,942,1044
513559,943,1049
513560,950,1051
513561,954,1053
513562,957,1052
513563,957,1047
513564,955,1048
513565,951,1046
513566,951,1049
513567,951,1051
513568,953,1049
513569,951,1045
513570,947,1045
513571,948,1044
513572,950,1049
513573,954,1051
513574,953,1048
513575,951,1044
513576,953,1040
513577,954,1043
513578,955,1043
513579,954,1048
513580,950,1044
513581,952,1042
513582,951,1039
513583,949,1039
513584,950,1040
513585,954,1041
513586,957,1039
513587,955,1036
513588,954,1031
513589,953,1032
513590,953,1031
513591,958,1033
513592,959,1032
513593,955,1028
513594,954,1027
513595,952,1027
513596,957,1028
513597,962,1029
513598,963,1024
513599,963,1019
513600,960,1015
513601,964,1015
513602,968,1014
513603,973,1016
513604,977,1013
513605,977,1009
513606,974,1007
513607,974,1007
513608,978,1007
513609,980,1009
513610,982,1008
513611,979,1004
513612,978,1001
513613,981,1000
513614,983,1004
513615,985,1004
513616,987,1003
513617,986,998
513618,985,996
513619,981,996
513620,983,1001
513621,990,999
513622,991,998
513623,991,997
513624,988,995
513625,984,998
513626,987,1003
513627,987,1006
513628,989,1007
513629,989,1004
513630,986,1005
513631,984,1007
513632,991,1012
513633,995,1016
513634,995,1015
513635,991,1014
513636,985,1013
513637,985,1016
513638,987,1024
513639,985,1025
513640,983,1026
513641,984,1026
513642,980,1026
513643,977,1030
513644,978,1032
513645,980,1038
513646,981,1037
513647,977,1036
513648,969,1035
513649,967,1035
513650,968,1037
513651,972,1044
513652,975,1041
513653,975,1039
513654,970,1035
513655,970,1039
513656,971,1042
513657,971,1044
513658,975,1042
513659,970,1038
513660,970,1039
513661,971,1041
513662,970,1044
513663,972,1046
513664,974,1043
513665,973,1043
513666,969,1041
513667,965,1041
513668,966,1047
513669,969,1049
513670,968,1046
513671,968,1044
513672,966,1038
513673,964,1042
513674,965,1044
513675,972,1048
513676,969,1045
513677,969,1043
513678,966,1039
513679,967,1040
513680,968,1043
513681,970,1046
513682,972,1043
513683,968,1041
513684,967,1038
513685,965,1040
513686,967,1042
513687,972,1041
513688,972,1039
513689,968,1035
513690,964,1034
513691,965,1035
513692,967,1036
513693,971,1039
513694,973,1036
513695,974,1033
513696,968,1029
513697,968,1030
513698,969,1032
513699,973,1036
513700,973,1036
513701,971,1033
513702,968,1027
513703,971,1030
513704,973,1033
513705,973,1036
513706,973,1035
513707,965,1036
513708,965,1034
513709,965,1035
513710,970,1037
513711,969,1039
513712,969,1039
513713,966,1035
513714,965,1034
513715,962,1038
513716,969,1042
513717,971,1044
513718,969,1040
513719,965,1040
513720,961,1041
513721,963,1045
513722,963,1048
513723,963,1052
513724,963,1050
513725,962,1047
513726,958,1044
513727,959,1047
513728,958,1047
513729,962,1048
513730,961,1047
513731,964,1043
513732,962,1039
513733,960,1040
513734,961,1044
513735,962,1046
513736,968,1041
513737,967,1041
513738,962,1039
513739,962,1037
513740,963,1039
513741,962,1041
513742,963,1040
513743,962,1037
513744,960,1035
513745,962,1035
513746,966,1038
513747,968,1037
513748,969,1037
513749,963,1035
513750,962,1036
513751,963,1039
513752,964,1042
513753,966,1041
513754,968,1041
513755,965,1038
513756,964,1037
513757,965,1037
513758,965,1040
513759,967,1041
513760,968,1040
513761,969,1037
513762,966,1036
513763,964,1036
513764,963,1039
513765,966,1042
513766,969,1041
513767,966,1037
513768,962,1036
513769,962,1039
513770,963,1043
513771,968,1045
513772,971,1045
513773,971,1041
513774,967,1041
513775,963,1042
513776,963,1046
513777,964,1048
513778,968,1046
513779,968,1045
513780,965,1041
513781,967,1041
513782,971,1043
513783,969,1044
513784,970,1041
513785,969,1038
513786,964,1036
513787,967,1037
513788,970,1040
513789,974,1039
513790,973,1036
513791,974,1033
513792,973,1031
513793,970,1034
513794,971,1037
513795,973,1038
513796,975,1039
513797,972,1037
513798,972,1036
513799,973,1036
513800,973,1036
513801,978,1038
513802,977,1038
513803,975,1036
513804,973,1037
513805,977,1036
513806,979,1039
513807,981,1041
513808,981,1038
513809,978,1034
513810,973,1034
513811,975,1033
513812,980,1032
513813,988,1034
513814,995,1030
513815,1005,1026
513816,1016,1021
513817,1036,1018
513818,1058,1016
513819,1095,1008
513820,1137,994
513821,1180,982
513822,1218,977
513823,1264,985
513824,1297,1006
513825,1313,1026
513826,1296,1038
513827,1246,1039
513828,1178,1039
513829,1114,1049
513830,1054,1064
513831,1004,1078
513832,962,1084
513833,947,1082
513834,957,1072
513835,972,1061
513836,985,1054
513837,987,1052
513838,985,1045
513839,980,1038
513840,979,1035
513841,976,1035
513842,978,1038
513843,981,1040
513844,976,1038
513845,974,1037
513846,969,1033
513847,969,1034
513848,969,1038
513849,971,1042
513850,972,1040
513851,968,1037
513852,964,1037
513853,959,1040
513854,958,1042
513855,962,1045
513856,965,1041
513857,962,1039
513858,958,1039
513859,958,1041
513860,958,1043
513861,964,1045
513862,967,1043
513863,962,1042
513864,961,1040
513865,958,1043
513866,958,1042
513867,957,1044
513868,958,1043
513869,956,1043
513870,956,1040
513871,954,1042
513872,955,1043
513873,959,1043
513874,959,1041
513875,957,1038
513876,953,1039
513877,953,1038
513878,958,1040
513879,963,1039
513880,964,1038
513881,963,1034
513882,962,1033
513883,962,1034
513884,966,1035
513885,971,1032
513886,971,1031
513887,971,1028
513888,967,1027
513889,964,1028
513890,972,1028
513891,976,1030
513892,980,1026
513893,980,1025
513894,980,1022
513895,976,1023
513896,978,1024
513897,979,1025
513898,979,1022
513899,979,1019
513900,978,1015
513901,979,1015
513902,981,1019
513903,986,1018
513904,987,1017
513905,985,1013
513906,983,1009
513907,981,1010
513908,989,1011
513909,990,1012
513910,992,1007
513911,992,1001
513912,990,1001
513913,994,1002
513914,996,1004
513915,998,1008
513916,995,1002
513917,999,1000
513918,996,1000
513919,998,1000
513920,1003,1001
513921,1005,1004
513922,1006,1004
513923,1005,998
513924,1003,999
513925,1004,1002
513926,1004,1002
513927,1006,1007
513928,1005,1008
513929,1008,1004
513930,1006,1005
513931,1007,1008
513932,1009,1010
513933,1015,1016
513934,1011,1013
513935,1014,1012
513936,1010,1012
513937,1004,1017
513938,1004,1021
513939,1006,1027
513940,1005,1027
513941,1003,1029
513942,999,1032
513943,997,1032
513944,998,1038
513945,1001,1041
513946,999,1040
513947,993,1042
513948,993,1039
513949,991,1040
513950,991,1042
513951,993,1044
513952,989,1043
513953,987,1041
513954,982,1040
513955,983,1043
513956,985,1046
513957,986,1048
513958,987,1046
513959,984,1044
513960,980,1040
513961,978,1040
513962,982,1043
513963,988,1045
513964,989,1042
513965,984,1041
513966,983,1038
513967,982,1042
513968,984,1042
513969,987,1043
513970,987,1041
513971,984,1039
513972,980,1036
513973,983,1037
513974,984,1039
513975,988,1043
513976,988,1038
513977,987,1035
513978,987,1033
513979,987,1036
513980,987,1037
513981,991,1043
513982,990,1039
513983,992,1035
513984,989,1036
513985,989,1036
513986,993,1041
513987,995,1041
513988,991,1040
513989,994,1037
513990,989,1037
513991,989,1036
513992,989,1039
513993,992,1039
513994,994,1037
513995,992,1035
513996,992,1034
513997,986,1035
513998,989,1037
513999,989,1039
514000,988,1037
514001,985,1033
514002,988,1034
514003,985,1033
514004,985,1037
514005,990,1041
514006,989,1037
514007,986,1036
514008,984,1036
514009,987,1035
514010,988,1038
514011,989,1041
514012,988,1039
514013,989,1040
514014,988,1038
514015,988,1038
514016,988,1040
514017,990,1044
514018,989,1041
514019,989,1042
514020,983,1036
514021,979,1040
514022,986,1039
514023,989,1044
514024,992,1041
514025,992,1040
514026,988,1039
514027,987,1039
514028,989,1041
514029,992,1045
514030,992,1039
514031,990,1040
514032,987,1038
514033,988,1041
514034,987,1044
514035,994,1045
514036,992,1043
514037,990,1041
514038,987,1040
514039,986,1040
514040,989,1042
514041,988,1043
514042,991,1043
514043,985,1039
514044,985,1040
514045,987,1039
514046,986,1042
514047,986,1043
514048,984,1042
514049,977,1040
514050,980,1036
514051,980,1040
514052,984,1042
514053,987,1044
514054,986,1042
514055,984,1038
514056,979,1037
514057,981,1040
514058,983,1040
514059,986,1043
514060,988,1041
514061,985,1038
514062,984,1040
514063,984,1042
514064,983,1044
514065,986,1047
514066,985,1043
514067,983,1041
514068,985,1039
514069,986,1041
514070,986,1044
514071,988,1045
514072,989,1042
514073,987,1037
514074,986,1036
514075,984,1039
514076,987,1041
514077,990,1042
514078,992,1042
514079,989,1041
514080,987,1040
514081,989,1042
514082,986,1044
514083,991,1049
514084,995,1045
514085,993,1043
514086,991,1041
514087,992,1042
514088,993,1043
514089,994,1043
514090,995,1041
514091,991,1039
514092,989,1039
514093,989,1039
514094,992,1041
514095,993,1044
514096,992,1041
514097,991,1037
514098,989,1035
514099,990,1037
514100,993,1037
514101,995,1040
514102,996,1036
514103,999,1030
514104,1004,1024
514105,1013,1025
514106,1030,1023
514107,1049,1020
514108,1070,1016
514109,1096,1006
514110,1129,996
514111,1171,984
514112,1213,979
514113,1262,981
514114,1304,989
514115,1328,1002
514116,1319,1018
514117,1276,1032
514118,1216,1039
514119,1148,1049
514120,1081,1060
514121,1018,1067
514122,975,1069
514123,964,1073
514124,975,1068
514125,995,1059
514126,1003,1047
514127,1002,1039
514128,992,1039
514129,984,1041
514130,986,1042
514131,986,1044
514132,980,1039
514133,977,1039
514134,975,1036
514135,975,1037
514136,977,1039
514137,977,1041
514138,976,1041
514139,974,1040
514140,971,1035
514141,974,1038
514142,975,1039
514143,977,1040
514144,978,1040
514145,972,1036
514146,969,1038
514147,968,1042
514148,974,1043
514149,976,1045
514150,977,1041
514151,977,1039
514152,974,1040
514153,969,1043
514154,966,1044
514155,970,1047
514156,973,1047
514157,969,1043
514158,966,1044
514159,966,1043
514160,967,1047
514161,971,1048
514162,968,1044
514163,967,1044
514164,966,1043
514165,967,1045
514166,972,1050
514167,974,1048
514168,974,1048
514169,972,1046
514170,972,1044
514171,974,1045
514172,977,1044
514173,979,1047
514174,981,1041
514175,979,1036
514176,980,1035
514177,981,1035
514178,980,1036
514179,983,1036
514180,986,1031
514181,986,1027
514182,989,1025
514183,987,1024
514184,990,1025
514185,994,1025
514186,996,1022
514187,993,1020
514188,996,1017
514189,997,1014
514190,1002,1016
514191,1005,1017
514192,1004,1013
514193,1003,1008
514194,1002,1005
514195,1004,1007
514196,1005,1008
514197,1006,1009
514198,1006,1009
514199,1005,1006
514200,1003,1006
514201,1006,1007
514202,1009,1009
514203,1011,1010
514204,1011,1007
514205,1008,1005
514206,1007,1005
514207,1008,1010
514208,1011,1012
514209,1016,1013
514210,1016,1013
514211,1012,1010
514212,1011,1012
514213,1013,1016
514214,1016,1020
514215,1022,1021
514216,1021,1021
514217,1020,1019
514218,1016,1017
514219,1012,1019
514220,1017,1023
514221,1021,1026
514222,1017,1026
514223,1010,1024
514224,1010,1024
514225,1007,1029
514226,1009,1037
514227,1009,1037
514228,1007,1037
514229,1003,1038
514230,999,1036
514231,1000,1038
514232,1003,1043
514233,1003,1043
514234,1002,1041
514235,999,1038
514236,992,1038
514237,991,1040
514238,989,1044
514239,990,1047
514240,990,1044
514241,990,1043
514242,987,1039
514243,987,1043
514244,987,1046
514245,989,1047
514246,988,1047
514247,988,1047
514248,986,1044
514249,986,1045
514250,987,1048
514251,988,1051
514252,991,1050
514253,988,1046
514254,984,1046
514255,982,1046
514256,989,1049
514257,993,1050
514258,994,1049
514259,991,1042
514260,985,1040
514261,985,1040
514262,988,1046
514263,991,1047
514264,991,1046
514265,988,1044
514266,984,1043
514267,984,1043
514268,990,1046
514269,994,1047
514270,995,1044
514271,990,1041
514272,987,1039
514273,989,1043
514274,991,1045
514275,990,1047
514276,992,1042
514277,991,1041
514278,986,1043
514279,986,1044
514280,987,1043
514281,992,1045
514282,992,1043
514283,990,1041
514284,987,1038
514285,987,1040
514286,989,1044
514287,990,1046
514288,994,1045
514289,988,1042
514290,986,1040
514291,988,1043
514292,991,1045
514293,988,1047
514294,985,1047
514295,987,1045
514296,985,1044
514297,986,1045
514298,986,1049
514299,988,1048
514300,986,1046
514301,984,1043
514302,983,1042
514303,982,1044
514304,985,1048
514305,990,1046
514306,987,1045
514307,989,1042
514308,984,1040
514309,982,1042
514310,983,1044
514311,983,1047
514312,987,1047
514313,982,1043
514314,978,1043
514315,977,1046
514316,979,1050
514317,979,1051
514318,978,1050
514319,976,1047
514320,979,1045
514321,979,1048
514322,979,1053
514323,983,1052
514324,983,1050
514325,979,1047
514326,974,1045
514327,977,1048
514328,983,1050
514329,987,1049
514330,988,1047
514331,983,1044
514332,982,1047
514333,986,1047
514334,988,1047
514335,992,1049
514336,994,1046
514337,991,1042
514338,987,1037
514339,1001,1035
514340,1015,1036
514341,1032,1036
514342,1047,1030
514343,1071,1022
514344,1104,1012
514345,1149,1001
514346,1195,996
514347,1243,994
514348,1286,995
514349,1315,1005
514350,1315,1020
514351,1280,1034
514352,1224,1039
514353,1160,1049
514354,1091,1059
514355,1018,1069
514356,966,1076
514357,942,1084
514358,950,1084
514359,970,1075
514360,984,1064
514361,985,1055
514362,981,1048
514363,977,1049
514364,975,1050
514365,971,1055
514366,971,1052
514367,967,1050
514368,963,1047
514369,961,1051
514370,964,1051
514371,969,1054
514372,963,1049
514373,961,1049
514374,952,1049
514375,949,1048
514376,951,1049
514377,959,1051
514378,959,1051
514379,957,1048
514380,957,1046
514381,958,1048
514382,960,1051
514383,965,1051
514384,962,1051
514385,959,1048
514386,956,1048
514387,957,1050
514388,957,1053
514389,958,1053
514390,959,1050
514391,960,1049
514392,959,1047
514393,958,1048
514394,958,1051
514395,963,1054
514396,963,1052
514397,962,1049
514398,959,1049
514399,958,1048
514400,959,1050
514401,960,1052
514402,963,1051
514403,963,1046
514404,961,1046
514405,961,1046
514406,963,1047
514407,962,1048
514408,963,1048
514409,964,1043
514410,963,1043
514411,964,1041
514412,966,1039
514413,970,1040
514414,966,1037
514415,966,1037
514416,965,1033
514417,967,1034
514418,970,1035
514419,972,1033
514420,971,1032
514421,970,1028
514422,974,1022
514423,977,1024
514424,980,1020
514425,983,1019
514426,982,1016
514427,982,1010
514428,975,1008
514429,982,1007
514430,980,1011
514431,987,1011
514432,987,1007
514433,992,1003
514434,989,1001
514435,995,1004
514436,992,1004
514437,995,1005
514438,997,1004
514439,994,1002
514440,991,999
514441,994,1001
514442,998,1002
514443,1006,1003
514444,1006,1002
514445,1002,1000
514446,999,1001
514447,998,1003
514448,1001,1009
514449,1004,1013
514450,1003,1011
514451,1000,1012
514452,999,1014
514453,996,1020
514454,1001,1023
514455,1003,1028
514456,1001,1028
514457,998,1030
514458,989,1030
514459,991,1032
514460,992,1039
514461,993,1042
514462,991,1045
514463,985,1047
514464,983,1046
514465,984,1051
514466,984,1054
514467,984,1055
514468,984,1054
514469,979,1054
514470,978,1051
514471,976,1053
514472,978,1056
514473,977,1056
514474,976,1056
514475,974,1059
514476,972,1055
514477,971,1055
514478,973,1059
514479,977,1059
514480,976,1060
514481,978,1055
514482,974,1054
514483,975,1058
514484,976,1058
514485,979,1059
514486,979,1057
514487,975,1052
514488,972,1055
514489,972,1054
514490,976,1058
514491,978,1059
514492,981,1059
514493,978,1055
514494,974,1055
514495,973,1056
514496,977,1058
514497,981,1061
514498,982,1057
514499,984,1054
514500,981,1053
514501,982,1053
514502,981,1057
514503,984,1057
514504,984,1055
514505,979,1051
514506,976,1049
514507,975,1052
514508,979,1053
514509,976,1056
514510,977,1054
514511,975,1052
514512,973,1052
514513,971,1054
514514,976,1058
514515,976,1060
514516,980,1057
514517,979,1056
514518,976,1053
514519,976,1056
514520,977,1060
514521,981,1058
514522,980,1056
514523,976,1055
514524,971,1053
514525,975,1057
514526,978,1058
514527,983,1059
514528,980,1061
514529,974,1058
514530,968,1056
514531,972,1058
514532,977,1060
514533,982,1059
514534,977,1058
514535,976,1056
514536,976,1056
514537,976,1056
514538,977,1061
514539,982,1062
514540,980,1059
514541,976,1055
514542,970,1056
514543,971,1055
514544,973,1058
514545,974,1060
514546,975,1056
514547,973,1055
514548,969,1055
514549,969,1055
514550,969,1056
514551,974,1058
514552,972,1057
514553,972,1056
514554,972,1055
514555,975,1057
514556,978,1059
514557,981,1063
514558,977,1061
514559,972,1059
514560,974,1057
514561,973,1061
514562,974,1064
514563,977,1065
514564,977,1062
514565,975,1060
514566,973,1059
514567,972,1059
514568,977,1063
514569,979,1063
514570,976,1062
514571,975,1060
514572,973,1060
514573,973,1061
514574,974,1064
514575,973,1065
514576,976,1065
514577,973,1063
514578,974,1062
514579,975,1063
514580,977,1065
514581,983,1065
514582,982,1062
514583,977,1059
514584,973,1059
514585,972,1059
514586,975,1062
514587,978,1061
514588,980,1062
514589,979,1055
514590,974,1054
514591,974,1056
514592,976,1058
514593,981,1059
514594,983,1059
514595,981,1055
514596,979,1054
514597,981,1056
514598,982,1057
514599,983,1058
514600,983,1056
514601,980,1055
514602,980,1054
514603,980,1056
514604,984,1058
514605,985,1059
514606,987,1059
514607,985,1055
514608,984,1057
514609,984,1057
514610,988,1060
514611,989,1066
514612,989,1061
514613,988,1058
514614,986,1059
514615,984,1063
514616,983,1063
514617,988,1064
514618,987,1064
514619,986,1059
514620,984,1059
514621,985,1061
514622,985,1063
514623,986,1062
514624,989,1059
514625,985,1057
514626,985,1054
514627,985,1056
514628,989,1060
514629,992,1058
514630,992,1057
514631,988,1055
514632,987,1049
514633,988,1051
514634,995,1053
514635,1002,1051
514636,1013,1044
514637,1023,1042
514638,1039,1034
514639,1060,1034
514640,1090,1029
514641,1124,1023
514642,1163,1012
514643,1200,1003
514644,1241,1000
514645,1284,1004
514646,1322,1020
514647,1340,1035
514648,1325,1045
514649,1276,1049
514650,1212,1054
514651,1148,1064
514652,1085,1076
514653,1026,1085
514654,980,1088
514655,961,1086
514656,966,1082
514657,984,1074
514658,998,1069
514659,1007,1063
514660,1004,1056
514661,997,1053
514662,988,1054
514663,983,1055
514664,983,1059
514665,985,1061
514666,983,1058
514667,980,1056
514668,978,1057
514669,978,1059
514670,979,1060
514671,980,1064
514672,974,1059
514673,971,1057
514674,967,1056
514675,968,1060
514676,970,1061
514677,975,1061
514678,973,1062
514679,968,1058
514680,966,1055
514681,965,1059
514682,969,1062
514683,974,1062
514684,974,1059
514685,970,1056
514686,965,1057
514687,967,1059
514688,969,1063
514689,972,1063
514690,971,1063
514691,970,1060
514692,971,1059
514693,970,1059
514694,971,1061
514695,970,1062
514696,969,1063
514697,964,1058
514698,965,1057
514699,964,1059
514700,969,1061
514701,974,1062
514702,975,1061
514703,971,1059
514704,973,1054
514705,968,1058
514706,974,1060
514707,978,1058
514708,975,1056
514709,976,1053
514710,972,1051
514711,974,1051
514712,979,1055
514713,982,1058
514714,982,1052
514715,982,1048
514716,982,1044
514717,983,1047
514718,986,1048
514719,989,1046
514720,992,1044
514721,989,1039
514722,990,1035
514723,989,1037
514724,993,1038
514725,998,1038
514726,999,1034
514727,999,1031
514728,998,1027
514729,999,1029
514730,999,1028
514731,1005,1028
514732,1005,1024
514733,1005,1022
514734,1002,1018
514735,1003,1018
514736,1006,1020
514737,1009,1020
514738,1011,1018
514739,1010,1017
514740,1006,1016
514741,1008,1017
514742,1008,1021
514743,1014,1023
514744,1015,1020
514745,1016,1017
514746,1012,1020
514747,1011,1020
514748,1016,1024
514749,1020,1026
514750,1017,1022
514751,1019,1023
514752,1018,1023
514753,1021,1024
514754,1020,1027
514755,1022,1032
514756,1024,1031
514757,1020,1029
514758,1017,1031
514759,1016,1034
514760,1016,1038
514761,1018,1043
514762,1012,1042
514763,1012,1041
514764,1008,1040
514765,1007,1044
514766,1007,1051
514767,1009,1053
514768,1004,1050
514769,998,1052
514770,990,1051
514771,993,1054
514772,995,1057
514773,998,1059
514774,998,1058
514775,992,1053
514776,992,1054
514777,993,1059
514778,995,1059
514779,1000,1061
514780,1000,1060
514781,997,1055
514782,994,1056
514783,993,1057
514784,1002,1062
514785,1005,1061
514786,1008,1059
514787,1012,1056
514788,1011,1056
514789,1017,1058
514790,1023,1065
514791,1028,1064
514792,1029,1066
514793,1031,1062
514794,1033,1059
514795,1046,1061
514796,1062,1053
514797,1077,1042
514798,1089,1024
514799,1096,1009
514800,1108,993
514801,1120,984
514802,1140,973
514803,1159,960
514804,1175,944
514805,1189,926
514806,1203,904
514807,1222,886
514808,1245,869
514809,1266,855
514810,1282,842
514811,1286,831
514812,1282,824
514813,1281,824
514814,1279,827
514815,1278,824
514816,1269,821
514817,1260,817
514818,1241,814
514819,1211,817
514820,1190,821
514821,1168,831
514822,1142,837
514823,1112,845
514824,1084,854
514825,1064,869
514826,1055,885
514827,1053,902
514828,1053,916
514829,1051,928
514830,1044,939
514831,1036,954
514832,1039,966
514833,1046,977
514834,1058,985
514835,1074,993
514836,1086,997
514837,1095,1000
514838,1089,1008
514839,1072,1013
514840,1035,1023
514841,993,1031
514842,957,1044
514843,945,1063
514844,941,1076
514845,940,1091
514846,936,1092
514847,933,1096
514848,924,1098
514849,919,1103
514850,916,1107
514851,914,1112
514852,915,1113
514853,910,1112
514854,904,1113
514855,899,1115
514856,900,1120
514857,902,1127
514858,900,1126
514859,897,1125
514860,890,1124
514861,887,1131
514862,887,1133
514863,892,1138
514864,890,1136
514865,891,1135
514866,887,1135
514867,883,1139
514868,885,1142
514869,887,1146
514870,885,1146
514871,885,1145
514872,882,1147
514873,878,1151
514874,881,1154
514875,886,1157
514876,885,1157
514877,884,1157
514878,882,1155
514879,879,1159
514880,883,1163
514881,887,1166
514882,888,1164
514883,887,1166
514884,887,1168
514885,884,1171
514886,885,1174
514887,886,1177
514888,888,1177
514889,888,1176
514890,885,1179
514891,886,1184
514892,887,1188
514893,893,1189
514894,895,1190
514895,895,1188
514896,896,1187
514897,895,1189
514898,895,1192
514899,903,1196
514900,904,1193
514901,906,1192
514902,907,1192
514903,911,1193
514904,913,1194
514905,921,1192
514906,923,1191
514907,922,1188
514908,922,1183
514909,925,1188
514910,929,1183
514911,936,1183
514912,941,1176
514913,940,1170
514914,941,1166
514915,945,1164
514916,947,1160
514917,954,1155
514918,954,1149
514919,951,1142
514920,953,1137
514921,955,1134
514922,956,1131
514923,958,1128
514924,963,1119
514925,964,1112
514926,962,1104
514927,963,1104
514928,966,1100
514929,973,1099
514930,971,1089
514931,969,1086
514932,966,1083
514933,967,1080
514934,970,1078
514935,975,1080
514936,974,1076
514937,971,1074
514938,967,1069
514939,971,1069
514940,971,1071
514941,974,1071
514942,976,1067
514943,973,1065
514944,970,1061
514945,971,1066
514946,977,1067
514947,980,1066
514948,977,1066
514949,973,1062
514950,972,1061
514951,972,1061
514952,978,1061
514953,981,1062
514954,981,1056
514955,977,1055
514956,977,1055
514957,974,1054
514958,972,1056
514959,978,1058
514960,977,1057
514961,978,1055
514962,976,1053
514963,977,1054
514964,979,1055
514965,980,1057
514966,978,1057
514967,973,1055
514968,970,1053
514969,975,1056
514970,977,1055
514971,983,1058
514972,981,1057
514973,976,1052
514974,973,1052
514975,972,1055
514976,975,1058
514977,977,1056
514978,976,1057
514979,973,1055
514980,971,1053
514981,971,1058
514982,975,1059
514983,979,1062
514984,975,1057
514985,971,1057
514986,971,1056
514987,970,1055
514988,975,1058
514989,975,1061
514990,975,1059
514991,974,1056
514992,974,1052
514993,975,1056
514994,977,1059
514995,978,1060
514996,979,1057
514997,979,1053
514998,974,1053
514999,973,1056
515000,973,1057
515001,977,1059
515002,978,1057
515003,976,1055
515004,972,1054
515005,971,1056
515006,974,1058
515007,979,1056
515008,978,1056
515009,976,1052
515010,974,1051
515011,971,1054
515012,973,1059
515013,975,1059
515014,974,1054
515015,969,1055
515016,970,1051
515017,970,1054
515018,971,1055
515019,975,1057
515020,973,1058
515021,970,1055
515022,968,1052
515023,967,1055
515024,972,1055
515025,975,1055
515026,972,1054
515027,971,1052
515028,968,1047
515029,971,1053
515030,975,1057
515031,978,1058
515032,977,1056
515033,973,1050
515034,971,1051
515035,970,1053
515036,974,1057
515037,978,1056
515038,978,1057
515039,973,1052
515040,972,1053
515041,972,1056
515042,977,1057
515043,979,1055
515044,977,1055
515045,974,1050
515046,969,1054
515047,970,1056
515048,975,1060
515049,979,1063
515050,978,1059
515051,979,1057
515052,975,1056
515053,975,1057
515054,979,1060
515055,981,1058
515056,980,1059
515057,977,1056
515058,975,1055
515059,974,1058
515060,977,1060
515061,983,1060
515062,980,1058
515063,975,1054
515064,967,1057
515065,968,1058
515066,971,1061
515067,972,1060
515068,974,1060
515069,972,1055
515070,970,1054
515071,968,1056
515072,967,1061
515073,973,1061
515074,976,1057
515075,973,1055
515076,973,1054
515077,969,1056
515078,974,1058
515079,977,1059
515080,977,1060
515081,974,1054
515082,972,1055
515083,974,1058
515084,973,1061
515085,980,1060
515086,979,1057
515087,981,1055
515088,976,1052
515089,977,1054
515090,978,1054
515091,982,1058
515092,981,1056
515093,977,1055
515094,975,1053
515095,975,1055
515096,977,1058
515097,984,1060
515098,983,1056
515099,979,1054
515100,979,1053
515101,979,1057
515102,980,1061
515103,984,1059
515104,981,1055
515105,976,1055
515106,976,1054
515107,977,1058
515108,980,1058
515109,985,1059
515110,981,1057
515111,980,1054
515112,979,1056
515113,980,1056
515114,983,1060
515115,984,1060
515116,983,1058
515117,981,1054
515118,980,1054
515119,976,1056
515120,978,1054
515121,982,1055
515122,981,1055
515123,978,1051
515124,975,1049
515125,976,1053
515126,976,1055
515127,982,1056
515128,982,1054
515129,979,1054
515130,976,1050
515131,977,1052
515132,983,1054
515133,985,1058
515134,984,1055
515135,980,1050
515136,980,1049
515137,981,1053
515138,983,1054
515139,986,1053
515140,985,1053
515141,984,1051
515142,982,1050
515143,982,1053
515144,985,1057
515145,987,1057
515146,986,1060
515147,985,1056
515148,985,1055
515149,987,1059
515150,988,1059
515151,991,1060
515152,988,1058
515153,984,1056
515154,981,1055
515155,985,1059
515156,986,1059
515157,990,1059
515158,991,1055
515159,986,1054
515160,982,1054
515161,984,1056
515162,987,1059
515163,989,1058
515164,989,1054
515165,985,1051
515166,980,1051
515167,978,1051
515168,982,1054
515169,985,1054
515170,988,1051
515171,985,1049
515172,984,1048
515173,983,1048
515174,986,1052
515175,993,1050
515176,993,1047
515177,991,1045
515178,992,1045
515179,991,1045
515180,993,1048
515181,999,1046
515182,1003,1041
515183,1010,1037
515184,1017,1036
515185,1032,1034
515186,1055,1034
515187,1079,1031
515188,1105,1023
515189,1137,1009
515190,1171,995
515191,1205,989
515192,1243,989
515193,1280,990
515194,1307,1002
515195,1310,1014
515196,1286,1030
515197,1242,1040
515198,1193,1048
515199,1142,1058
515200,1090,1065
515201,1035,1072
515202,994,1078
515203,974,1081
515204,974,1085
515205,986,1079
515206,996,1069
515207,996,1059
515208,991,1051
515209,986,1054
515210,983,1057
515211,985,1058
515212,978,1055
515213,972,1051
515214,969,1051
515215,967,1053
515216,972,1056
515217,975,1054
515218,973,1054
515219,967,1053
515220,964,1050
515221,962,1055
515222,964,1056
515223,968,1057
515224,967,1057
515225,965,1054
515226,965,1053
515227,967,1054
515228,965,1056
515229,970,1058
515230,969,1054
515231,968,1053
515232,963,1054
515233,966,1054
515234,965,1061
515235,969,1060
515236,967,1059
515237,966,1058
515238,963,1056
515239,967,1056
515240,968,1062
515241,972,1061
515242,968,1059
515243,966,1055
515244,962,1056
515245,961,1055
515246,966,1058
515247,969,1059
515248,964,1058
515249,963,1056
515250,959,1057
515251,962,1056
515252,963,1058
515253,972,1058
515254,973,1055
515255,971,1054
515256,970,1051
515257,974,1052
515258,975,1053
515259,978,1050
515260,979,1050
515261,975,1048
515262,970,1047
515263,971,1048
515264,973,1050
515265,975,1049
515266,973,1049
515267,972,1045
515268,972,1043
515269,974,1044
515270,980,1047
515271,985,1047
515272,980,1042
515273,978,1041
515274,978,1038
515275,981,1040
515276,983,1041
515277,985,1041
515278,984,1037
515279,980,1032
515280,981,1033
515281,980,1033
515282,987,1035
515283,992,1035
515284,994,1034
515285,991,1027
515286,992,1024
515287,993,1026
515288,993,1027
515289,996,1028
515290,997,1024
515291,999,1022
515292,999,1021
515293,996,1021
515294,1002,1023
515295,1008,1025
515296,1011,1021
515297,1007,1018
515298,1005,1016
515299,1007,1018
515300,1012,1019
515301,1016,1019
515302,1018,1018
515303,1018,1015
515304,1015,1017
515305,1017,1020
515306,1024,1019
515307,1027,1020
515308,1032,1020
515309,1029,1019
515310,1027,1018
515311,1028,1020
515312,1031,1023
515313,1032,1023
515314,1030,1023
515315,1026,1021
515316,1024,1023
515317,1023,1026
515318,1022,1031
515319,1023,1033
515320,1021,1033
515321,1018,1032
515322,1012,1032
515323,1008,1037
515324,1007,1039
515325,1011,1043
515326,1014,1043
515327,1011,1042
515328,1008,1043
515329,1005,1046
515330,1004,1048
515331,1001,1051
515332,997,1050
515333,995,1047
515334,995,1045
515335,994,1046
515336,997,1053
515337,998,1052
515338,998,1049
515339,996,1050
515340,990,1049
515341,991,1051
515342,994,1053
515343,998,1055
515344,997,1050
515345,993,1050
515346,987,1049
515347,986,1051
515348,992,1052
515349,995,1052
515350,992,1052
515351,987,1046
515352,985,1047
515353,986,1049
515354,989,1049
515355,994,1050
515356,991,1046
515357,986,1043
515358,981,1045
515359,985,1046
515360,988,1049
515361,991,1048
515362,990,1044
515363,991,1040
515364,986,1042
515365,988,1044
515366,992,1048
515367,994,1048
515368,994,1046
515369,992,1043
515370,989,1041
515371,990,1043
515372,992,1045
515373,993,1048
515374,993,1043
515375,995,1042
515376,991,1043
515377,991,1046
515378,990,1046
515379,991,1050
515380,991,1047
515381,989,1045
515382,984,1044
515383,983,1045
515384,987,1050
515385,990,1050
515386,991,1047
515387,990,1047
515388,987,1043
515389,985,1046
515390,987,1051
515391,991,1051
515392,990,1048
515393,986,1046
515394,983,1044
515395,981,1045
515396,981,1049
515397,987,1051
515398,985,1049
515399,979,1045
515400,978,1045
515401,975,1046
515402,978,1048
515403,983,1049
515404,981,1047
515405,979,1045
515406,976,1045
515407,977,1042
515408,976,1045
515409,982,1044
515410,983,1044
515411,982,1042
515412,977,1043
515413,978,1045
515414,981,1046
515415,981,1049
515416,979,1046
515417,976,1045
515418,976,1048
515419,980,1050
515420,982,1056
515421,981,1056
515422,982,1055
515423,982,1053
515424,982,1051
515425,984,1051
515426,985,1056
515427,991,1053
515428,989,1050
515429,986,1051
515430,982,1050
515431,984,1049
515432,984,1052
515433,984,1054
515434,983,1053
515435,981,1050
515436,979,1049
515437,979,1054
515438,983,1055
515439,985,1055
515440,985,1053
515441,984,1051
515442,980,1048
515443,974,1050
515444,981,1052
515445,981,1052
515446,979,1050
515447,980,1049
515448,977,1050
515449,978,1050
515450,979,1052
515451,975,1050
515452,974,1046
515453,975,1045
515454,972,1044
515455,970,1048
515456,976,1049
515457,979,1051
515458,978,1047
515459,973,1047
515460,973,1044
515461,976,1047
515462,980,1048
515463,981,1050
515464,982,1044
515465,979,1042
515466,978,1043
515467,979,1045
515468,979,1046
515469,982,1047
515470,978,1047
515471,974,1042
515472,977,1043
515473,978,1048
515474,981,1050
515475,986,1050
515476,986,1050
515477,983,1046
515478,980,1050
515479,981,1052
515480,986,1053
515481,988,1053
515482,987,1053
515483,983,1048
515484,978,1050
515485,981,1052
515486,987,1056
515487,991,1055
515488,988,1055
515489,987,1052
515490,982,1051
515491,983,1053
515492,983,1057
515493,986,1055
515494,985,1053
515495,979,1050
515496,980,1050
515497,980,1051
515498,983,1052
515499,988,1054
515500,987,1051
515501,983,1047
515502,979,1047
515503,978,1050
515504,979,1053
515505,984,1050
515506,985,1049
515507,983,1047
515508,977,1046
515509,978,1048
515510,979,1050
515511,984,1050
515512,985,1047
515513,984,1044
515514,980,1040
515515,979,1045
515516,979,1046
515517,983,1046
515518,985,1047
515519,979,1044
515520,978,1045
515521,981,1049
515522,984,1049
515523,986,1049
515524,983,1048
515525,983,1049
515526,982,1046
515527,982,1049
515528,984,1051
515529,987,1051
515530,988,1051
515531,984,1048
515532,982,1048
515533,983,1047
515534,982,1050
515535,985,1049
515536,986,1050
515537,985,1046
515538,982,1046
515539,982,1047
515540,985,1048
515541,989,1046
515542,987,1046
515543,982,1044
515544,981,1043
515545,980,1046
515546,982,1050
515547,989,1050
515548,989,1050
515549,987,1046
515550,984,1048
515551,981,1049
515552,983,1054
515553,985,1052
515554,986,1051
515555,982,1047
515556,978,1048
515557,982,1049
515558,984,1050
515559,988,1048
515560,989,1046
515561,986,1042
515562,981,1041
515563,983,1045
515564,985,1043
515565,986,1046
515566,988,1044
515567,986,1042
515568,984,1043
515569,983,1048
515570,982,1049
515571,986,1050
515572,986,1047
515573,984,1044
515574,980,1045
515575,980,1047
515576,986,1050
515577,986,1050
515578,988,1048
515579,985,1044
515580,983,1042
515581,985,1044
515582,985,1045
515583,987,1045
515584,988,1042
515585,984,1039
515586,981,1038
515587,985,1040
515588,987,1043
515589,987,1043
515590,987,1039
515591,984,1041
515592,984,1041
515593,986,1041
515594,991,1046
515595,996,1044
515596,992,1044
515597,993,1039
515598,991,1043
515599,991,1044
515600,990,1050
515601,993,1049
515602,991,1047
515603,992,1045
515604,990,1044
515605,990,1044
515606,993,1049
515607,995,1046
515608,993,1047
515609,991,1043
515610,988,1041
515611,991,1043
515612,992,1045
515613,993,1044
515614,993,1044
515615,990,1042
515616,987,1041
515617,990,1044
515618,992,1046
515619,991,1047
515620,992,1044
515621,991,1041
515622,992,1044
515623,992,1045
515624,993,1045
515625,995,1043
515626,992,1040
515627,988,1038
515628,985,1037
515629,984,1039
515630,989,1043
515631,991,1041
515632,991,1040
515633,987,1038
515634,986,1039
515635,987,1043
515636,992,1044
515637,994,1044
515638,994,1042
515639,990,1039
515640,984,1040
515641,985,1040
515642,993,1045
515643,997,1046
515644,995,1047
515645,994,1040
515646,991,1042
515647,991,1044
515648,996,1046
515649,999,1046
515650,1000,1044
515651,996,1040
515652,995,1040
515653,994,1044
515654,998,1044
515655,1000,1044
515656,1002,1042
515657,999,1040
515658,994,1040
515659,995,1040
515660,997,1039
515661,999,1038
515662,1003,1030
515663,1009,1027
515664,1019,1023
515665,1036,1021
515666,1059,1021
515667,1085,1018
515668,1109,1008
515669,1138,993
515670,1171,981
515671,1207,977
515672,1244,975
515673,1285,978
515674,1315,984
515675,1325,998
515676,1308,1013
515677,1271,1023
515678,1221,1030
515679,1169,1037
515680,1115,1043
515681,1055,1051
515682,1009,1058
515683,978,1069
515684,971,1074
515685,979,1069
515686,988,1060
515687,995,1051
515688,995,1044
515689,997,1045
515690,994,1046
515691,993,1045
515692,990,1042
515693,985,1042
515694,984,1042
515695,981,1044
515696,981,1047
515697,985,1045
515698,985,1045
515699,983,1040
515700,980,1040
515701,981,1044
515702,980,1042
515703,978,1048
515704,978,1045
515705,976,1041
515706,967,1043
515707,968,1045
515708,972,1046
515709,975,1046
515710,973,1044
515711,971,1043
515712,969,1042
515713,972,1044
515714,971,1046
515715,973,1046
515716,971,1044
515717,965,1040
515718,964,1039
515719,967,1041
515720,968,1047
515721,970,1046
515722,971,1044
515723,967,1042
515724,961,1044
515725,965,1044
515726,970,1047
515727,973,1047
515728,974,1045
515729,969,1042
515730,964,1042
515731,966,1043
515732,969,1045
515733,973,1046
515734,975,1044
515735,970,1040
515736,966,1039
515737,968,1041
515738,972,1042
515739,971,1042
515740,973,1039
515741,971,1039
515742,969,1037
515743,968,1037
515744,971,1039
515745,974,1037
515746,973,1036
515747,976,1033
515748,976,1033
515749,979,1034
515750,983,1036
515751,986,1034
515752,985,1032
515753,984,1029
515754,985,1028
515755,992,1028
515756,994,1029
515757,997,1025
515758,994,1019
515759,994,1016
515760,994,1014
515761,994,1016
515762,998,1018
515763,1001,1018
515764,1000,1015
515765,997,1011
515766,995,1012
515767,994,1013
515768,998,1016
515769,1000,1016
515770,998,1014
515771,997,1010
515772,998,1007
515773,1001,1011
515774,1004,1014
515775,1006,1013
515776,1005,1012
515777,1002,1010
515778,999,1008
515779,998,1010
515780,1000,1012
515781,1008,1012
515782,1008,1009
515783,1007,1006
515784,1008,1006
515785,1009,1011
515786,1012,1012
515787,1011,1012
515788,1009,1011
515789,1007,1009
515790,1007,1012
515791,1009,1014
515792,1012,1018
515793,1016,1021
515794,1015,1017
515795,1012,1018
515796,1007,1018
515797,1007,1023
515798,1009,1027
515799,1014,1030
515800,1014,1029
515801,1006,1029
515802,1002,1032
515803,1002,1035
515804,1001,1039
515805,1001,1041
515806,1000,1041
515807,997,1039
515808,992,1039
515809,990,1044
515810,997,1044
515811,997,1043
515812,997,1042
515813,990,1039
515814,986,1039
515815,987,1041
515816,987,1044
515817,991,1041
515818,988,1039
515819,984,1037
515820,982,1038
515821,981,1040
515822,986,1045
515823,990,1041
515824,986,1040
515825,984,1036
515826,981,1039
515827,983,1039
515828,986,1042
515829,989,1044
515830,988,1042
515831,986,1040
515832,983,1039
515833,982,1039
515834,987,1040
515835,988,1038
515836,990,1036
515837,987,1034
515838,986,1032
515839,987,1033
515840,990,1037
515841,991,1036
515842,992,1039
515843,991,1035
515844,989,1034
515845,989,1038
515846,992,1039
515847,996,1041
515848,997,1041
515849,995,1037
515850,992,1038
515851,990,1039
515852,989,1043
515853,988,1044
515854,990,1041
515855,987,1037
515856,983,1038
515857,989,1039
515858,988,1041
515859,989,1041
515860,988,1038
515861,988,1038
515862,984,1034
515863,983,1039
515864,984,1041
515865,991,1041
515866,986,1038
515867,981,1035
515868,980,1035
515869,980,1037
515870,981,1041
515871,983,1037
515872,982,1040
515873,979,1037
515874,979,1040
515875,982,1040
515876,982,1043
515877,987,1043
515878,987,1042
515879,987,1038
515880,982,1040
515881,980,1041
515882,979,1045
515883,982,1045
515884,979,1043
515885,978,1042
515886,978,1041
515887,984,1044
515888,986,1045
515889,988,1045
515890,987,1043
515891,981,1040
515892,980,1041
515893,983,1047
515894,988,1049
515895,989,1047
515896,987,1045
515897,983,1044
515898,981,1045
515899,987,1046
515900,987,1048
515901,990,1047
515902,990,1044
515903,985,1043
515904,983,1043
515905,984,1045
515906,984,1044
515907,988,1043
515908,985,1041
515909,984,1037
515910,982,1039
515911,987,1039
515912,989,1044
515913,991,1042
515914,993,1039
515915,991,1036
515916,991,1035
515917,988,1035
515918,985,1036
515919,988,1034
515920,992,1028
515921,999,1027
515922,1010,1021
515923,1020,1022
515924,1037,1022
515925,1062,1019
515926,1090,1013
515927,1123,1000
515928,1165,990
515929,1211,985
515930,1258,990
515931,1299,999
515932,1322,1018
515933,1313,1032
515934,1277,1040
515935,1227,1046
515936,1172,1054
515937,1115,1064
515938,1045,1080
515939,989,1088
515940,951,1098
515941,946,1103
515942,962,1103
515943,976,1087
515944,982,1076
515945,983,1063
515946,984,1057
515947,987,1055
515948,985,1052
515949,985,1051
515950,982,1047
515951,978,1044
515952,973,1041
515953,972,1043
515954,973,1047
515955,975,1046
515956,974,1044
515957,973,1044
515958,967,1042
515959,968,1042
515960,968,1044
515961,973,1041
515962,972,1040
515963,969,1035
515964,967,1037
515965,968,1038
515966,968,1041
515967,970,1043
515968,972,1041
515969,967,1039
515970,968,1037
515971,969,1040
515972,969,1042
515973,972,1042
515974,970,1039
515975,972,1036
515976,970,1037
515977,969,1037
515978,972,1040
515979,975,1042
515980,976,1039
515981,975,1037
515982,973,1040
515983,974,1044
515984,974,1047
515985,978,1048
515986,978,1047
515987,977,1042
515988,974,1043
515989,975,1045
515990,979,1048
515991,982,1048
515992,985,1042
515993,980,1041
515994,977,1036
515995,978,1039
515996,980,1040
515997,982,1037
515998,986,1034
515999,985,1031
516000,981,1028
516001,983,1031
516002,986,1029
516003,990,1027
516004,992,1023
516005,988,1021
516006,985,1019
516007,986,1019
516008,990,1021
516009,998,1019
516010,997,1014
516011,995,1012
516012,993,1010
516013,992,1012
516014,998,1008
516015,1003,1008
516016,1005,1008
516017,1006,1003
516018,1002,999
516019,1005,1001
516020,1004,1000
516021,1008,1000
516022,1010,997
516023,1008,993
516024,1006,992
516025,1012,993
516026,1015,994
516027,1018,994
516028,1018,993
516029,1020,988
516030,1019,990
516031,1022,993
516032,1020,994
516033,1024,997
516034,1022,995
516035,1021,995
516036,1018,997
516037,1018,1000
516038,1021,1007
516039,1024,1009
516040,1022,1007
516041,1019,1010
516042,1015,1012
516043,1014,1017
516044,1016,1021
516045,1017,1023
516046,1014,1024
516047,1011,1024
516048,1005,1026
516049,1003,1030
516050,1004,1038
516051,1005,1041
516052,1002,1038
516053,998,1038
516054,995,1039
516055,994,1041
516056,993,1046
516057,995,1045
516058,993,1046
516059,990,1044
516060,987,1046
516061,986,1047
516062,988,1050
516063,986,1051
516064,988,1050
516065,988,1046
516066,985,1046
516067,986,1047
516068,987,1049
516069,985,1050
516070,984,1048
516071,985,1045
516072,983,1047
516073,986,1046
516074,989,1050
516075,992,1050
516076,987,1048
516077,986,1047
516078,984,1045
516079,984,1045
516080,989,1046
516081,994,1045
516082,995,1043
516083,991,1040
516084,986,1040
516085,989,1043
516086,991,1045
516087,994,1047
516088,994,1046
516089,994,1043
516090,990,1043
516091,991,1045
516092,993,1051
516093,994,1050
516094,992,1050
516095,989,1047
516096,987,1045
516097,988,1049
516098,989,1050
516099,990,1052
516100,986,1052
516101,985,1049
516102,986,1050
516103,987,1050
516104,989,1054
516105,990,1053
516106,988,1049
516107,986,1047
516108,982,1049
516109,984,1048
516110,988,1052
516111,988,1050
516112,986,1047
516113,981,1043
516114,978,1046
516115,981,1048
516116,982,1051
516117,986,1047
516118,982,1048
516119,981,1043
516120,975,1043
516121,978,1046
516122,984,1047
516123,988,1048
516124,987,1047
516125,987,1045
516126,985,1041
516127,983,1046
516128,988,1045
516129,988,1045
516130,986,1044
516131,986,1041
516132,979,1043
516133,984,1046
516134,985,1048
516135,987,1046
516136,989,1047
516137,987,1044
516138,984,1047
516139,987,1047
516140,988,1052
516141,991,1050
516142,992,1052
516143,987,1048
516144,984,1048
516145,985,1052
516146,985,1054
516147,990,1058
516148,988,1056
516149,986,1054
516150,987,1052
516151,984,1052
516152,987,1056
516153,988,1055
516154,988,1053
516155,988,1050
516156,982,1052
516157,981,1053
516158,987,1056
516159,986,1053
516160,987,1052
516161,982,1047
516162,980,1048
516163,984,1049
516164,985,1051
516165,986,1051
516166,983,1048
516167,981,1045
516168,981,1042
516169,981,1045
516170,985,1046
516171,988,1046
516172,988,1046
516173,985,1042
516174,981,1042
516175,985,1046
516176,987,1049
516177,989,1050
516178,986,1047
516179,985,1044
516180,982,1043
516181,985,1049
516182,987,1048
516183,990,1049
516184,988,1046
516185,986,1044
516186,982,1047
516187,985,1050
516188,987,1052
516189,990,1052
516190,986,1050
516191,986,1049
516192,982,1051
516193,983,1053
516194,987,1056
516195,991,1054
516196,992,1052
516197,987,1049
516198,987,1049
516199,988,1054
516200,992,1055
516201,993,1055
516202,995,1053
516203,992,1049
516204,991,1047
516205,990,1049
516206,991,1051
516207,996,1047
516208,999,1042
516209,1004,1038
516210,1013,1035
516211,1030,1031
516212,1055,1030
516213,1081,1024
516214,1110,1016
516215,1143,996
516216,1185,983
516217,1230,980
516218,1275,985
516219,1310,996
516220,1323,1013
516221,1306,1025
516222,1261,1033
516223,1204,1043
516224,1143,1059
516225,1086,1070
516226,1028,1078
516227,986,1084
516228,968,1082
516229,974,1081
516230,990,1075
516231,1004,1066
516232,1006,1053
516233,997,1047
516234,988,1049
516235,984,1051
516236,983,1053
516237,982,1056
516238,981,1054
516239,975,1053
516240,969,1055
516241,971,1057
516242,973,1057
516243,970,1057
516244,967,1055
516245,968,1054
516246,967,1054
516247,965,1054
516248,969,1057
516249,970,1054
516250,970,1052
516251,967,1051
516252,962,1051
516253,962,1054
516254,965,1057
516255,969,1054
516256,966,1051
516257,964,1048
516258,961,1047
516259,962,1051
516260,967,1053
516261,970,1051
516262,969,1050
516263,969,1048
516264,967,1047
516265,968,1049
516266,972,1050
516267,975,1050
516268,975,1050
516269,974,1047
516270,976,1044
516271,971,1047
516272,972,1048
516273,973,1048
516274,972,1047
516275,972,1044
516276,972,1042
516277,975,1045
516278,976,1046
516279,977,1047
516280,978,1047
516281,978,1043
516282,977,1042
516283,979,1042
516284,981,1045
516285,986,1046
516286,986,1043
516287,984,1042
516288,979,1038
516289,984,1041
516290,987,1042
516291,991,1043
516292,992,1037
516293,993,1033
516294,993,1034
516295,998,1031
516296,1004,1034
516297,1005,1031
516298,1005,1027
516299,1003,1022
516300,1000,1020
516301,1003,1023
516302,1007,1024
516303,1012,1021
516304,1013,1017
516305,1011,1013
516306,1006,1015
516307,1008,1015
516308,1011,1016
516309,1016,1014
516310,1017,1011
516311,1014,1009
516312,1014,1009
516313,1016,1009
516314,1020,1011
516315,1024,1012
516316,1020,1012
516317,1020,1008
516318,1018,1008
516319,1018,1012
516320,1017,1014
516321,1018,1017
516322,1019,1016
516323,1017,1014
516324,1015,1016
516325,1015,1023
516326,1017,1027
516327,1019,1028
516328,1017,1031
516329,1011,1028
516330,1010,1029
516331,1007,1036
516332,1007,1039
516333,1008,1042
516334,1005,1041
516335,1000,1044
516336,997,1045
516337,997,1047
516338,1000,1053
516339,1001,1052
516340,998,1049
516341,994,1050
516342,990,1049
516343,990,1054
516344,988,1056
516345,993,1056
516346,995,1054
516347,993,1051
516348,988,1053
516349,990,1054
516350,989,1057
516351,993,1058
516352,992,1053
516353,987,1052
516354,983,1050
516355,988,1052
516356,992,1053
516357,995,1053
516358,993,1050
516359,992,1046
516360,989,1045
516361,989,1047
516362,991,1050
516363,994,1048
516364,993,1046
516365,992,1045
516366,991,1043
516367,993,1045
516368,996,1048
516369,999,1048
516370,997,1046
516371,996,1042
516372,991,1045
516373,991,1044
516374,993,1051
516375,996,1050
516376,991,1048
516377,989,1045
516378,985,1046
516379,988,1047
516380,990,1052
516381,994,1050
516382,992,1051
516383,991,1048
516384,989,1047
516385,988,1048
516386,989,1050
516387,993,1052
516388,993,1049
516389,991,1047
516390,986,1047
516391,990,1053
516392,991,1052
516393,993,1055
516394,991,1053
516395,989,1050
516396,986,1051
516397,987,1051
516398,990,1057
516399,991,1059
516400,990,1055
516401,985,1049
516402,983,1051
516403,983,1050
516404,987,1052
516405,992,1048
516406,989,1044
516407,986,1042
516408,986,1042
516409,986,1041
516410,984,1045
516411,989,1045
516412,988,1043
516413,984,1040
516414,984,1040
516415,988,1044
516416,991,1045
516417,992,1045
516418,990,1044
516419,990,1044
516420,986,1045
516421,990,1049
516422,990,1050
516423,989,1051
516424,987,1049
516425,983,1048
516426,983,1051
516427,984,1051
516428,987,1054
516429,987,1052
516430,988,1052
516431,986,1048
516432,979,1051
516433,979,1052
516434,980,1056
516435,986,1057
516436,987,1053
516437,983,1049
516438,981,1051
516439,982,1053
516440,982,1057
516441,986,1057
516442,985,1054
516443,986,1049
516444,979,1053
516445,983,1055
516446,981,1057
516447,985,1058
516448,985,1056
516449,983,1053
516450,980,1050
516451,983,1054
516452,986,1054
516453,988,1052
516454,989,1050
516455,988,1046
516456,986,1045
516457,985,1046
516458,984,1048
516459,985,1050
516460,983,1048
516461,981,1046
516462,979,1049
516463,985,1048
516464,985,1048
516465,989,1051
516466,985,1048
516467,985,1045
516468,982,1047
516469,980,1049
516470,983,1052
516471,986,1052
516472,986,1052
516473,983,1048
516474,982,1048
516475,984,1050
516476,989,1053
516477,990,1055
516478,990,1052
516479,983,1051
516480,985,1051
516481,984,1053
516482,986,1055
516483,991,1055
516484,991,1053
516485,988,1049
516486,986,1050
516487,983,1052
516488,986,1055
516489,987,1056
516490,987,1053
516491,983,1051
516492,980,1048
516493,984,1050
516494,988,1051
516495,986,1051
516496,986,1048
516497,987,1045
516498,985,1045
516499,987,1047
516500,988,1048
516501,993,1047
516502,992,1045
516503,990,1042
516504,987,1043
516505,987,1045
516506,992,1047
516507,993,1046
516508,991,1043
516509,988,1038
516510,986,1042
516511,985,1045
516512,988,1047
516513,991,1048
516514,991,1046
516515,994,1043
516516,992,1045
516517,994,1043
516518,994,1049
516519,998,1048
516520,992,1045
516521,989,1043
516522,991,1042
516523,994,1042
516524,997,1041
516525,1008,1038
516526,1021,1035
516527,1036,1029
516528,1051,1025
516529,1076,1024
516530,1111,1019
516531,1148,1009
516532,1187,993
516533,1225,985
516534,1266,984
516535,1302,995
516536,1326,1010
516537,1321,1024
516538,1282,1030
516539,1223,1036
516540,1153,1044
516541,1092,1056
516542,1036,1069
516543,999,1074
516544,978,1075
516545,976,1070
516546,985,1065
516547,995,1056
516548,999,1054
516549,1000,1050
516550,992,1048
516551,991,1045
516552,986,1048
516553,982,1048
516554,980,1049
516555,978,1049
516556,978,1049
516557,974,1046
516558,972,1045
516559,970,1048
516560,971,1050
516561,973,1051
516562,969,1049
516563,971,1045
516564,966,1049
516565,967,1049
516566,968,1052
516567,972,1052
516568,970,1051
516569,968,1048
516570,965,1049
516571,965,1051
516572,970,1056
516573,972,1055
516574,971,1054
516575,968,1047
516576,971,1047
516577,972,1050
516578,977,1051
516579,979,1051
516580,976,1049
516581,970,1045
516582,972,1048
516583,971,1050
516584,975,1053
516585,978,1055
516586,979,1050
516587,976,1046
516588,974,1046
516589,973,1047
516590,974,1052
516591,979,1051
516592,981,1046
516593,979,1044
516594,974,1043
516595,973,1045
516596,977,1049
516597,980,1047
516598,981,1044
516599,980,1039
516600,978,1038
516601,982,1040
516602,984,1041
516603,985,1039
516604,986,1035
516605,983,1033
516606,982,1031
516607,985,1032
516608,988,1035
516609,991,1033
516610,992,1029
516611,992,1024
516612,990,1026
516613,995,1026
516614,998,1024
516615,1004,1024
516616,1005,1018
516617,1007,1015
516618,1007,1014
516619,1009,1016
516620,1011,1018
516621,1014,1017
516622,1011,1015
516623,1008,1014
516624,1005,1015
516625,1008,1018
516626,1009,1018
516627,1016,1019
516628,1019,1018
516629,1016,1016
516630,1015,1018
516631,1018,1019
516632,1018,1019
516633,1025,1019
516634,1022,1017
516635,1019,1016
516636,1016,1017
516637,1018,1018
516638,1021,1023
516639,1023,1023
516640,1016,1023
516641,1018,1022
516642,1018,1022
516643,1018,1025
516644,1017,1031
516645,1016,1028
516646,1014,1030
516647,1008,1030
516648,1004,1031
516649,1005,1035
516650,1008,1040
516651,1005,1040
516652,1004,1040
516653,1000,1036
516654,995,1038
516655,995,1040
516656,994,1043
516657,997,1043
516658,996,1039
516659,991,1038
516660,987,1041
516661,989,1045
516662,990,1047
516663,995,1050
516664,994,1046
516665,987,1044
516666,984,1044
516667,984,1049
516668,988,1049
516669,990,1052
516670,984,1048
516671,982,1047
516672,983,1048
516673,983,1046
516674,989,1051
516675,992,1051
516676,992,1050
516677,990,1046
516678,986,1049
516679,987,1048
516680,990,1051
516681,991,1050
516682,990,1050
516683,988,1046
516684,989,1048
516685,990,1049
516686,992,1052
516687,995,1051
516688,994,1048
516689,990,1045
516690,987,1045
516691,986,1051
516692,991,1050
516693,993,1051
516694,991,1050
516695,991,1046
516696,988,1045
516697,986,1048
516698,991,1050
516699,996,1047
516700,996,1044
516701,995,1042
516702,992,1041
516703,992,1044
516704,994,1044
516705,997,1044
516706,996,1041
516707,991,1041
516708,989,1040
516709,991,1042
516710,994,1045
516711,995,1042
516712,991,1042
516713,991,1039
516714,989,1039
516715,990,1040
516716,991,1043
516717,992,1044
516718,990,1044
516719,991,1041
516720,988,1042
516721,983,1042
516722,985,1046
516723,987,1046
516724,992,1044
516725,987,1040
516726,984,1040
516727,984,1043
516728,987,1047
516729,988,1049
516730,985,1046
516731,980,1046
516732,979,1044
516733,983,1047
516734,988,1049
516735,988,1048
516736,987,1046
516737,987,1043
516738,985,1045
516739,982,1044
516740,985,1048
516741,987,1049
516742,983,1048
516743,984,1043
516744,982,1044
516745,985,1046
516746,989,1049
516747,992,1048
516748,986,1046
516749,981,1044
516750,981,1044
516751,984,1046
516752,987,1050
516753,989,1050
516754,990,1043
516755,986,1043
516756,984,1043
516757,978,1045
516758,986,1047
516759,989,1045
516760,991,1042
516761,987,1038
516762,984,1040
516763,984,1041
516764,984,1043
516765,988,1042
516766,986,1042
516767,985,1038
516768,984,1038
516769,984,1040
516770,984,1046
516771,990,1043
516772,989,1041
516773,991,1036
516774,988,1037
516775,987,1039
516776,989,1044
516777,990,1042
516778,991,1040
516779,987,1039
516780,985,1038
516781,988,1042
516782,992,1043
516783,994,1040
516784,995,1035
516785,1000,1029
516786,1007,1026
516787,1022,1024
516788,1038,1028
516789,1062,1025
516790,1088,1018
516791,1115,1007
516792,1154,995
516793,1196,986
516794,1243,983
516795,1291,985
516796,1318,995
516797,1325,1008
516798,1301,1020
516799,1255,1028
516800,1194,1037
516801,1134,1051
516802,1067,1060
516803,1001,1070
516804,959,1081
516805,953,1085
516806,966,1081
516807,980,1072
516808,989,1059
516809,990,1048
516810,987,1043
516811,987,1045
516812,986,1047
516813,986,1047
516814,978,1043
516815,972,1041
516816,967,1041
516817,966,1042
516818,970,1044
516819,972,1045
516820,970,1042
516821,968,1042
516822,966,1043
516823,966,1042
516824,966,1045
516825,969,1047
516826,967,1043
516827,967,1040
516828,967,1043
516829,968,1042
516830,972,1046
516831,970,1046
516832,972,1044
516833,968,1043
516834,965,1042
516835,964,1044
516836,966,1046
516837,970,1044
516838,971,1045
516839,969,1041
516840,968,1040
516841,968,1044
516842,972,1045
516843,972,1042
516844,972,1041
516845,971,1039
516846,970,1039
516847,970,1041
516848,969,1046
516849,977,1044
516850,975,1042
516851,973,1038
516852,970,1040
516853,972,1041
516854,974,1043
516855,977,1042
516856,975,1041
516857,974,1035
516858,976,1034
516859,978,1037
516860,981,1034
516861,983,1032
516862,983,1033
516863,981,1028
516864,980,1027
516865,983,1027
516866,986,1030
516867,984,1027
516868,986,1023
516869,984,1019
516870,982,1016
516871,987,1017
516872,991,1018
516873,993,1017
516874,993,1015
516875,993,1010
516876,995,1009
516877,998,1011
516878,998,1013
516879,1000,1010
516880,1000,1007
516881,998,1007
516882,1000,1003
516883,1000,1004
516884,1003,1004
516885,1005,1005
516886,1004,1002
516887,1005,999
516888,1005,998
516889,1007,1001
516890,1010,1003
516891,1017,1005
516892,1014,1002
516893,1010,999
516894,1008,1001
516895,1008,1004
516896,1013,1009
516897,1016,1011
516898,1016,1008
516899,1015,1006
516900,1010,1009
516901,1013,1011
516902,1016,1016
516903,1017,1016
516904,1014,1011
516905,1013,1014
516906,1010,1017
516907,1009,1017
516908,1006,1023
516909,1006,1024
516910,1003,1023
516911,999,1022
516912,997,1023
516913,995,1025
516914,994,1030
516915,992,1031
516916,990,1031
516917,990,1029
516918,988,1030
516919,987,1036
516920,988,1037
516921,988,1036
516922,989,1035
516923,985,1030
516924,987,1033
516925,986,1038
516926,984,1040
516927,988,1042
516928,985,1040
516929,983,1039
516930,977,1042
516931,981,1045
516932,981,1046
516933,983,1045
516934,986,1046
516935,983,1043
516936,985,1039
516937,985,1041
516938,992,1045
516939,995,1048
516940,992,1046
516941,985,1045
516942,983,1044
516943,984,1048
516944,987,1050
516945,992,1051
516946,991,1051
516947,991,1045
516948,991,1047
516949,992,1047
516950,992,1051
516951,995,1050
516952,992,1046
516953,986,1044
516954,986,1044
516955,985,1045
516956,990,1045
516957,987,1043
516958,987,1040
516959,986,1035
516960,981,1035
516961,980,1035
516962,983,1038
516963,982,1036
516964,983,1035
516965,981,1031
516966,984,1032
516967,985,1032
516968,986,1035
516969,985,1033
516970,984,1032
516971,980,1032
516972,978,1030
516973,980,1033
516974,986,1036
516975,991,1036
516976,986,1034
516977,987,1033
516978,980,1035
516979,982,1036
516980,983,1039
516981,982,1041
516982,980,1037
516983,981,1036
516984,978,1038
516985,979,1041
516986,982,1044
516987,986,1043
516988,988,1042
516989,985,1044
516990,982,1045
516991,983,1048
516992,985,1050
516993,988,1047
516994,985,1047
516995,983,1043
516996,979,1042
516997,984,1046
516998,986,1046
516999,989,1045
517000,988,1044
517001,985,1041
517002,983,1043
517003,984,1043
517004,985,1047
517005,985,1044
517006,982,1041
517007,979,1040
517008,977,1040
517009,978,1042
517010,979,1044
517011,979,1043
517012,978,1043
517013,975,1036
517014,975,1035
517015,975,1039
517016,976,1041
517017,979,1041
517018,977,1039
517019,977,1036
517020,976,1035
517021,974,1036
517022,976,1044
517023,980,1041
517024,980,1037
517025,976,1035
517026,975,1036
517027,977,1040
517028,980,1043
517029,983,1042
517030,982,1042
517031,979,1037
517032,976,1037
517033,976,1041
517034,980,1042
517035,983,1042
517036,982,1039
517037,980,1036
517038,976,1038
517039,976,1038
517040,977,1045
517041,983,1045
517042,986,1044
517043,986,1039
517044,984,1040
517045,982,1043
517046,984,1047
517047,989,1047
517048,988,1046
517049,987,1042
517050,986,1038
517051,983,1042
517052,983,1041
517053,985,1039
517054,983,1036
517055,983,1031
517056,985,1029
517057,995,1026
517058,1008,1028
517059,1021,1024
517060,1041,1017
517061,1059,1010
517062,1085,1002
517063,1122,993
517064,1165,979
517065,1207,969
517066,1248,967
517067,1282,972
517068,1305,990
517069,1305,1011
517070,1278,1024
517071,1221,1028
517072,1154,1035
517073,1089,1046
517074,1029,1059
517075,979,1073
517076,951,1078
517077,954,1078
517078,965,1067
517079,972,1057
517080,977,1048
517081,981,1044
517082,983,1044
517083,982,1043
517084,978,1043
517085,974,1041
517086,966,1041
517087,967,1044
517088,968,1046
517089,969,1045
517090,967,1045
517091,964,1044
517092,960,1045
517093,964,1048
517094,968,1050
517095,969,1049
517096,966,1047
517097,960,1047
517098,960,1044
517099,959,1046
517100,962,1048
517101,961,1047
517102,958,1046
517103,959,1041
517104,956,1042
517105,960,1041
517106,964,1044
517107,961,1040
517108,960,1040
517109,956,1038
517110,953,1039
517111,956,1039
517112,957,1041
517113,957,1042
517114,957,1039
517115,955,1034
517116,954,1037
517117,956,1036
517118,958,1039
517119,960,1037
517120,958,1036
517121,956,1034
517122,957,1033
517123,958,1035
517124,962,1034
517125,966,1034
517126,964,1032
517127,962,1026
517128,961,1026
517129,963,1030
517130,968,1030
517131,969,1029
517132,970,1030
517133,968,1025
517134,967,1028
517135,965,1028
517136,970,1031
517137,973,1032
517138,975,1032
517139,974,1025
517140,977,1026
517141,976,1027
517142,978,1026
517143,982,1026
517144,982,1023
517145,979,1016
517146,982,1016
517147,984,1017
517148,988,1017
517149,991,1013
517150,990,1011
517151,988,1008
517152,988,1005
517153,991,1005
517154,996,1005
517155,997,1005
517156,994,1001
517157,995,999
517158,992,998
517159,993,998
517160,994,1002
517161,999,999
517162,998,999
517163,999,992
517164,997,991
517165,1000,995
517166,1001,996
517167,1005,998
517168,1003,997
517169,1000,992
517170,1002,992
517171,1002,994
517172,1004,996
517173,1006,997
517174,1004,995
517175,1003,995
517176,999,998
517177,1000,1002
517178,1002,1008
517179,1003,1006
517180,998,1010
517181,991,1008
517182,989,1013
517183,989,1016
517184,994,1024
517185,993,1024
517186,989,1026
517187,984,1029
517188,982,1030
517189,977,1035
517190,984,1038
517191,986,1039
517192,982,1038
517193,978,1035
517194,974,1038
517195,973,1044
517196,972,1047
517197,979,1045
517198,978,1043
517199,976,1041
517200,972,1040
517201,975,1044
517202,974,1047
517203,976,1046
517204,974,1044
517205,972,1042
517206,970,1041
517207,972,1042
517208,976,1042
517209,978,1041
517210,980,1037
517211,978,1034
517212,979,1033
517213,978,1034
517214,978,1040
517215,977,1038
517216,972,1036
517217,967,1031
517218,968,1033
517219,966,1037
517220,971,1036
517221,974,1036
517222,972,1033
517223,969,1031
517224,967,1033
517225,967,1034
517226,970,1036
517227,973,1036
517228,968,1033
517229,971,1031
517230,969,1033
517231,970,1036
517232,972,1038
517233,973,1038
517234,975,1037
517235,971,1035
517236,966,1035
517237,969,1038
517238,972,1043
517239,974,1039
517240,975,1036
517241,974,1038
517242,971,1037
517243,971,1040
517244,971,1042
517245,974,1040
517246,971,1038
517247,970,1036
517248,971,1037
517249,969,1038
517250,973,1040
517251,973,1040
517252,975,1035
517253,971,1035
517254,965,1034
517255,968,1038
517256,969,1040
517257,970,1039
517258,970,1038
517259,969,1035
517260,966,1034
517261,966,1037
517262,970,1042
517263,970,1040
517264,971,1037
517265,968,1033
517266,962,1034
517267,961,1036
517268,963,1039
517269,967,1037
517270,968,1037
517271,963,1034
517272,962,1037
517273,965,1039
517274,966,1039
517275,970,1042
517276,966,1040
517277,963,1035
517278,962,1037
517279,961,1039
517280,963,1040
517281,965,1040
517282,966,1037
517283,963,1032
517284,962,1035
517285,962,1038
517286,964,1042
517287,964,1040
517288,962,1040
517289,955,1038
517290,960,1037
517291,962,1039
517292,964,1042
517293,967,1040
517294,964,1037
517295,960,1034
517296,957,1037
517297,960,1038
517298,965,1041
517299,969,1039
517300,964,1038
517301,961,1035
517302,957,1034
517303,960,1038
517304,964,1039
517305,965,1038
517306,963,1036
517307,960,1031
517308,957,1032
517309,961,1035
517310,962,1040
517311,964,1039
517312,964,1037
517313,963,1036
517314,965,1037
517315,963,1039
517316,965,1042
517317,966,1040
517318,966,1040
517319,963,1039
517320,964,1039
517321,963,1043
517322,964,1043
517323,966,1043
517324,966,1042
517325,964,1039
517326,963,1039
517327,963,1039
517328,965,1044
517329,967,1043
517330,965,1039
517331,962,1039
517332,962,1039
517333,963,1042
517334,965,1045
517335,967,1043
517336,966,1041
517337,963,1039
517338,962,1038
517339,964,1040
517340,967,1044
517341,968,1044
517342,965,1039
517343,961,1037
517344,961,1037
517345,962,1041
517346,964,1040
517347,962,1040
517348,960,1037
517349,958,1036
517350,957,1033
517351,959,1036
517352,961,1037
517353,965,1037
517354,966,1034
517355,963,1034
517356,962,1034
517357,964,1037
517358,965,1043
517359,969,1043
517360,968,1040
517361,965,1038
517362,965,1037
517363,961,1041
517364,964,1044
517365,966,1041
517366,966,1043
517367,964,1039
517368,963,1037
517369,967,1043
517370,970,1043
517371,972,1043
517372,970,1040
517373,966,1040
517374,967,1038
517375,968,1041
517376,969,1047
517377,971,1042
517378,971,1041
517379,967,1038
517380,969,1039
517381,971,1040
517382,970,1044
517383,975,1043
517384,973,1043
517385,973,1036
517386,965,1040
517387,968,1039
517388,973,1040
517389,975,1039
517390,973,1036
517391,975,1036
517392,971,1033
517393,966,1038
517394,969,1040
517395,966,1040
517396,964,1039
517397,962,1035
517398,962,1036
517399,965,1038
517400,969,1040
517401,968,1040
517402,967,1037
517403,967,1035
517404,965,1038
517405,969,1038
517406,970,1037
517407,974,1038
517408,972,1037
517409,971,1035
517410,971,1038
517411,974,1040
517412,975,1040
517413,975,1038
517414,972,1038
517415,969,1033
517416,967,1038
517417,973,1040
517418,975,1044
517419,978,1041
517420,976,1040
517421,973,1038
517422,973,1039
517423,974,1040
517424,975,1040
517425,978,1041
517426,977,1039
517427,972,1037
517428,973,1035
517429,973,1039
517430,976,1043
517431,979,1038
517432,976,1040
517433,973,1036
517434,970,1035
517435,971,1038
517436,979,1041
517437,978,1039
517438,980,1036
517439,978,1034
517440,978,1035
517441,978,1037
517442,979,1039
517443,979,1039
517444,979,1036
517445,976,1038
517446,975,1035
517447,977,1040
517448,980,1042
517449,984,1041
517450,982,1037
517451,979,1035
517452,978,1034
517453,980,1038
517454,983,1042
517455,982,1041
517456,981,1040
517457,979,1037
517458,974,1038
517459,977,1040
517460,980,1043
517461,983,1043
517462,982,1041
517463,981,1039
517464,978,1038
517465,980,1043
517466,982,1044
517467,984,1043
517468,984,1039
517469,979,1037
517470,977,1038
517471,976,1040
517472,977,1040
517473,979,1037
517474,974,1037
517475,972,1035
517476,973,1037
517477,974,1038
517478,980,1038
517479,981,1040
517480,981,1036
517481,978,1033
517482,976,1032
517483,977,1033
517484,983,1037
517485,983,1036
517486,982,1035
517487,981,1031
517488,981,1032
517489,982,1036
517490,984,1038
517491,984,1039
517492,981,1038
517493,981,1034
517494,980,1035
517495,981,1037
517496,986,1040
517497,988,1039
517498,986,1037
517499,984,1035
517500,982,1035
517501,984,1037
517502,983,1040
517503,981,1040
517504,983,1039
517505,983,1037
517506,982,1040
517507,984,1040
517508,986,1044
517509,991,1040
517510,987,1039
517511,985,1037
517512,983,1039
517513,985,1041
517514,987,1043
517515,987,1039
517516,987,1038
517517,984,1035
517518,981,1038
517519,982,1040
517520,986,1041
517521,990,1040
517522,989,1040
517523,985,1037
517524,982,1037
517525,985,1042
517526,989,1041
517527,989,1042
517528,991,1038
517529,990,1035
517530,989,1036
517531,989,1038
517532,988,1042
517533,989,1040
517534,988,1038
517535,986,1035
517536,985,1036
517537,985,1039
517538,992,1040
517539,998,1040
517540,993,1037
517541,992,1034
517542,988,1033
517543,989,1038
517544,993,1038
517545,992,1036
517546,995,1033
517547,991,1031
517548,988,1032
517549,992,1036
517550,993,1039
517551,995,1035
517552,992,1036
517553,990,1035
517554,983,1036
517555,987,1038
517556,989,1037
517557,992,1036
517558,989,1034
517559,982,1032
517560,981,1035
517561,983,1037
517562,990,1037
517563,992,1036
517564,990,1034
517565,985,1030
517566,983,1032
517567,986,1034
517568,987,1038
517569,991,1036
517570,986,1034
517571,984,1032
517572,984,1033
517573,986,1036
517574,991,1038
517575,994,1036
517576,994,1037
517577,989,1034
517578,990,1035
517579,994,1038
517580,996,1040
517581,997,1040
517582,995,1036
517583,995,1034
517584,991,1034
517585,993,1036
517586,995,1038
517587,997,1039
517588,998,1038
517589,996,1033
517590,997,1032
517591,994,1034
517592,1002,1036
517593,1004,1034
517594,1003,1032
517595,1001,1031
517596,999,1029
517597,1006,1027
517598,1013,1025
517599,1028,1019
517600,1043,1015
517601,1059,1009
517602,1079,1006
517603,1108,999
517604,1139,996
517605,1171,984
517606,1202,971
517607,1231,961
517608,1266,958
517609,1303,961
517610,1326,977
517611,1318,994
517612,1279,1006
517613,1220,1011
517614,1161,1018
517615,1112,1024
517616,1065,1029
517617,1024,1034
517618,993,1034
517619,986,1036
517620,997,1036
517621,1006,1034
517622,1010,1031
517623,1005,1032
517624,996,1031
517625,988,1032
517626,984,1033
517627,984,1034
517628,984,1039
517629,986,1040
517630,980,1037
517631,976,1035
517632,974,1036
517633,973,1039
517634,976,1042
517635,979,1040
517636,971,1040
517637,973,1039
517638,970,1038
517639,971,1042
517640,974,1044
517641,977,1044
517642,978,1040
517643,977,1040
517644,973,1040
517645,977,1044
517646,977,1044
517647,979,1042
517648,976,1042
517649,971,1038
517650,967,1038
517651,969,1039
517652,972,1043
517653,978,1039
517654,975,1036
517655,970,1036
517656,971,1035
517657,971,1038
517658,976,1038
517659,980,1040
517660,977,1036
517661,975,1035
517662,968,1034
517663,971,1039
517664,976,1039
517665,977,1039
517666,973,1038
517667,969,1036
517668,969,1038
517669,972,1041
517670,975,1046
517671,973,1045
517672,974,1043
517673,973,1040
517674,974,1041
517675,977,1041
517676,982,1043
517677,980,1039
517678,985,1036
517679,982,1031
517680,984,1031
517681,988,1034
517682,992,1035
517683,996,1033
517684,992,1030
517685,988,1028
517686,988,1031
517687,989,1030
517688,996,1031
517689,999,1029
517690,997,1024
517691,998,1022
517692,998,1025
517693,1001,1025
517694,1006,1026
517695,1007,1020
517696,1010,1022
517697,1008,1020
517698,1008,1017
517699,1009,1018
517700,1012,1021
517701,1016,1019
517702,1014,1015
517703,1014,1012
517704,1012,1011
517705,1014,1013
517706,1019,1015
517707,1018,1013
517708,1018,1011
517709,1017,1011
517710,1018,1010
517711,1021,1014
517712,1024,1016
517713,1026,1016
517714,1024,1013
517715,1025,1009
517716,1019,1014
517717,1022,1017
517718,1027,1020
517719,1032,1019
517720,1029,1017
517721,1031,1014
517722,1026,1014
517723,1031,1016
517724,1031,1022
517725,1033,1021
517726,1028,1018
517727,1023,1017
517728,1024,1017
517729,1026,1020
517730,1028,1022
517731,1025,1021
517732,1022,1022
517733,1018,1021
517734,1012,1023
517735,1017,1024
517736,1018,1026
517737,1016,1025
517738,1012,1026
517739,1008,1025
517740,1004,1027
517741,1004,1029
517742,1004,1032
517743,1006,1031
517744,1004,1029
517745,1000,1027
517746,997,1028
517747,994,1031
517748,993,1035
517749,997,1035
517750,998,1033
517751,994,1030
517752,993,1033
517753,992,1033
517754,996,1035
517755,996,1035
517756,994,1033
517757,992,1031
517758,987,1033
517759,986,1035
517760,989,1040
517761,991,1038
517762,990,1036
517763,989,1033
517764,989,1036
517765,991,1038
517766,990,1039
517767,994,1035
517768,988,1035
517769,991,1029
517770,987,1031
517771,990,1033
517772,994,1039
517773,998,1039
517774,997,1034
517775,994,1029
517776,993,1034
517777,997,1033
517778,998,1035
517779,1002,1031
517780,998,1029
517781,997,1025
517782,994,1027
517783,996,1030
517784,1001,1032
517785,1000,1032
517786,1000,1029
517787,995,1028
517788,994,1032
517789,993,1033
517790,996,1035
517791,999,1037
517792,994,1032
517793,993,1031
517794,988,1031
517795,991,1037
517796,993,1036
517797,993,1036
517798,986,1035
517799,987,1034
517800,986,1034
517801,985,1037
517802,991,1039
517803,993,1039
517804,990,1035
517805,985,1033
517806,981,1035
517807,982,1037
517808,987,1041
517809,989,1043
517810,990,1037
517811,987,1034
517812,986,1033
517813,988,1037
517814,988,1038
517815,991,1036
517816,985,1035
517817,985,1034
517818,982,1033
517819,983,1037
517820,989,1038
517821,990,1036
517822,991,1035
517823,986,1030
517824,982,1029
517825,987,1031
517826,988,1037
517827,994,1035
517828,989,1031
517829,985,1029
517830,985,1030
517831,986,1032
517832,990,1033
517833,990,1034
517834,992,1031
517835,985,1028
517836,986,1030
517837,989,1033
517838,993,1035
517839,995,1038
517840,995,1035
517841,989,1033
517842,985,1036
517843,983,1038
517844,983,1041
517845,987,1040
517846,983,1039
517847,982,1039
517848,981,1038
517849,977,1042
517850,982,1042
517851,983,1040
517852,981,1041
517853,979,1038
517854,978,1039
517855,980,1043
517856,981,1047
517857,984,1045
517858,983,1041
517859,982,1037
517860,978,1036
517861,979,1038
517862,983,1041
517863,985,1039
517864,986,1037
517865,983,1032
517866,982,1034
517867,984,1036
517868,985,1037
517869,989,1037
517870,984,1032
517871,985,1031
517872,984,1031
517873,984,1033
517874,985,1035
517875,983,1033
517876,985,1031
517877,982,1031
517878,982,1029
517879,984,1031
517880,988,1033
517881,986,1034
517882,985,1031
517883,981,1030
517884,981,1033
517885,981,1033
517886,987,1037
517887,989,1034
517888,986,1034
517889,981,1032
517890,978,1035
517891,978,1039
517892,983,1043
517893,984,1044
517894,986,1042
517895,985,1038
517896,984,1040
517897,983,1043
517898,982,1046
517899,986,1046
517900,984,1042
517901,981,1039
517902,979,1041
517903,980,1043
517904,981,1044
517905,982,1044
517906,981,1042
517907,978,1039
517908,981,1039
517909,981,1042
517910,984,1044
517911,986,1042
517912,985,1042
517913,982,1038
517914,979,1039
517915,979,1040
517916,983,1042
517917,985,1041
517918,986,1037
517919,984,1032
517920,983,1033
517921,988,1033
517922,992,1035
517923,995,1032
517924,992,1029
517925,988,1027
517926,986,1028
517927,986,1030
517928,988,1034
517929,988,1034
517930,990,1031
517931,986,1027
517932,987,1029
517933,988,1033
517934,993,1035
517935,995,1034
517936,993,1031
517937,993,1030
517938,992,1029
517939,991,1029
517940,994,1030
517941,996,1029
517942,1001,1021
517943,1009,1017
517944,1022,1016
517945,1037,1014
517946,1058,1014
517947,1087,1010
517948,1119,1000
517949,1155,987
517950,1190,977
517951,1227,976
517952,1267,981
517953,1307,989
517954,1327,1004
517955,1318,1017
517956,1274,1028
517957,1216,1033
517958,1153,1044
517959,1090,1055
517960,1028,1063
517961,979,1066
517962,959,1069
517963,960,1069
517964,973,1061
517965,986,1054
517966,991,1043
517967,986,1036
517968,978,1036
517969,977,1039
517970,979,1042
517971,979,1039
517972,977,1035
517973,972,1033
517974,968,1035
517975,964,1036
517976,963,1037
517977,969,1038
517978,967,1036
517979,963,1034
517980,962,1035
517981,965,1040
517982,967,1044
517983,967,1040
517984,965,1037
517985,964,1037
517986,963,1037
517987,966,1041
517988,965,1044
517989,968,1042
517990,965,1040
517991,963,1035
517992,963,1039
517993,965,1040
517994,968,1039
517995,968,1038
517996,969,1040
517997,965,1037
517998,963,1036
517999,964,1039
518000,968,1041
518001,969,1039
518002,970,1038
518003,968,1035
518004,968,1036
518005,970,1040
518006,971,1043
518007,972,1042
518008,970,1040
518009,967,1039
518010,964,1041
518011,966,1042
518012,972,1046
518013,974,1044
518014,974,1040
518015,969,1038
518016,969,1037
518017,968,1038
518018,969,1036
518019,970,1034
518020,967,1030
518021,970,1028
518022,972,1029
518023,974,1028
518024,976,1029
518025,976,1027
518026,978,1025
518027,975,1021
518028,974,1021
518029,976,1021
518030,981,1024
518031,978,1022
518032,982,1018
518033,982,1016
518034,983,1012
518035,986,1016
518036,990,1017
518037,992,1013
518038,994,1011
518039,995,1007
518040,995,1004
518041,1000,1006
518042,1002,1007
518043,1005,1003
518044,1004,1001
518045,1002,998
518046,1000,999
518047,1003,1000
518048,1005,1004
518049,1010,1003
518050,1010,998
518051,1007,996
518052,1009,999
518053,1011,1001
518054,1015,1004
518055,1017,1003
518056,1015,1001
518057,1012,996
518058,1008,1001
518059,1011,1002
518060,1012,1004
518061,1018,1003
518062,1016,1005
518063,1015,1002
518064,1011,1002
518065,1012,1007
518066,1012,1009
518067,1014,1013
518068,1009,1010
518069,1006,1010
518070,1004,1014
518071,1002,1018
518072,1003,1023
518073,1002,1021
518074,1001,1023
518075,995,1021
518076,988,1025
518077,990,1028
518078,990,1032
518079,990,1032
518080,986,1033
518081,978,1030
518082,978,1035
518083,979,1037
518084,983,1039
518085,986,1039
518086,979,1035
518087,976,1033
518088,972,1037
518089,974,1040
518090,975,1045
518091,974,1044
518092,975,1043
518093,972,1041
518094,971,1042
518095,972,1044
518096,980,1045
518097,981,1046
518098,978,1042
518099,976,1040
518100,976,1042
518101,977,1046
518102,984,1045
518103,982,1045
518104,979,1045
518105,976,1043
518106,975,1045
518107,977,1047
518108,980,1051
518109,981,1048
518110,980,1045
518111,975,1042
518112,975,1042
518113,975,1043
518114,978,1045
518115,979,1041
518116,978,1038
518117,975,1035
518118,973,1035
518119,976,1035
518120,980,1039
518121,980,1037
518122,979,1035
518123,972,1033
518124,970,1032
518125,971,1035
518126,973,1035
518127,977,1033
518128,974,1030
518129,972,1028
518130,971,1030
518131,973,1031
518132,973,1033
518133,976,1031
518134,973,1028
518135,972,1027
518136,972,1028
518137,970,1031
518138,973,1033
518139,974,1032
518140,971,1031
518141,972,1026
518142,968,1028
518143,974,1033
518144,977,1035
518145,980,1035
518146,976,1031
518147,977,1029
518148,973,1030
518149,973,1034
518150,976,1038
518151,980,1035
518152,980,1037
518153,975,1034
518154,971,1034
518155,972,1038
518156,973,1041
518157,973,1041
518158,972,1038
518159,968,1038
518160,965,1038
518161,965,1042
518162,973,1044
518163,972,1044
518164,968,1041
518165,966,1039
518166,966,1040
518167,967,1042
518168,972,1040
518169,977,1040
518170,974,1038
518171,969,1038
518172,970,1038
518173,969,1040
518174,973,1043
518175,972,1042
518176,974,1038
518177,971,1036
518178,970,1034
518179,967,1040
518180,973,1039
518181,973,1041
518182,975,1036
518183,974,1033
518184,974,1036
518185,976,1034
518186,978,1035
518187,981,1036
518188,977,1034
518189,971,1032
518190,970,1033
518191,972,1036
518192,979,1037
518193,979,1035
518194,979,1033
518195,975,1030
518196,974,1031
518197,974,1035
518198,976,1035
518199,980,1030
518200,983,1026
518201,988,1022
518202,996,1021
518203,1008,1023
518204,1027,1020
518205,1049,1017
518206,1081,1006
518207,1113,993
518208,1156,981
518209,1200,979
518210,1245,984
518211,1285,992
518212,1307,1007
518213,1303,1019
518214,1272,1028
518215,1228,1030
518216,1172,1035
518217,1109,1046
518218,1041,1057
518219,980,1069
518220,941,1076
518221,927,1084
518222,936,1080
518223,950,1070
518224,961,1058
518225,963,1047
518226,965,1043
518227,966,1039
518228,965,1039
518229,967,1037
518230,963,1036
518231,958,1034
518232,951,1032
518233,952,1036
518234,955,1039
518235,957,1037
518236,958,1035
518237,953,1032
518238,952,1034
518239,954,1038
518240,960,1039
518241,960,1036
518242,954,1033
518243,949,1030
518244,945,1032
518245,949,1034
518246,955,1037
518247,957,1033
518248,957,1031
518249,955,1031
518250,954,1029
518251,953,1033
518252,958,1036
518253,959,1035
518254,958,1036
518255,952,1032
518256,950,1032
518257,951,1035
518258,953,1038
518259,952,1037
518260,950,1036
518261,949,1035
518262,948,1034
518263,951,1037
518264,952,1040
518265,952,1039
518266,952,1039
518267,947,1036
518268,947,1040
518269,949,1038
518270,951,1040
518271,954,1036
518272,951,1036
518273,946,1034
518274,945,1033
518275,949,1034
518276,953,1037
518277,955,1033
518278,954,1030
518279,955,1026
518280,951,1024
518281,958,1026
518282,961,1028
518283,966,1021
518284,965,1019
518285,965,1016
518286,966,1016
518287,968,1017
518288,973,1017
518289,974,1011
518290,976,1007
518291,974,1004
518292,974,998
518293,975,1002
518294,977,1002
518295,985,998
518296,987,993
518297,985,987
518298,986,987
518299,988,989
518300,994,989
518301,993,987
518302,995,983
518303,991,979
518304,990,980
518305,993,980
518306,998,981
518307,998,980
518308,999,975
518309,998,975
518310,996,977
518311,998,981
518312,1004,986
518313,1003,987
518314,1000,986
518315,997,985
518316,996,989
518317,999,992
518318,1003,998
518319,1003,995
518320,1003,997
518321,996,995
518322,993,1000
518323,992,1004
518324,994,1011
518325,992,1011
518326,986,1015
518327,984,1012
518328,982,1017
518329,982,1021
518330,983,1026
518331,984,1029
518332,980,1026
518333,976,1026
518334,970,1029
518335,970,1035
518336,972,1037
518337,972,1036
518338,973,1037
518339,969,1032
518340,966,1031
518341,967,1038
518342,969,1037
518343,969,1035
518344,967,1034
518345,964,1034
518346,964,1036
518347,964,1037
518348,965,1040
518349,962,1038
518350,959,1036
518351,956,1033
518352,959,1035
518353,962,1039
518354,967,1041
518355,971,1041
518356,969,1040
518357,961,1037
518358,965,1038
518359,967,1043
518360,969,1044
518361,971,1042
518362,968,1041
518363,965,1035
518364,964,1036
518365,966,1040
518366,972,1040
518367,976,1042
518368,973,1037
518369,970,1037
518370,965,1034
518371,968,1042
518372,972,1043
518373,973,1040
518374,968,1037
518375,966,1036
518376,964,1036
518377,963,1038
518378,966,1038
518379,965,1039
518380,967,1038
518381,966,1037
518382,965,1033
518383,968,1035
518384,969,1036
518385,971,1036
518386,969,1029
518387,966,1027
518388,963,1028
518389,964,1030
518390,969,1032
518391,967,1031
518392,968,1029
518393,962,1026
518394,961,1028
518395,962,1032
518396,965,1034
518397,969,1035
518398,969,1034
518399,964,1031
518400,964,1031
518401,966,1035
518402,968,1039
518403,973,1036
518404,970,1035
518405,969,1033
518406,965,1037
518407,965,1038
518408,966,1041
518409,969,1041
518410,964,1041
518411,965,1037
518412,964,1040
518413,968,1041
518414,969,1043
518415,973,1043
518416,969,1037
518417,968,1039
518418,964,1038
518419,966,1037
518420,969,1042
518421,970,1041
518422,970,1037
518423,965,1034
518424,963,1035
518425,963,1041
518426,966,1042
518427,965,1043
518428,967,1038
518429,964,1034
518430,964,1039
518431,967,1038
518432,969,1038
518433,970,1036
518434,968,1034
518435,963,1033
518436,962,1031
518437,965,1036
518438,966,1040
518439,972,1039
518440,969,1038
518441,965,1038
518442,967,1040
518443,968,1041
518444,973,1046
518445,975,1046
518446,974,1042
518447,971,1041
518448,971,1042
518449,974,1045
518450,979,1048
518451,978,1045
518452,978,1044
518453,976,1040
518454,975,1041
518455,975,1043
518456,982,1047
518457,980,1044
518458,982,1040
518459,978,1039
518460,977,1038
518461,976,1042
518462,980,1043
518463,982,1043
518464,981,1036
518465,983,1032
518466,983,1028
518467,992,1027
518468,1008,1022
518469,1021,1018
518470,1043,1015
518471,1068,1002
518472,1103,994
518473,1146,981
518474,1197,978
518475,1245,980
518476,1284,990
518477,1303,1007
518478,1295,1027
518479,1259,1036
518480,1207,1044
518481,1137,1052
518482,1070,1066
518483,1002,1075
518484,954,1085
518485,941,1091
518486,949,1089
518487,966,1077
518488,977,1064
518489,979,1053
518490,977,1048
518491,975,1047
518492,975,1047
518493,975,1044
518494,973,1040
518495,967,1040
518496,961,1041
518497,964,1044
518498,967,1047
518499,966,1044
518500,963,1043
518501,960,1039
518502,956,1041
518503,960,1044
518504,961,1049
518505,964,1047
518506,964,1041
518507,960,1041
518508,957,1041
518509,959,1043
518510,962,1047
518511,961,1045
518512,961,1042
518513,958,1040
518514,959,1040
518515,957,1042
518516,958,1043
518517,963,1043
518518,959,1041
518519,955,1039
518520,954,1038
518521,953,1039
518522,955,1044
518523,958,1042
518524,955,1040
518525,949,1038
518526,952,1039
518527,956,1042
518528,959,1044
518529,962,1040
518530,958,1039
518531,957,1039
518532,959,1038
518533,962,1041
518534,966,1040
518535,966,1039
518536,964,1034
518537,962,1033
518538,963,1033
518539,967,1035
518540,974,1034
518541,973,1031
518542,974,1026
518543,971,1025
518544,971,1023
518545,974,1025
518546,979,1030
518547,984,1029
518548,984,1023
518549,979,1022
518550,975,1020
518551,980,1021
518552,987,1022
518553,986,1015
518554,988,1012
518555,986,1006
518556,986,1007
518557,993,1010
518558,994,1010
518559,997,1005
518560,996,1003
518561,993,999
518562,993,998
518563,994,999
518564,997,1001
518565,1002,998
518566,1005,997
518567,1002,994
518568,1002,992
518569,1002,994
518570,1002,998
518571,1004,999
518572,1004,996
518573,1001,995
518574,1001,997
518575,1002,1003
518576,1005,1005
518577,1010,1008
518578,1009,1008
518579,1004,1007
518580,1004,1010
518581,1006,1013
518582,1009,1017
518583,1009,1015
518584,1006,1016
518585,1005,1015
518586,1003,1017
518587,1000,1020
518588,996,1025
518589,998,1026
518590,1000,1025
518591,997,1024
518592,993,1026
518593,992,1030
518594,994,1032
518595,992,1035
518596,989,1032
518597,983,1034
518598,978,1035
518599,979,1039
518600,983,1042
518601,982,1040
518602,981,1038
518603,973,1037
518604,968,1039
518605,973,1042
518606,977,1044
518607,971,1043
518608,974,1041
518609,974,1041
518610,974,1040
518611,976,1043
518612,980,1046
518613,981,1044
518614,977,1044
518615,973,1041
518616,972,1046
518617,977,1046
518618,981,1048
518619,981,1046
518620,978,1043
518621,974,1041
518622,974,1045
518623,976,1045
518624,978,1047
518625,981,1046
518626,981,1044
518627,975,1042
518628,972,1043
518629,976,1044
518630,980,1047
518631,984,1044
518632,981,1042
518633,977,1036
518634,979,1035
518635,982,1038
518636,983,1040
518637,982,1037
518638,981,1037
518639,982,1033
518640,979,1032
518641,981,1034
518642,984,1037
518643,985,1032
518644,984,1032
518645,980,1033
518646,976,1031
518647,978,1034
518648,977,1037
518649,981,1034
518650,979,1033
518651,975,1026
518652,973,1031
518653,974,1035
518654,977,1038
518655,978,1037
518656,978,1034
518657,974,1033
518658,974,1035
518659,977,1038
518660,980,1042
518661,983,1040
518662,981,1037
518663,979,1035
518664,975,1038
518665,974,1039
518666,974,1046
518667,975,1043
518668,976,1041
518669,973,1040
518670,973,1039
518671,978,1042
518672,981,1044
518673,980,1044
518674,978,1041
518675,972,1040
518676,973,1042
518677,974,1041
518678,977,1045
518679,981,1043
518680,981,1041
518681,976,1039
518682,969,1040
518683,973,1042
518684,977,1044
518685,975,1040
518686,975,1038
518687,973,1036
518688,970,1037
518689,974,1039
518690,975,1041
518691,974,1041
518692,972,1039
518693,966,1039
518694,967,1040
518695,973,1042
518696,979,1042
518697,976,1041
518698,975,1039
518699,971,1037
518700,971,1039
518701,976,1043
518702,980,1044
518703,985,1041
518704,981,1041
518705,974,1035
518706,973,1040
518707,975,1041
518708,977,1044
518709,979,1043
518710,976,1043
518711,973,1039
518712,970,1041
518713,974,1044
518714,979,1047
518715,981,1047
518716,981,1041
518717,980,1039
518718,977,1041
518719,979,1043
518720,983,1042
518721,983,1043
518722,983,1031
518723,984,1029
518724,991,1026
518725,1006,1023
518726,1019,1024
518727,1038,1018
518728,1063,1010
518729,1096,998
518730,1137,988
518731,1179,976
518732,1228,973
518733,1275,976
518734,1311,987
518735,1318,1004
518736,1288,1018
518737,1235,1025
518738,1170,1038
518739,1102,1049
518740,1029,1064
518741,970,1070
518742,943,1076
518743,947,1075
518744,967,1070
518745,982,1056
518746,986,1044
518747,986,1038
518748,981,1038
518749,980,1040
518750,978,1046
518751,973,1047
518752,971,1045
518753,969,1043
518754,966,1045
518755,967,1050
518756,969,1048
518757,967,1046
518758,966,1048
518759,963,1042
518760,964,1044
518761,964,1047
518762,965,1049
518763,966,1046
518764,964,1041
518765,961,1041
518766,962,1040
518767,963,1042
518768,961,1044
518769,959,1044
518770,953,1043
518771,950,1040
518772,952,1043
518773,955,1044
518774,958,1047
518775,960,1047
518776,958,1042
518777,957,1041
518778,956,1043
518779,959,1045
518780,961,1048
518781,961,1046
518782,958,1044
518783,954,1041
518784,954,1041
518785,958,1041
518786,958,1046
518787,960,1043
518788,956,1040
518789,956,1036
518790,956,1037
518791,960,1039
518792,966,1039
518793,967,1038
518794,968,1035
518795,966,1032
518796,969,1030
518797,970,1031
518798,975,1033
518799,976,1029
518800,975,1027
518801,974,1023
518802,971,1023
518803,973,1023
518804,979,1028
518805,975,1026
518806,977,1021
518807,978,1018
518808,980,1017
518809,983,1017
518810,987,1020
518811,991,1015
518812,992,1014
518813,986,1009
518814,986,1007
518815,990,1009
518816,997,1011
518817,1000,1008
518818,1002,1004
518819,998,1003
518820,998,1001
518821,1002,1003
518822,1005,1005
518823,1006,1002
518824,1004,999
518825,1004,1000
518826,1002,1001
518827,1010,1000
518828,1010,1005
518829,1010,1004
518830,1010,1003
518831,1005,999
518832,1002,1001
518833,1002,1006
518834,1010,1007
518835,1009,1006
518836,1008,1003
518837,1003,1003
518838,1000,1007
518839,1004,1011
518840,1001,1016
518841,1000,1016
518842,996,1016
518843,992,1016
518844,988,1021
518845,991,1024
518846,991,1028
518847,991,1029
518848,988,1028
518849,987,1026
518850,983,1032
518851,983,1033
518852,986,1037
518853,985,1038
518854,984,1035
518855,980,1036
518856,976,1037
518857,975,1041
518858,978,1040
518859,981,1042
518860,978,1040
518861,977,1038
518862,974,1040
518863,974,1045
518864,980,1048
518865,983,1044
518866,982,1045
518867,979,1039
518868,981,1043
518869,983,1045
518870,985,1048
518871,987,1047
518872,986,1042
518873,985,1039
518874,980,1040
518875,977,1042
518876,976,1045
518877,974,1043
518878,975,1042
518879,972,1036
518880,972,1037
518881,973,1038
518882,979,1042
518883,978,1036
518884,979,1034
518885,976,1029
518886,972,1029
518887,977,1034
518888,977,1035
518889,982,1035
518890,981,1032
518891,979,1029
518892,976,1031
518893,974,1034
518894,980,1036
518895,982,1036
518896,979,1034
518897,977,1029
518898,973,1033
518899,972,1036
518900,975,1039
518901,977,1038
518902,980,1038
518903,975,1036
518904,972,1036
518905,973,1040
518906,975,1042
518907,977,1042
518908,980,1037
518909,975,1036
518910,977,1037
518911,977,1041
518912,979,1043
518913,981,1041
518914,981,1039
518915,978,1037
518916,980,1038
518917,978,1040
518918,981,1040
518919,981,1039
518920,981,1039
518921,975,1037
518922,976,1041
518923,976,1041
518924,976,1043
518925,977,1042
518926,975,1039
518927,975,1034
518928,975,1037
518929,976,1037
518930,975,1039
518931,978,1038
518932,979,1039
518933,975,1034
518934,973,1031
518935,978,1034
518936,982,1037
518937,981,1036
518938,981,1034
518939,976,1033
518940,975,1036
518941,977,1037
518942,980,1040
518943,981,1036
518944,978,1035
518945,976,1034
518946,973,1035
518947,976,1038
518948,981,1041
518949,978,1041
518950,978,1037
518951,973,1037
518952,973,1040
518953,975,1043
518954,978,1046
518955,979,1044
518956,974,1043
518957,973,1042
518958,977,1042
518959,973,1044
518960,974,1048
518961,975,1048
518962,972,1044
518963,971,1042
518964,975,1042
518965,980,1043
518966,984,1043
518967,982,1041
518968,981,1037
518969,978,1031
518970,981,1028
518971,993,1026
518972,1005,1024
518973,1019,1020
518974,1036,1018
518975,1060,1011
518976,1086,1002
518977,1129,996
518978,1176,986
518979,1220,975
518980,1265,972
518981,1304,980
518982,1321,999
518983,1308,1017
518984,1266,1023
518985,1197,1031
518986,1124,1042
518987,1050,1055
518988,985,1064
518989,953,1074
518990,950,1077
518991,965,1066
518992,979,1055
518993,982,1042
518994,980,1040
518995,979,1041
518996,979,1043
518997,976,1043
518998,971,1043
518999,969,1037
519000,963,1042
519001,962,1045
519002,966,1049
519003,965,1048
519004,964,1047
519005,957,1045
519006,958,1046
519007,958,1046
519008,963,1048
519009,962,1048
519010,959,1043
519011,956,1042
519012,956,1044
519013,958,1045
519014,960,1046
519015,963,1044
519016,961,1044
519017,958,1041
519018,957,1041
519019,956,1043
519020,961,1043
519021,962,1044
519022,958,1039
519023,957,1038
519024,957,1037
519025,960,1042
519026,962,1040
519027,966,1040
519028,961,1038
519029,958,1036
519030,957,1035
519031,962,1037
519032,965,1039
519033,970,1040
519034,971,1035
519035,967,1034
519036,961,1037
519037,964,1038
519038,967,1038
519039,969,1036
519040,970,1033
519041,966,1034
519042,964,1035
519043,965,1036
519044,968,1037
519045,970,1036
519046,972,1035
519047,970,1030
519048,969,1033
519049,974,1032
519050,978,1034
519051,978,1029
519052,980,1027
519053,976,1023
519054,974,1021
519055,976,1022
519056,981,1021
519057,982,1020
519058,983,1015
519059,981,1010
519060,981,1010
519061,985,1011
519062,991,1012
519063,992,1010
519064,995,1007
519065,989,1003
519066,990,1001
519067,991,1005
519068,995,1005
519069,1002,1003
519070,1000,999
519071,998,996
519072,998,997
519073,1003,997
519074,1008,999
519075,1008,997
519076,1005,993
519077,1002,990
519078,1003,991
519079,1008,998
519080,1012,999
519081,1012,999
519082,1012,996
519083,1013,998
519084,1012,1002
519085,1012,1004
519086,1013,1009
519087,1014,1012
519088,1012,1009
519089,1008,1008
519090,1004,1013
519091,1002,1019
519092,1006,1023
519093,1006,1023
519094,1002,1020
519095,994,1021
519096,996,1026
519097,995,1029
519098,995,1034
519099,994,1033
519100,988,1030
519101,984,1030
519102,981,1033
519103,981,1034
519104,984,1039
519105,982,1040
519106,984,1037
519107,979,1035
519108,974,1039
519109,977,1042
519110,980,1045
519111,981,1045
519112,981,1041
519113,976,1040
519114,978,1041
519115,980,1044
519116,979,1046
519117,982,1045
519118,983,1041
519119,981,1040
519120,979,1041
519121,979,1043
519122,977,1043
519123,978,1042
519124,980,1039
519125,976,1038
519126,980,1038
519127,983,1040
519128,985,1043
519129,987,1044
519130,986,1041
519131,983,1040
519132,981,1041
519133,980,1044
519134,985,1045
519135,988,1043
519136,986,1039
519137,983,1033
519138,983,1034
519139,984,1034
519140,986,1037
519141,985,1033
519142,983,1034
519143,982,1030
519144,983,1032
519145,984,1032
519146,985,1035
519147,987,1033
519148,985,1029
519149,983,1028
519150,982,1028
519151,980,1029
519152,984,1031
519153,981,1032
519154,982,1030
519155,980,1026
519156,979,1026
519157,981,1031
519158,982,1034
519159,982,1034
519160,981,1031
519161,976,1030
519162,975,1028
519163,974,1031
519164,977,1036
519165,977,1034
519166,975,1032
519167,979,1030
519168,976,1031
519169,979,1037
519170,978,1038
519171,979,1039
519172,975,1039
519173,970,1039
519174,970,1040
519175,977,1043
519176,981,1043
519177,985,1042
519178,981,1037
519179,978,1039
519180,975,1041
519181,974,1042
519182,977,1045
519183,979,1043
519184,977,1041
519185,973,1039
519186,975,1039
519187,980,1045
519188,983,1045
519189,981,1041
519190,978,1041
519191,973,1038
519192,971,1038
519193,976,1043
519194,979,1044
519195,981,1043
519196,981,1041
519197,978,1038
519198,980,1041
519199,980,1042
519200,980,1042
519201,980,1040
519202,979,1037
519203,976,1036
519204,973,1035
519205,979,1036
519206,982,1037
519207,981,1034
519208,982,1027
519209,986,1023
519210,998,1021
519211,1013,1022
519212,1034,1022
519213,1059,1016
519214,1086,1008
519215,1120,993
519216,1164,984
519217,1212,980
519218,1260,980
519219,1300,985
519220,1325,998
519221,1319,1011
519222,1284,1019
519223,1225,1025
519224,1162,1035
519225,1094,1050
519226,1025,1060
519227,969,1067
519228,940,1072
519229,944,1070
519230,960,1060
519231,976,1050
519232,982,1043
519233,979,1034
519234,973,1034
519235,970,1035
519236,970,1041
519237,969,1038
519238,967,1038
519239,958,1035
519240,956,1036
519241,958,1038
519242,959,1042
519243,958,1039
519244,955,1038
519245,956,1034
519246,951,1038
519247,953,1039
519248,959,1039
519249,959,1041
519250,958,1036
519251,954,1033
519252,954,1033
519253,955,1037
519254,956,1037
519255,956,1035
519256,953,1035
519257,950,1031
519258,948,1034
519259,951,1036
519260,956,1041
519261,957,1035
519262,956,1035
519263,955,1033
519264,954,1035
519265,957,1039
519266,958,1039
519267,959,1038
519268,958,1035
519269,953,1035
519270,949,1037
519271,947,1043
519272,951,1045
519273,950,1045
519274,951,1042
519275,948,1039
519276,947,1040
519277,950,1042
519278,955,1043
519279,959,1040
519280,958,1035
519281,957,1032
519282,959,1033
519283,964,1034
519284,966,1037
519285,966,1035
519286,965,1026
519287,962,1026
519288,961,1028
519289,964,1028
519290,968,1028
519291,971,1026
519292,973,1017
519293,969,1016
519294,967,1015
519295,968,1016
519296,971,1014
519297,975,1013
519298,977,1006
519299,975,1006
519300,975,1004
519301,980,1002
519302,982,1004
519303,982,999
519304,982,997
519305,980,995
519306,981,994
519307,984,994
519308,986,994
519309,987,993
519310,987,988
519311,987,985
519312,987,986
519313,989,985
519314,994,987
519315,995,986
519316,992,982
519317,988,982
519318,989,983
519319,989,987
519320,992,992
519321,992,991
519322,992,992
519323,993,994
519324,993,995
519325,997,1000
519326,998,1003
519327,1001,1001
519328,998,1002
519329,992,1001
519330,991,1007
519331,991,1013
519332,993,1017
519333,993,1016
519334,990,1018
519335,985,1018
519336,986,1022
519337,987,1026
519338,986,1029
519339,981,1031
519340,977,1030
519341,975,1031
519342,972,1033
519343,974,1036
519344,974,1037
519345,976,1039
519346,974,1035
519347,971,1034
519348,969,1034
519349,971,1036
519350,971,1041
519351,976,1041
519352,968,1038
519353,968,1038
519354,965,1037
519355,967,1038
519356,970,1040
519357,971,1037
519358,972,1033
519359,967,1033
519360,964,1032
519361,966,1034
519362,967,1038
519363,968,1036
519364,969,1031
519365,965,1029
519366,966,1031
519367,967,1031
519368,970,1035
519369,970,1034
519370,970,1032
519371,966,1034
519372,968,1034
519373,969,1039
519374,971,1038
519375,972,1035
519376,968,1035
519377,962,1033
519378,961,1034
519379,965,1039
519380,970,1040
519381,972,1035
519382,970,1034
519383,968,1031
519384,967,1031
519385,969,1033
519386,972,1038
519387,972,1037
519388,969,1032
519389,967,1028
519390,968,1031
519391,966,1032
519392,967,1038
519393,970,1035
519394,967,1031
519395,962,1032
519396,963,1032
519397,965,1033
519398,967,1035
519399,969,1031
519400,968,1029
519401,963,1027
519402,962,1030
519403,965,1031
519404,967,1034
519405,967,1030
519406,968,1025
519407,964,1023
519408,963,1025
519409,966,1029
519410,969,1029
519411,969,1029
519412,969,1029
519413,966,1027
519414,967,1029
519415,968,1034
519416,973,1036
519417,970,1034
519418,968,1031
519419,960,1031
519420,963,1036
519421,968,1037
519422,969,1040
519423,968,1036
519424,965,1034
519425,960,1033
519426,963,1037
519427,966,1040
519428,967,1040
519429,966,1040
519430,962,1036
519431,958,1036
519432,961,1038
519433,965,1039
519434,967,1042
519435,968,1042
519436,966,1039
519437,962,1036
519438,964,1034
519439,964,1040
519440,965,1041
519441,965,1040
519442,965,1038
519443,965,1034
519444,964,1036
519445,965,1036
519446,969,1038
519447,969,1036
519448,969,1032
519449,963,1028
519450,962,1031
519451,961,1033
519452,965,1038
519453,967,1038
519454,967,1033
519455,964,1029
519456,954,1028
519457,954,1030
519458,962,1030
519459,971,1027
519460,983,1020
519461,990,1016
519462,1001,1016
519463,1017,1015
519464,1045,1012
519465,1077,1004
519466,1115,990
519467,1154,979
519468,1195,976
519469,1243,981
519470,1286,997
519471,1307,1015
519472,1300,1027
519473,1267,1031
519474,1213,1036
519475,1151,1045
519476,1085,1060
519477,1016,1073
519478,961,1082
519479,927,1086
519480,925,1088
519481,939,1084
519482,958,1073
519483,967,1061
519484,973,1048
519485,969,1041
519486,966,1038
519487,963,1038
519488,960,1040
519489,956,1037
519490,951,1036
519491,949,1033
519492,946,1032
519493,949,1033
519494,950,1033
519495,948,1030
519496,945,1029
519497,941,1024
519498,942,1029
519499,944,1029
519500,945,1031
519501,944,1029
519502,940,1028
519503,936,1026
519504,935,1030
519505,939,1035
519506,944,1038
519507,941,1035
519508,944,1034
519509,940,1032
519510,941,1037
519511,943,1038
519512,945,1041
519513,946,1037
519514,944,1035
519515,944,1036
519516,944,1036
519517,946,1040
519518,948,1040
519519,949,1038
519520,946,1036
519521,947,1034
519522,950,1033
519523,950,1035
519524,953,1038
519525,954,1034
519526,952,1032
519527,947,1031
519528,946,1030
519529,949,1033
519530,955,1035
519531,956,1033
519532,954,1027
519533,948,1025
519534,947,1024
519535,951,1023
519536,953,1025
519537,951,1023
519538,950,1020
519539,949,1017
519540,951,1016
519541,956,1018
519542,961,1016
519543,957,1011
519544,954,1007
519545,954,1005
519546,958,1006
519547,963,1006
519548,967,1008
519549,969,1005
519550,966,1002
519551,965,1003
519552,965,1003
519553,969,1006
519554,975,1006
519555,977,1003
519556,976,999
519557,975,996
519558,973,999
519559,981,1002
519560,983,1004
519561,988,1001
519562,986,999
519563,981,996
519564,981,994
519565,986,999
519566,992,1001
519567,990,996
519568,988,994
519569,987,994
519570,990,995
519571,995,997
519572,1003,1000
519573,999,998
519574,995,999
519575,991,997
519576,992,1000
519577,993,1002
519578,997,1006
519579,995,1005
519580,995,1006
519581,993,1005
519582,991,1009
519583,990,1012
519584,993,1015
519585,993,1016
519586,989,1015
519587,985,1013
519588,984,1019
519589,985,1020
519590,987,1023
519591,981,1022
519592,977,1022
519593,976,1022
519594,975,1026
519595,975,1031
519596,975,1033
519597,976,1036
519598,974,1035
519599,971,1034
519600,969,1037
519601,970,1040
519602,973,1044
519603,972,1046
519604,974,1042
519605,972,1041
519606,972,1039
519607,975,1044
519608,975,1046
519609,974,1045
519610,975,1043
519611,975,1041
519612,981,1042
519613,984,1046
519614,992,1048
519615,998,1050
519616,1000,1046
519617,1003,1046
519618,1006,1048
519619,1011,1049
519620,1022,1051
519621,1036,1044
519622,1045,1033
519623,1058,1013
519624,1071,997
519625,1086,987
519626,1101,975
519627,1114,962
519628,1130,945
519629,1142,929
519630,1162,916
519631,1184,898
519632,1205,878
519633,1225,857
519634,1241,840
519635,1257,828
519636,1271,819
519637,1276,816
519638,1279,814
519639,1278,812
519640,1272,808
519641,1264,805
519642,1262,806
519643,1256,806
519644,1241,808
519645,1216,806
519646,1191,807
519647,1167,812
519648,1141,821
519649,1115,835
519650,1089,848
519651,1066,859
519652,1048,870
519653,1039,881
519654,1039,897
519655,1040,912
519656,1038,927
519657,1031,937
519658,1022,942
519659,1021,951
519660,1025,959
519661,1042,972
519662,1056,982
519663,1075,985
519664,1089,986
519665,1085,988
519666,1071,992
519667,1043,1002
519668,1009,1012
519669,972,1021
519670,943,1031
519671,923,1045
519672,916,1062
519673,915,1077
519674,916,1087
519675,913,1085
519676,906,1084
519677,896,1086
519678,893,1089
519679,893,1097
519680,893,1099
519681,892,1101
519682,888,1101
519683,879,1102
519684,877,1105
519685,878,1107
519686,878,1111
519687,880,1112
519688,877,1111
519689,876,1110
519690,875,1114
519691,872,1119
519692,874,1120
519693,872,1121
519694,870,1119
519695,863,1122
519696,863,1125
519697,864,1129
519698,869,1133
519699,867,1131
519700,865,1133
519701,861,1131
519702,860,1133
519703,862,1136
519704,863,1141
519705,863,1140
519706,859,1142
519707,859,1141
519708,858,1146
519709,859,1148
519710,861,1151
519711,859,1153
519712,860,1152
519713,858,1154
519714,858,1160
519715,862,1162
519716,861,1171
519717,864,1168
519718,861,1168
519719,863,1168
519720,860,1172
519721,867,1175
519722,872,1179
519723,869,1179
519724,867,1178
519725,864,1176
519726,867,1181
519727,867,1185
519728,871,1185
519729,872,1185
519730,876,1181
519731,876,1179
519732,879,1182
519733,883,1183
519734,888,1185
519735,890,1183
519736,893,1180
519737,891,1174
519738,895,1175
519739,899,1175
519740,905,1173
519741,906,1170
519742,909,1166
519743,909,1164
519744,913,1159
519745,918,1159
519746,924,1157
519747,927,1150
519748,929,1141
519749,930,1135
519750,930,1132
519751,934,1130
519752,938,1126
519753,937,1120
519754,940,1111
519755,941,1103
519756,941,1102
519757,940,1099
519758,945,1098
519759,944,1093
519760,942,1088
519761,942,1082
519762,942,1081
519763,949,1080
519764,950,1080
519765,951,1075
519766,953,1069
519767,953,1065
519768,955,1065
519769,957,1064
519770,962,1062
519771,960,1059
519772,960,1057
519773,959,1052
519774,959,1051
519775,964,1051
519776,966,1052
519777,960,1050
519778,962,1046
519779,960,1044
519780,957,1045
519781,960,1048
519782,963,1050
519783,963,1045
519784,964,1042
519785,958,1041
519786,961,1042
519787,962,1046
519788,963,1044
519789,964,1044
519790,963,1040
519791,963,1038
519792,962,1040
519793,967,1043
519794,968,1044
519795,966,1040
519796,963,1038
519797,963,1038
519798,961,1036
519799,959,1039
519800,962,1040
519801,964,1038
519802,963,1036
519803,962,1032
519804,961,1036
519805,959,1036
519806,968,1040
519807,967,1036
519808,966,1033
519809,962,1031
519810,961,1032
519811,963,1035
519812,961,1038
519813,963,1034
519814,959,1035
519815,958,1031
519816,960,1032
519817,959,1037
519818,964,1038
519819,967,1039
519820,962,1037
519821,962,1035
519822,963,1037
519823,963,1038
519824,970,1041
519825,967,1042
519826,968,1040
519827,965,1039
519828,962,1038
519829,965,1043
519830,966,1044
519831,968,1043
519832,966,1039
519833,965,1038
519834,965,1039
519835,968,1042
519836,970,1044
519837,967,1042
519838,965,1038
519839,962,1039
519840,961,1041
519841,965,1044
519842,968,1044
519843,968,1042
519844,963,1041
519845,959,1040
519846,964,1040
519847,965,1042
519848,969,1048
519849,967,1043
519850,965,1040
519851,963,1039
519852,962,1041
519853,965,1041
519854,965,1042
519855,967,1040
519856,966,1037
519857,962,1033
519858,961,1037
519859,964,1040
519860,965,1042
519861,967,1038
519862,967,1035
519863,961,1036
519864,961,1034
519865,965,1041
519866,965,1040
519867,967,1037
519868,969,1037
519869,963,1031
519870,963,1035
519871,965,1036
519872,969,1038
519873,969,1035
519874,966,1033
519875,962,1031
519876,962,1035
519877,962,1037
519878,965,1040
519879,966,1036
519880,964,1035
519881,963,1034
519882,963,1035
519883,966,1040
519884,971,1042
519885,969,1039
519886,964,1038
519887,961,1038
519888,962,1041
519889,965,1043
519890,969,1047
519891,966,1044
519892,967,1039
519893,966,1039
519894,967,1041
519895,964,1043
519896,967,1045
519897,970,1043
519898,966,1039
519899,963,1038
519900,959,1039
519901,962,1045
519902,967,1043
519903,970,1045
519904,965,1041
519905,962,1041
519906,964,1042
519907,965,1042
519908,968,1042
519909,967,1041
519910,965,1039
519911,959,1038
519912,963,1036
519913,967,1037
519914,971,1040
519915,968,1039
519916,965,1038
519917,963,1038
519918,962,1035
519919,962,1041
519920,965,1040
519921,965,1038
519922,963,1039
519923,960,1037
519924,964,1037
519925,968,1039
519926,970,1042
519927,970,1040
519928,969,1038
519929,970,1039
519930,970,1038
519931,971,1042
519932,970,1043
519933,967,1040
519934,963,1040
519935,960,1037
519936,963,1041
519937,962,1041
519938,966,1042
519939,969,1043
519940,970,1039
519941,967,1038
519942,966,1038
519943,968,1037
519944,969,1042
519945,969,1039
519946,968,1035
519947,964,1034
519948,966,1034
519949,966,1037
519950,971,1040
519951,972,1037
519952,971,1036
519953,967,1035
519954,966,1036
519955,966,1039
519956,973,1041
519957,975,1039
519958,977,1035
519959,971,1033
519960,969,1035
519961,969,1039
519962,974,1039
519963,976,1037
519964,976,1035
519965,971,1034
519966,970,1036
519967,971,1036
519968,976,1040
519969,973,1037
519970,974,1035
519971,973,1034
519972,972,1033
519973,979,1033
519974,988,1036
519975,1001,1029
519976,1015,1023
519977,1032,1020
519978,1056,1019
519979,1086,1011
519980,1124,1003
519981,1163,989
519982,1197,978
519983,1232,972
519984,1272,981
519985,1304,994
519986,1317,1012
519987,1295,1023
519988,1247,1025
519989,1184,1031
519990,1120,1043
519991,1063,1055
519992,1012,1065
519993,970,1068
519994,952,1066
519995,950,1061
519996,958,1057
519997,970,1052
519998,978,1046
519999,980,1038
520000,973,1035
520001,968,1032
520002,966,1035
520003,966,1038
520004,969,1038
520005,967,1036
520006,964,1036
520007,956,1033
520008,955,1036
520009,955,1040
520010,957,1044
520011,958,1039
520012,956,1038
520013,951,1037
520014,951,1039
520015,955,1041
520016,953,1041
520017,956,1042
520018,951,1040
520019,950,1038
520020,949,1040
520021,947,1042
520022,951,1046
520023,951,1043
520024,948,1040
520025,947,1037
520026,949,1042
520027,955,1044
520028,955,1045
520029,954,1040
520030,948,1039
520031,948,1040
520032,950,1042
520033,949,1047
520034,954,1049
520035,951,1044
520036,950,1042
520037,947,1039
520038,949,1040
520039,951,1041
520040,952,1042
520041,953,1039
520042,951,1037
520043,951,1033
520044,950,1035
520045,953,1036
520046,957,1038
520047,957,1035
520048,953,1034
520049,951,1031
520050,951,1033
520051,955,1034
520052,959,1035
520053,959,1034
520054,958,1029
520055,955,1030
520056,957,1029
520057,961,1034
520058,963,1033
520059,962,1030
520060,960,1029
520061,961,1027
520062,962,1027
520063,965,1029
520064,968,1030
520065,969,1026
520066,966,1022
520067,966,1022
520068,965,1025
520069,967,1024
520070,973,1027
520071,973,1023
520072,972,1021
520073,969,1020
520074,973,1020
520075,977,1022
520076,979,1021
520077,980,1020
520078,981,1014
520079,981,1014
520080,984,1013
520081,989,1013
520082,995,1011
520083,992,1010
520084,994,1006
520085,993,1002
520086,992,1005
520087,995,1008
520088,998,1007
520089,1002,1003
520090,1002,1002
520091,1000,1000
520092,1003,1002
520093,1008,1006
520094,1010,1005
520095,1012,1005
520096,1012,1000
520097,1010,1000
520098,1012,1005
520099,1014,1006
520100,1017,1012
520101,1017,1010
520102,1015,1009
520103,1010,1008
520104,1012,1013
520105,1017,1017
520106,1017,1020
520107,1013,1023
520108,1008,1020
520109,1002,1024
520110,1002,1025
520111,1001,1029
520112,1000,1031
520113,996,1032
520114,992,1030
520115,988,1030
520116,982,1033
520117,986,1036
520118,987,1041
520119,988,1038
520120,986,1036
520121,978,1034
520122,979,1040
520123,980,1041
520124,985,1045
520125,985,1041
520126,981,1039
520127,982,1038
520128,984,1041
520129,985,1039
520130,987,1042
520131,987,1039
520132,983,1037
520133,981,1037
520134,984,1036
520135,985,1040
520136,987,1039
520137,987,1036
520138,984,1034
520139,983,1033
520140,985,1033
520141,985,1034
520142,987,1037
520143,985,1035
520144,984,1034
520145,982,1032
520146,980,1033
520147,982,1033
520148,984,1036
520149,986,1035
520150,986,1031
520151,982,1030
520152,980,1031
520153,982,1036
520154,984,1036
520155,981,1035
520156,975,1033
520157,974,1033
520158,973,1038
520159,978,1038
520160,978,1039
520161,977,1039
520162,974,1036
520163,970,1034
520164,971,1038
520165,973,1039
520166,976,1041
520167,974,1039
520168,974,1037
520169,970,1034
520170,970,1038
520171,974,1040
520172,979,1040
520173,978,1041
520174,976,1038
520175,975,1039
520176,974,1038
520177,977,1040
520178,978,1044
520179,981,1040
520180,978,1038
520181,974,1038
520182,973,1037
520183,976,1039
520184,977,1043
520185,978,1040
520186,974,1039
520187,973,1037
520188,974,1040
520189,977,1041
520190,979,1043
520191,981,1039
520192,976,1039
520193,977,1034
520194,973,1038
520195,974,1041
520196,977,1040
520197,977,1040
520198,974,1036
520199,973,1036
520200,973,1038
520201,977,1043
520202,979,1044
520203,979,1040
520204,977,1038
520205,973,1039
520206,971,1037
520207,971,1042
520208,973,1043
520209,973,1039
520210,972,1039
520211,968,1037
520212,967,1038
520213,967,1042
520214,968,1044
520215,972,1042
520216,968,1039
520217,966,1039
520218,967,1041
520219,968,1042
520220,974,1045
520221,972,1043
520222,967,1039
520223,966,1041
520224,968,1044
520225,971,1048
520226,974,1052
520227,977,1047
520228,975,1045
520229,972,1043
520230,974,1045
520231,972,1046
520232,973,1045
520233,978,1042
520234,984,1037
520235,994,1034
520236,1008,1034
520237,1023,1034
520238,1046,1033
520239,1073,1024
520240,1106,1013
520241,1141,997
520242,1184,990
520243,1227,986
520244,1268,987
520245,1304,995
520246,1319,1006
520247,1306,1019
520248,1268,1029
520249,1210,1032
520250,1151,1041
520251,1085,1054
520252,1016,1068
520253,960,1074
520254,936,1080
520255,939,1080
520256,955,1071
520257,965,1058
520258,972,1048
520259,972,1041
520260,968,1042
520261,966,1043
520262,966,1044
520263,965,1045
520264,964,1040
520265,955,1042
520266,955,1043
520267,955,1045
520268,954,1047
520269,954,1046
520270,952,1043
520271,947,1042
520272,943,1047
520273,944,1051
520274,950,1049
520275,951,1047
520276,949,1047
520277,944,1045
520278,943,1047
520279,943,1051
520280,947,1049
520281,947,1047
520282,947,1045
520283,941,1045
520284,944,1046
520285,947,1048
520286,950,1053
520287,948,1052
520288,944,1053
520289,946,1050
520290,945,1054
520291,943,1054
520292,946,1053
520293,948,1053
520294,947,1050
520295,945,1050
520296,945,1048
520297,951,1049
520298,951,1049
520299,948,1047
520300,943,1041
520301,941,1041
520302,942,1040
520303,949,1046
520304,952,1042
520305,951,1041
520306,951,1038
520307,949,1036
520308,951,1037
520309,950,1040
520310,955,1040
520311,957,1038
520312,954,1036
520313,954,1034
520314,954,1033
520315,959,1036
520316,961,1037
520317,961,1032
520318,960,1030
520319,959,1026
520320,960,1026
520321,966,1029
520322,968,1028
520323,967,1024
520324,964,1020
520325,964,1019
520326,965,1022
520327,966,1021
520328,971,1023
520329,971,1019
520330,969,1016
520331,969,1013
520332,970,1013
520333,972,1015
520334,972,1016
520335,973,1015
520336,972,1011
520337,970,1011
520338,974,1011
520339,977,1012
520340,979,1013
520341,982,1008
520342,982,1006
520343,980,1004
520344,980,1005
520345,981,1010
520346,983,1014
520347,988,1014
520348,985,1010
520349,987,1012
520350,986,1013
520351,987,1017
520352,991,1019
520353,990,1019
520354,988,1017
520355,984,1018
520356,983,1025
520357,986,1027
520358,990,1032
520359,989,1031
520360,983,1030
520361,980,1033
520362,978,1040
520363,981,1039
520364,982,1044
520365,979,1044
520366,975,1045
520367,971,1044
520368,970,1047
520369,968,1052
520370,971,1054
520371,970,1055
520372,965,1052
520373,963,1052
520374,963,1053
520375,965,1056
520376,971,1056
520377,969,1054
520378,965,1053
520379,965,1052
520380,966,1053
520381,968,1055
520382,973,1056
520383,974,1054
520384,973,1050
520385,964,1049
520386,964,1052
520387,965,1056
520388,966,1054
520389,964,1053
520390,965,1051
520391,965,1049
520392,962,1047
520393,964,1052
520394,967,1050
520395,969,1049
520396,967,1047
520397,963,1047
520398,963,1050
520399,967,1050
520400,971,1053
520401,971,1049
520402,966,1047
520403,964,1045
520404,962,1047
520405,967,1050
520406,972,1050
520407,972,1049
520408,969,1042
520409,965,1043
520410,964,1046
520411,968,1049
520412,970,1054
520413,967,1048
520414,964,1045
520415,960,1044
520416,961,1048
520417,967,1050
520418,966,1051
520419,968,1050
520420,965,1049
520421,958,1048
520422,963,1051
520423,967,1053
520424,969,1056
520425,968,1053
520426,963,1051
520427,962,1050
520428,965,1054
520429,969,1054
520430,971,1057
520431,970,1056
520432,970,1054
520433,967,1051
520434,967,1051
520435,969,1053
520436,975,1056
520437,972,1052
520438,968,1050
520439,961,1046
520440,963,1050
520441,967,1051
520442,967,1054
520443,966,1051
520444,966,1051
520445,962,1050
520446,961,1052
520447,965,1056
520448,968,1055
520449,963,1054
520450,959,1051
520451,956,1051
520452,956,1052
520453,957,1055
520454,961,1055
520455,960,1052
520456,961,1051
520457,959,1048
520458,957,1048
520459,958,1054
520460,962,1053
520461,962,1051
520462,962,1051
520463,961,1050
520464,960,1051
520465,963,1054
520466,966,1057
520467,966,1052
520468,966,1052
520469,964,1050
520470,965,1051
520471,966,1052
520472,968,1052
520473,970,1049
520474,971,1042
520475,980,1039
520476,995,1038
520477,1011,1037
520478,1035,1033
520479,1059,1029
520480,1087,1019
520481,1124,1004
520482,1165,997
520483,1213,995
520484,1258,997
520485,1299,1007
520486,1318,1023
520487,1299,1033
520488,1250,1038
520489,1188,1044
520490,1123,1055
520491,1052,1068
520492,985,1077
520493,939,1084
520494,923,1088
520495,929,1086
520496,952,1079
520497,964,1067
520498,969,1056
520499,967,1051
520500,962,1050
520501,962,1052
520502,959,1054
520503,959,1055
520504,954,1051
520505,947,1051
520506,941,1051
520507,946,1055
520508,950,1055
520509,949,1055
520510,946,1051
520511,942,1053
520512,943,1055
520513,947,1059
520514,951,1059
520515,948,1058
520516,947,1056
520517,942,1054
520518,941,1060
520519,944,1056
520520,946,1061
520521,948,1058
520522,945,1055
520523,945,1054
520524,946,1057
520525,948,1059
520526,950,1057
520527,952,1057
520528,949,1055
520529,946,1054
520530,945,1055
520531,947,1057
520532,952,1059
520533,952,1052
520534,949,1048
520535,949,1047
520536,951,1046
520537,949,1047
520538,951,1048
520539,949,1046
520540,943,1044
520541,941,1044
520542,943,1045
520543,945,1048
520544,948,1042
520545,953,1040
520546,951,1039
520547,945,1038
520548,945,1042
520549,953,1041
520550,956,1040
520551,956,1041
520552,952,1035
520553,954,1033
520554,952,1037
520555,958,1039
520556,960,1039
520557,959,1037
520558,954,1034
520559,956,1029
520560,956,1031
520561,961,1032
520562,967,1032
520563,967,1032
520564,966,1025
520565,962,1026
520566,965,1025
520567,966,1025
520568,970,1024
520569,973,1021
520570,970,1016
520571,967,1015
520572,969,1016
520573,974,1018
520574,975,1020
520575,978,1015
520576,978,1012
520577,972,1009
520578,972,1014
520579,977,1013
520580,980,1012
520581,983,1012
520582,980,1008
520583,981,1010
520584,986,1011
520585,991,1014
520586,991,1014
520587,991,1016
520588,988,1014
520589,983,1013
520590,986,1015
520591,986,1018
520592,987,1021
520593,991,1021
520594,988,1020
520595,986,1022
520596,987,1025
520597,986,1031
520598,987,1032
520599,984,1036
520600,978,1036
520601,974,1039
520602,970,1041
520603,970,1047
520604,971,1051
520605,968,1051
520606,966,1050
520607,962,1049
520608,964,1052
520609,966,1058
520610,970,1058
520611,970,1056
520612,967,1054
520613,965,1054
520614,964,1056
520615,962,1060
520616,966,1062
520617,968,1061
520618,968,1057
520619,963,1057
520620,963,1061
520621,964,1066
520622,968,1064
520623,966,1063
520624,966,1059
520625,965,1059
520626,963,1059
520627,964,1061
520628,966,1060
520629,969,1059
520630,964,1058
520631,964,1056
520632,964,1057
520633,965,1058
520634,968,1061
520635,966,1054
520636,961,1053
520637,958,1053
520638,958,1052
520639,962,1055
520640,966,1055
520641,966,1053
520642,963,1048
520643,960,1049
520644,960,1049
520645,964,1053
520646,965,1052
520647,964,1053
520648,962,1049
520649,964,1049
520650,960,1049
520651,961,1053
520652,967,1055
520653,964,1053
520654,966,1051
520655,961,1053
520656,957,1052
520657,959,1056
520658,964,1059
520659,964,1057
520660,963,1056
520661,963,1055
520662,964,1055
520663,966,1058
520664,969,1059
520665,963,1055
520666,960,1054
520667,957,1051
520668,960,1055
520669,960,1059
520670,960,1058
520671,965,1056
520672,965,1053
520673,961,1050
520674,958,1051
520675,959,1056
520676,960,1055
520677,960,1055
520678,958,1052
520679,957,1051
520680,957,1051
520681,957,1058
520682,958,1054
520683,956,1057
520684,952,1053
520685,953,1054
520686,951,1053
520687,954,1057
520688,958,1057
520689,954,1055
520690,951,1053
520691,950,1051
520692,949,1055
520693,953,1056
520694,958,1059
520695,956,1056
520696,953,1052
520697,949,1054
520698,946,1057
520699,951,1060
520700,955,1061
520701,955,1062
520702,951,1058
520703,949,1057
520704,947,1061
520705,949,1065
520706,955,1064
520707,953,1058
520708,953,1057
520709,950,1056
520710,953,1058
520711,954,1059
520712,957,1059
520713,958,1056
520714,954,1053
520715,952,1053
520716,951,1054
520717,954,1056
520718,954,1058
520719,954,1055
520720,952,1053
520721,954,1052
520722,953,1053
520723,955,1055
520724,960,1059
520725,959,1054
520726,955,1053
520727,948,1057
520728,947,1056
520729,953,1061
520730,955,1063
520731,954,1060
520732,950,1057
520733,948,1056
520734,949,1057
520735,949,1061
520736,955,1061
520737,953,1059
520738,953,1054
520739,950,1054
520740,947,1056
520741,951,1058
520742,952,1058
520743,954,1060
520744,953,1055
520745,952,1054
520746,949,1056
520747,948,1059
520748,951,1059
520749,950,1060
520750,948,1057
520751,948,1057
520752,948,1057
520753,955,1060
520754,957,1061
520755,958,1058
520756,955,1056
520757,955,1055
520758,953,1057
520759,949,1058
520760,952,1060
520761,955,1058
520762,950,1054
520763,950,1052
520764,950,1054
520765,953,1057
520766,958,1055
520767,956,1053
520768,953,1052
520769,952,1051
520770,952,1052
520771,952,1057
520772,955,1057
520773,955,1055
520774,954,1053
520775,952,1049
520776,948,1052
520777,951,1057
520778,958,1057
520779,955,1053
520780,955,1050
520781,953,1048
520782,953,1050
520783,956,1051
520784,956,1053
520785,954,1050
520786,953,1047
520787,951,1047
520788,954,1049
520789,958,1052
520790,960,1052
520791,957,1049
520792,953,1052
520793,953,1051
520794,953,1052
520795,952,1054
520796,956,1057
520797,957,1056
520798,957,1054
520799,957,1053
520800,957,1055
520801,957,1059
520802,960,1057
520803,960,1056
520804,959,1054
520805,954,1052
520806,954,1058
520807,957,1060
520808,957,1059
520809,961,1057
520810,958,1053
520811,956,1055
520812,955,1057
520813,959,1056
520814,961,1056
520815,960,1055
520816,958,1051
520817,955,1052
520818,953,1051
520819,954,1055
520820,961,1058
520821,962,1052
520822,963,1053
520823,958,1050
520824,958,1055
520825,961,1055
520826,964,1056
520827,964,1056
520828,962,1053
520829,961,1053
520830,958,1053
520831,962,1056
520832,961,1057
520833,959,1055
520834,960,1054
520835,958,1052
520836,957,1056
520837,962,1057
520838,966,1057
520839,963,1054
520840,962,1053
520841,961,1050
520842,961,1055
520843,961,1057
520844,965,1057
520845,963,1056
520846,963,1056
520847,958,1054
520848,964,1056
520849,963,1060
520850,960,1062
520851,959,1058
520852,959,1057
520853,958,1054
520854,964,1055
520855,964,1059
520856,964,1055
520857,965,1057
520858,966,1053
520859,964,1053
520860,965,1053
520861,965,1057
520862,969,1058
520863,968,1052
520864,968,1049
520865,967,1051
520866,967,1050
520867,971,1053
520868,971,1055
520869,971,1051
520870,967,1052
520871,965,1050
520872,964,1051
520873,967,1056
520874,972,1054
520875,971,1053
520876,971,1051
520877,966,1048
520878,961,1052
520879,962,1055
520880,969,1057
520881,973,1054
520882,971,1051
520883,968,1050
520884,966,1051
520885,970,1053
520886,972,1053
520887,971,1056
520888,968,1051
520889,967,1050
520890,965,1055
520891,968,1055
520892,971,1058
520893,973,1056
520894,971,1052
520895,970,1052
520896,969,1052
520897,972,1055
520898,971,1057
520899,970,1055
520900,967,1052
520901,970,1054
520902,972,1056
520903,973,1058
520904,971,1060
520905,972,1057
520906,972,1057
520907,971,1054
520908,971,1054
520909,975,1056
520910,977,1058
520911,976,1054
520912,973,1051
520913,970,1051
520914,971,1050
520915,976,1053
520916,977,1055
520917,978,1052
520918,976,1048
520919,977,1050
520920,975,1049
520921,976,1055
520922,977,1054
520923,975,1054
520924,974,1050
520925,971,1048
520926,970,1051
520927,972,1052
520928,977,1053
520929,976,1047
520930,975,1048
520931,972,1045
520932,973,1049
520933,971,1053
520934,976,1052
520935,976,1051
520936,971,1048
520937,970,1047
520938,966,1051
520939,969,1053
520940,973,1055
520941,973,1054
520942,971,1052
520943,973,1052
520944,975,1053
520945,977,1056
520946,977,1056
520947,979,1053
520948,975,1053
520949,972,1052
520950,975,1055
520951,976,1059
520952,982,1058
520953,978,1053
520954,978,1050
520955,977,1051
520956,975,1051
520957,975,1055
520958,979,1054
520959,977,1054
520960,978,1052
520961,979,1050
520962,978,1051
520963,982,1052
520964,986,1051
520965,984,1049
520966,983,1048
520967,980,1048
520968,978,1050
520969,979,1054
520970,983,1055
520971,982,1052
520972,982,1048
520973,982,1048
520974,980,1048
520975,985,1051
520976,990,1052
520977,988,1049
520978,985,1048
520979,978,1046
520980,976,1048
520981,982,1055
520982,985,1053
520983,986,1051
520984,982,1048
520985,978,1048
520986,977,1051
520987,979,1058
520988,986,1059
520989,986,1058
520990,984,1053
520991,982,1054
520992,984,1054
520993,984,1057
520994,986,1055
520995,986,1054
520996,984,1049
520997,981,1046
520998,983,1049
520999,987,1045
521000,992,1041
521001,995,1037
521002,1004,1030
521003,1015,1026
521004,1038,1025
521005,1066,1021
521006,1094,1015
521007,1127,1005
521008,1157,993
521009,1186,982
521010,1223,975
521011,1267,977
521012,1304,982
521013,1323,996
521014,1306,1014
521015,1252,1027
521016,1192,1036
521017,1134,1042
521018,1084,1045
521019,1034,1049
521020,994,1050
521021,975,1053
521022,979,1056
521023,994,1054
521024,1001,1052
521025,997,1047
521026,988,1043
521027,977,1045
521028,974,1047
521029,974,1051
521030,975,1051
521031,973,1050
521032,969,1051
521033,964,1049
521034,962,1050
521035,965,1055
521036,967,1058
521037,967,1057
521038,966,1053
521039,965,1053
521040,962,1055
521041,964,1059
521042,963,1063
521043,960,1056
521044,962,1056
521045,961,1054
521046,959,1056
521047,965,1057
521048,964,1057
521049,963,1057
521050,962,1055
521051,957,1055
521052,959,1057
521053,960,1058
521054,965,1059
521055,966,1055
521056,962,1055
521057,960,1053
521058,955,1057
521059,952,1058
521060,958,1059
521061,963,1055
521062,961,1053
521063,962,1051
521064,962,1051
521065,961,1057
521066,966,1056
521067,966,1053
521068,966,1050
521069,966,1049
521070,962,1052
521071,967,1052
521072,969,1053
521073,970,1049
521074,970,1047
521075,971,1046
521076,970,1047
521077,972,1048
521078,974,1048
521079,972,1047
521080,971,1044
521081,970,1041
521082,973,1043
521083,978,1046
521084,981,1043
521085,979,1043
521086,978,1040
521087,975,1039
521088,977,1040
521089,984,1044
521090,986,1045
521091,990,1042
521092,987,1038
521093,985,1039
521094,984,1039
521095,991,1040
521096,994,1040
521097,994,1040
521098,994,1035
521099,992,1033
521100,993,1034
521101,997,1035
521102,1001,1035
521103,1003,1034
521104,999,1030
521105,994,1032
521106,997,1031
521107,1004,1035
521108,1008,1033
521109,1007,1032
521110,1007,1027
521111,1007,1027
521112,1008,1028
521113,1010,1030
521114,1015,1029
521115,1016,1026
521116,1014,1022
521117,1008,1024
521118,1011,1025
521119,1016,1027
521120,1020,1029
521121,1019,1027
521122,1017,1027
521123,1016,1026
521124,1015,1029
521125,1012,1032
521126,1017,1036
521127,1018,1035
521128,1015,1033
521129,1010,1033
521130,1012,1038
521131,1009,1041
521132,1011,1041
521133,1007,1042
521134,1004,1036
521135,1001,1039
521136,1002,1044
521137,1002,1046
521138,1002,1046
521139,998,1047
521140,995,1047
521141,994,1045
521142,992,1048
521143,994,1050
521144,1001,1050
521145,996,1046
521146,993,1043
521147,988,1041
521148,985,1045
521149,984,1047
521150,987,1047
521151,988,1042
521152,986,1040
521153,983,1041
521154,983,1041
521155,987,1045
521156,987,1046
521157,983,1043
521158,982,1041
521159,981,1040
521160,981,1043
521161,985,1045
521162,984,1045
521163,983,1042
521164,981,1039
521165,980,1039
521166,986,1041
521167,989,1043
521168,992,1043
521169,990,1042
521170,988,1040
521171,986,1042
521172,989,1043
521173,990,1047
521174,992,1046
521175,990,1047
521176,988,1044
521177,985,1044
521178,989,1046
521179,992,1048
521180,993,1047
521181,991,1044
521182,989,1042
521183,987,1043
521184,986,1042
521185,991,1047
521186,991,1045
521187,991,1045
521188,987,1040
521189,984,1040
521190,985,1041
521191,985,1047
521192,987,1046
521193,983,1048
521194,983,1043
521195,981,1042
521196,979,1045
521197,982,1049
521198,985,1047
521199,984,1046
521200,984,1043
521201,977,1043
521202,983,1046
521203,981,1049
521204,984,1049
521205,986,1047
521206,982,1046
521207,979,1044
521208,980,1048
521209,981,1051
521210,982,1052
521211,980,1050
521212,977,1050
521213,977,1049
521214,977,1049
521215,979,1052
521216,981,1055
521217,977,1052
521218,974,1048
521219,971,1047
521220,974,1050
521221,979,1052
521222,980,1055
521223,981,1053
521224,978,1049
521225,977,1048
521226,976,1048
521227,979,1050
521228,982,1051
521229,980,1050
521230,976,1045
521231,977,1046
521232,976,1048
521233,979,1050
521234,979,1050
521235,981,1048
521236,981,1045
521237,980,1047
521238,982,1048
521239,984,1049
521240,986,1049
521241,982,1046
521242,983,1044
521243,978,1045
521244,980,1047
521245,980,1048
521246,980,1050
521247,981,1046
521248,980,1042
521249,976,1045
521250,976,1045
521251,980,1050
521252,983,1049
521253,983,1047
521254,977,1046
521255,976,1045
521256,977,1049
521257,978,1053
521258,982,1052
521259,982,1051
521260,979,1051
521261,975,1051
521262,974,1055
521263,978,1059
521264,979,1057
521265,976,1055
521266,976,1051
521267,972,1054
521268,971,1057
521269,977,1058
521270,980,1058
521271,981,1054
521272,977,1049
521273,977,1052
521274,975,1054
521275,976,1055
521276,978,1056
521277,979,1054
521278,977,1049
521279,973,1050
521280,973,1052
521281,978,1054
521282,983,1054
521283,979,1051
521284,975,1047
521285,972,1049
521286,975,1049
521287,983,1053
521288,986,1053
521289,985,1051
521290,984,1047
521291,982,1046
521292,982,1048
521293,983,1050
521294,985,1048
521295,983,1049
521296,983,1042
521297,979,1043
521298,979,1045
521299,982,1047
521300,986,1047
521301,985,1045
521302,986,1043
521303,985,1042
521304,981,1043
521305,978,1047
521306,979,1050
521307,981,1046
521308,979,1046
521309,974,1047
521310,973,1050
521311,977,1051
521312,980,1052
521313,979,1052
521314,979,1049
521315,975,1049
521316,970,1051
521317,973,1058
521318,980,1057
521319,983,1055
521320,978,1052
521321,977,1050
521322,977,1053
521323,979,1054
521324,986,1053
521325,988,1050
521326,987,1046
521327,988,1041
521328,995,1042
521329,1004,1041
521330,1019,1042
521331,1034,1036
521332,1053,1032
521333,1078,1024
521334,1113,1013
521335,1154,1005
521336,1199,994
521337,1240,988
521338,1279,988
521339,1316,1001
521340,1335,1022
521341,1327,1037
521342,1291,1043
521343,1232,1044
521344,1171,1047
521345,1109,1058
521346,1049,1072
521347,999,1079
521348,968,1080
521349,958,1078
521350,961,1071
521351,973,1063
521352,985,1054
521353,992,1050
521354,994,1051
521355,989,1049
521356,982,1046
521357,973,1045
521358,972,1049
521359,970,1055
521360,971,1055
521361,968,1054
521362,968,1052
521363,958,1051
521364,961,1055
521365,966,1057
521366,970,1057
521367,968,1054
521368,965,1053
521369,962,1053
521370,958,1055
521371,959,1057
521372,960,1059
521373,961,1054
521374,958,1050
521375,954,1049
521376,958,1052
521377,961,1054
521378,965,1052
521379,963,1052
521380,961,1049
521381,960,1050
521382,966,1050
521383,967,1049
521384,968,1051
521385,968,1048
521386,966,1047
521387,962,1048
521388,963,1047
521389,965,1051
521390,969,1051
521391,971,1046
521392,967,1044
521393,962,1043
521394,965,1044
521395,966,1046
521396,973,1046
521397,974,1043
521398,968,1039
521399,963,1039
521400,963,1043
521401,964,1041
521402,970,1044
521403,970,1043
521404,969,1038
521405,969,1037
521406,966,1039
521407,972,1039
521408,978,1039
521409,976,1038
521410,974,1034
521411,973,1034
521412,974,1033
521413,977,1038
521414,979,1037
521415,979,1035
521416,976,1032
521417,978,1031
521418,979,1031
521419,987,1030
521420,990,1031
521421,987,1026
521422,984,1023
521423,981,1020
521424,988,1022
521425,990,1024
521426,993,1022
521427,998,1022
521428,996,1018
521429,997,1015
521430,1003,1017
521431,1007,1020
521432,1010,1017
521433,1008,1014
521434,1002,1013
521435,1004,1011
521436,1005,1011
521437,1006,1014
521438,1010,1012
521439,1008,1010
521440,1007,1008
521441,1007,1004
521442,1003,1007
521443,1008,1011
521444,1010,1010
521445,1009,1007
521446,1011,1006
521447,1009,1008
521448,1010,1009
521449,1013,1014
521450,1018,1013
521451,1016,1013
521452,1010,1012
521453,1004,1016
521454,1002,1019
521455,1000,1022
521456,1004,1022
521457,1004,1023
521458,1002,1021
521459,997,1024
521460,998,1030
521461,997,1031
521462,996,1034
521463,995,1034
521464,986,1032
521465,985,1032
521466,985,1035
521467,982,1038
521468,985,1038
521469,982,1039
521470,981,1041
521471,979,1044
521472,980,1046
521473,983,1051
521474,984,1050
521475,981,1048
521476,981,1050
521477,976,1050
521478,974,1054
521479,973,1058
521480,980,1057
521481,980,1055
521482,981,1054
521483,979,1051
521484,982,1055
521485,984,1057
521486,988,1056
521487,987,1055
521488,984,1051
521489,981,1053
521490,981,1053
521491,980,1057
521492,982,1056
521493,978,1052
521494,975,1052
521495,975,1050
521496,977,1051
521497,980,1053
521498,980,1053
521499,983,1051
521500,978,1052
521501,981,1048
521502,979,1050
521503,979,1049
521504,982,1052
521505,983,1049
521506,982,1049
521507,978,1045
521508,976,1049
521509,973,1051
521510,979,1050
521511,979,1048
521512,976,1046
521513,978,1044
521514,980,1046
521515,981,1048
521516,983,1049
521517,982,1047
521518,976,1046
521519,973,1048
521520,973,1051
521521,974,1050
521522,979,1050
521523,980,1050
521524,980,1046
521525,980,1045
521526,981,1051
521527,984,1052
521528,986,1053
521529,983,1050
521530,978,1049
521531,976,1048
521532,975,1052
521533,981,1053
521534,982,1054
521535,983,1052
521536,981,1050
521537,977,1049
521538,975,1052
521539,978,1054
521540,980,1052
521541,977,1052
521542,976,1047
521543,974,1049
521544,977,1049
521545,976,1051
521546,977,1052
521547,978,1051
521548,979,1050
521549,977,1050
521550,975,1049
521551,976,1052
521552,976,1052
521553,975,1050
521554,973,1045
521555,972,1047
521556,971,1047
521557,975,1048
521558,978,1050
521559,980,1049
521560,976,1044
521561,974,1044
521562,973,1047
521563,976,1049
521564,977,1048
521565,977,1049
521566,971,1047
521567,968,1046
521568,972,1048
521569,976,1049
521570,978,1050
521571,974,1047
521572,969,1044
521573,970,1048
521574,973,1051
521575,978,1051
521576,986,1050
521577,984,1052
521578,979,1045
521579,974,1049
521580,974,1052
521581,977,1053
521582,981,1056
521583,979,1051
521584,978,1049
521585,975,1049
521586,975,1054
521587,978,1056
521588,980,1055
521589,979,1053
521590,979,1052
521591,979,1051
521592,977,1051
521593,981,1054
521594,983,1055
521595,978,1051
521596,977,1047
521597,976,1042
521598,987,1039
521599,999,1039
521600,1009,1036
521601,1020,1031
521602,1036,1026
521603,1057,1022
521604,1091,1017
521605,1130,1010
521606,1179,1000
521607,1223,993
521608,1264,995
521609,1303,1010
521610,1329,1034
521611,1319,1051
521612,1279,1058
521613,1211,1060
521614,1140,1066
521615,1067,1078
521616,999,1094
521617,952,1108
521618,935,1109
521619,943,1108
521620,959,1095
521621,970,1081
521622,978,1076
521623,982,1071
521624,986,1063
521625,977,1059
521626,970,1056
521627,966,1052
521628,965,1055
521629,968,1056
521630,969,1057
521631,962,1054
521632,960,1050
521633,955,1049
521634,959,1054
521635,963,1056
521636,964,1056
521637,959,1054
521638,956,1053
521639,954,1054
521640,956,1055
521641,959,1057
521642,963,1056
521643,959,1055
521644,957,1051
521645,955,1052
521646,958,1053
521647,960,1055
521648,963,1053
521649,959,1050
521650,960,1046
521651,954,1049
521652,956,1051
521653,955,1053
521654,960,1050
521655,957,1048
521656,953,1045
521657,952,1048
521658,952,1048
521659,955,1054
521660,960,1052
521661,962,1050
521662,955,1047
521663,950,1044
521664,953,1046
521665,956,1047
521666,961,1041
521667,960,1042
521668,957,1036
521669,957,1039
521670,957,1041
521671,960,1044
521672,965,1041
521673,966,1039
521674,961,1037
521675,956,1037
521676,959,1035
521677,961,1039
521678,970,1037
521679,972,1036
521680,975,1032
521681,973,1030
521682,972,1032
521683,972,1031
521684,977,1031
521685,975,1028
521686,976,1025
521687,971,1024
521688,976,1025
521689,981,1026
521690,984,1024
521691,984,1020
521692,987,1016
521693,987,1013
521694,988,1013
521695,990,1012
521696,994,1012
521697,996,1010
521698,996,1004
521699,994,1003
521700,997,1007
521701,998,1008
521702,1002,1005
521703,1002,1000
521704,997,998
521705,997,996
521706,995,1000
521707,998,1004
521708,1004,1004
521709,1004,1002
521710,1002,1000
521711,1001,1002
521712,1003,1005
521713,1005,1009
521714,1005,1010
521715,1005,1010
521716,1000,1010
521717,998,1010
521718,997,1014
521719,1000,1018
521720,1001,1021
521721,999,1020
521722,998,1021
521723,995,1025
521724,994,1031
521725,997,1036
521726,999,1038
521727,992,1040
521728,991,1041
521729,988,1045
521730,986,1048
521731,984,1053
521732,987,1054
521733,983,1054
521734,980,1054
521735,975,1055
521736,976,1058
521737,978,1063
521738,980,1065
521739,979,1062
521740,976,1061
521741,975,1061
521742,975,1065
521743,976,1067
521744,978,1065
521745,978,1063
521746,978,1060
521747,976,1060
521748,978,1061
521749,982,1061
521750,985,1060
521751,980,1057
521752,975,1053
521753,975,1053
521754,976,1055
521755,981,1057
521756,981,1056
521757,981,1053
521758,975,1049
521759,971,1052
521760,973,1055
521761,978,1057
521762,976,1055
521763,973,1053
521764,972,1054
521765,971,1053
521766,972,1056
521767,977,1058
521768,980,1059
521769,980,1055
521770,975,1052
521771,974,1051
521772,974,1055
521773,977,1059
521774,983,1057
521775,981,1057
521776,979,1053
521777,977,1055
521778,975,1056
521779,976,1058
521780,980,1058
521781,978,1057
521782,976,1054
521783,976,1054
521784,977,1059
521785,979,1061
521786,980,1061
521787,983,1059
521788,978,1059
521789,975,1056
521790,975,1060
521791,981,1061
521792,982,1061
521793,983,1060
521794,980,1058
521795,975,1057
521796,977,1060
521797,978,1062
521798,979,1061
521799,978,1058
521800,979,1056
521801,976,1054
521802,977,1057
521803,977,1059
521804,981,1059
521805,979,1057
521806,976,1056
521807,976,1058
521808,976,1060
521809,979,1062
521810,979,1062
521811,977,1059
521812,975,1058
521813,975,1057
521814,976,1061
521815,981,1060
521816,980,1060
521817,977,1060
521818,977,1056
521819,975,1056
521820,977,1060
521821,980,1061
521822,986,1063
521823,985,1060
521824,982,1056
521825,982,1055
521826,984,1058
521827,986,1062
521828,987,1061
521829,986,1058
521830,983,1055
521831,975,1056
521832,975,1059
521833,981,1062
521834,985,1059
521835,983,1057
521836,979,1056
521837,972,1056
521838,974,1059
521839,976,1060
521840,981,1061
521841,980,1058
521842,979,1057
521843,978,1054
521844,978,1059
521845,979,1059
521846,984,1058
521847,983,1058
521848,980,1056
521849,978,1056
521850,981,1059
521851,983,1061
521852,987,1062
521853,986,1057
521854,982,1054
521855,985,1053
521856,993,1053
521857,1003,1055
521858,1015,1051
521859,1026,1047
521860,1045,1045
521861,1076,1043
521862,1115,1037
521863,1157,1025
521864,1203,1019
521865,1244,1013
521866,1281,1011
521867,1313,1023
521868,1333,1036
521869,1330,1053
521870,1296,1053
521871,1242,1057
521872,1177,1061
521873,1110,1072
521874,1044,1087
521875,990,1096
521876,959,1101
521877,947,1097
521878,954,1092
521879,967,1084
521880,982,1074
521881,991,1071
521882,993,1066
521883,988,1061
521884,981,1054
521885,975,1053
521886,977,1056
521887,979,1056
521888,973,1058
521889,972,1056
521890,967,1052
521891,967,1054
521892,967,1054
521893,969,1057
521894,971,1057
521895,967,1054
521896,967,1053
521897,963,1051
521898,964,1055
521899,968,1059
521900,972,1058
521901,971,1057
521902,967,1053
521903,963,1052
521904,959,1060
521905,961,1063
521906,966,1065
521907,964,1062
521908,961,1060
521909,961,1060
521910,964,1062
521911,964,1067
521912,967,1066
521913,963,1065
521914,960,1062
521915,960,1062
521916,963,1063
521917,967,1065
521918,970,1062
521919,970,1063
521920,964,1061
521921,964,1058
521922,965,1061
521923,969,1065
521924,971,1061
521925,971,1060
521926,966,1057
521927,967,1058
521928,971,1059
521929,974,1059
521930,976,1059
521931,976,1057
521932,971,1053
521933,969,1049
521934,971,1053
521935,974,1053
521936,976,1051
521937,975,1045
521938,973,1043
521939,968,1041
521940,973,1043
521941,978,1044
521942,983,1042
521943,979,1035
521944,975,1033
521945,975,1036
521946,976,1037
521947,984,1039
521948,990,1037
521949,995,1034
521950,995,1029
521951,992,1029
521952,990,1031
521953,994,1033
521954,1000,1034
521955,1001,1031
521956,999,1026
521957,1003,1026
521958,1005,1028
521959,1008,1030
521960,1011,1032
521961,1008,1026
521962,1008,1023
521963,1005,1020
521964,1004,1024
521965,1010,1027
521966,1017,1025
521967,1019,1024
521968,1016,1020
521969,1014,1019
521970,1016,1023
521971,1018,1025
521972,1022,1024
521973,1020,1022
521974,1016,1020
521975,1014,1023
521976,1014,1024
521977,1014,1028
521978,1018,1027
521979,1015,1027
521980,1012,1028
521981,1008,1029
521982,1009,1035
521983,1009,1038
521984,1011,1037
521985,1005,1038
521986,999,1037
521987,994,1041
521988,992,1045
521989,991,1049
521990,993,1051
521991,989,1050
521992,984,1050
521993,981,1053
521994,982,1057
521995,982,1060
521996,984,1058
521997,983,1058
521998,977,1057
521999,976,1058
522000,978,1061
522001,978,1067
522002,981,1064
522003,981,1061
522004,980,1059
522005,978,1061
522006,979,1062
522007,986,1064
522008,989,1067
522009,989,1063
522010,986,1061
522011,983,1062
522012,986,1063
522013,986,1067
522014,990,1065
522015,990,1062
522016,988,1058
522017,988,1058
522018,990,1060
522019,996,1062
522020,1002,1058
522021,999,1057
522022,995,1053
522023,994,1056
522024,1000,1057
522025,1010,1060
522026,1014,1059
522027,1013,1059
522028,1014,1058
522029,1019,1059
522030,1021,1062
522031,1025,1062
522032,1035,1063
522033,1042,1055
522034,1051,1042
522035,1060,1029
522036,1073,1016
522037,1086,1009
522038,1103,994
522039,1115,983
522040,1128,965
522041,1140,954
522042,1159,940
522043,1181,920
522044,1201,898
522045,1218,879
522046,1231,866
522047,1242,855
522048,1251,847
522049,1257,846
522050,1263,842
522051,1260,838
522052,1256,835
522053,1249,834
522054,1242,835
522055,1235,834
522056,1220,836
522057,1199,835
522058,1176,840
522059,1153,848
522060,1131,857
522061,1109,870
522062,1091,879
522063,1070,890
522064,1055,902
522065,1047,913
522066,1046,931
522067,1050,946
522068,1052,955
522069,1041,959
522070,1034,966
522071,1037,973
522072,1048,982
522073,1066,993
522074,1090,998
522075,1108,998
522076,1118,996
522077,1105,999
522078,1075,1008
522079,1032,1020
522080,988,1034
522081,958,1044
522082,940,1054
522083,931,1070
522084,929,1087
522085,928,1097
522086,924,1103
522087,919,1104
522088,909,1104
522089,906,1108
522090,903,1115
522091,907,1116
522092,906,1117
522093,902,1117
522094,898,1118
522095,891,1120
522096,895,1124
522097,897,1130
522098,898,1130
522099,899,1132
522100,894,1128
522101,891,1131
522102,888,1137
522103,889,1141
522104,892,1143
522105,889,1142
522106,885,1139
522107,880,1143
522108,880,1148
522109,882,1152
522110,882,1155
522111,880,1155
522112,878,1152
522113,873,1155
522114,875,1161
522115,877,1167
522116,881,1164
522117,878,1164
522118,874,1167
522119,873,1169
522120,872,1173
522121,872,1176
522122,870,1180
522123,871,1178
522124,872,1178
522125,872,1180
522126,872,1186
522127,873,1188
522128,873,1191
522129,871,1193
522130,870,1192
522131,870,1196
522132,872,1199
522133,875,1206
522134,878,1206
522135,878,1205
522136,879,1205
522137,880,1208
522138,881,1209
522139,884,1213
522140,888,1212
522141,890,1209
522142,891,1207
522143,894,1208
522144,897,1208
522145,903,1208
522146,909,1204
522147,912,1200
522148,912,1193
522149,914,1188
522150,917,1186
522151,923,1183
522152,928,1176
522153,933,1168
522154,936,1160
522155,936,1155
522156,936,1154
522157,942,1153
522158,945,1146
522159,944,1139
522160,951,1131
522161,955,1129
522162,956,1125
522163,951,1122
522164,957,1119
522165,957,1108
522166,955,1106
522167,954,1100
522168,956,1099
522169,961,1097
522170,963,1091
522171,963,1087
522172,961,1081
522173,961,1077
522174,963,1076
522175,961,1078
522176,962,1077
522177,961,1074
522178,960,1069
522179,963,1069
522180,965,1069
522181,964,1070
522182,968,1066
522183,965,1065
522184,962,1064
522185,961,1063
522186,959,1066
522187,962,1069
522188,970,1070
522189,971,1067
522190,968,1064
522191,971,1063
522192,972,1065
522193,974,1069
522194,972,1067
522195,970,1066
522196,964,1063
522197,966,1064
522198,969,1066
522199,974,1064
522200,978,1066
522201,975,1063
522202,973,1060
522203,973,1060
522204,974,1064
522205,979,1065
522206,981,1063
522207,975,1061
522208,969,1060
522209,972,1060
522210,973,1061
522211,977,1065
522212,977,1062
522213,977,1061
522214,976,1055
522215,976,1054
522216,976,1057
522217,977,1061
522218,978,1057
522219,975,1055
522220,972,1054
522221,967,1055
522222,967,1057
522223,970,1059
522224,976,1055
522225,978,1055
522226,977,1053
522227,973,1054
522228,972,1056
522229,971,1056
522230,973,1059
522231,974,1055
522232,970,1053
522233,971,1054
522234,972,1056
522235,970,1059
522236,972,1060
522237,973,1054
522238,971,1053
522239,973,1052
522240,972,1053
522241,971,1054
522242,976,1056
522243,977,1055
522244,974,1055
522245,973,1052
522246,973,1057
522247,979,1057
522248,980,1057
522249,982,1055
522250,981,1054
522251,981,1053
522252,979,1056
522253,980,1058
522254,984,1058
522255,981,1055
522256,978,1054
522257,974,1053
522258,975,1055
522259,978,1056
522260,982,1057
522261,981,1054
522262,975,1052
522263,974,1054
522264,976,1056
522265,974,1059
522266,980,1057
522267,983,1055
522268,978,1051
522269,974,1050
522270,971,1055
522271,973,1056
522272,976,1055
522273,977,1056
522274,974,1052
522275,977,1053
522276,978,1055
522277,978,1058
522278,980,1056
522279,979,1055
522280,976,1053
522281,976,1051
522282,979,1054
522283,984,1056
522284,986,1056
522285,984,1052
522286,981,1047
522287,976,1048
522288,977,1050
522289,980,1052
522290,984,1052
522291,982,1051
522292,980,1048
522293,978,1052
522294,979,1051
522295,982,1053
522296,985,1053
522297,980,1052
522298,978,1048
522299,981,1048
522300,981,1051
522301,982,1050
522302,986,1054
522303,987,1053
522304,983,1049
522305,981,1051
522306,984,1052
522307,986,1056
522308,987,1055
522309,986,1055
522310,986,1053
522311,984,1053
522312,985,1052
522313,985,1055
522314,988,1054
522315,983,1055
522316,982,1053
522317,981,1052
522318,980,1056
522319,982,1060
522320,984,1056
522321,981,1054
522322,983,1052
522323,980,1050
522324,984,1055
522325,985,1057
522326,986,1056
522327,983,1054
522328,981,1052
522329,978,1049
522330,977,1055
522331,979,1057
522332,983,1057
522333,985,1055
522334,984,1050
522335,982,1048
522336,983,1050
522337,987,1050
522338,993,1051
522339,991,1049
522340,989,1048
522341,986,1048
522342,984,1050
522343,984,1054
522344,989,1052
522345,991,1049
522346,988,1046
522347,989,1048
522348,991,1051
522349,993,1053
522350,996,1054
522351,995,1050
522352,993,1050
522353,991,1047
522354,990,1052
522355,995,1055
522356,997,1052
522357,996,1051
522358,991,1047
522359,994,1044
522360,997,1046
522361,1001,1045
522362,1012,1043
522363,1022,1039
522364,1036,1037
522365,1054,1033
522366,1075,1029
522367,1107,1027
522368,1146,1015
522369,1182,1001
522370,1216,990
522371,1254,989
522372,1295,996
522373,1326,1014
522374,1332,1028
522375,1310,1039
522376,1257,1044
522377,1188,1049
522378,1122,1063
522379,1058,1076
522380,1006,1082
522381,971,1085
522382,960,1082
522383,969,1073
522384,989,1066
522385,1001,1057
522386,1007,1052
522387,1001,1048
522388,991,1045
522389,984,1046
522390,980,1049
522391,978,1051
522392,982,1048
522393,980,1049
522394,974,1047
522395,972,1048
522396,975,1051
522397,977,1054
522398,974,1052
522399,970,1053
522400,968,1051
522401,967,1050
522402,966,1054
522403,970,1055
522404,975,1056
522405,974,1053
522406,970,1050
522407,966,1051
522408,967,1055
522409,971,1058
522410,975,1057
522411,974,1057
522412,974,1055
522413,973,1055
522414,975,1057
522415,976,1062
522416,979,1061
522417,975,1057
522418,975,1052
522419,973,1052
522420,977,1054
522421,981,1058
522422,982,1057
522423,980,1055
522424,984,1051
522425,981,1049
522426,978,1051
522427,978,1053
522428,980,1052
522429,980,1049
522430,978,1047
522431,975,1046
522432,978,1047
522433,980,1049
522434,983,1050
522435,981,1044
522436,979,1040
522437,975,1041
522438,977,1042
522439,981,1045
522440,988,1041
522441,988,1038
522442,983,1035
522443,982,1037
522444,983,1038
522445,991,1039
522446,993,1039
522447,991,1035
522448,986,1032
522449,985,1032
522450,986,1035
522451,994,1038
522452,998,1034
522453,997,1032
522454,999,1026
522455,997,1025
522456,998,1030
522457,1002,1031
522458,1005,1029
522459,1007,1025
522460,1002,1024
522461,1003,1023
522462,1007,1023
522463,1011,1023
522464,1010,1023
522465,1012,1022
522466,1012,1017
522467,1014,1014
522468,1016,1019
522469,1021,1017
522470,1026,1017
522471,1025,1010
522472,1025,1010
522473,1025,1010
522474,1026,1012
522475,1031,1015
522476,1034,1013
522477,1031,1010
522478,1024,1009
522479,1026,1011
522480,1027,1012
522481,1035,1014
522482,1038,1015
522483,1033,1016
522484,1030,1014
522485,1025,1018
522486,1024,1021
522487,1029,1025
522488,1029,1024
522489,1027,1023
522490,1027,1024
522491,1024,1030
522492,1023,1035
522493,1025,1038
522494,1023,1039
522495,1014,1042
522496,1011,1041
522497,1007,1043
522498,1002,1048
522499,1007,1053
522500,1007,1052
522501,1005,1053
522502,1001,1051
522503,1001,1055
522504,999,1058
522505,1004,1060
522506,1004,1059
522507,1002,1058
522508,996,1055
522509,992,1054
522510,991,1057
522511,998,1056
522512,1002,1055
522513,998,1055
522514,997,1053
522515,997,1050
522516,997,1056
522517,1000,1055
522518,1003,1057
522519,1000,1054
522520,999,1049
522521,1000,1049
522522,999,1050
522523,1001,1052
522524,1005,1051
522525,1005,1050
522526,1002,1048
522527,1003,1045
522528,1004,1045
522529,1007,1049
522530,1008,1049
522531,1003,1046
522532,1005,1043
522533,1004,1042
522534,1003,1043
522535,1006,1046
522536,1008,1045
522537,1004,1044
522538,1001,1042
522539,1001,1042
522540,1002,1043
522541,1003,1045
522542,1005,1044
522543,1001,1042
522544,995,1039
522545,995,1043
522546,996,1043
522547,1001,1049
522548,1002,1046
522549,1001,1046
522550,997,1042
522551,995,1046
522552,996,1048
522553,999,1051
522554,1000,1050
522555,998,1045
522556,995,1043
522557,993,1045
522558,997,1049
522559,1002,1053
522560,1004,1051
522561,1001,1047
522562,995,1046
522563,993,1046
522564,999,1050
522565,1000,1052
522566,1002,1052
522567,1000,1049
522568,1003,1048
522569,998,1046
522570,998,1046
522571,997,1051
522572,1001,1049
522573,1000,1047
522574,997,1046
522575,999,1045
522576,997,1048
522577,997,1052
522578,996,1051
522579,996,1051
522580,995,1048
522581,994,1048
522582,995,1050
522583,994,1051
522584,997,1046
522585,999,1042
522586,1002,1035
522587,1010,1035
522588,1022,1035
522589,1033,1035
522590,1052,1033
522591,1076,1024
522592,1106,1016
522593,1147,1005
522594,1194,1003
522595,1242,1003
522596,1287,1011
522597,1324,1024
522598,1333,1041
522599,1315,1053
522600,1274,1057
522601,1215,1060
522602,1151,1067
522603,1078,1078
522604,1009,1090
522605,963,1095
522606,947,1099
522607,961,1096
522608,982,1085
522609,992,1071
522610,993,1061
522611,994,1057
522612,992,1055
522613,990,1055
522614,988,1054
522615,986,1051
522616,981,1049
522617,975,1047
522618,971,1049
522619,973,1052
522620,974,1054
522621,973,1051
522622,967,1049
522623,965,1051
522624,964,1051
522625,970,1055
522626,974,1056
522627,972,1055
522628,969,1053
522629,969,1052
522630,967,1054
522631,969,1060
522632,972,1056
522633,970,1055
522634,965,1053
522635,967,1055
522636,967,1058
522637,968,1059
522638,969,1058
522639,967,1056
522640,968,1050
522641,966,1050
522642,971,1054
522643,973,1056
522644,974,1054
522645,967,1054
522646,965,1053
522647,962,1052
522648,966,1056
522649,971,1055
522650,972,1055
522651,969,1051
522652,964,1048
522653,964,1048
522654,965,1050
522655,969,1051
522656,969,1050
522657,970,1046
522658,967,1044
522659,969,1046
522660,971,1044
522661,974,1045
522662,974,1044
522663,974,1039
522664,971,1035
522665,969,1037
522666,973,1036
522667,978,1037
522668,983,1037
522669,982,1030
522670,980,1028
522671,977,1026
522672,980,1030
522673,986,1029
522674,985,1026
522675,987,1023
522676,983,1017
522677,981,1019
522678,985,1019
522679,992,1018
522680,995,1017
522681,994,1014
522682,993,1009
522683,991,1009
522684,993,1011
522685,995,1012
522686,995,1013
522687,996,1008
522688,993,1006
522689,995,1006
522690,995,1009
522691,999,1011
522692,1005,1011
522693,1001,1007
522694,996,1004
522695,994,1006
522696,998,1011
522697,1002,1013
522698,1004,1015
522699,1007,1015
522700,1006,1011
522701,1005,1014
522702,1009,1018
522703,1007,1020
522704,1006,1020
522705,1001,1023
522706,998,1021
522707,999,1025
522708,1002,1030
522709,1004,1038
522710,1001,1039
522711,997,1043
522712,996,1043
522713,994,1046
522714,995,1049
522715,995,1055
522716,997,1055
522717,990,1053
522718,991,1053
522719,986,1057
522720,986,1060
522721,987,1063
522722,989,1064
522723,984,1060
522724,981,1062
522725,977,1061
522726,977,1062
522727,985,1066
522728,985,1067
522729,988,1063
522730,985,1061
522731,984,1061
522732,982,1065
522733,985,1063
522734,988,1066
522735,985,1062
522736,982,1058
522737,981,1059
522738,979,1061
522739,984,1062
522740,987,1059
522741,985,1058
522742,982,1055
522743,981,1056
522744,983,1057
522745,984,1060
522746,985,1059
522747,984,1057
522748,982,1054
522749,982,1054
522750,985,1055
522751,989,1056
522752,990,1056
522753,988,1056
522754,985,1052
522755,985,1053
522756,985,1056
522757,989,1056
522758,993,1056
522759,993,1054
522760,986,1052
522761,983,1055
522762,982,1055
522763,985,1062
522764,988,1059
522765,988,1059
522766,982,1057
522767,977,1059
522768,979,1058
522769,980,1064
522770,984,1064
522771,984,1060
522772,982,1058
522773,978,1060
522774,980,1060
522775,977,1064
522776,977,1062
522777,977,1060
522778,977,1057
522779,972,1059
522780,972,1063
522781,973,1065
522782,976,1063
522783,978,1062
522784,977,1060
522785,975,1059
522786,976,1061
522787,979,1062
522788,979,1061
522789,976,1060
522790,974,1057
522791,973,1060
522792,976,1063
522793,979,1062
522794,982,1061
522795,983,1059
522796,981,1056
522797,982,1054
522798,981,1060
522799,984,1063
522800,987,1060
522801,985,1060
522802,982,1057
522803,979,1058
522804,981,1061
522805,984,1063
522806,986,1059
522807,984,1057
522808,984,1054
522809,979,1054
522810,981,1056
522811,984,1058
522812,984,1060
522813,983,1058
522814,978,1056
522815,977,1056
522816,978,1060
522817,983,1062
522818,983,1059
522819,977,1061
522820,974,1059
522821,973,1058
522822,977,1060
522823,981,1066
522824,983,1061
522825,982,1057
522826,985,1052
522827,989,1047
522828,1001,1048
522829,1016,1048
522830,1030,1043
522831,1055,1038
522832,1086,1026
522833,1127,1015
522834,1175,1008
522835,1224,1007
522836,1273,1008
522837,1308,1022
522838,1316,1040
522839,1295,1054
522840,1244,1061
522841,1176,1066
522842,1106,1078
522843,1029,1092
522844,971,1103
522845,941,1110
522846,941,1113
522847,962,1105
522848,981,1093
522849,986,1075
522850,989,1070
522851,987,1065
522852,981,1065
522853,983,1067
522854,981,1063
522855,978,1063
522856,969,1058
522857,962,1061
522858,962,1064
522859,968,1068
522860,970,1068
522861,969,1064
522862,963,1063
522863,958,1062
522864,956,1066
522865,957,1071
522866,960,1068
522867,957,1066
522868,953,1064
522869,953,1064
522870,954,1064
522871,957,1069
522872,957,1066
522873,953,1061
522874,951,1060
522875,951,1058
522876,954,1064
522877,961,1064
522878,967,1065
522879,964,1063
522880,962,1061
522881,961,1060
522882,962,1062
522883,961,1062
522884,963,1060
522885,964,1058
522886,962,1053
522887,962,1054
522888,964,1054
522889,968,1054
522890,971,1051
522891,969,1050
522892,969,1046
522893,966,1046
522894,969,1046
522895,973,1051
522896,973,1049
522897,972,1048
522898,969,1043
522899,968,1045
522900,965,1048
522901,970,1049
522902,972,1048
522903,973,1045
522904,969,1042
522905,969,1045
522906,971,1044
522907,975,1047
522908,976,1046
522909,981,1043
522910,977,1038
522911,976,1040
522912,978,1039
522913,980,1041
522914,984,1038
522915,982,1033
522916,982,1030
522917,978,1028
522918,979,1031
522919,986,1031
522920,990,1031
522921,987,1028
522922,988,1023
522923,989,1025
522924,993,1026
522925,996,1030
522926,1000,1028
522927,1001,1025
522928,1000,1022
522929,1000,1022
522930,1000,1025
522931,1007,1026
522932,1009,1025
522933,1013,1022
522934,1012,1019
522935,1013,1020
522936,1014,1023
522937,1016,1025
522938,1019,1025
522939,1016,1022
522940,1014,1022
522941,1006,1026
522942,1008,1030
522943,1009,1036
522944,1012,1038
522945,1012,1037
522946,1005,1041
522947,1001,1045
522948,997,1048
522949,997,1054
522950,997,1057
522951,996,1056
522952,993,1058
522953,990,1059
522954,988,1064
522955,988,1069
522956,988,1070
522957,986,1066
522958,983,1065
522959,981,1067
522960,982,1070
522961,984,1073
522962,984,1071
522963,984,1069
522964,982,1069
522965,980,1067
522966,978,1068
522967,980,1071
522968,984,1070
522969,982,1070
522970,981,1067
522971,982,1068
522972,981,1068
522973,985,1071
522974,988,1071
522975,991,1068
522976,988,1066
522977,988,1065
522978,991,1067
522979,991,1067
522980,993,1066
522981,991,1062
522982,989,1058
522983,988,1059
522984,987,1060
522985,992,1065
522986,990,1063
522987,988,1060
522988,984,1058
522989,980,1058
522990,987,1060
522991,989,1061
522992,988,1059
522993,992,1055
522994,989,1057
522995,985,1056
522996,987,1062
522997,989,1064
522998,992,1061
522999,988,1059
523000,985,1057
523001,986,1055
523002,988,1060
523003,989,1061
523004,992,1060
523005,994,1059
523006,985,1056
523007,983,1058
523008,986,1061
523009,989,1062
523010,992,1061
523011,991,1060
523012,989,1057
523013,987,1059
523014,985,1062
523015,987,1064
523016,988,1063
523017,990,1063
523018,986,1059
523019,983,1061
523020,988,1065
523021,990,1068
523022,991,1065
523023,989,1062
523024,984,1063
523025,984,1065
523026,985,1064
523027,988,1070
523028,989,1067
523029,989,1064
523030,987,1063
523031,984,1066
523032,984,1066
523033,988,1069
523034,986,1069
523035,988,1065
523036,981,1065
523037,980,1066
523038,983,1068
523039,987,1072
523040,990,1069
523041,987,1068
523042,982,1065
523043,981,1065
523044,984,1068
523045,989,1073
523046,990,1069
523047,989,1065
523048,987,1058
523049,993,1056
523050,1005,1057
523051,1018,1054
523052,1035,1051
523053,1054,1049
523054,1077,1043
523055,1112,1035
523056,1155,1026
523057,1202,1020
523058,1247,1015
523059,1291,1019
523060,1321,1030
523061,1329,1046
523062,1307,1056
523063,1261,1058
523064,1196,1066
523065,1120,1072
523066,1052,1083
523067,989,1096
523068,960,1100
523069,956,1106
523070,967,1097
523071,980,1083
523072,986,1073
523073,989,1068
523074,992,1065
523075,993,1067
523076,990,1063
523077,984,1059
523078,977,1059
523079,974,1060
523080,974,1064
523081,975,1068
523082,976,1067
523083,972,1062
523084,967,1062
523085,967,1061
523086,969,1063
523087,971,1067
523088,972,1066
523089,969,1067
523090,967,1063
523091,964,1067
523092,965,1070
523093,968,1072
523094,970,1073
523095,970,1068
523096,964,1065
523097,963,1066
523098,967,1068
523099,970,1070
523100,974,1069
523101,968,1065
523102,964,1062
523103,962,1063
523104,964,1065
523105,967,1065
523106,967,1062
523107,969,1061
523108,968,1057
523109,968,1059
523110,968,1061
523111,971,1065
523112,972,1061
523113,970,1062
523114,973,1058
523115,972,1059
523116,972,1062
523117,977,1062
523118,979,1060
523119,978,1059
523120,974,1055
523121,973,1056
523122,976,1056
523123,978,1060
523124,984,1056
523125,983,1055
523126,981,1052
523127,978,1051
523128,979,1052
523129,983,1053
523130,986,1052
523131,984,1048
523132,981,1046
523133,985,1045
523134,986,1046
523135,987,1047
523136,991,1045
523137,993,1041
523138,991,1038
523139,992,1037
523140,996,1039
523141,996,1041
523142,999,1038
523143,998,1039
523144,995,1034
523145,997,1033
523146,997,1035
523147,997,1036
523148,997,1034
523149,997,1031
523150,997,1025
523151,994,1024
523152,997,1023
523153,1001,1026
523154,998,1023
523155,998,1020
523156,997,1020
523157,997,1019
523158,1003,1022
523159,1006,1025
523160,1004,1026
523161,1001,1023
523162,998,1023
523163,995,1026
523164,998,1031
523165,1001,1036
523166,1005,1036
523167,1009,1035
523168,1007,1034
523169,1006,1038
523170,1007,1042
523171,1008,1049
523172,1013,1047
523173,1011,1045
523174,1010,1046
523175,1002,1048
523176,1002,1054
523177,1003,1057
523178,1002,1061
523179,1000,1060
523180,997,1060
523181,992,1063
523182,990,1063
523183,990,1070
523184,992,1071
523185,990,1067
523186,989,1067
523187,987,1065
523188,991,1069
523189,993,1070
523190,995,1070
523191,991,1068
523192,985,1064
523193,984,1066
523194,986,1068
523195,986,1069
523196,984,1067
523197,979,1067
523198,981,1065
523199,978,1064
523200,981,1063
523201,984,1066
523202,985,1065
523203,986,1061
523204,986,1061
523205,986,1059
523206,989,1063
523207,990,1064
523208,992,1063
523209,990,1059
523210,986,1057
523211,988,1057
523212,992,1059
523213,995,1062
523214,999,1060
523215,998,1059
523216,997,1054
523217,988,1058
523218,987,1059
523219,990,1061
523220,993,1062
523221,991,1061
523222,987,1057
523223,987,1059
523224,987,1062
523225,991,1064
523226,991,1064
523227,989,1063
523228,987,1060
523229,984,1063
523230,988,1064
523231,992,1070
523232,992,1070
523233,987,1065
523234,987,1066
523235,986,1068
523236,985,1069
523237,988,1072
523238,988,1068
523239,988,1065
523240,987,1061
523241,984,1060
523242,985,1064
523243,986,1063
523244,986,1063
523245,988,1060
523246,986,1057
523247,983,1057
523248,983,1060
523249,986,1061
523250,985,1061
523251,984,1056
523252,983,1056
523253,982,1056
523254,985,1058
523255,988,1060
523256,990,1057
523257,990,1059
523258,986,1054
523259,986,1055
523260,989,1060
523261,992,1062
523262,993,1064
523263,992,1060
523264,984,1058
523265,985,1059
523266,986,1061
523267,992,1067
523268,989,1065
523269,990,1063
523270,989,1059
523271,987,1063
523272,987,1064
523273,990,1065
523274,994,1064
523275,992,1060
523276,990,1059
523277,987,1060
523278,991,1059
523279,997,1059
523280,1000,1057
523281,1006,1053
523282,1012,1047
523283,1023,1047
523284,1041,1048
523285,1072,1045
523286,1104,1040
523287,1138,1027
523288,1173,1016
523289,1214,1010
523290,1257,1010
523291,1298,1016
523292,1332,1031
523293,1333,1041
523294,1300,1048
523295,1237,1051
523296,1166,1060
523297,1094,1075
523298,1024,1087
523299,970,1094
523300,944,1092
523301,955,1090
523302,975,1079
523303,994,1075
523304,1002,1065
523305,996,1060
523306,988,1057
523307,978,1058
523308,976,1063
523309,976,1066
523310,974,1065
523311,970,1066
523312,961,1063
523313,962,1065
523314,965,1066
523315,966,1069
523316,965,1067
523317,968,1064
523318,965,1061
523319,966,1062
523320,968,1063
523321,972,1065
523322,974,1063
523323,972,1061
523324,967,1061
523325,967,1062
523326,966,1065
523327,970,1066
523328,971,1066
523329,967,1065
523330,965,1063
523331,964,1062
523332,966,1063
523333,969,1063
523334,972,1062
523335,970,1061
523336,966,1059
523337,963,1059
523338,962,1058
523339,964,1062
523340,963,1060
523341,963,1058
523342,961,1056
523343,961,1055
523344,962,1057
523345,963,1060
523346,964,1059
523347,963,1054
523348,960,1053
523349,958,1052
523350,961,1055
523351,964,1057
523352,967,1052
523353,963,1052
523354,962,1049
523355,964,1051
523356,965,1052
523357,967,1054
523358,972,1053
523359,972,1050
523360,971,1048
523361,969,1048
523362,970,1049
523363,974,1053
523364,981,1052
523365,981,1045
523366,979,1043
523367,982,1042
523368,983,1044
523369,991,1044
523370,992,1042
523371,992,1039
523372,991,1034
523373,990,1035
523374,994,1037
523375,996,1037
523376,997,1036
523377,996,1033
523378,995,1029
523379,993,1030
523380,998,1030
523381,1000,1031
523382,1005,1028
523383,1002,1026
523384,997,1023
523385,996,1023
523386,998,1025
523387,1005,1028
523388,1006,1023
523389,1004,1022
523390,1001,1019
523391,998,1019
523392,999,1021
523393,1007,1025
523394,1008,1026
523395,1008,1023
523396,1003,1025
523397,1000,1025
523398,1003,1029
523399,1000,1031
523400,1004,1032
523401,999,1030
523402,993,1032
523403,991,1039
523404,993,1042
523405,995,1048
523406,997,1046
523407,992,1049
523408,991,1051
523409,991,1054
523410,990,1057
523411,990,1061
523412,991,1060
523413,985,1058
523414,983,1060
523415,982,1061
523416,983,1063
523417,986,1068
523418,987,1068
523419,985,1065
523420,980,1063
523421,980,1063
523422,983,1066
523423,982,1068
523424,985,1067
523425,986,1062
523426,982,1061
523427,982,1061
523428,980,1064
523429,981,1068
523430,984,1068
523431,985,1063
523432,980,1063
523433,980,1062
523434,981,1064
523435,983,1066
523436,988,1065
523437,985,1064
523438,984,1061
523439,982,1062
523440,982,1064
523441,989,1066
523442,987,1065
523443,984,1061
523444,979,1059
523445,982,1060
523446,986,1062
523447,984,1063
523448,986,1062
523449,985,1060
523450,980,1057
523451,976,1060
523452,980,1063
523453,982,1067
523454,979,1065
523455,978,1061
523456,976,1058
523457,978,1058
523458,982,1061
523459,986,1061
523460,984,1058
523461,985,1054
523462,981,1053
523463,976,1053
523464,977,1053
523465,981,1057
523466,981,1056
523467,979,1053
523468,975,1050
523469,975,1053
523470,977,1057
523471,981,1057
523472,980,1056
523473,980,1053
523474,977,1051
523475,974,1055
523476,976,1055
523477,976,1058
523478,975,1060
523479,974,1058
523480,971,1055
523481,970,1058
523482,972,1060
523483,976,1062
523484,977,1063
523485,977,1061
523486,973,1059
523487,971,1061
523488,973,1065
523489,977,1066
523490,977,1066
523491,976,1064
523492,974,1064
523493,974,1063
523494,975,1066
523495,976,1071
523496,980,1071
523497,979,1068
523498,980,1068
523499,976,1068
523500,979,1072
523501,982,1070
523502,982,1067
523503,978,1065
523504,974,1062
523505,975,1061
523506,975,1063
523507,978,1065
523508,980,1065
523509,977,1061
523510,975,1058
523511,977,1058
523512,977,1061
523513,976,1063
523514,980,1062
523515,980,1059
523516,978,1056
523517,975,1057
523518,977,1058
523519,978,1063
523520,978,1064
523521,975,1059
523522,971,1058
523523,972,1059
523524,975,1060
523525,975,1063
523526,976,1061
523527,976,1061
523528,970,1057
523529,972,1060
523530,972,1063
523531,974,1065
523532,973,1064
523533,970,1063
523534,967,1064
523535,968,1065
523536,971,1067
523537,971,1069
523538,970,1067
523539,972,1067
523540,972,1067
523541,970,1067
523542,973,1069
523543,975,1070
523544,978,1067
523545,979,1062
523546,979,1060
523547,977,1062
523548,976,1065
523549,976,1066
523550,980,1062
523551,978,1061
523552,978,1057
523553,976,1058
523554,978,1060
523555,978,1061
523556,977,1061
523557,973,1055
523558,973,1055
523559,969,1055
523560,974,1059
523561,978,1060
523562,978,1060
523563,975,1058
523564,971,1056
523565,974,1056
523566,976,1057
523567,974,1060
523568,974,1060
523569,971,1059
523570,971,1058
523571,970,1057
523572,972,1059
523573,974,1061
523574,975,1061
523575,969,1059
523576,970,1057
523577,967,1060
523578,969,1060
523579,975,1065
523580,973,1065
523581,969,1066
523582,967,1065
523583,964,1068
523584,969,1072
523585,977,1074
523586,981,1072
523587,981,1068
523588,978,1063
523589,976,1062
523590,971,1065
523591,979,1069
523592,980,1069
523593,981,1064
523594,977,1062
523595,976,1061
523596,982,1065
523597,986,1067
523598,987,1064
523599,984,1062
523600,980,1060
523601,978,1059
523602,979,1059
523603,983,1064
523604,977,1061
523605,977,1059
523606,974,1056
523607,975,1058
523608,976,1059
523609,976,1058
523610,974,1061
523611,974,1057
523612,971,1058
523613,969,1059
523614,972,1060
523615,975,1063
523616,973,1062
523617,975,1059
523618,970,1057
523619,972,1058
523620,972,1061
523621,972,1060
523622,975,1061
523623,976,1063
523624,973,1061
523625,970,1058
523626,973,1062
523627,977,1068
523628,977,1066
523629,975,1067
523630,974,1065
523631,974,1066
523632,977,1068
523633,979,1072
523634,984,1068
523635,984,1068
523636,981,1066
523637,980,1065
523638,979,1064
523639,979,1062
523640,983,1062
523641,981,1062
523642,979,1058
523643,980,1057
523644,983,1058
523645,984,1060
523646,986,1059
523647,982,1057
523648,978,1054
523649,977,1055
523650,980,1056
523651,981,1059
523652,981,1058
523653,978,1057
523654,972,1054
523655,970,1055
523656,976,1058
523657,978,1061
523658,979,1059
523659,979,1056
523660,975,1054
523661,977,1053
523662,976,1056
523663,980,1059
523664,980,1058
523665,975,1056
523666,975,1054
523667,974,1055
523668,983,1059
523669,985,1060
523670,987,1062
523671,983,1061
523672,982,1058
523673,984,1056
523674,985,1055
523675,990,1055
523676,997,1052
523677,1006,1050
523678,1020,1048
523679,1039,1047
523680,1066,1045
523681,1096,1043
523682,1136,1034
523683,1170,1019
523684,1204,1008
523685,1240,1003
523686,1285,1004
523687,1325,1011
523688,1339,1022
523689,1322,1031
523690,1273,1042
523691,1203,1049
523692,1139,1056
523693,1079,1063
523694,1020,1067
523695,979,1070
523696,962,1071
523697,962,1069
523698,981,1066
523699,995,1061
523700,996,1055
523701,988,1054
523702,978,1053
523703,971,1056
523704,972,1057
523705,971,1059
523706,973,1059
523707,966,1056
523708,966,1053
523709,962,1053
523710,963,1057
523711,965,1060
523712,964,1062
523713,959,1059
523714,955,1058
523715,952,1058
523716,955,1064
523717,960,1067
523718,960,1065
523719,958,1062
523720,951,1061
523721,949,1065
523722,952,1069
523723,953,1072
523724,956,1069
523725,954,1068
523726,952,1066
523727,952,1068
523728,956,1070
523729,962,1072
523730,964,1073
523731,960,1071
523732,955,1068
523733,955,1068
523734,958,1070
523735,963,1070
523736,965,1063
523737,963,1062
523738,956,1057
523739,961,1059
523740,961,1061
523741,966,1063
523742,964,1061
523743,965,1058
523744,962,1055
523745,961,1054
523746,964,1057
523747,968,1059
523748,969,1057
523749,967,1054
523750,966,1051
523751,966,1052
523752,969,1052
523753,970,1055
523754,971,1053
523755,970,1051
523756,967,1049
523757,967,1049
523758,970,1054
523759,969,1051
523760,974,1051
523761,973,1047
523762,972,1044
523763,973,1044
523764,972,1048
523765,976,1048
523766,978,1048
523767,978,1045
523768,977,1043
523769,977,1043
523770,978,1046
523771,980,1047
523772,984,1046
523773,985,1042
523774,985,1041
523775,986,1043
523776,987,1043
523777,991,1047
523778,995,1045
523779,992,1044
523780,994,1042
523781,997,1044
523782,1000,1051
523783,1005,1050
523784,1011,1048
523785,1009,1045
523786,1010,1043
523787,1010,1043
523788,1012,1043
523789,1014,1044
523790,1018,1041
523791,1015,1036
523792,1008,1029
523793,1008,1034
523794,1011,1033
523795,1014,1038
523796,1019,1036
523797,1020,1034
523798,1018,1030
523799,1015,1032
523800,1016,1035
523801,1016,1037
523802,1013,1039
523803,1012,1037
523804,1009,1035
523805,1006,1039
523806,1003,1041
523807,1004,1046
523808,1001,1047
523809,997,1044
523810,994,1045
523811,992,1048
523812,993,1052
523813,992,1054
523814,992,1054
523815,988,1052
523816,983,1052
523817,985,1054
523818,985,1056
523819,986,1061
523820,985,1060
523821,981,1056
523822,978,1055
523823,974,1058
523824,976,1060
523825,979,1061
523826,978,1065
523827,975,1060
523828,972,1060
523829,972,1060
523830,977,1063
523831,979,1069
523832,984,1065
523833,983,1065
523834,980,1061
523835,980,1063
523836,982,1066
523837,987,1072
523838,989,1070
523839,985,1069
523840,983,1065
523841,983,1068
523842,988,1072
523843,989,1072
523844,991,1070
523845,989,1061
523846,987,1057
523847,985,1056
523848,990,1059
523849,992,1060
523850,990,1059
523851,992,1056
523852,988,1052
523853,988,1052
523854,986,1053
523855,989,1055
523856,990,1054
523857,987,1052
523858,984,1050
523859,979,1052
523860,983,1054
523861,987,1058
523862,989,1056
523863,987,1053
523864,979,1054
523865,978,1053
523866,981,1057
523867,986,1061
523868,986,1058
523869,982,1055
523870,979,1055
523871,978,1056
523872,977,1057
523873,979,1060
523874,986,1058
523875,985,1059
523876,980,1055
523877,977,1055
523878,978,1060
523879,980,1064
523880,983,1064
523881,983,1064
523882,979,1060
523883,978,1064
523884,982,1064
523885,981,1067
523886,985,1068
523887,981,1064
523888,976,1063
523889,976,1065
523890,978,1066
523891,982,1068
523892,985,1067
523893,981,1065
523894,980,1060
523895,980,1061
523896,980,1062
523897,984,1062
523898,984,1057
523899,982,1057
523900,983,1055
523901,981,1057
523902,984,1057
523903,988,1062
523904,985,1057
523905,983,1055
523906,977,1054
523907,978,1057
523908,978,1060
523909,984,1061
523910,984,1060
523911,980,1057
523912,978,1055
523913,970,1055
523914,971,1060
523915,971,1062
523916,976,1059
523917,976,1060
523918,974,1060
523919,976,1059
523920,975,1061
523921,975,1065
523922,976,1062
523923,976,1062
523924,973,1058
523925,971,1060
523926,973,1062
523927,973,1067
523928,975,1065
523929,973,1063
523930,971,1063
523931,970,1063
523932,974,1065
523933,977,1069
523934,977,1068
523935,974,1069
523936,970,1063
523937,971,1066
523938,974,1069
523939,973,1072
523940,980,1073
523941,980,1070
523942,975,1068
523943,969,1069
523944,971,1072
523945,974,1074
523946,977,1071
523947,978,1064
523948,977,1060
523949,976,1060
523950,979,1059
523951,983,1060
523952,984,1058
523953,980,1056
523954,975,1054
523955,972,1054
523956,976,1056
523957,979,1058
523958,979,1056
523959,978,1057
523960,977,1052
523961,974,1054
523962,975,1058
523963,976,1059
523964,978,1057
523965,978,1058
523966,973,1055
523967,972,1055
523968,974,1060
523969,978,1061
523970,980,1062
523971,979,1058
523972,976,1054
523973,973,1057
523974,974,1060
523975,977,1061
523976,976,1061
523977,975,1061
523978,972,1059
523979,974,1060
523980,975,1062
523981,977,1062
523982,981,1063
523983,981,1059
523984,976,1057
523985,973,1059
523986,976,1060
523987,981,1063
523988,980,1061
523989,979,1060
523990,972,1058
523991,970,1058
523992,972,1064
523993,976,1068
523994,978,1066
523995,978,1068
523996,974,1065
523997,974,1066
523998,979,1069
523999,979,1069
524000,978,1066
524001,977,1063
524002,977,1056
524003,977,1056
524004,979,1054
524005,984,1058
524006,981,1057
524007,985,1053
524008,982,1050
524009,981,1051
524010,981,1053
524011,984,1057
524012,986,1054
524013,984,1052
524014,980,1050
524015,978,1051
524016,980,1053
524017,984,1057
524018,983,1055
524019,982,1053
524020,983,1053
524021,981,1049
524022,979,1053
524023,984,1053
524024,987,1047
524025,993,1045
524026,1001,1040
524027,1014,1037
524028,1033,1039
524029,1059,1037
524030,1090,1030
524031,1132,1013
524032,1171,1001
524033,1209,996
524034,1255,1001
524035,1300,1010
524036,1325,1024
524037,1320,1038
524038,1284,1046
524039,1222,1050
524040,1161,1061
524041,1100,1074
524042,1039,1084
524043,988,1088
524044,958,1092
524045,953,1090
524046,965,1089
524047,982,1085
524048,987,1075
524049,991,1067
524050,990,1063
524051,985,1061
524052,978,1059
524053,981,1060
524054,979,1060
524055,976,1057
524056,966,1054
524057,964,1054
524058,965,1057
524059,967,1059
524060,968,1056
524061,966,1055
524062,965,1054
524063,962,1055
524064,964,1057
524065,965,1058
524066,965,1058
524067,961,1055
524068,956,1052
524069,957,1054
524070,960,1056
524071,963,1057
524072,964,1057
524073,962,1058
524074,961,1056
524075,958,1056
524076,962,1059
524077,963,1060
524078,962,1058
524079,959,1057
524080,959,1055
524081,959,1055
524082,963,1058
524083,963,1058
524084,962,1059
524085,964,1053
524086,964,1052
524087,963,1054
524088,963,1054
524089,964,1058
524090,964,1057
524091,962,1054
524092,958,1050
524093,958,1051
524094,960,1055
524095,961,1059
524096,965,1057
524097,964,1056
524098,963,1052
524099,964,1052
524100,969,1054
524101,975,1056
524102,975,1055
524103,976,1050
524104,970,1047
524105,970,1045
524106,976,1049
524107,975,1048
524108,982,1046
524109,980,1042
524110,975,1040
524111,975,1038
524112,976,1042
524113,981,1043
524114,983,1041
524115,982,1034
524116,982,1033
524117,982,1035
524118,984,1035
524119,989,1035
524120,990,1030
524121,990,1029
524122,985,1023
524123,988,1024
524124,990,1026
524125,994,1026
524126,996,1025
524127,997,1022
524128,995,1017
524129,995,1020
524130,997,1019
524131,999,1022
524132,1000,1022
524133,993,1018
524134,993,1015
524135,992,1016
524136,995,1021
524137,998,1021
524138,1000,1020
524139,1000,1017
524140,1001,1016
524141,1004,1018
524142,1005,1024
524143,1005,1026
524144,1006,1027
524145,1001,1027
524146,996,1025
524147,999,1027
524148,1001,1030
524149,1001,1034
524150,1005,1035
524151,1005,1033
524152,1002,1031
524153,1002,1034
524154,1005,1039
524155,1006,1043
524156,1007,1041
524157,1004,1042
524158,998,1040
524159,997,1043
524160,998,1048
524161,998,1050
524162,996,1049
524163,996,1047
524164,992,1045
524165,987,1050
524166,989,1053
524167,992,1054
524168,989,1057
524169,985,1053
524170,981,1051
524171,982,1055
524172,980,1057
524173,981,1059
524174,978,1059
524175,974,1057
524176,968,1056
524177,971,1059
524178,968,1059
524179,973,1063
524180,977,1062
524181,975,1058
524182,974,1057
524183,972,1059
524184,971,1059
524185,975,1065
524186,977,1066
524187,977,1063
524188,975,1060
524189,975,1061
524190,977,1064
524191,980,1065
524192,981,1064
524193,977,1062
524194,976,1059
524195,974,1058
524196,981,1061
524197,985,1064
524198,984,1062
524199,982,1058
524200,979,1055
524201,979,1056
524202,982,1059
524203,980,1060
524204,985,1056
524205,982,1056
524206,981,1054
524207,981,1053
524208,986,1055
524209,987,1056
524210,987,1052
524211,985,1052
524212,979,1047
524213,980,1052
524214,979,1055
524215,985,1057
524216,983,1055
524217,982,1053
524218,979,1051
524219,975,1050
524220,979,1052
524221,979,1055
524222,982,1055
524223,980,1053
524224,981,1050
524225,981,1053
524226,985,1055
524227,987,1060
524228,984,1055
524229,983,1053
524230,979,1051
524231,976,1055
524232,978,1059
524233,983,1061
524234,983,1060
524235,979,1056
524236,979,1055
524237,976,1055
524238,980,1058
524239,980,1060
524240,982,1060
524241,979,1057
524242,974,1053
524243,972,1055
524244,974,1059
524245,978,1059
524246,978,1058
524247,976,1054
524248,978,1052
524249,977,1054
524250,977,1056
524251,978,1061
524252,977,1060
524253,974,1059
524254,974,1058
524255,975,1058
524256,981,1059
524257,982,1062
524258,981,1063
524259,982,1058
524260,981,1057
524261,983,1057
524262,981,1057
524263,984,1061
524264,985,1059
524265,985,1053
524266,983,1051
524267,987,1050
524268,996,1051
524269,1011,1049
524270,1023,1049
524271,1036,1045
524272,1055,1038
524273,1082,1034
524274,1120,1028
524275,1163,1018
524276,1213,1011
524277,1253,1008
524278,1294,1013
524279,1321,1030
524280,1320,1047
524281,1295,1056
524282,1242,1057
524283,1177,1055
524284,1109,1066
524285,1038,1082
524286,974,1097
524287,941,1106
524288,944,1110
524289,958,1100
524290,970,1085
524291,976,1075
524292,979,1070
524293,982,1066
524294,977,1062
524295,975,1059
524296,971,1053
524297,968,1056
524298,966,1057
524299,964,1060
524300,962,1057
524301,959,1056
524302,960,1053
524303,957,1053
524304,958,1061
524305,961,1061
524306,962,1060
524307,960,1058
524308,958,1057
524309,956,1057
524310,960,1060
524311,960,1063
524312,962,1062
524313,960,1061
524314,957,1056
524315,960,1060
524316,960,1062
524317,964,1064
524318,970,1061
524319,967,1058
524320,968,1055
524321,965,1056
524322,963,1057
524323,965,1061
524324,966,1059
524325,963,1057
524326,964,1055
524327,964,1056
524328,967,1059
524329,968,1060
524330,969,1056
524331,968,1054
524332,964,1053
524333,967,1053
524334,970,1056
524335,976,1058
524336,977,1055
524337,971,1051
524338,968,1049
524339,967,1050
524340,972,1054
524341,973,1055
524342,976,1050
524343,976,1049
524344,971,1046
524345,970,1045
524346,971,1047
524347,975,1049
524348,977,1047
524349,977,1043
524350,974,1040
524351,974,1040
524352,980,1042
524353,982,1044
524354,983,1041
524355,979,1037
524356,976,1033
524357,978,1034
524358,982,1037
524359,986,1038
524360,988,1033
524361,985,1030
524362,988,1028
524363,989,1024
524364,993,1026
524365,997,1029
524366,1003,1025
524367,1004,1022
524368,1002,1019
524369,1001,1018
524370,1004,1019
524371,1010,1019
524372,1012,1016
524373,1010,1014
524374,1008,1010
524375,1006,1013
524376,1010,1014
524377,1016,1013
524378,1018,1014
524379,1018,1011
524380,1017,1008
524381,1015,1011
524382,1017,1012
524383,1018,1014
524384,1020,1015
524385,1016,1014
524386,1013,1013
524387,1012,1015
524388,1017,1023
524389,1015,1027
524390,1019,1027
524391,1016,1026
524392,1009,1026
524393,1007,1029
524394,1005,1037
524395,1004,1041
524396,1001,1044
524397,997,1042
524398,990,1043
524399,989,1047
524400,986,1051
524401,988,1057
524402,986,1056
524403,982,1054
524404,979,1051
524405,976,1055
524406,979,1058
524407,979,1063
524408,979,1062
524409,977,1061
524410,972,1061
524411,972,1062
524412,975,1066
524413,976,1067
524414,976,1068
524415,974,1066
524416,973,1063
524417,972,1064
524418,976,1066
524419,981,1069
524420,983,1068
524421,982,1065
524422,978,1063
524423,978,1062
524424,981,1064
524425,985,1067
524426,984,1065
524427,983,1064
524428,983,1060
524429,986,1060
524430,989,1060
524431,991,1062
524432,990,1060
524433,986,1058
524434,982,1057
524435,983,1057
524436,987,1061
524437,990,1061
524438,988,1060
524439,987,1057
524440,987,1054
524441,983,1057
524442,986,1061
524443,990,1061
524444,991,1060
524445,988,1057
524446,986,1057
524447,986,1058
524448,987,1062
524449,990,1063
524450,992,1060
524451,988,1059
524452,983,1058
524453,982,1061
524454,979,1063
524455,983,1066
524456,985,1065
524457,983,1063
524458,979,1059
524459,978,1060
524460,982,1063
524461,985,1065
524462,986,1061
524463,982,1060
524464,978,1058
524465,979,1058
524466,981,1063
524467,986,1067
524468,989,1061
524469,984,1058
524470,978,1055
524471,972,1056
524472,975,1059
524473,975,1062
524474,982,1063
524475,981,1058
524476,980,1055
524477,975,1058
524478,979,1060
524479,981,1063
524480,978,1060
524481,981,1059
524482,980,1060
524483,979,1060
524484,984,1062
524485,987,1064
524486,989,1062
524487,987,1061
524488,981,1058
524489,981,1059
524490,981,1060
524491,986,1064
524492,989,1063
524493,986,1061
524494,983,1058
524495,985,1061
524496,984,1062
524497,990,1065
524498,988,1064
524499,984,1062
524500,981,1057
524501,980,1058
524502,986,1061
524503,988,1064
524504,989,1062
524505,986,1062
524506,976,1057
524507,976,1060
524508,977,1066
524509,980,1065
524510,984,1065
524511,982,1063
524512,978,1060
524513,979,1059
524514,980,1063
524515,980,1064
524516,980,1062
524517,980,1062
524518,978,1060
524519,980,1061
524520,980,1062
524521,984,1066
524522,983,1064
524523,981,1061
524524,979,1058
524525,978,1060
524526,983,1059
524527,987,1063
524528,990,1062
524529,988,1060
524530,984,1057
524531,984,1059
524532,984,1063
524533,989,1063
524534,991,1063
524535,987,1060
524536,982,1058
524537,982,1061
524538,983,1062
524539,986,1065
524540,987,1060
524541,984,1062
524542,983,1059
524543,982,1059
524544,983,1060
524545,984,1064
524546,986,1065
524547,987,1059
524548,986,1054
524549,986,1058
524550,990,1060
524551,992,1061
524552,990,1059
524553,988,1057
524554,982,1055
524555,978,1054
524556,985,1058
524557,986,1061
524558,986,1061
524559,987,1059
524560,988,1055
524561,983,1056
524562,987,1058
524563,988,1063
524564,988,1060
524565,987,1059
524566,987,1054
524567,990,1053
524568,1001,1051
524569,1013,1050
524570,1024,1047
524571,1041,1042
524572,1057,1036
524573,1087,1031
524574,1124,1024
524575,1159,1014
524576,1201,1003
524577,1235,997
524578,1273,1001
524579,1309,1010
524580,1328,1029
524581,1320,1046
524582,1280,1053
524583,1218,1056
524584,1159,1061
524585,1101,1073
524586,1046,1081
524587,1002,1089
524588,974,1093
524589,967,1089
524590,973,1083
524591,986,1080
524592,996,1071
524593,999,1067
524594,995,1065
524595,991,1060
524596,987,1058
524597,982,1060
524598,980,1059
524599,981,1062
524600,978,1062
524601,976,1061
524602,974,1058
524603,975,1059
524604,974,1059
524605,977,1063
524606,976,1062
524607,975,1058
524608,969,1056
524609,967,1058
524610,970,1062
524611,971,1062
524612,973,1061
524613,970,1057
524614,967,1055
524615,967,1058
524616,966,1060
524617,972,1061
524618,970,1062
524619,967,1060
524620,962,1062
524621,956,1063
524622,960,1066
524623,968,1067
524624,968,1063
524625,966,1062
524626,965,1058
524627,965,1059
524628,963,1059
524629,969,1062
524630,971,1061
524631,970,1057
524632,966,1054
524633,963,1055
524634,967,1060
524635,969,1061
524636,971,1057
524637,970,1055
524638,969,1054
524639,968,1056
524640,968,1057
524641,973,1060
524642,974,1058
524643,971,1053
524644,969,1057
524645,969,1055
524646,975,1057
524647,981,1060
524648,982,1057
524649,981,1053
524650,974,1051
524651,976,1053
524652,980,1053
524653,986,1058
524654,986,1056
524655,985,1050
524656,982,1049
524657,984,1049
524658,985,1050
524659,989,1048
524660,992,1047
524661,993,1040
524662,992,1037
524663,994,1038
524664,997,1037
524665,1000,1039
524666,1001,1036
524667,999,1032
524668,995,1029
524669,994,1028
524670,1000,1032
524671,1005,1031
524672,1003,1028
524673,1000,1025
524674,1000,1021
524675,1000,1022
524676,1000,1023
524677,1009,1024
524678,1009,1022
524679,1007,1018
524680,1007,1014
524681,1007,1019
524682,1010,1020
524683,1014,1023
524684,1016,1022
524685,1017,1020
524686,1015,1018
524687,1014,1020
524688,1016,1024
524689,1019,1028
524690,1015,1026
524691,1012,1026
524692,1009,1026
524693,1008,1029
524694,1012,1032
524695,1014,1038
524696,1011,1037
524697,1010,1037
524698,1007,1036
524699,1001,1041
524700,1001,1046
524701,1006,1049
524702,1007,1051
524703,1002,1048
524704,998,1048
524705,993,1054
524706,995,1057
524707,994,1060
524708,996,1057
524709,993,1056
524710,990,1056
524711,990,1057
524712,990,1060
524713,992,1064
524714,993,1063
524715,989,1056
524716,988,1056
524717,987,1057
524718,987,1058
524719,987,1062
524720,986,1060
524721,984,1058
524722,981,1055
524723,980,1058
524724,982,1060
524725,983,1060
524726,983,1059
524727,980,1056
524728,978,1054
524729,980,1054
524730,983,1055
524731,986,1056
524732,984,1056
524733,981,1054
524734,979,1053
524735,979,1056
524736,983,1060
524737,989,1060
524738,988,1058
524739,986,1057
524740,984,1055
524741,983,1054
524742,984,1058
524743,986,1059
524744,986,1057
524745,984,1056
524746,981,1054
524747,979,1058
524748,980,1060
524749,984,1062
524750,987,1061
524751,986,1056
524752,984,1053
524753,983,1054
524754,985,1059
524755,990,1061
524756,989,1061
524757,987,1055
524758,981,1055
524759,981,1058
524760,988,1063
524761,990,1063
524762,992,1059
524763,990,1057
524764,985,1056
524765,981,1055
524766,986,1058
524767,989,1059
524768,989,1056
524769,990,1052
524770,985,1050
524771,988,1053
524772,990,1054
524773,995,1054
524774,994,1052
524775,993,1051
524776,993,1047
524777,989,1050
524778,988,1054
524779,989,1057
524780,984,1055
524781,984,1051
524782,983,1050
524783,983,1052
524784,986,1057
524785,987,1055
524786,983,1054
524787,978,1054
524788,977,1054
524789,975,1056
524790,980,1057
524791,982,1059
524792,982,1058
524793,981,1055
524794,977,1054
524795,977,1053
524796,977,1055
524797,977,1060
524798,975,1057
524799,979,1055
524800,978,1052
524801,976,1056
524802,976,1056
524803,975,1060
524804,977,1057
524805,973,1057
524806,974,1055
524807,976,1056
524808,981,1057
524809,984,1057
524810,985,1055
524811,980,1054
524812,977,1050
524813,974,1054
524814,980,1055
524815,984,1058
524816,986,1057
524817,985,1052
524818,980,1051
524819,981,1053
524820,984,1057
524821,990,1058
524822,989,1055
524823,987,1052
524824,985,1052
524825,984,1055
524826,988,1054
524827,993,1055
524828,993,1056
524829,993,1049
524830,992,1044
524831,998,1044
524832,1012,1045
524833,1027,1047
524834,1047,1041
524835,1071,1038
524836,1103,1026
524837,1142,1015
524838,1185,1006
524839,1231,1001
524840,1278,1004
524841,1313,1010
524842,1323,1025
524843,1304,1041
524844,1252,1048
524845,1183,1054
524846,1115,1065
524847,1041,1073
524848,978,1083
524849,945,1091
524850,944,1093
524851,961,1090
524852,977,1080
524853,984,1068
524854,982,1059
524855,979,1056
524856,979,1057
524857,979,1058
524858,971,1058
524859,972,1055
524860,966,1054
524861,963,1056
524862,965,1056
524863,969,1059
524864,967,1057
524865,967,1051
524866,964,1051
524867,962,1051
524868,962,1054
524869,964,1055
524870,965,1056
524871,964,1053
524872,964,1054
524873,964,1054
524874,965,1056
524875,968,1060
524876,968,1057
524877,964,1056
524878,961,1053
524879,960,1055
524880,964,1061
524881,967,1062
524882,971,1059
524883,966,1059
524884,961,1056
524885,959,1058
524886,967,1058
524887,968,1061
524888,970,1057
524889,961,1056
524890,957,1057
524891,960,1057
524892,966,1061
524893,968,1063
524894,966,1061
524895,963,1058
524896,964,1050
524897,963,1053
524898,966,1054
524899,971,1055
524900,971,1053
524901,970,1050
524902,968,1047
524903,966,1047
524904,969,1049
524905,976,1052
524906,977,1048
524907,975,1045
524908,972,1041
524909,971,1044
524910,975,1044
524911,981,1045
524912,981,1043
524913,979,1039
524914,978,1035
524915,978,1034
524916,982,1036
524917,987,1036
524918,987,1035
524919,985,1031
524920,986,1028
524921,990,1026
524922,994,1027
524923,997,1030
524924,1001,1027
524925,997,1023
524926,995,1020
524927,993,1021
524928,996,1023
524929,1000,1023
524930,1002,1021
524931,1003,1016
524932,1000,1016
524933,999,1019
524934,1002,1024
524935,1006,1025
524936,1005,1023
524937,1003,1022
524938,1000,1020
524939,1001,1023
524940,1004,1026
524941,1010,1027
524942,1011,1026
524943,1006,1026
524944,1003,1025
524945,1003,1028
524946,1003,1031
524947,1005,1034
524948,1003,1038
524949,1000,1038
524950,998,1038
524951,992,1039
524952,993,1046
524953,995,1049
524954,992,1051
524955,986,1050
524956,983,1051
524957,983,1054
524958,980,1058
524959,982,1063
524960,980,1061
524961,975,1062
524962,977,1061
524963,978,1064
524964,980,1066
524965,984,1068
524966,982,1067
524967,979,1065
524968,972,1063
524969,970,1062
524970,972,1064
524971,975,1067
524972,978,1065
524973,975,1060
524974,972,1059
524975,971,1061
524976,976,1061
524977,981,1063
524978,979,1063
524979,975,1060
524980,968,1061
524981,970,1062
524982,976,1065
524983,977,1064
524984,977,1065
524985,975,1063
524986,973,1061
524987,974,1066
524988,975,1066
524989,979,1064
524990,979,1064
524991,977,1060
524992,978,1059
524993,977,1060
524994,976,1062
524995,980,1064
524996,976,1062
524997,975,1061
524998,978,1060
524999,977,1060
525000,979,1063
525001,981,1064
525002,979,1059
525003,977,1057
525004,974,1053
525005,976,1052
525006,979,1055
525007,978,1057
525008,981,1057
525009,977,1055
525010,977,1053
525011,975,1052
525012,977,1053
525013,978,1057
525014,976,1057
525015,976,1056
525016,974,1054
525017,972,1055
525018,971,1057
525019,977,1059
525020,977,1057
525021,975,1055
525022,973,1053
525023,973,1055
525024,974,1059
525025,977,1060
525026,976,1057
525027,978,1058
525028,975,1055
525029,975,1056
525030,975,1059
525031,978,1061
525032,977,1061
525033,974,1059
525034,971,1057
525035,969,1060
525036,971,1062
525037,976,1064
525038,976,1064
525039,973,1062
525040,970,1061
525041,969,1063
525042,971,1066
525043,974,1070
525044,974,1070
525045,975,1065
525046,971,1064
525047,971,1064
525048,973,1066
525049,974,1069
525050,974,1066
525051,972,1065
525052,973,1061
525053,974,1063
525054,976,1065
525055,978,1066
525056,980,1064
525057,979,1058
525058,978,1054
525059,982,1051
525060,994,1050
525061,1009,1049
525062,1030,1047
525063,1050,1041
525064,1074,1031
525065,1113,1023
525066,1155,1017
525067,1206,1012
525068,1250,1007
525069,1291,1007
525070,1317,1020
525071,1314,1038
525072,1276,1049
525073,1217,1054
525074,1143,1060
525075,1068,1070
525076,1001,1081
525077,953,1089
525078,935,1094
525079,950,1092
525080,969,1082
525081,983,1068
525082,986,1059
525083,981,1057
525084,976,1058
525085,978,1064
525086,975,1061
525087,970,1060
525088,965,1060
525089,962,1061
525090,964,1066
525091,969,1067
525092,966,1066
525093,959,1064
525094,953,1064
525095,957,1065
525096,959,1069
525097,962,1069
525098,958,1066
525099,960,1067
525100,956,1065
525101,952,1065
525102,957,1068
525103,959,1069
525104,955,1065
525105,955,1062
525106,947,1062
525107,945,1064
525108,947,1066
525109,951,1069
525110,953,1067
525111,950,1061
525112,950,1059
525113,950,1061
525114,952,1063
525115,957,1063
525116,958,1062
525117,956,1058
525118,953,1054
525119,947,1058
525120,953,1061
525121,954,1061
525122,955,1057
525123,957,1055
525124,953,1052
525125,953,1052
525126,955,1056
525127,958,1056
525128,962,1054
525129,961,1052
525130,960,1048
525131,959,1050
525132,959,1052
525133,962,1055
525134,964,1053
525135,963,1048
525136,960,1047
525137,963,1047
525138,969,1051
525139,972,1052
525140,975,1051
525141,975,1043
525142,970,1042
525143,970,1042
525144,974,1044
525145,980,1044
525146,979,1040
525147,979,1035
525148,975,1034
525149,976,1034
525150,979,1036
525151,981,1037
525152,981,1034
525153,980,1030
525154,978,1026
525155,979,1028
525156,984,1028
525157,986,1028
525158,986,1026
525159,989,1023
525160,988,1016
525161,986,1017
525162,988,1019
525163,989,1022
525164,990,1020
525165,991,1018
525166,991,1017
525167,990,1017
525168,992,1020
525169,996,1023
525170,997,1025
525171,1000,1023
525172,997,1023
525173,1000,1028
525174,999,1028
525175,1000,1036
525176,999,1035
525177,1001,1032
525178,997,1036
525179,995,1040
525180,993,1046
525181,993,1053
525182,990,1051
525183,987,1051
525184,984,1052
525185,978,1054
525186,978,1058
525187,978,1064
525188,977,1062
525189,975,1061
525190,970,1065
525191,967,1065
525192,969,1068
525193,970,1071
525194,970,1071
525195,968,1069
525196,964,1069
525197,963,1069
525198,968,1071
525199,972,1073
525200,972,1071
525201,970,1067
525202,967,1066
525203,965,1069
525204,967,1071
525205,967,1073
525206,966,1069
525207,968,1064
525208,966,1062
525209,965,1066
525210,965,1068
525211,969,1071
525212,971,1065
525213,970,1062
525214,969,1063
525215,967,1062
525216,972,1066
525217,975,1066
525218,973,1065
525219,971,1064
525220,967,1062
525221,967,1063
525222,970,1066
525223,973,1067
525224,972,1064
525225,971,1062
525226,970,1061
525227,970,1061
525228,974,1065
525229,975,1067
525230,976,1066
525231,972,1062
525232,969,1058
525233,971,1061
525234,970,1067
525235,972,1067
525236,970,1065
525237,971,1062
525238,968,1061
525239,968,1064
525240,969,1067
525241,970,1068
525242,971,1069
525243,970,1067
525244,968,1064
525245,969,1065
525246,968,1067
525247,969,1072
525248,968,1067
525249,966,1065
525250,965,1065
525251,965,1063
525252,967,1066
525253,970,1070
525254,971,1069
525255,966,1065
525256,961,1064
525257,960,1069
525258,965,1069
525259,965,1072
525260,967,1069
525261,967,1068
525262,965,1064
525263,964,1063
525264,966,1066
525265,968,1067
525266,968,1066
525267,967,1066
525268,962,1063
525269,964,1066
525270,965,1070
525271,968,1072
525272,968,1068
525273,968,1066
525274,962,1063
525275,963,1065
525276,965,1065
525277,970,1066
525278,970,1067
525279,971,1065
525280,967,1062
525281,970,1066
525282,969,1069
525283,968,1070
525284,967,1070
525285,968,1068
525286,965,1066
525287,963,1067
525288,966,1070
525289,972,1071
525290,969,1070
525291,970,1067
525292,967,1065
525293,967,1065
525294,968,1068
525295,970,1069
525296,972,1067
525297,971,1065
525298,970,1061
525299,969,1063
525300,964,1065
525301,967,1067
525302,965,1067
525303,964,1062
525304,963,1062
525305,964,1064
525306,967,1066
525307,970,1069
525308,970,1065
525309,969,1065
525310,968,1061
525311,967,1063
525312,969,1066
525313,969,1067
525314,969,1064
525315,970,1061
525316,975,1056
525317,981,1055
525318,996,1055
525319,1008,1055
525320,1025,1049
525321,1045,1043
525322,1072,1032
525323,1109,1023
525324,1151,1013
525325,1199,1010
525326,1244,1010
525327,1287,1023
525328,1302,1040
525329,1287,1058
525330,1242,1067
525331,1182,1071
525332,1111,1081
525333,1038,1092
525334,973,1102
525335,939,1111
525336,936,1114
525337,955,1111
525338,973,1099
525339,982,1085
525340,979,1076
525341,972,1072
525342,969,1076
525343,965,1075
525344,962,1073
525345,958,1071
525346,951,1070
525347,949,1071
525348,953,1075
525349,954,1075
525350,954,1074
525351,952,1071
525352,949,1068
525353,946,1068
525354,950,1071
525355,951,1073
525356,949,1071
525357,944,1067
525358,941,1064
525359,947,1068
525360,953,1067
525361,953,1070
525362,952,1067
525363,949,1065
525364,946,1063
525365,947,1066
525366,949,1067
525367,952,1068
525368,955,1064
525369,955,1063
525370,953,1060
525371,954,1062
525372,958,1063
525373,957,1061
525374,956,1062
525375,951,1059
525376,949,1058
525377,946,1059
525378,951,1061
525379,954,1064
525380,958,1062
525381,955,1060
525382,953,1060
525383,951,1060
525384,954,1060
525385,954,1064
525386,955,1062
525387,955,1061
525388,948,1058
525389,953,1058
525390,955,1058
525391,961,1058
525392,961,1055
525393,964,1051
525394,959,1048
525395,961,1048
525396,964,1049
525397,964,1049
525398,964,1045
525399,965,1042
525400,964,1038
525401,966,1035
525402,971,1037
525403,973,1040
525404,975,1036
525405,976,1031
525406,975,1029
525407,978,1032
525408,984,1031
525409,986,1032
525410,986,1031
525411,987,1031
525412,986,1027
525413,983,1029
525414,988,1027
525415,990,1031
525416,992,1030
525417,993,1027
525418,993,1024
525419,992,1025
525420,995,1030
525421,997,1031
525422,1001,1031
525423,1000,1029
525424,998,1030
525425,997,1034
525426,1000,1037
525427,1002,1043
525428,999,1042
525429,995,1042
525430,991,1045
525431,990,1048
525432,994,1053
525433,994,1058
525434,993,1057
525435,989,1057
525436,984,1058
525437,980,1063
525438,980,1066
525439,980,1070
525440,978,1070
525441,973,1067
525442,969,1068
525443,971,1069
525444,974,1072
525445,979,1076
525446,978,1071
525447,976,1069
525448,971,1071
525449,969,1069
525450,973,1073
525451,974,1073
525452,977,1071
525453,976,1070
525454,973,1067
525455,971,1069
525456,974,1071
525457,979,1071
525458,979,1070
525459,982,1066
525460,979,1063
525461,973,1064
525462,971,1066
525463,975,1070
525464,980,1068
525465,979,1061
525466,976,1060
525467,973,1062
525468,978,1064
525469,978,1066
525470,981,1063
525471,980,1060
525472,978,1057
525473,975,1057
525474,976,1062
525475,983,1066
525476,984,1061
525477,979,1062
525478,974,1058
525479,974,1059
525480,977,1063
525481,979,1065
525482,982,1065
525483,978,1062
525484,975,1062
525485,976,1064
525486,978,1071
525487,978,1074
525488,979,1072
525489,975,1072
525490,972,1069
525491,972,1072
525492,975,1077
525493,978,1076
525494,976,1073
525495,972,1072
525496,971,1070
525497,972,1070
525498,972,1075
525499,974,1075
525500,975,1073
525501,977,1069
525502,973,1070
525503,973,1070
525504,973,1072
525505,979,1075
525506,978,1074
525507,976,1070
525508,971,1067
525509,973,1068
525510,975,1069
525511,979,1069
525512,979,1066
525513,977,1065
525514,973,1065
525515,974,1067
525516,976,1068
525517,977,1070
525518,976,1065
525519,977,1064
525520,975,1061
525521,977,1062
525522,976,1065
525523,982,1065
525524,982,1065
525525,982,1063
525526,978,1063
525527,977,1064
525528,978,1066
525529,982,1069
525530,979,1067
525531,980,1065
525532,976,1063
525533,971,1066
525534,971,1070
525535,974,1073
525536,975,1073
525537,975,1072
525538,973,1071
525539,975,1074
525540,977,1076
525541,978,1080
525542,978,1077
525543,976,1074
525544,972,1074
525545,975,1077
525546,976,1077
525547,979,1079
525548,982,1073
525549,979,1069
525550,975,1070
525551,975,1069
525552,976,1073
525553,979,1073
525554,978,1074
525555,979,1070
525556,976,1066
525557,978,1065
525558,978,1068
525559,978,1071
525560,978,1068
525561,980,1063
525562,975,1060
525563,975,1060
525564,978,1062
525565,983,1065
525566,986,1065
525567,982,1061
525568,976,1058
525569,976,1063
525570,975,1062
525571,980,1066
525572,982,1065
525573,983,1063
525574,983,1060
525575,982,1060
525576,985,1064
525577,987,1067
525578,987,1065
525579,979,1065
525580,979,1061
525581,981,1064
525582,981,1069
525583,986,1073
525584,984,1072
525585,981,1069
525586,978,1070
525587,976,1075
525588,981,1077
525589,985,1080
525590,985,1079
525591,982,1074
525592,981,1074
525593,980,1078
525594,983,1081
525595,987,1081
525596,988,1078
525597,986,1078
525598,981,1074
525599,980,1074
525600,982,1075
525601,982,1078
525602,979,1075
525603,981,1073
525604,977,1069
525605,976,1067
525606,983,1069
525607,984,1071
525608,982,1067
525609,985,1063
525610,982,1063
525611,982,1063
525612,984,1065
525613,986,1064
525614,986,1063
525615,980,1058
525616,977,1061
525617,978,1060
525618,984,1063
525619,987,1066
525620,985,1064
525621,986,1059
525622,984,1058
525623,983,1062
525624,984,1064
525625,988,1065
525626,993,1066
525627,988,1064
525628,987,1061
525629,987,1061
525630,988,1067
525631,988,1068
525632,991,1069
525633,988,1067
525634,986,1063
525635,984,1069
525636,986,1072
525637,991,1072
525638,990,1072
525639,987,1069
525640,984,1068
525641,985,1070
525642,986,1072
525643,989,1073
525644,989,1070
525645,985,1066
525646,980,1069
525647,983,1068
525648,985,1073
525649,988,1072
525650,992,1069
525651,987,1068
525652,981,1066
525653,978,1066
525654,980,1070
525655,982,1074
525656,981,1071
525657,982,1067
525658,979,1063
525659,980,1066
525660,985,1069
525661,986,1069
525662,988,1067
525663,989,1064
525664,986,1061
525665,984,1064
525666,984,1067
525667,985,1068
525668,987,1069
525669,985,1063
525670,982,1063
525671,986,1064
525672,990,1069
525673,992,1069
525674,993,1069
525675,992,1064
525676,986,1064
525677,985,1064
525678,986,1067
525679,993,1067
525680,993,1065
525681,994,1063
525682,991,1062
525683,988,1064
525684,991,1066
525685,995,1067
525686,996,1067
525687,994,1062
525688,991,1059
525689,991,1061
525690,995,1064
525691,992,1066
525692,990,1062
525693,990,1059
525694,989,1059
525695,990,1060
525696,990,1060
525697,994,1062
525698,993,1062
525699,993,1058
525700,993,1057
525701,993,1057
525702,993,1061
525703,997,1062
525704,999,1059
525705,995,1058
525706,990,1057
525707,990,1056
525708,995,1057
525709,1008,1054
525710,1016,1054
525711,1033,1045
525712,1047,1044
525713,1074,1040
525714,1107,1036
525715,1147,1027
525716,1185,1015
525717,1222,1004
525718,1259,1000
525719,1301,1003
525720,1336,1013
525721,1350,1029
525722,1326,1046
525723,1265,1054
525724,1196,1057
525725,1128,1066
525726,1068,1074
525727,1017,1078
525728,985,1081
525729,976,1081
525730,983,1078
525731,995,1074
525732,1003,1071
525733,1002,1070
525734,995,1066
525735,990,1063
525736,987,1063
525737,985,1064
525738,986,1067
525739,983,1071
525740,986,1066
525741,983,1065
525742,976,1063
525743,975,1065
525744,977,1069
525745,974,1070
525746,973,1067
525747,972,1065
525748,970,1065
525749,971,1065
525750,976,1065
525751,975,1071
525752,976,1067
525753,975,1065
525754,970,1061
525755,970,1063
525756,972,1066
525757,976,1068
525758,975,1065
525759,969,1063
525760,967,1061
525761,971,1065
525762,973,1064
525763,976,1068
525764,972,1066
525765,971,1062
525766,969,1062
525767,971,1064
525768,973,1066
525769,975,1067
525770,976,1064
525771,974,1063
525772,971,1062
525773,969,1065
525774,972,1067
525775,977,1070
525776,977,1069
525777,976,1066
525778,973,1064
525779,976,1066
525780,979,1068
525781,984,1070
525782,983,1068
525783,979,1066
525784,977,1064
525785,982,1064
525786,986,1069
525787,987,1068
525788,989,1065
525789,986,1060
525790,986,1058
525791,984,1058
525792,987,1061
525793,994,1061
525794,996,1059
525795,992,1055
525796,992,1052
525797,993,1052
525798,998,1053
525799,999,1051
525800,998,1051
525801,993,1044
525802,994,1039
525803,996,1039
525804,998,1040
525805,1002,1042
525806,1005,1038
525807,1006,1037
525808,1008,1037
525809,1012,1037
525810,1014,1039
525811,1018,1039
525812,1016,1039
525813,1011,1037
525814,1006,1035
525815,1010,1037
525816,1016,1040
525817,1020,1042
525818,1021,1039
525819,1019,1038
525820,1013,1038
525821,1017,1038
525822,1021,1039
525823,1023,1043
525824,1027,1040
525825,1025,1038
525826,1022,1040
525827,1024,1041
525828,1026,1044
525829,1032,1050
525830,1031,1047
525831,1027,1045
525832,1025,1047
525833,1024,1047
525834,1027,1051
525835,1029,1055
525836,1029,1052
525837,1026,1050
525838,1023,1047
525839,1022,1050
525840,1021,1053
525841,1017,1057
525842,1019,1057
525843,1014,1054
525844,1010,1054
525845,1005,1054
525846,1004,1059
525847,1005,1059
525848,1003,1059
525849,997,1054
525850,991,1057
525851,992,1055
525852,994,1057
525853,996,1059
525854,993,1057
525855,992,1054
525856,990,1052
525857,989,1054
525858,990,1059
525859,992,1062
525860,992,1061
525861,990,1057
525862,988,1058
525863,990,1059
525864,993,1062
525865,995,1065
525866,995,1063
525867,992,1061
525868,990,1058
525869,992,1058
525870,997,1064
525871,1000,1064
525872,999,1065
525873,998,1061
525874,996,1062
525875,997,1062
525876,1000,1068
525877,1003,1069
525878,1000,1065
525879,996,1064
525880,997,1064
525881,996,1064
525882,1000,1067
525883,1002,1069
525884,1002,1062
525885,1000,1063
525886,996,1059
525887,996,1063
525888,995,1067
525889,996,1067
525890,996,1063
525891,989,1063
525892,986,1059
525893,985,1060
525894,989,1064
525895,993,1064
525896,993,1063
525897,992,1060
525898,991,1058
525899,991,1057
525900,991,1062
525901,993,1063
525902,988,1061
525903,988,1061
525904,986,1057
525905,987,1058
525906,990,1064
525907,995,1065
525908,997,1062
525909,994,1059
525910,991,1058
525911,988,1060
525912,988,1063
525913,987,1066
525914,986,1064
525915,988,1062
525916,987,1061
525917,989,1061
525918,995,1062
525919,998,1067
525920,997,1064
525921,992,1064
525922,993,1060
525923,994,1063
525924,997,1065
525925,1001,1067
525926,1002,1067
525927,997,1066
525928,993,1066
525929,991,1066
525930,992,1069
525931,996,1071
525932,997,1067
525933,996,1066
525934,994,1064
525935,994,1064
525936,992,1065
525937,992,1069
525938,992,1063
525939,989,1061
525940,993,1062
525941,988,1063
525942,996,1063
525943,996,1066
525944,995,1063
525945,990,1061
525946,987,1057
525947,985,1061
525948,989,1065
525949,992,1066
525950,990,1065
525951,990,1063
525952,985,1061
525953,982,1063
525954,985,1065
525955,990,1065
525956,988,1064
525957,989,1064
525958,986,1059
525959,984,1061
525960,988,1064
525961,991,1065
525962,994,1063
525963,992,1064
525964,988,1063
525965,986,1062
525966,993,1066
525967,994,1068
525968,993,1070
525969,987,1064
525970,985,1059
525971,989,1058
525972,998,1058
525973,1010,1059
525974,1022,1056
525975,1032,1051
525976,1049,1048
525977,1078,1046
525978,1115,1040
525979,1159,1031
525980,1199,1020
525981,1237,1012
525982,1275,1008
525983,1315,1017
525984,1338,1032
525985,1330,1048
525986,1294,1055
525987,1234,1057
525988,1170,1063
525989,1102,1074
525990,1037,1087
525991,986,1100
525992,957,1105
525993,953,1101
525994,961,1098
525995,974,1089
525996,987,1084
525997,990,1077
525998,991,1070
525999,984,1065
526000,980,1063
526001,977,1062
526002,978,1066
526003,980,1069
526004,977,1066
526005,970,1063
526006,967,1063
526007,965,1064
526008,970,1068
526009,975,1070
526010,974,1069
526011,969,1065
526012,966,1066
526013,966,1067
526014,971,1070
526015,971,1070
526016,971,1070
526017,969,1068
526018,968,1068
526019,968,1068
526020,972,1068
526021,977,1072
526022,977,1070
526023,973,1067
526024,966,1065
526025,969,1066
526026,971,1067
526027,974,1068
526028,972,1070
526029,970,1068
526030,966,1067
526031,964,1067
526032,971,1069
526033,972,1073
526034,973,1070
526035,974,1066
526036,971,1064
526037,969,1065
526038,973,1068
526039,975,1068
526040,974,1064
526041,972,1061
526042,970,1057
526043,974,1061
526044,977,1062
526045,979,1061
526046,978,1059
526047,977,1054
526048,974,1053
526049,976,1054
526050,976,1057
526051,980,1056
526052,979,1056
526053,979,1052
526054,977,1049
526055,981,1050
526056,985,1051
526057,988,1052
526058,991,1048
526059,988,1045
526060,985,1045
526061,988,1046
526062,990,1047
526063,995,1045
526064,998,1043
526065,994,1043
526066,994,1038
526067,997,1038
526068,998,1038
526069,1001,1038
526070,1003,1033
526071,1002,1033
526072,1003,1031
526073,1004,1033
526074,1004,1035
526075,1012,1035
526076,1012,1034
526077,1014,1029
526078,1010,1027
526079,1008,1028
526080,1011,1032
526081,1013,1035
526082,1016,1029
526083,1014,1027
526084,1009,1027
526085,1007,1027
526086,1010,1030
526087,1010,1032
526088,1014,1030
526089,1012,1028
526090,1007,1027
526091,1005,1030
526092,1007,1034
526093,1011,1037
526094,1012,1037
526095,1008,1037
526096,1001,1038
526097,999,1043
526098,1001,1046
526099,1002,1051
526100,1001,1049
526101,998,1052
526102,994,1052
526103,993,1056
526104,989,1062
526105,987,1064
526106,987,1064
526107,986,1062
526108,986,1061
526109,982,1063
526110,985,1066
526111,987,1065
526112,989,1066
526113,987,1063
526114,982,1066
526115,982,1067
526116,985,1067
526117,990,1069
526118,990,1068
526119,988,1064
526120,987,1064
526121,987,1065
526122,989,1069
526123,990,1071
526124,990,1071
526125,988,1068
526126,987,1069
526127,990,1068
526128,996,1072
526129,1003,1073
526130,1007,1070
526131,1009,1068
526132,1010,1066
526133,1010,1071
526134,1015,1077
526135,1021,1075
526136,1030,1072
526137,1037,1066
526138,1048,1058
526139,1058,1047
526140,1072,1034
526141,1084,1023
526142,1098,1006
526143,1114,993
526144,1124,980
526145,1140,968
526146,1158,956
526147,1178,941
526148,1199,916
526149,1218,896
526150,1232,879
526151,1249,869
526152,1264,865
526153,1270,860
526154,1265,855
526155,1261,851
526156,1257,851
526157,1251,852
526158,1242,851
526159,1231,854
526160,1212,853
526161,1189,855
526162,1163,858
526163,1141,863
526164,1118,878
526165,1093,890
526166,1070,898
526167,1051,907
526168,1039,919
526169,1038,935
526170,1040,950
526171,1041,963
526172,1033,972
526173,1028,977
526174,1031,984
526175,1045,996
526176,1065,1004
526177,1088,1010
526178,1101,1012
526179,1101,1011
526180,1085,1015
526181,1049,1024
526182,1009,1034
526183,975,1045
526184,951,1060
526185,938,1069
526186,929,1083
526187,927,1096
526188,925,1105
526189,921,1112
526190,916,1110
526191,915,1111
526192,906,1113
526193,904,1115
526194,906,1120
526195,907,1126
526196,902,1129
526197,900,1126
526198,897,1125
526199,897,1128
526200,898,1132
526201,898,1136
526202,898,1135
526203,895,1133
526204,892,1134
526205,888,1137
526206,893,1139
526207,894,1144
526208,895,1143
526209,893,1141
526210,887,1143
526211,887,1147
526212,888,1152
526213,889,1155
526214,891,1152
526215,885,1152
526216,883,1153
526217,881,1155
526218,882,1161
526219,886,1164
526220,888,1163
526221,885,1161
526222,881,1162
526223,879,1166
526224,880,1172
526225,883,1177
526226,884,1176
526227,882,1175
526228,880,1176
526229,879,1184
526230,880,1188
526231,884,1191
526232,886,1194
526233,883,1192
526234,883,1193
526235,880,1196
526236,882,1201
526237,888,1204
526238,888,1204
526239,888,1204
526240,886,1204
526241,888,1205
526242,890,1206
526243,896,1209
526244,895,1206
526245,898,1204
526246,897,1203
526247,901,1204
526248,908,1204
526249,913,1204
526250,915,1201
526251,917,1195
526252,918,1191
526253,920,1191
526254,923,1189
526255,928,1189
526256,931,1182
526257,938,1178
526258,939,1172
526259,941,1168
526260,949,1165
526261,952,1161
526262,954,1156
526263,957,1150
526264,959,1145
526265,960,1139
526266,965,1137
526267,972,1135
526268,976,1127
526269,972,1121
526270,968,1114
526271,968,1114
526272,973,1112
526273,975,1111
526274,976,1105
526275,978,1096
526276,976,1094
526277,973,1092
526278,973,1094
526279,979,1093
526280,979,1086
526281,977,1083
526282,972,1081
526283,971,1081
526284,977,1082
526285,979,1084
526286,979,1078
526287,977,1075
526288,974,1073
526289,972,1076
526290,976,1077
526291,978,1076
526292,975,1075
526293,975,1072
526294,969,1070
526295,966,1069
526296,968,1073
526297,972,1069
526298,970,1068
526299,966,1065
526300,961,1062
526301,963,1065
526302,961,1068
526303,964,1070
526304,964,1068
526305,964,1065
526306,963,1065
526307,967,1067
526308,971,1070
526309,977,1069
526310,978,1067
526311,973,1062
526312,966,1061
526313,967,1063
526314,968,1065
526315,975,1067
526316,977,1065
526317,978,1059
526318,976,1058
526319,974,1061
526320,975,1062
526321,978,1064
526322,980,1064
526323,974,1059
526324,970,1059
526325,973,1059
526326,972,1062
526327,979,1064
526328,981,1064
526329,981,1060
526330,976,1063
526331,976,1064
526332,980,1066
526333,983,1067
526334,980,1065
526335,978,1060
526336,975,1061
526337,976,1061
526338,975,1062
526339,978,1065
526340,978,1062
526341,978,1059
526342,971,1060
526343,971,1061
526344,968,1063
526345,973,1064
526346,975,1060
526347,974,1059
526348,974,1056
526349,972,1059
526350,974,1062
526351,973,1065
526352,975,1063
526353,975,1059
526354,972,1058
526355,971,1061
526356,975,1062
526357,975,1064
526358,976,1061
526359,972,1057
526360,970,1057
526361,971,1059
526362,973,1061
526363,977,1065
526364,976,1060
526365,975,1059
526366,974,1057
526367,975,1058
526368,979,1057
526369,980,1058
526370,977,1057
526371,974,1055
526372,972,1053
526373,972,1057
526374,975,1061
526375,977,1062
526376,981,1059
526377,975,1056
526378,975,1056
526379,977,1056
526380,977,1060
526381,978,1061
526382,979,1063
526383,975,1062
526384,975,1061
526385,976,1062
526386,973,1065
526387,975,1065
526388,974,1063
526389,974,1060
526390,968,1057
526391,974,1059
526392,975,1060
526393,978,1062
526394,977,1061
526395,976,1060
526396,971,1058
526397,968,1060
526398,974,1059
526399,975,1064
526400,975,1062
526401,976,1058
526402,972,1056
526403,971,1059
526404,973,1061
526405,975,1061
526406,974,1062
526407,971,1058
526408,971,1055
526409,973,1059
526410,974,1061
526411,977,1062
526412,975,1060
526413,972,1058
526414,973,1054
526415,977,1055
526416,977,1057
526417,978,1060
526418,976,1057
526419,976,1055
526420,973,1053
526421,975,1056
526422,977,1059
526423,976,1058
526424,979,1057
526425,974,1056
526426,969,1055
526427,969,1055
526428,970,1060
526429,977,1063
526430,981,1062
526431,980,1060
526432,978,1057
526433,975,1057
526434,974,1063
526435,973,1060
526436,974,1060
526437,975,1059
526438,978,1058
526439,979,1059
526440,978,1062
526441,978,1066
526442,976,1066
526443,975,1059
526444,973,1058
526445,977,1060
526446,977,1061
526447,979,1062
526448,977,1059
526449,975,1054
526450,974,1054
526451,974,1056
526452,977,1057
526453,979,1059
526454,979,1056
526455,978,1052
526456,975,1052
526457,977,1054
526458,982,1054
526459,979,1056
526460,981,1054
526461,975,1052
526462,970,1051
526463,975,1054
526464,979,1055
526465,982,1059
526466,982,1058
526467,980,1055
526468,977,1053
526469,978,1055
526470,978,1057
526471,980,1057
526472,980,1054
526473,976,1053
526474,976,1054
526475,978,1055
526476,977,1061
526477,981,1061
526478,979,1058
526479,978,1057
526480,973,1056
526481,971,1055
526482,976,1059
526483,980,1060
526484,977,1057
526485,977,1056
526486,975,1054
526487,975,1057
526488,976,1060
526489,979,1064
526490,977,1062
526491,975,1058
526492,974,1057
526493,973,1058
526494,978,1060
526495,982,1058
526496,986,1055
526497,981,1051
526498,974,1050
526499,975,1051
526500,976,1054
526501,972,1055
526502,978,1055
526503,976,1053
526504,973,1048
526505,972,1050
526506,973,1050
526507,975,1055
526508,974,1050
526509,974,1051
526510,974,1050
526511,976,1051
526512,982,1054
526513,980,1056
526514,980,1054
526515,977,1052
526516,974,1049
526517,971,1055
526518,975,1058
526519,980,1058
526520,980,1056
526521,981,1055
526522,977,1054
526523,976,1056
526524,981,1060
526525,983,1059
526526,983,1057
526527,978,1054
526528,976,1053
526529,976,1054
526530,977,1056
526531,983,1060
526532,982,1057
526533,983,1055
526534,977,1054
526535,976,1056
526536,979,1058
526537,983,1060
526538,986,1060
526539,983,1057
526540,978,1057
526541,976,1058
526542,979,1059
526543,983,1060
526544,982,1059
526545,980,1055
526546,977,1054
526547,976,1054
526548,980,1060
526549,982,1059
526550,982,1055
526551,979,1053
526552,975,1053
526553,976,1054
526554,981,1053
526555,984,1055
526556,986,1054
526557,982,1050
526558,979,1050
526559,981,1053
526560,982,1054
526561,983,1057
526562,985,1053
526563,984,1051
526564,979,1050
526565,982,1052
526566,985,1053
526567,990,1052
526568,997,1046
526569,1000,1040
526570,1010,1039
526571,1024,1037
526572,1040,1037
526573,1065,1035
526574,1097,1026
526575,1128,1012
526576,1161,997
526577,1197,993
526578,1239,994
526579,1281,997
526580,1311,1005
526581,1317,1016
526582,1293,1029
526583,1243,1040
526584,1176,1047
526585,1115,1056
526586,1055,1068
526587,996,1076
526588,956,1083
526589,948,1086
526590,964,1085
526591,981,1077
526592,990,1066
526593,991,1057
526594,986,1053
526595,979,1052
526596,980,1053
526597,981,1055
526598,980,1054
526599,976,1052
526600,966,1049
526601,964,1054
526602,964,1056
526603,967,1058
526604,970,1056
526605,965,1055
526606,962,1053
526607,955,1055
526608,960,1057
526609,960,1060
526610,961,1059
526611,955,1056
526612,953,1054
526613,955,1057
526614,957,1059
526615,962,1060
526616,962,1058
526617,955,1056
526618,954,1056
526619,954,1055
526620,959,1058
526621,959,1059
526622,960,1056
526623,961,1053
526624,957,1051
526625,960,1051
526626,964,1054
526627,966,1055
526628,963,1054
526629,963,1050
526630,958,1050
526631,956,1051
526632,958,1052
526633,963,1054
526634,962,1053
526635,959,1053
526636,955,1051
526637,958,1053
526638,961,1056
526639,962,1056
526640,963,1053
526641,960,1052
526642,956,1050
526643,959,1050
526644,964,1054
526645,965,1056
526646,966,1053
526647,962,1047
526648,964,1047
526649,964,1047
526650,965,1049
526651,966,1048
526652,969,1047
526653,969,1045
526654,970,1041
526655,968,1041
526656,973,1042
526657,977,1042
526658,978,1040
526659,977,1037
526660,974,1034
526661,975,1037
526662,975,1037
526663,977,1038
526664,979,1034
526665,980,1029
526666,979,1026
526667,982,1028
526668,985,1030
526669,986,1031
526670,989,1028
526671,987,1024
526672,987,1022
526673,988,1024
526674,992,1028
526675,996,1025
526676,996,1023
526677,993,1018
526678,993,1017
526679,994,1017
526680,1001,1018
526681,1003,1018
526682,1005,1018
526683,1002,1016
526684,1006,1015
526685,1007,1015
526686,1010,1017
526687,1014,1019
526688,1014,1016
526689,1018,1015
526690,1017,1014
526691,1018,1015
526692,1021,1021
526693,1022,1021
526694,1025,1022
526695,1023,1021
526696,1018,1021
526697,1014,1024
526698,1017,1028
526699,1021,1031
526700,1020,1032
526701,1018,1031
526702,1015,1030
526703,1014,1033
526704,1014,1038
526705,1016,1042
526706,1014,1041
526707,1010,1039
526708,1004,1038
526709,1001,1042
526710,1005,1044
526711,1008,1044
526712,1007,1043
526713,999,1043
526714,993,1043
526715,988,1045
526716,994,1051
526717,999,1052
526718,997,1050
526719,993,1045
526720,990,1045
526721,990,1045
526722,991,1046
526723,995,1051
526724,990,1048
526725,985,1045
526726,982,1044
526727,983,1047
526728,983,1050
526729,988,1052
526730,986,1048
526731,984,1045
526732,983,1043
526733,984,1046
526734,985,1048
526735,989,1050
526736,991,1047
526737,991,1046
526738,990,1042
526739,989,1044
526740,989,1044
526741,992,1048
526742,989,1050
526743,986,1046
526744,983,1043
526745,982,1045
526746,987,1044
526747,989,1050
526748,992,1045
526749,990,1044
526750,988,1042
526751,986,1042
526752,989,1047
526753,992,1048
526754,995,1047
526755,991,1043
526756,989,1042
526757,989,1046
526758,992,1048
526759,994,1052
526760,995,1049
526761,990,1047
526762,992,1043
526763,992,1048
526764,993,1046
526765,996,1046
526766,992,1044
526767,990,1040
526768,984,1041
526769,982,1043
526770,984,1045
526771,988,1045
526772,986,1043
526773,984,1040
526774,981,1041
526775,981,1043
526776,983,1044
526777,987,1047
526778,987,1049
526779,986,1044
526780,985,1046
526781,982,1048
526782,988,1050
526783,989,1051
526784,990,1050
526785,986,1048
526786,982,1047
526787,981,1050
526788,982,1055
526789,985,1057
526790,986,1051
526791,984,1049
526792,980,1049
526793,979,1051
526794,981,1053
526795,983,1055
526796,982,1051
526797,979,1048
526798,976,1043
526799,979,1046
526800,984,1048
526801,985,1051
526802,985,1049
526803,983,1047
526804,982,1048
526805,977,1049
526806,979,1052
526807,983,1053
526808,982,1050
526809,982,1047
526810,978,1046
526811,979,1050
526812,981,1050
526813,984,1053
526814,984,1048
526815,982,1047
526816,975,1046
526817,978,1051
526818,980,1050
526819,984,1051
526820,984,1051
526821,983,1046
526822,982,1046
526823,978,1048
526824,980,1050
526825,986,1051
526826,983,1049
526827,979,1045
526828,975,1045
526829,972,1048
526830,972,1053
526831,978,1055
526832,979,1054
526833,976,1053
526834,973,1051
526835,978,1051
526836,984,1051
526837,986,1055
526838,986,1052
526839,985,1050
526840,979,1048
526841,982,1048
526842,986,1052
526843,988,1054
526844,989,1051
526845,988,1048
526846,985,1046
526847,984,1048
526848,984,1051
526849,988,1051
526850,984,1049
526851,980,1047
526852,976,1046
526853,975,1049
526854,977,1049
526855,978,1051
526856,980,1048
526857,975,1046
526858,975,1046
526859,975,1046
526860,978,1048
526861,979,1051
526862,980,1050
526863,980,1047
526864,974,1045
526865,972,1046
526866,971,1049
526867,973,1050
526868,978,1050
526869,976,1048
526870,974,1047
526871,978,1046
526872,975,1050
526873,980,1052
526874,978,1050
526875,976,1050
526876,974,1047
526877,976,1050
526878,973,1052
526879,979,1053
526880,976,1051
526881,973,1049
526882,971,1050
526883,971,1049
526884,976,1053
526885,980,1055
526886,977,1053
526887,975,1052
526888,976,1049
526889,980,1051
526890,984,1053
526891,986,1055
526892,984,1050
526893,983,1049
526894,979,1049
526895,978,1050
526896,976,1052
526897,983,1053
526898,982,1050
526899,983,1045
526900,978,1044
526901,978,1044
526902,979,1047
526903,981,1047
526904,979,1044
526905,978,1039
526906,977,1038
526907,975,1043
526908,980,1044
526909,982,1042
526910,982,1043
526911,977,1041
526912,975,1041
526913,975,1044
526914,979,1048
526915,978,1049
526916,977,1047
526917,976,1043
526918,973,1046
526919,974,1047
526920,974,1050
526921,977,1051
526922,977,1048
526923,974,1045
526924,974,1041
526925,972,1045
526926,974,1049
526927,980,1051
526928,980,1050
526929,981,1047
526930,978,1045
526931,979,1045
526932,981,1049
526933,984,1051
526934,983,1047
526935,982,1045
526936,978,1044
526937,977,1046
526938,975,1047
526939,980,1050
526940,980,1049
526941,979,1046
526942,973,1042
526943,975,1045
526944,977,1047
526945,980,1050
526946,980,1046
526947,982,1042
526948,981,1040
526949,982,1040
526950,983,1042
526951,985,1045
526952,985,1045
526953,982,1041
526954,978,1039
526955,980,1039
526956,981,1045
526957,983,1046
526958,984,1045
526959,983,1040
526960,975,1042
526961,976,1043
526962,976,1047
526963,976,1050
526964,982,1047
526965,978,1044
526966,974,1041
526967,971,1042
526968,975,1049
526969,977,1050
526970,976,1047
526971,973,1043
526972,976,1042
526973,975,1043
526974,975,1045
526975,981,1049
526976,982,1048
526977,981,1043
526978,976,1044
526979,974,1043
526980,976,1047
526981,982,1048
526982,980,1048
526983,980,1044
526984,976,1045
526985,973,1044
526986,978,1046
526987,981,1047
526988,984,1045
526989,980,1042
526990,980,1039
526991,977,1042
526992,980,1046
526993,986,1046
526994,986,1046
526995,984,1041
526996,981,1038
526997,981,1042
526998,982,1045
526999,982,1044
527000,983,1042
527001,982,1041
527002,980,1038
527003,979,1040
527004,979,1041
527005,982,1044
527006,982,1042
527007,982,1039
527008,978,1039
527009,975,1041
527010,976,1045
527011,983,1046
527012,980,1047
527013,979,1044
527014,976,1042
527015,976,1041
527016,979,1043
527017,979,1047
527018,978,1043
527019,974,1042
527020,973,1040
527021,973,1045
527022,975,1047
527023,979,1050
527024,980,1049
527025,978,1045
527026,978,1043
527027,980,1045
527028,981,1047
527029,986,1050
527030,985,1046
527031,986,1043
527032,981,1042
527033,981,1046
527034,983,1047
527035,985,1046
527036,983,1043
527037,979,1039
527038,975,1037
527039,981,1040
527040,984,1042
527041,985,1044
527042,985,1041
527043,981,1042
527044,982,1037
527045,982,1039
527046,988,1041
527047,991,1043
527048,987,1040
527049,981,1037
527050,976,1034
527051,976,1041
527052,979,1040
527053,981,1040
527054,982,1041
527055,978,1037
527056,976,1036
527057,975,1040
527058,976,1040
527059,978,1041
527060,979,1042
527061,978,1039
527062,977,1036
527063,971,1036
527064,973,1043
527065,971,1045
527066,974,1045
527067,976,1042
527068,976,1041
527069,973,1041
527070,974,1046
527071,980,1046
527072,979,1045
527073,979,1042
527074,979,1041
527075,979,1041
527076,980,1043
527077,981,1044
527078,982,1047
527079,982,1044
527080,980,1042
527081,982,1044
527082,989,1046
527083,991,1048
527084,990,1046
527085,987,1040
527086,984,1042
527087,984,1041
527088,988,1043
527089,992,1046
527090,992,1045
527091,992,1040
527092,990,1039
527093,989,1040
527094,984,1039
527095,986,1037
527096,991,1034
527097,992,1028
527098,996,1024
527099,1008,1022
527100,1026,1024
527101,1050,1019
527102,1079,1013
527103,1111,1003
527104,1145,989
527105,1183,977
527106,1225,977
527107,1270,974
527108,1309,977
527109,1328,988
527110,1316,1005
527111,1269,1018
527112,1205,1030
527113,1142,1039
527114,1076,1048
527115,1017,1053
527116,976,1059
527117,958,1063
527118,964,1065
527119,982,1062
527120,990,1052
527121,986,1045
527122,981,1045
527123,975,1048
527124,975,1046
527125,976,1047
527126,973,1045
527127,966,1042
527128,962,1046
527129,960,1043
527130,961,1045
527131,965,1047
527132,965,1041
527133,960,1039
527134,959,1039
527135,960,1042
527136,963,1043
527137,964,1042
527138,961,1040
527139,957,1037
527140,955,1035
527141,955,1039
527142,959,1040
527143,963,1039
527144,959,1038
527145,952,1034
527146,951,1033
527147,951,1036
527148,956,1039
527149,958,1039
527150,955,1039
527151,954,1038
527152,952,1038
527153,956,1040
527154,958,1042
527155,960,1042
527156,960,1040
527157,958,1039
527158,955,1037
527159,955,1040
527160,960,1044
527161,963,1046
527162,961,1044
527163,959,1040
527164,960,1042
527165,958,1042
527166,958,1043
527167,960,1041
527168,963,1040
527169,960,1036
527170,957,1034
527171,954,1036
527172,961,1037
527173,962,1040
527174,965,1036
527175,963,1034
527176,961,1034
527177,960,1032
527178,964,1033
527179,967,1032
527180,972,1031
527181,969,1028
527182,966,1024
527183,967,1025
527184,971,1026
527185,973,1028
527186,977,1023
527187,977,1021
527188,974,1018
527189,980,1018
527190,985,1020
527191,988,1019
527192,985,1015
527193,980,1014
527194,979,1014
527195,983,1013
527196,988,1015
527197,991,1016
527198,995,1016
527199,993,1010
527200,990,1010
527201,989,1010
527202,994,1012
527203,995,1012
527204,995,1013
527205,996,1010
527206,993,1008
527207,996,1009
527208,999,1010
527209,1004,1010
527210,1003,1010
527211,1000,1007
527212,1000,1006
527213,1001,1008
527214,1004,1010
527215,1004,1012
527216,1005,1009
527217,1007,1009
527218,1002,1009
527219,998,1011
527220,1000,1015
527221,1003,1017
527222,1000,1016
527223,997,1016
527224,992,1017
527225,989,1017
527226,987,1021
527227,988,1025
527228,985,1024
527229,984,1024
527230,983,1023
527231,981,1028
527232,980,1030
527233,981,1034
527234,974,1031
527235,971,1030
527236,969,1031
527237,970,1033
527238,975,1031
527239,974,1033
527240,971,1034
527241,970,1034
527242,967,1033
527243,965,1034
527244,967,1036
527245,970,1038
527246,966,1037
527247,964,1034
527248,961,1033
527249,960,1035
527250,962,1036
527251,965,1036
527252,965,1034
527253,964,1031
527254,961,1029
527255,957,1031
527256,961,1035
527257,964,1034
527258,963,1033
527259,962,1030
527260,962,1028
527261,963,1032
527262,966,1032
527263,968,1034
527264,965,1033
527265,963,1032
527266,960,1032
527267,962,1033
527268,962,1037
527269,965,1037
527270,967,1037
527271,967,1034
527272,968,1030
527273,967,1034
527274,971,1036
527275,972,1035
527276,970,1033
527277,967,1030
527278,964,1030
527279,967,1029
527280,972,1034
527281,973,1035
527282,973,1032
527283,968,1030
527284,963,1029
527285,962,1031
527286,965,1031
527287,969,1033
527288,971,1030
527289,966,1026
527290,963,1026
527291,959,1028
527292,955,1030
527293,955,1036
527294,956,1033
527295,957,1031
527296,959,1030
527297,959,1030
527298,959,1033
527299,959,1034
527300,953,1031
527301,957,1029
527302,958,1027
527303,959,1031
527304,963,1032
527305,961,1032
527306,959,1033
527307,954,1031
527308,952,1031
527309,950,1034
527310,952,1035
527311,958,1033
527312,958,1034
527313,956,1031
527314,953,1029
527315,958,1031
527316,960,1033
527317,961,1034
527318,954,1035
527319,953,1032
527320,950,1033
527321,953,1033
527322,957,1036
527323,958,1036
527324,957,1034
527325,952,1032
527326,952,1031
527327,957,1033
527328,960,1035
527329,958,1035
527330,955,1035
527331,954,1033
527332,953,1035
527333,952,1035
527334,957,1038
527335,961,1037
527336,960,1038
527337,954,1036
527338,955,1031
527339,955,1035
527340,958,1038
527341,958,1036
527342,959,1036
527343,955,1034
527344,952,1033
527345,953,1034
527346,955,1038
527347,956,1040
527348,954,1039
527349,953,1034
527350,949,1030
527351,948,1033
527352,950,1035
527353,955,1036
527354,957,1033
527355,952,1030
527356,950,1028
527357,950,1032
527358,948,1036
527359,953,1036
527360,953,1031
527361,952,1028
527362,953,1029
527363,954,1029
527364,954,1033
527365,951,1035
527366,950,1036
527367,951,1030
527368,951,1033
527369,955,1031
527370,955,1036
527371,955,1036
527372,955,1036
527373,954,1034
527374,953,1032
527375,954,1035
527376,959,1038
527377,959,1041
527378,954,1036
527379,955,1036
527380,953,1034
527381,952,1035
527382,954,1037
527383,958,1040
527384,958,1038
527385,959,1034
527386,956,1031
527387,956,1033
527388,956,1038
527389,959,1037
527390,958,1036
527391,958,1036
527392,955,1033
527393,952,1036
527394,950,1038
527395,955,1039
527396,957,1037
527397,954,1033
527398,949,1029
527399,948,1031
527400,949,1035
527401,952,1033
527402,953,1031
527403,954,1030
527404,953,1031
527405,953,1031
527406,958,1033
527407,960,1035
527408,964,1033
527409,961,1031
527410,957,1032
527411,953,1033
527412,956,1033
527413,966,1036
527414,962,1033
527415,955,1029
527416,950,1026
527417,954,1028
527418,962,1027
527419,974,1028
527420,990,1024
527421,1003,1017
527422,1023,1011
527423,1053,1006
527424,1097,997
527425,1146,986
527426,1197,979
527427,1234,981
527428,1274,992
527429,1299,1010
527430,1295,1027
527431,1256,1035
527432,1185,1037
527433,1115,1039
527434,1043,1055
527435,978,1068
527436,929,1080
527437,911,1087
527438,923,1080
527439,940,1068
527440,948,1054
527441,950,1046
527442,956,1043
527443,956,1036
527444,956,1035
527445,952,1030
527446,947,1024
527447,947,1030
527448,946,1030
527449,946,1031
527450,940,1030
527451,932,1026
527452,932,1025
527453,935,1028
527454,938,1028
527455,939,1030
527456,939,1027
527457,938,1029
527458,929,1027
527459,927,1031
527460,937,1032
527461,937,1033
527462,938,1032
527463,930,1030
527464,924,1028
527465,926,1031
527466,932,1034
527467,935,1034
527468,936,1032
527469,932,1031
527470,931,1028
527471,930,1033
527472,935,1035
527473,939,1035
527474,941,1033
527475,939,1030
527476,938,1029
527477,936,1028
527478,938,1031
527479,938,1032
527480,939,1030
527481,939,1027
527482,939,1027
527483,938,1028
527484,940,1025
527485,945,1026
527486,948,1027
527487,949,1022
527488,945,1018
527489,942,1020
527490,947,1020
527491,952,1023
527492,951,1020
527493,944,1018
527494,941,1015
527495,942,1017
527496,949,1019
527497,956,1015
527498,953,1014
527499,947,1010
527500,950,1008
527501,954,1005
527502,961,1005
527503,963,1006
527504,963,1003
527505,963,1003
527506,963,998
527507,962,997
527508,970,999
527509,979,1000
527510,980,994
527511,975,992
527512,969,988
527513,966,988
527514,970,990
527515,977,989
527516,979,987
527517,977,984
527518,976,980
527519,975,984
527520,973,986
527521,974,986
527522,975,982
527523,978,980
527524,976,981
527525,979,983
527526,983,987
527527,987,989
527528,982,985
527529,981,982
527530,983,985
527531,984,987
527532,985,991
527533,986,995
527534,984,993
527535,979,993
527536,977,994
527537,977,997
527538,974,1005
527539,972,1008
527540,973,1009
527541,970,1007
527542,969,1010
527543,970,1015
527544,969,1020
527545,968,1023
527546,964,1023
527547,960,1023
527548,956,1023
527549,957,1026
527550,960,1030
527551,959,1035
527552,954,1034
527553,948,1033
527554,947,1029
527555,945,1034
527556,953,1040
527557,956,1041
527558,955,1041
527559,955,1036
527560,950,1035
527561,950,1036
527562,952,1038
527563,948,1041
527564,947,1038
527565,945,1035
527566,943,1034
527567,944,1039
527568,948,1042
527569,948,1042
527570,948,1038
527571,946,1035
527572,951,1031
527573,953,1035
527574,954,1033
527575,951,1035
527576,943,1033
527577,941,1028
527578,941,1028
527579,944,1031
527580,949,1036
527581,951,1038
527582,955,1038
527583,952,1037
527584,949,1036
527585,951,1033
527586,954,1036
527587,957,1038
527588,956,1038
527589,952,1033
527590,949,1032
527591,950,1034
527592,959,1037
527593,959,1036
527594,958,1035
527595,958,1031
527596,952,1030
527597,950,1029
527598,950,1033
527599,957,1035
527600,956,1031
527601,955,1028
527602,956,1029
527603,954,1033
527604,955,1034
527605,955,1032
527606,959,1031
527607,958,1030
527608,951,1029
527609,944,1028
527610,946,1030
527611,954,1029
527612,958,1031
527613,952,1030
527614,955,1030
527615,952,1034
527616,951,1033
527617,950,1037
527618,945,1035
527619,944,1029
527620,944,1029
527621,949,1029
527622,953,1032
527623,957,1033
527624,955,1031
527625,953,1029
527626,953,1028
527627,955,1031
527628,953,1033
527629,946,1034
527630,946,1035
527631,949,1028
527632,949,1027
527633,952,1030
527634,954,1032
527635,956,1033
527636,954,1031
527637,961,1030
527638,962,1030
527639,956,1032
527640,952,1034
527641,949,1036
527642,945,1033
527643,944,1030
527644,942,1027
527645,947,1027
527646,955,1027
527647,967,1026
527648,977,1024
527649,986,1019
527650,993,1014
527651,1010,1012
527652,1039,1009
527653,1079,1005
527654,1121,994
527655,1166,983
527656,1215,983
527657,1264,996
527658,1295,1016
527659,1302,1033
527660,1283,1043
527661,1235,1043
527662,1169,1044
527663,1094,1054
527664,1017,1068
527665,947,1085
527666,902,1095
527667,890,1097
527668,901,1095
527669,921,1087
527670,932,1075
527671,939,1067
527672,942,1055
527673,945,1047
527674,952,1040
527675,953,1038
527676,952,1038
527677,943,1039
527678,938,1033
527679,932,1031
527680,930,1025
527681,931,1026
527682,935,1028
527683,933,1028
527684,930,1024
527685,931,1023
527686,931,1024
527687,934,1023
527688,935,1023
527689,930,1026
527690,923,1027
527691,926,1026
527692,928,1022
527693,929,1025
527694,933,1025
527695,934,1024
527696,935,1023
527697,927,1020
527698,925,1020
527699,930,1023
527700,940,1024
527701,937,1028
527702,930,1025
527703,931,1024
527704,931,1022
527705,934,1023
527706,936,1025
527707,940,1025
527708,946,1025
527709,941,1020
527710,936,1023
527711,934,1024
527712,935,1026
527713,938,1024
527714,939,1020
527715,932,1015
527716,925,1017
527717,930,1016
527718,937,1020
527719,944,1018
527720,944,1016
527721,944,1011
527722,944,1008
527723,941,1008
527724,942,1010
527725,939,1010
527726,942,1007
527727,947,1002
527728,950,999
527729,954,1001
527730,958,1001
527731,955,999
527732,958,996
527733,962,993
527734,968,990
527735,976,991
527736,977,991
527737,972,990
527738,969,986
527739,971,984
527740,973,982
527741,980,983
527742,988,985
527743,991,984
527744,988,983
527745,986,980
527746,989,977
527747,994,978
527748,996,982
527749,999,984
527750,1002,983
527751,995,978
527752,992,977
527753,992,977
527754,996,982
527755,998,985
527756,1002,981
527757,999,977
527758,992,977
527759,995,982
527760,998,986
527761,1002,992
527762,993,990
527763,987,989
527764,984,987
527765,980,991
527766,977,993
527767,984,996
527768,987,999
527769,981,1000
527770,969,1001
527771,971,1006
527772,976,1010
527773,976,1016
527774,975,1012
527775,975,1012
527776,965,1011
527777,956,1015
527778,956,1024
527779,962,1024
527780,962,1026
527781,960,1023
527782,955,1024
527783,954,1025
527784,958,1028
527785,963,1029
527786,960,1032
527787,956,1030
527788,950,1034
527789,954,1034
527790,963,1037
527791,966,1039
527792,957,1038
527793,948,1038
527794,946,1036
527795,955,1039
527796,961,1042
527797,964,1039
527798,960,1037
527799,956,1036
527800,960,1035
527801,970,1038
527802,979,1039
527803,976,1038
527804,981,1040
527805,981,1040
527806,983,1043
527807,980,1044
527808,982,1049
527809,987,1050
527810,996,1049
527811,1016,1042
527812,1028,1031
527813,1032,1023
527814,1039,1015
527815,1048,1002
527816,1058,989
527817,1074,979
527818,1091,970
527819,1110,962
527820,1120,953
527821,1136,941
527822,1152,926
527823,1175,908
527824,1190,901
527825,1205,893
527826,1218,891
527827,1234,886
527828,1238,883
527829,1233,885
527830,1225,888
527831,1222,892
527832,1225,895
527833,1217,897
527834,1205,897
527835,1190,896
527836,1175,899
527837,1157,908
527838,1129,914
527839,1097,923
527840,1071,929
527841,1056,935
527842,1040,943
527843,1026,954
527844,1019,965
527845,1020,972
527846,1015,977
527847,1006,983
527848,994,987
527849,996,993
527850,1004,998
527851,1019,1001
527852,1042,998
527853,1060,998
527854,1065,994
527855,1046,997
527856,1010,1004
527857,972,1013
527858,935,1019
527859,913,1025
527860,905,1035
527861,900,1050
527862,901,1059
527863,900,1062
527864,894,1063
527865,889,1061
527866,884,1062
527867,884,1066
527868,882,1071
527869,882,1073
527870,880,1073
527871,876,1071
527872,870,1071
527873,866,1073
527874,870,1078
527875,870,1080
527876,870,1079
527877,866,1078
527878,861,1079
527879,861,1081
527880,861,1086
527881,862,1085
527882,857,1085
527883,855,1086
527884,849,1086
527885,845,1091
527886,850,1094
527887,855,1095
527888,852,1095
527889,848,1095
527890,844,1097
527891,840,1101
527892,837,1108
527893,838,1109
527894,839,1111
527895,835,1109
527896,834,1113
527897,830,1116
527898,830,1120
527899,830,1122
527900,830,1121
527901,828,1121
527902,826,1124
527903,827,1126
527904,831,1130
527905,832,1135
527906,825,1133
527907,819,1134
527908,819,1134
527909,826,1139
527910,830,1140
527911,833,1145
527912,830,1144
527913,829,1142
527914,825,1140
527915,823,1141
527916,829,1144
527917,834,1146
527918,840,1146
527919,839,1144
527920,838,1139
527921,838,1141
527922,845,1142
527923,855,1143
527924,862,1137
527925,864,1133
527926,864,1129
527927,868,1127
527928,871,1128
527929,878,1126
527930,884,1122
527931,888,1116
527932,887,1112
527933,889,1112
527934,900,1110
527935,911,1107
527936,915,1101
527937,917,1095
527938,912,1090
527939,913,1090
527940,924,1089
527941,935,1088
527942,940,1082
527943,941,1076
527944,936,1069
527945,933,1071
527946,938,1069
527947,942,1066
527948,940,1062
527949,938,1058
527950,937,1056
527951,938,1055
527952,941,1055
527953,946,1054
527954,947,1055
527955,942,1049
527956,940,1046
527957,942,1045
527958,944,1047
527959,947,1046
527960,945,1044
527961,943,1043
527962,941,1040
527963,946,1041
527964,951,1044
527965,951,1044
527966,947,1040
527967,938,1037
527968,938,1035
527969,939,1037
527970,945,1038
527971,948,1037
527972,951,1036
527973,947,1032
527974,943,1032
527975,945,1031
527976,945,1034
527977,952,1034
527978,953,1033
527979,953,1031
527980,950,1030
527981,949,1034
527982,947,1034
527983,954,1036
527984,957,1033
527985,952,1032
527986,950,1030
527987,949,1031
527988,953,1035
527989,957,1033
527990,956,1031
527991,955,1028
527992,951,1028
527993,955,1028
527994,958,1032
527995,960,1030
527996,959,1029
527997,955,1027
527998,954,1027
527999,953,1028
528000,955,1030
528001,963,1029
528002,962,1029
528003,959,1029
528004,955,1024
528005,955,1028
528006,956,1031
528007,957,1033
528008,958,1032
528009,949,1029
528010,947,1031
528011,949,1030
528012,955,1033
528013,955,1034
528014,954,1033
528015,950,1030
528016,946,1030
528017,949,1030
528018,952,1031
528019,954,1032
528020,956,1032
528021,953,1028
528022,950,1028
528023,949,1030
528024,955,1031
528025,959,1033
528026,955,1033
528027,953,1030
528028,950,1029
528029,949,1030
528030,952,1034
528031,954,1033
528032,953,1033
528033,953,1032
528034,951,1029
528035,949,1033
528036,952,1034
528037,953,1036
528038,953,1035
528039,951,1030
528040,949,1032
528041,954,1031
528042,954,1037
528043,953,1037
528044,951,1034
528045,953,1030
528046,953,1030
528047,954,1033
528048,956,1034
528049,960,1035
528050,958,1033
528051,953,1031
528052,952,1028
528053,955,1029
528054,958,1034
528055,960,1034
528056,958,1029
528057,956,1029
528058,957,1030
528059,959,1030
528060,962,1035
528061,962,1036
528062,958,1033
528063,954,1029
528064,953,1028
528065,958,1028
528066,960,1032
528067,961,1032
528068,961,1030
528069,959,1028
528070,959,1029
528071,954,1031
528072,959,1033
528073,960,1036
528074,961,1032
528075,959,1030
528076,957,1028
528077,957,1030
528078,957,1034
528079,960,1035
528080,962,1033
528081,957,1031
528082,953,1031
528083,955,1033
528084,958,1033
528085,962,1035
528086,961,1034
528087,959,1034
528088,960,1032
528089,958,1037
528090,959,1040
528091,962,1042
528092,962,1038
528093,959,1037
528094,958,1037
528095,957,1036
528096,961,1040
528097,964,1038
528098,966,1035
528099,964,1032
528100,962,1032
528101,962,1031
528102,967,1035
528103,972,1036
528104,970,1032
528105,969,1031
528106,962,1030
528107,961,1034
528108,965,1035
528109,969,1036
528110,966,1034
528111,965,1033
528112,963,1032
528113,962,1033
528114,964,1034
528115,967,1035
528116,970,1035
528117,965,1034
528118,964,1031
528119,965,1032
528120,965,1033
528121,964,1036
528122,969,1032
528123,967,1031
528124,964,1031
528125,958,1033
528126,960,1035
528127,963,1035
528128,963,1034
528129,962,1032
528130,960,1032
528131,957,1033
528132,960,1036
528133,964,1039
528134,962,1035
528135,962,1033
528136,958,1032
528137,958,1036
528138,962,1038
528139,964,1040
528140,964,1039
528141,964,1036
528142,963,1037
528143,961,1038
528144,965,1039
528145,965,1042
528146,963,1039
528147,963,1037
528148,960,1036
528149,962,1037
528150,964,1039
528151,966,1040
528152,969,1038
528153,967,1034
528154,965,1032
528155,970,1035
528156,973,1036
528157,974,1038
528158,978,1036
528159,972,1032
528160,968,1032
528161,968,1035
528162,972,1033
528163,974,1034
528164,971,1035
528165,968,1034
528166,967,1033
528167,968,1035
528168,969,1038
528169,970,1038
528170,971,1035
528171,970,1033
528172,966,1032
528173,966,1034
528174,970,1039
528175,972,1037
528176,972,1036
528177,968,1034
528178,965,1033
528179,965,1037
528180,967,1038
528181,966,1038
528182,966,1036
528183,966,1033
528184,963,1033
528185,962,1034
528186,965,1039
528187,968,1039
528188,968,1038
528189,964,1034
528190,964,1034
528191,964,1036
528192,968,1039
528193,967,1041
528194,967,1038
528195,966,1034
528196,967,1036
528197,967,1037
528198,970,1036
528199,971,1040
528200,972,1039
528201,970,1036
528202,968,1036
528203,969,1036
528204,971,1040
528205,976,1038
528206,976,1039
528207,975,1033
528208,972,1034
528209,971,1035
528210,973,1037
528211,977,1037
528212,979,1034
528213,975,1033
528214,970,1033
528215,968,1033
528216,972,1036
528217,973,1038
528218,971,1039
528219,965,1035
528220,966,1035
528221,967,1035
528222,969,1039
528223,973,1038
528224,970,1038
528225,967,1035
528226,966,1037
528227,967,1037
528228,973,1040
528229,974,1039
528230,976,1036
528231,971,1036
528232,968,1031
528233,970,1038
528234,973,1041
528235,977,1038
528236,975,1037
528237,974,1036
528238,971,1034
528239,972,1036
528240,976,1038
528241,979,1036
528242,976,1034
528243,977,1027
528244,983,1026
528245,991,1027
528246,1004,1025
528247,1024,1022
528248,1045,1021
528249,1064,1014
528250,1094,1007
528251,1129,1002
528252,1166,993
528253,1206,987
528254,1240,981
528255,1273,977
528256,1303,980
528257,1322,995
528258,1317,1009
528259,1293,1017
528260,1243,1019
528261,1187,1025
528262,1128,1030
528263,1069,1040
528264,1011,1048
528265,974,1053
528266,954,1052
528267,956,1049
528268,968,1043
528269,979,1041
528270,979,1036
528271,974,1037
528272,968,1035
528273,960,1029
528274,957,1033
528275,956,1037
528276,954,1037
528277,956,1041
528278,955,1037
528279,951,1039
528280,947,1035
528281,946,1037
528282,949,1042
528283,947,1041
528284,946,1040
528285,944,1039
528286,945,1037
528287,945,1039
528288,949,1042
528289,951,1042
528290,950,1041
528291,949,1038
528292,944,1038
528293,946,1039
528294,948,1042
528295,949,1046
528296,951,1040
528297,947,1039
528298,944,1035
528299,944,1039
528300,947,1040
528301,951,1043
528302,948,1041
528303,947,1037
528304,944,1037
528305,945,1041
528306,948,1039
528307,951,1043
528308,950,1041
528309,952,1037
528310,944,1037
528311,948,1042
528312,951,1042
528313,957,1043
528314,954,1040
528315,952,1038
528316,948,1037
528317,950,1041
528318,952,1040
528319,956,1042
528320,955,1040
528321,954,1037
528322,954,1037
528323,953,1038
528324,956,1040
528325,959,1039
528326,957,1038
528327,955,1035
528328,958,1032
528329,957,1036
528330,962,1035
528331,964,1035
528332,966,1031
528333,964,1024
528334,959,1024
528335,963,1026
528336,967,1028
528337,973,1028
528338,976,1025
528339,973,1023
528340,970,1018
528341,967,1021
528342,974,1020
528343,974,1020
528344,976,1021
528345,977,1014
528346,977,1016
528347,978,1016
528348,984,1019
528349,988,1019
528350,988,1014
528351,987,1011
528352,985,1010
528353,985,1012
528354,988,1015
528355,994,1014
528356,993,1013
528357,992,1007
528358,991,1007
528359,995,1009
528360,997,1012
528361,1001,1012
528362,1002,1013
528363,1001,1008
528364,999,1010
528365,998,1010
528366,1004,1013
528367,1010,1013
528368,1008,1013
528369,1006,1012
528370,1008,1012
528371,1006,1013
528372,1008,1015
528373,1010,1019
528374,1010,1018
528375,1008,1016
528376,1008,1015
528377,1007,1017
528378,1012,1021
528379,1011,1021
528380,1006,1024
528381,1003,1023
528382,1000,1022
528383,996,1028
528384,998,1032
528385,996,1029
528386,991,1029
528387,990,1027
528388,983,1029
528389,982,1031
528390,982,1032
528391,984,1036
528392,981,1033
528393,977,1031
528394,973,1032
528395,970,1036
528396,970,1037
528397,973,1037
528398,974,1034
528399,970,1033
528400,967,1032
528401,968,1035
528402,970,1036
528403,974,1037
528404,972,1036
528405,968,1034
528406,969,1034
528407,965,1037
528408,972,1038
528409,975,1039
528410,971,1038
528411,968,1034
528412,965,1033
528413,967,1037
528414,971,1039
528415,974,1038
528416,973,1037
528417,974,1035
528418,975,1036
528419,976,1040
528420,976,1041
528421,977,1040
528422,975,1041
528423,974,1036
528424,972,1036
528425,974,1038
528426,976,1038
528427,978,1041
528428,977,1038
528429,976,1034
528430,973,1035
528431,972,1037
528432,976,1040
528433,979,1040
528434,973,1036
528435,975,1034
528436,972,1035
528437,969,1034
528438,973,1036
528439,974,1037
528440,973,1036
528441,971,1034
528442,967,1036
528443,970,1036
528444,969,1036
528445,974,1036
528446,970,1036
528447,970,1033
528448,968,1035
528449,965,1031
528450,965,1035
528451,971,1034
528452,969,1034
528453,967,1028
528454,964,1030
528455,965,1033
528456,964,1033
528457,965,1036
528458,967,1034
528459,961,1034
528460,961,1033
528461,962,1036
528462,965,1037
528463,970,1038
528464,970,1035
528465,967,1033
528466,963,1033
528467,967,1032
528468,968,1035
528469,972,1037
528470,969,1037
528471,967,1032
528472,963,1032
528473,964,1036
528474,969,1039
528475,972,1040
528476,972,1039
528477,967,1035
528478,965,1034
528479,963,1038
528480,966,1040
528481,968,1041
528482,967,1037
528483,967,1037
528484,963,1033
528485,963,1038
528486,965,1042
528487,966,1044
528488,964,1039
528489,959,1039
528490,958,1040
528491,956,1042
528492,961,1041
528493,963,1045
528494,963,1042
528495,961,1040
528496,954,1041
528497,952,1041
528498,954,1044
528499,963,1044
528500,962,1041
528501,961,1040
528502,957,1038
528503,958,1040
528504,962,1042
528505,966,1040
528506,965,1038
528507,963,1036
528508,960,1036
528509,962,1038
528510,964,1040
528511,968,1043
528512,969,1039
528513,968,1036
528514,965,1036
528515,965,1036
528516,969,1039
528517,973,1040
528518,969,1037
528519,970,1035
528520,968,1036
528521,972,1036
528522,973,1035
528523,980,1034
528524,983,1027
528525,988,1025
528526,1000,1021
528527,1014,1023
528528,1039,1023
528529,1066,1017
528530,1101,1008
528531,1137,992
528532,1172,979
528533,1210,973
528534,1249,973
528535,1287,977
528536,1305,990
528537,1300,1003
528538,1267,1011
528539,1220,1017
528540,1162,1026
528541,1103,1042
528542,1036,1056
528543,978,1063
528544,939,1069
528545,927,1077
528546,935,1078
528547,950,1072
528548,960,1059
528549,961,1049
528550,963,1045
528551,958,1045
528552,957,1044
528553,956,1047
528554,953,1044
528555,949,1039
528556,945,1038
528557,944,1042
528558,945,1044
528559,949,1046
528560,944,1043
528561,944,1039
528562,941,1039
528563,939,1042
528564,944,1042
528565,947,1043
528566,948,1043
528567,945,1040
528568,942,1039
528569,942,1039
528570,946,1044
528571,944,1042
528572,944,1040
528573,943,1037
528574,941,1039
528575,940,1040
528576,945,1041
528577,951,1041
528578,948,1040
528579,946,1036
528580,941,1036
528581,941,1038
528582,944,1040
528583,951,1040
528584,951,1038
528585,946,1035
528586,945,1036
528587,945,1039
528588,945,1042
528589,950,1043
528590,949,1042
528591,949,1042
528592,947,1040
528593,947,1042
528594,951,1044
528595,952,1043
528596,954,1040
528597,954,1039
528598,951,1037
528599,952,1040
528600,955,1042
528601,958,1041
528602,958,1039
528603,957,1035
528604,956,1034
528605,957,1035
528606,961,1035
528607,965,1035
528608,966,1033
528609,965,1029
528610,964,1025
528611,963,1026
528612,968,1027
528613,970,1025
528614,974,1022
528615,974,1018
528616,973,1014
528617,971,1015
528618,976,1016
528619,981,1018
528620,979,1014
528621,977,1012
528622,977,1009
528623,975,1010
528624,978,1013
528625,985,1011
528626,983,1008
528627,983,1006
528628,981,1005
528629,981,1005
528630,983,1007
528631,983,1006
528632,984,1006
528633,984,1003
528634,985,1001
528635,986,1004
528636,986,1008
528637,988,1007
528638,988,1006
528639,987,1002
528640,986,1002
528641,984,1003
528642,987,1008
528643,990,1008
528644,990,1010
528645,989,1009
528646,986,1011
528647,985,1013
528648,986,1019
528649,989,1022
528650,985,1020
528651,981,1020
528652,975,1019
528653,972,1023
528654,971,1029
528655,972,1031
528656,970,1031
528657,966,1032
528658,964,1032
528659,963,1033
528660,965,1038
528661,969,1039
528662,966,1038
528663,963,1037
528664,960,1036
528665,960,1039
528666,961,1040
528667,962,1040
528668,959,1040
528669,957,1040
528670,957,1039
528671,957,1042
528672,960,1045
528673,964,1046
528674,963,1044
528675,958,1045
528676,958,1044
528677,957,1045
528678,958,1048
528679,964,1048
528680,962,1046
528681,960,1042
528682,957,1042
528683,958,1043
528684,959,1046
528685,964,1047
528686,965,1046
528687,962,1043
528688,961,1040
528689,962,1044
528690,963,1046
528691,967,1048
528692,967,1041
528693,963,1041
528694,962,1040
528695,962,1041
528696,963,1042
528697,966,1043
528698,964,1040
528699,959,1036
528700,960,1037
528701,960,1038
528702,964,1042
528703,964,1044
528704,963,1037
528705,958,1033
528706,954,1033
528707,953,1034
528708,961,1039
528709,963,1038
528710,958,1034
528711,959,1032
528712,958,1032
528713,958,1037
528714,961,1043
528715,965,1042
528716,963,1041
528717,961,1041
528718,959,1040
528719,960,1043
528720,963,1047
528721,962,1047
528722,965,1048
528723,962,1044
528724,957,1044
528725,958,1044
528726,962,1046
528727,965,1047
528728,965,1045
528729,962,1042
528730,962,1044
528731,962,1045
528732,963,1047
528733,965,1049
528734,966,1046
528735,963,1044
528736,959,1047
528737,959,1047
528738,963,1047
528739,965,1050
528740,967,1049
528741,967,1043
528742,961,1042
528743,960,1041
528744,963,1048
528745,965,1044
528746,963,1043
528747,960,1039
528748,960,1038
528749,962,1040
528750,965,1040
528751,966,1041
528752,964,1040
528753,960,1038
528754,960,1033
528755,961,1036
528756,965,1039
528757,969,1042
528758,968,1039
528759,966,1035
528760,962,1035
528761,961,1036
528762,967,1037
528763,976,1036
528764,981,1030
528765,990,1028
528766,1002,1027
528767,1022,1024
528768,1051,1022
528769,1087,1016
528770,1122,1003
528771,1159,989
528772,1191,982
528773,1230,981
528774,1270,985
528775,1297,998
528776,1307,1011
528777,1281,1019
528778,1232,1023
528779,1164,1031
528780,1101,1049
528781,1038,1063
528782,977,1073
528783,940,1077
528784,929,1077
528785,940,1071
528786,959,1063
528787,970,1056
528788,971,1047
528789,969,1039
528790,965,1036
528791,961,1039
528792,961,1042
528793,961,1045
528794,959,1042
528795,955,1041
528796,947,1039
528797,947,1044
528798,949,1045
528799,955,1047
528800,954,1043
528801,951,1039
528802,947,1040
528803,949,1043
528804,950,1044
528805,953,1047
528806,953,1042
528807,949,1042
528808,946,1041
528809,944,1045
528810,947,1050
528811,949,1045
528812,946,1045
528813,944,1043
528814,941,1043
528815,940,1045
528816,942,1048
528817,947,1049
528818,947,1045
528819,947,1046
528820,945,1043
528821,944,1045
528822,949,1050
528823,954,1047
528824,955,1046
528825,950,1044
528826,948,1042
528827,952,1044
528828,952,1046
528829,958,1045
528830,955,1043
528831,947,1041
528832,950,1040
528833,951,1041
528834,953,1042
528835,954,1041
528836,956,1037
528837,950,1037
528838,954,1036
528839,953,1036
528840,954,1036
528841,959,1036
528842,956,1033
528843,956,1029
528844,955,1027
528845,958,1030
528846,960,1032
528847,964,1032
528848,966,1031
528849,962,1028
528850,962,1026
528851,960,1027
528852,967,1027
528853,971,1027
528854,969,1023
528855,971,1020
528856,968,1018
528857,971,1019
528858,974,1019
528859,978,1021
528860,979,1020
528861,979,1014
528862,976,1013
528863,978,1012
528864,983,1014
528865,987,1013
528866,987,1012
528867,986,1008
528868,983,1006
528869,987,1006
528870,989,1008
528871,996,1012
528872,996,1007
528873,993,1004
528874,990,1003
528875,995,1003
528876,996,1007
528877,1001,1005
528878,999,1004
528879,998,1002
528880,994,1000
528881,996,1003
528882,995,1006
528883,998,1006
528884,998,1007
528885,993,1005
528886,990,1006
528887,988,1010
528888,993,1012
528889,991,1018
528890,988,1014
528891,986,1012
528892,978,1016
528893,980,1021
528894,982,1025
528895,984,1028
528896,983,1027
528897,980,1026
528898,974,1030
528899,973,1033
528900,974,1035
528901,976,1038
528902,974,1035
528903,967,1038
528904,966,1041
528905,964,1042
528906,964,1045
528907,970,1047
528908,968,1046
528909,964,1044
528910,962,1044
528911,962,1047
528912,965,1051
528913,966,1051
528914,964,1048
528915,963,1046
528916,961,1045
528917,964,1048
528918,966,1047
528919,969,1044
528920,969,1041
528921,968,1038
528922,965,1037
528923,968,1039
528924,970,1041
528925,973,1041
528926,975,1038
528927,974,1035
528928,972,1036
528929,972,1037
528930,976,1039
528931,980,1039
528932,981,1037
528933,982,1034
528934,986,1038
528935,984,1040
528936,990,1045
528937,999,1044
528938,1001,1044
528939,1002,1043
528940,1005,1045
528941,1014,1043
528942,1028,1037
528943,1045,1022
528944,1055,1005
528945,1066,988
528946,1077,974
528947,1092,965
528948,1113,952
528949,1132,935
528950,1152,917
528951,1169,890
528952,1185,869
528953,1201,849
528954,1218,837
528955,1237,827
528956,1246,815
528957,1247,802
528958,1242,802
528959,1240,804
528960,1237,808
528961,1232,807
528962,1221,805
528963,1205,804
528964,1185,804
528965,1164,815
528966,1144,823
528967,1124,831
528968,1100,838
528969,1071,847
528970,1046,859
528971,1035,875
528972,1032,893
528973,1030,905
528974,1027,915
528975,1025,927
528976,1020,938
528977,1013,949
528978,1014,957
528979,1025,965
528980,1035,972
528981,1050,975
528982,1069,977
528983,1091,979
528984,1093,985
528985,1069,989
528986,1025,999
528987,975,1011
528988,940,1026
528989,922,1047
528990,919,1065
528991,920,1081
528992,918,1089
528993,908,1092
528994,904,1091
528995,900,1098
528996,899,1104
528997,901,1105
528998,898,1107
528999,893,1105
529000,887,1108
529001,885,1111
529002,891,1115
529003,892,1116
529004,890,1117
529005,887,1116
529006,880,1117
529007,881,1120
529008,884,1126
529009,883,1125
529010,881,1125
529011,876,1122
529012,876,1126
529013,872,1128
529014,876,1133
529015,877,1133
529016,873,1133
529017,873,1132
529018,868,1134
529019,869,1137
529020,869,1143
529021,871,1145
529022,871,1147
529023,869,1146
529024,867,1150
529025,866,1153
529026,866,1159
529027,874,1163
529028,870,1163
529029,868,1163
529030,866,1166
529031,866,1173
529032,867,1182
529033,866,1185
529034,866,1186
529035,866,1186
529036,863,1185
529037,863,1189
529038,867,1190
529039,871,1194
529040,871,1193
529041,871,1194
529042,868,1193
529043,874,1198
529044,876,1203
529045,883,1203
529046,885,1200
529047,883,1198
529048,884,1196
529049,887,1198
529050,892,1198
529051,901,1199
529052,904,1192
529053,906,1188
529054,907,1183
529055,911,1183
529056,916,1179
529057,924,1175
529058,926,1171
529059,926,1164
529060,926,1159
529061,930,1157
529062,937,1154
529063,939,1152
529064,941,1144
529065,944,1138
529066,943,1131
529067,945,1128
529068,946,1125
529069,951,1120
529070,949,1116
529071,947,1107
529072,948,1103
529073,950,1100
529074,951,1099
529075,957,1095
529076,958,1089
529077,955,1083
529078,949,1078
529079,950,1076
529080,952,1078
529081,957,1072
529082,955,1071
529083,954,1064
529084,952,1059
529085,952,1059
529086,953,1060
529087,956,1058
529088,955,1052
529089,952,1048
529090,949,1046
529091,952,1045
529092,954,1047
529093,957,1046
529094,954,1044
529095,954,1039
529096,951,1039
529097,951,1040
529098,954,1044
529099,957,1041
529100,956,1041
529101,953,1036
529102,952,1036
529103,951,1037
529104,955,1040
529105,956,1039
529106,956,1039
529107,955,1035
529108,955,1035
529109,956,1036
529110,954,1040
529111,960,1039
529112,958,1037
529113,957,1034
529114,953,1034
529115,953,1035
529116,955,1038
529117,959,1040
529118,960,1034
529119,959,1031
529120,955,1033
529121,953,1034
529122,958,1037
529123,958,1036
529124,960,1039
529125,958,1036
529126,959,1036
529127,956,1037
529128,958,1042
529129,963,1040
529130,960,1039
529131,956,1037
529132,954,1036
529133,956,1037
529134,956,1039
529135,960,1039
529136,956,1035
529137,957,1032
529138,957,1031
529139,959,1035
529140,961,1036
529141,962,1036
529142,960,1033
529143,958,1030
529144,956,1031
529145,960,1031
529146,961,1036
529147,962,1035
529148,963,1033
529149,962,1029
529150,960,1029
529151,961,1031
529152,962,1034
529153,962,1032
529154,961,1033
529155,959,1029
529156,956,1029
529157,958,1031
529158,958,1032
529159,959,1031
529160,959,1027
529161,957,1024
529162,954,1024
529163,956,1027
529164,957,1030
529165,963,1030
529166,960,1027
529167,958,1027
529168,953,1023
529169,952,1026
529170,955,1027
529171,955,1027
529172,957,1027
529173,955,1025
529174,951,1027
529175,950,1029
529176,956,1032
529177,958,1032
529178,957,1029
529179,956,1031
529180,951,1028
529181,953,1032
529182,955,1034
529183,958,1032
529184,956,1029
529185,957,1029
529186,957,1026
529187,952,1027
529188,955,1031
529189,959,1031
529190,956,1031
529191,958,1026
529192,958,1027
529193,959,1028
529194,960,1031
529195,965,1032
529196,963,1029
529197,963,1026
529198,962,1025
529199,964,1026
529200,970,1029
529201,972,1029
529202,972,1027
529203,970,1024
529204,967,1024
529205,966,1027
529206,968,1028
529207,971,1025
529208,971,1023
529209,969,1019
529210,971,1015
529211,980,1013
529212,995,1011
529213,1009,1007
529214,1028,1003
529215,1046,995
529216,1073,984
529217,1111,971
529218,1154,962
529219,1197,957
529220,1233,961
529221,1267,975
529222,1269,997
529223,1248,1017
529224,1202,1025
529225,1140,1031
529226,1069,1041
529227,1001,1059
529228,944,1071
529229,919,1082
529230,929,1079
529231,946,1069
529232,957,1053
529233,963,1038
529234,959,1031
529235,959,1031
529236,960,1029
529237,961,1028
529238,956,1026
529239,949,1026
529240,945,1024
529241,948,1024
529242,950,1028
529243,950,1028
529244,947,1027
529245,943,1023
529246,940,1023
529247,944,1027
529248,949,1026
529249,951,1027
529250,955,1026
529251,950,1023
529252,949,1019
529253,947,1021
529254,950,1025
529255,955,1026
529256,956,1026
529257,952,1020
529258,946,1020
529259,946,1024
529260,941,1026
529261,947,1028
529262,946,1025
529263,948,1023
529264,947,1023
529265,944,1022
529266,946,1027
529267,951,1024
529268,944,1022
529269,943,1020
529270,943,1017
529271,942,1020
529272,944,1022
529273,947,1021
529274,943,1018
529275,941,1016
529276,940,1014
529277,942,1017
529278,946,1019
529279,947,1019
529280,946,1018
529281,947,1014
529282,946,1010
529283,945,1014
529284,945,1016
529285,947,1015
529286,949,1012
529287,949,1010
529288,948,1007
529289,955,1013
529290,955,1013
529291,959,1009
529292,958,1008
529293,961,1004
529294,961,1001
529295,967,1000
529296,970,999
529297,972,1000
529298,973,996
529299,970,991
529300,967,987
529301,969,987
529302,975,989
529303,981,989
529304,983,984
529305,977,981
529306,976,982
529307,982,983
529308,987,986
529309,987,984
529310,990,982
529311,987,976
529312,988,977
529313,987,978
529314,992,978
529315,998,978
529316,996,975
529317,997,971
529318,996,975
529319,998,976
529320,999,978
529321,1000,981
529322,1001,980
529323,999,979
529324,997,980
529325,1000,984
529326,1007,988
529327,1005,990
529328,999,992
529329,998,992
529330,997,995
529331,994,998
529332,996,1003
529333,995,1005
529334,993,1006
529335,990,1007
529336,988,1008
529337,982,1012
529338,986,1018
529339,990,1017
529340,990,1018
529341,987,1016
529342,983,1017
529343,980,1020
529344,984,1022
529345,985,1022
529346,983,1023
529347,982,1019
529348,982,1019
529349,980,1022
529350,978,1024
529351,980,1026
529352,979,1024
529353,974,1021
529354,973,1022
529355,975,1025
529356,977,1026
529357,979,1029
529358,978,1029
529359,975,1023
529360,972,1024
529361,973,1026
529362,974,1029
529363,979,1028
529364,976,1028
529365,974,1024
529366,970,1024
529367,970,1027
529368,974,1029
529369,977,1028
529370,973,1026
529371,969,1024
529372,967,1021
529373,969,1025
529374,973,1026
529375,973,1024
529376,972,1021
529377,973,1016
529378,969,1017
529379,969,1019
529380,967,1022
529381,974,1023
529382,968,1021
529383,972,1018
529384,970,1016
529385,970,1021
529386,972,1020
529387,969,1023
529388,974,1021
529389,970,1019
529390,970,1020
529391,972,1022
529392,974,1025
529393,977,1024
529394,979,1025
529395,975,1020
529396,973,1018
529397,972,1024
529398,976,1024
529399,976,1026
529400,975,1024
529401,972,1023
529402,968,1026
529403,969,1027
529404,971,1029
529405,973,1030
529406,972,1030
529407,971,1027
529408,965,1028
529409,964,1032
529410,963,1034
529411,968,1037
529412,967,1036
529413,964,1033
529414,963,1033
529415,963,1034
529416,967,1037
529417,969,1034
529418,970,1032
529419,964,1029
529420,959,1029
529421,961,1029
529422,964,1033
529423,965,1032
529424,965,1031
529425,966,1030
529426,963,1029
529427,963,1031
529428,970,1032
529429,975,1031
529430,976,1029
529431,974,1028
529432,971,1023
529433,971,1025
529434,978,1024
529435,981,1022
529436,988,1017
529437,997,1011
529438,1009,1008
529439,1030,1008
529440,1060,1007
529441,1100,996
529442,1141,982
529443,1183,974
529444,1228,974
529445,1272,987
529446,1300,1011
529447,1303,1027
529448,1270,1031
529449,1214,1030
529450,1144,1036
529451,1069,1054
529452,999,1075
529453,945,1090
529454,920,1098
529455,927,1086
529456,945,1073
529457,956,1062
529458,963,1060
529459,967,1052
529460,965,1045
529461,961,1040
529462,953,1034
529463,952,1036
529464,954,1039
529465,954,1036
529466,953,1033
529467,947,1031
529468,943,1033
529469,945,1033
529470,948,1034
529471,950,1037
529472,949,1035
529473,947,1031
529474,945,1034
529475,946,1033
529476,948,1037
529477,954,1036
529478,956,1034
529479,951,1031
529480,948,1031
529481,949,1032
529482,953,1035
529483,952,1034
529484,954,1036
529485,951,1030
529486,950,1029
529487,949,1030
529488,952,1033
529489,956,1032
529490,958,1029
529491,954,1026
529492,951,1025
529493,951,1026
529494,955,1030
529495,958,1032
529496,957,1030
529497,951,1025
529498,950,1026
529499,950,1028
529500,953,1032
529501,954,1030
529502,955,1027
529503,952,1025
529504,950,1027
529505,949,1030
529506,951,1034
529507,953,1032
529508,954,1033
529509,949,1030
529510,953,1027
529511,953,1025
529512,958,1027
529513,964,1024
529514,963,1019
529515,962,1015
529516,959,1013
529517,961,1014
529518,964,1015
529519,966,1014
529520,966,1010
529521,963,1008
529522,963,1005
529523,965,1006
529524,970,1006
529525,969,1005
529526,973,1001
529527,972,997
529528,969,998
529529,970,997
529530,972,1000
529531,976,997
529532,978,993
529533,976,989
529534,976,990
529535,976,992
529536,979,994
529537,982,993
529538,983,991
529539,984,987
529540,981,986
529541,980,989
529542,986,992
529543,988,993
529544,989,993
529545,986,992
529546,981,993
529547,983,1000
529548,986,1006
529549,988,1008
529550,986,1008
529551,982,1012
529552,976,1015
529553,978,1024
529554,978,1027
529555,981,1031
529556,977,1030
529557,974,1029
529558,971,1028
529559,970,1029
529560,976,1034
529561,976,1032
529562,974,1031
529563,971,1030
529564,969,1032
529565,968,1034
529566,969,1036
529567,971,1036
529568,970,1034
529569,966,1031
529570,964,1033
529571,966,1037
529572,967,1038
529573,973,1038
529574,974,1034
529575,970,1033
529576,967,1032
529577,968,1035
529578,970,1039
529579,971,1036
529580,972,1035
529581,971,1031
529582,971,1032
529583,971,1035
529584,972,1037
529585,973,1039
529586,974,1037
529587,970,1034
529588,969,1035
529589,971,1039
529590,974,1041
529591,976,1039
529592,975,1040
529593,972,1036
529594,969,1039
529595,966,1043
529596,966,1044
529597,971,1047
529598,973,1045
529599,969,1044
529600,965,1043
529601,967,1048
529602,966,1053
529603,972,1057
529604,970,1054
529605,969,1048
529606,966,1044
529607,967,1045
529608,973,1042
529609,976,1043
529610,974,1042
529611,974,1042
529612,971,1043
529613,972,1039
529614,975,1036
529615,973,1032
529616,975,1028
529617,973,1024
529618,971,1022
529619,973,1022
529620,976,1025
529621,980,1023
529622,976,1024
529623,970,1025
529624,970,1025
529625,967,1027
529626,975,1033
529627,976,1034
529628,977,1032
529629,973,1030
529630,968,1030
529631,970,1033
529632,973,1039
529633,977,1038
529634,975,1039
529635,970,1036
529636,967,1035
529637,969,1036
529638,972,1042
529639,975,1043
529640,972,1041
529641,967,1041
529642,964,1044
529643,966,1045
529644,969,1049
529645,970,1048
529646,968,1048
529647,964,1046
529648,963,1047
529649,962,1050
529650,963,1052
529651,970,1054
529652,968,1051
529653,969,1047
529654,968,1044
529655,970,1041
529656,973,1041
529657,976,1037
529658,977,1035
529659,975,1032
529660,978,1030
529661,975,1032
529662,977,1031
529663,981,1032
529664,979,1026
529665,987,1021
529666,991,1016
529667,1005,1017
529668,1025,1017
529669,1051,1013
529670,1081,1007
529671,1113,993
529672,1150,981
529673,1192,974
529674,1233,974
529675,1278,975
529676,1310,987
529677,1311,1002
529678,1286,1016
529679,1235,1023
529680,1177,1029
529681,1109,1042
529682,1043,1055
529683,985,1063
529684,949,1069
529685,943,1072
529686,960,1067
529687,977,1059
529688,987,1048
529689,978,1041
529690,968,1041
529691,963,1045
529692,962,1050
529693,961,1050
529694,959,1050
529695,956,1044
529696,948,1043
529697,952,1048
529698,956,1050
529699,955,1045
529700,955,1049
529701,952,1046
529702,948,1044
529703,948,1045
529704,950,1046
529705,953,1047
529706,955,1042
529707,952,1036
529708,948,1032
529709,949,1034
529710,950,1035
529711,955,1035
529712,954,1034
529713,950,1033
529714,949,1031
529715,953,1035
529716,952,1039
529717,951,1040
529718,952,1039
529719,951,1036
529720,946,1035
529721,949,1037
529722,951,1040
529723,951,1041
529724,954,1040
529725,952,1038
529726,949,1038
529727,952,1037
529728,949,1043
529729,951,1044
529730,953,1041
529731,951,1038
529732,947,1041
529733,950,1046
529734,951,1047
529735,958,1045
529736,959,1044
529737,951,1043
529738,955,1042
529739,957,1045
529740,963,1047
529741,964,1040
529742,966,1035
529743,963,1026
529744,963,1019
529745,964,1024
529746,969,1025
529747,973,1024
529748,975,1024
529749,971,1019
529750,970,1019
529751,973,1017
529752,975,1014
529753,980,1010
529754,979,1004
529755,977,997
529756,976,990
529757,978,990
529758,981,991
529759,986,993
529760,987,995
529761,985,991
529762,985,989
529763,987,990
529764,989,991
529765,990,993
529766,990,988
529767,991,983
529768,988,980
529769,992,984
529770,993,989
529771,994,995
529772,993,999
529773,992,1002
529774,992,1004
529775,995,1008
529776,1001,1012
529777,1002,1010
529778,1000,1006
529779,996,1003
529780,993,1011
529781,993,1023
529782,996,1033
529783,998,1034
529784,996,1026
529785,994,1019
529786,988,1021
529787,987,1030
529788,990,1036
529789,990,1040
529790,987,1041
529791,979,1038
529792,974,1041
529793,973,1045
529794,976,1056
529795,981,1066
529796,979,1068
529797,977,1063
529798,969,1049
529799,973,1035
529800,977,1029
529801,976,1036
529802,973,1050
529803,974,1058
529804,974,1056
529805,974,1042
529806,976,1026
529807,976,1017
529808,976,1022
529809,975,1029
529810,969,1035
529811,974,1030
529812,975,1030
529813,972,1025
529814,974,1022
529815,971,1021
529816,971,1025
529817,973,1030
529818,974,1037
529819,977,1046
529820,977,1051
529821,973,1049
529822,970,1052
529823,970,1050
529824,966,1054
529825,974,1051
529826,974,1050
529827,972,1046
529828,974,1046
529829,974,1049
529830,978,1059
529831,979,1059
529832,975,1052
529833,974,1037
529834,973,1026
529835,977,1030
529836,976,1036
529837,979,1039
529838,982,1034
529839,979,1029
529840,975,1026
529841,969,1029
529842,976,1038
529843,978,1046
529844,979,1045
529845,975,1039
529846,968,1035
529847,969,1037
529848,970,1047
529849,975,1056
529850,976,1056
529851,974,1046
529852,971,1030
529853,972,1025
529854,971,1026
529855,971,1027
529856,968,1031
529857,964,1030
529858,963,1034
529859,965,1037
529860,969,1042
529861,968,1047
529862,964,1050
529863,963,1054
529864,963,1058
529865,966,1056
529866,969,1048
529867,970,1044
529868,970,1040
529869,966,1036
529870,965,1047
529871,964,1055
529872,967,1059
529873,970,1050
529874,969,1042
529875,968,1037
529876,966,1045
529877,963,1055
529878,965,1069
529879,968,1066
529880,967,1056
529881,964,1050
529882,963,1045
529883,963,1049
529884,966,1055
529885,971,1062
529886,970,1063
529887,966,1055
529888,959,1049
529889,964,1048
529890,968,1042
529891,973,1034
529892,971,1025
529893,968,1024
529894,966,1027
529895,968,1033
529896,970,1038
529897,973,1041
529898,972,1038
529899,969,1036
529900,968,1036
529901,963,1041
529902,971,1043
529903,975,1044
529904,971,1037
529905,969,1035
529906,966,1035
529907,968,1041
529908,970,1046
529909,974,1050
529910,973,1047
529911,973,1046
529912,970,1043
529913,969,1041
529914,973,1037
529915,982,1031
529916,987,1027
529917,993,1023
529918,1001,1024
529919,1016,1033
529920,1040,1036
529921,1076,1033
529922,1112,1014
529923,1150,994
529924,1190,984
529925,1234,987
529926,1274,1004
529927,1301,1029
529928,1295,1048
529929,1262,1061
529930,1212,1067
529931,1149,1077
529932,1086,1087
529933,1021,1098
529934,963,1105
529935,927,1106
529936,925,1101
529937,938,1094
529938,952,1083
529939,960,1078
529940,964,1078
529941,964,1077
529942,961,1076
529943,961,1073
529944,960,1064
529945,962,1051
529946,957,1036
529947,953,1024
529948,949,1019
529949,951,1023
529950,953,1027
529951,956,1037
529952,954,1047
529953,952,1047
529954,949,1048
529955,952,1042
529956,955,1038
529957,952,1034
529958,950,1035
529959,949,1032
529960,945,1035
529961,947,1042
529962,948,1042
529963,952,1034
529964,952,1030
529965,948,1028
529966,946,1027
529967,948,1037
529968,949,1043
529969,952,1044
529970,949,1044
529971,947,1044
529972,946,1050
529973,946,1058
529974,948,1058
529975,950,1053
529976,946,1044
529977,945,1038
529978,943,1039
529979,944,1045
529980,947,1052
529981,948,1056
529982,947,1062
529983,942,1070
529984,942,1073
529985,943,1071
529986,946,1068
529987,954,1063
529988,956,1045
529989,954,1030
529990,953,1019
529991,956,1016
529992,956,1019
529993,959,1020
529994,956,1021
529995,956,1021
529996,956,1024
529997,957,1028
529998,962,1025
529999,964,1020
530000,963,1020
530001,962,1015
530002,957,1019
530003,961,1022
530004,965,1024
530005,965,1024
530006,965,1025
530007,964,1019
530008,963,1017
530009,965,1016
530010,969,1017
530011,972,1023
530012,973,1024
530013,973,1026
530014,969,1020
530015,968,1019
530016,972,1017
530017,976,1016
530018,975,1019
530019,974,1020
530020,970,1025
530021,974,1024
530022,978,1024
530023,980,1023
530024,981,1019
530025,980,1008
530026,980,993
530027,982,987
530028,983,989
530029,987,992
530030,987,995
530031,987,999
530032,982,1012
530033,984,1022
530034,988,1026
530035,990,1018
530036,992,1001
530037,989,990
530038,989,992
530039,986,1002
530040,988,1007
530041,990,1014
530042,987,1017
530043,986,1022
530044,985,1030
530045,984,1041
530046,986,1042
530047,985,1037
530048,980,1036
530049,981,1036
530050,977,1042
530051,977,1043
530052,980,1043
530053,982,1043
530054,979,1044
530055,975,1048
530056,972,1052
530057,969,1054
530058,975,1054
530059,975,1050
530060,974,1050
530061,971,1052
530062,972,1060
530063,973,1068
530064,975,1068
530065,975,1062
530066,974,1048
530067,973,1039
530068,969,1038
530069,970,1045
530070,973,1056
530071,975,1066
530072,973,1065
530073,974,1055
530074,970,1042
530075,971,1036
530076,977,1038
530077,979,1040
530078,977,1041
530079,974,1040
530080,974,1041
530081,975,1042
530082,976,1043
530083,978,1043
530084,975,1048
530085,971,1047
530086,971,1044
530087,973,1040
530088,976,1032
530089,977,1031
530090,976,1032
530091,972,1031
530092,969,1035
530093,969,1046
530094,971,1052
530095,973,1050
530096,974,1035
530097,971,1025
530098,969,1030
530099,968,1036
530100,969,1048
530101,972,1051
530102,973,1049
530103,970,1044
530104,970,1038
530105,972,1039
530106,975,1046
530107,977,1052
530108,973,1054
530109,972,1049
530110,971,1039
530111,970,1028
530112,973,1021
530113,973,1026
530114,975,1033
530115,970,1036
530116,967,1041
530117,968,1040
530118,970,1042
530119,974,1039
530120,972,1038
530121,967,1037
530122,965,1041
530123,967,1046
530124,970,1051
530125,976,1051
530126,974,1052
530127,971,1053
530128,972,1054
530129,971,1050
530130,977,1042
530131,981,1035
530132,977,1034
530133,974,1034
530134,971,1046
530135,972,1062
530136,972,1074
530137,978,1067
530138,982,1050
530139,982,1026
530140,988,1016
530141,999,1006
530142,1015,1005
530143,1034,1004
530144,1054,1009
530145,1080,1012
530146,1116,1006
530147,1159,1000
530148,1204,1001
530149,1253,1004
530150,1297,1008
530151,1310,1013
530152,1295,1025
530153,1252,1032
530154,1186,1043
530155,1116,1059
530156,1039,1073
530157,978,1077
530158,943,1075
530159,939,1072
530160,955,1065
530161,974,1058
530162,984,1048
530163,978,1043
530164,971,1042
530165,965,1048
530166,962,1054
530167,966,1055
530168,963,1049
530169,957,1040
530170,953,1040
530171,951,1043
530172,954,1050
530173,955,1055
530174,953,1064
530175,950,1063
530176,947,1051
530177,948,1045
530178,951,1041
530179,952,1043
530180,949,1043
530181,949,1033
530182,949,1027
530183,952,1026
530184,950,1034
530185,954,1034
530186,951,1040
530187,954,1038
530188,952,1041
530189,954,1042
530190,956,1042
530191,960,1041
530192,957,1037
530193,955,1034
530194,952,1035
530195,955,1039
530196,954,1045
530197,955,1044
530198,951,1044
530199,951,1045
530200,949,1047
530201,953,1053
530202,956,1055
530203,960,1053
530204,959,1048
530205,955,1054
530206,954,1058
530207,959,1065
530208,963,1065
530209,963,1056
530210,965,1038
530211,965,1020
530212,964,1005
530213,961,1004
530214,967,1010
530215,970,1012
530216,971,1012
530217,965,1009
530218,962,1012
530219,965,1015
530220,969,1021
530221,969,1021
530222,968,1015
530223,970,1011
530224,965,1007
530225,969,1006
530226,971,1005
530227,973,1005
530228,974,1002
530229,970,998
530230,975,996
530231,974,999
530232,976,1001
530233,980,1001
530234,980,999
530235,979,997
530236,979,997
530237,981,996
530238,981,1002
530239,983,1003
530240,982,1004
530241,979,997
530242,979,993
530243,979,993
530244,985,995
530245,989,994
530246,989,992
530247,987,992
530248,988,994
530249,988,998
530250,992,1007
530251,997,1004
530252,997,1003
530253,994,1005
530254,993,1011
530255,994,1019
530256,996,1020
530257,999,1019
530258,997,1014
530259,992,1011
530260,988,1016
530261,990,1021
530262,992,1027
530263,992,1028
530264,989,1031
530265,983,1031
530266,983,1032
530267,984,1034
530268,985,1038
530269,988,1038
530270,984,1033
530271,982,1031
530272,979,1035
530273,973,1047
530274,975,1056
530275,975,1058
530276,975,1053
530277,973,1042
530278,969,1027
530279,973,1021
530280,974,1021
530281,974,1027
530282,971,1030
530283,968,1033
530284,966,1037
530285,965,1044
530286,969,1048
530287,974,1045
530288,974,1037
530289,967,1031
530290,963,1028
530291,967,1033
530292,974,1037
530293,976,1043
530294,972,1042
530295,971,1042
530296,971,1044
530297,973,1046
530298,976,1047
530299,978,1046
530300,976,1045
530301,974,1042
530302,972,1040
530303,970,1043
530304,974,1043
530305,979,1044
530306,978,1043
530307,977,1039
530308,974,1040
530309,976,1046
530310,980,1051
530311,983,1055
530312,978,1049
530313,975,1044
530314,976,1039
530315,976,1043
530316,977,1044
530317,983,1043
530318,983,1042
530319,983,1038
530320,979,1036
530321,980,1036
530322,980,1038
530323,985,1042
530324,981,1046
530325,978,1049
530326,975,1046
530327,977,1042
530328,977,1035
530329,980,1031
530330,979,1024
530331,975,1022
530332,971,1025
530333,970,1032
530334,971,1039
530335,974,1041
530336,973,1039
530337,974,1036
530338,970,1031
530339,970,1032
530340,968,1036
530341,973,1039
530342,971,1038
530343,967,1038
530344,966,1041
530345,965,1043
530346,966,1048
530347,965,1047
530348,966,1041
530349,966,1035
530350,966,1037
530351,967,1042
530352,966,1049
530353,974,1048
530354,974,1049
530355,971,1048
530356,968,1050
530357,967,1053
530358,964,1054
530359,971,1049
530360,972,1046
530361,971,1043
530362,972,1042
530363,971,1048
530364,971,1050
530365,976,1051
530366,979,1044
530367,983,1034
530368,992,1029
530369,1002,1024
530370,1013,1020
530371,1028,1017
530372,1050,1016
530373,1077,1009
530374,1109,1003
530375,1150,994
530376,1196,986
530377,1241,988
530378,1279,998
530379,1302,1013
530380,1299,1031
530381,1273,1041
530382,1230,1043
530383,1172,1048
530384,1110,1058
530385,1036,1071
530386,979,1086
530387,941,1097
530388,935,1103
530389,947,1097
530390,960,1083
530391,964,1069
530392,970,1063
530393,971,1055
530394,971,1050
530395,970,1038
530396,964,1034
530397,961,1030
530398,957,1034
530399,956,1039
530400,956,1044
530401,958,1046
530402,954,1039
530403,948,1032
530404,944,1032
530405,945,1035
530406,949,1041
530407,952,1045
530408,949,1048
530409,949,1049
530410,949,1054
530411,949,1060
530412,951,1060
530413,955,1051
530414,953,1039
530415,952,1027
530416,948,1022
530417,945,1027
530418,948,1038
530419,950,1047
530420,953,1051
530421,952,1050
530422,951,1042
530423,950,1038
530424,952,1038
530425,955,1036
530426,950,1034
530427,948,1031
530428,948,1029
530429,951,1030
530430,954,1035
530431,958,1033
530432,954,1033
530433,952,1035
530434,948,1041
530435,949,1047
530436,951,1045
530437,954,1037
530438,955,1029
530439,954,1023
530440,951,1024
530441,955,1028
530442,958,1033
530443,960,1036
530444,960,1033
530445,956,1027
530446,951,1027
530447,952,1031
530448,956,1032
530449,960,1030
530450,960,1026
530451,959,1021
530452,959,1016
530453,963,1018
530454,967,1021
530455,968,1022
530456,968,1019
530457,967,1014
530458,966,1011
530459,968,1011
530460,972,1018
530461,977,1011
530462,975,1002
530463,972,992
530464,972,993
530465,969,999
530466,972,1009
530467,976,1020
530468,978,1024
530469,977,1015
530470,978,1002
530471,980,985
530472,982,981
530473,985,981
530474,983,986
530475,986,987
530476,981,990
530477,982,993
530478,986,1003
530479,991,1006
530480,990,1005
530481,992,1000
530482,990,997
530483,992,995
530484,995,1000
530485,996,1004
530486,995,1008
530487,991,1012
530488,990,1022
530489,991,1027
530490,993,1025
530491,994,1018
530492,992,1015
530493,986,1018
530494,981,1023
530495,981,1035
530496,986,1047
530497,987,1056
530498,984,1053
530499,981,1041
530500,978,1028
530501,982,1028
530502,983,1033
530503,984,1038
530504,981,1036
530505,979,1035
530506,973,1041
530507,978,1044
530508,982,1046
530509,986,1049
530510,982,1047
530511,978,1046
530512,975,1045
530513,974,1051
530514,976,1058
530515,978,1062
530516,976,1063
530517,978,1057
530518,976,1048
530519,978,1041
530520,981,1036
530521,982,1036
530522,980,1039
530523,976,1046
530524,974,1056
530525,976,1060
530526,979,1059
530527,980,1048
530528,979,1037
530529,976,1030
530530,974,1031
530531,974,1035
530532,976,1043
530533,978,1049
530534,976,1051
530535,975,1049
530536,974,1046
530537,975,1042
530538,979,1042
530539,980,1046
530540,978,1045
530541,976,1046
530542,974,1048
530543,976,1058
530544,977,1058
530545,983,1050
530546,983,1037
530547,981,1033
530548,979,1032
530549,976,1041
530550,982,1046
530551,984,1046
530552,982,1042
530553,978,1043
530554,977,1041
530555,977,1042
530556,981,1041
530557,984,1041
530558,982,1041
530559,982,1040
530560,976,1044
530561,978,1043
530562,977,1046
530563,981,1047
530564,980,1054
530565,975,1057
530566,976,1060
530567,977,1061
530568,983,1057
530569,985,1052
530570,982,1046
530571,979,1039
530572,974,1041
530573,974,1047
530574,975,1059
530575,977,1065
530576,976,1062
530577,974,1052
530578,974,1041
530579,974,1035
530580,975,1036
530581,974,1038
530582,973,1039
530583,971,1040
530584,969,1040
530585,969,1044
530586,971,1049
530587,975,1050
530588,972,1048
530589,969,1048
530590,970,1048
530591,973,1050
530592,976,1057
530593,975,1055
530594,976,1053
530595,971,1046
530596,972,1043
530597,977,1045
530598,977,1051
530599,981,1053
530600,979,1058
530601,978,1062
530602,977,1061
530603,978,1051
530604,982,1044
530605,983,1038
530606,982,1036
530607,981,1033
530608,982,1037
530609,989,1037
530610,996,1043
530611,1013,1044
530612,1028,1041
530613,1044,1031
530614,1069,1019
530615,1103,1007
530616,1145,996
530617,1189,992
530618,1234,990
530619,1274,994
530620,1308,1002
530621,1323,1019
530622,1309,1031
530623,1267,1030
530624,1202,1033
530625,1133,1042
530626,1067,1057
530627,1008,1076
530628,972,1087
530629,960,1090
530630,959,1087
530631,970,1074
530632,980,1063
530633,983,1057
530634,979,1054
530635,978,1053
530636,974,1046
530637,969,1040
530638,966,1037
530639,962,1037
530640,964,1039
530641,967,1040
530642,963,1038
530643,957,1042
530644,950,1047
530645,954,1055
530646,957,1052
530647,959,1043
530648,963,1037
530649,960,1035
530650,959,1041
530651,959,1045
530652,963,1051
530653,963,1053
530654,962,1052
530655,958,1050
530656,957,1049
530657,954,1048
530658,958,1048
530659,963,1048
530660,961,1049
530661,961,1047
530662,956,1052
530663,956,1060
530664,960,1070
530665,960,1069
530666,962,1062
530667,960,1053
530668,959,1050
530669,957,1055
530670,959,1060
530671,961,1066
530672,964,1058
530673,964,1048
530674,964,1043
530675,964,1041
530676,964,1044
530677,968,1045
530678,975,1045
530679,971,1043
530680,965,1041
530681,961,1047
530682,963,1046
530683,968,1045
530684,968,1044
530685,968,1042
530686,964,1040
530687,967,1036
530688,966,1037
530689,970,1036
530690,969,1034
530691,966,1038
530692,967,1040
530693,967,1039
530694,969,1030
530695,972,1025
530696,974,1021
530697,973,1015
530698,974,1020
530699,973,1022
530700,975,1025
530701,981,1023
530702,981,1018
530703,980,1013
530704,977,1012
530705,976,1009
530706,980,1012
530707,984,1011
530708,985,1010
530709,985,1009
530710,981,1009
530711,978,1012
530712,982,1009
530713,987,1006
530714,988,1003
530715,989,1004
530716,987,1002
530717,989,1006
530718,993,1012
530719,995,1011
530720,994,1017
530721,992,1020
530722,992,1027
530723,996,1029
530724,1001,1019
530725,1004,1006
530726,1004,996
530727,997,996
530728,996,1003
530729,994,1008
530730,999,1014
530731,1003,1021
530732,999,1023
530733,996,1024
530734,996,1025
530735,995,1029
530736,997,1031
530737,999,1033
530738,996,1035
530739,989,1033
530740,982,1035
530741,987,1040
530742,986,1042
530743,989,1046
530744,983,1049
530745,981,1051
530746,983,1051
530747,983,1056
530748,985,1055
530749,981,1051
530750,984,1046
530751,982,1044
530752,980,1054
530753,979,1067
530754,978,1077
530755,980,1067
530756,979,1053
530757,980,1039
530758,977,1039
530759,980,1045
530760,988,1049
530761,989,1045
530762,988,1039
530763,982,1038
530764,982,1042
530765,986,1044
530766,991,1044
530767,998,1041
530768,1000,1035
530769,1000,1036
530770,998,1036
530771,1001,1043
530772,1007,1049
530773,1013,1054
530774,1014,1058
530775,1019,1059
530776,1030,1058
530777,1045,1052
530778,1060,1038
530779,1074,1019
530780,1092,1002
530781,1107,988
530782,1122,968
530783,1137,957
530784,1153,949
530785,1170,935
530786,1189,911
530787,1208,883
530788,1225,855
530789,1243,841
530790,1261,836
530791,1271,831
530792,1280,825
530793,1279,821
530794,1274,816
530795,1275,817
530796,1268,821
530797,1262,820
530798,1258,815
530799,1242,813
530800,1227,818
530801,1209,831
530802,1191,844
530803,1172,856
530804,1150,866
530805,1122,876
530806,1103,889
530807,1085,903
530808,1079,915
530809,1072,923
530810,1063,929
530811,1052,935
530812,1051,950
530813,1048,961
530814,1047,976
530815,1046,984
530816,1051,990
530817,1055,997
530818,1063,1001
530819,1072,1003
530820,1086,1002
530821,1084,997
530822,1062,996
530823,1028,998
530824,987,1006
530825,957,1023
530826,940,1047
530827,930,1067
530828,928,1082
530829,919,1087
530830,911,1087
530831,909,1087
530832,912,1095
530833,909,1097
530834,907,1100
530835,900,1101
530836,897,1108
530837,902,1109
530838,900,1110
530839,898,1104
530840,893,1097
530841,892,1096
530842,887,1098
530843,890,1107
530844,892,1117
530845,889,1124
530846,884,1128
530847,883,1124
530848,880,1119
530849,882,1115
530850,880,1113
530851,883,1116
530852,882,1114
530853,876,1117
530854,874,1120
530855,874,1125
530856,873,1131
530857,872,1135
530858,869,1135
530859,865,1134
530860,862,1137
530861,863,1143
530862,860,1146
530863,864,1145
530864,864,1145
530865,859,1152
530866,854,1157
530867,855,1165
530868,857,1168
530869,859,1163
530870,859,1159
530871,854,1156
530872,853,1157
530873,858,1166
530874,859,1170
530875,863,1167
530876,860,1161
530877,859,1162
530878,860,1162
530879,864,1160
530880,865,1161
530881,865,1158
530882,866,1159
530883,862,1158
530884,867,1162
530885,866,1167
530886,870,1171
530887,877,1170
530888,880,1166
530889,883,1165
530890,882,1164
530891,890,1160
530892,893,1157
530893,899,1153
530894,901,1151
530895,901,1154
530896,904,1152
530897,909,1149
530898,915,1139
530899,923,1130
530900,920,1122
530901,926,1117
530902,925,1121
530903,929,1128
530904,933,1126
530905,939,1120
530906,940,1106
530907,941,1095
530908,941,1093
530909,945,1096
530910,948,1102
530911,951,1097
530912,952,1083
530913,952,1070
530914,954,1068
530915,958,1066
530916,962,1060
530917,964,1053
530918,964,1052
530919,960,1052
530920,961,1055
530921,963,1059
530922,965,1059
530923,969,1052
530924,971,1048
530925,970,1043
530926,967,1047
530927,969,1047
530928,973,1048
530929,975,1042
530930,973,1041
530931,972,1039
530932,970,1043
530933,968,1046
530934,970,1051
530935,974,1051
530936,972,1050
530937,969,1046
530938,971,1048
530939,973,1051
530940,977,1047
530941,978,1045
530942,973,1041
530943,972,1042
530944,975,1045
530945,976,1053
530946,979,1057
530947,982,1055
530948,979,1047
530949,976,1039
530950,977,1038
530951,976,1041
530952,978,1049
530953,980,1054
530954,979,1061
530955,980,1059
530956,977,1055
530957,981,1048
530958,981,1046
530959,983,1046
530960,978,1040
530961,976,1036
530962,978,1034
530963,980,1033
530964,983,1035
530965,984,1044
530966,984,1050
530967,981,1052
530968,980,1046
530969,982,1037
530970,982,1036
530971,985,1041
530972,978,1046
530973,975,1050
530974,974,1047
530975,976,1043
530976,982,1037
530977,983,1033
530978,982,1039
530979,979,1043
530980,976,1053
530981,980,1061
530982,982,1066
530983,982,1058
530984,980,1050
530985,982,1045
530986,981,1044
530987,984,1040
530988,987,1036
530989,989,1033
530990,988,1030
530991,985,1029
530992,979,1028
530993,980,1031
530994,982,1036
530995,982,1033
530996,981,1034
530997,979,1042
530998,978,1048
530999,980,1054
531000,986,1051
531001,988,1043
531002,988,1034
531003,984,1029
531004,983,1033
531005,982,1042
531006,984,1048
531007,987,1050
531008,982,1049
531009,981,1044
531010,981,1040
531011,982,1038
531012,983,1041
531013,983,1041
531014,985,1043
531015,984,1044
531016,983,1044
531017,981,1046
531018,986,1043
531019,987,1039
531020,981,1038
531021,979,1047
531022,979,1067
531023,982,1078
531024,985,1073
531025,988,1057
531026,986,1036
531027,982,1027
531028,981,1029
531029,982,1037
531030,986,1051
531031,988,1049
531032,984,1042
531033,985,1035
531034,984,1039
531035,987,1045
531036,990,1048
531037,991,1045
531038,988,1037
531039,986,1028
531040,985,1033
531041,983,1038
531042,986,1044
531043,989,1044
531044,987,1045
531045,984,1043
531046,982,1041
531047,983,1043
531048,985,1048
531049,986,1055
531050,986,1051
531051,986,1045
531052,983,1034
531053,984,1032
531054,985,1038
531055,988,1044
531056,985,1051
531057,986,1055
531058,986,1049
531059,985,1037
531060,988,1031
531061,989,1032
531062,988,1037
531063,989,1036
531064,982,1043
531065,987,1048
531066,987,1051
531067,993,1048
531068,992,1038
531069,992,1027
531070,989,1026
531071,988,1033
531072,992,1042
531073,993,1046
531074,992,1048
531075,992,1051
531076,990,1055
531077,987,1055
531078,993,1052
531079,991,1047
531080,990,1050
531081,991,1052
531082,991,1049
531083,990,1042
531084,994,1031
531085,992,1029
531086,994,1027
531087,993,1033
531088,991,1038
531089,990,1045
531090,991,1044
531091,992,1041
531092,989,1042
531093,988,1039
531094,986,1038
531095,987,1033
531096,989,1034
531097,991,1034
531098,986,1035
531099,985,1040
531100,986,1047
531101,986,1052
531102,988,1054
531103,990,1045
531104,990,1038
531105,985,1038
531106,987,1043
531107,986,1046
531108,993,1042
531109,994,1034
531110,991,1028
531111,986,1025
531112,987,1031
531113,991,1037
531114,994,1039
531115,997,1042
531116,996,1040
531117,994,1035
531118,991,1037
531119,996,1038
531120,1001,1040
531121,1005,1039
531122,1004,1033
531123,1003,1031
531124,1004,1028
531125,1009,1029
531126,1012,1028
531127,1019,1027
531128,1029,1025
531129,1037,1026
531130,1048,1028
531131,1067,1031
531132,1089,1029
531133,1118,1014
531134,1142,996
531135,1170,982
531136,1199,982
531137,1230,991
531138,1259,1007
531139,1276,1015
531140,1279,1021
531141,1263,1024
531142,1224,1026
531143,1180,1031
531144,1136,1043
531145,1091,1052
531146,1044,1054
531147,1005,1059
531148,989,1061
531149,987,1060
531150,991,1054
531151,1002,1047
531152,1000,1045
531153,993,1047
531154,989,1044
531155,983,1043
531156,987,1035
531157,989,1024
531158,986,1018
531159,981,1017
531160,977,1024
531161,978,1031
531162,979,1038
531163,981,1037
531164,978,1035
531165,976,1030
531166,973,1029
531167,974,1035
531168,975,1040
531169,980,1044
531170,981,1045
531171,975,1044
531172,977,1041
531173,978,1037
531174,980,1037
531175,978,1034
531176,977,1031
531177,974,1027
531178,975,1027
531179,975,1032
531180,976,1040
531181,979,1044
531182,978,1047
531183,975,1047
531184,970,1043
531185,972,1040
531186,974,1046
531187,979,1052
531188,976,1052
531189,974,1051
531190,972,1040
531191,973,1026
531192,977,1021
531193,978,1022
531194,978,1026
531195,972,1030
531196,967,1030
531197,970,1035
531198,974,1043
531199,974,1044
531200,974,1039
531201,969,1030
531202,971,1029
531203,972,1027
531204,976,1033
531205,978,1030
531206,976,1029
531207,975,1028
531208,972,1029
531209,977,1031
531210,980,1031
531211,982,1028
531212,982,1021
531213,983,1019
531214,984,1020
531215,985,1022
531216,992,1026
531217,996,1027
531218,996,1025
531219,991,1020
531220,993,1018
531221,997,1018
531222,1000,1019
531223,1005,1014
531224,1004,1004
531225,999,1002
531226,997,1007
531227,998,1024
531228,1002,1040
531229,1009,1029
531230,1009,1005
531231,1008,984
531232,1008,976
531233,1010,984
531234,1012,993
531235,1015,996
531236,1014,995
531237,1013,1000
531238,1013,1000
531239,1016,998
531240,1020,997
531241,1023,988
531242,1026,991
531243,1022,991
531244,1021,994
531245,1024,1000
531246,1028,1003
531247,1032,1004
531248,1030,1005
531249,1028,1004
531250,1030,1007
531251,1029,1009
531252,1031,1015
531253,1030,1014
531254,1029,1013
531255,1022,1015
531256,1021,1026
531257,1021,1034
531258,1024,1032
531259,1026,1026
531260,1019,1019
531261,1020,1014
531262,1019,1018
531263,1017,1025
531264,1016,1037
531265,1020,1044
531266,1018,1051
531267,1015,1047
531268,1013,1039
531269,1013,1029
531270,1018,1025
531271,1019,1021
531272,1013,1020
531273,1010,1020
531274,1007,1023
531275,1009,1032
531276,1009,1041
531277,1010,1043
531278,1012,1043
531279,1007,1036
531280,1003,1030
531281,1004,1029
531282,1004,1031
531283,1004,1030
531284,1002,1030
531285,1002,1029
531286,1000,1032
531287,1002,1042
531288,1004,1054
531289,1004,1059
531290,1006,1050
531291,1003,1033
531292,999,1021
531293,1001,1022
531294,1005,1028
531295,1007,1035
531296,1003,1040
531297,1000,1034
531298,999,1035
531299,1002,1035
531300,1002,1030
531301,1001,1022
531302,999,1015
531303,998,1019
531304,994,1030
531305,996,1039
531306,998,1048
531307,1001,1046
531308,996,1035
531309,995,1027
531310,993,1020
531311,998,1024
531312,997,1031
531313,998,1035
531314,999,1038
531315,998,1034
531316,995,1034
531317,996,1037
531318,1001,1045
531319,999,1043
531320,997,1034
531321,996,1020
531322,992,1017
531323,996,1023
531324,999,1033
531325,994,1042
531326,995,1044
531327,995,1041
531328,994,1034
531329,995,1029
531330,1001,1026
531331,1000,1023
531332,996,1023
531333,990,1024
531334,988,1027
531335,990,1032
531336,992,1037
531337,995,1039
531338,993,1037
531339,990,1036
531340,988,1035
531341,990,1038
531342,992,1041
531343,993,1043
531344,993,1048
531345,990,1050
531346,988,1053
531347,992,1049
531348,994,1044
531349,993,1039
531350,989,1040
531351,985,1036
531352,985,1032
531353,986,1034
531354,988,1035
531355,991,1036
531356,989,1030
531357,986,1025
531358,986,1027
531359,986,1035
531360,990,1043
531361,991,1048
531362,989,1048
531363,987,1047
531364,984,1042
531365,986,1038
531366,987,1032
531367,989,1028
531368,990,1031
531369,990,1033
531370,984,1036
531371,986,1041
531372,990,1048
531373,992,1047
531374,993,1043
531375,993,1039
531376,991,1036
531377,992,1037
531378,992,1040
531379,995,1042
531380,991,1043
531381,989,1038
531382,989,1035
531383,993,1037
531384,995,1040
531385,999,1034
531386,999,1024
531387,1002,1019
531388,1011,1022
531389,1025,1031
531390,1043,1036
531391,1063,1030
531392,1087,1022
531393,1115,1006
531394,1152,991
531395,1192,978
531396,1232,969
531397,1273,969
531398,1300,985
531399,1302,1009
531400,1275,1031
531401,1227,1045
531402,1167,1056
531403,1110,1069
531404,1051,1074
531405,996,1072
531406,965,1069
531407,960,1070
531408,977,1067
531409,992,1056
531410,994,1046
531411,994,1041
531412,989,1037
531413,986,1039
531414,985,1038
531415,985,1039
531416,982,1037
531417,977,1039
531418,973,1043
531419,974,1049
531420,975,1050
531421,973,1050
531422,971,1047
531423,970,1049
531424,969,1047
531425,971,1051
531426,973,1052
531427,977,1046
531428,969,1037
531429,968,1024
531430,968,1024
531431,971,1027
531432,975,1034
531433,974,1035
531434,970,1039
531435,965,1043
531436,970,1046
531437,969,1042
531438,975,1039
531439,975,1034
531440,973,1030
531441,972,1030
531442,970,1030
531443,971,1033
531444,972,1035
531445,974,1036
531446,971,1036
531447,969,1037
531448,971,1037
531449,971,1041
531450,974,1048
531451,976,1049
531452,974,1045
531453,974,1032
531454,974,1021
531455,972,1018
531456,975,1020
531457,975,1023
531458,977,1024
531459,972,1030
531460,971,1036
531461,974,1035
531462,975,1026
531463,979,1015
531464,978,1011
531465,973,1011
531466,977,1013
531467,978,1019
531468,983,1023
531469,986,1019
531470,984,1012
531471,984,1013
531472,983,1016
531473,987,1023
531474,989,1030
531475,990,1027
531476,992,1013
531477,992,996
531478,991,989
531479,990,992
531480,995,997
531481,996,997
531482,995,999
531483,993,998
531484,993,996
531485,997,994
531486,1001,997
531487,1001,996
531488,999,990
531489,1001,989
531490,1003,992
531491,1001,996
531492,1006,1004
531493,1007,1000
531494,1005,999
531495,1005,1000
531496,1005,1003
531497,1010,1010
531498,1009,1016
531499,1008,1016
531500,1009,1012
531501,1007,1007
531502,1006,1006
531503,1006,1011
531504,1007,1018
531505,1006,1018
531506,1006,1021
531507,1003,1026
531508,1000,1030
531509,1000,1029
531510,1003,1030
531511,1001,1027
531512,1000,1028
531513,997,1030
531514,995,1037
531515,994,1041
531516,1000,1044
531517,1000,1043
531518,999,1039
531519,994,1036
531520,989,1037
531521,989,1040
531522,995,1044
531523,997,1047
531524,996,1049
531525,994,1047
531526,995,1048
531527,1001,1048
531528,1002,1049
531529,1000,1049
531530,998,1047
531531,994,1046
531532,993,1047
531533,995,1049
531534,997,1049
531535,997,1041
531536,996,1032
531537,993,1030
531538,992,1035
531539,994,1043
531540,996,1051
531541,994,1052
531542,993,1047
531543,990,1044
531544,986,1043
531545,984,1045
531546,989,1045
531547,994,1041
531548,992,1037
531549,990,1035
531550,989,1039
531551,991,1040
531552,993,1038
531553,993,1037
531554,987,1033
531555,984,1033
531556,985,1036
531557,989,1040
531558,990,1042
531559,992,1044
531560,991,1047
531561,989,1050
531562,988,1046
531563,988,1049
531564,989,1052
531565,987,1052
531566,990,1051
531567,989,1047
531568,988,1040
531569,990,1035
531570,994,1029
531571,996,1027
531572,990,1028
531573,986,1032
531574,986,1035
531575,990,1043
531576,991,1049
531577,989,1050
531578,984,1046
531579,984,1038
531580,984,1036
531581,986,1036
531582,981,1041
531583,986,1040
531584,985,1037
531585,981,1037
531586,979,1041
531587,978,1047
531588,984,1050
531589,984,1046
531590,983,1045
531591,979,1041
531592,975,1042
531593,978,1046
531594,980,1049
531595,981,1046
531596,982,1042
531597,977,1045
531598,973,1053
531599,974,1053
531600,979,1046
531601,981,1039
531602,984,1037
531603,984,1041
531604,982,1046
531605,984,1050
531606,990,1051
531607,986,1054
531608,985,1054
531609,985,1054
531610,986,1049
531611,990,1041
531612,991,1037
531613,993,1034
531614,992,1036
531615,992,1037
531616,988,1040
531617,987,1041
531618,990,1046
531619,989,1042
531620,985,1043
531621,984,1043
531622,986,1045
531623,990,1046
531624,991,1048
531625,992,1049
531626,995,1049
531627,990,1048
531628,990,1044
531629,988,1038
531630,990,1038
531631,992,1042
531632,990,1042
531633,989,1044
531634,985,1042
531635,984,1045
531636,985,1047
531637,986,1046
531638,987,1042
531639,986,1041
531640,984,1045
531641,980,1051
531642,981,1048
531643,984,1042
531644,982,1040
531645,982,1040
531646,981,1045
531647,986,1047
531648,988,1045
531649,989,1038
531650,989,1036
531651,983,1038
531652,983,1039
531653,985,1045
531654,988,1048
531655,992,1048
531656,992,1049
531657,990,1048
531658,988,1047
531659,990,1048
531660,992,1047
531661,992,1042
531662,992,1041
531663,991,1044
531664,992,1041
531665,990,1044
531666,993,1046
531667,993,1047
531668,995,1040
531669,995,1034
531670,1001,1028
531671,1006,1029
531672,1018,1028
531673,1032,1024
531674,1050,1017
531675,1068,1008
531676,1096,1000
531677,1134,998
531678,1178,995
531679,1217,996
531680,1257,993
531681,1292,996
531682,1316,1013
531683,1320,1030
531684,1295,1042
531685,1243,1041
531686,1178,1037
531687,1109,1040
531688,1042,1053
531689,985,1068
531690,959,1081
531691,959,1087
531692,972,1081
531693,982,1066
531694,988,1059
531695,990,1054
531696,991,1050
531697,986,1044
531698,981,1042
531699,976,1038
531700,974,1039
531701,972,1042
531702,970,1047
531703,971,1047
531704,971,1046
531705,969,1043
531706,966,1049
531707,967,1056
531708,968,1066
531709,970,1062
531710,970,1048
531711,967,1031
531712,965,1029
531713,964,1033
531714,968,1041
531715,969,1043
531716,968,1042
531717,968,1035
531718,963,1034
531719,966,1031
531720,970,1034
531721,973,1031
531722,969,1035
531723,966,1033
531724,967,1037
531725,966,1040
531726,968,1042
531727,967,1041
531728,964,1034
531729,963,1030
531730,960,1030
531731,963,1036
531732,962,1045
531733,969,1044
531734,964,1043
531735,961,1034
531736,962,1030
531737,963,1034
531738,968,1040
531739,968,1040
531740,966,1036
531741,966,1032
531742,968,1034
531743,968,1040
531744,970,1040
531745,972,1039
531746,973,1040
531747,975,1040
531748,974,1038
531749,979,1035
531750,977,1031
531751,981,1026
531752,976,1024
531753,975,1022
531754,975,1023
531755,979,1027
531756,984,1030
531757,986,1024
531758,987,1021
531759,984,1017
531760,985,1015
531761,987,1017
531762,991,1016
531763,992,1014
531764,994,1010
531765,994,1006
531766,994,1002
531767,995,1003
531768,996,1007
531769,1000,1009
531770,999,1007
531771,998,1004
531772,1000,994
531773,1001,993
531774,1000,995
531775,1004,997
531776,1002,999
531777,1000,998
531778,999,1000
531779,1002,1005
531780,1008,1002
531781,1007,997
531782,1007,998
531783,1002,999
531784,1002,1005
531785,1001,1012
531786,1007,1015
531787,1011,1012
531788,1008,1011
531789,1010,1011
531790,1008,1014
531791,1007,1017
531792,1008,1021
531793,1011,1027
531794,1008,1033
531795,1006,1039
531796,1003,1040
531797,1000,1037
531798,1002,1042
531799,1004,1047
531800,1002,1050
531801,995,1046
531802,994,1036
531803,996,1036
531804,1001,1037
531805,998,1038
531806,994,1038
531807,989,1040
531808,987,1042
531809,990,1041
531810,992,1039
531811,991,1039
531812,989,1041
531813,987,1041
531814,985,1044
531815,985,1049
531816,990,1053
531817,990,1049
531818,989,1045
531819,988,1045
531820,986,1058
531821,984,1068
531822,985,1067
531823,985,1051
531824,987,1042
531825,982,1042
531826,984,1051
531827,982,1056
531828,989,1049
531829,990,1034
531830,990,1027
531831,985,1033
531832,985,1037
531833,986,1039
531834,985,1046
531835,988,1048
531836,985,1048
531837,984,1045
531838,985,1034
531839,988,1027
531840,990,1025
531841,992,1028
531842,991,1036
531843,987,1039
531844,990,1047
531845,990,1055
531846,991,1057
531847,992,1051
531848,992,1037
531849,993,1026
531850,991,1028
531851,994,1036
531852,996,1047
531853,996,1050
531854,995,1041
531855,992,1035
531856,991,1033
531857,990,1032
531858,995,1037
531859,995,1037
531860,988,1038
531861,985,1041
531862,983,1049
531863,984,1058
531864,985,1062
531865,989,1052
531866,987,1042
531867,983,1033
531868,982,1036
531869,984,1038
531870,986,1043
531871,983,1043
531872,977,1044
531873,975,1043
531874,976,1044
531875,978,1045
531876,979,1049
531877,979,1053
531878,977,1055
531879,972,1061
531880,975,1061
531881,980,1053
531882,981,1044
531883,983,1035
531884,982,1030
531885,976,1031
531886,973,1038
531887,974,1038
531888,977,1045
531889,980,1049
531890,978,1050
531891,973,1050
531892,972,1051
531893,972,1049
531894,977,1047
531895,977,1044
531896,976,1046
531897,975,1044
531898,974,1044
531899,977,1045
531900,982,1050
531901,984,1050
531902,985,1043
531903,982,1033
531904,980,1033
531905,981,1040
531906,983,1046
531907,985,1053
531908,985,1055
531909,982,1053
531910,982,1051
531911,983,1049
531912,988,1050
531913,989,1045
531914,984,1042
531915,980,1045
531916,982,1048
531917,980,1046
531918,983,1048
531919,983,1048
531920,983,1052
531921,982,1046
531922,981,1039
531923,981,1034
531924,983,1034
531925,981,1042
531926,984,1048
531927,982,1045
531928,978,1039
531929,980,1037
531930,986,1039
531931,985,1039
531932,984,1039
531933,982,1039
531934,982,1039
531935,979,1043
531936,980,1049
531937,983,1052
531938,987,1055
531939,985,1048
531940,984,1048
531941,985,1049
531942,987,1049
531943,990,1041
531944,988,1031
531945,986,1031
531946,985,1035
531947,988,1038
531948,999,1046
531949,1009,1043
531950,1020,1037
531951,1037,1029
531952,1062,1024
531953,1095,1017
531954,1132,1008
531955,1175,998
531956,1213,994
531957,1255,989
531958,1294,993
531959,1319,1006
531960,1315,1022
531961,1280,1029
531962,1211,1034
531963,1142,1038
531964,1076,1045
531965,1017,1055
531966,982,1060
531967,971,1058
531968,974,1056
531969,985,1050
531970,992,1045
531971,994,1042
531972,991,1038
531973,987,1032
531974,980,1030
531975,976,1034
531976,973,1041
531977,972,1052
531978,968,1062
531979,973,1062
531980,969,1052
531981,968,1038
531982,968,1030
531983,971,1026
531984,972,1023
531985,971,1023
531986,967,1026
531987,963,1029
531988,960,1037
531989,964,1041
531990,965,1041
531991,968,1037
531992,963,1034
531993,961,1032
531994,959,1037
531995,959,1045
531996,962,1047
531997,965,1047
531998,964,1051
531999,963,1048
532000,964,1046
532001,964,1047
532002,968,1046
532003,969,1044
532004,968,1042
532005,967,1039
532006,965,1044
532007,966,1048
532008,970,1057
532009,968,1055
532010,965,1046
532011,966,1038
532012,966,1036
532013,969,1043
532014,973,1044
532015,971,1048
532016,970,1050
532017,966,1054
532018,966,1052
532019,966,1051
532020,970,1048
532021,973,1042
532022,970,1031
532023,971,1018
532024,972,1013
532025,973,1017
532026,976,1015
532027,977,1015
532028,976,1011
532029,975,1013
532030,974,1018
532031,976,1023
532032,978,1017
532033,984,1018
532034,984,1009
532035,981,1006
532036,983,1009
532037,985,1010
532038,994,1011
532039,994,1010
532040,993,1008
532041,989,1005
532042,986,1009
532043,987,1007
532044,991,1012
532045,994,1011
532046,992,1014
532047,989,1014
532048,989,1014
532049,995,1011
532050,1001,1007
532051,1001,1007
532052,1001,1007
532053,998,1010
532054,998,1016
532055,998,1020
532056,1001,1014
532057,1005,1003
532058,1003,996
532059,1003,993
532060,997,1003
532061,1001,1011
532062,1002,1018
532063,1002,1020
532064,1001,1015
532065,999,1013
532066,998,1015
532067,995,1017
532068,998,1020
532069,998,1024
532070,993,1025
532071,989,1031
532072,986,1037
532073,986,1036
532074,985,1035
532075,983,1035
532076,981,1031
532077,975,1031
532078,973,1035
532079,973,1040
532080,974,1044
532081,976,1052
532082,974,1057
532083,972,1057
532084,973,1044
532085,975,1030
532086,977,1025
532087,978,1024
532088,976,1031
532089,973,1036
532090,972,1042
532091,972,1041
532092,975,1039
532093,978,1034
532094,976,1028
532095,973,1024
532096,974,1031
532097,975,1043
532098,977,1048
532099,977,1047
532100,974,1036
532101,974,1034
532102,973,1037
532103,972,1043
532104,977,1051
532105,980,1049
532106,978,1044
532107,975,1038
532108,975,1041
532109,980,1044
532110,982,1048
532111,984,1048
532112,982,1050
532113,980,1051
532114,978,1053
532115,983,1053
532116,984,1047
532117,983,1035
532118,978,1027
532119,975,1025
532120,975,1030
532121,977,1037
532122,976,1038
532123,975,1038
532124,971,1038
532125,966,1043
532126,965,1048
532127,967,1042
532128,972,1031
532129,974,1023
532130,969,1021
532131,967,1023
532132,969,1028
532133,969,1035
532134,970,1039
532135,973,1046
532136,970,1046
532137,966,1043
532138,969,1038
532139,970,1034
532140,970,1034
532141,971,1042
532142,971,1046
532143,969,1048
532144,968,1046
532145,969,1040
532146,970,1036
532147,973,1030
532148,975,1031
532149,973,1035
532150,970,1036
532151,968,1032
532152,969,1037
532153,968,1039
532154,969,1041
532155,965,1043
532156,968,1043
532157,968,1043
532158,973,1045
532159,973,1042
532160,971,1038
532161,969,1033
532162,966,1032
532163,969,1038
532164,972,1040
532165,975,1038
532166,972,1036
532167,970,1035
532168,968,1036
532169,968,1038
532170,969,1038
532171,970,1038
532172,970,1035
532173,968,1039
532174,970,1041
532175,972,1042
532176,970,1040
532177,966,1036
532178,963,1032
532179,960,1029
532180,963,1033
532181,967,1039
532182,971,1044
532183,974,1046
532184,971,1049
532185,966,1043
532186,967,1039
532187,972,1035
532188,970,1036
532189,971,1040
532190,969,1046
532191,966,1050
532192,967,1046
532193,969,1041
532194,974,1033
532195,973,1029
532196,973,1026
532197,969,1028
532198,969,1033
532199,970,1036
532200,973,1041
532201,972,1040
532202,970,1036
532203,969,1034
532204,968,1035
532205,970,1036
532206,977,1042
532207,973,1038
532208,971,1037
532209,966,1036
532210,967,1039
532211,968,1043
532212,972,1044
532213,970,1044
532214,971,1043
532215,969,1038
532216,966,1036
532217,967,1036
532218,973,1037
532219,974,1034
532220,969,1036
532221,967,1034
532222,965,1040
532223,967,1049
532224,970,1053
532225,970,1050
532226,968,1042
532227,962,1037
532228,965,1036
532229,967,1037
532230,966,1040
532231,971,1040
532232,970,1036
532233,969,1036
532234,968,1039
532235,971,1043
532236,975,1043
532237,974,1044
532238,970,1040
532239,967,1034
532240,966,1031
532241,970,1031
532242,974,1039
532243,973,1043
532244,970,1043
532245,969,1037
532246,967,1035
532247,972,1033
532248,974,1034
532249,974,1034
532250,971,1029
532251,971,1031
532252,972,1034
532253,975,1039
532254,976,1040
532255,978,1038
532256,975,1034
532257,976,1033
532258,981,1040
532259,982,1040
532260,986,1038
532261,986,1037
532262,982,1039
532263,985,1043
532264,993,1038
532265,1006,1032
532266,1021,1025
532267,1039,1019
532268,1060,1017
532269,1085,1013
532270,1114,1004
532271,1152,994
532272,1192,988
532273,1233,984
532274,1270,985
532275,1295,993
532276,1299,1007
532277,1282,1019
532278,1240,1022
532279,1181,1027
532280,1118,1033
532281,1058,1047
532282,1003,1062
532283,966,1074
532284,955,1078
532285,963,1070
532286,972,1060
532287,975,1053
532288,979,1055
532289,975,1059
532290,972,1057
532291,971,1052
532292,967,1041
532293,965,1028
532294,961,1022
532295,963,1027
532296,962,1035
532297,961,1038
532298,958,1043
532299,953,1041
532300,954,1038
532301,954,1039
532302,956,1037
532303,954,1037
532304,952,1038
532305,950,1038
532306,952,1043
532307,953,1045
532308,957,1050
532309,957,1045
532310,955,1047
532311,951,1048
532312,956,1054
532313,958,1052
532314,961,1046
532315,959,1034
532316,957,1023
532317,959,1018
532318,958,1023
532319,961,1026
532320,966,1033
532321,963,1035
532322,959,1032
532323,957,1033
532324,953,1034
532325,958,1038
532326,960,1044
532327,961,1047
532328,960,1045
532329,956,1040
532330,957,1035
532331,959,1031
532332,963,1029
532333,963,1023
532334,962,1020
532335,960,1017
532336,958,1019
532337,960,1031
532338,962,1037
532339,964,1034
532340,963,1027
532341,961,1021
532342,963,1021
532343,966,1022
532344,970,1026
532345,968,1023
532346,968,1024
532347,963,1027
532348,962,1030
532349,967,1034
532350,971,1035
532351,975,1031
532352,973,1019
532353,971,1014
532354,972,1015
532355,976,1020
532356,983,1027
532357,985,1023
532358,983,1016
532359,980,1013
532360,983,1018
532361,986,1019
532362,991,1021
532363,993,1012
532364,995,1007
532365,992,1001
532366,993,1000
532367,995,1003
532368,997,1008
532369,999,1007
532370,1000,1005
532371,996,998
532372,994,994
532373,996,995
532374,1002,1001
532375,1002,1003
532376,999,1000
532377,997,998
532378,999,999
532379,1003,1003
532380,1004,1005
532381,1006,1007
532382,999,1008
532383,997,1007
532384,1001,1007
532385,1002,1008
532386,1006,1011
532387,1006,1010
532388,1003,1009
532389,998,1012
532390,999,1018
532391,997,1024
532392,996,1030
532393,997,1034
532394,990,1036
532395,987,1037
532396,987,1041
532397,989,1037
532398,989,1036
532399,986,1030
532400,984,1028
532401,980,1025
532402,978,1027
532403,979,1032
532404,981,1039
532405,983,1048
532406,982,1047
532407,977,1046
532408,977,1043
532409,977,1038
532410,979,1042
532411,978,1041
532412,976,1039
532413,975,1038
532414,973,1040
532415,973,1046
532416,978,1052
532417,978,1056
532418,979,1056
532419,976,1051
532420,977,1046
532421,977,1045
532422,979,1046
532423,978,1046
532424,979,1038
532425,978,1036
532426,977,1036
532427,981,1044
532428,982,1044
532429,982,1035
532430,978,1027
532431,977,1020
532432,980,1026
532433,981,1035
532434,985,1043
532435,984,1043
532436,980,1039
532437,976,1033
532438,978,1032
532439,980,1031
532440,983,1032
532441,983,1038
532442,981,1040
532443,978,1039
532444,979,1034
532445,980,1030
532446,983,1029
532447,981,1028
532448,980,1029
532449,976,1032
532450,977,1041
532451,978,1047
532452,982,1049
532453,983,1047
532454,983,1040
532455,979,1035
532456,978,1035
532457,979,1042
532458,984,1046
532459,985,1047
532460,981,1048
532461,981,1051
532462,979,1052
532463,979,1052
532464,985,1045
532465,984,1043
532466,982,1037
532467,977,1038
532468,977,1043
532469,979,1043
532470,982,1041
532471,980,1038
532472,979,1036
532473,975,1036
532474,976,1040
532475,977,1046
532476,979,1050
532477,978,1046
532478,977,1038
532479,975,1034
532480,976,1036
532481,977,1038
532482,977,1047
532483,980,1043
532484,975,1044
532485,973,1043
532486,972,1043
532487,975,1046
532488,978,1049
532489,979,1038
532490,978,1029
532491,973,1023
532492,972,1025
532493,974,1031
532494,977,1036
532495,976,1039
532496,976,1043
532497,970,1045
532498,969,1049
532499,972,1050
532500,977,1046
532501,975,1040
532502,973,1035
532503,970,1030
532504,971,1033
532505,971,1040
532506,976,1046
532507,976,1050
532508,976,1050
532509,972,1053
532510,972,1050
532511,973,1048
532512,979,1043
532513,981,1037
532514,978,1036
532515,975,1035
532516,972,1041
532517,970,1050
532518,973,1058
532519,974,1062
532520,973,1054
532521,971,1044
532522,970,1032
532523,972,1031
532524,973,1036
532525,975,1037
532526,973,1040
532527,975,1044
532528,974,1045
532529,977,1040
532530,978,1034
532531,978,1033
532532,976,1031
532533,974,1030
532534,974,1036
532535,976,1045
532536,977,1049
532537,978,1049
532538,973,1046
532539,974,1036
532540,972,1032
532541,976,1032
532542,976,1036
532543,976,1042
532544,974,1051
532545,973,1052
532546,974,1055
532547,977,1053
532548,979,1049
532549,982,1048
532550,981,1051
532551,977,1052
532552,977,1049
532553,979,1048
532554,981,1043
532555,983,1037
532556,979,1034
532557,979,1031
532558,977,1033
532559,983,1040
532560,983,1048
532561,982,1053
532562,982,1051
532563,981,1047
532564,981,1040
532565,981,1038
532566,985,1039
532567,987,1037
532568,982,1035
532569,983,1037
532570,982,1042
532571,986,1044
532572,991,1040
532573,991,1037
532574,988,1029
532575,987,1032
532576,986,1034
532577,991,1033
532578,996,1029
532579,1007,1024
532580,1015,1022
532581,1027,1020
532582,1051,1019
532583,1082,1011
532584,1120,1002
532585,1156,990
532586,1196,981
532587,1237,973
532588,1276,977
532589,1303,996
532590,1304,1018
532591,1272,1032
532592,1216,1034
532593,1152,1038
532594,1089,1045
532595,1031,1051
532596,986,1057
532597,965,1063
532598,960,1061
532599,970,1052
532600,982,1052
532601,989,1049
532602,988,1044
532603,985,1043
532604,979,1038
532605,972,1034
532606,969,1039
532607,967,1044
532608,968,1050
532609,969,1052
532610,967,1050
532611,962,1047
532612,961,1044
532613,965,1042
532614,965,1043
532615,964,1043
532616,962,1041
532617,960,1044
532618,959,1044
532619,962,1046
532620,965,1046
532621,966,1045
532622,965,1045
532623,961,1042
532624,959,1048
532625,960,1050
532626,966,1048
532627,968,1047
532628,964,1041
532629,962,1029
532630,963,1026
532631,962,1028
532632,963,1029
532633,964,1036
532634,965,1040
532635,962,1033
532636,961,1033
532637,964,1035
532638,966,1038
532639,970,1041
532640,967,1039
532641,962,1037
532642,960,1036
532643,962,1044
532644,960,1052
532645,963,1058
532646,964,1057
532647,963,1052
532648,963,1044
532649,965,1036
532650,969,1034
532651,968,1033
532652,968,1031
532653,964,1030
532654,964,1038
532655,967,1042
532656,971,1049
532657,971,1046
532658,972,1034
532659,971,1024
532660,970,1019
532661,971,1022
532662,974,1025
532663,976,1023
532664,978,1022
532665,976,1022
532666,976,1020
532667,979,1019
532668,983,1019
532669,987,1018
532670,985,1012
532671,984,1010
532672,985,1015
532673,988,1017
532674,988,1024
532675,993,1024
532676,992,1017
532677,988,1007
532678,987,1000
532679,990,997
532680,995,998
532681,998,1002
532682,997,1002
532683,997,1001
532684,996,1005
532685,995,1010
532686,993,1015
532687,998,1020
532688,997,1015
532689,995,1008
532690,996,1003
532691,999,1003
532692,1002,1006
532693,1004,1010
532694,1004,1009
532695,998,1008
532696,998,1011
532697,1001,1020
532698,1006,1021
532699,1005,1021
532700,1000,1018
532701,997,1014
532702,996,1014
532703,997,1020
532704,999,1024
532705,998,1027
532706,995,1024
532707,990,1023
532708,986,1027
532709,989,1034
532710,989,1038
532711,990,1040
532712,984,1046
532713,983,1052
532714,982,1056
532715,983,1051
532716,986,1037
532717,980,1027
532718,980,1020
532719,974,1022
532720,974,1035
532721,979,1042
532722,983,1044
532723,982,1042
532724,977,1038
532725,972,1036
532726,976,1044
532727,979,1048
532728,981,1051
532729,979,1053
532730,973,1052
532731,970,1057
532732,968,1058
532733,972,1062
532734,977,1062
532735,979,1056
532736,979,1047
532737,977,1046
532738,978,1045
532739,980,1049
532740,981,1050
532741,983,1045
532742,980,1037
532743,979,1036
532744,978,1037
532745,979,1040
532746,979,1042
532747,981,1040
532748,980,1042
532749,979,1042
532750,975,1043
532751,978,1040
532752,981,1041
532753,984,1044
532754,980,1043
532755,977,1039
532756,979,1038
532757,979,1038
532758,977,1039
532759,980,1038
532760,981,1034
532761,979,1027
532762,976,1028
532763,980,1031
532764,982,1035
532765,978,1039
532766,977,1040
532767,973,1046
532768,972,1056
532769,975,1062
532770,980,1060
532771,979,1046
532772,983,1029
532773,978,1022
532774,976,1025
532775,973,1034
532776,978,1040
532777,982,1042
532778,979,1045
532779,977,1044
532780,976,1039
532781,975,1035
532782,974,1035
532783,977,1035
532784,973,1038
532785,968,1043
532786,968,1049
532787,968,1049
532788,971,1048
532789,974,1043
532790,974,1037
532791,971,1036
532792,973,1039
532793,973,1042
532794,975,1047
532795,979,1046
532796,974,1046
532797,973,1047
532798,969,1048
532799,974,1049
532800,977,1051
532801,980,1047
532802,979,1043
532803,975,1038
532804,976,1040
532805,978,1044
532806,981,1047
532807,980,1047
532808,977,1048
532809,974,1049
532810,973,1053
532811,974,1055
532812,977,1055
532813,978,1051
532814,976,1051
532815,976,1049
532816,975,1050
532817,975,1048
532818,978,1045
532819,978,1042
532820,974,1043
532821,971,1039
532822,972,1042
532823,976,1044
532824,976,1051
532825,978,1056
532826,977,1055
532827,975,1049
532828,973,1042
532829,974,1040
532830,982,1047
532831,980,1046
532832,981,1042
532833,978,1038
532834,976,1038
532835,982,1039
532836,982,1038
532837,980,1036
532838,977,1033
532839,973,1031
532840,974,1036
532841,976,1037
532842,980,1043
532843,978,1044
532844,976,1044
532845,969,1042
532846,972,1041
532847,976,1044
532848,978,1048
532849,978,1047
532850,976,1042
532851,974,1039
532852,977,1043
532853,979,1047
532854,981,1054
532855,980,1058
532856,978,1058
532857,977,1052
532858,974,1046
532859,978,1043
532860,979,1039
532861,977,1036
532862,975,1036
532863,975,1038
532864,972,1041
532865,979,1043
532866,982,1047
532867,983,1050
532868,978,1053
532869,977,1054
532870,977,1050
532871,979,1040
532872,981,1033
532873,985,1029
532874,984,1031
532875,981,1032
532876,979,1035
532877,981,1037
532878,984,1042
532879,985,1044
532880,982,1045
532881,984,1045
532882,987,1042
532883,994,1035
532884,1009,1030
532885,1027,1026
532886,1042,1022
532887,1061,1020
532888,1091,1017
532889,1125,1010
532890,1164,996
532891,1203,986
532892,1242,987
532893,1275,996
532894,1298,1021
532895,1297,1048
532896,1274,1069
532897,1227,1069
532898,1172,1063
532899,1112,1062
532900,1054,1065
532901,1008,1075
532902,975,1084
532903,967,1088
532904,971,1086
532905,976,1072
532906,986,1060
532907,992,1050
532908,991,1039
532909,989,1032
532910,982,1024
532911,978,1028
532912,970,1027
532913,974,1033
532914,977,1038
532915,975,1041
532916,971,1041
532917,964,1039
532918,966,1036
532919,966,1033
532920,968,1034
532921,969,1035
532922,967,1035
532923,960,1034
532924,960,1037
532925,963,1040
532926,965,1043
532927,967,1039
532928,963,1039
532929,960,1037
532930,960,1039
532931,960,1041
532932,964,1048
532933,965,1050
532934,963,1055
532935,964,1061
532936,959,1064
532937,960,1063
532938,964,1053
532939,970,1034
532940,967,1017
532941,966,1014
532942,963,1018
532943,966,1031
532944,970,1039
532945,969,1043
532946,968,1045
532947,964,1046
532948,963,1046
532949,963,1038
532950,969,1034
532951,969,1029
532952,967,1035
532953,966,1037
532954,967,1033
532955,969,1030
532956,971,1028
532957,975,1028
532958,971,1028
532959,967,1029
532960,971,1030
532961,971,1033
532962,972,1036
532963,974,1035
532964,975,1029
532965,975,1025
532966,973,1027
532967,975,1030
532968,977,1029
532969,979,1026
532970,981,1022
532971,977,1016
532972,979,1013
532973,983,1014
532974,988,1013
532975,990,1013
532976,990,1009
532977,990,1009
532978,986,1014
532979,988,1013
532980,991,1016
532981,993,1015
532982,992,1013
532983,991,1012
532984,993,1012
532985,995,1016
532986,998,1017
532987,998,1013
532988,999,1004
532989,996,996
532990,997,989
532991,998,989
532992,1003,991
532993,1003,993
532994,999,993
532995,1001,995
532996,999,1003
532997,1003,1008
532998,1006,1016
532999,1007,1016
533000,1006,1010
533001,1005,1006
533002,1004,1003
533003,1008,1007
533004,1011,1011
533005,1012,1016
533006,1009,1024
533007,1005,1032
533008,1005,1034
533009,1006,1029
533010,1007,1023
533011,1006,1016
533012,1004,1015
533013,1000,1016
533014,999,1016
533015,998,1019
533016,999,1024
533017,1000,1028
533018,996,1028
533019,993,1029
533020,991,1036
533021,991,1045
533022,990,1051
533023,995,1051
533024,987,1041
533025,986,1034
533026,981,1032
533027,982,1040
533028,983,1049
533029,984,1052
533030,982,1054
533031,981,1052
533032,980,1049
533033,981,1048
533034,984,1053
533035,984,1057
533036,984,1058
533037,980,1056
533038,978,1048
533039,981,1046
533040,981,1050
533041,982,1057
533042,978,1056
533043,978,1055
533044,978,1050
533045,982,1044
533046,983,1037
533047,986,1029
533048,985,1028
533049,980,1033
533050,981,1039
533051,983,1047
533052,985,1052
533053,990,1050
533054,988,1049
533055,987,1042
533056,984,1039
533057,987,1042
533058,989,1045
533059,992,1046
533060,991,1049
533061,990,1044
533062,987,1042
533063,990,1040
533064,991,1044
533065,994,1048
533066,992,1047
533067,991,1045
533068,992,1043
533069,993,1043
533070,997,1043
533071,993,1038
533072,993,1035
533073,987,1036
533074,986,1044
533075,986,1049
533076,990,1051
533077,993,1046
533078,989,1040
533079,986,1035
533080,986,1039
533081,986,1038
533082,988,1046
533083,988,1047
533084,986,1048
533085,982,1047
533086,978,1048
533087,980,1049
533088,983,1048
533089,984,1039
533090,980,1037
533091,977,1037
533092,978,1043
533093,980,1047
533094,982,1051
533095,981,1050
533096,980,1050
533097,978,1052
533098,978,1054
533099,980,1054
533100,984,1047
533101,983,1040
533102,983,1033
533103,979,1033
533104,980,1038
533105,981,1050
533106,980,1063
533107,981,1063
533108,981,1056
533109,975,1049
533110,977,1042
533111,980,1047
533112,983,1055
533113,985,1055
533114,986,1050
533115,983,1042
533116,987,1038
533117,990,1035
533118,991,1037
533119,993,1037
533120,991,1037
533121,988,1041
533122,986,1047
533123,987,1056
533124,985,1062
533125,984,1064
533126,984,1060
533127,983,1054
533128,984,1053
533129,985,1050
533130,986,1059
533131,988,1063
533132,987,1053
533133,984,1034
533134,984,1020
533135,985,1023
533136,985,1033
533137,986,1044
533138,981,1045
533139,979,1044
533140,981,1042
533141,980,1037
533142,983,1035
533143,986,1033
533144,982,1032
533145,982,1041
533146,980,1052
533147,981,1063
533148,978,1065
533149,982,1060
533150,981,1050
533151,977,1041
533152,979,1045
533153,979,1054
533154,983,1062
533155,983,1063
533156,982,1046
533157,981,1029
533158,980,1018
533159,982,1020
533160,983,1029
533161,985,1037
533162,986,1036
533163,983,1035
533164,980,1036
533165,979,1040
533166,986,1048
533167,983,1051
533168,981,1049
533169,979,1042
533170,982,1047
533171,984,1044
533172,990,1047
533173,989,1045
533174,986,1042
533175,981,1042
533176,983,1044
533177,990,1055
533178,1001,1061
533179,1008,1061
533180,1019,1048
533181,1031,1024
533182,1051,1015
533183,1078,1013
533184,1112,1011
533185,1146,998
533186,1182,980
533187,1217,974
533188,1261,976
533189,1300,985
533190,1327,1001
533191,1333,1016
533192,1307,1026
533193,1258,1029
533194,1193,1037
533195,1132,1048
533196,1068,1064
533197,1008,1072
533198,965,1078
533199,949,1083
533200,956,1088
533201,974,1087
533202,990,1075
533203,995,1055
533204,990,1038
533205,981,1029
533206,979,1027
533207,974,1028
533208,975,1028
533209,974,1025
533210,969,1028
533211,965,1033
533212,965,1035
533213,966,1042
533214,969,1048
533215,968,1045
533216,966,1041
533217,964,1035
533218,962,1038
533219,965,1042
533220,966,1048
533221,967,1047
533222,965,1044
533223,965,1043
533224,962,1042
533225,966,1045
533226,966,1047
533227,966,1045
533228,963,1043
533229,963,1044
533230,962,1045
533231,965,1049
533232,969,1051
533233,970,1049
533234,969,1048
533235,963,1044
533236,966,1047
533237,971,1049
533238,972,1050
533239,971,1049
533240,970,1050
533241,966,1044
533242,967,1047
533243,971,1048
533244,972,1049
533245,975,1045
533246,973,1046
533247,971,1043
533248,970,1043
533249,972,1048
533250,972,1057
533251,976,1061
533252,974,1058
533253,971,1048
533254,973,1034
533255,976,1026
533256,977,1026
533257,976,1025
533258,975,1024
533259,972,1021
533260,972,1023
533261,973,1028
533262,973,1032
533263,978,1034
533264,977,1030
533265,975,1024
533266,976,1021
533267,981,1022
533268,985,1024
533269,983,1023
533270,980,1018
533271,980,1016
533272,983,1018
533273,987,1017
533274,987,1018
533275,992,1016
533276,990,1013
533277,990,1012
533278,990,1012
533279,991,1016
533280,995,1016
533281,996,1014
533282,997,1014
533283,996,1019
533284,996,1025
533285,998,1025
533286,1000,1013
533287,997,998
533288,998,987
533289,996,985
533290,997,987
533291,999,992
533292,1004,997
533293,1005,996
533294,1004,994
533295,1005,997
533296,1003,1002
533297,1007,1008
533298,1014,1014
533299,1015,1012
533300,1014,1010
533301,1012,1006
533302,1012,1007
533303,1010,1013
533304,1013,1017
533305,1012,1020
533306,1007,1019
533307,999,1022
533308,998,1025
533309,1000,1032
533310,999,1032
533311,997,1035
533312,992,1031
533313,986,1035
533314,982,1038
533315,983,1044
533316,984,1046
533317,985,1050
533318,984,1049
533319,976,1052
533320,976,1052
533321,977,1057
533322,979,1057
533323,978,1051
533324,975,1042
533325,973,1037
533326,974,1042
533327,978,1052
533328,978,1056
533329,971,1056
533330,972,1049
533331,971,1043
533332,973,1040
533333,976,1040
533334,979,1042
533335,979,1038
533336,976,1034
533337,974,1030
533338,974,1029
533339,977,1031
533340,981,1033
533341,982,1033
533342,980,1031
533343,981,1030
533344,981,1032
533345,981,1034
533346,986,1040
533347,982,1034
533348,983,1038
533349,980,1034
533350,978,1038
533351,982,1043
533352,982,1044
533353,986,1041
533354,984,1042
533355,979,1042
533356,981,1040
533357,982,1044
533358,984,1046
533359,979,1045
533360,979,1038
533361,975,1036
533362,979,1033
533363,982,1037
533364,984,1041
533365,983,1040
533366,983,1042
533367,978,1042
533368,976,1043
533369,971,1042
533370,978,1042
533371,978,1043
533372,977,1044
533373,973,1049
533374,971,1050
533375,977,1048
533376,979,1043
533377,979,1042
533378,979,1033
533379,976,1032
533380,973,1030
533381,977,1033
533382,977,1040
533383,978,1038
533384,972,1036
533385,970,1036
533386,970,1040
533387,971,1041
533388,974,1044
533389,973,1040
533390,969,1036
533391,967,1035
533392,973,1037
533393,975,1039
533394,974,1040
533395,974,1041
533396,976,1040
533397,973,1037
533398,973,1042
533399,975,1045
533400,975,1047
533401,978,1045
533402,977,1040
533403,977,1038
533404,974,1040
533405,977,1048
533406,978,1049
533407,981,1052
533408,982,1044
533409,977,1038
533410,976,1038
533411,980,1039
533412,982,1037
533413,981,1037
533414,978,1034
533415,980,1034
533416,980,1037
533417,979,1036
533418,982,1037
533419,983,1032
533420,979,1029
533421,980,1024
533422,987,1026
533423,1000,1030
533424,1017,1026
533425,1036,1023
533426,1055,1015
533427,1084,1010
533428,1123,1000
533429,1168,994
533430,1216,987
533431,1263,986
533432,1300,997
533433,1310,1016
533434,1298,1034
533435,1252,1041
533436,1190,1042
533437,1120,1048
533438,1048,1062
533439,981,1073
533440,944,1083
533441,939,1090
533442,956,1084
533443,970,1066
533444,979,1053
533445,981,1042
533446,978,1036
533447,975,1035
533448,971,1036
533449,970,1035
533450,968,1031
533451,961,1033
533452,960,1035
533453,964,1039
533454,964,1041
533455,965,1040
533456,963,1034
533457,955,1028
533458,956,1027
533459,957,1030
533460,963,1031
533461,963,1030
533462,962,1027
533463,959,1026
533464,956,1027
533465,954,1031
533466,959,1037
533467,959,1035
533468,955,1035
533469,956,1036
533470,953,1039
533471,954,1040
533472,957,1042
533473,953,1040
533474,953,1039
533475,954,1038
533476,952,1041
533477,955,1040
533478,954,1039
533479,954,1037
533480,951,1035
533481,947,1033
533482,949,1035
533483,951,1039
533484,955,1039
533485,956,1034
533486,953,1026
533487,956,1020
533488,958,1021
533489,959,1023
533490,964,1022
533491,961,1018
533492,961,1015
533493,958,1012
533494,962,1013
533495,966,1013
533496,968,1012
533497,967,1009
533498,967,1003
533499,966,1000
533500,969,1004
533501,971,1008
533502,972,1007
533503,971,1004
533504,970,1003
533505,969,1000
533506,970,1002
533507,974,1003
533508,979,1002
533509,978,998
533510,979,998
533511,973,994
533512,978,994
533513,978,997
533514,982,996
533515,986,993
533516,983,992
533517,982,993
533518,983,996
533519,986,997
533520,989,999
533521,990,994
533522,990,990
533523,987,988
533524,988,987
533525,993,987
533526,994,987
533527,994,987
533528,992,985
533529,991,986
533530,993,988
533531,994,994
533532,998,996
533533,995,1000
533534,993,994
533535,994,997
533536,993,1002
533537,991,1007
533538,993,1010
533539,989,1014
533540,986,1009
533541,986,1013
533542,989,1018
533543,990,1023
533544,993,1025
533545,990,1027
533546,990,1028
533547,984,1028
533548,983,1032
533549,981,1036
533550,984,1039
533551,983,1038
533552,980,1038
533553,976,1039
533554,976,1042
533555,978,1048
533556,977,1052
533557,977,1053
533558,975,1051
533559,972,1046
533560,971,1044
533561,973,1045
533562,976,1046
533563,975,1046
533564,971,1043
533565,970,1040
533566,971,1044
533567,971,1040
533568,974,1043
533569,974,1043
533570,971,1038
533571,969,1035
533572,967,1040
533573,967,1041
533574,973,1043
533575,972,1041
533576,972,1038
533577,971,1037
533578,970,1038
533579,975,1039
533580,978,1041
533581,980,1039
533582,976,1038
533583,970,1036
533584,973,1038
533585,978,1038
533586,979,1041
533587,981,1042
533588,980,1038
533589,975,1037
533590,976,1041
533591,979,1042
533592,982,1044
533593,983,1045
533594,981,1042
533595,977,1039
533596,978,1039
533597,978,1038
533598,982,1040
533599,984,1042
533600,982,1039
533601,980,1040
533602,979,1045
533603,983,1051
533604,986,1052
533605,986,1050
533606,984,1046
533607,983,1044
533608,979,1045
533609,981,1048
533610,982,1049
533611,983,1048
533612,980,1045
533613,977,1043
533614,975,1042
533615,979,1046
533616,982,1045
533617,981,1043
533618,978,1038
533619,976,1037
533620,976,1040
533621,978,1047
533622,979,1047
533623,976,1045
533624,974,1041
533625,970,1045
533626,973,1044
533627,976,1049
533628,977,1049
533629,978,1045
533630,977,1043
533631,975,1040
533632,975,1048
533633,980,1051
533634,980,1054
533635,984,1050
533636,982,1047
533637,976,1046
533638,979,1048
533639,980,1047
533640,984,1050
533641,984,1050
533642,983,1047
533643,980,1043
533644,980,1040
533645,981,1041
533646,983,1045
533647,981,1045
533648,982,1044
533649,981,1039
533650,984,1038
533651,992,1040
533652,1005,1039
533653,1017,1035
533654,1030,1031
533655,1043,1025
533656,1070,1024
533657,1107,1022
533658,1153,1012
533659,1197,1001
533660,1240,990
533661,1280,987
533662,1321,995
533663,1342,1013
533664,1332,1029
533665,1286,1032
533666,1218,1032
533667,1143,1042
533668,1067,1061
533669,1004,1079
533670,964,1090
533671,957,1092
533672,965,1081
533673,977,1070
533674,989,1056
533675,996,1056
533676,993,1052
533677,988,1050
533678,983,1046
533679,980,1045
533680,975,1048
533681,974,1050
533682,972,1051
533683,971,1051
533684,968,1051
533685,965,1053
533686,965,1055
533687,965,1061
533688,966,1062
533689,963,1061
533690,961,1054
533691,955,1048
533692,957,1045
533693,959,1047
533694,962,1048
533695,963,1047
533696,960,1044
533697,960,1042
533698,960,1045
533699,962,1047
533700,964,1049
533701,964,1046
533702,961,1048
533703,956,1043
533704,959,1046
533705,964,1046
533706,966,1046
533707,964,1048
533708,960,1044
533709,959,1044
533710,960,1046
533711,962,1050
533712,964,1054
533713,965,1052
533714,961,1051
533715,960,1049
533716,960,1050
533717,963,1051
533718,966,1051
533719,964,1051
533720,964,1048
533721,963,1044
533722,965,1046
533723,969,1050
533724,970,1054
533725,971,1052
533726,970,1049
533727,967,1048
533728,972,1050
533729,975,1050
533730,978,1047
533731,979,1042
533732,978,1037
533733,976,1034
533734,977,1035
533735,978,1035
533736,981,1034
533737,983,1032
533738,981,1030
533739,981,1025
533740,982,1024
533741,984,1023
533742,989,1024
533743,990,1021
533744,987,1016
533745,986,1014
533746,987,1015
533747,989,1016
533748,993,1016
533749,992,1015
533750,994,1009
533751,992,1010
533752,995,1011
533753,997,1014
533754,1002,1015
533755,1003,1011
533756,999,1012
533757,996,1014
533758,997,1017
533759,1001,1018
533760,1005,1019
533761,1004,1015
533762,1001,1009
533763,1000,1008
533764,999,1014
533765,1002,1018
533766,1002,1022
533767,1002,1024
533768,999,1025
533769,995,1025
533770,991,1031
533771,997,1036
533772,994,1040
533773,991,1042
533774,988,1039
533775,985,1039
533776,983,1043
533777,985,1048
533778,983,1052
533779,984,1049
533780,979,1051
533781,975,1048
533782,971,1053
533783,974,1054
533784,976,1058
533785,975,1055
533786,972,1056
533787,969,1055
533788,969,1061
533789,972,1056
533790,975,1057
533791,976,1052
533792,974,1049
533793,969,1050
533794,972,1055
533795,974,1058
533796,980,1059
533797,979,1056
533798,978,1050
533799,975,1046
533800,973,1046
533801,978,1048
533802,981,1047
533803,980,1043
533804,981,1044
533805,979,1042
533806,979,1046
533807,980,1050
533808,983,1052
533809,984,1051
533810,984,1050
533811,979,1050
533812,980,1051
533813,979,1054
533814,982,1054
533815,986,1050
533816,983,1046
533817,982,1045
533818,978,1046
533819,982,1047
533820,983,1049
533821,983,1050
533822,980,1046
533823,977,1050
533824,974,1052
533825,977,1055
533826,979,1056
533827,979,1051
533828,975,1050
533829,974,1048
533830,976,1048
533831,976,1049
533832,976,1051
533833,979,1048
533834,974,1047
533835,970,1042
533836,972,1042
533837,975,1046
533838,977,1045
533839,979,1047
533840,975,1042
533841,973,1042
533842,973,1046
533843,975,1050
533844,976,1050
533845,976,1050
533846,972,1049
533847,971,1049
533848,971,1047
533849,976,1050
533850,978,1049
533851,978,1048
533852,975,1046
533853,974,1048
533854,973,1051
533855,973,1055
533856,976,1053
533857,977,1053
533858,974,1049
533859,973,1049
533860,972,1050
533861,974,1056
533862,977,1056
533863,976,1053
533864,974,1047
533865,974,1046
533866,975,1045
533867,975,1047
533868,978,1049
533869,978,1049
533870,975,1047
533871,972,1046
533872,971,1046
533873,973,1052
533874,978,1051
533875,976,1049
533876,974,1046
533877,972,1045
533878,972,1046
533879,975,1049
533880,976,1051
533881,978,1050
533882,978,1047
533883,974,1045
533884,975,1048
533885,975,1050
533886,978,1052
533887,978,1048
533888,978,1044
533889,979,1040
533890,985,1037
533891,997,1037
533892,1008,1039
533893,1026,1029
533894,1048,1023
533895,1076,1018
533896,1110,1011
533897,1158,1001
533898,1207,991
533899,1254,984
533900,1292,983
533901,1318,992
533902,1313,1013
533903,1274,1025
533904,1212,1030
533905,1141,1041
533906,1061,1052
533907,990,1067
533908,958,1077
533909,954,1079
533910,967,1074
533911,978,1063
533912,984,1052
533913,980,1047
533914,977,1047
533915,975,1050
533916,973,1052
533917,969,1050
533918,964,1046
533919,960,1044
533920,954,1051
533921,959,1053
533922,963,1057
533923,963,1054
533924,960,1053
533925,958,1049
533926,955,1049
533927,957,1050
533928,961,1049
533929,964,1048
533930,961,1045
533931,955,1046
533932,956,1044
533933,956,1047
533934,958,1046
533935,955,1048
533936,952,1047
533937,950,1046
533938,952,1049
533939,954,1050
533940,954,1051
533941,955,1047
533942,954,1043
533943,950,1044
533944,951,1048
533945,949,1049
533946,955,1049
533947,953,1051
533948,949,1053
533949,944,1052
533950,944,1054
533951,950,1050
533952,956,1044
533953,957,1039
533954,950,1037
533955,947,1034
533956,947,1037
533957,949,1039
533958,953,1039
533959,955,1038
533960,954,1035
533961,951,1034
533962,950,1036
533963,951,1037
533964,956,1037
533965,957,1034
533966,957,1033
533967,956,1032
533968,955,1032
533969,956,1039
533970,963,1038
533971,966,1034
533972,963,1030
533973,960,1022
533974,960,1021
533975,964,1021
533976,968,1018
533977,971,1017
533978,969,1012
533979,968,1009
533980,969,1010
533981,976,1013
533982,980,1014
533983,977,1012
533984,975,1008
533985,974,1010
533986,980,1010
533987,981,1011
533988,982,1006
533989,981,1001
533990,978,997
533991,979,996
533992,980,998
533993,983,1001
533994,985,1002
533995,984,1000
533996,981,1001
533997,978,998
533998,979,1001
533999,981,1003
534000,989,1008
534001,988,1005
534002,986,1006
534003,986,1008
534004,989,1013
534005,992,1014
534006,997,1019
534007,991,1019
534008,987,1022
534009,981,1024
534010,978,1029
534011,980,1033
534012,977,1037
534013,979,1038
534014,972,1039
534015,974,1039
534016,974,1044
534017,975,1043
534018,977,1043
534019,974,1043
534020,969,1042
534021,960,1045
534022,961,1053
534023,964,1055
534024,969,1056
534025,969,1052
534026,966,1045
534027,965,1039
534028,963,1038
534029,965,1042
534030,963,1043
534031,963,1039
534032,960,1037
534033,955,1038
534034,958,1042
534035,959,1043
534036,961,1045
534037,963,1042
534038,961,1039
534039,959,1039
534040,961,1039
534041,964,1042
534042,967,1043
534043,964,1041
534044,963,1040
534045,960,1038
534046,959,1038
534047,957,1043
534048,961,1043
534049,962,1041
534050,960,1041
534051,956,1040
534052,960,1044
534053,961,1046
534054,964,1050
534055,967,1047
534056,962,1045
534057,964,1042
534058,964,1044
534059,965,1046
534060,967,1048
534061,970,1044
534062,967,1038
534063,966,1030
534064,964,1032
534065,963,1035
534066,969,1036
534067,966,1034
534068,966,1035
534069,962,1033
534070,963,1037
534071,966,1042
534072,967,1040
534073,968,1040
534074,965,1038
534075,964,1035
534076,960,1037
534077,964,1042
534078,966,1044
534079,963,1043
534080,962,1042
534081,957,1038
534082,955,1039
534083,960,1041
534084,963,1041
534085,964,1040
534086,961,1037
534087,957,1037
534088,956,1040
534089,956,1044
534090,960,1048
534091,959,1047
534092,959,1046
534093,957,1045
534094,959,1044
534095,962,1042
534096,963,1036
534097,961,1033
534098,959,1032
534099,957,1032
534100,960,1033
534101,961,1038
534102,963,1039
534103,962,1036
534104,960,1031
534105,958,1031
534106,958,1034
534107,960,1039
534108,966,1041
534109,966,1038
534110,961,1036
534111,961,1036
534112,960,1040
534113,963,1045
534114,967,1048
534115,966,1047
534116,965,1044
534117,962,1042
534118,963,1046
534119,966,1045
534120,967,1047
534121,965,1039
534122,964,1034
534123,964,1033
534124,963,1035
534125,965,1039
534126,968,1039
534127,966,1040
534128,964,1038
534129,962,1041
534130,962,1048
534131,966,1050
534132,968,1050
534133,969,1041
534134,966,1033
534135,962,1029
534136,963,1031
534137,966,1035
534138,968,1037
534139,969,1037
534140,968,1036
534141,963,1036
534142,962,1037
534143,966,1040
534144,969,1042
534145,968,1039
534146,968,1036
534147,966,1035
534148,967,1037
534149,969,1040
534150,970,1040
534151,970,1040
534152,970,1037
534153,967,1037
534154,970,1040
534155,971,1044
534156,972,1045
534157,969,1041
534158,967,1039
534159,968,1041
534160,970,1040
534161,972,1043
534162,979,1046
534163,976,1044
534164,971,1043
534165,968,1040
534166,970,1043
534167,973,1047
534168,975,1046
534169,973,1042
534170,973,1040
534171,973,1041
534172,971,1043
534173,971,1046
534174,970,1044
534175,973,1043
534176,971,1038
534177,968,1039
534178,971,1043
534179,977,1046
534180,979,1047
534181,979,1045
534182,975,1043
534183,977,1043
534184,972,1047
534185,979,1053
534186,983,1050
534187,984,1048
534188,982,1043
534189,978,1040
534190,978,1039
534191,977,1041
534192,982,1043
534193,982,1041
534194,980,1041
534195,978,1043
534196,977,1045
534197,982,1054
534198,985,1057
534199,984,1052
534200,984,1046
534201,983,1041
534202,985,1038
534203,985,1038
534204,989,1036
534205,988,1036
534206,989,1033
534207,989,1033
534208,988,1034
534209,993,1037
534210,996,1033
534211,994,1033
534212,993,1030
534213,996,1025
534214,1006,1027
534215,1017,1028
534216,1035,1028
534217,1054,1022
534218,1077,1019
534219,1107,1009
534220,1145,1003
534221,1186,994
534222,1225,989
534223,1264,986
534224,1304,986
534225,1329,993
534226,1338,1005
534227,1320,1021
534228,1283,1028
534229,1225,1030
534230,1163,1036
534231,1103,1049
534232,1044,1061
534233,1001,1072
534234,980,1075
534235,978,1079
534236,985,1072
534237,991,1069
534238,997,1063
534239,998,1058
534240,997,1048
534241,990,1039
534242,988,1032
534243,983,1028
534244,978,1030
534245,982,1034
534246,980,1035
534247,976,1031
534248,977,1028
534249,972,1028
534250,968,1028
534251,969,1037
534252,971,1036
534253,970,1037
534254,966,1035
534255,962,1036
534256,963,1038
534257,965,1042
534258,967,1044
534259,967,1041
534260,962,1038
534261,961,1038
534262,960,1040
534263,965,1041
534264,966,1044
534265,964,1041
534266,964,1041
534267,962,1038
534268,960,1042
534269,961,1044
534270,965,1045
534271,966,1046
534272,962,1043
534273,960,1040
534274,960,1041
534275,962,1045
534276,966,1044
534277,964,1044
534278,963,1042
534279,962,1042
534280,960,1044
534281,966,1045
534282,967,1045
534283,967,1043
534284,966,1039
534285,966,1041
534286,962,1041
534287,967,1044
534288,972,1044
534289,973,1040
534290,973,1037
534291,972,1034
534292,971,1035
534293,975,1038
534294,981,1037
534295,981,1036
534296,978,1029
534297,978,1031
534298,977,1030
534299,981,1031
534300,984,1031
534301,985,1029
534302,985,1025
534303,983,1022
534304,986,1024
534305,990,1026
534306,991,1024
534307,994,1024
534308,995,1020
534309,992,1019
534310,994,1021
534311,996,1026
534312,999,1030
534313,1001,1026
534314,998,1019
534315,997,1013
534316,996,1006
534317,999,1004
534318,1002,1003
534319,1003,1006
534320,1002,1005
534321,998,1005
534322,999,1009
534323,1001,1013
534324,1007,1012
534325,1006,1010
534326,1006,1010
534327,1004,1008
534328,1004,1012
534329,1010,1014
534330,1013,1016
534331,1014,1014
534332,1009,1009
534333,1008,1011
534334,1008,1013
534335,1012,1018
534336,1013,1018
534337,1010,1016
534338,1010,1013
534339,1008,1013
534340,1006,1016
534341,1007,1020
534342,1009,1021
534343,1008,1023
534344,1006,1020
534345,1002,1022
534346,998,1026
534347,1003,1030
534348,1000,1031
534349,995,1031
534350,991,1030
534351,989,1031
534352,990,1034
534353,991,1037
534354,991,1037
534355,992,1039
534356,990,1035
534357,988,1033
534358,984,1036
534359,988,1040
534360,989,1043
534361,986,1041
534362,984,1040
534363,981,1040
534364,983,1043
534365,986,1047
534366,990,1051
534367,986,1046
534368,985,1045
534369,982,1048
534370,983,1054
534371,984,1056
534372,986,1052
534373,987,1049
534374,984,1044
534375,983,1040
534376,985,1039
534377,987,1041
534378,987,1039
534379,985,1038
534380,987,1038
534381,985,1035
534382,986,1038
534383,990,1039
534384,992,1041
534385,992,1039
534386,990,1035
534387,989,1033
534388,989,1031
534389,992,1036
534390,997,1035
534391,995,1036
534392,993,1030
534393,991,1031
534394,990,1035
534395,996,1037
534396,999,1038
534397,997,1037
534398,995,1034
534399,993,1034
534400,993,1036
534401,995,1038
534402,997,1038
534403,997,1038
534404,990,1031
534405,989,1032
534406,988,1031
534407,989,1036
534408,990,1036
534409,990,1035
534410,989,1036
534411,981,1034
534412,985,1040
534413,986,1042
534414,989,1040
534415,990,1039
534416,989,1037
534417,986,1037
534418,987,1038
534419,990,1043
534420,994,1042
534421,987,1043
534422,987,1039
534423,983,1039
534424,985,1040
534425,987,1044
534426,990,1045
534427,988,1044
534428,988,1044
534429,986,1045
534430,984,1046
534431,986,1046
534432,989,1046
534433,990,1041
534434,985,1035
534435,980,1034
534436,981,1034
534437,985,1038
534438,989,1040
534439,988,1039
534440,985,1037
534441,982,1038
534442,981,1039
534443,988,1042
534444,989,1043
534445,988,1043
534446,986,1041
534447,984,1040
534448,983,1042
534449,986,1046
534450,987,1046
534451,988,1045
534452,986,1044
534453,984,1041
534454,983,1043
534455,986,1044
534456,989,1042
534457,990,1040
534458,987,1038
534459,981,1038
534460,982,1039
534461,985,1043
534462,988,1042
534463,983,1038
534464,982,1036
534465,982,1035
534466,984,1040
534467,986,1044
534468,987,1045
534469,990,1044
534470,986,1040
534471,986,1039
534472,987,1042
534473,988,1041
534474,991,1043
534475,988,1039
534476,989,1036
534477,985,1037
534478,986,1041
534479,989,1041
534480,992,1044
534481,993,1042
534482,989,1038
534483,986,1037
534484,985,1040
534485,988,1041
534486,992,1043
534487,993,1043
534488,990,1042
534489,984,1043
534490,986,1045
534491,988,1051
534492,989,1054
534493,990,1056
534494,989,1054
534495,990,1052
534496,990,1049
534497,993,1045
534498,995,1041
534499,995,1036
534500,994,1037
534501,989,1038
534502,988,1039
534503,988,1043
534504,995,1042
534505,990,1041
534506,989,1040
534507,989,1039
534508,988,1041
534509,990,1042
534510,993,1046
534511,993,1044
534512,991,1042
534513,985,1040
534514,985,1043
534515,990,1047
534516,994,1047
534517,992,1045
534518,993,1043
534519,991,1043
534520,991,1045
534521,994,1046
534522,998,1045
534523,997,1045
534524,992,1043
534525,994,1040
534526,996,1042
534527,997,1042
534528,1001,1044
534529,1002,1042
534530,1003,1036
534531,1008,1034
534532,1019,1033
534533,1031,1032
534534,1044,1032
534535,1057,1028
534536,1072,1022
534537,1092,1019
534538,1124,1014
534539,1159,1004
534540,1197,991
534541,1232,977
534542,1268,971
534543,1301,972
534544,1327,981
534545,1338,1000
534546,1319,1012
534547,1277,1021
534548,1221,1024
534549,1160,1033
534550,1105,1047
534551,1056,1060
534552,1019,1066
534553,995,1068
534554,983,1068
534555,985,1063
534556,994,1056
534557,1002,1048
534558,1008,1042
534559,1001,1037
534560,995,1036
534561,989,1036
534562,986,1040
534563,986,1047
534564,984,1045
534565,980,1044
534566,979,1042
534567,974,1041
534568,974,1044
534569,974,1045
534570,979,1048
534571,977,1046
534572,977,1044
534573,975,1043
534574,974,1046
534575,978,1048
534576,982,1046
534577,980,1047
534578,976,1042
534579,977,1043
534580,975,1045
534581,976,1046
534582,980,1047
534583,977,1048
534584,979,1047
534585,976,1047
534586,976,1048
534587,979,1050
534588,985,1051
534589,982,1049
534590,980,1044
534591,979,1043
534592,981,1044
534593,983,1047
534594,982,1048
534595,984,1044
534596,979,1040
534597,980,1046
534598,981,1043
534599,984,1047
534600,988,1045
534601,990,1041
534602,986,1038
534603,983,1034
534604,985,1033
534605,987,1036
534606,989,1034
534607,985,1034
534608,983,1030
534609,983,1029
534610,984,1032
534611,988,1038
534612,989,1037
534613,988,1033
534614,988,1032
534615,987,1029
534616,989,1027
534617,990,1030
534618,993,1029
534619,994,1027
534620,993,1025
534621,994,1022
534622,991,1025
534623,997,1024
534624,1001,1026
534625,1002,1024
534626,1000,1019
534627,998,1019
534628,999,1019
534629,1002,1020
534630,1007,1020
534631,1005,1018
534632,1004,1014
534633,999,1012
534634,1003,1018
534635,1009,1017
534636,1010,1018
534637,1012,1016
534638,1009,1014
534639,1009,1014
534640,1011,1015
534641,1015,1015
534642,1020,1014
534643,1019,1012
534644,1018,1009
534645,1018,1009
534646,1020,1010
534647,1022,1012
534648,1026,1013
534649,1023,1011
534650,1023,1008
534651,1022,1006
534652,1021,1008
534653,1025,1013
534654,1030,1012
534655,1026,1016
534656,1024,1010
534657,1019,1014
534658,1021,1017
534659,1019,1022
534660,1021,1022
534661,1018,1023
534662,1013,1024
534663,1010,1027
534664,1008,1033
534665,1012,1035
534666,1012,1037
534667,1013,1040
534668,1008,1040
534669,1003,1041
534670,1003,1042
534671,1002,1046
534672,1005,1048
534673,1005,1046
534674,1001,1044
534675,999,1042
534676,998,1045
534677,1000,1049
534678,1002,1048
534679,1003,1048
534680,996,1044
534681,994,1044
534682,998,1045
534683,1000,1047
534684,1001,1044
534685,1001,1045
534686,1001,1040
534687,1002,1041
534688,1006,1046
534689,1012,1047
534690,1019,1050
534691,1024,1047
534692,1026,1049
534693,1027,1048
534694,1032,1056
534695,1042,1057
534696,1057,1056
534697,1070,1044
534698,1081,1027
534699,1092,1009
534700,1106,996
534701,1122,984
534702,1142,966
534703,1162,948
534704,1176,928
534705,1195,905
534706,1213,883
534707,1236,860
534708,1259,840
534709,1274,823
534710,1286,808
534711,1289,800
534712,1290,797
534713,1288,800
534714,1288,799
534715,1283,797
534716,1277,797
534717,1261,795
534718,1246,800
534719,1232,806
534720,1213,811
534721,1191,814
534722,1165,819
534723,1139,827
534724,1113,840
534725,1093,856
534726,1080,870
534727,1069,884
534728,1059,894
534729,1056,913
534730,1053,929
534731,1051,945
534732,1046,954
534733,1044,962
534734,1049,967
534735,1057,975
534736,1073,987
534737,1092,992
534738,1099,992
534739,1094,994
534740,1065,997
534741,1031,1004
534742,994,1017
534743,966,1035
534744,953,1046
534745,945,1060
534746,941,1069
534747,937,1078
534748,933,1085
534749,931,1089
534750,930,1092
534751,924,1095
534752,918,1097
534753,915,1101
534754,916,1102
534755,916,1108
534756,918,1111
534757,914,1113
534758,910,1110
534759,906,1114
534760,905,1115
534761,906,1119
534762,908,1122
534763,905,1121
534764,903,1121
534765,897,1122
534766,897,1124
534767,897,1127
534768,897,1131
534769,897,1129
534770,894,1130
534771,890,1131
534772,891,1134
534773,891,1139
534774,893,1138
534775,892,1138
534776,887,1138
534777,884,1138
534778,885,1142
534779,888,1147
534780,890,1149
534781,889,1150
534782,887,1149
534783,885,1150
534784,884,1156
534785,887,1159
534786,892,1159
534787,892,1162
534788,890,1159
534789,888,1160
534790,887,1164
534791,891,1169
534792,894,1171
534793,899,1170
534794,897,1170
534795,896,1171
534796,899,1174
534797,902,1177
534798,904,1181
534799,906,1180
534800,904,1181
534801,903,1180
534802,907,1183
534803,911,1187
534804,914,1188
534805,917,1186
534806,914,1182
534807,917,1179
534808,918,1181
534809,927,1181
534810,931,1179
534811,931,1176
534812,932,1172
534813,936,1168
534814,938,1166
534815,945,1168
534816,951,1162
534817,955,1158
534818,956,1151
534819,953,1145
534820,954,1142
534821,958,1142
534822,963,1135
534823,964,1129
534824,964,1122
534825,962,1119
534826,964,1117
534827,965,1116
534828,973,1113
534829,975,1104
534830,974,1097
534831,975,1092
534832,975,1089
534833,981,1086
534834,985,1081
534835,984,1077
534836,984,1072
534837,979,1066
534838,982,1066
534839,984,1066
534840,990,1063
534841,991,1060
534842,990,1053
534843,987,1052
534844,989,1054
534845,991,1052
534846,993,1051
534847,991,1050
534848,989,1046
534849,987,1045
534850,989,1046
534851,987,1050
534852,990,1047
534853,990,1046
534854,986,1043
534855,986,1043
534856,986,1046
534857,988,1047
534858,990,1048
534859,988,1046
534860,987,1044
534861,983,1044
534862,987,1043
534863,988,1046
534864,993,1048
534865,992,1048
534866,990,1043
534867,985,1042
534868,986,1045
534869,989,1050
534870,995,1048
534871,993,1046
534872,990,1043
534873,989,1044
534874,989,1045
534875,991,1046
534876,992,1046
534877,992,1045
534878,991,1042
534879,990,1040
534880,988,1040
534881,990,1042
534882,994,1039
534883,995,1041
534884,990,1037
534885,989,1037
534886,990,1040
534887,993,1040
534888,996,1041
534889,993,1041
534890,991,1037
534891,988,1037
534892,992,1038
534893,990,1043
534894,993,1042
534895,996,1040
534896,992,1037
534897,988,1036
534898,990,1038
534899,992,1043
534900,995,1043
534901,993,1042
534902,991,1041
534903,989,1038
534904,990,1038
534905,994,1042
534906,994,1041
534907,993,1039
534908,990,1035
534909,987,1035
534910,989,1038
534911,988,1042
534912,989,1038
534913,993,1040
534914,992,1036
534915,986,1034
534916,987,1036
534917,990,1040
534918,993,1039
534919,993,1039
534920,990,1036
534921,988,1038
534922,990,1039
534923,991,1043
534924,991,1046
534925,990,1046
534926,986,1042
534927,987,1043
534928,988,1046
534929,986,1046
534930,990,1047
534931,990,1045
534932,986,1044
534933,983,1042
534934,984,1043
534935,987,1047
534936,990,1048
534937,990,1044
534938,985,1042
534939,984,1043
534940,982,1044
534941,988,1046
534942,991,1048
534943,989,1045
534944,988,1041
534945,985,1042
534946,985,1044
534947,985,1045
534948,989,1047
534949,986,1043
534950,981,1043
534951,982,1041
534952,985,1045
534953,986,1046
534954,988,1048
534955,988,1047
534956,985,1041
534957,982,1040
534958,984,1043
534959,988,1045
534960,990,1044
534961,987,1043
534962,984,1041
534963,982,1037
534964,983,1038
534965,990,1042
534966,988,1040
534967,988,1039
534968,989,1037
534969,987,1034
534970,987,1038
534971,990,1039
534972,992,1038
534973,991,1037
534974,990,1035
534975,989,1033
534976,992,1036
534977,993,1037
534978,996,1038
534979,996,1036
534980,994,1032
534981,990,1034
534982,988,1035
534983,987,1038
534984,993,1039
534985,989,1039
534986,991,1038
534987,988,1036
534988,986,1039
534989,989,1045
534990,990,1046
534991,991,1043
534992,986,1043
534993,985,1039
534994,984,1042
534995,988,1044
534996,993,1043
534997,992,1041
534998,991,1040
534999,989,1041
535000,991,1043
535001,992,1043
535002,993,1046
535003,992,1044
535004,987,1039
535005,984,1038
535006,986,1041
535007,988,1041
535008,993,1042
535009,994,1041
535010,989,1037
535011,987,1037
535012,987,1038
535013,989,1041
535014,994,1040
535015,993,1038
535016,990,1034
535017,989,1033
535018,987,1037
535019,989,1039
535020,990,1040
535021,991,1039
535022,990,1036
535023,985,1037
535024,988,1039
535025,992,1040
535026,995,1040
535027,993,1038
535028,990,1034
535029,986,1035
535030,986,1039
535031,991,1040
535032,995,1039
535033,993,1039
535034,990,1036
535035,988,1036
535036,988,1038
535037,992,1042
535038,993,1043
535039,995,1042
535040,993,1038
535041,992,1040
535042,994,1041
535043,995,1043
535044,995,1044
535045,996,1041
535046,991,1039
535047,991,1040
535048,993,1043
535049,999,1046
535050,1002,1044
535051,1001,1042
535052,997,1039
535053,995,1041
535054,998,1043
535055,1002,1046
535056,1007,1042
535057,1008,1039
535058,1005,1034
535059,1001,1032
535060,1006,1036
535061,1007,1034
535062,1015,1028
535063,1021,1025
535064,1024,1018
535065,1032,1017
535066,1046,1015
535067,1066,1016
535068,1097,1012
535069,1128,1000
535070,1160,981
535071,1194,971
535072,1231,969
535073,1270,973
535074,1298,989
535075,1302,1008
535076,1283,1023
535077,1238,1027
535078,1184,1035
535079,1127,1047
535080,1077,1059
535081,1027,1070
535082,988,1077
535083,977,1078
535084,982,1076
535085,992,1066
535086,1005,1052
535087,1006,1042
535088,1001,1032
535089,996,1032
535090,991,1033
535091,993,1035
535092,992,1035
535093,990,1033
535094,985,1033
535095,983,1035
535096,982,1038
535097,984,1042
535098,986,1044
535099,984,1041
535100,979,1036
535101,975,1037
535102,976,1038
535103,978,1041
535104,980,1043
535105,981,1039
535106,981,1037
535107,977,1038
535108,972,1041
535109,974,1046
535110,979,1042
535111,979,1041
535112,974,1038
535113,972,1038
535114,975,1042
535115,980,1043
535116,983,1042
535117,984,1042
535118,981,1037
535119,974,1036
535120,973,1038
535121,974,1041
535122,979,1039
535123,975,1036
535124,973,1035
535125,973,1033
535126,975,1034
535127,977,1038
535128,977,1033
535129,976,1033
535130,974,1029
535131,974,1030
535132,972,1029
535133,974,1034
535134,982,1032
535135,981,1030
535136,978,1026
535137,976,1024
535138,979,1025
535139,983,1027
535140,990,1025
535141,990,1023
535142,983,1019
535143,982,1016
535144,985,1020
535145,991,1022
535146,997,1021
535147,994,1020
535148,990,1017
535149,985,1015
535150,989,1017
535151,995,1018
535152,1000,1018
535153,1001,1018
535154,999,1013
535155,996,1013
535156,999,1016
535157,1004,1017
535158,1008,1014
535159,1009,1012
535160,1011,1009
535161,1008,1007
535162,1005,1008
535163,1011,1012
535164,1014,1011
535165,1016,1006
535166,1017,999
535167,1018,999
535168,1020,1002
535169,1022,1005
535170,1029,1002
535171,1025,1000
535172,1026,996
535173,1024,995
535174,1030,995
535175,1033,997
535176,1036,996
535177,1038,993
535178,1037,991
535179,1034,990
535180,1034,996
535181,1035,998
535182,1041,1000
535183,1042,1000
535184,1042,999
535185,1038,1001
535186,1035,1003
535187,1035,1007
535188,1036,1007
535189,1033,1009
535190,1030,1008
535191,1027,1010
535192,1028,1016
535193,1027,1020
535194,1029,1023
535195,1031,1026
535196,1025,1026
535197,1019,1029
535198,1020,1033
535199,1019,1035
535200,1020,1038
535201,1017,1037
535202,1015,1035
535203,1013,1036
535204,1011,1037
535205,1015,1041
535206,1016,1039
535207,1014,1039
535208,1009,1036
535209,1010,1037
535210,1011,1039
535211,1013,1042
535212,1011,1042
535213,1010,1038
535214,1008,1038
535215,1006,1036
535216,1008,1038
535217,1013,1039
535218,1015,1038
535219,1012,1035
535220,1014,1033
535221,1009,1032
535222,1010,1034
535223,1009,1034
535224,1012,1033
535225,1011,1030
535226,1011,1027
535227,1008,1029
535228,1005,1030
535229,1006,1034
535230,1010,1033
535231,1009,1029
535232,1005,1028
535233,1003,1027
535234,1003,1031
535235,1007,1034
535236,1009,1034
535237,1007,1034
535238,1005,1028
535239,1006,1028
535240,1003,1030
535241,1001,1032
535242,1008,1031
535243,1007,1033
535244,1003,1029
535245,999,1030
535246,999,1032
535247,1007,1035
535248,1012,1034
535249,1012,1033
535250,1009,1031
535251,1006,1034
535252,1002,1035
535253,1006,1039
535254,1009,1036
535255,1009,1036
535256,1008,1034
535257,1005,1033
535258,1006,1038
535259,1007,1038
535260,1009,1037
535261,1008,1034
535262,1005,1035
535263,1005,1035
535264,1006,1037
535265,1007,1039
535266,1009,1039
535267,1008,1038
535268,1005,1033
535269,1003,1034
535270,1004,1035
535271,1005,1038
535272,1004,1038
535273,1005,1034
535274,1001,1032
535275,1001,1035
535276,1001,1034
535277,1004,1039
535278,1005,1038
535279,1002,1037
535280,1002,1036
535281,999,1035
535282,1002,1036
535283,1001,1039
535284,1003,1038
535285,1004,1038
535286,999,1035
535287,999,1033
535288,1001,1037
535289,1005,1040
535290,1008,1039
535291,1007,1039
535292,1005,1034
535293,1002,1034
535294,1001,1038
535295,1004,1040
535296,1005,1045
535297,1005,1041
535298,1004,1039
535299,1005,1038
535300,1005,1040
535301,1010,1043
535302,1011,1042
535303,1009,1039
535304,1009,1037
535305,1008,1036
535306,1006,1039
535307,1010,1040
535308,1015,1041
535309,1012,1038
535310,1009,1034
535311,1006,1035
535312,1009,1038
535313,1015,1040
535314,1017,1039
535315,1016,1040
535316,1012,1036
535317,1011,1035
535318,1014,1035
535319,1020,1038
535320,1025,1034
535321,1031,1030
535322,1037,1026
535323,1046,1024
535324,1061,1024
535325,1085,1024
535326,1116,1019
535327,1151,1011
535328,1187,998
535329,1225,989
535330,1269,988
535331,1308,997
535332,1339,1013
535333,1343,1030
535334,1322,1042
535335,1274,1046
535336,1219,1052
535337,1160,1061
535338,1097,1073
535339,1035,1086
535340,987,1096
535341,970,1103
535342,977,1103
535343,991,1095
535344,999,1083
535345,1009,1070
535346,1009,1060
535347,1007,1055
535348,1006,1052
535349,1009,1052
535350,1013,1052
535351,1010,1048
535352,1008,1044
535353,1000,1043
535354,999,1045
535355,1000,1046
535356,1004,1045
535357,1002,1045
535358,998,1040
535359,992,1037
535360,995,1041
535361,995,1042
535362,997,1045
535363,998,1041
535364,996,1037
535365,992,1037
535366,994,1040
535367,995,1043
535368,999,1043
535369,998,1042
535370,995,1039
535371,992,1039
535372,992,1043
535373,998,1043
535374,1000,1044
535375,999,1042
535376,996,1039
535377,993,1039
535378,994,1045
535379,997,1045
535380,999,1044
535381,998,1044
535382,995,1040
535383,994,1041
535384,995,1043
535385,996,1043
535386,999,1044
535387,995,1039
535388,995,1037
535389,992,1035
535390,995,1037
535391,998,1039
535392,1000,1037
535393,1001,1036
535394,999,1033
535395,997,1032
535396,996,1034
535397,1000,1036
535398,1004,1036
535399,1004,1033
535400,1001,1030
535401,1000,1027
535402,1000,1028
535403,1003,1030
535404,1009,1031
535405,1005,1025
535406,1001,1020
535407,1003,1022
535408,1007,1019
535409,1009,1020
535410,1011,1021
535411,1011,1016
535412,1010,1013
535413,1008,1011
535414,1010,1013
535415,1015,1015
535416,1020,1013
535417,1020,1010
535418,1017,1005
535419,1015,1004
535420,1015,1006
535421,1015,1009
535422,1018,1009
535423,1019,1005
535424,1016,1003
535425,1016,1002
535426,1016,1002
535427,1020,1006
535428,1025,1003
535429,1023,1002
535430,1023,999
535431,1021,997
535432,1026,1001
535433,1030,1005
535434,1031,1004
535435,1032,1004
535436,1031,1002
535437,1027,1002
535438,1028,1008
535439,1033,1014
535440,1035,1016
535441,1033,1017
535442,1029,1018
535443,1026,1019
535444,1028,1024
535445,1028,1028
535446,1031,1030
535447,1028,1029
535448,1026,1029
535449,1024,1030
535450,1023,1035
535451,1024,1036
535452,1022,1038
535453,1018,1037
535454,1015,1034
535455,1018,1035
535456,1016,1040
535457,1016,1045
535458,1017,1044
535459,1014,1043
535460,1010,1043
535461,1009,1042
535462,1009,1048
535463,1012,1048
535464,1015,1047
535465,1014,1044
535466,1010,1042
535467,1011,1042
535468,1011,1044
535469,1016,1047
535470,1016,1047
535471,1014,1044
535472,1010,1042
535473,1014,1042
535474,1016,1045
535475,1022,1047
535476,1023,1046
535477,1029,1044
535478,1027,1043
535479,1029,1041
535480,1034,1046
535481,1041,1053
535482,1049,1053
535483,1051,1053
535484,1061,1046
535485,1069,1045
535486,1085,1036
535487,1101,1026
535488,1117,1010
535489,1128,995
535490,1143,980
535491,1155,971
535492,1168,959
535493,1185,943
535494,1207,921
535495,1227,895
535496,1240,872
535497,1255,854
535498,1268,844
535499,1282,838
535500,1290,826
535501,1288,817
535502,1282,813
535503,1274,815
535504,1272,815
535505,1267,818
535506,1258,814
535507,1238,809
535508,1216,811
535509,1192,815
535510,1169,820
535511,1148,834
535512,1123,843
535513,1096,854
535514,1076,865
535515,1060,878
535516,1054,895
535517,1058,913
535518,1058,926
535519,1054,935
535520,1049,943
535521,1054,950
535522,1068,962
535523,1090,974
535524,1112,980
535525,1129,982
535526,1135,981
535527,1116,986
535528,1079,997
535529,1037,1010
535530,999,1025
535531,974,1042
535532,960,1059
535533,956,1076
535534,954,1092
535535,952,1098
535536,954,1099
535537,946,1096
535538,942,1098
535539,935,1100
535540,933,1104
535541,934,1111
535542,934,1112
535543,933,1111
535544,929,1109
535545,925,1113
535546,920,1116
535547,924,1120
535548,926,1122
535549,924,1121
535550,920,1120
535551,917,1124
535552,916,1127
535553,918,1132
535554,918,1131
535555,916,1131
535556,911,1130
535557,910,1135
535558,908,1140
535559,911,1141
535560,911,1144
535561,908,1147
535562,905,1146
535563,904,1148
535564,904,1152
535565,907,1160
535566,909,1161
535567,907,1162
535568,906,1163
535569,903,1167
535570,904,1174
535571,906,1178
535572,909,1180
535573,909,1179
535574,903,1180
535575,903,1183
535576,904,1188
535577,904,1193
535578,906,1196
535579,906,1195
535580,904,1194
535581,908,1197
535582,911,1201
535583,916,1205
535584,918,1204
535585,917,1206
535586,914,1203
535587,914,1206
535588,920,1206
535589,926,1209
535590,934,1210
535591,938,1206
535592,938,1198
535593,940,1200
535594,944,1198
535595,949,1200
535596,951,1197
535597,957,1190
535598,953,1184
535599,958,1182
535600,960,1179
535601,964,1177
535602,973,1172
535603,977,1164
535604,974,1158
535605,977,1150
535606,978,1147
535607,984,1146
535608,985,1139
535609,990,1133
535610,986,1123
535611,987,1117
535612,989,1118
535613,992,1115
535614,997,1108
535615,997,1099
535616,992,1095
535617,989,1091
535618,990,1088
535619,995,1085
535620,997,1079
535621,994,1072
535622,994,1063
535623,990,1062
535624,992,1061
535625,992,1062
535626,996,1059
535627,995,1053
535628,992,1048
535629,988,1046
535630,991,1046
535631,995,1049
535632,997,1050
535633,996,1044
535634,993,1045
535635,993,1045
535636,994,1046
535637,998,1049
535638,997,1046
535639,996,1043
535640,992,1041
535641,993,1044
535642,994,1046
535643,995,1050
535644,999,1048
535645,996,1046
535646,991,1042
535647,990,1042
535648,991,1045
535649,997,1049
535650,997,1046
535651,998,1044
535652,997,1043
535653,995,1042
535654,998,1045
535655,999,1048
535656,1002,1045
535657,999,1043
535658,998,1039
535659,996,1037
535660,996,1039
535661,998,1042
535662,1003,1042
535663,998,1039
535664,996,1036
535665,996,1035
535666,998,1040
535667,999,1040
535668,1003,1040
535669,1001,1036
535670,1000,1032
535671,996,1034
535672,999,1034
535673,1002,1039
535674,1003,1035
535675,1001,1034
535676,995,1030
535677,993,1031
535678,993,1034
535679,995,1037
535680,996,1039
535681,997,1036
535682,992,1034
535683,991,1035
535684,988,1038
535685,992,1040
535686,997,1040
535687,995,1038
535688,992,1038
535689,992,1037
535690,992,1040
535691,994,1042
535692,997,1044
535693,993,1041
535694,993,1038
535695,990,1039
535696,991,1041
535697,994,1044
535698,995,1042
535699,994,1040
535700,991,1037
535701,990,1036
535702,989,1038
535703,995,1041
535704,994,1039
535705,994,1037
535706,994,1035
535707,992,1036
535708,993,1040
535709,995,1041
535710,999,1040
535711,998,1036
535712,994,1033
535713,995,1034
535714,991,1035
535715,999,1038
535716,1001,1037
535717,1002,1035
535718,1000,1033
535719,997,1033
535720,1000,1035
535721,1000,1037
535722,1003,1035
535723,1001,1035
535724,997,1031
535725,994,1032
535726,996,1033
535727,998,1036
535728,1001,1037
535729,997,1035
535730,996,1030
535731,992,1033
535732,993,1035
535733,995,1039
535734,997,1036
535735,996,1038
535736,991,1035
535737,989,1035
535738,993,1038
535739,995,1039
535740,1000,1040
535741,997,1039
535742,993,1038
535743,990,1038
535744,991,1040
535745,996,1042
535746,995,1041
535747,996,1039
535748,993,1036
535749,991,1038
535750,992,1038
535751,993,1042
535752,996,1041
535753,993,1038
535754,990,1038
535755,991,1036
535756,988,1040
535757,991,1043
535758,989,1043
535759,992,1040
535760,994,1037
535761,992,1035
535762,994,1036
535763,996,1040
535764,998,1035
535765,999,1032
535766,995,1031
535767,996,1031
535768,996,1036
535769,997,1038
535770,1001,1037
535771,1000,1034
535772,996,1031
535773,995,1034
535774,993,1035
535775,997,1038
535776,1001,1038
535777,1000,1035
535778,998,1032
535779,995,1033
535780,994,1035
535781,996,1037
535782,998,1036
535783,996,1035
535784,991,1031
535785,993,1030
535786,992,1034
535787,994,1038
535788,999,1036
535789,996,1035
535790,997,1037
535791,993,1036
535792,997,1039
535793,1001,1043
535794,1002,1041
535795,1001,1041
535796,997,1037
535797,996,1037
535798,996,1038
535799,998,1040
535800,1000,1040
535801,998,1038
535802,998,1037
535803,996,1037
535804,996,1042
535805,999,1043
535806,1000,1041
535807,1002,1039
535808,999,1037
535809,995,1036
535810,996,1042
535811,1001,1040
535812,1004,1041
535813,1002,1036
535814,999,1034
535815,1000,1035
535816,995,1036
535817,1000,1040
535818,1003,1039
535819,1001,1037
535820,998,1036
535821,998,1034
535822,1005,1036
535823,1005,1038
535824,1008,1039
535825,1004,1037
535826,1000,1034
535827,1001,1036
535828,1003,1037
535829,1004,1038
535830,1003,1036
535831,1002,1036
535832,1001,1033
535833,999,1034
535834,1000,1037
535835,1003,1036
535836,1007,1037
535837,1003,1033
535838,997,1031
535839,996,1031
535840,997,1034
535841,998,1037
535842,1002,1037
535843,998,1034
535844,996,1033
535845,995,1034
535846,996,1036
535847,997,1038
535848,1001,1035
535849,999,1035
535850,999,1032
535851,997,1034
535852,997,1034
535853,1003,1037
535854,1000,1035
535855,998,1031
535856,996,1028
535857,995,1028
535858,999,1031
535859,1000,1033
535860,1003,1035
535861,1003,1032
535862,1002,1029
535863,999,1029
535864,999,1029
535865,1004,1035
535866,1006,1035
535867,1006,1034
535868,1003,1030
535869,997,1029
535870,1001,1031
535871,1003,1033
535872,1006,1033
535873,1007,1030
535874,1004,1028
535875,1000,1029
535876,1003,1032
535877,1004,1036
535878,1007,1034
535879,1005,1036
535880,1004,1035
535881,1002,1035
535882,1002,1037
535883,1004,1041
535884,1006,1038
535885,1005,1037
535886,1003,1034
535887,1001,1034
535888,1002,1037
535889,1003,1039
535890,1009,1037
535891,1005,1038
535892,1000,1033
535893,998,1036
535894,1003,1038
535895,1005,1042
535896,1010,1038
535897,1007,1037
535898,1006,1033
535899,1001,1034
535900,1001,1035
535901,1007,1041
535902,1007,1036
535903,1005,1035
535904,1004,1031
535905,1001,1033
535906,1002,1034
535907,1005,1037
535908,1009,1035
535909,1005,1033
535910,1004,1028
535911,1003,1030
535912,1004,1031
535913,1010,1033
535914,1010,1030
535915,1007,1028
535916,1007,1026
535917,1003,1029
535918,1006,1031
535919,1006,1034
535920,1008,1035
535921,1006,1033
535922,1005,1030
535923,1005,1029
535924,1005,1036
535925,1008,1038
535926,1009,1034
535927,1008,1031
535928,1007,1034
535929,1002,1034
535930,1002,1034
535931,1005,1038
535932,1006,1036
535933,1008,1036
535934,1004,1035
535935,1004,1034
535936,1005,1037
535937,1009,1037
535938,1008,1035
535939,1007,1036
535940,1005,1033
535941,1005,1032
535942,1007,1036
535943,1007,1036
535944,1012,1035
535945,1009,1034
535946,1007,1029
535947,1004,1032
535948,1008,1034
535949,1006,1036
535950,1009,1033
535951,1012,1031
535952,1009,1028
535953,1006,1030
535954,1006,1032
535955,1009,1034
535956,1009,1034
535957,1009,1032
535958,1005,1032
535959,1005,1033
535960,1006,1034
535961,1007,1037
535962,1010,1035
535963,1009,1033
535964,1006,1033
535965,1003,1032
535966,1008,1036
535967,1006,1037
535968,1010,1038
535969,1008,1035
535970,1005,1032
535971,1004,1034
535972,1008,1036
535973,1010,1040
535974,1010,1038
535975,1010,1035
535976,1006,1034
535977,1004,1035
535978,1004,1037
535979,1010,1042
535980,1012,1039
535981,1012,1037
535982,1010,1037
535983,1008,1037
535984,1012,1038
535985,1013,1040
535986,1016,1039
535987,1012,1036
535988,1011,1034
535989,1010,1033
535990,1011,1035
535991,1016,1035
535992,1017,1037
535993,1014,1033
535994,1012,1027
535995,1009,1029
535996,1009,1030
535997,1009,1031
535998,1011,1031
535999,1011,1030
536000,1008,1027
536001,1006,1026
536002,1006,1028
536003,1007,1034
536004,1012,1030
536005,1012,1027
536006,1011,1026
536007,1011,1027
536008,1011,1029
536009,1015,1034
536010,1016,1029
536011,1017,1025
536012,1012,1025
536013,1012,1023
536014,1013,1025
536015,1020,1029
536016,1021,1024
536017,1024,1019
536018,1031,1014
536019,1045,1010
536020,1065,1015
536021,1090,1011
536022,1118,1007
536023,1151,999
536024,1183,983
536025,1217,971
536026,1257,967
536027,1297,968
536028,1331,971
536029,1347,984
536030,1332,998
536031,1292,1012
536032,1232,1021
536033,1178,1032
536034,1125,1038
536035,1070,1043
536036,1026,1049
536037,1001,1050
536038,1001,1052
536039,1011,1051
536040,1025,1043
536041,1026,1034
536042,1022,1029
536043,1013,1030
536044,1010,1033
536045,1006,1036
536046,1010,1034
536047,1006,1032
536048,998,1033
536049,993,1035
536050,993,1034
536051,995,1039
536052,999,1041
536053,997,1038
536054,993,1032
536055,989,1035
536056,993,1037
536057,995,1038
536058,995,1037
536059,992,1035
536060,989,1032
536061,989,1035
536062,989,1037
536063,993,1037
536064,996,1036
536065,996,1034
536066,992,1032
536067,989,1033
536068,992,1037
536069,992,1040
536070,994,1038
536071,991,1035
536072,987,1035
536073,986,1036
536074,985,1038
536075,992,1041
536076,993,1040
536077,993,1039
536078,992,1038
536079,991,1037
536080,990,1038
536081,993,1039
536082,993,1041
536083,994,1037
536084,991,1038
536085,991,1038
536086,990,1042
536087,993,1040
536088,994,1044
536089,994,1041
536090,992,1038
536091,990,1039
536092,993,1041
536093,997,1041
536094,999,1039
536095,1000,1038
536096,999,1033
536097,997,1034
536098,999,1038
536099,1003,1034
536100,1005,1036
536101,1004,1032
536102,1002,1027
536103,1001,1026
536104,1005,1030
536105,1011,1030
536106,1012,1029
536107,1013,1026
536108,1013,1022
536109,1013,1020
536110,1016,1022
536111,1019,1024
536112,1021,1021
536113,1022,1017
536114,1018,1015
536115,1017,1015
536116,1020,1017
536117,1024,1015
536118,1028,1014
536119,1032,1009
536120,1030,1005
536121,1034,1004
536122,1038,1007
536123,1041,1008
536124,1045,1008
536125,1045,1004
536126,1047,1000
536127,1046,1001
536128,1047,1000
536129,1050,1004
536130,1056,1001
536131,1057,1000
536132,1054,995
536133,1055,1002
536134,1059,1002
536135,1064,1005
536136,1065,1003
536137,1066,1005
536138,1064,1000
536139,1064,1002
536140,1064,1003
536141,1070,1009
536142,1070,1010
536143,1069,1008
536144,1064,1007
536145,1063,1008
536146,1063,1012
536147,1062,1015
536148,1062,1013
536149,1060,1012
536150,1054,1011
536151,1048,1012
536152,1049,1017
536153,1052,1018
536154,1050,1021
536155,1047,1018
536156,1042,1019
536157,1037,1018
536158,1035,1022
536159,1039,1025
536160,1039,1025
536161,1035,1024
536162,1033,1021
536163,1029,1023
536164,1031,1026
536165,1033,1027
536166,1033,1028
536167,1031,1025
536168,1030,1024
536169,1026,1028
536170,1026,1029
536171,1025,1033
536172,1027,1033
536173,1024,1029
536174,1018,1030
536175,1016,1030
536176,1017,1029
536177,1019,1033
536178,1022,1033
536179,1020,1032
536180,1018,1031
536181,1016,1031
536182,1017,1034
536183,1019,1037
536184,1022,1034
536185,1019,1033
536186,1017,1030
536187,1013,1032
536188,1015,1035
536189,1016,1036
536190,1017,1034
536191,1017,1031
536192,1017,1030
536193,1012,1032
536194,1013,1032
536195,1014,1033
536196,1018,1031
536197,1015,1028
536198,1011,1027
536199,1009,1027
536200,1012,1028
536201,1012,1031
536202,1016,1028
536203,1016,1027
536204,1010,1024
536205,1013,1026
536206,1011,1027
536207,1012,1031
536208,1017,1028
536209,1014,1027
536210,1015,1024
536211,1011,1025
536212,1013,1028
536213,1014,1029
536214,1013,1026
536215,1014,1025
536216,1008,1023
536217,1010,1021
536218,1010,1025
536219,1015,1030
536220,1017,1030
536221,1012,1026
536222,1009,1025
536223,1006,1026
536224,1010,1027
536225,1010,1030
536226,1013,1031
536227,1008,1029
536228,1004,1027
536229,1004,1028
536230,1007,1031
536231,1009,1035
536232,1012,1034
536233,1011,1033
536234,1007,1031
536235,1008,1032
536236,1010,1035
536237,1011,1037
536238,1013,1035
536239,1012,1034
536240,1009,1032
536241,1008,1033
536242,1009,1036
536243,1010,1041
536244,1009,1038
536245,1008,1033
536246,1006,1033
536247,1007,1033
536248,1006,1034
536249,1010,1038
536250,1012,1036
536251,1012,1033
536252,1009,1029
536253,1008,1032
536254,1010,1032
536255,1013,1037
536256,1015,1033
536257,1012,1033
536258,1008,1031
536259,1013,1031
536260,1017,1032
536261,1017,1032
536262,1018,1033
536263,1016,1027
536264,1016,1022
536265,1018,1023
536266,1031,1023
536267,1047,1021
536268,1063,1017
536269,1079,1011
536270,1103,1002
536271,1136,997
536272,1179,985
536273,1223,977
536274,1264,970
536275,1303,970
536276,1327,979
536277,1330,999
536278,1309,1013
536279,1258,1018
536280,1197,1023
536281,1125,1035
536282,1056,1052
536283,999,1067
536284,974,1078
536285,977,1080
536286,993,1072
536287,1002,1057
536288,1007,1044
536289,1008,1043
536290,1005,1042
536291,1005,1043
536292,998,1041
536293,996,1042
536294,991,1040
536295,990,1041
536296,990,1043
536297,990,1047
536298,994,1042
536299,990,1038
536300,990,1035
536301,985,1036
536302,990,1039
536303,990,1042
536304,993,1039
536305,989,1038
536306,987,1035
536307,988,1033
536308,985,1036
536309,987,1039
536310,992,1039
536311,992,1034
536312,989,1030
536313,989,1032
536314,990,1032
536315,993,1038
536316,993,1033
536317,991,1030
536318,986,1028
536319,986,1031
536320,988,1032
536321,990,1036
536322,993,1033
536323,991,1028
536324,989,1026
536325,986,1027
536326,988,1029
536327,991,1033
536328,993,1032
536329,992,1028
536330,990,1028
536331,988,1027
536332,992,1033
536333,996,1035
536334,997,1035
536335,995,1030
536336,992,1027
536337,992,1030
536338,994,1027
536339,1002,1032
536340,1002,1031
536341,1002,1026
536342,999,1023
536343,996,1021
536344,1000,1023
536345,1003,1025
536346,1005,1022
536347,1006,1018
536348,1005,1014
536349,1006,1012
536350,1005,1017
536351,1010,1018
536352,1013,1014
536353,1012,1011
536354,1011,1006
536355,1010,1006
536356,1012,1005
536357,1012,1009
536358,1012,1005
536359,1013,1004
536360,1011,1001
536361,1013,1000
536362,1014,1000
536363,1016,999
536364,1021,997
536365,1021,996
536366,1018,992
536367,1017,991
536368,1021,992
536369,1023,996
536370,1023,995
536371,1020,993
536372,1018,989
536373,1020,992
536374,1023,992
536375,1025,998
536376,1027,995
536377,1030,995
536378,1025,995
536379,1029,998
536380,1029,1003
536381,1030,1006
536382,1031,1007
536383,1028,1008
536384,1025,1007
536385,1022,1010
536386,1024,1015
536387,1027,1019
536388,1023,1019
536389,1023,1020
536390,1016,1021
536391,1013,1024
536392,1010,1027
536393,1012,1032
536394,1013,1032
536395,1009,1031
536396,1005,1031
536397,1001,1033
536398,1002,1036
536399,1004,1039
536400,1007,1038
536401,1004,1035
536402,1003,1031
536403,1002,1032
536404,1003,1036
536405,1002,1036
536406,1006,1035
536407,1000,1036
536408,1001,1030
536409,998,1031
536410,999,1033
536411,1002,1031
536412,1003,1031
536413,1005,1030
536414,1002,1026
536415,999,1029
536416,1000,1031
536417,1003,1034
536418,1001,1035
536419,1003,1033
536420,1000,1030
536421,999,1030
536422,996,1033
536423,1001,1037
536424,1002,1036
536425,1003,1034
536426,999,1031
536427,997,1032
536428,999,1036
536429,1001,1036
536430,1004,1039
536431,1003,1034
536432,997,1031
536433,997,1033
536434,1000,1035
536435,999,1040
536436,1003,1038
536437,1003,1037
536438,1001,1033
536439,1002,1035
536440,1002,1037
536441,1005,1039
536442,1005,1037
536443,1000,1035
536444,993,1035
536445,994,1035
536446,996,1035
536447,1001,1039
536448,1000,1037
536449,1001,1035
536450,997,1033
536451,997,1034
536452,999,1036
536453,1000,1036
536454,1002,1037
536455,1000,1032
536456,995,1029
536457,995,1028
536458,999,1034
536459,1001,1034
536460,1002,1034
536461,1000,1035
536462,998,1034
536463,994,1033
536464,997,1037
536465,999,1038
536466,995,1038
536467,994,1035
536468,991,1030
536469,991,1030
536470,989,1034
536471,990,1037
536472,994,1038
536473,989,1037
536474,988,1034
536475,989,1037
536476,991,1037
536477,992,1039
536478,995,1036
536479,992,1036
536480,992,1035
536481,989,1038
536482,994,1040
536483,996,1040
536484,991,1040
536485,991,1038
536486,988,1038
536487,988,1036
536488,988,1040
536489,995,1042
536490,995,1038
536491,996,1039
536492,992,1037
536493,991,1036
536494,990,1038
536495,993,1041
536496,996,1037
536497,995,1037
536498,992,1036
536499,988,1035
536500,990,1034
536501,991,1038
536502,996,1036
536503,996,1037
536504,996,1034
536505,993,1034
536506,994,1035
536507,996,1039
536508,994,1035
536509,990,1035
536510,990,1033
536511,989,1033
536512,990,1034
536513,993,1038
536514,995,1037
536515,993,1032
536516,987,1034
536517,984,1033
536518,986,1035
536519,990,1037
536520,991,1036
536521,987,1033
536522,985,1033
536523,984,1032
536524,988,1036
536525,990,1038
536526,992,1037
536527,989,1035
536528,988,1034
536529,991,1035
536530,986,1038
536531,990,1041
536532,988,1040
536533,989,1042
536534,987,1040
536535,987,1037
536536,989,1041
536537,993,1042
536538,994,1042
536539,991,1041
536540,992,1037
536541,986,1037
536542,993,1040
536543,992,1042
536544,996,1041
536545,995,1040
536546,992,1039
536547,990,1039
536548,992,1043
536549,998,1045
536550,1000,1043
536551,1002,1040
536552,995,1037
536553,995,1038
536554,996,1041
536555,996,1043
536556,998,1037
536557,997,1031
536558,994,1029
536559,992,1028
536560,994,1032
536561,993,1035
536562,997,1030
536563,994,1029
536564,992,1026
536565,988,1027
536566,992,1030
536567,994,1034
536568,996,1031
536569,989,1029
536570,987,1027
536571,986,1030
536572,987,1034
536573,987,1036
536574,991,1037
536575,989,1034
536576,988,1033
536577,987,1033
536578,987,1035
536579,990,1041
536580,995,1039
536581,993,1037
536582,990,1036
536583,992,1035
536584,992,1036
536585,992,1039
536586,998,1039
536587,998,1038
536588,999,1035
536589,997,1033
536590,994,1036
536591,996,1039
536592,1001,1035
536593,1003,1033
536594,1004,1025
536595,1009,1024
536596,1024,1024
536597,1034,1024
536598,1053,1017
536599,1071,1014
536600,1092,1003
536601,1119,996
536602,1156,986
536603,1201,977
536604,1247,975
536605,1289,975
536606,1316,986
536607,1323,1004
536608,1305,1022
536609,1262,1031
536610,1204,1031
536611,1142,1038
536612,1081,1052
536613,1024,1067
536614,986,1078
536615,974,1082
536616,980,1079
536617,989,1065
536618,995,1051
536619,1000,1043
536620,998,1040
536621,993,1039
536622,989,1036
536623,987,1031
536624,978,1030
536625,976,1031
536626,978,1036
536627,979,1039
536628,980,1038
536629,976,1037
536630,974,1037
536631,971,1038
536632,972,1041
536633,974,1041
536634,975,1041
536635,975,1037
536636,971,1039
536637,972,1037
536638,970,1039
536639,974,1042
536640,975,1040
536641,975,1040
536642,971,1037
536643,972,1038
536644,972,1040
536645,975,1043
536646,977,1042
536647,979,1038
536648,976,1037
536649,972,1037
536650,973,1037
536651,978,1039
536652,979,1038
536653,978,1036
536654,976,1032
536655,976,1036
536656,977,1036
536657,980,1037
536658,979,1036
536659,979,1031
536660,975,1028
536661,975,1031
536662,976,1033
536663,978,1032
536664,977,1031
536665,977,1028
536666,973,1027
536667,971,1029
536668,974,1031
536669,978,1032
536670,975,1031
536671,976,1029
536672,975,1025
536673,975,1024
536674,973,1027
536675,976,1030
536676,978,1026
536677,979,1023
536678,981,1020
536679,978,1020
536680,979,1020
536681,983,1024
536682,986,1021
536683,985,1017
536684,983,1015
536685,983,1016
536686,987,1017
536687,992,1016
536688,993,1016
536689,994,1011
536690,990,1010
536691,990,1010
536692,989,1012
536693,995,1011
536694,998,1012
536695,999,1007
536696,997,1005
536697,998,1003
536698,1000,1004
536699,1003,1008
536700,1006,1003
536701,1004,1000
536702,1005,999
536703,1006,999
536704,1009,1003
536705,1015,1004
536706,1014,1006
536707,1016,1001
536708,1015,999
536709,1016,1001
536710,1014,1005
536711,1019,1006
536712,1022,1010
536713,1022,1007
536714,1016,1008
536715,1018,1008
536716,1019,1010
536717,1016,1015
536718,1018,1014
536719,1016,1014
536720,1013,1016
536721,1008,1020
536722,1010,1025
536723,1012,1031
536724,1009,1030
536725,1006,1031
536726,999,1032
536727,999,1034
536728,1000,1035
536729,1003,1043
536730,1004,1039
536731,999,1039
536732,993,1037
536733,992,1040
536734,995,1043
536735,990,1046
536736,995,1046
536737,991,1043
536738,990,1042
536739,991,1045
536740,992,1047
536741,992,1050
536742,994,1051
536743,993,1048
536744,991,1045
536745,991,1043
536746,991,1049
536747,996,1049
536748,996,1047
536749,993,1045
536750,992,1043
536751,992,1043
536752,994,1043
536753,1000,1045
536754,1000,1043
536755,997,1042
536756,995,1039
536757,994,1041
536758,1000,1043
536759,1003,1044
536760,1002,1042
536761,1001,1042
536762,998,1040
536763,996,1040
536764,996,1041
536765,999,1043
536766,1000,1040
536767,997,1040
536768,995,1039
536769,993,1038
536770,993,1040
536771,995,1043
536772,997,1039
536773,996,1039
536774,993,1038
536775,988,1037
536776,989,1042
536777,992,1043
536778,993,1045
536779,994,1040
536780,991,1040
536781,992,1040
536782,994,1044
536783,994,1044
536784,997,1049
536785,997,1042
536786,993,1042
536787,995,1042
536788,995,1047
536789,998,1048
536790,997,1046
536791,999,1044
536792,998,1042
536793,997,1044
536794,996,1046
536795,999,1048
536796,997,1047
536797,998,1049
536798,995,1044
536799,991,1047
536800,993,1048
536801,996,1052
536802,996,1049
536803,996,1047
536804,993,1043
536805,993,1045
536806,993,1048
536807,997,1051
536808,996,1050
536809,995,1046
536810,991,1046
536811,990,1047
536812,990,1048
536813,992,1052
536814,991,1048
536815,992,1047
536816,992,1043
536817,991,1044
536818,995,1047
536819,993,1051
536820,998,1047
536821,997,1049
536822,996,1046
536823,991,1045
536824,991,1049
536825,994,1053
536826,995,1052
536827,995,1051
536828,992,1047
536829,990,1048
536830,989,1048
536831,992,1053
536832,995,1051
536833,993,1049
536834,990,1045
536835,990,1047
536836,989,1052
536837,995,1054
536838,995,1051
536839,994,1048
536840,991,1047
536841,995,1048
536842,994,1050
536843,997,1052
536844,999,1051
536845,999,1048
536846,996,1049
536847,996,1051
536848,1000,1052
536849,1005,1054
536850,1008,1051
536851,1007,1046
536852,1012,1042
536853,1018,1041
536854,1031,1039
536855,1050,1041
536856,1069,1038
536857,1095,1031
536858,1124,1023
536859,1162,1013
536860,1205,1008
536861,1248,1003
536862,1289,1002
536863,1315,1009
536864,1324,1023
536865,1306,1038
536866,1267,1045
536867,1219,1049
536868,1157,1054
536869,1087,1068
536870,1025,1078
536871,985,1092
536872,971,1099
536873,978,1101
536874,990,1091
536875,995,1077
536876,998,1064
536877,998,1057
536878,1002,1057
536879,999,1057
536880,999,1052
536881,995,1049
536882,987,1051
536883,985,1051
536884,984,1056
536885,986,1058
536886,984,1055
536887,985,1054
536888,981,1049
536889,980,1051
536890,981,1053
536891,983,1056
536892,984,1054
536893,982,1053
536894,979,1052
536895,979,1054
536896,979,1057
536897,981,1059
536898,985,1059
536899,982,1053
536900,979,1055
536901,976,1053
536902,979,1056
536903,981,1060
536904,981,1061
536905,981,1059
536906,979,1057
536907,979,1054
536908,981,1056
536909,981,1059
536910,985,1055
536911,982,1051
536912,981,1049
536913,979,1048
536914,984,1052
536915,985,1053
536916,986,1053
536917,986,1049
536918,988,1048
536919,988,1048
536920,987,1048
536921,988,1049
536922,990,1051
536923,986,1046
536924,985,1045
536925,983,1043
536926,986,1047
536927,989,1048
536928,992,1046
536929,990,1040
536930,989,1040
536931,987,1038
536932,989,1039
536933,991,1041
536934,992,1040
536935,993,1036
536936,992,1032
536937,993,1030
536938,994,1032
536939,999,1034
536940,1000,1030
536941,1001,1029
536942,995,1025
536943,998,1027
536944,999,1026
536945,1004,1029
536946,1006,1026
536947,1004,1022
536948,1001,1021
536949,998,1020
536950,1000,1020
536951,1004,1021
536952,1005,1019
536953,1004,1017
536954,1001,1016
536955,1000,1018
536956,1003,1020
536957,1007,1021
536958,1013,1021
536959,1012,1016
536960,1009,1014
536961,1010,1015
536962,1017,1014
536963,1019,1017
536964,1023,1011
536965,1023,1009
536966,1020,1007
536967,1022,1009
536968,1025,1011
536969,1028,1014
536970,1033,1013
536971,1033,1011
536972,1029,1012
536973,1029,1012
536974,1032,1017
536975,1034,1022
536976,1032,1021
536977,1031,1023
536978,1029,1023
536979,1028,1025
536980,1028,1032
536981,1028,1035
536982,1025,1036
536983,1025,1038
536984,1020,1034
536985,1019,1039
536986,1019,1045
536987,1021,1046
536988,1018,1045
536989,1016,1046
536990,1008,1047
536991,1005,1048
536992,1005,1050
536993,1006,1055
536994,1006,1053
536995,1005,1053
536996,1001,1050
536997,998,1053
536998,999,1056
536999,997,1059
537000,997,1057
537001,994,1055
537002,993,1055
537003,989,1056
537004,992,1059
537005,992,1062
537006,997,1062
537007,996,1056
537008,994,1055
537009,995,1054
537010,998,1057
537011,1001,1059
537012,1003,1055
537013,1001,1051
537014,998,1049
537015,999,1050
537016,1001,1052
537017,1006,1056
537018,1008,1055
537019,1008,1052
537020,1004,1050
537021,1006,1049
537022,1003,1054
537023,1010,1058
537024,1012,1054
537025,1007,1051
537026,1004,1050
537027,1005,1048
537028,1006,1050
537029,1010,1052
537030,1009,1052
537031,1009,1048
537032,1008,1045
537033,1006,1046
537034,1007,1048
537035,1012,1051
537036,1010,1051
537037,1008,1047
537038,1004,1046
537039,1003,1043
537040,1004,1047
537041,1009,1051
537042,1004,1048
537043,1001,1046
537044,998,1045
537045,995,1047
537046,999,1051
537047,1000,1054
537048,1000,1054
537049,1000,1052
537050,994,1051
537051,993,1052
537052,995,1054
537053,997,1058
537054,998,1056
537055,996,1056
537056,994,1051
537057,993,1052
537058,995,1056
537059,996,1058
537060,998,1059
537061,998,1056
537062,996,1053
537063,995,1055
537064,998,1055
537065,999,1060
537066,1002,1057
537067,999,1056
537068,997,1054
537069,996,1056
537070,1000,1058
537071,1002,1062
537072,1003,1059
537073,999,1056
537074,998,1054
537075,998,1055
537076,1002,1055
537077,1005,1056
537078,1003,1054
537079,1002,1053
537080,1001,1049
537081,1000,1052
537082,1001,1053
537083,1007,1054
537084,1006,1056
537085,1004,1050
537086,1004,1049
537087,1002,1051
537088,1002,1052
537089,1003,1055
537090,1004,1055
537091,1001,1053
537092,997,1050
537093,994,1053
537094,998,1056
537095,1001,1058
537096,1004,1059
537097,999,1054
537098,997,1052
537099,995,1053
537100,996,1055
537101,999,1060
537102,998,1056
537103,995,1055
537104,994,1054
537105,990,1053
537106,994,1058
537107,995,1060
537108,997,1058
537109,999,1055
537110,995,1055
537111,995,1055
537112,995,1059
537113,1000,1060
537114,999,1057
537115,996,1055
537116,995,1054
537117,995,1056
537118,996,1058
537119,1000,1060
537120,999,1062
537121,995,1053
537122,994,1051
537123,995,1054
537124,997,1057
537125,999,1061
537126,1002,1057
537127,999,1053
537128,999,1051
537129,997,1051
537130,997,1051
537131,1001,1055
537132,1003,1053
537133,1002,1051
537134,1001,1048
537135,999,1050
537136,999,1051
537137,1002,1053
537138,1002,1054
537139,1002,1051
537140,1001,1048
537141,998,1050
537142,999,1052
537143,1000,1057
537144,1003,1053
537145,999,1056
537146,998,1052
537147,995,1055
537148,995,1057
537149,999,1059
537150,1000,1056
537151,999,1055
537152,997,1053
537153,996,1053
537154,995,1055
537155,1000,1057
537156,1002,1057
537157,997,1055
537158,995,1052
537159,992,1053
537160,996,1054
537161,1002,1058
537162,1003,1056
537163,1002,1054
537164,995,1052
537165,995,1053
537166,999,1057
537167,1004,1056
537168,1005,1058
537169,1001,1053
537170,999,1051
537171,996,1052
537172,999,1055
537173,1002,1055
537174,1003,1055
537175,1003,1051
537176,999,1048
537177,999,1050
537178,1002,1053
537179,1003,1054
537180,1005,1053
537181,1004,1052
537182,999,1047
537183,999,1048
537184,1003,1052
537185,1005,1056
537186,1007,1053
537187,1003,1050
537188,1002,1049
537189,999,1051
537190,1001,1051
537191,1001,1053
537192,1002,1052
537193,999,1050
537194,997,1049
537195,996,1051
537196,998,1052
537197,1001,1055
537198,1000,1055
537199,999,1050
537200,995,1048
537201,993,1050
537202,995,1055
537203,1001,1055
537204,1004,1052
537205,1000,1052
537206,998,1047
537207,999,1050
537208,999,1051
537209,1005,1053
537210,1005,1053
537211,1002,1048
537212,999,1046
537213,999,1049
537214,1003,1051
537215,1005,1054
537216,1006,1051
537217,1005,1050
537218,1000,1050
537219,998,1050
537220,998,1055
537221,1001,1056
537222,1004,1054
537223,1003,1052
537224,1001,1049
537225,1000,1051
537226,1004,1053
537227,1002,1052
537228,1007,1053
537229,1005,1050
537230,998,1047
537231,1000,1050
537232,1001,1052
537233,1008,1054
537234,1012,1055
537235,1008,1052
537236,1004,1049
537237,1001,1049
537238,1005,1053
537239,1007,1054
537240,1005,1053
537241,1003,1052
537242,1002,1050
537243,999,1052
537244,1000,1055
537245,1003,1058
537246,1004,1056
537247,1002,1054
537248,1000,1052
537249,999,1054
537250,999,1055
537251,999,1058
537252,1001,1057
537253,1001,1055
537254,997,1053
537255,997,1052
537256,998,1054
537257,1002,1055
537258,1001,1053
537259,1000,1052
537260,998,1051
537261,999,1050
537262,1001,1055
537263,1003,1057
537264,1003,1055
537265,1001,1053
537266,1001,1051
537267,1000,1052
537268,1001,1054
537269,1003,1054
537270,1007,1051
537271,1006,1051
537272,1004,1049
537273,1002,1051
537274,1005,1052
537275,1009,1054
537276,1009,1050
537277,1005,1050
537278,1005,1047
537279,1003,1048
537280,1004,1051
537281,1006,1054
537282,1009,1049
537283,1011,1049
537284,1008,1045
537285,1008,1045
537286,1013,1050
537287,1017,1053
537288,1018,1049
537289,1016,1047
537290,1013,1043
537291,1015,1041
537292,1023,1039
537293,1033,1040
537294,1049,1036
537295,1066,1030
537296,1084,1026
537297,1107,1019
537298,1137,1018
537299,1171,1009
537300,1206,995
537301,1238,982
537302,1269,978
537303,1302,978
537304,1323,989
537305,1318,1005
537306,1282,1021
537307,1228,1026
537308,1174,1032
537309,1119,1042
537310,1072,1051
537311,1032,1060
537312,1007,1062
537313,998,1063
537314,1002,1058
537315,1013,1054
537316,1018,1050
537317,1019,1050
537318,1012,1048
537319,1008,1045
537320,1004,1046
537321,999,1048
537322,996,1052
537323,997,1057
537324,996,1055
537325,994,1054
537326,988,1048
537327,987,1051
537328,984,1053
537329,986,1057
537330,988,1056
537331,986,1054
537332,982,1050
537333,978,1051
537334,981,1055
537335,984,1055
537336,986,1058
537337,985,1057
537338,985,1052
537339,983,1053
537340,985,1057
537341,987,1058
537342,987,1056
537343,986,1053
537344,978,1051
537345,979,1052
537346,980,1055
537347,982,1057
537348,984,1057
537349,982,1055
537350,977,1053
537351,978,1055
537352,982,1058
537353,984,1060
537354,984,1058
537355,984,1056
537356,984,1053
537357,982,1054
537358,984,1057
537359,988,1059
537360,988,1058
537361,987,1056
537362,985,1055
537363,984,1054
537364,985,1058
537365,988,1059
537366,989,1059
537367,987,1056
537368,984,1052
537369,988,1053
537370,991,1056
537371,994,1059
537372,996,1056
537373,997,1054
537374,995,1052
537375,995,1050
537376,999,1051
537377,1003,1053
537378,1003,1051
537379,1001,1046
537380,999,1044
537381,1001,1043
537382,1003,1047
537383,1004,1048
537384,1003,1046
537385,1001,1042
537386,1002,1039
537387,1004,1038
537388,1006,1039
537389,1005,1041
537390,1010,1040
537391,1008,1037
537392,1009,1034
537393,1010,1035
537394,1014,1037
537395,1016,1037
537396,1015,1036
537397,1014,1031
537398,1013,1031
537399,1013,1032
537400,1018,1036
537401,1020,1037
537402,1020,1036
537403,1020,1031
537404,1018,1032
537405,1020,1032
537406,1022,1034
537407,1028,1035
537408,1029,1034
537409,1028,1032
537410,1024,1029
537411,1028,1030
537412,1029,1031
537413,1033,1033
537414,1037,1033
537415,1033,1031
537416,1032,1028
537417,1034,1031
537418,1038,1033
537419,1040,1035
537420,1041,1031
537421,1038,1032
537422,1036,1029
537423,1035,1031
537424,1037,1035
537425,1039,1038
537426,1034,1038
537427,1030,1037
537428,1027,1036
537429,1021,1037
537430,1022,1044
537431,1025,1045
537432,1025,1045
537433,1018,1044
537434,1014,1043
537435,1012,1047
537436,1010,1049
537437,1013,1052
537438,1011,1051
537439,1008,1047
537440,1003,1046
537441,1002,1048
537442,1007,1051
537443,1009,1052
537444,1010,1052
537445,1008,1050
537446,1006,1048
537447,1005,1051
537448,1006,1053
537449,1005,1057
537450,1006,1055
537451,999,1053
537452,998,1052
537453,998,1053
537454,997,1056
537455,999,1061
537456,999,1059
537457,997,1054
537458,994,1052
537459,993,1055
537460,995,1057
537461,1001,1060
537462,1001,1059
537463,997,1055
537464,993,1052
537465,994,1055
537466,998,1055
537467,999,1060
537468,1000,1056
537469,1001,1055
537470,993,1054
537471,992,1055
537472,997,1057
537473,1000,1059
537474,1001,1056
537475,1000,1051
537476,996,1052
537477,998,1052
537478,1000,1054
537479,1001,1055
537480,1006,1053
537481,1006,1052
537482,1001,1049
537483,1000,1050
537484,1003,1051
537485,1001,1051
537486,1006,1049
537487,1004,1046
537488,1002,1046
537489,1002,1047
537490,1003,1051
537491,1004,1051
537492,1004,1052
537493,1002,1048
537494,998,1048
537495,995,1049
537496,999,1052
537497,1002,1054
537498,1001,1054
537499,1000,1050
537500,999,1050
537501,998,1049
537502,998,1052
537503,1000,1054
537504,1000,1054
537505,999,1051
537506,994,1048
537507,992,1049
537508,994,1051
537509,995,1055
537510,995,1053
537511,991,1050
537512,986,1050
537513,987,1054
537514,986,1057
537515,992,1059
537516,992,1059
537517,990,1056
537518,985,1058
537519,985,1060
537520,986,1061
537521,991,1064
537522,992,1062
537523,987,1059
537524,986,1056
537525,987,1060
537526,990,1061
537527,992,1063
537528,992,1061
537529,992,1059
537530,990,1058
537531,990,1057
537532,994,1062
537533,996,1062
537534,996,1061
537535,995,1057
537536,988,1055
537537,988,1055
537538,989,1059
537539,995,1062
537540,997,1059
537541,991,1058
537542,988,1055
537543,988,1058
537544,991,1061
537545,994,1061
537546,994,1060
537547,991,1059
537548,990,1055
537549,989,1058
537550,991,1060
537551,995,1062
537552,997,1060
537553,995,1057
537554,990,1053
537555,985,1058
537556,988,1058
537557,994,1061
537558,991,1061
537559,990,1056
537560,987,1057
537561,985,1053
537562,984,1057
537563,988,1059
537564,993,1059
537565,990,1057
537566,986,1055
537567,984,1053
537568,986,1057
537569,991,1059
537570,992,1056
537571,991,1057
537572,987,1053
537573,986,1055
537574,990,1055
537575,989,1058
537576,991,1060
537577,991,1058
537578,988,1056
537579,989,1057
537580,992,1058
537581,995,1058
537582,996,1062
537583,993,1056
537584,990,1054
537585,989,1053
537586,993,1054
537587,997,1060
537588,997,1059
537589,996,1055
537590,992,1055
537591,988,1056
537592,989,1061
537593,992,1064
537594,994,1061
537595,993,1057
537596,991,1056
537597,991,1057
537598,993,1058
537599,994,1062
537600,993,1058
537601,994,1055
537602,992,1054
537603,992,1056
537604,992,1059
537605,994,1059
537606,996,1060
537607,995,1056
537608,988,1054
537609,990,1056
537610,992,1059
537611,993,1060
537612,991,1060
537613,990,1059
537614,985,1058
537615,986,1057
537616,986,1060
537617,992,1061
537618,987,1058
537619,989,1057
537620,983,1055
537621,985,1057
537622,987,1062
537623,989,1061
537624,991,1063
537625,995,1058
537626,993,1058
537627,993,1059
537628,995,1063
537629,998,1064
537630,997,1063
537631,996,1060
537632,991,1059
537633,992,1061
537634,993,1064
537635,999,1067
537636,1000,1066
537637,996,1065
537638,993,1063
537639,995,1061
537640,1001,1066
537641,1001,1067
537642,1002,1065
537643,1000,1062
537644,996,1059
537645,997,1061
537646,998,1061
537647,1000,1062
537648,999,1061
537649,998,1055
537650,995,1054
537651,996,1053
537652,998,1056
537653,1000,1057
537654,1002,1052
537655,998,1049
537656,995,1046
537657,992,1047
537658,994,1051
537659,998,1056
537660,999,1051
537661,998,1050
537662,992,1050
537663,989,1051
537664,991,1055
537665,991,1060
537666,995,1059
537667,992,1055
537668,988,1052
537669,989,1055
537670,991,1058
537671,993,1062
537672,996,1058
537673,993,1057
537674,991,1054
537675,989,1056
537676,992,1057
537677,994,1060
537678,998,1059
537679,996,1058
537680,991,1055
537681,993,1057
537682,999,1057
537683,1002,1058
537684,1002,1059
537685,1003,1056
537686,1003,1056
537687,1001,1058
537688,1005,1061
537689,1012,1060
537690,1012,1058
537691,1010,1054
537692,1013,1051
537693,1015,1045
537694,1024,1046
537695,1038,1046
537696,1053,1044
537697,1071,1037
537698,1093,1033
537699,1123,1026
537700,1159,1016
537701,1199,1006
537702,1235,996
537703,1271,989
537704,1304,990
537705,1321,1003
537706,1316,1023
537707,1281,1038
537708,1224,1045
537709,1161,1048
537710,1101,1056
537711,1053,1068
537712,1014,1075
537713,997,1078
537714,993,1078
537715,1003,1071
537716,1006,1063
537717,1009,1059
537718,1008,1060
537719,1005,1060
537720,1003,1060
537721,995,1056
537722,990,1054
537723,987,1056
537724,989,1060
537725,990,1064
537726,988,1061
537727,980,1061
537728,980,1058
537729,976,1060
537730,981,1065
537731,983,1065
537732,981,1065
537733,980,1064
537734,979,1061
537735,977,1060
537736,979,1064
537737,982,1066
537738,983,1066
537739,981,1060
537740,980,1059
537741,977,1062
537742,982,1062
537743,980,1066
537744,980,1063
537745,979,1060
537746,980,1058
537747,978,1060
537748,979,1061
537749,982,1062
537750,984,1060
537751,982,1055
537752,977,1053
537753,981,1057
537754,983,1059
537755,985,1059
537756,986,1058
537757,984,1054
537758,984,1054
537759,979,1054
537760,984,1055
537761,988,1056
537762,989,1056
537763,985,1053
537764,984,1048
537765,984,1050
537766,990,1053
537767,991,1055
537768,993,1053
537769,991,1050
537770,991,1049
537771,991,1049
537772,992,1050
537773,996,1051
537774,1000,1047
537775,997,1045
537776,998,1044
537777,997,1041
537778,998,1045
537779,1000,1046
537780,1001,1044
537781,1001,1040
537782,1000,1039
537783,1003,1038
537784,1003,1040
537785,1008,1042
537786,1011,1040
537787,1005,1035
537788,1001,1034
537789,1001,1035
537790,1007,1038
537791,1012,1040
537792,1013,1038
537793,1009,1036
537794,1008,1034
537795,1009,1034
537796,1014,1035
537797,1020,1036
537798,1024,1034
537799,1024,1032
537800,1020,1027
537801,1019,1027
537802,1023,1030
537803,1026,1032
537804,1027,1032
537805,1029,1028
537806,1023,1025
537807,1024,1027
537808,1028,1028
537809,1033,1031
537810,1036,1027
537811,1036,1027
537812,1032,1023
537813,1031,1026
537814,1036,1027
537815,1039,1031
537816,1040,1030
537817,1037,1027
537818,1035,1024
537819,1033,1026
537820,1034,1030
537821,1033,1034
537822,1032,1035
537823,1029,1032
537824,1023,1031
537825,1016,1034
537826,1017,1039
537827,1021,1043
537828,1019,1044
537829,1015,1043
537830,1010,1042
537831,1008,1044
537832,1005,1047
537833,1007,1053
537834,1006,1054
537835,1003,1051
537836,1000,1051
537837,998,1054
537838,1000,1055
537839,1005,1057
537840,1001,1056
537841,1001,1054
537842,998,1052
537843,999,1055
537844,1000,1057
537845,1001,1060
537846,1000,1058
537847,1001,1055
537848,1001,1052
537849,996,1055
537850,999,1056
537851,1002,1059
537852,1004,1056
537853,1004,1053
537854,1000,1053
537855,1000,1053
537856,1003,1053
537857,1006,1057
537858,1005,1055
537859,1004,1055
537860,1001,1051
537861,1000,1051
537862,1002,1053
537863,1005,1055
537864,1010,1053
537865,1007,1049
537866,1004,1048
537867,1002,1049
537868,1003,1051
537869,1007,1052
537870,1005,1054
537871,1000,1048
537872,998,1046
537873,994,1048
537874,994,1051
537875,997,1053
537876,995,1052
537877,993,1050
537878,992,1046
537879,993,1050
537880,998,1055
537881,999,1056
537882,1000,1055
537883,998,1053
537884,991,1050
537885,994,1054
537886,995,1056
537887,1001,1057
537888,1001,1058
537889,997,1055
537890,994,1052
537891,992,1053
537892,993,1057
537893,998,1058
537894,997,1054
537895,995,1054
537896,996,1054
537897,994,1054
537898,996,1058
537899,997,1060
537900,998,1055
537901,996,1054
537902,996,1049
537903,996,1051
537904,999,1053
537905,1004,1055
537906,1003,1054
537907,999,1052
537908,996,1052
537909,995,1054
537910,997,1056
537911,998,1059
537912,999,1058
537913,992,1054
537914,992,1052
537915,990,1053
537916,995,1057
537917,998,1059
537918,1001,1056
537919,997,1053
537920,992,1050
537921,994,1053
537922,995,1056
537923,994,1056
537924,996,1052
537925,994,1053
537926,992,1050
537927,992,1051
537928,995,1054
537929,999,1058
537930,999,1055
537931,998,1052
537932,995,1049
537933,994,1051
537934,995,1054
537935,998,1056
537936,999,1055
537937,999,1052
537938,994,1051
537939,990,1052
537940,991,1053
537941,994,1055
537942,994,1053
537943,994,1050
537944,991,1049
537945,992,1047
537946,993,1053
537947,993,1053
537948,994,1050
537949,993,1048
537950,991,1048
537951,992,1048
537952,994,1052
537953,1000,1053
537954,998,1050
537955,995,1050
537956,992,1048
537957,990,1050
537958,992,1053
537959,996,1056
537960,997,1054
537961,998,1050
537962,992,1049
537963,991,1054
537964,991,1055
537965,994,1057
537966,994,1055
537967,992,1054
537968,988,1052
537969,988,1053
537970,990,1057
537971,995,1058
537972,995,1057
537973,993,1054
537974,994,1054
537975,995,1054
537976,991,1056
537977,995,1059
537978,995,1057
537979,991,1055
537980,992,1050
537981,992,1052
537982,995,1055
537983,995,1055
537984,1000,1054
537985,997,1049
537986,996,1051
537987,993,1050
537988,995,1052
537989,995,1055
537990,997,1051
537991,995,1048
537992,994,1048
537993,994,1048
537994,992,1051
537995,993,1052
537996,992,1050
537997,990,1047
537998,987,1046
537999,988,1049
538000,992,1054
538001,993,1053
538002,989,1053
538003,985,1050
538004,984,1046
538005,986,1047
538006,990,1052
538007,993,1052
538008,994,1051
538009,994,1049
538010,993,1047
538011,992,1046
538012,999,1049
538013,1003,1047
538014,1009,1045
538015,1017,1040
538016,1026,1036
538017,1038,1036
538018,1059,1034
538019,1089,1032
538020,1121,1026
538021,1156,1015
538022,1194,1011
538023,1237,1013
538024,1275,1020
538025,1302,1033
538026,1302,1045
538027,1268,1047
538028,1211,1049
538029,1147,1056
538030,1089,1067
538031,1035,1076
538032,996,1079
538033,979,1075
538034,981,1071
538035,994,1067
538036,1008,1061
538037,1010,1058
538038,1006,1054
538039,998,1048
538040,987,1047
538041,984,1048
538042,982,1051
538043,980,1052
538044,976,1050
538045,972,1049
538046,971,1047
538047,972,1048
538048,973,1053
538049,972,1053
538050,969,1052
538051,966,1050
538052,964,1047
538053,964,1052
538054,965,1054
538055,970,1059
538056,971,1055
538057,969,1052
538058,968,1051
538059,966,1054
538060,971,1058
538061,971,1057
538062,974,1056
538063,976,1053
538064,972,1054
538065,972,1053
538066,975,1058
538067,979,1058
538068,978,1057
538069,976,1051
538070,974,1051
538071,973,1052
538072,976,1054
538073,980,1057
538074,981,1054
538075,979,1050
538076,975,1047
538077,974,1046
538078,976,1049
538079,981,1052
538080,984,1048
538081,980,1047
538082,975,1042
538083,975,1044
538084,982,1044
538085,986,1045
538086,987,1041
538087,985,1039
538088,982,1038
538089,982,1038
538090,984,1040
538091,989,1043
538092,989,1039
538093,988,1034
538094,983,1033
538095,983,1033
538096,986,1036
538097,990,1036
538098,991,1034
538099,993,1031
538100,991,1028
538101,992,1030
538102,994,1032
538103,997,1033
538104,1002,1030
538105,1001,1027
538106,1001,1024
538107,1002,1025
538108,1003,1028
538109,1005,1028
538110,1006,1025
538111,1004,1025
538112,1002,1022
538113,1006,1023
538114,1009,1027
538115,1012,1028
538116,1012,1027
538117,1012,1025
538118,1008,1021
538119,1009,1021
538120,1017,1025
538121,1022,1026
538122,1023,1023
538123,1021,1022
538124,1018,1020
538125,1018,1021
538126,1025,1022
538127,1026,1025
538128,1026,1023
538129,1025,1023
538130,1022,1025
538131,1021,1027
538132,1021,1027
538133,1026,1032
538134,1022,1032
538135,1022,1031
538136,1017,1031
538137,1014,1035
538138,1017,1038
538139,1016,1039
538140,1010,1040
538141,1009,1041
538142,1006,1039
538143,1004,1042
538144,1007,1046
538145,1008,1048
538146,1006,1047
538147,1003,1044
538148,1000,1044
538149,1000,1048
538150,999,1048
538151,997,1052
538152,995,1048
538153,993,1046
538154,991,1045
538155,986,1047
538156,990,1048
538157,991,1051
538158,991,1051
538159,991,1046
538160,989,1047
538161,990,1047
538162,990,1050
538163,993,1051
538164,994,1051
538165,991,1045
538166,989,1045
538167,991,1048
538168,989,1049
538169,993,1052
538170,994,1050
538171,995,1046
538172,989,1043
538173,991,1044
538174,995,1049
538175,1000,1050
538176,1000,1047
538177,996,1042
538178,996,1041
538179,996,1042
538180,998,1044
538181,1002,1047
538182,1002,1047
538183,1001,1042
538184,996,1042
538185,996,1044
538186,999,1045
538187,1003,1047
538188,1002,1045
538189,999,1043
538190,994,1039
538191,996,1044
538192,999,1044
538193,1002,1046
538194,1000,1046
538195,998,1043
538196,991,1044
538197,995,1044
538198,997,1045
538199,999,1048
538200,998,1047
538201,998,1043
538202,994,1042
538203,993,1044
538204,989,1044
538205,994,1044
538206,992,1047
538207,990,1045
538208,990,1043
538209,989,1044
538210,995,1047
538211,995,1050
538212,994,1047
538213,989,1044
538214,989,1043
538215,988,1046
538216,991,1047
538217,990,1049
538218,991,1048
538219,989,1046
538220,987,1046
538221,987,1048
538222,990,1050
538223,995,1049
538224,994,1051
538225,992,1044
538226,990,1045
538227,989,1048
538228,993,1049
538229,993,1050
538230,997,1049
538231,996,1047
538232,994,1047
538233,992,1046
538234,995,1049
538235,997,1051
538236,1002,1048
538237,999,1045
538238,993,1043
538239,995,1044
538240,996,1048
538241,999,1045
538242,1002,1045
538243,1001,1043
538244,998,1042
538245,998,1042
538246,1000,1045
538247,1002,1047
538248,1003,1044
538249,1001,1041
538250,1000,1041
538251,999,1044
538252,1000,1045
538253,1002,1046
538254,1004,1043
538255,1006,1040
538256,1011,1039
538257,1024,1038
538258,1036,1039
538259,1051,1040
538260,1075,1036
538261,1103,1030
538262,1134,1022
538263,1170,1019
538264,1214,1020
538265,1258,1022
538266,1292,1029
538267,1310,1039
538268,1297,1047
538269,1266,1051
538270,1213,1054
538271,1156,1063
538272,1089,1067
538273,1026,1075
538274,978,1079
538275,961,1086
538276,969,1084
538277,985,1076
538278,992,1070
538279,995,1057
538280,996,1052
538281,995,1051
538282,995,1051
538283,992,1052
538284,987,1050
538285,989,1047
538286,986,1043
538287,986,1045
538288,985,1046
538289,988,1049
538290,987,1050
538291,984,1045
538292,981,1043
538293,981,1046
538294,981,1047
538295,983,1048
538296,982,1047
538297,981,1046
538298,976,1043
538299,973,1046
538300,977,1046
538301,978,1050
538302,978,1047
538303,977,1046
538304,976,1045
538305,974,1048
538306,979,1050
538307,982,1050
538308,983,1047
538309,976,1044
538310,976,1044
538311,978,1046
538312,984,1047
538313,986,1046
538314,982,1046
538315,984,1042
538316,981,1040
538317,981,1041
538318,985,1044
538319,984,1046
538320,987,1042
538321,985,1040
538322,981,1038
538323,983,1040
538324,982,1041
538325,982,1041
538326,988,1039
538327,985,1037
538328,982,1033
538329,987,1034
538330,989,1035
538331,992,1034
538332,994,1033
538333,991,1032
538334,994,1028
538335,993,1029
538336,997,1030
538337,1002,1030
538338,1000,1026
538339,997,1023
538340,997,1023
538341,999,1023
538342,1003,1025
538343,1006,1025
538344,1006,1023
538345,1006,1018
538346,1002,1017
538347,1004,1016
538348,1006,1020
538349,1010,1020
538350,1013,1015
538351,1010,1011
538352,1008,1010
538353,1011,1012
538354,1016,1014
538355,1022,1014
538356,1019,1013
538357,1019,1009
538358,1021,1009
538359,1019,1011
538360,1025,1013
538361,1028,1014
538362,1028,1015
538363,1026,1010
538364,1022,1012
538365,1021,1015
538366,1026,1021
538367,1026,1025
538368,1025,1025
538369,1023,1026
538370,1020,1026
538371,1023,1030
538372,1023,1032
538373,1024,1036
538374,1020,1038
538375,1015,1036
538376,1010,1038
538377,1008,1040
538378,1010,1042
538379,1012,1043
538380,1009,1045
538381,1008,1043
538382,1005,1041
538383,1004,1045
538384,1005,1046
538385,1006,1049
538386,1005,1046
538387,999,1046
538388,997,1046
538389,997,1048
538390,1002,1051
538391,1006,1052
538392,1004,1049
538393,1001,1048
538394,999,1047
538395,996,1050
538396,999,1051
538397,1003,1054
538398,1002,1050
538399,1001,1048
538400,996,1048
538401,999,1047
538402,1000,1050
538403,1002,1052
538404,999,1049
538405,999,1046
538406,997,1044
538407,997,1048
538408,1002,1050
538409,1003,1054
538410,1000,1049
538411,1002,1048
538412,998,1048
538413,999,1050
538414,1000,1054
538415,1004,1055
538416,1003,1050
538417,1001,1048
538418,1001,1047
538419,998,1047
538420,1000,1052
538421,1002,1054
538422,1000,1054
538423,1001,1050
538424,998,1047
538425,1001,1048
538426,1004,1052
538427,1008,1052
538428,1005,1048
538429,1003,1049
538430,997,1046
538431,993,1048
538432,998,1052
538433,1005,1054
538434,1005,1050
538435,1005,1049
538436,999,1048
538437,999,1050
538438,1000,1052
538439,1005,1054
538440,1001,1053
538441,1001,1050
538442,998,1049
538443,999,1049
538444,1002,1051
538445,1005,1055
538446,1001,1053
538447,1001,1047
538448,995,1046
538449,995,1048
538450,999,1052
538451,1004,1055
538452,1004,1052
538453,1001,1049
538454,997,1048
538455,997,1047
538456,997,1053
538457,1000,1051
538458,1003,1052
538459,1002,1048
538460,998,1045
538461,995,1049
538462,998,1049
538463,1003,1055
538464,1000,1050
538465,997,1049
538466,995,1048
538467,994,1050
538468,995,1053
538469,1001,1054
538470,999,1052
538471,1000,1049
538472,997,1047
538473,998,1051
538474,1002,1052
538475,1005,1053
538476,1000,1051
538477,999,1049
538478,997,1047
538479,998,1047
538480,1001,1050
538481,1001,1052
538482,1000,1048
538483,1000,1047
538484,999,1045
538485,999,1046
538486,1001,1049
538487,1003,1053
538488,1004,1051
538489,1002,1047
538490,999,1047
538491,998,1048
538492,1001,1050
538493,1006,1051
538494,1002,1051
538495,1003,1048
538496,999,1048
538497,999,1050
538498,999,1054
538499,1004,1055
538500,1004,1051
538501,1002,1048
538502,1001,1047
538503,1002,1050
538504,1005,1053
538505,1005,1052
538506,1004,1051
538507,1002,1051
538508,1001,1050
538509,1000,1053
538510,1001,1056
538511,1004,1055
538512,1005,1052
538513,1003,1049
538514,1001,1049
538515,1001,1048
538516,1003,1048
538517,1007,1051
538518,1009,1051
538519,1005,1047
538520,1000,1048
538521,1000,1047
538522,1002,1050
538523,1010,1051
538524,1011,1048
538525,1012,1044
538526,1012,1039
538527,1019,1040
538528,1032,1037
538529,1047,1039
538530,1063,1032
538531,1080,1025
538532,1105,1017
538533,1137,1007
538534,1175,1000
538535,1217,993
538536,1258,987
538537,1292,991
538538,1311,1003
538539,1309,1018
538540,1285,1031
538541,1242,1037
538542,1183,1047
538543,1127,1057
538544,1070,1066
538545,1024,1077
538546,1002,1085
538547,1000,1082
538548,1008,1075
538549,1016,1063
538550,1015,1055
538551,1014,1052
538552,1014,1054
538553,1012,1055
538554,1006,1051
538555,1001,1050
538556,999,1047
538557,991,1051
538558,993,1051
538559,994,1051
538560,994,1049
538561,990,1046
538562,987,1044
538563,986,1046
538564,986,1047
538565,989,1051
538566,985,1047
538567,981,1044
538568,980,1045
538569,980,1048
538570,983,1048
538571,987,1050
538572,985,1047
538573,982,1045
538574,977,1044
538575,979,1047
538576,982,1048
538577,984,1052
538578,981,1049
538579,979,1049
538580,976,1047
538581,978,1052
538582,981,1052
538583,985,1053
538584,985,1055
538585,981,1052
538586,981,1050
538587,980,1052
538588,984,1053
538589,987,1054
538590,985,1050
538591,984,1050
538592,982,1047
538593,983,1050
538594,988,1053
538595,991,1051
538596,992,1051
538597,990,1046
538598,986,1045
538599,989,1045
538600,993,1046
538601,997,1047
538602,999,1041
538603,996,1039
538604,995,1037
538605,996,1037
538606,998,1037
538607,1000,1040
538608,1003,1033
538609,1002,1031
538610,1002,1029
538611,1001,1032
538612,1008,1031
538613,1007,1031
538614,1009,1029
538615,1011,1025
538616,1005,1024
538617,1007,1026
538618,1012,1028
538619,1013,1028
538620,1016,1026
538621,1016,1023
538622,1015,1021
538623,1015,1023
538624,1018,1024
538625,1021,1025
538626,1021,1023
538627,1020,1020
538628,1018,1019
538629,1019,1019
538630,1018,1024
538631,1026,1026
538632,1025,1021
538633,1023,1019
538634,1022,1017
538635,1026,1017
538636,1028,1021
538637,1033,1022
538638,1035,1021
538639,1033,1018
538640,1034,1017
538641,1033,1021
538642,1037,1023
538643,1041,1024
538644,1039,1022
538645,1037,1021
538646,1031,1021
538647,1035,1023
538648,1036,1027
538649,1038,1029
538650,1036,1029
538651,1032,1028
538652,1027,1026
538653,1026,1035
538654,1023,1040
538655,1023,1040
538656,1021,1039
538657,1020,1035
538658,1017,1037
538659,1018,1038
538660,1017,1042
538661,1017,1040
538662,1016,1043
538663,1011,1043
538664,1007,1041
538665,1007,1045
538666,1011,1049
538667,1011,1052
538668,1010,1050
538669,1009,1048
538670,1005,1047
538671,1005,1047
538672,1006,1050
538673,1012,1050
538674,1010,1048
538675,1008,1046
538676,1002,1047
538677,1003,1049
538678,1005,1054
538679,1009,1053
538680,1011,1052
538681,1009,1050
538682,1004,1051
538683,1005,1049
538684,1007,1051
538685,1007,1053
538686,1005,1050
538687,1007,1047
538688,1008,1046
538689,1009,1048
538690,1011,1049
538691,1014,1047
538692,1011,1046
538693,1012,1044
538694,1009,1042
538695,1008,1044
538696,1012,1047
538697,1015,1046
538698,1017,1044
538699,1011,1039
538700,1008,1040
538701,1009,1040
538702,1012,1044
538703,1011,1043
538704,1011,1044
538705,1006,1043
538706,1005,1039
538707,1004,1041
538708,1006,1043
538709,1011,1046
538710,1009,1045
538711,1006,1046
538712,1003,1045
538713,1001,1045
538714,1005,1048
538715,1011,1049
538716,1010,1047
538717,1009,1046
538718,1006,1046
538719,1004,1047
538720,1008,1053
538721,1010,1051
538722,1009,1051
538723,1010,1047
538724,1007,1041
538725,1007,1046
538726,1009,1047
538727,1009,1050
538728,1008,1049
538729,1006,1046
538730,1003,1044
538731,1002,1048
538732,1004,1051
538733,1009,1052
538734,1008,1051
538735,1008,1044
538736,1003,1045
538737,1003,1047
538738,1007,1052
538739,1011,1051
538740,1009,1049
538741,1005,1047
538742,1003,1045
538743,1005,1046
538744,1006,1049
538745,1007,1050
538746,1007,1049
538747,1001,1045
538748,1005,1045
538749,1004,1046
538750,1006,1048
538751,1007,1049
538752,1007,1049
538753,1005,1046
538754,999,1046
538755,1001,1048
538756,1003,1052
538757,1005,1049
538758,1006,1047
538759,1003,1045
538760,1001,1045
538761,1000,1047
538762,1001,1050
538763,1005,1052
538764,1002,1051
538765,1005,1046
538766,1001,1046
538767,1000,1049
538768,1002,1051
538769,1004,1051
538770,1004,1050
538771,998,1050
538772,998,1048
538773,997,1051
538774,998,1053
538775,1004,1054
538776,1003,1049
538777,999,1048
538778,996,1046
538779,996,1047
538780,996,1049
538781,1002,1049
538782,1004,1045
538783,1004,1042
538784,1005,1042
538785,1000,1043
538786,1006,1046
538787,1008,1047
538788,1008,1046
538789,1003,1046
538790,1003,1042
538791,1003,1044
538792,1005,1045
538793,1008,1045
538794,1006,1045
538795,1003,1040
538796,1000,1040
538797,999,1044
538798,999,1045
538799,1004,1046
538800,1003,1045
538801,1001,1043
538802,998,1044
538803,1000,1044
538804,1003,1048
538805,1005,1049
538806,1004,1048
538807,999,1045
538808,1002,1042
538809,1002,1045
538810,1005,1048
538811,1005,1049
538812,1007,1045
538813,1003,1044
538814,1000,1045
538815,1002,1046
538816,1006,1048
538817,1009,1048
538818,1009,1045
538819,1006,1044
538820,1001,1044
538821,1002,1044
538822,1005,1048
538823,1011,1050
538824,1010,1046
538825,1009,1045
538826,1010,1040
538827,1013,1038
538828,1017,1039
538829,1028,1038
538830,1039,1033
538831,1053,1027
538832,1068,1022
538833,1092,1019
538834,1120,1013
538835,1156,1003
538836,1191,987
538837,1224,975
538838,1253,970
538839,1285,978
538840,1306,996
538841,1306,1016
538842,1277,1027
538843,1227,1031
538844,1170,1040
538845,1116,1056
538846,1072,1066
538847,1031,1073
538848,1009,1075
538849,1002,1071
538850,1005,1067
538851,1013,1060
538852,1019,1053
538853,1021,1048
538854,1015,1044
538855,1008,1044
538856,1001,1043
538857,997,1044
538858,997,1047
538859,999,1050
538860,991,1045
538861,987,1044
538862,985,1042
538863,985,1045
538864,985,1048
538865,986,1051
538866,984,1050
538867,980,1049
538868,980,1046
538869,977,1051
538870,981,1053
538871,984,1052
538872,983,1050
538873,979,1046
538874,977,1044
538875,976,1044
538876,983,1049
538877,982,1049
538878,980,1045
538879,979,1042
538880,977,1042
538881,979,1044
538882,981,1046
538883,985,1047
538884,983,1042
538885,983,1042
538886,979,1041
538887,979,1045
538888,982,1048
538889,987,1048
538890,985,1046
538891,983,1042
538892,981,1043
538893,980,1042
538894,985,1046
538895,989,1046
538896,991,1043
538897,986,1043
538898,983,1041
538899,984,1044
538900,985,1045
538901,987,1046
538902,989,1042
538903,986,1041
538904,985,1037
538905,987,1040
538906,990,1039
538907,993,1040
538908,992,1038
538909,991,1035
538910,985,1031
538911,990,1032
538912,993,1035
538913,997,1034
538914,995,1032
538915,993,1027
538916,993,1026
538917,993,1027
538918,996,1029
538919,1001,1029
538920,1002,1027
538921,998,1023
538922,999,1024
538923,1000,1023
538924,1002,1026
538925,1004,1026
538926,1008,1020
538927,1009,1016
538928,1008,1016
538929,1010,1014
538930,1012,1021
538931,1017,1017
538932,1017,1018
538933,1013,1016
538934,1015,1015
538935,1014,1018
538936,1018,1019
538937,1021,1018
538938,1020,1019
538939,1019,1014
538940,1016,1014
538941,1017,1017
538942,1022,1017
538943,1025,1016
538944,1029,1016
538945,1026,1016
538946,1025,1014
538947,1026,1015
538948,1029,1017
538949,1031,1017
538950,1030,1018
538951,1028,1016
538952,1026,1016
538953,1024,1019
538954,1027,1022
538955,1030,1024
538956,1027,1025
538957,1023,1021
538958,1020,1019
538959,1022,1025
538960,1021,1029
538961,1023,1030
538962,1019,1030
538963,1014,1029
538964,1009,1028
538965,1008,1031
538966,1009,1034
538967,1008,1036
538968,1009,1035
538969,1004,1029
538970,1002,1031
538971,1002,1038
538972,1006,1040
538973,1008,1037
538974,1002,1037
538975,1003,1034
538976,999,1036
538977,999,1037
538978,1001,1039
538979,1003,1041
538980,1003,1039
538981,1001,1035
538982,998,1037
538983,999,1038
538984,998,1039
538985,1001,1042
538986,998,1040
538987,994,1037
538988,995,1036
538989,996,1037
538990,1001,1040
538991,1006,1039
538992,1006,1037
538993,1002,1035
538994,1001,1036
538995,999,1037
538996,1002,1038
538997,1003,1040
538998,1005,1040
538999,1000,1037
539000,997,1038
539001,995,1040
539002,1000,1040
539003,1002,1041
539004,1003,1040
539005,998,1037
539006,996,1037
539007,996,1040
539008,1000,1041
539009,1002,1043
539010,1001,1040
539011,997,1037
539012,994,1038
539013,995,1043
539014,998,1043
539015,1001,1046
539016,999,1045
539017,997,1043
539018,996,1041
539019,996,1039
539020,997,1042
539021,1003,1040
539022,1003,1040
539023,999,1039
539024,998,1036
539025,997,1040
539026,997,1040
539027,1000,1041
539028,999,1040
539029,996,1038
539030,992,1038
539031,994,1039
539032,996,1040
539033,999,1043
539034,999,1040
539035,996,1036
539036,990,1038
539037,993,1039
539038,993,1043
539039,996,1045
539040,995,1043
539041,992,1040
539042,989,1040
539043,991,1041
539044,994,1044
539045,993,1046
539046,993,1043
539047,993,1042
539048,990,1042
539049,988,1043
539050,992,1046
539051,995,1049
539052,992,1045
539053,986,1044
539054,986,1044
539055,988,1044
539056,989,1046
539057,992,1047
539058,991,1046
539059,989,1044
539060,989,1042
539061,986,1043
539062,989,1043
539063,996,1042
539064,994,1040
539065,994,1036
539066,992,1036
539067,994,1036
539068,993,1039
539069,995,1038
539070,999,1037
539071,999,1034
539072,996,1034
539073,997,1036
539074,999,1039
539075,1001,1038
539076,1003,1037
539077,999,1034
539078,996,1032
539079,995,1036
539080,1000,1037
539081,1004,1037
539082,1003,1034
539083,1005,1032
539084,1006,1031
539085,1009,1028
539086,1023,1028
539087,1037,1029
539088,1049,1023
539089,1073,1021
539090,1094,1014
539091,1126,1004
539092,1163,992
539093,1207,984
539094,1242,978
539095,1270,979
539096,1286,994
539097,1284,1013
539098,1256,1024
539099,1214,1031
539100,1159,1038
539101,1102,1054
539102,1046,1067
539103,1004,1079
539104,985,1086
539105,989,1085
539106,995,1078
539107,1001,1062
539108,1004,1053
539109,1002,1046
539110,999,1045
539111,1001,1044
539112,1000,1042
539113,995,1040
539114,989,1036
539115,987,1042
539116,986,1043
539117,988,1043
539118,987,1041
539119,979,1040
539120,978,1039
539121,978,1042
539122,979,1044
539123,981,1043
539124,981,1042
539125,975,1041
539126,974,1039
539127,974,1039
539128,977,1042
539129,979,1046
539130,977,1045
539131,974,1042
539132,974,1042
539133,972,1043
539134,975,1048
539135,980,1048
539136,978,1046
539137,979,1044
539138,976,1044
539139,972,1046
539140,975,1048
539141,977,1049
539142,976,1049
539143,974,1046
539144,971,1046
539145,971,1047
539146,974,1050
539147,977,1055
539148,975,1051
539149,976,1051
539150,974,1051
539151,975,1052
539152,977,1053
539153,980,1051
539154,981,1045
539155,980,1040
539156,977,1038
539157,976,1036
539158,978,1038
539159,983,1039
539160,985,1035
539161,984,1034
539162,985,1031
539163,984,1030
539164,987,1030
539165,990,1031
539166,990,1029
539167,987,1025
539168,988,1022
539169,990,1024
539170,995,1023
539171,995,1023
539172,997,1022
539173,995,1018
539174,995,1015
539175,995,1016
539176,1000,1017
539177,1003,1016
539178,1001,1014
539179,999,1009
539180,997,1008
539181,1002,1009
539182,1000,1011
539183,1005,1012
539184,1006,1009
539185,1005,1007
539186,1005,1004
539187,1005,1005
539188,1010,1009
539189,1013,1006
539190,1014,1006
539191,1012,1003
539192,1009,1002
539193,1012,1005
539194,1014,1009
539195,1020,1009
539196,1017,1005
539197,1017,1003
539198,1014,1004
539199,1016,1007
539200,1021,1011
539201,1023,1014
539202,1026,1012
539203,1023,1010
539204,1019,1011
539205,1018,1012
539206,1020,1015
539207,1020,1013
539208,1018,1015
539209,1013,1011
539210,1011,1015
539211,1011,1020
539212,1010,1024
539213,1011,1024
539214,1013,1025
539215,1009,1024
539216,1004,1024
539217,1001,1028
539218,1004,1033
539219,1008,1036
539220,1007,1037
539221,1004,1032
539222,999,1033
539223,1000,1037
539224,998,1039
539225,1000,1041
539226,1001,1041
539227,995,1041
539228,992,1040
539229,993,1042
539230,994,1047
539231,998,1044
539232,996,1045
539233,991,1041
539234,989,1041
539235,988,1048
539236,993,1046
539237,996,1049
539238,994,1046
539239,993,1045
539240,991,1047
539241,992,1048
539242,993,1051
539243,998,1053
539244,997,1050
539245,997,1049
539246,995,1048
539247,994,1048
539248,996,1051
539249,1000,1050
539250,1001,1050
539251,998,1047
539252,992,1047
539253,992,1048
539254,998,1051
539255,999,1051
539256,997,1045
539257,998,1041
539258,994,1041
539259,993,1042
539260,993,1042
539261,991,1043
539262,995,1039
539263,995,1034
539264,988,1035
539265,988,1034
539266,993,1038
539267,995,1039
539268,993,1036
539269,990,1036
539270,987,1034
539271,990,1038
539272,993,1039
539273,994,1041
539274,990,1041
539275,990,1035
539276,990,1036
539277,989,1040
539278,990,1041
539279,994,1043
539280,992,1039
539281,991,1036
539282,988,1040
539283,985,1040
539284,989,1043
539285,989,1045
539286,989,1042
539287,988,1040
539288,986,1039
539289,989,1044
539290,992,1045
539291,997,1048
539292,994,1045
539293,992,1043
539294,990,1042
539295,990,1045
539296,995,1045
539297,999,1047
539298,998,1046
539299,994,1042
539300,993,1043
539301,992,1045
539302,994,1047
539303,997,1048
539304,996,1049
539305,994,1048
539306,990,1046
539307,989,1049
539308,992,1050
539309,996,1049
539310,996,1048
539311,993,1044
539312,991,1044
539313,989,1043
539314,992,1045
539315,996,1049
539316,991,1043
539317,991,1042
539318,988,1039
539319,986,1044
539320,991,1047
539321,996,1046
539322,994,1044
539323,991,1041
539324,988,1044
539325,989,1043
539326,993,1048
539327,996,1044
539328,995,1047
539329,992,1044
539330,988,1043
539331,989,1044
539332,993,1047
539333,994,1050
539334,993,1050
539335,992,1047
539336,991,1046
539337,991,1048
539338,990,1049
539339,992,1052
539340,993,1048
539341,988,1049
539342,988,1046
539343,988,1049
539344,991,1049
539345,996,1050
539346,993,1050
539347,990,1047
539348,991,1044
539349,990,1045
539350,989,1048
539351,996,1049
539352,995,1046
539353,993,1044
539354,989,1044
539355,990,1048
539356,993,1051
539357,996,1050
539358,994,1048
539359,993,1044
539360,990,1040
539361,990,1040
539362,994,1046
539363,997,1046
539364,998,1042
539365,996,1040
539366,990,1036
539367,993,1038
539368,992,1042
539369,993,1042
539370,997,1039
539371,993,1035
539372,992,1038
539373,992,1040
539374,994,1043
539375,996,1042
539376,992,1042
539377,990,1036
539378,991,1036
539379,990,1039
539380,992,1041
539381,996,1040
539382,993,1040
539383,991,1039
539384,990,1038
539385,987,1040
539386,992,1042
539387,995,1043
539388,995,1041
539389,992,1041
539390,991,1040
539391,993,1045
539392,995,1046
539393,997,1046
539394,996,1045
539395,992,1042
539396,991,1044
539397,992,1044
539398,995,1046
539399,1001,1048
539400,999,1046
539401,995,1044
539402,991,1047
539403,993,1047
539404,993,1052
539405,1001,1054
539406,999,1052
539407,994,1047
539408,994,1047
539409,997,1048
539410,998,1049
539411,1003,1051
539412,998,1050
539413,999,1047
539414,999,1045
539415,999,1047
539416,1002,1047
539417,1006,1047
539418,1005,1043
539419,1005,1041
539420,1005,1042
539421,1007,1043
539422,1009,1045
539423,1011,1044
539424,1010,1041
539425,1009,1037
539426,1008,1034
539427,1014,1034
539428,1019,1036
539429,1032,1033
539430,1044,1029
539431,1053,1024
539432,1072,1021
539433,1094,1018
539434,1124,1009
539435,1155,998
539436,1186,983
539437,1210,972
539438,1238,970
539439,1268,975
539440,1289,987
539441,1293,1007
539442,1270,1019
539443,1229,1020
539444,1176,1029
539445,1127,1042
539446,1084,1057
539447,1044,1065
539448,1014,1073
539449,1000,1072
539450,996,1069
539451,1002,1065
539452,1012,1057
539453,1015,1048
539454,1010,1045
539455,1003,1042
539456,996,1042
539457,996,1044
539458,996,1046
539459,996,1048
539460,993,1046
539461,990,1042
539462,986,1041
539463,985,1045
539464,985,1045
539465,988,1048
539466,989,1044
539467,984,1043
539468,984,1043
539469,982,1043
539470,984,1048
539471,985,1047
539472,984,1046
539473,982,1044
539474,979,1043
539475,980,1045
539476,981,1048
539477,984,1046
539478,984,1046
539479,979,1040
539480,978,1042
539481,976,1043
539482,982,1044
539483,982,1045
539484,982,1042
539485,979,1040
539486,976,1042
539487,978,1045
539488,980,1045
539489,982,1045
539490,979,1044
539491,980,1042
539492,977,1044
539493,978,1045
539494,979,1050
539495,985,1050
539496,984,1049
539497,984,1046
539498,979,1045
539499,979,1046
539500,980,1048
539501,985,1050
539502,986,1046
539503,983,1043
539504,983,1045
539505,983,1046
539506,987,1046
539507,992,1048
539508,993,1045
539509,991,1041
539510,991,1042
539511,990,1043
539512,994,1043
539513,995,1041
539514,996,1038
539515,995,1034
539516,994,1035
539517,999,1037
539518,1002,1038
539519,1007,1037
539520,1007,1033
539521,1003,1028
539522,1001,1025
539523,1005,1028
539524,1007,1026
539525,1009,1025
539526,1010,1023
539527,1009,1019
539528,1010,1018
539529,1011,1016
539530,1011,1019
539531,1017,1016
539532,1015,1014
539533,1013,1011
539534,1012,1009
539535,1011,1012
539536,1015,1013
539537,1018,1012
539538,1016,1010
539539,1012,1007
539540,1013,1008
539541,1015,1010
539542,1018,1015
539543,1023,1014
539544,1026,1011
539545,1025,1008
539546,1025,1005
539547,1028,1008
539548,1029,1014
539549,1032,1014
539550,1035,1013
539551,1032,1012
539552,1032,1010
539553,1031,1014
539554,1033,1017
539555,1035,1021
539556,1035,1020
539557,1029,1019
539558,1028,1020
539559,1028,1024
539560,1029,1028
539561,1030,1033
539562,1032,1030
539563,1028,1030
539564,1023,1031
539565,1022,1031
539566,1024,1035
539567,1025,1036
539568,1022,1035
539569,1018,1031
539570,1013,1032
539571,1010,1036
539572,1011,1041
539573,1013,1038
539574,1012,1038
539575,1008,1036
539576,1007,1035
539577,1004,1038
539578,1004,1039
539579,1008,1040
539580,1006,1039
539581,999,1036
539582,998,1035
539583,998,1038
539584,999,1039
539585,999,1041
539586,1000,1041
539587,997,1038
539588,995,1038
539589,997,1039
539590,1000,1044
539591,1005,1046
539592,999,1045
539593,999,1042
539594,996,1042
539595,999,1041
539596,1001,1044
539597,1004,1043
539598,1003,1043
539599,1001,1038
539600,998,1037
539601,999,1041
539602,1002,1042
539603,1008,1043
539604,1004,1040
539605,1004,1036
539606,1002,1036
539607,1001,1040
539608,1005,1039
539609,1008,1036
539610,1007,1035
539611,1003,1034
539612,1001,1033
539613,1003,1034
539614,1004,1032
539615,1006,1033
539616,1004,1029
539617,1002,1026
539618,1000,1026
539619,1001,1029
539620,1005,1030
539621,1006,1031
539622,1005,1029
539623,1003,1027
539624,1000,1027
539625,999,1029
539626,997,1032
539627,1002,1032
539628,1000,1028
539629,999,1028
539630,998,1027
539631,993,1031
539632,997,1034
539633,998,1035
539634,998,1035
539635,997,1030
539636,994,1031
539637,994,1035
539638,994,1037
539639,997,1037
539640,994,1036
539641,992,1035
539642,990,1034
539643,990,1037
539644,991,1040
539645,993,1040
539646,991,1039
539647,988,1035
539648,988,1035
539649,987,1037
539650,992,1040
539651,997,1037
539652,995,1036
539653,993,1035
539654,988,1032
539655,990,1036
539656,992,1038
539657,996,1039
539658,994,1035
539659,993,1036
539660,991,1034
539661,994,1035
539662,994,1037
539663,999,1037
539664,996,1037
539665,996,1036
539666,993,1033
539667,995,1032
539668,999,1034
539669,1003,1034
539670,1000,1030
539671,996,1027
539672,994,1030
539673,995,1031
539674,998,1035
539675,1000,1035
539676,999,1032
539677,996,1029
539678,995,1030
539679,994,1034
539680,998,1038
539681,1001,1035
539682,1002,1034
539683,999,1031
539684,997,1032
539685,995,1034
539686,997,1037
539687,1002,1036
539688,1000,1035
539689,998,1033
539690,998,1030
539691,1000,1036
539692,1003,1037
539693,1004,1037
539694,1003,1033
539695,1004,1030
539696,1006,1027
539697,1009,1027
539698,1015,1026
539699,1025,1022
539700,1035,1018
539701,1043,1013
539702,1057,1009
539703,1078,1007
539704,1106,999
539705,1137,987
539706,1168,973
539707,1200,967
539708,1231,966
539709,1258,980
539710,1269,1001
539711,1256,1019
539712,1225,1021
539713,1177,1021
539714,1125,1032
539715,1074,1054
539716,1031,1072
539717,1003,1083
539718,990,1085
539719,987,1076
539720,991,1068
539721,996,1057
539722,1003,1050
539723,1008,1044
539724,1003,1036
539725,996,1033
539726,993,1031
539727,992,1036
539728,993,1037
539729,990,1039
539730,987,1035
539731,985,1034
539732,982,1031
539733,984,1036
539734,986,1037
539735,987,1039
539736,983,1038
539737,983,1034
539738,979,1033
539739,982,1035
539740,981,1038
539741,985,1038
539742,983,1035
539743,980,1033
539744,974,1031
539745,977,1033
539746,979,1037
539747,983,1037
539748,979,1036
539749,976,1033
539750,975,1031
539751,975,1032
539752,978,1032
539753,979,1035
539754,978,1033
539755,976,1031
539756,973,1029
539757,972,1029
539758,977,1032
539759,977,1032
539760,977,1029
539761,974,1026
539762,972,1027
539763,975,1026
539764,978,1030
539765,983,1029
539766,980,1027
539767,977,1024
539768,972,1024
539769,973,1023
539770,974,1027
539771,981,1026
539772,979,1023
539773,980,1023
539774,980,1022
539775,983,1022
539776,984,1020
539777,987,1020
539778,988,1019
539779,987,1014
539780,981,1014
539781,984,1016
539782,988,1013
539783,996,1016
539784,995,1015
539785,997,1009
539786,994,1006
539787,994,1006
539788,993,1008
539789,999,1005
539790,999,1001
539791,998,996
539792,994,994
539793,994,995
539794,994,997
539795,998,995
539796,998,993
539797,996,990
539798,992,989
539799,1000,988
539800,1000,989
539801,1005,989
539802,1004,986
539803,1003,980
539804,1001,981
539805,1001,984
539806,1008,988
539807,1010,987
539808,1010,983
539809,1009,980
539810,1006,979
539811,1008,982
539812,1009,987
539813,1012,989
539814,1014,985
539815,1012,985
539816,1010,985
539817,1015,991
539818,1014,993
539819,1017,995
539820,1015,996
539821,1013,998
539822,1009,998
539823,1011,1004
539824,1011,1010
539825,1011,1016
539826,1012,1014
539827,1009,1016
539828,1004,1020
539829,1004,1023
539830,1004,1032
539831,1007,1033
539832,1006,1033
539833,1001,1029
539834,998,1029
539835,997,1032
539836,1000,1037
539837,1001,1038
539838,1001,1035
539839,1001,1034
539840,996,1031
539841,998,1035
539842,999,1037
539843,997,1035
539844,999,1035
539845,998,1033
539846,995,1030
539847,995,1033
539848,993,1036
539849,998,1036
539850,998,1032
539851,997,1031
539852,994,1030
539853,994,1032
539854,995,1034
539855,999,1035
539856,999,1032
539857,998,1029
539858,995,1026
539859,996,1029
539860,997,1031
539861,997,1032
539862,997,1030
539863,993,1025
539864,992,1024
539865,993,1027
539866,998,1029
539867,999,1031
539868,996,1031
539869,997,1025
539870,995,1028
539871,995,1026
539872,995,1030
539873,994,1031
539874,994,1031
539875,993,1030
539876,992,1029
539877,992,1030
539878,996,1033
539879,999,1033
539880,998,1031
539881,998,1027
539882,996,1030
539883,998,1033
539884,1001,1037
539885,1000,1037
539886,1002,1033
539887,1000,1034
539888,997,1031
539889,998,1033
539890,1001,1035
539891,1002,1036
539892,1001,1034
539893,1000,1032
539894,997,1034
539895,996,1035
539896,1002,1035
539897,1002,1036
539898,1003,1035
539899,1001,1033
539900,997,1033
539901,996,1035
539902,997,1040
539903,999,1040
539904,996,1035
539905,996,1032
539906,994,1032
539907,997,1033
539908,997,1036
539909,1000,1035
539910,998,1033
539911,996,1029
539912,993,1029
539913,995,1031
539914,996,1036
539915,1001,1033
539916,998,1035
539917,996,1032
539918,993,1032
539919,995,1034
539920,994,1035
539921,997,1041
539922,1000,1037
539923,998,1033
539924,994,1035
539925,996,1036
539926,1002,1038
539927,1002,1039
539928,1001,1040
539929,998,1038
539930,999,1037
539931,1000,1037
539932,1004,1043
539933,1006,1041
539934,1002,1039
539935,1002,1035
539936,998,1035
539937,1002,1037
539938,1008,1039
539939,1011,1038
539940,1012,1034
539941,1012,1033
539942,1011,1031
539943,1016,1031
539944,1022,1031
539945,1032,1027
539946,1042,1023
539947,1050,1018
539948,1068,1016
539949,1089,1012
539950,1121,1008
539951,1155,996
539952,1191,983
539953,1222,977
539954,1254,979
539955,1279,996
539956,1292,1019
539957,1287,1031
539958,1255,1036
539959,1211,1035
539960,1156,1045
539961,1096,1062
539962,1047,1080
539963,1010,1093
539964,989,1098
539965,989,1089
539966,994,1075
539967,1000,1064
539968,1005,1058
539969,1008,1050
539970,1006,1044
539971,1002,1042
539972,995,1041
539973,995,1044
539974,998,1047
539975,996,1046
539976,995,1045
539977,991,1045
539978,991,1043
539979,990,1045
539980,990,1050
539981,992,1047
539982,988,1045
539983,985,1042
539984,986,1042
539985,984,1044
539986,987,1046
539987,989,1047
539988,989,1045
539989,987,1044
539990,983,1044
539991,985,1047
539992,988,1048
539993,991,1046
539994,990,1043
539995,988,1042
539996,985,1042
539997,984,1043
539998,990,1046
539999,992,1047
540000,991,1046
540001,988,1042
540002,987,1042
540003,988,1044
540004,989,1047
540005,991,1046
540006,992,1044
540007,991,1041
540008,988,1040
540009,988,1040
540010,989,1044
540011,995,1043
540012,993,1039
540013,995,1036
540014,992,1035
540015,992,1035
540016,995,1040
540017,997,1037
540018,999,1033
540019,999,1028
540020,994,1026
540021,996,1026
540022,998,1026
540023,1001,1025
540024,1002,1022
540025,998,1016
540026,997,1015
540027,999,1016
540028,1003,1017
540029,1006,1015
540030,1006,1012
540031,1005,1009
540032,1004,1009
540033,1002,1008
540034,1007,1011
540035,1009,1009
540036,1010,1007
540037,1009,1004
540038,1004,1005
540039,1007,1006
540040,1009,1007
540041,1011,1006
540042,1014,1006
540043,1013,1004
540044,1013,1003
540045,1013,1002
540046,1018,1005
540047,1022,1005
540048,1024,1002
540049,1024,1000
540050,1020,1001
540051,1022,1002
540052,1027,1005
540053,1031,1004
540054,1032,1004
540055,1031,1003
540056,1028,1002
540057,1033,1008
540058,1034,1010
540059,1038,1014
540060,1038,1015
540061,1034,1015
540062,1034,1017
540063,1033,1024
540064,1036,1026
540065,1037,1028
540066,1035,1024
540067,1030,1025
540068,1026,1026
540069,1023,1030
540070,1025,1035
540071,1026,1037
540072,1024,1036
540073,1021,1035
540074,1016,1038
540075,1014,1043
540076,1016,1045
540077,1016,1048
540078,1012,1045
540079,1012,1043
540080,1007,1043
540081,1010,1047
540082,1010,1047
540083,1010,1050
540084,1007,1047
540085,1006,1048
540086,1003,1047
540087,1004,1049
540088,1005,1051
540089,1009,1051
540090,1005,1050
540091,1003,1045
540092,1002,1049
540093,1004,1052
540094,1008,1052
540095,1011,1052
540096,1009,1050
540097,1008,1045
540098,1005,1048
540099,1004,1048
540100,1007,1046
540101,1010,1047
540102,1010,1046
540103,1006,1045
540104,1008,1041
540105,1008,1042
540106,1010,1044
540107,1011,1046
540108,1013,1045
540109,1011,1041
540110,1010,1040
540111,1013,1042
540112,1012,1042
540113,1017,1042
540114,1014,1041
540115,1014,1039
540116,1011,1040
540117,1011,1043
540118,1014,1045
540119,1015,1045
540120,1012,1045
540121,1009,1042
540122,1005,1040
540123,1007,1042
540124,1008,1044
540125,1011,1045
540126,1008,1041
540127,1005,1041
540128,1003,1044
540129,1006,1045
540130,1009,1048
540131,1010,1048
540132,1007,1047
540133,1002,1044
540134,1006,1046
540135,1003,1046
540136,1007,1050
540137,1008,1048
540138,1008,1048
540139,1004,1047
540140,1002,1045
540141,1002,1050
540142,1006,1052
540143,1009,1053
540144,1008,1051
540145,1005,1049
540146,1001,1046
540147,1001,1049
540148,1008,1052
540149,1004,1051
540150,1005,1049
540151,1006,1045
540152,1006,1045
540153,1006,1045
540154,1004,1051
540155,1008,1051
540156,1006,1051
540157,1004,1050
540158,1002,1047
540159,1002,1049
540160,1005,1054
540161,1006,1053
540162,1006,1051
540163,1006,1048
540164,1005,1048
540165,1006,1050
540166,1007,1054
540167,1010,1052
540168,1012,1052
540169,1007,1048
540170,1005,1051
540171,1006,1053
540172,1009,1054
540173,1012,1052
540174,1009,1052
540175,1005,1049
540176,1006,1049
540177,1006,1051
540178,1008,1052
540179,1010,1053
540180,1012,1051
540181,1011,1050
540182,1009,1049
540183,1012,1051
540184,1012,1053
540185,1017,1053
540186,1017,1049
540187,1017,1044
540188,1020,1043
540189,1022,1042
540190,1031,1041
540191,1045,1038
540192,1056,1036
540193,1071,1031
540194,1093,1030
540195,1122,1023
540196,1157,1013
540197,1194,998
540198,1229,986
540199,1265,981
540200,1288,989
540201,1299,1010
540202,1285,1022
540203,1248,1029
540204,1192,1036
540205,1132,1048
540206,1073,1064
540207,1030,1075
540208,1005,1082
540209,1000,1081
540210,1003,1074
540211,1007,1061
540212,1009,1054
540213,1013,1051
540214,1011,1052
540215,1007,1054
540216,1004,1052
540217,1000,1047
540218,995,1050
540219,995,1052
540220,990,1055
540221,993,1056
540222,992,1052
540223,988,1052
540224,985,1051
540225,986,1054
540226,987,1057
540227,992,1054
540228,987,1054
540229,986,1050
540230,982,1051
540231,981,1051
540232,985,1055
540233,989,1055
540234,988,1055
540235,987,1050
540236,986,1051
540237,986,1055
540238,985,1058
540239,990,1055
540240,988,1055
540241,985,1052
540242,984,1053
540243,984,1054
540244,987,1059
540245,987,1059
540246,982,1056
540247,983,1053
540248,981,1056
540249,982,1054
540250,985,1058
540251,989,1059
540252,988,1057
540253,987,1052
540254,986,1052
540255,987,1051
540256,989,1055
540257,990,1056
540258,990,1051
540259,985,1051
540260,986,1050
540261,989,1052
540262,990,1053
540263,993,1053
540264,994,1050
540265,993,1046
540266,991,1043
540267,994,1047
540268,997,1046
540269,998,1045
540270,1000,1042
540271,999,1038
540272,999,1039
540273,999,1038
540274,1003,1037
540275,1006,1039
540276,1007,1035
540277,1008,1032
540278,1005,1030
540279,1001,1029
540280,1005,1031
540281,1012,1027
540282,1008,1026
540283,1006,1024
540284,1010,1024
540285,1014,1024
540286,1017,1024
540287,1019,1022
540288,1016,1019
540289,1014,1015
540290,1014,1016
540291,1014,1018
540292,1020,1017
540293,1024,1019
540294,1023,1017
540295,1019,1013
540296,1020,1015
540297,1021,1019
540298,1025,1019
540299,1027,1021
540300,1025,1020
540301,1022,1018
540302,1020,1021
540303,1021,1028
540304,1023,1031
540305,1022,1031
540306,1019,1031
540307,1015,1032
540308,1014,1034
540309,1014,1037
540310,1017,1039
540311,1017,1043
540312,1014,1043
540313,1010,1040
540314,1006,1044
540315,1005,1050
540316,1007,1051
540317,1012,1053
540318,1008,1051
540319,1003,1050
540320,1002,1048
540321,1002,1052
540322,1006,1052
540323,1009,1056
540324,1007,1055
540325,1004,1051
540326,1001,1050
540327,999,1054
540328,999,1059
540329,1004,1063
540330,1002,1059
540331,1001,1058
540332,1002,1061
540333,1003,1062
540334,1004,1062
540335,1004,1061
540336,1006,1056
540337,1003,1054
540338,1000,1052
540339,999,1057
540340,999,1057
540341,1006,1058
540342,1002,1054
540343,1002,1049
540344,998,1050
540345,999,1052
540346,999,1054
540347,1002,1057
540348,1002,1054
540349,998,1053
540350,997,1050
540351,998,1051
540352,1003,1054
540353,1003,1053
540354,1001,1054
540355,1002,1048
540356,997,1048
540357,997,1053
540358,1001,1055
540359,1002,1053
540360,1001,1052
540361,998,1050
540362,993,1050
540363,995,1053
540364,998,1056
540365,1002,1055
540366,996,1055
540367,999,1051
540368,993,1052
540369,993,1056
540370,997,1060
540371,998,1059
540372,998,1058
540373,998,1056
540374,996,1057
540375,996,1058
540376,998,1061
540377,1003,1060
540378,1004,1060
540379,999,1056
540380,997,1056
540381,999,1058
540382,1002,1060
540383,1004,1060
540384,1003,1057
540385,998,1055
540386,997,1053
540387,997,1053
540388,1000,1057
540389,1000,1054
540390,1001,1050
540391,996,1049
540392,992,1049
540393,996,1050
540394,996,1053
540395,1000,1052
540396,999,1050
540397,996,1048
540398,993,1049
540399,994,1051
540400,996,1052
540401,999,1052
540402,999,1052
540403,997,1048
540404,990,1050
540405,993,1052
540406,994,1055
540407,998,1054
540408,993,1052
540409,990,1050
540410,989,1049
540411,990,1055
540412,994,1059
540413,997,1057
540414,1000,1056
540415,996,1053
540416,994,1056
540417,994,1058
540418,995,1062
540419,997,1059
540420,997,1059
540421,997,1060
540422,994,1060
540423,995,1064
540424,997,1066
540425,999,1065
540426,997,1061
540427,995,1059
540428,994,1060
540429,995,1062
540430,998,1066
540431,1001,1064
540432,1001,1062
540433,1000,1058
540434,998,1057
540435,1001,1058
540436,1003,1059
540437,1006,1059
540438,1001,1054
540439,997,1053
540440,998,1052
540441,999,1052
540442,1001,1054
540443,1002,1055
540444,1002,1048
540445,996,1047
540446,995,1046
540447,998,1048
540448,999,1050
540449,1006,1048
540450,1003,1047
540451,1003,1043
540452,1001,1045
540453,1003,1047
540454,1006,1051
540455,1009,1050
540456,1009,1051
540457,1009,1046
540458,1007,1049
540459,1008,1050
540460,1009,1051
540461,1014,1049
540462,1021,1043
540463,1027,1040
540464,1037,1039
540465,1053,1040
540466,1074,1037
540467,1100,1031
540468,1132,1018
540469,1156,1001
540470,1184,989
540471,1218,987
540472,1250,990
540473,1275,1000
540474,1282,1021
540475,1265,1032
540476,1222,1042
540477,1175,1054
540478,1125,1071
540479,1079,1085
540480,1035,1089
540481,1008,1090
540482,998,1086
540483,1003,1081
540484,1015,1072
540485,1022,1059
540486,1017,1054
540487,1008,1049
540488,1004,1049
540489,1002,1052
540490,1003,1052
540491,1001,1053
540492,994,1050
540493,991,1050
540494,985,1050
540495,984,1052
540496,988,1055
540497,986,1053
540498,986,1050
540499,984,1047
540500,982,1050
540501,981,1053
540502,984,1055
540503,988,1055
540504,983,1053
540505,982,1052
540506,983,1052
540507,982,1053
540508,982,1056
540509,985,1058
540510,981,1054
540511,979,1053
540512,978,1056
540513,979,1060
540514,985,1061
540515,987,1060
540516,984,1058
540517,983,1056
540518,982,1057
540519,982,1060
540520,985,1061
540521,986,1061
540522,986,1059
540523,985,1059
540524,983,1058
540525,984,1058
540526,985,1059
540527,989,1060
540528,989,1057
540529,987,1052
540530,986,1051
540531,986,1051
540532,990,1052
540533,993,1050
540534,993,1047
540535,992,1044
540536,990,1042
540537,991,1046
540538,995,1044
540539,999,1044
540540,997,1042
540541,995,1040
540542,993,1038
540543,992,1041
540544,998,1041
540545,1002,1039
540546,1002,1038
540547,1000,1035
540548,996,1032
540549,999,1034
540550,1008,1035
540551,1015,1031
540552,1014,1032
540553,1013,1029
540554,1013,1026
540555,1015,1029
540556,1018,1029
540557,1022,1028
540558,1021,1026
540559,1018,1022
540560,1014,1019
540561,1019,1023
540562,1024,1026
540563,1026,1025
540564,1026,1024
540565,1023,1021
540566,1019,1020
540567,1022,1020
540568,1024,1023
540569,1027,1020
540570,1029,1018
540571,1027,1018
540572,1023,1019
540573,1027,1023
540574,1029,1027
540575,1031,1027
540576,1034,1024
540577,1032,1025
540578,1027,1026
540579,1029,1027
540580,1028,1034
540581,1031,1037
540582,1027,1036
540583,1020,1038
540584,1018,1041
540585,1020,1045
540586,1019,1049
540587,1020,1048
540588,1017,1047
540589,1012,1049
540590,1012,1051
540591,1007,1052
540592,1010,1054
540593,1011,1054
540594,1009,1053
540595,1006,1050
540596,1003,1050
540597,1005,1050
540598,1003,1055
540599,1007,1057
540600,1005,1051
540601,1005,1050
540602,1002,1049
540603,999,1051
540604,1002,1055
540605,1006,1052
540606,1005,1052
540607,1006,1047
540608,1004,1050
540609,1003,1051
540610,1006,1051
540611,1006,1051
540612,1008,1047
540613,1004,1045
540614,1004,1044
540615,1003,1045
540616,1006,1050
540617,1008,1047
540618,1006,1046
540619,1002,1044
540620,1000,1047
540621,1001,1048
540622,1004,1051
540623,1008,1050
540624,1008,1049
540625,1004,1049
540626,1003,1047
540627,999,1048
540628,1003,1051
540629,1007,1052
540630,1006,1050
540631,1001,1048
540632,999,1048
540633,1003,1053
540634,1005,1055
540635,1006,1052
540636,1005,1052
540637,1004,1049
540638,999,1047
540639,1001,1053
540640,1004,1054
540641,1003,1054
540642,1001,1050
540643,999,1049
540644,992,1048
540645,995,1052
540646,997,1055
540647,1000,1053
540648,998,1052
540649,996,1046
540650,991,1048
540651,992,1048
540652,996,1051
540653,998,1049
540654,998,1050
540655,995,1045
540656,993,1044
540657,994,1047
540658,998,1052
540659,1000,1049
540660,1001,1048
540661,999,1044
540662,998,1045
540663,998,1050
540664,1002,1052
540665,1003,1054
540666,1002,1054
540667,1002,1051
540668,997,1055
540669,996,1055
540670,1000,1059
540671,1003,1058
540672,1003,1058
540673,1001,1055
540674,997,1058
540675,999,1058
540676,999,1060
540677,1001,1060
540678,1000,1058
540679,1002,1055
540680,999,1053
540681,1000,1053
540682,1003,1059
540683,1004,1059
540684,1003,1056
540685,1000,1055
540686,995,1055
540687,998,1056
540688,1001,1059
540689,1002,1059
540690,1002,1055
540691,999,1054
540692,997,1053
540693,1000,1055
540694,1003,1058
540695,1006,1057
540696,1008,1054
540697,1006,1049
540698,1005,1047
540699,1005,1046
540700,1012,1042
540701,1020,1038
540702,1028,1036
540703,1035,1032
540704,1051,1028
540705,1073,1028
540706,1100,1026
540707,1129,1012
540708,1157,998
540709,1191,987
540710,1220,981
540711,1251,987
540712,1273,1001
540713,1280,1021
540714,1254,1030
540715,1221,1031
540716,1172,1038
540717,1121,1056
540718,1075,1072
540719,1034,1084
540720,1006,1089
540721,994,1083
540722,994,1079
540723,997,1068
540724,1004,1063
540725,1007,1058
540726,1005,1053
540727,997,1052
540728,992,1054
540729,990,1055
540730,991,1061
540731,990,1059
540732,986,1057
540733,981,1057
540734,980,1055
540735,979,1057
540736,980,1060
540737,979,1060
540738,980,1058
540739,979,1057
540740,976,1055
540741,976,1057
540742,981,1058
540743,982,1058
540744,982,1053
540745,982,1049
540746,977,1049
540747,979,1052
540748,982,1054
540749,983,1053
540750,983,1053
540751,979,1050
540752,976,1050
540753,977,1050
540754,979,1056
540755,978,1055
540756,980,1052
540757,977,1050
540758,975,1050
540759,975,1053
540760,978,1057
540761,979,1055
540762,978,1053
540763,976,1049
540764,978,1050
540765,976,1054
540766,981,1054
540767,983,1054
540768,982,1054
540769,983,1050
540770,980,1049
540771,982,1049
540772,985,1050
540773,987,1051
540774,983,1048
540775,980,1045
540776,979,1046
540777,984,1046
540778,986,1048
540779,987,1047
540780,989,1044
540781,987,1042
540782,984,1042
540783,983,1042
540784,989,1047
540785,991,1040
540786,990,1038
540787,985,1037
540788,987,1034
540789,986,1033
540790,991,1035
540791,995,1031
540792,997,1027
540793,995,1022
540794,996,1018
540795,999,1020
540796,1003,1021
540797,1003,1018
540798,1003,1017
540799,999,1013
540800,1000,1013
540801,1003,1014
540802,1004,1017
540803,1007,1015
540804,1006,1013
540805,1004,1008
540806,1005,1011
540807,1005,1011
540808,1007,1015
540809,1010,1015
540810,1009,1011
540811,1008,1009
540812,1007,1010
540813,1009,1013
540814,1012,1017
540815,1012,1017
540816,1014,1017
540817,1009,1016
540818,1009,1017
540819,1012,1020
540820,1013,1025
540821,1019,1024
540822,1013,1026
540823,1009,1027
540824,1008,1029
540825,1006,1037
540826,1007,1039
540827,1007,1042
540828,1005,1041
540829,998,1042
540830,994,1043
540831,994,1049
540832,998,1051
540833,998,1056
540834,997,1053
540835,996,1055
540836,993,1056
540837,995,1060
540838,996,1060
540839,999,1060
540840,996,1059
540841,994,1058
540842,993,1056
540843,994,1055
540844,994,1057
540845,996,1054
540846,997,1054
540847,995,1052
540848,992,1051
540849,994,1053
540850,997,1055
540851,1000,1053
540852,997,1051
540853,997,1046
540854,996,1048
540855,995,1049
540856,998,1051
540857,1002,1049
540858,1002,1047
540859,999,1048
540860,996,1045
540861,995,1049
540862,998,1050
540863,1004,1051
540864,1004,1050
540865,1001,1046
540866,996,1044
540867,998,1047
540868,1002,1049
540869,1003,1049
540870,1000,1049
540871,1000,1046
540872,997,1042
540873,998,1048
540874,999,1049
540875,1004,1050
540876,1002,1050
540877,1002,1046
540878,998,1049
540879,1000,1049
540880,1004,1052
540881,1006,1053
540882,1004,1052
540883,1005,1050
540884,1006,1052
540885,1007,1057
540886,1010,1061
540887,1016,1059
540888,1014,1058
540889,1014,1057
540890,1014,1060
540891,1017,1063
540892,1028,1063
540893,1041,1059
540894,1048,1046
540895,1059,1032
540896,1068,1017
540897,1080,1003
540898,1095,993
540899,1108,979
540900,1121,960
540901,1126,942
540902,1137,923
540903,1153,908
540904,1166,890
540905,1182,866
540906,1190,849
540907,1200,838
540908,1208,827
540909,1217,819
540910,1225,812
540911,1227,805
540912,1228,799
540913,1228,797
540914,1228,797
540915,1228,799
540916,1224,801
540917,1219,799
540918,1210,800
540919,1196,799
540920,1178,808
540921,1163,818
540922,1150,827
540923,1135,837
540924,1119,850
540925,1099,858
540926,1082,873
540927,1077,892
540928,1074,906
540929,1072,922
540930,1068,930
540931,1060,938
540932,1054,945
540933,1056,953
540934,1066,964
540935,1076,970
540936,1082,970
540937,1086,973
540938,1086,974
540939,1074,984
540940,1051,995
540941,1020,1006
540942,992,1022
540943,974,1037
540944,962,1055
540945,960,1073
540946,957,1089
540947,955,1096
540948,947,1098
540949,940,1099
540950,938,1097
540951,934,1105
540952,935,1109
540953,937,1112
540954,933,1112
540955,929,1109
540956,927,1113
540957,923,1116
540958,924,1121
540959,924,1121
540960,922,1120
540961,919,1124
540962,915,1121
540963,912,1127
540964,915,1130
540965,913,1131
540966,915,1131
540967,911,1131
540968,905,1134
540969,903,1137
540970,907,1144
540971,904,1146
540972,904,1147
540973,899,1146
540974,897,1150
540975,896,1157
540976,896,1162
540977,899,1165
540978,897,1164
540979,891,1165
540980,887,1170
540981,886,1170
540982,889,1179
540983,888,1180
540984,883,1179
540985,884,1178
540986,882,1183
540987,881,1184
540988,885,1189
540989,884,1193
540990,880,1192
540991,881,1194
540992,878,1196
540993,881,1203
540994,883,1204
540995,885,1208
540996,882,1209
540997,879,1209
540998,877,1212
540999,880,1216
541000,885,1219
541001,889,1220
541002,887,1220
541003,887,1218
541004,885,1218
541005,889,1220
541006,894,1220
541007,901,1221
541008,900,1217
541009,901,1213
541010,902,1212
541011,904,1211
541012,908,1212
541013,914,1209
541014,916,1204
541015,915,1196
541016,916,1194
541017,920,1193
541018,929,1191
541019,933,1186
541020,935,1179
541021,936,1174
541022,937,1172
541023,940,1171
541024,945,1168
541025,950,1162
541026,949,1155
541027,948,1148
541028,950,1143
541029,954,1138
541030,961,1137
541031,965,1128
541032,965,1119
541033,961,1113
541034,960,1109
541035,962,1105
541036,965,1105
541037,970,1101
541038,965,1095
541039,964,1093
541040,962,1089
541041,966,1088
541042,968,1089
541043,975,1086
541044,974,1083
541045,973,1076
541046,972,1075
541047,973,1074
541048,976,1074
541049,979,1069
541050,980,1067
541051,980,1062
541052,975,1061
541053,977,1063
541054,982,1065
541055,985,1060
541056,981,1057
541057,978,1053
541058,976,1054
541059,976,1054
541060,980,1057
541061,979,1056
541062,981,1055
541063,979,1053
541064,978,1053
541065,979,1054
541066,982,1055
541067,984,1055
541068,983,1049
541069,980,1046
541070,977,1046
541071,977,1045
541072,982,1047
541073,983,1047
541074,983,1044
541075,980,1042
541076,980,1042
541077,981,1044
541078,983,1045
541079,986,1043
541080,983,1040
541081,980,1036
541082,976,1039
541083,978,1040
541084,983,1043
541085,986,1040
541086,983,1041
541087,981,1038
541088,980,1037
541089,983,1043
541090,987,1042
541091,988,1044
541092,986,1042
541093,987,1041
541094,983,1040
541095,985,1043
541096,990,1044
541097,988,1045
541098,988,1043
541099,986,1038
541100,984,1042
541101,985,1046
541102,986,1049
541103,988,1045
541104,987,1045
541105,983,1045
541106,983,1043
541107,983,1047
541108,984,1048
541109,986,1051
541110,986,1048
541111,982,1046
541112,983,1046
541113,985,1048
541114,987,1050
541115,990,1048
541116,987,1046
541117,983,1043
541118,983,1042
541119,985,1044
541120,987,1047
541121,989,1047
541122,984,1043
541123,985,1042
541124,984,1044
541125,983,1044
541126,986,1047
541127,986,1046
541128,986,1044
541129,984,1042
541130,980,1044
541131,979,1045
541132,980,1046
541133,984,1047
541134,981,1044
541135,979,1040
541136,978,1043
541137,978,1043
541138,985,1048
541139,985,1047
541140,988,1046
541141,986,1042
541142,981,1044
541143,982,1046
541144,985,1050
541145,987,1048
541146,984,1048
541147,984,1045
541148,980,1043
541149,983,1046
541150,984,1049
541151,987,1048
541152,987,1045
541153,983,1044
541154,985,1042
541155,985,1045
541156,988,1047
541157,989,1045
541158,987,1044
541159,982,1042
541160,981,1041
541161,982,1045
541162,988,1048
541163,989,1047
541164,987,1048
541165,985,1043
541166,983,1043
541167,982,1046
541168,985,1048
541169,984,1047
541170,983,1048
541171,982,1044
541172,980,1043
541173,979,1048
541174,984,1049
541175,987,1049
541176,982,1049
541177,983,1044
541178,982,1044
541179,980,1048
541180,984,1049
541181,986,1050
541182,986,1045
541183,984,1045
541184,982,1045
541185,983,1048
541186,988,1051
541187,990,1051
541188,990,1048
541189,984,1046
541190,981,1044
541191,983,1049
541192,987,1050
541193,989,1051
541194,989,1046
541195,987,1045
541196,985,1046
541197,986,1049
541198,988,1052
541199,991,1051
541200,989,1048
541201,989,1047
541202,988,1048
541203,991,1050
541204,991,1053
541205,992,1053
541206,993,1050
541207,989,1051
541208,988,1049
541209,986,1050
541210,987,1054
541211,993,1053
541212,990,1052
541213,991,1049
541214,988,1050
541215,990,1054
541216,994,1057
541217,994,1054
541218,993,1051
541219,991,1048
541220,990,1049
541221,993,1052
541222,994,1054
541223,998,1054
541224,997,1052
541225,993,1049
541226,992,1049
541227,994,1050
541228,995,1051
541229,996,1049
541230,992,1049
541231,990,1048
541232,989,1047
541233,990,1050
541234,992,1052
541235,994,1051
541236,992,1047
541237,988,1048
541238,987,1046
541239,989,1049
541240,990,1051
541241,995,1047
541242,991,1049
541243,989,1046
541244,989,1046
541245,991,1049
541246,993,1053
541247,998,1053
541248,995,1049
541249,994,1047
541250,992,1046
541251,995,1048
541252,999,1052
541253,1004,1052
541254,1001,1051
541255,996,1047
541256,999,1049
541257,998,1049
541258,1003,1053
541259,1007,1052
541260,1008,1049
541261,1005,1046
541262,1008,1044
541263,1015,1044
541264,1023,1044
541265,1033,1041
541266,1044,1036
541267,1056,1031
541268,1073,1028
541269,1095,1025
541270,1128,1014
541271,1160,999
541272,1188,986
541273,1215,977
541274,1240,980
541275,1263,991
541276,1272,1010
541277,1259,1027
541278,1222,1032
541279,1175,1037
541280,1125,1049
541281,1078,1067
541282,1034,1078
541283,1010,1081
541284,999,1078
541285,999,1068
541286,1005,1059
541287,1008,1051
541288,1008,1049
541289,1006,1045
541290,997,1044
541291,991,1043
541292,989,1046
541293,986,1048
541294,989,1049
541295,989,1049
541296,985,1050
541297,979,1051
541298,978,1052
541299,981,1055
541300,982,1058
541301,986,1057
541302,984,1054
541303,981,1053
541304,981,1056
541305,982,1056
541306,983,1059
541307,985,1058
541308,984,1057
541309,977,1053
541310,977,1055
541311,977,1059
541312,980,1062
541313,983,1059
541314,980,1057
541315,979,1055
541316,977,1057
541317,979,1056
541318,981,1059
541319,982,1057
541320,983,1056
541321,979,1055
541322,979,1053
541323,979,1056
541324,982,1060
541325,984,1060
541326,982,1055
541327,979,1055
541328,977,1052
541329,980,1054
541330,982,1055
541331,983,1054
541332,980,1051
541333,978,1050
541334,978,1047
541335,978,1048
541336,982,1051
541337,987,1052
541338,984,1046
541339,981,1044
541340,978,1047
541341,977,1047
541342,982,1048
541343,986,1048
541344,987,1044
541345,986,1041
541346,982,1040
541347,986,1042
541348,987,1046
541349,991,1045
541350,991,1039
541351,990,1038
541352,986,1037
541353,987,1040
541354,990,1041
541355,994,1039
541356,992,1036
541357,992,1033
541358,994,1032
541359,998,1032
541360,999,1033
541361,1003,1032
541362,1004,1026
541363,999,1024
541364,1001,1023
541365,1004,1025
541366,1008,1027
541367,1012,1024
541368,1012,1023
541369,1009,1019
541370,1008,1018
541371,1010,1020
541372,1013,1021
541373,1016,1021
541374,1017,1018
541375,1014,1013
541376,1018,1013
541377,1022,1015
541378,1024,1018
541379,1027,1013
541380,1025,1010
541381,1026,1009
541382,1027,1010
541383,1029,1009
541384,1032,1013
541385,1035,1013
541386,1034,1009
541387,1031,1006
541388,1032,1008
541389,1034,1013
541390,1033,1017
541391,1033,1016
541392,1033,1016
541393,1031,1018
541394,1030,1018
541395,1029,1023
541396,1031,1028
541397,1033,1028
541398,1030,1028
541399,1027,1029
541400,1023,1034
541401,1022,1034
541402,1022,1040
541403,1022,1040
541404,1018,1039
541405,1012,1037
541406,1006,1039
541407,1007,1045
541408,1009,1048
541409,1011,1050
541410,1010,1047
541411,1008,1045
541412,1006,1046
541413,1007,1047
541414,1009,1050
541415,1012,1048
541416,1009,1047
541417,1005,1044
541418,1003,1046
541419,1000,1046
541420,1005,1049
541421,1007,1052
541422,1007,1047
541423,1005,1045
541424,1004,1044
541425,1004,1046
541426,1005,1049
541427,1006,1050
541428,1005,1046
541429,1002,1043
541430,999,1043
541431,1002,1044
541432,1006,1047
541433,1008,1046
541434,1007,1045
541435,1003,1042
541436,1002,1042
541437,1002,1042
541438,1006,1046
541439,1006,1044
541440,1005,1042
541441,1001,1040
541442,1000,1040
541443,1002,1041
541444,1005,1042
541445,1004,1041
541446,1003,1038
541447,1000,1038
541448,995,1039
541449,999,1042
541450,997,1047
541451,1001,1047
541452,999,1042
541453,994,1040
541454,992,1040
541455,995,1043
541456,996,1047
541457,995,1046
541458,993,1041
541459,989,1042
541460,993,1042
541461,991,1046
541462,997,1050
541463,999,1047
541464,996,1045
541465,993,1042
541466,992,1045
541467,993,1044
541468,996,1049
541469,996,1046
541470,997,1046
541471,994,1044
541472,991,1044
541473,993,1045
541474,992,1048
541475,997,1049
541476,994,1046
541477,990,1046
541478,990,1048
541479,988,1048
541480,992,1050
541481,995,1050
541482,990,1048
541483,986,1047
541484,989,1048
541485,991,1049
541486,995,1050
541487,994,1051
541488,995,1045
541489,990,1046
541490,990,1046
541491,991,1047
541492,993,1047
541493,994,1049
541494,996,1047
541495,992,1045
541496,992,1046
541497,995,1048
541498,996,1050
541499,997,1050
541500,994,1048
541501,991,1046
541502,989,1047
541503,988,1050
541504,992,1054
541505,995,1051
541506,996,1050
541507,994,1047
541508,994,1051
541509,995,1053
541510,996,1055
541511,1000,1053
541512,999,1049
541513,997,1047
541514,997,1046
541515,1002,1043
541516,1009,1042
541517,1018,1040
541518,1027,1035
541519,1035,1030
541520,1051,1029
541521,1071,1026
541522,1104,1020
541523,1135,1005
541524,1170,989
541525,1198,983
541526,1226,986
541527,1250,1001
541528,1260,1023
541529,1243,1036
541530,1207,1037
541531,1158,1038
541532,1102,1057
541533,1050,1077
541534,1008,1092
541535,987,1096
541536,981,1090
541537,983,1076
541538,988,1064
541539,992,1056
541540,996,1052
541541,998,1048
541542,994,1044
541543,987,1041
541544,980,1042
541545,980,1048
541546,979,1051
541547,980,1053
541548,974,1050
541549,973,1046
541550,966,1054
541551,967,1056
541552,968,1057
541553,968,1057
541554,972,1057
541555,966,1052
541556,967,1053
541557,968,1056
541558,970,1054
541559,971,1052
541560,970,1050
541561,963,1042
541562,960,1046
541563,964,1050
541564,968,1052
541565,970,1051
541566,968,1049
541567,965,1045
541568,961,1046
541569,962,1048
541570,963,1050
541571,968,1050
541572,970,1047
541573,968,1044
541574,965,1041
541575,968,1044
541576,971,1044
541577,973,1045
541578,972,1043
541579,967,1041
541580,964,1042
541581,965,1044
541582,968,1045
541583,971,1043
541584,970,1037
541585,969,1035
541586,965,1032
541587,965,1035
541588,970,1036
541589,971,1035
541590,973,1030
541591,971,1025
541592,969,1024
541593,972,1027
541594,974,1029
541595,977,1026
541596,975,1023
541597,971,1024
541598,967,1026
541599,971,1029
541600,974,1031
541601,977,1030
541602,974,1025
541603,973,1022
541604,971,1025
541605,973,1026
541606,977,1026
541607,979,1021
541608,981,1016
541609,979,1014
541610,978,1013
541611,984,1016
541612,989,1016
541613,990,1014
541614,989,1011
541615,985,1008
541616,986,1007
541617,992,1011
541618,996,1012
541619,996,1008
541620,996,1007
541621,995,1002
541622,995,1002
541623,1000,1005
541624,1006,1007
541625,1008,1008
541626,1005,1004
541627,1004,1000
541628,1004,1001
541629,1008,1005
541630,1013,1011
541631,1014,1009
541632,1010,1008
541633,1009,1008
541634,1007,1011
541635,1009,1011
541636,1011,1017
541637,1012,1019
541638,1008,1020
541639,1006,1019
541640,999,1023
541641,1001,1027
541642,1003,1033
541643,1002,1033
541644,1000,1032
541645,993,1033
541646,989,1036
541647,989,1041
541648,990,1046
541649,991,1046
541650,991,1045
541651,989,1043
541652,984,1045
541653,985,1046
541654,985,1051
541655,988,1049
541656,988,1048
541657,986,1043
541658,984,1043
541659,987,1046
541660,985,1050
541661,988,1049
541662,988,1048
541663,986,1043
541664,985,1045
541665,987,1046
541666,990,1045
541667,990,1044
541668,992,1044
541669,988,1040
541670,987,1041
541671,985,1043
541672,988,1046
541673,989,1043
541674,990,1043
541675,989,1039
541676,985,1041
541677,989,1044
541678,988,1047
541679,990,1044
541680,986,1043
541681,983,1040
541682,983,1042
541683,984,1043
541684,988,1045
541685,989,1045
541686,986,1040
541687,986,1040
541688,979,1040
541689,981,1042
541690,980,1045
541691,982,1045
541692,980,1039
541693,978,1039
541694,979,1041
541695,980,1044
541696,981,1048
541697,981,1050
541698,980,1048
541699,975,1049
541700,974,1050
541701,976,1054
541702,979,1057
541703,984,1054
541704,985,1053
541705,980,1051
541706,980,1051
541707,983,1051
541708,988,1055
541709,986,1054
541710,985,1053
541711,983,1051
541712,984,1054
541713,983,1054
541714,986,1053
541715,982,1053
541716,982,1051
541717,981,1047
541718,981,1048
541719,980,1052
541720,985,1053
541721,988,1053
541722,987,1051
541723,983,1050
541724,981,1050
541725,984,1051
541726,986,1055
541727,986,1053
541728,984,1052
541729,981,1054
541730,978,1052
541731,980,1055
541732,985,1055
541733,983,1053
541734,980,1050
541735,980,1048
541736,980,1049
541737,981,1052
541738,985,1054
541739,988,1052
541740,987,1049
541741,982,1049
541742,978,1049
541743,978,1051
541744,980,1053
541745,983,1052
541746,982,1049
541747,978,1045
541748,974,1046
541749,975,1049
541750,979,1050
541751,981,1051
541752,978,1051
541753,977,1050
541754,978,1052
541755,976,1052
541756,980,1056
541757,980,1054
541758,982,1053
541759,983,1050
541760,979,1048
541761,980,1053
541762,989,1053
541763,991,1050
541764,989,1049
541765,986,1047
541766,989,1045
541767,990,1048
541768,993,1051
541769,997,1049
541770,999,1047
541771,993,1042
541772,991,1043
541773,995,1046
541774,998,1044
541775,1000,1044
541776,1002,1038
541777,1004,1033
541778,1008,1030
541779,1019,1031
541780,1033,1029
541781,1052,1026
541782,1067,1020
541783,1085,1010
541784,1109,999
541785,1136,992
541786,1170,989
541787,1204,988
541788,1230,999
541789,1246,1015
541790,1246,1037
541791,1234,1054
541792,1201,1055
541793,1161,1061
541794,1114,1070
541795,1065,1085
541796,1018,1101
541797,987,1116
541798,977,1121
541799,979,1114
541800,984,1098
541801,987,1081
541802,986,1071
541803,987,1069
541804,985,1064
541805,986,1063
541806,982,1055
541807,977,1053
541808,973,1052
541809,972,1056
541810,971,1060
541811,974,1056
541812,972,1055
541813,968,1051
541814,969,1053
541815,971,1052
541816,974,1054
541817,973,1051
541818,974,1045
541819,971,1047
541820,969,1043
541821,969,1046
541822,973,1050
541823,973,1047
541824,974,1046
541825,969,1042
541826,967,1044
541827,967,1049
541828,969,1049
541829,970,1050
541830,968,1045
541831,965,1044
541832,964,1043
541833,966,1048
541834,966,1053
541835,971,1050
541836,968,1047
541837,967,1047
541838,967,1047
541839,966,1050
541840,968,1051
541841,968,1050
541842,968,1048
541843,966,1043
541844,967,1045
541845,966,1045
541846,970,1045
541847,969,1043
541848,969,1040
541849,968,1038
541850,963,1036
541851,965,1040
541852,969,1041
541853,970,1042
541854,971,1039
541855,968,1035
541856,968,1038
541857,971,1039
541858,976,1042
541859,976,1040
541860,973,1036
541861,974,1034
541862,974,1034
541863,976,1030
541864,980,1032
541865,981,1027
541866,980,1022
541867,980,1018
541868,981,1015
541869,984,1015
541870,988,1015
541871,989,1012
541872,987,1011
541873,987,1008
541874,985,1006
541875,987,1008
541876,991,1010
541877,991,1006
541878,994,1004
541879,990,1001
541880,991,1002
541881,992,1004
541882,998,1003
541883,1000,1003
541884,997,1001
541885,997,1001
541886,999,1000
541887,1000,1001
541888,1005,1005
541889,1008,1003
541890,1009,1000
541891,1008,1000
541892,1007,1001
541893,1010,1003
541894,1013,1007
541895,1013,1007
541896,1012,1008
541897,1009,1006
541898,1006,1010
541899,1011,1016
541900,1013,1021
541901,1015,1023
541902,1009,1025
541903,1003,1029
541904,1002,1032
541905,1005,1040
541906,1008,1044
541907,1011,1049
541908,1006,1047
541909,1000,1048
541910,997,1052
541911,997,1057
541912,999,1058
541913,1001,1057
541914,997,1056
541915,993,1053
541916,991,1053
541917,994,1056
541918,996,1058
541919,999,1055
541920,996,1052
541921,992,1051
541922,991,1051
541923,994,1053
541924,995,1055
541925,997,1054
541926,996,1053
541927,993,1049
541928,992,1050
541929,993,1053
541930,995,1056
541931,995,1051
541932,996,1051
541933,994,1050
541934,993,1048
541935,995,1051
541936,997,1052
541937,999,1050
541938,995,1049
541939,993,1045
541940,992,1049
541941,995,1050
541942,995,1051
541943,999,1051
541944,997,1049
541945,993,1046
541946,989,1045
541947,992,1049
541948,995,1054
541949,999,1053
541950,999,1049
541951,997,1047
541952,991,1049
541953,996,1052
541954,996,1054
541955,998,1052
541956,997,1052
541957,994,1047
541958,992,1049
541959,994,1054
541960,995,1058
541961,998,1055
541962,995,1053
541963,996,1049
541964,993,1049
541965,997,1053
541966,996,1055
541967,999,1052
541968,998,1051
541969,993,1048
541970,993,1052
541971,994,1052
541972,997,1056
541973,998,1055
541974,994,1051
541975,989,1050
541976,989,1053
541977,992,1051
541978,994,1057
541979,994,1056
541980,994,1056
541981,992,1054
541982,986,1053
541983,992,1058
541984,993,1061
541985,995,1060
541986,995,1058
541987,992,1054
541988,992,1055
541989,995,1055
541990,993,1059
541991,994,1056
541992,992,1057
541993,990,1055
541994,991,1053
541995,991,1057
541996,996,1058
541997,1000,1059
541998,996,1056
541999,994,1054
542000,994,1057
542001,997,1056
542002,999,1060
542003,1000,1060
542004,999,1057
542005,995,1055
542006,998,1057
542007,998,1060
542008,1003,1061
542009,1003,1059
542010,1001,1059
542011,1002,1057
542012,999,1058
542013,1000,1058
542014,1005,1062
542015,1006,1061
542016,1005,1055
542017,1002,1054
542018,1003,1055
542019,1006,1057
542020,1010,1057
542021,1016,1052
542022,1022,1045
542023,1029,1040
542024,1039,1042
542025,1057,1042
542026,1078,1042
542027,1102,1036
542028,1130,1020
542029,1155,1004
542030,1188,999
542031,1219,999
542032,1250,1007
542033,1269,1023
542034,1266,1036
542035,1245,1043
542036,1209,1043
542037,1166,1053
542038,1118,1069
542039,1069,1087
542040,1022,1098
542041,993,1102
542042,989,1098
542043,994,1089
542044,1003,1082
542045,1009,1070
542046,1005,1062
542047,1002,1056
542048,997,1057
542049,996,1062
542050,998,1063
542051,996,1065
542052,992,1063
542053,986,1058
542054,984,1060
542055,987,1065
542056,989,1067
542057,987,1068
542058,984,1063
542059,984,1061
542060,979,1059
542061,981,1060
542062,984,1062
542063,986,1064
542064,980,1059
542065,979,1059
542066,976,1060
542067,979,1062
542068,981,1064
542069,984,1059
542070,981,1058
542071,980,1055
542072,979,1059
542073,979,1060
542074,980,1063
542075,980,1060
542076,978,1058
542077,977,1056
542078,977,1058
542079,977,1059
542080,977,1061
542081,978,1054
542082,976,1054
542083,971,1053
542084,970,1055
542085,976,1057
542086,978,1060
542087,979,1059
542088,980,1056
542089,978,1052
542090,978,1053
542091,980,1056
542092,979,1058
542093,984,1054
542094,981,1053
542095,980,1051
542096,977,1052
542097,981,1055
542098,985,1058
542099,986,1056
542100,983,1054
542101,980,1052
542102,984,1054
542103,987,1055
542104,991,1059
542105,995,1054
542106,994,1052
542107,996,1047
542108,994,1045
542109,996,1049
542110,997,1046
542111,1001,1043
542112,997,1039
542113,996,1036
542114,995,1036
542115,1000,1035
542116,1003,1037
542117,1005,1036
542118,1003,1032
542119,998,1029
542120,1000,1029
542121,1001,1031
542122,1003,1034
542123,1006,1028
542124,1008,1026
542125,1001,1025
542126,1003,1022
542127,1007,1023
542128,1012,1025
542129,1012,1024
542130,1013,1023
542131,1011,1021
542132,1012,1020
542133,1014,1023
542134,1018,1025
542135,1021,1025
542136,1020,1023
542137,1020,1024
542138,1019,1023
542139,1019,1029
542140,1019,1035
542141,1020,1033
542142,1019,1036
542143,1016,1034
542144,1013,1041
542145,1016,1043
542146,1016,1049
542147,1013,1049
542148,1013,1052
542149,1007,1052
542150,1004,1055
542151,1004,1061
542152,1008,1062
542153,1005,1063
542154,1000,1063
542155,998,1062
542156,996,1064
542157,996,1067
542158,999,1067
542159,1002,1066
542160,999,1066
542161,997,1061
542162,997,1064
542163,997,1067
542164,1000,1069
542165,1001,1068
542166,998,1067
542167,995,1062
542168,992,1065
542169,993,1067
542170,997,1067
542171,1002,1065
542172,999,1062
542173,995,1061
542174,994,1062
542175,999,1065
542176,998,1066
542177,999,1065
542178,1000,1063
542179,998,1062
542180,996,1060
542181,1000,1063
542182,1001,1065
542183,1004,1064
542184,998,1062
542185,997,1059
542186,998,1061
542187,1003,1065
542188,1002,1063
542189,1003,1061
542190,1003,1058
542191,1001,1055
542192,999,1054
542193,1000,1058
542194,1003,1061
542195,1004,1058
542196,999,1056
542197,996,1055
542198,996,1058
542199,1000,1064
542200,1002,1066
542201,1003,1066
542202,997,1064
542203,993,1063
542204,995,1065
542205,995,1066
542206,999,1069
542207,999,1068
542208,998,1065
542209,996,1063
542210,995,1064
542211,997,1067
542212,998,1070
542213,998,1068
542214,996,1066
542215,990,1066
542216,989,1068
542217,990,1070
542218,994,1075
542219,995,1074
542220,995,1074
542221,992,1069
542222,991,1070
542223,993,1074
542224,992,1075
542225,996,1075
542226,994,1072
542227,992,1069
542228,990,1069
542229,991,1074
542230,997,1074
542231,994,1073
542232,996,1070
542233,992,1068
542234,991,1069
542235,994,1068
542236,997,1072
542237,998,1069
542238,996,1068
542239,994,1063
542240,991,1066
542241,994,1065
542242,996,1066
542243,995,1065
542244,995,1061
542245,996,1061
542246,998,1061
542247,999,1061
542248,1000,1067
542249,1001,1066
542250,1001,1064
542251,999,1063
542252,999,1066
542253,1001,1067
542254,1005,1073
542255,1005,1070
542256,1005,1067
542257,1005,1063
542258,1005,1063
542259,1007,1066
542260,1010,1067
542261,1014,1062
542262,1017,1057
542263,1024,1053
542264,1036,1051
542265,1055,1050
542266,1081,1048
542267,1110,1037
542268,1136,1022
542269,1169,1010
542270,1202,1001
542271,1235,1003
542272,1262,1016
542273,1274,1032
542274,1256,1044
542275,1214,1046
542276,1162,1056
542277,1110,1077
542278,1061,1096
542279,1021,1101
542280,997,1102
542281,995,1092
542282,1001,1084
542283,1005,1074
542284,1011,1070
542285,1010,1066
542286,1003,1063
542287,995,1063
542288,994,1062
542289,992,1068
542290,992,1070
542291,991,1072
542292,987,1067
542293,982,1064
542294,984,1065
542295,983,1067
542296,984,1072
542297,986,1071
542298,984,1070
542299,981,1067
542300,982,1070
542301,981,1073
542302,983,1075
542303,984,1074
542304,983,1072
542305,978,1070
542306,979,1073
542307,981,1076
542308,984,1078
542309,986,1076
542310,982,1071
542311,978,1074
542312,979,1072
542313,982,1078
542314,983,1079
542315,981,1078
542316,981,1074
542317,979,1071
542318,978,1072
542319,979,1074
542320,980,1076
542321,982,1074
542322,981,1070
542323,979,1069
542324,979,1068
542325,979,1068
542326,982,1069
542327,985,1069
542328,984,1065
542329,978,1060
542330,974,1060
542331,978,1061
542332,979,1063
542333,983,1059
542334,981,1058
542335,978,1055
542336,983,1056
542337,987,1055
542338,989,1056
542339,992,1051
542340,992,1048
542341,992,1045
542342,992,1046
542343,995,1046
542344,998,1045
542345,1003,1043
542346,997,1042
542347,995,1037
542348,999,1038
542349,1002,1040
542350,1005,1043
542351,1009,1040
542352,1011,1039
542353,1010,1036
542354,1009,1036
542355,1010,1038
542356,1012,1041
542357,1015,1036
542358,1015,1032
542359,1013,1030
542360,1013,1032
542361,1014,1035
542362,1016,1035
542363,1019,1034
542364,1017,1031
542365,1018,1028
542366,1016,1033
542367,1019,1033
542368,1022,1037
542369,1021,1035
542370,1021,1035
542371,1018,1035
542372,1018,1039
542373,1018,1042
542374,1018,1047
542375,1019,1049
542376,1016,1046
542377,1012,1047
542378,1010,1050
542379,1010,1052
542380,1009,1055
542381,1003,1059
542382,1004,1057
542383,1001,1056
542384,999,1062
542385,1001,1067
542386,1000,1069
542387,1004,1071
542388,999,1068
542389,998,1070
542390,998,1070
542391,999,1072
542392,1001,1071
542393,999,1074
542394,997,1071
542395,996,1070
542396,995,1069
542397,996,1074
542398,998,1079
542399,998,1077
542400,995,1074
542401,999,1073
542402,995,1073
542403,997,1075
542404,1002,1076
542405,1001,1075
542406,997,1072
542407,994,1070
542408,992,1073
542409,994,1074
542410,1000,1077
542411,1002,1074
542412,998,1070
542413,995,1067
542414,991,1067
542415,994,1067
542416,998,1069
542417,999,1067
542418,998,1062
542419,995,1060
542420,994,1060
542421,994,1062
542422,996,1063
542423,997,1062
542424,995,1061
542425,993,1060
542426,993,1060
542427,994,1062
542428,996,1061
542429,994,1061
542430,991,1058
542431,990,1059
542432,986,1058
542433,987,1064
542434,991,1065
542435,989,1066
542436,988,1065
542437,986,1063
542438,986,1063
542439,991,1067
542440,993,1068
542441,993,1067
542442,994,1068
542443,990,1064
542444,985,1065
542445,990,1069
542446,992,1072
542447,992,1073
542448,996,1071
542449,990,1069
542450,990,1071
542451,990,1075
542452,992,1078
542453,993,1078
542454,992,1075
542455,987,1073
542456,985,1074
542457,988,1077
542458,988,1077
542459,993,1076
542460,992,1073
542461,989,1069
542462,989,1072
542463,989,1071
542464,990,1073
542465,992,1072
542466,991,1068
542467,989,1065
542468,984,1066
542469,988,1069
542470,988,1070
542471,990,1068
542472,989,1067
542473,987,1065
542474,984,1065
542475,986,1067
542476,989,1069
542477,990,1067
542478,987,1065
542479,981,1064
542480,981,1066
542481,982,1071
542482,986,1072
542483,987,1070
542484,983,1067
542485,979,1064
542486,975,1066
542487,981,1070
542488,984,1072
542489,986,1074
542490,983,1070
542491,980,1067
542492,978,1069
542493,982,1071
542494,984,1076
542495,988,1075
542496,984,1075
542497,983,1072
542498,983,1075
542499,984,1079
542500,988,1080
542501,989,1077
542502,988,1074
542503,986,1071
542504,986,1071
542505,986,1075
542506,990,1076
542507,990,1075
542508,985,1071
542509,983,1068
542510,981,1070
542511,985,1071
542512,983,1073
542513,985,1070
542514,983,1069
542515,980,1066
542516,982,1064
542517,983,1067
542518,986,1069
542519,985,1068
542520,985,1064
542521,981,1063
542522,980,1064
542523,982,1067
542524,983,1067
542525,983,1069
542526,981,1067
542527,980,1062
542528,981,1065
542529,983,1069
542530,986,1072
542531,987,1072
542532,984,1067
542533,981,1067
542534,981,1068
542535,983,1070
542536,987,1073
542537,986,1071
542538,986,1066
542539,982,1067
542540,978,1068
542541,985,1068
542542,986,1074
542543,988,1072
542544,986,1071
542545,987,1066
542546,986,1070
542547,987,1075
542548,991,1074
542549,990,1073
542550,989,1072
542551,985,1070
542552,984,1071
542553,986,1075
542554,989,1076
542555,991,1073
542556,987,1071
542557,986,1069
542558,982,1068
542559,984,1072
542560,988,1074
542561,988,1071
542562,989,1065
542563,986,1065
542564,984,1064
542565,985,1071
542566,988,1071
542567,990,1070
542568,985,1067
542569,982,1066
542570,987,1065
542571,987,1069
542572,991,1072
542573,989,1072
542574,988,1071
542575,985,1065
542576,981,1069
542577,983,1072
542578,985,1072
542579,987,1070
542580,986,1069
542581,983,1067
542582,984,1070
542583,988,1072
542584,989,1074
542585,991,1073
542586,990,1071
542587,984,1068
542588,984,1068
542589,988,1072
542590,992,1073
542591,994,1072
542592,989,1071
542593,985,1069
542594,986,1071
542595,987,1073
542596,987,1073
542597,990,1071
542598,991,1070
542599,987,1065
542600,988,1064
542601,990,1069
542602,995,1068
542603,991,1065
542604,991,1063
542605,987,1062
542606,985,1063
542607,990,1066
542608,992,1066
542609,991,1065
542610,992,1066
542611,987,1062
542612,985,1062
542613,987,1064
542614,990,1068
542615,990,1066
542616,987,1065
542617,984,1059
542618,986,1060
542619,986,1066
542620,988,1067
542621,990,1069
542622,989,1066
542623,988,1063
542624,985,1063
542625,986,1065
542626,991,1068
542627,993,1068
542628,988,1064
542629,986,1063
542630,984,1065
542631,987,1065
542632,991,1069
542633,991,1068
542634,993,1067
542635,992,1063
542636,991,1066
542637,993,1067
542638,993,1069
542639,996,1069
542640,994,1064
542641,989,1064
542642,989,1064
542643,994,1067
542644,997,1071
542645,999,1068
542646,999,1065
542647,997,1063
542648,994,1066
542649,997,1068
542650,1002,1068
542651,1004,1067
542652,1001,1064
542653,1000,1062
542654,996,1063
542655,1002,1067
542656,1005,1065
542657,1008,1066
542658,1009,1062
542659,1007,1060
542660,1009,1059
542661,1017,1055
542662,1029,1056
542663,1043,1051
542664,1059,1046
542665,1076,1039
542666,1095,1033
542667,1123,1024
542668,1152,1013
542669,1183,1001
542670,1214,993
542671,1240,991
542672,1261,1004
542673,1267,1025
542674,1243,1045
542675,1199,1054
542676,1146,1059
542677,1095,1067
542678,1053,1078
542679,1022,1083
542680,1008,1085
542681,1005,1079
542682,1012,1071
542683,1012,1059
542684,1008,1059
542685,1002,1064
542686,1000,1068
542687,999,1066
542688,994,1063
542689,989,1062
542690,988,1065
542691,986,1067
542692,988,1070
542693,988,1065
542694,984,1064
542695,980,1063
542696,980,1066
542697,983,1068
542698,986,1071
542699,983,1071
542700,981,1068
542701,976,1067
542702,976,1069
542703,978,1071
542704,981,1072
542705,981,1072
542706,976,1068
542707,975,1069
542708,974,1069
542709,979,1072
542710,980,1075
542711,977,1073
542712,978,1072
542713,974,1066
542714,973,1069
542715,973,1070
542716,977,1073
542717,975,1071
542718,975,1070
542719,975,1067
542720,974,1068
542721,975,1068
542722,978,1073
542723,978,1073
542724,977,1070
542725,972,1068
542726,974,1069
542727,978,1070
542728,980,1070
542729,982,1068
542730,982,1063
542731,976,1065
542732,979,1062
542733,982,1068
542734,981,1068
542735,983,1063
542736,981,1062
542737,982,1058
542738,980,1060
542739,983,1060
542740,989,1060
542741,985,1058
542742,986,1059
542743,986,1055
542744,983,1054
542745,988,1057
542746,991,1058
542747,993,1055
542748,993,1052
542749,991,1049
542750,992,1046
542751,993,1050
542752,998,1050
542753,1001,1045
542754,1000,1045
542755,995,1040
542756,993,1038
542757,996,1040
542758,1001,1042
542759,1003,1040
542760,1001,1037
542761,1000,1034
542762,1000,1036
542763,1003,1039
542764,1009,1041
542765,1010,1039
542766,1011,1035
542767,1007,1032
542768,1009,1035
542769,1012,1037
542770,1015,1036
542771,1018,1036
542772,1018,1031
542773,1016,1032
542774,1017,1032
542775,1021,1034
542776,1023,1037
542777,1021,1034
542778,1023,1033
542779,1020,1033
542780,1020,1033
542781,1020,1037
542782,1024,1040
542783,1025,1040
542784,1022,1037
542785,1017,1040
542786,1013,1044
542787,1017,1047
542788,1016,1051
542789,1013,1051
542790,1010,1050
542791,1008,1049
542792,1005,1055
542793,1002,1059
542794,1006,1062
542795,1000,1061
542796,998,1058
542797,995,1059
542798,990,1057
542799,994,1059
542800,997,1064
542801,996,1062
542802,991,1060
542803,988,1056
542804,987,1059
542805,987,1060
542806,989,1062
542807,989,1062
542808,989,1057
542809,986,1057
542810,985,1058
542811,987,1061
542812,988,1064
542813,989,1062
542814,988,1062
542815,986,1057
542816,987,1060
542817,989,1062
542818,993,1065
542819,991,1065
542820,992,1059
542821,991,1059
542822,990,1061
542823,990,1062
542824,993,1064
542825,992,1062
542826,988,1063
542827,987,1058
542828,986,1060
542829,988,1062
542830,989,1061
542831,986,1059
542832,983,1057
542833,976,1055
542834,977,1058
542835,984,1060
542836,985,1059
542837,986,1060
542838,981,1055
542839,981,1055
542840,983,1057
542841,983,1058
542842,987,1059
542843,989,1059
542844,985,1054
542845,982,1052
542846,980,1053
542847,985,1056
542848,985,1057
542849,985,1057
542850,984,1053
542851,981,1054
542852,977,1052
542853,979,1055
542854,979,1057
542855,978,1058
542856,977,1055
542857,977,1054
542858,979,1056
542859,981,1058
542860,979,1061
542861,983,1061
542862,980,1058
542863,977,1058
542864,977,1057
542865,974,1061
542866,977,1063
542867,979,1059
542868,977,1057
542869,976,1056
542870,976,1056
542871,975,1060
542872,979,1062
542873,979,1061
542874,976,1059
542875,974,1059
542876,975,1061
542877,978,1062
542878,978,1064
542879,977,1063
542880,973,1062
542881,973,1060
542882,973,1061
542883,974,1061
542884,977,1063
542885,977,1063
542886,975,1061
542887,973,1058
542888,972,1060
542889,973,1064
542890,974,1063
542891,975,1062
542892,972,1059
542893,970,1059
542894,970,1059
542895,974,1061
542896,978,1065
542897,978,1064
542898,975,1060
542899,971,1060
542900,966,1058
542901,972,1059
542902,971,1063
542903,974,1063
542904,971,1059
542905,969,1058
542906,968,1059
542907,971,1063
542908,975,1066
542909,975,1065
542910,972,1062
542911,971,1059
542912,972,1062
542913,971,1063
542914,978,1065
542915,977,1065
542916,976,1060
542917,973,1055
542918,973,1055
542919,975,1058
542920,981,1061
542921,979,1059
542922,974,1057
542923,972,1057
542924,971,1058
542925,975,1060
542926,975,1062
542927,976,1062
542928,976,1059
542929,972,1058
542930,973,1056
542931,977,1062
542932,976,1064
542933,978,1061
542934,975,1061
542935,970,1057
542936,970,1058
542937,975,1059
542938,976,1061
542939,975,1059
542940,975,1057
542941,973,1057
542942,972,1058
542943,976,1060
542944,981,1061
542945,977,1057
542946,977,1056
542947,974,1055
542948,973,1053
542949,976,1057
542950,980,1060
542951,979,1059
542952,977,1057
542953,975,1056
542954,974,1059
542955,975,1062
542956,975,1063
542957,975,1060
542958,974,1059
542959,976,1056
542960,972,1055
542961,978,1058
542962,979,1061
542963,980,1058
542964,980,1058
542965,978,1055
542966,978,1057
542967,980,1060
542968,981,1064
542969,985,1063
542970,983,1062
542971,980,1059
542972,982,1063
542973,979,1065
542974,985,1066
542975,987,1064
542976,985,1061
542977,981,1059
542978,982,1063
542979,986,1065
542980,987,1065
542981,987,1062
542982,985,1059
542983,982,1059
542984,982,1063
542985,986,1062
542986,988,1064
542987,988,1061
542988,989,1058
542989,989,1055
542990,991,1056
542991,992,1060
542992,995,1059
542993,998,1054
542994,999,1050
542995,1002,1045
542996,1007,1047
542997,1024,1044
542998,1040,1044
542999,1059,1036
543000,1082,1026
543001,1106,1010
543002,1133,1000
543003,1168,995
543004,1200,997
543005,1231,1000
543006,1253,1017
543007,1251,1030
543008,1231,1042
543009,1196,1046
543010,1152,1055
543011,1108,1064
543012,1062,1079
543013,1017,1090
543014,989,1104
543015,977,1108
543016,986,1104
543017,993,1091
543018,993,1077
543019,992,1068
543020,990,1064
543021,989,1063
543022,986,1063
543023,985,1062
543024,980,1057
543025,977,1058
543026,972,1055
543027,972,1059
543028,979,1060
543029,978,1059
543030,972,1058
543031,969,1056
543032,966,1058
543033,965,1060
543034,969,1062
543035,971,1060
543036,968,1058
543037,963,1056
543038,962,1057
543039,967,1059
543040,968,1061
543041,968,1061
543042,967,1060
543043,965,1057
543044,964,1059
543045,967,1061
543046,969,1062
543047,971,1059
543048,969,1058
543049,968,1058
543050,966,1057
543051,967,1058
543052,970,1060
543053,969,1058
543054,969,1056
543055,963,1056
543056,964,1057
543057,967,1060
543058,970,1057
543059,967,1057
543060,970,1055
543061,965,1054
543062,965,1051
543063,970,1053
543064,973,1055
543065,974,1052
543066,969,1049
543067,969,1048
543068,971,1047
543069,978,1049
543070,980,1053
543071,981,1050
543072,978,1044
543073,978,1044
543074,978,1044
543075,980,1044
543076,984,1046
543077,984,1046
543078,984,1041
543079,980,1040
543080,982,1041
543081,984,1043
543082,990,1043
543083,992,1040
543084,992,1033
543085,990,1030
543086,991,1031
543087,993,1032
543088,995,1031
543089,998,1030
543090,997,1025
543091,994,1022
543092,995,1023
543093,998,1023
543094,1003,1026
543095,1004,1023
543096,1006,1017
543097,1001,1019
543098,1004,1018
543099,1008,1019
543100,1010,1025
543101,1012,1023
543102,1011,1018
543103,1009,1017
543104,1008,1018
543105,1007,1021
543106,1014,1022
543107,1012,1023
543108,1010,1020
543109,1006,1018
543110,1007,1023
543111,1011,1029
543112,1015,1033
543113,1015,1032
543114,1012,1030
543115,1010,1029
543116,1009,1031
543117,1013,1030
543118,1014,1035
543119,1012,1038
543120,1009,1040
543121,1003,1042
543122,1002,1048
543123,1006,1050
543124,1008,1051
543125,1007,1049
543126,1003,1044
543127,999,1046
543128,1001,1047
543129,999,1050
543130,1001,1056
543131,998,1055
543132,996,1055
543133,993,1054
543134,991,1055
543135,994,1059
543136,997,1059
543137,996,1060
543138,991,1057
543139,992,1057
543140,990,1060
543141,992,1062
543142,995,1064
543143,997,1063
543144,995,1059
543145,995,1058
543146,993,1059
543147,995,1062
543148,998,1062
543149,997,1061
543150,998,1060
543151,998,1058
543152,998,1062
543153,998,1063
543154,1002,1064
543155,1002,1063
543156,1000,1057
543157,998,1057
543158,996,1060
543159,997,1059
543160,997,1060
543161,999,1058
543162,1001,1057
543163,1002,1055
543164,998,1055
543165,1000,1057
543166,1004,1059
543167,1003,1058
543168,1000,1054
543169,998,1052
543170,996,1055
543171,999,1059
543172,1002,1061
543173,1003,1059
543174,1001,1056
543175,999,1055
543176,998,1056
543177,1001,1060
543178,1003,1061
543179,1003,1060
543180,999,1056
543181,994,1056
543182,996,1060
543183,996,1061
543184,996,1065
543185,992,1063
543186,988,1062
543187,986,1062
543188,986,1064
543189,987,1067
543190,991,1069
543191,993,1068
543192,992,1062
543193,991,1059
543194,987,1061
543195,992,1061
543196,995,1063
543197,996,1062
543198,995,1058
543199,990,1057
543200,992,1060
543201,996,1061
543202,997,1062
543203,999,1061
543204,996,1058
543205,997,1052
543206,993,1056
543207,997,1058
543208,997,1058
543209,995,1058
543210,994,1054
543211,990,1055
543212,990,1055
543213,992,1055
543214,993,1059
543215,993,1057
543216,992,1057
543217,990,1058
543218,991,1057
543219,993,1059
543220,997,1060
543221,997,1060
543222,996,1057
543223,995,1054
543224,995,1056
543225,997,1057
543226,996,1060
543227,998,1059
543228,994,1056
543229,994,1054
543230,993,1056
543231,993,1055
543232,997,1059
543233,994,1055
543234,992,1057
543235,989,1055
543236,986,1057
543237,990,1061
543238,998,1064
543239,998,1059
543240,992,1060
543241,990,1060
543242,990,1065
543243,992,1067
543244,993,1067
543245,994,1066
543246,995,1061
543247,991,1057
543248,992,1058
543249,991,1062
543250,997,1066
543251,997,1065
543252,996,1065
543253,995,1062
543254,992,1062
543255,996,1065
543256,998,1067
543257,1001,1064
543258,997,1058
543259,996,1054
543260,993,1058
543261,995,1059
543262,1000,1062
543263,997,1062
543264,1001,1059
543265,1001,1056
543266,998,1059
543267,1003,1057
543268,1006,1062
543269,1008,1058
543270,1008,1056
543271,1007,1051
543272,1008,1052
543273,1014,1049
543274,1022,1049
543275,1033,1044
543276,1039,1039
543277,1050,1033
543278,1065,1030
543279,1088,1028
543280,1114,1020
543281,1141,1001
543282,1166,990
543283,1191,985
543284,1223,986
543285,1251,1000
543286,1270,1021
543287,1269,1036
543288,1243,1042
543289,1200,1045
543290,1155,1054
543291,1108,1076
543292,1062,1095
543293,1021,1104
543294,995,1106
543295,993,1104
543296,999,1098
543297,1003,1086
543298,1008,1080
543299,1010,1067
543300,1002,1061
543301,996,1057
543302,995,1057
543303,996,1061
543304,997,1063
543305,995,1059
543306,992,1058
543307,988,1059
543308,986,1062
543309,990,1064
543310,992,1066
543311,989,1065
543312,990,1060
543313,981,1062
543314,983,1059
543315,988,1063
543316,987,1064
543317,987,1064
543318,984,1059
543319,981,1054
543320,979,1056
543321,979,1056
543322,984,1058
543323,985,1057
543324,983,1056
543325,977,1054
543326,977,1055
543327,978,1057
543328,983,1057
543329,981,1057
543330,980,1054
543331,979,1055
543332,978,1056
543333,981,1059
543334,985,1060
543335,985,1058
543336,980,1056
543337,980,1054
543338,978,1056
543339,981,1060
543340,987,1060
543341,987,1058
543342,986,1055
543343,984,1052
543344,983,1055
543345,983,1058
543346,986,1058
543347,987,1057
543348,986,1053
543349,983,1051
543350,984,1052
543351,986,1055
543352,989,1054
543353,993,1053
543354,991,1049
543355,989,1049
543356,989,1047
543357,992,1048
543358,994,1049
543359,995,1045
543360,993,1044
543361,992,1043
543362,993,1043
543363,996,1044
543364,1001,1041
543365,1000,1039
543366,1000,1033
543367,1004,1029
543368,1005,1027
543369,1008,1027
543370,1008,1027
543371,1006,1024
543372,1005,1021
543373,1005,1019
543374,1005,1016
543375,1008,1018
543376,1012,1019
543377,1015,1017
543378,1011,1015
543379,1005,1010
543380,1008,1011
543381,1010,1013
543382,1015,1018
543383,1018,1018
543384,1015,1015
543385,1013,1013
543386,1016,1017
543387,1016,1019
543388,1021,1022
543389,1022,1020
543390,1021,1017
543391,1023,1017
543392,1027,1021
543393,1030,1021
543394,1033,1026
543395,1030,1024
543396,1027,1024
543397,1025,1022
543398,1023,1026
543399,1024,1030
543400,1027,1035
543401,1024,1031
543402,1019,1032
543403,1015,1036
543404,1014,1040
543405,1015,1044
543406,1017,1048
543407,1014,1049
543408,1007,1047
543409,1007,1047
543410,1004,1051
543411,1002,1056
543412,1006,1059
543413,1007,1059
543414,1003,1057
543415,997,1054
543416,999,1056
543417,1000,1055
543418,1001,1058
543419,1002,1060
543420,996,1054
543421,995,1052
543422,993,1056
543423,996,1056
543424,998,1060
543425,1001,1058
543426,1002,1057
543427,1002,1057
543428,1003,1057
543429,1007,1060
543430,1007,1063
543431,1004,1060
543432,1004,1058
543433,1000,1055
543434,1000,1057
543435,1002,1060
543436,1005,1062
543437,1002,1060
543438,998,1058
543439,995,1058
543440,996,1059
543441,998,1063
543442,998,1063
543443,1000,1060
543444,993,1059
543445,993,1057
543446,993,1057
543447,998,1061
543448,1001,1059
543449,997,1057
543450,992,1054
543451,991,1053
543452,988,1057
543453,994,1058
543454,996,1060
543455,993,1056
543456,992,1053
543457,990,1050
543458,990,1053
543459,993,1052
543460,997,1054
543461,997,1057
543462,993,1054
543463,992,1051
543464,993,1053
543465,996,1055
543466,999,1056
543467,998,1054
543468,995,1050
543469,992,1050
543470,995,1051
543471,996,1054
543472,1000,1058
543473,1001,1052
543474,997,1050
543475,996,1050
543476,996,1051
543477,996,1053
543478,999,1054
543479,997,1054
543480,993,1052
543481,988,1050
543482,986,1053
543483,987,1058
543484,991,1060
543485,992,1061
543486,991,1059
543487,987,1058
543488,991,1062
543489,992,1064
543490,995,1066
543491,994,1063
543492,992,1059
543493,990,1057
543494,988,1059
543495,990,1063
543496,994,1062
543497,996,1060
543498,991,1056
543499,989,1055
543500,988,1059
543501,991,1061
543502,993,1063
543503,995,1061
543504,995,1057
543505,991,1057
543506,991,1059
543507,991,1060
543508,995,1059
543509,996,1061
543510,992,1057
543511,991,1056
543512,989,1055
543513,989,1057
543514,998,1060
543515,996,1055
543516,992,1055
543517,993,1053
543518,992,1054
543519,997,1056
543520,999,1055
543521,995,1057
543522,989,1054
543523,987,1054
543524,987,1057
543525,992,1059
543526,996,1060
543527,996,1059
543528,992,1056
543529,986,1056
543530,987,1057
543531,988,1059
543532,990,1059
543533,989,1055
543534,989,1051
543535,987,1051
543536,986,1051
543537,988,1056
543538,990,1059
543539,994,1057
543540,990,1057
543541,992,1054
543542,993,1054
543543,992,1058
543544,995,1061
543545,994,1060
543546,993,1058
543547,991,1053
543548,990,1055
543549,993,1057
543550,996,1062
543551,999,1060
543552,998,1055
543553,997,1054
543554,996,1055
543555,996,1059
543556,1000,1059
543557,1001,1058
543558,1005,1055
543559,1003,1050
543560,1003,1051
543561,1004,1054
543562,1010,1055
543563,1011,1053
543564,1010,1049
543565,1007,1047
543566,1005,1048
543567,1008,1049
543568,1014,1045
543569,1022,1042
543570,1026,1040
543571,1035,1035
543572,1051,1036
543573,1068,1035
543574,1093,1029
543575,1118,1015
543576,1147,998
543577,1169,990
543578,1203,991
543579,1239,998
543580,1265,1015
543581,1274,1034
543582,1260,1046
543583,1225,1051
543584,1178,1059
543585,1130,1075
543586,1085,1091
543587,1040,1102
543588,1004,1105
543589,989,1104
543590,987,1099
543591,993,1090
543592,1001,1079
543593,1004,1069
543594,1004,1060
543595,997,1057
543596,994,1059
543597,993,1062
543598,996,1061
543599,988,1060
543600,984,1059
543601,978,1060
543602,978,1060
543603,981,1062
543604,987,1062
543605,987,1059
543606,983,1058
543607,979,1056
543608,979,1057
543609,983,1061
543610,984,1060
543611,984,1057
543612,978,1058
543613,976,1055
543614,974,1057
543615,976,1060
543616,977,1059
543617,978,1056
543618,979,1051
543619,974,1049
543620,975,1047
543621,975,1050
543622,977,1052
543623,979,1052
543624,976,1047
543625,973,1049
543626,973,1049
543627,973,1052
543628,977,1054
543629,975,1051
543630,972,1046
543631,969,1043
543632,969,1052
543633,972,1054
543634,975,1055
543635,975,1053
543636,974,1052
543637,974,1052
543638,974,1051
543639,979,1055
543640,982,1056
543641,983,1051
543642,981,1047
543643,977,1047
543644,979,1051
543645,983,1053
543646,982,1052
543647,985,1050
543648,987,1046
543649,986,1043
543650,987,1047
543651,987,1047
543652,989,1047
543653,990,1044
543654,990,1040
543655,987,1036
543656,990,1040
543657,992,1041
543658,993,1040
543659,997,1039
543660,995,1033
543661,992,1031
543662,996,1028
543663,1000,1030
543664,1004,1027
543665,1009,1026
543666,1006,1021
543667,1003,1018
543668,1003,1018
543669,1008,1019
543670,1010,1019
543671,1010,1018
543672,1008,1017
543673,1006,1014
543674,1004,1014
543675,1009,1016
543676,1011,1018
543677,1012,1016
543678,1011,1009
543679,1010,1007
543680,1011,1013
543681,1016,1017
543682,1019,1017
543683,1018,1014
543684,1020,1013
543685,1017,1008
543686,1017,1015
543687,1019,1019
543688,1023,1021
543689,1022,1019
543690,1022,1019
543691,1019,1021
543692,1020,1027
543693,1021,1029
543694,1019,1032
543695,1019,1032
543696,1018,1035
543697,1013,1036
543698,1011,1038
543699,1012,1045
543700,1012,1048
543701,1009,1047
543702,1008,1044
543703,1004,1044
543704,1006,1050
543705,1006,1051
543706,1010,1052
543707,1010,1049
543708,1007,1047
543709,1004,1047
543710,1003,1049
543711,999,1055
543712,998,1056
543713,998,1057
543714,996,1053
543715,994,1053
543716,993,1053
543717,994,1057
543718,998,1058
543719,999,1056
543720,997,1052
543721,994,1052
543722,993,1051
543723,996,1051
543724,996,1049
543725,992,1048
543726,989,1048
543727,988,1046
543728,989,1047
543729,991,1048
543730,993,1049
543731,999,1050
543732,996,1047
543733,993,1048
543734,990,1050
543735,994,1049
543736,1001,1051
543737,1000,1051
543738,997,1049
543739,996,1050
543740,994,1050
543741,998,1053
543742,999,1052
543743,995,1050
543744,997,1046
543745,995,1044
543746,993,1044
543747,995,1047
543748,997,1049
543749,997,1048
543750,994,1043
543751,994,1043
543752,995,1043
543753,994,1046
543754,1000,1048
543755,998,1046
543756,996,1044
543757,993,1044
543758,992,1044
543759,996,1048
543760,996,1048
543761,995,1049
543762,990,1045
543763,986,1044
543764,982,1045
543765,984,1047
543766,986,1052
543767,988,1047
543768,988,1046
543769,984,1043
543770,982,1045
543771,984,1046
543772,984,1051
543773,986,1048
543774,986,1047
543775,986,1046
543776,984,1051
543777,989,1054
543778,989,1056
543779,990,1053
543780,987,1052
543781,986,1051
543782,985,1053
543783,986,1056
543784,987,1059
543785,989,1057
543786,986,1053
543787,983,1054
543788,983,1059
543789,988,1062
543790,991,1063
543791,990,1061
543792,987,1057
543793,984,1055
543794,985,1057
543795,986,1059
543796,987,1061
543797,988,1059
543798,987,1054
543799,983,1051
543800,982,1050
543801,986,1053
543802,990,1054
543803,989,1052
543804,986,1049
543805,986,1046
543806,984,1049
543807,988,1050
543808,994,1050
543809,993,1047
543810,991,1047
543811,987,1045
543812,985,1049
543813,990,1047
543814,990,1050
543815,993,1049
543816,991,1046
543817,988,1046
543818,987,1047
543819,988,1052
543820,992,1053
543821,990,1052
543822,987,1050
543823,985,1051
543824,985,1051
543825,986,1055
543826,993,1056
543827,990,1056
543828,987,1051
543829,983,1053
543830,981,1054
543831,988,1055
543832,989,1056
543833,990,1056
543834,986,1054
543835,983,1052
543836,985,1056
543837,990,1060
543838,995,1062
543839,991,1059
543840,988,1056
543841,984,1054
543842,987,1052
543843,994,1057
543844,997,1055
543845,997,1059
543846,996,1057
543847,993,1053
543848,992,1052
543849,994,1053
543850,996,1055
543851,994,1051
543852,997,1050
543853,995,1052
543854,993,1051
543855,996,1052
543856,999,1055
543857,996,1054
543858,997,1052
543859,993,1048
543860,993,1048
543861,999,1051
543862,1004,1053
543863,1003,1048
543864,1001,1043
543865,998,1045
543866,998,1047
543867,1000,1050
543868,1002,1048
543869,1004,1044
543870,1006,1038
543871,1010,1039
543872,1022,1041
543873,1036,1039
543874,1050,1037
543875,1062,1032
543876,1081,1025
543877,1107,1012
543878,1137,1005
543879,1172,999
543880,1208,998
543881,1240,1003
543882,1262,1017
543883,1278,1037
543884,1272,1057
543885,1249,1065
543886,1217,1067
543887,1170,1067
543888,1122,1076
543889,1072,1091
543890,1025,1106
543891,1001,1116
543892,995,1118
543893,996,1106
543894,1001,1090
543895,998,1077
543896,999,1069
543897,1003,1065
543898,1001,1061
543899,998,1059
543900,993,1052
543901,989,1049
543902,988,1048
543903,985,1053
543904,983,1052
543905,981,1051
543906,979,1051
543907,977,1046
543908,974,1050
543909,977,1053
543910,977,1056
543911,972,1053
543912,973,1052
543913,973,1049
543914,971,1048
543915,974,1051
543916,975,1051
543917,975,1049
543918,972,1048
543919,971,1049
543920,974,1050
543921,977,1055
543922,980,1054
543923,977,1053
543924,976,1049
543925,970,1050
543926,973,1051
543927,979,1052
543928,983,1053
543929,981,1053
543930,978,1049
543931,977,1045
543932,975,1048
543933,978,1051
543934,981,1053
543935,981,1050
543936,976,1048
543937,974,1050
543938,974,1049
543939,976,1050
543940,978,1051
543941,978,1049
543942,976,1046
543943,972,1044
543944,973,1045
543945,978,1049
543946,983,1050
543947,981,1048
543948,978,1045
543949,976,1043
543950,980,1042
543951,985,1045
543952,987,1044
543953,984,1041
543954,983,1040
543955,979,1036
543956,980,1037
543957,983,1038
543958,986,1036
543959,985,1033
543960,980,1032
543961,979,1027
543962,980,1025
543963,983,1027
543964,988,1028
543965,992,1025
543966,990,1021
543967,988,1018
543968,986,1019
543969,987,1018
543970,993,1018
543971,998,1011
543972,992,1008
543973,994,1008
543974,994,1010
543975,994,1011
543976,997,1012
543977,996,1010
543978,997,1006
543979,1000,1006
543980,1003,1006
543981,1005,1007
543982,1009,1014
543983,1009,1010
543984,1009,1008
543985,1009,1009
543986,1012,1010
543987,1016,1015
543988,1020,1015
543989,1016,1014
543990,1020,1013
543991,1016,1014
543992,1016,1017
543993,1017,1021
543994,1023,1024
543995,1020,1024
543996,1022,1027
543997,1021,1024
543998,1021,1031
543999,1021,1033
544000,1017,1037
544001,1016,1039
544002,1012,1039
544003,1008,1039
544004,1008,1045
544005,1008,1048
544006,1005,1049
544007,1005,1050
544008,1001,1052
544009,997,1054
544010,995,1054
544011,996,1053
544012,995,1054
544013,992,1055
544014,987,1052
544015,985,1053
544016,985,1054
544017,989,1057
544018,994,1058
544019,995,1052
544020,993,1052
544021,989,1052
544022,991,1053
544023,993,1056
544024,995,1058
544025,996,1056
544026,995,1054
544027,991,1051
544028,989,1055
544029,991,1058
544030,995,1057
544031,995,1054
544032,995,1054
544033,992,1054
544034,993,1055
544035,995,1060
544036,998,1060
544037,999,1059
544038,996,1058
544039,993,1059
544040,993,1059
544041,997,1064
544042,999,1063
544043,995,1060
544044,994,1059
544045,992,1059
544046,993,1060
544047,997,1063
544048,995,1061
544049,996,1059
544050,995,1057
544051,993,1058
544052,994,1058
544053,998,1064
544054,999,1065
544055,999,1064
544056,993,1060
544057,995,1057
544058,998,1060
544059,997,1065
544060,998,1067
544061,994,1064
544062,994,1063
544063,990,1061
544064,989,1063
544065,992,1063
544066,996,1059
544067,994,1053
544068,990,1052
544069,988,1051
544070,985,1055
544071,988,1057
544072,992,1058
544073,993,1055
544074,992,1051
544075,987,1056
544076,988,1058
544077,989,1060
544078,993,1065
544079,992,1063
544080,990,1062
544081,991,1060
544082,992,1063
544083,991,1064
544084,996,1065
544085,995,1063
544086,994,1060
544087,993,1059
544088,987,1063
544089,990,1068
544090,993,1066
544091,993,1064
544092,996,1062
544093,993,1061
544094,992,1062
544095,994,1065
544096,997,1065
544097,997,1062
544098,996,1062
544099,995,1060
544100,995,1061
544101,997,1066
544102,997,1067
544103,994,1062
544104,992,1060
544105,990,1061
544106,991,1063
544107,993,1069
544108,997,1069
544109,996,1065
544110,990,1068
544111,992,1065
544112,991,1068
544113,995,1069
544114,997,1070
544115,997,1068
544116,996,1063
544117,995,1064
544118,993,1066
544119,998,1065
544120,1001,1064
544121,996,1062
544122,996,1059
544123,995,1059
544124,997,1060
544125,998,1061
544126,999,1061
544127,1002,1065
544128,1001,1063
544129,1000,1061
544130,1001,1061
544131,1004,1062
544132,1008,1062
544133,1014,1057
544134,1025,1054
544135,1032,1051
544136,1044,1048
544137,1064,1050
544138,1088,1049
544139,1110,1042
544140,1137,1028
544141,1170,1018
544142,1203,1014
544143,1242,1013
544144,1277,1016
544145,1303,1024
544146,1308,1039
544147,1292,1045
544148,1255,1051
544149,1210,1055
544150,1165,1069
544151,1113,1081
544152,1063,1088
544153,1022,1091
544154,1003,1097
544155,1002,1094
544156,1010,1082
544157,1015,1075
544158,1020,1064
544159,1014,1063
544160,1008,1060
544161,1005,1064
544162,1002,1068
544163,996,1062
544164,990,1061
544165,988,1061
544166,990,1063
544167,990,1065
544168,991,1065
544169,988,1067
544170,982,1062
544171,982,1063
544172,983,1063
544173,985,1066
544174,989,1067
544175,988,1068
544176,984,1066
544177,982,1063
544178,981,1062
544179,982,1066
544180,983,1067
544181,981,1065
544182,978,1062
544183,974,1063
544184,975,1065
544185,976,1068
544186,979,1071
544187,982,1065
544188,979,1064
544189,979,1063
544190,978,1066
544191,980,1068
544192,984,1068
544193,981,1068
544194,980,1065
544195,977,1067
544196,978,1068
544197,980,1068
544198,981,1070
544199,981,1068
544200,979,1063
544201,977,1061
544202,977,1065
544203,978,1067
544204,983,1065
544205,984,1062
544206,982,1059
544207,982,1058
544208,983,1058
544209,985,1063
544210,992,1063
544211,992,1062
544212,990,1056
544213,988,1056
544214,989,1056
544215,992,1058
544216,994,1058
544217,996,1056
544218,994,1051
544219,993,1049
544220,992,1053
544221,999,1054
544222,1000,1053
544223,999,1050
544224,997,1045
544225,1001,1045
544226,998,1048
544227,1003,1051
544228,1006,1049
544229,1005,1048
544230,1007,1045
544231,1009,1041
544232,1007,1040
544233,1012,1043
544234,1014,1039
544235,1014,1036
544236,1013,1032
544237,1011,1030
544238,1010,1032
544239,1015,1033
544240,1016,1033
544241,1015,1031
544242,1014,1028
544243,1010,1029
544244,1012,1030
544245,1020,1033
544246,1023,1031
544247,1023,1031
544248,1020,1028
544249,1019,1031
544250,1019,1033
544251,1024,1037
544252,1026,1036
544253,1025,1037
544254,1024,1034
544255,1018,1035
544256,1019,1040
544257,1024,1046
544258,1027,1047
544259,1025,1050
544260,1021,1048
544261,1016,1049
544262,1017,1052
544263,1017,1055
544264,1020,1060
544265,1014,1058
544266,1011,1059
544267,1011,1061
544268,1008,1062
544269,1009,1067
544270,1010,1068
544271,1007,1069
544272,1003,1067
544273,999,1067
544274,994,1069
544275,995,1073
544276,999,1074
544277,999,1070
544278,999,1069
544279,995,1071
544280,994,1073
544281,995,1077
544282,1001,1074
544283,1001,1075
544284,998,1070
544285,996,1069
544286,995,1073
544287,997,1070
544288,1002,1071
544289,996,1066
544290,995,1064
544291,998,1065
544292,997,1067
544293,1003,1067
544294,1005,1069
544295,1003,1066
544296,1003,1062
544297,1002,1064
544298,1002,1062
544299,1007,1063
544300,1009,1063
544301,1011,1061
544302,1012,1060
544303,1012,1062
544304,1018,1065
544305,1023,1069
544306,1028,1074
544307,1031,1074
544308,1031,1072
544309,1033,1074
544310,1043,1077
544311,1052,1074
544312,1069,1064
544313,1080,1047
544314,1093,1026
544315,1103,1012
544316,1117,1001
544317,1138,989
544318,1158,977
544319,1174,960
544320,1187,938
544321,1201,913
544322,1220,892
544323,1239,878
544324,1259,867
544325,1271,856
544326,1279,848
544327,1282,839
544328,1277,835
544329,1283,836
544330,1284,833
544331,1279,829
544332,1272,827
544333,1262,824
544334,1252,826
544335,1238,832
544336,1224,838
544337,1204,842
544338,1183,845
544339,1159,856
544340,1143,869
544341,1134,884
544342,1131,901
544343,1124,914
544344,1121,925
544345,1113,935
544346,1110,946
544347,1108,955
544348,1111,965
544349,1119,972
544350,1126,976
544351,1131,983
544352,1140,988
544353,1132,996
544354,1103,1011
544355,1052,1024
544356,1004,1041
544357,971,1060
544358,955,1084
544359,951,1100
544360,952,1112
544361,943,1111
544362,933,1114
544363,923,1114
544364,920,1121
544365,918,1126
544366,919,1129
544367,915,1130
544368,910,1129
544369,905,1131
544370,903,1135
544371,903,1136
544372,905,1142
544373,901,1142
544374,897,1146
544375,895,1148
544376,892,1152
544377,894,1154
544378,898,1156
544379,894,1156
544380,893,1154
544381,888,1158
544382,888,1163
544383,883,1168
544384,888,1171
544385,888,1171
544386,884,1172
544387,882,1173
544388,884,1178
544389,886,1182
544390,889,1180
544391,886,1179
544392,884,1178
544393,879,1184
544394,877,1187
544395,878,1193
544396,880,1198
544397,881,1199
544398,875,1200
544399,874,1202
544400,870,1207
544401,870,1213
544402,873,1216
544403,873,1219
544404,871,1217
544405,866,1220
544406,868,1224
544407,869,1231
544408,876,1233
544409,876,1232
544410,875,1230
544411,872,1231
544412,874,1233
544413,879,1236
544414,881,1238
544415,884,1236
544416,885,1232
544417,886,1231
544418,887,1229
544419,895,1229
544420,899,1227
544421,903,1220
544422,904,1214
544423,906,1211
544424,910,1207
544425,919,1206
544426,924,1202
544427,926,1196
544428,928,1190
544429,929,1185
544430,932,1183
544431,935,1179
544432,940,1176
544433,941,1169
544434,943,1159
544435,943,1152
544436,945,1150
544437,953,1145
544438,956,1140
544439,959,1132
544440,959,1123
544441,959,1117
544442,964,1115
544443,965,1113
544444,969,1110
544445,969,1105
544446,970,1098
544447,968,1093
544448,969,1092
544449,975,1091
544450,976,1086
544451,979,1084
544452,978,1078
544453,976,1078
544454,976,1079
544455,979,1080
544456,980,1081
544457,981,1075
544458,977,1073
544459,975,1069
544460,976,1071
544461,980,1072
544462,982,1072
544463,977,1071
544464,978,1067
544465,976,1064
544466,977,1066
544467,979,1070
544468,981,1068
544469,982,1067
544470,980,1063
544471,980,1064
544472,981,1066
544473,982,1065
544474,983,1067
544475,981,1065
544476,980,1064
544477,979,1063
544478,979,1064
544479,981,1069
544480,983,1071
544481,980,1068
544482,980,1066
544483,977,1066
544484,978,1067
544485,979,1068
544486,979,1067
544487,979,1064
544488,978,1063
544489,978,1062
544490,981,1067
544491,986,1067
544492,992,1068
544493,993,1067
544494,991,1064
544495,990,1062
544496,990,1062
544497,992,1063
544498,994,1065
544499,992,1064
544500,988,1060
544501,984,1060
544502,985,1063
544503,988,1063
544504,993,1062
544505,990,1062
544506,988,1059
544507,985,1058
544508,984,1060
544509,987,1062
544510,988,1065
544511,989,1061
544512,984,1059
544513,978,1062
544514,983,1063
544515,986,1066
544516,988,1066
544517,988,1063
544518,984,1060
544519,980,1058
544520,981,1061
544521,984,1065
544522,987,1067
544523,986,1064
544524,985,1058
544525,985,1060
544526,983,1061
544527,985,1064
544528,987,1062
544529,988,1063
544530,986,1059
544531,985,1062
544532,986,1060
544533,987,1061
544534,989,1061
544535,987,1058
544536,984,1056
544537,983,1051
544538,986,1055
544539,987,1057
544540,992,1056
544541,990,1056
544542,990,1054
544543,989,1056
544544,989,1058
544545,992,1063
544546,994,1062
544547,996,1058
544548,988,1058
544549,986,1059
544550,986,1062
544551,991,1061
544552,991,1062
544553,985,1061
544554,984,1059
544555,986,1059
544556,985,1060
544557,985,1063
544558,985,1064
544559,986,1059
544560,986,1056
544561,987,1055
544562,989,1057
544563,990,1063
544564,992,1064
544565,992,1063
544566,988,1057
544567,984,1060
544568,987,1062
544569,991,1065
544570,994,1066
544571,992,1060
544572,987,1058
544573,986,1056
544574,984,1057
544575,988,1060
544576,992,1061
544577,990,1058
544578,987,1056
544579,985,1054
544580,985,1056
544581,987,1058
544582,990,1058
544583,989,1057
544584,987,1051
544585,983,1050
544586,982,1050
544587,985,1054
544588,989,1054
544589,989,1052
544590,986,1049
544591,985,1049
544592,985,1051
544593,988,1054
544594,989,1057
544595,991,1052
544596,990,1053
544597,987,1051
544598,988,1056
544599,992,1057
544600,995,1057
544601,992,1057
544602,988,1055
544603,983,1053
544604,983,1056
544605,989,1058
544606,991,1060
544607,989,1058
544608,986,1054
544609,984,1057
544610,985,1057
544611,989,1061
544612,989,1063
544613,987,1061
544614,985,1058
544615,984,1057
544616,983,1060
544617,988,1062
544618,991,1062
544619,990,1061
544620,990,1058
544621,987,1054
544622,986,1058
544623,989,1061
544624,995,1060
544625,993,1058
544626,989,1055
544627,983,1052
544628,982,1053
544629,986,1057
544630,990,1057
544631,990,1056
544632,987,1052
544633,985,1049
544634,985,1049
544635,987,1049
544636,990,1049
544637,990,1050
544638,992,1046
544639,991,1046
544640,993,1049
544641,992,1054
544642,996,1056
544643,996,1056
544644,994,1054
544645,992,1053
544646,994,1056
544647,998,1060
544648,999,1060
544649,998,1057
544650,998,1054
544651,997,1054
544652,994,1053
544653,998,1059
544654,999,1058
544655,998,1057
544656,993,1053
544657,993,1054
544658,993,1058
544659,995,1063
544660,1000,1062
544661,1001,1060
544662,1000,1060
544663,994,1056
544664,993,1058
544665,998,1062
544666,1003,1061
544667,1003,1056
544668,999,1056
544669,998,1057
544670,1001,1057
544671,1005,1057
544672,1009,1055
544673,1011,1050
544674,1012,1043
544675,1017,1042
544676,1024,1039
544677,1038,1038
544678,1054,1035
544679,1071,1030
544680,1092,1022
544681,1116,1009
544682,1157,997
544683,1195,988
544684,1230,989
544685,1261,989
544686,1279,998
544687,1287,1014
544688,1273,1029
544689,1239,1036
544690,1190,1041
544691,1139,1050
544692,1088,1063
544693,1043,1074
544694,1017,1083
544695,1008,1086
544696,1011,1077
544697,1017,1066
544698,1013,1054
544699,1010,1052
544700,1006,1052
544701,1001,1056
544702,1000,1055
544703,993,1051
544704,992,1049
544705,987,1051
544706,984,1055
544707,986,1059
544708,990,1058
544709,986,1057
544710,981,1055
544711,978,1057
544712,978,1057
544713,977,1061
544714,980,1062
544715,982,1058
544716,979,1055
544717,980,1054
544718,981,1054
544719,981,1057
544720,982,1056
544721,979,1052
544722,974,1047
544723,972,1048
544724,972,1049
544725,974,1054
544726,979,1053
544727,978,1050
544728,977,1049
544729,980,1049
544730,979,1050
544731,984,1055
544732,985,1054
544733,985,1051
544734,981,1048
544735,980,1050
544736,981,1054
544737,982,1057
544738,985,1054
544739,983,1054
544740,982,1051
544741,978,1050
544742,980,1053
544743,981,1055
544744,985,1052
544745,984,1050
544746,984,1048
544747,985,1046
544748,990,1050
544749,989,1053
544750,993,1052
544751,992,1048
544752,990,1045
544753,991,1045
544754,992,1046
544755,994,1045
544756,993,1046
544757,992,1041
544758,992,1039
544759,994,1036
544760,996,1036
544761,1001,1040
544762,1002,1035
544763,1000,1034
544764,998,1026
544765,994,1026
544766,997,1026
544767,1002,1028
544768,1007,1027
544769,1009,1021
544770,1007,1020
544771,1007,1016
544772,1012,1015
544773,1017,1016
544774,1021,1013
544775,1014,1011
544776,1014,1007
544777,1011,1003
544778,1018,1003
544779,1029,1007
544780,1035,1007
544781,1039,1005
544782,1040,1002
544783,1037,1003
544784,1037,1010
544785,1041,1014
544786,1046,1017
544787,1048,1016
544788,1048,1015
544789,1048,1016
544790,1048,1022
544791,1050,1026
544792,1052,1027
544793,1048,1028
544794,1043,1028
544795,1039,1030
544796,1040,1033
544797,1044,1039
544798,1043,1042
544799,1039,1042
544800,1036,1040
544801,1028,1042
544802,1026,1044
544803,1025,1047
544804,1025,1049
544805,1023,1047
544806,1020,1046
544807,1017,1049
544808,1016,1049
544809,1017,1052
544810,1018,1052
544811,1019,1050
544812,1016,1048
544813,1013,1043
544814,1010,1048
544815,1011,1049
544816,1015,1049
544817,1010,1047
544818,1008,1043
544819,1006,1043
544820,1002,1046
544821,1007,1048
544822,1012,1050
544823,1013,1047
544824,1007,1042
544825,1007,1041
544826,1006,1042
544827,1010,1046
544828,1014,1050
544829,1011,1047
544830,1005,1042
544831,1004,1045
544832,1005,1049
544833,1004,1051
544834,1006,1053
544835,1008,1051
544836,1010,1049
544837,1009,1049
544838,1009,1053
544839,1010,1056
544840,1014,1055
544841,1013,1053
544842,1010,1053
544843,1007,1049
544844,1009,1053
544845,1011,1054
544846,1014,1056
544847,1011,1054
544848,1007,1049
544849,1002,1048
544850,1001,1049
544851,1005,1053
544852,1006,1048
544853,1008,1048
544854,1006,1045
544855,1004,1049
544856,1004,1049
544857,1006,1054
544858,1008,1051
544859,1009,1050
544860,1002,1048
544861,1002,1047
544862,1000,1049
544863,1006,1050
544864,1009,1048
544865,1010,1048
544866,1008,1044
544867,1005,1039
544868,1004,1046
544869,1009,1046
544870,1008,1047
544871,1006,1044
544872,999,1043
544873,1000,1044
544874,1002,1044
544875,1005,1047
544876,1002,1049
544877,1001,1048
544878,1000,1047
544879,998,1048
544880,1002,1050
544881,1003,1053
544882,1006,1055
544883,1001,1054
544884,1000,1049
544885,996,1050
544886,997,1054
544887,995,1055
544888,998,1057
544889,998,1055
544890,996,1056
544891,995,1056
544892,997,1055
544893,1002,1058
544894,1003,1060
544895,1001,1059
544896,997,1058
544897,991,1056
544898,990,1059
544899,993,1058
544900,997,1058
544901,997,1057
544902,995,1051
544903,995,1054
544904,997,1056
544905,998,1059
544906,999,1055
544907,997,1056
544908,995,1052
544909,993,1052
544910,994,1054
544911,994,1055
544912,997,1054
544913,992,1052
544914,989,1050
544915,989,1051
544916,992,1053
544917,992,1056
544918,995,1054
544919,993,1051
544920,993,1047
544921,989,1049
544922,985,1052
544923,991,1053
544924,994,1051
544925,998,1053
544926,996,1053
544927,993,1054
544928,992,1058
544929,997,1059
544930,997,1062
544931,997,1058
544932,995,1057
544933,993,1057
544934,992,1061
544935,994,1063
544936,997,1061
544937,1000,1059
544938,997,1056
544939,990,1058
544940,993,1058
544941,994,1062
544942,998,1060
544943,997,1060
544944,989,1055
544945,988,1057
544946,987,1057
544947,990,1060
544948,996,1059
544949,994,1057
544950,990,1056
544951,987,1056
544952,987,1059
544953,993,1063
544954,996,1063
544955,994,1061
544956,992,1058
544957,987,1057
544958,990,1061
544959,995,1060
544960,997,1061
544961,994,1058
544962,995,1056
544963,991,1060
544964,992,1060
544965,994,1062
544966,997,1059
544967,998,1054
544968,996,1050
544969,995,1052
544970,997,1053
544971,998,1052
544972,1001,1051
544973,1000,1048
544974,998,1048
544975,996,1046
544976,1000,1047
544977,1002,1053
544978,1003,1052
544979,1005,1052
544980,1002,1053
544981,999,1054
544982,1002,1055
544983,1004,1056
544984,1005,1060
544985,1007,1055
544986,1007,1054
544987,1006,1052
544988,1005,1051
544989,1011,1051
544990,1019,1050
544991,1025,1046
544992,1034,1040
544993,1043,1037
544994,1057,1034
544995,1080,1034
544996,1108,1029
544997,1140,1013
544998,1169,1001
544999,1206,996
545000,1243,1004
545001,1274,1018
545002,1290,1033
545003,1286,1044
545004,1258,1045
545005,1216,1045
545006,1170,1054
545007,1124,1070
545008,1077,1087
545009,1034,1096
545010,998,1102
545011,987,1106
545012,988,1099
545013,999,1089
545014,1008,1077
545015,1008,1069
545016,1005,1060
545017,999,1058
545018,993,1057
545019,992,1059
545020,994,1058
545021,990,1056
545022,985,1052
545023,978,1053
545024,979,1056
545025,982,1058
545026,985,1061
545027,985,1060
545028,980,1057
545029,977,1058
545030,976,1062
545031,978,1062
545032,980,1063
545033,982,1064
545034,981,1058
545035,978,1059
545036,979,1061
545037,980,1063
545038,982,1066
545039,980,1063
545040,974,1062
545041,971,1059
545042,970,1061
545043,971,1062
545044,971,1062
545045,972,1060
545046,970,1056
545047,971,1057
545048,973,1058
545049,975,1061
545050,978,1058
545051,977,1056
545052,975,1056
545053,973,1057
545054,974,1056
545055,977,1061
545056,981,1059
545057,980,1057
545058,978,1054
545059,976,1051
545060,977,1053
545061,982,1052
545062,983,1053
545063,981,1049
545064,978,1046
545065,977,1044
545066,977,1045
545067,985,1042
545068,984,1041
545069,989,1039
545070,987,1035
545071,985,1036
545072,989,1039
545073,994,1041
545074,995,1039
545075,994,1036
545076,990,1034
545077,992,1033
545078,989,1032
545079,995,1036
545080,997,1036
545081,996,1031
545082,997,1030
545083,994,1027
545084,997,1029
545085,996,1031
545086,1002,1029
545087,1002,1027
545088,1002,1024
545089,999,1023
545090,1000,1022
545091,1002,1026
545092,1006,1024
545093,1005,1022
545094,1004,1019
545095,1000,1018
545096,1004,1021
545097,1008,1023
545098,1011,1022
545099,1013,1022
545100,1011,1020
545101,1008,1018
545102,1009,1021
545103,1011,1024
545104,1017,1023
545105,1015,1024
545106,1013,1027
545107,1013,1028
545108,1014,1031
545109,1017,1033
545110,1018,1035
545111,1015,1036
545112,1010,1038
545113,1006,1038
545114,1004,1043
545115,1006,1047
545116,1006,1049
545117,1005,1051
545118,1001,1050
545119,997,1054
545120,999,1063
545121,1002,1065
545122,1004,1064
545123,1003,1066
545124,997,1066
545125,992,1065
545126,994,1068
545127,995,1069
545128,998,1069
545129,998,1069
545130,997,1064
545131,991,1066
545132,992,1067
545133,995,1070
545134,1000,1068
545135,996,1065
545136,993,1063
545137,994,1063
545138,990,1066
545139,992,1069
545140,993,1066
545141,996,1062
545142,996,1061
545143,993,1061
545144,992,1064
545145,995,1065
545146,998,1064
545147,997,1062
545148,994,1059
545149,994,1058
545150,996,1060
545151,998,1060
545152,1000,1062
545153,1000,1060
545154,997,1057
545155,995,1056
545156,996,1057
545157,998,1059
545158,995,1059
545159,993,1057
545160,989,1053
545161,987,1051
545162,988,1052
545163,992,1056
545164,998,1056
545165,994,1056
545166,992,1055
545167,992,1053
545168,991,1055
545169,993,1060
545170,992,1060
545171,995,1060
545172,989,1057
545173,990,1055
545174,994,1060
545175,994,1063
545176,997,1062
545177,997,1061
545178,993,1060
545179,990,1059
545180,986,1062
545181,992,1065
545182,996,1065
545183,996,1064
545184,989,1061
545185,990,1062
545186,990,1063
545187,990,1065
545188,993,1064
545189,993,1062
545190,988,1058
545191,983,1059
545192,984,1061
545193,989,1065
545194,993,1065
545195,993,1061
545196,991,1060
545197,989,1058
545198,986,1060
545199,987,1064
545200,992,1061
545201,992,1061
545202,988,1056
545203,991,1058
545204,992,1060
545205,992,1061
545206,996,1062
545207,993,1063
545208,992,1058
545209,989,1056
545210,991,1059
545211,989,1061
545212,993,1063
545213,992,1060
545214,992,1057
545215,990,1058
545216,995,1061
545217,996,1068
545218,997,1067
545219,996,1066
545220,996,1065
545221,994,1064
545222,1000,1068
545223,999,1070
545224,1004,1071
545225,1004,1071
545226,1001,1068
545227,1001,1067
545228,1002,1068
545229,1006,1072
545230,1008,1069
545231,1011,1063
545232,1011,1058
545233,1013,1058
545234,1021,1059
545235,1030,1062
545236,1051,1058
545237,1068,1054
545238,1091,1042
545239,1116,1032
545240,1151,1023
545241,1187,1021
545242,1221,1017
545243,1259,1022
545244,1282,1030
545245,1283,1047
545246,1264,1057
545247,1231,1060
545248,1187,1062
545249,1135,1076
545250,1082,1090
545251,1035,1104
545252,1004,1113
545253,989,1117
545254,990,1110
545255,994,1092
545256,995,1077
545257,1001,1067
545258,1008,1058
545259,1010,1055
545260,1005,1051
545261,988,1053
545262,976,1057
545263,968,1062
545264,968,1066
545265,969,1070
545266,972,1066
545267,969,1062
545268,968,1061
545269,969,1061
545270,969,1064
545271,975,1067
545272,976,1065
545273,978,1064
545274,977,1060
545275,974,1059
545276,973,1060
545277,976,1066
545278,977,1068
545279,979,1067
545280,975,1067
545281,970,1062
545282,970,1064
545283,973,1067
545284,974,1067
545285,971,1063
545286,973,1062
545287,973,1064
545288,975,1067
545289,978,1067
545290,982,1066
545291,980,1065
545292,974,1061
545293,975,1063
545294,978,1063
545295,980,1067
545296,983,1065
545297,979,1061
545298,978,1058
545299,975,1059
545300,979,1063
545301,979,1061
545302,980,1058
545303,977,1055
545304,977,1056
545305,975,1050
545306,978,1054
545307,980,1057
545308,982,1054
545309,982,1053
545310,977,1048
545311,975,1047
545312,978,1046
545313,982,1047
545314,984,1044
545315,981,1045
545316,979,1042
545317,975,1041
545318,976,1044
545319,984,1047
545320,992,1047
545321,996,1038
545322,997,1032
545323,994,1034
545324,994,1038
545325,996,1042
545326,1000,1044
545327,1000,1040
545328,998,1037
545329,1001,1035
545330,1000,1035
545331,1004,1034
545332,1007,1035
545333,1008,1031
545334,1008,1030
545335,1007,1029
545336,1009,1028
545337,1013,1031
545338,1015,1031
545339,1013,1027
545340,1010,1023
545341,1008,1023
545342,1008,1021
545343,1014,1027
545344,1019,1022
545345,1020,1021
545346,1016,1017
545347,1013,1019
545348,1012,1022
545349,1014,1024
545350,1020,1024
545351,1018,1024
545352,1015,1022
545353,1013,1023
545354,1012,1027
545355,1016,1030
545356,1015,1035
545357,1017,1034
545358,1011,1033
545359,1007,1036
545360,1007,1036
545361,1004,1041
545362,1006,1042
545363,1003,1041
545364,998,1040
545365,994,1042
545366,991,1044
545367,995,1050
545368,1001,1052
545369,1002,1054
545370,1000,1052
545371,996,1054
545372,998,1059
545373,999,1062
545374,998,1064
545375,995,1064
545376,993,1063
545377,992,1064
545378,998,1067
545379,1005,1068
545380,1007,1067
545381,1001,1066
545382,998,1063
545383,992,1062
545384,997,1064
545385,998,1068
545386,1001,1065
545387,1001,1062
545388,998,1060
545389,995,1062
545390,994,1065
545391,994,1066
545392,997,1063
545393,997,1061
545394,994,1059
545395,990,1059
545396,991,1060
545397,995,1062
545398,1002,1059
545399,1004,1057
545400,1000,1057
545401,996,1055
545402,993,1059
545403,993,1061
545404,995,1060
545405,996,1061
545406,994,1056
545407,994,1057
545408,998,1059
545409,999,1060
545410,997,1056
545411,997,1054
545412,995,1050
545413,992,1052
545414,991,1053
545415,992,1057
545416,992,1056
545417,991,1055
545418,988,1050
545419,986,1052
545420,987,1055
545421,993,1058
545422,998,1059
545423,999,1059
545424,997,1057
545425,995,1057
545426,996,1062
545427,997,1064
545428,1001,1063
545429,1001,1063
545430,996,1061
545431,996,1061
545432,995,1066
545433,995,1066
545434,998,1068
545435,999,1067
545436,998,1064
545437,991,1063
545438,992,1067
545439,994,1070
545440,995,1068
545441,992,1068
545442,994,1065
545443,992,1062
545444,993,1064
545445,996,1067
545446,994,1068
545447,992,1066
545448,986,1063
545449,984,1067
545450,984,1070
545451,986,1073
545452,988,1070
545453,992,1069
545454,994,1067
545455,994,1062
545456,990,1063
545457,992,1065
545458,994,1067
545459,992,1063
545460,989,1057
545461,988,1057
545462,989,1059
545463,992,1063
545464,997,1061
545465,998,1058
545466,995,1055
545467,989,1053
545468,993,1054
545469,993,1055
545470,996,1054
545471,998,1052
545472,995,1048
545473,994,1048
545474,993,1051
545475,992,1055
545476,999,1056
545477,996,1056
545478,996,1054
545479,994,1056
545480,996,1057
545481,996,1062
545482,1003,1060
545483,999,1061
545484,996,1059
545485,994,1061
545486,997,1062
545487,1002,1064
545488,1006,1064
545489,1005,1059
545490,1001,1058
545491,998,1060
545492,998,1060
545493,1000,1064
545494,1003,1065
545495,1003,1062
545496,999,1056
545497,996,1058
545498,1000,1062
545499,1000,1066
545500,1001,1064
545501,1002,1066
545502,1000,1061
545503,1000,1062
545504,1004,1062
545505,1010,1061
545506,1019,1056
545507,1025,1051
545508,1033,1047
545509,1044,1043
545510,1058,1043
545511,1083,1040
545512,1112,1031
545513,1143,1018
545514,1174,1005
545515,1207,1000
545516,1240,1002
545517,1270,1013
545518,1288,1029
545519,1284,1041
545520,1257,1049
545521,1211,1052
545522,1167,1061
545523,1114,1080
545524,1062,1092
545525,1016,1097
545526,985,1096
545527,976,1091
545528,984,1085
545529,993,1077
545530,1003,1065
545531,1001,1059
545532,993,1053
545533,989,1053
545534,988,1055
545535,992,1060
545536,994,1059
545537,992,1059
545538,985,1060
545539,980,1060
545540,979,1063
545541,980,1067
545542,982,1066
545543,975,1063
545544,975,1062
545545,974,1065
545546,977,1065
545547,977,1067
545548,978,1068
545549,978,1066
545550,973,1063
545551,970,1065
545552,969,1067
545553,973,1070
545554,974,1066
545555,974,1068
545556,970,1065
545557,967,1064
545558,968,1064
545559,970,1066
545560,972,1064
545561,970,1062
545562,966,1058
545563,963,1059
545564,961,1063
545565,963,1063
545566,970,1062
545567,970,1060
545568,969,1058
545569,967,1059
545570,966,1062
545571,972,1063
545572,973,1061
545573,973,1059
545574,970,1056
545575,965,1057
545576,965,1059
545577,971,1061
545578,973,1058
545579,973,1055
545580,966,1049
545581,964,1045
545582,968,1045
545583,970,1050
545584,975,1048
545585,974,1045
545586,972,1044
545587,971,1044
545588,972,1048
545589,974,1051
545590,978,1049
545591,979,1047
545592,979,1044
545593,980,1046
545594,980,1047
545595,987,1049
545596,991,1047
545597,988,1045
545598,984,1043
545599,985,1045
545600,985,1045
545601,988,1045
545602,995,1043
545603,996,1041
545604,992,1036
545605,993,1037
545606,995,1038
545607,1002,1042
545608,1004,1042
545609,1006,1040
545610,1005,1035
545611,1002,1031
545612,999,1027
545613,1004,1032
545614,1006,1034
545615,1007,1031
545616,1005,1028
545617,1006,1027
545618,1011,1029
545619,1012,1030
545620,1014,1029
545621,1016,1026
545622,1011,1023
545623,1007,1028
545624,1007,1031
545625,1007,1034
545626,1010,1037
545627,1008,1033
545628,1005,1035
545629,1003,1037
545630,1001,1039
545631,1001,1043
545632,1003,1043
545633,1000,1043
545634,995,1042
545635,992,1042
545636,990,1045
545637,991,1055
545638,992,1055
545639,992,1056
545640,993,1056
545641,992,1058
545642,988,1058
545643,986,1063
545644,986,1064
545645,985,1066
545646,983,1071
545647,982,1079
545648,978,1076
545649,985,1071
545650,985,1065
545651,981,1062
545652,980,1062
545653,980,1066
545654,977,1071
545655,980,1070
545656,982,1070
545657,979,1067
545658,976,1069
545659,975,1072
545660,980,1069
545661,982,1068
545662,981,1069
545663,978,1066
545664,974,1065
545665,972,1065
545666,971,1066
545667,977,1068
545668,986,1067
545669,989,1064
545670,986,1062
545671,980,1055
545672,978,1058
545673,982,1063
545674,983,1067
545675,978,1070
545676,975,1068
545677,976,1065
545678,975,1063
545679,979,1064
545680,981,1062
545681,978,1060
545682,974,1058
545683,974,1057
545684,975,1057
545685,978,1052
545686,980,1048
545687,974,1047
545688,964,1052
545689,958,1055
545690,963,1063
545691,969,1064
545692,972,1061
545693,974,1057
545694,968,1057
545695,965,1063
545696,961,1071
545697,962,1071
545698,967,1067
545699,968,1065
545700,966,1065
545701,963,1060
545702,960,1062
545703,965,1065
545704,966,1067
545705,968,1064
545706,964,1063
545707,963,1065
545708,962,1064
545709,964,1061
545710,964,1067
545711,971,1073
545712,969,1070
545713,969,1061
545714,970,1055
545715,968,1056
545716,964,1060
545717,960,1064
545718,960,1062
545719,964,1064
545720,969,1065
545721,974,1056
545722,974,1053
545723,966,1054
545724,963,1060
545725,962,1068
545726,959,1075
545727,962,1074
545728,961,1071
545729,961,1065
545730,958,1057
545731,957,1056
545732,959,1060
545733,961,1067
545734,964,1070
545735,960,1068
545736,956,1064
545737,955,1064
545738,957,1060
545739,962,1053
545740,963,1051
545741,959,1053
545742,954,1059
545743,956,1063
545744,957,1062
545745,960,1064
545746,963,1063
545747,961,1062
545748,958,1066
545749,962,1072
545750,962,1070
545751,967,1061
545752,967,1054
545753,965,1055
545754,957,1062
545755,952,1073
545756,951,1078
545757,960,1079
545758,964,1073
545759,961,1066
545760,962,1065
545761,961,1067
545762,964,1072
545763,966,1079
545764,969,1074
545765,967,1057
545766,959,1049
545767,951,1052
545768,947,1060
545769,952,1069
545770,956,1073
545771,959,1071
545772,959,1068
545773,959,1070
545774,958,1068
545775,962,1066
545776,968,1055
545777,969,1051
545778,962,1051
545779,960,1058
545780,955,1071
545781,956,1077
545782,963,1075
545783,968,1064
545784,973,1046
545785,970,1032
545786,965,1036
545787,964,1047
545788,966,1059
545789,965,1067
545790,968,1064
545791,965,1057
545792,965,1052
545793,965,1048
545794,968,1046
545795,964,1044
545796,959,1052
545797,960,1054
545798,964,1059
545799,967,1059
545800,970,1064
545801,972,1065
545802,970,1055
545803,969,1044
545804,968,1044
545805,970,1053
545806,965,1060
545807,964,1062
545808,965,1059
545809,967,1057
545810,968,1062
545811,973,1062
545812,972,1061
545813,976,1055
545814,971,1050
545815,972,1048
545816,979,1051
545817,990,1056
545818,1001,1053
545819,1014,1043
545820,1025,1032
545821,1042,1024
545822,1062,1017
545823,1095,1005
545824,1130,995
545825,1166,987
545826,1196,990
545827,1225,1006
545828,1249,1028
545829,1258,1051
545830,1246,1061
545831,1210,1057
545832,1159,1057
545833,1105,1066
545834,1060,1082
545835,1020,1098
545836,991,1106
545837,975,1105
545838,967,1096
545839,967,1077
545840,964,1074
545841,966,1073
545842,970,1071
545843,971,1065
545844,969,1059
545845,963,1058
545846,963,1057
545847,961,1060
545848,962,1060
545849,954,1054
545850,948,1047
545851,942,1053
545852,942,1060
545853,945,1066
545854,953,1061
545855,952,1053
545856,949,1054
545857,946,1052
545858,947,1057
545859,946,1058
545860,948,1062
545861,946,1060
545862,942,1053
545863,939,1048
545864,939,1049
545865,939,1056
545866,945,1060
545867,942,1060
545868,942,1058
545869,941,1061
545870,942,1062
545871,944,1063
545872,945,1056
545873,938,1052
545874,940,1052
545875,939,1054
545876,941,1057
545877,945,1061
545878,952,1057
545879,953,1052
545880,951,1048
545881,944,1042
545882,940,1046
545883,939,1053
545884,942,1056
545885,942,1051
545886,940,1044
545887,938,1041
545888,940,1039
545889,944,1041
545890,945,1043
545891,949,1040
545892,947,1035
545893,944,1031
545894,943,1030
545895,945,1036
545896,949,1037
545897,954,1039
545898,955,1037
545899,953,1032
545900,954,1033
545901,956,1037
545902,960,1036
545903,959,1031
545904,959,1027
545905,959,1027
545906,957,1029
545907,962,1034
545908,965,1031
545909,966,1025
545910,967,1021
545911,962,1020
545912,962,1019
545913,962,1018
545914,963,1018
545915,960,1021
545916,962,1022
545917,962,1023
545918,965,1029
545919,969,1032
545920,979,1030
545921,981,1018
545922,977,1003
545923,968,1005
545924,966,1010
545925,966,1021
545926,968,1021
545927,971,1021
545928,974,1016
545929,977,1016
545930,982,1014
545931,990,1005
545932,989,1004
545933,979,1001
545934,969,1007
545935,964,1014
545936,968,1020
545937,973,1021
545938,978,1023
545939,978,1019
545940,977,1020
545941,977,1021
545942,977,1021
545943,978,1024
545944,981,1026
545945,976,1028
545946,977,1034
545947,975,1040
545948,977,1044
545949,980,1048
545950,979,1050
545951,978,1048
545952,973,1049
545953,973,1052
545954,972,1052
545955,969,1050
545956,970,1055
545957,966,1060
545958,965,1063
545959,963,1060
545960,964,1060
545961,966,1063
545962,966,1064
545963,967,1065
545964,964,1064
545965,960,1061
545966,962,1064
545967,966,1067
545968,968,1067
545969,965,1066
545970,967,1062
545971,962,1063
545972,967,1067
545973,970,1069
545974,969,1066
545975,970,1064
545976,967,1062
545977,968,1063
545978,969,1067
545979,977,1065
545980,981,1053
545981,979,1046
545982,968,1048
545983,962,1059
545984,960,1072
545985,956,1074
545986,963,1071
545987,961,1067
545988,960,1066
545989,960,1062
545990,969,1061
545991,973,1059
545992,973,1049
545993,970,1044
545994,961,1045
545995,957,1048
545996,961,1054
545997,963,1057
545998,969,1053
545999,970,1052
546000,967,1049
546001,965,1048
546002,966,1048
546003,970,1053
546004,975,1051
546005,972,1053
546006,972,1054
546007,967,1053
546008,968,1052
546009,971,1055
546010,977,1056
546011,975,1053
546012,975,1049
546013,972,1051
546014,971,1055
546015,974,1060
546016,973,1060
546017,970,1061
546018,971,1057
546019,969,1060
546020,967,1063
546021,971,1064
546022,974,1060
546023,975,1057
546024,971,1057
546025,970,1061
546026,970,1066
546027,973,1069
546028,974,1066
546029,972,1057
546030,967,1055
546031,964,1058
546032,964,1065
546033,966,1071
546034,970,1069
546035,972,1066
546036,973,1057
546037,975,1053
546038,971,1052
546039,963,1056
546040,961,1066
546041,962,1064
546042,963,1063
546043,961,1060
546044,965,1063
546045,967,1064
546046,971,1062
546047,973,1056
546048,969,1051
546049,963,1056
546050,962,1058
546051,961,1066
546052,965,1065
546053,966,1065
546054,964,1061
546055,962,1057
546056,964,1060
546057,968,1062
546058,972,1060
546059,971,1055
546060,964,1054
546061,961,1054
546062,966,1056
546063,969,1058
546064,973,1058
546065,970,1056
546066,967,1055
546067,970,1057
546068,971,1062
546069,974,1066
546070,974,1068
546071,973,1067
546072,973,1064
546073,973,1063
546074,970,1062
546075,970,1062
546076,970,1066
546077,966,1071
546078,962,1073
546079,962,1072
546080,961,1071
546081,966,1073
546082,966,1075
546083,967,1071
546084,967,1069
546085,965,1067
546086,968,1068
546087,969,1070
546088,969,1069
546089,971,1065
546090,967,1064
546091,963,1064
546092,964,1068
546093,969,1073
546094,971,1067
546095,972,1064
546096,970,1061
546097,967,1062
546098,967,1062
546099,972,1064
546100,977,1068
546101,975,1068
546102,971,1066
546103,970,1063
546104,971,1065
546105,974,1066
546106,975,1063
546107,975,1061
546108,971,1060
546109,967,1057
546110,969,1058
546111,970,1058
546112,971,1059
546113,970,1058
546114,967,1058
546115,963,1056
546116,966,1059
546117,969,1062
546118,972,1062
546119,970,1061
546120,970,1059
546121,969,1061
546122,968,1066
546123,972,1069
546124,976,1071
546125,976,1068
546126,974,1061
546127,973,1063
546128,970,1067
546129,972,1075
546130,972,1076
546131,971,1072
546132,972,1070
546133,971,1067
546134,970,1071
546135,973,1072
546136,974,1074
546137,976,1070
546138,975,1067
546139,972,1068
546140,971,1067
546141,974,1066
546142,974,1065
546143,976,1067
546144,973,1063
546145,974,1063
546146,978,1064
546147,980,1064
546148,984,1065
546149,983,1062
546150,983,1062
546151,983,1059
546152,982,1061
546153,986,1065
546154,986,1067
546155,985,1065
546156,984,1060
546157,983,1061
546158,983,1059
546159,984,1057
546160,988,1058
546161,988,1053
546162,988,1048
546163,992,1047
546164,999,1045
546165,1011,1045
546166,1025,1041
546167,1037,1036
546168,1051,1031
546169,1075,1022
546170,1102,1013
546171,1137,1003
546172,1169,995
546173,1199,995
546174,1223,998
546175,1250,1016
546176,1268,1044
546177,1265,1069
546178,1242,1079
546179,1204,1079
546180,1154,1080
546181,1104,1094
546182,1052,1109
546183,1008,1120
546184,983,1129
546185,974,1128
546186,974,1112
546187,975,1099
546188,980,1090
546189,982,1088
546190,984,1084
546191,986,1077
546192,981,1072
546193,973,1074
546194,970,1069
546195,969,1067
546196,969,1065
546197,964,1064
546198,958,1063
546199,959,1062
546200,960,1065
546201,961,1066
546202,965,1067
546203,966,1064
546204,962,1063
546205,956,1060
546206,956,1063
546207,954,1063
546208,961,1066
546209,960,1064
546210,957,1062
546211,955,1061
546212,958,1064
546213,961,1065
546214,963,1066
546215,960,1065
546216,956,1064
546217,955,1062
546218,954,1062
546219,959,1062
546220,960,1063
546221,957,1061
546222,955,1063
546223,951,1060
546224,952,1058
546225,955,1057
546226,956,1057
546227,958,1057
546228,955,1053
546229,954,1055
546230,956,1058
546231,958,1062
546232,959,1062
546233,959,1062
546234,955,1059
546235,956,1058
546236,955,1058
546237,961,1061
546238,962,1060
546239,961,1055
546240,961,1052
546241,962,1053
546242,966,1055
546243,969,1054
546244,971,1054
546245,966,1050
546246,966,1046
546247,967,1042
546248,971,1046
546249,975,1050
546250,979,1045
546251,979,1038
546252,978,1036
546253,977,1036
546254,977,1037
546255,981,1038
546256,982,1035
546257,987,1032
546258,983,1030
546259,980,1027
546260,983,1028
546261,984,1031
546262,986,1029
546263,987,1024
546264,986,1023
546265,984,1021
546266,986,1022
546267,993,1022
546268,995,1021
546269,991,1018
546270,988,1014
546271,984,1016
546272,986,1019
546273,994,1024
546274,1000,1024
546275,999,1022
546276,999,1020
546277,991,1020
546278,994,1023
546279,994,1029
546280,998,1033
546281,998,1028
546282,997,1024
546283,997,1025
546284,998,1032
546285,1000,1038
546286,1003,1041
546287,1001,1043
546288,998,1039
546289,996,1040
546290,993,1046
546291,997,1049
546292,1000,1052
546293,999,1054
546294,993,1054
546295,992,1055
546296,993,1059
546297,993,1064
546298,996,1064
546299,993,1064
546300,992,1063
546301,989,1062
546302,990,1065
546303,991,1071
546304,989,1067
546305,986,1068
546306,982,1068
546307,980,1067
546308,983,1069
546309,983,1071
546310,983,1071
546311,979,1066
546312,978,1062
546313,977,1065
546314,979,1065
546315,981,1070
546316,981,1069
546317,974,1066
546318,970,1061
546319,973,1066
546320,973,1067
546321,977,1072
546322,976,1069
546323,973,1069
546324,974,1068
546325,974,1067
546326,977,1067
546327,982,1072
546328,982,1071
546329,982,1070
546330,980,1069
546331,976,1072
546332,977,1070
546333,980,1073
546334,984,1073
546335,982,1071
546336,980,1067
546337,977,1068
546338,981,1067
546339,984,1068
546340,986,1069
546341,986,1068
546342,983,1067
546343,978,1065
546344,979,1069
546345,984,1072
546346,985,1070
546347,983,1065
546348,981,1063
546349,976,1062
546350,974,1065
546351,978,1069
546352,982,1068
546353,985,1069
546354,982,1066
546355,977,1063
546356,977,1067
546357,979,1068
546358,984,1068
546359,983,1062
546360,979,1059
546361,977,1061
546362,979,1063
546363,980,1066
546364,983,1068
546365,980,1066
546366,974,1067
546367,971,1066
546368,974,1069
546369,975,1071
546370,976,1071
546371,975,1072
546372,969,1070
546373,968,1070
546374,970,1074
546375,976,1080
546376,980,1078
546377,978,1076
546378,975,1072
546379,973,1073
546380,975,1076
546381,974,1078
546382,978,1078
546383,976,1076
546384,976,1072
546385,974,1070
546386,974,1075
546387,978,1075
546388,979,1075
546389,978,1075
546390,977,1073
546391,973,1075
546392,973,1078
546393,976,1080
546394,979,1077
546395,976,1073
546396,975,1070
546397,976,1071
546398,973,1074
546399,977,1079
546400,978,1075
546401,980,1070
546402,978,1068
546403,974,1069
546404,975,1072
546405,980,1073
546406,980,1070
546407,980,1069
546408,976,1065
546409,974,1063
546410,973,1064
546411,974,1073
546412,978,1071
546413,982,1069
546414,978,1066
546415,977,1064
546416,983,1067
546417,984,1069
546418,988,1068
546419,988,1070
546420,985,1065
546421,989,1060
546422,998,1061
546423,1007,1059
546424,1020,1058
546425,1031,1052
546426,1045,1046
546427,1069,1039
546428,1101,1027
546429,1139,1023
546430,1183,1018
546431,1221,1023
546432,1251,1039
546433,1274,1068
546434,1274,1089
546435,1248,1097
546436,1202,1097
546437,1146,1099
546438,1086,1110
546439,1028,1128
546440,986,1140
546441,966,1140
546442,970,1135
546443,976,1118
546444,974,1103
546445,976,1090
546446,977,1085
546447,979,1084
546448,978,1081
546449,971,1077
546450,969,1071
546451,964,1069
546452,962,1069
546453,964,1074
546454,964,1068
546455,961,1066
546456,958,1061
546457,954,1066
546458,956,1064
546459,957,1068
546460,956,1065
546461,954,1065
546462,957,1064
546463,956,1064
546464,962,1066
546465,967,1071
546466,967,1074
546467,962,1070
546468,960,1068
546469,959,1067
546470,963,1068
546471,964,1070
546472,964,1069
546473,961,1067
546474,959,1066
546475,954,1066
546476,954,1069
546477,953,1067
546478,962,1072
546479,959,1071
546480,958,1068
546481,959,1069
546482,960,1069
546483,961,1071
546484,965,1071
546485,963,1066
546486,958,1063
546487,959,1065
546488,958,1068
546489,956,1072
546490,960,1069
546491,960,1067
546492,960,1060
546493,960,1056
546494,965,1058
546495,967,1060
546496,971,1056
546497,969,1053
546498,969,1049
546499,970,1049
546500,971,1049
546501,972,1050
546502,973,1045
546503,972,1043
546504,970,1039
546505,967,1039
546506,970,1038
546507,973,1035
546508,980,1035
546509,978,1030
546510,975,1024
546511,976,1025
546512,980,1029
546513,986,1029
546514,985,1030
546515,988,1028
546516,987,1024
546517,991,1026
546518,990,1021
546519,993,1024
546520,997,1021
546521,998,1019
546522,999,1015
546523,998,1018
546524,999,1021
546525,1003,1023
546526,1008,1021
546527,1007,1019
546528,1003,1016
546529,1003,1021
546530,1005,1023
546531,1008,1024
546532,1012,1026
546533,1009,1029
546534,1008,1027
546535,1004,1028
546536,1004,1030
546537,1005,1035
546538,1008,1037
546539,1005,1036
546540,1004,1035
546541,1002,1040
546542,1003,1046
546543,1005,1051
546544,1006,1052
546545,1002,1052
546546,997,1054
546547,995,1056
546548,995,1061
546549,999,1064
546550,996,1067
546551,993,1064
546552,988,1061
546553,984,1066
546554,986,1067
546555,987,1071
546556,987,1072
546557,982,1072
546558,980,1071
546559,980,1074
546560,979,1077
546561,982,1081
546562,985,1080
546563,984,1077
546564,979,1070
546565,974,1069
546566,975,1071
546567,981,1076
546568,983,1074
546569,985,1072
546570,983,1070
546571,980,1071
546572,982,1075
546573,985,1074
546574,988,1072
546575,987,1067
546576,984,1065
546577,985,1064
546578,985,1067
546579,987,1068
546580,989,1071
546581,987,1065
546582,983,1064
546583,983,1064
546584,982,1064
546585,983,1069
546586,985,1067
546587,983,1064
546588,981,1062
546589,980,1063
546590,985,1065
546591,988,1064
546592,992,1064
546593,991,1061
546594,991,1061
546595,987,1063
546596,988,1065
546597,992,1067
546598,995,1064
546599,991,1061
546600,988,1059
546601,986,1061
546602,985,1066
546603,992,1067
546604,994,1067
546605,993,1065
546606,991,1061
546607,990,1063
546608,987,1066
546609,991,1069
546610,993,1068
546611,990,1064
546612,987,1063
546613,984,1066
546614,983,1065
546615,987,1066
546616,987,1063
546617,985,1062
546618,987,1064
546619,984,1065
546620,986,1067
546621,987,1067
546622,986,1068
546623,985,1065
546624,984,1064
546625,982,1064
546626,979,1067
546627,980,1069
546628,986,1068
546629,989,1065
546630,985,1063
546631,985,1066
546632,985,1069
546633,989,1069
546634,990,1067
546635,987,1064
546636,985,1063
546637,983,1061
546638,987,1062
546639,986,1064
546640,989,1067
546641,990,1064
546642,986,1060
546643,984,1062
546644,986,1063
546645,988,1066
546646,992,1065
546647,993,1061
546648,993,1061
546649,991,1062
546650,992,1065
546651,998,1065
546652,1003,1062
546653,1006,1056
546654,1005,1051
546655,1014,1047
546656,1024,1047
546657,1039,1049
546658,1059,1048
546659,1079,1043
546660,1110,1032
546661,1147,1022
546662,1191,1016
546663,1232,1016
546664,1275,1019
546665,1308,1035
546666,1323,1049
546667,1312,1064
546668,1278,1069
546669,1226,1076
546670,1165,1085
546671,1104,1097
546672,1045,1103
546673,1000,1109
546674,986,1112
546675,987,1104
546676,994,1091
546677,1000,1080
546678,999,1069
546679,994,1065
546680,992,1065
546681,990,1069
546682,991,1069
546683,989,1066
546684,985,1059
546685,977,1059
546686,974,1062
546687,971,1066
546688,975,1066
546689,972,1067
546690,969,1063
546691,968,1063
546692,971,1064
546693,972,1064
546694,973,1065
546695,968,1064
546696,966,1064
546697,966,1065
546698,971,1069
546699,974,1067
546700,973,1068
546701,968,1066
546702,966,1063
546703,966,1064
546704,967,1064
546705,969,1069
546706,970,1065
546707,973,1059
546708,969,1057
546709,967,1056
546710,968,1058
546711,972,1059
546712,977,1058
546713,977,1055
546714,970,1053
546715,968,1053
546716,968,1054
546717,971,1058
546718,972,1057
546719,973,1055
546720,976,1050
546721,974,1052
546722,975,1051
546723,976,1052
546724,977,1049
546725,975,1047
546726,976,1046
546727,976,1043
546728,978,1043
546729,982,1046
546730,987,1043
546731,986,1043
546732,983,1038
546733,983,1040
546734,984,1040
546735,989,1042
546736,992,1044
546737,990,1039
546738,988,1035
546739,989,1033
546740,990,1036
546741,996,1038
546742,1000,1035
546743,999,1032
546744,1001,1029
546745,998,1026
546746,997,1029
546747,1000,1030
546748,1002,1027
546749,999,1024
546750,994,1017
546751,993,1016
546752,996,1019
546753,1002,1021
546754,1002,1022
546755,1003,1016
546756,1001,1013
546757,1000,1013
546758,1005,1015
546759,1008,1020
546760,1014,1019
546761,1010,1019
546762,1007,1020
546763,1006,1017
546764,1010,1023
546765,1013,1029
546766,1015,1032
546767,1013,1034
546768,1006,1035
546769,999,1039
546770,998,1041
546771,999,1044
546772,1000,1044
546773,996,1042
546774,996,1045
546775,995,1050
546776,995,1055
546777,996,1059
546778,995,1062
546779,994,1061
546780,988,1060
546781,984,1062
546782,985,1066
546783,986,1069
546784,989,1069
546785,989,1065
546786,988,1060
546787,985,1063
546788,989,1067
546789,989,1066
546790,990,1063
546791,990,1057
546792,984,1058
546793,983,1060
546794,982,1061
546795,983,1062
546796,988,1057
546797,988,1056
546798,987,1050
546799,982,1051
546800,980,1058
546801,983,1062
546802,985,1060
546803,987,1056
546804,984,1055
546805,982,1056
546806,984,1058
546807,986,1061
546808,987,1060
546809,986,1056
546810,981,1054
546811,980,1050
546812,982,1054
546813,981,1058
546814,980,1058
546815,976,1059
546816,978,1053
546817,981,1055
546818,983,1056
546819,989,1061
546820,991,1064
546821,985,1062
546822,983,1058
546823,982,1060
546824,982,1063
546825,985,1065
546826,982,1061
546827,980,1058
546828,979,1057
546829,983,1063
546830,989,1063
546831,993,1063
546832,992,1064
546833,993,1061
546834,988,1057
546835,984,1062
546836,985,1062
546837,986,1060
546838,988,1058
546839,987,1053
546840,984,1052
546841,985,1051
546842,989,1049
546843,990,1054
546844,985,1048
546845,980,1048
546846,975,1048
546847,976,1050
546848,978,1055
546849,981,1057
546850,984,1054
546851,984,1052
546852,979,1049
546853,977,1051
546854,980,1056
546855,980,1058
546856,983,1061
546857,980,1059
546858,977,1054
546859,975,1055
546860,977,1059
546861,986,1063
546862,985,1064
546863,983,1062
546864,979,1057
546865,978,1057
546866,981,1061
546867,984,1059
546868,987,1062
546869,986,1060
546870,985,1055
546871,982,1058
546872,984,1064
546873,989,1064
546874,987,1065
546875,983,1061
546876,983,1056
546877,983,1059
546878,986,1060
546879,986,1063
546880,989,1067
546881,989,1064
546882,990,1059
546883,986,1059
546884,987,1062
546885,990,1063
546886,991,1063
546887,992,1059
546888,985,1058
546889,980,1055
546890,980,1060
546891,983,1059
546892,989,1057
546893,987,1054
546894,986,1049
546895,989,1052
546896,987,1053
546897,993,1054
546898,992,1052
546899,990,1053
546900,987,1050
546901,985,1057
546902,988,1061
546903,988,1058
546904,986,1054
546905,981,1052
546906,979,1052
546907,985,1056
546908,987,1058
546909,990,1061
546910,993,1059
546911,992,1056
546912,989,1056
546913,986,1059
546914,986,1062
546915,987,1067
546916,991,1066
546917,989,1066
546918,984,1062
546919,983,1059
546920,984,1061
546921,988,1061
546922,988,1066
546923,989,1061
546924,985,1057
546925,985,1055
546926,989,1060
546927,987,1065
546928,993,1064
546929,988,1059
546930,980,1054
546931,979,1053
546932,985,1055
546933,990,1058
546934,994,1058
546935,994,1056
546936,994,1055
546937,991,1055
546938,994,1059
546939,996,1061
546940,1000,1058
546941,998,1057
546942,996,1053
546943,992,1054
546944,992,1061
546945,994,1061
546946,999,1058
546947,997,1053
546948,997,1045
546949,998,1046
546950,1004,1045
546951,1017,1048
546952,1028,1042
546953,1044,1033
546954,1063,1030
546955,1085,1025
546956,1121,1021
546957,1165,1008
546958,1206,1005
546959,1246,1002
546960,1279,1004
546961,1308,1022
546962,1314,1046
546963,1306,1055
546964,1266,1059
546965,1212,1060
546966,1152,1070
546967,1095,1082
546968,1051,1090
546969,1016,1096
546970,1003,1092
546971,1002,1078
546972,1005,1063
546973,1004,1054
546974,999,1056
546975,996,1058
546976,996,1058
546977,992,1056
546978,985,1055
546979,983,1058
546980,980,1059
546981,979,1063
546982,974,1059
546983,978,1056
546984,977,1056
546985,970,1057
546986,967,1057
546987,969,1058
546988,971,1062
546989,970,1063
546990,972,1059
546991,970,1058
546992,969,1060
546993,971,1060
546994,969,1060
546995,966,1058
546996,961,1054
546997,964,1054
546998,967,1059
546999,967,1063
547000,969,1062
547001,967,1060
547002,965,1059
547003,964,1060
547004,959,1059
547005,965,1060
547006,970,1059
547007,968,1058
547008,963,1057
547009,960,1056
547010,963,1056
547011,965,1059
547012,974,1056
547013,976,1052
547014,972,1051
547015,972,1050
547016,973,1053
547017,974,1056
547018,976,1055
547019,970,1051
547020,966,1048
547021,968,1049
547022,967,1051
547023,974,1052
547024,977,1053
547025,977,1051
547026,971,1046
547027,969,1044
547028,971,1047
547029,978,1047
547030,983,1043
547031,987,1042
547032,987,1037
547033,983,1040
547034,983,1041
547035,985,1041
547036,991,1041
547037,993,1038
547038,989,1037
547039,985,1035
547040,988,1034
547041,992,1032
547042,997,1034
547043,1002,1031
547044,999,1027
547045,995,1026
547046,997,1029
547047,1002,1029
547048,1005,1031
547049,1002,1027
547050,1002,1025
547051,999,1025
547052,1000,1028
547053,1004,1030
547054,1006,1026
547055,1008,1023
547056,1006,1021
547057,1007,1022
547058,1013,1026
547059,1020,1025
547060,1024,1021
547061,1027,1019
547062,1025,1021
547063,1022,1023
547064,1024,1026
547065,1024,1031
547066,1025,1029
547067,1022,1025
547068,1019,1023
547069,1017,1026
547070,1013,1031
547071,1013,1039
547072,1008,1040
547073,1009,1042
547074,1009,1040
547075,1009,1042
547076,1011,1047
547077,1013,1051
547078,1011,1053
547079,1008,1054
547080,1003,1050
547081,997,1052
547082,996,1055
547083,993,1058
547084,994,1061
547085,993,1059
547086,990,1053
547087,987,1050
547088,989,1053
547089,989,1059
547090,990,1058
547091,987,1056
547092,980,1058
547093,979,1059
547094,977,1061
547095,983,1065
547096,981,1063
547097,979,1056
547098,976,1055
547099,978,1057
547100,980,1059
547101,984,1064
547102,984,1063
547103,985,1058
547104,985,1054
547105,985,1051
547106,984,1055
547107,987,1059
547108,989,1058
547109,988,1055
547110,986,1053
547111,987,1056
547112,985,1060
547113,987,1062
547114,994,1057
547115,992,1054
547116,988,1052
547117,990,1056
547118,987,1059
547119,997,1062
547120,1000,1065
547121,995,1060
547122,989,1058
547123,988,1060
547124,993,1063
547125,998,1062
547126,997,1061
547127,995,1057
547128,991,1053
547129,989,1056
547130,990,1058
547131,993,1060
547132,997,1058
547133,994,1057
547134,989,1052
547135,982,1051
547136,986,1051
547137,986,1054
547138,990,1051
547139,986,1049
547140,982,1046
547141,979,1049
547142,976,1054
547143,981,1057
547144,984,1056
547145,985,1054
547146,981,1053
547147,980,1050
547148,977,1055
547149,980,1056
547150,984,1058
547151,984,1054
547152,980,1054
547153,978,1053
547154,977,1056
547155,980,1059
547156,979,1056
547157,978,1053
547158,974,1048
547159,974,1050
547160,977,1052
547161,985,1059
547162,986,1062
547163,983,1060
547164,980,1059
547165,980,1060
547166,982,1060
547167,983,1064
547168,983,1064
547169,984,1062
547170,986,1062
547171,986,1059
547172,985,1059
547173,990,1062
547174,989,1060
547175,983,1059
547176,981,1058
547177,979,1058
547178,981,1062
547179,980,1061
547180,981,1058
547181,981,1055
547182,977,1050
547183,976,1054
547184,977,1057
547185,980,1059
547186,982,1060
547187,982,1057
547188,979,1053
547189,977,1055
547190,977,1054
547191,977,1060
547192,977,1060
547193,972,1060
547194,974,1056
547195,975,1056
547196,974,1057
547197,979,1058
547198,982,1056
547199,980,1058
547200,979,1055
547201,977,1053
547202,977,1055
547203,980,1057
547204,980,1055
547205,978,1052
547206,975,1049
547207,975,1053
547208,980,1057
547209,984,1061
547210,983,1063
547211,981,1063
547212,978,1059
547213,976,1056
547214,980,1059
547215,981,1063
547216,985,1063
547217,988,1061
547218,987,1058
547219,987,1056
547220,985,1061
547221,986,1067
547222,987,1065
547223,984,1063
547224,983,1056
547225,983,1055
547226,983,1056
547227,982,1062
547228,986,1059
547229,985,1058
547230,982,1055
547231,980,1056
547232,980,1057
547233,982,1059
547234,984,1057
547235,985,1056
547236,981,1053
547237,978,1054
547238,978,1057
547239,983,1058
547240,985,1060
547241,984,1058
547242,981,1056
547243,980,1054
547244,979,1055
547245,982,1057
547246,984,1059
547247,982,1057
547248,979,1054
547249,977,1054
547250,976,1056
547251,978,1059
547252,983,1056
547253,986,1055
547254,983,1054
547255,982,1054
547256,984,1058
547257,986,1063
547258,987,1063
547259,990,1060
547260,989,1052
547261,985,1051
547262,984,1057
547263,988,1060
547264,992,1058
547265,991,1056
547266,987,1052
547267,984,1056
547268,983,1057
547269,989,1061
547270,992,1061
547271,992,1059
547272,990,1053
547273,988,1057
547274,986,1061
547275,991,1064
547276,994,1060
547277,993,1059
547278,988,1057
547279,985,1057
547280,983,1059
547281,988,1061
547282,992,1064
547283,988,1061
547284,989,1053
547285,985,1053
547286,987,1057
547287,990,1059
547288,990,1060
547289,989,1056
547290,987,1052
547291,987,1054
547292,991,1056
547293,993,1061
547294,996,1057
547295,992,1055
547296,991,1054
547297,993,1053
547298,991,1056
547299,997,1059
547300,998,1058
547301,996,1057
547302,996,1055
547303,1000,1055
547304,1002,1055
547305,1005,1060
547306,1008,1060
547307,1004,1059
547308,1003,1053
547309,1004,1054
547310,1005,1054
547311,1011,1051
547312,1016,1050
547313,1023,1047
547314,1028,1043
547315,1040,1041
547316,1060,1039
547317,1085,1039
547318,1114,1030
547319,1146,1017
547320,1176,1001
547321,1214,1002
547322,1256,1003
547323,1297,1011
547324,1324,1025
547325,1326,1037
547326,1307,1048
547327,1273,1057
547328,1224,1064
547329,1173,1077
547330,1125,1083
547331,1075,1089
547332,1033,1087
547333,1012,1087
547334,1006,1080
547335,1012,1076
547336,1018,1068
547337,1017,1060
547338,1010,1056
547339,1001,1056
547340,1001,1058
547341,1002,1062
547342,996,1062
547343,994,1059
547344,987,1056
547345,982,1059
547346,985,1063
547347,987,1065
547348,988,1065
547349,984,1062
547350,979,1062
547351,977,1059
547352,977,1063
547353,978,1065
547354,982,1063
547355,980,1062
547356,977,1060
547357,976,1061
547358,975,1061
547359,977,1063
547360,978,1062
547361,974,1058
547362,975,1055
547363,971,1055
547364,971,1055
547365,971,1060
547366,974,1056
547367,972,1051
547368,971,1050
547369,970,1051
547370,969,1055
547371,969,1060
547372,973,1057
547373,972,1058
547374,972,1057
547375,972,1058
547376,971,1057
547377,972,1059
547378,972,1061
547379,973,1056
547380,972,1055
547381,971,1053
547382,979,1058
547383,980,1060
547384,983,1061
547385,980,1056
547386,980,1054
547387,977,1058
547388,979,1058
547389,980,1058
547390,983,1056
547391,982,1052
547392,982,1050
547393,981,1050
547394,984,1053
547395,990,1053
547396,993,1050
547397,995,1050
547398,992,1049
547399,990,1049
547400,993,1051
547401,997,1054
547402,1001,1054
547403,998,1051
547404,995,1045
547405,998,1043
547406,998,1045
547407,1002,1043
547408,1007,1039
547409,1004,1036
547410,1002,1035
547411,1002,1032
547412,1005,1033
547413,1008,1037
547414,1012,1035
547415,1009,1032
547416,1008,1028
547417,1006,1027
547418,1006,1026
547419,1010,1027
547420,1011,1026
547421,1013,1025
547422,1014,1025
547423,1014,1025
547424,1015,1027
547425,1021,1029
547426,1023,1029
547427,1023,1027
547428,1022,1027
547429,1019,1027
547430,1020,1030
547431,1025,1030
547432,1029,1030
547433,1027,1024
547434,1021,1023
547435,1020,1026
547436,1021,1032
547437,1023,1033
547438,1027,1034
547439,1027,1035
547440,1023,1031
547441,1023,1033
547442,1019,1038
547443,1022,1038
547444,1026,1041
547445,1021,1042
547446,1016,1039
547447,1015,1043
547448,1014,1051
547449,1014,1053
547450,1011,1054
547451,1008,1050
547452,1004,1050
547453,1001,1051
547454,999,1056
547455,1006,1060
547456,1010,1058
547457,1008,1055
547458,1005,1051
547459,1003,1054
547460,1003,1058
547461,1006,1062
547462,1007,1060
547463,1005,1059
547464,1000,1057
547465,997,1056
547466,994,1058
547467,996,1059
547468,994,1059
547469,998,1056
547470,996,1055
547471,991,1056
547472,991,1059
547473,990,1062
547474,994,1062
547475,992,1058
547476,989,1057
547477,984,1055
547478,989,1059
547479,994,1061
547480,994,1060
547481,990,1055
547482,990,1055
547483,988,1053
547484,991,1054
547485,997,1058
547486,997,1058
547487,996,1057
547488,999,1054
547489,994,1052
547490,988,1055
547491,993,1060
547492,998,1055
547493,1000,1053
547494,996,1051
547495,997,1048
547496,999,1052
547497,998,1056
547498,1002,1058
547499,1000,1057
547500,997,1050
547501,995,1050
547502,996,1046
547503,1000,1051
547504,1003,1053
547505,999,1052
547506,994,1049
547507,993,1050
547508,997,1050
547509,998,1053
547510,1001,1053
547511,996,1054
547512,994,1049
547513,992,1049
547514,993,1051
547515,995,1052
547516,996,1052
547517,994,1051
547518,988,1052
547519,988,1055
547520,992,1058
547521,994,1063
547522,995,1057
547523,993,1052
547524,989,1051
547525,988,1053
547526,992,1055
547527,996,1059
547528,992,1059
547529,994,1056
547530,992,1053
547531,990,1057
547532,989,1054
547533,992,1059
547534,997,1057
547535,998,1052
547536,995,1051
547537,991,1050
547538,991,1050
547539,994,1052
547540,998,1050
547541,995,1050
547542,992,1047
547543,991,1049
547544,990,1052
547545,994,1055
547546,999,1053
547547,996,1052
547548,998,1048
547549,997,1051
547550,996,1054
547551,999,1058
547552,998,1056
547553,999,1054
547554,996,1053
547555,996,1054
547556,997,1056
547557,1005,1054
547558,1011,1050
547559,1016,1047
547560,1020,1044
547561,1029,1042
547562,1038,1039
547563,1060,1041
547564,1086,1037
547565,1112,1029
547566,1143,1019
547567,1179,1011
547568,1222,1011
547569,1266,1018
547570,1306,1026
547571,1329,1042
547572,1327,1055
547573,1299,1061
547574,1258,1062
547575,1204,1074
547576,1147,1086
547577,1082,1097
547578,1024,1101
547579,989,1107
547580,982,1103
547581,988,1095
547582,1000,1081
547583,1000,1067
547584,1000,1061
547585,999,1059
547586,1000,1059
547587,999,1060
547588,998,1059
547589,994,1057
547590,989,1057
547591,985,1055
547592,989,1057
547593,990,1062
547594,989,1060
547595,983,1058
547596,978,1055
547597,975,1055
547598,974,1058
547599,976,1062
547600,977,1057
547601,974,1051
547602,974,1048
547603,977,1047
547604,975,1050
547605,976,1053
547606,976,1049
547607,974,1048
547608,972,1045
547609,968,1046
547610,972,1048
547611,977,1052
547612,980,1050
547613,978,1045
547614,973,1041
547615,972,1043
547616,973,1049
547617,977,1053
547618,979,1053
547619,977,1049
547620,973,1045
547621,968,1047
547622,969,1048
547623,970,1050
547624,972,1049
547625,975,1049
547626,971,1044
547627,969,1047
547628,972,1049
547629,974,1050
547630,978,1050
547631,978,1048
547632,971,1046
547633,973,1046
547634,976,1045
547635,983,1048
547636,985,1049
547637,984,1043
547638,987,1042
547639,986,1041
547640,986,1042
547641,994,1042
547642,997,1041
547643,999,1038
547644,997,1036
547645,993,1035
547646,994,1036
547647,1002,1036
547648,1007,1035
547649,1010,1033
547650,1006,1028
547651,1004,1026
547652,1006,1027
547653,1010,1027
547654,1014,1025
547655,1015,1020
547656,1014,1014
547657,1011,1014
547658,1015,1017
547659,1018,1018
547660,1021,1013
547661,1019,1010
547662,1016,1009
547663,1016,1007
547664,1018,1010
547665,1022,1013
547666,1025,1011
547667,1023,1010
547668,1020,1006
547669,1020,1005
547670,1023,1007
547671,1024,1012
547672,1027,1010
547673,1027,1009
547674,1026,1008
547675,1026,1009
547676,1024,1013
547677,1025,1018
547678,1023,1019
547679,1023,1019
547680,1021,1016
547681,1019,1021
547682,1019,1029
547683,1021,1033
547684,1018,1032
547685,1013,1032
547686,1010,1035
547687,1008,1037
547688,1004,1045
547689,1008,1050
547690,1009,1050
547691,1008,1050
547692,1003,1048
547693,999,1053
547694,998,1055
547695,998,1063
547696,1000,1060
547697,998,1057
547698,995,1055
547699,989,1055
547700,992,1057
547701,993,1058
547702,996,1055
547703,991,1056
547704,986,1054
547705,979,1053
547706,986,1056
547707,988,1058
547708,991,1057
547709,987,1054
547710,986,1051
547711,983,1052
547712,985,1051
547713,989,1055
547714,989,1057
547715,991,1052
547716,989,1050
547717,987,1051
547718,985,1054
547719,991,1054
547720,990,1050
547721,990,1047
547722,988,1050
547723,984,1049
547724,984,1051
547725,989,1055
547726,993,1051
547727,992,1050
547728,989,1049
547729,990,1051
547730,989,1054
547731,992,1056
547732,995,1054
547733,992,1050
547734,990,1047
547735,988,1048
547736,990,1052
547737,993,1054
547738,991,1055
547739,992,1057
547740,986,1055
547741,986,1060
547742,982,1062
547743,991,1064
547744,991,1062
547745,991,1062
547746,988,1057
547747,988,1055
547748,988,1056
547749,990,1058
547750,993,1057
547751,990,1056
547752,987,1051
547753,983,1054
547754,985,1057
547755,991,1059
547756,993,1056
547757,991,1054
547758,987,1054
547759,984,1052
547760,984,1055
547761,989,1057
547762,992,1057
547763,988,1057
547764,983,1055
547765,984,1053
547766,985,1056
547767,986,1056
547768,990,1054
547769,989,1053
547770,986,1052
547771,983,1050
547772,981,1055
547773,985,1059
547774,987,1056
547775,983,1055
547776,983,1053
547777,979,1054
547778,980,1056
547779,984,1058
547780,985,1057
547781,982,1055
547782,980,1054
547783,977,1052
547784,980,1058
547785,982,1061
547786,983,1060
547787,979,1057
547788,977,1055
547789,975,1057
547790,978,1059
547791,977,1063
547792,980,1064
547793,981,1060
547794,977,1055
547795,978,1060
547796,979,1058
547797,982,1060
547798,983,1057
547799,982,1052
547800,979,1049
547801,979,1052
547802,979,1055
547803,981,1055
547804,982,1052
547805,980,1053
547806,977,1050
547807,974,1051
547808,979,1050
547809,980,1055
547810,982,1051
547811,979,1049
547812,978,1049
547813,976,1048
547814,975,1049
547815,981,1054
547816,982,1054
547817,981,1052
547818,973,1051
547819,975,1049
547820,978,1051
547821,982,1054
547822,984,1050
547823,981,1050
547824,979,1048
547825,978,1051
547826,978,1052
547827,982,1055
547828,982,1052
547829,982,1052
547830,975,1049
547831,974,1052
547832,977,1051
547833,978,1055
547834,981,1054
547835,977,1051
547836,974,1050
547837,973,1052
547838,974,1051
547839,978,1056
547840,979,1055
547841,977,1053
547842,973,1051
547843,970,1052
547844,979,1053
547845,978,1062
547846,980,1063
547847,978,1060
547848,977,1059
547849,975,1058
547850,980,1058
547851,983,1060
547852,984,1055
547853,985,1050
547854,982,1048
547855,978,1048
547856,979,1049
547857,981,1054
547858,983,1052
547859,982,1048
547860,981,1048
547861,984,1049
547862,983,1050
547863,987,1054
547864,986,1051
547865,984,1048
547866,985,1048
547867,982,1049
547868,979,1050
547869,982,1052
547870,984,1052
547871,983,1047
547872,981,1045
547873,979,1046
547874,982,1049
547875,981,1052
547876,986,1049
547877,985,1047
547878,980,1046
547879,982,1045
547880,982,1048
547881,983,1052
547882,986,1052
547883,987,1050
547884,985,1049
547885,983,1050
547886,984,1055
547887,986,1054
547888,987,1053
547889,984,1051
547890,982,1050
547891,980,1050
547892,979,1054
547893,984,1059
547894,982,1057
547895,982,1056
547896,977,1056
547897,978,1056
547898,979,1059
547899,983,1058
547900,986,1058
547901,985,1052
547902,985,1051
547903,984,1047
547904,987,1051
547905,992,1052
547906,994,1048
547907,994,1047
547908,989,1045
547909,990,1044
547910,994,1046
547911,996,1048
547912,1001,1043
547913,1002,1038
547914,1003,1034
547915,1009,1033
547916,1024,1034
547917,1040,1036
547918,1054,1029
547919,1071,1027
547920,1092,1019
547921,1123,1008
547922,1157,1002
547923,1198,998
547924,1235,994
547925,1270,993
547926,1295,1002
547927,1307,1018
547928,1296,1037
547929,1270,1046
547930,1221,1052
547931,1164,1056
547932,1109,1064
547933,1054,1073
547934,1016,1078
547935,997,1081
547936,991,1075
547937,990,1066
547938,991,1054
547939,995,1048
547940,995,1047
547941,992,1053
547942,990,1053
547943,983,1051
547944,976,1051
547945,971,1050
547946,967,1056
547947,970,1061
547948,970,1058
547949,966,1056
547950,965,1055
547951,963,1060
547952,964,1063
547953,970,1063
547954,969,1056
547955,966,1051
547956,962,1046
547957,961,1043
547958,964,1044
547959,968,1050
547960,969,1050
547961,968,1049
547962,966,1045
547963,962,1045
547964,962,1049
547965,966,1053
547966,970,1052
547967,967,1044
547968,965,1045
547969,961,1046
547970,962,1048
547971,967,1051
547972,970,1047
547973,967,1048
547974,964,1047
547975,962,1050
547976,962,1051
547977,965,1051
547978,966,1050
547979,965,1046
547980,962,1046
547981,962,1046
547982,966,1048
547983,969,1054
547984,970,1051
547985,966,1049
547986,965,1045
547987,964,1046
547988,964,1045
547989,967,1046
547990,966,1045
547991,967,1043
547992,965,1042
547993,965,1041
547994,967,1043
547995,972,1045
547996,974,1044
547997,973,1040
547998,972,1037
547999,971,1038
548000,973,1040
548001,978,1044
548002,978,1042
548003,976,1039
548004,979,1035
548005,979,1031
548006,982,1031
548007,982,1035
548008,989,1031
548009,986,1027
548010,985,1020
548011,988,1019
548012,990,1019
548013,995,1021
548014,999,1020
548015,997,1017
548016,993,1016
548017,995,1017
548018,999,1021
548019,1003,1022
548020,1004,1018
548021,1004,1018
548022,1004,1014
548023,1003,1017
548024,1008,1018
548025,1012,1018
548026,1014,1019
548027,1012,1019
548028,1010,1015
548029,1011,1014
548030,1013,1012
548031,1018,1016
548032,1014,1014
548033,1016,1016
548034,1013,1020
548035,1012,1024
548036,1012,1026
548037,1015,1022
548038,1015,1014
548039,1014,1010
548040,1013,1007
548041,1009,1010
548042,1008,1017
548043,1010,1022
548044,1007,1027
548045,1005,1028
548046,1002,1026
548047,996,1032
548048,999,1037
548049,1001,1038
548050,1001,1038
548051,996,1039
548052,989,1036
548053,991,1039
548054,992,1045
548055,989,1047
548056,988,1047
548057,987,1047
548058,985,1043
548059,984,1046
548060,986,1047
548061,990,1049
548062,989,1049
548063,988,1048
548064,986,1047
548065,985,1046
548066,985,1051
548067,986,1055
548068,989,1051
548069,988,1049
548070,983,1048
548071,984,1051
548072,982,1052
548073,988,1056
548074,990,1054
548075,990,1046
548076,983,1044
548077,982,1048
548078,986,1050
548079,984,1054
548080,989,1055
548081,990,1055
548082,986,1050
548083,979,1045
548084,984,1040
548085,985,1040
548086,987,1039
548087,986,1037
548088,985,1036
548089,980,1035
548090,982,1038
548091,985,1041
548092,985,1040
548093,988,1036
548094,985,1035
548095,983,1034
548096,986,1040
548097,987,1041
548098,988,1041
548099,986,1042
548100,985,1038
548101,983,1039
548102,985,1042
548103,985,1045
548104,987,1043
548105,985,1043
548106,984,1043
548107,980,1045
548108,983,1048
548109,983,1050
548110,986,1049
548111,985,1047
548112,983,1046
548113,979,1048
548114,980,1050
548115,982,1055
548116,984,1053
548117,982,1053
548118,978,1049
548119,975,1050
548120,976,1052
548121,980,1056
548122,981,1053
548123,980,1052
548124,979,1053
548125,976,1053
548126,978,1054
548127,979,1057
548128,984,1059
548129,983,1057
548130,978,1057
548131,976,1048
548132,978,1050
548133,980,1050
548134,982,1050
548135,978,1047
548136,976,1045
548137,978,1042
548138,979,1045
548139,980,1049
548140,981,1048
548141,982,1046
548142,977,1045
548143,976,1045
548144,977,1045
548145,981,1049
548146,982,1051
548147,981,1049
548148,978,1047
548149,978,1048
548150,979,1051
548151,980,1053
548152,978,1054
548153,978,1053
548154,976,1050
548155,976,1052
548156,976,1056
548157,979,1057
548158,981,1057
548159,979,1054
548160,977,1052
548161,975,1054
548162,979,1055
548163,979,1058
548164,980,1056
548165,979,1056
548166,978,1049
548167,978,1049
548168,981,1049
548169,984,1053
548170,982,1050
548171,980,1049
548172,980,1049
548173,979,1052
548174,977,1053
548175,980,1058
548176,983,1057
548177,982,1054
548178,976,1051
548179,976,1053
548180,977,1055
548181,981,1059
548182,980,1054
548183,978,1051
548184,978,1049
548185,975,1049
548186,979,1052
548187,981,1055
548188,982,1050
548189,983,1048
548190,976,1047
548191,976,1048
548192,977,1050
548193,979,1055
548194,981,1052
548195,981,1053
548196,979,1048
548197,979,1051
548198,976,1055
548199,982,1063
548200,981,1063
548201,981,1061
548202,979,1064
548203,978,1061
548204,980,1060
548205,980,1059
548206,981,1054
548207,979,1048
548208,977,1046
548209,973,1047
548210,978,1049
548211,983,1053
548212,984,1051
548213,983,1052
548214,980,1045
548215,981,1046
548216,981,1048
548217,984,1050
548218,987,1045
548219,986,1046
548220,983,1043
548221,982,1048
548222,983,1050
548223,986,1052
548224,988,1051
548225,990,1052
548226,987,1050
548227,984,1055
548228,985,1055
548229,989,1059
548230,993,1057
548231,992,1054
548232,988,1053
548233,987,1057
548234,988,1059
548235,991,1059
548236,991,1059
548237,990,1056
548238,991,1054
548239,990,1055
548240,992,1057
548241,996,1059
548242,995,1058
548243,995,1055
548244,990,1053
548245,993,1053
548246,1002,1055
548247,1013,1055
548248,1023,1054
548249,1034,1048
548250,1046,1041
548251,1062,1039
548252,1093,1031
548253,1122,1021
548254,1155,1008
548255,1187,999
548256,1219,999
548257,1250,1010
548258,1273,1033
548259,1276,1055
548260,1255,1063
548261,1212,1055
548262,1158,1051
548263,1107,1062
548264,1058,1078
548265,1018,1090
548266,993,1094
548267,985,1091
548268,983,1081
548269,989,1071
548270,997,1062
548271,1001,1059
548272,1000,1055
548273,993,1053
548274,988,1049
548275,984,1050
548276,983,1053
548277,981,1055
548278,985,1055
548279,979,1050
548280,974,1050
548281,971,1051
548282,974,1052
548283,975,1057
548284,977,1055
548285,971,1052
548286,971,1050
548287,970,1055
548288,972,1054
548289,972,1057
548290,973,1055
548291,968,1052
548292,969,1054
548293,965,1053
548294,968,1059
548295,969,1058
548296,974,1059
548297,973,1055
548298,972,1057
548299,965,1062
548300,971,1066
548301,972,1069
548302,975,1065
548303,975,1058
548304,969,1049
548305,970,1047
548306,972,1045
548307,974,1049
548308,971,1053
548309,971,1054
548310,973,1056
548311,972,1062
548312,974,1062
548313,975,1063
548314,976,1055
548315,977,1048
548316,973,1044
548317,970,1045
548318,974,1046
548319,978,1047
548320,979,1044
548321,981,1039
548322,978,1038
548323,972,1040
548324,978,1041
548325,980,1047
548326,978,1048
548327,978,1049
548328,976,1047
548329,976,1049
548330,976,1046
548331,985,1040
548332,990,1035
548333,988,1027
548334,986,1021
548335,986,1020
548336,989,1021
548337,994,1027
548338,995,1023
548339,996,1022
548340,995,1021
548341,994,1021
548342,997,1024
548343,1000,1023
548344,999,1022
548345,1000,1019
548346,1000,1014
548347,999,1016
548348,1000,1018
548349,1004,1020
548350,1003,1020
548351,1006,1018
548352,1005,1016
548353,1004,1011
548354,1009,1014
548355,1011,1015
548356,1014,1012
548357,1014,1011
548358,1011,1008
548359,1009,1012
548360,1010,1015
548361,1014,1017
548362,1013,1018
548363,1011,1017
548364,1010,1015
548365,1010,1019
548366,1013,1022
548367,1015,1029
548368,1017,1035
548369,1012,1035
548370,1010,1035
548371,1008,1038
548372,1003,1039
548373,1006,1048
548374,1007,1053
548375,1004,1047
548376,1001,1033
548377,1000,1028
548378,1003,1027
548379,1004,1030
548380,1005,1035
548381,997,1035
548382,997,1038
548383,995,1040
548384,997,1045
548385,1000,1049
548386,997,1051
548387,994,1051
548388,992,1050
548389,987,1051
548390,992,1054
548391,993,1057
548392,993,1057
548393,995,1057
548394,990,1054
548395,987,1055
548396,989,1059
548397,993,1061
548398,991,1060
548399,995,1057
548400,993,1055
548401,991,1055
548402,993,1056
548403,990,1059
548404,989,1057
548405,989,1055
548406,987,1052
548407,984,1052
548408,984,1054
548409,989,1057
548410,986,1056
548411,985,1055
548412,985,1053
548413,984,1055
548414,985,1056
548415,986,1058
548416,989,1059
548417,987,1058
548418,985,1056
548419,983,1052
548420,988,1052
548421,988,1054
548422,990,1050
548423,990,1048
548424,987,1046
548425,987,1047
548426,988,1050
548427,991,1052
548428,993,1050
548429,991,1049
548430,987,1045
548431,985,1049
548432,986,1051
548433,991,1056
548434,992,1057
548435,989,1057
548436,988,1055
548437,988,1053
548438,990,1055
548439,992,1056
548440,994,1056
548441,990,1054
548442,989,1052
548443,988,1052
548444,988,1053
548445,992,1057
548446,992,1059
548447,990,1056
548448,984,1051
548449,986,1052
548450,986,1055
548451,986,1058
548452,990,1058
548453,989,1055
548454,986,1051
548455,984,1054
548456,985,1055
548457,988,1054
548458,989,1055
548459,988,1053
548460,986,1057
548461,979,1061
548462,981,1058
548463,986,1056
548464,989,1052
548465,989,1049
548466,986,1051
548467,984,1056
548468,986,1061
548469,987,1061
548470,988,1056
548471,990,1049
548472,986,1041
548473,986,1042
548474,986,1043
548475,988,1044
548476,987,1045
548477,984,1044
548478,985,1044
548479,983,1047
548480,985,1051
548481,985,1054
548482,988,1057
548483,989,1052
548484,985,1050
548485,987,1053
548486,989,1055
548487,992,1055
548488,991,1057
548489,988,1058
548490,987,1055
548491,986,1054
548492,988,1054
548493,991,1059
548494,995,1057
548495,993,1054
548496,992,1051
548497,991,1050
548498,993,1050
548499,997,1049
548500,1004,1045
548501,1011,1041
548502,1017,1037
548503,1028,1033
548504,1046,1031
548505,1071,1029
548506,1098,1015
548507,1132,1000
548508,1163,990
548509,1194,989
548510,1231,1001
548511,1258,1026
548512,1265,1050
548513,1251,1062
548514,1217,1061
548515,1169,1064
548516,1123,1074
548517,1077,1090
548518,1031,1110
548519,990,1118
548520,967,1121
548521,970,1120
548522,979,1110
548523,986,1097
548524,990,1083
548525,994,1070
548526,989,1062
548527,986,1059
548528,982,1062
548529,981,1059
548530,978,1058
548531,976,1057
548532,972,1052
548533,967,1053
548534,966,1056
548535,971,1057
548536,970,1055
548537,966,1056
548538,965,1052
548539,964,1055
548540,966,1054
548541,967,1058
548542,966,1057
548543,965,1053
548544,963,1048
548545,961,1053
548546,960,1055
548547,964,1062
548548,966,1063
548549,966,1055
548550,964,1046
548551,963,1045
548552,963,1046
548553,965,1049
548554,966,1050
548555,966,1050
548556,964,1046
548557,961,1046
548558,964,1047
548559,971,1048
548560,973,1048
548561,970,1043
548562,967,1044
548563,962,1045
548564,962,1047
548565,965,1049
548566,969,1048
548567,967,1043
548568,963,1040
548569,965,1039
548570,964,1041
548571,967,1042
548572,971,1041
548573,971,1036
548574,968,1034
548575,968,1033
548576,969,1034
548577,970,1036
548578,971,1033
548579,972,1029
548580,970,1027
548581,970,1026
548582,970,1028
548583,973,1030
548584,975,1031
548585,976,1025
548586,977,1020
548587,978,1020
548588,977,1018
548589,982,1016
548590,985,1014
548591,986,1011
548592,981,1010
548593,984,1008
548594,986,1009
548595,988,1009
548596,992,1005
548597,992,1000
548598,990,999
548599,990,1000
548600,993,1002
548601,997,1000
548602,997,1000
548603,994,996
548604,992,995
548605,993,995
548606,996,998
548607,997,998
548608,1002,998
548609,1001,995
548610,1000,991
548611,998,994
548612,1000,999
548613,1002,1002
548614,1004,999
548615,1005,993
548616,1000,988
548617,1001,990
548618,1001,993
548619,1005,996
548620,1004,995
548621,1003,998
548622,1002,1000
548623,996,1004
548624,998,1013
548625,998,1017
548626,998,1020
548627,995,1019
548628,991,1020
548629,990,1024
548630,989,1030
548631,988,1034
548632,989,1036
548633,987,1037
548634,979,1039
548635,977,1041
548636,981,1045
548637,983,1050
548638,982,1050
548639,980,1049
548640,976,1045
548641,975,1045
548642,977,1050
548643,979,1052
548644,980,1053
548645,979,1052
548646,976,1050
548647,976,1052
548648,975,1052
548649,978,1053
548650,981,1054
548651,979,1050
548652,974,1043
548653,972,1046
548654,973,1045
548655,980,1048
548656,983,1048
548657,981,1046
548658,979,1042
548659,976,1043
548660,976,1047
548661,978,1050
548662,982,1050
548663,983,1043
548664,978,1039
548665,976,1039
548666,977,1041
548667,979,1042
548668,978,1040
548669,984,1037
548670,979,1037
548671,977,1038
548672,976,1042
548673,976,1046
548674,978,1048
548675,976,1047
548676,978,1042
548677,973,1041
548678,975,1046
548679,977,1045
548680,978,1047
548681,976,1045
548682,977,1044
548683,974,1045
548684,972,1046
548685,977,1046
548686,981,1046
548687,980,1044
548688,976,1042
548689,975,1043
548690,976,1049
548691,977,1050
548692,980,1049
548693,980,1048
548694,974,1042
548695,973,1045
548696,972,1047
548697,974,1047
548698,975,1048
548699,972,1045
548700,974,1045
548701,974,1043
548702,977,1046
548703,980,1047
548704,980,1046
548705,977,1044
548706,977,1042
548707,972,1043
548708,970,1047
548709,974,1049
548710,974,1046
548711,975,1044
548712,970,1042
548713,967,1042
548714,972,1044
548715,974,1045
548716,976,1048
548717,973,1043
548718,969,1041
548719,968,1040
548720,967,1045
548721,970,1046
548722,973,1044
548723,973,1041
548724,970,1043
548725,968,1043
548726,972,1049
548727,975,1052
548728,976,1050
548729,974,1050
548730,971,1047
548731,972,1051
548732,974,1053
548733,977,1055
548734,978,1053
548735,979,1051
548736,974,1049
548737,975,1049
548738,975,1052
548739,978,1054
548740,980,1053
548741,976,1052
548742,972,1052
548743,972,1050
548744,974,1051
548745,977,1052
548746,977,1051
548747,975,1046
548748,970,1045
548749,973,1046
548750,973,1047
548751,978,1048
548752,978,1048
548753,976,1043
548754,973,1043
548755,973,1042
548756,975,1045
548757,976,1046
548758,977,1046
548759,974,1042
548760,972,1039
548761,975,1042
548762,976,1044
548763,978,1049
548764,982,1050
548765,983,1045
548766,980,1045
548767,980,1045
548768,982,1047
548769,986,1050
548770,989,1046
548771,990,1043
548772,988,1036
548773,993,1034
548774,1006,1034
548775,1021,1033
548776,1035,1028
548777,1052,1023
548778,1070,1014
548779,1106,1000
548780,1143,995
548781,1182,996
548782,1221,1005
548783,1248,1023
548784,1254,1043
548785,1237,1063
548786,1203,1068
548787,1150,1075
548788,1097,1085
548789,1046,1097
548790,999,1104
548791,970,1110
548792,961,1110
548793,971,1105
548794,977,1087
548795,980,1074
548796,980,1063
548797,980,1057
548798,981,1056
548799,979,1057
548800,978,1054
548801,972,1048
548802,964,1043
548803,964,1044
548804,965,1048
548805,968,1048
548806,965,1046
548807,964,1047
548808,959,1045
548809,960,1045
548810,959,1047
548811,965,1051
548812,964,1050
548813,966,1050
548814,957,1045
548815,956,1046
548816,959,1044
548817,961,1045
548818,966,1043
548819,965,1042
548820,962,1040
548821,960,1042
548822,960,1046
548823,963,1048
548824,964,1049
548825,967,1047
548826,959,1042
548827,963,1043
548828,965,1046
548829,962,1046
548830,965,1047
548831,963,1045
548832,961,1043
548833,962,1043
548834,963,1046
548835,968,1048
548836,970,1043
548837,967,1043
548838,964,1039
548839,961,1039
548840,962,1043
548841,965,1043
548842,965,1043
548843,963,1042
548844,960,1040
548845,959,1036
548846,958,1036
548847,963,1035
548848,965,1035
548849,967,1033
548850,961,1030
548851,960,1026
548852,965,1025
548853,971,1027
548854,970,1027
548855,969,1021
548856,969,1013
548857,970,1013
548858,974,1014
548859,975,1013
548860,976,1012
548861,976,1008
548862,979,1007
548863,979,1005
548864,982,1008
548865,985,1011
548866,988,1009
548867,987,1006
548868,986,1001
548869,985,998
548870,989,1000
548871,993,1005
548872,993,1001
548873,995,1000
548874,994,996
548875,995,996
548876,997,998
548877,1003,999
548878,1004,1000
548879,1002,997
548880,1001,997
548881,1000,999
548882,1001,1004
548883,1005,1009
548884,1002,1005
548885,1003,1004
548886,1001,1003
548887,1000,1006
548888,1005,1010
548889,1009,1014
548890,1008,1015
548891,1004,1014
548892,999,1016
548893,995,1018
548894,995,1025
548895,995,1027
548896,998,1028
548897,994,1029
548898,989,1030
548899,991,1034
548900,991,1036
548901,991,1040
548902,988,1039
548903,986,1041
548904,984,1041
548905,981,1041
548906,983,1047
548907,984,1051
548908,984,1051
548909,981,1050
548910,977,1049
548911,979,1048
548912,982,1051
548913,987,1052
548914,983,1052
548915,981,1050
548916,979,1049
548917,980,1052
548918,981,1050
548919,983,1053
548920,981,1053
548921,980,1054
548922,978,1053
548923,979,1052
548924,981,1051
548925,983,1051
548926,985,1049
548927,983,1047
548928,981,1045
548929,980,1047
548930,982,1048
548931,983,1049
548932,981,1047
548933,980,1042
548934,978,1041
548935,974,1042
548936,979,1045
548937,977,1047
548938,980,1044
548939,982,1043
548940,979,1039
548941,977,1042
548942,979,1044
548943,978,1045
548944,978,1046
548945,979,1042
548946,977,1041
548947,974,1042
548948,975,1046
548949,977,1047
548950,979,1047
548951,978,1043
548952,974,1040
548953,976,1043
548954,976,1049
548955,982,1053
548956,979,1053
548957,981,1053
548958,980,1049
548959,980,1050
548960,982,1053
548961,980,1054
548962,981,1055
548963,982,1052
548964,976,1048
548965,973,1048
548966,976,1053
548967,978,1057
548968,979,1055
548969,981,1051
548970,978,1048
548971,978,1049
548972,980,1054
548973,978,1057
548974,984,1058
548975,984,1054
548976,979,1051
548977,979,1051
548978,976,1055
548979,981,1056
548980,981,1054
548981,973,1051
548982,978,1050
548983,977,1050
548984,981,1054
548985,983,1058
548986,985,1057
548987,982,1055
548988,981,1053
548989,982,1054
548990,979,1053
548991,986,1056
548992,984,1052
548993,985,1049
548994,982,1045
548995,982,1048
548996,983,1054
548997,985,1056
548998,986,1056
548999,986,1053
549000,982,1050
549001,980,1047
549002,983,1052
549003,987,1056
549004,987,1057
549005,988,1056
549006,986,1049
549007,991,1044
549008,997,1041
549009,1008,1041
549010,1018,1038
549011,1031,1032
549012,1046,1030
549013,1070,1026
549014,1100,1021
549015,1134,1012
549016,1172,1006
549017,1208,1003
549018,1236,1009
549019,1255,1031
549020,1259,1055
549021,1242,1066
549022,1200,1068
549023,1148,1071
549024,1090,1078
549025,1042,1092
549026,1003,1101
549027,983,1107
549028,977,1103
549029,977,1089
549030,979,1074
549031,983,1065
549032,982,1064
549033,983,1061
549034,983,1057
549035,980,1056
549036,973,1051
549037,966,1054
549038,965,1054
549039,967,1058
549040,966,1056
549041,965,1053
549042,962,1049
549043,961,1049
549044,962,1053
549045,963,1053
549046,962,1052
549047,959,1051
549048,960,1049
549049,958,1052
549050,958,1057
549051,964,1061
549052,965,1062
549053,964,1059
549054,962,1053
549055,959,1053
549056,963,1056
549057,966,1058
549058,968,1060
549059,967,1056
549060,962,1053
549061,961,1052
549062,962,1055
549063,962,1055
549064,964,1054
549065,962,1053
549066,961,1050
549067,962,1053
549068,965,1055
549069,967,1056
549070,968,1056
549071,968,1051
549072,964,1049
549073,963,1046
549074,966,1050
549075,966,1052
549076,966,1050
549077,965,1046
549078,963,1046
549079,963,1044
549080,967,1044
549081,971,1043
549082,971,1040
549083,970,1040
549084,972,1038
549085,972,1037
549086,971,1033
549087,977,1030
549088,979,1029
549089,980,1026
549090,979,1023
549091,980,1025
549092,981,1026
549093,988,1027
549094,984,1027
549095,987,1023
549096,985,1022
549097,983,1020
549098,988,1019
549099,993,1022
549100,991,1023
549101,993,1016
549102,990,1012
549103,991,1012
549104,990,1014
549105,994,1016
549106,995,1016
549107,995,1014
549108,996,1011
549109,995,1013
549110,999,1014
549111,1002,1016
549112,1004,1015
549113,1002,1013
549114,1001,1014
549115,1000,1019
549116,1004,1019
549117,1007,1023
549118,1008,1019
549119,1006,1019
549120,1002,1015
549121,1002,1019
549122,1004,1021
549123,1005,1023
549124,1006,1023
549125,1001,1022
549126,1000,1023
549127,997,1029
549128,998,1031
549129,998,1037
549130,996,1034
549131,994,1035
549132,990,1033
549133,988,1038
549134,991,1042
549135,991,1047
549136,991,1050
549137,986,1050
549138,982,1047
549139,977,1048
549140,980,1053
549141,982,1055
549142,982,1055
549143,981,1054
549144,977,1053
549145,977,1055
549146,978,1060
549147,981,1062
549148,981,1061
549149,980,1056
549150,977,1056
549151,976,1053
549152,980,1060
549153,982,1060
549154,985,1061
549155,985,1057
549156,985,1052
549157,981,1053
549158,982,1055
549159,985,1058
549160,986,1053
549161,985,1053
549162,981,1048
549163,981,1052
549164,985,1056
549165,988,1060
549166,986,1054
549167,984,1048
549168,981,1044
549169,980,1045
549170,985,1047
549171,986,1046
549172,987,1047
549173,984,1044
549174,983,1042
549175,983,1047
549176,986,1052
549177,984,1052
549178,987,1052
549179,984,1046
549180,983,1047
549181,981,1047
549182,978,1049
549183,981,1054
549184,983,1053
549185,981,1051
549186,976,1046
549187,974,1047
549188,978,1051
549189,981,1058
549190,976,1057
549191,976,1054
549192,974,1052
549193,975,1052
549194,977,1054
549195,979,1054
549196,980,1054
549197,976,1052
549198,974,1053
549199,975,1054
549200,979,1057
549201,981,1058
549202,978,1060
549203,980,1055
549204,978,1051
549205,976,1052
549206,978,1052
549207,982,1055
549208,981,1055
549209,979,1052
549210,977,1053
549211,977,1057
549212,980,1059
549213,984,1060
549214,986,1059
549215,984,1055
549216,980,1052
549217,980,1055
549218,981,1056
549219,986,1058
549220,986,1055
549221,984,1051
549222,979,1048
549223,977,1050
549224,983,1053
549225,983,1056
549226,984,1055
549227,983,1053
549228,979,1048
549229,977,1050
549230,979,1054
549231,979,1054
549232,981,1054
549233,979,1049
549234,976,1049
549235,975,1047
549236,976,1052
549237,981,1052
549238,979,1052
549239,979,1050
549240,977,1047
549241,974,1047
549242,975,1053
549243,977,1057
549244,976,1059
549245,976,1056
549246,978,1054
549247,975,1054
549248,979,1053
549249,983,1051
549250,983,1052
549251,981,1053
549252,979,1051
549253,980,1051
549254,981,1053
549255,986,1054
549256,985,1053
549257,982,1051
549258,979,1048
549259,978,1050
549260,979,1052
549261,984,1056
549262,986,1055
549263,986,1054
549264,986,1053
549265,982,1055
549266,987,1056
549267,992,1059
549268,996,1052
549269,996,1049
549270,995,1045
549271,998,1040
549272,1012,1039
549273,1026,1039
549274,1039,1032
549275,1052,1029
549276,1068,1022
549277,1095,1015
549278,1125,1008
549279,1157,995
549280,1189,988
549281,1217,987
549282,1239,993
549283,1257,1014
549284,1255,1038
549285,1233,1049
549286,1189,1055
549287,1140,1063
549288,1091,1069
549289,1046,1080
549290,1016,1088
549291,1000,1092
549292,993,1089
549293,995,1075
549294,995,1057
549295,997,1051
549296,996,1048
549297,993,1048
549298,989,1047
549299,984,1047
549300,977,1043
549301,974,1044
549302,973,1049
549303,972,1050
549304,971,1049
549305,970,1047
549306,964,1047
549307,964,1050
549308,964,1051
549309,966,1053
549310,966,1057
549311,964,1055
549312,961,1055
549313,960,1056
549314,963,1055
549315,963,1059
549316,968,1059
549317,965,1058
549318,963,1054
549319,965,1058
549320,966,1062
549321,970,1062
549322,968,1063
549323,967,1059
549324,964,1055
549325,965,1054
549326,967,1056
549327,968,1059
549328,971,1057
549329,970,1054
549330,964,1049
549331,963,1053
549332,969,1055
549333,969,1056
549334,971,1055
549335,966,1050
549336,966,1047
549337,964,1047
549338,971,1049
549339,972,1052
549340,973,1046
549341,974,1040
549342,968,1038
549343,967,1037
549344,970,1040
549345,974,1044
549346,976,1043
549347,975,1038
549348,972,1037
549349,970,1038
549350,975,1036
549351,978,1038
549352,978,1038
549353,978,1032
549354,974,1029
549355,975,1032
549356,974,1035
549357,978,1035
549358,977,1032
549359,976,1032
549360,973,1030
549361,976,1032
549362,978,1033
549363,984,1034
549364,986,1033
549365,984,1029
549366,984,1028
549367,984,1026
549368,987,1029
549369,991,1030
549370,991,1025
549371,993,1021
549372,990,1021
549373,991,1021
549374,995,1021
549375,997,1023
549376,999,1021
549377,1000,1016
549378,997,1015
549379,996,1016
549380,1003,1018
549381,1004,1019
549382,1006,1017
549383,1008,1016
549384,1005,1012
549385,1007,1017
549386,1008,1018
549387,1013,1022
549388,1015,1020
549389,1012,1018
549390,1011,1013
549391,1012,1014
549392,1012,1016
549393,1013,1021
549394,1016,1022
549395,1012,1020
549396,1007,1021
549397,1007,1025
549398,1007,1029
549399,1007,1031
549400,1005,1030
549401,1003,1031
549402,998,1030
549403,995,1032
549404,996,1037
549405,995,1045
549406,997,1046
549407,993,1044
549408,987,1044
549409,987,1044
549410,988,1048
549411,989,1049
549412,989,1048
549413,989,1046
549414,982,1045
549415,984,1046
549416,985,1048
549417,990,1049
549418,986,1051
549419,984,1049
549420,980,1047
549421,980,1052
549422,982,1056
549423,984,1059
549424,985,1057
549425,985,1053
549426,981,1051
549427,979,1052
549428,982,1055
549429,984,1057
549430,985,1057
549431,985,1052
549432,982,1047
549433,979,1047
549434,981,1050
549435,984,1055
549436,988,1053
549437,984,1049
549438,982,1043
549439,982,1045
549440,983,1046
549441,985,1049
549442,980,1048
549443,980,1046
549444,979,1041
549445,979,1041
549446,981,1045
549447,983,1045
549448,982,1045
549449,979,1041
549450,976,1039
549451,976,1041
549452,978,1044
549453,981,1047
549454,982,1044
549455,978,1042
549456,978,1044
549457,975,1041
549458,974,1047
549459,982,1045
549460,983,1046
549461,982,1043
549462,979,1044
549463,978,1048
549464,979,1053
549465,982,1055
549466,981,1053
549467,982,1054
549468,977,1053
549469,978,1052
549470,980,1054
549471,984,1056
549472,983,1055
549473,981,1054
549474,978,1050
549475,978,1052
549476,978,1057
549477,981,1058
549478,982,1054
549479,982,1052
549480,979,1047
549481,981,1049
549482,985,1053
549483,984,1054
549484,985,1057
549485,980,1054
549486,978,1053
549487,978,1049
549488,975,1053
549489,980,1052
549490,981,1051
549491,978,1049
549492,976,1045
549493,973,1045
549494,974,1048
549495,978,1051
549496,978,1049
549497,976,1047
549498,973,1048
549499,973,1050
549500,972,1053
549501,975,1055
549502,975,1051
549503,974,1047
549504,972,1045
549505,968,1049
549506,968,1051
549507,974,1054
549508,977,1052
549509,973,1050
549510,972,1047
549511,970,1049
549512,971,1050
549513,973,1055
549514,976,1055
549515,971,1052
549516,969,1051
549517,972,1051
549518,973,1054
549519,976,1055
549520,978,1052
549521,976,1052
549522,977,1051
549523,975,1051
549524,977,1054
549525,981,1058
549526,982,1057
549527,980,1053
549528,976,1048
549529,977,1049
549530,978,1051
549531,979,1052
549532,982,1052
549533,981,1050
549534,979,1049
549535,977,1053
549536,979,1056
549537,982,1055
549538,985,1052
549539,982,1051
549540,975,1049
549541,977,1050
549542,979,1054
549543,984,1059
549544,979,1056
549545,980,1052
549546,980,1049
549547,980,1045
549548,981,1048
549549,981,1048
549550,981,1052
549551,978,1048
549552,974,1046
549553,975,1049
549554,977,1052
549555,978,1056
549556,982,1055
549557,982,1049
549558,975,1045
549559,974,1047
549560,977,1050
549561,978,1053
549562,983,1050
549563,980,1053
549564,977,1050
549565,974,1052
549566,981,1051
549567,983,1050
549568,985,1053
549569,986,1049
549570,981,1048
549571,984,1049
549572,988,1051
549573,990,1055
549574,994,1053
549575,995,1049
549576,997,1042
549577,1007,1041
549578,1020,1037
549579,1040,1034
549580,1062,1027
549581,1084,1020
549582,1110,1008
549583,1143,998
549584,1179,995
549585,1217,994
549586,1253,996
549587,1276,1008
549588,1276,1028
549589,1255,1047
549590,1214,1056
549591,1160,1066
549592,1109,1073
549593,1059,1079
549594,1016,1083
549595,990,1082
549596,980,1080
549597,986,1076
549598,996,1064
549599,997,1053
549600,993,1048
549601,985,1050
549602,983,1051
549603,983,1051
549604,980,1049
549605,976,1046
549606,968,1045
549607,966,1047
549608,968,1052
549609,965,1055
549610,965,1054
549611,968,1052
549612,965,1050
549613,964,1049
549614,964,1053
549615,966,1056
549616,965,1055
549617,965,1052
549618,962,1052
549619,961,1056
549620,963,1056
549621,967,1054
549622,967,1053
549623,963,1054
549624,961,1052
549625,958,1056
549626,962,1058
549627,965,1058
549628,966,1054
549629,966,1052
549630,961,1049
549631,961,1054
549632,962,1054
549633,968,1057
549634,968,1055
549635,964,1052
549636,962,1054
549637,959,1053
549638,962,1053
549639,964,1051
549640,963,1053
549641,962,1046
549642,958,1044
549643,957,1046
549644,958,1049
549645,963,1049
549646,962,1044
549647,960,1042
549648,958,1042
549649,957,1044
549650,959,1048
549651,962,1050
549652,966,1047
549653,963,1039
549654,962,1035
549655,964,1035
549656,966,1037
549657,972,1040
549658,973,1036
549659,972,1035
549660,968,1031
549661,972,1032
549662,975,1035
549663,978,1036
549664,976,1038
549665,975,1037
549666,976,1036
549667,978,1038
549668,982,1040
549669,986,1040
549670,988,1031
549671,989,1029
549672,987,1027
549673,989,1027
549674,990,1031
549675,994,1032
549676,994,1028
549677,990,1023
549678,990,1021
549679,991,1017
549680,993,1022
549681,997,1023
549682,997,1022
549683,995,1018
549684,994,1014
549685,993,1019
549686,997,1022
549687,1002,1022
549688,1004,1021
549689,1003,1018
549690,1002,1015
549691,1001,1014
549692,1002,1017
549693,1006,1021
549694,1004,1020
549695,1003,1017
549696,1000,1017
549697,1000,1022
549698,998,1025
549699,1000,1029
549700,999,1028
549701,996,1026
549702,996,1025
549703,994,1031
549704,997,1034
549705,999,1038
549706,998,1038
549707,994,1034
549708,990,1031
549709,991,1036
549710,991,1039
549711,987,1043
549712,987,1044
549713,985,1043
549714,983,1044
549715,982,1045
549716,986,1052
549717,986,1056
549718,987,1058
549719,984,1058
549720,977,1054
549721,977,1053
549722,980,1055
549723,982,1057
549724,986,1055
549725,983,1054
549726,978,1052
549727,978,1050
549728,981,1050
549729,983,1050
549730,982,1049
549731,981,1047
549732,977,1047
549733,974,1048
549734,978,1050
549735,980,1052
549736,981,1049
549737,978,1049
549738,977,1048
549739,976,1048
549740,980,1053
549741,981,1053
549742,984,1050
549743,981,1049
549744,979,1047
549745,976,1047
549746,977,1045
549747,981,1050
549748,983,1048
549749,980,1048
549750,977,1047
549751,975,1047
549752,977,1049
549753,978,1048
549754,979,1045
549755,976,1042
549756,974,1042
549757,974,1043
549758,977,1048
549759,979,1051
549760,980,1047
549761,979,1043
549762,972,1040
549763,977,1040
549764,979,1045
549765,978,1047
549766,982,1046
549767,981,1043
549768,979,1045
549769,978,1048
549770,980,1052
549771,983,1055
549772,985,1051
549773,981,1048
549774,977,1046
549775,977,1049
549776,978,1050
549777,980,1052
549778,983,1050
549779,982,1051
549780,978,1048
549781,978,1046
549782,980,1045
549783,982,1046
549784,981,1047
549785,980,1046
549786,977,1047
549787,976,1048
549788,976,1051
549789,978,1055
549790,977,1054
549791,976,1052
549792,972,1047
549793,972,1050
549794,972,1051
549795,974,1052
549796,980,1048
549797,976,1045
549798,976,1042
549799,973,1044
549800,974,1047
549801,974,1047
549802,973,1048
549803,972,1044
549804,971,1043
549805,971,1044
549806,973,1045
549807,975,1046
549808,979,1045
549809,977,1047
549810,973,1047
549811,973,1048
549812,976,1050
549813,978,1051
549814,980,1050
549815,977,1048
549816,973,1049
549817,975,1049
549818,981,1054
549819,983,1055
549820,982,1055
549821,980,1054
549822,980,1050
549823,982,1048
549824,987,1046
549825,994,1046
549826,1006,1040
549827,1015,1038
549828,1024,1038
549829,1042,1037
549830,1069,1035
549831,1098,1029
549832,1126,1015
549833,1164,1001
549834,1195,989
549835,1228,988
549836,1261,996
549837,1286,1015
549838,1284,1033
549839,1255,1042
549840,1206,1043
549841,1150,1051
549842,1095,1065
549843,1042,1082
549844,998,1089
549845,971,1088
549846,963,1087
549847,970,1078
549848,980,1071
549849,986,1064
549850,985,1055
549851,983,1050
549852,977,1047
549853,971,1047
549854,966,1046
549855,969,1046
549856,965,1047
549857,963,1041
549858,956,1041
549859,956,1044
549860,955,1045
549861,957,1052
549862,956,1048
549863,957,1046
549864,953,1045
549865,951,1047
549866,956,1049
549867,959,1051
549868,959,1052
549869,957,1050
549870,955,1047
549871,957,1052
549872,957,1053
549873,960,1055
549874,960,1056
549875,956,1053
549876,953,1054
549877,952,1054
549878,957,1056
549879,961,1058
549880,962,1055
549881,960,1052
549882,958,1051
549883,957,1052
549884,959,1056
549885,960,1054
549886,959,1054
549887,961,1052
549888,958,1050
549889,958,1050
549890,961,1052
549891,965,1050
549892,964,1046
549893,964,1042
549894,964,1038
549895,961,1039
549896,965,1043
549897,967,1042
549898,967,1042
549899,966,1035
549900,964,1033
549901,962,1036
549902,963,1037
549903,965,1037
549904,969,1034
549905,965,1032
549906,963,1028
549907,962,1027
549908,965,1030
549909,970,1033
549910,970,1031
549911,971,1028
549912,969,1025
549913,969,1026
549914,971,1026
549915,975,1029
549916,975,1026
549917,972,1019
549918,971,1016
549919,973,1016
549920,975,1019
549921,978,1018
549922,976,1018
549923,979,1016
549924,977,1014
549925,975,1013
549926,980,1013
549927,985,1018
549928,985,1015
549929,985,1016
549930,983,1008
549931,984,1008
549932,989,1010
549933,992,1012
549934,994,1010
549935,992,1007
549936,992,1007
549937,992,1007
549938,994,1011
549939,997,1013
549940,999,1012
549941,995,1010
549942,995,1008
549943,995,1008
549944,993,1009
549945,995,1012
549946,994,1018
549947,994,1018
549948,989,1016
549949,986,1018
549950,988,1022
549951,991,1023
549952,992,1026
549953,989,1026
549954,984,1027
549955,982,1030
549956,982,1035
549957,983,1038
549958,984,1038
549959,980,1039
549960,976,1038
549961,975,1042
549962,975,1046
549963,974,1049
549964,975,1048
549965,973,1046
549966,967,1046
549967,967,1049
549968,970,1051
549969,971,1053
549970,971,1053
549971,971,1052
549972,969,1048
549973,970,1049
549974,971,1051
549975,971,1054
549976,976,1054
549977,972,1053
549978,971,1049
549979,971,1054
549980,974,1058
549981,974,1063
549982,980,1061
549983,977,1058
549984,973,1053
549985,976,1052
549986,978,1049
549987,980,1049
549988,983,1048
549989,981,1046
549990,978,1044
549991,977,1046
549992,979,1051
549993,981,1051
549994,980,1051
549995,978,1047
549996,977,1044
549997,972,1045
549998,975,1048
549999,977,1048
550000,977,1049
550001,973,1046
550002,971,1043
550003,971,1048
550004,971,1051
550005,970,1053
550006,973,1052
550007,972,1053
550008,969,1049
550009,969,1048
550010,969,1047
550011,973,1049
550012,974,1047
550013,971,1048
550014,968,1046
550015,967,1049
550016,968,1049
550017,970,1047
550018,968,1046
550019,969,1043
550020,965,1039
550021,966,1041
550022,965,1044
550023,970,1050
550024,971,1049
550025,971,1045
550026,968,1045
550027,967,1044
550028,971,1048
550029,974,1047
550030,975,1047
550031,971,1046
550032,967,1044
550033,970,1048
550034,973,1050
550035,975,1054
550036,977,1052
550037,973,1048
550038,968,1047
550039,969,1048
550040,972,1051
550041,970,1055
550042,974,1053
550043,971,1049
550044,968,1048
550045,970,1045
550046,972,1051
550047,971,1051
550048,972,1051
550049,969,1049
550050,966,1051
550051,967,1051
550052,967,1053
550053,972,1057
550054,973,1055
550055,971,1053
550056,962,1050
550057,962,1051
550058,964,1056
550059,969,1055
550060,966,1055
550061,963,1053
550062,961,1052
550063,962,1054
550064,965,1058
550065,965,1059
550066,965,1052
550067,963,1049
550068,961,1046
550069,962,1048
550070,964,1048
550071,971,1047
550072,969,1046
550073,968,1040
550074,967,1037
550075,970,1038
550076,970,1039
550077,971,1043
550078,973,1043
550079,969,1039
550080,969,1040
550081,968,1044
550082,973,1048
550083,973,1048
550084,975,1044
550085,971,1041
550086,971,1038
550087,970,1038
550088,974,1043
550089,974,1046
550090,973,1045
550091,973,1041
550092,973,1042
550093,975,1046
550094,975,1048
550095,977,1049
550096,973,1046
550097,971,1042
550098,966,1041
550099,967,1043
550100,972,1044
550101,974,1048
550102,972,1047
550103,975,1046
550104,970,1044
550105,971,1048
550106,972,1053
550107,975,1055
550108,975,1053
550109,971,1049
550110,969,1047
550111,967,1047
550112,969,1049
550113,974,1051
550114,973,1051
550115,973,1049
550116,970,1051
550117,971,1057
550118,970,1063
550119,970,1060
550120,972,1055
550121,969,1051
550122,969,1047
550123,966,1047
550124,968,1048
550125,973,1051
550126,974,1051
550127,971,1048
550128,969,1047
550129,968,1048
550130,972,1048
550131,972,1052
550132,975,1050
550133,973,1048
550134,972,1046
550135,970,1044
550136,972,1050
550137,978,1051
550138,975,1053
550139,977,1049
550140,973,1046
550141,974,1047
550142,975,1050
550143,975,1053
550144,975,1048
550145,974,1044
550146,974,1045
550147,973,1047
550148,973,1051
550149,978,1055
550150,978,1052
550151,974,1050
550152,972,1045
550153,971,1044
550154,973,1048
550155,972,1049
550156,974,1048
550157,972,1044
550158,966,1043
550159,968,1048
550160,972,1049
550161,973,1053
550162,975,1052
550163,970,1050
550164,965,1049
550165,967,1053
550166,972,1055
550167,975,1057
550168,976,1052
550169,973,1049
550170,971,1047
550171,972,1045
550172,975,1049
550173,976,1052
550174,975,1051
550175,975,1044
550176,973,1043
550177,975,1047
550178,976,1050
550179,976,1053
550180,976,1051
550181,976,1049
550182,975,1047
550183,972,1049
550184,977,1052
550185,979,1054
550186,981,1050
550187,979,1045
550188,977,1044
550189,975,1047
550190,975,1047
550191,975,1051
550192,978,1049
550193,977,1049
550194,972,1048
550195,976,1050
550196,975,1050
550197,980,1053
550198,982,1052
550199,978,1051
550200,977,1051
550201,975,1049
550202,979,1049
550203,981,1050
550204,980,1047
550205,980,1044
550206,976,1042
550207,977,1045
550208,982,1048
550209,983,1050
550210,982,1052
550211,978,1049
550212,977,1048
550213,977,1050
550214,978,1054
550215,981,1058
550216,982,1059
550217,979,1057
550218,977,1053
550219,980,1051
550220,984,1048
550221,986,1046
550222,989,1045
550223,987,1043
550224,987,1039
550225,988,1038
550226,995,1038
550227,1002,1036
550228,1015,1029
550229,1025,1024
550230,1037,1020
550231,1054,1019
550232,1081,1022
550233,1110,1012
550234,1144,1000
550235,1175,984
550236,1203,974
550237,1233,972
550238,1267,979
550239,1284,998
550240,1279,1019
550241,1249,1031
550242,1204,1039
550243,1152,1048
550244,1107,1056
550245,1064,1066
550246,1027,1071
550247,998,1070
550248,988,1067
550249,989,1063
550250,996,1058
550251,1002,1052
550252,1002,1045
550253,995,1048
550254,986,1046
550255,980,1048
550256,982,1051
550257,983,1050
550258,980,1048
550259,973,1047
550260,969,1048
550261,966,1048
550262,965,1050
550263,966,1052
550264,969,1051
550265,965,1048
550266,961,1049
550267,958,1051
550268,961,1055
550269,960,1059
550270,958,1054
550271,958,1051
550272,955,1051
550273,956,1049
550274,957,1050
550275,961,1052
550276,962,1051
550277,959,1047
550278,955,1047
550279,951,1045
550280,955,1052
550281,957,1054
550282,954,1054
550283,954,1052
550284,954,1052
550285,952,1055
550286,951,1055
550287,958,1056
550288,955,1054
550289,956,1052
550290,953,1052
550291,954,1053
550292,957,1056
550293,963,1057
550294,962,1057
550295,960,1051
550296,957,1047
550297,960,1049
550298,961,1052
550299,962,1055
550300,964,1054
550301,965,1049
550302,962,1048
550303,960,1050
550304,962,1050
550305,968,1053
550306,972,1050
550307,972,1049
550308,968,1047
550309,966,1047
550310,969,1048
550311,973,1047
550312,975,1045
550313,973,1041
550314,973,1039
550315,976,1038
550316,976,1037
550317,980,1038
550318,980,1034
550319,979,1029
550320,976,1029
550321,976,1027
550322,978,1031
550323,981,1031
550324,988,1028
550325,982,1024
550326,983,1021
550327,984,1020
550328,985,1024
550329,990,1028
550330,992,1024
550331,992,1022
550332,990,1018
550333,992,1017
550334,998,1018
550335,1000,1021
550336,1002,1017
550337,1000,1014
550338,997,1010
550339,997,1015
550340,1003,1016
550341,1005,1019
550342,1007,1019
550343,1008,1017
550344,1006,1015
550345,1008,1018
550346,1012,1021
550347,1015,1022
550348,1017,1022
550349,1014,1018
550350,1014,1018
550351,1012,1020
550352,1017,1024
550353,1018,1026
550354,1019,1027
550355,1014,1023
550356,1011,1024
550357,1013,1030
550358,1014,1033
550359,1015,1034
550360,1015,1032
550361,1013,1032
550362,1004,1029
550363,1002,1032
550364,1004,1035
550365,1005,1037
550366,1005,1037
550367,1000,1033
550368,997,1031
550369,994,1034
550370,993,1038
550371,992,1039
550372,991,1040
550373,989,1037
550374,987,1036
550375,985,1038
550376,987,1040
550377,985,1042
550378,987,1040
550379,984,1039
550380,981,1037
550381,978,1039
550382,981,1043
550383,987,1044
550384,988,1046
550385,987,1044
550386,985,1041
550387,985,1042
550388,986,1048
550389,989,1052
550390,987,1052
550391,985,1044
550392,979,1044
550393,980,1044
550394,979,1049
550395,983,1051
550396,985,1050
550397,983,1049
550398,979,1049
550399,978,1050
550400,981,1055
550401,985,1055
550402,985,1051
550403,983,1048
550404,980,1048
550405,979,1048
550406,978,1050
550407,983,1052
550408,979,1047
550409,980,1045
550410,979,1042
550411,979,1042
550412,979,1043
550413,981,1049
550414,981,1047
550415,979,1045
550416,977,1042
550417,978,1043
550418,978,1045
550419,982,1046
550420,981,1045
550421,981,1042
550422,974,1039
550423,975,1040
550424,976,1042
550425,976,1046
550426,981,1043
550427,974,1042
550428,972,1040
550429,970,1043
550430,971,1045
550431,976,1045
550432,979,1039
550433,977,1038
550434,974,1038
550435,977,1041
550436,976,1042
550437,979,1043
550438,975,1042
550439,973,1042
550440,971,1044
550441,970,1050
550442,972,1050
550443,975,1052
550444,976,1049
550445,975,1046
550446,973,1048
550447,972,1052
550448,974,1052
550449,975,1058
550450,974,1053
550451,975,1050
550452,971,1044
550453,971,1044
550454,976,1047
550455,978,1049
550456,977,1047
550457,972,1043
550458,971,1040
550459,969,1045
550460,971,1048
550461,974,1050
550462,974,1049
550463,970,1047
550464,969,1047
550465,969,1049
550466,968,1055
550467,972,1056
550468,970,1050
550469,972,1047
550470,970,1043
550471,968,1044
550472,970,1045
550473,973,1051
550474,972,1051
550475,971,1046
550476,968,1044
550477,969,1045
550478,968,1047
550479,970,1047
550480,973,1050
550481,972,1049
550482,968,1050
550483,969,1053
550484,973,1054
550485,974,1053
550486,973,1050
550487,972,1045
550488,971,1044
550489,970,1044
550490,973,1046
550491,974,1051
550492,974,1052
550493,973,1051
550494,972,1051
550495,973,1049
550496,975,1051
550497,980,1051
550498,980,1051
550499,977,1049
550500,976,1048
550501,974,1050
550502,979,1051
550503,980,1052
550504,983,1052
550505,981,1048
550506,982,1043
550507,984,1043
550508,992,1042
550509,1002,1044
550510,1012,1041
550511,1025,1034
550512,1040,1031
550513,1063,1026
550514,1095,1018
550515,1126,1007
550516,1159,993
550517,1191,984
550518,1222,980
550519,1252,992
550520,1269,1011
550521,1265,1035
550522,1240,1048
550523,1188,1052
550524,1130,1058
550525,1071,1078
550526,1023,1092
550527,986,1103
550528,965,1107
550529,959,1104
550530,963,1096
550531,973,1084
550532,981,1075
550533,985,1072
550534,983,1061
550535,977,1057
550536,973,1055
550537,971,1054
550538,968,1057
550539,968,1059
550540,965,1057
550541,964,1053
550542,961,1050
550543,960,1048
550544,962,1054
550545,964,1055
550546,960,1052
550547,960,1049
550548,958,1043
550549,956,1042
550550,958,1048
550551,960,1050
550552,960,1048
550553,959,1045
550554,954,1044
550555,953,1046
550556,960,1046
550557,962,1049
550558,963,1044
550559,961,1044
550560,959,1041
550561,960,1046
550562,960,1047
550563,963,1052
550564,961,1051
550565,960,1047
550566,958,1047
550567,957,1051
550568,959,1053
550569,963,1052
550570,962,1053
550571,960,1049
550572,956,1045
550573,955,1041
550574,958,1042
550575,961,1043
550576,963,1042
550577,962,1039
550578,959,1039
550579,956,1040
550580,959,1043
550581,961,1047
550582,965,1042
550583,963,1040
550584,963,1041
550585,962,1043
550586,966,1049
550587,969,1048
550588,972,1048
550589,970,1043
550590,968,1044
550591,968,1045
550592,969,1046
550593,973,1045
550594,973,1039
550595,973,1033
550596,971,1027
550597,973,1031
550598,977,1029
550599,979,1027
550600,982,1021
550601,981,1015
550602,979,1010
550603,979,1011
550604,984,1013
550605,983,1014
550606,986,1011
550607,989,1009
550608,982,1007
550609,985,1007
550610,985,1009
550611,989,1010
550612,990,1006
550613,992,1003
550614,991,1002
550615,989,1002
550616,993,1005
550617,995,1005
550618,997,1004
550619,998,998
550620,996,998
550621,996,1002
550622,999,1005
550623,1003,1010
550624,1003,1007
550625,1003,1004
550626,1000,1005
550627,998,1008
550628,999,1013
550629,1003,1016
550630,1004,1015
550631,1001,1015
550632,996,1016
550633,994,1021
550634,996,1028
550635,996,1035
550636,996,1034
550637,994,1033
550638,990,1033
550639,986,1038
550640,990,1041
550641,992,1045
550642,992,1046
550643,988,1045
550644,984,1044
550645,981,1047
550646,985,1050
550647,984,1053
550648,986,1049
550649,983,1051
550650,981,1051
550651,980,1054
550652,980,1053
550653,982,1057
550654,980,1055
550655,978,1050
550656,970,1051
550657,972,1051
550658,976,1050
550659,978,1049
550660,979,1047
550661,975,1043
550662,974,1041
550663,973,1046
550664,977,1049
550665,984,1052
550666,986,1052
550667,991,1052
550668,992,1049
550669,996,1054
550670,1001,1056
550671,1006,1061
550672,1014,1057
550673,1023,1052
550674,1033,1043
550675,1044,1031
550676,1059,1020
550677,1074,1007
550678,1086,988
550679,1100,975
550680,1112,960
550681,1127,949
550682,1142,938
550683,1159,915
550684,1181,889
550685,1195,863
550686,1209,841
550687,1227,827
550688,1241,818
550689,1247,812
550690,1252,807
550691,1248,799
550692,1241,802
550693,1234,798
550694,1229,801
550695,1226,800
550696,1211,797
550697,1194,797
550698,1168,802
550699,1147,812
550700,1129,823
550701,1107,836
550702,1086,850
550703,1063,858
550704,1048,869
550705,1037,888
550706,1032,906
550707,1036,930
550708,1032,943
550709,1026,951
550710,1016,958
550711,1015,967
550712,1029,981
550713,1041,989
550714,1051,990
550715,1061,991
550716,1052,991
550717,1025,997
550718,999,1009
550719,968,1023
550720,946,1038
550721,928,1055
550722,921,1071
550723,913,1087
550724,913,1100
550725,912,1108
550726,906,1108
550727,900,1106
550728,894,1110
550729,892,1113
550730,894,1116
550731,894,1122
550732,894,1123
550733,891,1123
550734,885,1122
550735,883,1125
550736,885,1129
550737,885,1133
550738,885,1135
550739,881,1134
550740,875,1135
550741,873,1139
550742,875,1143
550743,878,1146
550744,877,1145
550745,876,1144
550746,872,1144
550747,870,1146
550748,872,1148
550749,875,1153
550750,874,1154
550751,870,1152
550752,867,1149
550753,868,1152
550754,869,1156
550755,871,1162
550756,870,1166
550757,867,1163
550758,866,1166
550759,860,1174
550760,863,1177
550761,867,1183
550762,869,1185
550763,863,1185
550764,861,1187
550765,863,1193
550766,865,1196
550767,868,1202
550768,868,1199
550769,867,1196
550770,866,1197
550771,866,1205
550772,867,1207
550773,873,1213
550774,872,1212
550775,873,1209
550776,870,1207
550777,873,1209
550778,878,1212
550779,883,1211
550780,885,1210
550781,884,1207
550782,884,1201
550783,889,1200
550784,894,1202
550785,899,1204
550786,901,1200
550787,904,1192
550788,903,1188
550789,909,1185
550790,914,1182
550791,921,1174
550792,927,1168
550793,927,1160
550794,925,1153
550795,929,1146
550796,933,1139
550797,939,1135
550798,945,1129
550799,948,1122
550800,947,1119
550801,950,1111
550802,954,1106
550803,960,1100
550804,960,1094
550805,959,1085
550806,956,1084
550807,954,1083
550808,955,1081
550809,959,1079
550810,960,1072
550811,959,1067
550812,958,1064
550813,957,1062
550814,960,1067
550815,961,1065
550816,960,1061
550817,958,1057
550818,953,1054
550819,953,1056
550820,954,1059
550821,956,1061
550822,956,1062
550823,954,1061
550824,949,1058
550825,949,1056
550826,950,1061
550827,952,1062
550828,954,1058
550829,953,1057
550830,948,1053
550831,950,1054
550832,953,1055
550833,954,1054
550834,957,1052
550835,954,1048
550836,950,1047
550837,949,1052
550838,953,1056
550839,958,1059
550840,957,1057
550841,954,1055
550842,954,1053
550843,954,1051
550844,957,1053
550845,959,1055
550846,961,1055
550847,959,1051
550848,955,1051
550849,957,1053
550850,958,1055
550851,961,1054
550852,962,1049
550853,960,1045
550854,958,1042
550855,957,1047
550856,958,1050
550857,961,1055
550858,962,1053
550859,961,1053
550860,958,1048
550861,955,1050
550862,958,1053
550863,964,1055
550864,963,1053
550865,961,1045
550866,958,1046
550867,958,1048
550868,958,1049
550869,963,1054
550870,961,1050
550871,958,1046
550872,956,1047
550873,956,1047
550874,960,1051
550875,960,1052
550876,962,1048
550877,959,1042
550878,957,1040
550879,958,1043
550880,963,1046
550881,963,1050
550882,963,1048
550883,961,1048
550884,958,1042
550885,960,1046
550886,961,1049
550887,963,1050
550888,960,1050
550889,958,1047
550890,954,1044
550891,953,1046
550892,957,1046
550893,959,1050
550894,958,1051
550895,958,1050
550896,953,1048
550897,953,1050
550898,955,1052
550899,959,1058
550900,956,1056
550901,954,1051
550902,954,1048
550903,953,1049
550904,956,1049
550905,957,1049
550906,958,1046
550907,955,1044
550908,953,1044
550909,955,1045
550910,957,1045
550911,960,1046
550912,960,1046
550913,957,1045
550914,955,1042
550915,958,1044
550916,960,1046
550917,964,1047
550918,963,1047
550919,963,1045
550920,959,1044
550921,960,1043
550922,963,1047
550923,966,1048
550924,967,1046
550925,967,1042
550926,964,1040
550927,964,1038
550928,966,1042
550929,967,1045
550930,971,1042
550931,970,1043
550932,969,1041
550933,968,1041
550934,969,1047
550935,969,1048
550936,970,1049
550937,966,1044
550938,963,1044
550939,962,1046
550940,964,1051
550941,968,1053
550942,968,1050
550943,965,1047
550944,963,1046
550945,963,1048
550946,961,1050
550947,963,1055
550948,964,1052
550949,962,1047
550950,959,1041
550951,961,1043
550952,962,1045
550953,964,1049
550954,967,1045
550955,965,1045
550956,962,1044
550957,961,1047
550958,964,1047
550959,968,1050
550960,968,1044
550961,965,1043
550962,960,1044
550963,960,1044
550964,963,1047
550965,967,1048
550966,969,1043
550967,968,1041
550968,966,1039
550969,966,1039
550970,971,1041
550971,972,1044
550972,970,1046
550973,969,1043
550974,969,1040
550975,968,1043
550976,967,1044
550977,973,1046
550978,975,1046
550979,970,1043
550980,967,1042
550981,967,1047
550982,971,1047
550983,971,1048
550984,974,1046
550985,970,1045
550986,965,1046
550987,964,1049
550988,966,1052
550989,971,1055
550990,970,1052
550991,969,1052
550992,966,1048
550993,965,1047
550994,967,1053
550995,968,1052
550996,971,1045
550997,969,1043
550998,965,1042
550999,964,1045
551000,968,1049
551001,970,1049
551002,970,1045
551003,968,1044
551004,966,1041
551005,965,1043
551006,964,1043
551007,969,1049
551008,971,1044
551009,968,1042
551010,963,1039
551011,966,1043
551012,969,1044
551013,972,1044
551014,971,1045
551015,965,1042
551016,964,1041
551017,962,1043
551018,967,1043
551019,971,1048
551020,972,1047
551021,970,1048
551022,968,1043
551023,968,1041
551024,970,1044
551025,971,1044
551026,975,1044
551027,972,1044
551028,968,1043
551029,966,1044
551030,968,1045
551031,973,1051
551032,973,1049
551033,968,1046
551034,965,1044
551035,964,1044
551036,970,1047
551037,972,1050
551038,971,1049
551039,968,1048
551040,966,1046
551041,965,1048
551042,968,1047
551043,972,1048
551044,973,1048
551045,971,1044
551046,968,1041
551047,968,1039
551048,970,1041
551049,973,1044
551050,974,1044
551051,974,1041
551052,969,1041
551053,966,1042
551054,966,1043
551055,971,1044
551056,974,1044
551057,972,1042
551058,970,1041
551059,973,1040
551060,974,1043
551061,974,1046
551062,977,1045
551063,977,1041
551064,973,1039
551065,971,1040
551066,972,1042
551067,974,1047
551068,975,1047
551069,971,1046
551070,968,1044
551071,968,1044
551072,970,1049
551073,973,1050
551074,969,1047
551075,968,1044
551076,968,1041
551077,969,1044
551078,974,1043
551079,974,1049
551080,971,1049
551081,970,1048
551082,967,1049
551083,966,1049
551084,969,1052
551085,972,1051
551086,972,1050
551087,972,1045
551088,967,1041
551089,968,1042
551090,968,1046
551091,976,1048
551092,976,1052
551093,968,1047
551094,967,1045
551095,966,1044
551096,970,1046
551097,975,1049
551098,975,1047
551099,975,1043
551100,972,1041
551101,970,1042
551102,973,1044
551103,977,1049
551104,977,1049
551105,975,1044
551106,971,1046
551107,970,1045
551108,973,1045
551109,975,1047
551110,975,1045
551111,974,1040
551112,971,1041
551113,972,1043
551114,975,1046
551115,976,1045
551116,974,1046
551117,977,1041
551118,974,1042
551119,973,1044
551120,972,1045
551121,974,1047
551122,975,1042
551123,975,1038
551124,972,1036
551125,975,1037
551126,977,1040
551127,979,1044
551128,978,1043
551129,975,1040
551130,971,1037
551131,972,1034
551132,973,1040
551133,974,1042
551134,977,1044
551135,973,1045
551136,973,1043
551137,973,1042
551138,974,1046
551139,978,1048
551140,973,1045
551141,972,1045
551142,973,1044
551143,973,1043
551144,975,1046
551145,979,1047
551146,979,1044
551147,979,1043
551148,974,1043
551149,972,1045
551150,973,1047
551151,977,1049
551152,977,1044
551153,979,1045
551154,972,1045
551155,972,1045
551156,974,1049
551157,975,1049
551158,979,1049
551159,977,1045
551160,975,1045
551161,975,1044
551162,977,1045
551163,979,1049
551164,980,1045
551165,978,1044
551166,974,1040
551167,974,1044
551168,976,1047
551169,979,1046
551170,980,1043
551171,979,1038
551172,976,1037
551173,976,1038
551174,977,1042
551175,979,1044
551176,980,1046
551177,978,1042
551178,974,1042
551179,976,1042
551180,975,1046
551181,979,1046
551182,981,1045
551183,978,1042
551184,973,1041
551185,977,1045
551186,978,1047
551187,980,1051
551188,982,1049
551189,979,1045
551190,979,1044
551191,978,1046
551192,982,1046
551193,989,1049
551194,987,1045
551195,989,1043
551196,995,1036
551197,1001,1032
551198,1016,1028
551199,1037,1026
551200,1061,1022
551201,1087,1011
551202,1111,995
551203,1145,983
551204,1181,977
551205,1218,978
551206,1247,979
551207,1264,988
551208,1264,1009
551209,1233,1034
551210,1187,1045
551211,1139,1053
551212,1086,1062
551213,1034,1066
551214,995,1071
551215,972,1076
551216,970,1079
551217,979,1078
551218,986,1069
551219,990,1055
551220,984,1047
551221,976,1044
551222,978,1046
551223,976,1046
551224,976,1045
551225,971,1041
551226,967,1040
551227,963,1041
551228,964,1046
551229,966,1049
551230,966,1049
551231,964,1047
551232,960,1046
551233,960,1045
551234,960,1050
551235,962,1053
551236,960,1054
551237,957,1054
551238,953,1050
551239,948,1049
551240,956,1054
551241,960,1056
551242,960,1056
551243,960,1051
551244,956,1048
551245,956,1050
551246,958,1052
551247,960,1056
551248,961,1052
551249,959,1051
551250,959,1048
551251,955,1053
551252,956,1056
551253,957,1057
551254,958,1049
551255,956,1045
551256,957,1043
551257,956,1042
551258,960,1045
551259,961,1044
551260,964,1047
551261,960,1044
551262,957,1044
551263,957,1041
551264,962,1046
551265,964,1051
551266,968,1050
551267,964,1048
551268,959,1043
551269,963,1041
551270,966,1042
551271,966,1043
551272,970,1040
551273,968,1043
551274,967,1040
551275,969,1042
551276,972,1042
551277,977,1043
551278,978,1041
551279,978,1036
551280,975,1031
551281,973,1032
551282,977,1033
551283,984,1031
551284,984,1027
551285,985,1023
551286,983,1021
551287,983,1019
551288,987,1020
551289,991,1021
551290,994,1019
551291,995,1012
551292,996,1007
551293,994,1005
551294,1002,1008
551295,1007,1008
551296,1006,1009
551297,1008,1006
551298,1008,1001
551299,1009,998
551300,1015,1002
551301,1021,1007
551302,1024,1005
551303,1027,1000
551304,1027,996
551305,1027,995
551306,1030,999
551307,1035,1003
551308,1036,1003
551309,1039,1000
551310,1037,1001
551311,1038,1001
551312,1039,1005
551313,1040,1010
551314,1039,1011
551315,1037,1010
551316,1034,1013
551317,1031,1015
551318,1034,1018
551319,1031,1020
551320,1031,1018
551321,1027,1016
551322,1019,1021
551323,1017,1023
551324,1014,1027
551325,1012,1028
551326,1010,1025
551327,1009,1024
551328,1003,1023
551329,999,1028
551330,998,1031
551331,1000,1035
551332,996,1038
551333,995,1037
551334,991,1034
551335,991,1034
551336,990,1040
551337,993,1041
551338,994,1037
551339,989,1033
551340,986,1033
551341,980,1035
551342,985,1042
551343,986,1041
551344,985,1036
551345,982,1034
551346,979,1035
551347,980,1035
551348,981,1038
551349,984,1042
551350,985,1042
551351,984,1042
551352,977,1042
551353,975,1042
551354,979,1047
551355,982,1050
551356,980,1047
551357,980,1041
551358,976,1040
551359,975,1041
551360,977,1043
551361,980,1048
551362,979,1046
551363,977,1043
551364,974,1041
551365,975,1038
551366,977,1041
551367,979,1042
551368,983,1040
551369,977,1039
551370,974,1038
551371,976,1042
551372,976,1043
551373,980,1045
551374,982,1041
551375,977,1040
551376,975,1036
551377,975,1038
551378,979,1042
551379,982,1042
551380,981,1039
551381,977,1039
551382,976,1037
551383,975,1038
551384,974,1042
551385,978,1044
551386,981,1042
551387,973,1037
551388,974,1038
551389,970,1042
551390,976,1043
551391,978,1046
551392,977,1044
551393,974,1043
551394,971,1042
551395,973,1045
551396,973,1042
551397,977,1041
551398,979,1040
551399,976,1038
551400,973,1038
551401,970,1039
551402,973,1044
551403,974,1048
551404,971,1048
551405,969,1046
551406,968,1041
551407,966,1044
551408,967,1047
551409,971,1051
551410,970,1049
551411,970,1047
551412,967,1045
551413,965,1048
551414,967,1049
551415,968,1055
551416,971,1055
551417,968,1055
551418,965,1053
551419,970,1053
551420,972,1053
551421,975,1055
551422,976,1052
551423,975,1050
551424,973,1044
551425,971,1044
551426,974,1047
551427,977,1046
551428,977,1045
551429,976,1042
551430,974,1044
551431,976,1047
551432,980,1045
551433,982,1045
551434,987,1037
551435,989,1028
551436,995,1025
551437,1004,1024
551438,1015,1028
551439,1036,1026
551440,1059,1023
551441,1085,1014
551442,1112,1003
551443,1148,994
551444,1189,993
551445,1227,997
551446,1257,1008
551447,1264,1027
551448,1243,1046
551449,1197,1056
551450,1140,1062
551451,1085,1076
551452,1026,1093
551453,977,1108
551454,954,1112
551455,952,1112
551456,960,1105
551457,973,1094
551458,981,1078
551459,979,1067
551460,978,1058
551461,973,1053
551462,971,1055
551463,968,1053
551464,964,1053
551465,962,1053
551466,956,1048
551467,956,1049
551468,958,1052
551469,960,1052
551470,959,1049
551471,956,1048
551472,953,1044
551473,952,1045
551474,952,1046
551475,958,1048
551476,957,1049
551477,957,1047
551478,954,1046
551479,955,1044
551480,956,1050
551481,958,1054
551482,957,1051
551483,955,1049
551484,953,1052
551485,951,1054
551486,955,1056
551487,955,1055
551488,957,1052
551489,954,1048
551490,953,1047
551491,952,1047
551492,953,1052
551493,954,1057
551494,953,1054
551495,953,1051
551496,954,1044
551497,955,1050
551498,956,1053
551499,958,1057
551500,961,1059
551501,960,1051
551502,956,1051
551503,960,1051
551504,961,1053
551505,964,1053
551506,964,1049
551507,962,1047
551508,959,1041
551509,959,1039
551510,964,1041
551511,966,1043
551512,967,1041
551513,966,1034
551514,966,1030
551515,967,1028
551516,969,1029
551517,974,1029
551518,975,1024
551519,972,1023
551520,972,1022
551521,973,1018
551522,974,1017
551523,976,1019
551524,977,1015
551525,976,1011
551526,973,1011
551527,975,1009
551528,972,1013
551529,979,1012
551530,982,1009
551531,982,1009
551532,978,1004
551533,980,1006
551534,981,1009
551535,984,1011
551536,987,1012
551537,986,1009
551538,984,1007
551539,984,1008
551540,988,1007
551541,992,1006
551542,992,1007
551543,995,1006
551544,992,1007
551545,994,1009
551546,998,1010
551547,999,1015
551548,1004,1013
551549,1002,1014
551550,999,1013
551551,1000,1016
551552,1000,1018
551553,1002,1026
551554,1001,1029
551555,997,1028
551556,990,1030
551557,989,1030
551558,991,1038
551559,994,1039
551560,993,1041
551561,989,1041
551562,986,1039
551563,982,1042
551564,984,1047
551565,984,1050
551566,985,1053
551567,978,1051
551568,976,1052
551569,976,1052
551570,978,1054
551571,980,1058
551572,980,1058
551573,978,1055
551574,974,1057
551575,974,1055
551576,977,1059
551577,980,1062
551578,982,1061
551579,977,1061
551580,978,1062
551581,977,1063
551582,984,1064
551583,988,1065
551584,993,1066
551585,993,1063
551586,996,1063
551587,999,1066
551588,1005,1069
551589,1013,1071
551590,1017,1069
551591,1022,1066
551592,1029,1060
551593,1042,1049
551594,1061,1035
551595,1075,1021
551596,1090,999
551597,1103,982
551598,1116,967
551599,1130,954
551600,1148,940
551601,1164,920
551602,1186,892
551603,1201,864
551604,1218,841
551605,1235,827
551606,1247,817
551607,1253,810
551608,1249,810
551609,1248,806
551610,1240,801
551611,1234,797
551612,1224,799
551613,1215,801
551614,1194,804
551615,1172,808
551616,1150,816
551617,1126,829
551618,1107,841
551619,1084,854
551620,1064,865
551621,1045,879
551622,1035,892
551623,1027,914
551624,1024,938
551625,1023,961
551626,1018,975
551627,1015,983
551628,1018,990
551629,1028,998
551630,1040,1009
551631,1052,1016
551632,1061,1014
551633,1055,1013
551634,1031,1016
551635,1005,1026
551636,976,1042
551637,955,1059
551638,941,1074
551639,936,1086
551640,929,1095
551641,926,1106
551642,921,1110
551643,921,1114
551644,919,1115
551645,912,1115
551646,908,1117
551647,905,1122
551648,903,1128
551649,904,1134
551650,902,1132
551651,898,1131
551652,893,1133
551653,892,1138
551654,892,1145
551655,892,1147
551656,894,1148
551657,893,1149
551658,888,1148
551659,885,1151
551660,886,1155
551661,889,1160
551662,887,1159
551663,882,1161
551664,880,1161
551665,881,1167
551666,882,1168
551667,883,1173
551668,884,1171
551669,880,1171
551670,875,1169
551671,875,1170
551672,879,1178
551673,875,1183
551674,877,1183
551675,875,1185
551676,872,1185
551677,870,1189
551678,874,1192
551679,874,1198
551680,874,1197
551681,873,1198
551682,872,1198
551683,871,1204
551684,875,1209
551685,876,1213
551686,879,1213
551687,880,1214
551688,877,1213
551689,877,1217
551690,881,1221
551691,884,1223
551692,885,1223
551693,887,1221
551694,887,1219
551695,890,1222
551696,893,1225
551697,898,1229
551698,900,1225
551699,903,1221
551700,900,1217
551701,903,1218
551702,910,1218
551703,913,1218
551704,915,1218
551705,918,1211
551706,919,1210
551707,920,1205
551708,927,1206
551709,935,1201
551710,938,1196
551711,939,1187
551712,938,1179
551713,940,1176
551714,945,1171
551715,949,1167
551716,953,1160
551717,952,1152
551718,951,1143
551719,952,1139
551720,956,1135
551721,960,1128
551722,963,1122
551723,960,1113
551724,961,1102
551725,959,1099
551726,963,1096
551727,967,1096
551728,967,1090
551729,966,1083
551730,964,1080
551731,964,1079
551732,965,1078
551733,968,1078
551734,968,1075
551735,966,1070
551736,962,1068
551737,962,1069
551738,966,1069
551739,969,1068
551740,969,1065
551741,969,1060
551742,960,1057
551743,964,1056
551744,966,1058
551745,970,1061
551746,969,1057
551747,969,1055
551748,967,1052
551749,964,1056
551750,968,1056
551751,971,1063
551752,971,1062
551753,970,1058
551754,967,1055
551755,964,1058
551756,967,1061
551757,972,1060
551758,970,1058
551759,970,1055
551760,968,1054
551761,968,1057
551762,967,1059
551763,973,1059
551764,973,1059
551765,970,1057
551766,968,1053
551767,968,1055
551768,971,1060
551769,975,1061
551770,973,1055
551771,969,1053
551772,965,1054
551773,967,1053
551774,968,1057
551775,972,1059
551776,972,1058
551777,972,1055
551778,974,1056
551779,971,1056
551780,972,1059
551781,972,1060
551782,973,1060
551783,968,1056
551784,969,1052
551785,967,1054
551786,970,1058
551787,972,1060
551788,970,1057
551789,970,1056
551790,967,1056
551791,963,1056
551792,965,1059
551793,970,1063
551794,971,1061
551795,972,1057
551796,970,1051
551797,968,1052
551798,969,1052
551799,973,1052
551800,972,1053
551801,972,1049
551802,970,1049
551803,969,1049
551804,969,1055
551805,976,1055
551806,977,1055
551807,976,1053
551808,971,1049
551809,973,1054
551810,975,1057
551811,979,1056
551812,979,1053
551813,977,1050
551814,970,1050
551815,973,1052
551816,974,1055
551817,976,1057
551818,976,1052
551819,973,1051
551820,971,1049
551821,972,1052
551822,974,1053
551823,975,1053
551824,977,1053
551825,973,1052
551826,970,1051
551827,971,1052
551828,971,1058
551829,974,1060
551830,972,1059
551831,970,1058
551832,965,1057
551833,965,1057
551834,970,1060
551835,971,1060
551836,973,1056
551837,970,1055
551838,968,1053
551839,966,1057
551840,967,1060
551841,971,1064
551842,973,1058
551843,972,1054
551844,969,1050
551845,965,1052
551846,966,1054
551847,969,1057
551848,970,1056
551849,971,1053
551850,970,1050
551851,970,1052
551852,972,1053
551853,975,1055
551854,976,1051
551855,975,1050
551856,972,1046
551857,969,1046
551858,972,1051
551859,976,1053
551860,975,1048
551861,974,1052
551862,971,1049
551863,971,1050
551864,973,1053
551865,974,1056
551866,976,1052
551867,973,1051
551868,973,1048
551869,970,1049
551870,973,1053
551871,978,1056
551872,976,1057
551873,974,1051
551874,971,1049
551875,972,1053
551876,973,1054
551877,972,1054
551878,971,1051
551879,973,1050
551880,969,1049
551881,971,1050
551882,972,1051
551883,973,1051
551884,973,1052
551885,969,1050
551886,968,1051
551887,970,1054
551888,972,1061
551889,975,1058
551890,977,1056
551891,975,1051
551892,974,1048
551893,973,1051
551894,973,1053
551895,977,1054
551896,977,1054
551897,976,1051
551898,970,1050
551899,971,1051
551900,976,1053
551901,976,1053
551902,977,1054
551903,974,1047
551904,971,1045
551905,971,1047
551906,973,1052
551907,973,1053
551908,975,1051
551909,971,1049
551910,969,1048
551911,971,1050
551912,972,1050
551913,975,1053
551914,976,1050
551915,975,1048
551916,971,1046
551917,970,1051
551918,973,1053
551919,976,1055
551920,973,1055
551921,974,1049
551922,970,1048
551923,972,1049
551924,974,1053
551925,974,1054
551926,973,1055
551927,973,1050
551928,970,1047
551929,972,1049
551930,973,1051
551931,977,1050
551932,979,1046
551933,976,1041
551934,974,1040
551935,972,1041
551936,975,1042
551937,978,1045
551938,977,1043
551939,975,1042
551940,975,1041
551941,972,1046
551942,972,1047
551943,982,1050
551944,982,1048
551945,981,1047
551946,979,1045
551947,976,1046
551948,979,1048
551949,980,1048
551950,984,1047
551951,980,1046
551952,978,1045
551953,979,1047
551954,979,1050
551955,983,1053
551956,984,1048
551957,983,1045
551958,977,1043
551959,982,1046
551960,983,1046
551961,985,1050
551962,986,1048
551963,988,1046
551964,985,1045
551965,984,1042
551966,989,1041
551967,995,1037
551968,1004,1032
551969,1012,1027
551970,1022,1023
551971,1042,1018
551972,1067,1017
551973,1096,1010
551974,1131,994
551975,1161,977
551976,1187,974
551977,1215,978
551978,1238,989
551979,1245,1015
551980,1229,1030
551981,1190,1038
551982,1145,1042
551983,1091,1053
551984,1047,1069
551985,1010,1082
551986,983,1091
551987,973,1093
551988,970,1083
551989,975,1072
551990,981,1063
551991,989,1059
551992,985,1055
551993,980,1051
551994,974,1055
551995,973,1052
551996,975,1051
551997,975,1050
551998,971,1050
551999,969,1050
552000,963,1046
552001,963,1049
552002,963,1052
552003,968,1056
552004,970,1053
552005,967,1048
552006,961,1045
552007,960,1046
552008,966,1051
552009,967,1051
552010,966,1049
552011,962,1047
552012,957,1050
552013,957,1054
552014,960,1057
552015,962,1058
552016,958,1054
552017,959,1053
552018,956,1050
552019,956,1049
552020,958,1049
552021,960,1051
552022,961,1049
552023,958,1046
552024,954,1045
552025,953,1046
552026,954,1050
552027,958,1051
552028,957,1048
552029,952,1045
552030,949,1043
552031,951,1044
552032,956,1049
552033,960,1049
552034,957,1046
552035,957,1041
552036,956,1038
552037,956,1037
552038,959,1038
552039,964,1042
552040,964,1039
552041,960,1034
552042,956,1033
552043,958,1037
552044,962,1043
552045,964,1045
552046,963,1047
552047,965,1041
552048,964,1036
552049,966,1035
552050,968,1036
552051,972,1037
552052,972,1035
552053,970,1035
552054,968,1031
552055,970,1032
552056,974,1031
552057,980,1035
552058,980,1033
552059,982,1031
552060,980,1027
552061,979,1024
552062,982,1024
552063,987,1023
552064,987,1020
552065,990,1015
552066,989,1010
552067,988,1006
552068,995,1009
552069,997,1011
552070,1000,1006
552071,1000,1003
552072,998,1002
552073,997,1003
552074,1004,1004
552075,1010,1004
552076,1012,1000
552077,1011,997
552078,1010,995
552079,1010,993
552080,1014,993
552081,1019,997
552082,1017,992
552083,1018,992
552084,1017,990
552085,1017,995
552086,1019,997
552087,1022,998
552088,1024,996
552089,1022,995
552090,1019,994
552091,1020,993
552092,1020,997
552093,1025,1001
552094,1026,1001
552095,1024,999
552096,1020,1000
552097,1019,1000
552098,1019,1007
552099,1020,1011
552100,1018,1012
552101,1016,1014
552102,1014,1014
552103,1012,1016
552104,1011,1022
552105,1011,1021
552106,1011,1023
552107,1007,1022
552108,1000,1023
552109,999,1025
552110,1000,1029
552111,1000,1033
552112,998,1037
552113,995,1038
552114,991,1038
552115,988,1040
552116,988,1044
552117,989,1046
552118,991,1045
552119,988,1043
552120,987,1042
552121,985,1044
552122,984,1048
552123,987,1049
552124,987,1049
552125,983,1047
552126,985,1042
552127,986,1045
552128,983,1044
552129,984,1047
552130,985,1045
552131,984,1043
552132,979,1042
552133,978,1043
552134,978,1045
552135,982,1046
552136,983,1045
552137,982,1044
552138,979,1040
552139,976,1041
552140,982,1041
552141,984,1040
552142,984,1035
552143,981,1032
552144,978,1031
552145,978,1032
552146,976,1031
552147,978,1033
552148,980,1032
552149,977,1032
552150,976,1031
552151,976,1034
552152,977,1036
552153,979,1039
552154,979,1036
552155,979,1033
552156,975,1032
552157,976,1032
552158,979,1037
552159,980,1036
552160,982,1036
552161,980,1033
552162,973,1031
552163,975,1034
552164,973,1039
552165,976,1042
552166,975,1043
552167,971,1039
552168,969,1039
552169,969,1042
552170,972,1042
552171,975,1043
552172,977,1041
552173,973,1041
552174,970,1039
552175,969,1040
552176,969,1044
552177,974,1046
552178,974,1044
552179,971,1040
552180,968,1036
552181,966,1038
552182,967,1037
552183,971,1040
552184,973,1038
552185,971,1037
552186,969,1035
552187,964,1038
552188,968,1043
552189,970,1045
552190,971,1042
552191,967,1039
552192,967,1037
552193,967,1035
552194,968,1038
552195,970,1038
552196,970,1037
552197,970,1036
552198,968,1038
552199,970,1039
552200,971,1043
552201,973,1047
552202,975,1047
552203,973,1047
552204,966,1043
552205,967,1045
552206,969,1049
552207,972,1053
552208,970,1052
552209,969,1051
552210,967,1047
552211,967,1048
552212,968,1049
552213,970,1053
552214,970,1050
552215,968,1049
552216,966,1051
552217,968,1053
552218,969,1054
552219,968,1057
552220,967,1054
552221,967,1049
552222,965,1045
552223,965,1050
552224,966,1053
552225,969,1053
552226,970,1051
552227,967,1049
552228,965,1047
552229,965,1048
552230,968,1052
552231,972,1051
552232,970,1049
552233,969,1045
552234,969,1041
552235,968,1046
552236,968,1047
552237,969,1048
552238,971,1043
552239,974,1038
552240,969,1040
552241,969,1041
552242,972,1044
552243,974,1045
552244,973,1041
552245,969,1037
552246,970,1032
552247,971,1031
552248,974,1033
552249,977,1039
552250,975,1035
552251,974,1032
552252,973,1028
552253,976,1028
552254,988,1024
552255,1000,1024
552256,1016,1020
552257,1031,1016
552258,1051,1010
552259,1081,1003
552260,1117,995
552261,1154,984
552262,1187,978
552263,1221,981
552264,1248,989
552265,1264,1016
552266,1256,1041
552267,1222,1055
552268,1172,1058
552269,1113,1062
552270,1060,1075
552271,1008,1093
552272,970,1109
552273,956,1118
552274,956,1114
552275,964,1107
552276,971,1091
552277,974,1075
552278,981,1067
552279,981,1062
552280,978,1054
552281,971,1049
552282,965,1049
552283,962,1046
552284,961,1051
552285,961,1051
552286,957,1050
552287,952,1046
552288,953,1045
552289,949,1047
552290,950,1051
552291,951,1052
552292,950,1049
552293,950,1044
552294,946,1041
552295,947,1042
552296,949,1045
552297,950,1046
552298,950,1046
552299,948,1043
552300,941,1045
552301,944,1047
552302,942,1052
552303,945,1053
552304,947,1047
552305,947,1040
552306,947,1036
552307,947,1039
552308,947,1043
552309,950,1047
552310,955,1046
552311,952,1043
552312,952,1039
552313,952,1043
552314,954,1046
552315,956,1048
552316,958,1046
552317,958,1044
552318,953,1043
552319,955,1046
552320,957,1050
552321,960,1052
552322,959,1051
552323,961,1045
552324,959,1043
552325,959,1043
552326,963,1044
552327,962,1047
552328,965,1044
552329,961,1042
552330,959,1039
552331,956,1036
552332,962,1038
552333,962,1036
552334,963,1033
552335,964,1032
552336,962,1026
552337,963,1025
552338,963,1027
552339,966,1029
552340,967,1028
552341,966,1028
552342,963,1022
552343,963,1022
552344,964,1020
552345,968,1022
552346,970,1017
552347,969,1016
552348,967,1010
552349,965,1010
552350,970,1013
552351,974,1013
552352,975,1012
552353,974,1008
552354,970,1008
552355,968,1009
552356,974,1009
552357,981,1009
552358,987,1003
552359,984,999
552360,984,997
552361,985,997
552362,987,1003
552363,993,1006
552364,994,1004
552365,996,1000
552366,993,998
552367,993,1001
552368,995,1000
552369,1001,1003
552370,1004,1000
552371,1000,999
552372,995,996
552373,995,996
552374,999,997
552375,1001,1000
552376,1003,1002
552377,1000,1002
552378,996,1003
552379,995,1009
552380,996,1014
552381,995,1019
552382,993,1023
552383,990,1024
552384,987,1025
552385,989,1028
552386,987,1030
552387,989,1035
552388,983,1035
552389,978,1032
552390,977,1034
552391,975,1037
552392,975,1043
552393,976,1046
552394,977,1042
552395,973,1042
552396,970,1043
552397,970,1045
552398,969,1052
552399,975,1053
552400,973,1054
552401,973,1050
552402,972,1051
552403,969,1051
552404,971,1053
552405,970,1054
552406,976,1051
552407,972,1050
552408,971,1045
552409,970,1044
552410,973,1047
552411,976,1047
552412,974,1044
552413,973,1041
552414,971,1038
552415,969,1040
552416,971,1044
552417,972,1043
552418,973,1043
552419,972,1040
552420,970,1038
552421,970,1039
552422,974,1041
552423,975,1045
552424,973,1041
552425,971,1039
552426,966,1038
552427,966,1037
552428,964,1040
552429,971,1044
552430,971,1042
552431,968,1043
552432,963,1044
552433,964,1048
552434,966,1052
552435,970,1053
552436,966,1051
552437,969,1049
552438,967,1047
552439,966,1047
552440,969,1051
552441,972,1048
552442,970,1048
552443,971,1046
552444,967,1046
552445,967,1047
552446,967,1049
552447,969,1051
552448,971,1051
552449,969,1050
552450,969,1049
552451,966,1052
552452,970,1051
552453,970,1055
552454,971,1052
552455,968,1049
552456,968,1044
552457,967,1044
552458,969,1047
552459,972,1047
552460,970,1046
552461,967,1046
552462,965,1044
552463,963,1044
552464,966,1047
552465,970,1049
552466,973,1049
552467,972,1048
552468,972,1048
552469,971,1048
552470,970,1049
552471,975,1048
552472,975,1047
552473,966,1046
552474,963,1044
552475,961,1046
552476,962,1052
552477,966,1053
552478,965,1053
552479,964,1050
552480,963,1050
552481,962,1053
552482,958,1054
552483,966,1057
552484,964,1058
552485,962,1057
552486,957,1051
552487,961,1052
552488,964,1052
552489,966,1054
552490,967,1055
552491,966,1053
552492,963,1050
552493,961,1052
552494,963,1053
552495,964,1052
552496,965,1051
552497,965,1048
552498,961,1046
552499,963,1050
552500,965,1053
552501,966,1055
552502,967,1052
552503,966,1047
552504,964,1043
552505,962,1046
552506,964,1050
552507,968,1051
552508,968,1048
552509,967,1048
552510,965,1048
552511,964,1048
552512,966,1049
552513,971,1050
552514,971,1047
552515,970,1040
552516,965,1036
552517,968,1036
552518,970,1038
552519,973,1044
552520,975,1044
552521,972,1043
552522,967,1045
552523,966,1046
552524,972,1049
552525,975,1049
552526,974,1047
552527,970,1047
552528,966,1045
552529,964,1048
552530,963,1053
552531,969,1053
552532,968,1056
552533,968,1052
552534,965,1050
552535,966,1054
552536,967,1055
552537,971,1057
552538,971,1056
552539,972,1053
552540,968,1052
552541,969,1049
552542,968,1052
552543,972,1053
552544,973,1054
552545,968,1053
552546,966,1050
552547,964,1052
552548,969,1053
552549,973,1057
552550,975,1054
552551,972,1052
552552,967,1048
552553,969,1047
552554,973,1050
552555,974,1048
552556,976,1047
552557,975,1043
552558,975,1037
552559,975,1037
552560,989,1038
552561,1004,1035
552562,1017,1031
552563,1034,1022
552564,1052,1016
552565,1082,1007
552566,1113,994
552567,1147,982
552568,1179,975
552569,1211,974
552570,1240,981
552571,1263,1002
552572,1260,1029
552573,1233,1048
552574,1184,1053
552575,1127,1055
552576,1065,1066
552577,1012,1080
552578,971,1098
552579,957,1106
552580,955,1106
552581,964,1097
552582,968,1083
552583,974,1073
552584,977,1062
552585,977,1061
552586,975,1055
552587,971,1052
552588,962,1049
552589,959,1049
552590,957,1054
552591,960,1057
552592,960,1057
552593,957,1053
552594,950,1053
552595,952,1050
552596,950,1052
552597,953,1052
552598,950,1051
552599,950,1051
552600,947,1049
552601,947,1051
552602,948,1055
552603,950,1056
552604,950,1053
552605,947,1050
552606,943,1048
552607,944,1047
552608,943,1051
552609,948,1054
552610,947,1052
552611,945,1052
552612,942,1050
552613,943,1051
552614,949,1054
552615,949,1055
552616,953,1053
552617,951,1047
552618,949,1045
552619,949,1045
552620,951,1048
552621,952,1054
552622,954,1050
552623,950,1046
552624,947,1048
552625,949,1049
552626,951,1052
552627,956,1054
552628,954,1051
552629,952,1048
552630,953,1046
552631,952,1045
552632,956,1047
552633,961,1049
552634,964,1046
552635,959,1041
552636,954,1041
552637,956,1045
552638,958,1046
552639,959,1048
552640,964,1047
552641,961,1041
552642,961,1039
552643,961,1039
552644,963,1041
552645,963,1044
552646,965,1043
552647,964,1037
552648,959,1033
552649,961,1032
552650,964,1038
552651,969,1036
552652,969,1032
552653,967,1027
552654,964,1023
552655,968,1024
552656,966,1027
552657,971,1028
552658,976,1027
552659,975,1022
552660,971,1021
552661,972,1021
552662,976,1021
552663,980,1022
552664,986,1016
552665,986,1011
552666,985,1008
552667,984,1009
552668,986,1011
552669,993,1013
552670,993,1011
552671,993,1006
552672,993,1004
552673,995,1005
552674,998,1007
552675,1002,1009
552676,1005,1004
552677,1004,1000
552678,1002,999
552679,1003,999
552680,1002,1003
552681,1006,1009
552682,1005,1008
552683,1007,1007
552684,1006,1008
552685,1004,1010
552686,1005,1016
552687,1004,1017
552688,1001,1017
552689,997,1019
552690,994,1016
552691,994,1020
552692,995,1026
552693,995,1034
552694,992,1034
552695,986,1034
552696,983,1033
552697,982,1039
552698,980,1043
552699,980,1045
552700,978,1046
552701,974,1047
552702,971,1048
552703,967,1050
552704,972,1051
552705,974,1055
552706,975,1055
552707,971,1053
552708,966,1053
552709,966,1054
552710,969,1057
552711,969,1057
552712,969,1055
552713,968,1052
552714,962,1048
552715,962,1051
552716,964,1051
552717,965,1051
552718,967,1048
552719,967,1042
552720,966,1039
552721,965,1046
552722,970,1049
552723,972,1049
552724,972,1046
552725,969,1041
552726,967,1038
552727,965,1040
552728,965,1044
552729,970,1046
552730,969,1049
552731,966,1047
552732,963,1045
552733,966,1047
552734,968,1050
552735,968,1050
552736,969,1046
552737,963,1045
552738,961,1041
552739,962,1044
552740,961,1049
552741,965,1050
552742,969,1049
552743,965,1046
552744,965,1044
552745,962,1042
552746,961,1043
552747,961,1049
552748,964,1046
552749,963,1046
552750,964,1046
552751,965,1047
552752,966,1050
552753,966,1051
552754,965,1052
552755,966,1049
552756,962,1047
552757,959,1050
552758,962,1052
552759,961,1052
552760,962,1051
552761,963,1049
552762,963,1044
552763,960,1047
552764,962,1053
552765,962,1055
552766,966,1053
552767,964,1047
552768,964,1047
552769,964,1048
552770,967,1051
552771,968,1052
552772,964,1051
552773,962,1049
552774,959,1045
552775,960,1047
552776,959,1047
552777,964,1051
552778,966,1053
552779,966,1047
552780,965,1045
552781,963,1046
552782,960,1050
552783,963,1050
552784,962,1049
552785,963,1045
552786,959,1045
552787,956,1048
552788,957,1054
552789,958,1057
552790,960,1057
552791,962,1055
552792,961,1051
552793,957,1050
552794,958,1047
552795,957,1050
552796,958,1051
552797,954,1048
552798,956,1052
552799,957,1051
552800,960,1056
552801,961,1058
552802,960,1052
552803,958,1048
552804,956,1050
552805,957,1049
552806,956,1052
552807,961,1055
552808,965,1054
552809,964,1052
552810,961,1049
552811,961,1051
552812,965,1053
552813,969,1052
552814,972,1048
552815,974,1040
552816,979,1032
552817,987,1033
552818,1002,1032
552819,1020,1029
552820,1038,1027
552821,1066,1017
552822,1094,1002
552823,1130,991
552824,1171,986
552825,1212,990
552826,1251,997
552827,1271,1009
552828,1266,1027
552829,1237,1043
552830,1192,1049
552831,1136,1055
552832,1074,1068
552833,1009,1080
552834,959,1093
552835,938,1102
552836,941,1104
552837,951,1098
552838,962,1084
552839,965,1071
552840,965,1058
552841,959,1052
552842,959,1054
552843,956,1058
552844,951,1059
552845,948,1054
552846,942,1054
552847,940,1055
552848,944,1056
552849,944,1058
552850,942,1059
552851,939,1055
552852,937,1059
552853,938,1060
552854,939,1061
552855,944,1059
552856,943,1056
552857,942,1050
552858,939,1048
552859,939,1047
552860,937,1050
552861,941,1054
552862,946,1053
552863,943,1046
552864,940,1045
552865,941,1044
552866,945,1048
552867,948,1050
552868,947,1049
552869,946,1047
552870,944,1048
552871,939,1052
552872,944,1049
552873,952,1051
552874,954,1049
552875,954,1045
552876,949,1048
552877,948,1050
552878,949,1051
552879,951,1049
552880,953,1047
552881,952,1044
552882,946,1042
552883,945,1046
552884,955,1045
552885,955,1048
552886,953,1048
552887,953,1050
552888,950,1048
552889,950,1048
552890,955,1048
552891,957,1046
552892,956,1044
552893,956,1040
552894,953,1040
552895,953,1042
552896,956,1042
552897,954,1042
552898,957,1039
552899,956,1035
552900,954,1032
552901,954,1031
552902,956,1035
552903,960,1035
552904,959,1031
552905,961,1024
552906,958,1017
552907,960,1017
552908,962,1017
552909,970,1019
552910,968,1012
552911,968,1008
552912,964,1006
552913,962,1007
552914,968,1011
552915,970,1012
552916,974,1011
552917,973,1009
552918,968,1003
552919,974,1005
552920,978,1005
552921,980,1010
552922,980,1007
552923,980,1005
552924,978,1002
552925,980,1007
552926,985,1011
552927,990,1014
552928,990,1013
552929,990,1014
552930,991,1012
552931,989,1015
552932,992,1020
552933,995,1026
552934,995,1031
552935,990,1032
552936,984,1030
552937,983,1031
552938,982,1032
552939,984,1035
552940,981,1033
552941,979,1032
552942,976,1033
552943,976,1040
552944,974,1042
552945,971,1048
552946,968,1048
552947,964,1047
552948,965,1049
552949,961,1048
552950,966,1045
552951,965,1045
552952,967,1046
552953,961,1044
552954,957,1045
552955,956,1047
552956,958,1050
552957,960,1055
552958,959,1056
552959,960,1054
552960,959,1051
552961,960,1049
552962,964,1052
552963,966,1052
552964,966,1053
552965,961,1051
552966,960,1051
552967,958,1055
552968,964,1056
552969,965,1057
552970,965,1056
552971,965,1053
552972,962,1050
552973,960,1049
552974,964,1055
552975,963,1057
552976,962,1061
552977,962,1061
552978,961,1059
552979,964,1058
552980,965,1059
552981,967,1058
552982,965,1053
552983,965,1050
552984,959,1047
552985,958,1051
552986,959,1051
552987,963,1053
552988,966,1047
552989,964,1044
552990,962,1040
552991,960,1042
552992,961,1047
552993,960,1050
552994,960,1050
552995,959,1049
552996,956,1051
552997,957,1052
552998,958,1054
552999,963,1054
553000,962,1055
553001,957,1051
553002,954,1050
553003,955,1050
553004,959,1052
553005,960,1055
553006,961,1055
553007,959,1053
553008,953,1053
553009,953,1055
553010,956,1056
553011,960,1059
553012,960,1061
553013,954,1061
553014,950,1059
553015,950,1056
553016,952,1059
553017,959,1058
553018,958,1056
553019,957,1056
553020,958,1052
553021,956,1056
553022,961,1059
553023,961,1060
553024,964,1057
553025,964,1052
553026,962,1047
553027,962,1048
553028,964,1049
553029,968,1052
553030,967,1050
553031,966,1049
553032,962,1046
553033,963,1045
553034,965,1049
553035,969,1050
553036,966,1044
553037,962,1042
553038,960,1043
553039,960,1049
553040,961,1052
553041,965,1055
553042,963,1053
553043,960,1053
553044,956,1055
553045,957,1060
553046,962,1062
553047,963,1062
553048,962,1057
553049,960,1055
553050,957,1053
553051,956,1054
553052,957,1056
553053,957,1061
553054,957,1059
553055,954,1058
553056,952,1058
553057,952,1057
553058,953,1061
553059,957,1061
553060,955,1061
553061,955,1056
553062,952,1060
553063,951,1062
553064,955,1067
553065,959,1068
553066,960,1063
553067,955,1058
553068,952,1055
553069,951,1053
553070,954,1054
553071,957,1056
553072,958,1053
553073,956,1053
553074,955,1050
553075,955,1048
553076,961,1049
553077,962,1049
553078,964,1052
553079,960,1047
553080,959,1049
553081,958,1050
553082,962,1051
553083,961,1049
553084,962,1049
553085,959,1047
553086,958,1045
553087,958,1046
553088,957,1048
553089,960,1052
553090,960,1054
553091,957,1050
553092,955,1048
553093,956,1051
553094,957,1054
553095,959,1056
553096,960,1055
553097,958,1055
553098,955,1055
553099,956,1055
553100,957,1055
553101,961,1058
553102,958,1058
553103,960,1053
553104,959,1056
553105,959,1057
553106,960,1057
553107,963,1058
553108,957,1057
553109,956,1054
553110,954,1053
553111,956,1053
553112,959,1052
553113,960,1055
553114,962,1053
553115,965,1053
553116,961,1051
553117,962,1046
553118,962,1048
553119,962,1048
553120,966,1047
553121,960,1045
553122,958,1045
553123,960,1044
553124,961,1049
553125,965,1050
553126,966,1043
553127,964,1042
553128,961,1038
553129,962,1039
553130,962,1046
553131,966,1047
553132,965,1046
553133,962,1043
553134,958,1047
553135,962,1048
553136,962,1053
553137,964,1055
553138,961,1051
553139,957,1053
553140,954,1051
553141,956,1052
553142,955,1055
553143,956,1058
553144,957,1056
553145,956,1056
553146,955,1057
553147,956,1061
553148,957,1060
553149,958,1060
553150,962,1053
553151,961,1051
553152,959,1048
553153,961,1049
553154,962,1049
553155,966,1051
553156,966,1048
553157,959,1050
553158,957,1047
553159,962,1048
553160,964,1046
553161,967,1048
553162,968,1047
553163,964,1046
553164,961,1043
553165,959,1043
553166,961,1045
553167,964,1047
553168,967,1046
553169,965,1045
553170,963,1042
553171,960,1041
553172,963,1044
553173,962,1040
553174,961,1043
553175,958,1044
553176,956,1043
553177,960,1048
553178,963,1049
553179,963,1052
553180,961,1051
553181,959,1050
553182,957,1046
553183,958,1047
553184,961,1049
553185,962,1050
553186,962,1048
553187,962,1047
553188,961,1044
553189,960,1047
553190,962,1053
553191,962,1055
553192,962,1054
553193,959,1051
553194,958,1048
553195,958,1048
553196,958,1049
553197,966,1048
553198,963,1050
553199,962,1048
553200,960,1043
553201,962,1048
553202,964,1051
553203,964,1054
553204,961,1051
553205,965,1044
553206,964,1039
553207,963,1039
553208,966,1042
553209,970,1042
553210,971,1039
553211,969,1038
553212,966,1037
553213,962,1036
553214,965,1039
553215,969,1043
553216,967,1041
553217,965,1041
553218,960,1037
553219,964,1038
553220,963,1043
553221,967,1044
553222,970,1044
553223,966,1040
553224,964,1039
553225,963,1041
553226,965,1041
553227,971,1041
553228,972,1038
553229,973,1035
553230,971,1035
553231,976,1034
553232,982,1038
553233,999,1036
553234,1017,1030
553235,1033,1021
553236,1051,1013
553237,1077,1008
553238,1113,992
553239,1157,981
553240,1196,971
553241,1234,971
553242,1255,988
553243,1258,1015
553244,1234,1041
553245,1185,1057
553246,1121,1066
553247,1059,1072
553248,1007,1077
553249,972,1084
553250,957,1091
553251,960,1091
553252,968,1083
553253,971,1068
553254,971,1055
553255,970,1052
553256,968,1052
553257,965,1048
553258,962,1041
553259,959,1038
553260,956,1036
553261,955,1042
553262,956,1046
553263,961,1046
553264,956,1045
553265,952,1041
553266,950,1041
553267,948,1041
553268,951,1044
553269,955,1048
553270,954,1047
553271,952,1045
553272,949,1039
553273,943,1041
553274,945,1047
553275,947,1045
553276,949,1044
553277,949,1041
553278,945,1038
553279,949,1041
553280,951,1044
553281,951,1046
553282,951,1048
553283,947,1048
553284,950,1048
553285,948,1053
553286,950,1056
553287,953,1052
553288,951,1045
553289,950,1041
553290,947,1038
553291,949,1042
553292,954,1045
553293,954,1042
553294,951,1037
553295,944,1036
553296,948,1034
553297,949,1037
553298,949,1041
553299,951,1042
553300,952,1038
553301,945,1037
553302,945,1032
553303,943,1031
553304,948,1035
553305,955,1033
553306,958,1031
553307,958,1027
553308,957,1027
553309,960,1029
553310,961,1031
553311,963,1029
553312,967,1024
553313,967,1023
553314,967,1019
553315,969,1021
553316,969,1020
553317,970,1020
553318,968,1020
553319,970,1015
553320,971,1014
553321,973,1016
553322,972,1017
553323,977,1015
553324,980,1012
553325,981,1009
553326,979,1005
553327,980,1005
553328,983,1007
553329,988,1007
553330,993,1005
553331,993,1002
553332,994,996
553333,996,998
553334,997,1001
553335,1003,1001
553336,1002,997
553337,1005,997
553338,1002,995
553339,1002,997
553340,1005,996
553341,1009,1003
553342,1010,1000
553343,1007,999
553344,999,998
553345,999,998
553346,1003,1000
553347,1006,1001
553348,1007,1002
553349,1006,1002
553350,1001,1003
553351,999,1006
553352,1000,1009
553353,1000,1017
553354,999,1021
553355,995,1019
553356,989,1018
553357,983,1021
553358,983,1025
553359,989,1031
553360,988,1030
553361,982,1027
553362,976,1027
553363,975,1030
553364,980,1034
553365,979,1036
553366,978,1033
553367,974,1033
553368,971,1034
553369,972,1037
553370,971,1041
553371,974,1042
553372,975,1038
553373,977,1035
553374,971,1031
553375,971,1033
553376,974,1040
553377,978,1039
553378,979,1037
553379,972,1037
553380,972,1033
553381,970,1037
553382,972,1039
553383,975,1042
553384,977,1039
553385,977,1033
553386,970,1028
553387,973,1030
553388,977,1036
553389,979,1038
553390,977,1035
553391,972,1030
553392,964,1027
553393,964,1031
553394,968,1035
553395,975,1037
553396,973,1033
553397,970,1033
553398,968,1030
553399,966,1032
553400,969,1033
553401,973,1033
553402,970,1030
553403,966,1028
553404,966,1025
553405,969,1031
553406,972,1035
553407,972,1035
553408,971,1035
553409,964,1036
553410,964,1035
553411,965,1034
553412,967,1036
553413,974,1039
553414,972,1036
553415,967,1033
553416,963,1035
553417,966,1036
553418,971,1039
553419,972,1039
553420,968,1038
553421,967,1036
553422,963,1035
553423,963,1036
553424,967,1039
553425,972,1037
553426,973,1034
553427,972,1035
553428,966,1036
553429,966,1040
553430,970,1042
553431,975,1040
553432,974,1038
553433,969,1032
553434,966,1030
553435,965,1031
553436,969,1033
553437,974,1032
553438,975,1029
553439,972,1029
553440,971,1027
553441,967,1032
553442,969,1035
553443,970,1034
553444,970,1033
553445,970,1030
553446,963,1032
553447,962,1032
553448,965,1038
553449,970,1037
553450,969,1033
553451,966,1031
553452,966,1029
553453,964,1031
553454,962,1033
553455,966,1038
553456,964,1037
553457,966,1035
553458,958,1036
553459,959,1037
553460,963,1040
553461,966,1041
553462,962,1042
553463,964,1037
553464,965,1039
553465,964,1041
553466,967,1045
553467,968,1046
553468,969,1046
553469,964,1044
553470,962,1039
553471,967,1043
553472,966,1043
553473,967,1040
553474,967,1040
553475,965,1040
553476,963,1041
553477,964,1042
553478,967,1043
553479,970,1041
553480,973,1035
553481,970,1033
553482,968,1035
553483,967,1038
553484,970,1040
553485,974,1041
553486,975,1039
553487,975,1033
553488,975,1034
553489,973,1036
553490,973,1034
553491,977,1031
553492,982,1024
553493,985,1020
553494,991,1015
553495,1007,1014
553496,1023,1011
553497,1050,1010
553498,1081,1000
553499,1110,985
553500,1148,974
553501,1189,972
553502,1232,985
553503,1272,1004
553504,1286,1029
553505,1274,1049
553506,1239,1055
553507,1186,1058
553508,1127,1064
553509,1066,1082
553510,1007,1096
553511,959,1104
553512,935,1111
553513,941,1109
553514,956,1096
553515,968,1084
553516,969,1067
553517,973,1055
553518,976,1042
553519,972,1038
553520,967,1042
553521,966,1043
553522,963,1037
553523,958,1039
553524,953,1038
553525,953,1040
553526,955,1040
553527,958,1046
553528,953,1042
553529,952,1041
553530,945,1040
553531,946,1042
553532,945,1043
553533,948,1044
553534,952,1037
553535,951,1032
553536,950,1031
553537,949,1036
553538,950,1042
553539,950,1043
553540,951,1042
553541,950,1039
553542,948,1038
553543,947,1034
553544,950,1036
553545,951,1035
553546,950,1033
553547,950,1031
553548,951,1032
553549,949,1031
553550,947,1031
553551,948,1033
553552,950,1030
553553,950,1026
553554,947,1025
553555,950,1028
553556,954,1028
553557,957,1029
553558,954,1028
553559,952,1023
553560,948,1022
553561,948,1024
553562,953,1026
553563,958,1027
553564,957,1024
553565,955,1020
553566,952,1018
553567,955,1020
553568,958,1022
553569,964,1023
553570,964,1019
553571,964,1016
553572,960,1011
553573,959,1013
553574,963,1013
553575,966,1012
553576,969,1012
553577,967,1008
553578,963,1007
553579,963,1008
553580,967,1012
553581,971,1010
553582,976,1002
553583,978,1000
553584,975,997
553585,976,1000
553586,978,999
553587,979,995
553588,982,991
553589,982,986
553590,980,984
553591,980,980
553592,984,980
553593,988,979
553594,987,975
553595,986,973
553596,986,970
553597,986,969
553598,990,971
553599,992,973
553600,992,974
553601,990,973
553602,989,970
553603,988,972
553604,995,975
553605,996,980
553606,997,978
553607,993,979
553608,988,978
553609,990,982
553610,989,988
553611,993,994
553612,994,997
553613,995,995
553614,994,1001
553615,988,1004
553616,987,1011
553617,989,1019
553618,989,1018
553619,983,1019
553620,977,1021
553621,976,1024
553622,979,1029
553623,976,1033
553624,977,1032
553625,977,1032
553626,971,1031
553627,968,1032
553628,972,1038
553629,972,1034
553630,973,1034
553631,970,1036
553632,966,1034
553633,966,1038
553634,969,1041
553635,970,1044
553636,971,1041
553637,969,1038
553638,965,1036
553639,963,1036
553640,967,1034
553641,970,1036
553642,972,1036
553643,970,1033
553644,970,1035
553645,966,1035
553646,970,1041
553647,968,1037
553648,971,1036
553649,971,1036
553650,966,1031
553651,966,1032
553652,970,1030
553653,971,1033
553654,972,1030
553655,972,1032
553656,964,1032
553657,965,1034
553658,966,1038
553659,970,1035
553660,972,1034
553661,970,1031
553662,969,1032
553663,969,1035
553664,971,1038
553665,974,1039
553666,973,1041
553667,970,1038
553668,964,1036
553669,966,1039
553670,969,1039
553671,972,1046
553672,974,1043
553673,970,1036
553674,964,1036
553675,966,1037
553676,968,1038
553677,973,1038
553678,972,1038
553679,968,1032
553680,964,1030
553681,967,1032
553682,968,1035
553683,968,1041
553684,964,1040
553685,967,1038
553686,963,1036
553687,962,1037
553688,965,1041
553689,967,1039
553690,966,1036
553691,967,1036
553692,965,1037
553693,965,1039
553694,965,1041
553695,967,1043
553696,969,1042
553697,964,1037
553698,962,1035
553699,963,1037
553700,965,1039
553701,969,1039
553702,968,1038
553703,967,1036
553704,964,1037
553705,963,1035
553706,965,1040
553707,968,1042
553708,968,1039
553709,967,1037
553710,959,1038
553711,961,1038
553712,963,1041
553713,966,1041
553714,968,1037
553715,969,1036
553716,966,1035
553717,965,1036
553718,962,1037
553719,963,1042
553720,967,1042
553721,965,1041
553722,964,1041
553723,964,1043
553724,966,1042
553725,972,1046
553726,971,1044
553727,969,1039
553728,961,1038
553729,962,1040
553730,965,1042
553731,970,1047
553732,968,1046
553733,966,1042
553734,966,1039
553735,964,1040
553736,967,1042
553737,971,1045
553738,970,1042
553739,968,1040
553740,964,1036
553741,963,1039
553742,965,1038
553743,965,1040
553744,963,1038
553745,963,1036
553746,960,1036
553747,959,1039
553748,963,1041
553749,965,1041
553750,966,1039
553751,964,1039
553752,961,1039
553753,956,1040
553754,962,1041
553755,965,1043
553756,964,1040
553757,965,1038
553758,959,1042
553759,960,1043
553760,961,1050
553761,966,1050
553762,968,1047
553763,965,1042
553764,965,1040
553765,969,1044
553766,971,1047
553767,972,1048
553768,971,1049
553769,970,1045
553770,966,1042
553771,968,1044
553772,970,1044
553773,972,1044
553774,968,1044
553775,967,1041
553776,964,1042
553777,967,1043
553778,969,1045
553779,971,1046
553780,972,1044
553781,969,1043
553782,967,1045
553783,967,1047
553784,969,1049
553785,972,1047
553786,971,1042
553787,971,1038
553788,967,1039
553789,965,1041
553790,967,1043
553791,972,1048
553792,971,1046
553793,970,1041
553794,969,1038
553795,964,1040
553796,968,1043
553797,972,1044
553798,972,1043
553799,972,1039
553800,966,1036
553801,968,1037
553802,969,1041
553803,972,1045
553804,971,1044
553805,967,1040
553806,967,1041
553807,966,1043
553808,968,1047
553809,973,1050
553810,970,1045
553811,967,1047
553812,968,1041
553813,967,1040
553814,970,1040
553815,970,1041
553816,970,1039
553817,970,1036
553818,967,1034
553819,970,1039
553820,972,1041
553821,973,1044
553822,974,1039
553823,972,1034
553824,968,1034
553825,966,1036
553826,967,1038
553827,970,1039
553828,969,1041
553829,967,1041
553830,965,1043
553831,968,1041
553832,970,1041
553833,973,1042
553834,973,1036
553835,971,1035
553836,970,1033
553837,970,1033
553838,969,1033
553839,973,1036
553840,972,1034
553841,972,1034
553842,970,1033
553843,968,1034
553844,969,1036
553845,972,1040
553846,973,1038
553847,972,1037
553848,969,1033
553849,967,1034
553850,971,1040
553851,972,1042
553852,972,1037
553853,969,1036
553854,966,1033
553855,965,1034
553856,969,1036
553857,974,1035
553858,974,1038
553859,971,1036
553860,968,1035
553861,968,1039
553862,975,1044
553863,980,1046
553864,977,1044
553865,972,1040
553866,970,1042
553867,968,1045
553868,970,1050
553869,976,1050
553870,978,1046
553871,978,1040
553872,975,1038
553873,976,1038
553874,975,1038
553875,978,1038
553876,978,1039
553877,976,1035
553878,972,1035
553879,973,1039
553880,978,1043
553881,981,1041
553882,981,1039
553883,981,1039
553884,976,1037
553885,972,1037
553886,975,1041
553887,982,1043
553888,981,1042
553889,980,1038
553890,978,1034
553891,978,1036
553892,982,1040
553893,984,1040
553894,987,1034
553895,988,1028
553896,990,1023
553897,998,1022
553898,1013,1026
553899,1031,1020
553900,1051,1021
553901,1073,1015
553902,1098,1005
553903,1133,991
553904,1171,979
553905,1207,971
553906,1241,965
553907,1272,965
553908,1294,976
553909,1296,996
553910,1272,1015
553911,1230,1028
553912,1177,1031
553913,1125,1033
553914,1071,1041
553915,1023,1053
553916,988,1065
553917,971,1073
553918,969,1069
553919,973,1063
553920,978,1051
553921,983,1041
553922,986,1036
553923,984,1039
553924,978,1034
553925,974,1031
553926,969,1030
553927,967,1031
553928,969,1034
553929,966,1037
553930,965,1039
553931,959,1037
553932,958,1033
553933,957,1031
553934,962,1034
553935,960,1036
553936,960,1036
553937,953,1032
553938,950,1031
553939,951,1034
553940,954,1035
553941,958,1038
553942,960,1037
553943,960,1036
553944,955,1037
553945,956,1039
553946,958,1044
553947,957,1045
553948,957,1046
553949,954,1042
553950,954,1042
553951,957,1045
553952,958,1048
553953,962,1049
553954,961,1045
553955,957,1042
553956,955,1041
553957,955,1041
553958,956,1042
553959,958,1043
553960,961,1039
553961,959,1035
553962,957,1033
553963,955,1034
553964,959,1037
553965,963,1036
553966,962,1035
553967,960,1035
553968,957,1034
553969,957,1033
553970,962,1036
553971,964,1034
553972,966,1032
553973,964,1030
553974,961,1031
553975,961,1032
553976,962,1029
553977,967,1031
553978,966,1030
553979,964,1024
553980,960,1023
553981,957,1024
553982,967,1027
553983,969,1028
553984,972,1027
553985,970,1025
553986,969,1025
553987,968,1025
553988,968,1025
553989,976,1024
553990,977,1018
553991,975,1014
553992,973,1012
553993,976,1012
553994,979,1014
553995,985,1017
553996,986,1016
553997,988,1011
553998,989,1011
553999,990,1012
554000,994,1012
554001,997,1013
554002,1001,1013
554003,1002,1012
554004,1000,1014
554005,1000,1018
554006,998,1017
554007,998,1015
554008,999,1006
554009,998,1005
554010,999,1004
554011,1000,1006
554012,1003,1005
554013,1006,1004
554014,1010,1003
554015,1007,997
554016,1003,996
554017,1002,999
554018,1006,999
554019,1010,1006
554020,1008,1005
554021,1006,1003
554022,1002,1001
554023,1002,1002
554024,1005,1005
554025,1003,1010
554026,1003,1014
554027,999,1013
554028,994,1012
554029,991,1014
554030,993,1015
554031,992,1017
554032,991,1014
554033,988,1015
554034,983,1016
554035,981,1019
554036,979,1022
554037,978,1028
554038,982,1032
554039,974,1031
554040,970,1029
554041,972,1028
554042,973,1028
554043,977,1032
554044,974,1032
554045,972,1030
554046,970,1031
554047,969,1034
554048,972,1040
554049,974,1042
554050,977,1044
554051,973,1039
554052,973,1038
554053,973,1037
554054,976,1040
554055,976,1043
554056,977,1039
554057,974,1037
554058,971,1034
554059,969,1034
554060,970,1038
554061,975,1038
554062,976,1036
554063,973,1032
554064,973,1033
554065,970,1032
554066,967,1031
554067,973,1032
554068,973,1029
554069,974,1026
554070,971,1023
554071,970,1026
554072,973,1027
554073,977,1025
554074,979,1027
554075,975,1023
554076,973,1023
554077,972,1023
554078,972,1027
554079,975,1027
554080,971,1027
554081,968,1022
554082,966,1020
554083,967,1026
554084,967,1026
554085,972,1028
554086,969,1026
554087,967,1024
554088,964,1024
554089,965,1025
554090,968,1030
554091,973,1030
554092,972,1029
554093,971,1030
554094,967,1031
554095,968,1033
554096,966,1037
554097,968,1039
554098,972,1037
554099,970,1037
554100,968,1034
554101,966,1036
554102,969,1040
554103,970,1043
554104,972,1042
554105,969,1040
554106,967,1040
554107,966,1042
554108,969,1042
554109,966,1044
554110,971,1043
554111,966,1039
554112,966,1035
554113,963,1035
554114,967,1035
554115,968,1037
554116,966,1033
554117,965,1028
554118,965,1026
554119,963,1029
554120,968,1034
554121,972,1037
554122,977,1031
554123,974,1025
554124,971,1023
554125,968,1025
554126,970,1029
554127,974,1028
554128,974,1027
554129,973,1026
554130,968,1024
554131,967,1029
554132,969,1029
554133,968,1035
554134,968,1032
554135,965,1033
554136,961,1030
554137,960,1032
554138,964,1036
554139,967,1034
554140,967,1033
554141,965,1031
554142,964,1033
554143,962,1034
554144,963,1038
554145,965,1039
554146,966,1038
554147,963,1036
554148,959,1036
554149,957,1039
554150,960,1040
554151,966,1040
554152,969,1040
554153,970,1040
554154,964,1039
554155,960,1041
554156,961,1044
554157,965,1044
554158,964,1040
554159,960,1037
554160,959,1036
554161,959,1036
554162,963,1035
554163,966,1037
554164,966,1037
554165,963,1032
554166,962,1035
554167,962,1035
554168,963,1039
554169,969,1039
554170,969,1034
554171,968,1027
554172,963,1029
554173,962,1030
554174,963,1033
554175,971,1033
554176,969,1033
554177,968,1027
554178,966,1027
554179,968,1028
554180,971,1029
554181,976,1032
554182,974,1030
554183,970,1030
554184,968,1030
554185,967,1033
554186,972,1032
554187,976,1034
554188,976,1031
554189,975,1027
554190,975,1023
554191,975,1024
554192,977,1025
554193,992,1024
554194,999,1019
554195,1010,1014
554196,1024,1007
554197,1047,1008
554198,1074,1003
554199,1109,993
554200,1144,975
554201,1177,967
554202,1211,969
554203,1245,980
554204,1269,997
554205,1276,1025
554206,1248,1042
554207,1204,1048
554208,1149,1051
554209,1095,1061
554210,1039,1075
554211,992,1088
554212,959,1091
554213,943,1088
554214,947,1084
554215,954,1076
554216,967,1068
554217,974,1058
554218,974,1049
554219,975,1044
554220,969,1037
554221,965,1036
554222,966,1035
554223,968,1029
554224,963,1030
554225,958,1029
554226,955,1026
554227,952,1029
554228,956,1032
554229,955,1031
554230,949,1033
554231,950,1030
554232,951,1030
554233,950,1030
554234,952,1033
554235,955,1032
554236,952,1030
554237,948,1027
554238,945,1030
554239,947,1031
554240,949,1031
554241,955,1035
554242,956,1031
554243,954,1030
554244,947,1025
554245,951,1029
554246,952,1030
554247,954,1033
554248,954,1031
554249,950,1028
554250,946,1029
554251,948,1031
554252,950,1036
554253,950,1040
554254,950,1036
554255,947,1034
554256,946,1035
554257,946,1036
554258,947,1041
554259,951,1045
554260,955,1047
554261,955,1043
554262,953,1042
554263,951,1040
554264,951,1041
554265,951,1039
554266,951,1034
554267,950,1028
554268,946,1028
554269,950,1031
554270,952,1031
554271,957,1028
554272,957,1023
554273,955,1019
554274,955,1019
554275,956,1019
554276,956,1020
554277,963,1017
554278,960,1014
554279,959,1008
554280,959,1005
554281,963,1007
554282,971,1005
554283,973,1007
554284,970,1005
554285,969,1000
554286,970,998
554287,971,1001
554288,971,1000
554289,975,1001
554290,977,996
554291,978,993
554292,978,988
554293,979,989
554294,983,990
554295,986,988
554296,987,987
554297,983,983
554298,985,983
554299,990,986
554300,989,988
554301,991,990
554302,992,989
554303,988,985
554304,990,982
554305,989,984
554306,990,987
554307,995,987
554308,992,988
554309,991,987
554310,992,987
554311,990,994
554312,992,999
554313,994,1003
554314,999,1001
554315,998,999
554316,997,996
554317,996,1001
554318,995,1003
554319,996,1004
554320,997,1002
554321,993,999
554322,986,999
554323,984,1002
554324,983,1007
554325,987,1010
554326,985,1010
554327,982,1007
554328,978,1008
554329,976,1009
554330,973,1015
554331,970,1015
554332,967,1018
554333,969,1016
554334,967,1020
554335,967,1023
554336,967,1023
554337,968,1024
554338,964,1022
554339,964,1018
554340,962,1019
554341,963,1020
554342,967,1024
554343,968,1024
554344,970,1025
554345,967,1022
554346,968,1021
554347,964,1026
554348,969,1027
554349,971,1027
554350,976,1026
554351,975,1025
554352,975,1025
554353,977,1028
554354,982,1030
554355,988,1033
554356,994,1036
554357,992,1037
554358,990,1038
554359,995,1041
554360,1008,1046
554361,1014,1045
554362,1023,1039
554363,1032,1027
554364,1041,1016
554365,1051,999
554366,1066,987
554367,1077,977
554368,1091,965
554369,1104,946
554370,1119,932
554371,1135,918
554372,1153,903
554373,1175,884
554374,1195,857
554375,1215,831
554376,1232,810
554377,1247,795
554378,1259,785
554379,1263,779
554380,1264,775
554381,1264,773
554382,1255,770
554383,1252,772
554384,1246,778
554385,1238,782
554386,1221,784
554387,1202,786
554388,1181,793
554389,1158,805
554390,1138,816
554391,1117,828
554392,1098,839
554393,1074,848
554394,1056,863
554395,1042,876
554396,1042,893
554397,1044,913
554398,1042,925
554399,1030,933
554400,1016,944
554401,1017,958
554402,1027,967
554403,1038,977
554404,1053,983
554405,1057,980
554406,1049,978
554407,1026,981
554408,993,990
554409,966,1002
554410,934,1013
554411,920,1023
554412,910,1044
554413,907,1060
554414,905,1076
554415,908,1081
554416,900,1079
554417,894,1078
554418,886,1081
554419,882,1089
554420,882,1093
554421,883,1093
554422,881,1096
554423,873,1095
554424,872,1097
554425,871,1100
554426,875,1102
554427,875,1102
554428,874,1101
554429,868,1099
554430,864,1099
554431,862,1103
554432,861,1106
554433,868,1106
554434,869,1105
554435,862,1103
554436,854,1102
554437,852,1107
554438,856,1111
554439,860,1114
554440,859,1112
554441,855,1113
554442,851,1112
554443,853,1116
554444,853,1122
554445,857,1122
554446,855,1119
554447,852,1122
554448,848,1125
554449,846,1128
554450,845,1134
554451,847,1138
554452,849,1140
554453,844,1139
554454,840,1139
554455,842,1142
554456,845,1147
554457,846,1150
554458,847,1149
554459,845,1150
554460,845,1151
554461,846,1159
554462,848,1163
554463,853,1166
554464,852,1165
554465,854,1161
554466,851,1159
554467,852,1161
554468,859,1167
554469,864,1169
554470,867,1168
554471,864,1166
554472,862,1166
554473,863,1168
554474,868,1168
554475,874,1165
554476,877,1161
554477,880,1154
554478,880,1148
554479,882,1143
554480,888,1144
554481,893,1142
554482,900,1137
554483,900,1129
554484,899,1125
554485,905,1122
554486,910,1118
554487,917,1115
554488,923,1106
554489,922,1096
554490,922,1091
554491,927,1090
554492,932,1088
554493,935,1081
554494,938,1077
554495,937,1068
554496,938,1063
554497,939,1062
554498,942,1061
554499,942,1059
554500,944,1052
554501,945,1048
554502,946,1042
554503,947,1039
554504,950,1041
554505,952,1042
554506,953,1039
554507,950,1039
554508,950,1040
554509,949,1040
554510,951,1043
554511,953,1039
554512,952,1036
554513,948,1035
554514,945,1033
554515,947,1035
554516,949,1041
554517,953,1042
554518,954,1040
554519,947,1038
554520,947,1036
554521,945,1041
554522,947,1042
554523,954,1043
554524,954,1041
554525,950,1036
554526,951,1032
554527,952,1029
554528,955,1028
554529,957,1030
554530,956,1031
554531,952,1027
554532,949,1027
554533,953,1031
554534,956,1031
554535,958,1030
554536,960,1028
554537,954,1026
554538,953,1023
554539,953,1025
554540,955,1027
554541,956,1029
554542,959,1024
554543,958,1021
554544,957,1023
554545,954,1025
554546,957,1024
554547,959,1026
554548,958,1024
554549,954,1022
554550,953,1023
554551,953,1024
554552,957,1027
554553,962,1030
554554,960,1032
554555,957,1030
554556,957,1030
554557,959,1032
554558,957,1033
554559,958,1032
554560,959,1031
554561,956,1028
554562,956,1025
554563,958,1029
554564,960,1031
554565,965,1035
554566,965,1035
554567,960,1035
554568,953,1037
554569,953,1036
554570,958,1039
554571,964,1039
554572,964,1039
554573,961,1034
554574,959,1035
554575,961,1033
554576,964,1035
554577,966,1035
554578,964,1034
554579,962,1030
554580,957,1030
554581,956,1033
554582,962,1034
554583,964,1035
554584,963,1031
554585,959,1029
554586,961,1030
554587,958,1032
554588,961,1032
554589,962,1033
554590,961,1032
554591,960,1029
554592,957,1028
554593,956,1028
554594,957,1029
554595,959,1031
554596,960,1029
554597,956,1027
554598,955,1026
554599,955,1027
554600,957,1032
554601,962,1031
554602,961,1031
554603,957,1028
554604,956,1028
554605,955,1032
554606,957,1033
554607,961,1034
554608,960,1032
554609,961,1032
554610,957,1031
554611,956,1034
554612,961,1037
554613,962,1036
554614,961,1037
554615,956,1035
554616,954,1035
554617,954,1037
554618,958,1041
554619,961,1045
554620,964,1048
554621,960,1046
554622,960,1048
554623,960,1046
554624,956,1043
554625,962,1037
554626,964,1030
554627,961,1025
554628,959,1023
554629,960,1025
554630,963,1029
554631,968,1029
554632,969,1027
554633,963,1025
554634,961,1024
554635,962,1027
554636,963,1027
554637,966,1026
554638,967,1024
554639,967,1023
554640,962,1018
554641,962,1021
554642,965,1027
554643,968,1026
554644,966,1025
554645,964,1024
554646,961,1023
554647,961,1023
554648,961,1028
554649,962,1029
554650,966,1028
554651,963,1026
554652,958,1025
554653,957,1028
554654,958,1030
554655,962,1030
554656,962,1028
554657,958,1027
554658,957,1027
554659,956,1028
554660,961,1030
554661,962,1033
554662,962,1031
554663,963,1029
554664,958,1031
554665,954,1037
554666,959,1040
554667,960,1042
554668,964,1039
554669,961,1034
554670,957,1034
554671,959,1039
554672,963,1040
554673,972,1039
554674,970,1033
554675,969,1030
554676,968,1027
554677,967,1029
554678,968,1030
554679,969,1032
554680,969,1030
554681,969,1029
554682,968,1024
554683,968,1028
554684,973,1030
554685,977,1029
554686,973,1026
554687,971,1025
554688,970,1022
554689,970,1025
554690,973,1026
554691,975,1028
554692,974,1024
554693,973,1020
554694,972,1016
554695,981,1014
554696,992,1014
554697,1005,1013
554698,1020,1007
554699,1039,1005
554700,1057,998
554701,1091,989
554702,1129,980
554703,1169,974
554704,1210,967
554705,1250,964
554706,1281,971
554707,1295,990
554708,1284,1012
554709,1243,1022
554710,1185,1022
554711,1124,1029
554712,1065,1044
554713,1009,1058
554714,967,1068
554715,945,1070
554716,948,1069
554717,956,1058
554718,963,1050
554719,968,1043
554720,969,1041
554721,969,1038
554722,966,1035
554723,965,1033
554724,963,1032
554725,958,1036
554726,962,1041
554727,961,1040
554728,960,1037
554729,953,1033
554730,952,1030
554731,953,1031
554732,953,1032
554733,956,1030
554734,958,1028
554735,954,1025
554736,949,1023
554737,947,1026
554738,949,1028
554739,950,1030
554740,953,1029
554741,950,1023
554742,950,1023
554743,948,1025
554744,952,1030
554745,953,1030
554746,952,1025
554747,948,1027
554748,944,1027
554749,943,1029
554750,946,1028
554751,949,1031
554752,952,1032
554753,949,1027
554754,943,1027
554755,947,1028
554756,948,1030
554757,951,1027
554758,949,1027
554759,949,1025
554760,945,1021
554761,948,1024
554762,948,1028
554763,951,1029
554764,956,1025
554765,952,1023
554766,951,1024
554767,950,1026
554768,952,1028
554769,955,1028
554770,957,1025
554771,953,1024
554772,952,1022
554773,954,1026
554774,958,1029
554775,958,1029
554776,959,1027
554777,961,1024
554778,960,1023
554779,961,1025
554780,969,1028
554781,973,1026
554782,972,1020
554783,974,1014
554784,967,1010
554785,970,1011
554786,972,1011
554787,974,1011
554788,974,1004
554789,975,998
554790,973,998
554791,972,999
554792,977,1003
554793,983,1000
554794,984,995
554795,983,991
554796,981,991
554797,982,993
554798,983,994
554799,986,991
554800,985,987
554801,986,985
554802,986,985
554803,988,984
554804,994,989
554805,996,989
554806,994,987
554807,993,984
554808,993,984
554809,993,984
554810,999,986
554811,1003,988
554812,1006,988
554813,1007,984
554814,1006,983
554815,1006,984
554816,1009,988
554817,1013,989
554818,1012,992
554819,1009,988
554820,1004,990
554821,1002,993
554822,1007,999
554823,1009,1005
554824,1007,1004
554825,1002,1005
554826,997,1008
554827,994,1012
554828,998,1023
554829,997,1024
554830,996,1023
554831,993,1022
554832,991,1019
554833,990,1023
554834,992,1027
554835,991,1033
554836,991,1031
554837,986,1024
554838,982,1022
554839,982,1020
554840,983,1020
554841,983,1024
554842,983,1021
554843,979,1019
554844,981,1018
554845,978,1020
554846,977,1021
554847,983,1024
554848,981,1018
554849,982,1016
554850,977,1016
554851,979,1017
554852,979,1021
554853,981,1021
554854,981,1017
554855,982,1018
554856,978,1015
554857,979,1019
554858,982,1021
554859,985,1022
554860,985,1018
554861,982,1019
554862,977,1016
554863,977,1020
554864,979,1021
554865,981,1022
554866,981,1022
554867,977,1020
554868,974,1018
554869,975,1023
554870,977,1025
554871,982,1027
554872,981,1024
554873,980,1024
554874,976,1021
554875,978,1019
554876,976,1020
554877,982,1024
554878,983,1021
554879,974,1023
554880,974,1026
554881,973,1028
554882,975,1031
554883,978,1036
554884,978,1031
554885,974,1027
554886,974,1026
554887,975,1025
554888,979,1023
554889,978,1023
554890,982,1019
554891,976,1016
554892,970,1015
554893,972,1017
554894,974,1021
554895,978,1022
554896,976,1020
554897,976,1017
554898,976,1017
554899,974,1021
554900,976,1024
554901,978,1023
554902,977,1021
554903,975,1019
554904,974,1017
554905,973,1024
554906,976,1026
554907,979,1032
554908,976,1031
554909,974,1024
554910,974,1022
554911,973,1021
554912,975,1023
554913,973,1022
554914,974,1019
554915,972,1018
554916,970,1018
554917,970,1023
554918,969,1021
554919,972,1024
554920,970,1023
554921,968,1023
554922,967,1023
554923,968,1026
554924,972,1027
554925,974,1031
554926,974,1031
554927,973,1029
554928,965,1027
554929,967,1030
554930,968,1031
554931,965,1034
554932,971,1035
554933,968,1033
554934,969,1033
554935,969,1038
554936,973,1036
554937,976,1036
554938,974,1034
554939,972,1030
554940,970,1025
554941,968,1029
554942,971,1028
554943,974,1029
554944,973,1030
554945,971,1026
554946,968,1025
554947,971,1027
554948,974,1030
554949,976,1031
554950,975,1029
554951,973,1022
554952,972,1022
554953,973,1021
554954,973,1025
554955,977,1027
554956,975,1025
554957,975,1022
554958,972,1023
554959,975,1024
554960,974,1027
554961,976,1029
554962,974,1029
554963,973,1025
554964,969,1025
554965,971,1027
554966,970,1028
554967,972,1031
554968,970,1028
554969,966,1027
554970,964,1027
554971,964,1032
554972,966,1033
554973,969,1037
554974,968,1035
554975,968,1031
554976,970,1032
554977,966,1033
554978,965,1036
554979,970,1035
554980,968,1031
554981,969,1031
554982,969,1031
554983,964,1033
554984,969,1035
554985,972,1037
554986,972,1033
554987,969,1030
554988,970,1031
554989,968,1032
554990,973,1033
554991,978,1031
554992,979,1023
554993,976,1020
554994,974,1018
554995,973,1023
554996,977,1024
554997,980,1026
554998,980,1025
554999,980,1022
555000,977,1019
555001,976,1023
555002,981,1024
555003,981,1026
555004,981,1022
555005,982,1020
555006,980,1023
555007,979,1022
555008,981,1026
555009,985,1026
555010,985,1024
555011,985,1020
555012,983,1018
555013,987,1019
555014,995,1020
555015,1007,1017
555016,1018,1014
555017,1034,1005
555018,1051,1000
555019,1078,993
555020,1110,991
555021,1144,979
555022,1175,967
555023,1209,959
555024,1246,959
555025,1282,966
555026,1306,985
555027,1305,1002
555028,1267,1019
555029,1203,1028
555030,1137,1039
555031,1074,1051
555032,1023,1061
555033,987,1064
555034,972,1064
555035,971,1056
555036,980,1049
555037,986,1041
555038,995,1036
555039,992,1035
555040,986,1032
555041,978,1027
555042,974,1024
555043,973,1023
555044,970,1027
555045,973,1031
555046,968,1028
555047,965,1029
555048,963,1025
555049,962,1029
555050,963,1030
555051,965,1029
555052,965,1027
555053,963,1020
555054,961,1020
555055,959,1023
555056,959,1025
555057,959,1026
555058,960,1026
555059,955,1023
555060,956,1023
555061,954,1025
555062,959,1031
555063,961,1031
555064,962,1032
555065,959,1027
555066,956,1027
555067,955,1026
555068,957,1030
555069,961,1033
555070,960,1030
555071,956,1029
555072,958,1027
555073,959,1031
555074,958,1035
555075,962,1034
555076,957,1030
555077,956,1029
555078,957,1028
555079,957,1032
555080,961,1035
555081,966,1038
555082,968,1038
555083,967,1036
555084,966,1038
555085,966,1037
555086,968,1037
555087,973,1037
555088,973,1032
555089,971,1024
555090,973,1021
555091,973,1019
555092,974,1023
555093,980,1023
555094,977,1019
555095,976,1016
555096,974,1013
555097,973,1014
555098,978,1016
555099,983,1015
555100,983,1011
555101,983,1009
555102,982,1006
555103,983,1006
555104,988,1008
555105,990,1011
555106,989,1008
555107,989,1002
555108,985,999
555109,988,999
555110,992,997
555111,997,999
555112,997,997
555113,995,997
555114,992,997
555115,990,1001
555116,996,999
555117,999,997
555118,1001,995
555119,998,994
555120,997,992
555121,998,993
555122,1001,998
555123,1005,999
555124,1002,997
555125,1004,995
555126,1000,997
555127,1002,995
555128,1005,1000
555129,1011,1001
555130,1013,1001
555131,1013,1000
555132,1010,1000
555133,1013,1003
555134,1012,1010
555135,1019,1010
555136,1017,1011
555137,1016,1009
555138,1012,1009
555139,1012,1011
555140,1010,1014
555141,1008,1016
555142,1004,1016
555143,1002,1012
555144,997,1014
555145,997,1017
555146,1000,1021
555147,998,1024
555148,995,1024
555149,994,1022
555150,989,1021
555151,986,1019
555152,988,1022
555153,990,1022
555154,987,1023
555155,984,1020
555156,977,1020
555157,983,1022
555158,980,1026
555159,983,1024
555160,981,1026
555161,977,1019
555162,977,1021
555163,979,1024
555164,983,1025
555165,986,1026
555166,983,1024
555167,980,1021
555168,982,1022
555169,982,1024
555170,983,1027
555171,987,1029
555172,987,1030
555173,984,1025
555174,981,1030
555175,984,1030
555176,986,1034
555177,989,1038
555178,991,1037
555179,986,1036
555180,983,1037
555181,983,1037
555182,986,1036
555183,989,1035
555184,986,1030
555185,987,1023
555186,985,1021
555187,983,1018
555188,987,1018
555189,988,1020
555190,988,1019
555191,982,1016
555192,979,1018
555193,982,1019
555194,985,1023
555195,989,1023
555196,987,1024
555197,986,1020
555198,980,1022
555199,979,1021
555200,983,1023
555201,986,1024
555202,984,1022
555203,982,1020
555204,982,1021
555205,980,1022
555206,983,1025
555207,986,1026
555208,985,1027
555209,983,1023
555210,979,1024
555211,979,1026
555212,981,1029
555213,983,1032
555214,982,1030
555215,978,1029
555216,977,1029
555217,976,1029
555218,977,1033
555219,984,1030
555220,983,1032
555221,980,1028
555222,978,1030
555223,977,1032
555224,979,1039
555225,980,1040
555226,977,1038
555227,977,1037
555228,975,1040
555229,978,1042
555230,978,1047
555231,983,1043
555232,985,1042
555233,979,1033
555234,979,1026
555235,977,1023
555236,978,1027
555237,980,1029
555238,985,1029
555239,981,1025
555240,982,1025
555241,982,1026
555242,987,1026
555243,992,1026
555244,988,1021
555245,985,1020
555246,982,1020
555247,983,1019
555248,997,1017
555249,1014,1014
555250,1030,1010
555251,1047,1003
555252,1073,996
555253,1112,989
555254,1158,979
555255,1205,970
555256,1258,966
555257,1300,970
555258,1325,988
555259,1317,1011
555260,1274,1022
555261,1207,1028
555262,1131,1036
555263,1055,1049
555264,990,1065
555265,959,1070
555266,959,1070
555267,977,1062
555268,991,1051
555269,992,1038
555270,987,1035
555271,978,1037
555272,973,1039
555273,972,1042
555274,970,1038
555275,964,1038
555276,960,1037
555277,959,1040
555278,960,1044
555279,962,1047
555280,962,1050
555281,960,1047
555282,956,1041
555283,959,1036
555284,964,1031
555285,965,1028
555286,962,1026
555287,959,1024
555288,957,1025
555289,955,1028
555290,957,1030
555291,961,1030
555292,962,1027
555293,958,1026
555294,957,1023
555295,957,1027
555296,962,1030
555297,963,1030
555298,961,1029
555299,959,1025
555300,959,1025
555301,962,1030
555302,963,1032
555303,966,1030
555304,967,1028
555305,966,1025
555306,963,1026
555307,962,1025
555308,964,1027
555309,968,1026
555310,967,1026
555311,965,1024
555312,960,1023
555313,964,1023
555314,965,1028
555315,970,1029
555316,967,1028
555317,964,1025
555318,964,1024
555319,964,1025
555320,971,1026
555321,974,1024
555322,976,1017
555323,974,1014
555324,975,1014
555325,975,1015
555326,976,1020
555327,979,1021
555328,977,1019
555329,980,1017
555330,979,1015
555331,982,1015
555332,987,1015
555333,989,1010
555334,987,1001
555335,985,995
555336,982,991
555337,984,992
555338,984,993
555339,987,993
555340,992,988
555341,989,988
555342,988,985
555343,990,989
555344,993,989
555345,995,989
555346,998,990
555347,996,984
555348,995,984
555349,997,986
555350,1000,988
555351,1005,987
555352,1007,985
555353,1006,982
555354,1002,986
555355,1004,990
555356,1003,994
555357,1008,994
555358,1004,993
555359,1003,990
555360,1002,990
555361,1000,996
555362,1003,1003
555363,1003,1003
555364,1002,1002
555365,996,1002
555366,988,1006
555367,989,1014
555368,990,1017
555369,993,1018
555370,989,1019
555371,985,1018
555372,979,1021
555373,975,1027
555374,977,1032
555375,977,1037
555376,975,1036
555377,975,1030
555378,972,1030
555379,972,1033
555380,977,1035
555381,979,1039
555382,975,1039
555383,968,1036
555384,968,1034
555385,971,1034
555386,976,1035
555387,978,1031
555388,977,1033
555389,974,1029
555390,971,1029
555391,973,1032
555392,974,1034
555393,978,1034
555394,981,1033
555395,977,1028
555396,976,1028
555397,971,1031
555398,977,1036
555399,978,1035
555400,975,1037
555401,974,1033
555402,973,1030
555403,974,1030
555404,975,1030
555405,976,1033
555406,974,1030
555407,972,1026
555408,971,1027
555409,972,1029
555410,970,1030
555411,975,1027
555412,975,1030
555413,974,1026
555414,968,1029
555415,967,1028
555416,970,1033
555417,973,1031
555418,973,1032
555419,968,1031
555420,967,1030
555421,967,1029
555422,967,1030
555423,967,1029
555424,968,1030
555425,964,1032
555426,963,1032
555427,962,1034
555428,964,1039
555429,969,1041
555430,966,1041
555431,965,1037
555432,963,1034
555433,963,1039
555434,964,1037
555435,969,1036
555436,968,1033
555437,968,1030
555438,968,1027
555439,968,1029
555440,971,1032
555441,971,1034
555442,971,1031
555443,966,1029
555444,964,1029
555445,965,1030
555446,966,1031
555447,971,1032
555448,968,1030
555449,965,1028
555450,962,1029
555451,961,1031
555452,962,1033
555453,966,1033
555454,962,1031
555455,960,1026
555456,958,1026
555457,961,1031
555458,962,1036
555459,964,1036
555460,962,1033
555461,959,1031
555462,959,1031
555463,958,1035
555464,965,1034
555465,968,1036
555466,967,1035
555467,965,1027
555468,960,1029
555469,960,1029
555470,960,1036
555471,961,1038
555472,960,1036
555473,960,1036
555474,957,1037
555475,956,1039
555476,962,1039
555477,964,1041
555478,964,1039
555479,956,1040
555480,954,1040
555481,955,1042
555482,961,1043
555483,965,1041
555484,964,1039
555485,965,1035
555486,963,1032
555487,962,1030
555488,968,1032
555489,969,1034
555490,967,1030
555491,965,1027
555492,964,1029
555493,963,1030
555494,967,1032
555495,963,1033
555496,966,1034
555497,964,1032
555498,964,1033
555499,964,1032
555500,964,1031
555501,967,1031
555502,966,1032
555503,965,1029
555504,962,1030
555505,967,1029
555506,969,1033
555507,971,1031
555508,971,1031
555509,966,1027
555510,968,1027
555511,968,1031
555512,971,1031
555513,974,1030
555514,975,1030
555515,971,1026
555516,968,1026
555517,972,1024
555518,983,1023
555519,999,1020
555520,1016,1010
555521,1029,1004
555522,1050,994
555523,1079,989
555524,1115,980
555525,1153,966
555526,1193,961
555527,1228,964
555528,1262,976
555529,1277,1002
555530,1266,1022
555531,1223,1031
555532,1158,1035
555533,1098,1045
555534,1037,1064
555535,983,1082
555536,951,1092
555537,944,1095
555538,948,1086
555539,955,1071
555540,963,1055
555541,968,1045
555542,972,1038
555543,970,1037
555544,964,1032
555545,957,1025
555546,949,1028
555547,949,1031
555548,951,1033
555549,951,1035
555550,949,1030
555551,948,1031
555552,945,1027
555553,946,1029
555554,946,1033
555555,948,1030
555556,950,1030
555557,948,1025
555558,945,1028
555559,944,1027
555560,946,1028
555561,951,1028
555562,950,1027
555563,949,1028
555564,948,1026
555565,945,1029
555566,949,1031
555567,952,1032
555568,950,1032
555569,948,1029
555570,945,1030
555571,944,1033
555572,952,1035
555573,952,1034
555574,952,1034
555575,945,1033
555576,942,1036
555577,943,1038
555578,947,1039
555579,951,1041
555580,950,1039
555581,950,1035
555582,946,1039
555583,949,1044
555584,951,1043
555585,953,1039
555586,951,1036
555587,949,1031
555588,946,1023
555589,948,1022
555590,947,1021
555591,950,1022
555592,953,1019
555593,948,1016
555594,945,1014
555595,944,1016
555596,948,1013
555597,953,1013
555598,953,1009
555599,952,1004
555600,951,1002
555601,952,1006
555602,957,1006
555603,962,1004
555604,961,1002
555605,958,996
555606,958,994
555607,961,994
555608,966,998
555609,973,994
555610,973,993
555611,974,992
555612,973,992
555613,973,992
555614,975,994
555615,977,994
555616,980,990
555617,977,987
555618,976,987
555619,977,987
555620,986,993
555621,990,990
555622,993,985
555623,987,985
555624,983,983
555625,986,986
555626,988,988
555627,995,989
555628,995,989
555629,992,989
555630,990,992
555631,991,996
555632,995,1000
555633,998,1001
555634,996,996
555635,993,990
555636,992,989
555637,989,992
555638,991,997
555639,994,1000
555640,990,999
555641,986,999
555642,982,1003
555643,980,1007
555644,978,1011
555645,976,1014
555646,976,1013
555647,974,1011
555648,967,1014
555649,968,1017
555650,971,1022
555651,971,1024
555652,969,1023
555653,966,1021
555654,965,1020
555655,964,1023
555656,970,1029
555657,972,1030
555658,970,1028
555659,965,1023
555660,964,1022
555661,965,1027
555662,969,1027
555663,970,1032
555664,970,1031
555665,967,1029
555666,966,1028
555667,967,1031
555668,971,1034
555669,974,1033
555670,972,1031
555671,969,1030
555672,965,1031
555673,967,1031
555674,969,1036
555675,973,1037
555676,970,1040
555677,972,1039
555678,970,1036
555679,969,1035
555680,970,1038
555681,976,1037
555682,976,1031
555683,972,1026
555684,971,1024
555685,968,1025
555686,970,1025
555687,974,1023
555688,974,1018
555689,972,1015
555690,968,1015
555691,967,1018
555692,970,1019
555693,970,1022
555694,972,1016
555695,968,1014
555696,965,1016
555697,966,1020
555698,969,1021
555699,969,1024
555700,966,1022
555701,965,1020
555702,964,1018
555703,965,1019
555704,970,1021
555705,972,1023
555706,970,1020
555707,970,1020
555708,967,1020
555709,964,1025
555710,965,1027
555711,968,1027
555712,967,1027
555713,965,1028
555714,961,1027
555715,960,1029
555716,964,1031
555717,968,1034
555718,967,1031
555719,965,1029
555720,960,1031
555721,960,1029
555722,964,1033
555723,964,1034
555724,966,1032
555725,961,1030
555726,960,1035
555727,957,1038
555728,965,1039
555729,962,1037
555730,966,1037
555731,963,1034
555732,961,1031
555733,960,1030
555734,965,1030
555735,972,1030
555736,971,1027
555737,969,1024
555738,965,1024
555739,965,1026
555740,969,1026
555741,972,1028
555742,974,1024
555743,972,1022
555744,969,1022
555745,972,1024
555746,977,1026
555747,979,1028
555748,978,1023
555749,972,1019
555750,970,1016
555751,975,1017
555752,984,1016
555753,999,1012
555754,1010,1009
555755,1019,1004
555756,1035,1002
555757,1064,998
555758,1100,990
555759,1145,978
555760,1192,967
555761,1236,965
555762,1276,971
555763,1305,995
555764,1304,1018
555765,1272,1024
555766,1214,1024
555767,1148,1025
555768,1081,1040
555769,1016,1063
555770,962,1082
555771,938,1092
555772,937,1092
555773,946,1086
555774,957,1068
555775,963,1055
555776,970,1053
555777,973,1047
555778,971,1043
555779,963,1035
555780,958,1035
555781,957,1038
555782,958,1039
555783,957,1042
555784,954,1037
555785,950,1034
555786,950,1034
555787,948,1036
555788,952,1034
555789,953,1030
555790,953,1023
555791,949,1020
555792,947,1024
555793,944,1025
555794,947,1029
555795,951,1028
555796,953,1026
555797,949,1018
555798,946,1017
555799,948,1019
555800,950,1023
555801,956,1025
555802,953,1021
555803,949,1020
555804,948,1019
555805,950,1023
555806,952,1024
555807,954,1023
555808,956,1023
555809,954,1021
555810,954,1016
555811,953,1023
555812,957,1024
555813,957,1026
555814,957,1025
555815,954,1021
555816,951,1022
555817,952,1022
555818,957,1026
555819,957,1029
555820,956,1025
555821,952,1023
555822,950,1025
555823,953,1029
555824,958,1030
555825,959,1030
555826,956,1029
555827,953,1026
555828,949,1028
555829,952,1027
555830,954,1028
555831,961,1028
555832,961,1025
555833,960,1012
555834,960,1005
555835,962,1005
555836,964,1004
555837,965,1004
555838,965,1000
555839,963,997
555840,962,994
555841,964,994
555842,968,992
555843,972,990
555844,971,986
555845,967,983
555846,969,982
555847,970,983
555848,975,985
555849,981,983
555850,982,979
555851,981,976
555852,980,977
555853,983,978
555854,986,981
555855,985,981
555856,987,976
555857,985,974
555858,987,974
555859,988,977
555860,992,978
555861,998,980
555862,999,976
555863,996,976
555864,993,977
555865,992,980
555866,993,986
555867,996,987
555868,994,988
555869,992,987
555870,990,991
555871,989,996
555872,991,1000
555873,990,1004
555874,991,1006
555875,987,1011
555876,983,1014
555877,982,1021
555878,983,1031
555879,984,1033
555880,983,1036
555881,978,1032
555882,976,1028
555883,978,1027
555884,976,1028
555885,975,1025
555886,974,1023
555887,970,1020
555888,965,1023
555889,966,1023
555890,967,1024
555891,968,1025
555892,969,1024
555893,964,1021
555894,963,1019
555895,961,1022
555896,966,1025
555897,968,1024
555898,970,1025
555899,965,1022
555900,966,1024
555901,965,1026
555902,969,1030
555903,972,1030
555904,972,1028
555905,970,1020
555906,967,1019
555907,970,1019
555908,974,1023
555909,975,1023
555910,976,1019
555911,970,1018
555912,970,1018
555913,971,1021
555914,971,1026
555915,975,1026
555916,970,1024
555917,968,1021
555918,964,1025
555919,965,1025
555920,967,1030
555921,970,1033
555922,971,1033
555923,965,1033
555924,963,1034
555925,962,1037
555926,964,1038
555927,965,1037
555928,964,1034
555929,961,1035
555930,961,1034
555931,958,1035
555932,963,1037
555933,966,1038
555934,967,1036
555935,964,1034
555936,960,1033
555937,961,1032
555938,963,1031
555939,968,1031
555940,971,1031
555941,970,1026
555942,968,1027
555943,967,1030
555944,971,1032
555945,971,1033
555946,969,1033
555947,965,1030
555948,965,1026
555949,967,1026
555950,972,1028
555951,974,1026
555952,973,1027
555953,970,1024
555954,967,1024
555955,970,1027
555956,971,1031
555957,972,1027
555958,973,1024
555959,971,1021
555960,968,1021
555961,968,1024
555962,967,1028
555963,969,1031
555964,970,1032
555965,968,1029
555966,964,1029
555967,964,1034
555968,967,1035
555969,973,1035
555970,971,1034
555971,968,1028
555972,964,1028
555973,964,1036
555974,964,1036
555975,963,1036
555976,963,1035
555977,960,1033
555978,957,1034
555979,960,1034
555980,960,1040
555981,962,1039
555982,962,1039
555983,960,1039
555984,957,1039
555985,959,1040
555986,963,1043
555987,968,1043
555988,967,1037
555989,966,1029
555990,962,1027
555991,963,1031
555992,968,1031
555993,969,1034
555994,967,1034
555995,966,1033
555996,963,1036
555997,966,1039
555998,969,1037
555999,972,1032
556000,971,1027
556001,971,1022
556002,966,1021
556003,966,1023
556004,969,1029
556005,974,1028
556006,974,1027
556007,971,1025
556008,969,1023
556009,971,1025
556010,971,1027
556011,973,1027
556012,970,1028
556013,971,1027
556014,964,1027
556015,966,1031
556016,970,1035
556017,974,1036
556018,974,1035
556019,970,1031
556020,960,1033
556021,964,1037
556022,967,1040
556023,969,1038
556024,967,1036
556025,963,1032
556026,959,1035
556027,964,1036
556028,965,1043
556029,968,1044
556030,968,1041
556031,966,1035
556032,963,1031
556033,963,1029
556034,966,1033
556035,968,1031
556036,970,1029
556037,970,1027
556038,967,1024
556039,968,1028
556040,970,1027
556041,974,1030
556042,972,1028
556043,971,1028
556044,970,1028
556045,970,1033
556046,973,1033
556047,978,1031
556048,977,1029
556049,971,1025
556050,973,1024
556051,972,1029
556052,972,1027
556053,975,1032
556054,970,1031
556055,973,1031
556056,974,1034
556057,974,1035
556058,981,1032
556059,982,1029
556060,981,1023
556061,978,1015
556062,983,1010
556063,995,1011
556064,1011,1008
556065,1039,1005
556066,1063,998
556067,1092,991
556068,1121,978
556069,1157,969
556070,1194,964
556071,1237,959
556072,1276,958
556073,1304,963
556074,1308,979
556075,1284,998
556076,1241,1008
556077,1184,1016
556078,1124,1022
556079,1063,1028
556080,1008,1036
556081,973,1043
556082,961,1048
556083,967,1046
556084,979,1037
556085,986,1024
556086,983,1018
556087,975,1019
556088,971,1025
556089,971,1025
556090,968,1026
556091,964,1022
556092,958,1027
556093,959,1029
556094,960,1029
556095,959,1029
556096,958,1031
556097,955,1026
556098,953,1028
556099,954,1032
556100,952,1037
556101,959,1036
556102,954,1033
556103,955,1031
556104,950,1034
556105,953,1035
556106,959,1036
556107,960,1035
556108,955,1030
556109,953,1025
556110,949,1024
556111,952,1028
556112,948,1029
556113,954,1031
556114,955,1030
556115,951,1027
556116,949,1030
556117,948,1035
556118,953,1035
556119,952,1038
556120,952,1038
556121,948,1032
556122,947,1031
556123,947,1031
556124,949,1032
556125,956,1032
556126,953,1031
556127,950,1031
556128,944,1032
556129,947,1032
556130,949,1033
556131,954,1032
556132,955,1033
556133,953,1031
556134,954,1026
556135,957,1026
556136,958,1026
556137,963,1026
556138,964,1024
556139,959,1021
556140,959,1020
556141,962,1018
556142,965,1020
556143,969,1022
556144,970,1021
556145,970,1019
556146,970,1019
556147,969,1018
556148,973,1017
556149,978,1014
556150,978,1008
556151,978,1005
556152,974,1003
556153,975,1006
556154,979,1007
556155,983,1009
556156,989,1005
556157,988,1001
556158,987,1002
556159,989,1002
556160,991,1005
556161,998,1005
556162,995,1002
556163,997,1000
556164,995,1000
556165,998,1001
556166,997,1003
556167,1000,1000
556168,998,997
556169,997,991
556170,994,992
556171,1000,994
556172,1004,996
556173,1010,1000
556174,1010,994
556175,1008,986
556176,1006,989
556177,1003,994
556178,1005,995
556179,1009,995
556180,1010,993
556181,1009,986
556182,1005,990
556183,1007,993
556184,1008,997
556185,1008,1002
556186,1006,1003
556187,1003,1000
556188,995,1002
556189,999,1005
556190,1001,1008
556191,1004,1006
556192,998,1007
556193,998,1006
556194,993,1007
556195,992,1011
556196,989,1011
556197,989,1014
556198,989,1014
556199,984,1012
556200,980,1016
556201,981,1021
556202,984,1022
556203,987,1023
556204,983,1021
556205,978,1021
556206,974,1024
556207,976,1027
556208,979,1030
556209,980,1030
556210,980,1030
556211,978,1028
556212,978,1026
556213,978,1028
556214,983,1031
556215,984,1029
556216,981,1025
556217,979,1024
556218,975,1024
556219,977,1026
556220,977,1028
556221,977,1028
556222,980,1028
556223,975,1024
556224,975,1024
556225,974,1025
556226,972,1027
556227,972,1024
556228,974,1021
556229,972,1022
556230,968,1022
556231,973,1021
556232,971,1024
556233,979,1023
556234,977,1020
556235,978,1017
556236,972,1018
556237,974,1018
556238,973,1021
556239,976,1023
556240,976,1021
556241,973,1020
556242,972,1020
556243,973,1020
556244,977,1022
556245,981,1023
556246,979,1022
556247,975,1021
556248,973,1020
556249,974,1021
556250,977,1021
556251,981,1023
556252,980,1020
556253,980,1017
556254,975,1016
556255,977,1016
556256,979,1019
556257,978,1021
556258,977,1019
556259,974,1018
556260,973,1021
556261,973,1024
556262,976,1024
556263,980,1024
556264,978,1019
556265,977,1014
556266,972,1015
556267,973,1015
556268,976,1019
556269,978,1020
556270,978,1020
556271,974,1019
556272,971,1021
556273,973,1024
556274,971,1025
556275,977,1024
556276,974,1024
556277,974,1024
556278,969,1024
556279,972,1026
556280,973,1028
556281,976,1028
556282,975,1029
556283,973,1024
556284,968,1022
556285,971,1022
556286,972,1026
556287,977,1025
556288,975,1023
556289,972,1021
556290,971,1023
556291,969,1026
556292,973,1031
556293,974,1029
556294,973,1028
556295,971,1024
556296,970,1022
556297,969,1023
556298,970,1025
556299,974,1028
556300,973,1027
556301,970,1026
556302,968,1025
556303,970,1027
556304,971,1029
556305,974,1027
556306,973,1026
556307,973,1026
556308,968,1029
556309,971,1031
556310,976,1032
556311,978,1029
556312,979,1024
556313,974,1021
556314,973,1017
556315,976,1018
556316,983,1016
556317,994,1015
556318,1002,1006
556319,1011,1002
556320,1021,1000
556321,1041,1001
556322,1068,1004
556323,1102,1001
556324,1139,988
556325,1169,977
556326,1205,963
556327,1243,959
556328,1281,959
556329,1311,965
556330,1318,981
556331,1293,998
556332,1242,1008
556333,1178,1014
556334,1120,1027
556335,1060,1040
556336,1004,1055
556337,964,1059
556338,942,1063
556339,946,1062
556340,959,1056
556341,971,1046
556342,980,1033
556343,978,1024
556344,973,1021
556345,968,1026
556346,967,1029
556347,967,1028
556348,963,1026
556349,959,1025
556350,955,1021
556351,955,1027
556352,955,1030
556353,958,1033
556354,957,1030
556355,952,1028
556356,950,1028
556357,950,1029
556358,952,1034
556359,954,1036
556360,953,1033
556361,948,1035
556362,948,1034
556363,950,1038
556364,954,1044
556365,957,1041
556366,958,1040
556367,955,1038
556368,953,1039
556369,953,1043
556370,956,1040
556371,962,1036
556372,959,1031
556373,957,1029
556374,954,1029
556375,956,1030
556376,958,1035
556377,962,1033
556378,961,1030
556379,957,1026
556380,955,1026
556381,956,1030
556382,955,1033
556383,959,1032
556384,957,1028
556385,955,1024
556386,954,1021
556387,954,1021
556388,957,1025
556389,958,1025
556390,958,1024
556391,955,1020
556392,955,1019
556393,955,1018
556394,959,1019
556395,963,1018
556396,962,1015
556397,960,1012
556398,958,1010
556399,958,1010
556400,964,1014
556401,968,1011
556402,970,1009
556403,965,1007
556404,963,1003
556405,968,1006
556406,971,1007
556407,975,1005
556408,976,1001
556409,976,997
556410,971,998
556411,974,1000
556412,980,1000
556413,982,1000
556414,982,993
556415,985,989
556416,985,990
556417,987,993
556418,987,998
556419,991,995
556420,992,991
556421,988,987
556422,988,985
556423,990,986
556424,991,990
556425,996,987
556426,997,990
556427,996,989
556428,994,991
556429,994,993
556430,997,992
556431,1001,989
556432,999,985
556433,997,983
556434,995,981
556435,995,986
556436,997,989
556437,998,991
556438,997,990
556439,993,989
556440,989,994
556441,989,998
556442,990,1003
556443,991,1002
556444,987,1002
556445,987,1002
556446,984,1003
556447,982,1010
556448,982,1015
556449,981,1017
556450,977,1017
556451,974,1017
556452,973,1019
556453,972,1023
556454,972,1026
556455,975,1026
556456,970,1024
556457,966,1021
556458,966,1023
556459,966,1025
556460,965,1028
556461,968,1031
556462,968,1032
556463,968,1032
556464,967,1031
556465,966,1039
556466,970,1039
556467,973,1037
556468,971,1036
556469,972,1033
556470,969,1034
556471,970,1037
556472,973,1036
556473,978,1032
556474,976,1031
556475,973,1029
556476,974,1028
556477,973,1028
556478,974,1032
556479,976,1033
556480,974,1030
556481,972,1027
556482,968,1028
556483,968,1027
556484,971,1034
556485,971,1031
556486,970,1030
556487,967,1027
556488,965,1025
556489,967,1026
556490,967,1027
556491,971,1024
556492,971,1024
556493,966,1017
556494,964,1018
556495,966,1023
556496,967,1027
556497,967,1025
556498,969,1023
556499,963,1022
556500,961,1022
556501,958,1024
556502,965,1024
556503,971,1025
556504,966,1023
556505,961,1022
556506,961,1021
556507,965,1027
556508,967,1028
556509,968,1030
556510,967,1026
556511,965,1025
556512,966,1025
556513,966,1027
556514,967,1029
556515,963,1029
556516,965,1027
556517,962,1026
556518,960,1026
556519,962,1029
556520,963,1033
556521,968,1031
556522,969,1027
556523,963,1025
556524,961,1028
556525,962,1031
556526,967,1033
556527,970,1032
556528,964,1034
556529,963,1029
556530,958,1028
556531,958,1030
556532,961,1030
556533,966,1031
556534,965,1031
556535,964,1027
556536,963,1027
556537,966,1031
556538,967,1030
556539,969,1031
556540,966,1030
556541,965,1025
556542,963,1024
556543,961,1025
556544,963,1028
556545,966,1027
556546,966,1027
556547,963,1024
556548,960,1022
556549,960,1028
556550,960,1031
556551,961,1031
556552,963,1027
556553,961,1027
556554,956,1027
556555,958,1029
556556,959,1032
556557,964,1033
556558,964,1034
556559,959,1026
556560,957,1027
556561,953,1026
556562,955,1029
556563,956,1028
556564,961,1028
556565,960,1029
556566,962,1029
556567,959,1029
556568,961,1033
556569,963,1029
556570,966,1028
556571,963,1026
556572,960,1026
556573,958,1028
556574,962,1027
556575,966,1028
556576,966,1028
556577,961,1024
556578,964,1024
556579,965,1026
556580,969,1027
556581,970,1027
556582,968,1023
556583,966,1023
556584,963,1023
556585,966,1026
556586,972,1027
556587,974,1028
556588,972,1026
556589,967,1023
556590,964,1020
556591,965,1027
556592,970,1031
556593,974,1029
556594,975,1027
556595,974,1025
556596,971,1027
556597,970,1028
556598,971,1030
556599,974,1029
556600,973,1028
556601,970,1026
556602,969,1023
556603,968,1026
556604,969,1027
556605,971,1031
556606,968,1027
556607,968,1024
556608,964,1021
556609,967,1019
556610,972,1018
556611,984,1014
556612,992,1009
556613,1002,1003
556614,1020,1000
556615,1044,997
556616,1072,993
556617,1106,983
556618,1140,968
556619,1179,960
556620,1217,956
556621,1254,964
556622,1277,981
556623,1280,1003
556624,1247,1020
556625,1199,1024
556626,1137,1025
556627,1075,1037
556628,1021,1053
556629,975,1066
556630,949,1074
556631,945,1073
556632,954,1069
556633,967,1059
556634,978,1048
556635,986,1038
556636,982,1029
556637,975,1024
556638,969,1023
556639,966,1020
556640,967,1024
556641,964,1026
556642,958,1026
556643,956,1022
556644,955,1019
556645,955,1019
556646,955,1020
556647,957,1022
556648,953,1022
556649,950,1017
556650,946,1019
556651,949,1023
556652,952,1025
556653,956,1025
556654,951,1024
556655,947,1021
556656,945,1020
556657,945,1022
556658,948,1029
556659,950,1026
556660,950,1023
556661,946,1022
556662,949,1023
556663,949,1026
556664,952,1028
556665,952,1027
556666,949,1027
556667,947,1025
556668,945,1029
556669,946,1030
556670,949,1032
556671,954,1031
556672,955,1030
556673,953,1027
556674,954,1026
556675,953,1025
556676,954,1026
556677,957,1025
556678,956,1020
556679,955,1019
556680,953,1018
556681,949,1019
556682,950,1021
556683,956,1020
556684,955,1016
556685,953,1010
556686,950,1011
556687,950,1012
556688,954,1016
556689,959,1017
556690,959,1013
556691,958,1009
556692,961,1004
556693,962,1004
556694,966,1009
556695,967,1006
556696,966,1003
556697,963,1002
556698,962,1001
556699,962,1001
556700,967,1003
556701,974,1003
556702,975,1000
556703,970,998
556704,966,993
556705,970,993
556706,976,995
556707,977,994
556708,980,992
556709,975,987
556710,975,986
556711,975,988
556712,981,991
556713,987,989
556714,986,983
556715,981,978
556716,978,976
556717,979,980
556718,986,979
556719,993,979
556720,993,973
556721,989,973
556722,986,969
556723,990,972
556724,994,975
556725,995,977
556726,995,976
556727,994,972
556728,993,973
556729,993,978
556730,992,983
556731,994,982
556732,993,984
556733,995,982
556734,991,985
556735,985,985
556736,983,992
556737,989,995
556738,989,995
556739,986,995
556740,981,997
556741,984,1005
556742,983,1013
556743,986,1015
556744,984,1015
556745,979,1016
556746,977,1016
556747,976,1020
556748,978,1027
556749,980,1027
556750,977,1027
556751,973,1027
556752,969,1027
556753,972,1032
556754,973,1035
556755,975,1035
556756,974,1030
556757,972,1025
556758,969,1024
556759,974,1025
556760,975,1028
556761,977,1025
556762,975,1022
556763,975,1018
556764,973,1019
556765,974,1020
556766,976,1024
556767,976,1024
556768,975,1019
556769,971,1016
556770,970,1016
556771,970,1018
556772,971,1019
556773,977,1021
556774,977,1019
556775,975,1016
556776,970,1017
556777,968,1017
556778,969,1019
556779,973,1019
556780,970,1016
556781,970,1016
556782,967,1017
556783,969,1023
556784,973,1026
556785,974,1026
556786,974,1027
556787,971,1026
556788,971,1026
556789,970,1026
556790,975,1026
556791,972,1025
556792,974,1025
556793,969,1020
556794,967,1025
556795,968,1029
556796,971,1030
556797,972,1027
556798,970,1027
556799,966,1024
556800,963,1024
556801,963,1027
556802,965,1031
556803,970,1029
556804,970,1026
556805,968,1023
556806,967,1022
556807,966,1028
556808,970,1031
556809,971,1030
556810,971,1024
556811,965,1020
556812,965,1021
556813,965,1019
556814,966,1023
556815,969,1021
556816,966,1018
556817,965,1018
556818,963,1019
556819,964,1024
556820,968,1027
556821,968,1024
556822,969,1023
556823,966,1018
556824,963,1016
556825,964,1022
556826,965,1024
556827,968,1023
556828,970,1024
556829,970,1023
556830,965,1025
556831,970,1027
556832,971,1029
556833,974,1031
556834,973,1029
556835,969,1026
556836,963,1027
556837,966,1030
556838,969,1035
556839,971,1032
556840,971,1032
556841,967,1029
556842,963,1025
556843,963,1032
556844,965,1038
556845,967,1038
556846,966,1035
556847,965,1032
556848,961,1028
556849,961,1028
556850,963,1030
556851,965,1029
556852,966,1026
556853,963,1025
556854,960,1025
556855,961,1028
556856,965,1033
556857,965,1032
556858,966,1034
556859,965,1032
556860,962,1031
556861,963,1033
556862,966,1031
556863,969,1027
556864,970,1027
556865,966,1025
556866,964,1029
556867,965,1030
556868,968,1034
556869,972,1034
556870,969,1034
556871,969,1031
556872,966,1032
556873,969,1036
556874,971,1036
556875,974,1037
556876,975,1034
556877,973,1029
556878,966,1026
556879,970,1027
556880,972,1033
556881,975,1032
556882,973,1030
556883,973,1028
556884,973,1030
556885,973,1033
556886,972,1034
556887,975,1034
556888,975,1034
556889,972,1033
556890,966,1037
556891,967,1037
556892,968,1039
556893,971,1036
556894,971,1033
556895,967,1030
556896,963,1031
556897,963,1031
556898,967,1036
556899,968,1036
556900,970,1034
556901,967,1029
556902,968,1026
556903,968,1025
556904,969,1027
556905,971,1029
556906,969,1025
556907,965,1026
556908,963,1028
556909,965,1027
556910,969,1032
556911,970,1033
556912,970,1031
556913,970,1031
556914,968,1032
556915,969,1035
556916,972,1037
556917,977,1036
556918,976,1036
556919,975,1031
556920,971,1033
556921,973,1036
556922,976,1040
556923,979,1041
556924,980,1042
556925,978,1038
556926,974,1037
556927,976,1037
556928,981,1034
556929,982,1033
556930,982,1030
556931,979,1024
556932,980,1020
556933,984,1019
556934,995,1018
556935,1011,1018
556936,1027,1012
556937,1043,1008
556938,1063,1006
556939,1096,1003
556940,1132,994
556941,1172,981
556942,1213,972
556943,1250,966
556944,1285,969
556945,1312,984
556946,1313,1001
556947,1289,1018
556948,1237,1023
556949,1173,1025
556950,1108,1037
556951,1049,1053
556952,1000,1066
556953,967,1072
556954,954,1072
556955,956,1067
556956,966,1058
556957,975,1050
556958,980,1043
556959,982,1041
556960,977,1038
556961,972,1035
556962,967,1036
556963,965,1035
556964,965,1038
556965,967,1041
556966,965,1041
556967,962,1036
556968,961,1034
556969,961,1036
556970,962,1040
556971,963,1042
556972,964,1041
556973,962,1037
556974,959,1039
556975,961,1039
556976,962,1043
556977,964,1044
556978,960,1041
556979,958,1036
556980,955,1036
556981,953,1034
556982,954,1035
556983,957,1034
556984,956,1030
556985,955,1029
556986,952,1028
556987,953,1031
556988,955,1032
556989,959,1030
556990,958,1028
556991,954,1025
556992,953,1027
556993,952,1029
556994,958,1031
556995,961,1032
556996,959,1031
556997,955,1030
556998,954,1033
556999,954,1031
557000,956,1033
557001,959,1029
557002,958,1028
557003,955,1025
557004,952,1026
557005,957,1029
557006,959,1033
557007,962,1030
557008,959,1029
557009,958,1027
557010,957,1023
557011,958,1023
557012,960,1024
557013,969,1024
557014,968,1022
557015,965,1020
557016,964,1017
557017,967,1016
557018,970,1019
557019,973,1019
557020,972,1020
557021,971,1018
557022,969,1016
557023,972,1019
557024,976,1020
557025,980,1017
557026,983,1013
557027,979,1006
557028,979,1006
557029,976,1007
557030,981,1005
557031,983,1005
557032,984,1007
557033,981,1001
557034,979,1001
557035,982,1000
557036,984,1000
557037,985,1000
557038,985,999
557039,982,994
557040,981,991
557041,982,996
557042,986,996
557043,990,994
557044,990,991
557045,988,990
557046,985,992
557047,988,993
557048,990,995
557049,993,994
557050,995,993
557051,992,990
557052,989,988
557053,993,995
557054,995,1001
557055,998,998
557056,996,997
557057,995,993
557058,992,995
557059,994,995
557060,998,1000
557061,1001,1000
557062,1003,1006
557063,997,1006
557064,993,1010
557065,994,1014
557066,994,1018
557067,996,1019
557068,995,1018
557069,990,1016
557070,985,1015
557071,987,1020
557072,986,1025
557073,986,1026
557074,983,1029
557075,979,1026
557076,974,1032
557077,974,1035
557078,975,1037
557079,978,1037
557080,971,1035
557081,968,1032
557082,967,1033
557083,967,1037
557084,969,1041
557085,969,1043
557086,969,1039
557087,964,1038
557088,963,1037
557089,961,1038
557090,962,1041
557091,966,1038
557092,968,1039
557093,965,1037
557094,966,1035
557095,966,1034
557096,970,1036
557097,969,1033
557098,970,1028
557099,965,1025
557100,965,1027
557101,966,1027
557102,968,1030
557103,970,1027
557104,970,1025
557105,967,1023
557106,968,1022
557107,970,1024
557108,970,1028
557109,970,1026
557110,970,1024
557111,968,1024
557112,967,1029
557113,967,1028
557114,970,1030
557115,974,1026
557116,971,1022
557117,970,1025
557118,966,1024
557119,968,1027
557120,969,1030
557121,974,1030
557122,972,1028
557123,968,1026
557124,969,1025
557125,965,1028
557126,970,1032
557127,971,1033
557128,968,1031
557129,967,1030
557130,967,1028
557131,966,1028
557132,967,1036
557133,973,1033
557134,972,1033
557135,969,1029
557136,964,1028
557137,965,1033
557138,967,1035
557139,970,1036
557140,972,1035
557141,967,1031
557142,965,1030
557143,964,1034
557144,963,1038
557145,965,1036
557146,967,1038
557147,963,1034
557148,960,1033
557149,964,1035
557150,961,1039
557151,964,1035
557152,966,1031
557153,963,1027
557154,963,1026
557155,959,1029
557156,965,1029
557157,967,1027
557158,965,1025
557159,964,1025
557160,961,1025
557161,962,1030
557162,964,1033
557163,968,1033
557164,969,1033
557165,967,1029
557166,965,1031
557167,966,1036
557168,968,1036
557169,968,1036
557170,966,1032
557171,965,1032
557172,967,1029
557173,966,1030
557174,971,1035
557175,974,1034
557176,972,1032
557177,969,1029
557178,970,1027
557179,968,1029
557180,975,1030
557181,981,1025
557182,989,1020
557183,1000,1014
557184,1018,1012
557185,1038,1012
557186,1066,1010
557187,1102,1004
557188,1142,991
557189,1183,974
557190,1225,970
557191,1268,969
557192,1303,977
557193,1314,993
557194,1290,1009
557195,1237,1014
557196,1167,1019
557197,1099,1030
557198,1034,1049
557199,983,1058
557200,951,1064
557201,941,1061
557202,945,1057
557203,956,1051
557204,971,1047
557205,976,1038
557206,973,1033
557207,966,1030
557208,961,1031
557209,958,1036
557210,959,1039
557211,958,1038
557212,955,1035
557213,949,1033
557214,948,1034
557215,947,1038
557216,947,1043
557217,952,1039
557218,947,1037
557219,944,1034
557220,944,1033
557221,943,1033
557222,945,1038
557223,948,1038
557224,946,1037
557225,943,1036
557226,942,1031
557227,943,1034
557228,945,1037
557229,945,1036
557230,944,1036
557231,942,1037
557232,941,1034
557233,939,1035
557234,944,1034
557235,946,1035
557236,945,1036
557237,944,1030
557238,939,1031
557239,939,1032
557240,941,1035
557241,945,1035
557242,942,1036
557243,940,1033
557244,939,1031
557245,940,1031
557246,944,1034
557247,943,1034
557248,944,1034
557249,943,1032
557250,942,1028
557251,944,1032
557252,948,1031
557253,953,1032
557254,952,1028
557255,952,1024
557256,949,1023
557257,948,1024
557258,952,1029
557259,957,1023
557260,956,1023
557261,957,1019
557262,955,1022
557263,957,1025
557264,958,1024
557265,965,1021
557266,964,1016
557267,960,1010
557268,957,1007
557269,960,1006
557270,963,1009
557271,969,1005
557272,968,1001
557273,968,998
557274,967,997
557275,966,998
557276,968,996
557277,972,997
557278,975,996
557279,968,994
557280,971,991
557281,971,989
557282,975,992
557283,979,993
557284,975,988
557285,974,984
557286,970,987
557287,976,989
557288,979,991
557289,985,991
557290,984,993
557291,982,988
557292,982,990
557293,982,993
557294,984,998
557295,990,995
557296,992,994
557297,985,991
557298,985,992
557299,988,997
557300,990,1001
557301,992,1003
557302,988,1006
557303,985,1004
557304,980,1011
557305,978,1015
557306,978,1020
557307,978,1024
557308,975,1026
557309,969,1025
557310,967,1024
557311,963,1026
557312,967,1026
557313,967,1027
557314,967,1027
557315,962,1024
557316,957,1026
557317,957,1030
557318,960,1035
557319,963,1033
557320,963,1029
557321,958,1025
557322,956,1024
557323,953,1030
557324,954,1034
557325,955,1032
557326,953,1030
557327,950,1030
557328,948,1030
557329,949,1034
557330,954,1036
557331,957,1037
557332,958,1033
557333,952,1029
557334,950,1029
557335,951,1034
557336,955,1036
557337,958,1036
557338,958,1034
557339,957,1033
557340,956,1032
557341,955,1034
557342,958,1032
557343,963,1032
557344,960,1033
557345,960,1033
557346,955,1033
557347,956,1032
557348,959,1035
557349,961,1032
557350,962,1029
557351,956,1028
557352,954,1029
557353,956,1029
557354,958,1031
557355,958,1027
557356,956,1028
557357,953,1027
557358,948,1029
557359,950,1032
557360,954,1034
557361,953,1032
557362,954,1031
557363,947,1026
557364,948,1027
557365,949,1029
557366,952,1035
557367,957,1031
557368,956,1030
557369,955,1027
557370,955,1026
557371,953,1028
557372,956,1031
557373,957,1031
557374,953,1029
557375,948,1026
557376,947,1026
557377,949,1031
557378,950,1037
557379,956,1036
557380,956,1037
557381,953,1035
557382,951,1036
557383,953,1039
557384,954,1038
557385,960,1038
557386,958,1036
557387,955,1033
557388,951,1032
557389,954,1035
557390,956,1039
557391,959,1039
557392,957,1038
557393,953,1035
557394,953,1033
557395,954,1036
557396,956,1039
557397,956,1038
557398,956,1037
557399,949,1032
557400,948,1031
557401,949,1029
557402,951,1034
557403,953,1032
557404,955,1031
557405,955,1028
557406,949,1031
557407,948,1032
557408,950,1036
557409,955,1034
557410,952,1034
557411,950,1030
557412,948,1030
557413,949,1030
557414,953,1033
557415,955,1034
557416,953,1033
557417,951,1031
557418,951,1031
557419,952,1031
557420,956,1036
557421,958,1033
557422,956,1034
557423,954,1031
557424,951,1029
557425,952,1032
557426,958,1032
557427,967,1027
557428,977,1018
557429,992,1012
557430,1008,1009
557431,1030,1009
557432,1068,1008
557433,1107,994
557434,1145,980
557435,1182,963
557436,1222,957
557437,1263,960
557438,1286,975
557439,1285,998
557440,1239,1013
557441,1178,1014
557442,1105,1027
557443,1034,1044
557444,972,1062
557445,937,1072
557446,928,1075
557447,934,1070
557448,947,1060
557449,956,1049
557450,961,1044
557451,959,1038
557452,954,1033
557453,949,1032
557454,942,1033
557455,941,1034
557456,941,1039
557457,941,1041
557458,941,1040
557459,937,1037
557460,933,1039
557461,934,1039
557462,931,1040
557463,933,1039
557464,932,1035
557465,930,1031
557466,927,1032
557467,927,1034
557468,931,1039
557469,932,1040
557470,934,1037
557471,936,1037
557472,931,1039
557473,933,1036
557474,935,1036
557475,938,1034
557476,937,1034
557477,935,1031
557478,933,1032
557479,938,1034
557480,940,1037
557481,945,1036
557482,944,1035
557483,942,1031
557484,939,1031
557485,939,1030
557486,941,1034
557487,944,1032
557488,942,1034
557489,937,1031
557490,936,1034
557491,938,1037
557492,940,1035
557493,944,1038
557494,947,1035
557495,944,1028
557496,942,1026
557497,942,1028
557498,945,1028
557499,944,1027
557500,943,1025
557501,943,1022
557502,937,1021
557503,937,1020
557504,940,1025
557505,944,1023
557506,942,1023
557507,943,1018
557508,942,1020
557509,945,1021
557510,948,1022
557511,950,1018
557512,948,1016
557513,946,1010
557514,948,1009
557515,948,1009
557516,955,1009
557517,960,1007
557518,961,1006
557519,960,999
557520,956,1002
557521,958,1004
557522,964,1003
557523,967,1001
557524,965,999
557525,967,996
557526,968,999
557527,970,1001
557528,971,1002
557529,977,999
557530,976,994
557531,974,988
557532,975,988
557533,979,988
557534,981,991
557535,983,991
557536,983,990
557537,979,988
557538,978,990
557539,977,993
557540,981,997
557541,982,998
557542,976,1003
557543,976,1003
557544,973,1007
557545,972,1011
557546,974,1015
557547,974,1013
557548,967,1015
557549,963,1016
557550,960,1019
557551,960,1025
557552,963,1032
557553,962,1035
557554,962,1032
557555,960,1031
557556,955,1029
557557,956,1033
557558,955,1039
557559,953,1038
557560,957,1036
557561,953,1032
557562,951,1033
557563,949,1036
557564,952,1042
557565,954,1043
557566,951,1046
557567,950,1042
557568,951,1041
557569,953,1044
557570,955,1045
557571,956,1043
557572,956,1043
557573,955,1040
557574,954,1037
557575,952,1038
557576,955,1040
557577,958,1039
557578,958,1036
557579,955,1033
557580,952,1031
557581,955,1033
557582,956,1038
557583,958,1039
557584,959,1039
557585,954,1038
557586,952,1033
557587,953,1033
557588,952,1031
557589,955,1035
557590,957,1034
557591,954,1031
557592,952,1030
557593,955,1030
557594,955,1032
557595,955,1032
557596,953,1029
557597,949,1025
557598,949,1027
557599,948,1031
557600,953,1035
557601,956,1037
557602,953,1036
557603,953,1034
557604,952,1033
557605,948,1036
557606,950,1038
557607,954,1038
557608,951,1032
557609,946,1031
557610,945,1035
557611,943,1039
557612,949,1042
557613,951,1042
557614,949,1039
557615,949,1032
557616,947,1033
557617,946,1033
557618,949,1036
557619,952,1034
557620,950,1033
557621,948,1028
557622,948,1028
557623,949,1035
557624,949,1038
557625,953,1041
557626,954,1038
557627,952,1037
557628,950,1036
557629,952,1042
557630,953,1046
557631,955,1048
557632,954,1043
557633,948,1042
557634,945,1040
557635,946,1042
557636,948,1045
557637,950,1043
557638,950,1038
557639,946,1033
557640,945,1035
557641,945,1037
557642,946,1038
557643,947,1037
557644,945,1037
557645,942,1036
557646,944,1036
557647,944,1041
557648,947,1040
557649,948,1037
557650,946,1037
557651,943,1035
557652,940,1035
557653,939,1041
557654,944,1042
557655,947,1041
557656,945,1039
557657,942,1035
557658,942,1035
557659,942,1037
557660,945,1042
557661,949,1039
557662,945,1034
557663,944,1029
557664,942,1030
557665,942,1034
557666,944,1037
557667,947,1037
557668,946,1036
557669,944,1032
557670,942,1034
557671,945,1040
557672,945,1043
557673,950,1045
557674,949,1043
557675,945,1042
557676,945,1043
557677,947,1043
557678,949,1046
557679,950,1043
557680,950,1042
557681,947,1042
557682,945,1041
557683,946,1043
557684,948,1045
557685,948,1041
557686,949,1037
557687,946,1035
557688,945,1033
557689,943,1035
557690,946,1038
557691,949,1034
557692,948,1032
557693,944,1031
557694,942,1030
557695,944,1037
557696,944,1041
557697,950,1039
557698,946,1037
557699,946,1034
557700,944,1032
557701,943,1034
557702,948,1038
557703,955,1039
557704,953,1035
557705,952,1035
557706,949,1037
557707,948,1039
557708,949,1043
557709,952,1043
557710,953,1040
557711,948,1036
557712,948,1035
557713,949,1036
557714,952,1042
557715,954,1040
557716,954,1036
557717,952,1035
557718,951,1035
557719,954,1036
557720,956,1034
557721,963,1031
557722,969,1028
557723,982,1025
557724,996,1024
557725,1015,1023
557726,1045,1025
557727,1076,1012
557728,1111,997
557729,1150,977
557730,1190,966
557731,1233,969
557732,1268,979
557733,1283,996
557734,1259,1016
557735,1202,1022
557736,1129,1027
557737,1056,1039
557738,995,1056
557739,954,1065
557740,931,1068
557741,929,1065
557742,941,1056
557743,953,1046
557744,958,1037
557745,952,1034
557746,949,1033
557747,941,1031
557748,939,1032
557749,937,1035
557750,936,1039
557751,938,1037
557752,932,1035
557753,932,1032
557754,929,1034
557755,929,1037
557756,930,1041
557757,932,1040
557758,931,1037
557759,929,1039
557760,926,1037
557761,926,1042
557762,930,1046
557763,933,1043
557764,931,1040
557765,929,1037
557766,928,1039
557767,931,1042
557768,935,1048
557769,935,1047
557770,937,1045
557771,935,1042
557772,931,1044
557773,934,1048
557774,935,1052
557775,940,1051
557776,936,1050
557777,934,1045
557778,934,1043
557779,934,1043
557780,935,1044
557781,935,1044
557782,933,1042
557783,930,1038
557784,929,1040
557785,928,1042
557786,934,1043
557787,936,1041
557788,934,1036
557789,930,1030
557790,930,1030
557791,930,1030
557792,933,1032
557793,936,1029
557794,939,1029
557795,936,1024
557796,937,1024
557797,938,1029
557798,943,1031
557799,945,1027
557800,944,1025
557801,940,1022
557802,941,1020
557803,946,1024
557804,950,1025
557805,955,1022
557806,957,1016
557807,953,1011
557808,951,1010
557809,956,1011
557810,961,1011
557811,963,1008
557812,967,1006
557813,966,1002
557814,963,1001
557815,962,1005
557816,966,1008
557817,968,1003
557818,969,1002
557819,967,998
557820,967,999
557821,969,998
557822,974,1005
557823,975,1002
557824,977,999
557825,973,999
557826,974,998
557827,974,1001
557828,975,1004
557829,979,1004
557830,976,1005
557831,976,1002
557832,978,1004
557833,977,1009
557834,978,1014
557835,978,1017
557836,977,1015
557837,976,1014
557838,974,1014
557839,975,1020
557840,976,1022
557841,977,1022
557842,973,1022
557843,968,1020
557844,962,1021
557845,964,1025
557846,964,1028
557847,969,1030
557848,964,1030
557849,964,1026
557850,960,1029
557851,960,1028
557852,961,1032
557853,964,1035
557854,964,1033
557855,957,1028
557856,953,1032
557857,952,1037
557858,956,1039
557859,959,1042
557860,960,1037
557861,956,1035
557862,953,1037
557863,951,1037
557864,953,1043
557865,957,1039
557866,957,1038
557867,954,1037
557868,951,1033
557869,953,1039
557870,957,1045
557871,961,1045
557872,954,1042
557873,951,1036
557874,949,1035
557875,953,1038
557876,956,1039
557877,959,1039
557878,956,1038
557879,955,1032
557880,950,1032
557881,950,1035
557882,950,1035
557883,956,1035
557884,955,1035
557885,953,1032
557886,950,1032
557887,948,1031
557888,951,1032
557889,955,1034
557890,954,1032
557891,953,1031
557892,953,1028
557893,955,1030
557894,956,1031
557895,960,1030
557896,959,1028
557897,956,1027
557898,953,1027
557899,955,1029
557900,958,1031
557901,961,1031
557902,957,1030
557903,955,1027
557904,952,1026
557905,955,1030
557906,954,1033
557907,956,1036
557908,954,1034
557909,953,1030
557910,950,1032
557911,947,1033
557912,952,1037
557913,957,1038
557914,955,1037
557915,950,1034
557916,947,1034
557917,947,1036
557918,948,1037
557919,949,1037
557920,949,1038
557921,947,1038
557922,944,1037
557923,944,1038
557924,945,1042
557925,948,1038
557926,947,1035
557927,942,1033
557928,943,1034
557929,947,1038
557930,949,1040
557931,950,1037
557932,950,1034
557933,951,1032
557934,948,1030
557935,949,1032
557936,954,1036
557937,955,1036
557938,955,1035
557939,954,1032
557940,953,1033
557941,956,1036
557942,963,1037
557943,966,1037
557944,961,1034
557945,957,1033
557946,956,1031
557947,958,1029
557948,960,1031
557949,962,1028
557950,960,1026
557951,959,1021
557952,963,1019
557953,974,1020
557954,986,1020
557955,1002,1015
557956,1014,1011
557957,1038,1002
557958,1069,996
557959,1110,988
557960,1155,982
557961,1205,983
557962,1249,986
557963,1273,1003
557964,1267,1024
557965,1234,1037
557966,1183,1039
557967,1124,1039
557968,1054,1052
557969,985,1070
557970,934,1089
557971,914,1100
557972,924,1102
557973,938,1091
557974,946,1074
557975,951,1061
557976,951,1051
557977,953,1049
557978,950,1046
557979,945,1041
557980,940,1033
557981,939,1034
557982,936,1034
557983,937,1036
557984,938,1039
557985,939,1040
557986,938,1037
557987,935,1034
557988,934,1032
557989,936,1036
557990,941,1035
557991,945,1030
557992,937,1028
557993,936,1025
557994,931,1026
557995,930,1027
557996,935,1032
557997,936,1031
557998,935,1030
557999,934,1029
558000,931,1029
558001,929,1032
558002,933,1037
558003,939,1033
558004,935,1032
558005,933,1028
558006,930,1029
558007,930,1031
558008,932,1036
558009,934,1035
558010,935,1031
558011,934,1025
558012,933,1025
558013,933,1028
558014,934,1029
558015,936,1031
558016,933,1026
558017,932,1025
558018,933,1026
558019,936,1031
558020,938,1033
558021,944,1032
558022,943,1029
558023,941,1024
558024,939,1030
558025,944,1030
558026,944,1029
558027,947,1022
558028,948,1018
558029,945,1012
558030,946,1012
558031,947,1012
558032,952,1013
558033,953,1010
558034,955,1009
558035,948,1005
558036,953,1002
558037,954,1000
558038,958,1000
558039,959,997
558040,959,994
558041,961,989
558042,962,988
558043,962,991
558044,963,991
558045,967,989
558046,967,988
558047,965,984
558048,962,985
558049,964,986
558050,965,986
558051,970,983
558052,970,979
558053,967,981
558054,964,983
558055,966,986
558056,971,989
558057,974,989
558058,977,986
558059,975,983
558060,972,985
558061,970,982
558062,973,981
558063,978,975
558064,976,975
558065,977,976
558066,975,979
558067,976,981
558068,974,988
558069,980,994
558070,979,992
558071,975,993
558072,973,996
558073,972,1002
558074,970,1004
558075,970,1007
558076,969,1008
558077,965,1008
558078,965,1014
558079,964,1020
558080,962,1026
558081,963,1029
558082,962,1028
558083,960,1026
558084,960,1027
558085,958,1030
558086,961,1034
558087,962,1035
558088,960,1033
558089,959,1031
558090,955,1033
558091,956,1037
558092,957,1042
558093,956,1043
558094,956,1043
558095,953,1041
558096,954,1044
558097,955,1049
558098,960,1051
558099,963,1050
558100,961,1044
558101,956,1044
558102,955,1046
558103,955,1050
558104,960,1052
558105,965,1047
558106,963,1041
558107,961,1034
558108,957,1032
558109,960,1034
558110,961,1037
558111,963,1036
558112,962,1038
558113,960,1035
558114,958,1036
558115,959,1035
558116,958,1036
558117,960,1036
558118,959,1036
558119,955,1031
558120,951,1036
558121,951,1036
558122,953,1040
558123,958,1042
558124,960,1041
558125,957,1037
558126,956,1036
558127,957,1039
558128,956,1041
558129,958,1042
558130,954,1039
558131,953,1037
558132,954,1037
558133,956,1039
558134,958,1045
558135,961,1044
558136,959,1045
558137,959,1041
558138,955,1042
558139,956,1043
558140,959,1046
558141,961,1044
558142,959,1040
558143,955,1042
558144,952,1045
558145,955,1047
558146,957,1048
558147,955,1046
558148,957,1039
558149,952,1038
558150,952,1038
558151,951,1040
558152,952,1043
558153,955,1040
558154,957,1037
558155,956,1034
558156,954,1036
558157,955,1042
558158,956,1045
558159,957,1043
558160,956,1044
558161,955,1042
558162,952,1043
558163,952,1046
558164,954,1048
558165,956,1047
558166,956,1044
558167,952,1044
558168,946,1046
558169,950,1049
558170,950,1051
558171,952,1051
558172,952,1050
558173,951,1047
558174,952,1049
558175,952,1051
558176,954,1053
558177,955,1049
558178,956,1046
558179,955,1045
558180,952,1045
558181,951,1048
558182,954,1047
558183,959,1049
558184,959,1046
558185,956,1043
558186,954,1042
558187,955,1044
558188,959,1047
558189,963,1042
558190,959,1042
558191,957,1039
558192,955,1040
558193,959,1044
558194,962,1044
558195,965,1042
558196,963,1041
558197,959,1036
558198,958,1036
558199,963,1037
558200,967,1038
558201,975,1036
558202,985,1034
558203,992,1027
558204,1006,1028
558205,1025,1028
558206,1054,1023
558207,1087,1013
558208,1123,994
558209,1158,982
558210,1195,979
558211,1231,980
558212,1263,997
558213,1270,1020
558214,1245,1033
558215,1201,1037
558216,1144,1042
558217,1085,1059
558218,1030,1077
558219,981,1092
558220,952,1097
558221,941,1096
558222,945,1090
558223,955,1081
558224,962,1071
558225,968,1061
558226,966,1053
558227,958,1047
558228,956,1044
558229,952,1045
558230,953,1047
558231,954,1046
558232,948,1045
558233,944,1043
558234,937,1045
558235,938,1048
558236,943,1050
558237,944,1048
558238,941,1043
558239,938,1042
558240,935,1041
558241,936,1045
558242,939,1047
558243,941,1047
558244,939,1045
558245,936,1043
558246,935,1043
558247,935,1047
558248,939,1049
558249,939,1046
558250,941,1042
558251,938,1037
558252,939,1037
558253,937,1041
558254,942,1042
558255,941,1044
558256,943,1042
558257,941,1042
558258,939,1045
558259,941,1045
558260,942,1047
558261,946,1049
558262,947,1046
558263,943,1042
558264,939,1043
558265,938,1045
558266,942,1048
558267,942,1049
558268,943,1046
558269,942,1044
558270,942,1041
558271,945,1040
558272,948,1043
558273,949,1040
558274,946,1035
558275,946,1034
558276,943,1033
558277,943,1034
558278,947,1036
558279,950,1035
558280,950,1032
558281,949,1029
558282,946,1028
558283,949,1030
558284,953,1029
558285,952,1028
558286,953,1025
558287,950,1021
558288,949,1021
558289,952,1022
558290,955,1025
558291,962,1024
558292,959,1020
558293,959,1019
558294,960,1016
558295,958,1012
558296,963,1015
558297,966,1009
558298,963,1005
558299,960,1001
558300,962,1002
558301,963,1002
558302,970,999
558303,970,998
558304,971,996
558305,970,994
558306,969,994
558307,969,994
558308,972,997
558309,977,994
558310,976,991
558311,971,992
558312,974,991
558313,977,992
558314,980,995
558315,982,994
558316,982,994
558317,979,995
558318,978,997
558319,982,1000
558320,986,1005
558321,988,1004
558322,988,1004
558323,985,1002
558324,982,1005
558325,982,1008
558326,982,1013
558327,983,1014
558328,981,1018
558329,979,1019
558330,972,1024
558331,974,1028
558332,973,1034
558333,975,1034
558334,974,1034
558335,968,1030
558336,965,1035
558337,967,1039
558338,967,1045
558339,967,1043
558340,966,1041
558341,960,1039
558342,959,1040
558343,956,1041
558344,960,1042
558345,961,1042
558346,957,1040
558347,957,1038
558348,955,1039
558349,954,1040
558350,957,1043
558351,960,1042
558352,956,1038
558353,954,1038
558354,954,1038
558355,956,1037
558356,959,1038
558357,960,1037
558358,957,1035
558359,956,1034
558360,954,1036
558361,957,1042
558362,957,1042
558363,960,1045
558364,961,1041
558365,956,1041
558366,953,1042
558367,955,1043
558368,957,1042
558369,960,1041
558370,958,1039
558371,956,1036
558372,956,1033
558373,956,1036
558374,957,1040
558375,957,1040
558376,955,1037
558377,955,1036
558378,954,1040
558379,956,1042
558380,958,1045
558381,960,1042
558382,959,1038
558383,958,1036
558384,955,1038
558385,953,1038
558386,956,1040
558387,960,1037
558388,957,1036
558389,953,1031
558390,949,1030
558391,950,1032
558392,956,1038
558393,959,1038
558394,956,1037
558395,953,1034
558396,952,1031
558397,951,1031
558398,950,1032
558399,953,1033
558400,952,1033
558401,949,1032
558402,947,1032
558403,949,1037
558404,952,1039
558405,952,1042
558406,950,1040
558407,950,1040
558408,952,1040
558409,953,1041
558410,954,1043
558411,958,1043
558412,956,1041
558413,954,1037
558414,952,1040
558415,954,1043
558416,956,1045
558417,957,1045
558418,954,1043
558419,952,1044
558420,951,1042
558421,952,1044
558422,951,1047
558423,952,1048
558424,954,1045
558425,951,1044
558426,947,1042
558427,952,1043
558428,948,1045
558429,953,1046
558430,954,1046
558431,950,1039
558432,951,1042
558433,950,1044
558434,953,1043
558435,955,1044
558436,952,1038
558437,952,1038
558438,947,1038
558439,948,1041
558440,952,1042
558441,954,1043
558442,952,1041
558443,951,1040
558444,947,1039
558445,948,1040
558446,950,1042
558447,953,1039
558448,953,1040
558449,951,1037
558450,947,1041
558451,947,1037
558452,953,1042
558453,954,1039
558454,952,1036
558455,949,1034
558456,947,1035
558457,947,1038
558458,951,1041
558459,952,1041
558460,955,1039
558461,952,1037
558462,952,1035
558463,952,1042
558464,952,1047
558465,954,1043
558466,951,1044
558467,953,1046
558468,952,1045
558469,953,1044
558470,956,1043
558471,960,1046
558472,959,1042
558473,957,1036
558474,954,1037
558475,955,1039
558476,957,1042
558477,960,1043
558478,959,1041
558479,957,1038
558480,957,1036
558481,954,1040
558482,959,1043
558483,959,1043
558484,955,1042
558485,957,1037
558486,955,1037
558487,955,1036
558488,957,1039
558489,961,1039
558490,959,1041
558491,955,1039
558492,953,1041
558493,957,1042
558494,958,1047
558495,959,1044
558496,960,1043
558497,956,1040
558498,952,1043
558499,958,1045
558500,959,1048
558501,963,1045
558502,962,1046
558503,956,1045
558504,953,1047
558505,955,1050
558506,957,1051
558507,961,1047
558508,959,1044
558509,958,1036
558510,958,1036
558511,958,1037
558512,959,1040
558513,962,1041
558514,960,1041
558515,959,1039
558516,959,1040
558517,959,1044
558518,963,1045
558519,966,1043
558520,961,1041
558521,958,1039
558522,954,1038
558523,956,1038
558524,960,1037
558525,964,1036
558526,965,1037
558527,963,1032
558528,965,1033
558529,968,1031
558530,974,1031
558531,984,1025
558532,996,1023
558533,1009,1018
558534,1024,1012
558535,1051,1014
558536,1087,1010
558537,1125,995
558538,1160,979
558539,1196,966
558540,1234,959
558541,1272,966
558542,1301,981
558543,1301,1001
558544,1268,1015
558545,1209,1020
558546,1140,1029
558547,1078,1040
558548,1019,1051
558549,982,1058
558550,960,1059
558551,957,1054
558552,963,1048
558553,975,1042
558554,981,1037
558555,978,1035
558556,970,1035
558557,962,1035
558558,958,1033
558559,956,1040
558560,955,1042
558561,954,1043
558562,947,1041
558563,944,1034
558564,940,1033
558565,941,1031
558566,943,1036
558567,946,1036
558568,942,1039
558569,939,1036
558570,933,1040
558571,938,1044
558572,940,1050
558573,941,1049
558574,941,1044
558575,937,1040
558576,933,1039
558577,938,1040
558578,940,1043
558579,944,1044
558580,942,1044
558581,940,1042
558582,937,1043
558583,940,1047
558584,945,1047
558585,952,1047
558586,949,1042
558587,946,1041
558588,945,1040
558589,946,1046
558590,947,1047
558591,948,1048
558592,949,1046
558593,945,1045
558594,943,1044
558595,948,1046
558596,949,1048
558597,951,1045
558598,951,1045
558599,948,1043
558600,945,1043
558601,945,1044
558602,948,1045
558603,950,1045
558604,951,1040
558605,948,1037
558606,947,1034
558607,948,1037
558608,953,1034
558609,955,1031
558610,955,1027
558611,952,1025
558612,951,1025
558613,954,1030
558614,956,1032
558615,960,1028
558616,959,1025
558617,957,1020
558618,954,1020
558619,959,1021
558620,961,1023
558621,963,1025
558622,964,1025
558623,966,1019
558624,964,1018
558625,969,1018
558626,972,1019
558627,975,1019
558628,975,1016
558629,975,1013
558630,975,1015
558631,974,1017
558632,980,1021
558633,981,1020
558634,981,1018
558635,981,1015
558636,981,1010
558637,985,1010
558638,990,1010
558639,993,1009
558640,993,1006
558641,991,1004
558642,987,1001
558643,991,1006
558644,996,1007
558645,997,1010
558646,994,1007
558647,988,1001
558648,992,1000
558649,992,1000
558650,994,1005
558651,995,1002
558652,994,1000
558653,990,1000
558654,987,1002
558655,988,1007
558656,989,1012
558657,991,1014
558658,988,1016
558659,985,1012
558660,982,1015
558661,981,1018
558662,978,1024
558663,979,1025
558664,978,1024
558665,974,1025
558666,971,1025
558667,970,1029
558668,973,1033
558669,975,1032
558670,970,1032
558671,970,1027
558672,969,1030
558673,968,1033
558674,971,1037
558675,974,1036
558676,974,1037
558677,970,1034
558678,967,1033
558679,971,1038
558680,974,1038
558681,970,1038
558682,970,1033
558683,968,1030
558684,967,1033
558685,969,1035
558686,972,1040
558687,974,1038
558688,974,1037
558689,969,1037
558690,967,1037
558691,963,1036
558692,964,1038
558693,967,1040
558694,965,1040
558695,962,1038
558696,961,1038
558697,961,1045
558698,966,1048
558699,966,1046
558700,967,1043
558701,964,1037
558702,961,1036
558703,963,1041
558704,966,1039
558705,968,1037
558706,967,1037
558707,965,1039
558708,963,1038
558709,965,1041
558710,966,1041
558711,968,1039
558712,963,1037
558713,961,1034
558714,963,1034
558715,960,1036
558716,966,1037
558717,969,1035
558718,966,1033
558719,963,1033
558720,965,1033
558721,962,1036
558722,965,1038
558723,966,1037
558724,966,1034
558725,964,1032
558726,965,1032
558727,964,1035
558728,968,1036
558729,969,1035
558730,967,1032
558731,964,1029
558732,963,1029
558733,961,1035
558734,964,1034
558735,968,1032
558736,965,1029
558737,963,1032
558738,962,1036
558739,963,1036
558740,967,1037
558741,969,1034
558742,967,1031
558743,962,1028
558744,961,1029
558745,965,1031
558746,967,1036
558747,966,1034
558748,965,1033
558749,964,1033
558750,961,1032
558751,961,1040
558752,966,1045
558753,967,1042
558754,964,1040
558755,960,1037
558756,960,1037
558757,962,1042
558758,963,1044
558759,963,1043
558760,965,1041
558761,962,1039
558762,963,1037
558763,960,1038
558764,965,1041
558765,967,1041
558766,963,1037
558767,962,1033
558768,961,1035
558769,962,1038
558770,963,1039
558771,964,1036
558772,961,1033
558773,960,1033
558774,955,1033
558775,957,1036
558776,960,1037
558777,961,1039
558778,957,1037
558779,956,1032
558780,953,1034
558781,957,1035
558782,959,1036
558783,961,1037
558784,960,1035
558785,959,1033
558786,958,1035
558787,960,1037
558788,964,1040
558789,964,1039
558790,964,1039
558791,962,1036
558792,962,1035
558793,962,1041
558794,965,1043
558795,967,1042
558796,963,1041
558797,960,1040
558798,960,1041
558799,963,1041
558800,962,1045
558801,967,1043
558802,965,1042
558803,964,1042
558804,963,1046
558805,965,1044
558806,967,1045
558807,967,1043
558808,963,1042
558809,960,1043
558810,959,1045
558811,963,1045
558812,963,1044
558813,965,1044
558814,964,1041
558815,963,1037
558816,959,1032
558817,960,1039
558818,966,1043
558819,968,1041
558820,966,1040
558821,966,1038
558822,965,1039
558823,966,1039
558824,973,1041
558825,975,1039
558826,971,1039
558827,966,1034
558828,964,1034
558829,966,1034
558830,972,1036
558831,971,1035
558832,971,1029
558833,966,1025
558834,970,1027
558835,978,1028
558836,985,1030
558837,999,1026
558838,1009,1021
558839,1022,1015
558840,1043,1009
558841,1069,1005
558842,1107,991
558843,1146,977
558844,1182,971
558845,1219,963
558846,1253,968
558847,1277,984
558848,1274,1006
558849,1247,1023
558850,1188,1028
558851,1130,1031
558852,1070,1045
558853,1020,1062
558854,977,1079
558855,951,1086
558856,944,1089
558857,947,1085
558858,957,1076
558859,968,1067
558860,976,1056
558861,975,1048
558862,973,1043
558863,964,1037
558864,959,1039
558865,955,1036
558866,956,1042
558867,956,1041
558868,949,1039
558869,946,1037
558870,943,1038
558871,944,1041
558872,947,1043
558873,948,1044
558874,947,1042
558875,947,1039
558876,942,1039
558877,942,1040
558878,945,1043
558879,946,1039
558880,945,1036
558881,944,1036
558882,942,1037
558883,945,1042
558884,946,1044
558885,950,1041
558886,949,1038
558887,946,1035
558888,945,1033
558889,946,1036
558890,949,1039
558891,947,1036
558892,945,1034
558893,942,1034
558894,944,1033
558895,945,1035
558896,948,1036
558897,951,1035
558898,946,1031
558899,944,1032
558900,939,1030
558901,939,1029
558902,943,1036
558903,947,1034
558904,946,1034
558905,944,1030
558906,942,1027
558907,944,1036
558908,949,1039
558909,951,1036
558910,949,1035
558911,944,1032
558912,945,1030
558913,947,1031
558914,948,1031
558915,952,1030
558916,949,1026
558917,950,1023
558918,950,1023
558919,951,1027
558920,955,1028
558921,960,1025
558922,957,1023
558923,955,1020
558924,955,1018
558925,958,1019
558926,963,1018
558927,970,1013
558928,964,1011
558929,963,1004
558930,960,1004
558931,966,1005
558932,975,1008
558933,979,1004
558934,979,997
558935,978,994
558936,972,993
558937,974,994
558938,976,996
558939,981,995
558940,979,990
558941,979,989
558942,979,986
558943,981,986
558944,985,990
558945,987,989
558946,984,989
558947,983,987
558948,979,986
558949,979,989
558950,984,992
558951,989,995
558952,987,991
558953,986,990
558954,988,992
558955,989,994
558956,989,998
558957,986,1000
558958,984,999
558959,984,999
558960,984,1000
558961,986,1008
558962,983,1009
558963,988,1010
558964,988,1011
558965,984,1012
558966,981,1013
558967,983,1019
558968,979,1023
558969,980,1027
558970,977,1024
558971,970,1028
558972,969,1027
558973,974,1031
558974,977,1033
558975,973,1038
558976,972,1033
558977,966,1031
558978,962,1035
558979,964,1040
558980,969,1045
558981,973,1040
558982,973,1039
558983,970,1035
558984,966,1037
558985,964,1037
558986,970,1042
558987,970,1044
558988,969,1040
558989,967,1035
558990,961,1035
558991,961,1036
558992,963,1040
558993,968,1039
558994,969,1036
558995,967,1034
558996,963,1034
558997,965,1038
558998,961,1040
558999,962,1036
559000,962,1034
559001,962,1032
559002,960,1032
559003,960,1035
559004,963,1035
559005,966,1032
559006,961,1031
559007,962,1029
559008,956,1029
559009,958,1034
559010,957,1035
559011,962,1032
559012,963,1031
559013,963,1029
559014,965,1032
559015,964,1032
559016,968,1034
559017,971,1033
559018,968,1033
559019,966,1033
559020,965,1033
559021,966,1032
559022,968,1032
559023,971,1030
559024,971,1027
559025,965,1025
559026,964,1028
559027,964,1031
559028,967,1035
559029,971,1032
559030,971,1030
559031,967,1029
559032,963,1032
559033,961,1033
559034,964,1039
559035,969,1042
559036,966,1038
559037,962,1039
559038,962,1036
559039,962,1035
559040,966,1040
559041,968,1037
559042,965,1033
559043,963,1031
559044,959,1031
559045,960,1034
559046,960,1038
559047,961,1037
559048,959,1035
559049,958,1032
559050,960,1032
559051,957,1033
559052,960,1034
559053,961,1035
559054,960,1033
559055,957,1032
559056,958,1033
559057,959,1035
559058,964,1037
559059,966,1038
559060,964,1037
559061,961,1034
559062,958,1037
559063,959,1041
559064,962,1043
559065,964,1043
559066,964,1039
559067,964,1036
559068,963,1035
559069,962,1038
559070,965,1039
559071,966,1038
559072,966,1038
559073,964,1036
559074,967,1035
559075,968,1039
559076,968,1041
559077,969,1040
559078,971,1036
559079,966,1032
559080,967,1035
559081,965,1033
559082,967,1038
559083,969,1037
559084,969,1033
559085,966,1031
559086,967,1029
559087,969,1030
559088,970,1031
559089,973,1032
559090,971,1032
559091,965,1027
559092,966,1029
559093,966,1033
559094,967,1034
559095,967,1031
559096,966,1028
559097,967,1021
559098,973,1019
559099,981,1016
559100,993,1019
559101,1007,1016
559102,1024,1011
559103,1044,1004
559104,1075,996
559105,1111,987
559106,1151,977
559107,1195,971
559108,1235,973
559109,1267,982
559110,1289,1001
559111,1286,1026
559112,1260,1040
559113,1213,1045
559114,1156,1046
559115,1093,1054
559116,1030,1073
559117,976,1089
559118,946,1102
559119,939,1109
559120,944,1100
559121,955,1088
559122,960,1070
559123,969,1062
559124,975,1054
559125,981,1044
559126,973,1035
559127,965,1032
559128,960,1034
559129,958,1034
559130,960,1038
559131,959,1035
559132,952,1033
559133,954,1028
559134,953,1029
559135,952,1031
559136,954,1033
559137,956,1031
559138,953,1031
559139,950,1026
559140,948,1024
559141,948,1026
559142,952,1031
559143,952,1029
559144,950,1031
559145,945,1028
559146,942,1031
559147,943,1033
559148,945,1034
559149,946,1033
559150,945,1029
559151,942,1028
559152,942,1027
559153,944,1029
559154,942,1036
559155,948,1037
559156,945,1037
559157,943,1036
559158,939,1033
559159,942,1038
559160,945,1037
559161,946,1032
559162,947,1026
559163,946,1022
559164,944,1022
559165,944,1023
559166,946,1028
559167,948,1028
559168,950,1026
559169,946,1025
559170,947,1025
559171,943,1026
559172,948,1026
559173,953,1024
559174,955,1022
559175,952,1017
559176,954,1016
559177,953,1017
559178,957,1020
559179,958,1018
559180,956,1011
559181,956,1010
559182,954,1011
559183,958,1009
559184,957,1011
559185,963,1006
559186,964,1003
559187,963,1002
559188,960,1001
559189,963,1005
559190,971,1007
559191,973,1002
559192,974,993
559193,972,991
559194,971,989
559195,973,990
559196,978,990
559197,978,989
559198,975,985
559199,973,983
559200,974,982
559201,976,981
559202,981,983
559203,984,980
559204,984,976
559205,981,975
559206,980,975
559207,985,977
559208,983,978
559209,986,981
559210,990,980
559211,986,979
559212,986,979
559213,987,986
559214,991,987
559215,995,985
559216,993,986
559217,992,985
559218,991,987
559219,991,994
559220,990,998
559221,991,999
559222,989,1002
559223,985,1002
559224,983,1005
559225,985,1012
559226,988,1017
559227,988,1021
559228,981,1023
559229,976,1023
559230,975,1027
559231,975,1033
559232,980,1033
559233,979,1035
559234,975,1031
559235,971,1030
559236,969,1035
559237,973,1040
559238,973,1046
559239,974,1046
559240,973,1042
559241,968,1040
559242,966,1038
559243,970,1038
559244,974,1039
559245,971,1041
559246,971,1036
559247,964,1035
559248,963,1034
559249,962,1037
559250,967,1039
559251,969,1036
559252,967,1034
559253,965,1032
559254,964,1033
559255,966,1036
559256,968,1039
559257,972,1039
559258,964,1039
559259,965,1035
559260,965,1038
559261,966,1039
559262,968,1043
559263,972,1043
559264,968,1038
559265,968,1036
559266,968,1039
559267,969,1040
559268,970,1042
559269,968,1039
559270,968,1036
559271,967,1030
559272,963,1029
559273,965,1030
559274,972,1035
559275,973,1033
559276,973,1033
559277,968,1033
559278,970,1033
559279,970,1038
559280,972,1038
559281,968,1036
559282,974,1038
559283,970,1037
559284,970,1039
559285,972,1039
559286,974,1037
559287,977,1035
559288,973,1031
559289,967,1032
559290,966,1032
559291,966,1036
559292,970,1039
559293,969,1038
559294,970,1033
559295,967,1032
559296,965,1030
559297,962,1034
559298,965,1037
559299,966,1037
559300,964,1036
559301,961,1035
559302,961,1035
559303,959,1038
559304,963,1038
559305,967,1032
559306,965,1028
559307,960,1028
559308,957,1030
559309,960,1036
559310,959,1039
559311,963,1038
559312,962,1034
559313,958,1034
559314,959,1037
559315,956,1038
559316,963,1046
559317,964,1043
559318,962,1042
559319,957,1041
559320,957,1041
559321,960,1044
559322,963,1045
559323,964,1041
559324,963,1039
559325,962,1037
559326,960,1034
559327,962,1038
559328,965,1043
559329,969,1040
559330,966,1041
559331,968,1040
559332,963,1040
559333,961,1042
559334,965,1045
559335,968,1044
559336,967,1043
559337,966,1040
559338,964,1038
559339,966,1040
559340,969,1040
559341,969,1042
559342,971,1040
559343,967,1037
559344,964,1037
559345,966,1037
559346,966,1036
559347,968,1036
559348,967,1036
559349,964,1034
559350,963,1036
559351,964,1036
559352,967,1038
559353,964,1035
559354,968,1033
559355,962,1030
559356,959,1032
559357,964,1038
559358,965,1041
559359,969,1044
559360,966,1044
559361,963,1042
559362,964,1044
559363,967,1040
559364,968,1041
559365,967,1037
559366,966,1033
559367,963,1034
559368,963,1036
559369,967,1041
559370,971,1045
559371,969,1045
559372,968,1044
559373,964,1039
559374,962,1040
559375,965,1042
559376,970,1046
559377,975,1044
559378,976,1044
559379,973,1041
559380,969,1039
559381,969,1041
559382,973,1044
559383,972,1046
559384,974,1043
559385,973,1040
559386,972,1041
559387,974,1045
559388,975,1048
559389,977,1046
559390,976,1041
559391,973,1038
559392,970,1038
559393,970,1043
559394,972,1043
559395,974,1043
559396,973,1039
559397,972,1036
559398,968,1036
559399,966,1039
559400,970,1044
559401,970,1043
559402,969,1039
559403,968,1037
559404,967,1037
559405,966,1038
559406,971,1040
559407,972,1043
559408,971,1038
559409,969,1037
559410,968,1036
559411,969,1038
559412,972,1038
559413,973,1037
559414,970,1033
559415,970,1032
559416,969,1033
559417,970,1035
559418,973,1039
559419,974,1038
559420,975,1038
559421,971,1035
559422,970,1035
559423,968,1039
559424,974,1046
559425,974,1048
559426,975,1046
559427,970,1044
559428,970,1045
559429,971,1045
559430,973,1046
559431,975,1042
559432,973,1038
559433,972,1037
559434,972,1037
559435,972,1041
559436,978,1042
559437,976,1043
559438,975,1044
559439,971,1042
559440,971,1043
559441,975,1048
559442,978,1047
559443,978,1041
559444,976,1033
559445,971,1033
559446,971,1031
559447,974,1034
559448,976,1040
559449,975,1039
559450,973,1035
559451,972,1034
559452,970,1034
559453,974,1036
559454,976,1043
559455,975,1040
559456,974,1042
559457,975,1040
559458,975,1041
559459,973,1044
559460,978,1044
559461,979,1039
559462,979,1035
559463,979,1035
559464,976,1035
559465,978,1039
559466,979,1041
559467,982,1038
559468,981,1037
559469,980,1037
559470,972,1037
559471,976,1041
559472,980,1042
559473,982,1039
559474,980,1040
559475,976,1040
559476,977,1042
559477,977,1047
559478,977,1048
559479,979,1047
559480,976,1043
559481,977,1042
559482,976,1039
559483,978,1041
559484,980,1044
559485,981,1042
559486,980,1041
559487,979,1035
559488,979,1035
559489,981,1034
559490,982,1035
559491,985,1035
559492,983,1032
559493,982,1025
559494,981,1028
559495,982,1032
559496,984,1035
559497,986,1033
559498,986,1026
559499,988,1022
559500,999,1021
559501,1015,1023
559502,1034,1021
559503,1057,1018
559504,1084,1008
559505,1112,995
559506,1150,985
559507,1191,974
559508,1232,971
559509,1275,966
559510,1311,968
559511,1320,981
559512,1295,1000
559513,1242,1013
559514,1180,1025
559515,1115,1032
559516,1057,1041
559517,1006,1045
559518,979,1052
559519,974,1055
559520,985,1054
559521,996,1047
559522,999,1036
559523,990,1032
559524,977,1032
559525,975,1035
559526,975,1039
559527,976,1042
559528,976,1042
559529,971,1037
559530,968,1034
559531,966,1037
559532,968,1041
559533,969,1041
559534,967,1040
559535,962,1036
559536,961,1037
559537,962,1038
559538,962,1044
559539,964,1044
559540,963,1042
559541,961,1042
559542,962,1044
559543,963,1047
559544,964,1049
559545,964,1047
559546,963,1042
559547,962,1041
559548,959,1042
559549,959,1045
559550,961,1047
559551,964,1045
559552,965,1042
559553,962,1042
559554,960,1043
559555,961,1048
559556,966,1050
559557,969,1050
559558,968,1050
559559,966,1045
559560,962,1044
559561,962,1043
559562,966,1041
559563,964,1039
559564,966,1039
559565,964,1040
559566,963,1044
559567,964,1047
559568,969,1047
559569,970,1050
559570,966,1048
559571,965,1045
559572,965,1042
559573,967,1040
559574,972,1041
559575,974,1040
559576,975,1034
559577,972,1029
559578,969,1028
559579,972,1029
559580,975,1031
559581,971,1030
559582,971,1027
559583,972,1025
559584,978,1024
559585,979,1023
559586,982,1023
559587,982,1019
559588,984,1015
559589,979,1014
559590,982,1017
559591,987,1019
559592,991,1023
559593,993,1021
559594,993,1014
559595,991,1011
559596,993,1011
559597,994,1012
559598,996,1013
559599,999,1014
559600,1000,1011
559601,1000,1007
559602,1001,1009
559603,1005,1015
559604,1008,1016
559605,1012,1012
559606,1012,1006
559607,1011,1002
559608,1010,1004
559609,1007,1006
559610,1015,1009
559611,1015,1008
559612,1014,1006
559613,1013,1004
559614,1012,1006
559615,1015,1014
559616,1017,1018
559617,1016,1018
559618,1016,1021
559619,1013,1018
559620,1010,1023
559621,1013,1026
559622,1014,1030
559623,1016,1026
559624,1012,1025
559625,1006,1024
559626,1001,1022
559627,1000,1025
559628,1000,1029
559629,997,1028
559630,995,1028
559631,992,1026
559632,986,1026
559633,986,1029
559634,987,1031
559635,988,1032
559636,985,1030
559637,982,1029
559638,978,1029
559639,979,1033
559640,981,1036
559641,981,1034
559642,980,1033
559643,978,1030
559644,977,1030
559645,979,1032
559646,982,1033
559647,981,1033
559648,982,1031
559649,979,1029
559650,978,1032
559651,980,1033
559652,984,1038
559653,984,1041
559654,981,1039
559655,979,1039
559656,978,1042
559657,977,1045
559658,983,1047
559659,981,1048
559660,979,1044
559661,977,1040
559662,976,1042
559663,978,1047
559664,980,1046
559665,980,1044
559666,979,1037
559667,977,1037
559668,974,1039
559669,975,1040
559670,979,1041
559671,982,1039
559672,979,1034
559673,970,1030
559674,970,1031
559675,974,1031
559676,974,1034
559677,977,1034
559678,976,1031
559679,974,1027
559680,973,1028
559681,972,1030
559682,974,1028
559683,978,1028
559684,976,1027
559685,974,1027
559686,972,1026
559687,976,1028
559688,978,1030
559689,980,1028
559690,979,1024
559691,978,1027
559692,975,1029
559693,977,1030
559694,980,1031
559695,977,1029
559696,978,1031
559697,976,1030
559698,975,1031
559699,975,1034
559700,978,1039
559701,977,1039
559702,975,1034
559703,971,1032
559704,967,1033
559705,971,1035
559706,976,1040
559707,976,1041
559708,976,1041
559709,973,1039
559710,971,1037
559711,974,1038
559712,973,1039
559713,973,1041
559714,973,1047
559715,971,1040
559716,967,1043
559717,969,1042
559718,970,1044
559719,972,1043
559720,970,1040
559721,967,1035
559722,967,1035
559723,969,1036
559724,971,1038
559725,972,1039
559726,971,1033
559727,970,1030
559728,964,1034
559729,967,1037
559730,966,1040
559731,970,1038
559732,967,1034
559733,967,1032
559734,966,1032
559735,968,1038
559736,969,1040
559737,973,1036
559738,974,1032
559739,972,1027
559740,970,1026
559741,969,1030
559742,972,1037
559743,972,1034
559744,972,1033
559745,970,1024
559746,969,1025
559747,971,1030
559748,971,1033
559749,974,1030
559750,973,1035
559751,972,1035
559752,971,1034
559753,973,1034
559754,977,1035
559755,980,1034
559756,981,1032
559757,977,1031
559758,970,1032
559759,972,1038
559760,973,1038
559761,974,1035
559762,974,1033
559763,973,1033
559764,965,1036
559765,971,1042
559766,973,1046
559767,972,1043
559768,973,1036
559769,969,1035
559770,969,1035
559771,969,1036
559772,972,1041
559773,972,1041
559774,974,1039
559775,970,1036
559776,967,1039
559777,969,1041
559778,975,1040
559779,978,1041
559780,979,1039
559781,973,1032
559782,975,1032
559783,975,1033
559784,979,1034
559785,979,1032
559786,978,1029
559787,978,1022
559788,978,1019
559789,992,1019
559790,1010,1019
559791,1028,1015
559792,1045,1009
559793,1065,1003
559794,1098,996
559795,1137,982
559796,1180,971
559797,1222,963
559798,1261,964
559799,1290,972
559800,1294,995
559801,1262,1017
559802,1206,1027
559803,1141,1035
559804,1073,1047
559805,1014,1061
559806,971,1070
559807,956,1078
559808,965,1078
559809,975,1071
559810,986,1058
559811,984,1048
559812,981,1044
559813,978,1046
559814,976,1045
559815,976,1043
559816,971,1037
559817,964,1035
559818,962,1035
559819,962,1035
559820,965,1032
559821,965,1033
559822,960,1033
559823,953,1030
559824,953,1031
559825,956,1034
559826,958,1034
559827,957,1034
559828,955,1032
559829,952,1030
559830,952,1031
559831,953,1032
559832,955,1035
559833,955,1035
559834,954,1031
559835,950,1028
559836,952,1030
559837,955,1034
559838,958,1038
559839,960,1035
559840,960,1038
559841,956,1038
559842,952,1038
559843,958,1043
559844,964,1043
559845,963,1041
559846,964,1037
559847,963,1035
559848,963,1039
559849,963,1042
559850,963,1043
559851,963,1040
559852,962,1032
559853,958,1028
559854,959,1031
559855,962,1035
559856,967,1040
559857,970,1037
559858,969,1035
559859,967,1028
559860,967,1029
559861,969,1029
559862,969,1031
559863,973,1027
559864,972,1023
559865,971,1021
559866,969,1020
559867,975,1021
559868,977,1023
559869,977,1022
559870,976,1017
559871,974,1016
559872,975,1013
559873,980,1014
559874,983,1013
559875,983,1009
559876,985,1005
559877,982,1002
559878,982,1001
559879,984,1002
559880,986,1005
559881,990,1001
559882,989,1000
559883,985,1000
559884,985,1000
559885,988,1002
559886,996,1004
559887,1001,1002
559888,1001,998
559889,999,995
559890,1000,994
559891,1003,994
559892,1007,999
559893,1011,1001
559894,1010,1001
559895,1008,997
559896,1008,996
559897,1008,996
559898,1011,999
559899,1014,1000
559900,1013,1000
559901,1008,1000
559902,1006,1001
559903,1006,1006
559904,1008,1008
559905,1004,1010
559906,1002,1009
559907,998,1007
559908,991,1012
559909,993,1017
559910,994,1022
559911,993,1024
559912,991,1024
559913,987,1024
559914,982,1029
559915,982,1030
559916,983,1035
559917,984,1036
559918,981,1032
559919,977,1031
559920,972,1034
559921,974,1037
559922,973,1042
559923,972,1041
559924,970,1038
559925,970,1033
559926,969,1038
559927,972,1043
559928,976,1046
559929,979,1045
559930,978,1041
559931,976,1032
559932,983,1030
559933,988,1033
559934,992,1035
559935,1000,1035
559936,1002,1035
559937,1005,1035
559938,1004,1034
559939,1017,1039
559940,1025,1038
559941,1039,1035
559942,1051,1025
559943,1063,1006
559944,1074,990
559945,1087,973
559946,1103,962
559947,1121,950
559948,1138,930
559949,1157,911
559950,1174,891
559951,1194,870
559952,1218,846
559953,1236,821
559954,1253,804
559955,1263,785
559956,1267,781
559957,1267,777
559958,1264,777
559959,1262,773
559960,1252,769
559961,1239,767
559962,1221,771
559963,1200,775
559964,1179,781
559965,1154,790
559966,1125,799
559967,1095,810
559968,1063,824
559969,1046,845
559970,1035,862
559971,1029,883
559972,1025,899
559973,1022,915
559974,1019,929
559975,1016,943
559976,1018,955
559977,1031,963
559978,1045,970
559979,1062,977
559980,1071,981
559981,1066,985
559982,1050,992
559983,1019,1000
559984,980,1007
559985,947,1018
559986,934,1032
559987,929,1053
559988,929,1070
559989,925,1080
559990,919,1084
559991,910,1082
559992,907,1087
559993,906,1094
559994,904,1100
559995,904,1102
559996,900,1102
559997,897,1098
559998,890,1103
559999,886,1109
560000,887,1113
560001,888,1115
560002,886,1110
560003,879,1113
560004,874,1114
560005,876,1120
560006,877,1125
560007,877,1127
560008,875,1127
560009,871,1124
560010,868,1129
560011,870,1132
560012,873,1139
560013,874,1139
560014,871,1135
560015,868,1128
560016,867,1125
560017,868,1126
560018,870,1133
560019,870,1133
560020,868,1133
560021,863,1135
560022,861,1138
560023,865,1142
560024,872,1148
560025,873,1148
560026,868,1147
560027,863,1148
560028,860,1148
560029,864,1156
560030,868,1161
560031,868,1162
560032,872,1157
560033,867,1158
560034,869,1161
560035,872,1166
560036,874,1169
560037,875,1170
560038,876,1170
560039,876,1171
560040,878,1173
560041,879,1178
560042,887,1181
560043,889,1178
560044,892,1173
560045,893,1174
560046,893,1174
560047,898,1175
560048,903,1175
560049,906,1170
560050,910,1163
560051,911,1158
560052,915,1155
560053,920,1154
560054,921,1151
560055,926,1146
560056,930,1136
560057,929,1129
560058,931,1128
560059,938,1125
560060,944,1123
560061,947,1120
560062,948,1110
560063,948,1102
560064,947,1098
560065,951,1094
560066,955,1092
560067,956,1084
560068,955,1077
560069,951,1070
560070,950,1067
560071,952,1065
560072,955,1065
560073,957,1059
560074,958,1055
560075,954,1050
560076,953,1049
560077,953,1050
560078,960,1048
560079,960,1047
560080,958,1042
560081,956,1041
560082,955,1040
560083,959,1040
560084,964,1046
560085,965,1042
560086,961,1040
560087,958,1038
560088,958,1038
560089,963,1040
560090,965,1041
560091,967,1043
560092,965,1038
560093,960,1037
560094,961,1041
560095,963,1042
560096,959,1045
560097,961,1040
560098,958,1037
560099,956,1036
560100,959,1038
560101,958,1040
560102,961,1043
560103,964,1042
560104,962,1040
560105,960,1036
560106,959,1038
560107,965,1038
560108,966,1041
560109,969,1038
560110,967,1035
560111,961,1031
560112,961,1031
560113,963,1034
560114,964,1035
560115,964,1033
560116,961,1031
560117,957,1027
560118,956,1029
560119,957,1032
560120,960,1035
560121,962,1035
560122,959,1030
560123,955,1030
560124,953,1032
560125,957,1035
560126,958,1037
560127,961,1037
560128,962,1035
560129,957,1031
560130,958,1032
560131,961,1032
560132,966,1032
560133,968,1034
560134,967,1031
560135,966,1027
560136,962,1029
560137,960,1032
560138,964,1036
560139,964,1036
560140,962,1034
560141,960,1035
560142,956,1036
560143,959,1039
560144,961,1042
560145,962,1039
560146,962,1037
560147,961,1035
560148,960,1034
560149,963,1035
560150,965,1037
560151,963,1035
560152,959,1033
560153,960,1031
560154,961,1032
560155,963,1035
560156,966,1034
560157,964,1034
560158,964,1030
560159,958,1027
560160,958,1029
560161,961,1033
560162,961,1032
560163,966,1031
560164,963,1028
560165,960,1027
560166,957,1028
560167,958,1033
560168,965,1034
560169,967,1032
560170,963,1027
560171,962,1029
560172,960,1029
560173,958,1032
560174,960,1034
560175,961,1035
560176,959,1033
560177,958,1030
560178,958,1031
560179,964,1036
560180,964,1036
560181,963,1037
560182,958,1031
560183,955,1031
560184,953,1032
560185,956,1035
560186,960,1038
560187,962,1035
560188,961,1032
560189,961,1031
560190,961,1029
560191,961,1032
560192,964,1033
560193,964,1033
560194,962,1029
560195,959,1026
560196,963,1030
560197,965,1029
560198,968,1029
560199,968,1030
560200,966,1027
560201,963,1023
560202,963,1026
560203,963,1028
560204,965,1028
560205,968,1026
560206,966,1025
560207,962,1022
560208,958,1024
560209,964,1029
560210,966,1028
560211,969,1027
560212,969,1024
560213,963,1023
560214,962,1024
560215,967,1027
560216,969,1029
560217,970,1028
560218,966,1026
560219,959,1023
560220,957,1025
560221,966,1028
560222,968,1031
560223,968,1030
560224,966,1027
560225,963,1025
560226,963,1027
560227,965,1030
560228,966,1034
560229,967,1031
560230,964,1031
560231,962,1031
560232,962,1032
560233,965,1035
560234,964,1037
560235,965,1037
560236,961,1035
560237,960,1034
560238,961,1034
560239,967,1038
560240,970,1039
560241,966,1036
560242,966,1032
560243,965,1027
560244,964,1029
560245,964,1031
560246,964,1033
560247,964,1030
560248,963,1028
560249,965,1025
560250,963,1028
560251,967,1029
560252,971,1030
560253,976,1030
560254,970,1026
560255,963,1025
560256,962,1026
560257,969,1029
560258,974,1031
560259,974,1028
560260,972,1026
560261,968,1024
560262,967,1025
560263,968,1027
560264,969,1032
560265,968,1029
560266,963,1027
560267,959,1025
560268,958,1025
560269,965,1027
560270,966,1029
560271,967,1024
560272,968,1022
560273,968,1022
560274,968,1023
560275,972,1025
560276,973,1028
560277,976,1028
560278,970,1025
560279,964,1024
560280,962,1028
560281,965,1030
560282,973,1032
560283,974,1029
560284,975,1026
560285,974,1023
560286,972,1026
560287,971,1028
560288,974,1031
560289,973,1031
560290,970,1026
560291,970,1024
560292,972,1023
560293,972,1027
560294,975,1028
560295,977,1028
560296,978,1024
560297,977,1021
560298,972,1022
560299,970,1026
560300,976,1027
560301,975,1023
560302,974,1018
560303,973,1013
560304,984,1010
560305,998,1009
560306,1011,1006
560307,1027,1002
560308,1044,996
560309,1067,986
560310,1104,975
560311,1145,966
560312,1186,961
560313,1229,959
560314,1268,966
560315,1293,982
560316,1294,1006
560317,1276,1023
560318,1229,1031
560319,1167,1034
560320,1106,1040
560321,1045,1051
560322,989,1067
560323,950,1082
560324,942,1090
560325,950,1085
560326,960,1071
560327,966,1056
560328,969,1046
560329,978,1041
560330,976,1037
560331,975,1035
560332,967,1030
560333,962,1027
560334,961,1029
560335,963,1030
560336,965,1034
560337,964,1029
560338,961,1030
560339,958,1029
560340,958,1030
560341,958,1032
560342,957,1032
560343,954,1032
560344,957,1030
560345,954,1028
560346,953,1031
560347,954,1032
560348,953,1033
560349,956,1030
560350,955,1030
560351,950,1026
560352,951,1025
560353,952,1026
560354,956,1026
560355,957,1026
560356,952,1024
560357,952,1019
560358,951,1023
560359,951,1024
560360,954,1026
560361,953,1024
560362,953,1024
560363,948,1023
560364,948,1024
560365,951,1027
560366,951,1030
560367,949,1026
560368,946,1022
560369,944,1022
560370,946,1025
560371,950,1032
560372,955,1030
560373,954,1028
560374,952,1020
560375,950,1016
560376,953,1013
560377,956,1012
560378,956,1014
560379,958,1012
560380,958,1010
560381,957,1007
560382,958,1010
560383,961,1014
560384,965,1016
560385,966,1016
560386,962,1011
560387,960,1010
560388,962,1011
560389,963,1013
560390,969,1014
560391,970,1011
560392,967,1008
560393,969,1005
560394,970,1005
560395,973,1006
560396,976,1008
560397,978,1005
560398,975,1001
560399,973,998
560400,975,997
560401,978,998
560402,980,998
560403,982,995
560404,979,990
560405,978,989
560406,980,990
560407,983,991
560408,986,992
560409,986,988
560410,982,985
560411,981,981
560412,980,983
560413,985,985
560414,989,984
560415,985,983
560416,985,982
560417,989,979
560418,990,982
560419,993,984
560420,999,984
560421,1000,984
560422,1001,982
560423,999,980
560424,1000,985
560425,1002,988
560426,1004,993
560427,1009,995
560428,1008,990
560429,1008,989
560430,1007,991
560431,1010,992
560432,1011,994
560433,1011,994
560434,1011,992
560435,1009,993
560436,1010,995
560437,1007,1001
560438,1011,1006
560439,1009,1006
560440,1005,1008
560441,997,1008
560442,996,1012
560443,996,1017
560444,998,1019
560445,996,1020
560446,995,1019
560447,993,1019
560448,990,1021
560449,990,1024
560450,990,1029
560451,988,1028
560452,988,1025
560453,984,1024
560454,980,1027
560455,981,1029
560456,984,1030
560457,983,1028
560458,981,1027
560459,978,1023
560460,979,1025
560461,982,1028
560462,982,1030
560463,981,1030
560464,979,1027
560465,978,1025
560466,976,1028
560467,980,1031
560468,982,1029
560469,982,1028
560470,982,1023
560471,979,1020
560472,975,1023
560473,979,1026
560474,981,1027
560475,982,1028
560476,980,1024
560477,976,1022
560478,978,1026
560479,982,1027
560480,986,1030
560481,986,1033
560482,984,1028
560483,980,1028
560484,980,1030
560485,980,1033
560486,984,1032
560487,984,1028
560488,985,1023
560489,981,1021
560490,979,1021
560491,981,1025
560492,984,1025
560493,986,1026
560494,985,1023
560495,977,1023
560496,975,1026
560497,979,1026
560498,984,1030
560499,982,1031
560500,981,1030
560501,979,1032
560502,977,1035
560503,980,1037
560504,982,1037
560505,983,1030
560506,983,1023
560507,979,1019
560508,974,1021
560509,980,1023
560510,982,1024
560511,983,1024
560512,981,1021
560513,976,1018
560514,978,1019
560515,977,1022
560516,982,1022
560517,984,1022
560518,981,1020
560519,978,1020
560520,976,1023
560521,973,1027
560522,976,1030
560523,972,1031
560524,969,1028
560525,969,1026
560526,969,1027
560527,972,1027
560528,977,1031
560529,979,1028
560530,975,1028
560531,973,1027
560532,970,1029
560533,975,1032
560534,976,1033
560535,977,1033
560536,973,1032
560537,975,1029
560538,975,1031
560539,979,1036
560540,983,1040
560541,982,1038
560542,978,1035
560543,973,1031
560544,974,1031
560545,975,1034
560546,977,1037
560547,980,1034
560548,979,1032
560549,978,1029
560550,977,1027
560551,977,1030
560552,977,1033
560553,976,1032
560554,978,1031
560555,973,1031
560556,974,1031
560557,978,1035
560558,983,1033
560559,983,1032
560560,981,1031
560561,975,1026
560562,973,1030
560563,974,1029
560564,982,1027
560565,989,1022
560566,996,1015
560567,1002,1009
560568,1013,1007
560569,1031,1009
560570,1054,1006
560571,1085,1001
560572,1118,988
560573,1159,978
560574,1202,972
560575,1250,974
560576,1292,985
560577,1314,995
560578,1308,1011
560579,1272,1018
560580,1220,1022
560581,1165,1027
560582,1108,1040
560583,1045,1057
560584,984,1071
560585,946,1079
560586,936,1085
560587,947,1086
560588,963,1078
560589,977,1064
560590,980,1052
560591,974,1044
560592,973,1035
560593,971,1032
560594,970,1033
560595,970,1029
560596,965,1031
560597,960,1027
560598,957,1027
560599,960,1029
560600,959,1032
560601,960,1034
560602,958,1029
560603,953,1028
560604,951,1030
560605,956,1031
560606,960,1031
560607,958,1025
560608,960,1023
560609,956,1022
560610,955,1026
560611,956,1027
560612,961,1029
560613,958,1026
560614,955,1024
560615,952,1022
560616,952,1021
560617,953,1024
560618,957,1028
560619,955,1027
560620,954,1027
560621,951,1027
560622,950,1028
560623,949,1036
560624,955,1038
560625,956,1039
560626,954,1035
560627,953,1031
560628,955,1032
560629,958,1035
560630,961,1036
560631,961,1035
560632,959,1030
560633,956,1028
560634,953,1024
560635,954,1025
560636,959,1026
560637,960,1026
560638,961,1019
560639,962,1017
560640,963,1020
560641,964,1020
560642,965,1022
560643,965,1023
560644,957,1025
560645,953,1027
560646,957,1027
560647,962,1023
560648,963,1019
560649,966,1012
560650,964,1009
560651,964,1007
560652,961,1008
560653,963,1008
560654,967,1008
560655,967,1006
560656,969,1002
560657,967,1002
560658,970,1003
560659,977,1002
560660,977,998
560661,972,995
560662,969,992
560663,969,990
560664,972,994
560665,973,993
560666,976,994
560667,978,992
560668,978,988
560669,979,986
560670,977,984
560671,979,984
560672,980,988
560673,984,986
560674,984,985
560675,984,984
560676,986,987
560677,988,994
560678,994,997
560679,991,995
560680,990,994
560681,986,996
560682,987,999
560683,985,1001
560684,986,1001
560685,987,999
560686,987,996
560687,986,995
560688,989,997
560689,992,999
560690,996,1000
560691,993,996
560692,989,997
560693,982,998
560694,984,1003
560695,985,1010
560696,985,1016
560697,982,1014
560698,982,1015
560699,980,1014
560700,977,1019
560701,978,1024
560702,981,1025
560703,979,1028
560704,970,1027
560705,965,1029
560706,962,1029
560707,965,1033
560708,972,1038
560709,975,1035
560710,974,1032
560711,972,1033
560712,969,1036
560713,968,1042
560714,967,1046
560715,966,1043
560716,963,1043
560717,964,1042
560718,964,1039
560719,966,1038
560720,967,1035
560721,967,1029
560722,965,1023
560723,964,1023
560724,966,1022
560725,971,1021
560726,970,1023
560727,972,1020
560728,966,1018
560729,966,1015
560730,963,1016
560731,965,1021
560732,967,1024
560733,969,1023
560734,966,1022
560735,964,1022
560736,960,1023
560737,965,1024
560738,971,1024
560739,972,1022
560740,971,1022
560741,968,1025
560742,968,1024
560743,967,1027
560744,965,1027
560745,967,1028
560746,966,1024
560747,965,1025
560748,965,1030
560749,964,1031
560750,967,1034
560751,969,1028
560752,967,1024
560753,966,1023
560754,965,1022
560755,966,1029
560756,967,1035
560757,969,1038
560758,967,1035
560759,963,1033
560760,962,1036
560761,963,1043
560762,962,1041
560763,963,1037
560764,963,1029
560765,965,1027
560766,965,1029
560767,965,1033
560768,969,1033
560769,965,1034
560770,964,1031
560771,960,1028
560772,961,1029
560773,963,1030
560774,965,1033
560775,965,1030
560776,962,1025
560777,962,1021
560778,965,1024
560779,969,1025
560780,968,1027
560781,968,1028
560782,965,1026
560783,960,1024
560784,961,1026
560785,962,1030
560786,964,1032
560787,962,1030
560788,962,1031
560789,962,1029
560790,961,1030
560791,960,1032
560792,966,1034
560793,967,1032
560794,967,1028
560795,960,1031
560796,961,1032
560797,962,1033
560798,960,1041
560799,961,1041
560800,958,1040
560801,956,1040
560802,958,1043
560803,959,1044
560804,964,1041
560805,967,1039
560806,967,1037
560807,965,1034
560808,962,1036
560809,962,1037
560810,966,1033
560811,965,1030
560812,963,1024
560813,963,1023
560814,964,1022
560815,964,1025
560816,968,1027
560817,969,1025
560818,964,1022
560819,964,1023
560820,965,1023
560821,963,1026
560822,965,1028
560823,964,1027
560824,965,1022
560825,969,1019
560826,973,1017
560827,983,1018
560828,997,1015
560829,1011,1011
560830,1023,1009
560831,1039,1004
560832,1063,1005
560833,1093,997
560834,1133,987
560835,1171,975
560836,1208,967
560837,1246,966
560838,1281,972
560839,1300,990
560840,1292,1008
560841,1253,1018
560842,1194,1015
560843,1130,1020
560844,1066,1029
560845,1010,1045
560846,970,1056
560847,950,1061
560848,947,1062
560849,952,1059
560850,964,1055
560851,972,1050
560852,978,1048
560853,976,1047
560854,968,1043
560855,964,1041
560856,963,1035
560857,965,1030
560858,964,1026
560859,959,1023
560860,955,1024
560861,949,1025
560862,944,1029
560863,948,1033
560864,955,1036
560865,954,1037
560866,952,1033
560867,946,1030
560868,943,1029
560869,946,1033
560870,948,1033
560871,949,1027
560872,944,1024
560873,938,1023
560874,938,1025
560875,941,1031
560876,945,1031
560877,946,1031
560878,944,1027
560879,945,1025
560880,946,1030
560881,949,1034
560882,953,1039
560883,953,1040
560884,951,1038
560885,946,1031
560886,946,1032
560887,948,1034
560888,951,1031
560889,950,1031
560890,948,1028
560891,947,1027
560892,949,1029
560893,952,1031
560894,953,1034
560895,953,1030
560896,950,1030
560897,951,1028
560898,951,1028
560899,956,1030
560900,959,1034
560901,957,1034
560902,957,1032
560903,956,1032
560904,953,1031
560905,955,1031
560906,957,1031
560907,960,1023
560908,957,1017
560909,955,1013
560910,959,1016
560911,960,1021
560912,961,1021
560913,960,1021
560914,957,1018
560915,954,1015
560916,953,1011
560917,958,1014
560918,965,1013
560919,964,1011
560920,961,1000
560921,957,1001
560922,956,1003
560923,960,1004
560924,966,1000
560925,968,995
560926,971,986
560927,968,986
560928,971,986
560929,972,989
560930,980,991
560931,976,991
560932,974,990
560933,968,990
560934,971,994
560935,975,996
560936,980,998
560937,979,996
560938,979,989
560939,981,991
560940,983,990
560941,989,992
560942,993,993
560943,991,991
560944,992,987
560945,986,985
560946,986,987
560947,995,991
560948,999,994
560949,998,995
560950,996,994
560951,994,997
560952,992,1001
560953,993,1005
560954,993,1008
560955,990,1007
560956,988,1008
560957,982,1008
560958,983,1013
560959,987,1017
560960,985,1024
560961,983,1026
560962,984,1025
560963,977,1026
560964,975,1032
560965,974,1033
560966,975,1037
560967,972,1033
560968,970,1029
560969,970,1026
560970,969,1027
560971,971,1026
560972,969,1029
560973,970,1029
560974,970,1027
560975,970,1031
560976,971,1037
560977,970,1039
560978,973,1040
560979,970,1041
560980,968,1037
560981,967,1035
560982,967,1031
560983,969,1033
560984,969,1032
560985,967,1031
560986,965,1028
560987,962,1030
560988,963,1034
560989,968,1035
560990,974,1032
560991,975,1028
560992,973,1027
560993,968,1026
560994,968,1029
560995,966,1031
560996,973,1029
560997,975,1023
560998,974,1017
560999,971,1016
561000,970,1019
561001,972,1024
561002,971,1024
561003,975,1025
561004,972,1022
561005,967,1022
561006,969,1024
561007,970,1026
561008,969,1031
561009,968,1029
561010,966,1029
561011,964,1025
561012,965,1027
561013,968,1025
561014,971,1025
561015,969,1023
561016,968,1023
561017,964,1025
561018,964,1030
561019,966,1031
561020,970,1034
561021,973,1032
561022,974,1033
561023,969,1034
561024,961,1036
561025,963,1034
561026,966,1030
561027,970,1023
561028,967,1019
561029,966,1018
561030,964,1019
561031,967,1026
561032,968,1028
561033,967,1027
561034,965,1023
561035,962,1026
561036,962,1028
561037,964,1031
561038,968,1031
561039,969,1029
561040,967,1028
561041,965,1028
561042,966,1033
561043,965,1033
561044,966,1035
561045,965,1034
561046,963,1033
561047,963,1030
561048,965,1034
561049,968,1037
561050,966,1039
561051,972,1035
561052,967,1030
561053,964,1029
561054,958,1030
561055,956,1035
561056,960,1038
561057,960,1038
561058,961,1036
561059,957,1037
561060,952,1037
561061,960,1041
561062,964,1040
561063,963,1034
561064,964,1032
561065,962,1031
561066,962,1037
561067,962,1039
561068,962,1034
561069,963,1031
561070,964,1027
561071,965,1024
561072,966,1024
561073,963,1025
561074,969,1026
561075,969,1026
561076,967,1026
561077,966,1024
561078,964,1029
561079,965,1033
561080,970,1034
561081,970,1031
561082,969,1026
561083,964,1025
561084,965,1029
561085,964,1031
561086,969,1033
561087,971,1031
561088,966,1031
561089,964,1032
561090,965,1034
561091,966,1034
561092,969,1034
561093,967,1034
561094,964,1031
561095,962,1036
561096,962,1038
561097,964,1038
561098,971,1036
561099,971,1032
561100,968,1027
561101,968,1028
561102,964,1028
561103,964,1029
561104,969,1033
561105,968,1032
561106,969,1031
561107,967,1030
561108,968,1028
561109,969,1030
561110,971,1031
561111,967,1031
561112,963,1025
561113,958,1025
561114,961,1027
561115,965,1031
561116,964,1033
561117,965,1031
561118,965,1028
561119,961,1029
561120,960,1033
561121,960,1038
561122,963,1042
561123,962,1042
561124,963,1039
561125,959,1040
561126,960,1046
561127,963,1051
561128,968,1047
561129,968,1036
561130,965,1029
561131,969,1022
561132,973,1022
561133,972,1026
561134,973,1027
561135,973,1030
561136,967,1028
561137,965,1026
561138,967,1025
561139,971,1026
561140,977,1028
561141,977,1024
561142,974,1023
561143,969,1022
561144,970,1024
561145,973,1028
561146,975,1028
561147,977,1022
561148,990,1017
561149,1004,1015
561150,1025,1014
561151,1048,1013
561152,1079,1008
561153,1112,997
561154,1151,981
561155,1191,968
561156,1237,962
561157,1283,965
561158,1314,976
561159,1317,995
561160,1284,1013
561161,1227,1023
561162,1165,1030
561163,1107,1040
561164,1055,1049
561165,1004,1055
561166,968,1064
561167,955,1072
561168,960,1071
561169,976,1059
561170,986,1041
561171,989,1025
561172,985,1018
561173,974,1016
561174,970,1019
561175,970,1024
561176,969,1027
561177,967,1028
561178,960,1024
561179,956,1024
561180,955,1025
561181,955,1029
561182,956,1028
561183,957,1030
561184,951,1029
561185,948,1029
561186,944,1033
561187,944,1032
561188,947,1034
561189,951,1030
561190,950,1030
561191,950,1029
561192,950,1031
561193,953,1033
561194,955,1036
561195,952,1036
561196,944,1039
561197,945,1040
561198,948,1043
561199,953,1041
561200,957,1037
561201,960,1032
561202,960,1028
561203,957,1029
561204,962,1029
561205,963,1031
561206,956,1036
561207,949,1039
561208,944,1036
561209,946,1038
561210,949,1039
561211,955,1040
561212,962,1036
561213,962,1031
561214,959,1024
561215,952,1020
561216,949,1020
561217,950,1022
561218,951,1020
561219,949,1018
561220,948,1017
561221,945,1016
561222,948,1017
561223,952,1019
561224,956,1022
561225,953,1023
561226,948,1018
561227,948,1021
561228,950,1022
561229,953,1022
561230,960,1023
561231,962,1019
561232,960,1017
561233,958,1017
561234,962,1018
561235,965,1021
561236,964,1023
561237,964,1019
561238,962,1015
561239,965,1014
561240,967,1014
561241,973,1016
561242,977,1014
561243,979,1011
561244,976,1005
561245,971,1005
561246,973,1011
561247,974,1012
561248,977,1013
561249,978,1008
561250,981,1006
561251,978,1003
561252,980,1005
561253,985,1004
561254,989,1006
561255,989,1005
561256,988,1001
561257,988,1000
561258,988,999
561259,997,1000
561260,1001,1000
561261,1002,996
561262,998,991
561263,992,992
561264,989,993
561265,993,997
561266,991,1002
561267,993,1001
561268,992,1000
561269,984,999
561270,988,1000
561271,993,1000
561272,996,1000
561273,993,999
561274,991,1000
561275,988,1002
561276,986,1006
561277,987,1012
561278,986,1013
561279,982,1017
561280,979,1016
561281,976,1016
561282,978,1021
561283,984,1023
561284,986,1027
561285,981,1027
561286,977,1026
561287,966,1028
561288,966,1030
561289,968,1035
561290,972,1033
561291,972,1032
561292,968,1032
561293,964,1030
561294,962,1031
561295,965,1031
561296,968,1031
561297,967,1029
561298,964,1030
561299,958,1027
561300,961,1028
561301,966,1031
561302,969,1034
561303,969,1030
561304,967,1026
561305,963,1025
561306,961,1024
561307,964,1026
561308,966,1028
561309,965,1027
561310,962,1026
561311,960,1027
561312,962,1029
561313,970,1032
561314,971,1032
561315,970,1027
561316,966,1024
561317,957,1022
561318,956,1028
561319,959,1030
561320,965,1031
561321,964,1031
561322,967,1033
561323,968,1033
561324,967,1029
561325,967,1033
561326,969,1033
561327,964,1032
561328,963,1028
561329,960,1026
561330,961,1023
561331,968,1027
561332,968,1033
561333,964,1037
561334,965,1036
561335,961,1027
561336,963,1018
561337,964,1018
561338,963,1017
561339,961,1018
561340,958,1020
561341,956,1020
561342,957,1027
561343,963,1030
561344,968,1030
561345,966,1027
561346,961,1020
561347,960,1022
561348,959,1024
561349,959,1028
561350,961,1030
561351,965,1029
561352,967,1025
561353,961,1026
561354,957,1030
561355,953,1030
561356,953,1035
561357,955,1036
561358,960,1033
561359,960,1032
561360,953,1030
561361,949,1033
561362,953,1034
561363,956,1035
561364,955,1033
561365,952,1036
561366,955,1038
561367,962,1042
561368,967,1039
561369,967,1036
561370,964,1028
561371,961,1025
561372,957,1028
561373,961,1031
561374,964,1031
561375,965,1028
561376,960,1027
561377,955,1028
561378,957,1030
561379,959,1029
561380,960,1028
561381,958,1026
561382,956,1022
561383,957,1022
561384,959,1024
561385,959,1026
561386,954,1026
561387,948,1025
561388,945,1026
561389,944,1027
561390,949,1031
561391,958,1033
561392,963,1035
561393,959,1032
561394,954,1027
561395,949,1027
561396,950,1027
561397,954,1031
561398,958,1032
561399,960,1035
561400,957,1032
561401,955,1032
561402,953,1035
561403,954,1037
561404,955,1040
561405,957,1041
561406,958,1042
561407,956,1042
561408,961,1042
561409,962,1038
561410,963,1032
561411,963,1024
561412,961,1021
561413,960,1019
561414,958,1023
561415,961,1024
561416,965,1027
561417,968,1024
561418,969,1023
561419,968,1027
561420,961,1030
561421,959,1037
561422,960,1035
561423,961,1032
561424,960,1026
561425,959,1020
561426,955,1020
561427,960,1027
561428,961,1030
561429,968,1031
561430,967,1033
561431,969,1034
561432,967,1031
561433,969,1026
561434,975,1020
561435,978,1011
561436,974,1002
561437,971,1003
561438,977,1005
561439,991,1007
561440,1011,1006
561441,1035,1002
561442,1062,991
561443,1089,978
561444,1126,967
561445,1170,964
561446,1217,968
561447,1266,981
561448,1295,1001
561449,1295,1026
561450,1266,1038
561451,1210,1044
561452,1147,1050
561453,1082,1062
561454,1020,1074
561455,964,1085
561456,938,1092
561457,937,1094
561458,951,1087
561459,960,1068
561460,965,1052
561461,965,1042
561462,967,1033
561463,969,1034
561464,972,1037
561465,968,1041
561466,964,1046
561467,957,1047
561468,953,1044
561469,953,1034
561470,955,1025
561471,957,1015
561472,955,1011
561473,952,1011
561474,952,1014
561475,954,1019
561476,957,1022
561477,955,1021
561478,954,1023
561479,952,1025
561480,951,1028
561481,952,1029
561482,948,1026
561483,948,1024
561484,947,1021
561485,948,1021
561486,948,1023
561487,952,1025
561488,954,1027
561489,957,1026
561490,952,1020
561491,951,1015
561492,947,1016
561493,950,1018
561494,947,1020
561495,939,1018
561496,937,1016
561497,939,1016
561498,942,1017
561499,948,1020
561500,952,1022
561501,952,1018
561502,951,1014
561503,951,1014
561504,952,1013
561505,953,1015
561506,954,1019
561507,954,1018
561508,955,1017
561509,953,1014
561510,952,1015
561511,954,1018
561512,957,1016
561513,961,1012
561514,961,1010
561515,958,1012
561516,958,1016
561517,964,1017
561518,966,1018
561519,971,1015
561520,971,1006
561521,976,997
561522,982,993
561523,991,988
561524,993,987
561525,983,984
561526,970,984
561527,960,981
561528,962,987
561529,970,988
561530,974,988
561531,975,984
561532,971,984
561533,978,978
561534,981,978
561535,983,981
561536,986,984
561537,984,979
561538,987,976
561539,986,975
561540,988,978
561541,990,983
561542,993,987
561543,991,984
561544,995,985
561545,996,982
561546,994,985
561547,989,985
561548,990,987
561549,995,988
561550,995,989
561551,996,983
561552,996,977
561553,1000,975
561554,1003,977
561555,1004,979
561556,1001,982
561557,1002,986
561558,1007,988
561559,1002,991
561560,999,994
561561,989,1001
561562,983,1005
561563,978,1008
561564,983,1009
561565,986,1011
561566,987,1014
561567,987,1011
561568,981,1013
561569,980,1015
561570,982,1021
561571,980,1023
561572,981,1027
561573,982,1031
561574,982,1030
561575,983,1028
561576,981,1030
561577,980,1032
561578,978,1035
561579,983,1034
561580,989,1030
561581,988,1022
561582,984,1018
561583,975,1020
561584,969,1023
561585,965,1027
561586,974,1025
561587,974,1022
561588,979,1024
561589,980,1028
561590,984,1027
561591,986,1024
561592,986,1025
561593,985,1022
561594,990,1024
561595,997,1028
561596,1003,1030
561597,1002,1030
561598,1005,1030
561599,1004,1033
561600,1010,1035
561601,1017,1038
561602,1026,1036
561603,1036,1026
561604,1053,1014
561605,1066,993
561606,1083,979
561607,1101,969
561608,1115,956
561609,1132,939
561610,1150,920
561611,1166,901
561612,1188,880
561613,1212,859
561614,1232,843
561615,1248,832
561616,1262,820
561617,1270,809
561618,1276,807
561619,1275,812
561620,1279,818
561621,1285,819
561622,1284,818
561623,1274,820
561624,1260,825
561625,1239,835
561626,1222,845
561627,1200,844
561628,1175,847
561629,1149,856
561630,1129,870
561631,1117,883
561632,1106,897
561633,1097,906
561634,1086,917
561635,1081,930
561636,1077,939
561637,1070,952
561638,1072,960
561639,1071,964
561640,1077,970
561641,1084,974
561642,1095,975
561643,1099,977
561644,1078,980
561645,1041,984
561646,992,993
561647,954,1004
561648,933,1022
561649,929,1039
561650,929,1053
561651,925,1059
561652,918,1063
561653,910,1064
561654,904,1067
561655,903,1071
561656,900,1076
561657,899,1076
561658,897,1076
561659,895,1078
561660,890,1082
561661,883,1084
561662,884,1086
561663,883,1086
561664,879,1086
561665,879,1089
561666,875,1091
561667,880,1098
561668,882,1098
561669,878,1098
561670,872,1096
561671,866,1099
561672,862,1102
561673,862,1105
561674,864,1108
561675,862,1107
561676,867,1109
561677,860,1108
561678,858,1113
561679,859,1118
561680,860,1123
561681,854,1124
561682,848,1120
561683,846,1123
561684,842,1126
561685,844,1129
561686,848,1131
561687,843,1134
561688,838,1136
561689,834,1136
561690,826,1143
561691,830,1147
561692,834,1148
561693,833,1152
561694,830,1153
561695,829,1156
561696,830,1160
561697,835,1163
561698,837,1164
561699,838,1161
561700,837,1161
561701,834,1162
561702,836,1162
561703,842,1166
561704,847,1166
561705,845,1165
561706,847,1160
561707,844,1160
561708,849,1162
561709,856,1162
561710,862,1159
561711,866,1154
561712,861,1149
561713,862,1150
561714,869,1148
561715,880,1146
561716,888,1144
561717,890,1137
561718,892,1129
561719,895,1126
561720,899,1122
561721,906,1121
561722,913,1114
561723,915,1108
561724,918,1101
561725,915,1096
561726,918,1091
561727,923,1086
561728,927,1080
561729,930,1075
561730,929,1065
561731,933,1063
561732,937,1059
561733,943,1058
561734,949,1055
561735,949,1054
561736,949,1048
561737,947,1044
561738,952,1044
561739,957,1044
561740,961,1042
561741,959,1040
561742,960,1038
561743,958,1036
561744,959,1037
561745,962,1037
561746,967,1035
561747,965,1037
561748,965,1028
561749,963,1028
561750,964,1030
561751,969,1031
561752,974,1035
561753,976,1029
561754,969,1029
561755,965,1027
561756,964,1029
561757,966,1034
561758,968,1035
561759,970,1032
561760,969,1032
561761,968,1030
561762,965,1030
561763,966,1033
561764,968,1034
561765,966,1032
561766,963,1031
561767,958,1030
561768,958,1029
561769,965,1032
561770,971,1031
561771,970,1025
561772,966,1021
561773,964,1021
561774,963,1024
561775,964,1023
561776,968,1025
561777,968,1021
561778,966,1019
561779,968,1018
561780,967,1022
561781,969,1022
561782,971,1024
561783,967,1022
561784,963,1021
561785,963,1020
561786,959,1023
561787,963,1025
561788,970,1025
561789,975,1026
561790,975,1020
561791,970,1021
561792,969,1026
561793,970,1029
561794,974,1029
561795,974,1029
561796,969,1028
561797,967,1025
561798,967,1028
561799,971,1029
561800,973,1028
561801,969,1029
561802,966,1025
561803,963,1025
561804,964,1025
561805,967,1030
561806,971,1031
561807,973,1030
561808,971,1027
561809,967,1027
561810,968,1028
561811,967,1033
561812,971,1034
561813,968,1033
561814,963,1031
561815,967,1031
561816,968,1027
561817,972,1024
561818,975,1023
561819,975,1020
561820,973,1019
561821,971,1017
561822,968,1020
561823,976,1020
561824,974,1023
561825,978,1023
561826,977,1021
561827,973,1019
561828,971,1023
561829,974,1027
561830,976,1030
561831,972,1027
561832,970,1025
561833,970,1025
561834,974,1030
561835,979,1032
561836,981,1032
561837,982,1032
561838,980,1029
561839,976,1030
561840,972,1031
561841,975,1033
561842,978,1036
561843,980,1032
561844,978,1029
561845,973,1027
561846,976,1029
561847,982,1031
561848,985,1036
561849,982,1033
561850,976,1029
561851,974,1026
561852,976,1030
561853,981,1030
561854,983,1031
561855,982,1026
561856,977,1023
561857,977,1024
561858,979,1024
561859,981,1025
561860,983,1026
561861,987,1025
561862,983,1022
561863,980,1024
561864,977,1025
561865,977,1027
561866,977,1026
561867,974,1024
561868,973,1017
561869,974,1019
561870,976,1021
561871,979,1022
561872,979,1024
561873,978,1024
561874,977,1023
561875,974,1023
561876,975,1025
561877,981,1030
561878,985,1031
561879,981,1028
561880,978,1026
561881,977,1026
561882,976,1030
561883,979,1032
561884,985,1031
561885,983,1031
561886,981,1029
561887,983,1028
561888,982,1030
561889,983,1031
561890,988,1033
561891,987,1032
561892,986,1029
561893,985,1028
561894,985,1028
561895,987,1031
561896,992,1031
561897,992,1031
561898,991,1029
561899,988,1027
561900,990,1025
561901,992,1020
561902,1002,1015
561903,1010,1011
561904,1021,1001
561905,1032,999
561906,1053,998
561907,1085,995
561908,1123,989
561909,1165,976
561910,1208,966
561911,1253,963
561912,1301,967
561913,1337,982
561914,1351,1000
561915,1330,1008
561916,1272,1010
561917,1199,1011
561918,1131,1028
561919,1071,1046
561920,1018,1055
561921,981,1059
561922,972,1056
561923,979,1045
561924,993,1037
561925,1004,1033
561926,1006,1027
561927,998,1024
561928,989,1023
561929,980,1022
561930,976,1025
561931,975,1027
561932,975,1027
561933,972,1027
561934,969,1023
561935,971,1025
561936,968,1026
561937,967,1029
561938,969,1028
561939,965,1026
561940,967,1023
561941,965,1022
561942,962,1021
561943,963,1023
561944,964,1026
561945,968,1024
561946,971,1021
561947,970,1020
561948,971,1021
561949,968,1023
561950,971,1025
561951,968,1023
561952,968,1023
561953,967,1022
561954,967,1023
561955,967,1028
561956,973,1027
561957,974,1027
561958,972,1026
561959,968,1024
561960,969,1026
561961,967,1029
561962,970,1030
561963,970,1030
561964,969,1028
561965,969,1024
561966,969,1028
561967,970,1033
561968,974,1032
561969,977,1031
561970,975,1027
561971,970,1024
561972,971,1026
561973,977,1029
561974,980,1028
561975,978,1024
561976,975,1020
561977,970,1018
561978,970,1021
561979,970,1020
561980,976,1017
561981,979,1017
561982,977,1012
561983,975,1010
561984,975,1011
561985,981,1009
561986,981,1009
561987,982,1005
561988,983,999
561989,984,999
561990,985,999
561991,991,1001
561992,997,1001
561993,1000,995
561994,998,995
561995,996,994
561996,994,994
561997,996,997
561998,1000,994
561999,1001,993
562000,1001,993
562001,1001,990
562002,1003,992
562003,1007,992
562004,1012,994
562005,1008,991
562006,1008,988
562007,1007,986
562008,1009,990
562009,1012,992
562010,1016,992
562011,1019,990
562012,1018,987
562013,1015,988
562014,1016,989
562015,1021,992
562016,1028,993
562017,1028,992
562018,1026,990
562019,1023,994
562020,1023,997
562021,1024,1002
562022,1029,1003
562023,1030,1004
562024,1028,1000
562025,1022,1001
562026,1020,1004
562027,1020,1007
562028,1020,1012
562029,1019,1012
562030,1013,1011
562031,1010,1012
562032,1006,1017
562033,1008,1021
562034,1010,1021
562035,1004,1023
562036,1001,1022
562037,1000,1022
562038,1000,1024
562039,1002,1031
562040,1000,1032
562041,1003,1029
562042,997,1025
562043,999,1026
562044,998,1029
562045,995,1030
562046,996,1032
562047,998,1030
562048,995,1029
562049,992,1026
562050,995,1028
562051,995,1031
562052,997,1034
562053,993,1031
562054,991,1028
562055,983,1028
562056,987,1031
562057,992,1032
562058,997,1032
562059,998,1029
562060,995,1026
562061,995,1025
562062,995,1028
562063,996,1029
562064,1000,1029
562065,999,1026
562066,995,1022
562067,994,1021
562068,990,1023
562069,993,1027
562070,999,1024
562071,997,1021
562072,992,1019
562073,990,1018
562074,992,1021
562075,995,1019
562076,994,1022
562077,991,1022
562078,991,1019
562079,986,1020
562080,989,1019
562081,992,1021
562082,996,1022
562083,996,1022
562084,992,1019
562085,990,1022
562086,991,1023
562087,991,1026
562088,992,1029
562089,990,1028
562090,985,1024
562091,985,1021
562092,986,1022
562093,992,1024
562094,997,1023
562095,993,1024
562096,992,1022
562097,987,1021
562098,989,1021
562099,990,1026
562100,988,1026
562101,986,1025
562102,984,1022
562103,983,1023
562104,985,1025
562105,991,1029
562106,993,1031
562107,992,1027
562108,986,1023
562109,985,1021
562110,990,1024
562111,991,1028
562112,991,1026
562113,992,1026
562114,990,1024
562115,984,1023
562116,982,1027
562117,987,1030
562118,990,1032
562119,989,1027
562120,984,1027
562121,983,1027
562122,980,1031
562123,982,1033
562124,983,1032
562125,984,1027
562126,978,1023
562127,974,1025
562128,976,1026
562129,982,1030
562130,988,1029
562131,988,1027
562132,984,1024
562133,980,1023
562134,980,1025
562135,981,1031
562136,982,1028
562137,983,1031
562138,982,1029
562139,980,1026
562140,978,1027
562141,979,1029
562142,980,1033
562143,979,1029
562144,979,1025
562145,978,1023
562146,979,1028
562147,983,1027
562148,986,1029
562149,981,1030
562150,979,1027
562151,977,1027
562152,978,1027
562153,979,1030
562154,984,1031
562155,982,1030
562156,979,1026
562157,975,1029
562158,978,1030
562159,980,1032
562160,985,1034
562161,983,1030
562162,981,1027
562163,980,1028
562164,981,1030
562165,984,1029
562166,985,1033
562167,988,1031
562168,984,1028
562169,979,1026
562170,979,1027
562171,985,1031
562172,989,1033
562173,987,1032
562174,981,1030
562175,979,1027
562176,977,1030
562177,979,1033
562178,986,1033
562179,983,1033
562180,979,1029
562181,975,1028
562182,977,1031
562183,981,1033
562184,983,1031
562185,983,1029
562186,977,1028
562187,977,1028
562188,975,1029
562189,979,1031
562190,980,1029
562191,979,1028
562192,975,1028
562193,973,1027
562194,977,1030
562195,977,1032
562196,986,1033
562197,983,1030
562198,979,1028
562199,977,1023
562200,978,1027
562201,981,1032
562202,987,1031
562203,983,1026
562204,979,1022
562205,974,1023
562206,976,1029
562207,981,1030
562208,982,1032
562209,982,1030
562210,983,1027
562211,979,1026
562212,977,1029
562213,981,1030
562214,983,1032
562215,983,1031
562216,981,1026
562217,976,1024
562218,978,1026
562219,982,1030
562220,986,1030
562221,984,1029
562222,984,1025
562223,984,1025
562224,986,1027
562225,985,1029
562226,986,1029
562227,982,1028
562228,981,1026
562229,981,1024
562230,982,1028
562231,985,1031
562232,984,1032
562233,982,1031
562234,975,1027
562235,977,1027
562236,976,1030
562237,978,1030
562238,981,1030
562239,979,1028
562240,977,1025
562241,975,1024
562242,981,1026
562243,983,1029
562244,987,1029
562245,984,1029
562246,982,1025
562247,979,1024
562248,979,1024
562249,982,1026
562250,990,1026
562251,988,1023
562252,983,1019
562253,978,1021
562254,979,1023
562255,983,1025
562256,985,1023
562257,984,1023
562258,982,1019
562259,976,1017
562260,978,1021
562261,977,1024
562262,981,1022
562263,981,1024
562264,980,1022
562265,979,1021
562266,981,1024
562267,983,1027
562268,983,1028
562269,984,1026
562270,981,1026
562271,979,1024
562272,978,1026
562273,977,1027
562274,975,1028
562275,975,1026
562276,976,1022
562277,974,1022
562278,975,1024
562279,979,1026
562280,983,1026
562281,985,1027
562282,981,1023
562283,983,1024
562284,982,1024
562285,983,1029
562286,983,1031
562287,980,1028
562288,978,1026
562289,977,1023
562290,977,1024
562291,982,1024
562292,985,1024
562293,986,1022
562294,978,1019
562295,976,1019
562296,978,1023
562297,986,1023
562298,987,1024
562299,989,1022
562300,988,1018
562301,983,1017
562302,983,1019
562303,984,1023
562304,986,1022
562305,985,1022
562306,982,1019
562307,978,1020
562308,978,1021
562309,982,1023
562310,985,1026
562311,987,1022
562312,986,1019
562313,982,1019
562314,983,1020
562315,982,1022
562316,984,1023
562317,985,1020
562318,986,1019
562319,986,1017
562320,988,1020
562321,985,1023
562322,988,1022
562323,987,1023
562324,985,1019
562325,978,1021
562326,982,1021
562327,987,1025
562328,989,1025
562329,987,1024
562330,986,1022
562331,985,1022
562332,986,1024
562333,993,1022
562334,999,1019
562335,1006,1010
562336,1013,1007
562337,1030,1003
562338,1055,1000
562339,1086,999
562340,1122,988
562341,1161,976
562342,1201,963
562343,1239,956
562344,1293,958
562345,1338,963
562346,1360,976
562347,1344,986
562348,1291,990
562349,1222,994
562350,1160,1004
562351,1101,1017
562352,1050,1023
562353,999,1029
562354,978,1027
562355,981,1026
562356,993,1022
562357,1001,1018
562358,1003,1018
562359,994,1016
562360,989,1016
562361,985,1016
562362,983,1019
562363,981,1023
562364,980,1024
562365,976,1023
562366,974,1022
562367,970,1021
562368,967,1024
562369,968,1026
562370,969,1026
562371,967,1026
562372,962,1021
562373,957,1023
562374,958,1024
562375,960,1027
562376,965,1028
562377,964,1027
562378,963,1023
562379,962,1022
562380,960,1026
562381,961,1026
562382,958,1027
562383,957,1027
562384,954,1024
562385,955,1024
562386,956,1025
562387,959,1028
562388,963,1027
562389,963,1025
562390,955,1023
562391,953,1023
562392,953,1024
562393,956,1031
562394,961,1029
562395,961,1026
562396,962,1025
562397,960,1026
562398,960,1028
562399,965,1031
562400,967,1031
562401,962,1025
562402,961,1024
562403,958,1023
562404,959,1023
562405,961,1028
562406,964,1028
562407,968,1027
562408,967,1025
562409,963,1025
562410,966,1028
562411,967,1031
562412,974,1029
562413,971,1029
562414,970,1024
562415,970,1024
562416,971,1024
562417,972,1026
562418,980,1024
562419,980,1021
562420,976,1015
562421,975,1015
562422,976,1017
562423,978,1021
562424,981,1017
562425,982,1014
562426,984,1006
562427,982,1005
562428,985,1004
562429,987,1006
562430,987,1008
562431,989,1006
562432,990,1002
562433,988,1001
562434,990,998
562435,992,1002
562436,996,1005
562437,995,1001
562438,994,996
562439,990,998
562440,993,999
562441,998,1001
562442,1001,999
562443,1003,996
562444,1000,993
562445,997,994
562446,999,997
562447,1000,1002
562448,1007,999
562449,1007,999
562450,1006,997
562451,1002,997
562452,1004,998
562453,1006,1001
562454,1009,1002
562455,1009,1002
562456,1007,1000
562457,1007,1000
562458,1007,1003
562459,1009,1009
562460,1012,1009
562461,1009,1012
562462,1009,1011
562463,1006,1010
562464,1005,1013
562465,1008,1020
562466,1008,1022
562467,1004,1021
562468,1000,1022
562469,996,1022
562470,994,1025
562471,996,1030
562472,998,1029
562473,994,1028
562474,992,1026
562475,986,1026
562476,985,1029
562477,987,1029
562478,989,1033
562479,989,1028
562480,983,1025
562481,976,1025
562482,979,1027
562483,983,1029
562484,981,1030
562485,983,1028
562486,981,1026
562487,978,1024
562488,979,1030
562489,980,1031
562490,982,1030
562491,981,1031
562492,980,1027
562493,978,1028
562494,982,1033
562495,984,1035
562496,984,1035
562497,984,1030
562498,985,1028
562499,980,1026
562500,981,1028
562501,982,1030
562502,985,1030
562503,984,1028
562504,980,1022
562505,976,1022
562506,981,1025
562507,981,1026
562508,984,1028
562509,983,1025
562510,981,1024
562511,980,1023
562512,978,1026
562513,976,1027
562514,981,1029
562515,983,1022
562516,981,1020
562517,977,1023
562518,979,1026
562519,983,1029
562520,986,1027
562521,984,1027
562522,983,1024
562523,980,1023
562524,982,1028
562525,986,1029
562526,987,1029
562527,986,1026
562528,981,1023
562529,977,1023
562530,979,1025
562531,981,1030
562532,986,1030
562533,986,1030
562534,982,1025
562535,980,1025
562536,978,1026
562537,986,1029
562538,986,1028
562539,986,1029
562540,982,1024
562541,979,1025
562542,976,1025
562543,980,1029
562544,982,1030
562545,980,1029
562546,979,1025
562547,977,1027
562548,974,1029
562549,981,1032
562550,980,1032
562551,983,1030
562552,977,1028
562553,977,1029
562554,977,1027
562555,978,1034
562556,978,1033
562557,979,1031
562558,977,1031
562559,976,1031
562560,976,1031
562561,976,1035
562562,978,1035
562563,977,1032
562564,973,1027
562565,971,1028
562566,970,1030
562567,973,1034
562568,977,1035
562569,976,1032
562570,972,1030
562571,972,1030
562572,973,1030
562573,975,1035
562574,978,1033
562575,980,1034
562576,978,1030
562577,977,1028
562578,977,1031
562579,980,1035
562580,983,1032
562581,983,1027
562582,985,1022
562583,989,1018
562584,998,1018
562585,1014,1017
562586,1031,1015
562587,1051,1014
562588,1080,1008
562589,1116,997
562590,1165,986
562591,1215,979
562592,1273,976
562593,1323,982
562594,1347,996
562595,1337,1012
562596,1294,1021
562597,1225,1022
562598,1145,1036
562599,1065,1050
562600,997,1066
562601,958,1075
562602,951,1078
562603,964,1072
562604,977,1055
562605,983,1040
562606,986,1031
562607,982,1028
562608,978,1031
562609,975,1030
562610,973,1031
562611,970,1029
562612,962,1028
562613,957,1029
562614,956,1029
562615,960,1035
562616,964,1035
562617,961,1034
562618,958,1032
562619,957,1032
562620,955,1034
562621,956,1037
562622,957,1036
562623,958,1037
562624,952,1032
562625,950,1035
562626,955,1036
562627,957,1038
562628,958,1038
562629,958,1035
562630,952,1032
562631,951,1030
562632,950,1033
562633,956,1037
562634,955,1039
562635,961,1041
562636,956,1035
562637,953,1032
562638,956,1033
562639,958,1033
562640,965,1031
562641,964,1028
562642,957,1026
562643,957,1024
562644,956,1027
562645,961,1029
562646,959,1027
562647,960,1025
562648,958,1023
562649,958,1022
562650,959,1023
562651,962,1028
562652,967,1026
562653,965,1026
562654,962,1020
562655,959,1018
562656,959,1020
562657,961,1023
562658,963,1019
562659,967,1017
562660,966,1015
562661,964,1013
562662,967,1015
562663,969,1018
562664,972,1016
562665,974,1009
562666,971,1009
562667,969,1006
562668,970,1008
562669,977,1009
562670,978,1009
562671,980,1005
562672,981,997
562673,980,998
562674,981,1001
562675,986,1000
562676,991,999
562677,991,999
562678,985,994
562679,984,991
562680,985,993
562681,989,993
562682,992,994
562683,997,993
562684,996,989
562685,993,991
562686,995,992
562687,996,993
562688,1001,991
562689,1002,988
562690,999,984
562691,998,985
562692,1001,985
562693,1000,990
562694,1004,988
562695,1002,988
562696,1000,985
562697,999,988
562698,998,996
562699,1001,998
562700,997,1001
562701,996,999
562702,993,997
562703,990,1001
562704,991,1006
562705,990,1011
562706,990,1014
562707,987,1013
562708,980,1014
562709,976,1016
562710,976,1019
562711,977,1025
562712,978,1026
562713,976,1026
562714,972,1023
562715,969,1027
562716,969,1029
562717,971,1034
562718,972,1033
562719,970,1030
562720,964,1030
562721,966,1031
562722,966,1035
562723,971,1038
562724,974,1038
562725,973,1041
562726,964,1039
562727,965,1039
562728,965,1040
562729,973,1043
562730,977,1043
562731,978,1042
562732,972,1040
562733,971,1045
562734,970,1048
562735,973,1047
562736,974,1046
562737,972,1044
562738,971,1044
562739,972,1047
562740,973,1047
562741,975,1048
562742,978,1047
562743,975,1044
562744,975,1041
562745,970,1040
562746,972,1039
562747,974,1042
562748,978,1041
562749,976,1043
562750,973,1040
562751,971,1034
562752,970,1035
562753,972,1038
562754,974,1036
562755,972,1032
562756,967,1026
562757,966,1024
562758,961,1030
562759,963,1033
562760,969,1033
562761,965,1034
562762,961,1032
562763,963,1034
562764,962,1037
562765,963,1041
562766,967,1039
562767,967,1036
562768,964,1031
562769,962,1033
562770,963,1036
562771,963,1038
562772,965,1036
562773,967,1036
562774,966,1035
562775,963,1039
562776,964,1039
562777,966,1039
562778,970,1038
562779,969,1033
562780,967,1033
562781,963,1034
562782,960,1037
562783,964,1042
562784,967,1043
562785,968,1043
562786,967,1039
562787,965,1039
562788,966,1041
562789,965,1042
562790,969,1039
562791,967,1038
562792,965,1037
562793,964,1042
562794,963,1048
562795,964,1051
562796,966,1052
562797,966,1046
562798,963,1041
562799,961,1040
562800,965,1042
562801,970,1043
562802,967,1042
562803,967,1039
562804,962,1033
562805,958,1033
562806,958,1033
562807,962,1036
562808,966,1036
562809,964,1033
562810,963,1031
562811,958,1035
562812,962,1037
562813,963,1041
562814,967,1040
562815,966,1038
562816,966,1035
562817,962,1037
562818,963,1037
562819,966,1036
562820,977,1035
562821,981,1027
562822,993,1024
562823,1003,1020
562824,1021,1022
562825,1044,1019
562826,1076,1014
562827,1108,1003
562828,1144,989
562829,1186,981
562830,1234,983
562831,1283,988
562832,1316,1003
562833,1323,1020
562834,1302,1033
562835,1251,1035
562836,1188,1037
562837,1122,1047
562838,1057,1061
562839,996,1075
562840,953,1081
562841,939,1086
562842,946,1088
562843,958,1085
562844,972,1071
562845,974,1059
562846,973,1048
562847,969,1040
562848,966,1039
562849,966,1039
562850,963,1038
562851,958,1037
562852,949,1034
562853,948,1038
562854,947,1038
562855,948,1037
562856,948,1039
562857,947,1035
562858,941,1033
562859,936,1033
562860,939,1035
562861,940,1038
562862,942,1038
562863,942,1038
562864,941,1039
562865,940,1036
562866,944,1039
562867,942,1040
562868,944,1041
562869,943,1037
562870,941,1037
562871,936,1037
562872,938,1040
562873,944,1041
562874,947,1041
562875,946,1037
562876,943,1037
562877,938,1036
562878,941,1040
562879,940,1038
562880,943,1042
562881,945,1042
562882,944,1041
562883,940,1037
562884,944,1041
562885,944,1044
562886,946,1047
562887,942,1044
562888,939,1039
562889,938,1036
562890,938,1040
562891,939,1044
562892,940,1040
562893,939,1037
562894,939,1034
562895,938,1031
562896,941,1029
562897,944,1031
562898,945,1029
562899,943,1025
562900,942,1022
562901,939,1020
562902,940,1021
562903,946,1026
562904,950,1024
562905,952,1022
562906,949,1016
562907,947,1015
562908,948,1016
562909,951,1014
562910,953,1012
562911,956,1012
562912,953,1006
562913,951,1006
562914,953,1005
562915,955,1010
562916,955,1011
562917,958,1008
562918,955,1003
562919,957,999
562920,960,1000
562921,959,1000
562922,961,998
562923,966,999
562924,963,994
562925,963,996
562926,966,997
562927,969,1004
562928,974,1006
562929,974,1003
562930,971,999
562931,968,999
562932,972,1001
562933,973,1004
562934,979,1000
562935,976,1001
562936,972,999
562937,975,1004
562938,974,1008
562939,979,1008
562940,985,1003
562941,984,1000
562942,981,998
562943,978,1001
562944,981,1004
562945,980,1007
562946,983,1011
562947,984,1012
562948,978,1011
562949,978,1014
562950,975,1019
562951,977,1023
562952,979,1024
562953,981,1023
562954,975,1022
562955,972,1021
562956,970,1025
562957,968,1030
562958,968,1032
562959,965,1031
562960,962,1030
562961,955,1029
562962,957,1034
562963,960,1040
562964,962,1042
562965,963,1037
562966,960,1036
562967,954,1035
562968,956,1036
562969,955,1040
562970,960,1041
562971,957,1038
562972,951,1033
562973,949,1035
562974,951,1038
562975,954,1040
562976,955,1044
562977,957,1041
562978,955,1040
562979,955,1042
562980,957,1045
562981,957,1046
562982,959,1047
562983,960,1044
562984,953,1043
562985,952,1043
562986,955,1047
562987,957,1048
562988,961,1047
562989,959,1046
562990,957,1041
562991,950,1041
562992,953,1042
562993,958,1046
562994,957,1046
562995,958,1047
562996,956,1045
562997,952,1048
562998,954,1050
562999,955,1055
563000,954,1059
563001,954,1058
563002,953,1051
563003,952,1043
563004,950,1038
563005,958,1035
563006,961,1035
563007,957,1034
563008,956,1031
563009,951,1032
563010,955,1034
563011,960,1035
563012,962,1035
563013,961,1033
563014,955,1030
563015,954,1031
563016,954,1035
563017,955,1040
563018,959,1041
563019,956,1039
563020,956,1038
563021,954,1038
563022,952,1038
563023,957,1038
563024,960,1042
563025,960,1042
563026,955,1039
563027,952,1040
563028,952,1044
563029,956,1048
563030,957,1046
563031,954,1044
563032,953,1043
563033,953,1044
563034,952,1045
563035,955,1045
563036,958,1048
563037,957,1045
563038,952,1045
563039,950,1043
563040,952,1049
563041,955,1052
563042,956,1054
563043,953,1054
563044,951,1048
563045,950,1047
563046,949,1046
563047,952,1051
563048,955,1049
563049,956,1047
563050,951,1043
563051,950,1046
563052,952,1044
563053,953,1049
563054,956,1049
563055,953,1048
563056,954,1048
563057,949,1043
563058,949,1046
563059,954,1047
563060,956,1044
563061,951,1043
563062,949,1039
563063,948,1039
563064,947,1038
563065,952,1039
563066,953,1039
563067,953,1037
563068,952,1039
563069,949,1040
563070,951,1044
563071,950,1046
563072,952,1047
563073,952,1045
563074,951,1044
563075,951,1044
563076,950,1046
563077,955,1052
563078,955,1054
563079,954,1051
563080,951,1047
563081,950,1045
563082,951,1043
563083,954,1045
563084,959,1043
563085,956,1042
563086,952,1038
563087,953,1037
563088,955,1041
563089,956,1041
563090,957,1042
563091,958,1041
563092,954,1037
563093,952,1036
563094,957,1041
563095,964,1045
563096,962,1042
563097,957,1041
563098,955,1037
563099,954,1037
563100,951,1042
563101,952,1043
563102,957,1044
563103,956,1044
563104,954,1042
563105,951,1043
563106,953,1048
563107,959,1051
563108,959,1050
563109,959,1046
563110,955,1041
563111,953,1044
563112,955,1046
563113,956,1047
563114,959,1048
563115,959,1045
563116,961,1043
563117,956,1042
563118,958,1048
563119,959,1053
563120,958,1058
563121,954,1056
563122,954,1049
563123,955,1047
563124,958,1048
563125,964,1050
563126,968,1048
563127,969,1044
563128,966,1039
563129,964,1034
563130,963,1034
563131,974,1033
563132,981,1033
563133,990,1031
563134,1006,1026
563135,1025,1023
563136,1049,1019
563137,1081,1011
563138,1118,995
563139,1154,982
563140,1189,969
563141,1224,968
563142,1263,980
563143,1291,999
563144,1295,1023
563145,1264,1036
563146,1208,1036
563147,1142,1045
563148,1085,1058
563149,1031,1074
563150,991,1083
563151,959,1088
563152,954,1086
563153,957,1085
563154,968,1075
563155,979,1065
563156,985,1050
563157,981,1042
563158,974,1040
563159,964,1039
563160,962,1038
563161,961,1038
563162,958,1039
563163,958,1037
563164,951,1037
563165,940,1038
563166,943,1040
563167,948,1045
563168,947,1046
563169,946,1044
563170,941,1041
563171,937,1038
563172,942,1043
563173,942,1043
563174,944,1044
563175,943,1042
563176,941,1039
563177,939,1039
563178,939,1041
563179,939,1043
563180,943,1046
563181,941,1043
563182,939,1040
563183,936,1041
563184,935,1046
563185,938,1047
563186,943,1047
563187,943,1045
563188,941,1041
563189,939,1043
563190,939,1044
563191,942,1046
563192,946,1046
563193,945,1044
563194,941,1042
563195,940,1045
563196,942,1050
563197,945,1051
563198,948,1052
563199,949,1048
563200,947,1043
563201,945,1037
563202,945,1035
563203,949,1039
563204,954,1040
563205,952,1037
563206,948,1033
563207,947,1033
563208,950,1039
563209,953,1038
563210,955,1036
563211,956,1031
563212,952,1028
563213,951,1025
563214,949,1026
563215,954,1028
563216,957,1027
563217,955,1024
563218,953,1020
563219,955,1021
563220,954,1020
563221,956,1024
563222,962,1021
563223,961,1018
563224,961,1016
563225,960,1015
563226,959,1015
563227,966,1018
563228,968,1015
563229,970,1011
563230,968,1008
563231,965,1008
563232,966,1012
563233,969,1018
563234,971,1020
563235,970,1017
563236,969,1013
563237,967,1013
563238,972,1011
563239,974,1013
563240,976,1012
563241,978,1011
563242,975,1009
563243,974,1009
563244,974,1011
563245,978,1013
563246,983,1010
563247,985,1006
563248,984,1003
563249,983,1004
563250,984,1006
563251,985,1009
563252,991,1011
563253,991,1009
563254,989,1009
563255,988,1011
563256,986,1017
563257,986,1021
563258,992,1024
563259,991,1023
563260,987,1021
563261,983,1023
563262,983,1027
563263,987,1032
563264,988,1032
563265,986,1034
563266,984,1032
563267,981,1034
563268,980,1039
563269,981,1042
563270,981,1041
563271,976,1041
563272,972,1038
563273,970,1041
563274,966,1041
563275,970,1044
563276,972,1043
563277,970,1038
563278,968,1034
563279,967,1033
563280,968,1036
563281,971,1038
563282,969,1038
563283,965,1039
563284,962,1039
563285,959,1037
563286,961,1039
563287,964,1041
563288,967,1042
563289,966,1046
563290,964,1045
563291,959,1044
563292,963,1045
563293,965,1047
563294,968,1045
563295,968,1040
563296,964,1037
563297,965,1041
563298,963,1046
563299,967,1043
563300,971,1042
563301,967,1039
563302,963,1038
563303,961,1039
563304,964,1044
563305,969,1045
563306,971,1044
563307,967,1041
563308,965,1043
563309,963,1042
563310,962,1044
563311,964,1048
563312,968,1049
563313,967,1047
563314,963,1043
563315,963,1040
563316,966,1042
563317,970,1039
563318,974,1038
563319,972,1034
563320,969,1033
563321,965,1032
563322,962,1036
563323,964,1041
563324,967,1039
563325,970,1037
563326,970,1038
563327,968,1039
563328,969,1041
563329,967,1043
563330,967,1046
563331,967,1042
563332,964,1043
563333,965,1044
563334,967,1044
563335,970,1050
563336,972,1052
563337,969,1050
563338,966,1045
563339,966,1045
563340,966,1044
563341,966,1046
563342,967,1046
563343,966,1045
563344,961,1044
563345,963,1044
563346,963,1044
563347,966,1051
563348,969,1048
563349,966,1047
563350,965,1046
563351,963,1047
563352,964,1050
563353,966,1051
563354,966,1049
563355,968,1050
563356,967,1046
563357,966,1047
563358,967,1048
563359,971,1050
563360,975,1050
563361,971,1047
563362,964,1044
563363,960,1047
563364,959,1046
563365,967,1048
563366,967,1050
563367,964,1047
563368,961,1046
563369,963,1047
563370,961,1050
563371,964,1052
563372,967,1050
563373,966,1044
563374,961,1041
563375,959,1038
563376,959,1041
563377,962,1045
563378,961,1042
563379,965,1039
563380,960,1040
563381,957,1041
563382,956,1043
563383,962,1046
563384,964,1047
563385,963,1047
563386,961,1045
563387,954,1047
563388,961,1051
563389,963,1051
563390,965,1047
563391,962,1042
563392,960,1041
563393,958,1039
563394,961,1044
563395,962,1048
563396,967,1049
563397,966,1049
563398,964,1043
563399,964,1045
563400,964,1047
563401,967,1051
563402,970,1050
563403,967,1048
563404,967,1044
563405,963,1045
563406,968,1046
563407,972,1048
563408,972,1048
563409,970,1048
563410,968,1045
563411,965,1045
563412,967,1045
563413,969,1046
563414,972,1045
563415,969,1041
563416,964,1040
563417,963,1039
563418,965,1043
563419,969,1047
563420,970,1045
563421,968,1041
563422,967,1038
563423,966,1037
563424,967,1039
563425,970,1041
563426,973,1041
563427,971,1039
563428,968,1040
563429,967,1040
563430,969,1043
563431,972,1045
563432,972,1042
563433,974,1039
563434,969,1036
563435,968,1036
563436,971,1039
563437,967,1042
563438,971,1040
563439,974,1039
563440,973,1040
563441,968,1043
563442,965,1048
563443,971,1051
563444,972,1048
563445,970,1043
563446,970,1041
563447,967,1040
563448,967,1046
563449,971,1050
563450,972,1050
563451,973,1048
563452,971,1044
563453,972,1048
563454,972,1050
563455,971,1053
563456,970,1056
563457,970,1057
563458,965,1052
563459,965,1049
563460,966,1048
563461,970,1048
563462,972,1047
563463,971,1041
563464,969,1039
563465,967,1044
563466,968,1046
563467,969,1050
563468,972,1048
563469,969,1043
563470,968,1040
563471,966,1038
563472,970,1039
563473,972,1043
563474,974,1041
563475,975,1040
563476,973,1037
563477,971,1037
563478,972,1038
563479,973,1039
563480,976,1040
563481,973,1037
563482,974,1038
563483,973,1040
563484,975,1041
563485,975,1042
563486,977,1041
563487,975,1035
563488,973,1034
563489,973,1033
563490,972,1039
563491,973,1041
563492,976,1041
563493,975,1041
563494,972,1039
563495,970,1042
563496,973,1045
563497,976,1047
563498,977,1043
563499,978,1042
563500,972,1039
563501,969,1039
563502,974,1042
563503,978,1044
563504,979,1042
563505,977,1043
563506,977,1041
563507,974,1046
563508,970,1049
563509,971,1052
563510,977,1053
563511,977,1048
563512,974,1044
563513,973,1042
563514,972,1046
563515,978,1049
563516,979,1048
563517,978,1045
563518,971,1039
563519,969,1039
563520,974,1039
563521,975,1040
563522,977,1037
563523,976,1035
563524,975,1031
563525,972,1031
563526,973,1033
563527,972,1034
563528,977,1034
563529,978,1031
563530,976,1029
563531,969,1029
563532,971,1034
563533,974,1034
563534,975,1036
563535,974,1035
563536,969,1030
563537,966,1033
563538,964,1034
563539,968,1037
563540,968,1038
563541,970,1040
563542,967,1041
563543,965,1042
563544,969,1039
563545,972,1039
563546,975,1036
563547,976,1034
563548,972,1031
563549,973,1033
563550,969,1036
563551,972,1038
563552,971,1038
563553,971,1036
563554,968,1036
563555,969,1036
563556,972,1041
563557,970,1044
563558,970,1043
563559,970,1042
563560,972,1038
563561,973,1040
563562,972,1041
563563,974,1044
563564,979,1044
563565,976,1041
563566,971,1042
563567,973,1044
563568,973,1044
563569,976,1047
563570,979,1046
563571,975,1042
563572,973,1042
563573,971,1042
563574,970,1045
563575,974,1047
563576,978,1044
563577,981,1041
563578,977,1038
563579,977,1037
563580,979,1039
563581,983,1039
563582,982,1035
563583,980,1030
563584,980,1029
563585,980,1028
563586,984,1032
563587,986,1032
563588,985,1032
563589,982,1029
563590,982,1026
563591,980,1029
563592,981,1031
563593,984,1034
563594,985,1033
563595,984,1033
563596,981,1033
563597,979,1030
563598,980,1034
563599,984,1038
563600,983,1040
563601,980,1039
563602,976,1036
563603,977,1037
563604,979,1044
563605,987,1047
563606,988,1047
563607,986,1043
563608,984,1038
563609,983,1033
563610,983,1034
563611,985,1035
563612,984,1033
563613,985,1036
563614,979,1032
563615,979,1036
563616,981,1039
563617,986,1044
563618,986,1044
563619,986,1044
563620,985,1039
563621,982,1040
563622,984,1039
563623,985,1038
563624,987,1035
563625,985,1033
563626,978,1031
563627,978,1034
563628,979,1038
563629,982,1039
563630,984,1038
563631,987,1030
563632,991,1022
563633,995,1014
563634,1005,1013
563635,1021,1009
563636,1041,1002
563637,1057,994
563638,1078,985
563639,1104,972
563640,1145,965
563641,1184,960
563642,1225,955
563643,1260,957
563644,1289,968
563645,1296,989
563646,1283,1015
563647,1242,1026
563648,1184,1033
563649,1127,1040
563650,1080,1048
563651,1033,1063
563652,997,1078
563653,979,1086
563654,984,1077
563655,997,1054
563656,1000,1036
563657,1000,1025
563658,995,1026
563659,988,1030
563660,990,1030
563661,986,1029
563662,980,1028
563663,974,1032
563664,973,1033
563665,972,1037
563666,970,1037
563667,970,1037
563668,965,1036
563669,963,1035
563670,968,1037
563671,969,1039
563672,970,1039
563673,969,1039
563674,965,1040
563675,964,1042
563676,967,1045
563677,967,1049
563678,968,1049
563679,962,1051
563680,962,1045
563681,961,1044
563682,966,1045
563683,967,1044
563684,966,1039
563685,968,1037
563686,966,1030
563687,964,1028
563688,964,1029
563689,966,1028
563690,966,1027
563691,963,1027
563692,963,1026
563693,964,1032
563694,966,1037
563695,966,1041
563696,964,1040
563697,961,1039
563698,960,1038
563699,963,1035
563700,967,1036
563701,968,1039
563702,971,1038
563703,973,1029
563704,971,1022
563705,969,1020
563706,969,1022
563707,970,1019
563708,970,1020
563709,971,1019
563710,968,1016
563711,971,1017
563712,972,1017
563713,978,1018
563714,978,1018
563715,974,1018
563716,970,1019
563717,971,1020
563718,972,1024
563719,977,1027
563720,982,1027
563721,979,1022
563722,977,1017
563723,978,1015
563724,980,1018
563725,981,1021
563726,983,1021
563727,981,1019
563728,981,1018
563729,982,1019
563730,983,1021
563731,990,1022
563732,993,1017
563733,990,1012
563734,986,1004
563735,986,1001
563736,992,999
563737,994,1000
563738,997,996
563739,997,993
563740,996,990
563741,997,992
563742,995,995
563743,998,994
563744,997,996
563745,995,997
563746,994,997
563747,998,996
563748,998,996
563749,1003,998
563750,1006,997
563751,1006,996
563752,1007,993
563753,1008,994
563754,1010,997
563755,1013,1001
563756,1015,1001
563757,1018,1003
563758,1013,997
563759,1008,999
563760,1005,1002
563761,1010,1004
563762,1014,1008
563763,1014,1010
563764,1010,1012
563765,1008,1014
563766,1008,1014
563767,1004,1019
563768,1003,1018
563769,1003,1020
563770,1000,1023
563771,999,1023
563772,997,1030
563773,993,1037
563774,991,1040
563775,989,1041
563776,987,1037
563777,988,1037
563778,987,1043
563779,991,1048
563780,996,1046
563781,997,1043
563782,995,1038
563783,989,1035
563784,989,1032
563785,990,1031
563786,990,1027
563787,992,1025
563788,986,1022
563789,984,1023
563790,986,1029
563791,988,1034
563792,991,1035
563793,993,1032
563794,991,1030
563795,991,1029
563796,996,1028
563797,1002,1030
563798,1004,1028
563799,1001,1027
563800,995,1024
563801,987,1026
563802,993,1034
563803,1000,1046
563804,999,1048
563805,999,1042
563806,1000,1026
563807,996,1018
563808,994,1019
563809,995,1023
563810,998,1023
563811,997,1022
563812,997,1019
563813,994,1019
563814,997,1021
563815,997,1027
563816,996,1026
563817,994,1020
563818,992,1020
563819,991,1022
563820,991,1025
563821,991,1031
563822,991,1031
563823,989,1033
563824,982,1033
563825,979,1035
563826,980,1039
563827,984,1043
563828,990,1043
563829,991,1041
563830,989,1038
563831,989,1036
563832,991,1038
563833,992,1035
563834,994,1033
563835,993,1029
563836,990,1025
563837,986,1024
563838,984,1027
563839,986,1030
563840,990,1030
563841,991,1026
563842,987,1025
563843,985,1027
563844,986,1035
563845,985,1035
563846,988,1033
563847,989,1034
563848,989,1037
563849,987,1038
563850,991,1045
563851,993,1050
563852,993,1057
563853,992,1061
563854,990,1060
563855,991,1054
563856,996,1049
563857,997,1037
563858,996,1027
563859,990,1020
563860,984,1012
563861,982,1011
563862,983,1018
563863,982,1023
563864,983,1025
563865,982,1025
563866,981,1023
563867,982,1025
563868,983,1027
563869,989,1033
563870,987,1036
563871,980,1033
563872,972,1033
563873,970,1034
563874,971,1041
563875,976,1043
563876,982,1041
563877,983,1038
563878,980,1039
563879,979,1039
563880,982,1042
563881,988,1039
563882,996,1035
563883,1007,1028
563884,1020,1022
563885,1034,1014
563886,1058,1015
563887,1089,1006
563888,1132,997
563889,1180,986
563890,1232,981
563891,1285,991
563892,1332,1014
563893,1349,1040
563894,1333,1055
563895,1286,1053
563896,1223,1054
563897,1154,1062
563898,1085,1080
563899,1015,1096
563900,965,1103
563901,942,1107
563902,947,1102
563903,965,1089
563904,977,1075
563905,984,1067
563906,990,1055
563907,992,1050
563908,986,1048
563909,977,1051
563910,972,1055
563911,969,1055
563912,970,1050
563913,969,1040
563914,965,1034
563915,968,1031
563916,967,1032
563917,966,1035
563918,966,1031
563919,964,1027
563920,963,1026
563921,960,1029
563922,960,1033
563923,962,1040
563924,961,1040
563925,961,1040
563926,958,1038
563927,959,1041
563928,962,1041
563929,965,1046
563930,964,1047
563931,961,1043
563932,958,1046
563933,954,1050
563934,955,1058
563935,956,1062
563936,961,1070
563937,960,1066
563938,959,1065
563939,960,1055
563940,965,1046
563941,972,1036
563942,978,1031
563943,978,1027
563944,979,1028
563945,984,1035
563946,986,1043
563947,989,1037
563948,978,1023
563949,968,1015
563950,964,1013
563951,967,1016
563952,973,1018
563953,979,1017
563954,982,1015
563955,979,1013
563956,978,1015
563957,977,1017
563958,976,1014
563959,979,1016
563960,980,1018
563961,979,1013
563962,980,1008
563963,980,1010
563964,982,1010
563965,986,1010
563966,988,1009
563967,987,1004
563968,987,1000
563969,985,997
563970,989,1001
563971,995,1001
563972,998,999
563973,994,996
563974,992,992
563975,988,990
563976,991,993
563977,994,994
563978,996,991
563979,994,986
563980,993,983
563981,997,982
563982,999,984
563983,1006,987
563984,1008,982
563985,1007,983
563986,1007,982
563987,1008,986
563988,1009,989
563989,1013,996
563990,1016,996
563991,1014,995
563992,1009,994
563993,1010,995
563994,1012,1002
563995,1014,1004
563996,1018,1004
563997,1018,1004
563998,1012,1002
563999,1007,1005
564000,1009,1009
564001,1010,1016
564002,1010,1019
564003,1011,1019
564004,1006,1022
564005,1003,1026
564006,1000,1031
564007,998,1039
564008,999,1040
564009,994,1041
564010,991,1038
564011,989,1040
564012,988,1044
564013,990,1049
564014,991,1048
564015,987,1046
564016,985,1044
564017,984,1046
564018,986,1050
564019,990,1056
564020,984,1059
564021,978,1053
564022,975,1044
564023,971,1040
564024,975,1042
564025,980,1046
564026,981,1046
564027,983,1042
564028,979,1041
564029,976,1043
564030,979,1042
564031,981,1047
564032,982,1046
564033,981,1045
564034,977,1042
564035,976,1048
564036,977,1053
564037,980,1055
564038,980,1051
564039,982,1049
564040,980,1048
564041,978,1048
564042,982,1052
564043,989,1048
564044,991,1044
564045,991,1037
564046,984,1032
564047,982,1033
564048,984,1037
564049,985,1041
564050,986,1041
564051,983,1035
564052,982,1034
564053,981,1038
564054,981,1041
564055,983,1041
564056,985,1043
564057,986,1038
564058,985,1039
564059,981,1039
564060,982,1041
564061,983,1047
564062,986,1044
564063,982,1044
564064,982,1041
564065,980,1043
564066,982,1045
564067,983,1050
564068,982,1052
564069,980,1047
564070,978,1047
564071,978,1045
564072,980,1048
564073,979,1047
564074,985,1047
564075,983,1042
564076,981,1042
564077,979,1041
564078,982,1043
564079,983,1046
564080,984,1045
564081,984,1043
564082,980,1041
564083,979,1043
564084,978,1047
564085,981,1052
564086,983,1050
564087,983,1046
564088,978,1042
564089,976,1040
564090,978,1041
564091,984,1045
564092,987,1042
564093,988,1043
564094,987,1043
564095,983,1043
564096,984,1048
564097,987,1048
564098,990,1053
564099,987,1053
564100,984,1052
564101,984,1046
564102,986,1042
564103,989,1038
564104,993,1034
564105,996,1029
564106,999,1030
564107,1011,1028
564108,1028,1026
564109,1051,1024
564110,1077,1016
564111,1110,1010
564112,1144,998
564113,1188,990
564114,1236,987
564115,1282,992
564116,1325,999
564117,1349,1013
564118,1344,1023
564119,1311,1027
564120,1255,1030
564121,1191,1041
564122,1121,1054
564123,1050,1068
564124,993,1076
564125,962,1079
564126,959,1074
564127,976,1069
564128,993,1058
564129,1001,1049
564130,999,1042
564131,990,1042
564132,983,1046
564133,985,1046
564134,985,1045
564135,980,1043
564136,972,1041
564137,967,1046
564138,965,1050
564139,970,1053
564140,972,1052
564141,967,1052
564142,962,1049
564143,963,1049
564144,964,1054
564145,967,1059
564146,971,1057
564147,968,1051
564148,964,1046
564149,961,1045
564150,963,1045
564151,970,1046
564152,970,1046
564153,969,1043
564154,966,1039
564155,962,1040
564156,960,1046
564157,964,1047
564158,966,1045
564159,965,1045
564160,963,1041
564161,964,1042
564162,965,1043
564163,967,1050
564164,967,1050
564165,965,1048
564166,961,1046
564167,962,1047
564168,961,1047
564169,963,1046
564170,966,1043
564171,967,1040
564172,964,1037
564173,962,1034
564174,962,1034
564175,965,1038
564176,966,1039
564177,967,1037
564178,966,1035
564179,966,1037
564180,970,1041
564181,972,1044
564182,978,1044
564183,976,1041
564184,976,1036
564185,971,1033
564186,974,1035
564187,975,1037
564188,980,1034
564189,981,1031
564190,979,1031
564191,980,1029
564192,981,1029
564193,986,1030
564194,988,1027
564195,986,1024
564196,987,1020
564197,988,1017
564198,993,1014
564199,999,1015
564200,1000,1015
564201,1006,1010
564202,1003,1010
564203,1002,1007
564204,1001,1006
564205,1006,1005
564206,1008,1002
564207,1007,1001
564208,1007,998
564209,1005,1000
564210,1006,1003
564211,1011,1008
564212,1011,1003
564213,1013,1000
564214,1010,1002
564215,1007,1002
564216,1011,1008
564217,1009,1011
564218,1012,1009
564219,1012,1010
564220,1009,1008
564221,1006,1010
564222,1002,1011
564223,1003,1016
564224,1004,1017
564225,1003,1018
564226,998,1021
564227,996,1021
564228,1000,1026
564229,1001,1032
564230,1002,1031
564231,1000,1033
564232,996,1031
564233,991,1035
564234,989,1038
564235,991,1042
564236,992,1040
564237,991,1042
564238,989,1040
564239,986,1040
564240,983,1042
564241,982,1048
564242,978,1047
564243,981,1045
564244,979,1040
564245,977,1042
564246,983,1042
564247,988,1044
564248,990,1044
564249,989,1042
564250,987,1042
564251,985,1042
564252,982,1044
564253,989,1048
564254,990,1044
564255,991,1043
564256,989,1040
564257,986,1044
564258,987,1046
564259,990,1052
564260,988,1050
564261,987,1048
564262,984,1044
564263,984,1043
564264,984,1043
564265,987,1044
564266,987,1041
564267,990,1037
564268,986,1035
564269,983,1035
564270,985,1039
564271,988,1042
564272,987,1044
564273,985,1038
564274,986,1038
564275,989,1042
564276,993,1044
564277,998,1049
564278,1004,1052
564279,1003,1049
564280,1002,1050
564281,1002,1053
564282,1006,1058
564283,1014,1065
564284,1026,1059
564285,1038,1048
564286,1049,1027
564287,1063,1008
564288,1079,997
564289,1102,982
564290,1118,961
564291,1136,940
564292,1147,915
564293,1168,893
564294,1190,874
564295,1210,854
564296,1227,842
564297,1238,824
564298,1243,808
564299,1253,799
564300,1258,791
564301,1260,796
564302,1261,797
564303,1261,799
564304,1254,794
564305,1250,797
564306,1239,799
564307,1225,803
564308,1205,810
564309,1184,818
564310,1160,828
564311,1140,841
564312,1117,854
564313,1103,870
564314,1096,885
564315,1088,896
564316,1079,911
564317,1074,927
564318,1069,940
564319,1065,951
564320,1070,957
564321,1079,966
564322,1092,975
564323,1110,982
564324,1123,986
564325,1112,991
564326,1071,997
564327,1014,1009
564328,964,1028
564329,942,1049
564330,938,1071
564331,939,1084
564332,935,1093
564333,928,1090
564334,919,1090
564335,914,1092
564336,910,1097
564337,909,1101
564338,906,1098
564339,903,1099
564340,902,1100
564341,897,1101
564342,895,1108
564343,894,1112
564344,893,1112
564345,889,1115
564346,884,1114
564347,882,1117
564348,882,1120
564349,884,1126
564350,884,1128
564351,879,1130
564352,874,1132
564353,870,1135
564354,872,1140
564355,875,1143
564356,877,1144
564357,873,1142
564358,871,1143
564359,869,1145
564360,871,1151
564361,872,1154
564362,870,1156
564363,870,1158
564364,863,1160
564365,862,1165
564366,863,1172
564367,870,1181
564368,871,1182
564369,867,1182
564370,864,1186
564371,862,1190
564372,862,1194
564373,865,1201
564374,867,1204
564375,866,1205
564376,863,1205
564377,864,1205
564378,862,1211
564379,863,1215
564380,864,1212
564381,861,1209
564382,860,1206
564383,861,1209
564384,864,1211
564385,866,1216
564386,870,1215
564387,870,1215
564388,871,1211
564389,872,1204
564390,878,1203
564391,885,1200
564392,891,1194
564393,893,1192
564394,894,1185
564395,899,1178
564396,905,1177
564397,912,1174
564398,917,1171
564399,917,1165
564400,920,1157
564401,925,1152
564402,929,1148
564403,936,1145
564404,941,1140
564405,944,1132
564406,945,1122
564407,948,1117
564408,948,1114
564409,954,1109
564410,960,1106
564411,960,1100
564412,959,1096
564413,958,1095
564414,961,1096
564415,966,1097
564416,965,1088
564417,961,1081
564418,962,1072
564419,959,1066
564420,960,1061
564421,965,1059
564422,968,1057
564423,966,1052
564424,963,1051
564425,959,1053
564426,960,1051
564427,962,1052
564428,964,1051
564429,963,1046
564430,958,1046
564431,960,1043
564432,963,1045
564433,964,1046
564434,966,1043
564435,963,1043
564436,960,1046
564437,961,1045
564438,964,1046
564439,968,1047
564440,970,1039
564441,965,1038
564442,966,1034
564443,964,1038
564444,967,1038
564445,969,1044
564446,970,1045
564447,969,1047
564448,967,1048
564449,965,1051
564450,967,1054
564451,971,1054
564452,971,1050
564453,971,1045
564454,967,1044
564455,969,1045
564456,971,1048
564457,977,1050
564458,975,1050
564459,977,1049
564460,974,1046
564461,969,1045
564462,973,1047
564463,976,1049
564464,976,1046
564465,976,1043
564466,973,1039
564467,972,1038
564468,974,1041
564469,975,1042
564470,978,1040
564471,976,1037
564472,972,1032
564473,968,1034
564474,968,1038
564475,972,1042
564476,973,1041
564477,973,1038
564478,969,1038
564479,968,1038
564480,969,1041
564481,970,1044
564482,973,1039
564483,971,1034
564484,967,1033
564485,964,1033
564486,970,1037
564487,971,1041
564488,974,1042
564489,973,1039
564490,969,1038
564491,966,1043
564492,967,1048
564493,966,1047
564494,969,1044
564495,973,1042
564496,968,1039
564497,966,1038
564498,972,1041
564499,975,1041
564500,974,1040
564501,972,1039
564502,969,1035
564503,968,1033
564504,971,1035
564505,974,1037
564506,978,1034
564507,976,1032
564508,975,1032
564509,973,1032
564510,975,1037
564511,975,1040
564512,977,1041
564513,975,1039
564514,972,1037
564515,975,1036
564516,978,1038
564517,978,1039
564518,978,1039
564519,974,1036
564520,972,1036
564521,971,1039
564522,972,1042
564523,974,1042
564524,976,1041
564525,976,1039
564526,970,1037
564527,970,1039
564528,972,1039
564529,974,1038
564530,974,1035
564531,973,1037
564532,971,1035
564533,970,1037
564534,973,1035
564535,977,1034
564536,981,1035
564537,977,1035
564538,972,1033
564539,969,1036
564540,971,1037
564541,974,1040
564542,976,1037
564543,976,1033
564544,971,1033
564545,971,1038
564546,973,1039
564547,976,1042
564548,977,1041
564549,975,1037
564550,974,1034
564551,974,1035
564552,977,1038
564553,980,1040
564554,984,1031
564555,988,1025
564556,994,1019
564557,1006,1014
564558,1020,1016
564559,1040,1016
564560,1064,1009
564561,1097,994
564562,1137,977
564563,1177,967
564564,1221,966
564565,1263,978
564566,1297,997
564567,1303,1018
564568,1272,1029
564569,1217,1037
564570,1148,1044
564571,1082,1056
564572,1019,1068
564573,971,1076
564574,947,1075
564575,948,1073
564576,961,1065
564577,974,1055
564578,983,1044
564579,979,1037
564580,974,1034
564581,965,1032
564582,968,1034
564583,967,1040
564584,967,1038
564585,966,1037
564586,959,1037
564587,956,1037
564588,959,1041
564589,961,1044
564590,959,1040
564591,956,1036
564592,956,1036
564593,957,1029
564594,957,1031
564595,958,1031
564596,957,1031
564597,953,1030
564598,950,1033
564599,946,1037
564600,946,1039
564601,952,1039
564602,955,1035
564603,954,1032
564604,951,1030
564605,951,1030
564606,954,1029
564607,955,1033
564608,956,1029
564609,954,1028
564610,953,1030
564611,953,1032
564612,953,1034
564613,954,1034
564614,954,1034
564615,954,1031
564616,949,1027
564617,949,1029
564618,949,1033
564619,955,1031
564620,954,1030
564621,951,1027
564622,952,1023
564623,949,1023
564624,952,1025
564625,957,1024
564626,956,1024
564627,952,1022
564628,948,1020
564629,949,1020
564630,954,1025
564631,959,1028
564632,958,1026
564633,959,1019
564634,957,1015
564635,958,1015
564636,962,1017
564637,965,1014
564638,966,1011
564639,964,1006
564640,962,1005
564641,961,1004
564642,965,1007
564643,973,1008
564644,973,1002
564645,968,997
564646,967,998
564647,969,997
564648,966,997
564649,975,999
564650,973,996
564651,976,994
564652,974,992
564653,977,993
564654,979,994
564655,982,997
564656,987,994
564657,985,989
564658,985,986
564659,986,987
564660,991,989
564661,997,990
564662,1002,989
564663,1003,982
564664,1001,981
564665,999,983
564666,1000,987
564667,1004,988
564668,1011,990
564669,1010,988
564670,1011,987
564671,1010,987
564672,1012,991
564673,1016,993
564674,1016,993
564675,1014,992
564676,1005,991
564677,1005,995
564678,1007,999
564679,1012,1004
564680,1010,1006
564681,1005,1007
564682,1002,1008
564683,1001,1010
564684,1002,1017
564685,1003,1020
564686,1001,1018
564687,996,1017
564688,995,1014
564689,990,1016
564690,993,1017
564691,993,1017
564692,994,1018
564693,990,1015
564694,985,1018
564695,979,1023
564696,981,1027
564697,982,1030
564698,981,1029
564699,980,1026
564700,977,1024
564701,975,1028
564702,976,1033
564703,980,1036
564704,984,1034
564705,983,1032
564706,980,1026
564707,977,1026
564708,978,1029
564709,984,1027
564710,983,1025
564711,981,1021
564712,977,1020
564713,975,1022
564714,975,1025
564715,980,1026
564716,983,1025
564717,977,1024
564718,974,1022
564719,973,1025
564720,975,1027
564721,976,1033
564722,972,1026
564723,971,1021
564724,968,1016
564725,968,1018
564726,971,1018
564727,973,1022
564728,974,1020
564729,971,1019
564730,968,1020
564731,969,1021
564732,972,1021
564733,972,1020
564734,972,1020
564735,969,1017
564736,969,1015
564737,971,1017
564738,970,1020
564739,974,1022
564740,976,1020
564741,976,1016
564742,973,1019
564743,970,1022
564744,977,1025
564745,977,1029
564746,975,1025
564747,974,1022
564748,971,1023
564749,971,1024
564750,974,1030
564751,974,1031
564752,974,1030
564753,974,1028
564754,969,1030
564755,966,1031
564756,966,1031
564757,970,1031
564758,973,1032
564759,973,1028
564760,967,1027
564761,966,1024
564762,968,1030
564763,968,1032
564764,971,1030
564765,968,1028
564766,963,1025
564767,965,1026
564768,967,1030
564769,968,1029
564770,969,1027
564771,966,1024
564772,962,1021
564773,960,1024
564774,960,1029
564775,965,1031
564776,967,1029
564777,966,1029
564778,964,1026
564779,963,1025
564780,963,1025
564781,968,1026
564782,965,1025
564783,965,1022
564784,966,1019
564785,966,1019
564786,965,1021
564787,968,1026
564788,969,1030
564789,970,1029
564790,965,1025
564791,964,1027
564792,965,1027
564793,968,1030
564794,973,1028
564795,969,1029
564796,969,1028
564797,967,1031
564798,968,1037
564799,970,1038
564800,968,1033
564801,967,1027
564802,962,1021
564803,963,1026
564804,964,1032
564805,965,1038
564806,970,1035
564807,967,1036
564808,967,1030
564809,967,1027
564810,969,1029
564811,971,1031
564812,972,1028
564813,970,1024
564814,967,1023
564815,965,1026
564816,969,1028
564817,971,1030
564818,972,1026
564819,973,1027
564820,972,1026
564821,972,1028
564822,972,1032
564823,975,1036
564824,973,1037
564825,968,1032
564826,967,1029
564827,968,1030
564828,970,1032
564829,975,1034
564830,975,1032
564831,972,1029
564832,966,1026
564833,966,1030
564834,967,1033
564835,971,1033
564836,973,1033
564837,975,1027
564838,973,1025
564839,974,1027
564840,974,1028
564841,979,1028
564842,978,1025
564843,983,1023
564844,986,1016
564845,998,1015
564846,1011,1015
564847,1028,1016
564848,1048,1009
564849,1075,998
564850,1100,980
564851,1134,969
564852,1181,962
564853,1224,970
564854,1265,983
564855,1292,1002
564856,1297,1019
564857,1275,1031
564858,1235,1036
564859,1182,1044
564860,1123,1056
564861,1060,1067
564862,995,1075
564863,953,1083
564864,944,1082
564865,954,1077
564866,966,1063
564867,970,1047
564868,970,1035
564869,972,1031
564870,974,1032
564871,973,1030
564872,969,1029
564873,964,1028
564874,959,1025
564875,951,1023
564876,953,1026
564877,956,1026
564878,958,1027
564879,956,1026
564880,952,1027
564881,951,1026
564882,952,1031
564883,954,1031
564884,954,1029
564885,952,1029
564886,950,1021
564887,948,1020
564888,949,1023
564889,955,1026
564890,955,1026
564891,952,1024
564892,950,1024
564893,950,1024
564894,952,1031
564895,956,1032
564896,957,1028
564897,955,1028
564898,954,1023
564899,954,1027
564900,954,1033
564901,959,1033
564902,962,1033
564903,959,1031
564904,950,1031
564905,954,1032
564906,953,1036
564907,958,1035
564908,961,1032
564909,959,1028
564910,957,1025
564911,954,1028
564912,955,1034
564913,954,1034
564914,954,1033
564915,954,1031
564916,954,1027
564917,954,1025
564918,957,1026
564919,959,1024
564920,961,1020
564921,958,1020
564922,955,1019
564923,953,1021
564924,958,1020
564925,962,1024
564926,963,1019
564927,960,1016
564928,958,1015
564929,957,1013
564930,960,1015
564931,961,1015
564932,962,1013
564933,964,1012
564934,960,1009
564935,962,1009
564936,963,1010
564937,970,1013
564938,970,1009
564939,967,1006
564940,968,1004
564941,968,1004
564942,973,1003
564943,976,1005
564944,980,1002
564945,977,1000
564946,974,1000
564947,973,1004
564948,979,1003
564949,981,1003
564950,984,1002
564951,983,999
564952,980,995
564953,987,996
564954,989,1000
564955,991,1002
564956,993,999
564957,992,997
564958,990,996
564959,988,994
564960,989,992
564961,994,993
564962,996,991
564963,1001,988
564964,998,987
564965,995,989
564966,998,992
564967,1001,998
564968,1001,999
564969,1003,997
564970,999,997
564971,998,1001
564972,997,1005
564973,1000,1009
564974,1000,1011
564975,999,1012
564976,995,1014
564977,993,1014
564978,994,1020
564979,995,1023
564980,993,1021
564981,989,1020
564982,987,1019
564983,986,1022
564984,985,1027
564985,989,1030
564986,985,1034
564987,982,1033
564988,979,1029
564989,976,1037
564990,977,1044
564991,983,1046
564992,982,1045
564993,980,1044
564994,980,1040
564995,977,1040
564996,981,1045
564997,983,1048
564998,984,1051
564999,986,1047
565000,984,1046
565001,983,1045
565002,982,1046
565003,985,1047
565004,987,1045
565005,984,1041
565006,982,1040
565007,981,1041
565008,983,1041
565009,987,1039
565010,987,1036
565011,987,1033
565012,980,1029
565013,980,1028
565014,986,1029
565015,990,1034
565016,990,1032
565017,988,1032
565018,984,1031
565019,982,1035
565020,984,1039
565021,986,1041
565022,985,1042
565023,984,1040
565024,980,1036
565025,979,1038
565026,980,1039
565027,982,1040
565028,982,1041
565029,981,1037
565030,979,1036
565031,978,1039
565032,979,1041
565033,983,1046
565034,985,1047
565035,982,1049
565036,978,1042
565037,979,1039
565038,980,1034
565039,984,1036
565040,983,1033
565041,979,1030
565042,975,1030
565043,976,1034
565044,979,1038
565045,981,1041
565046,982,1040
565047,978,1040
565048,976,1041
565049,973,1044
565050,977,1046
565051,983,1045
565052,983,1041
565053,980,1036
565054,977,1031
565055,978,1033
565056,980,1035
565057,983,1042
565058,981,1043
565059,976,1041
565060,974,1037
565061,978,1035
565062,977,1035
565063,983,1037
565064,980,1037
565065,981,1040
565066,977,1040
565067,975,1040
565068,979,1039
565069,982,1037
565070,983,1034
565071,979,1033
565072,975,1034
565073,977,1035
565074,979,1038
565075,982,1042
565076,982,1041
565077,979,1038
565078,978,1036
565079,975,1039
565080,976,1036
565081,979,1040
565082,982,1038
565083,981,1036
565084,977,1037
565085,977,1037
565086,979,1042
565087,982,1046
565088,982,1045
565089,980,1042
565090,978,1038
565091,976,1041
565092,979,1044
565093,979,1046
565094,980,1048
565095,975,1044
565096,969,1043
565097,964,1050
565098,970,1050
565099,976,1054
565100,980,1047
565101,981,1040
565102,978,1037
565103,978,1038
565104,982,1045
565105,986,1045
565106,983,1041
565107,985,1038
565108,981,1036
565109,984,1031
565110,990,1031
565111,996,1030
565112,1006,1028
565113,1018,1022
565114,1028,1017
565115,1045,1014
565116,1075,1014
565117,1111,1009
565118,1150,993
565119,1194,980
565120,1236,974
565121,1279,979
565122,1314,999
565123,1326,1021
565124,1302,1033
565125,1250,1032
565126,1184,1035
565127,1110,1050
565128,1047,1069
565129,992,1082
565130,962,1090
565131,954,1086
565132,964,1074
565133,975,1060
565134,990,1052
565135,997,1047
565136,993,1043
565137,988,1036
565138,983,1032
565139,979,1035
565140,980,1036
565141,978,1040
565142,976,1035
565143,971,1033
565144,965,1030
565145,967,1034
565146,968,1036
565147,971,1041
565148,969,1045
565149,968,1047
565150,964,1046
565151,965,1047
565152,969,1047
565153,965,1045
565154,968,1040
565155,966,1038
565156,966,1033
565157,965,1035
565158,967,1040
565159,967,1042
565160,969,1040
565161,967,1040
565162,963,1038
565163,961,1036
565164,961,1037
565165,965,1040
565166,965,1038
565167,966,1035
565168,965,1033
565169,964,1036
565170,964,1039
565171,971,1042
565172,970,1042
565173,967,1040
565174,962,1038
565175,964,1041
565176,965,1042
565177,968,1045
565178,970,1041
565179,969,1035
565180,969,1031
565181,963,1032
565182,968,1038
565183,968,1045
565184,969,1041
565185,974,1036
565186,971,1031
565187,969,1028
565188,973,1028
565189,979,1029
565190,982,1029
565191,979,1024
565192,975,1020
565193,974,1018
565194,975,1022
565195,976,1022
565196,978,1022
565197,978,1020
565198,977,1019
565199,981,1019
565200,983,1019
565201,989,1022
565202,991,1015
565203,987,1012
565204,985,1007
565205,986,1011
565206,990,1013
565207,994,1013
565208,993,1010
565209,994,1005
565210,990,1005
565211,990,1002
565212,996,1006
565213,998,1008
565214,999,1004
565215,998,1002
565216,995,1001
565217,997,1001
565218,998,1001
565219,1000,1003
565220,1004,1002
565221,1003,996
565222,1001,992
565223,1000,994
565224,1003,999
565225,1006,1001
565226,1008,1000
565227,1005,998
565228,1003,997
565229,1005,999
565230,1008,1003
565231,1009,1009
565232,1008,1012
565233,1007,1012
565234,1004,1012
565235,1004,1015
565236,1008,1016
565237,1007,1020
565238,1007,1019
565239,1000,1019
565240,997,1021
565241,997,1027
565242,995,1032
565243,996,1035
565244,995,1039
565245,991,1037
565246,988,1035
565247,986,1038
565248,983,1040
565249,987,1040
565250,989,1038
565251,985,1039
565252,981,1038
565253,981,1040
565254,980,1038
565255,985,1039
565256,985,1040
565257,983,1036
565258,980,1033
565259,982,1033
565260,983,1038
565261,986,1042
565262,986,1043
565263,984,1041
565264,981,1033
565265,981,1030
565266,982,1032
565267,987,1031
565268,988,1032
565269,984,1025
565270,983,1026
565271,983,1028
565272,984,1032
565273,985,1036
565274,986,1033
565275,984,1031
565276,983,1028
565277,982,1029
565278,981,1031
565279,985,1035
565280,985,1034
565281,980,1031
565282,980,1029
565283,979,1032
565284,979,1038
565285,985,1041
565286,986,1040
565287,984,1037
565288,981,1032
565289,981,1031
565290,984,1036
565291,986,1034
565292,986,1030
565293,983,1028
565294,979,1027
565295,979,1026
565296,978,1033
565297,980,1033
565298,978,1031
565299,980,1030
565300,976,1032
565301,975,1034
565302,975,1036
565303,978,1039
565304,978,1037
565305,978,1040
565306,975,1036
565307,974,1036
565308,981,1036
565309,984,1037
565310,983,1034
565311,981,1033
565312,977,1035
565313,978,1039
565314,975,1043
565315,981,1041
565316,981,1037
565317,980,1031
565318,976,1028
565319,975,1033
565320,979,1037
565321,982,1039
565322,982,1040
565323,982,1037
565324,975,1035
565325,976,1035
565326,975,1040
565327,979,1038
565328,981,1037
565329,978,1037
565330,975,1033
565331,972,1036
565332,974,1037
565333,976,1041
565334,977,1039
565335,975,1035
565336,974,1036
565337,974,1033
565338,974,1037
565339,977,1039
565340,977,1037
565341,975,1033
565342,971,1033
565343,973,1035
565344,973,1036
565345,976,1039
565346,976,1033
565347,976,1028
565348,975,1024
565349,971,1028
565350,970,1033
565351,974,1038
565352,977,1037
565353,973,1038
565354,971,1038
565355,971,1037
565356,974,1037
565357,975,1037
565358,978,1035
565359,976,1031
565360,974,1030
565361,975,1029
565362,973,1030
565363,977,1031
565364,976,1028
565365,976,1028
565366,972,1029
565367,972,1032
565368,974,1037
565369,977,1037
565370,978,1035
565371,978,1034
565372,974,1033
565373,971,1036
565374,976,1040
565375,978,1041
565376,979,1041
565377,975,1039
565378,970,1038
565379,970,1040
565380,972,1041
565381,977,1043
565382,978,1041
565383,974,1039
565384,970,1037
565385,969,1036
565386,969,1038
565387,977,1042
565388,977,1042
565389,976,1046
565390,972,1044
565391,974,1045
565392,975,1043
565393,977,1046
565394,975,1041
565395,972,1038
565396,971,1035
565397,973,1035
565398,974,1035
565399,977,1030
565400,976,1029
565401,977,1031
565402,975,1030
565403,971,1031
565404,974,1031
565405,974,1032
565406,975,1031
565407,974,1032
565408,975,1027
565409,976,1028
565410,979,1030
565411,982,1031
565412,983,1031
565413,980,1030
565414,973,1029
565415,974,1031
565416,975,1033
565417,978,1032
565418,979,1031
565419,976,1028
565420,976,1027
565421,977,1028
565422,980,1034
565423,985,1039
565424,987,1035
565425,983,1032
565426,981,1029
565427,981,1029
565428,983,1030
565429,989,1029
565430,999,1027
565431,1009,1021
565432,1017,1015
565433,1038,1018
565434,1059,1018
565435,1089,1013
565436,1117,1002
565437,1149,985
565438,1181,974
565439,1220,969
565440,1263,968
565441,1299,976
565442,1321,992
565443,1311,1007
565444,1268,1017
565445,1203,1027
565446,1137,1040
565447,1082,1048
565448,1029,1053
565449,986,1055
565450,966,1053
565451,964,1055
565452,977,1049
565453,991,1040
565454,995,1029
565455,988,1024
565456,978,1024
565457,971,1028
565458,967,1031
565459,968,1034
565460,964,1033
565461,960,1034
565462,956,1031
565463,956,1032
565464,958,1031
565465,956,1034
565466,961,1032
565467,956,1029
565468,954,1032
565469,951,1033
565470,954,1036
565471,955,1039
565472,959,1037
565473,961,1035
565474,959,1030
565475,956,1035
565476,958,1040
565477,960,1041
565478,960,1042
565479,957,1039
565480,956,1034
565481,958,1034
565482,961,1037
565483,965,1043
565484,963,1042
565485,962,1040
565486,961,1036
565487,960,1038
565488,960,1041
565489,963,1039
565490,963,1038
565491,963,1036
565492,963,1037
565493,961,1035
565494,964,1041
565495,965,1045
565496,963,1045
565497,963,1040
565498,961,1035
565499,961,1032
565500,962,1032
565501,965,1032
565502,966,1030
565503,964,1024
565504,963,1025
565505,958,1027
565506,960,1029
565507,961,1032
565508,965,1034
565509,961,1032
565510,959,1028
565511,964,1029
565512,969,1023
565513,974,1025
565514,975,1022
565515,973,1019
565516,971,1020
565517,974,1021
565518,979,1024
565519,981,1029
565520,984,1023
565521,984,1020
565522,982,1013
565523,983,1014
565524,987,1014
565525,992,1018
565526,991,1017
565527,990,1012
565528,990,1011
565529,993,1010
565530,995,1010
565531,1000,1008
565532,1001,1007
565533,999,1006
565534,996,1006
565535,998,1004
565536,1001,1004
565537,1005,1003
565538,1008,1001
565539,1007,999
565540,1004,999
565541,1006,1002
565542,1010,1004
565543,1015,1004
565544,1014,1001
565545,1013,1001
565546,1010,998
565547,1008,999
565548,1009,1003
565549,1011,1007
565550,1009,1009
565551,1007,1005
565552,1005,1004
565553,1004,1008
565554,1007,1011
565555,1005,1015
565556,1003,1015
565557,999,1017
565558,995,1013
565559,995,1017
565560,998,1019
565561,999,1024
565562,997,1020
565563,993,1018
565564,987,1016
565565,985,1023
565566,987,1031
565567,989,1033
565568,989,1033
565569,986,1028
565570,985,1026
565571,983,1028
565572,987,1029
565573,987,1035
565574,985,1036
565575,985,1034
565576,981,1032
565577,982,1034
565578,984,1033
565579,986,1036
565580,987,1035
565581,984,1032
565582,982,1029
565583,979,1032
565584,979,1036
565585,984,1037
565586,982,1037
565587,978,1034
565588,979,1033
565589,978,1032
565590,983,1035
565591,984,1035
565592,983,1035
565593,979,1030
565594,977,1027
565595,977,1029
565596,979,1036
565597,981,1035
565598,981,1033
565599,978,1032
565600,976,1033
565601,978,1036
565602,981,1035
565603,982,1039
565604,982,1038
565605,985,1033
565606,977,1030
565607,981,1032
565608,981,1032
565609,983,1033
565610,985,1030
565611,983,1030
565612,978,1030
565613,978,1034
565614,977,1037
565615,981,1038
565616,980,1039
565617,980,1036
565618,978,1036
565619,978,1037
565620,977,1035
565621,982,1035
565622,982,1036
565623,979,1030
565624,979,1030
565625,978,1033
565626,977,1034
565627,976,1037
565628,981,1037
565629,977,1033
565630,977,1031
565631,977,1032
565632,979,1035
565633,978,1036
565634,977,1034
565635,974,1030
565636,971,1026
565637,972,1030
565638,976,1030
565639,977,1031
565640,978,1028
565641,976,1024
565642,976,1023
565643,972,1028
565644,976,1029
565645,978,1034
565646,976,1031
565647,972,1030
565648,969,1030
565649,967,1033
565650,970,1036
565651,975,1034
565652,978,1028
565653,974,1023
565654,975,1020
565655,974,1023
565656,977,1027
565657,979,1028
565658,979,1029
565659,979,1026
565660,975,1024
565661,974,1027
565662,976,1031
565663,977,1035
565664,978,1034
565665,977,1031
565666,972,1029
565667,968,1034
565668,974,1035
565669,978,1037
565670,978,1032
565671,976,1028
565672,977,1024
565673,978,1024
565674,988,1022
565675,1000,1023
565676,1012,1022
565677,1023,1018
565678,1041,1014
565679,1066,1010
565680,1102,999
565681,1143,987
565682,1185,976
565683,1224,966
565684,1260,975
565685,1296,993
565686,1313,1017
565687,1308,1029
565688,1267,1031
565689,1206,1032
565690,1140,1038
565691,1069,1055
565692,1013,1071
565693,969,1076
565694,950,1072
565695,950,1065
565696,958,1057
565697,969,1048
565698,979,1045
565699,986,1040
565700,985,1035
565701,977,1032
565702,971,1032
565703,966,1033
565704,965,1038
565705,965,1039
565706,960,1036
565707,958,1035
565708,957,1030
565709,958,1032
565710,957,1034
565711,957,1035
565712,955,1033
565713,953,1033
565714,950,1036
565715,951,1039
565716,954,1040
565717,958,1043
565718,955,1041
565719,952,1037
565720,947,1034
565721,949,1035
565722,950,1037
565723,953,1039
565724,952,1036
565725,949,1036
565726,946,1033
565727,943,1034
565728,945,1037
565729,948,1039
565730,948,1037
565731,946,1032
565732,940,1031
565733,939,1029
565734,941,1029
565735,948,1029
565736,947,1027
565737,943,1025
565738,937,1023
565739,944,1023
565740,945,1027
565741,949,1029
565742,950,1027
565743,951,1021
565744,947,1022
565745,947,1025
565746,951,1026
565747,952,1027
565748,952,1023
565749,949,1019
565750,946,1017
565751,949,1021
565752,956,1025
565753,956,1021
565754,958,1018
565755,954,1014
565756,949,1011
565757,951,1010
565758,955,1013
565759,959,1013
565760,961,1011
565761,958,1008
565762,955,1005
565763,959,1008
565764,962,1007
565765,966,1008
565766,967,1005
565767,967,1003
565768,966,1002
565769,962,1001
565770,966,1003
565771,972,1002
565772,972,997
565773,972,995
565774,970,991
565775,967,993
565776,969,991
565777,973,987
565778,977,984
565779,975,979
565780,975,978
565781,976,984
565782,978,989
565783,982,993
565784,981,990
565785,979,983
565786,978,981
565787,980,983
565788,982,988
565789,988,992
565790,989,987
565791,987,983
565792,987,984
565793,987,989
565794,990,994
565795,990,1000
565796,990,996
565797,986,997
565798,982,999
565799,979,1005
565800,984,1013
565801,986,1018
565802,986,1013
565803,986,1014
565804,981,1014
565805,978,1017
565806,976,1021
565807,977,1026
565808,971,1028
565809,969,1029
565810,970,1029
565811,966,1032
565812,968,1036
565813,969,1035
565814,970,1033
565815,966,1031
565816,957,1032
565817,959,1036
565818,962,1041
565819,965,1045
565820,965,1039
565821,961,1034
565822,958,1030
565823,960,1030
565824,961,1034
565825,965,1034
565826,961,1032
565827,961,1030
565828,959,1028
565829,960,1027
565830,962,1031
565831,966,1033
565832,966,1032
565833,963,1031
565834,960,1031
565835,960,1036
565836,963,1038
565837,966,1035
565838,967,1031
565839,963,1027
565840,961,1026
565841,959,1025
565842,964,1029
565843,968,1031
565844,966,1029
565845,965,1026
565846,962,1022
565847,964,1024
565848,968,1028
565849,970,1032
565850,970,1031
565851,966,1028
565852,966,1026
565853,967,1024
565854,969,1027
565855,971,1031
565856,969,1031
565857,966,1029
565858,961,1027
565859,963,1030
565860,964,1030
565861,964,1033
565862,963,1029
565863,960,1028
565864,956,1026
565865,955,1031
565866,955,1031
565867,955,1034
565868,953,1035
565869,958,1033
565870,955,1030
565871,957,1031
565872,962,1034
565873,964,1034
565874,962,1030
565875,959,1028
565876,955,1028
565877,954,1033
565878,956,1036
565879,959,1038
565880,959,1036
565881,958,1034
565882,953,1034
565883,955,1039
565884,958,1044
565885,959,1044
565886,957,1040
565887,952,1035
565888,952,1036
565889,957,1040
565890,958,1043
565891,962,1040
565892,959,1035
565893,957,1031
565894,955,1030
565895,956,1030
565896,959,1033
565897,960,1034
565898,957,1033
565899,955,1029
565900,951,1030
565901,951,1033
565902,956,1033
565903,960,1035
565904,961,1032
565905,959,1029
565906,956,1028
565907,956,1029
565908,958,1031
565909,958,1031
565910,959,1027
565911,956,1024
565912,955,1025
565913,955,1025
565914,956,1027
565915,960,1029
565916,961,1030
565917,958,1026
565918,956,1023
565919,957,1027
565920,958,1031
565921,960,1034
565922,958,1035
565923,957,1033
565924,953,1035
565925,955,1035
565926,958,1037
565927,961,1039
565928,962,1032
565929,955,1029
565930,953,1026
565931,953,1030
565932,957,1035
565933,960,1039
565934,961,1037
565935,957,1034
565936,957,1031
565937,957,1030
565938,959,1033
565939,960,1031
565940,955,1029
565941,954,1026
565942,953,1023
565943,953,1025
565944,961,1025
565945,961,1025
565946,960,1027
565947,958,1025
565948,953,1026
565949,955,1030
565950,959,1032
565951,960,1032
565952,962,1032
565953,960,1031
565954,961,1029
565955,959,1031
565956,963,1030
565957,963,1029
565958,961,1029
565959,960,1027
565960,955,1027
565961,955,1033
565962,955,1035
565963,957,1037
565964,959,1035
565965,959,1032
565966,955,1032
565967,954,1030
565968,957,1035
565969,958,1035
565970,960,1033
565971,957,1035
565972,954,1036
565973,957,1036
565974,958,1037
565975,961,1038
565976,963,1037
565977,959,1035
565978,959,1034
565979,959,1037
565980,960,1040
565981,963,1043
565982,965,1040
565983,964,1032
565984,964,1026
565985,962,1026
565986,963,1028
565987,966,1030
565988,969,1026
565989,968,1019
565990,965,1015
565991,970,1012
565992,976,1012
565993,988,1007
565994,1001,1001
565995,1015,994
565996,1032,988
565997,1063,984
565998,1104,974
565999,1151,962
566000,1198,961
566001,1246,966
566002,1281,990
566003,1291,1015
566004,1265,1026
566005,1208,1030
566006,1135,1037
566007,1056,1053
566008,995,1066
566009,950,1081
566010,937,1086
566011,946,1079
566012,961,1065
566013,971,1047
566014,969,1039
566015,965,1036
566016,962,1037
566017,960,1038
566018,957,1037
566019,954,1033
566020,950,1034
566021,945,1036
566022,946,1039
566023,950,1042
566024,950,1040
566025,943,1036
566026,941,1039
566027,940,1042
566028,942,1043
566029,946,1042
566030,946,1033
566031,941,1027
566032,938,1024
566033,941,1025
566034,943,1028
566035,947,1031
566036,947,1028
566037,946,1026
566038,944,1020
566039,944,1024
566040,948,1026
566041,947,1029
566042,949,1027
566043,946,1023
566044,943,1026
566045,943,1025
566046,944,1031
566047,949,1033
566048,947,1034
566049,945,1030
566050,944,1029
566051,944,1029
566052,949,1034
566053,951,1033
566054,951,1031
566055,949,1028
566056,947,1029
566057,948,1034
566058,950,1037
566059,953,1037
566060,950,1032
566061,951,1027
566062,951,1024
566063,952,1027
566064,954,1027
566065,956,1026
566066,955,1023
566067,953,1018
566068,952,1017
566069,954,1019
566070,956,1017
566071,963,1016
566072,964,1012
566073,962,1007
566074,960,1006
566075,960,1004
566076,961,1003
566077,966,1004
566078,967,1003
566079,967,999
566080,965,996
566081,967,995
566082,971,996
566083,975,995
566084,975,995
566085,975,990
566086,974,989
566087,973,992
566088,979,994
566089,982,995
566090,982,994
566091,981,992
566092,981,994
566093,980,997
566094,985,1000
566095,989,1003
566096,992,999
566097,993,997
566098,990,997
566099,992,1001
566100,997,1006
566101,1003,1008
566102,1005,1004
566103,1005,1000
566104,1001,996
566105,1001,999
566106,1006,1006
566107,1007,1008
566108,1007,1006
566109,1004,1004
566110,1001,1002
566111,999,1008
566112,997,1013
566113,1000,1018
566114,994,1016
566115,989,1014
566116,987,1016
566117,982,1020
566118,984,1027
566119,986,1028
566120,985,1028
566121,980,1026
566122,979,1027
566123,976,1029
566124,976,1035
566125,975,1037
566126,976,1037
566127,971,1034
566128,970,1032
566129,968,1030
566130,968,1031
566131,971,1032
566132,971,1032
566133,969,1032
566134,966,1032
566135,963,1035
566136,965,1041
566137,968,1042
566138,971,1038
566139,971,1036
566140,967,1032
566141,969,1036
566142,971,1037
566143,977,1039
566144,978,1037
566145,976,1035
566146,974,1036
566147,976,1037
566148,982,1036
566149,983,1037
566150,981,1036
566151,980,1034
566152,976,1033
566153,974,1033
566154,975,1038
566155,980,1034
566156,982,1032
566157,978,1024
566158,974,1021
566159,975,1026
566160,977,1028
566161,977,1029
566162,978,1031
566163,978,1027
566164,975,1027
566165,974,1031
566166,977,1033
566167,980,1032
566168,977,1029
566169,975,1022
566170,972,1023
566171,969,1024
566172,970,1029
566173,974,1033
566174,972,1030
566175,969,1029
566176,968,1027
566177,970,1029
566178,972,1031
566179,973,1034
566180,975,1033
566181,972,1034
566182,968,1035
566183,969,1040
566184,973,1043
566185,977,1043
566186,975,1035
566187,973,1030
566188,969,1032
566189,968,1035
566190,972,1038
566191,974,1039
566192,969,1038
566193,968,1035
566194,967,1033
566195,969,1033
566196,973,1033
566197,974,1036
566198,972,1033
566199,971,1033
566200,968,1034
566201,969,1037
566202,971,1039
566203,976,1042
566204,975,1040
566205,973,1035
566206,970,1035
566207,967,1035
566208,970,1041
566209,970,1043
566210,971,1039
566211,969,1031
566212,969,1031
566213,971,1034
566214,974,1034
566215,976,1034
566216,977,1032
566217,973,1031
566218,973,1032
566219,971,1031
566220,976,1033
566221,979,1031
566222,976,1027
566223,980,1023
566224,987,1022
566225,996,1022
566226,1012,1023
566227,1032,1021
566228,1053,1016
566229,1085,1003
566230,1121,988
566231,1170,976
566232,1221,968
566233,1273,970
566234,1313,983
566235,1329,1003
566236,1310,1021
566237,1262,1027
566238,1198,1034
566239,1130,1048
566240,1054,1063
566241,990,1071
566242,947,1075
566243,939,1078
566244,953,1070
566245,972,1058
566246,983,1048
566247,982,1037
566248,979,1034
566249,971,1035
566250,969,1036
566251,969,1038
566252,965,1039
566253,960,1040
566254,955,1040
566255,957,1041
566256,960,1040
566257,961,1038
566258,958,1041
566259,960,1035
566260,958,1035
566261,958,1037
566262,958,1038
566263,962,1039
566264,961,1041
566265,954,1040
566266,955,1038
566267,954,1039
566268,958,1042
566269,963,1045
566270,960,1043
566271,959,1039
566272,956,1039
566273,957,1042
566274,958,1044
566275,960,1042
566276,960,1040
566277,957,1039
566278,955,1037
566279,955,1040
566280,957,1043
566281,962,1037
566282,958,1038
566283,951,1034
566284,951,1032
566285,951,1034
566286,955,1034
566287,958,1038
566288,958,1037
566289,956,1034
566290,954,1035
566291,951,1036
566292,953,1034
566293,956,1033
566294,960,1031
566295,958,1031
566296,958,1027
566297,963,1028
566298,963,1029
566299,970,1028
566300,969,1026
566301,969,1022
566302,964,1024
566303,968,1024
566304,973,1025
566305,979,1020
566306,979,1016
566307,980,1011
566308,979,1007
566309,978,1008
566310,985,1010
566311,988,1011
566312,989,1009
566313,988,1008
566314,986,1010
566315,986,1009
566316,988,1012
566317,992,1009
566318,994,1006
566319,994,1004
566320,991,1006
566321,992,1005
566322,994,1003
566323,999,997
566324,1000,996
566325,998,994
566326,994,992
566327,997,996
566328,996,997
566329,1000,999
566330,997,1002
566331,993,1001
566332,993,1000
566333,994,1003
566334,1001,1004
566335,998,1005
566336,999,1004
566337,998,1004
566338,996,1007
566339,995,1012
566340,999,1020
566341,1000,1022
566342,998,1022
566343,993,1020
566344,991,1024
566345,989,1029
566346,991,1033
566347,992,1035
566348,992,1035
566349,988,1032
566350,985,1034
566351,982,1038
566352,985,1041
566353,986,1044
566354,985,1046
566355,982,1043
566356,978,1043
566357,979,1047
566358,981,1050
566359,984,1047
566360,983,1043
566361,980,1039
566362,978,1039
566363,977,1042
566364,977,1044
566365,980,1043
566366,981,1039
566367,977,1034
566368,976,1034
566369,976,1036
566370,979,1041
566371,981,1044
566372,980,1040
566373,974,1035
566374,968,1032
566375,972,1035
566376,975,1036
566377,981,1038
566378,975,1038
566379,975,1035
566380,972,1037
566381,974,1038
566382,977,1042
566383,980,1041
566384,975,1038
566385,973,1037
566386,972,1036
566387,975,1040
566388,979,1044
566389,982,1044
566390,981,1040
566391,981,1039
566392,976,1036
566393,972,1035
566394,978,1037
566395,978,1041
566396,980,1038
566397,977,1035
566398,975,1035
566399,977,1035
566400,979,1038
566401,981,1040
566402,979,1037
566403,977,1033
566404,976,1032
566405,974,1040
566406,977,1043
566407,980,1043
566408,981,1043
566409,978,1042
566410,978,1042
566411,978,1043
566412,978,1045
566413,984,1042
566414,986,1040
566415,982,1038
566416,981,1039
566417,979,1043
566418,980,1042
566419,980,1044
566420,979,1046
566421,975,1045
566422,973,1046
566423,973,1049
566424,976,1048
566425,979,1043
566426,978,1041
566427,979,1033
566428,977,1035
566429,975,1036
566430,977,1037
566431,979,1037
566432,977,1039
566433,973,1036
566434,975,1036
566435,976,1037
566436,977,1040
566437,981,1041
566438,980,1042
566439,976,1039
566440,976,1037
566441,975,1035
566442,979,1041
566443,982,1039
566444,982,1037
566445,978,1030
566446,976,1028
566447,983,1029
566448,992,1033
566449,1014,1030
566450,1032,1025
566451,1052,1016
566452,1083,1002
566453,1124,994
566454,1168,984
566455,1220,980
566456,1267,978
566457,1305,985
566458,1328,1004
566459,1317,1023
566460,1283,1031
566461,1222,1037
566462,1151,1045
566463,1079,1060
566464,1011,1069
566465,963,1075
566466,949,1074
566467,956,1066
566468,975,1050
566469,987,1036
566470,988,1028
566471,983,1031
566472,979,1038
566473,978,1038
566474,976,1036
566475,969,1030
566476,961,1032
566477,958,1035
566478,963,1038
566479,965,1040
566480,965,1041
566481,961,1040
566482,958,1041
566483,958,1045
566484,960,1045
566485,964,1046
566486,960,1042
566487,960,1040
566488,957,1041
566489,956,1045
566490,957,1049
566491,962,1049
566492,959,1046
566493,957,1044
566494,952,1044
566495,951,1048
566496,951,1046
566497,955,1048
566498,957,1043
566499,956,1039
566500,956,1037
566501,955,1040
566502,960,1044
566503,963,1045
566504,958,1043
566505,957,1036
566506,954,1036
566507,955,1037
566508,956,1041
566509,961,1040
566510,961,1034
566511,959,1029
566512,955,1030
566513,957,1034
566514,960,1036
566515,960,1037
566516,962,1034
566517,960,1031
566518,961,1029
566519,963,1029
566520,963,1034
566521,966,1033
566522,969,1032
566523,965,1029
566524,966,1032
566525,968,1033
566526,971,1033
566527,974,1031
566528,978,1027
566529,976,1024
566530,975,1024
566531,977,1026
566532,980,1028
566533,983,1026
566534,983,1022
566535,979,1014
566536,980,1013
566537,980,1013
566538,982,1018
566539,988,1010
566540,994,1007
566541,992,1002
566542,989,1002
566543,991,1001
566544,992,1003
566545,996,1002
566546,997,1000
566547,996,997
566548,996,997
566549,996,998
566550,995,1002
566551,1001,999
566552,1002,997
566553,997,996
566554,996,995
566555,999,998
566556,1004,1000
566557,1007,1004
566558,1004,1003
566559,1002,1002
566560,998,1000
566561,997,1004
566562,1001,1005
566563,1001,1007
566564,999,1008
566565,996,1007
566566,993,1011
566567,994,1017
566568,996,1023
566569,994,1026
566570,993,1029
566571,988,1028
566572,983,1028
566573,984,1032
566574,985,1041
566575,987,1044
566576,984,1044
566577,983,1040
566578,981,1037
566579,980,1036
566580,982,1037
566581,984,1040
566582,982,1039
566583,979,1034
566584,977,1036
566585,977,1040
566586,978,1041
566587,984,1041
566588,984,1038
566589,980,1038
566590,978,1036
566591,976,1036
566592,980,1038
566593,984,1039
566594,983,1036
566595,979,1033
566596,980,1032
566597,982,1033
566598,980,1036
566599,985,1037
566600,984,1038
566601,981,1032
566602,981,1031
566603,980,1034
566604,981,1037
566605,981,1037
566606,977,1032
566607,972,1032
566608,971,1032
566609,972,1033
566610,976,1034
566611,977,1031
566612,979,1031
566613,975,1026
566614,972,1026
566615,971,1027
566616,971,1032
566617,974,1035
566618,976,1036
566619,975,1032
566620,972,1031
566621,973,1036
566622,977,1041
566623,979,1040
566624,978,1037
566625,975,1034
566626,972,1032
566627,972,1037
566628,975,1041
566629,978,1043
566630,978,1042
566631,976,1036
566632,974,1031
566633,975,1029
566634,976,1031
566635,979,1029
566636,978,1027
566637,976,1026
566638,975,1025
566639,971,1029
566640,976,1032
566641,975,1032
566642,977,1032
566643,976,1029
566644,975,1027
566645,975,1031
566646,977,1034
566647,981,1034
566648,981,1033
566649,978,1030
566650,977,1027
566651,978,1027
566652,978,1030
566653,983,1031
566654,981,1032
566655,979,1031
566656,973,1031
566657,974,1037
566658,975,1041
566659,977,1039
566660,974,1034
566661,974,1030
566662,972,1031
566663,973,1034
566664,974,1039
566665,976,1042
566666,978,1036
566667,980,1027
566668,987,1022
566669,1000,1020
566670,1019,1021
566671,1040,1016
566672,1067,1011
566673,1097,995
566674,1140,982
566675,1183,977
566676,1232,981
566677,1277,991
566678,1307,1010
566679,1313,1022
566680,1283,1030
566681,1225,1032
566682,1162,1044
566683,1091,1055
566684,1024,1066
566685,970,1066
566686,947,1066
566687,948,1058
566688,962,1053
566689,985,1043
566690,988,1030
566691,986,1023
566692,975,1026
566693,975,1030
566694,974,1031
566695,974,1031
566696,971,1030
566697,966,1029
566698,963,1031
566699,962,1035
566700,964,1038
566701,966,1034
566702,965,1032
566703,962,1031
566704,959,1032
566705,958,1034
566706,957,1032
566707,960,1029
566708,959,1028
566709,959,1024
566710,958,1027
566711,956,1031
566712,958,1033
566713,962,1036
566714,960,1036
566715,953,1036
566716,950,1039
566717,949,1037
566718,952,1039
566719,956,1040
566720,954,1038
566721,952,1040
566722,950,1038
566723,953,1040
566724,954,1039
566725,957,1039
566726,956,1040
566727,954,1041
566728,952,1040
566729,953,1039
566730,955,1037
566731,957,1036
566732,957,1032
566733,957,1024
566734,954,1023
566735,956,1024
566736,957,1026
566737,958,1023
566738,959,1020
566739,957,1018
566740,955,1017
566741,958,1019
566742,960,1020
566743,965,1016
566744,965,1015
566745,964,1009
566746,960,1008
566747,963,1009
566748,962,1010
566749,969,1010
566750,970,1009
566751,965,1006
566752,964,1002
566753,968,1003
566754,971,1001
566755,976,1001
566756,979,1000
566757,975,998
566758,974,998
566759,974,1001
566760,978,1006
566761,982,1003
566762,982,995
566763,979,989
566764,982,985
566765,984,986
566766,985,988
566767,984,986
566768,990,983
566769,988,979
566770,987,978
566771,989,980
566772,989,983
566773,988,983
566774,990,979
566775,989,977
566776,991,976
566777,988,980
566778,991,983
566779,995,984
566780,996,984
566781,991,982
566782,990,990
566783,988,995
566784,988,995
566785,992,1002
566786,991,1003
566787,988,1004
566788,985,1008
566789,986,1012
566790,987,1014
566791,986,1016
566792,989,1014
566793,983,1012
566794,978,1018
566795,978,1020
566796,980,1022
566797,984,1022
566798,985,1018
566799,982,1015
566800,977,1019
566801,975,1019
566802,975,1025
566803,979,1028
566804,975,1029
566805,976,1028
566806,975,1026
566807,976,1026
566808,978,1027
566809,978,1026
566810,979,1025
566811,975,1023
566812,975,1021
566813,976,1023
566814,982,1024
566815,984,1026
566816,988,1024
566817,992,1022
566818,991,1021
566819,997,1028
566820,1001,1030
566821,1005,1034
566822,1005,1032
566823,1007,1025
566824,1013,1021
566825,1026,1015
566826,1044,1003
566827,1061,990
566828,1072,970
566829,1082,953
566830,1095,938
566831,1116,923
566832,1135,908
566833,1155,891
566834,1168,865
566835,1183,840
566836,1203,814
566837,1223,801
566838,1244,790
566839,1264,780
566840,1274,773
566841,1272,767
566842,1270,767
566843,1265,770
566844,1263,774
566845,1258,776
566846,1243,775
566847,1227,776
566848,1208,781
566849,1190,795
566850,1165,806
566851,1142,814
566852,1110,824
566853,1080,829
566854,1056,842
566855,1039,860
566856,1035,881
566857,1035,899
566858,1034,912
566859,1025,921
566860,1017,930
566861,1012,943
566862,1017,951
566863,1027,962
566864,1043,967
566865,1054,965
566866,1062,967
566867,1057,972
566868,1047,982
566869,1019,991
566870,982,999
566871,944,1007
566872,920,1022
566873,906,1043
566874,907,1060
566875,905,1072
566876,901,1073
566877,894,1074
566878,888,1079
566879,886,1084
566880,885,1092
566881,884,1095
566882,883,1095
566883,878,1095
566884,875,1093
566885,869,1094
566886,873,1097
566887,872,1096
566888,872,1094
566889,867,1090
566890,863,1094
566891,860,1097
566892,862,1101
566893,864,1101
566894,859,1101
566895,856,1100
566896,854,1106
566897,852,1111
566898,853,1115
566899,854,1119
566900,853,1120
566901,847,1120
566902,844,1119
566903,843,1123
566904,846,1123
566905,850,1121
566906,849,1117
566907,847,1116
566908,843,1118
566909,845,1122
566910,846,1126
566911,851,1130
566912,851,1129
566913,849,1127
566914,847,1129
566915,845,1133
566916,846,1140
566917,851,1141
566918,852,1142
566919,847,1143
566920,844,1145
566921,847,1149
566922,851,1156
566923,850,1157
566924,854,1157
566925,854,1155
566926,852,1158
566927,853,1161
566928,858,1164
566929,862,1166
566930,863,1165
566931,864,1161
566932,863,1161
566933,865,1160
566934,871,1162
566935,878,1160
566936,881,1157
566937,881,1153
566938,880,1150
566939,884,1152
566940,887,1154
566941,894,1147
566942,895,1142
566943,895,1136
566944,896,1134
566945,900,1128
566946,905,1124
566947,914,1119
566948,916,1111
566949,918,1105
566950,918,1098
566951,920,1094
566952,925,1091
566953,928,1085
566954,931,1080
566955,931,1072
566956,931,1067
566957,931,1063
566958,940,1061
566959,943,1060
566960,942,1057
566961,942,1047
566962,940,1044
566963,941,1041
566964,945,1042
566965,948,1039
566966,947,1034
566967,946,1033
566968,944,1031
566969,945,1031
566970,948,1030
566971,953,1029
566972,949,1026
566973,948,1022
566974,946,1025
566975,947,1026
566976,950,1026
566977,953,1028
566978,953,1024
566979,953,1023
566980,952,1023
566981,951,1021
566982,955,1023
566983,958,1025
566984,958,1021
566985,954,1018
566986,955,1019
566987,955,1021
566988,959,1026
566989,959,1026
566990,954,1026
566991,955,1026
566992,951,1024
566993,954,1029
566994,959,1030
566995,961,1026
566996,964,1022
566997,962,1019
566998,960,1018
566999,960,1022
567000,960,1026
567001,962,1025
567002,963,1023
567003,959,1021
567004,954,1021
567005,958,1025
567006,957,1026
567007,960,1025
567008,961,1025
567009,956,1022
567010,959,1020
567011,958,1023
567012,960,1024
567013,964,1025
567014,963,1021
567015,960,1016
567016,960,1017
567017,963,1022
567018,965,1024
567019,965,1024
567020,966,1025
567021,961,1024
567022,956,1023
567023,960,1026
567024,961,1029
567025,962,1027
567026,962,1025
567027,958,1022
567028,957,1023
567029,961,1026
567030,963,1026
567031,965,1024
567032,962,1024
567033,961,1019
567034,958,1019
567035,959,1022
567036,962,1026
567037,967,1024
567038,963,1023
567039,960,1021
567040,958,1020
567041,960,1024
567042,964,1029
567043,968,1027
567044,966,1025
567045,963,1025
567046,958,1023
567047,959,1026
567048,964,1026
567049,967,1026
567050,964,1027
567051,960,1025
567052,958,1026
567053,962,1028
567054,964,1030
567055,967,1030
567056,966,1029
567057,965,1027
567058,961,1024
567059,963,1029
567060,967,1030
567061,967,1028
567062,971,1028
567063,969,1025
567064,966,1026
567065,968,1029
567066,965,1031
567067,972,1027
567068,969,1027
567069,968,1024
567070,965,1025
567071,966,1030
567072,968,1035
567073,972,1034
567074,969,1033
567075,964,1028
567076,962,1026
567077,965,1027
567078,967,1029
567079,969,1029
567080,968,1027
567081,966,1025
567082,964,1026
567083,966,1027
567084,967,1030
567085,968,1028
567086,967,1024
567087,963,1024
567088,965,1023
567089,964,1026
567090,967,1030
567091,970,1031
567092,972,1027
567093,970,1025
567094,969,1024
567095,969,1026
567096,970,1028
567097,972,1027
567098,970,1026
567099,968,1022
567100,968,1027
567101,967,1026
567102,971,1030
567103,974,1027
567104,975,1026
567105,972,1024
567106,972,1022
567107,973,1026
567108,974,1027
567109,975,1024
567110,979,1024
567111,975,1023
567112,975,1024
567113,976,1024
567114,980,1025
567115,982,1026
567116,979,1024
567117,977,1025
567118,972,1024
567119,971,1026
567120,978,1027
567121,978,1028
567122,979,1026
567123,978,1023
567124,974,1022
567125,978,1023
567126,977,1026
567127,979,1023
567128,978,1021
567129,976,1017
567130,974,1021
567131,975,1024
567132,976,1026
567133,980,1026
567134,980,1023
567135,978,1020
567136,973,1021
567137,973,1023
567138,974,1022
567139,976,1019
567140,981,1018
567141,984,1012
567142,989,1012
567143,1001,1008
567144,1014,1009
567145,1034,1005
567146,1050,1001
567147,1075,989
567148,1109,978
567149,1149,966
567150,1191,962
567151,1235,960
567152,1273,969
567153,1303,986
567154,1308,1008
567155,1287,1022
567156,1242,1029
567157,1184,1037
567158,1113,1046
567159,1047,1057
567160,986,1065
567161,947,1073
567162,942,1078
567163,955,1070
567164,967,1060
567165,974,1047
567166,979,1035
567167,982,1028
567168,979,1026
567169,978,1024
567170,974,1024
567171,971,1022
567172,966,1023
567173,965,1021
567174,968,1018
567175,967,1016
567176,964,1017
567177,961,1013
567178,958,1015
567179,956,1018
567180,957,1021
567181,961,1022
567182,959,1018
567183,957,1019
567184,953,1020
567185,954,1023
567186,958,1025
567187,960,1028
567188,956,1028
567189,956,1025
567190,955,1027
567191,957,1029
567192,955,1032
567193,959,1029
567194,958,1032
567195,959,1028
567196,957,1029
567197,957,1028
567198,956,1030
567199,954,1029
567200,955,1026
567201,952,1026
567202,951,1024
567203,953,1028
567204,955,1030
567205,959,1026
567206,958,1021
567207,956,1016
567208,953,1016
567209,954,1018
567210,959,1020
567211,961,1020
567212,960,1020
567213,959,1012
567214,957,1014
567215,959,1015
567216,961,1017
567217,961,1018
567218,962,1013
567219,958,1012
567220,956,1007
567221,958,1009
567222,960,1009
567223,963,1010
567224,964,1009
567225,965,1004
567226,962,1002
567227,963,1004
567228,959,1007
567229,967,1006
567230,967,1005
567231,968,998
567232,968,998
567233,970,1000
567234,972,1002
567235,976,1006
567236,975,1007
567237,972,1004
567238,971,1001
567239,972,1001
567240,977,1000
567241,983,997
567242,982,994
567243,981,990
567244,980,988
567245,983,988
567246,987,988
567247,989,988
567248,988,984
567249,987,982
567250,988,978
567251,989,978
567252,993,980
567253,996,978
567254,999,978
567255,1001,975
567256,999,976
567257,1000,975
567258,1007,980
567259,1012,979
567260,1011,979
567261,1010,976
567262,1012,974
567263,1011,977
567264,1016,979
567265,1022,979
567266,1021,978
567267,1014,973
567268,1014,977
567269,1014,982
567270,1016,986
567271,1017,989
567272,1014,991
567273,1008,990
567274,1007,995
567275,1010,1001
567276,1011,1006
567277,1011,1008
567278,1007,1009
567279,1001,1008
567280,997,1008
567281,998,1012
567282,997,1018
567283,1002,1019
567284,995,1022
567285,995,1023
567286,993,1024
567287,991,1024
567288,993,1027
567289,993,1027
567290,991,1024
567291,987,1021
567292,983,1024
567293,982,1025
567294,985,1026
567295,985,1024
567296,983,1022
567297,977,1019
567298,976,1019
567299,975,1020
567300,978,1021
567301,979,1024
567302,981,1022
567303,975,1021
567304,971,1023
567305,975,1024
567306,977,1026
567307,979,1026
567308,978,1022
567309,977,1016
567310,975,1013
567311,978,1019
567312,977,1019
567313,980,1019
567314,980,1017
567315,980,1012
567316,979,1010
567317,980,1010
567318,980,1014
567319,983,1016
567320,979,1017
567321,978,1016
567322,976,1016
567323,974,1015
567324,980,1011
567325,984,1011
567326,981,1011
567327,980,1007
567328,978,1011
567329,976,1012
567330,980,1017
567331,983,1017
567332,983,1017
567333,977,1012
567334,975,1013
567335,975,1018
567336,974,1023
567337,980,1025
567338,979,1023
567339,974,1020
567340,972,1021
567341,975,1020
567342,978,1023
567343,977,1023
567344,975,1023
567345,974,1022
567346,972,1020
567347,971,1023
567348,973,1026
567349,973,1025
567350,974,1023
567351,969,1021
567352,968,1020
567353,969,1024
567354,971,1027
567355,973,1028
567356,973,1025
567357,969,1024
567358,967,1021
567359,969,1023
567360,971,1025
567361,973,1025
567362,969,1023
567363,969,1023
567364,966,1025
567365,966,1028
567366,966,1032
567367,969,1031
567368,968,1027
567369,967,1022
567370,965,1026
567371,964,1025
567372,967,1029
567373,973,1027
567374,972,1025
567375,971,1020
567376,968,1019
567377,970,1022
567378,974,1025
567379,972,1025
567380,972,1021
567381,971,1020
567382,969,1020
567383,968,1022
567384,968,1025
567385,970,1024
567386,970,1025
567387,969,1023
567388,968,1024
567389,969,1028
567390,970,1035
567391,973,1033
567392,970,1030
567393,968,1025
567394,965,1025
567395,966,1030
567396,969,1031
567397,969,1030
567398,970,1026
567399,967,1024
567400,964,1027
567401,964,1031
567402,966,1034
567403,965,1033
567404,966,1028
567405,965,1027
567406,961,1028
567407,961,1030
567408,968,1032
567409,969,1030
567410,967,1027
567411,969,1023
567412,964,1024
567413,963,1026
567414,967,1028
567415,968,1030
567416,968,1029
567417,966,1026
567418,965,1027
567419,965,1028
567420,965,1031
567421,967,1030
567422,966,1032
567423,963,1027
567424,960,1027
567425,960,1028
567426,965,1033
567427,969,1033
567428,968,1032
567429,964,1029
567430,962,1027
567431,963,1030
567432,964,1032
567433,969,1033
567434,968,1033
567435,966,1027
567436,964,1027
567437,965,1024
567438,967,1027
567439,974,1027
567440,972,1028
567441,967,1028
567442,965,1028
567443,966,1032
567444,970,1032
567445,971,1029
567446,970,1027
567447,968,1027
567448,968,1030
567449,967,1035
567450,968,1035
567451,971,1037
567452,967,1033
567453,964,1029
567454,960,1033
567455,961,1032
567456,965,1034
567457,968,1035
567458,967,1030
567459,965,1027
567460,961,1026
567461,961,1029
567462,963,1033
567463,967,1030
567464,964,1028
567465,965,1024
567466,963,1023
567467,965,1027
567468,968,1029
567469,971,1030
567470,972,1029
567471,967,1026
567472,965,1028
567473,963,1031
567474,966,1033
567475,965,1035
567476,964,1034
567477,964,1030
567478,963,1030
567479,966,1027
567480,969,1027
567481,973,1025
567482,970,1024
567483,968,1021
567484,964,1025
567485,966,1029
567486,969,1030
567487,971,1027
567488,972,1025
567489,968,1020
567490,968,1021
567491,969,1025
567492,971,1030
567493,975,1028
567494,971,1027
567495,967,1025
567496,965,1026
567497,966,1030
567498,970,1032
567499,972,1031
567500,973,1027
567501,968,1023
567502,965,1023
567503,968,1026
567504,968,1029
567505,972,1029
567506,970,1032
567507,967,1030
567508,964,1029
567509,966,1029
567510,971,1030
567511,973,1030
567512,971,1029
567513,968,1025
567514,964,1028
567515,963,1032
567516,964,1036
567517,965,1035
567518,969,1033
567519,967,1032
567520,961,1030
567521,966,1031
567522,967,1034
567523,971,1033
567524,968,1031
567525,965,1026
567526,963,1026
567527,964,1028
567528,966,1033
567529,969,1033
567530,968,1033
567531,966,1027
567532,964,1025
567533,965,1026
567534,967,1027
567535,970,1028
567536,967,1023
567537,962,1023
567538,961,1024
567539,960,1027
567540,965,1030
567541,970,1030
567542,968,1030
567543,966,1026
567544,964,1029
567545,967,1027
567546,970,1028
567547,972,1023
567548,974,1020
567549,971,1018
567550,970,1022
567551,970,1026
567552,972,1031
567553,974,1030
567554,974,1029
567555,971,1028
567556,967,1031
567557,969,1032
567558,974,1035
567559,977,1034
567560,977,1031
567561,973,1030
567562,968,1030
567563,971,1031
567564,970,1029
567565,974,1027
567566,967,1022
567567,967,1022
567568,966,1021
567569,966,1025
567570,968,1029
567571,971,1027
567572,967,1026
567573,967,1026
567574,967,1024
567575,966,1024
567576,968,1026
567577,970,1024
567578,971,1025
567579,967,1022
567580,965,1024
567581,967,1024
567582,970,1027
567583,972,1028
567584,969,1026
567585,967,1023
567586,965,1027
567587,968,1030
567588,967,1032
567589,974,1029
567590,973,1027
567591,973,1024
567592,975,1023
567593,975,1025
567594,976,1027
567595,977,1030
567596,975,1029
567597,975,1026
567598,975,1025
567599,977,1027
567600,980,1029
567601,984,1026
567602,982,1022
567603,983,1016
567604,982,1016
567605,990,1016
567606,1004,1015
567607,1021,1014
567608,1038,1007
567609,1060,1001
567610,1086,990
567611,1124,976
567612,1164,968
567613,1203,960
567614,1241,962
567615,1277,972
567616,1295,992
567617,1284,1015
567618,1243,1027
567619,1182,1029
567620,1114,1034
567621,1045,1045
567622,983,1059
567623,950,1067
567624,944,1067
567625,954,1060
567626,962,1049
567627,969,1037
567628,971,1031
567629,973,1033
567630,970,1032
567631,969,1031
567632,962,1028
567633,955,1027
567634,954,1025
567635,950,1030
567636,954,1034
567637,956,1031
567638,956,1029
567639,952,1026
567640,952,1025
567641,954,1028
567642,953,1033
567643,957,1033
567644,954,1032
567645,952,1033
567646,951,1029
567647,954,1031
567648,954,1032
567649,960,1030
567650,957,1029
567651,955,1026
567652,953,1029
567653,953,1033
567654,956,1038
567655,957,1036
567656,958,1034
567657,956,1033
567658,955,1034
567659,954,1035
567660,953,1036
567661,960,1035
567662,958,1034
567663,956,1033
567664,952,1032
567665,954,1033
567666,958,1035
567667,957,1034
567668,956,1028
567669,952,1027
567670,954,1028
567671,954,1025
567672,955,1029
567673,959,1030
567674,957,1029
567675,956,1025
567676,955,1027
567677,955,1031
567678,957,1033
567679,957,1030
567680,955,1021
567681,954,1016
567682,956,1015
567683,955,1017
567684,960,1020
567685,959,1023
567686,963,1018
567687,963,1014
567688,960,1011
567689,960,1016
567690,961,1014
567691,965,1013
567692,964,1007
567693,965,1005
567694,961,1009
567695,966,1014
567696,971,1015
567697,973,1013
567698,972,1012
567699,969,1008
567700,967,1007
567701,970,1009
567702,975,1011
567703,979,1009
567704,981,1008
567705,980,1002
567706,978,1003
567707,981,1004
567708,983,1005
567709,988,1002
567710,990,1000
567711,987,996
567712,986,997
567713,990,999
567714,993,998
567715,997,998
567716,1002,994
567717,998,993
567718,997,990
567719,999,990
567720,1005,994
567721,1005,993
567722,1005,996
567723,1002,994
567724,1001,1000
567725,1001,1007
567726,1006,1008
567727,1006,1003
567728,1002,1004
567729,999,1002
567730,994,1004
567731,996,1010
567732,992,1014
567733,994,1020
567734,992,1016
567735,987,1017
567736,986,1018
567737,986,1019
567738,986,1024
567739,986,1024
567740,987,1022
567741,983,1020
567742,980,1019
567743,981,1020
567744,984,1024
567745,986,1024
567746,984,1024
567747,975,1023
567748,977,1022
567749,974,1026
567750,980,1031
567751,981,1030
567752,977,1029
567753,975,1025
567754,977,1026
567755,975,1027
567756,976,1028
567757,981,1027
567758,978,1026
567759,974,1025
567760,972,1026
567761,971,1026
567762,974,1032
567763,980,1028
567764,978,1023
567765,973,1021
567766,972,1023
567767,971,1025
567768,976,1027
567769,979,1027
567770,979,1020
567771,975,1018
567772,973,1018
567773,975,1018
567774,977,1018
567775,976,1015
567776,973,1017
567777,972,1016
567778,969,1016
567779,970,1020
567780,975,1026
567781,977,1025
567782,978,1025
567783,974,1023
567784,971,1023
567785,973,1025
567786,978,1028
567787,975,1026
567788,970,1023
567789,968,1021
567790,967,1024
567791,970,1026
567792,971,1027
567793,974,1028
567794,974,1025
567795,972,1024
567796,967,1026
567797,968,1030
567798,972,1032
567799,973,1033
567800,972,1028
567801,968,1029
567802,966,1029
567803,963,1029
567804,967,1029
567805,971,1030
567806,967,1028
567807,966,1029
567808,967,1033
567809,969,1038
567810,971,1039
567811,974,1034
567812,973,1025
567813,971,1023
567814,972,1022
567815,971,1023
567816,973,1023
567817,974,1025
567818,973,1022
567819,971,1019
567820,968,1020
567821,971,1023
567822,972,1025
567823,975,1026
567824,975,1021
567825,968,1020
567826,964,1023
567827,968,1026
567828,969,1027
567829,971,1022
567830,970,1021
567831,965,1019
567832,964,1023
567833,965,1027
567834,964,1027
567835,970,1028
567836,971,1026
567837,968,1024
567838,966,1023
567839,967,1028
567840,967,1032
567841,971,1033
567842,971,1029
567843,967,1028
567844,965,1029
567845,966,1034
567846,970,1039
567847,971,1035
567848,972,1029
567849,969,1031
567850,967,1029
567851,967,1034
567852,970,1039
567853,966,1039
567854,966,1033
567855,963,1034
567856,960,1033
567857,964,1036
567858,968,1038
567859,971,1039
567860,973,1039
567861,969,1035
567862,967,1032
567863,967,1031
567864,972,1031
567865,973,1028
567866,973,1026
567867,973,1024
567868,968,1027
567869,971,1029
567870,974,1030
567871,976,1029
567872,974,1024
567873,971,1023
567874,967,1023
567875,968,1024
567876,968,1025
567877,971,1025
567878,975,1023
567879,970,1024
567880,968,1026
567881,966,1024
567882,970,1031
567883,971,1030
567884,972,1025
567885,969,1023
567886,968,1026
567887,969,1029
567888,973,1034
567889,975,1032
567890,974,1033
567891,974,1028
567892,973,1031
567893,973,1036
567894,976,1039
567895,977,1040
567896,977,1038
567897,976,1033
567898,972,1029
567899,975,1033
567900,979,1035
567901,981,1033
567902,977,1030
567903,978,1029
567904,977,1028
567905,977,1031
567906,978,1035
567907,981,1034
567908,977,1034
567909,975,1027
567910,976,1031
567911,976,1033
567912,978,1034
567913,980,1030
567914,976,1026
567915,973,1022
567916,972,1023
567917,971,1022
567918,976,1024
567919,978,1025
567920,972,1023
567921,971,1020
567922,971,1019
567923,970,1023
567924,975,1027
567925,976,1027
567926,974,1025
567927,972,1024
567928,971,1022
567929,972,1028
567930,975,1030
567931,976,1032
567932,975,1029
567933,970,1026
567934,970,1030
567935,974,1033
567936,977,1033
567937,980,1033
567938,981,1031
567939,975,1029
567940,975,1029
567941,978,1035
567942,980,1035
567943,984,1029
567944,985,1028
567945,982,1025
567946,978,1027
567947,980,1030
567948,982,1033
567949,982,1032
567950,980,1029
567951,977,1027
567952,976,1027
567953,975,1031
567954,978,1036
567955,982,1032
567956,979,1028
567957,976,1026
567958,973,1026
567959,974,1027
567960,973,1031
567961,975,1030
567962,975,1031
567963,973,1029
567964,970,1032
567965,968,1035
567966,976,1035
567967,972,1033
567968,973,1031
567969,973,1028
567970,971,1027
567971,972,1028
567972,974,1032
567973,975,1031
567974,975,1031
567975,971,1029
567976,973,1028
567977,975,1031
567978,980,1035
567979,982,1033
567980,981,1030
567981,980,1029
567982,978,1029
567983,981,1029
567984,982,1029
567985,987,1027
567986,988,1024
567987,984,1023
567988,984,1023
567989,984,1025
567990,989,1028
567991,991,1028
567992,991,1027
567993,988,1026
567994,986,1025
567995,985,1027
567996,987,1029
567997,988,1028
567998,986,1026
567999,982,1025
568000,982,1024
568001,983,1029
568002,986,1032
568003,989,1032
568004,985,1030
568005,982,1026
568006,977,1026
568007,978,1026
568008,981,1031
568009,984,1031
568010,984,1030
568011,982,1030
568012,981,1032
568013,983,1036
568014,985,1034
568015,985,1030
568016,985,1027
568017,980,1023
568018,980,1021
568019,992,1019
568020,1005,1018
568021,1024,1014
568022,1043,1008
568023,1066,999
568024,1091,987
568025,1130,972
568026,1173,963
568027,1213,958
568028,1257,959
568029,1295,971
568030,1314,998
568031,1301,1021
568032,1258,1034
568033,1193,1037
568034,1127,1043
568035,1065,1056
568036,1002,1067
568037,959,1080
568038,950,1081
568039,963,1075
568040,977,1059
568041,986,1045
568042,988,1038
568043,989,1036
568044,985,1037
568045,983,1028
568046,981,1028
568047,974,1024
568048,970,1025
568049,969,1026
568050,969,1029
568051,971,1031
568052,969,1033
568053,963,1032
568054,959,1032
568055,959,1035
568056,961,1034
568057,967,1032
568058,964,1032
568059,964,1031
568060,961,1034
568061,960,1036
568062,963,1039
568063,962,1035
568064,958,1032
568065,956,1029
568066,955,1031
568067,957,1033
568068,960,1033
568069,963,1031
568070,961,1031
568071,957,1031
568072,954,1029
568073,955,1032
568074,960,1033
568075,961,1030
568076,963,1030
568077,957,1028
568078,956,1030
568079,957,1032
568080,959,1034
568081,961,1032
568082,960,1029
568083,960,1023
568084,958,1022
568085,960,1025
568086,961,1027
568087,966,1024
568088,964,1021
568089,962,1022
568090,958,1020
568091,957,1022
568092,963,1024
568093,963,1025
568094,966,1023
568095,962,1019
568096,963,1021
568097,963,1021
568098,969,1021
568099,973,1017
568100,971,1014
568101,968,1011
568102,967,1010
568103,970,1014
568104,970,1012
568105,975,1012
568106,977,1007
568107,974,1004
568108,971,1005
568109,972,1007
568110,974,1009
568111,977,1009
568112,977,1007
568113,978,1003
568114,977,1000
568115,979,998
568116,985,999
568117,986,998
568118,987,996
568119,985,994
568120,983,994
568121,986,997
568122,989,999
568123,992,995
568124,994,994
568125,992,990
568126,992,990
568127,994,991
568128,997,991
568129,1000,991
568130,999,989
568131,999,987
568132,992,984
568133,1001,986
568134,1002,989
568135,1002,990
568136,1005,992
568137,1001,992
568138,1000,995
568139,997,998
568140,999,1006
568141,1001,1008
568142,997,1007
568143,992,1004
568144,991,1005
568145,993,1008
568146,995,1012
568147,995,1013
568148,992,1015
568149,987,1014
568150,982,1018
568151,981,1021
568152,980,1024
568153,979,1027
568154,978,1027
568155,970,1027
568156,972,1028
568157,974,1032
568158,976,1034
568159,977,1036
568160,975,1032
568161,976,1028
568162,970,1027
568163,976,1029
568164,979,1034
568165,979,1033
568166,978,1031
568167,976,1025
568168,974,1024
568169,976,1027
568170,978,1028
568171,980,1029
568172,978,1028
568173,975,1026
568174,974,1026
568175,975,1029
568176,978,1030
568177,978,1025
568178,980,1022
568179,975,1020
568180,974,1021
568181,975,1023
568182,981,1026
568183,982,1025
568184,980,1023
568185,978,1019
568186,977,1024
568187,976,1025
568188,979,1026
568189,980,1025
568190,980,1024
568191,978,1021
568192,975,1023
568193,978,1027
568194,980,1031
568195,981,1028
568196,975,1027
568197,981,1023
568198,976,1024
568199,978,1027
568200,980,1032
568201,984,1033
568202,981,1032
568203,975,1029
568204,971,1030
568205,974,1032
568206,978,1032
568207,978,1030
568208,978,1026
568209,975,1020
568210,972,1024
568211,975,1027
568212,977,1029
568213,980,1024
568214,979,1024
568215,978,1021
568216,973,1022
568217,973,1026
568218,977,1029
568219,980,1025
568220,977,1024
568221,975,1021
568222,976,1022
568223,976,1022
568224,978,1027
568225,978,1025
568226,977,1024
568227,976,1022
568228,972,1025
568229,974,1028
568230,977,1031
568231,978,1033
568232,977,1030
568233,972,1026
568234,971,1027
568235,972,1025
568236,973,1028
568237,976,1031
568238,974,1029
568239,969,1027
568240,969,1029
568241,972,1032
568242,975,1034
568243,978,1032
568244,975,1031
568245,973,1029
568246,970,1030
568247,971,1032
568248,975,1037
568249,977,1036
568250,974,1036
568251,970,1034
568252,967,1036
568253,972,1035
568254,977,1032
568255,979,1030
568256,976,1027
568257,968,1025
568258,969,1026
568259,969,1027
568260,971,1028
568261,975,1032
568262,973,1029
568263,971,1027
568264,970,1031
568265,970,1035
568266,970,1037
568267,975,1032
568268,976,1028
568269,971,1024
568270,967,1027
568271,973,1030
568272,972,1032
568273,976,1029
568274,976,1026
568275,972,1023
568276,971,1025
568277,971,1024
568278,972,1028
568279,976,1028
568280,976,1026
568281,973,1026
568282,973,1026
568283,973,1027
568284,976,1031
568285,979,1031
568286,977,1031
568287,973,1031
568288,971,1030
568289,972,1033
568290,974,1038
568291,976,1037
568292,976,1035
568293,968,1035
568294,967,1032
568295,972,1035
568296,976,1037
568297,980,1035
568298,975,1032
568299,975,1030
568300,971,1032
568301,973,1034
568302,974,1036
568303,974,1033
568304,973,1028
568305,970,1027
568306,968,1029
568307,969,1032
568308,970,1036
568309,973,1036
568310,971,1033
568311,969,1030
568312,967,1028
568313,969,1029
568314,974,1031
568315,976,1031
568316,975,1030
568317,971,1028
568318,975,1030
568319,973,1029
568320,975,1031
568321,975,1031
568322,973,1031
568323,972,1027
568324,973,1028
568325,975,1028
568326,977,1031
568327,980,1028
568328,978,1026
568329,975,1024
568330,973,1023
568331,976,1028
568332,979,1027
568333,979,1024
568334,978,1024
568335,974,1023
568336,974,1022
568337,976,1026
568338,978,1030
568339,983,1031
568340,980,1029
568341,976,1029
568342,974,1032
568343,975,1031
568344,977,1033
568345,979,1031
568346,977,1031
568347,976,1028
568348,974,1031
568349,975,1034
568350,978,1035
568351,979,1032
568352,977,1028
568353,974,1027
568354,977,1025
568355,976,1027
568356,980,1030
568357,982,1030
568358,979,1028
568359,977,1027
568360,974,1031
568361,972,1029
568362,978,1030
568363,981,1030
568364,983,1028
568365,980,1025
568366,980,1024
568367,980,1026
568368,984,1030
568369,984,1028
568370,982,1026
568371,983,1023
568372,980,1021
568373,981,1027
568374,985,1030
568375,987,1032
568376,981,1030
568377,980,1025
568378,978,1027
568379,981,1025
568380,985,1026
568381,987,1027
568382,986,1027
568383,983,1024
568384,982,1025
568385,984,1029
568386,986,1032
568387,985,1033
568388,985,1031
568389,983,1029
568390,979,1027
568391,981,1032
568392,985,1030
568393,988,1026
568394,990,1020
568395,991,1017
568396,1006,1013
568397,1028,1011
568398,1052,1010
568399,1085,1001
568400,1122,985
568401,1159,968
568402,1204,958
568403,1249,957
568404,1291,968
568405,1323,989
568406,1320,1010
568407,1273,1021
568408,1201,1029
568409,1131,1042
568410,1065,1058
568411,1003,1071
568412,962,1074
568413,951,1067
568414,965,1058
568415,982,1048
568416,990,1040
568417,994,1038
568418,986,1037
568419,978,1031
568420,974,1030
568421,975,1035
568422,976,1039
568423,975,1038
568424,972,1035
568425,969,1037
568426,967,1034
568427,969,1033
568428,971,1037
568429,970,1036
568430,966,1034
568431,965,1029
568432,963,1028
568433,963,1028
568434,965,1028
568435,970,1029
568436,968,1028
568437,965,1026
568438,962,1025
568439,965,1030
568440,967,1030
568441,969,1029
568442,969,1026
568443,967,1023
568444,964,1024
568445,968,1023
568446,969,1029
568447,971,1031
568448,971,1028
568449,967,1025
568450,965,1028
568451,967,1027
568452,970,1029
568453,973,1030
568454,971,1032
568455,971,1029
568456,970,1028
568457,967,1030
568458,973,1031
568459,974,1029
568460,971,1026
568461,971,1024
568462,971,1026
568463,972,1027
568464,975,1029
568465,978,1026
568466,978,1023
568467,974,1020
568468,972,1022
568469,975,1025
568470,980,1028
568471,979,1026
568472,980,1022
568473,981,1022
568474,981,1022
568475,984,1019
568476,985,1019
568477,988,1013
568478,991,1011
568479,988,1006
568480,989,1007
568481,992,1007
568482,997,1007
568483,998,1010
568484,1002,1004
568485,1001,1001
568486,1002,997
568487,1004,999
568488,1006,1002
568489,1011,1000
568490,1012,1003
568491,1011,999
568492,1010,998
568493,1010,1001
568494,1015,1007
568495,1015,1005
568496,1016,1000
568497,1010,995
568498,1009,995
568499,1012,996
568500,1018,1000
568501,1021,998
568502,1022,997
568503,1019,993
568504,1018,996
568505,1020,999
568506,1022,1002
568507,1023,1002
568508,1022,1002
568509,1017,999
568510,1014,1005
568511,1018,1006
568512,1017,1010
568513,1016,1011
568514,1011,1010
568515,1003,1011
568516,999,1010
568517,997,1013
568518,1001,1016
568519,999,1014
568520,996,1015
568521,993,1017
568522,988,1020
568523,986,1021
568524,986,1023
568525,985,1022
568526,980,1019
568527,978,1020
568528,978,1021
568529,976,1026
568530,979,1026
568531,979,1023
568532,978,1022
568533,974,1022
568534,972,1024
568535,974,1027
568536,978,1031
568537,979,1031
568538,982,1030
568539,981,1029
568540,981,1031
568541,982,1033
568542,983,1035
568543,982,1035
568544,984,1032
568545,978,1032
568546,980,1032
568547,982,1031
568548,987,1032
568549,988,1031
568550,986,1032
568551,985,1029
568552,980,1029
568553,984,1032
568554,988,1036
568555,990,1036
568556,986,1033
568557,984,1030
568558,983,1031
568559,982,1030
568560,985,1034
568561,987,1032
568562,984,1028
568563,984,1025
568564,981,1027
568565,981,1026
568566,983,1030
568567,984,1027
568568,981,1026
568569,980,1023
568570,977,1022
568571,977,1021
568572,977,1025
568573,978,1025
568574,978,1024
568575,979,1024
568576,979,1024
568577,980,1026
568578,982,1029
568579,984,1028
568580,981,1029
568581,978,1026
568582,979,1024
568583,979,1032
568584,979,1031
568585,983,1029
568586,983,1031
568587,980,1029
568588,979,1025
568589,978,1030
568590,983,1030
568591,986,1032
568592,983,1034
568593,979,1033
568594,978,1035
568595,981,1039
568596,982,1040
568597,983,1041
568598,979,1039
568599,979,1035
568600,976,1035
568601,976,1036
568602,981,1039
568603,984,1034
568604,980,1029
568605,978,1028
568606,978,1029
568607,979,1033
568608,980,1036
568609,984,1035
568610,982,1034
568611,977,1032
568612,977,1029
568613,979,1031
568614,980,1032
568615,982,1025
568616,980,1023
568617,973,1022
568618,972,1024
568619,974,1030
568620,977,1030
568621,977,1027
568622,977,1020
568623,975,1017
568624,975,1018
568625,974,1021
568626,979,1023
568627,981,1023
568628,976,1021
568629,974,1019
568630,973,1020
568631,975,1023
568632,980,1029
568633,981,1028
568634,982,1028
568635,980,1024
568636,978,1024
568637,980,1027
568638,982,1027
568639,986,1025
568640,988,1020
568641,993,1016
568642,1004,1017
568643,1016,1014
568644,1034,1013
568645,1060,1009
568646,1091,999
568647,1124,984
568648,1163,974
568649,1208,976
568650,1256,980
568651,1301,996
568652,1327,1011
568653,1322,1024
568654,1287,1027
568655,1231,1034
568656,1166,1044
568657,1094,1058
568658,1016,1071
568659,954,1077
568660,931,1079
568661,940,1074
568662,961,1063
568663,978,1051
568664,983,1042
568665,982,1034
568666,979,1027
568667,975,1031
568668,976,1034
568669,977,1031
568670,971,1030
568671,968,1026
568672,964,1029
568673,966,1027
568674,967,1032
568675,969,1029
568676,965,1027
568677,961,1024
568678,959,1027
568679,958,1029
568680,962,1034
568681,965,1033
568682,965,1032
568683,963,1029
568684,960,1027
568685,961,1028
568686,963,1029
568687,966,1032
568688,964,1030
568689,961,1025
568690,963,1026
568691,966,1029
568692,970,1031
568693,971,1030
568694,969,1027
568695,963,1027
568696,964,1026
568697,962,1030
568698,965,1035
568699,967,1030
568700,964,1030
568701,964,1029
568702,963,1032
568703,966,1034
568704,970,1038
568705,972,1036
568706,967,1034
568707,967,1027
568708,968,1029
568709,968,1027
568710,972,1027
568711,976,1026
568712,973,1024
568713,970,1021
568714,969,1022
568715,969,1022
568716,973,1022
568717,976,1021
568718,977,1020
568719,974,1018
568720,977,1015
568721,978,1017
568722,982,1016
568723,984,1013
568724,985,1009
568725,981,1007
568726,983,1007
568727,985,1008
568728,992,1008
568729,993,1004
568730,994,1001
568731,995,996
568732,991,998
568733,994,999
568734,995,999
568735,1001,994
568736,1003,989
568737,1003,986
568738,1003,983
568739,1003,988
568740,1008,986
568741,1011,985
568742,1011,983
568743,1010,977
568744,1011,980
568745,1010,982
568746,1014,986
568747,1017,982
568748,1014,979
568749,1012,977
568750,1012,981
568751,1011,987
568752,1011,992
568753,1012,993
568754,1012,991
568755,1010,988
568756,1008,990
568757,1008,992
568758,1008,998
568759,1009,999
568760,1006,1003
568761,1002,1003
568762,997,1007
568763,996,1012
568764,993,1019
568765,991,1019
568766,989,1019
568767,988,1020
568768,984,1023
568769,986,1027
568770,984,1029
568771,984,1028
568772,980,1023
568773,976,1024
568774,974,1029
568775,974,1031
568776,976,1031
568777,979,1030
568778,972,1026
568779,972,1025
568780,968,1028
568781,969,1031
568782,975,1036
568783,978,1032
568784,975,1028
568785,974,1025
568786,973,1025
568787,974,1029
568788,979,1028
568789,980,1031
568790,980,1032
568791,975,1031
568792,974,1029
568793,976,1030
568794,979,1033
568795,979,1034
568796,978,1033
568797,976,1030
568798,973,1031
568799,973,1032
568800,973,1033
568801,979,1032
568802,974,1032
568803,975,1030
568804,973,1029
568805,977,1032
568806,979,1036
568807,983,1039
568808,981,1033
568809,977,1032
568810,976,1035
568811,975,1037
568812,978,1041
568813,978,1038
568814,978,1031
568815,976,1028
568816,974,1029
568817,975,1034
568818,974,1035
568819,975,1034
568820,974,1032
568821,972,1032
568822,969,1032
568823,972,1033
568824,975,1034
568825,975,1031
568826,973,1029
568827,969,1027
568828,967,1030
568829,969,1034
568830,973,1033
568831,974,1030
568832,971,1023
568833,969,1023
568834,971,1024
568835,975,1030
568836,975,1030
568837,977,1029
568838,977,1030
568839,971,1027
568840,971,1031
568841,972,1033
568842,975,1039
568843,977,1039
568844,977,1034
568845,971,1033
568846,969,1032
568847,969,1034
568848,970,1036
568849,971,1036
568850,971,1032
568851,968,1027
568852,968,1025
568853,970,1029
568854,973,1033
568855,976,1033
568856,974,1032
568857,969,1030
568858,968,1030
568859,969,1031
568860,974,1031
568861,976,1030
568862,977,1024
568863,981,1021
568864,992,1021
568865,1006,1018
568866,1024,1015
568867,1046,1008
568868,1076,1001
568869,1109,985
568870,1145,974
568871,1191,974
568872,1235,978
568873,1280,986
568874,1314,1005
568875,1322,1023
568876,1303,1037
568877,1256,1038
568878,1198,1049
568879,1126,1059
568880,1049,1068
568881,978,1076
568882,935,1079
568883,929,1079
568884,941,1072
568885,958,1059
568886,968,1045
568887,973,1039
568888,970,1034
568889,968,1034
568890,969,1039
568891,963,1039
568892,964,1037
568893,959,1034
568894,950,1037
568895,951,1040
568896,949,1042
568897,949,1042
568898,948,1036
568899,943,1033
568900,942,1031
568901,944,1034
568902,948,1037
568903,949,1039
568904,948,1034
568905,946,1029
568906,941,1028
568907,945,1031
568908,947,1033
568909,947,1033
568910,947,1033
568911,944,1031
568912,943,1029
568913,946,1030
568914,951,1035
568915,951,1034
568916,950,1034
568917,946,1032
568918,946,1034
568919,946,1038
568920,951,1039
568921,952,1041
568922,953,1037
568923,949,1034
568924,945,1036
568925,951,1035
568926,950,1039
568927,952,1036
568928,951,1033
568929,951,1030
568930,949,1031
568931,952,1031
568932,956,1035
568933,957,1033
568934,958,1028
568935,953,1026
568936,955,1027
568937,954,1026
568938,958,1028
568939,958,1027
568940,960,1021
568941,959,1016
568942,956,1016
568943,960,1016
568944,960,1020
568945,962,1016
568946,962,1015
568947,961,1010
568948,960,1004
568949,963,1007
568950,966,1006
568951,970,1002
568952,966,1000
568953,969,996
568954,969,997
568955,972,997
568956,978,1002
568957,979,998
568958,979,994
568959,977,991
568960,975,993
568961,979,993
568962,988,992
568963,991,993
568964,990,993
568965,986,990
568966,985,992
568967,990,994
568968,995,995
568969,997,996
568970,999,992
568971,994,989
568972,993,989
568973,995,990
568974,999,994
568975,1002,995
568976,1002,992
568977,997,992
568978,997,997
568979,997,1000
568980,1000,1005
568981,1002,1003
568982,1001,1002
568983,996,1001
568984,995,1002
568985,990,1007
568986,995,1009
568987,996,1008
568988,993,1006
568989,992,1004
568990,987,1006
568991,985,1010
568992,986,1014
568993,987,1015
568994,984,1018
568995,978,1018
568996,971,1020
568997,971,1023
568998,973,1024
568999,974,1026
569000,971,1026
569001,970,1024
569002,968,1025
569003,967,1029
569004,967,1030
569005,967,1034
569006,964,1032
569007,961,1034
569008,958,1033
569009,960,1037
569010,962,1039
569011,966,1040
569012,966,1039
569013,964,1035
569014,963,1037
569015,963,1040
569016,965,1041
569017,965,1037
569018,966,1034
569019,962,1032
569020,963,1033
569021,966,1036
569022,970,1038
569023,971,1035
569024,972,1035
569025,969,1033
569026,967,1035
569027,967,1036
569028,970,1040
569029,972,1037
569030,972,1033
569031,971,1027
569032,969,1025
569033,970,1027
569034,972,1028
569035,974,1030
569036,971,1026
569037,964,1024
569038,965,1023
569039,967,1026
569040,970,1028
569041,972,1027
569042,971,1022
569043,971,1020
569044,966,1023
569045,967,1025
569046,970,1028
569047,969,1028
569048,966,1027
569049,965,1024
569050,964,1025
569051,963,1025
569052,966,1028
569053,968,1027
569054,967,1026
569055,963,1024
569056,960,1030
569057,960,1033
569058,963,1039
569059,960,1039
569060,959,1033
569061,957,1028
569062,954,1027
569063,958,1029
569064,964,1033
569065,965,1036
569066,967,1033
569067,958,1031
569068,959,1032
569069,960,1036
569070,963,1037
569071,963,1035
569072,961,1033
569073,958,1033
569074,960,1032
569075,963,1035
569076,964,1036
569077,967,1035
569078,963,1035
569079,962,1032
569080,961,1029
569081,960,1032
569082,965,1036
569083,965,1035
569084,965,1033
569085,965,1031
569086,962,1032
569087,965,1036
569088,966,1036
569089,966,1036
569090,964,1031
569091,962,1033
569092,961,1032
569093,963,1032
569094,966,1036
569095,967,1034
569096,964,1033
569097,960,1033
569098,960,1032
569099,959,1035
569100,961,1038
569101,964,1037
569102,963,1036
569103,960,1037
569104,958,1035
569105,961,1037
569106,964,1039
569107,963,1035
569108,962,1033
569109,963,1028
569110,962,1026
569111,964,1026
569112,967,1031
569113,967,1024
569114,966,1024
569115,964,1020
569116,961,1023
569117,966,1025
569118,965,1026
569119,968,1027
569120,968,1026
569121,966,1020
569122,968,1016
569123,974,1013
569124,984,1011
569125,998,1006
569126,1009,1000
569127,1024,996
569128,1047,990
569129,1085,981
569130,1127,971
569131,1171,961
569132,1209,958
569133,1244,963
569134,1277,985
569135,1299,1007
569136,1292,1023
569137,1253,1028
569138,1193,1029
569139,1124,1036
569140,1057,1057
569141,987,1078
569142,939,1089
569143,923,1092
569144,927,1081
569145,942,1069
569146,952,1056
569147,964,1048
569148,968,1043
569149,969,1041
569150,963,1036
569151,956,1036
569152,955,1035
569153,953,1038
569154,951,1040
569155,951,1036
569156,946,1034
569157,945,1031
569158,942,1031
569159,947,1036
569160,946,1038
569161,945,1037
569162,943,1036
569163,944,1032
569164,944,1033
569165,943,1036
569166,944,1036
569167,945,1039
569168,942,1036
569169,938,1030
569170,937,1030
569171,941,1031
569172,946,1034
569173,950,1035
569174,946,1032
569175,944,1030
569176,941,1032
569177,942,1034
569178,943,1034
569179,946,1032
569180,946,1033
569181,944,1031
569182,945,1034
569183,946,1031
569184,949,1026
569185,951,1025
569186,947,1020
569187,942,1016
569188,940,1016
569189,941,1020
569190,943,1023
569191,947,1023
569192,944,1022
569193,946,1019
569194,943,1020
569195,947,1022
569196,948,1023
569197,948,1021
569198,947,1020
569199,945,1014
569200,946,1015
569201,950,1013
569202,953,1016
569203,955,1014
569204,954,1009
569205,951,1009
569206,948,1010
569207,952,1013
569208,956,1012
569209,958,1011
569210,958,1007
569211,956,1006
569212,958,1006
569213,957,1007
569214,961,1008
569215,965,1005
569216,968,996
569217,966,993
569218,968,990
569219,970,995
569220,973,997
569221,974,995
569222,973,991
569223,974,992
569224,972,990
569225,976,991
569226,977,990
569227,979,985
569228,978,983
569229,977,980
569230,976,978
569231,980,983
569232,983,983
569233,983,983
569234,987,979
569235,986,976
569236,983,978
569237,985,980
569238,988,984
569239,992,980
569240,988,980
569241,985,981
569242,988,984
569243,989,990
569244,990,997
569245,991,998
569246,988,997
569247,987,997
569248,985,1002
569249,985,1007
569250,986,1010
569251,986,1009
569252,982,1011
569253,977,1009
569254,974,1014
569255,971,1022
569256,970,1026
569257,968,1025
569258,965,1026
569259,963,1027
569260,961,1031
569261,962,1033
569262,962,1034
569263,965,1036
569264,962,1032
569265,960,1032
569266,957,1033
569267,960,1036
569268,962,1037
569269,961,1033
569270,960,1030
569271,959,1028
569272,958,1028
569273,959,1027
569274,965,1032
569275,968,1028
569276,965,1027
569277,961,1029
569278,958,1028
569279,962,1028
569280,964,1030
569281,968,1027
569282,969,1021
569283,966,1021
569284,961,1021
569285,962,1023
569286,966,1023
569287,967,1020
569288,964,1020
569289,964,1019
569290,962,1021
569291,965,1023
569292,969,1026
569293,970,1024
569294,969,1023
569295,964,1023
569296,960,1025
569297,966,1024
569298,969,1025
569299,969,1022
569300,967,1018
569301,966,1017
569302,962,1020
569303,962,1022
569304,961,1025
569305,962,1023
569306,960,1020
569307,959,1016
569308,960,1015
569309,960,1016
569310,964,1020
569311,966,1019
569312,961,1017
569313,960,1017
569314,958,1016
569315,961,1020
569316,963,1025
569317,965,1021
569318,960,1021
569319,957,1019
569320,956,1021
569321,956,1023
569322,963,1026
569323,965,1025
569324,963,1024
569325,956,1021
569326,955,1025
569327,959,1029
569328,961,1029
569329,965,1024
569330,964,1022
569331,964,1019
569332,959,1021
569333,959,1022
569334,958,1024
569335,961,1026
569336,959,1029
569337,956,1026
569338,952,1029
569339,954,1028
569340,958,1029
569341,957,1030
569342,960,1027
569343,960,1025
569344,956,1026
569345,956,1031
569346,959,1037
569347,962,1035
569348,961,1032
569349,959,1031
569350,957,1030
569351,961,1032
569352,962,1031
569353,966,1029
569354,963,1027
569355,962,1024
569356,956,1027
569357,960,1029
569358,962,1031
569359,965,1034
569360,963,1032
569361,958,1032
569362,957,1034
569363,958,1034
569364,962,1036
569365,961,1035
569366,961,1029
569367,959,1024
569368,958,1025
569369,960,1028
569370,962,1028
569371,966,1029
569372,966,1026
569373,965,1024
569374,961,1025
569375,960,1029
569376,965,1033
569377,965,1028
569378,966,1027
569379,962,1024
569380,960,1021
569381,962,1025
569382,964,1028
569383,964,1026
569384,964,1025
569385,961,1023
569386,958,1022
569387,960,1023
569388,959,1025
569389,960,1020
569390,958,1019
569391,957,1019
569392,954,1020
569393,958,1025
569394,959,1028
569395,958,1027
569396,955,1024
569397,955,1021
569398,958,1022
569399,961,1023
569400,964,1025
569401,966,1027
569402,967,1025
569403,962,1023
569404,962,1026
569405,962,1027
569406,967,1029
569407,970,1028
569408,968,1025
569409,967,1021
569410,963,1021
569411,969,1019
569412,974,1018
569413,982,1012
569414,987,1008
569415,995,1003
569416,1008,1003
569417,1030,1002
569418,1056,1000
569419,1090,985
569420,1126,967
569421,1164,960
569422,1202,960
569423,1246,970
569424,1281,986
569425,1305,1004
569426,1296,1015
569427,1263,1017
569428,1212,1026
569429,1151,1036
569430,1097,1048
569431,1037,1059
569432,976,1067
569433,935,1068
569434,927,1069
569435,934,1064
569436,951,1059
569437,966,1047
569438,968,1037
569439,963,1030
569440,956,1027
569441,954,1029
569442,955,1032
569443,956,1029
569444,954,1026
569445,945,1024
569446,941,1025
569447,940,1027
569448,947,1028
569449,948,1028
569450,947,1026
569451,941,1025
569452,939,1028
569453,944,1032
569454,943,1036
569455,946,1033
569456,942,1030
569457,941,1026
569458,941,1026
569459,942,1029
569460,941,1028
569461,945,1027
569462,945,1023
569463,943,1021
569464,941,1022
569465,940,1026
569466,942,1030
569467,942,1031
569468,944,1028
569469,941,1026
569470,938,1025
569471,944,1026
569472,944,1029
569473,946,1027
569474,946,1023
569475,941,1019
569476,939,1023
569477,943,1024
569478,943,1026
569479,947,1022
569480,946,1018
569481,945,1019
569482,945,1019
569483,945,1024
569484,946,1025
569485,947,1024
569486,945,1018
569487,939,1016
569488,939,1018
569489,942,1019
569490,946,1021
569491,949,1020
569492,951,1016
569493,950,1011
569494,949,1012
569495,949,1014
569496,953,1015
569497,955,1015
569498,957,1013
569499,954,1011
569500,951,1014
569501,956,1013
569502,960,1012
569503,965,1009
569504,965,1006
569505,961,1002
569506,960,1002
569507,962,1003
569508,968,1005
569509,971,1005
569510,972,1002
569511,969,998
569512,968,999
569513,971,1000
569514,974,1001
569515,976,996
569516,974,995
569517,971,992
569518,970,992
569519,972,995
569520,976,994
569521,975,988
569522,974,987
569523,972,984
569524,975,985
569525,976,989
569526,977,989
569527,980,988
569528,979,984
569529,977,986
569530,978,988
569531,981,990
569532,984,990
569533,982,987
569534,981,987
569535,981,985
569536,977,989
569537,980,995
569538,985,999
569539,991,1000
569540,987,1000
569541,981,999
569542,979,1001
569543,983,1009
569544,985,1012
569545,984,1016
569546,983,1018
569547,978,1016
569548,974,1017
569549,975,1020
569550,973,1027
569551,974,1029
569552,972,1028
569553,968,1025
569554,966,1023
569555,965,1027
569556,967,1029
569557,965,1026
569558,961,1025
569559,958,1025
569560,960,1027
569561,961,1029
569562,963,1036
569563,965,1033
569564,964,1031
569565,958,1029
569566,958,1031
569567,959,1032
569568,961,1034
569569,963,1031
569570,961,1029
569571,960,1026
569572,958,1027
569573,958,1027
569574,960,1030
569575,962,1029
569576,961,1028
569577,958,1025
569578,959,1027
569579,961,1030
569580,961,1032
569581,958,1034
569582,958,1029
569583,955,1025
569584,954,1023
569585,953,1026
569586,956,1032
569587,957,1036
569588,957,1031
569589,957,1022
569590,955,1014
569591,956,1015
569592,961,1015
569593,964,1016
569594,960,1015
569595,956,1018
569596,955,1021
569597,958,1026
569598,960,1026
569599,963,1024
569600,965,1021
569601,964,1019
569602,961,1020
569603,963,1025
569604,963,1027
569605,963,1025
569606,961,1028
569607,959,1027
569608,958,1025
569609,959,1024
569610,962,1028
569611,962,1026
569612,962,1023
569613,958,1023
569614,957,1026
569615,953,1029
569616,960,1034
569617,959,1033
569618,958,1030
569619,954,1026
569620,952,1027
569621,955,1027
569622,956,1029
569623,957,1025
569624,957,1021
569625,951,1020
569626,951,1021
569627,954,1022
569628,957,1025
569629,959,1023
569630,957,1023
569631,953,1024
569632,952,1024
569633,953,1029
569634,955,1030
569635,957,1032
569636,953,1029
569637,950,1027
569638,950,1026
569639,955,1027
569640,956,1030
569641,959,1032
569642,958,1028
569643,957,1027
569644,958,1031
569645,957,1036
569646,958,1040
569647,962,1041
569648,960,1041
569649,960,1038
569650,961,1034
569651,964,1037
569652,964,1039
569653,964,1040
569654,964,1035
569655,959,1034
569656,958,1027
569657,959,1028
569658,965,1027
569659,975,1021
569660,983,1017
569661,990,1012
569662,1002,1011
569663,1027,1014
569664,1053,1010
569665,1086,999
569666,1126,983
569667,1170,971
569668,1214,968
569669,1252,969
569670,1295,984
569671,1315,1003
569672,1299,1016
569673,1253,1018
569674,1190,1024
569675,1120,1033
569676,1050,1052
569677,986,1064
569678,936,1070
569679,914,1071
569680,919,1063
569681,935,1054
569682,949,1047
569683,962,1037
569684,960,1030
569685,954,1026
569686,949,1028
569687,948,1027
569688,946,1030
569689,947,1028
569690,944,1028
569691,940,1027
569692,940,1030
569693,940,1035
569694,940,1037
569695,944,1034
569696,943,1027
569697,942,1025
569698,941,1027
569699,940,1030
569700,941,1036
569701,942,1038
569702,942,1033
569703,937,1031
569704,936,1031
569705,936,1032
569706,939,1035
569707,939,1034
569708,937,1033
569709,937,1031
569710,934,1032
569711,936,1033
569712,938,1034
569713,939,1033
569714,937,1028
569715,933,1027
569716,931,1026
569717,933,1031
569718,936,1031
569719,938,1031
569720,939,1029
569721,932,1027
569722,935,1031
569723,935,1032
569724,936,1033
569725,939,1027
569726,939,1023
569727,934,1017
569728,935,1018
569729,939,1024
569730,945,1025
569731,946,1024
569732,945,1022
569733,943,1020
569734,941,1020
569735,945,1020
569736,947,1027
569737,949,1023
569738,947,1025
569739,948,1022
569740,948,1021
569741,950,1021
569742,954,1021
569743,957,1016
569744,960,1012
569745,960,1010
569746,960,1011
569747,963,1011
569748,971,1013
569749,972,1009
569750,970,1009
569751,969,1007
569752,967,1005
569753,968,1000
569754,972,1001
569755,972,995
569756,973,992
569757,973,990
569758,972,989
569759,972,990
569760,975,991
569761,976,989
569762,974,985
569763,974,981
569764,970,979
569765,973,984
569766,978,984
569767,983,984
569768,983,981
569769,982,984
569770,977,984
569771,979,989
569772,983,991
569773,984,991
569774,983,987
569775,982,986
569776,981,989
569777,981,994
569778,982,999
569779,984,1003
569780,980,1002
569781,975,1005
569782,973,1006
569783,976,1010
569784,979,1017
569785,977,1017
569786,973,1018
569787,968,1018
569788,967,1024
569789,965,1027
569790,968,1029
569791,967,1027
569792,963,1024
569793,961,1026
569794,961,1029
569795,959,1031
569796,961,1036
569797,960,1033
569798,960,1032
569799,956,1029
569800,950,1031
569801,953,1034
569802,959,1035
569803,957,1030
569804,955,1031
569805,951,1030
569806,951,1031
569807,951,1033
569808,953,1036
569809,956,1037
569810,952,1035
569811,949,1031
569812,949,1033
569813,949,1031
569814,953,1036
569815,953,1035
569816,956,1033
569817,957,1031
569818,957,1032
569819,958,1037
569820,963,1041
569821,962,1040
569822,962,1038
569823,961,1035
569824,961,1033
569825,961,1035
569826,967,1037
569827,966,1038
569828,965,1039
569829,962,1038
569830,957,1040
569831,958,1042
569832,959,1041
569833,965,1038
569834,959,1034
569835,955,1033
569836,952,1033
569837,959,1036
569838,962,1040
569839,961,1041
569840,959,1037
569841,952,1036
569842,956,1031
569843,958,1033
569844,959,1037
569845,962,1034
569846,958,1034
569847,956,1034
569848,954,1034
569849,954,1037
569850,956,1038
569851,958,1037
569852,956,1034
569853,954,1028
569854,954,1031
569855,956,1031
569856,956,1035
569857,957,1036
569858,960,1036
569859,952,1033
569860,950,1030
569861,954,1034
569862,957,1036
569863,958,1035
569864,957,1034
569865,954,1035
569866,956,1038
569867,956,1037
569868,960,1041
569869,958,1041
569870,958,1037
569871,953,1037
569872,953,1036
569873,957,1038
569874,960,1039
569875,960,1039
569876,960,1036
569877,954,1035
569878,956,1036
569879,956,1040
569880,958,1044
569881,959,1044
569882,957,1040
569883,954,1035
569884,951,1037
569885,954,1040
569886,957,1043
569887,960,1046
569888,956,1043
569889,954,1042
569890,950,1045
569891,953,1050
569892,958,1047
569893,961,1043
569894,961,1038
569895,960,1036
569896,958,1037
569897,959,1040
569898,964,1042
569899,964,1036
569900,972,1034
569901,979,1025
569902,991,1022
569903,1010,1021
569904,1033,1017
569905,1063,1010
569906,1095,998
569907,1136,983
569908,1176,978
569909,1218,977
569910,1264,984
569911,1299,1001
569912,1314,1021
569913,1297,1030
569914,1247,1038
569915,1187,1044
569916,1123,1057
569917,1055,1069
569918,987,1077
569919,936,1081
569920,919,1083
569921,929,1081
569922,947,1072
569923,960,1060
569924,970,1050
569925,968,1039
569926,960,1038
569927,959,1039
569928,958,1044
569929,957,1045
569930,949,1042
569931,939,1042
569932,938,1042
569933,940,1046
569934,943,1046
569935,942,1041
569936,940,1037
569937,942,1033
569938,939,1036
569939,939,1038
569940,941,1041
569941,941,1041
569942,941,1038
569943,939,1036
569944,940,1037
569945,940,1043
569946,941,1046
569947,945,1044
569948,944,1042
569949,939,1039
569950,937,1042
569951,937,1042
569952,942,1047
569953,940,1043
569954,940,1042
569955,938,1039
569956,937,1039
569957,938,1041
569958,944,1046
569959,947,1044
569960,944,1044
569961,943,1038
569962,942,1040
569963,944,1045
569964,949,1051
569965,949,1046
569966,948,1042
569967,946,1039
569968,944,1034
569969,946,1033
569970,950,1037
569971,948,1035
569972,946,1032
569973,946,1029
569974,943,1030
569975,945,1029
569976,949,1032
569977,947,1031
569978,945,1027
569979,943,1026
569980,943,1023
569981,938,1025
569982,945,1027
569983,945,1025
569984,948,1019
569985,947,1017
569986,948,1017
569987,952,1019
569988,956,1020
569989,960,1014
569990,955,1011
569991,957,1010
569992,957,1008
569993,959,1012
569994,965,1013
569995,967,1007
569996,967,1002
569997,963,999
569998,963,1004
569999,967,1004
570000,973,1004
570001,974,1002
570002,973,1000
570003,971,997
570004,970,996
570005,974,991
570006,977,989
570007,980,989
570008,982,986
570009,980,983
570010,978,985
570011,982,987
570012,989,991
570013,991,989
570014,992,990
570015,989,989
570016,990,992
570017,991,997
570018,995,996
570019,996,999
570020,992,995
570021,988,996
570022,985,1001
570023,982,1007
570024,984,1008
570025,984,1011
570026,982,1011
570027,976,1013
570028,972,1021
570029,971,1026
570030,970,1030
570031,969,1032
570032,966,1032
570033,963,1030
570034,961,1034
570035,961,1035
570036,963,1037
570037,967,1038
570038,964,1036
570039,961,1036
570040,957,1042
570041,958,1044
570042,961,1042
570043,963,1038
570044,962,1032
570045,958,1030
570046,956,1029
570047,959,1034
570048,965,1034
570049,963,1034
570050,961,1030
570051,960,1028
570052,960,1031
570053,960,1034
570054,962,1036
570055,966,1034
570056,963,1032
570057,961,1028
570058,960,1031
570059,962,1030
570060,962,1031
570061,959,1031
570062,960,1028
570063,957,1026
570064,955,1027
570065,957,1031
570066,961,1032
570067,964,1028
570068,961,1024
570069,956,1023
570070,955,1025
570071,957,1030
570072,960,1029
570073,958,1029
570074,959,1027
570075,959,1025
570076,958,1026
570077,959,1028
570078,962,1029
570079,960,1029
570080,958,1024
570081,957,1023
570082,953,1027
570083,955,1032
570084,960,1033
570085,961,1030
570086,956,1029
570087,953,1024
570088,953,1026
570089,954,1028
570090,961,1033
570091,959,1030
570092,957,1029
570093,955,1026
570094,954,1029
570095,957,1031
570096,958,1034
570097,959,1035
570098,954,1032
570099,954,1029
570100,952,1032
570101,956,1031
570102,957,1031
570103,960,1030
570104,959,1026
570105,953,1025
570106,950,1028
570107,956,1027
570108,956,1032
570109,955,1030
570110,951,1027
570111,948,1025
570112,944,1024
570113,947,1025
570114,953,1028
570115,953,1028
570116,951,1029
570117,946,1028
570118,949,1034
570119,952,1033
570120,956,1033
570121,959,1032
570122,956,1029
570123,954,1027
570124,954,1023
570125,954,1024
570126,955,1029
570127,959,1029
570128,954,1027
570129,950,1023
570130,951,1023
570131,954,1026
570132,955,1031
570133,958,1031
570134,956,1027
570135,954,1025
570136,947,1026
570137,952,1027
570138,952,1030
570139,953,1029
570140,952,1027
570141,949,1025
570142,947,1027
570143,948,1028
570144,952,1032
570145,955,1035
570146,953,1032
570147,944,1031
570148,942,1029
570149,948,1032
570150,950,1030
570151,951,1029
570152,951,1026
570153,948,1022
570154,947,1024
570155,950,1027
570156,953,1032
570157,955,1031
570158,952,1026
570159,951,1025
570160,953,1024
570161,956,1027
570162,959,1028
570163,959,1031
570164,958,1030
570165,957,1027
570166,956,1027
570167,960,1029
570168,959,1031
570169,961,1031
570170,959,1028
570171,957,1025
570172,954,1025
570173,957,1023
570174,963,1022
570175,963,1017
570176,973,1011
570177,978,1003
570178,992,1001
570179,1009,1000
570180,1030,1000
570181,1061,990
570182,1095,975
570183,1131,958
570184,1174,954
570185,1216,958
570186,1256,974
570187,1283,997
570188,1282,1018
570189,1253,1026
570190,1199,1033
570191,1138,1043
570192,1075,1060
570193,1014,1070
570194,951,1077
570195,918,1080
570196,917,1077
570197,936,1066
570198,954,1055
570199,963,1040
570200,963,1035
570201,957,1029
570202,944,1032
570203,945,1033
570204,947,1033
570205,943,1038
570206,941,1036
570207,938,1028
570208,939,1025
570209,941,1027
570210,942,1028
570211,943,1028
570212,939,1025
570213,935,1023
570214,935,1026
570215,933,1033
570216,936,1036
570217,936,1034
570218,936,1030
570219,932,1027
570220,932,1027
570221,935,1029
570222,937,1026
570223,938,1025
570224,936,1022
570225,932,1023
570226,929,1024
570227,929,1023
570228,932,1026
570229,937,1023
570230,936,1022
570231,935,1018
570232,934,1021
570233,936,1024
570234,939,1024
570235,937,1023
570236,937,1024
570237,935,1022
570238,934,1021
570239,936,1022
570240,938,1024
570241,939,1023
570242,940,1022
570243,940,1021
570244,937,1023
570245,941,1021
570246,938,1021
570247,940,1015
570248,941,1011
570249,939,1009
570250,939,1011
570251,944,1015
570252,943,1016
570253,943,1018
570254,944,1016
570255,943,1011
570256,940,1011
570257,944,1013
570258,946,1013
570259,947,1009
570260,942,1006
570261,944,1003
570262,946,1000
570263,943,1000
570264,950,999
570265,951,997
570266,950,992
570267,947,988
570268,950,989
570269,952,990
570270,951,993
570271,955,994
570272,956,990
570273,953,988
570274,951,987
570275,954,990
570276,957,990
570277,956,986
570278,963,981
570279,961,973
570280,960,974
570281,966,978
570282,969,980
570283,972,980
570284,971,975
570285,971,973
570286,970,976
570287,971,981
570288,979,982
570289,979,982
570290,984,976
570291,981,977
570292,977,978
570293,981,983
570294,981,986
570295,982,989
570296,981,990
570297,980,990
570298,980,996
570299,979,1004
570300,978,1010
570301,979,1010
570302,975,1008
570303,969,1007
570304,970,1007
570305,966,1013
570306,968,1020
570307,968,1023
570308,963,1018
570309,960,1016
570310,954,1019
570311,955,1021
570312,954,1025
570313,955,1024
570314,953,1022
570315,951,1019
570316,948,1020
570317,948,1024
570318,950,1029
570319,952,1026
570320,952,1023
570321,950,1019
570322,949,1021
570323,952,1027
570324,952,1030
570325,952,1029
570326,952,1027
570327,954,1022
570328,954,1021
570329,955,1019
570330,960,1023
570331,961,1023
570332,959,1020
570333,956,1017
570334,957,1021
570335,958,1022
570336,957,1025
570337,961,1026
570338,961,1026
570339,959,1023
570340,956,1021
570341,961,1023
570342,956,1025
570343,961,1024
570344,957,1022
570345,956,1016
570346,955,1021
570347,959,1025
570348,960,1025
570349,962,1023
570350,961,1020
570351,957,1018
570352,953,1022
570353,956,1024
570354,959,1028
570355,960,1024
570356,958,1021
570357,954,1021
570358,952,1023
570359,955,1022
570360,956,1026
570361,954,1025
570362,954,1023
570363,950,1019
570364,952,1020
570365,955,1022
570366,957,1023
570367,959,1024
570368,956,1021
570369,955,1018
570370,954,1020
570371,956,1023
570372,955,1024
570373,956,1024
570374,952,1024
570375,954,1028
570376,952,1029
570377,954,1031
570378,957,1029
570379,957,1022
570380,955,1013
570381,953,1012
570382,951,1014
570383,955,1018
570384,954,1019
570385,954,1019
570386,953,1019
570387,952,1021
570388,950,1022
570389,953,1025
570390,958,1027
570391,957,1031
570392,952,1031
570393,952,1027
570394,950,1030
570395,954,1029
570396,956,1029
570397,957,1031
570398,954,1028
570399,952,1026
570400,950,1027
570401,951,1029
570402,952,1030
570403,957,1031
570404,956,1028
570405,953,1028
570406,950,1030
570407,951,1035
570408,954,1036
570409,955,1031
570410,951,1029
570411,949,1026
570412,948,1026
570413,952,1027
570414,955,1027
570415,956,1026
570416,955,1021
570417,953,1023
570418,948,1023
570419,953,1024
570420,955,1026
570421,957,1024
570422,957,1021
570423,955,1020
570424,955,1022
570425,956,1024
570426,955,1027
570427,956,1023
570428,953,1020
570429,952,1017
570430,951,1016
570431,954,1018
570432,957,1022
570433,956,1020
570434,954,1022
570435,953,1023
570436,950,1022
570437,954,1025
570438,958,1026
570439,959,1024
570440,956,1021
570441,956,1019
570442,954,1021
570443,955,1023
570444,956,1028
570445,956,1029
570446,955,1027
570447,952,1024
570448,953,1027
570449,956,1029
570450,957,1031
570451,958,1031
570452,959,1031
570453,955,1031
570454,954,1032
570455,956,1034
570456,957,1030
570457,960,1028
570458,959,1025
570459,957,1021
570460,955,1025
570461,958,1026
570462,961,1026
570463,960,1024
570464,955,1022
570465,952,1021
570466,950,1023
570467,954,1024
570468,957,1026
570469,959,1023
570470,958,1021
570471,957,1018
570472,955,1018
570473,956,1018
570474,955,1021
570475,955,1023
570476,957,1022
570477,952,1019
570478,950,1020
570479,955,1021
570480,957,1023
570481,954,1023
570482,958,1020
570483,956,1019
570484,956,1021
570485,958,1023
570486,959,1027
570487,962,1032
570488,960,1032
570489,958,1033
570490,958,1033
570491,959,1035
570492,963,1031
570493,965,1028
570494,964,1024
570495,960,1021
570496,960,1022
570497,962,1023
570498,964,1027
570499,968,1020
570500,970,1011
570501,972,1004
570502,984,1003
570503,1000,1006
570504,1023,1002
570505,1051,995
570506,1083,982
570507,1120,965
570508,1162,955
570509,1209,949
570510,1255,955
570511,1293,970
570512,1316,988
570513,1302,1005
570514,1255,1015
570515,1185,1020
570516,1117,1032
570517,1049,1041
570518,983,1050
570519,935,1051
570520,927,1050
570521,939,1041
570522,961,1033
570523,973,1025
570524,971,1019
570525,962,1017
570526,956,1019
570527,955,1024
570528,957,1028
570529,954,1027
570530,951,1024
570531,942,1022
570532,942,1024
570533,942,1027
570534,945,1027
570535,945,1022
570536,943,1018
570537,940,1017
570538,943,1021
570539,944,1023
570540,947,1024
570541,946,1023
570542,943,1019
570543,941,1018
570544,939,1018
570545,944,1025
570546,945,1029
570547,945,1029
570548,942,1026
570549,941,1025
570550,937,1025
570551,938,1026
570552,941,1025
570553,940,1021
570554,940,1020
570555,936,1016
570556,934,1020
570557,935,1022
570558,939,1023
570559,938,1025
570560,938,1023
570561,936,1019
570562,934,1022
570563,935,1024
570564,939,1027
570565,939,1024
570566,937,1019
570567,935,1021
570568,931,1022
570569,939,1021
570570,942,1022
570571,944,1022
570572,941,1025
570573,940,1019
570574,941,1014
570575,946,1008
570576,950,1010
570577,951,1009
570578,950,1006
570579,951,1006
570580,952,1008
570581,955,1009
570582,958,1012
570583,958,1011
570584,958,1007
570585,957,1002
570586,957,999
570587,961,998
570588,962,1001
570589,964,998
570590,966,993
570591,965,990
570592,962,994
570593,964,995
570594,968,997
570595,968,997
570596,968,991
570597,968,990
570598,968,996
570599,974,998
570600,978,995
570601,980,987
570602,981,984
570603,977,980
570604,981,983
570605,984,989
570606,989,993
570607,987,993
570608,988,989
570609,987,985
570610,988,986
570611,991,986
570612,994,991
570613,994,989
570614,992,990
570615,990,992
570616,992,993
570617,990,997
570618,994,998
570619,990,1002
570620,986,1003
570621,982,1009
570622,979,1012
570623,980,1015
570624,980,1013
570625,980,1009
570626,978,1009
570627,975,1011
570628,970,1015
570629,970,1019
570630,974,1022
570631,971,1021
570632,970,1019
570633,967,1016
570634,965,1016
570635,966,1016
570636,968,1018
570637,969,1017
570638,966,1013
570639,965,1011
570640,962,1014
570641,962,1016
570642,965,1017
570643,962,1017
570644,962,1014
570645,961,1014
570646,960,1016
570647,966,1021
570648,967,1020
570649,969,1020
570650,966,1017
570651,965,1018
570652,966,1020
570653,967,1024
570654,970,1022
570655,971,1017
570656,972,1014
570657,970,1010
570658,969,1014
570659,968,1016
570660,968,1018
570661,967,1016
570662,967,1012
570663,964,1011
570664,967,1013
570665,970,1018
570666,968,1020
570667,971,1018
570668,970,1014
570669,967,1012
570670,967,1014
570671,968,1016
570672,968,1019
570673,971,1016
570674,968,1015
570675,968,1010
570676,969,1010
570677,971,1012
570678,970,1014
570679,970,1015
570680,968,1011
570681,968,1010
570682,970,1011
570683,971,1013
570684,970,1017
570685,972,1013
570686,966,1011
570687,967,1009
570688,964,1010
570689,965,1014
570690,966,1016
570691,967,1013
570692,965,1011
570693,961,1011
570694,956,1013
570695,963,1016
570696,964,1020
570697,966,1022
570698,964,1018
570699,961,1017
570700,961,1018
570701,961,1020
570702,966,1022
570703,967,1019
570704,965,1018
570705,964,1016
570706,961,1014
570707,964,1016
570708,964,1015
570709,967,1013
570710,966,1010
570711,964,1009
570712,961,1011
570713,967,1016
570714,966,1017
570715,967,1015
570716,963,1014
570717,962,1011
570718,959,1015
570719,961,1016
570720,961,1018
570721,963,1016
570722,963,1012
570723,962,1009
570724,956,1009
570725,961,1011
570726,965,1013
570727,965,1010
570728,964,1004
570729,960,1001
570730,961,1002
570731,963,1004
570732,965,1009
570733,967,1011
570734,967,1009
570735,963,1010
570736,961,1015
570737,963,1017
570738,964,1017
570739,965,1016
570740,964,1012
570741,962,1012
570742,961,1012
570743,964,1017
570744,969,1018
570745,972,1017
570746,970,1017
570747,967,1017
570748,966,1016
570749,969,1014
570750,973,1012
570751,977,1006
570752,982,1002
570753,992,995
570754,1004,992
570755,1025,993
570756,1053,992
570757,1087,981
570758,1129,965
570759,1170,954
570760,1215,950
570761,1259,953
570762,1299,967
570763,1311,987
570764,1288,1001
570765,1228,1005
570766,1158,1018
570767,1087,1033
570768,1022,1052
570769,958,1063
570770,924,1062
570771,922,1058
570772,937,1046
570773,953,1039
570774,970,1028
570775,978,1020
570776,973,1015
570777,965,1011
570778,960,1014
570779,964,1016
570780,963,1018
570781,961,1012
570782,958,1010
570783,953,1009
570784,952,1013
570785,952,1016
570786,954,1019
570787,955,1020
570788,952,1012
570789,952,1011
570790,952,1012
570791,956,1016
570792,958,1014
570793,957,1015
570794,952,1013
570795,949,1009
570796,946,1012
570797,951,1016
570798,954,1018
570799,956,1016
570800,954,1012
570801,951,1008
570802,951,1010
570803,951,1009
570804,957,1009
570805,957,1008
570806,954,1003
570807,951,1002
570808,952,1002
570809,957,1004
570810,957,1006
570811,958,1001
570812,950,997
570813,949,994
570814,948,995
570815,950,998
570816,954,1000
570817,962,998
570818,965,996
570819,962,996
570820,963,1000
570821,964,999
570822,965,996
570823,966,995
570824,966,989
570825,965,986
570826,967,987
570827,971,988
570828,972,990
570829,975,992
570830,977,987
570831,978,981
570832,978,978
570833,983,976
570834,985,976
570835,987,974
570836,990,970
570837,988,966
570838,989,967
570839,990,967
570840,995,965
570841,994,963
570842,993,957
570843,991,955
570844,993,950
570845,995,953
570846,998,950
570847,1000,947
570848,997,940
570849,997,937
570850,994,939
570851,995,941
570852,998,944
570853,999,940
570854,998,942
570855,997,940
570856,999,943
570857,1001,943
570858,1002,948
570859,1005,953
570860,1003,950
570861,998,953
570862,996,957
570863,1000,960
570864,1001,966
570865,1002,969
570866,998,970
570867,995,973
570868,992,978
570869,993,982
570870,988,987
570871,992,993
570872,988,995
570873,987,996
570874,988,997
570875,988,998
570876,988,1002
570877,984,997
570878,980,994
570879,976,992
570880,973,999
570881,975,1000
570882,978,1005
570883,976,1003
570884,979,1003
570885,974,1002
570886,973,1003
570887,971,1009
570888,974,1011
570889,974,1012
570890,974,1012
570891,971,1008
570892,970,1011
570893,972,1014
570894,971,1015
570895,973,1014
570896,970,1015
570897,964,1014
570898,964,1015
570899,966,1013
570900,971,1016
570901,970,1011
570902,967,1010
570903,967,1009
570904,967,1013
570905,970,1019
570906,971,1026
570907,973,1023
570908,973,1021
570909,968,1016
570910,968,1014
570911,970,1012
570912,974,1012
570913,977,1013
570914,973,1012
570915,970,1012
570916,966,1015
570917,969,1018
570918,971,1016
570919,972,1011
570920,973,1004
570921,970,1005
570922,969,1007
570923,968,1010
570924,971,1012
570925,970,1010
570926,965,1009
570927,964,1007
570928,965,1009
570929,966,1012
570930,968,1016
570931,968,1017
570932,965,1014
570933,960,1010
570934,961,1011
570935,963,1012
570936,966,1016
570937,960,1015
570938,958,1015
570939,958,1013
570940,958,1012
570941,960,1012
570942,961,1010
570943,962,1010
570944,961,1008
570945,957,1006
570946,956,1010
570947,958,1018
570948,961,1016
570949,965,1013
570950,960,1011
570951,956,1008
570952,951,1008
570953,958,1008
570954,962,1008
570955,961,1006
570956,962,1005
570957,962,1008
570958,962,1010
570959,961,1012
570960,965,1016
570961,966,1014
570962,961,1012
570963,961,1011
570964,962,1009
570965,965,1012
570966,966,1015
570967,964,1014
570968,967,1012
570969,962,1011
570970,963,1014
570971,962,1017
570972,963,1017
570973,967,1013
570974,964,1015
570975,961,1016
570976,961,1015
570977,965,1012
570978,969,1013
570979,972,1010
570980,969,1011
570981,965,1008
570982,966,1015
570983,965,1017
570984,970,1021
570985,970,1019
570986,969,1016
570987,966,1015
570988,966,1012
570989,968,1012
570990,968,1012
570991,969,1008
570992,969,1001
570993,970,997
570994,981,995
570995,994,995
570996,1011,996
570997,1033,990
570998,1058,982
570999,1098,967
571000,1143,955
571001,1190,951
571002,1236,957
571003,1279,971
571004,1310,992
571005,1314,1015
571006,1286,1028
571007,1235,1033
571008,1169,1040
571009,1093,1052
571010,1017,1068
571011,953,1071
571012,925,1074
571013,930,1071
571014,949,1064
571015,961,1050
571016,971,1038
571017,972,1024
571018,968,1022
571019,967,1019
571020,968,1021
571021,967,1021
571022,963,1019
571023,961,1017
571024,961,1014
571025,957,1015
571026,961,1015
571027,959,1014
571028,957,1012
571029,951,1013
571030,951,1016
571031,951,1017
571032,955,1014
571033,955,1009
571034,955,1004
571035,951,1002
571036,949,1004
571037,951,1005
571038,954,1011
571039,952,1007
571040,952,1004
571041,948,1004
571042,947,1008
571043,948,1010
571044,952,1012
571045,951,1012
571046,949,1010
571047,947,1010
571048,947,1011
571049,946,1016
571050,947,1020
571051,953,1018
571052,953,1015
571053,951,1013
571054,951,1010
571055,955,1011
571056,956,1014
571057,955,1016
571058,956,1014
571059,953,1011
571060,954,1011
571061,957,1011
571062,963,1016
571063,963,1013
571064,958,1012
571065,958,1014
571066,958,1014
571067,959,1014
571068,963,1011
571069,967,1007
571070,967,999
571071,964,995
571072,965,997
571073,964,1001
571074,969,1002
571075,970,995
571076,967,995
571077,965,990
571078,966,989
571079,972,991
571080,976,991
571081,979,987
571082,981,984
571083,977,980
571084,976,984
571085,978,985
571086,981,988
571087,981,987
571088,978,985
571089,981,983
571090,980,980
571091,982,979
571092,985,978
571093,985,977
571094,981,975
571095,979,974
571096,981,976
571097,985,982
571098,990,980
571099,992,977
571100,992,973
571101,992,974
571102,993,977
571103,995,979
571104,998,982
571105,1000,981
571106,997,979
571107,994,976
571108,995,979
571109,999,982
571110,1000,984
571111,1003,985
571112,998,984
571113,994,986
571114,990,990
571115,992,994
571116,993,998
571117,991,996
571118,987,997
571119,984,997
571120,981,1002
571121,983,1007
571122,979,1010
571123,980,1009
571124,977,1007
571125,972,1008
571126,970,1010
571127,970,1014
571128,971,1017
571129,970,1018
571130,967,1013
571131,965,1012
571132,966,1017
571133,967,1023
571134,967,1026
571135,967,1022
571136,965,1017
571137,962,1016
571138,963,1017
571139,969,1018
571140,970,1020
571141,972,1018
571142,967,1016
571143,963,1014
571144,966,1017
571145,969,1017
571146,970,1020
571147,969,1017
571148,971,1013
571149,968,1011
571150,967,1014
571151,973,1014
571152,976,1017
571153,975,1012
571154,971,1012
571155,971,1011
571156,974,1017
571157,974,1018
571158,979,1018
571159,979,1015
571160,974,1011
571161,973,1010
571162,972,1008
571163,973,1012
571164,975,1017
571165,974,1017
571166,973,1014
571167,970,1013
571168,969,1010
571169,973,1010
571170,976,1012
571171,976,1008
571172,971,1008
571173,969,1006
571174,964,1010
571175,965,1012
571176,969,1017
571177,968,1016
571178,964,1013
571179,963,1013
571180,961,1011
571181,964,1014
571182,965,1017
571183,965,1015
571184,961,1016
571185,958,1011
571186,959,1013
571187,961,1013
571188,962,1017
571189,965,1015
571190,962,1015
571191,959,1016
571192,958,1016
571193,959,1018
571194,962,1017
571195,960,1019
571196,960,1015
571197,959,1016
571198,958,1019
571199,958,1027
571200,962,1031
571201,963,1028
571202,963,1017
571203,961,1009
571204,956,1011
571205,958,1014
571206,963,1017
571207,962,1015
571208,962,1013
571209,959,1013
571210,959,1014
571211,960,1023
571212,963,1024
571213,963,1022
571214,961,1022
571215,953,1022
571216,957,1022
571217,960,1024
571218,961,1023
571219,960,1023
571220,957,1020
571221,956,1018
571222,955,1019
571223,960,1021
571224,963,1019
571225,962,1014
571226,960,1014
571227,954,1011
571228,957,1013
571229,960,1018
571230,962,1018
571231,961,1019
571232,957,1017
571233,952,1022
571234,953,1025
571235,956,1025
571236,960,1026
571237,962,1023
571238,960,1019
571239,957,1019
571240,957,1016
571241,958,1016
571242,960,1018
571243,958,1014
571244,957,1017
571245,955,1014
571246,955,1014
571247,957,1017
571248,961,1021
571249,959,1022
571250,960,1020
571251,952,1019
571252,955,1020
571253,956,1024
571254,959,1024
571255,959,1024
571256,958,1023
571257,955,1022
571258,954,1025
571259,957,1028
571260,960,1030
571261,958,1027
571262,956,1023
571263,957,1019
571264,958,1019
571265,960,1026
571266,964,1028
571267,964,1026
571268,963,1019
571269,959,1016
571270,957,1016
571271,960,1020
571272,961,1024
571273,961,1022
571274,959,1017
571275,957,1012
571276,959,1015
571277,961,1020
571278,961,1021
571279,962,1020
571280,960,1017
571281,956,1013
571282,955,1017
571283,957,1017
571284,960,1019
571285,962,1017
571286,960,1017
571287,959,1018
571288,958,1021
571289,955,1025
571290,955,1019
571291,958,1020
571292,956,1019
571293,953,1020
571294,952,1020
571295,956,1027
571296,959,1026
571297,961,1023
571298,957,1019
571299,956,1017
571300,955,1019
571301,959,1023
571302,960,1025
571303,961,1024
571304,960,1022
571305,957,1018
571306,955,1023
571307,959,1026
571308,962,1025
571309,962,1024
571310,960,1019
571311,956,1018
571312,957,1021
571313,961,1023
571314,963,1025
571315,966,1023
571316,962,1020
571317,959,1021
571318,961,1023
571319,962,1024
571320,965,1026
571321,966,1023
571322,964,1022
571323,961,1022
571324,961,1024
571325,965,1025
571326,966,1028
571327,967,1022
571328,967,1018
571329,965,1018
571330,963,1018
571331,965,1024
571332,967,1026
571333,968,1023
571334,966,1019
571335,963,1016
571336,961,1016
571337,966,1020
571338,965,1025
571339,965,1024
571340,963,1025
571341,959,1024
571342,959,1026
571343,960,1027
571344,963,1027
571345,963,1025
571346,963,1020
571347,961,1020
571348,962,1019
571349,963,1022
571350,965,1024
571351,964,1025
571352,962,1024
571353,957,1025
571354,954,1025
571355,957,1029
571356,964,1030
571357,963,1030
571358,961,1024
571359,958,1020
571360,959,1021
571361,962,1022
571362,965,1027
571363,961,1026
571364,961,1028
571365,957,1024
571366,955,1026
571367,958,1028
571368,963,1027
571369,963,1023
571370,959,1017
571371,958,1016
571372,957,1017
571373,960,1019
571374,963,1022
571375,963,1019
571376,963,1020
571377,963,1020
571378,964,1020
571379,966,1022
571380,971,1024
571381,971,1021
571382,966,1022
571383,965,1023
571384,964,1025
571385,965,1025
571386,968,1026
571387,972,1026
571388,970,1022
571389,964,1023
571390,966,1026
571391,968,1026
571392,970,1028
571393,971,1026
571394,969,1023
571395,967,1022
571396,965,1027
571397,969,1027
571398,973,1028
571399,971,1025
571400,969,1018
571401,967,1020
571402,965,1020
571403,969,1023
571404,973,1024
571405,973,1022
571406,972,1021
571407,969,1018
571408,970,1021
571409,972,1024
571410,973,1024
571411,976,1018
571412,977,1009
571413,988,1003
571414,998,1003
571415,1020,1003
571416,1042,999
571417,1069,995
571418,1100,990
571419,1128,977
571420,1162,969
571421,1194,967
571422,1230,963
571423,1270,961
571424,1305,965
571425,1326,981
571426,1316,1001
571427,1281,1020
571428,1225,1028
571429,1168,1031
571430,1111,1032
571431,1059,1030
571432,1006,1031
571433,971,1035
571434,955,1038
571435,956,1037
571436,967,1033
571437,979,1022
571438,979,1022
571439,977,1025
571440,972,1033
571441,966,1030
571442,959,1024
571443,958,1024
571444,954,1026
571445,953,1026
571446,954,1026
571447,950,1020
571448,953,1017
571449,947,1014
571450,946,1017
571451,949,1021
571452,948,1026
571453,946,1025
571454,946,1020
571455,941,1017
571456,940,1018
571457,944,1022
571458,945,1022
571459,947,1022
571460,944,1020
571461,941,1017
571462,942,1019
571463,942,1025
571464,943,1030
571465,942,1030
571466,943,1029
571467,942,1028
571468,944,1030
571469,944,1033
571470,948,1037
571471,950,1033
571472,946,1032
571473,945,1028
571474,941,1030
571475,950,1032
571476,951,1032
571477,949,1032
571478,948,1028
571479,948,1030
571480,948,1028
571481,952,1032
571482,953,1030
571483,952,1029
571484,953,1025
571485,951,1022
571486,950,1023
571487,952,1026
571488,955,1027
571489,954,1027
571490,953,1027
571491,952,1028
571492,952,1030
571493,950,1033
571494,954,1036
571495,957,1029
571496,956,1022
571497,955,1018
571498,955,1017
571499,959,1018
571500,961,1017
571501,960,1012
571502,960,1012
571503,957,1009
571504,959,1013
571505,961,1017
571506,966,1020
571507,969,1015
571508,971,1015
571509,971,1011
571510,975,1010
571511,981,1012
571512,985,1011
571513,983,1012
571514,983,1010
571515,984,1011
571516,984,1011
571517,989,1011
571518,991,1011
571519,990,1009
571520,991,1007
571521,990,1001
571522,990,1004
571523,990,1007
571524,994,1010
571525,993,1006
571526,992,1002
571527,990,999
571528,993,1001
571529,996,1002
571530,1002,1003
571531,1001,1003
571532,1001,1002
571533,1000,1001
571534,1003,999
571535,1005,999
571536,1009,1000
571537,1008,999
571538,1006,1001
571539,1005,999
571540,1004,1001
571541,1008,1002
571542,1009,1004
571543,1009,1003
571544,1007,999
571545,1004,998
571546,1002,1000
571547,1003,1008
571548,1003,1009
571549,1000,1007
571550,997,1004
571551,988,1004
571552,987,1005
571553,991,1011
571554,991,1015
571555,989,1017
571556,985,1014
571557,980,1016
571558,977,1019
571559,975,1025
571560,978,1030
571561,975,1028
571562,976,1022
571563,973,1020
571564,970,1025
571565,974,1029
571566,975,1030
571567,974,1028
571568,971,1022
571569,971,1022
571570,969,1024
571571,970,1025
571572,973,1025
571573,973,1022
571574,973,1020
571575,971,1019
571576,970,1023
571577,972,1026
571578,974,1025
571579,973,1021
571580,971,1019
571581,969,1017
571582,966,1020
571583,971,1020
571584,973,1021
571585,974,1022
571586,972,1020
571587,967,1020
571588,969,1023
571589,971,1023
571590,972,1025
571591,974,1021
571592,973,1015
571593,971,1013
571594,974,1014
571595,976,1019
571596,977,1022
571597,974,1022
571598,971,1022
571599,967,1018
571600,970,1019
571601,972,1022
571602,974,1023
571603,972,1023
571604,970,1021
571605,966,1018
571606,966,1020
571607,969,1020
571608,970,1022
571609,968,1018
571610,965,1018
571611,962,1019
571612,962,1023
571613,967,1022
571614,965,1026
571615,965,1022
571616,963,1018
571617,962,1016
571618,960,1017
571619,963,1019
571620,965,1021
571621,964,1019
571622,960,1015
571623,959,1015
571624,960,1019
571625,963,1021
571626,967,1020
571627,966,1014
571628,964,1015
571629,961,1011
571630,961,1015
571631,963,1018
571632,966,1020
571633,968,1018
571634,968,1015
571635,967,1015
571636,965,1017
571637,967,1023
571638,972,1022
571639,970,1017
571640,965,1016
571641,964,1018
571642,960,1022
571643,962,1027
571644,966,1030
571645,967,1031
571646,965,1031
571647,963,1028
571648,964,1028
571649,965,1028
571650,967,1028
571651,965,1024
571652,960,1022
571653,959,1021
571654,959,1020
571655,960,1019
571656,961,1020
571657,959,1020
571658,958,1016
571659,954,1020
571660,953,1022
571661,955,1026
571662,957,1026
571663,957,1025
571664,954,1025
571665,952,1025
571666,954,1024
571667,956,1025
571668,963,1024
571669,962,1022
571670,960,1019
571671,956,1019
571672,958,1022
571673,963,1023
571674,963,1025
571675,964,1021
571676,965,1016
571677,961,1018
571678,962,1017
571679,959,1021
571680,962,1023
571681,963,1021
571682,961,1018
571683,957,1020
571684,956,1021
571685,958,1021
571686,962,1024
571687,962,1024
571688,961,1024
571689,957,1023
571690,956,1023
571691,959,1022
571692,963,1021
571693,962,1021
571694,960,1021
571695,956,1018
571696,957,1021
571697,960,1021
571698,959,1020
571699,960,1019
571700,957,1019
571701,957,1018
571702,954,1020
571703,958,1027
571704,959,1027
571705,959,1025
571706,955,1025
571707,952,1026
571708,951,1029
571709,953,1030
571710,958,1034
571711,959,1030
571712,959,1026
571713,953,1023
571714,953,1026
571715,955,1029
571716,962,1029
571717,964,1028
571718,963,1026
571719,961,1026
571720,961,1027
571721,964,1030
571722,965,1033
571723,964,1029
571724,963,1028
571725,961,1028
571726,959,1031
571727,963,1034
571728,967,1033
571729,965,1029
571730,962,1024
571731,961,1025
571732,961,1026
571733,963,1031
571734,966,1032
571735,965,1027
571736,962,1027
571737,961,1028
571738,960,1032
571739,962,1032
571740,966,1032
571741,966,1026
571742,963,1023
571743,961,1021
571744,961,1026
571745,964,1029
571746,966,1031
571747,965,1031
571748,962,1030
571749,958,1024
571750,958,1023
571751,961,1029
571752,963,1031
571753,965,1030
571754,963,1028
571755,958,1029
571756,959,1034
571757,958,1038
571758,958,1037
571759,960,1032
571760,961,1027
571761,960,1025
571762,956,1024
571763,961,1031
571764,966,1033
571765,966,1031
571766,967,1027
571767,963,1023
571768,962,1021
571769,966,1026
571770,969,1028
571771,969,1026
571772,967,1023
571773,967,1023
571774,965,1024
571775,968,1023
571776,972,1021
571777,975,1016
571778,981,1011
571779,992,1009
571780,1009,1009
571781,1033,1007
571782,1062,1006
571783,1093,995
571784,1129,979
571785,1166,970
571786,1203,964
571787,1248,971
571788,1289,979
571789,1316,996
571790,1325,1011
571791,1299,1020
571792,1241,1027
571793,1176,1033
571794,1111,1047
571795,1043,1054
571796,981,1063
571797,944,1068
571798,934,1069
571799,943,1068
571800,960,1056
571801,974,1041
571802,973,1032
571803,967,1034
571804,962,1033
571805,961,1036
571806,962,1035
571807,957,1031
571808,950,1030
571809,948,1031
571810,945,1032
571811,945,1035
571812,950,1038
571813,949,1035
571814,946,1033
571815,941,1032
571816,940,1032
571817,943,1036
571818,946,1039
571819,941,1037
571820,937,1035
571821,938,1036
571822,937,1034
571823,941,1038
571824,944,1038
571825,943,1037
571826,942,1033
571827,941,1029
571828,940,1033
571829,943,1035
571830,947,1039
571831,945,1035
571832,945,1032
571833,939,1031
571834,940,1036
571835,945,1040
571836,949,1037
571837,948,1036
571838,944,1035
571839,941,1035
571840,941,1035
571841,940,1038
571842,944,1039
571843,945,1038
571844,944,1034
571845,939,1034
571846,941,1036
571847,942,1038
571848,948,1040
571849,947,1036
571850,946,1033
571851,944,1031
571852,945,1031
571853,950,1029
571854,954,1031
571855,955,1029
571856,953,1030
571857,948,1029
571858,949,1029
571859,950,1031
571860,953,1027
571861,956,1022
571862,958,1017
571863,957,1016
571864,961,1016
571865,963,1018
571866,968,1018
571867,968,1015
571868,966,1016
571869,964,1015
571870,965,1013
571871,969,1015
571872,972,1016
571873,976,1013
571874,974,1009
571875,974,1012
571876,975,1009
571877,979,1014
571878,981,1014
571879,983,1009
571880,982,1004
571881,983,1000
571882,982,1001
571883,987,1004
571884,989,1004
571885,987,1002
571886,985,1001
571887,984,1000
571888,982,1002
571889,987,1004
571890,987,1003
571891,988,1000
571892,985,995
571893,987,995
571894,986,998
571895,987,1001
571896,991,1001
571897,992,998
571898,990,1000
571899,989,1000
571900,989,1000
571901,988,1002
571902,989,1004
571903,987,1002
571904,984,1000
571905,985,1001
571906,984,1001
571907,987,1005
571908,987,1008
571909,986,1011
571910,981,1011
571911,977,1012
571912,978,1019
571913,982,1020
571914,981,1021
571915,980,1022
571916,973,1022
571917,974,1024
571918,970,1028
571919,971,1031
571920,971,1033
571921,971,1030
571922,967,1029
571923,963,1027
571924,961,1029
571925,963,1036
571926,962,1034
571927,964,1031
571928,962,1030
571929,960,1029
571930,957,1034
571931,960,1037
571932,963,1036
571933,962,1036
571934,960,1033
571935,960,1032
571936,955,1031
571937,958,1035
571938,964,1034
571939,959,1035
571940,957,1033
571941,957,1031
571942,956,1032
571943,959,1030
571944,961,1033
571945,962,1031
571946,958,1032
571947,956,1030
571948,956,1034
571949,959,1037
571950,957,1036
571951,956,1034
571952,959,1031
571953,956,1029
571954,957,1032
571955,957,1036
571956,963,1035
571957,963,1031
571958,961,1029
571959,959,1025
571960,959,1027
571961,963,1029
571962,966,1031
571963,966,1027
571964,965,1024
571965,961,1025
571966,960,1026
571967,965,1034
571968,967,1031
571969,969,1031
571970,967,1026
571971,963,1026
571972,964,1027
571973,964,1027
571974,965,1033
571975,963,1031
571976,961,1029
571977,961,1028
571978,961,1033
571979,958,1033
571980,964,1031
571981,961,1028
571982,955,1027
571983,952,1025
571984,954,1027
571985,956,1027
571986,960,1029
571987,955,1028
571988,955,1025
571989,953,1028
571990,951,1029
571991,953,1033
571992,956,1032
571993,959,1028
571994,955,1023
571995,953,1026
571996,955,1028
571997,957,1032
571998,953,1035
571999,954,1036
572000,952,1036
572001,950,1035
572002,952,1036
572003,952,1039
572004,957,1039
572005,957,1037
572006,952,1033
572007,953,1033
572008,955,1033
572009,956,1036
572010,960,1037
572011,956,1036
572012,956,1035
572013,955,1037
572014,959,1037
572015,960,1037
572016,962,1035
572017,961,1032
572018,961,1029
572019,955,1029
572020,958,1030
572021,957,1031
572022,961,1029
572023,958,1027
572024,955,1026
572025,953,1027
572026,952,1028
572027,952,1026
572028,956,1031
572029,959,1026
572030,956,1024
572031,950,1026
572032,951,1030
572033,954,1029
572034,957,1032
572035,957,1030
572036,957,1024
572037,955,1024
572038,955,1029
572039,957,1033
572040,960,1036
572041,957,1034
572042,955,1029
572043,952,1027
572044,950,1032
572045,953,1037
572046,957,1041
572047,958,1038
572048,957,1032
572049,955,1032
572050,953,1035
572051,955,1037
572052,959,1038
572053,960,1038
572054,957,1034
572055,956,1026
572056,960,1028
572057,966,1034
572058,971,1030
572059,970,1026
572060,968,1021
572061,966,1016
572062,973,1016
572063,982,1017
572064,999,1014
572065,1012,1010
572066,1037,1005
572067,1064,998
572068,1099,984
572069,1140,972
572070,1185,968
572071,1222,966
572072,1260,973
572073,1287,993
572074,1293,1015
572075,1268,1029
572076,1219,1033
572077,1151,1038
572078,1077,1047
572079,1007,1060
572080,946,1071
572081,916,1080
572082,920,1082
572083,935,1070
572084,950,1056
572085,957,1045
572086,964,1038
572087,965,1037
572088,963,1036
572089,957,1034
572090,953,1033
572091,949,1031
572092,943,1032
572093,942,1033
572094,948,1035
572095,945,1033
572096,945,1029
572097,942,1030
572098,937,1029
572099,936,1032
572100,938,1034
572101,937,1032
572102,936,1029
572103,933,1031
572104,933,1032
572105,936,1036
572106,940,1035
572107,941,1034
572108,941,1032
572109,936,1030
572110,935,1032
572111,938,1034
572112,940,1032
572113,938,1035
572114,937,1031
572115,933,1029
572116,940,1032
572117,941,1031
572118,945,1030
572119,943,1029
572120,942,1027
572121,940,1031
572122,943,1033
572123,946,1030
572124,949,1028
572125,948,1024
572126,946,1021
572127,944,1021
572128,942,1023
572129,946,1029
572130,947,1031
572131,946,1029
572132,947,1024
572133,948,1024
572134,949,1025
572135,948,1028
572136,955,1029
572137,955,1024
572138,952,1020
572139,951,1020
572140,951,1020
572141,955,1022
572142,955,1025
572143,954,1020
572144,954,1017
572145,951,1010
572146,954,1011
572147,956,1010
572148,962,1010
572149,962,1006
572150,961,1003
572151,960,1001
572152,961,1001
572153,966,1002
572154,971,1002
572155,971,997
572156,969,993
572157,969,991
572158,969,991
572159,972,993
572160,980,998
572161,980,995
572162,981,993
572163,979,990
572164,982,989
572165,986,990
572166,989,989
572167,992,985
572168,988,981
572169,987,980
572170,983,984
572171,988,991
572172,993,992
572173,995,992
572174,996,985
572175,996,983
572176,1000,984
572177,1000,985
572178,1001,986
572179,1000,987
572180,997,984
572181,993,988
572182,991,990
572183,990,996
572184,994,999
572185,992,997
572186,989,997
572187,984,1001
572188,979,1005
572189,978,1011
572190,980,1016
572191,977,1016
572192,974,1015
572193,968,1011
572194,965,1013
572195,968,1017
572196,969,1023
572197,965,1023
572198,961,1024
572199,959,1026
572200,955,1030
572201,956,1031
572202,959,1033
572203,959,1033
572204,954,1031
572205,953,1029
572206,950,1032
572207,954,1036
572208,958,1037
572209,959,1034
572210,957,1029
572211,955,1028
572212,954,1030
572213,956,1031
572214,962,1034
572215,961,1031
572216,960,1025
572217,955,1024
572218,956,1027
572219,960,1028
572220,965,1029
572221,962,1029
572222,960,1025
572223,957,1025
572224,962,1023
572225,964,1024
572226,966,1026
572227,968,1026
572228,965,1020
572229,961,1021
572230,961,1019
572231,965,1021
572232,972,1024
572233,969,1025
572234,968,1027
572235,965,1026
572236,963,1027
572237,965,1029
572238,965,1026
572239,966,1019
572240,964,1010
572241,964,1009
572242,962,1009
572243,964,1016
572244,964,1018
572245,962,1023
572246,962,1020
572247,959,1019
572248,958,1022
572249,960,1023
572250,966,1023
572251,964,1023
572252,965,1023
572253,959,1024
572254,956,1027
572255,958,1030
572256,961,1030
572257,959,1029
572258,954,1027
572259,954,1027
572260,955,1031
572261,957,1034
572262,961,1036
572263,958,1032
572264,960,1027
572265,960,1025
572266,957,1026
572267,958,1032
572268,959,1035
572269,959,1035
572270,958,1031
572271,954,1031
572272,955,1033
572273,958,1036
572274,963,1036
572275,960,1030
572276,958,1028
572277,959,1022
572278,956,1025
572279,957,1025
572280,961,1024
572281,961,1023
572282,961,1021
572283,959,1021
572284,957,1024
572285,958,1027
572286,964,1023
572287,965,1024
572288,958,1021
572289,956,1019
572290,957,1021
572291,958,1023
572292,963,1022
572293,964,1024
572294,962,1022
572295,957,1021
572296,959,1025
572297,960,1028
572298,965,1029
572299,963,1029
572300,958,1023
572301,960,1021
572302,961,1023
572303,963,1028
572304,966,1029
572305,967,1027
572306,962,1022
572307,960,1020
572308,959,1022
572309,962,1026
572310,965,1028
572311,964,1025
572312,963,1023
572313,960,1023
572314,960,1025
572315,958,1030
572316,963,1027
572317,964,1028
572318,960,1021
572319,959,1023
572320,958,1021
572321,965,1019
572322,972,1016
572323,981,1013
572324,991,1007
572325,1002,1003
572326,1020,1000
572327,1044,996
572328,1079,988
572329,1114,975
572330,1151,958
572331,1187,955
572332,1220,961
572333,1260,972
572334,1289,996
572335,1296,1014
572336,1271,1024
572337,1221,1022
572338,1158,1028
572339,1097,1042
572340,1036,1062
572341,971,1073
572342,930,1077
572343,914,1078
572344,928,1075
572345,947,1064
572346,963,1051
572347,969,1039
572348,968,1031
572349,965,1026
572350,961,1024
572351,961,1028
572352,959,1027
572353,960,1028
572354,954,1027
572355,951,1023
572356,947,1023
572357,950,1023
572358,952,1027
572359,950,1024
572360,948,1023
572361,945,1021
572362,943,1026
572363,946,1031
572364,948,1034
572365,948,1030
572366,944,1024
572367,943,1019
572368,944,1022
572369,947,1027
572370,948,1031
572371,946,1032
572372,946,1028
572373,944,1024
572374,945,1022
572375,945,1025
572376,946,1025
572377,945,1025
572378,940,1023
572379,939,1021
572380,942,1023
572381,946,1027
572382,951,1027
572383,948,1028
572384,946,1023
572385,942,1025
572386,941,1025
572387,944,1022
572388,947,1017
572389,948,1014
572390,948,1010
572391,946,1010
572392,943,1011
572393,949,1012
572394,950,1014
572395,951,1011
572396,946,1007
572397,943,1003
572398,947,1007
572399,951,1004
572400,954,1003
572401,958,1000
572402,956,996
572403,952,998
572404,951,1001
572405,953,1006
572406,958,1009
572407,957,1007
572408,958,1002
572409,957,1001
572410,962,999
572411,964,997
572412,968,998
572413,969,992
572414,969,989
572415,965,987
572416,968,988
572417,973,991
572418,978,991
572419,976,988
572420,975,985
572421,975,984
572422,977,985
572423,979,986
572424,985,984
572425,983,981
572426,983,977
572427,983,976
572428,985,976
572429,986,975
572430,992,979
572431,993,977
572432,992,975
572433,989,974
572434,988,979
572435,990,980
572436,992,979
572437,994,976
572438,989,974
572439,990,973
572440,990,977
572441,990,981
572442,992,984
572443,992,982
572444,986,979
572445,985,983
572446,980,990
572447,983,997
572448,981,1000
572449,980,1001
572450,979,1002
572451,973,1003
572452,968,1008
572453,968,1011
572454,972,1015
572455,975,1018
572456,971,1014
572457,968,1010
572458,967,1013
572459,967,1020
572460,970,1023
572461,968,1025
572462,966,1022
572463,966,1020
572464,964,1023
572465,969,1029
572466,968,1028
572467,969,1029
572468,967,1025
572469,965,1023
572470,965,1023
572471,968,1022
572472,969,1024
572473,967,1023
572474,963,1023
572475,962,1024
572476,963,1024
572477,966,1026
572478,973,1024
572479,972,1024
572480,972,1020
572481,969,1020
572482,967,1024
572483,970,1022
572484,971,1018
572485,974,1014
572486,971,1010
572487,968,1011
572488,967,1017
572489,972,1023
572490,972,1024
572491,969,1021
572492,968,1013
572493,967,1013
572494,968,1017
572495,970,1021
572496,970,1020
572497,967,1017
572498,966,1012
572499,963,1013
572500,964,1015
572501,964,1016
572502,965,1018
572503,966,1019
572504,965,1018
572505,964,1016
572506,964,1015
572507,964,1021
572508,966,1025
572509,964,1027
572510,962,1027
572511,962,1025
572512,961,1021
572513,964,1020
572514,969,1018
572515,964,1015
572516,965,1015
572517,961,1015
572518,960,1018
572519,963,1023
572520,966,1027
572521,963,1023
572522,965,1021
572523,960,1019
572524,963,1019
572525,968,1021
572526,969,1022
572527,967,1019
572528,962,1018
572529,962,1019
572530,961,1020
572531,963,1024
572532,966,1025
572533,965,1027
572534,963,1021
572535,961,1020
572536,960,1022
572537,963,1023
572538,962,1027
572539,963,1026
572540,962,1025
572541,959,1022
572542,959,1025
572543,963,1023
572544,967,1024
572545,963,1021
572546,960,1023
572547,956,1023
572548,958,1030
572549,962,1031
572550,965,1023
572551,965,1020
572552,962,1018
572553,957,1017
572554,956,1020
572555,959,1021
572556,965,1021
572557,965,1020
572558,965,1017
572559,961,1018
572560,962,1023
572561,966,1024
572562,969,1027
572563,967,1023
572564,965,1025
572565,961,1025
572566,963,1028
572567,966,1029
572568,970,1026
572569,970,1025
572570,968,1022
572571,965,1018
572572,966,1023
572573,967,1028
572574,970,1028
572575,971,1025
572576,965,1023
572577,965,1023
572578,963,1027
572579,967,1032
572580,970,1031
572581,968,1027
572582,964,1021
572583,963,1019
572584,961,1022
572585,961,1026
572586,968,1025
572587,967,1017
572588,967,1011
572589,969,1005
572590,975,1005
572591,987,1005
572592,1007,1001
572593,1022,996
572594,1043,991
572595,1073,982
572596,1114,969
572597,1162,961
572598,1205,957
572599,1244,961
572600,1278,968
572601,1296,991
572602,1295,1014
572603,1266,1025
572604,1211,1028
572605,1142,1036
572606,1067,1049
572607,997,1067
572608,943,1078
572609,923,1084
572610,934,1079
572611,950,1062
572612,964,1047
572613,970,1035
572614,971,1030
572615,969,1028
572616,968,1028
572617,964,1026
572618,955,1024
572619,952,1025
572620,953,1024
572621,951,1029
572622,954,1026
572623,951,1024
572624,950,1020
572625,947,1019
572626,946,1018
572627,947,1022
572628,949,1023
572629,950,1024
572630,945,1021
572631,944,1019
572632,944,1021
572633,947,1022
572634,950,1023
572635,952,1018
572636,949,1019
572637,947,1017
572638,948,1021
572639,947,1025
572640,948,1026
572641,949,1025
572642,948,1023
572643,946,1023
572644,944,1027
572645,945,1027
572646,949,1021
572647,949,1021
572648,947,1018
572649,945,1021
572650,946,1023
572651,948,1025
572652,951,1028
572653,950,1025
572654,947,1022
572655,946,1021
572656,945,1020
572657,947,1021
572658,950,1022
572659,952,1021
572660,951,1018
572661,948,1012
572662,949,1009
572663,953,1013
572664,959,1012
572665,958,1010
572666,957,1006
572667,954,1003
572668,956,1002
572669,960,1000
572670,963,1002
572671,963,1000
572672,961,997
572673,962,996
572674,959,996
572675,965,996
572676,969,995
572677,971,993
572678,970,991
572679,969,989
572680,972,991
572681,976,994
572682,980,993
572683,982,990
572684,981,988
572685,980,989
572686,981,992
572687,982,991
572688,988,988
572689,990,989
572690,988,984
572691,984,983
572692,990,982
572693,994,987
572694,998,988
572695,994,988
572696,995,987
572697,990,986
572698,994,986
572699,998,986
572700,1002,984
572701,1002,981
572702,1001,977
572703,999,976
572704,997,976
572705,997,981
572706,997,984
572707,997,985
572708,994,986
572709,991,984
572710,988,986
572711,992,992
572712,992,992
572713,990,999
572714,985,996
572715,976,1002
572716,978,1006
572717,977,1012
572718,978,1012
572719,976,1013
572720,970,1009
572721,964,1008
572722,967,1013
572723,965,1020
572724,970,1021
572725,967,1022
572726,965,1018
572727,964,1016
572728,964,1017
572729,967,1021
572730,971,1021
572731,968,1023
572732,966,1023
572733,963,1020
572734,966,1020
572735,969,1025
572736,974,1024
572737,970,1024
572738,971,1019
572739,969,1019
572740,972,1021
572741,976,1022
572742,978,1023
572743,975,1018
572744,975,1020
572745,973,1016
572746,970,1017
572747,974,1019
572748,974,1017
572749,975,1019
572750,972,1013
572751,968,1016
572752,967,1020
572753,969,1022
572754,969,1020
572755,969,1018
572756,966,1014
572757,961,1010
572758,963,1015
572759,965,1019
572760,968,1022
572761,967,1017
572762,963,1012
572763,959,1010
572764,961,1011
572765,963,1014
572766,966,1015
572767,963,1018
572768,962,1018
572769,960,1020
572770,961,1022
572771,963,1024
572772,966,1023
572773,965,1020
572774,962,1015
572775,963,1013
572776,964,1020
572777,967,1023
572778,966,1023
572779,967,1020
572780,966,1018
572781,963,1018
572782,966,1020
572783,966,1024
572784,970,1026
572785,970,1024
572786,968,1020
572787,964,1018
572788,964,1018
572789,967,1020
572790,968,1023
572791,970,1018
572792,968,1015
572793,965,1016
572794,964,1019
572795,964,1021
572796,970,1018
572797,967,1018
572798,963,1015
572799,962,1015
572800,962,1020
572801,960,1020
572802,962,1019
572803,965,1018
572804,964,1017
572805,959,1019
572806,961,1021
572807,962,1024
572808,966,1024
572809,965,1022
572810,963,1018
572811,959,1013
572812,961,1013
572813,964,1013
572814,970,1012
572815,977,1011
572816,986,1006
572817,994,1009
572818,1010,1005
572819,1034,1003
572820,1065,994
572821,1105,981
572822,1144,966
572823,1187,959
572824,1238,965
572825,1287,979
572826,1312,1002
572827,1306,1023
572828,1261,1024
572829,1189,1026
572830,1108,1038
572831,1026,1056
572832,960,1068
572833,929,1070
572834,925,1061
572835,939,1048
572836,960,1039
572837,970,1029
572838,973,1028
572839,971,1019
572840,966,1018
572841,959,1017
572842,957,1021
572843,956,1024
572844,955,1025
572845,954,1020
572846,950,1017
572847,946,1014
572848,949,1015
572849,948,1019
572850,948,1018
572851,949,1016
572852,946,1013
572853,942,1013
572854,944,1019
572855,941,1023
572856,945,1024
572857,939,1024
572858,941,1021
572859,940,1021
572860,942,1023
572861,943,1023
572862,948,1023
572863,946,1024
572864,946,1023
572865,942,1025
572866,941,1027
572867,943,1027
572868,941,1025
572869,942,1027
572870,940,1023
572871,941,1022
572872,940,1027
572873,941,1029
572874,942,1026
572875,944,1023
572876,944,1018
572877,943,1015
572878,945,1012
572879,948,1014
572880,953,1015
572881,952,1011
572882,946,1008
572883,948,1011
572884,947,1010
572885,949,1010
572886,954,1010
572887,955,1007
572888,958,1003
572889,958,1002
572890,958,1005
572891,962,1003
572892,965,1002
572893,966,998
572894,962,994
572895,962,993
572896,961,995
572897,965,996
572898,965,992
572899,968,988
572900,968,984
572901,966,983
572902,967,983
572903,968,985
572904,973,983
572905,976,981
572906,976,975
572907,975,975
572908,976,980
572909,977,982
572910,979,982
572911,980,981
572912,978,974
572913,976,974
572914,975,975
572915,984,975
572916,986,975
572917,986,976
572918,987,974
572919,985,975
572920,985,980
572921,987,983
572922,991,985
572923,987,983
572924,988,980
572925,986,980
572926,988,984
572927,987,988
572928,986,990
572929,983,990
572930,982,990
572931,977,996
572932,976,998
572933,981,1005
572934,982,1008
572935,982,1007
572936,979,1003
572937,975,1004
572938,974,1008
572939,973,1011
572940,977,1010
572941,974,1008
572942,969,1009
572943,967,1009
572944,967,1014
572945,970,1017
572946,971,1017
572947,968,1015
572948,964,1015
572949,963,1018
572950,967,1025
572951,971,1028
572952,977,1028
572953,983,1025
572954,983,1018
572955,987,1017
572956,991,1022
572957,995,1027
572958,1000,1033
572959,1004,1033
572960,1004,1030
572961,1009,1027
572962,1018,1023
572963,1031,1015
572964,1049,998
572965,1059,980
572966,1069,962
572967,1082,948
572968,1099,932
572969,1118,918
572970,1136,899
572971,1155,878
572972,1169,853
572973,1189,824
572974,1211,805
572975,1235,790
572976,1252,777
572977,1262,766
572978,1260,758
572979,1253,760
572980,1245,763
572981,1240,762
572982,1234,760
572983,1214,754
572984,1192,754
572985,1161,762
572986,1133,779
572987,1110,794
572988,1084,807
572989,1053,819
572990,1024,826
572991,1000,840
572992,993,859
572993,995,882
572994,995,902
572995,991,917
572996,982,928
572997,980,940
572998,991,950
572999,1006,963
573000,1029,970
573001,1050,975
573002,1061,975
573003,1056,978
573004,1039,989
573005,1007,1000
573006,971,1012
573007,942,1024
573008,921,1033
573009,910,1044
573010,906,1058
573011,906,1067
573012,900,1072
573013,894,1072
573014,887,1073
573015,880,1079
573016,877,1085
573017,879,1088
573018,879,1093
573019,875,1093
573020,871,1088
573021,869,1088
573022,867,1086
573023,869,1090
573024,867,1093
573025,866,1094
573026,863,1093
573027,861,1096
573028,859,1099
573029,861,1107
573030,863,1108
573031,861,1108
573032,859,1108
573033,853,1111
573034,854,1116
573035,859,1122
573036,861,1122
573037,860,1121
573038,855,1122
573039,854,1124
573040,851,1127
573041,853,1134
573042,855,1139
573043,855,1144
573044,852,1146
573045,851,1149
573046,855,1152
573047,856,1154
573048,862,1157
573049,859,1156
573050,859,1156
573051,858,1157
573052,859,1164
573053,862,1170
573054,863,1172
573055,864,1170
573056,861,1173
573057,861,1172
573058,866,1175
573059,866,1176
573060,871,1175
573061,872,1178
573062,868,1174
573063,865,1176
573064,872,1177
573065,877,1181
573066,882,1178
573067,886,1175
573068,887,1168
573069,888,1169
573070,887,1165
573071,895,1164
573072,900,1161
573073,903,1155
573074,905,1150
573075,910,1145
573076,914,1141
573077,922,1136
573078,927,1130
573079,928,1129
573080,928,1124
573081,928,1120
573082,935,1114
573083,939,1109
573084,946,1103
573085,947,1091
573086,939,1081
573087,936,1076
573088,940,1072
573089,943,1069
573090,950,1063
573091,951,1058
573092,947,1054
573093,945,1051
573094,946,1051
573095,950,1052
573096,954,1050
573097,953,1046
573098,949,1039
573099,950,1036
573100,949,1037
573101,954,1038
573102,953,1039
573103,954,1033
573104,953,1030
573105,952,1026
573106,952,1027
573107,954,1032
573108,956,1033
573109,957,1030
573110,955,1024
573111,952,1026
573112,954,1026
573113,957,1029
573114,958,1029
573115,955,1026
573116,953,1022
573117,950,1024
573118,953,1026
573119,954,1027
573120,958,1024
573121,957,1022
573122,955,1017
573123,955,1018
573124,955,1017
573125,958,1023
573126,958,1021
573127,958,1019
573128,955,1019
573129,952,1017
573130,952,1019
573131,958,1024
573132,962,1022
573133,962,1019
573134,957,1014
573135,954,1011
573136,953,1014
573137,955,1014
573138,957,1015
573139,958,1016
573140,952,1012
573141,951,1015
573142,952,1017
573143,953,1024
573144,954,1024
573145,950,1027
573146,948,1023
573147,945,1024
573148,948,1027
573149,951,1032
573150,953,1033
573151,955,1030
573152,953,1026
573153,950,1025
573154,951,1023
573155,951,1024
573156,955,1024
573157,954,1025
573158,951,1024
573159,952,1025
573160,952,1025
573161,955,1028
573162,958,1026
573163,955,1026
573164,950,1025
573165,948,1023
573166,951,1026
573167,955,1031
573168,958,1028
573169,957,1026
573170,956,1023
573171,951,1024
573172,952,1027
573173,954,1029
573174,959,1027
573175,957,1021
573176,950,1017
573177,949,1017
573178,951,1022
573179,953,1025
573180,955,1024
573181,952,1019
573182,955,1018
573183,952,1014
573184,951,1018
573185,950,1020
573186,953,1018
573187,952,1014
573188,949,1012
573189,946,1013
573190,949,1017
573191,953,1020
573192,958,1021
573193,954,1017
573194,952,1017
573195,950,1017
573196,947,1021
573197,951,1025
573198,955,1024
573199,956,1024
573200,954,1025
573201,950,1024
573202,954,1022
573203,954,1022
573204,957,1019
573205,955,1018
573206,955,1016
573207,952,1016
573208,953,1024
573209,954,1027
573210,959,1029
573211,957,1026
573212,954,1022
573213,953,1022
573214,953,1025
573215,954,1026
573216,959,1024
573217,958,1022
573218,958,1022
573219,958,1019
573220,958,1022
573221,960,1024
573222,961,1022
573223,960,1025
573224,958,1022
573225,957,1020
573226,958,1019
573227,963,1020
573228,962,1019
573229,961,1017
573230,959,1016
573231,958,1018
573232,956,1025
573233,958,1029
573234,961,1028
573235,958,1024
573236,959,1020
573237,958,1020
573238,961,1021
573239,961,1026
573240,966,1027
573241,961,1027
573242,961,1027
573243,955,1029
573244,956,1031
573245,955,1037
573246,957,1036
573247,958,1030
573248,958,1024
573249,955,1025
573250,955,1028
573251,958,1031
573252,960,1029
573253,957,1026
573254,955,1021
573255,954,1020
573256,957,1023
573257,960,1026
573258,963,1027
573259,963,1025
573260,960,1022
573261,957,1021
573262,957,1023
573263,961,1025
573264,964,1027
573265,962,1024
573266,959,1021
573267,958,1020
573268,959,1022
573269,964,1025
573270,962,1022
573271,962,1022
573272,960,1020
573273,955,1019
573274,959,1021
573275,965,1026
573276,968,1030
573277,966,1030
573278,963,1025
573279,962,1020
573280,963,1017
573281,972,1014
573282,984,1010
573283,997,1001
573284,1010,997
573285,1030,993
573286,1062,988
573287,1101,983
573288,1136,967
573289,1176,958
573290,1213,952
573291,1245,959
573292,1276,979
573293,1293,1001
573294,1279,1022
573295,1235,1028
573296,1166,1033
573297,1103,1043
573298,1041,1059
573299,986,1070
573300,946,1075
573301,926,1073
573302,928,1069
573303,940,1058
573304,953,1051
573305,964,1041
573306,970,1033
573307,968,1028
573308,964,1026
573309,959,1026
573310,954,1026
573311,953,1027
573312,954,1027
573313,950,1026
573314,944,1026
573315,940,1023
573316,942,1021
573317,943,1023
573318,945,1021
573319,944,1024
573320,940,1022
573321,937,1023
573322,936,1025
573323,937,1024
573324,943,1020
573325,941,1017
573326,940,1016
573327,939,1017
573328,938,1021
573329,938,1024
573330,943,1023
573331,940,1021
573332,938,1019
573333,938,1020
573334,937,1026
573335,941,1028
573336,943,1029
573337,943,1030
573338,942,1028
573339,941,1030
573340,943,1031
573341,946,1034
573342,946,1031
573343,943,1027
573344,941,1026
573345,941,1022
573346,942,1023
573347,945,1030
573348,948,1027
573349,946,1022
573350,943,1016
573351,941,1015
573352,940,1019
573353,944,1021
573354,946,1026
573355,945,1022
573356,943,1016
573357,941,1012
573358,943,1011
573359,948,1012
573360,948,1011
573361,948,1011
573362,942,1009
573363,944,1009
573364,945,1014
573365,946,1018
573366,950,1015
573367,952,1008
573368,951,1005
573369,951,1001
573370,952,1005
573371,955,1008
573372,957,1007
573373,956,1003
573374,956,1004
573375,954,1002
573376,957,1000
573377,961,999
573378,966,996
573379,967,996
573380,965,992
573381,966,994
573382,968,994
573383,971,993
573384,977,993
573385,978,989
573386,976,986
573387,977,985
573388,980,985
573389,987,984
573390,989,984
573391,992,983
573392,991,979
573393,991,979
573394,993,982
573395,1001,984
573396,1005,985
573397,1009,982
573398,1009,976
573399,1007,977
573400,1007,980
573401,1012,981
573402,1020,983
573403,1017,982
573404,1016,980
573405,1013,983
573406,1013,988
573407,1011,991
573408,1013,994
573409,1008,994
573410,1008,991
573411,1004,993
573412,1002,996
573413,1001,1000
573414,999,1002
573415,997,1005
573416,991,1005
573417,987,1008
573418,984,1013
573419,987,1016
573420,991,1016
573421,988,1013
573422,982,1009
573423,981,1009
573424,978,1011
573425,981,1016
573426,983,1018
573427,977,1017
573428,976,1014
573429,975,1017
573430,976,1022
573431,976,1027
573432,977,1022
573433,975,1019
573434,972,1014
573435,971,1013
573436,970,1016
573437,974,1017
573438,976,1018
573439,975,1017
573440,975,1014
573441,973,1015
573442,971,1018
573443,974,1021
573444,978,1019
573445,973,1019
573446,974,1020
573447,972,1020
573448,973,1027
573449,973,1031
573450,977,1031
573451,976,1028
573452,974,1021
573453,970,1022
573454,972,1021
573455,972,1025
573456,973,1026
573457,970,1021
573458,965,1019
573459,964,1019
573460,967,1022
573461,969,1025
573462,973,1020
573463,969,1015
573464,966,1011
573465,964,1009
573466,966,1010
573467,966,1010
573468,967,1011
573469,966,1007
573470,963,1003
573471,963,1003
573472,964,1004
573473,965,1010
573474,968,1010
573475,964,1009
573476,962,1006
573477,958,1007
573478,960,1010
573479,962,1014
573480,970,1015
573481,967,1012
573482,967,1010
573483,963,1012
573484,963,1014
573485,967,1019
573486,969,1017
573487,968,1017
573488,961,1015
573489,961,1016
573490,962,1020
573491,966,1026
573492,968,1027
573493,969,1022
573494,963,1019
573495,959,1018
573496,963,1021
573497,964,1024
573498,964,1024
573499,963,1026
573500,962,1024
573501,959,1025
573502,960,1029
573503,963,1031
573504,965,1027
573505,964,1023
573506,959,1017
573507,960,1019
573508,957,1020
573509,963,1024
573510,965,1023
573511,964,1021
573512,962,1019
573513,960,1018
573514,959,1020
573515,962,1025
573516,963,1024
573517,962,1019
573518,957,1016
573519,955,1015
573520,957,1014
573521,959,1018
573522,962,1017
573523,960,1016
573524,958,1016
573525,956,1017
573526,954,1018
573527,957,1019
573528,960,1018
573529,963,1015
573530,965,1009
573531,974,1006
573532,986,1007
573533,1000,1005
573534,1020,1002
573535,1039,996
573536,1066,991
573537,1100,982
573538,1146,971
573539,1188,967
573540,1232,967
573541,1268,975
573542,1291,992
573543,1295,1016
573544,1266,1028
573545,1218,1035
573546,1159,1037
573547,1089,1045
573548,1022,1059
573549,961,1071
573550,922,1083
573551,911,1086
573552,923,1079
573553,936,1066
573554,948,1052
573555,953,1043
573556,957,1039
573557,959,1037
573558,957,1030
573559,954,1027
573560,948,1025
573561,942,1026
573562,944,1029
573563,943,1028
573564,947,1027
573565,945,1021
573566,942,1018
573567,938,1019
573568,939,1021
573569,941,1023
573570,945,1025
573571,943,1025
573572,943,1022
573573,938,1021
573574,941,1023
573575,944,1026
573576,942,1028
573577,941,1025
573578,936,1023
573579,937,1025
573580,940,1028
573581,942,1031
573582,946,1029
573583,946,1031
573584,945,1027
573585,942,1027
573586,943,1029
573587,943,1029
573588,946,1026
573589,948,1020
573590,944,1018
573591,942,1019
573592,944,1022
573593,948,1026
573594,950,1025
573595,949,1023
573596,948,1018
573597,946,1020
573598,945,1021
573599,947,1021
573600,947,1022
573601,944,1021
573602,946,1015
573603,945,1014
573604,945,1010
573605,949,1012
573606,953,1011
573607,950,1007
573608,947,1005
573609,946,1005
573610,947,1009
573611,946,1014
573612,953,1014
573613,951,1010
573614,948,1005
573615,949,1003
573616,951,1004
573617,953,1005
573618,954,1006
573619,954,1004
573620,947,1005
573621,946,1003
573622,946,1005
573623,950,1004
573624,952,1003
573625,954,995
573626,955,992
573627,956,990
573628,958,991
573629,962,996
573630,968,995
573631,968,989
573632,966,985
573633,967,987
573634,967,988
573635,970,989
573636,977,987
573637,978,982
573638,976,978
573639,978,977
573640,976,980
573641,980,980
573642,983,979
573643,982,976
573644,984,974
573645,983,975
573646,989,976
573647,991,979
573648,994,978
573649,996,977
573650,993,972
573651,992,974
573652,992,976
573653,995,980
573654,993,983
573655,994,982
573656,989,981
573657,987,986
573658,984,991
573659,987,994
573660,988,995
573661,983,992
573662,979,992
573663,976,995
573664,976,1000
573665,973,1007
573666,974,1010
573667,973,1010
573668,969,1011
573669,964,1016
573670,963,1020
573671,963,1027
573672,961,1031
573673,961,1033
573674,959,1029
573675,958,1033
573676,960,1038
573677,963,1039
573678,965,1037
573679,965,1036
573680,961,1030
573681,960,1029
573682,960,1031
573683,965,1031
573684,967,1034
573685,967,1030
573686,966,1029
573687,964,1026
573688,964,1024
573689,969,1025
573690,970,1026
573691,970,1023
573692,965,1023
573693,964,1024
573694,963,1026
573695,967,1029
573696,968,1026
573697,970,1024
573698,969,1016
573699,966,1015
573700,967,1016
573701,969,1018
573702,972,1017
573703,969,1018
573704,968,1014
573705,965,1016
573706,965,1019
573707,967,1019
573708,968,1021
573709,964,1020
573710,964,1017
573711,960,1017
573712,961,1017
573713,964,1018
573714,966,1017
573715,966,1016
573716,962,1014
573717,962,1015
573718,962,1020
573719,964,1023
573720,967,1023
573721,964,1020
573722,961,1021
573723,956,1024
573724,956,1030
573725,960,1029
573726,962,1026
573727,963,1023
573728,960,1021
573729,958,1024
573730,958,1028
573731,960,1031
573732,960,1030
573733,961,1032
573734,960,1028
573735,959,1028
573736,962,1030
573737,963,1035
573738,966,1035
573739,966,1033
573740,965,1029
573741,959,1030
573742,961,1031
573743,965,1035
573744,968,1034
573745,967,1031
573746,968,1028
573747,964,1033
573748,964,1033
573749,966,1035
573750,968,1031
573751,968,1032
573752,965,1030
573753,961,1030
573754,963,1027
573755,969,1033
573756,970,1035
573757,967,1033
573758,964,1031
573759,963,1028
573760,963,1029
573761,963,1031
573762,963,1029
573763,964,1026
573764,963,1025
573765,962,1024
573766,963,1027
573767,962,1029
573768,963,1029
573769,962,1030
573770,963,1025
573771,958,1026
573772,958,1030
573773,959,1035
573774,963,1036
573775,958,1031
573776,959,1027
573777,961,1026
573778,960,1028
573779,963,1031
573780,964,1032
573781,964,1032
573782,961,1030
573783,959,1031
573784,962,1031
573785,964,1029
573786,967,1021
573787,973,1017
573788,976,1010
573789,981,1006
573790,995,1005
573791,1010,1004
573792,1033,1003
573793,1059,997
573794,1091,987
573795,1129,977
573796,1171,967
573797,1213,964
573798,1253,969
573799,1286,978
573800,1302,1000
573801,1288,1018
573802,1244,1025
573803,1189,1034
573804,1130,1042
573805,1064,1052
573806,996,1064
573807,943,1073
573808,919,1084
573809,923,1083
573810,942,1073
573811,953,1059
573812,960,1049
573813,958,1045
573814,959,1039
573815,958,1045
573816,958,1045
573817,955,1044
573818,952,1041
573819,951,1039
573820,949,1041
573821,949,1042
573822,953,1040
573823,954,1038
573824,949,1037
573825,948,1035
573826,947,1040
573827,950,1043
573828,953,1043
573829,951,1043
573830,949,1041
573831,946,1044
573832,946,1045
573833,948,1044
573834,953,1042
573835,949,1038
573836,949,1034
573837,948,1032
573838,948,1033
573839,948,1037
573840,953,1039
573841,950,1036
573842,949,1035
573843,945,1037
573844,948,1040
573845,951,1042
573846,954,1043
573847,954,1042
573848,951,1038
573849,947,1037
573850,948,1038
573851,950,1038
573852,951,1035
573853,950,1033
573854,948,1030
573855,946,1030
573856,948,1032
573857,949,1033
573858,952,1032
573859,947,1032
573860,948,1030
573861,949,1028
573862,950,1032
573863,950,1035
573864,953,1036
573865,953,1034
573866,953,1030
573867,949,1026
573868,951,1026
573869,956,1029
573870,957,1024
573871,957,1021
573872,956,1022
573873,955,1017
573874,954,1017
573875,963,1017
573876,966,1015
573877,966,1013
573878,965,1009
573879,965,1008
573880,964,1010
573881,968,1013
573882,970,1008
573883,971,1002
573884,970,997
573885,971,993
573886,973,996
573887,976,998
573888,979,995
573889,976,996
573890,971,993
573891,973,993
573892,975,995
573893,980,998
573894,984,998
573895,984,995
573896,982,992
573897,982,990
573898,984,997
573899,987,1000
573900,990,998
573901,990,997
573902,991,994
573903,992,996
573904,994,997
573905,998,1000
573906,1002,1004
573907,1001,1002
573908,999,1004
573909,996,1012
573910,999,1015
573911,1004,1019
573912,1002,1023
573913,1002,1023
573914,999,1022
573915,995,1023
573916,997,1024
573917,998,1023
573918,999,1023
573919,995,1020
573920,992,1020
573921,990,1024
573922,986,1028
573923,988,1034
573924,989,1035
573925,985,1036
573926,982,1036
573927,979,1040
573928,981,1041
573929,980,1042
573930,981,1041
573931,980,1037
573932,978,1036
573933,975,1038
573934,975,1041
573935,976,1044
573936,978,1046
573937,977,1044
573938,975,1043
573939,970,1042
573940,973,1046
573941,976,1048
573942,979,1046
573943,976,1044
573944,977,1042
573945,972,1040
573946,972,1043
573947,976,1049
573948,976,1047
573949,975,1050
573950,973,1049
573951,971,1047
573952,972,1050
573953,973,1053
573954,980,1051
573955,976,1050
573956,975,1043
573957,972,1043
573958,970,1044
573959,974,1044
573960,978,1042
573961,976,1037
573962,974,1032
573963,971,1030
573964,975,1035
573965,977,1038
573966,978,1036
573967,973,1034
573968,971,1031
573969,973,1031
573970,974,1032
573971,972,1035
573972,976,1034
573973,973,1035
573974,969,1032
573975,966,1035
573976,971,1038
573977,971,1040
573978,971,1038
573979,970,1041
573980,968,1036
573981,966,1039
573982,966,1040
573983,967,1043
573984,972,1042
573985,970,1042
573986,967,1037
573987,966,1040
573988,965,1042
573989,970,1042
573990,971,1046
573991,970,1044
573992,969,1041
573993,966,1037
573994,966,1036
573995,967,1041
573996,965,1043
573997,968,1045
573998,966,1043
573999,966,1041
574000,967,1045
574001,967,1046
574002,968,1046
574003,963,1046
574004,965,1044
574005,962,1046
574006,965,1053
574007,967,1057
574008,971,1056
574009,970,1050
574010,968,1046
574011,964,1046
574012,968,1046
574013,967,1046
574014,970,1047
574015,969,1042
574016,962,1043
574017,964,1045
574018,963,1046
574019,964,1049
574020,969,1047
574021,968,1042
574022,963,1039
574023,961,1039
574024,963,1046
574025,965,1051
574026,966,1050
574027,968,1047
574028,964,1045
574029,964,1046
574030,966,1047
574031,967,1047
574032,967,1047
574033,969,1046
574034,963,1044
574035,961,1046
574036,961,1048
574037,967,1051
574038,970,1049
574039,969,1048
574040,966,1045
574041,966,1044
574042,964,1048
574043,966,1051
574044,968,1052
574045,965,1052
574046,962,1050
574047,961,1055
574048,959,1053
574049,967,1057
574050,970,1054
574051,968,1051
574052,967,1047
574053,965,1048
574054,968,1048
574055,971,1049
574056,972,1048
574057,973,1047
574058,969,1051
574059,967,1050
574060,970,1052
574061,971,1048
574062,975,1045
574063,973,1037
574064,970,1032
574065,967,1033
574066,968,1032
574067,969,1034
574068,972,1033
574069,975,1028
574070,973,1026
574071,971,1026
574072,976,1022
574073,989,1026
574074,1003,1022
574075,1020,1019
574076,1034,1012
574077,1058,1008
574078,1093,1002
574079,1133,993
574080,1171,978
574081,1209,971
574082,1241,974
574083,1274,986
574084,1297,1009
574085,1296,1033
574086,1266,1047
574087,1208,1052
574088,1147,1058
574089,1083,1071
574090,1019,1085
574091,966,1098
574092,938,1101
574093,933,1100
574094,940,1092
574095,951,1082
574096,963,1070
574097,973,1063
574098,975,1059
574099,971,1053
574100,963,1051
574101,961,1053
574102,961,1055
574103,962,1053
574104,963,1053
574105,959,1049
574106,957,1041
574107,955,1042
574108,956,1043
574109,959,1047
574110,959,1045
574111,956,1043
574112,950,1039
574113,946,1042
574114,946,1044
574115,947,1046
574116,950,1048
574117,948,1046
574118,946,1044
574119,945,1045
574120,946,1047
574121,949,1050
574122,949,1047
574123,950,1043
574124,945,1039
574125,942,1042
574126,942,1045
574127,944,1052
574128,945,1057
574129,946,1057
574130,946,1049
574131,946,1051
574132,947,1051
574133,952,1052
574134,954,1052
574135,953,1049
574136,952,1045
574137,949,1041
574138,950,1041
574139,954,1044
574140,956,1045
574141,957,1043
574142,954,1040
574143,958,1040
574144,958,1046
574145,961,1045
574146,963,1045
574147,965,1042
574148,963,1038
574149,960,1034
574150,961,1035
574151,967,1035
574152,969,1029
574153,971,1024
574154,966,1018
574155,964,1016
574156,965,1019
574157,966,1021
574158,972,1018
574159,971,1016
574160,967,1016
574161,969,1015
574162,967,1016
574163,968,1018
574164,971,1016
574165,969,1016
574166,968,1014
574167,962,1013
574168,966,1016
574169,972,1016
574170,976,1016
574171,974,1010
574172,972,1013
574173,970,1012
574174,971,1011
574175,977,1007
574176,981,1004
574177,982,1002
574178,979,1000
574179,981,1002
574180,984,1004
574181,987,1010
574182,988,1010
574183,989,1005
574184,992,1002
574185,995,1003
574186,996,1009
574187,1001,1013
574188,1006,1016
574189,1007,1014
574190,1005,1010
574191,1004,1009
574192,1007,1010
574193,1011,1015
574194,1011,1011
574195,1010,1012
574196,1007,1010
574197,1004,1015
574198,1004,1021
574199,1008,1024
574200,1004,1024
574201,999,1024
574202,1000,1020
574203,997,1022
574204,995,1024
574205,993,1026
574206,995,1029
574207,992,1031
574208,988,1030
574209,983,1035
574210,985,1036
574211,985,1043
574212,986,1043
574213,984,1041
574214,979,1041
574215,975,1042
574216,976,1045
574217,981,1047
574218,980,1052
574219,977,1048
574220,978,1044
574221,975,1047
574222,977,1046
574223,980,1049
574224,980,1051
574225,980,1051
574226,979,1047
574227,977,1047
574228,977,1051
574229,979,1053
574230,981,1051
574231,983,1048
574232,978,1042
574233,978,1037
574234,979,1037
574235,980,1038
574236,984,1037
574237,982,1039
574238,981,1035
574239,978,1035
574240,979,1031
574241,982,1034
574242,983,1029
574243,981,1029
574244,978,1026
574245,976,1027
574246,976,1026
574247,977,1029
574248,980,1026
574249,978,1027
574250,977,1028
574251,978,1029
574252,975,1031
574253,975,1033
574254,975,1039
574255,975,1036
574256,974,1031
574257,973,1028
574258,974,1030
574259,973,1032
574260,976,1035
574261,973,1034
574262,967,1036
574263,965,1039
574264,967,1045
574265,969,1048
574266,971,1047
574267,973,1043
574268,972,1041
574269,970,1040
574270,969,1041
574271,974,1045
574272,975,1043
574273,974,1039
574274,972,1040
574275,971,1041
574276,971,1044
574277,974,1049
574278,977,1046
574279,975,1044
574280,973,1041
574281,974,1041
574282,971,1044
574283,976,1046
574284,976,1048
574285,976,1047
574286,972,1043
574287,971,1044
574288,974,1047
574289,974,1048
574290,979,1045
574291,978,1042
574292,972,1038
574293,971,1037
574294,972,1042
574295,977,1044
574296,973,1044
574297,974,1045
574298,967,1042
574299,966,1042
574300,967,1046
574301,973,1047
574302,974,1043
574303,971,1044
574304,970,1041
574305,967,1041
574306,967,1046
574307,968,1049
574308,970,1054
574309,966,1052
574310,966,1047
574311,966,1045
574312,963,1050
574313,969,1049
574314,973,1050
574315,971,1045
574316,969,1039
574317,969,1039
574318,967,1041
574319,971,1045
574320,973,1045
574321,972,1040
574322,974,1031
574323,972,1029
574324,973,1033
574325,975,1036
574326,977,1036
574327,974,1035
574328,974,1034
574329,966,1034
574330,970,1038
574331,973,1041
574332,974,1036
574333,973,1034
574334,969,1034
574335,967,1036
574336,970,1037
574337,973,1043
574338,975,1041
574339,976,1039
574340,972,1033
574341,973,1031
574342,977,1030
574343,985,1031
574344,994,1028
574345,1005,1022
574346,1018,1015
574347,1038,1012
574348,1065,1009
574349,1104,1005
574350,1145,986
574351,1184,975
574352,1217,972
574353,1252,980
574354,1284,1001
574355,1292,1026
574356,1264,1045
574357,1205,1051
574358,1135,1056
574359,1062,1072
574360,1000,1089
574361,952,1107
574362,937,1110
574363,942,1105
574364,953,1093
574365,965,1076
574366,977,1069
574367,981,1065
574368,977,1061
574369,973,1056
574370,968,1048
574371,964,1048
574372,962,1048
574373,964,1050
574374,962,1048
574375,960,1047
574376,960,1044
574377,957,1046
574378,957,1049
574379,959,1048
574380,959,1047
574381,956,1043
574382,955,1040
574383,953,1038
574384,953,1043
574385,951,1047
574386,954,1044
574387,953,1046
574388,953,1044
574389,951,1043
574390,950,1049
574391,954,1055
574392,955,1053
574393,954,1051
574394,953,1045
574395,951,1043
574396,951,1043
574397,954,1047
574398,952,1045
574399,953,1044
574400,951,1045
574401,951,1046
574402,954,1050
574403,953,1056
574404,956,1054
574405,952,1048
574406,949,1043
574407,947,1040
574408,944,1041
574409,947,1046
574410,950,1044
574411,951,1045
574412,951,1038
574413,952,1034
574414,954,1033
574415,956,1032
574416,961,1029
574417,962,1027
574418,959,1024
574419,959,1025
574420,959,1028
574421,963,1027
574422,966,1023
574423,966,1022
574424,965,1018
574425,963,1019
574426,963,1021
574427,968,1021
574428,970,1019
574429,972,1019
574430,967,1011
574431,966,1014
574432,970,1013
574433,972,1016
574434,973,1013
574435,974,1009
574436,973,1007
574437,971,1007
574438,973,1012
574439,974,1014
574440,980,1010
574441,981,1007
574442,981,1006
574443,981,1005
574444,981,1008
574445,984,1008
574446,986,1004
574447,986,1002
574448,988,996
574449,987,998
574450,991,1004
574451,994,1009
574452,993,1005
574453,995,1005
574454,993,1000
574455,993,999
574456,994,1000
574457,1000,1008
574458,1002,1008
574459,1001,1008
574460,999,1008
574461,996,1012
574462,995,1015
574463,1000,1020
574464,1000,1018
574465,996,1017
574466,996,1016
574467,992,1019
574468,995,1024
574469,997,1028
574470,995,1028
574471,993,1031
574472,989,1027
574473,984,1029
574474,984,1031
574475,986,1037
574476,987,1038
574477,984,1038
574478,981,1035
574479,978,1036
574480,973,1039
574481,978,1040
574482,977,1041
574483,971,1042
574484,969,1038
574485,970,1039
574486,970,1045
574487,968,1044
574488,969,1046
574489,970,1043
574490,967,1038
574491,967,1039
574492,968,1042
574493,972,1045
574494,973,1047
574495,970,1048
574496,967,1049
574497,965,1046
574498,967,1037
574499,973,1031
574500,974,1027
574501,970,1025
574502,968,1028
574503,965,1033
574504,964,1037
574505,965,1044
574506,966,1043
574507,973,1040
574508,971,1039
574509,970,1040
574510,971,1045
574511,973,1047
574512,975,1047
574513,971,1042
574514,967,1034
574515,965,1027
574516,967,1028
574517,970,1030
574518,971,1029
574519,971,1029
574520,965,1026
574521,965,1028
574522,965,1031
574523,968,1033
574524,970,1032
574525,968,1030
574526,969,1030
574527,965,1031
574528,966,1035
574529,968,1040
574530,969,1038
574531,966,1035
574532,964,1030
574533,961,1030
574534,960,1027
574535,963,1031
574536,963,1032
574537,963,1028
574538,961,1026
574539,957,1026
574540,959,1034
574541,963,1033
574542,964,1033
574543,964,1029
574544,961,1027
574545,959,1026
574546,960,1032
574547,963,1032
574548,966,1031
574549,962,1027
574550,959,1028
574551,956,1030
574552,957,1035
574553,959,1039
574554,961,1043
574555,959,1041
574556,957,1040
574557,956,1043
574558,956,1047
574559,958,1049
574560,961,1044
574561,963,1045
574562,959,1042
574563,957,1039
574564,959,1044
574565,964,1048
574566,963,1047
574567,961,1041
574568,961,1035
574569,958,1036
574570,960,1037
574571,965,1039
574572,965,1040
574573,962,1039
574574,958,1036
574575,954,1037
574576,957,1037
574577,960,1037
574578,962,1036
574579,955,1034
574580,953,1033
574581,950,1034
574582,952,1036
574583,952,1038
574584,953,1039
574585,955,1034
574586,951,1031
574587,948,1034
574588,953,1039
574589,957,1041
574590,959,1039
574591,956,1035
574592,955,1035
574593,953,1035
574594,956,1039
574595,955,1043
574596,957,1040
574597,954,1039
574598,953,1035
574599,952,1032
574600,951,1034
574601,955,1037
574602,956,1037
574603,958,1029
574604,955,1027
574605,953,1027
574606,954,1033
574607,957,1033
574608,959,1031
574609,956,1023
574610,952,1020
574611,952,1024
574612,952,1027
574613,957,1035
574614,959,1036
574615,959,1034
574616,957,1033
574617,955,1033
574618,954,1036
574619,960,1037
574620,961,1037
574621,958,1034
574622,956,1035
574623,952,1037
574624,955,1043
574625,956,1047
574626,959,1044
574627,956,1041
574628,954,1040
574629,953,1038
574630,953,1036
574631,956,1036
574632,957,1034
574633,958,1034
574634,956,1031
574635,953,1033
574636,956,1036
574637,961,1039
574638,962,1039
574639,958,1040
574640,954,1043
574641,954,1045
574642,956,1046
574643,960,1046
574644,962,1041
574645,959,1037
574646,953,1034
574647,953,1034
574648,956,1035
574649,956,1039
574650,960,1037
574651,959,1039
574652,958,1037
574653,958,1040
574654,958,1041
574655,963,1043
574656,963,1038
574657,960,1035
574658,960,1030
574659,958,1035
574660,963,1038
574661,964,1040
574662,965,1038
574663,964,1036
574664,963,1038
574665,961,1041
574666,961,1042
574667,965,1044
574668,965,1043
574669,964,1040
574670,964,1036
574671,962,1035
574672,963,1037
574673,967,1039
574674,969,1039
574675,964,1039
574676,963,1034
574677,963,1038
574678,964,1041
574679,967,1046
574680,966,1048
574681,965,1048
574682,963,1047
574683,961,1048
574684,962,1050
574685,965,1051
574686,966,1047
574687,966,1043
574688,964,1039
574689,961,1037
574690,961,1035
574691,966,1034
574692,967,1036
574693,968,1030
574694,965,1029
574695,962,1030
574696,963,1031
574697,965,1035
574698,963,1037
574699,965,1035
574700,963,1029
574701,961,1029
574702,962,1035
574703,965,1037
574704,968,1036
574705,967,1032
574706,965,1030
574707,965,1029
574708,969,1034
574709,970,1035
574710,973,1036
574711,969,1034
574712,967,1034
574713,965,1036
574714,966,1040
574715,968,1043
574716,973,1041
574717,972,1041
574718,970,1033
574719,970,1033
574720,973,1036
574721,975,1039
574722,979,1037
574723,978,1035
574724,977,1037
574725,973,1040
574726,971,1042
574727,975,1049
574728,976,1048
574729,975,1048
574730,973,1044
574731,973,1043
574732,975,1041
574733,977,1041
574734,979,1040
574735,979,1036
574736,974,1031
574737,973,1029
574738,978,1030
574739,985,1029
574740,996,1026
574741,1009,1021
574742,1024,1014
574743,1046,1012
574744,1078,1013
574745,1111,1006
574746,1145,991
574747,1183,979
574748,1214,968
574749,1249,968
574750,1283,977
574751,1305,997
574752,1294,1016
574753,1253,1029
574754,1194,1032
574755,1123,1039
574756,1064,1053
574757,1009,1068
574758,964,1075
574759,950,1076
574760,950,1073
574761,959,1063
574762,976,1056
574763,981,1048
574764,984,1044
574765,976,1042
574766,970,1039
574767,964,1041
574768,963,1044
574769,964,1047
574770,962,1043
574771,960,1041
574772,954,1042
574773,952,1042
574774,953,1044
574775,955,1048
574776,953,1050
574777,951,1050
574778,951,1048
574779,949,1052
574780,952,1056
574781,957,1055
574782,957,1051
574783,956,1041
574784,953,1035
574785,949,1037
574786,948,1037
574787,948,1040
574788,949,1037
574789,950,1034
574790,947,1032
574791,948,1034
574792,951,1036
574793,953,1039
574794,952,1036
574795,950,1035
574796,949,1033
574797,946,1034
574798,948,1036
574799,952,1041
574800,954,1040
574801,950,1038
574802,947,1037
574803,949,1037
574804,948,1038
574805,951,1041
574806,952,1035
574807,954,1031
574808,952,1027
574809,954,1028
574810,955,1030
574811,959,1031
574812,964,1029
574813,960,1026
574814,959,1023
574815,959,1024
574816,956,1029
574817,963,1027
574818,967,1025
574819,966,1024
574820,964,1022
574821,965,1027
574822,964,1026
574823,972,1027
574824,974,1024
574825,978,1023
574826,975,1022
574827,974,1022
574828,975,1025
574829,980,1028
574830,984,1028
574831,983,1026
574832,980,1025
574833,980,1027
574834,983,1030
574835,988,1029
574836,990,1025
574837,990,1017
574838,987,1015
574839,987,1012
574840,988,1011
574841,989,1010
574842,991,1009
574843,993,1005
574844,997,1002
574845,996,1003
574846,999,1004
574847,1002,1006
574848,1004,1005
574849,1003,1003
574850,1002,1001
574851,1001,1004
574852,1003,1006
574853,1006,1010
574854,1008,1010
574855,1009,1004
574856,1009,1003
574857,1008,1000
574858,1010,1002
574859,1011,1005
574860,1013,1009
574861,1006,1009
574862,1007,1013
574863,1004,1019
574864,1004,1022
574865,1004,1024
574866,1004,1022
574867,998,1017
574868,999,1017
574869,994,1018
574870,992,1025
574871,991,1031
574872,991,1030
574873,988,1028
574874,983,1027
574875,978,1033
574876,980,1033
574877,984,1042
574878,983,1043
574879,978,1045
574880,975,1044
574881,975,1046
574882,977,1046
574883,980,1053
574884,979,1052
574885,975,1047
574886,974,1042
574887,972,1041
574888,975,1043
574889,977,1043
574890,977,1037
574891,975,1032
574892,972,1028
574893,972,1028
574894,974,1034
574895,975,1034
574896,978,1032
574897,975,1027
574898,970,1023
574899,971,1022
574900,971,1028
574901,974,1034
574902,975,1034
574903,975,1027
574904,973,1022
574905,968,1019
574906,971,1021
574907,971,1023
574908,975,1025
574909,976,1020
574910,973,1020
574911,971,1020
574912,972,1028
574913,975,1031
574914,979,1028
574915,977,1023
574916,977,1022
574917,975,1022
574918,974,1028
574919,974,1031
574920,974,1027
574921,972,1030
574922,972,1028
574923,969,1031
574924,970,1037
574925,972,1040
574926,971,1040
574927,970,1039
574928,968,1039
574929,966,1041
574930,967,1042
574931,967,1045
574932,972,1044
574933,971,1041
574934,968,1039
574935,967,1041
574936,967,1044
574937,969,1043
574938,973,1042
574939,973,1039
574940,967,1036
574941,968,1036
574942,968,1037
574943,970,1037
574944,971,1033
574945,969,1029
574946,966,1026
574947,968,1028
574948,968,1031
574949,971,1034
574950,973,1031
574951,970,1029
574952,968,1023
574953,962,1024
574954,962,1030
574955,966,1033
574956,967,1030
574957,964,1026
574958,963,1025
574959,963,1029
574960,964,1032
574961,964,1036
574962,964,1037
574963,963,1036
574964,964,1034
574965,962,1034
574966,963,1035
574967,966,1039
574968,966,1043
574969,968,1043
574970,964,1038
574971,964,1039
574972,961,1043
574973,965,1045
574974,968,1045
574975,967,1042
574976,966,1038
574977,965,1035
574978,968,1037
574979,973,1040
574980,972,1042
574981,973,1037
574982,971,1034
574983,975,1030
574984,986,1031
574985,1001,1033
574986,1016,1026
574987,1034,1020
574988,1058,1012
574989,1095,1004
574990,1136,991
574991,1186,982
574992,1231,972
574993,1274,972
574994,1302,985
574995,1297,1011
574996,1262,1027
574997,1201,1033
574998,1130,1039
574999,1048,1055
575000,973,1075
575001,926,1083
575002,919,1087
575003,935,1082
575004,952,1068
575005,964,1054
575006,965,1041
575007,960,1035
575008,963,1035
575009,963,1034
575010,958,1033
575011,955,1034
575012,950,1033
575013,947,1036
575014,948,1041
575015,951,1040
575016,951,1034
575017,950,1028
575018,943,1027
575019,940,1029
575020,944,1030
575021,945,1036
575022,948,1040
575023,952,1040
575024,945,1037
575025,946,1036
575026,948,1038
575027,953,1041
575028,957,1041
575029,955,1041
575030,953,1041
575031,953,1039
575032,954,1042
575033,956,1045
575034,959,1048
575035,958,1048
575036,952,1047
575037,952,1042
575038,953,1038
575039,954,1035
575040,958,1031
575041,955,1031
575042,954,1029
575043,952,1029
575044,952,1031
575045,955,1038
575046,957,1037
575047,956,1034
575048,952,1029
575049,952,1028
575050,953,1033
575051,955,1034
575052,954,1031
575053,957,1027
575054,950,1023
575055,949,1024
575056,952,1024
575057,954,1025
575058,955,1020
575059,957,1018
575060,956,1016
575061,955,1016
575062,958,1019
575063,962,1020
575064,962,1017
575065,962,1015
575066,963,1014
575067,963,1014
575068,967,1015
575069,973,1016
575070,975,1016
575071,976,1010
575072,976,1007
575073,978,1008
575074,981,1009
575075,984,1011
575076,986,1008
575077,987,1005
575078,987,999
575079,984,999
575080,987,1000
575081,990,998
575082,991,996
575083,990,992
575084,989,988
575085,986,988
575086,990,991
575087,995,993
575088,998,987
575089,998,984
575090,996,983
575091,995,986
575092,995,988
575093,996,988
575094,1000,988
575095,998,985
575096,994,984
575097,991,988
575098,991,991
575099,992,997
575100,992,1000
575101,988,1002
575102,986,1003
575103,984,1010
575104,981,1015
575105,985,1020
575106,984,1021
575107,979,1022
575108,975,1023
575109,975,1029
575110,974,1030
575111,972,1033
575112,977,1029
575113,971,1029
575114,967,1026
575115,965,1030
575116,967,1035
575117,969,1038
575118,970,1041
575119,969,1043
575120,968,1044
575121,965,1043
575122,970,1050
575123,972,1058
575124,976,1058
575125,974,1056
575126,970,1049
575127,969,1047
575128,968,1043
575129,973,1042
575130,972,1039
575131,974,1037
575132,970,1035
575133,970,1033
575134,971,1036
575135,973,1037
575136,974,1035
575137,972,1033
575138,969,1029
575139,967,1032
575140,967,1034
575141,969,1035
575142,973,1037
575143,971,1037
575144,966,1036
575145,965,1036
575146,966,1035
575147,969,1037
575148,969,1036
575149,967,1035
575150,964,1034
575151,963,1037
575152,964,1037
575153,965,1038
575154,967,1035
575155,966,1034
575156,964,1033
575157,963,1034
575158,964,1036
575159,968,1036
575160,969,1035
575161,966,1034
575162,963,1033
575163,959,1036
575164,966,1039
575165,967,1037
575166,969,1035
575167,967,1036
575168,961,1036
575169,963,1040
575170,964,1043
575171,967,1043
575172,966,1042
575173,964,1044
575174,963,1043
575175,963,1048
575176,964,1051
575177,965,1054
575178,970,1050
575179,969,1046
575180,968,1041
575181,964,1038
575182,966,1038
575183,965,1036
575184,969,1030
575185,967,1025
575186,964,1024
575187,964,1024
575188,965,1028
575189,967,1034
575190,968,1032
575191,965,1032
575192,963,1029
575193,960,1030
575194,960,1033
575195,963,1032
575196,962,1031
575197,963,1027
575198,960,1026
575199,958,1029
575200,961,1034
575201,961,1039
575202,962,1036
575203,960,1032
575204,957,1030
575205,955,1028
575206,956,1030
575207,959,1036
575208,958,1036
575209,956,1032
575210,955,1029
575211,956,1032
575212,957,1034
575213,959,1041
575214,960,1041
575215,961,1038
575216,958,1036
575217,957,1040
575218,956,1044
575219,958,1050
575220,959,1046
575221,960,1043
575222,955,1037
575223,957,1038
575224,958,1040
575225,960,1041
575226,962,1042
575227,963,1042
575228,961,1039
575229,957,1041
575230,961,1044
575231,960,1044
575232,962,1043
575233,959,1044
575234,958,1042
575235,958,1045
575236,961,1047
575237,962,1049
575238,966,1046
575239,965,1041
575240,965,1036
575241,962,1034
575242,964,1036
575243,967,1037
575244,967,1039
575245,963,1036
575246,959,1032
575247,960,1030
575248,963,1031
575249,968,1031
575250,962,1030
575251,965,1029
575252,964,1028
575253,962,1025
575254,963,1026
575255,966,1028
575256,969,1026
575257,966,1023
575258,963,1024
575259,962,1025
575260,961,1031
575261,965,1033
575262,967,1030
575263,962,1028
575264,962,1031
575265,961,1031
575266,963,1040
575267,968,1042
575268,969,1041
575269,967,1040
575270,963,1038
575271,962,1039
575272,966,1041
575273,968,1044
575274,969,1039
575275,970,1032
575276,969,1028
575277,975,1029
575278,989,1027
575279,1005,1031
575280,1024,1029
575281,1044,1024
575282,1070,1015
575283,1105,1000
575284,1148,987
575285,1192,984
575286,1236,984
575287,1272,995
575288,1282,1017
575289,1260,1041
575290,1213,1050
575291,1150,1054
575292,1081,1059
575293,1013,1068
575294,956,1078
575295,925,1084
575296,929,1085
575297,947,1079
575298,963,1061
575299,970,1046
575300,967,1035
575301,962,1031
575302,958,1032
575303,957,1034
575304,958,1031
575305,955,1029
575306,949,1028
575307,944,1028
575308,945,1029
575309,947,1033
575310,945,1031
575311,943,1032
575312,941,1028
575313,940,1027
575314,942,1031
575315,943,1035
575316,943,1034
575317,943,1034
575318,944,1034
575319,942,1035
575320,940,1039
575321,947,1043
575322,946,1041
575323,947,1037
575324,944,1034
575325,945,1034
575326,946,1038
575327,946,1041
575328,949,1045
575329,948,1044
575330,944,1046
575331,943,1046
575332,947,1047
575333,949,1048
575334,946,1041
575335,948,1035
575336,947,1033
575337,945,1035
575338,947,1039
575339,949,1038
575340,950,1038
575341,946,1036
575342,945,1032
575343,944,1027
575344,945,1029
575345,945,1030
575346,947,1030
575347,947,1027
575348,942,1022
575349,941,1024
575350,943,1025
575351,944,1025
575352,951,1024
575353,951,1022
575354,950,1018
575355,948,1017
575356,954,1022
575357,958,1021
575358,958,1021
575359,957,1019
575360,955,1017
575361,954,1012
575362,959,1010
575363,963,1007
575364,968,1005
575365,964,1004
575366,965,1000
575367,966,1002
575368,969,1004
575369,979,1005
575370,980,1001
575371,979,994
575372,974,992
575373,977,995
575374,981,998
575375,983,1001
575376,985,997
575377,982,998
575378,979,992
575379,980,994
575380,984,998
575381,989,1003
575382,989,1000
575383,990,998
575384,985,996
575385,986,998
575386,991,1003
575387,995,1007
575388,996,1006
575389,995,1001
575390,991,995
575391,991,995
575392,994,996
575393,994,999
575394,993,1000
575395,990,999
575396,990,1001
575397,988,1004
575398,988,1009
575399,990,1013
575400,986,1015
575401,985,1013
575402,982,1016
575403,977,1020
575404,978,1023
575405,978,1027
575406,979,1024
575407,975,1021
575408,972,1019
575409,969,1024
575410,969,1025
575411,970,1029
575412,969,1029
575413,966,1028
575414,962,1031
575415,959,1031
575416,960,1034
575417,962,1040
575418,966,1037
575419,965,1032
575420,963,1029
575421,963,1032
575422,965,1036
575423,968,1040
575424,969,1037
575425,967,1033
575426,962,1031
575427,965,1031
575428,966,1032
575429,972,1038
575430,975,1037
575431,972,1037
575432,969,1039
575433,970,1042
575434,968,1046
575435,968,1047
575436,969,1045
575437,966,1039
575438,966,1038
575439,967,1038
575440,972,1045
575441,976,1045
575442,977,1041
575443,973,1036
575444,969,1033
575445,964,1033
575446,970,1039
575447,969,1039
575448,969,1036
575449,966,1035
575450,964,1036
575451,967,1036
575452,967,1035
575453,971,1037
575454,971,1034
575455,970,1031
575456,966,1028
575457,965,1030
575458,968,1033
575459,970,1034
575460,969,1035
575461,965,1030
575462,961,1030
575463,962,1033
575464,964,1039
575465,964,1039
575466,966,1037
575467,962,1038
575468,960,1039
575469,961,1040
575470,962,1040
575471,966,1042
575472,967,1040
575473,967,1039
575474,965,1035
575475,960,1037
575476,959,1043
575477,961,1044
575478,964,1048
575479,966,1043
575480,965,1037
575481,962,1041
575482,962,1044
575483,965,1048
575484,967,1051
575485,966,1046
575486,962,1042
575487,960,1042
575488,962,1048
575489,967,1053
575490,969,1052
575491,965,1046
575492,964,1045
575493,964,1046
575494,966,1044
575495,966,1049
575496,970,1045
575497,967,1043
575498,967,1044
575499,965,1045
575500,968,1047
575501,969,1045
575502,971,1044
575503,969,1040
575504,964,1039
575505,963,1038
575506,964,1043
575507,966,1047
575508,965,1046
575509,964,1047
575510,961,1042
575511,961,1044
575512,963,1043
575513,963,1046
575514,963,1045
575515,964,1038
575516,963,1037
575517,960,1038
575518,963,1043
575519,965,1046
575520,964,1045
575521,965,1043
575522,963,1039
575523,965,1042
575524,966,1045
575525,971,1048
575526,971,1047
575527,969,1041
575528,969,1039
575529,969,1039
575530,970,1042
575531,970,1046
575532,975,1047
575533,970,1043
575534,967,1043
575535,967,1041
575536,970,1043
575537,973,1045
575538,976,1047
575539,975,1043
575540,973,1044
575541,975,1042
575542,980,1042
575543,992,1042
575544,1002,1039
575545,1013,1034
575546,1025,1030
575547,1048,1025
575548,1081,1019
575549,1120,1007
575550,1155,988
575551,1193,973
575552,1226,970
575553,1262,980
575554,1293,1001
575555,1306,1026
575556,1286,1040
575557,1246,1042
575558,1188,1042
575559,1126,1055
575560,1066,1073
575561,1006,1091
575562,958,1102
575563,931,1110
575564,927,1109
575565,936,1104
575566,948,1095
575567,963,1081
575568,970,1072
575569,971,1062
575570,968,1058
575571,961,1056
575572,962,1058
575573,962,1057
575574,961,1053
575575,957,1046
575576,956,1047
575577,952,1048
575578,953,1051
575579,955,1051
575580,955,1052
575581,953,1049
575582,945,1046
575583,946,1049
575584,952,1050
575585,957,1053
575586,952,1052
575587,955,1052
575588,954,1052
575589,950,1053
575590,955,1055
575591,957,1053
575592,956,1052
575593,954,1050
575594,953,1046
575595,950,1048
575596,950,1051
575597,954,1050
575598,954,1051
575599,954,1047
575600,955,1045
575601,953,1045
575602,954,1047
575603,957,1048
575604,959,1043
575605,953,1041
575606,952,1040
575607,951,1041
575608,953,1045
575609,955,1049
575610,953,1047
575611,949,1044
575612,948,1039
575613,947,1041
575614,950,1044
575615,954,1043
575616,956,1044
575617,956,1040
575618,951,1038
575619,951,1039
575620,955,1040
575621,956,1044
575622,958,1041
575623,955,1035
575624,954,1034
575625,955,1036
575626,957,1038
575627,960,1037
575628,964,1034
575629,962,1030
575630,961,1025
575631,959,1026
575632,963,1028
575633,967,1030
575634,967,1028
575635,968,1026
575636,967,1024
575637,965,1024
575638,971,1027
575639,971,1026
575640,978,1024
575641,975,1024
575642,975,1019
575643,977,1017
575644,979,1019
575645,983,1019
575646,981,1016
575647,980,1014
575648,981,1012
575649,979,1014
575650,986,1017
575651,990,1015
575652,993,1009
575653,992,1005
575654,986,1004
575655,988,1007
575656,992,1009
575657,994,1011
575658,997,1007
575659,996,1003
575660,994,1002
575661,993,1002
575662,996,1004
575663,999,1007
575664,999,1004
575665,998,1005
575666,995,1004
575667,993,1007
575668,998,1013
575669,999,1016
575670,999,1018
575671,992,1017
575672,990,1013
575673,991,1015
575674,989,1018
575675,992,1027
575676,990,1028
575677,987,1029
575678,980,1028
575679,980,1031
575680,982,1033
575681,981,1038
575682,978,1041
575683,977,1040
575684,971,1042
575685,968,1046
575686,975,1049
575687,976,1053
575688,977,1053
575689,975,1051
575690,971,1050
575691,968,1053
575692,969,1058
575693,971,1059
575694,971,1057
575695,970,1057
575696,965,1053
575697,965,1053
575698,970,1055
575699,971,1055
575700,972,1052
575701,972,1049
575702,966,1046
575703,966,1047
575704,968,1050
575705,969,1051
575706,970,1049
575707,970,1045
575708,968,1040
575709,967,1041
575710,969,1044
575711,969,1048
575712,969,1049
575713,966,1047
575714,966,1044
575715,965,1042
575716,968,1040
575717,971,1042
575718,972,1042
575719,969,1040
575720,966,1041
575721,967,1041
575722,970,1045
575723,974,1047
575724,976,1043
575725,974,1039
575726,970,1036
575727,970,1042
575728,974,1043
575729,975,1048
575730,974,1047
575731,972,1042
575732,969,1040
575733,967,1043
575734,969,1046
575735,969,1046
575736,970,1044
575737,972,1040
575738,971,1042
575739,970,1044
575740,972,1050
575741,975,1052
575742,976,1053
575743,974,1053
575744,969,1053
575745,968,1052
575746,969,1054
575747,971,1055
575748,971,1052
575749,969,1048
575750,962,1045
575751,964,1044
575752,966,1048
575753,968,1049
575754,966,1048
575755,964,1046
575756,964,1045
575757,963,1048
575758,964,1048
575759,967,1048
575760,967,1046
575761,966,1044
575762,962,1040
575763,962,1044
575764,963,1049
575765,964,1052
575766,966,1049
575767,963,1048
575768,958,1042
575769,960,1043
575770,963,1045
575771,964,1051
575772,966,1051
575773,961,1047
575774,961,1046
575775,961,1050
575776,962,1051
575777,965,1055
575778,966,1048
575779,965,1043
575780,963,1044
575781,965,1045
575782,967,1046
575783,969,1048
575784,968,1044
575785,967,1042
575786,964,1041
575787,962,1046
575788,965,1048
575789,968,1050
575790,966,1048
575791,965,1044
575792,966,1042
575793,965,1045
575794,968,1046
575795,972,1046
575796,972,1049
575797,969,1047
575798,969,1048
575799,967,1045
575800,969,1040
575801,977,1038
575802,983,1030
575803,988,1027
575804,994,1021
575805,1007,1023
575806,1028,1023
575807,1053,1019
575808,1084,1012
575809,1121,998
575810,1156,984
575811,1192,977
575812,1231,976
575813,1267,984
575814,1287,996
575815,1286,1012
575816,1261,1026
575817,1218,1033
575818,1160,1040
575819,1106,1053
575820,1042,1068
575821,981,1083
575822,944,1091
575823,932,1096
575824,937,1097
575825,956,1085
575826,966,1071
575827,969,1058
575828,964,1050
575829,962,1046
575830,959,1050
575831,962,1052
575832,958,1051
575833,955,1048
575834,951,1047
575835,946,1048
575836,946,1051
575837,953,1048
575838,951,1046
575839,949,1040
575840,945,1040
575841,945,1044
575842,943,1046
575843,943,1048
575844,944,1046
575845,942,1045
575846,942,1043
575847,946,1044
575848,950,1045
575849,950,1048
575850,952,1045
575851,952,1039
575852,948,1038
575853,949,1039
575854,948,1043
575855,953,1046
575856,952,1043
575857,951,1040
575858,949,1041
575859,950,1044
575860,949,1048
575861,953,1055
575862,953,1051
575863,950,1048
575864,947,1044
575865,947,1039
575866,950,1042
575867,951,1044
575868,952,1040
575869,950,1041
575870,947,1039
575871,946,1042
575872,951,1043
575873,953,1044
575874,952,1044
575875,953,1040
575876,950,1042
575877,947,1042
575878,952,1042
575879,955,1043
575880,959,1044
575881,956,1040
575882,956,1031
575883,955,1030
575884,958,1032
575885,960,1032
575886,963,1030
575887,961,1028
575888,958,1025
575889,962,1024
575890,961,1025
575891,965,1028
575892,967,1028
575893,966,1022
575894,961,1014
575895,963,1016
575896,964,1016
575897,968,1019
575898,965,1018
575899,965,1012
575900,964,1011
575901,966,1009
575902,974,1008
575903,979,1007
575904,978,1004
575905,980,999
575906,980,998
575907,980,999
575908,984,1008
575909,986,1008
575910,988,1007
575911,988,1005
575912,984,1003
575913,985,1001
575914,988,1001
575915,993,998
575916,990,996
575917,990,994
575918,991,993
575919,991,997
575920,995,998
575921,996,1001
575922,995,1002
575923,995,1000
575924,991,1001
575925,991,1005
575926,990,1010
575927,993,1014
575928,993,1014
575929,990,1013
575930,983,1014
575931,983,1019
575932,985,1025
575933,986,1031
575934,988,1029
575935,983,1025
575936,983,1025
575937,980,1027
575938,979,1030
575939,981,1036
575940,981,1037
575941,977,1036
575942,973,1038
575943,969,1042
575944,967,1044
575945,968,1047
575946,968,1046
575947,966,1039
575948,962,1037
575949,960,1039
575950,963,1041
575951,961,1048
575952,964,1052
575953,967,1051
575954,966,1048
575955,962,1045
575956,965,1046
575957,971,1047
575958,972,1044
575959,970,1041
575960,967,1043
575961,970,1047
575962,967,1050
575963,971,1055
575964,970,1053
575965,969,1051
575966,967,1046
575967,967,1043
575968,968,1044
575969,972,1048
575970,971,1049
575971,966,1048
575972,966,1045
575973,969,1046
575974,969,1046
575975,973,1042
575976,975,1043
575977,971,1038
575978,965,1039
575979,968,1040
575980,969,1045
575981,971,1047
575982,973,1047
575983,974,1044
575984,967,1038
575985,968,1038
575986,968,1040
575987,970,1039
575988,970,1039
575989,967,1032
575990,965,1033
575991,965,1036
575992,963,1036
575993,968,1040
575994,968,1042
575995,966,1040
575996,962,1036
575997,963,1038
575998,965,1041
575999,968,1042
576000,969,1041
576001,965,1038
576002,964,1036
576003,961,1036
576004,963,1039
576005,966,1043
576006,967,1043
576007,965,1041
576008,962,1039
576009,962,1037
576010,964,1038
576011,967,1038
576012,965,1037
576013,965,1034
576014,962,1035
576015,960,1036
576016,960,1041
576017,963,1046
576018,964,1044
576019,961,1040
576020,959,1040
576021,960,1043
576022,959,1045
576023,964,1046
576024,963,1044
576025,961,1043
576026,959,1041
576027,960,1041
576028,957,1047
576029,961,1051
576030,963,1046
576031,963,1043
576032,960,1039
576033,960,1040
576034,961,1045
576035,963,1048
576036,962,1045
576037,960,1044
576038,958,1040
576039,957,1042
576040,962,1043
576041,966,1044
576042,964,1042
576043,962,1042
576044,958,1038
576045,960,1040
576046,961,1045
576047,963,1047
576048,961,1046
576049,958,1047
576050,956,1045
576051,956,1046
576052,956,1048
576053,956,1050
576054,960,1046
576055,958,1045
576056,955,1045
576057,955,1047
576058,959,1049
576059,962,1054
576060,960,1049
576061,961,1049
576062,957,1048
576063,956,1048
576064,958,1051
576065,961,1050
576066,963,1046
576067,961,1044
576068,956,1045
576069,958,1044
576070,960,1048
576071,961,1053
576072,961,1051
576073,960,1050
576074,958,1048
576075,959,1046
576076,961,1047
576077,964,1048
576078,966,1042
576079,963,1039
576080,959,1034
576081,958,1034
576082,956,1036
576083,962,1038
576084,964,1040
576085,961,1040
576086,957,1039
576087,958,1042
576088,960,1046
576089,962,1050
576090,963,1054
576091,965,1051
576092,964,1047
576093,962,1046
576094,965,1048
576095,969,1047
576096,970,1046
576097,970,1045
576098,966,1045
576099,964,1049
576100,966,1050
576101,969,1049
576102,971,1048
576103,971,1044
576104,962,1040
576105,962,1042
576106,965,1044
576107,964,1049
576108,965,1047
576109,960,1045
576110,963,1044
576111,962,1044
576112,961,1045
576113,960,1049
576114,963,1048
576115,962,1044
576116,960,1042
576117,961,1042
576118,964,1047
576119,962,1048
576120,964,1044
576121,964,1043
576122,958,1039
576123,960,1041
576124,963,1040
576125,972,1039
576126,981,1034
576127,992,1030
576128,1002,1026
576129,1022,1023
576130,1048,1025
576131,1078,1022
576132,1115,1006
576133,1149,988
576134,1183,980
576135,1219,980
576136,1258,984
576137,1289,998
576138,1292,1017
576139,1263,1035
576140,1212,1044
576141,1153,1053
576142,1096,1063
576143,1045,1078
576144,994,1085
576145,959,1089
576146,945,1090
576147,953,1087
576148,969,1082
576149,983,1077
576150,985,1062
576151,978,1052
576152,968,1049
576153,965,1052
576154,963,1055
576155,965,1056
576156,964,1052
576157,956,1051
576158,951,1049
576159,949,1050
576160,951,1049
576161,956,1051
576162,954,1050
576163,950,1044
576164,944,1042
576165,943,1041
576166,943,1047
576167,944,1052
576168,944,1050
576169,942,1043
576170,940,1042
576171,940,1039
576172,942,1041
576173,946,1044
576174,944,1042
576175,942,1040
576176,937,1040
576177,938,1044
576178,939,1049
576179,943,1054
576180,946,1052
576181,945,1047
576182,942,1046
576183,942,1048
576184,947,1049
576185,950,1050
576186,947,1050
576187,944,1044
576188,942,1045
576189,945,1047
576190,948,1050
576191,952,1054
576192,953,1051
576193,953,1048
576194,949,1048
576195,948,1047
576196,954,1047
576197,956,1047
576198,955,1042
576199,956,1041
576200,951,1042
576201,953,1041
576202,953,1040
576203,960,1040
576204,959,1035
576205,957,1030
576206,950,1030
576207,951,1033
576208,958,1034
576209,959,1035
576210,958,1033
576211,958,1029
576212,959,1029
576213,957,1023
576214,964,1023
576215,967,1024
576216,968,1022
576217,965,1020
576218,964,1019
576219,964,1021
576220,969,1024
576221,974,1024
576222,974,1020
576223,975,1014
576224,973,1012
576225,973,1015
576226,975,1017
576227,980,1020
576228,979,1017
576229,977,1013
576230,975,1011
576231,976,1014
576232,979,1016
576233,985,1018
576234,986,1018
576235,984,1017
576236,985,1011
576237,985,1011
576238,990,1015
576239,993,1015
576240,994,1014
576241,990,1009
576242,990,1009
576243,992,1010
576244,998,1011
576245,998,1013
576246,997,1014
576247,997,1013
576248,995,1011
576249,995,1013
576250,995,1015
576251,998,1014
576252,997,1016
576253,992,1012
576254,986,1014
576255,984,1019
576256,983,1025
576257,984,1030
576258,983,1029
576259,980,1028
576260,974,1029
576261,971,1029
576262,971,1033
576263,971,1037
576264,967,1038
576265,967,1038
576266,963,1039
576267,962,1040
576268,965,1048
576269,966,1053
576270,966,1052
576271,963,1048
576272,961,1045
576273,961,1043
576274,964,1047
576275,964,1049
576276,964,1047
576277,960,1045
576278,959,1045
576279,960,1044
576280,963,1045
576281,966,1045
576282,965,1045
576283,961,1044
576284,959,1046
576285,963,1046
576286,964,1046
576287,969,1048
576288,971,1047
576289,968,1043
576290,965,1037
576291,965,1039
576292,968,1042
576293,972,1045
576294,970,1044
576295,968,1041
576296,968,1043
576297,969,1048
576298,971,1052
576299,975,1053
576300,976,1048
576301,973,1043
576302,969,1037
576303,966,1040
576304,970,1041
576305,972,1042
576306,973,1039
576307,969,1037
576308,961,1038
576309,962,1039
576310,966,1044
576311,968,1044
576312,969,1042
576313,964,1039
576314,960,1035
576315,959,1036
576316,960,1040
576317,962,1041
576318,962,1041
576319,961,1041
576320,960,1041
576321,959,1044
576322,958,1045
576323,957,1046
576324,955,1045
576325,955,1044
576326,952,1042
576327,952,1041
576328,957,1042
576329,960,1047
576330,959,1043
576331,957,1042
576332,954,1043
576333,956,1043
576334,960,1045
576335,962,1044
576336,963,1038
576337,960,1036
576338,959,1036
576339,954,1041
576340,958,1041
576341,963,1043
576342,963,1042
576343,960,1037
576344,955,1037
576345,955,1041
576346,957,1044
576347,960,1046
576348,962,1046
576349,961,1042
576350,958,1043
576351,956,1047
576352,960,1046
576353,963,1049
576354,960,1047
576355,961,1048
576356,959,1044
576357,957,1044
576358,958,1046
576359,960,1050
576360,960,1048
576361,960,1043
576362,958,1039
576363,957,1040
576364,956,1048
576365,960,1051
576366,958,1048
576367,956,1045
576368,955,1047
576369,955,1048
576370,956,1048
576371,959,1048
576372,959,1045
576373,954,1044
576374,954,1048
576375,954,1049
576376,956,1051
576377,958,1050
576378,961,1047
576379,959,1041
576380,957,1042
576381,957,1044
576382,958,1050
576383,961,1053
576384,962,1050
576385,961,1047
576386,956,1045
576387,956,1044
576388,959,1047
576389,963,1048
576390,965,1046
576391,963,1046
576392,957,1047
576393,956,1050
576394,959,1051
576395,960,1051
576396,962,1052
576397,960,1051
576398,958,1049
576399,958,1047
576400,960,1054
576401,964,1054
576402,965,1050
576403,962,1046
576404,959,1044
576405,955,1045
576406,960,1047
576407,960,1048
576408,965,1046
576409,963,1045
576410,959,1042
576411,957,1045
576412,961,1049
576413,964,1051
576414,963,1047
576415,961,1042
576416,957,1039
576417,956,1040
576418,957,1046
576419,963,1050
576420,961,1046
576421,958,1043
576422,955,1043
576423,958,1047
576424,961,1046
576425,964,1046
576426,965,1040
576427,963,1036
576428,962,1038
576429,959,1040
576430,962,1045
576431,966,1047
576432,965,1047
576433,965,1046
576434,961,1043
576435,961,1045
576436,962,1049
576437,966,1050
576438,964,1044
576439,963,1043
576440,962,1040
576441,960,1041
576442,962,1046
576443,963,1049
576444,963,1051
576445,964,1050
576446,960,1050
576447,962,1052
576448,963,1055
576449,965,1059
576450,964,1056
576451,965,1053
576452,959,1052
576453,964,1049
576454,966,1053
576455,968,1056
576456,967,1056
576457,965,1055
576458,962,1051
576459,963,1055
576460,966,1057
576461,968,1056
576462,970,1053
576463,970,1047
576464,968,1045
576465,966,1046
576466,969,1048
576467,971,1052
576468,971,1049
576469,971,1045
576470,970,1047
576471,967,1050
576472,968,1052
576473,973,1053
576474,972,1050
576475,972,1041
576476,969,1036
576477,969,1040
576478,972,1043
576479,973,1047
576480,973,1047
576481,969,1044
576482,967,1041
576483,968,1042
576484,971,1046
576485,972,1047
576486,971,1049
576487,971,1045
576488,970,1043
576489,970,1045
576490,971,1044
576491,971,1044
576492,968,1045
576493,969,1045
576494,967,1045
576495,970,1048
576496,969,1049
576497,969,1049
576498,972,1051
576499,969,1052
576500,965,1052
576501,964,1054
576502,965,1054
576503,966,1053
576504,968,1054
576505,968,1055
576506,967,1053
576507,968,1055
576508,973,1058
576509,976,1055
576510,975,1049
576511,974,1044
576512,972,1044
576513,972,1045
576514,972,1047
576515,977,1049
576516,979,1048
576517,977,1047
576518,975,1044
576519,976,1045
576520,981,1044
576521,980,1044
576522,980,1042
576523,978,1039
576524,974,1039
576525,975,1040
576526,978,1042
576527,980,1043
576528,978,1039
576529,975,1040
576530,969,1040
576531,971,1039
576532,974,1046
576533,976,1050
576534,978,1048
576535,975,1042
576536,973,1040
576537,970,1045
576538,973,1046
576539,975,1046
576540,971,1046
576541,969,1040
576542,971,1040
576543,969,1041
576544,972,1046
576545,972,1049
576546,972,1049
576547,968,1049
576548,970,1045
576549,970,1047
576550,972,1051
576551,973,1051
576552,973,1046
576553,972,1043
576554,966,1042
576555,965,1046
576556,970,1049
576557,975,1050
576558,975,1051
576559,976,1046
576560,973,1046
576561,976,1048
576562,978,1051
576563,983,1051
576564,986,1051
576565,983,1048
576566,980,1048
576567,979,1048
576568,980,1051
576569,984,1053
576570,984,1053
576571,987,1048
576572,981,1043
576573,985,1040
576574,986,1042
576575,989,1043
576576,988,1043
576577,985,1042
576578,981,1044
576579,981,1045
576580,982,1042
576581,986,1043
576582,986,1042
576583,984,1043
576584,981,1042
576585,978,1042
576586,982,1049
576587,980,1049
576588,980,1046
576589,982,1045
576590,979,1044
576591,980,1045
576592,981,1043
576593,982,1045
576594,984,1043
576595,978,1040
576596,980,1040
576597,980,1042
576598,979,1048
576599,978,1052
576600,976,1052
576601,975,1050
576602,975,1048
576603,976,1052
576604,976,1052
576605,981,1050
576606,979,1047
576607,977,1041
576608,973,1042
576609,976,1043
576610,978,1042
576611,982,1044
576612,982,1045
576613,983,1045
576614,980,1043
576615,982,1045
576616,987,1050
576617,990,1052
576618,990,1049
576619,986,1047
576620,986,1044
576621,982,1047
576622,985,1045
576623,989,1048
576624,990,1046
576625,988,1042
576626,986,1041
576627,983,1045
576628,986,1048
576629,989,1049
576630,992,1047
576631,987,1044
576632,984,1046
576633,985,1047
576634,991,1047
576635,996,1049
576636,998,1047
576637,998,1039
576638,1003,1030
576639,1013,1024
576640,1027,1023
576641,1048,1018
576642,1069,1013
576643,1094,1009
576644,1121,1003
576645,1152,993
576646,1183,986
576647,1212,978
576648,1244,967
576649,1274,963
576650,1300,968
576651,1311,987
576652,1295,1012
576653,1259,1037
576654,1203,1043
576655,1150,1041
576656,1099,1044
576657,1048,1049
576658,1008,1059
576659,983,1065
576660,975,1068
576661,985,1065
576662,994,1058
576663,997,1052
576664,992,1053
576665,988,1056
576666,982,1054
576667,976,1046
576668,971,1041
576669,968,1042
576670,967,1046
576671,968,1050
576672,969,1051
576673,968,1049
576674,961,1045
576675,963,1047
576676,967,1047
576677,968,1050
576678,964,1048
576679,965,1047
576680,959,1047
576681,958,1049
576682,962,1052
576683,962,1053
576684,964,1053
576685,964,1050
576686,962,1053
576687,961,1054
576688,964,1058
576689,966,1054
576690,965,1052
576691,966,1052
576692,963,1049
576693,964,1051
576694,965,1052
576695,970,1053
576696,972,1052
576697,967,1052
576698,964,1053
576699,966,1055
576700,969,1056
576701,970,1057
576702,967,1055
576703,966,1053
576704,965,1054
576705,968,1053
576706,967,1053
576707,968,1054
576708,970,1050
576709,970,1045
576710,967,1044
576711,967,1044
576712,969,1049
576713,973,1048
576714,974,1047
576715,972,1043
576716,968,1039
576717,966,1043
576718,972,1048
576719,976,1047
576720,975,1045
576721,975,1044
576722,973,1042
576723,975,1044
576724,978,1046
576725,979,1048
576726,981,1046
576727,978,1042
576728,980,1038
576729,979,1037
576730,983,1037
576731,987,1037
576732,989,1037
576733,988,1036
576734,987,1035
576735,988,1039
576736,993,1042
576737,1000,1044
576738,1002,1041
576739,1001,1031
576740,999,1026
576741,999,1026
576742,1003,1029
576743,1004,1030
576744,1006,1030
576745,1005,1026
576746,1000,1025
576747,1001,1025
576748,1004,1029
576749,1006,1032
576750,1008,1029
576751,1010,1025
576752,1005,1022
576753,1007,1022
576754,1010,1024
576755,1013,1028
576756,1012,1028
576757,1009,1025
576758,1008,1021
576759,1010,1021
576760,1014,1024
576761,1011,1026
576762,1012,1023
576763,1012,1026
576764,1010,1023
576765,1011,1027
576766,1011,1029
576767,1016,1026
576768,1015,1022
576769,1010,1023
576770,1005,1027
576771,1005,1028
576772,1007,1031
576773,1010,1035
576774,1007,1036
576775,1001,1038
576776,999,1039
576777,997,1040
576778,996,1042
576779,997,1044
576780,996,1043
576781,993,1041
576782,988,1046
576783,988,1048
576784,986,1053
576785,989,1054
576786,987,1053
576787,988,1053
576788,985,1049
576789,985,1053
576790,986,1054
576791,989,1054
576792,990,1049
576793,991,1047
576794,987,1049
576795,987,1049
576796,990,1052
576797,993,1054
576798,992,1050
576799,992,1046
576800,988,1044
576801,987,1049
576802,988,1054
576803,989,1054
576804,986,1046
576805,982,1044
576806,984,1042
576807,986,1038
576808,985,1039
576809,989,1039
576810,988,1039
576811,983,1038
576812,984,1037
576813,980,1042
576814,982,1046
576815,985,1046
576816,982,1047
576817,981,1043
576818,978,1039
576819,983,1037
576820,984,1041
576821,985,1043
576822,983,1046
576823,982,1044
576824,980,1042
576825,980,1047
576826,981,1048
576827,985,1048
576828,985,1047
576829,984,1038
576830,983,1039
576831,979,1039
576832,982,1042
576833,986,1043
576834,985,1041
576835,982,1039
576836,980,1035
576837,983,1039
576838,984,1042
576839,988,1043
576840,986,1043
576841,985,1041
576842,982,1042
576843,979,1047
576844,982,1048
576845,981,1050
576846,984,1047
576847,982,1047
576848,977,1043
576849,981,1047
576850,980,1049
576851,985,1046
576852,983,1043
576853,983,1042
576854,978,1041
576855,979,1044
576856,981,1047
576857,982,1049
576858,981,1050
576859,979,1044
576860,976,1043
576861,976,1039
576862,977,1044
576863,981,1044
576864,980,1043
576865,976,1041
576866,971,1043
576867,970,1049
576868,970,1053
576869,975,1051
576870,974,1047
576871,973,1045
576872,970,1045
576873,970,1047
576874,971,1051
576875,975,1054
576876,973,1050
576877,972,1048
576878,972,1050
576879,971,1051
576880,973,1048
576881,975,1052
576882,975,1048
576883,974,1048
576884,970,1044
576885,973,1042
576886,975,1043
576887,977,1045
576888,976,1049
576889,973,1046
576890,970,1046
576891,972,1046
576892,974,1046
576893,976,1047
576894,976,1043
576895,976,1042
576896,973,1042
576897,976,1044
576898,978,1043
576899,980,1046
576900,976,1047
576901,975,1046
576902,971,1043
576903,973,1047
576904,978,1049
576905,979,1050
576906,977,1051
576907,976,1048
576908,976,1046
576909,975,1047
576910,975,1048
576911,978,1048
576912,978,1046
576913,974,1048
576914,972,1045
576915,973,1044
576916,977,1045
576917,978,1047
576918,977,1051
576919,971,1050
576920,969,1049
576921,968,1052
576922,970,1055
576923,972,1050
576924,968,1048
576925,968,1045
576926,965,1044
576927,967,1048
576928,967,1052
576929,974,1052
576930,972,1049
576931,971,1046
576932,969,1045
576933,969,1048
576934,972,1049
576935,975,1049
576936,979,1046
576937,976,1046
576938,975,1043
576939,975,1044
576940,976,1045
576941,980,1051
576942,981,1051
576943,978,1050
576944,978,1049
576945,978,1050
576946,980,1050
576947,978,1049
576948,984,1045
576949,980,1037
576950,982,1035
576951,992,1032
576952,1008,1034
576953,1023,1033
576954,1041,1026
576955,1067,1019
576956,1099,1010
576957,1136,999
576958,1174,987
576959,1213,985
576960,1254,987
576961,1285,995
576962,1298,1019
576963,1277,1041
576964,1227,1056
576965,1158,1064
576966,1077,1073
576967,1004,1085
576968,954,1095
576969,937,1100
576970,950,1098
576971,967,1087
576972,978,1076
576973,976,1064
576974,971,1057
576975,969,1056
576976,967,1056
576977,966,1052
576978,963,1050
576979,960,1049
576980,959,1047
576981,959,1049
576982,961,1052
576983,963,1052
576984,958,1053
576985,958,1048
576986,953,1049
576987,952,1048
576988,956,1051
576989,955,1050
576990,957,1049
576991,957,1044
576992,953,1044
576993,953,1046
576994,951,1051
576995,956,1052
576996,954,1055
576997,952,1054
576998,950,1054
576999,951,1058
577000,951,1060
577001,956,1062
577002,955,1065
577003,950,1060
577004,949,1056
577005,949,1057
577006,952,1059
577007,956,1057
577008,955,1052
577009,952,1048
577010,954,1044
577011,954,1048
577012,959,1048
577013,960,1048
577014,958,1043
577015,959,1035
577016,957,1037
577017,956,1037
577018,959,1042
577019,961,1040
577020,962,1039
577021,962,1035
577022,958,1036
577023,960,1038
577024,963,1042
577025,965,1042
577026,969,1040
577027,966,1038
577028,965,1035
577029,967,1038
577030,975,1038
577031,976,1037
577032,980,1033
577033,979,1030
577034,976,1031
577035,976,1031
577036,978,1034
577037,983,1031
577038,983,1029
577039,983,1021
577040,982,1019
577041,983,1018
577042,986,1017
577043,990,1014
577044,993,1011
577045,990,1010
577046,990,1009
577047,990,1013
577048,990,1016
577049,994,1015
577050,997,1011
577051,992,1006
577052,989,1003
577053,994,1003
577054,995,1008
577055,998,1009
577056,999,1009
577057,997,1008
577058,995,1006
577059,992,1010
577060,994,1013
577061,999,1015
577062,997,1011
577063,997,1010
577064,993,1014
577065,993,1015
577066,996,1022
577067,996,1022
577068,995,1021
577069,991,1025
577070,985,1027
577071,982,1032
577072,982,1036
577073,984,1039
577074,980,1038
577075,972,1037
577076,965,1038
577077,965,1042
577078,969,1043
577079,971,1048
577080,969,1047
577081,967,1047
577082,964,1049
577083,964,1049
577084,963,1052
577085,964,1054
577086,967,1053
577087,964,1050
577088,964,1049
577089,964,1053
577090,966,1055
577091,965,1055
577092,965,1056
577093,963,1057
577094,960,1056
577095,959,1062
577096,962,1064
577097,966,1060
577098,964,1058
577099,960,1054
577100,959,1054
577101,959,1055
577102,966,1054
577103,965,1057
577104,963,1055
577105,962,1054
577106,962,1051
577107,964,1047
577108,966,1047
577109,969,1048
577110,970,1046
577111,964,1046
577112,962,1046
577113,960,1047
577114,961,1048
577115,965,1046
577116,963,1045
577117,960,1041
577118,959,1043
577119,959,1043
577120,960,1047
577121,965,1046
577122,964,1043
577123,961,1041
577124,959,1039
577125,958,1042
577126,962,1046
577127,962,1048
577128,963,1048
577129,959,1046
577130,958,1048
577131,959,1050
577132,963,1053
577133,966,1052
577134,966,1053
577135,963,1053
577136,960,1052
577137,961,1055
577138,963,1059
577139,968,1058
577140,965,1054
577141,961,1051
577142,959,1046
577143,960,1050
577144,960,1056
577145,963,1059
577146,963,1058
577147,959,1056
577148,954,1053
577149,956,1049
577150,957,1048
577151,961,1046
577152,960,1047
577153,956,1046
577154,953,1044
577155,954,1051
577156,959,1052
577157,959,1053
577158,958,1051
577159,954,1051
577160,952,1047
577161,948,1051
577162,955,1050
577163,956,1048
577164,954,1047
577165,954,1046
577166,952,1047
577167,951,1048
577168,952,1051
577169,957,1054
577170,957,1050
577171,957,1043
577172,958,1037
577173,967,1035
577174,980,1035
577175,998,1033
577176,1012,1026
577177,1031,1021
577178,1062,1011
577179,1099,1003
577180,1145,996
577181,1194,994
577182,1236,994
577183,1271,1008
577184,1279,1038
577185,1257,1061
577186,1206,1073
577187,1142,1075
577188,1071,1080
577189,1002,1089
577190,948,1098
577191,929,1107
577192,932,1107
577193,947,1095
577194,958,1079
577195,960,1065
577196,959,1060
577197,954,1055
577198,955,1059
577199,954,1060
577200,948,1059
577201,943,1053
577202,939,1048
577203,939,1047
577204,942,1051
577205,943,1052
577206,941,1055
577207,935,1054
577208,932,1052
577209,934,1054
577210,937,1052
577211,940,1049
577212,938,1047
577213,933,1043
577214,933,1044
577215,933,1047
577216,935,1051
577217,934,1053
577218,936,1053
577219,934,1053
577220,931,1046
577221,931,1043
577222,934,1046
577223,941,1048
577224,941,1049
577225,938,1043
577226,934,1040
577227,934,1043
577228,934,1044
577229,939,1044
577230,936,1045
577231,932,1044
577232,933,1043
577233,934,1045
577234,936,1045
577235,939,1043
577236,942,1039
577237,939,1034
577238,936,1037
577239,940,1042
577240,944,1045
577241,949,1040
577242,944,1038
577243,941,1034
577244,942,1033
577245,945,1039
577246,947,1038
577247,954,1033
577248,953,1027
577249,953,1022
577250,953,1022
577251,952,1025
577252,957,1027
577253,962,1027
577254,963,1027
577255,962,1023
577256,959,1018
577257,963,1012
577258,967,1008
577259,969,1007
577260,969,1003
577261,966,1001
577262,967,1002
577263,967,1003
577264,970,1004
577265,976,1003
577266,974,1000
577267,973,997
577268,968,995
577269,973,994
577270,974,994
577271,980,991
577272,982,988
577273,982,987
577274,976,988
577275,976,991
577276,983,994
577277,981,993
577278,983,994
577279,979,990
577280,979,987
577281,981,992
577282,982,995
577283,983,996
577284,982,995
577285,982,998
577286,978,1000
577287,973,1007
577288,975,1014
577289,980,1016
577290,979,1012
577291,973,1011
577292,970,1009
577293,971,1020
577294,966,1029
577295,970,1030
577296,970,1028
577297,968,1028
577298,966,1030
577299,963,1033
577300,963,1040
577301,965,1039
577302,965,1040
577303,960,1037
577304,956,1041
577305,954,1042
577306,959,1047
577307,956,1048
577308,960,1048
577309,958,1046
577310,954,1045
577311,954,1048
577312,955,1054
577313,959,1056
577314,957,1050
577315,954,1045
577316,952,1044
577317,953,1048
577318,957,1054
577319,960,1057
577320,959,1053
577321,955,1048
577322,951,1045
577323,950,1043
577324,953,1045
577325,957,1044
577326,956,1044
577327,953,1041
577328,953,1040
577329,951,1040
577330,957,1043
577331,959,1045
577332,960,1044
577333,959,1040
577334,957,1039
577335,957,1041
577336,954,1046
577337,960,1045
577338,958,1045
577339,959,1043
577340,955,1042
577341,950,1041
577342,953,1043
577343,955,1044
577344,957,1042
577345,955,1042
577346,951,1040
577347,952,1044
577348,956,1049
577349,957,1046
577350,956,1045
577351,952,1042
577352,952,1044
577353,952,1044
577354,955,1043
577355,960,1042
577356,959,1039
577357,956,1039
577358,953,1038
577359,953,1041
577360,955,1045
577361,959,1045
577362,956,1048
577363,951,1043
577364,946,1043
577365,946,1045
577366,952,1048
577367,953,1049
577368,955,1047
577369,950,1045
577370,946,1043
577371,947,1044
577372,951,1047
577373,954,1045
577374,955,1041
577375,955,1036
577376,952,1035
577377,950,1040
577378,953,1042
577379,955,1044
577380,953,1045
577381,952,1042
577382,947,1045
577383,947,1047
577384,954,1052
577385,955,1050
577386,951,1048
577387,952,1045
577388,951,1044
577389,948,1042
577390,952,1043
577391,956,1043
577392,956,1043
577393,955,1043
577394,954,1044
577395,952,1050
577396,955,1053
577397,961,1052
577398,955,1048
577399,953,1044
577400,955,1044
577401,956,1043
577402,958,1042
577403,958,1040
577404,959,1036
577405,963,1035
577406,959,1036
577407,957,1040
577408,957,1044
577409,958,1045
577410,959,1044
577411,957,1040
577412,964,1035
577413,973,1031
577414,987,1032
577415,1002,1027
577416,1020,1023
577417,1045,1013
577418,1075,1003
577419,1115,994
577420,1159,991
577421,1204,987
577422,1247,992
577423,1277,1007
577424,1278,1031
577425,1250,1054
577426,1199,1060
577427,1135,1065
577428,1068,1076
577429,1001,1090
577430,942,1106
577431,915,1120
577432,916,1127
577433,935,1118
577434,948,1100
577435,955,1080
577436,956,1068
577437,959,1060
577438,950,1058
577439,950,1053
577440,949,1049
577441,945,1045
577442,942,1043
577443,938,1046
577444,937,1048
577445,942,1048
577446,942,1046
577447,941,1046
577448,939,1045
577449,935,1044
577450,939,1046
577451,942,1044
577452,941,1042
577453,940,1041
577454,934,1042
577455,934,1045
577456,932,1048
577457,938,1048
577458,935,1046
577459,935,1044
577460,932,1043
577461,933,1044
577462,934,1049
577463,937,1049
577464,935,1050
577465,935,1044
577466,930,1043
577467,933,1047
577468,934,1047
577469,938,1045
577470,936,1044
577471,936,1041
577472,933,1041
577473,933,1042
577474,934,1045
577475,938,1050
577476,935,1048
577477,934,1045
577478,935,1044
577479,936,1044
577480,941,1044
577481,948,1042
577482,944,1039
577483,942,1034
577484,943,1034
577485,946,1035
577486,951,1036
577487,954,1034
577488,955,1030
577489,953,1027
577490,951,1027
577491,954,1025
577492,958,1026
577493,960,1022
577494,961,1018
577495,959,1013
577496,958,1011
577497,957,1012
577498,961,1014
577499,963,1014
577500,964,1011
577501,965,1009
577502,960,1009
577503,960,1011
577504,965,1013
577505,966,1008
577506,966,1003
577507,966,1004
577508,962,1006
577509,963,1009
577510,963,1013
577511,970,1009
577512,969,1008
577513,969,1001
577514,969,1002
577515,972,1004
577516,973,1007
577517,979,1008
577518,980,1006
577519,979,1003
577520,976,1007
577521,977,1013
577522,979,1014
577523,982,1015
577524,987,1015
577525,986,1012
577526,984,1013
577527,982,1022
577528,983,1024
577529,983,1028
577530,984,1031
577531,985,1030
577532,979,1033
577533,977,1034
577534,978,1040
577535,980,1040
577536,975,1043
577537,970,1044
577538,967,1048
577539,965,1053
577540,965,1056
577541,969,1057
577542,969,1056
577543,965,1054
577544,962,1052
577545,959,1050
577546,963,1051
577547,966,1053
577548,963,1050
577549,957,1048
577550,953,1046
577551,954,1050
577552,959,1054
577553,962,1054
577554,957,1051
577555,958,1051
577556,954,1051
577557,956,1055
577558,959,1063
577559,960,1063
577560,957,1061
577561,959,1061
577562,956,1059
577563,957,1061
577564,960,1064
577565,962,1065
577566,962,1061
577567,960,1057
577568,959,1058
577569,959,1062
577570,965,1062
577571,967,1059
577572,968,1054
577573,967,1051
577574,967,1053
577575,966,1058
577576,969,1060
577577,972,1060
577578,973,1058
577579,972,1056
577580,970,1054
577581,970,1053
577582,973,1054
577583,975,1053
577584,974,1049
577585,971,1048
577586,970,1046
577587,970,1046
577588,971,1049
577589,973,1046
577590,974,1042
577591,969,1041
577592,966,1041
577593,968,1041
577594,970,1048
577595,972,1050
577596,968,1053
577597,964,1053
577598,961,1056
577599,964,1058
577600,966,1064
577601,967,1063
577602,964,1060
577603,962,1054
577604,961,1053
577605,961,1054
577606,960,1055
577607,963,1056
577608,959,1056
577609,957,1053
577610,957,1055
577611,958,1058
577612,961,1061
577613,965,1063
577614,963,1061
577615,960,1060
577616,962,1062
577617,961,1064
577618,965,1065
577619,966,1065
577620,961,1058
577621,962,1058
577622,960,1059
577623,958,1064
577624,962,1065
577625,968,1063
577626,969,1060
577627,967,1053
577628,962,1050
577629,967,1048
577630,969,1052
577631,973,1050
577632,972,1047
577633,970,1045
577634,971,1044
577635,979,1041
577636,987,1038
577637,1003,1036
577638,1012,1026
577639,1030,1024
577640,1050,1020
577641,1084,1018
577642,1122,1012
577643,1167,1001
577644,1206,994
577645,1242,993
577646,1279,1005
577647,1296,1026
577648,1294,1049
577649,1259,1055
577650,1201,1059
577651,1129,1066
577652,1062,1084
577653,995,1100
577654,948,1110
577655,934,1115
577656,943,1109
577657,952,1090
577658,961,1073
577659,966,1065
577660,973,1062
577661,971,1057
577662,962,1054
577663,959,1051
577664,953,1052
577665,950,1058
577666,950,1068
577667,951,1068
577668,950,1067
577669,947,1062
577670,945,1058
577671,944,1058
577672,945,1058
577673,951,1054
577674,949,1050
577675,945,1050
577676,942,1050
577677,942,1057
577678,944,1057
577679,946,1056
577680,946,1055
577681,944,1053
577682,943,1055
577683,943,1058
577684,946,1059
577685,950,1060
577686,950,1055
577687,946,1052
577688,942,1052
577689,944,1054
577690,947,1059
577691,947,1059
577692,949,1059
577693,946,1056
577694,940,1059
577695,941,1064
577696,946,1064
577697,950,1060
577698,951,1054
577699,949,1051
577700,948,1049
577701,949,1048
577702,950,1048
577703,952,1047
577704,951,1050
577705,949,1048
577706,948,1048
577707,950,1049
577708,955,1047
577709,957,1046
577710,955,1046
577711,955,1045
577712,951,1038
577713,952,1039
577714,955,1041
577715,958,1037
577716,958,1032
577717,958,1031
577718,952,1030
577719,954,1033
577720,958,1035
577721,960,1031
577722,961,1027
577723,958,1024
577724,954,1021
577725,957,1021
577726,959,1022
577727,961,1019
577728,964,1015
577729,960,1013
577730,962,1013
577731,966,1015
577732,967,1020
577733,972,1021
577734,974,1022
577735,973,1020
577736,973,1016
577737,973,1016
577738,977,1012
577739,982,1005
577740,983,1007
577741,981,1006
577742,982,1008
577743,982,1012
577744,986,1011
577745,990,1012
577746,986,1014
577747,988,1009
577748,987,1005
577749,986,1008
577750,989,1014
577751,991,1018
577752,990,1020
577753,987,1021
577754,987,1022
577755,986,1025
577756,985,1028
577757,988,1029
577758,986,1031
577759,981,1032
577760,977,1036
577761,976,1039
577762,976,1047
577763,976,1046
577764,973,1046
577765,971,1046
577766,968,1046
577767,967,1051
577768,966,1054
577769,969,1057
577770,965,1053
577771,963,1052
577772,960,1054
577773,961,1056
577774,962,1058
577775,965,1055
577776,963,1050
577777,961,1041
577778,956,1043
577779,955,1046
577780,955,1047
577781,955,1048
577782,955,1048
577783,957,1048
577784,954,1048
577785,957,1048
577786,958,1047
577787,964,1049
577788,963,1046
577789,961,1043
577790,959,1048
577791,961,1048
577792,969,1052
577793,969,1051
577794,969,1053
577795,963,1053
577796,962,1052
577797,964,1050
577798,969,1051
577799,972,1048
577800,971,1046
577801,967,1046
577802,963,1051
577803,964,1057
577804,968,1057
577805,971,1049
577806,965,1044
577807,967,1041
577808,964,1044
577809,964,1049
577810,960,1051
577811,964,1047
577812,961,1040
577813,961,1037
577814,958,1040
577815,959,1045
577816,962,1049
577817,962,1054
577818,963,1049
577819,960,1048
577820,956,1044
577821,957,1045
577822,959,1051
577823,961,1049
577824,962,1049
577825,957,1048
577826,954,1046
577827,955,1048
577828,956,1049
577829,957,1050
577830,954,1047
577831,953,1046
577832,951,1045
577833,955,1047
577834,955,1050
577835,957,1051
577836,958,1049
577837,958,1047
577838,954,1050
577839,955,1055
577840,956,1057
577841,958,1055
577842,960,1054
577843,956,1052
577844,955,1052
577845,956,1049
577846,959,1049
577847,961,1049
577848,960,1051
577849,959,1053
577850,955,1054
577851,957,1057
577852,959,1057
577853,960,1052
577854,957,1054
577855,957,1052
577856,955,1051
577857,956,1053
577858,960,1052
577859,963,1053
577860,962,1047
577861,956,1048
577862,956,1047
577863,956,1051
577864,958,1054
577865,963,1053
577866,962,1050
577867,960,1046
577868,958,1050
577869,960,1051
577870,962,1052
577871,964,1051
577872,964,1045
577873,968,1044
577874,975,1043
577875,988,1043
577876,1005,1047
577877,1025,1045
577878,1050,1036
577879,1080,1022
577880,1117,1009
577881,1159,997
577882,1196,993
577883,1241,989
577884,1278,990
577885,1298,1002
577886,1291,1023
577887,1254,1040
577888,1194,1044
577889,1140,1051
577890,1067,1062
577891,998,1070
577892,950,1079
577893,929,1088
577894,930,1090
577895,947,1082
577896,958,1070
577897,965,1054
577898,966,1049
577899,965,1045
577900,962,1045
577901,962,1047
577902,956,1045
577903,950,1042
577904,945,1043
577905,945,1048
577906,946,1053
577907,945,1053
577908,942,1051
577909,940,1048
577910,936,1047
577911,937,1047
577912,939,1053
577913,943,1050
577914,942,1051
577915,938,1052
577916,933,1049
577917,935,1050
577918,939,1054
577919,942,1051
577920,939,1050
577921,935,1051
577922,930,1048
577923,933,1053
577924,934,1055
577925,933,1058
577926,931,1057
577927,930,1053
577928,928,1054
577929,927,1062
577930,929,1065
577931,935,1063
577932,938,1057
577933,938,1046
577934,937,1040
577935,938,1040
577936,939,1044
577937,939,1046
577938,940,1045
577939,939,1043
577940,936,1042
577941,935,1047
577942,938,1051
577943,941,1050
577944,939,1046
577945,937,1043
577946,936,1043
577947,940,1045
577948,943,1045
577949,946,1045
577950,944,1042
577951,946,1037
577952,943,1039
577953,946,1041
577954,950,1043
577955,951,1042
577956,947,1040
577957,948,1036
577958,948,1038
577959,950,1040
577960,954,1042
577961,956,1038
577962,957,1037
577963,958,1030
577964,957,1027
577965,958,1026
577966,962,1028
577967,965,1027
577968,965,1028
577969,962,1024
577970,962,1024
577971,961,1024
577972,966,1028
577973,968,1024
577974,965,1024
577975,965,1018
577976,962,1015
577977,962,1017
577978,961,1017
577979,971,1013
577980,971,1010
577981,971,1008
577982,967,1008
577983,971,1008
577984,974,1010
577985,981,1009
577986,981,1005
577987,980,1000
577988,978,1000
577989,979,1001
577990,983,1009
577991,988,1008
577992,988,1006
577993,987,1006
577994,984,1006
577995,982,1014
577996,986,1018
577997,989,1018
577998,990,1019
577999,987,1015
578000,984,1014
578001,983,1022
578002,984,1024
578003,986,1027
578004,982,1029
578005,978,1032
578006,971,1033
578007,975,1038
578008,976,1042
578009,977,1043
578010,972,1042
578011,972,1043
578012,968,1046
578013,971,1051
578014,972,1052
578015,974,1049
578016,971,1048
578017,967,1048
578018,964,1049
578019,964,1052
578020,966,1053
578021,967,1052
578022,968,1053
578023,964,1048
578024,963,1046
578025,965,1045
578026,967,1045
578027,966,1044
578028,963,1041
578029,963,1041
578030,960,1042
578031,959,1044
578032,964,1048
578033,967,1045
578034,965,1042
578035,962,1036
578036,961,1038
578037,965,1041
578038,966,1047
578039,967,1046
578040,966,1041
578041,964,1042
578042,964,1046
578043,959,1051
578044,965,1052
578045,968,1050
578046,968,1045
578047,966,1042
578048,965,1041
578049,965,1046
578050,962,1048
578051,969,1046
578052,968,1045
578053,969,1039
578054,967,1039
578055,966,1046
578056,970,1050
578057,969,1047
578058,964,1045
578059,966,1041
578060,966,1042
578061,966,1042
578062,969,1046
578063,969,1048
578064,968,1046
578065,966,1046
578066,961,1045
578067,963,1045
578068,967,1048
578069,969,1045
578070,967,1042
578071,963,1038
578072,962,1042
578073,961,1048
578074,967,1053
578075,971,1054
578076,969,1047
578077,965,1041
578078,964,1035
578079,965,1034
578080,965,1039
578081,969,1041
578082,968,1040
578083,962,1042
578084,959,1042
578085,957,1042
578086,963,1041
578087,963,1040
578088,960,1036
578089,958,1032
578090,958,1034
578091,960,1036
578092,960,1043
578093,965,1043
578094,966,1043
578095,962,1041
578096,959,1041
578097,957,1046
578098,962,1049
578099,965,1051
578100,963,1048
578101,963,1048
578102,962,1049
578103,962,1051
578104,967,1053
578105,970,1049
578106,967,1046
578107,964,1045
578108,962,1045
578109,962,1044
578110,971,1049
578111,978,1046
578112,988,1042
578113,997,1038
578114,1010,1035
578115,1032,1031
578116,1060,1029
578117,1093,1016
578118,1133,1003
578119,1172,986
578120,1210,979
578121,1251,982
578122,1284,994
578123,1304,1015
578124,1290,1035
578125,1245,1041
578126,1183,1041
578127,1115,1047
578128,1052,1063
578129,992,1076
578130,949,1081
578131,928,1080
578132,937,1074
578133,952,1069
578134,967,1060
578135,973,1051
578136,972,1048
578137,966,1044
578138,959,1046
578139,958,1050
578140,957,1050
578141,956,1046
578142,955,1044
578143,953,1039
578144,952,1040
578145,948,1042
578146,950,1049
578147,950,1050
578148,947,1049
578149,942,1048
578150,943,1051
578151,945,1054
578152,948,1053
578153,947,1054
578154,950,1052
578155,948,1048
578156,945,1049
578157,947,1049
578158,950,1050
578159,952,1047
578160,950,1045
578161,950,1041
578162,945,1041
578163,945,1044
578164,943,1047
578165,948,1045
578166,947,1046
578167,946,1046
578168,942,1047
578169,943,1050
578170,946,1054
578171,949,1051
578172,951,1047
578173,947,1043
578174,943,1040
578175,944,1043
578176,946,1043
578177,950,1041
578178,949,1040
578179,945,1037
578180,946,1037
578181,949,1038
578182,951,1040
578183,954,1040
578184,954,1036
578185,952,1035
578186,950,1035
578187,950,1037
578188,954,1039
578189,957,1036
578190,956,1038
578191,956,1035
578192,956,1036
578193,958,1034
578194,961,1035
578195,965,1031
578196,966,1027
578197,961,1019
578198,959,1021
578199,964,1022
578200,969,1023
578201,973,1020
578202,974,1017
578203,970,1013
578204,968,1011
578205,972,1008
578206,973,1005
578207,974,1003
578208,974,1000
578209,972,996
578210,973,997
578211,972,997
578212,975,1001
578213,978,997
578214,978,997
578215,977,995
578216,974,995
578217,980,997
578218,981,1002
578219,985,1000
578220,984,999
578221,986,999
578222,984,995
578223,985,998
578224,986,1002
578225,990,1006
578226,989,1005
578227,989,1002
578228,986,1004
578229,989,1011
578230,992,1016
578231,992,1019
578232,988,1024
578233,985,1027
578234,982,1031
578235,982,1029
578236,986,1031
578237,984,1029
578238,981,1030
578239,975,1030
578240,971,1036
578241,970,1040
578242,971,1043
578243,975,1042
578244,975,1041
578245,973,1039
578246,972,1038
578247,975,1043
578248,978,1044
578249,981,1043
578250,979,1042
578251,972,1043
578252,970,1047
578253,970,1051
578254,973,1052
578255,975,1049
578256,972,1044
578257,972,1041
578258,969,1037
578259,972,1037
578260,973,1037
578261,974,1038
578262,971,1038
578263,971,1037
578264,968,1040
578265,968,1045
578266,969,1049
578267,972,1049
578268,973,1041
578269,970,1036
578270,971,1037
578271,971,1039
578272,971,1042
578273,972,1040
578274,973,1038
578275,970,1036
578276,967,1035
578277,969,1037
578278,972,1041
578279,974,1042
578280,973,1043
578281,972,1042
578282,967,1043
578283,968,1047
578284,975,1049
578285,977,1047
578286,975,1045
578287,969,1049
578288,971,1045
578289,971,1040
578290,976,1037
578291,977,1035
578292,975,1032
578293,973,1030
578294,969,1031
578295,974,1034
578296,976,1037
578297,977,1036
578298,977,1032
578299,973,1031
578300,972,1032
578301,972,1033
578302,976,1036
578303,977,1034
578304,977,1034
578305,973,1030
578306,974,1031
578307,971,1033
578308,973,1039
578309,975,1037
578310,975,1035
578311,970,1034
578312,969,1035
578313,970,1034
578314,974,1033
578315,974,1032
578316,973,1031
578317,970,1029
578318,967,1031
578319,966,1035
578320,966,1037
578321,971,1038
578322,970,1038
578323,967,1035
578324,963,1035
578325,963,1039
578326,965,1041
578327,969,1046
578328,966,1042
578329,964,1039
578330,961,1041
578331,962,1045
578332,968,1047
578333,970,1047
578334,967,1042
578335,966,1040
578336,965,1040
578337,968,1039
578338,967,1041
578339,970,1034
578340,970,1031
578341,967,1027
578342,963,1030
578343,962,1035
578344,965,1037
578345,965,1041
578346,965,1035
578347,963,1032
578348,963,1034
578349,964,1031
578350,966,1037
578351,971,1035
578352,970,1035
578353,965,1029
578354,963,1035
578355,962,1042
578356,966,1042
578357,971,1043
578358,972,1040
578359,970,1039
578360,968,1036
578361,969,1035
578362,972,1038
578363,975,1035
578364,973,1032
578365,970,1034
578366,966,1037
578367,968,1039
578368,970,1037
578369,970,1036
578370,970,1032
578371,969,1029
578372,965,1030
578373,969,1033
578374,971,1038
578375,972,1035
578376,972,1033
578377,970,1031
578378,968,1029
578379,962,1033
578380,968,1039
578381,971,1040
578382,972,1034
578383,972,1030
578384,969,1028
578385,967,1029
578386,971,1030
578387,971,1029
578388,970,1028
578389,966,1023
578390,962,1026
578391,966,1026
578392,968,1030
578393,969,1029
578394,967,1026
578395,966,1028
578396,964,1030
578397,965,1031
578398,965,1032
578399,970,1028
578400,967,1024
578401,965,1021
578402,962,1023
578403,961,1026
578404,961,1030
578405,963,1028
578406,962,1030
578407,962,1031
578408,961,1036
578409,963,1038
578410,966,1037
578411,970,1032
578412,968,1030
578413,965,1029
578414,963,1028
578415,964,1034
578416,966,1039
578417,967,1038
578418,970,1033
578419,967,1030
578420,964,1028
578421,965,1034
578422,968,1035
578423,968,1035
578424,969,1035
578425,971,1034
578426,969,1033
578427,974,1030
578428,979,1029
578429,981,1026
578430,979,1025
578431,976,1026
578432,975,1025
578433,975,1027
578434,977,1030
578435,979,1029
578436,979,1025
578437,975,1022
578438,973,1025
578439,975,1027
578440,977,1031
578441,977,1027
578442,976,1030
578443,975,1028
578444,972,1024
578445,973,1027
578446,979,1025
578447,988,1022
578448,993,1016
578449,999,1012
578450,1009,1009
578451,1029,1006
578452,1052,1004
578453,1079,999
578454,1111,986
578455,1143,968
578456,1173,959
578457,1214,956
578458,1256,959
578459,1289,969
578460,1297,991
578461,1277,1015
578462,1227,1025
578463,1164,1027
578464,1100,1036
578465,1044,1045
578466,990,1058
578467,954,1062
578468,942,1068
578469,953,1069
578470,972,1064
578471,985,1055
578472,985,1042
578473,980,1036
578474,973,1037
578475,969,1041
578476,973,1046
578477,975,1041
578478,972,1036
578479,966,1031
578480,965,1026
578481,964,1027
578482,966,1028
578483,966,1027
578484,962,1024
578485,962,1022
578486,957,1023
578487,956,1025
578488,958,1028
578489,961,1026
578490,961,1025
578491,958,1024
578492,957,1025
578493,956,1025
578494,958,1026
578495,959,1023
578496,957,1020
578497,955,1016
578498,954,1018
578499,954,1020
578500,956,1025
578501,956,1024
578502,955,1023
578503,950,1020
578504,947,1021
578505,947,1026
578506,948,1026
578507,948,1026
578508,950,1026
578509,946,1022
578510,947,1024
578511,947,1026
578512,949,1031
578513,951,1033
578514,949,1030
578515,951,1025
578516,946,1023
578517,951,1026
578518,955,1031
578519,960,1033
578520,958,1028
578521,958,1027
578522,956,1024
578523,959,1027
578524,964,1027
578525,966,1025
578526,966,1024
578527,964,1023
578528,965,1023
578529,963,1024
578530,967,1024
578531,968,1022
578532,971,1016
578533,969,1011
578534,968,1010
578535,969,1012
578536,972,1015
578537,976,1018
578538,974,1011
578539,975,1008
578540,973,1005
578541,978,1006
578542,980,1009
578543,981,1003
578544,980,996
578545,978,991
578546,978,995
578547,984,997
578548,989,996
578549,991,995
578550,990,990
578551,988,989
578552,985,989
578553,986,991
578554,988,995
578555,991,998
578556,990,995
578557,989,992
578558,989,987
578559,992,989
578560,995,991
578561,1000,992
578562,998,991
578563,997,987
578564,998,989
578565,1004,993
578566,1010,998
578567,1013,998
578568,1011,994
578569,1010,992
578570,1009,991
578571,1011,993
578572,1013,996
578573,1016,991
578574,1018,992
578575,1012,988
578576,1007,987
578577,1011,991
578578,1012,999
578579,1012,1002
578580,1008,1003
578581,1005,1006
578582,1003,1007
578583,999,1010
578584,1001,1014
578585,1002,1010
578586,1002,1010
578587,998,1008
578588,987,1008
578589,990,1013
578590,987,1017
578591,990,1016
578592,987,1014
578593,987,1009
578594,987,1007
578595,987,1012
578596,989,1015
578597,989,1014
578598,985,1012
578599,978,1012
578600,976,1014
578601,978,1021
578602,981,1021
578603,984,1019
578604,983,1017
578605,977,1014
578606,975,1016
578607,975,1021
578608,980,1026
578609,980,1027
578610,980,1023
578611,976,1019
578612,977,1020
578613,977,1022
578614,978,1022
578615,978,1023
578616,978,1026
578617,977,1021
578618,978,1021
578619,981,1026
578620,981,1026
578621,982,1024
578622,979,1023
578623,980,1019
578624,979,1021
578625,982,1024
578626,984,1027
578627,985,1022
578628,984,1023
578629,982,1020
578630,982,1021
578631,982,1022
578632,983,1026
578633,983,1028
578634,983,1024
578635,984,1020
578636,982,1021
578637,984,1026
578638,981,1027
578639,982,1027
578640,980,1026
578641,979,1018
578642,980,1017
578643,981,1019
578644,979,1023
578645,981,1024
578646,979,1018
578647,975,1016
578648,973,1016
578649,976,1015
578650,975,1016
578651,974,1014
578652,974,1009
578653,971,1011
578654,967,1011
578655,967,1015
578656,968,1018
578657,971,1019
578658,967,1021
578659,966,1019
578660,964,1021
578661,965,1021
578662,966,1020
578663,972,1019
578664,973,1017
578665,970,1018
578666,968,1022
578667,968,1025
578668,970,1032
578669,971,1031
578670,968,1028
578671,965,1027
578672,962,1030
578673,964,1035
578674,967,1035
578675,973,1031
578676,972,1027
578677,970,1021
578678,968,1020
578679,969,1022
578680,969,1028
578681,972,1028
578682,971,1027
578683,970,1025
578684,965,1027
578685,967,1028
578686,973,1030
578687,975,1029
578688,975,1023
578689,976,1020
578690,970,1022
578691,969,1024
578692,973,1025
578693,975,1023
578694,976,1018
578695,977,1012
578696,982,1010
578697,990,1008
578698,1004,1007
578699,1017,1003
578700,1033,997
578701,1053,993
578702,1082,981
578703,1117,969
578704,1158,964
578705,1206,957
578706,1246,960
578707,1274,973
578708,1283,1000
578709,1266,1026
578710,1229,1034
578711,1184,1033
578712,1124,1039
578713,1061,1052
578714,1000,1075
578715,958,1094
578716,943,1105
578717,953,1104
578718,966,1090
578719,972,1071
578720,970,1054
578721,975,1041
578722,975,1036
578723,973,1029
578724,971,1025
578725,963,1024
578726,959,1026
578727,959,1027
578728,956,1028
578729,960,1027
578730,959,1022
578731,955,1023
578732,951,1022
578733,956,1023
578734,957,1023
578735,960,1021
578736,958,1019
578737,955,1018
578738,952,1014
578739,955,1019
578740,956,1024
578741,955,1019
578742,952,1021
578743,948,1018
578744,943,1016
578745,948,1017
578746,950,1020
578747,952,1021
578748,952,1020
578749,949,1018
578750,946,1016
578751,950,1018
578752,952,1022
578753,954,1020
578754,952,1019
578755,949,1012
578756,945,1014
578757,945,1019
578758,948,1022
578759,950,1022
578760,950,1024
578761,950,1024
578762,946,1019
578763,949,1020
578764,953,1016
578765,958,1011
578766,954,1012
578767,951,1010
578768,951,1012
578769,954,1010
578770,957,1011
578771,958,1012
578772,957,1007
578773,956,1002
578774,956,1006
578775,958,1008
578776,961,1009
578777,962,1008
578778,963,1002
578779,959,999
578780,960,999
578781,963,996
578782,967,999
578783,970,996
578784,970,994
578785,969,993
578786,968,991
578787,970,993
578788,974,989
578789,977,985
578790,977,980
578791,979,977
578792,974,974
578793,978,981
578794,980,983
578795,985,981
578796,984,978
578797,985,970
578798,982,968
578799,984,968
578800,987,973
578801,989,971
578802,991,970
578803,987,970
578804,987,970
578805,994,970
578806,995,972
578807,999,969
578808,997,970
578809,997,970
578810,994,975
578811,999,980
578812,1000,983
578813,1004,984
578814,1001,984
578815,998,989
578816,996,995
578817,997,1002
578818,998,1005
578819,998,1006
578820,992,1006
578821,991,1007
578822,989,1008
578823,986,1016
578824,989,1022
578825,988,1026
578826,987,1027
578827,982,1029
578828,981,1030
578829,984,1032
578830,985,1037
578831,985,1039
578832,984,1034
578833,982,1033
578834,975,1033
578835,978,1038
578836,982,1043
578837,987,1038
578838,981,1038
578839,980,1038
578840,975,1037
578841,975,1038
578842,978,1036
578843,983,1032
578844,978,1028
578845,979,1025
578846,975,1024
578847,977,1024
578848,982,1025
578849,985,1023
578850,987,1022
578851,983,1019
578852,980,1021
578853,983,1022
578854,984,1021
578855,987,1017
578856,984,1017
578857,984,1018
578858,980,1020
578859,983,1025
578860,987,1029
578861,989,1029
578862,986,1025
578863,985,1024
578864,984,1026
578865,982,1028
578866,988,1030
578867,989,1030
578868,986,1030
578869,984,1030
578870,982,1029
578871,983,1034
578872,983,1033
578873,985,1031
578874,985,1031
578875,981,1029
578876,977,1031
578877,977,1036
578878,978,1038
578879,982,1040
578880,979,1041
578881,977,1041
578882,977,1043
578883,980,1043
578884,981,1042
578885,982,1040
578886,981,1040
578887,977,1037
578888,978,1034
578889,979,1036
578890,985,1035
578891,988,1032
578892,983,1030
578893,981,1029
578894,977,1030
578895,979,1033
578896,980,1035
578897,982,1034
578898,981,1031
578899,981,1030
578900,977,1033
578901,980,1035
578902,982,1033
578903,985,1031
578904,982,1030
578905,982,1028
578906,979,1026
578907,983,1030
578908,984,1038
578909,986,1035
578910,987,1034
578911,983,1031
578912,980,1033
578913,979,1037
578914,981,1038
578915,983,1038
578916,982,1037
578917,980,1036
578918,980,1036
578919,979,1037
578920,986,1039
578921,985,1038
578922,984,1033
578923,980,1031
578924,978,1032
578925,980,1036
578926,982,1041
578927,988,1036
578928,992,1027
578929,999,1023
578930,1009,1023
578931,1026,1021
578932,1045,1021
578933,1075,1016
578934,1107,1009
578935,1143,998
578936,1183,987
578937,1232,983
578938,1275,990
578939,1307,1002
578940,1306,1023
578941,1266,1030
578942,1198,1030
578943,1124,1034
578944,1053,1047
578945,991,1059
578946,953,1067
578947,942,1066
578948,957,1063
578949,971,1054
578950,983,1043
578951,986,1037
578952,981,1030
578953,974,1025
578954,969,1024
578955,969,1030
578956,974,1033
578957,972,1036
578958,971,1036
578959,966,1036
578960,966,1039
578961,966,1038
578962,969,1042
578963,971,1039
578964,966,1034
578965,962,1032
578966,958,1029
578967,961,1033
578968,964,1041
578969,966,1042
578970,963,1039
578971,957,1039
578972,955,1037
578973,962,1039
578974,964,1040
578975,968,1043
578976,966,1041
578977,961,1038
578978,960,1040
578979,961,1041
578980,961,1043
578981,964,1039
578982,966,1036
578983,961,1033
578984,959,1030
578985,959,1029
578986,962,1036
578987,964,1034
578988,960,1030
578989,957,1025
578990,957,1024
578991,958,1026
578992,960,1029
578993,965,1028
578994,960,1024
578995,958,1023
578996,955,1024
578997,960,1026
578998,964,1028
578999,967,1030
579000,970,1027
579001,968,1023
579002,969,1024
579003,971,1028
579004,977,1031
579005,981,1029
579006,980,1024
579007,979,1018
579008,980,1014
579009,980,1014
579010,987,1015
579011,989,1015
579012,990,1012
579013,986,1010
579014,983,1009
579015,986,1008
579016,989,1006
579017,992,1001
579018,987,997
579019,985,997
579020,987,998
579021,989,1004
579022,994,1008
579023,994,1004
579024,995,999
579025,993,993
579026,994,993
579027,996,992
579028,1001,992
579029,1001,988
579030,1000,987
579031,998,986
579032,995,989
579033,996,992
579034,1002,994
579035,1004,989
579036,1003,992
579037,999,989
579038,998,990
579039,998,995
579040,999,999
579041,1002,999
579042,1000,1000
579043,997,1004
579044,995,1007
579045,995,1014
579046,996,1021
579047,996,1024
579048,993,1023
579049,988,1023
579050,988,1029
579051,984,1033
579052,987,1038
579053,988,1039
579054,982,1038
579055,978,1034
579056,982,1037
579057,983,1035
579058,982,1041
579059,985,1037
579060,982,1037
579061,981,1040
579062,977,1039
579063,983,1042
579064,983,1045
579065,985,1043
579066,982,1035
579067,981,1028
579068,977,1028
579069,977,1032
579070,982,1037
579071,983,1037
579072,981,1034
579073,975,1028
579074,976,1027
579075,979,1031
579076,981,1033
579077,981,1033
579078,981,1029
579079,979,1032
579080,977,1030
579081,978,1030
579082,981,1031
579083,980,1030
579084,981,1025
579085,981,1024
579086,979,1029
579087,980,1036
579088,984,1040
579089,984,1042
579090,984,1035
579091,978,1032
579092,978,1030
579093,979,1032
579094,979,1035
579095,980,1037
579096,978,1031
579097,976,1028
579098,973,1026
579099,976,1028
579100,972,1034
579101,978,1038
579102,977,1036
579103,973,1037
579104,972,1037
579105,970,1040
579106,974,1044
579107,972,1042
579108,974,1037
579109,973,1037
579110,968,1037
579111,972,1037
579112,973,1038
579113,976,1038
579114,973,1040
579115,972,1040
579116,969,1039
579117,970,1039
579118,972,1040
579119,972,1037
579120,967,1035
579121,963,1035
579122,963,1031
579123,966,1032
579124,971,1033
579125,971,1030
579126,972,1032
579127,968,1026
579128,965,1030
579129,970,1029
579130,973,1031
579131,975,1033
579132,974,1032
579133,973,1028
579134,975,1031
579135,977,1035
579136,980,1037
579137,981,1033
579138,976,1033
579139,977,1029
579140,976,1032
579141,975,1035
579142,978,1039
579143,980,1040
579144,980,1037
579145,977,1037
579146,976,1038
579147,977,1041
579148,978,1045
579149,978,1044
579150,978,1040
579151,978,1036
579152,975,1036
579153,975,1040
579154,980,1044
579155,981,1041
579156,983,1040
579157,988,1033
579158,997,1029
579159,1014,1025
579160,1033,1026
579161,1056,1019
579162,1087,1015
579163,1125,1006
579164,1165,991
579165,1211,979
579166,1256,971
579167,1292,971
579168,1305,983
579169,1287,1001
579170,1232,1014
579171,1163,1019
579172,1091,1029
579173,1023,1042
579174,966,1055
579175,941,1062
579176,940,1066
579177,956,1060
579178,971,1057
579179,981,1047
579180,983,1041
579181,977,1038
579182,973,1034
579183,969,1034
579184,969,1034
579185,967,1034
579186,963,1032
579187,960,1033
579188,956,1035
579189,957,1042
579190,959,1050
579191,961,1049
579192,960,1043
579193,956,1038
579194,956,1035
579195,955,1037
579196,956,1041
579197,958,1041
579198,955,1040
579199,954,1039
579200,955,1039
579201,957,1043
579202,962,1044
579203,961,1043
579204,957,1042
579205,956,1040
579206,953,1043
579207,955,1045
579208,958,1045
579209,958,1041
579210,959,1036
579211,955,1029
579212,950,1032
579213,950,1034
579214,952,1039
579215,952,1044
579216,949,1041
579217,948,1033
579218,946,1028
579219,949,1025
579220,951,1025
579221,954,1025
579222,954,1024
579223,953,1023
579224,951,1029
579225,954,1032
579226,958,1032
579227,962,1027
579228,961,1024
579229,958,1023
579230,957,1022
579231,959,1026
579232,962,1030
579233,966,1030
579234,964,1026
579235,963,1024
579236,962,1025
579237,964,1026
579238,968,1027
579239,968,1025
579240,972,1020
579241,968,1016
579242,968,1016
579243,970,1014
579244,974,1017
579245,976,1014
579246,975,1010
579247,978,1006
579248,977,1009
579249,978,1009
579250,980,1012
579251,981,1009
579252,982,1007
579253,981,1001
579254,979,999
579255,981,1004
579256,988,1004
579257,988,1005
579258,986,1000
579259,983,1002
579260,984,1004
579261,983,1005
579262,991,1007
579263,995,999
579264,991,989
579265,993,983
579266,987,983
579267,989,984
579268,995,993
579269,999,992
579270,994,994
579271,992,996
579272,992,1006
579273,994,1012
579274,999,1012
579275,1000,1010
579276,995,1007
579277,991,1008
579278,992,1011
579279,990,1021
579280,991,1023
579281,992,1025
579282,988,1024
579283,985,1026
579284,984,1026
579285,985,1032
579286,983,1036
579287,984,1035
579288,983,1033
579289,979,1032
579290,976,1033
579291,977,1039
579292,982,1045
579293,982,1047
579294,981,1047
579295,978,1040
579296,978,1040
579297,979,1043
579298,978,1041
579299,978,1040
579300,976,1036
579301,974,1034
579302,969,1037
579303,972,1039
579304,974,1041
579305,975,1040
579306,978,1034
579307,974,1033
579308,973,1031
579309,972,1032
579310,976,1030
579311,973,1026
579312,972,1023
579313,969,1020
579314,967,1021
579315,969,1025
579316,973,1027
579317,974,1028
579318,973,1024
579319,970,1021
579320,971,1023
579321,973,1027
579322,976,1028
579323,976,1025
579324,974,1023
579325,972,1023
579326,966,1026
579327,966,1031
579328,968,1036
579329,972,1031
579330,972,1029
579331,968,1029
579332,967,1033
579333,968,1035
579334,969,1036
579335,970,1034
579336,971,1029
579337,963,1027
579338,963,1034
579339,963,1039
579340,969,1042
579341,972,1035
579342,971,1034
579343,967,1032
579344,965,1033
579345,968,1037
579346,972,1040
579347,970,1037
579348,969,1035
579349,969,1032
579350,970,1029
579351,969,1030
579352,971,1032
579353,977,1032
579354,972,1031
579355,969,1027
579356,966,1028
579357,968,1032
579358,972,1035
579359,973,1030
579360,972,1024
579361,971,1024
579362,968,1024
579363,968,1025
579364,971,1030
579365,974,1031
579366,971,1028
579367,970,1026
579368,969,1029
579369,970,1032
579370,973,1034
579371,974,1032
579372,973,1029
579373,969,1031
579374,967,1030
579375,966,1034
579376,970,1037
579377,970,1033
579378,969,1032
579379,970,1029
579380,966,1031
579381,965,1031
579382,971,1031
579383,968,1031
579384,970,1033
579385,964,1032
579386,965,1036
579387,968,1039
579388,971,1039
579389,973,1037
579390,971,1034
579391,967,1032
579392,965,1036
579393,966,1039
579394,970,1037
579395,970,1033
579396,969,1031
579397,966,1031
579398,965,1031
579399,965,1033
579400,969,1030
579401,970,1030
579402,968,1028
579403,968,1024
579404,972,1021
579405,980,1018
579406,996,1015
579407,1010,1010
579408,1032,1005
579409,1054,1000
579410,1088,996
579411,1128,989
579412,1170,978
579413,1213,963
579414,1252,957
579415,1282,958
579416,1296,974
579417,1279,999
579418,1243,1013
579419,1185,1019
579420,1117,1026
579421,1045,1037
579422,988,1054
579423,959,1071
579424,957,1078
579425,969,1071
579426,979,1056
579427,982,1040
579428,978,1031
579429,977,1032
579430,975,1036
579431,973,1032
579432,968,1028
579433,963,1024
579434,961,1028
579435,960,1030
579436,961,1033
579437,962,1033
579438,958,1035
579439,954,1033
579440,952,1032
579441,951,1030
579442,954,1032
579443,956,1033
579444,950,1033
579445,944,1030
579446,944,1030
579447,941,1030
579448,945,1030
579449,947,1031
579450,943,1030
579451,940,1032
579452,940,1033
579453,943,1034
579454,947,1039
579455,948,1038
579456,948,1038
579457,947,1039
579458,949,1040
579459,952,1041
579460,955,1040
579461,958,1037
579462,958,1036
579463,954,1031
579464,954,1032
579465,956,1033
579466,959,1035
579467,960,1033
579468,959,1031
579469,956,1027
579470,956,1026
579471,958,1030
579472,959,1034
579473,965,1031
579474,964,1027
579475,961,1024
579476,961,1022
579477,962,1024
579478,965,1025
579479,965,1023
579480,966,1021
579481,964,1017
579482,962,1019
579483,963,1018
579484,966,1017
579485,970,1016
579486,967,1012
579487,968,1008
579488,963,1005
579489,967,1006
579490,970,1007
579491,972,1005
579492,974,1002
579493,972,997
579494,969,994
579495,971,996
579496,968,1000
579497,970,1001
579498,970,1002
579499,969,996
579500,969,997
579501,973,997
579502,982,995
579503,985,991
579504,986,989
579505,985,987
579506,982,990
579507,987,993
579508,992,996
579509,995,996
579510,998,999
579511,996,995
579512,996,993
579513,1000,995
579514,1003,997
579515,1002,995
579516,999,995
579517,997,996
579518,997,999
579519,999,1003
579520,1002,1007
579521,1002,1009
579522,995,1009
579523,993,1012
579524,991,1014
579525,991,1022
579526,993,1023
579527,989,1020
579528,987,1017
579529,981,1019
579530,979,1020
579531,984,1024
579532,984,1024
579533,986,1021
579534,981,1021
579535,979,1018
579536,977,1020
579537,976,1022
579538,977,1028
579539,975,1029
579540,974,1029
579541,972,1027
579542,970,1026
579543,971,1025
579544,970,1026
579545,968,1027
579546,968,1026
579547,966,1024
579548,963,1027
579549,963,1032
579550,966,1034
579551,969,1036
579552,969,1034
579553,969,1031
579554,968,1033
579555,969,1031
579556,974,1036
579557,976,1031
579558,977,1027
579559,975,1022
579560,974,1023
579561,975,1026
579562,973,1038
579563,977,1036
579564,976,1030
579565,974,1024
579566,972,1022
579567,976,1023
579568,979,1027
579569,978,1029
579570,975,1030
579571,971,1028
579572,970,1029
579573,974,1034
579574,976,1034
579575,976,1031
579576,978,1025
579577,973,1023
579578,972,1024
579579,972,1028
579580,973,1030
579581,975,1030
579582,974,1026
579583,970,1024
579584,966,1023
579585,964,1026
579586,971,1027
579587,974,1027
579588,970,1024
579589,968,1020
579590,965,1024
579591,967,1024
579592,968,1027
579593,966,1025
579594,963,1025
579595,959,1025
579596,957,1025
579597,959,1027
579598,962,1024
579599,967,1022
579600,967,1019
579601,965,1016
579602,965,1018
579603,969,1023
579604,971,1024
579605,969,1024
579606,970,1025
579607,966,1025
579608,964,1027
579609,967,1029
579610,970,1031
579611,970,1029
579612,968,1026
579613,962,1028
579614,963,1028
579615,965,1032
579616,966,1038
579617,968,1036
579618,967,1035
579619,964,1029
579620,964,1026
579621,966,1026
579622,970,1030
579623,970,1029
579624,970,1026
579625,971,1023
579626,967,1025
579627,967,1030
579628,971,1034
579629,972,1036
579630,973,1031
579631,971,1025
579632,972,1026
579633,971,1027
579634,971,1027
579635,971,1024
579636,970,1024
579637,964,1027
579638,962,1026
579639,965,1030
579640,968,1030
579641,970,1025
579642,966,1022
579643,962,1020
579644,960,1018
579645,960,1021
579646,960,1023
579647,959,1024
579648,958,1026
579649,956,1024
579650,960,1026
579651,963,1028
579652,964,1031
579653,965,1030
579654,967,1028
579655,964,1029
579656,963,1028
579657,966,1030
579658,969,1034
579659,971,1033
579660,968,1033
579661,968,1033
579662,966,1031
579663,967,1034
579664,967,1038
579665,972,1037
579666,972,1033
579667,968,1025
579668,966,1024
579669,969,1025
579670,972,1028
579671,979,1030
579672,979,1029
579673,974,1026
579674,976,1027
579675,978,1029
579676,981,1031
579677,980,1031
579678,984,1026
579679,983,1022
579680,989,1016
579681,1001,1014
579682,1015,1013
579683,1032,1009
579684,1049,1003
579685,1071,998
579686,1102,988
579687,1140,975
579688,1181,964
579689,1220,955
579690,1252,955
579691,1263,966
579692,1258,989
579693,1227,1005
579694,1176,1015
579695,1119,1014
579696,1059,1024
579697,1001,1039
579698,963,1056
579699,948,1070
579700,952,1078
579701,962,1071
579702,974,1056
579703,974,1040
579704,976,1029
579705,973,1028
579706,970,1028
579707,968,1027
579708,964,1024
579709,960,1026
579710,954,1028
579711,957,1035
579712,959,1036
579713,961,1032
579714,958,1031
579715,953,1030
579716,950,1033
579717,952,1036
579718,956,1038
579719,956,1034
579720,955,1030
579721,951,1026
579722,949,1026
579723,950,1030
579724,957,1034
579725,955,1032
579726,954,1030
579727,951,1028
579728,953,1027
579729,953,1025
579730,957,1025
579731,956,1023
579732,952,1021
579733,952,1018
579734,950,1022
579735,949,1027
579736,955,1030
579737,955,1028
579738,953,1022
579739,951,1018
579740,950,1019
579741,951,1021
579742,954,1024
579743,956,1021
579744,955,1022
579745,950,1018
579746,950,1016
579747,953,1018
579748,954,1022
579749,959,1022
579750,960,1023
579751,958,1021
579752,955,1024
579753,957,1024
579754,961,1025
579755,963,1022
579756,965,1020
579757,961,1015
579758,959,1018
579759,965,1020
579760,969,1020
579761,971,1018
579762,971,1013
579763,967,1009
579764,968,1012
579765,969,1015
579766,971,1016
579767,970,1017
579768,973,1010
579769,972,1008
579770,971,1002
579771,974,999
579772,979,998
579773,980,995
579774,979,988
579775,976,991
579776,977,988
579777,976,991
579778,978,991
579779,980,987
579780,979,983
579781,974,980
579782,976,978
579783,977,979
579784,983,981
579785,985,981
579786,987,980
579787,982,979
579788,981,980
579789,985,986
579790,990,987
579791,993,991
579792,993,987
579793,992,982
579794,992,980
579795,996,981
579796,1000,986
579797,1006,982
579798,1003,983
579799,998,985
579800,998,988
579801,1000,991
579802,1001,995
579803,1004,998
579804,1002,998
579805,997,999
579806,999,1003
579807,996,1010
579808,997,1013
579809,997,1013
579810,995,1009
579811,994,1010
579812,991,1011
579813,991,1017
579814,993,1026
579815,992,1028
579816,988,1023
579817,985,1015
579818,980,1014
579819,981,1018
579820,984,1022
579821,985,1023
579822,983,1022
579823,977,1019
579824,975,1023
579825,976,1025
579826,976,1029
579827,976,1026
579828,973,1023
579829,969,1023
579830,967,1026
579831,971,1033
579832,974,1036
579833,977,1033
579834,977,1028
579835,971,1025
579836,968,1023
579837,970,1028
579838,974,1028
579839,974,1027
579840,974,1023
579841,972,1023
579842,972,1024
579843,973,1027
579844,977,1029
579845,980,1032
579846,982,1030
579847,980,1027
579848,974,1028
579849,978,1030
579850,982,1033
579851,981,1031
579852,980,1031
579853,978,1026
579854,978,1021
579855,979,1023
579856,979,1025
579857,982,1027
579858,981,1023
579859,976,1018
579860,978,1017
579861,979,1019
579862,981,1025
579863,981,1025
579864,976,1024
579865,975,1020
579866,972,1018
579867,973,1019
579868,977,1021
579869,979,1018
579870,980,1014
579871,977,1013
579872,970,1015
579873,974,1019
579874,974,1020
579875,974,1019
579876,970,1017
579877,969,1018
579878,965,1019
579879,967,1023
579880,968,1026
579881,968,1023
579882,967,1024
579883,964,1022
579884,965,1024
579885,968,1026
579886,968,1028
579887,971,1028
579888,966,1026
579889,965,1023
579890,965,1024
579891,969,1028
579892,971,1033
579893,969,1033
579894,969,1029
579895,968,1027
579896,967,1025
579897,967,1028
579898,969,1030
579899,974,1029
579900,973,1026
579901,971,1025
579902,971,1026
579903,972,1031
579904,977,1033
579905,975,1030
579906,972,1025
579907,970,1022
579908,969,1023
579909,970,1024
579910,971,1026
579911,973,1028
579912,972,1024
579913,968,1023
579914,966,1023
579915,967,1026
579916,971,1029
579917,973,1024
579918,970,1023
579919,970,1020
579920,968,1021
579921,972,1023
579922,974,1028
579923,975,1030
579924,974,1026
579925,975,1024
579926,972,1022
579927,974,1024
579928,976,1027
579929,976,1027
579930,975,1020
579931,973,1018
579932,981,1017
579933,991,1019
579934,1002,1020
579935,1016,1014
579936,1029,1009
579937,1045,1003
579938,1070,1000
579939,1104,993
579940,1142,980
579941,1180,969
579942,1216,963
579943,1246,964
579944,1268,982
579945,1274,1007
579946,1260,1029
579947,1220,1040
579948,1163,1039
579949,1105,1042
579950,1046,1054
579951,993,1073
579952,951,1094
579953,937,1103
579954,939,1102
579955,949,1095
579956,959,1085
579957,967,1073
579958,972,1067
579959,976,1059
579960,973,1047
579961,971,1038
579962,966,1033
579963,962,1031
579964,960,1029
579965,963,1028
579966,959,1023
579967,953,1023
579968,952,1026
579969,952,1031
579970,954,1037
579971,956,1030
579972,954,1024
579973,950,1019
579974,947,1019
579975,949,1021
579976,951,1026
579977,950,1026
579978,948,1024
579979,946,1022
579980,945,1022
579981,949,1027
579982,953,1027
579983,955,1024
579984,952,1023
579985,950,1024
579986,948,1024
579987,951,1029
579988,950,1030
579989,951,1031
579990,950,1031
579991,947,1030
579992,948,1033
579993,951,1036
579994,951,1035
579995,955,1031
579996,950,1028
579997,949,1022
579998,949,1021
579999,952,1022
580000,955,1028
580001,955,1027
580002,958,1025
580003,952,1020
580004,951,1016
580005,950,1018
580006,957,1022
580007,958,1020
580008,957,1017
580009,955,1014
580010,952,1016
580011,950,1017
580012,954,1016
580013,956,1013
580014,957,1007
580015,955,1004
580016,952,1006
580017,956,1006
580018,962,1010
580019,964,1009
580020,962,1007
580021,963,1005
580022,961,1007
580023,964,1013
580024,963,1013
580025,969,1010
580026,964,1003
580027,963,999
580028,965,997
580029,967,998
580030,972,997
580031,974,994
580032,972,992
580033,970,991
580034,970,992
580035,975,992
580036,977,997
580037,979,994
580038,977,990
580039,979,987
580040,979,988
580041,981,989
580042,985,990
580043,987,989
580044,987,982
580045,985,980
580046,987,978
580047,987,983
580048,989,985
580049,990,987
580050,989,984
580051,989,982
580052,989,982
580053,989,985
580054,994,986
580055,993,984
580056,991,984
580057,989,983
580058,987,988
580059,989,993
580060,991,1000
580061,994,1003
580062,993,1002
580063,991,1002
580064,989,1000
580065,991,1005
580066,993,1012
580067,990,1013
580068,987,1014
580069,990,1015
580070,986,1018
580071,984,1023
580072,984,1025
580073,982,1025
580074,980,1025
580075,979,1026
580076,977,1027
580077,978,1030
580078,981,1034
580079,982,1029
580080,977,1024
580081,974,1023
580082,973,1024
580083,973,1027
580084,975,1031
580085,975,1032
580086,973,1031
580087,971,1033
580088,971,1033
580089,974,1034
580090,976,1032
580091,974,1031
580092,974,1031
580093,973,1030
580094,971,1033
580095,974,1038
580096,977,1040
580097,975,1040
580098,976,1039
580099,973,1037
580100,974,1039
580101,975,1040
580102,980,1037
580103,980,1035
580104,979,1032
580105,974,1027
580106,975,1028
580107,978,1029
580108,976,1034
580109,978,1034
580110,979,1031
580111,977,1026
580112,977,1027
580113,977,1031
580114,980,1035
580115,982,1033
580116,977,1027
580117,977,1027
580118,975,1028
580119,974,1033
580120,977,1035
580121,976,1033
580122,975,1033
580123,971,1033
580124,972,1033
580125,974,1034
580126,977,1033
580127,977,1033
580128,971,1029
580129,971,1027
580130,971,1027
580131,970,1035
580132,974,1039
580133,973,1043
580134,973,1042
580135,974,1036
580136,975,1033
580137,973,1032
580138,977,1031
580139,978,1030
580140,976,1029
580141,973,1029
580142,970,1030
580143,974,1037
580144,977,1040
580145,980,1036
580146,977,1031
580147,975,1028
580148,975,1030
580149,975,1033
580150,976,1036
580151,977,1036
580152,975,1035
580153,973,1032
580154,973,1033
580155,974,1035
580156,976,1036
580157,975,1036
580158,975,1033
580159,971,1030
580160,969,1036
580161,972,1037
580162,975,1040
580163,973,1035
580164,971,1033
580165,971,1033
580166,970,1033
580167,971,1036
580168,973,1038
580169,972,1037
580170,970,1035
580171,969,1036
580172,967,1034
580173,971,1038
580174,969,1037
580175,968,1038
580176,965,1038
580177,965,1041
580178,966,1042
580179,969,1042
580180,972,1044
580181,974,1043
580182,973,1038
580183,972,1034
580184,973,1037
580185,972,1039
580186,973,1043
580187,973,1043
580188,973,1042
580189,969,1041
580190,968,1042
580191,971,1045
580192,970,1051
580193,973,1052
580194,974,1048
580195,972,1044
580196,973,1041
580197,976,1043
580198,978,1041
580199,976,1042
580200,977,1040
580201,976,1037
580202,974,1034
580203,975,1037
580204,977,1041
580205,978,1040
580206,975,1039
580207,975,1035
580208,977,1035
580209,977,1034
580210,980,1035
580211,979,1032
580212,977,1032
580213,974,1032
580214,974,1036
580215,974,1039
580216,975,1045
580217,979,1040
580218,977,1038
580219,973,1033
580220,970,1035
580221,973,1039
580222,976,1041
580223,981,1037
580224,978,1034
580225,974,1029
580226,971,1031
580227,972,1033
580228,976,1035
580229,978,1034
580230,977,1034
580231,973,1035
580232,970,1039
580233,973,1043
580234,977,1044
580235,977,1041
580236,976,1037
580237,971,1034
580238,971,1036
580239,973,1040
580240,973,1045
580241,978,1043
580242,975,1041
580243,973,1036
580244,973,1038
580245,971,1037
580246,972,1042
580247,974,1043
580248,974,1043
580249,973,1048
580250,972,1051
580251,974,1052
580252,977,1053
580253,980,1045
580254,979,1037
580255,978,1036
580256,972,1039
580257,974,1043
580258,977,1045
580259,976,1040
580260,978,1038
580261,974,1036
580262,971,1041
580263,973,1045
580264,977,1045
580265,979,1038
580266,974,1034
580267,975,1032
580268,973,1031
580269,975,1035
580270,976,1038
580271,977,1038
580272,976,1040
580273,973,1037
580274,974,1037
580275,976,1038
580276,981,1039
580277,981,1037
580278,980,1034
580279,979,1033
580280,978,1035
580281,978,1038
580282,978,1040
580283,980,1041
580284,978,1040
580285,977,1041
580286,975,1043
580287,974,1043
580288,979,1043
580289,981,1043
580290,979,1036
580291,978,1030
580292,976,1031
580293,979,1033
580294,982,1035
580295,983,1035
580296,980,1033
580297,980,1032
580298,979,1036
580299,982,1043
580300,983,1046
580301,983,1040
580302,983,1036
580303,979,1034
580304,982,1039
580305,985,1042
580306,986,1042
580307,989,1036
580308,989,1033
580309,988,1028
580310,992,1029
580311,1004,1028
580312,1018,1025
580313,1033,1018
580314,1050,1012
580315,1067,1009
580316,1097,1007
580317,1130,1001
580318,1165,991
580319,1200,979
580320,1233,967
580321,1264,961
580322,1296,958
580323,1316,963
580324,1305,982
580325,1266,997
580326,1203,1006
580327,1138,1014
580328,1080,1028
580329,1023,1040
580330,989,1053
580331,972,1059
580332,973,1060
580333,983,1056
580334,992,1048
580335,998,1041
580336,999,1041
580337,991,1037
580338,987,1035
580339,981,1034
580340,978,1033
580341,978,1032
580342,975,1037
580343,973,1038
580344,970,1036
580345,967,1034
580346,966,1038
580347,966,1040
580348,967,1043
580349,966,1043
580350,965,1039
580351,963,1036
580352,963,1036
580353,961,1038
580354,965,1040
580355,964,1040
580356,963,1036
580357,960,1034
580358,960,1032
580359,959,1034
580360,963,1038
580361,964,1038
580362,963,1037
580363,962,1033
580364,962,1034
580365,965,1038
580366,966,1039
580367,965,1036
580368,966,1034
580369,961,1032
580370,962,1037
580371,962,1038
580372,966,1042
580373,966,1041
580374,966,1037
580375,963,1034
580376,968,1030
580377,969,1031
580378,968,1033
580379,972,1033
580380,967,1033
580381,967,1030
580382,965,1033
580383,966,1037
580384,971,1040
580385,971,1037
580386,971,1038
580387,971,1034
580388,972,1035
580389,973,1033
580390,979,1036
580391,980,1035
580392,975,1030
580393,977,1028
580394,978,1028
580395,982,1030
580396,984,1029
580397,987,1027
580398,984,1024
580399,980,1023
580400,980,1024
580401,984,1026
580402,988,1031
580403,991,1028
580404,986,1026
580405,989,1024
580406,992,1022
580407,995,1017
580408,1000,1012
580409,1001,1008
580410,1000,1004
580411,997,1002
580412,998,1005
580413,998,1009
580414,1003,1010
580415,1001,1005
580416,1003,1003
580417,999,1002
580418,997,1007
580419,1001,1009
580420,1008,1012
580421,1010,1007
580422,1011,1001
580423,1007,997
580424,1008,1000
580425,1011,1004
580426,1014,1008
580427,1015,1009
580428,1013,1005
580429,1011,1003
580430,1011,1009
580431,1014,1009
580432,1018,1012
580433,1017,1011
580434,1020,1005
580435,1015,1003
580436,1016,1006
580437,1018,1008
580438,1019,1013
580439,1018,1016
580440,1016,1020
580441,1012,1020
580442,1012,1022
580443,1010,1025
580444,1014,1024
580445,1013,1020
580446,1012,1016
580447,1007,1016
580448,1001,1018
580449,1002,1025
580450,1004,1027
580451,1004,1025
580452,1001,1024
580453,994,1026
580454,994,1030
580455,994,1035
580456,995,1037
580457,995,1033
580458,992,1030
580459,991,1026
580460,989,1027
580461,989,1030
580462,993,1031
580463,991,1033
580464,990,1033
580465,987,1032
580466,983,1033
580467,987,1032
580468,991,1033
580469,988,1032
580470,989,1028
580471,984,1033
580472,984,1035
580473,984,1038
580474,985,1043
580475,985,1043
580476,983,1043
580477,980,1038
580478,981,1037
580479,981,1032
580480,985,1032
580481,986,1029
580482,985,1028
580483,985,1031
580484,982,1033
580485,987,1035
580486,988,1034
580487,989,1031
580488,989,1025
580489,985,1024
580490,984,1025
580491,988,1029
580492,991,1029
580493,993,1028
580494,992,1026
580495,989,1027
580496,987,1031
580497,991,1033
580498,991,1032
580499,995,1029
580500,992,1021
580501,989,1021
580502,989,1023
580503,991,1026
580504,994,1031
580505,992,1028
580506,991,1027
580507,986,1025
580508,985,1029
580509,986,1031
580510,989,1031
580511,992,1029
580512,987,1026
580513,985,1026
580514,984,1029
580515,984,1032
580516,988,1035
580517,989,1033
580518,986,1031
580519,985,1029
580520,985,1033
580521,985,1033
580522,986,1037
580523,986,1037
580524,983,1037
580525,980,1032
580526,980,1035
580527,981,1037
580528,982,1039
580529,983,1034
580530,983,1027
580531,977,1024
580532,977,1025
580533,976,1027
580534,980,1032
580535,980,1035
580536,980,1035
580537,977,1035
580538,976,1032
580539,978,1039
580540,982,1038
580541,981,1035
580542,980,1031
580543,975,1031
580544,975,1033
580545,979,1036
580546,981,1037
580547,982,1037
580548,980,1033
580549,978,1031
580550,975,1035
580551,977,1038
580552,983,1041
580553,985,1041
580554,979,1035
580555,975,1029
580556,977,1035
580557,978,1036
580558,980,1040
580559,980,1039
580560,980,1036
580561,976,1031
580562,975,1036
580563,978,1040
580564,978,1044
580565,979,1043
580566,977,1040
580567,975,1036
580568,975,1035
580569,978,1039
580570,982,1041
580571,982,1039
580572,980,1034
580573,978,1030
580574,978,1030
580575,977,1032
580576,983,1034
580577,982,1032
580578,979,1031
580579,976,1031
580580,976,1035
580581,979,1039
580582,983,1038
580583,984,1033
580584,980,1027
580585,978,1022
580586,978,1026
580587,980,1029
580588,983,1030
580589,987,1034
580590,983,1029
580591,979,1028
580592,975,1028
580593,980,1032
580594,983,1036
580595,983,1036
580596,981,1032
580597,980,1031
580598,977,1036
580599,979,1038
580600,983,1038
580601,983,1038
580602,980,1036
580603,977,1036
580604,977,1035
580605,980,1034
580606,983,1036
580607,982,1035
580608,979,1035
580609,975,1038
580610,976,1039
580611,978,1042
580612,982,1043
580613,983,1041
580614,981,1040
580615,978,1037
580616,979,1038
580617,982,1040
580618,986,1039
580619,986,1039
580620,986,1034
580621,984,1030
580622,984,1028
580623,987,1030
580624,990,1035
580625,991,1034
580626,989,1030
580627,985,1030
580628,984,1029
580629,985,1031
580630,987,1032
580631,988,1033
580632,988,1032
580633,985,1028
580634,984,1031
580635,983,1032
580636,986,1035
580637,985,1035
580638,984,1033
580639,983,1030
580640,982,1030
580641,985,1035
580642,987,1035
580643,985,1036
580644,983,1033
580645,979,1032
580646,980,1034
580647,982,1039
580648,984,1040
580649,985,1042
580650,984,1039
580651,980,1037
580652,978,1040
580653,982,1044
580654,984,1046
580655,982,1042
580656,980,1036
580657,979,1033
580658,978,1036
580659,984,1037
580660,988,1039
580661,988,1039
580662,986,1034
580663,982,1032
580664,981,1031
580665,981,1036
580666,986,1038
580667,986,1033
580668,984,1031
580669,982,1029
580670,981,1029
580671,984,1032
580672,986,1036
580673,986,1034
580674,985,1033
580675,980,1035
580676,983,1035
580677,984,1036
580678,986,1035
580679,987,1034
580680,985,1031
580681,983,1032
580682,981,1036
580683,986,1041
580684,984,1040
580685,988,1032
580686,988,1029
580687,984,1028
580688,984,1026
580689,985,1030
580690,986,1036
580691,989,1037
580692,986,1037
580693,984,1037
580694,984,1036
580695,989,1038
580696,989,1037
580697,991,1035
580698,989,1032
580699,986,1031
580700,986,1033
580701,985,1039
580702,989,1045
580703,986,1039
580704,988,1038
580705,988,1039
580706,986,1038
580707,986,1039
580708,989,1040
580709,991,1036
580710,989,1031
580711,987,1027
580712,985,1028
580713,989,1033
580714,994,1035
580715,994,1033
580716,992,1031
580717,989,1027
580718,987,1027
580719,991,1030
580720,990,1035
580721,992,1038
580722,989,1035
580723,988,1035
580724,986,1032
580725,989,1037
580726,990,1038
580727,988,1036
580728,990,1028
580729,990,1024
580730,990,1023
580731,992,1028
580732,990,1033
580733,992,1031
580734,988,1031
580735,984,1033
580736,984,1036
580737,987,1037
580738,989,1040
580739,991,1037
580740,989,1033
580741,988,1025
580742,990,1026
580743,993,1030
580744,991,1034
580745,991,1034
580746,989,1036
580747,986,1035
580748,984,1039
580749,987,1042
580750,991,1045
580751,989,1042
580752,989,1042
580753,985,1042
580754,988,1037
580755,990,1036
580756,994,1036
580757,994,1036
580758,991,1033
580759,990,1033
580760,989,1033
580761,991,1033
580762,996,1033
580763,998,1027
580764,998,1024
580765,991,1021
580766,993,1023
580767,992,1026
580768,996,1029
580769,998,1028
580770,999,1029
580771,997,1025
580772,998,1027
580773,1002,1028
580774,1008,1025
580775,1018,1020
580776,1028,1014
580777,1042,1011
580778,1065,1014
580779,1091,1013
580780,1122,1007
580781,1156,990
580782,1190,969
580783,1222,955
580784,1257,955
580785,1284,956
580786,1295,969
580787,1276,988
580788,1232,1005
580789,1175,1014
580790,1117,1024
580791,1073,1034
580792,1039,1043
580793,1008,1051
580794,994,1056
580795,992,1056
580796,1001,1055
580797,1008,1047
580798,1011,1040
580799,1006,1034
580800,999,1033
580801,994,1032
580802,991,1030
580803,990,1034
580804,990,1034
580805,988,1035
580806,985,1035
580807,980,1037
580808,979,1039
580809,980,1042
580810,981,1040
580811,983,1036
580812,978,1031
580813,976,1029
580814,975,1034
580815,975,1038
580816,975,1041
580817,976,1037
580818,975,1037
580819,972,1032
580820,972,1030
580821,972,1032
580822,973,1032
580823,974,1031
580824,972,1029
580825,969,1030
580826,968,1032
580827,971,1034
580828,974,1036
580829,978,1037
580830,976,1038
580831,969,1035
580832,971,1037
580833,971,1038
580834,976,1039
580835,977,1037
580836,975,1039
580837,972,1040
580838,973,1039
580839,977,1039
580840,979,1038
580841,982,1035
580842,982,1032
580843,979,1028
580844,978,1032
580845,981,1037
580846,983,1038
580847,986,1034
580848,983,1032
580849,982,1030
580850,982,1035
580851,988,1035
580852,990,1036
580853,991,1032
580854,990,1028
580855,989,1025
580856,987,1026
580857,991,1025
580858,992,1024
580859,992,1022
580860,990,1018
580861,987,1018
580862,988,1019
580863,992,1022
580864,995,1025
580865,997,1021
580866,996,1017
580867,995,1010
580868,995,1006
580869,997,1004
580870,1000,1009
580871,998,1010
580872,998,1010
580873,998,1007
580874,996,1008
580875,1001,1006
580876,1003,1006
580877,1004,1006
580878,1005,1004
580879,1004,1003
580880,1003,1008
580881,1006,1010
580882,1009,1015
580883,1014,1013
580884,1014,1013
580885,1014,1012
580886,1015,1007
580887,1017,1006
580888,1020,1005
580889,1018,1006
580890,1020,1002
580891,1014,1000
580892,1018,1004
580893,1019,1005
580894,1022,1002
580895,1024,1002
580896,1020,1000
580897,1019,1000
580898,1018,1000
580899,1020,1003
580900,1021,1008
580901,1022,1011
580902,1019,1009
580903,1015,1010
580904,1014,1008
580905,1014,1015
580906,1015,1018
580907,1013,1016
580908,1009,1012
580909,1004,1008
580910,1002,1012
580911,1003,1014
580912,1004,1019
580913,1003,1018
580914,1001,1018
580915,996,1015
580916,996,1021
580917,997,1026
580918,995,1027
580919,998,1029
580920,992,1025
580921,990,1025
580922,990,1026
580923,992,1029
580924,997,1033
580925,997,1028
580926,997,1026
580927,993,1022
580928,991,1023
580929,992,1025
580930,995,1029
580931,993,1025
580932,992,1023
580933,990,1019
580934,991,1021
580935,993,1026
580936,993,1028
580937,994,1028
580938,994,1027
580939,989,1022
580940,989,1023
580941,992,1026
580942,995,1027
580943,996,1024
580944,995,1018
580945,993,1018
580946,992,1019
580947,993,1027
580948,995,1029
580949,993,1027
580950,990,1023
580951,986,1019
580952,987,1018
580953,989,1022
580954,988,1026
580955,989,1025
580956,984,1022
580957,981,1022
580958,979,1022
580959,984,1024
580960,985,1027
580961,989,1027
580962,985,1023
580963,982,1022
580964,983,1021
580965,987,1023
580966,988,1025
580967,990,1023
580968,988,1020
580969,985,1022
580970,985,1026
580971,986,1030
580972,990,1031
580973,990,1030
580974,990,1023
580975,986,1016
580976,988,1016
580977,991,1022
580978,993,1023
580979,990,1025
580980,990,1024
580981,985,1020
580982,984,1023
580983,991,1028
580984,988,1028
580985,989,1028
580986,987,1024
580987,986,1021
580988,984,1024
580989,984,1028
580990,989,1031
580991,990,1028
580992,983,1026
580993,981,1028
580994,983,1027
580995,989,1027
580996,990,1025
580997,990,1021
580998,986,1019
580999,983,1019
581000,983,1024
581001,984,1030
581002,987,1035
581003,987,1030
581004,988,1025
581005,986,1020
581006,984,1023
581007,987,1027
581008,991,1028
581009,988,1028
581010,985,1030
581011,986,1026
581012,985,1022
581013,986,1021
581014,990,1019
581015,993,1016
581016,987,1017
581017,985,1017
581018,985,1020
581019,988,1022
581020,994,1018
581021,1003,1011
581022,1009,1004
581023,1016,1000
581024,1028,998
581025,1051,1000
581026,1078,999
581027,1113,988
581028,1153,970
581029,1192,957
581030,1233,954
581031,1267,967
581032,1278,991
581033,1260,1014
581034,1216,1020
581035,1158,1022
581036,1096,1030
581037,1034,1048
581038,989,1070
581039,962,1085
581040,958,1090
581041,967,1083
581042,980,1073
581043,990,1060
581044,995,1049
581045,993,1035
581046,990,1027
581047,986,1028
581048,980,1026
581049,978,1028
581050,982,1029
581051,981,1027
581052,978,1021
581053,973,1018
581054,974,1023
581055,974,1026
581056,976,1031
581057,975,1035
581058,975,1031
581059,967,1024
581060,969,1020
581061,971,1021
581062,970,1024
581063,970,1020
581064,969,1018
581065,966,1018
581066,962,1021
581067,965,1025
581068,972,1028
581069,971,1027
581070,970,1022
581071,965,1023
581072,963,1025
581073,967,1029
581074,967,1029
581075,969,1025
581076,968,1018
581077,968,1015
581078,968,1013
581079,973,1018
581080,976,1023
581081,977,1024
581082,976,1022
581083,973,1017
581084,973,1016
581085,978,1022
581086,979,1025
581087,980,1024
581088,978,1015
581089,975,1009
581090,977,1007
581091,980,1009
581092,985,1007
581093,985,1005
581094,980,1000
581095,979,997
581096,981,995
581097,984,996
581098,984,996
581099,984,994
581100,985,994
581101,985,992
581102,986,993
581103,989,992
581104,994,989
581105,997,984
581106,995,979
581107,991,975
581108,992,978
581109,995,977
581110,996,979
581111,999,978
581112,999,969
581113,998,962
581114,1001,957
581115,1005,958
581116,1008,960
581117,1006,959
581118,1005,961
581119,1007,959
581120,1006,961
581121,1008,961
581122,1011,961
581123,1013,955
581124,1011,954
581125,1007,956
581126,1007,962
581127,1011,962
581128,1016,965
581129,1016,963
581130,1017,966
581131,1014,966
581132,1014,968
581133,1015,976
581134,1019,977
581135,1016,980
581136,1016,983
581137,1008,984
581138,1008,992
581139,1010,998
581140,1012,1001
581141,1009,1000
581142,1007,999
581143,1001,1005
581144,999,1008
581145,994,1015
581146,1001,1018
581147,999,1017
581148,997,1018
581149,992,1020
581150,990,1023
581151,991,1028
581152,993,1027
581153,994,1024
581154,991,1020
581155,984,1020
581156,983,1021
581157,989,1023
581158,984,1027
581159,985,1024
581160,986,1026
581161,984,1022
581162,983,1020
581163,987,1021
581164,988,1024
581165,988,1027
581166,986,1027
581167,985,1021
581168,985,1018
581169,985,1017
581170,990,1017
581171,989,1013
581172,987,1013
581173,983,1014
581174,984,1016
581175,984,1021
581176,988,1023
581177,991,1018
581178,988,1012
581179,986,1011
581180,985,1011
581181,987,1015
581182,988,1020
581183,985,1015
581184,983,1010
581185,982,1009
581186,980,1013
581187,986,1019
581188,990,1020
581189,991,1020
581190,989,1017
581191,985,1016
581192,983,1018
581193,985,1021
581194,988,1021
581195,988,1021
581196,985,1021
581197,983,1021
581198,983,1021
581199,985,1023
581200,989,1029
581201,990,1024
581202,987,1019
581203,986,1013
581204,982,1016
581205,985,1021
581206,991,1026
581207,987,1024
581208,985,1019
581209,979,1016
581210,979,1016
581211,982,1023
581212,984,1022
581213,986,1024
581214,984,1022
581215,983,1023
581216,980,1025
581217,982,1024
581218,984,1023
581219,983,1017
581220,981,1018
581221,979,1016
581222,979,1018
581223,980,1020
581224,983,1021
581225,982,1020
581226,983,1020
581227,983,1022
581228,980,1023
581229,984,1027
581230,987,1029
581231,988,1029
581232,987,1021
581233,980,1013
581234,980,1012
581235,982,1015
581236,983,1017
581237,984,1020
581238,985,1019
581239,980,1022
581240,983,1022
581241,989,1022
581242,989,1020
581243,990,1019
581244,989,1016
581245,985,1015
581246,986,1018
581247,990,1020
581248,993,1024
581249,995,1018
581250,991,1017
581251,994,1014
581252,999,1014
581253,1009,1010
581254,1021,1004
581255,1031,996
581256,1046,992
581257,1068,988
581258,1100,982
581259,1134,977
581260,1174,967
581261,1213,958
581262,1251,960
581263,1278,980
581264,1285,1004
581265,1268,1023
581266,1229,1027
581267,1174,1022
581268,1112,1024
581269,1048,1037
581270,994,1061
581271,965,1079
581272,960,1090
581273,966,1089
581274,976,1081
581275,982,1064
581276,983,1050
581277,989,1039
581278,992,1029
581279,989,1022
581280,985,1018
581281,977,1016
581282,974,1022
581283,974,1025
581284,977,1025
581285,975,1024
581286,974,1024
581287,971,1024
581288,968,1025
581289,969,1025
581290,969,1029
581291,970,1026
581292,971,1022
581293,968,1017
581294,969,1018
581295,968,1023
581296,971,1028
581297,972,1029
581298,970,1026
581299,969,1021
581300,971,1018
581301,972,1021
581302,977,1023
581303,975,1022
581304,974,1019
581305,972,1017
581306,972,1019
581307,973,1027
581308,973,1024
581309,974,1024
581310,971,1021
581311,971,1020
581312,969,1015
581313,973,1016
581314,975,1020
581315,974,1015
581316,969,1014
581317,967,1012
581318,966,1013
581319,969,1018
581320,975,1016
581321,976,1016
581322,974,1012
581323,975,1006
581324,977,1010
581325,979,1011
581326,979,1011
581327,982,1009
581328,978,1009
581329,976,1004
581330,977,1004
581331,979,1009
581332,983,1012
581333,984,1009
581334,984,1002
581335,980,998
581336,980,998
581337,984,998
581338,989,998
581339,992,993
581340,993,987
581341,987,984
581342,990,987
581343,993,987
581344,997,984
581345,999,978
581346,998,976
581347,996,974
581348,997,977
581349,1000,983
581350,1002,985
581351,1006,980
581352,1006,977
581353,1002,972
581354,1006,972
581355,1006,975
581356,1010,980
581357,1012,979
581358,1013,972
581359,1010,970
581360,1011,970
581361,1012,974
581362,1018,979
581363,1018,978
581364,1016,974
581365,1010,980
581366,1010,983
581367,1013,989
581368,1014,993
581369,1013,999
581370,1010,1001
581371,1006,1007
581372,1004,1008
581373,1005,1010
581374,1005,1012
581375,1004,1008
581376,1003,1010
581377,998,1010
581378,994,1017
581379,995,1022
581380,996,1027
581381,995,1028
581382,992,1028
581383,987,1027
581384,989,1033
581385,991,1035
581386,994,1035
581387,994,1029
581388,994,1027
581389,990,1027
581390,990,1031
581391,993,1036
581392,991,1037
581393,993,1035
581394,994,1031
581395,990,1028
581396,992,1028
581397,989,1030
581398,995,1028
581399,992,1026
581400,991,1022
581401,987,1023
581402,987,1028
581403,988,1032
581404,991,1032
581405,992,1029
581406,990,1021
581407,987,1018
581408,982,1018
581409,988,1021
581410,993,1025
581411,992,1023
581412,990,1019
581413,989,1020
581414,988,1022
581415,992,1028
581416,995,1026
581417,994,1025
581418,990,1025
581419,989,1023
581420,986,1028
581421,991,1030
581422,991,1033
581423,987,1030
581424,985,1026
581425,983,1025
581426,985,1029
581427,987,1030
581428,990,1029
581429,990,1028
581430,991,1029
581431,986,1030
581432,988,1030
581433,990,1032
581434,995,1030
581435,995,1025
581436,988,1019
581437,985,1018
581438,985,1023
581439,987,1030
581440,990,1035
581441,989,1032
581442,987,1030
581443,986,1024
581444,986,1026
581445,988,1027
581446,991,1025
581447,991,1024
581448,984,1023
581449,983,1023
581450,981,1023
581451,982,1028
581452,985,1030
581453,984,1030
581454,980,1025
581455,978,1022
581456,978,1022
581457,980,1024
581458,984,1027
581459,983,1028
581460,982,1025
581461,982,1030
581462,984,1033
581463,984,1032
581464,986,1031
581465,986,1029
581466,986,1029
581467,985,1028
581468,984,1029
581469,986,1033
581470,988,1033
581471,991,1033
581472,990,1031
581473,988,1036
581474,989,1034
581475,992,1033
581476,1002,1032
581477,1012,1024
581478,1019,1014
581479,1031,1010
581480,1049,1010
581481,1076,1008
581482,1104,1004
581483,1136,992
581484,1177,978
581485,1214,967
581486,1253,962
581487,1288,967
581488,1301,978
581489,1287,998
581490,1244,1010
581491,1185,1013
581492,1122,1021
581493,1058,1037
581494,1012,1053
581495,978,1061
581496,969,1058
581497,972,1052
581498,985,1045
581499,993,1036
581500,997,1032
581501,991,1028
581502,986,1024
581503,980,1023
581504,974,1026
581505,977,1030
581506,977,1035
581507,975,1032
581508,970,1029
581509,969,1025
581510,967,1029
581511,969,1032
581512,975,1038
581513,973,1037
581514,973,1035
581515,967,1035
581516,968,1037
581517,971,1033
581518,975,1032
581519,974,1029
581520,971,1030
581521,968,1032
581522,971,1033
581523,970,1030
581524,974,1033
581525,968,1034
581526,969,1034
581527,965,1035
581528,966,1035
581529,969,1039
581530,971,1040
581531,972,1040
581532,969,1038
581533,972,1034
581534,969,1031
581535,974,1033
581536,974,1033
581537,972,1031
581538,969,1026
581539,966,1025
581540,965,1024
581541,970,1027
581542,971,1029
581543,970,1029
581544,969,1024
581545,968,1021
581546,967,1025
581547,969,1024
581548,973,1024
581549,974,1019
581550,972,1012
581551,972,1012
581552,973,1011
581553,976,1013
581554,978,1015
581555,977,1013
581556,975,1011
581557,975,1011
581558,981,1011
581559,982,1012
581560,984,1016
581561,987,1013
581562,988,1009
581563,986,1009
581564,989,1012
581565,993,1017
581566,998,1013
581567,999,1006
581568,999,999
581569,999,995
581570,1001,1000
581571,1003,1002
581572,1005,1001
581573,1006,998
581574,1006,992
581575,1002,992
581576,1001,994
581577,1007,993
581578,1008,993
581579,1009,990
581580,1007,989
581581,1003,987
581582,1006,989
581583,1006,991
581584,1008,992
581585,1010,991
581586,1005,989
581587,1005,989
581588,1006,993
581589,1006,995
581590,1011,998
581591,1010,1000
581592,1009,996
581593,1002,995
581594,1004,999
581595,1006,1003
581596,1006,1003
581597,1003,1007
581598,996,1007
581599,996,1011
581600,995,1016
581601,996,1015
581602,998,1020
581603,994,1021
581604,991,1025
581605,987,1026
581606,985,1030
581607,990,1036
581608,994,1031
581609,991,1024
581610,987,1018
581611,990,1020
581612,991,1023
581613,990,1027
581614,995,1032
581615,994,1027
581616,990,1024
581617,986,1021
581618,989,1023
581619,993,1026
581620,995,1028
581621,995,1028
581622,991,1029
581623,988,1029
581624,986,1032
581625,989,1033
581626,993,1030
581627,994,1029
581628,991,1024
581629,990,1026
581630,988,1029
581631,990,1032
581632,991,1034
581633,987,1035
581634,987,1031
581635,985,1029
581636,988,1030
581637,991,1029
581638,990,1027
581639,989,1030
581640,986,1027
581641,987,1027
581642,985,1028
581643,987,1032
581644,990,1033
581645,988,1033
581646,987,1030
581647,985,1025
581648,982,1025
581649,986,1023
581650,990,1026
581651,990,1023
581652,987,1023
581653,983,1024
581654,981,1027
581655,981,1028
581656,986,1029
581657,985,1026
581658,979,1024
581659,980,1019
581660,982,1022
581661,986,1024
581662,987,1026
581663,986,1023
581664,984,1026
581665,980,1024
581666,984,1024
581667,986,1023
581668,989,1020
581669,990,1017
581670,988,1016
581671,983,1018
581672,985,1023
581673,987,1027
581674,988,1030
581675,988,1028
581676,985,1027
581677,984,1025
581678,983,1028
581679,984,1030
581680,986,1028
581681,988,1027
581682,986,1021
581683,982,1022
581684,981,1022
581685,984,1026
581686,984,1030
581687,984,1029
581688,983,1024
581689,979,1024
581690,980,1027
581691,980,1031
581692,984,1035
581693,980,1033
581694,977,1028
581695,978,1023
581696,977,1023
581697,978,1027
581698,981,1029
581699,979,1027
581700,975,1028
581701,969,1025
581702,971,1024
581703,971,1028
581704,978,1027
581705,977,1026
581706,977,1023
581707,974,1023
581708,975,1025
581709,976,1026
581710,979,1027
581711,981,1026
581712,980,1023
581713,978,1025
581714,975,1031
581715,980,1036
581716,982,1036
581717,982,1027
581718,979,1022
581719,977,1021
581720,977,1027
581721,975,1035
581722,979,1040
581723,978,1039
581724,980,1036
581725,978,1032
581726,980,1034
581727,980,1037
581728,985,1035
581729,983,1027
581730,981,1022
581731,979,1021
581732,979,1023
581733,981,1029
581734,984,1029
581735,983,1026
581736,980,1022
581737,979,1021
581738,978,1023
581739,982,1023
581740,983,1026
581741,981,1024
581742,979,1020
581743,977,1021
581744,977,1029
581745,977,1032
581746,984,1030
581747,984,1025
581748,979,1020
581749,980,1018
581750,977,1023
581751,979,1028
581752,981,1031
581753,981,1034
581754,978,1030
581755,979,1025
581756,976,1024
581757,981,1026
581758,985,1022
581759,987,1020
581760,987,1018
581761,984,1015
581762,984,1019
581763,986,1027
581764,991,1032
581765,991,1030
581766,990,1027
581767,987,1025
581768,987,1025
581769,987,1030
581770,990,1031
581771,989,1033
581772,988,1031
581773,986,1028
581774,986,1028
581775,987,1028
581776,989,1028
581777,990,1024
581778,990,1022
581779,989,1017
581780,994,1015
581781,1005,1015
581782,1016,1013
581783,1030,1012
581784,1049,1008
581785,1067,1006
581786,1097,999
581787,1133,987
581788,1168,973
581789,1206,957
581790,1242,950
581791,1277,946
581792,1294,960
581793,1285,984
581794,1244,1004
581795,1182,1013
581796,1113,1021
581797,1051,1031
581798,1006,1045
581799,985,1048
581800,984,1052
581801,989,1049
581802,996,1042
581803,999,1035
581804,997,1028
581805,993,1025
581806,990,1023
581807,990,1022
581808,982,1017
581809,979,1020
581810,976,1025
581811,975,1029
581812,976,1033
581813,975,1030
581814,973,1028
581815,972,1028
581816,970,1028
581817,973,1028
581818,969,1021
581819,970,1019
581820,967,1019
581821,964,1019
581822,965,1022
581823,966,1027
581824,968,1028
581825,967,1029
581826,964,1030
581827,959,1024
581828,960,1024
581829,962,1026
581830,968,1026
581831,966,1027
581832,964,1030
581833,964,1032
581834,966,1032
581835,964,1029
581836,969,1030
581837,969,1029
581838,966,1025
581839,965,1027
581840,965,1032
581841,969,1036
581842,972,1035
581843,971,1032
581844,968,1027
581845,969,1022
581846,970,1024
581847,974,1029
581848,977,1030
581849,978,1030
581850,972,1028
581851,972,1027
581852,973,1027
581853,974,1026
581854,980,1025
581855,980,1021
581856,978,1019
581857,977,1017
581858,976,1018
581859,978,1023
581860,981,1024
581861,983,1021
581862,978,1015
581863,981,1011
581864,981,1010
581865,984,1011
581866,988,1013
581867,987,1012
581868,982,1012
581869,983,1006
581870,985,1003
581871,990,1004
581872,996,1002
581873,993,1001
581874,992,998
581875,990,999
581876,993,1000
581877,994,1003
581878,997,1003
581879,999,1001
581880,998,993
581881,999,993
581882,1002,991
581883,1006,994
581884,1010,992
581885,1011,989
581886,1010,989
581887,1010,984
581888,1010,986
581889,1013,987
581890,1015,988
581891,1016,988
581892,1015,985
581893,1017,984
581894,1016,989
581895,1020,991
581896,1023,992
581897,1022,990
581898,1019,992
581899,1017,993
581900,1020,994
581901,1019,996
581902,1022,999
581903,1020,998
581904,1016,997
581905,1011,993
581906,1011,999
581907,1015,1002
581908,1014,1005
581909,1010,1003
581910,1009,1001
581911,1004,1003
581912,1006,1006
581913,1003,1010
581914,1005,1013
581915,1003,1016
581916,1000,1018
581917,997,1022
581918,994,1025
581919,998,1026
581920,998,1021
581921,997,1016
581922,994,1010
581923,990,1010
581924,991,1014
581925,993,1017
581926,994,1020
581927,994,1020
581928,993,1018
581929,988,1018
581930,991,1019
581931,990,1020
581932,995,1024
581933,997,1023
581934,993,1022
581935,991,1017
581936,992,1021
581937,992,1022
581938,995,1022
581939,997,1015
581940,993,1013
581941,994,1011
581942,991,1010
581943,997,1010
581944,1001,1011
581945,998,1012
581946,999,1008
581947,993,1007
581948,993,1011
581949,995,1020
581950,996,1023
581951,996,1023
581952,994,1018
581953,991,1010
581954,993,1009
581955,996,1005
581956,997,1002
581957,995,1000
581958,993,996
581959,990,996
581960,992,999
581961,994,1001
581962,992,1004
581963,992,1002
581964,988,1003
581965,987,1003
581966,984,1003
581967,987,1009
581968,991,1009
581969,988,1010
581970,986,1010
581971,983,1012
581972,983,1016
581973,984,1018
581974,987,1017
581975,987,1019
581976,985,1020
581977,983,1021
581978,983,1022
581979,986,1024
581980,987,1025
581981,987,1024
581982,983,1021
581983,984,1018
581984,984,1019
581985,989,1018
581986,991,1016
581987,988,1012
581988,987,1009
581989,984,1011
581990,986,1016
581991,986,1018
581992,986,1015
581993,987,1011
581994,985,1009
581995,984,1010
581996,983,1011
581997,988,1013
581998,991,1015
581999,987,1014
582000,984,1013
582001,982,1012
582002,982,1014
582003,985,1012
582004,987,1013
582005,985,1012
582006,982,1011
582007,981,1011
582008,981,1011
582009,986,1011
582010,986,1013
582011,987,1014
582012,984,1010
582013,981,1011
582014,980,1015
582015,981,1018
582016,987,1017
582017,988,1013
582018,983,1012
582019,980,1009
582020,979,1014
582021,980,1016
582022,982,1018
582023,982,1016
582024,976,1010
582025,980,1010
582026,982,1013
582027,984,1015
582028,989,1014
582029,988,1015
582030,985,1013
582031,985,1015
582032,983,1018
582033,989,1025
582034,993,1028
582035,992,1027
582036,994,1021
582037,993,1010
582038,1002,1007
582039,1012,1007
582040,1023,1008
582041,1037,1000
582042,1053,993
582043,1073,987
582044,1102,978
582045,1139,969
582046,1177,958
582047,1213,948
582048,1245,948
582049,1267,959
582050,1272,977
582051,1257,998
582052,1228,1006
582053,1177,1006
582054,1123,1010
582055,1067,1023
582056,1013,1042
582057,976,1060
582058,961,1069
582059,962,1073
582060,968,1067
582061,974,1054
582062,980,1043
582063,988,1036
582064,992,1027
582065,986,1020
582066,981,1015
582067,978,1014
582068,976,1016
582069,978,1017
582070,975,1015
582071,976,1013
582072,967,1013
582073,968,1013
582074,968,1016
582075,971,1018
582076,975,1018
582077,968,1016
582078,967,1016
582079,964,1016
582080,962,1018
582081,967,1020
582082,968,1019
582083,967,1018
582084,965,1015
582085,962,1014
582086,963,1019
582087,966,1021
582088,971,1022
582089,971,1016
582090,970,1011
582091,966,1010
582092,965,1014
582093,965,1014
582094,967,1018
582095,968,1019
582096,965,1017
582097,965,1015
582098,967,1014
582099,968,1015
582100,971,1016
582101,969,1015
582102,967,1015
582103,964,1015
582104,964,1015
582105,965,1011
582106,972,1003
582107,973,996
582108,970,991
582109,968,991
582110,970,993
582111,972,999
582112,978,999
582113,974,997
582114,976,994
582115,969,995
582116,969,996
582117,974,1001
582118,976,1004
582119,975,1005
582120,972,995
582121,971,991
582122,972,989
582123,978,991
582124,981,991
582125,981,992
582126,976,985
582127,978,985
582128,975,985
582129,980,985
582130,985,986
582131,986,981
582132,986,976
582133,984,970
582134,985,973
582135,986,975
582136,990,975
582137,992,970
582138,989,967
582139,987,963
582140,988,967
582141,991,968
582142,993,969
582143,995,970
582144,992,971
582145,994,971
582146,993,969
582147,999,970
582148,1002,969
582149,1000,970
582150,1002,970
582151,1002,971
582152,1004,970
582153,1008,965
582154,1012,961
582155,1011,959
582156,1013,960
582157,1011,961
582158,1012,964
582159,1014,969
582160,1015,973
582161,1012,974
582162,1009,974
582163,1008,975
582164,1006,976
582165,1005,982
582166,1008,983
582167,1004,983
582168,1000,983
582169,996,988
582170,996,993
582171,997,1000
582172,997,1001
582173,998,1000
582174,993,997
582175,987,1001
582176,988,1004
582177,990,1008
582178,990,1011
582179,992,1012
582180,989,1010
582181,985,1012
582182,982,1014
582183,984,1020
582184,992,1021
582185,991,1017
582186,988,1013
582187,988,1014
582188,987,1017
582189,986,1018
582190,990,1020
582191,989,1019
582192,988,1019
582193,987,1017
582194,985,1017
582195,989,1016
582196,993,1015
582197,993,1015
582198,991,1014
582199,989,1014
582200,989,1015
582201,990,1014
582202,989,1015
582203,989,1013
582204,989,1010
582205,988,1010
582206,988,1009
582207,992,1011
582208,989,1009
582209,990,1007
582210,985,1003
582211,984,1007
582212,989,1008
582213,991,1013
582214,992,1014
582215,987,1012
582216,986,1006
582217,988,1006
582218,986,1009
582219,988,1012
582220,990,1015
582221,990,1016
582222,986,1011
582223,983,1012
582224,983,1010
582225,985,1009
582226,988,1010
582227,989,1012
582228,985,1010
582229,985,1013
582230,985,1019
582231,988,1024
582232,989,1023
582233,986,1020
582234,984,1017
582235,983,1016
582236,985,1019
582237,986,1019
582238,988,1017
582239,987,1013
582240,984,1011
582241,980,1012
582242,983,1017
582243,985,1024
582244,987,1025
582245,989,1017
582246,988,1010
582247,986,1005
582248,986,1008
582249,988,1011
582250,990,1010
582251,987,1008
582252,987,1009
582253,983,1008
582254,982,1010
582255,985,1016
582256,988,1014
582257,989,1013
582258,986,1009
582259,985,1006
582260,984,1006
582261,988,1011
582262,987,1011
582263,986,1011
582264,984,1006
582265,983,1007
582266,983,1011
582267,985,1014
582268,984,1016
582269,985,1016
582270,983,1014
582271,980,1015
582272,983,1019
582273,983,1018
582274,989,1019
582275,986,1018
582276,983,1014
582277,984,1017
582278,983,1021
582279,983,1023
582280,992,1023
582281,989,1018
582282,985,1017
582283,982,1016
582284,984,1018
582285,986,1020
582286,991,1019
582287,990,1017
582288,989,1015
582289,985,1015
582290,983,1018
582291,985,1021
582292,988,1022
582293,991,1020
582294,987,1020
582295,983,1021
582296,984,1026
582297,986,1031
582298,988,1029
582299,991,1025
582300,988,1021
582301,987,1015
582302,983,1020
582303,985,1027
582304,987,1026
582305,988,1022
582306,988,1015
582307,984,1010
582308,983,1010
582309,984,1011
582310,992,1012
582311,988,1012
582312,987,1010
582313,985,1008
582314,987,1008
582315,990,1007
582316,994,1006
582317,992,1003
582318,990,1001
582319,985,1001
582320,987,1005
582321,992,1010
582322,991,1012
582323,991,1012
582324,988,1010
582325,988,1013
582326,988,1014
582327,993,1018
582328,993,1020
582329,994,1019
582330,993,1015
582331,989,1016
582332,991,1018
582333,993,1019
582334,993,1020
582335,993,1018
582336,994,1014
582337,992,1015
582338,992,1018
582339,997,1022
582340,1000,1023
582341,997,1022
582342,996,1025
582343,995,1027
582344,997,1026
582345,1000,1023
582346,1005,1022
582347,1003,1018
582348,1005,1013
582349,1007,1007
582350,1011,1007
582351,1023,1005
582352,1035,1002
582353,1047,995
582354,1059,992
582355,1074,987
582356,1102,983
582357,1129,976
582358,1161,961
582359,1197,949
582360,1227,945
582361,1258,948
582362,1278,964
582363,1282,987
582364,1269,1006
582365,1230,1012
582366,1179,1014
582367,1127,1016
582368,1075,1032
582369,1031,1047
582370,997,1060
582371,977,1070
582372,974,1072
582373,978,1068
582374,984,1058
582375,995,1049
582376,998,1039
582377,996,1032
582378,990,1023
582379,986,1019
582380,982,1020
582381,983,1025
582382,984,1026
582383,983,1027
582384,979,1023
582385,975,1021
582386,976,1019
582387,976,1020
582388,978,1020
582389,977,1020
582390,974,1020
582391,968,1020
582392,973,1028
582393,974,1030
582394,978,1029
582395,976,1025
582396,973,1022
582397,972,1019
582398,973,1019
582399,977,1023
582400,977,1020
582401,977,1023
582402,974,1018
582403,973,1015
582404,974,1014
582405,977,1012
582406,976,1013
582407,977,1011
582408,974,1008
582409,970,1005
582410,971,1008
582411,973,1008
582412,977,1009
582413,973,1006
582414,973,1001
582415,974,1002
582416,974,1006
582417,977,1008
582418,981,1007
582419,979,1010
582420,975,1008
582421,973,1010
582422,976,1012
582423,978,1014
582424,978,1015
582425,978,1013
582426,975,1013
582427,974,1013
582428,972,1016
582429,977,1018
582430,982,1015
582431,980,1010
582432,981,1004
582433,980,1003
582434,981,1008
582435,985,1011
582436,986,1010
582437,987,1003
582438,987,1001
582439,985,999
582440,988,1004
582441,990,1003
582442,994,1004
582443,996,999
582444,994,995
582445,991,996
582446,995,997
582447,998,995
582448,1003,992
582449,1004,982
582450,1005,975
582451,1004,974
582452,1005,974
582453,1004,977
582454,1010,976
582455,1011,975
582456,1007,970
582457,1008,968
582458,1009,970
582459,1009,973
582460,1012,974
582461,1013,975
582462,1010,973
582463,1011,968
582464,1011,974
582465,1014,978
582466,1018,978
582467,1019,977
582468,1017,972
582469,1013,972
582470,1016,975
582471,1020,979
582472,1024,982
582473,1024,980
582474,1023,978
582475,1019,979
582476,1017,981
582477,1019,985
582478,1018,986
582479,1017,990
582480,1012,988
582481,1009,990
582482,1008,989
582483,1012,997
582484,1015,1000
582485,1012,1005
582486,1007,1001
582487,1004,1004
582488,1001,1007
582489,1006,1008
582490,1010,1007
582491,1006,1007
582492,1004,1003
582493,1002,1006
582494,1002,1008
582495,1001,1015
582496,1002,1016
582497,1003,1016
582498,1002,1015
582499,998,1014
582500,999,1019
582501,1000,1021
582502,1007,1020
582503,1004,1019
582504,1000,1018
582505,1000,1016
582506,1001,1019
582507,1002,1020
582508,1004,1023
582509,1001,1024
582510,998,1022
582511,995,1023
582512,998,1024
582513,1002,1023
582514,1007,1021
582515,1003,1020
582516,1000,1016
582517,1001,1015
582518,1001,1015
582519,1004,1016
582520,1006,1015
582521,1004,1014
582522,1000,1013
582523,998,1016
582524,998,1020
582525,1001,1021
582526,1003,1024
582527,1004,1016
582528,999,1012
582529,998,1007
582530,999,1010
582531,999,1013
582532,999,1013
582533,997,1011
582534,996,1010
582535,996,1010
582536,997,1007
582537,999,1008
582538,1002,1007
582539,1002,1011
582540,998,1010
582541,994,1008
582542,994,1005
582543,996,1010
582544,1000,1008
582545,1000,1007
582546,996,1002
582547,993,1004
582548,992,1007
582549,996,1011
582550,998,1009
582551,1000,1009
582552,998,1007
582553,995,1011
582554,997,1015
582555,995,1018
582556,999,1019
582557,997,1018
582558,996,1016
582559,993,1019
582560,994,1021
582561,997,1024
582562,997,1024
582563,997,1017
582564,994,1013
582565,990,1015
582566,991,1017
582567,994,1020
582568,999,1019
582569,1000,1019
582570,995,1017
582571,992,1014
582572,990,1016
582573,993,1018
582574,998,1019
582575,995,1019
582576,993,1015
582577,991,1016
582578,992,1019
582579,994,1021
582580,993,1021
582581,994,1018
582582,994,1011
582583,992,1009
582584,995,1008
582585,998,1013
582586,999,1014
582587,997,1013
582588,993,1013
582589,990,1017
582590,990,1020
582591,994,1022
582592,996,1023
582593,999,1019
582594,995,1015
582595,993,1010
582596,991,1014
582597,993,1019
582598,994,1023
582599,994,1021
582600,994,1020
582601,991,1019
582602,992,1022
582603,994,1023
582604,1001,1024
582605,1001,1022
582606,998,1018
582607,995,1019
582608,995,1023
582609,999,1030
582610,1003,1031
582611,1003,1028
582612,1000,1027
582613,1002,1024
582614,1003,1021
582615,1008,1017
582616,1010,1014
582617,1015,1006
582618,1013,1002
582619,1018,998
582620,1024,996
582621,1039,997
582622,1055,997
582623,1075,992
582624,1099,985
582625,1126,975
582626,1166,964
582627,1204,958
582628,1241,950
582629,1275,949
582630,1299,956
582631,1301,975
582632,1281,995
582633,1242,1006
582634,1197,1010
582635,1135,1017
582636,1074,1028
582637,1016,1047
582638,979,1060
582639,972,1071
582640,983,1072
582641,993,1061
582642,996,1045
582643,999,1036
582644,1000,1034
582645,999,1035
582646,1000,1034
582647,995,1027
582648,991,1020
582649,988,1019
582650,990,1023
582651,988,1027
582652,990,1026
582653,986,1026
582654,984,1021
582655,981,1024
582656,980,1023
582657,981,1024
582658,987,1025
582659,983,1021
582660,982,1016
582661,979,1016
582662,982,1019
582663,982,1022
582664,985,1026
582665,986,1023
582666,982,1017
582667,981,1018
582668,980,1018
582669,976,1015
582670,980,1013
582671,979,1012
582672,977,1011
582673,974,1015
582674,978,1020
582675,978,1023
582676,982,1019
582677,983,1015
582678,983,1011
582679,978,1010
582680,978,1014
582681,979,1020
582682,983,1020
582683,981,1015
582684,982,1014
582685,980,1014
582686,982,1019
582687,983,1022
582688,987,1023
582689,985,1024
582690,982,1026
582691,982,1027
582692,984,1028
582693,987,1029
582694,988,1026
582695,989,1022
582696,989,1015
582697,987,1011
582698,989,1010
582699,990,1010
582700,994,1008
582701,995,1006
582702,995,1004
582703,991,1002
582704,991,1003
582705,996,1006
582706,997,1003
582707,1002,1000
582708,1002,996
582709,1001,994
582710,1001,994
582711,1005,992
582712,1007,989
582713,1008,986
582714,1005,979
582715,1002,979
582716,1007,980
582717,1008,981
582718,1012,981
582719,1010,980
582720,1006,976
582721,1003,975
582722,1005,980
582723,1010,981
582724,1011,982
582725,1012,977
582726,1012,974
582727,1010,975
582728,1010,978
582729,1016,978
582730,1017,982
582731,1016,983
582732,1018,987
582733,1016,987
582734,1017,990
582735,1021,989
582736,1021,992
582737,1021,992
582738,1019,993
582739,1019,991
582740,1018,991
582741,1021,994
582742,1024,995
582743,1023,994
582744,1020,995
582745,1013,995
582746,1014,1001
582747,1015,1005
582748,1016,1008
582749,1014,1009
582750,1011,1008
582751,1006,1011
582752,1007,1015
582753,1005,1013
582754,1008,1011
582755,1007,1008
582756,1003,1011
582757,999,1012
582758,998,1015
582759,1000,1022
582760,998,1028
582761,999,1029
582762,994,1026
582763,992,1025
582764,992,1027
582765,995,1027
582766,996,1024
582767,997,1020
582768,995,1018
582769,993,1018
582770,992,1019
582771,995,1022
582772,995,1020
582773,994,1019
582774,993,1017
582775,993,1015
582776,996,1023
582777,994,1029
582778,996,1028
582779,993,1026
582780,990,1023
582781,989,1019
582782,989,1022
582783,995,1026
582784,1000,1025
582785,1000,1028
582786,999,1025
582787,995,1027
582788,996,1025
582789,995,1028
582790,999,1025
582791,997,1023
582792,995,1020
582793,992,1021
582794,995,1023
582795,997,1026
582796,999,1029
582797,1000,1027
582798,993,1028
582799,992,1025
582800,995,1025
582801,997,1026
582802,1001,1025
582803,1000,1023
582804,994,1019
582805,992,1020
582806,993,1022
582807,993,1027
582808,996,1024
582809,997,1024
582810,992,1020
582811,992,1021
582812,993,1022
582813,994,1024
582814,996,1022
582815,995,1025
582816,993,1024
582817,988,1029
582818,990,1028
582819,991,1026
582820,996,1018
582821,997,1010
582822,993,1011
582823,991,1013
582824,992,1020
582825,993,1022
582826,996,1023
582827,996,1023
582828,992,1022
582829,990,1023
582830,989,1026
582831,991,1029
582832,995,1029
582833,995,1027
582834,992,1026
582835,987,1026
582836,992,1024
582837,996,1027
582838,997,1029
582839,994,1028
582840,992,1026
582841,990,1027
582842,992,1028
582843,995,1031
582844,996,1031
582845,995,1030
582846,993,1030
582847,990,1029
582848,993,1033
582849,993,1034
582850,996,1031
582851,997,1028
582852,996,1026
582853,995,1022
582854,994,1022
582855,998,1021
582856,1001,1020
582857,1004,1018
582858,1006,1015
582859,1012,1012
582860,1026,1009
582861,1042,1008
582862,1061,1001
582863,1084,996
582864,1106,990
582865,1135,978
582866,1172,970
582867,1207,963
582868,1241,955
582869,1271,952
582870,1292,954
582871,1291,970
582872,1268,992
582873,1227,1004
582874,1179,1008
582875,1118,1015
582876,1062,1026
582877,1013,1043
582878,985,1055
582879,980,1065
582880,985,1064
582881,993,1056
582882,999,1044
582883,1000,1036
582884,1003,1031
582885,1002,1032
582886,999,1028
582887,992,1026
582888,988,1021
582889,985,1020
582890,982,1028
582891,983,1033
582892,985,1032
582893,983,1029
582894,980,1026
582895,976,1027
582896,975,1030
582897,976,1031
582898,979,1030
582899,979,1024
582900,973,1021
582901,970,1026
582902,972,1031
582903,973,1032
582904,977,1031
582905,977,1028
582906,975,1025
582907,971,1023
582908,974,1025
582909,975,1026
582910,978,1027
582911,979,1024
582912,978,1024
582913,975,1025
582914,975,1027
582915,981,1029
582916,982,1031
582917,982,1028
582918,980,1027
582919,978,1021
582920,975,1022
582921,978,1019
582922,982,1018
582923,981,1014
582924,979,1013
582925,976,1016
582926,975,1018
582927,980,1023
582928,980,1025
582929,976,1023
582930,974,1019
582931,973,1020
582932,978,1020
582933,978,1023
582934,983,1022
582935,981,1017
582936,980,1014
582937,978,1012
582938,977,1017
582939,980,1016
582940,989,1015
582941,986,1013
582942,983,1008
582943,985,1009
582944,985,1013
582945,990,1016
582946,993,1015
582947,996,1011
582948,993,1007
582949,991,1001
582950,994,1000
582951,992,1001
582952,1002,996
582953,1001,991
582954,999,989
582955,998,994
582956,1003,994
582957,1002,994
582958,1008,989
582959,1011,988
582960,1007,983
582961,1005,984
582962,1007,984
582963,1013,987
582964,1015,985
582965,1014,981
582966,1010,975
582967,1012,976
582968,1011,977
582969,1017,983
582970,1019,980
582971,1020,979
582972,1016,978
582973,1017,979
582974,1018,983
582975,1022,985
582976,1023,987
582977,1019,985
582978,1014,985
582979,1011,990
582980,1011,992
582981,1012,999
582982,1014,1003
582983,1009,1004
582984,1005,1004
582985,1003,1006
582986,1004,1014
582987,1003,1021
582988,1005,1020
582989,1004,1017
582990,1002,1016
582991,995,1015
582992,996,1020
582993,997,1026
582994,998,1029
582995,996,1029
582996,994,1027
582997,992,1028
582998,990,1032
582999,992,1033
583000,997,1033
583001,994,1030
583002,995,1026
583003,992,1025
583004,992,1025
583005,995,1028
583006,996,1028
583007,996,1024
583008,990,1022
583009,989,1021
583010,989,1024
583011,995,1026
583012,998,1026
583013,994,1022
583014,990,1021
583015,990,1021
583016,991,1024
583017,991,1025
583018,994,1024
583019,992,1025
583020,991,1021
583021,990,1018
583022,991,1019
583023,992,1020
583024,998,1020
583025,996,1018
583026,995,1012
583027,990,1012
583028,993,1015
583029,994,1017
583030,997,1019
583031,993,1020
583032,993,1019
583033,991,1020
583034,991,1023
583035,992,1028
583036,993,1026
583037,992,1022
583038,989,1018
583039,986,1020
583040,986,1022
583041,989,1025
583042,990,1022
583043,986,1021
583044,986,1013
583045,982,1011
583046,983,1014
583047,984,1020
583048,990,1022
583049,986,1021
583050,983,1017
583051,980,1016
583052,983,1020
583053,987,1021
583054,989,1019
583055,987,1019
583056,984,1019
583057,982,1022
583058,983,1024
583059,986,1026
583060,989,1023
583061,987,1020
583062,984,1014
583063,982,1013
583064,981,1019
583065,984,1024
583066,984,1027
583067,985,1027
583068,983,1027
583069,977,1026
583070,978,1028
583071,983,1032
583072,984,1030
583073,985,1027
583074,983,1024
583075,979,1024
583076,983,1027
583077,985,1027
583078,992,1026
583079,992,1022
583080,987,1019
583081,984,1017
583082,990,1020
583083,991,1023
583084,992,1023
583085,995,1020
583086,997,1015
583087,1004,1012
583088,1014,1009
583089,1027,1010
583090,1043,1005
583091,1058,1000
583092,1081,994
583093,1105,985
583094,1140,974
583095,1180,967
583096,1219,962
583097,1252,965
583098,1269,977
583099,1270,1002
583100,1251,1020
583101,1215,1029
583102,1164,1028
583103,1107,1031
583104,1046,1044
583105,1000,1058
583106,971,1069
583107,966,1077
583108,976,1070
583109,983,1055
583110,986,1041
583111,986,1032
583112,984,1029
583113,981,1028
583114,977,1025
583115,976,1022
583116,970,1017
583117,966,1018
583118,964,1022
583119,964,1027
583120,968,1026
583121,966,1021
583122,961,1017
583123,959,1016
583124,960,1018
583125,962,1020
583126,963,1020
583127,962,1018
583128,958,1017
583129,955,1019
583130,955,1026
583131,954,1027
583132,956,1029
583133,959,1024
583134,955,1020
583135,952,1018
583136,951,1020
583137,954,1023
583138,959,1024
583139,956,1021
583140,954,1025
583141,953,1027
583142,954,1031
583143,957,1025
583144,959,1017
583145,956,1013
583146,956,1010
583147,956,1013
583148,958,1018
583149,962,1023
583150,963,1024
583151,962,1019
583152,962,1013
583153,963,1012
583154,964,1012
583155,967,1015
583156,969,1012
583157,966,1014
583158,965,1012
583159,963,1014
583160,963,1015
583161,967,1013
583162,969,1009
583163,967,1007
583164,966,1004
583165,962,1003
583166,964,1002
583167,966,1001
583168,968,1000
583169,968,1000
583170,968,993
583171,967,995
583172,968,992
583173,971,992
583174,976,989
583175,973,986
583176,972,982
583177,972,982
583178,971,984
583179,975,986
583180,977,982
583181,977,978
583182,973,975
583183,973,972
583184,972,978
583185,977,979
583186,982,982
583187,985,977
583188,982,974
583189,980,971
583190,984,971
583191,990,972
583192,992,970
583193,992,970
583194,990,967
583195,990,970
583196,991,974
583197,995,979
583198,1000,979
583199,996,978
583200,992,975
583201,992,976
583202,993,983
583203,997,988
583204,999,988
583205,998,989
583206,992,988
583207,989,986
583208,987,990
583209,990,998
583210,989,1002
583211,987,999
583212,984,998
583213,981,998
583214,982,1005
583215,982,1008
583216,984,1008
583217,980,1007
583218,977,1010
583219,972,1011
583220,973,1013
583221,975,1015
583222,975,1018
583223,971,1013
583224,971,1012
583225,967,1016
583226,970,1019
583227,971,1023
583228,972,1022
583229,969,1019
583230,968,1017
583231,965,1016
583232,967,1021
583233,967,1026
583234,969,1028
583235,971,1025
583236,969,1023
583237,969,1020
583238,968,1020
583239,970,1024
583240,973,1027
583241,971,1028
583242,968,1025
583243,967,1021
583244,970,1020
583245,972,1024
583246,975,1024
583247,975,1021
583248,970,1018
583249,971,1018
583250,971,1016
583251,972,1017
583252,974,1020
583253,974,1019
583254,970,1017
583255,970,1015
583256,968,1017
583257,971,1018
583258,975,1017
583259,971,1016
583260,968,1014
583261,969,1016
583262,969,1016
583263,972,1018
583264,974,1017
583265,974,1018
583266,969,1019
583267,967,1023
583268,969,1020
583269,972,1016
583270,973,1014
583271,971,1008
583272,969,1006
583273,968,1009
583274,969,1012
583275,969,1016
583276,969,1018
583277,964,1017
583278,963,1017
583279,960,1020
583280,962,1025
583281,965,1028
583282,968,1023
583283,965,1017
583284,962,1012
583285,960,1008
583286,960,1014
583287,962,1017
583288,966,1018
583289,963,1014
583290,957,1014
583291,957,1016
583292,961,1017
583293,963,1021
583294,966,1019
583295,964,1019
583296,960,1019
583297,962,1021
583298,964,1023
583299,967,1023
583300,965,1025
583301,962,1021
583302,965,1021
583303,963,1021
583304,967,1020
583305,972,1022
583306,973,1018
583307,974,1015
583308,974,1009
583309,976,1009
583310,981,1009
583311,992,1012
583312,1005,1009
583313,1015,1004
583314,1032,997
583315,1055,992
583316,1088,981
583317,1123,973
583318,1165,965
583319,1197,964
583320,1221,973
583321,1235,999
583322,1229,1020
583323,1212,1030
583324,1171,1027
583325,1115,1030
583326,1055,1044
583327,995,1066
583328,956,1082
583329,941,1088
583330,952,1084
583331,960,1071
583332,963,1051
583333,962,1037
583334,965,1029
583335,965,1026
583336,964,1023
583337,962,1022
583338,957,1018
583339,952,1020
583340,952,1023
583341,953,1020
583342,955,1018
583343,951,1015
583344,951,1013
583345,949,1016
583346,951,1020
583347,954,1021
583348,958,1022
583349,954,1019
583350,951,1016
583351,950,1015
583352,950,1017
583353,955,1019
583354,955,1020
583355,951,1017
583356,948,1019
583357,948,1022
583358,948,1023
583359,949,1024
583360,950,1022
583361,949,1020
583362,947,1014
583363,945,1013
583364,947,1014
583365,948,1018
583366,949,1017
583367,949,1014
583368,946,1009
583369,945,1013
583370,945,1015
583371,945,1016
583372,946,1012
583373,949,1006
583374,946,1003
583375,947,1005
583376,948,1004
583377,950,1006
583378,953,1004
583379,952,1003
583380,952,1000
583381,949,1000
583382,952,1005
583383,956,1009
583384,959,1009
583385,957,1007
583386,955,1005
583387,953,1003
583388,956,1007
583389,961,1008
583390,964,1004
583391,963,999
583392,960,992
583393,962,991
583394,963,990
583395,963,989
583396,966,988
583397,967,988
583398,964,986
583399,965,987
583400,966,984
583401,970,981
583402,970,980
583403,970,979
583404,968,977
583405,968,975
583406,968,975
583407,970,976
583408,971,975
583409,971,972
583410,968,967
583411,967,965
583412,969,968
583413,973,969
583414,973,968
583415,973,968
583416,972,967
583417,971,966
583418,974,973
583419,977,976
583420,977,980
583421,978,978
583422,978,978
583423,975,979
583424,977,985
583425,979,991
583426,981,992
583427,980,991
583428,975,989
583429,974,992
583430,977,996
583431,980,1007
583432,981,1010
583433,978,1013
583434,974,1009
583435,969,1010
583436,972,1014
583437,977,1016
583438,979,1014
583439,977,1011
583440,971,1013
583441,967,1019
583442,971,1022
583443,971,1027
583444,972,1029
583445,966,1028
583446,965,1023
583447,962,1023
583448,966,1026
583449,969,1032
583450,970,1033
583451,968,1033
583452,967,1032
583453,965,1030
583454,966,1029
583455,971,1029
583456,972,1028
583457,974,1020
583458,970,1019
583459,966,1019
583460,968,1021
583461,969,1021
583462,972,1022
583463,972,1023
583464,966,1021
583465,968,1020
583466,967,1025
583467,971,1024
583468,977,1023
583469,974,1019
583470,973,1019
583471,966,1022
583472,966,1025
583473,971,1025
583474,974,1020
583475,973,1018
583476,969,1012
583477,967,1016
583478,968,1018
583479,972,1023
583480,972,1022
583481,972,1017
583482,970,1016
583483,966,1017
583484,968,1021
583485,965,1023
583486,970,1025
583487,969,1026
583488,971,1023
583489,968,1024
583490,971,1026
583491,969,1027
583492,970,1028
583493,967,1028
583494,963,1028
583495,966,1026
583496,966,1029
583497,970,1028
583498,970,1030
583499,972,1028
583500,965,1028
583501,964,1030
583502,968,1037
583503,971,1040
583504,974,1038
583505,972,1032
583506,969,1027
583507,969,1024
583508,967,1026
583509,970,1025
583510,972,1026
583511,972,1025
583512,970,1024
583513,967,1025
583514,971,1030
583515,970,1034
583516,976,1031
583517,973,1025
583518,973,1022
583519,969,1023
583520,973,1024
583521,976,1020
583522,985,1017
583523,990,1011
583524,1000,1010
583525,1008,1008
583526,1030,1007
583527,1056,1000
583528,1084,987
583529,1118,979
583530,1150,972
583531,1186,981
583532,1219,997
583533,1238,1015
583534,1237,1027
583535,1209,1027
583536,1165,1023
583537,1115,1032
583538,1062,1051
583539,1016,1070
583540,976,1081
583541,958,1084
583542,954,1080
583543,961,1065
583544,970,1052
583545,975,1043
583546,976,1035
583547,972,1028
583548,965,1024
583549,958,1027
583550,959,1035
583551,960,1037
583552,960,1037
583553,958,1034
583554,952,1030
583555,950,1026
583556,949,1024
583557,955,1025
583558,955,1023
583559,952,1022
583560,953,1021
583561,950,1023
583562,950,1026
583563,952,1031
583564,955,1029
583565,954,1027
583566,949,1024
583567,944,1022
583568,950,1023
583569,950,1026
583570,951,1030
583571,953,1026
583572,951,1024
583573,946,1023
583574,948,1025
583575,950,1027
583576,953,1030
583577,950,1028
583578,947,1027
583579,943,1031
583580,945,1038
583581,944,1042
583582,950,1036
583583,951,1029
583584,948,1026
583585,947,1025
583586,948,1026
583587,948,1031
583588,954,1028
583589,952,1026
583590,949,1019
583591,950,1018
583592,954,1022
583593,958,1023
583594,958,1024
583595,959,1022
583596,954,1021
583597,955,1021
583598,957,1022
583599,959,1022
583600,965,1022
583601,965,1013
583602,961,1011
583603,961,1011
583604,963,1013
583605,966,1012
583606,972,1008
583607,972,1004
583608,972,997
583609,968,992
583610,971,994
583611,974,997
583612,979,993
583613,979,989
583614,977,985
583615,976,983
583616,978,985
583617,982,988
583618,982,988
583619,981,988
583620,979,984
583621,979,983
583622,985,986
583623,988,989
583624,991,983
583625,990,979
583626,989,976
583627,988,975
583628,991,982
583629,990,991
583630,996,993
583631,994,991
583632,992,990
583633,991,994
583634,994,994
583635,996,995
583636,997,994
583637,994,993
583638,994,1000
583639,989,1002
583640,989,1009
583641,992,1016
583642,994,1015
583643,989,1017
583644,985,1019
583645,982,1022
583646,984,1027
583647,985,1030
583648,985,1028
583649,984,1026
583650,980,1026
583651,977,1026
583652,972,1029
583653,975,1030
583654,978,1029
583655,980,1028
583656,978,1027
583657,977,1027
583658,977,1029
583659,981,1033
583660,981,1030
583661,983,1030
583662,983,1029
583663,981,1027
583664,984,1029
583665,987,1032
583666,992,1033
583667,995,1033
583668,998,1035
583669,1000,1034
583670,1007,1037
583671,1012,1035
583672,1017,1037
583673,1015,1037
583674,1017,1038
583675,1023,1040
583676,1039,1034
583677,1053,1029
583678,1069,1012
583679,1078,995
583680,1087,976
583681,1102,963
583682,1117,947
583683,1134,932
583684,1153,912
583685,1169,888
583686,1185,861
583687,1201,838
583688,1218,821
583689,1232,809
583690,1243,797
583691,1244,787
583692,1243,780
583693,1239,783
583694,1238,788
583695,1235,787
583696,1227,783
583697,1209,780
583698,1186,777
583699,1162,787
583700,1140,798
583701,1117,809
583702,1096,816
583703,1072,825
583704,1047,835
583705,1036,853
583706,1030,869
583707,1033,889
583708,1031,905
583709,1025,917
583710,1021,925
583711,1022,935
583712,1031,949
583713,1044,960
583714,1061,971
583715,1073,970
583716,1073,970
583717,1059,974
583718,1037,981
583719,1005,999
583720,975,1011
583721,952,1023
583722,935,1037
583723,925,1052
583724,921,1070
583725,919,1080
583726,914,1087
583727,911,1090
583728,903,1086
583729,894,1088
583730,893,1090
583731,896,1097
583732,895,1095
583733,892,1094
583734,887,1092
583735,883,1096
583736,881,1099
583737,881,1102
583738,882,1103
583739,881,1104
583740,877,1104
583741,873,1108
583742,873,1114
583743,877,1119
583744,876,1123
583745,875,1124
583746,871,1124
583747,867,1128
583748,865,1131
583749,868,1135
583750,872,1134
583751,874,1131
583752,868,1130
583753,866,1129
583754,867,1136
583755,868,1143
583756,874,1147
583757,872,1144
583758,867,1146
583759,866,1151
583760,869,1160
583761,871,1167
583762,874,1171
583763,873,1168
583764,876,1164
583765,873,1165
583766,875,1172
583767,877,1177
583768,881,1181
583769,882,1180
583770,879,1177
583771,880,1173
583772,883,1177
583773,887,1178
583774,890,1180
583775,893,1179
583776,891,1178
583777,891,1177
583778,897,1176
583779,898,1173
583780,903,1167
583781,907,1160
583782,909,1156
583783,910,1157
583784,912,1157
583785,917,1160
583786,924,1154
583787,922,1150
583788,921,1145
583789,923,1147
583790,927,1145
583791,933,1143
583792,935,1132
583793,937,1123
583794,938,1117
583795,935,1119
583796,941,1117
583797,945,1116
583798,950,1111
583799,952,1102
583800,949,1096
583801,950,1093
583802,953,1094
583803,956,1092
583804,960,1081
583805,959,1067
583806,958,1056
583807,958,1052
583808,959,1055
583809,962,1056
583810,966,1054
583811,963,1053
583812,963,1048
583813,961,1049
583814,963,1047
583815,966,1047
583816,966,1041
583817,964,1036
583818,960,1032
583819,962,1032
583820,961,1034
583821,963,1036
583822,965,1036
583823,963,1033
583824,962,1033
583825,958,1033
583826,963,1032
583827,967,1034
583828,970,1026
583829,966,1026
583830,966,1026
583831,965,1030
583832,963,1033
583833,964,1035
583834,963,1032
583835,964,1031
583836,965,1028
583837,962,1033
583838,962,1031
583839,967,1031
583840,969,1029
583841,969,1026
583842,967,1022
583843,966,1025
583844,965,1028
583845,969,1030
583846,971,1027
583847,968,1023
583848,971,1021
583849,970,1023
583850,973,1026
583851,976,1027
583852,978,1024
583853,979,1021
583854,976,1019
583855,975,1021
583856,976,1028
583857,977,1031
583858,980,1031
583859,975,1030
583860,972,1025
583861,971,1025
583862,974,1027
583863,977,1026
583864,976,1026
583865,972,1027
583866,966,1025
583867,967,1025
583868,967,1025
583869,972,1027
583870,971,1024
583871,971,1021
583872,969,1024
583873,968,1025
583874,967,1028
583875,970,1028
583876,973,1020
583877,972,1017
583878,971,1016
583879,968,1018
583880,968,1022
583881,973,1026
583882,976,1028
583883,973,1025
583884,968,1021
583885,967,1024
583886,969,1029
583887,970,1036
583888,972,1031
583889,973,1025
583890,970,1021
583891,969,1020
583892,970,1026
583893,973,1026
583894,976,1024
583895,975,1019
583896,972,1018
583897,971,1019
583898,971,1026
583899,977,1030
583900,978,1028
583901,976,1023
583902,973,1020
583903,973,1020
583904,974,1025
583905,974,1030
583906,978,1032
583907,972,1028
583908,971,1027
583909,970,1030
583910,971,1032
583911,974,1036
583912,973,1033
583913,971,1026
583914,969,1023
583915,968,1024
583916,969,1027
583917,972,1030
583918,975,1025
583919,973,1024
583920,971,1022
583921,969,1026
583922,971,1029
583923,974,1030
583924,973,1029
583925,975,1025
583926,971,1018
583927,970,1014
583928,973,1017
583929,973,1019
583930,972,1017
583931,973,1017
583932,970,1017
583933,970,1019
583934,969,1023
583935,971,1027
583936,973,1029
583937,970,1025
583938,968,1026
583939,969,1020
583940,970,1019
583941,973,1019
583942,974,1022
583943,973,1024
583944,969,1024
583945,969,1024
583946,971,1029
583947,973,1031
583948,973,1030
583949,972,1028
583950,969,1026
583951,970,1028
583952,969,1030
583953,973,1033
583954,975,1031
583955,972,1031
583956,972,1029
583957,972,1029
583958,973,1029
583959,976,1029
583960,978,1027
583961,978,1023
583962,974,1019
583963,975,1023
583964,976,1024
583965,976,1026
583966,980,1026
583967,981,1021
583968,980,1019
583969,976,1021
583970,977,1022
583971,981,1025
583972,979,1024
583973,980,1022
583974,978,1016
583975,976,1015
583976,974,1021
583977,975,1029
583978,978,1025
583979,976,1022
583980,972,1025
583981,971,1024
583982,973,1024
583983,975,1024
583984,977,1023
583985,976,1020
583986,973,1020
583987,968,1024
583988,970,1032
583989,973,1032
583990,974,1026
583991,972,1021
583992,972,1016
583993,974,1018
583994,975,1016
583995,978,1018
583996,978,1023
583997,978,1019
583998,978,1018
583999,977,1020
584000,980,1020
584001,980,1023
584002,984,1024
584003,983,1022
584004,979,1017
584005,982,1017
584006,984,1023
584007,989,1020
584008,991,1020
584009,989,1015
584010,986,1013
584011,988,1013
584012,994,1014
584013,1001,1013
584014,1011,1008
584015,1021,1003
584016,1033,1002
584017,1053,1002
584018,1080,1000
584019,1107,989
584020,1140,971
584021,1173,954
584022,1201,943
584023,1232,943
584024,1263,950
584025,1278,967
584026,1273,987
584027,1235,999
584028,1187,1006
584029,1132,1014
584030,1080,1028
584031,1037,1045
584032,1006,1052
584033,983,1053
584034,976,1049
584035,979,1044
584036,988,1040
584037,993,1032
584038,992,1026
584039,987,1023
584040,979,1021
584041,973,1023
584042,972,1025
584043,973,1030
584044,971,1027
584045,969,1025
584046,965,1021
584047,963,1018
584048,963,1021
584049,964,1024
584050,966,1024
584051,963,1019
584052,958,1019
584053,956,1022
584054,955,1025
584055,958,1029
584056,957,1030
584057,957,1030
584058,954,1030
584059,954,1031
584060,955,1034
584061,958,1039
584062,963,1034
584063,962,1029
584064,957,1028
584065,955,1030
584066,957,1032
584067,958,1035
584068,961,1036
584069,957,1032
584070,956,1029
584071,957,1027
584072,959,1026
584073,962,1027
584074,965,1028
584075,962,1024
584076,959,1024
584077,956,1027
584078,959,1026
584079,961,1027
584080,961,1025
584081,960,1022
584082,957,1019
584083,953,1021
584084,957,1022
584085,958,1021
584086,959,1020
584087,960,1012
584088,956,1011
584089,955,1010
584090,956,1013
584091,961,1018
584092,964,1019
584093,964,1015
584094,958,1012
584095,959,1011
584096,962,1012
584097,966,1015
584098,970,1013
584099,968,1011
584100,967,1007
584101,967,1006
584102,972,1007
584103,974,1012
584104,975,1012
584105,977,1008
584106,972,1002
584107,974,1000
584108,977,1000
584109,979,1005
584110,983,1005
584111,983,1001
584112,979,996
584113,980,994
584114,981,996
584115,987,996
584116,991,992
584117,990,986
584118,989,983
584119,987,983
584120,992,985
584121,996,988
584122,998,984
584123,999,981
584124,997,982
584125,997,982
584126,1000,985
584127,1005,988
584128,1006,987
584129,1004,979
584130,1004,974
584131,1004,973
584132,1006,979
584133,1010,980
584134,1014,981
584135,1010,977
584136,1010,979
584137,1008,983
584138,1010,988
584139,1010,989
584140,1011,990
584141,1010,989
584142,1007,993
584143,1004,996
584144,1005,1003
584145,1006,1009
584146,1003,1013
584147,1006,1008
584148,1001,999
584149,998,1000
584150,999,1003
584151,1002,1008
584152,1003,1010
584153,997,1012
584154,996,1010
584155,989,1013
584156,992,1016
584157,994,1016
584158,995,1017
584159,991,1013
584160,987,1012
584161,987,1011
584162,988,1015
584163,989,1018
584164,990,1020
584165,986,1019
584166,980,1015
584167,980,1017
584168,982,1019
584169,982,1020
584170,984,1020
584171,979,1017
584172,977,1015
584173,978,1017
584174,981,1017
584175,982,1014
584176,982,1015
584177,977,1014
584178,974,1015
584179,973,1018
584180,973,1017
584181,973,1014
584182,979,1012
584183,977,1010
584184,973,1009
584185,970,1007
584186,975,1009
584187,977,1014
584188,976,1011
584189,974,1008
584190,971,1008
584191,970,1007
584192,970,1010
584193,972,1015
584194,975,1016
584195,974,1013
584196,971,1014
584197,971,1015
584198,972,1019
584199,976,1023
584200,978,1022
584201,977,1016
584202,973,1014
584203,973,1014
584204,977,1018
584205,979,1019
584206,979,1017
584207,978,1013
584208,973,1013
584209,973,1016
584210,974,1020
584211,975,1020
584212,978,1016
584213,972,1011
584214,972,1010
584215,970,1013
584216,971,1017
584217,970,1022
584218,972,1023
584219,971,1018
584220,970,1015
584221,969,1011
584222,968,1012
584223,973,1015
584224,973,1015
584225,971,1012
584226,966,1011
584227,964,1013
584228,966,1014
584229,968,1017
584230,968,1017
584231,967,1011
584232,962,1013
584233,962,1014
584234,963,1018
584235,966,1023
584236,965,1021
584237,966,1020
584238,962,1018
584239,960,1020
584240,962,1021
584241,964,1020
584242,966,1019
584243,966,1021
584244,963,1020
584245,963,1018
584246,963,1016
584247,966,1021
584248,966,1021
584249,966,1021
584250,962,1023
584251,964,1026
584252,965,1025
584253,966,1024
584254,969,1019
584255,967,1015
584256,961,1013
584257,965,1019
584258,963,1022
584259,968,1022
584260,970,1018
584261,967,1015
584262,962,1012
584263,960,1012
584264,965,1016
584265,967,1020
584266,969,1022
584267,966,1020
584268,960,1021
584269,963,1022
584270,962,1025
584271,966,1025
584272,965,1023
584273,964,1020
584274,960,1020
584275,962,1023
584276,962,1028
584277,967,1031
584278,967,1022
584279,965,1019
584280,962,1017
584281,962,1018
584282,960,1021
584283,962,1025
584284,960,1028
584285,959,1027
584286,959,1023
584287,954,1019
584288,960,1016
584289,966,1012
584290,966,1012
584291,964,1007
584292,961,1007
584293,957,1011
584294,959,1015
584295,966,1019
584296,969,1019
584297,967,1016
584298,963,1012
584299,962,1014
584300,967,1014
584301,970,1016
584302,973,1016
584303,970,1018
584304,967,1014
584305,964,1016
584306,968,1023
584307,973,1025
584308,973,1023
584309,970,1019
584310,974,1015
584311,970,1015
584312,971,1020
584313,972,1024
584314,973,1027
584315,970,1025
584316,969,1021
584317,968,1021
584318,971,1024
584319,973,1027
584320,975,1026
584321,971,1023
584322,970,1019
584323,968,1022
584324,972,1023
584325,975,1024
584326,975,1020
584327,975,1015
584328,971,1015
584329,970,1018
584330,969,1021
584331,972,1024
584332,972,1021
584333,974,1018
584334,972,1015
584335,969,1014
584336,972,1016
584337,973,1018
584338,979,1014
584339,981,1008
584340,982,1001
584341,987,1003
584342,999,1004
584343,1011,1008
584344,1023,1006
584345,1033,999
584346,1051,990
584347,1079,978
584348,1111,967
584349,1149,959
584350,1187,954
584351,1216,959
584352,1240,972
584353,1243,999
584354,1229,1021
584355,1194,1032
584356,1146,1030
584357,1091,1034
584358,1040,1047
584359,995,1063
584360,968,1076
584361,961,1088
584362,964,1086
584363,971,1074
584364,973,1057
584365,973,1043
584366,976,1038
584367,981,1033
584368,980,1026
584369,976,1022
584370,968,1017
584371,963,1017
584372,965,1019
584373,962,1022
584374,962,1020
584375,959,1017
584376,956,1017
584377,954,1021
584378,953,1023
584379,957,1023
584380,957,1020
584381,954,1017
584382,955,1013
584383,951,1013
584384,953,1016
584385,955,1017
584386,957,1015
584387,956,1012
584388,952,1014
584389,953,1013
584390,952,1017
584391,955,1020
584392,958,1016
584393,953,1014
584394,952,1014
584395,951,1016
584396,948,1022
584397,951,1021
584398,950,1016
584399,955,1008
584400,949,1006
584401,949,1006
584402,954,1010
584403,952,1015
584404,955,1014
584405,948,1016
584406,949,1013
584407,948,1014
584408,951,1014
584409,957,1016
584410,956,1015
584411,957,1015
584412,952,1012
584413,955,1013
584414,956,1015
584415,958,1017
584416,958,1016
584417,953,1013
584418,956,1008
584419,954,1005
584420,959,1003
584421,960,1007
584422,963,1003
584423,961,1000
584424,959,1000
584425,957,1003
584426,959,1010
584427,966,1008
584428,967,1006
584429,966,1002
584430,964,998
584431,963,1003
584432,962,1003
584433,965,1000
584434,968,992
584435,969,987
584436,966,986
584437,967,986
584438,968,987
584439,974,990
584440,974,989
584441,975,985
584442,972,984
584443,971,986
584444,973,989
584445,976,990
584446,980,986
584447,978,982
584448,976,980
584449,975,980
584450,975,983
584451,980,984
584452,982,981
584453,981,973
584454,979,969
584455,978,968
584456,981,972
584457,984,972
584458,985,969
584459,987,967
584460,983,962
584461,982,965
584462,987,972
584463,991,978
584464,991,979
584465,989,982
584466,986,981
584467,986,983
584468,989,988
584469,992,995
584470,991,999
584471,989,1000
584472,986,998
584473,985,1001
584474,987,1007
584475,988,1014
584476,990,1012
584477,988,1010
584478,981,1010
584479,984,1010
584480,984,1015
584481,982,1017
584482,983,1021
584483,983,1020
584484,978,1021
584485,973,1022
584486,976,1026
584487,981,1030
584488,979,1031
584489,978,1027
584490,973,1027
584491,972,1026
584492,975,1031
584493,978,1033
584494,977,1029
584495,980,1026
584496,975,1022
584497,972,1023
584498,974,1024
584499,973,1025
584500,970,1024
584501,973,1020
584502,971,1018
584503,970,1019
584504,974,1023
584505,973,1027
584506,977,1027
584507,975,1028
584508,972,1028
584509,975,1026
584510,978,1026
584511,980,1023
584512,982,1020
584513,979,1014
584514,976,1010
584515,974,1010
584516,974,1009
584517,979,1011
584518,977,1012
584519,977,1012
584520,974,1010
584521,974,1012
584522,974,1018
584523,980,1022
584524,979,1025
584525,976,1022
584526,974,1024
584527,973,1026
584528,977,1028
584529,979,1031
584530,980,1029
584531,978,1027
584532,975,1026
584533,975,1029
584534,975,1033
584535,977,1032
584536,978,1028
584537,977,1026
584538,973,1028
584539,975,1032
584540,976,1037
584541,979,1038
584542,980,1035
584543,978,1031
584544,971,1027
584545,971,1028
584546,971,1030
584547,975,1033
584548,976,1029
584549,972,1026
584550,969,1021
584551,972,1020
584552,972,1025
584553,972,1026
584554,971,1025
584555,969,1022
584556,968,1021
584557,968,1024
584558,965,1022
584559,970,1021
584560,973,1021
584561,970,1016
584562,969,1015
584563,968,1017
584564,967,1019
584565,969,1022
584566,970,1022
584567,971,1021
584568,967,1022
584569,967,1024
584570,965,1029
584571,969,1036
584572,971,1036
584573,971,1036
584574,969,1031
584575,968,1031
584576,969,1038
584577,974,1040
584578,974,1038
584579,973,1035
584580,969,1029
584581,969,1031
584582,969,1033
584583,974,1037
584584,975,1034
584585,973,1030
584586,973,1030
584587,971,1035
584588,973,1035
584589,973,1038
584590,973,1042
584591,972,1037
584592,969,1035
584593,970,1038
584594,970,1040
584595,973,1037
584596,976,1033
584597,974,1031
584598,972,1028
584599,967,1032
584600,971,1033
584601,969,1037
584602,968,1038
584603,970,1034
584604,968,1031
584605,966,1035
584606,966,1038
584607,970,1040
584608,972,1039
584609,968,1033
584610,968,1029
584611,969,1029
584612,969,1032
584613,970,1038
584614,975,1038
584615,973,1037
584616,970,1034
584617,971,1034
584618,972,1033
584619,975,1036
584620,976,1038
584621,973,1036
584622,970,1036
584623,972,1035
584624,972,1039
584625,977,1042
584626,976,1045
584627,976,1041
584628,973,1040
584629,972,1038
584630,976,1039
584631,977,1039
584632,977,1034
584633,974,1032
584634,973,1028
584635,971,1029
584636,973,1030
584637,973,1031
584638,978,1029
584639,974,1031
584640,970,1027
584641,971,1031
584642,972,1034
584643,974,1040
584644,972,1037
584645,972,1035
584646,970,1034
584647,967,1040
584648,974,1041
584649,976,1043
584650,977,1037
584651,974,1035
584652,971,1034
584653,969,1032
584654,971,1031
584655,974,1037
584656,974,1035
584657,972,1036
584658,970,1035
584659,967,1036
584660,968,1042
584661,975,1042
584662,977,1043
584663,976,1040
584664,972,1036
584665,971,1038
584666,974,1041
584667,980,1044
584668,982,1040
584669,978,1040
584670,974,1038
584671,974,1040
584672,977,1042
584673,979,1040
584674,980,1036
584675,980,1035
584676,976,1035
584677,977,1040
584678,978,1041
584679,981,1044
584680,982,1042
584681,982,1041
584682,979,1035
584683,977,1031
584684,978,1035
584685,979,1039
584686,979,1037
584687,979,1035
584688,976,1034
584689,974,1033
584690,976,1036
584691,978,1038
584692,981,1037
584693,979,1036
584694,974,1032
584695,972,1030
584696,976,1034
584697,977,1035
584698,979,1036
584699,977,1032
584700,974,1032
584701,973,1036
584702,976,1037
584703,978,1040
584704,975,1042
584705,978,1040
584706,975,1041
584707,973,1039
584708,975,1041
584709,979,1044
584710,980,1043
584711,978,1042
584712,976,1040
584713,981,1036
584714,981,1038
584715,983,1039
584716,983,1039
584717,980,1038
584718,978,1035
584719,977,1036
584720,976,1039
584721,978,1044
584722,981,1046
584723,979,1040
584724,979,1035
584725,975,1033
584726,978,1037
584727,980,1041
584728,983,1042
584729,982,1041
584730,978,1038
584731,979,1041
584732,980,1042
584733,982,1048
584734,985,1043
584735,981,1039
584736,980,1034
584737,979,1030
584738,980,1032
584739,982,1032
584740,986,1031
584741,982,1030
584742,979,1032
584743,977,1033
584744,976,1035
584745,981,1035
584746,982,1033
584747,980,1028
584748,976,1027
584749,979,1029
584750,977,1033
584751,979,1036
584752,979,1038
584753,979,1039
584754,974,1038
584755,974,1040
584756,974,1043
584757,977,1043
584758,974,1042
584759,975,1038
584760,977,1036
584761,978,1041
584762,979,1046
584763,981,1046
584764,982,1043
584765,983,1039
584766,982,1035
584767,978,1037
584768,980,1041
584769,983,1042
584770,984,1040
584771,982,1039
584772,981,1035
584773,981,1038
584774,984,1041
584775,987,1044
584776,989,1046
584777,986,1042
584778,981,1039
584779,982,1035
584780,986,1035
584781,988,1036
584782,993,1034
584783,989,1031
584784,987,1028
584785,988,1030
584786,989,1035
584787,994,1035
584788,999,1032
584789,1002,1027
584790,1009,1023
584791,1018,1022
584792,1033,1020
584793,1053,1018
584794,1072,1014
584795,1095,1006
584796,1123,991
584797,1150,981
584798,1182,976
584799,1214,972
584800,1241,975
584801,1257,981
584802,1255,994
584803,1237,1011
584804,1204,1025
584805,1165,1030
584806,1118,1036
584807,1074,1045
584808,1030,1050
584809,1004,1060
584810,990,1069
584811,987,1071
584812,992,1065
584813,995,1052
584814,996,1038
584815,996,1036
584816,991,1036
584817,985,1038
584818,987,1039
584819,984,1040
584820,979,1040
584821,974,1039
584822,976,1040
584823,977,1039
584824,978,1040
584825,971,1039
584826,972,1041
584827,969,1040
584828,971,1041
584829,972,1042
584830,976,1040
584831,971,1039
584832,968,1037
584833,966,1039
584834,970,1041
584835,971,1041
584836,969,1039
584837,967,1040
584838,964,1039
584839,964,1043
584840,964,1046
584841,969,1051
584842,969,1050
584843,963,1045
584844,960,1044
584845,962,1044
584846,962,1045
584847,965,1044
584848,966,1040
584849,964,1040
584850,963,1038
584851,963,1038
584852,965,1041
584853,968,1044
584854,970,1041
584855,969,1040
584856,965,1040
584857,965,1041
584858,964,1046
584859,970,1042
584860,974,1040
584861,973,1032
584862,969,1027
584863,967,1032
584864,970,1034
584865,975,1039
584866,977,1036
584867,975,1034
584868,971,1036
584869,971,1036
584870,971,1040
584871,976,1039
584872,977,1035
584873,976,1032
584874,975,1031
584875,974,1032
584876,975,1035
584877,979,1036
584878,980,1035
584879,981,1031
584880,980,1024
584881,981,1023
584882,979,1025
584883,984,1027
584884,986,1025
584885,985,1025
584886,984,1021
584887,985,1023
584888,984,1024
584889,989,1025
584890,990,1022
584891,991,1020
584892,987,1023
584893,988,1023
584894,989,1024
584895,993,1024
584896,995,1020
584897,998,1010
584898,994,1001
584899,994,1000
584900,996,1002
584901,998,1005
584902,1000,1006
584903,1001,1005
584904,998,1003
584905,1000,1002
584906,1005,1003
584907,1010,1004
584908,1012,1001
584909,1010,1000
584910,1010,1002
584911,1009,1001
584912,1009,1009
584913,1012,1011
584914,1014,1010
584915,1010,1007
584916,1008,1006
584917,1003,1010
584918,1004,1014
584919,1011,1018
584920,1011,1015
584921,1010,1015
584922,1007,1014
584923,1003,1021
584924,1004,1026
584925,1005,1029
584926,1006,1031
584927,1002,1026
584928,998,1024
584929,998,1028
584930,997,1037
584931,998,1040
584932,996,1043
584933,995,1040
584934,990,1034
584935,987,1033
584936,988,1036
584937,989,1036
584938,989,1031
584939,984,1029
584940,983,1026
584941,983,1031
584942,983,1036
584943,986,1039
584944,985,1039
584945,984,1028
584946,981,1024
584947,979,1024
584948,981,1028
584949,985,1036
584950,986,1036
584951,981,1041
584952,980,1040
584953,980,1039
584954,984,1039
584955,985,1037
584956,986,1036
584957,984,1032
584958,979,1031
584959,980,1028
584960,982,1033
584961,983,1036
584962,984,1034
584963,980,1030
584964,978,1031
584965,980,1035
584966,979,1042
584967,983,1043
584968,987,1039
584969,985,1036
584970,982,1037
584971,981,1036
584972,981,1041
584973,983,1044
584974,983,1041
584975,981,1037
584976,980,1034
584977,981,1036
584978,981,1039
584979,981,1038
584980,985,1033
584981,983,1028
584982,980,1027
584983,978,1031
584984,981,1034
584985,985,1035
584986,984,1032
584987,983,1028
584988,980,1022
584989,981,1021
584990,981,1024
584991,980,1030
584992,980,1032
584993,978,1031
584994,977,1029
584995,975,1029
584996,980,1033
584997,980,1035
584998,980,1033
584999,975,1034
585000,974,1036
585001,972,1038
585002,974,1041
585003,980,1041
585004,981,1040
585005,979,1039
585006,977,1040
585007,977,1043
585008,976,1043
585009,980,1042
585010,982,1038
585011,978,1034
585012,975,1033
585013,975,1039
585014,978,1047
585015,981,1046
585016,984,1037
585017,978,1034
585018,975,1027
585019,975,1033
585020,978,1038
585021,978,1040
585022,977,1041
585023,976,1038
585024,974,1035
585025,973,1035
585026,974,1040
585027,977,1041
585028,975,1043
585029,975,1039
585030,973,1039
585031,973,1037
585032,974,1038
585033,979,1038
585034,978,1035
585035,976,1032
585036,977,1031
585037,977,1035
585038,981,1039
585039,985,1038
585040,988,1033
585041,995,1026
585042,998,1025
585043,1012,1025
585044,1028,1022
585045,1048,1020
585046,1073,1008
585047,1101,996
585048,1127,983
585049,1158,974
585050,1194,971
585051,1231,979
585052,1253,991
585053,1257,1008
585054,1238,1024
585055,1203,1031
585056,1161,1033
585057,1115,1045
585058,1063,1060
585059,1016,1071
585060,980,1076
585061,966,1081
585062,964,1080
585063,977,1076
585064,984,1061
585065,985,1046
585066,984,1034
585067,981,1028
585068,981,1030
585069,979,1034
585070,978,1035
585071,974,1034
585072,967,1038
585073,963,1040
585074,965,1043
585075,967,1044
585076,967,1042
585077,965,1039
585078,961,1037
585079,957,1039
585080,959,1043
585081,961,1044
585082,958,1043
585083,955,1040
585084,956,1036
585085,952,1041
585086,954,1044
585087,956,1047
585088,955,1048
585089,951,1047
585090,949,1044
585091,946,1039
585092,948,1037
585093,955,1038
585094,953,1036
585095,952,1037
585096,947,1035
585097,949,1034
585098,948,1034
585099,953,1033
585100,953,1031
585101,950,1032
585102,946,1031
585103,949,1030
585104,952,1033
585105,958,1036
585106,958,1034
585107,957,1030
585108,953,1024
585109,952,1025
585110,954,1028
585111,957,1029
585112,958,1028
585113,957,1028
585114,957,1022
585115,958,1025
585116,961,1029
585117,964,1028
585118,964,1027
585119,963,1022
585120,961,1023
585121,959,1023
585122,964,1026
585123,968,1029
585124,970,1028
585125,972,1024
585126,969,1022
585127,967,1023
585128,973,1022
585129,975,1019
585130,977,1014
585131,976,1010
585132,972,1008
585133,973,1012
585134,978,1011
585135,982,1011
585136,978,1001
585137,982,992
585138,978,986
585139,979,986
585140,982,988
585141,987,992
585142,985,987
585143,985,985
585144,983,982
585145,979,983
585146,987,986
585147,989,986
585148,989,984
585149,988,981
585150,985,981
585151,987,983
585152,988,986
585153,989,991
585154,993,988
585155,990,982
585156,989,977
585157,986,982
585158,991,986
585159,993,993
585160,992,997
585161,989,999
585162,984,995
585163,987,997
585164,985,1002
585165,990,1006
585166,988,1010
585167,986,1013
585168,979,1016
585169,976,1022
585170,974,1029
585171,978,1032
585172,977,1033
585173,973,1032
585174,971,1030
585175,969,1029
585176,971,1031
585177,970,1032
585178,969,1033
585179,967,1034
585180,965,1036
585181,962,1039
585182,963,1042
585183,967,1044
585184,968,1039
585185,968,1033
585186,965,1030
585187,965,1031
585188,965,1040
585189,969,1043
585190,971,1040
585191,967,1033
585192,968,1030
585193,964,1028
585194,967,1031
585195,971,1037
585196,971,1038
585197,970,1035
585198,966,1031
585199,965,1031
585200,970,1034
585201,972,1037
585202,973,1033
585203,974,1030
585204,975,1031
585205,979,1036
585206,982,1039
585207,989,1041
585208,993,1039
585209,994,1035
585210,989,1034
585211,994,1038
585212,1001,1041
585213,1014,1042
585214,1026,1035
585215,1036,1021
585216,1045,1004
585217,1059,986
585218,1071,975
585219,1088,963
585220,1103,944
585221,1115,927
585222,1127,909
585223,1143,894
585224,1159,872
585225,1178,851
585226,1191,826
585227,1202,808
585228,1211,793
585229,1215,786
585230,1219,780
585231,1220,783
585232,1219,783
585233,1210,782
585234,1202,779
585235,1193,782
585236,1186,780
585237,1173,780
585238,1156,785
585239,1137,791
585240,1117,801
585241,1101,815
585242,1080,828
585243,1066,845
585244,1054,862
585245,1043,873
585246,1032,882
585247,1029,895
585248,1029,912
585249,1028,927
585250,1022,940
585251,1015,947
585252,1013,956
585253,1020,969
585254,1030,978
585255,1041,982
585256,1048,975
585257,1043,968
585258,1030,965
585259,1004,972
585260,973,990
585261,946,1010
585262,931,1028
585263,923,1043
585264,913,1057
585265,910,1067
585266,910,1074
585267,906,1076
585268,903,1077
585269,896,1078
585270,892,1080
585271,889,1085
585272,887,1090
585273,889,1096
585274,888,1098
585275,884,1097
585276,880,1098
585277,878,1099
585278,875,1102
585279,875,1105
585280,873,1110
585281,873,1113
585282,867,1113
585283,865,1115
585284,865,1116
585285,868,1114
585286,867,1111
585287,865,1112
585288,859,1114
585289,857,1119
585290,858,1121
585291,861,1126
585292,857,1127
585293,853,1124
585294,851,1124
585295,848,1129
585296,845,1133
585297,850,1138
585298,848,1141
585299,846,1145
585300,842,1149
585301,844,1153
585302,844,1158
585303,849,1157
585304,848,1157
585305,847,1159
585306,845,1160
585307,843,1164
585308,844,1169
585309,850,1170
585310,852,1173
585311,849,1170
585312,849,1169
585313,848,1173
585314,849,1178
585315,853,1182
585316,854,1183
585317,854,1183
585318,850,1181
585319,852,1186
585320,856,1191
585321,862,1192
585322,864,1191
585323,866,1185
585324,865,1183
585325,865,1181
585326,871,1180
585327,877,1179
585328,882,1170
585329,882,1164
585330,885,1154
585331,885,1153
585332,889,1151
585333,895,1147
585334,899,1141
585335,901,1132
585336,902,1124
585337,905,1121
585338,908,1119
585339,914,1116
585340,914,1106
585341,919,1097
585342,918,1091
585343,921,1086
585344,925,1086
585345,930,1081
585346,930,1077
585347,931,1069
585348,927,1066
585349,928,1065
585350,933,1064
585351,936,1065
585352,936,1060
585353,937,1056
585354,934,1047
585355,937,1045
585356,938,1042
585357,940,1046
585358,940,1046
585359,938,1042
585360,933,1039
585361,936,1041
585362,939,1040
585363,940,1042
585364,938,1037
585365,940,1034
585366,936,1033
585367,933,1037
585368,940,1043
585369,940,1045
585370,940,1042
585371,941,1036
585372,937,1030
585373,938,1030
585374,941,1034
585375,944,1033
585376,943,1030
585377,943,1024
585378,940,1019
585379,941,1023
585380,941,1028
585381,945,1032
585382,946,1032
585383,944,1027
585384,941,1024
585385,940,1026
585386,941,1027
585387,945,1029
585388,947,1028
585389,945,1027
585390,941,1028
585391,943,1028
585392,944,1032
585393,945,1033
585394,947,1031
585395,940,1024
585396,942,1025
585397,940,1029
585398,942,1034
585399,946,1034
585400,947,1034
585401,945,1032
585402,944,1027
585403,940,1025
585404,944,1025
585405,944,1027
585406,945,1029
585407,941,1024
585408,940,1023
585409,939,1024
585410,942,1027
585411,944,1029
585412,945,1027
585413,945,1024
585414,942,1022
585415,941,1024
585416,942,1027
585417,945,1026
585418,947,1025
585419,945,1019
585420,941,1020
585421,940,1020
585422,943,1023
585423,946,1025
585424,945,1023
585425,944,1022
585426,942,1021
585427,940,1025
585428,943,1028
585429,946,1029
585430,947,1026
585431,944,1024
585432,943,1016
585433,943,1014
585434,945,1016
585435,947,1021
585436,946,1022
585437,943,1022
585438,944,1015
585439,942,1018
585440,945,1018
585441,947,1020
585442,945,1023
585443,946,1018
585444,943,1021
585445,944,1023
585446,949,1025
585447,952,1026
585448,952,1025
585449,953,1024
585450,951,1026
585451,949,1026
585452,952,1029
585453,955,1027
585454,957,1025
585455,956,1023
585456,952,1024
585457,950,1024
585458,953,1025
585459,954,1030
585460,954,1027
585461,954,1027
585462,950,1022
585463,949,1021
585464,955,1022
585465,957,1024
585466,956,1022
585467,954,1018
585468,952,1016
585469,954,1017
585470,954,1020
585471,960,1023
585472,961,1021
585473,962,1014
585474,957,1010
585475,964,1009
585476,977,1012
585477,990,1006
585478,1004,992
585479,1024,986
585480,1048,976
585481,1076,964
585482,1113,955
585483,1149,950
585484,1183,956
585485,1209,976
585486,1214,1004
585487,1197,1021
585488,1161,1028
585489,1112,1033
585490,1055,1047
585491,1002,1062
585492,954,1079
585493,937,1091
585494,939,1091
585495,950,1084
585496,957,1071
585497,958,1055
585498,956,1039
585499,957,1033
585500,956,1033
585501,956,1030
585502,952,1026
585503,949,1022
585504,942,1018
585505,941,1019
585506,941,1023
585507,946,1023
585508,944,1018
585509,940,1011
585510,935,1009
585511,934,1011
585512,936,1015
585513,937,1017
585514,936,1017
585515,934,1017
585516,930,1016
585517,929,1017
585518,937,1021
585519,938,1024
585520,940,1020
585521,937,1015
585522,936,1010
585523,932,1011
585524,936,1016
585525,935,1020
585526,938,1023
585527,935,1021
585528,933,1017
585529,933,1019
585530,933,1019
585531,937,1018
585532,939,1015
585533,937,1011
585534,935,1008
585535,935,1011
585536,938,1012
585537,938,1014
585538,940,1010
585539,940,1008
585540,938,1004
585541,935,1007
585542,940,1014
585543,945,1015
585544,947,1012
585545,945,1007
585546,940,1003
585547,942,1005
585548,944,1004
585549,949,1005
585550,949,1001
585551,946,994
585552,944,992
585553,943,995
585554,947,997
585555,950,998
585556,954,996
585557,952,993
585558,951,990
585559,951,988
585560,956,984
585561,960,983
585562,960,978
585563,959,975
585564,957,972
585565,957,973
585566,960,974
585567,964,975
585568,967,974
585569,967,969
585570,967,963
585571,966,961
585572,970,962
585573,972,963
585574,974,960
585575,974,958
585576,974,955
585577,974,957
585578,977,961
585579,981,964
585580,984,962
585581,984,962
585582,982,963
585583,982,965
585584,985,969
585585,988,971
585586,988,970
585587,986,975
585588,984,976
585589,984,981
585590,986,989
585591,988,991
585592,988,990
585593,990,992
585594,985,990
585595,985,994
585596,983,1000
585597,985,1003
585598,983,1005
585599,981,1006
585600,977,1007
585601,977,1011
585602,976,1015
585603,976,1019
585604,976,1017
585605,970,1018
585606,968,1017
585607,968,1022
585608,968,1027
585609,967,1033
585610,968,1030
585611,966,1021
585612,962,1017
585613,961,1016
585614,964,1018
585615,965,1018
585616,964,1017
585617,962,1016
585618,959,1016
585619,959,1020
585620,961,1020
585621,964,1021
585622,963,1023
585623,960,1019
585624,957,1019
585625,959,1018
585626,963,1022
585627,966,1023
585628,964,1024
585629,963,1023
585630,961,1019
585631,962,1018
585632,964,1018
585633,970,1020
585634,969,1020
585635,967,1019
585636,964,1016
585637,962,1016
585638,966,1017
585639,969,1018
585640,969,1020
585641,967,1021
585642,964,1019
585643,964,1018
585644,967,1016
585645,971,1018
585646,967,1016
585647,966,1016
585648,964,1017
585649,962,1017
585650,962,1018
585651,967,1023
585652,967,1023
585653,965,1019
585654,962,1017
585655,958,1021
585656,958,1026
585657,962,1027
585658,960,1024
585659,959,1019
585660,958,1013
585661,958,1013
585662,962,1016
585663,965,1020
585664,960,1020
585665,960,1019
585666,955,1017
585667,956,1020
585668,960,1025
585669,961,1029
585670,959,1029
585671,960,1025
585672,956,1022
585673,959,1024
585674,962,1028
585675,962,1034
585676,964,1033
585677,963,1035
585678,962,1031
585679,962,1030
585680,965,1034
585681,968,1035
585682,970,1031
585683,968,1025
585684,968,1018
585685,965,1020
585686,969,1020
585687,976,1020
585688,983,1016
585689,986,1015
585690,992,1011
585691,1004,1006
585692,1018,1004
585693,1041,996
585694,1066,985
585695,1093,974
585696,1118,973
585697,1150,982
585698,1172,1006
585699,1180,1029
585700,1165,1041
585701,1129,1039
585702,1086,1039
585703,1039,1056
585704,997,1073
585705,967,1091
585706,951,1093
585707,947,1083
585708,955,1067
585709,960,1055
585710,966,1048
585711,969,1040
585712,968,1036
585713,964,1027
585714,958,1022
585715,956,1024
585716,956,1031
585717,958,1030
585718,956,1027
585719,954,1027
585720,952,1027
585721,951,1028
585722,953,1027
585723,956,1026
585724,954,1027
585725,955,1027
585726,951,1027
585727,951,1027
585728,951,1031
585729,956,1031
585730,954,1031
585731,953,1027
585732,950,1028
585733,949,1032
585734,950,1034
585735,955,1036
585736,954,1031
585737,954,1031
585738,951,1027
585739,950,1029
585740,953,1030
585741,956,1028
585742,957,1027
585743,956,1029
585744,954,1028
585745,952,1028
585746,956,1034
585747,956,1036
585748,960,1037
585749,954,1034
585750,954,1032
585751,956,1030
585752,958,1031
585753,961,1031
585754,962,1027
585755,959,1022
585756,954,1022
585757,958,1022
585758,959,1022
585759,961,1021
585760,959,1019
585761,959,1016
585762,957,1016
585763,955,1017
585764,960,1019
585765,957,1016
585766,959,1011
585767,957,1008
585768,953,1003
585769,952,1008
585770,958,1011
585771,961,1013
585772,961,1010
585773,958,1003
585774,957,1001
585775,959,999
585776,963,1001
585777,965,1002
585778,965,998
585779,967,995
585780,964,993
585781,964,998
585782,965,1001
585783,968,1004
585784,971,996
585785,966,989
585786,966,986
585787,967,986
585788,970,987
585789,973,993
585790,974,994
585791,973,993
585792,973,990
585793,975,986
585794,979,986
585795,980,988
585796,981,990
585797,979,989
585798,975,989
585799,978,992
585800,978,996
585801,981,1003
585802,979,1010
585803,976,1008
585804,973,1006
585805,973,1010
585806,975,1013
585807,977,1016
585808,975,1014
585809,969,1016
585810,967,1020
585811,964,1025
585812,964,1030
585813,967,1035
585814,966,1034
585815,962,1036
585816,960,1034
585817,956,1042
585818,960,1046
585819,962,1046
585820,962,1040
585821,958,1040
585822,959,1040
585823,959,1037
585824,963,1042
585825,966,1042
585826,965,1045
585827,964,1041
585828,961,1037
585829,962,1039
585830,962,1042
585831,967,1048
585832,967,1045
585833,966,1039
585834,961,1032
585835,961,1032
585836,966,1032
585837,968,1033
585838,970,1034
585839,970,1035
585840,966,1035
585841,967,1038
585842,971,1047
585843,972,1048
585844,973,1044
585845,971,1039
585846,968,1033
585847,968,1032
585848,969,1031
585849,970,1035
585850,970,1035
585851,966,1033
585852,965,1031
585853,965,1028
585854,968,1028
585855,968,1028
585856,967,1033
585857,965,1031
585858,963,1033
585859,964,1036
585860,963,1040
585861,969,1039
585862,966,1032
585863,966,1028
585864,963,1027
585865,964,1032
585866,965,1035
585867,970,1038
585868,969,1035
585869,965,1038
585870,967,1039
585871,966,1038
585872,968,1039
585873,971,1037
585874,970,1036
585875,968,1039
585876,965,1037
585877,965,1036
585878,966,1037
585879,968,1040
585880,970,1039
585881,966,1035
585882,964,1034
585883,965,1036
585884,967,1039
585885,969,1039
585886,968,1042
585887,967,1042
585888,964,1041
585889,967,1046
585890,971,1041
585891,976,1042
585892,977,1039
585893,975,1034
585894,974,1033
585895,972,1038
585896,977,1042
585897,981,1043
585898,982,1035
585899,984,1026
585900,988,1020
585901,999,1020
585902,1011,1023
585903,1026,1019
585904,1043,1014
585905,1062,1006
585906,1084,998
585907,1117,984
585908,1151,979
585909,1185,979
585910,1216,985
585911,1236,1001
585912,1238,1022
585913,1215,1032
585914,1174,1030
585915,1121,1038
585916,1065,1053
585917,1011,1065
585918,976,1073
585919,965,1072
585920,970,1065
585921,980,1057
585922,986,1046
585923,984,1040
585924,977,1038
585925,972,1038
585926,968,1043
585927,967,1044
585928,964,1043
585929,964,1043
585930,960,1045
585931,957,1052
585932,955,1055
585933,959,1059
585934,962,1054
585935,960,1042
585936,958,1040
585937,955,1040
585938,958,1044
585939,960,1040
585940,959,1041
585941,955,1039
585942,954,1040
585943,953,1041
585944,954,1045
585945,952,1046
585946,953,1045
585947,951,1042
585948,947,1042
585949,947,1042
585950,948,1044
585951,947,1045
585952,947,1041
585953,947,1036
585954,948,1031
585955,943,1034
585956,949,1038
585957,952,1039
585958,952,1038
585959,950,1034
585960,947,1036
585961,947,1040
585962,950,1045
585963,953,1044
585964,954,1039
585965,950,1031
585966,951,1029
585967,949,1036
585968,952,1040
585969,957,1046
585970,957,1046
585971,959,1042
585972,954,1031
585973,956,1027
585974,957,1024
585975,961,1024
585976,965,1023
585977,964,1021
585978,963,1017
585979,963,1019
585980,962,1020
585981,966,1020
585982,966,1016
585983,966,1009
585984,965,1005
585985,965,1008
585986,967,1009
585987,970,1006
585988,974,1004
585989,968,1000
585990,967,998
585991,967,1003
585992,970,1003
585993,973,1007
585994,972,1004
585995,972,1002
585996,969,1002
585997,968,1004
585998,977,1005
585999,979,1006
586000,982,1003
586001,978,999
586002,980,999
586003,980,1002
586004,983,1005
586005,987,1007
586006,987,1006
586007,986,1005
586008,983,1008
586009,982,1011
586010,988,1018
586011,991,1018
586012,992,1012
586013,993,1009
586014,990,1009
586015,990,1016
586016,992,1018
586017,992,1021
586018,993,1022
586019,986,1025
586020,981,1023
586021,982,1026
586022,981,1027
586023,983,1032
586024,982,1032
586025,978,1031
586026,974,1028
586027,975,1032
586028,973,1034
586029,977,1038
586030,970,1040
586031,969,1037
586032,967,1033
586033,965,1036
586034,970,1038
586035,971,1042
586036,969,1039
586037,967,1038
586038,963,1037
586039,966,1035
586040,964,1039
586041,971,1044
586042,969,1043
586043,969,1039
586044,965,1038
586045,965,1040
586046,968,1046
586047,971,1047
586048,970,1047
586049,970,1047
586050,968,1044
586051,968,1046
586052,968,1048
586053,971,1049
586054,971,1043
586055,971,1035
586056,969,1030
586057,969,1034
586058,968,1035
586059,973,1037
586060,974,1037
586061,971,1036
586062,967,1037
586063,968,1040
586064,971,1040
586065,971,1041
586066,970,1039
586067,967,1036
586068,966,1035
586069,963,1038
586070,966,1040
586071,969,1043
586072,967,1041
586073,966,1037
586074,967,1036
586075,966,1038
586076,968,1042
586077,970,1049
586078,970,1051
586079,967,1054
586080,964,1053
586081,963,1053
586082,967,1048
586083,968,1043
586084,971,1037
586085,968,1034
586086,965,1031
586087,965,1034
586088,970,1038
586089,971,1040
586090,971,1041
586091,968,1039
586092,964,1039
586093,965,1044
586094,969,1046
586095,970,1050
586096,971,1047
586097,970,1042
586098,965,1035
586099,969,1037
586100,968,1038
586101,968,1038
586102,971,1035
586103,967,1035
586104,966,1035
586105,960,1038
586106,966,1047
586107,968,1050
586108,965,1046
586109,961,1041
586110,961,1038
586111,960,1038
586112,960,1042
586113,965,1045
586114,964,1041
586115,965,1039
586116,963,1036
586117,964,1041
586118,963,1043
586119,971,1046
586120,973,1045
586121,972,1041
586122,970,1034
586123,973,1035
586124,977,1035
586125,983,1037
586126,989,1033
586127,996,1029
586128,1002,1025
586129,1017,1025
586130,1036,1024
586131,1055,1022
586132,1082,1013
586133,1111,996
586134,1139,985
586135,1168,981
586136,1200,981
586137,1225,994
586138,1229,1013
586139,1215,1026
586140,1179,1029
586141,1134,1031
586142,1087,1046
586143,1039,1064
586144,998,1078
586145,972,1079
586146,964,1079
586147,967,1072
586148,973,1066
586149,979,1061
586150,980,1051
586151,973,1049
586152,965,1043
586153,964,1041
586154,965,1043
586155,965,1047
586156,963,1041
586157,958,1038
586158,955,1038
586159,954,1039
586160,955,1040
586161,956,1043
586162,954,1038
586163,952,1037
586164,949,1037
586165,947,1041
586166,948,1045
586167,952,1045
586168,952,1041
586169,949,1037
586170,949,1033
586171,947,1035
586172,949,1036
586173,952,1036
586174,951,1039
586175,947,1040
586176,948,1042
586177,948,1043
586178,951,1044
586179,954,1041
586180,953,1035
586181,951,1035
586182,950,1034
586183,947,1037
586184,952,1039
586185,954,1039
586186,954,1038
586187,952,1033
586188,947,1030
586189,947,1034
586190,949,1035
586191,954,1040
586192,952,1041
586193,950,1040
586194,948,1040
586195,944,1044
586196,950,1045
586197,950,1039
586198,950,1036
586199,950,1032
586200,949,1028
586201,949,1024
586202,953,1025
586203,955,1026
586204,958,1024
586205,956,1022
586206,953,1018
586207,954,1016
586208,957,1015
586209,960,1015
586210,960,1013
586211,958,1013
586212,955,1010
586213,956,1010
586214,959,1015
586215,960,1010
586216,962,1004
586217,962,998
586218,958,996
586219,963,999
586220,962,1001
586221,964,1001
586222,966,999
586223,965,998
586224,964,995
586225,965,996
586226,971,997
586227,973,998
586228,972,994
586229,972,993
586230,968,994
586231,974,998
586232,976,999
586233,978,1001
586234,981,997
586235,982,992
586236,980,992
586237,980,995
586238,984,996
586239,989,997
586240,988,998
586241,985,1000
586242,983,1007
586243,985,1013
586244,985,1014
586245,989,1016
586246,987,1015
586247,984,1016
586248,983,1018
586249,979,1021
586250,979,1023
586251,980,1022
586252,980,1024
586253,978,1021
586254,974,1020
586255,977,1024
586256,974,1029
586257,976,1033
586258,977,1035
586259,973,1035
586260,971,1033
586261,971,1035
586262,971,1041
586263,973,1040
586264,975,1038
586265,972,1033
586266,971,1030
586267,970,1034
586268,973,1037
586269,975,1041
586270,972,1040
586271,973,1037
586272,970,1034
586273,974,1036
586274,975,1039
586275,976,1041
586276,976,1038
586277,972,1037
586278,973,1037
586279,971,1037
586280,973,1039
586281,975,1039
586282,974,1038
586283,973,1035
586284,970,1033
586285,973,1033
586286,975,1038
586287,978,1037
586288,974,1037
586289,971,1036
586290,970,1037
586291,968,1037
586292,971,1039
586293,974,1042
586294,972,1040
586295,970,1034
586296,966,1033
586297,963,1033
586298,969,1036
586299,972,1037
586300,971,1035
586301,969,1033
586302,963,1031
586303,967,1033
586304,968,1032
586305,973,1034
586306,971,1033
586307,968,1031
586308,965,1033
586309,966,1034
586310,969,1039
586311,970,1037
586312,971,1037
586313,968,1033
586314,966,1031
586315,964,1033
586316,969,1037
586317,966,1040
586318,967,1039
586319,966,1039
586320,964,1038
586321,964,1041
586322,968,1041
586323,973,1043
586324,973,1041
586325,970,1039
586326,968,1032
586327,965,1034
586328,971,1037
586329,972,1041
586330,972,1040
586331,967,1038
586332,964,1034
586333,966,1032
586334,968,1031
586335,972,1033
586336,971,1033
586337,967,1033
586338,967,1035
586339,965,1034
586340,970,1036
586341,971,1039
586342,971,1037
586343,970,1035
586344,969,1035
586345,970,1037
586346,971,1039
586347,974,1042
586348,975,1042
586349,977,1038
586350,974,1037
586351,975,1041
586352,980,1043
586353,984,1046
586354,981,1042
586355,983,1038
586356,983,1030
586357,991,1028
586358,1004,1023
586359,1018,1022
586360,1030,1018
586361,1045,1012
586362,1059,1005
586363,1084,993
586364,1115,983
586365,1146,979
586366,1176,978
586367,1197,988
586368,1215,1013
586369,1217,1038
586370,1201,1046
586371,1172,1046
586372,1129,1042
586373,1079,1053
586374,1035,1070
586375,996,1090
586376,967,1101
586377,964,1109
586378,964,1096
586379,970,1078
586380,967,1061
586381,970,1052
586382,975,1047
586383,976,1042
586384,972,1038
586385,967,1033
586386,964,1034
586387,961,1036
586388,960,1044
586389,963,1043
586390,963,1039
586391,958,1036
586392,957,1034
586393,955,1037
586394,954,1046
586395,959,1047
586396,961,1042
586397,957,1035
586398,954,1032
586399,953,1035
586400,955,1037
586401,960,1044
586402,959,1039
586403,957,1037
586404,956,1034
586405,956,1036
586406,956,1039
586407,959,1039
586408,957,1034
586409,957,1032
586410,952,1033
586411,954,1036
586412,952,1038
586413,953,1042
586414,951,1040
586415,952,1039
586416,951,1040
586417,950,1042
586418,953,1043
586419,955,1041
586420,954,1038
586421,951,1034
586422,949,1030
586423,951,1026
586424,952,1025
586425,958,1025
586426,959,1020
586427,957,1017
586428,952,1014
586429,954,1012
586430,958,1014
586431,961,1015
586432,961,1017
586433,961,1015
586434,960,1010
586435,960,1006
586436,966,1008
586437,967,1007
586438,967,1004
586439,965,1001
586440,966,1000
586441,965,1002
586442,968,1002
586443,973,1001
586444,975,997
586445,972,996
586446,968,992
586447,970,995
586448,977,998
586449,977,996
586450,977,993
586451,977,990
586452,974,986
586453,973,989
586454,976,990
586455,979,993
586456,976,994
586457,975,998
586458,976,995
586459,974,993
586460,980,990
586461,986,986
586462,985,984
586463,981,981
586464,983,980
586465,981,985
586466,984,985
586467,988,982
586468,992,982
586469,989,980
586470,987,980
586471,986,986
586472,992,993
586473,993,996
586474,995,994
586475,992,995
586476,991,993
586477,989,997
586478,991,1006
586479,997,1009
586480,994,1006
586481,991,1008
586482,987,1009
586483,988,1011
586484,991,1015
586485,995,1019
586486,995,1022
586487,991,1021
586488,990,1020
586489,989,1027
586490,991,1032
586491,994,1035
586492,994,1037
586493,989,1036
586494,987,1035
586495,987,1040
586496,988,1045
586497,990,1044
586498,993,1043
586499,990,1042
586500,986,1044
586501,989,1048
586502,993,1048
586503,996,1051
586504,997,1043
586505,994,1036
586506,991,1030
586507,993,1035
586508,993,1037
586509,997,1038
586510,1000,1037
586511,996,1035
586512,998,1033
586513,1001,1033
586514,1005,1036
586515,1009,1038
586516,1012,1033
586517,1017,1030
586518,1018,1028
586519,1020,1030
586520,1027,1034
586521,1036,1032
586522,1046,1030
586523,1054,1020
586524,1062,1005
586525,1072,989
586526,1084,976
586527,1101,965
586528,1116,951
586529,1126,937
586530,1139,920
586531,1154,905
586532,1173,882
586533,1193,861
586534,1207,841
586535,1216,826
586536,1224,816
586537,1234,810
586538,1241,807
586539,1248,801
586540,1247,800
586541,1241,802
586542,1238,802
586543,1230,807
586544,1225,809
586545,1216,819
586546,1205,826
586547,1187,826
586548,1166,828
586549,1147,836
586550,1132,850
586551,1112,864
586552,1094,872
586553,1077,883
586554,1064,892
586555,1060,909
586556,1055,923
586557,1056,939
586558,1052,949
586559,1046,955
586560,1037,965
586561,1036,972
586562,1039,983
586563,1049,993
586564,1054,994
586565,1063,994
586566,1063,990
586567,1059,993
586568,1043,998
586569,1020,1006
586570,991,1017
586571,967,1028
586572,947,1045
586573,939,1065
586574,939,1084
586575,937,1091
586576,931,1093
586577,924,1090
586578,918,1091
586579,912,1098
586580,911,1105
586581,908,1112
586582,905,1111
586583,901,1112
586584,895,1111
586585,895,1114
586586,896,1117
586587,900,1121
586588,895,1125
586589,888,1123
586590,884,1123
586591,884,1127
586592,886,1138
586593,886,1146
586594,887,1147
586595,884,1147
586596,877,1141
586597,877,1138
586598,883,1134
586599,883,1133
586600,883,1133
586601,879,1131
586602,877,1132
586603,873,1137
586604,878,1140
586605,879,1144
586606,877,1144
586607,875,1143
586608,872,1145
586609,872,1152
586610,872,1153
586611,874,1157
586612,875,1155
586613,872,1157
586614,870,1161
586615,871,1164
586616,873,1168
586617,873,1173
586618,871,1173
586619,872,1176
586620,870,1177
586621,870,1179
586622,869,1186
586623,874,1188
586624,876,1187
586625,873,1186
586626,873,1184
586627,876,1189
586628,880,1191
586629,882,1196
586630,881,1190
586631,882,1185
586632,883,1184
586633,886,1185
586634,890,1189
586635,893,1189
586636,896,1190
586637,896,1188
586638,899,1182
586639,901,1176
586640,907,1171
586641,911,1165
586642,917,1159
586643,917,1153
586644,918,1147
586645,923,1144
586646,929,1146
586647,935,1144
586648,936,1142
586649,936,1139
586650,935,1137
586651,934,1134
586652,941,1130
586653,947,1121
586654,947,1109
586655,950,1099
586656,946,1091
586657,949,1089
586658,954,1084
586659,957,1082
586660,960,1073
586661,957,1068
586662,956,1066
586663,955,1071
586664,959,1069
586665,965,1066
586666,966,1060
586667,965,1053
586668,963,1049
586669,962,1052
586670,969,1052
586671,972,1049
586672,973,1043
586673,971,1041
586674,971,1042
586675,969,1039
586676,970,1043
586677,975,1041
586678,975,1038
586679,974,1036
586680,968,1035
586681,969,1038
586682,970,1043
586683,972,1043
586684,971,1044
586685,973,1041
586686,971,1038
586687,969,1040
586688,974,1042
586689,976,1047
586690,977,1042
586691,973,1041
586692,971,1039
586693,971,1041
586694,974,1047
586695,976,1048
586696,976,1049
586697,975,1043
586698,972,1040
586699,974,1044
586700,973,1048
586701,980,1049
586702,976,1048
586703,975,1042
586704,975,1038
586705,974,1037
586706,976,1043
586707,975,1043
586708,978,1046
586709,976,1040
586710,978,1040
586711,975,1042
586712,975,1042
586713,981,1044
586714,980,1041
586715,977,1039
586716,976,1038
586717,978,1037
586718,981,1036
586719,985,1037
586720,983,1038
586721,981,1037
586722,979,1038
586723,978,1038
586724,981,1043
586725,983,1044
586726,982,1044
586727,979,1044
586728,973,1042
586729,973,1044
586730,981,1044
586731,981,1040
586732,981,1036
586733,978,1036
586734,971,1037
586735,974,1040
586736,977,1045
586737,981,1047
586738,983,1045
586739,979,1042
586740,974,1035
586741,977,1036
586742,977,1037
586743,976,1039
586744,978,1036
586745,977,1034
586746,975,1032
586747,978,1034
586748,978,1038
586749,979,1042
586750,979,1039
586751,979,1035
586752,976,1034
586753,974,1040
586754,977,1041
586755,979,1047
586756,978,1043
586757,975,1044
586758,974,1042
586759,976,1043
586760,978,1044
586761,982,1044
586762,980,1040
586763,979,1035
586764,973,1036
586765,974,1037
586766,973,1045
586767,981,1047
586768,978,1047
586769,978,1040
586770,975,1036
586771,979,1037
586772,980,1040
586773,983,1041
586774,983,1043
586775,979,1044
586776,978,1045
586777,978,1045
586778,981,1047
586779,984,1045
586780,984,1043
586781,979,1036
586782,978,1036
586783,977,1041
586784,978,1044
586785,981,1042
586786,981,1041
586787,979,1038
586788,977,1036
586789,975,1035
586790,982,1035
586791,983,1035
586792,981,1033
586793,979,1032
586794,976,1032
586795,976,1033
586796,975,1037
586797,978,1037
586798,980,1037
586799,977,1036
586800,971,1034
586801,973,1040
586802,975,1040
586803,976,1041
586804,974,1038
586805,972,1034
586806,970,1034
586807,965,1037
586808,969,1040
586809,975,1040
586810,973,1040
586811,971,1041
586812,972,1041
586813,972,1046
586814,973,1044
586815,977,1047
586816,979,1042
586817,976,1038
586818,973,1038
586819,975,1038
586820,978,1039
586821,981,1038
586822,980,1036
586823,978,1035
586824,975,1034
586825,977,1041
586826,980,1043
586827,983,1044
586828,982,1044
586829,978,1041
586830,977,1039
586831,977,1040
586832,978,1043
586833,982,1046
586834,983,1043
586835,980,1039
586836,977,1036
586837,975,1034
586838,981,1034
586839,987,1036
586840,984,1035
586841,980,1038
586842,980,1037
586843,981,1042
586844,982,1040
586845,985,1039
586846,982,1034
586847,982,1033
586848,977,1036
586849,974,1042
586850,977,1049
586851,979,1048
586852,980,1037
586853,976,1032
586854,974,1029
586855,973,1030
586856,978,1033
586857,980,1035
586858,978,1034
586859,974,1033
586860,973,1034
586861,972,1039
586862,973,1041
586863,976,1041
586864,975,1037
586865,972,1036
586866,971,1038
586867,971,1042
586868,972,1048
586869,975,1046
586870,976,1044
586871,973,1044
586872,974,1043
586873,978,1040
586874,981,1039
586875,983,1033
586876,984,1031
586877,981,1030
586878,979,1032
586879,981,1036
586880,983,1036
586881,984,1033
586882,985,1032
586883,984,1031
586884,981,1032
586885,983,1036
586886,985,1038
586887,988,1038
586888,988,1035
586889,986,1032
586890,985,1031
586891,985,1035
586892,986,1038
586893,987,1039
586894,989,1035
586895,985,1029
586896,984,1027
586897,985,1029
586898,990,1031
586899,992,1031
586900,991,1034
586901,989,1031
586902,987,1033
586903,986,1036
586904,989,1038
586905,991,1037
586906,994,1035
586907,992,1032
586908,988,1031
586909,989,1032
586910,994,1033
586911,1002,1031
586912,1003,1029
586913,1010,1023
586914,1018,1024
586915,1031,1024
586916,1050,1025
586917,1073,1020
586918,1097,1009
586919,1122,991
586920,1148,972
586921,1174,964
586922,1203,962
586923,1232,970
586924,1249,983
586925,1250,1001
586926,1230,1016
586927,1201,1023
586928,1164,1029
586929,1123,1038
586930,1084,1048
586931,1049,1055
586932,1014,1065
586933,1000,1073
586934,995,1075
586935,1000,1067
586936,1004,1051
586937,1004,1034
586938,996,1025
586939,994,1025
586940,994,1028
586941,992,1029
586942,992,1026
586943,986,1023
586944,983,1024
586945,980,1031
586946,980,1032
586947,981,1036
586948,980,1034
586949,975,1032
586950,974,1029
586951,970,1033
586952,976,1032
586953,979,1034
586954,975,1035
586955,971,1033
586956,966,1033
586957,966,1037
586958,967,1041
586959,970,1043
586960,970,1039
586961,967,1040
586962,966,1042
586963,966,1048
586964,969,1053
586965,972,1055
586966,969,1052
586967,969,1051
586968,966,1050
586969,965,1051
586970,968,1050
586971,969,1048
586972,971,1043
586973,967,1040
586974,965,1043
586975,965,1048
586976,965,1046
586977,970,1042
586978,968,1037
586979,968,1034
586980,968,1033
586981,969,1033
586982,969,1032
586983,973,1032
586984,974,1030
586985,971,1028
586986,970,1028
586987,971,1032
586988,972,1033
586989,976,1032
586990,973,1027
586991,970,1019
586992,974,1017
586993,975,1022
586994,978,1025
586995,980,1027
586996,978,1024
586997,977,1021
586998,976,1021
586999,977,1019
587000,976,1023
587001,984,1024
587002,984,1023
587003,984,1018
587004,985,1015
587005,988,1016
587006,991,1019
587007,990,1022
587008,990,1022
587009,994,1017
587010,991,1015
587011,989,1021
587012,990,1023
587013,998,1021
587014,1001,1014
587015,999,1012
587016,999,1009
587017,1000,1012
587018,1003,1012
587019,1008,1009
587020,1007,1007
587021,1008,1005
587022,1006,1006
587023,1007,1007
587024,1010,1009
587025,1013,1009
587026,1017,1003
587027,1019,998
587028,1018,996
587029,1020,998
587030,1023,1000
587031,1027,1002
587032,1024,1001
587033,1024,1001
587034,1020,1005
587035,1023,1009
587036,1026,1009
587037,1029,1006
587038,1028,1002
587039,1023,997
587040,1022,999
587041,1024,1004
587042,1024,1007
587043,1026,1007
587044,1026,1008
587045,1024,1008
587046,1020,1009
587047,1019,1011
587048,1022,1013
587049,1021,1016
587050,1020,1019
587051,1014,1023
587052,1012,1023
587053,1009,1027
587054,1014,1030
587055,1015,1029
587056,1012,1029
587057,1010,1025
587058,1007,1023
587059,1005,1027
587060,1006,1026
587061,1008,1027
587062,1007,1025
587063,1001,1026
587064,998,1024
587065,1001,1029
587066,1000,1031
587067,1003,1033
587068,1003,1031
587069,1000,1027
587070,996,1028
587071,995,1034
587072,1000,1035
587073,1001,1037
587074,999,1036
587075,998,1032
587076,996,1031
587077,995,1036
587078,998,1038
587079,997,1039
587080,997,1034
587081,995,1033
587082,992,1029
587083,991,1025
587084,994,1027
587085,995,1025
587086,994,1026
587087,993,1025
587088,991,1025
587089,990,1023
587090,993,1025
587091,994,1027
587092,994,1026
587093,991,1026
587094,990,1027
587095,990,1028
587096,993,1032
587097,995,1030
587098,992,1025
587099,990,1023
587100,991,1022
587101,987,1028
587102,991,1029
587103,996,1027
587104,997,1026
587105,990,1022
587106,992,1022
587107,992,1024
587108,996,1024
587109,998,1029
587110,994,1029
587111,994,1030
587112,990,1032
587113,991,1031
587114,992,1031
587115,992,1033
587116,990,1031
587117,990,1032
587118,988,1031
587119,987,1034
587120,992,1033
587121,994,1033
587122,992,1033
587123,990,1034
587124,988,1037
587125,987,1039
587126,989,1040
587127,993,1040
587128,988,1036
587129,986,1033
587130,985,1034
587131,985,1038
587132,989,1039
587133,992,1037
587134,991,1035
587135,989,1032
587136,983,1032
587137,987,1037
587138,990,1043
587139,993,1042
587140,995,1041
587141,992,1033
587142,992,1032
587143,996,1031
587144,999,1034
587145,1005,1030
587146,1011,1025
587147,1015,1020
587148,1023,1014
587149,1036,1010
587150,1054,1010
587151,1075,1007
587152,1099,998
587153,1126,983
587154,1151,973
587155,1178,971
587156,1206,977
587157,1228,1000
587158,1230,1024
587159,1208,1037
587160,1174,1039
587161,1127,1052
587162,1081,1073
587163,1039,1090
587164,1005,1096
587165,989,1087
587166,983,1076
587167,988,1061
587168,995,1053
587169,997,1046
587170,993,1039
587171,987,1032
587172,983,1030
587173,979,1035
587174,980,1039
587175,978,1041
587176,976,1038
587177,971,1035
587178,966,1031
587179,966,1031
587180,969,1035
587181,974,1036
587182,971,1034
587183,967,1029
587184,962,1029
587185,963,1031
587186,966,1035
587187,965,1034
587188,964,1035
587189,963,1031
587190,961,1031
587191,958,1035
587192,960,1036
587193,965,1034
587194,966,1032
587195,962,1027
587196,961,1026
587197,960,1031
587198,961,1032
587199,962,1029
587200,966,1031
587201,962,1030
587202,961,1028
587203,957,1034
587204,964,1037
587205,966,1034
587206,963,1030
587207,962,1026
587208,960,1028
587209,961,1032
587210,963,1034
587211,966,1039
587212,966,1038
587213,962,1034
587214,960,1031
587215,964,1031
587216,963,1029
587217,969,1026
587218,961,1024
587219,964,1022
587220,961,1017
587221,964,1018
587222,964,1016
587223,969,1010
587224,969,1007
587225,968,1001
587226,965,1003
587227,965,1006
587228,970,1010
587229,971,1011
587230,974,1008
587231,972,999
587232,969,994
587233,970,991
587234,972,994
587235,973,994
587236,975,992
587237,974,986
587238,974,985
587239,974,985
587240,976,986
587241,978,987
587242,974,983
587243,976,982
587244,973,981
587245,975,980
587246,979,982
587247,982,983
587248,981,980
587249,979,978
587250,978,978
587251,979,983
587252,981,985
587253,987,986
587254,984,983
587255,985,984
587256,983,988
587257,983,992
587258,989,996
587259,993,999
587260,993,997
587261,991,999
587262,988,999
587263,987,1008
587264,989,1012
587265,992,1015
587266,993,1011
587267,990,1008
587268,987,1006
587269,986,1011
587270,988,1016
587271,990,1018
587272,988,1021
587273,984,1024
587274,982,1025
587275,981,1030
587276,980,1033
587277,985,1035
587278,982,1034
587279,981,1031
587280,977,1031
587281,975,1032
587282,977,1035
587283,981,1037
587284,977,1036
587285,978,1039
587286,975,1040
587287,976,1043
587288,980,1042
587289,979,1046
587290,981,1045
587291,977,1042
587292,975,1038
587293,975,1038
587294,979,1038
587295,979,1039
587296,978,1037
587297,975,1039
587298,971,1036
587299,971,1041
587300,970,1045
587301,975,1047
587302,974,1039
587303,976,1031
587304,971,1029
587305,974,1029
587306,977,1034
587307,974,1033
587308,973,1033
587309,973,1033
587310,969,1031
587311,970,1034
587312,973,1034
587313,977,1035
587314,975,1034
587315,973,1032
587316,969,1037
587317,970,1038
587318,972,1038
587319,979,1035
587320,976,1034
587321,977,1032
587322,974,1035
587323,975,1037
587324,973,1038
587325,982,1038
587326,979,1032
587327,977,1030
587328,974,1029
587329,976,1031
587330,976,1031
587331,978,1033
587332,977,1029
587333,976,1027
587334,972,1027
587335,972,1030
587336,974,1035
587337,976,1035
587338,975,1037
587339,974,1034
587340,970,1035
587341,972,1037
587342,976,1039
587343,979,1043
587344,977,1040
587345,973,1040
587346,972,1043
587347,973,1046
587348,974,1046
587349,974,1042
587350,975,1036
587351,970,1032
587352,971,1033
587353,972,1035
587354,972,1038
587355,974,1042
587356,974,1039
587357,972,1038
587358,970,1040
587359,971,1045
587360,974,1049
587361,974,1047
587362,974,1044
587363,969,1042
587364,968,1038
587365,971,1042
587366,976,1042
587367,979,1038
587368,977,1035
587369,973,1030
587370,969,1033
587371,974,1038
587372,975,1040
587373,981,1039
587374,978,1036
587375,980,1031
587376,976,1033
587377,978,1033
587378,983,1035
587379,986,1036
587380,986,1032
587381,985,1030
587382,982,1031
587383,989,1027
587384,997,1029
587385,1004,1031
587386,1011,1024
587387,1022,1016
587388,1035,1008
587389,1055,1004
587390,1080,993
587391,1105,981
587392,1137,967
587393,1165,962
587394,1187,971
587395,1209,995
587396,1217,1021
587397,1206,1044
587398,1172,1045
587399,1121,1047
587400,1078,1062
587401,1030,1085
587402,992,1099
587403,975,1103
587404,970,1097
587405,975,1083
587406,972,1067
587407,975,1058
587408,982,1046
587409,983,1040
587410,978,1035
587411,974,1033
587412,969,1034
587413,965,1035
587414,968,1039
587415,967,1037
587416,965,1035
587417,962,1032
587418,962,1035
587419,958,1038
587420,961,1042
587421,960,1039
587422,959,1034
587423,960,1033
587424,958,1033
587425,959,1035
587426,960,1042
587427,963,1043
587428,962,1039
587429,959,1041
587430,958,1039
587431,958,1044
587432,958,1042
587433,962,1042
587434,958,1039
587435,957,1035
587436,954,1037
587437,957,1039
587438,956,1036
587439,957,1032
587440,960,1034
587441,956,1032
587442,952,1034
587443,953,1033
587444,956,1035
587445,960,1034
587446,957,1030
587447,955,1026
587448,951,1027
587449,955,1028
587450,959,1030
587451,960,1032
587452,960,1032
587453,959,1028
587454,955,1025
587455,959,1025
587456,960,1027
587457,963,1026
587458,963,1026
587459,958,1021
587460,957,1018
587461,957,1021
587462,963,1021
587463,964,1017
587464,964,1018
587465,963,1020
587466,961,1022
587467,965,1022
587468,968,1020
587469,971,1016
587470,972,1011
587471,968,1001
587472,971,999
587473,971,1000
587474,975,1003
587475,979,1004
587476,981,1001
587477,979,994
587478,979,991
587479,980,991
587480,982,994
587481,987,993
587482,985,988
587483,985,986
587484,985,985
587485,987,988
587486,992,993
587487,995,993
587488,996,990
587489,993,992
587490,994,989
587491,998,994
587492,999,996
587493,1004,995
587494,1002,995
587495,999,994
587496,998,997
587497,998,998
587498,1000,1003
587499,1001,1004
587500,998,1008
587501,995,1009
587502,992,1010
587503,992,1018
587504,992,1022
587505,992,1027
587506,991,1028
587507,988,1028
587508,985,1032
587509,983,1037
587510,984,1038
587511,986,1043
587512,983,1045
587513,981,1046
587514,977,1049
587515,977,1056
587516,981,1059
587517,984,1055
587518,984,1046
587519,983,1042
587520,981,1041
587521,980,1042
587522,986,1048
587523,987,1049
587524,988,1051
587525,987,1048
587526,984,1051
587527,987,1050
587528,991,1048
587529,990,1046
587530,990,1040
587531,987,1037
587532,984,1037
587533,985,1040
587534,989,1042
587535,992,1038
587536,990,1037
587537,986,1033
587538,983,1031
587539,985,1033
587540,987,1035
587541,989,1036
587542,987,1031
587543,984,1029
587544,982,1033
587545,981,1041
587546,984,1044
587547,989,1043
587548,985,1040
587549,985,1036
587550,982,1035
587551,982,1039
587552,985,1041
587553,988,1039
587554,983,1036
587555,983,1035
587556,980,1039
587557,983,1044
587558,986,1047
587559,988,1042
587560,988,1039
587561,985,1036
587562,981,1037
587563,983,1042
587564,986,1044
587565,989,1041
587566,990,1037
587567,988,1033
587568,986,1035
587569,987,1038
587570,989,1040
587571,990,1042
587572,989,1040
587573,987,1039
587574,987,1041
587575,989,1044
587576,989,1043
587577,991,1042
587578,988,1041
587579,984,1040
587580,981,1041
587581,984,1047
587582,986,1051
587583,987,1047
587584,987,1044
587585,985,1044
587586,983,1041
587587,982,1046
587588,984,1046
587589,988,1047
587590,988,1046
587591,985,1043
587592,983,1043
587593,984,1046
587594,986,1049
587595,989,1051
587596,986,1051
587597,984,1046
587598,984,1042
587599,983,1043
587600,987,1041
587601,988,1044
587602,988,1046
587603,983,1046
587604,982,1046
587605,985,1046
587606,985,1052
587607,987,1051
587608,987,1048
587609,986,1049
587610,980,1050
587611,985,1050
587612,987,1055
587613,989,1050
587614,990,1046
587615,986,1041
587616,982,1039
587617,985,1042
587618,987,1047
587619,990,1048
587620,989,1047
587621,987,1046
587622,986,1041
587623,988,1044
587624,992,1048
587625,994,1048
587626,991,1044
587627,990,1040
587628,989,1041
587629,992,1045
587630,996,1046
587631,997,1047
587632,996,1044
587633,999,1043
587634,999,1043
587635,1000,1044
587636,1008,1044
587637,1015,1044
587638,1020,1039
587639,1028,1033
587640,1039,1029
587641,1057,1028
587642,1081,1023
587643,1111,1008
587644,1138,982
587645,1167,967
587646,1193,965
587647,1220,979
587648,1241,1003
587649,1243,1029
587650,1224,1039
587651,1185,1045
587652,1139,1053
587653,1089,1074
587654,1045,1093
587655,1013,1102
587656,992,1104
587657,983,1095
587658,987,1082
587659,994,1070
587660,999,1063
587661,1002,1059
587662,999,1050
587663,994,1044
587664,988,1039
587665,988,1039
587666,987,1044
587667,988,1046
587668,984,1046
587669,981,1045
587670,976,1047
587671,978,1047
587672,977,1049
587673,978,1048
587674,977,1045
587675,972,1045
587676,965,1046
587677,967,1047
587678,973,1048
587679,975,1049
587680,974,1048
587681,968,1043
587682,967,1045
587683,967,1046
587684,971,1048
587685,973,1049
587686,972,1048
587687,969,1045
587688,967,1049
587689,967,1053
587690,970,1054
587691,970,1057
587692,970,1056
587693,966,1053
587694,966,1051
587695,968,1049
587696,972,1046
587697,973,1043
587698,976,1041
587699,973,1041
587700,972,1040
587701,974,1041
587702,978,1045
587703,979,1043
587704,980,1040
587705,978,1037
587706,975,1039
587707,974,1041
587708,978,1043
587709,983,1039
587710,983,1035
587711,982,1030
587712,979,1030
587713,980,1035
587714,982,1038
587715,987,1037
587716,984,1037
587717,982,1030
587718,981,1029
587719,981,1027
587720,984,1032
587721,989,1033
587722,987,1029
587723,988,1022
587724,983,1019
587725,986,1018
587726,988,1023
587727,992,1021
587728,991,1016
587729,987,1010
587730,986,1007
587731,988,1011
587732,990,1016
587733,994,1015
587734,993,1011
587735,990,1012
587736,990,1010
587737,991,1010
587738,995,1011
587739,1001,1012
587740,1001,1009
587741,998,1006
587742,996,1005
587743,1000,1005
587744,1003,1007
587745,1007,1004
587746,1005,1003
587747,1008,1000
587748,1007,1003
587749,1009,1008
587750,1012,1014
587751,1015,1014
587752,1014,1009
587753,1014,1003
587754,1012,1005
587755,1013,1012
587756,1014,1015
587757,1014,1020
587758,1014,1021
587759,1010,1019
587760,1008,1023
587761,1006,1028
587762,1008,1034
587763,1007,1037
587764,1007,1037
587765,1002,1038
587766,999,1042
587767,996,1046
587768,1000,1043
587769,1000,1037
587770,1000,1040
587771,994,1040
587772,993,1043
587773,996,1047
587774,997,1051
587775,998,1051
587776,998,1051
587777,993,1051
587778,991,1053
587779,993,1054
587780,994,1058
587781,994,1056
587782,993,1055
587783,991,1053
587784,990,1056
587785,990,1054
587786,995,1053
587787,997,1048
587788,997,1043
587789,994,1043
587790,993,1042
587791,993,1046
587792,996,1046
587793,999,1039
587794,999,1036
587795,999,1037
587796,996,1038
587797,998,1042
587798,999,1044
587799,999,1040
587800,999,1035
587801,998,1030
587802,995,1032
587803,996,1037
587804,997,1040
587805,1001,1043
587806,998,1038
587807,999,1035
587808,997,1032
587809,997,1036
587810,999,1040
587811,1002,1040
587812,1002,1039
587813,999,1040
587814,994,1043
587815,994,1046
587816,997,1047
587817,999,1049
587818,1000,1050
587819,997,1048
587820,994,1045
587821,993,1044
587822,995,1047
587823,997,1042
587824,994,1042
587825,993,1040
587826,990,1042
587827,992,1046
587828,993,1046
587829,996,1043
587830,993,1039
587831,993,1035
587832,990,1036
587833,990,1039
587834,988,1044
587835,991,1046
587836,992,1043
587837,987,1043
587838,987,1039
587839,986,1040
587840,990,1045
587841,992,1044
587842,994,1037
587843,991,1038
587844,989,1041
587845,991,1045
587846,993,1048
587847,996,1049
587848,994,1049
587849,993,1049
587850,988,1050
587851,990,1049
587852,991,1046
587853,994,1047
587854,992,1047
587855,989,1048
587856,987,1051
587857,990,1056
587858,992,1057
587859,995,1054
587860,993,1048
587861,991,1044
587862,993,1042
587863,992,1044
587864,994,1045
587865,998,1043
587866,993,1042
587867,995,1041
587868,988,1044
587869,992,1045
587870,994,1051
587871,997,1051
587872,993,1047
587873,992,1045
587874,990,1043
587875,990,1047
587876,992,1046
587877,995,1046
587878,994,1044
587879,990,1040
587880,987,1041
587881,989,1044
587882,991,1045
587883,995,1047
587884,994,1044
587885,991,1042
587886,989,1043
587887,990,1047
587888,992,1049
587889,996,1047
587890,992,1042
587891,991,1036
587892,987,1037
587893,989,1043
587894,991,1050
587895,993,1050
587896,991,1051
587897,992,1048
587898,990,1046
587899,990,1047
587900,991,1050
587901,996,1048
587902,993,1044
587903,993,1041
587904,988,1045
587905,991,1044
587906,995,1046
587907,998,1047
587908,993,1049
587909,989,1047
587910,990,1047
587911,991,1049
587912,996,1048
587913,998,1044
587914,997,1040
587915,996,1037
587916,991,1040
587917,996,1045
587918,997,1048
587919,999,1047
587920,996,1048
587921,997,1043
587922,994,1043
587923,995,1046
587924,995,1050
587925,998,1052
587926,995,1049
587927,990,1043
587928,989,1041
587929,990,1041
587930,992,1042
587931,994,1042
587932,993,1039
587933,991,1036
587934,987,1035
587935,991,1040
587936,990,1047
587937,993,1048
587938,994,1051
587939,991,1051
587940,987,1056
587941,993,1057
587942,995,1057
587943,999,1053
587944,998,1047
587945,997,1042
587946,995,1042
587947,998,1042
587948,1000,1043
587949,1002,1044
587950,1004,1041
587951,1003,1039
587952,1000,1040
587953,1000,1045
587954,1002,1044
587955,1005,1042
587956,1006,1040
587957,1004,1038
587958,1005,1036
587959,1009,1036
587960,1017,1034
587961,1028,1028
587962,1039,1022
587963,1048,1017
587964,1062,1017
587965,1081,1011
587966,1105,998
587967,1132,981
587968,1156,967
587969,1177,962
587970,1196,967
587971,1211,988
587972,1210,1011
587973,1198,1024
587974,1161,1033
587975,1119,1041
587976,1080,1055
587977,1046,1062
587978,1019,1073
587979,1008,1072
587980,1003,1067
587981,1003,1059
587982,1005,1047
587983,1007,1041
587984,1006,1043
587985,1005,1043
587986,1002,1043
587987,996,1040
587988,993,1037
587989,992,1038
587990,994,1043
587991,994,1043
587992,992,1039
587993,987,1041
587994,986,1043
587995,988,1044
587996,989,1043
587997,991,1044
587998,991,1043
587999,986,1045
588000,987,1045
588001,986,1048
588002,987,1050
588003,990,1051
588004,989,1044
588005,984,1041
588006,984,1041
588007,988,1044
588008,989,1048
588009,992,1049
588010,987,1043
588011,986,1041
588012,983,1044
588013,985,1048
588014,987,1055
588015,987,1055
588016,989,1051
588017,987,1045
588018,984,1043
588019,986,1043
588020,989,1043
588021,991,1044
588022,988,1041
588023,987,1038
588024,985,1040
588025,987,1046
588026,989,1055
588027,990,1058
588028,986,1054
588029,984,1051
588030,985,1051
588031,984,1054
588032,986,1053
588033,994,1049
588034,990,1041
588035,991,1036
588036,988,1033
588037,991,1034
588038,995,1035
588039,998,1035
588040,999,1033
588041,997,1029
588042,998,1027
588043,999,1025
588044,1003,1031
588045,1003,1029
588046,1004,1025
588047,1004,1020
588048,1002,1014
588049,1005,1018
588050,1008,1020
588051,1008,1019
588052,1012,1014
588053,1008,1009
588054,1008,1010
588055,1012,1010
588056,1015,1014
588057,1019,1013
588058,1017,1009
588059,1015,1006
588060,1013,1008
588061,1015,1012
588062,1017,1014
588063,1020,1012
588064,1019,1009
588065,1019,1008
588066,1017,1008
588067,1019,1009
588068,1025,1007
588069,1029,1001
588070,1027,996
588071,1025,1000
588072,1022,1006
588073,1023,1011
588074,1028,1015
588075,1029,1013
588076,1030,1012
588077,1028,1012
588078,1026,1013
588079,1026,1014
588080,1026,1020
588081,1030,1022
588082,1026,1021
588083,1026,1023
588084,1023,1027
588085,1022,1029
588086,1025,1030
588087,1029,1030
588088,1026,1029
588089,1023,1029
588090,1019,1033
588091,1019,1036
588092,1017,1040
588093,1020,1043
588094,1018,1040
588095,1014,1041
588096,1011,1040
588097,1009,1042
588098,1013,1044
588099,1015,1046
588100,1016,1042
588101,1007,1044
588102,1005,1043
588103,1009,1041
588104,1010,1039
588105,1012,1036
588106,1010,1036
588107,1007,1035
588108,1007,1037
588109,1008,1038
588110,1009,1038
588111,1012,1039
588112,1012,1039
588113,1006,1040
588114,1005,1045
588115,1007,1046
588116,1008,1046
588117,1010,1036
588118,1010,1038
588119,1009,1034
588120,1003,1033
588121,1006,1036
588122,1010,1036
588123,1011,1036
588124,1010,1030
588125,1006,1024
588126,1002,1026
588127,1003,1034
588128,1007,1038
588129,1009,1040
588130,1012,1042
588131,1009,1039
588132,1010,1038
588133,1010,1038
588134,1010,1038
588135,1012,1037
588136,1013,1035
588137,1012,1033
588138,1008,1033
588139,1008,1036
588140,1008,1038
588141,1010,1040
588142,1010,1038
588143,1007,1036
588144,1004,1034
588145,1009,1035
588146,1012,1036
588147,1013,1036
588148,1012,1036
588149,1008,1033
588150,1006,1033
588151,1006,1039
588152,1008,1042
588153,1009,1040
588154,1011,1040
588155,1008,1036
588156,1004,1033
588157,1006,1034
588158,1006,1036
588159,1010,1040
588160,1006,1042
588161,1005,1039
588162,1004,1041
588163,1004,1040
588164,1007,1038
588165,1008,1038
588166,1006,1037
588167,1005,1037
588168,999,1039
588169,1001,1040
588170,1004,1040
588171,1008,1035
588172,1007,1033
588173,1001,1029
588174,996,1031
588175,998,1032
588176,1000,1040
588177,1004,1043
588178,1002,1039
588179,1001,1036
588180,1000,1037
588181,999,1042
588182,1004,1044
588183,1008,1042
588184,1008,1036
588185,1005,1033
588186,1005,1035
588187,1004,1034
588188,1008,1038
588189,1011,1040
588190,1009,1037
588191,1007,1032
588192,1005,1030
588193,1008,1032
588194,1010,1036
588195,1015,1036
588196,1012,1039
588197,1010,1039
588198,1006,1036
588199,1010,1037
588200,1013,1038
588201,1016,1038
588202,1016,1030
588203,1011,1026
588204,1012,1025
588205,1017,1023
588206,1025,1026
588207,1036,1023
588208,1043,1018
588209,1055,1011
588210,1067,1010
588211,1089,1005
588212,1117,996
588213,1148,981
588214,1179,965
588215,1206,959
588216,1228,964
588217,1252,987
588218,1258,1013
588219,1242,1026
588220,1203,1030
588221,1152,1037
588222,1102,1054
588223,1054,1074
588224,1016,1091
588225,999,1097
588226,995,1090
588227,998,1073
588228,1003,1055
588229,1009,1047
588230,1009,1043
588231,1010,1042
588232,1006,1038
588233,1001,1035
588234,996,1033
588235,995,1037
588236,994,1043
588237,997,1041
588238,994,1037
588239,994,1037
588240,991,1033
588241,990,1031
588242,992,1032
588243,993,1031
588244,991,1031
588245,987,1029
588246,985,1034
588247,986,1036
588248,987,1035
588249,989,1033
588250,986,1031
588251,985,1031
588252,979,1029
588253,982,1031
588254,983,1034
588255,985,1035
588256,984,1032
588257,982,1030
588258,979,1032
588259,978,1036
588260,983,1039
588261,986,1035
588262,988,1029
588263,983,1026
588264,982,1025
588265,982,1030
588266,986,1030
588267,987,1031
588268,988,1027
588269,986,1025
588270,981,1027
588271,981,1027
588272,990,1031
588273,992,1032
588274,990,1032
588275,988,1024
588276,985,1021
588277,991,1021
588278,998,1023
588279,995,1023
588280,996,1020
588281,995,1015
588282,995,1013
588283,997,1015
588284,998,1015
588285,1000,1010
588286,1001,1004
588287,998,1000
588288,999,1000
588289,1000,1005
588290,1003,1007
588291,1007,1007
588292,1003,1003
588293,1006,999
588294,1004,997
588295,1004,998
588296,1008,996
588297,1009,992
588298,1009,988
588299,1005,984
588300,1005,985
588301,1008,985
588302,1009,987
588303,1013,985
588304,1012,980
588305,1008,980
588306,1008,982
588307,1007,985
588308,1013,988
588309,1016,988
588310,1015,987
588311,1014,986
588312,1014,983
588313,1015,984
588314,1016,984
588315,1019,982
588316,1021,981
588317,1018,980
588318,1015,978
588319,1018,984
588320,1018,988
588321,1021,989
588322,1021,989
588323,1014,992
588324,1012,997
588325,1009,1009
588326,1015,1015
588327,1016,1014
588328,1016,1010
588329,1011,1006
588330,1013,1007
588331,1012,1014
588332,1017,1018
588333,1019,1021
588334,1018,1022
588335,1012,1020
588336,1009,1023
588337,1010,1025
588338,1011,1031
588339,1012,1035
588340,1011,1035
588341,1008,1032
588342,1004,1034
588343,1004,1041
588344,1004,1044
588345,1005,1043
588346,1002,1041
588347,1004,1037
588348,1000,1038
588349,1000,1038
588350,1002,1043
588351,1003,1044
588352,998,1041
588353,998,1037
588354,997,1036
588355,995,1036
588356,999,1035
588357,1001,1036
588358,999,1034
588359,996,1033
588360,995,1035
588361,997,1039
588362,1001,1042
588363,1001,1037
588364,997,1035
588365,995,1030
588366,996,1026
588367,998,1025
588368,1001,1027
588369,1003,1027
588370,1002,1027
588371,999,1026
588372,997,1025
588373,998,1030
588374,1001,1034
588375,1004,1029
588376,1004,1030
588377,1001,1028
588378,997,1030
588379,996,1034
588380,998,1036
588381,1000,1029
588382,997,1021
588383,994,1016
588384,994,1014
588385,999,1018
588386,1002,1022
588387,1004,1026
588388,1002,1025
588389,1002,1025
588390,999,1027
588391,1001,1029
588392,1004,1033
588393,1002,1032
588394,1000,1034
588395,997,1030
588396,995,1031
588397,997,1039
588398,998,1044
588399,1000,1046
588400,998,1044
588401,994,1040
588402,994,1036
588403,994,1036
588404,997,1037
588405,995,1037
588406,998,1036
588407,992,1034
588408,989,1033
588409,991,1035
588410,995,1036
588411,997,1030
588412,994,1028
588413,992,1025
588414,989,1028
588415,993,1031
588416,995,1033
588417,997,1031
588418,994,1029
588419,994,1026
588420,991,1025
588421,991,1031
588422,993,1034
588423,995,1034
588424,995,1031
588425,989,1030
588426,986,1029
588427,987,1032
588428,991,1032
588429,992,1031
588430,993,1029
588431,989,1027
588432,987,1026
588433,988,1027
588434,994,1028
588435,996,1030
588436,995,1031
588437,994,1033
588438,993,1033
588439,996,1033
588440,994,1035
588441,997,1032
588442,998,1032
588443,994,1028
588444,993,1035
588445,994,1038
588446,997,1040
588447,996,1035
588448,995,1033
588449,994,1031
588450,995,1035
588451,994,1036
588452,995,1039
588453,998,1042
588454,995,1040
588455,993,1040
588456,993,1038
588457,997,1039
588458,998,1039
588459,997,1036
588460,997,1036
588461,992,1034
588462,989,1037
588463,991,1037
588464,993,1037
588465,997,1036
588466,995,1032
588467,993,1033
588468,993,1036
588469,995,1038
588470,996,1041
588471,996,1037
588472,995,1032
588473,992,1030
588474,989,1027
588475,990,1032
588476,993,1036
588477,993,1039
588478,994,1035
588479,991,1031
588480,992,1026
588481,996,1025
588482,998,1027
588483,998,1023
588484,1000,1022
588485,996,1019
588486,994,1020
588487,995,1022
588488,996,1026
588489,998,1027
588490,998,1028
588491,998,1027
588492,997,1027
588493,998,1029
588494,1002,1035
588495,1003,1035
588496,1001,1032
588497,998,1035
588498,998,1037
588499,997,1039
588500,1001,1042
588501,1002,1039
588502,1003,1040
588503,998,1039
588504,998,1041
588505,997,1042
588506,1002,1044
588507,1003,1040
588508,1002,1036
588509,999,1033
588510,1001,1032
588511,1000,1034
588512,1002,1038
588513,1004,1036
588514,1002,1035
588515,1001,1031
588516,1000,1030
588517,1000,1033
588518,1003,1034
588519,1005,1034
588520,1001,1033
588521,1001,1032
588522,999,1032
588523,1000,1037
588524,1002,1039
588525,1003,1038
588526,1003,1034
588527,1001,1031
588528,997,1032
588529,997,1038
588530,1000,1039
588531,1003,1036
588532,1001,1028
588533,999,1027
588534,998,1025
588535,999,1026
588536,1000,1027
588537,1000,1022
588538,999,1020
588539,995,1017
588540,995,1020
588541,999,1022
588542,1001,1026
588543,1004,1028
588544,1002,1029
588545,997,1030
588546,997,1034
588547,999,1039
588548,1003,1040
588549,1005,1037
588550,1002,1031
588551,1002,1027
588552,1000,1030
588553,1002,1032
588554,1005,1034
588555,1003,1034
588556,1006,1032
588557,1002,1031
588558,1001,1030
588559,1000,1034
588560,1004,1036
588561,1005,1034
588562,1002,1035
588563,1004,1030
588564,1001,1033
588565,1003,1037
588566,1004,1043
588567,1004,1040
588568,1005,1038
588569,1002,1035
588570,1000,1037
588571,1001,1040
588572,1006,1041
588573,1010,1041
588574,1009,1039
588575,1007,1037
588576,1004,1038
588577,1006,1038
588578,1009,1041
588579,1011,1039
588580,1010,1035
588581,1012,1029
588582,1008,1025
588583,1009,1029
588584,1011,1030
588585,1013,1033
588586,1013,1033
588587,1010,1035
588588,1008,1035
588589,1009,1029
588590,1013,1022
588591,1019,1018
588592,1016,1017
588593,1015,1018
588594,1013,1018
588595,1020,1019
588596,1026,1018
588597,1030,1014
588598,1038,1011
588599,1046,1005
588600,1059,1001
588601,1073,1005
588602,1097,1002
588603,1124,988
588604,1150,972
588605,1175,959
588606,1204,958
588607,1234,967
588608,1265,984
588609,1277,1004
588610,1268,1021
588611,1242,1028
588612,1201,1031
588613,1158,1043
588614,1117,1060
588615,1076,1073
588616,1040,1079
588617,1013,1086
588618,1008,1085
588619,1012,1079
588620,1019,1069
588621,1023,1057
588622,1024,1049
588623,1019,1041
588624,1014,1044
588625,1010,1042
588626,1010,1044
588627,1008,1042
588628,1005,1042
588629,1001,1041
588630,998,1043
588631,999,1040
588632,1001,1043
588633,1001,1044
588634,1000,1041
588635,997,1035
588636,994,1030
588637,997,1027
588638,999,1027
588639,998,1026
588640,994,1026
588641,991,1023
588642,991,1029
588643,992,1029
588644,994,1029
588645,994,1026
588646,991,1025
588647,995,1025
588648,991,1027
588649,992,1028
588650,993,1029
588651,996,1029
588652,997,1030
588653,994,1030
588654,993,1031
588655,995,1034
588656,995,1038
588657,996,1037
588658,993,1038
588659,991,1033
588660,989,1036
588661,992,1038
588662,995,1037
588663,998,1038
588664,997,1037
588665,994,1035
588666,993,1034
588667,993,1037
588668,996,1040
588669,1000,1038
588670,1000,1039
588671,997,1038
588672,997,1039
588673,998,1037
588674,1000,1037
588675,1006,1034
588676,1004,1026
588677,1002,1023
588678,1002,1023
588679,1006,1025
588680,1008,1023
588681,1010,1022
588682,1007,1020
588683,1004,1019
588684,1004,1019
588685,1009,1023
588686,1012,1028
588687,1014,1022
588688,1014,1016
588689,1008,1007
588690,1010,1004
588691,1013,1005
588692,1016,1004
588693,1019,999
588694,1018,998
588695,1019,993
588696,1021,994
588697,1024,997
588698,1025,999
588699,1028,1002
588700,1029,1003
588701,1026,1001
588702,1027,1006
588703,1026,1006
588704,1028,1009
588705,1032,1009
588706,1034,1006
588707,1030,1002
588708,1029,1004
588709,1032,1005
588710,1039,1008
588711,1042,1008
588712,1036,1007
588713,1037,1004
588714,1035,1007
588715,1034,1009
588716,1035,1010
588717,1040,1008
588718,1042,1006
588719,1038,1010
588720,1039,1015
588721,1040,1017
588722,1042,1019
588723,1041,1018
588724,1040,1016
588725,1038,1015
588726,1035,1016
588727,1035,1017
588728,1036,1019
588729,1035,1018
588730,1032,1019
588731,1031,1022
588732,1027,1027
588733,1026,1030
588734,1027,1034
588735,1027,1034
588736,1022,1033
588737,1018,1028
588738,1016,1028
588739,1016,1026
588740,1016,1028
588741,1022,1028
588742,1021,1026
588743,1016,1028
588744,1012,1029
588745,1014,1033
588746,1016,1036
588747,1018,1034
588748,1018,1033
588749,1017,1032
588750,1014,1034
588751,1013,1039
588752,1019,1044
588753,1019,1044
588754,1017,1040
588755,1014,1038
588756,1013,1037
588757,1017,1040
588758,1019,1043
588759,1018,1040
588760,1016,1035
588761,1012,1038
588762,1011,1038
588763,1014,1041
588764,1015,1044
588765,1014,1044
588766,1016,1037
588767,1014,1033
588768,1012,1034
588769,1013,1037
588770,1016,1041
588771,1017,1042
588772,1016,1037
588773,1013,1033
588774,1012,1035
588775,1015,1036
588776,1018,1039
588777,1019,1038
588778,1019,1036
588779,1014,1034
588780,1015,1033
588781,1014,1036
588782,1017,1038
588783,1019,1041
588784,1016,1036
588785,1013,1029
588786,1014,1026
588787,1014,1027
588788,1014,1029
588789,1015,1028
588790,1013,1025
588791,1009,1024
588792,1006,1025
588793,1008,1028
588794,1012,1032
588795,1013,1035
588796,1011,1031
588797,1008,1026
588798,1011,1028
588799,1014,1032
588800,1015,1037
588801,1017,1039
588802,1015,1037
588803,1015,1035
588804,1012,1036
588805,1012,1042
588806,1016,1043
588807,1019,1040
588808,1016,1041
588809,1013,1041
588810,1011,1039
588811,1011,1042
588812,1012,1045
588813,1014,1045
588814,1009,1046
588815,1009,1046
588816,1006,1049
588817,1011,1049
588818,1011,1050
588819,1014,1050
588820,1014,1048
588821,1011,1050
588822,1006,1050
588823,1009,1049
588824,1011,1046
588825,1012,1042
588826,1012,1040
588827,1011,1040
588828,1009,1046
588829,1008,1049
588830,1010,1048
588831,1014,1042
588832,1015,1040
588833,1011,1036
588834,1008,1037
588835,1009,1039
588836,1011,1045
588837,1011,1045
588838,1012,1042
588839,1009,1039
588840,1008,1038
588841,1008,1039
588842,1011,1041
588843,1010,1037
588844,1007,1035
588845,1003,1032
588846,1001,1031
588847,1002,1033
588848,1006,1038
588849,1007,1037
588850,1008,1039
588851,1004,1038
588852,1004,1042
588853,1009,1045
588854,1009,1051
588855,1012,1048
588856,1012,1046
588857,1013,1041
588858,1013,1037
588859,1016,1037
588860,1022,1040
588861,1034,1033
588862,1041,1030
588863,1047,1024
588864,1060,1024
588865,1078,1026
588866,1099,1022
588867,1125,1003
588868,1150,981
588869,1172,963
588870,1202,959
588871,1229,962
588872,1261,975
588873,1273,997
588874,1269,1017
588875,1248,1026
588876,1207,1027
588877,1166,1036
588878,1127,1053
588879,1079,1068
588880,1040,1081
588881,1011,1091
588882,1000,1093
588883,1004,1087
588884,1013,1075
588885,1018,1060
588886,1019,1050
588887,1015,1043
588888,1011,1041
588889,1009,1040
588890,1009,1042
588891,1009,1042
588892,999,1040
588893,996,1038
588894,992,1041
588895,991,1044
588896,994,1047
588897,999,1043
588898,997,1040
588899,994,1037
588900,992,1039
588901,993,1043
588902,996,1048
588903,998,1047
588904,994,1045
588905,992,1041
588906,990,1042
588907,992,1045
588908,993,1051
588909,997,1051
588910,994,1048
588911,991,1043
588912,989,1047
588913,989,1048
588914,994,1052
588915,995,1050
588916,996,1048
588917,991,1047
588918,991,1049
588919,992,1050
588920,995,1053
588921,997,1051
588922,994,1051
588923,993,1048
588924,992,1045
588925,995,1047
588926,997,1046
588927,997,1048
588928,992,1044
588929,994,1046
588930,992,1046
588931,991,1043
588932,997,1041
588933,999,1034
588934,997,1032
588935,995,1031
588936,995,1034
588937,996,1039
588938,999,1043
588939,1000,1042
588940,997,1038
588941,994,1036
588942,996,1029
588943,999,1030
588944,1001,1023
588945,1002,1019
588946,1003,1013
588947,999,1010
588948,998,1013
588949,1001,1015
588950,1004,1023
588951,1006,1020
588952,1007,1017
588953,1008,1008
588954,1006,1005
588955,1008,1003
588956,1017,1003
588957,1018,1003
588958,1016,998
588959,1014,996
588960,1015,998
588961,1017,999
588962,1020,1003
588963,1021,999
588964,1018,995
588965,1020,993
588966,1020,993
588967,1022,997
588968,1021,999
588969,1023,996
588970,1023,997
588971,1023,997
588972,1021,996
588973,1022,993
588974,1026,997
588975,1026,1001
588976,1025,1000
588977,1024,1001
588978,1019,1001
588979,1025,1009
588980,1027,1016
588981,1028,1008
588982,1023,1009
588983,1022,1005
588984,1022,1006
588985,1020,1012
588986,1023,1014
588987,1022,1016
588988,1017,1019
588989,1015,1017
588990,1008,1021
588991,1009,1025
588992,1010,1031
588993,1009,1033
588994,1006,1031
588995,1002,1037
588996,999,1040
588997,998,1045
588998,1003,1046
588999,1005,1046
589000,1002,1043
589001,998,1039
589002,998,1037
589003,999,1038
589004,1001,1040
589005,1005,1041
589006,1004,1040
589007,1001,1037
589008,1002,1034
589009,1004,1040
589010,1008,1044
589011,1012,1041
589012,1013,1039
589013,1012,1035
589014,1012,1037
589015,1013,1041
589016,1016,1046
589017,1022,1043
589018,1022,1049
589019,1022,1049
589020,1026,1049
589021,1033,1049
589022,1037,1055
589023,1041,1055
589024,1044,1054
589025,1046,1051
589026,1049,1048
589027,1061,1046
589028,1075,1035
589029,1088,1018
589030,1099,997
589031,1108,980
589032,1120,969
589033,1138,955
589034,1154,943
589035,1167,927
589036,1183,906
589037,1194,877
589038,1212,850
589039,1229,832
589040,1243,823
589041,1253,810
589042,1261,798
589043,1259,790
589044,1256,787
589045,1256,786
589046,1255,788
589047,1251,785
589048,1241,781
589049,1225,782
589050,1207,785
589051,1193,792
589052,1176,802
589053,1161,810
589054,1140,819
589055,1117,827
589056,1096,839
589057,1081,854
589058,1072,870
589059,1067,890
589060,1066,905
589061,1059,920
589062,1055,937
589063,1053,949
589064,1053,962
589065,1056,971
589066,1062,975
589067,1067,981
589068,1077,983
589069,1083,988
589070,1081,993
589071,1066,997
589072,1035,1005
589073,1007,1019
589074,980,1037
589075,969,1054
589076,963,1078
589077,959,1090
589078,952,1099
589079,945,1100
589080,940,1099
589081,939,1101
589082,936,1107
589083,931,1107
589084,930,1110
589085,925,1112
589086,919,1113
589087,917,1124
589088,917,1131
589089,916,1132
589090,913,1128
589091,909,1127
589092,909,1126
589093,906,1131
589094,908,1142
589095,908,1150
589096,906,1152
589097,903,1142
589098,903,1133
589099,904,1129
589100,904,1127
589101,906,1126
589102,901,1125
589103,897,1125
589104,895,1127
589105,894,1133
589106,896,1142
589107,896,1145
589108,894,1144
589109,888,1150
589110,887,1157
589111,886,1163
589112,888,1163
589113,891,1163
589114,889,1162
589115,887,1164
589116,883,1171
589117,889,1177
589118,893,1186
589119,894,1187
589120,894,1186
589121,891,1186
589122,891,1194
589123,895,1198
589124,896,1201
589125,897,1202
589126,897,1202
589127,895,1203
589128,897,1205
589129,897,1206
589130,901,1210
589131,906,1207
589132,905,1204
589133,906,1199
589134,908,1200
589135,911,1199
589136,916,1199
589137,920,1195
589138,922,1191
589139,922,1183
589140,928,1181
589141,930,1176
589142,933,1177
589143,935,1171
589144,936,1163
589145,939,1154
589146,941,1151
589147,943,1152
589148,947,1152
589149,948,1146
589150,952,1133
589151,953,1118
589152,956,1108
589153,957,1107
589154,960,1106
589155,965,1102
589156,963,1100
589157,961,1095
589158,960,1090
589159,962,1083
589160,966,1074
589161,969,1068
589162,966,1066
589163,965,1066
589164,966,1064
589165,970,1058
589166,975,1055
589167,976,1052
589168,974,1050
589169,974,1048
589170,976,1046
589171,977,1048
589172,979,1050
589173,980,1044
589174,977,1044
589175,976,1042
589176,974,1043
589177,977,1043
589178,982,1044
589179,981,1045
589180,980,1041
589181,979,1039
589182,975,1041
589183,977,1038
589184,978,1042
589185,981,1038
589186,980,1037
589187,978,1036
589188,976,1038
589189,979,1040
589190,982,1041
589191,979,1040
589192,981,1036
589193,979,1035
589194,978,1038
589195,980,1041
589196,981,1044
589197,981,1045
589198,980,1042
589199,978,1039
589200,980,1035
589201,979,1035
589202,981,1035
589203,985,1037
589204,983,1036
589205,980,1041
589206,980,1044
589207,981,1043
589208,984,1043
589209,983,1039
589210,983,1035
589211,980,1030
589212,979,1031
589213,981,1035
589214,985,1040
589215,984,1043
589216,982,1043
589217,981,1042
589218,979,1042
589219,980,1045
589220,985,1043
589221,982,1042
589222,981,1037
589223,980,1036
589224,980,1034
589225,982,1036
589226,985,1034
589227,984,1035
589228,984,1034
589229,979,1032
589230,980,1032
589231,982,1036
589232,985,1038
589233,984,1034
589234,981,1033
589235,978,1031
589236,977,1035
589237,979,1034
589238,986,1035
589239,984,1031
589240,982,1030
589241,976,1032
589242,975,1036
589243,977,1037
589244,982,1037
589245,982,1036
589246,980,1034
589247,978,1033
589248,975,1031
589249,976,1032
589250,981,1033
589251,982,1031
589252,979,1029
589253,976,1027
589254,976,1027
589255,979,1031
589256,980,1035
589257,981,1033
589258,980,1030
589259,978,1026
589260,977,1027
589261,977,1031
589262,982,1036
589263,981,1036
589264,980,1035
589265,976,1033
589266,974,1035
589267,975,1040
589268,976,1042
589269,981,1043
589270,980,1039
589271,978,1036
589272,975,1031
589273,977,1032
589274,981,1035
589275,983,1035
589276,981,1034
589277,978,1033
589278,977,1036
589279,977,1044
589280,979,1052
589281,979,1052
589282,980,1048
589283,980,1039
589284,979,1033
589285,984,1030
589286,985,1033
589287,986,1034
589288,985,1033
589289,982,1030
589290,980,1029
589291,983,1032
589292,983,1033
589293,987,1034
589294,986,1029
589295,984,1027
589296,982,1029
589297,981,1034
589298,984,1036
589299,985,1036
589300,986,1034
589301,984,1032
589302,984,1031
589303,980,1035
589304,984,1037
589305,982,1039
589306,985,1036
589307,981,1034
589308,981,1034
589309,980,1038
589310,980,1044
589311,985,1046
589312,984,1043
589313,983,1045
589314,978,1044
589315,980,1043
589316,981,1043
589317,985,1038
589318,982,1032
589319,980,1028
589320,978,1031
589321,984,1029
589322,983,1034
589323,984,1034
589324,982,1032
589325,980,1034
589326,979,1033
589327,983,1034
589328,985,1034
589329,988,1034
589330,987,1031
589331,985,1026
589332,984,1026
589333,984,1030
589334,985,1030
589335,986,1031
589336,984,1027
589337,984,1024
589338,982,1022
589339,985,1027
589340,987,1028
589341,989,1028
589342,989,1025
589343,988,1025
589344,987,1026
589345,992,1029
589346,993,1032
589347,991,1033
589348,984,1033
589349,983,1031
589350,982,1031
589351,984,1033
589352,987,1037
589353,990,1037
589354,990,1030
589355,985,1024
589356,983,1027
589357,986,1028
589358,990,1032
589359,990,1031
589360,989,1033
589361,985,1030
589362,986,1034
589363,988,1037
589364,992,1037
589365,991,1035
589366,990,1032
589367,986,1030
589368,985,1033
589369,988,1037
589370,991,1039
589371,993,1037
589372,992,1034
589373,987,1034
589374,983,1037
589375,987,1037
589376,990,1042
589377,989,1041
589378,989,1041
589379,986,1041
589380,989,1041
589381,991,1045
589382,992,1045
589383,995,1043
589384,992,1036
589385,990,1028
589386,988,1031
589387,992,1037
589388,992,1038
589389,997,1032
589390,996,1024
589391,993,1019
589392,993,1020
589393,994,1023
589394,998,1026
589395,1002,1022
589396,1000,1019
589397,995,1016
589398,997,1018
589399,999,1021
589400,1002,1022
589401,1005,1022
589402,1005,1017
589403,1003,1013
589404,1004,1014
589405,1014,1015
589406,1026,1016
589407,1036,1009
589408,1046,1003
589409,1060,999
589410,1084,989
589411,1110,979
589412,1141,970
589413,1170,961
589414,1199,965
589415,1223,977
589416,1243,1001
589417,1249,1022
589418,1240,1040
589419,1212,1044
589420,1172,1042
589421,1126,1049
589422,1083,1064
589423,1043,1089
589424,1012,1101
589425,995,1109
589426,990,1106
589427,991,1091
589428,995,1072
589429,1000,1057
589430,1002,1050
589431,1001,1045
589432,998,1045
589433,993,1044
589434,991,1045
589435,991,1044
589436,991,1041
589437,992,1031
589438,989,1021
589439,984,1019
589440,983,1023
589441,981,1027
589442,981,1027
589443,984,1025
589444,981,1022
589445,978,1019
589446,979,1022
589447,977,1024
589448,983,1024
589449,981,1025
589450,977,1024
589451,973,1023
589452,973,1026
589453,971,1033
589454,976,1037
589455,974,1036
589456,972,1034
589457,971,1034
589458,970,1035
589459,968,1038
589460,975,1038
589461,978,1039
589462,974,1037
589463,969,1036
589464,970,1037
589465,972,1036
589466,978,1037
589467,978,1035
589468,976,1035
589469,973,1034
589470,971,1034
589471,973,1037
589472,975,1040
589473,977,1037
589474,974,1034
589475,972,1028
589476,972,1030
589477,974,1030
589478,980,1034
589479,979,1033
589480,979,1029
589481,976,1030
589482,976,1032
589483,978,1034
589484,982,1038
589485,985,1031
589486,984,1024
589487,982,1014
589488,981,1012
589489,985,1017
589490,992,1018
589491,991,1019
589492,991,1015
589493,992,1014
589494,992,1010
589495,992,1015
589496,998,1017
589497,997,1015
589498,996,1013
589499,997,1013
589500,996,1012
589501,1002,1013
589502,1004,1013
589503,1008,1009
589504,1006,1006
589505,1005,1004
589506,1005,1005
589507,1003,1010
589508,1004,1011
589509,1009,1012
589510,1006,1014
589511,1004,1017
589512,1001,1018
589513,1001,1019
589514,1007,1014
589515,1014,999
589516,1013,986
589517,1013,977
589518,1014,978
589519,1016,985
589520,1020,990
589521,1024,992
589522,1024,987
589523,1025,985
589524,1028,988
589525,1030,993
589526,1033,995
589527,1035,997
589528,1036,999
589529,1032,1001
589530,1032,1005
589531,1033,1008
589532,1036,1014
589533,1035,1008
589534,1033,1007
589535,1028,1008
589536,1026,1014
589537,1028,1020
589538,1027,1023
589539,1028,1026
589540,1025,1024
589541,1019,1026
589542,1016,1029
589543,1014,1034
589544,1019,1037
589545,1013,1037
589546,1013,1036
589547,1009,1035
589548,1008,1039
589549,1007,1044
589550,1009,1050
589551,1009,1049
589552,1006,1045
589553,1000,1045
589554,1002,1046
589555,1003,1053
589556,1003,1053
589557,1004,1048
589558,1002,1043
589559,1001,1039
589560,997,1039
589561,1003,1040
589562,1005,1044
589563,1004,1044
589564,999,1038
589565,997,1036
589566,996,1035
589567,1002,1036
589568,1004,1036
589569,1005,1037
589570,1006,1035
589571,1007,1030
589572,1004,1028
589573,1005,1030
589574,1007,1033
589575,1005,1036
589576,1003,1032
589577,998,1026
589578,997,1029
589579,1001,1032
589580,1005,1037
589581,1007,1039
589582,1006,1035
589583,1003,1033
589584,1000,1036
589585,1002,1044
589586,1001,1049
589587,1001,1050
589588,1000,1045
589589,999,1036
589590,999,1032
589591,1002,1034
589592,1003,1037
589593,1004,1042
589594,1002,1038
589595,994,1035
589596,997,1038
589597,996,1040
589598,999,1043
589599,1000,1044
589600,998,1041
589601,995,1042
589602,996,1046
589603,998,1044
589604,1000,1042
589605,1000,1036
589606,1002,1031
589607,998,1032
589608,993,1033
589609,992,1037
589610,994,1041
589611,999,1043
589612,994,1039
589613,990,1038
589614,988,1042
589615,985,1045
589616,991,1047
589617,993,1039
589618,993,1031
589619,988,1029
589620,988,1037
589621,989,1045
589622,994,1051
589623,995,1050
589624,994,1047
589625,991,1045
589626,991,1048
589627,991,1052
589628,994,1048
589629,998,1045
589630,994,1040
589631,992,1035
589632,991,1037
589633,993,1041
589634,997,1045
589635,996,1050
589636,992,1054
589637,991,1057
589638,989,1061
589639,992,1063
589640,993,1059
589641,992,1048
589642,991,1036
589643,989,1030
589644,990,1031
589645,991,1038
589646,994,1045
589647,992,1049
589648,990,1039
589649,986,1037
589650,990,1043
589651,991,1046
589652,995,1047
589653,995,1044
589654,992,1039
589655,987,1039
589656,985,1043
589657,988,1051
589658,994,1055
589659,997,1056
589660,998,1051
589661,997,1047
589662,997,1044
589663,992,1042
589664,994,1041
589665,996,1042
589666,1002,1036
589667,1008,1030
589668,1022,1028
589669,1034,1029
589670,1050,1024
589671,1068,1022
589672,1091,1012
589673,1115,1001
589674,1144,986
589675,1180,983
589676,1215,985
589677,1246,993
589678,1265,1011
589679,1260,1027
589680,1239,1040
589681,1205,1044
589682,1160,1055
589683,1112,1069
589684,1062,1085
589685,1020,1094
589686,996,1102
589687,990,1100
589688,993,1091
589689,999,1077
589690,1002,1066
589691,1000,1062
589692,998,1065
589693,995,1068
589694,992,1068
589695,988,1063
589696,980,1057
589697,981,1050
589698,979,1048
589699,977,1049
589700,978,1052
589701,978,1046
589702,975,1041
589703,972,1037
589704,973,1038
589705,973,1041
589706,977,1045
589707,975,1047
589708,972,1044
589709,971,1045
589710,970,1047
589711,970,1051
589712,974,1051
589713,974,1050
589714,972,1046
589715,971,1043
589716,971,1045
589717,972,1046
589718,974,1050
589719,976,1049
589720,977,1050
589721,973,1049
589722,971,1050
589723,972,1054
589724,972,1055
589725,976,1058
589726,978,1054
589727,977,1048
589728,978,1046
589729,983,1045
589730,986,1048
589731,984,1050
589732,980,1050
589733,974,1049
589734,972,1051
589735,976,1049
589736,981,1045
589737,982,1043
589738,980,1036
589739,978,1036
589740,972,1036
589741,978,1038
589742,977,1036
589743,980,1036
589744,979,1030
589745,977,1030
589746,976,1033
589747,978,1032
589748,984,1031
589749,983,1030
589750,977,1028
589751,974,1025
589752,975,1030
589753,982,1029
589754,985,1025
589755,986,1022
589756,985,1021
589757,981,1016
589758,982,1019
589759,982,1017
589760,986,1019
589761,983,1022
589762,986,1017
589763,986,1012
589764,986,1007
589765,990,1010
589766,994,1009
589767,992,1008
589768,993,1006
589769,992,1008
589770,994,1009
589771,995,1013
589772,1002,1015
589773,1004,1014
589774,1005,1008
589775,1005,1003
589776,1003,1004
589777,1005,1007
589778,1008,1013
589779,1007,1013
589780,1006,1016
589781,1005,1012
589782,1006,1016
589783,1008,1020
589784,1012,1020
589785,1013,1022
589786,1013,1022
589787,1009,1025
589788,1006,1029
589789,1008,1036
589790,1008,1039
589791,1011,1035
589792,1010,1029
589793,1008,1027
589794,1006,1032
589795,1004,1039
589796,1003,1043
589797,1000,1050
589798,995,1050
589799,992,1049
589800,995,1050
589801,997,1048
589802,1002,1049
589803,1003,1049
589804,1000,1046
589805,992,1046
589806,986,1053
589807,985,1061
589808,990,1068
589809,989,1068
589810,989,1060
589811,989,1055
589812,988,1053
589813,992,1055
589814,997,1059
589815,995,1058
589816,996,1054
589817,993,1053
589818,990,1052
589819,992,1052
589820,998,1051
589821,995,1049
589822,995,1041
589823,991,1040
589824,992,1041
589825,993,1044
589826,995,1048
589827,997,1050
589828,997,1047
589829,994,1042
589830,993,1043
589831,998,1043
589832,997,1044
589833,998,1046
589834,996,1041
589835,991,1042
589836,991,1043
589837,991,1049
589838,998,1049
589839,997,1048
589840,996,1045
589841,991,1043
589842,992,1048
589843,995,1050
589844,998,1053
589845,1000,1049
589846,1000,1047
589847,996,1044
589848,994,1047
589849,995,1054
589850,995,1055
589851,995,1054
589852,993,1052
589853,993,1050
589854,992,1050
589855,996,1052
589856,993,1054
589857,988,1053
589858,986,1056
589859,981,1054
589860,983,1057
589861,986,1064
589862,987,1067
589863,990,1063
589864,987,1060
589865,988,1059
589866,986,1062
589867,989,1067
589868,994,1062
589869,994,1055
589870,994,1047
589871,988,1046
589872,989,1046
589873,992,1051
589874,991,1053
589875,994,1050
589876,995,1049
589877,991,1044
589878,991,1043
589879,993,1048
589880,997,1046
589881,996,1046
589882,995,1041
589883,993,1041
589884,992,1043
589885,993,1050
589886,999,1051
589887,997,1050
589888,999,1050
589889,996,1047
589890,995,1049
589891,995,1054
589892,992,1055
589893,992,1055
589894,994,1054
589895,991,1053
589896,990,1053
589897,994,1054
589898,998,1056
589899,997,1053
589900,993,1050
589901,989,1050
589902,991,1055
589903,991,1055
589904,998,1057
589905,997,1054
589906,996,1050
589907,995,1049
589908,994,1048
589909,999,1050
589910,1000,1051
589911,1001,1051
589912,1002,1049
589913,1000,1051
589914,999,1052
589915,997,1054
589916,1003,1053
589917,1005,1053
589918,1005,1053
589919,1003,1051
589920,1004,1044
589921,1005,1045
589922,1004,1045
589923,1004,1046
589924,999,1050
589925,1000,1051
589926,998,1054
589927,997,1055
589928,1002,1055
589929,1002,1048
589930,999,1046
589931,998,1045
589932,999,1050
589933,1001,1051
589934,1003,1053
589935,1002,1055
589936,1002,1053
589937,998,1053
589938,994,1051
589939,994,1055
589940,997,1057
589941,995,1057
589942,995,1052
589943,992,1052
589944,994,1055
589945,999,1058
589946,1002,1063
589947,1004,1058
589948,1003,1054
589949,1001,1047
589950,1006,1045
589951,1007,1044
589952,1012,1048
589953,1014,1046
589954,1011,1048
589955,1010,1054
589956,1013,1056
589957,1014,1055
589958,1027,1052
589959,1035,1042
589960,1044,1031
589961,1055,1023
589962,1073,1016
589963,1093,1016
589964,1118,1005
589965,1146,989
589966,1173,972
589967,1198,961
589968,1233,964
589969,1264,982
589970,1279,1008
589971,1266,1028
589972,1235,1034
589973,1188,1039
589974,1139,1052
589975,1093,1069
589976,1054,1080
589977,1026,1083
589978,1012,1083
589979,1010,1072
589980,1016,1062
589981,1021,1056
589982,1022,1054
589983,1017,1052
589984,1011,1050
589985,1004,1047
589986,1002,1051
589987,1001,1056
589988,1001,1057
589989,998,1057
589990,996,1054
589991,994,1050
589992,993,1051
589993,994,1053
589994,993,1057
589995,996,1054
589996,993,1052
589997,988,1051
589998,985,1053
589999,988,1056
590000,990,1057
590001,994,1057
590002,990,1056
590003,987,1058
590004,983,1066
590005,984,1078
590006,988,1078
590007,988,1073
590008,987,1061
590009,986,1051
590010,987,1048
590011,987,1049
590012,990,1053
590013,990,1050
590014,989,1050
590015,986,1053
590016,988,1058
590017,990,1063
590018,992,1060
590019,995,1048
590020,994,1040
590021,996,1040
590022,994,1039
590023,997,1044
590024,1002,1047
590025,1002,1043
590026,1002,1041
590027,1000,1036
590028,999,1037
590029,999,1039
590030,1004,1043
590031,1007,1043
590032,1009,1041
590033,1006,1037
590034,1008,1037
590035,1009,1041
590036,1012,1040
590037,1009,1041
590038,1006,1036
590039,1002,1030
590040,1005,1033
590041,1006,1034
590042,1005,1035
590043,1010,1034
590044,1007,1032
590045,1005,1032
590046,1004,1039
590047,1009,1043
590048,1014,1038
590049,1015,1030
590050,1016,1018
590051,1015,1015
590052,1013,1015
590053,1019,1022
590054,1023,1029
590055,1022,1028
590056,1021,1027
590057,1017,1022
590058,1019,1021
590059,1022,1020
590060,1026,1019
590061,1029,1023
590062,1027,1020
590063,1026,1019
590064,1025,1017
590065,1029,1014
590066,1033,1012
590067,1031,1014
590068,1032,1014
590069,1027,1015
590070,1032,1018
590071,1033,1021
590072,1039,1017
590073,1039,1012
590074,1035,1007
590075,1032,1009
590076,1034,1013
590077,1031,1019
590078,1035,1028
590079,1036,1028
590080,1034,1030
590081,1030,1031
590082,1030,1034
590083,1030,1038
590084,1030,1041
590085,1030,1044
590086,1026,1044
590087,1020,1044
590088,1018,1048
590089,1020,1052
590090,1024,1057
590091,1018,1056
590092,1016,1051
590093,1014,1053
590094,1009,1057
590095,1012,1062
590096,1015,1066
590097,1015,1065
590098,1012,1061
590099,1008,1054
590100,1005,1054
590101,1004,1060
590102,1008,1064
590103,1010,1061
590104,1009,1048
590105,1009,1039
590106,1009,1041
590107,1008,1046
590108,1009,1051
590109,1009,1057
590110,1008,1058
590111,1006,1054
590112,1005,1049
590113,1012,1050
590114,1017,1049
590115,1020,1042
590116,1016,1038
590117,1011,1038
590118,1007,1044
590119,1008,1048
590120,1010,1055
590121,1010,1052
590122,1008,1044
590123,1010,1039
590124,1009,1042
590125,1013,1042
590126,1012,1047
590127,1014,1048
590128,1011,1045
590129,1011,1041
590130,1010,1042
590131,1012,1042
590132,1015,1044
590133,1015,1043
590134,1012,1039
590135,1010,1042
590136,1009,1047
590137,1011,1050
590138,1012,1051
590139,1011,1051
590140,1011,1047
590141,1007,1044
590142,1006,1045
590143,1008,1046
590144,1010,1046
590145,1011,1043
590146,1008,1041
590147,1007,1041
590148,1005,1047
590149,1005,1053
590150,1006,1052
590151,1005,1047
590152,1004,1041
590153,999,1041
590154,998,1043
590155,1000,1047
590156,1003,1051
590157,1004,1050
590158,999,1048
590159,998,1047
590160,997,1051
590161,1002,1054
590162,1004,1057
590163,1001,1057
590164,998,1055
590165,997,1057
590166,996,1060
590167,999,1063
590168,999,1066
590169,1002,1065
590170,1003,1059
590171,1003,1051
590172,1004,1048
590173,1004,1050
590174,1008,1054
590175,1006,1052
590176,1004,1049
590177,999,1050
590178,1005,1055
590179,1008,1061
590180,1010,1061
590181,1007,1058
590182,1004,1051
590183,1004,1046
590184,1004,1047
590185,1009,1042
590186,1008,1043
590187,1011,1039
590188,1008,1037
590189,1003,1038
590190,1003,1042
590191,1002,1044
590192,1004,1046
590193,1009,1048
590194,1006,1044
590195,1007,1043
590196,1004,1046
590197,1006,1051
590198,1010,1053
590199,1012,1051
590200,1012,1047
590201,1005,1045
590202,1005,1050
590203,1011,1053
590204,1012,1055
590205,1013,1052
590206,1010,1048
590207,1009,1047
590208,1012,1046
590209,1021,1042
590210,1032,1041
590211,1046,1040
590212,1057,1040
590213,1071,1035
590214,1092,1019
590215,1119,1003
590216,1153,989
590217,1181,980
590218,1208,978
590219,1236,984
590220,1257,1005
590221,1260,1025
590222,1241,1034
590223,1198,1039
590224,1149,1045
590225,1098,1058
590226,1049,1079
590227,1016,1095
590228,998,1104
590229,997,1098
590230,1000,1084
590231,1008,1068
590232,1017,1063
590233,1025,1059
590234,1020,1058
590235,1008,1047
590236,990,1041
590237,982,1042
590238,982,1045
590239,981,1048
590240,986,1049
590241,988,1045
590242,988,1043
590243,985,1039
590244,983,1043
590245,984,1048
590246,983,1053
590247,986,1054
590248,984,1050
590249,981,1048
590250,981,1053
590251,982,1062
590252,982,1071
590253,985,1077
590254,983,1078
590255,984,1061
590256,987,1045
590257,990,1030
590258,991,1027
590259,991,1026
590260,988,1032
590261,985,1033
590262,985,1038
590263,984,1043
590264,988,1045
590265,989,1042
590266,987,1041
590267,985,1039
590268,986,1040
590269,988,1040
590270,989,1042
590271,990,1035
590272,985,1035
590273,985,1031
590274,983,1032
590275,983,1034
590276,987,1036
590277,987,1034
590278,983,1033
590279,982,1030
590280,982,1031
590281,985,1034
590282,986,1035
590283,989,1032
590284,990,1027
590285,986,1023
590286,988,1025
590287,989,1027
590288,991,1027
590289,993,1024
590290,990,1021
590291,990,1019
590292,990,1017
590293,994,1017
590294,996,1019
590295,1000,1014
590296,999,1011
590297,997,1009
590298,996,1008
590299,999,1010
590300,1003,1011
590301,1005,1005
590302,1006,1002
590303,1004,1001
590304,1006,1002
590305,1012,1004
590306,1015,1008
590307,1014,1004
590308,1008,1001
590309,1002,1005
590310,999,1006
590311,1007,1007
590312,1010,1003
590313,1015,999
590314,1012,1000
590315,1010,1001
590316,1010,1012
590317,1013,1026
590318,1014,1034
590319,1011,1026
590320,1010,1005
590321,1013,986
590322,1010,981
590323,1016,986
590324,1019,996
590325,1016,1002
590326,1013,1002
590327,1011,1001
590328,1010,1005
590329,1005,1011
590330,1010,1019
590331,1006,1019
590332,1005,1021
590333,1001,1023
590334,998,1028
590335,1000,1034
590336,1002,1037
590337,1002,1036
590338,997,1034
590339,995,1033
590340,996,1034
590341,1000,1040
590342,1001,1045
590343,999,1043
590344,998,1039
590345,997,1038
590346,995,1043
590347,995,1044
590348,999,1048
590349,1000,1047
590350,1001,1046
590351,999,1047
590352,999,1050
590353,1001,1056
590354,1003,1055
590355,1006,1052
590356,1002,1046
590357,1002,1046
590358,1001,1046
590359,1003,1047
590360,1004,1048
590361,1004,1046
590362,999,1043
590363,996,1041
590364,996,1042
590365,999,1044
590366,1004,1044
590367,1004,1044
590368,1002,1040
590369,999,1039
590370,997,1039
590371,998,1040
590372,999,1043
590373,1001,1041
590374,1001,1038
590375,998,1036
590376,995,1037
590377,998,1043
590378,998,1042
590379,997,1042
590380,997,1040
590381,994,1041
590382,990,1043
590383,993,1046
590384,997,1050
590385,999,1048
590386,997,1048
590387,995,1051
590388,991,1063
590389,994,1071
590390,999,1072
590391,998,1062
590392,996,1050
590393,994,1042
590394,992,1041
590395,993,1049
590396,996,1057
590397,996,1054
590398,995,1048
590399,990,1040
590400,990,1037
590401,991,1036
590402,996,1037
590403,997,1035
590404,996,1035
590405,992,1036
590406,992,1037
590407,993,1041
590408,995,1044
590409,994,1043
590410,992,1041
590411,990,1043
590412,991,1044
590413,988,1047
590414,994,1047
590415,994,1046
590416,991,1044
590417,984,1043
590418,988,1047
590419,990,1045
590420,994,1049
590421,995,1046
590422,995,1041
590423,992,1040
590424,990,1045
590425,989,1048
590426,993,1052
590427,993,1052
590428,990,1047
590429,987,1045
590430,987,1047
590431,988,1051
590432,990,1053
590433,993,1052
590434,993,1049
590435,990,1046
590436,986,1051
590437,991,1053
590438,993,1053
590439,994,1050
590440,992,1050
590441,988,1050
590442,990,1053
590443,992,1056
590444,993,1059
590445,991,1060
590446,988,1063
590447,988,1066
590448,986,1068
590449,988,1073
590450,993,1077
590451,994,1070
590452,993,1055
590453,994,1041
590454,994,1034
590455,995,1036
590456,997,1040
590457,997,1039
590458,996,1039
590459,996,1036
590460,996,1039
590461,1000,1041
590462,999,1043
590463,1001,1039
590464,999,1042
590465,996,1039
590466,997,1040
590467,997,1044
590468,1000,1046
590469,1001,1047
590470,999,1046
590471,995,1044
590472,995,1046
590473,997,1049
590474,1001,1049
590475,1003,1047
590476,1001,1045
590477,998,1045
590478,995,1046
590479,995,1045
590480,999,1050
590481,999,1047
590482,995,1044
590483,994,1045
590484,991,1045
590485,993,1052
590486,997,1054
590487,997,1056
590488,993,1057
590489,990,1055
590490,990,1055
590491,992,1060
590492,997,1066
590493,997,1068
590494,995,1066
590495,993,1059
590496,993,1052
590497,996,1049
590498,999,1049
590499,998,1048
590500,996,1045
590501,994,1041
590502,993,1040
590503,996,1044
590504,998,1048
590505,999,1046
590506,999,1042
590507,995,1036
590508,995,1037
590509,993,1040
590510,996,1046
590511,996,1047
590512,992,1043
590513,990,1042
590514,992,1039
590515,994,1042
590516,995,1043
590517,997,1041
590518,998,1039
590519,994,1037
590520,996,1039
590521,996,1042
590522,1001,1045
590523,999,1046
590524,1000,1044
590525,996,1044
590526,992,1046
590527,996,1045
590528,1000,1049
590529,1004,1048
590530,1003,1048
590531,1003,1050
590532,1001,1053
590533,1005,1054
590534,1005,1061
590535,1007,1064
590536,1003,1062
590537,1004,1063
590538,1002,1063
590539,1004,1062
590540,1005,1059
590541,1005,1055
590542,1004,1050
590543,1000,1051
590544,999,1056
590545,1002,1058
590546,1003,1060
590547,1002,1054
590548,996,1044
590549,991,1037
590550,990,1042
590551,995,1041
590552,1001,1046
590553,999,1041
590554,997,1038
590555,994,1035
590556,994,1034
590557,995,1041
590558,993,1044
590559,997,1045
590560,996,1044
590561,996,1048
590562,995,1049
590563,998,1054
590564,1001,1054
590565,1001,1049
590566,999,1048
590567,996,1045
590568,996,1045
590569,999,1045
590570,1005,1045
590571,1003,1041
590572,1002,1041
590573,999,1042
590574,996,1048
590575,997,1048
590576,1002,1050
590577,1002,1050
590578,1003,1047
590579,1001,1045
590580,1000,1046
590581,1004,1049
590582,1005,1053
590583,1006,1051
590584,1001,1051
590585,1003,1048
590586,1002,1052
590587,1003,1057
590588,1008,1058
590589,1010,1059
590590,1009,1056
590591,1008,1055
590592,1006,1055
590593,1006,1056
590594,1009,1056
590595,1012,1053
590596,1011,1049
590597,1008,1048
590598,1010,1047
590599,1013,1047
590600,1015,1047
590601,1017,1045
590602,1014,1043
590603,1014,1045
590604,1022,1055
590605,1036,1066
590606,1053,1066
590607,1068,1047
590608,1091,1019
590609,1113,993
590610,1142,969
590611,1175,961
590612,1209,965
590613,1240,971
590614,1258,984
590615,1261,1005
590616,1251,1025
590617,1226,1035
590618,1186,1045
590619,1140,1056
590620,1095,1071
590621,1053,1083
590622,1023,1094
590623,1008,1099
590624,1009,1092
590625,1012,1079
590626,1017,1066
590627,1016,1055
590628,1012,1052
590629,1011,1054
590630,1006,1057
590631,999,1056
590632,993,1051
590633,992,1051
590634,990,1057
590635,992,1061
590636,994,1059
590637,995,1055
590638,991,1052
590639,985,1050
590640,984,1053
590641,985,1056
590642,987,1060
590643,986,1061
590644,988,1058
590645,982,1057
590646,981,1057
590647,985,1064
590648,983,1067
590649,983,1066
590650,983,1060
590651,981,1058
590652,981,1062
590653,984,1064
590654,988,1067
590655,989,1062
590656,986,1053
590657,980,1053
590658,981,1054
590659,985,1057
590660,984,1055
590661,983,1046
590662,984,1039
590663,979,1035
590664,981,1037
590665,984,1044
590666,986,1049
590667,986,1048
590668,983,1048
590669,982,1046
590670,984,1045
590671,986,1049
590672,989,1053
590673,989,1048
590674,991,1046
590675,989,1048
590676,989,1047
590677,993,1047
590678,994,1050
590679,995,1046
590680,995,1043
590681,992,1041
590682,994,1044
590683,996,1043
590684,1000,1044
590685,1003,1039
590686,1002,1036
590687,997,1032
590688,1000,1034
590689,1002,1035
590690,1006,1036
590691,1007,1036
590692,1007,1029
590693,1005,1027
590694,1006,1026
590695,1011,1030
590696,1015,1029
590697,1018,1027
590698,1015,1025
590699,1013,1030
590700,1011,1033
590701,1008,1036
590702,1012,1033
590703,1011,1030
590704,1009,1024
590705,1010,1020
590706,1011,1015
590707,1014,1015
590708,1019,1015
590709,1021,1016
590710,1018,1014
590711,1019,1012
590712,1023,1013
590713,1025,1013
590714,1028,1019
590715,1032,1019
590716,1031,1014
590717,1029,1017
590718,1028,1017
590719,1033,1022
590720,1036,1023
590721,1037,1021
590722,1037,1022
590723,1033,1020
590724,1034,1024
590725,1038,1031
590726,1040,1036
590727,1038,1033
590728,1036,1029
590729,1032,1032
590730,1030,1035
590731,1028,1037
590732,1029,1041
590733,1028,1040
590734,1024,1037
590735,1018,1040
590736,1014,1044
590737,1016,1047
590738,1016,1043
590739,1016,1041
590740,1013,1035
590741,1009,1036
590742,1006,1038
590743,1007,1041
590744,1009,1047
590745,1011,1045
590746,1007,1044
590747,1006,1038
590748,1006,1039
590749,1008,1044
590750,1005,1045
590751,1009,1043
590752,1006,1043
590753,1003,1043
590754,1004,1045
590755,1006,1051
590756,1008,1050
590757,1009,1048
590758,1008,1046
590759,1005,1045
590760,1005,1047
590761,1003,1048
590762,1008,1051
590763,1008,1046
590764,1005,1044
590765,1005,1046
590766,1003,1047
590767,1006,1048
590768,1010,1049
590769,1009,1046
590770,1009,1047
590771,1003,1049
590772,1006,1047
590773,1009,1046
590774,1012,1051
590775,1010,1050
590776,1006,1048
590777,1005,1048
590778,1001,1049
590779,1004,1049
590780,1005,1047
590781,1002,1046
590782,1000,1047
590783,997,1048
590784,997,1053
590785,996,1058
590786,997,1060
590787,1001,1054
590788,1000,1044
590789,997,1035
590790,998,1032
590791,996,1031
590792,1002,1034
590793,999,1031
590794,998,1031
590795,997,1029
590796,995,1032
590797,999,1040
590798,1000,1045
590799,1001,1043
590800,1000,1042
590801,994,1035
590802,992,1039
590803,994,1041
590804,999,1045
590805,1002,1044
590806,1000,1039
590807,995,1039
590808,994,1042
590809,997,1045
590810,1001,1046
590811,999,1043
590812,999,1043
590813,994,1042
590814,994,1047
590815,994,1052
590816,994,1051
590817,999,1053
590818,997,1050
590819,993,1046
590820,992,1048
590821,996,1052
590822,1000,1053
590823,998,1053
590824,997,1050
590825,995,1049
590826,995,1052
590827,996,1050
590828,999,1055
590829,999,1052
590830,995,1052
590831,995,1047
590832,995,1048
590833,995,1051
590834,999,1054
590835,1000,1051
590836,997,1048
590837,995,1044
590838,994,1045
590839,996,1048
590840,996,1050
590841,996,1048
590842,997,1046
590843,992,1045
590844,992,1049
590845,993,1049
590846,996,1051
590847,997,1052
590848,996,1052
590849,994,1055
590850,992,1064
590851,992,1073
590852,993,1080
590853,992,1084
590854,992,1083
590855,994,1075
590856,994,1058
590857,994,1039
590858,996,1028
590859,998,1022
590860,993,1024
590861,990,1029
590862,991,1031
590863,994,1037
590864,995,1038
590865,995,1039
590866,994,1042
590867,991,1045
590868,991,1048
590869,996,1051
590870,996,1052
590871,998,1052
590872,994,1050
590873,996,1048
590874,994,1050
590875,994,1053
590876,999,1054
590877,999,1050
590878,998,1050
590879,996,1044
590880,996,1046
590881,993,1048
590882,1002,1051
590883,999,1048
590884,999,1048
590885,998,1045
590886,996,1046
590887,999,1048
590888,1004,1048
590889,1001,1047
590890,999,1043
590891,997,1039
590892,1001,1039
590893,1006,1035
590894,1010,1034
590895,1015,1027
590896,1021,1021
590897,1025,1016
590898,1034,1008
590899,1052,996
590900,1068,986
590901,1084,972
590902,1099,967
590903,1108,970
590904,1125,983
590905,1142,1007
590906,1148,1023
590907,1142,1030
590908,1123,1033
590909,1096,1045
590910,1067,1065
590911,1045,1087
590912,1021,1101
590913,999,1105
590914,988,1100
590915,987,1089
590916,992,1081
590917,999,1076
590918,1004,1074
590919,1005,1064
590920,1001,1059
590921,999,1051
590922,997,1051
590923,998,1047
590924,1001,1045
590925,1000,1042
590926,998,1039
590927,995,1039
590928,995,1042
590929,994,1046
590930,994,1050
590931,993,1048
590932,991,1046
590933,989,1048
590934,987,1051
590935,988,1056
590936,992,1058
590937,990,1055
590938,987,1053
590939,984,1051
590940,985,1054
590941,985,1056
590942,990,1055
590943,990,1054
590944,988,1050
590945,986,1049
590946,985,1051
590947,990,1052
590948,992,1055
590949,993,1052
590950,990,1047
590951,989,1045
590952,992,1047
590953,993,1049
590954,993,1050
590955,992,1049
590956,993,1045
590957,989,1043
590958,989,1043
590959,986,1045
590960,994,1048
590961,994,1045
590962,991,1044
590963,989,1042
590964,989,1043
590965,989,1045
590966,995,1045
590967,994,1043
590968,993,1042
590969,993,1040
590970,993,1043
590971,993,1045
590972,996,1046
590973,996,1042
590974,995,1041
590975,993,1041
590976,994,1048
590977,995,1052
590978,1000,1049
590979,1001,1043
590980,999,1037
590981,997,1035
590982,995,1035
590983,1003,1033
590984,1004,1031
590985,1005,1024
590986,1004,1018
590987,1002,1016
590988,1002,1016
590989,1004,1017
590990,1008,1017
590991,1009,1014
590992,1007,1011
590993,1008,1009
590994,1007,1011
590995,1009,1015
590996,1011,1016
590997,1010,1010
590998,1010,1007
590999,1007,1007
591000,1007,1008
591001,1009,1011
591002,1014,1012
591003,1013,1009
591004,1012,1004
591005,1009,1004
591006,1011,1006
591007,1015,1007
591008,1017,1008
591009,1018,1011
591010,1015,1007
591011,1015,1006
591012,1017,1007
591013,1019,1013
591014,1024,1016
591015,1022,1016
591016,1018,1015
591017,1017,1014
591018,1018,1019
591019,1020,1025
591020,1024,1030
591021,1023,1033
591022,1020,1035
591023,1017,1039
591024,1018,1043
591025,1018,1046
591026,1018,1051
591027,1016,1055
591028,1013,1059
591029,1013,1059
591030,1013,1053
591031,1016,1046
591032,1018,1039
591033,1017,1036
591034,1014,1038
591035,1011,1038
591036,1009,1041
591037,1012,1045
591038,1015,1048
591039,1015,1048
591040,1013,1045
591041,1011,1041
591042,1010,1042
591043,1013,1045
591044,1013,1048
591045,1013,1045
591046,1007,1044
591047,1008,1044
591048,1010,1046
591049,1011,1047
591050,1015,1048
591051,1016,1047
591052,1017,1045
591053,1014,1043
591054,1018,1046
591055,1021,1050
591056,1027,1048
591057,1032,1049
591058,1034,1050
591059,1034,1050
591060,1041,1055
591061,1048,1062
591062,1057,1062
591063,1063,1061
591064,1072,1052
591065,1081,1040
591066,1095,1022
591067,1110,1006
591068,1125,985
591069,1139,965
591070,1148,944
591071,1162,926
591072,1176,912
591073,1195,899
591074,1212,876
591075,1228,849
591076,1241,825
591077,1255,810
591078,1269,801
591079,1278,795
591080,1284,791
591081,1283,788
591082,1282,785
591083,1274,782
591084,1271,783
591085,1262,785
591086,1255,788
591087,1240,787
591088,1222,792
591089,1201,798
591090,1182,812
591091,1163,823
591092,1146,837
591093,1127,854
591094,1109,864
591095,1094,883
591096,1085,903
591097,1086,921
591098,1084,937
591099,1080,946
591100,1071,953
591101,1065,961
591102,1064,973
591103,1072,982
591104,1080,992
591105,1086,993
591106,1089,993
591107,1079,994
591108,1065,1006
591109,1040,1015
591110,1021,1033
591111,1000,1051
591112,985,1063
591113,972,1078
591114,967,1093
591115,965,1105
591116,961,1111
591117,957,1112
591118,951,1113
591119,945,1118
591120,943,1127
591121,941,1130
591122,942,1132
591123,938,1129
591124,933,1127
591125,923,1123
591126,922,1121
591127,924,1122
591128,927,1120
591129,923,1121
591130,917,1121
591131,914,1120
591132,914,1125
591133,912,1129
591134,913,1133
591135,911,1134
591136,911,1132
591137,907,1131
591138,904,1132
591139,903,1137
591140,909,1140
591141,908,1145
591142,903,1144
591143,898,1145
591144,898,1152
591145,901,1158
591146,904,1164
591147,902,1164
591148,897,1160
591149,895,1162
591150,894,1170
591151,895,1175
591152,896,1176
591153,895,1183
591154,893,1183
591155,888,1184
591156,888,1190
591157,894,1197
591158,899,1200
591159,900,1203
591160,901,1202
591161,898,1204
591162,900,1208
591163,901,1212
591164,904,1215
591165,908,1216
591166,907,1209
591167,904,1210
591168,907,1214
591169,912,1216
591170,914,1216
591171,913,1217
591172,915,1212
591173,912,1211
591174,916,1210
591175,918,1212
591176,922,1211
591177,928,1210
591178,927,1202
591179,924,1200
591180,931,1197
591181,934,1194
591182,940,1187
591183,945,1178
591184,946,1172
591185,946,1166
591186,947,1164
591187,953,1160
591188,959,1158
591189,962,1150
591190,962,1144
591191,961,1138
591192,965,1134
591193,966,1132
591194,973,1127
591195,975,1122
591196,973,1113
591197,972,1109
591198,973,1104
591199,975,1100
591200,981,1100
591201,982,1093
591202,979,1089
591203,976,1082
591204,978,1078
591205,981,1079
591206,984,1079
591207,987,1074
591208,983,1069
591209,983,1058
591210,984,1058
591211,985,1058
591212,989,1062
591213,987,1059
591214,986,1055
591215,984,1054
591216,984,1054
591217,985,1056
591218,988,1058
591219,987,1057
591220,987,1054
591221,983,1052
591222,983,1051
591223,982,1053
591224,988,1056
591225,988,1052
591226,985,1051
591227,982,1049
591228,981,1053
591229,985,1056
591230,989,1055
591231,989,1055
591232,985,1053
591233,986,1048
591234,987,1047
591235,989,1048
591236,992,1050
591237,992,1053
591238,989,1053
591239,987,1049
591240,988,1046
591241,992,1044
591242,994,1042
591243,996,1039
591244,992,1036
591245,990,1039
591246,991,1040
591247,993,1044
591248,992,1047
591249,993,1048
591250,991,1046
591251,991,1044
591252,991,1047
591253,993,1048
591254,993,1049
591255,994,1051
591256,995,1052
591257,991,1051
591258,994,1055
591259,996,1055
591260,997,1055
591261,994,1052
591262,994,1048
591263,991,1048
591264,990,1050
591265,992,1048
591266,997,1048
591267,996,1047
591268,992,1047
591269,990,1043
591270,992,1043
591271,991,1045
591272,996,1047
591273,994,1043
591274,992,1040
591275,988,1038
591276,989,1040
591277,991,1040
591278,993,1044
591279,996,1041
591280,994,1039
591281,991,1038
591282,992,1038
591283,993,1041
591284,993,1044
591285,991,1041
591286,990,1038
591287,988,1037
591288,989,1041
591289,989,1045
591290,991,1046
591291,991,1045
591292,991,1042
591293,985,1039
591294,988,1041
591295,991,1044
591296,996,1046
591297,994,1044
591298,992,1045
591299,991,1045
591300,989,1047
591301,992,1051
591302,996,1053
591303,996,1054
591304,993,1061
591305,989,1062
591306,989,1066
591307,994,1065
591308,997,1061
591309,999,1055
591310,994,1050
591311,995,1045
591312,994,1046
591313,996,1046
591314,1000,1047
591315,999,1045
591316,996,1044
591317,995,1045
591318,992,1047
591319,997,1045
591320,1000,1042
591321,1002,1041
591322,997,1035
591323,995,1033
591324,997,1033
591325,999,1038
591326,996,1039
591327,1001,1040
591328,999,1038
591329,996,1038
591330,996,1038
591331,997,1041
591332,999,1041
591333,999,1042
591334,997,1038
591335,996,1039
591336,995,1041
591337,992,1045
591338,999,1043
591339,994,1045
591340,994,1039
591341,993,1041
591342,996,1044
591343,997,1046
591344,998,1047
591345,997,1047
591346,992,1045
591347,993,1045
591348,991,1047
591349,996,1049
591350,996,1048
591351,997,1051
591352,997,1049
591353,995,1050
591354,994,1051
591355,995,1054
591356,1000,1053
591357,998,1049
591358,996,1048
591359,992,1044
591360,995,1047
591361,996,1047
591362,999,1050
591363,1001,1049
591364,997,1048
591365,993,1048
591366,994,1047
591367,997,1045
591368,1000,1043
591369,1002,1038
591370,999,1035
591371,998,1031
591372,996,1028
591373,996,1032
591374,1000,1033
591375,997,1033
591376,997,1035
591377,995,1037
591378,996,1038
591379,997,1036
591380,1000,1038
591381,1001,1037
591382,996,1035
591383,993,1033
591384,993,1036
591385,997,1038
591386,1001,1042
591387,999,1040
591388,1002,1037
591389,999,1039
591390,999,1040
591391,1002,1044
591392,1006,1045
591393,1003,1043
591394,1001,1038
591395,998,1037
591396,999,1041
591397,999,1045
591398,1001,1046
591399,1001,1046
591400,1000,1044
591401,996,1042
591402,995,1046
591403,997,1047
591404,997,1049
591405,1000,1048
591406,999,1048
591407,998,1050
591408,999,1049
591409,999,1050
591410,999,1049
591411,1001,1046
591412,999,1041
591413,994,1037
591414,995,1038
591415,997,1042
591416,1001,1042
591417,1004,1041
591418,998,1035
591419,996,1035
591420,998,1032
591421,1001,1037
591422,1003,1036
591423,1002,1040
591424,1001,1038
591425,999,1041
591426,1001,1049
591427,1003,1047
591428,1007,1042
591429,1003,1036
591430,1003,1029
591431,998,1027
591432,997,1028
591433,1000,1031
591434,1003,1031
591435,1003,1031
591436,1002,1031
591437,998,1030
591438,999,1035
591439,1002,1040
591440,1008,1041
591441,1005,1038
591442,1003,1031
591443,999,1031
591444,998,1033
591445,1003,1035
591446,1006,1041
591447,1010,1037
591448,1007,1035
591449,1004,1035
591450,1004,1038
591451,1007,1044
591452,1010,1048
591453,1010,1047
591454,1008,1046
591455,1008,1045
591456,1008,1044
591457,1013,1045
591458,1021,1043
591459,1021,1037
591460,1025,1031
591461,1031,1025
591462,1044,1022
591463,1056,1018
591464,1075,1011
591465,1096,997
591466,1116,981
591467,1136,966
591468,1166,960
591469,1196,964
591470,1225,976
591471,1244,1000
591472,1254,1022
591473,1243,1044
591474,1215,1050
591475,1180,1056
591476,1137,1060
591477,1094,1067
591478,1053,1078
591479,1020,1092
591480,1004,1100
591481,1006,1096
591482,1012,1085
591483,1014,1067
591484,1013,1055
591485,1010,1051
591486,1008,1048
591487,1006,1046
591488,1006,1044
591489,1002,1041
591490,999,1037
591491,995,1035
591492,991,1039
591493,992,1040
591494,991,1042
591495,991,1038
591496,988,1037
591497,983,1038
591498,983,1037
591499,986,1044
591500,986,1045
591501,984,1045
591502,984,1045
591503,980,1044
591504,981,1043
591505,984,1048
591506,988,1047
591507,988,1043
591508,987,1038
591509,985,1039
591510,986,1034
591511,984,1040
591512,988,1046
591513,988,1048
591514,988,1046
591515,983,1045
591516,984,1044
591517,985,1047
591518,988,1050
591519,985,1046
591520,986,1037
591521,981,1029
591522,984,1025
591523,985,1030
591524,988,1034
591525,989,1024
591526,986,1024
591527,981,1024
591528,985,1026
591529,985,1030
591530,987,1032
591531,989,1028
591532,987,1027
591533,988,1026
591534,986,1028
591535,990,1031
591536,992,1032
591537,992,1027
591538,992,1022
591539,990,1021
591540,989,1024
591541,988,1026
591542,992,1026
591543,993,1023
591544,993,1019
591545,992,1018
591546,991,1023
591547,996,1022
591548,1000,1026
591549,998,1022
591550,999,1018
591551,997,1017
591552,998,1015
591553,1000,1016
591554,1006,1019
591555,1003,1018
591556,1006,1018
591557,1005,1015
591558,1008,1015
591559,1012,1009
591560,1014,1003
591561,1016,999
591562,1017,995
591563,1015,995
591564,1016,994
591565,1023,996
591566,1027,998
591567,1026,992
591568,1026,989
591569,1024,985
591570,1027,983
591571,1029,991
591572,1032,991
591573,1032,989
591574,1033,987
591575,1032,984
591576,1033,987
591577,1037,991
591578,1040,992
591579,1041,990
591580,1042,991
591581,1036,993
591582,1039,998
591583,1043,998
591584,1049,1001
591585,1049,1001
591586,1045,1001
591587,1043,1002
591588,1043,1008
591589,1043,1012
591590,1045,1016
591591,1043,1018
591592,1038,1022
591593,1032,1024
591594,1030,1028
591595,1031,1028
591596,1034,1032
591597,1030,1032
591598,1024,1033
591599,1021,1033
591600,1022,1038
591601,1024,1041
591602,1025,1040
591603,1022,1039
591604,1020,1038
591605,1016,1036
591606,1014,1040
591607,1017,1043
591608,1019,1042
591609,1016,1043
591610,1015,1042
591611,1012,1042
591612,1014,1043
591613,1015,1045
591614,1017,1043
591615,1016,1041
591616,1016,1039
591617,1016,1036
591618,1015,1040
591619,1017,1040
591620,1018,1041
591621,1019,1039
591622,1016,1039
591623,1013,1042
591624,1014,1044
591625,1013,1047
591626,1016,1047
591627,1016,1044
591628,1014,1042
591629,1012,1039
591630,1011,1037
591631,1015,1037
591632,1019,1033
591633,1018,1033
591634,1013,1031
591635,1013,1031
591636,1014,1033
591637,1015,1039
591638,1017,1040
591639,1014,1039
591640,1010,1038
591641,1008,1041
591642,1008,1044
591643,1009,1044
591644,1012,1044
591645,1012,1043
591646,1011,1038
591647,1010,1039
591648,1010,1039
591649,1014,1040
591650,1015,1037
591651,1015,1039
591652,1013,1038
591653,1010,1036
591654,1009,1039
591655,1011,1042
591656,1013,1046
591657,1014,1045
591658,1012,1045
591659,1009,1042
591660,1011,1040
591661,1013,1042
591662,1015,1040
591663,1014,1039
591664,1013,1038
591665,1010,1040
591666,1012,1038
591667,1009,1042
591668,1015,1045
591669,1013,1046
591670,1014,1040
591671,1010,1040
591672,1012,1041
591673,1015,1045
591674,1018,1049
591675,1018,1051
591676,1010,1052
591677,1010,1048
591678,1011,1045
591679,1016,1045
591680,1021,1039
591681,1018,1038
591682,1018,1034
591683,1017,1035
591684,1018,1037
591685,1020,1040
591686,1027,1037
591687,1033,1037
591688,1038,1035
591689,1041,1032
591690,1055,1030
591691,1070,1028
591692,1094,1021
591693,1121,1004
591694,1147,992
591695,1176,991
591696,1207,1002
591697,1238,1026
591698,1256,1053
591699,1258,1066
591700,1241,1062
591701,1207,1057
591702,1169,1059
591703,1132,1076
591704,1094,1091
591705,1055,1101
591706,1023,1101
591707,1011,1095
591708,1008,1088
591709,1011,1076
591710,1017,1068
591711,1018,1057
591712,1016,1051
591713,1012,1047
591714,1008,1053
591715,1006,1055
591716,1006,1056
591717,1002,1053
591718,997,1046
591719,995,1042
591720,993,1044
591721,994,1047
591722,997,1047
591723,997,1048
591724,993,1044
591725,988,1042
591726,987,1044
591727,987,1046
591728,987,1049
591729,987,1048
591730,984,1047
591731,981,1046
591732,984,1049
591733,984,1053
591734,990,1056
591735,990,1056
591736,985,1051
591737,988,1045
591738,986,1048
591739,990,1049
591740,991,1050
591741,991,1049
591742,989,1046
591743,985,1047
591744,986,1050
591745,989,1053
591746,993,1055
591747,993,1052
591748,988,1048
591749,986,1046
591750,986,1051
591751,993,1054
591752,994,1056
591753,992,1054
591754,993,1044
591755,990,1039
591756,990,1036
591757,989,1038
591758,992,1038
591759,994,1035
591760,993,1031
591761,988,1028
591762,989,1025
591763,992,1027
591764,995,1027
591765,993,1026
591766,994,1026
591767,990,1024
591768,992,1025
591769,994,1025
591770,1001,1028
591771,1000,1024
591772,1000,1018
591773,997,1014
591774,999,1012
591775,999,1013
591776,1006,1014
591777,1007,1007
591778,1001,1001
591779,1001,1002
591780,1002,1007
591781,1006,1006
591782,1010,1005
591783,1009,1002
591784,1005,999
591785,1002,1003
591786,1006,1001
591787,1010,1003
591788,1014,1005
591789,1015,1001
591790,1014,997
591791,1010,995
591792,1011,991
591793,1015,993
591794,1023,993
591795,1023,992
591796,1023,992
591797,1020,992
591798,1020,997
591799,1024,1001
591800,1027,1005
591801,1026,1004
591802,1024,1005
591803,1020,1006
591804,1017,1011
591805,1019,1015
591806,1023,1021
591807,1019,1021
591808,1017,1022
591809,1013,1025
591810,1011,1030
591811,1012,1037
591812,1012,1043
591813,1013,1047
591814,1009,1048
591815,1004,1045
591816,1003,1047
591817,1005,1047
591818,1006,1048
591819,1004,1047
591820,1001,1046
591821,998,1048
591822,997,1050
591823,999,1050
591824,1004,1053
591825,1004,1053
591826,1003,1050
591827,1002,1051
591828,1001,1052
591829,1004,1051
591830,1009,1047
591831,1008,1045
591832,1007,1044
591833,1000,1044
591834,1000,1046
591835,1002,1044
591836,1003,1045
591837,1005,1046
591838,1001,1044
591839,997,1043
591840,999,1046
591841,1003,1046
591842,1006,1048
591843,1006,1043
591844,1004,1041
591845,1000,1039
591846,1001,1042
591847,1003,1044
591848,1006,1046
591849,1005,1047
591850,1003,1045
591851,998,1044
591852,1002,1048
591853,1004,1052
591854,1006,1054
591855,1005,1053
591856,1002,1048
591857,997,1047
591858,1000,1047
591859,997,1050
591860,1001,1050
591861,1000,1049
591862,999,1042
591863,998,1040
591864,999,1044
591865,999,1045
591866,1003,1050
591867,1002,1047
591868,1004,1046
591869,1002,1045
591870,1004,1049
591871,1005,1053
591872,1007,1051
591873,1008,1048
591874,1004,1044
591875,1001,1047
591876,1001,1048
591877,1002,1051
591878,1004,1052
591879,1003,1052
591880,999,1050
591881,999,1050
591882,998,1049
591883,996,1049
591884,1003,1047
591885,1003,1044
591886,1000,1045
591887,997,1047
591888,998,1049
591889,1000,1048
591890,1002,1048
591891,1001,1047
591892,999,1047
591893,999,1046
591894,1000,1047
591895,1001,1046
591896,1004,1050
591897,1002,1049
591898,1001,1047
591899,1000,1046
591900,997,1047
591901,1006,1051
591902,1008,1055
591903,1008,1053
591904,1005,1050
591905,1003,1051
591906,1004,1048
591907,1007,1048
591908,1008,1048
591909,1015,1044
591910,1018,1038
591911,1024,1040
591912,1036,1039
591913,1053,1038
591914,1074,1031
591915,1103,1021
591916,1134,1002
591917,1168,987
591918,1207,980
591919,1243,984
591920,1276,1002
591921,1289,1024
591922,1272,1033
591923,1235,1034
591924,1180,1045
591925,1124,1064
591926,1074,1082
591927,1029,1089
591928,1004,1093
591929,997,1086
591930,1003,1074
591931,1010,1062
591932,1016,1053
591933,1015,1046
591934,1010,1045
591935,1004,1048
591936,1000,1049
591937,997,1051
591938,997,1050
591939,993,1052
591940,989,1057
591941,983,1061
591942,984,1064
591943,987,1058
591944,989,1053
591945,987,1045
591946,988,1043
591947,984,1043
591948,982,1044
591949,986,1045
591950,986,1046
591951,985,1044
591952,987,1042
591953,982,1045
591954,984,1046
591955,987,1048
591956,987,1050
591957,986,1053
591958,982,1053
591959,978,1054
591960,977,1055
591961,980,1056
591962,985,1057
591963,984,1055
591964,982,1051
591965,982,1048
591966,982,1050
591967,983,1055
591968,986,1053
591969,986,1054
591970,984,1053
591971,980,1051
591972,981,1049
591973,984,1052
591974,990,1056
591975,985,1052
591976,985,1051
591977,984,1049
591978,985,1047
591979,987,1048
591980,990,1047
591981,990,1045
591982,987,1040
591983,985,1039
591984,987,1042
591985,993,1040
591986,994,1037
591987,996,1033
591988,993,1031
591989,992,1026
591990,996,1026
591991,999,1026
591992,1000,1026
591993,1002,1023
591994,1000,1016
591995,999,1016
591996,1001,1019
591997,1005,1022
591998,1008,1026
591999,1010,1023
592000,1008,1018
592001,1008,1009
592002,1008,1006
592003,1013,1007
592004,1014,1008
592005,1016,1003
592006,1014,1002
592007,1013,997
592008,1014,997
592009,1016,999
592010,1020,1005
592011,1020,1004
592012,1017,1001
592013,1016,995
592014,1020,997
592015,1022,1003
592016,1025,1005
592017,1026,1005
592018,1026,1003
592019,1026,1005
592020,1026,1008
592021,1029,1014
592022,1032,1018
592023,1033,1017
592024,1028,1014
592025,1025,1014
592026,1023,1021
592027,1025,1024
592028,1024,1030
592029,1024,1029
592030,1021,1028
592031,1017,1026
592032,1016,1029
592033,1017,1035
592034,1020,1044
592035,1017,1049
592036,1013,1050
592037,1010,1049
592038,1008,1045
592039,1012,1043
592040,1014,1041
592041,1012,1045
592042,1008,1039
592043,1006,1040
592044,1009,1039
592045,1010,1042
592046,1013,1047
592047,1008,1046
592048,1009,1044
592049,1006,1044
592050,1004,1049
592051,1006,1050
592052,1005,1050
592053,1002,1048
592054,1003,1045
592055,1001,1044
592056,1002,1045
592057,1007,1047
592058,1008,1047
592059,1009,1046
592060,1006,1041
592061,1002,1038
592062,1005,1039
592063,1006,1040
592064,1008,1044
592065,1008,1041
592066,1006,1042
592067,1004,1040
592068,1004,1042
592069,1008,1046
592070,1011,1048
592071,1007,1046
592072,1006,1046
592073,1006,1044
592074,1008,1047
592075,1005,1047
592076,1006,1046
592077,1006,1046
592078,1007,1042
592079,1003,1041
592080,1005,1043
592081,1006,1048
592082,1008,1053
592083,1006,1052
592084,1006,1047
592085,1003,1045
592086,1004,1042
592087,1007,1042
592088,1008,1043
592089,1009,1040
592090,1004,1039
592091,1003,1039
592092,998,1043
592093,1001,1046
592094,1005,1050
592095,1005,1050
592096,1001,1044
592097,998,1042
592098,997,1044
592099,999,1048
592100,1003,1048
592101,1003,1050
592102,1002,1046
592103,1000,1047
592104,996,1051
592105,999,1057
592106,1001,1059
592107,1003,1051
592108,1003,1045
592109,1000,1041
592110,1002,1044
592111,1002,1048
592112,1006,1048
592113,1004,1044
592114,1000,1041
592115,1003,1038
592116,1002,1041
592117,1004,1047
592118,1007,1047
592119,1002,1044
592120,1002,1045
592121,999,1046
592122,999,1051
592123,1000,1052
592124,1004,1058
592125,1001,1058
592126,1000,1053
592127,998,1050
592128,1000,1047
592129,1002,1051
592130,1003,1052
592131,1007,1049
592132,1006,1042
592133,999,1042
592134,1002,1046
592135,1003,1049
592136,1006,1050
592137,1004,1044
592138,1003,1039
592139,1001,1038
592140,1002,1043
592141,1002,1046
592142,1002,1047
592143,1006,1045
592144,1005,1042
592145,1002,1039
592146,1001,1044
592147,998,1049
592148,1002,1047
592149,1000,1043
592150,1000,1044
592151,997,1043
592152,996,1048
592153,1000,1048
592154,1005,1049
592155,1001,1047
592156,999,1044
592157,998,1044
592158,1000,1048
592159,1003,1050
592160,1009,1050
592161,1007,1046
592162,1007,1040
592163,1008,1036
592164,1011,1033
592165,1019,1037
592166,1031,1038
592167,1040,1032
592168,1052,1023
592169,1070,1013
592170,1095,1006
592171,1120,998
592172,1152,983
592173,1184,977
592174,1216,974
592175,1237,981
592176,1255,999
592177,1256,1022
592178,1229,1032
592179,1185,1033
592180,1127,1047
592181,1074,1068
592182,1029,1090
592183,1002,1106
592184,997,1106
592185,999,1092
592186,1004,1075
592187,1008,1058
592188,1009,1046
592189,1011,1044
592190,1011,1044
592191,1008,1041
592192,1002,1039
592193,995,1039
592194,994,1039
592195,991,1041
592196,996,1041
592197,995,1041
592198,993,1037
592199,988,1039
592200,987,1042
592201,986,1045
592202,989,1044
592203,985,1046
592204,982,1041
592205,982,1041
592206,978,1041
592207,979,1046
592208,985,1047
592209,983,1048
592210,985,1045
592211,981,1044
592212,981,1046
592213,984,1050
592214,986,1050
592215,983,1054
592216,980,1054
592217,979,1054
592218,980,1060
592219,981,1057
592220,985,1052
592221,986,1046
592222,979,1044
592223,978,1042
592224,977,1043
592225,984,1044
592226,986,1044
592227,984,1042
592228,981,1041
592229,978,1038
592230,978,1037
592231,982,1040
592232,984,1042
592233,982,1038
592234,978,1032
592235,976,1030
592236,979,1031
592237,984,1032
592238,984,1028
592239,988,1022
592240,985,1017
592241,984,1018
592242,988,1017
592243,990,1022
592244,989,1020
592245,989,1020
592246,988,1016
592247,986,1013
592248,988,1017
592249,993,1016
592250,994,1016
592251,996,1012
592252,994,1010
592253,993,1009
592254,992,1011
592255,998,1014
592256,1001,1010
592257,1002,1008
592258,1000,1005
592259,999,1002
592260,1002,1001
592261,1004,1005
592262,1007,1007
592263,1007,1004
592264,1007,1001
592265,1007,1002
592266,1007,1006
592267,1013,1011
592268,1016,1012
592269,1018,1006
592270,1016,999
592271,1017,996
592272,1018,997
592273,1023,1004
592274,1027,1007
592275,1026,1006
592276,1025,1002
592277,1021,1003
592278,1022,1007
592279,1024,1012
592280,1025,1013
592281,1021,1008
592282,1019,1008
592283,1015,1012
592284,1014,1020
592285,1016,1024
592286,1016,1028
592287,1014,1029
592288,1009,1027
592289,1006,1032
592290,1004,1032
592291,1005,1037
592292,1009,1037
592293,1008,1035
592294,1005,1035
592295,1002,1035
592296,999,1036
592297,1001,1041
592298,1006,1041
592299,1008,1043
592300,1003,1040
592301,1002,1043
592302,1001,1044
592303,1006,1049
592304,1008,1049
592305,1007,1045
592306,1005,1040
592307,1005,1034
592308,1003,1036
592309,1006,1039
592310,1005,1043
592311,1005,1041
592312,1003,1043
592313,998,1043
592314,1000,1045
592315,1003,1047
592316,1007,1043
592317,1002,1040
592318,1003,1035
592319,1001,1030
592320,1000,1032
592321,1005,1033
592322,1008,1036
592323,1006,1034
592324,1004,1031
592325,1003,1029
592326,999,1030
592327,999,1033
592328,1002,1037
592329,999,1037
592330,998,1037
592331,995,1037
592332,994,1037
592333,995,1042
592334,1001,1040
592335,1001,1037
592336,995,1032
592337,994,1032
592338,992,1036
592339,991,1039
592340,997,1041
592341,999,1041
592342,995,1039
592343,993,1039
592344,992,1035
592345,992,1041
592346,1000,1040
592347,999,1040
592348,996,1039
592349,997,1041
592350,993,1043
592351,998,1043
592352,1000,1046
592353,1000,1041
592354,996,1039
592355,995,1039
592356,997,1042
592357,999,1045
592358,1000,1047
592359,998,1048
592360,996,1047
592361,991,1047
592362,993,1045
592363,999,1040
592364,1000,1041
592365,998,1039
592366,994,1038
592367,990,1038
592368,992,1042
592369,994,1042
592370,996,1042
592371,995,1042
592372,994,1038
592373,992,1037
592374,992,1038
592375,995,1039
592376,994,1043
592377,993,1045
592378,991,1043
592379,984,1041
592380,989,1043
592381,992,1048
592382,994,1048
592383,992,1043
592384,990,1035
592385,988,1035
592386,990,1037
592387,990,1043
592388,993,1045
592389,991,1042
592390,992,1039
592391,988,1036
592392,988,1042
592393,993,1040
592394,995,1041
592395,999,1039
592396,995,1035
592397,989,1035
592398,991,1039
592399,991,1042
592400,998,1042
592401,998,1043
592402,996,1040
592403,994,1038
592404,995,1041
592405,997,1043
592406,999,1048
592407,998,1043
592408,994,1042
592409,993,1041
592410,992,1047
592411,996,1047
592412,1003,1046
592413,1004,1042
592414,1002,1039
592415,1001,1040
592416,996,1040
592417,1002,1040
592418,1004,1044
592419,1005,1044
592420,1007,1041
592421,1004,1038
592422,1004,1042
592423,1010,1040
592424,1014,1033
592425,1018,1030
592426,1023,1025
592427,1034,1019
592428,1047,1013
592429,1063,1009
592430,1087,1002
592431,1112,990
592432,1139,976
592433,1169,970
592434,1204,974
592435,1234,988
592436,1256,1011
592437,1254,1033
592438,1226,1040
592439,1185,1042
592440,1139,1053
592441,1091,1077
592442,1049,1100
592443,1013,1109
592444,993,1114
592445,989,1106
592446,995,1095
592447,1000,1080
592448,1009,1069
592449,1007,1055
592450,1002,1049
592451,998,1045
592452,993,1043
592453,993,1045
592454,995,1045
592455,993,1045
592456,987,1042
592457,981,1045
592458,981,1050
592459,983,1053
592460,984,1048
592461,983,1040
592462,982,1030
592463,981,1031
592464,979,1035
592465,979,1040
592466,986,1041
592467,982,1037
592468,981,1031
592469,977,1031
592470,977,1034
592471,979,1038
592472,980,1039
592473,977,1039
592474,973,1037
592475,970,1038
592476,969,1044
592477,974,1049
592478,976,1052
592479,978,1052
592480,978,1050
592481,972,1048
592482,974,1047
592483,976,1048
592484,979,1045
592485,980,1041
592486,976,1035
592487,975,1031
592488,975,1035
592489,979,1038
592490,983,1041
592491,983,1039
592492,984,1039
592493,978,1039
592494,979,1043
592495,984,1047
592496,989,1045
592497,989,1039
592498,988,1033
592499,983,1032
592500,987,1035
592501,987,1033
592502,992,1031
592503,992,1027
592504,990,1023
592505,988,1023
592506,987,1025
592507,991,1025
592508,993,1018
592509,994,1013
592510,995,1006
592511,993,1004
592512,991,1002
592513,995,1006
592514,996,1006
592515,995,1004
592516,994,1002
592517,995,998
592518,994,1000
592519,997,1003
592520,1001,1005
592521,997,1002
592522,998,999
592523,995,1001
592524,998,1001
592525,1003,1001
592526,1005,1003
592527,1009,1002
592528,1009,1000
592529,1008,999
592530,1009,1001
592531,1012,1003
592532,1016,1002
592533,1017,999
592534,1017,998
592535,1016,999
592536,1018,1003
592537,1024,1009
592538,1025,1014
592539,1023,1019
592540,1021,1019
592541,1020,1020
592542,1024,1022
592543,1023,1024
592544,1024,1026
592545,1025,1028
592546,1024,1029
592547,1019,1027
592548,1019,1034
592549,1020,1036
592550,1021,1035
592551,1018,1035
592552,1016,1033
592553,1009,1033
592554,1008,1038
592555,1009,1038
592556,1010,1041
592557,1006,1042
592558,1005,1041
592559,1002,1039
592560,1001,1041
592561,1003,1044
592562,1004,1044
592563,1003,1038
592564,1001,1037
592565,996,1037
592566,995,1041
592567,997,1046
592568,1001,1048
592569,999,1046
592570,997,1043
592571,997,1037
592572,999,1036
592573,1004,1034
592574,1005,1036
592575,1005,1035
592576,1001,1035
592577,1000,1036
592578,1000,1040
592579,1002,1044
592580,1008,1045
592581,1003,1043
592582,1001,1040
592583,999,1040
592584,999,1043
592585,1003,1047
592586,1007,1049
592587,1004,1044
592588,1002,1040
592589,998,1036
592590,1000,1039
592591,1001,1041
592592,1006,1044
592593,1005,1038
592594,1003,1037
592595,1001,1034
592596,999,1038
592597,1000,1045
592598,1005,1043
592599,1005,1040
592600,1003,1040
592601,1001,1038
592602,998,1041
592603,999,1042
592604,1004,1043
592605,1000,1042
592606,998,1042
592607,996,1043
592608,994,1051
592609,997,1058
592610,1000,1060
592611,999,1054
592612,998,1045
592613,995,1035
592614,997,1033
592615,993,1036
592616,1000,1039
592617,998,1039
592618,995,1040
592619,993,1040
592620,993,1043
592621,996,1041
592622,999,1041
592623,999,1039
592624,995,1034
592625,993,1037
592626,992,1039
592627,995,1045
592628,996,1048
592629,996,1043
592630,992,1041
592631,990,1045
592632,993,1048
592633,995,1053
592634,999,1051
592635,996,1049
592636,996,1048
592637,994,1047
592638,991,1046
592639,996,1051
592640,997,1050
592641,1000,1050
592642,997,1046
592643,996,1044
592644,992,1046
592645,995,1050
592646,999,1049
592647,999,1049
592648,998,1049
592649,996,1047
592650,995,1048
592651,997,1052
592652,995,1053
592653,994,1054
592654,993,1052
592655,990,1051
592656,993,1054
592657,996,1057
592658,999,1059
592659,1000,1053
592660,999,1050
592661,997,1046
592662,999,1044
592663,1000,1046
592664,999,1047
592665,999,1047
592666,997,1048
592667,999,1042
592668,999,1043
592669,999,1043
592670,1003,1043
592671,1001,1040
592672,1001,1036
592673,998,1038
592674,998,1040
592675,1000,1039
592676,1002,1042
592677,1001,1039
592678,1000,1040
592679,998,1041
592680,997,1044
592681,1000,1047
592682,1005,1045
592683,1003,1043
592684,999,1042
592685,996,1043
592686,998,1044
592687,999,1048
592688,1000,1047
592689,999,1047
592690,997,1044
592691,995,1046
592692,997,1046
592693,999,1048
592694,1002,1047
592695,1001,1046
592696,998,1044
592697,993,1045
592698,996,1045
592699,996,1048
592700,1001,1050
592701,999,1050
592702,997,1046
592703,993,1046
592704,995,1047
592705,997,1051
592706,999,1051
592707,1000,1050
592708,999,1047
592709,997,1050
592710,992,1055
592711,998,1061
592712,998,1061
592713,1001,1058
592714,998,1053
592715,997,1051
592716,995,1056
592717,998,1057
592718,1002,1056
592719,999,1052
592720,997,1047
592721,997,1046
592722,996,1050
592723,998,1054
592724,1000,1058
592725,999,1055
592726,993,1052
592727,994,1051
592728,995,1053
592729,998,1053
592730,1001,1050
592731,1002,1042
592732,998,1037
592733,994,1040
592734,994,1039
592735,998,1044
592736,1003,1043
592737,1000,1044
592738,995,1040
592739,995,1038
592740,994,1039
592741,998,1040
592742,999,1043
592743,1000,1041
592744,996,1041
592745,994,1041
592746,993,1041
592747,995,1043
592748,998,1045
592749,996,1042
592750,998,1042
592751,995,1043
592752,993,1045
592753,999,1043
592754,1000,1046
592755,998,1044
592756,993,1041
592757,993,1043
592758,992,1045
592759,996,1049
592760,1000,1051
592761,1000,1048
592762,1000,1045
592763,998,1045
592764,997,1049
592765,999,1054
592766,1004,1054
592767,1001,1052
592768,1000,1048
592769,994,1049
592770,999,1050
592771,1001,1052
592772,1002,1054
592773,1004,1050
592774,1004,1047
592775,1006,1046
592776,1003,1047
592777,1002,1052
592778,1005,1050
592779,1007,1047
592780,1004,1043
592781,1004,1043
592782,999,1048
592783,1002,1048
592784,1006,1050
592785,1004,1051
592786,1001,1050
592787,1000,1047
592788,1001,1052
592789,1002,1054
592790,1004,1056
592791,1004,1054
592792,1003,1050
592793,1000,1045
592794,1000,1048
592795,1000,1050
592796,1003,1052
592797,1001,1054
592798,999,1049
592799,995,1049
592800,995,1053
592801,1001,1057
592802,1002,1057
592803,1002,1056
592804,1000,1054
592805,999,1044
592806,1000,1044
592807,1002,1043
592808,1007,1043
592809,1006,1040
592810,1004,1040
592811,1005,1039
592812,1006,1039
592813,1008,1040
592814,1012,1038
592815,1016,1031
592816,1022,1027
592817,1028,1022
592818,1039,1025
592819,1059,1024
592820,1078,1020
592821,1100,1012
592822,1119,997
592823,1140,983
592824,1164,973
592825,1191,970
592826,1215,971
592827,1229,975
592828,1238,992
592829,1235,1011
592830,1222,1026
592831,1199,1037
592832,1170,1048
592833,1136,1054
592834,1101,1061
592835,1069,1067
592836,1045,1069
592837,1034,1063
592838,1033,1056
592839,1029,1044
592840,1022,1036
592841,1018,1034
592842,1013,1037
592843,1012,1043
592844,1010,1048
592845,1008,1049
592846,1002,1049
592847,997,1047
592848,995,1047
592849,995,1049
592850,996,1050
592851,995,1048
592852,989,1046
592853,986,1047
592854,987,1051
592855,985,1053
592856,987,1052
592857,987,1050
592858,986,1049
592859,984,1051
592860,981,1054
592861,984,1064
592862,985,1070
592863,983,1073
592864,984,1065
592865,979,1054
592866,982,1048
592867,983,1048
592868,985,1045
592869,986,1043
592870,986,1038
592871,984,1040
592872,984,1044
592873,987,1047
592874,988,1048
592875,989,1046
592876,986,1043
592877,984,1039
592878,983,1041
592879,984,1041
592880,989,1043
592881,990,1042
592882,988,1040
592883,982,1041
592884,987,1043
592885,989,1048
592886,989,1054
592887,991,1051
592888,988,1051
592889,983,1050
592890,984,1050
592891,987,1052
592892,989,1052
592893,988,1051
592894,986,1052
592895,985,1056
592896,985,1061
592897,986,1056
592898,992,1045
592899,987,1036
592900,990,1030
592901,987,1028
592902,985,1033
592903,990,1037
592904,992,1039
592905,993,1035
592906,991,1029
592907,989,1030
592908,988,1032
592909,990,1033
592910,994,1033
592911,993,1032
592912,992,1032
592913,987,1033
592914,991,1039
592915,992,1035
592916,994,1032
592917,994,1027
592918,994,1023
592919,991,1020
592920,991,1020
592921,995,1021
592922,998,1017
592923,996,1012
592924,994,1010
592925,993,1011
592926,993,1015
592927,993,1020
592928,999,1019
592929,997,1018
592930,997,1013
592931,995,1009
592932,995,1011
592933,998,1013
592934,1001,1016
592935,998,1013
592936,1000,1010
592937,997,1008
592938,998,1009
592939,1000,1012
592940,1001,1012
592941,999,1011
592942,997,1010
592943,994,1010
592944,997,1014
592945,997,1020
592946,1002,1024
592947,1003,1027
592948,998,1027
592949,995,1029
592950,996,1034
592951,995,1039
592952,998,1039
592953,996,1035
592954,993,1034
592955,990,1033
592956,992,1037
592957,992,1042
592958,995,1042
592959,992,1040
592960,992,1039
592961,987,1040
592962,988,1045
592963,992,1049
592964,993,1053
592965,995,1052
592966,988,1047
592967,988,1043
592968,986,1046
592969,988,1046
592970,992,1045
592971,991,1045
592972,985,1046
592973,984,1044
592974,985,1045
592975,989,1049
592976,993,1051
592977,989,1049
592978,989,1044
592979,987,1042
592980,987,1040
592981,985,1040
592982,989,1044
592983,989,1043
592984,985,1042
592985,983,1040
592986,984,1043
592987,987,1045
592988,990,1047
592989,992,1047
592990,989,1045
592991,984,1042
592992,987,1040
592993,987,1044
592994,991,1042
592995,991,1042
592996,986,1041
592997,986,1046
592998,986,1051
592999,988,1052
593000,992,1051
593001,988,1048
593002,987,1043
593003,984,1038
593004,986,1041
593005,990,1042
593006,992,1043
593007,994,1041
593008,987,1041
593009,985,1036
593010,987,1040
593011,990,1045
593012,993,1050
593013,992,1051
593014,990,1043
593015,987,1039
593016,989,1037
593017,990,1038
593018,991,1039
593019,987,1037
593020,988,1032
593021,985,1032
593022,985,1037
593023,991,1040
593024,989,1041
593025,990,1038
593026,989,1039
593027,985,1038
593028,986,1042
593029,988,1042
593030,993,1044
593031,989,1043
593032,984,1039
593033,984,1039
593034,985,1043
593035,986,1046
593036,990,1047
593037,989,1048
593038,986,1045
593039,985,1047
593040,985,1055
593041,988,1055
593042,992,1060
593043,990,1054
593044,990,1046
593045,988,1043
593046,987,1044
593047,985,1050
593048,990,1053
593049,990,1053
593050,987,1051
593051,987,1043
593052,985,1041
593053,988,1040
593054,993,1044
593055,991,1045
593056,990,1047
593057,987,1043
593058,986,1042
593059,989,1043
593060,992,1045
593061,990,1042
593062,988,1039
593063,985,1038
593064,984,1038
593065,987,1039
593066,993,1041
593067,989,1041
593068,989,1040
593069,989,1038
593070,987,1040
593071,988,1042
593072,995,1041
593073,993,1043
593074,991,1039
593075,989,1037
593076,987,1032
593077,992,1028
593078,997,1027
593079,1002,1024
593080,1002,1021
593081,1003,1019
593082,1010,1015
593083,1022,1007
593084,1037,994
593085,1049,982
593086,1061,976
593087,1077,973
593088,1089,985
593089,1106,1009
593090,1114,1029
593091,1112,1035
593092,1101,1035
593093,1086,1045
593094,1064,1069
593095,1045,1091
593096,1026,1103
593097,1009,1108
593098,998,1101
593099,991,1088
593100,991,1076
593101,995,1066
593102,999,1057
593103,996,1050
593104,994,1043
593105,991,1044
593106,988,1044
593107,989,1045
593108,989,1044
593109,987,1042
593110,984,1039
593111,979,1038
593112,979,1042
593113,982,1043
593114,984,1042
593115,983,1040
593116,979,1038
593117,980,1040
593118,979,1042
593119,983,1044
593120,985,1042
593121,981,1041
593122,982,1037
593123,980,1036
593124,977,1040
593125,982,1043
593126,985,1045
593127,984,1043
593128,982,1040
593129,975,1041
593130,977,1042
593131,978,1045
593132,984,1047
593133,985,1043
593134,980,1037
593135,980,1033
593136,979,1032
593137,980,1036
593138,986,1037
593139,985,1036
593140,981,1034
593141,979,1031
593142,979,1036
593143,981,1038
593144,985,1037
593145,983,1036
593146,983,1033
593147,979,1032
593148,980,1031
593149,984,1036
593150,984,1032
593151,984,1032
593152,983,1030
593153,981,1030
593154,978,1036
593155,982,1040
593156,991,1041
593157,990,1031
593158,985,1024
593159,985,1016
593160,984,1016
593161,989,1018
593162,992,1016
593163,989,1009
593164,991,1002
593165,989,997
593166,988,998
593167,993,998
593168,998,999
593169,995,994
593170,992,988
593171,993,989
593172,994,986
593173,999,988
593174,1004,988
593175,1000,984
593176,998,982
593177,997,982
593178,997,982
593179,1001,984
593180,1008,983
593181,1005,979
593182,1004,977
593183,1005,975
593184,1008,977
593185,1011,982
593186,1012,984
593187,1013,983
593188,1013,983
593189,1011,982
593190,1013,986
593191,1019,989
593192,1024,992
593193,1023,991
593194,1020,989
593195,1016,990
593196,1014,994
593197,1021,1002
593198,1022,1007
593199,1021,1007
593200,1016,1008
593201,1013,1011
593202,1012,1018
593203,1015,1026
593204,1016,1031
593205,1016,1031
593206,1009,1033
593207,1005,1034
593208,1007,1037
593209,1009,1039
593210,1011,1037
593211,1012,1038
593212,1004,1035
593213,1004,1038
593214,1004,1043
593215,1004,1046
593216,1004,1047
593217,1007,1043
593218,1002,1042
593219,998,1043
593220,997,1041
593221,1001,1043
593222,1006,1042
593223,1005,1041
593224,1003,1037
593225,999,1037
593226,1001,1038
593227,1004,1040
593228,1009,1042
593229,1008,1038
593230,1008,1036
593231,1012,1037
593232,1016,1038
593233,1021,1045
593234,1026,1045
593235,1027,1046
593236,1028,1045
593237,1027,1047
593238,1031,1051
593239,1035,1053
593240,1048,1052
593241,1058,1040
593242,1069,1025
593243,1079,1010
593244,1092,996
593245,1103,988
593246,1120,976
593247,1134,957
593248,1145,939
593249,1159,922
593250,1172,901
593251,1192,879
593252,1211,853
593253,1224,832
593254,1236,816
593255,1248,805
593256,1260,799
593257,1271,795
593258,1278,798
593259,1277,799
593260,1275,799
593261,1271,801
593262,1266,807
593263,1265,811
593264,1260,815
593265,1248,817
593266,1232,824
593267,1211,830
593268,1197,842
593269,1177,855
593270,1159,867
593271,1139,876
593272,1121,888
593273,1104,902
593274,1097,917
593275,1092,937
593276,1090,951
593277,1086,963
593278,1079,970
593279,1071,979
593280,1067,990
593281,1070,999
593282,1076,1003
593283,1081,1002
593284,1083,998
593285,1082,1001
593286,1072,1011
593287,1052,1026
593288,1027,1035
593289,997,1045
593290,976,1050
593291,962,1058
593292,956,1067
593293,953,1077
593294,949,1083
593295,943,1082
593296,937,1083
593297,929,1088
593298,923,1094
593299,921,1099
593300,922,1105
593301,916,1104
593302,909,1103
593303,905,1105
593304,901,1109
593305,898,1113
593306,901,1115
593307,897,1115
593308,896,1116
593309,892,1117
593310,891,1122
593311,891,1126
593312,891,1128
593313,889,1128
593314,887,1125
593315,885,1126
593316,885,1128
593317,887,1135
593318,890,1135
593319,886,1135
593320,881,1133
593321,880,1136
593322,879,1140
593323,880,1147
593324,880,1151
593325,880,1149
593326,877,1151
593327,874,1154
593328,877,1158
593329,877,1162
593330,876,1164
593331,872,1162
593332,871,1160
593333,867,1165
593334,867,1168
593335,869,1170
593336,873,1173
593337,871,1171
593338,869,1169
593339,866,1173
593340,864,1177
593341,869,1181
593342,871,1183
593343,871,1182
593344,869,1179
593345,865,1180
593346,866,1183
593347,869,1186
593348,876,1191
593349,874,1187
593350,875,1185
593351,876,1183
593352,879,1184
593353,887,1185
593354,893,1183
593355,893,1179
593356,896,1174
593357,896,1168
593358,900,1166
593359,905,1164
593360,913,1163
593361,916,1155
593362,916,1144
593363,918,1140
593364,921,1139
593365,929,1134
593366,935,1131
593367,935,1125
593368,937,1119
593369,937,1114
593370,941,1114
593371,948,1111
593372,954,1107
593373,955,1100
593374,957,1094
593375,957,1088
593376,960,1087
593377,963,1085
593378,970,1083
593379,971,1077
593380,967,1072
593381,968,1068
593382,970,1065
593383,971,1065
593384,974,1059
593385,976,1053
593386,973,1045
593387,969,1047
593388,969,1049
593389,975,1049
593390,980,1048
593391,980,1046
593392,981,1044
593393,978,1043
593394,975,1045
593395,978,1048
593396,981,1046
593397,980,1045
593398,978,1043
593399,975,1044
593400,979,1049
593401,981,1049
593402,981,1049
593403,980,1047
593404,977,1045
593405,978,1047
593406,979,1046
593407,982,1048
593408,984,1047
593409,979,1045
593410,981,1041
593411,977,1041
593412,981,1043
593413,984,1045
593414,987,1045
593415,986,1047
593416,984,1042
593417,981,1042
593418,978,1045
593419,979,1048
593420,985,1047
593421,986,1045
593422,984,1040
593423,981,1042
593424,982,1041
593425,987,1047
593426,989,1045
593427,986,1042
593428,981,1037
593429,980,1038
593430,982,1039
593431,987,1042
593432,990,1042
593433,987,1041
593434,984,1040
593435,981,1039
593436,983,1042
593437,985,1042
593438,985,1041
593439,986,1044
593440,983,1041
593441,978,1040
593442,976,1044
593443,978,1048
593444,984,1050
593445,984,1049
593446,984,1042
593447,980,1048
593448,981,1050
593449,980,1053
593450,985,1055
593451,986,1053
593452,984,1047
593453,984,1046
593454,983,1050
593455,984,1049
593456,986,1046
593457,988,1045
593458,986,1042
593459,987,1041
593460,987,1046
593461,990,1048
593462,992,1046
593463,991,1045
593464,988,1043
593465,983,1043
593466,983,1046
593467,985,1046
593468,989,1049
593469,987,1051
593470,982,1049
593471,979,1048
593472,981,1050
593473,984,1051
593474,987,1053
593475,987,1053
593476,986,1055
593477,984,1054
593478,981,1061
593479,984,1062
593480,985,1057
593481,988,1052
593482,987,1053
593483,984,1059
593484,985,1058
593485,987,1052
593486,990,1045
593487,989,1039
593488,988,1035
593489,985,1030
593490,983,1032
593491,986,1038
593492,990,1039
593493,990,1041
593494,989,1040
593495,985,1041
593496,983,1045
593497,985,1050
593498,988,1051
593499,985,1049
593500,985,1049
593501,983,1046
593502,985,1048
593503,988,1049
593504,989,1046
593505,986,1044
593506,984,1043
593507,981,1044
593508,983,1048
593509,984,1051
593510,988,1051
593511,988,1050
593512,987,1046
593513,987,1049
593514,986,1051
593515,985,1053
593516,990,1051
593517,989,1051
593518,988,1050
593519,986,1048
593520,989,1049
593521,990,1051
593522,991,1050
593523,993,1048
593524,989,1046
593525,988,1046
593526,989,1047
593527,991,1049
593528,996,1048
593529,993,1046
593530,990,1042
593531,987,1043
593532,989,1046
593533,991,1047
593534,995,1048
593535,994,1048
593536,991,1048
593537,989,1045
593538,987,1052
593539,990,1054
593540,992,1053
593541,992,1053
593542,990,1051
593543,986,1049
593544,990,1051
593545,992,1056
593546,997,1055
593547,993,1054
593548,992,1048
593549,988,1049
593550,986,1051
593551,992,1053
593552,994,1051
593553,992,1048
593554,991,1048
593555,986,1047
593556,986,1049
593557,992,1052
593558,993,1055
593559,991,1051
593560,989,1049
593561,988,1050
593562,989,1050
593563,990,1054
593564,995,1054
593565,995,1051
593566,993,1050
593567,990,1048
593568,992,1050
593569,994,1053
593570,997,1055
593571,995,1051
593572,992,1049
593573,993,1049
593574,994,1050
593575,999,1054
593576,1002,1054
593577,1003,1050
593578,1002,1051
593579,1000,1052
593580,1006,1062
593581,1015,1072
593582,1027,1075
593583,1040,1067
593584,1054,1046
593585,1072,1022
593586,1103,996
593587,1136,978
593588,1172,963
593589,1207,960
593590,1237,960
593591,1265,980
593592,1283,1008
593593,1278,1025
593594,1250,1032
593595,1197,1039
593596,1140,1055
593597,1088,1070
593598,1038,1084
593599,1005,1091
593600,996,1089
593601,997,1076
593602,999,1061
593603,999,1050
593604,1003,1045
593605,1001,1049
593606,998,1048
593607,994,1049
593608,989,1048
593609,983,1046
593610,985,1055
593611,984,1056
593612,985,1056
593613,980,1053
593614,976,1051
593615,973,1050
593616,973,1053
593617,978,1055
593618,979,1054
593619,977,1050
593620,974,1049
593621,970,1050
593622,970,1053
593623,971,1054
593624,976,1057
593625,972,1054
593626,970,1050
593627,969,1052
593628,967,1055
593629,969,1059
593630,971,1058
593631,971,1056
593632,966,1051
593633,970,1049
593634,969,1052
593635,970,1055
593636,971,1051
593637,972,1051
593638,970,1047
593639,968,1047
593640,972,1047
593641,970,1050
593642,974,1050
593643,973,1049
593644,968,1044
593645,965,1043
593646,966,1047
593647,967,1049
593648,972,1051
593649,971,1047
593650,968,1042
593651,965,1043
593652,968,1044
593653,970,1044
593654,975,1044
593655,973,1042
593656,971,1037
593657,968,1036
593658,969,1037
593659,969,1038
593660,971,1038
593661,975,1037
593662,975,1033
593663,972,1030
593664,975,1032
593665,980,1034
593666,979,1034
593667,982,1030
593668,979,1028
593669,980,1029
593670,981,1031
593671,986,1034
593672,992,1034
593673,987,1029
593674,988,1024
593675,988,1025
593676,986,1028
593677,990,1028
593678,993,1026
593679,994,1021
593680,992,1012
593681,991,1008
593682,995,1007
593683,998,1008
593684,1001,1006
593685,998,1006
593686,996,1003
593687,1000,1001
593688,1005,1002
593689,1007,1002
593690,1013,1003
593691,1013,1003
593692,1012,1003
593693,1010,1003
593694,1011,1004
593695,1014,1008
593696,1020,1009
593697,1016,1010
593698,1016,1008
593699,1015,1010
593700,1015,1013
593701,1017,1019
593702,1020,1019
593703,1018,1020
593704,1014,1018
593705,1011,1020
593706,1009,1025
593707,1011,1029
593708,1011,1033
593709,1010,1030
593710,1006,1031
593711,1004,1033
593712,1003,1038
593713,1002,1042
593714,1004,1042
593715,1003,1043
593716,997,1043
593717,993,1046
593718,996,1046
593719,995,1051
593720,999,1052
593721,995,1048
593722,992,1046
593723,987,1047
593724,988,1048
593725,990,1051
593726,994,1052
593727,990,1051
593728,989,1050
593729,983,1046
593730,987,1049
593731,985,1050
593732,988,1051
593733,990,1050
593734,984,1045
593735,983,1046
593736,986,1044
593737,989,1045
593738,990,1045
593739,990,1041
593740,990,1040
593741,988,1040
593742,990,1039
593743,991,1043
593744,991,1043
593745,990,1043
593746,991,1042
593747,991,1041
593748,988,1044
593749,994,1048
593750,995,1047
593751,995,1047
593752,992,1045
593753,989,1043
593754,990,1043
593755,994,1043
593756,997,1043
593757,996,1040
593758,993,1036
593759,989,1037
593760,990,1043
593761,992,1044
593762,992,1047
593763,991,1043
593764,988,1047
593765,985,1054
593766,989,1061
593767,989,1062
593768,991,1056
593769,991,1046
593770,988,1038
593771,986,1036
593772,987,1040
593773,988,1044
593774,991,1041
593775,989,1036
593776,985,1033
593777,983,1033
593778,984,1038
593779,985,1040
593780,986,1046
593781,984,1045
593782,984,1040
593783,978,1037
593784,981,1037
593785,984,1039
593786,988,1041
593787,988,1039
593788,985,1037
593789,983,1038
593790,985,1042
593791,990,1043
593792,991,1043
593793,992,1041
593794,987,1038
593795,988,1040
593796,989,1042
593797,992,1046
593798,995,1046
593799,994,1045
593800,990,1041
593801,989,1042
593802,993,1043
593803,995,1046
593804,996,1047
593805,996,1045
593806,994,1043
593807,992,1043
593808,991,1044
593809,997,1044
593810,1000,1041
593811,999,1037
593812,1005,1031
593813,1009,1030
593814,1018,1030
593815,1031,1028
593816,1047,1025
593817,1067,1014
593818,1087,1000
593819,1112,990
593820,1144,989
593821,1173,994
593822,1203,1009
593823,1220,1029
593824,1220,1043
593825,1206,1046
593826,1176,1051
593827,1135,1065
593828,1099,1081
593829,1057,1088
593830,1018,1084
593831,995,1083
593832,987,1074
593833,987,1068
593834,997,1055
593835,998,1046
593836,995,1038
593837,987,1039
593838,986,1043
593839,986,1047
593840,987,1048
593841,984,1044
593842,978,1044
593843,974,1044
593844,971,1049
593845,974,1055
593846,975,1050
593847,974,1049
593848,971,1046
593849,968,1045
593850,969,1049
593851,971,1052
593852,971,1050
593853,968,1050
593854,967,1042
593855,965,1039
593856,967,1041
593857,969,1044
593858,969,1048
593859,968,1048
593860,965,1043
593861,963,1044
593862,963,1047
593863,964,1049
593864,965,1046
593865,965,1044
593866,961,1042
593867,962,1039
593868,960,1043
593869,961,1046
593870,965,1044
593871,962,1048
593872,959,1043
593873,959,1046
593874,957,1048
593875,960,1051
593876,967,1052
593877,965,1054
593878,961,1053
593879,959,1049
593880,963,1047
593881,967,1046
593882,970,1043
593883,970,1034
593884,968,1028
593885,968,1027
593886,968,1037
593887,972,1039
593888,974,1034
593889,977,1024
593890,976,1015
593891,976,1015
593892,977,1019
593893,979,1022
593894,985,1019
593895,985,1015
593896,984,1011
593897,984,1012
593898,985,1012
593899,986,1014
593900,991,1013
593901,988,1013
593902,986,1007
593903,981,1007
593904,985,1009
593905,983,1009
593906,985,1011
593907,985,1008
593908,986,1004
593909,984,1002
593910,986,1003
593911,987,1003
593912,989,1003
593913,987,1001
593914,985,995
593915,984,995
593916,985,997
593917,989,997
593918,991,1000
593919,992,999
593920,993,995
593921,991,996
593922,992,1002
593923,993,1001
593924,997,1004
593925,999,1005
593926,999,1005
593927,996,1011
593928,998,1013
593929,1002,1019
593930,1005,1021
593931,1005,1020
593932,1001,1019
593933,998,1021
593934,995,1028
593935,997,1036
593936,1002,1038
593937,998,1039
593938,992,1036
593939,989,1038
593940,989,1043
593941,993,1045
593942,996,1045
593943,993,1045
593944,991,1043
593945,988,1043
593946,986,1049
593947,987,1051
593948,990,1049
593949,988,1046
593950,989,1044
593951,985,1047
593952,986,1054
593953,984,1055
593954,987,1057
593955,985,1049
593956,980,1049
593957,980,1046
593958,980,1048
593959,982,1046
593960,982,1041
593961,981,1033
593962,981,1028
593963,977,1026
593964,980,1029
593965,983,1029
593966,986,1030
593967,985,1029
593968,984,1030
593969,981,1031
593970,981,1031
593971,982,1034
593972,984,1034
593973,982,1029
593974,983,1031
593975,980,1032
593976,982,1034
593977,984,1039
593978,987,1038
593979,986,1035
593980,984,1035
593981,983,1034
593982,982,1035
593983,985,1039
593984,989,1038
593985,984,1037
593986,985,1036
593987,982,1035
593988,981,1036
593989,986,1040
593990,984,1041
593991,984,1041
593992,983,1040
593993,984,1041
593994,984,1041
593995,984,1041
593996,984,1043
593997,986,1043
593998,983,1037
593999,980,1040
594000,980,1041
594001,983,1043
594002,983,1045
594003,983,1041
594004,979,1037
594005,974,1034
594006,971,1035
594007,976,1040
594008,978,1039
594009,979,1035
594010,974,1040
594011,970,1045
594012,973,1055
594013,976,1063
594014,976,1065
594015,975,1062
594016,969,1050
594017,968,1040
594018,970,1032
594019,976,1031
594020,983,1027
594021,981,1026
594022,977,1022
594023,977,1026
594024,976,1029
594025,980,1032
594026,986,1035
594027,988,1034
594028,983,1034
594029,982,1032
594030,982,1034
594031,985,1037
594032,988,1039
594033,990,1035
594034,988,1031
594035,990,1028
594036,996,1025
594037,1007,1028
594038,1020,1020
594039,1030,1020
594040,1039,1013
594041,1054,1007
594042,1081,1001
594043,1116,987
594044,1154,979
594045,1194,975
594046,1223,987
594047,1254,1010
594048,1262,1035
594049,1250,1043
594050,1213,1045
594051,1165,1045
594052,1111,1057
594053,1055,1077
594054,1008,1096
594055,979,1105
594056,972,1099
594057,976,1087
594058,978,1068
594059,978,1052
594060,977,1044
594061,981,1040
594062,981,1036
594063,975,1033
594064,969,1033
594065,963,1031
594066,964,1034
594067,967,1036
594068,966,1036
594069,963,1033
594070,956,1032
594071,957,1033
594072,960,1034
594073,962,1038
594074,962,1040
594075,962,1039
594076,961,1035
594077,961,1034
594078,960,1035
594079,964,1035
594080,968,1035
594081,965,1036
594082,965,1031
594083,963,1035
594084,964,1031
594085,964,1036
594086,966,1036
594087,961,1036
594088,960,1034
594089,958,1035
594090,960,1035
594091,961,1037
594092,963,1037
594093,956,1034
594094,956,1030
594095,954,1030
594096,956,1035
594097,957,1043
594098,959,1050
594099,959,1050
594100,957,1047
594101,962,1040
594102,960,1034
594103,962,1031
594104,966,1032
594105,962,1033
594106,960,1021
594107,959,1013
594108,962,1010
594109,967,1010
594110,968,1010
594111,969,1008
594112,966,1003
594113,962,999
594114,968,997
594115,974,999
594116,977,999
594117,973,997
594118,968,994
594119,968,996
594120,973,996
594121,978,998
594122,982,997
594123,980,995
594124,984,992
594125,981,992
594126,983,990
594127,988,992
594128,990,991
594129,992,990
594130,989,984
594131,986,983
594132,990,984
594133,991,986
594134,991,988
594135,994,987
594136,992,984
594137,993,984
594138,992,986
594139,996,987
594140,1000,985
594141,998,986
594142,995,983
594143,992,983
594144,997,987
594145,1001,992
594146,1005,991
594147,1004,991
594148,1002,990
594149,1000,994
594150,1000,998
594151,1003,1003
594152,1003,1003
594153,1003,1005
594154,1001,1005
594155,999,1010
594156,998,1015
594157,996,1021
594158,1000,1022
594159,999,1023
594160,996,1023
594161,992,1027
594162,993,1030
594163,995,1035
594164,995,1035
594165,994,1034
594166,989,1033
594167,985,1030
594168,986,1033
594169,988,1038
594170,992,1038
594171,992,1036
594172,989,1032
594173,983,1034
594174,983,1039
594175,989,1043
594176,991,1044
594177,988,1043
594178,986,1038
594179,983,1043
594180,983,1045
594181,984,1050
594182,988,1047
594183,992,1046
594184,990,1042
594185,987,1043
594186,988,1045
594187,988,1047
594188,990,1047
594189,991,1046
594190,986,1041
594191,987,1040
594192,989,1040
594193,989,1046
594194,991,1044
594195,990,1044
594196,987,1044
594197,987,1051
594198,986,1063
594199,988,1074
594200,990,1075
594201,991,1064
594202,989,1049
594203,988,1035
594204,988,1025
594205,989,1023
594206,990,1021
594207,989,1022
594208,990,1022
594209,987,1018
594210,986,1018
594211,988,1024
594212,994,1024
594213,992,1027
594214,987,1026
594215,984,1028
594216,983,1031
594217,986,1035
594218,988,1039
594219,986,1036
594220,983,1035
594221,978,1037
594222,980,1041
594223,980,1043
594224,984,1046
594225,984,1045
594226,979,1044
594227,977,1044
594228,981,1046
594229,984,1046
594230,984,1049
594231,986,1044
594232,983,1041
594233,980,1040
594234,983,1045
594235,984,1048
594236,987,1047
594237,987,1045
594238,983,1042
594239,982,1042
594240,982,1045
594241,984,1044
594242,986,1044
594243,989,1044
594244,984,1041
594245,979,1041
594246,981,1043
594247,984,1044
594248,987,1043
594249,984,1043
594250,981,1039
594251,981,1040
594252,979,1041
594253,981,1042
594254,982,1041
594255,981,1040
594256,975,1038
594257,975,1037
594258,976,1038
594259,978,1043
594260,980,1046
594261,978,1047
594262,976,1046
594263,976,1045
594264,977,1048
594265,980,1051
594266,985,1050
594267,985,1051
594268,981,1047
594269,982,1047
594270,984,1047
594271,983,1052
594272,987,1052
594273,985,1051
594274,981,1048
594275,982,1049
594276,984,1053
594277,985,1053
594278,990,1051
594279,993,1048
594280,990,1044
594281,992,1042
594282,994,1045
594283,1001,1042
594284,1006,1038
594285,1019,1031
594286,1026,1025
594287,1040,1019
594288,1059,1020
594289,1084,1016
594290,1114,1002
594291,1149,985
594292,1191,976
594293,1226,978
594294,1261,994
594295,1282,1022
594296,1282,1042
594297,1249,1047
594298,1196,1056
594299,1134,1072
594300,1073,1101
594301,1018,1119
594302,983,1118
594303,977,1102
594304,981,1077
594305,988,1057
594306,993,1050
594307,991,1053
594308,990,1053
594309,985,1054
594310,978,1049
594311,976,1043
594312,976,1043
594313,975,1041
594314,977,1038
594315,976,1039
594316,972,1038
594317,968,1042
594318,967,1046
594319,969,1052
594320,970,1051
594321,971,1050
594322,967,1047
594323,964,1052
594324,967,1051
594325,967,1054
594326,970,1055
594327,972,1049
594328,967,1049
594329,967,1048
594330,966,1048
594331,968,1052
594332,972,1052
594333,970,1048
594334,962,1046
594335,963,1046
594336,962,1048
594337,965,1051
594338,969,1050
594339,969,1047
594340,966,1045
594341,960,1041
594342,963,1047
594343,967,1049
594344,971,1049
594345,968,1046
594346,967,1041
594347,962,1044
594348,966,1043
594349,969,1045
594350,972,1044
594351,971,1042
594352,969,1037
594353,967,1034
594354,969,1035
594355,974,1037
594356,975,1039
594357,974,1036
594358,974,1030
594359,970,1031
594360,975,1033
594361,977,1035
594362,981,1031
594363,980,1028
594364,982,1025
594365,978,1022
594366,981,1022
594367,983,1025
594368,986,1023
594369,985,1020
594370,986,1017
594371,982,1015
594372,983,1015
594373,986,1017
594374,993,1016
594375,992,1011
594376,989,1008
594377,987,1007
594378,988,1013
594379,991,1016
594380,996,1020
594381,995,1022
594382,992,1021
594383,991,1020
594384,996,1019
594385,998,1023
594386,1000,1027
594387,1001,1022
594388,999,1012
594389,1001,1004
594390,1002,999
594391,1007,999
594392,1010,998
594393,1009,998
594394,1007,999
594395,1006,1003
594396,1005,1010
594397,1006,1014
594398,1008,1018
594399,1006,1017
594400,1006,1020
594401,1000,1022
594402,1002,1025
594403,1002,1029
594404,1003,1034
594405,1001,1035
594406,996,1037
594407,993,1040
594408,991,1043
594409,992,1049
594410,996,1050
594411,993,1048
594412,992,1045
594413,987,1043
594414,989,1047
594415,989,1050
594416,990,1050
594417,988,1050
594418,986,1046
594419,986,1046
594420,986,1048
594421,992,1050
594422,996,1050
594423,995,1045
594424,989,1045
594425,989,1046
594426,993,1049
594427,995,1049
594428,998,1048
594429,996,1045
594430,994,1044
594431,992,1047
594432,997,1047
594433,999,1048
594434,998,1047
594435,996,1047
594436,993,1042
594437,992,1040
594438,993,1044
594439,995,1045
594440,997,1043
594441,996,1039
594442,990,1034
594443,989,1035
594444,989,1034
594445,991,1039
594446,991,1040
594447,989,1039
594448,989,1036
594449,987,1035
594450,985,1038
594451,988,1039
594452,994,1043
594453,991,1041
594454,989,1039
594455,986,1038
594456,986,1040
594457,990,1045
594458,989,1044
594459,988,1040
594460,988,1038
594461,988,1038
594462,988,1040
594463,992,1045
594464,990,1044
594465,990,1042
594466,989,1042
594467,985,1043
594468,987,1045
594469,988,1051
594470,992,1049
594471,990,1047
594472,989,1047
594473,987,1048
594474,987,1050
594475,989,1054
594476,992,1056
594477,988,1057
594478,988,1059
594479,986,1066
594480,987,1070
594481,986,1067
594482,990,1058
594483,991,1050
594484,992,1039
594485,987,1037
594486,989,1040
594487,990,1045
594488,992,1048
594489,990,1041
594490,991,1036
594491,990,1032
594492,991,1031
594493,990,1033
594494,990,1031
594495,990,1032
594496,986,1031
594497,985,1033
594498,986,1037
594499,991,1040
594500,996,1041
594501,995,1038
594502,994,1035
594503,991,1038
594504,995,1043
594505,995,1046
594506,996,1046
594507,996,1045
594508,996,1042
594509,994,1044
594510,999,1045
594511,1004,1047
594512,1008,1045
594513,1005,1039
594514,1011,1033
594515,1017,1029
594516,1027,1030
594517,1043,1033
594518,1060,1027
594519,1081,1021
594520,1105,1013
594521,1135,1001
594522,1169,992
594523,1209,987
594524,1246,985
594525,1278,986
594526,1299,998
594527,1302,1018
594528,1282,1035
594529,1245,1040
594530,1194,1050
594531,1134,1060
594532,1074,1070
594533,1026,1075
594534,998,1080
594535,985,1081
594536,992,1070
594537,1001,1058
594538,1003,1045
594539,1000,1037
594540,994,1040
594541,995,1042
594542,992,1042
594543,989,1041
594544,984,1040
594545,976,1044
594546,976,1045
594547,976,1044
594548,977,1046
594549,971,1047
594550,970,1045
594551,967,1046
594552,969,1049
594553,971,1050
594554,972,1049
594555,972,1047
594556,970,1043
594557,967,1044
594558,968,1046
594559,972,1055
594560,970,1061
594561,972,1067
594562,973,1061
594563,969,1054
594564,970,1053
594565,971,1054
594566,977,1050
594567,975,1039
594568,971,1038
594569,970,1038
594570,974,1043
594571,979,1046
594572,981,1047
594573,979,1047
594574,974,1044
594575,973,1048
594576,973,1050
594577,977,1051
594578,979,1050
594579,979,1048
594580,977,1044
594581,976,1044
594582,980,1046
594583,978,1047
594584,979,1044
594585,979,1040
594586,977,1037
594587,977,1037
594588,976,1037
594589,977,1039
594590,978,1037
594591,979,1034
594592,974,1030
594593,974,1029
594594,973,1030
594595,979,1031
594596,987,1030
594597,987,1028
594598,982,1024
594599,979,1023
594600,983,1024
594601,985,1027
594602,987,1025
594603,987,1022
594604,983,1022
594605,986,1022
594606,989,1022
594607,992,1023
594608,995,1021
594609,994,1024
594610,991,1020
594611,992,1017
594612,993,1017
594613,997,1019
594614,1000,1020
594615,1000,1015
594616,1000,1011
594617,1002,1012
594618,1001,1015
594619,1004,1017
594620,1008,1014
594621,1008,1013
594622,1007,1008
594623,1005,1005
594624,1009,1007
594625,1011,1011
594626,1014,1010
594627,1013,1009
594628,1010,1010
594629,1009,1014
594630,1010,1017
594631,1012,1021
594632,1013,1024
594633,1010,1023
594634,1006,1023
594635,1000,1028
594636,1002,1035
594637,1002,1036
594638,1005,1040
594639,1001,1039
594640,999,1036
594641,998,1039
594642,995,1042
594643,999,1045
594644,1001,1045
594645,997,1046
594646,994,1043
594647,992,1044
594648,994,1046
594649,994,1049
594650,998,1050
594651,998,1046
594652,993,1045
594653,988,1046
594654,992,1049
594655,993,1053
594656,992,1050
594657,988,1047
594658,987,1042
594659,985,1042
594660,986,1045
594661,987,1048
594662,991,1049
594663,989,1049
594664,988,1047
594665,987,1047
594666,983,1048
594667,987,1050
594668,992,1051
594669,987,1050
594670,987,1049
594671,982,1050
594672,983,1053
594673,984,1059
594674,989,1056
594675,984,1054
594676,983,1049
594677,981,1048
594678,984,1048
594679,987,1047
594680,989,1041
594681,990,1041
594682,987,1040
594683,985,1039
594684,987,1039
594685,986,1039
594686,991,1038
594687,989,1035
594688,987,1036
594689,983,1038
594690,985,1040
594691,989,1044
594692,991,1044
594693,987,1042
594694,983,1040
594695,986,1039
594696,986,1043
594697,990,1048
594698,991,1046
594699,988,1043
594700,985,1041
594701,984,1044
594702,985,1045
594703,988,1048
594704,990,1048
594705,988,1048
594706,986,1044
594707,986,1046
594708,987,1050
594709,989,1051
594710,991,1050
594711,991,1047
594712,988,1044
594713,986,1044
594714,985,1048
594715,985,1055
594716,986,1055
594717,987,1052
594718,988,1051
594719,984,1052
594720,986,1054
594721,986,1052
594722,988,1051
594723,989,1050
594724,988,1046
594725,985,1048
594726,986,1049
594727,985,1047
594728,992,1049
594729,990,1049
594730,986,1045
594731,986,1046
594732,986,1048
594733,989,1054
594734,989,1053
594735,990,1051
594736,989,1046
594737,985,1048
594738,991,1048
594739,995,1051
594740,994,1051
594741,994,1051
594742,990,1050
594743,987,1052
594744,993,1050
594745,996,1048
594746,999,1043
594747,999,1034
594748,1002,1028
594749,1006,1023
594750,1015,1023
594751,1030,1025
594752,1046,1021
594753,1066,1018
594754,1085,1010
594755,1117,998
594756,1151,990
594757,1187,983
594758,1228,976
594759,1260,977
594760,1279,988
594761,1278,1008
594762,1259,1023
594763,1218,1031
594764,1168,1037
594765,1108,1050
594766,1051,1064
594767,1007,1074
594768,984,1082
594769,981,1083
594770,989,1075
594771,996,1063
594772,998,1052
594773,995,1044
594774,995,1046
594775,990,1048
594776,991,1045
594777,987,1041
594778,983,1038
594779,978,1040
594780,976,1045
594781,976,1052
594782,979,1051
594783,977,1048
594784,975,1049
594785,967,1050
594786,969,1056
594787,974,1059
594788,976,1057
594789,975,1056
594790,972,1054
594791,970,1052
594792,971,1051
594793,970,1048
594794,970,1046
594795,970,1043
594796,967,1039
594797,965,1045
594798,967,1045
594799,967,1047
594800,971,1048
594801,968,1049
594802,965,1045
594803,962,1047
594804,963,1047
594805,967,1047
594806,970,1047
594807,967,1048
594808,965,1042
594809,963,1039
594810,964,1041
594811,968,1042
594812,971,1042
594813,971,1036
594814,969,1034
594815,966,1034
594816,967,1035
594817,970,1037
594818,970,1036
594819,970,1034
594820,969,1028
594821,968,1028
594822,969,1032
594823,972,1035
594824,973,1032
594825,969,1033
594826,969,1027
594827,967,1028
594828,971,1029
594829,973,1029
594830,974,1030
594831,974,1027
594832,971,1023
594833,974,1020
594834,979,1022
594835,981,1022
594836,984,1019
594837,983,1019
594838,984,1012
594839,981,1013
594840,984,1014
594841,986,1014
594842,988,1010
594843,987,1013
594844,986,1005
594845,986,1002
594846,983,1006
594847,986,1008
594848,989,1006
594849,992,1004
594850,991,999
594851,989,1000
594852,989,1002
594853,990,1004
594854,992,1006
594855,995,1001
594856,993,1002
594857,991,999
594858,994,1001
594859,996,1005
594860,1001,1006
594861,999,1005
594862,998,1009
594863,1000,1014
594864,1003,1019
594865,1006,1025
594866,1006,1026
594867,1008,1022
594868,1005,1013
594869,1003,1011
594870,1003,1009
594871,1005,1015
594872,1005,1012
594873,1001,1009
594874,998,1012
594875,997,1017
594876,999,1020
594877,999,1024
594878,1001,1024
594879,999,1027
594880,997,1026
594881,994,1029
594882,993,1034
594883,995,1039
594884,1000,1041
594885,998,1038
594886,992,1038
594887,991,1038
594888,991,1041
594889,993,1047
594890,995,1045
594891,993,1042
594892,993,1038
594893,987,1039
594894,989,1042
594895,989,1045
594896,994,1044
594897,993,1043
594898,988,1041
594899,986,1041
594900,987,1043
594901,989,1045
594902,991,1045
594903,992,1042
594904,988,1041
594905,985,1041
594906,985,1041
594907,986,1045
594908,988,1040
594909,988,1044
594910,986,1039
594911,984,1037
594912,984,1040
594913,984,1046
594914,988,1043
594915,988,1040
594916,986,1040
594917,985,1042
594918,989,1043
594919,988,1045
594920,992,1041
594921,994,1041
594922,993,1035
594923,986,1038
594924,989,1036
594925,992,1041
594926,993,1040
594927,994,1038
594928,990,1033
594929,987,1035
594930,982,1036
594931,986,1037
594932,989,1035
594933,985,1036
594934,986,1031
594935,984,1033
594936,984,1034
594937,991,1038
594938,991,1037
594939,989,1034
594940,988,1033
594941,991,1032
594942,992,1037
594943,991,1042
594944,991,1042
594945,989,1040
594946,985,1040
594947,986,1040
594948,989,1046
594949,993,1049
594950,994,1052
594951,991,1047
594952,988,1041
594953,987,1041
594954,986,1044
594955,987,1050
594956,988,1050
594957,986,1048
594958,982,1048
594959,980,1048
594960,979,1049
594961,984,1047
594962,987,1041
594963,988,1039
594964,984,1037
594965,984,1040
594966,984,1046
594967,984,1047
594968,990,1041
594969,987,1036
594970,985,1030
594971,984,1028
594972,985,1029
594973,988,1035
594974,992,1033
594975,989,1030
594976,985,1025
594977,982,1029
594978,983,1034
594979,987,1037
594980,992,1037
594981,990,1037
594982,989,1031
594983,989,1032
594984,989,1036
594985,994,1039
594986,998,1037
594987,997,1031
594988,1002,1025
594989,1005,1023
594990,1015,1021
594991,1029,1019
594992,1048,1019
594993,1063,1007
594994,1086,999
594995,1112,989
594996,1146,979
594997,1186,978
594998,1221,980
594999,1249,994
595000,1262,1011
595001,1260,1033
595002,1240,1048
595003,1204,1049
595004,1158,1052
595005,1105,1064
595006,1054,1079
595007,1007,1096
595008,979,1108
595009,973,1110
595010,982,1106
595011,986,1088
595012,989,1069
595013,995,1057
595014,993,1049
595015,990,1046
595016,987,1041
595017,982,1039
595018,977,1038
595019,971,1039
595020,970,1040
595021,971,1044
595022,974,1045
595023,970,1046
595024,967,1043
595025,965,1039
595026,964,1036
595027,967,1036
595028,968,1033
595029,965,1031
595030,967,1026
595031,962,1027
595032,963,1030
595033,970,1032
595034,972,1033
595035,970,1034
595036,968,1031
595037,966,1032
595038,966,1033
595039,972,1034
595040,974,1035
595041,971,1032
595042,967,1031
595043,966,1034
595044,966,1036
595045,970,1038
595046,975,1037
595047,974,1037
595048,973,1032
595049,970,1035
595050,969,1037
595051,970,1039
595052,973,1038
595053,969,1035
595054,966,1031
595055,965,1029
595056,967,1029
595057,970,1030
595058,973,1032
595059,970,1032
595060,968,1025
595061,968,1025
595062,967,1023
595063,970,1024
595064,970,1021
595065,965,1019
595066,965,1015
595067,965,1016
595068,971,1013
595069,975,1013
595070,978,1009
595071,976,1008
595072,973,1005
595073,971,1008
595074,972,1007
595075,976,1010
595076,976,1005
595077,977,1000
595078,975,994
595079,976,997
595080,978,998
595081,980,1002
595082,984,1002
595083,984,1001
595084,982,999
595085,978,1000
595086,981,1003
595087,984,1002
595088,991,998
595089,987,994
595090,985,991
595091,986,990
595092,984,993
595093,993,994
595094,995,990
595095,996,986
595096,996,981
595097,994,985
595098,997,986
595099,1002,988
595100,1007,991
595101,1005,989
595102,1003,994
595103,1001,996
595104,1006,999
595105,1006,1001
595106,1008,1003
595107,1005,1004
595108,1004,1006
595109,1001,1009
595110,1000,1015
595111,1002,1020
595112,1003,1023
595113,1000,1023
595114,996,1020
595115,994,1023
595116,997,1024
595117,1001,1033
595118,1005,1031
595119,999,1034
595120,999,1029
595121,996,1034
595122,998,1037
595123,1001,1040
595124,1002,1039
595125,999,1039
595126,991,1037
595127,989,1040
595128,990,1041
595129,995,1047
595130,998,1048
595131,995,1049
595132,992,1046
595133,988,1046
595134,989,1049
595135,991,1052
595136,995,1052
595137,996,1050
595138,991,1045
595139,989,1046
595140,992,1049
595141,994,1052
595142,996,1049
595143,996,1042
595144,993,1039
595145,990,1040
595146,993,1047
595147,992,1053
595148,993,1055
595149,990,1055
595150,988,1053
595151,987,1049
595152,990,1046
595153,990,1043
595154,992,1041
595155,990,1040
595156,986,1036
595157,986,1036
595158,988,1038
595159,988,1038
595160,992,1038
595161,990,1035
595162,985,1033
595163,983,1034
595164,985,1032
595165,988,1035
595166,992,1034
595167,993,1031
595168,991,1031
595169,989,1033
595170,988,1038
595171,992,1043
595172,992,1041
595173,992,1043
595174,989,1039
595175,987,1037
595176,990,1041
595177,992,1043
595178,994,1043
595179,994,1042
595180,990,1043
595181,991,1042
595182,992,1044
595183,996,1046
595184,995,1046
595185,995,1045
595186,991,1040
595187,987,1042
595188,988,1045
595189,989,1048
595190,994,1046
595191,992,1045
595192,989,1043
595193,987,1045
595194,988,1046
595195,990,1049
595196,991,1049
595197,990,1048
595198,986,1045
595199,982,1046
595200,986,1047
595201,990,1051
595202,992,1051
595203,990,1049
595204,982,1046
595205,985,1051
595206,982,1052
595207,986,1056
595208,990,1052
595209,987,1051
595210,983,1045
595211,980,1045
595212,984,1046
595213,986,1050
595214,984,1046
595215,986,1040
595216,982,1038
595217,979,1038
595218,983,1041
595219,986,1040
595220,988,1038
595221,986,1039
595222,986,1037
595223,983,1037
595224,983,1042
595225,983,1046
595226,986,1048
595227,987,1045
595228,986,1045
595229,986,1042
595230,984,1046
595231,986,1049
595232,988,1050
595233,988,1049
595234,988,1050
595235,983,1049
595236,985,1049
595237,990,1053
595238,990,1048
595239,988,1047
595240,989,1044
595241,984,1047
595242,985,1052
595243,987,1053
595244,993,1054
595245,991,1051
595246,988,1050
595247,987,1052
595248,986,1054
595249,990,1052
595250,992,1050
595251,993,1049
595252,988,1047
595253,986,1049
595254,987,1052
595255,990,1054
595256,987,1054
595257,990,1054
595258,989,1051
595259,988,1052
595260,989,1054
595261,991,1056
595262,995,1054
595263,993,1050
595264,991,1044
595265,989,1044
595266,989,1041
595267,994,1047
595268,994,1042
595269,997,1043
595270,996,1040
595271,992,1039
595272,992,1046
595273,992,1051
595274,992,1052
595275,988,1051
595276,988,1046
595277,987,1039
595278,988,1039
595279,991,1039
595280,993,1040
595281,991,1038
595282,988,1039
595283,984,1039
595284,984,1042
595285,989,1046
595286,993,1046
595287,992,1045
595288,988,1042
595289,986,1045
595290,987,1049
595291,990,1051
595292,992,1050
595293,991,1049
595294,988,1046
595295,985,1046
595296,986,1051
595297,988,1053
595298,991,1053
595299,989,1052
595300,984,1049
595301,983,1051
595302,984,1054
595303,985,1055
595304,989,1055
595305,989,1055
595306,988,1050
595307,986,1049
595308,988,1052
595309,989,1054
595310,996,1055
595311,992,1053
595312,988,1051
595313,989,1050
595314,989,1052
595315,992,1055
595316,994,1052
595317,993,1050
595318,991,1050
595319,992,1050
595320,995,1049
595321,996,1044
595322,998,1041
595323,996,1039
595324,993,1038
595325,993,1035
595326,993,1039
595327,995,1040
595328,995,1038
595329,996,1035
595330,992,1033
595331,991,1035
595332,991,1041
595333,993,1043
595334,996,1041
595335,992,1039
595336,990,1038
595337,988,1042
595338,990,1043
595339,990,1047
595340,994,1047
595341,990,1045
595342,988,1044
595343,988,1047
595344,987,1050
595345,991,1051
595346,992,1049
595347,989,1047
595348,985,1044
595349,985,1047
595350,983,1049
595351,988,1050
595352,990,1045
595353,990,1046
595354,989,1044
595355,986,1044
595356,988,1046
595357,990,1049
595358,993,1046
595359,990,1045
595360,984,1040
595361,987,1040
595362,989,1043
595363,990,1044
595364,991,1042
595365,989,1041
595366,990,1038
595367,988,1039
595368,986,1042
595369,989,1046
595370,993,1045
595371,992,1043
595372,989,1037
595373,989,1038
595374,992,1039
595375,991,1043
595376,994,1045
595377,990,1042
595378,989,1038
595379,986,1039
595380,987,1046
595381,993,1047
595382,993,1044
595383,993,1044
595384,993,1043
595385,994,1042
595386,995,1046
595387,996,1045
595388,999,1039
595389,996,1037
595390,993,1034
595391,991,1035
595392,989,1039
595393,994,1045
595394,995,1044
595395,995,1044
595396,990,1041
595397,991,1045
595398,989,1048
595399,992,1047
595400,993,1043
595401,989,1040
595402,988,1038
595403,986,1039
595404,985,1042
595405,986,1044
595406,990,1046
595407,991,1044
595408,990,1044
595409,986,1042
595410,987,1041
595411,988,1042
595412,992,1041
595413,990,1040
595414,987,1035
595415,988,1037
595416,984,1037
595417,987,1041
595418,991,1042
595419,989,1043
595420,987,1040
595421,986,1041
595422,988,1042
595423,989,1041
595424,991,1042
595425,992,1040
595426,990,1040
595427,990,1040
595428,990,1042
595429,995,1041
595430,999,1041
595431,997,1035
595432,997,1033
595433,995,1037
595434,998,1040
595435,1000,1041
595436,1004,1035
595437,1005,1027
595438,1003,1024
595439,1010,1021
595440,1018,1023
595441,1030,1023
595442,1045,1021
595443,1057,1013
595444,1072,1004
595445,1091,992
595446,1113,980
595447,1136,970
595448,1159,964
595449,1177,962
595450,1192,965
595451,1198,982
595452,1197,1006
595453,1181,1025
595454,1157,1033
595455,1124,1037
595456,1091,1042
595457,1057,1048
595458,1031,1054
595459,1018,1059
595460,1011,1053
595461,1008,1044
595462,1004,1035
595463,1004,1028
595464,1003,1030
595465,1003,1036
595466,1002,1035
595467,998,1035
595468,993,1037
595469,988,1036
595470,989,1041
595471,990,1045
595472,990,1049
595473,987,1053
595474,983,1046
595475,981,1044
595476,984,1043
595477,985,1045
595478,988,1045
595479,986,1043
595480,984,1039
595481,982,1040
595482,982,1042
595483,984,1047
595484,987,1044
595485,985,1043
595486,982,1044
595487,983,1045
595488,984,1045
595489,987,1044
595490,990,1041
595491,988,1038
595492,988,1038
595493,987,1037
595494,987,1041
595495,987,1045
595496,987,1045
595497,987,1044
595498,987,1045
595499,983,1046
595500,985,1050
595501,987,1053
595502,991,1053
595503,990,1052
595504,989,1042
595505,988,1040
595506,989,1038
595507,990,1037
595508,991,1038
595509,993,1037
595510,988,1036
595511,988,1039
595512,990,1040
595513,993,1042
595514,994,1040
595515,994,1041
595516,993,1037
595517,990,1037
595518,990,1042
595519,993,1041
595520,995,1042
595521,993,1042
595522,994,1042
595523,989,1039
595524,992,1039
595525,995,1039
595526,997,1036
595527,997,1033
595528,990,1027
595529,990,1029
595530,990,1030
595531,996,1032
595532,998,1030
595533,997,1028
595534,995,1025
595535,996,1022
595536,997,1024
595537,1003,1027
595538,1006,1027
595539,1003,1029
595540,1001,1028
595541,1001,1028
595542,1004,1026
595543,1004,1021
595544,1008,1020
595545,1006,1014
595546,1003,1013
595547,1002,1013
595548,1005,1014
595549,1005,1016
595550,1009,1017
595551,1007,1013
595552,1004,1010
595553,1003,1012
595554,1008,1014
595555,1009,1017
595556,1011,1016
595557,1012,1008
595558,1011,1006
595559,1008,1007
595560,1010,1009
595561,1012,1013
595562,1013,1014
595563,1010,1013
595564,1007,1012
595565,1007,1015
595566,1005,1020
595567,1011,1025
595568,1011,1026
595569,1007,1024
595570,1006,1024
595571,1005,1023
595572,1003,1026
595573,1006,1031
595574,1010,1033
595575,1004,1034
595576,1002,1032
595577,1000,1036
595578,1001,1041
595579,1004,1046
595580,1004,1044
595581,1001,1038
595582,998,1032
595583,997,1035
595584,996,1038
595585,999,1042
595586,1002,1044
595587,1000,1039
595588,997,1036
595589,997,1036
595590,997,1038
595591,994,1039
595592,995,1038
595593,999,1038
595594,996,1034
595595,995,1035
595596,997,1039
595597,998,1044
595598,1001,1044
595599,999,1044
595600,997,1039
595601,993,1041
595602,992,1043
595603,994,1042
595604,997,1042
595605,997,1038
595606,994,1037
595607,992,1040
595608,994,1042
595609,997,1042
595610,1000,1043
595611,1000,1038
595612,997,1036
595613,997,1039
595614,997,1038
595615,999,1043
595616,1000,1039
595617,998,1038
595618,999,1035
595619,996,1034
595620,995,1033
595621,999,1037
595622,1001,1038
595623,1002,1037
595624,997,1031
595625,996,1031
595626,997,1032
595627,1000,1033
595628,1002,1034
595629,1003,1035
595630,999,1033
595631,994,1037
595632,997,1042
595633,1000,1041
595634,1002,1039
595635,1001,1037
595636,998,1034
595637,994,1037
595638,994,1038
595639,996,1042
595640,995,1040
595641,998,1039
595642,996,1036
595643,988,1039
595644,991,1040
595645,993,1044
595646,997,1039
595647,994,1039
595648,991,1037
595649,989,1042
595650,989,1045
595651,992,1048
595652,994,1047
595653,994,1046
595654,990,1042
595655,986,1042
595656,987,1043
595657,992,1044
595658,992,1045
595659,987,1044
595660,987,1040
595661,987,1040
595662,986,1040
595663,987,1041
595664,990,1041
595665,989,1040
595666,985,1039
595667,984,1041
595668,984,1043
595669,987,1044
595670,989,1046
595671,984,1044
595672,983,1042
595673,982,1041
595674,981,1040
595675,986,1041
595676,987,1042
595677,988,1040
595678,987,1039
595679,985,1040
595680,984,1044
595681,987,1048
595682,994,1048
595683,988,1047
595684,991,1042
595685,988,1043
595686,990,1047
595687,990,1049
595688,994,1047
595689,993,1044
595690,988,1040
595691,989,1041
595692,990,1042
595693,992,1046
595694,993,1047
595695,991,1048
595696,990,1045
595697,989,1048
595698,989,1050
595699,992,1054
595700,997,1048
595701,995,1045
595702,995,1039
595703,993,1042
595704,994,1045
595705,993,1050
595706,997,1048
595707,992,1048
595708,993,1047
595709,992,1044
595710,994,1047
595711,996,1049
595712,998,1046
595713,998,1044
595714,993,1045
595715,992,1046
595716,994,1043
595717,996,1045
595718,998,1044
595719,999,1044
595720,993,1040
595721,994,1042
595722,993,1042
595723,1000,1047
595724,1003,1046
595725,1002,1043
595726,998,1042
595727,997,1040
595728,1000,1045
595729,1002,1044
595730,1007,1044
595731,1006,1040
595732,1004,1038
595733,1002,1036
595734,1007,1035
595735,1018,1036
595736,1029,1030
595737,1039,1024
595738,1052,1019
595739,1070,1016
595740,1096,1007
595741,1128,999
595742,1164,981
595743,1199,969
595744,1230,969
595745,1260,977
595746,1283,999
595747,1293,1023
595748,1277,1035
595749,1236,1040
595750,1182,1043
595751,1127,1060
595752,1071,1078
595753,1027,1090
595754,1004,1094
595755,996,1087
595756,999,1073
595757,1004,1060
595758,1010,1055
595759,1009,1055
595760,1009,1050
595761,1008,1046
595762,1002,1042
595763,996,1042
595764,995,1045
595765,997,1046
595766,997,1047
595767,992,1045
595768,991,1043
595769,986,1038
595770,987,1041
595771,989,1041
595772,989,1043
595773,986,1040
595774,984,1039
595775,981,1043
595776,978,1045
595777,980,1049
595778,981,1050
595779,982,1046
595780,981,1041
595781,979,1041
595782,978,1043
595783,981,1048
595784,979,1048
595785,978,1046
595786,977,1042
595787,978,1044
595788,980,1046
595789,982,1051
595790,983,1051
595791,982,1049
595792,977,1048
595793,977,1045
595794,981,1046
595795,982,1045
595796,983,1042
595797,980,1040
595798,978,1034
595799,976,1035
595800,979,1035
595801,980,1035
595802,985,1033
595803,983,1028
595804,981,1024
595805,978,1024
595806,981,1031
595807,982,1031
595808,983,1033
595809,984,1031
595810,981,1029
595811,981,1030
595812,984,1028
595813,987,1027
595814,989,1027
595815,988,1024
595816,984,1025
595817,984,1024
595818,984,1023
595819,989,1024
595820,995,1019
595821,996,1016
595822,994,1015
595823,991,1016
595824,993,1016
595825,996,1019
595826,1001,1018
595827,1003,1015
595828,1000,1014
595829,997,1012
595830,994,1016
595831,1001,1016
595832,1004,1011
595833,1006,1005
595834,999,999
595835,1001,998
595836,1006,999
595837,1009,1003
595838,1012,1001
595839,1011,994
595840,1009,990
595841,1005,993
595842,1006,993
595843,1012,996
595844,1014,996
595845,1014,994
595846,1008,989
595847,1007,992
595848,1010,994
595849,1012,996
595850,1016,993
595851,1016,992
595852,1011,993
595853,1012,996
595854,1011,1000
595855,1013,1004
595856,1016,1004
595857,1015,1004
595858,1012,1004
595859,1009,1009
595860,1011,1016
595861,1015,1021
595862,1010,1022
595863,1010,1021
595864,1007,1022
595865,1005,1024
595866,1005,1030
595867,1005,1033
595868,1005,1035
595869,1005,1035
595870,1001,1033
595871,997,1038
595872,996,1042
595873,1000,1046
595874,1000,1047
595875,999,1047
595876,995,1042
595877,992,1043
595878,992,1047
595879,1000,1049
595880,1001,1051
595881,1000,1047
595882,997,1044
595883,997,1042
595884,997,1046
595885,998,1043
595886,999,1045
595887,1000,1043
595888,997,1038
595889,995,1037
595890,993,1037
595891,996,1041
595892,996,1038
595893,997,1033
595894,994,1025
595895,992,1027
595896,993,1031
595897,993,1032
595898,995,1031
595899,992,1028
595900,987,1025
595901,987,1023
595902,991,1023
595903,991,1028
595904,997,1027
595905,995,1026
595906,993,1028
595907,990,1029
595908,991,1032
595909,995,1035
595910,996,1034
595911,994,1033
595912,993,1032
595913,992,1031
595914,994,1037
595915,998,1036
595916,997,1035
595917,996,1035
595918,996,1032
595919,993,1033
595920,997,1037
595921,998,1041
595922,998,1042
595923,998,1039
595924,994,1036
595925,992,1036
595926,996,1039
595927,1001,1045
595928,1002,1043
595929,999,1040
595930,997,1035
595931,996,1033
595932,998,1036
595933,998,1038
595934,1002,1039
595935,999,1037
595936,999,1037
595937,996,1035
595938,999,1038
595939,1001,1038
595940,1003,1035
595941,1001,1035
595942,997,1032
595943,993,1032
595944,994,1038
595945,993,1039
595946,1000,1037
595947,1003,1035
595948,1000,1034
595949,998,1032
595950,1000,1035
595951,1002,1037
595952,1004,1037
595953,1002,1032
595954,1002,1030
595955,998,1032
595956,1001,1031
595957,1002,1038
595958,1005,1034
595959,1006,1030
595960,1003,1029
595961,1002,1028
595962,1003,1033
595963,1004,1033
595964,1008,1033
595965,1007,1028
595966,1007,1022
595967,1010,1020
595968,1020,1022
595969,1027,1026
595970,1039,1021
595971,1051,1014
595972,1066,1007
595973,1086,998
595974,1116,987
595975,1153,980
595976,1193,978
595977,1232,979
595978,1268,994
595979,1290,1018
595980,1296,1038
595981,1277,1045
595982,1235,1043
595983,1177,1048
595984,1117,1060
595985,1060,1081
595986,1016,1095
595987,993,1103
595988,992,1100
595989,997,1086
595990,1003,1064
595991,1009,1053
595992,1015,1046
595993,1015,1039
595994,1014,1037
595995,1006,1035
595996,998,1034
595997,993,1034
595998,994,1036
595999,997,1036
596000,998,1033
596001,997,1034
596002,995,1032
596003,990,1035
596004,992,1040
596005,992,1039
596006,993,1040
596007,991,1034
596008,988,1032
596009,986,1030
596010,989,1034
596011,990,1035
596012,990,1033
596013,991,1031
596014,987,1027
596015,985,1027
596016,987,1027
596017,985,1029
596018,989,1029
596019,988,1027
596020,984,1025
596021,982,1023
596022,985,1026
596023,990,1030
596024,995,1031
596025,992,1029
596026,989,1026
596027,987,1027
596028,992,1030
596029,993,1029
596030,998,1028
596031,997,1024
596032,993,1021
596033,989,1020
596034,988,1024
596035,990,1031
596036,997,1028
596037,996,1026
596038,993,1023
596039,990,1020
596040,993,1019
596041,996,1020
596042,993,1017
596043,993,1017
596044,992,1015
596045,992,1017
596046,994,1022
596047,998,1024
596048,1001,1019
596049,999,1011
596050,999,1005
596051,999,1003
596052,1003,1008
596053,1003,1006
596054,1006,1003
596055,1008,996
596056,1003,988
596057,1005,985
596058,1008,985
596059,1012,987
596060,1015,985
596061,1011,979
596062,1008,976
596063,1007,976
596064,1008,976
596065,1012,981
596066,1015,979
596067,1015,976
596068,1013,972
596069,1012,973
596070,1018,978
596071,1018,977
596072,1021,978
596073,1020,975
596074,1015,975
596075,1019,975
596076,1023,978
596077,1028,982
596078,1027,980
596079,1028,983
596080,1024,983
596081,1026,984
596082,1027,989
596083,1028,993
596084,1028,996
596085,1028,998
596086,1026,1001
596087,1025,1004
596088,1026,1013
596089,1025,1015
596090,1025,1015
596091,1021,1013
596092,1016,1012
596093,1017,1016
596094,1017,1020
596095,1017,1026
596096,1018,1029
596097,1017,1029
596098,1012,1031
596099,1007,1036
596100,1007,1035
596101,1013,1033
596102,1014,1031
596103,1012,1025
596104,1008,1024
596105,1009,1028
596106,1009,1032
596107,1013,1034
596108,1013,1035
596109,1011,1034
596110,1008,1030
596111,1006,1033
596112,1009,1040
596113,1011,1043
596114,1013,1040
596115,1012,1038
596116,1010,1038
596117,1007,1038
596118,1011,1040
596119,1013,1040
596120,1017,1040
596121,1014,1038
596122,1010,1038
596123,1009,1039
596124,1010,1038
596125,1011,1042
596126,1016,1037
596127,1013,1036
596128,1009,1031
596129,1008,1031
596130,1008,1031
596131,1011,1032
596132,1009,1032
596133,1010,1029
596134,1005,1027
596135,1006,1030
596136,1003,1034
596137,1005,1037
596138,1007,1034
596139,1010,1032
596140,1007,1030
596141,1005,1031
596142,1009,1034
596143,1009,1040
596144,1009,1039
596145,1009,1035
596146,1005,1031
596147,1002,1031
596148,1007,1029
596149,1010,1033
596150,1013,1031
596151,1011,1028
596152,1005,1031
596153,1005,1035
596154,1005,1038
596155,1006,1041
596156,1011,1041
596157,1011,1039
596158,1009,1037
596159,1008,1038
596160,1010,1035
596161,1011,1039
596162,1011,1036
596163,1011,1035
596164,1007,1034
596165,1006,1034
596166,1004,1039
596167,1008,1041
596168,1009,1042
596169,1007,1038
596170,1004,1032
596171,1005,1037
596172,1005,1041
596173,1009,1044
596174,1009,1045
596175,1008,1042
596176,1005,1043
596177,1005,1043
596178,1007,1042
596179,1007,1046
596180,1008,1043
596181,1005,1037
596182,1007,1034
596183,1003,1035
596184,1003,1036
596185,1005,1039
596186,1005,1038
596187,1004,1039
596188,1003,1036
596189,1000,1037
596190,1003,1040
596191,1005,1041
596192,1008,1039
596193,1004,1038
596194,1003,1037
596195,1001,1038
596196,1001,1044
596197,1004,1045
596198,1008,1045
596199,1010,1041
596200,1006,1038
596201,1005,1039
596202,1003,1040
596203,1004,1044
596204,1007,1043
596205,1006,1043
596206,1004,1039
596207,1005,1042
596208,1007,1044
596209,1009,1050
596210,1012,1048
596211,1009,1048
596212,1004,1044
596213,1003,1045
596214,1006,1047
596215,1010,1045
596216,1011,1043
596217,1012,1040
596218,1011,1038
596219,1010,1036
596220,1009,1039
596221,1009,1041
596222,1012,1040
596223,1012,1040
596224,1009,1037
596225,1009,1036
596226,1010,1039
596227,1016,1042
596228,1017,1038
596229,1019,1038
596230,1016,1034
596231,1017,1034
596232,1018,1036
596233,1018,1035
596234,1025,1030
596235,1026,1028
596236,1033,1021
596237,1042,1016
596238,1056,1016
596239,1073,1011
596240,1097,1006
596241,1129,992
596242,1161,977
596243,1199,969
596244,1235,973
596245,1277,985
596246,1309,1006
596247,1324,1027
596248,1312,1040
596249,1272,1047
596250,1217,1057
596251,1159,1074
596252,1101,1086
596253,1042,1091
596254,998,1096
596255,980,1098
596256,986,1092
596257,1000,1079
596258,1012,1062
596259,1015,1048
596260,1013,1036
596261,1010,1037
596262,1008,1037
596263,1007,1042
596264,1006,1042
596265,1005,1038
596266,999,1039
596267,997,1039
596268,995,1039
596269,997,1045
596270,1001,1043
596271,994,1042
596272,990,1037
596273,987,1037
596274,992,1041
596275,992,1045
596276,994,1046
596277,992,1043
596278,988,1041
596279,986,1044
596280,988,1042
596281,992,1049
596282,993,1044
596283,989,1043
596284,989,1037
596285,986,1039
596286,988,1040
596287,991,1044
596288,993,1040
596289,992,1041
596290,988,1038
596291,987,1040
596292,990,1043
596293,988,1046
596294,992,1043
596295,989,1043
596296,989,1041
596297,987,1038
596298,986,1044
596299,988,1046
596300,987,1046
596301,986,1044
596302,983,1035
596303,981,1034
596304,983,1034
596305,986,1037
596306,991,1036
596307,991,1035
596308,991,1032
596309,990,1031
596310,991,1031
596311,996,1035
596312,999,1035
596313,1000,1029
596314,996,1023
596315,993,1023
596316,997,1023
596317,999,1027
596318,1002,1027
596319,1003,1022
596320,1000,1018
596321,997,1018
596322,999,1018
596323,1002,1018
596324,1008,1014
596325,1008,1011
596326,1006,1006
596327,1003,1007
596328,1006,1007
596329,1009,1011
596330,1010,1009
596331,1009,1005
596332,1007,1006
596333,1005,1007
596334,1006,1009
596335,1011,1006
596336,1013,999
596337,1015,999
596338,1009,991
596339,1012,994
596340,1018,997
596341,1023,999
596342,1027,998
596343,1027,1000
596344,1026,997
596345,1026,999
596346,1027,1000
596347,1030,1005
596348,1030,1005
596349,1030,1005
596350,1029,1007
596351,1027,1008
596352,1025,1012
596353,1030,1016
596354,1028,1018
596355,1029,1021
596356,1024,1020
596357,1026,1027
596358,1027,1032
596359,1026,1036
596360,1026,1035
596361,1026,1036
596362,1024,1036
596363,1023,1036
596364,1023,1041
596365,1022,1043
596366,1020,1042
596367,1019,1044
596368,1011,1042
596369,1008,1045
596370,1009,1047
596371,1010,1049
596372,1009,1046
596373,1011,1044
596374,1006,1042
596375,1002,1044
596376,1003,1047
596377,1001,1050
596378,1002,1048
596379,1004,1045
596380,1000,1044
596381,999,1045
596382,1001,1045
596383,1005,1047
596384,1004,1044
596385,1002,1042
596386,999,1046
596387,995,1046
596388,998,1049
596389,1001,1047
596390,1004,1045
596391,1004,1042
596392,1000,1038
596393,998,1041
596394,998,1042
596395,1000,1045
596396,1006,1041
596397,1004,1035
596398,1002,1033
596399,1001,1032
596400,1005,1034
596401,1008,1036
596402,1013,1037
596403,1011,1034
596404,1008,1035
596405,1005,1037
596406,1007,1038
596407,1010,1040
596408,1015,1039
596409,1014,1039
596410,1008,1035
596411,1007,1039
596412,1008,1040
596413,1010,1046
596414,1010,1043
596415,1012,1044
596416,1007,1040
596417,1006,1043
596418,1007,1046
596419,1008,1047
596420,1009,1046
596421,1007,1045
596422,1005,1042
596423,997,1042
596424,999,1043
596425,1004,1043
596426,1004,1041
596427,1000,1037
596428,997,1037
596429,997,1037
596430,997,1038
596431,998,1038
596432,1003,1040
596433,1000,1035
596434,997,1036
596435,998,1034
596436,997,1042
596437,1001,1043
596438,1004,1044
596439,1001,1041
596440,999,1040
596441,997,1043
596442,998,1043
596443,999,1046
596444,1001,1047
596445,1000,1047
596446,998,1049
596447,993,1047
596448,995,1045
596449,1000,1046
596450,1001,1043
596451,1000,1041
596452,995,1041
596453,996,1042
596454,995,1049
596455,996,1048
596456,1002,1047
596457,1002,1046
596458,999,1043
596459,997,1044
596460,998,1044
596461,1002,1048
596462,1002,1049
596463,1002,1047
596464,997,1043
596465,995,1042
596466,1000,1039
596467,1002,1043
596468,1007,1042
596469,1005,1040
596470,1003,1039
596471,1003,1036
596472,1004,1037
596473,1008,1038
596474,1011,1033
596475,1017,1027
596476,1020,1023
596477,1034,1019
596478,1055,1019
596479,1079,1017
596480,1105,1006
596481,1137,988
596482,1172,975
596483,1209,969
596484,1253,975
596485,1292,985
596486,1320,1008
596487,1318,1023
596488,1282,1028
596489,1222,1034
596490,1159,1049
596491,1095,1065
596492,1039,1080
596493,999,1083
596494,987,1080
596495,994,1075
596496,1007,1065
596497,1015,1057
596498,1015,1052
596499,1008,1051
596500,999,1049
596501,996,1047
596502,995,1048
596503,994,1048
596504,994,1043
596505,987,1042
596506,984,1037
596507,982,1038
596508,984,1040
596509,985,1042
596510,987,1040
596511,987,1035
596512,982,1033
596513,980,1032
596514,983,1036
596515,984,1037
596516,984,1039
596517,984,1037
596518,977,1035
596519,977,1037
596520,978,1039
596521,981,1041
596522,982,1042
596523,982,1042
596524,977,1038
596525,974,1042
596526,976,1046
596527,976,1049
596528,979,1053
596529,979,1052
596530,976,1047
596531,977,1049
596532,982,1050
596533,984,1054
596534,983,1050
596535,984,1050
596536,980,1047
596537,980,1049
596538,981,1054
596539,982,1056
596540,984,1054
596541,981,1050
596542,984,1047
596543,983,1049
596544,984,1047
596545,986,1048
596546,988,1046
596547,986,1044
596548,984,1037
596549,985,1034
596550,987,1036
596551,991,1035
596552,991,1032
596553,990,1031
596554,990,1027
596555,987,1029
596556,994,1027
596557,997,1023
596558,999,1025
596559,998,1020
596560,995,1017
596561,992,1016
596562,995,1019
596563,1003,1022
596564,1004,1018
596565,1006,1013
596566,1004,1006
596567,1004,1007
596568,1008,1009
596569,1012,1012
596570,1011,1010
596571,1005,1006
596572,1006,1005
596573,1007,1002
596574,1011,1003
596575,1014,1005
596576,1016,1005
596577,1016,1002
596578,1017,1000
596579,1016,998
596580,1015,1000
596581,1019,1001
596582,1018,1001
596583,1018,1000
596584,1018,999
596585,1014,1002
596586,1018,1005
596587,1017,1005
596588,1018,1006
596589,1017,1005
596590,1014,1007
596591,1010,1008
596592,1010,1014
596593,1012,1019
596594,1012,1020
596595,1010,1019
596596,1010,1018
596597,1010,1021
596598,1009,1028
596599,1012,1034
596600,1011,1037
596601,1007,1036
596602,1003,1039
596603,1003,1043
596604,1001,1049
596605,1004,1050
596606,1005,1048
596607,1004,1045
596608,1000,1042
596609,997,1044
596610,999,1048
596611,1001,1053
596612,1004,1050
596613,1001,1046
596614,1001,1044
596615,1000,1045
596616,1001,1047
596617,1002,1046
596618,1001,1045
596619,1001,1044
596620,996,1046
596621,999,1045
596622,1000,1045
596623,1000,1046
596624,1005,1047
596625,1005,1045
596626,1001,1042
596627,999,1042
596628,999,1046
596629,998,1048
596630,994,1045
596631,997,1040
596632,995,1036
596633,990,1037
596634,992,1043
596635,994,1043
596636,995,1042
596637,995,1037
596638,994,1033
596639,993,1033
596640,996,1036
596641,997,1040
596642,999,1038
596643,998,1037
596644,993,1034
596645,992,1035
596646,991,1039
596647,996,1043
596648,998,1042
596649,997,1041
596650,995,1041
596651,991,1043
596652,994,1047
596653,997,1049
596654,994,1046
596655,995,1044
596656,994,1044
596657,989,1041
596658,994,1043
596659,998,1046
596660,1000,1045
596661,995,1043
596662,990,1043
596663,991,1045
596664,992,1048
596665,995,1053
596666,996,1052
596667,999,1049
596668,995,1048
596669,993,1049
596670,993,1052
596671,995,1057
596672,1002,1052
596673,1001,1046
596674,998,1041
596675,996,1037
596676,996,1038
596677,997,1039
596678,997,1041
596679,999,1040
596680,996,1038
596681,993,1039
596682,992,1042
596683,994,1043
596684,997,1043
596685,996,1043
596686,994,1040
596687,992,1038
596688,990,1042
596689,993,1043
596690,996,1043
596691,992,1042
596692,990,1042
596693,986,1044
596694,988,1044
596695,989,1046
596696,994,1043
596697,994,1040
596698,991,1042
596699,989,1046
596700,992,1053
596701,992,1054
596702,996,1051
596703,991,1047
596704,992,1042
596705,990,1042
596706,991,1044
596707,992,1044
596708,993,1045
596709,991,1045
596710,990,1044
596711,988,1045
596712,985,1046
596713,988,1044
596714,992,1045
596715,992,1045
596716,990,1043
596717,990,1044
596718,997,1045
596719,999,1045
596720,996,1043
596721,996,1041
596722,992,1040
596723,992,1040
596724,994,1044
596725,999,1047
596726,1002,1047
596727,1001,1044
596728,997,1042
596729,994,1044
596730,995,1046
596731,998,1048
596732,1000,1046
596733,997,1047
596734,996,1044
596735,992,1042
596736,990,1045
596737,1000,1046
596738,1003,1048
596739,997,1045
596740,993,1044
596741,990,1043
596742,995,1043
596743,997,1045
596744,1001,1046
596745,995,1043
596746,994,1044
596747,992,1043
596748,997,1045
596749,1000,1048
596750,1003,1049
596751,1001,1047
596752,996,1041
596753,995,1039
596754,997,1040
596755,1001,1045
596756,1001,1046
596757,1001,1049
596758,999,1049
596759,996,1050
596760,999,1049
596761,1005,1045
596762,1006,1037
596763,1003,1033
596764,1000,1032
596765,1003,1034
596766,1004,1035
596767,1006,1038
596768,1006,1035
596769,1005,1035
596770,1002,1032
596771,1002,1036
596772,1003,1038
596773,1005,1039
596774,1010,1040
596775,1006,1039
596776,1002,1038
596777,1002,1039
596778,1001,1042
596779,1005,1047
596780,1006,1046
596781,1005,1043
596782,1004,1041
596783,1003,1042
596784,1002,1045
596785,1007,1043
596786,1010,1041
596787,1008,1033
596788,1014,1024
596789,1024,1019
596790,1044,1019
596791,1064,1018
596792,1083,1012
596793,1109,1000
596794,1144,985
596795,1190,977
596796,1238,977
596797,1282,987
596798,1314,1004
596799,1321,1025
596800,1299,1034
596801,1250,1041
596802,1195,1044
596803,1137,1058
596804,1079,1073
596805,1026,1084
596806,990,1088
596807,983,1089
596808,996,1085
596809,1009,1070
596810,1016,1055
596811,1016,1046
596812,1010,1039
596813,1004,1040
596814,999,1046
596815,999,1049
596816,997,1048
596817,993,1037
596818,989,1034
596819,985,1032
596820,987,1034
596821,988,1034
596822,993,1034
596823,988,1031
596824,983,1032
596825,978,1032
596826,980,1036
596827,982,1037
596828,986,1036
596829,983,1034
596830,982,1035
596831,979,1034
596832,979,1039
596833,984,1040
596834,983,1036
596835,982,1035
596836,983,1034
596837,979,1032
596838,979,1036
596839,979,1036
596840,982,1035
596841,984,1030
596842,983,1030
596843,980,1031
596844,980,1036
596845,985,1040
596846,988,1037
596847,985,1032
596848,985,1030
596849,984,1031
596850,986,1033
596851,989,1035
596852,992,1033
596853,990,1032
596854,986,1029
596855,980,1031
596856,983,1032
596857,986,1034
596858,989,1031
596859,989,1027
596860,989,1026
596861,990,1024
596862,993,1025
596863,993,1025
596864,991,1022
596865,988,1017
596866,988,1014
596867,989,1011
596868,992,1015
596869,997,1014
596870,998,1011
596871,995,1008
596872,994,1004
596873,993,1002
596874,994,1004
596875,999,1007
596876,1003,1004
596877,1004,1002
596878,1004,1000
596879,1002,1000
596880,1005,1003
596881,1006,1001
596882,1008,999
596883,1008,995
596884,1009,993
596885,1009,993
596886,1010,993
596887,1014,995
596888,1017,994
596889,1017,992
596890,1016,992
596891,1017,994
596892,1020,995
596893,1029,999
596894,1033,998
596895,1035,996
596896,1033,995
596897,1033,996
596898,1035,1001
596899,1034,1003
596900,1037,1004
596901,1037,1004
596902,1034,1000
596903,1033,1001
596904,1035,1007
596905,1037,1012
596906,1036,1014
596907,1032,1014
596908,1027,1016
596909,1024,1018
596910,1021,1021
596911,1023,1026
596912,1023,1027
596913,1015,1029
596914,1011,1030
596915,1010,1033
596916,1008,1040
596917,1007,1048
596918,1009,1045
596919,1009,1043
596920,1006,1040
596921,1004,1042
596922,1004,1043
596923,1006,1040
596924,1010,1035
596925,1008,1031
596926,1006,1025
596927,1005,1027
596928,1007,1031
596929,1006,1034
596930,1011,1035
596931,1007,1033
596932,1001,1033
596933,1000,1033
596934,1005,1039
596935,1007,1042
596936,1009,1041
596937,1006,1037
596938,1004,1034
596939,1005,1035
596940,1007,1039
596941,1009,1039
596942,1013,1038
596943,1012,1034
596944,1010,1031
596945,1009,1034
596946,1010,1033
596947,1013,1039
596948,1015,1035
596949,1013,1032
596950,1012,1029
596951,1010,1031
596952,1012,1031
596953,1018,1031
596954,1016,1028
596955,1015,1026
596956,1011,1023
596957,1007,1023
596958,1008,1027
596959,1011,1029
596960,1011,1028
596961,1009,1031
596962,1005,1029
596963,1003,1029
596964,1003,1033
596965,1008,1037
596966,1007,1037
596967,1006,1036
596968,1004,1037
596969,1002,1049
596970,1002,1060
596971,1006,1063
596972,1003,1058
596973,1004,1043
596974,1002,1037
596975,1000,1034
596976,1005,1035
596977,1006,1039
596978,1009,1041
596979,1006,1040
596980,1004,1039
596981,1001,1040
596982,1002,1043
596983,1006,1046
596984,1009,1042
596985,1008,1036
596986,1007,1030
596987,1004,1031
596988,1008,1034
596989,1009,1036
596990,1011,1035
596991,1010,1033
596992,1005,1032
596993,1004,1031
596994,1007,1036
596995,1008,1037
596996,1012,1038
596997,1007,1035
596998,1005,1035
596999,1003,1034
597000,1003,1035
597001,1007,1035
597002,1008,1035
597003,1004,1032
597004,1002,1033
597005,1000,1035
597006,999,1038
597007,1001,1041
597008,1001,1041
597009,1000,1037
597010,996,1030
597011,994,1028
597012,995,1031
597013,998,1035
597014,999,1035
597015,996,1034
597016,995,1034
597017,992,1036
597018,994,1042
597019,997,1045
597020,998,1047
597021,996,1043
597022,995,1038
597023,994,1036
597024,996,1039
597025,1000,1044
597026,1002,1041
597027,1002,1037
597028,998,1034
597029,996,1038
597030,997,1038
597031,999,1043
597032,1004,1043
597033,1002,1040
597034,1001,1038
597035,1000,1037
597036,1001,1039
597037,1002,1041
597038,1007,1041
597039,1004,1037
597040,1000,1036
597041,998,1035
597042,1001,1041
597043,1001,1041
597044,1007,1039
597045,1004,1037
597046,1004,1033
597047,1001,1035
597048,1002,1037
597049,1006,1039
597050,1004,1039
597051,1002,1035
597052,999,1029
597053,1001,1031
597054,1001,1033
597055,1004,1034
597056,1007,1034
597057,1003,1029
597058,1003,1029
597059,1000,1027
597060,1001,1032
597061,1004,1035
597062,1007,1036
597063,1005,1034
597064,1001,1035
597065,1003,1037
597066,1004,1039
597067,1009,1040
597068,1009,1039
597069,1005,1037
597070,1005,1037
597071,1006,1039
597072,1008,1041
597073,1015,1039
597074,1023,1034
597075,1029,1030
597076,1039,1020
597077,1052,1016
597078,1069,1014
597079,1093,1013
597080,1127,999
597081,1164,986
597082,1202,973
597083,1242,973
597084,1283,980
597085,1316,1002
597086,1323,1023
597087,1303,1034
597088,1258,1037
597089,1198,1044
597090,1140,1059
597091,1082,1080
597092,1029,1087
597093,994,1091
597094,985,1086
597095,990,1076
597096,1001,1062
597097,1009,1054
597098,1013,1046
597099,1012,1038
597100,1007,1032
597101,1002,1031
597102,1000,1031
597103,997,1034
597104,997,1033
597105,996,1029
597106,991,1029
597107,988,1029
597108,987,1034
597109,988,1044
597110,988,1042
597111,985,1040
597112,984,1035
597113,980,1035
597114,982,1036
597115,988,1040
597116,991,1037
597117,991,1037
597118,985,1032
597119,985,1034
597120,986,1039
597121,986,1040
597122,987,1039
597123,983,1035
597124,984,1033
597125,980,1033
597126,978,1035
597127,981,1037
597128,983,1039
597129,979,1035
597130,978,1032
597131,976,1036
597132,984,1038
597133,986,1040
597134,986,1039
597135,983,1038
597136,983,1035
597137,981,1032
597138,981,1038
597139,986,1037
597140,988,1033
597141,987,1030
597142,985,1025
597143,984,1025
597144,986,1029
597145,987,1028
597146,991,1026
597147,988,1021
597148,985,1017
597149,984,1017
597150,986,1020
597151,988,1022
597152,989,1021
597153,988,1019
597154,987,1015
597155,985,1011
597156,988,1012
597157,991,1013
597158,993,1013
597159,992,1006
597160,989,1002
597161,990,1001
597162,996,1002
597163,996,1007
597164,999,1005
597165,998,1003
597166,997,996
597167,998,993
597168,1000,993
597169,1004,996
597170,1010,995
597171,1007,995
597172,1009,990
597173,1006,989
597174,1011,991
597175,1012,993
597176,1013,995
597177,1013,992
597178,1012,990
597179,1011,989
597180,1016,993
597181,1018,992
597182,1022,996
597183,1020,994
597184,1020,995
597185,1020,994
597186,1021,995
597187,1025,997
597188,1025,997
597189,1024,992
597190,1023,991
597191,1020,992
597192,1020,996
597193,1022,999
597194,1023,1001
597195,1020,1002
597196,1016,1001
597197,1011,1003
597198,1013,1010
597199,1013,1015
597200,1012,1014
597201,1009,1014
597202,1006,1017
597203,997,1019
597204,1000,1022
597205,1005,1026
597206,1006,1027
597207,1002,1028
597208,998,1024
597209,996,1027
597210,996,1032
597211,998,1041
597212,1000,1040
597213,997,1040
597214,995,1040
597215,993,1042
597216,997,1047
597217,1000,1051
597218,998,1050
597219,999,1045
597220,996,1046
597221,996,1044
597222,1000,1044
597223,1003,1044
597224,1004,1040
597225,1002,1036
597226,997,1030
597227,1000,1028
597228,1000,1034
597229,1003,1038
597230,1006,1037
597231,1003,1036
597232,1001,1032
597233,999,1032
597234,995,1033
597235,999,1036
597236,1004,1034
597237,1003,1032
597238,998,1026
597239,998,1028
597240,1000,1030
597241,1001,1031
597242,1002,1030
597243,1001,1028
597244,996,1024
597245,994,1026
597246,995,1025
597247,1000,1030
597248,1001,1031
597249,998,1027
597250,995,1025
597251,995,1025
597252,995,1029
597253,1000,1030
597254,1000,1029
597255,999,1028
597256,996,1026
597257,993,1026
597258,997,1028
597259,996,1032
597260,996,1032
597261,997,1034
597262,995,1033
597263,993,1034
597264,995,1038
597265,997,1041
597266,1001,1038
597267,1000,1034
597268,999,1033
597269,998,1036
597270,999,1039
597271,999,1044
597272,1003,1040
597273,1003,1041
597274,1001,1037
597275,996,1035
597276,995,1035
597277,997,1036
597278,1001,1036
597279,999,1033
597280,998,1031
597281,996,1033
597282,998,1035
597283,999,1040
597284,998,1039
597285,1000,1038
597286,997,1036
597287,993,1035
597288,998,1036
597289,997,1036
597290,1005,1035
597291,1002,1031
597292,998,1029
597293,996,1030
597294,996,1031
597295,999,1030
597296,997,1032
597297,998,1033
597298,995,1027
597299,994,1028
597300,998,1031
597301,997,1031
597302,996,1030
597303,997,1028
597304,995,1029
597305,994,1029
597306,994,1032
597307,998,1036
597308,1000,1034
597309,997,1032
597310,993,1031
597311,994,1033
597312,996,1037
597313,998,1040
597314,1000,1041
597315,998,1035
597316,996,1030
597317,996,1030
597318,1001,1033
597319,1008,1035
597320,1014,1034
597321,1025,1030
597322,1036,1027
597323,1051,1021
597324,1075,1016
597325,1108,1008
597326,1143,993
597327,1183,979
597328,1217,970
597329,1254,967
597330,1294,969
597331,1321,985
597332,1328,1004
597333,1309,1017
597334,1260,1022
597335,1203,1025
597336,1146,1041
597337,1088,1057
597338,1035,1067
597339,999,1064
597340,984,1061
597341,989,1054
597342,1001,1045
597343,1010,1040
597344,1009,1031
597345,1005,1027
597346,997,1025
597347,986,1028
597348,986,1033
597349,991,1039
597350,991,1041
597351,987,1041
597352,982,1035
597353,979,1035
597354,980,1036
597355,986,1036
597356,985,1037
597357,982,1034
597358,976,1028
597359,974,1026
597360,977,1026
597361,979,1026
597362,983,1028
597363,981,1028
597364,979,1030
597365,977,1029
597366,979,1030
597367,981,1034
597368,980,1031
597369,979,1032
597370,978,1027
597371,975,1028
597372,976,1035
597373,978,1041
597374,980,1041
597375,982,1044
597376,983,1041
597377,982,1041
597378,983,1039
597379,986,1038
597380,988,1033
597381,985,1029
597382,984,1028
597383,983,1030
597384,985,1035
597385,989,1040
597386,991,1041
597387,990,1039
597388,986,1028
597389,984,1025
597390,986,1024
597391,987,1025
597392,985,1023
597393,983,1023
597394,980,1018
597395,975,1017
597396,979,1017
597397,981,1020
597398,982,1018
597399,979,1017
597400,978,1015
597401,978,1016
597402,977,1019
597403,981,1024
597404,986,1025
597405,986,1022
597406,985,1014
597407,984,1012
597408,985,1010
597409,987,1014
597410,992,1015
597411,992,1014
597412,992,1006
597413,992,1006
597414,996,1009
597415,1001,1010
597416,1005,1004
597417,1004,1001
597418,1002,994
597419,999,993
597420,1004,995
597421,1006,996
597422,1012,994
597423,1008,992
597424,1010,991
597425,1007,991
597426,1009,995
597427,1011,998
597428,1014,995
597429,1014,993
597430,1014,994
597431,1012,992
597432,1014,995
597433,1018,999
597434,1021,997
597435,1023,993
597436,1018,991
597437,1014,994
597438,1016,994
597439,1020,998
597440,1022,998
597441,1019,997
597442,1018,997
597443,1016,998
597444,1016,1003
597445,1017,1007
597446,1021,1006
597447,1019,1008
597448,1016,1007
597449,1011,1010
597450,1010,1017
597451,1011,1021
597452,1011,1020
597453,1007,1023
597454,1004,1019
597455,1003,1022
597456,1003,1024
597457,1004,1030
597458,1007,1029
597459,1002,1027
597460,998,1024
597461,993,1028
597462,996,1030
597463,999,1033
597464,997,1032
597465,997,1029
597466,997,1029
597467,994,1032
597468,996,1035
597469,999,1034
597470,997,1037
597471,997,1034
597472,996,1033
597473,997,1034
597474,999,1036
597475,1002,1038
597476,1005,1035
597477,1001,1033
597478,992,1031
597479,987,1035
597480,988,1038
597481,990,1040
597482,993,1040
597483,992,1039
597484,987,1035
597485,988,1035
597486,990,1041
597487,992,1041
597488,994,1041
597489,991,1037
597490,991,1038
597491,990,1037
597492,994,1040
597493,996,1048
597494,997,1052
597495,997,1050
597496,996,1044
597497,994,1037
597498,997,1030
597499,1000,1027
597500,1004,1026
597501,1001,1020
597502,997,1021
597503,994,1025
597504,998,1030
597505,1002,1037
597506,1003,1038
597507,1002,1032
597508,1000,1027
597509,999,1025
597510,997,1029
597511,996,1031
597512,999,1028
597513,994,1024
597514,994,1021
597515,993,1024
597516,995,1024
597517,998,1031
597518,999,1031
597519,997,1032
597520,991,1031
597521,987,1033
597522,989,1035
597523,990,1040
597524,991,1044
597525,987,1045
597526,986,1041
597527,983,1041
597528,988,1040
597529,991,1039
597530,990,1036
597531,992,1035
597532,991,1032
597533,988,1035
597534,988,1043
597535,995,1050
597536,999,1048
597537,996,1037
597538,993,1029
597539,991,1027
597540,994,1028
597541,995,1031
597542,995,1033
597543,994,1030
597544,993,1028
597545,992,1028
597546,992,1027
597547,995,1033
597548,995,1030
597549,994,1030
597550,993,1027
597551,990,1030
597552,989,1031
597553,991,1036
597554,994,1034
597555,996,1034
597556,992,1029
597557,988,1031
597558,988,1031
597559,995,1034
597560,994,1032
597561,993,1030
597562,992,1027
597563,988,1031
597564,991,1031
597565,993,1036
597566,990,1036
597567,990,1034
597568,985,1035
597569,982,1035
597570,983,1038
597571,987,1042
597572,987,1042
597573,987,1038
597574,983,1035
597575,980,1035
597576,983,1037
597577,984,1038
597578,989,1037
597579,989,1036
597580,985,1032
597581,985,1035
597582,985,1036
597583,988,1041
597584,990,1038
597585,987,1034
597586,985,1031
597587,985,1035
597588,986,1038
597589,989,1040
597590,987,1038
597591,987,1039
597592,986,1040
597593,985,1043
597594,985,1045
597595,986,1050
597596,989,1048
597597,986,1045
597598,986,1040
597599,987,1037
597600,987,1038
597601,990,1039
597602,994,1037
597603,992,1028
597604,991,1023
597605,991,1019
597606,993,1023
597607,995,1027
597608,996,1028
597609,997,1025
597610,996,1024
597611,994,1025
597612,994,1021
597613,998,1025
597614,998,1026
597615,999,1028
597616,994,1028
597617,992,1027
597618,994,1032
597619,995,1035
597620,997,1035
597621,992,1038
597622,991,1039
597623,989,1043
597624,987,1042
597625,991,1042
597626,996,1041
597627,994,1038
597628,991,1035
597629,988,1037
597630,988,1042
597631,989,1041
597632,991,1036
597633,988,1030
597634,987,1028
597635,986,1033
597636,989,1034
597637,992,1036
597638,996,1035
597639,990,1031
597640,990,1032
597641,990,1031
597642,991,1034
597643,992,1036
597644,995,1037
597645,993,1034
597646,990,1030
597647,989,1029
597648,994,1031
597649,997,1033
597650,997,1029
597651,1001,1024
597652,1003,1021
597653,1006,1016
597654,1017,1015
597655,1035,1017
597656,1051,1015
597657,1071,1010
597658,1092,1000
597659,1120,993
597660,1155,981
597661,1194,974
597662,1234,967
597663,1272,964
597664,1300,970
597665,1312,985
597666,1302,1006
597667,1268,1018
597668,1213,1023
597669,1150,1031
597670,1090,1037
597671,1036,1046
597672,1000,1054
597673,985,1061
597674,988,1060
597675,998,1051
597676,1006,1040
597677,1007,1035
597678,1003,1032
597679,1000,1031
597680,996,1030
597681,993,1030
597682,985,1028
597683,982,1028
597684,982,1033
597685,984,1036
597686,985,1037
597687,981,1034
597688,974,1032
597689,971,1033
597690,973,1037
597691,972,1042
597692,975,1040
597693,974,1037
597694,970,1033
597695,969,1032
597696,968,1035
597697,970,1036
597698,971,1038
597699,971,1035
597700,969,1035
597701,968,1036
597702,970,1040
597703,971,1045
597704,976,1046
597705,975,1038
597706,973,1031
597707,971,1029
597708,974,1029
597709,979,1032
597710,980,1030
597711,978,1030
597712,976,1029
597713,976,1030
597714,975,1030
597715,977,1031
597716,979,1026
597717,977,1024
597718,974,1023
597719,972,1024
597720,974,1029
597721,977,1029
597722,976,1031
597723,974,1028
597724,972,1029
597725,972,1027
597726,972,1029
597727,977,1030
597728,981,1028
597729,980,1026
597730,975,1025
597731,973,1024
597732,973,1029
597733,978,1032
597734,981,1031
597735,981,1029
597736,976,1024
597737,977,1026
597738,978,1027
597739,982,1030
597740,986,1024
597741,984,1020
597742,982,1020
597743,982,1020
597744,985,1018
597745,990,1019
597746,990,1018
597747,991,1015
597748,990,1013
597749,987,1019
597750,991,1020
597751,994,1020
597752,999,1015
597753,1000,1011
597754,997,1004
597755,998,999
597756,1002,998
597757,1005,999
597758,1009,995
597759,1010,993
597760,1006,992
597761,1006,993
597762,1008,994
597763,1012,995
597764,1014,1000
597765,1011,998
597766,1012,997
597767,1013,996
597768,1016,1002
597769,1020,1002
597770,1020,1000
597771,1019,996
597772,1019,994
597773,1016,995
597774,1018,999
597775,1024,1001
597776,1026,1003
597777,1024,1003
597778,1021,1003
597779,1019,1008
597780,1017,1012
597781,1019,1016
597782,1016,1015
597783,1015,1012
597784,1012,1014
597785,1009,1017
597786,1006,1019
597787,1009,1026
597788,1012,1024
597789,1008,1025
597790,1003,1023
597791,999,1026
597792,1000,1029
597793,1001,1033
597794,1003,1031
597795,1001,1032
597796,997,1030
597797,993,1029
597798,997,1034
597799,998,1035
597800,999,1035
597801,1001,1035
597802,997,1032
597803,994,1031
597804,996,1036
597805,997,1039
597806,999,1036
597807,998,1033
597808,994,1031
597809,993,1031
597810,995,1034
597811,999,1038
597812,1000,1036
597813,997,1034
597814,992,1034
597815,994,1038
597816,994,1045
597817,998,1052
597818,996,1054
597819,997,1051
597820,997,1044
597821,999,1035
597822,1001,1029
597823,1003,1026
597824,1002,1023
597825,999,1023
597826,998,1022
597827,994,1025
597828,997,1026
597829,1000,1030
597830,998,1027
597831,999,1025
597832,995,1023
597833,991,1024
597834,989,1029
597835,992,1032
597836,992,1031
597837,991,1028
597838,988,1026
597839,986,1028
597840,990,1028
597841,991,1030
597842,996,1030
597843,993,1027
597844,990,1024
597845,988,1025
597846,992,1029
597847,994,1030
597848,996,1029
597849,994,1027
597850,991,1023
597851,988,1023
597852,991,1027
597853,991,1026
597854,992,1027
597855,991,1027
597856,988,1024
597857,985,1025
597858,987,1025
597859,989,1029
597860,991,1029
597861,990,1026
597862,986,1024
597863,985,1024
597864,988,1029
597865,990,1031
597866,992,1031
597867,991,1030
597868,984,1029
597869,986,1032
597870,988,1035
597871,988,1039
597872,986,1042
597873,985,1041
597874,989,1039
597875,985,1039
597876,990,1034
597877,990,1035
597878,993,1032
597879,990,1026
597880,987,1025
597881,986,1027
597882,989,1028
597883,990,1034
597884,989,1031
597885,989,1031
597886,984,1028
597887,983,1029
597888,986,1033
597889,986,1033
597890,990,1032
597891,989,1031
597892,987,1031
597893,988,1033
597894,988,1034
597895,987,1037
597896,989,1034
597897,989,1032
597898,989,1028
597899,990,1029
597900,988,1032
597901,988,1033
597902,993,1033
597903,990,1028
597904,990,1028
597905,987,1029
597906,987,1034
597907,991,1036
597908,993,1035
597909,992,1035
597910,986,1031
597911,984,1031
597912,983,1037
597913,984,1039
597914,986,1040
597915,985,1037
597916,978,1034
597917,978,1036
597918,981,1038
597919,987,1038
597920,987,1036
597921,987,1035
597922,983,1033
597923,982,1032
597924,985,1035
597925,990,1037
597926,986,1036
597927,983,1034
597928,980,1032
597929,981,1033
597930,985,1031
597931,989,1035
597932,992,1035
597933,989,1033
597934,985,1030
597935,984,1030
597936,984,1035
597937,989,1039
597938,990,1038
597939,989,1035
597940,986,1034
597941,986,1034
597942,986,1037
597943,989,1035
597944,993,1032
597945,991,1027
597946,986,1025
597947,982,1027
597948,989,1034
597949,993,1036
597950,996,1034
597951,994,1031
597952,990,1031
597953,988,1029
597954,993,1032
597955,992,1034
597956,995,1030
597957,995,1028
597958,993,1029
597959,990,1029
597960,992,1033
597961,994,1038
597962,997,1036
597963,996,1032
597964,991,1027
597965,989,1024
597966,992,1026
597967,994,1026
597968,994,1022
597969,995,1016
597970,995,1011
597971,1000,1010
597972,1011,1010
597973,1024,1009
597974,1041,1004
597975,1056,997
597976,1078,988
597977,1108,977
597978,1142,970
597979,1183,960
597980,1227,958
597981,1266,965
597982,1299,975
597983,1315,1000
597984,1312,1022
597985,1280,1036
597986,1229,1034
597987,1168,1039
597988,1102,1050
597989,1040,1061
597990,992,1075
597991,975,1083
597992,975,1085
597993,982,1078
597994,988,1063
597995,994,1052
597996,999,1045
597997,1001,1043
597998,1000,1037
597999,993,1030
598000,986,1028
598001,983,1030
598002,982,1033
598003,982,1036
598004,983,1035
598005,976,1033
598006,973,1029
598007,973,1027
598008,977,1029
598009,976,1031
598010,976,1028
598011,973,1025
598012,970,1023
598013,970,1023
598014,970,1024
598015,971,1027
598016,973,1024
598017,971,1025
598018,968,1022
598019,967,1022
598020,969,1026
598021,969,1029
598022,972,1028
598023,970,1026
598024,969,1024
598025,969,1024
598026,971,1030
598027,969,1028
598028,971,1029
598029,967,1029
598030,968,1029
598031,966,1028
598032,968,1034
598033,973,1037
598034,973,1033
598035,971,1029
598036,967,1024
598037,967,1024
598038,972,1025
598039,974,1025
598040,975,1020
598041,973,1019
598042,971,1019
598043,964,1020
598044,967,1024
598045,970,1032
598046,976,1028
598047,978,1019
598048,976,1012
598049,973,1005
598050,974,1005
598051,977,1009
598052,979,1011
598053,979,1011
598054,982,1009
598055,981,1007
598056,985,1009
598057,984,1010
598058,988,1011
598059,988,1007
598060,983,1003
598061,979,1004
598062,984,1003
598063,988,1002
598064,993,997
598065,988,994
598066,984,993
598067,983,993
598068,984,998
598069,988,1002
598070,990,1002
598071,992,998
598072,989,994
598073,991,994
598074,992,989
598075,996,984
598076,997,981
598077,998,972
598078,997,969
598079,998,967
598080,1002,973
598081,1004,979
598082,1007,977
598083,1005,974
598084,1005,971
598085,1006,971
598086,1010,974
598087,1013,977
598088,1018,979
598089,1017,975
598090,1015,973
598091,1013,975
598092,1014,981
598093,1016,987
598094,1020,988
598095,1018,987
598096,1014,988
598097,1013,990
598098,1016,997
598099,1021,1002
598100,1016,1003
598101,1011,1003
598102,1007,1006
598103,1005,1010
598104,1004,1017
598105,1011,1021
598106,1008,1022
598107,1005,1025
598108,1004,1025
598109,1001,1025
598110,1002,1034
598111,1001,1030
598112,1004,1032
598113,1005,1027
598114,1002,1023
598115,1000,1024
598116,1001,1026
598117,999,1031
598118,1000,1029
598119,997,1031
598120,997,1027
598121,999,1028
598122,996,1029
598123,1000,1031
598124,1003,1028
598125,996,1023
598126,992,1023
598127,992,1025
598128,994,1027
598129,997,1029
598130,998,1027
598131,998,1026
598132,993,1023
598133,992,1026
598134,993,1026
598135,994,1027
598136,996,1029
598137,998,1028
598138,994,1027
598139,994,1029
598140,996,1032
598141,999,1035
598142,1003,1032
598143,1002,1032
598144,998,1029
598145,996,1030
598146,998,1032
598147,1000,1037
598148,1001,1035
598149,1001,1035
598150,999,1032
598151,998,1032
598152,999,1034
598153,1001,1035
598154,1001,1036
598155,999,1033
598156,994,1029
598157,994,1027
598158,992,1030
598159,996,1033
598160,996,1033
598161,998,1032
598162,990,1030
598163,988,1031
598164,992,1033
598165,992,1037
598166,993,1037
598167,992,1035
598168,989,1030
598169,987,1029
598170,988,1033
598171,989,1037
598172,989,1033
598173,986,1030
598174,987,1030
598175,986,1031
598176,987,1033
598177,993,1034
598178,996,1032
598179,993,1028
598180,990,1026
598181,987,1028
598182,987,1031
598183,992,1033
598184,995,1035
598185,995,1033
598186,989,1033
598187,987,1030
598188,991,1035
598189,993,1035
598190,995,1036
598191,994,1033
598192,991,1030
598193,984,1030
598194,985,1033
598195,992,1039
598196,996,1036
598197,993,1036
598198,988,1035
598199,987,1033
598200,988,1039
598201,988,1041
598202,993,1040
598203,991,1036
598204,989,1033
598205,983,1034
598206,985,1035
598207,991,1041
598208,993,1038
598209,993,1038
598210,993,1036
598211,990,1038
598212,992,1041
598213,995,1043
598214,997,1036
598215,995,1033
598216,994,1033
598217,995,1035
598218,996,1036
598219,999,1038
598220,998,1037
598221,1000,1036
598222,997,1033
598223,994,1036
598224,993,1039
598225,998,1042
598226,1000,1045
598227,1001,1042
598228,997,1040
598229,995,1038
598230,995,1039
598231,999,1043
598232,998,1035
598233,994,1037
598234,992,1033
598235,990,1033
598236,994,1037
598237,997,1039
598238,999,1034
598239,1000,1028
598240,1002,1027
598241,1003,1025
598242,1016,1023
598243,1031,1020
598244,1045,1018
598245,1067,1012
598246,1094,1003
598247,1129,991
598248,1171,982
598249,1214,980
598250,1257,985
598251,1288,996
598252,1308,1021
598253,1300,1041
598254,1269,1047
598255,1220,1051
598256,1156,1060
598257,1094,1075
598258,1035,1089
598259,993,1098
598260,975,1106
598261,982,1102
598262,990,1088
598263,994,1071
598264,997,1058
598265,997,1047
598266,995,1044
598267,996,1041
598268,996,1038
598269,991,1035
598270,987,1034
598271,986,1033
598272,984,1037
598273,985,1041
598274,986,1037
598275,982,1036
598276,979,1033
598277,976,1035
598278,978,1036
598279,979,1041
598280,980,1037
598281,978,1034
598282,974,1035
598283,975,1036
598284,978,1037
598285,982,1040
598286,983,1038
598287,981,1037
598288,978,1033
598289,975,1035
598290,978,1035
598291,981,1038
598292,984,1033
598293,978,1027
598294,981,1027
598295,975,1027
598296,979,1031
598297,982,1032
598298,981,1028
598299,979,1024
598300,974,1024
598301,971,1027
598302,972,1028
598303,973,1026
598304,977,1026
598305,978,1024
598306,974,1022
598307,975,1017
598308,979,1022
598309,984,1022
598310,984,1020
598311,983,1020
598312,980,1016
598313,981,1015
598314,983,1019
598315,989,1021
598316,988,1018
598317,990,1015
598318,987,1014
598319,986,1012
598320,986,1015
598321,989,1017
598322,992,1014
598323,994,1010
598324,994,1005
598325,992,1004
598326,994,1008
598327,999,1005
598328,999,1005
598329,999,1004
598330,1000,1000
598331,1001,999
598332,1007,1000
598333,1009,1000
598334,1012,998
598335,1013,994
598336,1010,990
598337,1006,991
598338,1009,990
598339,1015,994
598340,1018,989
598341,1017,987
598342,1014,983
598343,1014,985
598344,1019,987
598345,1024,987
598346,1022,987
598347,1024,984
598348,1027,983
598349,1025,981
598350,1026,986
598351,1032,991
598352,1034,992
598353,1034,989
598354,1032,989
598355,1030,994
598356,1028,1001
598357,1026,1009
598358,1028,1008
598359,1024,1010
598360,1022,1012
598361,1018,1014
598362,1020,1024
598363,1020,1029
598364,1020,1025
598365,1014,1024
598366,1007,1027
598367,1008,1029
598368,1010,1033
598369,1012,1038
598370,1011,1037
598371,1006,1032
598372,1002,1031
598373,1001,1035
598374,1001,1037
598375,1005,1040
598376,1005,1037
598377,1007,1034
598378,1004,1031
598379,1002,1029
598380,1002,1030
598381,1003,1031
598382,1005,1031
598383,1004,1030
598384,1001,1029
598385,1000,1031
598386,1003,1035
598387,1003,1037
598388,1009,1036
598389,1008,1029
598390,1005,1027
598391,1005,1027
598392,1006,1030
598393,1010,1034
598394,1012,1029
598395,1011,1025
598396,1010,1022
598397,1008,1024
598398,1010,1028
598399,1011,1032
598400,1013,1029
598401,1008,1026
598402,1006,1024
598403,1003,1026
598404,1008,1028
598405,1012,1033
598406,1010,1029
598407,1009,1028
598408,1007,1027
598409,1009,1027
598410,1010,1029
598411,1014,1032
598412,1013,1031
598413,1009,1026
598414,1006,1027
598415,1002,1028
598416,1002,1030
598417,1005,1034
598418,1005,1032
598419,1005,1029
598420,1001,1028
598421,996,1030
598422,996,1032
598423,1002,1035
598424,1003,1033
598425,1002,1031
598426,1000,1031
598427,998,1030
598428,1000,1031
598429,1006,1036
598430,1006,1032
598431,1002,1029
598432,1001,1028
598433,999,1025
598434,1002,1030
598435,1007,1034
598436,1010,1030
598437,1003,1028
598438,1002,1028
598439,1000,1028
598440,1006,1026
598441,1009,1029
598442,1009,1029
598443,1003,1031
598444,1005,1030
598445,1004,1030
598446,1005,1032
598447,1006,1034
598448,1012,1031
598449,1011,1030
598450,1006,1027
598451,1004,1028
598452,1007,1027
598453,1009,1031
598454,1012,1031
598455,1008,1030
598456,1007,1028
598457,1007,1028
598458,1008,1030
598459,1009,1031
598460,1007,1034
598461,1003,1032
598462,997,1032
598463,996,1033
598464,1001,1039
598465,1006,1038
598466,1006,1037
598467,1005,1037
598468,1001,1034
598469,998,1037
598470,999,1036
598471,1000,1037
598472,1003,1035
598473,1001,1032
598474,998,1031
598475,998,1031
598476,1000,1034
598477,1001,1039
598478,1002,1035
598479,1002,1032
598480,1002,1028
598481,1001,1031
598482,1002,1030
598483,1003,1034
598484,1003,1032
598485,1000,1031
598486,1000,1029
598487,1001,1030
598488,1001,1032
598489,1004,1035
598490,1007,1034
598491,1006,1033
598492,1004,1032
598493,1003,1030
598494,1005,1031
598495,1007,1034
598496,1009,1030
598497,1013,1028
598498,1009,1028
598499,1009,1029
598500,1010,1032
598501,1013,1035
598502,1016,1033
598503,1014,1030
598504,1011,1027
598505,1010,1027
598506,1012,1030
598507,1014,1035
598508,1013,1033
598509,1015,1026
598510,1018,1020
598511,1024,1016
598512,1035,1017
598513,1051,1017
598514,1071,1013
598515,1091,1004
598516,1122,996
598517,1155,985
598518,1195,974
598519,1234,969
598520,1279,964
598521,1320,966
598522,1341,977
598523,1342,997
598524,1313,1013
598525,1259,1023
598526,1196,1031
598527,1127,1040
598528,1064,1051
598529,1022,1057
598530,1001,1059
598531,1000,1060
598532,1006,1053
598533,1019,1041
598534,1018,1030
598535,1014,1027
598536,1008,1027
598537,1007,1032
598538,1008,1032
598539,1007,1030
598540,1003,1029
598541,995,1029
598542,993,1032
598543,995,1038
598544,998,1035
598545,999,1030
598546,993,1027
598547,991,1028
598548,990,1031
598549,990,1034
598550,989,1035
598551,992,1031
598552,987,1026
598553,988,1030
598554,988,1032
598555,990,1034
598556,992,1032
598557,988,1028
598558,984,1029
598559,984,1031
598560,984,1035
598561,988,1036
598562,989,1036
598563,985,1032
598564,984,1031
598565,982,1031
598566,977,1035
598567,981,1036
598568,983,1035
598569,984,1033
598570,982,1030
598571,983,1028
598572,983,1029
598573,983,1032
598574,984,1031
598575,983,1029
598576,985,1026
598577,982,1026
598578,983,1028
598579,985,1027
598580,989,1028
598581,986,1024
598582,985,1021
598583,988,1022
598584,990,1022
598585,992,1025
598586,992,1022
598587,992,1018
598588,991,1016
598589,992,1016
598590,994,1018
598591,999,1020
598592,1002,1020
598593,1002,1017
598594,1007,1011
598595,1009,1008
598596,1013,1009
598597,1015,1009
598598,1018,1008
598599,1019,1004
598600,1017,1003
598601,1017,1004
598602,1021,1003
598603,1024,1007
598604,1022,1005
598605,1020,1006
598606,1013,1005
598607,1017,1005
598608,1021,1005
598609,1025,1007
598610,1027,1006
598611,1026,1002
598612,1023,1001
598613,1024,1001
598614,1029,1004
598615,1029,1007
598616,1033,1006
598617,1030,1001
598618,1031,997
598619,1029,997
598620,1028,997
598621,1030,1002
598622,1029,1001
598623,1032,999
598624,1027,998
598625,1022,1001
598626,1022,1004
598627,1023,1009
598628,1023,1009
598629,1017,1008
598630,1013,1006
598631,1013,1009
598632,1015,1012
598633,1016,1015
598634,1016,1017
598635,1014,1018
598636,1009,1016
598637,1005,1018
598638,1007,1021
598639,1007,1021
598640,1004,1026
598641,1003,1023
598642,998,1024
598643,999,1024
598644,1004,1031
598645,1003,1037
598646,1005,1036
598647,1005,1036
598648,1004,1034
598649,1000,1032
598650,1005,1036
598651,1008,1040
598652,1007,1040
598653,1005,1038
598654,1004,1035
598655,1004,1035
598656,1005,1038
598657,1007,1040
598658,1008,1041
598659,1009,1039
598660,1009,1038
598661,1004,1036
598662,1008,1034
598663,1009,1033
598664,1012,1034
598665,1009,1030
598666,1006,1026
598667,1003,1029
598668,1004,1028
598669,1008,1028
598670,1006,1024
598671,1007,1022
598672,1001,1017
598673,1002,1018
598674,1001,1020
598675,1004,1025
598676,1003,1023
598677,1001,1020
598678,1001,1020
598679,999,1021
598680,999,1023
598681,1002,1027
598682,1002,1023
598683,999,1021
598684,998,1020
598685,997,1019
598686,998,1021
598687,1005,1022
598688,1005,1020
598689,999,1017
598690,995,1020
598691,995,1020
598692,997,1023
598693,999,1026
598694,999,1025
598695,1000,1020
598696,998,1022
598697,998,1022
598698,998,1026
598699,1003,1031
598700,1003,1033
598701,1002,1028
598702,1000,1028
598703,999,1029
598704,999,1032
598705,999,1034
598706,1000,1033
598707,1000,1032
598708,999,1031
598709,1000,1032
598710,1001,1029
598711,1001,1037
598712,1000,1031
598713,998,1031
598714,995,1029
598715,995,1030
598716,999,1032
598717,1000,1032
598718,1000,1029
598719,998,1028
598720,993,1024
598721,992,1027
598722,994,1027
598723,995,1030
598724,996,1029
598725,997,1026
598726,997,1025
598727,995,1028
598728,999,1031
598729,1002,1032
598730,1002,1032
598731,1001,1030
598732,997,1028
598733,996,1029
598734,998,1030
598735,1002,1034
598736,1001,1033
598737,1001,1028
598738,998,1025
598739,995,1023
598740,996,1025
598741,999,1028
598742,1003,1027
598743,1001,1026
598744,1000,1021
598745,994,1023
598746,1002,1026
598747,1005,1025
598748,1005,1026
598749,1002,1022
598750,1003,1020
598751,1003,1019
598752,1008,1019
598753,1015,1015
598754,1028,1010
598755,1036,1003
598756,1058,996
598757,1080,992
598758,1113,986
598759,1151,977
598760,1191,966
598761,1232,960
598762,1265,960
598763,1291,974
598764,1293,996
598765,1279,1006
598766,1239,1007
598767,1181,1011
598768,1122,1026
598769,1062,1047
598770,1018,1061
598771,998,1069
598772,995,1063
598773,996,1050
598774,1004,1039
598775,1007,1031
598776,1004,1028
598777,1004,1029
598778,999,1025
598779,995,1023
598780,990,1022
598781,986,1024
598782,986,1029
598783,983,1030
598784,986,1031
598785,981,1027
598786,978,1026
598787,977,1031
598788,976,1035
598789,976,1036
598790,975,1035
598791,972,1033
598792,972,1031
598793,974,1032
598794,972,1032
598795,979,1033
598796,979,1031
598797,979,1030
598798,974,1026
598799,974,1028
598800,977,1031
598801,976,1034
598802,977,1031
598803,971,1028
598804,969,1028
598805,971,1027
598806,974,1029
598807,976,1034
598808,977,1033
598809,977,1031
598810,976,1028
598811,976,1028
598812,979,1030
598813,981,1031
598814,982,1028
598815,982,1025
598816,976,1025
598817,977,1022
598818,980,1023
598819,982,1025
598820,982,1023
598821,981,1021
598822,979,1020
598823,981,1018
598824,981,1020
598825,987,1021
598826,989,1020
598827,988,1017
598828,987,1013
598829,986,1019
598830,986,1019
598831,993,1017
598832,995,1019
598833,995,1013
598834,995,1011
598835,993,1011
598836,998,1013
598837,1000,1013
598838,1003,1011
598839,1005,1006
598840,1006,1005
598841,1007,1005
598842,1010,1003
598843,1011,1005
598844,1014,1002
598845,1013,997
598846,1010,994
598847,1011,993
598848,1013,993
598849,1015,997
598850,1019,995
598851,1018,991
598852,1016,987
598853,1017,991
598854,1018,991
598855,1022,990
598856,1022,989
598857,1021,987
598858,1019,983
598859,1019,990
598860,1020,994
598861,1020,996
598862,1024,997
598863,1022,995
598864,1018,996
598865,1019,999
598866,1018,1003
598867,1021,1009
598868,1019,1009
598869,1018,1008
598870,1015,1006
598871,1013,1013
598872,1011,1016
598873,1013,1022
598874,1011,1023
598875,1010,1023
598876,1003,1023
598877,1000,1026
598878,1001,1033
598879,1007,1032
598880,1007,1034
598881,1000,1031
598882,997,1030
598883,999,1034
598884,995,1036
598885,999,1038
598886,1000,1037
598887,999,1035
598888,997,1033
598889,996,1034
598890,998,1036
598891,999,1038
598892,1000,1037
598893,1001,1034
598894,998,1033
598895,998,1031
598896,1000,1036
598897,997,1035
598898,1001,1034
598899,1001,1030
598900,997,1027
598901,997,1028
598902,999,1029
598903,1003,1030
598904,1003,1032
598905,1000,1030
598906,996,1027
598907,993,1029
598908,996,1029
598909,999,1032
598910,997,1031
598911,999,1030
598912,996,1029
598913,996,1028
598914,998,1035
598915,1002,1036
598916,1000,1035
598917,1002,1032
598918,999,1034
598919,997,1032
598920,998,1035
598921,1000,1037
598922,1000,1037
598923,997,1035
598924,996,1035
598925,995,1033
598926,998,1038
598927,999,1040
598928,998,1037
598929,995,1035
598930,995,1032
598931,994,1033
598932,996,1038
598933,1000,1037
598934,1000,1036
598935,998,1035
598936,995,1035
598937,995,1035
598938,995,1037
598939,996,1038
598940,1001,1033
598941,998,1030
598942,995,1026
598943,995,1027
598944,997,1033
598945,1000,1034
598946,998,1031
598947,995,1031
598948,989,1030
598949,989,1029
598950,989,1031
598951,994,1035
598952,995,1034
598953,993,1031
598954,992,1028
598955,989,1031
598956,989,1035
598957,994,1038
598958,995,1037
598959,989,1033
598960,986,1033
598961,986,1033
598962,987,1034
598963,991,1038
598964,991,1036
598965,991,1035
598966,988,1033
598967,989,1033
598968,992,1037
598969,996,1038
598970,999,1034
598971,1002,1029
598972,1006,1023
598973,1019,1024
598974,1032,1022
598975,1054,1020
598976,1081,1017
598977,1111,1010
598978,1152,999
598979,1199,990
598980,1251,987
598981,1301,989
598982,1342,994
598983,1349,1005
598984,1330,1014
598985,1278,1016
598986,1214,1020
598987,1145,1034
598988,1074,1051
598989,1014,1061
598990,978,1067
598991,973,1065
598992,988,1057
598993,1001,1046
598994,1007,1035
598995,1004,1028
598996,999,1026
598997,993,1027
598998,988,1031
598999,989,1033
599000,984,1033
599001,980,1032
599002,974,1031
599003,971,1031
599004,970,1031
599005,975,1034
599006,971,1035
599007,968,1032
599008,966,1032
599009,966,1033
599010,966,1034
599011,968,1036
599012,968,1035
599013,966,1034
599014,967,1032
599015,964,1033
599016,967,1037
599017,971,1039
599018,970,1039
599019,969,1035
599020,962,1034
599021,964,1035
599022,967,1039
599023,970,1042
599024,973,1043
599025,969,1044
599026,970,1043
599027,970,1044
599028,974,1046
599029,972,1046
599030,971,1041
599031,971,1035
599032,969,1029
599033,969,1032
599034,972,1032
599035,974,1035
599036,975,1032
599037,975,1028
599038,974,1028
599039,972,1031
599040,971,1033
599041,973,1030
599042,974,1030
599043,972,1025
599044,968,1020
599045,970,1021
599046,973,1022
599047,976,1025
599048,977,1024
599049,976,1021
599050,973,1019
599051,972,1019
599052,971,1020
599053,974,1019
599054,977,1016
599055,977,1012
599056,980,1012
599057,977,1013
599058,982,1013
599059,983,1015
599060,983,1015
599061,982,1013
599062,982,1010
599063,984,1009
599064,989,1008
599065,997,1008
599066,1000,1004
599067,996,1001
599068,997,998
599069,997,999
599070,997,999
599071,1000,1006
599072,1003,1004
599073,1002,998
599074,1004,999
599075,1005,997
599076,1008,995
599077,1013,995
599078,1013,991
599079,1013,990
599080,1012,991
599081,1011,992
599082,1011,995
599083,1013,999
599084,1015,997
599085,1011,999
599086,1006,1000
599087,1009,1002
599088,1011,1006
599089,1006,1011
599090,1008,1014
599091,1004,1012
599092,999,1014
599093,995,1016
599094,1000,1023
599095,1002,1029
599096,1001,1027
599097,999,1029
599098,995,1026
599099,991,1026
599100,991,1028
599101,992,1035
599102,995,1033
599103,991,1034
599104,985,1033
599105,986,1034
599106,986,1034
599107,989,1039
599108,990,1039
599109,987,1037
599110,983,1037
599111,984,1036
599112,984,1039
599113,987,1044
599114,989,1046
599115,987,1043
599116,985,1040
599117,984,1044
599118,987,1047
599119,991,1049
599120,993,1047
599121,991,1043
599122,990,1039
599123,987,1040
599124,993,1042
599125,993,1043
599126,996,1043
599127,993,1041
599128,991,1041
599129,992,1040
599130,992,1044
599131,994,1044
599132,996,1044
599133,994,1040
599134,991,1041
599135,986,1040
599136,988,1040
599137,990,1042
599138,992,1041
599139,988,1038
599140,985,1036
599141,986,1037
599142,988,1039
599143,992,1040
599144,990,1039
599145,992,1040
599146,990,1036
599147,989,1035
599148,990,1035
599149,992,1038
599150,994,1036
599151,991,1033
599152,988,1033
599153,986,1034
599154,990,1035
599155,992,1036
599156,990,1035
599157,988,1033
599158,987,1033
599159,983,1034
599160,985,1037
599161,988,1039
599162,993,1040
599163,992,1040
599164,988,1038
599165,985,1039
599166,986,1040
599167,988,1043
599168,990,1043
599169,988,1038
599170,985,1040
599171,983,1042
599172,984,1043
599173,987,1048
599174,986,1046
599175,984,1044
599176,984,1042
599177,980,1041
599178,985,1041
599179,990,1046
599180,991,1042
599181,988,1037
599182,984,1037
599183,982,1039
599184,984,1042
599185,984,1043
599186,988,1043
599187,984,1040
599188,985,1038
599189,984,1037
599190,983,1041
599191,986,1043
599192,985,1042
599193,986,1038
599194,985,1036
599195,983,1036
599196,983,1039
599197,986,1039
599198,989,1036
599199,995,1028
599200,998,1022
599201,1004,1022
599202,1020,1023
599203,1037,1024
599204,1061,1020
599205,1086,1012
599206,1118,1003
599207,1157,992
599208,1196,986
599209,1240,984
599210,1283,984
599211,1311,992
599212,1312,1010
599213,1285,1024
599214,1237,1033
599215,1183,1034
599216,1122,1044
599217,1061,1059
599218,1004,1073
599219,968,1087
599220,956,1095
599221,966,1093
599222,978,1084
599223,986,1069
599224,989,1051
599225,989,1046
599226,989,1043
599227,990,1041
599228,986,1038
599229,981,1037
599230,975,1036
599231,972,1036
599232,970,1042
599233,972,1043
599234,974,1041
599235,971,1038
599236,967,1036
599237,965,1038
599238,967,1040
599239,970,1041
599240,970,1042
599241,967,1038
599242,965,1033
599243,964,1036
599244,965,1039
599245,965,1041
599246,963,1038
599247,960,1035
599248,958,1037
599249,959,1037
599250,960,1038
599251,964,1041
599252,963,1038
599253,962,1035
599254,963,1034
599255,960,1034
599256,962,1036
599257,965,1038
599258,965,1035
599259,963,1033
599260,958,1033
599261,961,1037
599262,960,1038
599263,964,1040
599264,964,1042
599265,964,1040
599266,960,1041
599267,960,1040
599268,964,1041
599269,965,1044
599270,968,1043
599271,964,1040
599272,962,1038
599273,963,1037
599274,963,1035
599275,967,1039
599276,969,1037
599277,969,1035
599278,963,1028
599279,964,1030
599280,966,1027
599281,968,1026
599282,967,1024
599283,970,1021
599284,967,1014
599285,968,1015
599286,970,1013
599287,973,1015
599288,975,1014
599289,976,1006
599290,974,1004
599291,973,1002
599292,976,1004
599293,979,1003
599294,980,1000
599295,975,996
599296,980,992
599297,979,991
599298,980,992
599299,985,991
599300,988,989
599301,989,987
599302,988,981
599303,988,983
599304,992,988
599305,997,988
599306,993,985
599307,997,980
599308,996,978
599309,995,981
599310,1001,985
599311,1001,990
599312,1000,989
599313,1000,991
599314,999,993
599315,999,996
599316,1002,1000
599317,1005,1007
599318,1007,1009
599319,1006,1011
599320,1001,1011
599321,1004,1016
599322,1004,1020
599323,1005,1023
599324,1006,1027
599325,1003,1029
599326,996,1025
599327,998,1030
599328,999,1035
599329,998,1039
599330,1000,1038
599331,997,1039
599332,993,1036
599333,989,1037
599334,992,1042
599335,995,1046
599336,992,1042
599337,994,1042
599338,989,1038
599339,987,1040
599340,986,1044
599341,989,1046
599342,991,1043
599343,988,1036
599344,990,1032
599345,987,1035
599346,990,1035
599347,992,1037
599348,994,1038
599349,991,1033
599350,991,1030
599351,986,1031
599352,988,1034
599353,994,1036
599354,995,1036
599355,990,1033
599356,989,1034
599357,987,1035
599358,988,1039
599359,987,1043
599360,989,1041
599361,987,1041
599362,985,1040
599363,984,1043
599364,986,1046
599365,990,1051
599366,991,1048
599367,990,1044
599368,990,1042
599369,986,1042
599370,988,1046
599371,990,1047
599372,989,1044
599373,991,1042
599374,989,1042
599375,989,1041
599376,989,1043
599377,996,1045
599378,995,1044
599379,992,1041
599380,989,1039
599381,987,1040
599382,990,1044
599383,996,1048
599384,995,1047
599385,987,1039
599386,987,1041
599387,990,1043
599388,994,1044
599389,992,1044
599390,991,1039
599391,988,1037
599392,985,1031
599393,990,1034
599394,991,1035
599395,992,1037
599396,991,1037
599397,992,1037
599398,986,1031
599399,984,1036
599400,985,1035
599401,984,1039
599402,983,1037
599403,982,1036
599404,984,1036
599405,984,1039
599406,987,1044
599407,987,1046
599408,985,1047
599409,984,1043
599410,984,1043
599411,984,1047
599412,986,1050
599413,991,1052
599414,991,1052
599415,984,1051
599416,981,1048
599417,977,1049
599418,984,1053
599419,991,1055
599420,990,1055
599421,984,1051
599422,979,1049
599423,978,1051
599424,981,1051
599425,986,1053
599426,988,1051
599427,984,1048
599428,979,1044
599429,983,1047
599430,986,1047
599431,989,1049
599432,991,1044
599433,990,1040
599434,985,1036
599435,989,1037
599436,993,1041
599437,992,1043
599438,992,1041
599439,984,1039
599440,982,1036
599441,984,1039
599442,986,1041
599443,989,1041
599444,985,1039
599445,989,1035
599446,986,1033
599447,987,1035
599448,987,1040
599449,988,1039
599450,989,1039
599451,987,1036
599452,985,1036
599453,986,1039
599454,990,1044
599455,994,1044
599456,992,1044
599457,990,1039
599458,986,1039
599459,987,1040
599460,993,1040
599461,1004,1039
599462,1009,1034
599463,1015,1030
599464,1020,1024
599465,1034,1024
599466,1061,1024
599467,1091,1021
599468,1127,1010
599469,1158,995
599470,1193,984
599471,1232,984
599472,1272,990
599473,1311,1007
599474,1330,1028
599475,1317,1044
599476,1282,1051
599477,1230,1058
599478,1172,1061
599479,1118,1072
599480,1056,1086
599481,1000,1100
599482,960,1110
599483,951,1124
599484,960,1125
599485,975,1117
599486,982,1101
599487,988,1082
599488,987,1067
599489,989,1056
599490,991,1051
599491,989,1048
599492,989,1043
599493,987,1039
599494,980,1036
599495,978,1035
599496,981,1040
599497,982,1043
599498,979,1042
599499,975,1042
599500,970,1041
599501,970,1044
599502,972,1047
599503,974,1049
599504,970,1048
599505,966,1046
599506,964,1043
599507,963,1044
599508,968,1048
599509,967,1050
599510,969,1049
599511,965,1045
599512,961,1046
599513,961,1045
599514,963,1049
599515,965,1052
599516,964,1051
599517,960,1044
599518,957,1042
599519,962,1042
599520,962,1042
599521,964,1044
599522,966,1040
599523,964,1037
599524,962,1035
599525,964,1036
599526,964,1036
599527,962,1038
599528,961,1038
599529,962,1035
599530,963,1029
599531,963,1031
599532,965,1034
599533,967,1034
599534,967,1029
599535,966,1027
599536,966,1025
599537,967,1027
599538,967,1030
599539,972,1030
599540,972,1028
599541,973,1027
599542,970,1021
599543,968,1022
599544,971,1022
599545,971,1024
599546,971,1020
599547,967,1018
599548,970,1016
599549,971,1016
599550,975,1018
599551,979,1020
599552,980,1016
599553,979,1012
599554,978,1012
599555,977,1012
599556,978,1014
599557,977,1015
599558,981,1013
599559,983,1012
599560,979,1012
599561,979,1010
599562,978,1009
599563,985,1011
599564,986,1008
599565,988,1001
599566,986,999
599567,987,999
599568,994,1001
599569,997,1002
599570,996,999
599571,994,995
599572,993,994
599573,989,994
599574,995,997
599575,1001,996
599576,1003,997
599577,1004,995
599578,1001,992
599579,1002,995
599580,1007,996
599581,1008,1002
599582,1013,999
599583,1013,999
599584,1011,1002
599585,1010,1003
599586,1012,1008
599587,1013,1012
599588,1013,1014
599589,1009,1016
599590,1007,1016
599591,1006,1020
599592,1009,1028
599593,1010,1032
599594,1010,1033
599595,1005,1033
599596,1001,1033
599597,1002,1037
599598,1001,1040
599599,1001,1044
599600,999,1043
599601,996,1042
599602,992,1044
599603,991,1045
599604,994,1049
599605,994,1051
599606,991,1049
599607,989,1046
599608,986,1045
599609,983,1048
599610,986,1050
599611,989,1053
599612,992,1050
599613,989,1046
599614,987,1045
599615,984,1045
599616,986,1050
599617,988,1052
599618,989,1046
599619,986,1047
599620,985,1047
599621,982,1048
599622,986,1049
599623,988,1052
599624,988,1049
599625,986,1047
599626,982,1043
599627,982,1044
599628,985,1046
599629,988,1048
599630,990,1045
599631,989,1043
599632,983,1042
599633,982,1042
599634,986,1046
599635,988,1050
599636,988,1047
599637,988,1045
599638,986,1044
599639,981,1045
599640,985,1048
599641,988,1050
599642,988,1046
599643,989,1045
599644,988,1044
599645,988,1043
599646,990,1047
599647,991,1046
599648,996,1047
599649,993,1041
599650,989,1043
599651,992,1043
599652,995,1045
599653,997,1045
599654,999,1045
599655,999,1044
599656,995,1041
599657,993,1044
599658,994,1046
599659,998,1050
599660,995,1048
599661,994,1047
599662,990,1045
599663,988,1047
599664,991,1052
599665,993,1053
599666,994,1053
599667,992,1050
599668,986,1051
599669,985,1053
599670,986,1054
599671,988,1057
599672,988,1055
599673,986,1053
599674,985,1049
599675,982,1050
599676,984,1054
599677,985,1061
599678,986,1054
599679,982,1052
599680,979,1049
599681,979,1051
599682,981,1054
599683,983,1055
599684,982,1054
599685,982,1051
599686,980,1049
599687,979,1052
599688,981,1055
599689,982,1059
599690,980,1056
599691,980,1053
599692,977,1050
599693,975,1049
599694,980,1048
599695,981,1046
599696,986,1046
599697,984,1042
599698,985,1042
599699,984,1045
599700,987,1046
599701,988,1049
599702,987,1047
599703,989,1042
599704,984,1042
599705,985,1043
599706,989,1046
599707,989,1044
599708,989,1046
599709,988,1046
599710,983,1046
599711,983,1045
599712,987,1051
599713,989,1052
599714,989,1051
599715,991,1050
599716,990,1047
599717,987,1050
599718,988,1052
599719,991,1054
599720,992,1053
599721,989,1052
599722,988,1050
599723,985,1051
599724,986,1053
599725,988,1054
599726,990,1053
599727,988,1052
599728,985,1050
599729,984,1048
599730,986,1050
599731,989,1053
599732,989,1053
599733,985,1049
599734,982,1046
599735,982,1047
599736,984,1051
599737,985,1053
599738,988,1055
599739,989,1050
599740,986,1052
599741,986,1055
599742,989,1060
599743,991,1061
599744,993,1058
599745,994,1055
599746,995,1051
599747,994,1050
599748,997,1050
599749,1002,1053
599750,1002,1048
599751,1000,1046
599752,997,1045
599753,996,1044
599754,1000,1044
599755,1011,1043
599756,1018,1036
599757,1024,1032
599758,1034,1026
599759,1048,1024
599760,1067,1023
599761,1095,1020
599762,1131,1009
599763,1168,995
599764,1206,983
599765,1250,982
599766,1292,986
599767,1326,1001
599768,1335,1023
599769,1318,1039
599770,1278,1049
599771,1220,1053
599772,1156,1061
599773,1098,1074
599774,1036,1089
599775,987,1100
599776,954,1108
599777,953,1109
599778,967,1105
599779,983,1095
599780,991,1077
599781,995,1066
599782,992,1057
599783,987,1054
599784,986,1054
599785,983,1056
599786,979,1055
599787,977,1051
599788,975,1049
599789,971,1052
599790,973,1053
599791,977,1059
599792,974,1056
599793,970,1055
599794,968,1056
599795,968,1061
599796,969,1059
599797,971,1064
599798,973,1061
599799,971,1056
599800,972,1053
599801,971,1054
599802,970,1054
599803,974,1053
599804,975,1049
599805,974,1045
599806,972,1044
599807,972,1044
599808,973,1046
599809,979,1049
599810,976,1047
599811,973,1040
599812,970,1038
599813,970,1039
599814,970,1043
599815,973,1047
599816,973,1044
599817,972,1040
599818,969,1040
599819,969,1041
599820,968,1044
599821,971,1047
599822,973,1043
599823,971,1041
599824,967,1041
599825,969,1041
599826,969,1043
599827,971,1042
599828,975,1045
599829,973,1039
599830,967,1038
599831,970,1041
599832,969,1041
599833,975,1041
599834,978,1042
599835,978,1038
599836,972,1036
599837,970,1037
599838,974,1037
599839,979,1043
599840,977,1038
599841,980,1035
599842,976,1032
599843,976,1033
599844,980,1034
599845,986,1036
599846,986,1036
599847,985,1031
599848,985,1027
599849,986,1029
599850,990,1030
599851,995,1030
599852,995,1025
599853,993,1020
599854,992,1015
599855,990,1012
599856,994,1010
599857,997,1010
599858,995,1010
599859,994,1005
599860,993,1003
599861,994,1004
599862,997,1005
599863,1000,1004
599864,1002,1002
599865,999,1000
599866,998,1000
599867,1003,1001
599868,1008,1002
599869,1007,1003
599870,1012,1001
599871,1010,999
599872,1007,997
599873,1008,1000
599874,1010,1001
599875,1015,1004
599876,1017,1004
599877,1017,1006
599878,1018,1004
599879,1015,1008
599880,1016,1012
599881,1013,1016
599882,1017,1016
599883,1014,1017
599884,1013,1018
599885,1012,1023
599886,1014,1029
599887,1015,1034
599888,1013,1034
599889,1012,1032
599890,1010,1033
599891,1007,1038
599892,1008,1039
599893,1013,1045
599894,1010,1047
599895,1005,1046
599896,1000,1042
599897,1004,1047
599898,1006,1049
599899,1004,1052
599900,1002,1049
599901,1001,1046
599902,999,1043
599903,1000,1047
599904,1000,1049
599905,1000,1051
599906,999,1048
599907,999,1045
599908,996,1045
599909,994,1043
599910,998,1048
599911,1003,1048
599912,1005,1045
599913,1002,1044
599914,999,1040
599915,1000,1044
599916,1003,1042
599917,1007,1046
599918,1006,1045
599919,1005,1042
599920,1002,1039
599921,1002,1041
599922,1003,1043
599923,1004,1048
599924,1003,1045
599925,1001,1042
599926,1001,1043
599927,1000,1042
599928,1000,1046
599929,1002,1047
599930,1003,1046
599931,1000,1041
599932,1001,1039
599933,999,1043
599934,1001,1047
599935,1002,1048
599936,1005,1049
599937,1004,1042
599938,1000,1042
599939,1002,1041
599940,1003,1042
599941,1006,1045
599942,1003,1041
599943,997,1039
599944,996,1038
599945,998,1040
599946,999,1041
599947,1003,1042
599948,1005,1042
599949,1002,1042
599950,997,1039
599951,997,1042
599952,998,1042
599953,1004,1045
599954,1001,1044
599955,1000,1040
599956,994,1041
599957,993,1044
599958,996,1045
599959,1002,1048
599960,1002,1047
599961,997,1043
599962,993,1041
599963,994,1044
599964,995,1046
599965,996,1048
599966,998,1046
599967,998,1045
599968,994,1043
599969,993,1045
599970,999,1048
599971,1002,1051
599972,1003,1049
599973,1002,1045
599974,998,1044
599975,999,1046
599976,1000,1046
599977,1006,1049
599978,1006,1046
599979,1002,1041
599980,1000,1038
599981,1001,1039
599982,1000,1042
599983,1001,1042
599984,1000,1040
599985,998,1039
599986,995,1037
599987,995,1038
599988,996,1041
599989,1001,1044
599990,999,1044
599991,998,1039
599992,994,1040
599993,994,1040
599994,992,1042
599995,997,1044
599996,997,1043
599997,993,1042
599998,990,1041
599999,991,1042
600000,992,1046
600001,993,1047
600002,996,1047
600003,992,1044
600004,989,1043
600005,991,1043
600006,994,1048
600007,996,1050
600008,995,1050
600009,994,1047
600010,991,1046
600011,993,1047
600012,993,1048
600013,999,1051
600014,1003,1046
600015,1004,1039
600016,1017,1034
600017,1025,1031
600018,1044,1032
600019,1063,1028
600020,1090,1025
600021,1122,1016
600022,1158,1001
600023,1203,992
600024,1247,989
600025,1293,995
600026,1322,1004
600027,1327,1022
600028,1313,1039
600029,1270,1049
600030,1213,1055
600031,1150,1063
600032,1084,1075
600033,1024,1089
600034,982,1098
600035,973,1108
600036,986,1107
600037,993,1096
600038,1005,1082
600039,1005,1068
600040,1004,1057
600041,1001,1052
600042,998,1051
600043,995,1050
600044,992,1048
600045,987,1046
600046,981,1044
600047,976,1047
600048,979,1050
600049,980,1052
600050,984,1049
600051,981,1047
600052,980,1047
600053,979,1046
600054,979,1052
600055,981,1052
600056,981,1051
600057,978,1048
600058,977,1047
600059,979,1046
600060,978,1047
600061,981,1050
600062,981,1048
600063,976,1045
600064,976,1044
600065,973,1043
600066,977,1045
600067,981,1044
600068,983,1041
600069,980,1037
600070,978,1035
600071,978,1036
600072,981,1039
600073,986,1038
600074,982,1039
600075,985,1036
600076,980,1033
600077,976,1037
600078,979,1039
600079,982,1040
600080,983,1038
600081,981,1035
600082,978,1032
600083,983,1035
600084,985,1037
600085,986,1041
600086,988,1037
600087,983,1035
600088,982,1033
600089,984,1034
600090,986,1035
600091,991,1035
600092,988,1035
600093,988,1030
600094,982,1029
600095,985,1030
600096,986,1029
600097,991,1027
600098,994,1027
600099,991,1025
600100,990,1022
600101,993,1019
600102,998,1019
600103,1001,1021
600104,999,1018
600105,1001,1012
600106,1000,1007
600107,999,1008
600108,1002,1009
600109,1007,1009
600110,1008,1007
600111,1007,1004
600112,1004,1002
600113,1004,1002
600114,1009,1005
600115,1013,1003
600116,1016,1001
600117,1011,1001
600118,1010,1001
600119,1014,1002
600120,1017,1006
600121,1021,1005
600122,1021,1006
600123,1020,1002
600124,1017,1001
600125,1019,1006
600126,1021,1008
600127,1025,1011
600128,1021,1010
600129,1019,1011
600130,1017,1014
600131,1018,1016
600132,1018,1020
600133,1022,1028
600134,1021,1027
600135,1017,1027
600136,1013,1029
600137,1010,1033
600138,1011,1038
600139,1010,1042
600140,1008,1043
600141,1004,1042
600142,1001,1040
600143,999,1042
600144,997,1046
600145,1001,1044
600146,997,1045
600147,996,1042
600148,993,1043
600149,991,1045
600150,991,1048
600151,995,1052
600152,995,1051
600153,991,1045
600154,991,1044
600155,990,1042
600156,993,1046
600157,997,1049
600158,999,1048
600159,997,1045
600160,996,1042
600161,996,1046
600162,997,1047
600163,1000,1048
600164,1002,1050
600165,1002,1046
600166,999,1043
600167,1000,1045
600168,1003,1047
600169,1006,1046
600170,1004,1044
600171,1003,1042
600172,1002,1038
600173,1004,1040
600174,1002,1043
600175,1004,1045
600176,1006,1044
600177,1004,1041
600178,1001,1040
600179,1003,1043
600180,1004,1046
600181,1003,1046
600182,1003,1047
600183,1001,1044
600184,1000,1043
600185,996,1043
600186,1002,1044
600187,1001,1045
600188,1002,1043
600189,1000,1039
600190,997,1039
600191,996,1041
600192,996,1043
600193,998,1048
600194,998,1044
600195,995,1040
600196,991,1039
600197,991,1044
600198,994,1046
600199,994,1048
600200,995,1043
600201,992,1043
600202,988,1040
600203,984,1045
600204,989,1049
600205,992,1049
600206,993,1050
600207,993,1050
600208,990,1051
600209,988,1050
600210,991,1053
600211,993,1055
600212,995,1052
600213,994,1051
600214,993,1049
600215,989,1051
600216,994,1054
600217,996,1055
600218,997,1054
600219,994,1052
600220,991,1048
600221,994,1051
600222,997,1050
600223,997,1052
600224,997,1051
600225,993,1049
600226,995,1050
600227,993,1049
600228,995,1051
600229,1000,1051
600230,998,1048
600231,993,1047
600232,993,1044
600233,990,1046
600234,993,1048
600235,994,1048
600236,994,1044
600237,993,1043
600238,991,1040
600239,991,1040
600240,991,1043
600241,992,1044
600242,994,1042
600243,992,1040
600244,990,1037
600245,988,1038
600246,988,1040
600247,994,1043
600248,992,1041
600249,990,1040
600250,986,1038
600251,985,1039
600252,989,1045
600253,992,1047
600254,993,1049
600255,989,1046
600256,989,1048
600257,991,1049
600258,993,1053
600259,994,1055
600260,996,1051
600261,996,1049
600262,994,1045
600263,993,1049
600264,997,1052
600265,999,1053
600266,998,1053
600267,998,1047
600268,996,1045
600269,997,1046
600270,1001,1049
600271,1004,1050
600272,1003,1048
600273,1002,1045
600274,998,1044
600275,1000,1045
600276,1004,1047
600277,1009,1050
600278,1011,1046
600279,1007,1042
600280,1003,1040
600281,1004,1041
600282,1005,1041
600283,1012,1043
600284,1015,1039
600285,1017,1034
600286,1025,1028
600287,1036,1027
600288,1053,1027
600289,1072,1025
600290,1098,1018
600291,1126,1010
600292,1156,997
600293,1192,984
600294,1231,979
600295,1270,979
600296,1295,987
600297,1305,1004
600298,1291,1023
600299,1251,1037
600300,1204,1046
600301,1153,1059
600302,1095,1072
600303,1049,1080
600304,1011,1087
600305,998,1091
600306,999,1089
600307,1005,1082
600308,1012,1072
600309,1011,1060
600310,1006,1050
600311,1001,1050
600312,996,1051
600313,999,1050
600314,994,1048
600315,993,1044
600316,987,1044
600317,983,1043
600318,987,1043
600319,988,1048
600320,986,1042
600321,983,1038
600322,978,1040
600323,977,1039
600324,981,1040
600325,985,1042
600326,985,1040
600327,983,1039
600328,980,1035
600329,980,1037
600330,980,1039
600331,978,1043
600332,978,1043
600333,975,1041
600334,971,1040
600335,972,1042
600336,972,1044
600337,975,1046
600338,971,1043
600339,970,1043
600340,968,1040
600341,970,1041
600342,972,1045
600343,973,1046
600344,974,1045
600345,973,1045
600346,971,1045
600347,975,1044
600348,978,1049
600349,982,1051
600350,981,1049
600351,979,1044
600352,976,1043
600353,977,1044
600354,980,1048
600355,984,1045
600356,986,1040
600357,982,1041
600358,983,1036
600359,984,1038
600360,988,1041
600361,988,1042
600362,983,1038
600363,985,1036
600364,982,1034
600365,983,1032
600366,986,1032
600367,990,1031
600368,991,1028
600369,992,1026
600370,988,1023
600371,993,1023
600372,999,1023
600373,1002,1022
600374,999,1020
600375,996,1017
600376,993,1016
600377,999,1015
600378,1000,1016
600379,1005,1018
600380,1007,1013
600381,1006,1009
600382,1005,1008
600383,1002,1005
600384,1007,1010
600385,1009,1010
600386,1012,1004
600387,1010,1001
600388,1008,1000
600389,1009,1003
600390,1013,1003
600391,1016,1007
600392,1018,1006
600393,1017,1003
600394,1016,1002
600395,1019,1006
600396,1021,1010
600397,1024,1010
600398,1023,1010
600399,1023,1007
600400,1023,1008
600401,1023,1011
600402,1023,1009
600403,1023,1015
600404,1023,1015
600405,1019,1016
600406,1015,1016
600407,1016,1020
600408,1015,1023
600409,1015,1028
600410,1011,1029
600411,1008,1029
600412,1001,1031
600413,999,1035
600414,1000,1036
600415,1003,1040
600416,1000,1038
600417,1000,1039
600418,997,1038
600419,997,1037
600420,997,1043
600421,1000,1044
600422,998,1041
600423,993,1040
600424,990,1038
600425,992,1041
600426,993,1042
600427,994,1043
600428,994,1039
600429,993,1036
600430,989,1036
600431,991,1038
600432,992,1040
600433,993,1042
600434,996,1037
600435,994,1036
600436,992,1037
600437,994,1041
600438,998,1043
600439,1003,1043
600440,1001,1039
600441,1000,1039
600442,998,1037
600443,1000,1035
600444,1004,1036
600445,1002,1039
600446,1003,1036
600447,999,1033
600448,996,1030
600449,996,1032
600450,999,1035
600451,1000,1036
600452,998,1037
600453,996,1029
600454,993,1030
600455,994,1033
600456,998,1035
600457,998,1035
600458,998,1034
600459,996,1031
600460,992,1031
600461,989,1031
600462,993,1033
600463,994,1034
600464,993,1036
600465,992,1034
600466,991,1031
600467,991,1030
600468,993,1030
600469,995,1035
600470,995,1031
600471,994,1030
600472,989,1029
600473,990,1031
600474,989,1033
600475,994,1039
600476,991,1037
600477,990,1033
600478,989,1031
600479,985,1032
600480,987,1035
600481,990,1035
600482,986,1035
600483,987,1036
600484,986,1035
600485,988,1040
600486,992,1040
600487,995,1039
600488,996,1039
600489,993,1034
600490,990,1034
600491,990,1037
600492,992,1038
600493,993,1039
600494,994,1039
600495,989,1033
600496,985,1032
600497,986,1035
600498,989,1035
600499,991,1038
600500,989,1034
600501,989,1031
600502,988,1030
600503,987,1034
600504,990,1035
600505,994,1037
600506,990,1036
600507,989,1035
600508,986,1033
600509,987,1035
600510,987,1038
600511,990,1038
600512,993,1037
600513,990,1035
600514,991,1036
600515,993,1037
600516,996,1038
600517,996,1039
600518,1000,1036
600519,1002,1029
600520,1007,1025
600521,1018,1024
600522,1032,1024
600523,1049,1023
600524,1066,1016
600525,1091,1009
600526,1119,999
600527,1152,988
600528,1191,980
600529,1228,975
600530,1264,977
600531,1286,988
600532,1288,1011
600533,1265,1029
600534,1229,1037
600535,1186,1042
600536,1135,1052
600537,1077,1061
600538,1026,1075
600539,990,1085
600540,977,1090
600541,986,1089
600542,992,1070
600543,998,1055
600544,996,1042
600545,994,1035
600546,993,1034
600547,992,1034
600548,993,1032
600549,991,1027
600550,986,1030
600551,982,1030
600552,982,1034
600553,986,1032
600554,984,1032
600555,983,1028
600556,979,1031
600557,976,1029
600558,972,1032
600559,972,1035
600560,971,1034
600561,970,1034
600562,965,1034
600563,962,1038
600564,966,1037
600565,968,1041
600566,968,1038
600567,969,1037
600568,965,1036
600569,966,1038
600570,966,1040
600571,967,1042
600572,968,1040
600573,969,1039
600574,966,1039
600575,966,1040
600576,967,1040
600577,970,1041
600578,968,1042
600579,966,1038
600580,964,1040
600581,966,1039
600582,970,1041
600583,978,1039
600584,980,1036
600585,981,1030
600586,978,1031
600587,983,1033
600588,985,1036
600589,984,1034
600590,983,1032
600591,979,1030
600592,979,1027
600593,977,1027
600594,978,1028
600595,981,1028
600596,984,1028
600597,979,1021
600598,980,1020
600599,983,1019
600600,982,1019
600601,985,1018
600602,986,1017
600603,983,1011
600604,982,1009
600605,985,1011
600606,987,1009
600607,991,1009
600608,991,1004
600609,989,1002
600610,986,998
600611,984,1002
600612,987,1003
600613,993,1002
600614,996,1002
600615,995,996
600616,994,994
600617,993,993
600618,992,994
600619,999,997
600620,1004,996
600621,1004,994
600622,1006,992
600623,1008,993
600624,1005,992
600625,1005,995
600626,1010,996
600627,1011,995
600628,1009,996
600629,1002,997
600630,1000,1001
600631,993,1004
600632,996,1006
600633,998,1006
600634,1002,1007
600635,1006,1011
600636,1010,1013
600637,1016,1016
600638,1018,1011
600639,1011,1010
600640,999,1010
600641,990,1014
600642,986,1021
600643,983,1025
600644,988,1029
600645,987,1030
600646,987,1029
600647,988,1029
600648,994,1033
600649,999,1034
600650,1003,1034
600651,1001,1026
600652,997,1026
600653,997,1024
600654,990,1025
600655,976,1030
600656,966,1033
600657,967,1037
600658,972,1038
600659,976,1037
600660,977,1038
600661,979,1040
600662,981,1035
600663,981,1034
600664,977,1031
600665,978,1032
600666,980,1037
600667,987,1037
600668,985,1032
600669,980,1029
600670,975,1030
600671,970,1032
600672,978,1036
600673,990,1037
600674,1000,1036
600675,1005,1028
600676,995,1027
600677,981,1030
600678,982,1034
600679,990,1037
600680,995,1037
600681,995,1034
600682,989,1033
600683,984,1035
600684,984,1038
600685,982,1037
600686,973,1036
600687,968,1036
600688,964,1040
600689,969,1044
600690,975,1046
600691,982,1045
600692,987,1042
600693,988,1038
600694,983,1032
600695,978,1031
600696,975,1034
600697,978,1039
600698,982,1037
600699,982,1033
600700,977,1031
600701,977,1032
600702,979,1036
600703,982,1037
600704,989,1034
600705,991,1030
600706,992,1028
600707,987,1025
600708,984,1031
600709,977,1034
600710,972,1032
600711,966,1033
600712,969,1033
600713,979,1035
600714,994,1037
600715,1001,1034
600716,986,1029
600717,966,1025
600718,956,1030
600719,958,1035
600720,968,1038
600721,970,1041
600722,966,1037
600723,955,1036
600724,960,1037
600725,970,1038
600726,979,1038
600727,987,1040
600728,987,1033
600729,979,1030
600730,970,1033
600731,966,1035
600732,964,1035
600733,967,1042
600734,973,1042
600735,979,1040
600736,986,1036
600737,984,1033
600738,979,1034
600739,974,1037
600740,973,1039
600741,975,1037
600742,975,1037
600743,975,1037
600744,981,1039
600745,984,1036
600746,986,1036
600747,985,1032
600748,985,1031
600749,989,1033
600750,987,1032
600751,977,1034
600752,963,1034
600753,957,1036
600754,954,1039
600755,956,1042
600756,962,1046
600757,966,1048
600758,966,1044
600759,966,1040
600760,964,1038
600761,966,1041
600762,966,1042
600763,966,1042
600764,968,1040
600765,969,1038
600766,967,1039
600767,969,1037
600768,975,1037
600769,984,1040
600770,986,1038
600771,986,1033
600772,977,1031
600773,968,1036
600774,964,1041
600775,965,1045
600776,972,1044
600777,973,1044
600778,973,1039
600779,977,1040
600780,981,1042
600781,987,1044
600782,984,1042
600783,980,1037
600784,979,1032
600785,985,1030
600786,1000,1027
600787,1019,1023
600788,1033,1017
600789,1034,1010
600790,1038,1003
600791,1058,1003
600792,1099,993
600793,1141,983
600794,1178,974
600795,1213,971
600796,1238,985
600797,1240,1009
600798,1217,1028
600799,1171,1037
600800,1111,1045
600801,1052,1057
600802,1001,1071
600803,969,1081
600804,961,1082
600805,966,1076
600806,978,1057
600807,983,1041
600808,975,1033
600809,965,1034
600810,961,1038
600811,960,1040
600812,961,1039
600813,958,1038
600814,955,1035
600815,956,1037
600816,957,1038
600817,952,1040
600818,952,1044
600819,950,1043
600820,950,1041
600821,954,1044
600822,958,1045
600823,961,1045
600824,964,1043
600825,967,1038
600826,965,1037
600827,963,1034
600828,958,1037
600829,953,1041
600830,946,1044
600831,948,1041
600832,947,1042
600833,952,1047
600834,954,1047
600835,954,1046
600836,954,1044
600837,952,1045
600838,950,1041
600839,952,1045
600840,955,1047
600841,958,1046
600842,960,1041
600843,958,1039
600844,955,1034
600845,965,1034
600846,972,1036
600847,970,1035
600848,960,1032
600849,945,1031
600850,942,1031
600851,953,1037
600852,962,1037
600853,967,1033
600854,969,1030
600855,964,1025
600856,961,1023
600857,961,1025
600858,963,1027
600859,963,1028
600860,962,1023
600861,957,1022
600862,952,1020
600863,952,1021
600864,957,1025
600865,965,1021
600866,970,1017
600867,969,1015
600868,969,1011
600869,969,1013
600870,972,1015
600871,978,1016
600872,976,1013
600873,975,1010
600874,975,1008
600875,975,1011
600876,972,1012
600877,974,1016
600878,973,1012
600879,976,1010
600880,977,1007
600881,979,1009
600882,981,1010
600883,990,1008
600884,990,1005
600885,986,1002
600886,981,1002
600887,983,1003
600888,990,1009
600889,1002,1008
600890,1002,1002
600891,996,1000
600892,982,1000
600893,975,1003
600894,974,1014
600895,982,1016
600896,988,1017
600897,985,1014
600898,982,1014
600899,986,1017
600900,989,1020
600901,988,1020
600902,986,1020
600903,977,1020
600904,977,1022
600905,976,1026
600906,980,1032
600907,984,1033
600908,986,1029
600909,979,1026
600910,973,1028
600911,968,1030
600912,966,1036
600913,972,1039
600914,973,1038
600915,973,1037
600916,970,1035
600917,970,1038
600918,970,1042
600919,972,1043
600920,974,1043
600921,973,1042
600922,971,1040
600923,977,1039
600924,978,1043
600925,985,1042
600926,989,1040
600927,989,1036
600928,988,1034
600929,985,1036
600930,989,1040
600931,992,1041
600932,993,1038
600933,991,1030
600934,991,1024
600935,984,1021
600936,976,1015
600937,971,1013
600938,960,1008
600939,952,1002
600940,948,990
600941,943,980
600942,936,971
600943,923,945
600944,899,911
600945,866,877
600946,830,845
600947,798,815
600948,785,787
600949,788,762
600950,794,737
600951,799,717
600952,804,705
600953,811,698
600954,822,698
600955,837,707
600956,847,724
600957,854,744
600958,856,767
600959,852,791
600960,851,810
600961,853,828
600962,856,839
600963,861,842
600964,864,848
600965,866,858
600966,877,871
600967,884,886
600968,892,894
600969,898,903
600970,904,911
600971,909,922
600972,920,931
600973,932,940
600974,936,947
600975,945,959
600976,950,972
600977,958,990
600978,966,1008
600979,972,1020
600980,974,1029
600981,977,1041
600982,984,1054
600983,990,1068
600984,1000,1082
600985,1003,1095
600986,1004,1101
600987,1001,1105
600988,1002,1109
600989,1005,1114
600990,1010,1118
600991,1015,1120
600992,1014,1124
600993,1014,1123
600994,1013,1127
600995,1019,1132
600996,1023,1136
600997,1028,1140
600998,1028,1144
600999,1025,1142
601000,1027,1143
601001,1030,1150
601002,1038,1154
601003,1045,1155
601004,1048,1156
601005,1042,1155
601006,1046,1159
601007,1051,1162
601008,1057,1167
601009,1064,1171
601010,1069,1171
601011,1074,1170
601012,1079,1169
601013,1084,1171
601014,1090,1176
601015,1097,1178
601016,1103,1179
601017,1106,1180
601018,1105,1181
601019,1110,1186
601020,1117,1191
601021,1123,1196
601022,1128,1195
601023,1133,1194
601024,1136,1191
601025,1143,1196
601026,1149,1198
601027,1153,1201
601028,1156,1199
601029,1160,1197
601030,1162,1196
601031,1164,1196
601032,1172,1194
601033,1173,1194
601034,1174,1191
601035,1174,1185
601036,1172,1182
601037,1170,1181
601038,1168,1181
601039,1168,1179
601040,1165,1173
601041,1163,1169
601042,1157,1163
601043,1152,1160
601044,1150,1159
601045,1148,1156
601046,1142,1148
601047,1135,1145
601048,1127,1135
601049,1116,1131
601050,1115,1125
601051,1108,1122
601052,1102,1113
601053,1095,1108
601054,1088,1103
601055,1080,1096
601056,1073,1094
601057,1067,1089
601058,1062,1085
601059,1055,1079
601060,1046,1070
601061,1038,1070
601062,1036,1067
601063,1038,1065
601064,1032,1058
601065,1029,1051
601066,1023,1048
601067,1013,1047
601068,1008,1050
601069,1004,1050
601070,1001,1048
601071,997,1045
601072,990,1042
601073,987,1043
601074,987,1047
601075,986,1046
601076,988,1043
601077,985,1038
601078,978,1037
601079,978,1038
601080,979,1043
601081,983,1042
601082,983,1041
601083,978,1035
601084,973,1037
601085,973,1042
601086,974,1047
601087,976,1046
601088,977,1045
601089,971,1046
601090,971,1041
601091,970,1045
601092,969,1051
601093,969,1053
601094,966,1051
601095,964,1049
601096,965,1047
601097,965,1048
601098,966,1048
601099,973,1049
601100,978,1047
601101,977,1044
601102,969,1041
601103,962,1043
601104,954,1046
601105,962,1051
601106,964,1051
601107,965,1048
601108,964,1047
601109,964,1047
601110,964,1050
601111,962,1053
601112,962,1048
601113,961,1047
601114,961,1044
601115,960,1042
601116,962,1044
601117,965,1045
601118,965,1042
601119,964,1038
601120,961,1039
601121,957,1041
601122,961,1042
601123,965,1044
601124,966,1038
601125,958,1035
601126,952,1036
601127,951,1040
601128,956,1041
601129,959,1043
601130,961,1040
601131,957,1037
601132,954,1038
601133,954,1039
601134,960,1042
601135,965,1040
601136,963,1040
601137,959,1037
601138,959,1038
601139,960,1040
601140,964,1044
601141,968,1045
601142,967,1044
601143,958,1042
601144,955,1041
601145,952,1045
601146,955,1047
601147,959,1050
601148,960,1046
601149,955,1044
601150,954,1041
601151,957,1044
601152,959,1045
601153,965,1045
601154,968,1040
601155,964,1038
601156,957,1041
601157,957,1043
601158,955,1048
601159,961,1049
601160,960,1049
601161,960,1046
601162,958,1046
601163,958,1047
601164,963,1051
601165,968,1047
601166,969,1042
601167,960,1043
601168,959,1045
601169,960,1049
601170,960,1049
601171,962,1044
601172,961,1038
601173,958,1033
601174,961,1033
601175,962,1034
601176,964,1037
601177,962,1037
601178,950,1035
601179,948,1038
601180,945,1039
601181,949,1043
601182,951,1045
601183,956,1047
601184,957,1044
601185,955,1038
601186,949,1037
601187,947,1036
601188,949,1039
601189,955,1041
601190,955,1037
601191,953,1033
601192,949,1033
601193,948,1036
601194,955,1038
601195,960,1036
601196,960,1035
601197,958,1034
601198,955,1033
601199,958,1033
601200,959,1033
601201,958,1033
601202,957,1035
601203,957,1034
601204,957,1031
601205,955,1034
601206,956,1037
601207,961,1040
601208,962,1036
601209,959,1033
601210,958,1027
601211,957,1030
601212,962,1033
601213,967,1033
601214,969,1033
601215,964,1029
601216,963,1032
601217,961,1035
601218,963,1040
601219,967,1038
601220,964,1035
601221,965,1038
601222,962,1036
601223,959,1039
601224,965,1044
601225,969,1044
601226,970,1039
601227,966,1036
601228,957,1036
601229,954,1038
601230,956,1042
601231,960,1044
601232,960,1050
601233,956,1048
601234,953,1051
601235,953,1055
601236,951,1054
601237,957,1052
601238,958,1046
601239,960,1045
601240,957,1040
601241,954,1034
601242,960,1025
601243,962,1018
601244,965,1018
601245,962,1013
601246,962,1015
601247,962,1022
601248,960,1027
601249,965,1030
601250,964,1029
601251,960,1025
601252,955,1027
601253,957,1030
601254,960,1031
601255,967,1033
601256,971,1026
601257,967,1021
601258,964,1023
601259,963,1027
601260,964,1031
601261,966,1032
601262,963,1031
601263,964,1027
601264,958,1029
601265,960,1029
601266,968,1030
601267,974,1026
601268,982,1022
601269,986,1017
601270,997,1010
601271,1014,1005
601272,1037,999
601273,1067,990
601274,1103,973
601275,1136,961
601276,1168,963
601277,1206,976
601278,1231,996
601279,1241,1012
601280,1222,1022
601281,1184,1022
601282,1132,1019
601283,1081,1028
601284,1032,1048
601285,988,1067
601286,950,1079
601287,931,1084
601288,931,1083
601289,939,1078
601290,946,1065
601291,950,1056
601292,953,1044
601293,953,1034
601294,953,1027
601295,947,1026
601296,949,1028
601297,951,1030
601298,949,1031
601299,946,1031
601300,942,1033
601301,943,1031
601302,943,1031
601303,943,1030
601304,939,1030
601305,938,1024
601306,936,1029
601307,931,1033
601308,936,1035
601309,935,1032
601310,936,1027
601311,934,1026
601312,930,1028
601313,934,1033
601314,937,1035
601315,939,1032
601316,939,1033
601317,936,1032
601318,938,1033
601319,938,1037
601320,939,1039
601321,941,1036
601322,940,1031
601323,937,1027
601324,937,1022
601325,936,1019
601326,935,1023
601327,937,1025
601328,934,1024
601329,930,1021
601330,929,1020
601331,929,1022
601332,934,1025
601333,935,1027
601334,939,1028
601335,937,1026
601336,931,1030
601337,927,1031
601338,933,1033
601339,940,1029
601340,940,1022
601341,939,1014
601342,937,1007
601343,936,1007
601344,938,1011
601345,940,1012
601346,940,1011
601347,940,1010
601348,936,1011
601349,933,1015
601350,937,1022
601351,942,1023
601352,942,1015
601353,940,1005
601354,939,999
601355,937,998
601356,942,1004
601357,945,1005
601358,948,1007
601359,947,1000
601360,940,996
601361,939,994
601362,939,996
601363,945,997
601364,946,993
601365,944,990
601366,943,989
601367,943,992
601368,943,996
601369,952,995
601370,953,989
601371,952,983
601372,954,982
601373,953,983
601374,957,985
601375,960,986
601376,959,982
601377,957,981
601378,958,980
601379,963,983
601380,966,985
601381,967,986
601382,966,986
601383,969,983
601384,966,982
601385,970,985
601386,971,986
601387,977,985
601388,980,982
601389,980,980
601390,979,986
601391,980,992
601392,988,1007
601393,991,1014
601394,990,1014
601395,989,1010
601396,987,1011
601397,990,1009
601398,992,1008
601399,996,1001
601400,997,997
601401,993,997
601402,992,997
601403,990,997
601404,987,1004
601405,984,1009
601406,978,1013
601407,975,1013
601408,970,1018
601409,975,1023
601410,976,1023
601411,975,1021
601412,975,1015
601413,969,1011
601414,968,1015
601415,966,1020
601416,966,1023
601417,969,1024
601418,968,1023
601419,962,1020
601420,962,1021
601421,961,1023
601422,963,1025
601423,967,1026
601424,963,1023
601425,960,1023
601426,958,1025
601427,958,1032
601428,961,1039
601429,965,1041
601430,960,1037
601431,960,1035
601432,960,1039
601433,958,1044
601434,960,1046
601435,965,1040
601436,967,1026
601437,966,1015
601438,967,1010
601439,966,1013
601440,967,1020
601441,969,1029
601442,971,1031
601443,964,1028
601444,962,1021
601445,964,1022
601446,966,1026
601447,966,1028
601448,966,1024
601449,962,1018
601450,963,1015
601451,960,1018
601452,964,1022
601453,968,1022
601454,964,1027
601455,960,1029
601456,957,1030
601457,959,1028
601458,962,1026
601459,964,1023
601460,965,1018
601461,963,1021
601462,959,1024
601463,956,1035
601464,959,1036
601465,961,1033
601466,964,1022
601467,960,1015
601468,955,1012
601469,954,1017
601470,957,1022
601471,958,1026
601472,959,1023
601473,957,1021
601474,957,1022
601475,958,1023
601476,959,1027
601477,960,1029
601478,961,1027
601479,954,1026
601480,950,1027
601481,953,1031
601482,955,1038
601483,961,1041
601484,960,1035
601485,959,1033
601486,957,1031
601487,957,1034
601488,958,1033
601489,963,1029
601490,959,1026
601491,957,1027
601492,955,1026
601493,958,1027
601494,962,1026
601495,961,1024
601496,962,1023
601497,957,1024
601498,954,1035
601499,949,1046
601500,955,1048
601501,959,1043
601502,962,1029
601503,957,1020
601504,955,1020
601505,955,1027
601506,959,1035
601507,959,1035
601508,960,1029
601509,956,1024
601510,955,1026
601511,951,1029
601512,956,1031
601513,959,1034
601514,961,1028
601515,958,1028
601516,960,1029
601517,959,1035
601518,960,1035
601519,964,1032
601520,963,1026
601521,960,1022
601522,960,1026
601523,963,1028
601524,966,1030
601525,975,1026
601526,980,1019
601527,987,1010
601528,991,1004
601529,1005,1003
601530,1028,1004
601531,1053,1005
601532,1078,999
601533,1102,986
601534,1136,970
601535,1176,956
601536,1211,959
601537,1235,975
601538,1234,999
601539,1214,1017
601540,1172,1023
601541,1119,1034
601542,1067,1052
601543,1017,1072
601544,972,1088
601545,946,1092
601546,939,1095
601547,944,1090
601548,952,1082
601549,959,1074
601550,964,1061
601551,964,1047
601552,960,1037
601553,955,1033
601554,956,1035
601555,954,1038
601556,949,1037
601557,942,1032
601558,939,1029
601559,939,1034
601560,941,1038
601561,947,1038
601562,947,1035
601563,943,1034
601564,939,1037
601565,933,1038
601566,933,1044
601567,939,1050
601568,941,1048
601569,940,1042
601570,939,1038
601571,941,1042
601572,942,1049
601573,947,1043
601574,948,1031
601575,947,1019
601576,946,1010
601577,944,1013
601578,942,1021
601579,944,1026
601580,943,1028
601581,937,1031
601582,936,1030
601583,938,1026
601584,945,1024
601585,948,1023
601586,947,1020
601587,944,1019
601588,941,1019
601589,940,1023
601590,943,1028
601591,944,1030
601592,944,1026
601593,941,1026
601594,941,1023
601595,942,1025
601596,944,1028
601597,945,1025
601598,949,1023
601599,945,1021
601600,944,1023
601601,947,1024
601602,947,1023
601603,946,1024
601604,944,1021
601605,942,1020
601606,942,1016
601607,943,1019
601608,947,1020
601609,949,1017
601610,949,1014
601611,953,1010
601612,951,1009
601613,950,1009
601614,950,1009
601615,953,1008
601616,952,1005
601617,950,1003
601618,948,1001
601619,948,1004
601620,951,1003
601621,955,1002
601622,953,1001
601623,953,995
601624,950,995
601625,953,996
601626,952,997
601627,961,996
601628,962,996
601629,957,993
601630,960,990
601631,957,992
601632,962,992
601633,967,993
601634,968,991
601635,966,990
601636,965,989
601637,968,991
601638,972,996
601639,979,998
601640,982,996
601641,980,994
601642,979,994
601643,974,998
601644,974,1003
601645,975,1007
601646,979,1009
601647,981,1010
601648,977,1012
601649,975,1012
601650,975,1017
601651,977,1017
601652,976,1020
601653,973,1020
601654,969,1022
601655,965,1026
601656,970,1028
601657,965,1032
601658,966,1033
601659,958,1033
601660,956,1035
601661,957,1039
601662,962,1042
601663,968,1041
601664,966,1037
601665,960,1033
601666,957,1034
601667,956,1039
601668,958,1041
601669,961,1041
601670,965,1041
601671,961,1037
601672,958,1038
601673,959,1039
601674,959,1041
601675,965,1043
601676,966,1041
601677,965,1037
601678,961,1037
601679,954,1037
601680,958,1040
601681,962,1039
601682,964,1036
601683,962,1035
601684,963,1031
601685,964,1032
601686,967,1037
601687,968,1035
601688,962,1032
601689,958,1033
601690,958,1034
601691,960,1037
601692,963,1039
601693,965,1040
601694,964,1037
601695,963,1034
601696,961,1035
601697,957,1036
601698,964,1037
601699,962,1039
601700,963,1037
601701,960,1035
601702,955,1034
601703,956,1040
601704,960,1040
601705,967,1040
601706,966,1039
601707,965,1036
601708,961,1034
601709,961,1036
601710,962,1037
601711,961,1039
601712,960,1041
601713,957,1037
601714,956,1039
601715,956,1040
601716,960,1039
601717,963,1039
601718,961,1034
601719,956,1031
601720,955,1033
601721,956,1033
601722,959,1039
601723,960,1039
601724,957,1037
601725,956,1036
601726,956,1036
601727,958,1037
601728,960,1039
601729,961,1039
601730,961,1040
601731,955,1035
601732,953,1034
601733,951,1036
601734,954,1042
601735,955,1042
601736,958,1041
601737,957,1038
601738,958,1038
601739,961,1037
601740,962,1039
601741,961,1039
601742,962,1039
601743,960,1035
601744,960,1034
601745,959,1036
601746,963,1038
601747,964,1040
601748,962,1037
601749,964,1038
601750,959,1039
601751,957,1041
601752,959,1043
601753,961,1046
601754,963,1044
601755,961,1042
601756,959,1040
601757,960,1042
601758,962,1043
601759,962,1043
601760,962,1042
601761,959,1039
601762,954,1040
601763,954,1043
601764,957,1045
601765,962,1044
601766,958,1041
601767,958,1040
601768,957,1039
601769,960,1041
601770,961,1040
601771,963,1039
601772,962,1039
601773,962,1037
601774,961,1037
601775,958,1037
601776,961,1041
601777,958,1044
601778,958,1043
601779,956,1041
601780,956,1040
601781,953,1042
601782,958,1043
601783,962,1045
601784,960,1043
601785,965,1040
601786,965,1038
601787,963,1041
601788,965,1042
601789,969,1043
601790,967,1041
601791,964,1038
601792,952,1035
601793,947,1038
601794,950,1043
601795,951,1047
601796,951,1041
601797,950,1040
601798,945,1039
601799,950,1040
601800,952,1044
601801,955,1043
601802,956,1040
601803,953,1041
601804,951,1040
601805,948,1042
601806,953,1045
601807,957,1043
601808,956,1041
601809,954,1035
601810,951,1037
601811,953,1037
601812,954,1039
601813,956,1039
601814,953,1035
601815,948,1034
601816,944,1033
601817,948,1037
601818,955,1039
601819,958,1039
601820,957,1038
601821,955,1038
601822,954,1033
601823,957,1035
601824,958,1041
601825,958,1040
601826,960,1037
601827,957,1034
601828,955,1036
601829,959,1036
601830,961,1038
601831,962,1035
601832,961,1037
601833,961,1033
601834,960,1036
601835,962,1040
601836,966,1040
601837,970,1041
601838,971,1039
601839,969,1037
601840,972,1037
601841,971,1039
601842,974,1040
601843,977,1039
601844,978,1038
601845,976,1034
601846,973,1034
601847,966,1031
601848,965,1036
601849,970,1035
601850,980,1034
601851,991,1030
601852,1006,1028
601853,1022,1027
601854,1046,1024
601855,1074,1014
601856,1103,1001
601857,1134,986
601858,1164,974
601859,1198,971
601860,1228,976
601861,1251,986
601862,1252,1001
601863,1234,1012
601864,1196,1018
601865,1148,1025
601866,1105,1037
601867,1064,1050
601868,1019,1057
601869,991,1060
601870,976,1063
601871,975,1063
601872,977,1057
601873,984,1047
601874,982,1037
601875,978,1030
601876,971,1030
601877,966,1032
601878,967,1034
601879,970,1038
601880,966,1034
601881,960,1036
601882,959,1037
601883,960,1039
601884,963,1041
601885,963,1041
601886,966,1040
601887,968,1037
601888,970,1039
601889,968,1037
601890,963,1039
601891,960,1042
601892,955,1039
601893,950,1041
601894,952,1041
601895,949,1047
601896,950,1050
601897,956,1051
601898,954,1051
601899,951,1046
601900,954,1046
601901,956,1046
601902,962,1049
601903,966,1044
601904,966,1042
601905,963,1038
601906,963,1034
601907,967,1037
601908,967,1037
601909,967,1036
601910,962,1032
601911,962,1031
601912,959,1032
601913,959,1036
601914,965,1040
601915,967,1036
601916,969,1034
601917,966,1031
601918,963,1031
601919,968,1031
601920,971,1032
601921,975,1032
601922,974,1033
601923,973,1028
601924,971,1027
601925,975,1028
601926,977,1030
601927,975,1031
601928,978,1028
601929,977,1023
601930,973,1023
601931,971,1029
601932,974,1031
601933,974,1033
601934,977,1029
601935,978,1026
601936,978,1027
601937,981,1027
601938,985,1029
601939,988,1027
601940,988,1023
601941,986,1021
601942,983,1020
601943,984,1022
601944,986,1026
601945,990,1023
601946,990,1019
601947,988,1018
601948,981,1014
601949,985,1017
601950,987,1021
601951,991,1018
601952,991,1014
601953,987,1012
601954,985,1010
601955,985,1012
601956,988,1014
601957,992,1010
601958,992,1008
601959,991,1005
601960,991,1005
601961,991,1005
601962,998,1007
601963,998,1006
601964,994,1003
601965,992,1002
601966,992,1003
601967,996,1007
601968,998,1008
601969,997,1011
601970,996,1013
601971,999,1012
601972,1001,1010
601973,1005,1015
601974,1005,1015
601975,1004,1020
601976,998,1018
601977,997,1019
601978,995,1023
601979,999,1025
601980,1001,1026
601981,1001,1028
601982,1000,1028
601983,1000,1026
601984,999,1026
601985,995,1029
601986,997,1032
601987,997,1035
601988,996,1032
601989,994,1030
601990,991,1030
601991,993,1032
601992,995,1034
601993,997,1035
601994,998,1033
601995,993,1030
601996,990,1029
601997,987,1031
601998,989,1037
601999,988,1038
602000,990,1038
602001,990,1034
602002,989,1031
602003,987,1035
602004,990,1039
602005,992,1039
602006,987,1038
602007,988,1034
602008,986,1035
602009,987,1036
602010,991,1036
602011,991,1038
602012,987,1035
602013,983,1033
602014,982,1034
602015,985,1034
602016,992,1038
602017,993,1038
602018,990,1037
602019,985,1036
602020,981,1036
602021,982,1039
602022,986,1042
602023,991,1038
602024,993,1036
602025,990,1035
602026,988,1033
602027,987,1038
602028,992,1038
602029,995,1040
602030,996,1039
602031,997,1034
602032,988,1035
602033,988,1036
602034,982,1041
602035,987,1044
602036,989,1040
602037,990,1037
602038,986,1037
602039,984,1039
602040,986,1042
602041,988,1042
602042,987,1040
602043,984,1039
602044,981,1039
602045,984,1040
602046,985,1045
602047,988,1039
602048,985,1039
602049,982,1039
602050,982,1037
602051,977,1042
602052,982,1042
602053,981,1042
602054,981,1040
602055,976,1035
602056,975,1036
602057,975,1037
602058,977,1039
602059,976,1040
602060,976,1038
602061,974,1036
602062,972,1034
602063,969,1037
602064,971,1042
602065,975,1041
602066,975,1040
602067,973,1040
602068,972,1037
602069,974,1041
602070,973,1043
602071,976,1042
602072,977,1039
602073,973,1040
602074,971,1036
602075,973,1038
602076,979,1043
602077,983,1041
602078,983,1035
602079,979,1033
602080,977,1035
602081,979,1037
602082,984,1039
602083,984,1039
602084,987,1039
602085,979,1034
602086,977,1035
602087,977,1042
602088,979,1046
602089,984,1044
602090,984,1039
602091,987,1033
602092,996,1029
602093,1009,1028
602094,1021,1026
602095,1035,1022
602096,1053,1018
602097,1079,1012
602098,1110,1003
602099,1146,992
602100,1187,986
602101,1226,986
602102,1259,987
602103,1273,1001
602104,1273,1020
602105,1249,1033
602106,1209,1042
602107,1156,1042
602108,1090,1050
602109,1030,1064
602110,982,1079
602111,960,1086
602112,960,1090
602113,968,1081
602114,972,1068
602115,969,1053
602116,967,1043
602117,969,1042
602118,969,1042
602119,972,1039
602120,968,1037
602121,964,1033
602122,959,1036
602123,961,1039
602124,963,1038
602125,967,1040
602126,966,1037
602127,957,1035
602128,951,1038
602129,953,1040
602130,955,1042
602131,960,1042
602132,957,1041
602133,957,1036
602134,954,1040
602135,956,1041
602136,958,1041
602137,961,1044
602138,963,1044
602139,960,1040
602140,957,1039
602141,958,1040
602142,960,1044
602143,965,1043
602144,961,1041
602145,958,1037
602146,958,1036
602147,963,1037
602148,966,1036
602149,971,1037
602150,969,1038
602151,961,1034
602152,955,1033
602153,950,1032
602154,955,1039
602155,961,1039
602156,967,1035
602157,965,1031
602158,957,1030
602159,954,1032
602160,952,1036
602161,952,1037
602162,953,1036
602163,955,1032
602164,954,1032
602165,957,1029
602166,960,1034
602167,964,1031
602168,965,1025
602169,962,1022
602170,956,1020
602171,954,1021
602172,955,1022
602173,961,1023
602174,962,1020
602175,962,1015
602176,959,1014
602177,963,1013
602178,966,1015
602179,968,1015
602180,973,1010
602181,972,1008
602182,969,1003
602183,974,1008
602184,977,1008
602185,978,1007
602186,979,1005
602187,978,1002
602188,977,1001
602189,978,1004
602190,981,1005
602191,985,1002
602192,984,1000
602193,983,998
602194,981,997
602195,986,1001
602196,988,1000
602197,989,1000
602198,986,994
602199,984,993
602200,982,993
602201,986,997
602202,992,999
602203,994,998
602204,995,997
602205,993,994
602206,990,994
602207,993,997
602208,988,1000
602209,990,1003
602210,988,1002
602211,985,1006
602212,984,1007
602213,986,1009
602214,983,1012
602215,983,1018
602216,981,1019
602217,977,1020
602218,973,1022
602219,978,1024
602220,980,1028
602221,982,1031
602222,986,1032
602223,986,1029
602224,978,1031
602225,968,1035
602226,963,1040
602227,960,1042
602228,965,1044
602229,963,1044
602230,962,1043
602231,967,1044
602232,971,1045
602233,976,1047
602234,975,1042
602235,973,1040
602236,969,1039
602237,965,1042
602238,965,1045
602239,967,1048
602240,967,1045
602241,968,1044
602242,967,1044
602243,968,1045
602244,972,1048
602245,976,1047
602246,975,1044
602247,972,1042
602248,970,1041
602249,967,1040
602250,973,1043
602251,977,1043
602252,976,1039
602253,975,1036
602254,971,1035
602255,970,1036
602256,972,1037
602257,975,1039
602258,984,1036
602259,985,1030
602260,985,1027
602261,977,1027
602262,973,1026
602263,963,1029
602264,954,1029
602265,952,1031
602266,953,1035
602267,958,1039
602268,961,1043
602269,965,1040
602270,961,1038
602271,961,1034
602272,959,1035
602273,958,1036
602274,961,1038
602275,963,1039
602276,963,1038
602277,959,1035
602278,956,1033
602279,960,1035
602280,961,1042
602281,965,1040
602282,964,1039
602283,961,1038
602284,960,1035
602285,962,1040
602286,964,1044
602287,966,1042
602288,966,1042
602289,963,1039
602290,963,1039
602291,965,1042
602292,966,1044
602293,970,1047
602294,969,1045
602295,969,1041
602296,966,1041
602297,967,1043
602298,966,1045
602299,968,1044
602300,964,1042
602301,961,1040
602302,960,1039
602303,963,1040
602304,966,1040
602305,968,1042
602306,970,1039
602307,968,1036
602308,964,1037
602309,962,1039
602310,965,1039
602311,967,1040
602312,964,1036
602313,962,1032
602314,959,1035
602315,959,1036
602316,963,1040
602317,966,1040
602318,965,1035
602319,960,1036
602320,958,1036
602321,962,1038
602322,962,1040
602323,963,1041
602324,958,1039
602325,957,1039
602326,954,1040
602327,956,1043
602328,959,1044
602329,959,1045
602330,961,1042
602331,958,1041
602332,955,1042
602333,956,1041
602334,962,1046
602335,964,1044
602336,963,1044
602337,961,1043
602338,959,1041
602339,964,1041
602340,966,1043
602341,970,1043
602342,972,1039
602343,972,1036
602344,974,1031
602345,981,1031
602346,996,1032
602347,1010,1027
602348,1027,1022
602349,1044,1015
602350,1070,1009
602351,1103,1001
602352,1146,990
602353,1185,980
602354,1223,975
602355,1251,978
602356,1267,995
602357,1264,1019
602358,1238,1032
602359,1193,1034
602360,1131,1035
602361,1076,1045
602362,1021,1061
602363,977,1078
602364,950,1090
602365,949,1093
602366,955,1083
602367,961,1071
602368,966,1057
602369,967,1051
602370,967,1046
602371,964,1042
602372,960,1039
602373,956,1036
602374,950,1037
602375,944,1036
602376,947,1044
602377,946,1044
602378,947,1044
602379,943,1040
602380,941,1039
602381,943,1043
602382,943,1046
602383,945,1045
602384,945,1044
602385,944,1042
602386,942,1042
602387,942,1047
602388,949,1047
602389,948,1046
602390,948,1047
602391,944,1042
602392,937,1042
602393,941,1046
602394,944,1045
602395,945,1045
602396,948,1042
602397,946,1039
602398,940,1038
602399,940,1038
602400,943,1038
602401,943,1039
602402,941,1036
602403,938,1032
602404,941,1032
602405,943,1032
602406,947,1034
602407,948,1032
602408,944,1030
602409,941,1027
602410,938,1024
602411,936,1028
602412,942,1032
602413,943,1031
602414,943,1030
602415,943,1029
602416,944,1024
602417,946,1026
602418,947,1027
602419,949,1027
602420,947,1024
602421,942,1022
602422,938,1021
602423,937,1023
602424,945,1025
602425,949,1023
602426,949,1019
602427,945,1015
602428,939,1014
602429,942,1016
602430,947,1022
602431,950,1019
602432,952,1015
602433,954,1012
602434,952,1011
602435,956,1011
602436,960,1014
602437,959,1013
602438,960,1008
602439,960,1004
602440,958,1003
602441,962,1004
602442,968,1006
602443,973,1002
602444,974,999
602445,971,996
602446,965,994
602447,965,995
602448,970,997
602449,973,995
602450,971,991
602451,967,987
602452,966,987
602453,971,987
602454,977,989
602455,984,986
602456,987,982
602457,980,977
602458,976,982
602459,976,985
602460,980,989
602461,981,991
602462,979,992
602463,978,993
602464,976,993
602465,979,996
602466,978,1004
602467,977,1006
602468,978,1008
602469,979,1008
602470,976,1012
602471,975,1016
602472,975,1022
602473,978,1024
602474,976,1024
602475,971,1022
602476,965,1023
602477,966,1028
602478,969,1034
602479,973,1034
602480,973,1034
602481,962,1035
602482,959,1035
602483,958,1040
602484,965,1046
602485,969,1045
602486,965,1045
602487,964,1043
602488,960,1043
602489,959,1042
602490,961,1046
602491,965,1044
602492,965,1045
602493,966,1041
602494,963,1038
602495,961,1040
602496,959,1044
602497,957,1041
602498,959,1041
602499,960,1039
602500,959,1036
602501,963,1035
602502,969,1034
602503,969,1029
602504,967,1027
602505,965,1024
602506,955,1024
602507,954,1027
602508,951,1032
602509,956,1034
602510,957,1035
602511,957,1031
602512,955,1031
602513,958,1030
602514,961,1030
602515,961,1033
602516,959,1030
602517,952,1028
602518,949,1030
602519,952,1034
602520,954,1035
602521,960,1037
602522,960,1032
602523,953,1030
602524,942,1030
602525,944,1032
602526,948,1038
602527,954,1037
602528,956,1036
602529,953,1036
602530,955,1033
602531,958,1035
602532,960,1037
602533,959,1038
602534,956,1039
602535,954,1038
602536,953,1039
602537,956,1041
602538,959,1041
602539,961,1040
602540,960,1039
602541,957,1034
602542,957,1036
602543,957,1037
602544,958,1039
602545,959,1040
602546,955,1037
602547,954,1037
602548,953,1036
602549,954,1038
602550,958,1037
602551,964,1038
602552,965,1036
602553,965,1032
602554,957,1034
602555,955,1034
602556,956,1036
602557,957,1035
602558,956,1032
602559,961,1031
602560,964,1029
602561,961,1029
602562,960,1030
602563,953,1030
602564,949,1032
602565,948,1030
602566,948,1032
602567,953,1032
602568,958,1031
602569,967,1027
602570,976,1021
602571,981,1017
602572,987,1014
602573,1004,1014
602574,1030,1014
602575,1064,1008
602576,1100,996
602577,1142,983
602578,1178,982
602579,1214,994
602580,1244,1016
602581,1261,1038
602582,1252,1053
602583,1217,1053
602584,1177,1051
602585,1124,1058
602586,1064,1074
602587,1006,1091
602588,963,1105
602589,945,1112
602590,951,1103
602591,962,1088
602592,967,1072
602593,969,1062
602594,968,1051
602595,966,1042
602596,960,1038
602597,958,1038
602598,957,1040
602599,957,1041
602600,953,1041
602601,953,1038
602602,953,1036
602603,952,1039
602604,954,1039
602605,955,1040
602606,955,1037
602607,953,1034
602608,951,1035
602609,952,1036
602610,954,1037
602611,957,1037
602612,956,1035
602613,952,1033
602614,952,1033
602615,951,1035
602616,955,1037
602617,959,1037
602618,956,1037
602619,959,1035
602620,957,1035
602621,960,1037
602622,962,1038
602623,961,1038
602624,958,1034
602625,953,1034
602626,953,1036
602627,951,1039
602628,957,1041
602629,961,1035
602630,960,1033
602631,957,1030
602632,958,1029
602633,959,1031
602634,963,1033
602635,966,1031
602636,966,1029
602637,960,1025
602638,955,1026
602639,954,1029
602640,957,1031
602641,958,1029
602642,960,1029
602643,961,1024
602644,961,1022
602645,962,1022
602646,964,1024
602647,969,1023
602648,967,1021
602649,969,1015
602650,965,1011
602651,963,1011
602652,969,1014
602653,972,1013
602654,972,1012
602655,971,1006
602656,969,1002
602657,970,1002
602658,975,1006
602659,974,1003
602660,973,1000
602661,971,997
602662,972,995
602663,973,996
602664,976,999
602665,980,998
602666,982,996
602667,979,992
602668,974,991
602669,979,991
602670,983,994
602671,986,991
602672,987,992
602673,986,988
602674,987,989
602675,987,992
602676,989,994
602677,990,998
602678,994,995
602679,991,992
602680,989,992
602681,989,998
602682,995,1002
602683,996,1003
602684,994,1003
602685,990,1005
602686,985,1009
602687,988,1012
602688,991,1017
602689,994,1020
602690,993,1020
602691,989,1021
602692,990,1023
602693,990,1027
602694,991,1030
602695,989,1035
602696,990,1037
602697,985,1034
602698,984,1036
602699,982,1041
602700,984,1043
602701,985,1049
602702,982,1048
602703,983,1044
602704,981,1045
602705,982,1046
602706,981,1050
602707,984,1051
602708,983,1049
602709,978,1047
602710,975,1048
602711,979,1050
602712,986,1050
602713,987,1048
602714,983,1043
602715,978,1040
602716,981,1041
602717,981,1039
602718,986,1043
602719,989,1043
602720,988,1041
602721,986,1037
602722,987,1040
602723,987,1038
602724,990,1041
602725,990,1042
602726,990,1042
602727,986,1039
602728,981,1039
602729,983,1040
602730,988,1041
602731,991,1040
602732,989,1039
602733,986,1036
602734,985,1038
602735,986,1038
602736,989,1041
602737,990,1043
602738,990,1038
602739,989,1037
602740,986,1036
602741,986,1039
602742,989,1043
602743,988,1039
602744,986,1039
602745,985,1037
602746,982,1040
602747,982,1043
602748,985,1046
602749,986,1044
602750,987,1042
602751,983,1041
602752,980,1041
602753,982,1039
602754,986,1043
602755,988,1044
602756,986,1043
602757,981,1042
602758,977,1043
602759,981,1046
602760,984,1050
602761,984,1050
602762,986,1046
602763,984,1046
602764,982,1045
602765,982,1048
602766,984,1049
602767,987,1049
602768,987,1045
602769,984,1044
602770,983,1043
602771,986,1045
602772,987,1049
602773,989,1047
602774,989,1047
602775,985,1043
602776,982,1042
602777,983,1043
602778,985,1044
602779,987,1045
602780,987,1044
602781,983,1043
602782,979,1042
602783,981,1044
602784,981,1046
602785,985,1047
602786,982,1048
602787,982,1044
602788,979,1046
602789,981,1048
602790,983,1051
602791,983,1046
602792,984,1043
602793,981,1039
602794,980,1038
602795,982,1035
602796,984,1036
602797,992,1032
602798,995,1028
602799,995,1026
602800,1000,1021
602801,1010,1016
602802,1022,1014
602803,1039,1004
602804,1056,990
602805,1070,982
602806,1086,980
602807,1103,988
602808,1116,1005
602809,1122,1023
602810,1111,1031
602811,1091,1029
602812,1064,1039
602813,1037,1059
602814,1013,1074
602815,995,1079
602816,982,1077
602817,979,1071
602818,980,1058
602819,983,1051
602820,987,1047
602821,987,1043
602822,986,1043
602823,980,1038
602824,978,1039
602825,977,1043
602826,977,1046
602827,978,1047
602828,975,1043
602829,972,1042
602830,969,1041
602831,970,1044
602832,971,1046
602833,973,1045
602834,969,1045
602835,967,1041
602836,964,1042
602837,965,1044
602838,967,1048
602839,967,1046
602840,968,1043
602841,964,1041
602842,962,1045
602843,959,1046
602844,968,1049
602845,966,1047
602846,968,1045
602847,966,1044
602848,963,1042
602849,969,1043
602850,969,1047
602851,972,1047
602852,967,1046
602853,966,1041
602854,965,1043
602855,966,1045
602856,970,1046
602857,972,1044
602858,972,1042
602859,968,1040
602860,966,1040
602861,965,1043
602862,969,1044
602863,971,1043
602864,972,1043
602865,972,1041
602866,966,1039
602867,968,1041
602868,972,1042
602869,975,1044
602870,976,1039
602871,972,1035
602872,970,1034
602873,971,1034
602874,974,1036
602875,979,1033
602876,979,1029
602877,976,1024
602878,974,1023
602879,977,1023
602880,978,1023
602881,979,1021
602882,979,1018
602883,979,1016
602884,975,1013
602885,979,1015
602886,980,1016
602887,980,1015
602888,982,1011
602889,980,1005
602890,978,1008
602891,975,1010
602892,979,1011
602893,982,1010
602894,979,1004
602895,978,1001
602896,977,999
602897,980,1002
602898,983,1004
602899,988,1006
602900,989,1003
602901,989,999
602902,990,1001
602903,991,1004
602904,993,1006
602905,1000,1006
602906,998,1007
602907,996,1005
602908,996,1011
602909,996,1012
602910,1000,1017
602911,1000,1021
602912,999,1018
602913,997,1018
602914,989,1023
602915,988,1030
602916,990,1035
602917,995,1031
602918,992,1036
602919,984,1032
602920,985,1032
602921,983,1035
602922,987,1040
602923,986,1044
602924,983,1042
602925,982,1039
602926,981,1039
602927,980,1042
602928,981,1045
602929,983,1046
602930,982,1044
602931,980,1045
602932,976,1042
602933,979,1044
602934,982,1046
602935,984,1044
602936,982,1041
602937,980,1040
602938,979,1037
602939,981,1042
602940,984,1045
602941,986,1040
602942,984,1039
602943,982,1037
602944,980,1039
602945,979,1039
602946,986,1039
602947,989,1036
602948,988,1039
602949,985,1033
602950,982,1035
602951,983,1038
602952,986,1042
602953,987,1042
602954,990,1041
602955,983,1038
602956,984,1038
602957,983,1040
602958,986,1043
602959,989,1043
602960,985,1041
602961,982,1041
602962,980,1048
602963,983,1048
602964,982,1051
602965,986,1051
602966,982,1049
602967,982,1042
602968,977,1042
602969,981,1043
602970,979,1045
602971,982,1045
602972,982,1043
602973,982,1039
602974,978,1039
602975,979,1041
602976,982,1043
602977,985,1044
602978,984,1040
602979,981,1040
602980,981,1038
602981,980,1042
602982,982,1042
602983,986,1044
602984,984,1039
602985,980,1037
602986,977,1036
602987,977,1041
602988,980,1041
602989,984,1043
602990,982,1037
602991,980,1037
602992,977,1036
602993,978,1039
602994,978,1043
602995,984,1041
602996,984,1042
602997,978,1038
602998,974,1039
602999,979,1040
603000,981,1044
603001,984,1045
603002,980,1042
603003,977,1042
603004,976,1039
603005,975,1046
603006,976,1048
603007,981,1045
603008,980,1046
603009,978,1047
603010,974,1047
603011,974,1052
603012,977,1055
603013,980,1053
603014,977,1049
603015,978,1043
603016,975,1043
603017,978,1043
603018,981,1048
603019,982,1046
603020,982,1045
603021,985,1041
603022,985,1043
603023,986,1043
603024,990,1045
603025,993,1042
603026,991,1040
603027,987,1034
603028,986,1035
603029,990,1032
603030,1000,1030
603031,1010,1029
603032,1022,1023
603033,1036,1018
603034,1056,1016
603035,1086,1013
603036,1123,1004
603037,1163,989
603038,1203,978
603039,1240,974
603040,1274,978
603041,1303,998
603042,1305,1020
603043,1283,1032
603044,1231,1035
603045,1168,1040
603046,1101,1056
603047,1040,1074
603048,995,1087
603049,972,1089
603050,967,1088
603051,972,1076
603052,986,1064
603053,990,1056
603054,994,1053
603055,992,1050
603056,983,1046
603057,980,1043
603058,973,1046
603059,971,1046
603060,969,1051
603061,969,1054
603062,966,1052
603063,964,1048
603064,960,1043
603065,958,1044
603066,961,1044
603067,962,1043
603068,964,1042
603069,957,1039
603070,957,1042
603071,959,1042
603072,961,1044
603073,962,1043
603074,960,1043
603075,956,1037
603076,957,1041
603077,957,1042
603078,958,1043
603079,959,1045
603080,958,1041
603081,954,1038
603082,951,1038
603083,949,1040
603084,954,1043
603085,958,1041
603086,957,1039
603087,957,1038
603088,954,1038
603089,955,1038
603090,958,1044
603091,959,1043
603092,959,1042
603093,957,1037
603094,956,1039
603095,955,1042
603096,960,1044
603097,963,1043
603098,963,1040
603099,962,1040
603100,961,1039
603101,963,1042
603102,966,1045
603103,961,1046
603104,962,1043
603105,962,1041
603106,959,1039
603107,960,1042
603108,964,1042
603109,967,1038
603110,968,1033
603111,967,1029
603112,964,1027
603113,965,1027
603114,967,1026
603115,971,1027
603116,968,1024
603117,968,1021
603118,963,1018
603119,965,1018
603120,970,1019
603121,973,1019
603122,970,1016
603123,970,1013
603124,967,1010
603125,973,1012
603126,973,1013
603127,975,1011
603128,973,1008
603129,975,1008
603130,974,1007
603131,975,1007
603132,980,1010
603133,983,1008
603134,984,1005
603135,982,1003
603136,982,1001
603137,986,1003
603138,988,1006
603139,993,1005
603140,993,1005
603141,994,1003
603142,997,1006
603143,1000,1009
603144,1003,1015
603145,1004,1016
603146,1004,1016
603147,1003,1017
603148,998,1019
603149,1001,1027
603150,1001,1033
603151,1002,1036
603152,1004,1037
603153,1000,1035
603154,999,1034
603155,997,1036
603156,997,1039
603157,995,1035
603158,994,1038
603159,988,1034
603160,986,1037
603161,985,1038
603162,986,1040
603163,989,1039
603164,985,1037
603165,980,1035
603166,980,1034
603167,977,1039
603168,981,1042
603169,983,1041
603170,981,1038
603171,979,1038
603172,978,1040
603173,976,1041
603174,978,1044
603175,979,1044
603176,979,1042
603177,975,1039
603178,973,1039
603179,971,1042
603180,973,1042
603181,975,1042
603182,977,1041
603183,976,1038
603184,973,1037
603185,971,1039
603186,973,1044
603187,975,1042
603188,975,1041
603189,973,1039
603190,969,1039
603191,971,1043
603192,977,1045
603193,978,1045
603194,975,1045
603195,972,1042
603196,970,1044
603197,969,1044
603198,974,1050
603199,977,1049
603200,980,1045
603201,978,1042
603202,978,1041
603203,981,1043
603204,984,1044
603205,985,1042
603206,984,1039
603207,978,1037
603208,973,1037
603209,975,1039
603210,977,1043
603211,979,1042
603212,978,1041
603213,977,1038
603214,974,1035
603215,976,1041
603216,977,1045
603217,979,1046
603218,978,1042
603219,976,1041
603220,973,1040
603221,973,1043
603222,974,1046
603223,975,1044
603224,973,1042
603225,976,1041
603226,973,1040
603227,974,1043
603228,975,1046
603229,977,1044
603230,972,1041
603231,967,1038
603232,965,1041
603233,965,1043
603234,969,1045
603235,972,1046
603236,971,1044
603237,969,1043
603238,966,1044
603239,965,1047
603240,970,1050
603241,974,1052
603242,973,1048
603243,971,1044
603244,968,1044
603245,972,1045
603246,973,1046
603247,975,1044
603248,976,1039
603249,973,1038
603250,971,1036
603251,972,1041
603252,976,1045
603253,978,1042
603254,978,1041
603255,972,1039
603256,973,1040
603257,973,1043
603258,976,1045
603259,979,1043
603260,976,1040
603261,972,1039
603262,971,1039
603263,974,1042
603264,975,1045
603265,983,1042
603266,983,1039
603267,981,1038
603268,977,1038
603269,976,1040
603270,978,1038
603271,984,1035
603272,991,1029
603273,998,1023
603274,1012,1024
603275,1031,1023
603276,1058,1022
603277,1091,1014
603278,1126,1000
603279,1168,986
603280,1206,980
603281,1256,981
603282,1292,998
603283,1306,1021
603284,1286,1038
603285,1236,1043
603286,1171,1046
603287,1101,1060
603288,1037,1078
603289,984,1089
603290,954,1092
603291,952,1087
603292,961,1075
603293,974,1063
603294,982,1054
603295,982,1044
603296,976,1039
603297,970,1036
603298,964,1035
603299,961,1040
603300,963,1041
603301,960,1043
603302,956,1040
603303,955,1038
603304,952,1039
603305,952,1040
603306,953,1043
603307,954,1039
603308,952,1040
603309,952,1038
603310,950,1037
603311,952,1039
603312,956,1044
603313,954,1044
603314,953,1040
603315,952,1037
603316,948,1038
603317,950,1043
603318,953,1043
603319,955,1042
603320,955,1039
603321,955,1038
603322,951,1042
603323,950,1045
603324,953,1049
603325,954,1050
603326,951,1048
603327,946,1048
603328,944,1049
603329,950,1051
603330,953,1054
603331,955,1054
603332,956,1051
603333,955,1046
603334,952,1045
603335,952,1044
603336,952,1045
603337,952,1046
603338,953,1041
603339,952,1035
603340,949,1031
603341,951,1034
603342,952,1034
603343,953,1031
603344,952,1027
603345,950,1022
603346,949,1018
603347,949,1020
603348,953,1022
603349,956,1018
603350,956,1016
603351,952,1013
603352,949,1011
603353,950,1014
603354,956,1016
603355,958,1014
603356,960,1010
603357,955,1005
603358,956,1003
603359,956,1007
603360,963,1009
603361,967,1007
603362,967,1003
603363,964,1000
603364,962,999
603365,965,1001
603366,968,1002
603367,974,1001
603368,973,999
603369,970,995
603370,973,999
603371,977,1003
603372,980,1006
603373,986,1007
603374,988,1005
603375,987,1006
603376,988,1009
603377,991,1011
603378,992,1014
603379,990,1012
603380,993,1008
603381,992,1010
603382,989,1008
603383,989,1013
603384,990,1017
603385,994,1015
603386,989,1016
603387,985,1015
603388,984,1017
603389,983,1019
603390,983,1024
603391,984,1025
603392,978,1024
603393,977,1024
603394,973,1026
603395,971,1028
603396,971,1032
603397,972,1033
603398,970,1032
603399,968,1026
603400,965,1028
603401,963,1031
603402,966,1037
603403,969,1036
603404,965,1032
603405,967,1032
603406,961,1033
603407,963,1034
603408,963,1039
603409,970,1039
603410,972,1039
603411,969,1038
603412,967,1039
603413,964,1040
603414,967,1047
603415,968,1047
603416,968,1043
603417,965,1040
603418,963,1044
603419,962,1048
603420,963,1050
603421,965,1050
603422,967,1048
603423,964,1048
603424,962,1047
603425,966,1047
603426,969,1050
603427,970,1045
603428,971,1041
603429,967,1038
603430,960,1036
603431,963,1037
603432,965,1037
603433,968,1037
603434,969,1036
603435,967,1031
603436,963,1030
603437,962,1032
603438,964,1037
603439,969,1035
603440,971,1033
603441,967,1031
603442,963,1030
603443,964,1033
603444,966,1034
603445,971,1034
603446,967,1033
603447,964,1030
603448,960,1031
603449,961,1036
603450,967,1034
603451,969,1035
603452,967,1035
603453,963,1031
603454,959,1033
603455,963,1037
603456,966,1039
603457,966,1039
603458,964,1037
603459,961,1035
603460,958,1037
603461,959,1043
603462,963,1045
603463,968,1049
603464,967,1047
603465,963,1048
603466,962,1049
603467,965,1051
603468,967,1051
603469,969,1052
603470,967,1047
603471,965,1043
603472,966,1046
603473,967,1045
603474,967,1049
603475,970,1048
603476,972,1043
603477,967,1040
603478,964,1042
603479,967,1045
603480,969,1047
603481,972,1046
603482,973,1043
603483,969,1042
603484,966,1042
603485,969,1043
603486,969,1043
603487,971,1042
603488,973,1040
603489,969,1038
603490,967,1037
603491,971,1042
603492,972,1040
603493,975,1042
603494,977,1038
603495,972,1035
603496,970,1035
603497,971,1041
603498,972,1043
603499,974,1040
603500,976,1038
603501,974,1037
603502,971,1036
603503,972,1039
603504,975,1043
603505,977,1042
603506,976,1040
603507,971,1039
603508,969,1043
603509,969,1045
603510,974,1050
603511,975,1049
603512,972,1048
603513,972,1045
603514,972,1046
603515,972,1051
603516,976,1051
603517,975,1049
603518,978,1044
603519,973,1041
603520,974,1042
603521,974,1041
603522,977,1043
603523,978,1043
603524,977,1040
603525,975,1038
603526,971,1038
603527,975,1040
603528,975,1042
603529,979,1042
603530,977,1042
603531,975,1036
603532,975,1036
603533,973,1040
603534,976,1041
603535,979,1042
603536,977,1038
603537,974,1036
603538,968,1035
603539,972,1039
603540,976,1043
603541,979,1039
603542,978,1037
603543,974,1035
603544,971,1035
603545,974,1037
603546,974,1040
603547,978,1042
603548,977,1037
603549,974,1034
603550,971,1034
603551,974,1039
603552,975,1040
603553,979,1041
603554,978,1039
603555,976,1037
603556,973,1038
603557,974,1043
603558,975,1047
603559,979,1048
603560,977,1051
603561,975,1050
603562,973,1053
603563,973,1056
603564,975,1055
603565,981,1053
603566,981,1051
603567,979,1049
603568,976,1049
603569,977,1049
603570,977,1052
603571,981,1049
603572,980,1046
603573,979,1042
603574,973,1041
603575,976,1043
603576,979,1049
603577,981,1046
603578,979,1042
603579,979,1040
603580,975,1036
603581,980,1041
603582,982,1042
603583,981,1043
603584,983,1038
603585,977,1035
603586,975,1034
603587,977,1039
603588,978,1041
603589,978,1042
603590,981,1041
603591,979,1037
603592,977,1037
603593,975,1037
603594,977,1043
603595,979,1041
603596,980,1038
603597,977,1037
603598,976,1038
603599,975,1039
603600,978,1042
603601,978,1042
603602,978,1041
603603,975,1039
603604,972,1040
603605,975,1041
603606,974,1044
603607,978,1041
603608,973,1042
603609,972,1042
603610,971,1043
603611,974,1046
603612,975,1051
603613,974,1052
603614,977,1053
603615,971,1055
603616,969,1055
603617,971,1058
603618,975,1060
603619,977,1058
603620,975,1051
603621,973,1049
603622,970,1044
603623,970,1047
603624,972,1048
603625,975,1046
603626,976,1045
603627,971,1041
603628,971,1039
603629,970,1041
603630,973,1042
603631,976,1042
603632,971,1041
603633,967,1036
603634,967,1037
603635,964,1037
603636,967,1041
603637,970,1039
603638,970,1038
603639,967,1034
603640,964,1035
603641,966,1036
603642,967,1040
603643,967,1039
603644,970,1038
603645,967,1035
603646,965,1034
603647,966,1036
603648,971,1042
603649,970,1039
603650,971,1037
603651,966,1039
603652,963,1037
603653,963,1041
603654,967,1042
603655,968,1041
603656,968,1041
603657,965,1038
603658,962,1040
603659,963,1044
603660,966,1047
603661,965,1050
603662,964,1048
603663,960,1048
603664,959,1051
603665,962,1054
603666,965,1059
603667,970,1057
603668,968,1054
603669,970,1050
603670,968,1047
603671,972,1047
603672,975,1048
603673,972,1049
603674,972,1048
603675,973,1042
603676,971,1044
603677,974,1046
603678,974,1047
603679,978,1046
603680,975,1043
603681,974,1040
603682,971,1038
603683,974,1043
603684,975,1042
603685,974,1041
603686,974,1040
603687,974,1036
603688,972,1036
603689,974,1037
603690,975,1038
603691,977,1036
603692,980,1033
603693,985,1026
603694,996,1025
603695,1016,1022
603696,1039,1025
603697,1069,1021
603698,1102,1012
603699,1137,1000
603700,1172,985
603701,1215,979
603702,1262,975
603703,1302,981
603704,1324,989
603705,1323,1003
603706,1288,1022
603707,1235,1033
603708,1179,1041
603709,1122,1053
603710,1060,1062
603711,1010,1067
603712,975,1075
603713,960,1079
603714,965,1080
603715,979,1069
603716,986,1058
603717,984,1049
603718,977,1045
603719,975,1048
603720,976,1045
603721,976,1042
603722,972,1041
603723,968,1039
603724,964,1039
603725,963,1044
603726,962,1043
603727,964,1044
603728,963,1041
603729,960,1037
603730,957,1039
603731,958,1041
603732,957,1043
603733,958,1043
603734,957,1042
603735,953,1039
603736,951,1041
603737,951,1042
603738,954,1044
603739,955,1043
603740,953,1042
603741,952,1040
603742,949,1041
603743,953,1043
603744,955,1045
603745,959,1044
603746,956,1044
603747,950,1041
603748,949,1043
603749,949,1047
603750,953,1050
603751,954,1049
603752,952,1049
603753,949,1043
603754,947,1047
603755,949,1050
603756,951,1054
603757,955,1054
603758,954,1053
603759,951,1052
603760,949,1052
603761,951,1054
603762,957,1058
603763,959,1057
603764,958,1054
603765,957,1048
603766,954,1047
603767,957,1048
603768,959,1050
603769,964,1046
603770,963,1044
603771,963,1042
603772,962,1040
603773,962,1042
603774,963,1041
603775,967,1040
603776,966,1039
603777,963,1036
603778,964,1037
603779,966,1037
603780,966,1038
603781,971,1036
603782,968,1033
603783,968,1032
603784,963,1032
603785,967,1033
603786,974,1036
603787,975,1031
603788,975,1028
603789,974,1025
603790,975,1026
603791,974,1024
603792,980,1029
603793,979,1025
603794,980,1026
603795,980,1021
603796,980,1021
603797,980,1024
603798,984,1025
603799,987,1025
603800,986,1025
603801,985,1024
603802,982,1023
603803,987,1027
603804,993,1030
603805,997,1029
603806,997,1027
603807,999,1024
603808,998,1026
603809,1002,1029
603810,1007,1031
603811,1010,1027
603812,1010,1025
603813,1008,1020
603814,1009,1018
603815,1010,1019
603816,1011,1020
603817,1013,1017
603818,1015,1015
603819,1014,1014
603820,1010,1018
603821,1013,1018
603822,1013,1021
603823,1012,1024
603824,1009,1021
603825,1004,1020
603826,1002,1021
603827,1002,1026
603828,1001,1030
603829,999,1029
603830,997,1029
603831,994,1030
603832,990,1030
603833,988,1033
603834,992,1038
603835,992,1036
603836,987,1035
603837,986,1033
603838,982,1036
603839,981,1038
603840,980,1039
603841,987,1042
603842,982,1040
603843,978,1037
603844,975,1040
603845,981,1042
603846,983,1047
603847,987,1046
603848,983,1043
603849,978,1042
603850,976,1043
603851,980,1047
603852,981,1050
603853,982,1047
603854,986,1046
603855,981,1045
603856,980,1046
603857,980,1046
603858,985,1048
603859,986,1047
603860,986,1043
603861,985,1040
603862,980,1039
603863,981,1042
603864,984,1043
603865,984,1041
603866,982,1040
603867,980,1037
603868,978,1037
603869,980,1038
603870,984,1040
603871,985,1038
603872,984,1038
603873,980,1036
603874,974,1035
603875,978,1038
603876,982,1039
603877,983,1040
603878,980,1037
603879,980,1033
603880,977,1033
603881,976,1036
603882,980,1040
603883,981,1038
603884,981,1038
603885,979,1035
603886,975,1037
603887,976,1039
603888,977,1043
603889,976,1042
603890,974,1039
603891,974,1038
603892,974,1039
603893,972,1043
603894,976,1047
603895,980,1047
603896,975,1044
603897,973,1041
603898,972,1044
603899,974,1042
603900,976,1045
603901,977,1043
603902,977,1042
603903,975,1040
603904,975,1041
603905,976,1043
603906,977,1047
603907,981,1048
603908,980,1044
603909,980,1042
603910,973,1042
603911,978,1044
603912,977,1045
603913,979,1044
603914,977,1043
603915,974,1040
603916,972,1041
603917,973,1044
603918,976,1045
603919,979,1045
603920,978,1042
603921,975,1038
603922,972,1038
603923,974,1042
603924,976,1045
603925,979,1043
603926,977,1041
603927,974,1037
603928,973,1039
603929,973,1043
603930,975,1043
603931,978,1044
603932,977,1041
603933,973,1041
603934,973,1040
603935,975,1045
603936,977,1048
603937,976,1047
603938,978,1045
603939,976,1040
603940,974,1039
603941,977,1043
603942,980,1048
603943,981,1045
603944,978,1045
603945,977,1043
603946,975,1044
603947,978,1047
603948,983,1047
603949,985,1045
603950,986,1045
603951,982,1041
603952,980,1043
603953,980,1048
603954,981,1048
603955,988,1045
603956,988,1040
603957,991,1035
603958,997,1034
603959,1005,1034
603960,1021,1036
603961,1037,1031
603962,1059,1026
603963,1081,1017
603964,1117,1003
603965,1155,995
603966,1197,987
603967,1235,979
603968,1268,981
603969,1286,988
603970,1289,1009
603971,1277,1027
603972,1239,1035
603973,1191,1037
603974,1130,1044
603975,1066,1056
603976,1011,1074
603977,972,1087
603978,958,1094
603979,960,1090
603980,970,1077
603981,975,1061
603982,977,1051
603983,981,1045
603984,979,1045
603985,979,1043
603986,976,1041
603987,973,1038
603988,965,1039
603989,965,1042
603990,965,1046
603991,969,1045
603992,964,1043
603993,962,1042
603994,958,1044
603995,956,1047
603996,959,1049
603997,962,1051
603998,956,1052
603999,952,1050
604000,951,1051
604001,953,1054
604002,956,1055
604003,959,1053
604004,955,1052
604005,954,1047
604006,953,1046
604007,955,1048
604008,959,1050
604009,959,1048
604010,960,1046
604011,958,1043
604012,955,1042
604013,961,1043
604014,960,1044
604015,962,1046
604016,958,1048
604017,953,1047
604018,953,1046
604019,955,1049
604020,956,1051
604021,962,1046
604022,962,1042
604023,963,1039
604024,962,1036
604025,963,1037
604026,963,1038
604027,962,1037
604028,957,1039
604029,956,1037
604030,955,1037
604031,957,1037
604032,962,1036
604033,968,1033
604034,969,1030
604035,968,1028
604036,966,1029
604037,969,1029
604038,968,1030
604039,974,1030
604040,975,1029
604041,975,1027
604042,973,1025
604043,976,1023
604044,980,1024
604045,983,1023
604046,983,1020
604047,984,1018
604048,983,1017
604049,985,1018
604050,986,1022
604051,989,1019
604052,988,1016
604053,988,1013
604054,986,1016
604055,985,1014
604056,987,1019
604057,986,1017
604058,986,1020
604059,985,1019
604060,983,1018
604061,983,1018
604062,984,1019
604063,988,1015
604064,986,1014
604065,983,1018
604066,988,1015
604067,989,1015
604068,992,1011
604069,998,1003
604070,993,999
604071,993,1000
604072,987,1009
604073,988,1028
604074,992,1051
604075,990,1061
604076,989,1055
604077,992,1037
604078,997,1010
604079,1002,989
604080,1008,978
604081,1011,973
604082,1011,972
604083,1006,975
604084,1004,985
604085,1005,995
604086,1004,1002
604087,1004,1005
604088,1000,1005
604089,995,1006
604090,991,1013
604091,991,1020
604092,992,1026
604093,995,1028
604094,991,1031
604095,983,1030
604096,983,1032
604097,984,1034
604098,988,1043
604099,987,1044
604100,986,1045
604101,983,1044
604102,980,1042
604103,983,1045
604104,986,1046
604105,988,1045
604106,982,1038
604107,975,1034
604108,975,1032
604109,977,1040
604110,979,1043
604111,978,1045
604112,979,1043
604113,977,1040
604114,977,1039
604115,982,1034
604116,987,1030
604117,987,1027
604118,991,1027
604119,990,1026
604120,987,1026
604121,984,1027
604122,987,1029
604123,989,1031
604124,988,1033
604125,983,1038
604126,981,1035
604127,984,1037
604128,986,1035
604129,986,1032
604130,983,1030
604131,979,1031
604132,981,1035
604133,981,1049
604134,983,1061
604135,983,1066
604136,981,1062
604137,979,1059
604138,981,1053
604139,981,1040
604140,984,1027
604141,987,1014
604142,985,1007
604143,985,1012
604144,979,1024
604145,978,1032
604146,980,1039
604147,979,1036
604148,978,1036
604149,975,1035
604150,974,1036
604151,975,1029
604152,981,1028
604153,982,1023
604154,976,1023
604155,975,1023
604156,978,1029
604157,977,1033
604158,979,1034
604159,978,1034
604160,975,1032
604161,970,1032
604162,972,1032
604163,975,1035
604164,979,1035
604165,981,1032
604166,978,1031
604167,973,1031
604168,972,1032
604169,975,1034
604170,979,1040
604171,976,1035
604172,976,1035
604173,973,1036
604174,971,1039
604175,971,1041
604176,974,1039
604177,977,1037
604178,975,1033
604179,970,1032
604180,967,1032
604181,969,1037
604182,973,1041
604183,976,1043
604184,972,1044
604185,971,1042
604186,970,1042
604187,972,1043
604188,975,1044
604189,977,1043
604190,978,1040
604191,977,1036
604192,974,1032
604193,978,1035
604194,977,1036
604195,979,1037
604196,976,1036
604197,975,1038
604198,974,1044
604199,974,1049
604200,976,1060
604201,974,1067
604202,974,1073
604203,971,1071
604204,969,1057
604205,973,1045
604206,976,1043
604207,979,1034
604208,979,1016
604209,977,1009
604210,976,1009
604211,978,1021
604212,981,1033
604213,984,1041
604214,984,1044
604215,981,1031
604216,979,1020
604217,983,1014
604218,989,1011
604219,1003,1005
604220,1012,1001
604221,1017,997
604222,1035,995
604223,1058,996
604224,1088,990
604225,1120,975
604226,1152,959
604227,1189,950
604228,1219,952
604229,1250,966
604230,1261,992
604231,1255,1014
604232,1221,1023
604233,1180,1025
604234,1125,1033
604235,1071,1054
604236,1016,1077
604237,977,1093
604238,950,1102
604239,947,1106
604240,948,1105
604241,957,1092
604242,965,1081
604243,968,1070
604244,970,1055
604245,967,1047
604246,963,1044
604247,962,1045
604248,960,1047
604249,959,1045
604250,956,1052
604251,952,1053
604252,948,1049
604253,950,1041
604254,954,1038
604255,955,1034
604256,953,1035
604257,950,1037
604258,945,1039
604259,947,1041
604260,949,1044
604261,950,1041
604262,951,1041
604263,950,1037
604264,948,1035
604265,949,1037
604266,951,1035
604267,950,1033
604268,949,1031
604269,943,1033
604270,942,1042
604271,940,1052
604272,943,1061
604273,945,1061
604274,947,1062
604275,947,1053
604276,950,1041
604277,952,1030
604278,953,1027
604279,955,1027
604280,951,1030
604281,948,1036
604282,949,1036
604283,954,1033
604284,953,1032
604285,956,1030
604286,954,1023
604287,954,1020
604288,953,1023
604289,954,1025
604290,957,1029
604291,959,1033
604292,959,1031
604293,955,1035
604294,954,1042
604295,959,1051
604296,963,1047
604297,966,1032
604298,964,1008
604299,964,992
604300,962,992
604301,963,1002
604302,969,1011
604303,972,1014
604304,971,1009
604305,969,1006
604306,966,1003
604307,972,1008
604308,973,1008
604309,975,1004
604310,975,1000
604311,972,1001
604312,970,1001
604313,972,1003
604314,973,1005
604315,976,1005
604316,976,1006
604317,973,1002
604318,968,999
604319,973,998
604320,977,996
604321,980,996
604322,977,994
604323,973,990
604324,972,992
604325,976,1001
604326,976,1007
604327,981,1005
604328,982,1000
604329,981,992
604330,981,989
604331,981,990
604332,987,993
604333,987,997
604334,988,994
604335,982,988
604336,983,988
604337,984,995
604338,989,1002
604339,989,1008
604340,989,1006
604341,986,1003
604342,986,1004
604343,989,1013
604344,989,1017
604345,990,1016
604346,989,1019
604347,984,1022
604348,981,1026
604349,984,1030
604350,984,1032
604351,991,1031
604352,986,1024
604353,983,1025
604354,982,1029
604355,985,1034
604356,985,1039
604357,987,1039
604358,984,1037
604359,977,1037
604360,979,1039
604361,980,1042
604362,982,1045
604363,986,1044
604364,982,1045
604365,982,1044
604366,977,1049
604367,980,1049
604368,983,1049
604369,983,1042
604370,981,1044
604371,979,1045
604372,977,1044
604373,979,1044
604374,981,1041
604375,982,1039
604376,982,1035
604377,980,1031
604378,979,1034
604379,981,1035
604380,980,1038
604381,983,1043
604382,980,1048
604383,974,1048
604384,976,1040
604385,979,1029
604386,984,1018
604387,984,1013
604388,982,1019
604389,979,1026
604390,978,1034
604391,980,1039
604392,982,1046
604393,984,1041
604394,982,1031
604395,980,1018
604396,981,1021
604397,982,1027
604398,985,1032
604399,982,1032
604400,984,1029
604401,981,1026
604402,980,1025
604403,982,1023
604404,983,1029
604405,985,1032
604406,983,1030
604407,980,1034
604408,981,1035
604409,984,1040
604410,987,1041
604411,989,1037
604412,985,1038
604413,983,1040
604414,978,1044
604415,981,1049
604416,987,1055
604417,987,1059
604418,985,1053
604419,982,1045
604420,979,1040
604421,983,1044
604422,986,1050
604423,986,1046
604424,982,1041
604425,982,1033
604426,979,1035
604427,979,1041
604428,976,1052
604429,977,1065
604430,978,1069
604431,975,1057
604432,979,1036
604433,977,1023
604434,976,1022
604435,980,1028
604436,978,1033
604437,976,1035
604438,974,1034
604439,980,1033
604440,980,1033
604441,982,1031
604442,979,1032
604443,977,1033
604444,974,1037
604445,973,1040
604446,978,1046
604447,978,1048
604448,977,1045
604449,975,1038
604450,974,1038
604451,976,1045
604452,976,1052
604453,978,1056
604454,978,1060
604455,974,1049
604456,978,1039
604457,981,1033
604458,985,1030
604459,984,1028
604460,989,1030
604461,998,1030
604462,1003,1029
604463,1021,1027
604464,1039,1028
604465,1060,1024
604466,1086,1011
604467,1113,992
604468,1144,978
604469,1182,970
604470,1211,973
604471,1234,988
604472,1241,1008
604473,1226,1025
604474,1191,1035
604475,1149,1044
604476,1100,1063
604477,1050,1084
604478,1000,1099
604479,970,1107
604480,959,1104
604481,961,1093
604482,970,1077
604483,975,1057
604484,977,1048
604485,974,1043
604486,971,1043
604487,970,1050
604488,971,1052
604489,970,1049
604490,968,1043
604491,961,1044
604492,954,1048
604493,954,1055
604494,957,1051
604495,961,1038
604496,957,1025
604497,954,1022
604498,952,1024
604499,953,1031
604500,956,1038
604501,959,1038
604502,958,1038
604503,953,1036
604504,951,1039
604505,955,1043
604506,956,1045
604507,960,1045
604508,961,1044
604509,959,1041
604510,956,1042
604511,961,1048
604512,959,1049
604513,963,1048
604514,964,1045
604515,962,1043
604516,960,1044
604517,963,1045
604518,966,1049
604519,967,1048
604520,963,1047
604521,963,1042
604522,961,1041
604523,963,1044
604524,967,1045
604525,967,1046
604526,968,1042
604527,964,1039
604528,960,1039
604529,958,1042
604530,963,1041
604531,964,1042
604532,962,1038
604533,959,1035
604534,960,1035
604535,962,1033
604536,965,1036
604537,968,1032
604538,965,1029
604539,963,1027
604540,959,1026
604541,963,1029
604542,966,1028
604543,966,1025
604544,966,1019
604545,965,1016
604546,967,1015
604547,969,1017
604548,974,1018
604549,973,1020
604550,970,1012
604551,967,1007
604552,969,1007
604553,970,1007
604554,975,1009
604555,975,1006
604556,976,1004
604557,974,1000
604558,973,1000
604559,978,1002
604560,981,1004
604561,984,1004
604562,980,1002
604563,980,998
604564,978,994
604565,981,995
604566,986,997
604567,988,994
604568,988,994
604569,986,993
604570,987,992
604571,991,996
604572,992,998
604573,993,998
604574,993,998
604575,990,997
604576,990,1001
604577,990,1009
604578,994,1012
604579,994,1015
604580,996,1015
604581,992,1016
604582,990,1020
604583,991,1026
604584,991,1031
604585,993,1031
604586,989,1032
604587,985,1033
604588,982,1037
604589,981,1040
604590,979,1044
604591,979,1044
604592,975,1041
604593,972,1039
604594,970,1036
604595,967,1040
604596,972,1044
604597,973,1045
604598,972,1043
604599,969,1045
604600,966,1044
604601,969,1047
604602,975,1049
604603,974,1048
604604,970,1047
604605,969,1045
604606,968,1045
604607,971,1046
604608,972,1049
604609,974,1048
604610,970,1045
604611,968,1045
604612,969,1046
604613,970,1047
604614,972,1048
604615,974,1046
604616,972,1044
604617,968,1042
604618,973,1043
604619,974,1044
604620,974,1047
604621,979,1044
604622,976,1041
604623,975,1037
604624,974,1040
604625,974,1042
604626,976,1047
604627,975,1048
604628,975,1046
604629,970,1042
604630,966,1041
604631,973,1044
604632,975,1044
604633,976,1041
604634,974,1039
604635,969,1035
604636,969,1036
604637,968,1038
604638,972,1041
604639,975,1040
604640,974,1037
604641,969,1036
604642,969,1037
604643,973,1040
604644,972,1042
604645,974,1039
604646,970,1036
604647,968,1035
604648,968,1037
604649,966,1041
604650,969,1043
604651,969,1041
604652,971,1039
604653,967,1039
604654,964,1039
604655,967,1040
604656,971,1044
604657,970,1045
604658,970,1040
604659,964,1039
604660,965,1041
604661,966,1044
604662,970,1049
604663,971,1049
604664,971,1047
604665,968,1044
604666,967,1046
604667,966,1047
604668,970,1047
604669,973,1049
604670,971,1046
604671,964,1045
604672,965,1045
604673,967,1046
604674,971,1051
604675,975,1050
604676,971,1048
604677,968,1045
604678,969,1044
604679,971,1047
604680,971,1049
604681,972,1047
604682,972,1044
604683,969,1043
604684,968,1044
604685,969,1047
604686,972,1052
604687,975,1046
604688,974,1045
604689,972,1040
604690,970,1040
604691,972,1043
604692,974,1044
604693,976,1043
604694,977,1040
604695,973,1040
604696,976,1041
604697,975,1045
604698,975,1046
604699,979,1048
604700,978,1044
604701,973,1044
604702,971,1046
604703,974,1048
604704,979,1052
604705,979,1050
604706,982,1049
604707,976,1048
604708,977,1046
604709,981,1049
604710,984,1049
604711,983,1050
604712,986,1048
604713,984,1047
604714,984,1049
604715,982,1050
604716,985,1050
604717,987,1050
604718,985,1045
604719,984,1043
604720,987,1040
604721,996,1036
604722,1007,1037
604723,1023,1031
604724,1038,1025
604725,1057,1021
604726,1081,1016
604727,1114,1007
604728,1153,992
604729,1195,982
604730,1231,978
604731,1268,983
604732,1296,998
604733,1307,1024
604734,1287,1044
604735,1242,1049
604736,1178,1048
604737,1111,1058
604738,1048,1077
604739,997,1095
604740,966,1103
604741,956,1103
604742,960,1096
604743,967,1083
604744,974,1067
604745,980,1059
604746,985,1053
604747,984,1048
604748,977,1043
604749,969,1041
604750,965,1041
604751,964,1046
604752,967,1049
604753,964,1048
604754,961,1048
604755,959,1047
604756,957,1049
604757,961,1052
604758,964,1055
604759,961,1053
604760,962,1054
604761,959,1050
604762,964,1048
604763,969,1050
604764,969,1052
604765,970,1049
604766,968,1048
604767,962,1047
604768,957,1049
604769,958,1051
604770,961,1053
604771,960,1050
604772,957,1050
604773,956,1046
604774,956,1048
604775,958,1052
604776,959,1054
604777,958,1052
604778,960,1050
604779,958,1047
604780,959,1047
604781,960,1049
604782,966,1053
604783,967,1050
604784,964,1050
604785,959,1045
604786,955,1045
604787,955,1045
604788,957,1043
604789,958,1045
604790,951,1038
604791,953,1035
604792,952,1035
604793,954,1035
604794,959,1036
604795,963,1035
604796,961,1030
604797,957,1029
604798,955,1032
604799,959,1034
604800,968,1037
604801,971,1034
604802,969,1033
604803,967,1030
604804,964,1030
604805,967,1028
604806,969,1030
604807,970,1028
604808,970,1026
604809,971,1019
604810,972,1018
604811,973,1019
604812,974,1021
604813,975,1017
604814,975,1014
604815,978,1012
604816,978,1010
604817,978,1011
604818,985,1015
604819,981,1012
604820,981,1008
604821,982,1004
604822,979,1005
604823,983,1007
604824,985,1010
604825,987,1006
604826,991,1003
604827,990,1001
604828,992,997
604829,997,1001
604830,1002,1004
604831,1005,1006
604832,1003,1002
604833,999,1001
604834,994,1002
604835,994,1010
604836,998,1012
604837,1000,1015
604838,999,1014
604839,993,1015
604840,991,1022
604841,990,1027
604842,994,1030
604843,993,1032
604844,992,1032
604845,990,1033
604846,988,1038
604847,988,1043
604848,991,1048
604849,991,1047
604850,990,1044
604851,986,1046
604852,984,1048
604853,986,1051
604854,987,1057
604855,988,1057
604856,989,1055
604857,986,1051
604858,987,1053
604859,986,1055
604860,985,1058
604861,985,1058
604862,985,1055
604863,979,1053
604864,977,1053
604865,982,1055
604866,984,1058
604867,988,1055
604868,987,1053
604869,986,1053
604870,983,1051
604871,990,1053
604872,993,1052
604873,991,1048
604874,982,1045
604875,979,1043
604876,981,1043
604877,984,1043
604878,985,1047
604879,989,1044
604880,991,1041
604881,986,1040
604882,983,1043
604883,982,1044
604884,988,1048
604885,990,1048
604886,991,1050
604887,989,1045
604888,987,1045
604889,985,1051
604890,986,1050
604891,991,1049
604892,988,1048
604893,983,1046
604894,984,1047
604895,984,1050
604896,986,1054
604897,985,1051
604898,986,1049
604899,989,1047
604900,989,1049
604901,989,1051
604902,988,1056
604903,987,1054
604904,986,1051
604905,983,1049
604906,985,1049
604907,988,1051
604908,988,1052
604909,987,1051
604910,986,1048
604911,983,1047
604912,981,1048
604913,982,1053
604914,983,1054
604915,987,1053
604916,986,1051
604917,984,1047
604918,983,1046
604919,982,1055
604920,984,1055
604921,979,1054
604922,980,1050
604923,981,1048
604924,982,1048
604925,984,1052
604926,983,1056
604927,978,1056
604928,980,1054
604929,981,1050
604930,981,1050
604931,980,1052
604932,982,1055
604933,982,1056
604934,982,1051
604935,978,1049
604936,975,1051
604937,983,1055
604938,987,1057
604939,982,1054
604940,979,1053
604941,979,1048
604942,984,1051
604943,988,1055
604944,983,1056
604945,977,1053
604946,977,1050
604947,978,1050
604948,980,1050
604949,983,1053
604950,986,1051
604951,986,1050
604952,986,1048
604953,981,1047
604954,980,1045
604955,979,1046
604956,982,1048
604957,984,1046
604958,988,1043
604959,989,1040
604960,990,1042
604961,993,1045
604962,991,1047
604963,985,1046
604964,981,1045
604965,979,1044
604966,980,1046
604967,983,1050
604968,987,1054
604969,989,1053
604970,989,1051
604971,987,1047
604972,988,1050
604973,990,1049
604974,995,1048
604975,1002,1044
604976,1010,1039
604977,1024,1034
604978,1039,1033
604979,1062,1028
604980,1093,1024
604981,1131,1011
604982,1177,996
604983,1215,985
604984,1259,990
604985,1302,1007
604986,1327,1032
604987,1325,1054
604988,1290,1060
604989,1230,1060
604990,1149,1070
604991,1077,1088
604992,1014,1105
604993,977,1111
604994,969,1110
604995,969,1100
604996,979,1086
604997,982,1075
604998,985,1065
604999,985,1060
605000,981,1053
605001,976,1047
605002,973,1047
605003,972,1048
605004,972,1051
605005,969,1047
605006,966,1046
605007,958,1043
605008,960,1044
605009,959,1046
605010,963,1049
605011,963,1050
605012,964,1047
605013,958,1047
605014,958,1048
605015,960,1049
605016,963,1055
605017,966,1052
605018,965,1049
605019,965,1048
605020,962,1050
605021,963,1051
605022,967,1052
605023,970,1052
605024,965,1045
605025,965,1042
605026,963,1041
605027,960,1044
605028,962,1043
605029,964,1040
605030,959,1037
605031,955,1035
605032,954,1037
605033,959,1039
605034,961,1040
605035,968,1039
605036,964,1034
605037,961,1034
605038,960,1034
605039,964,1039
605040,968,1040
605041,967,1038
605042,967,1031
605043,962,1028
605044,965,1029
605045,965,1032
605046,972,1034
605047,970,1030
605048,972,1029
605049,968,1025
605050,967,1026
605051,970,1029
605052,973,1031
605053,976,1029
605054,975,1026
605055,973,1024
605056,975,1025
605057,973,1025
605058,980,1027
605059,983,1025
605060,983,1022
605061,976,1019
605062,977,1018
605063,979,1022
605064,985,1023
605065,986,1019
605066,986,1015
605067,984,1011
605068,983,1014
605069,987,1015
605070,987,1016
605071,990,1012
605072,988,1010
605073,986,1005
605074,984,1006
605075,986,1009
605076,986,1011
605077,989,1008
605078,989,1004
605079,990,1003
605080,988,1004
605081,992,1008
605082,995,1010
605083,996,1010
605084,994,1011
605085,991,1011
605086,995,1013
605087,993,1016
605088,998,1020
605089,997,1021
605090,995,1022
605091,990,1020
605092,989,1025
605093,986,1027
605094,989,1034
605095,991,1033
605096,987,1035
605097,984,1033
605098,982,1038
605099,983,1045
605100,983,1047
605101,983,1047
605102,981,1047
605103,977,1045
605104,978,1044
605105,979,1049
605106,982,1050
605107,985,1050
605108,980,1048
605109,976,1047
605110,977,1048
605111,981,1051
605112,984,1054
605113,988,1050
605114,987,1050
605115,985,1046
605116,984,1051
605117,985,1051
605118,987,1053
605119,988,1052
605120,987,1050
605121,985,1044
605122,989,1047
605123,986,1049
605124,992,1051
605125,990,1051
605126,988,1048
605127,988,1045
605128,986,1046
605129,987,1049
605130,988,1049
605131,988,1049
605132,986,1044
605133,981,1042
605134,981,1046
605135,982,1047
605136,984,1049
605137,984,1050
605138,984,1048
605139,980,1048
605140,977,1047
605141,981,1050
605142,985,1051
605143,983,1051
605144,981,1047
605145,980,1044
605146,980,1046
605147,984,1048
605148,987,1048
605149,990,1048
605150,986,1046
605151,985,1041
605152,983,1044
605153,984,1048
605154,986,1048
605155,988,1046
605156,988,1046
605157,986,1042
605158,986,1043
605159,986,1046
605160,989,1049
605161,985,1051
605162,986,1047
605163,979,1049
605164,980,1051
605165,984,1054
605166,984,1053
605167,988,1052
605168,987,1049
605169,982,1047
605170,982,1049
605171,984,1051
605172,985,1051
605173,985,1048
605174,983,1048
605175,981,1044
605176,980,1049
605177,984,1049
605178,985,1053
605179,984,1053
605180,980,1048
605181,978,1046
605182,978,1047
605183,982,1051
605184,983,1052
605185,983,1053
605186,981,1050
605187,977,1048
605188,976,1051
605189,979,1055
605190,984,1055
605191,983,1055
605192,982,1050
605193,978,1049
605194,975,1052
605195,981,1050
605196,984,1052
605197,985,1050
605198,984,1043
605199,984,1042
605200,982,1044
605201,984,1046
605202,986,1046
605203,988,1047
605204,987,1043
605205,981,1039
605206,982,1036
605207,981,1036
605208,992,1037
605209,999,1030
605210,1009,1027
605211,1013,1023
605212,1026,1022
605213,1043,1015
605214,1070,1008
605215,1093,995
605216,1114,986
605217,1137,986
605218,1156,1001
605219,1168,1022
605220,1165,1038
605221,1140,1039
605222,1104,1047
605223,1060,1060
605224,1022,1077
605225,992,1088
605226,977,1091
605227,975,1081
605228,978,1068
605229,983,1057
605230,986,1050
605231,988,1049
605232,987,1049
605233,984,1049
605234,981,1049
605235,975,1049
605236,974,1052
605237,973,1055
605238,979,1057
605239,981,1053
605240,978,1052
605241,974,1049
605242,974,1050
605243,973,1052
605244,978,1055
605245,977,1053
605246,975,1050
605247,973,1048
605248,972,1051
605249,973,1049
605250,975,1049
605251,974,1049
605252,974,1047
605253,968,1046
605254,969,1046
605255,971,1051
605256,974,1052
605257,974,1051
605258,972,1046
605259,970,1043
605260,971,1046
605261,972,1047
605262,975,1048
605263,976,1051
605264,975,1047
605265,975,1046
605266,973,1046
605267,975,1048
605268,975,1050
605269,979,1049
605270,978,1046
605271,974,1044
605272,975,1045
605273,978,1046
605274,983,1048
605275,979,1046
605276,981,1041
605277,978,1038
605278,978,1039
605279,982,1040
605280,984,1040
605281,981,1040
605282,979,1035
605283,978,1031
605284,977,1032
605285,979,1034
605286,985,1036
605287,982,1031
605288,981,1029
605289,984,1025
605290,978,1024
605291,981,1025
605292,984,1026
605293,987,1024
605294,988,1020
605295,983,1019
605296,979,1017
605297,984,1017
605298,986,1021
605299,986,1015
605300,982,1012
605301,985,1010
605302,986,1009
605303,988,1013
605304,990,1013
605305,993,1011
605306,994,1009
605307,993,1005
605308,992,1009
605309,994,1010
605310,999,1013
605311,1000,1011
605312,1001,1013
605313,1000,1012
605314,997,1014
605315,1004,1016
605316,1004,1020
605317,1007,1021
605318,1006,1017
605319,1002,1018
605320,1003,1019
605321,1006,1024
605322,1005,1028
605323,1006,1027
605324,1003,1028
605325,1000,1027
605326,1000,1031
605327,999,1033
605328,1000,1039
605329,1001,1039
605330,1001,1038
605331,995,1037
605332,992,1040
605333,990,1043
605334,991,1048
605335,991,1046
605336,988,1043
605337,985,1040
605338,985,1046
605339,987,1048
605340,988,1053
605341,990,1056
605342,988,1052
605343,983,1052
605344,984,1055
605345,989,1054
605346,992,1053
605347,989,1049
605348,986,1045
605349,982,1039
605350,982,1040
605351,984,1045
605352,988,1043
605353,988,1044
605354,987,1038
605355,985,1036
605356,985,1038
605357,989,1041
605358,990,1043
605359,993,1040
605360,991,1039
605361,991,1038
605362,990,1039
605363,993,1042
605364,995,1041
605365,995,1042
605366,994,1038
605367,992,1036
605368,989,1040
605369,993,1041
605370,993,1044
605371,994,1039
605372,995,1037
605373,991,1037
605374,989,1035
605375,991,1040
605376,992,1042
605377,995,1039
605378,990,1039
605379,990,1039
605380,988,1041
605381,989,1047
605382,993,1048
605383,988,1047
605384,988,1045
605385,986,1046
605386,986,1046
605387,989,1048
605388,994,1052
605389,994,1047
605390,995,1045
605391,992,1045
605392,992,1045
605393,994,1048
605394,995,1049
605395,997,1047
605396,992,1044
605397,990,1041
605398,994,1044
605399,994,1045
605400,996,1050
605401,999,1048
605402,997,1045
605403,993,1042
605404,993,1043
605405,991,1046
605406,994,1046
605407,997,1046
605408,993,1044
605409,992,1044
605410,992,1044
605411,993,1047
605412,995,1048
605413,996,1045
605414,992,1044
605415,988,1041
605416,985,1043
605417,989,1046
605418,990,1048
605419,992,1046
605420,994,1042
605421,990,1041
605422,989,1042
605423,989,1047
605424,989,1048
605425,993,1047
605426,988,1045
605427,984,1047
605428,985,1045
605429,988,1047
605430,989,1052
605431,991,1049
605432,991,1047
605433,989,1041
605434,992,1041
605435,997,1040
605436,1001,1041
605437,1002,1037
605438,1001,1032
605439,1002,1029
605440,1008,1027
605441,1015,1027
605442,1030,1027
605443,1045,1024
605444,1066,1018
605445,1092,1012
605446,1123,1001
605447,1163,993
605448,1207,983
605449,1246,978
605450,1289,978
605451,1318,988
605452,1331,1012
605453,1310,1028
605454,1266,1035
605455,1196,1042
605456,1127,1053
605457,1062,1063
605458,1009,1075
605459,979,1078
605460,977,1079
605461,987,1071
605462,999,1055
605463,1004,1045
605464,1002,1039
605465,1000,1039
605466,995,1042
605467,993,1041
605468,987,1039
605469,981,1038
605470,977,1040
605471,974,1043
605472,977,1047
605473,976,1045
605474,972,1044
605475,965,1048
605476,965,1050
605477,968,1054
605478,971,1055
605479,971,1053
605480,971,1051
605481,969,1047
605482,969,1045
605483,969,1046
605484,975,1049
605485,977,1048
605486,974,1046
605487,971,1042
605488,970,1044
605489,974,1047
605490,976,1047
605491,977,1049
605492,974,1044
605493,969,1044
605494,969,1045
605495,971,1050
605496,975,1048
605497,975,1048
605498,974,1044
605499,971,1042
605500,976,1046
605501,976,1046
605502,978,1048
605503,981,1045
605504,976,1044
605505,974,1042
605506,975,1041
605507,978,1041
605508,980,1043
605509,980,1041
605510,980,1040
605511,977,1037
605512,973,1037
605513,975,1038
605514,982,1040
605515,981,1037
605516,980,1035
605517,975,1031
605518,973,1031
605519,976,1032
605520,979,1034
605521,981,1033
605522,979,1027
605523,978,1026
605524,979,1029
605525,985,1028
605526,986,1028
605527,988,1020
605528,985,1016
605529,983,1011
605530,985,1012
605531,987,1013
605532,992,1013
605533,991,1008
605534,989,1008
605535,987,1004
605536,989,1005
605537,990,1008
605538,996,1009
605539,995,1009
605540,996,1005
605541,997,1006
605542,1000,1007
605543,1004,1012
605544,1003,1012
605545,1009,1010
605546,1008,1009
605547,1005,1011
605548,1005,1012
605549,1008,1014
605550,1011,1017
605551,1013,1018
605552,1011,1016
605553,1011,1016
605554,1010,1021
605555,1012,1023
605556,1015,1029
605557,1014,1028
605558,1012,1025
605559,1007,1028
605560,1003,1028
605561,1005,1034
605562,1008,1039
605563,1004,1038
605564,1002,1039
605565,997,1042
605566,994,1046
605567,997,1051
605568,1000,1053
605569,997,1055
605570,998,1051
605571,993,1045
605572,991,1045
605573,994,1045
605574,996,1045
605575,993,1043
605576,988,1041
605577,986,1040
605578,987,1042
605579,990,1045
605580,991,1046
605581,993,1045
605582,988,1043
605583,985,1040
605584,986,1040
605585,987,1041
605586,990,1044
605587,990,1043
605588,989,1040
605589,989,1039
605590,990,1044
605591,992,1044
605592,992,1045
605593,989,1043
605594,988,1042
605595,988,1042
605596,988,1043
605597,992,1044
605598,995,1046
605599,994,1045
605600,990,1044
605601,990,1043
605602,988,1043
605603,989,1044
605604,997,1048
605605,994,1047
605606,994,1044
605607,989,1042
605608,987,1045
605609,991,1048
605610,993,1053
605611,993,1051
605612,994,1049
605613,988,1050
605614,990,1051
605615,990,1055
605616,993,1055
605617,994,1053
605618,994,1048
605619,990,1046
605620,987,1047
605621,987,1048
605622,988,1049
605623,990,1046
605624,988,1045
605625,984,1045
605626,984,1045
605627,988,1045
605628,986,1045
605629,986,1044
605630,986,1041
605631,984,1040
605632,981,1040
605633,986,1042
605634,989,1045
605635,989,1046
605636,988,1042
605637,986,1039
605638,983,1043
605639,986,1047
605640,987,1048
605641,989,1044
605642,989,1044
605643,983,1041
605644,980,1044
605645,983,1047
605646,987,1049
605647,986,1047
605648,984,1046
605649,981,1045
605650,982,1047
605651,988,1050
605652,990,1050
605653,991,1050
605654,988,1050
605655,987,1047
605656,984,1049
605657,985,1052
605658,988,1054
605659,986,1054
605660,983,1052
605661,979,1049
605662,981,1053
605663,984,1056
605664,983,1057
605665,984,1053
605666,982,1050
605667,982,1049
605668,983,1047
605669,985,1047
605670,989,1049
605671,990,1049
605672,986,1047
605673,984,1045
605674,981,1045
605675,983,1049
605676,988,1048
605677,990,1049
605678,988,1046
605679,986,1045
605680,984,1044
605681,987,1046
605682,990,1049
605683,989,1049
605684,987,1044
605685,985,1043
605686,982,1046
605687,984,1049
605688,983,1051
605689,986,1048
605690,986,1044
605691,982,1043
605692,985,1047
605693,985,1047
605694,988,1051
605695,989,1050
605696,989,1047
605697,989,1045
605698,988,1046
605699,989,1052
605700,992,1053
605701,994,1051
605702,993,1050
605703,990,1045
605704,989,1050
605705,990,1050
605706,995,1052
605707,995,1051
605708,993,1048
605709,990,1048
605710,991,1050
605711,992,1056
605712,994,1055
605713,995,1052
605714,992,1049
605715,991,1046
605716,991,1044
605717,995,1045
605718,1002,1041
605719,1005,1036
605720,1011,1033
605721,1022,1027
605722,1035,1025
605723,1059,1023
605724,1084,1023
605725,1116,1011
605726,1148,995
605727,1186,985
605728,1229,981
605729,1271,985
605730,1308,997
605731,1331,1014
605732,1322,1031
605733,1280,1036
605734,1226,1042
605735,1165,1053
605736,1107,1068
605737,1044,1079
605738,996,1084
605739,966,1085
605740,966,1085
605741,978,1079
605742,994,1072
605743,1002,1061
605744,1000,1050
605745,992,1046
605746,988,1047
605747,985,1051
605748,985,1052
605749,984,1050
605750,978,1047
605751,976,1046
605752,974,1048
605753,978,1050
605754,980,1053
605755,973,1054
605756,975,1053
605757,972,1053
605758,969,1055
605759,976,1059
605760,978,1058
605761,978,1054
605762,977,1049
605763,975,1046
605764,973,1047
605765,977,1050
605766,974,1052
605767,977,1052
605768,975,1049
605769,972,1048
605770,971,1049
605771,973,1052
605772,977,1055
605773,976,1053
605774,974,1051
605775,971,1046
605776,971,1047
605777,968,1050
605778,976,1051
605779,975,1050
605780,972,1047
605781,970,1044
605782,969,1042
605783,972,1047
605784,973,1049
605785,973,1046
605786,973,1046
605787,968,1042
605788,970,1043
605789,972,1046
605790,975,1047
605791,974,1047
605792,972,1042
605793,972,1042
605794,972,1046
605795,973,1051
605796,981,1051
605797,980,1048
605798,980,1047
605799,978,1045
605800,977,1047
605801,980,1049
605802,981,1048
605803,984,1045
605804,985,1044
605805,981,1040
605806,983,1040
605807,986,1037
605808,992,1038
605809,993,1030
605810,993,1027
605811,994,1021
605812,993,1024
605813,995,1026
605814,1000,1027
605815,999,1025
605816,998,1020
605817,996,1018
605818,998,1022
605819,998,1021
605820,1000,1023
605821,1002,1021
605822,1001,1018
605823,996,1016
605824,996,1013
605825,1003,1018
605826,1007,1015
605827,1008,1014
605828,1004,1011
605829,1003,1008
605830,1006,1011
605831,1010,1014
605832,1011,1014
605833,1014,1012
605834,1013,1009
605835,1012,1010
605836,1012,1011
605837,1014,1015
605838,1014,1017
605839,1017,1017
605840,1016,1016
605841,1012,1016
605842,1015,1022
605843,1016,1026
605844,1019,1030
605845,1021,1030
605846,1015,1031
605847,1012,1031
605848,1014,1036
605849,1012,1043
605850,1013,1043
605851,1013,1042
605852,1010,1040
605853,1000,1040
605854,1000,1044
605855,1002,1048
605856,1001,1049
605857,1003,1049
605858,1000,1044
605859,996,1043
605860,995,1049
605861,999,1051
605862,1002,1050
605863,999,1051
605864,999,1046
605865,996,1047
605866,996,1048
605867,998,1052
605868,998,1051
605869,998,1051
605870,998,1047
605871,997,1049
605872,995,1047
605873,998,1050
605874,997,1052
605875,999,1049
605876,996,1047
605877,991,1044
605878,992,1045
605879,997,1049
605880,999,1049
605881,999,1046
605882,994,1043
605883,993,1043
605884,994,1044
605885,995,1046
605886,1000,1047
605887,995,1045
605888,994,1043
605889,992,1043
605890,994,1046
605891,996,1048
605892,996,1055
605893,997,1051
605894,995,1048
605895,991,1043
605896,989,1049
605897,992,1046
605898,995,1047
605899,991,1044
605900,990,1043
605901,989,1039
605902,988,1040
605903,989,1041
605904,994,1045
605905,994,1042
605906,993,1037
605907,991,1039
605908,989,1042
605909,994,1046
605910,993,1046
605911,993,1046
605912,993,1042
605913,992,1042
605914,992,1044
605915,993,1045
605916,996,1050
605917,995,1047
605918,993,1047
605919,990,1045
605920,988,1047
605921,991,1049
605922,994,1051
605923,994,1050
605924,993,1047
605925,989,1045
605926,990,1049
605927,994,1053
605928,995,1053
605929,994,1050
605930,992,1046
605931,991,1046
605932,991,1047
605933,994,1048
605934,995,1053
605935,992,1054
605936,991,1050
605937,987,1049
605938,987,1051
605939,990,1054
605940,995,1055
605941,992,1050
605942,994,1048
605943,990,1046
605944,990,1045
605945,992,1048
605946,994,1049
605947,993,1045
605948,989,1044
605949,986,1043
605950,987,1044
605951,990,1047
605952,992,1049
605953,990,1048
605954,988,1047
605955,985,1044
605956,986,1047
605957,987,1048
605958,991,1051
605959,988,1046
605960,986,1046
605961,987,1044
605962,985,1045
605963,988,1047
605964,992,1046
605965,993,1043
605966,996,1037
605967,999,1035
605968,1009,1033
605969,1025,1035
605970,1044,1032
605971,1066,1029
605972,1090,1022
605973,1117,1013
605974,1152,1003
605975,1190,995
605976,1229,990
605977,1266,987
605978,1298,989
605979,1316,1002
605980,1312,1021
605981,1287,1035
605982,1248,1039
605983,1188,1044
605984,1130,1052
605985,1066,1067
605986,1021,1079
605987,987,1086
605988,974,1089
605989,976,1082
605990,980,1074
605991,987,1061
605992,990,1053
605993,989,1052
605994,992,1049
605995,986,1046
605996,981,1043
605997,975,1044
605998,974,1047
605999,973,1048
606000,975,1051
606001,971,1050
606002,969,1048
606003,964,1048
606004,962,1051
606005,966,1053
606006,966,1055
606007,964,1053
606008,961,1052
606009,957,1049
606010,958,1051
606011,960,1054
606012,963,1057
606013,960,1051
606014,957,1051
606015,951,1049
606016,952,1052
606017,951,1054
606018,958,1054
606019,956,1052
606020,951,1048
606021,950,1046
606022,950,1050
606023,951,1052
606024,956,1051
606025,957,1052
606026,948,1048
606027,952,1048
606028,950,1052
606029,957,1055
606030,959,1059
606031,958,1056
606032,957,1056
606033,955,1052
606034,955,1055
606035,959,1056
606036,963,1058
606037,964,1056
606038,959,1050
606039,958,1051
606040,957,1050
606041,960,1052
606042,962,1051
606043,962,1050
606044,962,1045
606045,961,1043
606046,960,1045
606047,963,1046
606048,968,1046
606049,967,1044
606050,965,1042
606051,964,1039
606052,963,1040
606053,969,1042
606054,970,1043
606055,966,1039
606056,968,1037
606057,965,1034
606058,967,1036
606059,968,1036
606060,972,1036
606061,972,1034
606062,968,1028
606063,967,1027
606064,969,1025
606065,971,1026
606066,976,1027
606067,976,1023
606068,973,1018
606069,973,1015
606070,973,1017
606071,975,1018
606072,981,1018
606073,980,1016
606074,978,1013
606075,976,1013
606076,977,1014
606077,981,1015
606078,986,1017
606079,985,1014
606080,985,1013
606081,983,1013
606082,983,1017
606083,987,1020
606084,990,1019
606085,990,1021
606086,987,1019
606087,984,1018
606088,984,1021
606089,986,1023
606090,989,1025
606091,989,1023
606092,984,1022
606093,983,1025
606094,982,1031
606095,984,1031
606096,986,1036
606097,983,1037
606098,980,1036
606099,980,1034
606100,979,1037
606101,978,1045
606102,977,1048
606103,977,1044
606104,975,1044
606105,972,1043
606106,971,1048
606107,972,1051
606108,978,1052
606109,977,1050
606110,974,1052
606111,970,1048
606112,967,1052
606113,973,1053
606114,972,1055
606115,971,1053
606116,973,1051
606117,971,1048
606118,970,1051
606119,971,1054
606120,975,1055
606121,973,1052
606122,969,1049
606123,969,1048
606124,968,1051
606125,972,1054
606126,975,1057
606127,975,1056
606128,974,1055
606129,970,1054
606130,967,1055
606131,970,1058
606132,973,1057
606133,972,1055
606134,970,1055
606135,968,1052
606136,966,1052
606137,970,1055
606138,973,1053
606139,973,1049
606140,970,1043
606141,967,1043
606142,968,1041
606143,970,1047
606144,973,1045
606145,970,1044
606146,968,1042
606147,967,1041
606148,967,1043
606149,971,1047
606150,970,1048
606151,967,1045
606152,969,1043
606153,966,1042
606154,967,1045
606155,968,1048
606156,973,1048
606157,972,1046
606158,969,1044
606159,963,1043
606160,966,1044
606161,968,1050
606162,970,1051
606163,972,1048
606164,967,1046
606165,966,1043
606166,967,1045
606167,971,1047
606168,974,1050
606169,971,1048
606170,971,1047
606171,966,1047
606172,968,1047
606173,971,1051
606174,973,1051
606175,973,1051
606176,971,1049
606177,970,1048
606178,971,1051
606179,971,1054
606180,973,1056
606181,976,1054
606182,972,1052
606183,969,1050
606184,972,1053
606185,969,1053
606186,974,1054
606187,976,1052
606188,972,1051
606189,971,1051
606190,972,1052
606191,970,1057
606192,977,1056
606193,975,1051
606194,972,1051
606195,970,1047
606196,970,1051
606197,972,1054
606198,974,1055
606199,972,1054
606200,970,1051
606201,969,1049
606202,969,1051
606203,972,1052
606204,975,1054
606205,974,1053
606206,970,1047
606207,967,1046
606208,968,1049
606209,969,1052
606210,974,1053
606211,974,1053
606212,971,1047
606213,966,1047
606214,967,1048
606215,968,1050
606216,970,1052
606217,972,1051
606218,972,1049
606219,971,1048
606220,972,1050
606221,974,1052
606222,976,1052
606223,976,1049
606224,972,1048
606225,970,1043
606226,969,1045
606227,971,1053
606228,975,1053
606229,976,1053
606230,974,1051
606231,971,1049
606232,974,1053
606233,973,1055
606234,976,1053
606235,980,1051
606236,975,1048
606237,974,1046
606238,975,1048
606239,976,1052
606240,980,1051
606241,979,1048
606242,979,1046
606243,976,1043
606244,975,1046
606245,977,1043
606246,980,1049
606247,977,1048
606248,977,1046
606249,976,1045
606250,977,1046
606251,978,1047
606252,979,1049
606253,978,1048
606254,979,1043
606255,974,1042
606256,976,1045
606257,981,1048
606258,983,1047
606259,983,1046
606260,982,1046
606261,976,1044
606262,976,1048
606263,981,1049
606264,985,1051
606265,983,1046
606266,982,1048
606267,979,1046
606268,980,1045
606269,982,1047
606270,986,1045
606271,986,1045
606272,982,1045
606273,979,1044
606274,979,1047
606275,984,1048
606276,988,1050
606277,987,1050
606278,986,1047
606279,984,1047
606280,982,1051
606281,986,1053
606282,992,1052
606283,992,1051
606284,989,1048
606285,989,1046
606286,991,1048
606287,992,1049
606288,998,1051
606289,999,1046
606290,1002,1041
606291,1005,1037
606292,1013,1036
606293,1026,1037
606294,1041,1034
606295,1057,1027
606296,1075,1020
606297,1097,1014
606298,1124,1001
606299,1160,992
606300,1191,985
606301,1221,976
606302,1242,975
606303,1262,982
606304,1265,1002
606305,1254,1021
606306,1227,1031
606307,1183,1036
606308,1138,1042
606309,1091,1054
606310,1051,1064
606311,1023,1070
606312,1009,1071
606313,1002,1065
606314,1001,1056
606315,1001,1046
606316,1000,1041
606317,1001,1042
606318,998,1044
606319,993,1043
606320,988,1041
606321,982,1040
606322,980,1041
606323,981,1046
606324,982,1047
606325,978,1045
606326,978,1043
606327,975,1044
606328,973,1047
606329,977,1050
606330,978,1051
606331,976,1047
606332,972,1047
606333,968,1047
606334,972,1049
606335,975,1053
606336,978,1055
606337,976,1051
606338,974,1051
606339,975,1048
606340,970,1051
606341,974,1050
606342,977,1054
606343,977,1051
606344,976,1048
606345,973,1048
606346,975,1050
606347,979,1054
606348,979,1055
606349,979,1055
606350,973,1050
606351,971,1047
606352,970,1049
606353,974,1051
606354,978,1050
606355,974,1047
606356,972,1042
606357,971,1044
606358,968,1044
606359,971,1045
606360,975,1047
606361,972,1045
606362,969,1043
606363,969,1042
606364,967,1043
606365,973,1047
606366,973,1049
606367,973,1045
606368,975,1044
606369,973,1043
606370,975,1045
606371,979,1049
606372,984,1048
606373,985,1047
606374,985,1046
606375,984,1041
606376,987,1042
606377,989,1044
606378,996,1042
606379,996,1040
606380,994,1035
606381,992,1031
606382,993,1034
606383,996,1035
606384,998,1038
606385,998,1033
606386,998,1028
606387,996,1026
606388,1002,1027
606389,1002,1029
606390,1009,1030
606391,1009,1027
606392,1005,1023
606393,1005,1017
606394,1005,1021
606395,1006,1020
606396,1006,1020
606397,1008,1016
606398,1008,1014
606399,1006,1013
606400,1006,1016
606401,1007,1015
606402,1010,1016
606403,1013,1014
606404,1012,1011
606405,1008,1009
606406,1011,1011
606407,1018,1015
606408,1022,1014
606409,1020,1011
606410,1018,1011
606411,1017,1014
606412,1019,1013
606413,1022,1019
606414,1023,1021
606415,1023,1021
606416,1019,1019
606417,1021,1019
606418,1019,1023
606419,1023,1027
606420,1027,1028
606421,1026,1027
606422,1023,1029
606423,1018,1027
606424,1020,1029
606425,1022,1033
606426,1023,1035
606427,1019,1034
606428,1017,1033
606429,1014,1033
606430,1012,1035
606431,1010,1037
606432,1016,1039
606433,1014,1040
606434,1011,1036
606435,1008,1036
606436,1007,1037
606437,1007,1041
606438,1009,1038
606439,1005,1039
606440,1002,1036
606441,1000,1035
606442,998,1038
606443,1002,1041
606444,1006,1043
606445,1004,1039
606446,1000,1035
606447,998,1035
606448,998,1037
606449,1000,1040
606450,1001,1039
606451,1001,1038
606452,995,1035
606453,996,1036
606454,994,1036
606455,996,1042
606456,1001,1045
606457,999,1037
606458,996,1037
606459,996,1036
606460,996,1036
606461,996,1039
606462,1004,1041
606463,1003,1039
606464,1001,1038
606465,1002,1038
606466,1002,1041
606467,1005,1042
606468,1008,1043
606469,1006,1040
606470,1006,1038
606471,1004,1036
606472,1005,1036
606473,1009,1039
606474,1011,1041
606475,1010,1037
606476,1007,1036
606477,1008,1036
606478,1005,1033
606479,1005,1038
606480,1002,1041
606481,995,1040
606482,993,1039
606483,991,1041
606484,994,1041
606485,993,1042
606486,993,1043
606487,991,1040
606488,987,1038
606489,988,1036
606490,990,1037
606491,993,1041
606492,995,1041
606493,992,1039
606494,992,1037
606495,992,1038
606496,992,1041
606497,993,1043
606498,996,1043
606499,996,1040
606500,994,1040
606501,992,1040
606502,992,1043
606503,996,1045
606504,998,1046
606505,994,1043
606506,994,1041
606507,991,1041
606508,991,1041
606509,993,1046
606510,993,1047
606511,991,1044
606512,990,1045
606513,985,1044
606514,985,1047
606515,991,1047
606516,995,1047
606517,999,1044
606518,991,1039
606519,992,1038
606520,989,1043
606521,992,1046
606522,991,1045
606523,989,1040
606524,987,1038
606525,982,1036
606526,979,1040
606527,985,1043
606528,986,1039
606529,987,1037
606530,984,1036
606531,983,1036
606532,985,1040
606533,988,1040
606534,991,1041
606535,987,1040
606536,985,1038
606537,982,1039
606538,984,1042
606539,987,1043
606540,991,1044
606541,993,1039
606542,992,1036
606543,989,1040
606544,988,1040
606545,992,1045
606546,994,1043
606547,992,1041
606548,991,1041
606549,987,1036
606550,992,1037
606551,1001,1037
606552,1013,1033
606553,1025,1030
606554,1040,1024
606555,1058,1020
606556,1083,1016
606557,1118,1010
606558,1159,999
606559,1200,984
606560,1242,975
606561,1281,977
606562,1314,989
606563,1327,1012
606564,1308,1026
606565,1261,1031
606566,1201,1031
606567,1126,1044
606568,1060,1063
606569,1002,1078
606570,965,1085
606571,959,1085
606572,964,1080
606573,970,1070
606574,976,1060
606575,985,1052
606576,994,1045
606577,989,1040
606578,981,1040
606579,977,1035
606580,975,1039
606581,978,1042
606582,977,1042
606583,972,1042
606584,969,1040
606585,964,1039
606586,968,1041
606587,968,1043
606588,969,1042
606589,969,1042
606590,964,1040
606591,962,1042
606592,960,1043
606593,962,1045
606594,966,1047
606595,967,1045
606596,965,1042
606597,965,1040
606598,961,1042
606599,962,1045
606600,964,1047
606601,969,1046
606602,969,1043
606603,966,1040
606604,965,1042
606605,969,1047
606606,971,1045
606607,972,1045
606608,969,1040
606609,968,1042
606610,970,1044
606611,971,1045
606612,975,1046
606613,973,1042
606614,970,1039
606615,967,1038
606616,966,1039
606617,969,1041
606618,971,1041
606619,969,1038
606620,967,1035
606621,967,1035
606622,969,1039
606623,972,1039
606624,975,1041
606625,972,1035
606626,972,1031
606627,972,1029
606628,970,1032
606629,973,1035
606630,977,1032
606631,976,1027
606632,974,1024
606633,974,1023
606634,973,1024
606635,975,1026
606636,978,1024
606637,979,1021
606638,976,1018
606639,974,1017
606640,976,1017
606641,980,1019
606642,986,1018
606643,981,1016
606644,981,1012
606645,978,1009
606646,980,1013
606647,987,1014
606648,993,1013
606649,994,1010
606650,994,1009
606651,992,1007
606652,995,1009
606653,996,1009
606654,994,1004
606655,996,1004
606656,994,1002
606657,994,1001
606658,998,1004
606659,1000,1006
606660,1003,1006
606661,1007,1002
606662,1005,998
606663,1003,1000
606664,1004,1004
606665,1006,1009
606666,1011,1010
606667,1011,1007
606668,1006,1007
606669,1005,1010
606670,1005,1017
606671,1006,1022
606672,1009,1025
606673,1007,1024
606674,1001,1024
606675,1002,1024
606676,998,1029
606677,1002,1031
606678,1002,1031
606679,1000,1032
606680,993,1031
606681,991,1030
606682,992,1036
606683,991,1037
606684,994,1040
606685,992,1037
606686,988,1038
606687,985,1033
606688,983,1036
606689,985,1039
606690,986,1038
606691,987,1036
606692,983,1034
606693,982,1029
606694,981,1033
606695,982,1039
606696,986,1041
606697,986,1039
606698,980,1042
606699,978,1042
606700,983,1044
606701,983,1046
606702,989,1045
606703,987,1043
606704,984,1041
606705,983,1038
606706,984,1041
606707,987,1042
606708,991,1044
606709,985,1041
606710,987,1039
606711,985,1042
606712,982,1042
606713,985,1041
606714,990,1042
606715,988,1042
606716,987,1040
606717,986,1040
606718,986,1041
606719,986,1044
606720,989,1046
606721,990,1042
606722,987,1038
606723,985,1039
606724,987,1039
606725,990,1043
606726,992,1041
606727,991,1038
606728,988,1037
606729,982,1034
606730,987,1037
606731,986,1039
606732,986,1038
606733,983,1037
606734,983,1035
606735,981,1035
606736,980,1037
606737,982,1042
606738,982,1043
606739,982,1037
606740,978,1032
606741,978,1031
606742,978,1035
606743,980,1036
606744,985,1035
606745,982,1034
606746,980,1033
606747,979,1032
606748,982,1038
606749,986,1041
606750,990,1041
606751,989,1035
606752,982,1035
606753,982,1039
606754,981,1040
606755,985,1045
606756,987,1045
606757,987,1044
606758,984,1040
606759,980,1039
606760,981,1043
606761,987,1044
606762,990,1046
606763,992,1043
606764,989,1043
606765,984,1041
606766,985,1042
606767,987,1046
606768,989,1046
606769,992,1044
606770,990,1039
606771,987,1038
606772,987,1039
606773,990,1040
606774,995,1040
606775,993,1037
606776,989,1035
606777,986,1036
606778,984,1037
606779,986,1044
606780,990,1040
606781,990,1037
606782,989,1035
606783,987,1033
606784,991,1032
606785,1003,1031
606786,1012,1026
606787,1022,1021
606788,1031,1016
606789,1052,1010
606790,1080,1007
606791,1119,999
606792,1161,987
606793,1206,980
606794,1246,978
606795,1286,987
606796,1311,1006
606797,1310,1029
606798,1279,1036
606799,1215,1036
606800,1142,1040
606801,1074,1058
606802,1011,1074
606803,969,1087
606804,960,1086
606805,965,1078
606806,975,1067
606807,983,1056
606808,986,1050
606809,989,1045
606810,990,1040
606811,985,1035
606812,979,1034
606813,971,1035
606814,970,1039
606815,970,1041
606816,971,1042
606817,969,1039
606818,963,1037
606819,962,1034
606820,959,1035
606821,963,1036
606822,966,1038
606823,962,1035
606824,960,1035
606825,957,1033
606826,956,1038
606827,960,1041
606828,964,1042
606829,963,1039
606830,962,1035
606831,960,1033
606832,962,1036
606833,962,1042
606834,964,1041
606835,962,1039
606836,963,1038
606837,961,1039
606838,963,1038
606839,965,1043
606840,965,1046
606841,961,1042
606842,956,1041
606843,952,1040
606844,956,1042
606845,956,1044
606846,963,1042
606847,962,1040
606848,956,1036
606849,954,1037
606850,959,1036
606851,960,1039
606852,962,1036
606853,962,1035
606854,961,1034
606855,960,1031
606856,958,1031
606857,960,1032
606858,962,1032
606859,962,1028
606860,962,1025
606861,959,1023
606862,959,1023
606863,961,1025
606864,966,1022
606865,964,1020
606866,959,1015
606867,958,1014
606868,960,1014
606869,966,1015
606870,967,1014
606871,967,1010
606872,962,1009
606873,962,1007
606874,963,1007
606875,966,1011
606876,973,1009
606877,977,1004
606878,978,1003
606879,980,1001
606880,975,1003
606881,980,1007
606882,983,1002
606883,985,1001
606884,979,997
606885,978,995
606886,978,996
606887,983,998
606888,988,998
606889,988,992
606890,989,988
606891,987,985
606892,988,992
606893,991,996
606894,994,994
606895,993,992
606896,988,992
606897,994,991
606898,996,996
606899,998,1002
606900,997,1005
606901,995,1007
606902,994,1005
606903,990,1009
606904,987,1011
606905,988,1018
606906,992,1019
606907,988,1020
606908,984,1021
606909,981,1021
606910,983,1025
606911,986,1030
606912,986,1032
606913,983,1031
606914,974,1030
606915,970,1033
606916,971,1039
606917,973,1044
606918,978,1043
606919,979,1039
606920,978,1036
606921,970,1035
606922,971,1038
606923,973,1043
606924,975,1044
606925,974,1042
606926,973,1041
606927,972,1041
606928,972,1039
606929,974,1044
606930,977,1041
606931,980,1042
606932,976,1040
606933,971,1039
606934,971,1042
606935,977,1044
606936,979,1042
606937,975,1040
606938,970,1039
606939,969,1039
606940,969,1040
606941,970,1039
606942,976,1033
606943,973,1030
606944,965,1023
606945,962,1026
606946,962,1026
606947,966,1028
606948,970,1026
606949,969,1025
606950,967,1023
606951,966,1022
606952,966,1025
606953,972,1030
606954,976,1028
606955,971,1026
606956,968,1026
606957,968,1026
606958,969,1030
606959,970,1031
606960,972,1030
606961,971,1029
606962,966,1027
606963,966,1026
606964,967,1028
606965,966,1029
606966,966,1029
606967,964,1029
606968,958,1031
606969,956,1034
606970,956,1035
606971,963,1037
606972,965,1037
606973,967,1034
606974,965,1035
606975,960,1035
606976,961,1037
606977,963,1040
606978,968,1038
606979,965,1037
606980,963,1033
606981,961,1033
606982,960,1034
606983,964,1039
606984,964,1039
606985,965,1037
606986,961,1033
606987,957,1032
606988,958,1039
606989,962,1041
606990,965,1038
606991,962,1035
606992,960,1032
606993,958,1034
606994,962,1036
606995,962,1037
606996,963,1038
606997,963,1034
606998,962,1031
606999,962,1031
607000,964,1030
607001,965,1029
607002,967,1030
607003,969,1023
607004,974,1017
607005,984,1016
607006,992,1014
607007,1000,1015
607008,1010,1011
607009,1027,1004
607010,1046,991
607011,1073,985
607012,1111,987
607013,1148,999
607014,1184,1016
607015,1205,1039
607016,1204,1054
607017,1178,1058
607018,1137,1060
607019,1091,1070
607020,1044,1085
607021,992,1098
607022,956,1104
607023,940,1107
607024,943,1099
607025,952,1084
607026,957,1069
607027,961,1055
607028,958,1045
607029,957,1042
607030,953,1042
607031,954,1041
607032,957,1039
607033,953,1035
607034,947,1029
607035,942,1027
607036,943,1033
607037,944,1036
607038,947,1036
607039,947,1032
607040,946,1029
607041,945,1029
607042,945,1031
607043,949,1032
607044,949,1030
607045,947,1028
607046,944,1024
607047,943,1026
607048,943,1025
607049,945,1031
607050,947,1033
607051,946,1032
607052,947,1029
607053,948,1026
607054,943,1025
607055,944,1028
607056,945,1028
607057,944,1029
607058,942,1027
607059,940,1028
607060,941,1026
607061,943,1030
607062,948,1030
607063,949,1027
607064,943,1024
607065,942,1020
607066,943,1020
607067,948,1024
607068,947,1028
607069,949,1026
607070,945,1020
607071,945,1018
607072,945,1022
607073,946,1028
607074,951,1029
607075,947,1026
607076,949,1021
607077,948,1018
607078,953,1018
607079,954,1020
607080,959,1017
607081,955,1014
607082,953,1009
607083,951,1008
607084,952,1009
607085,955,1009
607086,959,1009
607087,958,1008
607088,959,1000
607089,959,1000
607090,958,1001
607091,958,1002
607092,960,1004
607093,958,999
607094,956,993
607095,955,989
607096,959,989
607097,961,990
607098,966,987
607099,966,983
607100,961,981
607101,962,980
607102,964,984
607103,968,984
607104,972,985
607105,971,981
607106,970,974
607107,968,975
607108,969,979
607109,971,983
607110,975,984
607111,972,982
607112,969,982
607113,969,981
607114,974,987
607115,974,993
607116,977,992
607117,973,996
607118,972,997
607119,969,1000
607120,973,1006
607121,973,1008
607122,974,1014
607123,972,1015
607124,969,1016
607125,966,1019
607126,967,1021
607127,962,1024
607128,967,1026
607129,965,1025
607130,967,1024
607131,963,1024
607132,961,1029
607133,965,1032
607134,967,1031
607135,964,1029
607136,963,1025
607137,961,1027
607138,961,1031
607139,961,1036
607140,966,1035
607141,961,1035
607142,962,1038
607143,959,1033
607144,961,1032
607145,966,1036
607146,967,1033
607147,966,1035
607148,964,1030
607149,962,1029
607150,966,1033
607151,972,1036
607152,972,1036
607153,969,1035
607154,962,1032
607155,960,1030
607156,958,1031
607157,962,1030
607158,964,1030
607159,962,1031
607160,959,1032
607161,957,1033
607162,962,1034
607163,962,1037
607164,964,1039
607165,962,1037
607166,960,1036
607167,958,1034
607168,960,1035
607169,961,1036
607170,962,1034
607171,960,1031
607172,962,1031
607173,959,1030
607174,956,1029
607175,961,1034
607176,963,1037
607177,963,1034
607178,958,1030
607179,954,1029
607180,958,1030
607181,961,1033
607182,962,1031
607183,961,1030
607184,959,1027
607185,955,1027
607186,958,1031
607187,959,1035
607188,958,1035
607189,960,1030
607190,957,1027
607191,954,1027
607192,959,1029
607193,963,1030
607194,965,1029
607195,963,1026
607196,957,1025
607197,956,1028
607198,957,1029
607199,960,1032
607200,964,1030
607201,963,1031
607202,962,1029
607203,959,1028
607204,959,1032
607205,960,1032
607206,962,1032
607207,962,1029
607208,960,1031
607209,956,1030
607210,954,1036
607211,956,1040
607212,956,1042
607213,957,1040
607214,957,1040
607215,956,1039
607216,955,1041
607217,958,1044
607218,960,1041
607219,957,1034
607220,957,1036
607221,958,1038
607222,962,1040
607223,964,1038
607224,962,1041
607225,961,1039
607226,960,1040
607227,962,1037
607228,962,1038
607229,969,1039
607230,973,1037
607231,969,1034
607232,963,1028
607233,962,1031
607234,958,1032
607235,963,1034
607236,963,1034
607237,964,1032
607238,961,1027
607239,964,1026
607240,964,1032
607241,966,1033
607242,969,1031
607243,969,1028
607244,964,1026
607245,960,1025
607246,963,1030
607247,965,1031
607248,966,1032
607249,963,1030
607250,960,1025
607251,962,1032
607252,966,1037
607253,969,1038
607254,972,1039
607255,975,1039
607256,971,1034
607257,973,1035
607258,976,1036
607259,980,1035
607260,982,1030
607261,987,1026
607262,994,1024
607263,1007,1017
607264,1023,1012
607265,1044,1010
607266,1076,1000
607267,1110,988
607268,1147,976
607269,1187,973
607270,1232,981
607271,1278,998
607272,1308,1024
607273,1306,1039
607274,1270,1039
607275,1213,1042
607276,1147,1053
607277,1085,1072
607278,1023,1089
607279,971,1094
607280,945,1093
607281,944,1082
607282,956,1067
607283,968,1051
607284,979,1039
607285,980,1028
607286,972,1025
607287,967,1025
607288,963,1027
607289,963,1026
607290,962,1025
607291,954,1026
607292,952,1023
607293,948,1027
607294,951,1030
607295,953,1034
607296,955,1031
607297,956,1030
607298,955,1027
607299,949,1029
607300,951,1033
607301,952,1033
607302,953,1037
607303,953,1037
607304,952,1035
607305,947,1037
607306,947,1045
607307,951,1048
607308,957,1045
607309,956,1044
607310,954,1040
607311,950,1038
607312,946,1042
607313,950,1044
607314,954,1042
607315,955,1039
607316,953,1039
607317,951,1039
607318,950,1041
607319,951,1037
607320,955,1038
607321,952,1035
607322,949,1030
607323,946,1029
607324,948,1032
607325,950,1033
607326,955,1031
607327,953,1030
607328,950,1026
607329,949,1027
607330,949,1032
607331,957,1032
607332,960,1030
607333,958,1028
607334,956,1024
607335,952,1025
607336,953,1027
607337,956,1025
607338,960,1021
607339,962,1015
607340,958,1016
607341,956,1013
607342,958,1015
607343,962,1014
607344,966,1013
607345,963,1010
607346,960,1009
607347,956,1007
607348,955,1009
607349,958,1011
607350,963,1010
607351,965,1006
607352,966,1003
607353,962,1001
607354,965,1002
607355,967,1004
607356,971,1006
607357,971,1003
607358,970,999
607359,970,995
607360,973,999
607361,976,998
607362,981,996
607363,983,994
607364,981,991
607365,980,991
607366,983,994
607367,987,1001
607368,994,997
607369,997,999
607370,995,998
607371,994,1001
607372,996,1006
607373,997,1009
607374,998,1012
607375,996,1015
607376,989,1016
607377,988,1019
607378,992,1024
607379,993,1029
607380,993,1030
607381,989,1030
607382,984,1027
607383,981,1031
607384,981,1032
607385,984,1036
607386,984,1037
607387,981,1036
607388,982,1033
607389,982,1035
607390,983,1036
607391,980,1040
607392,980,1040
607393,978,1037
607394,978,1034
607395,973,1034
607396,977,1038
607397,977,1041
607398,981,1040
607399,984,1035
607400,980,1030
607401,977,1028
607402,976,1030
607403,973,1037
607404,979,1040
607405,979,1033
607406,981,1030
607407,980,1031
607408,978,1033
607409,981,1035
607410,979,1034
607411,978,1031
607412,974,1030
607413,975,1032
607414,974,1035
607415,980,1034
607416,982,1036
607417,976,1032
607418,974,1034
607419,971,1031
607420,972,1033
607421,977,1039
607422,977,1040
607423,974,1037
607424,971,1036
607425,970,1035
607426,968,1038
607427,971,1040
607428,972,1040
607429,976,1038
607430,973,1033
607431,972,1035
607432,973,1038
607433,976,1040
607434,979,1038
607435,978,1037
607436,972,1035
607437,973,1033
607438,971,1036
607439,975,1042
607440,977,1039
607441,976,1038
607442,972,1034
607443,973,1035
607444,969,1040
607445,973,1041
607446,971,1040
607447,972,1038
607448,972,1038
607449,970,1038
607450,971,1039
607451,973,1042
607452,978,1045
607453,977,1044
607454,973,1044
607455,973,1043
607456,970,1042
607457,973,1045
607458,976,1044
607459,975,1045
607460,972,1042
607461,972,1043
607462,972,1043
607463,974,1046
607464,973,1044
607465,972,1042
607466,972,1039
607467,969,1037
607468,968,1040
607469,968,1046
607470,971,1045
607471,971,1038
607472,969,1036
607473,967,1039
607474,970,1041
607475,972,1045
607476,971,1044
607477,971,1040
607478,971,1039
607479,970,1039
607480,971,1040
607481,970,1043
607482,971,1042
607483,970,1043
607484,968,1039
607485,966,1039
607486,967,1042
607487,968,1046
607488,974,1042
607489,970,1043
607490,968,1041
607491,971,1041
607492,970,1047
607493,974,1047
607494,977,1046
607495,976,1046
607496,972,1043
607497,968,1047
607498,972,1046
607499,977,1049
607500,979,1046
607501,975,1043
607502,974,1040
607503,973,1040
607504,976,1042
607505,977,1046
607506,977,1043
607507,978,1043
607508,973,1040
607509,972,1042
607510,972,1044
607511,979,1046
607512,980,1042
607513,983,1037
607514,982,1033
607515,993,1031
607516,1011,1028
607517,1028,1025
607518,1050,1021
607519,1076,1013
607520,1111,998
607521,1148,990
607522,1194,986
607523,1240,988
607524,1282,995
607525,1311,1015
607526,1311,1034
607527,1278,1042
607528,1221,1049
607529,1158,1061
607530,1094,1074
607531,1033,1081
607532,982,1081
607533,955,1080
607534,953,1079
607535,968,1070
607536,982,1056
607537,984,1045
607538,983,1037
607539,977,1036
607540,973,1039
607541,971,1041
607542,972,1044
607543,972,1041
607544,964,1039
607545,962,1040
607546,960,1043
607547,963,1044
607548,970,1043
607549,967,1041
607550,962,1042
607551,954,1044
607552,957,1048
607553,959,1051
607554,962,1050
607555,961,1047
607556,957,1045
607557,956,1045
607558,954,1045
607559,959,1049
607560,960,1048
607561,956,1042
607562,954,1042
607563,952,1044
607564,951,1043
607565,955,1047
607566,954,1050
607567,952,1046
607568,954,1044
607569,953,1045
607570,956,1046
607571,958,1047
607572,960,1046
607573,956,1045
607574,954,1042
607575,952,1043
607576,955,1046
607577,954,1044
607578,956,1046
607579,956,1043
607580,953,1039
607581,953,1039
607582,956,1041
607583,958,1043
607584,962,1041
607585,960,1038
607586,960,1032
607587,958,1032
607588,960,1034
607589,963,1036
607590,966,1031
607591,965,1030
607592,964,1028
607593,960,1030
607594,962,1030
607595,964,1031
607596,963,1031
607597,967,1029
607598,964,1030
607599,968,1028
607600,967,1028
607601,970,1031
607602,972,1032
607603,973,1031
607604,972,1027
607605,972,1027
607606,971,1028
607607,973,1029
607608,975,1025
607609,975,1020
607610,972,1019
607611,975,1016
607612,974,1019
607613,976,1020
607614,978,1016
607615,976,1013
607616,980,1012
607617,978,1011
607618,979,1017
607619,985,1019
607620,987,1015
607621,982,1011
607622,980,1008
607623,981,1008
607624,983,1012
607625,992,1015
607626,995,1013
607627,996,1013
607628,994,1011
607629,992,1012
607630,995,1014
607631,997,1017
607632,1000,1018
607633,998,1018
607634,993,1018
607635,992,1020
607636,993,1025
607637,993,1031
607638,994,1033
607639,993,1031
607640,989,1029
607641,988,1030
607642,986,1037
607643,987,1041
607644,986,1043
607645,983,1043
607646,983,1040
607647,979,1043
607648,980,1046
607649,979,1047
607650,982,1046
607651,982,1042
607652,979,1045
607653,977,1048
607654,978,1050
607655,980,1050
607656,981,1048
607657,982,1047
607658,979,1046
607659,980,1045
607660,975,1048
607661,977,1054
607662,979,1050
607663,981,1046
607664,981,1043
607665,976,1042
607666,974,1043
607667,980,1050
607668,984,1048
607669,981,1047
607670,980,1045
607671,980,1045
607672,977,1047
607673,980,1051
607674,980,1049
607675,978,1044
607676,975,1043
607677,976,1041
607678,978,1043
607679,981,1043
607680,986,1044
607681,981,1040
607682,978,1036
607683,977,1037
607684,976,1040
607685,979,1042
607686,979,1043
607687,981,1043
607688,980,1038
607689,978,1040
607690,979,1042
607691,982,1046
607692,983,1045
607693,983,1046
607694,980,1045
607695,977,1044
607696,975,1047
607697,976,1050
607698,980,1047
607699,980,1046
607700,976,1041
607701,974,1045
607702,975,1045
607703,979,1049
607704,983,1048
607705,981,1048
607706,980,1044
607707,975,1046
607708,977,1047
607709,978,1050
607710,983,1051
607711,983,1049
607712,979,1047
607713,979,1050
607714,982,1052
607715,984,1054
607716,983,1052
607717,987,1050
607718,979,1047
607719,973,1047
607720,976,1051
607721,977,1051
607722,981,1049
607723,980,1046
607724,976,1043
607725,969,1043
607726,971,1046
607727,974,1049
607728,978,1044
607729,976,1045
607730,975,1043
607731,972,1042
607732,971,1043
607733,974,1048
607734,974,1046
607735,975,1048
607736,972,1047
607737,970,1047
607738,972,1051
607739,972,1054
607740,976,1054
607741,975,1053
607742,971,1049
607743,970,1051
607744,973,1054
607745,978,1055
607746,983,1051
607747,983,1049
607748,980,1045
607749,980,1047
607750,981,1048
607751,981,1050
607752,984,1047
607753,989,1041
607754,996,1035
607755,1004,1033
607756,1023,1030
607757,1045,1028
607758,1076,1021
607759,1112,1009
607760,1151,995
607761,1195,989
607762,1243,990
607763,1289,1001
607764,1325,1019
607765,1332,1036
607766,1301,1043
607767,1242,1047
607768,1174,1058
607769,1107,1073
607770,1044,1086
607771,987,1091
607772,957,1088
607773,950,1085
607774,963,1076
607775,977,1069
607776,985,1056
607777,986,1050
607778,977,1045
607779,973,1043
607780,970,1043
607781,964,1049
607782,964,1052
607783,959,1053
607784,954,1050
607785,954,1055
607786,958,1057
607787,961,1059
607788,962,1058
607789,957,1056
607790,949,1056
607791,947,1056
607792,951,1061
607793,954,1059
607794,954,1056
607795,953,1053
607796,953,1048
607797,951,1047
607798,951,1049
607799,954,1050
607800,954,1053
607801,954,1049
607802,952,1046
607803,953,1048
607804,955,1050
607805,954,1051
607806,955,1048
607807,953,1049
607808,948,1046
607809,950,1048
607810,954,1049
607811,957,1048
607812,959,1047
607813,958,1047
607814,957,1045
607815,954,1045
607816,955,1047
607817,955,1051
607818,955,1051
607819,954,1047
607820,952,1043
607821,954,1038
607822,956,1042
607823,956,1045
607824,958,1044
607825,959,1041
607826,958,1036
607827,956,1037
607828,958,1041
607829,957,1046
607830,958,1044
607831,961,1041
607832,955,1038
607833,952,1034
607834,949,1035
607835,952,1036
607836,954,1033
607837,953,1029
607838,952,1029
607839,949,1030
607840,951,1032
607841,956,1031
607842,963,1028
607843,960,1024
607844,960,1019
607845,958,1020
607846,961,1020
607847,964,1022
607848,965,1021
607849,967,1020
607850,968,1014
607851,970,1015
607852,968,1015
607853,968,1017
607854,969,1017
607855,967,1014
607856,965,1009
607857,967,1009
607858,972,1010
607859,978,1011
607860,985,1009
607861,984,1007
607862,985,1002
607863,987,1003
607864,988,1004
607865,985,1007
607866,985,1007
607867,985,1008
607868,985,1005
607869,983,1010
607870,983,1012
607871,987,1022
607872,993,1021
607873,991,1022
607874,990,1020
607875,987,1023
607876,988,1026
607877,986,1030
607878,990,1031
607879,984,1033
607880,979,1033
607881,977,1035
607882,977,1037
607883,978,1044
607884,981,1044
607885,976,1044
607886,975,1040
607887,972,1040
607888,975,1044
607889,972,1048
607890,968,1047
607891,966,1050
607892,965,1050
607893,963,1051
607894,964,1053
607895,964,1057
607896,970,1058
607897,968,1056
607898,966,1053
607899,965,1053
607900,968,1055
607901,973,1056
607902,973,1054
607903,970,1051
607904,962,1050
607905,966,1050
607906,965,1053
607907,970,1053
607908,971,1052
607909,967,1053
607910,967,1050
607911,966,1050
607912,968,1047
607913,968,1049
607914,972,1049
607915,972,1044
607916,970,1044
607917,966,1046
607918,970,1046
607919,969,1049
607920,973,1050
607921,974,1047
607922,971,1044
607923,970,1044
607924,969,1048
607925,971,1050
607926,970,1048
607927,970,1045
607928,965,1045
607929,966,1043
607930,968,1046
607931,972,1048
607932,976,1047
607933,976,1046
607934,971,1044
607935,970,1048
607936,970,1050
607937,971,1053
607938,975,1052
607939,977,1050
607940,977,1044
607941,975,1049
607942,974,1050
607943,974,1053
607944,977,1054
607945,975,1050
607946,974,1046
607947,971,1045
607948,972,1046
607949,971,1051
607950,974,1050
607951,975,1048
607952,973,1045
607953,970,1044
607954,970,1046
607955,971,1047
607956,971,1049
607957,971,1047
607958,970,1045
607959,968,1044
607960,969,1047
607961,970,1050
607962,971,1048
607963,972,1047
607964,967,1044
607965,967,1041
607966,970,1047
607967,974,1051
607968,974,1050
607969,971,1044
607970,963,1042
607971,961,1045
607972,965,1048
607973,967,1051
607974,971,1052
607975,970,1047
607976,969,1042
607977,970,1045
607978,972,1046
607979,975,1050
607980,975,1052
607981,975,1051
607982,973,1051
607983,971,1051
607984,973,1054
607985,977,1056
607986,977,1056
607987,977,1054
607988,974,1049
607989,969,1050
607990,975,1053
607991,976,1056
607992,979,1056
607993,978,1055
607994,977,1051
607995,975,1050
607996,974,1053
607997,978,1057
607998,981,1052
607999,979,1051
608000,976,1044
608001,973,1047
608002,974,1053
608003,979,1053
608004,983,1051
608005,981,1051
608006,978,1048
608007,975,1049
608008,973,1050
608009,975,1053
608010,979,1051
608011,977,1048
608012,974,1048
608013,975,1048
608014,974,1049
608015,977,1049
608016,978,1050
608017,977,1052
608018,972,1051
608019,972,1051
608020,972,1051
608021,974,1055
608022,977,1052
608023,975,1051
608024,974,1044
608025,971,1043
608026,976,1046
608027,975,1048
608028,977,1049
608029,976,1049
608030,972,1047
608031,972,1043
608032,975,1047
608033,976,1048
608034,978,1049
608035,976,1048
608036,974,1045
608037,971,1048
608038,973,1052
608039,979,1054
608040,979,1052
608041,979,1051
608042,976,1048
608043,976,1046
608044,978,1050
608045,982,1052
608046,984,1055
608047,984,1054
608048,980,1052
608049,979,1051
608050,982,1055
608051,984,1055
608052,989,1055
608053,986,1052
608054,984,1052
608055,980,1053
608056,980,1053
608057,985,1055
608058,987,1055
608059,985,1055
608060,982,1051
608061,978,1052
608062,979,1055
608063,984,1055
608064,985,1054
608065,984,1050
608066,980,1047
608067,980,1048
608068,978,1051
608069,981,1055
608070,983,1051
608071,982,1048
608072,980,1043
608073,975,1044
608074,977,1046
608075,977,1050
608076,979,1051
608077,980,1047
608078,979,1047
608079,978,1047
608080,976,1050
608081,978,1053
608082,980,1050
608083,979,1047
608084,980,1045
608085,979,1044
608086,978,1047
608087,980,1048
608088,982,1047
608089,980,1046
608090,978,1043
608091,977,1045
608092,978,1047
608093,981,1050
608094,986,1051
608095,981,1048
608096,979,1045
608097,978,1045
608098,983,1045
608099,986,1048
608100,986,1048
608101,984,1044
608102,978,1042
608103,981,1044
608104,984,1045
608105,982,1050
608106,980,1047
608107,976,1045
608108,974,1047
608109,973,1049
608110,977,1054
608111,978,1053
608112,984,1049
608113,984,1048
608114,982,1049
608115,976,1051
608116,978,1055
608117,983,1056
608118,986,1052
608119,980,1047
608120,977,1042
608121,975,1046
608122,980,1048
608123,982,1048
608124,985,1048
608125,983,1049
608126,977,1045
608127,976,1044
608128,978,1050
608129,981,1054
608130,986,1052
608131,984,1048
608132,981,1045
608133,980,1046
608134,980,1045
608135,982,1048
608136,981,1047
608137,984,1048
608138,979,1045
608139,978,1043
608140,982,1042
608141,984,1042
608142,989,1038
608143,995,1033
608144,998,1028
608145,1005,1027
608146,1020,1028
608147,1039,1023
608148,1067,1012
608149,1096,998
608150,1125,991
608151,1157,989
608152,1190,996
608153,1226,1012
608154,1241,1033
608155,1237,1045
608156,1214,1050
608157,1175,1054
608158,1135,1063
608159,1098,1077
608160,1053,1083
608161,1008,1087
608162,978,1089
608163,959,1086
608164,962,1082
608165,968,1073
608166,973,1059
608167,973,1052
608168,972,1044
608169,969,1042
608170,965,1043
608171,963,1047
608172,964,1045
608173,962,1042
608174,958,1042
608175,958,1044
608176,958,1047
608177,957,1049
608178,956,1045
608179,953,1045
608180,950,1044
608181,949,1042
608182,951,1043
608183,954,1047
608184,958,1046
608185,957,1047
608186,955,1045
608187,955,1046
608188,953,1049
608189,954,1053
608190,956,1052
608191,951,1051
608192,947,1050
608193,946,1048
608194,948,1051
608195,950,1053
608196,954,1054
608197,955,1056
608198,950,1052
608199,949,1048
608200,953,1050
608201,954,1053
608202,955,1054
608203,952,1052
608204,951,1050
608205,946,1051
608206,948,1052
608207,954,1054
608208,964,1050
608209,959,1049
608210,955,1048
608211,949,1046
608212,950,1050
608213,951,1050
608214,956,1045
608215,952,1043
608216,949,1038
608217,945,1037
608218,949,1040
608219,952,1040
608220,958,1041
608221,958,1038
608222,955,1033
608223,957,1032
608224,954,1036
608225,959,1036
608226,963,1033
608227,967,1030
608228,965,1026
608229,965,1026
608230,965,1025
608231,964,1029
608232,968,1026
608233,972,1022
608234,976,1019
608235,975,1017
608236,977,1022
608237,980,1023
608238,980,1020
608239,980,1016
608240,978,1015
608241,977,1018
608242,981,1018
608243,981,1018
608244,985,1017
608245,986,1017
608246,984,1015
608247,986,1019
608248,988,1019
608249,991,1021
608250,994,1017
608251,994,1015
608252,992,1014
608253,990,1018
608254,993,1019
608255,996,1025
608256,995,1025
608257,998,1022
608258,998,1019
608259,999,1021
608260,1002,1023
608261,1008,1026
608262,1010,1023
608263,1010,1021
608264,1005,1021
608265,1003,1020
608266,1004,1026
608267,1007,1029
608268,1008,1028
608269,1008,1026
608270,1004,1025
608271,999,1030
608272,1004,1035
608273,1004,1038
608274,1002,1037
608275,1000,1037
608276,996,1037
608277,991,1040
608278,995,1044
608279,995,1046
608280,995,1048
608281,994,1045
608282,993,1038
608283,992,1038
608284,993,1042
608285,992,1045
608286,993,1045
608287,989,1044
608288,984,1043
608289,984,1045
608290,988,1050
608291,992,1051
608292,990,1050
608293,988,1048
608294,984,1045
608295,982,1046
608296,982,1046
608297,986,1050
608298,992,1051
608299,993,1047
608300,989,1045
608301,983,1044
608302,982,1047
608303,988,1046
608304,989,1046
608305,993,1045
608306,990,1044
608307,984,1043
608308,981,1045
608309,982,1050
608310,987,1047
608311,987,1045
608312,989,1041
608313,986,1043
608314,988,1044
608315,990,1042
608316,993,1043
608317,992,1042
608318,987,1040
608319,987,1041
608320,989,1046
608321,993,1045
608322,997,1045
608323,996,1039
608324,990,1038
608325,983,1040
608326,980,1044
608327,984,1045
608328,990,1044
608329,990,1040
608330,985,1037
608331,986,1038
608332,986,1039
608333,990,1042
608334,992,1040
608335,991,1041
608336,988,1038
608337,988,1040
608338,984,1043
608339,986,1045
608340,989,1043
608341,985,1043
608342,983,1043
608343,982,1042
608344,984,1046
608345,985,1051
608346,989,1050
608347,991,1048
608348,988,1045
608349,988,1046
608350,987,1051
608351,986,1052
608352,990,1050
608353,989,1053
608354,984,1052
608355,982,1050
608356,982,1052
608357,988,1052
608358,990,1049
608359,989,1050
608360,985,1044
608361,982,1046
608362,987,1048
608363,988,1051
608364,991,1052
608365,987,1051
608366,986,1047
608367,983,1047
608368,989,1046
608369,991,1047
608370,993,1048
608371,991,1046
608372,986,1045
608373,986,1046
608374,985,1046
608375,990,1046
608376,991,1042
608377,990,1038
608378,992,1038
608379,989,1035
608380,990,1040
608381,989,1044
608382,989,1042
608383,989,1038
608384,984,1032
608385,988,1029
608386,992,1028
608387,1003,1029
608388,1016,1028
608389,1023,1027
608390,1032,1021
608391,1052,1019
608392,1083,1018
608393,1120,1012
608394,1160,1005
608395,1198,1000
608396,1239,1002
608397,1278,1013
608398,1315,1032
608399,1334,1052
608400,1324,1056
608401,1280,1055
608402,1224,1057
608403,1162,1065
608404,1097,1081
608405,1034,1095
608406,985,1104
608407,957,1106
608408,947,1097
608409,959,1086
608410,969,1071
608411,977,1063
608412,983,1055
608413,986,1045
608414,979,1040
608415,973,1041
608416,972,1044
608417,970,1049
608418,972,1051
608419,966,1048
608420,961,1045
608421,957,1046
608422,959,1050
608423,961,1053
608424,963,1053
608425,963,1049
608426,958,1042
608427,957,1041
608428,958,1041
608429,964,1046
608430,965,1048
608431,961,1042
608432,957,1043
608433,958,1045
608434,958,1050
608435,966,1050
608436,963,1051
608437,961,1049
608438,957,1047
608439,959,1045
608440,961,1050
608441,963,1052
608442,967,1052
608443,963,1051
608444,962,1049
608445,963,1049
608446,965,1048
608447,967,1052
608448,966,1053
608449,968,1048
608450,965,1047
608451,965,1047
608452,968,1047
608453,970,1050
608454,971,1048
608455,970,1047
608456,966,1045
608457,965,1046
608458,967,1046
608459,970,1047
608460,974,1048
608461,976,1043
608462,972,1040
608463,969,1041
608464,972,1042
608465,971,1045
608466,972,1043
608467,969,1037
608468,971,1033
608469,970,1030
608470,973,1027
608471,972,1030
608472,974,1026
608473,976,1020
608474,973,1017
608475,973,1016
608476,974,1014
608477,978,1016
608478,978,1016
608479,976,1012
608480,974,1008
608481,980,1007
608482,982,1010
608483,984,1014
608484,988,1009
608485,987,1005
608486,984,1002
608487,986,1004
608488,985,1003
608489,987,1006
608490,992,1007
608491,993,1001
608492,994,1001
608493,990,1001
608494,993,1001
608495,998,1004
608496,1003,1002
608497,999,998
608498,995,999
608499,994,1002
608500,995,1007
608501,998,1009
608502,1000,1010
608503,1003,1010
608504,1000,1008
608505,998,1010
608506,996,1016
608507,1002,1022
608508,1000,1022
608509,999,1025
608510,994,1026
608511,989,1030
608512,989,1033
608513,996,1039
608514,997,1040
608515,991,1044
608516,986,1044
608517,984,1044
608518,987,1047
608519,986,1052
608520,985,1053
608521,985,1055
608522,986,1054
608523,984,1051
608524,981,1050
608525,981,1055
608526,985,1056
608527,983,1055
608528,980,1052
608529,979,1053
608530,978,1055
608531,978,1058
608532,981,1057
608533,981,1054
608534,978,1050
608535,977,1053
608536,980,1057
608537,982,1060
608538,985,1056
608539,986,1053
608540,982,1052
608541,981,1054
608542,981,1056
608543,982,1055
608544,982,1055
608545,981,1055
608546,980,1052
608547,978,1052
608548,979,1053
608549,980,1058
608550,982,1055
608551,984,1053
608552,984,1050
608553,982,1050
608554,984,1053
608555,985,1056
608556,984,1056
608557,977,1054
608558,973,1048
608559,973,1052
608560,974,1056
608561,977,1057
608562,978,1054
608563,980,1055
608564,976,1055
608565,976,1057
608566,975,1060
608567,980,1063
608568,980,1059
608569,977,1052
608570,976,1046
608571,972,1043
608572,978,1045
608573,979,1049
608574,976,1048
608575,974,1044
608576,971,1039
608577,971,1039
608578,975,1039
608579,979,1044
608580,980,1043
608581,979,1043
608582,973,1041
608583,973,1041
608584,977,1043
608585,982,1046
608586,979,1046
608587,975,1046
608588,973,1044
608589,971,1049
608590,973,1049
608591,976,1050
608592,974,1051
608593,975,1047
608594,970,1046
608595,968,1048
608596,973,1051
608597,975,1053
608598,979,1052
608599,977,1051
608600,977,1050
608601,977,1050
608602,976,1055
608603,978,1057
608604,978,1055
608605,974,1054
608606,970,1052
608607,971,1052
608608,971,1053
608609,974,1059
608610,978,1058
608611,976,1054
608612,976,1054
608613,974,1055
608614,976,1056
608615,981,1059
608616,981,1057
608617,980,1055
608618,980,1053
608619,980,1052
608620,980,1052
608621,984,1055
608622,984,1052
608623,982,1047
608624,981,1039
608625,985,1036
608626,996,1035
608627,1009,1035
608628,1025,1030
608629,1045,1027
608630,1074,1020
608631,1106,1013
608632,1152,1007
608633,1202,1003
608634,1250,1000
608635,1295,1004
608636,1324,1018
608637,1332,1031
608638,1307,1043
608639,1259,1046
608640,1193,1052
608641,1125,1067
608642,1051,1075
608643,991,1084
608644,958,1088
608645,952,1085
608646,962,1076
608647,969,1063
608648,980,1051
608649,976,1045
608650,975,1046
608651,975,1050
608652,974,1048
608653,969,1047
608654,963,1044
608655,962,1048
608656,961,1052
608657,965,1053
608658,967,1053
608659,963,1052
608660,960,1048
608661,958,1050
608662,959,1054
608663,960,1055
608664,962,1052
608665,960,1048
608666,954,1049
608667,954,1050
608668,957,1055
608669,959,1057
608670,960,1053
608671,957,1050
608672,951,1051
608673,953,1050
608674,955,1053
608675,954,1055
608676,959,1053
608677,953,1051
608678,948,1048
608679,947,1050
608680,950,1050
608681,953,1055
608682,953,1054
608683,950,1051
608684,946,1048
608685,943,1050
608686,944,1050
608687,950,1055
608688,950,1055
608689,950,1052
608690,948,1053
608691,946,1053
608692,944,1055
608693,947,1057
608694,950,1057
608695,953,1052
608696,953,1052
608697,953,1054
608698,954,1058
608699,955,1061
608700,960,1058
608701,962,1055
608702,959,1047
608703,956,1043
608704,961,1044
608705,965,1041
608706,964,1038
608707,966,1034
608708,965,1028
608709,967,1025
608710,969,1030
608711,971,1032
608712,973,1031
608713,973,1028
608714,971,1023
608715,973,1024
608716,972,1027
608717,976,1024
608718,981,1024
608719,978,1018
608720,973,1015
608721,974,1017
608722,974,1021
608723,979,1023
608724,981,1019
608725,980,1016
608726,979,1011
608727,981,1013
608728,982,1013
608729,983,1017
608730,987,1018
608731,986,1014
608732,985,1009
608733,986,1013
608734,989,1016
608735,991,1019
608736,990,1021
608737,988,1019
608738,986,1019
608739,987,1020
608740,992,1025
608741,993,1028
608742,993,1029
608743,990,1029
608744,987,1031
608745,986,1039
608746,990,1041
608747,992,1049
608748,991,1049
608749,988,1049
608750,987,1048
608751,983,1048
608752,983,1050
608753,985,1053
608754,987,1050
608755,987,1049
608756,982,1045
608757,979,1046
608758,976,1049
608759,979,1053
608760,977,1051
608761,979,1049
608762,974,1045
608763,971,1047
608764,974,1050
608765,978,1053
608766,980,1053
608767,981,1052
608768,975,1049
608769,972,1051
608770,973,1053
608771,977,1057
608772,978,1054
608773,977,1052
608774,974,1051
608775,971,1051
608776,970,1054
608777,970,1055
608778,970,1056
608779,973,1049
608780,970,1049
608781,967,1053
608782,969,1054
608783,971,1058
608784,974,1057
608785,973,1057
608786,973,1055
608787,974,1054
608788,973,1055
608789,973,1057
608790,975,1057
608791,977,1054
608792,972,1053
608793,975,1054
608794,973,1052
608795,979,1055
608796,981,1054
608797,980,1050
608798,978,1052
608799,976,1051
608800,979,1058
608801,981,1056
608802,982,1054
608803,982,1051
608804,978,1049
608805,977,1048
608806,977,1049
608807,980,1051
608808,984,1050
608809,982,1052
608810,979,1048
608811,979,1048
608812,976,1049
608813,978,1051
608814,981,1049
608815,981,1047
608816,978,1046
608817,977,1049
608818,975,1051
608819,975,1054
608820,976,1052
608821,974,1047
608822,971,1046
608823,967,1049
608824,970,1052
608825,968,1056
608826,973,1056
608827,970,1057
608828,967,1053
608829,968,1051
608830,970,1058
608831,973,1061
608832,973,1060
608833,972,1059
608834,970,1057
608835,970,1059
608836,972,1063
608837,975,1064
608838,976,1059
608839,975,1052
608840,970,1050
608841,967,1051
608842,967,1053
608843,971,1057
608844,973,1054
608845,973,1052
608846,972,1049
608847,971,1049
608848,971,1053
608849,973,1056
608850,974,1054
608851,978,1050
608852,977,1051
608853,974,1050
608854,975,1052
608855,981,1053
608856,982,1051
608857,982,1050
608858,977,1046
608859,978,1046
608860,979,1049
608861,981,1049
608862,984,1048
608863,983,1045
608864,979,1042
608865,976,1043
608866,976,1049
608867,984,1048
608868,984,1050
608869,983,1049
608870,978,1045
608871,977,1044
608872,978,1043
608873,985,1043
608874,992,1040
608875,1003,1033
608876,1014,1029
608877,1030,1027
608878,1050,1027
608879,1086,1023
608880,1124,1015
608881,1162,1005
608882,1203,999
608883,1243,1001
608884,1289,1012
608885,1316,1028
608886,1317,1043
608887,1285,1042
608888,1231,1043
608889,1163,1053
608890,1096,1069
608891,1033,1083
608892,982,1086
608893,951,1084
608894,948,1080
608895,958,1072
608896,971,1064
608897,980,1055
608898,983,1050
608899,975,1047
608900,967,1048
608901,967,1048
608902,967,1047
608903,969,1055
608904,967,1054
608905,962,1052
608906,958,1051
608907,959,1050
608908,960,1048
608909,961,1051
608910,957,1053
608911,953,1053
608912,950,1052
608913,947,1052
608914,951,1056
608915,952,1055
608916,955,1055
608917,952,1052
608918,949,1051
608919,947,1050
608920,945,1053
608921,950,1056
608922,951,1055
608923,949,1053
608924,948,1052
608925,951,1055
608926,948,1057
608927,947,1058
608928,945,1056
608929,942,1057
608930,939,1056
608931,939,1058
608932,943,1059
608933,945,1059
608934,947,1057
608935,946,1054
608936,944,1051
608937,945,1049
608938,951,1051
608939,950,1052
608940,944,1052
608941,941,1053
608942,942,1050
608943,942,1047
608944,946,1049
608945,948,1051
608946,949,1050
608947,946,1047
608948,945,1044
608949,940,1044
608950,940,1048
608951,946,1052
608952,950,1046
608953,949,1043
608954,946,1037
608955,946,1035
608956,945,1038
608957,949,1038
608958,953,1035
608959,951,1030
608960,950,1028
608961,948,1026
608962,950,1027
608963,953,1031
608964,956,1027
608965,958,1026
608966,954,1022
608967,949,1026
608968,952,1028
608969,954,1030
608970,956,1029
608971,955,1024
608972,955,1018
608973,956,1013
608974,964,1014
608975,970,1014
608976,974,1013
608977,973,1010
608978,970,1006
608979,974,1004
608980,977,1007
608981,980,1012
608982,981,1011
608983,979,1007
608984,978,1011
608985,982,1012
608986,985,1016
608987,986,1018
608988,991,1017
608989,989,1014
608990,989,1017
608991,981,1016
608992,985,1024
608993,985,1026
608994,989,1030
608995,988,1029
608996,985,1032
608997,979,1033
608998,981,1038
608999,983,1042
609000,981,1043
609001,977,1043
609002,972,1041
609003,967,1043
609004,969,1046
609005,972,1052
609006,974,1050
609007,967,1050
609008,964,1047
609009,968,1048
609010,969,1051
609011,970,1055
609012,966,1057
609013,967,1060
609014,964,1056
609015,962,1058
609016,965,1057
609017,965,1060
609018,967,1057
609019,964,1051
609020,965,1049
609021,961,1049
609022,963,1053
609023,968,1054
609024,969,1051
609025,971,1050
609026,966,1045
609027,966,1047
609028,970,1048
609029,972,1048
609030,973,1048
609031,969,1047
609032,967,1044
609033,968,1048
609034,972,1050
609035,977,1051
609036,975,1051
609037,971,1047
609038,969,1044
609039,972,1046
609040,978,1046
609041,982,1048
609042,982,1046
609043,975,1045
609044,968,1045
609045,966,1046
609046,970,1047
609047,975,1051
609048,975,1047
609049,972,1045
609050,969,1044
609051,971,1041
609052,973,1045
609053,977,1047
609054,979,1048
609055,978,1046
609056,972,1043
609057,971,1044
609058,965,1050
609059,971,1054
609060,973,1053
609061,972,1052
609062,971,1050
609063,967,1053
609064,969,1056
609065,974,1062
609066,971,1062
609067,970,1059
609068,971,1056
609069,973,1053
609070,981,1054
609071,981,1054
609072,978,1050
609073,974,1045
609074,974,1041
609075,972,1043
609076,973,1046
609077,978,1052
609078,979,1048
609079,978,1046
609080,974,1042
609081,976,1044
609082,978,1046
609083,980,1050
609084,982,1048
609085,979,1047
609086,976,1043
609087,972,1044
609088,973,1047
609089,975,1051
609090,977,1049
609091,973,1052
609092,975,1049
609093,975,1046
609094,979,1051
609095,978,1051
609096,981,1047
609097,977,1047
609098,976,1045
609099,979,1045
609100,981,1048
609101,981,1049
609102,984,1047
609103,981,1044
609104,977,1042
609105,976,1046
609106,979,1051
609107,978,1050
609108,983,1049
609109,981,1047
609110,977,1045
609111,972,1047
609112,974,1048
609113,977,1049
609114,978,1048
609115,977,1046
609116,976,1045
609117,976,1048
609118,980,1049
609119,978,1053
609120,978,1053
609121,975,1056
609122,975,1054
609123,977,1055
609124,980,1056
609125,978,1062
609126,977,1062
609127,977,1060
609128,976,1054
609129,974,1053
609130,973,1055
609131,979,1057
609132,978,1052
609133,976,1049
609134,972,1045
609135,970,1045
609136,971,1048
609137,973,1051
609138,971,1052
609139,970,1048
609140,969,1046
609141,971,1044
609142,972,1047
609143,977,1048
609144,975,1047
609145,975,1048
609146,971,1047
609147,972,1049
609148,971,1048
609149,973,1052
609150,978,1049
609151,975,1045
609152,971,1045
609153,968,1047
609154,970,1048
609155,972,1053
609156,974,1052
609157,972,1049
609158,970,1046
609159,968,1049
609160,972,1051
609161,970,1054
609162,969,1054
609163,969,1049
609164,972,1048
609165,970,1047
609166,971,1049
609167,971,1052
609168,973,1050
609169,976,1048
609170,975,1046
609171,973,1045
609172,970,1043
609173,972,1047
609174,976,1048
609175,973,1043
609176,972,1041
609177,969,1043
609178,969,1044
609179,975,1045
609180,973,1044
609181,973,1040
609182,972,1040
609183,970,1037
609184,975,1038
609185,976,1037
609186,984,1032
609187,990,1030
609188,998,1027
609189,1013,1024
609190,1033,1026
609191,1063,1024
609192,1095,1017
609193,1132,1000
609194,1172,989
609195,1217,989
609196,1264,999
609197,1303,1016
609198,1322,1035
609199,1308,1043
609200,1264,1043
609201,1200,1051
609202,1142,1068
609203,1079,1083
609204,1026,1086
609205,984,1091
609206,969,1089
609207,975,1080
609208,986,1068
609209,992,1061
609210,994,1052
609211,993,1049
609212,987,1046
609213,983,1045
609214,979,1048
609215,975,1050
609216,972,1049
609217,967,1049
609218,962,1044
609219,959,1046
609220,961,1050
609221,962,1055
609222,962,1050
609223,959,1047
609224,957,1043
609225,956,1045
609226,957,1048
609227,958,1051
609228,958,1048
609229,953,1046
609230,948,1045
609231,953,1046
609232,949,1046
609233,951,1050
609234,947,1048
609235,949,1042
609236,947,1037
609237,946,1039
609238,947,1042
609239,949,1046
609240,948,1045
609241,948,1045
609242,948,1042
609243,949,1042
609244,953,1045
609245,956,1048
609246,956,1048
609247,957,1045
609248,957,1044
609249,956,1045
609250,957,1045
609251,962,1048
609252,963,1045
609253,963,1044
609254,961,1038
609255,960,1039
609256,960,1043
609257,965,1045
609258,969,1042
609259,965,1037
609260,961,1035
609261,961,1036
609262,963,1036
609263,969,1039
609264,967,1037
609265,964,1034
609266,963,1033
609267,965,1031
609268,970,1032
609269,971,1035
609270,971,1032
609271,971,1025
609272,970,1024
609273,970,1023
609274,969,1026
609275,975,1026
609276,976,1024
609277,978,1023
609278,976,1021
609279,975,1020
609280,977,1025
609281,982,1027
609282,980,1023
609283,978,1018
609284,976,1011
609285,979,1013
609286,978,1015
609287,982,1014
609288,983,1014
609289,978,1011
609290,977,1008
609291,980,1008
609292,982,1010
609293,988,1013
609294,992,1012
609295,994,1011
609296,994,1011
609297,994,1011
609298,1000,1014
609299,1002,1017
609300,1005,1015
609301,1004,1017
609302,1003,1015
609303,1001,1018
609304,1005,1022
609305,1007,1022
609306,1008,1025
609307,1006,1022
609308,1004,1025
609309,1001,1028
609310,1005,1029
609311,1008,1034
609312,1006,1034
609313,1002,1035
609314,997,1036
609315,997,1038
609316,999,1042
609317,1000,1045
609318,997,1045
609319,994,1045
609320,989,1044
609321,989,1044
609322,991,1045
609323,994,1047
609324,993,1047
609325,991,1048
609326,989,1048
609327,989,1051
609328,986,1054
609329,986,1057
609330,987,1057
609331,987,1056
609332,986,1052
609333,983,1052
609334,981,1052
609335,987,1054
609336,988,1053
609337,982,1049
609338,980,1047
609339,977,1049
609340,978,1048
609341,979,1052
609342,979,1050
609343,981,1048
609344,980,1045
609345,981,1044
609346,985,1047
609347,987,1052
609348,988,1053
609349,985,1048
609350,979,1049
609351,981,1046
609352,985,1048
609353,992,1049
609354,995,1049
609355,992,1047
609356,984,1044
609357,984,1046
609358,990,1049
609359,994,1049
609360,993,1050
609361,988,1048
609362,987,1047
609363,984,1048
609364,990,1047
609365,992,1050
609366,994,1047
609367,990,1047
609368,981,1045
609369,982,1046
609370,984,1050
609371,987,1053
609372,989,1054
609373,987,1049
609374,986,1044
609375,982,1044
609376,983,1050
609377,986,1055
609378,988,1054
609379,988,1047
609380,985,1043
609381,983,1046
609382,983,1052
609383,983,1058
609384,985,1057
609385,985,1054
609386,982,1050
609387,979,1053
609388,980,1054
609389,984,1055
609390,987,1050
609391,984,1042
609392,982,1040
609393,982,1043
609394,983,1042
609395,988,1045
609396,986,1044
609397,982,1043
609398,980,1044
609399,978,1045
609400,981,1046
609401,989,1050
609402,990,1049
609403,990,1048
609404,985,1047
609405,982,1048
609406,986,1049
609407,990,1052
609408,990,1049
609409,982,1047
609410,976,1044
609411,976,1048
609412,981,1050
609413,986,1054
609414,987,1051
609415,984,1050
609416,983,1049
609417,984,1051
609418,984,1054
609419,989,1055
609420,990,1056
609421,987,1055
609422,984,1052
609423,982,1053
609424,984,1056
609425,988,1059
609426,987,1058
609427,987,1055
609428,982,1054
609429,985,1055
609430,982,1057
609431,978,1061
609432,978,1061
609433,981,1057
609434,978,1054
609435,982,1057
609436,985,1059
609437,988,1059
609438,990,1053
609439,988,1050
609440,978,1047
609441,979,1048
609442,983,1051
609443,985,1050
609444,984,1048
609445,978,1045
609446,978,1044
609447,981,1044
609448,981,1045
609449,989,1052
609450,990,1051
609451,988,1048
609452,987,1045
609453,988,1047
609454,992,1051
609455,992,1054
609456,992,1051
609457,989,1045
609458,987,1044
609459,987,1047
609460,988,1049
609461,994,1052
609462,998,1052
609463,991,1050
609464,988,1048
609465,989,1045
609466,996,1045
609467,1008,1042
609468,1022,1040
609469,1034,1033
609470,1051,1029
609471,1073,1025
609472,1108,1021
609473,1152,1009
609474,1196,1001
609475,1243,999
609476,1289,1005
609477,1321,1029
609478,1334,1051
609479,1311,1063
609480,1257,1064
609481,1187,1070
609482,1116,1079
609483,1050,1089
609484,995,1091
609485,973,1094
609486,972,1086
609487,985,1073
609488,994,1061
609489,997,1045
609490,996,1042
609491,992,1044
609492,990,1047
609493,986,1045
609494,982,1043
609495,978,1041
609496,979,1042
609497,979,1047
609498,980,1046
609499,978,1045
609500,974,1045
609501,974,1046
609502,977,1050
609503,978,1051
609504,981,1050
609505,981,1047
609506,975,1045
609507,975,1048
609508,978,1052
609509,979,1054
609510,979,1053
609511,977,1047
609512,974,1047
609513,972,1050
609514,973,1056
609515,976,1059
609516,977,1058
609517,974,1054
609518,970,1054
609519,969,1055
609520,971,1057
609521,978,1060
609522,975,1059
609523,973,1058
609524,968,1058
609525,969,1061
609526,969,1063
609527,971,1064
609528,972,1058
609529,971,1056
609530,967,1051
609531,965,1047
609532,968,1046
609533,968,1046
609534,968,1043
609535,967,1040
609536,967,1036
609537,967,1036
609538,970,1039
609539,971,1037
609540,978,1033
609541,974,1032
609542,970,1027
609543,968,1029
609544,969,1031
609545,973,1034
609546,981,1032
609547,981,1027
609548,982,1022
609549,983,1022
609550,987,1024
609551,987,1025
609552,987,1022
609553,991,1018
609554,991,1012
609555,994,1015
609556,997,1018
609557,1003,1018
609558,997,1016
609559,991,1014
609560,993,1011
609561,995,1012
609562,1000,1015
609563,1004,1017
609564,1004,1016
609565,1006,1014
609566,1002,1009
609567,1002,1010
609568,1006,1013
609569,1007,1018
609570,1005,1018
609571,1006,1019
609572,1009,1018
609573,1008,1021
609574,1008,1026
609575,1008,1029
609576,1008,1031
609577,1005,1031
609578,1005,1030
609579,1002,1026
609580,1002,1028
609581,1002,1029
609582,1003,1027
609583,1000,1027
609584,998,1026
609585,996,1032
609586,998,1039
609587,996,1041
609588,994,1041
609589,993,1041
609590,987,1040
609591,989,1042
609592,987,1047
609593,988,1050
609594,992,1051
609595,988,1049
609596,986,1044
609597,984,1048
609598,987,1050
609599,990,1053
609600,992,1052
609601,988,1051
609602,988,1047
609603,986,1049
609604,989,1053
609605,989,1052
609606,992,1051
609607,992,1051
609608,989,1050
609609,987,1049
609610,987,1051
609611,989,1052
609612,991,1051
609613,990,1055
609614,988,1055
609615,989,1054
609616,990,1058
609617,993,1060
609618,994,1059
609619,991,1055
609620,986,1053
609621,984,1052
609622,983,1056
609623,987,1059
609624,985,1056
609625,981,1053
609626,981,1047
609627,981,1046
609628,982,1046
609629,982,1046
609630,980,1045
609631,980,1043
609632,980,1042
609633,978,1043
609634,982,1043
609635,985,1043
609636,986,1044
609637,984,1040
609638,978,1039
609639,980,1040
609640,981,1045
609641,981,1043
609642,982,1044
609643,980,1042
609644,978,1043
609645,976,1045
609646,979,1044
609647,985,1043
609648,987,1043
609649,986,1041
609650,987,1041
609651,985,1041
609652,988,1046
609653,990,1048
609654,990,1051
609655,988,1045
609656,987,1046
609657,982,1049
609658,985,1053
609659,984,1055
609660,986,1057
609661,987,1058
609662,984,1057
609663,986,1059
609664,983,1064
609665,990,1065
609666,991,1064
609667,992,1061
609668,990,1054
609669,987,1052
609670,991,1055
609671,993,1056
609672,994,1054
609673,992,1050
609674,989,1049
609675,990,1049
609676,992,1052
609677,994,1051
609678,995,1049
609679,993,1050
609680,990,1047
609681,992,1047
609682,991,1048
609683,993,1052
609684,995,1051
609685,992,1049
609686,989,1043
609687,990,1046
609688,995,1047
609689,996,1051
609690,997,1049
609691,994,1046
609692,992,1043
609693,990,1045
609694,993,1049
609695,997,1050
609696,1000,1050
609697,996,1046
609698,994,1044
609699,993,1047
609700,995,1049
609701,999,1051
609702,999,1052
609703,1000,1050
609704,998,1048
609705,998,1051
609706,999,1050
609707,1001,1057
609708,1005,1055
609709,1001,1050
609710,1000,1050
609711,1001,1048
609712,1004,1053
609713,1011,1054
609714,1017,1050
609715,1024,1043
609716,1028,1039
609717,1042,1033
609718,1062,1025
609719,1084,1014
609720,1106,1000
609721,1126,993
609722,1149,986
609723,1172,997
609724,1190,1018
609725,1197,1037
609726,1177,1042
609727,1147,1047
609728,1111,1056
609729,1069,1071
609730,1029,1085
609731,1005,1089
609732,992,1088
609733,991,1077
609734,996,1061
609735,1001,1052
609736,1003,1049
609737,1006,1049
609738,1002,1045
609739,999,1045
609740,995,1045
609741,992,1049
609742,993,1049
609743,996,1050
609744,996,1052
609745,993,1049
609746,989,1046
609747,988,1048
609748,991,1054
609749,993,1055
609750,995,1055
609751,992,1052
609752,989,1050
609753,987,1055
609754,988,1061
609755,990,1062
609756,992,1061
609757,990,1056
609758,987,1057
609759,989,1060
609760,992,1065
609761,991,1067
609762,992,1067
609763,990,1065
609764,987,1060
609765,989,1059
609766,992,1062
609767,995,1060
609768,995,1060
609769,994,1055
609770,992,1053
609771,993,1052
609772,995,1054
609773,996,1053
609774,1000,1051
609775,998,1051
609776,995,1048
609777,995,1049
609778,994,1050
609779,995,1052
609780,996,1048
609781,998,1043
609782,993,1040
609783,996,1041
609784,995,1042
609785,999,1046
609786,997,1042
609787,997,1038
609788,994,1035
609789,995,1038
609790,999,1039
609791,1000,1042
609792,1003,1037
609793,1000,1035
609794,996,1035
609795,996,1037
609796,999,1033
609797,1003,1036
609798,1004,1035
609799,1005,1033
609800,1003,1030
609801,1004,1030
609802,1002,1031
609803,1004,1033
609804,1005,1032
609805,1006,1029
609806,1003,1024
609807,999,1025
609808,1005,1026
609809,1007,1027
609810,1008,1026
609811,1005,1023
609812,1004,1020
609813,1006,1016
609814,1008,1016
609815,1012,1019
609816,1011,1016
609817,1008,1011
609818,1004,1011
609819,1008,1013
609820,1009,1016
609821,1013,1019
609822,1015,1018
609823,1013,1016
609824,1011,1015
609825,1012,1015
609826,1015,1018
609827,1017,1023
609828,1016,1025
609829,1015,1025
609830,1013,1023
609831,1011,1025
609832,1014,1028
609833,1015,1030
609834,1015,1031
609835,1012,1034
609836,1009,1033
609837,1007,1038
609838,1007,1045
609839,1009,1045
609840,1007,1046
609841,1004,1048
609842,1001,1046
609843,1000,1048
609844,1001,1052
609845,1005,1057
609846,1002,1056
609847,998,1056
609848,997,1055
609849,997,1057
609850,998,1059
609851,1000,1062
609852,1001,1060
609853,998,1057
609854,996,1056
609855,995,1059
609856,994,1063
609857,999,1062
609858,1002,1057
609859,1002,1054
609860,999,1051
609861,999,1052
609862,1002,1052
609863,1007,1055
609864,1007,1055
609865,1005,1054
609866,1006,1053
609867,1008,1053
609868,1014,1054
609869,1018,1058
609870,1023,1059
609871,1023,1058
609872,1021,1057
609873,1023,1060
609874,1032,1059
609875,1045,1052
609876,1053,1033
609877,1062,1012
609878,1068,992
609879,1078,977
609880,1092,966
609881,1108,948
609882,1124,929
609883,1131,908
609884,1141,878
609885,1161,853
609886,1177,838
609887,1190,825
609888,1202,810
609889,1210,799
609890,1210,792
609891,1213,788
609892,1215,789
609893,1214,789
609894,1207,791
609895,1196,791
609896,1185,789
609897,1170,794
609898,1153,803
609899,1137,817
609900,1117,829
609901,1094,843
609902,1072,857
609903,1055,872
609904,1048,892
609905,1047,912
609906,1047,929
609907,1045,938
609908,1040,946
609909,1039,955
609910,1044,972
609911,1059,982
609912,1073,987
609913,1092,989
609914,1101,992
609915,1092,1002
609916,1068,1013
609917,1032,1030
609918,997,1041
609919,972,1054
609920,955,1070
609921,945,1090
609922,943,1101
609923,938,1107
609924,937,1107
609925,930,1104
609926,926,1104
609927,919,1107
609928,917,1110
609929,917,1117
609930,915,1119
609931,911,1120
609932,910,1120
609933,909,1120
609934,910,1127
609935,909,1125
609936,910,1124
609937,908,1124
609938,904,1120
609939,904,1124
609940,903,1129
609941,901,1135
609942,900,1136
609943,896,1136
609944,892,1137
609945,889,1145
609946,896,1150
609947,899,1156
609948,899,1158
609949,895,1160
609950,890,1164
609951,887,1168
609952,891,1172
609953,894,1180
609954,899,1182
609955,894,1180
609956,890,1180
609957,890,1186
609958,894,1192
609959,900,1193
609960,901,1194
609961,899,1194
609962,895,1197
609963,894,1200
609964,897,1205
609965,901,1208
609966,903,1207
609967,905,1208
609968,901,1205
609969,905,1211
609970,907,1216
609971,911,1217
609972,913,1213
609973,912,1211
609974,910,1207
609975,913,1204
609976,914,1204
609977,922,1205
609978,920,1201
609979,918,1195
609980,919,1187
609981,924,1183
609982,932,1182
609983,937,1180
609984,938,1174
609985,937,1166
609986,939,1159
609987,941,1156
609988,944,1155
609989,952,1155
609990,957,1150
609991,959,1142
609992,963,1134
609993,963,1131
609994,967,1129
609995,972,1128
609996,970,1126
609997,974,1119
609998,972,1111
609999,975,1105
610000,977,1104
610001,980,1102
610002,980,1096
610003,978,1091
610004,976,1085
610005,979,1083
610006,983,1081
610007,986,1082
610008,989,1080
610009,984,1074
610010,983,1071
610011,985,1070
610012,990,1070
610013,987,1070
610014,990,1065
610015,989,1062
610016,988,1056
610017,988,1057
610018,992,1056
610019,993,1056
610020,992,1053
610021,990,1049
610022,990,1046
610023,989,1045
610024,987,1047
610025,989,1050
610026,990,1047
610027,988,1041
610028,988,1039
610029,990,1040
610030,989,1043
610031,991,1046
610032,991,1045
610033,991,1045
610034,992,1042
610035,995,1044
610036,997,1049
610037,997,1052
610038,999,1052
610039,993,1047
610040,995,1046
610041,997,1045
610042,998,1049
610043,998,1049
610044,1000,1048
610045,999,1046
610046,997,1043
610047,995,1044
610048,994,1046
610049,995,1050
610050,998,1048
610051,999,1048
610052,998,1042
610053,994,1043
610054,993,1047
610055,992,1049
610056,994,1048
610057,998,1045
610058,997,1043
610059,997,1044
610060,997,1045
610061,1002,1047
610062,998,1042
610063,1000,1039
610064,994,1037
610065,994,1038
610066,997,1044
610067,1000,1044
610068,999,1042
610069,996,1037
610070,994,1034
610071,994,1035
610072,996,1037
610073,995,1040
610074,996,1039
610075,992,1038
610076,988,1038
610077,985,1038
610078,990,1042
610079,994,1043
610080,996,1042
610081,994,1036
610082,990,1035
610083,988,1038
610084,994,1040
610085,997,1042
610086,997,1039
610087,993,1037
610088,990,1036
610089,992,1039
610090,995,1041
610091,1000,1048
610092,1002,1045
610093,1000,1044
610094,997,1041
610095,994,1041
610096,992,1048
610097,995,1048
610098,997,1043
610099,997,1040
610100,990,1039
610101,994,1040
610102,996,1043
610103,997,1045
610104,1001,1044
610105,995,1041
610106,996,1039
610107,995,1039
610108,996,1041
610109,1001,1041
610110,1000,1039
610111,998,1035
610112,995,1036
610113,995,1038
610114,1000,1039
610115,1005,1039
610116,1003,1041
610117,998,1037
610118,990,1035
610119,989,1038
610120,993,1041
610121,998,1045
610122,999,1041
610123,993,1039
610124,992,1037
610125,998,1040
610126,1000,1040
610127,1000,1042
610128,1000,1044
610129,1001,1041
610130,1000,1039
610131,1000,1040
610132,1001,1039
610133,1003,1044
610134,1002,1042
610135,1002,1039
610136,996,1038
610137,998,1040
610138,1004,1044
610139,1005,1044
610140,1005,1043
610141,1003,1037
610142,999,1037
610143,1000,1037
610144,1003,1040
610145,1005,1043
610146,1005,1042
610147,1003,1037
610148,999,1035
610149,998,1037
610150,1001,1040
610151,1004,1041
610152,1003,1040
610153,1002,1040
610154,998,1039
610155,997,1038
610156,1003,1041
610157,1004,1043
610158,1005,1041
610159,1002,1038
610160,1001,1037
610161,1003,1040
610162,1003,1040
610163,1004,1039
610164,1001,1039
610165,1002,1038
610166,999,1035
610167,1001,1036
610168,1002,1039
610169,1007,1041
610170,1006,1041
610171,1003,1034
610172,1001,1032
610173,999,1036
610174,999,1039
610175,1000,1041
610176,1006,1039
610177,1003,1036
610178,998,1035
610179,1000,1036
610180,1004,1041
610181,1006,1043
610182,1002,1040
610183,1000,1036
610184,997,1034
610185,1003,1034
610186,1003,1037
610187,1005,1037
610188,1005,1033
610189,1001,1034
610190,996,1033
610191,994,1035
610192,1000,1037
610193,1006,1038
610194,1007,1038
610195,1008,1033
610196,1001,1035
610197,1002,1037
610198,1005,1038
610199,1011,1042
610200,1013,1039
610201,1015,1038
610202,1010,1036
610203,1011,1035
610204,1014,1038
610205,1013,1040
610206,1013,1039
610207,1007,1037
610208,1008,1038
610209,1009,1040
610210,1014,1042
610211,1016,1047
610212,1012,1045
610213,1011,1041
610214,1008,1039
610215,1008,1041
610216,1010,1038
610217,1013,1041
610218,1012,1039
610219,1012,1032
610220,1010,1032
610221,1011,1032
610222,1011,1031
610223,1014,1028
610224,1013,1027
610225,1009,1023
610226,1006,1024
610227,1004,1027
610228,1007,1027
610229,1011,1027
610230,1013,1022
610231,1015,1015
610232,1018,1010
610233,1024,1012
610234,1037,1011
610235,1056,1011
610236,1076,1004
610237,1099,995
610238,1130,984
610239,1169,975
610240,1210,970
610241,1258,974
610242,1304,981
610243,1340,999
610244,1350,1020
610245,1329,1035
610246,1281,1038
610247,1224,1044
610248,1163,1057
610249,1102,1071
610250,1045,1078
610251,1005,1085
610252,990,1089
610253,996,1085
610254,1012,1072
610255,1021,1056
610256,1021,1046
610257,1017,1043
610258,1015,1043
610259,1017,1046
610260,1015,1043
610261,1008,1039
610262,1001,1036
610263,999,1038
610264,1001,1040
610265,1004,1040
610266,1003,1040
610267,1003,1037
610268,997,1036
610269,998,1037
610270,1000,1038
610271,1002,1041
610272,999,1039
610273,999,1035
610274,993,1032
610275,992,1029
610276,991,1035
610277,993,1038
610278,995,1037
610279,991,1033
610280,988,1033
610281,986,1032
610282,990,1033
610283,994,1037
610284,996,1035
610285,995,1035
610286,992,1034
610287,989,1033
610288,990,1038
610289,987,1038
610290,990,1035
610291,990,1034
610292,988,1031
610293,987,1034
610294,991,1035
610295,993,1036
610296,994,1035
610297,991,1033
610298,991,1031
610299,991,1033
610300,993,1032
610301,996,1034
610302,996,1030
610303,997,1031
610304,995,1030
610305,993,1030
610306,999,1030
610307,1003,1031
610308,1003,1028
610309,1001,1025
610310,999,1021
610311,999,1021
610312,1005,1025
610313,1007,1025
610314,1005,1022
610315,1002,1019
610316,1002,1012
610317,1005,1016
610318,1006,1018
610319,1010,1018
610320,1008,1020
610321,1007,1015
610322,1008,1014
610323,1009,1014
610324,1011,1017
610325,1016,1016
610326,1014,1013
610327,1013,1007
610328,1014,1006
610329,1015,1005
610330,1018,1008
610331,1022,1009
610332,1020,1006
610333,1022,1000
610334,1018,999
610335,1022,999
610336,1025,999
610337,1028,999
610338,1029,995
610339,1031,995
610340,1031,992
610341,1032,991
610342,1035,994
610343,1042,996
610344,1045,993
610345,1047,994
610346,1042,989
610347,1045,992
610348,1051,997
610349,1053,997
610350,1054,1001
610351,1052,999
610352,1050,999
610353,1047,1003
610354,1052,1004
610355,1055,1008
610356,1055,1008
610357,1055,1007
610358,1052,1008
610359,1052,1010
610360,1052,1012
610361,1056,1014
610362,1053,1018
610363,1047,1019
610364,1044,1017
610365,1041,1023
610366,1045,1026
610367,1044,1030
610368,1042,1033
610369,1038,1031
610370,1034,1027
610371,1034,1031
610372,1033,1035
610373,1034,1039
610374,1031,1037
610375,1029,1035
610376,1031,1034
610377,1028,1034
610378,1031,1039
610379,1033,1042
610380,1030,1039
610381,1026,1038
610382,1022,1035
610383,1019,1036
610384,1022,1039
610385,1026,1040
610386,1024,1038
610387,1019,1035
610388,1020,1032
610389,1020,1035
610390,1023,1039
610391,1021,1041
610392,1020,1039
610393,1020,1036
610394,1019,1033
610395,1018,1033
610396,1016,1035
610397,1020,1040
610398,1020,1039
610399,1020,1035
610400,1016,1033
610401,1016,1033
610402,1017,1038
610403,1019,1035
610404,1016,1035
610405,1015,1031
610406,1011,1031
610407,1016,1030
610408,1019,1031
610409,1021,1033
610410,1019,1031
610411,1017,1031
610412,1015,1029
610413,1017,1031
610414,1018,1035
610415,1019,1034
610416,1019,1030
610417,1022,1030
610418,1019,1031
610419,1020,1033
610420,1022,1039
610421,1023,1039
610422,1023,1038
610423,1019,1035
610424,1014,1033
610425,1017,1036
610426,1020,1041
610427,1021,1043
610428,1023,1042
610429,1021,1038
610430,1017,1039
610431,1016,1036
610432,1016,1039
610433,1017,1041
610434,1017,1043
610435,1015,1039
610436,1014,1037
610437,1012,1037
610438,1012,1040
610439,1016,1044
610440,1019,1041
610441,1013,1038
610442,1014,1035
610443,1011,1035
610444,1010,1038
610445,1011,1042
610446,1008,1042
610447,1008,1035
610448,1006,1036
610449,1009,1037
610450,1012,1038
610451,1012,1041
610452,1009,1038
610453,1006,1036
610454,1004,1037
610455,1004,1034
610456,1011,1038
610457,1011,1039
610458,1009,1037
610459,1008,1036
610460,1004,1035
610461,1002,1037
610462,1005,1040
610463,1008,1039
610464,1009,1042
610465,1008,1039
610466,1006,1040
610467,1008,1042
610468,1011,1046
610469,1014,1048
610470,1016,1047
610471,1015,1047
610472,1012,1046
610473,1009,1051
610474,1015,1054
610475,1021,1053
610476,1020,1055
610477,1016,1050
610478,1009,1049
610479,1008,1049
610480,1012,1048
610481,1018,1050
610482,1016,1047
610483,1010,1042
610484,1007,1044
610485,1010,1046
610486,1012,1045
610487,1017,1044
610488,1016,1045
610489,1013,1043
610490,1007,1041
610491,1006,1044
610492,1005,1044
610493,1006,1045
610494,1009,1043
610495,1011,1041
610496,1006,1042
610497,1008,1041
610498,1012,1045
610499,1014,1046
610500,1015,1046
610501,1009,1042
610502,1008,1040
610503,1007,1042
610504,1010,1043
610505,1013,1047
610506,1011,1045
610507,1011,1040
610508,1004,1039
610509,1004,1041
610510,1008,1045
610511,1010,1047
610512,1010,1046
610513,1009,1042
610514,1007,1042
610515,1007,1041
610516,1009,1044
610517,1011,1046
610518,1014,1043
610519,1011,1039
610520,1009,1035
610521,1010,1036
610522,1016,1037
610523,1026,1036
610524,1038,1032
610525,1052,1028
610526,1064,1024
610527,1083,1024
610528,1113,1018
610529,1152,1005
610530,1193,993
610531,1234,984
610532,1269,980
610533,1310,993
610534,1345,1010
610535,1352,1034
610536,1328,1042
610537,1286,1043
610538,1228,1048
610539,1167,1063
610540,1109,1079
610541,1051,1090
610542,1008,1094
610543,983,1093
610544,978,1086
610545,991,1077
610546,1005,1069
610547,1014,1059
610548,1014,1050
610549,1010,1044
610550,1007,1038
610551,1005,1039
610552,1005,1047
610553,1006,1044
610554,1000,1044
610555,994,1038
610556,990,1039
610557,988,1043
610558,988,1046
610559,990,1047
610560,987,1048
610561,985,1047
610562,983,1045
610563,982,1045
610564,984,1047
610565,986,1048
610566,985,1047
610567,984,1042
610568,982,1039
610569,982,1042
610570,982,1048
610571,989,1048
610572,990,1048
610573,991,1045
610574,986,1045
610575,985,1047
610576,985,1052
610577,989,1052
610578,989,1049
610579,984,1046
610580,984,1044
610581,982,1048
610582,987,1051
610583,992,1050
610584,993,1051
610585,993,1047
610586,990,1045
610587,989,1046
610588,994,1048
610589,995,1048
610590,994,1044
610591,992,1039
610592,986,1037
610593,980,1044
610594,985,1045
610595,989,1044
610596,993,1040
610597,994,1040
610598,989,1038
610599,989,1040
610600,991,1043
610601,994,1044
610602,997,1042
610603,991,1042
610604,989,1036
610605,987,1035
610606,987,1036
610607,988,1035
610608,990,1032
610609,989,1028
610610,988,1024
610611,987,1027
610612,990,1027
610613,991,1027
610614,995,1025
610615,991,1022
610616,988,1021
610617,989,1025
610618,992,1023
610619,992,1024
610620,995,1021
610621,994,1018
610622,995,1018
610623,993,1020
610624,997,1019
610625,1003,1022
610626,1001,1016
610627,1000,1016
610628,1000,1013
610629,1000,1014
610630,1002,1018
610631,1008,1020
610632,1011,1015
610633,1009,1011
610634,1011,1010
610635,1012,1011
610636,1015,1012
610637,1020,1015
610638,1025,1013
610639,1024,1011
610640,1024,1011
610641,1022,1016
610642,1026,1016
610643,1029,1023
610644,1031,1019
610645,1027,1017
610646,1026,1016
610647,1020,1019
610648,1028,1026
610649,1026,1029
610650,1024,1027
610651,1016,1030
610652,1012,1033
610653,1011,1038
610654,1012,1043
610655,1013,1049
610656,1010,1048
610657,1005,1043
610658,1000,1045
610659,998,1042
610660,1000,1047
610661,1001,1048
610662,1001,1047
610663,1001,1050
610664,1002,1047
610665,999,1046
610666,1003,1048
610667,1005,1051
610668,1002,1050
610669,999,1050
610670,999,1049
610671,998,1049
610672,1002,1054
610673,1003,1053
610674,999,1052
610675,997,1047
610676,994,1044
610677,995,1048
610678,996,1050
610679,1000,1052
610680,999,1050
610681,999,1047
610682,997,1047
610683,996,1048
610684,998,1051
610685,1000,1051
610686,1000,1046
610687,996,1047
610688,996,1044
610689,996,1046
610690,1000,1047
610691,1006,1049
610692,1007,1047
610693,1003,1046
610694,999,1045
610695,999,1042
610696,1000,1047
610697,1003,1048
610698,1002,1047
610699,999,1044
610700,996,1040
610701,996,1042
610702,998,1044
610703,998,1045
610704,998,1043
610705,995,1040
610706,993,1039
610707,992,1042
610708,991,1043
610709,997,1045
610710,995,1044
610711,993,1041
610712,990,1040
610713,992,1043
610714,992,1044
610715,996,1050
610716,995,1046
610717,992,1042
610718,989,1040
610719,988,1043
610720,989,1045
610721,991,1052
610722,992,1048
610723,989,1043
610724,987,1041
610725,985,1045
610726,988,1049
610727,990,1049
610728,992,1051
610729,990,1045
610730,985,1046
610731,983,1048
610732,986,1051
610733,993,1054
610734,994,1051
610735,991,1048
610736,990,1048
610737,989,1049
610738,989,1054
610739,990,1055
610740,992,1052
610741,989,1049
610742,992,1048
610743,994,1049
610744,995,1053
610745,997,1053
610746,999,1053
610747,996,1050
610748,995,1046
610749,996,1046
610750,998,1053
610751,1000,1054
610752,999,1053
610753,997,1050
610754,994,1048
610755,995,1050
610756,997,1053
610757,998,1054
610758,1000,1049
610759,998,1045
610760,995,1044
610761,996,1047
610762,996,1048
610763,997,1052
610764,997,1047
610765,996,1044
610766,992,1046
610767,990,1049
610768,992,1049
610769,995,1052
610770,996,1051
610771,995,1046
610772,991,1044
610773,991,1048
610774,993,1046
610775,994,1049
610776,997,1044
610777,996,1039
610778,1000,1034
610779,1006,1033
610780,1015,1031
610781,1027,1030
610782,1040,1021
610783,1053,1013
610784,1066,998
610785,1089,991
610786,1111,988
610787,1138,992
610788,1159,999
610789,1173,1016
610790,1173,1029
610791,1159,1038
610792,1137,1046
610793,1109,1056
610794,1076,1071
610795,1044,1084
610796,1010,1092
610797,991,1094
610798,986,1092
610799,989,1089
610800,993,1077
610801,994,1065
610802,994,1055
610803,995,1053
610804,996,1052
610805,996,1055
610806,995,1054
610807,992,1051
610808,988,1050
610809,985,1051
610810,985,1051
610811,987,1052
610812,988,1049
610813,985,1047
610814,981,1047
610815,982,1048
610816,982,1048
610817,985,1046
610818,987,1043
610819,984,1042
610820,982,1041
610821,982,1045
610822,983,1048
610823,986,1052
610824,985,1048
610825,982,1049
610826,981,1046
610827,982,1045
610828,984,1048
610829,985,1050
610830,982,1051
610831,982,1048
610832,979,1047
610833,978,1048
610834,984,1050
610835,984,1049
610836,982,1046
610837,980,1046
610838,980,1044
610839,981,1048
610840,981,1052
610841,985,1050
610842,985,1047
610843,983,1044
610844,979,1043
610845,979,1045
610846,980,1047
610847,984,1051
610848,985,1048
610849,983,1044
610850,981,1043
610851,981,1046
610852,984,1047
610853,988,1048
610854,988,1044
610855,986,1039
610856,985,1037
610857,984,1039
610858,987,1041
610859,992,1046
610860,991,1043
610861,989,1039
610862,984,1036
610863,986,1035
610864,989,1037
610865,991,1040
610866,992,1037
610867,991,1035
610868,988,1034
610869,984,1038
610870,988,1041
610871,986,1041
610872,987,1038
610873,989,1033
610874,987,1030
610875,991,1027
610876,994,1024
610877,997,1018
610878,998,1015
610879,996,1015
610880,992,1016
610881,994,1016
610882,999,1012
610883,1002,1011
610884,1001,1008
610885,999,1008
610886,997,1007
610887,996,1008
610888,997,1010
610889,1003,1010
610890,1006,1008
610891,1007,1007
610892,1006,1005
610893,1007,1007
610894,1010,1011
610895,1011,1016
610896,1013,1013
610897,1014,1014
610898,1011,1013
610899,1011,1015
610900,1010,1021
610901,1012,1023
610902,1012,1022
610903,1009,1021
610904,1010,1024
610905,1007,1027
610906,1004,1033
610907,1002,1037
610908,1003,1036
610909,1004,1037
610910,998,1036
610911,995,1042
610912,998,1046
610913,998,1051
610914,997,1050
610915,993,1049
610916,988,1055
610917,991,1056
610918,995,1058
610919,998,1061
610920,999,1062
610921,997,1059
610922,991,1057
610923,992,1060
610924,995,1062
610925,995,1067
610926,997,1064
610927,993,1060
610928,992,1056
610929,991,1052
610930,994,1053
610931,993,1051
610932,993,1048
610933,992,1046
610934,991,1043
610935,993,1043
610936,996,1043
610937,998,1047
610938,998,1044
610939,998,1040
610940,998,1037
610941,997,1041
610942,998,1043
610943,996,1047
610944,996,1045
610945,993,1040
610946,990,1038
610947,990,1039
610948,992,1044
610949,993,1047
610950,994,1043
610951,992,1042
610952,990,1038
610953,991,1041
610954,990,1049
610955,993,1048
610956,993,1046
610957,992,1044
610958,992,1041
610959,989,1043
610960,993,1048
610961,994,1050
610962,994,1049
610963,987,1049
610964,983,1048
610965,984,1052
610966,990,1052
610967,992,1056
610968,993,1056
610969,991,1055
610970,986,1054
610971,985,1058
610972,991,1063
610973,997,1066
610974,999,1064
610975,998,1062
610976,997,1059
610977,995,1064
610978,996,1064
610979,1000,1065
610980,998,1059
610981,999,1051
610982,993,1048
610983,992,1050
610984,994,1052
610985,997,1054
610986,1000,1053
610987,999,1048
610988,999,1044
610989,999,1044
610990,1003,1047
610991,1002,1050
610992,1000,1048
610993,998,1048
610994,992,1045
610995,992,1046
610996,992,1051
610997,995,1051
610998,994,1049
610999,992,1049
611000,990,1047
611001,988,1050
611002,987,1055
611003,988,1053
611004,988,1051
611005,988,1050
611006,986,1049
611007,985,1053
611008,989,1055
611009,993,1053
611010,990,1051
611011,992,1048
611012,988,1050
611013,989,1053
611014,992,1051
611015,993,1051
611016,992,1051
611017,987,1048
611018,983,1050
611019,985,1052
611020,990,1051
611021,996,1050
611022,998,1051
611023,995,1047
611024,992,1050
611025,992,1052
611026,992,1054
611027,995,1055
611028,994,1054
611029,993,1056
611030,991,1055
611031,988,1057
611032,991,1060
611033,991,1063
611034,991,1058
611035,991,1050
611036,992,1047
611037,993,1048
611038,995,1050
611039,993,1055
611040,996,1050
611041,992,1049
611042,993,1046
611043,994,1048
611044,992,1052
611045,997,1051
611046,994,1052
611047,996,1051
611048,993,1047
611049,994,1049
611050,995,1050
611051,994,1051
611052,994,1050
611053,993,1049
611054,990,1044
611055,993,1043
611056,1001,1046
611057,1015,1046
611058,1028,1040
611059,1041,1032
611060,1057,1025
611061,1076,1023
611062,1115,1013
611063,1152,1003
611064,1197,993
611065,1234,990
611066,1274,995
611067,1304,1016
611068,1314,1043
611069,1289,1053
611070,1235,1059
611071,1170,1066
611072,1099,1082
611073,1036,1096
611074,987,1107
611075,972,1106
611076,974,1095
611077,984,1076
611078,989,1063
611079,994,1059
611080,998,1059
611081,998,1054
611082,995,1052
611083,992,1053
611084,986,1050
611085,979,1054
611086,978,1058
611087,983,1058
611088,980,1057
611089,983,1054
611090,979,1051
611091,979,1053
611092,979,1056
611093,980,1059
611094,978,1057
611095,976,1052
611096,975,1052
611097,973,1053
611098,970,1057
611099,973,1060
611100,975,1061
611101,974,1057
611102,969,1053
611103,969,1057
611104,971,1059
611105,973,1063
611106,973,1058
611107,974,1057
611108,970,1058
611109,974,1059
611110,974,1063
611111,979,1063
611112,981,1063
611113,979,1058
611114,974,1057
611115,972,1056
611116,973,1058
611117,977,1055
611118,976,1056
611119,974,1051
611120,972,1049
611121,975,1050
611122,974,1051
611123,977,1053
611124,973,1053
611125,970,1049
611126,966,1050
611127,966,1049
611128,973,1050
611129,976,1051
611130,977,1046
611131,971,1043
611132,969,1043
611133,969,1044
611134,970,1045
611135,973,1046
611136,977,1043
611137,977,1038
611138,974,1032
611139,974,1035
611140,978,1037
611141,978,1035
611142,978,1033
611143,980,1028
611144,980,1026
611145,980,1026
611146,982,1031
611147,987,1028
611148,988,1025
611149,986,1020
611150,986,1019
611151,986,1019
611152,997,1020
611153,995,1021
611154,997,1018
611155,996,1016
611156,996,1014
611157,1003,1012
611158,1003,1013
611159,1001,1016
611160,1001,1013
611161,1000,1009
611162,1001,1007
611163,1002,1008
611164,1000,1010
611165,1004,1013
611166,1007,1012
611167,1006,1008
611168,1004,1007
611169,1008,1013
611170,1010,1017
611171,1015,1023
611172,1017,1021
611173,1018,1024
611174,1015,1022
611175,1015,1026
611176,1019,1031
611177,1020,1036
611178,1019,1036
611179,1012,1037
611180,1009,1038
611181,1008,1040
611182,1011,1047
611183,1006,1048
611184,1002,1047
611185,1000,1047
611186,998,1046
611187,998,1053
611188,1002,1056
611189,1001,1056
611190,995,1053
611191,991,1050
611192,986,1050
611193,987,1053
611194,992,1055
611195,997,1057
611196,996,1056
611197,994,1054
611198,992,1052
611199,991,1054
611200,996,1057
611201,996,1056
611202,998,1056
611203,995,1051
611204,997,1048
611205,995,1052
611206,996,1054
611207,998,1053
611208,993,1049
611209,993,1048
611210,992,1048
611211,992,1053
611212,996,1056
611213,1000,1056
611214,998,1053
611215,994,1051
611216,991,1050
611217,994,1056
611218,996,1059
611219,998,1060
611220,1001,1057
611221,999,1050
611222,996,1052
611223,997,1052
611224,997,1054
611225,1002,1055
611226,993,1055
611227,993,1049
611228,995,1047
611229,998,1049
611230,999,1051
611231,999,1052
611232,996,1052
611233,993,1049
611234,989,1048
611235,989,1047
611236,993,1053
611237,997,1054
611238,997,1053
611239,993,1048
611240,991,1049
611241,991,1051
611242,993,1055
611243,996,1057
611244,994,1055
611245,989,1052
611246,985,1048
611247,988,1049
611248,990,1048
611249,991,1050
611250,993,1050
611251,990,1048
611252,987,1046
611253,986,1045
611254,988,1046
611255,990,1048
611256,991,1049
611257,991,1045
611258,986,1042
611259,986,1046
611260,989,1049
611261,994,1051
611262,991,1050
611263,989,1049
611264,989,1050
611265,993,1054
611266,993,1058
611267,994,1057
611268,992,1056
611269,988,1052
611270,984,1053
611271,990,1055
611272,993,1056
611273,999,1059
611274,994,1056
611275,995,1051
611276,985,1050
611277,987,1054
611278,986,1057
611279,989,1058
611280,992,1056
611281,991,1051
611282,985,1052
611283,987,1057
611284,988,1057
611285,985,1056
611286,987,1055
611287,987,1051
611288,985,1051
611289,984,1052
611290,988,1057
611291,992,1057
611292,995,1054
611293,993,1051
611294,988,1050
611295,983,1052
611296,986,1055
611297,990,1056
611298,993,1055
611299,992,1051
611300,987,1051
611301,983,1055
611302,986,1056
611303,990,1056
611304,990,1054
611305,985,1049
611306,981,1047
611307,983,1049
611308,981,1052
611309,990,1055
611310,994,1052
611311,995,1049
611312,993,1049
611313,992,1052
611314,995,1057
611315,996,1059
611316,998,1057
611317,995,1055
611318,992,1054
611319,993,1056
611320,997,1055
611321,999,1058
611322,996,1056
611323,990,1053
611324,987,1056
611325,990,1059
611326,996,1059
611327,999,1059
611328,995,1057
611329,992,1054
611330,989,1054
611331,986,1057
611332,984,1061
611333,991,1059
611334,994,1055
611335,992,1053
611336,991,1054
611337,990,1057
611338,992,1060
611339,994,1057
611340,993,1055
611341,991,1052
611342,991,1052
611343,994,1054
611344,994,1057
611345,992,1055
611346,990,1051
611347,990,1050
611348,991,1047
611349,993,1050
611350,989,1052
611351,994,1051
611352,993,1052
611353,992,1043
611354,992,1043
611355,992,1046
611356,992,1049
611357,996,1051
611358,992,1050
611359,996,1047
611360,992,1048
611361,993,1052
611362,996,1055
611363,1003,1058
611364,1006,1057
611365,1003,1053
611366,1000,1051
611367,998,1053
611368,1000,1052
611369,1002,1055
611370,1003,1056
611371,1005,1057
611372,1002,1055
611373,1000,1056
611374,1001,1057
611375,1006,1059
611376,1004,1059
611377,1003,1058
611378,1001,1055
611379,1004,1057
611380,1007,1058
611381,1007,1059
611382,1005,1055
611383,1003,1054
611384,1002,1054
611385,1005,1053
611386,1006,1054
611387,1008,1052
611388,1008,1047
611389,1007,1043
611390,1007,1037
611391,1014,1036
611392,1021,1036
611393,1033,1037
611394,1048,1031
611395,1063,1022
611396,1083,1015
611397,1111,1005
611398,1150,997
611399,1191,991
611400,1238,991
611401,1282,996
611402,1320,1017
611403,1334,1037
611404,1323,1052
611405,1286,1054
611406,1227,1057
611407,1161,1071
611408,1097,1086
611409,1033,1098
611410,993,1108
611411,986,1103
611412,993,1090
611413,1000,1076
611414,1005,1061
611415,1010,1057
611416,1014,1055
611417,1012,1055
611418,1007,1056
611419,1002,1052
611420,998,1052
611421,995,1053
611422,992,1055
611423,988,1060
611424,988,1061
611425,984,1056
611426,982,1055
611427,980,1056
611428,983,1058
611429,986,1058
611430,986,1055
611431,980,1053
611432,976,1052
611433,975,1053
611434,976,1055
611435,978,1058
611436,977,1055
611437,973,1053
611438,972,1052
611439,974,1054
611440,976,1054
611441,981,1054
611442,978,1052
611443,977,1048
611444,974,1049
611445,973,1052
611446,975,1052
611447,979,1052
611448,978,1051
611449,977,1045
611450,975,1043
611451,971,1045
611452,969,1045
611453,975,1045
611454,971,1044
611455,970,1042
611456,969,1041
611457,972,1043
611458,977,1049
611459,981,1053
611460,983,1054
611461,978,1047
611462,978,1047
611463,982,1047
611464,986,1049
611465,990,1050
611466,988,1047
611467,984,1046
611468,981,1043
611469,983,1045
611470,991,1047
611471,995,1045
611472,990,1040
611473,983,1038
611474,985,1036
611475,989,1037
611476,989,1036
611477,991,1035
611478,989,1036
611479,990,1029
611480,987,1028
611481,991,1027
611482,991,1028
611483,995,1026
611484,994,1027
611485,996,1021
611486,993,1020
611487,997,1019
611488,999,1022
611489,1001,1019
611490,1000,1017
611491,998,1014
611492,996,1011
611493,998,1012
611494,1001,1016
611495,1002,1014
611496,1004,1013
611497,1005,1009
611498,1001,1006
611499,1002,1008
611500,1000,1012
611501,1007,1015
611502,1009,1015
611503,1009,1014
611504,1010,1015
611505,1013,1019
611506,1018,1023
611507,1020,1027
611508,1023,1027
611509,1020,1027
611510,1017,1026
611511,1015,1031
611512,1014,1035
611513,1017,1039
611514,1017,1039
611515,1014,1040
611516,1009,1040
611517,1010,1048
611518,1011,1048
611519,1010,1047
611520,1008,1048
611521,1004,1048
611522,1000,1050
611523,999,1053
611524,996,1055
611525,1000,1057
611526,1000,1054
611527,1000,1053
611528,996,1053
611529,993,1055
611530,995,1060
611531,1000,1062
611532,1002,1055
611533,999,1050
611534,1000,1049
611535,999,1052
611536,999,1052
611537,1004,1054
611538,1001,1054
611539,997,1052
611540,997,1049
611541,998,1050
611542,1002,1050
611543,1001,1052
611544,1001,1053
611545,1000,1048
611546,1001,1045
611547,1001,1051
611548,1004,1055
611549,1007,1056
611550,1006,1054
611551,1006,1049
611552,1004,1050
611553,1001,1052
611554,1004,1053
611555,1008,1055
611556,1008,1052
611557,1003,1047
611558,1002,1048
611559,999,1050
611560,1003,1051
611561,1005,1050
611562,1005,1049
611563,1000,1044
611564,998,1046
611565,998,1049
611566,1000,1051
611567,1003,1053
611568,1001,1049
611569,1001,1049
611570,998,1045
611571,999,1050
611572,999,1052
611573,998,1052
611574,999,1047
611575,1000,1045
611576,998,1046
611577,1000,1048
611578,1002,1053
611579,1005,1052
611580,1003,1049
611581,999,1049
611582,995,1046
611583,995,1046
611584,997,1051
611585,1001,1052
611586,1002,1052
611587,1000,1048
611588,996,1048
611589,994,1052
611590,999,1051
611591,1001,1053
611592,998,1052
611593,997,1052
611594,997,1054
611595,994,1053
611596,999,1058
611597,1002,1061
611598,1001,1059
611599,997,1058
611600,997,1055
611601,997,1055
611602,1000,1060
611603,1001,1061
611604,1000,1063
611605,997,1058
611606,995,1059
611607,995,1056
611608,996,1060
611609,1000,1063
611610,999,1063
611611,999,1061
611612,995,1058
611613,998,1058
611614,1002,1061
611615,1003,1061
611616,999,1060
611617,997,1057
611618,997,1053
611619,997,1054
611620,1001,1056
611621,1004,1058
611622,1004,1058
611623,1000,1053
611624,997,1050
611625,996,1051
611626,999,1054
611627,998,1055
611628,1002,1055
611629,999,1049
611630,995,1047
611631,1000,1051
611632,1001,1050
611633,1001,1054
611634,1001,1053
611635,998,1050
611636,997,1052
611637,996,1052
611638,1000,1054
611639,1004,1053
611640,1001,1049
611641,1000,1046
611642,1001,1049
611643,1001,1051
611644,1004,1057
611645,1003,1058
611646,1004,1054
611647,1003,1054
611648,1001,1054
611649,1002,1057
611650,1008,1060
611651,1011,1061
611652,1010,1056
611653,1003,1057
611654,1003,1058
611655,1002,1059
611656,1003,1060
611657,1005,1063
611658,1004,1062
611659,1003,1058
611660,1003,1057
611661,1003,1060
611662,1007,1062
611663,1008,1062
611664,1011,1059
611665,1007,1055
611666,1006,1053
611667,1005,1056
611668,1009,1059
611669,1011,1058
611670,1013,1057
611671,1010,1055
611672,1008,1048
611673,1006,1052
611674,1009,1055
611675,1014,1059
611676,1015,1055
611677,1011,1053
611678,1006,1049
611679,1006,1050
611680,1009,1055
611681,1011,1057
611682,1006,1056
611683,1005,1055
611684,1003,1053
611685,1003,1057
611686,1005,1062
611687,1009,1059
611688,1010,1056
611689,1007,1051
611690,1005,1048
611691,1007,1052
611692,1011,1054
611693,1012,1056
611694,1011,1056
611695,1007,1054
611696,1004,1054
611697,1005,1052
611698,1006,1052
611699,1011,1055
611700,1011,1054
611701,1011,1053
611702,1007,1051
611703,1005,1055
611704,1010,1055
611705,1013,1057
611706,1011,1057
611707,1008,1054
611708,1004,1055
611709,1005,1057
611710,1007,1060
611711,1010,1060
611712,1010,1057
611713,1006,1055
611714,1004,1055
611715,1005,1055
611716,1005,1057
611717,1005,1058
611718,1005,1057
611719,1004,1055
611720,1004,1052
611721,1006,1052
611722,1007,1054
611723,1009,1055
611724,1009,1053
611725,1006,1050
611726,1002,1048
611727,1002,1053
611728,1005,1053
611729,1007,1056
611730,1009,1055
611731,1007,1054
611732,1005,1053
611733,1003,1054
611734,1007,1057
611735,1015,1057
611736,1013,1055
611737,1011,1052
611738,1005,1049
611739,1007,1050
611740,1011,1051
611741,1013,1048
611742,1010,1047
611743,1011,1049
611744,1008,1046
611745,1008,1050
611746,1012,1051
611747,1012,1052
611748,1013,1052
611749,1011,1050
611750,1007,1050
611751,1009,1049
611752,1010,1051
611753,1010,1053
611754,1011,1050
611755,1010,1049
611756,1006,1049
611757,1007,1052
611758,1010,1054
611759,1014,1054
611760,1012,1054
611761,1009,1050
611762,1008,1050
611763,1004,1055
611764,1007,1058
611765,1008,1056
611766,1001,1054
611767,1004,1053
611768,1001,1052
611769,1000,1052
611770,1004,1055
611771,1010,1055
611772,1009,1052
611773,1005,1052
611774,1004,1049
611775,1005,1048
611776,1008,1050
611777,1010,1052
611778,1011,1052
611779,1009,1049
611780,1004,1048
611781,1002,1053
611782,1004,1056
611783,1010,1054
611784,1011,1050
611785,1010,1046
611786,1007,1047
611787,1010,1048
611788,1015,1050
611789,1018,1048
611790,1017,1041
611791,1014,1038
611792,1013,1036
611793,1022,1036
611794,1036,1037
611795,1053,1035
611796,1072,1035
611797,1090,1025
611798,1116,1011
611799,1149,1001
611800,1194,995
611801,1241,991
611802,1289,993
611803,1328,1004
611804,1341,1023
611805,1322,1039
611806,1280,1048
611807,1222,1056
611808,1162,1065
611809,1103,1068
611810,1051,1072
611811,1010,1076
611812,993,1073
611813,997,1068
611814,1009,1059
611815,1018,1051
611816,1017,1046
611817,1013,1049
611818,1004,1051
611819,1007,1047
611820,1004,1046
611821,1001,1049
611822,995,1048
611823,990,1054
611824,991,1056
611825,992,1055
611826,991,1054
611827,989,1052
611828,987,1051
611829,987,1050
611830,989,1051
611831,992,1053
611832,989,1052
611833,988,1048
611834,986,1048
611835,984,1047
611836,987,1053
611837,992,1055
611838,993,1052
611839,988,1050
611840,984,1050
611841,986,1051
611842,986,1055
611843,988,1058
611844,991,1054
611845,988,1051
611846,986,1050
611847,990,1054
611848,990,1056
611849,994,1057
611850,996,1057
611851,995,1053
611852,992,1052
611853,993,1053
611854,996,1057
611855,996,1055
611856,994,1055
611857,989,1054
611858,989,1053
611859,989,1055
611860,992,1060
611861,996,1059
611862,994,1057
611863,995,1056
611864,993,1055
611865,996,1058
611866,1000,1058
611867,1003,1059
611868,1002,1055
611869,997,1053
611870,999,1050
611871,999,1047
611872,999,1045
611873,1000,1044
611874,1001,1042
611875,998,1035
611876,993,1032
611877,996,1032
611878,1000,1031
611879,1005,1033
611880,1005,1030
611881,1003,1025
611882,999,1023
611883,1000,1027
611884,1005,1028
611885,1012,1029
611886,1013,1028
611887,1008,1022
611888,1006,1022
611889,1003,1025
611890,1010,1028
611891,1018,1026
611892,1016,1028
611893,1012,1026
611894,1010,1024
611895,1014,1025
611896,1018,1025
611897,1022,1025
611898,1023,1025
611899,1023,1027
611900,1026,1026
611901,1030,1030
611902,1032,1034
611903,1034,1035
611904,1035,1033
611905,1034,1030
611906,1036,1033
611907,1040,1036
611908,1040,1035
611909,1039,1036
611910,1035,1036
611911,1035,1033
611912,1033,1032
611913,1028,1038
611914,1033,1043
611915,1032,1042
611916,1033,1045
611917,1029,1046
611918,1024,1045
611919,1017,1047
611920,1018,1049
611921,1023,1048
611922,1021,1047
611923,1020,1045
611924,1009,1043
611925,1008,1046
611926,1010,1049
611927,1012,1048
611928,1009,1045
611929,1009,1044
611930,1008,1044
611931,1008,1045
611932,1004,1049
611933,1010,1053
611934,1007,1051
611935,1008,1048
611936,1005,1048
611937,1003,1050
611938,1006,1054
611939,1012,1055
611940,1013,1052
611941,1012,1051
611942,1010,1052
611943,1005,1053
611944,1009,1058
611945,1010,1058
611946,1011,1057
611947,1010,1055
611948,1007,1055
611949,1008,1056
611950,1014,1059
611951,1015,1057
611952,1016,1052
611953,1011,1048
611954,1010,1047
611955,1011,1051
611956,1012,1051
611957,1012,1049
611958,1011,1047
611959,1013,1044
611960,1009,1044
611961,1008,1044
611962,1012,1046
611963,1014,1047
611964,1013,1047
611965,1010,1041
611966,1011,1043
611967,1008,1044
611968,1010,1048
611969,1011,1048
611970,1012,1045
611971,1008,1041
611972,1003,1041
611973,1006,1045
611974,1008,1047
611975,1009,1049
611976,1004,1046
611977,1005,1045
611978,1004,1041
611979,1006,1044
611980,1006,1050
611981,1008,1048
611982,1005,1050
611983,1005,1049
611984,1003,1051
611985,999,1056
611986,1001,1059
611987,1005,1061
611988,1008,1063
611989,1006,1060
611990,1007,1057
611991,1007,1054
611992,1005,1057
611993,1007,1055
611994,1010,1054
611995,1008,1048
611996,1008,1046
611997,1008,1052
611998,1009,1054
611999,1014,1057
612000,1014,1054
612001,1010,1050
612002,1005,1049
612003,1003,1050
612004,1008,1051
612005,1014,1055
612006,1012,1050
612007,1006,1046
612008,1004,1046
612009,1001,1051
612010,1003,1053
612011,1007,1052
612012,1009,1052
612013,1008,1049
612014,1007,1049
612015,1002,1050
612016,1002,1052
612017,1006,1052
612018,1007,1051
612019,1003,1048
612020,1000,1050
612021,1004,1050
612022,1004,1051
612023,1001,1054
612024,1004,1052
612025,1004,1051
612026,1000,1050
612027,997,1050
612028,998,1052
612029,999,1057
612030,1005,1052
612031,1001,1050
612032,995,1052
612033,997,1056
612034,1000,1062
612035,1001,1064
612036,999,1064
612037,1000,1064
612038,997,1064
612039,992,1066
612040,998,1069
612041,1006,1070
612042,1005,1068
612043,1001,1064
612044,997,1061
612045,997,1060
612046,1002,1058
612047,1005,1056
612048,1009,1054
612049,1007,1051
612050,1007,1050
612051,1008,1051
612052,1008,1052
612053,1009,1052
612054,1007,1050
612055,1006,1045
612056,1004,1047
612057,1002,1049
612058,1005,1053
612059,1010,1053
612060,1009,1049
612061,1007,1048
612062,1003,1047
612063,1002,1048
612064,1007,1048
612065,1014,1046
612066,1010,1048
612067,998,1048
612068,993,1046
612069,995,1048
612070,1006,1051
612071,1013,1053
612072,1009,1051
612073,1007,1046
612074,1005,1041
612075,1004,1045
612076,1007,1050
612077,1010,1050
612078,1009,1049
612079,1003,1048
612080,1001,1049
612081,1002,1052
612082,1006,1054
612083,1007,1055
612084,1005,1059
612085,1004,1053
612086,995,1052
612087,1003,1053
612088,1003,1058
612089,1008,1062
612090,1008,1063
612091,1006,1059
612092,999,1061
612093,1001,1064
612094,1004,1066
612095,1009,1065
612096,1011,1062
612097,1008,1058
612098,1009,1057
612099,1008,1057
612100,1011,1060
612101,1016,1056
612102,1017,1050
612103,1012,1046
612104,1009,1046
612105,1009,1048
612106,1011,1053
612107,1011,1054
612108,1013,1052
612109,1010,1049
612110,1007,1048
612111,1007,1048
612112,1011,1050
612113,1013,1053
612114,1013,1050
612115,1014,1047
612116,1011,1047
612117,1011,1047
612118,1011,1050
612119,1014,1050
612120,1016,1050
612121,1014,1048
612122,1013,1046
612123,1013,1048
612124,1012,1054
612125,1016,1057
612126,1018,1056
612127,1016,1049
612128,1014,1047
612129,1014,1048
612130,1018,1051
612131,1018,1053
612132,1017,1047
612133,1017,1039
612134,1016,1033
612135,1027,1034
612136,1040,1036
612137,1055,1032
612138,1074,1026
612139,1095,1019
612140,1122,1010
612141,1162,1000
612142,1205,997
612143,1253,1001
612144,1295,1012
612145,1327,1025
612146,1340,1045
612147,1331,1054
612148,1296,1057
612149,1247,1058
612150,1186,1066
612151,1123,1077
612152,1060,1089
612153,1008,1097
612154,986,1102
612155,988,1095
612156,998,1080
612157,1007,1067
612158,1010,1056
612159,1014,1052
612160,1012,1051
612161,1008,1049
612162,1001,1050
612163,998,1048
612164,991,1047
612165,989,1047
612166,992,1048
612167,993,1051
612168,988,1050
612169,987,1047
612170,983,1047
612171,984,1049
612172,986,1052
612173,985,1052
612174,982,1050
612175,982,1047
612176,984,1047
612177,982,1048
612178,982,1050
612179,987,1051
612180,987,1049
612181,985,1044
612182,983,1045
612183,986,1049
612184,987,1052
612185,988,1053
612186,986,1051
612187,979,1049
612188,976,1049
612189,976,1054
612190,977,1057
612191,984,1060
612192,986,1057
612193,987,1054
612194,989,1056
612195,989,1059
612196,991,1058
612197,993,1056
612198,995,1051
612199,992,1049
612200,990,1047
612201,989,1052
612202,991,1052
612203,995,1053
612204,993,1049
612205,992,1047
612206,990,1046
612207,988,1047
612208,992,1049
612209,996,1048
612210,999,1046
612211,997,1042
612212,994,1041
612213,994,1041
612214,997,1043
612215,998,1047
612216,998,1044
612217,997,1036
612218,994,1035
612219,996,1037
612220,997,1036
612221,1003,1034
612222,998,1031
612223,998,1027
612224,1000,1027
612225,1001,1028
612226,1004,1028
612227,1013,1025
612228,1013,1023
612229,1008,1020
612230,1005,1020
612231,1008,1021
612232,1014,1022
612233,1017,1023
612234,1018,1019
612235,1017,1016
612236,1013,1013
612237,1015,1015
612238,1021,1017
612239,1023,1019
612240,1023,1020
612241,1021,1017
612242,1017,1017
612243,1021,1018
612244,1025,1021
612245,1026,1019
612246,1028,1017
612247,1025,1015
612248,1023,1015
612249,1023,1016
612250,1023,1021
612251,1031,1022
612252,1032,1019
612253,1032,1016
612254,1028,1019
612255,1024,1024
612256,1026,1026
612257,1029,1027
612258,1028,1025
612259,1024,1025
612260,1020,1027
612261,1015,1030
612262,1021,1038
612263,1019,1039
612264,1018,1042
612265,1017,1042
612266,1012,1038
612267,1011,1043
612268,1010,1045
612269,1007,1050
612270,1008,1051
612271,1005,1050
612272,1004,1048
612273,1001,1054
612274,1005,1056
612275,1009,1057
612276,1007,1055
612277,1004,1053
612278,1003,1052
612279,1002,1053
612280,1004,1058
612281,1004,1061
612282,1003,1059
612283,1003,1060
612284,1004,1057
612285,1005,1062
612286,1011,1061
612287,1014,1065
612288,1009,1062
612289,1007,1060
612290,1008,1057
612291,1003,1060
612292,1003,1061
612293,1003,1063
612294,1002,1059
612295,1005,1054
612296,1003,1052
612297,1004,1058
612298,1009,1058
612299,1010,1058
612300,1009,1055
612301,1007,1051
612302,1002,1049
612303,1001,1051
612304,999,1055
612305,1004,1053
612306,1005,1052
612307,1002,1047
612308,1000,1047
612309,997,1051
612310,998,1052
612311,1004,1050
612312,1001,1049
612313,999,1048
612314,997,1047
612315,997,1048
612316,999,1048
612317,998,1050
612318,1002,1049
612319,999,1045
612320,995,1047
612321,997,1044
612322,998,1048
612323,1001,1050
612324,999,1050
612325,995,1045
612326,996,1046
612327,994,1047
612328,997,1047
612329,995,1053
612330,998,1050
612331,994,1049
612332,991,1051
612333,993,1056
612334,993,1061
612335,996,1063
612336,994,1062
612337,991,1058
612338,990,1056
612339,991,1056
612340,994,1058
612341,997,1060
612342,995,1056
612343,994,1055
612344,993,1054
612345,992,1057
612346,991,1057
612347,996,1057
612348,994,1057
612349,993,1052
612350,992,1053
612351,991,1056
612352,992,1056
612353,994,1058
612354,989,1057
612355,988,1054
612356,988,1054
612357,986,1057
612358,988,1056
612359,989,1055
612360,991,1055
612361,990,1054
612362,986,1051
612363,987,1054
612364,990,1057
612365,989,1056
612366,991,1054
612367,990,1049
612368,987,1050
612369,986,1052
612370,990,1054
612371,993,1054
612372,991,1053
612373,990,1052
612374,990,1053
612375,987,1054
612376,991,1054
612377,995,1052
612378,993,1049
612379,990,1051
612380,988,1055
612381,992,1055
612382,996,1057
612383,997,1055
612384,992,1054
612385,993,1055
612386,993,1055
612387,993,1056
612388,996,1057
612389,999,1055
612390,997,1051
612391,991,1046
612392,996,1039
612393,1003,1039
612394,1012,1042
612395,1022,1037
612396,1030,1032
612397,1040,1025
612398,1056,1015
612399,1079,1006
612400,1109,997
612401,1140,994
612402,1167,999
612403,1195,1007
612404,1219,1027
612405,1229,1044
612406,1226,1055
612407,1209,1054
612408,1180,1051
612409,1140,1061
612410,1100,1078
612411,1054,1096
612412,1016,1109
612413,988,1114
612414,973,1108
612415,972,1097
612416,975,1084
612417,980,1073
612418,987,1066
612419,992,1062
612420,990,1057
612421,987,1053
612422,984,1051
612423,981,1054
612424,984,1053
612425,984,1055
612426,980,1055
612427,979,1051
612428,975,1051
612429,976,1052
612430,975,1054
612431,977,1053
612432,980,1052
612433,976,1051
612434,974,1052
612435,975,1058
612436,975,1062
612437,979,1059
612438,978,1058
612439,976,1055
612440,975,1054
612441,974,1055
612442,979,1060
612443,983,1062
612444,983,1058
612445,981,1053
612446,977,1051
612447,977,1055
612448,981,1056
612449,981,1056
612450,979,1055
612451,977,1056
612452,974,1055
612453,977,1058
612454,982,1060
612455,983,1055
612456,984,1053
612457,981,1049
612458,981,1051
612459,979,1051
612460,981,1054
612461,982,1052
612462,983,1051
612463,979,1048
612464,980,1046
612465,979,1049
612466,983,1049
612467,984,1050
612468,986,1045
612469,985,1041
612470,982,1040
612471,984,1042
612472,985,1047
612473,989,1044
612474,988,1039
612475,988,1034
612476,984,1033
612477,987,1036
612478,990,1038
612479,995,1037
612480,993,1036
612481,989,1031
612482,992,1027
612483,995,1028
612484,999,1033
612485,1001,1030
612486,1004,1029
612487,1002,1023
612488,1001,1022
612489,1000,1023
612490,1007,1025
612491,1008,1024
612492,1007,1018
612493,1008,1013
612494,1006,1013
612495,1006,1014
612496,1014,1014
612497,1018,1015
612498,1018,1015
612499,1018,1012
612500,1018,1012
612501,1021,1014
612502,1023,1014
612503,1022,1015
612504,1023,1013
612505,1023,1008
612506,1026,1009
612507,1025,1010
612508,1026,1012
612509,1028,1015
612510,1031,1015
612511,1030,1014
612512,1026,1014
612513,1029,1012
612514,1030,1015
612515,1032,1016
612516,1030,1016
612517,1027,1015
612518,1027,1018
612519,1029,1020
612520,1030,1025
612521,1031,1029
612522,1031,1028
612523,1023,1029
612524,1019,1031
612525,1018,1036
612526,1018,1043
612527,1019,1044
612528,1021,1046
612529,1015,1047
612530,1013,1046
612531,1009,1051
612532,1010,1054
612533,1009,1054
612534,1006,1051
612535,1003,1052
612536,998,1053
612537,999,1055
612538,1000,1057
612539,1004,1060
612540,1002,1058
612541,997,1057
612542,994,1056
612543,995,1058
612544,998,1057
612545,1000,1058
612546,995,1059
612547,995,1057
612548,994,1057
612549,994,1058
612550,997,1059
612551,1003,1059
612552,1001,1057
612553,1001,1054
612554,999,1055
612555,1000,1060
612556,1002,1063
612557,1007,1060
612558,1003,1057
612559,1002,1052
612560,1001,1054
612561,1005,1058
612562,1009,1059
612563,1009,1056
612564,1010,1056
612565,1006,1051
612566,1004,1050
612567,1003,1054
612568,1006,1055
612569,1009,1051
612570,1010,1052
612571,1004,1050
612572,998,1051
612573,997,1052
612574,999,1058
612575,1004,1058
612576,1004,1054
612577,1006,1048
612578,1003,1053
612579,1004,1058
612580,1006,1063
612581,1007,1065
612582,1008,1060
612583,1006,1056
612584,1005,1054
612585,1005,1057
612586,1008,1061
612587,1009,1060
612588,1005,1055
612589,1003,1052
612590,1000,1053
612591,1000,1056
612592,1004,1057
612593,1006,1059
612594,1006,1056
612595,1002,1051
612596,1003,1051
612597,1005,1054
612598,1006,1058
612599,1009,1056
612600,1007,1054
612601,1004,1052
612602,1001,1052
612603,1001,1054
612604,1007,1057
612605,1007,1057
612606,1006,1056
612607,1002,1052
612608,1000,1051
612609,1004,1052
612610,1005,1055
612611,1007,1055
612612,1007,1053
612613,1004,1052
612614,1001,1051
612615,997,1051
612616,1000,1054
612617,997,1055
612618,999,1052
612619,998,1052
612620,996,1050
612621,995,1053
612622,996,1056
612623,998,1059
612624,998,1058
612625,996,1059
612626,992,1056
612627,994,1059
612628,993,1064
612629,996,1062
612630,995,1060
612631,988,1059
612632,986,1055
612633,990,1057
612634,993,1058
612635,997,1058
612636,996,1058
612637,995,1054
612638,992,1053
612639,992,1056
612640,994,1058
612641,997,1056
612642,997,1055
612643,996,1053
612644,990,1051
612645,995,1057
612646,996,1056
612647,998,1054
612648,997,1050
612649,992,1052
612650,988,1048
612651,989,1051
612652,995,1056
612653,999,1055
612654,1001,1055
612655,999,1052
612656,997,1054
612657,999,1054
612658,1001,1057
612659,1003,1056
612660,1000,1053
612661,1000,1049
612662,994,1048
612663,997,1050
612664,1000,1054
612665,999,1055
612666,997,1054
612667,997,1052
612668,995,1054
612669,996,1053
612670,996,1058
612671,999,1060
612672,999,1061
612673,998,1059
612674,998,1062
612675,1000,1061
612676,1002,1063
612677,1010,1066
612678,1010,1060
612679,1007,1054
612680,1006,1049
612681,1012,1048
612682,1023,1044
612683,1037,1038
612684,1055,1032
612685,1071,1025
612686,1096,1014
612687,1131,1005
612688,1170,996
612689,1209,994
612690,1248,998
612691,1286,1005
612692,1313,1030
612693,1330,1051
612694,1320,1061
612695,1280,1063
612696,1220,1070
612697,1157,1079
612698,1096,1094
612699,1036,1106
612700,989,1115
612701,972,1115
612702,972,1106
612703,979,1093
612704,985,1079
612705,992,1072
612706,1001,1068
612707,1004,1062
612708,999,1056
612709,992,1051
612710,985,1055
612711,980,1054
612712,982,1056
612713,981,1055
612714,976,1049
612715,977,1049
612716,974,1051
612717,972,1056
612718,975,1057
612719,977,1060
612720,977,1057
612721,973,1057
612722,970,1059
612723,969,1063
612724,969,1065
612725,970,1065
612726,969,1062
612727,970,1059
612728,970,1056
612729,967,1061
612730,970,1061
612731,972,1064
612732,974,1060
612733,973,1057
612734,974,1057
612735,974,1059
612736,976,1061
612737,975,1061
612738,974,1059
612739,974,1054
612740,970,1054
612741,972,1055
612742,971,1057
612743,978,1057
612744,980,1057
612745,975,1054
612746,976,1053
612747,975,1053
612748,980,1055
612749,976,1056
612750,976,1052
612751,972,1046
612752,970,1046
612753,971,1049
612754,972,1048
612755,976,1046
612756,975,1045
612757,972,1041
612758,967,1038
612759,969,1041
612760,973,1042
612761,979,1041
612762,978,1035
612763,978,1032
612764,978,1030
612765,980,1035
612766,986,1036
612767,988,1036
612768,984,1035
612769,984,1031
612770,983,1031
612771,985,1032
612772,989,1032
612773,994,1036
612774,997,1032
612775,994,1027
612776,991,1025
612777,993,1026
612778,993,1026
612779,998,1026
612780,1000,1023
612781,1000,1021
612782,998,1019
612783,1000,1022
612784,1003,1024
612785,1006,1022
612786,1009,1020
612787,1005,1018
612788,1007,1014
612789,1010,1019
612790,1011,1019
612791,1016,1020
612792,1018,1018
612793,1015,1016
612794,1013,1017
612795,1012,1020
612796,1015,1021
612797,1019,1023
612798,1018,1020
612799,1014,1020
612800,1013,1022
612801,1013,1024
612802,1014,1025
612803,1013,1027
612804,1011,1027
612805,1007,1028
612806,1002,1033
612807,1003,1034
612808,1003,1041
612809,1002,1040
612810,1006,1039
612811,1003,1036
612812,999,1039
612813,995,1044
612814,992,1048
612815,996,1048
612816,995,1049
612817,990,1046
612818,991,1049
612819,992,1051
612820,992,1053
612821,992,1055
612822,990,1054
612823,985,1053
612824,988,1052
612825,988,1054
612826,990,1059
612827,987,1057
612828,988,1057
612829,991,1056
612830,991,1055
612831,989,1057
612832,987,1058
612833,989,1059
612834,993,1057
612835,995,1052
612836,993,1053
612837,991,1053
612838,995,1054
612839,999,1055
612840,996,1053
612841,992,1051
612842,990,1052
612843,989,1052
612844,992,1054
612845,996,1054
612846,995,1049
612847,993,1046
612848,986,1045
612849,984,1049
612850,986,1050
612851,990,1051
612852,989,1047
612853,984,1046
612854,982,1046
612855,984,1051
612856,985,1054
612857,985,1053
612858,988,1051
612859,985,1050
612860,982,1050
612861,982,1053
612862,989,1057
612863,995,1058
612864,993,1058
612865,988,1055
612866,986,1055
612867,987,1056
612868,988,1060
612869,992,1061
612870,991,1061
612871,987,1058
612872,986,1055
612873,985,1059
612874,988,1061
612875,989,1061
612876,989,1059
612877,988,1057
612878,986,1058
612879,984,1061
612880,987,1063
612881,993,1063
612882,993,1057
612883,987,1058
612884,984,1057
612885,980,1060
612886,984,1061
612887,990,1060
612888,990,1060
612889,987,1057
612890,983,1059
612891,984,1061
612892,985,1060
612893,986,1061
612894,986,1059
612895,983,1054
612896,981,1050
612897,981,1054
612898,986,1053
612899,986,1053
612900,985,1052
612901,984,1046
612902,981,1046
612903,982,1048
612904,985,1050
612905,987,1049
612906,988,1049
612907,985,1046
612908,980,1045
612909,983,1050
612910,983,1053
612911,989,1051
612912,987,1052
612913,982,1051
612914,979,1050
612915,974,1055
612916,979,1058
612917,983,1059
612918,985,1055
612919,984,1052
612920,980,1053
612921,983,1054
612922,985,1058
612923,987,1058
612924,987,1056
612925,983,1055
612926,980,1053
612927,980,1058
612928,981,1059
612929,984,1059
612930,984,1057
612931,981,1055
612932,975,1057
612933,976,1058
612934,981,1063
612935,985,1059
612936,986,1060
612937,983,1058
612938,981,1055
612939,981,1058
612940,982,1060
612941,982,1060
612942,981,1057
612943,980,1053
612944,980,1052
612945,981,1055
612946,979,1056
612947,981,1056
612948,980,1053
612949,977,1048
612950,974,1049
612951,978,1051
612952,980,1055
612953,986,1055
612954,988,1054
612955,986,1053
612956,983,1053
612957,985,1055
612958,990,1058
612959,990,1058
612960,986,1057
612961,985,1054
612962,980,1054
612963,984,1059
612964,986,1060
612965,990,1061
612966,988,1060
612967,986,1058
612968,982,1055
612969,982,1058
612970,984,1062
612971,990,1063
612972,990,1060
612973,988,1056
612974,986,1055
612975,987,1059
612976,988,1062
612977,989,1061
612978,990,1061
612979,985,1056
612980,984,1059
612981,988,1060
612982,988,1063
612983,991,1061
612984,989,1058
612985,986,1056
612986,984,1056
612987,984,1058
612988,983,1060
612989,988,1058
612990,992,1057
612991,988,1053
612992,984,1052
612993,986,1054
612994,988,1058
612995,991,1055
612996,990,1049
612997,993,1045
612998,998,1041
612999,1009,1037
613000,1018,1036
613001,1040,1029
613002,1060,1021
613003,1083,1011
613004,1111,999
613005,1150,991
613006,1191,992
613007,1232,993
613008,1270,1003
613009,1301,1016
613010,1318,1038
613011,1316,1051
613012,1292,1057
613013,1247,1060
613014,1188,1064
613015,1125,1074
613016,1063,1085
613017,1011,1093
613018,979,1099
613019,971,1097
613020,976,1086
613021,984,1072
613022,990,1062
613023,992,1063
613024,995,1060
613025,995,1060
613026,991,1054
613027,984,1053
613028,976,1053
613029,976,1056
613030,976,1059
613031,978,1059
613032,975,1056
613033,970,1056
613034,966,1058
613035,965,1058
613036,969,1060
613037,973,1059
613038,971,1058
613039,968,1055
613040,962,1055
613041,964,1059
613042,964,1059
613043,962,1061
613044,966,1059
613045,961,1055
613046,960,1055
613047,960,1059
613048,961,1061
613049,965,1062
613050,964,1058
613051,961,1057
613052,957,1056
613053,953,1060
613054,957,1064
613055,958,1062
613056,958,1061
613057,955,1056
613058,952,1056
613059,953,1055
613060,951,1059
613061,956,1053
613062,957,1053
613063,956,1049
613064,951,1048
613065,949,1050
613066,957,1053
613067,960,1051
613068,958,1049
613069,956,1044
613070,953,1041
613071,952,1046
613072,959,1048
613073,962,1047
613074,967,1044
613075,968,1043
613076,965,1043
613077,971,1045
613078,974,1047
613079,977,1044
613080,977,1044
613081,978,1039
613082,976,1038
613083,977,1041
613084,982,1040
613085,985,1039
613086,985,1037
613087,985,1034
613088,984,1033
613089,985,1034
613090,984,1034
613091,987,1035
613092,988,1033
613093,986,1029
613094,987,1029
613095,986,1029
613096,988,1032
613097,993,1031
613098,991,1027
613099,989,1026
613100,985,1026
613101,986,1027
613102,991,1030
613103,992,1029
613104,991,1025
613105,991,1021
613106,988,1021
613107,987,1024
613108,990,1025
613109,991,1026
613110,989,1025
613111,987,1022
613112,985,1023
613113,986,1026
613114,988,1027
613115,989,1029
613116,991,1027
613117,990,1022
613118,988,1022
613119,988,1026
613120,989,1030
613121,993,1030
613122,988,1028
613123,989,1025
613124,984,1029
613125,986,1031
613126,986,1033
613127,987,1035
613128,980,1036
613129,981,1034
613130,977,1037
613131,980,1043
613132,982,1047
613133,984,1048
613134,981,1049
613135,979,1045
613136,978,1046
613137,977,1050
613138,979,1058
613139,979,1055
613140,978,1055
613141,976,1053
613142,972,1051
613143,968,1056
613144,974,1060
613145,974,1060
613146,976,1056
613147,970,1055
613148,968,1055
613149,967,1058
613150,971,1063
613151,974,1061
613152,972,1059
613153,970,1058
613154,969,1058
613155,969,1060
613156,970,1062
613157,973,1063
613158,972,1060
613159,970,1060
613160,968,1059
613161,967,1063
613162,972,1063
613163,974,1062
613164,974,1060
613165,969,1059
613166,968,1058
613167,969,1059
613168,970,1060
613169,971,1058
613170,974,1055
613171,970,1052
613172,969,1053
613173,966,1051
613174,971,1054
613175,973,1051
613176,972,1049
613177,966,1048
613178,966,1048
613179,966,1049
613180,968,1050
613181,970,1051
613182,968,1047
613183,964,1045
613184,964,1046
613185,963,1049
613186,965,1052
613187,968,1052
613188,968,1047
613189,966,1043
613190,964,1042
613191,965,1042
613192,968,1045
613193,972,1043
613194,971,1044
613195,968,1040
613196,965,1043
613197,965,1045
613198,967,1048
613199,969,1050
613200,966,1047
613201,965,1047
613202,964,1047
613203,963,1050
613204,966,1053
613205,967,1053
613206,967,1051
613207,962,1049
613208,961,1049
613209,962,1054
613210,963,1057
613211,967,1058
613212,966,1055
613213,964,1051
613214,962,1052
613215,963,1056
613216,965,1057
613217,968,1059
613218,967,1057
613219,963,1054
613220,962,1054
613221,962,1057
613222,967,1060
613223,971,1057
613224,969,1056
613225,966,1054
613226,960,1053
613227,963,1056
613228,967,1056
613229,969,1053
613230,967,1048
613231,966,1043
613232,966,1040
613233,974,1041
613234,984,1040
613235,995,1039
613236,1006,1035
613237,1019,1027
613238,1036,1014
613239,1062,1008
613240,1094,1006
613241,1127,1010
613242,1155,1020
613243,1172,1036
613244,1175,1049
613245,1159,1054
613246,1135,1060
613247,1098,1070
613248,1054,1083
613249,1003,1090
613250,969,1091
613251,952,1089
613252,950,1084
613253,958,1073
613254,964,1064
613255,967,1054
613256,963,1050
613257,963,1051
613258,963,1053
613259,961,1054
613260,960,1052
613261,958,1051
613262,952,1054
613263,953,1053
613264,954,1054
613265,954,1055
613266,950,1053
613267,949,1054
613268,948,1053
613269,949,1056
613270,951,1057
613271,955,1058
613272,952,1054
613273,951,1052
613274,947,1051
613275,950,1052
613276,953,1055
613277,956,1057
613278,956,1057
613279,952,1054
613280,949,1052
613281,952,1058
613282,957,1056
613283,959,1060
613284,953,1057
613285,955,1055
613286,953,1055
613287,953,1058
613288,954,1059
613289,959,1059
613290,959,1054
613291,955,1049
613292,952,1049
613293,954,1047
613294,955,1052
613295,956,1050
613296,955,1045
613297,956,1042
613298,953,1041
613299,954,1041
613300,959,1045
613301,960,1044
613302,961,1041
613303,957,1039
613304,956,1038
613305,957,1038
613306,964,1040
613307,965,1038
613308,964,1034
613309,963,1033
613310,960,1032
613311,963,1031
613312,968,1033
613313,971,1032
613314,972,1029
613315,969,1025
613316,972,1026
613317,974,1024
613318,975,1027
613319,980,1027
613320,980,1023
613321,981,1019
613322,980,1019
613323,981,1019
613324,988,1020
613325,991,1019
613326,992,1017
613327,991,1014
613328,991,1014
613329,989,1016
613330,992,1017
613331,995,1016
613332,996,1014
613333,996,1010
613334,993,1008
613335,995,1013
613336,1000,1013
613337,1001,1014
613338,1000,1014
613339,999,1010
613340,993,1008
613341,994,1014
613342,996,1015
613343,998,1014
613344,996,1016
613345,992,1016
613346,992,1017
613347,991,1021
613348,994,1027
613349,994,1030
613350,992,1029
613351,988,1028
613352,985,1032
613353,986,1036
613354,983,1038
613355,986,1039
613356,982,1042
613357,977,1040
613358,973,1041
613359,975,1046
613360,975,1049
613361,981,1048
613362,975,1049
613363,971,1047
613364,969,1051
613365,971,1053
613366,975,1055
613367,979,1057
613368,975,1056
613369,972,1053
613370,972,1053
613371,975,1054
613372,977,1057
613373,978,1058
613374,981,1058
613375,979,1054
613376,976,1054
613377,976,1056
613378,980,1058
613379,983,1057
613380,981,1055
613381,980,1052
613382,980,1054
613383,979,1057
613384,978,1060
613385,984,1060
613386,980,1055
613387,977,1053
613388,975,1049
613389,977,1049
613390,978,1050
613391,981,1047
613392,980,1046
613393,976,1042
613394,974,1041
613395,977,1045
613396,978,1044
613397,979,1045
613398,978,1043
613399,977,1041
613400,973,1039
613401,973,1041
613402,972,1044
613403,978,1046
613404,978,1048
613405,976,1043
613406,974,1046
613407,974,1048
613408,975,1050
613409,975,1050
613410,974,1047
613411,973,1048
613412,974,1049
613413,974,1051
613414,975,1054
613415,979,1052
613416,974,1053
613417,978,1050
613418,976,1049
613419,976,1051
613420,977,1051
613421,979,1053
613422,978,1051
613423,977,1050
613424,976,1049
613425,975,1052
613426,978,1053
613427,980,1052
613428,980,1051
613429,976,1048
613430,972,1051
613431,973,1053
613432,979,1053
613433,981,1055
613434,978,1053
613435,973,1049
613436,972,1048
613437,972,1047
613438,975,1049
613439,978,1049
613440,980,1048
613441,974,1044
613442,976,1044
613443,976,1047
613444,974,1050
613445,978,1048
613446,975,1046
613447,975,1044
613448,977,1045
613449,976,1045
613450,978,1050
613451,979,1048
613452,981,1046
613453,976,1045
613454,974,1044
613455,976,1045
613456,977,1051
613457,981,1050
613458,980,1050
613459,977,1044
613460,976,1042
613461,977,1041
613462,985,1042
613463,994,1040
613464,1007,1035
613465,1022,1029
613466,1038,1027
613467,1066,1017
613468,1105,1008
613469,1154,998
613470,1202,991
613471,1249,995
613472,1289,1013
613473,1318,1036
613474,1316,1047
613475,1283,1049
613476,1223,1053
613477,1155,1066
613478,1084,1083
613479,1022,1100
613480,968,1109
613481,946,1106
613482,947,1091
613483,960,1077
613484,972,1063
613485,980,1055
613486,982,1052
613487,975,1051
613488,968,1046
613489,965,1044
613490,960,1044
613491,958,1045
613492,958,1046
613493,960,1046
613494,958,1044
613495,956,1043
613496,954,1043
613497,955,1048
613498,956,1048
613499,957,1049
613500,954,1048
613501,953,1046
613502,951,1043
613503,949,1047
613504,951,1051
613505,953,1050
613506,951,1048
613507,951,1047
613508,947,1047
613509,947,1051
613510,952,1053
613511,953,1055
613512,949,1053
613513,944,1050
613514,942,1052
613515,945,1052
613516,951,1056
613517,955,1054
613518,953,1057
613519,950,1055
613520,950,1054
613521,951,1054
613522,951,1055
613523,950,1050
613524,952,1052
613525,952,1047
613526,951,1046
613527,951,1048
613528,951,1053
613529,952,1052
613530,957,1044
613531,954,1039
613532,949,1035
613533,948,1033
613534,950,1032
613535,955,1029
613536,955,1024
613537,956,1024
613538,957,1023
613539,962,1025
613540,963,1025
613541,963,1021
613542,960,1019
613543,959,1015
613544,962,1014
613545,963,1012
613546,967,1015
613547,972,1013
613548,968,1011
613549,966,1008
613550,966,1008
613551,969,1010
613552,971,1010
613553,972,1008
613554,971,1008
613555,973,1006
613556,971,1006
613557,971,1008
613558,971,1009
613559,976,1008
613560,980,1006
613561,980,1002
613562,982,1005
613563,978,1005
613564,982,1012
613565,987,1013
613566,989,1010
613567,988,1011
613568,987,1012
613569,990,1015
613570,994,1018
613571,997,1020
613572,994,1021
613573,987,1021
613574,985,1022
613575,989,1028
613576,991,1034
613577,993,1033
613578,987,1032
613579,987,1030
613580,980,1030
613581,983,1034
613582,983,1036
613583,985,1040
613584,984,1038
613585,978,1038
613586,973,1039
613587,975,1041
613588,974,1047
613589,976,1047
613590,975,1046
613591,971,1045
613592,969,1048
613593,970,1048
613594,973,1051
613595,976,1051
613596,975,1052
613597,969,1048
613598,969,1049
613599,968,1052
613600,971,1054
613601,971,1054
613602,974,1051
613603,967,1050
613604,965,1052
613605,966,1054
613606,972,1056
613607,976,1055
613608,975,1055
613609,974,1054
613610,970,1055
613611,969,1056
613612,973,1058
613613,977,1057
613614,977,1055
613615,976,1053
613616,975,1051
613617,976,1052
613618,982,1053
613619,984,1052
613620,981,1049
613621,975,1043
613622,974,1044
613623,974,1043
613624,979,1042
613625,981,1042
613626,978,1040
613627,977,1035
613628,976,1035
613629,977,1041
613630,977,1039
613631,977,1042
613632,975,1038
613633,969,1035
613634,969,1036
613635,968,1036
613636,971,1040
613637,973,1039
613638,972,1037
613639,969,1036
613640,968,1039
613641,969,1043
613642,974,1047
613643,975,1047
613644,971,1046
613645,966,1042
613646,966,1043
613647,966,1049
613648,969,1051
613649,970,1053
613650,969,1051
613651,970,1049
613652,968,1050
613653,967,1054
613654,969,1055
613655,972,1058
613656,970,1053
613657,966,1051
613658,960,1056
613659,965,1056
613660,968,1060
613661,973,1059
613662,972,1059
613663,972,1061
613664,970,1061
613665,972,1063
613666,974,1063
613667,976,1061
613668,973,1055
613669,970,1050
613670,970,1048
613671,971,1052
613672,974,1053
613673,978,1052
613674,977,1050
613675,971,1046
613676,970,1045
613677,974,1044
613678,975,1048
613679,977,1043
613680,978,1038
613681,978,1033
613682,984,1031
613683,996,1031
613684,1012,1031
613685,1036,1026
613686,1059,1019
613687,1092,1003
613688,1136,996
613689,1185,993
613690,1240,1004
613691,1293,1023
613692,1323,1045
613693,1322,1051
613694,1288,1057
613695,1234,1060
613696,1167,1072
613697,1096,1091
613698,1018,1105
613699,961,1110
613700,931,1113
613701,935,1106
613702,952,1095
613703,968,1079
613704,971,1072
613705,969,1060
613706,967,1055
613707,962,1058
613708,963,1062
613709,964,1062
613710,962,1060
613711,952,1055
613712,951,1055
613713,949,1057
613714,953,1056
613715,955,1052
613716,954,1049
613717,948,1046
613718,948,1044
613719,944,1046
613720,948,1047
613721,952,1048
613722,950,1045
613723,949,1041
613724,947,1044
613725,946,1045
613726,947,1049
613727,951,1049
613728,946,1045
613729,945,1044
613730,941,1044
613731,941,1047
613732,945,1047
613733,948,1047
613734,947,1044
613735,946,1042
613736,942,1044
613737,944,1049
613738,947,1050
613739,948,1051
613740,948,1050
613741,944,1046
613742,943,1047
613743,947,1050
613744,950,1052
613745,953,1054
613746,951,1052
613747,950,1048
613748,948,1048
613749,948,1049
613750,956,1052
613751,961,1054
613752,961,1051
613753,962,1047
613754,962,1046
613755,962,1044
613756,968,1045
613757,969,1044
613758,969,1040
613759,966,1035
613760,963,1033
613761,964,1035
613762,965,1034
613763,970,1028
613764,970,1024
613765,969,1022
613766,966,1021
613767,964,1021
613768,969,1022
613769,973,1018
613770,972,1016
613771,973,1015
613772,971,1013
613773,968,1014
613774,971,1017
613775,974,1016
613776,974,1014
613777,972,1009
613778,970,1010
613779,972,1011
613780,976,1013
613781,978,1013
613782,978,1009
613783,978,1009
613784,974,1010
613785,977,1013
613786,984,1016
613787,987,1016
613788,987,1020
613789,990,1018
613790,987,1020
613791,985,1024
613792,988,1029
613793,993,1031
613794,995,1027
613795,992,1023
613796,991,1027
613797,992,1032
613798,992,1033
613799,995,1037
613800,995,1039
613801,985,1040
613802,978,1044
613803,980,1044
613804,983,1045
613805,983,1045
613806,981,1043
613807,977,1041
613808,971,1042
613809,973,1045
613810,971,1053
613811,975,1052
613812,970,1049
613813,968,1048
613814,964,1044
613815,968,1048
613816,969,1049
613817,973,1049
613818,974,1050
613819,968,1047
613820,966,1047
613821,969,1050
613822,970,1052
613823,975,1053
613824,974,1050
613825,970,1047
613826,970,1050
613827,969,1057
613828,972,1060
613829,975,1059
613830,973,1053
613831,971,1052
613832,971,1051
613833,971,1052
613834,973,1054
613835,976,1051
613836,976,1049
613837,977,1052
613838,976,1057
613839,980,1062
613840,984,1063
613841,988,1060
613842,987,1056
613843,981,1053
613844,978,1055
613845,979,1056
613846,982,1054
613847,982,1051
613848,979,1048
613849,976,1043
613850,972,1046
613851,973,1045
613852,975,1047
613853,977,1044
613854,974,1041
613855,968,1040
613856,967,1039
613857,968,1042
613858,966,1044
613859,969,1045
613860,966,1045
613861,964,1045
613862,964,1049
613863,965,1050
613864,961,1049
613865,963,1046
613866,966,1045
613867,964,1043
613868,960,1045
613869,960,1045
613870,963,1050
613871,968,1052
613872,965,1051
613873,961,1054
613874,960,1059
613875,962,1058
613876,965,1058
613877,967,1051
613878,963,1049
613879,964,1048
613880,964,1050
613881,965,1054
613882,965,1057
613883,967,1061
613884,964,1064
613885,960,1063
613886,960,1063
613887,961,1061
613888,960,1058
613889,965,1055
613890,964,1059
613891,961,1066
613892,958,1072
613893,959,1069
613894,960,1059
613895,965,1050
613896,965,1041
613897,964,1034
613898,961,1034
613899,960,1041
613900,963,1045
613901,963,1045
613902,963,1041
613903,959,1041
613904,957,1043
613905,960,1045
613906,963,1047
613907,964,1045
613908,962,1044
613909,962,1043
613910,960,1043
613911,961,1043
613912,963,1048
613913,964,1047
613914,961,1046
613915,961,1042
613916,958,1041
613917,959,1044
613918,961,1047
613919,961,1044
613920,962,1044
613921,962,1043
613922,959,1047
613923,960,1054
613924,962,1052
613925,962,1049
613926,963,1039
613927,965,1032
613928,967,1028
613929,975,1027
613930,987,1028
613931,1003,1024
613932,1017,1020
613933,1038,1013
613934,1063,997
613935,1099,984
613936,1135,978
613937,1170,979
613938,1196,992
613939,1211,1014
613940,1208,1035
613941,1184,1046
613942,1143,1057
613943,1096,1072
613944,1039,1087
613945,985,1097
613946,951,1103
613947,938,1105
613948,942,1096
613949,954,1078
613950,959,1063
613951,957,1049
613952,956,1047
613953,953,1052
613954,954,1057
613955,954,1058
613956,952,1056
613957,948,1052
613958,946,1054
613959,946,1056
613960,947,1053
613961,949,1052
613962,948,1047
613963,946,1044
613964,946,1047
613965,947,1050
613966,946,1053
613967,947,1060
613968,948,1060
613969,944,1053
613970,942,1046
613971,948,1045
613972,949,1047
613973,952,1047
613974,951,1044
613975,950,1043
613976,948,1043
613977,950,1047
613978,951,1052
613979,953,1050
613980,952,1049
613981,952,1047
613982,950,1047
613983,951,1049
613984,952,1051
613985,954,1056
613986,951,1053
613987,948,1051
613988,948,1055
613989,948,1063
613990,947,1063
613991,952,1066
613992,953,1064
613993,952,1061
613994,949,1055
613995,948,1048
613996,952,1049
613997,958,1050
613998,958,1051
613999,952,1047
614000,951,1041
614001,951,1036
614002,955,1038
614003,957,1036
614004,958,1031
614005,954,1028
614006,949,1029
614007,952,1029
614008,955,1029
614009,960,1024
614010,960,1023
614011,955,1024
614012,955,1026
614013,956,1022
614014,958,1019
614015,960,1017
614016,961,1015
614017,959,1011
614018,959,1009
614019,961,1009
614020,965,1015
614021,966,1013
614022,963,1009
614023,962,1006
614024,960,1009
614025,962,1010
614026,967,1013
614027,969,1014
614028,972,1010
614029,969,1007
614030,969,1008
614031,969,1006
614032,971,1009
614033,973,1010
614034,978,1005
614035,976,1005
614036,973,1007
614037,972,1011
614038,975,1016
614039,978,1016
614040,979,1013
614041,978,1012
614042,976,1019
614043,974,1026
614044,980,1036
614045,983,1039
614046,979,1043
614047,976,1044
614048,973,1052
614049,976,1059
614050,977,1065
614051,980,1067
614052,975,1060
614053,971,1055
614054,969,1051
614055,968,1048
614056,969,1047
614057,970,1044
614058,970,1044
614059,965,1044
614060,960,1047
614061,959,1050
614062,962,1048
614063,969,1047
614064,965,1047
614065,960,1044
614066,958,1047
614067,957,1051
614068,961,1051
614069,962,1050
614070,964,1049
614071,962,1049
614072,961,1044
614073,960,1048
614074,960,1053
614075,966,1053
614076,963,1050
614077,961,1047
614078,958,1043
614079,957,1042
614080,960,1042
614081,962,1044
614082,964,1047
614083,962,1047
614084,962,1050
614085,963,1050
614086,964,1052
614087,964,1051
614088,966,1046
614089,964,1045
614090,962,1043
614091,963,1047
614092,965,1052
614093,965,1054
614094,962,1057
614095,961,1055
614096,960,1057
614097,962,1060
614098,967,1056
614099,970,1049
614100,972,1045
614101,972,1047
614102,967,1046
614103,966,1050
614104,967,1053
614105,969,1056
614106,970,1055
614107,965,1050
614108,962,1048
614109,964,1048
614110,966,1050
614111,965,1051
614112,962,1048
614113,957,1045
614114,952,1045
614115,955,1051
614116,958,1054
614117,960,1049
614118,958,1046
614119,954,1043
614120,952,1047
614121,956,1050
614122,958,1055
614123,956,1054
614124,953,1055
614125,951,1051
614126,949,1048
614127,952,1047
614128,957,1050
614129,963,1051
614130,964,1051
614131,959,1046
614132,958,1047
614133,961,1048
614134,967,1052
614135,970,1053
614136,964,1055
614137,962,1059
614138,961,1063
614139,960,1061
614140,961,1056
614141,960,1052
614142,959,1050
614143,962,1054
614144,962,1060
614145,957,1064
614146,957,1067
614147,961,1064
614148,960,1054
614149,963,1048
614150,961,1046
614151,959,1048
614152,963,1050
614153,967,1050
614154,970,1051
614155,966,1048
614156,958,1048
614157,963,1049
614158,963,1053
614159,965,1051
614160,962,1048
614161,960,1050
614162,959,1050
614163,962,1051
614164,965,1051
614165,965,1046
614166,965,1047
614167,962,1042
614168,962,1044
614169,964,1045
614170,964,1049
614171,965,1047
614172,963,1047
614173,961,1046
614174,964,1047
614175,966,1050
614176,967,1053
614177,972,1050
614178,972,1048
614179,970,1050
614180,969,1053
614181,967,1054
614182,965,1057
614183,964,1058
614184,966,1058
614185,964,1057
614186,963,1057
614187,966,1057
614188,965,1061
614189,966,1061
614190,967,1062
614191,958,1055
614192,959,1051
614193,965,1051
614194,963,1054
614195,966,1054
614196,966,1053
614197,964,1050
614198,962,1052
614199,963,1055
614200,962,1057
614201,966,1056
614202,966,1055
614203,962,1049
614204,961,1048
614205,956,1050
614206,959,1049
614207,959,1049
614208,959,1046
614209,957,1047
614210,954,1051
614211,954,1055
614212,956,1058
614213,958,1054
614214,959,1053
614215,959,1052
614216,958,1049
614217,957,1046
614218,956,1043
614219,960,1040
614220,960,1036
614221,961,1038
614222,956,1043
614223,960,1049
614224,962,1052
614225,965,1054
614226,963,1052
614227,965,1051
614228,963,1049
614229,963,1047
614230,965,1048
614231,969,1048
614232,971,1050
614233,972,1054
614234,969,1057
614235,967,1059
614236,969,1054
614237,967,1046
614238,966,1038
614239,966,1037
614240,966,1036
614241,967,1042
614242,967,1044
614243,972,1043
614244,968,1041
614245,967,1041
614246,965,1041
614247,967,1043
614248,970,1048
614249,972,1048
614250,967,1048
614251,965,1047
614252,964,1048
614253,966,1050
614254,966,1051
614255,969,1051
614256,965,1054
614257,966,1059
614258,961,1060
614259,965,1055
614260,966,1046
614261,967,1036
614262,963,1033
614263,960,1034
614264,964,1034
614265,968,1038
614266,970,1042
614267,969,1044
614268,967,1044
614269,965,1040
614270,961,1045
614271,961,1048
614272,967,1049
614273,970,1050
614274,969,1049
614275,967,1047
614276,967,1048
614277,965,1052
614278,971,1055
614279,974,1056
614280,971,1052
614281,966,1051
614282,964,1051
614283,966,1051
614284,968,1050
614285,969,1045
614286,967,1046
614287,963,1041
614288,963,1042
614289,964,1045
614290,966,1046
614291,970,1043
614292,969,1041
614293,967,1039
614294,964,1039
614295,965,1043
614296,967,1046
614297,971,1046
614298,968,1045
614299,967,1040
614300,969,1041
614301,970,1046
614302,973,1047
614303,972,1045
614304,971,1044
614305,966,1041
614306,967,1043
614307,968,1048
614308,974,1053
614309,973,1050
614310,974,1046
614311,971,1043
614312,970,1044
614313,973,1046
614314,974,1047
614315,977,1046
614316,976,1046
614317,976,1045
614318,972,1047
614319,973,1051
614320,976,1053
614321,981,1056
614322,981,1052
614323,979,1051
614324,979,1051
614325,978,1051
614326,983,1050
614327,986,1049
614328,980,1048
614329,977,1048
614330,974,1054
614331,975,1058
614332,981,1057
614333,981,1050
614334,983,1042
614335,976,1037
614336,975,1038
614337,978,1043
614338,980,1046
614339,983,1044
614340,981,1042
614341,980,1040
614342,978,1042
614343,979,1041
614344,983,1044
614345,982,1046
614346,980,1046
614347,977,1043
614348,975,1047
614349,977,1049
614350,978,1053
614351,982,1045
614352,981,1043
614353,979,1038
614354,974,1042
614355,975,1042
614356,980,1042
614357,990,1037
614358,1004,1031
614359,1018,1021
614360,1035,1018
614361,1062,1018
614362,1092,1011
614363,1131,1000
614364,1171,985
614365,1213,980
614366,1250,983
614367,1289,999
614368,1311,1016
614369,1306,1030
614370,1266,1033
614371,1205,1036
614372,1139,1048
614373,1078,1064
614374,1028,1074
614375,986,1076
614376,957,1076
614377,952,1071
614378,961,1061
614379,973,1054
614380,983,1052
614381,986,1052
614382,976,1055
614383,970,1051
614384,966,1050
614385,963,1046
614386,966,1042
614387,967,1042
614388,964,1038
614389,960,1037
614390,955,1039
614391,958,1040
614392,954,1046
614393,956,1047
614394,956,1046
614395,953,1042
614396,951,1046
614397,952,1047
614398,954,1052
614399,958,1053
614400,957,1047
614401,952,1046
614402,954,1045
614403,954,1048
614404,955,1054
614405,957,1053
614406,952,1050
614407,950,1046
614408,947,1044
614409,947,1044
614410,948,1046
614411,951,1048
614412,946,1047
614413,948,1048
614414,947,1047
614415,948,1053
614416,953,1057
614417,955,1058
614418,953,1058
614419,951,1058
614420,949,1062
614421,952,1060
614422,956,1059
614423,958,1058
614424,954,1058
614425,956,1055
614426,951,1056
614427,951,1058
614428,952,1054
614429,955,1048
614430,954,1044
614431,953,1045
614432,949,1047
614433,948,1054
614434,949,1059
614435,952,1061
614436,955,1056
614437,955,1044
614438,953,1035
614439,956,1031
614440,959,1033
614441,961,1032
614442,962,1032
614443,958,1030
614444,958,1032
614445,960,1036
614446,963,1040
614447,963,1037
614448,966,1034
614449,965,1030
614450,962,1030
614451,962,1031
614452,966,1030
614453,970,1033
614454,970,1032
614455,970,1031
614456,970,1029
614457,971,1027
614458,975,1028
614459,978,1027
614460,977,1023
614461,976,1024
614462,975,1027
614463,979,1031
614464,986,1034
614465,988,1032
614466,986,1032
614467,985,1029
614468,986,1030
614469,988,1031
614470,995,1028
614471,1000,1025
614472,1002,1022
614473,1001,1021
614474,1000,1023
614475,1003,1023
614476,1007,1027
614477,1011,1026
614478,1009,1023
614479,1007,1021
614480,1002,1022
614481,1001,1024
614482,1003,1027
614483,1005,1028
614484,1003,1024
614485,1000,1023
614486,995,1025
614487,992,1029
614488,992,1034
614489,992,1034
614490,989,1035
614491,986,1032
614492,981,1034
614493,977,1039
614494,977,1041
614495,977,1045
614496,973,1044
614497,969,1040
614498,969,1042
614499,967,1046
614500,970,1046
614501,972,1046
614502,967,1046
614503,964,1046
614504,964,1045
614505,966,1049
614506,965,1052
614507,965,1053
614508,966,1052
614509,967,1049
614510,967,1050
614511,970,1056
614512,973,1059
614513,977,1062
614514,980,1060
614515,975,1059
614516,972,1057
614517,976,1057
614518,979,1058
614519,980,1056
614520,977,1050
614521,976,1047
614522,976,1045
614523,977,1048
614524,977,1049
614525,976,1049
614526,980,1049
614527,980,1045
614528,978,1046
614529,981,1048
614530,985,1051
614531,986,1047
614532,982,1046
614533,980,1046
614534,978,1044
614535,978,1048
614536,979,1048
614537,980,1048
614538,975,1044
614539,973,1040
614540,974,1041
614541,975,1045
614542,977,1047
614543,978,1046
614544,973,1045
614545,971,1039
614546,970,1041
614547,970,1042
614548,969,1044
614549,972,1045
614550,967,1043
614551,962,1042
614552,961,1043
614553,963,1046
614554,967,1048
614555,970,1048
614556,967,1046
614557,963,1045
614558,961,1046
614559,963,1052
614560,966,1053
614561,967,1051
614562,963,1051
614563,963,1050
614564,964,1051
614565,964,1054
614566,970,1055
614567,970,1051
614568,969,1051
614569,968,1049
614570,966,1049
614571,969,1054
614572,972,1060
614573,972,1060
614574,972,1059
614575,971,1058
614576,969,1058
614577,966,1059
614578,967,1055
614579,971,1048
614580,969,1043
614581,968,1038
614582,969,1044
614583,969,1045
614584,971,1049
614585,975,1046
614586,973,1044
614587,969,1041
614588,966,1042
614589,967,1043
614590,969,1045
614591,971,1045
614592,970,1043
614593,968,1043
614594,963,1044
614595,964,1045
614596,966,1049
614597,971,1050
614598,969,1047
614599,967,1039
614600,966,1041
614601,966,1042
614602,970,1040
614603,971,1039
614604,969,1038
614605,969,1037
614606,966,1035
614607,966,1040
614608,966,1044
614609,968,1045
614610,966,1041
614611,967,1041
614612,964,1042
614613,967,1042
614614,970,1044
614615,972,1044
614616,971,1039
614617,970,1036
614618,971,1032
614619,979,1032
614620,986,1034
614621,998,1032
614622,1007,1026
614623,1022,1022
614624,1044,1020
614625,1074,1015
614626,1109,1008
614627,1148,999
614628,1187,996
614629,1224,993
614630,1258,999
614631,1288,1015
614632,1300,1033
614633,1286,1040
614634,1240,1038
614635,1185,1041
614636,1126,1049
614637,1061,1072
614638,1003,1087
614639,961,1097
614640,936,1100
614641,934,1098
614642,944,1090
614643,954,1079
614644,965,1066
614645,972,1057
614646,970,1051
614647,964,1045
614648,959,1043
614649,955,1046
614650,957,1050
614651,957,1051
614652,953,1049
614653,947,1043
614654,945,1043
614655,944,1047
614656,946,1055
614657,945,1054
614658,944,1048
614659,942,1041
614660,938,1037
614661,941,1041
614662,945,1046
614663,948,1043
614664,947,1041
614665,944,1039
614666,943,1041
614667,943,1042
614668,948,1046
614669,947,1049
614670,945,1048
614671,944,1048
614672,939,1046
614673,942,1052
614674,946,1056
614675,947,1054
614676,942,1046
614677,943,1043
614678,944,1041
614679,944,1043
614680,945,1049
614681,949,1047
614682,947,1047
614683,945,1043
614684,944,1047
614685,944,1051
614686,948,1059
614687,951,1065
614688,951,1061
614689,950,1056
614690,950,1050
614691,950,1049
614692,949,1047
614693,951,1048
614694,949,1044
614695,943,1040
614696,946,1035
614697,950,1034
614698,955,1032
614699,957,1033
614700,954,1030
614701,951,1024
614702,950,1023
614703,950,1027
614704,954,1031
614705,958,1029
614706,958,1025
614707,956,1023
614708,955,1021
614709,955,1021
614710,959,1024
614711,961,1021
614712,961,1015
614713,963,1011
614714,965,1011
614715,966,1012
614716,969,1016
614717,975,1016
614718,974,1011
614719,971,1009
614720,968,1011
614721,969,1011
614722,975,1012
614723,976,1009
614724,976,1007
614725,974,1005
614726,974,1005
614727,976,1004
614728,977,1007
614729,978,1008
614730,977,1006
614731,973,1004
614732,973,1003
614733,971,1008
614734,979,1011
614735,983,1012
614736,985,1014
614737,980,1016
614738,980,1017
614739,983,1021
614740,986,1027
614741,987,1030
614742,987,1028
614743,984,1028
614744,981,1029
614745,983,1031
614746,982,1034
614747,983,1037
614748,980,1036
614749,977,1035
614750,971,1036
614751,971,1040
614752,970,1041
614753,970,1042
614754,968,1044
614755,962,1044
614756,961,1049
614757,960,1054
614758,961,1061
614759,963,1060
614760,967,1053
614761,963,1047
614762,960,1046
614763,959,1047
614764,963,1048
614765,965,1049
614766,964,1045
614767,961,1046
614768,958,1051
614769,962,1052
614770,964,1055
614771,966,1054
614772,962,1052
614773,959,1055
614774,959,1055
614775,959,1063
614776,960,1070
614777,965,1068
614778,963,1061
614779,963,1052
614780,958,1051
614781,957,1046
614782,961,1047
614783,967,1046
614784,965,1043
614785,966,1046
614786,964,1046
614787,966,1049
614788,969,1053
614789,968,1054
614790,965,1053
614791,961,1051
614792,961,1050
614793,964,1053
614794,967,1054
614795,969,1052
614796,967,1048
614797,964,1046
614798,967,1043
614799,967,1048
614800,967,1048
614801,967,1049
614802,967,1046
614803,965,1043
614804,961,1045
614805,964,1049
614806,968,1048
614807,967,1046
614808,966,1044
614809,963,1041
614810,962,1043
614811,964,1043
614812,964,1045
614813,964,1045
614814,963,1043
614815,964,1039
614816,962,1043
614817,961,1048
614818,964,1053
614819,964,1052
614820,962,1051
614821,961,1050
614822,960,1050
614823,958,1049
614824,960,1048
614825,962,1051
614826,958,1050
614827,955,1047
614828,958,1053
614829,959,1056
614830,965,1060
614831,965,1060
614832,966,1057
614833,963,1054
614834,960,1054
614835,960,1053
614836,964,1055
614837,966,1055
614838,964,1055
614839,965,1051
614840,962,1054
614841,961,1056
614842,965,1059
614843,964,1061
614844,960,1057
614845,960,1052
614846,961,1047
614847,962,1045
614848,966,1047
614849,967,1049
614850,967,1047
614851,964,1050
614852,960,1050
614853,959,1051
614854,962,1053
614855,964,1053
614856,964,1050
614857,961,1045
614858,959,1047
614859,960,1050
614860,963,1053
614861,963,1052
614862,959,1052
614863,957,1049
614864,956,1049
614865,958,1052
614866,961,1055
614867,963,1052
614868,962,1050
614869,957,1050
614870,952,1058
614871,951,1071
614872,949,1083
614873,954,1085
614874,955,1069
614875,954,1052
614876,951,1047
614877,955,1050
614878,959,1047
614879,962,1043
614880,962,1038
614881,961,1038
614882,959,1042
614883,960,1046
614884,962,1050
614885,965,1050
614886,964,1048
614887,960,1046
614888,959,1044
614889,960,1050
614890,964,1053
614891,965,1053
614892,964,1053
614893,963,1051
614894,961,1050
614895,962,1054
614896,966,1056
614897,968,1054
614898,966,1050
614899,962,1046
614900,958,1048
614901,959,1050
614902,963,1053
614903,965,1054
614904,964,1051
614905,962,1048
614906,962,1048
614907,963,1051
614908,968,1052
614909,969,1048
614910,967,1047
614911,963,1043
614912,962,1039
614913,967,1038
614914,978,1036
614915,991,1032
614916,1003,1028
614917,1016,1021
614918,1037,1015
614919,1068,1007
614920,1102,995
614921,1144,980
614922,1179,977
614923,1216,975
614924,1249,991
614925,1276,1011
614926,1284,1031
614927,1269,1037
614928,1230,1039
614929,1175,1045
614930,1114,1060
614931,1059,1078
614932,1004,1090
614933,961,1097
614934,940,1098
614935,934,1091
614936,942,1082
614937,954,1077
614938,966,1067
614939,970,1060
614940,967,1057
614941,962,1054
614942,956,1051
614943,958,1046
614944,959,1045
614945,958,1048
614946,954,1049
614947,953,1047
614948,951,1049
614949,952,1051
614950,954,1052
614951,955,1048
614952,951,1049
614953,948,1048
614954,945,1048
614955,946,1052
614956,945,1059
614957,948,1063
614958,947,1063
614959,944,1059
614960,943,1061
614961,943,1060
614962,946,1062
614963,949,1062
614964,948,1057
614965,944,1055
614966,944,1056
614967,942,1055
614968,948,1054
614969,950,1050
614970,951,1048
614971,949,1045
614972,947,1044
614973,945,1043
614974,946,1044
614975,950,1042
614976,944,1039
614977,942,1042
614978,943,1041
614979,939,1047
614980,944,1049
614981,948,1050
614982,947,1049
614983,942,1047
614984,942,1046
614985,945,1049
614986,946,1049
614987,949,1047
614988,951,1046
614989,945,1043
614990,948,1044
614991,950,1046
614992,954,1048
614993,956,1046
614994,958,1042
614995,955,1039
614996,954,1041
614997,959,1042
614998,961,1043
614999,967,1040
615000,964,1038
615001,965,1036
615002,965,1035
615003,963,1037
615004,966,1037
615005,969,1036
615006,970,1032
615007,973,1029
615008,973,1030
615009,972,1033
615010,972,1037
615011,976,1037
615012,978,1036
615013,977,1029
615014,976,1026
615015,980,1023
615016,982,1022
615017,984,1016
615018,983,1011
615019,980,1005
615020,978,1011
615021,981,1010
615022,982,1010
615023,983,1010
615024,981,1010
615025,982,1006
615026,980,1007
615027,981,1013
615028,981,1017
615029,982,1019
615030,986,1021
615031,986,1017
615032,985,1011
615033,987,1012
615034,991,1011
615035,993,1014
615036,992,1013
615037,990,1016
615038,987,1019
615039,989,1019
615040,988,1021
615041,993,1018
615042,994,1018
615043,991,1018
615044,990,1024
615045,987,1030
615046,990,1037
615047,993,1040
615048,988,1039
615049,985,1036
615050,981,1038
615051,981,1042
615052,981,1049
615053,981,1052
615054,982,1049
615055,979,1051
615056,976,1049
615057,975,1049
615058,974,1050
615059,976,1053
615060,974,1051
615061,972,1048
615062,971,1052
615063,972,1055
615064,971,1058
615065,974,1058
615066,974,1057
615067,975,1055
615068,972,1055
615069,974,1058
615070,977,1058
615071,980,1054
615072,975,1048
615073,975,1046
615074,972,1044
615075,971,1047
615076,976,1049
615077,976,1047
615078,978,1045
615079,973,1043
615080,971,1045
615081,972,1049
615082,976,1051
615083,980,1054
615084,979,1052
615085,975,1049
615086,972,1051
615087,973,1055
615088,975,1055
615089,976,1052
615090,976,1049
615091,972,1043
615092,973,1039
615093,975,1038
615094,977,1038
615095,975,1041
615096,974,1039
615097,966,1039
615098,969,1043
615099,967,1049
615100,969,1052
615101,976,1048
615102,973,1047
615103,975,1044
615104,971,1046
615105,974,1051
615106,974,1054
615107,978,1049
615108,977,1045
615109,972,1041
615110,972,1041
615111,973,1043
615112,974,1045
615113,972,1045
615114,970,1040
615115,971,1038
615116,967,1041
615117,967,1043
615118,971,1049
615119,973,1048
615120,970,1048
615121,965,1046
615122,964,1045
615123,963,1046
615124,968,1047
615125,972,1047
615126,970,1045
615127,966,1044
615128,965,1047
615129,965,1048
615130,971,1047
615131,973,1048
615132,970,1045
615133,965,1046
615134,966,1046
615135,965,1048
615136,969,1051
615137,971,1051
615138,971,1051
615139,966,1048
615140,964,1049
615141,963,1049
615142,965,1051
615143,968,1053
615144,968,1050
615145,967,1045
615146,964,1048
615147,967,1050
615148,969,1057
615149,967,1053
615150,962,1053
615151,961,1054
615152,957,1056
615153,961,1059
615154,964,1060
615155,967,1056
615156,964,1051
615157,962,1049
615158,958,1048
615159,962,1051
615160,968,1052
615161,969,1048
615162,969,1047
615163,965,1046
615164,967,1041
615165,967,1044
615166,970,1047
615167,972,1053
615168,972,1052
615169,968,1046
615170,969,1039
615171,974,1038
615172,971,1040
615173,972,1039
615174,972,1040
615175,968,1038
615176,970,1038
615177,971,1038
615178,971,1039
615179,977,1035
615180,981,1031
615181,987,1028
615182,994,1026
615183,1010,1024
615184,1029,1024
615185,1056,1018
615186,1086,1006
615187,1122,987
615188,1164,976
615189,1210,976
615190,1253,989
615191,1282,1009
615192,1288,1028
615193,1265,1036
615194,1205,1044
615195,1135,1054
615196,1064,1076
615197,998,1091
615198,946,1109
615199,922,1116
615200,922,1119
615201,938,1109
615202,953,1092
615203,968,1071
615204,973,1060
615205,970,1048
615206,963,1045
615207,961,1043
615208,962,1044
615209,963,1045
615210,959,1045
615211,955,1043
615212,947,1045
615213,947,1050
615214,951,1053
615215,954,1053
615216,954,1051
615217,953,1047
615218,952,1050
615219,949,1050
615220,950,1048
615221,954,1046
615222,954,1046
615223,952,1043
615224,950,1046
615225,947,1046
615226,948,1050
615227,952,1048
615228,953,1049
615229,948,1045
615230,951,1047
615231,950,1048
615232,950,1052
615233,952,1053
615234,950,1052
615235,949,1053
615236,947,1054
615237,945,1054
615238,948,1053
615239,951,1050
615240,949,1046
615241,946,1043
615242,943,1042
615243,947,1045
615244,950,1048
615245,954,1047
615246,953,1041
615247,948,1040
615248,944,1042
615249,942,1042
615250,945,1043
615251,953,1043
615252,955,1041
615253,955,1038
615254,955,1034
615255,953,1036
615256,954,1035
615257,957,1035
615258,957,1032
615259,956,1030
615260,952,1029
615261,957,1031
615262,961,1031
615263,960,1029
615264,960,1028
615265,959,1026
615266,958,1024
615267,959,1023
615268,965,1022
615269,972,1019
615270,970,1017
615271,969,1012
615272,967,1011
615273,970,1012
615274,973,1014
615275,975,1012
615276,973,1005
615277,974,1000
615278,972,1000
615279,973,1004
615280,978,1008
615281,978,1011
615282,977,1011
615283,975,1005
615284,975,1002
615285,975,1002
615286,981,1001
615287,978,1001
615288,978,997
615289,978,993
615290,975,995
615291,979,999
615292,983,1005
615293,987,1008
615294,985,1009
615295,982,1008
615296,982,1009
615297,984,1017
615298,985,1020
615299,988,1018
615300,990,1019
615301,982,1020
615302,978,1023
615303,978,1028
615304,982,1031
615305,984,1031
615306,983,1029
615307,978,1029
615308,973,1035
615309,974,1038
615310,972,1046
615311,975,1044
615312,971,1043
615313,972,1042
615314,970,1041
615315,974,1045
615316,979,1048
615317,980,1048
615318,976,1048
615319,974,1043
615320,973,1043
615321,973,1049
615322,978,1050
615323,978,1050
615324,976,1044
615325,973,1045
615326,973,1044
615327,977,1050
615328,980,1052
615329,981,1047
615330,981,1042
615331,983,1040
615332,987,1038
615333,991,1042
615334,998,1046
615335,1003,1048
615336,1001,1043
615337,997,1040
615338,999,1039
615339,998,1041
615340,993,1041
615341,992,1041
615342,992,1037
615343,997,1029
615344,1003,1016
615345,1009,995
615346,1018,966
615347,1016,923
615348,1002,880
615349,985,833
615350,966,791
615351,943,750
615352,926,716
615353,919,687
615354,920,668
615355,919,661
615356,915,665
615357,907,677
615358,905,688
615359,906,696
615360,903,711
615361,897,731
615362,895,758
615363,899,782
615364,900,805
615365,898,826
615366,891,843
615367,887,855
615368,883,868
615369,880,880
615370,881,890
615371,885,905
615372,889,914
615373,890,927
615374,893,941
615375,900,957
615376,907,970
615377,917,978
615378,919,979
615379,923,982
615380,926,988
615381,934,1000
615382,944,1015
615383,951,1025
615384,956,1035
615385,956,1048
615386,960,1066
615387,965,1086
615388,967,1103
615389,968,1115
615390,969,1119
615391,965,1121
615392,966,1119
615393,969,1120
615394,973,1126
615395,977,1129
615396,973,1131
615397,973,1134
615398,972,1138
615399,975,1143
615400,978,1149
615401,983,1147
615402,986,1145
615403,988,1145
615404,991,1147
615405,994,1150
615406,1000,1153
615407,1006,1155
615408,1008,1154
615409,1008,1155
615410,1011,1156
615411,1015,1162
615412,1018,1165
615413,1026,1166
615414,1027,1169
615415,1029,1169
615416,1030,1173
615417,1039,1178
615418,1049,1184
615419,1056,1188
615420,1057,1188
615421,1065,1190
615422,1068,1198
615423,1070,1204
615424,1080,1210
615425,1085,1211
615426,1089,1210
615427,1092,1215
615428,1096,1222
615429,1107,1228
615430,1118,1231
615431,1122,1230
615432,1129,1227
615433,1131,1226
615434,1137,1226
615435,1143,1231
615436,1152,1236
615437,1154,1234
615438,1155,1232
615439,1155,1231
615440,1158,1229
615441,1161,1233
615442,1163,1232
615443,1165,1229
615444,1164,1222
615445,1161,1211
615446,1160,1206
615447,1155,1200
615448,1155,1197
615449,1153,1191
615450,1148,1182
615451,1140,1174
615452,1134,1167
615453,1128,1161
615454,1121,1157
615455,1118,1148
615456,1109,1139
615457,1100,1132
615458,1091,1126
615459,1086,1120
615460,1084,1120
615461,1080,1113
615462,1070,1103
615463,1063,1094
615464,1054,1087
615465,1049,1084
615466,1045,1086
615467,1038,1083
615468,1033,1078
615469,1025,1073
615470,1018,1069
615471,1014,1069
615472,1011,1071
615473,1009,1071
615474,1003,1067
615475,995,1065
615476,991,1068
615477,989,1065
615478,985,1066
615479,987,1064
615480,984,1061
615481,979,1056
615482,978,1054
615483,973,1056
615484,976,1059
615485,977,1059
615486,975,1051
615487,970,1048
615488,966,1050
615489,969,1052
615490,970,1056
615491,972,1054
615492,971,1049
615493,966,1047
615494,964,1046
615495,966,1050
615496,965,1056
615497,970,1052
615498,968,1049
615499,964,1048
615500,963,1049
615501,962,1052
615502,966,1054
615503,967,1052
615504,966,1050
615505,963,1049
615506,963,1048
615507,964,1051
615508,966,1054
615509,967,1054
615510,966,1051
615511,962,1047
615512,961,1046
615513,961,1050
615514,966,1052
615515,963,1052
615516,965,1048
615517,963,1041
615518,960,1047
615519,962,1052
615520,963,1055
615521,963,1056
615522,963,1055
615523,961,1055
615524,959,1058
615525,959,1060
615526,967,1062
615527,967,1064
615528,963,1060
615529,961,1057
615530,959,1057
615531,959,1061
615532,962,1062
615533,964,1059
615534,963,1053
615535,961,1050
615536,959,1046
615537,960,1049
615538,960,1056
615539,965,1057
615540,964,1056
615541,960,1053
615542,957,1053
615543,959,1054
615544,965,1053
615545,965,1052
615546,964,1051
615547,958,1047
615548,957,1047
615549,961,1047
615550,962,1049
615551,966,1049
615552,963,1048
615553,962,1048
615554,959,1049
615555,959,1053
615556,965,1054
615557,964,1051
615558,962,1049
615559,959,1049
615560,955,1049
615561,961,1053
615562,959,1056
615563,965,1054
615564,964,1046
615565,962,1043
615566,961,1041
615567,960,1047
615568,961,1049
615569,963,1051
615570,963,1051
615571,962,1049
615572,959,1052
615573,956,1058
615574,959,1057
615575,965,1057
615576,964,1053
615577,960,1050
615578,960,1053
615579,961,1056
615580,962,1055
615581,965,1059
615582,963,1054
615583,960,1051
615584,959,1050
615585,962,1049
615586,965,1054
615587,965,1053
615588,967,1053
615589,963,1052
615590,960,1050
615591,963,1055
615592,962,1056
615593,968,1053
615594,964,1049
615595,963,1047
615596,961,1051
615597,964,1051
615598,966,1055
615599,965,1055
615600,963,1051
615601,961,1049
615602,957,1051
615603,959,1050
615604,962,1051
615605,966,1053
615606,963,1050
615607,960,1046
615608,958,1046
615609,963,1047
615610,965,1050
615611,966,1051
615612,965,1047
615613,963,1043
615614,962,1043
615615,963,1049
615616,965,1054
615617,965,1050
615618,966,1043
615619,963,1043
615620,961,1044
615621,961,1048
615622,965,1050
615623,966,1051
615624,966,1051
615625,963,1048
615626,961,1046
615627,966,1044
615628,967,1046
615629,967,1050
615630,967,1045
615631,966,1042
615632,963,1044
615633,962,1048
615634,963,1050
615635,967,1049
615636,965,1046
615637,963,1044
615638,962,1046
615639,964,1049
615640,965,1050
615641,964,1048
615642,961,1046
615643,962,1044
615644,959,1046
615645,963,1047
615646,962,1047
615647,964,1047
615648,960,1045
615649,957,1042
615650,956,1044
615651,957,1044
615652,961,1049
615653,964,1049
615654,962,1046
615655,958,1044
615656,959,1046
615657,959,1048
615658,962,1050
615659,966,1046
615660,964,1045
615661,960,1044
615662,959,1049
615663,960,1053
615664,963,1053
615665,966,1051
615666,963,1048
615667,960,1045
615668,959,1043
615669,958,1045
615670,962,1046
615671,963,1043
615672,963,1039
615673,960,1036
615674,957,1036
615675,957,1041
615676,964,1049
615677,964,1050
615678,964,1045
615679,961,1044
615680,960,1042
615681,959,1044
615682,964,1044
615683,966,1044
615684,961,1039
615685,958,1038
615686,958,1040
615687,957,1041
615688,958,1043
615689,960,1042
615690,959,1044
615691,956,1040
615692,954,1038
615693,954,1042
615694,956,1044
615695,957,1045
615696,957,1046
615697,955,1044
615698,955,1044
615699,956,1045
615700,958,1045
615701,961,1042
615702,957,1041
615703,954,1041
615704,948,1043
615705,951,1045
615706,953,1048
615707,957,1047
615708,954,1041
615709,958,1041
615710,952,1043
615711,955,1046
615712,957,1045
615713,959,1045
615714,959,1042
615715,956,1039
615716,954,1044
615717,954,1046
615718,957,1046
615719,958,1040
615720,961,1035
615721,957,1035
615722,957,1038
615723,956,1045
615724,961,1041
615725,965,1041
615726,966,1038
615727,964,1038
615728,964,1034
615729,966,1034
615730,971,1029
615731,980,1024
615732,990,1022
615733,1004,1014
615734,1020,1011
615735,1043,1007
615736,1077,1001
615737,1115,983
615738,1155,969
615739,1187,959
615740,1225,962
615741,1259,974
615742,1285,992
615743,1282,1008
615744,1249,1020
615745,1189,1022
615746,1125,1034
615747,1067,1049
615748,1016,1065
615749,974,1073
615750,947,1074
615751,939,1067
615752,946,1059
615753,959,1053
615754,969,1048
615755,969,1044
615756,961,1039
615757,953,1036
615758,947,1034
615759,946,1040
615760,950,1042
615761,946,1043
615762,943,1041
615763,939,1039
615764,936,1040
615765,938,1044
615766,941,1047
615767,942,1045
615768,941,1041
615769,938,1039
615770,937,1045
615771,939,1048
615772,944,1052
615773,944,1049
615774,944,1044
615775,942,1042
615776,938,1045
615777,940,1048
615778,943,1052
615779,945,1050
615780,947,1047
615781,946,1045
615782,943,1047
615783,942,1050
615784,945,1052
615785,945,1052
615786,945,1049
615787,942,1046
615788,938,1044
615789,942,1048
615790,945,1050
615791,949,1048
615792,947,1047
615793,945,1046
615794,944,1047
615795,943,1048
615796,945,1052
615797,946,1053
615798,944,1047
615799,940,1047
615800,939,1049
615801,942,1049
615802,943,1049
615803,946,1046
615804,947,1040
615805,945,1037
615806,944,1034
615807,942,1035
615808,946,1038
615809,952,1038
615810,952,1038
615811,949,1037
615812,949,1037
615813,950,1039
615814,952,1041
615815,950,1038
615816,955,1033
615817,952,1030
615818,950,1030
615819,954,1034
615820,956,1034
615821,959,1035
615822,960,1032
615823,956,1030
615824,955,1029
615825,959,1029
615826,965,1031
615827,967,1028
615828,967,1026
615829,964,1023
615830,963,1021
615831,966,1025
615832,972,1024
615833,976,1021
615834,972,1017
615835,973,1013
615836,975,1012
615837,976,1013
615838,980,1012
615839,981,1012
615840,984,1007
615841,985,1002
615842,986,1001
615843,985,1002
615844,988,1006
615845,996,1005
615846,999,1001
615847,1002,1000
615848,1002,1002
615849,1003,1004
615850,1006,1005
615851,1007,1006
615852,1006,1004
615853,1002,1002
615854,1002,1006
615855,1004,1009
615856,1008,1011
615857,1008,1010
615858,1001,1010
615859,997,1008
615860,998,1009
615861,1000,1012
615862,1000,1017
615863,997,1021
615864,996,1024
615865,991,1025
615866,987,1027
615867,988,1032
615868,986,1036
615869,985,1039
615870,979,1039
615871,973,1039
615872,971,1041
615873,974,1047
615874,977,1049
615875,976,1046
615876,972,1044
615877,968,1042
615878,970,1042
615879,970,1046
615880,973,1049
615881,972,1047
615882,972,1043
615883,968,1042
615884,968,1042
615885,969,1044
615886,971,1045
615887,969,1043
615888,965,1041
615889,965,1036
615890,963,1037
615891,967,1039
615892,970,1042
615893,969,1040
615894,973,1037
615895,966,1037
615896,964,1039
615897,965,1036
615898,969,1039
615899,974,1034
615900,973,1032
615901,970,1031
615902,967,1032
615903,969,1034
615904,972,1037
615905,978,1036
615906,973,1034
615907,973,1034
615908,969,1033
615909,968,1036
615910,972,1039
615911,970,1037
615912,970,1036
615913,966,1034
615914,963,1034
615915,962,1034
615916,963,1039
615917,966,1039
615918,963,1038
615919,964,1036
615920,960,1037
615921,958,1039
615922,962,1041
615923,965,1043
615924,963,1040
615925,959,1037
615926,955,1037
615927,957,1042
615928,960,1041
615929,962,1043
615930,962,1042
615931,957,1040
615932,957,1039
615933,959,1040
615934,962,1042
615935,965,1043
615936,962,1040
615937,960,1037
615938,959,1037
615939,961,1041
615940,965,1042
615941,968,1038
615942,968,1036
615943,964,1034
615944,957,1036
615945,957,1039
615946,962,1043
615947,965,1042
615948,963,1040
615949,961,1039
615950,960,1040
615951,959,1043
615952,962,1044
615953,963,1042
615954,960,1039
615955,960,1038
615956,958,1038
615957,958,1038
615958,960,1043
615959,956,1042
615960,958,1043
615961,957,1040
615962,954,1042
615963,957,1044
615964,958,1047
615965,959,1051
615966,955,1049
615967,953,1046
615968,951,1047
615969,953,1049
615970,959,1050
615971,956,1049
615972,952,1047
615973,944,1043
615974,943,1046
615975,949,1047
615976,953,1046
615977,955,1046
615978,951,1044
615979,947,1042
615980,946,1040
615981,947,1041
615982,953,1044
615983,953,1043
615984,952,1039
615985,947,1034
615986,949,1038
615987,954,1040
615988,955,1041
615989,959,1041
615990,959,1037
615991,952,1037
615992,954,1037
615993,953,1041
615994,959,1042
615995,961,1041
615996,956,1040
615997,957,1036
615998,952,1040
615999,950,1042
616000,957,1042
616001,959,1042
616002,956,1040
616003,956,1038
616004,952,1041
616005,955,1042
616006,960,1045
616007,962,1044
616008,957,1043
616009,955,1039
616010,955,1040
616011,956,1042
616012,959,1043
616013,957,1045
616014,956,1042
616015,952,1039
616016,951,1039
616017,955,1043
616018,956,1046
616019,954,1041
616020,955,1040
616021,950,1037
616022,952,1036
616023,955,1035
616024,958,1037
616025,958,1034
616026,955,1030
616027,950,1029
616028,951,1030
616029,955,1033
616030,960,1036
616031,963,1034
616032,960,1035
616033,957,1031
616034,955,1034
616035,955,1038
616036,958,1039
616037,963,1041
616038,962,1041
616039,957,1039
616040,956,1039
616041,959,1038
616042,963,1040
616043,967,1042
616044,969,1038
616045,969,1038
616046,963,1038
616047,951,1041
616048,956,1044
616049,959,1041
616050,964,1040
616051,960,1037
616052,962,1038
616053,959,1040
616054,961,1041
616055,963,1037
616056,963,1034
616057,964,1034
616058,964,1034
616059,965,1035
616060,966,1039
616061,970,1036
616062,971,1032
616063,962,1030
616064,958,1030
616065,957,1028
616066,961,1030
616067,965,1031
616068,962,1028
616069,961,1025
616070,960,1027
616071,959,1031
616072,957,1033
616073,959,1035
616074,960,1032
616075,963,1029
616076,962,1029
616077,961,1030
616078,963,1034
616079,964,1035
616080,963,1035
616081,960,1033
616082,959,1033
616083,961,1037
616084,964,1037
616085,967,1039
616086,969,1038
616087,964,1036
616088,958,1037
616089,957,1042
616090,959,1043
616091,963,1042
616092,964,1039
616093,962,1034
616094,961,1033
616095,961,1034
616096,958,1038
616097,962,1038
616098,963,1035
616099,961,1031
616100,961,1033
616101,963,1034
616102,965,1036
616103,971,1035
616104,972,1033
616105,969,1028
616106,966,1031
616107,965,1032
616108,965,1037
616109,965,1034
616110,964,1029
616111,961,1026
616112,958,1030
616113,962,1030
616114,966,1033
616115,971,1035
616116,975,1032
616117,974,1027
616118,969,1029
616119,966,1031
616120,969,1038
616121,969,1036
616122,968,1035
616123,965,1032
616124,966,1031
616125,966,1035
616126,971,1037
616127,975,1034
616128,974,1026
616129,971,1022
616130,975,1019
616131,992,1016
616132,1004,1016
616133,1020,1012
616134,1042,1002
616135,1070,991
616136,1103,976
616137,1152,965
616138,1199,966
616139,1245,970
616140,1285,982
616141,1302,999
616142,1283,1019
616143,1240,1027
616144,1174,1033
616145,1108,1042
616146,1042,1061
616147,982,1071
616148,941,1082
616149,936,1086
616150,948,1079
616151,964,1062
616152,971,1050
616153,973,1039
616154,969,1035
616155,967,1034
616156,963,1036
616157,963,1035
616158,960,1030
616159,954,1027
616160,953,1030
616161,955,1031
616162,956,1033
616163,956,1034
616164,954,1031
616165,952,1026
616166,950,1030
616167,947,1032
616168,949,1036
616169,948,1035
616170,947,1032
616171,944,1032
616172,947,1031
616173,951,1037
616174,950,1039
616175,951,1036
616176,948,1035
616177,949,1034
616178,945,1034
616179,949,1038
616180,950,1041
616181,952,1038
616182,952,1033
616183,945,1032
616184,942,1032
616185,947,1034
616186,951,1036
616187,953,1035
616188,952,1032
616189,949,1031
616190,948,1033
616191,950,1033
616192,950,1035
616193,951,1031
616194,950,1031
616195,949,1028
616196,947,1030
616197,952,1029
616198,953,1033
616199,956,1030
616200,953,1028
616201,945,1025
616202,946,1023
616203,952,1026
616204,957,1028
616205,955,1027
616206,955,1024
616207,955,1022
616208,953,1022
616209,957,1023
616210,961,1025
616211,961,1025
616212,963,1018
616213,963,1016
616214,963,1017
616215,965,1018
616216,968,1017
616217,969,1018
616218,968,1014
616219,963,1012
616220,963,1012
616221,963,1013
616222,970,1017
616223,971,1015
616224,972,1014
616225,969,1010
616226,966,1010
616227,971,1013
616228,976,1012
616229,978,1010
616230,977,1011
616231,974,1007
616232,974,1010
616233,984,1011
616234,987,1014
616235,989,1009
616236,986,1007
616237,981,1003
616238,980,1006
616239,986,1007
616240,990,1011
616241,993,1009
616242,994,1007
616243,992,1008
616244,994,1008
616245,997,1011
616246,1000,1014
616247,1000,1016
616248,1000,1013
616249,996,1013
616250,997,1014
616251,997,1017
616252,998,1021
616253,996,1022
616254,997,1018
616255,994,1020
616256,990,1024
616257,989,1028
616258,989,1031
616259,991,1030
616260,987,1030
616261,982,1030
616262,980,1034
616263,980,1035
616264,984,1038
616265,982,1037
616266,979,1038
616267,975,1036
616268,974,1038
616269,974,1043
616270,976,1046
616271,977,1044
616272,974,1040
616273,973,1039
616274,969,1041
616275,970,1044
616276,976,1047
616277,977,1044
616278,975,1043
616279,971,1041
616280,972,1044
616281,974,1047
616282,977,1048
616283,976,1044
616284,982,1042
616285,980,1041
616286,978,1040
616287,981,1043
616288,985,1046
616289,986,1043
616290,985,1042
616291,981,1038
616292,979,1038
616293,979,1041
616294,981,1043
616295,983,1041
616296,980,1039
616297,979,1036
616298,976,1038
616299,977,1039
616300,981,1041
616301,979,1041
616302,975,1040
616303,973,1036
616304,972,1038
616305,975,1043
616306,974,1043
616307,977,1041
616308,975,1038
616309,974,1035
616310,973,1035
616311,970,1036
616312,972,1041
616313,974,1037
616314,971,1035
616315,969,1034
616316,968,1036
616317,973,1036
616318,975,1040
616319,977,1039
616320,975,1037
616321,974,1036
616322,975,1038
616323,975,1039
616324,976,1044
616325,978,1042
616326,975,1038
616327,973,1037
616328,971,1040
616329,974,1041
616330,972,1044
616331,972,1044
616332,973,1042
616333,967,1043
616334,969,1041
616335,969,1046
616336,972,1049
616337,970,1048
616338,970,1046
616339,970,1042
616340,968,1045
616341,971,1045
616342,975,1047
616343,974,1046
616344,973,1044
616345,971,1041
616346,970,1044
616347,970,1047
616348,973,1048
616349,974,1049
616350,972,1046
616351,967,1043
616352,966,1043
616353,969,1047
616354,973,1048
616355,976,1047
616356,977,1044
616357,973,1045
616358,973,1044
616359,973,1047
616360,976,1046
616361,980,1047
616362,976,1042
616363,973,1042
616364,974,1045
616365,978,1045
616366,980,1048
616367,979,1048
616368,981,1047
616369,977,1044
616370,980,1045
616371,978,1046
616372,982,1049
616373,982,1048
616374,981,1048
616375,975,1045
616376,976,1046
616377,976,1047
616378,981,1051
616379,982,1046
616380,981,1044
616381,979,1041
616382,975,1042
616383,977,1048
616384,983,1049
616385,980,1045
616386,979,1040
616387,976,1041
616388,974,1041
616389,976,1045
616390,979,1048
616391,981,1044
616392,978,1041
616393,977,1038
616394,975,1033
616395,982,1034
616396,988,1032
616397,1001,1029
616398,1007,1022
616399,1022,1015
616400,1043,1008
616401,1070,996
616402,1106,985
616403,1140,973
616404,1173,972
616405,1204,978
616406,1228,995
616407,1236,1014
616408,1221,1023
616409,1181,1028
616410,1126,1040
616411,1067,1058
616412,1014,1077
616413,973,1092
616414,959,1094
616415,965,1085
616416,972,1070
616417,977,1057
616418,979,1048
616419,982,1045
616420,982,1044
616421,981,1040
616422,977,1041
616423,972,1042
616424,969,1042
616425,969,1052
616426,971,1053
616427,969,1052
616428,966,1050
616429,962,1047
616430,965,1049
616431,962,1050
616432,964,1051
616433,964,1049
616434,959,1045
616435,958,1045
616436,954,1045
616437,959,1050
616438,962,1052
616439,960,1051
616440,960,1049
616441,958,1048
616442,957,1049
616443,960,1052
616444,962,1055
616445,962,1052
616446,958,1050
616447,952,1046
616448,953,1050
616449,956,1050
616450,958,1052
616451,956,1050
616452,957,1048
616453,953,1045
616454,954,1047
616455,952,1046
616456,959,1049
616457,961,1046
616458,959,1046
616459,956,1040
616460,952,1041
616461,952,1041
616462,956,1042
616463,956,1039
616464,954,1039
616465,954,1036
616466,954,1034
616467,958,1035
616468,962,1040
616469,963,1036
616470,966,1034
616471,963,1031
616472,963,1028
616473,966,1033
616474,969,1034
616475,972,1031
616476,972,1027
616477,972,1027
616478,972,1028
616479,977,1029
616480,978,1029
616481,981,1029
616482,981,1026
616483,977,1020
616484,979,1023
616485,981,1022
616486,985,1025
616487,988,1022
616488,984,1018
616489,982,1018
616490,987,1017
616491,989,1016
616492,994,1018
616493,995,1014
616494,994,1013
616495,994,1011
616496,992,1008
616497,993,1010
616498,997,1012
616499,999,1012
616500,998,1006
616501,997,1003
616502,996,1005
616503,996,1006
616504,1002,1008
616505,1004,1009
616506,1004,1006
616507,1001,1004
616508,1001,1007
616509,1002,1012
616510,1003,1017
616511,1003,1017
616512,1002,1019
616513,999,1016
616514,995,1020
616515,997,1023
616516,998,1030
616517,998,1027
616518,1000,1032
616519,993,1030
616520,992,1033
616521,994,1039
616522,995,1043
616523,993,1043
616524,990,1042
616525,984,1039
616526,985,1041
616527,983,1044
616528,983,1045
616529,986,1047
616530,986,1048
616531,983,1045
616532,982,1047
616533,980,1048
616534,984,1052
616535,988,1050
616536,983,1046
616537,979,1044
616538,977,1046
616539,979,1050
616540,981,1052
616541,981,1050
616542,975,1047
616543,975,1045
616544,974,1045
616545,978,1048
616546,981,1050
616547,981,1045
616548,978,1043
616549,975,1042
616550,974,1045
616551,976,1045
616552,978,1048
616553,978,1048
616554,973,1044
616555,973,1043
616556,974,1043
616557,974,1046
616558,979,1048
616559,979,1047
616560,977,1044
616561,976,1042
616562,976,1043
616563,979,1048
616564,984,1049
616565,981,1048
616566,986,1048
616567,982,1044
616568,981,1046
616569,982,1046
616570,978,1048
616571,978,1045
616572,980,1044
616573,982,1040
616574,981,1041
616575,980,1041
616576,982,1044
616577,979,1041
616578,979,1037
616579,977,1036
616580,976,1038
616581,976,1038
616582,981,1040
616583,981,1041
616584,978,1040
616585,977,1036
616586,975,1039
616587,977,1039
616588,978,1042
616589,976,1041
616590,975,1041
616591,971,1038
616592,972,1040
616593,973,1041
616594,977,1045
616595,975,1045
616596,974,1043
616597,974,1041
616598,969,1042
616599,973,1044
616600,975,1046
616601,970,1046
616602,966,1045
616603,967,1041
616604,966,1044
616605,973,1047
616606,973,1051
616607,973,1050
616608,968,1049
616609,969,1048
616610,971,1044
616611,973,1048
616612,974,1052
616613,975,1049
616614,971,1049
616615,972,1046
616616,973,1046
616617,973,1050
616618,971,1055
616619,969,1051
616620,970,1047
616621,970,1045
616622,970,1046
616623,973,1046
616624,975,1049
616625,976,1044
616626,974,1040
616627,968,1041
616628,967,1041
616629,971,1040
616630,976,1044
616631,975,1044
616632,969,1040
616633,968,1039
616634,966,1041
616635,970,1043
616636,974,1048
616637,974,1046
616638,972,1044
616639,969,1041
616640,968,1041
616641,971,1041
616642,972,1048
616643,973,1044
616644,968,1043
616645,964,1040
616646,966,1042
616647,969,1047
616648,970,1049
616649,968,1049
616650,968,1047
616651,967,1045
616652,968,1044
616653,967,1045
616654,969,1049
616655,971,1049
616656,968,1046
616657,967,1042
616658,966,1044
616659,968,1045
616660,973,1048
616661,972,1045
616662,970,1044
616663,965,1043
616664,965,1043
616665,967,1044
616666,969,1045
616667,973,1043
616668,977,1038
616669,973,1037
616670,968,1036
616671,966,1038
616672,971,1042
616673,976,1041
616674,979,1040
616675,976,1037
616676,975,1037
616677,978,1040
616678,978,1044
616679,977,1041
616680,974,1039
616681,972,1036
616682,973,1035
616683,977,1038
616684,983,1041
616685,985,1039
616686,981,1039
616687,976,1038
616688,977,1039
616689,979,1041
616690,983,1046
616691,985,1046
616692,984,1045
616693,981,1041
616694,980,1043
616695,980,1045
616696,981,1047
616697,981,1044
616698,979,1044
616699,976,1040
616700,974,1039
616701,974,1042
616702,978,1041
616703,978,1039
616704,976,1038
616705,974,1034
616706,972,1037
616707,971,1039
616708,973,1042
616709,976,1040
616710,975,1039
616711,975,1037
616712,972,1037
616713,973,1039
616714,978,1045
616715,977,1040
616716,974,1038
616717,971,1037
616718,971,1038
616719,972,1036
616720,975,1039
616721,979,1038
616722,975,1035
616723,974,1034
616724,975,1034
616725,974,1038
616726,980,1042
616727,983,1039
616728,983,1037
616729,983,1036
616730,981,1037
616731,985,1041
616732,987,1043
616733,988,1042
616734,987,1037
616735,986,1037
616736,981,1037
616737,982,1042
616738,983,1043
616739,983,1044
616740,978,1041
616741,975,1038
616742,977,1039
616743,980,1042
616744,985,1046
616745,985,1046
616746,984,1041
616747,982,1040
616748,982,1037
616749,980,1037
616750,984,1040
616751,985,1036
616752,984,1034
616753,984,1034
616754,981,1032
616755,980,1032
616756,987,1031
616757,991,1027
616758,995,1023
616759,998,1019
616760,1005,1015
616761,1022,1010
616762,1044,1007
616763,1070,998
616764,1098,985
616765,1133,969
616766,1175,963
616767,1217,962
616768,1259,970
616769,1300,983
616770,1325,997
616771,1323,1009
616772,1288,1014
616773,1234,1019
616774,1171,1026
616775,1110,1040
616776,1048,1049
616777,994,1060
616778,967,1069
616779,961,1076
616780,976,1073
616781,986,1062
616782,994,1052
616783,999,1044
616784,998,1041
616785,993,1043
616786,990,1047
616787,990,1046
616788,985,1040
616789,978,1038
616790,973,1035
616791,976,1037
616792,977,1036
616793,978,1036
616794,977,1035
616795,975,1031
616796,968,1036
616797,970,1038
616798,970,1040
616799,969,1037
616800,970,1035
616801,966,1035
616802,965,1035
616803,968,1036
616804,972,1037
616805,969,1034
616806,972,1033
616807,966,1030
616808,964,1032
616809,965,1032
616810,966,1038
616811,969,1037
616812,969,1035
616813,965,1033
616814,966,1033
616815,964,1037
616816,967,1039
616817,970,1037
616818,968,1032
616819,963,1026
616820,964,1029
616821,964,1032
616822,972,1033
616823,970,1033
616824,971,1028
616825,969,1029
616826,971,1033
616827,970,1035
616828,973,1037
616829,977,1035
616830,975,1031
616831,971,1028
616832,972,1029
616833,975,1028
616834,978,1032
616835,979,1030
616836,978,1025
616837,979,1022
616838,976,1023
616839,976,1027
616840,981,1028
616841,981,1026
616842,982,1021
616843,981,1017
616844,982,1017
616845,984,1018
616846,985,1021
616847,982,1019
616848,980,1016
616849,982,1015
616850,983,1011
616851,986,1010
616852,991,1012
616853,991,1008
616854,991,1006
616855,987,1002
616856,986,1003
616857,988,1004
616858,991,1008
616859,994,1005
616860,994,1000
616861,996,999
616862,993,998
616863,997,1001
616864,1000,1003
616865,1006,1001
616866,1004,1001
616867,1003,997
616868,1002,999
616869,1008,1000
616870,1006,1000
616871,1009,1002
616872,1008,1001
616873,1007,1001
616874,1009,1000
616875,1009,1005
616876,1014,1008
616877,1013,1005
616878,1015,1004
616879,1014,1003
616880,1010,1004
616881,1015,1009
616882,1017,1015
616883,1020,1018
616884,1015,1018
616885,1014,1015
616886,1007,1018
616887,1006,1025
616888,1011,1034
616889,1011,1039
616890,1012,1033
616891,1004,1023
616892,1004,1012
616893,1004,1010
616894,1004,1013
616895,1002,1016
616896,998,1012
616897,996,1014
616898,996,1017
616899,994,1023
616900,996,1028
616901,995,1026
616902,994,1028
616903,991,1026
616904,992,1027
616905,990,1032
616906,992,1035
616907,994,1034
616908,991,1031
616909,984,1030
616910,984,1033
616911,987,1035
616912,989,1036
616913,992,1034
616914,989,1030
616915,989,1029
616916,984,1032
616917,987,1038
616918,990,1040
616919,991,1041
616920,989,1040
616921,990,1038
616922,991,1040
616923,994,1041
616924,996,1046
616925,999,1048
616926,994,1047
616927,989,1046
616928,989,1044
616929,992,1040
616930,995,1039
616931,1000,1040
616932,997,1041
616933,994,1038
616934,994,1042
616935,994,1041
616936,994,1040
616937,993,1040
616938,990,1036
616939,988,1028
616940,987,1026
616941,990,1029
616942,994,1029
616943,995,1028
616944,993,1027
616945,993,1024
616946,989,1024
616947,989,1026
616948,988,1029
616949,990,1032
616950,988,1029
616951,984,1028
616952,984,1031
616953,985,1032
616954,991,1038
616955,992,1036
616956,985,1037
616957,983,1033
616958,981,1035
616959,984,1038
616960,985,1038
616961,987,1037
616962,987,1036
616963,984,1035
616964,984,1037
616965,986,1041
616966,990,1041
616967,991,1041
616968,990,1038
616969,982,1040
616970,983,1039
616971,984,1046
616972,986,1050
616973,989,1046
616974,987,1045
616975,982,1041
616976,985,1042
616977,985,1043
616978,990,1042
616979,990,1042
616980,987,1044
616981,983,1043
616982,979,1045
616983,985,1049
616984,988,1051
616985,988,1048
616986,985,1043
616987,983,1036
616988,984,1034
616989,983,1032
616990,986,1035
616991,984,1034
616992,983,1034
616993,976,1034
616994,979,1039
616995,982,1043
616996,983,1050
616997,982,1050
616998,982,1042
616999,977,1035
617000,977,1033
617001,982,1032
617002,985,1033
617003,984,1032
617004,984,1029
617005,984,1027
617006,979,1033
617007,980,1035
617008,980,1039
617009,982,1037
617010,982,1033
617011,981,1034
617012,976,1035
617013,980,1039
617014,984,1041
617015,987,1037
617016,986,1040
617017,981,1036
617018,979,1040
617019,976,1041
617020,980,1045
617021,980,1046
617022,980,1045
617023,979,1046
617024,978,1048
617025,981,1052
617026,981,1057
617027,983,1056
617028,981,1050
617029,978,1042
617030,973,1042
617031,977,1045
617032,981,1051
617033,981,1052
617034,981,1045
617035,978,1040
617036,980,1042
617037,983,1041
617038,984,1042
617039,987,1037
617040,984,1037
617041,978,1030
617042,979,1034
617043,977,1039
617044,978,1043
617045,982,1044
617046,981,1041
617047,980,1036
617048,978,1035
617049,979,1036
617050,979,1039
617051,981,1039
617052,977,1031
617053,979,1029
617054,976,1032
617055,975,1036
617056,977,1037
617057,975,1033
617058,973,1034
617059,972,1031
617060,967,1035
617061,973,1038
617062,974,1041
617063,977,1042
617064,977,1037
617065,976,1031
617066,976,1031
617067,974,1035
617068,979,1039
617069,978,1037
617070,975,1037
617071,974,1037
617072,974,1037
617073,976,1040
617074,979,1041
617075,981,1040
617076,979,1038
617077,978,1034
617078,976,1037
617079,977,1039
617080,979,1044
617081,978,1043
617082,978,1039
617083,972,1036
617084,973,1041
617085,973,1043
617086,978,1043
617087,979,1039
617088,980,1035
617089,977,1033
617090,973,1035
617091,978,1039
617092,982,1039
617093,981,1037
617094,979,1036
617095,978,1034
617096,979,1039
617097,979,1040
617098,979,1042
617099,980,1039
617100,978,1034
617101,972,1033
617102,971,1035
617103,969,1038
617104,970,1038
617105,976,1036
617106,975,1035
617107,973,1034
617108,974,1037
617109,971,1039
617110,970,1041
617111,970,1039
617112,968,1040
617113,968,1038
617114,967,1041
617115,971,1043
617116,973,1044
617117,975,1042
617118,974,1038
617119,969,1036
617120,973,1039
617121,977,1042
617122,978,1045
617123,980,1043
617124,978,1039
617125,973,1034
617126,969,1035
617127,974,1039
617128,975,1044
617129,974,1045
617130,974,1043
617131,972,1039
617132,969,1036
617133,973,1035
617134,978,1039
617135,978,1038
617136,975,1035
617137,974,1033
617138,976,1032
617139,974,1034
617140,974,1038
617141,977,1039
617142,974,1036
617143,972,1035
617144,973,1035
617145,975,1035
617146,975,1036
617147,979,1036
617148,977,1032
617149,975,1030
617150,970,1034
617151,975,1036
617152,977,1037
617153,977,1037
617154,975,1034
617155,972,1032
617156,971,1036
617157,973,1040
617158,975,1046
617159,974,1043
617160,968,1041
617161,963,1039
617162,963,1039
617163,964,1042
617164,968,1044
617165,974,1042
617166,972,1037
617167,969,1034
617168,969,1034
617169,971,1034
617170,972,1037
617171,972,1036
617172,974,1037
617173,971,1036
617174,970,1034
617175,972,1033
617176,977,1037
617177,979,1032
617178,975,1035
617179,974,1032
617180,975,1032
617181,974,1035
617182,978,1035
617183,978,1035
617184,973,1033
617185,972,1030
617186,973,1031
617187,976,1034
617188,979,1037
617189,980,1035
617190,975,1033
617191,971,1029
617192,972,1032
617193,976,1032
617194,980,1035
617195,981,1034
617196,981,1029
617197,980,1028
617198,977,1031
617199,978,1036
617200,983,1039
617201,981,1037
617202,980,1039
617203,976,1034
617204,974,1035
617205,978,1037
617206,982,1039
617207,984,1039
617208,979,1034
617209,975,1034
617210,972,1034
617211,978,1034
617212,982,1033
617213,983,1033
617214,980,1030
617215,979,1029
617216,979,1029
617217,981,1029
617218,981,1032
617219,982,1030
617220,982,1025
617221,980,1025
617222,981,1029
617223,982,1030
617224,986,1029
617225,985,1029
617226,984,1028
617227,984,1029
617228,980,1034
617229,983,1036
617230,986,1035
617231,985,1029
617232,986,1026
617233,982,1022
617234,983,1022
617235,987,1021
617236,994,1017
617237,1000,1015
617238,1007,1008
617239,1016,1005
617240,1031,1003
617241,1053,997
617242,1081,990
617243,1114,971
617244,1142,960
617245,1169,956
617246,1198,959
617247,1225,970
617248,1241,988
617249,1236,1005
617250,1206,1009
617251,1165,1017
617252,1117,1031
617253,1073,1043
617254,1032,1057
617255,999,1060
617256,980,1058
617257,973,1051
617258,978,1043
617259,986,1033
617260,992,1029
617261,992,1025
617262,986,1023
617263,981,1021
617264,978,1023
617265,982,1024
617266,983,1026
617267,981,1026
617268,976,1022
617269,972,1023
617270,971,1023
617271,971,1028
617272,974,1029
617273,970,1028
617274,964,1025
617275,956,1027
617276,955,1029
617277,957,1033
617278,961,1034
617279,960,1032
617280,957,1030
617281,953,1025
617282,952,1030
617283,955,1033
617284,962,1037
617285,964,1035
617286,962,1034
617287,960,1034
617288,959,1035
617289,957,1038
617290,960,1039
617291,963,1040
617292,960,1038
617293,958,1035
617294,961,1034
617295,964,1038
617296,966,1041
617297,965,1038
617298,964,1037
617299,962,1032
617300,962,1032
617301,966,1034
617302,969,1035
617303,973,1032
617304,972,1030
617305,967,1029
617306,967,1031
617307,969,1035
617308,969,1035
617309,967,1032
617310,969,1028
617311,968,1027
617312,967,1029
617313,970,1030
617314,970,1032
617315,971,1029
617316,969,1028
617317,969,1024
617318,967,1024
617319,972,1024
617320,975,1022
617321,981,1018
617322,981,1015
617323,976,1013
617324,972,1014
617325,969,1020
617326,969,1022
617327,971,1020
617328,975,1018
617329,975,1017
617330,970,1018
617331,973,1021
617332,981,1021
617333,981,1019
617334,983,1012
617335,976,1008
617336,978,1009
617337,983,1011
617338,988,1010
617339,994,1010
617340,995,1006
617341,990,1001
617342,993,1002
617343,1001,1002
617344,1005,1003
617345,1007,1001
617346,1006,998
617347,1003,995
617348,1003,999
617349,1008,1003
617350,1013,1002
617351,1013,1002
617352,1014,998
617353,1012,996
617354,1014,997
617355,1017,998
617356,1019,1003
617357,1017,1003
617358,1013,999
617359,1009,999
617360,1009,1001
617361,1010,1004
617362,1015,1011
617363,1015,1013
617364,1008,1010
617365,1002,1011
617366,998,1012
617367,999,1017
617368,998,1019
617369,998,1020
617370,993,1018
617371,988,1017
617372,984,1019
617373,986,1025
617374,992,1024
617375,991,1022
617376,990,1019
617377,983,1017
617378,980,1018
617379,980,1023
617380,981,1024
617381,983,1025
617382,983,1023
617383,982,1020
617384,980,1022
617385,979,1024
617386,982,1028
617387,981,1027
617388,978,1028
617389,975,1025
617390,979,1027
617391,984,1031
617392,988,1033
617393,989,1032
617394,988,1028
617395,985,1026
617396,981,1028
617397,981,1031
617398,983,1033
617399,990,1033
617400,990,1029
617401,986,1026
617402,986,1026
617403,988,1031
617404,989,1030
617405,991,1028
617406,990,1028
617407,989,1028
617408,991,1029
617409,993,1034
617410,992,1036
617411,995,1033
617412,994,1031
617413,989,1028
617414,986,1030
617415,988,1030
617416,992,1032
617417,992,1028
617418,987,1025
617419,984,1021
617420,987,1023
617421,992,1023
617422,993,1026
617423,990,1024
617424,985,1023
617425,983,1021
617426,982,1020
617427,983,1021
617428,981,1021
617429,982,1019
617430,980,1019
617431,982,1016
617432,980,1015
617433,976,1019
617434,974,1022
617435,974,1021
617436,977,1020
617437,973,1020
617438,970,1023
617439,972,1025
617440,977,1030
617441,985,1028
617442,983,1026
617443,977,1023
617444,976,1027
617445,975,1028
617446,979,1033
617447,981,1032
617448,981,1031
617449,978,1028
617450,978,1028
617451,981,1031
617452,985,1033
617453,986,1033
617454,987,1029
617455,984,1028
617456,982,1032
617457,987,1034
617458,992,1035
617459,991,1032
617460,984,1029
617461,980,1027
617462,981,1029
617463,985,1033
617464,988,1035
617465,986,1032
617466,985,1033
617467,980,1027
617468,976,1030
617469,974,1033
617470,979,1036
617471,979,1035
617472,981,1032
617473,976,1027
617474,976,1029
617475,979,1032
617476,984,1029
617477,983,1032
617478,976,1029
617479,974,1028
617480,975,1027
617481,976,1028
617482,978,1033
617483,982,1033
617484,977,1031
617485,974,1031
617486,974,1032
617487,971,1037
617488,976,1035
617489,976,1035
617490,977,1034
617491,979,1031
617492,978,1031
617493,982,1035
617494,980,1037
617495,979,1037
617496,974,1038
617497,972,1037
617498,974,1039
617499,978,1040
617500,985,1043
617501,979,1043
617502,969,1039
617503,964,1041
617504,967,1043
617505,976,1044
617506,980,1046
617507,978,1041
617508,975,1037
617509,970,1037
617510,961,1038
617511,960,1037
617512,963,1041
617513,971,1040
617514,974,1035
617515,968,1030
617516,967,1031
617517,967,1035
617518,969,1036
617519,972,1034
617520,970,1032
617521,965,1026
617522,966,1028
617523,971,1029
617524,972,1027
617525,975,1026
617526,976,1022
617527,981,1020
617528,980,1021
617529,977,1023
617530,975,1026
617531,972,1028
617532,965,1028
617533,965,1030
617534,966,1030
617535,972,1035
617536,977,1033
617537,986,1031
617538,992,1025
617539,985,1023
617540,977,1023
617541,965,1027
617542,966,1030
617543,968,1032
617544,970,1029
617545,970,1027
617546,971,1028
617547,972,1031
617548,976,1031
617549,972,1033
617550,969,1026
617551,966,1023
617552,969,1026
617553,971,1029
617554,974,1033
617555,974,1037
617556,978,1034
617557,979,1035
617558,978,1035
617559,979,1040
617560,979,1041
617561,975,1038
617562,974,1036
617563,973,1034
617564,974,1036
617565,978,1038
617566,982,1037
617567,987,1033
617568,991,1031
617569,990,1030
617570,987,1027
617571,988,1030
617572,987,1035
617573,984,1034
617574,987,1033
617575,987,1033
617576,980,1032
617577,986,1036
617578,994,1035
617579,994,1034
617580,987,1029
617581,982,1028
617582,982,1035
617583,986,1036
617584,991,1040
617585,990,1035
617586,990,1032
617587,988,1027
617588,987,1028
617589,988,1031
617590,989,1034
617591,989,1031
617592,988,1027
617593,986,1026
617594,987,1024
617595,990,1030
617596,995,1032
617597,997,1028
617598,993,1027
617599,986,1024
617600,983,1025
617601,982,1030
617602,987,1031
617603,991,1027
617604,991,1024
617605,984,1023
617606,980,1025
617607,985,1030
617608,992,1031
617609,993,1029
617610,987,1026
617611,981,1025
617612,983,1031
617613,988,1033
617614,995,1037
617615,994,1033
617616,994,1034
617617,986,1029
617618,984,1031
617619,987,1036
617620,994,1041
617621,995,1040
617622,994,1036
617623,988,1033
617624,984,1038
617625,984,1039
617626,990,1043
617627,990,1039
617628,992,1036
617629,988,1035
617630,987,1036
617631,986,1039
617632,991,1041
617633,991,1040
617634,988,1035
617635,986,1032
617636,988,1031
617637,992,1030
617638,990,1033
617639,990,1031
617640,988,1029
617641,988,1027
617642,989,1026
617643,988,1030
617644,991,1031
617645,991,1034
617646,994,1026
617647,989,1024
617648,989,1026
617649,994,1030
617650,997,1033
617651,1000,1031
617652,1001,1027
617653,1003,1024
617654,1005,1023
617655,1010,1024
617656,1004,1025
617657,995,1028
617658,987,1026
617659,989,1024
617660,992,1026
617661,997,1029
617662,1001,1032
617663,1000,1030
617664,1000,1029
617665,1006,1026
617666,1009,1032
617667,1010,1034
617668,1005,1036
617669,1000,1037
617670,1004,1037
617671,1004,1032
617672,1001,1031
617673,998,1035
617674,994,1038
617675,990,1039
617676,984,1036
617677,981,1033
617678,988,1036
617679,993,1034
617680,1001,1032
617681,1006,1028
617682,1016,1020
617683,1027,1015
617684,1041,1011
617685,1061,1012
617686,1090,1007
617687,1122,993
617688,1159,978
617689,1199,966
617690,1244,965
617691,1292,967
617692,1337,980
617693,1359,994
617694,1340,1004
617695,1290,1010
617696,1223,1015
617697,1152,1030
617698,1093,1046
617699,1033,1054
617700,987,1062
617701,974,1062
617702,981,1055
617703,995,1049
617704,1006,1040
617705,1010,1033
617706,1007,1030
617707,1000,1028
617708,998,1028
617709,1000,1032
617710,1003,1036
617711,1002,1035
617712,998,1034
617713,992,1034
617714,988,1036
617715,988,1040
617716,993,1044
617717,991,1040
617718,992,1041
617719,989,1038
617720,988,1039
617721,986,1038
617722,988,1043
617723,988,1044
617724,986,1041
617725,983,1038
617726,982,1039
617727,985,1038
617728,990,1042
617729,989,1042
617730,990,1038
617731,990,1036
617732,994,1037
617733,995,1037
617734,990,1040
617735,993,1038
617736,988,1035
617737,986,1031
617738,981,1034
617739,982,1038
617740,991,1041
617741,993,1036
617742,990,1031
617743,986,1026
617744,982,1025
617745,984,1029
617746,992,1030
617747,988,1027
617748,985,1024
617749,976,1026
617750,975,1028
617751,977,1029
617752,981,1034
617753,986,1032
617754,985,1029
617755,982,1028
617756,988,1026
617757,993,1028
617758,1001,1030
617759,999,1030
617760,997,1030
617761,990,1027
617762,991,1030
617763,992,1031
617764,1000,1035
617765,1004,1031
617766,1005,1027
617767,1005,1025
617768,1008,1025
617769,1013,1025
617770,1018,1024
617771,1014,1023
617772,1008,1021
617773,1010,1019
617774,1015,1018
617775,1022,1016
617776,1030,1017
617777,1026,1013
617778,1017,1011
617779,1008,1011
617780,1005,1014
617781,1010,1017
617782,1016,1018
617783,1026,1013
617784,1030,1008
617785,1025,1004
617786,1025,1003
617787,1023,1003
617788,1021,1003
617789,1020,1003
617790,1018,998
617791,1020,997
617792,1022,1000
617793,1028,1004
617794,1031,1006
617795,1032,1001
617796,1032,998
617797,1027,999
617798,1029,1001
617799,1028,1005
617800,1029,1007
617801,1030,1008
617802,1030,1008
617803,1033,1009
617804,1041,1009
617805,1045,1010
617806,1040,1013
617807,1031,1014
617808,1024,1019
617809,1020,1023
617810,1025,1027
617811,1034,1031
617812,1038,1031
617813,1029,1029
617814,1010,1030
617815,997,1033
617816,999,1038
617817,1006,1041
617818,1008,1046
617819,1010,1042
617820,1003,1040
617821,997,1038
617822,996,1040
617823,1000,1043
617824,1005,1045
617825,1003,1041
617826,1001,1040
617827,999,1040
617828,1000,1041
617829,1004,1042
617830,1008,1039
617831,1005,1038
617832,1005,1035
617833,1004,1030
617834,1003,1033
617835,1004,1038
617836,1011,1037
617837,1011,1034
617838,1011,1029
617839,1009,1025
617840,1008,1026
617841,1008,1030
617842,1007,1035
617843,1006,1036
617844,1001,1037
617845,1003,1033
617846,1008,1034
617847,1009,1034
617848,1009,1035
617849,1005,1035
617850,1001,1034
617851,997,1031
617852,999,1034
617853,1004,1035
617854,1006,1037
617855,1006,1034
617856,1006,1033
617857,1002,1031
617858,1000,1031
617859,1000,1033
617860,1002,1036
617861,1000,1032
617862,1003,1029
617863,1002,1027
617864,1000,1028
617865,1006,1028
617866,1008,1032
617867,1008,1032
617868,1006,1032
617869,1002,1030
617870,1001,1030
617871,1001,1032
617872,1003,1031
617873,1004,1031
617874,1002,1028
617875,1001,1028
617876,998,1030
617877,1003,1032
617878,1006,1035
617879,1009,1032
617880,1008,1030
617881,1002,1028
617882,997,1033
617883,999,1036
617884,999,1041
617885,1002,1040
617886,999,1038
617887,1000,1035
617888,1002,1037
617889,1001,1037
617890,1005,1036
617891,1009,1036
617892,1011,1033
617893,1014,1035
617894,1014,1035
617895,1015,1036
617896,1010,1037
617897,998,1036
617898,987,1038
617899,979,1042
617900,986,1045
617901,994,1043
617902,1005,1042
617903,1008,1038
617904,997,1037
617905,987,1036
617906,984,1040
617907,989,1045
617908,994,1047
617909,998,1042
617910,1002,1039
617911,1002,1038
617912,1002,1039
617913,1006,1041
617914,1012,1042
617915,1013,1040
617916,1009,1038
617917,1002,1039
617918,1001,1042
617919,1002,1042
617920,1014,1039
617921,1018,1031
617922,1022,1025
617923,1027,1018
617924,1031,1018
617925,1038,1024
617926,1056,1025
617927,1077,1022
617928,1111,1008
617929,1152,993
617930,1196,984
617931,1242,981
617932,1292,986
617933,1331,999
617934,1354,1013
617935,1347,1025
617936,1305,1025
617937,1246,1031
617938,1179,1046
617939,1108,1064
617940,1038,1078
617941,985,1085
617942,963,1090
617943,971,1085
617944,990,1073
617945,1004,1057
617946,1003,1046
617947,989,1039
617948,976,1043
617949,979,1049
617950,985,1051
617951,986,1048
617952,981,1040
617953,981,1039
617954,979,1037
617955,980,1042
617956,981,1043
617957,981,1044
617958,976,1042
617959,970,1038
617960,969,1043
617961,969,1043
617962,973,1044
617963,973,1040
617964,968,1038
617965,967,1034
617966,968,1036
617967,971,1040
617968,978,1039
617969,979,1041
617970,978,1038
617971,970,1037
617972,967,1040
617973,973,1043
617974,981,1044
617975,986,1045
617976,989,1038
617977,987,1035
617978,982,1037
617979,974,1039
617980,967,1041
617981,963,1044
617982,965,1039
617983,966,1039
617984,970,1038
617985,972,1040
617986,975,1042
617987,973,1041
617988,972,1039
617989,971,1036
617990,974,1034
617991,978,1036
617992,982,1036
617993,977,1035
617994,976,1031
617995,972,1029
617996,982,1029
617997,990,1030
617998,992,1028
617999,992,1026
618000,985,1022
618001,980,1021
618002,982,1019
618003,986,1022
618004,991,1021
618005,992,1019
618006,996,1015
618007,993,1011
618008,996,1012
618009,1001,1013
618010,1006,1011
618011,1011,1006
618012,1011,999
618013,1009,997
618014,1014,997
618015,1017,999
618016,1015,1000
618017,1014,999
618018,1012,996
618019,1012,994
618020,1012,993
618021,1014,1002
618022,1015,1004
618023,1013,1001
618024,1017,998
618025,1020,995
618026,1025,992
618027,1024,993
618028,1023,998
618029,1017,1002
618030,1014,1004
618031,1014,1002
618032,1019,998
618033,1026,1003
618034,1030,1009
618035,1030,1008
618036,1027,1006
618037,1019,1004
618038,1010,1011
618039,1007,1018
618040,1009,1024
618041,1016,1022
618042,1018,1022
618043,1018,1021
618044,1015,1023
618045,1009,1031
618046,999,1038
618047,993,1040
618048,990,1044
618049,994,1043
618050,999,1043
618051,1006,1043
618052,1010,1045
618053,1007,1047
618054,996,1046
618055,987,1045
618056,980,1051
618057,982,1057
618058,987,1055
618059,996,1054
618060,1004,1051
618061,1001,1045
618062,1006,1045
618063,1002,1047
618064,997,1050
618065,992,1052
618066,987,1048
618067,984,1047
618068,990,1047
618069,1000,1049
618070,1002,1049
618071,1003,1048
618072,1003,1045
618073,1005,1045
618074,1007,1041
618075,1004,1041
618076,999,1045
618077,988,1044
618078,983,1047
618079,989,1045
618080,990,1042
618081,987,1044
618082,984,1048
618083,984,1049
618084,989,1047
618085,990,1042
618086,990,1044
618087,990,1046
618088,994,1048
618089,1004,1044
618090,1010,1040
618091,1007,1036
618092,996,1038
618093,987,1042
618094,979,1050
618095,982,1051
618096,992,1051
618097,995,1046
618098,991,1046
618099,982,1048
618100,976,1052
618101,981,1053
618102,985,1049
618103,991,1047
618104,998,1046
618105,999,1047
618106,998,1048
618107,995,1045
618108,989,1044
618109,985,1043
618110,982,1044
618111,988,1047
618112,992,1044
618113,992,1042
618114,989,1041
618115,986,1038
618116,988,1040
618117,992,1042
618118,996,1048
618119,1004,1040
618120,1010,1039
618121,1006,1034
618122,991,1035
618123,979,1040
618124,983,1048
618125,987,1046
618126,991,1045
618127,994,1044
618128,1001,1044
618129,1007,1045
618130,1010,1047
618131,1002,1044
618132,996,1044
618133,987,1043
618134,986,1048
618135,991,1054
618136,996,1051
618137,998,1052
618138,1004,1052
618139,1008,1044
618140,998,1042
618141,986,1050
618142,982,1058
618143,991,1056
618144,999,1047
618145,1003,1046
618146,1006,1043
618147,1008,1046
618148,1000,1047
618149,994,1048
618150,994,1049
618151,995,1047
618152,993,1049
618153,997,1052
618154,1001,1050
618155,1000,1046
618156,996,1037
618157,992,1033
618158,1003,1033
618159,1020,1032
618160,1035,1031
618161,1055,1023
618162,1076,1016
618163,1102,1009
618164,1135,1001
618165,1178,994
618166,1217,987
618167,1258,985
618168,1298,984
618169,1331,996
618170,1349,1007
618171,1336,1019
618172,1294,1020
618173,1230,1022
618174,1164,1033
618175,1092,1050
618176,1026,1066
618177,986,1073
618178,977,1076
618179,985,1066
618180,996,1052
618181,1008,1044
618182,1010,1043
618183,1007,1044
618184,998,1047
618185,990,1047
618186,990,1045
618187,987,1044
618188,982,1050
618189,981,1054
618190,988,1053
618191,989,1048
618192,982,1047
618193,980,1047
618194,987,1045
618195,994,1044
618196,988,1042
618197,978,1043
618198,972,1042
618199,972,1044
618200,976,1044
618201,984,1044
618202,988,1043
618203,987,1044
618204,978,1042
618205,965,1045
618206,962,1046
618207,966,1046
618208,976,1049
618209,975,1046
618210,979,1045
618211,973,1045
618212,973,1045
618213,974,1048
618214,979,1052
618215,980,1049
618216,981,1047
618217,980,1045
618218,982,1044
618219,985,1049
618220,990,1045
618221,988,1043
618222,985,1042
618223,974,1040
618224,967,1044
618225,966,1048
618226,973,1051
618227,976,1048
618228,977,1045
618229,977,1040
618230,975,1042
618231,982,1043
618232,984,1043
618233,980,1042
618234,976,1039
618235,973,1037
618236,982,1038
618237,987,1034
618238,988,1034
618239,988,1028
618240,992,1022
618241,989,1018
618242,994,1019
618243,993,1020
618244,991,1022
618245,990,1023
618246,993,1018
618247,997,1014
618248,1002,1011
618249,1008,1015
618250,1014,1015
618251,1007,1013
618252,998,1011
618253,997,1009
618254,997,1009
618255,996,1011
618256,990,1015
618257,989,1015
618258,994,1014
618259,998,1011
618260,1001,1011
618261,1001,1016
618262,1006,1015
618263,1008,1013
618264,1007,1010
618265,1007,1009
618266,1005,1011
618267,1011,1016
618268,1016,1019
618269,1017,1019
618270,1012,1018
618271,1009,1017
618272,1011,1018
618273,1016,1017
618274,1018,1015
618275,1019,1018
618276,1019,1018
618277,1020,1018
618278,1021,1020
618279,1020,1023
618280,1018,1026
618281,1017,1027
618282,1015,1028
618283,1009,1027
618284,1005,1030
618285,998,1036
618286,998,1040
618287,1001,1041
618288,1002,1037
618289,998,1035
618290,995,1039
618291,998,1045
618292,998,1043
618293,999,1045
618294,998,1044
618295,992,1044
618296,984,1050
618297,988,1054
618298,994,1057
618299,1001,1052
618300,1001,1048
618301,993,1045
618302,986,1050
618303,992,1053
618304,1001,1056
618305,1010,1051
618306,1007,1050
618307,995,1049
618308,992,1049
618309,992,1052
618310,995,1054
618311,997,1051
618312,1000,1048
618313,1001,1048
618314,1005,1050
618315,1005,1049
618316,1007,1050
618317,1004,1047
618318,1002,1045
618319,993,1042
618320,993,1044
618321,995,1048
618322,1000,1050
618323,1004,1050
618324,1001,1046
618325,998,1042
618326,990,1045
618327,987,1046
618328,988,1048
618329,993,1045
618330,999,1041
618331,995,1039
618332,994,1041
618333,996,1045
618334,999,1043
618335,1000,1041
618336,996,1037
618337,995,1039
618338,998,1038
618339,992,1043
618340,991,1047
618341,994,1046
618342,1002,1044
618343,1014,1040
618344,1009,1039
618345,998,1045
618346,982,1049
618347,979,1052
618348,984,1051
618349,991,1047
618350,993,1047
618351,997,1049
618352,1000,1053
618353,998,1048
618354,997,1044
618355,990,1044
618356,988,1047
618357,989,1051
618358,993,1054
618359,993,1050
618360,988,1048
618361,981,1047
618362,983,1048
618363,993,1052
618364,1001,1053
618365,1007,1053
618366,1003,1050
618367,992,1046
618368,986,1044
618369,984,1049
618370,989,1055
618371,988,1052
618372,987,1050
618373,988,1048
618374,987,1047
618375,988,1051
618376,996,1050
618377,999,1048
618378,1002,1045
618379,1000,1043
618380,1001,1042
618381,996,1043
618382,994,1046
618383,989,1046
618384,988,1045
618385,991,1043
618386,995,1044
618387,999,1046
618388,1001,1047
618389,1004,1048
618390,1002,1046
618391,998,1046
618392,987,1048
618393,981,1052
618394,983,1056
618395,987,1055
618396,991,1049
618397,989,1048
618398,990,1048
618399,996,1049
618400,998,1051
618401,998,1048
618402,992,1047
618403,987,1042
618404,986,1048
618405,991,1050
618406,991,1050
618407,996,1049
618408,999,1045
618409,1001,1045
618410,1001,1046
618411,993,1046
618412,983,1048
618413,984,1048
618414,987,1047
618415,989,1046
618416,993,1045
618417,999,1049
618418,1006,1051
618419,1004,1048
618420,1002,1048
618421,998,1047
618422,992,1049
618423,986,1051
618424,993,1055
618425,993,1055
618426,994,1052
618427,994,1050
618428,994,1048
618429,996,1051
618430,997,1053
618431,999,1051
618432,1000,1047
618433,994,1045
618434,987,1047
618435,985,1053
618436,993,1059
618437,999,1055
618438,997,1048
618439,989,1047
618440,987,1051
618441,994,1052
618442,1001,1055
618443,1005,1051
618444,1001,1050
618445,998,1049
618446,994,1050
618447,1001,1050
618448,1007,1049
618449,1006,1046
618450,999,1040
618451,990,1039
618452,985,1045
618453,989,1049
618454,995,1051
618455,994,1047
618456,999,1042
618457,1002,1042
618458,1006,1041
618459,1003,1045
618460,1001,1047
618461,995,1045
618462,994,1044
618463,992,1045
618464,994,1048
618465,997,1053
618466,1000,1052
618467,1004,1052
618468,1009,1046
618469,1006,1044
618470,997,1045
618471,989,1051
618472,985,1052
618473,991,1049
618474,997,1047
618475,994,1045
618476,992,1046
618477,990,1050
618478,994,1052
618479,996,1052
618480,998,1050
618481,999,1045
618482,996,1046
618483,1000,1049
618484,1001,1053
618485,1003,1049
618486,999,1046
618487,996,1043
618488,996,1043
618489,1001,1046
618490,1007,1046
618491,1005,1045
618492,1003,1043
618493,999,1040
618494,997,1044
618495,1001,1044
618496,1004,1049
618497,1002,1047
618498,1001,1042
618499,1001,1041
618500,999,1047
618501,1001,1048
618502,1006,1051
618503,1015,1048
618504,1026,1043
618505,1023,1040
618506,1011,1042
618507,999,1045
618508,994,1047
618509,994,1046
618510,996,1046
618511,997,1046
618512,1002,1047
618513,1008,1046
618514,1011,1047
618515,1010,1046
618516,1005,1045
618517,1003,1044
618518,1002,1044
618519,1011,1046
618520,1023,1047
618521,1016,1043
618522,1006,1042
618523,996,1039
618524,997,1041
618525,1005,1040
618526,1017,1038
618527,1027,1033
618528,1035,1027
618529,1047,1024
618530,1066,1018
618531,1097,1014
618532,1130,1005
618533,1167,992
618534,1205,981
618535,1248,980
618536,1294,995
618537,1335,1013
618538,1354,1032
618539,1335,1040
618540,1291,1042
618541,1226,1041
618542,1159,1055
618543,1094,1071
618544,1041,1086
618545,1003,1093
618546,983,1091
618547,982,1085
618548,988,1078
618549,1001,1073
618550,1010,1068
618551,1013,1060
618552,1011,1054
618553,1004,1054
618554,1000,1055
618555,999,1055
618556,997,1057
618557,994,1059
618558,992,1058
618559,992,1053
618560,993,1058
618561,996,1057
618562,999,1054
618563,998,1052
618564,995,1047
618565,991,1042
618566,992,1044
618567,997,1046
618568,1000,1049
618569,1001,1047
618570,997,1041
618571,989,1038
618572,987,1035
618573,993,1040
618574,999,1042
618575,999,1045
618576,996,1043
618577,991,1041
618578,989,1044
618579,988,1047
618580,992,1047
618581,994,1045
618582,990,1047
618583,988,1045
618584,994,1045
618585,995,1047
618586,1004,1052
618587,1003,1044
618588,1003,1042
618589,1000,1042
618590,1002,1044
618591,997,1047
618592,994,1050
618593,990,1051
618594,993,1049
618595,998,1046
618596,1002,1047
618597,1008,1052
618598,1009,1054
618599,1002,1054
618600,995,1055
618601,997,1056
618602,1000,1057
618603,1007,1059
618604,1013,1057
618605,1013,1050
618606,1016,1047
618607,1018,1046
618608,1015,1047
618609,1014,1045
618610,1015,1046
618611,1014,1043
618612,1014,1039
618613,1013,1037
618614,1015,1036
618615,1020,1031
618616,1021,1035
618617,1018,1031
618618,1013,1028
618619,1010,1028
618620,1016,1032
618621,1019,1034
618622,1023,1033
618623,1030,1027
618624,1027,1022
618625,1025,1020
618626,1026,1022
618627,1023,1027
618628,1028,1027
618629,1032,1026
618630,1028,1024
618631,1023,1018
618632,1023,1020
618633,1027,1024
618634,1028,1024
618635,1028,1025
618636,1029,1023
618637,1030,1021
618638,1033,1024
618639,1035,1027
618640,1039,1029
618641,1041,1027
618642,1040,1023
618643,1039,1025
618644,1037,1031
618645,1043,1034
618646,1048,1036
618647,1049,1034
618648,1039,1031
618649,1033,1031
618650,1034,1036
618651,1038,1040
618652,1046,1041
618653,1049,1038
618654,1045,1039
618655,1038,1039
618656,1036,1043
618657,1035,1045
618658,1034,1045
618659,1034,1045
618660,1030,1045
618661,1027,1043
618662,1025,1044
618663,1029,1045
618664,1029,1050
618665,1027,1046
618666,1023,1045
618667,1020,1042
618668,1023,1043
618669,1027,1045
618670,1029,1048
618671,1027,1044
618672,1018,1045
618673,1016,1043
618674,1018,1046
618675,1020,1045
618676,1022,1046
618677,1019,1044
618678,1016,1042
618679,1012,1047
618680,1009,1046
618681,1010,1051
618682,1015,1054
618683,1018,1055
618684,1016,1054
618685,1014,1053
618686,1014,1051
618687,1016,1056
618688,1019,1059
618689,1015,1056
618690,1012,1055
618691,1009,1056
618692,1011,1059
618693,1015,1061
618694,1019,1062
618695,1014,1060
618696,1013,1059
618697,1014,1056
618698,1016,1056
618699,1021,1058
618700,1023,1059
618701,1020,1056
618702,1020,1048
618703,1021,1047
618704,1025,1048
618705,1021,1048
618706,1019,1050
618707,1021,1050
618708,1022,1046
618709,1019,1046
618710,1020,1046
618711,1022,1050
618712,1022,1051
618713,1021,1048
618714,1020,1046
618715,1018,1045
618716,1023,1048
618717,1024,1051
618718,1029,1050
618719,1028,1046
618720,1024,1042
618721,1021,1044
618722,1021,1046
618723,1026,1046
618724,1026,1047
618725,1023,1043
618726,1020,1043
618727,1018,1045
618728,1019,1047
618729,1023,1049
618730,1026,1050
618731,1023,1048
618732,1020,1046
618733,1015,1047
618734,1013,1051
618735,1019,1053
618736,1020,1057
618737,1021,1056
618738,1018,1058
618739,1015,1056
618740,1016,1060
618741,1019,1062
618742,1023,1062
618743,1020,1057
618744,1014,1052
618745,1011,1051
618746,1010,1053
618747,1014,1055
618748,1014,1059
618749,1017,1058
618750,1017,1052
618751,1015,1049
618752,1017,1052
618753,1018,1056
618754,1021,1059
618755,1021,1057
618756,1019,1056
618757,1017,1054
618758,1017,1056
618759,1019,1056
618760,1021,1054
618761,1022,1054
618762,1020,1052
618763,1016,1049
618764,1020,1050
618765,1025,1053
618766,1027,1055
618767,1026,1052
618768,1020,1055
618769,1019,1053
618770,1020,1054
618771,1023,1052
618772,1024,1052
618773,1022,1050
618774,1016,1046
618775,1015,1038
618776,1021,1037
618777,1032,1039
618778,1047,1038
618779,1059,1035
618780,1072,1027
618781,1096,1021
618782,1131,1013
618783,1173,1004
618784,1212,999
618785,1252,995
618786,1289,995
618787,1319,1007
618788,1331,1028
618789,1320,1044
618790,1275,1048
618791,1217,1048
618792,1149,1063
618793,1081,1078
618794,1020,1089
618795,988,1097
618796,989,1094
618797,999,1082
618798,1010,1068
618799,1010,1055
618800,1004,1051
618801,997,1053
618802,993,1058
618803,990,1057
618804,988,1053
618805,986,1051
618806,988,1055
618807,987,1058
618808,989,1058
618809,991,1054
618810,985,1052
618811,982,1052
618812,983,1055
618813,984,1056
618814,984,1058
618815,985,1057
618816,985,1054
618817,985,1053
618818,986,1051
618819,988,1055
618820,991,1056
618821,992,1058
618822,993,1053
618823,995,1050
618824,997,1054
618825,998,1058
618826,997,1060
618827,994,1058
618828,993,1058
618829,990,1056
618830,992,1057
618831,997,1061
618832,1003,1060
618833,1003,1060
618834,999,1055
618835,998,1056
618836,999,1059
618837,1005,1060
618838,1005,1061
618839,1006,1059
618840,1007,1054
618841,1006,1054
618842,1007,1057
618843,1012,1056
618844,1019,1055
618845,1026,1053
618846,1018,1049
618847,1004,1047
618848,996,1048
618849,997,1051
618850,1005,1051
618851,1010,1049
618852,1007,1047
618853,1009,1044
618854,1012,1046
618855,1015,1047
618856,1024,1048
618857,1023,1041
618858,1023,1036
618859,1017,1033
618860,1018,1036
618861,1021,1037
618862,1026,1037
618863,1028,1034
618864,1026,1033
618865,1024,1030
618866,1029,1032
618867,1034,1030
618868,1034,1029
618869,1029,1027
618870,1025,1027
618871,1019,1026
618872,1023,1025
618873,1027,1029
618874,1034,1026
618875,1033,1026
618876,1038,1022
618877,1041,1020
618878,1038,1021
618879,1036,1023
618880,1033,1026
618881,1032,1025
618882,1031,1022
618883,1031,1021
618884,1035,1024
618885,1042,1023
618886,1045,1023
618887,1053,1017
618888,1057,1015
618889,1054,1015
618890,1047,1017
618891,1044,1019
618892,1043,1021
618893,1049,1023
618894,1048,1017
618895,1050,1017
618896,1052,1019
618897,1057,1025
618898,1059,1023
618899,1059,1022
618900,1050,1021
618901,1041,1022
618902,1038,1025
618903,1037,1034
618904,1034,1041
618905,1036,1041
618906,1038,1041
618907,1036,1040
618908,1037,1042
618909,1036,1045
618910,1029,1050
618911,1025,1048
618912,1022,1048
618913,1017,1048
618914,1018,1051
618915,1023,1057
618916,1026,1059
618917,1027,1060
618918,1027,1058
618919,1022,1054
618920,1022,1060
618921,1024,1061
618922,1026,1062
618923,1027,1063
618924,1022,1060
618925,1021,1061
618926,1021,1064
618927,1021,1067
618928,1025,1068
618929,1022,1069
618930,1023,1067
618931,1015,1063
618932,1013,1064
618933,1012,1064
618934,1018,1063
618935,1022,1058
618936,1025,1055
618937,1025,1052
618938,1030,1053
618939,1038,1055
618940,1047,1058
618941,1049,1059
618942,1046,1059
618943,1046,1059
618944,1051,1059
618945,1057,1060
618946,1067,1057
618947,1080,1049
618948,1092,1034
618949,1101,1016
618950,1113,1003
618951,1124,996
618952,1134,984
618953,1148,971
618954,1160,955
618955,1172,940
618956,1188,923
618957,1210,905
618958,1229,888
618959,1246,869
618960,1263,848
618961,1275,835
618962,1287,827
618963,1293,825
618964,1297,825
618965,1300,824
618966,1294,822
618967,1288,819
618968,1285,819
618969,1278,820
618970,1267,823
618971,1245,827
618972,1219,832
618973,1193,836
618974,1171,845
618975,1150,857
618976,1131,866
618977,1110,878
618978,1091,889
618979,1077,902
618980,1077,915
618981,1074,937
618982,1072,953
618983,1067,961
618984,1060,965
618985,1057,972
618986,1067,983
618987,1086,990
618988,1108,998
618989,1125,999
618990,1130,998
618991,1120,1000
618992,1091,1012
618993,1061,1024
618994,1030,1032
618995,1000,1043
618996,975,1052
618997,964,1070
618998,963,1085
618999,964,1099
619000,967,1104
619001,962,1107
619002,954,1103
619003,948,1106
619004,944,1111
619005,947,1117
619006,948,1120
619007,943,1121
619008,935,1121
619009,932,1123
619010,932,1129
619011,933,1134
619012,936,1138
619013,935,1134
619014,931,1133
619015,925,1134
619016,925,1137
619017,932,1143
619018,935,1148
619019,934,1148
619020,930,1149
619021,920,1151
619022,913,1156
619023,916,1163
619024,919,1164
619025,920,1160
619026,916,1154
619027,916,1155
619028,916,1156
619029,916,1161
619030,919,1162
619031,915,1161
619032,910,1160
619033,907,1161
619034,907,1165
619035,907,1171
619036,910,1175
619037,906,1174
619038,905,1174
619039,904,1174
619040,904,1177
619041,904,1183
619042,913,1186
619043,915,1187
619044,912,1187
619045,907,1189
619046,906,1193
619047,910,1196
619048,914,1202
619049,914,1200
619050,915,1202
619051,916,1203
619052,918,1206
619053,923,1211
619054,929,1212
619055,929,1208
619056,927,1204
619057,928,1203
619058,932,1208
619059,934,1212
619060,936,1213
619061,936,1210
619062,934,1210
619063,941,1208
619064,945,1209
619065,949,1211
619066,954,1212
619067,951,1204
619068,951,1199
619069,948,1195
619070,956,1193
619071,966,1193
619072,972,1191
619073,968,1185
619074,966,1176
619075,962,1175
619076,968,1173
619077,973,1168
619078,980,1161
619079,984,1154
619080,986,1145
619081,985,1139
619082,986,1134
619083,989,1131
619084,993,1126
619085,990,1119
619086,986,1115
619087,984,1114
619088,985,1109
619089,991,1106
619090,998,1103
619091,1001,1097
619092,1000,1087
619093,1001,1083
619094,996,1079
619095,996,1081
619096,993,1080
619097,998,1077
619098,999,1075
619099,991,1069
619100,992,1070
619101,999,1072
619102,1008,1075
619103,1011,1069
619104,1009,1065
619105,1006,1062
619106,1003,1064
619107,1003,1067
619108,1009,1068
619109,1008,1067
619110,1001,1063
619111,1000,1062
619112,1005,1066
619113,1005,1065
619114,1011,1063
619115,1014,1059
619116,1007,1054
619117,1000,1051
619118,992,1057
619119,995,1059
619120,1004,1059
619121,1008,1055
619122,1005,1053
619123,1001,1053
619124,1001,1053
619125,1007,1054
619126,1008,1053
619127,1007,1055
619128,1009,1052
619129,1004,1048
619130,1009,1048
619131,1011,1052
619132,1015,1052
619133,1014,1050
619134,1007,1050
619135,1002,1051
619136,1007,1052
619137,1012,1052
619138,1016,1057
619139,1017,1054
619140,1017,1051
619141,1018,1045
619142,1015,1048
619143,1016,1052
619144,1012,1056
619145,1006,1053
619146,1003,1055
619147,1003,1053
619148,1007,1055
619149,1008,1058
619150,1007,1059
619151,1006,1059
619152,1006,1058
619153,1010,1054
619154,1016,1055
619155,1010,1055
619156,1002,1057
619157,994,1055
619158,991,1053
619159,998,1053
619160,1002,1055
619161,1008,1056
619162,1013,1058
619163,1012,1054
619164,1010,1052
619165,1004,1053
619166,996,1053
619167,994,1059
619168,1001,1060
619169,1004,1059
619170,1005,1056
619171,1001,1057
619172,997,1059
619173,1003,1060
619174,1009,1059
619175,1014,1058
619176,1014,1052
619177,1010,1052
619178,1001,1056
619179,994,1061
619180,995,1061
619181,996,1063
619182,998,1055
619183,1002,1051
619184,1004,1052
619185,1005,1052
619186,1013,1051
619187,1015,1049
619188,1014,1044
619189,1008,1044
619190,1003,1047
619191,1003,1049
619192,1007,1051
619193,1003,1050
619194,1004,1048
619195,1002,1046
619196,1002,1048
619197,1006,1051
619198,1008,1053
619199,1007,1052
619200,1008,1051
619201,1006,1048
619202,1007,1051
619203,1006,1053
619204,1008,1051
619205,1010,1049
619206,1007,1048
619207,1005,1048
619208,1007,1049
619209,1013,1054
619210,1015,1056
619211,1014,1052
619212,1010,1053
619213,1010,1053
619214,1009,1054
619215,1009,1055
619216,1005,1054
619217,1002,1055
619218,1001,1056
619219,1003,1054
619220,1004,1054
619221,1009,1058
619222,1012,1057
619223,1012,1054
619224,1006,1053
619225,1002,1052
619226,1003,1055
619227,1004,1061
619228,1006,1062
619229,1005,1058
619230,1002,1055
619231,1000,1055
619232,1003,1058
619233,1009,1061
619234,1010,1063
619235,1009,1059
619236,1009,1055
619237,1007,1053
619238,1006,1053
619239,1010,1055
619240,1011,1053
619241,1007,1048
619242,1007,1050
619243,1007,1049
619244,1009,1048
619245,1013,1049
619246,1009,1048
619247,1004,1044
619248,1004,1043
619249,1006,1043
619250,1013,1047
619251,1019,1044
619252,1022,1043
619253,1023,1041
619254,1018,1040
619255,1015,1043
619256,1014,1045
619257,1007,1049
619258,1004,1051
619259,1002,1052
619260,1003,1048
619261,1003,1050
619262,1004,1051
619263,1011,1051
619264,1010,1052
619265,1010,1051
619266,1006,1048
619267,1006,1049
619268,1005,1050
619269,1006,1055
619270,1012,1056
619271,1010,1056
619272,1007,1054
619273,1006,1050
619274,1006,1051
619275,1010,1053
619276,1013,1055
619277,1012,1056
619278,1008,1054
619279,1011,1053
619280,1011,1055
619281,1015,1058
619282,1018,1058
619283,1019,1058
619284,1016,1054
619285,1012,1050
619286,1014,1051
619287,1016,1054
619288,1019,1054
619289,1018,1050
619290,1016,1046
619291,1016,1048
619292,1017,1048
619293,1013,1052
619294,1016,1052
619295,1013,1050
619296,1013,1046
619297,1007,1043
619298,1008,1047
619299,1012,1050
619300,1018,1053
619301,1019,1051
619302,1019,1046
619303,1019,1042
619304,1018,1044
619305,1019,1050
619306,1020,1052
619307,1021,1047
619308,1021,1044
619309,1018,1039
619310,1015,1044
619311,1019,1048
619312,1023,1050
619313,1025,1044
619314,1023,1043
619315,1027,1038
619316,1033,1037
619317,1047,1036
619318,1060,1035
619319,1065,1028
619320,1073,1025
619321,1095,1023
619322,1129,1016
619323,1167,1006
619324,1207,995
619325,1244,984
619326,1279,983
619327,1318,987
619328,1351,999
619329,1359,1019
619330,1342,1034
619331,1291,1037
619332,1226,1038
619333,1160,1050
619334,1101,1063
619335,1045,1074
619336,1012,1081
619337,994,1082
619338,998,1077
619339,1008,1067
619340,1021,1058
619341,1024,1052
619342,1028,1049
619343,1022,1047
619344,1015,1045
619345,1009,1047
619346,1003,1050
619347,1006,1051
619348,1006,1052
619349,1004,1052
619350,1001,1052
619351,1002,1049
619352,998,1051
619353,998,1053
619354,998,1055
619355,998,1053
619356,999,1053
619357,994,1052
619358,994,1050
619359,998,1048
619360,1000,1053
619361,997,1049
619362,996,1047
619363,996,1046
619364,998,1049
619365,996,1049
619366,996,1053
619367,998,1052
619368,990,1052
619369,991,1047
619370,991,1052
619371,997,1056
619372,1002,1057
619373,1000,1054
619374,999,1052
619375,994,1053
619376,993,1055
619377,994,1055
619378,995,1058
619379,995,1056
619380,990,1056
619381,992,1054
619382,993,1052
619383,998,1055
619384,999,1058
619385,998,1056
619386,995,1055
619387,993,1053
619388,997,1054
619389,998,1055
619390,1003,1051
619391,1006,1047
619392,1000,1044
619393,1000,1043
619394,1000,1044
619395,1003,1046
619396,1013,1045
619397,1012,1041
619398,1007,1037
619399,998,1032
619400,991,1038
619401,990,1042
619402,1001,1044
619403,1006,1039
619404,1003,1033
619405,1000,1031
619406,1001,1031
619407,1007,1035
619408,1009,1035
619409,1010,1033
619410,1011,1030
619411,1011,1027
619412,1011,1027
619413,1014,1028
619414,1020,1025
619415,1021,1024
619416,1017,1021
619417,1020,1020
619418,1021,1021
619419,1024,1023
619420,1029,1021
619421,1031,1020
619422,1031,1020
619423,1030,1018
619424,1030,1022
619425,1037,1022
619426,1040,1021
619427,1044,1018
619428,1045,1016
619429,1042,1015
619430,1049,1016
619431,1049,1016
619432,1055,1016
619433,1055,1015
619434,1057,1012
619435,1056,1012
619436,1061,1014
619437,1062,1017
619438,1067,1021
619439,1067,1018
619440,1062,1015
619441,1055,1017
619442,1053,1021
619443,1058,1021
619444,1062,1022
619445,1058,1020
619446,1058,1020
619447,1054,1018
619448,1054,1021
619449,1049,1024
619450,1050,1029
619451,1044,1032
619452,1044,1035
619453,1039,1036
619454,1038,1037
619455,1036,1041
619456,1037,1047
619457,1037,1045
619458,1032,1043
619459,1031,1042
619460,1030,1044
619461,1032,1046
619462,1035,1046
619463,1032,1043
619464,1030,1040
619465,1027,1039
619466,1023,1039
619467,1020,1043
619468,1027,1045
619469,1026,1044
619470,1026,1042
619471,1022,1042
619472,1025,1041
619473,1029,1045
619474,1029,1048
619475,1028,1048
619476,1021,1048
619477,1021,1048
619478,1026,1051
619479,1027,1051
619480,1030,1052
619481,1028,1049
619482,1026,1048
619483,1021,1049
619484,1020,1048
619485,1021,1050
619486,1025,1049
619487,1023,1046
619488,1019,1043
619489,1017,1041
619490,1019,1043
619491,1019,1047
619492,1021,1045
619493,1018,1048
619494,1021,1045
619495,1020,1044
619496,1018,1043
619497,1021,1040
619498,1025,1040
619499,1023,1036
619500,1021,1032
619501,1018,1032
619502,1016,1036
619503,1018,1040
619504,1022,1046
619505,1025,1044
619506,1023,1041
619507,1022,1037
619508,1021,1039
619509,1024,1040
619510,1028,1041
619511,1022,1041
619512,1013,1040
619513,1007,1041
619514,1009,1044
619515,1012,1047
619516,1018,1048
619517,1025,1045
619518,1034,1040
619519,1033,1038
619520,1031,1042
619521,1026,1045
619522,1021,1048
619523,1013,1050
619524,1008,1048
619525,1006,1050
619526,1007,1051
619527,1008,1055
619528,1010,1054
619529,1006,1052
619530,1000,1049
619531,1000,1048
619532,1002,1049
619533,1007,1054
619534,1004,1050
619535,1002,1048
619536,1001,1049
619537,1002,1049
619538,1003,1053
619539,1003,1053
619540,1005,1052
619541,1003,1048
619542,1005,1047
619543,1006,1044
619544,1005,1046
619545,1009,1050
619546,1012,1048
619547,1011,1045
619548,1008,1045
619549,1009,1040
619550,1012,1044
619551,1012,1048
619552,1011,1046
619553,1008,1047
619554,1010,1042
619555,1007,1043
619556,1006,1044
619557,1007,1045
619558,1010,1050
619559,1012,1048
619560,1010,1049
619561,1005,1049
619562,1007,1052
619563,1007,1053
619564,1014,1053
619565,1014,1050
619566,1010,1044
619567,1001,1044
619568,1003,1047
619569,1007,1051
619570,1014,1050
619571,1011,1050
619572,1014,1045
619573,1015,1045
619574,1014,1045
619575,1010,1047
619576,1009,1050
619577,1002,1047
619578,997,1044
619579,1002,1045
619580,1008,1049
619581,1015,1051
619582,1024,1047
619583,1024,1045
619584,1010,1044
619585,997,1045
619586,995,1052
619587,998,1057
619588,1004,1057
619589,1003,1054
619590,1003,1052
619591,1003,1048
619592,1001,1050
619593,1003,1051
619594,1004,1054
619595,1003,1054
619596,1004,1054
619597,1003,1053
619598,1003,1048
619599,1002,1050
619600,1002,1053
619601,1002,1053
619602,998,1048
619603,999,1048
619604,1006,1049
619605,1006,1050
619606,1007,1051
619607,1006,1046
619608,1004,1043
619609,1005,1041
619610,1003,1043
619611,1000,1048
619612,1006,1047
619613,1007,1047
619614,1007,1044
619615,1005,1041
619616,1003,1048
619617,1002,1050
619618,1006,1053
619619,1002,1054
619620,1008,1051
619621,1014,1049
619622,1022,1046
619623,1024,1048
619624,1023,1047
619625,1013,1045
619626,1004,1048
619627,1002,1051
619628,1008,1054
619629,1011,1053
619630,1017,1052
619631,1014,1050
619632,1012,1047
619633,1012,1047
619634,1012,1050
619635,1015,1052
619636,1019,1051
619637,1022,1050
619638,1019,1046
619639,1015,1046
619640,1008,1049
619641,1005,1054
619642,1011,1055
619643,1014,1053
619644,1016,1051
619645,1015,1050
619646,1016,1051
619647,1022,1053
619648,1027,1051
619649,1023,1048
619650,1012,1043
619651,1006,1045
619652,1003,1050
619653,1007,1051
619654,1008,1049
619655,1007,1040
619656,1016,1034
619657,1028,1026
619658,1040,1022
619659,1057,1020
619660,1075,1013
619661,1101,1007
619662,1130,994
619663,1167,979
619664,1219,977
619665,1269,981
619666,1315,992
619667,1342,1015
619668,1335,1030
619669,1297,1036
619670,1242,1042
619671,1181,1050
619672,1119,1067
619673,1060,1082
619674,1013,1094
619675,987,1103
619676,991,1103
619677,1012,1094
619678,1029,1077
619679,1035,1061
619680,1029,1050
619681,1018,1047
619682,1008,1050
619683,1003,1055
619684,1004,1054
619685,1002,1052
619686,997,1045
619687,994,1046
619688,998,1052
619689,1000,1053
619690,1002,1054
619691,999,1052
619692,995,1047
619693,992,1047
619694,990,1049
619695,990,1050
619696,994,1053
619697,991,1049
619698,991,1047
619699,990,1049
619700,990,1051
619701,986,1050
619702,981,1052
619703,977,1049
619704,977,1046
619705,978,1047
619706,980,1048
619707,984,1050
619708,988,1047
619709,994,1043
619710,994,1039
619711,986,1038
619712,979,1044
619713,978,1046
619714,981,1049
619715,983,1050
619716,985,1046
619717,986,1044
619718,986,1048
619719,991,1050
619720,995,1050
619721,997,1048
619722,994,1043
619723,993,1043
619724,994,1049
619725,1000,1050
619726,1002,1050
619727,998,1044
619728,992,1041
619729,991,1042
619730,989,1043
619731,994,1044
619732,996,1042
619733,997,1039
619734,995,1036
619735,990,1035
619736,990,1039
619737,996,1039
619738,1004,1040
619739,1005,1037
619740,1002,1031
619741,999,1026
619742,1001,1024
619743,1000,1024
619744,1005,1022
619745,1006,1017
619746,1003,1014
619747,1000,1011
619748,1002,1016
619749,1006,1019
619750,1008,1018
619751,1009,1013
619752,1006,1010
619753,1003,1011
619754,1003,1011
619755,1004,1014
619756,1009,1016
619757,1007,1013
619758,1009,1008
619759,1007,1007
619760,1005,1006
619761,1008,1010
619762,1014,1011
619763,1015,1008
619764,1015,1010
619765,1017,1010
619766,1019,1013
619767,1023,1015
619768,1030,1015
619769,1031,1015
619770,1029,1015
619771,1030,1017
619772,1030,1022
619773,1035,1026
619774,1039,1024
619775,1034,1027
619776,1029,1029
619777,1028,1031
619778,1029,1034
619779,1030,1038
619780,1029,1037
619781,1029,1039
619782,1023,1038
619783,1019,1040
619784,1018,1042
619785,1018,1051
619786,1020,1047
619787,1017,1046
619788,1020,1044
619789,1018,1043
619790,1017,1046
619791,1015,1049
619792,1012,1049
619793,1014,1049
619794,1013,1048
619795,1013,1045
619796,1009,1050
619797,1010,1053
619798,1010,1054
619799,1011,1053
619800,1010,1046
619801,1008,1047
619802,1005,1046
619803,1007,1049
619804,1010,1052
619805,1011,1050
619806,1010,1047
619807,1006,1044
619808,1003,1048
619809,1006,1048
619810,1010,1048
619811,1009,1047
619812,1004,1046
619813,1000,1046
619814,1004,1047
619815,1008,1049
619816,1011,1049
619817,1013,1046
619818,1010,1045
619819,1008,1046
619820,1013,1048
619821,1019,1051
619822,1022,1049
619823,1017,1050
619824,1013,1047
619825,1011,1048
619826,1013,1048
619827,1015,1047
619828,1017,1049
619829,1020,1046
619830,1018,1043
619831,1017,1042
619832,1014,1044
619833,1018,1048
619834,1019,1051
619835,1019,1046
619836,1016,1045
619837,1012,1044
619838,1011,1049
619839,1015,1049
619840,1020,1049
619841,1019,1046
619842,1014,1047
619843,1011,1046
619844,1010,1048
619845,1014,1050
619846,1016,1050
619847,1013,1048
619848,1006,1047
619849,1008,1047
619850,1008,1050
619851,1010,1048
619852,1012,1047
619853,1008,1046
619854,1006,1044
619855,1004,1044
619856,1004,1043
619857,1010,1045
619858,1012,1046
619859,1012,1045
619860,1008,1044
619861,1008,1044
619862,1006,1047
619863,1006,1048
619864,1010,1050
619865,1010,1048
619866,1010,1046
619867,1011,1045
619868,1012,1050
619869,1014,1054
619870,1018,1051
619871,1015,1048
619872,1011,1048
619873,1008,1044
619874,1009,1043
619875,1015,1044
619876,1023,1042
619877,1032,1036
619878,1041,1032
619879,1050,1027
619880,1066,1027
619881,1089,1025
619882,1122,1019
619883,1161,1007
619884,1203,997
619885,1247,995
619886,1294,999
619887,1333,1018
619888,1352,1037
619889,1338,1046
619890,1288,1045
619891,1218,1050
619892,1150,1065
619893,1083,1088
619894,1023,1098
619895,982,1105
619896,976,1097
619897,987,1089
619898,1000,1076
619899,1011,1068
619900,1018,1059
619901,1017,1049
619902,1011,1043
619903,1005,1045
619904,1002,1049
619905,1001,1054
619906,1000,1057
619907,999,1057
619908,997,1053
619909,997,1051
619910,996,1052
619911,996,1052
619912,997,1054
619913,992,1052
619914,991,1049
619915,989,1049
619916,990,1051
619917,993,1052
619918,994,1053
619919,991,1048
619920,988,1047
619921,985,1049
619922,989,1050
619923,993,1053
619924,996,1051
619925,995,1051
619926,993,1048
619927,987,1047
619928,987,1052
619929,989,1052
619930,989,1051
619931,988,1050
619932,985,1047
619933,984,1046
619934,987,1046
619935,992,1046
619936,997,1046
619937,994,1043
619938,987,1038
619939,988,1040
619940,984,1038
619941,985,1045
619942,991,1043
619943,990,1042
619944,991,1037
619945,990,1036
619946,988,1037
619947,987,1042
619948,992,1041
619949,991,1038
619950,991,1035
619951,992,1036
619952,996,1034
619953,1001,1033
619954,1003,1032
619955,1005,1033
619956,1002,1029
619957,1001,1028
619958,997,1031
619959,1001,1032
619960,1005,1030
619961,1008,1025
619962,1012,1018
619963,1009,1014
619964,1011,1016
619965,1014,1018
619966,1017,1015
619967,1015,1015
619968,1013,1011
619969,1010,1008
619970,1012,1008
619971,1018,1010
619972,1018,1006
619973,1020,1006
619974,1017,1001
619975,1016,1001
619976,1014,999
619977,1021,1005
619978,1021,1004
619979,1019,1000
619980,1013,999
619981,1013,1001
619982,1017,1004
619983,1024,1005
619984,1028,1004
619985,1027,1006
619986,1026,1004
619987,1024,1002
619988,1022,1007
619989,1023,1010
619990,1030,1013
619991,1028,1012
619992,1027,1013
619993,1025,1016
619994,1029,1018
619995,1032,1024
619996,1030,1026
619997,1024,1026
619998,1021,1026
619999,1016,1026
620000,1015,1029
620001,1017,1036
620002,1020,1038
620003,1018,1040
620004,1017,1041
620005,1013,1039
620006,1013,1041
620007,1013,1047
620008,1013,1051
620009,1010,1048
620010,1008,1048
620011,1005,1051
620012,1004,1053
620013,1005,1055
620014,1009,1055
620015,1006,1051
620016,1001,1048
620017,999,1049
620018,1002,1052
620019,1004,1050
620020,1008,1050
620021,1005,1047
620022,1001,1046
620023,997,1042
620024,998,1045
620025,997,1045
620026,997,1045
620027,997,1046
620028,997,1044
620029,996,1045
620030,998,1046
620031,1004,1043
620032,1006,1045
620033,1006,1044
620034,1001,1044
620035,997,1043
620036,996,1044
620037,999,1045
620038,1004,1048
620039,1002,1045
620040,1001,1044
620041,1001,1044
620042,1001,1047
620043,1001,1046
620044,1003,1046
620045,1001,1042
620046,1001,1041
620047,999,1038
620048,998,1042
620049,997,1046
620050,1007,1045
620051,1008,1046
620052,1009,1040
620053,1002,1042
620054,997,1045
620055,999,1049
620056,1000,1047
620057,1001,1047
620058,999,1042
620059,996,1045
620060,996,1045
620061,997,1043
620062,997,1044
620063,991,1041
620064,992,1038
620065,988,1036
620066,991,1039
620067,995,1042
620068,1000,1046
620069,997,1046
620070,997,1043
620071,994,1044
620072,990,1049
620073,994,1047
620074,998,1049
620075,997,1046
620076,994,1044
620077,993,1045
620078,991,1046
620079,996,1047
620080,1000,1045
620081,999,1046
620082,996,1043
620083,995,1044
620084,992,1042
620085,994,1046
620086,999,1049
620087,1002,1048
620088,998,1044
620089,997,1044
620090,998,1044
620091,999,1046
620092,1001,1046
620093,1002,1045
620094,1001,1042
620095,999,1044
620096,997,1045
620097,999,1048
620098,1002,1048
620099,999,1047
620100,995,1045
620101,994,1045
620102,995,1048
620103,999,1048
620104,1004,1051
620105,1002,1047
620106,1003,1042
620107,1000,1041
620108,1003,1037
620109,1010,1034
620110,1024,1030
620111,1035,1021
620112,1046,1013
620113,1061,1008
620114,1091,1001
620115,1128,988
620116,1161,981
620117,1196,977
620118,1227,986
620119,1253,1004
620120,1260,1020
620121,1241,1029
620122,1205,1030
620123,1150,1041
620124,1092,1056
620125,1039,1072
620126,997,1082
620127,987,1086
620128,992,1079
620129,997,1066
620130,1003,1054
620131,1003,1048
620132,1004,1046
620133,1003,1048
620134,1003,1049
620135,999,1043
620136,997,1045
620137,990,1045
620138,990,1047
620139,989,1050
620140,992,1049
620141,992,1047
620142,989,1046
620143,987,1043
620144,987,1047
620145,990,1047
620146,994,1046
620147,996,1041
620148,996,1038
620149,989,1039
620150,982,1042
620151,983,1047
620152,987,1052
620153,989,1050
620154,985,1046
620155,982,1048
620156,981,1051
620157,984,1054
620158,986,1049
620159,983,1047
620160,982,1042
620161,979,1041
620162,982,1044
620163,987,1046
620164,989,1046
620165,987,1048
620166,983,1044
620167,984,1048
620168,983,1048
620169,986,1051
620170,992,1049
620171,988,1049
620172,989,1045
620173,988,1046
620174,988,1047
620175,984,1046
620176,993,1044
620177,992,1041
620178,990,1039
620179,989,1040
620180,990,1041
620181,993,1042
620182,999,1044
620183,997,1041
620184,994,1037
620185,994,1034
620186,996,1034
620187,998,1033
620188,1002,1032
620189,1002,1030
620190,1000,1026
620191,998,1023
620192,1002,1025
620193,1004,1027
620194,1001,1028
620195,1003,1027
620196,1000,1025
620197,996,1023
620198,999,1022
620199,1002,1024
620200,1005,1023
620201,1004,1018
620202,1004,1016
620203,1000,1012
620204,1001,1012
620205,1003,1016
620206,1003,1019
620207,1003,1017
620208,1002,1013
620209,1004,1011
620210,1005,1009
620211,1008,1011
620212,1012,1014
620213,1010,1011
620214,1007,1008
620215,1008,1008
620216,1008,1012
620217,1013,1016
620218,1018,1015
620219,1016,1008
620220,1009,1008
620221,1007,1012
620222,1006,1020
620223,1007,1018
620224,1013,1019
620225,1010,1017
620226,1009,1019
620227,1009,1021
620228,1006,1027
620229,1007,1032
620230,1008,1037
620231,1006,1038
620232,1004,1035
620233,1004,1035
620234,1004,1039
620235,1005,1043
620236,1007,1046
620237,1004,1048
620238,1005,1048
620239,1003,1046
620240,1001,1047
620241,996,1052
620242,999,1051
620243,992,1054
620244,989,1050
620245,990,1053
620246,992,1054
620247,993,1059
620248,999,1059
620249,997,1058
620250,995,1054
620251,996,1054
620252,993,1057
620253,997,1058
620254,999,1055
620255,995,1052
620256,997,1046
620257,997,1046
620258,995,1050
620259,993,1055
620260,999,1052
620261,1002,1046
620262,999,1045
620263,999,1046
620264,993,1045
620265,1000,1045
620266,1004,1045
620267,1003,1043
620268,1001,1035
620269,999,1037
620270,997,1038
620271,999,1043
620272,996,1043
620273,997,1043
620274,996,1041
620275,995,1043
620276,996,1045
620277,998,1045
620278,1001,1044
620279,1000,1042
620280,999,1039
620281,995,1043
620282,996,1046
620283,999,1046
620284,1002,1050
620285,1002,1050
620286,1000,1048
620287,994,1047
620288,994,1048
620289,994,1051
620290,997,1050
620291,996,1049
620292,995,1049
620293,997,1049
620294,997,1052
620295,994,1058
620296,997,1061
620297,998,1060
620298,993,1057
620299,992,1050
620300,992,1050
620301,997,1050
620302,1000,1051
620303,1001,1047
620304,1001,1042
620305,998,1043
620306,996,1044
620307,996,1049
620308,997,1050
620309,1000,1047
620310,998,1043
620311,995,1042
620312,997,1045
620313,1000,1045
620314,1003,1048
620315,1003,1046
620316,1003,1045
620317,1000,1045
620318,1002,1044
620319,1003,1045
620320,1007,1042
620321,1002,1040
620322,998,1040
620323,993,1042
620324,992,1047
620325,994,1051
620326,1002,1053
620327,999,1052
620328,997,1046
620329,994,1042
620330,994,1042
620331,1002,1038
620332,1007,1037
620333,1014,1029
620334,1024,1023
620335,1034,1021
620336,1051,1018
620337,1075,1008
620338,1105,999
620339,1136,991
620340,1166,984
620341,1197,992
620342,1226,1010
620343,1248,1036
620344,1253,1047
620345,1229,1044
620346,1193,1042
620347,1142,1055
620348,1089,1074
620349,1037,1084
620350,1005,1091
620351,983,1087
620352,977,1079
620353,985,1068
620354,992,1056
620355,998,1052
620356,998,1048
620357,994,1046
620358,988,1044
620359,983,1048
620360,981,1049
620361,979,1052
620362,981,1049
620363,979,1049
620364,973,1044
620365,969,1044
620366,971,1047
620367,972,1048
620368,976,1049
620369,974,1047
620370,971,1047
620371,970,1047
620372,967,1050
620373,974,1054
620374,975,1053
620375,973,1051
620376,969,1048
620377,964,1047
620378,967,1050
620379,970,1052
620380,977,1048
620381,974,1042
620382,972,1037
620383,969,1041
620384,968,1042
620385,969,1047
620386,972,1046
620387,972,1045
620388,969,1039
620389,965,1040
620390,966,1044
620391,970,1048
620392,968,1050
620393,969,1045
620394,967,1047
620395,967,1047
620396,969,1048
620397,972,1049
620398,972,1049
620399,971,1045
620400,968,1039
620401,971,1039
620402,973,1040
620403,976,1047
620404,978,1045
620405,978,1044
620406,976,1038
620407,974,1037
620408,976,1036
620409,978,1040
620410,983,1035
620411,984,1033
620412,983,1030
620413,980,1026
620414,979,1027
620415,982,1028
620416,987,1028
620417,985,1023
620418,987,1019
620419,985,1019
620420,987,1019
620421,985,1021
620422,992,1020
620423,992,1018
620424,987,1013
620425,986,1012
620426,988,1011
620427,992,1009
620428,995,1010
620429,996,1009
620430,996,1006
620431,994,1004
620432,996,1007
620433,1001,1013
620434,1008,1011
620435,1008,1008
620436,1008,1004
620437,1009,1002
620438,1012,1006
620439,1017,1010
620440,1020,1013
620441,1016,1015
620442,1014,1013
620443,1014,1013
620444,1015,1019
620445,1022,1024
620446,1028,1027
620447,1025,1027
620448,1020,1027
620449,1016,1033
620450,1014,1036
620451,1014,1040
620452,1014,1042
620453,1014,1037
620454,1006,1038
620455,1000,1043
620456,1001,1048
620457,1004,1050
620458,1007,1046
620459,1002,1048
620460,998,1046
620461,991,1047
620462,992,1048
620463,995,1052
620464,997,1054
620465,996,1052
620466,995,1047
620467,990,1047
620468,989,1050
620469,989,1055
620470,990,1056
620471,995,1051
620472,998,1050
620473,997,1046
620474,999,1048
620475,1002,1051
620476,1005,1050
620477,1005,1049
620478,1003,1044
620479,996,1045
620480,997,1043
620481,999,1046
620482,1003,1049
620483,1006,1046
620484,1003,1042
620485,1001,1040
620486,999,1042
620487,1002,1044
620488,1006,1046
620489,1002,1048
620490,1001,1043
620491,1002,1040
620492,1003,1043
620493,1003,1043
620494,1006,1046
620495,1002,1044
620496,998,1042
620497,1000,1043
620498,998,1043
620499,1003,1045
620500,1008,1048
620501,1004,1046
620502,997,1042
620503,993,1040
620504,991,1040
620505,993,1045
620506,995,1047
620507,994,1045
620508,993,1045
620509,992,1046
620510,992,1048
620511,993,1050
620512,998,1052
620513,996,1047
620514,993,1044
620515,994,1046
620516,994,1048
620517,997,1052
620518,996,1050
620519,1001,1049
620520,1000,1048
620521,1000,1045
620522,998,1046
620523,998,1051
620524,999,1054
620525,1000,1055
620526,1000,1049
620527,998,1045
620528,999,1046
620529,1007,1049
620530,1009,1050
620531,1006,1046
620532,1001,1046
620533,997,1048
620534,1001,1046
620535,1004,1049
620536,1002,1046
620537,1004,1049
620538,1003,1043
620539,1009,1039
620540,1020,1034
620541,1030,1032
620542,1043,1028
620543,1059,1023
620544,1089,1012
620545,1125,1001
620546,1171,993
620547,1224,994
620548,1274,1002
620549,1312,1016
620550,1326,1034
620551,1312,1046
620552,1264,1051
620553,1203,1057
620554,1143,1073
620555,1074,1085
620556,1015,1098
620557,978,1103
620558,971,1103
620559,982,1092
620560,1000,1078
620561,1008,1062
620562,1007,1054
620563,1003,1049
620564,1000,1049
620565,1000,1051
620566,998,1049
620567,994,1046
620568,989,1045
620569,986,1045
620570,986,1048
620571,986,1051
620572,988,1054
620573,985,1052
620574,983,1048
620575,983,1044
620576,983,1044
620577,984,1047
620578,986,1049
620579,983,1048
620580,978,1045
620581,973,1042
620582,973,1044
620583,977,1048
620584,981,1047
620585,979,1046
620586,974,1046
620587,970,1043
620588,967,1045
620589,973,1044
620590,979,1046
620591,980,1044
620592,976,1040
620593,969,1041
620594,971,1043
620595,974,1045
620596,973,1045
620597,974,1042
620598,970,1038
620599,970,1037
620600,971,1037
620601,975,1039
620602,978,1038
620603,977,1041
620604,976,1040
620605,975,1042
620606,974,1043
620607,975,1042
620608,978,1040
620609,978,1038
620610,977,1035
620611,977,1036
620612,979,1039
620613,984,1041
620614,988,1043
620615,989,1040
620616,989,1036
620617,989,1030
620618,990,1029
620619,990,1032
620620,988,1028
620621,988,1027
620622,990,1025
620623,988,1022
620624,992,1025
620625,994,1024
620626,996,1022
620627,998,1018
620628,994,1016
620629,988,1012
620630,990,1014
620631,994,1014
620632,1000,1012
620633,1000,1008
620634,996,1001
620635,990,1000
620636,991,1001
620637,991,1004
620638,993,1003
620639,992,1002
620640,992,1002
620641,994,998
620642,999,999
620643,1000,998
620644,1000,997
620645,999,997
620646,995,996
620647,999,997
620648,1005,1000
620649,1012,1000
620650,1013,1000
620651,1014,1003
620652,1015,1002
620653,1010,1005
620654,1011,1009
620655,1017,1011
620656,1017,1017
620657,1011,1020
620658,1011,1019
620659,1010,1023
620660,1013,1025
620661,1017,1027
620662,1014,1032
620663,1012,1029
620664,1006,1033
620665,997,1035
620666,1002,1041
620667,1005,1045
620668,1006,1048
620669,1005,1052
620670,1003,1048
620671,1001,1048
620672,1003,1049
620673,1007,1054
620674,1002,1052
620675,1002,1049
620676,1000,1042
620677,996,1045
620678,1000,1050
620679,1005,1052
620680,1008,1052
620681,1007,1051
620682,1003,1047
620683,1002,1045
620684,1003,1044
620685,1003,1043
620686,1006,1047
620687,1003,1048
620688,1002,1045
620689,999,1046
620690,996,1049
620691,1004,1052
620692,1006,1049
620693,1004,1046
620694,1002,1042
620695,998,1042
620696,996,1041
620697,996,1045
620698,997,1044
620699,999,1039
620700,993,1036
620701,992,1038
620702,996,1039
620703,1002,1045
620704,1007,1042
620705,1005,1037
620706,1001,1037
620707,997,1036
620708,1001,1041
620709,1005,1041
620710,1003,1040
620711,1006,1038
620712,1001,1039
620713,997,1039
620714,998,1042
620715,1001,1045
620716,1001,1042
620717,992,1042
620718,990,1039
620719,985,1040
620720,991,1045
620721,1001,1051
620722,1003,1052
620723,1001,1052
620724,997,1051
620725,997,1048
620726,997,1050
620727,1002,1053
620728,1003,1053
620729,1003,1051
620730,999,1047
620731,997,1049
620732,1000,1047
620733,1003,1051
620734,1007,1053
620735,1002,1049
620736,1000,1045
620737,995,1045
620738,999,1047
620739,1000,1050
620740,1000,1048
620741,1002,1046
620742,1000,1044
620743,997,1048
620744,999,1052
620745,999,1051
620746,1000,1050
620747,995,1047
620748,996,1047
620749,993,1044
620750,996,1046
620751,995,1050
620752,998,1048
620753,995,1047
620754,993,1045
620755,992,1046
620756,993,1045
620757,995,1044
620758,997,1041
620759,998,1041
620760,997,1040
620761,998,1040
620762,999,1040
620763,999,1044
620764,999,1043
620765,996,1043
620766,995,1040
620767,995,1041
620768,998,1044
620769,999,1048
620770,1001,1048
620771,1000,1045
620772,993,1042
620773,995,1043
620774,994,1046
620775,996,1048
620776,994,1047
620777,996,1043
620778,995,1042
620779,994,1042
620780,996,1044
620781,999,1049
620782,1001,1050
620783,1000,1050
620784,998,1049
620785,995,1051
620786,995,1051
620787,993,1053
620788,998,1054
620789,997,1051
620790,997,1050
620791,996,1051
620792,997,1055
620793,1000,1055
620794,1000,1058
620795,996,1055
620796,995,1053
620797,992,1051
620798,992,1055
620799,996,1058
620800,997,1057
620801,999,1052
620802,997,1049
620803,995,1050
620804,995,1049
620805,997,1051
620806,998,1049
620807,998,1047
620808,997,1047
620809,991,1047
620810,996,1048
620811,999,1051
620812,1000,1048
620813,997,1047
620814,993,1048
620815,992,1047
620816,992,1051
620817,997,1054
620818,1000,1053
620819,1003,1053
620820,1001,1049
620821,1002,1049
620822,1003,1048
620823,1006,1049
620824,1003,1051
620825,999,1048
620826,999,1048
620827,1001,1045
620828,1004,1048
620829,1005,1048
620830,1006,1049
620831,1002,1047
620832,1002,1045
620833,1005,1044
620834,1008,1048
620835,1009,1048
620836,1006,1048
620837,1001,1048
620838,1002,1047
620839,1000,1047
620840,1002,1050
620841,1004,1047
620842,1011,1043
620843,1011,1039
620844,1020,1034
620845,1032,1031
620846,1053,1030
620847,1079,1029
620848,1110,1019
620849,1146,1004
620850,1184,993
620851,1224,991
620852,1266,990
620853,1309,1001
620854,1338,1020
620855,1333,1035
620856,1299,1040
620857,1244,1042
620858,1181,1052
620859,1123,1067
620860,1068,1085
620861,1014,1091
620862,981,1094
620863,968,1095
620864,980,1090
620865,994,1077
620866,1006,1067
620867,1007,1053
620868,1004,1045
620869,1001,1047
620870,997,1048
620871,993,1050
620872,994,1049
620873,994,1048
620874,991,1047
620875,986,1049
620876,987,1050
620877,990,1055
620878,992,1053
620879,990,1051
620880,985,1047
620881,980,1046
620882,979,1053
620883,978,1058
620884,980,1060
620885,979,1056
620886,979,1053
620887,976,1051
620888,974,1054
620889,979,1058
620890,980,1058
620891,981,1061
620892,975,1057
620893,973,1054
620894,974,1056
620895,977,1060
620896,978,1061
620897,977,1058
620898,974,1053
620899,972,1054
620900,973,1058
620901,982,1059
620902,984,1056
620903,979,1052
620904,972,1049
620905,972,1054
620906,974,1052
620907,975,1053
620908,977,1053
620909,971,1055
620910,972,1049
620911,970,1052
620912,972,1051
620913,973,1050
620914,978,1050
620915,977,1047
620916,977,1043
620917,975,1045
620918,977,1045
620919,981,1048
620920,983,1048
620921,982,1047
620922,981,1041
620923,978,1039
620924,978,1040
620925,979,1042
620926,982,1043
620927,980,1041
620928,980,1036
620929,977,1036
620930,980,1039
620931,984,1041
620932,984,1041
620933,984,1039
620934,982,1036
620935,983,1037
620936,985,1036
620937,991,1037
620938,994,1031
620939,994,1029
620940,991,1030
620941,989,1029
620942,991,1029
620943,993,1029
620944,993,1026
620945,997,1025
620946,994,1024
620947,993,1024
620948,996,1023
620949,997,1025
620950,1003,1026
620951,1001,1022
620952,1001,1017
620953,998,1019
620954,1003,1018
620955,1008,1020
620956,1008,1024
620957,1011,1021
620958,1009,1018
620959,1011,1018
620960,1013,1016
620961,1020,1020
620962,1023,1018
620963,1021,1017
620964,1020,1018
620965,1018,1022
620966,1019,1026
620967,1022,1031
620968,1022,1029
620969,1021,1029
620970,1021,1028
620971,1019,1031
620972,1021,1035
620973,1019,1037
620974,1020,1038
620975,1015,1038
620976,1012,1038
620977,1008,1043
620978,1011,1048
620979,1013,1052
620980,1012,1052
620981,1007,1050
620982,1005,1050
620983,1001,1050
620984,998,1053
620985,1001,1055
620986,1004,1052
620987,1004,1050
620988,999,1049
620989,994,1050
620990,995,1055
620991,996,1058
620992,997,1056
620993,998,1051
620994,993,1051
620995,990,1050
620996,990,1051
620997,992,1054
620998,996,1056
620999,993,1055
621000,991,1053
621001,992,1052
621002,993,1052
621003,995,1052
621004,995,1048
621005,996,1046
621006,992,1042
621007,988,1049
621008,988,1047
621009,990,1050
621010,994,1051
621011,994,1050
621012,992,1045
621013,991,1041
621014,992,1044
621015,992,1046
621016,997,1046
621017,996,1046
621018,994,1045
621019,994,1042
621020,996,1046
621021,1000,1047
621022,1000,1050
621023,998,1046
621024,995,1041
621025,991,1045
621026,992,1046
621027,997,1047
621028,1001,1051
621029,996,1052
621030,995,1050
621031,992,1050
621032,993,1053
621033,996,1057
621034,999,1058
621035,994,1055
621036,992,1051
621037,991,1049
621038,997,1047
621039,998,1050
621040,1001,1051
621041,996,1049
621042,996,1050
621043,996,1050
621044,1002,1051
621045,1002,1054
621046,1002,1053
621047,998,1052
621048,988,1052
621049,987,1050
621050,988,1051
621051,991,1052
621052,996,1052
621053,995,1047
621054,993,1047
621055,990,1045
621056,990,1048
621057,991,1050
621058,995,1048
621059,993,1045
621060,987,1046
621061,980,1047
621062,983,1050
621063,989,1052
621064,993,1050
621065,995,1049
621066,994,1043
621067,991,1042
621068,991,1045
621069,992,1048
621070,994,1049
621071,997,1049
621072,990,1047
621073,992,1045
621074,992,1048
621075,996,1052
621076,999,1053
621077,996,1051
621078,993,1046
621079,992,1048
621080,990,1048
621081,996,1052
621082,997,1051
621083,999,1049
621084,996,1051
621085,996,1049
621086,996,1053
621087,993,1056
621088,993,1056
621089,991,1055
621090,989,1052
621091,988,1055
621092,990,1059
621093,995,1063
621094,997,1060
621095,993,1059
621096,996,1054
621097,995,1053
621098,995,1059
621099,996,1058
621100,998,1055
621101,1000,1051
621102,1005,1041
621103,1009,1038
621104,1022,1037
621105,1035,1036
621106,1059,1033
621107,1081,1026
621108,1109,1015
621109,1138,1000
621110,1173,995
621111,1210,990
621112,1254,988
621113,1287,990
621114,1315,995
621115,1327,1013
621116,1321,1024
621117,1292,1029
621118,1239,1029
621119,1175,1038
621120,1113,1052
621121,1048,1067
621122,1000,1079
621123,973,1087
621124,970,1087
621125,975,1080
621126,984,1068
621127,994,1060
621128,1000,1057
621129,998,1053
621130,995,1055
621131,992,1054
621132,988,1047
621133,981,1050
621134,977,1050
621135,974,1055
621136,977,1056
621137,978,1056
621138,975,1051
621139,970,1054
621140,968,1054
621141,969,1056
621142,974,1055
621143,976,1054
621144,975,1052
621145,969,1053
621146,965,1058
621147,964,1059
621148,965,1060
621149,964,1056
621150,962,1054
621151,962,1051
621152,963,1052
621153,961,1054
621154,966,1056
621155,966,1054
621156,961,1051
621157,960,1051
621158,966,1054
621159,966,1054
621160,967,1051
621161,965,1046
621162,961,1047
621163,960,1050
621164,964,1053
621165,970,1054
621166,972,1050
621167,972,1046
621168,969,1043
621169,969,1044
621170,969,1047
621171,972,1050
621172,972,1050
621173,970,1049
621174,969,1046
621175,968,1047
621176,967,1051
621177,972,1053
621178,976,1050
621179,973,1046
621180,970,1044
621181,968,1045
621182,971,1046
621183,973,1050
621184,977,1047
621185,978,1042
621186,976,1039
621187,977,1041
621188,980,1041
621189,982,1041
621190,982,1040
621191,980,1037
621192,975,1033
621193,976,1031
621194,980,1032
621195,985,1033
621196,986,1031
621197,982,1026
621198,979,1022
621199,978,1022
621200,979,1025
621201,984,1029
621202,989,1024
621203,986,1021
621204,982,1019
621205,983,1021
621206,987,1021
621207,990,1023
621208,992,1022
621209,993,1019
621210,993,1016
621211,991,1018
621212,993,1018
621213,998,1018
621214,1000,1018
621215,1001,1014
621216,1001,1011
621217,1000,1008
621218,1000,1011
621219,1004,1017
621220,1006,1018
621221,1005,1019
621222,1002,1021
621223,999,1022
621224,1001,1026
621225,1005,1035
621226,1010,1033
621227,1011,1030
621228,1007,1027
621229,1001,1031
621230,1002,1038
621231,1000,1042
621232,1001,1039
621233,1001,1041
621234,997,1040
621235,994,1038
621236,994,1042
621237,993,1047
621238,993,1049
621239,989,1050
621240,986,1048
621241,984,1049
621242,987,1048
621243,989,1052
621244,989,1052
621245,987,1051
621246,983,1047
621247,982,1048
621248,983,1047
621249,983,1054
621250,982,1053
621251,978,1049
621252,977,1047
621253,977,1048
621254,978,1052
621255,984,1054
621256,984,1055
621257,988,1051
621258,985,1046
621259,983,1049
621260,981,1051
621261,985,1055
621262,987,1050
621263,985,1047
621264,982,1044
621265,983,1045
621266,985,1047
621267,990,1050
621268,991,1053
621269,988,1050
621270,985,1046
621271,981,1048
621272,983,1050
621273,988,1055
621274,987,1055
621275,988,1053
621276,982,1049
621277,982,1053
621278,985,1056
621279,988,1058
621280,992,1054
621281,989,1051
621282,982,1051
621283,981,1049
621284,986,1051
621285,988,1055
621286,990,1052
621287,988,1054
621288,986,1051
621289,984,1050
621290,982,1053
621291,982,1056
621292,984,1050
621293,985,1047
621294,981,1043
621295,982,1041
621296,982,1045
621297,985,1048
621298,985,1049
621299,983,1051
621300,983,1047
621301,979,1047
621302,978,1047
621303,980,1053
621304,983,1051
621305,984,1050
621306,983,1049
621307,981,1045
621308,982,1050
621309,986,1052
621310,987,1052
621311,985,1053
621312,981,1052
621313,978,1052
621314,977,1053
621315,982,1057
621316,986,1057
621317,989,1055
621318,986,1053
621319,984,1051
621320,980,1054
621321,982,1054
621322,986,1055
621323,984,1051
621324,982,1050
621325,984,1046
621326,983,1047
621327,987,1048
621328,987,1050
621329,983,1048
621330,982,1049
621331,980,1048
621332,980,1054
621333,982,1057
621334,984,1056
621335,979,1052
621336,984,1045
621337,985,1040
621338,998,1039
621339,1012,1038
621340,1022,1034
621341,1038,1029
621342,1052,1022
621343,1074,1020
621344,1107,1015
621345,1144,1007
621346,1186,994
621347,1224,990
621348,1264,989
621349,1299,999
621350,1318,1019
621351,1312,1036
621352,1273,1040
621353,1211,1040
621354,1138,1049
621355,1069,1067
621356,1011,1079
621357,974,1090
621358,963,1089
621359,971,1082
621360,980,1071
621361,987,1063
621362,993,1055
621363,993,1056
621364,991,1057
621365,986,1056
621366,981,1055
621367,976,1057
621368,976,1057
621369,975,1059
621370,973,1058
621371,971,1055
621372,971,1054
621373,968,1054
621374,967,1056
621375,971,1056
621376,971,1058
621377,969,1052
621378,965,1050
621379,960,1049
621380,957,1052
621381,958,1052
621382,962,1049
621383,965,1047
621384,962,1045
621385,959,1045
621386,959,1053
621387,961,1054
621388,960,1054
621389,960,1054
621390,957,1055
621391,958,1056
621392,956,1057
621393,960,1059
621394,966,1059
621395,963,1057
621396,962,1053
621397,958,1052
621398,958,1054
621399,962,1059
621400,962,1056
621401,961,1055
621402,958,1052
621403,960,1053
621404,963,1053
621405,966,1053
621406,971,1049
621407,968,1048
621408,963,1045
621409,963,1045
621410,966,1046
621411,967,1046
621412,972,1050
621413,971,1046
621414,971,1042
621415,968,1042
621416,974,1041
621417,975,1042
621418,980,1039
621419,978,1032
621420,975,1029
621421,976,1030
621422,976,1031
621423,979,1034
621424,982,1031
621425,981,1027
621426,981,1022
621427,981,1019
621428,982,1020
621429,979,1019
621430,982,1023
621431,983,1024
621432,982,1019
621433,983,1016
621434,987,1017
621435,993,1021
621436,994,1022
621437,995,1018
621438,993,1016
621439,992,1019
621440,995,1021
621441,993,1025
621442,997,1022
621443,996,1018
621444,998,1014
621445,999,1015
621446,1003,1017
621447,1004,1020
621448,1002,1018
621449,1000,1016
621450,999,1016
621451,1000,1019
621452,1003,1023
621453,1009,1024
621454,1014,1023
621455,1013,1022
621456,1008,1016
621457,1002,1018
621458,1003,1026
621459,1003,1031
621460,1003,1030
621461,1002,1030
621462,1000,1027
621463,998,1028
621464,998,1029
621465,999,1036
621466,1001,1039
621467,998,1039
621468,992,1037
621469,991,1036
621470,989,1041
621471,989,1046
621472,993,1043
621473,987,1044
621474,985,1043
621475,980,1045
621476,983,1052
621477,985,1058
621478,989,1052
621479,988,1049
621480,983,1048
621481,977,1053
621482,982,1057
621483,985,1058
621484,987,1055
621485,987,1052
621486,984,1050
621487,985,1050
621488,983,1053
621489,984,1057
621490,986,1057
621491,986,1054
621492,986,1054
621493,982,1051
621494,980,1055
621495,986,1055
621496,987,1052
621497,987,1051
621498,983,1051
621499,983,1054
621500,984,1056
621501,986,1056
621502,989,1055
621503,990,1052
621504,987,1048
621505,984,1047
621506,987,1046
621507,990,1051
621508,991,1049
621509,989,1048
621510,987,1044
621511,980,1047
621512,981,1048
621513,981,1053
621514,986,1051
621515,987,1048
621516,984,1045
621517,982,1044
621518,986,1050
621519,986,1050
621520,986,1049
621521,984,1049
621522,981,1049
621523,976,1050
621524,981,1050
621525,980,1053
621526,977,1050
621527,976,1049
621528,974,1047
621529,981,1044
621530,982,1045
621531,984,1046
621532,983,1045
621533,981,1046
621534,973,1046
621535,975,1045
621536,981,1049
621537,984,1050
621538,987,1050
621539,985,1051
621540,980,1047
621541,980,1047
621542,981,1046
621543,984,1048
621544,983,1046
621545,983,1046
621546,979,1047
621547,978,1049
621548,980,1051
621549,982,1052
621550,983,1054
621551,982,1053
621552,972,1050
621553,972,1049
621554,977,1051
621555,979,1050
621556,983,1049
621557,982,1048
621558,982,1047
621559,981,1046
621560,980,1046
621561,980,1048
621562,980,1050
621563,979,1047
621564,978,1048
621565,974,1049
621566,977,1055
621567,980,1057
621568,979,1052
621569,979,1049
621570,975,1050
621571,976,1054
621572,977,1055
621573,979,1059
621574,980,1056
621575,982,1054
621576,980,1051
621577,977,1051
621578,980,1054
621579,982,1055
621580,983,1052
621581,981,1051
621582,978,1044
621583,975,1045
621584,977,1051
621585,977,1056
621586,983,1056
621587,981,1050
621588,982,1048
621589,982,1047
621590,982,1050
621591,984,1054
621592,986,1053
621593,982,1050
621594,979,1050
621595,977,1051
621596,977,1053
621597,980,1058
621598,983,1058
621599,978,1051
621600,973,1049
621601,973,1048
621602,972,1048
621603,973,1049
621604,976,1049
621605,978,1048
621606,976,1044
621607,975,1046
621608,974,1048
621609,979,1052
621610,980,1051
621611,976,1048
621612,974,1042
621613,971,1045
621614,971,1047
621615,974,1051
621616,977,1051
621617,977,1049
621618,975,1046
621619,972,1047
621620,971,1050
621621,973,1051
621622,977,1050
621623,976,1053
621624,975,1052
621625,975,1052
621626,980,1054
621627,979,1056
621628,981,1058
621629,980,1056
621630,982,1052
621631,979,1050
621632,978,1048
621633,978,1050
621634,979,1051
621635,981,1052
621636,980,1049
621637,981,1050
621638,980,1052
621639,980,1055
621640,983,1054
621641,982,1052
621642,979,1048
621643,979,1048
621644,978,1049
621645,981,1054
621646,981,1052
621647,979,1048
621648,978,1046
621649,977,1047
621650,978,1052
621651,981,1054
621652,979,1051
621653,977,1049
621654,974,1046
621655,971,1051
621656,969,1053
621657,977,1056
621658,979,1054
621659,979,1050
621660,973,1049
621661,972,1049
621662,976,1051
621663,974,1052
621664,976,1051
621665,976,1049
621666,975,1044
621667,975,1045
621668,977,1046
621669,976,1049
621670,981,1050
621671,976,1051
621672,975,1048
621673,973,1049
621674,976,1053
621675,980,1055
621676,982,1052
621677,983,1047
621678,977,1043
621679,974,1045
621680,976,1048
621681,981,1053
621682,982,1051
621683,980,1049
621684,976,1044
621685,978,1043
621686,982,1046
621687,986,1048
621688,986,1047
621689,983,1044
621690,980,1043
621691,978,1044
621692,980,1046
621693,984,1050
621694,980,1051
621695,981,1050
621696,980,1046
621697,980,1047
621698,982,1049
621699,983,1050
621700,985,1048
621701,987,1045
621702,984,1048
621703,983,1046
621704,983,1049
621705,980,1049
621706,982,1052
621707,984,1052
621708,981,1051
621709,976,1048
621710,975,1051
621711,980,1051
621712,981,1053
621713,980,1051
621714,975,1047
621715,973,1046
621716,978,1050
621717,979,1052
621718,982,1050
621719,980,1046
621720,977,1044
621721,977,1047
621722,978,1047
621723,979,1049
621724,977,1048
621725,979,1047
621726,983,1045
621727,982,1045
621728,980,1046
621729,980,1051
621730,979,1054
621731,978,1049
621732,976,1050
621733,972,1052
621734,977,1052
621735,983,1053
621736,988,1051
621737,988,1050
621738,984,1048
621739,979,1046
621740,980,1049
621741,982,1053
621742,986,1052
621743,988,1051
621744,985,1050
621745,983,1050
621746,984,1050
621747,987,1051
621748,991,1046
621749,986,1045
621750,984,1042
621751,978,1046
621752,983,1045
621753,984,1047
621754,987,1044
621755,985,1043
621756,985,1040
621757,982,1042
621758,978,1044
621759,979,1045
621760,986,1042
621761,984,1037
621762,980,1032
621763,978,1034
621764,980,1037
621765,985,1039
621766,986,1039
621767,987,1038
621768,983,1035
621769,983,1037
621770,988,1039
621771,990,1041
621772,987,1041
621773,984,1040
621774,984,1037
621775,981,1038
621776,984,1041
621777,995,1039
621778,1007,1038
621779,1022,1034
621780,1033,1027
621781,1053,1028
621782,1078,1025
621783,1110,1016
621784,1144,1002
621785,1177,988
621786,1211,976
621787,1250,976
621788,1286,979
621789,1310,995
621790,1309,1011
621791,1271,1027
621792,1208,1034
621793,1144,1046
621794,1089,1058
621795,1040,1065
621796,1005,1073
621797,982,1073
621798,979,1068
621799,986,1059
621800,996,1054
621801,996,1048
621802,992,1048
621803,987,1045
621804,980,1040
621805,976,1042
621806,973,1041
621807,974,1046
621808,971,1047
621809,965,1045
621810,965,1040
621811,963,1041
621812,964,1042
621813,964,1048
621814,966,1046
621815,963,1047
621816,960,1043
621817,957,1045
621818,955,1045
621819,957,1048
621820,960,1049
621821,958,1046
621822,956,1044
621823,956,1041
621824,955,1046
621825,958,1048
621826,960,1048
621827,955,1048
621828,956,1046
621829,954,1048
621830,954,1052
621831,957,1054
621832,956,1055
621833,955,1056
621834,956,1054
621835,952,1053
621836,958,1055
621837,959,1057
621838,961,1057
621839,963,1054
621840,962,1048
621841,959,1047
621842,963,1049
621843,965,1053
621844,969,1050
621845,968,1049
621846,964,1046
621847,962,1045
621848,962,1049
621849,964,1051
621850,967,1048
621851,969,1046
621852,967,1042
621853,965,1041
621854,965,1039
621855,970,1044
621856,969,1038
621857,967,1037
621858,967,1034
621859,967,1032
621860,968,1034
621861,974,1037
621862,974,1035
621863,975,1033
621864,973,1030
621865,971,1029
621866,971,1032
621867,977,1032
621868,979,1029
621869,979,1023
621870,980,1022
621871,981,1023
621872,981,1025
621873,985,1028
621874,990,1026
621875,990,1022
621876,990,1021
621877,992,1019
621878,994,1021
621879,999,1023
621880,998,1024
621881,997,1024
621882,996,1024
621883,1000,1025
621884,1004,1028
621885,1007,1029
621886,1011,1025
621887,1011,1022
621888,1009,1017
621889,1012,1018
621890,1016,1020
621891,1022,1021
621892,1025,1020
621893,1026,1019
621894,1024,1016
621895,1021,1018
621896,1020,1021
621897,1019,1024
621898,1026,1026
621899,1024,1025
621900,1022,1023
621901,1022,1025
621902,1021,1028
621903,1019,1036
621904,1018,1034
621905,1013,1034
621906,1007,1031
621907,1004,1033
621908,1004,1034
621909,1006,1035
621910,1006,1035
621911,1002,1033
621912,999,1033
621913,991,1038
621914,993,1038
621915,993,1040
621916,993,1042
621917,992,1037
621918,989,1035
621919,990,1038
621920,989,1038
621921,990,1041
621922,987,1037
621923,983,1038
621924,978,1035
621925,978,1040
621926,982,1042
621927,985,1045
621928,989,1042
621929,991,1039
621930,988,1036
621931,983,1038
621932,983,1039
621933,984,1045
621934,990,1045
621935,989,1046
621936,988,1043
621937,987,1045
621938,993,1049
621939,998,1049
621940,1000,1049
621941,999,1046
621942,995,1041
621943,991,1044
621944,988,1051
621945,989,1052
621946,993,1049
621947,994,1043
621948,993,1040
621949,994,1040
621950,994,1045
621951,994,1046
621952,991,1045
621953,990,1041
621954,992,1038
621955,993,1035
621956,990,1038
621957,993,1042
621958,996,1042
621959,994,1037
621960,990,1039
621961,985,1039
621962,987,1041
621963,992,1041
621964,991,1042
621965,990,1040
621966,989,1035
621967,987,1034
621968,984,1039
621969,988,1043
621970,988,1039
621971,985,1036
621972,980,1036
621973,979,1039
621974,982,1044
621975,984,1046
621976,985,1049
621977,980,1044
621978,979,1045
621979,976,1043
621980,982,1045
621981,983,1047
621982,983,1045
621983,980,1041
621984,978,1039
621985,978,1041
621986,979,1043
621987,983,1048
621988,986,1047
621989,983,1043
621990,982,1040
621991,982,1038
621992,980,1038
621993,981,1039
621994,986,1041
621995,987,1037
621996,985,1036
621997,983,1034
621998,983,1035
621999,984,1040
622000,985,1038
622001,981,1035
622002,980,1033
622003,979,1036
622004,980,1036
622005,985,1042
622006,988,1039
622007,987,1040
622008,983,1037
622009,980,1035
622010,981,1035
622011,981,1038
622012,983,1038
622013,982,1039
622014,979,1039
622015,978,1040
622016,981,1042
622017,984,1044
622018,987,1040
622019,984,1037
622020,986,1034
622021,984,1033
622022,984,1033
622023,990,1036
622024,1002,1035
622025,1010,1031
622026,1022,1025
622027,1036,1023
622028,1062,1024
622029,1092,1019
622030,1129,1004
622031,1169,989
622032,1209,984
622033,1252,988
622034,1284,1004
622035,1295,1026
622036,1277,1037
622037,1228,1042
622038,1161,1047
622039,1094,1058
622040,1028,1083
622041,975,1102
622042,953,1111
622043,952,1104
622044,963,1089
622045,972,1076
622046,980,1062
622047,985,1057
622048,985,1047
622049,983,1042
622050,975,1040
622051,969,1041
622052,966,1042
622053,972,1041
622054,974,1039
622055,971,1039
622056,968,1033
622057,963,1033
622058,965,1035
622059,967,1038
622060,968,1037
622061,967,1035
622062,964,1032
622063,962,1034
622064,962,1033
622065,966,1037
622066,965,1035
622067,962,1031
622068,960,1027
622069,959,1029
622070,960,1038
622071,966,1040
622072,968,1036
622073,965,1033
622074,961,1034
622075,955,1037
622076,954,1040
622077,958,1045
622078,960,1042
622079,958,1038
622080,957,1039
622081,955,1042
622082,957,1043
622083,959,1043
622084,958,1040
622085,960,1037
622086,957,1034
622087,955,1031
622088,957,1034
622089,956,1035
622090,961,1038
622091,957,1033
622092,956,1031
622093,959,1032
622094,962,1035
622095,963,1033
622096,965,1029
622097,965,1024
622098,963,1021
622099,961,1017
622100,966,1019
622101,969,1022
622102,971,1017
622103,970,1015
622104,971,1009
622105,972,1010
622106,975,1010
622107,980,1009
622108,981,1007
622109,980,1004
622110,979,1002
622111,978,999
622112,980,1001
622113,983,1003
622114,983,998
622115,984,993
622116,981,989
622117,982,989
622118,982,992
622119,984,995
622120,991,993
622121,988,991
622122,987,989
622123,985,991
622124,989,995
622125,993,997
622126,996,996
622127,998,993
622128,995,991
622129,994,993
622130,988,995
622131,993,1001
622132,994,1002
622133,991,1003
622134,989,1002
622135,984,1006
622136,987,1008
622137,993,1010
622138,997,1003
622139,998,1002
622140,996,1000
622141,995,1006
622142,995,1013
622143,997,1017
622144,997,1019
622145,994,1016
622146,990,1019
622147,985,1022
622148,984,1025
622149,984,1030
622150,986,1030
622151,985,1027
622152,986,1030
622153,983,1031
622154,988,1035
622155,989,1038
622156,985,1037
622157,982,1035
622158,978,1037
622159,975,1034
622160,977,1038
622161,980,1041
622162,981,1038
622163,979,1038
622164,976,1035
622165,978,1036
622166,982,1040
622167,986,1042
622168,983,1042
622169,979,1037
622170,978,1033
622171,976,1032
622172,978,1034
622173,984,1037
622174,986,1041
622175,985,1039
622176,983,1038
622177,980,1039
622178,980,1040
622179,977,1045
622180,984,1045
622181,984,1043
622182,984,1041
622183,983,1041
622184,980,1041
622185,982,1046
622186,985,1046
622187,982,1048
622188,980,1044
622189,979,1045
622190,980,1045
622191,981,1048
622192,983,1044
622193,982,1042
622194,980,1039
622195,981,1040
622196,983,1044
622197,985,1048
622198,983,1046
622199,981,1042
622200,976,1041
622201,976,1038
622202,978,1038
622203,982,1042
622204,983,1042
622205,982,1041
622206,981,1037
622207,978,1036
622208,978,1040
622209,974,1045
622210,979,1043
622211,978,1040
622212,978,1037
622213,976,1034
622214,975,1037
622215,977,1038
622216,983,1038
622217,982,1033
622218,977,1029
622219,972,1031
622220,974,1032
622221,978,1034
622222,979,1033
622223,976,1030
622224,973,1029
622225,973,1031
622226,977,1038
622227,981,1041
622228,981,1040
622229,976,1038
622230,976,1037
622231,975,1038
622232,980,1040
622233,982,1045
622234,987,1043
622235,985,1040
622236,982,1038
622237,979,1039
622238,981,1043
622239,984,1046
622240,988,1040
622241,983,1041
622242,980,1038
622243,977,1040
622244,980,1041
622245,981,1043
622246,986,1040
622247,984,1038
622248,983,1035
622249,981,1036
622250,985,1037
622251,987,1041
622252,986,1039
622253,982,1038
622254,986,1038
622255,983,1042
622256,987,1042
622257,988,1042
622258,986,1040
622259,984,1036
622260,981,1036
622261,982,1033
622262,982,1031
622263,992,1032
622264,1000,1029
622265,1008,1024
622266,1016,1019
622267,1035,1013
622268,1062,1011
622269,1101,1005
622270,1143,993
622271,1186,978
622272,1231,975
622273,1271,983
622274,1303,1003
622275,1304,1026
622276,1279,1039
622277,1223,1040
622278,1159,1045
622279,1098,1058
622280,1033,1077
622281,983,1098
622282,953,1107
622283,953,1109
622284,962,1098
622285,972,1082
622286,981,1073
622287,987,1063
622288,989,1052
622289,985,1043
622290,983,1038
622291,979,1037
622292,979,1042
622293,979,1042
622294,977,1039
622295,975,1033
622296,971,1031
622297,969,1029
622298,968,1033
622299,967,1037
622300,969,1038
622301,968,1037
622302,964,1033
622303,962,1034
622304,964,1036
622305,962,1038
622306,962,1037
622307,962,1039
622308,957,1035
622309,958,1037
622310,961,1042
622311,964,1043
622312,966,1042
622313,963,1038
622314,958,1036
622315,958,1035
622316,957,1035
622317,960,1038
622318,960,1038
622319,961,1034
622320,955,1035
622321,954,1036
622322,954,1034
622323,957,1039
622324,958,1039
622325,956,1038
622326,953,1036
622327,955,1034
622328,958,1033
622329,962,1034
622330,964,1033
622331,961,1028
622332,960,1028
622333,957,1028
622334,961,1029
622335,964,1032
622336,971,1030
622337,971,1026
622338,966,1021
622339,967,1021
622340,973,1026
622341,975,1028
622342,976,1026
622343,974,1026
622344,975,1024
622345,979,1022
622346,982,1023
622347,985,1023
622348,990,1024
622349,984,1020
622350,984,1016
622351,982,1019
622352,986,1018
622353,989,1018
622354,989,1013
622355,987,1011
622356,983,1008
622357,984,1006
622358,986,1005
622359,991,1007
622360,994,1005
622361,994,1003
622362,990,1000
622363,988,999
622364,991,1001
622365,993,999
622366,994,998
622367,993,992
622368,991,990
622369,992,989
622370,992,992
622371,998,992
622372,1001,987
622373,1000,989
622374,997,986
622375,996,988
622376,1000,992
622377,1004,994
622378,1006,995
622379,1005,998
622380,1003,997
622381,1004,999
622382,1004,1004
622383,1005,1007
622384,1003,1008
622385,1000,1011
622386,1000,1012
622387,1004,1017
622388,1009,1023
622389,1008,1028
622390,1004,1031
622391,999,1030
622392,998,1033
622393,995,1034
622394,996,1037
622395,998,1041
622396,996,1042
622397,995,1040
622398,990,1040
622399,989,1040
622400,989,1045
622401,992,1049
622402,993,1045
622403,990,1039
622404,983,1032
622405,979,1036
622406,980,1042
622407,987,1046
622408,991,1044
622409,991,1042
622410,988,1039
622411,986,1038
622412,987,1040
622413,990,1044
622414,991,1042
622415,988,1039
622416,986,1034
622417,983,1035
622418,984,1037
622419,989,1039
622420,990,1036
622421,988,1034
622422,983,1032
622423,981,1035
622424,985,1037
622425,989,1043
622426,992,1041
622427,990,1039
622428,986,1035
622429,985,1035
622430,985,1039
622431,984,1041
622432,986,1041
622433,985,1039
622434,981,1038
622435,983,1041
622436,983,1043
622437,981,1045
622438,985,1047
622439,983,1044
622440,984,1040
622441,983,1040
622442,984,1039
622443,988,1041
622444,986,1043
622445,986,1040
622446,986,1034
622447,984,1030
622448,982,1037
622449,985,1040
622450,986,1039
622451,983,1035
622452,979,1030
622453,980,1031
622454,983,1034
622455,984,1038
622456,987,1032
622457,984,1029
622458,979,1027
622459,982,1028
622460,982,1029
622461,982,1035
622462,983,1035
622463,984,1033
622464,982,1031
622465,982,1030
622466,983,1032
622467,986,1036
622468,985,1037
622469,983,1032
622470,979,1031
622471,979,1032
622472,982,1036
622473,985,1040
622474,987,1038
622475,985,1036
622476,980,1032
622477,978,1029
622478,979,1035
622479,980,1039
622480,979,1040
622481,975,1038
622482,971,1037
622483,973,1037
622484,976,1037
622485,979,1041
622486,978,1038
622487,975,1036
622488,971,1037
622489,972,1040
622490,971,1045
622491,975,1047
622492,975,1047
622493,976,1045
622494,973,1040
622495,970,1042
622496,971,1044
622497,971,1047
622498,972,1045
622499,969,1043
622500,968,1039
622501,968,1036
622502,968,1037
622503,970,1037
622504,973,1038
622505,972,1036
622506,968,1037
622507,967,1039
622508,968,1038
622509,968,1043
622510,972,1042
622511,970,1040
622512,968,1037
622513,969,1039
622514,971,1043
622515,971,1046
622516,973,1045
622517,973,1043
622518,970,1038
622519,969,1035
622520,970,1037
622521,975,1040
622522,978,1040
622523,975,1040
622524,974,1036
622525,975,1033
622526,976,1035
622527,976,1036
622528,978,1036
622529,973,1032
622530,972,1032
622531,969,1035
622532,970,1038
622533,973,1040
622534,979,1038
622535,977,1036
622536,975,1035
622537,972,1034
622538,969,1035
622539,971,1037
622540,972,1038
622541,974,1035
622542,970,1034
622543,969,1035
622544,972,1035
622545,975,1037
622546,973,1038
622547,970,1035
622548,967,1035
622549,965,1037
622550,970,1040
622551,978,1042
622552,980,1039
622553,977,1035
622554,973,1035
622555,970,1039
622556,972,1043
622557,975,1045
622558,976,1039
622559,974,1038
622560,970,1038
622561,968,1041
622562,972,1044
622563,974,1044
622564,975,1041
622565,975,1037
622566,969,1034
622567,967,1038
622568,969,1041
622569,974,1043
622570,977,1039
622571,974,1036
622572,969,1035
622573,972,1036
622574,972,1041
622575,973,1045
622576,974,1042
622577,973,1040
622578,970,1035
622579,976,1035
622580,974,1038
622581,978,1039
622582,978,1037
622583,981,1037
622584,974,1033
622585,974,1036
622586,976,1037
622587,977,1042
622588,978,1040
622589,974,1036
622590,972,1033
622591,970,1034
622592,971,1038
622593,971,1043
622594,975,1043
622595,972,1042
622596,974,1037
622597,970,1040
622598,972,1043
622599,974,1046
622600,975,1043
622601,976,1038
622602,972,1036
622603,969,1038
622604,974,1041
622605,977,1044
622606,975,1044
622607,974,1040
622608,971,1037
622609,970,1039
622610,972,1040
622611,977,1042
622612,975,1042
622613,977,1041
622614,973,1040
622615,969,1040
622616,970,1041
622617,973,1044
622618,975,1043
622619,975,1036
622620,971,1033
622621,971,1031
622622,971,1033
622623,972,1035
622624,973,1031
622625,973,1031
622626,968,1024
622627,967,1025
622628,972,1027
622629,977,1032
622630,980,1029
622631,974,1026
622632,967,1025
622633,967,1029
622634,966,1032
622635,969,1036
622636,977,1036
622637,978,1031
622638,974,1027
622639,972,1029
622640,972,1032
622641,975,1035
622642,976,1035
622643,975,1032
622644,973,1031
622645,974,1031
622646,976,1032
622647,978,1035
622648,975,1038
622649,976,1035
622650,974,1032
622651,969,1031
622652,976,1038
622653,980,1037
622654,976,1036
622655,975,1036
622656,972,1033
622657,971,1036
622658,974,1039
622659,975,1044
622660,978,1040
622661,978,1035
622662,974,1031
622663,972,1034
622664,977,1040
622665,981,1044
622666,984,1041
622667,983,1035
622668,978,1033
622669,974,1035
622670,978,1041
622671,982,1043
622672,983,1038
622673,981,1033
622674,977,1032
622675,977,1033
622676,979,1035
622677,983,1037
622678,984,1037
622679,979,1036
622680,979,1031
622681,980,1029
622682,981,1028
622683,986,1030
622684,989,1031
622685,985,1029
622686,979,1026
622687,981,1031
622688,984,1036
622689,987,1036
622690,990,1032
622691,987,1027
622692,987,1022
622693,992,1024
622694,999,1024
622695,1018,1023
622696,1037,1020
622697,1055,1014
622698,1077,1008
622699,1103,1003
622700,1137,993
622701,1176,984
622702,1215,973
622703,1255,967
622704,1288,968
622705,1308,976
622706,1302,992
622707,1268,1008
622708,1213,1020
622709,1153,1025
622710,1096,1028
622711,1045,1035
622712,1004,1044
622713,981,1051
622714,976,1043
622715,979,1039
622716,987,1032
622717,992,1027
622718,996,1026
622719,990,1028
622720,984,1028
622721,978,1023
622722,974,1026
622723,972,1029
622724,971,1032
622725,974,1036
622726,973,1034
622727,969,1030
622728,963,1026
622729,959,1026
622730,959,1032
622731,960,1036
622732,963,1036
622733,963,1033
622734,961,1030
622735,962,1034
622736,963,1035
622737,966,1034
622738,967,1031
622739,962,1028
622740,957,1029
622741,955,1034
622742,960,1039
622743,963,1042
622744,964,1043
622745,965,1042
622746,962,1042
622747,959,1045
622748,959,1047
622749,963,1049
622750,963,1044
622751,960,1043
622752,957,1040
622753,955,1042
622754,960,1046
622755,962,1047
622756,964,1045
622757,962,1042
622758,959,1039
622759,957,1039
622760,961,1041
622761,964,1041
622762,966,1039
622763,964,1037
622764,962,1034
622765,961,1036
622766,966,1037
622767,970,1042
622768,968,1039
622769,969,1035
622770,969,1030
622771,967,1030
622772,971,1031
622773,973,1036
622774,977,1033
622775,973,1032
622776,970,1030
622777,969,1029
622778,973,1027
622779,976,1027
622780,979,1027
622781,978,1024
622782,974,1020
622783,972,1022
622784,978,1024
622785,981,1024
622786,982,1022
622787,982,1019
622788,978,1019
622789,983,1018
622790,983,1017
622791,987,1022
622792,986,1020
622793,983,1016
622794,984,1012
622795,984,1009
622796,988,1013
622797,994,1014
622798,992,1010
622799,991,1011
622800,986,1010
622801,989,1012
622802,992,1016
622803,997,1015
622804,1002,1013
622805,1002,1012
622806,998,1006
622807,1000,1007
622808,1001,1009
622809,1004,1011
622810,1007,1010
622811,1005,1006
622812,1007,1005
622813,1012,1003
622814,1017,1006
622815,1019,1008
622816,1014,1008
622817,1010,1005
622818,1004,1006
622819,1004,1010
622820,1005,1012
622821,1010,1016
622822,1011,1016
622823,1004,1014
622824,1002,1015
622825,998,1020
622826,997,1021
622827,997,1024
622828,997,1028
622829,996,1028
622830,992,1029
622831,990,1030
622832,992,1033
622833,992,1034
622834,992,1034
622835,990,1031
622836,987,1027
622837,984,1028
622838,988,1032
622839,990,1036
622840,988,1032
622841,988,1032
622842,984,1029
622843,983,1031
622844,982,1033
622845,980,1038
622846,981,1042
622847,981,1040
622848,980,1035
622849,979,1035
622850,981,1036
622851,980,1039
622852,986,1039
622853,984,1034
622854,982,1031
622855,977,1035
622856,979,1036
622857,980,1036
622858,986,1036
622859,985,1030
622860,986,1026
622861,984,1025
622862,984,1026
622863,987,1030
622864,984,1031
622865,984,1028
622866,980,1023
622867,977,1023
622868,982,1028
622869,983,1032
622870,984,1031
622871,982,1025
622872,977,1026
622873,977,1028
622874,981,1029
622875,983,1029
622876,987,1023
622877,986,1019
622878,980,1016
622879,978,1021
622880,978,1022
622881,981,1026
622882,982,1026
622883,980,1027
622884,977,1024
622885,975,1026
622886,977,1030
622887,976,1033
622888,978,1031
622889,976,1032
622890,972,1032
622891,972,1035
622892,977,1035
622893,976,1035
622894,975,1034
622895,979,1032
622896,975,1027
622897,975,1028
622898,975,1030
622899,979,1033
622900,980,1033
622901,976,1034
622902,974,1031
622903,973,1034
622904,972,1037
622905,975,1035
622906,977,1034
622907,978,1035
622908,974,1031
622909,975,1034
622910,978,1036
622911,980,1037
622912,982,1035
622913,979,1029
622914,977,1025
622915,976,1029
622916,978,1032
622917,982,1036
622918,984,1035
622919,984,1032
622920,979,1031
622921,976,1033
622922,974,1038
622923,974,1038
622924,974,1036
622925,972,1034
622926,970,1037
622927,968,1037
622928,972,1038
622929,972,1038
622930,975,1034
622931,974,1030
622932,972,1025
622933,971,1026
622934,971,1031
622935,977,1034
622936,977,1030
622937,976,1026
622938,976,1021
622939,975,1024
622940,973,1028
622941,975,1030
622942,979,1027
622943,977,1025
622944,976,1025
622945,977,1028
622946,976,1030
622947,980,1026
622948,989,1021
622949,994,1014
622950,1000,1011
622951,1010,1011
622952,1029,1011
622953,1051,1012
622954,1086,1001
622955,1123,986
622956,1162,968
622957,1203,961
622958,1244,961
622959,1287,972
622960,1305,989
622961,1292,1004
622962,1244,1010
622963,1185,1015
622964,1122,1027
622965,1062,1048
622966,1005,1061
622967,965,1071
622968,952,1072
622969,955,1072
622970,970,1063
622971,980,1057
622972,986,1047
622973,984,1038
622974,978,1032
622975,977,1030
622976,977,1033
622977,974,1038
622978,970,1038
622979,965,1036
622980,959,1033
622981,958,1032
622982,957,1033
622983,963,1037
622984,964,1034
622985,962,1034
622986,965,1031
622987,960,1030
622988,964,1036
622989,960,1039
622990,962,1038
622991,962,1035
622992,958,1032
622993,952,1035
622994,959,1037
622995,963,1040
622996,962,1040
622997,958,1038
622998,952,1031
622999,951,1032
623000,957,1032
623001,960,1034
623002,960,1036
623003,960,1031
623004,957,1031
623005,958,1031
623006,958,1035
623007,959,1035
623008,957,1036
623009,955,1032
623010,955,1029
623011,956,1032
623012,957,1036
623013,959,1038
623014,958,1036
623015,958,1029
623016,954,1027
623017,950,1024
623018,956,1027
623019,956,1031
623020,957,1029
623021,954,1024
623022,954,1021
623023,957,1022
623024,961,1020
623025,963,1021
623026,967,1021
623027,967,1017
623028,966,1013
623029,968,1012
623030,970,1011
623031,974,1011
623032,976,1008
623033,971,1005
623034,973,1001
623035,973,1002
623036,979,1008
623037,981,1009
623038,981,1003
623039,978,997
623040,975,994
623041,979,994
623042,982,998
623043,986,998
623044,988,996
623045,986,993
623046,986,989
623047,985,989
623048,985,995
623049,991,994
623050,992,996
623051,993,993
623052,994,991
623053,995,988
623054,995,991
623055,999,992
623056,1003,991
623057,1002,991
623058,997,989
623059,1001,994
623060,1003,1001
623061,1006,1002
623062,1008,999
623063,1000,996
623064,999,995
623065,996,998
623066,997,1003
623067,998,1009
623068,997,1011
623069,996,1013
623070,989,1015
623071,986,1019
623072,989,1022
623073,991,1030
623074,988,1028
623075,983,1024
623076,978,1027
623077,978,1027
623078,981,1031
623079,983,1032
623080,981,1035
623081,981,1031
623082,976,1030
623083,975,1032
623084,978,1037
623085,979,1036
623086,980,1036
623087,978,1034
623088,976,1033
623089,976,1033
623090,977,1034
623091,982,1039
623092,987,1040
623093,986,1033
623094,986,1033
623095,991,1034
623096,996,1037
623097,1000,1042
623098,1008,1042
623099,1011,1040
623100,1012,1042
623101,1016,1044
623102,1026,1043
623103,1041,1044
623104,1056,1031
623105,1069,1012
623106,1079,986
623107,1093,972
623108,1111,960
623109,1131,951
623110,1148,933
623111,1165,915
623112,1177,894
623113,1195,875
623114,1213,855
623115,1232,838
623116,1250,821
623117,1264,809
623118,1269,800
623119,1271,796
623120,1270,797
623121,1270,802
623122,1265,804
623123,1252,802
623124,1240,801
623125,1223,801
623126,1206,807
623127,1186,813
623128,1170,820
623129,1143,824
623130,1118,831
623131,1093,846
623132,1071,861
623133,1049,878
623134,1036,889
623135,1027,897
623136,1027,911
623137,1023,928
623138,1021,944
623139,1020,952
623140,1021,962
623141,1021,966
623142,1031,974
623143,1043,978
623144,1057,985
623145,1069,988
623146,1069,988
623147,1048,987
623148,1015,993
623149,983,1005
623150,955,1019
623151,945,1038
623152,937,1053
623153,934,1064
623154,926,1072
623155,923,1079
623156,920,1088
623157,920,1092
623158,919,1093
623159,917,1085
623160,910,1082
623161,907,1082
623162,907,1090
623163,906,1091
623164,907,1093
623165,906,1092
623166,899,1092
623167,897,1095
623168,898,1101
623169,901,1105
623170,901,1106
623171,898,1103
623172,894,1098
623173,889,1101
623174,889,1103
623175,888,1110
623176,891,1108
623177,890,1110
623178,885,1111
623179,880,1113
623180,882,1120
623181,883,1120
623182,882,1118
623183,875,1117
623184,869,1119
623185,868,1125
623186,870,1130
623187,870,1136
623188,869,1134
623189,867,1138
623190,867,1137
623191,865,1142
623192,865,1148
623193,868,1147
623194,869,1148
623195,865,1147
623196,863,1149
623197,865,1153
623198,864,1158
623199,868,1159
623200,869,1162
623201,869,1160
623202,865,1159
623203,865,1161
623204,871,1165
623205,873,1171
623206,873,1173
623207,871,1170
623208,873,1170
623209,876,1172
623210,879,1174
623211,884,1172
623212,891,1170
623213,888,1163
623214,887,1158
623215,887,1160
623216,897,1163
623217,901,1164
623218,904,1159
623219,906,1154
623220,906,1150
623221,906,1148
623222,914,1147
623223,921,1141
623224,923,1133
623225,924,1127
623226,923,1120
623227,926,1121
623228,933,1120
623229,938,1118
623230,941,1110
623231,941,1101
623232,941,1096
623233,940,1094
623234,941,1093
623235,942,1092
623236,948,1086
623237,948,1077
623238,946,1072
623239,944,1066
623240,945,1066
623241,951,1063
623242,951,1062
623243,952,1057
623244,953,1054
623245,954,1055
623246,957,1057
623247,958,1053
623248,960,1051
623249,956,1049
623250,956,1046
623251,958,1045
623252,961,1048
623253,964,1049
623254,962,1046
623255,963,1038
623256,960,1029
623257,962,1028
623258,960,1029
623259,965,1030
623260,968,1029
623261,966,1027
623262,965,1024
623263,965,1025
623264,966,1030
623265,970,1032
623266,968,1029
623267,968,1025
623268,964,1024
623269,967,1025
623270,971,1026
623271,974,1029
623272,974,1026
623273,972,1022
623274,968,1021
623275,968,1022
623276,966,1025
623277,971,1028
623278,974,1027
623279,975,1022
623280,972,1018
623281,971,1020
623282,978,1019
623283,980,1025
623284,979,1024
623285,974,1022
623286,972,1021
623287,967,1022
623288,971,1023
623289,979,1026
623290,978,1023
623291,978,1023
623292,975,1025
623293,976,1026
623294,974,1032
623295,975,1036
623296,971,1034
623297,975,1031
623298,971,1027
623299,971,1026
623300,973,1025
623301,977,1030
623302,976,1026
623303,974,1024
623304,973,1023
623305,971,1026
623306,974,1032
623307,976,1033
623308,978,1031
623309,974,1027
623310,974,1025
623311,973,1027
623312,976,1034
623313,981,1036
623314,983,1037
623315,980,1031
623316,978,1026
623317,974,1027
623318,980,1028
623319,984,1028
623320,986,1026
623321,984,1024
623322,982,1021
623323,979,1024
623324,983,1027
623325,986,1029
623326,985,1029
623327,980,1025
623328,977,1023
623329,981,1023
623330,981,1026
623331,983,1030
623332,985,1028
623333,984,1025
623334,983,1022
623335,981,1024
623336,982,1027
623337,985,1032
623338,988,1030
623339,986,1028
623340,983,1026
623341,981,1024
623342,982,1028
623343,986,1030
623344,986,1030
623345,985,1027
623346,980,1023
623347,979,1023
623348,983,1027
623349,982,1027
623350,982,1027
623351,977,1026
623352,977,1026
623353,978,1027
623354,985,1025
623355,984,1031
623356,983,1031
623357,986,1031
623358,983,1028
623359,984,1031
623360,986,1031
623361,988,1034
623362,986,1032
623363,983,1031
623364,982,1028
623365,982,1028
623366,986,1032
623367,989,1033
623368,993,1033
623369,987,1030
623370,985,1024
623371,983,1028
623372,986,1029
623373,988,1033
623374,988,1032
623375,986,1028
623376,982,1028
623377,983,1028
623378,984,1032
623379,987,1030
623380,993,1029
623381,988,1026
623382,988,1028
623383,989,1025
623384,990,1029
623385,989,1031
623386,990,1031
623387,988,1026
623388,987,1025
623389,984,1026
623390,985,1029
623391,986,1031
623392,989,1028
623393,987,1023
623394,985,1023
623395,983,1024
623396,984,1029
623397,985,1031
623398,985,1028
623399,984,1027
623400,983,1025
623401,983,1024
623402,983,1030
623403,988,1031
623404,990,1027
623405,986,1023
623406,983,1024
623407,979,1027
623408,983,1028
623409,987,1030
623410,985,1031
623411,985,1027
623412,982,1028
623413,984,1028
623414,986,1030
623415,988,1031
623416,987,1029
623417,985,1026
623418,983,1021
623419,987,1024
623420,988,1025
623421,992,1028
623422,991,1027
623423,994,1022
623424,993,1024
623425,989,1023
623426,992,1026
623427,993,1027
623428,991,1026
623429,992,1024
623430,989,1024
623431,992,1021
623432,995,1022
623433,999,1021
623434,1000,1016
623435,1006,1010
623436,1011,1006
623437,1015,1003
623438,1030,1002
623439,1050,997
623440,1077,990
623441,1100,978
623442,1131,966
623443,1164,957
623444,1204,954
623445,1240,964
623446,1272,976
623447,1289,996
623448,1286,1015
623449,1263,1028
623450,1225,1031
623451,1179,1035
623452,1128,1044
623453,1077,1055
623454,1029,1068
623455,994,1083
623456,978,1096
623457,978,1098
623458,985,1090
623459,988,1072
623460,990,1058
623461,990,1050
623462,992,1046
623463,996,1042
623464,993,1036
623465,989,1029
623466,984,1025
623467,978,1023
623468,981,1023
623469,982,1026
623470,977,1024
623471,973,1022
623472,969,1021
623473,968,1021
623474,975,1023
623475,978,1023
623476,980,1020
623477,978,1018
623478,969,1013
623479,969,1013
623480,969,1018
623481,976,1022
623482,971,1024
623483,968,1020
623484,969,1022
623485,968,1021
623486,971,1025
623487,974,1026
623488,973,1028
623489,973,1027
623490,969,1025
623491,967,1027
623492,970,1030
623493,974,1031
623494,976,1030
623495,975,1024
623496,969,1025
623497,966,1026
623498,969,1027
623499,968,1030
623500,970,1027
623501,968,1022
623502,967,1022
623503,962,1022
623504,970,1024
623505,976,1028
623506,979,1024
623507,975,1021
623508,971,1018
623509,967,1019
623510,969,1022
623511,972,1023
623512,976,1023
623513,973,1018
623514,972,1015
623515,971,1017
623516,976,1020
623517,980,1021
623518,981,1019
623519,976,1015
623520,972,1009
623521,974,1011
623522,977,1012
623523,982,1012
623524,980,1011
623525,979,1008
623526,978,1006
623527,980,1006
623528,984,1004
623529,987,1007
623530,989,1004
623531,988,1003
623532,987,999
623533,988,998
623534,989,1001
623535,986,1004
623536,993,1003
623537,993,999
623538,992,996
623539,992,997
623540,994,996
623541,995,999
623542,995,996
623543,997,993
623544,995,989
623545,995,987
623546,1002,989
623547,1003,985
623548,1003,983
623549,1002,979
623550,1004,977
623551,1004,979
623552,1009,982
623553,1015,982
623554,1019,981
623555,1018,980
623556,1015,981
623557,1019,981
623558,1023,986
623559,1026,989
623560,1025,986
623561,1022,986
623562,1021,984
623563,1022,991
623564,1025,996
623565,1028,999
623566,1028,998
623567,1027,998
623568,1024,997
623569,1023,1001
623570,1028,1007
623571,1029,1009
623572,1028,1011
623573,1023,1010
623574,1019,1010
623575,1018,1015
623576,1019,1021
623577,1025,1024
623578,1023,1027
623579,1021,1021
623580,1017,1021
623581,1015,1022
623582,1015,1026
623583,1017,1029
623584,1018,1026
623585,1017,1023
623586,1013,1023
623587,1011,1023
623588,1007,1026
623589,1006,1030
623590,1007,1031
623591,1005,1027
623592,1001,1024
623593,999,1023
623594,1002,1028
623595,1002,1032
623596,1003,1027
623597,1002,1025
623598,999,1020
623599,997,1024
623600,998,1026
623601,1000,1030
623602,998,1030
623603,996,1030
623604,995,1029
623605,996,1032
623606,998,1037
623607,1000,1040
623608,1003,1036
623609,1002,1034
623610,1002,1030
623611,1001,1032
623612,1001,1035
623613,1001,1036
623614,998,1035
623615,997,1031
623616,995,1034
623617,994,1033
623618,996,1037
623619,1002,1037
623620,1003,1036
623621,1005,1029
623622,1004,1028
623623,1001,1027
623624,1007,1032
623625,1006,1032
623626,1005,1029
623627,1005,1028
623628,999,1029
623629,1001,1029
623630,1003,1029
623631,1005,1030
623632,1006,1027
623633,1004,1022
623634,999,1023
623635,995,1022
623636,999,1027
623637,999,1031
623638,1000,1026
623639,1001,1023
623640,996,1024
623641,995,1028
623642,997,1031
623643,1001,1030
623644,996,1026
623645,993,1024
623646,993,1022
623647,989,1023
623648,993,1027
623649,993,1028
623650,993,1026
623651,993,1025
623652,992,1023
623653,989,1027
623654,991,1031
623655,997,1034
623656,995,1033
623657,994,1032
623658,994,1028
623659,990,1029
623660,994,1033
623661,996,1040
623662,997,1038
623663,994,1038
623664,991,1037
623665,988,1040
623666,993,1042
623667,994,1046
623668,996,1042
623669,998,1037
623670,997,1034
623671,998,1035
623672,995,1038
623673,998,1041
623674,997,1037
623675,994,1033
623676,989,1033
623677,989,1032
623678,992,1038
623679,998,1038
623680,1001,1035
623681,998,1031
623682,994,1031
623683,994,1033
623684,992,1035
623685,995,1039
623686,994,1036
623687,991,1034
623688,989,1034
623689,989,1033
623690,994,1037
623691,998,1042
623692,999,1038
623693,995,1034
623694,992,1034
623695,991,1034
623696,992,1036
623697,997,1039
623698,994,1038
623699,997,1034
623700,995,1034
623701,994,1035
623702,993,1039
623703,996,1042
623704,996,1041
623705,994,1038
623706,993,1037
623707,993,1036
623708,992,1038
623709,999,1040
623710,1000,1038
623711,999,1035
623712,994,1033
623713,997,1035
623714,994,1041
623715,998,1041
623716,999,1041
623717,999,1036
623718,996,1036
623719,995,1036
623720,998,1040
623721,1000,1037
623722,1000,1036
623723,999,1033
623724,996,1031
623725,996,1033
623726,998,1036
623727,1004,1037
623728,1004,1035
623729,1003,1034
623730,999,1031
623731,998,1035
623732,1000,1037
623733,1002,1039
623734,1002,1038
623735,998,1033
623736,997,1034
623737,994,1034
623738,998,1036
623739,1005,1036
623740,1003,1034
623741,1000,1033
623742,995,1033
623743,997,1035
623744,1002,1037
623745,1006,1039
623746,1007,1040
623747,1005,1037
623748,1004,1035
623749,1001,1035
623750,1005,1038
623751,1010,1038
623752,1013,1031
623753,1022,1025
623754,1030,1021
623755,1042,1017
623756,1060,1016
623757,1086,1013
623758,1114,1002
623759,1147,986
623760,1183,974
623761,1224,972
623762,1266,977
623763,1303,988
623764,1316,1004
623765,1300,1020
623766,1255,1026
623767,1197,1034
623768,1138,1045
623769,1079,1062
623770,1028,1077
623771,988,1083
623772,978,1084
623773,987,1078
623774,1002,1066
623775,1012,1056
623776,1014,1045
623777,1014,1039
623778,1005,1032
623779,1000,1036
623780,999,1036
623781,999,1038
623782,996,1035
623783,991,1032
623784,988,1032
623785,986,1033
623786,988,1036
623787,988,1038
623788,989,1038
623789,987,1038
623790,984,1036
623791,982,1037
623792,981,1039
623793,988,1042
623794,988,1042
623795,986,1039
623796,982,1039
623797,981,1040
623798,984,1043
623799,987,1045
623800,989,1044
623801,986,1044
623802,980,1041
623803,981,1041
623804,985,1045
623805,986,1044
623806,986,1043
623807,985,1040
623808,982,1040
623809,979,1039
623810,982,1042
623811,984,1044
623812,988,1042
623813,987,1038
623814,980,1039
623815,979,1039
623816,986,1039
623817,990,1039
623818,989,1036
623819,983,1031
623820,984,1027
623821,981,1027
623822,983,1031
623823,989,1033
623824,990,1032
623825,986,1028
623826,984,1025
623827,983,1025
623828,987,1027
623829,990,1028
623830,988,1028
623831,988,1025
623832,985,1021
623833,986,1023
623834,985,1024
623835,991,1024
623836,993,1022
623837,992,1019
623838,990,1020
623839,990,1022
623840,990,1022
623841,990,1025
623842,992,1023
623843,992,1020
623844,993,1016
623845,996,1018
623846,1001,1016
623847,1004,1017
623848,1002,1012
623849,1002,1012
623850,1000,1010
623851,997,1010
623852,1002,1012
623853,1002,1013
623854,1006,1011
623855,1007,1009
623856,1006,1009
623857,1008,1012
623858,1010,1012
623859,1014,1013
623860,1014,1009
623861,1014,1004
623862,1011,1003
623863,1015,1003
623864,1013,1006
623865,1021,1009
623866,1021,1006
623867,1022,1007
623868,1021,1007
623869,1021,1010
623870,1024,1013
623871,1028,1013
623872,1025,1012
623873,1024,1013
623874,1018,1016
623875,1013,1017
623876,1017,1021
623877,1017,1026
623878,1019,1023
623879,1020,1023
623880,1011,1027
623881,1009,1028
623882,1008,1033
623883,1009,1035
623884,1008,1037
623885,1004,1037
623886,1002,1035
623887,1001,1038
623888,1002,1039
623889,1007,1040
623890,1006,1040
623891,999,1036
623892,1000,1036
623893,998,1040
623894,999,1041
623895,1004,1044
623896,1004,1043
623897,1005,1036
623898,1003,1036
623899,1003,1036
623900,1003,1039
623901,1006,1041
623902,1009,1039
623903,1007,1040
623904,1004,1038
623905,1005,1039
623906,1010,1042
623907,1010,1043
623908,1012,1041
623909,1009,1042
623910,1005,1037
623911,1002,1041
623912,1004,1043
623913,1005,1044
623914,1005,1042
623915,1001,1042
623916,1001,1038
623917,1000,1040
623918,1001,1046
623919,1004,1045
623920,1003,1044
623921,1000,1043
623922,998,1040
623923,994,1041
623924,997,1041
623925,999,1043
623926,1001,1039
623927,995,1033
623928,994,1033
623929,995,1033
623930,995,1035
623931,998,1039
623932,997,1037
623933,995,1036
623934,991,1033
623935,990,1037
623936,991,1039
623937,995,1043
623938,997,1038
623939,995,1039
623940,987,1040
623941,992,1041
623942,993,1041
623943,998,1043
623944,995,1038
623945,993,1036
623946,989,1036
623947,989,1041
623948,990,1040
623949,997,1041
623950,993,1042
623951,992,1039
623952,988,1036
623953,988,1039
623954,990,1043
623955,995,1046
623956,996,1043
623957,993,1043
623958,990,1040
623959,990,1048
623960,995,1050
623961,999,1052
623962,1000,1050
623963,998,1049
623964,993,1048
623965,993,1050
623966,993,1052
623967,997,1050
623968,997,1047
623969,999,1045
623970,994,1044
623971,987,1046
623972,992,1048
623973,994,1049
623974,994,1047
623975,992,1045
623976,990,1043
623977,990,1044
623978,993,1047
623979,996,1048
623980,996,1047
623981,994,1044
623982,988,1039
623983,991,1041
623984,992,1043
623985,991,1044
623986,994,1043
623987,992,1039
623988,991,1040
623989,990,1041
623990,991,1044
623991,996,1044
623992,996,1040
623993,994,1039
623994,990,1037
623995,990,1041
623996,996,1043
623997,998,1045
623998,997,1042
623999,995,1040
624000,990,1039
624001,991,1043
624002,989,1045
624003,990,1048
624004,991,1048
624005,989,1048
624006,986,1047
624007,987,1050
624008,990,1055
624009,995,1061
624010,994,1053
624011,993,1055
624012,987,1052
624013,990,1055
624014,994,1058
624015,995,1057
624016,992,1052
624017,994,1047
624018,992,1044
624019,995,1046
624020,998,1048
624021,999,1045
624022,997,1043
624023,994,1041
624024,994,1040
624025,994,1042
624026,997,1042
624027,998,1045
624028,998,1041
624029,996,1039
624030,993,1038
624031,993,1039
624032,998,1043
624033,1003,1043
624034,1004,1044
624035,998,1040
624036,995,1038
624037,998,1038
624038,1003,1034
624039,1013,1033
624040,1019,1029
624041,1025,1023
624042,1033,1020
624043,1051,1015
624044,1074,1013
624045,1103,1006
624046,1133,992
624047,1163,980
624048,1195,972
624049,1227,976
624050,1263,986
624051,1294,1006
624052,1298,1023
624053,1275,1031
624054,1227,1034
624055,1171,1044
624056,1117,1061
624057,1061,1081
624058,1012,1093
624059,981,1095
624060,973,1093
624061,982,1089
624062,996,1077
624063,1013,1068
624064,1014,1056
624065,1006,1047
624066,1002,1047
624067,994,1049
624068,994,1048
624069,995,1051
624070,992,1049
624071,986,1046
624072,979,1044
624073,977,1047
624074,979,1051
624075,981,1053
624076,982,1049
624077,979,1045
624078,975,1044
624079,972,1045
624080,974,1048
624081,973,1048
624082,974,1045
624083,973,1041
624084,967,1043
624085,967,1046
624086,967,1050
624087,971,1052
624088,969,1051
624089,966,1047
624090,963,1047
624091,965,1050
624092,965,1054
624093,970,1056
624094,972,1054
624095,969,1049
624096,967,1046
624097,968,1048
624098,974,1049
624099,978,1050
624100,976,1045
624101,972,1039
624102,972,1037
624103,971,1039
624104,975,1042
624105,977,1042
624106,980,1041
624107,978,1036
624108,974,1035
624109,974,1033
624110,975,1034
624111,978,1037
624112,972,1032
624113,976,1027
624114,976,1029
624115,979,1032
624116,981,1035
624117,981,1034
624118,983,1031
624119,981,1026
624120,981,1023
624121,980,1024
624122,985,1025
624123,988,1026
624124,986,1023
624125,984,1018
624126,982,1018
624127,985,1018
624128,989,1018
624129,993,1017
624130,993,1015
624131,996,1013
624132,994,1011
624133,990,1012
624134,990,1014
624135,992,1017
624136,994,1014
624137,993,1011
624138,990,1008
624139,992,1011
624140,994,1012
624141,1000,1013
624142,998,1012
624143,1001,1013
624144,998,1009
624145,1002,1013
624146,1006,1016
624147,1011,1016
624148,1013,1010
624149,1015,1006
624150,1012,1005
624151,1013,1010
624152,1018,1012
624153,1024,1017
624154,1023,1018
624155,1019,1015
624156,1016,1016
624157,1016,1019
624158,1016,1020
624159,1019,1024
624160,1016,1026
624161,1013,1025
624162,1012,1026
624163,1009,1033
624164,1010,1036
624165,1013,1039
624166,1009,1038
624167,1004,1037
624168,1001,1037
624169,998,1043
624170,1002,1047
624171,1003,1047
624172,999,1049
624173,999,1045
624174,996,1043
624175,996,1048
624176,994,1050
624177,994,1053
624178,994,1049
624179,990,1048
624180,991,1046
624181,989,1047
624182,992,1048
624183,993,1049
624184,994,1046
624185,993,1037
624186,990,1037
624187,984,1039
624188,985,1041
624189,986,1047
624190,986,1045
624191,986,1044
624192,984,1045
624193,984,1048
624194,987,1047
624195,990,1046
624196,991,1045
624197,986,1045
624198,985,1043
624199,984,1042
624200,989,1044
624201,991,1048
624202,992,1046
624203,989,1043
624204,985,1041
624205,984,1043
624206,988,1045
624207,992,1047
624208,992,1045
624209,991,1039
624210,990,1038
624211,991,1039
624212,993,1043
624213,994,1045
624214,995,1043
624215,986,1039
624216,987,1041
624217,987,1042
624218,989,1043
624219,992,1045
624220,991,1041
624221,988,1041
624222,985,1040
624223,989,1042
624224,990,1045
624225,991,1048
624226,992,1043
624227,990,1044
624228,989,1038
624229,985,1039
624230,987,1044
624231,990,1048
624232,987,1042
624233,985,1041
624234,984,1041
624235,984,1043
624236,986,1048
624237,985,1050
624238,987,1046
624239,981,1047
624240,981,1044
624241,978,1044
624242,979,1050
624243,981,1051
624244,979,1049
624245,981,1046
624246,978,1046
624247,977,1045
624248,979,1047
624249,983,1050
624250,983,1050
624251,980,1048
624252,978,1044
624253,976,1044
624254,977,1046
624255,980,1047
624256,980,1049
624257,978,1045
624258,973,1043
624259,975,1046
624260,978,1050
624261,982,1050
624262,985,1049
624263,979,1044
624264,972,1045
624265,972,1047
624266,977,1048
624267,980,1051
624268,980,1049
624269,978,1046
624270,974,1046
624271,977,1048
624272,981,1049
624273,983,1052
624274,983,1050
624275,978,1049
624276,978,1051
624277,975,1048
624278,978,1053
624279,980,1054
624280,981,1052
624281,983,1045
624282,979,1043
624283,978,1042
624284,979,1047
624285,982,1049
624286,983,1047
624287,980,1040
624288,977,1039
624289,976,1042
624290,980,1046
624291,984,1046
624292,984,1045
624293,977,1042
624294,973,1040
624295,972,1045
624296,974,1047
624297,979,1049
624298,981,1044
624299,979,1043
624300,977,1040
624301,978,1043
624302,979,1046
624303,978,1048
624304,976,1048
624305,974,1045
624306,971,1043
624307,970,1044
624308,974,1045
624309,980,1045
624310,980,1044
624311,975,1037
624312,974,1038
624313,975,1043
624314,977,1043
624315,977,1043
624316,979,1043
624317,979,1040
624318,974,1038
624319,977,1042
624320,982,1045
624321,984,1047
624322,987,1047
624323,985,1044
624324,980,1042
624325,984,1044
624326,987,1046
624327,990,1049
624328,991,1048
624329,991,1047
624330,991,1042
624331,989,1042
624332,994,1044
624333,999,1042
624334,1007,1037
624335,1017,1030
624336,1023,1024
624337,1038,1021
624338,1060,1020
624339,1086,1015
624340,1119,1001
624341,1153,987
624342,1186,978
624343,1223,980
624344,1259,988
624345,1282,1011
624346,1284,1028
624347,1258,1038
624348,1210,1039
624349,1153,1049
624350,1096,1062
624351,1043,1080
624352,996,1086
624353,970,1094
624354,964,1097
624355,974,1090
624356,983,1077
624357,992,1064
624358,994,1053
624359,988,1045
624360,980,1039
624361,974,1039
624362,970,1038
624363,970,1039
624364,970,1039
624365,966,1037
624366,963,1036
624367,964,1040
624368,969,1042
624369,969,1044
624370,968,1044
624371,965,1040
624372,959,1038
624373,959,1039
624374,961,1042
624375,961,1042
624376,967,1042
624377,966,1038
624378,962,1040
624379,963,1041
624380,962,1043
624381,962,1044
624382,962,1044
624383,960,1042
624384,957,1040
624385,960,1039
624386,966,1043
624387,969,1043
624388,966,1042
624389,964,1042
624390,959,1038
624391,957,1041
624392,962,1045
624393,964,1046
624394,964,1046
624395,962,1043
624396,961,1039
624397,965,1039
624398,966,1035
624399,971,1034
624400,972,1034
624401,967,1027
624402,964,1026
624403,966,1028
624404,966,1027
624405,967,1029
624406,968,1029
624407,967,1026
624408,966,1024
624409,967,1028
624410,966,1029
624411,974,1031
624412,973,1027
624413,972,1029
624414,969,1028
624415,971,1032
624416,977,1033
624417,981,1035
624418,982,1031
624419,980,1026
624420,977,1025
624421,979,1026
624422,983,1028
624423,984,1026
624424,981,1025
624425,984,1024
624426,986,1021
624427,986,1023
624428,987,1024
624429,992,1026
624430,991,1019
624431,991,1016
624432,987,1014
624433,988,1016
624434,990,1017
624435,993,1016
624436,997,1014
624437,996,1012
624438,994,1007
624439,997,1008
624440,1000,1011
624441,1003,1012
624442,1002,1009
624443,1001,1007
624444,999,1003
624445,1000,1006
624446,1002,1006
624447,1005,1008
624448,1005,1007
624449,1002,1006
624450,1000,1003
624451,1001,1007
624452,1004,1014
624453,1002,1018
624454,1005,1018
624455,1001,1018
624456,999,1018
624457,1000,1022
624458,1005,1025
624459,1006,1032
624460,1000,1030
624461,1002,1031
624462,999,1032
624463,997,1036
624464,998,1042
624465,1000,1045
624466,1001,1044
624467,995,1043
624468,993,1041
624469,991,1045
624470,995,1048
624471,998,1048
624472,996,1049
624473,992,1046
624474,991,1042
624475,991,1043
624476,994,1044
624477,996,1046
624478,995,1044
624479,992,1043
624480,990,1039
624481,987,1042
624482,991,1047
624483,993,1047
624484,988,1045
624485,989,1044
624486,986,1040
624487,987,1044
624488,987,1047
624489,990,1049
624490,991,1051
624491,987,1047
624492,986,1046
624493,989,1048
624494,991,1051
624495,992,1050
624496,992,1049
624497,989,1047
624498,986,1046
624499,987,1047
624500,992,1051
624501,994,1055
624502,996,1053
624503,997,1049
624504,991,1049
624505,990,1051
624506,993,1056
624507,996,1055
624508,995,1054
624509,996,1052
624510,994,1050
624511,993,1049
624512,996,1053
624513,996,1050
624514,992,1046
624515,993,1042
624516,995,1042
624517,992,1043
624518,993,1043
624519,995,1047
624520,998,1047
624521,997,1045
624522,994,1042
624523,995,1044
624524,995,1047
624525,997,1049
624526,993,1046
624527,990,1049
624528,986,1045
624529,984,1049
624530,986,1052
624531,985,1053
624532,986,1052
624533,985,1048
624534,984,1047
624535,985,1050
624536,987,1052
624537,990,1054
624538,989,1053
624539,987,1052
624540,985,1051
624541,982,1055
624542,984,1056
624543,987,1058
624544,988,1057
624545,986,1056
624546,983,1055
624547,988,1056
624548,990,1058
624549,990,1062
624550,992,1059
624551,987,1057
624552,983,1055
624553,982,1057
624554,984,1060
624555,989,1061
624556,992,1057
624557,989,1056
624558,985,1053
624559,987,1053
624560,990,1057
624561,993,1056
624562,992,1053
624563,992,1052
624564,991,1052
624565,993,1052
624566,996,1051
624567,1002,1051
624568,1004,1046
624569,1010,1041
624570,1020,1040
624571,1036,1040
624572,1057,1039
624573,1088,1036
624574,1123,1024
624575,1164,1010
624576,1203,999
624577,1245,994
624578,1287,1007
624579,1306,1025
624580,1292,1039
624581,1244,1044
624582,1185,1045
624583,1120,1059
624584,1058,1078
624585,1009,1097
624586,976,1103
624587,966,1103
624588,971,1097
624589,982,1087
624590,993,1079
624591,997,1072
624592,995,1064
624593,989,1059
624594,983,1054
624595,980,1057
624596,980,1059
624597,980,1059
624598,979,1057
624599,972,1054
624600,972,1052
624601,971,1053
624602,973,1057
624603,973,1058
624604,973,1059
624605,971,1054
624606,966,1053
624607,967,1059
624608,968,1061
624609,970,1060
624610,970,1060
624611,971,1057
624612,968,1057
624613,964,1060
624614,965,1061
624615,966,1064
624616,969,1064
624617,969,1060
624618,967,1059
624619,966,1059
624620,970,1062
624621,974,1064
624622,972,1063
624623,968,1060
624624,966,1056
624625,968,1061
624626,972,1061
624627,977,1060
624628,976,1060
624629,976,1054
624630,974,1053
624631,972,1054
624632,975,1057
624633,977,1057
624634,977,1056
624635,975,1049
624636,972,1049
624637,975,1047
624638,977,1049
624639,981,1050
624640,978,1048
624641,978,1042
624642,975,1038
624643,977,1037
624644,979,1042
624645,979,1044
624646,984,1040
624647,982,1037
624648,980,1031
624649,980,1036
624650,984,1038
624651,989,1040
624652,987,1035
624653,982,1031
624654,984,1030
624655,985,1032
624656,987,1032
624657,992,1032
624658,993,1030
624659,992,1024
624660,988,1027
624661,989,1026
624662,993,1029
624663,998,1029
624664,995,1028
624665,996,1025
624666,997,1021
624667,999,1025
624668,1002,1025
624669,1003,1024
624670,1005,1021
624671,1004,1020
624672,1002,1021
624673,1003,1023
624674,1007,1024
624675,1015,1025
624676,1015,1026
624677,1014,1023
624678,1009,1024
624679,1006,1027
624680,1011,1030
624681,1016,1033
624682,1013,1030
624683,1011,1031
624684,1007,1032
624685,1004,1035
624686,1006,1040
624687,1008,1044
624688,1004,1044
624689,998,1045
624690,995,1045
624691,991,1050
624692,991,1054
624693,997,1055
624694,997,1053
624695,992,1051
624696,990,1051
624697,987,1054
624698,990,1057
624699,990,1060
624700,991,1060
624701,985,1058
624702,985,1058
624703,985,1063
624704,989,1064
624705,993,1065
624706,991,1064
624707,988,1060
624708,986,1060
624709,986,1060
624710,988,1064
624711,990,1061
624712,990,1062
624713,990,1058
624714,987,1057
624715,990,1058
624716,989,1064
624717,993,1064
624718,993,1061
624719,989,1059
624720,984,1057
624721,986,1057
624722,990,1059
624723,990,1061
624724,991,1057
624725,989,1054
624726,987,1053
624727,986,1057
624728,990,1060
624729,990,1058
624730,992,1057
624731,989,1057
624732,988,1057
624733,986,1055
624734,992,1060
624735,992,1058
624736,991,1059
624737,988,1055
624738,985,1055
624739,984,1056
624740,989,1058
624741,992,1060
624742,990,1055
624743,990,1055
624744,985,1053
624745,985,1054
624746,988,1057
624747,987,1058
624748,988,1058
624749,986,1056
624750,984,1055
624751,985,1058
624752,989,1059
624753,989,1061
624754,988,1058
624755,985,1057
624756,983,1058
624757,983,1061
624758,982,1062
624759,988,1064
624760,987,1062
624761,988,1063
624762,984,1061
624763,983,1062
624764,987,1062
624765,991,1061
624766,991,1061
624767,988,1056
624768,986,1057
624769,987,1059
624770,990,1064
624771,989,1062
624772,990,1060
624773,986,1058
624774,982,1059
624775,986,1061
624776,988,1064
624777,993,1065
624778,990,1061
624779,985,1060
624780,985,1058
624781,987,1060
624782,988,1063
624783,992,1064
624784,991,1063
624785,986,1057
624786,985,1056
624787,985,1062
624788,989,1063
624789,991,1063
624790,990,1060
624791,989,1059
624792,985,1056
624793,986,1059
624794,990,1062
624795,996,1065
624796,994,1063
624797,991,1058
624798,990,1057
624799,989,1057
624800,991,1061
624801,991,1062
624802,989,1061
624803,990,1058
624804,983,1058
624805,986,1060
624806,990,1060
624807,993,1062
624808,995,1059
624809,993,1056
624810,993,1054
624811,992,1055
624812,998,1056
624813,1005,1053
624814,1016,1047
624815,1030,1040
624816,1045,1038
624817,1071,1036
624818,1098,1031
624819,1133,1018
624820,1170,1005
624821,1203,995
624822,1235,992
624823,1269,995
624824,1298,1007
624825,1302,1028
624826,1270,1036
624827,1221,1037
624828,1162,1044
624829,1103,1060
624830,1049,1082
624831,1008,1096
624832,987,1100
624833,985,1097
624834,993,1091
624835,1000,1083
624836,1006,1071
624837,1012,1068
624838,1002,1065
624839,997,1062
624840,987,1060
624841,989,1063
624842,986,1066
624843,986,1064
624844,980,1063
624845,981,1060
624846,974,1060
624847,975,1061
624848,978,1064
624849,978,1065
624850,977,1062
624851,975,1059
624852,972,1057
624853,972,1059
624854,974,1060
624855,977,1060
624856,976,1058
624857,974,1055
624858,970,1055
624859,969,1058
624860,973,1061
624861,975,1061
624862,975,1062
624863,975,1059
624864,976,1058
624865,977,1059
624866,979,1062
624867,979,1063
624868,981,1060
624869,980,1060
624870,978,1058
624871,977,1063
624872,979,1065
624873,982,1065
624874,981,1060
624875,981,1058
624876,979,1056
624877,980,1061
624878,983,1062
624879,986,1061
624880,985,1060
624881,984,1058
624882,982,1056
624883,984,1056
624884,983,1060
624885,989,1057
624886,986,1055
624887,986,1052
624888,981,1055
624889,980,1054
624890,983,1058
624891,985,1056
624892,986,1049
624893,985,1043
624894,986,1041
624895,984,1041
624896,985,1040
624897,992,1043
624898,993,1036
624899,987,1034
624900,986,1032
624901,989,1034
624902,991,1037
624903,995,1033
624904,995,1031
624905,994,1030
624906,993,1026
624907,995,1029
624908,998,1030
624909,1002,1030
624910,1001,1029
624911,1003,1025
624912,1002,1027
624913,1003,1027
624914,1009,1030
624915,1013,1031
624916,1012,1028
624917,1014,1025
624918,1012,1022
624919,1016,1028
624920,1019,1031
624921,1024,1029
624922,1022,1028
624923,1023,1031
624924,1019,1028
624925,1019,1033
624926,1023,1037
624927,1027,1039
624928,1027,1038
624929,1026,1036
624930,1027,1035
624931,1027,1039
624932,1025,1039
624933,1026,1044
624934,1023,1041
624935,1019,1042
624936,1014,1041
624937,1011,1044
624938,1013,1048
624939,1014,1049
624940,1011,1047
624941,1007,1043
624942,1003,1046
624943,1002,1049
624944,1002,1052
624945,1003,1054
624946,1003,1053
624947,999,1050
624948,998,1050
624949,997,1053
624950,998,1054
624951,1002,1058
624952,1000,1057
624953,997,1055
624954,994,1054
624955,991,1058
624956,995,1060
624957,1000,1061
624958,1002,1059
624959,998,1058
624960,997,1055
624961,997,1056
624962,999,1060
624963,1005,1060
624964,1002,1057
624965,999,1056
624966,995,1056
624967,997,1057
624968,1001,1060
624969,1004,1060
624970,1002,1059
624971,999,1055
624972,999,1054
624973,1003,1054
624974,1006,1054
624975,1009,1055
624976,1009,1055
624977,1007,1050
624978,1001,1048
624979,1001,1047
624980,1006,1053
624981,1006,1053
624982,1006,1052
624983,1001,1049
624984,1001,1048
624985,1003,1049
624986,1004,1054
624987,1003,1052
624988,1003,1054
624989,997,1050
624990,997,1047
624991,998,1051
624992,996,1055
624993,1000,1058
624994,999,1055
624995,997,1053
624996,996,1053
624997,993,1055
624998,993,1057
624999,997,1059
625000,994,1056
625001,992,1053
625002,989,1053
625003,992,1055
625004,994,1058
625005,997,1057
625006,996,1056
625007,993,1052
625008,989,1051
625009,990,1055
625010,994,1056
625011,995,1056
625012,994,1053
625013,992,1050
625014,992,1051
625015,995,1054
625016,999,1054
625017,999,1055
625018,998,1056
625019,996,1048
625020,993,1049
625021,992,1052
625022,996,1051
625023,999,1053
625024,998,1051
625025,998,1045
625026,997,1049
625027,994,1048
625028,996,1052
625029,998,1053
625030,996,1052
625031,993,1049
625032,990,1053
625033,993,1054
625034,991,1057
625035,993,1056
625036,992,1055
625037,986,1054
625038,985,1053
625039,986,1054
625040,989,1056
625041,995,1059
625042,994,1055
625043,991,1052
625044,988,1052
625045,990,1055
625046,992,1056
625047,996,1058
625048,996,1055
625049,995,1055
625050,993,1055
625051,993,1054
625052,998,1056
625053,998,1060
625054,995,1057
625055,995,1054
625056,992,1055
625057,990,1055
625058,995,1058
625059,997,1055
625060,996,1056
625061,997,1054
625062,994,1053
625063,994,1050
625064,996,1056
625065,999,1054
625066,999,1052
625067,997,1048
625068,994,1049
625069,997,1049
625070,998,1052
625071,999,1050
625072,999,1048
625073,997,1046
625074,996,1046
625075,993,1051
625076,998,1051
625077,999,1051
625078,999,1049
625079,995,1046
625080,994,1045
625081,995,1046
625082,999,1049
625083,1000,1050
625084,999,1048
625085,996,1047
625086,993,1046
625087,995,1049
625088,997,1049
625089,1001,1052
625090,1001,1049
625091,1002,1044
625092,1005,1039
625093,1012,1038
625094,1027,1041
625095,1043,1034
625096,1058,1029
625097,1085,1022
625098,1109,1012
625099,1139,1003
625100,1172,993
625101,1207,984
625102,1241,982
625103,1269,980
625104,1291,992
625105,1295,1011
625106,1272,1026
625107,1233,1033
625108,1175,1037
625109,1115,1048
625110,1062,1066
625111,1021,1078
625112,1002,1085
625113,1001,1087
625114,1007,1079
625115,1010,1065
625116,1013,1055
625117,1008,1052
625118,1007,1049
625119,1006,1053
625120,999,1051
625121,993,1050
625122,989,1049
625123,984,1051
625124,982,1054
625125,986,1053
625126,984,1051
625127,982,1047
625128,979,1047
625129,980,1048
625130,980,1050
625131,982,1049
625132,980,1048
625133,978,1048
625134,978,1045
625135,975,1049
625136,977,1050
625137,979,1053
625138,978,1048
625139,975,1047
625140,975,1049
625141,976,1049
625142,975,1052
625143,978,1051
625144,980,1051
625145,980,1049
625146,977,1049
625147,978,1051
625148,979,1052
625149,985,1052
625150,984,1052
625151,984,1049
625152,978,1050
625153,979,1052
625154,981,1055
625155,982,1054
625156,981,1054
625157,981,1051
625158,982,1050
625159,984,1050
625160,986,1055
625161,991,1053
625162,990,1050
625163,987,1048
625164,988,1046
625165,984,1048
625166,987,1046
625167,993,1046
625168,992,1045
625169,990,1040
625170,990,1040
625171,990,1043
625172,993,1045
625173,994,1042
625174,993,1039
625175,989,1036
625176,984,1035
625177,989,1034
625178,996,1038
625179,998,1036
625180,997,1034
625181,995,1030
625182,992,1027
625183,992,1028
625184,993,1031
625185,997,1033
625186,998,1030
625187,999,1025
625188,999,1024
625189,997,1024
625190,1001,1027
625191,1002,1032
625192,1006,1027
625193,1006,1022
625194,1005,1022
625195,1006,1021
625196,1008,1022
625197,1011,1024
625198,1012,1019
625199,1012,1016
625200,1013,1015
625201,1015,1019
625202,1019,1019
625203,1023,1020
625204,1022,1019
625205,1024,1017
625206,1023,1015
625207,1024,1018
625208,1027,1020
625209,1032,1020
625210,1033,1017
625211,1033,1014
625212,1027,1015
625213,1027,1020
625214,1028,1024
625215,1030,1025
625216,1032,1025
625217,1028,1024
625218,1024,1023
625219,1023,1026
625220,1026,1029
625221,1026,1032
625222,1023,1031
625223,1017,1031
625224,1014,1033
625225,1013,1037
625226,1015,1039
625227,1017,1041
625228,1012,1041
625229,1008,1038
625230,1006,1040
625231,1006,1043
625232,1010,1048
625233,1010,1048
625234,1008,1045
625235,1002,1045
625236,998,1044
625237,999,1046
625238,1001,1049
625239,1006,1049
625240,1004,1049
625241,1005,1047
625242,1000,1045
625243,1000,1045
625244,1003,1048
625245,1009,1049
625246,1007,1045
625247,1007,1041
625248,1004,1042
625249,1003,1041
625250,1010,1044
625251,1010,1043
625252,1009,1040
625253,1006,1037
625254,1003,1040
625255,1002,1040
625256,1002,1042
625257,1008,1041
625258,1010,1041
625259,1005,1038
625260,1001,1035
625261,1004,1036
625262,1004,1039
625263,1006,1042
625264,1004,1039
625265,1000,1036
625266,997,1038
625267,1001,1038
625268,1000,1042
625269,1007,1042
625270,1006,1041
625271,1003,1038
625272,1000,1038
625273,1000,1037
625274,1001,1042
625275,1005,1042
625276,1002,1039
625277,1000,1036
625278,995,1036
625279,996,1036
625280,997,1040
625281,1001,1042
625282,1002,1040
625283,999,1035
625284,998,1036
625285,997,1034
625286,995,1040
625287,999,1038
625288,998,1038
625289,995,1036
625290,994,1037
625291,996,1040
625292,999,1041
625293,1001,1044
625294,1001,1041
625295,1001,1036
625296,999,1039
625297,996,1040
625298,1000,1042
625299,1000,1042
625300,998,1042
625301,995,1037
625302,993,1037
625303,994,1041
625304,998,1043
625305,998,1043
625306,995,1041
625307,998,1036
625308,996,1035
625309,996,1039
625310,997,1042
625311,997,1045
625312,998,1039
625313,996,1036
625314,995,1036
625315,995,1039
625316,996,1040
625317,1000,1041
625318,997,1039
625319,997,1037
625320,993,1036
625321,993,1040
625322,995,1042
625323,995,1042
625324,996,1043
625325,992,1040
625326,992,1039
625327,993,1041
625328,995,1044
625329,999,1044
625330,999,1041
625331,995,1039
625332,990,1038
625333,993,1041
625334,996,1042
625335,1001,1042
625336,1000,1040
625337,997,1035
625338,993,1035
625339,993,1035
625340,993,1039
625341,996,1039
625342,997,1038
625343,997,1036
625344,991,1034
625345,990,1036
625346,992,1037
625347,998,1038
625348,995,1038
625349,997,1034
625350,990,1032
625351,995,1036
625352,1002,1037
625353,1004,1036
625354,1009,1030
625355,1011,1027
625356,1016,1026
625357,1028,1019
625358,1038,1020
625359,1061,1012
625360,1085,1007
625361,1111,995
625362,1138,982
625363,1173,974
625364,1207,973
625365,1238,972
625366,1263,978
625367,1274,991
625368,1268,1007
625369,1244,1020
625370,1204,1021
625371,1157,1026
625372,1102,1036
625373,1048,1052
625374,1003,1071
625375,976,1083
625376,973,1089
625377,987,1090
625378,992,1077
625379,998,1064
625380,997,1053
625381,998,1045
625382,998,1042
625383,995,1040
625384,993,1037
625385,991,1034
625386,984,1035
625387,979,1035
625388,979,1035
625389,980,1038
625390,979,1037
625391,976,1034
625392,974,1036
625393,972,1034
625394,977,1038
625395,979,1037
625396,979,1036
625397,976,1034
625398,972,1033
625399,970,1036
625400,974,1038
625401,977,1037
625402,975,1037
625403,976,1033
625404,974,1034
625405,972,1037
625406,974,1038
625407,973,1037
625408,974,1038
625409,971,1036
625410,969,1035
625411,973,1037
625412,973,1039
625413,977,1041
625414,977,1040
625415,974,1037
625416,973,1038
625417,975,1037
625418,979,1042
625419,977,1040
625420,971,1035
625421,969,1035
625422,966,1032
625423,963,1035
625424,968,1033
625425,971,1033
625426,972,1031
625427,971,1027
625428,967,1026
625429,967,1028
625430,970,1032
625431,975,1031
625432,974,1025
625433,972,1023
625434,970,1021
625435,973,1022
625436,975,1027
625437,979,1024
625438,984,1022
625439,980,1019
625440,977,1017
625441,975,1018
625442,974,1021
625443,980,1018
625444,985,1016
625445,984,1012
625446,982,1009
625447,981,1010
625448,985,1012
625449,988,1011
625450,987,1005
625451,985,1002
625452,984,1001
625453,987,1001
625454,989,1002
625455,991,1002
625456,990,998
625457,988,995
625458,991,994
625459,993,998
625460,997,998
625461,999,998
625462,1001,995
625463,995,991
625464,993,989
625465,994,991
625466,995,992
625467,1002,993
625468,1001,988
625469,999,987
625470,999,987
625471,1002,991
625472,1004,993
625473,1007,992
625474,1008,992
625475,1005,991
625476,1003,991
625477,1009,997
625478,1011,1004
625479,1014,1005
625480,1013,1006
625481,1007,1006
625482,1005,1007
625483,1008,1013
625484,1009,1018
625485,1013,1018
625486,1012,1020
625487,1008,1020
625488,1003,1022
625489,1004,1026
625490,1003,1032
625491,1004,1035
625492,1003,1033
625493,1000,1033
625494,998,1033
625495,1000,1036
625496,999,1042
625497,1000,1039
625498,1000,1036
625499,998,1036
625500,994,1034
625501,997,1037
625502,996,1036
625503,999,1035
625504,997,1034
625505,992,1033
625506,991,1032
625507,992,1036
625508,995,1037
625509,1000,1036
625510,999,1035
625511,996,1031
625512,991,1031
625513,992,1032
625514,995,1034
625515,997,1034
625516,995,1032
625517,993,1030
625518,995,1028
625519,993,1030
625520,997,1034
625521,998,1033
625522,995,1030
625523,992,1029
625524,988,1029
625525,986,1032
625526,992,1033
625527,997,1033
625528,996,1029
625529,994,1028
625530,994,1029
625531,992,1032
625532,995,1034
625533,995,1036
625534,997,1034
625535,993,1034
625536,989,1033
625537,993,1034
625538,992,1040
625539,997,1038
625540,994,1037
625541,995,1034
625542,992,1034
625543,993,1036
625544,993,1039
625545,993,1039
625546,992,1036
625547,987,1034
625548,983,1033
625549,986,1033
625550,991,1037
625551,993,1038
625552,990,1034
625553,988,1032
625554,985,1033
625555,986,1034
625556,985,1038
625557,987,1036
625558,988,1036
625559,986,1033
625560,985,1034
625561,985,1036
625562,987,1039
625563,986,1041
625564,984,1036
625565,981,1035
625566,980,1038
625567,983,1039
625568,987,1041
625569,989,1042
625570,988,1037
625571,986,1038
625572,982,1041
625573,983,1039
625574,985,1044
625575,987,1042
625576,987,1041
625577,986,1038
625578,984,1039
625579,985,1041
625580,985,1043
625581,987,1045
625582,987,1042
625583,984,1040
625584,981,1038
625585,984,1039
625586,988,1041
625587,988,1039
625588,989,1035
625589,987,1033
625590,984,1033
625591,986,1036
625592,989,1038
625593,992,1042
625594,992,1038
625595,991,1035
625596,988,1034
625597,989,1037
625598,989,1042
625599,992,1040
625600,989,1040
625601,986,1036
625602,986,1035
625603,986,1039
625604,988,1042
625605,992,1040
625606,985,1037
625607,984,1037
625608,979,1036
625609,981,1040
625610,980,1043
625611,987,1044
625612,984,1046
625613,984,1043
625614,981,1041
625615,980,1044
625616,984,1044
625617,987,1047
625618,986,1045
625619,981,1043
625620,982,1043
625621,982,1045
625622,984,1049
625623,991,1048
625624,989,1047
625625,987,1044
625626,981,1041
625627,985,1047
625628,987,1050
625629,991,1049
625630,992,1047
625631,991,1045
625632,988,1042
625633,992,1043
625634,994,1045
625635,995,1044
625636,996,1044
625637,993,1038
625638,993,1035
625639,994,1041
625640,996,1042
625641,999,1043
625642,1000,1037
625643,998,1034
625644,997,1035
625645,997,1036
625646,998,1036
625647,1004,1032
625648,1009,1028
625649,1015,1026
625650,1022,1022
625651,1032,1022
625652,1051,1021
625653,1072,1017
625654,1099,1007
625655,1125,994
625656,1154,984
625657,1188,977
625658,1223,977
625659,1254,984
625660,1273,991
625661,1280,1003
625662,1267,1019
625663,1237,1030
625664,1198,1031
625665,1148,1040
625666,1093,1055
625667,1038,1068
625668,995,1082
625669,973,1092
625670,972,1096
625671,986,1090
625672,995,1077
625673,997,1062
625674,998,1057
625675,998,1051
625676,997,1050
625677,989,1048
625678,988,1046
625679,982,1043
625680,979,1039
625681,978,1044
625682,975,1047
625683,981,1047
625684,982,1043
625685,976,1042
625686,975,1041
625687,975,1043
625688,977,1046
625689,976,1047
625690,972,1044
625691,969,1042
625692,968,1043
625693,972,1045
625694,973,1048
625695,975,1049
625696,973,1043
625697,969,1041
625698,966,1042
625699,967,1046
625700,970,1047
625701,975,1048
625702,974,1046
625703,972,1047
625704,969,1045
625705,972,1048
625706,973,1052
625707,976,1050
625708,973,1048
625709,970,1046
625710,964,1045
625711,967,1044
625712,966,1049
625713,970,1050
625714,971,1046
625715,971,1040
625716,969,1039
625717,969,1042
625718,969,1041
625719,973,1041
625720,974,1042
625721,971,1037
625722,969,1035
625723,970,1036
625724,973,1040
625725,977,1039
625726,975,1035
625727,976,1030
625728,970,1030
625729,972,1031
625730,973,1036
625731,974,1033
625732,979,1033
625733,975,1029
625734,973,1029
625735,979,1031
625736,981,1031
625737,984,1030
625738,984,1025
625739,979,1023
625740,976,1024
625741,980,1025
625742,984,1027
625743,988,1025
625744,988,1023
625745,987,1020
625746,986,1018
625747,986,1019
625748,992,1022
625749,993,1023
625750,994,1018
625751,990,1015
625752,990,1012
625753,991,1017
625754,997,1019
625755,999,1016
625756,1002,1014
625757,1001,1010
625758,998,1009
625759,1000,1012
625760,1003,1013
625761,1010,1010
625762,1009,1007
625763,1007,1004
625764,1007,1006
625765,1009,1005
625766,1014,1012
625767,1017,1009
625768,1015,1011
625769,1013,1008
625770,1010,1010
625771,1008,1012
625772,1012,1017
625773,1013,1019
625774,1013,1017
625775,1007,1016
625776,1005,1019
625777,1006,1022
625778,1005,1029
625779,1007,1032
625780,1005,1032
625781,999,1031
625782,992,1035
625783,998,1038
625784,1001,1042
625785,999,1042
625786,997,1043
625787,996,1042
625788,991,1044
625789,991,1047
625790,993,1049
625791,994,1049
625792,992,1046
625793,992,1043
625794,987,1044
625795,985,1047
625796,991,1048
625797,991,1049
625798,991,1045
625799,986,1044
625800,985,1044
625801,982,1045
625802,989,1048
625803,994,1048
625804,991,1045
625805,987,1042
625806,991,1043
625807,991,1043
625808,994,1048
625809,994,1047
625810,993,1046
625811,990,1041
625812,988,1042
625813,990,1044
625814,992,1045
625815,994,1046
625816,988,1042
625817,987,1041
625818,985,1038
625819,988,1041
625820,991,1045
625821,997,1045
625822,996,1039
625823,994,1036
625824,990,1037
625825,988,1039
625826,992,1042
625827,994,1041
625828,992,1041
625829,989,1039
625830,986,1039
625831,987,1041
625832,990,1046
625833,992,1042
625834,992,1043
625835,989,1039
625836,987,1040
625837,985,1043
625838,987,1045
625839,987,1045
625840,988,1042
625841,984,1040
625842,981,1043
625843,982,1044
625844,983,1045
625845,987,1046
625846,984,1045
625847,981,1043
625848,975,1041
625849,978,1046
625850,982,1050
625851,983,1050
625852,983,1046
625853,980,1044
625854,975,1046
625855,980,1048
625856,981,1051
625857,985,1051
625858,982,1047
625859,978,1046
625860,975,1044
625861,975,1046
625862,977,1049
625863,981,1049
625864,979,1048
625865,978,1047
625866,977,1047
625867,979,1048
625868,982,1051
625869,985,1050
625870,983,1046
625871,980,1043
625872,980,1041
625873,979,1045
625874,983,1047
625875,988,1050
625876,987,1047
625877,984,1041
625878,982,1042
625879,981,1045
625880,984,1048
625881,987,1048
625882,984,1046
625883,982,1041
625884,979,1046
625885,978,1047
625886,977,1048
625887,981,1048
625888,981,1047
625889,977,1044
625890,975,1042
625891,975,1046
625892,978,1048
625893,978,1048
625894,979,1047
625895,975,1046
625896,973,1046
625897,973,1049
625898,976,1049
625899,978,1048
625900,976,1049
625901,975,1046
625902,974,1046
625903,974,1051
625904,978,1053
625905,982,1051
625906,983,1049
625907,981,1047
625908,979,1045
625909,978,1048
625910,981,1051
625911,984,1050
625912,984,1048
625913,977,1047
625914,980,1047
625915,981,1049
625916,982,1048
625917,984,1051
625918,984,1049
625919,979,1047
625920,979,1046
625921,979,1047
625922,982,1050
625923,986,1050
625924,987,1046
625925,987,1045
625926,984,1044
625927,986,1049
625928,989,1048
625929,989,1049
625930,987,1047
625931,983,1040
625932,980,1043
625933,982,1047
625934,984,1049
625935,986,1050
625936,984,1049
625937,981,1047
625938,979,1046
625939,978,1048
625940,983,1049
625941,983,1050
625942,982,1046
625943,984,1044
625944,976,1045
625945,978,1047
625946,982,1049
625947,981,1048
625948,978,1048
625949,973,1045
625950,974,1047
625951,974,1050
625952,978,1051
625953,982,1051
625954,982,1049
625955,979,1049
625956,978,1045
625957,979,1048
625958,982,1050
625959,985,1048
625960,981,1050
625961,978,1048
625962,979,1048
625963,980,1050
625964,982,1052
625965,987,1052
625966,985,1049
625967,983,1048
625968,982,1048
625969,979,1051
625970,981,1053
625971,984,1051
625972,982,1050
625973,979,1049
625974,978,1048
625975,982,1050
625976,983,1053
625977,986,1052
625978,985,1050
625979,983,1048
625980,980,1049
625981,980,1052
625982,983,1053
625983,985,1052
625984,985,1051
625985,983,1046
625986,979,1047
625987,980,1048
625988,985,1051
625989,984,1052
625990,987,1049
625991,983,1047
625992,982,1048
625993,980,1050
625994,986,1052
625995,990,1051
625996,989,1046
625997,987,1042
625998,984,1043
625999,986,1046
626000,984,1051
626001,987,1048
626002,987,1048
626003,987,1043
626004,981,1046
626005,982,1044
626006,983,1050
626007,989,1051
626008,990,1051
626009,987,1048
626010,984,1050
626011,984,1054
626012,984,1054
626013,988,1055
626014,987,1052
626015,986,1048
626016,983,1051
626017,984,1051
626018,986,1053
626019,990,1053
626020,989,1051
626021,986,1047
626022,982,1048
626023,984,1049
626024,987,1052
626025,990,1051
626026,988,1050
626027,987,1048
626028,984,1050
626029,984,1051
626030,985,1052
626031,985,1054
626032,983,1053
626033,980,1050
626034,979,1050
626035,980,1051
626036,984,1052
626037,987,1052
626038,985,1051
626039,980,1047
626040,977,1047
626041,979,1049
626042,983,1050
626043,988,1050
626044,986,1047
626045,983,1042
626046,982,1043
626047,984,1047
626048,984,1050
626049,990,1049
626050,987,1048
626051,985,1043
626052,979,1046
626053,981,1045
626054,986,1047
626055,991,1049
626056,988,1046
626057,985,1045
626058,985,1044
626059,982,1047
626060,985,1051
626061,987,1050
626062,986,1047
626063,985,1047
626064,985,1042
626065,985,1044
626066,989,1048
626067,990,1047
626068,989,1046
626069,985,1043
626070,983,1046
626071,983,1048
626072,987,1053
626073,989,1049
626074,989,1049
626075,988,1047
626076,988,1049
626077,987,1055
626078,991,1058
626079,994,1057
626080,994,1050
626081,991,1048
626082,985,1046
626083,988,1047
626084,991,1054
626085,991,1050
626086,993,1048
626087,989,1046
626088,986,1045
626089,985,1048
626090,990,1051
626091,993,1048
626092,991,1048
626093,988,1046
626094,986,1044
626095,988,1045
626096,990,1045
626097,992,1046
626098,992,1046
626099,991,1043
626100,989,1043
626101,988,1046
626102,990,1045
626103,993,1045
626104,993,1047
626105,992,1044
626106,989,1043
626107,993,1045
626108,992,1047
626109,992,1047
626110,990,1044
626111,991,1042
626112,988,1040
626113,990,1041
626114,993,1045
626115,991,1043
626116,992,1042
626117,989,1036
626118,988,1036
626119,990,1040
626120,992,1045
626121,995,1046
626122,997,1045
626123,996,1042
626124,994,1044
626125,996,1046
626126,1000,1046
626127,1007,1044
626128,1014,1039
626129,1022,1032
626130,1032,1029
626131,1050,1025
626132,1073,1023
626133,1100,1019
626134,1130,1005
626135,1159,987
626136,1188,975
626137,1224,972
626138,1257,973
626139,1282,974
626140,1281,984
626141,1261,997
626142,1217,1011
626143,1166,1022
626144,1119,1034
626145,1080,1042
626146,1041,1045
626147,1011,1051
626148,996,1059
626149,994,1063
626150,1002,1060
626151,1010,1052
626152,1006,1043
626153,999,1035
626154,993,1038
626155,992,1040
626156,992,1044
626157,992,1044
626158,989,1042
626159,983,1039
626160,979,1039
626161,975,1042
626162,977,1044
626163,979,1041
626164,978,1043
626165,974,1036
626166,971,1040
626167,973,1043
626168,976,1045
626169,977,1045
626170,977,1046
626171,974,1043
626172,972,1044
626173,974,1046
626174,977,1051
626175,981,1050
626176,981,1051
626177,978,1048
626178,975,1050
626179,973,1051
626180,974,1055
626181,979,1055
626182,977,1052
626183,977,1047
626184,973,1048
626185,977,1049
626186,981,1051
626187,982,1047
626188,978,1046
626189,974,1044
626190,973,1045
626191,973,1046
626192,976,1048
626193,977,1049
626194,974,1046
626195,974,1043
626196,972,1041
626197,974,1044
626198,977,1048
626199,978,1044
626200,980,1040
626201,981,1037
626202,977,1038
626203,980,1039
626204,985,1040
626205,987,1041
626206,986,1036
626207,984,1033
626208,984,1033
626209,985,1035
626210,986,1038
626211,989,1035
626212,991,1034
626213,989,1029
626214,986,1028
626215,987,1031
626216,992,1034
626217,996,1032
626218,996,1029
626219,991,1027
626220,994,1027
626221,995,1027
626222,998,1028
626223,1002,1028
626224,1002,1026
626225,998,1023
626226,998,1025
626227,1001,1025
626228,1003,1029
626229,1007,1028
626230,1007,1026
626231,1007,1022
626232,1006,1022
626233,1008,1023
626234,1015,1026
626235,1016,1025
626236,1019,1021
626237,1017,1018
626238,1019,1016
626239,1023,1016
626240,1029,1018
626241,1033,1015
626242,1033,1011
626243,1029,1008
626244,1026,1008
626245,1027,1015
626246,1028,1017
626247,1033,1017
626248,1033,1016
626249,1031,1015
626250,1027,1015
626251,1028,1021
626252,1029,1023
626253,1029,1023
626254,1025,1023
626255,1021,1022
626256,1017,1022
626257,1015,1027
626258,1016,1034
626259,1015,1032
626260,1012,1033
626261,1008,1029
626262,1005,1031
626263,1001,1032
626264,1003,1035
626265,1005,1035
626266,1006,1034
626267,1001,1031
626268,999,1032
626269,999,1035
626270,999,1037
626271,1000,1036
626272,998,1034
626273,994,1032
626274,993,1031
626275,993,1034
626276,995,1037
626277,1002,1035
626278,999,1036
626279,996,1032
626280,994,1036
626281,995,1036
626282,998,1038
626283,1002,1036
626284,1003,1033
626285,999,1032
626286,997,1029
626287,994,1031
626288,999,1035
626289,1000,1036
626290,1001,1036
626291,995,1030
626292,994,1031
626293,996,1034
626294,1000,1037
626295,1003,1039
626296,1001,1035
626297,996,1034
626298,994,1033
626299,991,1036
626300,995,1037
626301,997,1038
626302,994,1038
626303,994,1034
626304,988,1036
626305,990,1036
626306,992,1039
626307,995,1036
626308,990,1036
626309,988,1034
626310,987,1032
626311,990,1034
626312,990,1037
626313,994,1036
626314,993,1033
626315,992,1030
626316,990,1029
626317,993,1031
626318,993,1034
626319,994,1036
626320,992,1032
626321,992,1030
626322,992,1032
626323,990,1033
626324,995,1036
626325,995,1037
626326,995,1034
626327,992,1032
626328,991,1032
626329,993,1033
626330,997,1036
626331,996,1035
626332,994,1033
626333,993,1032
626334,993,1034
626335,995,1036
626336,996,1038
626337,996,1040
626338,998,1037
626339,995,1035
626340,990,1034
626341,991,1037
626342,993,1041
626343,996,1041
626344,991,1041
626345,989,1037
626346,987,1039
626347,988,1041
626348,990,1041
626349,992,1039
626350,990,1040
626351,985,1038
626352,985,1037
626353,986,1038
626354,990,1041
626355,991,1040
626356,989,1038
626357,985,1034
626358,985,1032
626359,986,1037
626360,987,1036
626361,991,1034
626362,992,1032
626363,989,1031
626364,982,1030
626365,985,1029
626366,988,1034
626367,993,1032
626368,989,1031
626369,985,1028
626370,984,1028
626371,988,1033
626372,990,1034
626373,993,1035
626374,989,1034
626375,988,1030
626376,989,1032
626377,990,1033
626378,992,1038
626379,992,1034
626380,993,1035
626381,988,1032
626382,988,1038
626383,986,1035
626384,990,1037
626385,992,1037
626386,991,1034
626387,987,1034
626388,987,1036
626389,988,1039
626390,990,1041
626391,993,1042
626392,993,1038
626393,989,1034
626394,987,1035
626395,988,1035
626396,992,1039
626397,993,1037
626398,992,1035
626399,985,1032
626400,987,1036
626401,990,1037
626402,992,1040
626403,992,1039
626404,992,1038
626405,989,1036
626406,987,1036
626407,989,1040
626408,991,1041
626409,994,1038
626410,990,1037
626411,991,1033
626412,987,1033
626413,988,1036
626414,985,1038
626415,991,1035
626416,991,1034
626417,990,1030
626418,988,1028
626419,988,1033
626420,991,1034
626421,992,1031
626422,990,1029
626423,988,1028
626424,986,1027
626425,988,1030
626426,987,1032
626427,993,1031
626428,995,1030
626429,992,1030
626430,992,1034
626431,992,1034
626432,996,1036
626433,1001,1034
626434,999,1032
626435,1001,1024
626436,1002,1024
626437,1010,1024
626438,1022,1023
626439,1036,1019
626440,1052,1016
626441,1068,1008
626442,1091,1001
626443,1122,991
626444,1156,981
626445,1190,968
626446,1223,963
626447,1250,964
626448,1268,971
626449,1272,992
626450,1255,1007
626451,1216,1015
626452,1162,1022
626453,1103,1033
626454,1048,1046
626455,1005,1063
626456,987,1075
626457,988,1075
626458,995,1068
626459,1000,1056
626460,1002,1046
626461,1002,1039
626462,995,1040
626463,991,1041
626464,992,1035
626465,987,1036
626466,981,1037
626467,981,1039
626468,981,1040
626469,985,1041
626470,979,1038
626471,978,1035
626472,972,1035
626473,975,1035
626474,973,1039
626475,975,1039
626476,973,1038
626477,972,1036
626478,970,1039
626479,968,1041
626480,973,1043
626481,975,1042
626482,974,1041
626483,973,1037
626484,973,1038
626485,973,1037
626486,975,1040
626487,977,1039
626488,976,1038
626489,973,1036
626490,969,1036
626491,969,1038
626492,972,1041
626493,979,1039
626494,974,1035
626495,973,1033
626496,974,1034
626497,971,1035
626498,972,1037
626499,973,1036
626500,974,1034
626501,970,1033
626502,967,1031
626503,973,1034
626504,977,1035
626505,981,1032
626506,977,1031
626507,974,1026
626508,971,1023
626509,975,1027
626510,978,1029
626511,979,1028
626512,980,1027
626513,978,1024
626514,977,1023
626515,980,1023
626516,983,1026
626517,984,1023
626518,981,1022
626519,978,1020
626520,978,1020
626521,979,1021
626522,984,1022
626523,989,1021
626524,989,1019
626525,989,1011
626526,988,1011
626527,991,1012
626528,995,1011
626529,999,1013
626530,998,1008
626531,993,1004
626532,996,1006
626533,999,1006
626534,999,1009
626535,1003,1005
626536,1001,1004
626537,1002,1000
626538,999,1000
626539,1001,1002
626540,1003,1005
626541,1010,1003
626542,1013,999
626543,1005,996
626544,1006,998
626545,1005,998
626546,1013,999
626547,1017,1001
626548,1015,998
626549,1013,995
626550,1009,999
626551,1012,1001
626552,1013,1007
626553,1013,1007
626554,1011,1006
626555,1007,1008
626556,1000,1011
626557,1002,1014
626558,1003,1018
626559,1005,1022
626560,1002,1023
626561,998,1021
626562,996,1028
626563,991,1028
626564,994,1034
626565,993,1035
626566,991,1036
626567,986,1034
626568,983,1035
626569,984,1038
626570,987,1041
626571,990,1041
626572,989,1040
626573,983,1036
626574,981,1036
626575,983,1037
626576,983,1038
626577,991,1037
626578,987,1035
626579,987,1032
626580,986,1032
626581,986,1039
626582,988,1044
626583,988,1040
626584,989,1037
626585,988,1033
626586,986,1032
626587,990,1035
626588,992,1036
626589,994,1037
626590,994,1035
626591,989,1030
626592,987,1031
626593,987,1032
626594,992,1033
626595,994,1034
626596,992,1033
626597,988,1031
626598,987,1032
626599,988,1031
626600,989,1034
626601,992,1033
626602,993,1031
626603,989,1027
626604,985,1030
626605,986,1033
626606,990,1036
626607,993,1035
626608,991,1039
626609,987,1035
626610,983,1034
626611,983,1037
626612,986,1041
626613,990,1040
626614,987,1035
626615,985,1035
626616,985,1033
626617,982,1039
626618,985,1041
626619,986,1037
626620,985,1037
626621,981,1032
626622,979,1035
626623,980,1037
626624,984,1040
626625,989,1038
626626,985,1035
626627,982,1033
626628,978,1034
626629,977,1036
626630,978,1039
626631,983,1041
626632,983,1039
626633,981,1037
626634,982,1038
626635,983,1040
626636,984,1039
626637,989,1039
626638,986,1035
626639,981,1034
626640,980,1035
626641,981,1036
626642,987,1038
626643,987,1038
626644,988,1036
626645,985,1035
626646,981,1036
626647,984,1039
626648,987,1040
626649,991,1039
626650,988,1037
626651,985,1035
626652,984,1034
626653,986,1037
626654,986,1038
626655,988,1038
626656,987,1034
626657,982,1030
626658,978,1032
626659,977,1034
626660,978,1035
626661,983,1037
626662,983,1034
626663,981,1028
626664,979,1029
626665,982,1031
626666,981,1031
626667,982,1033
626668,980,1032
626669,978,1032
626670,979,1032
626671,982,1035
626672,984,1035
626673,985,1037
626674,985,1037
626675,984,1035
626676,981,1037
626677,983,1039
626678,986,1043
626679,989,1043
626680,988,1042
626681,987,1038
626682,986,1038
626683,987,1040
626684,986,1043
626685,987,1040
626686,989,1040
626687,985,1040
626688,985,1039
626689,984,1040
626690,991,1042
626691,993,1039
626692,990,1039
626693,987,1034
626694,983,1034
626695,985,1038
626696,987,1040
626697,986,1036
626698,988,1035
626699,982,1030
626700,986,1032
626701,986,1035
626702,986,1038
626703,988,1040
626704,987,1038
626705,985,1031
626706,982,1034
626707,980,1037
626708,985,1038
626709,988,1038
626710,989,1035
626711,985,1035
626712,985,1035
626713,981,1036
626714,985,1039
626715,987,1037
626716,984,1038
626717,985,1036
626718,982,1034
626719,983,1038
626720,989,1041
626721,993,1039
626722,989,1040
626723,985,1037
626724,983,1037
626725,985,1039
626726,987,1043
626727,990,1040
626728,990,1036
626729,989,1034
626730,989,1036
626731,992,1035
626732,993,1039
626733,996,1033
626734,997,1033
626735,995,1027
626736,992,1028
626737,995,1032
626738,996,1036
626739,1002,1033
626740,999,1030
626741,997,1030
626742,995,1031
626743,999,1033
626744,1001,1033
626745,1004,1033
626746,1006,1029
626747,1010,1023
626748,1010,1020
626749,1021,1018
626750,1035,1019
626751,1050,1015
626752,1069,1008
626753,1090,1000
626754,1116,987
626755,1148,979
626756,1181,972
626757,1215,970
626758,1243,975
626759,1262,988
626760,1261,1005
626761,1241,1020
626762,1203,1028
626763,1153,1033
626764,1101,1041
626765,1048,1057
626766,1006,1075
626767,978,1086
626768,975,1095
626769,986,1089
626770,994,1075
626771,996,1060
626772,992,1053
626773,995,1051
626774,992,1049
626775,995,1043
626776,989,1040
626777,983,1037
626778,981,1038
626779,982,1041
626780,985,1044
626781,987,1044
626782,981,1042
626783,982,1037
626784,979,1037
626785,978,1038
626786,982,1038
626787,985,1039
626788,982,1035
626789,978,1034
626790,976,1036
626791,978,1037
626792,978,1037
626793,981,1037
626794,977,1033
626795,973,1031
626796,972,1031
626797,974,1034
626798,975,1037
626799,975,1037
626800,975,1036
626801,970,1033
626802,967,1037
626803,968,1039
626804,970,1041
626805,973,1040
626806,974,1039
626807,973,1036
626808,972,1039
626809,975,1039
626810,975,1044
626811,978,1044
626812,976,1044
626813,972,1040
626814,971,1038
626815,975,1039
626816,977,1040
626817,983,1039
626818,983,1036
626819,979,1032
626820,977,1032
626821,976,1032
626822,980,1035
626823,983,1034
626824,984,1032
626825,979,1028
626826,981,1028
626827,983,1031
626828,987,1032
626829,992,1031
626830,990,1027
626831,990,1022
626832,985,1026
626833,992,1026
626834,994,1025
626835,996,1022
626836,995,1020
626837,996,1016
626838,996,1017
626839,998,1019
626840,1001,1018
626841,1002,1017
626842,1002,1015
626843,1000,1012
626844,1000,1012
626845,1002,1013
626846,1003,1013
626847,1005,1011
626848,1005,1009
626849,1001,1008
626850,999,1009
626851,1002,1008
626852,1009,1013
626853,1011,1010
626854,1012,1007
626855,1010,1005
626856,1010,1003
626857,1014,1006
626858,1017,1006
626859,1019,1007
626860,1021,1004
626861,1017,999
626862,1018,1003
626863,1019,1008
626864,1024,1007
626865,1028,1008
626866,1025,1006
626867,1023,1006
626868,1020,1007
626869,1021,1010
626870,1021,1012
626871,1020,1015
626872,1019,1015
626873,1013,1014
626874,1014,1017
626875,1013,1023
626876,1012,1026
626877,1013,1027
626878,1006,1027
626879,1003,1032
626880,1002,1033
626881,1003,1034
626882,1005,1039
626883,1003,1038
626884,1002,1037
626885,999,1036
626886,995,1036
626887,1000,1038
626888,999,1040
626889,1000,1040
626890,998,1039
626891,995,1038
626892,992,1040
626893,993,1043
626894,997,1044
626895,999,1039
626896,997,1043
626897,992,1040
626898,994,1041
626899,994,1044
626900,997,1048
626901,999,1046
626902,1000,1043
626903,998,1041
626904,996,1042
626905,994,1043
626906,997,1046
626907,997,1043
626908,997,1041
626909,997,1039
626910,996,1043
626911,998,1043
626912,1000,1046
626913,1004,1045
626914,1004,1042
626915,999,1040
626916,998,1041
626917,998,1039
626918,1002,1042
626919,1003,1035
626920,1000,1032
626921,1001,1029
626922,999,1030
626923,999,1034
626924,999,1036
626925,1001,1037
626926,1000,1033
626927,997,1031
626928,997,1032
626929,994,1034
626930,997,1036
626931,999,1039
626932,1000,1033
626933,998,1033
626934,995,1032
626935,998,1037
626936,997,1039
626937,997,1038
626938,998,1036
626939,994,1035
626940,992,1035
626941,995,1038
626942,999,1038
626943,997,1039
626944,997,1037
626945,992,1037
626946,990,1039
626947,992,1043
626948,996,1045
626949,995,1045
626950,991,1044
626951,991,1039
626952,988,1039
626953,987,1042
626954,989,1048
626955,993,1049
626956,993,1047
626957,992,1042
626958,985,1044
626959,990,1045
626960,994,1048
626961,996,1047
626962,997,1044
626963,992,1042
626964,990,1044
626965,993,1045
626966,995,1046
626967,998,1049
626968,997,1045
626969,992,1040
626970,992,1044
626971,993,1048
626972,996,1045
626973,1000,1048
626974,998,1040
626975,996,1040
626976,997,1039
626977,997,1041
626978,1002,1040
626979,1012,1036
626980,1016,1031
626981,1025,1025
626982,1042,1022
626983,1066,1023
626984,1089,1020
626985,1125,1011
626986,1161,995
626987,1195,985
626988,1230,982
626989,1261,990
626990,1280,1008
626991,1275,1023
626992,1242,1028
626993,1195,1027
626994,1138,1036
626995,1086,1051
626996,1038,1070
626997,1002,1079
626998,983,1082
626999,984,1078
627000,990,1068
627001,999,1061
627002,1003,1051
627003,1002,1044
627004,998,1039
627005,993,1036
627006,986,1037
627007,982,1040
627008,984,1044
627009,984,1047
627010,981,1043
627011,977,1042
627012,975,1043
627013,976,1042
627014,977,1046
627015,976,1044
627016,973,1044
627017,970,1040
627018,966,1040
627019,970,1043
627020,974,1044
627021,972,1045
627022,971,1044
627023,968,1043
627024,968,1043
627025,968,1045
627026,968,1047
627027,973,1048
627028,970,1044
627029,966,1044
627030,964,1043
627031,963,1048
627032,966,1050
627033,971,1052
627034,968,1047
627035,965,1050
627036,964,1043
627037,964,1044
627038,963,1049
627039,966,1050
627040,970,1048
627041,969,1040
627042,966,1040
627043,966,1043
627044,971,1045
627045,975,1043
627046,971,1041
627047,970,1038
627048,969,1039
627049,971,1038
627050,974,1042
627051,976,1041
627052,976,1037
627053,976,1032
627054,976,1033
627055,980,1032
627056,984,1034
627057,987,1033
627058,983,1029
627059,982,1026
627060,983,1026
627061,983,1026
627062,988,1030
627063,991,1026
627064,991,1023
627065,989,1019
627066,984,1019
627067,989,1021
627068,990,1023
627069,997,1020
627070,995,1018
627071,994,1013
627072,992,1013
627073,994,1014
627074,998,1017
627075,1001,1016
627076,998,1012
627077,996,1007
627078,994,1008
627079,996,1005
627080,998,1008
627081,1004,1003
627082,1003,1001
627083,1003,995
627084,1000,996
627085,1001,1000
627086,1005,1003
627087,1006,1001
627088,1006,999
627089,1006,998
627090,1004,999
627091,1003,1003
627092,1009,1008
627093,1009,1008
627094,1007,1008
627095,1003,1006
627096,1000,1007
627097,999,1013
627098,1001,1015
627099,1005,1018
627100,1001,1016
627101,995,1015
627102,992,1019
627103,996,1024
627104,996,1033
627105,994,1034
627106,992,1033
627107,988,1030
627108,985,1033
627109,986,1039
627110,989,1044
627111,989,1045
627112,988,1042
627113,984,1040
627114,983,1041
627115,982,1045
627116,985,1049
627117,988,1048
627118,986,1047
627119,984,1043
627120,984,1044
627121,984,1047
627122,984,1051
627123,987,1051
627124,983,1049
627125,981,1047
627126,982,1047
627127,981,1051
627128,982,1053
627129,985,1050
627130,986,1046
627131,983,1046
627132,982,1048
627133,985,1048
627134,984,1050
627135,987,1046
627136,986,1046
627137,983,1042
627138,983,1044
627139,986,1046
627140,986,1051
627141,987,1049
627142,987,1047
627143,983,1043
627144,978,1043
627145,983,1045
627146,984,1047
627147,984,1043
627148,984,1042
627149,978,1038
627150,977,1040
627151,978,1041
627152,983,1044
627153,983,1042
627154,981,1040
627155,980,1037
627156,977,1040
627157,979,1040
627158,983,1041
627159,982,1040
627160,979,1038
627161,979,1036
627162,978,1038
627163,976,1039
627164,980,1042
627165,982,1040
627166,980,1038
627167,979,1036
627168,981,1035
627169,978,1040
627170,985,1042
627171,988,1041
627172,985,1037
627173,983,1036
627174,982,1038
627175,982,1039
627176,984,1044
627177,984,1043
627178,984,1041
627179,982,1037
627180,984,1040
627181,984,1042
627182,983,1046
627183,984,1044
627184,982,1042
627185,979,1037
627186,979,1043
627187,982,1044
627188,982,1046
627189,984,1044
627190,984,1042
627191,979,1043
627192,980,1042
627193,980,1043
627194,981,1046
627195,981,1047
627196,981,1045
627197,977,1043
627198,973,1044
627199,975,1046
627200,979,1045
627201,979,1047
627202,975,1045
627203,973,1043
627204,971,1044
627205,973,1047
627206,972,1046
627207,973,1044
627208,971,1042
627209,968,1040
627210,968,1039
627211,973,1041
627212,975,1044
627213,972,1040
627214,970,1039
627215,970,1037
627216,968,1040
627217,970,1043
627218,977,1045
627219,976,1045
627220,978,1045
627221,973,1043
627222,973,1046
627223,975,1047
627224,977,1051
627225,979,1048
627226,976,1044
627227,974,1040
627228,973,1041
627229,975,1046
627230,978,1048
627231,982,1046
627232,982,1043
627233,979,1041
627234,978,1042
627235,977,1044
627236,978,1046
627237,981,1047
627238,980,1042
627239,978,1043
627240,975,1043
627241,979,1044
627242,980,1048
627243,982,1043
627244,979,1043
627245,978,1041
627246,976,1044
627247,979,1047
627248,980,1047
627249,981,1045
627250,978,1047
627251,977,1043
627252,975,1042
627253,979,1044
627254,981,1047
627255,978,1043
627256,977,1041
627257,981,1036
627258,978,1034
627259,980,1035
627260,981,1037
627261,982,1035
627262,980,1033
627263,975,1032
627264,974,1033
627265,975,1037
627266,980,1041
627267,982,1037
627268,980,1038
627269,978,1036
627270,980,1037
627271,979,1041
627272,981,1045
627273,982,1042
627274,979,1041
627275,975,1039
627276,974,1039
627277,977,1043
627278,982,1045
627279,984,1041
627280,986,1038
627281,982,1037
627282,979,1038
627283,981,1041
627284,982,1044
627285,983,1039
627286,983,1040
627287,981,1038
627288,982,1039
627289,982,1040
627290,984,1041
627291,985,1041
627292,983,1039
627293,977,1038
627294,974,1038
627295,976,1043
627296,980,1046
627297,982,1047
627298,981,1044
627299,978,1042
627300,975,1044
627301,977,1045
627302,980,1044
627303,983,1042
627304,983,1041
627305,979,1038
627306,975,1037
627307,977,1040
627308,982,1044
627309,982,1042
627310,981,1038
627311,977,1039
627312,977,1038
627313,978,1042
627314,980,1042
627315,985,1042
627316,983,1042
627317,981,1041
627318,980,1041
627319,984,1045
627320,985,1047
627321,987,1045
627322,983,1042
627323,980,1042
627324,979,1046
627325,984,1049
627326,986,1051
627327,990,1048
627328,989,1044
627329,984,1041
627330,982,1042
627331,984,1047
627332,986,1050
627333,991,1049
627334,987,1046
627335,988,1042
627336,984,1043
627337,982,1046
627338,987,1048
627339,989,1045
627340,984,1042
627341,982,1039
627342,981,1038
627343,984,1036
627344,987,1038
627345,989,1035
627346,986,1032
627347,984,1029
627348,982,1031
627349,982,1033
627350,984,1035
627351,985,1035
627352,983,1032
627353,982,1029
627354,980,1029
627355,981,1032
627356,984,1034
627357,987,1034
627358,985,1033
627359,985,1032
627360,981,1033
627361,986,1037
627362,986,1038
627363,989,1037
627364,984,1036
627365,984,1033
627366,984,1035
627367,988,1038
627368,987,1043
627369,990,1039
627370,988,1037
627371,986,1033
627372,985,1035
627373,988,1039
627374,992,1041
627375,993,1042
627376,992,1041
627377,991,1037
627378,990,1039
627379,991,1043
627380,990,1045
627381,991,1044
627382,992,1041
627383,990,1039
627384,991,1040
627385,993,1042
627386,996,1043
627387,996,1040
627388,997,1040
627389,990,1036
627390,992,1034
627391,994,1039
627392,997,1041
627393,999,1039
627394,1000,1038
627395,998,1033
627396,1001,1033
627397,1004,1032
627398,1013,1034
627399,1025,1028
627400,1032,1023
627401,1046,1016
627402,1060,1012
627403,1086,1009
627404,1112,1004
627405,1143,989
627406,1165,975
627407,1190,963
627408,1215,961
627409,1240,962
627410,1253,971
627411,1251,981
627412,1230,994
627413,1191,1002
627414,1142,1011
627415,1104,1022
627416,1068,1035
627417,1032,1044
627418,1002,1053
627419,987,1059
627420,987,1059
627421,995,1057
627422,998,1049
627423,1003,1040
627424,998,1032
627425,989,1029
627426,984,1028
627427,985,1030
627428,985,1034
627429,982,1034
627430,979,1033
627431,975,1030
627432,972,1033
627433,971,1036
627434,973,1040
627435,973,1037
627436,970,1037
627437,965,1035
627438,966,1037
627439,967,1040
627440,968,1040
627441,970,1039
627442,967,1035
627443,962,1034
627444,960,1037
627445,964,1037
627446,967,1042
627447,971,1039
627448,970,1038
627449,966,1036
627450,964,1035
627451,965,1037
627452,966,1040
627453,968,1041
627454,965,1035
627455,964,1035
627456,963,1038
627457,964,1041
627458,967,1045
627459,969,1041
627460,970,1040
627461,965,1037
627462,967,1037
627463,964,1039
627464,968,1043
627465,971,1040
627466,969,1036
627467,967,1034
627468,966,1032
627469,966,1038
627470,971,1038
627471,969,1036
627472,969,1033
627473,967,1032
627474,966,1033
627475,969,1036
627476,973,1036
627477,976,1033
627478,975,1033
627479,971,1032
627480,969,1031
627481,971,1034
627482,975,1034
627483,979,1034
627484,978,1033
627485,974,1027
627486,974,1030
627487,975,1030
627488,979,1033
627489,982,1030
627490,980,1026
627491,978,1023
627492,974,1024
627493,975,1023
627494,979,1026
627495,984,1025
627496,983,1020
627497,981,1015
627498,981,1015
627499,983,1019
627500,990,1022
627501,995,1015
627502,992,1011
627503,989,1006
627504,990,1003
627505,995,1007
627506,997,1009
627507,1001,1007
627508,1001,1003
627509,998,1004
627510,999,1002
627511,1003,1005
627512,1007,1004
627513,1006,1004
627514,1006,1001
627515,1007,999
627516,1007,999
627517,1010,999
627518,1014,1003
627519,1014,1001
627520,1015,1002
627521,1011,998
627522,1013,1004
627523,1016,1007
627524,1016,1010
627525,1017,1007
627526,1018,1006
627527,1014,1006
627528,1014,1007
627529,1013,1013
627530,1018,1017
627531,1016,1016
627532,1014,1016
627533,1009,1015
627534,1006,1018
627535,1001,1024
627536,1004,1027
627537,1005,1027
627538,1002,1026
627539,1002,1024
627540,998,1027
627541,995,1031
627542,997,1033
627543,999,1034
627544,996,1030
627545,993,1030
627546,991,1030
627547,990,1033
627548,992,1036
627549,995,1033
627550,989,1029
627551,990,1028
627552,987,1030
627553,985,1030
627554,987,1035
627555,992,1035
627556,988,1033
627557,986,1029
627558,983,1030
627559,985,1034
627560,988,1036
627561,990,1034
627562,988,1033
627563,982,1031
627564,979,1029
627565,981,1031
627566,982,1032
627567,985,1030
627568,983,1029
627569,983,1027
627570,982,1026
627571,979,1030
627572,984,1033
627573,987,1030
627574,985,1027
627575,979,1026
627576,978,1027
627577,981,1030
627578,985,1033
627579,985,1033
627580,983,1032
627581,981,1030
627582,978,1029
627583,981,1032
627584,987,1035
627585,987,1035
627586,981,1032
627587,980,1030
627588,978,1032
627589,978,1035
627590,983,1036
627591,984,1035
627592,984,1031
627593,983,1027
627594,983,1029
627595,985,1031
627596,985,1032
627597,988,1032
627598,986,1028
627599,984,1025
627600,982,1025
627601,982,1027
627602,986,1031
627603,989,1026
627604,987,1026
627605,986,1025
627606,985,1026
627607,986,1029
627608,986,1031
627609,984,1030
627610,982,1029
627611,981,1027
627612,978,1029
627613,978,1029
627614,982,1030
627615,986,1029
627616,984,1028
627617,979,1027
627618,977,1026
627619,980,1028
627620,982,1031
627621,982,1033
627622,982,1027
627623,977,1027
627624,975,1026
627625,978,1029
627626,979,1032
627627,978,1032
627628,974,1029
627629,972,1029
627630,972,1030
627631,972,1032
627632,974,1035
627633,976,1036
627634,975,1033
627635,971,1033
627636,967,1033
627637,972,1037
627638,973,1042
627639,972,1043
627640,969,1039
627641,967,1040
627642,968,1041
627643,972,1045
627644,975,1048
627645,978,1043
627646,974,1041
627647,972,1039
627648,971,1041
627649,971,1041
627650,975,1043
627651,978,1041
627652,975,1036
627653,971,1035
627654,974,1032
627655,974,1034
627656,978,1036
627657,982,1034
627658,982,1032
627659,976,1027
627660,976,1029
627661,979,1029
627662,985,1031
627663,985,1030
627664,985,1028
627665,982,1025
627666,981,1027
627667,984,1029
627668,990,1028
627669,992,1025
627670,996,1018
627671,1003,1012
627672,1009,1011
627673,1023,1008
627674,1044,1005
627675,1067,1001
627676,1091,988
627677,1118,971
627678,1152,963
627679,1186,963
627680,1221,966
627681,1244,982
627682,1250,994
627683,1235,1009
627684,1203,1013
627685,1163,1016
627686,1116,1027
627687,1071,1042
627688,1024,1059
627689,979,1077
627690,957,1091
627691,953,1099
627692,963,1099
627693,972,1090
627694,974,1074
627695,974,1061
627696,976,1053
627697,976,1050
627698,975,1049
627699,974,1043
627700,968,1040
627701,964,1035
627702,961,1039
627703,961,1043
627704,961,1045
627705,961,1045
627706,964,1040
627707,955,1039
627708,953,1040
627709,958,1043
627710,960,1043
627711,961,1040
627712,957,1038
627713,955,1034
627714,954,1038
627715,956,1039
627716,957,1041
627717,959,1037
627718,960,1035
627719,958,1032
627720,956,1034
627721,957,1034
627722,960,1035
627723,959,1035
627724,958,1031
627725,956,1033
627726,956,1033
627727,959,1035
627728,963,1036
627729,963,1033
627730,960,1032
627731,957,1029
627732,958,1029
627733,957,1032
627734,959,1034
627735,960,1033
627736,957,1031
627737,956,1028
627738,957,1028
627739,958,1030
627740,958,1034
627741,959,1035
627742,959,1033
627743,953,1029
627744,953,1031
627745,958,1032
627746,962,1035
627747,959,1034
627748,959,1032
627749,959,1033
627750,960,1034
627751,961,1035
627752,965,1035
627753,967,1036
627754,968,1029
627755,966,1025
627756,967,1023
627757,971,1021
627758,976,1019
627759,976,1015
627760,974,1012
627761,973,1007
627762,972,1006
627763,975,1006
627764,976,1008
627765,980,1003
627766,981,1001
627767,982,998
627768,979,996
627769,978,999
627770,983,1001
627771,985,998
627772,985,996
627773,979,991
627774,981,990
627775,983,990
627776,990,993
627777,991,993
627778,990,990
627779,986,986
627780,985,986
627781,988,987
627782,993,989
627783,995,989
627784,994,985
627785,993,985
627786,993,989
627787,997,991
627788,996,994
627789,996,994
627790,995,994
627791,991,997
627792,989,999
627793,990,1004
627794,993,1010
627795,998,1012
627796,994,1011
627797,991,1013
627798,985,1017
627799,986,1024
627800,989,1028
627801,986,1034
627802,985,1033
627803,981,1033
627804,979,1035
627805,978,1037
627806,980,1042
627807,979,1043
627808,973,1039
627809,971,1037
627810,967,1036
627811,969,1040
627812,972,1041
627813,971,1039
627814,972,1037
627815,968,1035
627816,967,1036
627817,972,1039
627818,972,1040
627819,971,1038
627820,972,1036
627821,970,1033
627822,968,1035
627823,971,1034
627824,972,1039
627825,976,1034
627826,975,1032
627827,969,1031
627828,968,1032
627829,968,1033
627830,971,1037
627831,975,1036
627832,972,1033
627833,970,1030
627834,968,1031
627835,970,1036
627836,973,1036
627837,975,1037
627838,974,1033
627839,973,1030
627840,972,1034
627841,974,1039
627842,977,1036
627843,978,1037
627844,977,1034
627845,973,1029
627846,974,1035
627847,976,1035
627848,981,1045
627849,981,1044
627850,980,1040
627851,974,1039
627852,974,1040
627853,975,1044
627854,975,1045
627855,979,1043
627856,978,1039
627857,973,1034
627858,973,1032
627859,974,1033
627860,975,1036
627861,975,1034
627862,972,1032
627863,968,1031
627864,972,1031
627865,970,1033
627866,973,1036
627867,974,1037
627868,972,1033
627869,969,1028
627870,969,1032
627871,969,1033
627872,970,1035
627873,971,1033
627874,970,1031
627875,969,1029
627876,969,1032
627877,971,1034
627878,972,1038
627879,972,1035
627880,968,1032
627881,967,1030
627882,967,1032
627883,969,1033
627884,969,1035
627885,970,1034
627886,968,1035
627887,962,1033
627888,961,1032
627889,966,1034
627890,971,1039
627891,967,1038
627892,965,1035
627893,962,1034
627894,962,1034
627895,962,1040
627896,969,1041
627897,967,1039
627898,968,1038
627899,963,1038
627900,963,1040
627901,966,1044
627902,967,1048
627903,970,1044
627904,970,1041
627905,968,1037
627906,967,1037
627907,969,1038
627908,974,1039
627909,973,1037
627910,970,1036
627911,966,1035
627912,966,1035
627913,965,1037
627914,967,1037
627915,969,1038
627916,965,1036
627917,964,1031
627918,965,1034
627919,966,1039
627920,967,1038
627921,968,1037
627922,964,1034
627923,961,1033
627924,961,1035
627925,961,1036
627926,967,1038
627927,968,1037
627928,967,1034
627929,962,1031
627930,965,1032
627931,966,1037
627932,968,1037
627933,968,1035
627934,965,1031
627935,963,1031
627936,964,1032
627937,969,1034
627938,970,1036
627939,969,1033
627940,967,1032
627941,964,1030
627942,964,1032
627943,965,1038
627944,967,1039
627945,970,1039
627946,966,1037
627947,966,1033
627948,966,1036
627949,969,1041
627950,972,1045
627951,967,1045
627952,970,1042
627953,967,1039
627954,964,1039
627955,966,1041
627956,968,1042
627957,972,1043
627958,968,1037
627959,967,1031
627960,964,1035
627961,964,1036
627962,968,1040
627963,965,1040
627964,966,1038
627965,963,1036
627966,964,1038
627967,964,1041
627968,965,1040
627969,970,1040
627970,967,1036
627971,963,1034
627972,962,1036
627973,966,1037
627974,969,1041
627975,970,1039
627976,966,1036
627977,965,1035
627978,965,1038
627979,969,1041
627980,972,1042
627981,970,1039
627982,968,1036
627983,965,1032
627984,965,1033
627985,968,1036
627986,970,1037
627987,970,1035
627988,969,1033
627989,964,1030
627990,967,1030
627991,966,1033
627992,968,1033
627993,970,1034
627994,969,1029
627995,961,1027
627996,962,1031
627997,961,1035
627998,967,1040
627999,969,1041
628000,971,1040
628001,965,1037
628002,967,1035
628003,972,1039
628004,976,1040
628005,976,1036
628006,976,1035
628007,972,1031
628008,973,1033
628009,975,1033
628010,977,1038
628011,981,1038
628012,978,1034
628013,976,1035
628014,977,1033
628015,981,1033
628016,987,1034
628017,992,1032
628018,997,1025
628019,1004,1020
628020,1015,1018
628021,1030,1018
628022,1049,1018
628023,1069,1007
628024,1091,999
628025,1115,983
628026,1141,972
628027,1171,968
628028,1204,969
628029,1227,971
628030,1237,979
628031,1227,991
628032,1205,1006
628033,1165,1014
628034,1126,1023
628035,1079,1033
628036,1035,1042
628037,997,1051
628038,980,1060
628039,978,1062
628040,985,1055
628041,988,1046
628042,986,1034
628043,978,1026
628044,973,1026
628045,972,1030
628046,971,1037
628047,970,1038
628048,967,1036
628049,963,1038
628050,960,1041
628051,959,1041
628052,961,1044
628053,959,1043
628054,960,1039
628055,955,1032
628056,955,1027
628057,957,1030
628058,960,1032
628059,959,1036
628060,956,1033
628061,952,1033
628062,952,1036
628063,954,1040
628064,952,1044
628065,954,1038
628066,952,1036
628067,951,1033
628068,955,1035
628069,954,1038
628070,955,1041
628071,956,1040
628072,951,1038
628073,947,1038
628074,947,1039
628075,950,1041
628076,951,1044
628077,953,1043
628078,952,1042
628079,950,1040
628080,952,1039
628081,953,1044
628082,955,1043
628083,957,1043
628084,956,1041
628085,955,1037
628086,955,1039
628087,958,1039
628088,959,1041
628089,960,1038
628090,960,1036
628091,956,1034
628092,958,1033
628093,957,1034
628094,965,1038
628095,966,1033
628096,961,1031
628097,963,1028
628098,961,1027
628099,964,1030
628100,965,1029
628101,969,1029
628102,968,1025
628103,964,1018
628104,963,1018
628105,963,1018
628106,971,1023
628107,973,1023
628108,973,1022
628109,971,1020
628110,972,1017
628111,975,1016
628112,975,1017
628113,976,1012
628114,973,1010
628115,969,1011
628116,975,1014
628117,978,1018
628118,981,1016
628119,981,1012
628120,982,1009
628121,978,1009
628122,979,1011
628123,982,1013
628124,987,1015
628125,991,1012
628126,989,1009
628127,986,1007
628128,987,1007
628129,990,1010
628130,994,1012
628131,997,1010
628132,996,1009
628133,996,1009
628134,995,1010
628135,995,1013
628136,1000,1013
628137,1000,1007
628138,997,1005
628139,996,1007
628140,994,1010
628141,996,1013
628142,996,1016
628143,997,1018
628144,992,1018
628145,989,1017
628146,987,1019
628147,990,1023
628148,987,1026
628149,986,1025
628150,984,1027
628151,978,1030
628152,977,1039
628153,978,1043
628154,980,1043
628155,980,1041
628156,977,1036
628157,974,1033
628158,976,1031
628159,976,1035
628160,977,1036
628161,980,1036
628162,975,1036
628163,973,1034
628164,972,1036
628165,974,1038
628166,975,1038
628167,976,1035
628168,973,1032
628169,970,1032
628170,969,1032
628171,971,1037
628172,974,1037
628173,974,1036
628174,973,1034
628175,971,1033
628176,971,1035
628177,972,1035
628178,973,1038
628179,969,1038
628180,967,1034
628181,967,1033
628182,967,1033
628183,970,1036
628184,972,1036
628185,973,1037
628186,972,1036
628187,964,1033
628188,966,1034
628189,969,1038
628190,971,1036
628191,973,1035
628192,970,1031
628193,970,1029
628194,970,1029
628195,972,1035
628196,973,1035
628197,973,1034
628198,972,1032
628199,969,1030
628200,968,1031
628201,968,1034
628202,975,1036
628203,970,1033
628204,971,1030
628205,971,1028
628206,969,1033
628207,969,1036
628208,973,1039
628209,975,1038
628210,971,1036
628211,964,1035
628212,970,1035
628213,969,1037
628214,975,1038
628215,974,1037
628216,970,1038
628217,968,1034
628218,966,1034
628219,967,1034
628220,971,1031
628221,970,1033
628222,966,1030
628223,965,1028
628224,964,1031
628225,966,1032
628226,969,1034
628227,965,1034
628228,963,1031
628229,959,1034
628230,962,1038
628231,962,1040
628232,968,1041
628233,969,1041
628234,968,1039
628235,964,1038
628236,961,1037
628237,960,1043
628238,965,1043
628239,970,1045
628240,969,1043
628241,967,1041
628242,966,1046
628243,969,1044
628244,973,1048
628245,974,1046
628246,970,1040
628247,969,1039
628248,968,1039
628249,971,1043
628250,976,1045
628251,978,1043
628252,976,1039
628253,977,1038
628254,975,1039
628255,979,1040
628256,987,1035
628257,988,1032
628258,993,1027
628259,1001,1023
628260,1014,1021
628261,1032,1020
628262,1056,1015
628263,1081,1008
628264,1114,990
628265,1139,981
628266,1173,982
628267,1202,987
628268,1224,1000
628269,1233,1010
628270,1217,1011
628271,1180,1010
628272,1133,1013
628273,1087,1025
628274,1041,1047
628275,996,1066
628276,967,1078
628277,955,1082
628278,960,1080
628279,969,1069
628280,975,1060
628281,974,1047
628282,971,1037
628283,964,1036
628284,962,1040
628285,961,1044
628286,962,1045
628287,963,1042
628288,958,1037
628289,954,1035
628290,951,1037
628291,955,1044
628292,956,1044
628293,955,1044
628294,957,1041
628295,952,1040
628296,951,1043
628297,950,1048
628298,954,1049
628299,951,1046
628300,949,1041
628301,946,1037
628302,951,1039
628303,953,1039
628304,957,1041
628305,956,1039
628306,951,1036
628307,947,1035
628308,944,1038
628309,947,1040
628310,949,1043
628311,947,1043
628312,946,1043
628313,944,1039
628314,942,1037
628315,944,1041
628316,948,1040
628317,948,1037
628318,942,1037
628319,942,1035
628320,943,1037
628321,945,1037
628322,948,1038
628323,950,1034
628324,946,1031
628325,944,1030
628326,946,1031
628327,948,1036
628328,950,1038
628329,951,1040
628330,950,1041
628331,947,1039
628332,946,1041
628333,948,1038
628334,953,1041
628335,953,1035
628336,955,1028
628337,953,1026
628338,956,1023
628339,958,1027
628340,964,1028
628341,964,1021
628342,959,1015
628343,958,1011
628344,960,1009
628345,963,1007
628346,968,1005
628347,969,1001
628348,969,997
628349,966,994
628350,969,995
628351,971,999
628352,972,1002
628353,975,1000
628354,971,996
628355,969,995
628356,971,993
628357,973,994
628358,977,994
628359,979,991
628360,972,990
628361,973,987
628362,974,993
628363,976,998
628364,978,999
628365,980,999
628366,980,997
628367,979,994
628368,980,999
628369,984,999
628370,985,1001
628371,986,1001
628372,982,1001
628373,980,1003
628374,979,1006
628375,983,1013
628376,981,1019
628377,982,1019
628378,978,1022
628379,973,1024
628380,970,1024
628381,970,1027
628382,970,1026
628383,966,1025
628384,966,1024
628385,961,1024
628386,957,1028
628387,961,1032
628388,964,1033
628389,960,1036
628390,959,1039
628391,955,1041
628392,952,1045
628393,953,1053
628394,958,1055
628395,955,1048
628396,956,1045
628397,953,1042
628398,956,1048
628399,957,1051
628400,960,1047
628401,959,1039
628402,960,1036
628403,956,1039
628404,955,1042
628405,960,1045
628406,961,1044
628407,961,1042
628408,960,1038
628409,958,1039
628410,956,1043
628411,958,1047
628412,959,1047
628413,959,1042
628414,958,1041
628415,957,1042
628416,955,1043
628417,958,1050
628418,962,1050
628419,961,1046
628420,957,1042
628421,957,1039
628422,955,1036
628423,958,1038
628424,960,1038
628425,961,1038
628426,962,1032
628427,960,1027
628428,956,1031
628429,957,1038
628430,960,1043
628431,961,1041
628432,959,1038
628433,958,1038
628434,957,1038
628435,958,1037
628436,962,1036
628437,962,1037
628438,962,1033
628439,958,1028
628440,958,1031
628441,961,1034
628442,960,1035
628443,961,1034
628444,961,1038
628445,955,1046
628446,957,1052
628447,959,1052
628448,961,1053
628449,959,1044
628450,957,1039
628451,954,1035
628452,953,1031
628453,952,1031
628454,957,1036
628455,959,1039
628456,956,1039
628457,954,1041
628458,951,1042
628459,950,1044
628460,954,1047
628461,953,1048
628462,955,1043
628463,951,1037
628464,952,1037
628465,953,1039
628466,955,1045
628467,954,1046
628468,951,1044
628469,951,1043
628470,949,1043
628471,948,1053
628472,953,1057
628473,952,1056
628474,955,1053
628475,952,1044
628476,954,1034
628477,956,1029
628478,957,1032
628479,959,1031
628480,955,1030
628481,952,1031
628482,954,1034
628483,956,1039
628484,956,1040
628485,955,1038
628486,955,1038
628487,953,1037
628488,954,1036
628489,953,1040
628490,956,1041
628491,958,1043
628492,956,1042
628493,954,1043
628494,950,1044
628495,954,1045
628496,957,1047
628497,956,1047
628498,956,1044
628499,950,1041
628500,954,1045
628501,959,1047
628502,960,1047
628503,963,1046
628504,961,1042
628505,958,1039
628506,956,1038
628507,957,1040
628508,960,1041
628509,962,1039
628510,959,1038
628511,961,1039
628512,961,1039
628513,967,1040
628514,973,1039
628515,975,1040
628516,976,1033
628517,976,1026
628518,983,1023
628519,996,1022
628520,1009,1023
628521,1028,1014
628522,1049,1007
628523,1069,997
628524,1095,988
628525,1127,980
628526,1156,975
628527,1178,975
628528,1198,982
628529,1202,1001
628530,1190,1022
628531,1167,1034
628532,1132,1039
628533,1087,1041
628534,1040,1049
628535,996,1067
628536,968,1081
628537,957,1097
628538,960,1103
628539,964,1102
628540,965,1097
628541,966,1088
628542,966,1071
628543,966,1047
628544,967,1034
628545,965,1022
628546,959,1019
628547,952,1021
628548,949,1029
628549,948,1035
628550,948,1049
628551,947,1054
628552,945,1055
628553,940,1044
628554,940,1032
628555,940,1026
628556,942,1024
628557,941,1029
628558,939,1030
628559,936,1032
628560,940,1038
628561,943,1042
628562,947,1041
628563,946,1039
628564,940,1039
628565,938,1038
628566,938,1040
628567,940,1043
628568,942,1048
628569,944,1048
628570,941,1045
628571,941,1042
628572,939,1042
628573,943,1045
628574,946,1046
628575,943,1048
628576,940,1052
628577,940,1058
628578,941,1064
628579,944,1060
628580,948,1044
628581,950,1029
628582,945,1023
628583,943,1026
628584,942,1030
628585,947,1034
628586,949,1039
628587,947,1039
628588,944,1037
628589,942,1036
628590,944,1035
628591,944,1034
628592,949,1032
628593,946,1032
628594,945,1027
628595,942,1031
628596,944,1029
628597,947,1034
628598,952,1037
628599,954,1036
628600,952,1027
628601,950,1020
628602,950,1021
628603,952,1026
628604,955,1030
628605,957,1027
628606,955,1025
628607,957,1026
628608,958,1030
628609,962,1033
628610,969,1029
628611,970,1023
628612,970,1010
628613,969,999
628614,968,999
628615,972,1001
628616,976,1006
628617,975,1010
628618,976,1013
628619,969,1013
628620,973,1012
628621,979,1011
628622,981,1013
628623,982,1011
628624,980,1008
628625,980,1003
628626,977,1003
628627,980,1006
628628,982,1011
628629,985,1014
628630,984,1018
628631,981,1020
628632,983,1024
628633,985,1025
628634,986,1017
628635,985,1004
628636,985,999
628637,980,1000
628638,978,1010
628639,982,1019
628640,983,1026
628641,984,1021
628642,980,1018
628643,975,1017
628644,972,1020
628645,972,1023
628646,973,1030
628647,968,1033
628648,965,1032
628649,966,1034
628650,964,1039
628651,964,1044
628652,968,1046
628653,965,1045
628654,964,1044
628655,963,1042
628656,960,1049
628657,963,1051
628658,964,1052
628659,964,1053
628660,964,1052
628661,962,1048
628662,960,1045
628663,963,1047
628664,966,1046
628665,967,1046
628666,962,1043
628667,962,1042
628668,966,1044
628669,967,1047
628670,970,1048
628671,968,1044
628672,966,1039
628673,964,1039
628674,963,1044
628675,964,1049
628676,968,1056
628677,968,1056
628678,967,1053
628679,965,1046
628680,962,1038
628681,963,1042
628682,966,1042
628683,967,1038
628684,965,1029
628685,962,1023
628686,963,1025
628687,964,1025
628688,963,1027
628689,963,1031
628690,960,1033
628691,956,1031
628692,959,1032
628693,962,1033
628694,963,1036
628695,964,1035
628696,961,1031
628697,960,1031
628698,959,1030
628699,962,1034
628700,962,1037
628701,962,1037
628702,958,1036
628703,957,1037
628704,958,1040
628705,960,1043
628706,961,1043
628707,959,1043
628708,958,1045
628709,956,1046
628710,954,1049
628711,958,1050
628712,959,1047
628713,959,1042
628714,958,1036
628715,957,1037
628716,958,1040
628717,959,1043
628718,960,1045
628719,960,1047
628720,958,1043
628721,952,1043
628722,955,1046
628723,959,1048
628724,963,1047
628725,962,1047
628726,962,1044
628727,959,1043
628728,959,1042
628729,961,1046
628730,965,1047
628731,964,1043
628732,962,1040
628733,960,1040
628734,957,1041
628735,961,1043
628736,962,1043
628737,963,1041
628738,961,1038
628739,958,1036
628740,959,1038
628741,959,1040
628742,959,1042
628743,962,1039
628744,958,1038
628745,958,1040
628746,959,1037
628747,962,1042
628748,965,1038
628749,971,1038
628750,968,1035
628751,965,1033
628752,970,1033
628753,976,1034
628754,986,1035
628755,996,1038
628756,1007,1035
628757,1017,1032
628758,1039,1020
628759,1065,1006
628760,1096,993
628761,1127,984
628762,1155,982
628763,1180,991
628764,1205,1003
628765,1212,1016
628766,1201,1023
628767,1168,1022
628768,1118,1025
628769,1065,1044
628770,1017,1063
628771,981,1078
628772,964,1083
628773,960,1084
628774,963,1077
628775,960,1066
628776,965,1055
628777,965,1048
628778,967,1042
628779,964,1043
628780,959,1036
628781,953,1035
628782,951,1037
628783,953,1037
628784,955,1040
628785,950,1037
628786,947,1035
628787,944,1036
628788,944,1038
628789,947,1039
628790,944,1043
628791,943,1041
628792,941,1039
628793,937,1038
628794,939,1036
628795,939,1039
628796,941,1046
628797,941,1042
628798,936,1041
628799,932,1037
628800,933,1040
628801,934,1042
628802,938,1043
628803,938,1044
628804,937,1041
628805,935,1042
628806,934,1045
628807,938,1049
628808,938,1053
628809,939,1048
628810,935,1047
628811,934,1048
628812,936,1045
628813,942,1047
628814,946,1045
628815,947,1043
628816,943,1040
628817,941,1038
628818,941,1037
628819,941,1039
628820,944,1038
628821,944,1037
628822,944,1031
628823,940,1029
628824,941,1033
628825,942,1033
628826,945,1035
628827,944,1031
628828,942,1025
628829,941,1020
628830,943,1024
628831,946,1026
628832,947,1028
628833,950,1021
628834,949,1018
628835,948,1014
628836,949,1016
628837,953,1019
628838,954,1019
628839,955,1018
628840,952,1015
628841,953,1012
628842,954,1012
628843,958,1014
628844,959,1013
628845,956,1013
628846,958,1009
628847,959,1007
628848,959,1005
628849,963,1006
628850,964,1007
628851,965,999
628852,964,997
628853,961,997
628854,964,999
628855,967,1003
628856,966,1001
628857,964,1001
628858,961,999
628859,959,997
628860,963,999
628861,967,1001
628862,966,1005
628863,968,1004
628864,965,1003
628865,963,1000
628866,963,1001
628867,970,1008
628868,972,1008
628869,972,1009
628870,971,1012
628871,968,1015
628872,970,1018
628873,972,1021
628874,973,1024
628875,969,1024
628876,967,1025
628877,964,1025
628878,964,1032
628879,964,1039
628880,967,1039
628881,967,1037
628882,961,1035
628883,957,1037
628884,957,1039
628885,960,1044
628886,961,1046
628887,960,1043
628888,960,1040
628889,958,1035
628890,956,1035
628891,957,1041
628892,962,1045
628893,960,1044
628894,958,1041
628895,954,1039
628896,953,1042
628897,955,1042
628898,957,1047
628899,958,1044
628900,959,1042
628901,959,1038
628902,957,1037
628903,959,1041
628904,960,1042
628905,958,1038
628906,955,1033
628907,953,1031
628908,951,1036
628909,956,1037
628910,960,1040
628911,960,1042
628912,955,1038
628913,953,1038
628914,952,1039
628915,956,1043
628916,958,1044
628917,957,1042
628918,959,1042
628919,954,1036
628920,956,1036
628921,957,1039
628922,957,1040
628923,959,1039
628924,958,1038
628925,956,1037
628926,960,1036
628927,962,1039
628928,965,1038
628929,966,1035
628930,962,1033
628931,959,1033
628932,959,1033
628933,958,1037
628934,963,1039
628935,962,1039
628936,959,1037
628937,958,1036
628938,957,1040
628939,961,1040
628940,960,1046
628941,961,1043
628942,960,1046
628943,958,1040
628944,956,1039
628945,958,1042
628946,960,1045
628947,959,1046
628948,955,1042
628949,954,1039
628950,953,1039
628951,956,1042
628952,957,1043
628953,953,1042
628954,953,1041
628955,951,1041
628956,951,1044
628957,953,1045
628958,958,1048
628959,953,1046
628960,953,1045
628961,952,1044
628962,952,1043
628963,955,1044
628964,958,1045
628965,959,1043
628966,957,1039
628967,953,1038
628968,951,1043
628969,954,1047
628970,957,1046
628971,957,1043
628972,957,1039
628973,954,1039
628974,952,1043
628975,959,1046
628976,960,1045
628977,958,1045
628978,960,1040
628979,956,1037
628980,956,1037
628981,958,1040
628982,959,1041
628983,959,1043
628984,961,1039
628985,958,1040
628986,958,1040
628987,959,1040
628988,962,1042
628989,960,1044
628990,960,1040
628991,959,1043
628992,960,1044
628993,960,1046
628994,964,1045
628995,963,1044
628996,960,1041
628997,956,1042
628998,957,1041
628999,955,1041
629000,961,1039
629001,960,1035
629002,961,1035
629003,958,1034
629004,960,1037
629005,961,1038
629006,962,1042
629007,961,1039
629008,960,1037
629009,959,1039
629010,963,1041
629011,966,1043
629012,970,1042
629013,973,1040
629014,971,1039
629015,969,1037
629016,970,1035
629017,976,1036
629018,990,1032
629019,1002,1027
629020,1015,1020
629021,1030,1015
629022,1054,1014
629023,1083,1008
629024,1118,996
629025,1149,981
629026,1181,976
629027,1210,985
629028,1230,1004
629029,1228,1021
629030,1207,1030
629031,1167,1029
629032,1113,1036
629033,1058,1055
629034,1010,1076
629035,976,1089
629036,966,1092
629037,965,1087
629038,970,1071
629039,969,1059
629040,973,1051
629041,973,1050
629042,972,1049
629043,968,1047
629044,963,1043
629045,955,1042
629046,954,1045
629047,955,1050
629048,956,1047
629049,954,1050
629050,950,1047
629051,945,1049
629052,944,1051
629053,943,1050
629054,945,1047
629055,948,1046
629056,944,1040
629057,945,1041
629058,944,1044
629059,945,1048
629060,946,1049
629061,945,1043
629062,944,1041
629063,943,1040
629064,944,1039
629065,949,1039
629066,952,1043
629067,952,1038
629068,947,1034
629069,944,1031
629070,946,1031
629071,949,1034
629072,952,1034
629073,954,1033
629074,952,1031
629075,947,1035
629076,948,1038
629077,950,1038
629078,952,1038
629079,952,1033
629080,953,1032
629081,953,1032
629082,951,1033
629083,954,1035
629084,958,1035
629085,958,1036
629086,956,1033
629087,953,1035
629088,953,1033
629089,954,1038
629090,956,1041
629091,955,1037
629092,954,1032
629093,954,1034
629094,953,1034
629095,954,1036
629096,957,1033
629097,959,1030
629098,956,1024
629099,955,1025
629100,953,1027
629101,958,1033
629102,961,1030
629103,962,1026
629104,960,1021
629105,953,1011
629106,957,1012
629107,961,1016
629108,965,1011
629109,968,1012
629110,967,1007
629111,964,1007
629112,963,1007
629113,969,1009
629114,973,1009
629115,976,1004
629116,972,1002
629117,970,1002
629118,972,1005
629119,978,1004
629120,983,1004
629121,985,1002
629122,986,1000
629123,990,1001
629124,988,1001
629125,989,1003
629126,995,1005
629127,993,1007
629128,993,1003
629129,989,1001
629130,988,1008
629131,993,1016
629132,997,1020
629133,996,1017
629134,989,1013
629135,985,1017
629136,986,1021
629137,987,1028
629138,987,1030
629139,984,1032
629140,979,1030
629141,979,1031
629142,977,1033
629143,976,1037
629144,977,1040
629145,971,1040
629146,973,1036
629147,967,1033
629148,968,1033
629149,970,1036
629150,972,1037
629151,971,1038
629152,966,1035
629153,963,1036
629154,964,1040
629155,967,1043
629156,967,1041
629157,967,1039
629158,967,1035
629159,964,1034
629160,965,1036
629161,967,1036
629162,972,1039
629163,969,1038
629164,970,1035
629165,967,1034
629166,969,1032
629167,973,1036
629168,974,1038
629169,974,1037
629170,973,1036
629171,972,1030
629172,969,1031
629173,970,1035
629174,976,1038
629175,977,1039
629176,974,1038
629177,972,1035
629178,973,1035
629179,977,1039
629180,980,1038
629181,979,1036
629182,974,1036
629183,969,1036
629184,969,1037
629185,969,1040
629186,969,1037
629187,968,1036
629188,963,1034
629189,962,1032
629190,960,1038
629191,966,1039
629192,964,1040
629193,967,1037
629194,965,1039
629195,963,1037
629196,963,1037
629197,965,1042
629198,969,1038
629199,969,1038
629200,966,1035
629201,962,1030
629202,962,1027
629203,965,1033
629204,967,1037
629205,965,1035
629206,963,1033
629207,963,1031
629208,963,1036
629209,964,1040
629210,969,1043
629211,967,1044
629212,965,1038
629213,962,1034
629214,961,1035
629215,967,1038
629216,969,1041
629217,970,1040
629218,968,1039
629219,968,1036
629220,969,1040
629221,970,1040
629222,974,1040
629223,969,1041
629224,966,1037
629225,964,1039
629226,965,1043
629227,966,1045
629228,968,1046
629229,970,1042
629230,969,1034
629231,963,1034
629232,961,1034
629233,962,1039
629234,967,1039
629235,968,1035
629236,963,1033
629237,960,1033
629238,961,1036
629239,964,1040
629240,965,1040
629241,963,1038
629242,963,1038
629243,958,1036
629244,960,1041
629245,959,1041
629246,963,1043
629247,962,1041
629248,965,1036
629249,960,1035
629250,960,1039
629251,963,1046
629252,965,1044
629253,965,1042
629254,962,1037
629255,961,1036
629256,960,1037
629257,961,1043
629258,966,1045
629259,965,1045
629260,964,1042
629261,962,1042
629262,964,1045
629263,967,1046
629264,971,1049
629265,973,1045
629266,972,1041
629267,969,1039
629268,972,1039
629269,972,1042
629270,976,1040
629271,979,1041
629272,974,1038
629273,973,1036
629274,975,1039
629275,979,1038
629276,988,1035
629277,992,1028
629278,998,1022
629279,1006,1018
629280,1017,1017
629281,1038,1016
629282,1066,1009
629283,1090,998
629284,1116,982
629285,1144,967
629286,1175,963
629287,1203,970
629288,1224,980
629289,1224,995
629290,1195,1004
629291,1154,1011
629292,1103,1020
629293,1058,1038
629294,1013,1056
629295,978,1067
629296,960,1074
629297,958,1075
629298,966,1071
629299,969,1063
629300,976,1055
629301,975,1046
629302,972,1038
629303,967,1040
629304,962,1040
629305,963,1041
629306,964,1043
629307,960,1041
629308,955,1040
629309,953,1038
629310,950,1039
629311,951,1041
629312,955,1041
629313,954,1038
629314,951,1039
629315,947,1037
629316,946,1040
629317,949,1045
629318,951,1045
629319,949,1044
629320,947,1041
629321,947,1038
629322,946,1039
629323,948,1043
629324,950,1042
629325,947,1041
629326,946,1037
629327,947,1039
629328,944,1041
629329,945,1044
629330,949,1046
629331,948,1043
629332,948,1043
629333,947,1040
629334,945,1044
629335,946,1044
629336,946,1045
629337,946,1040
629338,946,1035
629339,944,1031
629340,944,1034
629341,947,1038
629342,948,1037
629343,948,1035
629344,948,1032
629345,945,1032
629346,944,1033
629347,947,1039
629348,952,1042
629349,952,1039
629350,949,1033
629351,950,1031
629352,950,1034
629353,954,1036
629354,956,1036
629355,956,1030
629356,954,1030
629357,952,1032
629358,952,1030
629359,956,1031
629360,958,1026
629361,959,1025
629362,959,1022
629363,956,1019
629364,957,1018
629365,959,1021
629366,962,1019
629367,961,1018
629368,962,1014
629369,961,1014
629370,963,1012
629371,964,1013
629372,971,1012
629373,970,1011
629374,968,1010
629375,967,1010
629376,967,1007
629377,970,1011
629378,974,1011
629379,972,1008
629380,972,1006
629381,969,1007
629382,969,1006
629383,974,1007
629384,977,1006
629385,977,1003
629386,973,1002
629387,974,1003
629388,975,1007
629389,977,1008
629390,982,1007
629391,982,1006
629392,975,1002
629393,975,1006
629394,976,1011
629395,978,1016
629396,979,1019
629397,981,1020
629398,979,1018
629399,978,1018
629400,977,1020
629401,980,1026
629402,981,1030
629403,979,1031
629404,972,1029
629405,971,1030
629406,970,1035
629407,970,1041
629408,971,1044
629409,969,1043
629410,969,1040
629411,966,1041
629412,966,1041
629413,967,1044
629414,970,1044
629415,967,1043
629416,962,1038
629417,960,1039
629418,958,1039
629419,960,1042
629420,964,1043
629421,963,1040
629422,962,1038
629423,960,1038
629424,958,1040
629425,962,1041
629426,965,1042
629427,966,1038
629428,963,1035
629429,961,1035
629430,964,1038
629431,967,1040
629432,967,1042
629433,961,1041
629434,958,1036
629435,961,1035
629436,960,1034
629437,963,1039
629438,968,1039
629439,970,1038
629440,964,1033
629441,962,1033
629442,962,1035
629443,966,1038
629444,966,1039
629445,967,1037
629446,967,1032
629447,963,1031
629448,964,1035
629449,965,1037
629450,968,1035
629451,965,1031
629452,964,1031
629453,963,1031
629454,962,1033
629455,964,1037
629456,961,1041
629457,964,1040
629458,960,1037
629459,960,1037
629460,961,1037
629461,962,1038
629462,965,1036
629463,964,1036
629464,960,1032
629465,960,1031
629466,959,1033
629467,962,1036
629468,964,1038
629469,963,1038
629470,963,1039
629471,961,1037
629472,959,1039
629473,961,1040
629474,962,1041
629475,962,1039
629476,958,1033
629477,957,1034
629478,956,1041
629479,957,1041
629480,957,1042
629481,957,1040
629482,953,1041
629483,949,1039
629484,952,1039
629485,957,1039
629486,959,1038
629487,958,1035
629488,955,1031
629489,957,1032
629490,955,1033
629491,958,1039
629492,964,1039
629493,965,1035
629494,960,1034
629495,958,1034
629496,957,1037
629497,961,1042
629498,966,1042
629499,965,1040
629500,963,1035
629501,957,1033
629502,956,1035
629503,960,1037
629504,961,1039
629505,958,1036
629506,954,1033
629507,954,1031
629508,953,1035
629509,957,1040
629510,960,1040
629511,960,1041
629512,956,1038
629513,954,1040
629514,955,1040
629515,957,1044
629516,961,1041
629517,961,1039
629518,959,1037
629519,955,1035
629520,954,1037
629521,956,1041
629522,960,1042
629523,958,1039
629524,956,1038
629525,954,1037
629526,956,1039
629527,958,1044
629528,964,1043
629529,962,1039
629530,958,1035
629531,954,1034
629532,954,1034
629533,958,1034
629534,962,1036
629535,962,1037
629536,958,1036
629537,961,1036
629538,961,1037
629539,961,1037
629540,963,1039
629541,965,1039
629542,965,1031
629543,970,1027
629544,981,1026
629545,992,1023
629546,1008,1020
629547,1025,1016
629548,1040,1008
629549,1061,999
629550,1086,991
629551,1115,979
629552,1148,968
629553,1177,965
629554,1198,966
629555,1210,979
629556,1211,997
629557,1190,1012
629558,1157,1020
629559,1114,1023
629560,1068,1035
629561,1024,1051
629562,988,1067
629563,971,1076
629564,968,1080
629565,968,1077
629566,970,1063
629567,974,1052
629568,972,1045
629569,972,1045
629570,970,1041
629571,965,1036
629572,961,1036
629573,958,1034
629574,955,1038
629575,959,1041
629576,958,1039
629577,957,1037
629578,954,1034
629579,950,1034
629580,946,1035
629581,949,1036
629582,951,1035
629583,952,1035
629584,949,1034
629585,946,1034
629586,945,1035
629587,948,1039
629588,949,1039
629589,948,1035
629590,944,1034
629591,939,1033
629592,939,1039
629593,942,1039
629594,949,1039
629595,947,1037
629596,948,1038
629597,945,1033
629598,944,1035
629599,946,1038
629600,950,1040
629601,947,1038
629602,946,1036
629603,945,1036
629604,946,1035
629605,951,1039
629606,950,1040
629607,951,1040
629608,949,1037
629609,944,1034
629610,946,1039
629611,949,1039
629612,953,1037
629613,951,1032
629614,951,1030
629615,949,1030
629616,945,1027
629617,952,1029
629618,951,1029
629619,952,1027
629620,954,1023
629621,952,1021
629622,953,1023
629623,954,1026
629624,961,1025
629625,961,1021
629626,958,1019
629627,959,1019
629628,958,1022
629629,962,1021
629630,965,1020
629631,964,1017
629632,962,1012
629633,963,1013
629634,965,1014
629635,969,1014
629636,974,1013
629637,972,1013
629638,972,1010
629639,970,1007
629640,970,1009
629641,973,1015
629642,976,1011
629643,978,1010
629644,977,1007
629645,975,1008
629646,977,1007
629647,980,1009
629648,982,1008
629649,982,1007
629650,980,1002
629651,978,1001
629652,982,1005
629653,985,1004
629654,990,1004
629655,987,1001
629656,988,998
629657,985,998
629658,987,1001
629659,992,1002
629660,997,1001
629661,995,1001
629662,993,998
629663,991,996
629664,993,1000
629665,993,999
629666,997,1002
629667,997,998
629668,990,997
629669,988,1002
629670,988,1005
629671,988,1012
629672,992,1012
629673,990,1010
629674,990,1011
629675,985,1014
629676,982,1019
629677,981,1022
629678,986,1025
629679,981,1022
629680,976,1021
629681,976,1022
629682,978,1028
629683,979,1031
629684,983,1032
629685,978,1031
629686,973,1031
629687,969,1033
629688,969,1034
629689,972,1040
629690,977,1040
629691,974,1037
629692,972,1037
629693,970,1036
629694,970,1038
629695,971,1039
629696,970,1042
629697,970,1038
629698,969,1037
629699,966,1036
629700,968,1039
629701,968,1042
629702,972,1040
629703,973,1038
629704,970,1032
629705,966,1034
629706,967,1037
629707,968,1038
629708,972,1037
629709,970,1033
629710,972,1027
629711,964,1028
629712,968,1029
629713,974,1035
629714,976,1032
629715,978,1029
629716,977,1025
629717,975,1023
629718,975,1025
629719,977,1027
629720,980,1027
629721,979,1025
629722,976,1022
629723,977,1024
629724,977,1026
629725,980,1029
629726,978,1030
629727,980,1026
629728,978,1025
629729,976,1022
629730,977,1026
629731,977,1028
629732,980,1030
629733,980,1028
629734,976,1026
629735,974,1026
629736,976,1028
629737,979,1031
629738,979,1030
629739,976,1030
629740,973,1029
629741,971,1026
629742,972,1028
629743,973,1033
629744,976,1033
629745,975,1031
629746,976,1029
629747,970,1031
629748,970,1028
629749,973,1031
629750,976,1031
629751,975,1031
629752,973,1029
629753,968,1027
629754,971,1031
629755,972,1033
629756,975,1035
629757,972,1035
629758,970,1033
629759,967,1029
629760,967,1031
629761,971,1036
629762,974,1033
629763,976,1029
629764,973,1031
629765,971,1030
629766,972,1032
629767,975,1034
629768,976,1036
629769,975,1036
629770,971,1034
629771,969,1029
629772,971,1034
629773,974,1036
629774,977,1037
629775,976,1034
629776,972,1032
629777,972,1031
629778,973,1031
629779,973,1036
629780,974,1035
629781,974,1032
629782,973,1029
629783,970,1026
629784,971,1029
629785,973,1031
629786,981,1032
629787,981,1028
629788,977,1024
629789,974,1024
629790,980,1024
629791,983,1029
629792,984,1030
629793,980,1028
629794,980,1025
629795,974,1027
629796,975,1031
629797,980,1033
629798,986,1031
629799,985,1026
629800,985,1023
629801,983,1021
629802,991,1020
629803,1002,1019
629804,1016,1015
629805,1021,1010
629806,1037,1006
629807,1055,1002
629808,1079,995
629809,1108,983
629810,1136,972
629811,1163,962
629812,1185,956
629813,1207,962
629814,1220,978
629815,1222,998
629816,1206,1010
629817,1165,1013
629818,1121,1015
629819,1075,1030
629820,1030,1055
629821,996,1071
629822,980,1081
629823,975,1081
629824,976,1074
629825,979,1062
629826,985,1053
629827,987,1047
629828,988,1040
629829,984,1035
629830,975,1036
629831,972,1032
629832,970,1033
629833,971,1035
629834,972,1034
629835,969,1030
629836,967,1029
629837,963,1028
629838,961,1031
629839,963,1033
629840,966,1036
629841,962,1033
629842,963,1030
629843,960,1030
629844,962,1032
629845,959,1032
629846,963,1032
629847,959,1032
629848,957,1033
629849,956,1031
629850,955,1032
629851,960,1035
629852,961,1035
629853,962,1035
629854,959,1031
629855,960,1034
629856,959,1033
629857,959,1039
629858,961,1037
629859,962,1034
629860,961,1029
629861,956,1027
629862,960,1030
629863,961,1031
629864,961,1031
629865,962,1031
629866,957,1025
629867,955,1026
629868,956,1029
629869,957,1032
629870,958,1031
629871,961,1029
629872,958,1025
629873,957,1023
629874,959,1024
629875,963,1028
629876,961,1026
629877,960,1025
629878,960,1021
629879,956,1019
629880,962,1022
629881,966,1021
629882,970,1021
629883,967,1019
629884,964,1014
629885,963,1015
629886,966,1017
629887,970,1018
629888,971,1016
629889,969,1014
629890,966,1009
629891,966,1010
629892,968,1013
629893,973,1013
629894,975,1012
629895,974,1010
629896,972,1006
629897,971,1007
629898,971,1007
629899,975,1011
629900,980,1010
629901,981,1007
629902,977,1003
629903,978,1001
629904,979,1002
629905,983,1003
629906,986,1002
629907,984,999
629908,982,995
629909,980,996
629910,982,997
629911,986,1000
629912,987,999
629913,987,994
629914,986,989
629915,987,986
629916,988,988
629917,991,992
629918,994,994
629919,994,994
629920,991,994
629921,991,993
629922,993,998
629923,992,998
629924,995,1003
629925,995,1001
629926,995,1001
629927,992,1003
629928,987,1007
629929,993,1012
629930,995,1014
629931,994,1015
629932,991,1014
629933,989,1014
629934,985,1019
629935,989,1023
629936,990,1023
629937,989,1022
629938,985,1021
629939,982,1026
629940,981,1028
629941,981,1034
629942,984,1034
629943,983,1032
629944,979,1029
629945,977,1028
629946,981,1032
629947,980,1034
629948,981,1035
629949,981,1035
629950,978,1033
629951,976,1033
629952,975,1036
629953,974,1039
629954,977,1041
629955,976,1039
629956,975,1035
629957,971,1036
629958,971,1036
629959,975,1040
629960,979,1040
629961,979,1037
629962,977,1035
629963,972,1032
629964,973,1035
629965,975,1034
629966,977,1035
629967,976,1034
629968,976,1031
629969,973,1033
629970,976,1031
629971,975,1033
629972,979,1033
629973,979,1032
629974,977,1029
629975,972,1029
629976,973,1031
629977,975,1033
629978,979,1034
629979,977,1032
629980,974,1029
629981,974,1029
629982,972,1030
629983,973,1030
629984,981,1032
629985,980,1029
629986,978,1027
629987,971,1026
629988,976,1028
629989,978,1034
629990,980,1031
629991,978,1029
629992,976,1027
629993,972,1027
629994,973,1028
629995,976,1033
629996,978,1034
629997,974,1032
629998,973,1028
629999,972,1030
630000,974,1034
630001,977,1038
630002,978,1039
630003,974,1036
630004,971,1031
630005,967,1034
630006,969,1037
630007,970,1037
630008,972,1035
630009,968,1033
630010,969,1029
630011,968,1027
630012,966,1032
630013,968,1032
630014,969,1034
630015,965,1037
630016,965,1032
630017,964,1031
630018,966,1034
630019,967,1036
630020,970,1038
630021,965,1037
630022,962,1033
630023,962,1035
630024,962,1037
630025,966,1038
630026,969,1037
630027,970,1035
630028,971,1032
630029,967,1035
630030,968,1039
630031,973,1040
630032,974,1039
630033,972,1036
630034,971,1033
630035,970,1031
630036,970,1034
630037,970,1038
630038,976,1037
630039,973,1038
630040,970,1034
630041,967,1036
630042,969,1036
630043,970,1040
630044,973,1040
630045,972,1037
630046,968,1037
630047,966,1035
630048,970,1038
630049,971,1042
630050,974,1041
630051,971,1039
630052,969,1037
630053,967,1038
630054,964,1041
630055,967,1044
630056,971,1047
630057,967,1046
630058,966,1042
630059,962,1043
630060,966,1042
630061,971,1043
630062,973,1039
630063,974,1034
630064,971,1031
630065,968,1029
630066,969,1032
630067,970,1038
630068,970,1036
630069,971,1036
630070,972,1033
630071,970,1032
630072,968,1033
630073,968,1036
630074,971,1037
630075,967,1035
630076,965,1035
630077,966,1031
630078,969,1035
630079,971,1037
630080,974,1037
630081,974,1037
630082,972,1034
630083,969,1033
630084,970,1036
630085,972,1038
630086,974,1038
630087,974,1036
630088,970,1033
630089,970,1033
630090,972,1034
630091,976,1035
630092,976,1037
630093,974,1035
630094,972,1033
630095,970,1034
630096,975,1036
630097,979,1038
630098,981,1037
630099,979,1036
630100,975,1035
630101,971,1038
630102,973,1040
630103,977,1040
630104,975,1040
630105,973,1039
630106,972,1036
630107,972,1038
630108,974,1041
630109,975,1044
630110,977,1044
630111,976,1045
630112,974,1043
630113,971,1042
630114,968,1040
630115,972,1039
630116,974,1038
630117,974,1034
630118,971,1028
630119,969,1030
630120,970,1034
630121,975,1041
630122,975,1038
630123,975,1033
630124,973,1027
630125,972,1030
630126,974,1033
630127,978,1037
630128,982,1036
630129,980,1033
630130,979,1029
630131,977,1029
630132,980,1031
630133,983,1033
630134,985,1036
630135,986,1035
630136,988,1031
630137,984,1030
630138,988,1034
630139,992,1035
630140,998,1033
630141,998,1030
630142,998,1022
630143,1003,1024
630144,1012,1024
630145,1023,1021
630146,1038,1018
630147,1055,1014
630148,1071,1003
630149,1094,995
630150,1125,984
630151,1154,979
630152,1182,977
630153,1203,981
630154,1215,996
630155,1208,1015
630156,1189,1028
630157,1155,1035
630158,1119,1039
630159,1080,1045
630160,1041,1057
630161,1008,1067
630162,987,1077
630163,981,1082
630164,984,1074
630165,990,1059
630166,990,1046
630167,987,1037
630168,983,1035
630169,981,1033
630170,979,1031
630171,978,1028
630172,975,1025
630173,971,1025
630174,969,1029
630175,970,1031
630176,972,1030
630177,970,1028
630178,965,1026
630179,963,1027
630180,963,1026
630181,964,1027
630182,966,1030
630183,963,1032
630184,960,1032
630185,958,1031
630186,960,1030
630187,963,1033
630188,963,1033
630189,963,1032
630190,963,1032
630191,955,1033
630192,957,1034
630193,961,1038
630194,964,1038
630195,962,1036
630196,961,1036
630197,958,1037
630198,961,1040
630199,964,1041
630200,967,1043
630201,967,1039
630202,961,1036
630203,962,1034
630204,961,1034
630205,964,1035
630206,965,1034
630207,965,1030
630208,960,1030
630209,956,1030
630210,959,1030
630211,961,1032
630212,961,1029
630213,962,1028
630214,960,1024
630215,957,1024
630216,957,1026
630217,960,1029
630218,963,1027
630219,963,1024
630220,962,1025
630221,960,1024
630222,960,1025
630223,963,1028
630224,965,1025
630225,962,1023
630226,961,1022
630227,959,1022
630228,965,1022
630229,967,1023
630230,971,1022
630231,968,1020
630232,966,1016
630233,968,1016
630234,971,1017
630235,976,1019
630236,974,1021
630237,978,1018
630238,979,1015
630239,979,1013
630240,982,1018
630241,985,1020
630242,988,1016
630243,988,1012
630244,985,1008
630245,986,1006
630246,990,1006
630247,993,1008
630248,996,1005
630249,1001,1002
630250,997,998
630251,996,1000
630252,997,998
630253,1002,1002
630254,1005,1000
630255,1006,998
630256,1003,996
630257,1000,999
630258,1004,998
630259,1011,1002
630260,1013,1002
630261,1012,1000
630262,1006,998
630263,1003,1001
630264,1007,1001
630265,1007,1005
630266,1010,1006
630267,1008,1008
630268,1005,1006
630269,1003,1008
630270,1003,1013
630271,1004,1018
630272,1004,1017
630273,1002,1019
630274,998,1016
630275,996,1019
630276,995,1025
630277,995,1029
630278,997,1031
630279,995,1029
630280,993,1029
630281,991,1032
630282,992,1036
630283,994,1038
630284,992,1039
630285,994,1038
630286,991,1036
630287,990,1034
630288,991,1038
630289,992,1043
630290,995,1046
630291,995,1039
630292,993,1037
630293,987,1035
630294,993,1038
630295,994,1037
630296,998,1037
630297,998,1035
630298,996,1032
630299,994,1033
630300,994,1035
630301,995,1039
630302,999,1039
630303,998,1039
630304,993,1036
630305,990,1035
630306,994,1037
630307,997,1037
630308,999,1036
630309,998,1036
630310,996,1032
630311,992,1030
630312,990,1032
630313,992,1035
630314,996,1036
630315,997,1035
630316,995,1032
630317,992,1035
630318,993,1032
630319,996,1036
630320,998,1036
630321,995,1035
630322,994,1033
630323,992,1035
630324,991,1037
630325,995,1039
630326,998,1039
630327,994,1035
630328,994,1031
630329,993,1034
630330,992,1033
630331,993,1033
630332,995,1033
630333,994,1030
630334,993,1025
630335,991,1028
630336,991,1031
630337,991,1034
630338,995,1034
630339,994,1031
630340,992,1030
630341,989,1030
630342,988,1034
630343,991,1037
630344,992,1036
630345,991,1036
630346,991,1033
630347,990,1034
630348,992,1036
630349,992,1041
630350,997,1040
630351,994,1040
630352,992,1035
630353,987,1036
630354,988,1041
630355,993,1044
630356,997,1044
630357,994,1044
630358,992,1038
630359,987,1038
630360,987,1041
630361,995,1041
630362,993,1042
630363,994,1037
630364,994,1037
630365,992,1040
630366,993,1044
630367,996,1048
630368,1000,1046
630369,999,1042
630370,994,1037
630371,990,1035
630372,993,1036
630373,995,1037
630374,999,1036
630375,997,1033
630376,993,1031
630377,989,1030
630378,990,1032
630379,994,1035
630380,995,1036
630381,993,1035
630382,991,1034
630383,987,1030
630384,986,1033
630385,988,1037
630386,989,1038
630387,989,1034
630388,984,1033
630389,984,1034
630390,984,1037
630391,987,1041
630392,988,1038
630393,989,1037
630394,987,1035
630395,986,1036
630396,985,1038
630397,986,1040
630398,987,1039
630399,990,1040
630400,986,1039
630401,985,1040
630402,985,1042
630403,990,1044
630404,989,1042
630405,988,1042
630406,983,1039
630407,984,1038
630408,984,1041
630409,987,1045
630410,992,1046
630411,995,1044
630412,991,1042
630413,991,1043
630414,993,1042
630415,995,1044
630416,996,1042
630417,994,1040
630418,994,1035
630419,994,1035
630420,993,1036
630421,997,1036
630422,998,1035
630423,998,1032
630424,999,1031
630425,997,1030
630426,995,1035
630427,998,1037
630428,1002,1032
630429,1005,1030
630430,1001,1022
630431,1002,1023
630432,1006,1021
630433,1016,1018
630434,1026,1016
630435,1040,1009
630436,1055,1003
630437,1072,985
630438,1090,976
630439,1111,969
630440,1134,966
630441,1150,968
630442,1161,979
630443,1164,1000
630444,1152,1016
630445,1130,1024
630446,1097,1031
630447,1061,1047
630448,1024,1061
630449,995,1078
630450,978,1089
630451,974,1095
630452,982,1089
630453,987,1074
630454,988,1057
630455,986,1049
630456,986,1048
630457,982,1050
630458,978,1048
630459,978,1044
630460,978,1040
630461,974,1041
630462,974,1042
630463,978,1048
630464,980,1044
630465,976,1042
630466,972,1041
630467,970,1039
630468,970,1043
630469,971,1044
630470,974,1043
630471,974,1040
630472,971,1037
630473,968,1036
630474,971,1037
630475,971,1041
630476,972,1040
630477,970,1037
630478,967,1032
630479,967,1035
630480,967,1037
630481,967,1040
630482,968,1038
630483,963,1039
630484,962,1037
630485,961,1039
630486,962,1040
630487,966,1042
630488,964,1040
630489,966,1040
630490,963,1037
630491,959,1039
630492,961,1041
630493,964,1043
630494,965,1042
630495,966,1038
630496,962,1035
630497,961,1037
630498,963,1038
630499,966,1039
630500,971,1038
630501,970,1036
630502,967,1034
630503,964,1033
630504,965,1037
630505,966,1039
630506,972,1037
630507,971,1034
630508,968,1030
630509,970,1032
630510,968,1029
630511,971,1032
630512,974,1029
630513,972,1026
630514,968,1022
630515,970,1022
630516,970,1020
630517,974,1021
630518,976,1022
630519,979,1018
630520,980,1010
630521,977,1012
630522,978,1011
630523,982,1014
630524,984,1008
630525,982,1008
630526,981,1003
630527,978,1003
630528,981,1008
630529,984,1011
630530,986,1013
630531,985,1008
630532,980,1004
630533,980,1005
630534,981,1008
630535,983,1012
630536,985,1011
630537,985,1007
630538,985,1005
630539,984,1008
630540,988,1006
630541,992,1009
630542,993,1008
630543,993,1007
630544,989,1006
630545,987,1010
630546,990,1010
630547,993,1012
630548,998,1011
630549,997,1010
630550,993,1013
630551,988,1013
630552,987,1020
630553,988,1024
630554,990,1023
630555,988,1024
630556,985,1026
630557,985,1024
630558,986,1030
630559,986,1032
630560,986,1031
630561,981,1032
630562,978,1029
630563,975,1031
630564,970,1036
630565,969,1040
630566,972,1043
630567,968,1040
630568,967,1037
630569,965,1038
630570,963,1040
630571,966,1042
630572,970,1045
630573,969,1045
630574,967,1040
630575,966,1042
630576,968,1043
630577,972,1043
630578,975,1042
630579,976,1042
630580,973,1037
630581,972,1035
630582,970,1039
630583,972,1040
630584,975,1042
630585,972,1041
630586,970,1042
630587,971,1039
630588,971,1044
630589,975,1043
630590,978,1038
630591,974,1036
630592,969,1032
630593,968,1036
630594,970,1040
630595,969,1042
630596,973,1041
630597,971,1037
630598,970,1036
630599,970,1036
630600,969,1040
630601,972,1040
630602,974,1038
630603,969,1037
630604,965,1036
630605,962,1039
630606,964,1045
630607,967,1047
630608,972,1043
630609,971,1040
630610,970,1033
630611,963,1033
630612,964,1036
630613,967,1040
630614,969,1040
630615,967,1037
630616,965,1036
630617,960,1035
630618,963,1039
630619,968,1042
630620,970,1040
630621,970,1035
630622,970,1033
630623,967,1034
630624,965,1038
630625,963,1044
630626,967,1045
630627,968,1043
630628,966,1040
630629,967,1039
630630,965,1042
630631,969,1044
630632,973,1045
630633,969,1042
630634,967,1038
630635,965,1039
630636,967,1043
630637,970,1045
630638,974,1045
630639,973,1042
630640,969,1041
630641,967,1043
630642,970,1042
630643,974,1044
630644,973,1045
630645,973,1042
630646,970,1038
630647,968,1038
630648,971,1042
630649,973,1044
630650,976,1040
630651,976,1040
630652,975,1035
630653,974,1035
630654,975,1038
630655,976,1041
630656,979,1042
630657,978,1043
630658,974,1040
630659,975,1042
630660,973,1042
630661,975,1044
630662,977,1043
630663,973,1041
630664,970,1037
630665,967,1039
630666,967,1042
630667,969,1044
630668,968,1043
630669,971,1046
630670,973,1040
630671,972,1038
630672,977,1039
630673,986,1039
630674,992,1035
630675,996,1029
630676,1002,1024
630677,1014,1022
630678,1029,1021
630679,1052,1019
630680,1079,1009
630681,1104,992
630682,1131,979
630683,1160,974
630684,1189,979
630685,1214,993
630686,1227,1010
630687,1219,1023
630688,1191,1025
630689,1153,1026
630690,1111,1040
630691,1071,1056
630692,1033,1070
630693,1001,1079
630694,980,1079
630695,978,1077
630696,986,1070
630697,993,1061
630698,994,1048
630699,990,1041
630700,982,1035
630701,977,1038
630702,975,1041
630703,977,1046
630704,981,1044
630705,976,1042
630706,975,1037
630707,971,1041
630708,969,1040
630709,967,1045
630710,962,1046
630711,958,1046
630712,955,1045
630713,953,1048
630714,957,1049
630715,958,1050
630716,964,1047
630717,960,1046
630718,956,1044
630719,954,1044
630720,953,1045
630721,956,1047
630722,954,1048
630723,951,1049
630724,946,1048
630725,947,1050
630726,947,1050
630727,949,1054
630728,952,1054
630729,953,1050
630730,949,1048
630731,946,1044
630732,951,1049
630733,953,1052
630734,955,1049
630735,955,1046
630736,953,1046
630737,950,1046
630738,952,1046
630739,958,1049
630740,964,1044
630741,959,1043
630742,955,1040
630743,952,1043
630744,953,1045
630745,957,1047
630746,961,1041
630747,958,1038
630748,957,1034
630749,957,1033
630750,961,1036
630751,967,1039
630752,974,1034
630753,972,1031
630754,969,1024
630755,964,1026
630756,963,1029
630757,970,1032
630758,973,1031
630759,972,1025
630760,971,1022
630761,970,1020
630762,973,1023
630763,975,1026
630764,979,1027
630765,980,1025
630766,976,1023
630767,973,1020
630768,970,1022
630769,976,1021
630770,979,1021
630771,978,1018
630772,977,1015
630773,975,1012
630774,979,1015
630775,980,1014
630776,982,1012
630777,982,1011
630778,982,1010
630779,985,1011
630780,987,1009
630781,993,1009
630782,994,1011
630783,994,1006
630784,990,1005
630785,989,1008
630786,991,1015
630787,993,1017
630788,994,1017
630789,993,1016
630790,994,1015
630791,994,1017
630792,994,1020
630793,995,1024
630794,998,1027
630795,995,1028
630796,991,1029
630797,990,1030
630798,991,1035
630799,989,1039
630800,993,1040
630801,990,1039
630802,989,1036
630803,983,1040
630804,985,1043
630805,987,1047
630806,985,1047
630807,984,1045
630808,979,1044
630809,976,1044
630810,980,1048
630811,983,1052
630812,984,1050
630813,982,1048
630814,977,1046
630815,976,1048
630816,976,1049
630817,975,1048
630818,976,1051
630819,977,1050
630820,975,1046
630821,973,1047
630822,975,1050
630823,979,1055
630824,982,1052
630825,979,1048
630826,976,1047
630827,974,1048
630828,976,1050
630829,978,1054
630830,982,1053
630831,979,1049
630832,977,1046
630833,974,1048
630834,974,1050
630835,976,1051
630836,979,1051
630837,976,1050
630838,975,1047
630839,974,1050
630840,976,1053
630841,979,1055
630842,980,1053
630843,978,1052
630844,975,1049
630845,973,1049
630846,976,1051
630847,979,1052
630848,979,1052
630849,980,1048
630850,979,1045
630851,973,1045
630852,973,1047
630853,977,1048
630854,979,1048
630855,979,1045
630856,978,1043
630857,975,1044
630858,974,1047
630859,981,1050
630860,982,1050
630861,981,1047
630862,979,1045
630863,972,1047
630864,974,1051
630865,977,1053
630866,982,1053
630867,977,1049
630868,977,1050
630869,975,1048
630870,979,1053
630871,981,1055
630872,983,1051
630873,978,1050
630874,978,1050
630875,975,1048
630876,979,1048
630877,979,1051
630878,982,1052
630879,980,1049
630880,980,1049
630881,978,1049
630882,978,1052
630883,982,1054
630884,982,1052
630885,982,1049
630886,980,1047
630887,979,1047
630888,981,1053
630889,983,1054
630890,984,1054
630891,980,1050
630892,977,1048
630893,982,1051
630894,985,1052
630895,985,1057
630896,987,1055
630897,983,1051
630898,984,1049
630899,982,1051
630900,980,1053
630901,983,1055
630902,984,1053
630903,983,1049
630904,980,1048
630905,976,1049
630906,980,1051
630907,985,1053
630908,983,1054
630909,985,1052
630910,982,1047
630911,979,1049
630912,980,1052
630913,981,1055
630914,981,1052
630915,979,1050
630916,979,1047
630917,978,1048
630918,979,1051
630919,981,1056
630920,982,1054
630921,982,1052
630922,982,1048
630923,984,1048
630924,985,1051
630925,990,1056
630926,988,1054
630927,986,1053
630928,986,1049
630929,984,1049
630930,983,1053
630931,986,1056
630932,988,1052
630933,984,1050
630934,984,1049
630935,981,1051
630936,983,1054
630937,990,1057
630938,993,1055
630939,990,1049
630940,988,1048
630941,987,1050
630942,986,1055
630943,995,1057
630944,994,1054
630945,992,1054
630946,990,1053
630947,993,1052
630948,996,1054
630949,996,1057
630950,1000,1057
630951,1000,1052
630952,997,1046
630953,993,1044
630954,996,1044
630955,998,1045
630956,1002,1044
630957,1003,1045
630958,1000,1042
630959,999,1040
630960,997,1044
630961,1002,1050
630962,1006,1047
630963,1009,1041
630964,1008,1036
630965,1013,1033
630966,1019,1035
630967,1032,1035
630968,1048,1031
630969,1063,1024
630970,1081,1015
630971,1105,1007
630972,1135,996
630973,1169,991
630974,1201,989
630975,1228,992
630976,1243,1005
630977,1244,1029
630978,1228,1044
630979,1193,1057
630980,1149,1063
630981,1101,1073
630982,1053,1082
630983,1017,1089
630984,1003,1092
630985,1004,1088
630986,1009,1076
630987,1013,1064
630988,1008,1052
630989,1005,1049
630990,1003,1052
630991,999,1055
630992,998,1054
630993,994,1052
630994,988,1049
630995,984,1052
630996,983,1052
630997,986,1052
630998,988,1050
630999,984,1049
631000,981,1047
631001,980,1045
631002,980,1046
631003,984,1046
631004,986,1047
631005,983,1043
631006,979,1040
631007,977,1040
631008,975,1043
631009,979,1045
631010,982,1044
631011,982,1041
631012,979,1038
631013,974,1041
631014,977,1044
631015,978,1048
631016,977,1045
631017,976,1041
631018,973,1040
631019,970,1043
631020,970,1045
631021,972,1049
631022,974,1048
631023,974,1047
631024,974,1043
631025,973,1043
631026,974,1050
631027,978,1051
631028,982,1048
631029,978,1041
631030,978,1039
631031,973,1039
631032,973,1043
631033,979,1048
631034,985,1043
631035,982,1040
631036,982,1037
631037,981,1038
631038,984,1039
631039,983,1038
631040,988,1036
631041,989,1033
631042,983,1032
631043,982,1031
631044,983,1030
631045,984,1032
631046,986,1031
631047,987,1026
631048,986,1021
631049,986,1021
631050,989,1022
631051,992,1022
631052,996,1020
631053,997,1017
631054,993,1014
631055,993,1014
631056,997,1015
631057,1000,1019
631058,1002,1014
631059,1001,1011
631060,1000,1006
631061,994,1008
631062,1001,1013
631063,1005,1014
631064,1006,1014
631065,1009,1010
631066,1007,1008
631067,1006,1010
631068,1011,1011
631069,1012,1011
631070,1016,1011
631071,1012,1010
631072,1014,1007
631073,1014,1008
631074,1017,1011
631075,1022,1013
631076,1026,1016
631077,1026,1014
631078,1025,1012
631079,1027,1013
631080,1025,1016
631081,1028,1018
631082,1026,1020
631083,1024,1019
631084,1023,1021
631085,1022,1023
631086,1023,1028
631087,1022,1029
631088,1023,1030
631089,1018,1034
631090,1015,1034
631091,1011,1036
631092,1012,1043
631093,1012,1045
631094,1017,1044
631095,1012,1042
631096,1011,1039
631097,1008,1038
631098,1005,1044
631099,1009,1046
631100,1010,1042
631101,1006,1043
631102,1004,1039
631103,999,1041
631104,1005,1042
631105,1007,1042
631106,1005,1043
631107,1004,1042
631108,999,1040
631109,999,1042
631110,1001,1045
631111,1005,1043
631112,1008,1039
631113,1008,1036
631114,1006,1037
631115,1004,1038
631116,1005,1040
631117,1011,1039
631118,1012,1037
631119,1010,1033
631120,1004,1031
631121,1000,1034
631122,1005,1035
631123,1007,1039
631124,1009,1036
631125,1008,1035
631126,1005,1034
631127,1003,1034
631128,1003,1036
631129,1005,1036
631130,1006,1033
631131,1005,1034
631132,1002,1036
631133,1000,1036
631134,1004,1039
631135,1007,1040
631136,1006,1041
631137,1005,1038
631138,1002,1033
631139,1001,1035
631140,1004,1037
631141,1008,1038
631142,1007,1038
631143,1006,1035
631144,1007,1033
631145,1005,1034
631146,1010,1032
631147,1011,1037
631148,1011,1036
631149,1009,1035
631150,1006,1034
631151,1001,1036
631152,1004,1039
631153,1008,1041
631154,1011,1040
631155,1009,1036
631156,1004,1033
631157,1002,1035
631158,1004,1037
631159,1004,1039
631160,1007,1038
631161,1003,1033
631162,999,1031
631163,1001,1033
631164,1003,1038
631165,1006,1039
631166,1007,1039
631167,1006,1038
631168,1001,1033
631169,1001,1035
631170,1002,1039
631171,1006,1042
631172,1009,1041
631173,1005,1038
631174,1003,1034
631175,1001,1035
631176,1002,1037
631177,1004,1041
631178,1006,1042
631179,1005,1041
631180,1001,1039
631181,999,1039
631182,1003,1039
631183,1006,1044
631184,1005,1042
631185,1000,1038
631186,998,1037
631187,1001,1038
631188,1002,1041
631189,1000,1044
631190,1005,1040
631191,1004,1036
631192,998,1031
631193,999,1035
631194,1000,1038
631195,1003,1038
631196,1004,1037
631197,1003,1033
631198,1000,1030
631199,999,1030
631200,999,1035
631201,1001,1035
631202,1004,1032
631203,1004,1028
631204,998,1027
631205,996,1028
631206,1000,1031
631207,1005,1034
631208,1009,1035
631209,1008,1033
631210,1003,1031
631211,1002,1035
631212,1006,1035
631213,1011,1037
631214,1012,1036
631215,1007,1036
631216,1003,1037
631217,998,1036
631218,1004,1039
631219,1004,1041
631220,1005,1040
631221,1005,1041
631222,1001,1039
631223,1003,1041
631224,1007,1043
631225,1007,1047
631226,1008,1046
631227,1003,1043
631228,1002,1041
631229,1000,1042
631230,1002,1044
631231,1001,1043
631232,1000,1042
631233,999,1038
631234,999,1036
631235,1000,1037
631236,998,1036
631237,1003,1038
631238,1006,1040
631239,1006,1039
631240,1000,1034
631241,996,1034
631242,1002,1039
631243,1000,1043
631244,1006,1041
631245,1006,1040
631246,1004,1036
631247,1003,1036
631248,1003,1037
631249,1007,1040
631250,1007,1038
631251,1002,1034
631252,999,1030
631253,1000,1033
631254,1003,1037
631255,1006,1038
631256,1006,1036
631257,1005,1034
631258,1003,1034
631259,1008,1034
631260,1010,1037
631261,1009,1042
631262,1011,1040
631263,1008,1036
631264,1006,1035
631265,1006,1040
631266,1009,1042
631267,1013,1046
631268,1015,1045
631269,1014,1045
631270,1009,1044
631271,1008,1046
631272,1011,1043
631273,1014,1042
631274,1016,1040
631275,1009,1036
631276,1008,1034
631277,1009,1034
631278,1015,1036
631279,1017,1037
631280,1019,1035
631281,1020,1034
631282,1019,1029
631283,1021,1026
631284,1027,1025
631285,1038,1024
631286,1050,1022
631287,1059,1015
631288,1071,1010
631289,1086,1009
631290,1113,1004
631291,1143,994
631292,1175,980
631293,1208,975
631294,1236,979
631295,1265,994
631296,1285,1015
631297,1285,1031
631298,1260,1037
631299,1216,1039
631300,1165,1044
631301,1114,1058
631302,1068,1079
631303,1035,1094
631304,1018,1096
631305,1014,1089
631306,1016,1078
631307,1018,1064
631308,1015,1055
631309,1014,1050
631310,1015,1041
631311,1012,1040
631312,1008,1034
631313,1003,1036
631314,1004,1038
631315,1003,1042
631316,1003,1039
631317,999,1038
631318,992,1033
631319,992,1036
631320,992,1037
631321,995,1039
631322,995,1040
631323,993,1036
631324,989,1034
631325,986,1035
631326,984,1036
631327,989,1038
631328,992,1038
631329,988,1035
631330,986,1034
631331,984,1037
631332,988,1037
631333,991,1040
631334,990,1039
631335,988,1037
631336,985,1035
631337,988,1036
631338,987,1037
631339,992,1038
631340,995,1037
631341,993,1033
631342,988,1030
631343,989,1029
631344,987,1032
631345,992,1036
631346,994,1031
631347,993,1033
631348,991,1027
631349,987,1028
631350,989,1032
631351,992,1032
631352,994,1032
631353,992,1031
631354,992,1027
631355,992,1026
631356,992,1029
631357,993,1031
631358,994,1031
631359,995,1029
631360,994,1025
631361,997,1024
631362,996,1027
631363,998,1029
631364,999,1025
631365,996,1022
631366,996,1021
631367,996,1022
631368,998,1022
631369,1003,1022
631370,1002,1019
631371,1003,1016
631372,1000,1014
631373,1000,1012
631374,1003,1016
631375,1007,1015
631376,1010,1011
631377,1011,1005
631378,1010,1002
631379,1010,1002
631380,1012,1000
631381,1016,1002
631382,1013,1001
631383,1011,997
631384,1009,992
631385,1010,991
631386,1016,996
631387,1017,996
631388,1017,995
631389,1016,992
631390,1017,995
631391,1020,991
631392,1022,995
631393,1027,999
631394,1028,998
631395,1026,997
631396,1026,999
631397,1030,998
631398,1030,1000
631399,1035,1005
631400,1036,1007
631401,1032,1008
631402,1029,1006
631403,1027,1012
631404,1027,1018
631405,1027,1024
631406,1030,1026
631407,1027,1026
631408,1025,1028
631409,1019,1033
631410,1020,1039
631411,1022,1040
631412,1021,1041
631413,1019,1041
631414,1018,1039
631415,1013,1037
631416,1015,1040
631417,1017,1042
631418,1016,1043
631419,1015,1043
631420,1012,1041
631421,1010,1040
631422,1009,1042
631423,1011,1043
631424,1011,1041
631425,1011,1037
631426,1006,1034
631427,1008,1033
631428,1005,1038
631429,1010,1039
631430,1011,1039
631431,1013,1035
631432,1009,1032
631433,1009,1034
631434,1011,1035
631435,1015,1039
631436,1018,1039
631437,1016,1039
631438,1012,1035
631439,1011,1037
631440,1011,1042
631441,1013,1043
631442,1014,1043
631443,1014,1041
631444,1011,1039
631445,1010,1039
631446,1010,1042
631447,1015,1045
631448,1016,1043
631449,1014,1043
631450,1011,1042
631451,1011,1042
631452,1012,1046
631453,1016,1049
631454,1015,1045
631455,1017,1045
631456,1012,1043
631457,1009,1040
631458,1009,1041
631459,1014,1043
631460,1016,1042
631461,1015,1038
631462,1013,1036
631463,1014,1037
631464,1015,1038
631465,1015,1043
631466,1017,1038
631467,1014,1037
631468,1011,1035
631469,1007,1035
631470,1010,1038
631471,1011,1041
631472,1017,1037
631473,1015,1034
631474,1014,1035
631475,1013,1036
631476,1016,1040
631477,1017,1043
631478,1020,1044
631479,1013,1041
631480,1009,1039
631481,1006,1042
631482,1009,1045
631483,1014,1046
631484,1014,1046
631485,1012,1044
631486,1010,1039
631487,1005,1044
631488,1010,1049
631489,1015,1050
631490,1015,1048
631491,1014,1046
631492,1009,1045
631493,1008,1046
631494,1010,1047
631495,1014,1050
631496,1013,1050
631497,1015,1047
631498,1011,1046
631499,1013,1045
631500,1016,1044
631501,1018,1046
631502,1019,1044
631503,1017,1041
631504,1015,1040
631505,1014,1041
631506,1016,1043
631507,1019,1045
631508,1022,1045
631509,1023,1045
631510,1021,1043
631511,1021,1044
631512,1026,1041
631513,1032,1041
631514,1038,1035
631515,1046,1028
631516,1054,1027
631517,1070,1024
631518,1091,1026
631519,1120,1021
631520,1155,1009
631521,1190,996
631522,1220,991
631523,1252,991
631524,1276,1008
631525,1284,1027
631526,1274,1034
631527,1236,1033
631528,1188,1035
631529,1133,1053
631530,1082,1074
631531,1042,1091
631532,1020,1095
631533,1013,1093
631534,1015,1079
631535,1018,1069
631536,1021,1064
631537,1023,1062
631538,1022,1051
631539,1016,1050
631540,1011,1048
631541,1008,1047
631542,1008,1047
631543,1007,1048
631544,1008,1044
631545,1006,1041
631546,1005,1039
631547,1002,1040
631548,1004,1043
631549,1004,1044
631550,1003,1043
631551,1003,1042
631552,998,1040
631553,994,1040
631554,997,1043
631555,998,1043
631556,998,1041
631557,1004,1043
631558,1002,1044
631559,1000,1041
631560,999,1045
631561,1002,1050
631562,1001,1046
631563,999,1044
631564,997,1043
631565,997,1043
631566,995,1046
631567,998,1049
631568,999,1048
631569,995,1046
631570,994,1041
631571,992,1043
631572,993,1045
631573,995,1050
631574,997,1050
631575,997,1045
631576,995,1043
631577,995,1041
631578,998,1045
631579,1000,1047
631580,1001,1045
631581,999,1042
631582,997,1040
631583,998,1043
631584,998,1046
631585,1005,1047
631586,1008,1046
631587,1004,1043
631588,1003,1041
631589,1003,1041
631590,1003,1040
631591,1007,1038
631592,1008,1033
631593,1007,1028
631594,1009,1022
631595,1012,1022
631596,1015,1020
631597,1017,1020
631598,1020,1018
631599,1019,1018
631600,1012,1014
631601,1012,1009
631602,1016,1012
631603,1022,1015
631604,1022,1015
631605,1021,1012
631606,1021,1008
631607,1018,1006
631608,1026,1009
631609,1029,1012
631610,1027,1009
631611,1025,1003
631612,1024,1003
631613,1026,1004
631614,1026,1005
631615,1031,1009
631616,1030,1005
631617,1027,1003
631618,1027,1004
631619,1025,1007
631620,1027,1004
631621,1032,1010
631622,1032,1009
631623,1032,1007
631624,1030,1007
631625,1030,1005
631626,1032,1012
631627,1037,1018
631628,1038,1019
631629,1036,1021
631630,1032,1020
631631,1027,1021
631632,1032,1021
631633,1033,1025
631634,1032,1024
631635,1032,1024
631636,1026,1023
631637,1027,1026
631638,1029,1031
631639,1029,1034
631640,1029,1033
631641,1026,1034
631642,1019,1031
631643,1021,1035
631644,1023,1039
631645,1025,1040
631646,1027,1042
631647,1023,1039
631648,1019,1039
631649,1018,1038
631650,1021,1043
631651,1020,1044
631652,1021,1044
631653,1020,1043
631654,1019,1044
631655,1016,1043
631656,1016,1046
631657,1018,1051
631658,1019,1050
631659,1018,1047
631660,1012,1045
631661,1009,1048
631662,1010,1051
631663,1011,1051
631664,1012,1048
631665,1009,1046
631666,1007,1047
631667,1007,1050
631668,1007,1052
631669,1013,1057
631670,1014,1056
631671,1011,1055
631672,1005,1048
631673,1003,1053
631674,1009,1056
631675,1011,1057
631676,1012,1054
631677,1008,1051
631678,1010,1049
631679,1010,1046
631680,1013,1051
631681,1016,1050
631682,1019,1046
631683,1017,1045
631684,1016,1041
631685,1015,1041
631686,1015,1046
631687,1016,1049
631688,1018,1044
631689,1017,1041
631690,1016,1042
631691,1014,1043
631692,1014,1044
631693,1017,1045
631694,1014,1045
631695,1013,1042
631696,1016,1042
631697,1013,1043
631698,1013,1042
631699,1017,1046
631700,1016,1048
631701,1013,1045
631702,1012,1042
631703,1009,1042
631704,1008,1045
631705,1011,1049
631706,1013,1050
631707,1011,1045
631708,1009,1044
631709,1008,1046
631710,1009,1047
631711,1012,1049
631712,1011,1046
631713,1009,1043
631714,1008,1044
631715,1007,1044
631716,1009,1049
631717,1012,1051
631718,1013,1050
631719,1011,1047
631720,1010,1045
631721,1010,1048
631722,1012,1051
631723,1015,1051
631724,1015,1051
631725,1015,1048
631726,1012,1045
631727,1013,1047
631728,1013,1048
631729,1014,1052
631730,1017,1049
631731,1014,1046
631732,1012,1043
631733,1010,1044
631734,1013,1050
631735,1017,1050
631736,1018,1050
631737,1017,1048
631738,1013,1044
631739,1014,1047
631740,1013,1048
631741,1015,1051
631742,1015,1048
631743,1015,1046
631744,1014,1046
631745,1013,1045
631746,1014,1048
631747,1020,1050
631748,1021,1046
631749,1018,1044
631750,1016,1041
631751,1015,1042
631752,1018,1043
631753,1019,1045
631754,1023,1042
631755,1021,1039
631756,1020,1041
631757,1021,1041
631758,1024,1044
631759,1028,1042
631760,1033,1038
631761,1033,1032
631762,1039,1028
631763,1049,1029
631764,1063,1029
631765,1082,1028
631766,1102,1022
631767,1126,1011
631768,1149,998
631769,1177,990
631770,1212,987
631771,1243,988
631772,1271,989
631773,1284,996
631774,1284,1011
631775,1267,1025
631776,1237,1032
631777,1201,1039
631778,1154,1051
631779,1108,1063
631780,1066,1075
631781,1035,1084
631782,1020,1086
631783,1021,1088
631784,1024,1080
631785,1025,1064
631786,1024,1055
631787,1020,1049
631788,1022,1052
631789,1020,1054
631790,1018,1052
631791,1015,1048
631792,1009,1046
631793,1001,1049
631794,1003,1053
631795,1004,1054
631796,1002,1051
631797,1002,1048
631798,1000,1045
631799,997,1047
631800,997,1050
631801,999,1052
631802,999,1048
631803,998,1046
631804,994,1043
631805,994,1043
631806,995,1044
631807,998,1046
631808,999,1043
631809,998,1042
631810,996,1041
631811,994,1041
631812,995,1044
631813,993,1048
631814,996,1046
631815,993,1044
631816,991,1043
631817,991,1042
631818,991,1044
631819,995,1046
631820,996,1047
631821,992,1041
631822,992,1041
631823,988,1041
631824,990,1045
631825,992,1050
631826,995,1046
631827,994,1047
631828,989,1046
631829,993,1047
631830,989,1048
631831,993,1051
631832,994,1049
631833,992,1047
631834,992,1045
631835,990,1046
631836,991,1048
631837,993,1050
631838,996,1047
631839,998,1045
631840,995,1043
631841,996,1041
631842,995,1042
631843,998,1041
631844,999,1038
631845,999,1037
631846,997,1035
631847,996,1036
631848,999,1038
631849,1004,1038
631850,1004,1034
631851,1005,1032
631852,1004,1027
631853,1001,1027
631854,1002,1028
631855,1004,1033
631856,1008,1030
631857,1009,1024
631858,1007,1022
631859,1008,1019
631860,1011,1022
631861,1014,1022
631862,1015,1019
631863,1014,1017
631864,1012,1013
631865,1016,1012
631866,1018,1013
631867,1020,1016
631868,1021,1014
631869,1022,1013
631870,1021,1010
631871,1023,1010
631872,1024,1013
631873,1028,1015
631874,1029,1013
631875,1028,1012
631876,1026,1007
631877,1026,1007
631878,1031,1013
631879,1032,1017
631880,1036,1018
631881,1035,1018
631882,1034,1015
631883,1033,1019
631884,1035,1025
631885,1033,1026
631886,1036,1025
631887,1035,1025
631888,1034,1026
631889,1031,1029
631890,1033,1033
631891,1034,1035
631892,1035,1037
631893,1029,1035
631894,1027,1037
631895,1022,1039
631896,1023,1042
631897,1023,1046
631898,1025,1045
631899,1024,1043
631900,1016,1039
631901,1014,1042
631902,1017,1044
631903,1017,1046
631904,1015,1045
631905,1012,1042
631906,1009,1040
631907,1005,1040
631908,1006,1043
631909,1010,1047
631910,1012,1047
631911,1011,1043
631912,1007,1044
631913,1007,1042
631914,1009,1045
631915,1012,1049
631916,1012,1047
631917,1006,1047
631918,1007,1044
631919,1006,1047
631920,1006,1050
631921,1010,1053
631922,1011,1052
631923,1009,1048
631924,1007,1046
631925,1005,1047
631926,1009,1048
631927,1013,1052
631928,1015,1052
631929,1014,1051
631930,1011,1048
631931,1011,1050
631932,1014,1051
631933,1015,1053
631934,1018,1051
631935,1018,1050
631936,1015,1046
631937,1011,1048
631938,1014,1048
631939,1012,1053
631940,1013,1052
631941,1010,1051
631942,1004,1049
631943,1005,1051
631944,1008,1052
631945,1011,1056
631946,1011,1056
631947,1009,1050
631948,1004,1051
631949,1004,1052
631950,1009,1055
631951,1013,1058
631952,1013,1055
631953,1015,1049
631954,1011,1047
631955,1008,1046
631956,1008,1049
631957,1009,1052
631958,1012,1051
631959,1012,1045
631960,1010,1043
631961,1011,1044
631962,1012,1045
631963,1016,1050
631964,1016,1050
631965,1008,1045
631966,1004,1045
631967,1006,1049
631968,1006,1048
631969,1007,1051
631970,1010,1050
631971,1007,1049
631972,1005,1051
631973,1004,1050
631974,1009,1052
631975,1009,1053
631976,1012,1054
631977,1007,1052
631978,1005,1054
631979,1000,1053
631980,1002,1058
631981,1005,1057
631982,1007,1056
631983,1004,1055
631984,1005,1052
631985,1005,1054
631986,1007,1057
631987,1011,1060
631988,1013,1059
631989,1010,1055
631990,1004,1053
631991,1003,1050
631992,1005,1055
631993,1007,1061
631994,1009,1059
631995,1007,1055
631996,1001,1050
631997,999,1052
631998,1002,1055
631999,1006,1058
632000,1005,1058
632001,1005,1059
632002,1002,1056
632003,999,1053
632004,999,1055
632005,1000,1059
632006,1002,1057
632007,1001,1053
632008,1002,1048
632009,1001,1049
632010,1003,1054
632011,1007,1059
632012,1006,1055
632013,1003,1050
632014,999,1049
632015,1003,1051
632016,1004,1055
632017,1007,1053
632018,1007,1053
632019,1008,1048
632020,1006,1048
632021,1003,1050
632022,1006,1054
632023,1009,1055
632024,1010,1053
632025,1008,1050
632026,1009,1047
632027,1010,1050
632028,1012,1052
632029,1009,1055
632030,1004,1056
632031,1001,1054
632032,995,1055
632033,993,1058
632034,997,1058
632035,999,1062
632036,1001,1058
632037,1001,1055
632038,1003,1055
632039,1005,1056
632040,1005,1056
632041,1010,1061
632042,1010,1060
632043,1008,1059
632044,1006,1059
632045,1008,1061
632046,1011,1062
632047,1014,1063
632048,1016,1060
632049,1016,1058
632050,1014,1055
632051,1012,1058
632052,1013,1060
632053,1018,1061
632054,1017,1056
632055,1016,1054
632056,1015,1051
632057,1019,1053
632058,1022,1054
632059,1025,1055
632060,1027,1052
632061,1028,1049
632062,1027,1042
632063,1028,1042
632064,1033,1039
632065,1043,1039
632066,1053,1034
632067,1064,1030
632068,1077,1025
632069,1092,1020
632070,1115,1018
632071,1142,1007
632072,1166,995
632073,1194,984
632074,1217,980
632075,1239,984
632076,1260,996
632077,1273,1010
632078,1267,1027
632079,1244,1035
632080,1208,1036
632081,1168,1048
632082,1127,1062
632083,1090,1081
632084,1056,1087
632085,1027,1087
632086,1013,1086
632087,1011,1085
632088,1015,1082
632089,1018,1073
632090,1023,1066
632091,1017,1059
632092,1013,1057
632093,1009,1058
632094,1009,1060
632095,1009,1062
632096,1009,1062
632097,1008,1060
632098,999,1058
632099,996,1056
632100,996,1061
632101,998,1063
632102,999,1065
632103,998,1061
632104,997,1056
632105,996,1057
632106,994,1059
632107,996,1062
632108,997,1062
632109,997,1059
632110,994,1057
632111,994,1055
632112,993,1056
632113,997,1058
632114,998,1061
632115,999,1058
632116,998,1055
632117,998,1052
632118,997,1055
632119,998,1056
632120,997,1054
632121,997,1050
632122,995,1048
632123,995,1050
632124,995,1050
632125,999,1052
632126,999,1051
632127,996,1045
632128,992,1046
632129,994,1046
632130,996,1052
632131,998,1052
632132,998,1052
632133,996,1050
632134,994,1046
632135,994,1049
632136,996,1052
632137,997,1053
632138,996,1053
632139,994,1049
632140,992,1047
632141,989,1049
632142,993,1050
632143,999,1052
632144,1000,1049
632145,998,1048
632146,993,1046
632147,994,1048
632148,995,1054
632149,1000,1054
632150,1000,1050
632151,997,1049
632152,999,1047
632153,999,1044
632154,1003,1047
632155,1006,1047
632156,1008,1045
632157,1008,1041
632158,1008,1042
632159,1008,1039
632160,1010,1039
632161,1016,1040
632162,1018,1037
632163,1019,1033
632164,1016,1030
632165,1017,1030
632166,1019,1031
632167,1023,1033
632168,1024,1028
632169,1020,1025
632170,1022,1022
632171,1020,1022
632172,1027,1024
632173,1030,1021
632174,1029,1020
632175,1030,1017
632176,1027,1014
632177,1029,1014
632178,1030,1014
632179,1033,1018
632180,1035,1016
632181,1033,1013
632182,1032,1013
632183,1032,1014
632184,1037,1018
632185,1038,1022
632186,1038,1020
632187,1038,1017
632188,1037,1017
632189,1036,1019
632190,1036,1024
632191,1040,1026
632192,1042,1028
632193,1039,1027
632194,1035,1027
632195,1034,1031
632196,1034,1036
632197,1035,1038
632198,1033,1037
632199,1031,1039
632200,1026,1039
632201,1023,1042
632202,1024,1046
632203,1025,1050
632204,1025,1049
632205,1022,1048
632206,1021,1048
632207,1019,1050
632208,1021,1052
632209,1021,1054
632210,1022,1052
632211,1020,1053
632212,1019,1052
632213,1020,1054
632214,1024,1055
632215,1024,1057
632216,1025,1056
632217,1020,1053
632218,1018,1050
632219,1016,1050
632220,1018,1051
632221,1019,1051
632222,1020,1049
632223,1019,1044
632224,1015,1045
632225,1016,1044
632226,1016,1049
632227,1020,1049
632228,1021,1048
632229,1017,1045
632230,1014,1041
632231,1011,1042
632232,1013,1048
632233,1013,1048
632234,1018,1049
632235,1018,1045
632236,1015,1043
632237,1012,1044
632238,1016,1045
632239,1019,1048
632240,1020,1046
632241,1020,1042
632242,1013,1042
632243,1016,1044
632244,1019,1046
632245,1021,1050
632246,1024,1045
632247,1018,1044
632248,1016,1042
632249,1017,1045
632250,1019,1047
632251,1025,1050
632252,1026,1046
632253,1022,1044
632254,1018,1042
632255,1014,1045
632256,1011,1048
632257,1013,1050
632258,1016,1051
632259,1017,1047
632260,1015,1044
632261,1014,1044
632262,1016,1046
632263,1018,1050
632264,1020,1048
632265,1019,1045
632266,1014,1042
632267,1013,1043
632268,1015,1049
632269,1017,1050
632270,1017,1045
632271,1014,1045
632272,1010,1041
632273,1007,1043
632274,1013,1046
632275,1013,1052
632276,1017,1047
632277,1016,1044
632278,1013,1042
632279,1008,1044
632280,1008,1046
632281,1015,1048
632282,1012,1047
632283,1014,1043
632284,1009,1039
632285,1005,1041
632286,1010,1041
632287,1011,1044
632288,1013,1045
632289,1011,1044
632290,1009,1041
632291,1011,1044
632292,1014,1045
632293,1014,1045
632294,1015,1046
632295,1015,1046
632296,1012,1044
632297,1011,1042
632298,1011,1047
632299,1016,1051
632300,1020,1051
632301,1016,1049
632302,1013,1045
632303,1012,1046
632304,1015,1049
632305,1016,1048
632306,1017,1051
632307,1016,1048
632308,1010,1045
632309,1010,1048
632310,1013,1050
632311,1014,1056
632312,1017,1051
632313,1018,1049
632314,1018,1046
632315,1017,1046
632316,1017,1048
632317,1020,1051
632318,1017,1048
632319,1019,1046
632320,1016,1044
632321,1016,1046
632322,1018,1048
632323,1023,1048
632324,1024,1048
632325,1024,1042
632326,1021,1042
632327,1023,1044
632328,1025,1046
632329,1029,1047
632330,1028,1048
632331,1027,1045
632332,1027,1043
632333,1027,1041
632334,1035,1037
632335,1044,1037
632336,1054,1030
632337,1063,1027
632338,1076,1018
632339,1092,1015
632340,1116,1010
632341,1144,1001
632342,1171,988
632343,1197,976
632344,1220,973
632345,1246,978
632346,1271,991
632347,1274,1013
632348,1262,1025
632349,1224,1030
632350,1178,1035
632351,1130,1050
632352,1088,1070
632353,1052,1086
632354,1031,1092
632355,1020,1090
632356,1017,1084
632357,1020,1076
632358,1028,1068
632359,1029,1060
632360,1030,1054
632361,1024,1047
632362,1015,1044
632363,1013,1047
632364,1012,1048
632365,1014,1049
632366,1013,1047
632367,1011,1043
632368,1006,1036
632369,1003,1039
632370,1004,1043
632371,1004,1046
632372,1002,1046
632373,1000,1042
632374,996,1039
632375,996,1042
632376,996,1045
632377,997,1049
632378,996,1047
632379,994,1043
632380,990,1041
632381,990,1044
632382,990,1049
632383,993,1049
632384,997,1048
632385,995,1043
632386,991,1045
632387,987,1045
632388,991,1048
632389,994,1049
632390,994,1048
632391,993,1046
632392,994,1044
632393,992,1046
632394,994,1049
632395,998,1052
632396,1001,1048
632397,999,1046
632398,997,1045
632399,995,1045
632400,997,1048
632401,1000,1050
632402,1001,1050
632403,1000,1045
632404,999,1044
632405,1000,1044
632406,1000,1045
632407,1008,1046
632408,1005,1044
632409,1004,1040
632410,999,1040
632411,1002,1038
632412,1005,1038
632413,1007,1040
632414,1011,1034
632415,1010,1032
632416,1008,1029
632417,1006,1029
632418,1008,1029
632419,1011,1030
632420,1010,1026
632421,1009,1023
632422,1008,1022
632423,1008,1020
632424,1012,1024
632425,1015,1023
632426,1015,1020
632427,1013,1016
632428,1010,1013
632429,1010,1014
632430,1010,1018
632431,1016,1019
632432,1017,1016
632433,1013,1014
632434,1013,1008
632435,1014,1010
632436,1016,1014
632437,1021,1018
632438,1023,1016
632439,1020,1011
632440,1018,1007
632441,1019,1011
632442,1026,1013
632443,1028,1016
632444,1030,1015
632445,1030,1010
632446,1030,1010
632447,1028,1010
632448,1030,1014
632449,1036,1015
632450,1039,1014
632451,1037,1011
632452,1033,1009
632453,1035,1012
632454,1037,1016
632455,1042,1021
632456,1042,1021
632457,1039,1018
632458,1035,1016
632459,1033,1020
632460,1034,1023
632461,1040,1025
632462,1040,1027
632463,1039,1026
632464,1032,1025
632465,1028,1030
632466,1027,1032
632467,1029,1035
632468,1024,1039
632469,1021,1036
632470,1016,1034
632471,1020,1035
632472,1021,1042
632473,1022,1045
632474,1022,1040
632475,1018,1039
632476,1014,1039
632477,1011,1044
632478,1013,1043
632479,1015,1046
632480,1015,1046
632481,1016,1042
632482,1011,1039
632483,1008,1040
632484,1012,1043
632485,1014,1044
632486,1010,1045
632487,1012,1040
632488,1009,1037
632489,1010,1038
632490,1011,1039
632491,1015,1040
632492,1013,1042
632493,1012,1041
632494,1012,1039
632495,1008,1041
632496,1010,1043
632497,1016,1043
632498,1014,1042
632499,1011,1041
632500,1008,1040
632501,1010,1040
632502,1013,1043
632503,1014,1044
632504,1015,1041
632505,1012,1040
632506,1008,1039
632507,1009,1042
632508,1007,1044
632509,1011,1045
632510,1012,1043
632511,1009,1040
632512,1007,1042
632513,1007,1042
632514,1013,1044
632515,1014,1044
632516,1012,1045
632517,1010,1039
632518,1007,1040
632519,1008,1040
632520,1010,1046
632521,1010,1044
632522,1007,1042
632523,1008,1041
632524,1006,1039
632525,1005,1043
632526,1006,1046
632527,1011,1048
632528,1011,1044
632529,1008,1041
632530,1002,1042
632531,1003,1045
632532,1000,1043
632533,1005,1046
632534,1006,1044
632535,1008,1041
632536,1003,1039
632537,1000,1040
632538,1005,1043
632539,1006,1045
632540,1008,1045
632541,1007,1040
632542,1003,1037
632543,1001,1043
632544,1003,1047
632545,1008,1051
632546,1007,1046
632547,1006,1046
632548,1002,1045
632549,1002,1047
632550,1000,1049
632551,1006,1050
632552,1005,1048
632553,1004,1044
632554,1001,1042
632555,1001,1045
632556,1003,1049
632557,1003,1051
632558,1004,1052
632559,1005,1049
632560,1003,1049
632561,1003,1048
632562,1007,1051
632563,1009,1052
632564,1010,1050
632565,1005,1045
632566,1002,1045
632567,999,1048
632568,1002,1047
632569,1004,1049
632570,1004,1049
632571,1003,1046
632572,1001,1044
632573,1004,1042
632574,1005,1044
632575,1006,1049
632576,1005,1048
632577,1004,1044
632578,1002,1043
632579,1002,1044
632580,1003,1044
632581,1008,1047
632582,1006,1044
632583,1002,1042
632584,1001,1039
632585,1001,1041
632586,1003,1044
632587,1007,1047
632588,1010,1045
632589,1005,1045
632590,1005,1044
632591,1003,1045
632592,1007,1044
632593,1010,1048
632594,1007,1047
632595,1004,1044
632596,1003,1047
632597,1001,1050
632598,1006,1052
632599,1011,1054
632600,1011,1052
632601,1008,1050
632602,1005,1050
632603,1006,1048
632604,1005,1049
632605,1010,1055
632606,1010,1052
632607,1009,1047
632608,1005,1048
632609,1006,1047
632610,1008,1052
632611,1009,1052
632612,1009,1051
632613,1007,1047
632614,1008,1047
632615,1007,1046
632616,1009,1045
632617,1007,1049
632618,1012,1047
632619,1011,1047
632620,1008,1046
632621,1008,1046
632622,1008,1046
632623,1015,1048
632624,1013,1042
632625,1010,1042
632626,1007,1040
632627,1006,1043
632628,1009,1045
632629,1012,1049
632630,1012,1046
632631,1012,1043
632632,1008,1042
632633,1009,1043
632634,1013,1048
632635,1013,1048
632636,1013,1047
632637,1012,1045
632638,1010,1042
632639,1011,1045
632640,1012,1048
632641,1016,1051
632642,1017,1048
632643,1018,1044
632644,1013,1037
632645,1016,1038
632646,1021,1040
632647,1034,1035
632648,1046,1030
632649,1054,1023
632650,1067,1014
632651,1086,1006
632652,1111,996
632653,1135,989
632654,1161,983
632655,1181,984
632656,1199,993
632657,1209,1011
632658,1203,1029
632659,1178,1041
632660,1137,1048
632661,1099,1055
632662,1061,1063
632663,1029,1072
632664,1010,1084
632665,1005,1084
632666,1007,1077
632667,1014,1063
632668,1014,1048
632669,1013,1047
632670,1016,1047
632671,1015,1051
632672,1012,1047
632673,1008,1045
632674,1003,1046
632675,1000,1047
632676,997,1048
632677,1002,1050
632678,1001,1046
632679,1002,1044
632680,996,1043
632681,994,1046
632682,995,1049
632683,998,1048
632684,997,1047
632685,995,1043
632686,994,1044
632687,993,1047
632688,995,1050
632689,996,1053
632690,995,1048
632691,994,1044
632692,992,1041
632693,988,1042
632694,990,1046
632695,991,1049
632696,991,1050
632697,994,1045
632698,991,1043
632699,992,1045
632700,993,1047
632701,997,1048
632702,997,1049
632703,998,1044
632704,994,1046
632705,998,1046
632706,997,1049
632707,1000,1049
632708,1001,1047
632709,1001,1046
632710,997,1043
632711,999,1044
632712,997,1045
632713,1002,1046
632714,1004,1042
632715,1003,1038
632716,1003,1038
632717,1000,1041
632718,1001,1042
632719,1006,1043
632720,1007,1041
632721,1007,1039
632722,1004,1035
632723,1003,1035
632724,1004,1037
632725,1009,1038
632726,1005,1033
632727,1007,1031
632728,1003,1028
632729,1003,1026
632730,1006,1026
632731,1010,1029
632732,1011,1025
632733,1011,1020
632734,1010,1016
632735,1007,1017
632736,1015,1018
632737,1016,1020
632738,1020,1020
632739,1016,1017
632740,1014,1013
632741,1014,1014
632742,1021,1015
632743,1021,1018
632744,1023,1016
632745,1020,1011
632746,1020,1011
632747,1022,1013
632748,1024,1014
632749,1027,1019
632750,1028,1017
632751,1027,1010
632752,1024,1012
632753,1022,1015
632754,1029,1015
632755,1033,1017
632756,1035,1016
632757,1034,1012
632758,1031,1011
632759,1031,1015
632760,1030,1018
632761,1033,1020
632762,1032,1020
632763,1028,1019
632764,1025,1020
632765,1025,1021
632766,1026,1024
632767,1027,1031
632768,1027,1032
632769,1024,1030
632770,1020,1028
632771,1019,1032
632772,1018,1036
632773,1018,1040
632774,1018,1039
632775,1017,1039
632776,1014,1036
632777,1015,1037
632778,1015,1039
632779,1020,1046
632780,1016,1046
632781,1018,1042
632782,1017,1039
632783,1017,1041
632784,1022,1043
632785,1027,1046
632786,1024,1041
632787,1016,1041
632788,1010,1041
632789,1008,1042
632790,1015,1047
632791,1021,1050
632792,1020,1046
632793,1017,1045
632794,1016,1042
632795,1011,1043
632796,1015,1046
632797,1015,1047
632798,1013,1044
632799,1013,1043
632800,1011,1044
632801,1011,1046
632802,1012,1046
632803,1014,1046
632804,1013,1046
632805,1014,1044
632806,1014,1039
632807,1013,1042
632808,1017,1043
632809,1020,1043
632810,1018,1040
632811,1018,1039
632812,1013,1035
632813,1010,1035
632814,1016,1039
632815,1020,1041
632816,1020,1041
632817,1013,1035
632818,1014,1036
632819,1011,1038
632820,1017,1042
632821,1019,1042
632822,1015,1040
632823,1014,1036
632824,1011,1037
632825,1012,1037
632826,1013,1044
632827,1016,1045
632828,1015,1044
632829,1009,1042
632830,1008,1039
632831,1010,1040
632832,1013,1043
632833,1014,1046
632834,1012,1044
632835,1008,1043
632836,1005,1042
632837,1006,1043
632838,1009,1044
632839,1012,1047
632840,1012,1044
632841,1010,1042
632842,1009,1041
632843,1008,1040
632844,1008,1047
632845,1009,1051
632846,1007,1048
632847,1010,1045
632848,1007,1045
632849,1008,1045
632850,1013,1046
632851,1015,1048
632852,1017,1046
632853,1014,1046
632854,1009,1043
632855,1008,1046
632856,1011,1046
632857,1014,1047
632858,1015,1043
632859,1014,1041
632860,1013,1040
632861,1015,1040
632862,1018,1042
632863,1023,1043
632864,1023,1042
632865,1018,1041
632866,1018,1040
632867,1018,1042
632868,1019,1043
632869,1021,1045
632870,1019,1046
632871,1019,1043
632872,1015,1041
632873,1013,1041
632874,1017,1045
632875,1019,1046
632876,1019,1043
632877,1018,1042
632878,1015,1039
632879,1016,1040
632880,1018,1044
632881,1020,1045
632882,1021,1046
632883,1019,1040
632884,1018,1037
632885,1024,1035
632886,1035,1033
632887,1047,1033
632888,1058,1027
632889,1069,1023
632890,1091,1016
632891,1114,1006
632892,1146,999
632893,1180,991
632894,1215,989
632895,1244,993
632896,1262,1008
632897,1270,1028
632898,1260,1041
632899,1233,1045
632900,1193,1050
632901,1147,1059
632902,1098,1077
632903,1050,1094
632904,1022,1108
632905,1019,1109
632906,1024,1100
632907,1029,1080
632908,1028,1067
632909,1031,1059
632910,1031,1055
632911,1034,1051
632912,1029,1046
632913,1022,1040
632914,1016,1039
632915,1012,1041
632916,1011,1044
632917,1014,1047
632918,1014,1046
632919,1010,1042
632920,1004,1040
632921,1003,1043
632922,1006,1043
632923,1007,1045
632924,1008,1045
632925,1005,1042
632926,998,1040
632927,1001,1042
632928,999,1046
632929,1003,1046
632930,1002,1045
632931,996,1045
632932,996,1043
632933,995,1044
632934,995,1047
632935,999,1048
632936,1002,1047
632937,1000,1044
632938,997,1045
632939,997,1045
632940,1000,1047
632941,1002,1049
632942,1004,1045
632943,1001,1044
632944,999,1042
632945,1001,1040
632946,1008,1043
632947,1010,1046
632948,1005,1044
632949,1003,1041
632950,1000,1039
632951,1000,1041
632952,1004,1042
632953,1005,1044
632954,1005,1039
632955,1005,1035
632956,1004,1037
632957,1005,1033
632958,1009,1037
632959,1012,1038
632960,1010,1039
632961,1013,1033
632962,1010,1029
632963,1012,1029
632964,1016,1032
632965,1017,1030
632966,1017,1029
632967,1011,1024
632968,1010,1023
632969,1012,1023
632970,1016,1025
632971,1020,1023
632972,1017,1018
632973,1022,1017
632974,1015,1016
632975,1014,1011
632976,1020,1015
632977,1021,1013
632978,1023,1008
632979,1022,1001
632980,1021,995
632981,1022,998
632982,1027,1001
632983,1031,999
632984,1032,997
632985,1029,996
632986,1025,994
632987,1025,994
632988,1028,998
632989,1032,997
632990,1036,995
632991,1037,993
632992,1040,995
632993,1035,999
632994,1038,1003
632995,1039,1008
632996,1039,1006
632997,1038,1007
632998,1038,1006
632999,1038,1011
633000,1039,1017
633001,1045,1020
633002,1041,1022
633003,1038,1024
633004,1036,1025
633005,1033,1028
633006,1033,1035
633007,1038,1042
633008,1036,1040
633009,1036,1041
633010,1033,1043
633011,1031,1042
633012,1034,1049
633013,1032,1051
633014,1033,1049
633015,1027,1048
633016,1026,1048
633017,1028,1047
633018,1032,1051
633019,1035,1052
633020,1033,1052
633021,1028,1049
633022,1022,1047
633023,1025,1050
633024,1026,1050
633025,1028,1054
633026,1028,1050
633027,1029,1049
633028,1025,1049
633029,1022,1051
633030,1025,1050
633031,1027,1052
633032,1029,1052
633033,1027,1047
633034,1023,1044
633035,1024,1045
633036,1022,1048
633037,1027,1050
633038,1026,1048
633039,1025,1047
633040,1025,1042
633041,1025,1046
633042,1029,1044
633043,1029,1048
633044,1033,1046
633045,1029,1044
633046,1025,1044
633047,1024,1046
633048,1025,1049
633049,1029,1048
633050,1029,1047
633051,1024,1046
633052,1019,1047
633053,1021,1046
633054,1024,1048
633055,1028,1046
633056,1029,1043
633057,1031,1038
633058,1028,1034
633059,1026,1037
633060,1025,1043
633061,1025,1043
633062,1028,1040
633063,1029,1036
633064,1026,1036
633065,1027,1038
633066,1030,1042
633067,1033,1046
633068,1033,1043
633069,1027,1043
633070,1021,1041
633071,1022,1042
633072,1023,1050
633073,1026,1049
633074,1028,1044
633075,1024,1042
633076,1021,1040
633077,1021,1043
633078,1023,1044
633079,1028,1048
633080,1027,1046
633081,1024,1042
633082,1023,1042
633083,1023,1042
633084,1026,1044
633085,1029,1046
633086,1027,1047
633087,1023,1043
633088,1018,1040
633089,1020,1045
633090,1022,1048
633091,1025,1050
633092,1027,1051
633093,1023,1048
633094,1016,1047
633095,1014,1051
633096,1019,1056
633097,1022,1058
633098,1022,1057
633099,1020,1053
633100,1019,1051
633101,1018,1050
633102,1019,1052
633103,1022,1055
633104,1023,1051
633105,1021,1050
633106,1018,1050
633107,1018,1052
633108,1019,1055
633109,1023,1054
633110,1024,1053
633111,1024,1051
633112,1023,1051
633113,1024,1051
633114,1026,1054
633115,1027,1056
633116,1024,1053
633117,1027,1051
633118,1026,1049
633119,1027,1048
633120,1027,1050
633121,1031,1054
633122,1032,1048
633123,1032,1048
633124,1030,1047
633125,1025,1051
633126,1032,1051
633127,1034,1050
633128,1035,1047
633129,1034,1044
633130,1033,1040
633131,1033,1039
633132,1038,1040
633133,1041,1037
633134,1051,1033
633135,1058,1031
633136,1070,1026
633137,1082,1019
633138,1107,1018
633139,1132,1008
633140,1160,992
633141,1188,984
633142,1216,974
633143,1246,982
633144,1269,993
633145,1284,1013
633146,1273,1025
633147,1242,1028
633148,1198,1034
633149,1152,1050
633150,1106,1070
633151,1065,1085
633152,1039,1091
633153,1029,1086
633154,1030,1077
633155,1034,1066
633156,1039,1058
633157,1039,1052
633158,1036,1048
633159,1033,1046
633160,1026,1043
633161,1023,1045
633162,1024,1048
633163,1022,1051
633164,1022,1049
633165,1018,1044
633166,1012,1047
633167,1015,1047
633168,1016,1051
633169,1020,1050
633170,1021,1048
633171,1018,1043
633172,1012,1042
633173,1010,1045
633174,1012,1048
633175,1012,1048
633176,1010,1047
633177,1005,1042
633178,1002,1043
633179,1003,1045
633180,1006,1048
633181,1008,1050
633182,1011,1047
633183,1009,1044
633184,1005,1044
633185,1006,1048
633186,1008,1050
633187,1012,1049
633188,1013,1049
633189,1012,1048
633190,1008,1047
633191,1007,1050
633192,1010,1051
633193,1016,1051
633194,1015,1050
633195,1012,1044
633196,1010,1047
633197,1010,1050
633198,1015,1052
633199,1014,1050
633200,1018,1045
633201,1012,1042
633202,1006,1044
633203,1008,1045
633204,1012,1049
633205,1016,1046
633206,1015,1042
633207,1016,1038
633208,1013,1035
633209,1013,1037
633210,1018,1040
633211,1020,1038
633212,1023,1036
633213,1020,1032
633214,1015,1030
633215,1017,1030
633216,1019,1033
633217,1023,1030
633218,1023,1030
633219,1020,1023
633220,1020,1021
633221,1022,1023
633222,1025,1024
633223,1029,1023
633224,1030,1023
633225,1030,1016
633226,1027,1012
633227,1031,1012
633228,1035,1014
633229,1041,1017
633230,1042,1017
633231,1039,1011
633232,1036,1008
633233,1039,1010
633234,1045,1015
633235,1048,1018
633236,1051,1014
633237,1049,1009
633238,1045,1008
633239,1045,1009
633240,1048,1012
633241,1054,1013
633242,1057,1011
633243,1053,1009
633244,1053,1008
633245,1053,1014
633246,1056,1016
633247,1057,1021
633248,1053,1018
633249,1053,1019
633250,1049,1018
633251,1050,1020
633252,1052,1025
633253,1051,1027
633254,1045,1027
633255,1042,1028
633256,1037,1029
633257,1035,1033
633258,1035,1037
633259,1038,1039
633260,1036,1039
633261,1032,1039
633262,1029,1039
633263,1028,1042
633264,1031,1044
633265,1031,1045
633266,1031,1046
633267,1029,1043
633268,1027,1043
633269,1028,1044
633270,1029,1048
633271,1031,1049
633272,1031,1048
633273,1030,1044
633274,1027,1043
633275,1024,1049
633276,1027,1051
633277,1028,1056
633278,1030,1052
633279,1031,1048
633280,1030,1046
633281,1029,1050
633282,1032,1049
633283,1035,1054
633284,1033,1049
633285,1031,1047
633286,1026,1044
633287,1027,1050
633288,1029,1051
633289,1031,1049
633290,1031,1046
633291,1029,1041
633292,1028,1040
633293,1026,1041
633294,1028,1043
633295,1029,1043
633296,1029,1045
633297,1025,1041
633298,1022,1041
633299,1023,1041
633300,1024,1039
633301,1028,1042
633302,1028,1039
633303,1024,1036
633304,1021,1039
633305,1021,1039
633306,1025,1042
633307,1027,1041
633308,1027,1039
633309,1024,1035
633310,1020,1034
633311,1018,1038
633312,1019,1041
633313,1020,1045
633314,1021,1041
633315,1015,1040
633316,1017,1040
633317,1019,1039
633318,1020,1041
633319,1026,1041
633320,1026,1039
633321,1019,1036
633322,1018,1038
633323,1016,1043
633324,1020,1046
633325,1023,1049
633326,1026,1046
633327,1023,1044
633328,1022,1043
633329,1021,1044
633330,1024,1048
633331,1025,1050
633332,1023,1050
633333,1021,1048
633334,1019,1050
633335,1018,1052
633336,1022,1056
633337,1027,1055
633338,1025,1054
633339,1021,1051
633340,1019,1052
633341,1017,1055
633342,1023,1057
633343,1026,1057
633344,1025,1053
633345,1023,1052
633346,1021,1050
633347,1020,1049
633348,1020,1053
633349,1025,1051
633350,1023,1050
633351,1022,1045
633352,1020,1048
633353,1018,1046
633354,1021,1050
633355,1022,1052
633356,1023,1047
633357,1020,1042
633358,1016,1043
633359,1014,1042
633360,1018,1043
633361,1021,1041
633362,1023,1038
633363,1018,1036
633364,1018,1034
633365,1017,1036
633366,1020,1037
633367,1024,1038
633368,1025,1035
633369,1023,1033
633370,1020,1029
633371,1021,1034
633372,1023,1037
633373,1024,1043
633374,1026,1043
633375,1024,1040
633376,1024,1043
633377,1023,1045
633378,1025,1044
633379,1027,1043
633380,1027,1044
633381,1028,1045
633382,1023,1044
633383,1020,1047
633384,1017,1052
633385,1023,1051
633386,1024,1049
633387,1023,1046
633388,1019,1047
633389,1023,1048
633390,1023,1051
633391,1026,1055
633392,1026,1052
633393,1024,1051
633394,1021,1050
633395,1023,1050
633396,1023,1052
633397,1028,1055
633398,1028,1055
633399,1027,1051
633400,1030,1045
633401,1033,1043
633402,1042,1040
633403,1052,1037
633404,1061,1031
633405,1070,1025
633406,1080,1019
633407,1098,1015
633408,1125,1007
633409,1155,995
633410,1182,981
633411,1210,973
633412,1235,975
633413,1260,988
633414,1279,1011
633415,1273,1029
633416,1243,1034
633417,1199,1041
633418,1146,1056
633419,1100,1068
633420,1061,1080
633421,1040,1084
633422,1033,1079
633423,1033,1070
633424,1037,1059
633425,1039,1052
633426,1034,1051
633427,1032,1052
633428,1030,1049
633429,1027,1045
633430,1019,1044
633431,1016,1044
633432,1018,1048
633433,1018,1049
633434,1017,1048
633435,1011,1046
633436,1011,1045
633437,1011,1049
633438,1012,1051
633439,1009,1051
633440,1006,1048
633441,1007,1046
633442,1004,1047
633443,1003,1047
633444,1004,1053
633445,1008,1053
633446,1007,1050
633447,1005,1047
633448,1002,1045
633449,1001,1048
633450,1006,1051
633451,1008,1049
633452,1008,1049
633453,1005,1045
633454,1004,1045
633455,1003,1045
633456,1006,1048
633457,1007,1048
633458,1005,1049
633459,1004,1044
633460,1001,1042
633461,997,1044
633462,998,1049
633463,1005,1048
633464,1006,1047
633465,1009,1041
633466,1005,1042
633467,1002,1045
633468,1005,1045
633469,1005,1044
633470,1004,1043
633471,1002,1042
633472,1001,1040
633473,1002,1040
633474,1005,1043
633475,1009,1046
633476,1009,1044
633477,1008,1040
633478,1004,1038
633479,1006,1040
633480,1010,1041
633481,1012,1042
633482,1013,1043
633483,1011,1039
633484,1011,1035
633485,1013,1037
633486,1018,1040
633487,1021,1038
633488,1022,1035
633489,1017,1030
633490,1015,1028
633491,1017,1029
633492,1021,1029
633493,1023,1025
633494,1028,1022
633495,1027,1016
633496,1025,1016
633497,1026,1016
633498,1029,1017
633499,1034,1017
633500,1036,1012
633501,1032,1012
633502,1032,1010
633503,1032,1013
633504,1036,1014
633505,1041,1015
633506,1040,1014
633507,1037,1011
633508,1034,1013
633509,1038,1016
633510,1041,1016
633511,1043,1016
633512,1046,1016
633513,1045,1015
633514,1042,1014
633515,1041,1016
633516,1043,1020
633517,1044,1022
633518,1046,1018
633519,1042,1018
633520,1040,1021
633521,1037,1023
633522,1041,1028
633523,1044,1030
633524,1043,1031
633525,1037,1029
633526,1030,1030
633527,1029,1036
633528,1030,1042
633529,1032,1045
633530,1031,1043
633531,1029,1042
633532,1027,1043
633533,1027,1045
633534,1029,1048
633535,1030,1051
633536,1028,1047
633537,1025,1044
633538,1019,1045
633539,1018,1046
633540,1023,1047
633541,1026,1046
633542,1025,1043
633543,1023,1039
633544,1019,1042
633545,1017,1044
633546,1018,1047
633547,1020,1047
633548,1020,1046
633549,1021,1042
633550,1017,1040
633551,1018,1045
633552,1020,1044
633553,1024,1047
633554,1027,1043
633555,1021,1040
633556,1019,1040
633557,1021,1042
633558,1020,1046
633559,1023,1048
633560,1022,1044
633561,1022,1042
633562,1020,1038
633563,1019,1043
633564,1022,1045
633565,1024,1045
633566,1021,1041
633567,1019,1039
633568,1016,1040
633569,1017,1040
633570,1019,1044
633571,1025,1042
633572,1022,1044
633573,1018,1040
633574,1014,1041
633575,1018,1043
633576,1014,1046
633577,1023,1047
633578,1025,1043
633579,1022,1042
633580,1017,1042
633581,1021,1046
633582,1022,1046
633583,1023,1046
633584,1021,1046
633585,1020,1042
633586,1016,1043
633587,1016,1042
633588,1018,1045
633589,1020,1047
633590,1016,1046
633591,1018,1043
633592,1012,1038
633593,1015,1040
633594,1016,1042
633595,1020,1043
633596,1016,1045
633597,1013,1041
633598,1013,1040
633599,1013,1042
633600,1017,1045
633601,1019,1047
633602,1017,1045
633603,1014,1046
633604,1012,1044
633605,1013,1042
633606,1016,1045
633607,1017,1046
633608,1014,1045
633609,1012,1043
633610,1009,1044
633611,1009,1046
633612,1013,1044
633613,1016,1044
633614,1017,1043
633615,1017,1044
633616,1011,1040
633617,1009,1044
633618,1013,1049
633619,1017,1048
633620,1017,1048
633621,1016,1045
633622,1016,1045
633623,1014,1045
633624,1014,1047
633625,1014,1047
633626,1013,1046
633627,1009,1047
633628,1008,1047
633629,1006,1046
633630,1011,1050
633631,1014,1048
633632,1015,1045
633633,1015,1043
633634,1011,1041
633635,1013,1045
633636,1011,1047
633637,1013,1048
633638,1012,1044
633639,1012,1041
633640,1008,1041
633641,1008,1044
633642,1009,1047
633643,1012,1048
633644,1012,1045
633645,1011,1041
633646,1009,1042
633647,1007,1046
633648,1011,1046
633649,1015,1045
633650,1016,1044
633651,1017,1042
633652,1015,1039
633653,1011,1044
633654,1009,1046
633655,1010,1047
633656,1010,1045
633657,1007,1042
633658,1006,1039
633659,1007,1042
633660,1008,1045
633661,1012,1048
633662,1014,1045
633663,1012,1040
633664,1014,1040
633665,1011,1043
633666,1014,1048
633667,1017,1046
633668,1015,1045
633669,1011,1046
633670,1010,1045
633671,1008,1048
633672,1012,1050
633673,1014,1053
633674,1015,1047
633675,1014,1044
633676,1014,1043
633677,1016,1044
633678,1021,1047
633679,1018,1047
633680,1020,1045
633681,1018,1041
633682,1014,1041
633683,1011,1045
633684,1015,1048
633685,1017,1049
633686,1017,1044
633687,1016,1039
633688,1014,1038
633689,1014,1041
633690,1016,1044
633691,1019,1043
633692,1018,1043
633693,1014,1042
633694,1011,1041
633695,1008,1045
633696,1012,1046
633697,1017,1049
633698,1017,1045
633699,1019,1042
633700,1018,1041
633701,1016,1043
633702,1025,1046
633703,1029,1044
633704,1028,1039
633705,1026,1032
633706,1030,1030
633707,1042,1031
633708,1059,1031
633709,1078,1025
633710,1096,1018
633711,1117,1002
633712,1145,987
633713,1172,978
633714,1204,980
633715,1232,990
633716,1257,1007
633717,1259,1024
633718,1242,1035
633719,1206,1041
633720,1165,1051
633721,1122,1063
633722,1079,1073
633723,1040,1081
633724,1020,1080
633725,1016,1080
633726,1020,1073
633727,1029,1064
633728,1030,1055
633729,1030,1044
633730,1025,1040
633731,1021,1040
633732,1018,1043
633733,1019,1041
633734,1013,1036
633735,1007,1037
633736,1002,1040
633737,1001,1043
633738,1004,1046
633739,1005,1049
633740,1003,1046
633741,998,1044
633742,994,1042
633743,995,1044
633744,999,1046
633745,999,1046
633746,997,1045
633747,995,1045
633748,992,1046
633749,990,1048
633750,995,1052
633751,997,1052
633752,994,1048
633753,995,1044
633754,991,1048
633755,993,1051
633756,993,1049
633757,995,1049
633758,991,1049
633759,989,1045
633760,987,1044
633761,986,1045
633762,990,1048
633763,990,1048
633764,989,1048
633765,985,1046
633766,984,1043
633767,985,1048
633768,989,1050
633769,992,1049
633770,990,1045
633771,989,1040
633772,989,1039
633773,988,1041
633774,994,1041
633775,997,1039
633776,997,1035
633777,992,1035
633778,992,1035
633779,994,1037
633780,997,1038
633781,1002,1034
633782,1002,1034
633783,999,1027
633784,995,1026
633785,993,1027
633786,997,1031
633787,1003,1031
633788,1006,1027
633789,1004,1023
633790,1000,1022
633791,998,1022
633792,1000,1027
633793,1003,1026
633794,1006,1021
633795,1006,1016
633796,1005,1016
633797,1007,1016
633798,1008,1019
633799,1013,1018
633800,1011,1015
633801,1006,1012
633802,1005,1013
633803,1007,1014
633804,1010,1014
633805,1016,1013
633806,1016,1009
633807,1016,1005
633808,1012,1003
633809,1014,1004
633810,1016,1009
633811,1020,1008
633812,1022,1008
633813,1022,1004
633814,1022,1005
633815,1023,1008
633816,1025,1012
633817,1030,1010
633818,1029,1010
633819,1026,1007
633820,1027,1007
633821,1029,1010
633822,1034,1014
633823,1036,1016
633824,1038,1011
633825,1037,1011
633826,1034,1011
633827,1031,1016
633828,1032,1020
633829,1036,1020
633830,1036,1023
633831,1031,1022
633832,1032,1024
633833,1031,1029
633834,1032,1033
633835,1031,1035
633836,1027,1033
633837,1024,1032
633838,1022,1034
633839,1022,1036
633840,1023,1044
633841,1024,1045
633842,1019,1043
633843,1017,1043
633844,1013,1040
633845,1014,1046
633846,1015,1044
633847,1013,1044
633848,1016,1042
633849,1014,1040
633850,1008,1042
633851,1005,1045
633852,1009,1048
633853,1013,1047
633854,1011,1045
633855,1011,1041
633856,1007,1040
633857,1004,1043
633858,1008,1045
633859,1010,1046
633860,1009,1041
633861,1008,1036
633862,1005,1033
633863,1006,1035
633864,1010,1039
633865,1010,1040
633866,1012,1039
633867,1011,1036
633868,1007,1038
633869,1010,1041
633870,1013,1043
633871,1015,1043
633872,1015,1038
633873,1013,1034
633874,1011,1036
633875,1009,1037
633876,1012,1039
633877,1013,1040
633878,1015,1039
633879,1011,1035
633880,1012,1036
633881,1010,1035
633882,1012,1036
633883,1010,1040
633884,1012,1038
633885,1009,1036
633886,1007,1035
633887,1006,1037
633888,1010,1038
633889,1012,1040
633890,1013,1039
633891,1014,1038
633892,1011,1038
633893,1009,1039
633894,1010,1042
633895,1010,1044
633896,1010,1044
633897,1007,1040
633898,1005,1036
633899,1005,1041
633900,1005,1042
633901,1010,1043
633902,1009,1043
633903,1006,1042
633904,1005,1038
633905,1008,1042
633906,1010,1043
633907,1013,1043
633908,1012,1041
633909,1010,1038
633910,1007,1039
633911,1006,1039
633912,1008,1040
633913,1009,1040
633914,1012,1039
633915,1006,1034
633916,1004,1036
633917,1005,1039
633918,1012,1045
633919,1017,1042
633920,1014,1039
633921,1011,1038
633922,1009,1036
633923,1009,1038
633924,1014,1041
633925,1016,1042
633926,1014,1039
633927,1014,1035
633928,1011,1036
633929,1010,1039
633930,1017,1041
633931,1016,1042
633932,1018,1042
633933,1019,1040
633934,1014,1034
633935,1012,1038
633936,1017,1040
633937,1020,1040
633938,1021,1040
633939,1019,1037
633940,1018,1034
633941,1021,1037
633942,1025,1033
633943,1032,1033
633944,1041,1030
633945,1046,1022
633946,1057,1018
633947,1071,1016
633948,1093,1015
633949,1119,1008
633950,1146,995
633951,1172,987
633952,1202,988
633953,1229,1002
633954,1251,1019
633955,1265,1040
633956,1252,1050
633957,1223,1047
633958,1177,1047
633959,1133,1060
633960,1090,1079
633961,1050,1097
633962,1017,1107
633963,998,1109
633964,997,1105
633965,1004,1095
633966,1010,1082
633967,1014,1071
633968,1013,1060
633969,1011,1050
633970,1006,1045
633971,1002,1041
633972,1003,1041
633973,1004,1041
633974,1002,1036
633975,996,1036
633976,991,1034
633977,990,1038
633978,992,1039
633979,998,1039
633980,997,1039
633981,994,1035
633982,991,1036
633983,990,1039
633984,991,1041
633985,992,1040
633986,991,1039
633987,985,1039
633988,984,1038
633989,982,1039
633990,986,1043
633991,990,1040
633992,987,1040
633993,986,1037
633994,983,1037
633995,984,1038
633996,986,1042
633997,989,1043
633998,989,1040
633999,988,1038
634000,988,1038
634001,992,1038
634002,996,1040
634003,994,1042
634004,985,1042
634005,979,1040
634006,978,1040
634007,981,1043
634008,985,1046
634009,988,1047
634010,986,1044
634011,986,1039
634012,985,1040
634013,988,1041
634014,991,1040
634015,992,1038
634016,990,1033
634017,990,1028
634018,988,1027
634019,988,1028
634020,994,1030
634021,999,1029
634022,997,1026
634023,992,1022
634024,992,1022
634025,994,1022
634026,997,1024
634027,999,1021
634028,997,1017
634029,998,1016
634030,997,1015
634031,998,1018
634032,1004,1017
634033,1005,1016
634034,1006,1013
634035,1004,1009
634036,1003,1008
634037,1005,1007
634038,1008,1008
634039,1013,1006
634040,1012,1006
634041,1010,1001
634042,1010,999
634043,1008,999
634044,1012,1003
634045,1016,1005
634046,1015,1001
634047,1014,998
634048,1012,995
634049,1014,996
634050,1022,1000
634051,1024,997
634052,1023,996
634053,1017,992
634054,1014,991
634055,1014,993
634056,1018,998
634057,1021,1002
634058,1020,999
634059,1018,997
634060,1018,997
634061,1018,1000
634062,1021,1002
634063,1027,1005
634064,1028,1004
634065,1028,1002
634066,1024,1002
634067,1021,1006
634068,1024,1011
634069,1026,1015
634070,1023,1017
634071,1024,1017
634072,1021,1017
634073,1023,1021
634074,1024,1025
634075,1022,1026
634076,1016,1028
634077,1013,1029
634078,1011,1033
634079,1007,1036
634080,1008,1040
634081,1010,1042
634082,1008,1043
634083,1006,1039
634084,1008,1043
634085,1006,1046
634086,1010,1047
634087,1009,1045
634088,1006,1045
634089,1002,1043
634090,1002,1045
634091,1002,1050
634092,1006,1051
634093,1007,1050
634094,1004,1049
634095,1003,1045
634096,999,1047
634097,1001,1051
634098,1003,1050
634099,1005,1050
634100,1004,1048
634101,1000,1043
634102,998,1042
634103,995,1045
634104,1000,1048
634105,1003,1050
634106,1000,1048
634107,1001,1046
634108,999,1047
634109,1002,1047
634110,1005,1048
634111,1009,1048
634112,1008,1047
634113,1008,1042
634114,1003,1043
634115,1005,1045
634116,1005,1050
634117,1005,1049
634118,1007,1047
634119,1006,1044
634120,1001,1044
634121,1003,1043
634122,1006,1046
634123,1009,1048
634124,1008,1047
634125,1008,1042
634126,1002,1044
634127,1001,1045
634128,1006,1047
634129,1008,1046
634130,1008,1045
634131,1009,1042
634132,1004,1045
634133,1002,1045
634134,1005,1049
634135,1008,1047
634136,1008,1044
634137,1005,1041
634138,1002,1040
634139,1001,1044
634140,1004,1047
634141,1008,1047
634142,1006,1042
634143,999,1042
634144,998,1044
634145,997,1046
634146,994,1049
634147,999,1052
634148,998,1049
634149,998,1049
634150,994,1048
634151,995,1051
634152,993,1053
634153,997,1054
634154,999,1050
634155,995,1048
634156,992,1048
634157,990,1051
634158,991,1055
634159,993,1055
634160,994,1054
634161,989,1050
634162,990,1051
634163,993,1051
634164,996,1052
634165,1003,1052
634166,1002,1049
634167,999,1045
634168,994,1046
634169,997,1048
634170,999,1052
634171,1000,1050
634172,1000,1050
634173,999,1045
634174,996,1046
634175,997,1048
634176,999,1048
634177,1001,1049
634178,999,1046
634179,995,1043
634180,994,1043
634181,994,1047
634182,995,1050
634183,1001,1047
634184,997,1048
634185,995,1045
634186,992,1043
634187,992,1046
634188,993,1049
634189,997,1052
634190,996,1050
634191,993,1043
634192,989,1041
634193,988,1039
634194,993,1042
634195,997,1047
634196,996,1043
634197,997,1042
634198,995,1043
634199,994,1043
634200,993,1047
634201,994,1051
634202,990,1052
634203,988,1049
634204,987,1050
634205,994,1050
634206,997,1054
634207,999,1052
634208,1001,1051
634209,997,1047
634210,996,1046
634211,996,1050
634212,1000,1054
634213,1003,1051
634214,1005,1051
634215,1003,1048
634216,997,1047
634217,1001,1049
634218,1002,1053
634219,1006,1052
634220,1003,1051
634221,999,1047
634222,999,1046
634223,1001,1048
634224,1003,1053
634225,1006,1051
634226,1003,1051
634227,999,1046
634228,992,1046
634229,995,1050
634230,999,1054
634231,1002,1050
634232,1002,1049
634233,998,1047
634234,994,1046
634235,992,1046
634236,995,1049
634237,999,1051
634238,999,1048
634239,993,1046
634240,991,1045
634241,991,1044
634242,993,1048
634243,993,1049
634244,997,1046
634245,993,1044
634246,992,1043
634247,993,1046
634248,993,1051
634249,998,1050
634250,998,1048
634251,994,1045
634252,992,1046
634253,996,1047
634254,998,1048
634255,1002,1049
634256,999,1045
634257,1000,1042
634258,994,1043
634259,993,1045
634260,997,1050
634261,1001,1050
634262,1001,1050
634263,1002,1047
634264,1001,1045
634265,1002,1045
634266,1003,1049
634267,1006,1049
634268,1004,1048
634269,999,1047
634270,999,1048
634271,998,1048
634272,999,1052
634273,1003,1050
634274,1004,1049
634275,1001,1045
634276,998,1045
634277,997,1048
634278,1000,1051
634279,1001,1051
634280,999,1050
634281,996,1049
634282,994,1048
634283,996,1050
634284,998,1052
634285,1004,1050
634286,1006,1046
634287,1003,1043
634288,1001,1039
634289,998,1038
634290,996,1039
634291,998,1042
634292,1001,1042
634293,1000,1040
634294,998,1039
634295,998,1041
634296,1002,1041
634297,1006,1045
634298,1005,1043
634299,1003,1041
634300,1003,1041
634301,1005,1043
634302,1006,1043
634303,1010,1047
634304,1009,1043
634305,1008,1038
634306,1006,1036
634307,1005,1043
634308,1009,1043
634309,1011,1041
634310,1012,1040
634311,1008,1039
634312,1007,1037
634313,1007,1038
634314,1009,1045
634315,1012,1042
634316,1012,1039
634317,1013,1033
634318,1017,1029
634319,1025,1031
634320,1037,1031
634321,1052,1031
634322,1068,1024
634323,1083,1017
634324,1105,1011
634325,1131,1005
634326,1159,995
634327,1192,986
634328,1219,977
634329,1246,977
634330,1269,981
634331,1281,997
634332,1277,1015
634333,1252,1026
634334,1208,1033
634335,1162,1039
634336,1117,1046
634337,1075,1058
634338,1038,1068
634339,1020,1072
634340,1013,1072
634341,1013,1066
634342,1018,1058
634343,1018,1052
634344,1015,1049
634345,1014,1046
634346,1009,1045
634347,1006,1041
634348,1001,1038
634349,999,1042
634350,1000,1044
634351,1002,1045
634352,999,1044
634353,996,1040
634354,992,1042
634355,992,1040
634356,991,1048
634357,994,1047
634358,991,1044
634359,986,1042
634360,985,1041
634361,984,1044
634362,985,1047
634363,988,1043
634364,986,1043
634365,984,1040
634366,982,1040
634367,985,1043
634368,984,1045
634369,985,1044
634370,988,1045
634371,984,1039
634372,981,1042
634373,984,1043
634374,987,1044
634375,988,1046
634376,986,1044
634377,984,1043
634378,983,1042
634379,981,1045
634380,983,1047
634381,989,1048
634382,990,1044
634383,989,1042
634384,985,1041
634385,983,1043
634386,983,1046
634387,984,1046
634388,986,1046
634389,985,1044
634390,982,1043
634391,982,1044
634392,983,1049
634393,986,1051
634394,986,1049
634395,985,1046
634396,980,1042
634397,978,1045
634398,982,1046
634399,987,1045
634400,984,1039
634401,982,1035
634402,982,1034
634403,982,1038
634404,986,1039
634405,993,1039
634406,994,1036
634407,994,1032
634408,992,1031
634409,993,1031
634410,997,1035
634411,1000,1033
634412,996,1031
634413,995,1026
634414,995,1026
634415,1001,1028
634416,1003,1029
634417,1005,1027
634418,1009,1024
634419,1010,1024
634420,1008,1022
634421,1008,1022
634422,1008,1025
634423,1013,1023
634424,1013,1023
634425,1013,1022
634426,1011,1023
634427,1016,1023
634428,1019,1023
634429,1023,1024
634430,1023,1021
634431,1021,1019
634432,1018,1019
634433,1021,1022
634434,1025,1023
634435,1028,1022
634436,1028,1021
634437,1027,1021
634438,1024,1021
634439,1027,1019
634440,1032,1023
634441,1034,1021
634442,1035,1018
634443,1029,1016
634444,1027,1015
634445,1026,1019
634446,1028,1024
634447,1032,1023
634448,1031,1023
634449,1029,1022
634450,1028,1021
634451,1028,1025
634452,1027,1030
634453,1027,1031
634454,1023,1030
634455,1018,1033
634456,1013,1032
634457,1012,1037
634458,1012,1037
634459,1013,1039
634460,1015,1039
634461,1009,1038
634462,1006,1040
634463,1005,1039
634464,1007,1044
634465,1007,1043
634466,1007,1042
634467,1003,1039
634468,998,1042
634469,999,1041
634470,1002,1046
634471,1007,1043
634472,1003,1042
634473,999,1039
634474,997,1041
634475,999,1046
634476,1002,1048
634477,1001,1050
634478,1003,1047
634479,1001,1045
634480,998,1047
634481,1001,1051
634482,1005,1053
634483,1006,1054
634484,1006,1049
634485,1003,1045
634486,1000,1046
634487,999,1045
634488,1003,1047
634489,1010,1044
634490,1011,1043
634491,1007,1038
634492,1003,1038
634493,1001,1039
634494,1003,1040
634495,1005,1043
634496,1004,1043
634497,999,1037
634498,996,1039
634499,999,1039
634500,1006,1041
634501,1007,1041
634502,1002,1039
634503,997,1036
634504,997,1036
634505,999,1039
634506,1003,1040
634507,1006,1043
634508,1004,1039
634509,1000,1034
634510,1002,1031
634511,1002,1034
634512,1003,1038
634513,1002,1036
634514,999,1037
634515,993,1036
634516,991,1035
634517,990,1041
634518,997,1044
634519,998,1041
634520,999,1040
634521,996,1038
634522,992,1038
634523,997,1040
634524,997,1040
634525,997,1042
634526,995,1045
634527,992,1042
634528,990,1044
634529,993,1042
634530,995,1045
634531,999,1046
634532,999,1043
634533,993,1039
634534,989,1042
634535,991,1047
634536,991,1048
634537,996,1049
634538,995,1046
634539,995,1043
634540,995,1043
634541,994,1045
634542,997,1050
634543,1000,1049
634544,999,1047
634545,995,1044
634546,992,1046
634547,995,1048
634548,994,1051
634549,997,1050
634550,1000,1049
634551,998,1045
634552,999,1044
634553,994,1045
634554,994,1048
634555,992,1049
634556,991,1048
634557,990,1044
634558,989,1047
634559,990,1046
634560,994,1048
634561,995,1047
634562,997,1047
634563,992,1043
634564,990,1045
634565,988,1046
634566,992,1052
634567,995,1052
634568,995,1053
634569,993,1047
634570,992,1045
634571,993,1045
634572,995,1043
634573,999,1040
634574,997,1039
634575,995,1038
634576,993,1037
634577,991,1038
634578,994,1041
634579,994,1042
634580,996,1039
634581,993,1038
634582,991,1038
634583,991,1041
634584,993,1038
634585,994,1039
634586,995,1041
634587,993,1037
634588,991,1040
634589,992,1041
634590,995,1045
634591,997,1043
634592,996,1041
634593,992,1039
634594,992,1038
634595,992,1043
634596,992,1047
634597,996,1044
634598,993,1046
634599,992,1043
634600,990,1042
634601,991,1048
634602,996,1049
634603,998,1048
634604,999,1043
634605,992,1040
634606,991,1042
634607,990,1046
634608,991,1049
634609,993,1049
634610,993,1047
634611,986,1042
634612,986,1047
634613,990,1051
634614,993,1054
634615,995,1052
634616,993,1048
634617,989,1046
634618,991,1043
634619,995,1045
634620,996,1048
634621,996,1046
634622,990,1050
634623,989,1045
634624,988,1045
634625,990,1046
634626,992,1048
634627,997,1048
634628,996,1047
634629,992,1044
634630,987,1042
634631,992,1049
634632,997,1050
634633,998,1049
634634,997,1046
634635,995,1043
634636,994,1039
634637,992,1040
634638,993,1044
634639,997,1045
634640,996,1045
634641,994,1043
634642,989,1042
634643,989,1044
634644,996,1047
634645,1000,1047
634646,1000,1045
634647,994,1044
634648,993,1044
634649,995,1044
634650,996,1050
634651,999,1048
634652,998,1046
634653,996,1042
634654,995,1043
634655,995,1042
634656,999,1041
634657,1006,1043
634658,1006,1039
634659,1003,1036
634660,1000,1039
634661,1002,1040
634662,1007,1041
634663,1008,1038
634664,1010,1034
634665,1013,1028
634666,1019,1026
634667,1033,1023
634668,1048,1022
634669,1067,1018
634670,1090,1011
634671,1111,1000
634672,1138,986
634673,1162,977
634674,1194,977
634675,1227,979
634676,1252,985
634677,1265,994
634678,1262,1012
634679,1242,1023
634680,1201,1033
634681,1159,1042
634682,1110,1050
634683,1066,1058
634684,1026,1064
634685,1007,1070
634686,1005,1071
634687,1011,1063
634688,1018,1052
634689,1016,1039
634690,1012,1040
634691,1007,1041
634692,1003,1042
634693,999,1044
634694,998,1043
634695,995,1043
634696,992,1047
634697,990,1050
634698,992,1050
634699,991,1049
634700,988,1046
634701,985,1042
634702,983,1043
634703,981,1045
634704,985,1047
634705,986,1049
634706,987,1048
634707,985,1044
634708,979,1043
634709,982,1044
634710,981,1048
634711,984,1048
634712,981,1047
634713,979,1041
634714,979,1041
634715,979,1044
634716,983,1045
634717,986,1045
634718,984,1045
634719,982,1044
634720,977,1045
634721,976,1046
634722,979,1050
634723,980,1051
634724,982,1044
634725,978,1042
634726,976,1042
634727,976,1044
634728,980,1046
634729,984,1046
634730,986,1042
634731,982,1038
634732,979,1039
634733,980,1038
634734,983,1038
634735,986,1041
634736,984,1040
634737,983,1036
634738,983,1038
634739,985,1040
634740,988,1039
634741,991,1039
634742,990,1037
634743,988,1033
634744,989,1033
634745,991,1034
634746,997,1037
634747,999,1035
634748,998,1034
634749,999,1030
634750,996,1027
634751,997,1034
634752,1002,1034
634753,1004,1031
634754,1004,1027
634755,1004,1023
634756,1002,1021
634757,1003,1022
634758,1003,1023
634759,1007,1022
634760,1010,1021
634761,1006,1019
634762,1003,1018
634763,1006,1019
634764,1010,1020
634765,1009,1020
634766,1008,1018
634767,1005,1018
634768,1005,1018
634769,1004,1018
634770,1011,1020
634771,1011,1019
634772,1009,1017
634773,1013,1015
634774,1010,1014
634775,1015,1014
634776,1016,1017
634777,1018,1015
634778,1016,1013
634779,1016,1013
634780,1015,1010
634781,1020,1016
634782,1022,1018
634783,1023,1019
634784,1022,1016
634785,1020,1015
634786,1018,1015
634787,1017,1017
634788,1019,1021
634789,1022,1026
634790,1019,1024
634791,1014,1023
634792,1008,1026
634793,1010,1031
634794,1013,1036
634795,1017,1035
634796,1014,1037
634797,1011,1031
634798,1006,1032
634799,1005,1033
634800,1008,1036
634801,1011,1039
634802,1009,1039
634803,1007,1036
634804,1002,1038
634805,1006,1041
634806,1003,1043
634807,1003,1044
634808,1001,1044
634809,998,1043
634810,998,1041
634811,1000,1045
634812,1000,1050
634813,1000,1048
634814,1001,1046
634815,996,1043
634816,995,1044
634817,997,1045
634818,1000,1050
634819,1002,1049
634820,1002,1045
634821,999,1042
634822,995,1042
634823,996,1043
634824,997,1047
634825,1000,1047
634826,999,1044
634827,997,1042
634828,994,1037
634829,998,1040
634830,998,1042
634831,998,1044
634832,994,1045
634833,993,1041
634834,992,1042
634835,995,1038
634836,999,1039
634837,998,1038
634838,998,1035
634839,994,1031
634840,993,1031
634841,995,1034
634842,997,1039
634843,999,1042
634844,995,1039
634845,994,1037
634846,992,1040
634847,990,1041
634848,994,1046
634849,999,1044
634850,1002,1042
634851,999,1037
634852,997,1035
634853,997,1038
634854,999,1041
634855,1001,1041
634856,999,1041
634857,997,1036
634858,994,1039
634859,996,1042
634860,999,1046
634861,1003,1043
634862,1000,1042
634863,998,1041
634864,995,1041
634865,995,1045
634866,998,1045
634867,998,1045
634868,999,1043
634869,997,1038
634870,995,1040
634871,996,1042
634872,998,1046
634873,1001,1044
634874,997,1044
634875,995,1043
634876,994,1044
634877,992,1046
634878,996,1048
634879,997,1049
634880,996,1046
634881,993,1042
634882,991,1041
634883,993,1042
634884,995,1046
634885,996,1048
634886,994,1044
634887,992,1043
634888,993,1042
634889,991,1043
634890,995,1043
634891,997,1042
634892,995,1040
634893,991,1038
634894,989,1036
634895,989,1040
634896,992,1041
634897,996,1040
634898,995,1039
634899,995,1039
634900,994,1037
634901,997,1039
634902,1001,1044
634903,1002,1042
634904,1002,1038
634905,1003,1037
634906,1001,1039
634907,1004,1040
634908,1004,1044
634909,1010,1042
634910,1014,1035
634911,1019,1029
634912,1025,1026
634913,1036,1026
634914,1050,1025
634915,1066,1022
634916,1089,1013
634917,1112,1001
634918,1140,986
634919,1172,981
634920,1204,981
634921,1236,985
634922,1253,1002
634923,1249,1019
634924,1230,1029
634925,1189,1034
634926,1148,1043
634927,1102,1057
634928,1053,1072
634929,1016,1083
634930,992,1087
634931,991,1089
634932,997,1082
634933,1001,1067
634934,1003,1054
634935,1002,1046
634936,998,1040
634937,995,1042
634938,997,1040
634939,999,1042
634940,995,1041
634941,988,1038
634942,985,1039
634943,985,1039
634944,984,1041
634945,986,1041
634946,984,1038
634947,981,1035
634948,976,1033
634949,979,1039
634950,980,1043
634951,983,1043
634952,979,1042
634953,979,1039
634954,978,1041
634955,980,1043
634956,983,1045
634957,985,1044
634958,981,1045
634959,981,1041
634960,980,1041
634961,982,1041
634962,981,1044
634963,981,1044
634964,980,1044
634965,975,1042
634966,975,1043
634967,978,1044
634968,983,1046
634969,984,1045
634970,983,1039
634971,980,1036
634972,976,1037
634973,979,1040
634974,979,1043
634975,984,1039
634976,982,1038
634977,981,1034
634978,978,1036
634979,979,1039
634980,979,1041
634981,983,1035
634982,980,1034
634983,980,1031
634984,982,1029
634985,984,1029
634986,984,1030
634987,988,1028
634988,987,1025
634989,985,1022
634990,985,1020
634991,985,1023
634992,986,1026
634993,988,1030
634994,989,1027
634995,988,1023
634996,985,1023
634997,989,1026
634998,995,1028
634999,998,1023
635000,999,1016
635001,992,1006
635002,993,1003
635003,994,1000
635004,1000,1000
635005,1003,1002
635006,1001,1000
635007,1000,996
635008,1000,996
635009,1005,997
635010,1008,996
635011,1011,994
635012,1009,991
635013,1005,986
635014,1003,987
635015,1005,990
635016,1008,995
635017,1013,994
635018,1010,993
635019,1009,989
635020,1007,992
635021,1012,993
635022,1014,996
635023,1019,996
635024,1018,996
635025,1013,998
635026,1013,1001
635027,1014,1003
635028,1017,1006
635029,1020,1008
635030,1019,1009
635031,1015,1006
635032,1014,1015
635033,1011,1019
635034,1016,1023
635035,1015,1028
635036,1014,1028
635037,1009,1023
635038,1003,1028
635039,1004,1034
635040,1006,1039
635041,1008,1040
635042,1004,1038
635043,1000,1036
635044,997,1038
635045,998,1041
635046,998,1045
635047,999,1044
635048,995,1041
635049,994,1041
635050,994,1041
635051,997,1044
635052,998,1045
635053,1000,1044
635054,999,1039
635055,997,1039
635056,995,1040
635057,997,1043
635058,1002,1046
635059,1004,1041
635060,1001,1039
635061,1003,1037
635062,1008,1039
635063,1012,1045
635064,1019,1046
635065,1025,1047
635066,1027,1047
635067,1028,1045
635068,1032,1046
635069,1042,1049
635070,1053,1041
635071,1068,1025
635072,1079,1006
635073,1089,994
635074,1101,981
635075,1115,971
635076,1129,961
635077,1146,946
635078,1158,929
635079,1171,907
635080,1188,886
635081,1203,867
635082,1223,852
635083,1238,840
635084,1246,826
635085,1250,817
635086,1253,815
635087,1255,819
635088,1253,821
635089,1251,821
635090,1247,821
635091,1240,816
635092,1225,819
635093,1214,824
635094,1200,834
635095,1186,841
635096,1163,846
635097,1138,853
635098,1113,866
635099,1096,881
635100,1084,894
635101,1080,905
635102,1073,917
635103,1068,930
635104,1059,945
635105,1053,957
635106,1051,970
635107,1051,976
635108,1054,980
635109,1056,982
635110,1063,987
635111,1071,987
635112,1068,991
635113,1053,998
635114,1020,1007
635115,987,1019
635116,960,1035
635117,948,1053
635118,944,1070
635119,944,1079
635120,939,1081
635121,930,1081
635122,922,1086
635123,919,1091
635124,917,1099
635125,917,1101
635126,911,1103
635127,908,1105
635128,904,1106
635129,904,1109
635130,904,1111
635131,905,1112
635132,899,1110
635133,897,1110
635134,894,1108
635135,896,1111
635136,894,1113
635137,894,1114
635138,892,1116
635139,887,1117
635140,883,1115
635141,882,1119
635142,885,1122
635143,885,1124
635144,883,1125
635145,878,1125
635146,876,1126
635147,878,1129
635148,880,1135
635149,881,1138
635150,876,1138
635151,874,1138
635152,870,1137
635153,868,1142
635154,872,1145
635155,872,1149
635156,872,1148
635157,871,1148
635158,868,1150
635159,869,1155
635160,867,1163
635161,873,1167
635162,871,1166
635163,869,1165
635164,866,1171
635165,866,1173
635166,874,1176
635167,879,1178
635168,877,1175
635169,876,1173
635170,873,1176
635171,876,1177
635172,878,1183
635173,880,1182
635174,881,1176
635175,883,1171
635176,886,1170
635177,892,1169
635178,895,1168
635179,900,1164
635180,899,1159
635181,899,1154
635182,901,1153
635183,903,1151
635184,909,1149
635185,913,1145
635186,913,1138
635187,917,1131
635188,914,1127
635189,922,1125
635190,927,1125
635191,930,1117
635192,930,1113
635193,929,1108
635194,930,1105
635195,934,1102
635196,939,1101
635197,943,1095
635198,944,1085
635199,945,1078
635200,947,1075
635201,949,1075
635202,953,1076
635203,954,1073
635204,955,1067
635205,953,1064
635206,955,1064
635207,956,1061
635208,960,1063
635209,964,1060
635210,961,1056
635211,960,1052
635212,961,1052
635213,962,1052
635214,963,1054
635215,965,1053
635216,963,1053
635217,964,1050
635218,962,1050
635219,962,1053
635220,967,1056
635221,969,1052
635222,969,1049
635223,966,1046
635224,965,1044
635225,968,1045
635226,970,1048
635227,973,1046
635228,974,1044
635229,968,1045
635230,965,1045
635231,967,1047
635232,968,1048
635233,971,1044
635234,972,1043
635235,968,1039
635236,968,1039
635237,971,1043
635238,973,1045
635239,972,1045
635240,972,1040
635241,969,1036
635242,969,1037
635243,970,1041
635244,972,1045
635245,974,1039
635246,973,1038
635247,973,1036
635248,967,1033
635249,970,1037
635250,970,1037
635251,971,1037
635252,970,1037
635253,967,1035
635254,964,1037
635255,968,1040
635256,969,1043
635257,974,1044
635258,971,1037
635259,972,1038
635260,971,1039
635261,973,1042
635262,973,1044
635263,974,1044
635264,971,1042
635265,970,1041
635266,967,1044
635267,971,1045
635268,974,1048
635269,978,1047
635270,976,1043
635271,974,1036
635272,973,1035
635273,973,1038
635274,974,1041
635275,974,1043
635276,970,1043
635277,966,1039
635278,966,1040
635279,970,1045
635280,972,1045
635281,974,1045
635282,972,1042
635283,970,1037
635284,969,1036
635285,969,1040
635286,973,1042
635287,975,1041
635288,978,1043
635289,974,1040
635290,973,1039
635291,974,1042
635292,975,1042
635293,976,1040
635294,974,1039
635295,967,1036
635296,965,1036
635297,971,1039
635298,974,1041
635299,977,1039
635300,975,1036
635301,972,1033
635302,969,1032
635303,971,1034
635304,973,1036
635305,977,1035
635306,971,1035
635307,972,1034
635308,970,1037
635309,971,1040
635310,974,1047
635311,975,1046
635312,973,1044
635313,970,1044
635314,966,1046
635315,969,1045
635316,972,1047
635317,973,1044
635318,973,1040
635319,966,1036
635320,965,1040
635321,966,1041
635322,967,1045
635323,968,1044
635324,969,1041
635325,967,1039
635326,967,1039
635327,968,1042
635328,971,1045
635329,970,1044
635330,968,1040
635331,967,1039
635332,969,1039
635333,969,1042
635334,970,1044
635335,970,1043
635336,973,1041
635337,972,1038
635338,971,1040
635339,973,1039
635340,974,1044
635341,974,1043
635342,972,1042
635343,970,1036
635344,968,1037
635345,972,1042
635346,977,1041
635347,979,1043
635348,975,1039
635349,972,1038
635350,971,1038
635351,973,1041
635352,976,1043
635353,975,1040
635354,975,1039
635355,975,1038
635356,971,1038
635357,973,1041
635358,972,1044
635359,972,1040
635360,973,1041
635361,971,1042
635362,969,1045
635363,968,1045
635364,976,1051
635365,979,1048
635366,977,1046
635367,974,1040
635368,970,1043
635369,971,1042
635370,974,1041
635371,977,1042
635372,978,1038
635373,976,1033
635374,975,1036
635375,974,1039
635376,976,1040
635377,978,1039
635378,973,1036
635379,971,1037
635380,970,1037
635381,972,1040
635382,974,1042
635383,978,1041
635384,978,1039
635385,976,1037
635386,975,1038
635387,975,1039
635388,977,1042
635389,979,1041
635390,978,1040
635391,976,1036
635392,972,1035
635393,976,1039
635394,979,1041
635395,983,1041
635396,980,1041
635397,976,1036
635398,975,1038
635399,976,1040
635400,976,1040
635401,976,1038
635402,976,1038
635403,974,1034
635404,974,1035
635405,976,1036
635406,978,1041
635407,975,1041
635408,972,1040
635409,968,1038
635410,969,1041
635411,971,1044
635412,976,1048
635413,978,1045
635414,974,1045
635415,971,1045
635416,969,1047
635417,970,1049
635418,976,1049
635419,978,1043
635420,978,1037
635421,976,1036
635422,974,1037
635423,974,1039
635424,975,1040
635425,974,1038
635426,971,1035
635427,969,1035
635428,969,1039
635429,972,1041
635430,976,1042
635431,978,1044
635432,975,1040
635433,971,1036
635434,970,1035
635435,972,1036
635436,976,1040
635437,977,1039
635438,977,1037
635439,973,1034
635440,972,1035
635441,973,1038
635442,975,1042
635443,976,1042
635444,975,1037
635445,973,1036
635446,972,1036
635447,971,1039
635448,973,1041
635449,974,1041
635450,970,1039
635451,971,1038
635452,973,1038
635453,971,1043
635454,975,1044
635455,973,1044
635456,975,1040
635457,971,1039
635458,971,1040
635459,973,1041
635460,974,1045
635461,972,1045
635462,968,1041
635463,966,1041
635464,966,1038
635465,969,1041
635466,973,1044
635467,976,1041
635468,978,1039
635469,975,1039
635470,974,1038
635471,976,1042
635472,975,1042
635473,977,1041
635474,979,1039
635475,979,1034
635476,979,1038
635477,983,1038
635478,987,1042
635479,988,1041
635480,986,1039
635481,988,1036
635482,992,1031
635483,1001,1030
635484,1014,1030
635485,1030,1022
635486,1045,1017
635487,1065,1006
635488,1091,993
635489,1119,985
635490,1150,978
635491,1179,972
635492,1205,976
635493,1221,986
635494,1224,1006
635495,1205,1024
635496,1171,1037
635497,1128,1044
635498,1080,1051
635499,1036,1060
635500,1000,1072
635501,979,1076
635502,975,1075
635503,982,1066
635504,987,1050
635505,986,1040
635506,982,1036
635507,978,1040
635508,975,1038
635509,976,1037
635510,975,1037
635511,968,1035
635512,963,1037
635513,961,1039
635514,964,1040
635515,962,1039
635516,961,1038
635517,955,1036
635518,955,1038
635519,953,1043
635520,953,1045
635521,955,1045
635522,955,1042
635523,950,1043
635524,950,1042
635525,953,1046
635526,959,1048
635527,959,1048
635528,959,1047
635529,953,1045
635530,953,1046
635531,955,1046
635532,956,1050
635533,953,1051
635534,954,1050
635535,952,1045
635536,949,1045
635537,954,1047
635538,956,1049
635539,956,1047
635540,957,1047
635541,953,1043
635542,950,1041
635543,954,1046
635544,955,1054
635545,954,1051
635546,954,1051
635547,951,1043
635548,950,1042
635549,956,1043
635550,958,1041
635551,962,1041
635552,961,1040
635553,958,1037
635554,957,1034
635555,959,1036
635556,963,1034
635557,962,1033
635558,962,1034
635559,960,1031
635560,959,1032
635561,961,1033
635562,967,1037
635563,970,1035
635564,967,1032
635565,966,1031
635566,965,1030
635567,967,1031
635568,971,1031
635569,976,1029
635570,975,1026
635571,974,1024
635572,973,1022
635573,980,1023
635574,981,1026
635575,984,1024
635576,983,1024
635577,979,1022
635578,979,1017
635579,981,1017
635580,988,1020
635581,990,1021
635582,989,1017
635583,989,1013
635584,990,1010
635585,995,1012
635586,997,1013
635587,999,1015
635588,999,1012
635589,997,1011
635590,999,1013
635591,1004,1013
635592,1006,1012
635593,1011,1007
635594,1009,1006
635595,1007,1005
635596,1007,1007
635597,1010,1008
635598,1013,1010
635599,1019,1009
635600,1015,1009
635601,1009,1009
635602,1006,1009
635603,1009,1013
635604,1015,1019
635605,1014,1018
635606,1012,1015
635607,1006,1018
635608,1000,1020
635609,1001,1025
635610,1001,1029
635611,1001,1027
635612,999,1030
635613,996,1029
635614,992,1030
635615,992,1033
635616,992,1037
635617,992,1036
635618,989,1037
635619,984,1036
635620,982,1038
635621,985,1039
635622,981,1041
635623,984,1041
635624,982,1038
635625,980,1038
635626,977,1036
635627,979,1040
635628,981,1040
635629,981,1036
635630,979,1036
635631,975,1034
635632,973,1035
635633,970,1034
635634,974,1039
635635,977,1036
635636,976,1031
635637,975,1029
635638,973,1029
635639,976,1031
635640,980,1032
635641,978,1029
635642,972,1034
635643,971,1030
635644,973,1031
635645,977,1031
635646,979,1036
635647,982,1036
635648,979,1031
635649,978,1029
635650,977,1028
635651,978,1032
635652,978,1036
635653,979,1032
635654,976,1032
635655,978,1031
635656,975,1031
635657,973,1034
635658,979,1038
635659,982,1037
635660,977,1035
635661,977,1032
635662,976,1035
635663,978,1037
635664,982,1041
635665,982,1039
635666,978,1036
635667,974,1034
635668,976,1037
635669,979,1040
635670,980,1043
635671,979,1040
635672,977,1038
635673,977,1036
635674,972,1037
635675,977,1037
635676,978,1039
635677,979,1040
635678,978,1037
635679,974,1033
635680,972,1033
635681,976,1037
635682,979,1040
635683,981,1038
635684,977,1034
635685,975,1032
635686,968,1034
635687,973,1039
635688,973,1040
635689,972,1038
635690,971,1037
635691,968,1034
635692,970,1033
635693,972,1039
635694,975,1040
635695,977,1037
635696,975,1036
635697,970,1033
635698,968,1038
635699,970,1043
635700,972,1046
635701,970,1045
635702,969,1042
635703,967,1040
635704,966,1038
635705,970,1040
635706,969,1043
635707,969,1044
635708,968,1042
635709,967,1038
635710,971,1043
635711,973,1042
635712,976,1045
635713,975,1041
635714,973,1039
635715,969,1035
635716,967,1037
635717,970,1039
635718,974,1040
635719,977,1039
635720,975,1038
635721,974,1037
635722,974,1038
635723,976,1041
635724,979,1045
635725,981,1043
635726,980,1043
635727,980,1041
635728,978,1041
635729,980,1044
635730,981,1043
635731,984,1045
635732,979,1043
635733,976,1043
635734,976,1044
635735,977,1045
635736,981,1045
635737,982,1045
635738,980,1040
635739,978,1038
635740,974,1039
635741,980,1041
635742,983,1044
635743,987,1045
635744,985,1038
635745,982,1037
635746,980,1039
635747,979,1041
635748,983,1043
635749,982,1042
635750,981,1040
635751,978,1042
635752,977,1045
635753,975,1047
635754,977,1048
635755,978,1046
635756,974,1041
635757,970,1040
635758,971,1043
635759,975,1044
635760,977,1046
635761,978,1041
635762,977,1039
635763,975,1037
635764,975,1038
635765,977,1043
635766,978,1044
635767,979,1040
635768,979,1039
635769,976,1035
635770,974,1038
635771,975,1040
635772,981,1042
635773,984,1035
635774,985,1035
635775,982,1033
635776,978,1039
635777,975,1044
635778,977,1046
635779,979,1047
635780,978,1046
635781,974,1044
635782,975,1043
635783,978,1046
635784,980,1046
635785,979,1045
635786,979,1044
635787,977,1040
635788,976,1042
635789,979,1041
635790,981,1045
635791,985,1045
635792,984,1040
635793,980,1037
635794,980,1037
635795,981,1038
635796,982,1041
635797,985,1042
635798,983,1039
635799,981,1037
635800,981,1036
635801,982,1040
635802,984,1043
635803,986,1039
635804,983,1038
635805,980,1035
635806,976,1036
635807,980,1038
635808,985,1044
635809,985,1043
635810,982,1042
635811,977,1040
635812,974,1040
635813,974,1043
635814,975,1047
635815,977,1046
635816,976,1048
635817,972,1043
635818,973,1043
635819,977,1046
635820,982,1049
635821,980,1047
635822,980,1046
635823,977,1045
635824,974,1044
635825,974,1046
635826,976,1048
635827,980,1046
635828,980,1040
635829,980,1039
635830,982,1037
635831,982,1039
635832,985,1042
635833,986,1041
635834,986,1040
635835,980,1038
635836,980,1040
635837,986,1043
635838,989,1044
635839,992,1040
635840,989,1038
635841,989,1036
635842,984,1033
635843,986,1037
635844,989,1038
635845,992,1039
635846,992,1035
635847,986,1034
635848,982,1036
635849,982,1038
635850,989,1043
635851,988,1040
635852,985,1041
635853,982,1039
635854,980,1041
635855,980,1042
635856,984,1047
635857,985,1045
635858,986,1041
635859,981,1042
635860,982,1043
635861,980,1047
635862,985,1045
635863,986,1043
635864,981,1039
635865,977,1039
635866,974,1039
635867,978,1045
635868,984,1044
635869,983,1046
635870,987,1043
635871,985,1041
635872,981,1043
635873,985,1044
635874,989,1047
635875,994,1045
635876,996,1043
635877,992,1040
635878,992,1038
635879,992,1041
635880,993,1044
635881,997,1044
635882,997,1039
635883,998,1037
635884,995,1036
635885,1000,1039
635886,1004,1041
635887,1006,1036
635888,1006,1030
635889,1010,1023
635890,1019,1020
635891,1033,1020
635892,1050,1020
635893,1071,1012
635894,1089,999
635895,1113,984
635896,1140,970
635897,1169,966
635898,1202,971
635899,1229,975
635900,1252,988
635901,1252,1004
635902,1233,1022
635903,1190,1031
635904,1144,1042
635905,1100,1056
635906,1048,1066
635907,1005,1077
635908,980,1082
635909,980,1081
635910,990,1074
635911,999,1061
635912,1002,1046
635913,996,1042
635914,989,1045
635915,987,1047
635916,986,1052
635917,987,1050
635918,981,1046
635919,980,1043
635920,975,1044
635921,977,1046
635922,977,1050
635923,978,1048
635924,975,1045
635925,972,1040
635926,972,1041
635927,970,1042
635928,968,1044
635929,968,1044
635930,969,1041
635931,966,1039
635932,967,1039
635933,970,1042
635934,972,1044
635935,970,1043
635936,967,1040
635937,963,1036
635938,964,1039
635939,962,1041
635940,968,1045
635941,967,1043
635942,967,1040
635943,965,1039
635944,966,1041
635945,968,1043
635946,971,1041
635947,969,1042
635948,964,1038
635949,961,1037
635950,962,1041
635951,965,1044
635952,970,1044
635953,974,1042
635954,971,1042
635955,970,1042
635956,969,1039
635957,969,1043
635958,976,1045
635959,974,1044
635960,973,1037
635961,973,1036
635962,973,1037
635963,973,1039
635964,975,1040
635965,975,1038
635966,972,1035
635967,969,1034
635968,969,1037
635969,973,1040
635970,978,1041
635971,980,1038
635972,980,1033
635973,981,1031
635974,979,1031
635975,981,1032
635976,982,1032
635977,981,1032
635978,984,1030
635979,981,1027
635980,981,1027
635981,985,1024
635982,990,1030
635983,991,1026
635984,990,1021
635985,988,1020
635986,988,1020
635987,990,1020
635988,993,1020
635989,999,1020
635990,999,1018
635991,999,1019
635992,998,1019
635993,999,1021
635994,1003,1021
635995,1004,1022
635996,1002,1019
635997,1000,1016
635998,999,1019
635999,1003,1022
636000,1008,1024
636001,1011,1019
636002,1011,1018
636003,1007,1017
636004,1007,1020
636005,1008,1022
636006,1014,1024
636007,1016,1021
636008,1013,1018
636009,1010,1016
636010,1007,1019
636011,1008,1023
636012,1010,1024
636013,1009,1022
636014,1009,1019
636015,1007,1016
636016,1001,1019
636017,1000,1025
636018,1002,1028
636019,1004,1029
636020,1001,1030
636021,999,1028
636022,997,1029
636023,997,1031
636024,995,1032
636025,997,1032
636026,995,1029
636027,989,1029
636028,986,1028
636029,990,1033
636030,992,1035
636031,993,1036
636032,991,1034
636033,988,1033
636034,984,1035
636035,989,1037
636036,989,1039
636037,985,1039
636038,983,1039
636039,984,1037
636040,987,1039
636041,991,1040
636042,995,1043
636043,992,1044
636044,989,1043
636045,988,1038
636046,987,1041
636047,987,1044
636048,989,1043
636049,994,1042
636050,992,1039
636051,987,1039
636052,986,1041
636053,989,1043
636054,992,1046
636055,994,1043
636056,992,1044
636057,988,1042
636058,985,1044
636059,984,1044
636060,988,1047
636061,993,1046
636062,991,1043
636063,986,1037
636064,987,1038
636065,991,1039
636066,993,1040
636067,993,1040
636068,992,1038
636069,986,1037
636070,983,1038
636071,988,1042
636072,990,1041
636073,992,1039
636074,991,1035
636075,985,1031
636076,982,1035
636077,982,1039
636078,984,1042
636079,983,1042
636080,984,1037
636081,981,1034
636082,981,1036
636083,984,1036
636084,985,1038
636085,988,1038
636086,983,1038
636087,983,1035
636088,984,1038
636089,987,1040
636090,987,1041
636091,988,1041
636092,984,1040
636093,984,1040
636094,985,1043
636095,985,1044
636096,989,1045
636097,990,1043
636098,988,1039
636099,985,1037
636100,983,1036
636101,987,1037
636102,990,1037
636103,990,1034
636104,985,1033
636105,979,1032
636106,976,1034
636107,977,1038
636108,982,1040
636109,984,1037
636110,987,1036
636111,982,1034
636112,980,1035
636113,983,1035
636114,985,1038
636115,985,1037
636116,983,1036
636117,979,1035
636118,979,1036
636119,980,1038
636120,983,1042
636121,986,1040
636122,985,1040
636123,983,1037
636124,983,1037
636125,985,1040
636126,988,1045
636127,989,1043
636128,985,1039
636129,982,1038
636130,986,1036
636131,989,1040
636132,992,1042
636133,995,1042
636134,993,1035
636135,989,1031
636136,994,1031
636137,1000,1030
636138,1008,1030
636139,1019,1026
636140,1031,1019
636141,1045,1012
636142,1067,1004
636143,1096,995
636144,1128,987
636145,1161,977
636146,1191,974
636147,1220,980
636148,1242,1000
636149,1255,1023
636150,1249,1038
636151,1218,1035
636152,1169,1033
636153,1115,1047
636154,1063,1069
636155,1016,1089
636156,985,1100
636157,971,1101
636158,972,1092
636159,977,1076
636160,980,1062
636161,985,1055
636162,989,1053
636163,987,1046
636164,981,1043
636165,976,1040
636166,974,1039
636167,977,1041
636168,979,1044
636169,974,1040
636170,969,1039
636171,962,1038
636172,961,1041
636173,966,1044
636174,969,1046
636175,968,1046
636176,964,1046
636177,961,1043
636178,963,1045
636179,964,1047
636180,966,1048
636181,965,1046
636182,963,1045
636183,961,1041
636184,961,1041
636185,966,1042
636186,966,1042
636187,966,1041
636188,966,1040
636189,963,1035
636190,963,1038
636191,966,1041
636192,970,1043
636193,972,1039
636194,972,1037
636195,969,1036
636196,967,1036
636197,968,1039
636198,970,1039
636199,968,1035
636200,967,1035
636201,965,1033
636202,971,1033
636203,975,1034
636204,980,1036
636205,980,1033
636206,970,1029
636207,960,1028
636208,954,1031
636209,959,1032
636210,967,1038
636211,968,1032
636212,969,1027
636213,966,1024
636214,968,1024
636215,971,1027
636216,973,1026
636217,970,1027
636218,973,1022
636219,970,1021
636220,972,1021
636221,971,1023
636222,977,1022
636223,978,1023
636224,979,1016
636225,979,1015
636226,978,1013
636227,981,1016
636228,984,1012
636229,984,1010
636230,983,1006
636231,977,1002
636232,975,1002
636233,982,1007
636234,985,1005
636235,992,997
636236,990,992
636237,990,990
636238,986,991
636239,987,995
636240,988,997
636241,990,997
636242,991,989
636243,991,989
636244,993,989
636245,996,990
636246,998,993
636247,1000,990
636248,1000,988
636249,999,983
636250,999,986
636251,998,990
636252,1004,993
636253,1003,994
636254,1003,992
636255,1000,994
636256,1000,995
636257,1001,1002
636258,1005,1006
636259,1006,1007
636260,1002,1008
636261,999,1009
636262,998,1015
636263,1001,1020
636264,1003,1027
636265,1002,1028
636266,998,1027
636267,996,1028
636268,993,1033
636269,993,1035
636270,990,1041
636271,986,1043
636272,982,1044
636273,981,1043
636274,978,1044
636275,981,1047
636276,984,1051
636277,982,1051
636278,980,1048
636279,979,1043
636280,978,1049
636281,979,1052
636282,980,1052
636283,979,1049
636284,979,1050
636285,974,1047
636286,975,1047
636287,975,1049
636288,978,1052
636289,975,1051
636290,978,1050
636291,976,1045
636292,979,1046
636293,980,1048
636294,987,1048
636295,983,1045
636296,978,1042
636297,976,1041
636298,975,1042
636299,974,1044
636300,981,1044
636301,982,1043
636302,981,1037
636303,983,1035
636304,982,1035
636305,984,1035
636306,984,1039
636307,986,1038
636308,981,1036
636309,979,1037
636310,980,1039
636311,985,1044
636312,987,1043
636313,990,1041
636314,988,1037
636315,985,1035
636316,982,1036
636317,979,1040
636318,982,1043
636319,981,1042
636320,981,1042
636321,977,1042
636322,980,1041
636323,980,1045
636324,980,1047
636325,981,1047
636326,977,1043
636327,970,1038
636328,974,1043
636329,974,1046
636330,977,1050
636331,976,1049
636332,973,1045
636333,974,1041
636334,972,1045
636335,975,1048
636336,977,1048
636337,977,1048
636338,974,1048
636339,972,1048
636340,968,1049
636341,972,1049
636342,975,1053
636343,977,1050
636344,976,1051
636345,974,1051
636346,970,1051
636347,971,1053
636348,971,1054
636349,974,1053
636350,974,1048
636351,971,1044
636352,972,1046
636353,975,1049
636354,977,1052
636355,977,1049
636356,974,1047
636357,969,1045
636358,971,1050
636359,974,1051
636360,978,1053
636361,976,1051
636362,975,1049
636363,974,1045
636364,974,1046
636365,972,1049
636366,979,1049
636367,977,1053
636368,976,1050
636369,970,1048
636370,970,1049
636371,973,1052
636372,977,1052
636373,975,1049
636374,975,1051
636375,974,1048
636376,977,1050
636377,977,1049
636378,980,1053
636379,979,1054
636380,978,1054
636381,977,1052
636382,976,1051
636383,980,1057
636384,984,1056
636385,980,1055
636386,979,1050
636387,973,1053
636388,972,1055
636389,972,1058
636390,979,1061
636391,982,1055
636392,981,1048
636393,978,1046
636394,980,1044
636395,981,1047
636396,985,1047
636397,989,1045
636398,989,1044
636399,987,1040
636400,986,1041
636401,989,1042
636402,988,1043
636403,987,1043
636404,987,1038
636405,989,1035
636406,997,1034
636407,1006,1032
636408,1020,1031
636409,1028,1027
636410,1044,1021
636411,1064,1011
636412,1087,1001
636413,1118,993
636414,1155,985
636415,1187,985
636416,1215,991
636417,1235,1008
636418,1245,1029
636419,1242,1050
636420,1215,1049
636421,1174,1053
636422,1129,1060
636423,1080,1076
636424,1033,1095
636425,996,1107
636426,974,1116
636427,969,1115
636428,970,1107
636429,974,1093
636430,977,1085
636431,979,1076
636432,982,1070
636433,986,1066
636434,978,1065
636435,974,1059
636436,972,1058
636437,974,1062
636438,976,1062
636439,975,1061
636440,972,1055
636441,966,1053
636442,963,1054
636443,966,1057
636444,965,1059
636445,969,1057
636446,966,1054
636447,962,1051
636448,962,1055
636449,964,1057
636450,963,1059
636451,964,1056
636452,963,1052
636453,956,1048
636454,954,1051
636455,955,1056
636456,959,1059
636457,961,1060
636458,960,1054
636459,957,1052
636460,955,1054
636461,956,1056
636462,957,1060
636463,958,1059
636464,957,1057
636465,955,1055
636466,955,1054
636467,958,1057
636468,960,1058
636469,964,1055
636470,962,1053
636471,956,1048
636472,954,1050
636473,952,1054
636474,955,1057
636475,957,1057
636476,958,1052
636477,957,1049
636478,957,1048
636479,960,1050
636480,966,1049
636481,964,1050
636482,961,1045
636483,961,1041
636484,964,1040
636485,970,1044
636486,973,1044
636487,972,1040
636488,969,1035
636489,964,1035
636490,965,1038
636491,967,1040
636492,974,1044
636493,976,1039
636494,977,1034
636495,974,1031
636496,974,1033
636497,974,1033
636498,980,1033
636499,981,1032
636500,981,1027
636501,978,1025
636502,978,1024
636503,981,1027
636504,985,1025
636505,983,1022
636506,981,1021
636507,979,1019
636508,978,1022
636509,987,1024
636510,989,1024
636511,989,1019
636512,988,1020
636513,987,1017
636514,986,1016
636515,990,1018
636516,995,1022
636517,994,1019
636518,994,1019
636519,993,1016
636520,997,1019
636521,1001,1023
636522,1002,1023
636523,1003,1022
636524,1006,1021
636525,1003,1018
636526,1001,1024
636527,997,1027
636528,1000,1030
636529,1006,1028
636530,1007,1023
636531,1005,1021
636532,1002,1024
636533,999,1027
636534,1000,1032
636535,997,1034
636536,996,1034
636537,995,1036
636538,995,1038
636539,995,1043
636540,997,1047
636541,994,1047
636542,990,1047
636543,985,1047
636544,982,1052
636545,982,1057
636546,986,1058
636547,984,1055
636548,982,1054
636549,977,1050
636550,978,1051
636551,981,1055
636552,982,1058
636553,982,1055
636554,980,1055
636555,976,1054
636556,975,1056
636557,981,1058
636558,983,1059
636559,984,1058
636560,982,1057
636561,981,1056
636562,979,1055
636563,982,1056
636564,985,1060
636565,983,1060
636566,980,1058
636567,978,1058
636568,980,1061
636569,983,1063
636570,986,1066
636571,987,1064
636572,987,1060
636573,984,1057
636574,984,1057
636575,986,1058
636576,985,1059
636577,988,1056
636578,987,1051
636579,983,1049
636580,981,1049
636581,982,1050
636582,991,1054
636583,992,1051
636584,988,1045
636585,986,1045
636586,983,1049
636587,982,1051
636588,984,1053
636589,982,1050
636590,979,1048
636591,975,1046
636592,976,1046
636593,980,1051
636594,980,1051
636595,980,1048
636596,979,1047
636597,977,1046
636598,975,1049
636599,979,1050
636600,979,1052
636601,979,1048
636602,975,1046
636603,969,1047
636604,974,1048
636605,979,1052
636606,982,1053
636607,982,1051
636608,979,1051
636609,976,1052
636610,976,1056
636611,977,1058
636612,978,1059
636613,979,1061
636614,981,1059
636615,980,1056
636616,980,1059
636617,980,1059
636618,982,1060
636619,984,1058
636620,981,1053
636621,980,1050
636622,983,1055
636623,986,1055
636624,989,1058
636625,990,1054
636626,985,1052
636627,984,1051
636628,980,1054
636629,980,1056
636630,984,1057
636631,985,1055
636632,986,1050
636633,982,1048
636634,982,1048
636635,986,1053
636636,989,1057
636637,984,1052
636638,987,1051
636639,985,1048
636640,987,1047
636641,993,1049
636642,1001,1050
636643,1008,1046
636644,1014,1040
636645,1021,1034
636646,1038,1030
636647,1056,1025
636648,1081,1019
636649,1111,1008
636650,1136,996
636651,1165,991
636652,1193,996
636653,1226,1010
636654,1250,1025
636655,1259,1038
636656,1242,1045
636657,1210,1040
636658,1164,1048
636659,1115,1066
636660,1067,1084
636661,1019,1095
636662,988,1096
636663,975,1094
636664,977,1087
636665,987,1076
636666,991,1068
636667,994,1061
636668,991,1055
636669,986,1050
636670,980,1050
636671,980,1055
636672,979,1058
636673,977,1059
636674,977,1056
636675,970,1055
636676,971,1053
636677,976,1052
636678,973,1056
636679,971,1053
636680,967,1051
636681,963,1050
636682,965,1054
636683,965,1053
636684,969,1053
636685,969,1052
636686,966,1051
636687,962,1050
636688,959,1052
636689,958,1054
636690,961,1057
636691,958,1055
636692,956,1054
636693,955,1053
636694,951,1055
636695,956,1052
636696,960,1055
636697,961,1056
636698,958,1051
636699,956,1053
636700,958,1054
636701,956,1057
636702,962,1059
636703,962,1053
636704,959,1050
636705,961,1048
636706,961,1050
636707,962,1056
636708,965,1056
636709,968,1053
636710,964,1047
636711,962,1047
636712,960,1048
636713,962,1050
636714,966,1052
636715,966,1048
636716,966,1044
636717,965,1042
636718,965,1040
636719,966,1045
636720,969,1045
636721,967,1044
636722,966,1041
636723,965,1037
636724,969,1039
636725,973,1040
636726,977,1039
636727,978,1037
636728,977,1033
636729,977,1030
636730,975,1027
636731,978,1027
636732,981,1028
636733,980,1027
636734,980,1024
636735,977,1023
636736,978,1023
636737,983,1025
636738,984,1027
636739,986,1024
636740,986,1016
636741,987,1017
636742,988,1015
636743,988,1018
636744,992,1019
636745,995,1018
636746,993,1015
636747,987,1012
636748,986,1012
636749,990,1014
636750,994,1016
636751,994,1015
636752,995,1009
636753,992,1013
636754,995,1017
636755,1002,1018
636756,1005,1020
636757,1002,1020
636758,1004,1022
636759,1001,1021
636760,1001,1027
636761,1003,1030
636762,1006,1029
636763,1003,1028
636764,998,1030
636765,996,1032
636766,996,1036
636767,998,1039
636768,998,1042
636769,994,1039
636770,991,1037
636771,984,1038
636772,984,1042
636773,987,1046
636774,986,1048
636775,985,1046
636776,982,1046
636777,979,1047
636778,981,1050
636779,979,1054
636780,982,1053
636781,981,1052
636782,981,1052
636783,978,1047
636784,977,1052
636785,979,1054
636786,980,1057
636787,982,1055
636788,979,1052
636789,975,1053
636790,979,1054
636791,979,1057
636792,982,1059
636793,980,1055
636794,975,1050
636795,970,1052
636796,972,1051
636797,975,1054
636798,984,1055
636799,984,1053
636800,982,1049
636801,978,1046
636802,980,1047
636803,982,1052
636804,983,1051
636805,982,1049
636806,983,1046
636807,978,1046
636808,981,1046
636809,982,1046
636810,983,1049
636811,983,1048
636812,981,1043
636813,978,1046
636814,978,1050
636815,980,1057
636816,979,1058
636817,979,1052
636818,975,1052
636819,974,1051
636820,975,1052
636821,975,1054
636822,981,1056
636823,979,1052
636824,980,1050
636825,978,1050
636826,975,1052
636827,980,1053
636828,979,1056
636829,977,1056
636830,974,1053
636831,972,1052
636832,973,1054
636833,978,1056
636834,980,1055
636835,981,1058
636836,981,1052
636837,981,1051
636838,981,1055
636839,978,1056
636840,979,1060
636841,979,1056
636842,978,1052
636843,977,1050
636844,976,1053
636845,979,1055
636846,983,1058
636847,983,1055
636848,980,1053
636849,978,1049
636850,975,1050
636851,977,1051
636852,978,1051
636853,977,1049
636854,979,1048
636855,975,1046
636856,976,1048
636857,976,1049
636858,982,1050
636859,980,1048
636860,980,1046
636861,976,1045
636862,969,1046
636863,975,1049
636864,975,1052
636865,974,1051
636866,974,1051
636867,971,1051
636868,975,1054
636869,975,1055
636870,977,1059
636871,976,1056
636872,973,1052
636873,970,1050
636874,970,1050
636875,970,1053
636876,974,1055
636877,975,1056
636878,972,1052
636879,973,1053
636880,969,1057
636881,974,1058
636882,974,1058
636883,973,1059
636884,974,1057
636885,974,1055
636886,973,1056
636887,974,1057
636888,979,1060
636889,977,1057
636890,973,1055
636891,968,1056
636892,969,1056
636893,971,1057
636894,978,1056
636895,978,1056
636896,977,1052
636897,975,1055
636898,976,1051
636899,977,1057
636900,981,1059
636901,979,1055
636902,974,1053
636903,973,1050
636904,971,1053
636905,975,1052
636906,977,1055
636907,980,1050
636908,979,1048
636909,978,1047
636910,978,1048
636911,978,1051
636912,980,1054
636913,980,1053
636914,979,1051
636915,980,1051
636916,977,1051
636917,977,1054
636918,979,1058
636919,978,1055
636920,978,1053
636921,975,1051
636922,978,1050
636923,979,1055
636924,980,1052
636925,977,1049
636926,978,1048
636927,978,1050
636928,979,1051
636929,981,1054
636930,985,1054
636931,987,1055
636932,987,1051
636933,988,1046
636934,994,1047
636935,1005,1044
636936,1020,1039
636937,1033,1032
636938,1050,1026
636939,1069,1016
636940,1095,1005
636941,1129,993
636942,1158,986
636943,1189,985
636944,1211,989
636945,1230,999
636946,1242,1018
636947,1237,1033
636948,1212,1041
636949,1166,1047
636950,1115,1058
636951,1064,1072
636952,1017,1084
636953,983,1090
636954,974,1090
636955,975,1084
636956,982,1069
636957,986,1058
636958,986,1054
636959,987,1052
636960,986,1054
636961,982,1052
636962,974,1052
636963,972,1051
636964,969,1053
636965,969,1053
636966,971,1056
636967,968,1052
636968,966,1052
636969,963,1053
636970,958,1056
636971,960,1054
636972,960,1054
636973,961,1052
636974,961,1050
636975,958,1049
636976,957,1050
636977,961,1052
636978,963,1054
636979,957,1055
636980,957,1055
636981,955,1054
636982,955,1055
636983,958,1058
636984,960,1061
636985,958,1057
636986,954,1054
636987,952,1053
636988,952,1053
636989,957,1056
636990,958,1056
636991,957,1055
636992,954,1052
636993,950,1050
636994,950,1051
636995,954,1057
636996,957,1052
636997,957,1049
636998,954,1045
636999,949,1044
637000,954,1046
637001,956,1047
637002,957,1049
637003,958,1047
637004,958,1047
637005,956,1046
637006,955,1047
637007,958,1050
637008,963,1049
637009,963,1049
637010,961,1045
637011,958,1043
637012,959,1044
637013,963,1044
637014,970,1046
637015,972,1042
637016,971,1040
637017,967,1039
637018,970,1040
637019,970,1041
637020,975,1039
637021,978,1037
637022,977,1033
637023,973,1031
637024,973,1034
637025,979,1032
637026,984,1031
637027,981,1031
637028,982,1026
637029,979,1025
637030,976,1026
637031,975,1028
637032,977,1029
637033,980,1029
637034,981,1026
637035,981,1022
637036,983,1025
637037,989,1026
637038,993,1026
637039,994,1024
637040,995,1018
637041,992,1015
637042,994,1017
637043,995,1020
637044,1002,1022
637045,998,1019
637046,998,1014
637047,996,1012
637048,997,1016
637049,999,1019
637050,1003,1021
637051,1005,1020
637052,1002,1017
637053,1001,1018
637054,1001,1024
637055,1002,1027
637056,1004,1031
637057,1004,1030
637058,1000,1029
637059,996,1031
637060,994,1035
637061,993,1039
637062,993,1046
637063,995,1045
637064,990,1043
637065,987,1043
637066,982,1046
637067,983,1048
637068,985,1052
637069,985,1048
637070,981,1046
637071,979,1046
637072,977,1048
637073,978,1051
637074,980,1054
637075,979,1054
637076,977,1049
637077,975,1048
637078,975,1052
637079,975,1053
637080,977,1054
637081,978,1051
637082,977,1049
637083,976,1049
637084,972,1051
637085,973,1055
637086,976,1057
637087,978,1055
637088,977,1053
637089,973,1051
637090,973,1052
637091,977,1056
637092,981,1057
637093,981,1056
637094,978,1050
637095,979,1047
637096,977,1053
637097,981,1055
637098,984,1059
637099,982,1056
637100,980,1048
637101,976,1046
637102,974,1047
637103,978,1053
637104,980,1051
637105,979,1049
637106,977,1045
637107,974,1045
637108,973,1046
637109,975,1051
637110,977,1050
637111,977,1047
637112,975,1044
637113,972,1043
637114,974,1047
637115,974,1048
637116,979,1047
637117,978,1046
637118,978,1043
637119,973,1041
637120,974,1043
637121,974,1046
637122,980,1049
637123,980,1047
637124,979,1045
637125,973,1045
637126,975,1045
637127,973,1048
637128,976,1051
637129,976,1050
637130,978,1050
637131,970,1046
637132,967,1050
637133,971,1054
637134,974,1054
637135,977,1054
637136,973,1053
637137,973,1052
637138,972,1053
637139,976,1057
637140,981,1057
637141,977,1056
637142,971,1054
637143,971,1056
637144,972,1057
637145,974,1057
637146,977,1058
637147,972,1054
637148,971,1052
637149,971,1054
637150,968,1054
637151,971,1056
637152,973,1057
637153,972,1057
637154,971,1056
637155,969,1050
637156,969,1053
637157,972,1056
637158,971,1055
637159,971,1051
637160,967,1047
637161,966,1048
637162,971,1050
637163,972,1050
637164,976,1052
637165,974,1051
637166,970,1050
637167,966,1048
637168,966,1050
637169,969,1052
637170,972,1052
637171,972,1053
637172,967,1049
637173,968,1048
637174,968,1050
637175,969,1055
637176,969,1056
637177,970,1056
637178,967,1052
637179,968,1049
637180,966,1050
637181,970,1055
637182,975,1053
637183,974,1053
637184,970,1049
637185,967,1048
637186,967,1050
637187,968,1054
637188,970,1055
637189,971,1054
637190,967,1052
637191,968,1049
637192,972,1051
637193,971,1055
637194,974,1055
637195,976,1053
637196,972,1048
637197,970,1049
637198,970,1050
637199,972,1054
637200,974,1056
637201,975,1055
637202,969,1053
637203,966,1055
637204,968,1054
637205,971,1057
637206,974,1058
637207,972,1056
637208,970,1055
637209,968,1051
637210,972,1053
637211,972,1056
637212,974,1055
637213,972,1055
637214,970,1052
637215,966,1052
637216,964,1052
637217,971,1054
637218,972,1057
637219,973,1056
637220,971,1051
637221,971,1048
637222,970,1050
637223,973,1051
637224,975,1054
637225,974,1051
637226,974,1047
637227,970,1046
637228,972,1051
637229,974,1052
637230,975,1052
637231,978,1051
637232,975,1048
637233,971,1049
637234,973,1049
637235,976,1055
637236,976,1051
637237,975,1053
637238,974,1049
637239,973,1049
637240,974,1050
637241,977,1051
637242,979,1051
637243,978,1051
637244,974,1051
637245,971,1049
637246,973,1050
637247,975,1054
637248,977,1055
637249,978,1054
637250,977,1049
637251,975,1049
637252,972,1055
637253,973,1053
637254,976,1056
637255,975,1053
637256,978,1049
637257,976,1050
637258,972,1052
637259,974,1055
637260,975,1054
637261,977,1057
637262,974,1053
637263,972,1049
637264,972,1053
637265,975,1055
637266,977,1056
637267,978,1054
637268,975,1050
637269,973,1049
637270,974,1051
637271,975,1054
637272,977,1054
637273,977,1051
637274,974,1051
637275,974,1047
637276,972,1049
637277,979,1051
637278,979,1054
637279,980,1052
637280,977,1048
637281,974,1048
637282,978,1051
637283,980,1055
637284,982,1052
637285,980,1051
637286,978,1049
637287,974,1046
637288,976,1047
637289,977,1056
637290,982,1056
637291,979,1053
637292,977,1050
637293,973,1048
637294,974,1051
637295,975,1052
637296,977,1055
637297,975,1057
637298,973,1055
637299,973,1052
637300,973,1054
637301,973,1056
637302,977,1056
637303,978,1051
637304,975,1049
637305,974,1047
637306,973,1048
637307,977,1051
637308,980,1051
637309,982,1049
637310,978,1046
637311,977,1047
637312,976,1050
637313,980,1052
637314,981,1051
637315,985,1050
637316,978,1046
637317,979,1046
637318,980,1049
637319,980,1051
637320,980,1057
637321,976,1054
637322,978,1051
637323,977,1052
637324,979,1052
637325,983,1055
637326,986,1053
637327,985,1053
637328,982,1050
637329,982,1048
637330,981,1050
637331,985,1053
637332,985,1054
637333,985,1054
637334,982,1051
637335,980,1049
637336,981,1049
637337,980,1055
637338,982,1056
637339,979,1056
637340,977,1049
637341,978,1049
637342,979,1050
637343,981,1052
637344,982,1051
637345,981,1049
637346,981,1048
637347,977,1048
637348,976,1051
637349,980,1053
637350,980,1053
637351,982,1049
637352,978,1045
637353,979,1047
637354,978,1051
637355,983,1053
637356,985,1055
637357,983,1050
637358,982,1047
637359,982,1044
637360,980,1048
637361,982,1050
637362,983,1053
637363,984,1050
637364,982,1048
637365,978,1046
637366,974,1051
637367,977,1053
637368,979,1055
637369,981,1055
637370,981,1050
637371,977,1049
637372,981,1051
637373,984,1056
637374,984,1059
637375,982,1058
637376,979,1056
637377,978,1055
637378,977,1054
637379,982,1055
637380,985,1057
637381,986,1053
637382,986,1050
637383,986,1048
637384,985,1052
637385,989,1054
637386,988,1052
637387,986,1050
637388,982,1049
637389,982,1050
637390,984,1052
637391,986,1050
637392,988,1053
637393,987,1051
637394,986,1049
637395,983,1049
637396,980,1048
637397,986,1052
637398,989,1050
637399,989,1048
637400,986,1044
637401,982,1047
637402,982,1047
637403,980,1051
637404,981,1050
637405,984,1050
637406,982,1043
637407,981,1044
637408,981,1047
637409,982,1051
637410,985,1051
637411,985,1047
637412,983,1045
637413,981,1042
637414,984,1046
637415,986,1049
637416,987,1053
637417,990,1050
637418,988,1050
637419,989,1048
637420,991,1051
637421,993,1056
637422,1000,1052
637423,1005,1049
637424,1008,1039
637425,1015,1036
637426,1032,1034
637427,1051,1032
637428,1072,1027
637429,1096,1017
637430,1120,1000
637431,1145,985
637432,1171,978
637433,1205,977
637434,1236,978
637435,1258,988
637436,1255,1002
637437,1227,1022
637438,1181,1038
637439,1132,1046
637440,1093,1052
637441,1050,1056
637442,1013,1061
637443,992,1063
637444,990,1059
637445,1000,1054
637446,1006,1047
637447,1005,1044
637448,994,1045
637449,987,1043
637450,981,1046
637451,977,1052
637452,977,1055
637453,976,1053
637454,972,1051
637455,972,1049
637456,969,1049
637457,972,1055
637458,972,1056
637459,967,1054
637460,962,1054
637461,960,1052
637462,958,1055
637463,963,1057
637464,966,1059
637465,965,1059
637466,962,1059
637467,956,1059
637468,958,1062
637469,963,1064
637470,963,1067
637471,963,1065
637472,963,1062
637473,960,1058
637474,955,1058
637475,959,1060
637476,963,1057
637477,963,1053
637478,958,1048
637479,954,1048
637480,955,1051
637481,959,1054
637482,960,1055
637483,962,1052
637484,960,1050
637485,957,1047
637486,958,1047
637487,962,1050
637488,965,1048
637489,964,1046
637490,959,1045
637491,955,1046
637492,956,1050
637493,961,1050
637494,965,1050
637495,964,1045
637496,963,1044
637497,958,1043
637498,960,1046
637499,968,1049
637500,971,1045
637501,972,1045
637502,969,1041
637503,966,1039
637504,966,1042
637505,970,1046
637506,971,1048
637507,972,1047
637508,971,1045
637509,970,1042
637510,975,1045
637511,978,1044
637512,985,1047
637513,985,1042
637514,983,1040
637515,981,1038
637516,984,1040
637517,988,1041
637518,992,1043
637519,992,1038
637520,995,1035
637521,995,1030
637522,992,1034
637523,993,1034
637524,995,1032
637525,998,1029
637526,994,1026
637527,991,1023
637528,993,1026
637529,995,1028
637530,997,1031
637531,994,1028
637532,996,1025
637533,996,1023
637534,999,1027
637535,1005,1030
637536,1008,1030
637537,1007,1027
637538,1006,1028
637539,1002,1029
637540,1003,1030
637541,1005,1033
637542,1008,1034
637543,1007,1033
637544,1005,1029
637545,1003,1030
637546,1002,1033
637547,1002,1038
637548,1003,1040
637549,1001,1037
637550,998,1037
637551,992,1037
637552,988,1041
637553,989,1042
637554,992,1044
637555,992,1042
637556,988,1038
637557,983,1039
637558,982,1038
637559,984,1042
637560,986,1044
637561,986,1043
637562,985,1039
637563,980,1038
637564,979,1040
637565,982,1044
637566,985,1045
637567,983,1040
637568,980,1038
637569,978,1038
637570,975,1039
637571,975,1040
637572,977,1041
637573,972,1039
637574,974,1036
637575,971,1034
637576,973,1037
637577,977,1041
637578,980,1039
637579,978,1038
637580,974,1039
637581,972,1041
637582,972,1044
637583,977,1045
637584,979,1044
637585,979,1042
637586,977,1041
637587,973,1040
637588,974,1042
637589,978,1045
637590,976,1046
637591,979,1046
637592,976,1042
637593,977,1041
637594,974,1044
637595,976,1046
637596,979,1046
637597,978,1044
637598,973,1044
637599,974,1043
637600,974,1043
637601,976,1048
637602,979,1046
637603,976,1046
637604,974,1041
637605,972,1042
637606,973,1044
637607,976,1046
637608,976,1045
637609,978,1045
637610,976,1038
637611,972,1039
637612,973,1042
637613,978,1044
637614,982,1044
637615,977,1042
637616,977,1038
637617,972,1037
637618,973,1038
637619,979,1040
637620,979,1042
637621,977,1042
637622,974,1039
637623,970,1043
637624,972,1047
637625,975,1047
637626,979,1048
637627,976,1045
637628,971,1042
637629,972,1039
637630,969,1042
637631,972,1043
637632,975,1046
637633,978,1043
637634,973,1041
637635,972,1041
637636,972,1044
637637,974,1046
637638,977,1049
637639,975,1046
637640,970,1045
637641,972,1044
637642,972,1047
637643,973,1049
637644,979,1050
637645,974,1050
637646,970,1048
637647,968,1047
637648,969,1047
637649,969,1051
637650,977,1053
637651,977,1047
637652,974,1045
637653,972,1047
637654,967,1050
637655,969,1050
637656,971,1051
637657,974,1048
637658,972,1046
637659,967,1044
637660,969,1050
637661,971,1052
637662,975,1053
637663,974,1049
637664,974,1046
637665,971,1043
637666,969,1044
637667,974,1049
637668,977,1047
637669,977,1043
637670,975,1040
637671,973,1041
637672,970,1045
637673,975,1045
637674,976,1047
637675,977,1044
637676,975,1041
637677,973,1042
637678,973,1043
637679,976,1047
637680,980,1047
637681,979,1046
637682,975,1045
637683,971,1042
637684,967,1044
637685,973,1048
637686,979,1045
637687,979,1043
637688,973,1037
637689,977,1034
637690,983,1031
637691,990,1030
637692,1000,1028
637693,1011,1021
637694,1021,1013
637695,1039,1002
637696,1064,991
637697,1093,982
637698,1120,980
637699,1149,985
637700,1176,1004
637701,1191,1025
637702,1189,1044
637703,1167,1046
637704,1132,1049
637705,1088,1063
637706,1045,1079
637707,1001,1100
637708,966,1115
637709,952,1122
637710,958,1115
637711,967,1100
637712,972,1081
637713,971,1068
637714,973,1059
637715,973,1055
637716,973,1052
637717,973,1049
637718,967,1044
637719,964,1043
637720,962,1048
637721,962,1048
637722,966,1046
637723,963,1046
637724,963,1046
637725,960,1047
637726,960,1048
637727,959,1048
637728,960,1048
637729,959,1044
637730,956,1042
637731,956,1039
637732,954,1041
637733,955,1044
637734,959,1047
637735,959,1044
637736,958,1046
637737,957,1043
637738,957,1044
637739,958,1047
637740,962,1047
637741,960,1048
637742,960,1045
637743,957,1045
637744,958,1046
637745,959,1048
637746,961,1049
637747,959,1047
637748,959,1045
637749,956,1042
637750,954,1043
637751,957,1048
637752,961,1051
637753,963,1044
637754,959,1038
637755,957,1039
637756,957,1037
637757,958,1038
637758,958,1039
637759,956,1037
637760,950,1034
637761,949,1028
637762,949,1031
637763,954,1031
637764,959,1031
637765,960,1029
637766,956,1023
637767,955,1023
637768,957,1024
637769,960,1025
637770,966,1022
637771,968,1019
637772,965,1015
637773,969,1011
637774,966,1013
637775,970,1016
637776,970,1014
637777,970,1010
637778,970,1010
637779,970,1009
637780,973,1009
637781,978,1010
637782,984,1010
637783,983,1008
637784,982,1003
637785,984,1004
637786,984,1004
637787,987,1007
637788,990,1005
637789,989,1005
637790,989,1002
637791,991,1003
637792,996,1003
637793,998,1005
637794,1003,1005
637795,1002,1003
637796,999,1001
637797,995,998
637798,995,998
637799,1002,1002
637800,1008,1005
637801,1006,1005
637802,1004,1004
637803,998,1002
637804,1000,1005
637805,999,1009
637806,1001,1014
637807,1000,1014
637808,997,1013
637809,995,1018
637810,993,1024
637811,997,1028
637812,994,1032
637813,991,1034
637814,984,1036
637815,986,1037
637816,984,1041
637817,986,1045
637818,987,1045
637819,989,1044
637820,987,1043
637821,982,1041
637822,980,1047
637823,981,1050
637824,985,1051
637825,985,1051
637826,982,1049
637827,980,1049
637828,980,1053
637829,980,1055
637830,983,1057
637831,988,1055
637832,983,1052
637833,981,1053
637834,982,1052
637835,984,1053
637836,987,1053
637837,989,1054
637838,989,1051
637839,985,1047
637840,984,1049
637841,984,1050
637842,987,1049
637843,989,1047
637844,988,1042
637845,982,1042
637846,981,1044
637847,977,1050
637848,983,1049
637849,982,1046
637850,980,1044
637851,977,1043
637852,976,1046
637853,979,1047
637854,979,1048
637855,977,1046
637856,980,1043
637857,976,1044
637858,977,1046
637859,980,1048
637860,982,1047
637861,981,1047
637862,980,1045
637863,978,1043
637864,978,1048
637865,979,1051
637866,981,1054
637867,984,1049
637868,984,1049
637869,980,1051
637870,983,1053
637871,983,1054
637872,983,1058
637873,983,1052
637874,980,1053
637875,978,1048
637876,977,1053
637877,980,1053
637878,984,1056
637879,980,1052
637880,977,1052
637881,974,1051
637882,974,1053
637883,979,1055
637884,982,1055
637885,981,1051
637886,978,1049
637887,975,1050
637888,974,1052
637889,974,1055
637890,979,1056
637891,979,1055
637892,976,1051
637893,975,1049
637894,974,1051
637895,976,1057
637896,978,1055
637897,977,1055
637898,971,1052
637899,969,1050
637900,969,1051
637901,973,1056
637902,974,1057
637903,974,1053
637904,971,1050
637905,971,1053
637906,970,1054
637907,974,1057
637908,975,1057
637909,972,1055
637910,971,1050
637911,972,1051
637912,971,1048
637913,977,1054
637914,978,1054
637915,978,1051
637916,976,1051
637917,973,1048
637918,973,1052
637919,974,1050
637920,976,1048
637921,978,1049
637922,973,1048
637923,972,1050
637924,972,1053
637925,975,1055
637926,976,1054
637927,975,1055
637928,972,1053
637929,969,1055
637930,970,1057
637931,971,1060
637932,975,1060
637933,975,1058
637934,973,1057
637935,969,1057
637936,969,1059
637937,972,1062
637938,976,1063
637939,975,1060
637940,975,1060
637941,975,1062
637942,977,1064
637943,975,1068
637944,979,1067
637945,979,1064
637946,974,1059
637947,973,1058
637948,972,1057
637949,975,1059
637950,980,1057
637951,980,1056
637952,980,1051
637953,978,1053
637954,978,1054
637955,978,1054
637956,979,1057
637957,980,1053
637958,976,1049
637959,973,1051
637960,976,1053
637961,980,1056
637962,983,1055
637963,984,1052
637964,980,1050
637965,977,1050
637966,978,1051
637967,979,1053
637968,982,1056
637969,981,1054
637970,980,1050
637971,974,1051
637972,976,1053
637973,978,1057
637974,980,1060
637975,977,1059
637976,977,1055
637977,972,1057
637978,974,1058
637979,979,1062
637980,980,1063
637981,979,1064
637982,977,1060
637983,976,1060
637984,976,1064
637985,979,1068
637986,980,1068
637987,981,1065
637988,980,1063
637989,978,1062
637990,978,1065
637991,980,1065
637992,986,1061
637993,985,1057
637994,982,1057
637995,983,1053
637996,984,1053
637997,987,1056
637998,990,1057
637999,993,1053
638000,990,1050
638001,987,1049
638002,990,1052
638003,989,1055
638004,993,1053
638005,992,1054
638006,992,1050
638007,992,1050
638008,988,1052
638009,997,1052
638010,1001,1049
638011,1004,1045
638012,1004,1037
638013,1009,1036
638014,1021,1036
638015,1035,1033
638016,1052,1029
638017,1070,1021
638018,1093,1010
638019,1121,996
638020,1155,986
638021,1193,987
638022,1227,991
638023,1254,1005
638024,1270,1021
638025,1263,1035
638026,1240,1044
638027,1198,1050
638028,1149,1062
638029,1092,1076
638030,1037,1086
638031,994,1095
638032,972,1103
638033,969,1103
638034,975,1092
638035,983,1080
638036,983,1071
638037,982,1066
638038,982,1065
638039,982,1066
638040,981,1064
638041,979,1060
638042,974,1058
638043,969,1058
638044,971,1056
638045,972,1058
638046,973,1059
638047,973,1057
638048,970,1053
638049,967,1052
638050,967,1051
638051,972,1056
638052,971,1056
638053,968,1054
638054,967,1051
638055,962,1051
638056,966,1052
638057,966,1055
638058,969,1056
638059,965,1054
638060,965,1050
638061,964,1048
638062,966,1053
638063,966,1053
638064,964,1057
638065,965,1053
638066,962,1052
638067,959,1054
638068,960,1057
638069,963,1056
638070,964,1056
638071,960,1055
638072,958,1055
638073,956,1054
638074,956,1061
638075,962,1061
638076,965,1065
638077,966,1060
638078,962,1058
638079,962,1058
638080,963,1059
638081,968,1062
638082,972,1061
638083,969,1059
638084,961,1054
638085,963,1052
638086,967,1054
638087,969,1053
638088,975,1052
638089,974,1049
638090,972,1045
638091,970,1043
638092,970,1046
638093,973,1046
638094,975,1047
638095,975,1040
638096,975,1041
638097,973,1038
638098,977,1039
638099,980,1041
638100,986,1039
638101,983,1035
638102,983,1033
638103,980,1034
638104,984,1034
638105,987,1034
638106,992,1034
638107,989,1031
638108,987,1027
638109,986,1026
638110,987,1027
638111,992,1030
638112,994,1027
638113,994,1026
638114,991,1024
638115,987,1024
638116,989,1023
638117,994,1025
638118,998,1028
638119,998,1026
638120,997,1022
638121,995,1021
638122,996,1025
638123,999,1026
638124,1004,1028
638125,1003,1027
638126,1002,1023
638127,999,1026
638128,1003,1028
638129,1003,1032
638130,1011,1033
638131,1012,1032
638132,1009,1032
638133,1007,1031
638134,1009,1033
638135,1008,1039
638136,1010,1036
638137,1009,1038
638138,1005,1036
638139,1002,1035
638140,1000,1037
638141,1002,1041
638142,1004,1043
638143,1000,1042
638144,993,1040
638145,991,1042
638146,990,1048
638147,988,1052
638148,992,1053
638149,990,1050
638150,987,1050
638151,982,1052
638152,981,1053
638153,985,1061
638154,987,1058
638155,985,1058
638156,980,1055
638157,981,1055
638158,977,1058
638159,980,1060
638160,986,1061
638161,984,1057
638162,982,1052
638163,981,1054
638164,980,1055
638165,983,1056
638166,985,1053
638167,985,1055
638168,983,1051
638169,980,1051
638170,981,1050
638171,985,1057
638172,987,1058
638173,985,1055
638174,983,1055
638175,980,1054
638176,981,1058
638177,986,1061
638178,988,1062
638179,986,1060
638180,982,1056
638181,981,1059
638182,982,1059
638183,982,1062
638184,985,1059
638185,984,1057
638186,982,1053
638187,980,1052
638188,982,1056
638189,983,1058
638190,986,1057
638191,986,1053
638192,984,1052
638193,982,1051
638194,981,1053
638195,984,1057
638196,983,1056
638197,986,1055
638198,982,1051
638199,979,1052
638200,980,1057
638201,984,1057
638202,986,1059
638203,985,1058
638204,984,1053
638205,979,1053
638206,980,1055
638207,986,1059
638208,986,1057
638209,985,1055
638210,983,1051
638211,979,1053
638212,982,1055
638213,983,1057
638214,985,1055
638215,983,1055
638216,979,1053
638217,977,1053
638218,977,1057
638219,979,1060
638220,983,1057
638221,980,1055
638222,978,1051
638223,978,1054
638224,977,1058
638225,980,1059
638226,986,1060
638227,985,1057
638228,981,1056
638229,981,1055
638230,982,1061
638231,984,1059
638232,988,1060
638233,985,1059
638234,982,1057
638235,979,1056
638236,981,1058
638237,987,1061
638238,988,1059
638239,989,1056
638240,989,1055
638241,986,1059
638242,986,1062
638243,989,1061
638244,990,1061
638245,987,1057
638246,984,1054
638247,983,1054
638248,985,1059
638249,990,1060
638250,993,1057
638251,991,1056
638252,986,1053
638253,985,1050
638254,989,1048
638255,997,1047
638256,1005,1044
638257,1012,1039
638258,1021,1031
638259,1034,1029
638260,1055,1027
638261,1079,1019
638262,1108,1008
638263,1135,995
638264,1168,990
638265,1200,989
638266,1231,1005
638267,1255,1024
638268,1263,1041
638269,1242,1047
638270,1204,1045
638271,1153,1054
638272,1101,1073
638273,1050,1092
638274,1009,1105
638275,974,1108
638276,962,1103
638277,963,1095
638278,969,1087
638279,979,1077
638280,988,1069
638281,986,1063
638282,982,1059
638283,977,1060
638284,971,1062
638285,976,1063
638286,976,1066
638287,971,1063
638288,965,1058
638289,962,1057
638290,967,1062
638291,969,1066
638292,972,1065
638293,968,1061
638294,967,1060
638295,964,1059
638296,966,1061
638297,966,1063
638298,970,1061
638299,966,1059
638300,962,1057
638301,964,1057
638302,964,1059
638303,965,1060
638304,966,1062
638305,961,1059
638306,962,1056
638307,958,1054
638308,961,1056
638309,963,1060
638310,964,1059
638311,964,1055
638312,960,1052
638313,955,1050
638314,959,1055
638315,963,1055
638316,963,1053
638317,964,1050
638318,961,1047
638319,961,1046
638320,964,1047
638321,966,1052
638322,970,1050
638323,970,1051
638324,965,1044
638325,964,1048
638326,963,1047
638327,964,1052
638328,967,1050
638329,968,1046
638330,967,1043
638331,964,1041
638332,963,1046
638333,966,1046
638334,969,1046
638335,969,1043
638336,967,1040
638337,968,1039
638338,968,1039
638339,970,1042
638340,977,1039
638341,977,1035
638342,974,1033
638343,975,1032
638344,976,1033
638345,980,1032
638346,984,1031
638347,983,1028
638348,981,1024
638349,979,1022
638350,981,1023
638351,986,1021
638352,990,1021
638353,989,1019
638354,991,1013
638355,988,1013
638356,987,1011
638357,990,1012
638358,992,1010
638359,993,1011
638360,993,1007
638361,994,1009
638362,996,1008
638363,1001,1012
638364,1002,1009
638365,1001,1004
638366,998,1000
638367,999,1003
638368,996,1004
638369,1000,1008
638370,1002,1007
638371,1000,1006
638372,999,1008
638373,998,1010
638374,997,1011
638375,1001,1014
638376,1004,1016
638377,1006,1012
638378,1001,1014
638379,998,1013
638380,995,1021
638381,999,1024
638382,1002,1026
638383,997,1025
638384,995,1026
638385,991,1029
638386,993,1034
638387,992,1041
638388,993,1040
638389,992,1042
638390,989,1043
638391,985,1045
638392,986,1050
638393,988,1054
638394,990,1055
638395,990,1054
638396,987,1052
638397,982,1053
638398,983,1055
638399,984,1059
638400,987,1062
638401,988,1061
638402,984,1058
638403,985,1055
638404,985,1058
638405,986,1057
638406,989,1053
638407,989,1053
638408,987,1052
638409,982,1051
638410,984,1055
638411,986,1056
638412,991,1054
638413,989,1051
638414,986,1050
638415,983,1051
638416,983,1052
638417,988,1056
638418,990,1053
638419,989,1051
638420,986,1049
638421,984,1049
638422,983,1056
638423,983,1055
638424,988,1056
638425,986,1052
638426,983,1049
638427,980,1048
638428,979,1052
638429,983,1055
638430,983,1054
638431,982,1053
638432,979,1050
638433,975,1052
638434,974,1054
638435,976,1058
638436,979,1055
638437,980,1055
638438,977,1055
638439,976,1054
638440,977,1054
638441,977,1058
638442,982,1058
638443,980,1056
638444,979,1054
638445,975,1055
638446,976,1057
638447,981,1057
638448,984,1059
638449,983,1057
638450,979,1055
638451,979,1055
638452,982,1056
638453,984,1059
638454,983,1059
638455,983,1056
638456,979,1055
638457,978,1053
638458,981,1053
638459,981,1056
638460,985,1055
638461,984,1052
638462,981,1049
638463,977,1049
638464,979,1053
638465,981,1055
638466,983,1054
638467,978,1053
638468,977,1050
638469,976,1049
638470,977,1054
638471,978,1056
638472,977,1055
638473,976,1055
638474,971,1051
638475,973,1052
638476,975,1055
638477,978,1058
638478,978,1056
638479,975,1055
638480,972,1055
638481,972,1055
638482,975,1060
638483,977,1062
638484,980,1061
638485,978,1057
638486,979,1056
638487,975,1055
638488,975,1057
638489,977,1061
638490,982,1058
638491,979,1055
638492,976,1051
638493,974,1052
638494,977,1054
638495,979,1057
638496,983,1055
638497,982,1054
638498,982,1051
638499,980,1053
638500,980,1056
638501,984,1057
638502,986,1057
638503,987,1055
638504,985,1052
638505,984,1050
638506,987,1052
638507,990,1053
638508,993,1051
638509,995,1043
638510,1000,1040
638511,1002,1036
638512,1015,1035
638513,1032,1033
638514,1050,1029
638515,1071,1020
638516,1096,1007
638517,1124,995
638518,1158,991
638519,1190,993
638520,1222,999
638521,1250,1017
638522,1267,1032
638523,1266,1049
638524,1246,1055
638525,1214,1059
638526,1173,1064
638527,1123,1074
638528,1067,1089
638529,1012,1105
638530,971,1116
638531,953,1124
638532,954,1118
638533,961,1104
638534,965,1090
638535,971,1082
638536,974,1077
638537,977,1072
638538,976,1068
638539,973,1062
638540,969,1058
638541,966,1058
638542,965,1061
638543,967,1065
638544,967,1064
638545,963,1061
638546,959,1060
638547,954,1059
638548,957,1061
638549,957,1065
638550,960,1063
638551,958,1062
638552,956,1058
638553,953,1056
638554,953,1062
638555,955,1063
638556,960,1066
638557,957,1060
638558,952,1058
638559,952,1059
638560,956,1061
638561,958,1063
638562,961,1063
638563,960,1061
638564,956,1055
638565,955,1056
638566,955,1059
638567,958,1064
638568,960,1063
638569,960,1058
638570,958,1056
638571,956,1056
638572,958,1059
638573,961,1062
638574,963,1061
638575,961,1058
638576,956,1053
638577,955,1055
638578,954,1057
638579,956,1059
638580,957,1056
638581,956,1057
638582,955,1049
638583,953,1053
638584,957,1054
638585,957,1056
638586,959,1055
638587,959,1054
638588,956,1050
638589,953,1050
638590,958,1049
638591,963,1054
638592,962,1051
638593,962,1050
638594,960,1046
638595,963,1047
638596,964,1047
638597,965,1050
638598,967,1046
638599,969,1045
638600,966,1039
638601,964,1039
638602,966,1039
638603,971,1042
638604,975,1039
638605,972,1038
638606,970,1031
638607,968,1028
638608,970,1031
638609,974,1033
638610,978,1032
638611,979,1029
638612,977,1024
638613,977,1026
638614,977,1023
638615,980,1028
638616,982,1027
638617,982,1023
638618,977,1021
638619,979,1020
638620,982,1022
638621,985,1023
638622,987,1024
638623,988,1019
638624,989,1017
638625,987,1019
638626,989,1020
638627,994,1024
638628,997,1024
638629,998,1021
638630,996,1019
638631,995,1021
638632,998,1024
638633,1001,1025
638634,1005,1024
638635,1006,1023
638636,1003,1019
638637,1003,1025
638638,999,1030
638639,1006,1035
638640,1003,1035
638641,1002,1037
638642,1001,1038
638643,996,1042
638644,998,1048
638645,1001,1051
638646,1001,1052
638647,999,1054
638648,991,1052
638649,987,1055
638650,988,1058
638651,987,1062
638652,988,1060
638653,987,1060
638654,984,1059
638655,981,1061
638656,982,1065
638657,985,1064
638658,983,1064
638659,982,1060
638660,980,1057
638661,975,1057
638662,973,1061
638663,975,1061
638664,977,1062
638665,975,1059
638666,972,1055
638667,970,1056
638668,974,1059
638669,977,1060
638670,979,1057
638671,978,1056
638672,973,1055
638673,972,1054
638674,972,1056
638675,975,1059
638676,978,1056
638677,980,1055
638678,979,1053
638679,972,1054
638680,976,1054
638681,980,1059
638682,986,1056
638683,984,1054
638684,980,1053
638685,977,1050
638686,978,1055
638687,983,1056
638688,982,1054
638689,983,1055
638690,981,1051
638691,980,1055
638692,978,1056
638693,981,1059
638694,984,1059
638695,985,1056
638696,986,1055
638697,981,1055
638698,982,1058
638699,982,1061
638700,986,1059
638701,984,1058
638702,980,1056
638703,978,1056
638704,979,1056
638705,979,1058
638706,981,1059
638707,978,1056
638708,972,1055
638709,970,1054
638710,971,1059
638711,975,1061
638712,979,1061
638713,979,1061
638714,978,1055
638715,973,1056
638716,977,1056
638717,979,1060
638718,982,1058
638719,982,1055
638720,977,1053
638721,975,1055
638722,977,1058
638723,975,1061
638724,982,1062
638725,980,1057
638726,977,1057
638727,975,1056
638728,975,1060
638729,977,1062
638730,978,1061
638731,979,1059
638732,978,1059
638733,975,1059
638734,974,1061
638735,978,1063
638736,981,1062
638737,979,1059
638738,978,1058
638739,973,1058
638740,975,1063
638741,977,1064
638742,979,1064
638743,978,1064
638744,975,1060
638745,974,1058
638746,974,1060
638747,979,1062
638748,981,1060
638749,978,1059
638750,976,1056
638751,976,1055
638752,976,1059
638753,978,1060
638754,978,1059
638755,975,1056
638756,975,1054
638757,974,1054
638758,974,1055
638759,978,1058
638760,981,1058
638761,978,1055
638762,974,1052
638763,973,1053
638764,977,1056
638765,980,1058
638766,983,1058
638767,983,1053
638768,980,1050
638769,980,1050
638770,977,1053
638771,980,1053
638772,984,1055
638773,982,1050
638774,983,1046
638775,983,1045
638776,987,1043
638777,994,1046
638778,1004,1041
638779,1016,1037
638780,1030,1031
638781,1048,1027
638782,1075,1021
638783,1106,1011
638784,1142,996
638785,1175,985
638786,1209,981
638787,1240,989
638788,1270,1004
638789,1286,1024
638790,1278,1035
638791,1241,1037
638792,1188,1042
638793,1130,1058
638794,1073,1079
638795,1023,1091
638796,983,1099
638797,963,1100
638798,963,1097
638799,969,1088
638800,979,1080
638801,983,1073
638802,982,1067
638803,982,1062
638804,975,1061
638805,971,1060
638806,967,1064
638807,969,1066
638808,973,1063
638809,968,1059
638810,966,1056
638811,964,1058
638812,962,1060
638813,963,1063
638814,964,1061
638815,963,1059
638816,962,1056
638817,960,1058
638818,960,1059
638819,962,1061
638820,964,1059
638821,961,1057
638822,956,1055
638823,955,1057
638824,955,1058
638825,960,1062
638826,964,1060
638827,962,1059
638828,960,1057
638829,955,1060
638830,956,1061
638831,956,1062
638832,960,1061
638833,956,1059
638834,955,1055
638835,954,1056
638836,957,1058
638837,962,1061
638838,964,1061
638839,959,1059
638840,958,1057
638841,956,1060
638842,957,1061
638843,961,1063
638844,963,1060
638845,963,1059
638846,957,1054
638847,957,1055
638848,958,1059
638849,959,1059
638850,961,1058
638851,961,1055
638852,955,1052
638853,955,1051
638854,957,1053
638855,960,1053
638856,965,1053
638857,962,1049
638858,964,1048
638859,964,1049
638860,964,1049
638861,966,1049
638862,968,1046
638863,969,1046
638864,968,1039
638865,967,1040
638866,971,1043
638867,976,1043
638868,975,1041
638869,975,1036
638870,973,1033
638871,974,1034
638872,978,1033
638873,982,1035
638874,984,1035
638875,985,1034
638876,982,1027
638877,981,1030
638878,982,1030
638879,987,1034
638880,990,1031
638881,989,1029
638882,986,1025
638883,986,1024
638884,989,1025
638885,994,1030
638886,996,1027
638887,995,1024
638888,994,1024
638889,995,1025
638890,996,1025
638891,999,1029
638892,1001,1025
638893,1003,1023
638894,1000,1022
638895,997,1023
638896,1001,1025
638897,1007,1027
638898,1008,1026
638899,1008,1027
638900,1009,1025
638901,1007,1029
638902,1009,1032
638903,1011,1035
638904,1012,1035
638905,1010,1036
638906,1003,1036
638907,1001,1037
638908,999,1042
638909,1004,1046
638910,999,1046
638911,998,1045
638912,990,1045
638913,988,1049
638914,988,1053
638915,992,1055
638916,994,1057
638917,990,1053
638918,988,1054
638919,988,1055
638920,988,1058
638921,991,1060
638922,991,1058
638923,987,1057
638924,982,1055
638925,980,1057
638926,983,1058
638927,983,1060
638928,986,1061
638929,981,1058
638930,979,1055
638931,979,1054
638932,982,1055
638933,986,1056
638934,986,1053
638935,986,1052
638936,983,1050
638937,983,1048
638938,984,1053
638939,988,1055
638940,992,1054
638941,990,1050
638942,988,1048
638943,989,1049
638944,988,1051
638945,989,1053
638946,992,1052
638947,988,1051
638948,988,1044
638949,987,1050
638950,990,1051
638951,990,1054
638952,993,1052
638953,992,1052
638954,989,1050
638955,986,1052
638956,988,1054
638957,987,1056
638958,990,1055
638959,989,1055
638960,987,1055
638961,983,1054
638962,982,1057
638963,985,1061
638964,984,1060
638965,982,1058
638966,978,1057
638967,976,1060
638968,979,1061
638969,983,1062
638970,984,1062
638971,981,1060
638972,980,1058
638973,978,1058
638974,976,1060
638975,981,1060
638976,982,1059
638977,979,1055
638978,976,1055
638979,981,1052
638980,981,1053
638981,983,1055
638982,984,1055
638983,983,1052
638984,979,1050
638985,976,1051
638986,977,1055
638987,978,1058
638988,983,1052
638989,983,1053
638990,982,1052
638991,980,1051
638992,984,1054
638993,985,1055
638994,983,1056
638995,983,1051
638996,978,1051
638997,979,1053
638998,981,1055
638999,982,1060
639000,983,1057
639001,982,1052
639002,979,1053
639003,978,1054
639004,979,1057
639005,982,1059
639006,984,1061
639007,981,1056
639008,977,1057
639009,974,1057
639010,978,1061
639011,979,1061
639012,980,1062
639013,978,1060
639014,976,1056
639015,973,1057
639016,975,1059
639017,979,1063
639018,981,1061
639019,978,1061
639020,976,1057
639021,975,1055
639022,975,1060
639023,977,1060
639024,979,1056
639025,979,1055
639026,977,1053
639027,977,1055
639028,979,1054
639029,981,1058
639030,982,1057
639031,979,1054
639032,976,1051
639033,976,1051
639034,981,1053
639035,984,1056
639036,986,1056
639037,984,1052
639038,982,1051
639039,980,1049
639040,978,1053
639041,982,1055
639042,984,1055
639043,981,1054
639044,980,1052
639045,979,1053
639046,978,1054
639047,982,1059
639048,984,1056
639049,983,1056
639050,979,1055
639051,978,1052
639052,981,1059
639053,980,1062
639054,983,1060
639055,982,1057
639056,979,1055
639057,979,1056
639058,979,1059
639059,982,1061
639060,987,1060
639061,984,1058
639062,980,1054
639063,981,1057
639064,982,1059
639065,984,1060
639066,984,1060
639067,983,1057
639068,979,1056
639069,980,1057
639070,983,1058
639071,983,1059
639072,986,1058
639073,985,1053
639074,983,1052
639075,984,1051
639076,984,1052
639077,988,1055
639078,990,1054
639079,990,1053
639080,987,1049
639081,984,1048
639082,987,1051
639083,992,1053
639084,992,1051
639085,990,1051
639086,985,1047
639087,985,1049
639088,985,1053
639089,987,1059
639090,988,1054
639091,986,1054
639092,981,1051
639093,983,1052
639094,986,1055
639095,986,1055
639096,984,1057
639097,986,1056
639098,983,1054
639099,984,1055
639100,986,1058
639101,987,1058
639102,988,1058
639103,988,1054
639104,986,1053
639105,984,1055
639106,986,1057
639107,987,1059
639108,989,1059
639109,988,1053
639110,986,1052
639111,985,1057
639112,987,1057
639113,990,1060
639114,995,1059
639115,993,1055
639116,990,1054
639117,987,1054
639118,990,1057
639119,993,1060
639120,995,1059
639121,997,1056
639122,996,1053
639123,996,1049
639124,996,1052
639125,1001,1052
639126,1004,1046
639127,1006,1041
639128,1010,1037
639129,1017,1033
639130,1035,1034
639131,1056,1030
639132,1081,1018
639133,1108,1007
639134,1139,990
639135,1171,979
639136,1204,976
639137,1242,979
639138,1279,984
639139,1300,999
639140,1296,1013
639141,1264,1026
639142,1214,1039
639143,1157,1050
639144,1100,1062
639145,1044,1069
639146,1000,1070
639147,982,1076
639148,985,1075
639149,997,1069
639150,1009,1060
639151,1005,1054
639152,997,1050
639153,989,1054
639154,987,1055
639155,989,1057
639156,986,1055
639157,982,1057
639158,981,1055
639159,977,1057
639160,976,1057
639161,977,1058
639162,977,1059
639163,976,1059
639164,974,1056
639165,971,1058
639166,971,1059
639167,973,1061
639168,973,1060
639169,973,1055
639170,973,1052
639171,972,1053
639172,971,1055
639173,973,1057
639174,974,1057
639175,973,1053
639176,968,1050
639177,967,1052
639178,967,1052
639179,969,1054
639180,968,1055
639181,970,1052
639182,965,1051
639183,962,1051
639184,965,1055
639185,967,1057
639186,968,1055
639187,968,1055
639188,965,1054
639189,961,1051
639190,964,1054
639191,968,1055
639192,971,1053
639193,968,1051
639194,965,1049
639195,968,1050
639196,971,1054
639197,976,1056
639198,971,1055
639199,976,1050
639200,972,1048
639201,968,1049
639202,971,1053
639203,980,1057
639204,981,1053
639205,979,1050
639206,982,1049
639207,980,1049
639208,980,1052
639209,983,1057
639210,986,1053
639211,990,1051
639212,990,1049
639213,991,1051
639214,993,1052
639215,998,1053
639216,1001,1052
639217,1003,1047
639218,998,1041
639219,999,1036
639220,1000,1036
639221,1004,1035
639222,1008,1032
639223,1005,1026
639224,1006,1024
639225,1004,1023
639226,1008,1023
639227,1009,1026
639228,1013,1027
639229,1014,1023
639230,1011,1021
639231,1011,1023
639232,1014,1024
639233,1017,1025
639234,1020,1023
639235,1020,1021
639236,1016,1017
639237,1016,1018
639238,1018,1022
639239,1019,1024
639240,1021,1021
639241,1019,1022
639242,1020,1018
639243,1020,1017
639244,1022,1022
639245,1025,1025
639246,1024,1025
639247,1023,1025
639248,1019,1025
639249,1019,1028
639250,1018,1033
639251,1020,1039
639252,1017,1039
639253,1013,1042
639254,1010,1041
639255,1007,1046
639256,1004,1048
639257,1002,1051
639258,1005,1052
639259,999,1053
639260,1001,1048
639261,999,1053
639262,998,1055
639263,999,1058
639264,1000,1056
639265,998,1054
639266,994,1051
639267,987,1051
639268,990,1052
639269,992,1055
639270,993,1053
639271,994,1048
639272,987,1046
639273,983,1046
639274,984,1049
639275,990,1051
639276,993,1050
639277,989,1046
639278,985,1044
639279,983,1046
639280,985,1049
639281,989,1050
639282,989,1046
639283,990,1046
639284,989,1044
639285,988,1045
639286,988,1045
639287,992,1046
639288,994,1046
639289,991,1043
639290,989,1042
639291,988,1043
639292,989,1045
639293,990,1049
639294,992,1048
639295,988,1045
639296,987,1044
639297,987,1048
639298,989,1052
639299,994,1054
639300,995,1054
639301,990,1051
639302,988,1049
639303,988,1052
639304,990,1055
639305,992,1061
639306,994,1059
639307,990,1052
639308,987,1052
639309,990,1053
639310,989,1055
639311,993,1054
639312,994,1053
639313,991,1050
639314,988,1046
639315,985,1047
639316,986,1049
639317,988,1052
639318,986,1051
639319,985,1048
639320,986,1043
639321,984,1044
639322,985,1045
639323,989,1049
639324,988,1048
639325,988,1044
639326,986,1044
639327,981,1044
639328,984,1044
639329,986,1048
639330,991,1049
639331,987,1045
639332,984,1043
639333,985,1042
639334,987,1048
639335,990,1047
639336,992,1049
639337,990,1046
639338,986,1043
639339,984,1045
639340,988,1049
639341,988,1051
639342,991,1047
639343,989,1045
639344,986,1044
639345,985,1044
639346,985,1048
639347,986,1053
639348,988,1052
639349,984,1053
639350,980,1051
639351,979,1053
639352,981,1059
639353,985,1063
639354,985,1059
639355,982,1054
639356,978,1050
639357,978,1050
639358,979,1052
639359,983,1057
639360,983,1055
639361,981,1052
639362,978,1050
639363,977,1051
639364,978,1057
639365,981,1057
639366,982,1058
639367,981,1056
639368,978,1052
639369,975,1055
639370,978,1056
639371,980,1055
639372,982,1054
639373,981,1051
639374,980,1051
639375,977,1049
639376,981,1053
639377,982,1054
639378,984,1055
639379,984,1052
639380,981,1048
639381,980,1047
639382,979,1051
639383,986,1053
639384,986,1051
639385,983,1048
639386,980,1046
639387,979,1045
639388,982,1048
639389,985,1050
639390,985,1049
639391,984,1046
639392,976,1045
639393,976,1046
639394,979,1048
639395,982,1053
639396,988,1051
639397,983,1050
639398,980,1046
639399,976,1049
639400,980,1053
639401,980,1058
639402,980,1055
639403,979,1055
639404,976,1052
639405,973,1050
639406,980,1054
639407,982,1056
639408,983,1055
639409,977,1053
639410,977,1054
639411,979,1055
639412,980,1057
639413,983,1059
639414,986,1057
639415,981,1055
639416,980,1054
639417,978,1054
639418,979,1058
639419,981,1061
639420,984,1057
639421,985,1054
639422,983,1053
639423,981,1051
639424,983,1053
639425,987,1060
639426,991,1055
639427,988,1051
639428,983,1048
639429,979,1049
639430,984,1051
639431,989,1051
639432,989,1048
639433,989,1048
639434,988,1047
639435,986,1045
639436,986,1048
639437,988,1050
639438,987,1046
639439,987,1045
639440,986,1042
639441,984,1043
639442,984,1046
639443,988,1050
639444,989,1048
639445,985,1046
639446,982,1046
639447,982,1047
639448,984,1050
639449,983,1052
639450,986,1050
639451,984,1048
639452,980,1045
639453,978,1047
639454,979,1049
639455,983,1053
639456,982,1053
639457,982,1053
639458,978,1049
639459,979,1051
639460,982,1054
639461,981,1055
639462,983,1055
639463,983,1050
639464,978,1048
639465,980,1051
639466,981,1049
639467,983,1053
639468,984,1053
639469,982,1050
639470,979,1049
639471,976,1050
639472,978,1053
639473,982,1055
639474,984,1053
639475,982,1052
639476,980,1048
639477,981,1051
639478,981,1052
639479,987,1055
639480,990,1052
639481,988,1049
639482,985,1048
639483,984,1051
639484,988,1053
639485,990,1053
639486,991,1051
639487,992,1050
639488,990,1046
639489,987,1046
639490,988,1046
639491,990,1051
639492,990,1048
639493,989,1046
639494,985,1043
639495,985,1047
639496,989,1045
639497,994,1050
639498,995,1048
639499,990,1046
639500,988,1043
639501,988,1043
639502,988,1045
639503,991,1046
639504,989,1045
639505,988,1043
639506,984,1041
639507,984,1041
639508,987,1043
639509,990,1046
639510,990,1043
639511,989,1043
639512,986,1038
639513,986,1042
639514,984,1041
639515,985,1047
639516,987,1045
639517,985,1043
639518,980,1043
639519,977,1045
639520,980,1047
639521,983,1051
639522,986,1050
639523,986,1048
639524,983,1047
639525,984,1050
639526,987,1051
639527,992,1055
639528,994,1052
639529,992,1051
639530,989,1050
639531,989,1049
639532,992,1051
639533,994,1054
639534,1000,1052
639535,998,1047
639536,994,1043
639537,1002,1038
639538,1009,1037
639539,1024,1034
639540,1040,1025
639541,1056,1017
639542,1080,1010
639543,1108,996
639544,1145,984
639545,1178,975
639546,1212,972
639547,1244,971
639548,1271,979
639549,1285,995
639550,1281,1015
639551,1257,1030
639552,1213,1037
639553,1156,1042
639554,1100,1052
639555,1051,1063
639556,1009,1072
639557,989,1078
639558,986,1075
639559,993,1065
639560,999,1052
639561,1003,1043
639562,1001,1045
639563,996,1047
639564,994,1045
639565,990,1041
639566,988,1042
639567,984,1041
639568,983,1043
639569,981,1049
639570,981,1045
639571,979,1044
639572,976,1040
639573,969,1044
639574,970,1048
639575,974,1050
639576,972,1050
639577,968,1047
639578,969,1045
639579,969,1047
639580,966,1047
639581,967,1050
639582,964,1049
639583,964,1047
639584,960,1044
639585,958,1049
639586,965,1052
639587,966,1055
639588,966,1058
639589,967,1053
639590,962,1053
639591,964,1052
639592,963,1055
639593,966,1058
639594,969,1060
639595,970,1058
639596,967,1057
639597,965,1054
639598,970,1061
639599,974,1063
639600,976,1059
639601,973,1057
639602,970,1053
639603,971,1053
639604,973,1053
639605,973,1056
639606,977,1056
639607,973,1053
639608,973,1046
639609,971,1043
639610,974,1046
639611,978,1048
639612,979,1046
639613,979,1042
639614,975,1042
639615,975,1039
639616,978,1039
639617,982,1041
639618,985,1039
639619,985,1036
639620,984,1028
639621,983,1031
639622,985,1032
639623,988,1033
639624,989,1034
639625,988,1030
639626,986,1029
639627,987,1027
639628,991,1028
639629,994,1030
639630,993,1030
639631,992,1028
639632,990,1025
639633,990,1027
639634,992,1028
639635,996,1029
639636,1000,1028
639637,997,1027
639638,997,1027
639639,996,1028
639640,999,1031
639641,1002,1033
639642,1005,1033
639643,1005,1030
639644,1002,1028
639645,1001,1029
639646,1004,1031
639647,1008,1033
639648,1009,1031
639649,1012,1029
639650,1009,1022
639651,1013,1025
639652,1012,1027
639653,1021,1027
639654,1021,1027
639655,1018,1026
639656,1015,1024
639657,1016,1022
639658,1017,1024
639659,1020,1027
639660,1020,1026
639661,1018,1024
639662,1011,1021
639663,1010,1024
639664,1012,1026
639665,1015,1030
639666,1012,1032
639667,1008,1030
639668,999,1030
639669,998,1032
639670,997,1038
639671,1000,1043
639672,997,1042
639673,992,1040
639674,988,1037
639675,986,1042
639676,990,1047
639677,990,1050
639678,991,1049
639679,989,1048
639680,988,1045
639681,983,1048
639682,987,1048
639683,989,1052
639684,992,1050
639685,992,1048
639686,988,1047
639687,986,1047
639688,989,1051
639689,994,1049
639690,994,1051
639691,991,1050
639692,990,1047
639693,988,1046
639694,991,1052
639695,990,1050
639696,991,1048
639697,990,1045
639698,989,1042
639699,989,1042
639700,988,1045
639701,995,1047
639702,994,1046
639703,993,1045
639704,991,1042
639705,991,1041
639706,990,1046
639707,995,1049
639708,992,1048
639709,990,1043
639710,988,1043
639711,987,1043
639712,989,1048
639713,993,1048
639714,994,1047
639715,993,1041
639716,985,1041
639717,985,1040
639718,988,1043
639719,992,1047
639720,992,1048
639721,991,1044
639722,984,1043
639723,985,1046
639724,987,1047
639725,991,1051
639726,986,1050
639727,987,1046
639728,984,1046
639729,983,1046
639730,983,1051
639731,991,1053
639732,991,1051
639733,990,1051
639734,986,1048
639735,986,1050
639736,988,1055
639737,989,1055
639738,990,1052
639739,989,1049
639740,986,1047
639741,986,1049
639742,986,1051
639743,989,1054
639744,989,1051
639745,988,1048
639746,985,1045
639747,984,1048
639748,983,1049
639749,986,1052
639750,986,1051
639751,982,1048
639752,978,1048
639753,977,1050
639754,980,1053
639755,982,1057
639756,980,1057
639757,981,1052
639758,979,1053
639759,979,1051
639760,981,1055
639761,984,1054
639762,986,1054
639763,983,1050
639764,980,1049
639765,979,1051
639766,979,1055
639767,982,1056
639768,980,1055
639769,982,1052
639770,978,1049
639771,978,1049
639772,982,1053
639773,983,1056
639774,984,1056
639775,981,1051
639776,981,1048
639777,980,1050
639778,982,1052
639779,984,1054
639780,985,1052
639781,983,1052
639782,983,1049
639783,979,1053
639784,981,1052
639785,983,1056
639786,984,1055
639787,985,1055
639788,980,1053
639789,978,1052
639790,978,1051
639791,981,1055
639792,982,1056
639793,982,1053
639794,982,1051
639795,981,1054
639796,984,1058
639797,984,1055
639798,984,1056
639799,982,1055
639800,981,1052
639801,980,1053
639802,981,1058
639803,986,1061
639804,988,1059
639805,985,1058
639806,981,1056
639807,984,1058
639808,985,1058
639809,987,1061
639810,990,1058
639811,988,1057
639812,985,1056
639813,986,1056
639814,984,1059
639815,986,1059
639816,990,1061
639817,989,1056
639818,985,1055
639819,984,1055
639820,983,1057
639821,988,1057
639822,989,1055
639823,986,1051
639824,978,1049
639825,982,1050
639826,983,1051
639827,986,1055
639828,989,1054
639829,986,1050
639830,983,1050
639831,986,1048
639832,990,1052
639833,991,1052
639834,992,1050
639835,992,1050
639836,992,1046
639837,989,1047
639838,991,1048
639839,998,1048
639840,1000,1043
639841,1008,1039
639842,1016,1031
639843,1029,1029
639844,1046,1027
639845,1074,1021
639846,1108,1004
639847,1141,986
639848,1174,976
639849,1210,978
639850,1249,991
639851,1278,1013
639852,1283,1034
639853,1252,1041
639854,1198,1047
639855,1137,1059
639856,1079,1082
639857,1028,1099
639858,990,1105
639859,968,1101
639860,969,1093
639861,977,1083
639862,989,1070
639863,997,1069
639864,994,1060
639865,987,1059
639866,985,1057
639867,978,1058
639868,977,1061
639869,974,1061
639870,975,1059
639871,972,1057
639872,972,1053
639873,973,1055
639874,974,1059
639875,975,1062
639876,976,1059
639877,975,1056
639878,972,1053
639879,969,1055
639880,970,1055
639881,972,1059
639882,976,1059
639883,972,1055
639884,970,1053
639885,969,1050
639886,972,1054
639887,972,1057
639888,973,1054
639889,970,1050
639890,970,1047
639891,969,1050
639892,972,1053
639893,975,1053
639894,973,1051
639895,974,1050
639896,968,1048
639897,971,1052
639898,971,1054
639899,971,1054
639900,970,1054
639901,967,1050
639902,966,1050
639903,966,1051
639904,968,1051
639905,972,1055
639906,973,1054
639907,970,1051
639908,968,1048
639909,967,1049
639910,968,1051
639911,974,1051
639912,970,1051
639913,973,1045
639914,975,1043
639915,976,1044
639916,980,1044
639917,983,1047
639918,985,1044
639919,983,1041
639920,983,1035
639921,985,1036
639922,989,1038
639923,993,1038
639924,995,1035
639925,994,1031
639926,994,1029
639927,995,1028
639928,996,1026
639929,999,1030
639930,1001,1027
639931,999,1025
639932,994,1020
639933,997,1021
639934,999,1023
639935,1005,1025
639936,1005,1024
639937,1006,1022
639938,1004,1017
639939,1004,1020
639940,1007,1020
639941,1009,1022
639942,1012,1018
639943,1012,1015
639944,1008,1014
639945,1007,1014
639946,1012,1017
639947,1015,1018
639948,1018,1018
639949,1017,1018
639950,1015,1016
639951,1014,1019
639952,1016,1022
639953,1020,1025
639954,1021,1024
639955,1016,1024
639956,1012,1025
639957,1013,1025
639958,1013,1030
639959,1014,1035
639960,1013,1035
639961,1007,1034
639962,1004,1035
639963,1002,1037
639964,1003,1040
639965,1004,1044
639966,1001,1047
639967,996,1046
639968,994,1045
639969,992,1047
639970,993,1051
639971,993,1053
639972,993,1052
639973,989,1052
639974,985,1050
639975,986,1051
639976,984,1053
639977,987,1055
639978,988,1055
639979,987,1051
639980,981,1049
639981,983,1051
639982,986,1053
639983,987,1054
639984,988,1053
639985,983,1050
639986,984,1048
639987,984,1049
639988,988,1053
639989,990,1055
639990,988,1053
639991,987,1048
639992,985,1049
639993,983,1049
639994,985,1052
639995,988,1051
639996,988,1050
639997,989,1046
639998,985,1044
639999,985,1046
640000,982,1049
640001,986,1052
640002,988,1052
640003,986,1049
640004,984,1046
640005,984,1047
640006,984,1048
640007,986,1051
640008,986,1049
640009,986,1045
640010,982,1045
640011,985,1046
640012,985,1049
640013,988,1051
640014,989,1049
640015,986,1046
640016,981,1047
640017,983,1048
640018,983,1048
640019,983,1051
640020,987,1050
640021,983,1049
640022,983,1047
640023,981,1048
640024,981,1052
640025,984,1051
640026,983,1049
640027,984,1048
640028,983,1045
640029,983,1046
640030,986,1051
640031,988,1052
640032,988,1050
640033,986,1045
640034,981,1046
640035,982,1049
640036,982,1051
640037,982,1054
640038,980,1049
640039,981,1045
640040,978,1046
640041,976,1049
640042,978,1051
640043,983,1054
640044,982,1054
640045,981,1049
640046,979,1050
640047,978,1051
640048,980,1052
640049,983,1056
640050,981,1053
640051,979,1048
640052,977,1046
640053,977,1048
640054,982,1049
640055,985,1051
640056,985,1047
640057,984,1043
640058,981,1037
640059,989,1036
640060,997,1038
640061,1009,1032
640062,1022,1026
640063,1036,1019
640064,1056,1009
640065,1084,1001
640066,1116,992
640067,1157,988
640068,1196,984
640069,1233,993
640070,1264,1008
640071,1282,1030
640072,1284,1046
640073,1258,1052
640074,1208,1054
640075,1148,1064
640076,1083,1082
640077,1025,1098
640078,984,1105
640079,966,1105
640080,968,1095
640081,973,1084
640082,977,1071
640083,980,1064
640084,985,1060
640085,985,1059
640086,981,1056
640087,976,1054
640088,969,1052
640089,964,1054
640090,961,1056
640091,963,1053
640092,964,1050
640093,959,1048
640094,956,1047
640095,955,1048
640096,952,1049
640097,957,1053
640098,955,1050
640099,954,1050
640100,949,1047
640101,946,1049
640102,948,1052
640103,951,1055
640104,952,1051
640105,949,1050
640106,949,1049
640107,947,1051
640108,948,1052
640109,948,1054
640110,949,1055
640111,950,1051
640112,951,1048
640113,952,1049
640114,955,1050
640115,957,1055
640116,958,1051
640117,959,1048
640118,956,1047
640119,956,1047
640120,960,1051
640121,962,1055
640122,962,1050
640123,961,1046
640124,954,1043
640125,955,1047
640126,956,1048
640127,964,1051
640128,964,1049
640129,962,1046
640130,961,1042
640131,960,1040
640132,963,1041
640133,964,1045
640134,964,1044
640135,963,1040
640136,961,1035
640137,960,1036
640138,963,1037
640139,967,1039
640140,967,1033
640141,964,1032
640142,962,1027
640143,962,1027
640144,964,1029
640145,967,1028
640146,970,1025
640147,970,1020
640148,967,1019
640149,967,1018
640150,973,1016
640151,977,1019
640152,979,1017
640153,983,1011
640154,982,1010
640155,981,1010
640156,985,1009
640157,987,1011
640158,987,1008
640159,985,1005
640160,982,1004
640161,984,1006
640162,988,1009
640163,990,1009
640164,989,1007
640165,992,1004
640166,990,998
640167,990,1000
640168,994,1004
640169,993,1005
640170,996,1006
640171,996,1002
640172,995,1001
640173,992,1004
640174,995,1008
640175,996,1013
640176,997,1013
640177,998,1014
640178,995,1014
640179,992,1019
640180,992,1025
640181,991,1029
640182,988,1031
640183,985,1032
640184,980,1032
640185,981,1037
640186,983,1040
640187,981,1046
640188,979,1043
640189,976,1044
640190,973,1045
640191,972,1046
640192,973,1049
640193,974,1055
640194,971,1053
640195,971,1051
640196,969,1050
640197,970,1052
640198,969,1057
640199,971,1058
640200,974,1059
640201,971,1054
640202,969,1052
640203,966,1054
640204,971,1056
640205,973,1056
640206,975,1055
640207,972,1051
640208,970,1049
640209,970,1046
640210,973,1050
640211,975,1051
640212,975,1050
640213,972,1045
640214,969,1045
640215,968,1047
640216,972,1048
640217,975,1051
640218,977,1044
640219,974,1043
640220,972,1040
640221,974,1044
640222,975,1047
640223,979,1050
640224,975,1047
640225,972,1046
640226,972,1045
640227,971,1049
640228,973,1051
640229,977,1054
640230,975,1049
640231,974,1048
640232,971,1047
640233,968,1050
640234,969,1052
640235,973,1056
640236,972,1054
640237,970,1051
640238,965,1051
640239,962,1054
640240,966,1057
640241,966,1057
640242,966,1057
640243,963,1053
640244,960,1050
640245,961,1050
640246,960,1051
640247,964,1053
640248,965,1052
640249,962,1050
640250,962,1049
640251,962,1050
640252,964,1052
640253,967,1054
640254,967,1051
640255,967,1048
640256,965,1047
640257,965,1049
640258,968,1050
640259,971,1054
640260,970,1050
640261,969,1046
640262,967,1044
640263,966,1047
640264,969,1048
640265,972,1051
640266,971,1050
640267,970,1047
640268,970,1049
640269,967,1052
640270,968,1051
640271,973,1053
640272,973,1051
640273,969,1050
640274,972,1048
640275,971,1049
640276,972,1052
640277,976,1054
640278,978,1056
640279,977,1051
640280,978,1050
640281,976,1052
640282,978,1055
640283,980,1056
640284,977,1054
640285,976,1049
640286,972,1046
640287,971,1050
640288,976,1048
640289,977,1050
640290,976,1047
640291,975,1039
640292,983,1037
640293,987,1036
640294,1000,1035
640295,1013,1032
640296,1030,1023
640297,1050,1011
640298,1075,1000
640299,1110,989
640300,1147,983
640301,1186,987
640302,1221,991
640303,1249,1003
640304,1266,1017
640305,1265,1034
640306,1245,1039
640307,1208,1040
640308,1156,1047
640309,1104,1061
640310,1045,1076
640311,996,1091
640312,961,1100
640313,947,1103
640314,952,1097
640315,960,1081
640316,966,1068
640317,964,1061
640318,974,1057
640319,976,1058
640320,975,1054
640321,971,1053
640322,963,1052
640323,959,1054
640324,958,1056
640325,957,1057
640326,957,1056
640327,957,1056
640328,955,1056
640329,954,1056
640330,958,1058
640331,960,1057
640332,959,1054
640333,957,1052
640334,951,1051
640335,950,1052
640336,951,1053
640337,952,1056
640338,954,1054
640339,955,1050
640340,950,1047
640341,947,1050
640342,951,1052
640343,952,1055
640344,952,1054
640345,947,1051
640346,944,1049
640347,944,1051
640348,944,1052
640349,947,1054
640350,949,1053
640351,946,1051
640352,944,1049
640353,942,1050
640354,943,1053
640355,946,1054
640356,948,1052
640357,942,1048
640358,939,1048
640359,942,1050
640360,943,1052
640361,950,1054
640362,953,1050
640363,953,1048
640364,949,1048
640365,948,1047
640366,951,1049
640367,953,1049
640368,954,1049
640369,953,1045
640370,951,1044
640371,952,1045
640372,957,1045
640373,960,1045
640374,962,1044
640375,961,1040
640376,960,1038
640377,960,1037
640378,963,1038
640379,968,1041
640380,969,1036
640381,971,1032
640382,966,1031
640383,971,1030
640384,974,1032
640385,980,1030
640386,980,1027
640387,978,1024
640388,974,1021
640389,974,1018
640390,977,1020
640391,980,1019
640392,979,1019
640393,978,1015
640394,976,1012
640395,976,1012
640396,979,1014
640397,984,1013
640398,984,1012
640399,985,1009
640400,981,1006
640401,981,1008
640402,983,1013
640403,986,1014
640404,985,1011
640405,981,1010
640406,981,1008
640407,983,1013
640408,986,1015
640409,986,1021
640410,989,1019
640411,987,1017
640412,982,1018
640413,984,1023
640414,984,1024
640415,986,1027
640416,991,1029
640417,986,1027
640418,986,1029
640419,983,1033
640420,985,1036
640421,990,1040
640422,986,1040
640423,984,1043
640424,981,1041
640425,980,1043
640426,978,1047
640427,981,1050
640428,979,1051
640429,976,1049
640430,972,1051
640431,970,1050
640432,973,1053
640433,978,1057
640434,977,1058
640435,974,1053
640436,973,1052
640437,972,1053
640438,970,1057
640439,971,1057
640440,970,1054
640441,969,1051
640442,965,1048
640443,962,1052
640444,966,1051
640445,968,1055
640446,969,1051
640447,967,1049
640448,964,1051
640449,963,1051
640450,965,1056
640451,969,1056
640452,967,1051
640453,965,1049
640454,964,1048
640455,964,1049
640456,967,1053
640457,970,1055
640458,969,1051
640459,964,1048
640460,963,1048
640461,966,1052
640462,966,1052
640463,971,1055
640464,969,1052
640465,971,1050
640466,962,1050
640467,962,1049
640468,967,1053
640469,969,1055
640470,967,1055
640471,968,1052
640472,964,1048
640473,963,1050
640474,966,1052
640475,969,1055
640476,968,1052
640477,965,1049
640478,962,1049
640479,962,1052
640480,965,1053
640481,968,1054
640482,969,1053
640483,968,1051
640484,963,1048
640485,960,1048
640486,961,1051
640487,965,1054
640488,965,1050
640489,965,1049
640490,962,1045
640491,963,1051
640492,964,1051
640493,965,1054
640494,963,1051
640495,959,1051
640496,959,1049
640497,955,1052
640498,957,1051
640499,959,1054
640500,963,1054
640501,960,1051
640502,959,1048
640503,958,1051
640504,961,1053
640505,967,1055
640506,965,1054
640507,965,1051
640508,961,1052
640509,956,1052
640510,960,1056
640511,963,1061
640512,963,1061
640513,958,1057
640514,956,1054
640515,956,1054
640516,956,1055
640517,961,1057
640518,959,1054
640519,958,1052
640520,956,1053
640521,953,1053
640522,956,1058
640523,957,1060
640524,958,1055
640525,954,1051
640526,953,1055
640527,952,1052
640528,953,1056
640529,958,1057
640530,957,1055
640531,958,1053
640532,954,1051
640533,957,1052
640534,960,1057
640535,963,1059
640536,961,1057
640537,960,1056
640538,958,1055
640539,956,1056
640540,958,1059
640541,963,1060
640542,963,1058
640543,961,1056
640544,958,1054
640545,958,1054
640546,962,1059
640547,963,1062
640548,962,1058
640549,963,1056
640550,959,1055
640551,960,1056
640552,963,1057
640553,970,1057
640554,968,1056
640555,966,1053
640556,964,1053
640557,963,1054
640558,966,1056
640559,968,1057
640560,971,1058
640561,967,1054
640562,965,1052
640563,968,1051
640564,968,1050
640565,976,1049
640566,980,1043
640567,986,1037
640568,992,1028
640569,1005,1030
640570,1023,1027
640571,1046,1023
640572,1068,1009
640573,1095,994
640574,1129,982
640575,1162,979
640576,1200,984
640577,1233,995
640578,1255,1011
640579,1253,1028
640580,1224,1034
640581,1175,1041
640582,1128,1055
640583,1073,1076
640584,1014,1095
640585,962,1100
640586,931,1108
640587,927,1106
640588,941,1098
640589,953,1088
640590,964,1075
640591,963,1068
640592,960,1060
640593,959,1061
640594,958,1064
640595,956,1063
640596,958,1064
640597,952,1060
640598,945,1061
640599,943,1062
640600,947,1064
640601,950,1063
640602,945,1062
640603,944,1060
640604,941,1057
640605,939,1058
640606,946,1059
640607,947,1061
640608,947,1057
640609,944,1054
640610,940,1054
640611,939,1058
640612,942,1058
640613,943,1058
640614,943,1059
640615,942,1056
640616,942,1053
640617,939,1056
640618,940,1060
640619,942,1057
640620,941,1060
640621,938,1055
640622,936,1056
640623,936,1059
640624,940,1058
640625,941,1061
640626,942,1061
640627,941,1058
640628,938,1055
640629,936,1057
640630,937,1057
640631,942,1057
640632,942,1055
640633,939,1052
640634,935,1051
640635,938,1048
640636,942,1053
640637,945,1055
640638,944,1052
640639,945,1049
640640,946,1050
640641,945,1052
640642,945,1053
640643,950,1053
640644,952,1050
640645,953,1045
640646,949,1042
640647,950,1046
640648,952,1044
640649,957,1047
640650,958,1043
640651,954,1041
640652,951,1040
640653,951,1041
640654,954,1044
640655,957,1043
640656,958,1038
640657,956,1034
640658,953,1031
640659,953,1031
640660,958,1035
640661,962,1034
640662,963,1032
640663,964,1029
640664,961,1027
640665,963,1026
640666,964,1029
640667,968,1029
640668,970,1028
640669,968,1024
640670,968,1020
640671,970,1021
640672,972,1024
640673,974,1025
640674,973,1023
640675,975,1021
640676,973,1018
640677,976,1017
640678,979,1019
640679,983,1023
640680,984,1017
640681,983,1015
640682,979,1012
640683,982,1017
640684,988,1021
640685,988,1026
640686,986,1025
640687,985,1020
640688,984,1023
640689,986,1027
640690,987,1031
640691,989,1034
640692,990,1037
640693,985,1035
640694,980,1035
640695,979,1039
640696,979,1042
640697,980,1044
640698,976,1046
640699,976,1045
640700,971,1045
640701,970,1047
640702,973,1048
640703,973,1052
640704,972,1052
640705,969,1050
640706,968,1049
640707,966,1054
640708,965,1055
640709,971,1057
640710,971,1054
640711,967,1052
640712,966,1051
640713,964,1052
640714,963,1054
640715,964,1056
640716,964,1054
640717,965,1054
640718,961,1052
640719,961,1054
640720,963,1054
640721,967,1056
640722,968,1053
640723,967,1050
640724,964,1049
640725,962,1051
640726,961,1053
640727,970,1052
640728,967,1054
640729,965,1053
640730,961,1049
640731,962,1051
640732,966,1053
640733,968,1056
640734,967,1055
640735,964,1053
640736,962,1050
640737,959,1055
640738,963,1055
640739,965,1061
640740,965,1059
640741,963,1055
640742,958,1052
640743,961,1056
640744,963,1059
640745,966,1058
640746,966,1055
640747,963,1053
640748,962,1049
640749,963,1052
640750,969,1054
640751,972,1055
640752,971,1052
640753,968,1048
640754,965,1047
640755,964,1049
640756,965,1052
640757,970,1051
640758,970,1049
640759,967,1047
640760,962,1047
640761,958,1048
640762,963,1051
640763,967,1054
640764,962,1054
640765,960,1049
640766,960,1050
640767,957,1051
640768,957,1055
640769,960,1056
640770,960,1054
640771,958,1051
640772,956,1049
640773,956,1052
640774,957,1055
640775,958,1058
640776,958,1056
640777,960,1054
640778,956,1051
640779,955,1055
640780,959,1059
640781,962,1060
640782,961,1057
640783,960,1057
640784,954,1058
640785,955,1058
640786,958,1060
640787,959,1064
640788,964,1058
640789,960,1055
640790,958,1055
640791,959,1056
640792,957,1060
640793,963,1060
640794,963,1056
640795,960,1056
640796,959,1054
640797,959,1056
640798,959,1058
640799,960,1061
640800,964,1055
640801,964,1054
640802,960,1051
640803,958,1051
640804,958,1055
640805,960,1056
640806,963,1055
640807,961,1052
640808,960,1051
640809,955,1051
640810,957,1057
640811,957,1061
640812,957,1059
640813,956,1056
640814,958,1055
640815,955,1057
640816,955,1059
640817,956,1060
640818,956,1061
640819,953,1057
640820,949,1057
640821,954,1057
640822,955,1059
640823,961,1059
640824,958,1060
640825,954,1059
640826,950,1060
640827,951,1064
640828,954,1067
640829,958,1064
640830,958,1066
640831,960,1062
640832,959,1060
640833,958,1060
640834,959,1064
640835,962,1062
640836,966,1061
640837,966,1056
640838,961,1053
640839,961,1054
640840,965,1057
640841,970,1058
640842,971,1055
640843,968,1051
640844,964,1051
640845,965,1049
640846,965,1051
640847,971,1052
640848,973,1051
640849,973,1050
640850,970,1047
640851,971,1049
640852,976,1049
640853,979,1049
640854,978,1045
640855,981,1038
640856,982,1034
640857,993,1029
640858,1007,1028
640859,1026,1025
640860,1044,1016
640861,1071,1002
640862,1097,985
640863,1133,978
640864,1169,982
640865,1206,991
640866,1237,1008
640867,1255,1027
640868,1247,1045
640869,1220,1054
640870,1179,1060
640871,1130,1072
640872,1073,1092
640873,1014,1103
640874,963,1118
640875,935,1127
640876,935,1123
640877,950,1116
640878,961,1098
640879,966,1085
640880,964,1075
640881,964,1071
640882,966,1068
640883,964,1068
640884,962,1062
640885,956,1059
640886,954,1056
640887,950,1059
640888,952,1062
640889,953,1061
640890,953,1060
640891,949,1055
640892,947,1053
640893,947,1056
640894,950,1056
640895,952,1056
640896,952,1054
640897,948,1052
640898,944,1051
640899,939,1051
640900,949,1054
640901,949,1055
640902,949,1053
640903,946,1049
640904,943,1045
640905,942,1047
640906,944,1051
640907,943,1053
640908,944,1051
640909,940,1049
640910,935,1051
640911,935,1052
640912,939,1057
640913,944,1055
640914,943,1056
640915,942,1053
640916,936,1053
640917,939,1056
640918,944,1059
640919,947,1058
640920,947,1056
640921,943,1054
640922,939,1053
640923,939,1053
640924,946,1056
640925,947,1057
640926,945,1056
640927,941,1051
640928,941,1050
640929,943,1050
640930,944,1051
640931,952,1054
640932,953,1050
640933,950,1047
640934,950,1048
640935,949,1045
640936,950,1048
640937,955,1049
640938,958,1047
640939,955,1043
640940,954,1039
640941,954,1040
640942,959,1042
640943,961,1040
640944,959,1039
640945,959,1034
640946,956,1032
640947,957,1032
640948,961,1032
640949,964,1035
640950,962,1029
640951,963,1027
640952,960,1023
640953,961,1027
640954,965,1029
640955,968,1031
640956,971,1029
640957,967,1024
640958,965,1025
640959,966,1025
640960,971,1029
640961,969,1028
640962,971,1028
640963,971,1025
640964,969,1024
640965,973,1027
640966,978,1028
640967,979,1028
640968,984,1024
640969,980,1021
640970,982,1018
640971,984,1018
640972,989,1020
640973,994,1020
640974,987,1019
640975,988,1017
640976,986,1015
640977,989,1018
640978,991,1024
640979,993,1027
640980,995,1027
640981,995,1024
640982,986,1025
640983,988,1032
640984,989,1033
640985,990,1039
640986,989,1036
640987,986,1036
640988,982,1036
640989,979,1038
640990,979,1042
640991,981,1047
640992,979,1043
640993,976,1044
640994,974,1044
640995,971,1046
640996,972,1051
640997,977,1049
640998,974,1051
640999,972,1050
641000,971,1050
641001,968,1057
641002,968,1057
641003,973,1058
641004,972,1055
641005,969,1056
641006,969,1052
641007,969,1057
641008,971,1060
641009,972,1062
641010,970,1062
641011,969,1060
641012,967,1059
641013,966,1062
641014,970,1063
641015,971,1065
641016,973,1067
641017,975,1062
641018,974,1061
641019,973,1061
641020,973,1059
641021,973,1058
641022,976,1055
641023,973,1050
641024,970,1049
641025,971,1051
641026,971,1050
641027,976,1051
641028,971,1050
641029,971,1047
641030,970,1046
641031,970,1046
641032,972,1049
641033,974,1052
641034,971,1050
641035,969,1046
641036,965,1048
641037,967,1049
641038,969,1052
641039,971,1054
641040,971,1051
641041,968,1050
641042,965,1050
641043,965,1050
641044,966,1057
641045,968,1056
641046,968,1056
641047,965,1054
641048,964,1052
641049,964,1054
641050,965,1059
641051,966,1062
641052,966,1060
641053,965,1056
641054,963,1060
641055,963,1062
641056,964,1064
641057,969,1063
641058,968,1062
641059,964,1059
641060,964,1057
641061,962,1059
641062,968,1059
641063,971,1060
641064,969,1057
641065,965,1055
641066,964,1052
641067,966,1055
641068,966,1059
641069,969,1059
641070,968,1055
641071,966,1052
641072,962,1052
641073,962,1050
641074,968,1054
641075,968,1055
641076,969,1054
641077,965,1052
641078,960,1048
641079,960,1053
641080,966,1055
641081,966,1056
641082,966,1053
641083,961,1049
641084,960,1052
641085,960,1055
641086,962,1059
641087,963,1060
641088,964,1058
641089,962,1054
641090,959,1055
641091,959,1056
641092,960,1061
641093,965,1064
641094,963,1062
641095,961,1059
641096,958,1057
641097,960,1058
641098,962,1059
641099,965,1062
641100,965,1062
641101,958,1058
641102,958,1055
641103,959,1057
641104,964,1061
641105,965,1061
641106,965,1056
641107,961,1054
641108,959,1055
641109,959,1058
641110,965,1060
641111,968,1060
641112,964,1058
641113,962,1057
641114,959,1058
641115,962,1058
641116,962,1062
641117,968,1062
641118,964,1059
641119,962,1056
641120,962,1055
641121,959,1058
641122,963,1060
641123,965,1058
641124,964,1058
641125,960,1056
641126,959,1058
641127,957,1059
641128,962,1062
641129,964,1064
641130,967,1062
641131,965,1061
641132,965,1059
641133,965,1061
641134,963,1064
641135,967,1064
641136,966,1063
641137,967,1060
641138,963,1056
641139,963,1059
641140,965,1059
641141,969,1060
641142,970,1057
641143,968,1053
641144,967,1053
641145,964,1055
641146,969,1055
641147,974,1058
641148,976,1055
641149,973,1051
641150,970,1049
641151,974,1046
641152,983,1048
641153,994,1044
641154,1005,1040
641155,1015,1030
641156,1028,1026
641157,1050,1023
641158,1078,1009
641159,1113,996
641160,1149,983
641161,1180,977
641162,1216,983
641163,1250,997
641164,1272,1018
641165,1268,1035
641166,1233,1039
641167,1178,1044
641168,1115,1062
641169,1057,1078
641170,1002,1095
641171,965,1104
641172,947,1104
641173,946,1095
641174,956,1085
641175,968,1076
641176,974,1072
641177,972,1070
641178,969,1065
641179,965,1065
641180,961,1063
641181,959,1063
641182,959,1065
641183,960,1065
641184,956,1063
641185,951,1061
641186,949,1059
641187,949,1061
641188,952,1064
641189,949,1064
641190,951,1061
641191,952,1060
641192,950,1056
641193,949,1061
641194,951,1062
641195,953,1065
641196,951,1061
641197,951,1058
641198,947,1058
641199,947,1060
641200,945,1059
641201,948,1061
641202,950,1059
641203,947,1056
641204,946,1056
641205,943,1058
641206,948,1061
641207,951,1060
641208,948,1059
641209,945,1058
641210,945,1056
641211,944,1060
641212,948,1063
641213,950,1063
641214,946,1060
641215,945,1059
641216,941,1056
641217,945,1057
641218,948,1061
641219,950,1060
641220,951,1055
641221,948,1052
641222,948,1051
641223,947,1051
641224,950,1052
641225,954,1053
641226,954,1048
641227,950,1046
641228,951,1047
641229,951,1046
641230,953,1049
641231,956,1049
641232,961,1048
641233,956,1044
641234,955,1045
641235,958,1044
641236,960,1044
641237,963,1044
641238,961,1041
641239,963,1037
641240,960,1037
641241,961,1037
641242,965,1039
641243,968,1040
641244,966,1039
641245,966,1035
641246,964,1033
641247,969,1033
641248,971,1037
641249,974,1036
641250,971,1035
641251,971,1031
641252,971,1028
641253,972,1033
641254,972,1034
641255,979,1035
641256,976,1034
641257,975,1027
641258,975,1027
641259,973,1029
641260,979,1031
641261,983,1029
641262,984,1028
641263,985,1022
641264,983,1024
641265,985,1026
641266,989,1030
641267,996,1031
641268,995,1028
641269,992,1024
641270,993,1025
641271,991,1030
641272,993,1033
641273,997,1036
641274,1000,1036
641275,996,1033
641276,994,1034
641277,993,1037
641278,990,1044
641279,993,1043
641280,993,1043
641281,988,1044
641282,982,1043
641283,981,1047
641284,981,1050
641285,983,1052
641286,982,1052
641287,976,1051
641288,974,1048
641289,975,1053
641290,973,1056
641291,974,1058
641292,972,1053
641293,970,1053
641294,969,1052
641295,967,1053
641296,968,1056
641297,972,1059
641298,970,1057
641299,967,1055
641300,963,1055
641301,964,1058
641302,966,1059
641303,969,1059
641304,970,1057
641305,968,1055
641306,965,1055
641307,967,1061
641308,969,1061
641309,972,1061
641310,971,1055
641311,969,1053
641312,966,1050
641313,965,1054
641314,968,1053
641315,973,1056
641316,973,1053
641317,970,1051
641318,970,1049
641319,968,1051
641320,971,1053
641321,973,1053
641322,974,1052
641323,969,1049
641324,967,1048
641325,968,1050
641326,973,1054
641327,974,1056
641328,971,1053
641329,968,1052
641330,969,1050
641331,965,1053
641332,969,1054
641333,971,1056
641334,970,1057
641335,971,1052
641336,966,1050
641337,968,1053
641338,969,1058
641339,969,1056
641340,970,1053
641341,968,1050
641342,967,1051
641343,964,1055
641344,966,1055
641345,969,1057
641346,967,1055
641347,965,1053
641348,965,1054
641349,962,1056
641350,967,1058
641351,970,1059
641352,970,1058
641353,965,1055
641354,961,1054
641355,964,1058
641356,966,1059
641357,968,1059
641358,966,1056
641359,964,1052
641360,963,1049
641361,964,1053
641362,965,1058
641363,965,1056
641364,964,1054
641365,963,1051
641366,962,1050
641367,963,1053
641368,966,1056
641369,965,1055
641370,963,1054
641371,962,1051
641372,961,1051
641373,961,1053
641374,963,1056
641375,966,1056
641376,966,1056
641377,961,1053
641378,959,1053
641379,960,1054
641380,961,1058
641381,965,1057
641382,965,1058
641383,962,1051
641384,958,1051
641385,960,1054
641386,962,1059
641387,966,1060
641388,964,1059
641389,964,1055
641390,962,1057
641391,962,1058
641392,965,1061
641393,969,1061
641394,970,1059
641395,963,1056
641396,962,1056
641397,962,1056
641398,966,1061
641399,969,1058
641400,970,1057
641401,966,1051
641402,962,1052
641403,959,1057
641404,965,1059
641405,968,1057
641406,969,1057
641407,963,1053
641408,963,1052
641409,962,1051
641410,969,1054
641411,973,1055
641412,972,1055
641413,965,1052
641414,966,1050
641415,965,1052
641416,969,1055
641417,973,1054
641418,968,1053
641419,969,1051
641420,969,1049
641421,971,1049
641422,969,1054
641423,976,1053
641424,973,1051
641425,970,1051
641426,969,1048
641427,973,1048
641428,980,1049
641429,988,1043
641430,1001,1039
641431,1014,1035
641432,1032,1027
641433,1057,1021
641434,1090,1009
641435,1127,995
641436,1163,983
641437,1194,979
641438,1223,986
641439,1254,1001
641440,1271,1023
641441,1266,1035
641442,1230,1038
641443,1176,1040
641444,1117,1054
641445,1053,1078
641446,1000,1095
641447,961,1101
641448,947,1100
641449,950,1095
641450,956,1083
641451,966,1077
641452,976,1066
641453,977,1061
641454,976,1057
641455,964,1052
641456,960,1054
641457,959,1054
641458,961,1060
641459,961,1061
641460,958,1056
641461,952,1053
641462,949,1052
641463,951,1056
641464,951,1058
641465,951,1059
641466,950,1056
641467,948,1055
641468,947,1055
641469,946,1058
641470,948,1058
641471,950,1058
641472,947,1055
641473,947,1054
641474,945,1056
641475,946,1061
641476,948,1061
641477,953,1061
641478,951,1061
641479,950,1059
641480,944,1058
641481,949,1059
641482,951,1064
641483,956,1066
641484,956,1061
641485,954,1059
641486,951,1055
641487,950,1058
641488,953,1060
641489,957,1061
641490,954,1057
641491,952,1055
641492,947,1051
641493,949,1055
641494,952,1056
641495,952,1056
641496,948,1054
641497,948,1049
641498,947,1050
641499,952,1052
641500,953,1051
641501,956,1051
641502,952,1048
641503,953,1046
641504,952,1046
641505,952,1047
641506,956,1048
641507,959,1049
641508,960,1046
641509,957,1041
641510,956,1038
641511,955,1038
641512,959,1039
641513,964,1041
641514,965,1037
641515,963,1035
641516,963,1033
641517,967,1033
641518,970,1037
641519,973,1035
641520,973,1032
641521,970,1027
641522,971,1025
641523,972,1025
641524,976,1029
641525,978,1027
641526,980,1026
641527,980,1024
641528,976,1024
641529,978,1024
641530,978,1027
641531,985,1027
641532,985,1023
641533,984,1021
641534,982,1019
641535,982,1022
641536,984,1022
641537,990,1025
641538,988,1023
641539,987,1018
641540,989,1021
641541,991,1022
641542,993,1025
641543,994,1026
641544,991,1025
641545,991,1025
641546,989,1024
641547,988,1027
641548,988,1032
641549,992,1033
641550,992,1034
641551,987,1030
641552,985,1037
641553,981,1042
641554,982,1047
641555,984,1048
641556,980,1049
641557,978,1045
641558,974,1049
641559,973,1052
641560,976,1057
641561,977,1055
641562,977,1055
641563,973,1052
641564,969,1051
641565,969,1056
641566,971,1058
641567,974,1056
641568,973,1055
641569,969,1052
641570,966,1052
641571,968,1055
641572,969,1057
641573,972,1058
641574,971,1055
641575,970,1052
641576,965,1052
641577,967,1055
641578,966,1056
641579,969,1056
641580,972,1056
641581,971,1053
641582,967,1053
641583,965,1054
641584,968,1057
641585,972,1058
641586,972,1057
641587,971,1054
641588,970,1053
641589,967,1054
641590,969,1056
641591,972,1058
641592,974,1053
641593,968,1052
641594,966,1052
641595,967,1053
641596,969,1054
641597,970,1051
641598,967,1052
641599,961,1047
641600,960,1047
641601,959,1052
641602,961,1055
641603,964,1055
641604,967,1056
641605,961,1055
641606,959,1054
641607,960,1057
641608,962,1057
641609,966,1054
641610,963,1050
641611,963,1049
641612,960,1051
641613,960,1049
641614,962,1054
641615,959,1053
641616,962,1053
641617,956,1050
641618,958,1050
641619,960,1054
641620,961,1055
641621,962,1059
641622,963,1055
641623,962,1052
641624,960,1055
641625,960,1056
641626,962,1058
641627,965,1059
641628,964,1059
641629,962,1054
641630,959,1056
641631,960,1059
641632,961,1060
641633,965,1062
641634,965,1057
641635,962,1057
641636,961,1057
641637,961,1056
641638,964,1059
641639,968,1059
641640,965,1058
641641,962,1058
641642,960,1058
641643,959,1055
641644,964,1058
641645,965,1061
641646,962,1058
641647,960,1057
641648,958,1056
641649,959,1059
641650,963,1064
641651,964,1064
641652,964,1063
641653,963,1059
641654,958,1058
641655,960,1057
641656,963,1060
641657,962,1059
641658,964,1060
641659,960,1055
641660,960,1057
641661,961,1059
641662,964,1062
641663,966,1063
641664,963,1062
641665,962,1058
641666,961,1057
641667,962,1062
641668,964,1063
641669,968,1064
641670,965,1060
641671,962,1058
641672,961,1057
641673,964,1059
641674,966,1063
641675,973,1061
641676,974,1057
641677,975,1050
641678,980,1046
641679,991,1046
641680,1009,1045
641681,1029,1038
641682,1051,1032
641683,1075,1018
641684,1106,999
641685,1146,990
641686,1185,987
641687,1222,992
641688,1255,1001
641689,1272,1020
641690,1266,1036
641691,1238,1042
641692,1195,1048
641693,1138,1059
641694,1072,1079
641695,1010,1091
641696,960,1100
641697,935,1109
641698,936,1110
641699,949,1096
641700,956,1086
641701,964,1070
641702,963,1061
641703,961,1056
641704,962,1059
641705,958,1058
641706,958,1057
641707,955,1052
641708,945,1052
641709,946,1055
641710,947,1059
641711,948,1060
641712,948,1060
641713,942,1058
641714,941,1058
641715,944,1062
641716,946,1062
641717,946,1066
641718,946,1062
641719,943,1061
641720,938,1059
641721,940,1061
641722,941,1066
641723,945,1062
641724,945,1062
641725,944,1062
641726,943,1061
641727,944,1064
641728,943,1067
641729,948,1066
641730,949,1066
641731,945,1064
641732,942,1064
641733,943,1067
641734,947,1070
641735,949,1071
641736,950,1070
641737,945,1066
641738,944,1064
641739,942,1065
641740,947,1067
641741,950,1067
641742,949,1065
641743,947,1059
641744,944,1058
641745,945,1060
641746,943,1061
641747,949,1060
641748,948,1055
641749,946,1050
641750,944,1051
641751,944,1051
641752,949,1054
641753,950,1049
641754,951,1048
641755,949,1045
641756,947,1044
641757,948,1044
641758,951,1048
641759,957,1049
641760,956,1050
641761,954,1046
641762,952,1043
641763,953,1047
641764,960,1047
641765,964,1048
641766,962,1042
641767,962,1040
641768,961,1038
641769,960,1041
641770,963,1043
641771,967,1040
641772,969,1039
641773,967,1035
641774,964,1036
641775,967,1040
641776,971,1042
641777,975,1041
641778,972,1037
641779,972,1034
641780,972,1029
641781,976,1032
641782,977,1029
641783,983,1028
641784,983,1028
641785,983,1024
641786,981,1024
641787,983,1028
641788,987,1027
641789,991,1029
641790,989,1027
641791,986,1025
641792,985,1027
641793,987,1029
641794,987,1032
641795,989,1034
641796,987,1035
641797,986,1032
641798,983,1033
641799,983,1037
641800,981,1041
641801,984,1043
641802,982,1045
641803,976,1042
641804,971,1045
641805,967,1047
641806,968,1048
641807,970,1057
641808,968,1055
641809,965,1052
641810,961,1059
641811,962,1063
641812,968,1068
641813,970,1071
641814,965,1069
641815,966,1070
641816,960,1068
641817,962,1071
641818,962,1073
641819,965,1070
641820,965,1069
641821,963,1067
641822,961,1068
641823,961,1068
641824,963,1070
641825,965,1066
641826,964,1069
641827,959,1063
641828,957,1062
641829,960,1064
641830,962,1067
641831,966,1068
641832,965,1064
641833,965,1061
641834,963,1063
641835,961,1064
641836,963,1064
641837,965,1063
641838,968,1062
641839,966,1060
641840,962,1059
641841,962,1059
641842,963,1063
641843,966,1062
641844,966,1061
641845,961,1059
641846,957,1058
641847,957,1062
641848,959,1063
641849,961,1063
641850,960,1061
641851,960,1061
641852,957,1059
641853,960,1061
641854,961,1066
641855,963,1069
641856,960,1066
641857,956,1061
641858,958,1063
641859,961,1064
641860,963,1067
641861,966,1068
641862,963,1065
641863,961,1064
641864,958,1063
641865,958,1064
641866,961,1068
641867,967,1067
641868,964,1067
641869,959,1065
641870,956,1065
641871,959,1067
641872,960,1070
641873,962,1069
641874,959,1069
641875,958,1064
641876,956,1063
641877,958,1066
641878,960,1067
641879,959,1068
641880,960,1067
641881,958,1063
641882,955,1065
641883,955,1066
641884,957,1069
641885,962,1067
641886,960,1063
641887,958,1067
641888,954,1066
641889,956,1065
641890,959,1068
641891,958,1069
641892,957,1070
641893,953,1065
641894,950,1069
641895,951,1072
641896,952,1075
641897,957,1074
641898,956,1071
641899,954,1067
641900,952,1066
641901,954,1065
641902,956,1067
641903,958,1064
641904,959,1061
641905,957,1060
641906,956,1058
641907,957,1060
641908,962,1064
641909,964,1065
641910,963,1066
641911,960,1064
641912,959,1067
641913,961,1067
641914,963,1070
641915,962,1070
641916,962,1068
641917,958,1066
641918,958,1066
641919,958,1069
641920,962,1071
641921,965,1072
641922,961,1067
641923,957,1066
641924,959,1067
641925,960,1069
641926,960,1072
641927,961,1070
641928,961,1067
641929,960,1065
641930,955,1065
641931,959,1070
641932,962,1072
641933,961,1072
641934,960,1069
641935,961,1067
641936,958,1068
641937,959,1068
641938,961,1071
641939,962,1070
641940,963,1069
641941,962,1065
641942,961,1065
641943,962,1067
641944,964,1067
641945,965,1069
641946,967,1067
641947,962,1066
641948,960,1063
641949,962,1066
641950,964,1069
641951,966,1068
641952,966,1064
641953,958,1060
641954,960,1060
641955,960,1062
641956,961,1066
641957,966,1064
641958,963,1065
641959,963,1063
641960,963,1064
641961,963,1065
641962,968,1068
641963,972,1067
641964,971,1068
641965,968,1064
641966,966,1066
641967,967,1070
641968,968,1071
641969,973,1071
641970,973,1070
641971,968,1067
641972,964,1063
641973,968,1064
641974,975,1065
641975,986,1061
641976,997,1054
641977,1013,1046
641978,1030,1037
641979,1060,1027
641980,1093,1018
641981,1134,1005
641982,1168,994
641983,1204,993
641984,1241,1008
641985,1266,1029
641986,1268,1047
641987,1240,1057
641988,1187,1058
641989,1126,1069
641990,1070,1084
641991,1014,1101
641992,970,1111
641993,949,1117
641994,947,1113
641995,957,1099
641996,967,1086
641997,975,1079
641998,977,1075
641999,974,1074
642000,969,1071
642001,963,1068
642002,961,1067
642003,960,1070
642004,958,1071
642005,957,1072
642006,951,1069
642007,950,1065
642008,947,1067
642009,947,1071
642010,951,1072
642011,952,1073
642012,948,1070
642013,944,1068
642014,939,1066
642015,939,1069
642016,944,1071
642017,946,1070
642018,947,1070
642019,945,1066
642020,943,1068
642021,945,1071
642022,948,1072
642023,947,1074
642024,945,1072
642025,944,1065
642026,941,1068
642027,941,1069
642028,946,1070
642029,952,1069
642030,950,1066
642031,947,1064
642032,943,1062
642033,947,1063
642034,950,1068
642035,953,1066
642036,950,1065
642037,949,1061
642038,948,1059
642039,947,1064
642040,948,1065
642041,951,1065
642042,951,1061
642043,950,1060
642044,946,1060
642045,949,1062
642046,951,1064
642047,954,1063
642048,952,1062
642049,948,1060
642050,946,1060
642051,952,1061
642052,955,1063
642053,958,1061
642054,957,1055
642055,959,1053
642056,956,1049
642057,960,1053
642058,963,1054
642059,965,1050
642060,965,1047
642061,963,1046
642062,961,1046
642063,962,1046
642064,966,1050
642065,971,1046
642066,968,1044
642067,969,1042
642068,970,1041
642069,969,1043
642070,971,1044
642071,975,1043
642072,971,1040
642073,971,1034
642074,974,1033
642075,977,1035
642076,980,1036
642077,984,1035
642078,986,1034
642079,985,1033
642080,985,1030
642081,985,1032
642082,989,1034
642083,992,1033
642084,994,1031
642085,988,1030
642086,986,1030
642087,990,1034
642088,992,1037
642089,996,1038
642090,996,1038
642091,993,1039
642092,990,1037
642093,990,1041
642094,992,1046
642095,993,1045
642096,994,1046
642097,991,1043
642098,987,1046
642099,987,1050
642100,987,1055
642101,989,1057
642102,983,1055
642103,980,1053
642104,976,1054
642105,977,1057
642106,977,1062
642107,976,1062
642108,976,1059
642109,972,1058
642110,967,1061
642111,971,1064
642112,972,1066
642113,972,1067
642114,971,1067
642115,969,1064
642116,967,1061
642117,969,1064
642118,969,1068
642119,971,1068
642120,972,1064
642121,972,1066
642122,968,1063
642123,967,1066
642124,968,1068
642125,968,1068
642126,969,1066
642127,969,1061
642128,968,1063
642129,967,1069
642130,970,1068
642131,973,1067
642132,975,1065
642133,972,1064
642134,971,1065
642135,970,1069
642136,973,1071
642137,974,1071
642138,974,1071
642139,972,1066
642140,968,1068
642141,970,1069
642142,970,1071
642143,974,1071
642144,973,1070
642145,969,1066
642146,969,1064
642147,970,1068
642148,972,1069
642149,975,1069
642150,976,1067
642151,971,1063
642152,965,1060
642153,966,1065
642154,969,1067
642155,973,1067
642156,972,1066
642157,970,1065
642158,968,1065
642159,970,1067
642160,970,1071
642161,971,1073
642162,969,1069
642163,967,1067
642164,962,1065
642165,963,1070
642166,966,1070
642167,969,1073
642168,968,1070
642169,965,1067
642170,962,1067
642171,960,1070
642172,963,1072
642173,966,1071
642174,965,1067
642175,965,1067
642176,960,1069
642177,964,1072
642178,967,1073
642179,964,1071
642180,965,1071
642181,964,1069
642182,961,1068
642183,961,1072
642184,963,1074
642185,967,1074
642186,967,1072
642187,963,1070
642188,962,1070
642189,964,1072
642190,965,1076
642191,967,1075
642192,965,1073
642193,964,1071
642194,964,1069
642195,961,1070
642196,963,1072
642197,967,1071
642198,966,1069
642199,962,1065
642200,961,1066
642201,964,1066
642202,965,1069
642203,970,1070
642204,968,1067
642205,962,1066
642206,961,1067
642207,963,1071
642208,964,1072
642209,969,1073
642210,968,1073
642211,964,1068
642212,961,1073
642213,963,1074
642214,962,1076
642215,966,1074
642216,966,1074
642217,959,1075
642218,958,1075
642219,960,1077
642220,962,1078
642221,966,1076
642222,966,1074
642223,965,1074
642224,961,1071
642225,963,1073
642226,964,1076
642227,963,1075
642228,966,1073
642229,963,1071
642230,962,1069
642231,963,1073
642232,965,1074
642233,966,1076
642234,964,1071
642235,963,1069
642236,960,1070
642237,962,1072
642238,964,1078
642239,966,1077
642240,966,1073
642241,966,1070
642242,962,1071
642243,965,1072
642244,966,1073
642245,968,1073
642246,968,1070
642247,968,1070
642248,967,1067
642249,968,1069
642250,974,1071
642251,979,1072
642252,977,1071
642253,974,1068
642254,972,1066
642255,976,1067
642256,987,1065
642257,1000,1061
642258,1010,1059
642259,1019,1050
642260,1039,1045
642261,1071,1037
642262,1109,1020
642263,1154,1007
642264,1190,1003
642265,1226,1005
642266,1258,1020
642267,1275,1044
642268,1268,1061
642269,1235,1063
642270,1174,1070
642271,1112,1081
642272,1048,1102
642273,989,1115
642274,948,1125
642275,937,1123
642276,945,1112
642277,957,1099
642278,966,1086
642279,974,1080
642280,972,1078
642281,970,1075
642282,966,1073
642283,964,1072
642284,961,1070
642285,958,1072
642286,955,1075
642287,956,1077
642288,955,1074
642289,954,1070
642290,952,1070
642291,952,1073
642292,951,1074
642293,953,1072
642294,954,1072
642295,951,1069
642296,949,1070
642297,951,1073
642298,953,1074
642299,954,1074
642300,952,1073
642301,951,1070
642302,949,1073
642303,949,1076
642304,957,1078
642305,959,1076
642306,954,1073
642307,952,1072
642308,951,1076
642309,950,1075
642310,950,1080
642311,950,1078
642312,949,1075
642313,947,1071
642314,948,1073
642315,950,1071
642316,951,1075
642317,953,1073
642318,951,1070
642319,950,1067
642320,948,1064
642321,948,1066
642322,949,1069
642323,952,1064
642324,951,1065
642325,948,1061
642326,947,1060
642327,951,1059
642328,952,1063
642329,960,1063
642330,958,1061
642331,957,1054
642332,958,1056
642333,956,1061
642334,962,1060
642335,963,1061
642336,964,1056
642337,960,1052
642338,961,1052
642339,961,1053
642340,964,1055
642341,967,1051
642342,969,1050
642343,967,1047
642344,969,1048
642345,969,1049
642346,972,1048
642347,974,1047
642348,974,1045
642349,973,1044
642350,970,1040
642351,972,1042
642352,975,1044
642353,979,1042
642354,979,1042
642355,979,1039
642356,981,1036
642357,980,1040
642358,984,1044
642359,986,1040
642360,986,1040
642361,983,1035
642362,985,1034
642363,987,1037
642364,989,1040
642365,993,1037
642366,993,1033
642367,991,1032
642368,991,1032
642369,993,1035
642370,991,1040
642371,995,1039
642372,990,1038
642373,991,1037
642374,991,1038
642375,991,1043
642376,992,1050
642377,993,1052
642378,990,1052
642379,986,1051
642380,982,1054
642381,983,1058
642382,983,1062
642383,982,1064
642384,976,1063
642385,976,1061
642386,971,1065
642387,968,1069
642388,967,1070
642389,971,1072
642390,971,1069
642391,968,1068
642392,966,1068
642393,965,1073
642394,968,1075
642395,969,1072
642396,967,1072
642397,966,1069
642398,965,1069
642399,970,1069
642400,969,1073
642401,973,1074
642402,971,1069
642403,968,1069
642404,967,1072
642405,971,1074
642406,970,1075
642407,977,1074
642408,976,1070
642409,972,1068
642410,969,1069
642411,971,1070
642412,974,1071
642413,976,1074
642414,974,1070
642415,970,1068
642416,968,1067
642417,966,1068
642418,972,1068
642419,973,1068
642420,974,1067
642421,969,1061
642422,969,1063
642423,971,1063
642424,973,1066
642425,973,1066
642426,971,1064
642427,967,1060
642428,964,1061
642429,967,1064
642430,970,1069
642431,973,1066
642432,971,1067
642433,970,1060
642434,967,1063
642435,966,1064
642436,967,1067
642437,971,1068
642438,969,1065
642439,967,1062
642440,967,1063
642441,968,1065
642442,967,1068
642443,972,1067
642444,970,1064
642445,967,1064
642446,964,1063
642447,965,1066
642448,966,1070
642449,968,1069
642450,967,1066
642451,963,1061
642452,962,1062
642453,962,1064
642454,966,1067
642455,969,1068
642456,969,1069
642457,965,1065
642458,960,1067
642459,961,1068
642460,964,1070
642461,966,1072
642462,965,1071
642463,964,1066
642464,959,1067
642465,961,1068
642466,963,1071
642467,964,1069
642468,965,1070
642469,964,1068
642470,962,1068
642471,961,1069
642472,963,1073
642473,964,1072
642474,964,1070
642475,961,1066
642476,959,1069
642477,961,1071
642478,962,1071
642479,964,1073
642480,963,1067
642481,964,1069
642482,960,1069
642483,961,1071
642484,961,1075
642485,962,1073
642486,962,1073
642487,961,1069
642488,960,1068
642489,962,1069
642490,962,1069
642491,964,1069
642492,962,1068
642493,959,1068
642494,961,1066
642495,961,1067
642496,964,1069
642497,963,1068
642498,962,1067
642499,960,1065
642500,958,1062
642501,961,1066
642502,965,1065
642503,969,1066
642504,963,1065
642505,965,1061
642506,964,1063
642507,967,1066
642508,969,1068
642509,972,1069
642510,972,1065
642511,968,1064
642512,966,1065
642513,968,1068
642514,970,1071
642515,970,1069
642516,966,1068
642517,962,1063
642518,958,1065
642519,963,1069
642520,961,1072
642521,962,1069
642522,962,1069
642523,963,1065
642524,962,1066
642525,964,1069
642526,965,1070
642527,965,1072
642528,966,1065
642529,963,1066
642530,961,1066
642531,963,1069
642532,964,1072
642533,963,1071
642534,964,1070
642535,961,1067
642536,959,1065
642537,962,1068
642538,965,1070
642539,962,1068
642540,964,1069
642541,960,1067
642542,959,1066
642543,965,1069
642544,967,1068
642545,967,1068
642546,965,1070
642547,962,1066
642548,959,1062
642549,962,1065
642550,961,1067
642551,965,1068
642552,967,1067
642553,966,1063
642554,965,1062
642555,970,1065
642556,970,1066
642557,973,1067
642558,971,1065
642559,966,1062
642560,964,1065
642561,965,1067
642562,967,1069
642563,969,1067
642564,965,1064
642565,965,1061
642566,964,1064
642567,963,1066
642568,968,1068
642569,971,1069
642570,969,1068
642571,967,1063
642572,968,1064
642573,969,1065
642574,972,1065
642575,972,1067
642576,971,1064
642577,967,1064
642578,966,1065
642579,966,1068
642580,968,1067
642581,968,1068
642582,970,1067
642583,966,1065
642584,964,1064
642585,966,1068
642586,968,1070
642587,968,1070
642588,967,1067
642589,964,1065
642590,961,1066
642591,965,1068
642592,972,1071
642593,971,1070
642594,969,1067
642595,969,1062
642596,966,1063
642597,968,1066
642598,969,1065
642599,972,1064
642600,973,1062
642601,969,1060
642602,968,1059
642603,968,1059
642604,971,1061
642605,973,1063
642606,973,1062
642607,970,1059
642608,970,1059
642609,971,1060
642610,977,1062
642611,978,1063
642612,975,1064
642613,971,1060
642614,968,1061
642615,969,1063
642616,970,1066
642617,972,1064
642618,974,1065
642619,971,1062
642620,970,1064
642621,974,1064
642622,977,1068
642623,981,1067
642624,977,1066
642625,974,1064
642626,974,1065
642627,973,1065
642628,974,1070
642629,975,1068
642630,976,1069
642631,971,1069
642632,970,1066
642633,973,1072
642634,973,1070
642635,977,1069
642636,977,1067
642637,976,1065
642638,974,1066
642639,971,1068
642640,977,1067
642641,978,1066
642642,981,1064
642643,976,1061
642644,976,1060
642645,977,1061
642646,980,1060
642647,980,1057
642648,978,1052
642649,976,1048
642650,977,1045
642651,987,1042
642652,996,1042
642653,1014,1039
642654,1032,1034
642655,1052,1027
642656,1075,1020
642657,1110,1009
642658,1148,998
642659,1187,987
642660,1221,983
642661,1255,981
642662,1286,989
642663,1297,1009
642664,1287,1026
642665,1243,1037
642666,1181,1045
642667,1120,1051
642668,1060,1062
642669,1011,1076
642670,978,1085
642671,967,1088
642672,970,1085
642673,977,1077
642674,983,1068
642675,986,1066
642676,984,1067
642677,981,1069
642678,974,1065
642679,970,1062
642680,966,1062
642681,963,1068
642682,966,1071
642683,967,1068
642684,963,1069
642685,958,1067
642686,957,1066
642687,956,1068
642688,958,1067
642689,959,1066
642690,958,1065
642691,953,1063
642692,954,1063
642693,953,1064
642694,952,1066
642695,957,1065
642696,957,1060
642697,952,1059
642698,948,1058
642699,948,1060
642700,952,1062
642701,956,1062
642702,956,1059
642703,952,1057
642704,953,1059
642705,950,1062
642706,957,1064
642707,959,1064
642708,957,1063
642709,954,1059
642710,954,1059
642711,954,1062
642712,959,1065
642713,959,1063
642714,960,1062
642715,956,1060
642716,955,1061
642717,957,1063
642718,957,1068
642719,959,1066
642720,958,1066
642721,957,1063
642722,957,1064
642723,959,1067
642724,962,1066
642725,966,1068
642726,964,1064
642727,962,1063
642728,958,1064
642729,962,1064
642730,965,1065
642731,970,1064
642732,974,1062
642733,969,1057
642734,969,1057
642735,970,1054
642736,969,1054
642737,971,1053
642738,965,1053
642739,965,1047
642740,968,1047
642741,970,1047
642742,974,1048
642743,976,1047
642744,974,1044
642745,970,1039
642746,972,1039
642747,969,1042
642748,978,1042
642749,978,1040
642750,979,1039
642751,981,1035
642752,979,1037
642753,980,1039
642754,983,1039
642755,986,1039
642756,988,1038
642757,985,1038
642758,987,1036
642759,991,1038
642760,995,1040
642761,997,1040
642762,998,1040
642763,997,1038
642764,998,1039
642765,999,1039
642766,1003,1042
642767,1005,1041
642768,1005,1041
642769,1006,1037
642770,1006,1037
642771,1008,1039
642772,1011,1043
642773,1013,1044
642774,1011,1039
642775,1006,1037
642776,1005,1036
642777,1002,1039
642778,1005,1044
642779,1007,1043
642780,1004,1039
642781,1001,1040
642782,998,1042
642783,999,1043
642784,998,1047
642785,999,1048
642786,995,1048
642787,994,1047
642788,988,1048
642789,990,1051
642790,989,1052
642791,986,1052
642792,985,1054
642793,984,1049
642794,979,1047
642795,979,1050
642796,977,1051
642797,981,1056
642798,976,1054
642799,973,1054
642800,974,1053
642801,973,1054
642802,975,1059
642803,976,1060
642804,976,1057
642805,971,1053
642806,971,1057
642807,975,1061
642808,979,1065
642809,979,1066
642810,978,1062
642811,974,1062
642812,972,1059
642813,974,1063
642814,976,1065
642815,981,1063
642816,973,1062
642817,971,1058
642818,972,1059
642819,974,1060
642820,974,1062
642821,980,1060
642822,978,1058
642823,970,1055
642824,969,1055
642825,971,1058
642826,972,1061
642827,973,1059
642828,970,1056
642829,970,1053
642830,970,1055
642831,973,1056
642832,975,1058
642833,975,1058
642834,974,1055
642835,971,1051
642836,968,1051
642837,969,1053
642838,974,1054
642839,975,1053
642840,976,1053
642841,972,1049
642842,969,1050
642843,973,1051
642844,976,1054
642845,978,1055
642846,974,1052
642847,972,1050
642848,970,1053
642849,971,1056
642850,975,1059
642851,977,1060
642852,976,1057
642853,976,1056
642854,974,1056
642855,974,1061
642856,973,1064
642857,973,1063
642858,972,1062
642859,968,1058
642860,966,1060
642861,969,1062
642862,971,1066
642863,973,1064
642864,971,1061
642865,971,1057
642866,966,1059
642867,968,1062
642868,969,1064
642869,969,1065
642870,968,1064
642871,965,1062
642872,964,1062
642873,965,1062
642874,968,1064
642875,969,1065
642876,967,1063
642877,963,1058
642878,962,1059
642879,964,1059
642880,967,1064
642881,969,1063
642882,970,1058
642883,967,1054
642884,966,1056
642885,971,1058
642886,972,1060
642887,976,1060
642888,974,1056
642889,969,1056
642890,970,1055
642891,971,1059
642892,972,1060
642893,975,1061
642894,973,1059
642895,970,1058
642896,968,1058
642897,967,1060
642898,969,1065
642899,973,1065
642900,966,1061
642901,968,1058
642902,965,1060
642903,967,1063
642904,967,1064
642905,971,1064
642906,967,1067
642907,966,1063
642908,965,1062
642909,965,1064
642910,969,1066
642911,969,1066
642912,967,1064
642913,965,1059
642914,963,1058
642915,965,1059
642916,970,1062
642917,971,1059
642918,968,1058
642919,966,1054
642920,962,1054
642921,965,1056
642922,966,1059
642923,969,1059
642924,967,1055
642925,965,1053
642926,965,1052
642927,963,1059
642928,966,1059
642929,972,1057
642930,971,1056
642931,967,1056
642932,964,1052
642933,968,1054
642934,970,1059
642935,972,1056
642936,969,1054
642937,965,1052
642938,965,1053
642939,970,1055
642940,975,1059
642941,977,1056
642942,973,1054
642943,971,1051
642944,970,1053
642945,974,1057
642946,974,1061
642947,981,1059
642948,977,1060
642949,976,1058
642950,973,1057
642951,973,1061
642952,974,1063
642953,979,1066
642954,973,1063
642955,972,1059
642956,970,1059
642957,971,1057
642958,978,1060
642959,978,1057
642960,982,1053
642961,988,1045
642962,995,1043
642963,1005,1044
642964,1021,1040
642965,1048,1033
642966,1073,1021
642967,1100,1005
642968,1133,989
642969,1166,983
642970,1204,986
642971,1238,993
642972,1264,1003
642973,1271,1020
642974,1252,1031
642975,1216,1039
642976,1171,1052
642977,1116,1064
642978,1061,1079
642979,1001,1091
642980,958,1100
642981,939,1106
642982,945,1107
642983,958,1097
642984,965,1086
642985,971,1072
642986,973,1067
642987,973,1064
642988,970,1064
642989,971,1061
642990,967,1059
642991,966,1055
642992,961,1055
642993,959,1058
642994,960,1060
642995,961,1058
642996,959,1058
642997,959,1056
642998,956,1056
642999,961,1061
643000,961,1064
643001,960,1063
643002,958,1065
643003,955,1061
643004,956,1062
643005,957,1066
643006,960,1067
643007,960,1066
643008,958,1063
643009,953,1061
643010,955,1061
643011,954,1064
643012,957,1064
643013,956,1063
643014,954,1061
643015,952,1059
643016,951,1056
643017,952,1061
643018,953,1063
643019,955,1061
643020,953,1057
643021,947,1056
643022,947,1054
643023,947,1057
643024,953,1058
643025,953,1058
643026,951,1053
643027,948,1051
643028,946,1050
643029,949,1052
643030,950,1054
643031,953,1051
643032,950,1050
643033,946,1047
643034,945,1045
643035,949,1047
643036,952,1049
643037,958,1047
643038,957,1043
643039,957,1041
643040,956,1044
643041,959,1046
643042,962,1048
643043,967,1047
643044,965,1046
643045,964,1045
643046,965,1044
643047,967,1046
643048,971,1045
643049,976,1042
643050,972,1039
643051,972,1035
643052,970,1039
643053,970,1035
643054,975,1035
643055,980,1032
643056,981,1029
643057,978,1026
643058,977,1026
643059,981,1027
643060,983,1027
643061,985,1026
643062,983,1022
643063,983,1018
643064,981,1018
643065,985,1017
643066,987,1023
643067,987,1018
643068,987,1017
643069,982,1012
643070,982,1015
643071,986,1014
643072,987,1016
643073,991,1014
643074,989,1014
643075,989,1010
643076,988,1010
643077,990,1014
643078,989,1018
643079,993,1016
643080,992,1015
643081,989,1015
643082,987,1017
643083,986,1022
643084,989,1027
643085,991,1028
643086,992,1029
643087,987,1030
643088,986,1033
643089,988,1039
643090,989,1044
643091,991,1049
643092,989,1047
643093,982,1045
643094,978,1050
643095,978,1054
643096,983,1059
643097,982,1057
643098,980,1054
643099,976,1055
643100,974,1054
643101,976,1062
643102,978,1063
643103,978,1060
643104,971,1058
643105,971,1057
643106,971,1058
643107,972,1061
643108,974,1059
643109,974,1061
643110,972,1057
643111,967,1058
643112,967,1058
643113,967,1059
643114,973,1057
643115,975,1059
643116,971,1056
643117,968,1055
643118,967,1057
643119,967,1056
643120,969,1062
643121,972,1060
643122,971,1056
643123,966,1053
643124,964,1055
643125,966,1057
643126,970,1061
643127,971,1060
643128,972,1057
643129,967,1057
643130,963,1056
643131,968,1059
643132,971,1061
643133,973,1060
643134,969,1053
643135,967,1049
643136,966,1048
643137,969,1054
643138,971,1054
643139,973,1053
643140,973,1050
643141,971,1051
643142,971,1050
643143,972,1051
643144,973,1054
643145,976,1053
643146,976,1050
643147,969,1051
643148,970,1051
643149,972,1055
643150,975,1055
643151,972,1054
643152,971,1050
643153,970,1050
643154,969,1051
643155,970,1055
643156,972,1057
643157,971,1055
643158,970,1053
643159,969,1049
643160,967,1049
643161,969,1053
643162,967,1055
643163,973,1055
643164,971,1053
643165,972,1048
643166,968,1051
643167,967,1056
643168,971,1059
643169,971,1058
643170,969,1057
643171,966,1055
643172,966,1058
643173,967,1059
643174,969,1062
643175,976,1063
643176,971,1061
643177,969,1059
643178,968,1062
643179,970,1062
643180,969,1067
643181,967,1063
643182,965,1060
643183,961,1056
643184,960,1054
643185,963,1056
643186,967,1057
643187,966,1057
643188,965,1055
643189,964,1055
643190,962,1057
643191,963,1057
643192,964,1058
643193,969,1059
643194,967,1058
643195,967,1053
643196,965,1054
643197,968,1057
643198,967,1060
643199,969,1058
643200,967,1057
643201,967,1054
643202,965,1055
643203,965,1057
643204,966,1059
643205,971,1059
643206,969,1058
643207,965,1056
643208,963,1055
643209,967,1059
643210,971,1061
643211,974,1060
643212,969,1059
643213,967,1058
643214,965,1059
643215,964,1062
643216,967,1064
643217,970,1064
643218,968,1060
643219,966,1058
643220,966,1058
643221,968,1058
643222,967,1060
643223,973,1057
643224,969,1057
643225,968,1052
643226,968,1051
643227,967,1054
643228,968,1056
643229,971,1055
643230,971,1051
643231,968,1050
643232,965,1050
643233,966,1053
643234,969,1055
643235,972,1057
643236,970,1050
643237,969,1050
643238,968,1050
643239,967,1053
643240,972,1058
643241,975,1057
643242,972,1053
643243,973,1053
643244,972,1055
643245,973,1057
643246,976,1061
643247,979,1058
643248,973,1054
643249,971,1054
643250,968,1052
643251,973,1054
643252,977,1054
643253,982,1048
643254,984,1044
643255,992,1038
643256,997,1036
643257,1012,1031
643258,1036,1031
643259,1064,1022
643260,1092,1008
643261,1122,993
643262,1157,985
643263,1199,990
643264,1239,1002
643265,1271,1014
643266,1285,1032
643267,1274,1042
643268,1236,1051
643269,1181,1055
643270,1127,1066
643271,1073,1080
643272,1013,1094
643273,966,1102
643274,937,1111
643275,939,1116
643276,953,1111
643277,965,1096
643278,975,1082
643279,979,1071
643280,979,1066
643281,973,1063
643282,976,1063
643283,973,1061
643284,968,1057
643285,966,1056
643286,961,1054
643287,963,1058
643288,960,1059
643289,963,1057
643290,961,1056
643291,958,1058
643292,953,1057
643293,953,1059
643294,958,1062
643295,958,1062
643296,956,1061
643297,953,1057
643298,951,1061
643299,953,1060
643300,955,1062
643301,956,1060
643302,953,1058
643303,952,1057
643304,947,1056
643305,951,1059
643306,952,1062
643307,958,1061
643308,955,1059
643309,950,1055
643310,951,1055
643311,954,1059
643312,955,1059
643313,958,1060
643314,958,1057
643315,955,1055
643316,955,1055
643317,956,1057
643318,956,1059
643319,955,1056
643320,955,1055
643321,954,1053
643322,953,1055
643323,954,1056
643324,959,1058
643325,960,1056
643326,958,1054
643327,957,1050
643328,954,1048
643329,956,1055
643330,962,1054
643331,964,1054
643332,964,1050
643333,961,1047
643334,962,1048
643335,964,1048
643336,966,1052
643337,965,1052
643338,967,1048
643339,965,1045
643340,964,1044
643341,968,1048
643342,970,1048
643343,972,1046
643344,973,1045
643345,971,1041
643346,968,1041
643347,971,1043
643348,978,1044
643349,983,1042
643350,979,1037
643351,979,1034
643352,977,1034
643353,979,1035
643354,984,1034
643355,986,1030
643356,982,1026
643357,981,1024
643358,978,1023
643359,981,1025
643360,984,1025
643361,986,1024
643362,990,1021
643363,990,1018
643364,986,1019
643365,987,1020
643366,990,1022
643367,994,1022
643368,995,1019
643369,993,1016
643370,995,1017
643371,996,1020
643372,998,1020
643373,1001,1022
643374,1002,1021
643375,1001,1021
643376,996,1019
643377,998,1023
643378,999,1029
643379,1002,1027
643380,1002,1027
643381,999,1024
643382,995,1028
643383,992,1034
643384,998,1041
643385,998,1040
643386,994,1042
643387,992,1043
643388,993,1047
643389,994,1052
643390,993,1056
643391,994,1056
643392,992,1052
643393,989,1052
643394,986,1056
643395,985,1060
643396,986,1060
643397,987,1062
643398,984,1057
643399,982,1058
643400,977,1061
643401,978,1060
643402,981,1061
643403,981,1064
643404,979,1063
643405,974,1058
643406,972,1060
643407,974,1061
643408,979,1061
643409,977,1060
643410,977,1057
643411,975,1056
643412,973,1055
643413,976,1060
643414,978,1061
643415,978,1059
643416,978,1057
643417,978,1055
643418,975,1055
643419,975,1058
643420,977,1062
643421,979,1062
643422,978,1060
643423,975,1057
643424,975,1058
643425,976,1060
643426,980,1064
643427,980,1062
643428,976,1060
643429,972,1058
643430,971,1056
643431,971,1056
643432,977,1057
643433,978,1056
643434,979,1057
643435,974,1052
643436,976,1052
643437,976,1054
643438,979,1056
643439,978,1055
643440,978,1054
643441,976,1050
643442,973,1051
643443,978,1055
643444,979,1057
643445,982,1054
643446,978,1053
643447,974,1052
643448,975,1054
643449,974,1056
643450,977,1058
643451,976,1057
643452,973,1057
643453,967,1054
643454,968,1056
643455,971,1058
643456,972,1061
643457,975,1063
643458,976,1059
643459,971,1056
643460,970,1060
643461,973,1064
643462,974,1064
643463,978,1061
643464,975,1058
643465,972,1054
643466,970,1058
643467,976,1060
643468,979,1063
643469,978,1059
643470,976,1060
643471,970,1057
643472,971,1059
643473,973,1059
643474,975,1064
643475,971,1061
643476,973,1057
643477,970,1058
643478,967,1055
643479,971,1058
643480,970,1059
643481,973,1060
643482,975,1054
643483,972,1055
643484,967,1056
643485,970,1059
643486,973,1059
643487,975,1058
643488,972,1056
643489,969,1056
643490,967,1057
643491,968,1061
643492,969,1063
643493,969,1064
643494,969,1059
643495,964,1058
643496,966,1058
643497,966,1062
643498,969,1064
643499,972,1060
643500,969,1058
643501,969,1056
643502,966,1058
643503,967,1063
643504,972,1064
643505,975,1064
643506,974,1062
643507,969,1057
643508,970,1055
643509,971,1057
643510,976,1059
643511,978,1058
643512,973,1054
643513,971,1054
643514,970,1054
643515,969,1057
643516,973,1061
643517,977,1063
643518,976,1059
643519,971,1056
643520,969,1058
643521,974,1060
643522,977,1061
643523,977,1060
643524,976,1055
643525,973,1054
643526,972,1057
643527,974,1057
643528,974,1058
643529,977,1059
643530,978,1053
643531,974,1052
643532,972,1050
643533,973,1055
643534,978,1055
643535,979,1056
643536,977,1053
643537,975,1054
643538,972,1053
643539,971,1056
643540,973,1058
643541,976,1056
643542,974,1054
643543,971,1052
643544,968,1053
643545,969,1058
643546,972,1060
643547,976,1059
643548,973,1055
643549,971,1054
643550,972,1057
643551,973,1060
643552,976,1062
643553,978,1060
643554,980,1055
643555,978,1051
643556,979,1049
643557,985,1048
643558,998,1049
643559,1013,1044
643560,1029,1039
643561,1046,1030
643562,1073,1023
643563,1110,1009
643564,1153,996
643565,1191,987
643566,1229,985
643567,1264,992
643568,1287,1009
643569,1297,1028
643570,1277,1041
643571,1235,1047
643572,1173,1052
643573,1110,1064
643574,1049,1080
643575,994,1097
643576,957,1105
643577,949,1107
643578,956,1099
643579,967,1085
643580,979,1076
643581,982,1068
643582,980,1067
643583,979,1064
643584,971,1059
643585,967,1058
643586,966,1055
643587,967,1056
643588,965,1060
643589,965,1057
643590,961,1051
643591,957,1047
643592,958,1049
643593,956,1052
643594,960,1056
643595,959,1055
643596,957,1051
643597,953,1050
643598,952,1050
643599,951,1053
643600,953,1055
643601,955,1054
643602,954,1051
643603,948,1049
643604,945,1049
643605,950,1054
643606,952,1055
643607,957,1055
643608,953,1053
643609,950,1048
643610,949,1050
643611,952,1054
643612,958,1055
643613,959,1054
643614,956,1052
643615,951,1051
643616,955,1051
643617,956,1053
643618,956,1055
643619,957,1053
643620,954,1052
643621,956,1048
643622,956,1049
643623,956,1050
643624,957,1054
643625,959,1053
643626,955,1052
643627,953,1051
643628,953,1051
643629,957,1055
643630,960,1055
643631,963,1051
643632,961,1050
643633,958,1047
643634,957,1047
643635,959,1044
643636,962,1048
643637,962,1044
643638,963,1042
643639,962,1037
643640,960,1038
643641,960,1040
643642,967,1042
643643,968,1039
643644,969,1039
643645,968,1036
643646,971,1036
643647,973,1035
643648,979,1037
643649,979,1034
643650,976,1031
643651,976,1026
643652,975,1027
643653,981,1029
643654,982,1029
643655,986,1028
643656,984,1025
643657,981,1023
643658,981,1023
643659,986,1023
643660,986,1025
643661,989,1025
643662,992,1021
643663,987,1019
643664,988,1018
643665,992,1018
643666,996,1020
643667,998,1023
643668,998,1019
643669,996,1017
643670,997,1016
643671,997,1019
643672,1002,1022
643673,1001,1022
643674,1001,1020
643675,998,1017
643676,996,1019
643677,995,1023
643678,999,1026
643679,1001,1028
643680,999,1023
643681,996,1024
643682,993,1028
643683,992,1029
643684,991,1033
643685,992,1036
643686,988,1037
643687,985,1034
643688,984,1037
643689,984,1042
643690,983,1047
643691,984,1047
643692,981,1047
643693,976,1045
643694,974,1048
643695,975,1049
643696,975,1055
643697,977,1054
643698,970,1054
643699,968,1050
643700,968,1051
643701,969,1055
643702,970,1058
643703,968,1056
643704,966,1053
643705,965,1051
643706,967,1050
643707,965,1055
643708,967,1058
643709,969,1058
643710,966,1054
643711,965,1055
643712,964,1054
643713,965,1054
643714,970,1058
643715,971,1055
643716,970,1050
643717,967,1047
643718,969,1047
643719,974,1052
643720,973,1053
643721,977,1051
643722,974,1048
643723,972,1047
643724,972,1048
643725,972,1049
643726,974,1051
643727,975,1050
643728,975,1046
643729,973,1043
643730,970,1043
643731,972,1047
643732,971,1050
643733,973,1047
643734,974,1045
643735,969,1042
643736,968,1046
643737,969,1050
643738,973,1053
643739,973,1052
643740,967,1050
643741,968,1047
643742,968,1050
643743,968,1052
643744,973,1053
643745,973,1052
643746,970,1050
643747,969,1050
643748,964,1050
643749,965,1051
643750,969,1055
643751,970,1052
643752,967,1049
643753,963,1046
643754,959,1048
643755,965,1049
643756,969,1051
643757,967,1050
643758,966,1049
643759,962,1049
643760,963,1049
643761,965,1051
643762,965,1052
643763,967,1054
643764,966,1050
643765,962,1048
643766,962,1047
643767,962,1050
643768,963,1052
643769,962,1054
643770,960,1050
643771,958,1047
643772,959,1051
643773,960,1053
643774,965,1055
643775,966,1054
643776,965,1050
643777,962,1048
643778,962,1051
643779,962,1051
643780,966,1052
643781,967,1052
643782,964,1048
643783,960,1049
643784,960,1051
643785,962,1054
643786,964,1056
643787,967,1057
643788,963,1055
643789,960,1052
643790,961,1053
643791,965,1054
643792,968,1056
643793,967,1055
643794,968,1053
643795,963,1049
643796,962,1050
643797,961,1053
643798,967,1056
643799,967,1057
643800,964,1052
643801,961,1051
643802,960,1052
643803,961,1054
643804,965,1058
643805,963,1055
643806,961,1054
643807,961,1051
643808,961,1049
643809,963,1050
643810,965,1053
643811,962,1051
643812,961,1049
643813,957,1046
643814,961,1048
643815,960,1052
643816,967,1054
643817,969,1052
643818,965,1051
643819,966,1046
643820,965,1045
643821,965,1051
643822,967,1052
643823,966,1048
643824,966,1048
643825,961,1045
643826,964,1048
643827,965,1050
643828,963,1050
643829,966,1049
643830,964,1047
643831,958,1045
643832,961,1045
643833,961,1049
643834,965,1050
643835,965,1048
643836,965,1047
643837,965,1044
643838,967,1041
643839,973,1041
643840,984,1040
643841,998,1039
643842,1011,1031
643843,1027,1023
643844,1055,1018
643845,1090,1005
643846,1134,991
643847,1179,981
643848,1213,974
643849,1245,980
643850,1275,997
643851,1283,1016
643852,1264,1034
643853,1214,1037
643854,1154,1043
643855,1090,1058
643856,1025,1075
643857,972,1094
643858,940,1102
643859,940,1103
643860,949,1095
643861,961,1084
643862,966,1070
643863,967,1063
643864,970,1061
643865,967,1056
643866,962,1055
643867,960,1052
643868,952,1052
643869,952,1053
643870,955,1055
643871,956,1054
643872,952,1054
643873,950,1052
643874,949,1052
643875,955,1053
643876,953,1051
643877,954,1049
643878,952,1047
643879,951,1048
643880,948,1048
643881,949,1049
643882,950,1056
643883,951,1055
643884,949,1054
643885,949,1052
643886,949,1053
643887,948,1054
643888,950,1055
643889,951,1053
643890,949,1054
643891,948,1051
643892,946,1052
643893,945,1057
643894,946,1057
643895,948,1055
643896,946,1051
643897,944,1050
643898,944,1049
643899,947,1051
643900,950,1051
643901,954,1047
643902,955,1046
643903,952,1045
643904,952,1045
643905,952,1047
643906,953,1050
643907,954,1045
643908,951,1043
643909,952,1040
643910,950,1042
643911,955,1044
643912,958,1047
643913,958,1045
643914,957,1043
643915,956,1040
643916,950,1040
643917,952,1041
643918,960,1042
643919,965,1037
643920,962,1036
643921,960,1029
643922,961,1030
643923,965,1033
643924,967,1034
643925,969,1030
643926,975,1030
643927,971,1029
643928,971,1030
643929,975,1030
643930,980,1033
643931,983,1025
643932,983,1024
643933,982,1025
643934,981,1022
643935,986,1026
643936,990,1025
643937,986,1025
643938,992,1022
643939,986,1020
643940,986,1017
643941,988,1021
643942,993,1023
643943,995,1018
643944,998,1016
643945,995,1015
643946,994,1015
643947,997,1017
643948,999,1019
643949,998,1017
643950,997,1016
643951,993,1016
643952,991,1016
643953,990,1021
643954,994,1022
643955,996,1024
643956,994,1026
643957,991,1026
643958,988,1026
643959,986,1031
643960,987,1034
643961,988,1038
643962,984,1036
643963,980,1038
643964,974,1041
643965,978,1044
643966,978,1047
643967,975,1048
643968,972,1046
643969,969,1043
643970,970,1048
643971,970,1051
643972,971,1055
643973,973,1054
643974,970,1050
643975,969,1053
643976,967,1055
643977,964,1056
643978,971,1060
643979,972,1058
643980,972,1058
643981,968,1056
643982,965,1055
643983,967,1057
643984,973,1056
643985,972,1056
643986,971,1053
643987,968,1053
643988,967,1051
643989,970,1052
643990,971,1056
643991,973,1054
643992,972,1051
643993,968,1045
643994,966,1048
643995,967,1049
643996,971,1052
643997,974,1050
643998,971,1050
643999,970,1048
644000,970,1046
644001,971,1052
644002,974,1055
644003,977,1051
644004,973,1051
644005,968,1048
644006,968,1049
644007,973,1053
644008,971,1051
644009,972,1051
644010,971,1048
644011,969,1048
644012,970,1050
644013,976,1052
644014,976,1058
644015,979,1056
644016,976,1053
644017,970,1050
644018,969,1053
644019,971,1059
644020,973,1058
644021,976,1059
644022,974,1053
644023,972,1052
644024,966,1049
644025,971,1052
644026,971,1056
644027,976,1056
644028,973,1055
644029,970,1057
644030,970,1056
644031,968,1057
644032,971,1059
644033,973,1057
644034,972,1055
644035,968,1051
644036,962,1052
644037,965,1057
644038,971,1057
644039,972,1055
644040,972,1051
644041,970,1049
644042,969,1049
644043,967,1054
644044,970,1057
644045,972,1056
644046,971,1054
644047,969,1050
644048,967,1053
644049,970,1052
644050,971,1057
644051,973,1054
644052,971,1051
644053,969,1049
644054,967,1051
644055,966,1053
644056,971,1055
644057,975,1055
644058,974,1052
644059,970,1048
644060,968,1050
644061,971,1055
644062,975,1053
644063,975,1055
644064,975,1051
644065,970,1052
644066,968,1050
644067,971,1054
644068,974,1055
644069,975,1053
644070,968,1048
644071,963,1050
644072,963,1049
644073,965,1053
644074,966,1057
644075,970,1055
644076,967,1053
644077,965,1050
644078,968,1053
644079,970,1058
644080,975,1060
644081,973,1057
644082,975,1051
644083,974,1046
644084,977,1043
644085,990,1043
644086,1007,1042
644087,1026,1034
644088,1052,1026
644089,1084,1012
644090,1123,998
644091,1167,985
644092,1211,982
644093,1256,986
644094,1291,996
644095,1305,1012
644096,1286,1031
644097,1240,1040
644098,1176,1047
644099,1101,1062
644100,1028,1079
644101,972,1095
644102,939,1104
644103,944,1107
644104,964,1099
644105,977,1084
644106,983,1070
644107,984,1061
644108,979,1058
644109,975,1060
644110,974,1061
644111,970,1060
644112,969,1054
644113,962,1051
644114,958,1054
644115,958,1056
644116,958,1055
644117,961,1053
644118,958,1050
644119,952,1049
644120,951,1051
644121,949,1051
644122,953,1054
644123,952,1053
644124,948,1053
644125,945,1049
644126,945,1051
644127,947,1055
644128,952,1058
644129,953,1055
644130,954,1053
644131,949,1052
644132,947,1051
644133,952,1053
644134,952,1056
644135,952,1051
644136,948,1050
644137,951,1048
644138,950,1050
644139,951,1052
644140,956,1055
644141,957,1054
644142,957,1050
644143,955,1048
644144,955,1050
644145,956,1051
644146,959,1055
644147,963,1050
644148,963,1051
644149,956,1046
644150,957,1047
644151,961,1052
644152,962,1052
644153,964,1050
644154,963,1049
644155,957,1048
644156,959,1047
644157,955,1051
644158,961,1051
644159,963,1048
644160,959,1045
644161,958,1042
644162,958,1042
644163,962,1039
644164,967,1041
644165,970,1037
644166,968,1032
644167,970,1030
644168,972,1029
644169,974,1030
644170,975,1030
644171,978,1027
644172,977,1023
644173,975,1021
644174,976,1023
644175,979,1022
644176,981,1025
644177,982,1023
644178,984,1019
644179,985,1016
644180,985,1017
644181,986,1019
644182,994,1020
644183,993,1020
644184,995,1016
644185,994,1013
644186,993,1012
644187,996,1017
644188,1002,1018
644189,1004,1018
644190,1001,1015
644191,1000,1010
644192,997,1014
644193,1002,1015
644194,1003,1018
644195,1003,1016
644196,999,1019
644197,996,1016
644198,992,1019
644199,991,1023
644200,996,1028
644201,993,1029
644202,991,1031
644203,988,1029
644204,984,1034
644205,985,1038
644206,982,1044
644207,982,1041
644208,977,1043
644209,974,1040
644210,974,1044
644211,974,1047
644212,977,1050
644213,977,1050
644214,974,1048
644215,970,1046
644216,969,1048
644217,970,1052
644218,974,1054
644219,973,1054
644220,974,1053
644221,966,1048
644222,966,1049
644223,972,1052
644224,977,1057
644225,977,1054
644226,974,1052
644227,975,1051
644228,975,1053
644229,977,1053
644230,979,1055
644231,982,1053
644232,981,1053
644233,978,1050
644234,976,1050
644235,976,1054
644236,979,1055
644237,978,1053
644238,977,1047
644239,973,1044
644240,972,1045
644241,975,1049
644242,974,1052
644243,978,1048
644244,976,1048
644245,973,1043
644246,972,1043
644247,975,1047
644248,976,1047
644249,978,1049
644250,978,1046
644251,976,1043
644252,972,1045
644253,977,1046
644254,979,1046
644255,975,1048
644256,975,1044
644257,975,1043
644258,974,1042
644259,978,1048
644260,980,1047
644261,978,1048
644262,977,1046
644263,969,1044
644264,971,1048
644265,974,1048
644266,976,1051
644267,975,1050
644268,971,1047
644269,965,1047
644270,966,1049
644271,970,1054
644272,973,1055
644273,972,1053
644274,967,1048
644275,968,1045
644276,969,1047
644277,969,1050
644278,971,1050
644279,971,1050
644280,971,1047
644281,970,1046
644282,968,1047
644283,970,1051
644284,973,1051
644285,972,1050
644286,970,1046
644287,965,1044
644288,967,1047
644289,970,1050
644290,971,1051
644291,973,1052
644292,968,1051
644293,969,1047
644294,967,1050
644295,970,1051
644296,975,1053
644297,974,1051
644298,975,1047
644299,972,1046
644300,971,1046
644301,972,1050
644302,976,1054
644303,977,1050
644304,979,1048
644305,979,1041
644306,986,1036
644307,999,1037
644308,1015,1034
644309,1037,1028
644310,1065,1015
644311,1098,1003
644312,1137,987
644313,1183,985
644314,1227,982
644315,1268,992
644316,1299,1008
644317,1298,1024
644318,1268,1034
644319,1212,1037
644320,1151,1047
644321,1081,1065
644322,1013,1079
644323,957,1090
644324,934,1093
644325,941,1094
644326,959,1083
644327,970,1070
644328,976,1057
644329,975,1050
644330,971,1046
644331,970,1049
644332,967,1053
644333,969,1051
644334,965,1047
644335,956,1048
644336,954,1047
644337,954,1052
644338,958,1054
644339,959,1051
644340,954,1052
644341,953,1050
644342,953,1051
644343,954,1052
644344,955,1058
644345,955,1053
644346,953,1050
644347,950,1047
644348,948,1048
644349,948,1048
644350,948,1050
644351,949,1048
644352,944,1046
644353,943,1045
644354,942,1047
644355,946,1052
644356,950,1053
644357,952,1051
644358,949,1049
644359,950,1048
644360,950,1046
644361,951,1050
644362,954,1053
644363,955,1052
644364,954,1049
644365,949,1045
644366,950,1047
644367,951,1050
644368,953,1050
644369,953,1047
644370,952,1045
644371,951,1045
644372,954,1044
644373,958,1047
644374,958,1049
644375,960,1044
644376,957,1044
644377,957,1042
644378,959,1043
644379,962,1042
644380,967,1042
644381,967,1039
644382,964,1038
644383,963,1035
644384,964,1034
644385,967,1034
644386,971,1035
644387,973,1035
644388,973,1028
644389,967,1023
644390,967,1022
644391,970,1025
644392,977,1024
644393,979,1023
644394,975,1021
644395,974,1015
644396,971,1013
644397,976,1012
644398,979,1015
644399,975,1011
644400,979,1011
644401,977,1007
644402,979,1010
644403,983,1010
644404,986,1013
644405,988,1014
644406,984,1007
644407,984,1007
644408,985,1006
644409,987,1010
644410,992,1014
644411,992,1012
644412,993,1006
644413,992,1004
644414,987,1007
644415,988,1012
644416,994,1016
644417,997,1013
644418,999,1013
644419,994,1011
644420,994,1014
644421,995,1021
644422,998,1026
644423,997,1026
644424,995,1028
644425,991,1027
644426,989,1034
644427,989,1036
644428,990,1041
644429,989,1040
644430,984,1039
644431,983,1040
644432,981,1042
644433,983,1045
644434,982,1050
644435,981,1048
644436,979,1046
644437,977,1044
644438,973,1048
644439,973,1050
644440,973,1050
644441,975,1050
644442,970,1050
644443,969,1045
644444,969,1048
644445,972,1048
644446,974,1054
644447,973,1053
644448,971,1049
644449,968,1048
644450,970,1048
644451,974,1050
644452,975,1051
644453,973,1050
644454,974,1051
644455,971,1047
644456,972,1046
644457,977,1051
644458,979,1052
644459,981,1048
644460,980,1048
644461,975,1041
644462,975,1043
644463,978,1046
644464,980,1048
644465,977,1047
644466,978,1045
644467,978,1043
644468,975,1045
644469,974,1045
644470,976,1047
644471,978,1044
644472,977,1042
644473,977,1038
644474,977,1042
644475,978,1043
644476,981,1043
644477,983,1046
644478,979,1042
644479,977,1040
644480,974,1041
644481,973,1046
644482,976,1048
644483,980,1045
644484,977,1044
644485,971,1042
644486,969,1045
644487,972,1047
644488,975,1052
644489,975,1046
644490,975,1047
644491,971,1046
644492,969,1047
644493,970,1047
644494,972,1052
644495,973,1051
644496,974,1047
644497,970,1046
644498,970,1049
644499,972,1050
644500,974,1052
644501,975,1051
644502,975,1048
644503,974,1049
644504,972,1048
644505,974,1052
644506,977,1051
644507,978,1051
644508,975,1049
644509,971,1047
644510,969,1047
644511,972,1048
644512,972,1048
644513,978,1046
644514,977,1045
644515,974,1045
644516,972,1044
644517,977,1046
644518,980,1050
644519,979,1048
644520,977,1045
644521,975,1044
644522,969,1043
644523,975,1045
644524,982,1046
644525,984,1048
644526,976,1046
644527,973,1044
644528,974,1044
644529,977,1047
644530,982,1051
644531,982,1050
644532,979,1047
644533,976,1044
644534,975,1045
644535,982,1047
644536,983,1048
644537,987,1042
644538,990,1036
644539,997,1033
644540,1005,1030
644541,1020,1026
644542,1041,1023
644543,1067,1016
644544,1098,1005
644545,1131,986
644546,1171,980
644547,1213,983
644548,1255,992
644549,1283,1005
644550,1289,1027
644551,1267,1032
644552,1224,1036
644553,1169,1039
644554,1111,1056
644555,1055,1071
644556,996,1087
644557,954,1096
644558,940,1100
644559,949,1099
644560,966,1089
644561,978,1071
644562,984,1060
644563,982,1050
644564,979,1046
644565,976,1047
644566,975,1048
644567,974,1049
644568,970,1048
644569,964,1043
644570,959,1044
644571,961,1046
644572,959,1049
644573,959,1050
644574,960,1047
644575,956,1046
644576,954,1048
644577,955,1054
644578,958,1055
644579,957,1053
644580,952,1055
644581,949,1052
644582,954,1055
644583,954,1056
644584,953,1059
644585,956,1059
644586,954,1057
644587,952,1053
644588,953,1052
644589,956,1055
644590,958,1055
644591,957,1055
644592,955,1051
644593,953,1049
644594,952,1049
644595,956,1050
644596,956,1052
644597,957,1053
644598,959,1048
644599,954,1043
644600,952,1043
644601,952,1045
644602,954,1047
644603,957,1044
644604,956,1041
644605,956,1037
644606,955,1041
644607,958,1042
644608,961,1046
644609,962,1043
644610,960,1039
644611,957,1035
644612,958,1036
644613,960,1039
644614,962,1037
644615,965,1037
644616,965,1032
644617,963,1030
644618,960,1032
644619,962,1033
644620,965,1036
644621,970,1034
644622,967,1033
644623,965,1029
644624,967,1033
644625,968,1033
644626,971,1035
644627,973,1035
644628,971,1027
644629,967,1023
644630,970,1025
644631,969,1025
644632,971,1031
644633,976,1025
644634,973,1023
644635,971,1019
644636,973,1016
644637,975,1017
644638,975,1018
644639,978,1018
644640,976,1012
644641,974,1007
644642,976,1009
644643,982,1010
644644,986,1012
644645,986,1011
644646,986,1007
644647,984,1003
644648,984,1002
644649,989,1008
644650,994,1008
644651,998,1009
644652,998,1007
644653,997,1004
644654,996,1005
644655,999,1010
644656,1000,1012
644657,1003,1014
644658,1001,1014
644659,1000,1016
644660,997,1016
644661,997,1021
644662,997,1026
644663,998,1027
644664,997,1030
644665,993,1029
644666,992,1034
644667,988,1038
644668,992,1043
644669,993,1045
644670,991,1047
644671,986,1045
644672,983,1047
644673,985,1048
644674,987,1054
644675,985,1051
644676,986,1049
644677,983,1046
644678,982,1049
644679,983,1051
644680,983,1055
644681,983,1054
644682,979,1050
644683,976,1047
644684,977,1047
644685,979,1050
644686,982,1053
644687,981,1052
644688,978,1050
644689,977,1048
644690,973,1050
644691,979,1053
644692,986,1054
644693,986,1051
644694,983,1049
644695,982,1046
644696,980,1048
644697,981,1048
644698,983,1049
644699,984,1046
644700,982,1046
644701,979,1043
644702,978,1044
644703,979,1048
644704,984,1047
644705,985,1045
644706,982,1041
644707,979,1039
644708,978,1043
644709,982,1045
644710,984,1047
644711,982,1048
644712,979,1045
644713,975,1044
644714,976,1042
644715,977,1048
644716,983,1050
644717,981,1048
644718,980,1047
644719,981,1045
644720,980,1047
644721,981,1048
644722,984,1051
644723,984,1050
644724,982,1049
644725,978,1049
644726,975,1050
644727,975,1048
644728,982,1053
644729,981,1048
644730,980,1046
644731,976,1044
644732,975,1048
644733,975,1047
644734,979,1050
644735,978,1047
644736,977,1045
644737,975,1045
644738,973,1049
644739,975,1054
644740,978,1058
644741,979,1056
644742,980,1054
644743,978,1054
644744,977,1051
644745,977,1054
644746,981,1057
644747,981,1056
644748,978,1053
644749,976,1050
644750,975,1053
644751,978,1053
644752,981,1056
644753,980,1054
644754,978,1052
644755,976,1049
644756,977,1050
644757,978,1052
644758,979,1056
644759,979,1054
644760,978,1051
644761,976,1049
644762,974,1052
644763,973,1054
644764,975,1055
644765,978,1053
644766,974,1051
644767,971,1050
644768,968,1052
644769,973,1052
644770,975,1056
644771,976,1054
644772,977,1052
644773,974,1050
644774,975,1049
644775,975,1052
644776,980,1051
644777,983,1047
644778,982,1042
644779,982,1038
644780,988,1035
644781,997,1037
644782,1015,1036
644783,1028,1032
644784,1047,1023
644785,1069,1015
644786,1098,1005
644787,1135,997
644788,1171,990
644789,1211,988
644790,1245,993
644791,1268,1009
644792,1281,1028
644793,1275,1040
644794,1250,1044
644795,1205,1043
644796,1148,1050
644797,1092,1061
644798,1036,1082
644799,990,1098
644800,958,1109
644801,950,1110
644802,953,1106
644803,959,1093
644804,967,1083
644805,971,1075
644806,977,1070
644807,979,1065
644808,975,1058
644809,967,1055
644810,962,1053
644811,966,1057
644812,967,1059
644813,965,1056
644814,961,1056
644815,955,1054
644816,959,1052
644817,961,1058
644818,962,1058
644819,963,1057
644820,961,1052
644821,958,1050
644822,956,1052
644823,959,1057
644824,961,1056
644825,959,1058
644826,955,1053
644827,954,1051
644828,952,1051
644829,955,1054
644830,957,1057
644831,959,1056
644832,954,1051
644833,957,1048
644834,955,1048
644835,961,1052
644836,961,1054
644837,963,1053
644838,961,1049
644839,957,1049
644840,956,1049
644841,959,1053
644842,960,1053
644843,960,1052
644844,960,1049
644845,956,1048
644846,955,1051
644847,959,1051
644848,958,1052
644849,960,1053
644850,957,1048
644851,957,1046
644852,956,1048
644853,959,1049
644854,958,1054
644855,960,1051
644856,958,1048
644857,958,1046
644858,958,1046
644859,961,1049
644860,964,1051
644861,970,1049
644862,964,1047
644863,962,1043
644864,964,1043
644865,965,1045
644866,970,1044
644867,970,1038
644868,969,1033
644869,968,1031
644870,967,1033
644871,970,1033
644872,975,1034
644873,973,1029
644874,974,1025
644875,971,1022
644876,971,1023
644877,973,1024
644878,975,1024
644879,974,1020
644880,973,1019
644881,972,1016
644882,975,1016
644883,978,1019
644884,981,1020
644885,982,1017
644886,980,1016
644887,980,1014
644888,981,1013
644889,983,1017
644890,989,1018
644891,989,1016
644892,991,1013
644893,989,1009
644894,990,1013
644895,995,1014
644896,998,1018
644897,998,1016
644898,998,1016
644899,995,1013
644900,994,1014
644901,998,1016
644902,1000,1021
644903,1004,1023
644904,1000,1020
644905,996,1023
644906,996,1023
644907,1001,1029
644908,1000,1032
644909,998,1034
644910,995,1036
644911,990,1035
644912,986,1037
644913,989,1044
644914,989,1046
644915,990,1049
644916,988,1046
644917,984,1045
644918,983,1048
644919,985,1049
644920,985,1056
644921,983,1057
644922,981,1056
644923,973,1053
644924,971,1056
644925,973,1056
644926,979,1058
644927,976,1055
644928,978,1053
644929,972,1051
644930,974,1051
644931,975,1053
644932,978,1057
644933,980,1055
644934,978,1053
644935,976,1051
644936,977,1053
644937,979,1053
644938,981,1057
644939,981,1056
644940,977,1051
644941,972,1051
644942,973,1051
644943,975,1054
644944,978,1055
644945,979,1055
644946,976,1052
644947,974,1050
644948,974,1051
644949,975,1054
644950,977,1054
644951,980,1054
644952,981,1049
644953,977,1047
644954,976,1050
644955,977,1051
644956,979,1053
644957,981,1053
644958,978,1050
644959,977,1045
644960,978,1046
644961,980,1050
644962,981,1051
644963,978,1049
644964,975,1049
644965,978,1047
644966,976,1049
644967,975,1050
644968,976,1051
644969,977,1050
644970,974,1050
644971,970,1048
644972,968,1045
644973,972,1050
644974,974,1049
644975,977,1048
644976,975,1046
644977,972,1042
644978,972,1046
644979,974,1050
644980,977,1051
644981,979,1050
644982,976,1048
644983,973,1047
644984,972,1047
644985,973,1051
644986,975,1052
644987,975,1053
644988,974,1048
644989,971,1045
644990,969,1046
644991,969,1049
644992,973,1052
644993,972,1050
644994,971,1050
644995,967,1050
644996,968,1050
644997,969,1053
644998,971,1053
644999,974,1052
645000,968,1050
645001,968,1049
645002,967,1050
645003,968,1052
645004,973,1055
645005,976,1053
645006,972,1052
645007,969,1049
645008,967,1049
645009,967,1053
645010,971,1054
645011,971,1054
645012,968,1050
645013,965,1048
645014,964,1050
645015,966,1053
645016,965,1057
645017,970,1054
645018,967,1051
645019,963,1050
645020,964,1052
645021,965,1052
645022,970,1057
645023,970,1056
645024,968,1055
645025,965,1051
645026,965,1055
645027,970,1056
645028,974,1056
645029,974,1056
645030,974,1054
645031,973,1053
645032,972,1053
645033,973,1057
645034,977,1057
645035,979,1058
645036,978,1054
645037,979,1053
645038,977,1050
645039,979,1052
645040,977,1052
645041,981,1050
645042,984,1041
645043,990,1037
645044,1004,1035
645045,1020,1034
645046,1043,1028
645047,1071,1023
645048,1101,1010
645049,1138,994
645050,1176,986
645051,1220,986
645052,1256,986
645053,1291,993
645054,1306,1006
645055,1292,1016
645056,1250,1024
645057,1200,1028
645058,1142,1039
645059,1081,1053
645060,1017,1066
645061,961,1075
645062,931,1085
645063,930,1088
645064,944,1086
645065,959,1078
645066,969,1062
645067,971,1053
645068,968,1055
645069,966,1058
645070,964,1059
645071,962,1057
645072,959,1055
645073,951,1053
645074,953,1055
645075,953,1058
645076,950,1060
645077,952,1059
645078,951,1057
645079,950,1053
645080,949,1056
645081,950,1059
645082,954,1063
645083,956,1058
645084,953,1055
645085,952,1054
645086,953,1052
645087,951,1056
645088,955,1055
645089,956,1055
645090,953,1050
645091,950,1045
645092,948,1049
645093,948,1049
645094,953,1054
645095,954,1050
645096,954,1049
645097,949,1046
645098,947,1048
645099,952,1048
645100,952,1051
645101,954,1052
645102,951,1052
645103,947,1049
645104,943,1050
645105,952,1053
645106,953,1054
645107,953,1052
645108,952,1048
645109,947,1047
645110,948,1051
645111,951,1055
645112,951,1055
645113,951,1055
645114,949,1050
645115,949,1051
645116,948,1050
645117,952,1055
645118,952,1056
645119,959,1055
645120,956,1051
645121,955,1049
645122,954,1048
645123,957,1050
645124,960,1049
645125,957,1051
645126,959,1050
645127,959,1046
645128,960,1046
645129,964,1048
645130,967,1048
645131,967,1043
645132,964,1039
645133,960,1036
645134,960,1035
645135,965,1036
645136,970,1036
645137,973,1031
645138,973,1026
645139,970,1025
645140,970,1024
645141,975,1027
645142,980,1027
645143,979,1021
645144,979,1017
645145,974,1014
645146,971,1016
645147,980,1018
645148,985,1017
645149,986,1016
645150,984,1013
645151,983,1010
645152,983,1014
645153,989,1015
645154,993,1016
645155,994,1017
645156,991,1013
645157,990,1013
645158,990,1017
645159,996,1018
645160,999,1020
645161,998,1020
645162,998,1019
645163,993,1022
645164,996,1026
645165,998,1028
645166,1000,1034
645167,998,1034
645168,996,1035
645169,992,1034
645170,990,1038
645171,989,1040
645172,991,1045
645173,987,1043
645174,985,1045
645175,978,1044
645176,978,1045
645177,977,1049
645178,979,1053
645179,979,1050
645180,977,1047
645181,974,1048
645182,975,1051
645183,977,1055
645184,976,1054
645185,976,1053
645186,973,1050
645187,975,1051
645188,974,1048
645189,975,1052
645190,981,1052
645191,981,1051
645192,977,1047
645193,976,1045
645194,976,1046
645195,977,1049
645196,975,1051
645197,974,1048
645198,974,1047
645199,970,1047
645200,971,1049
645201,974,1053
645202,977,1054
645203,975,1053
645204,975,1051
645205,970,1048
645206,971,1047
645207,975,1051
645208,974,1052
645209,976,1050
645210,977,1047
645211,971,1047
645212,970,1047
645213,970,1048
645214,973,1051
645215,972,1053
645216,972,1048
645217,970,1047
645218,968,1049
645219,968,1051
645220,973,1053
645221,974,1052
645222,971,1050
645223,966,1047
645224,966,1050
645225,968,1051
645226,969,1053
645227,972,1052
645228,970,1047
645229,971,1046
645230,969,1047
645231,971,1051
645232,974,1053
645233,975,1052
645234,974,1050
645235,972,1047
645236,973,1050
645237,973,1050
645238,974,1054
645239,972,1054
645240,971,1051
645241,969,1052
645242,970,1053
645243,972,1056
645244,973,1055
645245,974,1054
645246,973,1051
645247,969,1051
645248,967,1050
645249,969,1053
645250,973,1054
645251,972,1053
645252,968,1048
645253,967,1046
645254,965,1049
645255,964,1053
645256,969,1055
645257,973,1054
645258,972,1050
645259,967,1051
645260,963,1051
645261,967,1053
645262,968,1058
645263,971,1052
645264,969,1050
645265,967,1047
645266,965,1051
645267,967,1054
645268,972,1056
645269,971,1054
645270,968,1051
645271,964,1049
645272,962,1051
645273,967,1053
645274,969,1057
645275,971,1055
645276,967,1053
645277,965,1049
645278,963,1049
645279,965,1053
645280,970,1055
645281,970,1054
645282,969,1051
645283,964,1047
645284,966,1050
645285,967,1057
645286,970,1055
645287,971,1054
645288,970,1052
645289,964,1048
645290,967,1051
645291,972,1052
645292,973,1057
645293,971,1052
645294,972,1051
645295,972,1050
645296,971,1049
645297,973,1052
645298,973,1054
645299,971,1054
645300,971,1048
645301,972,1046
645302,975,1043
645303,987,1044
645304,1000,1044
645305,1012,1039
645306,1025,1031
645307,1045,1023
645308,1074,1020
645309,1113,1009
645310,1153,999
645311,1191,986
645312,1228,982
645313,1263,984
645314,1294,995
645315,1310,1013
645316,1294,1029
645317,1248,1033
645318,1185,1034
645319,1115,1040
645320,1049,1060
645321,984,1079
645322,946,1092
645323,934,1096
645324,938,1091
645325,949,1082
645326,962,1076
645327,972,1069
645328,979,1062
645329,977,1058
645330,971,1053
645331,966,1051
645332,961,1051
645333,961,1052
645334,960,1055
645335,962,1055
645336,956,1052
645337,949,1050
645338,951,1051
645339,955,1055
645340,958,1054
645341,958,1053
645342,955,1052
645343,948,1050
645344,950,1055
645345,951,1056
645346,954,1061
645347,956,1059
645348,952,1055
645349,949,1054
645350,947,1054
645351,952,1057
645352,952,1059
645353,951,1059
645354,953,1056
645355,947,1053
645356,947,1057
645357,949,1059
645358,951,1061
645359,950,1058
645360,948,1057
645361,947,1056
645362,945,1054
645363,948,1056
645364,952,1058
645365,951,1056
645366,946,1053
645367,945,1052
645368,944,1054
645369,945,1054
645370,951,1054
645371,953,1049
645372,952,1048
645373,949,1045
645374,947,1047
645375,948,1047
645376,951,1050
645377,954,1046
645378,958,1042
645379,958,1040
645380,959,1042
645381,959,1043
645382,959,1042
645383,959,1040
645384,960,1038
645385,958,1033
645386,957,1034
645387,962,1038
645388,964,1040
645389,964,1040
645390,963,1035
645391,962,1034
645392,962,1033
645393,964,1035
645394,967,1034
645395,968,1033
645396,967,1029
645397,965,1028
645398,966,1028
645399,970,1030
645400,972,1034
645401,973,1031
645402,973,1028
645403,970,1026
645404,971,1025
645405,974,1028
645406,977,1028
645407,978,1025
645408,979,1023
645409,977,1019
645410,977,1019
645411,979,1022
645412,980,1024
645413,981,1022
645414,981,1021
645415,982,1019
645416,985,1018
645417,985,1021
645418,993,1022
645419,995,1021
645420,997,1018
645421,993,1017
645422,993,1017
645423,997,1023
645424,1002,1025
645425,1001,1023
645426,1000,1019
645427,998,1019
645428,998,1024
645429,997,1029
645430,999,1031
645431,993,1032
645432,993,1029
645433,988,1032
645434,985,1036
645435,984,1041
645436,988,1044
645437,985,1047
645438,983,1043
645439,978,1043
645440,979,1043
645441,979,1048
645442,982,1051
645443,981,1049
645444,980,1046
645445,975,1047
645446,973,1047
645447,974,1051
645448,977,1053
645449,975,1053
645450,976,1051
645451,972,1051
645452,971,1051
645453,973,1053
645454,975,1055
645455,979,1054
645456,977,1052
645457,973,1051
645458,976,1052
645459,975,1052
645460,980,1055
645461,979,1054
645462,981,1051
645463,978,1045
645464,977,1051
645465,978,1050
645466,981,1052
645467,982,1048
645468,979,1047
645469,977,1044
645470,975,1046
645471,979,1048
645472,979,1051
645473,981,1048
645474,978,1044
645475,979,1041
645476,977,1044
645477,980,1047
645478,983,1046
645479,980,1045
645480,977,1044
645481,974,1041
645482,975,1041
645483,977,1048
645484,978,1048
645485,978,1047
645486,976,1048
645487,972,1045
645488,970,1050
645489,972,1050
645490,974,1053
645491,973,1051
645492,969,1049
645493,968,1049
645494,966,1051
645495,969,1053
645496,973,1054
645497,975,1052
645498,974,1050
645499,969,1049
645500,965,1049
645501,969,1052
645502,970,1054
645503,972,1053
645504,976,1054
645505,971,1051
645506,972,1052
645507,972,1052
645508,976,1055
645509,972,1052
645510,969,1049
645511,970,1049
645512,971,1051
645513,971,1048
645514,975,1051
645515,972,1047
645516,972,1048
645517,973,1045
645518,971,1046
645519,971,1047
645520,975,1051
645521,974,1050
645522,974,1049
645523,972,1046
645524,971,1047
645525,973,1048
645526,971,1051
645527,972,1049
645528,972,1046
645529,971,1044
645530,971,1048
645531,975,1051
645532,976,1051
645533,975,1051
645534,976,1047
645535,971,1046
645536,968,1048
645537,967,1052
645538,968,1052
645539,968,1052
645540,966,1049
645541,965,1049
645542,966,1053
645543,969,1056
645544,972,1057
645545,975,1055
645546,974,1052
645547,972,1051
645548,968,1051
645549,970,1054
645550,975,1057
645551,977,1056
645552,975,1055
645553,971,1053
645554,970,1051
645555,969,1053
645556,971,1053
645557,973,1050
645558,973,1050
645559,975,1048
645560,974,1047
645561,975,1050
645562,977,1051
645563,977,1051
645564,976,1047
645565,972,1047
645566,972,1047
645567,976,1051
645568,978,1051
645569,975,1050
645570,973,1046
645571,968,1043
645572,971,1047
645573,972,1047
645574,975,1048
645575,975,1046
645576,974,1044
645577,970,1042
645578,970,1046
645579,973,1049
645580,974,1052
645581,975,1048
645582,972,1046
645583,973,1042
645584,974,1047
645585,977,1050
645586,980,1050
645587,980,1049
645588,976,1047
645589,972,1046
645590,974,1049
645591,976,1048
645592,976,1046
645593,980,1043
645594,988,1038
645595,997,1033
645596,1014,1030
645597,1031,1027
645598,1058,1021
645599,1088,1010
645600,1127,994
645601,1169,976
645602,1212,970
645603,1256,975
645604,1293,988
645605,1312,1005
645606,1297,1020
645607,1249,1026
645608,1182,1036
645609,1114,1053
645610,1047,1070
645611,988,1084
645612,951,1090
645613,947,1089
645614,961,1085
645615,980,1075
645616,993,1063
645617,992,1052
645618,984,1047
645619,974,1046
645620,973,1046
645621,971,1048
645622,972,1048
645623,971,1048
645624,965,1047
645625,963,1042
645626,960,1044
645627,962,1047
645628,963,1052
645629,962,1052
645630,959,1050
645631,955,1049
645632,955,1051
645633,957,1053
645634,959,1055
645635,961,1052
645636,957,1051
645637,958,1051
645638,957,1051
645639,960,1054
645640,965,1055
645641,965,1054
645642,963,1051
645643,959,1051
645644,957,1051
645645,959,1054
645646,963,1056
645647,961,1052
645648,962,1051
645649,959,1048
645650,959,1051
645651,962,1052
645652,966,1053
645653,966,1049
645654,964,1045
645655,961,1041
645656,959,1043
645657,962,1044
645658,964,1044
645659,964,1041
645660,962,1038
645661,958,1032
645662,959,1036
645663,961,1038
645664,965,1039
645665,965,1037
645666,965,1031
645667,962,1029
645668,959,1031
645669,964,1032
645670,970,1032
645671,971,1031
645672,965,1026
645673,962,1023
645674,967,1022
645675,971,1027
645676,973,1027
645677,975,1023
645678,974,1022
645679,970,1019
645680,972,1022
645681,977,1023
645682,980,1022
645683,981,1023
645684,981,1019
645685,979,1017
645686,981,1019
645687,985,1020
645688,990,1020
645689,987,1019
645690,989,1015
645691,988,1015
645692,989,1015
645693,995,1016
645694,996,1019
645695,1000,1017
645696,999,1016
645697,998,1015
645698,1001,1016
645699,1008,1022
645700,1011,1020
645701,1013,1019
645702,1011,1015
645703,1011,1011
645704,1010,1013
645705,1014,1016
645706,1020,1018
645707,1023,1014
645708,1018,1017
645709,1015,1014
645710,1015,1018
645711,1016,1020
645712,1016,1024
645713,1012,1025
645714,1008,1023
645715,1001,1025
645716,1000,1029
645717,1001,1034
645718,1002,1037
645719,1001,1036
645720,997,1037
645721,992,1036
645722,988,1040
645723,990,1043
645724,992,1047
645725,993,1043
645726,990,1043
645727,985,1042
645728,982,1045
645729,982,1047
645730,986,1051
645731,988,1048
645732,981,1042
645733,976,1045
645734,978,1046
645735,979,1047
645736,982,1050
645737,984,1048
645738,981,1047
645739,980,1045
645740,980,1045
645741,982,1048
645742,982,1049
645743,983,1047
645744,982,1043
645745,981,1040
645746,978,1040
645747,982,1040
645748,984,1040
645749,986,1039
645750,984,1033
645751,983,1034
645752,985,1033
645753,988,1034
645754,989,1038
645755,990,1037
645756,986,1030
645757,983,1032
645758,983,1034
645759,985,1039
645760,989,1038
645761,988,1036
645762,985,1033
645763,984,1030
645764,984,1034
645765,988,1036
645766,990,1037
645767,989,1033
645768,983,1033
645769,984,1034
645770,983,1033
645771,986,1037
645772,990,1041
645773,988,1038
645774,985,1036
645775,982,1036
645776,979,1038
645777,983,1042
645778,982,1043
645779,984,1042
645780,983,1040
645781,975,1038
645782,975,1038
645783,975,1041
645784,976,1044
645785,978,1046
645786,978,1044
645787,975,1043
645788,974,1047
645789,975,1049
645790,977,1052
645791,981,1049
645792,980,1045
645793,978,1043
645794,979,1041
645795,981,1047
645796,983,1047
645797,984,1046
645798,980,1042
645799,980,1041
645800,978,1039
645801,981,1042
645802,983,1042
645803,981,1041
645804,981,1038
645805,977,1036
645806,978,1035
645807,980,1040
645808,982,1042
645809,981,1041
645810,981,1038
645811,977,1040
645812,977,1037
645813,981,1039
645814,985,1039
645815,985,1038
645816,984,1036
645817,980,1036
645818,978,1037
645819,982,1040
645820,986,1040
645821,985,1038
645822,980,1033
645823,977,1029
645824,985,1028
645825,994,1030
645826,1005,1029
645827,1019,1023
645828,1033,1018
645829,1054,1013
645830,1084,1009
645831,1126,999
645832,1172,989
645833,1217,982
645834,1259,980
645835,1289,990
645836,1303,1011
645837,1291,1027
645838,1254,1034
645839,1191,1035
645840,1121,1040
645841,1049,1054
645842,989,1073
645843,949,1083
645844,943,1086
645845,956,1077
645846,971,1065
645847,980,1048
645848,986,1041
645849,985,1037
645850,986,1036
645851,983,1036
645852,978,1034
645853,971,1033
645854,968,1037
645855,970,1037
645856,973,1041
645857,971,1038
645858,969,1036
645859,967,1032
645860,966,1036
645861,967,1038
645862,968,1041
645863,967,1037
645864,966,1037
645865,963,1035
645866,960,1035
645867,965,1037
645868,965,1040
645869,966,1035
645870,961,1032
645871,960,1030
645872,960,1032
645873,959,1038
645874,964,1038
645875,963,1038
645876,958,1036
645877,952,1035
645878,952,1037
645879,956,1045
645880,958,1045
645881,963,1045
645882,959,1041
645883,957,1038
645884,954,1035
645885,957,1038
645886,962,1037
645887,965,1033
645888,963,1031
645889,960,1026
645890,958,1027
645891,963,1027
645892,967,1029
645893,967,1025
645894,966,1023
645895,964,1018
645896,967,1021
645897,969,1023
645898,975,1024
645899,974,1022
645900,972,1019
645901,972,1018
645902,975,1018
645903,978,1019
645904,981,1018
645905,982,1016
645906,980,1012
645907,978,1008
645908,980,1008
645909,984,1008
645910,985,1007
645911,989,1007
645912,992,1002
645913,988,998
645914,986,999
645915,988,1003
645916,990,1004
645917,991,1001
645918,989,998
645919,984,998
645920,984,998
645921,988,1001
645922,992,1002
645923,996,1004
645924,993,1002
645925,992,1000
645926,994,999
645927,997,1003
645928,1000,1003
645929,1001,999
645930,1000,995
645931,1002,994
645932,1000,997
645933,1004,996
645934,1005,997
645935,1004,998
645936,1001,995
645937,1002,999
645938,1005,1003
645939,1007,1007
645940,1005,1009
645941,1006,1009
645942,1002,1010
645943,998,1011
645944,997,1016
645945,996,1018
645946,999,1023
645947,1001,1023
645948,994,1024
645949,992,1025
645950,993,1027
645951,996,1028
645952,996,1031
645953,994,1032
645954,992,1033
645955,988,1030
645956,991,1029
645957,991,1036
645958,989,1037
645959,992,1035
645960,988,1035
645961,981,1034
645962,983,1038
645963,985,1041
645964,991,1041
645965,992,1043
645966,990,1039
645967,987,1040
645968,985,1038
645969,988,1041
645970,989,1041
645971,990,1038
645972,990,1035
645973,989,1031
645974,989,1032
645975,990,1035
645976,991,1036
645977,991,1032
645978,990,1030
645979,985,1026
645980,988,1029
645981,991,1031
645982,993,1033
645983,994,1031
645984,992,1031
645985,989,1030
645986,991,1033
645987,990,1034
645988,993,1036
645989,998,1035
645990,995,1033
645991,987,1033
645992,987,1035
645993,992,1038
645994,996,1039
645995,993,1037
645996,988,1036
645997,985,1035
645998,985,1035
645999,989,1040
646000,992,1042
646001,991,1041
646002,989,1041
646003,986,1039
646004,983,1041
646005,985,1042
646006,983,1041
646007,987,1039
646008,985,1036
646009,979,1031
646010,978,1033
646011,984,1036
646012,989,1038
646013,986,1034
646014,986,1032
646015,982,1031
646016,983,1033
646017,985,1036
646018,989,1036
646019,990,1030
646020,988,1030
646021,986,1030
646022,985,1029
646023,985,1034
646024,987,1034
646025,987,1034
646026,984,1033
646027,984,1030
646028,982,1033
646029,983,1035
646030,987,1036
646031,988,1036
646032,985,1035
646033,980,1033
646034,983,1034
646035,984,1037
646036,984,1040
646037,986,1037
646038,985,1035
646039,983,1038
646040,979,1039
646041,984,1041
646042,986,1044
646043,987,1044
646044,985,1043
646045,982,1041
646046,984,1043
646047,985,1045
646048,988,1046
646049,987,1045
646050,985,1046
646051,988,1041
646052,988,1042
646053,993,1040
646054,994,1040
646055,997,1039
646056,992,1036
646057,992,1031
646058,989,1032
646059,992,1033
646060,992,1037
646061,993,1034
646062,988,1031
646063,986,1026
646064,987,1026
646065,993,1025
646066,1002,1023
646067,1014,1021
646068,1026,1011
646069,1039,1008
646070,1063,1005
646071,1099,997
646072,1136,984
646073,1181,972
646074,1225,965
646075,1266,968
646076,1299,988
646077,1315,1012
646078,1298,1027
646079,1250,1029
646080,1184,1032
646081,1111,1043
646082,1039,1067
646083,979,1087
646084,949,1101
646085,951,1102
646086,965,1095
646087,975,1079
646088,983,1067
646089,988,1059
646090,992,1054
646091,991,1049
646092,986,1047
646093,979,1045
646094,976,1047
646095,979,1048
646096,978,1048
646097,978,1046
646098,974,1041
646099,972,1037
646100,974,1035
646101,977,1036
646102,974,1037
646103,972,1036
646104,968,1033
646105,964,1031
646106,969,1030
646107,969,1035
646108,969,1034
646109,969,1036
646110,969,1033
646111,965,1033
646112,963,1033
646113,965,1035
646114,968,1034
646115,969,1035
646116,966,1030
646117,963,1030
646118,965,1033
646119,968,1037
646120,969,1035
646121,968,1037
646122,967,1035
646123,964,1034
646124,966,1034
646125,969,1037
646126,971,1039
646127,971,1036
646128,969,1037
646129,966,1036
646130,967,1038
646131,969,1039
646132,969,1041
646133,971,1041
646134,965,1039
646135,963,1038
646136,964,1039
646137,970,1041
646138,973,1043
646139,973,1040
646140,972,1036
646141,973,1035
646142,973,1035
646143,975,1031
646144,977,1029
646145,975,1026
646146,973,1020
646147,973,1015
646148,975,1019
646149,975,1018
646150,982,1018
646151,982,1013
646152,980,1012
646153,979,1008
646154,982,1008
646155,986,1007
646156,986,1009
646157,984,1004
646158,985,1003
646159,982,1002
646160,983,1002
646161,984,1008
646162,990,1007
646163,993,1002
646164,990,1000
646165,988,998
646166,991,999
646167,996,1002
646168,1002,1002
646169,1005,1002
646170,1003,999
646171,1002,995
646172,1002,1000
646173,1006,1005
646174,1011,1006
646175,1011,1007
646176,1009,1006
646177,1010,1008
646178,1011,1010
646179,1014,1016
646180,1014,1020
646181,1019,1019
646182,1014,1020
646183,1011,1020
646184,1011,1022
646185,1015,1023
646186,1015,1025
646187,1010,1024
646188,1004,1022
646189,1004,1021
646190,1003,1027
646191,1002,1031
646192,1000,1031
646193,999,1031
646194,996,1033
646195,991,1030
646196,991,1032
646197,990,1034
646198,990,1040
646199,992,1038
646200,991,1035
646201,988,1035
646202,989,1035
646203,992,1037
646204,992,1040
646205,993,1039
646206,989,1036
646207,990,1035
646208,987,1039
646209,992,1039
646210,993,1042
646211,993,1039
646212,990,1037
646213,987,1036
646214,988,1034
646215,990,1041
646216,994,1042
646217,994,1041
646218,991,1039
646219,992,1039
646220,992,1038
646221,992,1039
646222,994,1044
646223,995,1042
646224,993,1038
646225,987,1036
646226,990,1041
646227,989,1044
646228,992,1046
646229,992,1049
646230,992,1046
646231,992,1046
646232,991,1045
646233,992,1046
646234,995,1042
646235,993,1040
646236,990,1035
646237,986,1038
646238,990,1039
646239,993,1041
646240,995,1043
646241,992,1043
646242,989,1037
646243,987,1037
646244,988,1039
646245,989,1040
646246,989,1042
646247,990,1038
646248,991,1035
646249,990,1034
646250,989,1036
646251,991,1037
646252,992,1041
646253,990,1039
646254,987,1038
646255,984,1036
646256,985,1037
646257,988,1041
646258,990,1043
646259,987,1040
646260,985,1038
646261,983,1038
646262,983,1039
646263,987,1044
646264,991,1043
646265,987,1042
646266,985,1040
646267,984,1039
646268,985,1041
646269,988,1044
646270,989,1045
646271,989,1043
646272,985,1040
646273,982,1040
646274,982,1040
646275,982,1041
646276,983,1047
646277,987,1044
646278,983,1041
646279,981,1042
646280,978,1045
646281,977,1049
646282,982,1051
646283,981,1052
646284,982,1052
646285,978,1051
646286,977,1052
646287,978,1055
646288,981,1053
646289,985,1048
646290,983,1043
646291,983,1041
646292,981,1041
646293,983,1043
646294,986,1042
646295,986,1041
646296,983,1039
646297,982,1039
646298,980,1038
646299,981,1043
646300,980,1046
646301,982,1043
646302,980,1040
646303,977,1040
646304,978,1043
646305,978,1043
646306,983,1044
646307,980,1040
646308,979,1040
646309,979,1039
646310,980,1041
646311,983,1043
646312,985,1042
646313,986,1042
646314,985,1041
646315,981,1041
646316,986,1042
646317,989,1044
646318,989,1043
646319,990,1039
646320,991,1032
646321,997,1030
646322,1010,1027
646323,1025,1028
646324,1046,1026
646325,1071,1019
646326,1107,1006
646327,1149,988
646328,1195,978
646329,1243,977
646330,1282,984
646331,1312,1001
646332,1312,1021
646333,1277,1031
646334,1219,1035
646335,1152,1048
646336,1082,1066
646337,1011,1083
646338,958,1087
646339,941,1088
646340,952,1087
646341,973,1077
646342,986,1064
646343,993,1051
646344,984,1043
646345,978,1038
646346,976,1039
646347,975,1041
646348,975,1044
646349,969,1043
646350,967,1039
646351,963,1036
646352,962,1039
646353,964,1044
646354,967,1046
646355,967,1041
646356,965,1037
646357,962,1039
646358,962,1042
646359,967,1042
646360,969,1044
646361,970,1041
646362,967,1039
646363,965,1040
646364,963,1041
646365,967,1045
646366,970,1045
646367,967,1043
646368,963,1044
646369,961,1041
646370,964,1044
646371,964,1048
646372,967,1048
646373,963,1048
646374,966,1047
646375,963,1046
646376,965,1050
646377,965,1050
646378,968,1054
646379,972,1052
646380,967,1051
646381,967,1051
646382,966,1054
646383,973,1055
646384,977,1054
646385,978,1051
646386,972,1046
646387,971,1041
646388,970,1038
646389,970,1040
646390,974,1038
646391,974,1035
646392,972,1033
646393,970,1032
646394,970,1032
646395,971,1033
646396,975,1032
646397,976,1034
646398,978,1029
646399,975,1027
646400,973,1026
646401,977,1026
646402,982,1027
646403,980,1023
646404,978,1021
646405,974,1017
646406,976,1020
646407,980,1022
646408,981,1021
646409,985,1019
646410,981,1015
646411,981,1014
646412,983,1017
646413,985,1016
646414,993,1018
646415,996,1015
646416,994,1015
646417,988,1015
646418,990,1015
646419,991,1018
646420,995,1017
646421,995,1016
646422,997,1012
646423,999,1012
646424,998,1015
646425,1000,1016
646426,1008,1018
646427,1010,1017
646428,1006,1016
646429,1006,1017
646430,1008,1020
646431,1012,1023
646432,1017,1024
646433,1018,1022
646434,1015,1020
646435,1012,1017
646436,1013,1021
646437,1015,1022
646438,1018,1021
646439,1012,1020
646440,1009,1019
646441,1004,1020
646442,1004,1024
646443,1003,1028
646444,1002,1031
646445,1000,1031
646446,997,1030
646447,991,1031
646448,990,1031
646449,992,1036
646450,994,1038
646451,992,1038
646452,991,1034
646453,990,1035
646454,988,1035
646455,990,1038
646456,989,1039
646457,990,1037
646458,987,1034
646459,986,1036
646460,982,1037
646461,986,1039
646462,990,1043
646463,988,1042
646464,984,1039
646465,986,1039
646466,985,1041
646467,988,1043
646468,990,1045
646469,988,1042
646470,990,1043
646471,988,1044
646472,988,1048
646473,989,1048
646474,995,1052
646475,992,1047
646476,993,1043
646477,991,1041
646478,994,1045
646479,995,1048
646480,997,1049
646481,996,1049
646482,993,1047
646483,993,1045
646484,991,1047
646485,993,1047
646486,996,1047
646487,995,1040
646488,991,1035
646489,985,1033
646490,986,1033
646491,989,1033
646492,991,1036
646493,991,1033
646494,991,1035
646495,988,1031
646496,988,1033
646497,988,1035
646498,990,1038
646499,991,1036
646500,988,1033
646501,986,1034
646502,986,1036
646503,989,1037
646504,993,1035
646505,992,1035
646506,987,1035
646507,983,1034
646508,983,1036
646509,983,1038
646510,990,1040
646511,987,1039
646512,986,1039
646513,984,1037
646514,986,1040
646515,988,1042
646516,989,1043
646517,989,1042
646518,987,1042
646519,982,1041
646520,981,1043
646521,985,1046
646522,984,1048
646523,984,1048
646524,979,1044
646525,978,1045
646526,977,1049
646527,981,1052
646528,983,1053
646529,986,1050
646530,985,1049
646531,983,1047
646532,982,1048
646533,984,1048
646534,985,1047
646535,986,1043
646536,985,1040
646537,985,1037
646538,985,1039
646539,987,1041
646540,992,1040
646541,990,1038
646542,986,1033
646543,986,1035
646544,984,1036
646545,985,1039
646546,989,1036
646547,988,1037
646548,986,1034
646549,979,1032
646550,978,1036
646551,978,1039
646552,985,1036
646553,986,1036
646554,984,1035
646555,982,1035
646556,981,1036
646557,984,1038
646558,988,1038
646559,984,1038
646560,981,1036
646561,978,1036
646562,979,1036
646563,982,1039
646564,983,1042
646565,982,1040
646566,982,1039
646567,978,1040
646568,981,1040
646569,983,1044
646570,985,1046
646571,987,1045
646572,986,1042
646573,982,1042
646574,985,1046
646575,987,1050
646576,989,1050
646577,989,1051
646578,988,1047
646579,987,1048
646580,984,1050
646581,987,1048
646582,989,1047
646583,989,1042
646584,985,1038
646585,982,1035
646586,982,1037
646587,985,1039
646588,986,1038
646589,984,1034
646590,977,1034
646591,983,1033
646592,982,1034
646593,985,1035
646594,989,1035
646595,987,1033
646596,980,1032
646597,978,1029
646598,980,1035
646599,982,1039
646600,985,1038
646601,986,1038
646602,985,1035
646603,986,1034
646604,985,1036
646605,987,1037
646606,987,1037
646607,988,1034
646608,985,1033
646609,981,1033
646610,980,1037
646611,982,1038
646612,985,1043
646613,988,1038
646614,983,1037
646615,984,1038
646616,985,1040
646617,987,1041
646618,992,1047
646619,991,1042
646620,990,1041
646621,989,1040
646622,988,1043
646623,991,1041
646624,995,1040
646625,1002,1038
646626,1008,1032
646627,1023,1032
646628,1040,1030
646629,1065,1026
646630,1096,1021
646631,1128,1007
646632,1162,987
646633,1199,969
646634,1237,964
646635,1279,965
646636,1312,974
646637,1322,989
646638,1294,1002
646639,1243,1009
646640,1178,1018
646641,1121,1032
646642,1063,1044
646643,1013,1052
646644,981,1056
646645,968,1059
646646,975,1057
646647,994,1050
646648,1004,1043
646649,1004,1031
646650,995,1028
646651,986,1027
646652,984,1028
646653,983,1032
646654,983,1032
646655,977,1033
646656,974,1032
646657,970,1032
646658,971,1034
646659,974,1034
646660,973,1038
646661,973,1039
646662,970,1034
646663,967,1033
646664,968,1037
646665,970,1037
646666,969,1038
646667,969,1037
646668,968,1034
646669,967,1033
646670,966,1037
646671,968,1041
646672,970,1041
646673,968,1043
646674,967,1039
646675,966,1039
646676,969,1044
646677,968,1047
646678,970,1050
646679,971,1048
646680,969,1046
646681,967,1043
646682,967,1047
646683,971,1048
646684,975,1040
646685,970,1038
646686,969,1035
646687,968,1031
646688,966,1032
646689,969,1034
646690,974,1036
646691,974,1033
646692,973,1027
646693,972,1027
646694,970,1031
646695,974,1030
646696,978,1030
646697,977,1026
646698,973,1025
646699,972,1023
646700,974,1026
646701,977,1028
646702,982,1029
646703,983,1027
646704,981,1023
646705,976,1024
646706,979,1025
646707,984,1026
646708,989,1026
646709,987,1025
646710,986,1019
646711,986,1021
646712,989,1022
646713,990,1023
646714,994,1024
646715,992,1021
646716,990,1018
646717,992,1019
646718,992,1022
646719,999,1023
646720,1003,1022
646721,1002,1020
646722,1000,1017
646723,998,1016
646724,1000,1016
646725,1003,1020
646726,1010,1021
646727,1007,1017
646728,1005,1016
646729,1006,1014
646730,1008,1013
646731,1012,1015
646732,1012,1013
646733,1012,1009
646734,1011,1002
646735,1012,1000
646736,1014,1000
646737,1015,1004
646738,1020,1003
646739,1019,1001
646740,1016,1000
646741,1016,995
646742,1011,999
646743,1013,1002
646744,1018,1007
646745,1018,1002
646746,1016,1002
646747,1015,1002
646748,1011,1006
646749,1011,1010
646750,1013,1014
646751,1013,1012
646752,1007,1011
646753,1004,1012
646754,1004,1019
646755,1004,1022
646756,1008,1026
646757,1007,1023
646758,1002,1020
646759,998,1023
646760,997,1025
646761,998,1027
646762,998,1031
646763,996,1031
646764,991,1029
646765,989,1031
646766,989,1031
646767,991,1033
646768,994,1037
646769,993,1037
646770,988,1034
646771,988,1034
646772,989,1036
646773,992,1040
646774,990,1042
646775,994,1041
646776,994,1040
646777,993,1043
646778,995,1044
646779,999,1045
646780,1003,1045
646781,1001,1041
646782,997,1039
646783,993,1031
646784,994,1033
646785,998,1034
646786,1002,1035
646787,999,1030
646788,996,1027
646789,991,1028
646790,991,1028
646791,993,1028
646792,993,1029
646793,993,1025
646794,990,1022
646795,984,1022
646796,988,1024
646797,990,1029
646798,991,1029
646799,993,1028
646800,988,1025
646801,985,1023
646802,988,1027
646803,987,1026
646804,992,1027
646805,990,1027
646806,988,1023
646807,986,1022
646808,988,1025
646809,991,1028
646810,994,1028
646811,991,1027
646812,986,1025
646813,987,1024
646814,983,1027
646815,989,1030
646816,988,1032
646817,988,1031
646818,985,1026
646819,981,1028
646820,981,1030
646821,982,1033
646822,985,1033
646823,985,1034
646824,982,1035
646825,982,1033
646826,980,1038
646827,983,1040
646828,988,1042
646829,989,1045
646830,987,1041
646831,985,1039
646832,983,1041
646833,988,1044
646834,991,1038
646835,991,1037
646836,990,1034
646837,984,1032
646838,983,1032
646839,989,1033
646840,994,1035
646841,994,1033
646842,989,1030
646843,986,1027
646844,985,1031
646845,988,1032
646846,989,1033
646847,986,1033
646848,979,1029
646849,980,1030
646850,981,1032
646851,982,1033
646852,987,1034
646853,989,1035
646854,986,1030
646855,980,1031
646856,982,1030
646857,984,1032
646858,987,1033
646859,987,1030
646860,983,1028
646861,982,1028
646862,982,1030
646863,982,1034
646864,985,1034
646865,982,1032
646866,979,1029
646867,977,1030
646868,977,1029
646869,980,1033
646870,982,1033
646871,979,1034
646872,978,1030
646873,978,1032
646874,980,1033
646875,982,1037
646876,984,1039
646877,985,1038
646878,980,1037
646879,979,1036
646880,979,1040
646881,983,1041
646882,985,1040
646883,986,1039
646884,984,1037
646885,983,1037
646886,988,1036
646887,987,1036
646888,994,1036
646889,992,1033
646890,988,1029
646891,986,1027
646892,986,1030
646893,990,1032
646894,990,1032
646895,991,1030
646896,987,1026
646897,986,1025
646898,986,1029
646899,984,1031
646900,986,1032
646901,986,1031
646902,984,1026
646903,984,1026
646904,983,1029
646905,982,1034
646906,987,1032
646907,979,1033
646908,977,1029
646909,978,1031
646910,980,1031
646911,984,1034
646912,986,1035
646913,985,1030
646914,982,1030
646915,976,1030
646916,977,1033
646917,980,1036
646918,983,1038
646919,981,1036
646920,980,1034
646921,975,1035
646922,978,1035
646923,982,1037
646924,983,1040
646925,982,1036
646926,977,1035
646927,975,1035
646928,978,1038
646929,981,1042
646930,984,1043
646931,984,1042
646932,983,1038
646933,980,1039
646934,984,1042
646935,986,1046
646936,990,1045
646937,988,1042
646938,987,1037
646939,986,1035
646940,985,1032
646941,991,1036
646942,992,1034
646943,992,1031
646944,989,1029
646945,984,1028
646946,984,1029
646947,988,1030
646948,992,1030
646949,990,1027
646950,987,1024
646951,986,1024
646952,987,1027
646953,991,1028
646954,992,1027
646955,988,1027
646956,987,1023
646957,985,1024
646958,984,1026
646959,988,1028
646960,986,1030
646961,987,1028
646962,985,1027
646963,985,1024
646964,985,1028
646965,986,1031
646966,990,1029
646967,988,1029
646968,983,1027
646969,984,1028
646970,984,1029
646971,983,1030
646972,990,1034
646973,991,1031
646974,988,1028
646975,983,1028
646976,986,1032
646977,983,1034
646978,985,1032
646979,984,1031
646980,982,1031
646981,978,1031
646982,979,1034
646983,983,1035
646984,982,1040
646985,981,1039
646986,979,1037
646987,977,1037
646988,982,1041
646989,984,1046
646990,989,1047
646991,988,1043
646992,987,1043
646993,985,1040
646994,985,1040
646995,986,1039
646996,990,1035
646997,991,1030
646998,988,1027
646999,983,1029
647000,981,1029
647001,984,1031
647002,986,1027
647003,991,1026
647004,986,1023
647005,986,1025
647006,987,1025
647007,989,1031
647008,991,1029
647009,989,1029
647010,983,1025
647011,982,1026
647012,983,1028
647013,984,1030
647014,984,1029
647015,986,1029
647016,985,1026
647017,981,1024
647018,981,1026
647019,984,1029
647020,990,1031
647021,987,1030
647022,985,1027
647023,984,1030
647024,985,1031
647025,989,1033
647026,992,1035
647027,993,1032
647028,991,1031
647029,988,1030
647030,989,1031
647031,992,1035
647032,992,1033
647033,990,1034
647034,988,1030
647035,985,1030
647036,987,1031
647037,988,1034
647038,989,1033
647039,989,1034
647040,988,1036
647041,990,1035
647042,994,1036
647043,995,1040
647044,1001,1037
647045,1000,1035
647046,995,1033
647047,995,1032
647048,996,1029
647049,998,1028
647050,1000,1029
647051,998,1025
647052,994,1024
647053,993,1020
647054,992,1022
647055,999,1022
647056,1004,1019
647057,1013,1014
647058,1024,1009
647059,1033,1007
647060,1057,1004
647061,1080,1004
647062,1111,995
647063,1140,984
647064,1172,967
647065,1200,953
647066,1235,952
647067,1267,952
647068,1296,958
647069,1304,970
647070,1288,985
647071,1254,996
647072,1206,1007
647073,1154,1018
647074,1104,1029
647075,1053,1040
647076,1005,1047
647077,976,1056
647078,967,1060
647079,979,1061
647080,993,1055
647081,998,1044
647082,998,1035
647083,990,1032
647084,987,1034
647085,984,1037
647086,986,1036
647087,984,1034
647088,981,1033
647089,978,1034
647090,975,1035
647091,975,1042
647092,976,1044
647093,977,1040
647094,977,1040
647095,974,1038
647096,974,1039
647097,974,1040
647098,976,1039
647099,975,1033
647100,973,1028
647101,971,1026
647102,971,1027
647103,971,1031
647104,974,1031
647105,972,1027
647106,969,1025
647107,965,1026
647108,963,1029
647109,967,1028
647110,971,1029
647111,970,1029
647112,965,1026
647113,961,1029
647114,964,1029
647115,966,1033
647116,969,1032
647117,966,1029
647118,964,1028
647119,962,1025
647120,960,1030
647121,963,1033
647122,966,1035
647123,966,1033
647124,966,1031
647125,963,1030
647126,965,1032
647127,966,1036
647128,971,1037
647129,973,1033
647130,966,1030
647131,966,1032
647132,970,1032
647133,973,1035
647134,979,1033
647135,979,1031
647136,975,1030
647137,973,1029
647138,973,1031
647139,979,1031
647140,984,1035
647141,985,1032
647142,984,1029
647143,981,1028
647144,982,1030
647145,987,1033
647146,992,1032
647147,991,1028
647148,987,1023
647149,985,1021
647150,989,1020
647151,992,1017
647152,997,1013
647153,997,1011
647154,992,1008
647155,991,1007
647156,992,1008
647157,998,1007
647158,999,1007
647159,998,1003
647160,995,1001
647161,993,1000
647162,996,1003
647163,1000,1003
647164,1001,1005
647165,1001,1002
647166,1000,1001
647167,998,998
647168,996,1001
647169,1000,1005
647170,1006,1003
647171,1002,1001
647172,1001,998
647173,1003,998
647174,1004,999
647175,1010,1004
647176,1014,1005
647177,1017,1002
647178,1015,1002
647179,1014,1003
647180,1017,1006
647181,1019,1005
647182,1021,1009
647183,1021,1007
647184,1018,1009
647185,1012,1008
647186,1014,1013
647187,1017,1015
647188,1017,1014
647189,1016,1016
647190,1015,1016
647191,1004,1020
647192,1006,1025
647193,1007,1027
647194,1010,1032
647195,1010,1032
647196,1004,1033
647197,1001,1032
647198,1000,1033
647199,1001,1037
647200,1003,1034
647201,1000,1032
647202,994,1026
647203,990,1024
647204,990,1025
647205,990,1027
647206,992,1028
647207,991,1026
647208,985,1023
647209,984,1020
647210,985,1025
647211,983,1027
647212,986,1028
647213,984,1024
647214,985,1024
647215,984,1022
647216,988,1025
647217,987,1025
647218,989,1026
647219,987,1025
647220,988,1024
647221,985,1024
647222,986,1026
647223,990,1028
647224,991,1028
647225,991,1025
647226,989,1022
647227,986,1022
647228,987,1023
647229,990,1025
647230,989,1025
647231,991,1023
647232,987,1021
647233,984,1025
647234,986,1027
647235,988,1031
647236,993,1032
647237,990,1030
647238,990,1029
647239,986,1029
647240,982,1033
647241,986,1036
647242,988,1036
647243,988,1034
647244,986,1032
647245,983,1033
647246,986,1033
647247,989,1037
647248,990,1036
647249,988,1035
647250,989,1030
647251,984,1030
647252,987,1030
647253,991,1031
647254,993,1031
647255,991,1025
647256,987,1023
647257,984,1021
647258,985,1027
647259,990,1026
647260,990,1025
647261,985,1022
647262,984,1019
647263,983,1018
647264,984,1020
647265,985,1023
647266,988,1023
647267,984,1022
647268,983,1021
647269,982,1020
647270,982,1020
647271,983,1025
647272,985,1025
647273,984,1024
647274,979,1024
647275,977,1023
647276,979,1025
647277,979,1026
647278,982,1027
647279,982,1026
647280,981,1024
647281,979,1024
647282,979,1028
647283,982,1031
647284,980,1030
647285,980,1029
647286,978,1026
647287,977,1027
647288,977,1030
647289,978,1035
647290,984,1036
647291,981,1034
647292,979,1031
647293,975,1033
647294,977,1036
647295,981,1039
647296,985,1040
647297,984,1039
647298,981,1037
647299,976,1038
647300,979,1039
647301,980,1037
647302,983,1038
647303,983,1038
647304,983,1033
647305,981,1029
647306,981,1026
647307,983,1026
647308,986,1023
647309,989,1017
647310,994,1013
647311,1004,1007
647312,1016,1005
647313,1036,1004
647314,1060,998
647315,1094,986
647316,1128,973
647317,1164,962
647318,1205,956
647319,1246,960
647320,1283,971
647321,1303,984
647322,1297,999
647323,1261,1009
647324,1210,1012
647325,1151,1020
647326,1092,1032
647327,1025,1050
647328,969,1064
647329,936,1074
647330,938,1083
647331,952,1078
647332,967,1065
647333,975,1051
647334,978,1039
647335,975,1033
647336,975,1032
647337,972,1035
647338,972,1033
647339,969,1034
647340,965,1034
647341,958,1036
647342,961,1035
647343,964,1036
647344,967,1037
647345,966,1037
647346,962,1036
647347,962,1035
647348,961,1039
647349,965,1040
647350,968,1041
647351,967,1040
647352,963,1039
647353,962,1036
647354,964,1040
647355,965,1039
647356,971,1036
647357,971,1031
647358,965,1025
647359,961,1027
647360,964,1025
647361,965,1028
647362,966,1027
647363,961,1024
647364,961,1021
647365,959,1023
647366,959,1025
647367,962,1026
647368,963,1027
647369,965,1024
647370,960,1022
647371,959,1023
647372,959,1024
647373,962,1025
647374,958,1023
647375,960,1024
647376,960,1020
647377,956,1021
647378,960,1022
647379,961,1025
647380,963,1023
647381,967,1022
647382,964,1019
647383,961,1017
647384,964,1020
647385,967,1019
647386,971,1018
647387,971,1017
647388,963,1013
647389,962,1013
647390,962,1015
647391,968,1017
647392,972,1016
647393,973,1016
647394,972,1011
647395,974,1011
647396,976,1013
647397,980,1014
647398,984,1011
647399,982,1008
647400,981,1005
647401,979,1006
647402,983,1008
647403,987,1009
647404,989,1009
647405,990,1003
647406,986,1000
647407,987,996
647408,991,994
647409,990,992
647410,993,990
647411,998,984
647412,992,980
647413,991,979
647414,994,982
647415,995,982
647416,999,983
647417,994,979
647418,994,977
647419,994,975
647420,995,977
647421,1003,980
647422,1004,981
647423,1003,979
647424,1001,976
647425,1001,979
647426,999,982
647427,1002,983
647428,1002,986
647429,1002,986
647430,999,986
647431,995,988
647432,998,993
647433,998,996
647434,1000,1000
647435,999,1002
647436,997,1002
647437,990,1006
647438,990,1013
647439,991,1016
647440,994,1018
647441,993,1021
647442,990,1018
647443,987,1023
647444,987,1026
647445,988,1031
647446,992,1034
647447,989,1033
647448,989,1032
647449,986,1032
647450,986,1037
647451,984,1039
647452,986,1041
647453,989,1041
647454,984,1038
647455,981,1039
647456,985,1040
647457,988,1040
647458,987,1040
647459,985,1037
647460,984,1031
647461,982,1029
647462,985,1032
647463,987,1035
647464,987,1030
647465,982,1030
647466,980,1026
647467,980,1024
647468,982,1025
647469,986,1030
647470,984,1028
647471,981,1026
647472,979,1025
647473,975,1024
647474,978,1025
647475,982,1029
647476,983,1027
647477,982,1027
647478,980,1022
647479,979,1023
647480,977,1025
647481,981,1028
647482,983,1026
647483,982,1024
647484,979,1023
647485,979,1022
647486,979,1027
647487,980,1028
647488,978,1030
647489,981,1029
647490,978,1029
647491,975,1027
647492,978,1031
647493,979,1033
647494,982,1034
647495,981,1034
647496,978,1031
647497,977,1033
647498,980,1035
647499,982,1042
647500,982,1039
647501,984,1036
647502,980,1037
647503,979,1038
647504,979,1043
647505,980,1042
647506,982,1039
647507,983,1037
647508,981,1033
647509,979,1030
647510,981,1031
647511,983,1031
647512,986,1030
647513,981,1028
647514,979,1027
647515,977,1025
647516,980,1029
647517,980,1028
647518,981,1027
647519,979,1027
647520,978,1024
647521,978,1024
647522,979,1027
647523,981,1032
647524,982,1031
647525,981,1029
647526,975,1027
647527,974,1027
647528,975,1029
647529,978,1032
647530,980,1030
647531,977,1030
647532,976,1029
647533,974,1028
647534,975,1030
647535,979,1034
647536,981,1034
647537,981,1034
647538,978,1031
647539,977,1032
647540,975,1036
647541,978,1040
647542,981,1042
647543,980,1037
647544,975,1035
647545,970,1036
647546,976,1040
647547,981,1041
647548,981,1043
647549,982,1042
647550,978,1039
647551,976,1041
647552,975,1041
647553,976,1046
647554,980,1046
647555,979,1043
647556,980,1041
647557,982,1039
647558,986,1039
647559,989,1040
647560,991,1036
647561,987,1031
647562,986,1027
647563,984,1026
647564,986,1029
647565,987,1032
647566,987,1031
647567,989,1030
647568,986,1029
647569,985,1026
647570,983,1028
647571,986,1029
647572,986,1027
647573,988,1021
647574,995,1016
647575,1001,1015
647576,1009,1013
647577,1026,1009
647578,1055,1004
647579,1082,992
647580,1115,976
647581,1153,964
647582,1196,960
647583,1245,962
647584,1283,975
647585,1305,995
647586,1291,1012
647587,1250,1022
647588,1193,1024
647589,1130,1038
647590,1066,1057
647591,1003,1073
647592,957,1091
647593,944,1098
647594,954,1101
647595,969,1094
647596,982,1080
647597,989,1065
647598,990,1053
647599,986,1047
647600,983,1044
647601,981,1045
647602,980,1044
647603,978,1044
647604,974,1039
647605,968,1041
647606,971,1043
647607,971,1044
647608,972,1042
647609,971,1036
647610,966,1030
647611,960,1028
647612,963,1031
647613,969,1032
647614,969,1033
647615,967,1031
647616,964,1026
647617,963,1028
647618,964,1030
647619,967,1034
647620,969,1034
647621,967,1030
647622,963,1028
647623,959,1029
647624,959,1030
647625,962,1033
647626,967,1033
647627,965,1032
647628,964,1030
647629,960,1031
647630,959,1029
647631,965,1035
647632,970,1032
647633,968,1030
647634,967,1029
647635,966,1028
647636,964,1032
647637,967,1035
647638,973,1033
647639,973,1033
647640,970,1029
647641,969,1029
647642,970,1031
647643,973,1034
647644,976,1032
647645,973,1031
647646,973,1027
647647,972,1031
647648,974,1031
647649,975,1033
647650,978,1031
647651,980,1030
647652,979,1026
647653,977,1027
647654,977,1027
647655,980,1028
647656,986,1028
647657,984,1023
647658,982,1017
647659,978,1017
647660,978,1014
647661,982,1014
647662,984,1008
647663,985,1006
647664,981,1002
647665,985,1002
647666,984,1001
647667,985,1004
647668,987,1001
647669,984,995
647670,984,995
647671,986,995
647672,986,998
647673,988,1000
647674,994,1001
647675,993,999
647676,991,994
647677,987,993
647678,995,996
647679,999,998
647680,1004,994
647681,1006,995
647682,1003,993
647683,1006,992
647684,1005,994
647685,1010,995
647686,1016,997
647687,1015,997
647688,1011,997
647689,1011,999
647690,1014,1004
647691,1014,1007
647692,1018,1009
647693,1015,1008
647694,1015,1010
647695,1010,1012
647696,1011,1017
647697,1010,1022
647698,1010,1024
647699,1005,1023
647700,999,1025
647701,996,1027
647702,998,1030
647703,999,1034
647704,1000,1033
647705,996,1032
647706,991,1029
647707,987,1027
647708,985,1028
647709,987,1035
647710,988,1032
647711,985,1030
647712,983,1027
647713,981,1028
647714,978,1033
647715,981,1034
647716,981,1035
647717,982,1033
647718,977,1028
647719,975,1029
647720,977,1031
647721,979,1032
647722,980,1035
647723,978,1032
647724,977,1030
647725,977,1030
647726,978,1033
647727,980,1034
647728,982,1034
647729,985,1030
647730,984,1029
647731,982,1030
647732,983,1031
647733,985,1036
647734,993,1035
647735,988,1032
647736,987,1030
647737,986,1031
647738,986,1036
647739,990,1039
647740,994,1037
647741,991,1037
647742,987,1035
647743,987,1034
647744,988,1038
647745,990,1040
647746,991,1042
647747,987,1039
647748,986,1038
647749,987,1039
647750,988,1041
647751,989,1041
647752,993,1042
647753,992,1039
647754,990,1034
647755,983,1035
647756,981,1031
647757,985,1033
647758,982,1031
647759,982,1030
647760,982,1027
647761,977,1025
647762,977,1030
647763,978,1032
647764,979,1033
647765,977,1033
647766,974,1030
647767,972,1031
647768,972,1032
647769,973,1034
647770,971,1034
647771,970,1034
647772,967,1032
647773,965,1033
647774,971,1036
647775,974,1040
647776,977,1037
647777,975,1037
647778,975,1034
647779,973,1033
647780,975,1037
647781,975,1039
647782,979,1039
647783,979,1038
647784,977,1036
647785,976,1036
647786,975,1041
647787,977,1042
647788,975,1042
647789,976,1043
647790,974,1039
647791,975,1039
647792,975,1043
647793,977,1043
647794,982,1045
647795,979,1043
647796,976,1041
647797,972,1042
647798,974,1044
647799,976,1048
647800,978,1050
647801,974,1048
647802,970,1045
647803,972,1044
647804,971,1047
647805,974,1048
647806,978,1043
647807,977,1037
647808,975,1032
647809,973,1030
647810,976,1033
647811,978,1037
647812,979,1033
647813,974,1032
647814,973,1029
647815,970,1032
647816,971,1035
647817,976,1035
647818,978,1036
647819,978,1035
647820,976,1034
647821,972,1035
647822,973,1041
647823,979,1039
647824,979,1039
647825,976,1036
647826,976,1035
647827,976,1035
647828,975,1036
647829,976,1040
647830,980,1039
647831,976,1035
647832,975,1033
647833,973,1037
647834,974,1038
647835,976,1042
647836,978,1043
647837,982,1041
647838,981,1040
647839,975,1040
647840,977,1040
647841,980,1046
647842,983,1045
647843,982,1046
647844,980,1044
647845,978,1044
647846,982,1046
647847,984,1048
647848,986,1050
647849,983,1048
647850,977,1048
647851,977,1046
647852,979,1051
647853,981,1053
647854,984,1051
647855,982,1046
647856,977,1043
647857,975,1042
647858,975,1041
647859,978,1043
647860,981,1037
647861,978,1038
647862,975,1033
647863,971,1031
647864,975,1033
647865,975,1033
647866,979,1037
647867,975,1034
647868,973,1036
647869,970,1036
647870,971,1036
647871,973,1041
647872,976,1039
647873,975,1037
647874,973,1035
647875,974,1034
647876,974,1040
647877,974,1040
647878,977,1043
647879,977,1037
647880,975,1034
647881,972,1035
647882,975,1039
647883,978,1041
647884,981,1042
647885,980,1039
647886,976,1035
647887,975,1039
647888,972,1039
647889,976,1042
647890,978,1043
647891,975,1040
647892,974,1037
647893,973,1039
647894,976,1044
647895,977,1046
647896,980,1047
647897,980,1043
647898,975,1040
647899,972,1044
647900,976,1048
647901,979,1051
647902,982,1051
647903,978,1046
647904,978,1044
647905,976,1041
647906,979,1043
647907,984,1044
647908,988,1041
647909,983,1038
647910,979,1035
647911,981,1034
647912,982,1034
647913,983,1035
647914,986,1038
647915,984,1036
647916,977,1031
647917,979,1035
647918,976,1039
647919,983,1039
647920,983,1038
647921,981,1036
647922,979,1034
647923,979,1032
647924,978,1036
647925,982,1039
647926,981,1039
647927,981,1037
647928,977,1035
647929,978,1035
647930,980,1036
647931,982,1040
647932,984,1040
647933,978,1037
647934,976,1034
647935,974,1036
647936,974,1040
647937,977,1042
647938,976,1041
647939,977,1038
647940,970,1038
647941,970,1039
647942,976,1041
647943,978,1042
647944,977,1045
647945,978,1046
647946,978,1043
647947,978,1042
647948,978,1046
647949,981,1048
647950,985,1048
647951,987,1047
647952,983,1045
647953,981,1041
647954,984,1038
647955,993,1039
647956,1001,1031
647957,1009,1024
647958,1022,1016
647959,1040,1014
647960,1062,1010
647961,1096,1005
647962,1133,992
647963,1167,974
647964,1206,962
647965,1243,958
647966,1285,961
647967,1319,972
647968,1326,985
647969,1298,1000
647970,1241,1007
647971,1171,1017
647972,1106,1029
647973,1049,1044
647974,1005,1051
647975,974,1055
647976,964,1058
647977,970,1056
647978,987,1054
647979,1002,1049
647980,1004,1038
647981,995,1036
647982,987,1035
647983,981,1037
647984,977,1038
647985,973,1043
647986,976,1040
647987,972,1039
647988,967,1039
647989,965,1039
647990,964,1040
647991,965,1043
647992,966,1042
647993,962,1044
647994,960,1042
647995,955,1042
647996,955,1045
647997,956,1050
647998,958,1052
647999,956,1051
648000,954,1050
648001,955,1052
648002,954,1052
648003,959,1052
648004,961,1052
648005,958,1048
648006,956,1043
648007,955,1042
648008,956,1043
648009,960,1044
648010,962,1046
648011,960,1044
648012,956,1039
648013,953,1038
648014,956,1039
648015,958,1042
648016,964,1042
648017,966,1039
648018,964,1033
648019,961,1036
648020,961,1038
648021,965,1042
648022,968,1038
648023,966,1035
648024,965,1033
648025,962,1034
648026,966,1036
648027,968,1038
648028,970,1038
648029,970,1035
648030,968,1031
648031,967,1033
648032,969,1035
648033,970,1036
648034,972,1037
648035,972,1035
648036,969,1032
648037,969,1031
648038,970,1033
648039,974,1034
648040,976,1034
648041,978,1032
648042,977,1030
648043,975,1028
648044,977,1031
648045,983,1034
648046,985,1035
648047,981,1029
648048,984,1029
648049,979,1029
648050,982,1032
648051,984,1035
648052,986,1031
648053,987,1028
648054,986,1024
648055,981,1024
648056,984,1023
648057,987,1023
648058,990,1023
648059,990,1017
648060,988,1014
648061,987,1013
648062,992,1014
648063,996,1015
648064,1001,1016
648065,1002,1010
648066,1000,1007
648067,999,1007
648068,1001,1006
648069,1005,1009
648070,1010,1008
648071,1012,1008
648072,1007,1006
648073,1008,1004
648074,1013,1010
648075,1014,1011
648076,1014,1010
648077,1015,1008
648078,1012,1006
648079,1010,1008
648080,1009,1012
648081,1010,1018
648082,1012,1017
648083,1007,1016
648084,1002,1018
648085,1000,1020
648086,997,1025
648087,995,1032
648088,995,1031
648089,991,1029
648090,991,1030
648091,987,1031
648092,985,1038
648093,983,1043
648094,984,1042
648095,985,1042
648096,980,1041
648097,976,1045
648098,976,1046
648099,977,1052
648100,983,1050
648101,979,1049
648102,979,1046
648103,974,1046
648104,979,1045
648105,981,1045
648106,981,1041
648107,978,1040
648108,980,1039
648109,974,1036
648110,974,1038
648111,976,1041
648112,981,1039
648113,978,1037
648114,971,1031
648115,972,1033
648116,972,1032
648117,977,1034
648118,979,1033
648119,980,1029
648120,976,1029
648121,974,1028
648122,978,1030
648123,980,1033
648124,979,1032
648125,976,1028
648126,975,1025
648127,972,1025
648128,975,1029
648129,980,1031
648130,984,1030
648131,982,1027
648132,979,1026
648133,976,1026
648134,977,1030
648135,979,1034
648136,981,1030
648137,975,1030
648138,971,1030
648139,970,1031
648140,972,1035
648141,974,1039
648142,974,1039
648143,976,1039
648144,972,1038
648145,970,1039
648146,970,1044
648147,974,1050
648148,976,1047
648149,974,1045
648150,973,1046
648151,972,1048
648152,973,1045
648153,972,1046
648154,975,1043
648155,974,1036
648156,974,1034
648157,971,1034
648158,969,1037
648159,974,1041
648160,979,1040
648161,977,1037
648162,975,1035
648163,971,1034
648164,970,1036
648165,973,1040
648166,978,1038
648167,977,1036
648168,974,1035
648169,970,1034
648170,974,1036
648171,974,1039
648172,974,1037
648173,973,1034
648174,970,1034
648175,969,1034
648176,973,1035
648177,971,1036
648178,975,1037
648179,973,1034
648180,969,1032
648181,967,1034
648182,969,1037
648183,971,1036
648184,970,1037
648185,968,1034
648186,964,1033
648187,965,1034
648188,967,1039
648189,967,1041
648190,971,1043
648191,967,1041
648192,964,1041
648193,962,1043
648194,963,1046
648195,966,1051
648196,968,1050
648197,967,1050
648198,964,1046
648199,959,1048
648200,962,1049
648201,966,1052
648202,966,1049
648203,967,1046
648204,963,1040
648205,963,1039
648206,966,1042
648207,965,1043
648208,968,1039
648209,967,1040
648210,967,1038
648211,965,1037
648212,964,1039
648213,968,1040
648214,968,1038
648215,969,1038
648216,966,1035
648217,965,1034
648218,967,1036
648219,966,1041
648220,968,1038
648221,968,1037
648222,962,1034
648223,959,1033
648224,963,1037
648225,968,1039
648226,971,1039
648227,968,1035
648228,965,1035
648229,964,1034
648230,963,1037
648231,962,1039
648232,967,1036
648233,968,1034
648234,967,1032
648235,965,1036
648236,966,1035
648237,967,1041
648238,968,1040
648239,964,1038
648240,960,1038
648241,961,1039
648242,965,1043
648243,967,1046
648244,970,1046
648245,966,1043
648246,961,1041
648247,963,1044
648248,963,1047
648249,967,1051
648250,973,1050
648251,972,1048
648252,970,1043
648253,963,1042
648254,970,1045
648255,975,1044
648256,978,1040
648257,973,1039
648258,968,1034
648259,966,1034
648260,968,1036
648261,971,1039
648262,973,1037
648263,971,1034
648264,973,1033
648265,972,1031
648266,978,1034
648267,977,1037
648268,978,1034
648269,974,1033
648270,972,1029
648271,973,1029
648272,972,1032
648273,972,1033
648274,975,1031
648275,971,1030
648276,969,1025
648277,969,1027
648278,976,1025
648279,984,1027
648280,990,1021
648281,1000,1016
648282,1014,1010
648283,1038,1009
648284,1063,1002
648285,1100,995
648286,1141,980
648287,1180,966
648288,1221,962
648289,1260,967
648290,1292,979
648291,1296,1001
648292,1266,1017
648293,1207,1025
648294,1137,1030
648295,1072,1046
648296,1007,1066
648297,958,1081
648298,939,1088
648299,942,1088
648300,956,1079
648301,969,1068
648302,977,1058
648303,978,1053
648304,976,1042
648305,970,1041
648306,964,1037
648307,961,1036
648308,959,1039
648309,959,1038
648310,957,1037
648311,954,1033
648312,953,1032
648313,949,1032
648314,951,1036
648315,955,1036
648316,956,1034
648317,950,1033
648318,949,1031
648319,946,1031
648320,949,1033
648321,949,1035
648322,952,1032
648323,946,1032
648324,948,1029
648325,947,1034
648326,950,1033
648327,950,1033
648328,950,1031
648329,949,1031
648330,946,1029
648331,944,1028
648332,949,1034
648333,950,1038
648334,954,1038
648335,949,1038
648336,946,1038
648337,947,1036
648338,948,1038
648339,952,1044
648340,954,1043
648341,954,1044
648342,949,1040
648343,951,1040
648344,951,1048
648345,953,1047
648346,958,1048
648347,956,1048
648348,955,1042
648349,957,1043
648350,956,1044
648351,958,1041
648352,961,1038
648353,961,1032
648354,959,1027
648355,956,1026
648356,957,1029
648357,960,1028
648358,964,1025
648359,966,1020
648360,963,1019
648361,964,1021
648362,964,1020
648363,967,1020
648364,973,1018
648365,968,1013
648366,968,1008
648367,968,1009
648368,967,1011
648369,974,1010
648370,976,1008
648371,974,1004
648372,975,1003
648373,973,1001
648374,974,1001
648375,980,1004
648376,986,1002
648377,988,1000
648378,985,998
648379,982,998
648380,986,1000
648381,988,1001
648382,989,1000
648383,986,1000
648384,987,996
648385,986,995
648386,987,1001
648387,993,1005
648388,999,1004
648389,997,1004
648390,995,1004
648391,992,1006
648392,994,1011
648393,995,1015
648394,1000,1015
648395,1000,1016
648396,997,1014
648397,993,1016
648398,992,1019
648399,996,1022
648400,992,1023
648401,988,1016
648402,985,1016
648403,983,1019
648404,980,1020
648405,982,1026
648406,982,1026
648407,978,1023
648408,975,1022
648409,970,1024
648410,970,1024
648411,971,1028
648412,971,1026
648413,972,1025
648414,968,1025
648415,963,1026
648416,964,1028
648417,963,1032
648418,966,1030
648419,965,1030
648420,963,1026
648421,960,1024
648422,964,1031
648423,966,1031
648424,967,1027
648425,967,1027
648426,966,1026
648427,964,1027
648428,966,1027
648429,968,1030
648430,969,1032
648431,970,1027
648432,967,1027
648433,965,1029
648434,967,1032
648435,969,1034
648436,969,1035
648437,969,1033
648438,967,1032
648439,964,1032
648440,966,1037
648441,971,1041
648442,970,1039
648443,971,1038
648444,969,1036
648445,964,1036
648446,966,1036
648447,969,1036
648448,969,1032
648449,969,1028
648450,969,1028
648451,966,1027
648452,964,1027
648453,969,1032
648454,973,1031
648455,970,1029
648456,968,1025
648457,964,1024
648458,965,1029
648459,969,1028
648460,970,1027
648461,969,1027
648462,968,1023
648463,965,1025
648464,967,1026
648465,968,1030
648466,970,1029
648467,968,1027
648468,962,1025
648469,959,1026
648470,963,1028
648471,965,1033
648472,968,1032
648473,964,1029
648474,964,1027
648475,961,1029
648476,961,1029
648477,961,1033
648478,965,1034
648479,964,1030
648480,962,1030
648481,960,1030
648482,958,1033
648483,961,1037
648484,960,1039
648485,960,1037
648486,956,1036
648487,953,1038
648488,958,1041
648489,960,1043
648490,961,1041
648491,962,1037
648492,959,1035
648493,958,1036
648494,955,1035
648495,962,1037
648496,960,1037
648497,957,1034
648498,956,1031
648499,955,1030
648500,959,1034
648501,964,1034
648502,963,1033
648503,960,1031
648504,959,1028
648505,958,1029
648506,962,1029
648507,964,1031
648508,965,1032
648509,965,1030
648510,961,1027
648511,959,1025
648512,960,1028
648513,962,1030
648514,962,1030
648515,960,1024
648516,958,1024
648517,955,1023
648518,962,1027
648519,964,1028
648520,964,1028
648521,963,1025
648522,961,1023
648523,958,1023
648524,960,1025
648525,964,1023
648526,972,1020
648527,982,1014
648528,993,1009
648529,1005,1005
648530,1032,1004
648531,1065,1000
648532,1104,986
648533,1141,970
648534,1177,960
648535,1216,963
648536,1255,977
648537,1276,998
648538,1261,1020
648539,1215,1022
648540,1145,1023
648541,1077,1034
648542,1009,1052
648543,956,1076
648544,928,1089
648545,927,1090
648546,937,1080
648547,950,1068
648548,958,1055
648549,963,1045
648550,967,1035
648551,964,1029
648552,960,1029
648553,949,1032
648554,952,1033
648555,954,1035
648556,956,1031
648557,952,1029
648558,950,1026
648559,944,1030
648560,946,1031
648561,948,1031
648562,952,1031
648563,948,1029
648564,943,1026
648565,942,1024
648566,945,1027
648567,952,1031
648568,950,1031
648569,947,1027
648570,943,1024
648571,942,1026
648572,943,1028
648573,946,1031
648574,944,1027
648575,941,1029
648576,943,1028
648577,940,1029
648578,939,1035
648579,944,1039
648580,944,1035
648581,940,1038
648582,941,1035
648583,941,1039
648584,942,1039
648585,943,1042
648586,945,1043
648587,942,1039
648588,940,1036
648589,940,1034
648590,938,1032
648591,942,1032
648592,942,1032
648593,942,1027
648594,942,1023
648595,941,1021
648596,940,1021
648597,942,1024
648598,942,1021
648599,947,1017
648600,945,1012
648601,947,1013
648602,946,1017
648603,952,1013
648604,953,1013
648605,952,1009
648606,947,1007
648607,949,1006
648608,952,1006
648609,954,1008
648610,957,1003
648611,958,998
648612,958,995
648613,959,997
648614,964,996
648615,970,996
648616,973,994
648617,970,991
648618,966,988
648619,964,988
648620,967,992
648621,973,991
648622,975,991
648623,975,987
648624,972,984
648625,974,985
648626,974,987
648627,977,990
648628,978,989
648629,980,985
648630,977,986
648631,981,987
648632,984,991
648633,985,994
648634,987,994
648635,988,990
648636,984,989
648637,985,992
648638,986,992
648639,987,994
648640,988,994
648641,989,992
648642,982,989
648643,981,992
648644,983,998
648645,983,1003
648646,982,1004
648647,980,1002
648648,974,1003
648649,973,1004
648650,970,1011
648651,968,1016
648652,966,1017
648653,966,1016
648654,966,1013
648655,965,1016
648656,961,1020
648657,964,1024
648658,965,1026
648659,959,1024
648660,956,1024
648661,956,1024
648662,960,1026
648663,962,1030
648664,961,1029
648665,959,1028
648666,956,1027
648667,956,1028
648668,959,1028
648669,963,1033
648670,965,1032
648671,962,1029
648672,960,1028
648673,957,1028
648674,959,1029
648675,957,1035
648676,959,1034
648677,960,1033
648678,957,1030
648679,958,1033
648680,959,1035
648681,962,1042
648682,963,1038
648683,960,1035
648684,960,1035
648685,957,1035
648686,961,1035
648687,962,1036
648688,966,1035
648689,963,1028
648690,958,1025
648691,957,1025
648692,958,1028
648693,961,1027
648694,960,1027
648695,962,1023
648696,957,1021
648697,955,1019
648698,956,1021
648699,957,1025
648700,956,1023
648701,955,1023
648702,956,1020
648703,951,1022
648704,956,1021
648705,961,1023
648706,961,1022
648707,961,1022
648708,956,1019
648709,955,1020
648710,958,1023
648711,961,1029
648712,960,1026
648713,957,1021
648714,955,1021
648715,953,1022
648716,954,1026
648717,957,1029
648718,960,1027
648719,955,1026
648720,950,1024
648721,950,1026
648722,954,1029
648723,952,1032
648724,955,1033
648725,953,1032
648726,951,1031
648727,948,1033
648728,951,1035
648729,954,1037
648730,953,1037
648731,954,1035
648732,952,1036
648733,949,1035
648734,951,1037
648735,958,1038
648736,961,1035
648737,959,1031
648738,956,1024
648739,956,1027
648740,960,1027
648741,962,1030
648742,963,1028
648743,962,1026
648744,958,1024
648745,955,1025
648746,956,1026
648747,956,1031
648748,961,1027
648749,961,1021
648750,958,1015
648751,958,1014
648752,970,1014
648753,982,1013
648754,993,1009
648755,1005,1003
648756,1020,1001
648757,1043,992
648758,1080,988
648759,1127,977
648760,1171,967
648761,1213,962
648762,1250,970
648763,1278,987
648764,1286,1007
648765,1265,1023
648766,1218,1024
648767,1152,1024
648768,1081,1034
648769,1010,1052
648770,950,1078
648771,915,1097
648772,916,1103
648773,934,1092
648774,948,1078
648775,954,1063
648776,958,1054
648777,963,1050
648778,962,1042
648779,954,1038
648780,949,1036
648781,946,1039
648782,944,1042
648783,946,1044
648784,947,1042
648785,948,1037
648786,944,1035
648787,942,1035
648788,943,1033
648789,943,1036
648790,945,1030
648791,940,1028
648792,935,1024
648793,933,1025
648794,937,1027
648795,940,1029
648796,942,1028
648797,939,1023
648798,938,1026
648799,936,1024
648800,939,1027
648801,943,1028
648802,941,1026
648803,941,1024
648804,939,1022
648805,937,1023
648806,937,1027
648807,940,1027
648808,942,1026
648809,943,1023
648810,939,1021
648811,939,1020
648812,940,1025
648813,941,1028
648814,942,1028
648815,943,1024
648816,940,1020
648817,937,1022
648818,940,1024
648819,944,1027
648820,947,1025
648821,945,1025
648822,944,1024
648823,941,1023
648824,945,1026
648825,949,1027
648826,949,1025
648827,949,1025
648828,947,1026
648829,947,1025
648830,950,1024
648831,954,1027
648832,959,1020
648833,958,1017
648834,955,1010
648835,952,1005
648836,954,1006
648837,958,1004
648838,959,1001
648839,960,998
648840,958,994
648841,961,992
648842,961,994
648843,965,994
648844,965,989
648845,969,989
648846,968,985
648847,966,982
648848,965,984
648849,969,983
648850,968,982
648851,970,980
648852,968,978
648853,970,980
648854,972,982
648855,974,984
648856,979,984
648857,980,984
648858,976,982
648859,978,983
648860,979,986
648861,980,990
648862,983,992
648863,983,989
648864,979,990
648865,979,992
648866,983,998
648867,985,1003
648868,988,1006
648869,989,1007
648870,983,1006
648871,981,1010
648872,981,1016
648873,985,1024
648874,983,1027
648875,982,1030
648876,974,1032
648877,973,1035
648878,972,1041
648879,977,1042
648880,976,1042
648881,970,1039
648882,969,1037
648883,965,1032
648884,966,1034
648885,965,1036
648886,966,1035
648887,965,1033
648888,962,1033
648889,959,1032
648890,960,1036
648891,961,1036
648892,963,1035
648893,963,1031
648894,960,1031
648895,958,1028
648896,960,1030
648897,965,1032
648898,965,1030
648899,965,1028
648900,960,1026
648901,961,1028
648902,964,1031
648903,971,1031
648904,973,1030
648905,970,1029
648906,966,1027
648907,964,1028
648908,968,1035
648909,970,1038
648910,971,1037
648911,971,1035
648912,968,1032
648913,966,1034
648914,965,1036
648915,969,1036
648916,971,1035
648917,969,1032
648918,965,1031
648919,965,1030
648920,967,1036
648921,969,1038
648922,969,1041
648923,968,1036
648924,966,1039
648925,967,1040
648926,967,1043
648927,972,1046
648928,972,1043
648929,971,1040
648930,966,1038
648931,964,1035
648932,963,1032
648933,963,1034
648934,966,1032
648935,968,1026
648936,965,1025
648937,963,1030
648938,966,1031
648939,964,1033
648940,967,1033
648941,964,1032
648942,959,1025
648943,960,1030
648944,961,1031
648945,962,1036
648946,962,1033
648947,959,1030
648948,959,1031
648949,956,1032
648950,959,1034
648951,961,1034
648952,962,1033
648953,960,1030
648954,963,1028
648955,960,1030
648956,964,1034
648957,965,1036
648958,968,1035
648959,966,1033
648960,961,1034
648961,961,1034
648962,964,1038
648963,963,1039
648964,967,1037
648965,963,1036
648966,961,1037
648967,960,1037
648968,961,1041
648969,964,1041
648970,966,1036
648971,971,1032
648972,976,1026
648973,983,1027
648974,1001,1028
648975,1022,1028
648976,1047,1022
648977,1079,1016
648978,1115,1003
648979,1158,993
648980,1203,988
648981,1244,988
648982,1283,991
648983,1302,999
648984,1295,1012
648985,1261,1024
648986,1202,1026
648987,1135,1033
648988,1063,1048
648989,990,1062
648990,941,1071
648991,922,1078
648992,934,1079
648993,950,1071
648994,964,1060
648995,969,1048
648996,969,1039
648997,964,1034
648998,959,1037
648999,957,1040
649000,957,1037
649001,953,1036
649002,948,1035
649003,939,1034
649004,945,1035
649005,946,1040
649006,945,1036
649007,948,1035
649008,942,1035
649009,942,1034
649010,941,1039
649011,940,1044
649012,945,1041
649013,943,1040
649014,942,1038
649015,935,1041
649016,941,1041
649017,946,1044
649018,946,1046
649019,944,1045
649020,942,1042
649021,941,1042
649022,946,1044
649023,945,1050
649024,946,1048
649025,942,1047
649026,942,1045
649027,941,1047
649028,942,1050
649029,949,1052
649030,952,1047
649031,948,1042
649032,942,1039
649033,938,1037
649034,942,1040
649035,946,1040
649036,945,1036
649037,944,1034
649038,941,1029
649039,940,1031
649040,943,1032
649041,946,1033
649042,949,1033
649043,945,1030
649044,940,1026
649045,940,1027
649046,944,1027
649047,948,1030
649048,950,1026
649049,952,1023
649050,948,1020
649051,949,1021
649052,950,1022
649053,955,1025
649054,959,1024
649055,956,1023
649056,956,1021
649057,953,1020
649058,957,1018
649059,960,1020
649060,961,1017
649061,962,1016
649062,958,1013
649063,962,1012
649064,961,1013
649065,964,1017
649066,966,1013
649067,969,1010
649068,965,1006
649069,965,1008
649070,967,1010
649071,969,1012
649072,972,1010
649073,971,1007
649074,967,1005
649075,970,1008
649076,971,1008
649077,970,1012
649078,972,1010
649079,974,1007
649080,971,1006
649081,970,1006
649082,973,1010
649083,977,1012
649084,981,1005
649085,981,1005
649086,978,1001
649087,974,1002
649088,979,1003
649089,984,1003
649090,983,1005
649091,983,1003
649092,979,1001
649093,980,1002
649094,979,1008
649095,982,1010
649096,986,1013
649097,980,1012
649098,975,1011
649099,975,1016
649100,977,1021
649101,976,1026
649102,975,1027
649103,971,1028
649104,971,1028
649105,969,1029
649106,970,1036
649107,967,1041
649108,969,1039
649109,972,1038
649110,967,1037
649111,967,1035
649112,968,1040
649113,970,1043
649114,972,1043
649115,968,1042
649116,966,1038
649117,963,1039
649118,965,1044
649119,965,1047
649120,969,1045
649121,967,1044
649122,963,1041
649123,962,1042
649124,963,1044
649125,966,1049
649126,965,1045
649127,966,1045
649128,963,1042
649129,961,1043
649130,964,1044
649131,967,1045
649132,967,1045
649133,964,1043
649134,962,1041
649135,963,1040
649136,963,1041
649137,964,1044
649138,961,1042
649139,961,1038
649140,956,1035
649141,955,1035
649142,958,1034
649143,961,1038
649144,962,1036
649145,962,1035
649146,960,1034
649147,959,1033
649148,961,1036
649149,965,1040
649150,965,1038
649151,963,1035
649152,958,1035
649153,959,1033
649154,960,1035
649155,964,1040
649156,965,1037
649157,961,1035
649158,960,1035
649159,957,1038
649160,956,1037
649161,959,1040
649162,961,1039
649163,963,1034
649164,958,1033
649165,958,1033
649166,960,1034
649167,962,1039
649168,964,1039
649169,960,1037
649170,959,1036
649171,958,1039
649172,959,1040
649173,962,1043
649174,961,1040
649175,959,1040
649176,958,1037
649177,959,1040
649178,962,1041
649179,962,1044
649180,962,1045
649181,962,1043
649182,957,1041
649183,956,1042
649184,959,1044
649185,960,1048
649186,963,1046
649187,958,1042
649188,957,1039
649189,956,1038
649190,958,1041
649191,959,1046
649192,961,1045
649193,957,1041
649194,953,1038
649195,952,1042
649196,952,1046
649197,955,1048
649198,956,1047
649199,959,1045
649200,956,1041
649201,954,1040
649202,958,1041
649203,961,1046
649204,961,1045
649205,961,1043
649206,954,1040
649207,956,1038
649208,959,1042
649209,961,1044
649210,962,1043
649211,961,1043
649212,959,1039
649213,955,1040
649214,955,1043
649215,957,1042
649216,955,1041
649217,957,1041
649218,955,1037
649219,954,1041
649220,959,1039
649221,965,1041
649222,964,1037
649223,961,1035
649224,959,1030
649225,965,1027
649226,979,1026
649227,994,1028
649228,1007,1023
649229,1026,1014
649230,1046,1009
649231,1081,1001
649232,1122,990
649233,1163,982
649234,1209,975
649235,1250,974
649236,1278,980
649237,1288,996
649238,1268,1012
649239,1222,1019
649240,1159,1018
649241,1090,1026
649242,1023,1043
649243,963,1060
649244,931,1074
649245,931,1080
649246,945,1075
649247,956,1064
649248,959,1054
649249,963,1046
649250,965,1041
649251,965,1042
649252,964,1040
649253,957,1036
649254,950,1033
649255,945,1037
649256,946,1038
649257,944,1041
649258,946,1040
649259,943,1036
649260,941,1038
649261,941,1037
649262,944,1039
649263,947,1042
649264,948,1040
649265,944,1038
649266,941,1034
649267,937,1034
649268,940,1038
649269,941,1040
649270,942,1042
649271,939,1039
649272,935,1037
649273,935,1038
649274,936,1041
649275,938,1043
649276,940,1041
649277,938,1038
649278,936,1039
649279,935,1039
649280,936,1041
649281,940,1047
649282,940,1046
649283,938,1043
649284,933,1041
649285,932,1043
649286,935,1045
649287,936,1047
649288,938,1046
649289,936,1040
649290,933,1038
649291,929,1035
649292,935,1034
649293,937,1037
649294,940,1035
649295,940,1034
649296,940,1030
649297,939,1030
649298,939,1033
649299,945,1034
649300,946,1031
649301,945,1027
649302,942,1025
649303,942,1025
649304,942,1026
649305,947,1029
649306,951,1027
649307,949,1024
649308,945,1021
649309,945,1020
649310,947,1022
649311,952,1023
649312,956,1022
649313,957,1018
649314,954,1015
649315,954,1015
649316,956,1016
649317,963,1018
649318,964,1018
649319,963,1015
649320,960,1012
649321,961,1010
649322,963,1013
649323,964,1016
649324,967,1015
649325,965,1013
649326,965,1009
649327,964,1011
649328,965,1013
649329,971,1014
649330,975,1013
649331,974,1011
649332,972,1007
649333,974,1009
649334,975,1011
649335,979,1014
649336,980,1011
649337,981,1008
649338,979,1009
649339,980,1008
649340,984,1010
649341,988,1008
649342,988,1008
649343,984,1004
649344,983,1001
649345,985,1001
649346,985,1003
649347,990,1010
649348,990,1007
649349,989,1005
649350,986,1005
649351,984,1008
649352,985,1013
649353,984,1017
649354,985,1019
649355,982,1016
649356,977,1018
649357,975,1021
649358,976,1025
649359,977,1028
649360,979,1026
649361,973,1025
649362,972,1025
649363,967,1029
649364,969,1031
649365,971,1035
649366,970,1034
649367,968,1030
649368,965,1031
649369,964,1031
649370,964,1033
649371,967,1037
649372,968,1035
649373,962,1033
649374,961,1032
649375,959,1032
649376,962,1034
649377,964,1037
649378,965,1035
649379,964,1030
649380,958,1033
649381,958,1033
649382,960,1037
649383,965,1038
649384,965,1037
649385,964,1037
649386,961,1036
649387,963,1036
649388,966,1044
649389,967,1045
649390,964,1040
649391,965,1037
649392,963,1037
649393,965,1036
649394,966,1037
649395,968,1040
649396,971,1035
649397,969,1032
649398,967,1027
649399,969,1030
649400,969,1030
649401,970,1033
649402,968,1032
649403,966,1028
649404,961,1027
649405,962,1029
649406,964,1031
649407,968,1035
649408,968,1033
649409,965,1034
649410,963,1028
649411,962,1032
649412,965,1034
649413,966,1036
649414,966,1036
649415,960,1034
649416,957,1031
649417,960,1034
649418,961,1035
649419,964,1039
649420,967,1038
649421,963,1034
649422,961,1032
649423,958,1032
649424,957,1035
649425,958,1034
649426,962,1033
649427,961,1030
649428,959,1030
649429,955,1034
649430,958,1036
649431,958,1039
649432,958,1038
649433,958,1037
649434,958,1035
649435,957,1036
649436,956,1038
649437,955,1040
649438,958,1038
649439,955,1035
649440,956,1033
649441,956,1034
649442,958,1036
649443,961,1036
649444,961,1037
649445,959,1034
649446,955,1031
649447,952,1031
649448,957,1034
649449,959,1037
649450,962,1033
649451,961,1028
649452,958,1029
649453,956,1028
649454,958,1030
649455,961,1035
649456,966,1034
649457,963,1033
649458,964,1028
649459,961,1032
649460,963,1034
649461,962,1037
649462,960,1035
649463,959,1035
649464,957,1031
649465,958,1034
649466,959,1037
649467,959,1040
649468,961,1037
649469,960,1035
649470,956,1032
649471,955,1033
649472,955,1036
649473,958,1038
649474,959,1037
649475,956,1034
649476,953,1033
649477,951,1032
649478,954,1034
649479,955,1036
649480,956,1033
649481,955,1034
649482,952,1031
649483,949,1030
649484,948,1032
649485,952,1038
649486,955,1037
649487,952,1032
649488,951,1034
649489,949,1035
649490,953,1038
649491,957,1040
649492,958,1038
649493,957,1035
649494,953,1031
649495,949,1031
649496,953,1033
649497,958,1034
649498,960,1033
649499,957,1031
649500,955,1031
649501,955,1029
649502,957,1034
649503,959,1038
649504,961,1036
649505,961,1033
649506,955,1031
649507,952,1033
649508,961,1035
649509,961,1039
649510,960,1036
649511,956,1031
649512,959,1030
649513,958,1031
649514,961,1030
649515,963,1032
649516,963,1031
649517,963,1023
649518,964,1021
649519,971,1018
649520,982,1018
649521,994,1019
649522,1004,1011
649523,1025,1005
649524,1045,997
649525,1076,987
649526,1114,978
649527,1158,970
649528,1197,964
649529,1231,966
649530,1260,978
649531,1271,998
649532,1251,1018
649533,1212,1026
649534,1159,1027
649535,1100,1036
649536,1036,1050
649537,978,1068
649538,941,1083
649539,931,1093
649540,938,1091
649541,950,1084
649542,958,1071
649543,962,1062
649544,963,1056
649545,962,1052
649546,960,1044
649547,957,1042
649548,951,1032
649549,947,1030
649550,943,1030
649551,943,1031
649552,942,1029
649553,941,1028
649554,936,1025
649555,936,1024
649556,937,1028
649557,942,1029
649558,940,1027
649559,937,1026
649560,937,1022
649561,937,1026
649562,939,1025
649563,940,1029
649564,939,1027
649565,935,1024
649566,931,1023
649567,932,1025
649568,935,1028
649569,939,1031
649570,938,1030
649571,937,1025
649572,931,1024
649573,933,1024
649574,935,1027
649575,938,1031
649576,939,1031
649577,934,1028
649578,930,1026
649579,930,1027
649580,933,1028
649581,938,1031
649582,940,1029
649583,942,1029
649584,935,1024
649585,934,1026
649586,934,1028
649587,941,1032
649588,944,1031
649589,945,1030
649590,945,1027
649591,940,1030
649592,944,1034
649593,944,1035
649594,945,1034
649595,939,1031
649596,936,1027
649597,938,1026
649598,942,1027
649599,946,1026
649600,948,1022
649601,946,1016
649602,945,1010
649603,945,1015
649604,946,1015
649605,945,1014
649606,948,1010
649607,948,1008
649608,948,1004
649609,946,1005
649610,951,1006
649611,955,1005
649612,957,1005
649613,956,1003
649614,951,998
649615,950,1001
649616,953,1000
649617,956,1001
649618,956,997
649619,955,995
649620,955,993
649621,959,995
649622,962,995
649623,965,998
649624,968,997
649625,966,994
649626,962,990
649627,964,992
649628,968,992
649629,974,996
649630,977,995
649631,977,992
649632,976,989
649633,977,993
649634,980,996
649635,983,999
649636,983,1000
649637,981,1000
649638,982,1000
649639,981,1005
649640,983,1009
649641,986,1012
649642,985,1013
649643,981,1014
649644,982,1014
649645,983,1016
649646,986,1018
649647,983,1020
649648,979,1017
649649,973,1015
649650,972,1015
649651,968,1017
649652,973,1020
649653,972,1022
649654,971,1021
649655,970,1021
649656,967,1020
649657,968,1020
649658,965,1025
649659,969,1029
649660,967,1025
649661,963,1023
649662,961,1023
649663,962,1024
649664,961,1026
649665,964,1029
649666,964,1028
649667,964,1022
649668,963,1023
649669,961,1024
649670,964,1028
649671,962,1031
649672,962,1027
649673,962,1024
649674,962,1024
649675,963,1026
649676,961,1024
649677,964,1028
649678,966,1028
649679,964,1025
649680,960,1026
649681,959,1027
649682,961,1028
649683,966,1032
649684,965,1029
649685,963,1028
649686,958,1027
649687,958,1029
649688,959,1033
649689,961,1036
649690,962,1034
649691,960,1034
649692,956,1028
649693,954,1034
649694,957,1038
649695,962,1039
649696,961,1034
649697,960,1031
649698,962,1027
649699,958,1029
649700,957,1029
649701,964,1029
649702,961,1028
649703,964,1026
649704,963,1024
649705,961,1027
649706,959,1029
649707,964,1032
649708,964,1031
649709,965,1028
649710,961,1028
649711,960,1029
649712,961,1032
649713,963,1034
649714,964,1033
649715,961,1032
649716,958,1029
649717,958,1033
649718,962,1034
649719,965,1037
649720,964,1035
649721,963,1034
649722,959,1032
649723,959,1032
649724,961,1035
649725,962,1037
649726,963,1036
649727,961,1033
649728,958,1033
649729,955,1033
649730,957,1038
649731,960,1039
649732,960,1038
649733,959,1036
649734,957,1033
649735,956,1035
649736,956,1038
649737,958,1040
649738,959,1041
649739,958,1039
649740,953,1034
649741,949,1038
649742,953,1043
649743,956,1045
649744,957,1045
649745,955,1043
649746,952,1039
649747,954,1042
649748,960,1043
649749,963,1042
649750,965,1037
649751,964,1033
649752,959,1031
649753,958,1035
649754,961,1038
649755,966,1040
649756,966,1040
649757,965,1038
649758,961,1036
649759,961,1036
649760,962,1039
649761,964,1043
649762,962,1041
649763,957,1040
649764,956,1037
649765,960,1036
649766,963,1040
649767,960,1043
649768,961,1043
649769,962,1040
649770,959,1037
649771,962,1039
649772,963,1040
649773,963,1042
649774,966,1039
649775,965,1039
649776,961,1036
649777,963,1036
649778,960,1043
649779,965,1044
649780,966,1041
649781,967,1037
649782,965,1037
649783,965,1039
649784,966,1041
649785,970,1043
649786,969,1039
649787,969,1040
649788,965,1036
649789,966,1039
649790,967,1044
649791,966,1044
649792,967,1044
649793,967,1042
649794,965,1041
649795,963,1042
649796,964,1042
649797,971,1041
649798,980,1037
649799,987,1031
649800,995,1026
649801,1007,1025
649802,1029,1022
649803,1055,1020
649804,1088,1007
649805,1123,997
649806,1158,983
649807,1197,977
649808,1237,981
649809,1277,992
649810,1305,1005
649811,1307,1023
649812,1280,1032
649813,1229,1036
649814,1172,1042
649815,1110,1054
649816,1044,1067
649817,981,1079
649818,940,1087
649819,926,1094
649820,937,1097
649821,951,1088
649822,963,1077
649823,970,1065
649824,970,1054
649825,971,1052
649826,969,1048
649827,969,1051
649828,969,1049
649829,963,1043
649830,955,1044
649831,955,1043
649832,957,1046
649833,961,1049
649834,961,1045
649835,957,1043
649836,954,1041
649837,955,1041
649838,956,1045
649839,957,1047
649840,956,1046
649841,952,1042
649842,951,1040
649843,952,1042
649844,952,1047
649845,953,1047
649846,954,1048
649847,952,1044
649848,950,1044
649849,950,1046
649850,952,1047
649851,953,1049
649852,953,1045
649853,952,1044
649854,950,1035
649855,950,1036
649856,952,1035
649857,953,1041
649858,956,1039
649859,955,1037
649860,951,1035
649861,948,1037
649862,951,1039
649863,953,1044
649864,952,1041
649865,954,1036
649866,950,1036
649867,947,1037
649868,951,1039
649869,951,1040
649870,953,1041
649871,952,1037
649872,951,1034
649873,952,1035
649874,957,1037
649875,959,1037
649876,961,1038
649877,960,1031
649878,959,1031
649879,958,1029
649880,961,1031
649881,965,1035
649882,965,1033
649883,965,1029
649884,962,1027
649885,960,1025
649886,963,1027
649887,967,1031
649888,965,1024
649889,965,1024
649890,961,1020
649891,961,1019
649892,963,1019
649893,963,1022
649894,965,1019
649895,961,1017
649896,959,1016
649897,963,1015
649898,966,1019
649899,968,1022
649900,970,1019
649901,970,1016
649902,968,1014
649903,967,1012
649904,971,1013
649905,974,1010
649906,974,1008
649907,970,1004
649908,970,1003
649909,971,1004
649910,975,1006
649911,979,1008
649912,983,1007
649913,982,1004
649914,978,1003
649915,980,1006
649916,984,1008
649917,988,1011
649918,990,1011
649919,989,1006
649920,987,1007
649921,986,1009
649922,988,1014
649923,995,1017
649924,994,1018
649925,991,1019
649926,992,1019
649927,993,1019
649928,994,1028
649929,995,1032
649930,996,1031
649931,994,1027
649932,991,1031
649933,986,1033
649934,989,1039
649935,990,1042
649936,989,1042
649937,988,1039
649938,982,1037
649939,977,1040
649940,979,1043
649941,977,1044
649942,984,1043
649943,981,1044
649944,976,1040
649945,975,1045
649946,981,1046
649947,985,1052
649948,985,1050
649949,983,1047
649950,976,1048
649951,980,1050
649952,982,1054
649953,980,1053
649954,981,1050
649955,979,1044
649956,978,1043
649957,975,1042
649958,977,1043
649959,979,1042
649960,977,1046
649961,977,1043
649962,973,1039
649963,974,1041
649964,974,1043
649965,976,1047
649966,977,1044
649967,976,1042
649968,973,1039
649969,973,1040
649970,974,1043
649971,978,1046
649972,981,1044
649973,981,1042
649974,978,1039
649975,979,1042
649976,980,1043
649977,982,1046
649978,983,1046
649979,982,1040
649980,979,1038
649981,980,1039
649982,982,1043
649983,985,1045
649984,984,1041
649985,982,1041
649986,978,1038
649987,978,1041
649988,981,1042
649989,983,1045
649990,982,1040
649991,978,1038
649992,975,1037
649993,976,1038
649994,976,1042
649995,978,1044
649996,978,1043
649997,977,1040
649998,975,1039
649999,1024,1024
